5.998250842094421387e-01,2.993759326636791229e-02,-2.402870506048202515e-01,2.121424078941345215e-01,2.073017805814743042e-01,1.293987315148115158e-02,-3.305080160498619080e-02,5.598846077919006348e-01,3.011865727603435516e-02,2.952796779572963715e-02,-3.808431699872016907e-02,-7.598531991243362427e-02,3.618516623973846436e-01,5.834314227104187012e-01,4.095456004142761230e-01,1.324691474437713623e-01,-1.637822203338146210e-02,2.215257883071899414e-01,1.595610231161117554e-01,4.994296655058860779e-02,-2.608572244644165039e-01,1.504078060388565063e-01,2.804418504238128662e-01,-1.848701238632202148e-01,5.226634442806243896e-03,-1.164074689149856567e-01,-1.668757200241088867e-01,-2.203768491744995117e-01,1.988423522561788559e-03,-3.668062090873718262e-01,-9.614448994398117065e-02,-2.125501036643981934e-01,1.959075331687927246e-01,5.387299880385398865e-02,-1.972499117255210876e-02,-3.371985256671905518e-01,-6.307039409875869751e-03,2.860624901950359344e-02,-2.551218271255493164e-01,-5.321877598762512207e-01,1.565793305635452271e-01,1.183073595166206360e-01,1.070611923933029175e-01,4.572045430541038513e-02,4.982455372810363770e-01,-4.528527855873107910e-01,-2.678560316562652588e-01,-1.057408228516578674e-01,-5.586689338088035583e-02,4.445086419582366943e-02,1.448555737733840942e-01,1.306550484150648117e-02,2.024219930171966553e-01,-2.613417208194732666e-01,2.600232698023319244e-02,-2.845719456672668457e-01,7.492822408676147461e-02,3.887233510613441467e-02,-1.049052327871322632e-01,-9.534377604722976685e-02,-8.507201820611953735e-02,1.139106750488281250e-01,3.745583444833755493e-02,-1.507231295108795166e-01,-9.320434927940368652e-02,1.883745752274990082e-02,1.249816864728927612e-01,3.237761855125427246e-01,-2.505754828453063965e-01,-5.652286484837532043e-02,-3.256754577159881592e-01,-4.350459575653076172e-01,-4.453471675515174866e-02,1.481856703758239746e-01,-1.473253518342971802e-01,-2.502223551273345947e-01,-1.299484726041555405e-02,2.274174541234970093e-01,-4.108223319053649902e-01,-3.338833749294281006e-01,1.577494144439697266e-01,1.151844114065170288e-02,-2.604940235614776611e-01,2.345692738890647888e-02,-2.350996285676956177e-01,1.943507231771945953e-02,1.422265022993087769e-01,1.015823986381292343e-02,3.643447533249855042e-02,-1.275465078651905060e-02,-3.508748114109039307e-02,-1.668572872877120972e-01,-1.785023361444473267e-01,-4.276495426893234253e-03,-1.706962101161479950e-02,-1.258728653192520142e-01,3.705928027629852295e-01,-2.423713682219386101e-03,-2.317096441984176636e-01,3.582166433334350586e-01,3.721950203180313110e-02,9.301625192165374756e-02,-1.598114371299743652e-01,-1.978596113622188568e-02,1.039191856980323792e-01,1.877233237028121948e-01,-4.447884485125541687e-02,-9.496527165174484253e-02,-3.866901621222496033e-02,4.233848303556442261e-03,4.561972022056579590e-01,1.524687372148036957e-02,-9.960179030895233154e-02,-3.608123958110809326e-01,3.161295056343078613e-01,-1.890872269868850708e-01,3.530474305152893066e-01,-1.105454042553901672e-01,-5.552112460136413574e-01,3.618631884455680847e-02,-9.089554846286773682e-02,3.627133965492248535e-01,1.893578022718429565e-01,-3.355347365140914917e-02,3.646285459399223328e-02,-1.704532802104949951e-01,-2.167328260838985443e-02,2.738037407398223877e-01
2.993759326636791229e-02,2.040688320994377136e-02,-1.053331643342971802e-01,1.765416003763675690e-02,4.976776987314224243e-02,-1.722891628742218018e-02,-2.285525575280189514e-02,2.482119016349315643e-02,5.199995357543230057e-03,1.002971082925796509e-02,2.826270088553428650e-02,-1.292912755161523819e-02,7.777001708745956421e-02,-1.585209928452968597e-02,7.725337892770767212e-02,4.470879957079887390e-02,-3.934004809707403183e-03,9.465936571359634399e-02,-9.422819130122661591e-03,-3.791729360818862915e-02,4.494158923625946045e-02,9.055134654045104980e-02,4.077902808785438538e-02,6.072650104761123657e-02,1.114058308303356171e-02,1.113880947232246399e-01,-1.049436032772064209e-01,-8.643044531345367432e-02,7.908800989389419556e-02,-3.368926420807838440e-02,4.123333841562271118e-03,-7.800970226526260376e-02,5.579029396176338196e-02,3.080836497247219086e-02,9.170067496597766876e-03,-7.428316026926040649e-02,-7.582397200167179108e-03,1.316751074045896530e-02,-1.942368969321250916e-02,-8.413843810558319092e-02,9.699679911136627197e-02,-2.234947122633457184e-02,1.131368502974510193e-01,9.709493257105350494e-03,-7.888581603765487671e-03,-2.072088606655597687e-02,-8.132745325565338135e-02,-1.319860387593507767e-02,-2.548002265393733978e-02,6.854545790702104568e-03,1.403653342276811600e-02,-6.048048846423625946e-03,5.190410092473030090e-02,-9.353182278573513031e-03,-2.120915241539478302e-02,-8.088552206754684448e-02,7.476519793272018433e-03,6.766160484403371811e-03,-6.260786950588226318e-02,-2.070333622395992279e-02,8.519905968569219112e-04,-1.471219817176461220e-03,4.980441648513078690e-03,-9.866082109510898590e-03,-3.068483807146549225e-02,-1.451265346258878708e-02,3.668373823165893555e-02,1.134957522153854370e-01,-1.015562564134597778e-01,-3.381112124770879745e-03,-4.589809849858283997e-02,-7.870919071137905121e-03,-1.156663522124290466e-02,6.420504301786422729e-02,-4.716472327709197998e-02,-9.238179028034210205e-02,-6.828598678112030029e-03,7.498183846473693848e-02,4.453639034181833267e-03,-5.795393511652946472e-02,6.659198552370071411e-02,2.505554119125008583e-03,-9.102295339107513428e-02,6.573410704731941223e-03,-7.261958718299865723e-02,-8.739392459392547607e-02,7.708644866943359375e-02,1.054552942514419556e-02,4.874074831604957581e-02,-9.247858077287673950e-03,-2.707987651228904724e-02,-1.830952242016792297e-02,-4.893473535776138306e-02,8.841203525662422180e-03,-4.295146092772483826e-02,-1.266473159193992615e-02,7.376763224601745605e-02,-6.157512543722987175e-04,-5.123508721590042114e-02,3.238445147871971130e-02,8.619575761258602142e-03,1.552181132137775421e-02,-4.515504464507102966e-02,-4.891790449619293213e-03,8.352262526750564575e-02,-1.631558500230312347e-02,-1.400335319340229034e-02,-5.089481920003890991e-02,-3.280179947614669800e-02,-1.507700327783823013e-02,4.765870980918407440e-03,1.084025669842958450e-02,-4.424064233899116516e-02,-3.883381560444831848e-02,1.168490946292877197e-01,-1.046434715390205383e-01,8.363766968250274658e-02,2.151368930935859680e-02,-5.205759033560752869e-02,1.266785059124231339e-02,6.366541981697082520e-02,5.998508632183074951e-02,6.775799393653869629e-02,-3.715267404913902283e-02,-7.282356172800064087e-02,-4.051358997821807861e-02,-2.778421912807971239e-04,5.646482110023498535e-02
-2.402870506048202515e-01,-1.053331643342971802e-01,7.784172892570495605e-01,-2.908661663532257080e-01,-1.899033337831497192e-01,-2.152556926012039185e-02,1.080101355910301208e-01,-2.403429895639419556e-01,2.991854026913642883e-02,-9.581002593040466309e-02,-2.180725485086441040e-01,1.435130536556243896e-01,-5.115038156509399414e-01,4.024447128176689148e-02,-5.042726993560791016e-01,-2.796001732349395752e-01,-9.723808616399765015e-03,-6.670564413070678711e-01,9.873810410499572754e-02,2.877275645732879639e-01,-3.731362521648406982e-01,-6.857202649116516113e-01,-4.985520839691162109e-01,-1.379612684249877930e-01,-9.177718311548233032e-02,-6.814974546432495117e-01,7.127622365951538086e-01,4.021958112716674805e-01,-6.647367477416992188e-01,3.452464044094085693e-01,-7.191595435142517090e-02,6.586741805076599121e-01,-4.904812574386596680e-01,-3.344929814338684082e-01,-4.289161041378974915e-02,6.231073141098022461e-01,4.127519205212593079e-02,-1.057425960898399353e-01,2.206040322780609131e-01,6.661780476570129395e-01,-6.655455231666564941e-01,1.532497853040695190e-01,-7.108213305473327637e-01,-8.293536305427551270e-02,-1.113897711038589478e-01,3.638641536235809326e-01,5.791787505149841309e-01,1.200808361172676086e-01,1.638235896825790405e-01,1.162892729043960571e-01,-1.701891869306564331e-01,6.919816881418228149e-02,-3.980686366558074951e-01,2.237109541893005371e-01,6.495943665504455566e-02,6.423502564430236816e-01,-9.605597704648971558e-02,-6.086638197302818298e-02,3.258143961429595947e-01,2.243443131446838379e-01,1.267983764410018921e-01,-1.121829971671104431e-01,-4.919498786330223083e-02,-2.521724998950958252e-02,1.879933625459671021e-01,1.138057112693786621e-01,-2.189437448978424072e-01,-7.550523877143859863e-01,7.358716130256652832e-01,1.691688299179077148e-01,4.906583130359649658e-01,1.971607804298400879e-01,1.236831918358802795e-01,-5.790539979934692383e-01,3.495226502418518066e-01,6.023209691047668457e-01,3.796904906630516052e-02,-6.998202800750732422e-01,1.154551431536674500e-01,5.588034391403198242e-01,-6.739661097526550293e-01,-2.618837356567382812e-02,5.290040373802185059e-01,-4.396419599652290344e-02,6.146535873413085938e-01,4.256376922130584717e-01,-4.747409522533416748e-01,-7.688666135072708130e-02,-2.785047590732574463e-01,1.851341687142848969e-02,1.820466667413711548e-01,1.977356374263763428e-01,5.177517533302307129e-01,-9.557377547025680542e-02,3.770582973957061768e-01,1.229038238525390625e-01,-4.880806505680084229e-01,5.759945604950189590e-03,3.913068473339080811e-01,-3.524386882781982422e-01,-2.760953456163406372e-02,-1.817378699779510498e-01,4.639283418655395508e-01,3.727938234806060791e-02,-7.292283773422241211e-01,-1.082307919859886169e-01,3.237129151821136475e-01,4.187141656875610352e-01,1.516769975423812866e-01,1.224212124943733215e-01,-2.643742263317108154e-01,1.595488786697387695e-01,4.124000966548919678e-01,5.497651547193527222e-02,-7.768070697784423828e-01,6.912612318992614746e-01,-5.236539840698242188e-01,-3.379206359386444092e-01,5.431509017944335938e-01,-1.298618316650390625e-01,-5.976224541664123535e-01,-5.326120853424072266e-01,-5.464074611663818359e-01,1.980811357498168945e-01,6.171603798866271973e-01,4.009355306625366211e-01,-5.435007810592651367e-02,-5.198253989219665527e-01
2.121424078941345215e-01,1.765416003763675690e-02,-2.908661663532257080e-01,3.039323687553405762e-01,1.748977787792682648e-02,9.651190042495727539e-02,-3.885764256119728088e-02,2.376268655061721802e-01,-3.057624585926532745e-02,4.285494610667228699e-02,-3.525732085108757019e-02,-6.891207396984100342e-02,2.340146601200103760e-01,8.635470271110534668e-02,1.716983020305633545e-01,5.683902651071548462e-02,9.729501791298389435e-03,3.112719953060150146e-01,-3.913078457117080688e-02,-3.865378210321068764e-03,-6.844131648540496826e-02,2.577342689037322998e-01,2.403765767812728882e-01,-1.799780428409576416e-01,6.030866503715515137e-02,1.648801118135452271e-01,-1.998115181922912598e-01,-1.989374868571758270e-02,1.789758056402206421e-01,-1.249761655926704407e-01,4.078439436852931976e-03,-3.278308212757110596e-01,3.226659893989562988e-01,2.230589278042316437e-02,2.021212689578533173e-02,-2.784759402275085449e-01,9.639260359108448029e-03,3.818518295884132385e-02,-7.108844816684722900e-02,-4.471883177757263184e-01,2.454110831022262573e-01,-4.140588920563459396e-03,1.991715580224990845e-01,3.248289227485656738e-02,1.348511278629302979e-01,-1.535261571407318115e-01,-1.345145702362060547e-01,-1.036953032016754150e-01,-4.329140484333038330e-02,-9.194231592118740082e-03,7.348819822072982788e-02,5.267056450247764587e-02,2.845788300037384033e-01,-2.838532030582427979e-01,9.116900712251663208e-02,-2.580524086952209473e-01,2.291802875697612762e-02,1.723049953579902649e-02,-1.675247214734554291e-02,-1.278319507837295532e-01,-2.152656316757202148e-01,1.505824923515319824e-01,2.995901554822921753e-02,2.005341090261936188e-02,-9.882456064224243164e-02,-4.552091658115386963e-02,4.300681501626968384e-02,3.056710064411163330e-01,-2.616544067859649658e-01,-2.006876915693283081e-01,-2.802936732769012451e-01,-3.241074830293655396e-02,-7.888658344745635986e-02,1.912354975938796997e-01,-1.568916440010070801e-01,-2.723295688629150391e-01,3.680693451315164566e-03,2.489415705204010010e-01,-3.241032660007476807e-01,-3.319605290889739990e-01,4.287209510803222656e-01,1.128582656383514404e-02,-7.717303186655044556e-02,2.705471031367778778e-02,-3.426615297794342041e-01,9.345237165689468384e-02,1.940028276294469833e-03,2.016763016581535339e-02,-7.063689175993204117e-03,1.329357619397342205e-03,-3.385572507977485657e-02,-1.645601838827133179e-01,-3.278636634349822998e-01,5.479107797145843506e-02,-1.763434559106826782e-01,-1.292177289724349976e-01,1.371137499809265137e-01,-2.627080073580145836e-03,-1.022262573242187500e-01,3.120009303092956543e-01,3.839244693517684937e-02,5.619707703590393066e-02,-2.292413413524627686e-01,-1.613890752196311951e-02,3.603144288063049316e-01,2.293879091739654541e-01,-3.390868306159973145e-01,-1.678474992513656616e-01,6.023375317454338074e-02,-3.361573070287704468e-02,3.348945677280426025e-01,-1.331624388694763184e-01,-1.717736423015594482e-01,1.986518688499927521e-02,2.950696945190429688e-01,-2.362258136272430420e-01,1.712378412485122681e-01,1.318294107913970947e-01,-3.157853484153747559e-01,9.196233004331588745e-02,1.555754989385604858e-01,2.000796496868133545e-01,2.121264636516571045e-01,-1.890134438872337341e-02,-1.650333255529403687e-01,-1.895589530467987061e-01,2.622625604271888733e-02,2.967073619365692139e-01
2.073017805814743042e-01,4.976776987314224243e-02,-1.899033337831497192e-01,1.748977787792682648e-02,2.612800598144531250e-01,-3.289524093270301819e-02,-2.595162764191627502e-02,1.968094110488891602e-01,1.321785617619752884e-02,9.481970220804214478e-03,2.441036328673362732e-02,-1.316489931195974350e-02,1.912049055099487305e-01,1.246659085154533386e-01,2.643713355064392090e-01,1.247670873999595642e-01,-3.495990484952926636e-02,1.580756306648254395e-01,4.770641028881072998e-02,-5.083559080958366394e-02,3.129412652924656868e-03,1.521470546722412109e-01,3.013232722878456116e-02,2.018599212169647217e-01,-5.910411477088928223e-03,8.990666270256042480e-02,-1.962254494428634644e-01,-3.155043125152587891e-01,1.100673452019691467e-01,-1.979118138551712036e-01,-4.519512504339218140e-02,-5.221693590283393860e-02,5.663774162530899048e-02,5.948363337665796280e-03,1.429320033639669418e-02,-1.264256983995437622e-01,-2.576366811990737915e-02,2.103382349014282227e-02,-1.401100009679794312e-01,-2.228032201528549194e-01,1.719118058681488037e-01,1.665885560214519501e-02,2.148514091968536377e-01,2.626436389982700348e-02,8.948694169521331787e-02,-7.657609134912490845e-02,-2.572796344757080078e-01,-4.349232465028762817e-02,-5.458904430270195007e-02,1.042460575699806213e-01,5.303758755326271057e-02,-3.194757923483848572e-02,8.941943198442459106e-02,-6.357176229357719421e-03,-8.460637181997299194e-02,-1.714418828487396240e-01,2.021895907819271088e-02,1.819455623626708984e-02,-1.930831372737884521e-01,-1.237889006733894348e-02,6.408790498971939087e-02,-3.642394393682479858e-02,1.113140955567359924e-02,-9.754116833209991455e-02,-8.027266710996627808e-02,7.285551168024539948e-03,1.283262372016906738e-01,2.478488981723785400e-01,-1.419133245944976807e-01,8.905225992202758789e-02,-1.048915460705757141e-01,-1.515874713659286499e-01,4.422003775835037231e-02,7.216287404298782349e-02,-9.224989265203475952e-02,-2.712856531143188477e-01,-2.236010506749153137e-02,7.994741201400756836e-02,-4.019590839743614197e-02,-1.052727475762367249e-01,1.238104794174432755e-02,2.391342539340257645e-03,-3.203726410865783691e-01,1.357467006891965866e-02,-1.331814825534820557e-01,-2.383360117673873901e-01,2.597474455833435059e-01,1.493364013731479645e-02,1.054735034704208374e-01,-3.889148309826850891e-02,-8.543496578931808472e-02,-2.624840848147869110e-02,3.040557540953159332e-02,-6.421828269958496094e-02,-1.598724350333213806e-02,-4.454678297042846680e-02,3.154102265834808350e-01,-8.919275132939219475e-04,-1.252323389053344727e-01,1.036591157317161560e-01,2.329842187464237213e-02,3.976295515894889832e-02,-9.169448167085647583e-03,-1.566909812390804291e-02,3.716075792908668518e-02,-1.921912096440792084e-02,1.051783412694931030e-01,-7.015325874090194702e-02,-1.435115486383438110e-01,-4.159308038651943207e-03,-6.633531302213668823e-02,1.256212741136550903e-01,-7.289472967386245728e-03,-2.777850329875946045e-01,2.805793285369873047e-01,-2.179633229970932007e-01,2.839034497737884521e-01,-9.938065707683563232e-02,-1.545499414205551147e-01,-3.077011322602629662e-03,5.870279856026172638e-04,1.379689425230026245e-01,9.699294716119766235e-02,-7.848122715950012207e-02,-1.631317473948001862e-02,-6.180400773882865906e-02,-3.910887241363525391e-02,1.325107365846633911e-01
1.293987315148115158e-02,-1.722891628742218018e-02,-2.152556926012039185e-02,9.651190042495727539e-02,-3.289524093270301819e-02,2.044733613729476929e-01,6.210659164935350418e-03,7.243426144123077393e-02,-8.531396090984344482e-02,-1.371788140386343002e-02,-3.616473078727722168e-02,3.086774144321680069e-03,-3.533403947949409485e-02,9.885793551802635193e-03,-4.239464551210403442e-02,-3.977124392986297607e-02,-8.631994947791099548e-03,-2.231963723897933960e-02,-1.890061423182487488e-02,-4.459956195205450058e-03,5.471992772072553635e-03,7.841587997972965240e-03,6.736212968826293945e-02,-6.686625629663467407e-02,-1.570046530105173588e-03,-1.093852967023849487e-01,4.117231443524360657e-02,2.805434353649616241e-02,5.463645607233047485e-02,-7.514585554599761963e-02,3.016124665737152100e-02,3.681596741080284119e-02,-9.172842837870121002e-03,3.056406741961836815e-03,-6.515096407383680344e-03,1.787254028022289276e-02,1.540439762175083160e-02,-8.197957649827003479e-03,1.006257021799683571e-03,-6.423174589872360229e-02,-6.644597649574279785e-02,7.446856470778584480e-04,2.810917235910892487e-02,5.603001918643712997e-03,4.473535716533660889e-02,4.706444218754768372e-02,2.539591118693351746e-02,-3.128702566027641296e-02,-2.397694997489452362e-02,-1.231697108596563339e-02,1.040818765759468079e-01,-2.640846930444240570e-02,3.477497771382331848e-02,-1.657008230686187744e-01,2.475230023264884949e-03,-2.698669396340847015e-02,3.412599209696054459e-03,-2.381814876571297646e-03,7.368919998407363892e-02,9.372646309202536941e-05,-2.190709859132766724e-02,1.509341970086097717e-02,1.831762725487351418e-03,-5.714519694447517395e-02,-2.117778547108173370e-02,1.884252391755580902e-02,-1.433729380369186401e-02,-1.669549383223056793e-02,5.483818054199218750e-02,-2.594401128590106964e-02,-1.889290288090705872e-02,-7.468706369400024414e-02,3.809958323836326599e-02,-5.858091264963150024e-02,2.180340327322483063e-02,-2.030590549111366272e-02,1.254299096763134003e-02,-2.840464748442173004e-02,-7.201237976551055908e-02,-4.016555845737457275e-02,6.941789388656616211e-02,-4.961598315276205540e-04,2.810037881135940552e-02,-5.933001637458801270e-03,-1.105810608714818954e-02,1.789691299200057983e-01,-2.057680115103721619e-02,-3.696687985211610794e-03,-1.426416933536529541e-01,5.650749430060386658e-03,8.577018044888973236e-03,-1.084229536354541779e-02,8.446798659861087799e-03,-2.430821023881435394e-02,2.122451364994049072e-02,-8.615291863679885864e-02,6.328911520540714264e-03,1.331099338131025434e-04,1.548070088028907776e-02,4.977519437670707703e-02,-2.476422302424907684e-02,-5.775090679526329041e-02,4.480880126357078552e-02,1.027148100547492504e-03,-1.021467428654432297e-02,1.708816587924957275e-01,-6.358526647090911865e-02,-1.671950303716585040e-04,1.424809247255325317e-01,1.538465544581413269e-02,8.906157454475760460e-04,-7.262679934501647949e-02,1.045300904661417007e-02,6.270324438810348511e-02,2.412948012351989746e-02,5.177492648363113403e-02,2.409630268812179565e-02,3.780163824558258057e-02,1.244200486689805984e-02,1.018351642414927483e-03,-3.046183614060282707e-03,-6.774527579545974731e-02,-1.867765374481678009e-02,5.655015632510185242e-02,-1.252976432442665100e-02,1.931607536971569061e-02,8.494200184941291809e-03,9.777118265628814697e-02
-3.305080160498619080e-02,-2.285525575280189514e-02,1.080101355910301208e-01,-3.885764256119728088e-02,-2.595162764191627502e-02,6.210659164935350418e-03,9.694105386734008789e-02,-6.530094146728515625e-02,3.637921472545713186e-04,1.627594348974525928e-03,-2.735467813909053802e-02,1.398109458386898041e-02,-1.472733914852142334e-01,3.912121802568435669e-02,-7.602487504482269287e-02,-4.891601949930191040e-02,1.169416680932044983e-02,-1.378273963928222656e-01,1.581946387887001038e-02,2.023798413574695587e-02,-4.755011945962905884e-02,-1.143103167414665222e-01,-7.050690054893493652e-02,-3.386140987277030945e-02,-2.662377804517745972e-02,-1.341831237077713013e-01,1.160508990287780762e-01,1.017516180872917175e-01,-7.547792047262191772e-02,-2.657402493059635162e-02,8.047689683735370636e-03,9.488588571548461914e-02,-5.100312083959579468e-02,-3.735562786459922791e-02,-1.266854628920555115e-02,1.112714037299156189e-01,-1.211143564432859421e-03,-1.614992506802082062e-02,-3.032170422375202179e-02,1.007517501711845398e-01,-9.355682879686355591e-02,5.821789056062698364e-02,-1.588546335697174072e-01,-8.878536522388458252e-03,7.554020266979932785e-03,-5.604642257094383240e-02,5.782373622059822083e-02,1.479341834783554077e-02,5.582910031080245972e-02,1.355465222150087357e-02,-4.692785441875457764e-02,-2.639850974082946777e-02,-1.074242293834686279e-01,1.176110878586769104e-01,3.971665352582931519e-02,1.123448908329010010e-01,-1.908436231315135956e-02,-8.107600733637809753e-03,2.124583348631858826e-03,2.035919763147830963e-02,7.253878749907016754e-03,6.310536060482263565e-03,-3.350079990923404694e-03,1.189549416303634644e-01,6.393004953861236572e-02,2.463558502495288849e-02,-2.269307896494865417e-02,-1.077295169234275818e-01,1.360775679349899292e-01,7.828795909881591797e-02,3.015168197453022003e-02,-2.805789001286029816e-02,4.204555228352546692e-02,-5.576406791806221008e-02,5.012324824929237366e-02,4.073046892881393433e-02,5.402195383794605732e-04,-2.601479366421699524e-02,8.669784874655306339e-04,1.100114285945892334e-01,-8.494292944669723511e-02,-2.466691425070166588e-03,5.732393637299537659e-02,-1.267504226416349411e-02,5.038467049598693848e-02,1.987575180828571320e-02,-7.056765723973512650e-03,-1.550728455185890198e-02,-6.439251359552145004e-03,1.160909142345190048e-02,1.674607861787080765e-03,1.900278218090534210e-02,5.748499929904937744e-02,-2.995436545461416245e-03,4.485248774290084839e-02,3.750984370708465576e-02,-8.788233622908592224e-03,4.792920663021504879e-04,5.561530962586402893e-02,-6.294964998960494995e-02,-1.272989623248577118e-02,4.895260557532310486e-02,4.751669988036155701e-02,5.389511119574308395e-03,-7.980995625257492065e-02,4.750653728842735291e-02,5.785600747913122177e-03,8.255822211503982544e-02,-1.057910919189453125e-01,1.377117261290550232e-02,-4.513936489820480347e-02,-5.945834517478942871e-02,8.348190039396286011e-02,4.025235027074813843e-02,-1.419820040464401245e-01,1.132860928773880005e-01,-1.082236394286155701e-01,-4.427097365260124207e-02,-1.159619819372892380e-02,-1.875271834433078766e-02,-2.086837403476238251e-02,-5.150395445525646210e-03,-7.280656695365905762e-02,4.512910731136798859e-03,1.154554411768913269e-01,1.549763325601816177e-02,-2.370304893702268600e-03,-7.613321393728256226e-02
5.598846077919006348e-01,2.482119016349315643e-02,-2.403429895639419556e-01,2.376268655061721802e-01,1.968094110488891602e-01,7.243426144123077393e-02,-6.530094146728515625e-02,6.123350262641906738e-01,-6.766993552446365356e-03,1.590191572904586792e-02,-3.224429488182067871e-02,-7.364303618669509888e-02,3.805980682373046875e-01,5.137386322021484375e-01,3.896217048168182373e-01,1.287323385477066040e-01,-2.655960619449615479e-02,2.207007855176925659e-01,1.361425966024398804e-01,5.718088150024414062e-02,-2.003933191299438477e-01,1.936839222908020020e-01,2.862384915351867676e-01,-2.092917859554290771e-01,9.658563882112503052e-03,-1.149383932352066040e-01,-1.655133813619613647e-01,-2.167518138885498047e-01,6.012351810932159424e-02,-3.399454057216644287e-01,-1.086655706167221069e-01,-1.820470988750457764e-01,1.549907028675079346e-01,4.906360059976577759e-02,-1.798429153859615326e-02,-3.391183316707611084e-01,-3.087263088673353195e-03,3.272192552685737610e-02,-2.586981952190399170e-01,-5.291788578033447266e-01,1.459370106458663940e-01,8.634230494499206543e-02,1.371383070945739746e-01,4.677733033895492554e-02,4.918270409107208252e-01,-3.667958378791809082e-01,-2.830335199832916260e-01,-1.043732166290283203e-01,-7.028510421514511108e-02,1.193044893443584442e-02,1.908109188079833984e-01,3.227610141038894653e-02,2.284141331911087036e-01,-3.707688152790069580e-01,-1.341394800692796707e-02,-3.082326352596282959e-01,8.806389570236206055e-02,4.160949960350990295e-02,-1.978950947523117065e-02,-8.318549394607543945e-02,-9.502451866865158081e-02,1.052866056561470032e-01,3.358267247676849365e-02,-2.634434998035430908e-01,-1.149719282984733582e-01,1.939928717911243439e-02,1.075799539685249329e-01,2.899409234523773193e-01,-2.439869195222854614e-01,-1.291113048791885376e-01,-3.198812603950500488e-01,-4.383789300918579102e-01,-3.356534242630004883e-02,1.420378237962722778e-01,-1.313116848468780518e-01,-2.182086855173110962e-01,-8.291120640933513641e-03,1.805291026830673218e-01,-4.043876528739929199e-01,-3.784308731555938721e-01,1.760943681001663208e-01,1.071225851774215698e-02,-2.501248419284820557e-01,2.702552080154418945e-02,-2.218154966831207275e-01,6.520254909992218018e-02,1.104442551732063293e-01,1.384659204632043839e-02,-1.778208650648593903e-02,-9.571443311870098114e-03,-3.232562541961669922e-02,-1.452922821044921875e-01,-1.334500014781951904e-01,-6.703568994998931885e-02,-9.302752092480659485e-03,-1.526701450347900391e-01,3.351554274559020996e-01,-2.211317420005798340e-03,-2.213206589221954346e-01,3.934099376201629639e-01,2.865534275770187378e-02,5.583347380161285400e-02,-1.386925429105758667e-01,-2.392505109310150146e-02,1.085089221596717834e-01,1.866898089647293091e-01,-1.458897814154624939e-02,-1.211928948760032654e-01,7.508614659309387207e-02,1.218896359205245972e-02,3.953693807125091553e-01,5.577928945422172546e-02,-1.023668497800827026e-01,-3.271332681179046631e-01,3.429659307003021240e-01,-2.061112672090530396e-01,3.723503351211547852e-01,-7.823028415441513062e-02,-4.746050238609313965e-01,3.131857514381408691e-02,-1.093030497431755066e-01,2.852810323238372803e-01,1.540902554988861084e-01,3.816057741641998291e-02,2.797992201521992683e-03,-1.503837555646896362e-01,-1.870153285562992096e-02,3.057743012905120850e-01
3.011865727603435516e-02,5.199995357543230057e-03,2.991854026913642883e-02,-3.057624585926532745e-02,1.321785617619752884e-02,-8.531396090984344482e-02,3.637921472545713186e-04,-6.766993552446365356e-03,4.742015525698661804e-02,6.563334260135889053e-03,-6.201174575835466385e-03,-4.662349529098719358e-04,2.284017018973827362e-02,4.197774827480316162e-02,2.256659418344497681e-02,1.011835969984531403e-02,3.610761370509862900e-03,2.160583098884671926e-04,2.208567969501018524e-02,2.587335929274559021e-02,-6.689107418060302734e-02,-2.443720772862434387e-02,-3.155632689595222473e-02,-1.751037198118865490e-03,9.787848684936761856e-04,6.608263589441776276e-03,6.573308259248733521e-03,4.875956568866968155e-03,-6.951888650655746460e-02,2.944752760231494904e-02,-2.117667160928249359e-02,-1.720464602112770081e-02,2.030105516314506531e-02,-2.438802085816860199e-02,2.689676592126488686e-03,-4.973305854946374893e-03,-3.222685772925615311e-03,-1.253853261005133390e-04,4.078700672835111618e-03,9.482368826866149902e-03,1.486540120095014572e-02,1.960842870175838470e-02,-4.712642729282379150e-02,-3.535046475008130074e-03,-8.571766666136682034e-04,-3.360899910330772400e-02,1.405983511358499527e-02,6.031522527337074280e-03,1.733622513711452484e-02,2.311100251972675323e-02,-5.248300358653068542e-02,2.406658977270126343e-02,-4.515706095844507217e-03,5.867971852421760559e-02,2.050536684691905975e-02,2.286680601537227631e-02,-9.014263749122619629e-03,-1.056495821103453636e-03,-2.491566166281700134e-02,-2.180994721129536629e-03,-8.679319173097610474e-03,8.690088987350463867e-03,1.011641230434179306e-03,3.374341502785682678e-02,6.858968175947666168e-03,-3.637081012129783630e-03,3.155939979478716850e-03,2.508906647562980652e-03,-6.336816586554050446e-03,8.437030017375946045e-03,1.630515791475772858e-03,2.958697266876697540e-02,-2.042139694094657898e-02,1.023158989846706390e-02,-1.127947587519884109e-02,8.033838123083114624e-03,-3.474763827398419380e-03,-4.933805670589208603e-03,-1.426700688898563385e-02,1.774109527468681335e-02,-3.679850697517395020e-02,1.557166069687809795e-05,5.301219876855611801e-03,3.209031419828534126e-03,3.600609255954623222e-03,-3.970851376652717590e-02,-1.416011247783899307e-02,-1.881713862530887127e-03,5.398521572351455688e-02,-3.628636710345745087e-03,4.043755121529102325e-03,-8.710258640348911285e-03,-1.330773346126079559e-02,1.936203613877296448e-02,-1.261669211089611053e-03,2.762380801141262054e-02,-1.838440774008631706e-03,-4.636104858946055174e-05,-3.761865431442856789e-03,-4.174306988716125488e-03,1.822135969996452332e-02,2.836636081337928772e-02,-1.944201812148094177e-02,1.600022369530051947e-04,-1.716844178736209869e-02,-5.458345264196395874e-02,1.065424922853708267e-02,1.391042023897171021e-02,-6.174967437982559204e-02,-2.531626960262656212e-03,4.494292661547660828e-02,2.648389153182506561e-02,2.984527964144945145e-03,-4.587098956108093262e-02,-3.492312133312225342e-02,-5.732323508709669113e-03,-1.858700066804885864e-02,-3.823262080550193787e-02,-2.888065390288829803e-02,2.651931252330541611e-03,-3.745815902948379517e-02,3.497069701552391052e-02,2.718701958656311035e-03,-2.361766248941421509e-02,4.267989471554756165e-02,-1.330476999282836914e-02,-6.728296168148517609e-03,-4.017801210284233093e-02
2.952796779572963715e-02,1.002971082925796509e-02,-9.581002593040466309e-02,4.285494610667228699e-02,9.481970220804214478e-03,-1.371788140386343002e-02,1.627594348974525928e-03,1.590191572904586792e-02,6.563334260135889053e-03,1.829332113265991211e-02,1.932452619075775146e-02,-2.078066021203994751e-02,5.416558682918548584e-02,2.216181892435997725e-04,5.360823497176170349e-02,2.760485932230949402e-02,7.492456585168838501e-03,8.499192446470260620e-02,-1.375711150467395782e-02,-2.615410462021827698e-02,2.382715605199337006e-02,7.994375377893447876e-02,5.754583328962326050e-02,-8.269448764622211456e-03,1.340873166918754578e-02,9.697402268648147583e-02,-8.347038179636001587e-02,-1.498898398131132126e-02,7.207567989826202393e-02,-3.394903615117073059e-02,9.224042296409606934e-03,-1.042266786098480225e-01,8.556828647851943970e-02,3.140513226389884949e-02,6.073662079870700836e-03,-7.811946421861648560e-02,-4.616689402610063553e-03,1.310269627720117569e-02,-2.704327739775180817e-02,-9.423307329416275024e-02,9.105094522237777710e-02,-8.271720260381698608e-03,6.538359075784683228e-02,9.055642411112785339e-03,1.123978663235902786e-02,-7.198303192853927612e-02,-5.740436539053916931e-02,-1.583250239491462708e-02,-6.680154707282781601e-03,-1.324971765279769897e-02,-3.370092716068029404e-03,-9.921503951773047447e-04,4.974740743637084961e-02,-8.541299030184745789e-03,1.587858796119689941e-02,-6.789936870336532593e-02,5.679928231984376907e-03,6.150166969746351242e-03,-4.033016040921211243e-02,-3.566395491361618042e-02,-3.973367810249328613e-02,3.112706542015075684e-02,7.532387971878051758e-03,4.669904708862304688e-02,-1.432478334754705429e-02,-1.717367023229598999e-02,2.111181057989597321e-02,9.943111985921859741e-02,-9.466533362865447998e-02,-2.694149874150753021e-02,-7.243308424949645996e-02,-7.733361795544624329e-03,-2.359530515968799591e-02,8.116938173770904541e-02,-4.761724174022674561e-02,-8.068050444126129150e-02,-4.332528915256261826e-03,1.100170835852622986e-01,-3.592744469642639160e-02,-6.783986836671829224e-02,1.087123230099678040e-01,3.722213674336671829e-03,-4.494252055883407593e-02,5.868105683475732803e-03,-9.365233778953552246e-02,-4.997652769088745117e-02,4.249287024140357971e-02,7.867344655096530914e-03,4.710527136921882629e-02,5.893505294807255268e-04,-2.125054970383644104e-02,-3.556833043694496155e-02,-9.204842150211334229e-02,2.651439048349857330e-02,-5.799030140042304993e-02,-6.486626807600259781e-03,5.213714018464088440e-02,-8.400471415370702744e-04,-4.079901054501533508e-02,4.843369498848915100e-02,8.518622256815433502e-03,4.298884049057960510e-02,-7.645664364099502563e-02,-4.094002768397331238e-03,1.190908551216125488e-01,2.213888242840766907e-02,-7.628861814737319946e-02,-4.656049981713294983e-02,-4.541613906621932983e-02,-1.794418133795261383e-02,6.547454744577407837e-02,-4.243677109479904175e-02,-5.189148336648941040e-02,1.070067100226879120e-02,8.492328971624374390e-02,-8.701153844594955444e-02,3.796457126736640930e-02,4.502311721444129944e-02,-9.750825911760330200e-02,2.285818569362163544e-02,8.580344915390014648e-02,8.436868339776992798e-02,7.141286134719848633e-02,-3.135188668966293335e-02,-6.862143427133560181e-02,-6.581152975559234619e-02,9.504172950983047485e-03,5.620626360177993774e-02
-3.808431699872016907e-02,2.826270088553428650e-02,-2.180725485086441040e-01,-3.525732085108757019e-02,2.441036328673362732e-02,-3.616473078727722168e-02,-2.735467813909053802e-02,-3.224429488182067871e-02,-6.201174575835466385e-03,1.932452619075775146e-02,1.434322148561477661e-01,-3.443009033799171448e-02,8.524866402149200439e-02,-8.123601973056793213e-02,1.049133092164993286e-01,8.565243333578109741e-02,7.194510195404291153e-03,1.273285001516342163e-01,-3.141172975301742554e-02,-1.347674429416656494e-01,2.646619379520416260e-01,1.844875514507293701e-01,1.186231747269630432e-01,1.119225174188613892e-01,7.797336205840110779e-03,2.661293148994445801e-01,-2.247934043407440186e-01,-1.200658529996871948e-01,2.516231536865234375e-01,-7.166923582553863525e-02,3.750408068299293518e-02,-1.443578600883483887e-01,2.487784810364246368e-02,1.747505664825439453e-01,1.100418390706181526e-03,-1.439173668622970581e-01,-2.324598655104637146e-02,2.870216779410839081e-02,-6.568074971437454224e-02,-6.274015456438064575e-02,1.615240424871444702e-01,-8.048491179943084717e-02,2.234313637018203735e-01,1.862680912017822266e-02,-3.028122475370764732e-03,-1.231922879815101624e-01,-1.843025535345077515e-01,1.532827876508235931e-02,-4.620516672730445862e-02,-1.032545268535614014e-01,4.329567402601242065e-02,-6.816358119249343872e-02,1.136304810643196106e-03,4.455715790390968323e-02,-8.203630149364471436e-02,-1.485624909400939941e-01,4.393478482961654663e-02,2.079038135707378387e-02,-9.531315416097640991e-02,-3.465743735432624817e-02,5.830947682261466980e-02,-2.533331140875816345e-02,4.346356727182865143e-03,-4.866814240813255310e-03,-1.480534486472606659e-02,-2.947663143277168274e-02,5.829561129212379456e-02,1.719402521848678589e-01,-2.267834693193435669e-01,7.666454766876995564e-04,-6.892339885234832764e-02,-9.750258922576904297e-02,-2.410346269607543945e-02,1.816130429506301880e-01,-5.707724764943122864e-02,-7.790064066648483276e-02,-1.745032332837581635e-02,2.417003959417343140e-01,1.461015194654464722e-01,-8.219993114471435547e-02,1.195643916726112366e-01,6.625041365623474121e-03,-1.646422147750854492e-01,3.057353897020220757e-03,-7.880459725856781006e-02,-2.381719350814819336e-01,1.878460049629211426e-01,2.450988814234733582e-02,1.238867044448852539e-01,3.290299326181411743e-03,-5.312569811940193176e-02,1.074754819273948669e-02,-7.015699148178100586e-02,1.277361810207366943e-02,-7.604486495256423950e-02,2.871114946901798248e-02,1.064862310886383057e-01,-1.189531176351010799e-03,-1.184813007712364197e-01,-2.446035295724868774e-02,-2.082999981939792633e-02,5.588366091251373291e-02,-1.017183810472488403e-01,-7.353275548666715622e-03,1.984248906373977661e-01,-8.224587142467498779e-02,3.297290205955505371e-02,-1.053768545389175415e-01,-7.028109580278396606e-02,-3.931598737835884094e-02,-3.575706109404563904e-02,-2.405954897403717041e-02,-1.102386787533760071e-01,2.394751831889152527e-02,2.120968699455261230e-01,-1.878809779882431030e-01,1.069004982709884644e-01,1.243936121463775635e-01,-1.008702367544174194e-01,7.240492384880781174e-03,2.340291887521743774e-01,1.334298402070999146e-01,1.235290169715881348e-01,-5.223777145147323608e-02,-2.331949174404144287e-01,-7.882505655288696289e-02,2.279214002192020416e-02,6.023830547928810120e-02
-7.598531991243362427e-02,-1.292912755161523819e-02,1.435130536556243896e-01,-6.891207396984100342e-02,-1.316489931195974350e-02,3.086774144321680069e-03,1.398109458386898041e-02,-7.364303618669509888e-02,-4.662349529098719358e-04,-2.078066021203994751e-02,-3.443009033799171448e-02,3.554322198033332825e-02,-1.003604903817176819e-01,-4.321490973234176636e-02,-9.726496785879135132e-02,-4.582808166742324829e-02,-8.553056046366691589e-03,-1.199276149272918701e-01,5.239822436124086380e-03,3.463522717356681824e-02,-4.311897233128547668e-02,-1.184145808219909668e-01,-1.139841377735137939e-01,3.946814686059951782e-02,-1.683399453759193420e-02,-1.105191931128501892e-01,1.212749779224395752e-01,3.394497185945510864e-02,-1.095806583762168884e-01,6.797799468040466309e-02,-4.162447527050971985e-03,1.435944885015487671e-01,-1.003514975309371948e-01,-6.736921519041061401e-02,-1.474150456488132477e-03,1.344959288835525513e-01,6.043892819434404373e-03,-2.015256136655807495e-02,5.523225665092468262e-02,1.522133499383926392e-01,-1.143839135766029358e-01,1.325991004705429077e-02,-1.011755689978599548e-01,-1.549195963889360428e-02,-7.199194282293319702e-02,1.296668797731399536e-01,9.920705854892730713e-02,2.215647883713245392e-02,2.132040262222290039e-02,4.052789509296417236e-02,-2.583489753305912018e-02,5.825034342706203461e-03,-7.122935354709625244e-02,5.415112152695655823e-02,-7.526506669819355011e-03,1.167825758457183838e-01,-2.440776303410530090e-02,-1.369714736938476562e-02,3.618356212973594666e-02,4.997720196843147278e-02,4.622434079647064209e-02,-4.247956350445747375e-02,-1.118924841284751892e-02,-1.021186821162700653e-02,2.451456896960735321e-02,2.054100297391414642e-02,-3.134756907820701599e-02,-1.382413357496261597e-01,1.472739130258560181e-01,5.425658449530601501e-02,1.126246824860572815e-01,6.742899119853973389e-02,3.698797151446342468e-02,-1.182421669363975525e-01,6.308937072753906250e-02,8.837417513132095337e-02,5.420889705419540405e-03,-1.611649394035339355e-01,5.930246785283088684e-02,1.232458576560020447e-01,-1.486191004514694214e-01,-5.914234090596437454e-03,6.808404624462127686e-02,-8.594542741775512695e-03,1.174038499593734741e-01,5.177403241395950317e-02,-5.273896828293800354e-02,-1.232916768640279770e-02,-4.848927259445190430e-02,-3.778071608394384384e-03,2.347603812813758850e-02,4.916793107986450195e-02,1.199515387415885925e-01,-2.618311531841754913e-02,6.744271516799926758e-02,1.683572679758071899e-02,-7.687716931104660034e-02,1.200241968035697937e-03,7.799021154642105103e-02,-8.501815795898437500e-02,-6.142291706055402756e-03,-4.864718392491340637e-02,1.076700389385223389e-01,6.729375105351209641e-03,-1.579457223415374756e-01,-3.697048127651214600e-02,8.115980029106140137e-02,7.350566238164901733e-02,2.066654339432716370e-02,2.153153158724308014e-02,-1.200020462274551392e-01,4.721939563751220703e-02,8.476016670465469360e-02,1.767016947269439697e-03,-1.395020633935928345e-01,1.189696416258811951e-01,-7.701466232538223267e-02,-6.703811883926391602e-02,1.570873707532882690e-01,-2.810541167855262756e-02,-1.077402606606483459e-01,-1.242194995284080505e-01,-1.004613786935806274e-01,2.541321702301502228e-02,1.070184931159019470e-01,8.657184988260269165e-02,-1.452972367405891418e-02,-9.197753667831420898e-02
