9.999984502792358398e-01,-9.999986886978149414e-01,-9.999935030937194824e-01,9.999980330467224121e-01,9.999989271163940430e-01,-9.999987483024597168e-01,9.999959468841552734e-01,9.999991059303283691e-01,-9.999971985816955566e-01,9.999982714653015137e-01,-9.999987483024597168e-01,-9.999989271163940430e-01,9.999980926513671875e-01,9.999985098838806152e-01,9.999917149543762207e-01,9.999964833259582520e-01,9.999973773956298828e-01,-9.999984502792358398e-01,9.999933838844299316e-01,-9.999991059303283691e-01,-9.999989867210388184e-01,9.999927878379821777e-01,9.999985694885253906e-01,9.999982714653015137e-01,9.999889135360717773e-01,9.999989867210388184e-01,-9.999983310699462891e-01,-9.999989271163940430e-01,9.999890923500061035e-01,-9.999959468841552734e-01,-9.999923706054687500e-01,-9.999983906745910645e-01,9.999890923500061035e-01,9.999963045120239258e-01,-9.999977946281433105e-01,9.998934864997863770e-01,9.999990463256835938e-01,9.999986886978149414e-01,9.999918341636657715e-01,-9.999988675117492676e-01,9.999986886978149414e-01,-9.999915957450866699e-01,9.999798536300659180e-01,9.999988675117492676e-01,9.999983906745910645e-01,9.999982714653015137e-01,-9.999933242797851562e-01,9.999983906745910645e-01,9.999988079071044922e-01,-9.999985098838806152e-01,-9.999988675117492676e-01,-9.999983310699462891e-01,-9.999989271163940430e-01,-9.999929666519165039e-01,-9.999982118606567383e-01,-9.999982118606567383e-01,-9.999950528144836426e-01,9.999716877937316895e-01,9.999972581863403320e-01,9.999984502792358398e-01,-9.999984502792358398e-01,9.999989867210388184e-01,9.999983310699462891e-01,9.999954700469970703e-01,-9.999954104423522949e-01,-9.999988675117492676e-01,-9.999989867210388184e-01,-9.999959468841552734e-01,-9.999989271163940430e-01,9.999986886978149414e-01,-9.999987483024597168e-01,9.999979138374328613e-01,9.999901652336120605e-01,-9.999937415122985840e-01,-9.999767541885375977e-01,-9.999983310699462891e-01,9.999927878379821777e-01,9.999987483024597168e-01,-9.999945759773254395e-01,-9.999961853027343750e-01,9.999715089797973633e-01,9.999977350234985352e-01,-9.999988675117492676e-01,9.999979734420776367e-01,-9.999982714653015137e-01,-9.999892711639404297e-01,9.999809861183166504e-01,9.999989867210388184e-01,9.999850988388061523e-01,9.998911619186401367e-01,-9.999965429306030273e-01,9.999983906745910645e-01,-9.999824762344360352e-01,-9.999977350234985352e-01,9.999982118606567383e-01,-9.999978542327880859e-01,-9.999912977218627930e-01,9.999990463256835938e-01,-9.999989271163940430e-01,9.999960064888000488e-01,-9.999967813491821289e-01,9.999988079071044922e-01,-9.999254345893859863e-01,9.995623826980590820e-01,9.999985694885253906e-01,9.999973177909851074e-01,-9.999789595603942871e-01,-9.999983310699462891e-01,-9.999938607215881348e-01,9.999985098838806152e-01,-9.999984502792358398e-01,9.999982714653015137e-01,-9.999983310699462891e-01,-9.999653697013854980e-01,9.999992251396179199e-01,-9.999977946281433105e-01,9.999989271163940430e-01,-9.999983310699462891e-01,-9.999950528144836426e-01,-9.999978542327880859e-01,-9.999988079071044922e-01,9.999964237213134766e-01,9.999983310699462891e-01,-9.999976158142089844e-01,-9.999891519546508789e-01,-9.999955296516418457e-01,9.999903440475463867e-01,-9.999955296516418457e-01
-9.999986886978149414e-01,9.999989271163940430e-01,9.999946951866149902e-01,-9.999983906745910645e-01,-9.999991655349731445e-01,9.999990463256835938e-01,-9.999966621398925781e-01,-9.999992251396179199e-01,9.999976754188537598e-01,-9.999984502792358398e-01,9.999989867210388184e-01,9.999991655349731445e-01,-9.999984502792358398e-01,-9.999988675117492676e-01,-9.999932050704956055e-01,-9.999971389770507812e-01,-9.999978542327880859e-01,9.999986290931701660e-01,-9.999945759773254395e-01,9.999992847442626953e-01,9.999992251396179199e-01,-9.999940395355224609e-01,-9.999988079071044922e-01,-9.999985694885253906e-01,-9.999908208847045898e-01,-9.999992251396179199e-01,9.999986290931701660e-01,9.999991655349731445e-01,-9.999910593032836914e-01,9.999967813491821289e-01,9.999937415122985840e-01,9.999985694885253906e-01,-9.999910593032836914e-01,-9.999969005584716797e-01,9.999982118606567383e-01,-9.999124407768249512e-01,-9.999991059303283691e-01,-9.999989271163940430e-01,-9.999932050704956055e-01,9.999991059303283691e-01,-9.999988675117492676e-01,9.999931454658508301e-01,-9.999834299087524414e-01,-9.999991655349731445e-01,-9.999985694885253906e-01,-9.999985694885253906e-01,9.999945163726806641e-01,-9.999986886978149414e-01,-9.999990463256835938e-01,9.999987483024597168e-01,9.999990463256835938e-01,9.999985098838806152e-01,9.999991655349731445e-01,9.999942183494567871e-01,9.999985694885253906e-01,9.999985098838806152e-01,9.999959468841552734e-01,-9.999767541885375977e-01,-9.999976158142089844e-01,-9.999986290931701660e-01,9.999986290931701660e-01,-9.999991059303283691e-01,-9.999986290931701660e-01,-9.999961853027343750e-01,9.999961853027343750e-01,9.999991059303283691e-01,9.999992847442626953e-01,9.999966621398925781e-01,9.999991655349731445e-01,-9.999988675117492676e-01,9.999990463256835938e-01,-9.999980926513671875e-01,-9.999919533729553223e-01,9.999947547912597656e-01,9.999808669090270996e-01,9.999985694885253906e-01,-9.999940395355224609e-01,-9.999989867210388184e-01,9.999954700469970703e-01,9.999968409538269043e-01,-9.999765157699584961e-01,-9.999980330467224121e-01,9.999991059303283691e-01,-9.999983310699462891e-01,9.999986290931701660e-01,9.999910593032836914e-01,-9.999843835830688477e-01,-9.999991655349731445e-01,-9.999876618385314941e-01,-9.999105334281921387e-01,9.999971985816955566e-01,-9.999986886978149414e-01,9.999855756759643555e-01,9.999981522560119629e-01,-9.999985098838806152e-01,9.999982714653015137e-01,9.999928474426269531e-01,-9.999992251396179199e-01,9.999991059303283691e-01,-9.999967813491821289e-01,9.999972581863403320e-01,-9.999991059303283691e-01,9.999386668205261230e-01,-9.996401667594909668e-01,-9.999988079071044922e-01,-9.999977946281433105e-01,9.999826550483703613e-01,9.999986290931701660e-01,9.999949932098388672e-01,-9.999988079071044922e-01,9.999987483024597168e-01,-9.999984502792358398e-01,9.999986886978149414e-01,9.999715685844421387e-01,-9.999993443489074707e-01,9.999982118606567383e-01,-9.999991059303283691e-01,9.999986290931701660e-01,9.999958872795104980e-01,9.999982714653015137e-01,9.999990463256835938e-01,-9.999969601631164551e-01,-9.999986290931701660e-01,9.999980330467224121e-01,9.999910593032836914e-01,9.999962449073791504e-01,-9.999920129776000977e-01,9.999963045120239258e-01
-9.999935030937194824e-01,9.999946951866149902e-01,9.999737143516540527e-01,-9.999921321868896484e-01,-9.999956488609313965e-01,9.999951720237731934e-01,-9.999834299087524414e-01,-9.999960660934448242e-01,9.999887347221374512e-01,-9.999925494194030762e-01,9.999949336051940918e-01,9.999956488609313965e-01,-9.999924302101135254e-01,-9.999940395355224609e-01,-9.999663829803466797e-01,-9.999859333038330078e-01,-9.999896287918090820e-01,9.999937415122985840e-01,-9.999731779098510742e-01,9.999962449073791504e-01,9.999958276748657227e-01,-9.999707341194152832e-01,-9.999942779541015625e-01,-9.999930858612060547e-01,-9.999547600746154785e-01,-9.999958872795104980e-01,9.999932050704956055e-01,9.999955892562866211e-01,-9.999557733535766602e-01,9.999839067459106445e-01,9.999691247940063477e-01,9.999935626983642578e-01,-9.999557137489318848e-01,-9.999853372573852539e-01,9.999911785125732422e-01,-9.995681643486022949e-01,-9.999959468841552734e-01,-9.999943971633911133e-01,-9.999665021896362305e-01,9.999954700469970703e-01,-9.999946951866149902e-01,9.999660253524780273e-01,-9.999184608459472656e-01,-9.999955296516418457e-01,-9.999934434890747070e-01,-9.999931454658508301e-01,9.999729990959167480e-01,-9.999938607215881348e-01,-9.999951124191284180e-01,9.999940395355224609e-01,9.999951124191284180e-01,9.999932050704956055e-01,9.999956488609313965e-01,9.999713897705078125e-01,9.999929070472717285e-01,9.999927878379821777e-01,9.999797940254211426e-01,-9.998853206634521484e-01,-9.999887943267822266e-01,-9.999936819076538086e-01,9.999936819076538086e-01,-9.999958276748657227e-01,-9.999935626983642578e-01,-9.999815821647644043e-01,9.999815821647644043e-01,9.999953508377075195e-01,9.999961256980895996e-01,9.999839067459106445e-01,9.999958276748657227e-01,-9.999943971633911133e-01,9.999951124191284180e-01,-9.999912381172180176e-01,-9.999601244926452637e-01,9.999741911888122559e-01,9.999054670333862305e-01,9.999933242797851562e-01,-9.999707341194152832e-01,-9.999949932098388672e-01,9.999778270721435547e-01,9.999847412109375000e-01,-9.998838901519775391e-01,-9.999908804893493652e-01,9.999954104423522949e-01,-9.999918341636657715e-01,9.999932050704956055e-01,9.999561905860900879e-01,-9.999228715896606445e-01,-9.999957680702209473e-01,-9.999394416809082031e-01,-9.995588660240173340e-01,9.999862909317016602e-01,-9.999935030937194824e-01,9.999287724494934082e-01,9.999909996986389160e-01,-9.999928474426269531e-01,9.999914765357971191e-01,9.999646544456481934e-01,-9.999959468841552734e-01,9.999953508377075195e-01,-9.999837875366210938e-01,9.999871850013732910e-01,-9.999953508377075195e-01,9.996975064277648926e-01,-9.982275962829589844e-01,-9.999946355819702148e-01,-9.999893307685852051e-01,9.999142885208129883e-01,9.999934434890747070e-01,9.999754428863525391e-01,-9.999940395355224609e-01,9.999938607215881348e-01,-9.999929070472717285e-01,9.999932646751403809e-01,9.998598694801330566e-01,-9.999961853027343750e-01,9.999911785125732422e-01,-9.999957680702209473e-01,9.999934434890747070e-01,9.999798536300659180e-01,9.999914169311523438e-01,9.999951720237731934e-01,-9.999855756759643555e-01,-9.999932646751403809e-01,9.999904632568359375e-01,9.999557137489318848e-01,9.999817609786987305e-01,-9.999606013298034668e-01,9.999818801879882812e-01
9.999980330467224121e-01,-9.999983906745910645e-01,-9.999921321868896484e-01,9.999976158142089844e-01,9.999986886978149414e-01,-9.999985098838806152e-01,9.999951124191284180e-01,9.999988079071044922e-01,-9.999966025352478027e-01,9.999977946281433105e-01,-9.999985098838806152e-01,-9.999986886978149414e-01,9.999977350234985352e-01,9.999982714653015137e-01,9.999899268150329590e-01,9.999958276748657227e-01,9.999969601631164551e-01,-9.999980926513671875e-01,9.999919533729553223e-01,-9.999988675117492676e-01,-9.999986886978149414e-01,9.999912381172180176e-01,9.999982714653015137e-01,9.999979138374328613e-01,9.999864697456359863e-01,9.999987483024597168e-01,-9.999979734420776367e-01,-9.999986886978149414e-01,9.999867677688598633e-01,-9.999952316284179688e-01,-9.999907016754150391e-01,-9.999980330467224121e-01,9.999867081642150879e-01,9.999955892562866211e-01,-9.999973177909851074e-01,9.998704195022583008e-01,9.999988079071044922e-01,9.999982714653015137e-01,9.999899864196777344e-01,-9.999986290931701660e-01,9.999983906745910645e-01,-9.999897480010986328e-01,9.999755620956420898e-01,9.999986290931701660e-01,9.999980330467224121e-01,9.999979138374328613e-01,-9.999918937683105469e-01,9.999981522560119629e-01,9.999985098838806152e-01,-9.999982118606567383e-01,-9.999985694885253906e-01,-9.999978542327880859e-01,-9.999987483024597168e-01,-9.999914169311523438e-01,-9.999977946281433105e-01,-9.999977946281433105e-01,-9.999939203262329102e-01,9.999656081199645996e-01,9.999966621398925781e-01,9.999982118606567383e-01,-9.999980926513671875e-01,9.999987483024597168e-01,9.999980926513671875e-01,9.999945759773254395e-01,-9.999943971633911133e-01,-9.999985694885253906e-01,-9.999988675117492676e-01,-9.999951124191284180e-01,-9.999986290931701660e-01,9.999982714653015137e-01,-9.999985098838806152e-01,9.999973773956298828e-01,9.999880790710449219e-01,-9.999922513961791992e-01,-9.999716877937316895e-01,-9.999979734420776367e-01,9.999912381172180176e-01,9.999984502792358398e-01,-9.999933838844299316e-01,-9.999954104423522949e-01,9.999651312828063965e-01,9.999971985816955566e-01,-9.999986290931701660e-01,9.999975562095642090e-01,-9.999979734420776367e-01,-9.999868869781494141e-01,9.999768733978271484e-01,9.999986886978149414e-01,9.999818801879882812e-01,9.998675584793090820e-01,-9.999958872795104980e-01,9.999981522560119629e-01,-9.999786615371704102e-01,-9.999972581863403320e-01,9.999978542327880859e-01,-9.999974966049194336e-01,-9.999893903732299805e-01,9.999986886978149414e-01,-9.999986290931701660e-01,9.999951124191284180e-01,-9.999960660934448242e-01,9.999986886978149414e-01,-9.999091625213623047e-01,9.994674921035766602e-01,9.999982714653015137e-01,9.999967217445373535e-01,-9.999743103981018066e-01,-9.999980926513671875e-01,-9.999926686286926270e-01,9.999982118606567383e-01,-9.999982714653015137e-01,9.999978542327880859e-01,-9.999980330467224121e-01,-9.999579191207885742e-01,9.999988079071044922e-01,-9.999973177909851074e-01,9.999987483024597168e-01,-9.999979734420776367e-01,-9.999938607215881348e-01,-9.999973177909851074e-01,-9.999986290931701660e-01,9.999956488609313965e-01,9.999979734420776367e-01,-9.999970793724060059e-01,-9.999867677688598633e-01,-9.999945163726806641e-01,9.999881982803344727e-01,-9.999945759773254395e-01
9.999989271163940430e-01,-9.999991655349731445e-01,-9.999956488609313965e-01,9.999986886978149414e-01,9.999993443489074707e-01,-9.999992251396179199e-01,9.999972581863403320e-01,9.999994039535522461e-01,-9.999981522560119629e-01,9.999987483024597168e-01,-9.999991059303283691e-01,-9.999993443489074707e-01,9.999987483024597168e-01,9.999990463256835938e-01,9.999945163726806641e-01,9.999976158142089844e-01,9.999982714653015137e-01,-9.999989867210388184e-01,9.999955892562866211e-01,-9.999994039535522461e-01,-9.999993443489074707e-01,9.999951720237731934e-01,9.999991059303283691e-01,9.999988079071044922e-01,9.999926090240478516e-01,9.999992847442626953e-01,-9.999988675117492676e-01,-9.999992847442626953e-01,9.999927282333374023e-01,-9.999973773956298828e-01,-9.999949336051940918e-01,-9.999989271163940430e-01,9.999927282333374023e-01,9.999974966049194336e-01,-9.999984502792358398e-01,9.999291300773620605e-01,9.999994039535522461e-01,9.999992251396179199e-01,9.999945759773254395e-01,-9.999992251396179199e-01,9.999991655349731445e-01,-9.999943375587463379e-01,9.999866485595703125e-01,9.999992251396179199e-01,9.999989271163940430e-01,9.999988675117492676e-01,-9.999955892562866211e-01,9.999990463256835938e-01,9.999991655349731445e-01,-9.999991059303283691e-01,-9.999993443489074707e-01,-9.999988675117492676e-01,-9.999994039535522461e-01,-9.999952316284179688e-01,-9.999988079071044922e-01,-9.999988079071044922e-01,-9.999966025352478027e-01,9.999811649322509766e-01,9.999981522560119629e-01,9.999989271163940430e-01,-9.999988675117492676e-01,9.999993443489074707e-01,9.999988675117492676e-01,9.999969601631164551e-01,-9.999969601631164551e-01,-9.999992847442626953e-01,-9.999994039535522461e-01,-9.999972581863403320e-01,-9.999992847442626953e-01,9.999991059303283691e-01,-9.999991655349731445e-01,9.999985694885253906e-01,9.999935030937194824e-01,-9.999957680702209473e-01,-9.999845027923583984e-01,-9.999988079071044922e-01,9.999951720237731934e-01,9.999992251396179199e-01,-9.999963045120239258e-01,-9.999974370002746582e-01,9.999809861183166504e-01,9.999985098838806152e-01,-9.999992847442626953e-01,9.999986290931701660e-01,-9.999988675117492676e-01,-9.999928474426269531e-01,9.999872446060180664e-01,9.999994039535522461e-01,9.999900460243225098e-01,9.999275207519531250e-01,-9.999977350234985352e-01,9.999989271163940430e-01,-9.999882578849792480e-01,-9.999985098838806152e-01,9.999988079071044922e-01,-9.999985694885253906e-01,-9.999942183494567871e-01,9.999992847442626953e-01,-9.999992847442626953e-01,9.999973177909851074e-01,-9.999978542327880859e-01,9.999992847442626953e-01,-9.999503493309020996e-01,9.997087717056274414e-01,9.999990463256835938e-01,9.999982118606567383e-01,-9.999859333038330078e-01,-9.999989271163940430e-01,-9.999959468841552734e-01,9.999990463256835938e-01,-9.999989867210388184e-01,9.999988079071044922e-01,-9.999989271163940430e-01,-9.999770522117614746e-01,9.999994635581970215e-01,-9.999985098838806152e-01,9.999992847442626953e-01,-9.999988675117492676e-01,-9.999966621398925781e-01,-9.999985098838806152e-01,-9.999993443489074707e-01,9.999975562095642090e-01,9.999988675117492676e-01,-9.999983906745910645e-01,-9.999927878379821777e-01,-9.999969601631164551e-01,9.999934434890747070e-01,-9.999970197677612305e-01
-9.999987483024597168e-01,9.999990463256835938e-01,9.999951720237731934e-01,-9.999985098838806152e-01,-9.999992251396179199e-01,9.999991655349731445e-01,-9.999969005584716797e-01,-9.999993443489074707e-01,9.999979138374328613e-01,-9.999986290931701660e-01,9.999990463256835938e-01,9.999992251396179199e-01,-9.999985694885253906e-01,-9.999988675117492676e-01,-9.999938607215881348e-01,-9.999973177909851074e-01,-9.999979734420776367e-01,9.999988079071044922e-01,-9.999950528144836426e-01,9.999993443489074707e-01,9.999991655349731445e-01,-9.999946355819702148e-01,-9.999988675117492676e-01,-9.999986290931701660e-01,-9.999917149543762207e-01,-9.999992251396179199e-01,9.999987483024597168e-01,9.999992251396179199e-01,-9.999918341636657715e-01,9.999970197677612305e-01,9.999943375587463379e-01,9.999987483024597168e-01,-9.999918937683105469e-01,-9.999972581863403320e-01,9.999983310699462891e-01,-9.999206066131591797e-01,-9.999992251396179199e-01,-9.999989867210388184e-01,-9.999938607215881348e-01,9.999992251396179199e-01,-9.999989271163940430e-01,9.999936819076538086e-01,-9.999849200248718262e-01,-9.999992251396179199e-01,-9.999988079071044922e-01,-9.999986290931701660e-01,9.999949932098388672e-01,-9.999988079071044922e-01,-9.999990463256835938e-01,9.999988675117492676e-01,9.999991655349731445e-01,9.999986886978149414e-01,9.999992251396179199e-01,9.999946951866149902e-01,9.999986886978149414e-01,9.999986290931701660e-01,9.999963641166687012e-01,-9.999789595603942871e-01,-9.999978542327880859e-01,-9.999988079071044922e-01,9.999987483024597168e-01,-9.999991655349731445e-01,-9.999987483024597168e-01,-9.999965429306030273e-01,9.999964833259582520e-01,9.999991655349731445e-01,9.999992251396179199e-01,9.999969005584716797e-01,9.999991655349731445e-01,-9.999989867210388184e-01,9.999991655349731445e-01,-9.999983906745910645e-01,-9.999926686286926270e-01,9.999952912330627441e-01,9.999825954437255859e-01,9.999986886978149414e-01,-9.999946355819702148e-01,-9.999991059303283691e-01,9.999958872795104980e-01,9.999970793724060059e-01,-9.999787211418151855e-01,-9.999982714653015137e-01,9.999991655349731445e-01,-9.999984502792358398e-01,9.999987483024597168e-01,9.999918937683105469e-01,-9.999858736991882324e-01,-9.999992847442626953e-01,-9.999888539314270020e-01,-9.999189376831054688e-01,9.999974370002746582e-01,-9.999988079071044922e-01,9.999869465827941895e-01,9.999982118606567383e-01,-9.999987483024597168e-01,9.999983906745910645e-01,9.999934434890747070e-01,-9.999992251396179199e-01,9.999992847442626953e-01,-9.999969601631164551e-01,9.999976158142089844e-01,-9.999991059303283691e-01,9.999445676803588867e-01,-9.996742010116577148e-01,-9.999990463256835938e-01,-9.999980330467224121e-01,9.999842643737792969e-01,9.999987483024597168e-01,9.999954700469970703e-01,-9.999988079071044922e-01,9.999988675117492676e-01,-9.999986886978149414e-01,9.999987483024597168e-01,9.999742507934570312e-01,-9.999993443489074707e-01,9.999982714653015137e-01,-9.999991655349731445e-01,9.999987483024597168e-01,9.999961256980895996e-01,9.999983310699462891e-01,9.999991655349731445e-01,-9.999972581863403320e-01,-9.999987483024597168e-01,9.999982118606567383e-01,9.999918937683105469e-01,9.999967217445373535e-01,-9.999927878379821777e-01,9.999966621398925781e-01
9.999959468841552734e-01,-9.999966621398925781e-01,-9.999834299087524414e-01,9.999951124191284180e-01,9.999972581863403320e-01,-9.999969005584716797e-01,9.999895691871643066e-01,9.999976158142089844e-01,-9.999930262565612793e-01,9.999954104423522949e-01,-9.999969005584716797e-01,-9.999971985816955566e-01,9.999952912330627441e-01,9.999963045120239258e-01,9.999788999557495117e-01,9.999912381172180176e-01,9.999935626983642578e-01,-9.999961853027343750e-01,9.999831318855285645e-01,-9.999977350234985352e-01,-9.999974370002746582e-01,9.999815821647644043e-01,9.999964237213134766e-01,9.999957084655761719e-01,9.999714493751525879e-01,9.999973773956298828e-01,-9.999958276748657227e-01,-9.999971985816955566e-01,9.999722242355346680e-01,-9.999898672103881836e-01,-9.999805688858032227e-01,-9.999960064888000488e-01,9.999721646308898926e-01,9.999907612800598145e-01,-9.999945163726806641e-01,9.997273683547973633e-01,9.999974370002746582e-01,9.999965429306030273e-01,9.999789595603942871e-01,-9.999971985816955566e-01,9.999966025352478027e-01,-9.999786019325256348e-01,9.999486207962036133e-01,9.999972581863403320e-01,9.999959468841552734e-01,9.999957084655761719e-01,-9.999830722808837891e-01,9.999962449073791504e-01,9.999970197677612305e-01,-9.999963641166687012e-01,-9.999969601631164551e-01,-9.999957680702209473e-01,-9.999973177909851074e-01,-9.999819993972778320e-01,-9.999955892562866211e-01,-9.999954700469970703e-01,-9.999873042106628418e-01,9.999276399612426758e-01,9.999930262565612793e-01,9.999960660934448242e-01,-9.999960660934448242e-01,9.999973177909851074e-01,9.999960064888000488e-01,9.999884366989135742e-01,-9.999883770942687988e-01,-9.999971389770507812e-01,-9.999975562095642090e-01,-9.999899268150329590e-01,-9.999973177909851074e-01,9.999965429306030273e-01,-9.999969601631164551e-01,9.999945759773254395e-01,9.999749660491943359e-01,-9.999837875366210938e-01,-9.999403953552246094e-01,-9.999958872795104980e-01,9.999815821647644043e-01,9.999969005584716797e-01,-9.999861717224121094e-01,-9.999903440475463867e-01,9.999267458915710449e-01,9.999943375587463379e-01,-9.999971389770507812e-01,9.999948740005493164e-01,-9.999958276748657227e-01,-9.999724626541137695e-01,9.999513030052185059e-01,9.999973773956298828e-01,9.999619126319885254e-01,9.997214674949645996e-01,-9.999914169311523438e-01,9.999959468841552734e-01,-9.999551177024841309e-01,-9.999943375587463379e-01,9.999955296516418457e-01,-9.999946951866149902e-01,-9.999778270721435547e-01,9.999974370002746582e-01,-9.999970793724060059e-01,9.999898076057434082e-01,-9.999919533729553223e-01,9.999970793724060059e-01,-9.998090863227844238e-01,9.988801479339599609e-01,9.999965429306030273e-01,9.999933838844299316e-01,-9.999458789825439453e-01,-9.999958872795104980e-01,-9.999845623970031738e-01,9.999961853027343750e-01,-9.999961853027343750e-01,9.999956488609313965e-01,-9.999958872795104980e-01,-9.999114871025085449e-01,9.999975562095642090e-01,-9.999945163726806641e-01,9.999973177909851074e-01,-9.999958276748657227e-01,-9.999873042106628418e-01,-9.999946355819702148e-01,-9.999969601631164551e-01,9.999909996986389160e-01,9.999958276748657227e-01,-9.999940991401672363e-01,-9.999721646308898926e-01,-9.999886155128479004e-01,9.999752044677734375e-01,-9.999886751174926758e-01
9.999991059303283691e-01,-9.999992251396179199e-01,-9.999960660934448242e-01,9.999988079071044922e-01,9.999994039535522461e-01,-9.999993443489074707e-01,9.999976158142089844e-01,9.999994039535522461e-01,-9.999983310699462891e-01,9.999988675117492676e-01,-9.999992251396179199e-01,-9.999994039535522461e-01,9.999988675117492676e-01,9.999992847442626953e-01,9.999951124191284180e-01,9.999979138374328613e-01,9.999984502792358398e-01,-9.999990463256835938e-01,9.999960064888000488e-01,-9.999994635581970215e-01,-9.999993443489074707e-01,9.999957084655761719e-01,9.999992251396179199e-01,9.999989867210388184e-01,9.999933242797851562e-01,9.999993443489074707e-01,-9.999990463256835938e-01,-9.999994039535522461e-01,9.999935030937194824e-01,-9.999976754188537598e-01,-9.999954700469970703e-01,-9.999991059303283691e-01,9.999935030937194824e-01,9.999977350234985352e-01,-9.999986290931701660e-01,9.999364018440246582e-01,9.999993443489074707e-01,9.999992251396179199e-01,9.999950528144836426e-01,-9.999993443489074707e-01,9.999991655349731445e-01,-9.999949336051940918e-01,9.999879002571105957e-01,9.999994039535522461e-01,9.999991059303283691e-01,9.999989271163940430e-01,-9.999959468841552734e-01,9.999990463256835938e-01,9.999992251396179199e-01,-9.999991655349731445e-01,-9.999992847442626953e-01,-9.999990463256835938e-01,-9.999994635581970215e-01,-9.999957084655761719e-01,-9.999989271163940430e-01,-9.999988675117492676e-01,-9.999969601631164551e-01,9.999831318855285645e-01,9.999983310699462891e-01,9.999989867210388184e-01,-9.999991059303283691e-01,9.999993443489074707e-01,9.999989867210388184e-01,9.999972581863403320e-01,-9.999972581863403320e-01,-9.999993443489074707e-01,-9.999994635581970215e-01,-9.999976158142089844e-01,-9.999993443489074707e-01,9.999992251396179199e-01,-9.999992847442626953e-01,9.999986886978149414e-01,9.999940395355224609e-01,-9.999961256980895996e-01,-9.999861121177673340e-01,-9.999989271163940430e-01,9.999957084655761719e-01,9.999992847442626953e-01,-9.999966025352478027e-01,-9.999976754188537598e-01,9.999829530715942383e-01,9.999986290931701660e-01,-9.999993443489074707e-01,9.999987483024597168e-01,-9.999990463256835938e-01,-9.999935626983642578e-01,9.999885559082031250e-01,9.999994039535522461e-01,9.999911189079284668e-01,9.999349713325500488e-01,-9.999979734420776367e-01,9.999991059303283691e-01,-9.999894499778747559e-01,-9.999986290931701660e-01,9.999989271163940430e-01,-9.999987483024597168e-01,-9.999947547912597656e-01,9.999994635581970215e-01,-9.999994039535522461e-01,9.999975562095642090e-01,-9.999980926513671875e-01,9.999993443489074707e-01,-9.999554157257080078e-01,9.997386932373046875e-01,9.999991655349731445e-01,9.999983906745910645e-01,-9.999874234199523926e-01,-9.999990463256835938e-01,-9.999962449073791504e-01,9.999991655349731445e-01,-9.999991655349731445e-01,9.999988675117492676e-01,-9.999990463256835938e-01,-9.999793171882629395e-01,9.999994635581970215e-01,-9.999986290931701660e-01,9.999993443489074707e-01,-9.999990463256835938e-01,-9.999969005584716797e-01,-9.999987483024597168e-01,-9.999993443489074707e-01,9.999977946281433105e-01,9.999990463256835938e-01,-9.999985694885253906e-01,-9.999935030937194824e-01,-9.999973177909851074e-01,9.999942183494567871e-01,-9.999973177909851074e-01
-9.999971985816955566e-01,9.999976754188537598e-01,9.999887347221374512e-01,-9.999966025352478027e-01,-9.999981522560119629e-01,9.999979138374328613e-01,-9.999930262565612793e-01,-9.999983310699462891e-01,9.999951720237731934e-01,-9.999968409538269043e-01,9.999978542327880859e-01,9.999980926513671875e-01,-9.999967813491821289e-01,-9.999973773956298828e-01,-9.999856352806091309e-01,-9.999940395355224609e-01,-9.999955892562866211e-01,9.999972581863403320e-01,-9.999886155128479004e-01,9.999983906745910645e-01,9.999982118606567383e-01,-9.999874830245971680e-01,-9.999976158142089844e-01,-9.999970197677612305e-01,-9.999806880950927734e-01,-9.999982118606567383e-01,9.999970793724060059e-01,9.999979734420776367e-01,-9.999811053276062012e-01,9.999930858612060547e-01,9.999867677688598633e-01,9.999971985816955566e-01,-9.999811649322509766e-01,-9.999937415122985840e-01,9.999961853027343750e-01,-9.998154044151306152e-01,-9.999982714653015137e-01,-9.999976158142089844e-01,-9.999856948852539062e-01,9.999980330467224121e-01,-9.999976754188537598e-01,9.999855160713195801e-01,-9.999651312828063965e-01,-9.999980926513671875e-01,-9.999971389770507812e-01,-9.999970197677612305e-01,9.999884366989135742e-01,-9.999973177909851074e-01,-9.999978542327880859e-01,9.999974370002746582e-01,9.999978542327880859e-01,9.999970793724060059e-01,9.999982118606567383e-01,9.999877810478210449e-01,9.999969005584716797e-01,9.999968409538269043e-01,9.999914765357971191e-01,-9.999510049819946289e-01,-9.999951720237731934e-01,-9.999972581863403320e-01,9.999972581863403320e-01,-9.999982118606567383e-01,-9.999971389770507812e-01,-9.999922513961791992e-01,9.999921321868896484e-01,9.999979734420776367e-01,9.999983310699462891e-01,9.999931454658508301e-01,9.999980926513671875e-01,-9.999976158142089844e-01,9.999978542327880859e-01,-9.999962449073791504e-01,-9.999830126762390137e-01,9.999889731407165527e-01,9.999595880508422852e-01,9.999971389770507812e-01,-9.999874830245971680e-01,-9.999979138374328613e-01,9.999905824661254883e-01,9.999933838844299316e-01,-9.999504685401916504e-01,-9.999959468841552734e-01,9.999980330467224121e-01,-9.999965429306030273e-01,9.999971389770507812e-01,9.999812841415405273e-01,-9.999670386314392090e-01,-9.999981522560119629e-01,-9.999741911888122559e-01,-9.998113512992858887e-01,9.999942183494567871e-01,-9.999971985816955566e-01,9.999696016311645508e-01,9.999960660934448242e-01,-9.999969601631164551e-01,9.999963045120239258e-01,9.999849200248718262e-01,-9.999982714653015137e-01,9.999980330467224121e-01,-9.999930858612060547e-01,9.999945163726806641e-01,-9.999979734420776367e-01,9.998707175254821777e-01,-9.992414712905883789e-01,-9.999976754188537598e-01,-9.999954104423522949e-01,9.999633431434631348e-01,9.999971985816955566e-01,9.999895691871643066e-01,-9.999974370002746582e-01,9.999974370002746582e-01,-9.999969601631164551e-01,9.999970793724060059e-01,9.999399781227111816e-01,-9.999983310699462891e-01,9.999961853027343750e-01,-9.999982118606567383e-01,9.999971985816955566e-01,9.999914169311523438e-01,9.999963045120239258e-01,9.999979734420776367e-01,-9.999938607215881348e-01,-9.999971985816955566e-01,9.999959468841552734e-01,9.999811649322509766e-01,9.999921917915344238e-01,-9.999831318855285645e-01,9.999923110008239746e-01
9.999982714653015137e-01,-9.999984502792358398e-01,-9.999925494194030762e-01,9.999977946281433105e-01,9.999987483024597168e-01,-9.999986290931701660e-01,9.999954104423522949e-01,9.999988675117492676e-01,-9.999968409538269043e-01,9.999979138374328613e-01,-9.999985098838806152e-01,-9.999987483024597168e-01,9.999978542327880859e-01,9.999982714653015137e-01,9.999904632568359375e-01,9.999960064888000488e-01,9.999970197677612305e-01,-9.999982118606567383e-01,9.999923706054687500e-01,-9.999989271163940430e-01,-9.999988079071044922e-01,9.999917149543762207e-01,9.999983310699462891e-01,9.999981522560119629e-01,9.999871850013732910e-01,9.999988079071044922e-01,-9.999982118606567383e-01,-9.999987483024597168e-01,9.999875426292419434e-01,-9.999954700469970703e-01,-9.999912381172180176e-01,-9.999981522560119629e-01,9.999874830245971680e-01,9.999958276748657227e-01,-9.999974370002746582e-01,9.998774528503417969e-01,9.999988675117492676e-01,9.999985098838806152e-01,9.999905824661254883e-01,-9.999988079071044922e-01,9.999985694885253906e-01,-9.999903440475463867e-01,9.999769330024719238e-01,9.999987483024597168e-01,9.999982118606567383e-01,9.999980330467224121e-01,-9.999923110008239746e-01,9.999981522560119629e-01,9.999986290931701660e-01,-9.999983310699462891e-01,-9.999986886978149414e-01,-9.999980330467224121e-01,-9.999988079071044922e-01,-9.999918937683105469e-01,-9.999979734420776367e-01,-9.999979734420776367e-01,-9.999943375587463379e-01,9.999675154685974121e-01,9.999968409538269043e-01,9.999982118606567383e-01,-9.999982118606567383e-01,9.999987483024597168e-01,9.999981522560119629e-01,9.999947547912597656e-01,-9.999947547912597656e-01,-9.999986886978149414e-01,-9.999989271163940430e-01,-9.999954104423522949e-01,-9.999988079071044922e-01,9.999983906745910645e-01,-9.999986886978149414e-01,9.999974966049194336e-01,9.999887347221374512e-01,-9.999927878379821777e-01,-9.999733567237854004e-01,-9.999980926513671875e-01,9.999917745590209961e-01,9.999986290931701660e-01,-9.999937415122985840e-01,-9.999956488609313965e-01,9.999670386314392090e-01,9.999973773956298828e-01,-9.999986886978149414e-01,9.999976754188537598e-01,-9.999980330467224121e-01,-9.999876618385314941e-01,9.999782443046569824e-01,9.999988079071044922e-01,9.999829530715942383e-01,9.998748302459716797e-01,-9.999961853027343750e-01,9.999982714653015137e-01,-9.999798536300659180e-01,-9.999974966049194336e-01,9.999979138374328613e-01,-9.999976158142089844e-01,-9.999899864196777344e-01,9.999988675117492676e-01,-9.999987483024597168e-01,9.999954104423522949e-01,-9.999963045120239258e-01,9.999986290931701660e-01,-9.999142289161682129e-01,9.994966387748718262e-01,9.999983310699462891e-01,9.999970197677612305e-01,-9.999757409095764160e-01,-9.999982118606567383e-01,-9.999930858612060547e-01,9.999982714653015137e-01,-9.999982118606567383e-01,9.999979734420776367e-01,-9.999981522560119629e-01,-9.999601840972900391e-01,9.999989271163940430e-01,-9.999974370002746582e-01,9.999988079071044922e-01,-9.999982118606567383e-01,-9.999942183494567871e-01,-9.999974966049194336e-01,-9.999986886978149414e-01,9.999959468841552734e-01,9.999982118606567383e-01,-9.999972581863403320e-01,-9.999874830245971680e-01,-9.999949932098388672e-01,9.999888539314270020e-01,-9.999948740005493164e-01
-9.999987483024597168e-01,9.999989867210388184e-01,9.999949336051940918e-01,-9.999985098838806152e-01,-9.999991059303283691e-01,9.999990463256835938e-01,-9.999969005584716797e-01,-9.999992251396179199e-01,9.999978542327880859e-01,-9.999985098838806152e-01,9.999989867210388184e-01,9.999992251396179199e-01,-9.999985098838806152e-01,-9.999988675117492676e-01,-9.999936223030090332e-01,-9.999973177909851074e-01,-9.999980330467224121e-01,9.999987483024597168e-01,-9.999948143959045410e-01,9.999993443489074707e-01,9.999992251396179199e-01,-9.999943971633911133e-01,-9.999989271163940430e-01,-9.999985694885253906e-01,-9.999914169311523438e-01,-9.999992847442626953e-01,9.999986886978149414e-01,9.999992251396179199e-01,-9.999916553497314453e-01,9.999969601631164551e-01,9.999941587448120117e-01,9.999986886978149414e-01,-9.999915361404418945e-01,-9.999970793724060059e-01,9.999982118606567383e-01,-9.999181032180786133e-01,-9.999991655349731445e-01,-9.999989271163940430e-01,-9.999936819076538086e-01,9.999991059303283691e-01,-9.999989271163940430e-01,9.999935030937194824e-01,-9.999845623970031738e-01,-9.999991059303283691e-01,-9.999986886978149414e-01,-9.999986290931701660e-01,9.999948740005493164e-01,-9.999987483024597168e-01,-9.999991059303283691e-01,9.999988675117492676e-01,9.999991059303283691e-01,9.999986290931701660e-01,9.999992251396179199e-01,9.999945163726806641e-01,9.999985694885253906e-01,9.999985098838806152e-01,9.999961256980895996e-01,-9.999782443046569824e-01,-9.999978542327880859e-01,-9.999988079071044922e-01,9.999988079071044922e-01,-9.999991655349731445e-01,-9.999986886978149414e-01,-9.999964833259582520e-01,9.999963641166687012e-01,9.999991655349731445e-01,9.999992251396179199e-01,9.999968409538269043e-01,9.999991655349731445e-01,-9.999989271163940430e-01,9.999991059303283691e-01,-9.999983310699462891e-01,-9.999923706054687500e-01,9.999950528144836426e-01,9.999821186065673828e-01,9.999986290931701660e-01,-9.999944567680358887e-01,-9.999991059303283691e-01,9.999957680702209473e-01,9.999969601631164551e-01,-9.999780058860778809e-01,-9.999982714653015137e-01,9.999991655349731445e-01,-9.999983906745910645e-01,9.999986886978149414e-01,9.999917149543762207e-01,-9.999852776527404785e-01,-9.999992251396179199e-01,-9.999884963035583496e-01,-9.999162554740905762e-01,9.999973773956298828e-01,-9.999987483024597168e-01,9.999865293502807617e-01,9.999982714653015137e-01,-9.999986290931701660e-01,9.999983310699462891e-01,9.999933242797851562e-01,-9.999992847442626953e-01,9.999991655349731445e-01,-9.999969005584716797e-01,9.999974370002746582e-01,-9.999991655349731445e-01,9.999426007270812988e-01,-9.996635317802429199e-01,-9.999989271163940430e-01,-9.999979734420776367e-01,9.999837875366210938e-01,9.999987483024597168e-01,9.999952912330627441e-01,-9.999988675117492676e-01,9.999988079071044922e-01,-9.999986290931701660e-01,9.999986886978149414e-01,9.999734163284301758e-01,-9.999992847442626953e-01,9.999983310699462891e-01,-9.999991655349731445e-01,9.999988079071044922e-01,9.999960064888000488e-01,9.999982714653015137e-01,9.999991059303283691e-01,-9.999971389770507812e-01,-9.999986290931701660e-01,9.999981522560119629e-01,9.999916553497314453e-01,9.999964833259582520e-01,-9.999925494194030762e-01,9.999965429306030273e-01
-9.999989271163940430e-01,9.999991655349731445e-01,9.999956488609313965e-01,-9.999986886978149414e-01,-9.999993443489074707e-01,9.999992251396179199e-01,-9.999971985816955566e-01,-9.999994039535522461e-01,9.999980926513671875e-01,-9.999987483024597168e-01,9.999992251396179199e-01,9.999992847442626953e-01,-9.999988079071044922e-01,-9.999990463256835938e-01,-9.999944567680358887e-01,-9.999976754188537598e-01,-9.999982714653015137e-01,9.999989867210388184e-01,-9.999955296516418457e-01,9.999994039535522461e-01,9.999992847442626953e-01,-9.999951720237731934e-01,-9.999991059303283691e-01,-9.999988675117492676e-01,-9.999926090240478516e-01,-9.999993443489074707e-01,9.999988675117492676e-01,9.999992847442626953e-01,-9.999926686286926270e-01,9.999973773956298828e-01,9.999948740005493164e-01,9.999989271163940430e-01,-9.999926686286926270e-01,-9.999975562095642090e-01,9.999985098838806152e-01,-9.999282956123352051e-01,-9.999993443489074707e-01,-9.999991059303283691e-01,-9.999945163726806641e-01,9.999992847442626953e-01,-9.999991655349731445e-01,9.999942779541015625e-01,-9.999864101409912109e-01,-9.999992847442626953e-01,-9.999989867210388184e-01,-9.999988675117492676e-01,9.999955296516418457e-01,-9.999989867210388184e-01,-9.999991655349731445e-01,9.999990463256835938e-01,9.999992251396179199e-01,9.999988675117492676e-01,9.999994039535522461e-01,9.999952912330627441e-01,9.999988079071044922e-01,9.999988079071044922e-01,9.999966621398925781e-01,-9.999809265136718750e-01,-9.999980926513671875e-01,-9.999989271163940430e-01,9.999989271163940430e-01,-9.999993443489074707e-01,-9.999989271163940430e-01,-9.999969005584716797e-01,9.999969005584716797e-01,9.999992847442626953e-01,9.999994039535522461e-01,9.999973177909851074e-01,9.999992251396179199e-01,-9.999991059303283691e-01,9.999992251396179199e-01,-9.999986290931701660e-01,-9.999933838844299316e-01,9.999957680702209473e-01,9.999844431877136230e-01,9.999988079071044922e-01,-9.999951124191284180e-01,-9.999992847442626953e-01,9.999961853027343750e-01,9.999973773956298828e-01,-9.999807476997375488e-01,-9.999984502792358398e-01,9.999992847442626953e-01,-9.999986290931701660e-01,9.999989271163940430e-01,9.999927282333374023e-01,-9.999872446060180664e-01,-9.999993443489074707e-01,-9.999899864196777344e-01,-9.999266862869262695e-01,9.999976754188537598e-01,-9.999989271163940430e-01,9.999881982803344727e-01,9.999984502792358398e-01,-9.999988675117492676e-01,9.999985694885253906e-01,9.999941587448120117e-01,-9.999993443489074707e-01,9.999992251396179199e-01,-9.999973177909851074e-01,9.999978542327880859e-01,-9.999992847442626953e-01,9.999498724937438965e-01,-9.997054338455200195e-01,-9.999991655349731445e-01,-9.999982118606567383e-01,9.999858736991882324e-01,9.999988675117492676e-01,9.999958872795104980e-01,-9.999990463256835938e-01,9.999989867210388184e-01,-9.999988079071044922e-01,9.999989271163940430e-01,9.999768137931823730e-01,-9.999994635581970215e-01,9.999985098838806152e-01,-9.999992847442626953e-01,9.999988675117492676e-01,9.999966025352478027e-01,9.999985694885253906e-01,9.999993443489074707e-01,-9.999976158142089844e-01,-9.999989271163940430e-01,9.999983906745910645e-01,9.999926686286926270e-01,9.999970197677612305e-01,-9.999935030937194824e-01,9.999970793724060059e-01
