5.445328950881958008e-01,-1.094828546047210693e-02,-2.553603611886501312e-02,2.878705598413944244e-02,1.637841612100601196e-01,-1.970620080828666687e-02,2.790904603898525238e-03,3.379034698009490967e-01,7.173513621091842651e-02,1.936617679893970490e-02,-6.241365894675254822e-02,-2.823376655578613281e-02,4.159646853804588318e-02,5.820943117141723633e-01,2.429982125759124756e-01,6.274482607841491699e-02,-2.510217949748039246e-03,-3.531588613986968994e-02,1.707908362150192261e-01,-1.211693603545427322e-02,-3.057893514633178711e-01,-6.188116967678070068e-03,9.422340244054794312e-02,-7.339466363191604614e-02,-1.998813077807426453e-02,-1.854251921176910400e-01,-2.407215535640716553e-02,-1.714633852243423462e-01,-7.731894403696060181e-02,-2.905814349651336670e-01,-1.287221759557723999e-01,-2.329639904201030731e-02,-2.914174273610115051e-02,7.953841239213943481e-02,-3.538390994071960449e-02,-8.801562339067459106e-02,-1.825945079326629639e-02,-1.059825625270605087e-02,-1.607037335634231567e-01,-3.711784482002258301e-01,9.886659681797027588e-03,1.196247637271881104e-01,-2.724925056099891663e-02,2.124343439936637878e-02,3.342252969741821289e-01,-2.723717391490936279e-01,-1.019417122006416321e-01,-8.653089404106140137e-02,-5.937668494880199432e-03,3.987265808973461390e-04,4.993199929594993591e-02,-1.116190627217292786e-01,4.160491749644279480e-02,-1.198742911219596863e-01,-2.963443100452423096e-02,-1.199913695454597473e-01,6.931316852569580078e-02,1.337460707873106003e-02,-5.231712386012077332e-02,-1.744662225246429443e-02,7.503757625818252563e-02,3.821128606796264648e-02,2.065319195389747620e-02,-2.530558966100215912e-02,-9.371488541364669800e-02,5.737385526299476624e-02,1.134981587529182434e-02,1.096172481775283813e-01,-2.840046212077140808e-02,5.975805595517158508e-02,-6.570091843605041504e-02,-3.579653799533843994e-01,1.475543621927499771e-02,4.411052167415618896e-02,-3.130453452467918396e-02,-4.638154059648513794e-02,-8.241410367190837860e-03,8.888044953346252441e-02,-2.024373859167098999e-01,-9.862805902957916260e-02,-1.632547006011009216e-02,3.738597966730594635e-03,-1.935039609670639038e-01,-6.100618280470371246e-03,-1.100941076874732971e-01,-2.349143102765083313e-02,2.008828818798065186e-01,-8.224870078265666962e-03,1.226566918194293976e-02,4.239868430886417627e-04,-4.750258754938840866e-03,-5.498433485627174377e-02,1.149511262774467468e-01,-9.982647001743316650e-02,8.523910492658615112e-02,-7.862146198749542236e-02,2.530755996704101562e-01,-3.728656447492539883e-04,-1.070377677679061890e-01,1.403783708810806274e-01,-3.751625865697860718e-02,4.673785716295242310e-02,4.788472782820463181e-03,-3.496306599117815495e-04,-1.865918636322021484e-01,1.481708735227584839e-01,1.752908676862716675e-01,2.819715067744255066e-02,-7.756040245294570923e-02,2.492960356175899506e-02,2.673649787902832031e-01,5.290159955620765686e-02,2.628798410296440125e-02,-3.250136077404022217e-01,8.897310495376586914e-02,-7.482074201107025146e-03,3.319681286811828613e-01,-2.029233723878860474e-01,-3.158884346485137939e-01,-6.321899592876434326e-03,-1.201927885413169861e-01,1.262867152690887451e-01,8.192438632249832153e-02,5.501067265868186951e-02,4.055945202708244324e-02,-1.498529762029647827e-01,-2.698945999145507812e-02,4.766862466931343079e-02
-1.094828546047210693e-02,2.650318853557109833e-02,-1.403558999300003052e-01,4.824969172477722168e-02,7.092143595218658447e-02,-4.161199927330017090e-02,-2.796670049428939819e-02,3.044247254729270935e-02,-4.536042251856997609e-05,1.273785531520843506e-02,4.799013957381248474e-02,-2.877109870314598083e-02,1.060885787010192871e-01,1.951161399483680725e-02,1.042979285120964050e-01,1.008024886250495911e-01,-1.846966799348592758e-03,1.252672076225280762e-01,-2.192375063896179199e-02,-5.561187863349914551e-02,3.862744197249412537e-02,1.242140233516693115e-01,7.428123801946640015e-02,4.350548982620239258e-02,7.288324180990457535e-03,1.526585519313812256e-01,-1.288668215274810791e-01,-1.071296334266662598e-01,1.025663986802101135e-01,-1.230280473828315735e-02,1.017363183200359344e-02,-1.113125085830688477e-01,8.277308940887451172e-02,5.522097647190093994e-02,6.507012993097305298e-03,-1.135560944676399231e-01,5.167709663510322571e-03,2.455347776412963867e-02,-8.009970188140869141e-02,-8.263636380434036255e-02,1.231084018945693970e-01,-1.653136126697063446e-02,1.450988054275512695e-01,1.347462367266416550e-02,-8.172254078090190887e-03,-8.831747621297836304e-02,-1.279494762420654297e-01,-2.290132641792297363e-02,-3.537713736295700073e-02,3.039836138486862183e-02,2.223560586571693420e-03,1.088843215256929398e-02,1.549914246425032616e-03,1.033231802284717560e-02,-8.016820065677165985e-04,-1.042502969503402710e-01,2.313362620770931244e-02,1.263771858066320419e-02,-1.202821433544158936e-01,-4.780671373009681702e-02,3.321528062224388123e-02,-7.964236661791801453e-03,5.787607282400131226e-03,4.768759757280349731e-02,1.609089039266109467e-02,-2.431232295930385590e-02,7.335308194160461426e-02,1.428852379322052002e-01,-1.321768164634704590e-01,4.995529726147651672e-02,-7.148977369070053101e-02,-6.401349324733018875e-03,-1.905762962996959686e-02,9.968448430299758911e-02,-4.730356857180595398e-02,-1.127140447497367859e-01,-7.311159279197454453e-03,1.241670846939086914e-01,1.249943394213914871e-03,-9.340017288923263550e-02,1.077064946293830872e-01,2.858431544154882431e-03,-9.817031025886535645e-02,6.681576371192932129e-03,-8.761190623044967651e-02,-1.378254890441894531e-01,8.893259614706039429e-02,1.098984945565462112e-02,7.328899204730987549e-02,-9.373180218972265720e-04,-3.069987706840038300e-02,-3.116639703512191772e-02,-1.089160591363906860e-01,3.979596123099327087e-02,-7.406421005725860596e-02,1.508782245218753815e-02,9.985741227865219116e-02,-4.926422261632978916e-04,-7.733285427093505859e-02,5.249201133847236633e-02,1.378005184233188629e-02,4.094727709889411926e-02,-9.825367480516433716e-02,-1.054144091904163361e-02,1.354260742664337158e-01,-1.938795484602451324e-02,-5.447939410805702209e-02,-1.075344607234001160e-01,-2.643906511366367340e-02,-1.791211403906345367e-02,5.397035181522369385e-02,-8.628010400570929050e-04,-1.015629470348358154e-01,-5.021687224507331848e-02,1.452393084764480591e-01,-1.308442056179046631e-01,6.527523696422576904e-02,5.905300006270408630e-02,-1.098461300134658813e-01,1.739816553890705109e-02,1.055476069450378418e-01,1.060387566685676575e-01,1.040700450539588928e-01,-8.869407325983047485e-02,-9.556291997432708740e-02,-6.265944242477416992e-02,-2.887466922402381897e-03,7.235296070575714111e-02
-2.553603611886501312e-02,-1.403558999300003052e-01,8.282063007354736328e-01,-3.618397712707519531e-01,-4.004439115524291992e-01,1.944671422243118286e-01,1.009849980473518372e-01,-2.165440469980239868e-01,-7.928127160994336009e-05,-1.090940982103347778e-01,-2.990463972091674805e-01,2.109747081995010376e-01,-6.141870021820068359e-01,-2.651916146278381348e-01,-6.663320064544677734e-01,-6.234987974166870117e-01,-1.388639211654663086e-02,-6.928527951240539551e-01,1.282313168048858643e-01,3.984366655349731445e-01,-1.602289378643035889e-01,-7.637871503829956055e-01,-5.939665436744689941e-01,-9.276563674211502075e-02,-5.042148381471633911e-02,-7.893043160438537598e-01,7.610531449317932129e-01,5.427758693695068359e-01,-6.531547307968139648e-01,1.798245608806610107e-01,-4.091615602374076843e-02,7.287550568580627441e-01,-5.659092068672180176e-01,-4.348318576812744141e-01,-2.276069112122058868e-02,7.241408228874206543e-01,-2.918509766459465027e-02,-1.550126075744628906e-01,5.623954534530639648e-01,6.123257279396057129e-01,-7.206223011016845703e-01,6.887412816286087036e-02,-7.729927301406860352e-01,-9.359634667634963989e-02,-4.124691337347030640e-02,6.770780682563781738e-01,7.669989466667175293e-01,1.647023111581802368e-01,1.880504637956619263e-01,-7.230015844106674194e-02,-4.438421875238418579e-02,-5.704690143465995789e-02,-3.191169351339340210e-03,-1.330444961786270142e-02,-3.435944765806198120e-02,6.924069523811340332e-01,-1.757270097732543945e-01,-8.537732064723968506e-02,6.911939382553100586e-01,3.304482996463775635e-01,-1.363481432199478149e-01,-4.662367701530456543e-02,-4.712447524070739746e-02,-3.925889134407043457e-01,-7.787182927131652832e-02,1.432510763406753540e-01,-4.223996996879577637e-01,-7.935776114463806152e-01,7.690258622169494629e-01,-2.603170871734619141e-01,5.216386318206787109e-01,1.682861894369125366e-01,1.268201321363449097e-01,-6.927127242088317871e-01,2.872490882873535156e-01,6.393542289733886719e-01,4.414001479744911194e-02,-8.064576983451843262e-01,6.982433050870895386e-02,6.743303537368774414e-01,-7.199757695198059082e-01,-2.246751636266708374e-02,6.030829548835754395e-01,-3.492395952343940735e-02,6.241921186447143555e-01,7.340921163558959961e-01,-5.739878416061401367e-01,-6.159117817878723145e-02,-4.927552640438079834e-01,-2.946723811328411102e-02,1.859753131866455078e-01,2.380696833133697510e-01,6.590185165405273438e-01,-2.424208968877792358e-01,5.075808167457580566e-01,-2.250466495752334595e-02,-6.126560568809509277e-01,3.621910465881228447e-03,5.555321574211120605e-01,-4.354269206523895264e-01,-3.596846759319305420e-02,-3.426083028316497803e-01,6.777989864349365234e-01,6.843819469213485718e-02,-7.861245870590209961e-01,-4.193961620330810547e-02,4.274244606494903564e-01,6.709969043731689453e-01,1.564931869506835938e-01,1.188487783074378967e-01,-4.914083182811737061e-01,1.564915329217910767e-01,6.441350579261779785e-01,1.539202481508255005e-01,-7.861475944519042969e-01,7.408132553100585938e-01,-4.826502501964569092e-01,-4.174992740154266357e-01,7.504405975341796875e-01,-1.392608731985092163e-01,-6.942599415779113770e-01,-7.170963883399963379e-01,-6.924530863761901855e-01,5.063927769660949707e-01,6.729186773300170898e-01,5.598622560501098633e-01,-4.771341569721698761e-03,-4.907776117324829102e-01
2.878705598413944244e-02,4.824969172477722168e-02,-3.618397712707519531e-01,2.907179892063140869e-01,1.300830096006393433e-01,-1.851254055509343743e-04,-7.461337000131607056e-02,1.366363167762756348e-01,-2.350571937859058380e-02,3.965569660067558289e-02,4.518137127161026001e-02,-9.172993153333663940e-02,2.060108035802841187e-01,1.459191888570785522e-01,2.537506222724914551e-01,2.109636217355728149e-01,8.796361275017261505e-03,3.459329605102539062e-01,-7.325055450201034546e-02,-1.037956625223159790e-01,-6.275235116481781006e-02,3.427055776119232178e-01,2.379298806190490723e-01,-5.651202052831649780e-02,3.922260180115699768e-02,3.229941129684448242e-01,-2.823981046676635742e-01,-1.723093688488006592e-01,2.204075455665588379e-01,-3.624356538057327271e-02,-3.032688749954104424e-03,-3.626167178153991699e-01,3.093124926090240479e-01,1.129072830080986023e-01,1.816391944885253906e-02,-2.995891273021697998e-01,3.416179493069648743e-02,5.736349895596504211e-02,-1.573405861854553223e-01,-3.691039085388183594e-01,3.212148249149322510e-01,-6.324663758277893066e-03,3.297743797302246094e-01,3.524380177259445190e-02,2.337110601365566254e-02,-2.274366468191146851e-01,-2.837207317352294922e-01,-1.204945594072341919e-01,-8.873204886913299561e-02,7.455410808324813843e-02,3.094529174268245697e-02,3.449462354183197021e-02,8.163248002529144287e-02,-1.226818710565567017e-01,1.148531436920166016e-01,-2.739592790603637695e-01,6.880088895559310913e-02,2.809825353324413300e-02,-2.502499520778656006e-01,-1.674842834472656250e-01,-5.145167815499007702e-04,5.910608544945716858e-02,2.517475932836532593e-02,1.827760487794876099e-01,2.914263866841793060e-02,-6.198839470744132996e-02,1.541896909475326538e-01,3.724564611911773682e-01,-3.170140981674194336e-01,5.049936845898628235e-02,-2.318114936351776123e-01,3.727890923619270325e-02,-8.174178749322891235e-02,2.660629749298095703e-01,-1.314670294523239136e-01,-2.998344302177429199e-01,-7.742888294160366058e-03,3.351404964923858643e-01,-1.881882846355438232e-01,-3.290737867355346680e-01,4.349852204322814941e-01,9.112211875617504120e-03,-1.760337948799133301e-01,1.912116259336471558e-02,-3.287294209003448486e-01,-2.181680649518966675e-01,1.307151913642883301e-01,2.221414074301719666e-02,1.135520190000534058e-01,9.621347300708293915e-03,-4.669965058565139771e-02,-1.546176820993423462e-01,-3.715279996395111084e-01,1.421789973974227905e-01,-2.353692352771759033e-01,-2.066396549344062805e-02,2.304621189832687378e-01,-1.502158469520509243e-03,-1.626589894294738770e-01,2.355946451425552368e-01,4.054705798625946045e-02,7.936713099479675293e-02,-3.040075600147247314e-01,-2.509144134819507599e-02,3.881485462188720703e-01,1.316719800233840942e-01,-3.079834282398223877e-01,-2.993503212928771973e-01,2.502405829727649689e-02,-4.334677383303642273e-02,3.314275443553924561e-01,-1.156212612986564636e-01,-3.053939938545227051e-01,-6.215878576040267944e-02,3.445068299770355225e-01,-2.900398373603820801e-01,1.386611759662628174e-01,1.746364384889602661e-01,-3.704906105995178223e-01,8.551194518804550171e-02,2.515655159950256348e-01,2.804778218269348145e-01,2.866463363170623779e-01,-1.820986717939376831e-01,-2.469831705093383789e-01,-2.301615923643112183e-01,2.719511743634939194e-03,2.603000402450561523e-01
1.637841612100601196e-01,7.092143595218658447e-02,-4.004439115524291992e-01,1.300830096006393433e-01,2.934724986553192139e-01,-1.276427656412124634e-01,-5.727933347225189209e-02,2.158622145652770996e-01,1.501810643821954727e-02,4.248344898223876953e-02,1.083535254001617432e-01,-8.557993173599243164e-02,3.026758432388305664e-01,2.429377585649490356e-01,3.869436085224151611e-01,3.102493286132812500e-01,-1.121080294251441956e-02,3.277013301849365234e-01,-6.559672765433788300e-04,-1.665047705173492432e-01,3.201653063297271729e-02,3.386557996273040771e-01,2.109114676713943481e-01,1.386693418025970459e-01,3.974132705479860306e-03,3.507342636585235596e-01,-3.711485862731933594e-01,-3.914548456668853760e-01,2.829413115978240967e-01,-1.781054884195327759e-01,-1.877876557409763336e-02,-2.799564003944396973e-01,2.041264623403549194e-01,1.682544946670532227e-01,6.236012093722820282e-03,-3.284938633441925049e-01,2.257788321003317833e-03,6.631785631179809570e-02,-3.271661698818206787e-01,-3.493355810642242432e-01,3.568568825721740723e-01,2.687680767849087715e-03,3.945344984531402588e-01,4.737005755305290222e-02,9.972944855690002441e-02,-3.426070213317871094e-01,-4.202863574028015137e-01,-9.652318805456161499e-02,-9.330967813730239868e-02,1.082791090011596680e-01,1.811151579022407532e-02,-1.575638167560100555e-02,2.476910362020134926e-03,5.775603931397199631e-03,-3.323735669255256653e-02,-3.322187960147857666e-01,8.575274050235748291e-02,4.072169587016105652e-02,-3.785604536533355713e-01,-1.311458051204681396e-01,1.374399960041046143e-01,-2.496169321238994598e-02,2.234932966530323029e-02,1.387527883052825928e-01,2.501475811004638672e-02,-4.254914820194244385e-02,2.232211977243423462e-01,4.412752687931060791e-01,-3.558187186717987061e-01,1.985882371664047241e-01,-2.302898466587066650e-01,-1.704807281494140625e-01,-1.679643057286739349e-02,2.835941612720489502e-01,-1.471799910068511963e-01,-3.734692931175231934e-01,-2.620346471667289734e-02,3.756463527679443359e-01,-6.117965653538703918e-02,-2.731793820858001709e-01,2.798430919647216797e-01,8.471105247735977173e-03,-3.737653493881225586e-01,1.566814444959163666e-02,-2.898479700088500977e-01,-4.203231334686279297e-01,3.662442266941070557e-01,2.771735563874244690e-02,2.125706374645233154e-01,-6.435247138142585754e-03,-1.130126714706420898e-01,-9.279061108827590942e-02,-2.310499697923660278e-01,4.294379055500030518e-02,-1.629233807325363159e-01,3.598199784755706787e-02,4.155821204185485840e-01,-1.468269038014113903e-03,-2.449284940958023071e-01,1.997333168983459473e-01,2.339709736406803131e-02,1.493968218564987183e-01,-2.477287650108337402e-01,-3.140616416931152344e-02,3.032605350017547607e-01,1.623730757273733616e-03,-6.742004305124282837e-02,-2.831691205501556396e-01,-1.535584926605224609e-01,-3.765581548213958740e-02,1.701023727655410767e-01,3.761307522654533386e-02,-2.489013671875000000e-01,-2.947858572006225586e-01,4.603608548641204834e-01,-3.868913054466247559e-01,3.110292553901672363e-01,7.927425205707550049e-02,-4.164253175258636475e-01,3.523591533303260803e-02,2.690410912036895752e-01,3.381495177745819092e-01,3.082257807254791260e-01,-2.393640279769897461e-01,-2.239227592945098877e-01,-2.139032930135726929e-01,-2.252120897173881531e-02,2.284555435180664062e-01
-1.970620080828666687e-02,-4.161199927330017090e-02,1.944671422243118286e-01,-1.851254055509343743e-04,-1.276427656412124634e-01,2.748956084251403809e-01,3.684312850236892700e-02,2.057453058660030365e-02,-1.025204733014106750e-01,-4.518629610538482666e-02,-7.642418146133422852e-02,4.616780951619148254e-02,-2.272490859031677246e-01,-4.721228033304214478e-02,-1.988132447004318237e-01,-1.896272152662277222e-01,-8.488483726978302002e-03,-2.065575867891311646e-01,1.190323941409587860e-02,7.414182275533676147e-02,3.246641159057617188e-02,-1.752012223005294800e-01,-7.288140803575515747e-02,-5.049072206020355225e-02,-1.555749867111444473e-02,-3.216448426246643066e-01,2.127551883459091187e-01,1.794357150793075562e-01,-7.351607829332351685e-02,-3.770513087511062622e-02,4.173497855663299561e-02,2.240761518478393555e-01,-1.616913676261901855e-01,-6.262070685625076294e-02,-1.653471030294895172e-02,2.035546153783798218e-01,2.101945225149393082e-03,-4.511454328894615173e-02,1.587571650743484497e-01,1.000208929181098938e-01,-2.676873803138732910e-01,1.039246097207069397e-02,-1.661615818738937378e-01,-1.667599007487297058e-02,7.460245490074157715e-02,2.190436422824859619e-01,2.380132228136062622e-01,1.863653957843780518e-02,6.628764793276786804e-03,-5.575801059603691101e-02,1.085004359483718872e-01,-1.041470319032669067e-01,1.481782738119363785e-02,-1.122910901904106140e-01,-1.040661707520484924e-02,1.452455073595046997e-01,-3.150262683629989624e-02,-2.089851349592208862e-02,2.158653587102890015e-01,7.535480707883834839e-02,-2.082734555006027222e-02,-1.165752392262220383e-02,-9.983375668525695801e-03,-1.752423346042633057e-01,-2.106174826622009277e-02,5.521036311984062195e-02,-1.119066849350929260e-01,-2.288412749767303467e-01,2.407131344079971313e-01,-7.150440663099288940e-02,1.163655966520309448e-01,-7.157600671052932739e-02,5.300492793321609497e-02,-2.031564563512802124e-01,1.058963239192962646e-01,1.696703284978866577e-01,1.977058500051498413e-02,-2.217511981725692749e-01,-7.981758564710617065e-03,1.439585983753204346e-01,-1.480938047170639038e-01,-4.960941150784492493e-03,1.359888166189193726e-01,-1.701914891600608826e-02,1.608433872461318970e-01,2.979616522789001465e-01,-1.349270939826965332e-01,-1.681056432425975800e-02,-2.366991788148880005e-01,-1.478975522331893444e-03,5.657458677887916565e-02,5.369598045945167542e-02,1.650035381317138672e-01,-5.151818320155143738e-02,1.419371068477630615e-01,-8.605892956256866455e-02,-1.394252777099609375e-01,9.171876008622348309e-04,1.213077753782272339e-01,-1.321919262409210205e-01,-4.432216659188270569e-02,-1.429220885038375854e-01,1.993457973003387451e-01,1.978646218776702881e-02,-2.321507185697555542e-01,1.521418839693069458e-01,7.907710224390029907e-02,1.556903570890426636e-01,1.565200537443161011e-01,3.826563432812690735e-02,-1.361336559057235718e-01,-5.046754702925682068e-02,1.472778469324111938e-01,1.183886677026748657e-01,-1.857432574033737183e-01,2.542104125022888184e-01,-1.122545078396797180e-01,-6.808747351169586182e-02,2.049714475870132446e-01,-3.326729685068130493e-02,-1.656776070594787598e-01,-2.108007371425628662e-01,-1.938444674015045166e-01,1.889106333255767822e-01,1.250080466270446777e-01,1.624768376350402832e-01,7.235767785459756851e-03,-5.220242962241172791e-02
2.790904603898525238e-03,-2.796670049428939819e-02,1.009849980473518372e-01,-7.461337000131607056e-02,-5.727933347225189209e-02,3.684312850236892700e-02,9.896320849657058716e-02,-6.557364016771316528e-02,-1.642442774027585983e-03,3.948846366256475449e-03,-3.415406122803688049e-02,2.604132331907749176e-02,-1.281392425298690796e-01,-2.857361361384391785e-02,-8.728717267513275146e-02,-9.197036176919937134e-02,7.971069775521755219e-03,-1.551157981157302856e-01,1.196023542433977127e-02,9.802722372114658356e-03,-1.058186590671539307e-02,-1.073690727353096008e-01,-6.446961313486099243e-02,-3.294849023222923279e-02,-1.485630962997674942e-02,-1.282059997320175171e-01,1.047734245657920837e-01,1.179203540086746216e-01,-5.627308785915374756e-02,-4.903376847505569458e-02,3.962051123380661011e-03,9.861065447330474854e-02,-7.290100306272506714e-02,-3.793888166546821594e-02,-9.292948991060256958e-03,1.140422970056533813e-01,-1.572085730731487274e-02,-1.997593976557254791e-02,1.572314836084842682e-02,7.791902869939804077e-02,-9.223899990320205688e-02,2.568747103214263916e-02,-1.501481384038925171e-01,-9.091869927942752838e-03,-1.239930931478738785e-02,9.685439057648181915e-03,7.849501073360443115e-02,2.838950417935848236e-02,6.408133357763290405e-02,-4.411362111568450928e-02,-8.341103792190551758e-03,-3.562636673450469971e-03,-3.973881155252456665e-02,4.606381431221961975e-02,-1.657574251294136047e-02,9.281190484762191772e-02,-2.875199541449546814e-02,-1.112443581223487854e-02,7.905564457178115845e-02,5.043726414442062378e-02,-4.531124606728553772e-02,2.124538086354732513e-02,-4.343001637607812881e-03,3.052076324820518494e-02,5.396554479375481606e-04,2.622942440211772919e-02,-6.911800056695938110e-02,-1.314310878515243530e-01,1.306634694337844849e-01,-1.232819631695747375e-02,4.575495794415473938e-02,-4.281374812126159668e-02,4.976016655564308167e-02,-6.632587313652038574e-02,4.318195208907127380e-02,6.488480418920516968e-02,2.420389791950583458e-03,-5.951555445790290833e-02,1.959450542926788330e-02,9.415121376514434814e-02,-9.301547706127166748e-02,-2.166032558307051659e-03,5.814729258418083191e-02,-1.074841432273387909e-02,5.530880019068717957e-02,9.679626673460006714e-02,-1.588510931469500065e-03,-1.276723761111497879e-02,-2.356010302901268005e-02,1.014647260308265686e-02,-2.432266046525910497e-05,3.694345057010650635e-02,1.194283664226531982e-01,-5.665002018213272095e-02,6.028478220105171204e-02,-1.645942404866218567e-02,-5.876304581761360168e-02,2.900392282754182816e-04,5.112309008836746216e-02,-3.075063787400722504e-02,-3.300303965806961060e-02,3.333536908030509949e-02,8.460666984319686890e-02,7.867783308029174805e-03,-9.015180915594100952e-02,5.026726424694061279e-02,3.627998754382133484e-02,1.171116530895233154e-01,-6.547065079212188721e-02,1.218693144619464874e-02,-9.031535685062408447e-02,-4.375123605132102966e-02,1.338909566402435303e-01,1.012802943587303162e-01,-1.364526152610778809e-01,9.898244589567184448e-02,-3.610252216458320618e-02,-4.660847783088684082e-02,6.112369894981384277e-02,-1.924693398177623749e-02,-3.008599393069744110e-02,-5.706677585840225220e-02,-8.429958671331405640e-02,7.061091810464859009e-02,7.834107428789138794e-02,1.360100880265235901e-02,9.206043556332588196e-03,-6.160557642579078674e-02
3.379034698009490967e-01,3.044247254729270935e-02,-2.165440469980239868e-01,1.366363167762756348e-01,2.158622145652770996e-01,2.057453058660030365e-02,-6.557364016771316528e-02,4.115914404392242432e-01,-2.174792811274528503e-02,6.262309849262237549e-03,4.741952568292617798e-02,-6.705337762832641602e-02,1.820928007364273071e-01,4.114119112491607666e-01,3.071750104427337646e-01,1.901945620775222778e-01,-1.754467375576496124e-02,1.528026759624481201e-01,7.448311150074005127e-02,-7.025572657585144043e-02,-1.843985542654991150e-02,2.068857997655868530e-01,1.855676770210266113e-01,-1.319271046668291092e-03,-1.033796090632677078e-02,4.146317392587661743e-02,-1.960290521383285522e-01,-2.757978141307830811e-01,1.921028792858123779e-01,-2.305431067943572998e-01,-6.133298203349113464e-02,-1.078674122691154480e-01,3.196198120713233948e-02,1.509192138910293579e-01,-2.355112694203853607e-02,-2.319531440734863281e-01,-1.953945728018879890e-03,3.446432575583457947e-02,-2.676897644996643066e-01,-3.731085062026977539e-01,1.399443000555038452e-01,3.668555989861488342e-02,2.203118801116943359e-01,3.818939253687858582e-02,3.204041421413421631e-01,-2.635641992092132568e-01,-2.671077847480773926e-01,-9.004123508930206299e-02,-8.716458827257156372e-02,1.088641490787267685e-02,1.112548559904098511e-01,-1.011671796441078186e-01,3.224930912256240845e-02,-1.622196882963180542e-01,-6.640215218067169189e-02,-2.579781413078308105e-01,1.082925722002983093e-01,3.434200957417488098e-02,-1.566239446401596069e-01,-7.654518634080886841e-02,1.310431808233261108e-01,-1.748599670827388763e-02,1.874949224293231964e-02,-9.536340087652206421e-02,-2.478557825088500977e-02,1.348974648863077164e-02,1.121572256088256836e-01,2.531723082065582275e-01,-2.046921104192733765e-01,7.755820453166961670e-02,-1.638015359640121460e-01,-3.454598188400268555e-01,-4.404300823807716370e-03,1.669607013463973999e-01,-6.038213521242141724e-02,-1.591876745223999023e-01,-1.249736826866865158e-02,2.117657512426376343e-01,-1.383077800273895264e-01,-2.223624587059020996e-01,1.396158039569854736e-01,6.240809336304664612e-03,-2.892527580261230469e-01,6.841477006673812866e-03,-1.680739521980285645e-01,-1.930301636457443237e-01,2.442804127931594849e-01,1.467951387166976929e-02,3.314550220966339111e-02,-6.615393067477270961e-05,-4.752663895487785339e-02,-5.358643084764480591e-02,-5.289521068334579468e-02,-6.507260352373123169e-02,-2.283948101103305817e-02,-3.878795728087425232e-02,3.268199861049652100e-01,-8.244109340012073517e-04,-1.818413734436035156e-01,1.567751914262771606e-01,-1.780257560312747955e-02,4.795267805457115173e-02,-1.132124215364456177e-01,-1.943130232393741608e-02,5.942294746637344360e-02,9.080731123685836792e-02,1.061121970415115356e-01,-1.748241484165191650e-01,6.743874400854110718e-03,4.715913441032171249e-03,1.865320056676864624e-01,7.430448383092880249e-02,-1.491087079048156738e-01,-3.041356801986694336e-01,3.285186886787414551e-01,-1.932505816221237183e-01,3.082383871078491211e-01,-2.922954782843589783e-02,-3.438760042190551758e-01,3.286244114860892296e-03,5.261279270052909851e-02,2.000358551740646362e-01,1.520017832517623901e-01,-1.009741332381963730e-02,-1.154590174555778503e-01,-1.239824593067169189e-01,-2.522245049476623535e-02,1.712097227573394775e-01
7.173513621091842651e-02,-4.536042251856997609e-05,-7.928127160994336009e-05,-2.350571937859058380e-02,1.501810643821954727e-02,-1.025204733014106750e-01,-1.642442774027585983e-03,-2.174792811274528503e-02,6.985203176736831665e-02,1.875167340040206909e-02,-1.203921157866716385e-02,-5.891905631870031357e-03,3.866128996014595032e-02,7.740922272205352783e-02,4.658906534314155579e-02,2.150990813970565796e-02,9.328428655862808228e-03,1.341066695749759674e-02,2.693096362054347992e-02,4.963362123817205429e-03,-1.200134456157684326e-01,-3.387199714779853821e-03,-3.016716509591788054e-04,-3.016757778823375702e-02,5.930308252573013306e-03,3.538442775607109070e-02,-1.363463234156370163e-02,-1.118477899581193924e-02,-7.222927361726760864e-02,1.351830642670392990e-02,-4.367311671376228333e-02,-6.312222033739089966e-02,4.409793391823768616e-02,-3.741400083526968956e-03,2.578483894467353821e-03,-2.922607958316802979e-02,-3.579833311960101128e-03,7.586433202959597111e-04,-7.635922636836767197e-03,-4.343770071864128113e-02,4.940539970993995667e-02,2.296849712729454041e-02,-3.059898316860198975e-02,-7.669521728530526161e-04,-1.992254704236984253e-02,-7.522162795066833496e-02,-1.915778219699859619e-02,-7.022513076663017273e-03,2.271176688373088837e-02,1.006419118493795395e-02,-5.955982953310012817e-02,3.906913474202156067e-02,8.078823797404766083e-03,3.448728844523429871e-02,2.767619676887989044e-02,-5.861683283001184464e-03,-1.538232783786952496e-03,2.551376237533986568e-04,-2.517164871096611023e-02,-1.127375755459070206e-02,-2.261595986783504486e-02,3.101734630763530731e-02,4.501265939325094223e-03,7.501682639122009277e-02,-1.836432330310344696e-02,-6.666578818112611771e-03,3.627761325333267450e-04,2.985804527997970581e-02,-2.883684635162353516e-02,-2.077558543533086777e-03,-1.021712273359298706e-02,3.222269564867019653e-02,-2.317105419933795929e-02,3.512295708060264587e-02,-2.667158469557762146e-02,-6.483586039394140244e-03,-3.888431470841169357e-03,3.391293808817863464e-02,-3.211208060383796692e-02,-1.989338919520378113e-02,1.091765891760587692e-02,1.118224463425576687e-03,1.337966416031122208e-03,2.935695927590131760e-03,-3.821774199604988098e-02,-3.510482981801033020e-02,5.641581956297159195e-03,-1.647782395593822002e-03,6.991712749004364014e-02,2.034886740148067474e-03,1.357942353934049606e-03,-2.387084811925888062e-02,-1.225697714835405350e-02,1.326871197670698166e-02,-1.812955923378467560e-02,1.360390614718198776e-02,9.194894693791866302e-03,-1.799630554160103202e-04,-1.882815919816493988e-02,4.610950127243995667e-02,1.353582460433244705e-02,4.378861561417579651e-02,-4.071602597832679749e-02,-8.010893943719565868e-04,1.726447488181293011e-03,-3.234221041202545166e-02,-1.590932719409465790e-02,7.895141839981079102e-03,-5.856879428029060364e-02,-6.625625304877758026e-03,1.017746478319168091e-01,8.131388574838638306e-03,-6.891796365380287170e-03,-4.093806073069572449e-02,-2.140851505100727081e-02,-2.454394660890102386e-02,3.405594080686569214e-02,-2.633145265281200409e-02,-6.577735394239425659e-02,1.300241146236658096e-02,-1.110696606338024139e-02,4.494073241949081421e-02,4.262161627411842346e-02,-3.400467336177825928e-02,3.250274807214736938e-03,-6.981099396944046021e-02,-1.671346835792064667e-03,-2.167268097400665283e-02
1.936617679893970490e-02,1.273785531520843506e-02,-1.090940982103347778e-01,3.965569660067558289e-02,4.248344898223876953e-02,-4.518629610538482666e-02,3.948846366256475449e-03,6.262309849262237549e-03,1.875167340040206909e-02,2.227006107568740845e-02,2.546572871506214142e-02,-2.674982696771621704e-02,6.858530640602111816e-02,5.412086099386215210e-02,8.853612095117568970e-02,6.972283869981765747e-02,7.400931324809789658e-03,7.984607666730880737e-02,-1.179065741598606110e-02,-4.769747704267501831e-02,-2.481123991310596466e-02,9.339386224746704102e-02,7.063134759664535522e-02,-1.314329355955123901e-02,7.950232364237308502e-03,1.136455312371253967e-01,-9.345097094774246216e-02,-4.685613140463829041e-02,5.927523970603942871e-02,-2.353461459279060364e-02,-7.475508376955986023e-03,-1.175763532519340515e-01,8.696665614843368530e-02,4.675871133804321289e-02,3.184573026373982430e-03,-9.229374676942825317e-02,1.878811512142419815e-03,1.756914146244525909e-02,-6.950421631336212158e-02,-9.521900862455368042e-02,1.051982045173645020e-01,3.403165144845843315e-03,7.782338559627532959e-02,1.055833045393228531e-02,-7.408618927001953125e-03,-1.212516650557518005e-01,-1.024108231067657471e-01,-2.226634323596954346e-02,-6.467797327786684036e-03,5.454096011817455292e-03,-1.544508524239063263e-02,2.214481309056282043e-02,1.341063645668327808e-03,1.339625939726829529e-02,1.969666965305805206e-02,-7.958598434925079346e-02,1.710272021591663361e-02,9.069399908185005188e-03,-8.718212693929672241e-02,-4.226523637771606445e-02,-5.979716312140226364e-03,2.519913204014301300e-02,7.451867684721946716e-03,8.995603770017623901e-02,5.718445405364036560e-03,-1.818441040813922882e-02,4.282534122467041016e-02,1.062565520405769348e-01,-9.763838350772857666e-02,2.640977315604686737e-02,-6.868073344230651855e-02,-9.340187534689903259e-03,-1.811926625669002533e-02,9.631834924221038818e-02,-4.028416424989700317e-02,-8.376048505306243896e-02,-5.814263597130775452e-03,1.252796649932861328e-01,-2.671247720718383789e-02,-8.964927494525909424e-02,1.094367578625679016e-01,3.085631644353270531e-03,-6.219839304685592651e-02,4.038227722048759460e-03,-9.458234161138534546e-02,-9.408399462699890137e-02,7.054483145475387573e-02,5.292875692248344421e-03,7.955898344516754150e-02,7.107447367161512375e-03,-2.260899357497692108e-02,-3.848228603601455688e-02,-8.749534189701080322e-02,3.259122371673583984e-02,-6.904145330190658569e-02,2.616254147142171860e-03,7.259170711040496826e-02,-5.110839265398681164e-04,-6.685443222522735596e-02,7.299582660198211670e-02,4.639602266252040863e-03,6.392160058021545410e-02,-9.732184559106826782e-02,-7.865154184401035309e-03,1.163441315293312073e-01,1.503693871200084686e-02,-7.651942223310470581e-02,-7.112926989793777466e-02,-4.393843933939933777e-02,-1.657639257609844208e-02,9.883903712034225464e-02,-3.683077543973922729e-02,-6.926306337118148804e-02,-3.870815737172961235e-03,8.611237257719039917e-02,-9.674437344074249268e-02,6.065095588564872742e-02,4.550850391387939453e-02,-1.279809027910232544e-01,2.324166893959045410e-02,9.127100557088851929e-02,1.047628000378608704e-01,9.579444676637649536e-02,-6.634643673896789551e-02,-8.134442567825317383e-02,-9.922469407320022583e-02,2.971522975713014603e-03,5.295174196362495422e-02
-6.241365894675254822e-02,4.799013957381248474e-02,-2.990463972091674805e-01,4.518137127161026001e-02,1.083535254001617432e-01,-7.642418146133422852e-02,-3.415406122803688049e-02,4.741952568292617798e-02,-1.203921157866716385e-02,2.546572871506214142e-02,1.613192111253738403e-01,-6.480573862791061401e-02,2.237147837877273560e-01,2.520026080310344696e-02,2.047876417636871338e-01,2.122595012187957764e-01,5.629354855045676231e-04,2.088561952114105225e-01,-4.552836716175079346e-02,-1.483785212039947510e-01,1.983636319637298584e-01,2.669050693511962891e-01,2.010858654975891113e-01,6.393450498580932617e-02,7.553379517048597336e-03,3.289526998996734619e-01,-2.826530933380126953e-01,-1.746547669172286987e-01,2.855050861835479736e-01,-3.399735316634178162e-02,4.028045013546943665e-02,-2.237039059400558472e-01,1.091957315802574158e-01,1.856498271226882935e-01,5.111632635816931725e-04,-2.560372650623321533e-01,7.950420258566737175e-04,5.438619107007980347e-02,-1.982429474592208862e-01,-1.167654693126678467e-01,2.125930190086364746e-01,-5.822032690048217773e-02,2.964929342269897461e-01,2.908072248101234436e-02,2.178623154759407043e-02,-2.521280944347381592e-01,-2.857202887535095215e-01,-5.202290602028369904e-03,-6.671904027462005615e-02,-3.844168409705162048e-02,2.983130887150764465e-02,5.772723350673913956e-03,-4.514184221625328064e-02,5.186631530523300171e-02,-5.751513689756393433e-02,-2.295584827661514282e-01,6.500195711851119995e-02,3.201967105269432068e-02,-2.135273963212966919e-01,-8.309393376111984253e-02,7.506547868251800537e-02,-1.774644292891025543e-02,7.839111611247062683e-03,4.371381551027297974e-02,3.225031495094299316e-02,-4.677267745137214661e-02,1.335985362529754639e-01,2.468169331550598145e-01,-2.896676957607269287e-01,7.274539023637771606e-02,-1.440536528825759888e-01,-1.117569506168365479e-01,-3.516822308301925659e-02,2.416317313909530640e-01,-6.211598590016365051e-02,-1.466023623943328857e-01,-1.644977927207946777e-02,2.964600920677185059e-01,9.650821238756179810e-02,-2.048306167125701904e-01,1.885873973369598389e-01,6.985702086240053177e-03,-2.071684598922729492e-01,9.339561685919761658e-03,-1.225469931960105896e-01,-3.020421564579010010e-01,1.970958262681961060e-01,2.329342626035213470e-02,1.774165928363800049e-01,1.361756306141614914e-02,-5.918186530470848083e-02,-2.757831662893295288e-02,-1.809767931699752808e-01,5.165747925639152527e-02,-1.456541121006011963e-01,2.134691737592220306e-02,1.701507568359375000e-01,-1.026640995405614376e-03,-2.034967541694641113e-01,7.644012570381164551e-02,-6.665697321295738220e-03,1.113442629575729370e-01,-2.126213014125823975e-01,-2.337894961237907410e-02,2.956056296825408936e-01,-7.435429841279983521e-02,-5.659752339124679565e-02,-2.229110747575759888e-01,-2.774845808744430542e-02,-3.909635171294212341e-02,9.214410185813903809e-02,-1.504201907664537430e-02,-2.004489898681640625e-01,1.806122134439647198e-03,2.897875308990478516e-01,-2.612381577491760254e-01,1.429654806852340698e-01,1.637876480817794800e-01,-2.198477089405059814e-01,2.515961602330207825e-02,2.505907416343688965e-01,2.269231081008911133e-01,2.022252678871154785e-01,-1.386447250843048096e-01,-2.661856710910797119e-01,-1.414106339216232300e-01,5.155351944267749786e-03,1.140505895018577576e-01
-2.823376655578613281e-02,-2.877109870314598083e-02,2.109747081995010376e-01,-9.172993153333663940e-02,-8.557993173599243164e-02,4.616780951619148254e-02,2.604132331907749176e-02,-6.705337762832641602e-02,-5.891905631870031357e-03,-2.674982696771621704e-02,-6.480573862791061401e-02,5.352265760302543640e-02,-1.451288759708404541e-01,-9.745277464389801025e-02,-1.690233051776885986e-01,-1.414871215820312500e-01,-6.153236608952283859e-03,-1.650042980909347534e-01,2.288359962403774261e-02,8.468331396579742432e-02,-1.677883416414260864e-02,-1.918080896139144897e-01,-1.478385776281356812e-01,1.157718989998102188e-02,-1.340801455080509186e-02,-2.026716917753219604e-01,1.845950633287429810e-01,1.130333319306373596e-01,-1.515211313962936401e-01,4.005711153149604797e-02,3.642839845269918442e-03,1.969320774078369141e-01,-1.320144981145858765e-01,-1.053638085722923279e-01,-2.427007071673870087e-03,1.871757656335830688e-01,-6.380928214639425278e-03,-3.591998666524887085e-02,1.317752897739410400e-01,1.743732988834381104e-01,-1.746945828199386597e-01,1.025213114917278290e-02,-1.847557723522186279e-01,-2.167497761547565460e-02,-3.228031843900680542e-02,1.955397874116897583e-01,1.950663477182388306e-01,3.934892639517784119e-02,4.096360504627227783e-02,5.339832205208949745e-05,-7.997583597898483276e-03,-1.405800785869359970e-02,-7.088384591042995453e-03,1.301423180848360062e-02,-1.349914167076349258e-02,1.677748113870620728e-01,-4.678612202405929565e-02,-2.082094550132751465e-02,1.508232504129409790e-01,7.889622449874877930e-02,-2.092217653989791870e-02,-2.278925850987434387e-02,-1.198823377490043640e-02,-8.344338834285736084e-02,-1.151754800230264664e-02,3.213156014680862427e-02,-8.803307265043258667e-02,-1.997043788433074951e-01,1.959273964166641235e-01,-3.990883380174636841e-02,1.257457286119461060e-01,5.207029730081558228e-02,3.757571801543235779e-02,-1.746861487627029419e-01,6.375642120838165283e-02,1.355581283569335938e-01,9.352626278996467590e-03,-2.186210751533508301e-01,3.362132981419563293e-02,1.797875910997390747e-01,-1.934396475553512573e-01,-5.682055838406085968e-03,1.309177577495574951e-01,-8.577136322855949402e-03,1.507135927677154541e-01,1.776816844940185547e-01,-1.195585578680038452e-01,-1.347015239298343658e-02,-1.136487051844596863e-01,-1.024869829416275024e-02,3.560856357216835022e-02,6.018744036555290222e-02,1.597779542207717896e-01,-5.156679451465606689e-02,1.170725300908088684e-01,1.898155023809522390e-04,-1.386316418647766113e-01,8.694433490745723248e-04,1.332950443029403687e-01,-1.136419847607612610e-01,-6.625741720199584961e-03,-8.201923221349716187e-02,1.720213145017623901e-01,1.580869778990745544e-02,-2.081879824399948120e-01,-1.826069317758083344e-02,1.028973013162612915e-01,1.583397239446640015e-01,2.132352069020271301e-02,2.645765617489814758e-02,-1.617799103260040283e-01,3.874738141894340515e-02,1.539055258035659790e-01,2.932203561067581177e-02,-1.979862898588180542e-01,1.807896196842193604e-01,-1.159324049949645996e-01,-9.532942622900009155e-02,2.171796113252639771e-01,-3.602913394570350647e-02,-1.573341637849807739e-01,-1.782021522521972656e-01,-1.646909862756729126e-01,1.003068685531616211e-01,1.675260663032531738e-01,1.450700312852859497e-01,-2.417876385152339935e-03,-1.096988618373870850e-01
