5.071069598197937012e-01,1.662985421717166901e-02,-1.653049141168594360e-01,3.712671250104904175e-02,2.076421678066253662e-01,-9.756081551313400269e-02,1.085721999406814575e-01,3.653691112995147705e-01,7.871736586093902588e-02,5.031017959117889404e-02,-5.900593847036361694e-02,-5.783739313483238220e-02,8.399890363216400146e-02,3.754592835903167725e-01,2.591743767261505127e-01,1.432586014270782471e-01,-1.148726791143417358e-03,-6.435022689402103424e-03,8.238190412521362305e-02,-7.302501797676086426e-02,-1.510674804449081421e-01,8.968593925237655640e-02,6.929771602153778076e-02,3.355811908841133118e-02,-6.374907679855823517e-03,3.487988933920860291e-02,-3.080118633806705475e-02,-2.686428427696228027e-01,9.450812637805938721e-02,-2.371770441532135010e-01,-1.312734931707382202e-01,-7.520405203104019165e-02,7.198343425989151001e-02,8.114428073167800903e-02,-2.737048640847206116e-02,-1.190172508358955383e-01,-1.176551263779401779e-02,4.303200170397758484e-02,-3.096612393856048584e-01,-3.866980373859405518e-01,1.914751678705215454e-01,9.082029014825820923e-02,2.897655218839645386e-02,2.749673463404178619e-02,7.105737924575805664e-02,-1.529049873352050781e-01,-2.305215597152709961e-01,-1.257748454809188843e-01,2.673409506678581238e-02,6.937908381223678589e-02,-4.746339842677116394e-02,-5.489054322242736816e-02,9.782642126083374023e-02,-9.841968864202499390e-02,-6.597197055816650391e-02,-1.626945137977600098e-01,7.626286149024963379e-02,1.722341962158679962e-02,-4.981333762407302856e-02,-6.358612328767776489e-02,2.188763022422790527e-02,1.127607002854347229e-02,1.574493758380413055e-02,1.047574132680892944e-01,-1.892039738595485687e-02,1.117361709475517273e-02,-4.440746828913688660e-02,2.212459444999694824e-01,-1.271221786737442017e-01,1.407815665006637573e-01,-2.005969732999801636e-01,-1.152762025594711304e-01,4.883706942200660706e-02,1.575911194086074829e-01,-1.086866036057472229e-01,-2.348552495241165161e-01,-6.956114433705806732e-03,1.606929898262023926e-01,-2.179294824600219727e-01,-8.510756492614746094e-02,1.251208633184432983e-01,2.339304657652974129e-03,-2.656033933162689209e-01,-3.071737475693225861e-03,-2.786726653575897217e-01,-7.277825474739074707e-02,3.061475157737731934e-01,2.305593108758330345e-03,-9.074398316442966461e-03,4.015283659100532532e-02,-9.196747094392776489e-02,-1.986181922256946564e-02,3.012190572917461395e-02,-1.036796867847442627e-01,-6.425378471612930298e-02,-1.651514768600463867e-01,3.309043943881988525e-01,-3.920803137589246035e-04,-1.512789726257324219e-01,2.603300511837005615e-01,-8.138709515333175659e-02,2.054873108863830566e-01,-7.993523031473159790e-02,-3.350750729441642761e-02,2.625652821734547615e-03,2.214145064353942871e-01,4.267703369259834290e-02,-3.751670196652412415e-02,-2.626478970050811768e-01,1.128314156085252762e-02,7.693545520305633545e-02,1.258159335702657700e-02,-4.376076534390449524e-02,-2.473659217357635498e-01,1.749194264411926270e-01,-1.615901589393615723e-01,3.570936620235443115e-01,-7.450897246599197388e-02,-3.588360846042633057e-01,4.350883886218070984e-03,-3.750663623213768005e-02,2.008721381425857544e-01,1.546608209609985352e-01,2.174524031579494476e-02,1.949614472687244415e-02,-1.960615217685699463e-01,-1.779898069798946381e-02,1.236205771565437317e-01
1.662985421717166901e-02,1.955332793295383453e-02,-1.188050806522369385e-01,8.243697136640548706e-02,5.962112173438072205e-02,-2.064474858343601227e-02,4.550446290522813797e-03,3.867013379931449890e-02,1.149462815374135971e-02,3.325483202934265137e-02,1.585727371275424957e-02,-4.591842368245124817e-02,9.670096635818481445e-02,7.342038303613662720e-02,1.119173988699913025e-01,1.044723615050315857e-01,-5.489751347340643406e-04,8.006203174591064453e-02,-5.183950439095497131e-02,-6.928898394107818604e-02,-3.205322101712226868e-02,1.192286685109138489e-01,7.500456273555755615e-02,-4.056786186993122101e-03,1.412595529109239578e-02,1.323926746845245361e-01,-1.246437802910804749e-01,-5.009610578417778015e-02,9.542229026556015015e-02,-1.470165140926837921e-02,6.927115377038717270e-03,-1.172992736101150513e-01,9.111270308494567871e-02,6.590299308300018311e-02,-2.100531710311770439e-03,-1.243728846311569214e-01,1.728903315961360931e-02,4.498996585607528687e-02,-6.795256584882736206e-02,-8.397673815488815308e-02,1.024991348385810852e-01,2.253047656267881393e-03,1.166526526212692261e-01,1.536301430314779282e-02,9.089681319892406464e-03,-8.838945627212524414e-02,-1.200849711894989014e-01,-3.026821464300155640e-02,-1.072176638990640640e-02,1.241317670792341232e-02,3.277166513726115227e-03,-1.430888473987579346e-02,3.916659206151962280e-02,-3.375929314643144608e-03,-7.915083318948745728e-03,-1.243860721588134766e-01,2.831120602786540985e-02,1.026958879083395004e-02,-6.968569010496139526e-02,-6.259579211473464966e-02,-5.855426657944917679e-03,1.529009267687797546e-02,4.948670510202646255e-03,1.868417672812938690e-02,1.704071415588259697e-03,-2.579369395971298218e-02,3.651363775134086609e-02,1.190017312765121460e-01,-1.157631948590278625e-01,1.711768470704555511e-02,-8.436722308397293091e-02,-2.409275621175765991e-03,-2.799184247851371765e-02,1.142348274588584900e-01,-3.383181616663932800e-02,-1.056257039308547974e-01,-3.223048057407140732e-03,1.310888230800628662e-01,-3.711079061031341553e-02,-1.028416231274604797e-01,1.174730584025382996e-01,1.694428618066012859e-03,-8.770073205232620239e-02,3.403626382350921631e-03,-8.309461176395416260e-02,-1.080216318368911743e-01,6.272158771753311157e-02,6.260814610868692398e-03,5.572384595870971680e-02,3.015813417732715607e-02,-2.327743545174598694e-02,-2.470929548144340515e-02,-1.025286987423896790e-01,4.862214252352714539e-02,-1.035024076700210571e-01,-2.455641049891710281e-03,7.546049356460571289e-02,-1.923273812280967832e-04,-7.206174731254577637e-02,5.486725270748138428e-02,-2.943808585405349731e-02,3.735645115375518799e-02,-1.214462220668792725e-01,-2.742064185440540314e-02,1.299489289522171021e-01,4.397532436996698380e-03,-8.361131697893142700e-02,-1.123119890689849854e-01,-1.378981955349445343e-02,-1.187739241868257523e-02,8.830595761537551880e-02,-5.157386139035224915e-02,-1.029822975397109985e-01,-8.783929049968719482e-03,1.329576522111892700e-01,-1.071670651435852051e-01,7.321394234895706177e-02,2.838443219661712646e-02,-1.157952174544334412e-01,3.664761781692504883e-02,5.522283166646957397e-02,9.247538447380065918e-02,1.149076670408248901e-01,-5.156632885336875916e-02,-9.237819164991378784e-02,-5.643154680728912354e-02,1.714838319458067417e-03,7.041142880916595459e-02
-1.653049141168594360e-01,-1.188050806522369385e-01,7.931067347526550293e-01,-5.792905092239379883e-01,-3.732537031173706055e-01,7.965566217899322510e-02,-1.143594235181808472e-01,-3.060462176799774170e-01,-5.993588268756866455e-02,-2.447650879621505737e-01,-9.531337767839431763e-02,3.288635909557342529e-01,-6.093179583549499512e-01,-5.462334156036376953e-01,-7.214301824569702148e-01,-6.729437708854675293e-01,-3.446355229243636131e-03,-4.695512652397155762e-01,3.778606355190277100e-01,5.133069157600402832e-01,2.067674845457077026e-01,-7.645500302314758301e-01,-5.891656279563903809e-01,1.115041002631187439e-01,-9.556702524423599243e-02,-7.701761126518249512e-01,7.460644841194152832e-01,3.162690699100494385e-01,-6.791214942932128906e-01,1.973916292190551758e-01,8.709083311259746552e-03,7.459026575088500977e-01,-6.178625226020812988e-01,-4.995110034942626953e-01,2.360883727669715881e-02,7.692334651947021484e-01,-1.182643398642539978e-01,-3.182626962661743164e-01,5.173686742782592773e-01,5.951863527297973633e-01,-6.757578849792480469e-01,-2.924241684377193451e-02,-7.048223614692687988e-01,-1.117433086037635803e-01,-7.361353933811187744e-02,6.382693648338317871e-01,7.830149531364440918e-01,2.227259129285812378e-01,4.063426330685615540e-02,5.768086761236190796e-03,-5.393477156758308411e-02,8.359044045209884644e-02,-2.657031714916229248e-01,1.119919121265411377e-01,4.880676418542861938e-02,7.779780030250549316e-01,-2.265444993972778320e-01,-7.571692019701004028e-02,4.249638617038726807e-01,4.352883696556091309e-01,8.462014794349670410e-02,-1.622351408004760742e-01,-3.812888637185096741e-02,-1.754045933485031128e-01,-2.190682291984558105e-02,1.725609600543975830e-01,-1.952512860298156738e-01,-7.322141528129577637e-01,7.380576133728027344e-01,-9.569005668163299561e-02,6.378936171531677246e-01,9.323202818632125854e-02,1.695005893707275391e-01,-7.526246309280395508e-01,2.423118501901626587e-01,6.955984234809875488e-01,2.122842334210872650e-02,-8.359233140945434570e-01,3.254477083683013916e-01,7.137672901153564453e-01,-7.812668681144714355e-01,-1.253747288137674332e-02,5.921602249145507812e-01,-1.959620416164398193e-02,6.110062003135681152e-01,6.083833575248718262e-01,-4.919748306274414062e-01,-4.040385410189628601e-02,-3.529586791992187500e-01,-2.359052449464797974e-01,1.657432019710540771e-01,1.741598993539810181e-01,6.499693989753723145e-01,-2.988083362579345703e-01,6.922832131385803223e-01,7.275690138339996338e-02,-5.212991833686828613e-01,1.436128397472202778e-03,5.070415139198303223e-01,-4.848201572895050049e-01,2.570947110652923584e-01,-3.312185406684875488e-01,7.617228031158447266e-01,1.976816803216934204e-01,-8.019712567329406738e-01,-1.427033096551895142e-01,5.798148512840270996e-01,7.176255583763122559e-01,9.800757467746734619e-02,7.946175336837768555e-02,-5.659165978431701660e-01,4.528944194316864014e-01,6.624788045883178711e-01,-4.497007653117179871e-02,-7.899813652038574219e-01,7.002536654472351074e-01,-5.425226688385009766e-01,-2.436633557081222534e-01,7.701891064643859863e-01,-2.550764679908752441e-01,-3.877802193164825439e-01,-6.630368828773498535e-01,-7.306710481643676758e-01,3.095065653324127197e-01,6.401721835136413574e-01,5.005015730857849121e-01,-3.693438693881034851e-02,-5.575484633445739746e-01
3.712671250104904175e-02,8.243697136640548706e-02,-5.792905092239379883e-01,5.955517888069152832e-01,1.996977180242538452e-01,1.472382433712482452e-02,5.221734754741191864e-03,1.588407307863235474e-01,2.554854750633239746e-02,1.668758243322372437e-01,9.055137634277343750e-03,-2.457594275474548340e-01,3.314145207405090332e-01,4.455010592937469482e-01,5.102110505104064941e-01,4.438508152961730957e-01,8.088895119726657867e-03,4.344334602355957031e-01,-3.187368512153625488e-01,-3.188164234161376953e-01,-3.114880621433258057e-01,6.221488714218139648e-01,4.024610221385955811e-01,-1.246771663427352905e-01,8.713573962450027466e-02,5.801621675491333008e-01,-5.376181006431579590e-01,-8.129151910543441772e-02,3.951959908008575439e-01,1.854683086276054382e-02,9.696947410702705383e-03,-6.394109725952148438e-01,5.427295565605163574e-01,3.050756454467773438e-01,-9.407420293428003788e-04,-5.805281400680541992e-01,1.113192364573478699e-01,2.095161378383636475e-01,-1.988434046506881714e-01,-5.342150926589965820e-01,5.286729335784912109e-01,2.909202873706817627e-02,5.254438519477844238e-01,7.247503846883773804e-02,1.651750993914902210e-03,-3.197093307971954346e-01,-5.391738414764404297e-01,-2.141376584768295288e-01,-5.534226819872856140e-02,6.935721635818481445e-02,4.116588085889816284e-02,-3.879109025001525879e-02,2.551008164882659912e-01,-1.491363495588302612e-01,1.102893203496932983e-01,-5.674687623977661133e-01,1.688758134841918945e-01,4.567918926477432251e-02,-2.531054913997650146e-01,-3.642827868461608887e-01,-1.301702558994293213e-01,1.456259787082672119e-01,3.225995972752571106e-02,1.464544981718063354e-01,4.183617234230041504e-02,-1.305653005838394165e-01,1.493115574121475220e-01,5.521894097328186035e-01,-5.465985536575317383e-01,6.432325113564729691e-03,-4.308340549468994141e-01,1.547405272722244263e-01,-1.908329278230667114e-01,5.722249150276184082e-01,-1.712146401405334473e-01,-5.449820756912231445e-01,-6.971260998398065567e-03,6.182131171226501465e-01,-3.872507810592651367e-01,-5.402776002883911133e-01,6.997641921043395996e-01,9.157806634902954102e-03,-3.305908739566802979e-01,1.828980632126331329e-02,-4.784961640834808350e-01,-3.681600391864776611e-01,1.712131947278976440e-01,2.604006789624691010e-02,1.896279603242874146e-01,1.636557579040527344e-01,-7.605049014091491699e-02,-2.226999402046203613e-01,-6.270556449890136719e-01,3.547029495239257812e-01,-5.713032484054565430e-01,-3.663482517004013062e-02,3.188693821430206299e-01,-9.955830173566937447e-04,-2.831873297691345215e-01,3.134682476520538330e-01,-1.442485898733139038e-01,9.477910399436950684e-02,-6.482658386230468750e-01,-1.320523023605346680e-01,6.508073210716247559e-01,2.080764025449752808e-01,-5.922023653984069824e-01,-5.699741244316101074e-01,2.777729183435440063e-02,-6.233945116400718689e-02,6.142109632492065430e-01,-4.155729115009307861e-01,-5.715314149856567383e-01,8.237981796264648438e-02,5.779669284820556641e-01,-4.523445963859558105e-01,2.688221633434295654e-01,1.520319581031799316e-01,-5.911192893981933594e-01,2.311634272336959839e-01,2.419717758893966675e-01,4.957150816917419434e-01,5.598239898681640625e-01,-2.427258640527725220e-01,-4.766463041305541992e-01,-3.271831274032592773e-01,1.959316805005073547e-02,4.037888646125793457e-01
2.076421678066253662e-01,5.962112173438072205e-02,-3.732537031173706055e-01,1.996977180242538452e-01,2.694458067417144775e-01,-1.039611846208572388e-01,6.843367964029312134e-02,2.392551153898239136e-01,4.402584210038185120e-02,1.064010187983512878e-01,3.031049855053424835e-02,-1.383375078439712524e-01,3.127920329570770264e-01,2.665119767189025879e-01,3.955371081829071045e-01,3.440831601619720459e-01,-4.833738785237073898e-03,2.024037539958953857e-01,-1.097880005836486816e-01,-2.208717167377471924e-01,-7.381171733140945435e-02,3.378796279430389404e-01,2.027317583560943604e-01,2.836989611387252808e-02,3.060710057616233826e-02,3.742453455924987793e-01,-3.663296103477478027e-01,-2.596585452556610107e-01,3.195636570453643799e-01,-1.683751642704010010e-01,-1.679004170000553131e-02,-3.086189329624176025e-01,2.494060099124908447e-01,1.986710727214813232e-01,-1.622418500483036041e-02,-3.671164512634277344e-01,3.527738526463508606e-02,1.412638872861862183e-01,-3.395986557006835938e-01,-3.158307969570159912e-01,3.398658931255340576e-01,3.574339300394058228e-02,3.252807855606079102e-01,5.222789943218231201e-02,6.786193698644638062e-02,-3.172088563442230225e-01,-4.185768365859985352e-01,-1.114449352025985718e-01,-1.284235343337059021e-02,6.854386627674102783e-02,-1.296897232532501221e-02,-6.486025452613830566e-02,1.199871525168418884e-01,-2.934885676950216293e-03,-7.885795086622238159e-02,-3.997367620468139648e-01,8.937309682369232178e-02,3.442870825529098511e-02,-2.468928545713424683e-01,-1.757759749889373779e-01,1.639294810593128204e-02,2.757659181952476501e-02,1.636372320353984833e-02,9.089326113462448120e-02,3.808299545198678970e-03,-6.541232764720916748e-02,9.993549436330795288e-02,3.988792300224304199e-01,-3.347487151622772217e-01,1.256640553474426270e-01,-3.034011125564575195e-01,-8.770147711038589478e-02,-2.987837605178356171e-02,3.514265120029449463e-01,-1.268007308244705200e-01,-3.734117150306701660e-01,-1.324156858026981354e-02,4.096352159976959229e-01,-1.304650008678436279e-01,-2.959389984607696533e-01,3.257526755332946777e-01,4.957621451467275620e-03,-3.529796600341796875e-01,7.789593655616044998e-03,-3.123986124992370605e-01,-3.582477867603302002e-01,3.144831955432891846e-01,1.834187842905521393e-02,1.701829880475997925e-01,9.297189861536026001e-02,-1.191260144114494324e-01,-4.525908082723617554e-02,-2.292661666870117188e-01,5.687572807073593140e-02,-2.876504063606262207e-01,-4.716841876506805420e-02,3.486964702606201172e-01,-6.412122165784239769e-04,-2.547884285449981689e-01,2.347898781299591064e-01,-1.062228903174400330e-01,2.029132097959518433e-01,-3.323746919631958008e-01,-8.778154850006103516e-02,3.573179841041564941e-01,6.210744008421897888e-02,-1.789812296628952026e-01,-3.105746209621429443e-01,-1.633923947811126709e-01,-2.691094018518924713e-02,1.830571442842483521e-01,-1.005042344331741333e-01,-2.684249579906463623e-01,-1.295840889215469360e-01,4.463283717632293701e-01,-3.670413792133331299e-01,3.278616070747375488e-01,5.526242032647132874e-02,-4.268685281276702881e-01,8.658089488744735718e-02,1.697544753551483154e-01,3.073024749755859375e-01,3.597793579101562500e-01,-1.406521946191787720e-01,-2.264858335256576538e-01,-1.923564821481704712e-01,-4.287024028599262238e-03,2.311951220035552979e-01
-9.756081551313400269e-02,-2.064474858343601227e-02,7.965566217899322510e-02,1.472382433712482452e-02,-1.039611846208572388e-01,2.040907740592956543e-01,-3.264466300606727600e-02,-1.829527318477630615e-02,-1.178501471877098083e-01,-5.516387894749641418e-02,3.517732489854097366e-03,3.612264618277549744e-02,-1.579112559556961060e-01,-4.057185351848602295e-02,-1.255302578210830688e-01,-1.309790462255477905e-01,-2.207875018939375877e-03,-6.659259647130966187e-02,2.666578255593776703e-02,4.451676085591316223e-02,1.093640327453613281e-01,-7.524824142456054688e-02,1.191759482026100159e-03,-8.244044147431850433e-03,-1.438264735043048859e-02,-1.932714134454727173e-01,1.141066923737525940e-01,1.191719025373458862e-01,-3.652779385447502136e-02,2.265282906591892242e-02,5.585558339953422546e-02,1.219920516014099121e-01,-1.074994504451751709e-01,3.357375971972942352e-03,-2.478101756423711777e-03,1.193473935127258301e-01,-5.357574205845594406e-03,-5.643352121114730835e-02,1.369918733835220337e-01,3.382333368062973022e-02,-1.768639087677001953e-01,-1.984214968979358673e-02,-4.467981308698654175e-02,-1.042301580309867859e-02,6.155487895011901855e-02,1.263330876827239990e-01,1.406684219837188721e-01,1.654546521604061127e-02,-4.680088907480239868e-02,-4.860849305987358093e-02,8.692487329244613647e-02,-7.701739668846130371e-02,-4.574652388691902161e-02,-6.355150789022445679e-02,1.754247397184371948e-02,1.014762073755264282e-01,-7.872070185840129852e-03,-8.978027850389480591e-03,1.254819184541702271e-01,4.632907733321189880e-02,1.084682904183864594e-02,-2.703346684575080872e-02,-4.291469696909189224e-03,-1.205949187278747559e-01,-8.638958446681499481e-03,3.613991290330886841e-02,-2.004261501133441925e-02,-1.172091439366340637e-01,1.250609308481216431e-01,-3.464118391275405884e-02,9.239497035741806030e-02,-7.377149909734725952e-02,2.497878111898899078e-02,-1.265255808830261230e-01,8.244676887989044189e-02,1.103505268692970276e-01,8.591178804636001587e-03,-1.280452907085418701e-01,3.477420285344123840e-02,9.969009459018707275e-02,-8.422833681106567383e-02,-1.127291121520102024e-03,9.458052366971969604e-02,-6.963303312659263611e-03,1.199109405279159546e-01,1.700053960084915161e-01,-1.055568829178810120e-01,-5.831548012793064117e-03,-1.515142619609832764e-01,-2.963374555110931396e-02,4.728586971759796143e-02,7.810104638338088989e-03,5.767995491623878479e-02,1.186123676598072052e-02,1.126137524843215942e-01,-2.248025313019752502e-02,-6.792071461677551270e-02,2.186363126384094357e-04,6.465896964073181152e-02,-1.382800340652465820e-01,3.263606922701001167e-03,-1.492948979139328003e-01,1.167049854993820190e-01,3.295082971453666687e-02,-1.404582560062408447e-01,1.046155169606208801e-01,5.166379362344741821e-02,8.642498403787612915e-02,1.441123783588409424e-01,1.391097158193588257e-02,-4.311494901776313782e-02,-3.406589105725288391e-02,5.459601804614067078e-02,9.348273277282714844e-02,-1.049060225486755371e-01,1.756062358617782593e-01,-9.986887872219085693e-02,1.000070944428443909e-02,1.301373243331909180e-01,-2.872206829488277435e-02,-4.125621542334556580e-02,-1.128332316875457764e-01,-1.263458281755447388e-01,7.124602049589157104e-02,9.686812758445739746e-03,9.747227281332015991e-02,-1.387837342917919159e-03,-3.764038532972335815e-02
1.085721999406814575e-01,4.550446290522813797e-03,-1.143594235181808472e-01,5.221734754741191864e-03,6.843367964029312134e-02,-3.264466300606727600e-02,1.191921159625053406e-01,8.115208894014358521e-02,1.519849151372909546e-02,4.213586822152137756e-02,-9.262681938707828522e-03,-2.771854214370250702e-02,6.496711820363998413e-02,5.303038284182548523e-02,9.151447564363479614e-02,6.459090858697891235e-02,2.751869382336735725e-03,-4.046931862831115723e-02,-2.989710122346878052e-02,-7.948135584592819214e-02,2.720731776207685471e-03,5.766199901700019836e-02,5.452411249279975891e-02,-2.160944230854511261e-02,6.577050662599503994e-04,7.027328759431838989e-02,-5.820267647504806519e-02,-8.275178819894790649e-02,1.182010173797607422e-01,-1.568202674388885498e-01,-4.715866595506668091e-02,-5.723331868648529053e-02,5.878020823001861572e-02,3.900941088795661926e-02,-9.132975712418556213e-03,-5.845231190323829651e-02,-3.733199555426836014e-03,4.095420986413955688e-02,-1.727809607982635498e-01,-7.741090655326843262e-02,1.094327643513679504e-01,2.590760216116905212e-02,1.512831076979637146e-02,1.483125053346157074e-02,-1.483649248257279396e-03,-1.325099319219589233e-01,-1.333660930395126343e-01,-2.211749739944934845e-02,4.796396568417549133e-02,-1.615201681852340698e-02,-2.959238598123192787e-03,2.349020540714263916e-02,1.219250727444887161e-02,-1.163424551486968994e-02,-4.314361512660980225e-02,-8.221947401762008667e-02,1.752088032662868500e-02,9.584227576851844788e-03,-7.193322479724884033e-02,-1.894535496830940247e-02,-1.856596767902374268e-02,3.959606587886810303e-02,5.198721308261156082e-03,9.855359792709350586e-02,1.689560711383819580e-02,-1.078961975872516632e-02,-1.539233606308698654e-02,7.329589128494262695e-02,-5.919445678591728210e-02,4.972751438617706299e-02,-1.121872738003730774e-01,-8.229377120733261108e-02,3.949635848402976990e-02,8.687804639339447021e-02,-5.220581591129302979e-02,-1.180622205138206482e-01,-5.479346960783004761e-03,1.276977807283401489e-01,-5.334476009011268616e-02,-7.748016715049743652e-02,8.727058023214340210e-02,1.094162114895880222e-03,-9.944726526737213135e-02,-1.120104570873081684e-03,-1.217445880174636841e-01,-3.864626586437225342e-02,1.812100112438201904e-01,1.609235070645809174e-03,5.640473216772079468e-02,3.604139015078544617e-02,-5.727393925189971924e-02,1.047960761934518814e-02,-6.976410280913114548e-03,-5.463508516550064087e-02,-6.551488488912582397e-02,-4.674969241023063660e-02,1.035659536719322205e-01,-2.313851000508293509e-04,-6.564263999462127686e-02,1.509166210889816284e-01,-5.256847664713859558e-02,1.638931781053543091e-01,-5.371369794011116028e-02,-2.639318071305751801e-02,1.100670024752616882e-01,5.711856484413146973e-02,-3.998818248510360718e-02,-3.963991999626159668e-02,-1.219143569469451904e-01,-3.707374678924679756e-03,-4.350376129150390625e-02,-5.432911217212677002e-02,3.913817461580038071e-03,1.266960334032773972e-02,8.603929728269577026e-02,-1.225337460637092590e-01,1.220785677433013916e-01,2.968435361981391907e-02,-1.434822976589202881e-01,5.405024159699678421e-03,6.501557677984237671e-02,1.052013561129570007e-01,7.287236303091049194e-02,-1.144809834659099579e-02,-1.669557392597198486e-02,-1.172811686992645264e-01,1.534783374518156052e-02,9.873482584953308105e-02
3.653691112995147705e-01,3.867013379931449890e-02,-3.060462176799774170e-01,1.588407307863235474e-01,2.392551153898239136e-01,-1.829527318477630615e-02,8.115208894014358521e-02,4.207445979118347168e-01,-4.436389077454805374e-03,6.608978658914566040e-02,2.510025165975093842e-02,-1.183765530586242676e-01,2.115797400474548340e-01,3.631614148616790771e-01,3.610000610351562500e-01,2.703884243965148926e-01,-5.402809474617242813e-03,8.607383817434310913e-02,-1.172689255326986313e-02,-1.667681187391281128e-01,1.741116866469383240e-02,2.620882689952850342e-01,1.962816417217254639e-01,-7.915639434941112995e-04,8.411183953285217285e-03,1.886453032493591309e-01,-2.256724834442138672e-01,-2.611640989780426025e-01,3.106881678104400635e-01,-2.287312000989913940e-01,-5.358681455254554749e-02,-1.774104237556457520e-01,1.128807514905929565e-01,2.255463153123855591e-01,-3.619949892163276672e-02,-2.875159382820129395e-01,1.152274664491415024e-02,1.027049422264099121e-01,-3.839700818061828613e-01,-3.951856791973114014e-01,2.277301102876663208e-01,4.955438151955604553e-02,2.274966239929199219e-01,4.863783344626426697e-02,1.881865113973617554e-01,-2.840586900711059570e-01,-3.683345615863800049e-01,-1.182705238461494446e-01,-2.431082725524902344e-02,-6.684795022010803223e-03,2.642783336341381073e-02,-1.333906650543212891e-01,9.459046274423599243e-02,-1.034013479948043823e-01,-1.244918629527091980e-01,-3.411760926246643066e-01,1.194057390093803406e-01,3.456061705946922302e-02,-9.822361916303634644e-02,-1.310895085334777832e-01,4.550317302346229553e-02,2.612079260870814323e-04,1.541939191520214081e-02,-2.004949189722537994e-02,-1.491360086947679520e-02,-2.161423489451408386e-02,1.994054205715656281e-02,3.172360658645629883e-01,-2.624113559722900391e-01,1.112622171640396118e-01,-2.878662943840026855e-01,-2.403925508260726929e-01,1.776384003460407257e-02,2.910163104534149170e-01,-8.024869114160537720e-02,-2.815322577953338623e-01,-9.350121021270751953e-03,3.254850208759307861e-01,-1.533934026956558228e-01,-2.196053862571716309e-01,2.365277856588363647e-01,4.509788006544113159e-03,-3.539693057537078857e-01,8.903776761144399643e-04,-2.787049710750579834e-01,-2.314701974391937256e-01,3.197114765644073486e-01,1.344158686697483063e-02,3.326631709933280945e-02,8.247519284486770630e-02,-1.060641407966613770e-01,-3.670854028314352036e-03,-8.831274509429931641e-02,-5.251785740256309509e-02,-1.736353784799575806e-01,-1.311500221490859985e-01,3.715481758117675781e-01,-5.511377239599823952e-04,-2.523260712623596191e-01,2.268799394369125366e-01,-1.351538449525833130e-01,1.877789795398712158e-01,-2.220554053783416748e-01,-6.817956268787384033e-02,1.865154057741165161e-01,1.832411885261535645e-01,-1.889150962233543396e-02,-2.149021923542022705e-01,-1.503047645092010498e-01,-1.956363674253225327e-03,1.267398446798324585e-01,-4.892415925860404968e-02,-1.983805447816848755e-01,-1.587545722723007202e-01,3.800144195556640625e-01,-2.586629092693328857e-01,3.807481527328491211e-01,3.158375993371009827e-02,-4.284392595291137695e-01,3.783871233463287354e-02,7.895510643720626831e-02,2.519783675670623779e-01,2.530623674392700195e-01,-4.140394739806652069e-03,-1.720980554819107056e-01,-1.758710145950317383e-01,-1.196836680173873901e-02,2.006582170724868774e-01
7.871736586093902588e-02,1.149462815374135971e-02,-5.993588268756866455e-02,2.554854750633239746e-02,4.402584210038185120e-02,-1.178501471877098083e-01,1.519849151372909546e-02,-4.436389077454805374e-03,9.721403568983078003e-02,4.148321598768234253e-02,-2.377551048994064331e-02,-2.838169038295745850e-02,7.747226953506469727e-02,7.821284234523773193e-02,8.322211354970932007e-02,7.159741222858428955e-02,4.862706642597913742e-03,4.936401918530464172e-02,-2.350242994725704193e-02,-2.217102423310279846e-02,-1.575471609830856323e-01,6.263168156147003174e-02,1.206098683178424835e-02,-1.787413842976093292e-02,1.480834651738405228e-02,1.218079701066017151e-01,-5.541322380304336548e-02,-4.698186740279197693e-02,-1.050884928554296494e-02,1.359454542398452759e-02,-5.820248275995254517e-02,-1.192486435174942017e-01,1.085247769951820374e-01,-9.848315268754959106e-03,5.192954093217849731e-03,-7.778912782669067383e-02,1.013584807515144348e-02,3.228628635406494141e-02,-4.812254011631011963e-02,-7.167915999889373779e-02,1.358122825622558594e-01,2.283427678048610687e-02,1.511936634778976440e-02,5.499449558556079865e-03,-7.866550981998443604e-02,-5.584704875946044922e-02,-8.181850612163543701e-02,-3.138730674982070923e-02,3.378981351852416992e-02,3.877408057451248169e-02,-6.399515271186828613e-02,6.855262070894241333e-02,5.526917055249214172e-02,4.037814214825630188e-03,3.386144712567329407e-02,-5.668465420603752136e-02,1.011217013001441956e-02,4.039419814944267273e-03,-5.581631883978843689e-02,-4.569073393940925598e-02,-3.928260132670402527e-02,4.456004500389099121e-02,5.971001926809549332e-03,1.100112199783325195e-01,5.171127617359161377e-03,-2.420980110764503479e-02,7.972343155415728688e-05,8.237368613481521606e-02,-8.841028809547424316e-02,4.170164931565523148e-03,-6.205443665385246277e-02,1.041963547468185425e-01,-3.629070520401000977e-02,9.333093464374542236e-02,-6.683539599180221558e-02,-8.694724738597869873e-02,-3.576197661459445953e-03,8.662622421979904175e-02,-8.419672399759292603e-02,-7.720414549112319946e-02,9.956828504800796509e-02,1.048949547111988068e-03,-3.690044954419136047e-02,4.814489744603633881e-03,-1.061582490801811218e-01,-6.523521244525909424e-02,4.335718229413032532e-02,2.215124201029539108e-03,8.482993394136428833e-02,2.209455706179141998e-02,-1.816630549728870392e-02,-3.835720941424369812e-02,-7.299244403839111328e-02,2.892572805285453796e-02,-9.174907207489013672e-02,-1.446556765586137772e-03,3.141242265701293945e-02,-1.681141729932278395e-04,-3.239304199814796448e-02,1.137043535709381104e-01,7.841728511266410351e-04,8.549516648054122925e-02,-9.921046346426010132e-02,-2.070927619934082031e-02,9.303329885005950928e-02,-2.446731738746166229e-02,-8.634039759635925293e-02,-5.601678416132926941e-02,-8.166663348674774170e-02,-1.094145886600017548e-02,1.025298461318016052e-01,-2.037495188415050507e-02,-5.431802943348884583e-02,-4.641167074441909790e-02,4.046260938048362732e-02,-1.057266592979431152e-01,5.627106502652168274e-02,-1.340483874082565308e-02,-1.061801165342330933e-01,3.521746024489402771e-02,-9.087762446142733097e-04,9.222928434610366821e-02,9.179409593343734741e-02,-4.881584271788597107e-02,-1.052343100309371948e-02,-1.050908491015434265e-01,4.901041276752948761e-03,3.747606277465820312e-02
5.031017959117889404e-02,3.325483202934265137e-02,-2.447650879621505737e-01,1.668758243322372437e-01,1.064010187983512878e-01,-5.516387894749641418e-02,4.213586822152137756e-02,6.608978658914566040e-02,4.148321598768234253e-02,7.861886918544769287e-02,1.491219270974397659e-02,-9.392470866441726685e-02,1.839051395654678345e-01,1.567966043949127197e-01,2.208178192377090454e-01,1.986309736967086792e-01,2.974400296807289124e-03,1.349042356014251709e-01,-1.152523159980773926e-01,-1.420664638280868530e-01,-1.004936769604682922e-01,2.375464439392089844e-01,1.540418416261672974e-01,-4.033679515123367310e-02,3.018394112586975098e-02,2.692022919654846191e-01,-2.324495017528533936e-01,-8.513168990612030029e-02,1.889527142047882080e-01,-4.922946169972419739e-02,-1.801353693008422852e-02,-2.537220418453216553e-01,2.057147175073623657e-01,1.209963038563728333e-01,-3.379809437319636345e-03,-2.427549809217453003e-01,3.450519591569900513e-02,9.395782649517059326e-02,-1.519959867000579834e-01,-1.785319149494171143e-01,2.327540963888168335e-01,1.443786732852458954e-02,1.969480812549591064e-01,3.053821809589862823e-02,-1.076898444443941116e-02,-1.914006769657135010e-01,-2.513336539268493652e-01,-6.538306921720504761e-02,4.925368353724479675e-03,1.022820826619863510e-02,-5.784465000033378601e-03,7.277874276041984558e-03,8.501036465167999268e-02,-2.499722503125667572e-02,1.441527507267892361e-03,-2.390353977680206299e-01,5.866290628910064697e-02,2.049098908901214600e-02,-1.321803480386734009e-01,-1.263836175203323364e-01,-4.117390140891075134e-02,6.038590148091316223e-02,1.162570342421531677e-02,9.070464223623275757e-02,1.274620927870273590e-02,-5.409690737724304199e-02,5.160833150148391724e-02,2.251761406660079956e-01,-2.297928333282470703e-01,2.352378331124782562e-02,-1.868104338645935059e-01,1.412106491625308990e-02,-5.365367978811264038e-02,2.412473708391189575e-01,-8.410405367612838745e-02,-2.235676348209381104e-01,-6.578887812793254852e-03,2.793904840946197510e-01,-1.127389892935752869e-01,-2.232081145048141479e-01,2.678479850292205811e-01,3.532506758347153664e-03,-1.587843298912048340e-01,6.807633675634860992e-03,-1.975312530994415283e-01,-1.825813353061676025e-01,1.393860280513763428e-01,1.097839046269655228e-02,1.233041509985923767e-01,6.936649233102798462e-02,-5.050916969776153564e-02,-5.825044959783554077e-02,-2.092700749635696411e-01,8.815041184425354004e-02,-2.241626381874084473e-01,-1.386482454836368561e-02,1.389512717723846436e-01,-4.286527400836348534e-04,-1.349035799503326416e-01,1.644569337368011475e-01,-6.589524447917938232e-02,1.173206046223640442e-01,-2.531455755233764648e-01,-5.824368074536323547e-02,2.842749357223510742e-01,2.925845608115196228e-02,-2.015720903873443604e-01,-2.188739478588104248e-01,-5.061735212802886963e-02,-2.504209801554679871e-02,1.845158040523529053e-01,-1.332182586193084717e-01,-1.931210458278656006e-01,1.403802819550037384e-02,2.435070872306823730e-01,-2.295238673686981201e-01,1.469771862030029297e-01,6.442452967166900635e-02,-2.547624111175537109e-01,7.874496281147003174e-02,1.095476225018501282e-01,2.059810012578964233e-01,2.313443422317504883e-01,-9.894437342882156372e-02,-1.737352609634399414e-01,-1.623061150312423706e-01,1.315982453525066376e-02,1.605046540498733521e-01
-5.900593847036361694e-02,1.585727371275424957e-02,-9.531337767839431763e-02,9.055137634277343750e-03,3.031049855053424835e-02,3.517732489854097366e-03,-9.262681938707828522e-03,2.510025165975093842e-02,-2.377551048994064331e-02,1.491219270974397659e-02,8.239406347274780273e-02,-3.469054028391838074e-02,1.316725760698318481e-01,5.353865679353475571e-03,7.269013673067092896e-02,1.006802171468734741e-01,-4.500587470829486847e-03,3.815042600035667419e-02,-3.750279545783996582e-02,-7.421252131462097168e-02,1.299084126949310303e-01,9.424127638339996338e-02,9.840758144855499268e-02,-3.295599948614835739e-03,4.844973795115947723e-03,1.210889741778373718e-01,-1.363644748926162720e-01,-4.865399748086929321e-02,1.601009517908096313e-01,-2.113704197108745575e-02,4.327460750937461853e-02,-5.900319665670394897e-02,2.035557263297960162e-04,1.154919266700744629e-01,-9.661436080932617188e-03,-1.224886700510978699e-01,8.800036273896694183e-03,4.217956215143203735e-02,-8.218276500701904297e-02,2.895676530897617340e-02,8.937758393585681915e-03,-3.262443095445632935e-02,1.386461853981018066e-01,1.481617707759141922e-02,7.547015696763992310e-02,-1.367235481739044189e-01,-1.004333868622779846e-01,2.759560383856296539e-02,-2.900815941393375397e-02,-8.082175999879837036e-02,3.901024907827377319e-02,-5.534699559211730957e-02,-2.000606246292591095e-02,2.569478750228881836e-02,-7.975477725267410278e-02,-1.188741326332092285e-01,2.794106677174568176e-02,1.334660314023494720e-02,-4.050699248909950256e-02,-2.820773050189018250e-02,3.856186568737030029e-02,-1.544690970331430435e-02,-1.755631761625409126e-03,-8.723516017198562622e-02,-1.793560385704040527e-02,-2.026429586112499237e-02,3.873926773667335510e-02,6.046479195356369019e-02,-1.074196845293045044e-01,-6.867690477520227432e-03,-4.850585013628005981e-02,-1.377517580986022949e-01,-1.416870951652526855e-02,8.749817311763763428e-02,1.431823428720235825e-02,-7.843372412025928497e-03,-4.343654029071331024e-03,1.181841343641281128e-01,1.027637571096420288e-01,-8.592892438173294067e-02,4.305146262049674988e-02,1.440758700482547283e-03,-7.972528040409088135e-02,1.307350001297891140e-03,2.390439994633197784e-02,-1.310955882072448730e-01,5.493187904357910156e-02,8.334205485880374908e-03,5.776060372591018677e-02,2.575351111590862274e-02,-7.526027038693428040e-03,3.538811579346656799e-02,-3.837319836020469666e-02,2.878573257476091385e-03,-5.258415266871452332e-02,1.816551387310028076e-02,2.170476876199245453e-02,-1.006782913464121521e-04,-8.897601068019866943e-02,-2.098684944212436676e-02,-4.546542838215827942e-02,2.016188390552997589e-02,-7.699424028396606445e-02,-2.358381077647209167e-02,1.050036847591400146e-01,-9.027510881423950195e-02,1.384934317320585251e-02,-1.057111844420433044e-01,5.355079099535942078e-02,-8.577389642596244812e-03,5.137713626027107239e-03,-7.048376370221376419e-03,-7.714292407035827637e-02,3.403267264366149902e-02,1.266980171203613281e-01,-8.057820796966552734e-02,5.685581266880035400e-02,6.832683831453323364e-02,-3.619146719574928284e-02,9.720765985548496246e-03,6.753563880920410156e-02,2.699500322341918945e-02,6.596737354993820190e-02,-1.653137430548667908e-02,-1.282937824726104736e-01,-9.885944426059722900e-03,6.684895139187574387e-03,3.330923989415168762e-02
-5.783739313483238220e-02,-4.591842368245124817e-02,3.288635909557342529e-01,-2.457594275474548340e-01,-1.383375078439712524e-01,3.612264618277549744e-02,-2.771854214370250702e-02,-1.183765530586242676e-01,-2.838169038295745850e-02,-9.392470866441726685e-02,-3.469054028391838074e-02,1.312707513570785522e-01,-2.412727177143096924e-01,-2.289378345012664795e-01,-3.010515272617340088e-01,-2.703632712364196777e-01,-2.238289453089237213e-03,-1.940850466489791870e-01,1.484606564044952393e-01,1.871274411678314209e-01,9.664689749479293823e-02,-3.317712545394897461e-01,-2.241950035095214844e-01,5.488682538270950317e-02,-3.961397707462310791e-02,-3.449679911136627197e-01,3.169307410717010498e-01,1.063296496868133545e-01,-2.705356180667877197e-01,4.689334705471992493e-02,5.995408166199922562e-03,3.301822245121002197e-01,-2.542700767517089844e-01,-1.895800828933715820e-01,8.184723556041717529e-03,3.376460075378417969e-01,-4.805399104952812195e-02,-1.235361546277999878e-01,1.919299811124801636e-01,2.535265982151031494e-01,-2.815080285072326660e-01,-1.103775482624769211e-02,-2.913959920406341553e-01,-4.239240661263465881e-02,-3.003473021090030670e-02,2.489273250102996826e-01,3.337963819503784180e-01,8.880690485239028931e-02,1.892148703336715698e-02,2.585526555776596069e-03,-1.296951901167631149e-02,2.848799526691436768e-02,-1.110339388251304626e-01,5.061666667461395264e-02,7.183569483458995819e-03,3.339295983314514160e-01,-9.110809117555618286e-02,-2.934080362319946289e-02,1.510001271963119507e-01,1.751161962747573853e-01,3.939142450690269470e-02,-6.481987982988357544e-02,-1.496810186654329300e-02,-6.038890779018402100e-02,-9.400669485330581665e-03,6.905975192785263062e-02,-7.415872067213058472e-02,-3.031023442745208740e-01,3.131822943687438965e-01,-2.107349969446659088e-02,2.452414035797119141e-01,1.315957307815551758e-02,7.853868603706359863e-02,-3.245553374290466309e-01,9.208444505929946899e-02,2.800206840038299561e-01,7.532832212746143341e-03,-3.699249625205993652e-01,1.388454288244247437e-01,2.999480068683624268e-01,-3.535507321357727051e-01,-4.953022114932537079e-03,2.179806530475616455e-01,-8.823175914585590363e-03,2.428978979587554932e-01,2.500322759151458740e-01,-1.588927805423736572e-01,-1.585395261645317078e-02,-1.362008154392242432e-01,-9.179902076721191406e-02,5.741494148969650269e-02,7.507075369358062744e-02,2.823675274848937988e-01,-1.255034953355789185e-01,2.911708354949951172e-01,2.180356718599796295e-02,-1.891452670097351074e-01,5.523476283997297287e-04,1.911424547433853149e-01,-1.842553168535232544e-01,9.390728920698165894e-02,-1.151005029678344727e-01,3.411173224449157715e-01,7.650257647037506104e-02,-3.636394739151000977e-01,-5.137953534722328186e-02,2.503730356693267822e-01,3.066290020942687988e-01,2.301018498837947845e-02,3.121317550539970398e-02,-2.653439342975616455e-01,1.727758049964904785e-01,2.829661965370178223e-01,-1.795106567442417145e-02,-3.441472053527832031e-01,2.856140434741973877e-01,-1.968677341938018799e-01,-9.303026646375656128e-02,3.348493576049804688e-01,-1.046455949544906616e-01,-1.405969858169555664e-01,-2.618886232376098633e-01,-3.038814961910247803e-01,1.168758049607276917e-01,2.599947452545166016e-01,1.904650181531906128e-01,-1.284817885607481003e-02,-2.084760218858718872e-01
