4.597705304622650146e-01,-1.811472326517105103e-02,1.180300191044807434e-01,-1.637206822633743286e-01,1.593032032251358032e-01,-2.033031880855560303e-01,1.789462268352508545e-01,3.255484104156494141e-01,8.138148486614227295e-02,4.185514897108078003e-02,-1.667701750993728638e-01,-2.034097909927368164e-02,-2.047001570463180542e-01,-9.296594187617301941e-03,-5.412495695054531097e-03,1.393515802919864655e-02,4.873850382864475250e-03,-1.431847512722015381e-01,1.911588460206985474e-01,2.264913544058799744e-02,-1.170263662934303284e-01,-1.259596049785614014e-01,-1.631848961114883423e-01,1.080353036522865295e-01,5.354082211852073669e-03,-6.549511104822158813e-02,1.536769419908523560e-01,-1.457783281803131104e-01,-1.433372348546981812e-01,-1.023884192109107971e-01,-2.024659067392349243e-01,6.175260618329048157e-02,-1.202195510268211365e-01,-4.115127399563789368e-02,-1.728711090981960297e-02,9.780580550432205200e-02,-6.325788795948028564e-02,-5.530332773923873901e-02,-1.151361986994743347e-01,-3.226171731948852539e-01,1.103235930204391479e-01,8.064758777618408203e-02,-2.333100587129592896e-01,-9.494256228208541870e-03,-7.665576040744781494e-02,2.092106789350509644e-01,4.721284657716751099e-02,-5.611819773912429810e-02,1.063405573368072510e-01,-7.967622578144073486e-02,-1.505861133337020874e-01,-8.546953648328781128e-02,2.874521911144256592e-01,2.903888467699289322e-03,-5.964109674096107483e-02,-2.349214814603328705e-02,5.012001469731330872e-02,-5.586178973317146301e-03,1.651709675788879395e-01,9.080035984516143799e-02,-1.128667145967483521e-01,-3.199892863631248474e-02,-9.087960934266448021e-04,1.519098132848739624e-01,-1.523051597177982330e-02,3.943996876478195190e-02,-2.946589291095733643e-01,1.853086985647678375e-02,1.690562628209590912e-02,1.350208669900894165e-01,-9.540896117687225342e-02,1.699068397283554077e-01,6.587930023670196533e-02,-1.625221781432628632e-02,-9.773694723844528198e-02,-1.458676718175411224e-02,2.341663697734475136e-03,-7.956829667091369629e-02,-3.308610245585441589e-02,1.156466640532016754e-02,-5.221473425626754761e-02,-1.623366406420245767e-04,-1.301229596138000488e-01,-3.670315258204936981e-03,-2.385139614343643188e-01,2.123344689607620239e-01,2.106979638338088989e-01,-3.486715257167816162e-03,-1.802782714366912842e-01,3.917941451072692871e-02,-1.529377847909927368e-01,1.435120999813079834e-01,2.171637713909149170e-01,-1.364506781101226807e-01,-8.186542429029941559e-03,-3.570289909839630127e-01,-7.823590189218521118e-03,-3.737512088264338672e-05,-8.441365510225296021e-02,1.867275536060333252e-01,-2.230057120323181152e-01,2.511712908744812012e-01,8.060093224048614502e-02,2.941018342971801758e-02,-1.431560218334197998e-01,2.710712552070617676e-01,1.936324983835220337e-01,2.524881958961486816e-01,-2.799595594406127930e-01,8.544031530618667603e-03,-5.854607000946998596e-02,1.428674310445785522e-01,1.579978913068771362e-01,7.841759175062179565e-02,-2.078324370086193085e-02,8.194109797477722168e-02,3.219037055969238281e-01,-1.912066042423248291e-01,-1.282515823841094971e-01,-3.825762495398521423e-02,-2.381345033645629883e-01,3.638134524226188660e-02,9.963326901197433472e-02,2.733867764472961426e-01,-2.712435461580753326e-02,5.796978250145912170e-02,3.477204125374555588e-03,-6.104115769267082214e-02
-1.811472326517105103e-02,1.294287387281656265e-02,-1.002565175294876099e-01,7.999856770038604736e-02,3.354859724640846252e-02,-1.732140406966209412e-02,-1.983892358839511871e-02,3.892891854047775269e-02,3.163490071892738342e-02,4.865349084138870239e-02,6.413582246750593185e-03,-4.228312894701957703e-02,9.159569442272186279e-02,6.963428854942321777e-02,9.373633563518524170e-02,1.021924242377281189e-01,-1.223356695845723152e-03,7.113274931907653809e-02,-8.227164298295974731e-02,-5.125745758414268494e-02,-3.938529267907142639e-02,7.698974013328552246e-02,7.146175950765609741e-02,-3.318590298295021057e-02,1.070350129157304764e-02,1.008602529764175415e-01,-1.019496396183967590e-01,-2.819515205919742584e-02,9.014380723237991333e-02,5.184995010495185852e-03,2.235810831189155579e-02,-1.030969843268394470e-01,7.461954653263092041e-02,6.287577003240585327e-02,-3.258478594943881035e-03,-1.081872060894966125e-01,5.028880760073661804e-02,8.509861677885055542e-02,-7.870289683341979980e-02,-3.974784910678863525e-02,8.537938445806503296e-02,1.054690591990947723e-02,9.594602882862091064e-02,2.099682018160820007e-02,-3.945590462535619736e-03,-7.654505968093872070e-02,-1.000269949436187744e-01,-3.042017854750156403e-02,-5.194322671741247177e-03,2.145721763372421265e-02,9.712560102343559265e-03,2.920196577906608582e-02,2.129216119647026062e-02,-1.544002816081047058e-02,-1.261760294437408447e-02,-1.114758104085922241e-01,3.082703612744808197e-02,7.448775693774223328e-03,-4.916644841432571411e-02,-7.614738494157791138e-02,-1.091974321752786636e-02,1.178928371518850327e-02,2.789055695757269859e-03,1.553031336516141891e-02,2.009542472660541534e-02,-2.969056926667690277e-02,4.321425408124923706e-02,9.538051486015319824e-02,-9.800274670124053955e-02,9.116733446717262268e-03,-8.209763467311859131e-02,-2.462116256356239319e-02,-2.749254554510116577e-02,9.420162439346313477e-02,-2.638278342783451080e-02,-9.164735674858093262e-02,-1.334627857431769371e-03,1.134926676750183105e-01,-5.091822519898414612e-02,-8.644366264343261719e-02,1.045991331338882446e-01,4.150556924287229776e-04,-7.187534868717193604e-02,6.377968238666653633e-04,-7.143813371658325195e-02,-9.480238705873489380e-02,4.353087395429611206e-02,3.127797506749629974e-03,6.148761138319969177e-02,6.245584785938262939e-02,-1.490379776805639267e-02,-2.881610020995140076e-02,-9.214208275079727173e-02,3.467876091599464417e-02,-8.392328023910522461e-02,2.213934436440467834e-02,7.377853989601135254e-02,-2.331301948288455606e-05,-6.994682550430297852e-02,6.233642250299453735e-02,-1.602500863373279572e-02,3.268202021718025208e-02,-1.103602498769760132e-01,-7.990904152393341064e-02,1.171483695507049561e-01,-1.044303365051746368e-02,-8.619697391986846924e-02,-1.014308035373687744e-01,-1.527140266261994839e-03,-4.716929048299789429e-03,7.079669088125228882e-02,-6.832527369260787964e-02,-9.883000701665878296e-02,1.675406820140779018e-03,1.077001616358757019e-01,-9.946176409721374512e-02,3.184682503342628479e-02,5.695599317550659180e-02,-9.681349992752075195e-02,4.116758704185485840e-02,5.386446043848991394e-02,7.891552150249481201e-02,8.351655304431915283e-02,-6.801418960094451904e-02,-4.327046126127243042e-02,-6.974008679389953613e-02,-8.071859483607113361e-04,7.268854975700378418e-02
1.180300191044807434e-01,-1.002565175294876099e-01,7.838511466979980469e-01,-6.800441145896911621e-01,-2.498535811901092529e-01,8.909669518470764160e-02,1.027484759688377380e-01,-3.317133784294128418e-01,-2.352385222911834717e-01,-4.293600320816040039e-01,-8.603865280747413635e-03,3.639555275440216064e-01,-6.582661271095275879e-01,-6.120103001594543457e-01,-7.325332164764404297e-01,-7.311334013938903809e-01,8.935396559536457062e-03,-5.510346293449401855e-01,6.717740893363952637e-01,4.605848789215087891e-01,3.640115261077880859e-01,-6.371401548385620117e-01,-6.365730762481689453e-01,2.827284634113311768e-01,-9.293651580810546875e-02,-6.937249898910522461e-01,7.451866865158081055e-01,1.506568342447280884e-01,-7.014725804328918457e-01,-4.843725264072418213e-02,-1.609122008085250854e-01,7.774538993835449219e-01,-6.139304041862487793e-01,-5.924293398857116699e-01,2.951674535870552063e-02,7.743812203407287598e-01,-4.125207662582397461e-01,-6.869723200798034668e-01,5.553575754165649414e-01,4.071274697780609131e-01,-6.457676887512207031e-01,-1.051505580544471741e-01,-7.054717540740966797e-01,-1.815350949764251709e-01,3.904714435338973999e-02,6.003151535987854004e-01,7.849066257476806641e-01,2.596122026443481445e-01,3.281455859541893005e-02,-7.932996749877929688e-02,-8.530382812023162842e-02,-2.146474570035934448e-01,-2.288808375597000122e-01,1.335642933845520020e-01,8.052640408277511597e-02,8.118109703063964844e-01,-2.853831648826599121e-01,-6.339401751756668091e-02,3.717660307884216309e-01,6.438210010528564453e-01,1.268004328012466431e-01,-1.323978751897811890e-01,-2.448544837534427643e-02,-1.313245743513107300e-01,-1.589758545160293579e-01,2.408593893051147461e-01,-2.948716580867767334e-01,-6.979132294654846191e-01,7.493420243263244629e-01,-1.601481251418590546e-02,6.658484339714050293e-01,2.253635376691818237e-01,2.446340769529342651e-01,-7.484548091888427734e-01,1.944731473922729492e-01,7.067921757698059082e-01,9.596214629709720612e-03,-8.337355852127075195e-01,4.698652327060699463e-01,6.993535757064819336e-01,-8.066781163215637207e-01,-3.614666406065225601e-03,5.974698662757873535e-01,-4.138936754316091537e-03,5.517467856407165527e-01,7.038263082504272461e-01,-3.874777853488922119e-01,-2.430238388478755951e-02,-4.584001600742340088e-01,-5.419511795043945312e-01,1.381160020828247070e-01,2.498138844966888428e-01,7.059052586555480957e-01,-2.790138125419616699e-01,6.878500580787658691e-01,-1.545080095529556274e-01,-5.944106578826904297e-01,2.023338165599852800e-04,5.587679147720336914e-01,-5.036295056343078613e-01,2.046473622322082520e-01,-2.481712996959686279e-01,8.147430419921875000e-01,6.567741036415100098e-01,-8.420808315277099609e-01,-5.897130072116851807e-02,6.754160523414611816e-01,7.187043428421020508e-01,-2.170993015170097351e-02,3.901349380612373352e-02,-5.822352766990661621e-01,6.256147623062133789e-01,7.559753656387329102e-01,-1.380427330732345581e-01,-7.863947153091430664e-01,7.541354894638061523e-01,-2.524547278881072998e-01,-4.749968349933624268e-01,7.527463436126708984e-01,-3.636695146560668945e-01,-4.131002128124237061e-01,-6.630310416221618652e-01,-6.806902289390563965e-01,5.137040615081787109e-01,4.222612679004669189e-01,6.086286306381225586e-01,-1.962048700079321861e-03,-6.276838183403015137e-01
-1.637206822633743286e-01,7.999856770038604736e-02,-6.800441145896911621e-01,7.001562714576721191e-01,1.176410764455795288e-01,7.830975577235221863e-03,-9.862726181745529175e-02,1.790735572576522827e-01,1.906847208738327026e-01,3.493186235427856445e-01,-3.864919766783714294e-02,-2.960088849067687988e-01,4.948426485061645508e-01,5.883820652961730957e-01,6.289619803428649902e-01,5.441653728485107422e-01,-4.659586120396852493e-03,5.059078931808471680e-01,-6.369402408599853516e-01,-3.819180428981781006e-01,-4.012927412986755371e-01,5.783184766769409180e-01,5.705968737602233887e-01,-2.331057041883468628e-01,7.757089287042617798e-02,4.993023574352264404e-01,-5.884200930595397949e-01,3.517390787601470947e-02,5.241551399230957031e-01,1.471226364374160767e-01,1.313400715589523315e-01,-6.884712576866149902e-01,6.110015511512756348e-01,4.700374007225036621e-01,-1.083933841437101364e-02,-6.333520412445068359e-01,3.364016711711883545e-01,5.587655901908874512e-01,-3.285982012748718262e-01,-4.016257822513580322e-01,5.307525396347045898e-01,1.066141650080680847e-01,5.872197151184082031e-01,1.476163566112518311e-01,-7.123675197362899780e-02,-4.236099421977996826e-01,-6.957619786262512207e-01,-2.368480712175369263e-01,-4.254833608865737915e-02,1.238860487937927246e-01,1.040627807378768921e-01,2.273893952369689941e-01,2.152085751295089722e-01,-1.412314921617507935e-01,4.189820587635040283e-02,-6.552392840385437012e-01,2.566389441490173340e-01,4.992448911070823669e-02,-3.299314975738525391e-01,-5.850327610969543457e-01,-1.608007699251174927e-01,1.821141391992568970e-01,2.495056390762329102e-02,6.633464992046356201e-02,1.662609428167343140e-01,-2.001386880874633789e-01,2.749807238578796387e-01,5.173679590225219727e-01,-6.100722551345825195e-01,-1.086793467402458191e-01,-5.180771946907043457e-01,-7.358259707689285278e-02,-2.704182863235473633e-01,6.553052663803100586e-01,-1.671029776334762573e-01,-5.991438031196594238e-01,-5.615711677819490433e-03,6.815239191055297852e-01,-5.373342037200927734e-01,-5.776230692863464355e-01,7.506896853446960449e-01,2.969953697174787521e-03,-4.139989018440246582e-01,5.062665324658155441e-03,-4.217272698879241943e-01,-5.749800205230712891e-01,1.765963584184646606e-01,1.701291278004646301e-02,3.474003076553344727e-01,4.225396513938903809e-01,-1.022503897547721863e-01,-3.229913413524627686e-01,-6.713920831680297852e-01,3.121422231197357178e-01,-6.114059686660766602e-01,1.949385553598403931e-01,4.662959277629852295e-01,-1.564262493047863245e-04,-3.687836825847625732e-01,3.676640689373016357e-01,-8.245275914669036865e-02,3.224550560116767883e-02,-7.428404688835144043e-01,-5.216861367225646973e-01,7.430650591850280762e-01,1.540346592664718628e-01,-7.215030193328857422e-01,-6.136874556541442871e-01,1.195506229996681213e-01,-3.375092521309852600e-02,5.910928845405578613e-01,-6.201748847961425781e-01,-6.703637242317199707e-01,1.853676736354827881e-01,6.349125504493713379e-01,-6.326814889907836914e-01,6.431697309017181396e-02,3.935588002204895020e-01,-6.239627003669738770e-01,3.552347421646118164e-01,3.569410443305969238e-01,5.917428135871887207e-01,5.664792656898498535e-01,-4.613463282585144043e-01,-3.124783933162689209e-01,-5.489565134048461914e-01,-1.061322353780269623e-02,5.292752981185913086e-01
1.593032032251358032e-01,3.354859724640846252e-02,-2.498535811901092529e-01,1.176410764455795288e-01,2.624728381633758545e-01,-1.648502200841903687e-01,8.276375941932201385e-03,3.644623458385467529e-01,6.961198896169662476e-02,1.445479840040206909e-01,-1.763394661247730255e-02,-1.380383670330047607e-01,2.345714420080184937e-01,1.323998272418975830e-01,2.910131216049194336e-01,3.781683146953582764e-01,-4.351199138909578323e-03,1.805988252162933350e-01,-1.156388372182846069e-01,-1.234573572874069214e-01,-1.474422775208950043e-02,1.589842289686203003e-01,1.149265915155410767e-01,-3.046178072690963745e-02,2.809067070484161377e-02,3.287425339221954346e-01,-2.726909518241882324e-01,-2.822878062725067139e-01,2.836678326129913330e-01,-1.095532029867172241e-01,-8.272507693618535995e-04,-2.224781364202499390e-01,8.670981973409652710e-02,1.674531847238540649e-01,-2.706698700785636902e-02,-3.093723654747009277e-01,1.266186237335205078e-01,2.438637763261795044e-01,-4.365027844905853271e-01,-2.122954577207565308e-01,3.061771988868713379e-01,5.101516470313072205e-02,2.308163940906524658e-01,6.416092813014984131e-02,3.112828731536865234e-02,-1.876175403594970703e-01,-2.832601964473724365e-01,-1.209334656596183777e-01,6.727929692715406418e-03,6.602191179990768433e-02,-4.533021152019500732e-02,-2.828763984143733978e-02,1.363541483879089355e-01,-3.152646124362945557e-02,-1.519804745912551880e-01,-3.927362561225891113e-01,1.120044738054275513e-01,2.242440544068813324e-02,-8.410677313804626465e-02,-1.757249087095260620e-01,-2.172042615711688995e-02,-5.916949734091758728e-02,4.945122171193361282e-03,9.559782594442367554e-02,2.636495791375637054e-02,-7.080020010471343994e-02,3.261733055114746094e-02,3.686524033546447754e-01,-2.808686494827270508e-01,2.035969346761703491e-01,-3.310411572456359863e-01,-9.100560843944549561e-02,2.078428864479064941e-02,2.586627602577209473e-01,-1.151056960225105286e-01,-3.042099773883819580e-01,-4.583492409437894821e-03,3.314925432205200195e-01,-8.299919217824935913e-02,-2.387107759714126587e-01,2.459996044635772705e-01,1.126233371905982494e-03,-3.368144035339355469e-01,-1.161630265414714813e-03,-3.635381162166595459e-01,-2.384768426418304443e-01,2.943787872791290283e-01,1.072990242391824722e-02,9.131443500518798828e-02,2.115134447813034058e-01,-1.387516111135482788e-01,6.139841675758361816e-02,-1.315957009792327881e-01,-1.229073200374841690e-02,-2.154189497232437134e-01,-1.226833462715148926e-01,2.997208535671234131e-01,-8.940836414694786072e-05,-3.028948307037353516e-01,3.029190599918365479e-01,-1.709234714508056641e-01,2.847024202346801758e-01,-2.605167925357818604e-01,-2.455547004938125610e-01,2.712015509605407715e-01,2.943017706274986267e-02,-7.239814102649688721e-02,-2.338413596153259277e-01,-1.941105127334594727e-01,-4.410039633512496948e-03,7.900936901569366455e-02,-4.972163587808609009e-02,-2.235105484724044800e-01,-6.469990313053131104e-02,3.949304819107055664e-01,-2.562054991722106934e-01,3.245151340961456299e-01,1.062053367495536804e-01,-3.671835064888000488e-01,6.252520531415939331e-02,9.389252960681915283e-02,2.043290138244628906e-01,2.859932184219360352e-01,-8.426927030086517334e-02,-1.327657848596572876e-01,-1.189458221197128296e-01,-1.132601592689752579e-02,1.918031573295593262e-01
-2.033031880855560303e-01,-1.732140406966209412e-02,8.909669518470764160e-02,7.830975577235221863e-03,-1.648502200841903687e-01,2.541740238666534424e-01,-3.481342643499374390e-02,-2.155664265155792236e-01,-1.666139066219329834e-01,-1.160192638635635376e-01,7.711932063102722168e-02,7.452312111854553223e-02,-1.090183630585670471e-01,-2.829502150416374207e-02,-1.226044967770576477e-01,-2.194438576698303223e-01,5.830993759445846081e-04,-7.083320617675781250e-02,6.022768095135688782e-02,4.298777133226394653e-02,1.322903782129287720e-01,-2.336951158940792084e-02,1.654296554625034332e-02,8.875263854861259460e-03,-2.436343021690845490e-02,-2.442899644374847412e-01,9.914592653512954712e-02,1.799229830503463745e-01,-7.023259997367858887e-02,4.552898555994033813e-02,6.736254692077636719e-02,1.468104571104049683e-01,-8.713726699352264404e-02,-2.422675862908363342e-02,1.088695414364337921e-02,1.474396139383316040e-01,-6.844300776720046997e-02,-1.396955549716949463e-01,2.401584982872009277e-01,1.294059455394744873e-01,-2.742302417755126953e-01,-4.832985997200012207e-02,-4.163905605673789978e-02,-2.331009693443775177e-02,1.108128726482391357e-01,2.714048698544502258e-02,1.310938149690628052e-01,6.674835830926895142e-02,-8.581975102424621582e-02,-4.484367743134498596e-02,8.842667937278747559e-02,-8.500148355960845947e-02,-1.701773405075073242e-01,7.635507266968488693e-03,5.675536394119262695e-02,1.872991323471069336e-01,-5.363411828875541687e-02,-9.331232868134975433e-03,4.627971351146697998e-02,7.358117401599884033e-02,6.308292597532272339e-02,1.412877347320318222e-02,-1.923666801303625107e-03,-1.997380703687667847e-01,-5.242885276675224304e-02,4.587033763527870178e-02,7.576199620962142944e-02,-2.001651674509048462e-01,1.810326427221298218e-01,-1.226151064038276672e-01,2.016969770193099976e-01,-1.306230574846267700e-01,1.412659790366888046e-02,-1.443679034709930420e-01,1.512808352708816528e-01,1.736051738262176514e-01,2.618328435346484184e-03,-1.595421284437179565e-01,7.242869585752487183e-02,1.472176015377044678e-01,-1.393347382545471191e-01,-4.776811110787093639e-04,1.870155930519104004e-01,-8.262436604127287865e-04,2.812339663505554199e-01,7.740761339664459229e-02,-2.016301453113555908e-01,-4.976234398782253265e-03,-7.919102907180786133e-02,-1.335178166627883911e-01,1.046226397156715393e-01,-3.245375677943229675e-02,6.231132149696350098e-02,3.436245396733283997e-02,1.757020205259323120e-01,1.218693777918815613e-01,-1.037140265107154846e-01,6.016739280312322080e-05,1.636068969964981079e-01,-2.725399732589721680e-01,1.113503873348236084e-01,-2.669566571712493896e-01,1.522027254104614258e-01,1.393705457448959351e-01,-1.724337786436080933e-01,-1.377744600176811218e-03,3.754619136452674866e-02,7.624256610870361328e-02,2.228529602289199829e-01,7.368283346295356750e-03,-4.254736378788948059e-02,-1.497493311762809753e-02,9.366312623023986816e-02,3.250080347061157227e-02,-1.718264222145080566e-01,1.679873764514923096e-01,-2.152402102947235107e-01,-9.345839731395244598e-03,2.248025089502334595e-01,-3.740103170275688171e-02,1.505693327635526657e-02,-1.534007787704467773e-01,-1.888805031776428223e-01,4.234707448631525040e-03,2.891911752521991730e-02,8.074615150690078735e-02,-3.030516440048813820e-03,-9.429670870304107666e-02
1.789462268352508545e-01,-1.983892358839511871e-02,1.027484759688377380e-01,-9.862726181745529175e-02,8.276375941932201385e-03,-3.481342643499374390e-02,1.602389514446258545e-01,6.917349994182586670e-02,-1.936761103570461273e-02,3.354995278641581535e-03,-1.220153197646141052e-01,3.767349570989608765e-02,-1.785460710525512695e-01,-7.572031766176223755e-02,-1.005461886525154114e-01,-1.228510588407516479e-01,2.833880949765443802e-03,-1.376371979713439941e-01,8.990342170000076294e-02,2.899168804287910461e-02,-5.758576095104217529e-02,-1.397329270839691162e-01,-9.153991937637329102e-02,7.638449966907501221e-02,-4.385686013847589493e-03,-1.435777097940444946e-01,1.653756648302078247e-01,3.826678916811943054e-02,-1.091675162315368652e-01,-5.875460430979728699e-02,-9.036491811275482178e-02,1.050153002142906189e-01,-4.811937361955642700e-02,-3.660764545202255249e-02,-1.008283463306725025e-03,1.747848987579345703e-01,-6.974098831415176392e-02,-8.354783803224563599e-02,6.088814884424209595e-02,-1.044801399111747742e-01,-3.055950254201889038e-02,3.144592791795730591e-02,-1.906521916389465332e-01,-1.937547512352466583e-02,-9.038739651441574097e-02,1.441256403923034668e-01,7.952743023633956909e-02,1.819269545376300812e-02,7.087395340204238892e-02,-8.069466054439544678e-02,-5.362194031476974487e-02,-5.344472825527191162e-02,1.053468957543373108e-01,4.780426993966102600e-02,1.086068525910377502e-02,9.417282044887542725e-02,-1.988309063017368317e-02,-8.763181045651435852e-03,7.331648468971252441e-02,9.909182041883468628e-02,-5.466872453689575195e-02,4.825496114790439606e-03,-2.749738283455371857e-03,1.041944846510887146e-01,-3.192459046840667725e-02,3.874398022890090942e-02,-1.874042302370071411e-01,-9.765674173831939697e-02,9.525171667337417603e-02,7.668497972190380096e-03,1.606011018157005310e-02,8.656440675258636475e-02,4.660094156861305237e-02,-8.295889198780059814e-02,-1.612160354852676392e-02,6.417202949523925781e-02,2.624449320137500763e-03,-1.057766526937484741e-01,5.309216678142547607e-03,7.876364886760711670e-02,-7.966889441013336182e-02,-4.299297288525849581e-04,-7.125534117221832275e-03,-2.893530298024415970e-03,-1.498893834650516510e-02,1.737795472145080566e-01,9.764850884675979614e-02,-5.248909350484609604e-03,-1.441158801317214966e-01,-2.934259548783302307e-02,-5.837240070104598999e-02,6.157485768198966980e-02,1.513954252004623413e-01,-9.722772240638732910e-02,3.322677314281463623e-02,-1.544921696186065674e-01,-7.149650901556015015e-02,-3.030625293831690215e-06,6.166573613882064819e-02,2.405311726033687592e-02,-9.557184576988220215e-02,7.206027209758758545e-02,1.242544502019882202e-01,7.866981625556945801e-02,-1.066618785262107849e-01,2.014169245958328247e-01,1.029068678617477417e-01,2.233861386775970459e-01,-1.116678863763809204e-01,5.130197852849960327e-03,-1.171816065907478333e-01,3.727927058935165405e-02,1.557025760412216187e-01,1.053224205970764160e-01,-1.006459593772888184e-01,8.914125710725784302e-02,4.557964950799942017e-02,-1.006768196821212769e-01,1.085842493921518326e-02,-4.005271941423416138e-02,-1.363548636436462402e-01,-3.055669181048870087e-02,-1.589007303118705750e-02,1.782398819923400879e-01,1.943018473684787750e-02,5.303199589252471924e-02,7.190161384642124176e-03,-4.451842606067657471e-02
3.255484104156494141e-01,3.892891854047775269e-02,-3.317133784294128418e-01,1.790735572576522827e-01,3.644623458385467529e-01,-2.155664265155792236e-01,6.917349994182586670e-02,6.204378008842468262e-01,8.729764074087142944e-02,2.172343134880065918e-01,-5.503446236252784729e-02,-2.187013477087020874e-01,2.478542625904083252e-01,2.421671450138092041e-01,4.212757945060729980e-01,5.078842639923095703e-01,-3.832928137853741646e-03,1.900705099105834961e-01,-1.263302117586135864e-01,-1.850174814462661743e-01,-4.271896183490753174e-02,2.396737784147262573e-01,1.618410199880599976e-01,-5.882159993052482605e-02,4.353797808289527893e-02,3.950650990009307861e-01,-3.313547670841217041e-01,-3.720636665821075439e-01,3.859439194202423096e-01,-1.515902578830718994e-01,-5.577559024095535278e-02,-3.066899478435516357e-01,8.300488442182540894e-02,2.909712195396423340e-01,-4.722455516457557678e-02,-4.088277220726013184e-01,1.655341386795043945e-01,3.343005776405334473e-01,-6.121686100959777832e-01,-4.274615049362182617e-01,4.233103096485137939e-01,9.157183766365051270e-02,2.492881715297698975e-01,9.515459090471267700e-02,7.326890528202056885e-02,-2.297360897064208984e-01,-3.986471295356750488e-01,-1.894826740026473999e-01,2.743910253047943115e-02,-2.020229771733283997e-02,-8.763170987367630005e-02,-8.286058902740478516e-02,2.735195457935333252e-01,-7.890647649765014648e-02,-2.261585891246795654e-01,-5.512055158615112305e-01,2.011623233556747437e-01,3.316542506217956543e-02,-2.053253352642059326e-02,-2.437597811222076416e-01,-7.720358669757843018e-02,-7.385350018739700317e-02,7.679206319153308868e-03,1.111449524760246277e-01,3.128544241189956665e-02,-8.776187896728515625e-02,-5.802369117736816406e-02,4.867594540119171143e-01,-4.027754366397857666e-01,2.644481062889099121e-01,-4.954742193222045898e-01,-1.487332731485366821e-01,2.894901670515537262e-02,3.912438750267028809e-01,-1.405119001865386963e-01,-4.060442745685577393e-01,-5.086536984890699387e-03,4.487003087997436523e-01,-1.619872152805328369e-01,-3.482087254524230957e-01,3.516966998577117920e-01,1.767384936101734638e-03,-5.035887360572814941e-01,-2.594585297629237175e-03,-5.337293148040771484e-01,-2.703474164009094238e-01,4.512162208557128906e-01,1.418462768197059631e-02,5.830864980816841125e-02,3.314908146858215332e-01,-2.214740961790084839e-01,1.297077834606170654e-01,-1.373708993196487427e-01,-4.483120888471603394e-02,-3.152750134468078613e-01,-2.653039395809173584e-01,4.042804241180419922e-01,-1.406274968758225441e-04,-4.537641108036041260e-01,4.475277662277221680e-01,-3.426192700862884521e-01,4.446803927421569824e-01,-3.554552197456359863e-01,-3.486654758453369141e-01,3.349961042404174805e-01,1.689520627260208130e-01,-6.064669415354728699e-02,-2.573293745517730713e-01,-2.871852517127990723e-01,-2.625108696520328522e-03,1.373753100633621216e-01,-8.990466594696044922e-02,-2.898454964160919189e-01,1.924861781299114227e-02,5.307244062423706055e-01,-3.261644542217254639e-01,5.230717062950134277e-01,1.237005069851875305e-01,-5.491493344306945801e-01,8.943121880292892456e-02,5.657483637332916260e-02,3.131986260414123535e-01,4.122503697872161865e-01,-1.385469455271959305e-02,-2.506157159805297852e-01,-1.723788231611251831e-01,-6.023561116307973862e-03,2.691795527935028076e-01
8.138148486614227295e-02,3.163490071892738342e-02,-2.352385222911834717e-01,1.906847208738327026e-01,6.961198896169662476e-02,-1.666139066219329834e-01,-1.936761103570461273e-02,8.729764074087142944e-02,2.520424723625183105e-01,1.859829723834991455e-01,-6.856990605592727661e-02,-1.299783289432525635e-01,1.818041056394577026e-01,2.421100288629531860e-01,2.468535006046295166e-01,2.677214443683624268e-01,1.111273188143968582e-03,1.296531260013580322e-01,-2.332276254892349243e-01,-1.478428244590759277e-01,-3.436157405376434326e-01,1.881827116012573242e-01,1.489170491695404053e-01,-9.726999700069427490e-02,4.371480271220207214e-02,2.874931693077087402e-01,-2.251621484756469727e-01,-1.443098112940788269e-02,1.218181923031806946e-01,7.722987234592437744e-02,-3.758923709392547607e-02,-3.692010343074798584e-01,2.782650589942932129e-01,1.417033374309539795e-01,-2.707680687308311462e-03,-2.732829749584197998e-01,1.340502798557281494e-01,2.311844080686569214e-01,-1.280500143766403198e-01,-2.158294767141342163e-01,3.329887092113494873e-01,6.965492665767669678e-02,1.492339372634887695e-01,4.761343449354171753e-02,-1.546001732349395752e-01,-1.119338795542716980e-01,-2.606941759586334229e-01,-9.343383461236953735e-02,7.232741266489028931e-02,5.794001743197441101e-03,-3.756269812583923340e-02,1.982649564743041992e-01,2.150413244962692261e-01,-5.631783232092857361e-02,4.158525913953781128e-02,-2.779643535614013672e-01,9.870297461748123169e-02,1.723628491163253784e-02,-9.319283068180084229e-02,-2.015949040651321411e-01,-1.292832344770431519e-01,1.100211068987846375e-01,9.946734644472599030e-03,1.654985100030899048e-01,1.031709909439086914e-01,-8.481633663177490234e-02,-4.795858636498451233e-03,2.205918431282043457e-01,-3.063439726829528809e-01,-4.198159277439117432e-02,-2.274958044290542603e-01,1.352297961711883545e-01,-1.505532562732696533e-01,2.927209734916687012e-01,-1.456304490566253662e-01,-2.452923655509948730e-01,-2.337501151487231255e-03,2.857834398746490479e-01,-2.252145856618881226e-01,-2.872193455696105957e-01,3.352787196636199951e-01,1.182376756332814693e-03,-1.794626265764236450e-01,3.628084436058998108e-03,-2.625903189182281494e-01,-1.744758486747741699e-01,1.195690929889678955e-01,5.730375647544860840e-03,1.956481635570526123e-01,1.979878842830657959e-01,-6.073455139994621277e-02,-1.270760446786880493e-01,-2.594663500785827637e-01,1.105164662003517151e-01,-3.110734522342681885e-01,4.893683362752199173e-04,1.042896062135696411e-01,-7.659519906155765057e-05,-1.879122108221054077e-01,2.463702112436294556e-01,-7.826884090900421143e-02,1.499925255775451660e-01,-3.495469689369201660e-01,-2.193373292684555054e-01,3.380089998245239258e-01,3.504845127463340759e-02,-2.927701473236083984e-01,-1.938124001026153564e-01,-6.123570352792739868e-02,-2.089587412774562836e-02,3.073881566524505615e-01,-2.152718901634216309e-01,-2.542516887187957764e-01,1.021775156259536743e-01,2.124455422163009644e-01,-2.962246835231781006e-01,1.101037859916687012e-01,8.227024972438812256e-02,-2.990484237670898438e-01,1.556075215339660645e-01,3.518554568290710449e-02,2.991080582141876221e-01,2.858851253986358643e-01,-1.252039074897766113e-01,-1.295478940010070801e-01,-2.633164525032043457e-01,1.562798582017421722e-02,1.812242120504379272e-01
4.185514897108078003e-02,4.865349084138870239e-02,-4.293600320816040039e-01,3.493186235427856445e-01,1.445479840040206909e-01,-1.160192638635635376e-01,3.354995278641581535e-03,2.172343134880065918e-01,1.859829723834991455e-01,2.608895599842071533e-01,-5.947022140026092529e-02,-1.976459026336669922e-01,3.197300434112548828e-01,3.449573516845703125e-01,4.070040583610534668e-01,4.236609935760498047e-01,-2.802524017170071602e-03,2.388493120670318604e-01,-3.640418946743011475e-01,-2.482516169548034668e-01,-3.047456443309783936e-01,3.049495518207550049e-01,3.082266747951507568e-01,-1.376106888055801392e-01,5.569916963577270508e-02,4.023848176002502441e-01,-3.929430246353149414e-01,-6.623216718435287476e-02,3.585785925388336182e-01,2.169737033545970917e-02,2.630724012851715088e-02,-4.869523346424102783e-01,3.638270497322082520e-01,3.138400912284851074e-01,-1.591495610773563385e-02,-4.299795329570770264e-01,2.084790170192718506e-01,3.725778460502624512e-01,-3.109993040561676025e-01,-3.016868829727172852e-01,4.162723720073699951e-01,8.105133473873138428e-02,3.256622254848480225e-01,9.203556925058364868e-02,-9.630518406629562378e-02,-2.814754247665405273e-01,-4.535004496574401855e-01,-1.402363330125808716e-01,3.677735105156898499e-02,-5.135346669703722000e-03,2.994085662066936493e-03,1.414829343557357788e-01,2.143271416425704956e-01,-6.225700303912162781e-02,-2.643897570669651031e-02,-4.929900169372558594e-01,1.564549356698989868e-01,3.188362717628479004e-02,-1.670586913824081421e-01,-3.230593204498291016e-01,-1.176305040717124939e-01,9.428702294826507568e-02,1.309139840304851532e-02,1.556738764047622681e-01,9.317483007907867432e-02,-1.243197843432426453e-01,5.976008996367454529e-02,3.854008018970489502e-01,-4.467351436614990234e-01,-6.306056166067719460e-04,-3.948493897914886475e-01,-3.964832797646522522e-02,-1.422267109155654907e-01,4.410879611968994141e-01,-1.405542790889739990e-01,-3.999789655208587646e-01,-4.342629108577966690e-03,5.027964115142822266e-01,-2.803715467453002930e-01,-4.100356698036193848e-01,5.026007294654846191e-01,1.905557466670870781e-03,-3.484982550144195557e-01,2.063563093543052673e-03,-3.596829771995544434e-01,-3.395357728004455566e-01,2.600241005420684814e-01,1.134817581623792648e-02,2.253437638282775879e-01,3.056921362876892090e-01,-1.038460657000541687e-01,-1.259935200214385986e-01,-3.722578585147857666e-01,1.218655258417129517e-01,-4.264154732227325439e-01,1.272618956863880157e-02,2.827462255954742432e-01,-1.200690239784307778e-04,-3.059050440788269043e-01,3.264456689357757568e-01,-1.639883965253829956e-01,2.011530846357345581e-01,-4.970023334026336670e-01,-3.511016666889190674e-01,5.252907276153564453e-01,1.036017835140228271e-01,-3.938775360584259033e-01,-3.454583883285522461e-01,-5.376642197370529175e-02,-2.293425425887107849e-02,3.405637741088867188e-01,-3.515444099903106689e-01,-4.036298096179962158e-01,1.356628239154815674e-01,4.460282325744628906e-01,-4.438578784465789795e-01,1.787000298500061035e-01,2.086888104677200317e-01,-4.846900999546051025e-01,2.008710652589797974e-01,1.467420011758804321e-01,4.020086526870727539e-01,4.200129210948944092e-01,-2.068956047296524048e-01,-2.360165417194366455e-01,-3.475273549556732178e-01,1.041140314191579819e-02,3.285042345523834229e-01
-1.667701750993728638e-01,6.413582246750593185e-03,-8.603865280747413635e-03,-3.864919766783714294e-02,-1.763394661247730255e-02,7.711932063102722168e-02,-1.220153197646141052e-01,-5.503446236252784729e-02,-6.856990605592727661e-02,-5.947022140026092529e-02,1.803379058837890625e-01,1.302556484006345272e-03,1.229916065931320190e-01,-1.295882184058427811e-02,5.009728949517011642e-03,5.975438654422760010e-02,-3.530764253810048103e-03,1.560384873300790787e-02,4.239535331726074219e-02,5.776621866971254349e-03,2.071104496717453003e-01,5.209131166338920593e-02,3.403760492801666260e-02,-6.190114840865135193e-02,-9.972065687179565430e-03,6.754171848297119141e-02,-1.098846048116683960e-01,-7.848370075225830078e-02,1.109355092048645020e-01,-1.564844511449337006e-02,9.727434068918228149e-02,1.865910924971103668e-02,-1.127925142645835876e-01,3.766517713665962219e-02,-7.835741154849529266e-03,-9.068086743354797363e-02,1.905956678092479706e-02,1.490922644734382629e-03,-6.724110245704650879e-02,1.836656630039215088e-01,-1.093329712748527527e-01,-6.683522462844848633e-02,1.216722428798675537e-01,4.317546728998422623e-03,1.791973412036895752e-01,-1.671191751956939697e-01,3.483822196722030640e-02,3.991395980119705200e-02,-8.343349397182464600e-02,-3.666254505515098572e-02,5.256189405918121338e-02,-5.522390455007553101e-02,-1.828201860189437866e-01,-1.014863885939121246e-02,-8.117302507162094116e-02,-2.375585399568080902e-02,-2.186039648950099945e-02,4.149472806602716446e-03,1.167025789618492126e-02,1.099978666752576828e-02,1.180927455425262451e-01,-6.378611922264099121e-02,-3.228364977985620499e-03,-1.615275293588638306e-01,-3.278015553951263428e-02,-2.508696634322404861e-03,1.382229626178741455e-01,3.257976844906806946e-02,-1.141360495239496231e-02,3.274433314800262451e-02,5.318560451269149780e-02,-2.415889501571655273e-01,3.058131597936153412e-02,-2.239306643605232239e-02,1.040832251310348511e-01,5.374445021152496338e-02,-2.535195555537939072e-03,3.351547569036483765e-02,1.628587692975997925e-01,2.049712231382727623e-03,-6.882344931364059448e-02,1.224465813720598817e-04,2.669425867497920990e-02,2.848889562301337719e-04,1.143241971731185913e-01,-1.026038601994514465e-01,-5.850842967629432678e-02,4.067423753440380096e-03,8.823070675134658813e-02,-1.984078809618949890e-02,9.121431410312652588e-02,5.023647844791412354e-02,-5.735788494348526001e-03,1.613716594874858856e-02,9.372919797897338867e-02,1.070349365472793579e-01,9.241110645234584808e-03,2.344807217014022171e-05,-5.077480524778366089e-02,-1.139328628778457642e-01,3.799090161919593811e-02,-3.698597848415374756e-02,2.183583006262779236e-02,-7.477144245058298111e-03,-2.952030859887599945e-02,-2.474649697542190552e-01,9.645626693964004517e-02,-1.244508475065231323e-01,1.121103912591934204e-01,2.314536832273006439e-03,-1.685202494263648987e-02,6.029998883605003357e-02,-3.752198442816734314e-02,-1.108939573168754578e-01,2.270361594855785370e-02,2.459777519106864929e-02,6.833561346866190434e-04,6.206426024436950684e-02,8.602591603994369507e-02,-4.024633765220642090e-02,8.520712703466415405e-02,-8.903407305479049683e-02,-8.059162646532058716e-02,-8.133928477764129639e-02,-4.067540913820266724e-02,4.750640690326690674e-02,6.144843529909849167e-03,-3.349274024367332458e-02
-2.034097909927368164e-02,-4.228312894701957703e-02,3.639555275440216064e-01,-2.960088849067687988e-01,-1.380383670330047607e-01,7.452312111854553223e-02,3.767349570989608765e-02,-2.187013477087020874e-01,-1.299783289432525635e-01,-1.976459026336669922e-01,1.302556484006345272e-03,1.790206432342529297e-01,-2.879329919815063477e-01,-3.107693791389465332e-01,-3.697471320629119873e-01,-3.895377218723297119e-01,2.600615844130516052e-03,-2.156476527452468872e-01,2.758493125438690186e-01,2.036572843790054321e-01,1.852740347385406494e-01,-2.928553819656372070e-01,-2.645370066165924072e-01,1.281593143939971924e-01,-4.383578896522521973e-02,-3.471856415271759033e-01,3.577605485916137695e-01,9.726930409669876099e-02,-3.285409808158874512e-01,-1.936120167374610901e-02,-3.216620534658432007e-02,4.015304744243621826e-01,-2.522349357604980469e-01,-2.738323807716369629e-01,1.882867701351642609e-02,4.014224410057067871e-01,-1.791638582944869995e-01,-3.145624995231628418e-01,3.077113330364227295e-01,2.512575089931488037e-01,-3.291958272457122803e-01,-5.752016976475715637e-02,-3.062286078929901123e-01,-8.158093690872192383e-02,1.327514299191534519e-03,2.651306688785552979e-01,3.840155005455017090e-01,1.272194534540176392e-01,2.838822081685066223e-03,6.924724206328392029e-03,-7.311047986149787903e-03,-8.195536583662033081e-02,-1.508154422044754028e-01,7.650286704301834106e-02,5.508817359805107117e-02,4.416583776473999023e-01,-1.477066427469253540e-01,-2.897118777036666870e-02,1.112800911068916321e-01,2.788032293319702148e-01,7.512564957141876221e-02,-5.327915772795677185e-02,-1.098633650690317154e-02,-5.519394949078559875e-02,-7.231833785772323608e-02,1.027350127696990967e-01,-8.441432565450668335e-02,-3.475255072116851807e-01,3.820483088493347168e-01,-2.401110716164112091e-02,3.326581418514251709e-01,9.773270040750503540e-02,1.066006794571876526e-01,-3.801861405372619629e-01,8.974496275186538696e-02,3.327501714229583740e-01,4.074660129845142365e-03,-4.304323494434356689e-01,2.132633030414581299e-01,3.514991402626037598e-01,-4.102441370487213135e-01,-1.703795860521495342e-03,2.965865731239318848e-01,-1.703689689747989178e-03,3.017026484012603760e-01,3.111972808837890625e-01,-1.921132504940032959e-01,-1.092627737671136856e-02,-1.897422224283218384e-01,-2.589068114757537842e-01,7.685685157775878906e-02,8.190021663904190063e-02,3.055034279823303223e-01,-1.094728112220764160e-01,3.296124935150146484e-01,-1.175400987267494202e-02,-2.595036029815673828e-01,9.742197289597243071e-05,2.918183803558349609e-01,-2.563976049423217773e-01,1.390174031257629395e-01,-1.590638309717178345e-01,4.217512607574462891e-01,3.023019433021545410e-01,-4.149888753890991211e-01,-4.622212797403335571e-02,2.939131557941436768e-01,3.285874128341674805e-01,2.055890113115310669e-02,1.623545773327350616e-02,-2.993955314159393311e-01,2.625426054000854492e-01,3.568366467952728271e-01,-8.034083992242813110e-02,-4.006065428256988525e-01,3.553591668605804443e-01,-1.878951936960220337e-01,-1.812164485454559326e-01,4.031752943992614746e-01,-1.598209440708160400e-01,-1.373995095491409302e-01,-3.196953535079956055e-01,-3.393257856369018555e-01,1.823402792215347290e-01,2.180262356996536255e-01,2.715327739715576172e-01,-5.734442733228206635e-03,-2.609360814094543457e-01
