4.567624330520629883e-01,-1.589768379926681519e-02,1.749390959739685059e-01,-2.479687184095382690e-01,2.570255398750305176e-01,-3.679929375648498535e-01,1.071020290255546570e-01,3.687959909439086914e-01,2.767399139702320099e-02,-4.301947727799415588e-02,-2.420965433120727539e-01,-1.096235960721969604e-01,-2.013826519250869751e-01,-9.022705256938934326e-02,-1.065523326396942139e-01,1.296456009149551392e-01,7.692761253565549850e-03,-1.923076510429382324e-01,1.590246707201004028e-01,-4.658977314829826355e-02,-1.490817070007324219e-01,-2.679609656333923340e-01,-2.017497569322586060e-01,1.199018433690071106e-01,1.118442416191101074e-02,8.465281873941421509e-02,9.572751075029373169e-02,-3.049858212471008301e-01,-3.915606439113616943e-02,-6.078504025936126709e-02,-1.713165342807769775e-01,3.092577494680881500e-02,-1.714379489421844482e-01,-7.623024430358782411e-05,-1.291726250201463699e-02,2.857868932187557220e-02,1.212242525070905685e-02,-3.595687448978424072e-02,-1.756137758493423462e-01,-2.273550182580947876e-01,3.676636517047882080e-02,1.006131470203399658e-01,-2.133778333663940430e-01,-2.549719065427780151e-02,-4.827705211937427521e-03,2.944474816322326660e-01,6.616529077291488647e-02,1.583147794008255005e-02,1.927696764469146729e-01,-1.390390545129776001e-01,-2.227187156677246094e-01,-1.942720115184783936e-01,1.653967797756195068e-01,5.433492828160524368e-03,4.472567513585090637e-02,-1.975830830633640289e-02,1.321461647748947144e-01,-4.265620955266058445e-04,2.172569036483764648e-01,2.398786097764968872e-01,-1.382976770401000977e-01,2.022821903228759766e-01,-6.892813369631767273e-03,1.778156757354736328e-01,8.439511805772781372e-02,1.145820599049329758e-02,-3.793151080608367920e-01,2.153799869120121002e-02,4.411575198173522949e-02,2.262594401836395264e-01,-1.455196142196655273e-01,2.538532912731170654e-01,-1.917430944740772247e-02,-1.207061633467674255e-01,-1.405135840177536011e-01,-4.769932106137275696e-02,1.270970911718904972e-03,-1.065058633685112000e-01,7.532554119825363159e-02,-7.975112646818161011e-03,1.927317492663860321e-02,-5.441279790829867125e-05,-7.269603759050369263e-02,-1.118388317991048098e-04,-2.327574640512466431e-01,2.125119715929031372e-01,2.370639592409133911e-01,1.766181667335331440e-03,-1.860743016004562378e-01,7.931890338659286499e-02,-1.496859937906265259e-01,3.294800221920013428e-01,1.819260418415069580e-01,-1.878588646650314331e-01,2.440195530652999878e-03,-3.184034228324890137e-01,-9.790571779012680054e-02,-6.941463198018027470e-06,-7.332340627908706665e-02,6.278286129236221313e-02,-3.400036990642547607e-01,2.707668542861938477e-01,2.567425556480884552e-02,-5.327028408646583557e-02,-1.579871326684951782e-01,1.044400408864021301e-01,2.169625461101531982e-01,2.366269379854202271e-01,-3.806981742382049561e-01,1.001648884266614914e-02,-7.003004848957061768e-02,2.522125542163848877e-01,1.155155226588249207e-01,5.809077620506286621e-02,-4.496246576309204102e-02,2.901078388094902039e-02,2.773064076900482178e-01,-1.869726032018661499e-01,-4.293179512023925781e-02,-1.383674591779708862e-01,-2.182813882827758789e-01,-3.950991481542587280e-02,1.117976848036050797e-02,3.400728106498718262e-01,-9.526560455560684204e-02,1.858514547348022461e-01,5.158675834536552429e-02,3.235720470547676086e-02
-1.589768379926681519e-02,1.345452200621366501e-02,-1.024807021021842957e-01,8.588140457868576050e-02,5.275212973356246948e-02,-2.847247233148664236e-04,-2.693067304790019989e-02,3.667735308408737183e-02,8.010148257017135620e-02,7.376065850257873535e-02,-1.214484404772520065e-02,-4.321531206369400024e-02,8.660597354173660278e-02,8.037195354700088501e-02,9.947238117456436157e-02,1.016876921057701111e-01,-1.615011016838252544e-03,7.509046047925949097e-02,-9.770713746547698975e-02,-6.085913628339767456e-02,-6.144730746746063232e-02,8.427655696868896484e-02,7.317828387022018433e-02,-2.948356047272682190e-02,1.721829362213611603e-02,9.008857607841491699e-02,-9.503120183944702148e-02,-2.918324619531631470e-02,8.509550988674163818e-02,7.668141624890267849e-04,-7.916651156847365201e-06,-1.152948066592216492e-01,7.501235604286193848e-02,7.453960925340652466e-02,-1.906816498376429081e-03,-1.039219573140144348e-01,7.649012655019760132e-02,1.000453010201454163e-01,-7.234446704387664795e-02,-6.703631579875946045e-02,1.016329005360603333e-01,1.658925041556358337e-02,9.389084577560424805e-02,3.629412502050399780e-02,-2.431320771574974060e-02,-8.578220009803771973e-02,-1.003605499863624573e-01,-3.805322200059890747e-02,1.300323521718382835e-03,1.660549640655517578e-02,9.805561421671882272e-05,2.092210017144680023e-02,6.550838798284530640e-02,-1.229026447981595993e-02,-6.365594919770956039e-03,-1.062551215291023254e-01,4.411663115024566650e-02,4.177352879196405411e-03,-9.391821175813674927e-02,-8.290690183639526367e-02,-1.962485723197460175e-03,-1.812643185257911682e-02,3.159951185807585716e-03,2.246569469571113586e-02,2.049520798027515411e-02,-3.811921551823616028e-02,5.082772299647331238e-02,1.023463308811187744e-01,-1.016205027699470520e-01,3.289136663079261780e-02,-8.339518308639526367e-02,-1.581680029630661011e-02,-3.822590783238410950e-02,9.809589385986328125e-02,-3.588829934597015381e-02,-9.948401898145675659e-02,-3.576430317480117083e-04,1.057145148515701294e-01,-4.038463532924652100e-02,-9.154602885246276855e-02,9.976220130920410156e-02,8.351833821507170796e-05,-8.831430971622467041e-02,1.048639678629115224e-04,-8.858447521924972534e-02,-1.006665229797363281e-01,2.609698288142681122e-02,1.034298329614102840e-03,9.136179834604263306e-02,7.063676416873931885e-02,-3.053037263453006744e-02,-4.286925867199897766e-02,-9.473118931055068970e-02,4.691962525248527527e-02,-9.221447259187698364e-02,9.996362030506134033e-03,6.917120516300201416e-02,-4.035206586650019744e-07,-8.008971065282821655e-02,8.164485543966293335e-02,-1.397370826452970505e-02,5.538440868258476257e-02,-1.043568849563598633e-01,-9.426981955766677856e-02,1.161947846412658691e-01,9.732882492244243622e-03,-1.004921942949295044e-01,-9.945980459451675415e-02,-1.821071282029151917e-02,-2.577516250312328339e-03,8.260688185691833496e-02,-9.019429981708526611e-02,-1.023816689848899841e-01,-1.334705506451427937e-03,1.041033864021301270e-01,-9.879776835441589355e-02,3.411994501948356628e-02,6.341262906789779663e-02,-1.031785309314727783e-01,7.104156911373138428e-02,8.982016891241073608e-02,9.225741028785705566e-02,8.630420267581939697e-02,-8.008474111557006836e-02,-4.050868749618530273e-02,-7.430210709571838379e-02,-3.931752406060695648e-03,7.787081599235534668e-02
1.749390959739685059e-01,-1.024807021021842957e-01,7.823970317840576172e-01,-6.828834414482116699e-01,-4.212248623371124268e-01,-5.742202326655387878e-02,1.972807049751281738e-01,-3.061202764511108398e-01,-5.603678226470947266e-01,-5.953797101974487305e-01,7.864911854267120361e-02,3.640031516551971436e-01,-6.581967473030090332e-01,-6.363964080810546875e-01,-7.557053565979003906e-01,-7.152186632156372070e-01,1.340279355645179749e-02,-5.877068638801574707e-01,7.381671071052551270e-01,5.065647363662719727e-01,4.007337391376495361e-01,-6.798592805862426758e-01,-6.282762289047241211e-01,2.596556246280670166e-01,-1.384089738130569458e-01,-6.462672352790832520e-01,7.223485708236694336e-01,2.230548709630966187e-01,-6.876882910728454590e-01,1.047161128371953964e-02,-1.208672206848859787e-02,7.909220457077026367e-01,-5.471938848495483398e-01,-6.237586140632629395e-01,2.077466621994972229e-02,7.496309876441955566e-01,-6.190044879913330078e-01,-7.545504570007324219e-01,5.454691052436828613e-01,5.068370699882507324e-01,-7.146994471549987793e-01,-1.120169535279273987e-01,-7.290994524955749512e-01,-3.098576962947845459e-01,1.317230910062789917e-01,6.885653734207153320e-01,7.639550566673278809e-01,3.088115751743316650e-01,2.458865009248256683e-02,-7.187223434448242188e-02,-5.658039823174476624e-03,-9.414405375719070435e-02,-4.745217263698577881e-01,9.049876779317855835e-02,8.947835117578506470e-02,7.800333499908447266e-01,-3.744451701641082764e-01,-3.597801551222801208e-02,7.065874338150024414e-01,6.366847157478332520e-01,-1.171166636049747467e-02,1.783632338047027588e-01,-2.414440177381038666e-02,-1.360461413860321045e-01,-1.255151331424713135e-01,3.089047074317932129e-01,-4.009259641170501709e-01,-7.480059266090393066e-01,7.500364184379577637e-01,-2.748580873012542725e-01,6.453552246093750000e-01,2.070217877626419067e-01,2.799054980278015137e-01,-7.509173750877380371e-01,2.224414944648742676e-01,7.322083115577697754e-01,2.987384796142578125e-03,-7.987195849418640137e-01,3.100722432136535645e-01,6.959484219551086426e-01,-7.382166385650634766e-01,-7.138744695112109184e-04,6.841291189193725586e-01,7.267486653290688992e-04,6.338796019554138184e-01,7.691863179206848145e-01,-2.391068488359451294e-01,-9.056993760168552399e-03,-6.818230152130126953e-01,-5.835917592048645020e-01,2.334841042757034302e-01,2.906488180160522461e-01,7.024165987968444824e-01,-3.638440072536468506e-01,6.946653723716735840e-01,-7.933646440505981445e-02,-5.769198536872863770e-01,3.049668748644762672e-06,6.223865747451782227e-01,-6.174623966217041016e-01,1.660474240779876709e-01,-4.186824262142181396e-01,7.556962370872497559e-01,7.127000093460083008e-01,-8.235658407211303711e-01,-9.782732278108596802e-02,6.918824315071105957e-01,7.454181313514709473e-01,1.272357404232025146e-01,1.696777902543544769e-02,-5.927491188049316406e-01,6.981041431427001953e-01,7.638030052185058594e-01,-2.673160471022129059e-02,-7.880143523216247559e-01,7.301864027976989746e-01,-2.694042325019836426e-01,-5.592935085296630859e-01,7.636523842811584473e-01,-5.609726309776306152e-01,-7.075051665306091309e-01,-6.741335988044738770e-01,-6.487844586372375488e-01,6.119573712348937988e-01,3.720722794532775879e-01,5.872434377670288086e-01,2.711756713688373566e-02,-6.318649053573608398e-01
-2.479687184095382690e-01,8.588140457868576050e-02,-6.828834414482116699e-01,7.274764180183410645e-01,2.173612415790557861e-01,1.630721241235733032e-01,-1.687952876091003418e-01,8.469561487436294556e-02,5.100981593132019043e-01,4.868902266025543213e-01,-1.761512458324432373e-01,-2.483875453472137451e-01,4.638633131980895996e-01,5.842857360839843750e-01,6.626161932945251465e-01,4.768635928630828857e-01,-9.145889431238174438e-03,4.950751364231109619e-01,-7.011509537696838379e-01,-4.448609352111816406e-01,-4.353730082511901855e-01,6.461009979248046875e-01,5.524458885192871094e-01,-1.797948926687240601e-01,1.208831518888473511e-01,4.040913283824920654e-01,-5.691702365875244141e-01,5.707251280546188354e-02,4.672129154205322266e-01,1.246451586484909058e-01,-2.231635712087154388e-02,-6.970042586326599121e-01,6.391432881355285645e-01,5.470337867736816406e-01,1.202213577926158905e-03,-5.340795516967773438e-01,4.473391175270080566e-01,6.292486190795898438e-01,-2.483982592821121216e-01,-4.636769592761993408e-01,6.475130319595336914e-01,1.696321070194244385e-01,6.010872721672058105e-01,2.367453128099441528e-01,-2.552878260612487793e-01,-5.416204929351806641e-01,-6.956812739372253418e-01,-2.631565034389495850e-01,4.260456934571266174e-02,1.277190148830413818e-01,5.158622935414314270e-02,2.828694581985473633e-01,4.848773777484893799e-01,-1.111056283116340637e-01,6.660793721675872803e-02,-5.987896919250488281e-01,3.618896007537841797e-01,2.744637243449687958e-02,-6.464499235153198242e-01,-6.998778581619262695e-01,-3.606340661644935608e-02,-9.098207950592041016e-02,2.709853090345859528e-02,6.545395404100418091e-02,1.712858229875564575e-01,-2.579886913299560547e-01,3.072972297668457031e-01,5.422734022140502930e-01,-6.168235540390014648e-01,1.513185910880565643e-02,-4.642674326896667480e-01,-2.068873262032866478e-03,-3.435209989547729492e-01,6.601641774177551270e-01,-2.632686793804168701e-01,-5.835272073745727539e-01,-1.487002824433147907e-03,6.456632018089294434e-01,-4.433622360229492188e-01,-5.678709745407104492e-01,6.715589165687561035e-01,5.886677536182105541e-04,-5.105677843093872070e-01,4.009981174021959305e-03,-4.709265828132629395e-01,-6.683150529861450195e-01,-1.153747923672199249e-02,3.841585945338010788e-03,5.558750033378601074e-01,4.548431932926177979e-01,-2.518331408500671387e-01,-4.443250596523284912e-01,-6.951971650123596191e-01,4.372504949569702148e-01,-6.351154446601867676e-01,1.915076673030853271e-01,4.324831068515777588e-01,-4.377488039608579129e-06,-4.134085476398468018e-01,4.495169520378112793e-01,-8.508340455591678619e-03,1.561021655797958374e-01,-6.886459589004516602e-01,-5.370150804519653320e-01,7.532236576080322266e-01,2.910791635513305664e-01,-7.657990455627441406e-01,-6.118555068969726562e-01,7.638438045978546143e-02,-2.490000985562801361e-02,5.927232503890991211e-01,-7.183699011802673340e-01,-7.093087434768676758e-01,1.767684221267700195e-01,6.460549831390380859e-01,-6.257164478302001953e-01,-7.963677868247032166e-03,4.689196050167083740e-01,-6.212877631187438965e-01,6.016619205474853516e-01,5.821766853332519531e-01,6.702240109443664551e-01,5.898531675338745117e-01,-5.868067145347595215e-01,-3.270006477832794189e-01,-6.005824804306030273e-01,-3.160361945629119873e-02,4.974381029605865479e-01
2.570255398750305176e-01,5.275212973356246948e-02,-4.212248623371124268e-01,2.173612415790557861e-01,5.771839022636413574e-01,-2.885560691356658936e-01,-4.906909540295600891e-02,6.217285990715026855e-01,3.355902135372161865e-01,3.485590219497680664e-01,-1.542832553386688232e-01,-3.610755205154418945e-01,3.926146924495697021e-01,3.134947717189788818e-01,4.401166737079620361e-01,7.220355868339538574e-01,-4.486016929149627686e-03,2.910332679748535156e-01,-3.623302876949310303e-01,-3.259602487087249756e-01,-2.633138597011566162e-01,2.306246012449264526e-01,2.529049813747406006e-01,-1.126574650406837463e-01,9.224768728017807007e-02,6.172834634780883789e-01,-4.524583816528320312e-01,-5.411322116851806641e-01,5.773907899856567383e-01,-1.307323575019836426e-01,-9.765444695949554443e-02,-5.264633297920227051e-01,1.255991905927658081e-01,4.117233455181121826e-01,-3.713737800717353821e-02,-5.925285220146179199e-01,4.711411893367767334e-01,5.243840217590332031e-01,-7.107672691345214844e-01,-4.810322225093841553e-01,5.035163760185241699e-01,8.508698642253875732e-02,3.762092292308807373e-01,2.033670991659164429e-01,3.570799902081489563e-02,-3.057686388492584229e-01,-4.790878593921661377e-01,-2.036612927913665771e-01,5.095681548118591309e-02,-9.861513227224349976e-02,-1.867016702890396118e-01,-2.440073341131210327e-01,3.666431009769439697e-01,-3.193318471312522888e-02,-1.399135887622833252e-01,-6.423872113227844238e-01,3.172263801097869873e-01,2.629643492400646210e-02,-2.984098792076110840e-01,-1.710808575153350830e-01,-4.426304623484611511e-02,-4.891920462250709534e-02,5.129017867147922516e-03,2.220824658870697021e-01,8.986156433820724487e-02,-1.946750879287719727e-01,2.692683599889278412e-02,6.256975531578063965e-01,-5.007040500640869141e-01,4.933847486972808838e-01,-6.321207284927368164e-01,-9.965366870164871216e-02,-9.722068905830383301e-02,4.333446919918060303e-01,-1.808367669582366943e-01,-5.847792029380798340e-01,-1.727725029923021793e-03,5.397550463676452637e-01,-3.522356599569320679e-02,-5.035724043846130371e-01,5.202543735504150391e-01,4.401115875225514174e-04,-5.790209174156188965e-01,-3.701065666973590851e-03,-6.797691583633422852e-01,-3.916665315628051758e-01,4.661133885383605957e-01,1.016631722450256348e-02,3.262670040130615234e-01,4.746873676776885986e-01,-2.306008040904998779e-01,1.915051043033599854e-01,-2.863228023052215576e-01,-6.436178926378488541e-03,-4.558605253696441650e-01,-2.639215886592864990e-01,3.768619894981384277e-01,-5.378970854508224875e-06,-5.552641749382019043e-01,5.360601544380187988e-01,-4.494502842426300049e-01,6.164454817771911621e-01,-4.999488294124603271e-01,-6.021169424057006836e-01,4.576028287410736084e-01,1.610684022307395935e-02,-2.163764685392379761e-01,-4.043294787406921387e-01,-4.823389649391174316e-01,6.500641349703073502e-03,2.587825357913970947e-01,-2.139044106006622314e-01,-4.349305331707000732e-01,-5.744218826293945312e-02,5.828641057014465332e-01,-4.783262908458709717e-01,5.372458696365356445e-01,2.595794200897216797e-01,-6.142014861106872559e-01,1.778394579887390137e-01,3.684307038784027100e-01,3.615014553070068359e-01,4.026787281036376953e-01,-1.271973997354507446e-01,-2.928371131420135498e-01,-1.673656255006790161e-01,2.297353185713291168e-02,4.705914855003356934e-01
-3.679929375648498535e-01,-2.847247233148664236e-04,-5.742202326655387878e-02,1.630721241235733032e-01,-2.885560691356658936e-01,3.532731831073760986e-01,-4.517300054430961609e-02,-3.753805458545684814e-01,-1.149832606315612793e-01,-3.436100482940673828e-02,1.643192470073699951e-01,1.533412784337997437e-01,4.930706322193145752e-02,9.676210582256317139e-03,1.944139250554144382e-03,-2.552416920661926270e-01,-4.624780267477035522e-03,7.818685472011566162e-02,-5.581164360046386719e-02,7.350406795740127563e-02,1.562215387821197510e-01,1.475251913070678711e-01,1.117402538657188416e-01,-4.954119399189949036e-02,-2.545905485749244690e-02,-2.172528058290481567e-01,2.133858762681484222e-02,3.401202261447906494e-01,-7.549519836902618408e-02,5.828313902020454407e-02,1.410417258739471436e-01,8.833182603120803833e-02,1.222694143652915955e-01,-4.725573211908340454e-02,1.738269999623298645e-02,1.188476681709289551e-01,-1.072992011904716492e-01,-7.355350255966186523e-02,2.832246422767639160e-01,2.193058878183364868e-01,-1.310420185327529907e-01,-6.844820827245712280e-02,8.562069386243820190e-02,-1.428032480180263519e-02,-1.092458609491586685e-02,-1.472594141960144043e-01,2.576995640993118286e-02,2.192666195333003998e-02,-1.508631855249404907e-01,1.179950758814811707e-01,2.006579786539077759e-01,1.703861653804779053e-01,-1.715755164623260498e-01,5.408561322838068008e-03,2.968668704852461815e-03,1.316526979207992554e-01,-1.421345174312591553e-01,-4.599587526172399521e-03,-1.039173454046249390e-01,-1.537421047687530518e-01,1.044626906514167786e-01,-1.283827722072601318e-01,4.831187892705202103e-03,-1.749515235424041748e-01,-7.943040877580642700e-02,3.037679195404052734e-02,2.441490888595581055e-01,-1.430872678756713867e-01,7.612029463052749634e-02,-2.673551440238952637e-01,2.176168113946914673e-01,-1.605125665664672852e-01,3.206873312592506409e-02,-2.282005036249756813e-03,1.268603801727294922e-01,1.391439288854598999e-01,-3.453914541751146317e-04,-2.033828385174274445e-02,-6.760973483324050903e-02,1.127635613083839417e-01,-9.950472414493560791e-02,-4.403697312227450311e-05,1.522250324487686157e-01,3.660742368083447218e-04,2.979228198528289795e-01,-7.465069741010665894e-02,-2.495897114276885986e-01,-3.604628145694732666e-03,4.402979835867881775e-02,-1.453274488449096680e-01,1.249479427933692932e-01,-2.757609486579895020e-01,-7.609038800001144409e-02,1.342407763004302979e-01,8.015590161085128784e-02,2.693472504615783691e-01,2.389564178884029388e-02,4.173602519585983828e-06,1.694273799657821655e-01,-1.603752970695495605e-01,3.110132217407226562e-01,-3.323976993560791016e-01,8.242718875408172607e-02,1.582866609096527100e-01,2.652361243963241577e-02,-2.322045853361487389e-03,-1.296705156564712524e-01,-7.542657107114791870e-02,3.793154656887054443e-01,-7.542307954281568527e-03,-1.169016025960445404e-02,-1.668398827314376831e-01,-2.185173565521836281e-03,2.653242321684956551e-03,-5.994577333331108093e-02,6.979763507843017578e-02,-3.244762718677520752e-01,9.419161081314086914e-02,1.357690244913101196e-01,7.790385186672210693e-02,8.986953645944595337e-02,-3.042891249060630798e-02,-7.296247780323028564e-02,-2.143443375825881958e-01,1.048860475420951843e-01,-1.062694415450096130e-01,-4.514080286026000977e-02,-1.000913158059120178e-01
1.071020290255546570e-01,-2.693067304790019989e-02,1.972807049751281738e-01,-1.687952876091003418e-01,-4.906909540295600891e-02,-4.517300054430961609e-02,9.240081161260604858e-02,6.051727104932069778e-03,-1.427533477544784546e-01,-1.189475134015083313e-01,-5.452974513173103333e-02,5.064222961664199829e-02,-2.071614116430282593e-01,-1.453497260808944702e-01,-1.802660226821899414e-01,-1.622727066278457642e-01,4.675399512052536011e-03,-1.882819980382919312e-01,1.767331361770629883e-01,6.472247093915939331e-02,5.758963152766227722e-02,-1.841548383235931396e-01,-1.482180953025817871e-01,7.329696416854858398e-02,-2.353846468031406403e-02,-1.573933660984039307e-01,1.723677068948745728e-01,2.071169205009937286e-02,-1.480213254690170288e-01,-9.238967671990394592e-03,-3.691369667649269104e-02,1.904782652854919434e-01,-1.406648606061935425e-01,-9.872464090585708618e-02,1.735654892399907112e-03,1.936220377683639526e-01,-1.308694034814834595e-01,-1.680367588996887207e-01,1.101101934909820557e-01,4.436105117201805115e-02,-1.617571413516998291e-01,6.795011460781097412e-03,-2.068868130445480347e-01,-6.368122249841690063e-02,1.996502466499805450e-02,2.056708484888076782e-01,1.660734266042709351e-01,7.498179376125335693e-02,5.996940284967422485e-02,-6.731710582971572876e-02,-4.246691614389419556e-02,-7.180427014827728271e-02,-5.584856867790222168e-02,2.161424420773983002e-02,3.278475254774093628e-02,1.684138476848602295e-01,-3.394539654254913330e-02,-7.065282668918371201e-03,1.980711817741394043e-01,1.733416616916656494e-01,-4.053670540452003479e-02,9.492916613817214966e-02,-5.630549974739551544e-03,-5.111451726406812668e-03,-1.281896512955427170e-02,6.471107900142669678e-02,-1.809633970260620117e-01,-1.737070530652999878e-01,1.787980347871780396e-01,-2.776238694787025452e-02,1.056784689426422119e-01,8.610936999320983887e-02,4.424228146672248840e-02,-1.835658252239227295e-01,3.076750971376895905e-02,1.537505388259887695e-01,1.078385161235928535e-03,-1.912931203842163086e-01,6.359183788299560547e-02,1.458186507225036621e-01,-1.457763910293579102e-01,-1.371639955323189497e-04,1.287834495306015015e-01,-2.897340455092489719e-04,1.043631136417388916e-01,2.104950845241546631e-01,-1.063422532752156258e-03,-1.766939181834459305e-03,-1.967594325542449951e-01,-9.449665248394012451e-02,7.773853372782468796e-03,1.250910758972167969e-01,1.843130886554718018e-01,-9.665615111589431763e-02,1.461950838565826416e-01,-7.796058058738708496e-02,-1.453887075185775757e-01,-2.146130100300069898e-06,1.272561848163604736e-01,-1.370617300271987915e-01,-5.957278236746788025e-02,-4.887003079056739807e-02,1.713907271623611450e-01,1.473489850759506226e-01,-2.082843780517578125e-01,4.567880183458328247e-02,1.889110058546066284e-01,2.332441061735153198e-01,-2.206339873373508453e-02,5.054901354014873505e-03,-1.471247225999832153e-01,1.672252118587493896e-01,1.929476708173751831e-01,7.316315174102783203e-02,-1.801148355007171631e-01,1.640396267175674438e-01,-2.685359492897987366e-02,-1.409551054239273071e-01,1.586734801530838013e-01,-1.319306492805480957e-01,-1.973478049039840698e-01,-1.459844857454299927e-01,-1.325664967298507690e-01,2.076950371265411377e-01,1.781764812767505646e-02,1.451289504766464233e-01,1.934118568897247314e-02,-1.131744384765625000e-01
3.687959909439086914e-01,3.667735308408737183e-02,-3.061202764511108398e-01,8.469561487436294556e-02,6.217285990715026855e-01,-3.753805458545684814e-01,6.051727104932069778e-03,7.345383167266845703e-01,2.557557821273803711e-01,2.923403382301330566e-01,-1.568854600191116333e-01,-4.004796743392944336e-01,2.956955134868621826e-01,2.454325258731842041e-01,3.518533706665039062e-01,6.873531341552734375e-01,-1.299570896662771702e-03,1.617451757192611694e-01,-2.353700399398803711e-01,-3.128100037574768066e-01,-2.017525285482406616e-01,1.208634376525878906e-01,1.627735644578933716e-01,-9.939894080162048340e-02,8.626431971788406372e-02,5.915984511375427246e-01,-3.877836763858795166e-01,-6.343314647674560547e-01,5.613970160484313965e-01,-1.708695739507675171e-01,-1.402830332517623901e-01,-4.262535274028778076e-01,-4.191210493445396423e-02,3.943289220333099365e-01,-4.861063510179519653e-02,-5.336403846740722656e-01,4.502918720245361328e-01,4.499001204967498779e-01,-7.398846149444580078e-01,-4.768226444721221924e-01,4.082507491111755371e-01,6.765656918287277222e-02,2.553322315216064453e-01,1.873961836099624634e-01,1.320133060216903687e-01,-2.146297842264175415e-01,-3.853561282157897949e-01,-1.651403009891510010e-01,8.613289892673492432e-02,-2.362830489873886108e-01,-2.656602263450622559e-01,-4.000838994979858398e-01,3.252232372760772705e-01,-2.205916307866573334e-02,-1.770517081022262573e-01,-5.851917266845703125e-01,3.343971371650695801e-01,2.596491947770118713e-02,-1.457559317350387573e-01,-1.596193201839923859e-02,-6.189535185694694519e-02,3.570120083168148994e-03,-1.120719127357006073e-03,2.245119810104370117e-01,6.197155267000198364e-02,-1.708856374025344849e-01,-1.076306402683258057e-01,5.672825574874877930e-01,-4.294866919517517090e-01,5.831756591796875000e-01,-6.303073763847351074e-01,-1.269946992397308350e-01,-5.056632310152053833e-02,3.510048091411590576e-01,-1.138207986950874329e-01,-5.141644477844238281e-01,-1.484580920077860355e-03,4.643784761428833008e-01,6.502238661050796509e-02,-4.535011649131774902e-01,4.414776861667633057e-01,4.220017581246793270e-04,-5.574748516082763672e-01,-5.448350682854652405e-03,-6.549857258796691895e-01,-2.800578176975250244e-01,5.723557472229003906e-01,1.149259787052869797e-02,2.227225899696350098e-01,4.824541211128234863e-01,-2.147350013256072998e-01,3.915829360485076904e-01,-1.467359513044357300e-01,-1.093514040112495422e-01,-3.711363077163696289e-01,-3.803659975528717041e-01,2.991431951522827148e-01,-5.779308139608474448e-06,-5.560448169708251953e-01,4.890682697296142578e-01,-5.994389653205871582e-01,6.940742135047912598e-01,-4.096043407917022705e-01,-5.676921606063842773e-01,3.208572864532470703e-01,-1.763264089822769165e-02,-3.121470473706722260e-02,-2.817061245441436768e-01,-6.034932732582092285e-01,1.479771267622709274e-02,1.658553034067153931e-01,-8.195757120847702026e-02,-3.231418430805206299e-01,-2.470845729112625122e-02,4.997143447399139404e-01,-3.943679034709930420e-01,6.379585862159729004e-01,1.963874101638793945e-01,-5.499993562698364258e-01,5.500397086143493652e-02,2.533756494522094727e-01,2.558961212635040283e-01,3.207427561283111572e-01,4.779798537492752075e-02,-3.403407633304595947e-01,-5.115322396159172058e-02,5.448994040489196777e-02,4.468574821949005127e-01
2.767399139702320099e-02,8.010148257017135620e-02,-5.603678226470947266e-01,5.100981593132019043e-01,3.355902135372161865e-01,-1.149832606315612793e-01,-1.427533477544784546e-01,2.557557821273803711e-01,6.153081655502319336e-01,4.737786650657653809e-01,-2.366813123226165771e-01,-3.218573629856109619e-01,3.684365153312683105e-01,5.455086827278137207e-01,6.061407923698425293e-01,6.036681532859802246e-01,-4.456462338566780090e-03,3.175375461578369141e-01,-5.821548700332641602e-01,-4.709043502807617188e-01,-5.814390182495117188e-01,4.818973839282989502e-01,3.899359405040740967e-01,-1.311358064413070679e-01,1.300401836633682251e-01,5.294222235679626465e-01,-5.679494738578796387e-01,-1.411861926317214966e-01,4.182451367378234863e-01,8.106760680675506592e-02,-1.227610856294631958e-01,-7.602088451385498047e-01,4.908180534839630127e-01,5.161057114601135254e-01,-7.391517981886863708e-03,-5.877805948257446289e-01,4.605705142021179199e-01,6.055381298065185547e-01,-3.552859425544738770e-01,-5.491293668746948242e-01,6.887615323066711426e-01,2.058310806751251221e-01,4.530487954616546631e-01,2.042524367570877075e-01,-2.606881856918334961e-01,-3.975662887096405029e-01,-6.156384944915771484e-01,-2.102497667074203491e-01,1.994065195322036743e-01,1.296867057681083679e-02,-1.032892689108848572e-01,2.017989754676818848e-01,5.689888000488281250e-01,-1.141328811645507812e-01,9.606257081031799316e-02,-6.194814443588256836e-01,3.995213508605957031e-01,2.522063814103603363e-02,-5.044018030166625977e-01,-5.083204507827758789e-01,-1.304128915071487427e-01,7.979848980903625488e-02,2.219249866902828217e-02,2.061625421047210693e-01,2.234248071908950806e-01,-2.480758577585220337e-01,1.083014309406280518e-01,5.773924589157104492e-01,-6.342082023620605469e-01,1.691636890172958374e-01,-5.229839086532592773e-01,1.289490610361099243e-01,-3.802891969680786133e-01,6.011859774589538574e-01,-3.214496672153472900e-01,-5.987985134124755859e-01,-1.097988570109009743e-03,5.904638171195983887e-01,-3.260631561279296875e-01,-6.024473309516906738e-01,6.642292141914367676e-01,5.516462842933833599e-04,-5.478988885879516602e-01,4.395523108541965485e-03,-5.914303064346313477e-01,-5.542124509811401367e-01,1.282576024532318115e-01,5.071761086583137512e-03,5.330138206481933594e-01,4.918275773525238037e-01,-2.771110534667968750e-01,-2.425542473793029785e-01,-5.856172442436218262e-01,3.499501049518585205e-01,-6.067571640014648438e-01,1.955032534897327423e-02,2.863365113735198975e-01,-5.565652827499434352e-06,-4.909445047378540039e-01,4.684440195560455322e-01,-1.830483376979827881e-01,3.711263835430145264e-01,-6.879344582557678223e-01,-5.759646296501159668e-01,6.874201893806457520e-01,1.958487927913665771e-01,-6.438558101654052734e-01,-4.789157211780548096e-01,-1.713236123323440552e-01,-2.400027960538864136e-02,6.328065991401672363e-01,-5.525917410850524902e-01,-6.283277869224548340e-01,1.847795695066452026e-01,5.705460906028747559e-01,-6.286196708679199219e-01,1.998126059770584106e-01,3.019505441188812256e-01,-6.259897947311401367e-01,4.887720346450805664e-01,4.164947271347045898e-01,6.453082561492919922e-01,5.968752503395080566e-01,-3.809697031974792480e-01,-3.846367001533508301e-01,-4.981902837753295898e-01,1.425976119935512543e-02,4.926909506320953369e-01
-4.301947727799415588e-02,7.376065850257873535e-02,-5.953797101974487305e-01,4.868902266025543213e-01,3.485590219497680664e-01,-3.436100482940673828e-02,-1.189475134015083313e-01,2.923403382301330566e-01,4.737786650657653809e-01,4.711466133594512939e-01,-1.068694666028022766e-01,-3.011002838611602783e-01,4.782630503177642822e-01,4.890260994434356689e-01,5.991328358650207520e-01,6.489657163619995117e-01,-8.400845341384410858e-03,3.602190017700195312e-01,-5.807648897171020508e-01,-4.256407618522644043e-01,-4.011062681674957275e-01,4.804571866989135742e-01,4.325213134288787842e-01,-1.873323023319244385e-01,1.128001064062118530e-01,5.692548155784606934e-01,-5.975532531738281250e-01,-2.113237380981445312e-01,5.474928617477416992e-01,-2.431691624224185944e-02,-2.731302008032798767e-02,-7.202938795089721680e-01,4.035859704017639160e-01,5.060108900070190430e-01,-1.652557961642742157e-02,-6.459823846817016602e-01,4.767573177814483643e-01,6.168464422225952148e-01,-4.797580540180206299e-01,-4.529334902763366699e-01,6.093869209289550781e-01,1.126481145620346069e-01,5.166866183280944824e-01,2.226245105266571045e-01,-1.355581879615783691e-01,-4.999933540821075439e-01,-6.077322959899902344e-01,-2.000995129346847534e-01,7.923541218042373657e-02,4.594071302562952042e-03,-4.945626854896545410e-02,5.737632513046264648e-02,4.342763125896453857e-01,-7.432176172733306885e-02,-3.766047209501266479e-02,-6.765408515930175781e-01,3.081323206424713135e-01,2.603272348642349243e-02,-5.190405249595642090e-01,-4.487453997135162354e-01,-4.772687330842018127e-02,-4.104363173246383667e-02,1.771412417292594910e-02,1.686903536319732666e-01,1.243779063224792480e-01,-2.332006692886352539e-01,2.240096926689147949e-01,6.307248473167419434e-01,-6.251352429389953613e-01,2.452287822961807251e-01,-5.517330169677734375e-01,-9.787831455469131470e-02,-2.494936436414718628e-01,5.929697155952453613e-01,-2.058231979608535767e-01,-6.144203543663024902e-01,-1.874596229754388332e-03,6.537773013114929199e-01,-2.157896161079406738e-01,-5.834789872169494629e-01,6.340391635894775391e-01,5.355044850148260593e-04,-5.667652487754821777e-01,-1.052173392963595688e-04,-5.697969794273376465e-01,-5.787072181701660156e-01,2.196573168039321899e-01,6.836436223238706589e-03,5.453444719314575195e-01,4.682403802871704102e-01,-1.972025185823440552e-01,-1.766965091228485107e-01,-5.412446260452270508e-01,2.740494608879089355e-01,-5.599752068519592285e-01,8.125256747007369995e-03,3.722220361232757568e-01,-4.716651346825528890e-06,-5.115310549736022949e-01,4.863337874412536621e-01,-2.041880786418914795e-01,4.148439466953277588e-01,-6.374624371528625488e-01,-6.022273302078247070e-01,7.059454917907714844e-01,6.263028085231781006e-02,-5.722702741622924805e-01,-5.468860268592834473e-01,-1.552273035049438477e-01,-1.513445004820823669e-02,5.053877830505371094e-01,-5.425178408622741699e-01,-5.962482094764709473e-01,8.944780379533767700e-02,6.237949728965759277e-01,-6.071568131446838379e-01,2.553038895130157471e-01,3.635732531547546387e-01,-6.436537504196166992e-01,4.056278467178344727e-01,5.002569556236267090e-01,5.544031858444213867e-01,5.242977738380432129e-01,-4.026943743228912354e-01,-3.326449096202850342e-01,-4.331690967082977295e-01,-1.464461558498442173e-03,5.018624663352966309e-01
-2.420965433120727539e-01,-1.214484404772520065e-02,7.864911854267120361e-02,-1.761512458324432373e-01,-1.542832553386688232e-01,1.643192470073699951e-01,-5.452974513173103333e-02,-1.568854600191116333e-01,-2.366813123226165771e-01,-1.068694666028022766e-01,4.337436854839324951e-01,1.158862635493278503e-01,1.690306812524795532e-01,-1.497038006782531738e-01,-1.410666704177856445e-01,-9.931020438671112061e-02,-7.090231403708457947e-03,4.884816706180572510e-02,1.750224530696868896e-01,2.225475758314132690e-01,4.251179695129394531e-01,-3.484212979674339294e-02,-1.206842064857482910e-02,-1.055645942687988281e-01,-5.621596053242683411e-02,-2.329387143254280090e-02,4.650440067052841187e-02,-3.399261459708213806e-02,4.166020452976226807e-02,-1.302641183137893677e-01,2.122959196567535400e-01,2.392911016941070557e-01,-2.645462453365325928e-01,-2.034547179937362671e-01,-1.081615220755338669e-02,6.079965271055698395e-03,-6.522430479526519775e-02,-1.568241715431213379e-01,-5.099193379282951355e-02,4.151349663734436035e-01,-3.023266196250915527e-01,-2.478988468647003174e-01,3.991371765732765198e-02,-2.186487056314945221e-02,2.764374017715454102e-01,-1.692287921905517578e-01,2.223865538835525513e-01,6.487902998924255371e-02,-2.913365066051483154e-01,1.045514084398746490e-02,1.471198350191116333e-01,-1.460509449243545532e-01,-4.304057657718658447e-01,6.960985064506530762e-02,-2.383273541927337646e-01,1.303104609251022339e-01,-2.940701842308044434e-01,-4.678261931985616684e-03,5.928925052285194397e-02,1.877881735563278198e-01,2.115828096866607666e-01,-2.568772137165069580e-01,-1.039992459118366241e-02,-1.480730921030044556e-01,-2.144769430160522461e-01,6.906118988990783691e-02,3.097347617149353027e-01,-7.816873490810394287e-02,1.279048472642898560e-01,3.062703832983970642e-02,1.877073645591735840e-01,-4.711703062057495117e-01,2.609707713127136230e-01,-1.201542615890502930e-01,3.150129616260528564e-01,1.912961006164550781e-01,-2.067972207441926003e-03,-6.162652000784873962e-02,2.798808217048645020e-01,1.706739515066146851e-01,-3.008501529693603516e-01,-1.217561220983043313e-04,1.482452899217605591e-01,-6.486138328909873962e-03,2.924862802028656006e-01,2.679513022303581238e-02,2.187370508909225464e-02,1.658498193137347698e-03,2.320563420653343201e-02,-1.784554123878479004e-01,2.984944283962249756e-01,7.373619824647903442e-02,1.746757179498672485e-01,-1.211701780557632446e-01,2.587971389293670654e-01,1.011760979890823364e-01,2.607780881226062775e-02,1.077439355867682025e-05,6.650163233280181885e-02,-1.124885305762290955e-01,1.735303401947021484e-01,-6.480323523283004761e-02,2.622305154800415039e-01,1.394688636064529419e-01,-1.719553768634796143e-01,-4.533042311668395996e-01,2.879172563552856445e-01,-7.376330345869064331e-02,1.208305060863494873e-01,1.224423386156558990e-02,-2.411296516656875610e-01,1.594065725803375244e-01,1.931001842021942139e-01,-3.153917491436004639e-01,-1.326446831226348877e-01,1.913761496543884277e-01,2.910251729190349579e-02,3.881539776921272278e-02,2.066352218389511108e-01,-2.152993530035018921e-01,5.092119425535202026e-02,-3.065321445465087891e-01,-2.575844526290893555e-01,-5.518200248479843140e-02,2.267285138368606567e-01,1.467958241701126099e-01,-3.078576736152172089e-02,-1.506571471691131592e-01
-1.096235960721969604e-01,-4.321531206369400024e-02,3.640031516551971436e-01,-2.483875453472137451e-01,-3.610755205154418945e-01,1.533412784337997437e-01,5.064222961664199829e-02,-4.004796743392944336e-01,-3.218573629856109619e-01,-3.011002838611602783e-01,1.158862635493278503e-01,2.916608452796936035e-01,-2.780319452285766602e-01,-3.301402032375335693e-01,-4.053276777267456055e-01,-5.591660737991333008e-01,2.295606071129441261e-03,-1.714392155408859253e-01,3.301025629043579102e-01,3.154809176921844482e-01,2.843911945819854736e-01,-2.621048390865325928e-01,-2.347262054681777954e-01,1.089488714933395386e-01,-8.413586020469665527e-02,-4.629094004631042480e-01,4.148155152797698975e-01,3.013562560081481934e-01,-4.426594376564025879e-01,3.874523565173149109e-02,9.446797519922256470e-02,5.111774802207946777e-01,-1.506484746932983398e-01,-3.929228484630584717e-01,2.493254654109477997e-02,4.866472780704498291e-01,-3.600813150405883789e-01,-4.388921558856964111e-01,4.846752285957336426e-01,4.017359316349029541e-01,-4.303274154663085938e-01,-8.771827816963195801e-02,-2.921961545944213867e-01,-1.582880169153213501e-01,1.220318209379911423e-02,2.895193994045257568e-01,4.158042967319488525e-01,1.334466487169265747e-01,-9.596789628267288208e-02,1.353982239961624146e-01,1.430476605892181396e-01,1.075499206781387329e-01,-3.325631320476531982e-01,5.039449036121368408e-02,5.427512899041175842e-02,5.268659591674804688e-01,-2.852074205875396729e-01,-2.087944746017456055e-02,2.500990331172943115e-01,2.023838311433792114e-01,6.017010286450386047e-02,-2.543793246150016785e-02,-7.573627866804599762e-03,-1.361491829156875610e-01,-8.570478856563568115e-02,1.625141352415084839e-01,-1.110862009227275848e-02,-4.826307594776153564e-01,4.441374242305755615e-01,-2.948135137557983398e-01,4.756085872650146484e-01,7.051469385623931885e-02,1.594691574573516846e-01,-4.029061198234558105e-01,1.136852353811264038e-01,4.477313160896301270e-01,1.154441037215292454e-03,-4.686734676361083984e-01,7.853860408067703247e-02,4.389241933822631836e-01,-4.573206901550292969e-01,-4.118538927286863327e-04,4.613613486289978027e-01,1.176012912765145302e-03,4.981463551521301270e-01,3.596594333648681641e-01,-2.786758840084075928e-01,-6.778410635888576508e-03,-3.136156499385833740e-01,-3.909237086772918701e-01,1.618785411119461060e-01,-8.039235323667526245e-02,2.876071035861968994e-01,-1.018439605832099915e-01,3.800969123840332031e-01,1.264394521713256836e-01,-2.173023670911788940e-01,3.720425866049481556e-06,4.338827431201934814e-01,-3.638939857482910156e-01,3.290441334247589111e-01,-4.461652934551239014e-01,4.556766450405120850e-01,4.788025021553039551e-01,-4.265464842319488525e-01,-4.958963766694068909e-02,2.591120898723602295e-01,3.192348778247833252e-01,2.812943160533905029e-01,3.196842502802610397e-03,-3.229936063289642334e-01,2.738521397113800049e-01,3.896228373050689697e-01,-8.852931857109069824e-02,-4.535941481590270996e-01,4.142971634864807129e-01,-3.425410091876983643e-01,-2.114754617214202881e-01,4.899561107158660889e-01,-2.040280103683471680e-01,-2.754026949405670166e-01,-3.536756336688995361e-01,-3.580049872398376465e-01,1.300112158060073853e-01,3.158128559589385986e-01,2.215087115764617920e-01,-3.414718434214591980e-02,-3.727366626262664795e-01
