4.901748895645141602e-01,2.389301359653472900e-02,-1.941476613283157349e-01,1.006939858198165894e-01,2.332356423139572144e-01,-6.801253557205200195e-02,6.798012554645538330e-02,3.194645643234252930e-01,7.431244850158691406e-02,4.362037032842636108e-02,-4.560435190796852112e-02,-6.961086392402648926e-02,1.226575821638107300e-01,4.956973791122436523e-01,3.119501471519470215e-01,1.762733012437820435e-01,-1.889638951979577541e-03,4.948887974023818970e-02,8.584614843130111694e-02,-7.399518042802810669e-02,-2.167936712503433228e-01,1.423838138580322266e-01,1.004564762115478516e-01,1.668244041502475739e-02,-4.688141867518424988e-03,6.036879122257232666e-02,-1.044093221426010132e-01,-3.072798550128936768e-01,1.001301556825637817e-01,-2.437714189291000366e-01,-1.053918749094009399e-01,-1.242221146821975708e-01,1.028780415654182434e-01,1.242087557911872864e-01,-2.535939961671829224e-02,-1.790839433670043945e-01,-6.763572804629802704e-03,3.130586072802543640e-02,-2.856318354606628418e-01,-4.192942678928375244e-01,1.905809342861175537e-01,9.025818854570388794e-02,1.037577614188194275e-01,3.215349838137626648e-02,1.310567706823348999e-01,-2.455913126468658447e-01,-2.607041895389556885e-01,-1.339617371559143066e-01,-1.987800188362598419e-02,8.729859441518783569e-02,-4.434692487120628357e-02,-1.153877899050712585e-01,7.734785228967666626e-02,-6.878352910280227661e-02,-3.347416594624519348e-02,-2.027968615293502808e-01,8.986093103885650635e-02,2.186730131506919861e-02,-7.121788710355758667e-02,-8.256870508193969727e-02,6.784380227327346802e-02,-4.039056133478879929e-03,1.979460753500461578e-02,1.134190633893013000e-01,-5.014003813266754150e-02,1.030813530087471008e-02,3.163991123437881470e-02,2.783092260360717773e-01,-1.567957550287246704e-01,1.455283015966415405e-01,-1.766660660505294800e-01,-1.561885029077529907e-01,2.168210223317146301e-02,1.922320276498794556e-01,-7.162886112928390503e-02,-2.553241550922393799e-01,-9.804369881749153137e-03,2.196139693260192871e-01,-2.191179990768432617e-01,-1.188214868307113647e-01,1.726034283638000488e-01,4.249133635312318802e-03,-2.715283930301666260e-01,8.793043525656685233e-05,-2.505758106708526611e-01,-1.801394969224929810e-01,2.362115830183029175e-01,5.951992701739072800e-03,2.907937578856945038e-02,2.150178141891956329e-02,-6.955885142087936401e-02,-5.952705442905426025e-02,-3.283376339823007584e-03,-5.732572451233863831e-02,-7.953170686960220337e-02,-9.651468694210052490e-02,3.712657988071441650e-01,-6.042525055818259716e-04,-1.717626303434371948e-01,1.616429984569549561e-01,-5.023048445582389832e-02,1.102032437920570374e-01,-1.349488943815231323e-01,-2.424509823322296143e-02,1.900209113955497742e-02,2.224692404270172119e-01,7.660749834030866623e-03,-1.003604903817176819e-01,-2.380089312791824341e-01,4.091308917850255966e-03,2.104139924049377441e-01,3.430199809372425079e-03,-1.046529486775398254e-01,-3.022036254405975342e-01,2.356300652027130127e-01,-1.662819087505340576e-01,3.452248573303222656e-01,-9.780752658843994141e-02,-4.047513902187347412e-01,1.979377493262290955e-02,-4.658556729555130005e-02,2.340385913848876953e-01,1.938817054033279419e-01,-4.545504599809646606e-02,-6.064429134130477905e-02,-1.789339929819107056e-01,-2.429112233221530914e-02,8.743508160114288330e-02
2.389301359653472900e-02,2.270168066024780273e-02,-1.250876337289810181e-01,5.517571792006492615e-02,7.579875737428665161e-02,-2.943168021738529205e-02,1.622346788644790649e-02,3.633648157119750977e-02,1.857833378016948700e-02,2.684301510453224182e-02,1.091907359659671783e-02,-4.172719269990921021e-02,1.142682358622550964e-01,4.874273389577865601e-02,1.200694888830184937e-01,1.107498556375503540e-01,-6.613360164919868112e-05,6.772200018167495728e-02,-3.401677310466766357e-02,-6.112285330891609192e-02,-4.653045907616615295e-02,1.264311224222183228e-01,7.221356779336929321e-02,-1.835698058130219579e-04,1.368819270282983780e-02,1.419827938079833984e-01,-1.322259902954101562e-01,-9.557247161865234375e-02,9.203355014324188232e-02,-3.703014180064201355e-02,2.625746186822652817e-03,-1.226552650332450867e-01,8.674455434083938599e-02,5.722788721323013306e-02,5.383208044804632664e-04,-1.257723122835159302e-01,9.185720235109329224e-03,3.188626840710639954e-02,-7.440755516290664673e-02,-9.203087538480758667e-02,1.149274557828903198e-01,3.349587088450789452e-03,1.234276667237281799e-01,1.437082141637802124e-02,-1.690827868878841400e-02,-7.507991045713424683e-02,-1.256496608257293701e-01,-2.632141485810279846e-02,-1.551711652427911758e-02,2.359037287533283234e-02,-8.452966809272766113e-03,-1.102200523018836975e-02,4.362786933779716492e-02,1.346368715167045593e-02,-1.439850497990846634e-02,-1.249915808439254761e-01,2.302047796547412872e-02,1.044524926692247391e-02,-6.027781963348388672e-02,-4.612189531326293945e-02,-1.454134006053209305e-03,7.900608703494071960e-03,5.095435306429862976e-03,3.947434574365615845e-02,-1.478657592087984085e-02,-2.432807348668575287e-02,4.659297317266464233e-02,1.268623471260070801e-01,-1.149374842643737793e-01,2.364200353622436523e-02,-7.494749128818511963e-02,7.924797013401985168e-03,-2.024201489984989166e-02,1.133181676268577576e-01,-2.623654529452323914e-02,-9.192825853824615479e-02,-4.497068934142589569e-03,1.287083625793457031e-01,-2.236695587635040283e-02,-1.094017401337623596e-01,1.133328974246978760e-01,2.181777264922857285e-03,-8.616057038307189941e-02,5.444587673991918564e-03,-8.388549089431762695e-02,-1.231068670749664307e-01,3.352506831288337708e-02,8.061364293098449707e-03,7.824360579252243042e-02,1.637242361903190613e-02,-3.172541782259941101e-02,-2.554324269294738770e-02,-8.534100651741027832e-02,2.745989151298999786e-02,-9.736185520887374878e-02,-8.309403434395790100e-03,8.575656265020370483e-02,-3.019839059561491013e-04,-9.737335145473480225e-02,3.578389436006546021e-02,-8.199085481464862823e-03,3.878112509846687317e-02,-1.185074076056480408e-01,-1.774122193455696106e-02,1.329980939626693726e-01,1.066435221582651138e-02,-7.917755842208862305e-02,-1.072176173329353333e-01,-3.250992298126220703e-02,-1.564726419746875763e-02,9.163764864206314087e-02,-2.240378409624099731e-02,-9.630617499351501465e-02,-2.178289368748664856e-02,1.393250674009323120e-01,-1.242354735732078552e-01,8.384971320629119873e-02,3.119547292590141296e-02,-1.198386698961257935e-01,3.083671629428863525e-02,4.308633878827095032e-02,9.679754823446273804e-02,1.206335946917533875e-01,-5.794110894203186035e-02,-1.045394092798233032e-01,-5.684927850961685181e-02,5.068801110610365868e-04,4.075888916850090027e-02
-1.941476613283157349e-01,-1.250876337289810181e-01,7.781111001968383789e-01,-3.950339853763580322e-01,-4.300381541252136230e-01,1.054706349968910217e-01,-1.787400394678115845e-01,-2.439782470464706421e-01,-8.936326950788497925e-02,-1.806921064853668213e-01,-6.719167530536651611e-02,2.786954939365386963e-01,-6.500909328460693359e-01,-3.798764050006866455e-01,-7.093881368637084961e-01,-6.569836139678955078e-01,-1.188808493316173553e-02,-3.550983965396881104e-01,2.280933856964111328e-01,4.217956662178039551e-01,2.697705328464508057e-01,-7.482841610908508301e-01,-5.340643525123596191e-01,1.024406924843788147e-01,-8.170332014560699463e-02,-7.613917589187622070e-01,7.325934171676635742e-01,5.545856356620788574e-01,-6.260069012641906738e-01,3.214636445045471191e-01,1.637870818376541138e-02,7.259052991867065430e-01,-5.584108233451843262e-01,-4.272138178348541260e-01,9.539258666336536407e-03,7.378767728805541992e-01,-5.795292556285858154e-02,-2.056355327367782593e-01,5.337853431701660156e-01,5.905987024307250977e-01,-6.796802282333374023e-01,-3.258595615625381470e-02,-6.921198964118957520e-01,-9.676733613014221191e-02,6.821621209383010864e-02,5.637968182563781738e-01,7.653657793998718262e-01,1.831376403570175171e-01,7.477452605962753296e-02,-5.827475711703300476e-02,2.566041052341461182e-02,7.688289135694503784e-02,-2.454827576875686646e-01,-9.492472745478153229e-03,7.086312025785446167e-02,7.368361353874206543e-01,-1.813634783029556274e-01,-7.239234447479248047e-02,3.202181458473205566e-01,3.071745336055755615e-01,3.570075333118438721e-02,-9.530063718557357788e-02,-3.673236444592475891e-02,-3.154140710830688477e-01,6.535971164703369141e-02,1.490874141454696655e-01,-2.517683207988739014e-01,-7.204946875572204590e-01,6.914330124855041504e-01,-1.409453749656677246e-01,5.257669091224670410e-01,3.751130774617195129e-02,1.092870756983757019e-01,-7.143976092338562012e-01,1.572985798120498657e-01,5.724730491638183594e-01,2.691023796796798706e-02,-8.025999069213867188e-01,2.051116973161697388e-01,6.915726065635681152e-01,-7.331395149230957031e-01,-1.536733470857143402e-02,5.180421471595764160e-01,-2.832691371440887451e-02,5.603387355804443359e-01,6.607556939125061035e-01,-2.496902644634246826e-01,-4.778188094496726990e-02,-4.518143236637115479e-01,-1.304352283477783203e-01,1.998092383146286011e-01,1.709785461425781250e-01,5.403285026550292969e-01,-1.553552150726318359e-01,6.256096959114074707e-01,8.768302202224731445e-02,-5.389354825019836426e-01,2.073453972116112709e-03,6.282318830490112305e-01,-3.004340231418609619e-01,1.027507558465003967e-01,-2.931403517723083496e-01,7.190825343132019043e-01,1.168142259120941162e-01,-7.744116783142089844e-01,-2.063379138708114624e-01,5.367261171340942383e-01,6.608946919441223145e-01,2.183088511228561401e-01,9.719981998205184937e-02,-5.726760029792785645e-01,2.544307410717010498e-01,6.061948537826538086e-01,2.308008633553981781e-02,-7.711960077285766602e-01,7.168796062469482422e-01,-5.468009114265441895e-01,-2.510253190994262695e-01,7.549886703491210938e-01,-1.991239637136459351e-01,-3.050557971000671387e-01,-6.513435840606689453e-01,-7.157167196273803711e-01,3.422384262084960938e-01,6.674013733863830566e-01,4.543980062007904053e-01,-2.735368721187114716e-02,-3.073203861713409424e-01
1.006939858198165894e-01,5.517571792006492615e-02,-3.950339853763580322e-01,3.657979965209960938e-01,1.784924864768981934e-01,1.704385317862033844e-02,3.981845825910568237e-02,1.478551775217056274e-01,2.925617247819900513e-02,8.699426054954528809e-02,-4.783341661095619202e-02,-1.520004719495773315e-01,2.673939168453216553e-01,2.557178139686584473e-01,3.727348446846008301e-01,2.905017733573913574e-01,1.244038436561822891e-02,2.452011704444885254e-01,-1.351212412118911743e-01,-1.525638103485107422e-01,-2.979423105716705322e-01,4.321986734867095947e-01,2.551283836364746094e-01,-1.321153342723846436e-01,5.992244929075241089e-02,3.775175809860229492e-01,-3.505206108093261719e-01,-1.912668645381927490e-01,2.217675596475601196e-01,-6.674885004758834839e-02,-3.558980673551559448e-02,-4.546847045421600342e-01,3.683781921863555908e-01,1.549700051546096802e-01,4.892149474471807480e-03,-3.861186802387237549e-01,5.093907564878463745e-02,8.921517431735992432e-02,-1.499043107032775879e-01,-4.502360820770263672e-01,3.901278376579284668e-01,4.128136485815048218e-02,3.275537490844726562e-01,4.383002594113349915e-02,-6.066684797406196594e-02,-1.435863971710205078e-01,-3.644548654556274414e-01,-1.571354120969772339e-01,-5.275334790349006653e-02,9.578587114810943604e-02,-2.529747411608695984e-02,-2.443103492259979248e-02,2.132445722818374634e-01,-1.058703809976577759e-01,8.088833838701248169e-02,-3.827041089534759521e-01,9.244918823242187500e-02,2.894080616533756256e-02,-9.126930683851242065e-02,-1.916512846946716309e-01,-9.284257143735885620e-02,8.477634191513061523e-02,2.496846951544284821e-02,1.894965916872024536e-01,-3.305440023541450500e-02,-7.674673199653625488e-02,1.129633188247680664e-01,4.031389355659484863e-01,-3.293877243995666504e-01,1.679340191185474396e-02,-2.730022072792053223e-01,1.509129554033279419e-01,-9.863044321537017822e-02,3.715275228023529053e-01,-9.048888832330703735e-02,-3.266187906265258789e-01,-3.915296401828527451e-03,4.028763175010681152e-01,-2.819512784481048584e-01,-3.906979262828826904e-01,5.074970126152038574e-01,7.974930107593536377e-03,-1.703578978776931763e-01,1.811958663165569305e-02,-3.596075475215911865e-01,-2.374354600906372070e-01,-3.462428227066993713e-02,2.034367620944976807e-02,1.468151360750198364e-01,6.347345560789108276e-02,-7.024607062339782715e-02,-1.665691733360290527e-01,-3.865975141525268555e-01,1.663395613431930542e-01,-3.589678704738616943e-01,-7.348317652940750122e-02,2.454752773046493530e-01,-1.062947907485067844e-03,-2.561718523502349854e-01,1.894260793924331665e-01,-2.157784625887870789e-02,6.508694589138031006e-02,-4.266282021999359131e-01,-5.186672881245613098e-02,4.415311217308044434e-01,2.399765402078628540e-01,-4.160853922367095947e-01,-3.462365269660949707e-01,-2.134460397064685822e-02,-4.776572063565254211e-02,4.712428748607635498e-01,-2.008672207593917847e-01,-3.659356832504272461e-01,3.954665735363960266e-03,3.989955484867095947e-01,-3.352766633033752441e-01,2.103477418422698975e-01,1.097145080566406250e-01,-4.479518234729766846e-01,1.383374482393264771e-01,9.453462064266204834e-02,3.287053704261779785e-01,3.931525349617004395e-01,-1.649024486541748047e-01,-3.385053873062133789e-01,-2.299908697605133057e-01,8.386528119444847107e-03,1.882199496030807495e-01
2.332356423139572144e-01,7.579875737428665161e-02,-4.300381541252136230e-01,1.784924864768981934e-01,3.340100944042205811e-01,-1.117856130003929138e-01,8.297598361968994141e-02,2.298863828182220459e-01,6.738872826099395752e-02,9.251151233911514282e-02,1.701064780354499817e-02,-1.413014680147171021e-01,3.762966990470886230e-01,2.795625030994415283e-01,4.619724154472351074e-01,3.921896517276763916e-01,-4.947502166032791138e-03,2.096869051456451416e-01,-7.009328156709671021e-02,-2.109078168869018555e-01,-1.761606186628341675e-01,4.141222536563873291e-01,2.238669842481613159e-01,3.778323903679847717e-02,3.360587358474731445e-02,4.318938553333282471e-01,-4.350740909576416016e-01,-4.034014940261840820e-01,3.254191279411315918e-01,-2.271631062030792236e-01,-2.053487487137317657e-02,-3.740873336791992188e-01,2.731357514858245850e-01,1.998782306909561157e-01,-6.514057517051696777e-03,-4.171284735202789307e-01,1.994718983769416809e-02,1.056045368313789368e-01,-3.464914262294769287e-01,-3.985810875892639160e-01,4.025685191154479980e-01,4.285775497555732727e-02,4.018356502056121826e-01,5.448356270790100098e-02,7.770796306431293488e-03,-3.101460933685302734e-01,-4.681633412837982178e-01,-1.196748912334442139e-01,-4.821281507611274719e-02,1.151585131883621216e-01,-3.676532581448554993e-02,-8.017178624868392944e-02,1.455023884773254395e-01,3.876728191971778870e-02,-7.457286119461059570e-02,-4.404587447643280029e-01,9.039736539125442505e-02,3.792247921228408813e-02,-2.304139882326126099e-01,-1.546365022659301758e-01,3.278847783803939819e-02,9.842109866440296173e-03,2.038287371397018433e-02,1.531092822551727295e-01,-5.686995759606361389e-02,-6.409441679716110229e-02,1.600498855113983154e-01,4.692684710025787354e-01,-3.691266477108001709e-01,1.421388983726501465e-01,-2.839946448802947998e-01,-5.733017623424530029e-02,-2.904297411441802979e-02,3.868345618247985840e-01,-1.011515483260154724e-01,-3.795788288116455078e-01,-1.807164587080478668e-02,4.458878040313720703e-01,-1.202698051929473877e-01,-3.509630858898162842e-01,3.674349188804626465e-01,7.348313927650451660e-03,-3.764145672321319580e-01,1.567406393587589264e-02,-3.360132575035095215e-01,-4.468401968479156494e-01,2.186694741249084473e-01,2.567157149314880371e-02,2.508996427059173584e-01,5.210413038730621338e-02,-1.367604434490203857e-01,-8.087649196386337280e-02,-2.197770029306411743e-01,3.194233775138854980e-02,-3.016859889030456543e-01,-4.672056064009666443e-02,4.126369953155517578e-01,-1.069182995706796646e-03,-3.443359136581420898e-01,1.564489454030990601e-01,-4.079555347561836243e-02,1.663617044687271118e-01,-3.738620877265930176e-01,-6.153394654393196106e-02,3.927200734615325928e-01,1.004591733217239380e-01,-2.062778174877166748e-01,-3.454726636409759521e-01,-2.045616358518600464e-01,-4.250702634453773499e-02,2.818103134632110596e-01,-4.161949083209037781e-02,-2.971302270889282227e-01,-1.911940574645996094e-01,5.111290812492370605e-01,-4.338619112968444824e-01,3.745550811290740967e-01,5.052424594759941101e-02,-4.831387996673583984e-01,8.870568126440048218e-02,1.298632323741912842e-01,3.565704822540283203e-01,4.143472611904144287e-01,-1.859062016010284424e-01,-3.110906779766082764e-01,-2.091990262269973755e-01,-1.175895798951387405e-02,1.534473299980163574e-01
-6.801253557205200195e-02,-2.943168021738529205e-02,1.054706349968910217e-01,1.704385317862033844e-02,-1.117856130003929138e-01,2.126364707946777344e-01,-2.720963023602962494e-02,1.413837075233459473e-02,-1.192572414875030518e-01,-4.973903670907020569e-02,-3.646302968263626099e-03,4.295703768730163574e-02,-1.813201904296875000e-01,-3.871514275670051575e-02,-1.504768580198287964e-01,-1.570929586887359619e-01,-4.476959351450204849e-03,-8.372866362333297729e-02,2.607974968850612640e-02,4.904383793473243713e-02,1.410597115755081177e-01,-1.185553595423698425e-01,-2.087582089006900787e-02,-7.791791111230850220e-03,-1.876653917133808136e-02,-2.383187115192413330e-01,1.526798456907272339e-01,1.460955440998077393e-01,-3.182507306337356567e-02,8.002040907740592957e-03,3.998848050832748413e-02,1.640675812959671021e-01,-1.269605904817581177e-01,-1.565361768007278442e-02,-8.314058184623718262e-03,1.543730050325393677e-01,-3.813564544543623924e-03,-4.564367607235908508e-02,1.188202425837516785e-01,5.380234122276306152e-02,-1.973641812801361084e-01,-1.492727175354957581e-02,-8.957976847887039185e-02,-1.143914926797151566e-02,8.839007467031478882e-02,1.271634697914123535e-01,1.616941839456558228e-01,1.458351965993642807e-02,-2.713414840400218964e-02,-5.366499722003936768e-02,9.368167817592620850e-02,-6.855772435665130615e-02,-4.720048233866691589e-02,-9.191790968179702759e-02,8.261758834123611450e-03,1.204396709799766541e-01,-1.520186290144920349e-02,-1.085527334362268448e-02,1.096630915999412537e-01,4.973562806844711304e-02,1.340145338326692581e-02,-2.108376286923885345e-02,-5.253385752439498901e-03,-1.329436153173446655e-01,8.873631246387958527e-03,4.318200796842575073e-02,-4.570846632122993469e-02,-1.414356827735900879e-01,1.589887887239456177e-01,-2.670903131365776062e-02,8.114717900753021240e-02,-1.069144532084465027e-01,4.085044935345649719e-02,-1.533224433660507202e-01,6.446744501590728760e-02,1.024952232837677002e-01,1.098395232111215591e-02,-1.528620421886444092e-01,1.960269734263420105e-02,1.218472048640251160e-01,-1.088836565613746643e-01,-2.134131500497460365e-03,8.950894325971603394e-02,-1.141283661127090454e-02,1.176285594701766968e-01,2.151651680469512939e-01,-4.306403174996376038e-02,-9.521426633000373840e-03,-1.891873627901077271e-01,-1.797732338309288025e-02,4.760419204831123352e-02,2.559080533683300018e-02,8.172260969877243042e-02,-4.852266982197761536e-03,1.335521042346954346e-01,-3.924985229969024658e-02,-7.737253606319427490e-02,3.756444202736020088e-04,1.025772467255592346e-01,-8.286967873573303223e-02,-1.762144453823566437e-02,-1.136682480573654175e-01,1.573718935251235962e-01,2.458184026181697845e-02,-1.724900305271148682e-01,1.019253060221672058e-01,8.257418125867843628e-02,1.177237555384635925e-01,1.473051607608795166e-01,2.376318536698818207e-02,-1.089852377772331238e-01,-4.313101619482040405e-02,8.842666447162628174e-02,8.781973272562026978e-02,-1.269468516111373901e-01,1.939608752727508545e-01,-9.597406536340713501e-02,-5.268043838441371918e-03,1.458466053009033203e-01,-3.713250160217285156e-02,-3.544449806213378906e-02,-1.359970867633819580e-01,-1.534981429576873779e-01,9.839411079883575439e-02,6.761697679758071899e-02,1.027295514941215515e-01,9.994404390454292297e-04,3.648832673206925392e-03
6.798012554645538330e-02,1.622346788644790649e-02,-1.787400394678115845e-01,3.981845825910568237e-02,8.297598361968994141e-02,-2.720963023602962494e-02,1.158114373683929443e-01,3.558800369501113892e-02,1.810542121529579163e-02,4.581737518310546875e-02,1.024126540869474411e-02,-4.628636687994003296e-02,1.027174666523933411e-01,7.177423685789108276e-02,1.345853805541992188e-01,1.149758845567703247e-01,6.170016713440418243e-03,1.800688798539340496e-03,-4.801921173930168152e-02,-1.054538041353225708e-01,-3.230533376336097717e-02,1.338294148445129395e-01,9.376779943704605103e-02,-2.791636809706687927e-02,6.066921632736921310e-03,1.531405001878738403e-01,-1.263865232467651367e-01,-1.050680130720138550e-01,1.556516885757446289e-01,-1.478246748447418213e-01,-1.251293905079364777e-02,-1.309629380702972412e-01,1.070557013154029846e-01,7.762304693460464478e-02,-5.157591775059700012e-03,-1.262733191251754761e-01,1.399403787218034267e-03,4.280659556388854980e-02,-1.801039278507232666e-01,-1.055734753608703613e-01,1.543690860271453857e-01,1.901008002460002899e-02,9.448202699422836304e-02,2.000402100384235382e-02,-1.810631528496742249e-02,-1.831224858760833740e-01,-1.887847632169723511e-01,-2.966459840536117554e-02,2.681180275976657867e-02,-9.013248607516288757e-03,-8.744650403968989849e-04,8.206280879676342010e-03,7.464924827218055725e-03,1.891400292515754700e-02,-2.457001805305480957e-02,-1.307159364223480225e-01,3.249128535389900208e-02,1.429362036287784576e-02,-8.306873589754104614e-02,-4.735226929187774658e-02,-1.422979310154914856e-02,3.619975224137306213e-02,7.702742703258991241e-03,1.349526196718215942e-01,1.880631409585475922e-02,-2.348407916724681854e-02,2.715832740068435669e-02,1.269568949937820435e-01,-1.204264536499977112e-01,5.466341227293014526e-02,-1.216429099440574646e-01,-5.718016996979713440e-02,1.628017053008079529e-02,1.507668942213058472e-01,-3.731376305222511292e-02,-1.481880694627761841e-01,-8.269951678812503815e-03,2.084200829267501831e-01,-4.614350944757461548e-02,-1.250091046094894409e-01,1.596299409866333008e-01,2.793997060507535934e-03,-1.149517819285392761e-01,1.845486694946885109e-03,-1.343311518430709839e-01,-1.293811649084091187e-01,1.434518247842788696e-01,6.068531889468431473e-03,1.052009984850883484e-01,3.394506871700286865e-02,-6.174143031239509583e-02,-1.749892346560955048e-02,-7.127237319946289062e-02,-1.843761652708053589e-02,-1.202958226203918457e-01,-1.898535899817943573e-02,1.311237514019012451e-01,-4.630780604202300310e-04,-1.156378909945487976e-01,1.034143343567848206e-01,-3.976723924279212952e-02,1.334513276815414429e-01,-1.329729110002517700e-01,-2.514947950839996338e-02,1.921143680810928345e-01,7.355416566133499146e-02,-1.124588698148727417e-01,-1.087190136313438416e-01,-1.377413868904113770e-01,-1.674638502299785614e-02,5.002440884709358215e-02,-7.702245563268661499e-02,-6.113043427467346191e-02,2.854785695672035217e-02,1.443254649639129639e-01,-1.620848923921585083e-01,1.203761249780654907e-01,5.280787497758865356e-02,-1.974819898605346680e-01,2.577835880219936371e-02,1.004073843359947205e-01,1.617874801158905029e-01,1.300749629735946655e-01,-5.944922566413879395e-02,-9.680101275444030762e-02,-1.315376609563827515e-01,1.457437314093112946e-02,7.752840220928192139e-02
3.194645643234252930e-01,3.633648157119750977e-02,-2.439782470464706421e-01,1.478551775217056274e-01,2.298863828182220459e-01,1.413837075233459473e-02,3.558800369501113892e-02,3.611939847469329834e-01,-4.703149665147066116e-03,3.309408575296401978e-02,1.325434166938066483e-02,-9.274797141551971436e-02,1.873574703931808472e-01,3.595677018165588379e-01,3.251135647296905518e-01,2.273278683423995972e-01,-8.609009906649589539e-03,8.553428947925567627e-02,2.831479720771312714e-02,-1.042725890874862671e-01,-4.481585696339607239e-02,2.416547983884811401e-01,1.584501117467880249e-01,-4.498783382587134838e-04,4.251756705343723297e-03,1.308084279298782349e-01,-2.121391296386718750e-01,-2.782578766345977783e-01,2.428390085697174072e-01,-2.053208798170089722e-01,-4.176553338766098022e-02,-1.478596329689025879e-01,7.435999065637588501e-02,1.813857853412628174e-01,-2.721568383276462555e-02,-2.499708235263824463e-01,1.212896429933607578e-03,5.260095745325088501e-02,-2.876571118831634521e-01,-3.731471598148345947e-01,1.765092462301254272e-01,4.450315237045288086e-02,2.200799137353897095e-01,3.943175077438354492e-02,1.824539154767990112e-01,-2.273182719945907593e-01,-3.000912666320800781e-01,-1.026682406663894653e-01,-6.106110289692878723e-02,2.998319454491138458e-02,2.025492861866950989e-02,-1.493678838014602661e-01,8.412617444992065430e-02,-7.679752260446548462e-02,-9.163135290145874023e-02,-2.904286384582519531e-01,9.962151199579238892e-02,2.996705099940299988e-02,-5.691663548350334167e-02,-9.071431308984756470e-02,7.061150670051574707e-02,-2.437561936676502228e-02,1.476585306227207184e-02,-3.453572466969490051e-02,-5.790790915489196777e-02,-4.967542830854654312e-03,6.733564287424087524e-02,2.839341163635253906e-01,-2.045501619577407837e-01,8.929504454135894775e-02,-1.977978795766830444e-01,-2.196411192417144775e-01,1.012383121997117996e-02,2.344401627779006958e-01,-3.080782666802406311e-02,-2.022069692611694336e-01,-8.526647463440895081e-03,2.527002394199371338e-01,-1.278645992279052734e-01,-1.923659294843673706e-01,1.883491575717926025e-01,5.014191847294569016e-03,-2.933804988861083984e-01,4.676131065934896469e-03,-2.019683569669723511e-01,-2.374203503131866455e-01,1.704127788543701172e-01,1.422276068478822708e-02,4.286834225058555603e-02,3.290260210633277893e-02,-7.665545493364334106e-02,-2.999619767069816589e-02,-4.036706686019897461e-02,-5.332986265420913696e-02,-1.160258725285530090e-01,-8.445801585912704468e-02,3.411253094673156738e-01,-6.268111173994839191e-04,-2.277402430772781372e-01,9.813070297241210938e-02,-6.046787649393081665e-02,7.325011491775512695e-02,-1.817779839038848877e-01,-3.448104485869407654e-02,1.164475008845329285e-01,1.668056994676589966e-01,6.598659325391054153e-03,-1.896809935569763184e-01,-9.634122252464294434e-02,-3.218581434339284897e-03,1.773784458637237549e-01,9.131114929914474487e-03,-1.783386021852493286e-01,-2.053354978561401367e-01,3.439674377441406250e-01,-2.109259665012359619e-01,3.180699944496154785e-01,-1.190803851932287216e-02,-3.587737381458282471e-01,2.737622708082199097e-02,1.141430903226137161e-02,2.070012688636779785e-01,2.117259800434112549e-01,-1.706130430102348328e-02,-1.791441291570663452e-01,-1.079018190503120422e-01,-2.156309969723224640e-02,1.063946262001991272e-01
7.431244850158691406e-02,1.857833378016948700e-02,-8.936326950788497925e-02,2.925617247819900513e-02,6.738872826099395752e-02,-1.192572414875030518e-01,1.810542121529579163e-02,-4.703149665147066116e-03,8.836114406585693359e-02,3.853524848818778992e-02,-1.617719605565071106e-02,-3.768949583172798157e-02,1.161577329039573669e-01,8.144661039113998413e-02,1.191384866833686829e-01,1.030094921588897705e-01,6.858394946902990341e-03,6.387784332036972046e-02,-1.863731257617473602e-02,-3.125241398811340332e-02,-1.583570837974548340e-01,9.687434136867523193e-02,3.451552987098693848e-02,-2.385650016367435455e-02,1.728562079370021820e-02,1.572985053062438965e-01,-9.626558423042297363e-02,-8.985299617052078247e-02,4.463444929569959641e-03,-1.750305178575217724e-03,-4.435215890407562256e-02,-1.477793157100677490e-01,1.238489821553230286e-01,1.629878766834735870e-02,6.062504835426807404e-03,-1.148207336664199829e-01,8.020296692848205566e-03,2.909837290644645691e-02,-6.552793830633163452e-02,-9.302066266536712646e-02,1.520222127437591553e-01,2.132353186607360840e-02,5.427749082446098328e-02,8.798974566161632538e-03,-7.290159910917282104e-02,-8.275367319583892822e-02,-1.131695285439491272e-01,-3.314905986189842224e-02,1.601702906191349030e-02,4.453477263450622559e-02,-7.125942409038543701e-02,4.551577940583229065e-02,5.365096032619476318e-02,2.684495225548744202e-02,2.776374109089374542e-02,-8.871789276599884033e-02,1.595743000507354736e-02,7.234523072838783264e-03,-5.607958510518074036e-02,-5.014427006244659424e-02,-2.782394364476203918e-02,3.275108337402343750e-02,7.032707799226045609e-03,1.232753247022628784e-01,-8.329135365784168243e-03,-3.007988631725311279e-02,2.591937407851219177e-02,1.176230236887931824e-01,-1.143113896250724792e-01,1.439620647579431534e-02,-6.914926320314407349e-02,9.846843034029006958e-02,-3.904344886541366577e-02,1.202693730592727661e-01,-5.240700393915176392e-02,-9.122684597969055176e-02,-5.558623932301998138e-03,1.218448281288146973e-01,-6.948752701282501221e-02,-9.903691709041595459e-02,1.235634088516235352e-01,2.060811733826994896e-03,-4.447501152753829956e-02,7.494833320379257202e-03,-1.102670207619667053e-01,-1.185658723115921021e-01,8.860869333148002625e-03,5.518848542124032974e-03,1.116517931222915649e-01,1.592679135501384735e-02,-2.636030316352844238e-02,-4.350129142403602600e-02,-8.969283849000930786e-02,3.215694427490234375e-02,-1.080366447567939758e-01,7.877202704548835754e-03,6.152851879596710205e-02,-3.214432799722999334e-04,-7.501193881034851074e-02,7.972367107868194580e-02,1.124861091375350952e-02,7.135442644357681274e-02,-1.316000968217849731e-01,-1.681728847324848175e-02,1.239450797438621521e-01,-1.125254295766353607e-02,-1.050569787621498108e-01,-8.358177542686462402e-02,-9.388158470392227173e-02,-1.735955290496349335e-02,1.422698199748992920e-01,-1.077501755207777023e-02,-8.478176593780517578e-02,-5.434456840157508850e-02,8.061893284320831299e-02,-1.294503659009933472e-01,6.840535253286361694e-02,4.410829860717058182e-03,-1.389584243297576904e-01,3.854933753609657288e-02,8.408598601818084717e-03,1.133105009794235229e-01,1.230430230498313904e-01,-7.575619965791702271e-02,-5.879378691315650940e-02,-1.041960269212722778e-01,2.332989824935793877e-03,1.436887122690677643e-02
4.362037032842636108e-02,2.684301510453224182e-02,-1.806921064853668213e-01,8.699426054954528809e-02,9.251151233911514282e-02,-4.973903670907020569e-02,4.581737518310546875e-02,3.309408575296401978e-02,3.853524848818778992e-02,4.626754671335220337e-02,3.039089962840080261e-03,-6.188225373625755310e-02,1.519275605678558350e-01,8.250185847282409668e-02,1.673634946346282959e-01,1.476352214813232422e-01,5.192473065108060837e-03,8.087009191513061523e-02,-5.552841722965240479e-02,-8.670964092016220093e-02,-9.941869974136352539e-02,1.777949184179306030e-01,1.060063987970352173e-01,-3.349355608224868774e-02,2.089121751487255096e-02,2.044672816991806030e-01,-1.710451841354370117e-01,-1.154681295156478882e-01,1.210153475403785706e-01,-5.932059884071350098e-02,-1.478593889623880386e-02,-1.918506920337677002e-01,1.472977101802825928e-01,7.613025605678558350e-02,1.307205646298825741e-03,-1.757903546094894409e-01,1.398001890629529953e-02,4.649149999022483826e-02,-1.151649579405784607e-01,-1.399691998958587646e-01,1.808830946683883667e-01,1.313673984259366989e-02,1.434456259012222290e-01,1.998173631727695465e-02,-4.241924360394477844e-02,-1.255464702844619751e-01,-1.851254552602767944e-01,-4.356586933135986328e-02,-3.878317307680845261e-03,2.406915463507175446e-02,-2.564777061343193054e-02,7.228023372590541840e-03,6.174740195274353027e-02,7.695055101066827774e-03,1.558718038722872734e-03,-1.672452688217163086e-01,3.507176041603088379e-02,1.467327587306499481e-02,-7.371389120817184448e-02,-7.122022658586502075e-02,-2.533421665430068970e-02,3.286517783999443054e-02,8.895917795598506927e-03,1.068758293986320496e-01,-8.736547082662582397e-03,-3.737253323197364807e-02,5.179767683148384094e-02,1.708662509918212891e-01,-1.601297706365585327e-01,2.650540880858898163e-02,-1.188830360770225525e-01,3.254719823598861694e-02,-3.029020875692367554e-02,1.734011173248291016e-01,-4.499743506312370300e-02,-1.387660056352615356e-01,-6.198245566338300705e-03,2.017782628536224365e-01,-6.527531892061233521e-02,-1.644914299249649048e-01,1.946507096290588379e-01,3.376610344275832176e-03,-9.733314812183380127e-02,7.476039230823516846e-03,-1.410759091377258301e-01,-1.545597463846206665e-01,4.302822053432464600e-02,9.922412224113941193e-03,1.165164038538932800e-01,2.974942885339260101e-02,-4.567614570260047913e-02,-4.726433381438255310e-02,-1.340821981430053711e-01,4.026169702410697937e-02,-1.536931842565536499e-01,-1.199568901211023331e-02,1.118130236864089966e-01,-4.815967695321887732e-04,-1.305893212556838989e-01,8.418150991201400757e-02,-1.492620259523391724e-02,7.869581133127212524e-02,-1.829628199338912964e-01,-2.634253539144992828e-02,2.097788006067276001e-01,4.167512804269790649e-02,-1.513538956642150879e-01,-1.485881507396697998e-01,-6.774318963289260864e-02,-2.369778230786323547e-02,1.526763141155242920e-01,-6.138601154088973999e-02,-1.332962960004806519e-01,-2.715019742026925087e-03,1.758460104465484619e-01,-1.795734018087387085e-01,1.090053021907806396e-01,5.270449072122573853e-02,-1.936843544244766235e-01,5.005305632948875427e-02,6.525430828332901001e-02,1.555474847555160522e-01,1.742125451564788818e-01,-8.595851063728332520e-02,-1.427562832832336426e-01,-1.171327680349349976e-01,7.521159015595912933e-03,6.497026234865188599e-02
-4.560435190796852112e-02,1.091907359659671783e-02,-6.719167530536651611e-02,-4.783341661095619202e-02,1.701064780354499817e-02,-3.646302968263626099e-03,1.024126540869474411e-02,1.325434166938066483e-02,-1.617719605565071106e-02,3.039089962840080261e-03,7.590688765048980713e-02,-1.625798270106315613e-02,8.962250500917434692e-02,-2.901979349553585052e-02,3.918795287609100342e-02,6.645345687866210938e-02,-3.866254352033138275e-03,-8.270223625004291534e-03,-1.226083375513553619e-02,-5.668437108397483826e-02,1.371124088764190674e-01,5.452657863497734070e-02,7.010708004236221313e-02,1.489511691033840179e-02,-3.316262271255254745e-03,8.327137678861618042e-02,-8.781919628381729126e-02,-5.443302541971206665e-02,1.355458498001098633e-01,-3.600203618407249451e-02,3.181877359747886658e-02,-1.820182055234909058e-02,-3.857892006635665894e-02,8.934895694255828857e-02,-9.431721642613410950e-03,-7.512395828962326050e-02,-4.882339388132095337e-03,2.151694148778915405e-02,-7.673728466033935547e-02,5.336420610547065735e-02,-6.256767548620700836e-03,-3.159768506884574890e-02,9.532196819782257080e-02,8.847842924296855927e-03,4.567638784646987915e-02,-1.024629026651382446e-01,-7.469010353088378906e-02,3.948408365249633789e-02,-1.822428405284881592e-02,-7.774242758750915527e-02,3.240676969289779663e-02,-3.461255878210067749e-02,-3.635771945118904114e-02,3.944771364331245422e-02,-8.313448727130889893e-02,-7.151411473751068115e-02,2.083052322268486023e-02,1.096361782401800156e-02,-1.956564560532569885e-02,1.375807914882898331e-03,4.256982728838920593e-02,-2.182645350694656372e-02,-3.507349174469709396e-03,-7.473413646221160889e-02,-1.127071958035230637e-02,-9.562361985445022583e-03,2.322116494178771973e-02,1.874150335788726807e-02,-7.599105685949325562e-02,9.364286088384687901e-04,-1.969910413026809692e-02,-1.264202594757080078e-01,4.220059607177972794e-03,5.709136277437210083e-02,2.062942273914813995e-02,3.956607356667518616e-02,-4.683159291744232178e-03,7.877158373594284058e-02,1.178673580288887024e-01,-4.788466542959213257e-02,-6.004119757562875748e-03,1.110024400986731052e-03,-6.187842413783073425e-02,1.289625288336537778e-05,5.007449164986610413e-02,-9.681036323308944702e-02,4.923274368047714233e-02,6.867164745926856995e-03,5.036649480462074280e-02,1.229153573513031006e-02,-1.154728978872299194e-02,4.421908408403396606e-02,1.841908879578113556e-02,-3.037211112678050995e-02,-1.583307422697544098e-02,8.618166670203208923e-03,1.063380111008882523e-02,-7.365978672169148922e-05,-7.827983051538467407e-02,-3.654075786471366882e-02,-3.025718033313751221e-02,2.550854161381721497e-02,-3.432128205895423889e-02,-1.075591705739498138e-02,6.256449967622756958e-02,-8.057403564453125000e-02,5.068158730864524841e-02,-5.999476835131645203e-02,2.314191125333309174e-02,-6.313745398074388504e-03,-4.020172730088233948e-02,2.220755256712436676e-02,-3.249449655413627625e-02,3.755120933055877686e-02,8.142686635255813599e-02,-5.909374728798866272e-02,4.674401506781578064e-02,5.556031316518783569e-02,-7.674356922507286072e-03,-8.484449237585067749e-03,4.938359186053276062e-02,1.819464564323425293e-02,3.058999404311180115e-02,9.051920496858656406e-04,-9.202424436807632446e-02,1.203345018438994884e-03,7.462728302925825119e-03,-3.362210001796483994e-03
-6.961086392402648926e-02,-4.172719269990921021e-02,2.786954939365386963e-01,-1.520004719495773315e-01,-1.413014680147171021e-01,4.295703768730163574e-02,-4.628636687994003296e-02,-9.274797141551971436e-02,-3.768949583172798157e-02,-6.188225373625755310e-02,-1.625798270106315613e-02,1.006664931774139404e-01,-2.363537400960922241e-01,-1.468559950590133667e-01,-2.662499845027923584e-01,-2.307691723108291626e-01,-5.921004340052604675e-03,-1.305786371231079102e-01,7.762074470520019531e-02,1.294821053743362427e-01,1.155664995312690735e-01,-2.846362292766571045e-01,-1.818459182977676392e-01,5.807381495833396912e-02,-3.151819854974746704e-02,-2.966059744358062744e-01,2.682873010635375977e-01,1.787866950035095215e-01,-2.095161080360412598e-01,8.221614360809326172e-02,1.775693893432617188e-02,2.851427495479583740e-01,-2.020954489707946777e-01,-1.417912244796752930e-01,2.971614478155970573e-03,2.824080288410186768e-01,-2.183875255286693573e-02,-7.078628242015838623e-02,1.735726892948150635e-01,2.311076074838638306e-01,-2.521153688430786133e-01,-1.331269554793834686e-02,-2.408822923898696899e-01,-3.232669457793235779e-02,2.081101015210151672e-02,1.867349445819854736e-01,2.848505377769470215e-01,6.710729002952575684e-02,2.744437381625175476e-02,-1.790930889546871185e-02,2.205446176230907440e-02,2.024593390524387360e-02,-9.805271774530410767e-02,1.216465234756469727e-02,1.195918302983045578e-02,2.734423279762268066e-01,-6.575228273868560791e-02,-2.517977356910705566e-02,8.802954852581024170e-02,1.109883859753608704e-01,2.429798245429992676e-02,-3.849263861775398254e-02,-1.315066590905189514e-02,-1.023842096328735352e-01,2.490384876728057861e-02,5.362574011087417603e-02,-8.069341629743576050e-02,-2.625958621501922607e-01,2.503335177898406982e-01,-2.817848697304725647e-02,1.825731694698333740e-01,-1.070430688560009003e-02,5.051868408918380737e-02,-2.683571875095367432e-01,5.410074815154075623e-02,1.860803216695785522e-01,8.088336326181888580e-03,-3.043450415134429932e-01,9.117376059293746948e-02,2.608645856380462646e-01,-2.923026680946350098e-01,-5.468268413096666336e-03,1.562661975622177124e-01,-1.131398882716894150e-02,1.977158933877944946e-01,2.354962527751922607e-01,-4.341538250446319580e-02,-1.652049273252487183e-02,-1.520056873559951782e-01,-4.585402458906173706e-02,6.155573949217796326e-02,6.705459207296371460e-02,1.973826587200164795e-01,-5.976745858788490295e-02,2.249606251716613770e-01,2.810534276068210602e-02,-1.735223233699798584e-01,7.175924256443977356e-04,2.126995772123336792e-01,-1.093208193778991699e-01,2.927890606224536896e-02,-9.232392907142639160e-02,2.792590558528900146e-01,4.005403444170951843e-02,-3.038389682769775391e-01,-7.201256603002548218e-02,2.053311020135879517e-01,2.381665557622909546e-01,5.576771125197410583e-02,3.329003229737281799e-02,-2.450368702411651611e-01,8.448015898466110229e-02,2.247199863195419312e-01,7.901174947619438171e-03,-2.895473241806030273e-01,2.627459764480590820e-01,-1.765538305044174194e-01,-8.695356547832489014e-02,2.927314937114715576e-01,-7.455666363239288330e-02,-8.801665157079696655e-02,-2.246507555246353149e-01,-2.622673213481903076e-01,1.111089661717414856e-01,2.436682730913162231e-01,1.593054383993148804e-01,-8.804987184703350067e-03,-9.935005009174346924e-02
