5.732480287551879883e-01,1.507145166397094727e-02,-1.640509366989135742e-01,1.874540150165557861e-01,2.011664360761642456e-01,-8.165552280843257904e-03,-2.098243869841098785e-02,5.110989809036254883e-01,3.306927159428596497e-02,2.296673692762851715e-02,-5.004127323627471924e-02,-6.445212662220001221e-02,2.709319293498992920e-01,6.195316314697265625e-01,3.498645722866058350e-01,1.152214333415031433e-01,-1.441927254199981689e-02,1.406074017286300659e-01,1.640391796827316284e-01,6.183767318725585938e-02,-2.983604371547698975e-01,9.842639416456222534e-02,2.126347571611404419e-01,-1.877273768186569214e-01,-6.437603384256362915e-03,-1.881936639547348022e-01,-1.098253875970840454e-01,-1.843931525945663452e-01,-3.330639749765396118e-02,-3.170988261699676514e-01,-1.160790100693702698e-01,-1.330551654100418091e-01,1.215513497591018677e-01,3.811372816562652588e-02,-2.630619145929813385e-02,-2.568545043468475342e-01,-4.916252102702856064e-03,1.793244294822216034e-02,-2.441073954105377197e-01,-4.659174978733062744e-01,9.537487477064132690e-02,1.339298486709594727e-01,4.498473554849624634e-02,3.798633813858032227e-02,4.848707616329193115e-01,-4.142690002918243408e-01,-2.298816889524459839e-01,-9.908284246921539307e-02,-3.994637727737426758e-02,4.848117753863334656e-02,9.357853233814239502e-02,-1.395972073078155518e-02,1.295278072357177734e-01,-2.042011618614196777e-01,2.708572894334793091e-02,-2.265247404575347900e-01,7.500213384628295898e-02,3.299455717206001282e-02,-9.529396146535873413e-02,-7.301631569862365723e-02,-5.035641044378280640e-02,8.956433832645416260e-02,3.090153448283672333e-02,-1.285939365625381470e-01,-8.128378540277481079e-02,3.242392092943191528e-02,1.002578064799308777e-01,2.649533748626708984e-01,-1.763794273138046265e-01,-1.732058823108673096e-02,-2.571065723896026611e-01,-4.190081059932708740e-01,-2.357345819473266602e-02,1.063264682888984680e-01,-9.870845079421997070e-02,-1.873884350061416626e-01,-1.039397716522216797e-02,1.739223003387451172e-01,-3.760692179203033447e-01,-2.598975002765655518e-01,1.002125367522239685e-01,8.541279472410678864e-03,-2.308333069086074829e-01,1.606103777885437012e-02,-1.866782456636428833e-01,-6.152508314698934555e-03,1.252491474151611328e-01,2.710323082283139229e-03,1.105674356222152710e-02,-8.273167535662651062e-03,-1.945692859590053558e-02,-1.290145218372344971e-01,-9.488126635551452637e-02,-4.688636213541030884e-02,1.524636987596750259e-02,-9.033722430467605591e-02,3.388191461563110352e-01,-1.596134505234658718e-03,-1.861542612314224243e-01,2.965617477893829346e-01,2.394559606909751892e-02,8.259407430887222290e-02,-1.168971583247184753e-01,-1.666324213147163391e-02,2.188839018344879150e-03,1.734186708927154541e-01,2.021038904786109924e-02,-6.403313577175140381e-02,-1.518222223967313766e-02,1.634285040199756622e-02,4.036800265312194824e-01,3.264014795422554016e-02,-6.163645535707473755e-02,-3.310142159461975098e-01,2.506847381591796875e-01,-1.261197477579116821e-01,3.223389983177185059e-01,-1.437255591154098511e-01,-4.881327450275421143e-01,2.276789583265781403e-02,-1.254782378673553467e-01,2.864145338535308838e-01,1.356474012136459351e-01,-4.716565832495689392e-03,6.230786815285682678e-02,-1.604275703430175781e-01,-3.168176114559173584e-02,1.908800750970840454e-01
1.507145166397094727e-02,1.991046965122222900e-02,-9.830766171216964722e-02,3.403645381331443787e-02,5.216701701283454895e-02,-1.925536058843135834e-02,-1.353887282311916351e-02,3.353172913193702698e-02,-1.406084164045751095e-03,9.576605632901191711e-03,2.957475930452346802e-02,-1.823547855019569397e-02,7.720073312520980835e-02,-6.875273771584033966e-03,8.457647264003753662e-02,4.956559836864471436e-02,-2.769692102447152138e-03,9.239420294761657715e-02,-9.471939876675605774e-03,-2.604744769632816315e-02,4.262328147888183594e-02,9.242011606693267822e-02,3.369109705090522766e-02,4.262733086943626404e-02,9.914148598909378052e-03,1.069817841053009033e-01,-1.044500395655632019e-01,-5.265900865197181702e-02,8.025906234979629517e-02,-1.438826695084571838e-02,6.713898386806249619e-03,-7.554924488067626953e-02,6.046536937355995178e-02,2.583598345518112183e-02,6.971573922783136368e-03,-7.834966480731964111e-02,-7.863281294703483582e-03,1.415283326059579849e-02,-3.146383166313171387e-02,-7.873025536537170410e-02,8.261667191982269287e-02,-1.509886980056762695e-02,1.039924100041389465e-01,9.108169935643672943e-03,1.350483391433954239e-02,-3.407962247729301453e-02,-7.962661236524581909e-02,-9.490943513810634613e-03,-2.440673857927322388e-02,9.544797241687774658e-03,-5.145675037056207657e-03,-1.126183196902275085e-02,4.354266822338104248e-02,2.631765045225620270e-02,-1.011787727475166321e-02,-8.067256212234497070e-02,4.704369697719812393e-03,7.490366697311401367e-03,-6.683810055255889893e-02,-2.404000982642173767e-02,-1.228971965610980988e-02,1.551725436002016068e-03,3.935952205210924149e-03,-1.585308462381362915e-02,-2.027476951479911804e-02,-1.473175268620252609e-02,4.068451374769210815e-02,1.055335476994514465e-01,-9.353097528219223022e-02,-6.057603284716606140e-03,-5.671735480427742004e-02,-6.363307125866413116e-03,-1.337253209203481674e-02,7.271932065486907959e-02,-3.359164670109748840e-02,-8.529613912105560303e-02,-5.042754113674163818e-03,7.270010560750961304e-02,1.320192357525229454e-03,-6.055716797709465027e-02,6.193848699331283569e-02,2.534172497689723969e-03,-8.386696130037307739e-02,6.967854220420122147e-03,-6.735110282897949219e-02,-1.024630069732666016e-01,4.937365278601646423e-02,8.752660825848579407e-03,5.101686716079711914e-02,-5.717777647078037262e-03,-2.554676868021488190e-02,-1.518990471959114075e-02,-5.447313189506530762e-02,1.045555341988801956e-02,-5.177628248929977417e-02,-1.324461214244365692e-02,7.406730204820632935e-02,-5.624587065540254116e-04,-6.336348503828048706e-02,1.878171600401401520e-02,1.171954534947872162e-02,2.560778148472309113e-02,-6.361767649650573730e-02,-6.702315062284469604e-03,8.688188344240188599e-02,-2.342073246836662292e-03,-2.382379956543445587e-02,-5.493406951427459717e-02,-2.669757977128028870e-02,-1.335334312170743942e-02,1.493648346513509750e-02,5.855858791619539261e-03,-4.640400037169456482e-02,-2.840681700035929680e-03,1.131783276796340942e-01,-9.900167584419250488e-02,6.415390968322753906e-02,1.813315972685813904e-02,-6.136963889002799988e-02,1.601247303187847137e-02,6.059688702225685120e-02,7.009137421846389771e-02,6.256558746099472046e-02,-2.955348603427410126e-02,-7.273130118846893311e-02,-4.245989397168159485e-02,-4.516052547842264175e-03,3.357362374663352966e-02
-1.640509366989135742e-01,-9.830766171216964722e-02,7.395831346511840820e-01,-3.679346144199371338e-01,-2.308647483587265015e-01,3.749760240316390991e-02,2.799692191183567047e-02,-2.846638858318328857e-01,5.430978164076805115e-02,-9.491056203842163086e-02,-2.140461653470993042e-01,1.729931384325027466e-01,-4.801723659038543701e-01,-8.641668409109115601e-02,-5.530301928520202637e-01,-3.148076534271240234e-01,-1.881376281380653381e-02,-6.143695116043090820e-01,7.901144027709960938e-02,2.127190083265304565e-01,-3.101564943790435791e-01,-6.656351685523986816e-01,-4.401878118515014648e-01,-7.647041231393814087e-03,-7.105784118175506592e-02,-6.402738690376281738e-01,6.909499764442443848e-01,1.882994621992111206e-01,-6.418608427047729492e-01,2.289559543132781982e-01,-5.578486621379852295e-02,6.238607168197631836e-01,-4.785942435264587402e-01,-2.962757050991058350e-01,-2.197070419788360596e-02,6.145067214965820312e-01,4.240069165825843811e-02,-1.075367704033851624e-01,3.247109651565551758e-01,6.236695647239685059e-01,-5.871790051460266113e-01,7.830423116683959961e-02,-6.474668979644775391e-01,-7.787699252367019653e-02,-2.582137584686279297e-01,4.938637614250183105e-01,5.888845324516296387e-01,9.438905864953994751e-02,1.395290642976760864e-01,9.302767366170883179e-02,-2.953511290252208710e-02,8.776465058326721191e-02,-2.803170979022979736e-01,-4.217102006077766418e-02,-1.359597407281398773e-02,6.158387064933776855e-01,-8.767601847648620605e-02,-6.591048091650009155e-02,3.905884027481079102e-01,2.333490699529647827e-01,1.902437210083007812e-01,-1.253120601177215576e-01,-4.166567325592041016e-02,-2.213026769459247589e-02,1.082030758261680603e-01,1.055211424827575684e-01,-2.443765550851821899e-01,-7.093442082405090332e-01,6.879523396492004395e-01,1.326866000890731812e-01,5.383073091506958008e-01,2.227509021759033203e-01,1.187102273106575012e-01,-6.001987457275390625e-01,2.467784136533737183e-01,5.448870658874511719e-01,3.026568517088890076e-02,-6.991800665855407715e-01,1.354134678840637207e-01,5.468646883964538574e-01,-6.287124156951904297e-01,-2.505476959049701691e-02,4.994819462299346924e-01,-4.198985174298286438e-02,5.721477866172790527e-01,5.444095730781555176e-01,-3.299851715564727783e-01,-6.014785915613174438e-02,-2.988724112510681152e-01,-7.348580285906791687e-03,1.693381667137145996e-01,1.688552200794219971e-01,5.146135091781616211e-01,-8.091223239898681641e-02,4.075379371643066406e-01,9.860256314277648926e-02,-5.012369155883789062e-01,5.047051236033439636e-03,4.675059914588928223e-01,-2.778539955615997314e-01,-3.818904235959053040e-02,-2.666734755039215088e-01,5.565987229347229004e-01,4.820196330547332764e-02,-7.072989940643310547e-01,-1.856600344181060791e-01,3.379656970500946045e-01,4.202779233455657959e-01,1.226575225591659546e-01,1.056037917733192444e-01,-3.290973603725433350e-01,1.766041517257690430e-01,4.012674093246459961e-01,-1.525497734546661377e-01,-7.411366701126098633e-01,6.462228894233703613e-01,-4.160995185375213623e-01,-2.811336517333984375e-01,6.200823783874511719e-01,-1.409883797168731689e-01,-5.785778760910034180e-01,-5.981241464614868164e-01,-5.008043050765991211e-01,1.647107750177383423e-01,5.954262614250183105e-01,4.398154914379119873e-01,-1.747385598719120026e-02,-3.423945605754852295e-01
1.874540150165557861e-01,3.403645381331443787e-02,-3.679346144199371338e-01,4.294534623622894287e-01,7.187033444643020630e-02,6.834299862384796143e-02,-3.497363254427909851e-02,3.096957504749298096e-01,-5.436532944440841675e-02,5.501481145620346069e-02,-3.297209739685058594e-03,-1.128891110420227051e-01,3.179504573345184326e-01,1.256768256425857544e-01,2.980143129825592041e-01,1.173899918794631958e-01,1.423684321343898773e-02,4.187143445014953613e-01,-5.477666854858398438e-02,1.472376473248004913e-02,-5.415787175297737122e-02,3.813894391059875488e-01,2.679939866065979004e-01,-2.392117232084274292e-01,7.417112588882446289e-02,2.508992254734039307e-01,-3.140541613101959229e-01,6.006684526801109314e-02,2.720188796520233154e-01,-5.892110988497734070e-02,-5.795742617920041084e-04,-4.262117445468902588e-01,4.149660766124725342e-01,3.815257921814918518e-02,2.104333043098449707e-02,-3.891375064849853516e-01,3.139925422146916389e-03,5.763612687587738037e-02,-1.258191168308258057e-01,-5.467975735664367676e-01,2.827125787734985352e-01,3.483392763882875443e-03,2.553981840610504150e-01,4.067071899771690369e-02,2.326853126287460327e-01,-2.269619256258010864e-01,-2.096174955368041992e-01,-1.098932474851608276e-01,-7.240378111600875854e-02,-8.463767357170581818e-03,1.472378266043961048e-03,2.293606474995613098e-02,3.259859681129455566e-01,-1.661313325166702271e-01,1.348747462034225464e-01,-3.572527468204498291e-01,2.691547200083732605e-02,2.859531529247760773e-02,-7.381531596183776855e-02,-1.716479063034057617e-01,-2.935431003570556641e-01,1.733674854040145874e-01,3.221255540847778320e-02,-2.151452377438545227e-02,-1.017560288310050964e-01,-6.647139042615890503e-02,9.088010340929031372e-02,3.894264400005340576e-01,-3.353735208511352539e-01,-2.481424957513809204e-01,-3.857250213623046875e-01,-1.875365339219570160e-02,-1.150274351239204407e-01,3.109130561351776123e-01,-1.505600810050964355e-01,-3.241477012634277344e-01,5.474397446960210800e-03,3.270225524902343750e-01,-3.642993271350860596e-01,-4.315636456012725830e-01,5.292888879776000977e-01,1.479192916303873062e-02,-1.178356558084487915e-01,3.796931728720664978e-02,-4.234854280948638916e-01,-6.667783856391906738e-02,-8.058601617813110352e-02,2.546032518148422241e-02,4.297748208045959473e-02,9.250902570784091949e-03,-4.882234334945678711e-02,-1.801586449146270752e-01,-4.193392693996429443e-01,7.482738792896270752e-02,-2.762512564659118652e-01,-1.478986591100692749e-01,2.012683004140853882e-01,-3.096104366704821587e-03,-2.068679183721542358e-01,3.029410243034362793e-01,6.232377141714096069e-02,1.037601009011268616e-01,-3.765497803688049316e-01,-2.937621995806694031e-02,4.766759574413299561e-01,2.867867946624755859e-01,-4.158187210559844971e-01,-2.526793777942657471e-01,9.508185088634490967e-02,-4.485915601253509521e-02,4.245645105838775635e-01,-1.544356197118759155e-01,-2.477598041296005249e-01,1.606003791093826294e-01,4.051423966884613037e-01,-3.152900040149688721e-01,1.776902377605438232e-01,1.516188383102416992e-01,-4.164984226226806641e-01,1.303354054689407349e-01,2.086313515901565552e-01,3.025916218757629395e-01,2.726643681526184082e-01,-1.343141216784715652e-02,-2.691921889781951904e-01,-2.661345601081848145e-01,9.143274277448654175e-03,2.662227451801300049e-01
2.011664360761642456e-01,5.216701701283454895e-02,-2.308647483587265015e-01,7.187033444643020630e-02,2.525421679019927979e-01,-3.550490736961364746e-02,-2.164603769779205322e-02,2.233686447143554688e-01,-2.784979296848177910e-04,1.592771708965301514e-02,4.203459620475769043e-02,-3.569114208221435547e-02,2.091814875602722168e-01,1.499308943748474121e-01,2.917666435241699219e-01,1.480404585599899292e-01,-2.744956687092781067e-02,1.969341188669204712e-01,3.991218656301498413e-02,-4.658746346831321716e-02,2.114191092550754547e-02,1.975323706865310669e-01,5.398149415850639343e-02,1.589853763580322266e-01,3.248584980610758066e-04,1.315796971321105957e-01,-2.390444129705429077e-01,-2.594110667705535889e-01,1.551836580038070679e-01,-1.737624704837799072e-01,-2.730574086308479309e-02,-1.011838540434837341e-01,1.010376960039138794e-01,3.089949302375316620e-02,1.074363291263580322e-02,-1.779351383447647095e-01,-2.675441838800907135e-02,2.926478348672389984e-02,-1.677297800779342651e-01,-2.636398971080780029e-01,1.927868127822875977e-01,1.725638099014759064e-02,2.445151954889297485e-01,3.001435846090316772e-02,1.441240757703781128e-01,-1.363701224327087402e-01,-2.729743719100952148e-01,-4.762348532676696777e-02,-6.209036335349082947e-02,9.250375628471374512e-02,2.022559940814971924e-02,-5.027724429965019226e-02,9.512074291706085205e-02,3.380618616938591003e-02,-6.053619459271430969e-02,-2.092663943767547607e-01,2.310092747211456299e-02,2.298094891011714935e-02,-2.152271866798400879e-01,-4.045243933796882629e-02,3.093948215246200562e-02,-2.011581696569919586e-02,1.290755905210971832e-02,-8.802011609077453613e-02,-6.248667836189270020e-02,-2.589968731626868248e-03,1.390195190906524658e-01,2.906603515148162842e-01,-1.862291395664215088e-01,6.737343221902847290e-02,-1.537657976150512695e-01,-1.592928767204284668e-01,2.216174826025962830e-02,1.340515464544296265e-01,-8.966874331235885620e-02,-2.887825667858123779e-01,-1.964519545435905457e-02,1.395838260650634766e-01,-5.872627347707748413e-02,-1.410441696643829346e-01,6.512729823589324951e-02,4.619000013917684555e-03,-3.252114355564117432e-01,1.603371277451515198e-02,-1.627552211284637451e-01,-2.797618806362152100e-01,2.341313809156417847e-01,1.629415713250637054e-02,1.221145838499069214e-01,-2.990619651973247528e-02,-8.632950484752655029e-02,-3.685276210308074951e-02,-3.428442776203155518e-02,-4.646733775734901428e-02,-5.938856676220893860e-02,-4.398647323250770569e-02,3.316901624202728271e-01,-1.188216032460331917e-03,-1.665698587894439697e-01,9.523443877696990967e-02,2.832613699138164520e-02,7.176509499549865723e-02,-8.412018418312072754e-02,-1.956698112189769745e-02,9.898313134908676147e-02,1.896988786756992340e-02,5.220485106110572815e-02,-1.071581840515136719e-01,-1.348434090614318848e-01,-1.055712997913360596e-02,-5.359930801205337048e-04,9.078050404787063599e-02,-5.104745924472808838e-02,-2.042376995086669922e-01,3.249023556709289551e-01,-2.500514090061187744e-01,2.665623426437377930e-01,-7.116509974002838135e-02,-2.189098000526428223e-01,1.440283935517072678e-02,4.760291427373886108e-02,1.933800280094146729e-01,1.266492605209350586e-01,-7.518015801906585693e-02,-6.753944605588912964e-02,-9.086336940526962280e-02,-3.844230994582176208e-02,1.159710958600044250e-01
-8.165552280843257904e-03,-1.925536058843135834e-02,3.749760240316390991e-02,6.834299862384796143e-02,-3.550490736961364746e-02,2.201450914144515991e-01,7.612494751811027527e-03,5.943207070231437683e-02,-9.097001701593399048e-02,-2.524989284574985504e-02,-4.277890175580978394e-02,1.576650142669677734e-02,-7.831083983182907104e-02,-1.922360504977405071e-03,-7.010418921709060669e-02,-6.160491704940795898e-02,-1.309316139668226242e-02,-7.043754309415817261e-02,-1.048858743160963058e-02,1.016909163445234299e-02,6.785974372178316116e-03,-3.959643468260765076e-02,2.111512050032615662e-02,-3.820802271366119385e-02,-8.327592164278030396e-03,-1.777419447898864746e-01,8.724716305732727051e-02,3.536060079932212830e-02,1.550088729709386826e-02,-5.907191336154937744e-02,3.305396810173988342e-02,9.911964833736419678e-02,-5.125043541193008423e-02,-1.415290776640176773e-02,-7.992345839738845825e-03,6.873250752687454224e-02,1.562296412885189056e-02,-1.671107299625873566e-02,3.144196420907974243e-02,-1.150921173393726349e-02,-1.311386078596115112e-01,3.794700140133500099e-03,-1.393283344805240631e-02,-4.072408191859722137e-04,3.764862567186355591e-02,1.038989126682281494e-01,7.288698107004165649e-02,-2.120584994554519653e-02,-2.229969389736652374e-02,1.300827367231249809e-03,1.040954291820526123e-01,-4.589239880442619324e-02,1.499470230191946030e-02,-1.448302268981933594e-01,-8.876177482306957245e-03,1.834709383547306061e-02,-6.446146871894598007e-03,-7.051472086459398270e-03,9.524584561586380005e-02,2.082623541355133057e-02,6.742516066879034042e-03,-7.476733997464179993e-03,-2.447023522108793259e-03,-8.591483533382415771e-02,-8.768578991293907166e-03,2.944595925509929657e-02,-2.480978332459926605e-02,-7.328987121582031250e-02,1.217388063669204712e-01,-4.750024061650037766e-03,2.561557292938232422e-02,-6.579017639160156250e-02,4.954798892140388489e-02,-1.003010943531990051e-01,4.711152985692024231e-02,1.668543927371501923e-02,1.446370780467987061e-02,-9.713590890169143677e-02,-4.417169466614723206e-02,1.481443550437688828e-02,-2.616200363263487816e-03,-2.552278339862823486e-03,5.010369420051574707e-02,-9.500684216618537903e-03,4.456030949950218201e-02,1.885756403207778931e-01,-4.038637503981590271e-02,-7.889222353696823120e-03,-1.593252420425415039e-01,2.076708944514393806e-03,1.797731593251228333e-02,9.113039821386337280e-03,5.616045743227005005e-02,-2.169770374894142151e-02,5.406542122364044189e-02,-8.224147558212280273e-02,-1.700570061802864075e-02,5.468242452479898930e-04,4.067845270037651062e-02,-5.984925664961338043e-03,-2.633189409971237183e-02,-8.470426499843597412e-02,9.170181304216384888e-02,4.442272707819938660e-03,-8.146796375513076782e-02,1.532884836196899414e-01,-1.581279933452606201e-02,3.169438615441322327e-02,1.408207714557647705e-01,2.432287856936454773e-02,-5.075274035334587097e-02,-4.910929128527641296e-02,4.133028909564018250e-02,4.483399540185928345e-02,-2.654122002422809601e-02,1.088606193661689758e-01,-8.432270959019660950e-03,3.768842667341232300e-03,7.151100784540176392e-02,-1.261239405721426010e-02,-5.896811187267303467e-02,-1.073323115706443787e-01,-6.341211497783660889e-02,7.090615481138229370e-02,3.294751420617103577e-02,7.088021188974380493e-02,2.792851999402046204e-03,6.193503364920616150e-02
-2.098243869841098785e-02,-1.353887282311916351e-02,2.799692191183567047e-02,-3.497363254427909851e-02,-2.164603769779205322e-02,7.612494751811027527e-03,6.146272271871566772e-02,-5.918497592210769653e-02,4.418860655277967453e-03,7.146647199988365173e-03,-1.478524412959814072e-02,1.093679293990135193e-02,-9.340397268533706665e-02,-1.359309419058263302e-03,-5.333810299634933472e-02,-2.955487929284572601e-02,8.527716621756553650e-03,-7.559310644865036011e-02,-2.666673390194773674e-03,-1.173800975084304810e-02,-1.894749142229557037e-02,-4.837068170309066772e-02,-2.436145022511482239e-02,-9.450698271393775940e-03,-1.390294078737497330e-02,-4.302362352609634399e-02,5.386839807033538818e-02,3.942139074206352234e-02,-2.147137001156806946e-02,-3.990641608834266663e-02,8.356585167348384857e-03,3.493282571434974670e-02,-2.116886526346206665e-02,-1.453231833875179291e-02,-3.663371782749891281e-03,6.497424095869064331e-02,-2.874226775020360947e-04,-8.119150996208190918e-03,-2.032952383160591125e-02,4.424306750297546387e-02,-8.575194515287876129e-03,2.525450661778450012e-02,-7.055368274450302124e-02,-2.624330343678593636e-03,-3.774792701005935669e-02,-3.699326142668724060e-02,1.537225209176540375e-02,6.825657328590750694e-04,3.939602524042129517e-02,2.143409103155136108e-03,-1.293796487152576447e-02,1.602983684279024601e-03,-5.986720323562622070e-02,3.065383061766624451e-02,1.794653199613094330e-02,5.768211930990219116e-02,-1.137271896004676819e-02,-5.057480186223983765e-03,-6.494562607258558273e-03,8.644727990031242371e-03,7.131512393243610859e-04,1.010369695723056793e-02,1.241626596311107278e-04,1.122210472822189331e-01,3.283590450882911682e-02,1.157208345830440521e-02,-1.889231055974960327e-02,-3.631237521767616272e-02,5.660638585686683655e-02,4.945685714483261108e-02,1.563430204987525940e-02,-1.784818619489669800e-02,3.143784031271934509e-02,-2.575852721929550171e-02,8.655812591314315796e-03,-8.739370852708816528e-03,-2.237731125205755234e-03,1.826444640755653381e-02,-8.154495153576135635e-04,5.820564180612564087e-02,-1.135997194796800613e-02,-9.840495185926556587e-04,1.912094838917255402e-02,-8.449262008070945740e-03,-5.016120849177241325e-04,2.133148349821567535e-02,4.753641784191131592e-02,-6.984991021454334259e-03,3.331322222948074341e-03,6.636145524680614471e-03,-9.308151900768280029e-03,3.259377321228384972e-03,2.401851862668991089e-02,-9.459970518946647644e-03,2.282367087900638580e-02,2.439096383750438690e-02,2.491863211616873741e-03,1.063464951585046947e-04,4.020076617598533630e-02,-2.738771261647343636e-03,-1.290329080075025558e-02,4.271474853157997131e-02,3.147154673933982849e-02,3.845292143523693085e-03,-1.862122118473052979e-02,2.790419757366180420e-02,-1.142908446490764618e-02,4.758446663618087769e-02,-8.037497103214263916e-02,2.577875740826129913e-03,-3.874223679304122925e-02,-4.957814514636993408e-02,4.873422905802726746e-02,1.169005315750837326e-02,-7.012797892093658447e-02,3.635231032967567444e-02,-4.162923991680145264e-02,-1.346738426946103573e-03,-1.363097038120031357e-02,-1.022181753069162369e-02,2.975376695394515991e-02,-1.046424615196883678e-03,-2.703393623232841492e-02,-1.221082173287868500e-02,4.952439293265342712e-02,-1.593310013413429260e-02,7.314850110560655594e-03,-9.626437909901142120e-03
5.110989809036254883e-01,3.353172913193702698e-02,-2.846638858318328857e-01,3.096957504749298096e-01,2.233686447143554688e-01,5.943207070231437683e-02,-5.918497592210769653e-02,6.012507677078247070e-01,-2.910599857568740845e-02,2.326058223843574524e-02,-2.630827475513797253e-05,-9.869475662708282471e-02,3.771276175975799561e-01,5.093798041343688965e-01,4.290142655372619629e-01,1.629792898893356323e-01,-2.074414491653442383e-02,2.759240269660949707e-01,1.097803413867950439e-01,4.899907857179641724e-02,-1.495916098356246948e-01,2.738083004951477051e-01,2.735286951065063477e-01,-2.036013901233673096e-01,1.914519630372524261e-02,-4.932430759072303772e-02,-2.427999228239059448e-01,-1.597512513399124146e-01,1.533022522926330566e-01,-2.764937281608581543e-01,-9.439909458160400391e-02,-2.261737883090972900e-01,1.993109583854675293e-01,7.493796944618225098e-02,-1.633820496499538422e-02,-3.774421215057373047e-01,-1.065569743514060974e-02,4.320575296878814697e-02,-2.734239101409912109e-01,-5.685763359069824219e-01,1.632483899593353271e-01,7.758691906929016113e-02,1.874829977750778198e-01,4.995470866560935974e-02,5.237126350402832031e-01,-3.742492198944091797e-01,-3.151295781135559082e-01,-1.066416949033737183e-01,-8.995090425014495850e-02,7.347735576331615448e-03,1.193921118974685669e-01,-2.827891707420349121e-02,2.331601828336715698e-01,-2.538174688816070557e-01,4.822202958166599274e-03,-3.594078123569488525e-01,8.860719949007034302e-02,4.510274156928062439e-02,-7.422108948230743408e-02,-1.094317138195037842e-01,-1.194377467036247253e-01,1.017439812421798706e-01,3.239007294178009033e-02,-2.606510221958160400e-01,-1.136871650815010071e-01,5.819433834403753281e-03,1.279473900794982910e-01,3.446489572525024414e-01,-2.819975614547729492e-01,-1.362226009368896484e-01,-3.546852171421051025e-01,-4.025867581367492676e-01,-5.012705922126770020e-02,2.236039787530899048e-01,-1.135312765836715698e-01,-2.474517077207565308e-01,-6.605796050280332565e-03,2.333975881338119507e-01,-3.820077776908874512e-01,-3.989702761173248291e-01,2.363286465406417847e-01,1.231866609305143356e-02,-2.850085794925689697e-01,2.993075177073478699e-02,-2.688937485218048096e-01,-7.965382188558578491e-02,8.186043053865432739e-02,1.715149916708469391e-02,1.616281457245349884e-02,-4.538163077086210251e-03,-4.380814358592033386e-02,-1.363782435655593872e-01,-1.739422678947448730e-01,-6.024212390184402466e-02,-8.120211958885192871e-02,-1.478889733552932739e-01,3.707003295421600342e-01,-2.325213979929685593e-03,-2.677278220653533936e-01,3.291915357112884521e-01,3.397306054830551147e-02,8.113040775060653687e-02,-2.230098843574523926e-01,-3.008139133453369141e-02,1.670003980398178101e-01,2.181883305311203003e-01,-5.236524343490600586e-02,-1.785409003496170044e-01,8.126658946275711060e-02,2.793062012642621994e-03,4.000026881694793701e-01,3.021076507866382599e-02,-1.503480225801467896e-01,-2.053303122520446777e-01,4.128011167049407959e-01,-2.503125369548797607e-01,3.681274652481079102e-01,-5.800582095980644226e-02,-4.967990517616271973e-01,5.473503097891807556e-02,-4.415353760123252869e-02,3.209583461284637451e-01,1.860029399394989014e-01,4.445564746856689453e-02,-9.318648278713226318e-02,-1.921325623989105225e-01,-2.980070374906063080e-02,2.539947330951690674e-01
3.306927159428596497e-02,-1.406084164045751095e-03,5.430978164076805115e-02,-5.436532944440841675e-02,-2.784979296848177910e-04,-9.097001701593399048e-02,4.418860655277967453e-03,-2.910599857568740845e-02,5.578181520104408264e-02,5.734289065003395081e-03,-1.433672290295362473e-02,7.122871931642293930e-03,-1.824210863560438156e-03,4.769349098205566406e-02,-5.414315033704042435e-03,-1.930435420945286751e-03,5.085738375782966614e-03,-2.994480356574058533e-02,2.682396583259105682e-02,2.468046732246875763e-02,-8.485365658998489380e-02,-5.429451540112495422e-02,-3.844535723328590393e-02,-5.879903677850961685e-03,-3.586599603295326233e-03,-1.463316939771175385e-02,3.514514490962028503e-02,1.630657236091792583e-03,-9.589540958404541016e-02,2.419878356158733368e-02,-2.743473649024963379e-02,3.918307367712259293e-03,-5.009129643440246582e-03,-2.791698649525642395e-02,3.958004817832261324e-04,2.174357324838638306e-02,-1.389871235005557537e-03,-4.668287467211484909e-03,9.131104685366153717e-03,3.590332344174385071e-02,5.629239603877067566e-03,2.396937645971775055e-02,-7.447773963212966919e-02,-5.798355210572481155e-03,-1.779945939779281616e-02,-3.159710019826889038e-02,2.695890516042709351e-02,7.979054003953933716e-03,2.713593840599060059e-02,2.025554515421390533e-02,-4.936140030622482300e-02,3.182623162865638733e-02,-2.606837078928947449e-02,4.834176227450370789e-02,1.967893913388252258e-02,4.711485281586647034e-02,-7.925593294203281403e-03,-3.185715293511748314e-03,-1.405324880033731461e-02,6.639345549046993256e-03,4.280250053852796555e-03,6.342343986034393311e-03,1.918077177833765745e-04,5.432405322790145874e-02,9.348385035991668701e-03,9.564505890011787415e-04,-8.376942016184329987e-03,-2.034244127571582794e-02,1.344290282577276230e-02,2.060106396675109863e-02,2.439041435718536377e-02,2.805435284972190857e-02,-1.275495253503322601e-02,-1.429715566337108612e-02,-6.695083342492580414e-03,2.895903214812278748e-02,-3.658494679257273674e-03,-1.683683879673480988e-02,-7.993470877408981323e-03,3.957895934581756592e-02,-5.567903444170951843e-02,-7.837727316655218601e-04,2.215356566011905670e-02,2.682136546354740858e-04,1.956994831562042236e-02,-1.248059794306755066e-02,-7.493035867810249329e-03,-3.968607634305953979e-03,4.271397739648818970e-02,-2.445141784846782684e-03,9.062279015779495239e-03,-3.325826022773981094e-03,1.080932188779115677e-02,1.038339268416166306e-02,1.875777356326580048e-02,3.906342014670372009e-02,-1.917432807385921478e-02,1.287300547119230032e-04,1.826246082782745361e-02,-1.951866666786372662e-03,1.224901434034109116e-02,2.358004450798034668e-02,6.431174930185079575e-03,2.692803973332047462e-03,-4.629002511501312256e-02,-6.298062205314636230e-02,2.626032195985317230e-02,3.328761830925941467e-02,-6.268508732318878174e-02,4.278683627489954233e-04,3.542873635888099670e-02,2.632729336619377136e-02,1.961543038487434387e-02,-6.048168241977691650e-02,-6.781202554702758789e-02,1.722751371562480927e-02,-2.495810575783252716e-02,-4.215636476874351501e-02,-1.221367157995700836e-02,-4.567492753267288208e-03,-4.542519152164459229e-02,1.154670491814613342e-02,-1.021757908165454865e-02,-2.353413961827754974e-02,6.309732049703598022e-02,-8.100453764200210571e-03,-4.024648107588291168e-03,-4.641802981495857239e-02
2.296673692762851715e-02,9.576605632901191711e-03,-9.491056203842163086e-02,5.501481145620346069e-02,1.592771708965301514e-02,-2.524989284574985504e-02,7.146647199988365173e-03,2.326058223843574524e-02,5.734289065003395081e-03,1.930014789104461670e-02,1.810131408274173737e-02,-2.515817247331142426e-02,5.837396532297134399e-02,1.758649013936519623e-02,6.556955724954605103e-02,3.461398184299468994e-02,8.447624742984771729e-03,8.436012268066406250e-02,-1.268011797219514847e-02,-1.817667670547962189e-02,9.731302969157695770e-03,8.439351618289947510e-02,5.642640590667724609e-02,-2.857420220971107483e-02,1.233681011945009232e-02,9.767827391624450684e-02,-8.561161160469055176e-02,6.883167661726474762e-03,6.934531778097152710e-02,-1.813044212758541107e-02,2.944924170151352882e-03,-1.066002845764160156e-01,8.725605159997940063e-02,2.688595466315746307e-02,4.278840031474828720e-03,-8.360952883958816528e-02,-4.159425385296344757e-03,1.427374593913555145e-02,-4.008863866329193115e-02,-9.420730173587799072e-02,8.910413086414337158e-02,-8.086226880550384521e-04,5.915844812989234924e-02,9.089845232665538788e-03,2.534106932580471039e-02,-8.875822275876998901e-02,-6.552130728960037231e-02,-1.476914621889591217e-02,-4.927029833197593689e-03,-1.141998730599880219e-02,-1.890044473111629486e-02,4.129303619265556335e-03,4.015382006764411926e-02,1.355683337897062302e-02,2.584216557443141937e-02,-7.122854888439178467e-02,6.321992725133895874e-03,7.275525480508804321e-03,-4.805459082126617432e-02,-3.810582682490348816e-02,-5.139827728271484375e-02,3.469830378890037537e-02,7.040328811854124069e-03,4.595950990915298462e-02,-9.529044851660728455e-03,-1.785219088196754456e-02,2.440982125699520111e-02,9.758522361516952515e-02,-9.425398707389831543e-02,-2.768308483064174652e-02,-8.072549104690551758e-02,-7.851220667362213135e-03,-2.477839589118957520e-02,8.721674978733062744e-02,-3.923612087965011597e-02,-7.515934109687805176e-02,-3.623264608904719353e-03,1.123108491301536560e-01,-4.296936839818954468e-02,-7.564605772495269775e-02,1.110495254397392273e-01,3.715940052643418312e-03,-4.205890372395515442e-02,6.371533032506704330e-03,-9.481602162122726440e-02,-6.417768448591232300e-02,2.471231296658515930e-02,6.601990200579166412e-03,4.958456382155418396e-02,3.639567410573363304e-03,-2.000947110354900360e-02,-3.447661548852920532e-02,-9.395300596952438354e-02,2.171956375241279602e-02,-6.457533687353134155e-02,-4.457183182239532471e-03,5.321817845106124878e-02,-7.742490852251648903e-04,-5.218352004885673523e-02,5.139728635549545288e-02,1.033489312976598740e-02,5.282573774456977844e-02,-9.204734116792678833e-02,-5.844291765242815018e-03,1.202751547098159790e-01,3.013158775866031647e-02,-8.091019093990325928e-02,-5.091695860028266907e-02,-3.346728160977363586e-02,-1.679424010217189789e-02,7.968604564666748047e-02,-4.220004007220268250e-02,-5.426476895809173584e-02,3.478052094578742981e-02,8.372439444065093994e-02,-8.724568039178848267e-02,3.313398733735084534e-02,4.193843528628349304e-02,-1.080832555890083313e-01,2.587728947401046753e-02,8.540581911802291870e-02,9.204831719398498535e-02,7.151174545288085938e-02,-2.854054607450962067e-02,-7.178175449371337891e-02,-7.824663817882537842e-02,5.423414055258035660e-03,4.085085913538932800e-02
-5.004127323627471924e-02,2.957475930452346802e-02,-2.140461653470993042e-01,-3.297209739685058594e-03,4.203459620475769043e-02,-4.277890175580978394e-02,-1.478524412959814072e-02,-2.630827475513797253e-05,-1.433672290295362473e-02,1.810131408274173737e-02,1.317893117666244507e-01,-4.107519984245300293e-02,1.039111316204071045e-01,-5.482572317123413086e-02,1.253595948219299316e-01,9.847057610750198364e-02,5.324186757206916809e-03,1.293984502553939819e-01,-2.994758635759353638e-02,-1.079434379935264587e-01,2.386022955179214478e-01,1.896287202835083008e-01,1.113813221454620361e-01,7.680399715900421143e-02,7.270793430507183075e-03,2.607170343399047852e-01,-2.223556339740753174e-01,-7.145000994205474854e-02,2.439040243625640869e-01,-3.829528763890266418e-02,3.379434719681739807e-02,-1.412289589643478394e-01,4.068334400653839111e-02,1.504743248224258423e-01,-5.111689679324626923e-04,-1.549906730651855469e-01,-2.165644802153110504e-02,3.092796728014945984e-02,-8.965057879686355591e-02,-6.574241071939468384e-02,1.453740894794464111e-01,-6.496863812208175659e-02,2.203855514526367188e-01,1.841254532337188721e-02,2.991004474461078644e-02,-1.399941593408584595e-01,-1.885571628808975220e-01,1.775125414133071899e-02,-4.282396286725997925e-02,-8.856509625911712646e-02,1.749061793088912964e-02,-5.313481390476226807e-02,-2.610138151794672012e-03,8.159181475639343262e-02,-6.441020965576171875e-02,-1.540735065937042236e-01,3.915121406316757202e-02,2.158214524388313293e-02,-1.087527200579643250e-01,-3.881258144974708557e-02,2.393498457968235016e-02,-1.496281847357749939e-02,3.234018804505467415e-03,-2.679130807518959045e-02,-6.906101014465093613e-03,-2.950251288712024689e-02,6.453435868024826050e-02,1.622399538755416870e-01,-2.207833379507064819e-01,-8.135926909744739532e-03,-8.981341123580932617e-02,-9.325888752937316895e-02,-2.446574531495571136e-02,1.838091313838958740e-01,-3.820756822824478149e-02,-7.086647301912307739e-02,-1.398761570453643799e-02,2.244314700365066528e-01,1.235110163688659668e-01,-1.012694686651229858e-01,1.114380583167076111e-01,6.273889914155006409e-03,-1.601349413394927979e-01,5.186814814805984497e-03,-7.454156875610351562e-02,-2.427050173282623291e-01,1.430620849132537842e-01,2.060983330011367798e-02,1.215525045990943909e-01,7.154786959290504456e-03,-4.969267174601554871e-02,1.016541384160518646e-02,-7.818844169378280640e-02,3.770815208554267883e-03,-8.958370983600616455e-02,1.597739756107330322e-02,1.069993749260902405e-01,-1.078558503650128841e-03,-1.414985656738281250e-01,-1.531331520527601242e-02,-1.391281839460134506e-02,7.194387167692184448e-02,-1.300203800201416016e-01,-1.147558633238077164e-02,1.996380239725112915e-01,-5.701348558068275452e-02,1.271702442318201065e-02,-1.136018037796020508e-01,-4.398542270064353943e-02,-3.410657122731208801e-02,-1.201401185244321823e-02,-1.858235523104667664e-02,-1.085736081004142761e-01,7.155188918113708496e-02,2.104408591985702515e-01,-1.870309412479400635e-01,9.583127498626708984e-02,1.085679754614830017e-01,-1.141942888498306274e-01,1.423132140189409256e-02,2.134073078632354736e-01,1.459923833608627319e-01,1.154055967926979065e-01,-3.975427895784378052e-02,-2.251285910606384277e-01,-8.897785097360610962e-02,1.176877878606319427e-02,3.383453562855720520e-02
-6.445212662220001221e-02,-1.823547855019569397e-02,1.729931384325027466e-01,-1.128891110420227051e-01,-3.569114208221435547e-02,1.576650142669677734e-02,1.093679293990135193e-02,-9.869475662708282471e-02,7.122871931642293930e-03,-2.515817247331142426e-02,-4.107519984245300293e-02,4.963393136858940125e-02,-1.316134631633758545e-01,-5.686460062861442566e-02,-1.387859433889389038e-01,-6.946761906147003174e-02,-9.117332287132740021e-03,-1.552655249834060669e-01,1.264561526477336884e-02,2.690791524946689606e-02,-4.174041002988815308e-02,-1.631759703159332275e-01,-1.226066499948501587e-01,6.297731399536132812e-02,-2.157632634043693542e-02,-1.462781727313995361e-01,1.599730700254440308e-01,4.129393026232719421e-03,-1.421788185834884644e-01,4.017688706517219543e-02,9.895210678223520517e-05,1.758139282464981079e-01,-1.322240084409713745e-01,-6.625177711248397827e-02,-2.414054935798048973e-03,1.707718521356582642e-01,7.551869377493858337e-03,-2.715962380170822144e-02,7.913061231374740601e-02,1.851574778556823730e-01,-1.318595409393310547e-01,9.753626771271228790e-03,-1.259247660636901855e-01,-1.837805286049842834e-02,-9.928071498870849609e-02,1.530009806156158447e-01,1.295013278722763062e-01,2.482540346682071686e-02,2.843167446553707123e-02,3.767364472150802612e-02,1.358181820251047611e-03,6.243091076612472534e-03,-8.325213938951492310e-02,1.629086211323738098e-02,-2.249414846301078796e-02,1.517573744058609009e-01,-2.542633563280105591e-02,-1.724162138998508453e-02,5.985445156693458557e-02,6.418821960687637329e-02,7.863593846559524536e-02,-5.235901847481727600e-02,-1.171148475259542465e-02,3.273918759077787399e-03,2.811623737215995789e-02,2.769924513995647430e-02,-4.633941128849983215e-02,-1.670011878013610840e-01,1.746913939714431763e-01,7.142714411020278931e-02,1.481142640113830566e-01,5.942452698945999146e-02,4.615145921707153320e-02,-1.558036208152770996e-01,5.929740890860557556e-02,1.064155846834182739e-01,4.487260244786739349e-03,-1.844484210014343262e-01,7.519823312759399414e-02,1.614268273115158081e-01,-1.839632838964462280e-01,-6.847348064184188843e-03,8.459363132715225220e-02,-1.249934732913970947e-02,1.469973474740982056e-01,1.025182530283927917e-01,-2.642325311899185181e-02,-1.345690805464982986e-02,-6.382163614034652710e-02,-6.923893932253122330e-03,2.884397841989994049e-02,5.375319719314575195e-02,1.473408043384552002e-01,-2.321944385766983032e-02,1.025893017649650574e-01,2.570840157568454742e-02,-9.727206081151962280e-02,1.315503963269293308e-03,1.138924956321716309e-01,-9.300661087036132812e-02,-1.379561424255371094e-02,-6.850361824035644531e-02,1.584703773260116577e-01,1.203654333949089050e-02,-1.970901936292648315e-01,-5.772639438509941101e-02,1.091659441590309143e-01,1.038548946380615234e-01,1.333815860562026501e-03,2.435254305601119995e-02,-1.477982550859451294e-01,5.065313726663589478e-02,1.074912250041961670e-01,-5.211940035223960876e-02,-1.772855371236801147e-01,1.511549800634384155e-01,-8.540267497301101685e-02,-7.291086018085479736e-02,1.872235536575317383e-01,-4.177938401699066162e-02,-1.259145736694335938e-01,-1.538342982530593872e-01,-1.197203099727630615e-01,2.147818170487880707e-02,1.432260870933532715e-01,1.193719729781150818e-01,-7.158556021749973297e-03,-8.127871900796890259e-02
