5.293899178504943848e-01,2.073962055146694183e-02,-1.937548369169235229e-01,4.803973063826560974e-02,2.646534740924835205e-01,-1.583435684442520142e-01,1.137409806251525879e-01,3.920463025569915771e-01,1.049568131566047668e-01,7.072191685438156128e-02,-7.791118323802947998e-02,-8.867672830820083618e-02,1.250274628400802612e-01,3.382577598094940186e-01,3.022319972515106201e-01,1.848863959312438965e-01,5.384903401136398315e-03,-8.200866868719458580e-04,7.143685966730117798e-02,-8.376216888427734375e-02,-1.510942429304122925e-01,1.150214001536369324e-01,6.179412454366683960e-02,3.252127394080162048e-02,4.288889933377504349e-03,9.335108846426010132e-02,-6.542987376451492310e-02,-3.011746406555175781e-01,1.156607493758201599e-01,-2.238176614046096802e-01,-1.319289207458496094e-01,-1.290131360292434692e-01,1.099713966250419617e-01,8.705410361289978027e-02,-3.507944568991661072e-02,-1.563224345445632935e-01,-1.146089565008878708e-02,8.223350346088409424e-02,-3.537085950374603271e-01,-4.271872639656066895e-01,2.426937818527221680e-01,9.110814332962036133e-02,1.823279820382595062e-02,2.969673089683055878e-02,3.628240898251533508e-02,-1.548896282911300659e-01,-2.712765932083129883e-01,-1.432087570428848267e-01,3.975265845656394958e-02,8.400480449199676514e-02,-1.251243352890014648e-01,-3.887338191270828247e-02,1.490093469619750977e-01,-5.087185651063919067e-02,-9.717987477779388428e-02,-2.200638353824615479e-01,7.888679206371307373e-02,2.159560844302177429e-02,-6.914912909269332886e-02,-8.736011385917663574e-02,3.768914565443992615e-02,1.154194679111242294e-02,1.508465874940156937e-02,1.518779695034027100e-01,-2.512304345145821571e-03,-8.067540824413299561e-03,-4.763934761285781860e-02,2.517600059509277344e-01,-1.485777795314788818e-01,1.574763357639312744e-01,-2.453717291355133057e-01,-4.491510242223739624e-02,4.388434067368507385e-02,2.104593813419342041e-01,-1.227639764547348022e-01,-2.583028972148895264e-01,-6.524309515953063965e-03,1.960336863994598389e-01,-1.923767924308776855e-01,-1.464989483356475830e-01,1.554444432258605957e-01,2.610586583614349365e-03,-2.676117718219757080e-01,-1.879246905446052551e-03,-3.402971327304840088e-01,-1.133856177330017090e-01,2.960750758647918701e-01,3.634998342022299767e-03,2.600446715950965881e-02,6.994825601577758789e-02,-1.265319436788558960e-01,-1.498247496783733368e-02,3.779024258255958557e-02,-1.171607747673988342e-01,-1.142755150794982910e-01,-2.166284471750259399e-01,3.167273998260498047e-01,-3.700497036334127188e-04,-2.066266834735870361e-01,2.989904284477233887e-01,-1.078092381358146667e-01,2.635539174079895020e-01,-1.291867643594741821e-01,-5.554194748401641846e-02,6.529954820871353149e-02,2.591517865657806396e-01,1.102553214877843857e-02,-4.890726506710052490e-02,-3.256064057350158691e-01,7.292840164154767990e-03,8.248583972454071045e-02,3.225200995802879333e-02,-7.554467022418975830e-02,-2.470495402812957764e-01,2.190234810113906860e-01,-2.002896368503570557e-01,3.889307677745819092e-01,-6.877593696117401123e-02,-3.959394395351409912e-01,2.179023064672946930e-02,-6.908285431563854218e-03,2.381974309682846069e-01,2.280102968215942383e-01,-3.584339981898665428e-03,-5.526354536414146423e-03,-2.004734873771667480e-01,-7.312210742384195328e-03,1.126842573285102844e-01
2.073962055146694183e-02,1.842147670686244965e-02,-1.148886308073997498e-01,7.472265511751174927e-02,7.958770543336868286e-02,-2.967020869255065918e-02,-5.106422584503889084e-03,3.199427574872970581e-02,1.840678788721561432e-02,3.383146598935127258e-02,1.109764166176319122e-02,-4.786599054932594299e-02,8.958838880062103271e-02,5.253567546606063843e-02,1.123433709144592285e-01,1.062758713960647583e-01,-1.285535690840333700e-04,5.936738476157188416e-02,-5.408408492803573608e-02,-6.203717365860939026e-02,-2.933788858354091644e-02,1.150994449853897095e-01,6.242974102497100830e-02,4.771878477185964584e-03,1.321519725024700165e-02,1.286377310752868652e-01,-1.191398873925209045e-01,-5.879758670926094055e-02,9.884589165449142456e-02,-2.011920139193534851e-02,2.942842058837413788e-02,-1.143653616309165955e-01,7.991360127925872803e-02,6.234803795814514160e-02,-3.795727388933300972e-03,-1.201333180069923401e-01,1.772216893732547760e-02,5.447820574045181274e-02,-7.552080601453781128e-02,-6.459031999111175537e-02,1.006456688046455383e-01,6.196715869009494781e-03,1.084825471043586731e-01,1.542524900287389755e-02,-3.778726328164339066e-03,-8.492996543645858765e-02,-1.178776770830154419e-01,-3.343244642019271851e-02,-1.031937729567289352e-02,2.106719836592674255e-02,-2.034538611769676208e-02,-1.486521586775779724e-02,2.622721530497074127e-02,9.737610816955566406e-03,-2.014637924730777740e-02,-1.199372857809066772e-01,2.693784609436988831e-02,1.086418889462947845e-02,-6.381754577159881592e-02,-6.386773288249969482e-02,1.630528457462787628e-02,7.375548593699932098e-03,4.267853219062089920e-03,4.175557941198348999e-02,4.830728285014629364e-03,-2.560258656740188599e-02,4.160362854599952698e-02,1.154437661170959473e-01,-1.065114736557006836e-01,2.940914593636989594e-02,-7.904259115457534790e-02,2.315895631909370422e-03,-2.416429854929447174e-02,1.112648621201515198e-01,-2.583411149680614471e-02,-1.021905168890953064e-01,-3.486798144876956940e-03,1.295834779739379883e-01,-1.079136878252029419e-02,-1.032414585351943970e-01,1.126391217112541199e-01,1.435209182091057301e-03,-9.414242953062057495e-02,2.822187496349215508e-03,-7.877231389284133911e-02,-1.169383302330970764e-01,5.515225604176521301e-02,5.894287023693323135e-03,7.483788579702377319e-02,3.241802752017974854e-02,-2.719907090067863464e-02,-2.444763109087944031e-02,-8.916371315717697144e-02,2.160354889929294586e-02,-9.811937063932418823e-02,1.541418489068746567e-03,8.768871426582336426e-02,-1.382554473821073771e-04,-7.793727517127990723e-02,3.712344169616699219e-02,-3.033363074064254761e-02,4.600252211093902588e-02,-1.166159436106681824e-01,-3.286226093769073486e-02,1.263871341943740845e-01,7.647732272744178772e-03,-7.752582430839538574e-02,-1.100493222475051880e-01,-4.177144914865493774e-02,-1.045649126172065735e-02,7.948537170886993408e-02,-4.023590683937072754e-02,-1.009054630994796753e-01,-4.169579222798347473e-02,1.291296333074569702e-01,-1.104990988969802856e-01,5.720571056008338928e-02,2.856146916747093201e-02,-1.138928607106208801e-01,3.580862656235694885e-02,5.994648113846778870e-02,9.102839976549148560e-02,1.113407686352729797e-01,-6.366720050573348999e-02,-8.352757245302200317e-02,-5.424772948026657104e-02,3.227798035368323326e-03,4.843791946768760681e-02
-1.937548369169235229e-01,-1.148886308073997498e-01,7.806801795959472656e-01,-5.504354238510131836e-01,-5.238773226737976074e-01,1.562158316373825073e-01,-3.680019825696945190e-02,-2.560608386993408203e-01,-1.148799061775207520e-01,-2.537997663021087646e-01,-5.804035440087318420e-02,3.522692918777465820e-01,-5.756898522377014160e-01,-4.204327762126922607e-01,-7.378202676773071289e-01,-6.918569207191467285e-01,-7.867222651839256287e-03,-3.389985263347625732e-01,3.947512507438659668e-01,4.678106606006622314e-01,1.992309838533401489e-01,-7.539622187614440918e-01,-4.993484020233154297e-01,3.827499970793724060e-02,-9.410940855741500854e-02,-7.696787714958190918e-01,7.356455326080322266e-01,3.802418112754821777e-01,-6.928035020828247070e-01,2.112819999456405640e-01,-1.518815755844116211e-01,7.491509318351745605e-01,-5.677548646926879883e-01,-4.822529554367065430e-01,3.718418255448341370e-02,7.613669633865356445e-01,-1.209741681814193726e-01,-3.919137120246887207e-01,5.498725771903991699e-01,4.926416277885437012e-01,-6.710359454154968262e-01,-5.532518401741981506e-02,-6.649193167686462402e-01,-1.124303638935089111e-01,2.465581893920898438e-02,6.187508702278137207e-01,7.789825797080993652e-01,2.487312406301498413e-01,4.179531708359718323e-02,-5.870273709297180176e-02,1.383358240127563477e-01,9.464552998542785645e-02,-1.913260370492935181e-01,-3.754754783585667610e-03,1.371284425258636475e-01,7.718200087547302246e-01,-2.194456607103347778e-01,-8.074304461479187012e-02,3.971814215183258057e-01,4.536592960357666016e-01,-8.141351491212844849e-02,-1.040351986885070801e-01,-3.329491987824440002e-02,-3.387010693550109863e-01,-4.024039581418037415e-02,1.776355206966400146e-01,-2.372801899909973145e-01,-7.286474704742431641e-01,7.030358314514160156e-01,-1.881183236837387085e-01,6.054490804672241211e-01,3.141934052109718323e-02,1.523601114749908447e-01,-7.522726655006408691e-01,1.864639967679977417e-01,6.802439689636230469e-01,2.318481355905532837e-02,-8.373744487762451172e-01,1.328907012939453125e-01,7.236747741699218750e-01,-7.690281867980957031e-01,-1.087480876594781876e-02,6.395652294158935547e-01,-1.640223339200019836e-02,5.848242044448852539e-01,6.858246922492980957e-01,-4.301598966121673584e-01,-3.898568823933601379e-02,-4.944019913673400879e-01,-2.585945427417755127e-01,1.943702399730682373e-01,1.740152984857559204e-01,5.898554325103759766e-01,-1.300806850194931030e-01,6.789373755455017090e-01,5.675588920712471008e-02,-5.911247730255126953e-01,1.053829328157007694e-03,5.617652535438537598e-01,-3.524361550807952881e-01,2.755816578865051270e-01,-3.843764662742614746e-01,7.583948373794555664e-01,2.402146309614181519e-01,-7.974473834037780762e-01,-1.715083867311477661e-01,5.564733743667602539e-01,7.070044279098510742e-01,3.025423586368560791e-01,7.243423163890838623e-02,-5.354351997375488281e-01,3.744473457336425781e-01,6.682268381118774414e-01,1.754920631647109985e-01,-7.885211110115051270e-01,7.183036208152770996e-01,-4.381661117076873779e-01,-2.362025827169418335e-01,7.691461443901062012e-01,-2.586115300655364990e-01,-4.219345748424530029e-01,-6.599508523941040039e-01,-7.340731024742126465e-01,4.109080433845520020e-01,6.136766672134399414e-01,4.722618162631988525e-01,-5.031553655862808228e-02,-3.897500336170196533e-01
4.803973063826560974e-02,7.472265511751174927e-02,-5.504354238510131836e-01,5.382164716720581055e-01,2.874647676944732666e-01,-1.542937941849231720e-02,-3.366189822554588318e-02,9.242923557758331299e-02,5.485704168677330017e-02,1.613044142723083496e-01,-9.133272804319858551e-03,-2.411046922206878662e-01,2.601419985294342041e-01,3.506964743137359619e-01,4.923734664916992188e-01,4.358531236648559570e-01,7.615589536726474762e-03,3.002130687236785889e-01,-3.266616463661193848e-01,-2.820524275302886963e-01,-2.919627726078033447e-01,5.906010866165161133e-01,3.239327967166900635e-01,-5.533268675208091736e-02,7.614286243915557861e-02,5.448881387710571289e-01,-4.928838312625885010e-01,-1.090133190155029297e-01,4.030182659626007080e-01,-2.550402656197547913e-02,1.357990950345993042e-01,-6.075591444969177246e-01,4.656403958797454834e-01,2.797029614448547363e-01,-6.600829306989908218e-03,-5.388118028640747070e-01,1.077181473374366760e-01,2.395719885826110840e-01,-2.200140208005905151e-01,-4.235386252403259277e-01,4.987471997737884521e-01,4.685628414154052734e-02,4.711419939994812012e-01,7.055786252021789551e-02,-7.052233070135116577e-02,-2.900089621543884277e-01,-5.177795290946960449e-01,-2.204079926013946533e-01,-5.089921876788139343e-02,1.051939055323600769e-01,-6.167280673980712891e-02,-4.524468258023262024e-02,1.626605689525604248e-01,-7.340368628501892090e-02,5.327556654810905457e-02,-5.162762999534606934e-01,1.576154977083206177e-01,4.613855108618736267e-02,-2.217007577419281006e-01,-3.536006510257720947e-01,-1.433778647333383560e-02,1.039048507809638977e-01,2.728142961859703064e-02,2.600369453430175781e-01,6.881827861070632935e-02,-1.200697347521781921e-01,1.760489493608474731e-01,5.072248578071594238e-01,-4.826919436454772949e-01,7.119435071945190430e-02,-3.700938522815704346e-01,1.675476729869842529e-01,-1.638054251670837402e-01,5.417067408561706543e-01,-1.176482662558555603e-01,-5.117926001548767090e-01,-9.447132237255573273e-03,6.022101640701293945e-01,-2.346635758876800537e-01,-5.181772708892822266e-01,6.663806438446044922e-01,7.373977452516555786e-03,-3.699896931648254395e-01,1.367956772446632385e-02,-4.202262461185455322e-01,-4.316048324108123779e-01,1.332681477069854736e-01,2.306541800498962402e-02,2.946416437625885010e-01,1.635404229164123535e-01,-9.069223701953887939e-02,-2.192154675722122192e-01,-5.508589744567871094e-01,2.035242617130279541e-01,-5.276445746421813965e-01,-3.459888510406017303e-03,3.847451508045196533e-01,-6.726716528646647930e-04,-2.996788024902343750e-01,1.903455108404159546e-01,-1.439681649208068848e-01,1.251611411571502686e-01,-6.083014607429504395e-01,-1.503953039646148682e-01,6.196414232254028320e-01,2.119650989770889282e-01,-5.551359057426452637e-01,-5.378803610801696777e-01,-1.187478005886077881e-01,-5.373857915401458740e-02,5.567135810852050781e-01,-3.624870777130126953e-01,-5.303969383239746094e-01,-7.100018858909606934e-02,5.385083556175231934e-01,-4.596702754497528076e-01,1.649746745824813843e-01,1.370307058095932007e-01,-5.651182532310485840e-01,2.181661278009414673e-01,2.627045810222625732e-01,4.827222526073455811e-01,5.117533206939697266e-01,-2.951528429985046387e-01,-4.152646362781524658e-01,-3.080198168754577637e-01,2.589954622089862823e-02,2.625673115253448486e-01
2.646534740924835205e-01,7.958770543336868286e-02,-5.238773226737976074e-01,2.874647676944732666e-01,4.391805231571197510e-01,-1.953499913215637207e-01,4.432835429906845093e-02,2.862825393676757812e-01,1.005602106451988220e-01,1.626534312963485718e-01,1.711104437708854675e-02,-2.196890413761138916e-01,4.289358258247375488e-01,2.648165524005889893e-01,5.602484941482543945e-01,4.987369775772094727e-01,4.505846882238984108e-04,2.223282158374786377e-01,-1.898901760578155518e-01,-2.813563048839569092e-01,-1.131541952490806580e-01,4.855984151363372803e-01,2.526971995830535889e-01,3.733552619814872742e-02,5.086804181337356567e-02,5.540409088134765625e-01,-5.127024054527282715e-01,-3.683182597160339355e-01,4.638766348361968994e-01,-2.006382793188095093e-01,6.179265305399894714e-02,-4.753269553184509277e-01,3.458784520626068115e-01,2.701266705989837646e-01,-2.966110222041606903e-02,-5.258904099464416504e-01,5.993385985493659973e-02,2.549733817577362061e-01,-4.811087548732757568e-01,-3.712475895881652832e-01,4.942571520805358887e-01,5.690673366189002991e-02,4.269285798072814941e-01,7.282200455665588379e-02,1.287228427827358246e-02,-4.215504825115203857e-01,-5.855863094329833984e-01,-1.725464761257171631e-01,-1.263932418078184128e-02,1.181345432996749878e-01,-1.376764178276062012e-01,-6.786191463470458984e-02,1.469535082578659058e-01,4.809414967894554138e-02,-1.451366245746612549e-01,-5.679330825805664062e-01,1.252773851156234741e-01,5.221102386713027954e-02,-3.102461993694305420e-01,-2.724412381649017334e-01,9.237688034772872925e-02,2.569493837654590607e-02,2.058728039264678955e-02,2.305863797664642334e-01,2.061709202826023102e-02,-1.068078279495239258e-01,1.547055989503860474e-01,5.506475567817687988e-01,-4.571681022644042969e-01,1.946676373481750488e-01,-4.210462570190429688e-01,-3.844228386878967285e-02,-5.301383510231971741e-02,5.140941143035888672e-01,-1.514780223369598389e-01,-5.073997378349304199e-01,-1.773991435766220093e-02,5.920889377593994141e-01,-8.669814467430114746e-02,-4.613008499145507812e-01,4.834746718406677246e-01,6.372516509145498276e-03,-4.821229279041290283e-01,1.071562059223651886e-02,-4.413814544677734375e-01,-5.249022841453552246e-01,3.614982664585113525e-01,2.526413463056087494e-02,3.205650150775909424e-01,1.572084575891494751e-01,-1.781281828880310059e-01,-7.497183978557586670e-02,-3.097236454486846924e-01,8.845645003020763397e-03,-4.250180423259735107e-01,-6.293672323226928711e-02,4.783840775489807129e-01,-6.886068731546401978e-04,-3.869621455669403076e-01,2.766843736171722412e-01,-1.616854369640350342e-01,3.185021877288818359e-01,-4.953209161758422852e-01,-1.552082300186157227e-01,5.425899624824523926e-01,1.049207970499992371e-01,-2.811198830604553223e-01,-4.510887563228607178e-01,-3.148318827152252197e-01,-3.793894872069358826e-02,2.695399224758148193e-01,-1.206314563751220703e-01,-4.088396131992340088e-01,-2.609240710735321045e-01,6.180077195167541504e-01,-5.344927310943603516e-01,3.757293522357940674e-01,1.012978330254554749e-01,-5.954605937004089355e-01,1.385554224252700806e-01,2.628804147243499756e-01,4.369302690029144287e-01,5.262489914894104004e-01,-2.591323554515838623e-01,-3.200387656688690186e-01,-2.710108458995819092e-01,1.174855604767799377e-02,2.453700155019760132e-01
-1.583435684442520142e-01,-2.967020869255065918e-02,1.562158316373825073e-01,-1.542937941849231720e-02,-1.953499913215637207e-01,2.718865573406219482e-01,-4.544403403997421265e-02,-7.417123019695281982e-02,-1.544288098812103271e-01,-8.914003521203994751e-02,1.800091005861759186e-02,7.687187194824218750e-02,-2.376374602317810059e-01,-2.365989051759243011e-02,-2.219892591238021851e-01,-2.115372121334075928e-01,-5.792665295302867889e-03,-7.480489462614059448e-02,5.444164946675300598e-02,7.909175753593444824e-02,1.197171956300735474e-01,-1.367429792881011963e-01,-1.717437431216239929e-02,-5.284273531287908554e-03,-2.439936809241771698e-02,-2.871628999710083008e-01,1.911523193120956421e-01,1.978376060724258423e-01,-1.158508434891700745e-01,6.340833008289337158e-02,5.414766073226928711e-02,1.984942853450775146e-01,-1.692156344652175903e-01,-2.695081196725368500e-02,6.619744934141635895e-03,1.952495872974395752e-01,-1.096298918128013611e-02,-1.163130998611450195e-01,2.451985329389572144e-01,6.710384041070938110e-02,-2.724202573299407959e-01,-3.287985175848007202e-02,-7.462224364280700684e-02,-2.022598497569561005e-02,8.080597966909408569e-02,1.951406449079513550e-01,2.402307987213134766e-01,4.560763388872146606e-02,-6.355778127908706665e-02,-7.599016278982162476e-02,1.580212265253067017e-01,-8.715240657329559326e-02,-7.711416482925415039e-02,-9.266849607229232788e-02,6.237564608454704285e-02,1.968093216419219971e-01,-2.213758043944835663e-02,-1.855094917118549347e-02,1.799267232418060303e-01,8.657190948724746704e-02,-2.368371747434139252e-02,-3.173550218343734741e-02,-6.664122454822063446e-03,-1.956537812948226929e-01,-1.357726287096738815e-02,5.834130942821502686e-02,-3.368784859776496887e-02,-2.034999281167984009e-01,1.830057054758071899e-01,-7.878443598747253418e-02,1.747643649578094482e-01,-9.588132798671722412e-02,2.146848477423191071e-02,-2.150857746601104736e-01,1.142268627882003784e-01,1.883144378662109375e-01,1.105528790503740311e-02,-2.251850366592407227e-01,3.192425519227981567e-02,1.842608004808425903e-01,-1.567251384258270264e-01,-1.939095323905348778e-03,1.665637493133544922e-01,-8.033378049731254578e-03,2.080435901880264282e-01,2.423498034477233887e-01,-1.614777892827987671e-01,-9.324512444436550140e-03,-2.162574827671051025e-01,-6.706804782152175903e-02,8.954185247421264648e-02,7.533065974712371826e-03,8.437537401914596558e-02,4.146822541952133179e-02,1.855013519525527954e-01,7.366872392594814301e-03,-1.337168365716934204e-01,2.921244013123214245e-04,1.317558735609054565e-01,-2.072128653526306152e-01,3.330026566982269287e-02,-2.412789165973663330e-01,1.944826692342758179e-01,6.787540018558502197e-02,-2.412418276071548462e-01,7.376766949892044067e-02,8.881689608097076416e-02,1.438257098197937012e-01,2.433576434850692749e-01,1.864501647651195526e-02,-5.211850255727767944e-02,-3.805211186408996582e-02,1.112731322646141052e-01,1.504576653242111206e-01,-2.073447853326797485e-01,2.696871459484100342e-01,-1.588798016309738159e-01,-1.053816918283700943e-02,2.326685488224029541e-01,-4.945991560816764832e-02,-9.148818999528884888e-02,-1.809843033552169800e-01,-2.255126237869262695e-01,1.236382424831390381e-01,4.564803466200828552e-02,1.370238661766052246e-01,-1.316971052438020706e-02,-7.087222486734390259e-02
1.137409806251525879e-01,-5.106422584503889084e-03,-3.680019825696945190e-02,-3.366189822554588318e-02,4.432835429906845093e-02,-4.544403403997421265e-02,1.097502931952476501e-01,8.484105020761489868e-02,1.416578423231840134e-02,2.508029155433177948e-02,-3.316210210323333740e-02,-7.435816340148448944e-03,2.632706239819526672e-02,-1.347198057919740677e-02,4.176802933216094971e-02,9.880475699901580811e-03,5.261384882032871246e-03,-7.136064022779464722e-02,1.200181804597377777e-02,-2.875478938221931458e-02,1.689141616225242615e-02,-1.828590966761112213e-02,-1.896498026326298714e-03,-1.776860468089580536e-02,-3.324346616864204407e-03,-1.460384664824232459e-04,8.236723020672798157e-03,-6.786649674177169800e-02,4.446340724825859070e-02,-1.200906187295913696e-01,-6.716910004615783691e-02,5.914905574172735214e-03,1.975243724882602692e-02,-9.196483530104160309e-03,-1.077109668403863907e-02,1.354512572288513184e-02,-1.670583151280879974e-02,2.139226160943508148e-02,-1.334864944219589233e-01,-4.519855603575706482e-02,5.862273275852203369e-02,2.422725595533847809e-02,-6.677562743425369263e-02,3.819476813077926636e-03,-1.122829038649797440e-02,-6.156075373291969299e-02,-6.350950896739959717e-02,-9.524242021143436432e-03,5.530843511223793030e-02,-2.843964146450161934e-03,-3.834872692823410034e-02,3.393529728055000305e-02,1.957354508340358734e-02,1.019714586436748505e-02,-4.563308507204055786e-02,-2.681817673146724701e-02,-1.736014150083065033e-03,3.667605575174093246e-03,-3.820784389972686768e-02,1.542674284428358078e-02,-8.433926850557327271e-03,2.587296441197395325e-02,1.974722603335976601e-03,8.093708753585815430e-02,7.006185129284858704e-03,-1.171088078990578651e-03,-3.983882814645767212e-02,1.953908428549766541e-02,1.422497350722551346e-02,4.571543261408805847e-02,-7.520131021738052368e-02,-4.000544548034667969e-02,5.503610894083976746e-02,2.758689597249031067e-02,-4.075914248824119568e-02,-5.868174880743026733e-02,-2.468648599460721016e-03,4.201597347855567932e-02,-3.971987590193748474e-02,-2.067652903497219086e-02,1.247576437890529633e-02,1.174643330159597099e-04,-4.019767418503761292e-02,-1.964597264304757118e-03,-9.003555029630661011e-02,2.073189057409763336e-02,1.278355121612548828e-01,-1.442581182345747948e-03,6.445749197155237198e-03,2.431125380098819733e-02,-5.121031031012535095e-02,3.045336715877056122e-02,5.391114577651023865e-02,-6.689722090959548950e-02,-1.183840911835432053e-02,-7.072380185127258301e-02,4.291207715868949890e-02,-1.063524032360874116e-04,-2.755420096218585968e-02,1.309475451707839966e-01,-3.849786892533302307e-02,1.413424313068389893e-01,8.319715969264507294e-03,-1.349541079252958298e-02,3.485806286334991455e-02,6.947180628776550293e-02,1.367207802832126617e-02,3.746686875820159912e-02,-1.243178099393844604e-01,2.988405991345643997e-03,-9.766856580972671509e-02,-4.285360686480998993e-03,5.400902032852172852e-02,1.739694364368915558e-02,2.549299225211143494e-02,-5.601023882627487183e-02,9.269776195287704468e-02,3.630218794569373131e-03,-8.003930002450942993e-02,-1.317711547017097473e-02,2.379474602639675140e-02,4.594415798783302307e-02,3.380031883716583252e-02,1.142913382500410080e-02,3.327049687504768372e-02,-5.864854156970977783e-02,1.614733599126338959e-02,5.626032873988151550e-02
3.920463025569915771e-01,3.199427574872970581e-02,-2.560608386993408203e-01,9.242923557758331299e-02,2.862825393676757812e-01,-7.417123019695281982e-02,8.484105020761489868e-02,4.423707127571105957e-01,7.120255380868911743e-03,6.037691980600357056e-02,-1.047859317623078823e-03,-1.118043735623359680e-01,1.989303678274154663e-01,2.528164982795715332e-01,3.341019153594970703e-01,2.499177157878875732e-01,-2.112075453624129295e-03,2.556343749165534973e-02,1.907458901405334473e-02,-1.276536583900451660e-01,6.803812831640243530e-02,1.986571103334426880e-01,1.241466552019119263e-01,2.617675065994262695e-02,4.021305590867996216e-03,1.539271473884582520e-01,-1.795091331005096436e-01,-2.995193302631378174e-01,2.799471318721771240e-01,-2.393411993980407715e-01,-3.525444120168685913e-02,-1.242593601346015930e-01,5.945970863103866577e-02,1.776924580335617065e-01,-4.373705014586448669e-02,-2.372182607650756836e-01,-1.326815458014607430e-03,1.163759008049964905e-01,-4.151189029216766357e-01,-3.519378602504730225e-01,2.092912048101425171e-01,5.482761934399604797e-02,1.509042233228683472e-01,4.228278994560241699e-02,1.573524475097656250e-01,-2.411521524190902710e-01,-3.347867727279663086e-01,-1.131127551198005676e-01,-6.373216863721609116e-03,2.158452570438385010e-02,-5.424793064594268799e-02,-1.172891110181808472e-01,9.125329554080963135e-02,-4.088523983955383301e-02,-1.773646920919418335e-01,-3.165365755558013916e-01,9.634225070476531982e-02,3.230801597237586975e-02,-8.709139376878738403e-02,-1.048103645443916321e-01,9.324792027473449707e-02,-3.127906844019889832e-02,1.088113337755203247e-02,2.357306703925132751e-02,-6.957441102713346481e-03,-1.906168460845947266e-02,7.530074566602706909e-03,2.837728857994079590e-01,-2.022699117660522461e-01,1.484501212835311890e-01,-2.768256664276123047e-01,-2.109793424606323242e-01,5.131481960415840149e-02,2.509588897228240967e-01,-6.877932697534561157e-02,-2.508198618888854980e-01,-8.724750019609928131e-03,2.717202305793762207e-01,-7.907335460186004639e-02,-1.891193985939025879e-01,1.625918298959732056e-01,3.232270712032914162e-03,-3.279865086078643799e-01,-3.600557392928749323e-04,-2.805774509906768799e-01,-2.161594927310943604e-01,3.084670901298522949e-01,1.086014136672019958e-02,4.267357662320137024e-02,8.501839637756347656e-02,-1.357057988643646240e-01,3.236512094736099243e-02,1.133814919739961624e-02,-1.348417401313781738e-01,-1.325924247503280640e-01,-1.642667502164840698e-01,3.525063693523406982e-01,-3.826161264441907406e-04,-2.605832815170288086e-01,2.159717530012130737e-01,-1.388007253408432007e-01,2.390327155590057373e-01,-1.659369319677352905e-01,-7.407770305871963501e-02,1.488306522369384766e-01,1.964087784290313721e-01,4.357514902949333191e-02,-1.541633158922195435e-01,-2.407986968755722046e-01,5.068951286375522614e-03,2.455241046845912933e-02,3.404030203819274902e-02,-1.473401486873626709e-01,-2.165186405181884766e-01,3.506200313568115234e-01,-2.407465875148773193e-01,3.685609102249145508e-01,1.883049868047237396e-02,-3.932671248912811279e-01,1.602983660995960236e-02,8.014818280935287476e-02,2.193718999624252319e-01,2.365039139986038208e-01,-3.847458399832248688e-03,-1.080948337912559509e-01,-1.301126182079315186e-01,-9.924871847033500671e-03,1.412491500377655029e-01
1.049568131566047668e-01,1.840678788721561432e-02,-1.148799061775207520e-01,5.485704168677330017e-02,1.005602106451988220e-01,-1.544288098812103271e-01,1.416578423231840134e-02,7.120255380868911743e-03,1.246894076466560364e-01,6.503280252218246460e-02,-2.913251519203186035e-02,-5.840450525283813477e-02,1.205685064196586609e-01,8.259517699480056763e-02,1.482777446508407593e-01,1.287046074867248535e-01,7.370992098003625870e-03,5.807265639305114746e-02,-5.125283077359199524e-02,-5.093323811888694763e-02,-1.791049689054489136e-01,1.145537644624710083e-01,2.974516898393630981e-02,-1.602927595376968384e-02,2.300415746867656708e-02,1.906071007251739502e-01,-1.119266748428344727e-01,-8.313925564289093018e-02,4.168561473488807678e-02,-2.337418030947446823e-03,-4.420128837227821350e-02,-1.851857155561447144e-01,1.556843668222427368e-01,1.939750090241432190e-02,6.317682564258575439e-04,-1.354127228260040283e-01,1.657226867973804474e-02,7.133250683546066284e-02,-1.020326986908912659e-01,-9.491026401519775391e-02,1.974532753229141235e-01,2.929366566240787506e-02,4.340099915862083435e-02,1.249494869261980057e-02,-9.914135932922363281e-02,-1.006475612521171570e-01,-1.471806764602661133e-01,-5.205584317445755005e-02,3.975158184766769409e-02,5.038575828075408936e-02,-1.096499189734458923e-01,7.086092233657836914e-02,7.350002229213714600e-02,2.523900009691715240e-02,1.410185825079679489e-02,-1.185035109519958496e-01,2.323547005653381348e-02,1.049006264656782150e-02,-8.987641334533691406e-02,-7.937318086624145508e-02,-1.631040126085281372e-02,5.096463486552238464e-02,7.651988416910171509e-03,1.625805944204330444e-01,1.421639602631330490e-02,-4.015881940722465515e-02,1.458645332604646683e-02,1.362420767545700073e-01,-1.332141011953353882e-01,2.727900259196758270e-02,-1.066367402672767639e-01,1.300265192985534668e-01,-4.535868763923645020e-02,1.603701412677764893e-01,-8.164347708225250244e-02,-1.335858404636383057e-01,-5.267271306365728378e-03,1.583627313375473022e-01,-7.513593882322311401e-02,-1.420715451240539551e-01,1.600542217493057251e-01,1.690528471954166889e-03,-8.746537566184997559e-02,5.376785993576049805e-03,-1.539761573076248169e-01,-1.308540999889373779e-01,6.368032842874526978e-02,4.723479505628347397e-03,1.408748775720596313e-01,4.762717336416244507e-02,-3.917892277240753174e-02,-4.881477728486061096e-02,-1.042860448360443115e-01,1.990947872400283813e-02,-1.489946991205215454e-01,-1.429189089685678482e-02,7.315297424793243408e-02,-2.067810273729264736e-04,-8.038687705993652344e-02,1.407736688852310181e-01,-2.005419880151748657e-02,1.315514892339706421e-01,-1.634387373924255371e-01,-4.404402524232864380e-02,1.652167439460754395e-01,-4.764186218380928040e-03,-1.288616210222244263e-01,-1.012458875775337219e-01,-1.381588131189346313e-01,-1.601024717092514038e-02,1.370061337947845459e-01,-3.300523757934570312e-02,-1.014605984091758728e-01,-7.374715805053710938e-02,1.050803586840629578e-01,-1.678139865398406982e-01,8.165470510721206665e-02,-2.206801669672131538e-03,-1.720872074365615845e-01,5.675239861011505127e-02,3.558544069528579712e-02,1.455143690109252930e-01,1.603374779224395752e-01,-9.041742980480194092e-02,-4.973446205258369446e-02,-1.360154449939727783e-01,1.379420608282089233e-02,4.635339975357055664e-02
7.072191685438156128e-02,3.383146598935127258e-02,-2.537997663021087646e-01,1.613044142723083496e-01,1.626534312963485718e-01,-8.914003521203994751e-02,2.508029155433177948e-02,6.037691980600357056e-02,6.503280252218246460e-02,8.837139606475830078e-02,2.401508856564760208e-03,-1.082206815481185913e-01,1.888392567634582520e-01,1.166624203324317932e-01,2.472999840974807739e-01,2.225496470928192139e-01,4.984962753951549530e-03,9.888575971126556396e-02,-1.254585236310958862e-01,-1.381139010190963745e-01,-1.029752641916275024e-01,2.444683909416198730e-01,1.348039507865905762e-01,-2.146062627434730530e-02,3.179107978940010071e-02,2.862780988216400146e-01,-2.424717843532562256e-01,-1.161464303731918335e-01,2.091367989778518677e-01,-6.128246337175369263e-02,2.384363673627376556e-02,-2.704232633113861084e-01,2.011889964342117310e-01,1.240852475166320801e-01,-8.818423375487327576e-03,-2.530451416969299316e-01,3.587282076478004456e-02,1.249138712882995605e-01,-1.847340762615203857e-01,-1.507283002138137817e-01,2.501975297927856445e-01,2.376426383852958679e-02,1.864601969718933105e-01,3.259582817554473877e-02,-4.230938479304313660e-02,-2.003965526819229126e-01,-2.696436643600463867e-01,-7.729525119066238403e-02,8.907619863748550415e-03,2.987422980368137360e-02,-7.170586287975311279e-02,6.567527074366807938e-03,7.065670192241668701e-02,1.237271632999181747e-02,-3.044507279992103577e-02,-2.537434399127960205e-01,6.025607883930206299e-02,2.378917858004570007e-02,-1.354801803827285767e-01,-1.386882215738296509e-01,9.952758438885211945e-03,4.760742560029029846e-02,1.080549135804176331e-02,1.495283991098403931e-01,1.823125407099723816e-02,-5.976348742842674255e-02,6.464969366788864136e-02,2.383138686418533325e-01,-2.256523966789245605e-01,5.603832378983497620e-02,-1.928925812244415283e-01,3.542168810963630676e-02,-4.888651892542839050e-02,2.601045668125152588e-01,-7.529326528310775757e-02,-2.307981550693511963e-01,-7.700033485889434814e-03,3.001860380172729492e-01,-6.039928644895553589e-02,-2.447288334369659424e-01,2.767527699470520020e-01,3.268912201747298241e-03,-1.896241009235382080e-01,6.042473949491977692e-03,-2.046417444944381714e-01,-2.266481816768646240e-01,1.322178989648818970e-01,1.131908874958753586e-02,1.753620207309722900e-01,8.322648704051971436e-02,-6.545025855302810669e-02,-5.851069837808609009e-02,-1.925925016403198242e-01,3.823168203234672546e-02,-2.335008382797241211e-01,-1.573245972394943237e-02,1.725074946880340576e-01,-3.409326600376516581e-04,-1.626380831003189087e-01,1.421758532524108887e-01,-7.785499095916748047e-02,1.494129598140716553e-01,-2.666098177433013916e-01,-7.636610418558120728e-02,3.001242578029632568e-01,4.237359017133712769e-02,-2.009921818971633911e-01,-2.246670573949813843e-01,-1.248626932501792908e-01,-2.434215694665908813e-02,1.775506287813186646e-01,-1.142149940133094788e-01,-2.040609568357467651e-01,-5.155018344521522522e-02,2.607726156711578369e-01,-2.564311623573303223e-01,1.293218731880187988e-01,6.559237092733383179e-02,-2.740017473697662354e-01,8.439090102910995483e-02,1.277261823415756226e-01,2.199454754590988159e-01,2.525125145912170410e-01,-1.366902887821197510e-01,-1.736115962266921997e-01,-1.644104123115539551e-01,2.017530612647533417e-02,1.206852421164512634e-01
-7.791118323802947998e-02,1.109764166176319122e-02,-5.804035440087318420e-02,-9.133272804319858551e-03,1.711104437708854675e-02,1.800091005861759186e-02,-3.316210210323333740e-02,-1.047859317623078823e-03,-2.913251519203186035e-02,2.401508856564760208e-03,7.900973409414291382e-02,-2.128297276794910431e-02,9.838324785232543945e-02,-2.031332440674304962e-02,3.798185288906097412e-02,6.978671252727508545e-02,-4.817370790988206863e-03,2.110748551785945892e-02,-2.515877783298492432e-02,-4.702411592006683350e-02,1.328023374080657959e-01,6.286587566137313843e-02,7.336754351854324341e-02,4.476016853004693985e-03,1.406138646416366100e-03,8.226783573627471924e-02,-1.035653203725814819e-01,-3.099394962191581726e-02,1.251160204410552979e-01,-2.179000061005353928e-03,6.619001179933547974e-02,-2.719255909323692322e-02,-3.574761748313903809e-02,9.562307596206665039e-02,-8.306774310767650604e-03,-8.987277746200561523e-02,8.178607560694217682e-03,3.143493831157684326e-02,-4.333350434899330139e-02,6.924367696046829224e-02,-2.886216156184673309e-02,-3.151263669133186340e-02,1.206777393817901611e-01,1.054462045431137085e-02,7.043935358524322510e-02,-1.070282459259033203e-01,-5.403992906212806702e-02,3.459817171096801758e-02,-3.738044947385787964e-02,-7.649083435535430908e-02,3.321513906121253967e-02,-6.062513962388038635e-02,-4.258048161864280701e-02,2.846071869134902954e-02,-7.499172538518905640e-02,-8.107882738113403320e-02,1.786111108958721161e-02,9.868027642369270325e-03,-1.470777299255132675e-02,-1.523843314498662949e-02,5.291089043021202087e-02,-2.977125346660614014e-02,-3.045084187760949135e-03,-8.780826628208160400e-02,-2.455175668001174927e-02,-1.267426647245883942e-02,3.962283581495285034e-02,3.233362734317779541e-02,-7.635635882616043091e-02,-7.441900670528411865e-03,-1.296864915639162064e-02,-1.369417905807495117e-01,-1.220776513218879700e-02,4.705506190657615662e-02,3.359215706586837769e-02,2.400368638336658478e-02,-3.132029902189970016e-03,7.809758186340332031e-02,1.278365105390548706e-01,-5.028754472732543945e-02,8.310425095260143280e-03,8.375609177164733410e-04,-5.434866622090339661e-02,5.736871971748769283e-04,5.961481109261512756e-02,-1.006327271461486816e-01,2.215315215289592743e-02,6.483430042862892151e-03,4.643856734037399292e-02,1.352734863758087158e-02,7.871728390455245972e-03,3.622916713356971741e-02,-1.404524873942136765e-02,-8.187319152057170868e-03,-1.720828376710414886e-02,3.391971066594123840e-02,6.428273394703865051e-03,-1.947275086422450840e-05,-6.488367170095443726e-02,-6.528213620185852051e-02,-3.384724259376525879e-02,-9.715242311358451843e-03,-4.124523326754570007e-02,-1.647633127868175507e-02,6.061526015400886536e-02,-9.685166180133819580e-02,3.797750174999237061e-02,-8.325289189815521240e-02,6.265004724264144897e-02,-5.069085396826267242e-03,-4.455181770026683807e-03,9.674816392362117767e-03,-5.832383036613464355e-02,9.936891496181488037e-03,8.740981668233871460e-02,-4.223300889134407043e-02,1.674524508416652679e-02,6.139588728547096252e-02,4.219336435198783875e-03,1.018092967569828033e-03,4.947273060679435730e-02,-7.785825524479150772e-03,2.917938306927680969e-02,-1.453259587287902832e-02,-1.059789806604385376e-01,1.417612936347723007e-02,3.249745117500424385e-03,1.128812669776380062e-03
-8.867672830820083618e-02,-4.786599054932594299e-02,3.522692918777465820e-01,-2.411046922206878662e-01,-2.196890413761138916e-01,7.687187194824218750e-02,-7.435816340148448944e-03,-1.118043735623359680e-01,-5.840450525283813477e-02,-1.082206815481185913e-01,-2.128297276794910431e-02,1.523850560188293457e-01,-2.476445734500885010e-01,-1.905834972858428955e-01,-3.412234783172607422e-01,-3.085821866989135742e-01,-4.304179921746253967e-03,-1.460676938295364380e-01,1.667825579643249512e-01,1.885360181331634521e-01,1.011625975370407104e-01,-3.508720695972442627e-01,-2.052228450775146484e-01,2.651705965399742126e-02,-4.134020954370498657e-02,-3.734595775604248047e-01,3.347128927707672119e-01,1.511200219392776489e-01,-3.068163692951202393e-01,7.334864884614944458e-02,-5.708495527505874634e-02,3.583291471004486084e-01,-2.470368891954421997e-01,-1.998253017663955688e-01,1.539470441639423370e-02,3.596939742565155029e-01,-5.171006545424461365e-02,-1.667976230382919312e-01,2.422177344560623169e-01,2.242858707904815674e-01,-3.103042542934417725e-01,-2.543993294239044189e-02,-2.887985408306121826e-01,-4.699336737394332886e-02,1.100594364106655121e-02,2.698729336261749268e-01,3.666468560695648193e-01,1.078686267137527466e-01,1.554310787469148636e-02,-2.153116092085838318e-02,6.874243915081024170e-02,3.297564387321472168e-02,-8.698453009128570557e-02,5.700053647160530090e-03,5.047002062201499939e-02,3.584324717521667480e-01,-9.622680395841598511e-02,-3.437805175781250000e-02,1.568779349327087402e-01,1.959982961416244507e-01,-2.866739407181739807e-02,-4.755459725856781006e-02,-1.437579654157161713e-02,-1.452250033617019653e-01,-1.986656151711940765e-02,7.639555633068084717e-02,-9.512624889612197876e-02,-3.268094360828399658e-01,3.175298273563385010e-01,-6.822581589221954346e-02,2.569389641284942627e-01,-3.778632497414946556e-03,7.274582237005233765e-02,-3.551091849803924561e-01,7.988814264535903931e-02,2.991200983524322510e-01,9.596853516995906830e-03,-4.084494709968566895e-01,6.874797493219375610e-02,3.334628343582153320e-01,-3.741585910320281982e-01,-4.673523362725973129e-03,2.698850929737091064e-01,-7.706617470830678940e-03,2.572140693664550781e-01,3.160180747509002686e-01,-1.610403358936309814e-01,-1.644781604409217834e-02,-2.136171907186508179e-01,-1.107475683093070984e-01,7.901301234960556030e-02,7.847116887569427490e-02,2.628149390220642090e-01,-5.411185324192047119e-02,3.077206313610076904e-01,2.107931300997734070e-02,-2.485699653625488281e-01,4.472470027394592762e-04,2.352947294712066650e-01,-1.548217833042144775e-01,1.133139729499816895e-01,-1.631824970245361328e-01,3.636836707592010498e-01,1.021590381860733032e-01,-3.906818032264709473e-01,-7.028525322675704956e-02,2.545507848262786865e-01,3.242058753967285156e-01,1.267538517713546753e-01,3.064273111522197723e-02,-2.623720467090606689e-01,1.537857502698898315e-01,3.016934692859649658e-01,7.698239386081695557e-02,-3.721545636653900146e-01,3.301247060298919678e-01,-1.781211793422698975e-01,-9.724052995443344116e-02,3.705039322376251221e-01,-1.132545322179794312e-01,-1.698801517486572266e-01,-2.904625236988067627e-01,-3.328858315944671631e-01,1.685150265693664551e-01,2.625946104526519775e-01,2.046104967594146729e-01,-2.064618282020092010e-02,-1.579943150281906128e-01
