5.386575460433959961e-01,2.828440815210342407e-02,-2.668674290180206299e-01,1.476465910673141479e-01,4.482790827751159668e-01,-4.082930982112884521e-01,1.584452837705612183e-01,5.098862051963806152e-01,3.244120180606842041e-01,2.707483470439910889e-01,-2.531102895736694336e-01,-2.596125006675720215e-01,1.310406923294067383e-01,3.336470127105712891e-01,3.277589380741119385e-01,4.845770001411437988e-01,-2.432293957099318504e-03,2.031593322753906250e-01,-2.237132787704467773e-01,-2.899968624114990234e-01,-2.853389382362365723e-01,1.963493227958679199e-01,1.423174887895584106e-01,5.470101162791252136e-02,5.874790996313095093e-02,3.653647303581237793e-01,-2.555604279041290283e-01,-4.436057209968566895e-01,3.108254671096801758e-01,-2.543785870075225830e-01,-2.133646011352539062e-01,-3.737613260746002197e-01,1.856614649295806885e-01,2.585747539997100830e-01,-2.865523099899291992e-02,-3.742471337318420410e-01,2.067856043577194214e-01,3.254479765892028809e-01,-4.701666831970214844e-01,-5.453476309776306152e-01,4.725186228752136230e-01,1.631510555744171143e-01,2.107863724231719971e-01,9.489152580499649048e-02,-6.930962204933166504e-02,-8.702077716588973999e-02,-3.380015492439270020e-01,-1.879605501890182495e-01,1.225648894906044006e-01,-5.954648368060588837e-03,-2.222317904233932495e-01,-1.978540122509002686e-01,4.969547688961029053e-01,-7.080645859241485596e-02,-1.532280147075653076e-01,-4.753441512584686279e-01,2.780703604221343994e-01,2.116916328668594360e-02,-1.399480551481246948e-01,-2.211550027132034302e-01,-1.604311466217041016e-01,2.790411934256553650e-02,8.077871985733509064e-03,3.231317400932312012e-01,1.633673757314682007e-01,-8.444042503833770752e-02,-2.045218199491500854e-01,4.235823452472686768e-01,-3.576215207576751709e-01,3.011468052864074707e-01,-4.566527903079986572e-01,1.984366178512573242e-01,-7.737449556589126587e-02,3.163937032222747803e-01,-3.528483510017395020e-01,-4.508951604366302490e-01,-9.215748868882656097e-04,3.522695899009704590e-01,-2.591990232467651367e-01,-3.757489323616027832e-01,4.253281950950622559e-01,8.273335406556725502e-04,-3.918146491050720215e-01,-1.730429823510348797e-03,-5.804218649864196777e-01,-1.685118973255157471e-01,3.914547264575958252e-01,7.427788339555263519e-03,1.061733588576316833e-01,3.279106914997100830e-01,-2.837752401828765869e-01,7.193740457296371460e-02,-1.817775368690490723e-01,1.694304682314395905e-02,-3.822246193885803223e-01,-3.916878104209899902e-01,3.131207525730133057e-01,-5.499824328580871224e-05,-3.646454513072967529e-01,4.517714381217956543e-01,-4.177959263324737549e-01,4.395603835582733154e-01,-3.617935776710510254e-01,-3.446353971958160400e-01,3.216849267482757568e-01,2.736266255378723145e-01,-2.046063244342803955e-01,-2.162421047687530518e-01,-4.603734612464904785e-01,-1.934730098582804203e-03,2.337191104888916016e-01,-1.185949072241783142e-01,-2.584654986858367920e-01,1.078332811594009399e-01,3.994242548942565918e-01,-3.576363027095794678e-01,4.825618863105773926e-01,-2.797589078545570374e-02,-5.006105303764343262e-01,1.447113007307052612e-01,8.595955371856689453e-02,3.944353163242340088e-01,3.862317800521850586e-01,6.384068727493286133e-02,-2.536468505859375000e-01,-1.817246675491333008e-01,2.193325012922286987e-02,3.057280480861663818e-01
2.828440815210342407e-02,9.751372970640659332e-03,-8.298292756080627441e-02,6.389111280441284180e-02,5.354403704404830933e-02,-3.941767662763595581e-02,2.389013301581144333e-03,3.802800923585891724e-02,5.463271960616111755e-02,5.307661741971969604e-02,-1.007035654038190842e-02,-4.251057654619216919e-02,7.658838480710983276e-02,6.767279654741287231e-02,7.735151052474975586e-02,9.135828167200088501e-02,-1.593775930814445019e-03,6.713421642780303955e-02,-7.185403257608413696e-02,-5.856271460652351379e-02,-3.577278926968574524e-02,6.217383220791816711e-02,6.232313439249992371e-02,-1.079586613923311234e-02,1.100477483123540878e-02,8.279030770063400269e-02,-8.459465205669403076e-02,-5.283151566982269287e-02,8.118531852960586548e-02,-3.129258751869201660e-02,-5.905999336391687393e-03,-9.302660077810287476e-02,6.230512633919715881e-02,5.710198730230331421e-02,-3.802021499723196030e-03,-9.085717797279357910e-02,5.144659057259559631e-02,7.779771089553833008e-02,-7.494552433490753174e-02,-5.016450583934783936e-02,7.723779231309890747e-02,1.141931489109992981e-02,8.298177272081375122e-02,1.991816051304340363e-02,6.594580918317660689e-05,-7.200836390256881714e-02,-8.196886628866195679e-02,-2.278050594031810760e-02,3.463127417489886284e-03,1.885188557207584381e-02,-6.975021678954362869e-03,-1.449766289442777634e-02,5.212218314409255981e-02,-6.365597364492714405e-04,-2.374918200075626373e-02,-9.481528401374816895e-02,3.631689772009849548e-02,4.950258415192365646e-03,-7.219973951578140259e-02,-6.818854063749313354e-02,2.801983850076794624e-03,1.723197405226528645e-03,1.931958133354783058e-03,3.092761337757110596e-02,1.884671486914157867e-02,-2.431624196469783783e-02,3.129877895116806030e-02,8.703070878982543945e-02,-8.267316222190856934e-02,2.544755488634109497e-02,-7.107754051685333252e-02,-9.057751856744289398e-03,-2.256873995065689087e-02,7.760832458734512329e-02,-4.028366506099700928e-02,-8.297518640756607056e-02,-6.619412451982498169e-04,9.228825569152832031e-02,-3.983235359191894531e-02,-7.855494320392608643e-02,8.515289425849914551e-02,1.849075342761352658e-04,-7.001886516809463501e-02,-1.008962863124907017e-04,-7.827853411436080933e-02,-7.934787124395370483e-02,4.598714411258697510e-02,1.789102447219192982e-03,6.022305786609649658e-02,5.855861306190490723e-02,-2.258079126477241516e-02,-2.613903023302555084e-02,-7.488588243722915649e-02,3.429143130779266357e-02,-7.452797144651412964e-02,-7.443884387612342834e-03,6.082146987318992615e-02,-6.791929081373382360e-06,-6.262911856174468994e-02,6.674686074256896973e-02,-3.249807655811309814e-02,3.846600279211997986e-02,-8.830982446670532227e-02,-7.374227792024612427e-02,9.903457015752792358e-02,-2.457760041579604149e-03,-7.244556397199630737e-02,-8.671385049819946289e-02,-3.069301322102546692e-02,-2.256501233205199242e-03,5.484022572636604309e-02,-5.891410633921623230e-02,-8.142771571874618530e-02,2.851116470992565155e-03,9.091486036777496338e-02,-8.067225664854049683e-02,5.424089729785919189e-02,2.316151559352874756e-02,-8.469717204570770264e-02,3.688434138894081116e-02,6.533454358577728271e-02,7.022298127412796021e-02,7.662446796894073486e-02,-5.232209712266921997e-02,-4.329837858676910400e-02,-4.903835803270339966e-02,7.446501695085316896e-05,6.620284169912338257e-02
-2.668674290180206299e-01,-8.298292756080627441e-02,7.415797710418701172e-01,-6.285082101821899414e-01,-4.668221473693847656e-01,3.060497045516967773e-01,-6.680146604776382446e-02,-3.550435602664947510e-01,-4.755818545818328857e-01,-5.097932815551757812e-01,1.345062851905822754e-01,4.132729768753051758e-01,-6.208426356315612793e-01,-6.491644382476806641e-01,-7.048166990280151367e-01,-7.368180751800537109e-01,1.373635884374380112e-02,-5.866450667381286621e-01,6.635808944702148438e-01,5.858857631683349609e-01,3.439195156097412109e-01,-6.107022762298583984e-01,-6.138979792594909668e-01,1.077786311507225037e-01,-1.064034029841423035e-01,-6.526739001274108887e-01,7.232533693313598633e-01,4.219455122947692871e-01,-7.162603139877319336e-01,2.954019308090209961e-01,7.885663211345672607e-02,7.859866619110107422e-01,-5.708180069923400879e-01,-6.019900441169738770e-01,3.704828396439552307e-02,7.503182291984558105e-01,-4.719150960445404053e-01,-6.969456672668457031e-01,5.989546775817871094e-01,5.116011500358581543e-01,-6.547499895095825195e-01,-1.235502958297729492e-01,-7.095976471900939941e-01,-1.940721720457077026e-01,-1.106834691017866135e-02,6.281065940856933594e-01,7.414105534553527832e-01,2.188456952571868896e-01,-3.437382355332374573e-02,-9.063843637704849243e-02,7.122981548309326172e-02,1.780906021595001221e-01,-5.068244934082031250e-01,2.336589433252811432e-02,2.072737365961074829e-01,7.974563837051391602e-01,-3.810918331146240234e-01,-4.743245989084243774e-02,6.213546395301818848e-01,6.400615572929382324e-01,7.708053104579448700e-03,-4.801532998681068420e-02,-1.922628656029701233e-02,-2.686707675457000732e-01,-1.639810651540756226e-01,2.222311496734619141e-01,-2.253673374652862549e-01,-7.227866649627685547e-01,7.185730934143066406e-01,-1.920070350170135498e-01,6.457631587982177734e-01,9.562365710735321045e-02,2.304598689079284668e-01,-7.081284523010253906e-01,3.445170521736145020e-01,7.113071680068969727e-01,5.142586305737495422e-03,-7.912330627441406250e-01,4.168953299522399902e-01,7.032381892204284668e-01,-7.599654197692871094e-01,-1.822442747652530670e-03,6.331499814987182617e-01,1.560054370202124119e-03,6.600256562232971191e-01,6.850407123565673828e-01,-4.239172935485839844e-01,-1.579809747636318207e-02,-5.107113122940063477e-01,-5.671800374984741211e-01,2.226823717355728149e-01,2.355586886405944824e-01,6.640973091125488281e-01,-3.275566101074218750e-01,6.755070090293884277e-01,8.994514495134353638e-02,-5.537189841270446777e-01,6.832812505308538675e-05,5.604868531227111816e-01,-5.776798725128173828e-01,3.693973124027252197e-01,-3.224154114723205566e-01,7.643024325370788574e-01,6.660028696060180664e-01,-8.240973353385925293e-01,-1.043630316853523254e-01,6.449398994445800781e-01,7.201693058013916016e-01,2.506374716758728027e-01,2.051896601915359497e-02,-5.266575217247009277e-01,6.012521982192993164e-01,7.193456888198852539e-01,-1.583242118358612061e-01,-7.717707157135009766e-01,7.098387479782104492e-01,-4.615229070186614990e-01,-2.279416769742965698e-01,7.413234710693359375e-01,-3.681659698486328125e-01,-5.804282426834106445e-01,-6.488591432571411133e-01,-6.853926181793212891e-01,4.343852996826171875e-01,4.777234494686126709e-01,4.862643182277679443e-01,-9.612777270376682281e-03,-6.261361241340637207e-01
1.476465910673141479e-01,6.389111280441284180e-02,-6.285082101821899414e-01,6.700519919395446777e-01,2.713299393653869629e-01,-1.462285667657852173e-01,3.445030748844146729e-02,1.524937450885772705e-01,3.886466324329376221e-01,4.187740683555603027e-01,-1.745934039354324341e-01,-3.290856778621673584e-01,4.442638456821441650e-01,5.930406451225280762e-01,5.934424400329589844e-01,5.140332579612731934e-01,-8.252958767116069794e-03,4.929074048995971680e-01,-6.290842294692993164e-01,-4.874749481678009033e-01,-3.951625525951385498e-01,5.437814593315124512e-01,5.573358535766601562e-01,-9.517382830381393433e-02,8.975557237863540649e-02,4.183703660964965820e-01,-5.552841424942016602e-01,-1.656436026096343994e-01,5.229282975196838379e-01,-1.127626597881317139e-01,-6.904889643192291260e-02,-6.880947351455688477e-01,6.006988883018493652e-01,5.050185322761535645e-01,-1.716574840247631073e-02,-5.560986995697021484e-01,3.646934330463409424e-01,5.577812194824218750e-01,-3.236207664012908936e-01,-4.673238694667816162e-01,5.338600873947143555e-01,1.328333616256713867e-01,5.678157806396484375e-01,1.522703617811203003e-01,-5.218106508255004883e-02,-4.465993940830230713e-01,-6.628003716468811035e-01,-1.938226521015167236e-01,1.591682247817516327e-02,1.074264645576477051e-01,-1.844166591763496399e-02,-5.902716889977455139e-02,4.654983878135681152e-01,-4.042686894536018372e-02,-3.900769725441932678e-02,-6.246136426925659180e-01,3.327675461769104004e-01,3.659528493881225586e-02,-5.457389354705810547e-01,-6.152597069740295410e-01,-3.514584898948669434e-02,1.165765449404716492e-01,2.109190449118614197e-02,1.701878905296325684e-01,1.579603701829910278e-01,-1.829868555068969727e-01,1.967038959264755249e-01,5.257090926170349121e-01,-5.695073604583740234e-01,-2.706180885434150696e-02,-4.726313650608062744e-01,4.680422320961952209e-02,-2.657278776168823242e-01,6.110069155693054199e-01,-2.753048539161682129e-01,-5.691003799438476562e-01,-2.255598083138465881e-03,6.211977601051330566e-01,-4.944156706333160400e-01,-5.812494754791259766e-01,6.984540224075317383e-01,1.507748034782707691e-03,-4.313476979732513428e-01,1.249638502486050129e-03,-5.067940950393676758e-01,-5.543077588081359863e-01,1.796399205923080444e-01,9.543153457343578339e-03,3.679920434951782227e-01,4.352760910987854004e-01,-1.793668270111083984e-01,-3.451857268810272217e-01,-6.252529025077819824e-01,3.523868322372436523e-01,-6.012824773788452148e-01,2.628693729639053345e-02,4.032004475593566895e-01,-5.168896677787415683e-05,-3.527881205081939697e-01,4.059645235538482666e-01,-2.017330974340438843e-01,6.191288307309150696e-02,-6.930766701698303223e-01,-5.121501684188842773e-01,7.196090221405029297e-01,2.334591895341873169e-01,-7.071884870529174805e-01,-5.753037929534912109e-01,-3.791255131363868713e-02,-2.128669805824756622e-02,5.396343469619750977e-01,-6.247633695602416992e-01,-6.521171331405639648e-01,2.464945167303085327e-01,6.169921755790710449e-01,-5.787703990936279297e-01,2.180884033441543579e-01,1.953597813844680786e-01,-5.958335995674133301e-01,3.809196949005126953e-01,4.868529140949249268e-01,5.737543106079101562e-01,5.933955907821655273e-01,-4.182190895080566406e-01,-3.995864391326904297e-01,-4.539960622787475586e-01,-2.185889286920428276e-03,5.082131028175354004e-01
4.482790827751159668e-01,5.354403704404830933e-02,-4.668221473693847656e-01,2.713299393653869629e-01,5.471382141113281250e-01,-4.284545481204986572e-01,1.208997964859008789e-01,5.510550141334533691e-01,3.479636013507843018e-01,3.497487604618072510e-01,-1.659919321537017822e-01,-3.198932409286499023e-01,3.970613181591033936e-01,4.039345085620880127e-01,4.740124642848968506e-01,6.803258061408996582e-01,-9.291510097682476044e-03,3.880685865879058838e-01,-3.677104711532592773e-01,-3.728692531585693359e-01,-1.864383518695831299e-01,3.232567012310028076e-01,2.956539094448089600e-01,2.584825502708554268e-03,7.178226113319396973e-02,5.787262320518493652e-01,-4.737575650215148926e-01,-5.577974915504455566e-01,5.556143522262573242e-01,-3.389550447463989258e-01,-1.465229839086532593e-01,-5.220465660095214844e-01,2.680459320545196533e-01,3.676461279392242432e-01,-3.970444947481155396e-02,-5.841119885444641113e-01,3.275036811828613281e-01,4.972637891769409180e-01,-6.831927895545959473e-01,-4.851695001125335693e-01,5.721135735511779785e-01,1.223978474736213684e-01,4.498520791530609131e-01,1.377781927585601807e-01,1.236884295940399170e-02,-3.585074543952941895e-01,-5.041058659553527832e-01,-1.980680525302886963e-01,7.959475368261337280e-02,5.538667365908622742e-02,-1.748638451099395752e-01,-2.473588734865188599e-01,4.479109048843383789e-01,-3.537268564105033875e-02,-2.594970464706420898e-01,-6.646551489830017090e-01,3.000275194644927979e-01,3.340209275484085083e-02,-3.350016474723815918e-01,-3.516820371150970459e-01,-5.629589408636093140e-02,-4.140482842922210693e-02,8.502637036144733429e-03,3.225329518318176270e-01,1.551444232463836670e-01,-1.397529840469360352e-01,-2.320273080840706825e-03,6.204122900962829590e-01,-5.203572511672973633e-01,3.824402987957000732e-01,-5.885456800460815430e-01,-1.634088926948606968e-03,-6.568536162376403809e-02,4.662832021713256836e-01,-3.578217923641204834e-01,-5.948464274406433105e-01,-3.962772898375988007e-03,5.837420225143432617e-01,-2.349795252084732056e-01,-5.083796381950378418e-01,5.410442352294921875e-01,1.168343471363186836e-03,-5.519252419471740723e-01,-3.141551977023482323e-03,-6.667038202285766602e-01,-4.132899343967437744e-01,4.977297186851501465e-01,1.318719331175088882e-02,2.791880667209625244e-01,4.319628179073333740e-01,-2.739223837852478027e-01,3.630534186959266663e-02,-3.393081128597259521e-01,7.005507498979568481e-02,-4.866862297058105469e-01,-3.094890415668487549e-01,4.757802486419677734e-01,-6.116982694948092103e-05,-5.010744929313659668e-01,5.671514272689819336e-01,-4.317511022090911865e-01,5.052616000175476074e-01,-5.067684650421142578e-01,-5.043978095054626465e-01,5.429331064224243164e-01,1.089933291077613831e-01,-2.933269739151000977e-01,-4.740732312202453613e-01,-4.773485660552978516e-01,-3.953896928578615189e-03,2.386626452207565308e-01,-2.172725945711135864e-01,-4.396920204162597656e-01,-4.121182428207248449e-04,6.227375864982604980e-01,-5.115718245506286621e-01,5.705040693283081055e-01,8.471494168043136597e-02,-6.376268267631530762e-01,1.746044158935546875e-01,3.106620311737060547e-01,4.664259254932403564e-01,4.910951554775238037e-01,-1.254318356513977051e-01,-3.003863990306854248e-01,-2.447107434272766113e-01,1.146191544830799103e-02,4.413267076015472412e-01
-4.082930982112884521e-01,-3.941767662763595581e-02,3.060497045516967773e-01,-1.462285667657852173e-01,-4.284545481204986572e-01,4.199882745742797852e-01,-8.681822568178176880e-02,-4.224342405796051025e-01,-3.438888788223266602e-01,-2.679921090602874756e-01,1.541396528482437134e-01,2.416064739227294922e-01,-2.688908278942108154e-01,-2.913230061531066895e-01,-3.275424242019653320e-01,-5.317550301551818848e-01,5.496173631399869919e-03,-2.795261144638061523e-01,2.616314291954040527e-01,2.634964585304260254e-01,2.163792997598648071e-01,-2.113871425390243530e-01,-1.605241447687149048e-01,-1.429758500307798386e-02,-5.752494186162948608e-02,-4.775328934192657471e-01,3.263214528560638428e-01,4.553537964820861816e-01,-3.509109914302825928e-01,2.406360954046249390e-01,1.471247375011444092e-01,4.034022390842437744e-01,-2.032120674848556519e-01,-2.139654457569122314e-01,2.650045976042747498e-02,4.430271387100219727e-01,-2.414238899946212769e-01,-3.629257082939147949e-01,5.118394494056701660e-01,3.844684362411499023e-01,-4.842550158500671387e-01,-1.063952296972274780e-01,-2.962090075016021729e-01,-9.196679294109344482e-02,4.809267446398735046e-02,2.027267664670944214e-01,3.440695106983184814e-01,1.548814773559570312e-01,-1.046031564474105835e-01,-6.613057106733322144e-02,1.678643226623535156e-01,1.320879906415939331e-01,-3.888558149337768555e-01,3.881051018834114075e-02,1.704986691474914551e-01,4.805176556110382080e-01,-2.302246391773223877e-01,-2.259557321667671204e-02,2.366002798080444336e-01,2.400389909744262695e-01,8.483202755451202393e-02,1.184936240315437317e-02,-6.374767050147056580e-03,-3.069126307964324951e-01,-1.545234769582748413e-01,1.046130433678627014e-01,5.239570513367652893e-02,-4.629597961902618408e-01,3.995293974876403809e-01,-3.087162375450134277e-01,4.386890232563018799e-01,-1.312364786863327026e-01,7.265303283929824829e-02,-3.363338112831115723e-01,3.373776078224182129e-01,4.562154114246368408e-01,2.812263090163469315e-03,-3.987832069396972656e-01,1.909912526607513428e-01,3.909418582916259766e-01,-4.056958854198455811e-01,-8.003439870662987232e-04,3.916906416416168213e-01,9.562153136357665062e-04,5.488775372505187988e-01,2.638294100761413574e-01,-3.659091889858245850e-01,-9.348521940410137177e-03,-2.320084273815155029e-01,-3.216289579868316650e-01,2.188575714826583862e-01,-2.616923116147518158e-02,2.500746250152587891e-01,-5.298177152872085571e-02,3.861022889614105225e-01,2.744975686073303223e-01,-3.128704726696014404e-01,4.585115311783738434e-05,3.729961216449737549e-01,-4.671657085418701172e-01,3.206667304039001465e-01,-4.265587329864501953e-01,3.866127431392669678e-01,3.726504445075988770e-01,-3.995184600353240967e-01,-5.111874267458915710e-02,2.186674922704696655e-01,3.361589014530181885e-01,4.231514334678649902e-01,5.393173079937696457e-03,-2.102415412664413452e-01,1.073136925697326660e-01,3.053044080734252930e-01,1.341060828417539597e-02,-4.242489635944366455e-01,3.842064738273620605e-01,-4.572566449642181396e-01,-1.590618677437305450e-02,4.764819741249084473e-01,-1.323297768831253052e-01,-1.828330606222152710e-01,-3.712610602378845215e-01,-3.702773451805114746e-01,6.151304021477699280e-02,1.912300139665603638e-01,1.796863377094268799e-01,-1.370894443243741989e-02,-3.132360875606536865e-01
1.584452837705612183e-01,2.389013301581144333e-03,-6.680146604776382446e-02,3.445030748844146729e-02,1.208997964859008789e-01,-8.681822568178176880e-02,1.108357831835746765e-01,1.624211519956588745e-01,5.151179432868957520e-02,8.612358570098876953e-02,-1.122806221246719360e-01,-6.553523242473602295e-02,-2.855747006833553314e-02,7.703310251235961914e-02,6.916978955268859863e-02,1.021004095673561096e-01,-7.096620975062251091e-04,1.025025919079780579e-02,-7.407970726490020752e-02,-9.845564514398574829e-02,-8.681726455688476562e-02,4.349068179726600647e-02,2.893724851310253143e-02,2.522816881537437439e-02,1.653381995856761932e-02,6.277790665626525879e-02,-4.086255654692649841e-02,-1.050127670168876648e-01,8.238956332206726074e-02,-1.084633991122245789e-01,-7.545082271099090576e-02,-7.968599349260330200e-02,4.930230602622032166e-02,9.159531444311141968e-02,-6.947017740458250046e-03,-6.585664302110671997e-02,4.172018170356750488e-02,8.026213943958282471e-02,-1.123049855232238770e-01,-1.873440891504287720e-01,1.253068447113037109e-01,5.543649569153785706e-02,1.923261210322380066e-02,2.580159530043601990e-02,-4.919886589050292969e-02,5.257889628410339355e-03,-8.656883239746093750e-02,-4.255987703800201416e-02,5.933221802115440369e-02,-3.825082257390022278e-02,-6.108467653393745422e-02,-7.836299389600753784e-02,1.568584293127059937e-01,-1.846999675035476685e-02,-3.801367059350013733e-02,-1.177633479237556458e-01,8.239329606294631958e-02,4.550157580524682999e-03,-1.669340953230857849e-02,-2.856712974607944489e-02,-8.682665228843688965e-02,2.457823976874351501e-02,1.856049057096242905e-03,1.220023781061172485e-01,4.171152412891387939e-02,-1.459589879959821701e-02,-1.192546263337135315e-01,9.211948513984680176e-02,-7.616743445396423340e-02,9.691823273897171021e-02,-1.423979550600051880e-01,6.576278805732727051e-02,-1.407960522919893265e-02,6.732168048620223999e-02,-1.040270403027534485e-01,-1.309720873832702637e-01,3.699245862662792206e-04,8.835526555776596069e-02,-7.819786667823791504e-02,-9.070333838462829590e-02,1.227677091956138611e-01,1.820032484829425812e-04,-1.115798875689506531e-01,-1.413092133589088917e-03,-1.618409603834152222e-01,3.368142060935497284e-03,1.542947292327880859e-01,1.027580699883401394e-03,-1.010079169645905495e-03,9.194127470254898071e-02,-9.420525282621383667e-02,4.139951243996620178e-02,-2.985870651900768280e-02,-3.824308048933744431e-03,-1.086064726114273071e-01,-1.474594771862030029e-01,7.336784154176712036e-02,-2.083279287035111338e-05,-8.145484328269958496e-02,1.262725293636322021e-01,-1.666684150695800781e-01,1.512155085802078247e-01,-7.377488911151885986e-02,-8.283244073390960693e-02,9.124696999788284302e-02,1.440188288688659668e-01,-4.559249430894851685e-02,-8.721932768821716309e-03,-1.529627293348312378e-01,-3.539342142175883055e-04,2.859350293874740601e-02,-6.040035933256149292e-02,-2.701701223850250244e-02,1.075796708464622498e-01,8.651438355445861816e-02,-9.272406995296478271e-02,1.213205084204673767e-01,-1.278496813029050827e-02,-1.445206254720687866e-01,3.239892050623893738e-02,-1.922819763422012329e-02,1.201944202184677124e-01,8.445282280445098877e-02,8.254555612802505493e-02,-8.126854151487350464e-02,-5.332996696233749390e-02,1.160754915326833725e-02,1.066882312297821045e-01
5.098862051963806152e-01,3.802800923585891724e-02,-3.550435602664947510e-01,1.524937450885772705e-01,5.510550141334533691e-01,-4.224342405796051025e-01,1.624211519956588745e-01,6.672744154930114746e-01,2.643907368183135986e-01,2.883176803588867188e-01,-1.526297032833099365e-01,-3.091193437576293945e-01,2.851202785968780518e-01,3.382597267627716064e-01,4.037403762340545654e-01,6.168729066848754883e-01,-6.693625357002019882e-03,2.719543874263763428e-01,-2.255408167839050293e-01,-3.179945647716522217e-01,-7.471667975187301636e-02,2.615566253662109375e-01,2.027230113744735718e-01,1.204312965273857117e-02,6.089232489466667175e-02,4.982086420059204102e-01,-3.740665316581726074e-01,-5.853918790817260742e-01,5.189039111137390137e-01,-3.641695380210876465e-01,-1.789647638797760010e-01,-3.902158439159393311e-01,9.456879645586013794e-02,3.559785187244415283e-01,-4.939428716897964478e-02,-5.035393238067626953e-01,2.753090858459472656e-01,4.165631830692291260e-01,-6.979256272315979004e-01,-4.923036098480224609e-01,4.794849157333374023e-01,1.147417649626731873e-01,3.285339176654815674e-01,1.275325417518615723e-01,8.584156632423400879e-02,-2.856138050556182861e-01,-4.010945260524749756e-01,-1.898074597120285034e-01,8.221894502639770508e-02,-7.088787108659744263e-02,-2.243643999099731445e-01,-3.428889513015747070e-01,4.125362634658813477e-01,-5.965305119752883911e-02,-3.187483251094818115e-01,-5.940774083137512207e-01,3.006813824176788330e-01,3.131487593054771423e-02,-1.600440144538879395e-01,-2.398472577333450317e-01,-7.612593472003936768e-02,-7.661319524049758911e-02,4.025282803922891617e-03,2.785243690013885498e-01,1.209182441234588623e-01,-1.058220267295837402e-01,-1.324145346879959106e-01,5.467566251754760742e-01,-4.405287206172943115e-01,4.392475187778472900e-01,-5.700551867485046387e-01,-7.113946974277496338e-02,-1.080509275197982788e-03,3.919322192668914795e-01,-2.888318300247192383e-01,-4.982772171497344971e-01,-3.419884480535984039e-03,5.009325146675109863e-01,-1.552720665931701660e-01,-4.262107014656066895e-01,4.297971427440643311e-01,1.077183871529996395e-03,-5.361831188201904297e-01,-4.742329008877277374e-03,-6.105917692184448242e-01,-3.092990219593048096e-01,5.430891513824462891e-01,1.314688380807638168e-02,1.609072238206863403e-01,4.131084084510803223e-01,-2.791039347648620605e-01,2.030315101146697998e-01,-1.816363930702209473e-01,-3.787694871425628662e-02,-3.863480985164642334e-01,-4.186246395111083984e-01,4.370711147785186768e-01,-6.078965088818222284e-05,-5.079752802848815918e-01,5.237507224082946777e-01,-5.336496233940124512e-01,5.859996080398559570e-01,-3.848543465137481689e-01,-4.481439292430877686e-01,3.787039816379547119e-01,1.541393101215362549e-01,-9.618380665779113770e-02,-3.517929017543792725e-01,-5.466934442520141602e-01,5.111557897180318832e-03,1.402735263109207153e-01,-9.594389051198959351e-02,-3.213780522346496582e-01,2.554879523813724518e-02,5.421907901763916016e-01,-4.126559793949127197e-01,6.213827729225158691e-01,5.417115613818168640e-02,-5.769459605216979980e-01,9.598906338214874268e-02,1.944123953580856323e-01,3.784884810447692871e-01,3.925912380218505859e-01,4.819371178746223450e-02,-3.152249753475189209e-01,-1.620682775974273682e-01,2.674135006964206696e-02,3.709531128406524658e-01
3.244120180606842041e-01,5.463271960616111755e-02,-4.755818545818328857e-01,3.886466324329376221e-01,3.479636013507843018e-01,-3.438888788223266602e-01,5.151179432868957520e-02,2.643907368183135986e-01,4.918148219585418701e-01,3.791873455047607422e-01,-1.770952343940734863e-01,-3.073101043701171875e-01,3.582261800765991211e-01,4.923560023307800293e-01,4.950574934482574463e-01,5.821001529693603516e-01,-5.751304794102907181e-03,3.565860688686370850e-01,-4.712053239345550537e-01,-4.141729772090911865e-01,-4.381249547004699707e-01,4.099690020084381104e-01,3.409179747104644775e-01,-5.222195759415626526e-02,8.525907993316650391e-02,5.160024762153625488e-01,-4.918960630893707275e-01,-3.233585059642791748e-01,4.129634797573089600e-01,-1.777530908584594727e-01,-1.475849300622940063e-01,-6.555854082107543945e-01,4.395449757575988770e-01,3.644338846206665039e-01,-1.923415251076221466e-02,-5.638713240623474121e-01,3.169856071472167969e-01,4.888787865638732910e-01,-4.061978161334991455e-01,-4.742124378681182861e-01,5.797981023788452148e-01,1.363308131694793701e-01,4.292997419834136963e-01,1.197052523493766785e-01,-1.052953973412513733e-01,-3.287819325923919678e-01,-5.045764446258544922e-01,-1.729649603366851807e-01,1.063064038753509521e-01,6.576598435640335083e-02,-1.278524696826934814e-01,-4.134171083569526672e-02,5.097868442535400391e-01,-5.648372694849967957e-02,-7.685959339141845703e-02,-5.928072333335876465e-01,2.969556748867034912e-01,2.911046147346496582e-02,-4.018212854862213135e-01,-4.309188425540924072e-01,-1.079693734645843506e-01,1.071900352835655212e-01,1.547814905643463135e-02,2.941969335079193115e-01,1.837998330593109131e-01,-1.530194133520126343e-01,3.065262548625469208e-02,5.215904712677001953e-01,-5.414530634880065918e-01,1.331037431955337524e-01,-4.677418172359466553e-01,1.800275295972824097e-01,-2.286912053823471069e-01,5.134953260421752930e-01,-3.526896536350250244e-01,-5.462325811386108398e-01,-2.523725852370262146e-03,5.371602177619934082e-01,-3.559517264366149902e-01,-5.526884198188781738e-01,6.100553870201110840e-01,1.219457830302417278e-03,-4.161019027233123779e-01,1.627994934096932411e-03,-5.812063813209533691e-01,-4.077591001987457275e-01,2.750217318534851074e-01,9.191877208650112152e-03,3.793902993202209473e-01,4.037821590900421143e-01,-1.923377364873886108e-01,-1.808042228221893311e-01,-4.771911799907684326e-01,2.532502114772796631e-01,-5.424090623855590820e-01,-1.483753770589828491e-01,3.041580319404602051e-01,-5.065676305093802512e-05,-3.953529596328735352e-01,4.670197069644927979e-01,-2.737386226654052734e-01,2.949670851230621338e-01,-6.128841638565063477e-01,-4.698270559310913086e-01,6.247222423553466797e-01,1.068438515067100525e-01,-5.246689319610595703e-01,-4.742452502250671387e-01,-2.669078409671783447e-01,-2.021881379187107086e-02,4.954862892627716064e-01,-3.901879191398620605e-01,-5.006111264228820801e-01,1.675006151199340820e-01,5.034299492835998535e-01,-5.335660576820373535e-01,3.640964329242706299e-01,7.148764282464981079e-02,-5.696328878402709961e-01,2.899717986583709717e-01,2.908132076263427734e-01,5.344899296760559082e-01,5.235571265220642090e-01,-2.233142256736755371e-01,-3.287191092967987061e-01,-3.694123327732086182e-01,2.230726741254329681e-02,4.207369387149810791e-01
2.707483470439910889e-01,5.307661741971969604e-02,-5.097932815551757812e-01,4.187740683555603027e-01,3.497487604618072510e-01,-2.679921090602874756e-01,8.612358570098876953e-02,2.883176803588867188e-01,3.791873455047607422e-01,3.726036250591278076e-01,-1.593563556671142578e-01,-2.956465184688568115e-01,3.764527142047882080e-01,4.751378893852233887e-01,4.981593787670135498e-01,5.656696557998657227e-01,-7.995576597750186920e-03,3.668543994426727295e-01,-4.793538153171539307e-01,-4.195246398448944092e-01,-3.317656219005584717e-01,4.076025784015655518e-01,3.839273452758789062e-01,-5.327037349343299866e-02,7.879278063774108887e-02,4.820793569087982178e-01,-5.018268227577209473e-01,-3.158603906631469727e-01,4.878925979137420654e-01,-2.206064909696578979e-01,-1.075877621769905090e-01,-6.128662824630737305e-01,4.188989400863647461e-01,4.120623767375946045e-01,-2.325625531375408173e-02,-5.516120791435241699e-01,3.156841993331909180e-01,4.945549666881561279e-01,-4.410702288150787354e-01,-4.506452381610870361e-01,5.271804332733154297e-01,1.177822500467300415e-01,4.608419239521026611e-01,1.295300573110580444e-01,-5.413876846432685852e-02,-3.840731084346771240e-01,-5.306228399276733398e-01,-1.612203568220138550e-01,7.263269275426864624e-02,4.626375436782836914e-02,-9.072990715503692627e-02,-1.118602082133293152e-01,4.489888846874237061e-01,-3.319796174764633179e-02,-1.195677295327186584e-01,-6.114336252212524414e-01,2.856231629848480225e-01,3.076583892107009888e-02,-4.093426167964935303e-01,-4.280318319797515869e-01,-7.402727752923965454e-02,6.914314627647399902e-02,1.397951971739530563e-02,2.571951448917388916e-01,1.435601413249969482e-01,-1.486558318138122559e-01,6.184291839599609375e-02,5.271012783050537109e-01,-5.236135125160217285e-01,1.511169672012329102e-01,-4.877083897590637207e-01,4.721951112151145935e-02,-1.808070540428161621e-01,5.052132606506347656e-01,-2.993546724319458008e-01,-5.480383634567260742e-01,-2.759098308160901070e-03,5.744984745979309082e-01,-3.234387040138244629e-01,-5.269348025321960449e-01,6.009157299995422363e-01,1.225126790814101696e-03,-4.477394223213195801e-01,-5.516528035514056683e-04,-5.482034087181091309e-01,-4.316228032112121582e-01,3.216151595115661621e-01,9.792156517505645752e-03,3.402207791805267334e-01,4.007040560245513916e-01,-1.892880350351333618e-01,-1.524810940027236938e-01,-4.624677896499633789e-01,2.247361987829208374e-01,-5.188433527946472168e-01,-1.332441717386245728e-01,3.549690544605255127e-01,-5.305930972099304199e-05,-3.904478251934051514e-01,4.459455609321594238e-01,-3.013762235641479492e-01,2.823838591575622559e-01,-5.809358358383178711e-01,-4.706287384033203125e-01,6.337010264396667480e-01,1.349011063575744629e-01,-4.948019385337829590e-01,-4.813104569911956787e-01,-2.406032383441925049e-01,-1.599190756678581238e-02,4.061133265495300293e-01,-4.210083782672882080e-01,-4.933650791645050049e-01,1.698405444622039795e-01,5.502630472183227539e-01,-5.245742797851562500e-01,3.538216054439544678e-01,1.145769059658050537e-01,-5.778188705444335938e-01,2.656939625740051270e-01,3.311042189598083496e-01,5.048225522041320801e-01,5.062633752822875977e-01,-2.278855592012405396e-01,-3.376900255680084229e-01,-3.487797975540161133e-01,1.499774213880300522e-02,4.445945024490356445e-01
-2.531102895736694336e-01,-1.007035654038190842e-02,1.345062851905822754e-01,-1.745934039354324341e-01,-1.659919321537017822e-01,1.541396528482437134e-01,-1.122806221246719360e-01,-1.526297032833099365e-01,-1.770952343940734863e-01,-1.593563556671142578e-01,2.474368959665298462e-01,1.184679493308067322e-01,4.215588420629501343e-02,-1.863753199577331543e-01,-1.425506025552749634e-01,-1.370142847299575806e-01,-7.649270119145512581e-04,-9.542385488748550415e-02,2.059525549411773682e-01,1.650951057672500610e-01,2.908234596252441406e-01,-1.085900366306304932e-01,-8.744768798351287842e-02,-4.892387986183166504e-02,-3.466160222887992859e-02,-7.564681023359298706e-02,5.441004037857055664e-02,8.741734176874160767e-02,-5.736782029271125793e-02,6.384058296680450439e-02,1.420623958110809326e-01,1.987348496913909912e-01,-2.308519035577774048e-01,-1.140723899006843567e-01,-7.519196369685232639e-04,9.128227084875106812e-02,-8.179282397031784058e-02,-1.447294503450393677e-01,6.365744769573211670e-02,3.428627252578735352e-01,-2.729156315326690674e-01,-1.292521506547927856e-01,-5.305185168981552124e-02,-3.890206292271614075e-02,1.633120477199554443e-01,-8.021497726440429688e-02,2.008262276649475098e-01,1.089209914207458496e-01,-9.572645276784896851e-02,-5.199438333511352539e-02,9.146761894226074219e-02,1.232514344155788422e-02,-3.323248326778411865e-01,5.442557856440544128e-02,-4.976199939846992493e-02,1.743607521057128906e-01,-1.601883023977279663e-01,-6.883615162223577499e-03,1.094042584300041199e-01,1.555952727794647217e-01,1.548639982938766479e-01,-9.727879613637924194e-02,-8.616411127150058746e-03,-2.094420939683914185e-01,-1.272521018981933594e-01,4.129247739911079407e-02,1.428027004003524780e-01,-1.403243243694305420e-01,1.386271715164184570e-01,-4.289300367236137390e-02,1.977792382240295410e-01,-2.990782558917999268e-01,1.023831292986869812e-01,-1.502897143363952637e-01,2.430423945188522339e-01,2.410600483417510986e-01,-1.576142269186675549e-03,-1.135029792785644531e-01,2.804386913776397705e-01,1.828371286392211914e-01,-2.801893651485443115e-01,-3.369352780282497406e-04,1.187588348984718323e-01,-1.167158246971666813e-03,2.916525900363922119e-01,1.658444106578826904e-02,-1.050647869706153870e-01,-6.999594006629195064e-06,-1.171925850212574005e-02,-1.424415409564971924e-01,1.771887540817260742e-01,9.525258094072341919e-02,1.539705097675323486e-01,-7.644867897033691406e-02,2.503233850002288818e-01,1.605575084686279297e-01,-1.186336651444435120e-01,3.013199420820455998e-05,7.883793115615844727e-02,-2.108608782291412354e-01,1.518487483263015747e-01,-9.902667999267578125e-02,2.101019769906997681e-01,1.369632333517074585e-01,-1.954095661640167236e-01,-3.018812835216522217e-01,2.658491730690002441e-01,4.826123267412185669e-02,1.575033068656921387e-01,6.518769077956676483e-03,-1.757502406835556030e-01,1.693771928548812866e-01,1.410438716411590576e-01,-1.748979240655899048e-01,-1.473371833562850952e-01,1.835516989231109619e-01,-1.057405248284339905e-01,2.807096391916275024e-02,2.415372133255004883e-01,-1.393286734819412231e-01,-1.487915497273206711e-02,-2.588030397891998291e-01,-2.074696570634841919e-01,-1.785780116915702820e-02,1.097432747483253479e-01,1.450028270483016968e-01,-2.878279658034443855e-03,-1.786012947559356689e-01
-2.596125006675720215e-01,-4.251057654619216919e-02,4.132729768753051758e-01,-3.290856778621673584e-01,-3.198932409286499023e-01,2.416064739227294922e-01,-6.553523242473602295e-02,-3.091193437576293945e-01,-3.073101043701171875e-01,-2.956465184688568115e-01,1.184679493308067322e-01,2.638132870197296143e-01,-3.125189244747161865e-01,-4.029963016510009766e-01,-4.267331957817077637e-01,-5.042431354522705078e-01,5.625283811241388321e-03,-2.969683706760406494e-01,3.606548309326171875e-01,3.373261094093322754e-01,2.319561839103698730e-01,-3.434258997440338135e-01,-3.074842393398284912e-01,4.574895650148391724e-02,-6.446827948093414307e-02,-4.107547104358673096e-01,4.156100749969482422e-01,3.025046885013580322e-01,-4.336531758308410645e-01,1.852119714021682739e-01,1.059662103652954102e-01,5.019267797470092773e-01,-2.942666113376617432e-01,-3.533935546875000000e-01,2.592381834983825684e-02,4.789327681064605713e-01,-2.630245089530944824e-01,-4.131738245487213135e-01,4.280128479003906250e-01,3.951831161975860596e-01,-4.365865886211395264e-01,-9.741767495870590210e-02,-3.756557703018188477e-01,-1.112450063228607178e-01,-2.551515819504857063e-03,3.225952684879302979e-01,4.407537579536437988e-01,1.458718031644821167e-01,-4.971498996019363403e-02,1.001187250949442387e-03,1.056332066655158997e-01,1.366115808486938477e-01,-3.763172626495361328e-01,4.311980679631233215e-02,1.362199038267135620e-01,5.355218648910522461e-01,-2.553060054779052734e-01,-2.739993855357170105e-02,2.927609086036682129e-01,3.490658402442932129e-01,5.373636260628700256e-02,-3.517027571797370911e-02,-1.058938726782798767e-02,-1.867824494838714600e-01,-1.153521612286567688e-01,1.205460056662559509e-01,-2.554626762866973877e-02,-4.570167064666748047e-01,4.414207935333251953e-01,-1.536277681589126587e-01,4.269145429134368896e-01,-2.496175235137343407e-03,1.323052942752838135e-01,-4.322362840175628662e-01,2.275863289833068848e-01,4.485344290733337402e-01,2.429844345897436142e-03,-4.907803237438201904e-01,2.529771327972412109e-01,4.461031556129455566e-01,-4.939597845077514648e-01,-1.079947105608880520e-03,3.932586312294006348e-01,8.001519017852842808e-04,4.765335917472839355e-01,3.659881055355072021e-01,-2.815024852752685547e-01,-9.176637046039104462e-03,-2.544722557067871094e-01,-3.474917411804199219e-01,1.654602736234664917e-01,7.136452943086624146e-02,3.495184779167175293e-01,-1.534887999296188354e-01,4.185185730457305908e-01,1.487178504467010498e-01,-3.059498369693756104e-01,4.472786895348690450e-05,3.611761629581451416e-01,-3.820853531360626221e-01,2.900865375995635986e-01,-2.745423614978790283e-01,4.839341938495635986e-01,4.021148681640625000e-01,-4.961210787296295166e-01,-1.187955141067504883e-01,3.573548495769500732e-01,4.014892578125000000e-01,2.316156476736068726e-01,9.789495728909969330e-03,-3.287837207317352295e-01,3.075442314147949219e-01,4.136550128459930420e-01,-1.288631856441497803e-01,-4.806832075119018555e-01,4.289020895957946777e-01,-3.478283584117889404e-01,-9.342386573553085327e-02,4.967457056045532227e-01,-2.045308798551559448e-01,-2.639315426349639893e-01,-4.082421362400054932e-01,-4.184367954730987549e-01,1.547210812568664551e-01,3.036987483501434326e-01,2.706089615821838379e-01,-1.759452745318412781e-02,-3.538590669631958008e-01
