9.108722209930419922e-01,-2.242289781570434570e-01,-2.303848862648010254e-01,7.868361473083496094e-02,-2.350241839885711670e-01,1.739074736833572388e-01,-1.378387026488780975e-02,4.520285427570343018e-01,4.182382822036743164e-01,-3.027577996253967285e-01,1.617268472909927368e-01,3.106675148010253906e-01,6.226526200771331787e-02,5.601020455360412598e-01,-8.085560984909534454e-03,1.026756595820188522e-02,-3.532262146472930908e-01,2.224567979574203491e-01,4.852544665336608887e-01,4.543628096580505371e-01,-6.165498495101928711e-01,-2.869163751602172852e-01,3.914104104042053223e-01,1.242142170667648315e-01,-2.839032709598541260e-01,-8.046408295631408691e-01,1.360351443290710449e-01,-4.431096911430358887e-01,-4.630395472049713135e-01,-6.094756126403808594e-01,-1.177914813160896301e-01,-3.004598319530487061e-01,1.966843381524085999e-02,-4.590184688568115234e-01,1.573147773742675781e-01,-5.432032346725463867e-01,2.981069087982177734e-01,-2.337994724512100220e-01,-2.135825306177139282e-01,1.064997632056474686e-02,-4.656537771224975586e-01,-5.615519359707832336e-02,4.307222366333007812e-02,-1.631516367197036743e-01,-3.451981768012046814e-02,8.080445230007171631e-02,4.077491760253906250e-01,-2.528286278247833252e-01,-3.617534935474395752e-01,3.278823792934417725e-01,4.291670322418212891e-01,-1.902703940868377686e-02,2.740454971790313721e-01,-1.002138480544090271e-01,1.958519071340560913e-01,-4.972657188773155212e-02,-3.544100821018218994e-01,-2.210915386676788330e-01,-2.965831756591796875e-01,-3.765553119592368603e-04,-1.999699622392654419e-01,5.067591071128845215e-01,-8.412825874984264374e-03,-4.988905787467956543e-01,-1.901649534702301025e-01,3.517995476722717285e-01,2.925679087638854980e-01,3.023800551891326904e-01,2.987523376941680908e-01,9.098748862743377686e-02,1.251290291547775269e-01,-6.889235377311706543e-01,2.225647717714309692e-01,7.221756130456924438e-02,1.278799176216125488e-01,-1.205228045582771301e-01,1.593212336301803589e-01,-5.023221969604492188e-01,-4.824932813644409180e-01,-5.430626869201660156e-01,-4.270357787609100342e-01,-6.997689604759216309e-02,-3.708319738507270813e-02,-2.196237891912460327e-01,-2.113399654626846313e-01,3.914824724197387695e-01,-1.147016137838363647e-01,-2.560549676418304443e-01,-2.479460835456848145e-01,2.349414527416229248e-01,2.357121258974075317e-01,3.882287442684173584e-02,-3.402252793312072754e-01,2.940268516540527344e-01,5.604690313339233398e-01,-6.824293732643127441e-01,3.505632281303405762e-01,1.525192242115736008e-02,-1.811955124139785767e-01,5.816454291343688965e-01,4.840067327022552490e-01,-1.503036320209503174e-01,-4.475524127483367920e-01,-2.440697848796844482e-01,-2.697237730026245117e-01,-6.562407314777374268e-02,1.297357678413391113e-01,3.854004144668579102e-01,4.155296683311462402e-01,3.113758862018585205e-01,5.125770568847656250e-01,-1.722336262464523315e-01,1.496147923171520233e-02,-5.233573168516159058e-02,-3.360677361488342285e-01,-3.429704010486602783e-01,3.238731026649475098e-01,-3.297793865203857422e-01,-2.304473370313644409e-01,-3.217649757862091064e-01,-3.626087605953216553e-01,2.146010249853134155e-01,2.591509222984313965e-01,-2.401765286922454834e-01,3.009985685348510742e-01,4.640891030430793762e-02,3.045588731765747070e-01,4.538790881633758545e-01
-2.242289781570434570e-01,2.800534665584564209e-01,-1.858737021684646606e-01,-3.253615200519561768e-01,4.907033741474151611e-01,5.810951068997383118e-02,-3.929956853389739990e-01,2.380045205354690552e-01,-4.477210640907287598e-01,8.874829858541488647e-02,-4.396525025367736816e-01,-4.141311645507812500e-01,3.746632635593414307e-01,-5.307987332344055176e-01,4.545244276523590088e-01,2.299396097660064697e-01,4.062699079513549805e-01,-4.455321729183197021e-01,-4.349183142185211182e-01,-1.223618611693382263e-01,2.702540755271911621e-01,3.871696591377258301e-01,-4.353059828281402588e-01,-5.033510923385620117e-01,4.012005925178527832e-01,6.346558034420013428e-02,-2.012803554534912109e-01,4.624099135398864746e-01,-6.751213967800140381e-02,2.291199564933776855e-01,-2.662089467048645020e-01,2.749476730823516846e-01,3.718232512474060059e-01,3.857947885990142822e-01,-9.789143502712249756e-02,3.347918093204498291e-01,-3.945448696613311768e-01,3.500020205974578857e-01,4.286899566650390625e-01,-3.853939175605773926e-01,3.730389475822448730e-01,3.560668826103210449e-01,-1.710014194250106812e-01,2.288314551115036011e-01,4.447039365768432617e-01,-3.272053003311157227e-01,-5.589668154716491699e-01,3.961639106273651123e-01,4.868042469024658203e-01,-4.037413895130157471e-01,-7.868178188800811768e-02,4.616199433803558350e-01,-2.616890966892242432e-01,-1.814401894807815552e-01,-1.039408519864082336e-01,-3.664075583219528198e-02,5.206700563430786133e-01,3.351275324821472168e-01,5.481188893318176270e-01,1.631781309843063354e-01,2.034871131181716919e-01,-3.397047221660614014e-01,1.183227375149726868e-01,2.613199651241302490e-01,2.994621098041534424e-01,-4.063299298286437988e-01,-1.882748007774353027e-01,-3.438393473625183105e-01,-3.192079365253448486e-01,-1.753902435302734375e-01,-4.890045523643493652e-01,2.118135988712310791e-01,-4.515888690948486328e-01,-3.640366494655609131e-01,-3.316015899181365967e-01,1.081655770540237427e-01,-1.923066377639770508e-01,3.954211175441741943e-01,-1.329649388790130615e-01,3.613659739494323730e-01,2.114360332489013672e-01,8.590272814035415649e-02,2.248253226280212402e-01,3.778846859931945801e-01,3.401898741722106934e-01,-2.590615476947277784e-04,-8.395096659660339355e-02,3.975972831249237061e-01,5.364094376564025879e-01,-3.839525282382965088e-01,-1.930034458637237549e-01,-4.136663079261779785e-01,4.940926730632781982e-01,-2.266906946897506714e-01,-4.314510226249694824e-01,5.046467781066894531e-01,-1.836581826210021973e-01,-2.862777933478355408e-02,-9.151229262351989746e-02,-3.598303794860839844e-01,-3.315380811691284180e-01,2.490991353988647461e-01,2.515008747577667236e-01,9.218084812164306641e-02,4.810461997985839844e-01,4.063208401203155518e-01,-2.580924928188323975e-01,-4.211863875389099121e-01,-5.016114711761474609e-01,-4.098825156688690186e-01,-1.291181445121765137e-01,4.498461186885833740e-01,7.300981879234313965e-02,-3.262309432029724121e-01,4.909158051013946533e-01,-1.610308587551116943e-01,-5.688134431838989258e-01,4.974238872528076172e-01,-2.896606624126434326e-01,3.821431100368499756e-01,-2.254883050918579102e-01,-2.014157921075820923e-01,-4.803618192672729492e-01,-5.425597354769706726e-02,1.048106551170349121e-01,-3.248612284660339355e-01,-4.351274967193603516e-01,-1.140812337398529053e-01
-2.303848862648010254e-01,-1.858737021684646606e-01,8.292385339736938477e-01,-5.273932591080665588e-02,-4.174918234348297119e-01,-6.299054026603698730e-01,5.148563981056213379e-01,-3.808037042617797852e-01,2.612128257751464844e-01,-5.867971479892730713e-02,6.020332574844360352e-01,2.123949229717254639e-01,-7.391513586044311523e-01,3.991725146770477295e-01,-3.279799222946166992e-01,-5.479919314384460449e-01,-2.518903911113739014e-01,2.623696066439151764e-02,4.412846267223358154e-01,5.806466564536094666e-02,4.214118123054504395e-01,-6.199102401733398438e-01,-1.380444616079330444e-01,4.717643558979034424e-01,-4.760486483573913574e-01,1.819026619195938110e-01,5.499429702758789062e-01,1.849771477282047272e-02,8.532893657684326172e-02,2.219538837671279907e-01,5.909596085548400879e-01,1.950927674770355225e-01,-4.500783681869506836e-01,1.276390254497528076e-02,-2.321991324424743652e-01,-2.053817212581634521e-01,2.286572158336639404e-01,-3.783258199691772461e-01,-5.957975387573242188e-01,6.935731768608093262e-01,1.388934403657913208e-01,-3.184262216091156006e-01,-3.953602910041809082e-01,-2.700680196285247803e-01,-1.222099661827087402e-01,-1.397636830806732178e-01,3.915882408618927002e-01,-2.165394425392150879e-01,-2.952555418014526367e-01,1.464889384806156158e-03,-5.420607924461364746e-01,-5.469316840171813965e-01,-2.540926039218902588e-01,4.022643342614173889e-02,1.304701156914234161e-02,5.635312199592590332e-01,-4.219577908515930176e-01,-2.210782766342163086e-01,-4.470683932304382324e-01,-2.040223926305770874e-01,4.532390534877777100e-01,-1.793644428253173828e-01,-1.790743619203567505e-01,4.044678509235382080e-01,3.093627393245697021e-01,3.677430748939514160e-01,-1.729307919740676880e-01,-1.912901550531387329e-01,-1.574591547250747681e-01,4.146367609500885010e-01,6.189640760421752930e-01,4.100547358393669128e-02,2.359408140182495117e-01,6.843806505203247070e-01,2.861746251583099365e-01,4.184049367904663086e-01,1.160947382450103760e-01,1.947942376136779785e-01,6.505357027053833008e-01,3.484765589237213135e-01,-4.280502498149871826e-01,-1.812915317714214325e-02,9.230213612318038940e-02,-4.214465320110321045e-01,2.125023603439331055e-01,-6.981641650199890137e-01,5.115395784378051758e-01,-5.177963972091674805e-01,-2.210116237401962280e-01,5.064937472343444824e-01,1.194662377238273621e-01,6.133832931518554688e-01,-2.114225029945373535e-01,-4.085604846477508545e-01,-2.404363267123699188e-02,-1.656402796506881714e-01,-3.529072506353259087e-03,2.791513130068778992e-02,-1.886156350374221802e-01,-2.955431938171386719e-01,9.791170805692672729e-02,3.312951028347015381e-01,3.333066124469041824e-03,2.705466151237487793e-01,-5.804397463798522949e-01,-3.990665376186370850e-01,5.973399877548217773e-01,3.429568409919738770e-01,-7.547693699598312378e-02,4.292294979095458984e-01,-4.109500050544738770e-01,-2.304818034172058105e-01,-2.665793299674987793e-01,5.619090199470520020e-01,-5.441468358039855957e-01,5.969216227531433105e-01,2.997563779354095459e-01,-5.167700648307800293e-01,-2.491221763193607330e-02,-3.830201029777526855e-01,3.301003575325012207e-01,5.968339443206787109e-01,2.262683361768722534e-01,3.338968455791473389e-01,2.365915477275848389e-01,8.137964457273483276e-02,3.233225643634796143e-01,-6.239984631538391113e-01
7.868361473083496094e-02,-3.253615200519561768e-01,-5.273932591080665588e-02,8.725025653839111328e-01,-2.895032763481140137e-01,4.510540962219238281e-01,4.706754684448242188e-01,-6.265501976013183594e-01,3.975604772567749023e-01,1.462579220533370972e-01,1.250958144664764404e-01,6.107298135757446289e-01,-2.233571372926235199e-02,2.062143981456756592e-01,-5.913974642753601074e-01,1.085278391838073730e-02,-4.681020081043243408e-01,8.671317100524902344e-01,1.289512217044830322e-01,-4.197034835815429688e-01,-6.129159331321716309e-01,3.527912870049476624e-02,7.742183804512023926e-01,5.811668038368225098e-01,-2.305616587400436401e-01,1.892932057380676270e-01,-4.060501456260681152e-01,-7.719337344169616699e-01,5.054759979248046875e-01,-4.828757345676422119e-01,7.823953032493591309e-02,-6.009706854820251465e-01,-4.734491705894470215e-01,-6.617258191108703613e-01,4.051949083805084229e-01,-9.813679754734039307e-02,4.314543902873992920e-01,-3.515031933784484863e-01,-1.105369180440902710e-01,2.359342388808727264e-02,-6.874235868453979492e-01,-3.896282613277435303e-01,8.222521543502807617e-01,-1.708381026983261108e-01,-8.369046449661254883e-01,8.706493377685546875e-01,3.943761289119720459e-01,-6.464952230453491211e-01,-4.112686812877655029e-01,8.150048851966857910e-01,5.168737769126892090e-01,-4.894348680973052979e-01,6.607393026351928711e-01,7.298560738563537598e-01,-1.681943982839584351e-02,-5.525431632995605469e-01,-4.494024515151977539e-01,-5.599327087402343750e-01,-5.606746673583984375e-01,-1.971562355756759644e-01,-7.436983585357666016e-01,6.610963940620422363e-01,-1.086386293172836304e-01,-6.299835443496704102e-01,-8.203836679458618164e-01,3.282090127468109131e-01,6.702330708503723145e-01,8.270052671432495117e-01,7.626944780349731445e-01,2.404333055019378662e-01,2.709247171878814697e-01,3.094853088259696960e-02,6.658291220664978027e-01,-9.069598466157913208e-02,5.353736281394958496e-01,-7.641859054565429688e-01,2.563614845275878906e-01,-6.971955299377441406e-01,8.364822715520858765e-03,-6.303316354751586914e-01,3.048621118068695068e-01,-1.799830645322799683e-01,-7.536970973014831543e-01,-3.494991064071655273e-01,-8.717433810234069824e-01,2.674956321716308594e-01,-7.638150453567504883e-02,-1.952891051769256592e-01,-7.177294492721557617e-01,6.905614584684371948e-02,-1.383711099624633789e-01,1.434788256883621216e-01,-5.256598591804504395e-01,7.977732419967651367e-01,5.638295412063598633e-01,-2.783143222332000732e-01,4.197100996971130371e-01,3.806399181485176086e-02,7.304127812385559082e-01,6.797961592674255371e-01,4.390042722225189209e-01,-8.251764178276062012e-01,-3.328238427639007568e-01,-3.568784594535827637e-01,-1.483727544546127319e-01,-4.204001724720001221e-01,-2.677443027496337891e-01,3.065289556980133057e-01,7.316876649856567383e-01,2.664479017257690430e-01,1.803231537342071533e-01,-5.832335948944091797e-01,3.344084322452545166e-01,4.943608492612838745e-02,-2.842400968074798584e-02,1.734583266079425812e-02,6.624488234519958496e-01,-4.623709321022033691e-01,8.130498528480529785e-01,-3.092150390148162842e-01,6.207843422889709473e-01,-4.293302595615386963e-01,7.229763865470886230e-01,-2.981303334236145020e-01,-5.712994933128356934e-01,7.122816443443298340e-01,3.727224767208099365e-01,5.698476433753967285e-01
-2.350241839885711670e-01,4.907033741474151611e-01,-4.174918234348297119e-01,-2.895032763481140137e-01,9.054686427116394043e-01,3.449581265449523926e-01,-6.102046966552734375e-01,3.492170572280883789e-01,-7.201413512229919434e-01,2.588946521282196045e-01,-8.145487308502197266e-01,-6.360484361648559570e-01,7.137272953987121582e-01,-7.925095558166503906e-01,7.347861528396606445e-01,5.892699956893920898e-01,7.166722416877746582e-01,-4.648838341236114502e-01,-7.150425910949707031e-01,-2.697226107120513916e-01,1.323683857917785645e-01,7.292600274085998535e-01,-5.409650802612304688e-01,-7.162023186683654785e-01,6.760587692260742188e-01,3.650335595011711121e-02,-5.363270044326782227e-01,5.183882117271423340e-01,-8.515442162752151489e-02,1.205737590789794922e-01,-6.815695762634277344e-01,2.697463035583496094e-01,6.244825720787048340e-01,4.354910552501678467e-01,-1.688582822680473328e-02,6.919955611228942871e-01,-7.503536939620971680e-01,6.932070851325988770e-01,7.333911657333374023e-01,-7.712149620056152344e-01,4.193668663501739502e-01,7.511929869651794434e-01,-2.513239346444606781e-02,4.979684054851531982e-01,5.436316728591918945e-01,-2.969939708709716797e-01,-8.727291226387023926e-01,5.727288722991943359e-01,8.431930541992187500e-01,-4.120962619781494141e-01,1.052669063210487366e-01,7.474924325942993164e-01,-2.813597619533538818e-01,-9.690843522548675537e-02,-1.169233173131942749e-01,-2.973155677318572998e-01,7.863941192626953125e-01,5.864936709403991699e-01,7.316336035728454590e-01,3.453074693679809570e-01,6.903829425573348999e-02,-3.679814636707305908e-01,2.724865674972534180e-01,2.483479082584381104e-01,2.392412126064300537e-01,-7.275497913360595703e-01,-5.675447359681129456e-02,-3.009481728076934814e-01,-2.309328168630599976e-01,-2.442948073148727417e-01,-8.472086191177368164e-01,3.561040759086608887e-01,-6.071422100067138672e-01,-7.381815314292907715e-01,-6.084523797035217285e-01,-9.462074935436248779e-02,-3.678596913814544678e-01,4.485558569431304932e-01,-4.466444253921508789e-01,3.484941124916076660e-01,4.837321639060974121e-01,1.316953897476196289e-01,1.640465706586837769e-01,7.123388051986694336e-01,2.493073940277099609e-01,1.763215661048889160e-01,-3.017343878746032715e-01,7.438315749168395996e-01,7.491152286529541016e-01,-7.990800738334655762e-01,-5.264362692832946777e-01,-8.081688284873962402e-01,7.815473675727844238e-01,-5.516915023326873779e-02,-6.121548414230346680e-01,7.381001710891723633e-01,-1.192436888813972473e-01,-5.729744210839271545e-02,1.190320402383804321e-01,-2.500543594360351562e-01,-5.121554732322692871e-01,1.410775184631347656e-01,3.750515580177307129e-01,1.104122144170105457e-03,8.171861171722412109e-01,6.913487911224365234e-01,-6.096017360687255859e-01,-7.213413715362548828e-01,-6.304346919059753418e-01,-7.413867115974426270e-01,-6.188858300447463989e-02,7.197187542915344238e-01,3.793661892414093018e-01,-7.138271331787109375e-01,8.457977771759033203e-01,-3.545577526092529297e-01,-7.466095089912414551e-01,7.153259515762329102e-01,-3.300782144069671631e-01,6.745997667312622070e-01,-3.400937616825103760e-01,-5.097416639328002930e-01,-6.795072555541992188e-01,-3.133167922496795654e-01,9.037972241640090942e-02,-4.382261037826538086e-01,-8.077472448348999023e-01,1.177055463194847107e-01
1.739074736833572388e-01,5.810951068997383118e-02,-6.299054026603698730e-01,4.510540962219238281e-01,3.449581265449523926e-01,9.373007416725158691e-01,-2.705647051334381104e-01,3.675617650151252747e-02,-2.652242183685302734e-01,2.245751470327377319e-01,-5.920385122299194336e-01,-9.141088463366031647e-03,6.869017481803894043e-01,-3.929508626461029053e-01,9.196850657463073730e-02,5.210505127906799316e-01,1.425419151782989502e-01,3.087376356124877930e-01,-4.565434753894805908e-01,-3.752092123031616211e-01,-5.886876583099365234e-01,6.629759073257446289e-01,3.632309734821319580e-01,-2.268468141555786133e-01,4.288489818572998047e-01,-1.270184367895126343e-01,-7.537985444068908691e-01,-2.602929174900054932e-01,2.686299383640289307e-01,-4.743162691593170166e-01,-4.938657879829406738e-01,-4.184214174747467041e-01,2.536476850509643555e-01,-1.785336434841156006e-01,3.500348925590515137e-01,2.798610329627990723e-01,-1.414485424757003784e-01,2.920524775981903076e-01,5.707581043243408203e-01,-7.004647850990295410e-01,-4.667870402336120605e-01,2.395567297935485840e-01,7.160014510154724121e-01,2.599998712539672852e-01,-1.817484349012374878e-01,4.511909186840057373e-01,-2.318675965070724487e-01,-4.116856679320335388e-02,1.611238569021224976e-01,2.872291207313537598e-01,7.993752360343933105e-01,3.075643777847290039e-01,5.073980689048767090e-01,2.673770785331726074e-01,3.289063274860382080e-02,-7.883400917053222656e-01,2.562524378299713135e-01,1.819928735494613647e-02,2.116579264402389526e-01,1.549784094095230103e-01,-6.396984457969665527e-01,3.853853344917297363e-01,1.579878032207489014e-01,-5.065336227416992188e-01,-6.038284301757812500e-01,-2.843063175678253174e-01,4.462624490261077881e-01,4.405109584331512451e-01,4.950783848762512207e-01,-2.789744436740875244e-01,-5.258430242538452148e-01,4.088086262345314026e-02,-9.844987653195858002e-03,-7.468889951705932617e-01,-3.727822750806808472e-02,-6.571727991104125977e-01,-3.938246145844459534e-02,-3.624316155910491943e-01,-5.537111759185791016e-01,-5.072923898696899414e-01,6.177749037742614746e-01,-4.450993984937667847e-02,-3.693608939647674561e-01,3.086116313934326172e-01,-5.521488189697265625e-01,7.537853121757507324e-01,-5.249459743499755859e-01,4.751450419425964355e-01,-7.937023788690567017e-02,-5.244320631027221680e-01,-2.867021262645721436e-01,-5.815065503120422363e-01,1.273504197597503662e-01,6.840183138847351074e-01,1.291995346546173096e-01,9.954752027988433838e-02,1.571189761161804199e-01,-1.700033992528915405e-02,5.364303588867187500e-01,5.227445960044860840e-01,-5.136656016111373901e-02,-6.467028260231018066e-01,-1.353066712617874146e-01,-4.113070368766784668e-01,5.800239443778991699e-01,4.047381579875946045e-01,-7.592797279357910156e-01,-3.566324710845947266e-01,3.009907305240631104e-01,-3.672682046890258789e-01,4.677371382713317871e-01,-5.803671479225158691e-02,4.266667068004608154e-01,-4.613783061504364014e-01,5.959271788597106934e-01,-3.465181291103363037e-01,-7.700691372156143188e-02,2.739163637161254883e-01,3.037931919097900391e-01,3.086368739604949951e-01,4.199707508087158203e-02,-7.939873933792114258e-01,6.366077065467834473e-02,-4.129603803157806396e-01,-4.677158892154693604e-01,2.418752759695053101e-01,-2.373557835817337036e-01,7.877413630485534668e-01
-1.378387026488780975e-02,-3.929956853389739990e-01,5.148563981056213379e-01,4.706754684448242188e-01,-6.102046966552734375e-01,-2.705647051334381104e-01,9.116012454032897949e-01,-6.153009533882141113e-01,5.572324395179748535e-01,-1.048355698585510254e-01,7.439953684806823730e-01,6.644837260246276855e-01,-7.814658284187316895e-01,6.475017666816711426e-01,-6.283967494964599609e-01,-5.263661742210388184e-01,-6.425325870513916016e-01,5.544053912162780762e-01,6.267351508140563965e-01,-1.636613309383392334e-01,3.029079176485538483e-02,-5.722279548645019531e-01,4.424381256103515625e-01,8.661432862281799316e-01,-7.631737589836120605e-01,1.604331433773040771e-01,2.965173721313476562e-01,-5.754199624061584473e-01,4.849093556404113770e-01,-3.217872381210327148e-01,5.213449001312255859e-01,-5.004625022411346436e-02,-8.231233358383178711e-01,-4.571052491664886475e-01,2.778013981878757477e-02,-3.005987703800201416e-01,5.227369666099548340e-01,-6.394680142402648926e-01,-7.766551375389099121e-01,6.908494830131530762e-01,-2.964192032814025879e-01,-5.882818698883056641e-01,1.355143934488296509e-01,-3.962604105472564697e-01,-6.219403743743896484e-01,4.563148319721221924e-01,6.282746791839599609e-01,-7.167945504188537598e-01,-5.981066226959228516e-01,5.559867024421691895e-01,9.721391252242028713e-04,-8.616295456886291504e-01,1.577173024415969849e-01,3.898988366127014160e-01,-2.271463572978973389e-01,1.960877925157546997e-01,-7.769994139671325684e-01,-6.158448457717895508e-01,-8.533994555473327637e-01,-3.050526380538940430e-01,-1.367584615945816040e-01,2.879714667797088623e-01,-2.645251452922821045e-01,-1.525562703609466553e-01,-1.963159441947937012e-01,7.040400505065917969e-01,2.756280899047851562e-01,4.022738337516784668e-01,3.646242618560791016e-01,6.475389599800109863e-01,7.973513007164001465e-01,-2.668947577476501465e-01,7.881209254264831543e-01,6.626277565956115723e-01,6.538574695587158203e-01,-1.727535277605056763e-01,3.121636807918548584e-01,-3.150267302989959717e-01,5.876735448837280273e-01,-1.043956279754638672e-01,-3.840695619583129883e-01,-1.475577056407928467e-01,-4.941898882389068604e-01,-7.321413159370422363e-01,-3.858917653560638428e-01,-4.993584752082824707e-01,5.848544836044311523e-01,-7.213206291198730469e-01,-6.612282991409301758e-01,5.583634972572326660e-01,-3.798212110996246338e-02,7.314192652702331543e-01,-5.066568851470947266e-01,8.881530165672302246e-02,5.090414285659790039e-01,-4.580202996730804443e-01,4.201637506484985352e-01,5.578612536191940308e-02,1.331660598516464233e-01,2.500012218952178955e-01,4.973036050796508789e-01,-1.350806653499603271e-01,-5.384419858455657959e-02,-4.734912421554327011e-03,-7.508955001831054688e-01,-6.575739383697509766e-01,5.359483361244201660e-01,6.514722108840942383e-01,4.059550166130065918e-01,7.158939838409423828e-01,-4.284275174140930176e-01,-5.765450000762939453e-01,1.437474489212036133e-01,5.062286257743835449e-01,-6.085351705551147461e-01,3.403370976448059082e-01,8.186101913452148438e-01,-7.897626757621765137e-01,4.516248106956481934e-01,-7.263327240943908691e-01,6.694547533988952637e-01,3.779842555522918701e-01,6.736962199211120605e-01,2.645111680030822754e-01,9.911233559250831604e-03,3.825410306453704834e-01,6.306959986686706543e-01,-1.740067750215530396e-01
4.520285427570343018e-01,2.380045205354690552e-01,-3.808037042617797852e-01,-6.265501976013183594e-01,3.492170572280883789e-01,3.675617650151252747e-02,-6.153009533882141113e-01,9.539039134979248047e-01,-2.867614030838012695e-01,-2.312046587467193604e-01,-3.393273949623107910e-01,-4.901005327701568604e-01,3.941577672958374023e-01,-1.203565821051597595e-01,6.626068949699401855e-01,2.979557812213897705e-01,3.880864083766937256e-01,-6.103798151016235352e-01,-9.930877387523651123e-02,5.777454972267150879e-01,2.642726339399814606e-02,1.651109606027603149e-01,-4.586750864982604980e-01,-6.575169563293457031e-01,3.082505464553833008e-01,-6.126287579536437988e-01,1.364686489105224609e-01,4.270684421062469482e-01,-6.994403600692749023e-01,-9.297480806708335876e-03,-4.748216271400451660e-01,2.650045454502105713e-01,6.260977983474731445e-01,3.175159990787506104e-01,-1.560434699058532715e-01,-1.125929993577301502e-03,-3.829352855682373047e-01,4.032715559005737305e-01,2.645303606986999512e-01,-3.889248669147491455e-01,3.299138844013214111e-01,5.315222144126892090e-01,-4.867459535598754883e-01,2.318784743547439575e-01,7.517395615577697754e-01,-6.256698369979858398e-01,-3.452128469944000244e-01,5.329431295394897461e-01,3.787756860256195068e-01,-5.263767838478088379e-01,3.801926225423812866e-02,6.669614911079406738e-01,-2.985470592975616455e-01,-7.000241279602050781e-01,1.701589971780776978e-01,1.541365534067153931e-01,4.205368161201477051e-01,5.085961818695068359e-01,5.280866026878356934e-01,2.843237221240997314e-01,3.145655095577239990e-01,-2.394234687089920044e-01,1.983559578657150269e-01,1.399158835411071777e-01,4.515694677829742432e-01,-3.045062422752380371e-01,-3.351571559906005859e-01,-4.825234115123748779e-01,-4.111317098140716553e-01,-3.736195266246795654e-01,-4.883864820003509521e-01,-3.373425304889678955e-01,-5.687511563301086426e-01,-2.186651527881622314e-01,-5.642598271369934082e-01,3.974108695983886719e-01,-2.195963561534881592e-01,2.643687129020690918e-01,-6.088438034057617188e-01,1.014772653579711914e-01,-2.215505093336105347e-01,1.358858197927474976e-01,5.749215483665466309e-01,4.274001121520996094e-01,4.968260228633880615e-01,2.797258794307708740e-01,-2.807935178279876709e-01,3.069565594196319580e-01,5.983851552009582520e-01,-2.001523673534393311e-01,9.562948346138000488e-02,-3.983067870140075684e-01,4.491622745990753174e-01,-3.344596028327941895e-01,-2.573257684707641602e-01,-1.453354954719543457e-03,-1.647146791219711304e-01,-4.276684299111366272e-02,-5.600745677947998047e-01,-1.024020388722419739e-01,-2.208174020051956177e-01,4.696170091629028320e-01,5.014891177415847778e-02,2.635706216096878052e-02,3.078184723854064941e-01,5.511232614517211914e-01,-2.766326442360877991e-02,-2.795233428478240967e-01,-3.987458348274230957e-01,-2.891503274440765381e-01,2.910823822021484375e-01,5.621668696403503418e-01,-9.729667752981185913e-02,-3.622409999370574951e-01,1.470545381307601929e-01,-4.051080644130706787e-01,-5.481314659118652344e-01,4.538791775703430176e-01,-8.050987124443054199e-01,3.085145056247711182e-01,-8.696259260177612305e-01,1.519370824098587036e-01,-6.059526801109313965e-01,2.662564627826213837e-02,5.353173017501831055e-01,-6.138575673103332520e-01,-3.627539873123168945e-01,5.308615043759346008e-02
4.182382822036743164e-01,-4.477210640907287598e-01,2.612128257751464844e-01,3.975604772567749023e-01,-7.201413512229919434e-01,-2.652242183685302734e-01,5.572324395179748535e-01,-2.867614030838012695e-01,8.442320823669433594e-01,-2.385025620460510254e-01,7.128792405128479004e-01,7.062956094741821289e-01,-5.546097755432128906e-01,8.359007835388183594e-01,-6.462003588676452637e-01,-3.766549229621887207e-01,-7.288745641708374023e-01,6.195991039276123047e-01,7.556175589561462402e-01,2.591670155525207520e-01,-4.031796157360076904e-01,-6.618174910545349121e-01,6.305435895919799805e-01,7.584710121154785156e-01,-7.034386992454528809e-01,-1.459339410066604614e-01,3.615116178989410400e-01,-6.967947483062744141e-01,-5.199397355318069458e-02,-3.033274710178375244e-01,3.980792164802551270e-01,-4.046271741390228271e-01,-5.992347002029418945e-01,-6.872971057891845703e-01,1.966377794742584229e-01,-6.248160004615783691e-01,6.960636377334594727e-01,-6.561006307601928711e-01,-6.882898807525634766e-01,6.410554647445678711e-01,-4.470554590225219727e-01,-6.100538372993469238e-01,1.520071625709533691e-01,-4.478199779987335205e-01,-6.242843866348266602e-01,4.485262930393218994e-01,8.007278442382812500e-01,-6.390088796615600586e-01,-7.292264699935913086e-01,6.328965425491333008e-01,9.930946864187717438e-03,-6.808581948280334473e-01,3.652458786964416504e-01,3.031774759292602539e-01,1.057345941662788391e-01,1.221608743071556091e-01,-7.998704314231872559e-01,-6.092991232872009277e-01,-8.137084841728210449e-01,-3.031503260135650635e-01,-2.800225913524627686e-01,5.599779486656188965e-01,-2.238571643829345703e-01,-4.617625474929809570e-01,-3.512229323387145996e-01,7.133275866508483887e-01,3.510811924934387207e-01,5.377838611602783203e-01,3.714550733566284180e-01,3.919561505317687988e-01,7.588353157043457031e-01,-3.875450193881988525e-01,6.963175535202026367e-01,6.020671725273132324e-01,5.480548143386840820e-01,-1.656198501586914062e-01,3.459290862083435059e-01,-6.176046133041381836e-01,1.894473135471343994e-01,-4.897295236587524414e-01,-4.759307205677032471e-01,-1.592095941305160522e-01,-3.645647764205932617e-01,-6.630135178565979004e-01,-4.151794314384460449e-01,-1.158435493707656860e-01,2.380539774894714355e-01,-6.867393255233764648e-01,-7.232219576835632324e-01,6.197289228439331055e-01,3.191886544227600098e-01,6.557460427284240723e-01,-8.008526563644409180e-01,2.752720415592193604e-01,7.275997996330261230e-01,-7.378848195075988770e-01,3.893151283264160156e-01,5.438872054219245911e-02,5.891041830182075500e-02,4.803085923194885254e-01,6.856026649475097656e-01,-2.731336057186126709e-01,-4.344960451126098633e-01,-1.337342113256454468e-01,-7.859212160110473633e-01,-7.771985530853271484e-01,4.914590120315551758e-01,7.872689962387084961e-01,6.666461825370788574e-01,6.985886096954345703e-01,1.152918785810470581e-01,-5.747077465057373047e-01,-1.311638951301574707e-01,3.735468089580535889e-01,-7.477667927742004395e-01,1.707088015973567963e-02,8.201485872268676758e-01,-7.606670260429382324e-01,3.536576628684997559e-01,-6.782631874084472656e-01,2.522053718566894531e-01,4.111538827419281006e-01,7.142968177795410156e-01,4.389887209981679916e-03,9.778830222785472870e-03,4.588133096694946289e-01,7.141159176826477051e-01,1.183081269264221191e-01
-3.027577996253967285e-01,8.874829858541488647e-02,-5.867971479892730713e-02,1.462579220533370972e-01,2.588946521282196045e-01,2.245751470327377319e-01,-1.048355698585510254e-01,-2.312046587467193604e-01,-2.385025620460510254e-01,2.528736591339111328e-01,-3.611877262592315674e-01,-1.306617259979248047e-01,3.239994645118713379e-01,-4.508896470069885254e-01,3.093242831528186798e-02,1.330444663763046265e-01,1.967680603265762329e-01,5.463507398962974548e-02,-4.163306951522827148e-01,-2.845143079757690430e-01,-4.653045162558555603e-02,3.443186581134796143e-01,-5.595835298299789429e-02,-1.778464615345001221e-01,3.592113852500915527e-01,3.034974336624145508e-01,-3.233875632286071777e-01,9.740710258483886719e-02,1.924268454313278198e-01,1.265198439359664917e-01,-1.175862401723861694e-01,-1.033056527376174927e-01,1.680378913879394531e-01,7.525201141834259033e-02,6.983009725809097290e-02,2.716334164142608643e-01,-1.565058082342147827e-01,1.698295325040817261e-01,3.883320987224578857e-01,-3.217841982841491699e-01,-1.458628289401531219e-02,1.326311081647872925e-01,2.689956128597259521e-01,1.330729424953460693e-01,-7.821821421384811401e-02,1.158906966447830200e-01,-2.686790525913238525e-01,1.219872906804084778e-01,2.269535213708877563e-01,-1.386904902756214142e-02,2.597090974450111389e-02,1.644285470247268677e-01,7.773535698652267456e-02,2.228633910417556763e-01,4.999802634119987488e-02,-2.472258359193801880e-01,2.781743407249450684e-01,7.864162325859069824e-02,2.473961710929870605e-01,4.678311944007873535e-02,-1.477048397064208984e-01,-3.748446702957153320e-02,6.090240180492401123e-02,8.067512512207031250e-02,-1.832600533962249756e-01,-2.800078690052032471e-01,5.459482967853546143e-02,3.462694212794303894e-02,1.096487343311309814e-01,-1.834426522254943848e-01,-3.004575371742248535e-01,4.559084177017211914e-01,-1.513021141290664673e-01,-3.780200779438018799e-01,-8.612886816263198853e-02,-2.056709975004196167e-01,-7.195380330085754395e-02,5.421615019440650940e-02,-6.228617206215858459e-02,1.501089613884687424e-02,4.922900795936584473e-01,1.184925064444541931e-02,-7.621983438730239868e-02,2.203488945960998535e-01,-1.332354545593261719e-01,1.570011824369430542e-01,-2.063313722610473633e-01,3.002264201641082764e-01,8.491774648427963257e-02,-2.833341658115386963e-01,-1.330702006816864014e-01,-2.837567627429962158e-01,1.482658237218856812e-01,1.962517797946929932e-01,-2.582258582115173340e-01,3.500895202159881592e-01,-1.311383694410324097e-01,-1.163775566965341568e-02,3.470108807086944580e-01,-1.975408568978309631e-02,-1.910356730222702026e-01,-2.291008830070495605e-01,3.407222032546997070e-02,-3.402354568243026733e-02,4.217945039272308350e-01,1.675065308809280396e-01,-4.668125212192535400e-01,-3.058397173881530762e-01,-6.516149640083312988e-02,-2.933755218982696533e-01,5.156200006604194641e-02,1.848297193646430969e-02,1.397060602903366089e-01,-1.095461845397949219e-01,4.038037359714508057e-01,8.388988673686981201e-02,-2.191637009382247925e-01,1.983938366174697876e-01,2.371683865785598755e-01,2.899484038352966309e-01,1.442129164934158325e-01,-4.496557712554931641e-01,-7.691384106874465942e-02,-1.917188912630081177e-01,-3.579794466495513916e-01,1.009217351675033569e-01,-2.218645513057708740e-01,1.153100505471229553e-01
1.617268472909927368e-01,-4.396525025367736816e-01,6.020332574844360352e-01,1.250958144664764404e-01,-8.145487308502197266e-01,-5.920385122299194336e-01,7.439953684806823730e-01,-3.393273949623107910e-01,7.128792405128479004e-01,-3.611877262592315674e-01,9.602970480918884277e-01,6.269950270652770996e-01,-9.322541952133178711e-01,8.728253245353698730e-01,-6.026285290718078613e-01,-7.347899675369262695e-01,-7.259215116500854492e-01,3.093305528163909912e-01,8.652583956718444824e-01,2.573394775390625000e-01,1.439178287982940674e-01,-8.766158819198608398e-01,3.294214010238647461e-01,8.058988451957702637e-01,-8.877893686294555664e-01,-6.188322976231575012e-02,6.890559196472167969e-01,-4.188449084758758545e-01,1.179994419217109680e-01,-1.325393468141555786e-01,6.963146328926086426e-01,3.787621110677719116e-02,-7.527631521224975586e-01,-3.612788915634155273e-01,-1.215144544839859009e-01,-6.032075881958007812e-01,6.618096828460693359e-01,-7.685962915420532227e-01,-9.386330246925354004e-01,9.394923448562622070e-01,-1.602607220411300659e-01,-7.066212296485900879e-01,-2.399799674749374390e-01,-5.465238094329833984e-01,-4.042848050594329834e-01,1.431404650211334229e-01,7.980682253837585449e-01,-6.067072153091430664e-01,-7.460591793060302734e-01,3.386297821998596191e-01,-2.744264900684356689e-01,-8.360190391540527344e-01,-2.384661696851253510e-02,5.581240355968475342e-02,-1.022232249379158020e-01,5.497516989707946777e-01,-8.509000539779663086e-01,-5.831983089447021484e-01,-8.202037811279296875e-01,-3.512223660945892334e-01,1.706067770719528198e-01,1.900611668825149536e-01,-3.180111050605773926e-01,-4.933985695242881775e-02,8.097834140062332153e-02,8.315404653549194336e-01,1.694452948868274689e-02,1.743629574775695801e-01,6.273876130580902100e-02,5.818160772323608398e-01,9.464622139930725098e-01,-4.702873528003692627e-01,6.610372066497802734e-01,9.295256733894348145e-01,6.137013435363769531e-01,2.232368141412734985e-01,3.491391837596893311e-01,-2.215215116739273071e-01,6.322995424270629883e-01,-2.719909697771072388e-02,-7.420560121536254883e-01,-1.171995401382446289e-01,-1.556464135646820068e-01,-8.327516317367553711e-01,-3.932376205921173096e-02,-5.747197866439819336e-01,6.595124602317810059e-01,-8.988436460494995117e-01,-5.910446047782897949e-01,8.382728099822998047e-01,3.252835273742675781e-01,9.154216647148132324e-01,-6.250843405723571777e-01,-2.140865623950958252e-01,5.468480587005615234e-01,-6.583620905876159668e-01,2.737396061420440674e-01,6.144891679286956787e-02,-2.965306043624877930e-01,4.828000441193580627e-02,5.691323876380920410e-01,1.654722392559051514e-01,-1.362148672342300415e-01,1.493003517389297485e-01,-9.684987068176269531e-01,-7.363204956054687500e-01,8.663035035133361816e-01,8.249156475067138672e-01,3.452031016349792480e-01,8.632848262786865234e-01,-3.310774564743041992e-01,-5.437005758285522461e-01,-2.903751432895660400e-01,6.705482006072998047e-01,-9.058369398117065430e-01,3.253786861896514893e-01,7.510170936584472656e-01,-7.929157614707946777e-01,1.314775347709655762e-01,-8.313096761703491211e-01,3.618144989013671875e-01,7.680422067642211914e-01,5.799601674079895020e-01,4.012605547904968262e-01,2.683546245098114014e-01,2.098148316144943237e-01,7.847796082496643066e-01,-3.964048922061920166e-01
3.106675148010253906e-01,-4.141311645507812500e-01,2.123949229717254639e-01,6.107298135757446289e-01,-6.360484361648559570e-01,-9.141088463366031647e-03,6.644837260246276855e-01,-4.901005327701568604e-01,7.062956094741821289e-01,-1.306617259979248047e-01,6.269950270652770996e-01,7.445033788681030273e-01,-5.132411718368530273e-01,7.354894280433654785e-01,-6.838400363922119141e-01,-3.086223006248474121e-01,-6.950992941856384277e-01,7.773754000663757324e-01,6.416918635368347168e-01,-5.259829759597778320e-02,-4.492807984352111816e-01,-4.946687817573547363e-01,7.568515539169311523e-01,8.587795495986938477e-01,-6.851349472999572754e-01,-4.918072372674942017e-02,1.142081692814826965e-01,-8.091334700584411621e-01,2.791659533977508545e-01,-4.833988547325134277e-01,3.657961785793304443e-01,-4.198415577411651611e-01,-7.017188668251037598e-01,-6.906799674034118652e-01,2.261305451393127441e-01,-4.503143727779388428e-01,6.218833923339843750e-01,-5.949690341949462891e-01,-6.250579953193664551e-01,5.363813042640686035e-01,-5.772688984870910645e-01,-5.776318907737731934e-01,4.188414812088012695e-01,-3.658035993576049805e-01,-7.737452983856201172e-01,6.644344925880432129e-01,7.504265904426574707e-01,-7.436789274215698242e-01,-6.980044245719909668e-01,7.786598205566406250e-01,2.633848488330841064e-01,-7.554123997688293457e-01,4.349329471588134766e-01,4.857913255691528320e-01,-5.007158592343330383e-02,-8.895944058895111084e-02,-8.036198019981384277e-01,-6.237058639526367188e-01,-8.880132436752319336e-01,-2.730338275432586670e-01,-4.366702735424041748e-01,5.944367051124572754e-01,-2.039650380611419678e-01,-5.426856875419616699e-01,-5.178343653678894043e-01,6.738637685775756836e-01,4.930804669857025146e-01,7.042350769042968750e-01,5.395781993865966797e-01,5.057210326194763184e-01,7.154325842857360840e-01,-3.559186458587646484e-01,8.234218955039978027e-01,4.565882086753845215e-01,6.078953742980957031e-01,-4.139117896556854248e-01,3.272377550601959229e-01,-6.509360074996948242e-01,2.471694797277450562e-01,-5.157155394554138184e-01,-2.921629846096038818e-01,-1.716421693563461304e-01,-6.106491684913635254e-01,-6.496537923812866211e-01,-6.209881305694580078e-01,-7.427855581045150757e-02,2.773259282112121582e-01,-6.132159233093261719e-01,-8.234536647796630859e-01,4.818411469459533691e-01,8.679002523422241211e-02,5.728076100349426270e-01,-7.425346374511718750e-01,4.585193693637847900e-01,7.659043073654174805e-01,-6.450729370117187500e-01,5.041252374649047852e-01,5.207753553986549377e-02,2.882698476314544678e-01,5.703724026679992676e-01,6.259301304817199707e-01,-4.773937165737152100e-01,-3.298287987709045410e-01,-1.847102344036102295e-01,-6.983100771903991699e-01,-6.982920169830322266e-01,3.368503749370574951e-01,7.011951208114624023e-01,7.321103811264038086e-01,6.409515142440795898e-01,2.259563840925693512e-02,-6.465954780578613281e-01,7.046920061111450195e-02,3.134199082851409912e-01,-5.683330893516540527e-01,5.837963148951530457e-02,9.213960170745849609e-01,-7.797438502311706543e-01,5.664846897125244141e-01,-6.623404622077941895e-01,5.021109580993652344e-01,1.872416883707046509e-01,8.073022961616516113e-01,-5.427401885390281677e-02,-1.559367328882217407e-01,5.538763403892517090e-01,6.510512828826904297e-01,2.427793890237808228e-01
