9.952247142791748047e-01,4.288968816399574280e-02,-7.434654235839843750e-01,-5.876530408859252930e-01,5.381879210472106934e-01,9.137298464775085449e-01,8.682690858840942383e-01,6.148523092269897461e-01,-8.483747839927673340e-01,9.151861667633056641e-01,-9.506096243858337402e-01,5.384763479232788086e-01,9.725881814956665039e-01,-9.246707558631896973e-01,2.184203267097473145e-01,-8.271434903144836426e-01,3.511797785758972168e-01,8.470107913017272949e-01,-7.663725018501281738e-01,-2.537335157394409180e-01,-2.110633254051208496e-01,4.123323559761047363e-01,4.433076977729797363e-01,3.249150216579437256e-01,9.500054121017456055e-01,-6.857200860977172852e-01,4.394099116325378418e-01,-5.529788136482238770e-01,-8.188237547874450684e-01,-5.983418822288513184e-01,9.177277684211730957e-01,-9.223171472549438477e-01,8.984519839286804199e-01,-6.500002741813659668e-01,-7.655297517776489258e-01,-9.427282214164733887e-01,-5.253935456275939941e-01,7.884498834609985352e-01,9.598936438560485840e-01,-9.657906889915466309e-01,-9.400217533111572266e-01,3.586219549179077148e-01,6.995553374290466309e-01,8.411002755165100098e-01,-5.155348181724548340e-01,-5.883552432060241699e-01,8.176579475402832031e-01,9.142956137657165527e-01,-6.140851974487304688e-01,5.099081993103027344e-01,-5.652930736541748047e-01,9.003252983093261719e-01,9.247056841850280762e-01,1.175295859575271606e-01,-2.292461395263671875e-01,-4.009786844253540039e-01,6.167419552803039551e-01,-3.862205445766448975e-01,9.088985323905944824e-01,6.532948464155197144e-03,-8.895374536514282227e-01,1.893304139375686646e-01,7.986018061637878418e-01,-2.268770784139633179e-01,-8.305296897888183594e-01,-8.679290413856506348e-01,4.173133894801139832e-02,7.770866751670837402e-01,-9.118880629539489746e-01,-1.899288296699523926e-01,-9.348394274711608887e-01,-6.642341613769531250e-01,-9.314725399017333984e-01,-9.635077714920043945e-01,-4.954396188259124756e-01,-1.350032985210418701e-01,7.149926968850195408e-04,2.014119774103164673e-01,-8.570318818092346191e-01,-8.101774454116821289e-01,9.553953409194946289e-01,1.915830373764038086e-01,-8.290953040122985840e-01,8.703043460845947266e-01,-8.105079531669616699e-01,9.759138822555541992e-01,-5.454447269439697266e-01,9.398144483566284180e-01,-9.352152347564697266e-01,-8.473131060600280762e-01,7.415744662284851074e-01,-9.612367153167724609e-01,-8.579180240631103516e-01,9.452920556068420410e-01,-8.425442576408386230e-01,7.834289073944091797e-01,-9.453415870666503906e-01,-5.229535102844238281e-01,4.211124777793884277e-01,9.619234800338745117e-01,-7.706072926521301270e-01,-7.113481760025024414e-01,-8.593456745147705078e-01,3.825198411941528320e-01,9.594803452491760254e-01,9.970591217279434204e-02,-9.501851797103881836e-01,-8.860837817192077637e-01,6.839233040809631348e-01,-9.105163812637329102e-01,9.760940670967102051e-01,-9.389042854309082031e-01,7.359127998352050781e-01,5.403479933738708496e-01,8.592982292175292969e-01,8.536413908004760742e-01,8.036699295043945312e-01,-9.531341195106506348e-01,8.108609914779663086e-01,8.280796408653259277e-01,3.249871134757995605e-01,-7.038968205451965332e-01,9.275780320167541504e-01,-9.248834252357482910e-01,-8.833704590797424316e-01,9.137178063392639160e-01,-8.961675763130187988e-01,5.254383087158203125e-01
4.288968816399574280e-02,9.651643633842468262e-01,-6.512257456779479980e-01,-7.506181597709655762e-01,-2.193830907344818115e-02,1.335381120443344116e-01,3.713440895080566406e-01,-6.192354559898376465e-01,-4.543589353561401367e-01,3.238186240196228027e-01,-1.270387619733810425e-01,-7.778372168540954590e-01,-1.141715273261070251e-01,-6.103599444031715393e-02,9.052348136901855469e-01,-5.049791932106018066e-01,8.945959806442260742e-01,-3.831745088100433350e-01,-5.387144684791564941e-01,-7.758691906929016113e-01,7.311576604843139648e-01,-8.012747168540954590e-01,-7.774270176887512207e-01,-7.358074188232421875e-01,2.070300430059432983e-01,1.953722387552261353e-01,8.244491219520568848e-01,6.799843907356262207e-01,-5.012836456298828125e-01,-3.642591238021850586e-01,3.277218341827392578e-01,2.785028517246246338e-01,4.189751744270324707e-01,6.607268452644348145e-01,-5.936425328254699707e-01,-2.464668899774551392e-01,-7.908256053924560547e-01,5.833236575126647949e-01,-2.621435793116688728e-03,-1.173105686902999878e-01,1.143580004572868347e-01,8.802596330642700195e-01,-4.259748458862304688e-01,4.725337624549865723e-01,7.463092207908630371e-01,-7.820897698402404785e-01,-4.826929867267608643e-01,3.434556126594543457e-01,-6.746813058853149414e-01,-7.401928901672363281e-01,4.239413738250732422e-01,4.188197255134582520e-01,-2.295928448438644409e-01,-8.446578979492187500e-01,-9.065612554550170898e-01,7.864409685134887695e-01,7.200109362602233887e-01,8.302206993103027344e-01,2.511610984802246094e-01,9.206733107566833496e-01,1.699899584054946899e-01,-9.176666140556335449e-01,5.076816082000732422e-01,9.133714437484741211e-01,4.168097972869873047e-01,-4.482112824916839600e-01,-8.834592103958129883e-01,-5.398117303848266602e-01,-3.690433502197265625e-01,-6.195181608200073242e-01,-2.844670414924621582e-01,-1.088368799537420273e-02,-2.954604923725128174e-01,1.685635372996330261e-02,-8.394600152969360352e-01,-7.244490981101989746e-01,-9.487984180450439453e-01,9.185712933540344238e-01,-9.758968837559223175e-03,5.064712166786193848e-01,-7.715804874897003174e-02,9.110652208328247070e-01,-3.439222276210784912e-01,4.359237253665924072e-01,4.774650335311889648e-01,1.384946405887603760e-01,7.627797722816467285e-01,2.576000094413757324e-01,2.412692159414291382e-01,-4.331239759922027588e-01,5.629783272743225098e-01,-9.866434335708618164e-02,3.680956959724426270e-01,-1.530113816261291504e-01,-4.512558281421661377e-01,5.169227719306945801e-01,-2.995479106903076172e-01,-2.930272221565246582e-01,-7.972531318664550781e-01,-2.888512238860130310e-02,-5.711933374404907227e-01,6.075395941734313965e-01,4.063825309276580811e-01,8.669674992561340332e-01,1.020423844456672668e-01,8.982272744178771973e-01,-8.925539255142211914e-02,-4.201733469963073730e-01,-6.709330081939697266e-01,-3.613897264003753662e-01,-5.049525573849678040e-02,-2.490727305412292480e-01,5.971679687500000000e-01,7.525262832641601562e-01,-2.467989325523376465e-01,4.546736478805541992e-01,-4.670187234878540039e-01,1.292982399463653564e-01,-2.591953873634338379e-01,5.111588835716247559e-01,2.119088619947433472e-01,3.775901198387145996e-01,-2.372143715620040894e-01,-1.597116142511367798e-01,2.713314890861511230e-01,-2.819585800170898438e-01,-3.371171653270721436e-01,-7.200555801391601562e-01
-7.434654235839843750e-01,-6.512257456779479980e-01,9.913562536239624023e-01,9.016352295875549316e-01,-4.174425303936004639e-01,-7.782903313636779785e-01,-8.914976716041564941e-01,-2.056044153869152069e-02,9.341653585433959961e-01,-8.910065293312072754e-01,8.038930892944335938e-01,9.874846041202545166e-02,-6.433110237121582031e-01,7.431210875511169434e-01,-7.427366375923156738e-01,9.481313824653625488e-01,-8.513106107711791992e-01,-3.993200659751892090e-01,9.364029765129089355e-01,6.982860565185546875e-01,-3.436894416809082031e-01,1.914075165987014771e-01,1.713587343692779541e-01,2.245532870292663574e-01,-8.470793366432189941e-01,3.079110085964202881e-01,-8.668072223663330078e-01,-1.029164437204599380e-02,9.000792503356933594e-01,7.187210321426391602e-01,-8.924783468246459961e-01,5.090582370758056641e-01,-9.407875537872314453e-01,6.395962834358215332e-02,9.528999924659729004e-01,8.548750281333923340e-01,9.136986732482910156e-01,-9.620588421821594238e-01,-7.198812961578369141e-01,7.917889356613159180e-01,6.225551962852478027e-01,-8.325276374816894531e-01,-2.680644690990447998e-01,-9.386938214302062988e-01,-7.522463798522949219e-02,9.282206892967224121e-01,-3.010922372341156006e-01,-8.986899256706237793e-01,8.795771002769470215e-01,9.003806114196777344e-02,1.673951297998428345e-01,-9.367103576660156250e-01,-5.425775051116943359e-01,4.436925947666168213e-01,7.516803741455078125e-01,-2.065655440092086792e-01,-9.182752370834350586e-01,-2.380287051200866699e-01,-8.485752940177917480e-01,-6.027271747589111328e-01,5.689641833305358887e-01,4.566931724548339844e-01,-9.254182577133178711e-01,-4.307565093040466309e-01,3.609009385108947754e-01,9.361406564712524414e-01,5.376028418540954590e-01,-2.316432148218154907e-01,9.145251512527465820e-01,5.721266865730285645e-01,8.855365514755249023e-01,4.868303239345550537e-01,8.791692852973937988e-01,7.108833193778991699e-01,9.160531163215637207e-01,5.501323342323303223e-01,6.133800745010375977e-01,-7.423192858695983887e-01,6.388680338859558105e-01,2.845172286033630371e-01,-6.733160018920898438e-01,-7.242575883865356445e-01,8.442121744155883789e-01,-9.282557368278503418e-01,3.063872158527374268e-01,-8.053759336471557617e-01,-7.696947455406188965e-02,-8.669387102127075195e-01,5.377136468887329102e-01,9.174614548683166504e-01,-9.203500151634216309e-01,7.785977721214294434e-01,3.622449040412902832e-01,-6.008501052856445312e-01,9.354036450386047363e-01,-9.308812618255615234e-01,8.902951478958129883e-01,5.829126834869384766e-01,1.888221353292465210e-01,-7.097543478012084961e-01,9.423015117645263672e-01,1.416476666927337646e-01,3.684321343898773193e-01,-8.363907933235168457e-01,-7.887992262840270996e-01,-6.698555946350097656e-01,7.715811133384704590e-01,9.318045377731323242e-01,-7.831956446170806885e-02,9.061507582664489746e-01,-6.920527815818786621e-01,8.591443300247192383e-01,-9.506786465644836426e-01,-8.780768513679504395e-01,-4.888519346714019775e-01,-9.359841942787170410e-01,-3.120233416557312012e-01,6.308213472366333008e-01,-4.566354155540466309e-01,-9.439365863800048828e-01,-4.481827318668365479e-01,3.050744235515594482e-01,-5.286342501640319824e-01,7.917546033859252930e-01,4.983142614364624023e-01,-5.003029108047485352e-01,8.823851943016052246e-01,8.185376971960067749e-02
-5.876530408859252930e-01,-7.506181597709655762e-01,9.016352295875549316e-01,9.913632869720458984e-01,-2.603304088115692139e-01,-5.463280081748962402e-01,-7.522014379501342773e-01,1.049570739269256592e-01,7.958379983901977539e-01,-7.444176673889160156e-01,5.879118442535400391e-01,3.260617852210998535e-01,-4.350538551807403564e-01,5.562457442283630371e-01,-8.024024963378906250e-01,8.410096168518066406e-01,-8.661904931068420410e-01,-1.419644653797149658e-01,8.426240682601928711e-01,6.960572600364685059e-01,-5.045962333679199219e-01,4.131314754486083984e-01,3.906078040599822998e-01,4.962365627288818359e-01,-6.844596862792968750e-01,2.599091529846191406e-01,-9.457643628120422363e-01,-2.942799329757690430e-01,8.742960095405578613e-01,4.343796968460083008e-01,-7.630151510238647461e-01,2.982669174671173096e-01,-8.114174604415893555e-01,-1.905333548784255981e-01,9.040526747703552246e-01,7.444646358489990234e-01,8.474813699722290039e-01,-8.927770853042602539e-01,-5.245321393013000488e-01,6.016804575920104980e-01,4.136434495449066162e-01,-8.477366566658020020e-01,2.104687318205833435e-02,-8.265408277511596680e-01,-3.267881870269775391e-01,9.743199944496154785e-01,-5.746781826019287109e-02,-7.905770540237426758e-01,9.279811382293701172e-01,3.573613762855529785e-01,6.148764491081237793e-02,-8.068079352378845215e-01,-3.093506693840026855e-01,6.829308271408081055e-01,7.989875674247741699e-01,-4.523307085037231445e-01,-9.531697630882263184e-01,-4.868549108505249023e-01,-7.617808580398559570e-01,-6.424301266670227051e-01,3.043346107006072998e-01,6.292610764503479004e-01,-8.428324460983276367e-01,-6.012548804283142090e-01,1.088433787226676941e-01,8.268358111381530762e-01,7.439242601394653320e-01,1.609111949801445007e-02,7.941595315933227539e-01,6.655130386352539062e-01,7.207401394844055176e-01,2.719432115554809570e-01,7.848023176193237305e-01,4.946452379226684570e-01,9.149124026298522949e-01,4.663778245449066162e-01,7.575160264968872070e-01,-8.838323354721069336e-01,3.966170251369476318e-01,4.493649676442146301e-02,-4.597652554512023926e-01,-8.740133643150329590e-01,7.239514589309692383e-01,-8.193254470825195312e-01,5.792426317930221558e-02,-6.303303837776184082e-01,-2.683427929878234863e-01,-7.090494632720947266e-01,3.366500735282897949e-01,7.550053000450134277e-01,-9.063663482666015625e-01,5.648387074470520020e-01,2.153477221727371216e-01,-3.794338703155517578e-01,8.305259943008422852e-01,-7.952585220336914062e-01,7.465751171112060547e-01,5.231919884681701660e-01,4.316976070404052734e-01,-5.001021027565002441e-01,9.068516492843627930e-01,-1.205562502145767212e-01,1.436780095100402832e-01,-9.427739977836608887e-01,-5.816777944564819336e-01,-6.927132010459899902e-01,5.603120923042297363e-01,8.108683824539184570e-01,1.263192296028137207e-01,7.966143488883972168e-01,-4.877549111843109131e-01,7.079610824584960938e-01,-8.307880759239196777e-01,-9.117751717567443848e-01,-2.192673981189727783e-01,-8.345010280609130859e-01,-5.840349569916725159e-02,4.147804677486419678e-01,-2.420060634613037109e-01,-8.723965287208557129e-01,-1.710545569658279419e-01,1.256625633686780930e-02,-3.214741945266723633e-01,5.748147368431091309e-01,2.954410016536712646e-01,-2.900332808494567871e-01,7.690892815589904785e-01,3.538937866687774658e-01
5.381879210472106934e-01,-2.193830907344818115e-02,-4.174425303936004639e-01,-2.603304088115692139e-01,9.442508816719055176e-01,4.315167367458343506e-01,4.264171719551086426e-01,3.032622337341308594e-01,-3.979685902595520020e-01,4.935315549373626709e-01,-5.755655169486999512e-01,3.352039754390716553e-01,5.648484230041503906e-01,-5.027694702148437500e-01,-1.881019957363605499e-02,-4.806316494941711426e-01,1.477955579757690430e-01,5.444198250770568848e-01,-4.049600958824157715e-01,-2.040482824668288231e-03,-3.415305614471435547e-01,2.215034216642379761e-01,1.198224574327468872e-01,2.588059306144714355e-01,5.471440553665161133e-01,-5.240267142653465271e-02,2.616279125213623047e-01,-3.469673097133636475e-01,-5.393821597099304199e-01,-3.571412563323974609e-01,5.042634606361389160e-01,-5.602072477340698242e-01,5.479303598403930664e-01,-5.006815195083618164e-01,-3.586122691631317139e-01,-5.204250812530517578e-01,-2.864685654640197754e-01,3.853918910026550293e-01,5.503531694412231445e-01,-5.119091272354125977e-01,-4.595625996589660645e-01,2.481864392757415771e-01,3.490189313888549805e-01,4.495510160923004150e-01,-3.556789755821228027e-01,-2.718886733055114746e-01,4.677058160305023193e-01,4.979618787765502930e-01,-1.632924079895019531e-01,3.784282505512237549e-01,-4.772231876850128174e-01,5.472459793090820312e-01,5.058549642562866211e-01,1.306154429912567139e-01,-2.179284952580928802e-02,-1.588409543037414551e-01,2.328508496284484863e-01,-2.890338003635406494e-01,4.366958737373352051e-01,-5.357800051569938660e-03,-4.827820360660552979e-01,2.134062647819519043e-01,3.957371711730957031e-01,-1.451461017131805420e-01,-4.614524543285369873e-01,-4.722199141979217529e-01,7.031168788671493530e-02,4.444466531276702881e-01,-5.117542147636413574e-01,-5.650807544589042664e-02,-5.033854842185974121e-01,-8.945103734731674194e-02,-5.258162617683410645e-01,-5.549000501632690430e-01,-3.045147657394409180e-01,4.954633116722106934e-02,2.890576375648379326e-03,6.796362996101379395e-02,-5.857741832733154297e-01,-5.156704783439636230e-01,5.640823245048522949e-01,2.549158781766891479e-02,-3.317346274852752686e-01,4.733282625675201416e-01,-4.898993670940399170e-01,4.824910759925842285e-01,-3.579779565334320068e-01,4.892464876174926758e-01,-4.832092225551605225e-01,-4.745931923389434814e-01,4.238321781158447266e-01,-5.787904262542724609e-01,-4.514650404453277588e-01,5.105512738227844238e-01,-5.245343446731567383e-01,4.790863096714019775e-01,-4.960915744304656982e-01,-2.340946346521377563e-01,3.243982493877410889e-01,6.004105806350708008e-01,-3.537768721580505371e-01,-4.192971289157867432e-01,-4.994007945060729980e-01,1.717473119497299194e-01,5.460473299026489258e-01,-9.031436592340469360e-02,-5.290482044219970703e-01,-4.620196223258972168e-01,3.913044631481170654e-01,-4.806789457798004150e-01,5.818850994110107422e-01,-4.461328089237213135e-01,4.408722221851348877e-01,1.043548956513404846e-01,4.751035273075103760e-01,4.597361385822296143e-01,4.811013936996459961e-01,-6.156805753707885742e-01,4.381763637065887451e-01,4.100957512855529785e-01,2.104639261960983276e-01,-2.887495458126068115e-01,4.825371503829956055e-01,-6.488112807273864746e-01,-5.052577257156372070e-01,5.310447216033935547e-01,-4.881693124771118164e-01,3.028429150581359863e-01
9.137298464775085449e-01,1.335381120443344116e-01,-7.782903313636779785e-01,-5.463280081748962402e-01,4.315167367458343506e-01,9.932287931442260742e-01,9.077147245407104492e-01,4.557114243507385254e-01,-9.078965187072753906e-01,9.180834293365478516e-01,-9.658812880516052246e-01,4.753044843673706055e-01,9.222031831741333008e-01,-9.473267793655395508e-01,3.265168368816375732e-01,-8.346109986305236816e-01,4.649698436260223389e-01,8.271160721778869629e-01,-8.199433684349060059e-01,-4.352352619171142578e-01,-6.186101213097572327e-02,4.090955257415771484e-01,4.232803583145141602e-01,3.701801002025604248e-01,9.350737333297729492e-01,-5.589015483856201172e-01,4.171427488327026367e-01,-5.673609972000122070e-01,-7.204929590225219727e-01,-7.793028354644775391e-01,9.112716317176818848e-01,-8.551167845726013184e-01,8.832629919052124023e-01,-5.807130932807922363e-01,-7.828009724617004395e-01,-8.931745886802673340e-01,-6.421681046485900879e-01,8.122289776802062988e-01,9.430906176567077637e-01,-9.672830104827880859e-01,-9.230955243110656738e-01,4.302920997142791748e-01,7.702963352203369141e-01,8.680565357208251953e-01,-4.958888292312622070e-01,-5.796530842781066895e-01,7.641676068305969238e-01,8.935329914093017578e-01,-5.992421507835388184e-01,4.915733039379119873e-01,-4.549230337142944336e-01,8.956833481788635254e-01,9.057778716087341309e-01,1.391267329454421997e-01,-3.468151688575744629e-01,-4.128389656543731689e-01,6.345869898796081543e-01,-3.556587100028991699e-01,8.682128787040710449e-01,1.282873153686523438e-01,-9.255782961845397949e-01,8.603270351886749268e-02,8.072994947433471680e-01,-1.603860110044479370e-01,-8.076959848403930664e-01,-8.680462837219238281e-01,4.607190564274787903e-02,7.306016087532043457e-01,-9.076198935508728027e-01,-1.772766560316085815e-01,-9.515383839607238770e-01,-7.671637535095214844e-01,-8.785375952720642090e-01,-9.555370211601257324e-01,-5.433132648468017578e-01,-3.354986608028411865e-01,-6.261260062456130981e-02,2.265225499868392944e-01,-8.273274898529052734e-01,-7.472796440124511719e-01,9.382590651512145996e-01,2.130915224552154541e-01,-8.977153301239013672e-01,8.722220063209533691e-01,-7.758942246437072754e-01,9.574438333511352539e-01,-4.269654154777526855e-01,9.441564679145812988e-01,-8.888463973999023438e-01,-9.138900041580200195e-01,6.876816153526306152e-01,-9.627951383590698242e-01,-7.096967697143554688e-01,9.242291450500488281e-01,-8.515161871910095215e-01,8.544124960899353027e-01,-9.328762888908386230e-01,-5.271095037460327148e-01,3.936238586902618408e-01,9.347510337829589844e-01,-7.816556096076965332e-01,-6.771569848060607910e-01,-7.896295785903930664e-01,3.879773020744323730e-01,9.669413566589355469e-01,2.622075378894805908e-01,-9.648089408874511719e-01,-9.042555689811706543e-01,5.972105264663696289e-01,-8.956067562103271484e-01,9.355967044830322266e-01,-9.432899951934814453e-01,8.164151310920715332e-01,5.790554881095886230e-01,8.931355476379394531e-01,8.641407489776611328e-01,7.816722393035888672e-01,-9.089413881301879883e-01,8.130193352699279785e-01,8.279162049293518066e-01,5.616874098777770996e-01,-8.039397001266479492e-01,8.907043337821960449e-01,-9.163771867752075195e-01,-8.394093513488769531e-01,8.643077611923217773e-01,-8.999168872833251953e-01,4.998491406440734863e-01
8.682690858840942383e-01,3.713440895080566406e-01,-8.914976716041564941e-01,-7.522014379501342773e-01,4.264171719551086426e-01,9.077147245407104492e-01,9.885622262954711914e-01,2.292247414588928223e-01,-9.681515097618103027e-01,9.603182673454284668e-01,-9.334701299667358398e-01,2.225691080093383789e-01,8.346830606460571289e-01,-9.334450364112854004e-01,5.425836443901062012e-01,-9.152303934097290039e-01,6.722698211669921875e-01,6.768842935562133789e-01,-9.507489800453186035e-01,-6.521098613739013672e-01,2.118387669324874878e-01,1.600793600082397461e-01,1.770257651805877686e-01,9.752194583415985107e-02,9.505916237831115723e-01,-4.225791990756988525e-01,6.447727680206298828e-01,-3.349967896938323975e-01,-8.261001110076904297e-01,-6.918327808380126953e-01,9.703111648559570312e-01,-7.439401745796203613e-01,9.488283991813659668e-01,-3.528867959976196289e-01,-9.210669398307800293e-01,-9.510667920112609863e-01,-8.003979325294494629e-01,9.258608222007751465e-01,9.019950628280639648e-01,-9.409735202789306641e-01,-8.549188971519470215e-01,6.117073297500610352e-01,5.986221432685852051e-01,9.536137580871582031e-01,-2.753813564777374268e-01,-7.919086217880249023e-01,5.746086835861206055e-01,9.719700813293457031e-01,-7.764567136764526367e-01,2.314712405204772949e-01,-4.780640006065368652e-01,9.427747130393981934e-01,7.879011034965515137e-01,-9.262790530920028687e-02,-5.497443079948425293e-01,-1.492057293653488159e-01,8.429077863693237305e-01,-9.007443487644195557e-02,9.224644303321838379e-01,2.913413941860198975e-01,-7.949462532997131348e-01,-1.801256686449050903e-01,8.925343155860900879e-01,1.157492175698280334e-01,-6.554608941078186035e-01,-9.504960775375366211e-01,-2.153038382530212402e-01,5.283690094947814941e-01,-9.571241736412048340e-01,-3.109363317489624023e-01,-9.675673842430114746e-01,-6.064392328262329102e-01,-9.423886537551879883e-01,-8.931381702423095703e-01,-7.300486564636230469e-01,-4.303077757358551025e-01,-3.306654989719390869e-01,4.957078397274017334e-01,-7.061154246330261230e-01,-5.631167888641357422e-01,8.685696125030517578e-01,4.794854521751403809e-01,-9.117308855056762695e-01,9.518014192581176758e-01,-6.082255840301513672e-01,9.223135113716125488e-01,-2.089236676692962646e-01,9.599058628082275391e-01,-7.775180935859680176e-01,-9.496474862098693848e-01,8.464254736900329590e-01,-9.024892449378967285e-01,-6.024521589279174805e-01,8.294772505760192871e-01,-9.613971114158630371e-01,9.465390443801879883e-01,-9.565234780311584473e-01,-5.690198540687561035e-01,1.703571230173110962e-01,8.818790912628173828e-01,-9.308301210403442383e-01,-4.500350654125213623e-01,-6.158829927444458008e-01,6.384808421134948730e-01,9.352942109107971191e-01,3.966346681118011475e-01,-9.346258640289306641e-01,-9.672669768333435059e-01,3.982577621936798096e-01,-9.653678536415100098e-01,8.633050322532653809e-01,-9.611271023750305176e-01,9.311642646789550781e-01,7.833425998687744141e-01,7.238301038742065430e-01,9.625926017761230469e-01,6.170501112937927246e-01,-8.298094868659973145e-01,7.609136700630187988e-01,9.329984784126281738e-01,5.716796517372131348e-01,-6.162642240524291992e-01,7.839082479476928711e-01,-8.821648359298706055e-01,-7.689205408096313477e-01,7.593846321105957031e-01,-9.664620757102966309e-01,2.119848877191543579e-01
6.148523092269897461e-01,-6.192354559898376465e-01,-2.056044153869152069e-02,1.049570739269256592e-01,3.032622337341308594e-01,4.557114243507385254e-01,2.292247414588928223e-01,9.817933440208435059e-01,-1.805736422538757324e-01,3.094793856143951416e-01,-4.664162099361419678e-01,8.454689979553222656e-01,6.756617426872253418e-01,-4.727067947387695312e-01,-4.340548515319824219e-01,-1.206562593579292297e-01,-4.134981632232666016e-01,7.381583452224731445e-01,-2.602532319724559784e-02,4.944006502628326416e-01,-6.888313293457031250e-01,7.703671455383300781e-01,7.618026137351989746e-01,6.457720994949340820e-01,4.074903428554534912e-01,-7.155022025108337402e-01,-2.667798995971679688e-01,-7.516229748725891113e-01,-2.415666729211807251e-01,-1.066670939326286316e-01,3.003725409507751465e-01,-7.326712012290954590e-01,2.508161067962646484e-01,-8.519822359085083008e-01,-3.844286128878593445e-02,-3.927986323833465576e-01,2.365521043539047241e-01,8.016203343868255615e-02,5.518844723701477051e-01,-5.042099952697753906e-01,-6.048435568809509277e-01,-3.279218673706054688e-01,6.114438176155090332e-01,1.649120748043060303e-01,-7.539845108985900879e-01,1.599214375019073486e-01,8.092824220657348633e-01,3.047670125961303711e-01,1.012881323695182800e-01,7.996633052825927734e-01,-5.256641507148742676e-01,2.767801880836486816e-01,6.985509991645812988e-01,5.484875440597534180e-01,4.638306200504302979e-01,-7.577844858169555664e-01,-1.196059361100196838e-01,-7.749428749084472656e-01,3.819779157638549805e-01,-5.906622409820556641e-01,-6.602232456207275391e-01,7.363750934600830078e-01,1.239329352974891663e-01,-7.774465084075927734e-01,-7.435657382011413574e-01,-1.941717863082885742e-01,5.771272778511047363e-01,8.401394486427307129e-01,-3.047479093074798584e-01,2.618909776210784912e-01,-3.657669425010681152e-01,-5.045260190963745117e-01,-3.528269231319427490e-01,-5.672126412391662598e-01,2.576422989368438721e-01,4.316248595714569092e-01,6.488847136497497559e-01,-5.097388029098510742e-01,-6.376052498817443848e-01,-8.347751498222351074e-01,6.162218451499938965e-01,-4.880046248435974121e-01,-2.714034616947174072e-01,2.129031866788864136e-01,-7.900750041007995605e-01,5.091375112533569336e-01,-8.408220410346984863e-01,3.747584521770477295e-01,-7.272942662239074707e-01,-2.149621546268463135e-01,4.184537753462791443e-02,-5.294684767723083496e-01,-7.877163887023925781e-01,6.741128563880920410e-01,-1.622093766927719116e-01,9.248497337102890015e-02,-3.808590471744537354e-01,-9.203565120697021484e-02,7.219357490539550781e-01,5.836335420608520508e-01,-5.486169084906578064e-02,-8.317003846168518066e-01,-8.413299322128295898e-01,-3.459645211696624756e-01,4.858055114746093750e-01,-5.354914069175720215e-01,-4.785836637020111084e-01,-2.306068539619445801e-01,8.698632717132568359e-01,-2.905552089214324951e-01,6.173858046531677246e-01,-3.739624321460723877e-01,1.397417392581701279e-02,-2.122443318367004395e-01,6.845729351043701172e-01,1.699713617563247681e-01,7.691375017166137695e-01,-6.532633304595947266e-01,5.591280460357666016e-01,1.395036280155181885e-01,-1.845604032278060913e-01,-6.060618758201599121e-01,7.171307206153869629e-01,-4.501734673976898193e-01,-6.526281237602233887e-01,7.249808907508850098e-01,-2.903260588645935059e-01,8.373207449913024902e-01
-8.483747839927673340e-01,-4.543589353561401367e-01,9.341653585433959961e-01,7.958379983901977539e-01,-3.979685902595520020e-01,-9.078965187072753906e-01,-9.681515097618103027e-01,-1.805736422538757324e-01,9.885047674179077148e-01,-9.552900195121765137e-01,9.167003631591796875e-01,-1.448713392019271851e-01,-7.967249155044555664e-01,8.911778330802917480e-01,-6.043595671653747559e-01,9.473525881767272949e-01,-7.367857694625854492e-01,-6.139051318168640137e-01,9.560061097145080566e-01,6.774321198463439941e-01,-2.507210969924926758e-01,-7.459150254726409912e-02,-9.148528426885604858e-02,-2.638915926218032837e-02,-9.377124905586242676e-01,4.041912257671356201e-01,-7.058058381080627441e-01,2.498961985111236572e-01,8.468905091285705566e-01,7.521092295646667480e-01,-9.635525345802307129e-01,6.876825094223022461e-01,-9.575279951095581055e-01,2.758718132972717285e-01,9.456804394721984863e-01,9.285343289375305176e-01,8.484139442443847656e-01,-9.500542879104614258e-01,-8.670311570167541504e-01,9.201517701148986816e-01,8.045874238014221191e-01,-6.832087039947509766e-01,-5.331558585166931152e-01,-9.660960435867309570e-01,1.831039935350418091e-01,8.280509114265441895e-01,-5.138705372810363770e-01,-9.571435451507568359e-01,8.207878470420837402e-01,-1.562759876251220703e-01,3.469629883766174316e-01,-9.584311246871948242e-01,-7.380241751670837402e-01,1.933577209711074829e-01,6.290877461433410645e-01,6.901584565639495850e-02,-8.699215650558471680e-01,7.216978818178176880e-03,-9.148785471916198730e-01,-4.030969142913818359e-01,7.530558705329895020e-01,2.622144222259521484e-01,-9.166398644447326660e-01,-1.986135095357894897e-01,5.835175514221191406e-01,9.619182348251342773e-01,3.051078617572784424e-01,-4.581013619899749756e-01,9.657393097877502441e-01,4.070647358894348145e-01,9.672845602035522461e-01,6.238237023353576660e-01,9.334206581115722656e-01,8.610392808914184570e-01,7.902263402938842773e-01,5.045931339263916016e-01,4.055436551570892334e-01,-5.616447925567626953e-01,6.937344670295715332e-01,4.956136643886566162e-01,-8.259881734848022461e-01,-5.447402596473693848e-01,9.356146454811096191e-01,-9.597291946411132812e-01,5.351754426956176758e-01,-9.154504537582397461e-01,1.319610625505447388e-01,-9.560835361480712891e-01,7.268059849739074707e-01,9.579805135726928711e-01,-8.613235354423522949e-01,8.931000828742980957e-01,5.336992740631103516e-01,-7.821272015571594238e-01,9.594337940216064453e-01,-9.565389752388000488e-01,9.505195617675781250e-01,5.838959217071533203e-01,-7.282208651304244995e-02,-8.465154170989990234e-01,9.439978599548339844e-01,3.833775520324707031e-01,5.558771491050720215e-01,-6.919863224029541016e-01,-9.148054718971252441e-01,-5.131461024284362793e-01,9.083471894264221191e-01,9.769753813743591309e-01,-3.138028085231781006e-01,9.596539735794067383e-01,-8.326198458671569824e-01,9.540190100669860840e-01,-9.509799480438232422e-01,-8.200031518936157227e-01,-6.980502605438232422e-01,-9.726436138153076172e-01,-5.452234148979187012e-01,7.857488989830017090e-01,-6.782684922218322754e-01,-9.498727321624755859e-01,-5.666223764419555664e-01,5.634238123893737793e-01,-7.256038784980773926e-01,8.710828423500061035e-01,7.001009583473205566e-01,-6.971659660339355469e-01,9.595103263854980469e-01,-1.545890569686889648e-01
9.151861667633056641e-01,3.238186240196228027e-01,-8.910065293312072754e-01,-7.444176673889160156e-01,4.935315549373626709e-01,9.180834293365478516e-01,9.603182673454284668e-01,3.094793856143951416e-01,-9.552900195121765137e-01,9.621189236640930176e-01,-9.566460251808166504e-01,2.830031812191009521e-01,8.820947408676147461e-01,-9.333222508430480957e-01,4.712396562099456787e-01,-9.293636083602905273e-01,6.182981133460998535e-01,7.177867889404296875e-01,-9.219138026237487793e-01,-5.434207916259765625e-01,8.554435521364212036e-02,1.837000101804733276e-01,2.058039903640747070e-01,1.330281943082809448e-01,9.721196293830871582e-01,-4.677861928939819336e-01,6.379582881927490234e-01,-3.612353801727294922e-01,-8.616267442703247070e-01,-6.887878775596618652e-01,9.783517122268676758e-01,-7.950810194015502930e-01,9.694029688835144043e-01,-4.198921620845794678e-01,-8.986371755599975586e-01,-9.665846228599548340e-01,-7.543861865997314453e-01,9.111302495002746582e-01,9.268622398376464844e-01,-9.584062099456787109e-01,-8.720896244049072266e-01,5.837889909744262695e-01,5.990998744964599609e-01,9.397938847541809082e-01,-3.131946921348571777e-01,-7.693208456039428711e-01,6.349856853485107422e-01,9.750902056694030762e-01,-7.553095221519470215e-01,2.829613685607910156e-01,-4.702836573123931885e-01,9.660417437553405762e-01,8.200323581695556641e-01,-8.633194863796234131e-02,-4.906804561614990234e-01,-1.690259277820587158e-01,8.002821207046508789e-01,-1.398900896310806274e-01,9.292072653770446777e-01,2.623229622840881348e-01,-8.150185346603393555e-01,-1.068753972649574280e-01,8.619920015335083008e-01,6.414622068405151367e-02,-6.902144551277160645e-01,-9.515757560729980469e-01,-1.950313299894332886e-01,5.820059180259704590e-01,-9.743788838386535645e-01,-3.172066211700439453e-01,-9.804499745368957520e-01,-5.914167165756225586e-01,-9.668374657630920410e-01,-9.236160516738891602e-01,-7.075385451316833496e-01,-3.611845374107360840e-01,-2.797458767890930176e-01,4.580986499786376953e-01,-7.621387243270874023e-01,-6.208760738372802734e-01,9.014399051666259766e-01,4.339998066425323486e-01,-8.989434242248535156e-01,9.467471241950988770e-01,-6.491547822952270508e-01,9.527414441108703613e-01,-2.793271839618682861e-01,9.712815880775451660e-01,-8.168016672134399414e-01,-9.428101778030395508e-01,8.561633229255676270e-01,-9.384601712226867676e-01,-6.669855117797851562e-01,8.590022325515747070e-01,-9.584788084030151367e-01,9.269234538078308105e-01,-9.763712882995605469e-01,-5.343833565711975098e-01,2.045695930719375610e-01,9.175592064857482910e-01,-9.061205387115478516e-01,-5.031960606575012207e-01,-6.736801862716674805e-01,6.057466268539428711e-01,9.595264792442321777e-01,3.545792698860168457e-01,-9.508970975875854492e-01,-9.685917496681213379e-01,4.531958401203155518e-01,-9.713966846466064453e-01,9.089193344116210938e-01,-9.682351350784301758e-01,9.031444191932678223e-01,7.321605682373046875e-01,7.578556537628173828e-01,9.587482810020446777e-01,6.507518887519836426e-01,-8.746235966682434082e-01,7.573353052139282227e-01,9.204483032226562500e-01,4.981437027454376221e-01,-6.112580299377441406e-01,8.161136507987976074e-01,-9.238664507865905762e-01,-7.925686836242675781e-01,7.957795858383178711e-01,-9.619041681289672852e-01,2.728943824768066406e-01
-9.506096243858337402e-01,-1.270387619733810425e-01,8.038930892944335938e-01,5.879118442535400391e-01,-5.755655169486999512e-01,-9.658812880516052246e-01,-9.334701299667358398e-01,-4.664162099361419678e-01,9.167003631591796875e-01,-9.566460251808166504e-01,9.965470433235168457e-01,-4.845620989799499512e-01,-9.547170996665954590e-01,9.705476760864257812e-01,-3.027106523513793945e-01,8.757578730583190918e-01,-4.647622406482696533e-01,-8.567642569541931152e-01,8.521983027458190918e-01,4.098698496818542480e-01,9.039747714996337891e-02,-3.970641493797302246e-01,-3.937668204307556152e-01,-3.465133309364318848e-01,-9.796739816665649414e-01,5.125893354415893555e-01,-4.743197858333587646e-01,5.635527372360229492e-01,7.902084589004516602e-01,7.310962080955505371e-01,-9.531312584877014160e-01,8.964385986328125000e-01,-9.300341010093688965e-01,6.132215857505798340e-01,8.164471983909606934e-01,9.498766064643859863e-01,6.457897424697875977e-01,-8.398040533065795898e-01,-9.780396223068237305e-01,9.881442785263061523e-01,9.410408139228820801e-01,-4.419067800045013428e-01,-7.530448436737060547e-01,-9.038141965866088867e-01,5.120797157287597656e-01,6.160343885421752930e-01,-7.813243269920349121e-01,-9.416627287864685059e-01,6.187989115715026855e-01,-4.956003129482269287e-01,5.693124532699584961e-01,-9.331899881362915039e-01,-9.223789572715759277e-01,-1.275604665279388428e-01,3.290787637233734131e-01,3.789845705032348633e-01,-6.654902100563049316e-01,3.591323196887969971e-01,-9.089425206184387207e-01,-9.999275952577590942e-02,9.250435829162597656e-01,-1.018934994935989380e-01,-8.473371863365173340e-01,1.520375609397888184e-01,8.247281312942504883e-01,9.114652276039123535e-01,-2.233907580375671387e-02,-7.417786717414855957e-01,9.449244737625122070e-01,1.897896379232406616e-01,9.766860604286193848e-01,6.703253984451293945e-01,9.359694719314575195e-01,9.822435379028320312e-01,5.720149278640747070e-01,2.643079459667205811e-01,7.540080696344375610e-02,-2.523398995399475098e-01,8.472573161125183105e-01,7.772571444511413574e-01,-9.704179763793945312e-01,-2.321591228246688843e-01,8.858439326286315918e-01,-9.160854220390319824e-01,7.994636297225952148e-01,-9.758236408233642578e-01,4.628831744194030762e-01,-9.734127521514892578e-01,9.100586771965026855e-01,9.238814115524291992e-01,-7.550936937332153320e-01,9.860337972640991211e-01,7.591854333877563477e-01,-9.454785585403442383e-01,9.076578617095947266e-01,-8.828952312469482422e-01,9.612951278686523438e-01,5.559898018836975098e-01,-4.121657013893127441e-01,-9.796009659767150879e-01,8.173959255218505859e-01,6.826066970825195312e-01,8.139424324035644531e-01,-4.255820512771606445e-01,-9.947080612182617188e-01,-1.976653635501861572e-01,9.901099801063537598e-01,9.325975775718688965e-01,-6.227687597274780273e-01,9.385392069816589355e-01,-9.709989428520202637e-01,9.638455510139465332e-01,-8.415687084197998047e-01,-5.839695334434509277e-01,-8.855515122413635254e-01,-9.046520590782165527e-01,-8.033495545387268066e-01,9.565922021865844727e-01,-8.492997884750366211e-01,-8.667755126953125000e-01,-5.405187010765075684e-01,7.627800703048706055e-01,-9.090457558631896973e-01,9.615563154220581055e-01,8.844670653343200684e-01,-8.994891047477722168e-01,9.395239949226379395e-01,-4.804121851921081543e-01
5.384763479232788086e-01,-7.778372168540954590e-01,9.874846041202545166e-02,3.260617852210998535e-01,3.352039754390716553e-01,4.753044843673706055e-01,2.225691080093383789e-01,8.454689979553222656e-01,-1.448713392019271851e-01,2.830031812191009521e-01,-4.845620989799499512e-01,9.958232045173645020e-01,6.815865635871887207e-01,-5.198092460632324219e-01,-6.298646330833435059e-01,-7.381830364465713501e-02,-5.254806876182556152e-01,8.556450605392456055e-01,-1.634329557418823242e-02,4.471050202846527100e-01,-7.389982938766479492e-01,9.543927311897277832e-01,9.447897076606750488e-01,9.047035574913024902e-01,3.961484134197235107e-01,-5.010396242141723633e-01,-4.746331870555877686e-01,-9.550265669822692871e-01,-2.723563835024833679e-02,-1.412836909294128418e-01,2.785840630531311035e-01,-7.857947349548339844e-01,1.820070296525955200e-01,-9.664809107780456543e-01,5.540881305932998657e-02,-3.396458625793457031e-01,3.154927790164947510e-01,-2.192491106688976288e-02,5.856890082359313965e-01,-4.913686513900756836e-01,-6.667191982269287109e-01,-5.199142098426818848e-01,8.415040373802185059e-01,1.105035021901130676e-01,-9.739804863929748535e-01,3.384862542152404785e-01,9.068515300750732422e-01,2.539821565151214600e-01,2.493308484554290771e-01,9.733240604400634766e-01,-6.823588013648986816e-01,1.921388804912567139e-01,7.617694139480590820e-01,8.406615257263183594e-01,6.061586737632751465e-01,-9.448782205581665039e-01,-2.613390386104583740e-01,-9.699855446815490723e-01,2.935615777969360352e-01,-7.475555539131164551e-01,-7.170030474662780762e-01,8.935545682907104492e-01,3.061271831393241882e-02,-9.202115535736083984e-01,-8.662144541740417480e-01,-1.408592313528060913e-01,8.247388601303100586e-01,9.372387528419494629e-01,-2.410082966089248657e-01,4.902313351631164551e-01,-3.321952223777770996e-01,-4.275139868259429932e-01,-2.880864739418029785e-01,-6.063331365585327148e-01,4.123519062995910645e-01,4.411539733409881592e-01,8.159219026565551758e-01,-6.855833530426025391e-01,-5.206837058067321777e-01,-9.158130884170532227e-01,6.481333374977111816e-01,-6.979657411575317383e-01,-2.344054281711578369e-01,1.544335335493087769e-01,-9.030333757400512695e-01,4.731962978839874268e-01,-9.442781805992126465e-01,3.551949262619018555e-01,-7.603452205657958984e-01,-1.818237155675888062e-01,-7.190465927124023438e-02,-5.162840485572814941e-01,-7.998200654983520508e-01,7.103421092033386230e-01,-1.258255839347839355e-01,6.973815709352493286e-02,-3.152669370174407959e-01,-4.615804180502891541e-02,9.631795883178710938e-01,6.075077056884765625e-01,3.561248630285263062e-02,-9.619641900062561035e-01,-8.633616566658020020e-01,-5.371852517127990723e-01,5.065963268280029297e-01,-6.786002516746520996e-01,-5.191830992698669434e-01,-1.838898956775665283e-01,9.664980173110961914e-01,-2.369412332773208618e-01,6.297693848609924316e-01,-3.565687537193298340e-01,-3.182429820299148560e-02,-3.377800583839416504e-01,7.732427120208740234e-01,1.240391284227371216e-01,8.943914771080017090e-01,-6.879055500030517578e-01,7.308717966079711914e-01,5.250464752316474915e-02,1.332862973213195801e-01,-8.041402101516723633e-01,7.620760798454284668e-01,-4.540751576423645020e-01,-7.544443607330322266e-01,7.867130637168884277e-01,-2.553744614124298096e-01,9.617179632186889648e-01
