5.178084969520568848e-01,5.008675158023834229e-03,-6.959034502506256104e-02,-3.662556409835815430e-02,1.996267437934875488e-01,-1.384709477424621582e-01,1.252865046262741089e-01,3.998761475086212158e-01,8.816506713628768921e-02,3.824345394968986511e-02,-9.508256614208221436e-02,-4.461026936769485474e-02,5.047046020627021790e-02,2.340742051601409912e-01,1.968288421630859375e-01,9.148811548948287964e-02,6.751846056431531906e-03,-6.698251515626907349e-02,1.373463720083236694e-01,-1.276256423443555832e-02,-1.093497276306152344e-01,-2.170118037611246109e-03,-2.414943464100360870e-02,2.617551572620868683e-02,-6.566469091922044754e-03,-2.689119055867195129e-02,4.015734419226646423e-02,-2.594186663627624512e-01,1.374995708465576172e-02,-1.987209767103195190e-01,-1.703121513128280640e-01,-1.150819472968578339e-02,2.629350684583187103e-02,8.244575932621955872e-03,-3.154047206044197083e-02,-3.323454782366752625e-02,-3.467973694205284119e-02,3.328857943415641785e-02,-2.988325655460357666e-01,-3.859727084636688232e-01,1.637808084487915039e-01,9.501541405916213989e-02,-9.774579107761383057e-02,1.354948990046977997e-02,4.416480287909507751e-02,-5.474984273314476013e-02,-1.622307300567626953e-01,-1.059556826949119568e-01,5.435298755764961243e-02,8.065772056579589844e-02,-1.129922419786453247e-01,-2.019742876291275024e-02,1.453211903572082520e-01,-5.029578506946563721e-02,-9.767858684062957764e-02,-1.211555749177932739e-01,4.078393802046775818e-02,1.065365131944417953e-02,-1.641039364039897919e-02,-1.656548120081424713e-02,1.773315295577049255e-02,3.178968618158251047e-04,1.048782467842102051e-02,9.936878830194473267e-02,-1.145579945296049118e-02,1.412920188158750534e-02,-1.028370857238769531e-01,1.569332927465438843e-01,-3.442089632153511047e-02,1.316933333873748779e-01,-1.801304966211318970e-01,-3.594243526458740234e-02,7.827990502119064331e-02,9.725330770015716553e-02,-1.018827036023139954e-01,-1.691872477531433105e-01,-2.981452038511633873e-03,5.836859345436096191e-02,-1.747857183218002319e-01,-5.214535072445869446e-02,1.989242807030677795e-02,1.006293110549449921e-03,-1.739924550056457520e-01,-3.509376198053359985e-03,-2.925879359245300293e-01,-3.552705049514770508e-03,2.406678199768066406e-01,-1.643310650251805782e-03,-4.965616017580032349e-02,4.429148882627487183e-02,-1.129487007856369019e-01,2.639495208859443665e-02,1.382206976413726807e-01,-1.476449072360992432e-01,-1.179044134914875031e-02,-2.276469171047210693e-01,2.302069216966629028e-01,-2.394001930952072144e-04,-1.417090743780136108e-01,2.619300782680511475e-01,-6.837262213230133057e-02,2.362029254436492920e-01,-9.655866771936416626e-03,-2.622437290847301483e-02,-5.773843452334403992e-02,2.470379024744033813e-01,1.159946024417877197e-01,6.977283209562301636e-02,-2.871595919132232666e-01,1.850866340100765228e-02,-2.654934674501419067e-02,1.048986464738845825e-01,2.429153956472873688e-02,-2.070126831531524658e-01,1.118546128273010254e-01,-1.095984205603599548e-01,3.472037315368652344e-01,-9.383390098810195923e-02,-2.910996675491333008e-01,-1.616831310093402863e-02,-7.280015945434570312e-02,1.388709247112274170e-01,1.353507339954376221e-01,6.945795565843582153e-02,8.432130515575408936e-02,-1.220405921339988708e-01,-1.197384856641292572e-02,7.076424360275268555e-02
5.008675158023834229e-03,2.023524791002273560e-02,-1.211179792881011963e-01,8.176256716251373291e-02,7.424224168062210083e-02,-1.426953822374343872e-02,-9.479114785790443420e-03,3.705271705985069275e-02,1.953615993261337280e-02,3.522990271449089050e-02,1.660081744194030762e-02,-5.002232268452644348e-02,9.655751287937164307e-02,4.741535335779190063e-02,1.180425509810447693e-01,1.133273690938949585e-01,-1.013544271700084209e-03,5.821109563112258911e-02,-5.998666211962699890e-02,-6.084230542182922363e-02,-2.360849641263484955e-02,1.208203881978988647e-01,6.707087159156799316e-02,5.360967945307493210e-03,1.440471597015857697e-02,1.345709562301635742e-01,-1.266890764236450195e-01,-4.681158810853958130e-02,1.054534763097763062e-01,-5.671835970133543015e-03,3.645671531558036804e-02,-1.196807697415351868e-01,8.133308589458465576e-02,7.067568600177764893e-02,-3.769997740164399147e-03,-1.281193792819976807e-01,2.154066786170005798e-02,5.700524523854255676e-02,-7.579466700553894043e-02,-5.841464176774024963e-02,1.003978997468948364e-01,4.061740823090076447e-03,1.116918772459030151e-01,1.618717610836029053e-02,5.540779326111078262e-03,-8.554305136203765869e-02,-1.232731491327285767e-01,-2.989055775105953217e-02,-1.383048575371503830e-02,1.333709619939327240e-02,-1.293960667680948973e-04,-2.205832116305828094e-02,2.349950745701789856e-02,5.163971334695816040e-03,-1.890743710100650787e-02,-1.267951130867004395e-01,3.180184587836265564e-02,1.125736627727746964e-02,-5.678742006421089172e-02,-6.513452529907226562e-02,1.329812780022621155e-02,5.525101907551288605e-03,4.102653823792934418e-03,2.358241006731987000e-02,1.009871833957731724e-03,-2.796388231217861176e-02,4.916660487651824951e-02,1.188173517584800720e-01,-1.155127137899398804e-01,1.968725770711898804e-02,-8.474404364824295044e-02,-3.586306469514966011e-03,-3.091034665703773499e-02,1.191950589418411255e-01,-2.098903432488441467e-02,-1.034991815686225891e-01,-3.478016704320907593e-03,1.364418864250183105e-01,-4.597111605107784271e-03,-1.074252650141716003e-01,1.198852434754371643e-01,1.407612697221338749e-03,-1.005903854966163635e-01,2.906469162553548813e-03,-7.620286196470260620e-02,-1.201474964618682861e-01,4.248230531811714172e-02,6.373030599206686020e-03,7.098123431205749512e-02,3.788829222321510315e-02,-2.499559707939624786e-02,-2.232126519083976746e-02,-9.433132410049438477e-02,3.562548384070396423e-02,-1.059012711048126221e-01,6.264161318540573120e-03,8.350855857133865356e-02,-1.372625702060759068e-04,-8.753685653209686279e-02,1.396223064512014389e-02,-3.212476894259452820e-02,2.853872068226337433e-02,-1.268109530210494995e-01,-3.820584714412689209e-02,1.347862929105758667e-01,-3.249732311815023422e-03,-8.174060285091400146e-02,-1.171495467424392700e-01,-2.327506616711616516e-02,-1.104332692921161652e-02,8.128400146961212158e-02,-4.651048779487609863e-02,-1.088959947228431702e-01,-1.334648206830024719e-02,1.352670490741729736e-01,-1.112225651741027832e-01,5.183736607432365417e-02,3.489896655082702637e-02,-1.181038022041320801e-01,3.716150298714637756e-02,4.251584038138389587e-02,9.190034866333007812e-02,1.143489554524421692e-01,-6.070390343666076660e-02,-8.625713735818862915e-02,-5.038687959313392639e-02,2.715636044740676880e-03,4.804171249270439148e-02
-6.959034502506256104e-02,-1.211179792881011963e-01,7.773073911666870117e-01,-5.694119930267333984e-01,-4.581004381179809570e-01,3.306503593921661377e-02,6.761992699466645718e-04,-2.806611657142639160e-01,-1.122354492545127869e-01,-2.485348880290985107e-01,-9.198282659053802490e-02,3.496642708778381348e-01,-5.844491124153137207e-01,-3.640012443065643311e-01,-7.352028489112854004e-01,-6.971647143363952637e-01,-1.404474140144884586e-03,-3.127233982086181641e-01,4.143040478229522705e-01,4.365559816360473633e-01,1.509333103895187378e-01,-7.559115290641784668e-01,-5.056856870651245117e-01,3.383737429976463318e-02,-9.813688695430755615e-02,-7.654440999031066895e-01,7.439973950386047363e-01,2.738329172134399414e-01,-6.967896819114685059e-01,9.461005777120590210e-02,-1.952950358390808105e-01,7.468277215957641602e-01,-5.453588366508483887e-01,-5.183452963829040527e-01,3.471617400646209717e-02,7.691140770912170410e-01,-1.410811394453048706e-01,-3.874452114105224609e-01,5.134183168411254883e-01,4.359821081161499023e-01,-6.393813490867614746e-01,-3.786827996373176575e-02,-6.551133394241333008e-01,-1.117957308888435364e-01,-4.192875325679779053e-02,5.882136821746826172e-01,7.706146836280822754e-01,2.120499759912490845e-01,6.740454584360122681e-02,-5.074384389445185661e-04,-1.012350525707006454e-02,1.424996554851531982e-01,-1.669882535934448242e-01,3.311274945735931396e-02,1.241999641060829163e-01,7.747173905372619629e-01,-2.419004589319229126e-01,-7.909807562828063965e-02,3.207634687423706055e-01,4.382358491420745850e-01,-5.542676523327827454e-02,-8.316308259963989258e-02,-3.044597618281841278e-02,-1.869878917932510376e-01,-9.160828776657581329e-03,1.839510351419448853e-01,-2.746603488922119141e-01,-7.159186005592346191e-01,7.170766592025756836e-01,-1.069975048303604126e-01,6.070309281349182129e-01,7.090614736080169678e-02,1.916755586862564087e-01,-7.577401399612426758e-01,1.391506940126419067e-01,6.554188132286071777e-01,2.164472267031669617e-02,-8.338049650192260742e-01,8.134061843156814575e-02,7.171570658683776855e-01,-7.712215781211853027e-01,-1.010957732796669006e-02,6.454798579216003418e-01,-1.635608263313770294e-02,5.382466912269592285e-01,6.707704067230224609e-01,-3.157590925693511963e-01,-4.052897915244102478e-02,-4.378944337368011475e-01,-2.837742567062377930e-01,1.691460758447647095e-01,1.507601588964462280e-01,5.930919647216796875e-01,-2.212773263454437256e-01,6.873868703842163086e-01,2.005166746675968170e-02,-5.405975580215454102e-01,9.864226449280977249e-04,5.987429022789001465e-01,-1.653065383434295654e-01,2.716161608695983887e-01,-2.373207509517669678e-01,7.750056385993957520e-01,2.635419964790344238e-01,-8.007302880287170410e-01,-8.949093520641326904e-02,5.508947968482971191e-01,7.124925851821899414e-01,1.461357474327087402e-01,7.288157939910888672e-02,-5.256972312927246094e-01,3.944275379180908203e-01,6.869593262672424316e-01,-2.631302922964096069e-02,-7.881511449813842773e-01,6.898712515830993652e-01,-3.778432309627532959e-01,-2.690022289752960205e-01,7.554440498352050781e-01,-2.550750374794006348e-01,-2.767783999443054199e-01,-6.343002915382385254e-01,-7.199122905731201172e-01,3.661328256130218506e-01,6.104756593704223633e-01,4.157503843307495117e-01,-4.341219365596771240e-02,-3.641040325164794922e-01
-3.662556409835815430e-02,8.176256716251373291e-02,-5.694119930267333984e-01,5.570550560951232910e-01,2.469239532947540283e-01,6.719179451465606689e-02,-5.056835711002349854e-02,9.975185990333557129e-02,5.531037226319313049e-02,1.629970371723175049e-01,2.392259426414966583e-02,-2.419942468404769897e-01,2.839460670948028564e-01,3.328901529312133789e-01,5.005731582641601562e-01,4.520001411437988281e-01,1.347736921161413193e-03,2.860500812530517578e-01,-3.543324470520019531e-01,-2.788464725017547607e-01,-2.566526830196380615e-01,6.011891365051269531e-01,3.464873731136322021e-01,-3.743719309568405151e-02,7.842446863651275635e-02,5.521901249885559082e-01,-5.095799565315246582e-01,-4.175337031483650208e-02,4.281087815761566162e-01,4.075480252504348755e-02,1.818389743566513062e-01,-6.118668913841247559e-01,4.592197537422180176e-01,3.196430206298828125e-01,-5.917540751397609711e-03,-5.629550814628601074e-01,1.248566582798957825e-01,2.440431118011474609e-01,-2.040821462869644165e-01,-3.830473721027374268e-01,4.759134948253631592e-01,3.358182311058044434e-02,4.850750565528869629e-01,7.325702160596847534e-02,-2.673649042844772339e-02,-2.797125279903411865e-01,-5.239617228507995605e-01,-1.932304650545120239e-01,-6.936383992433547974e-02,5.922916531562805176e-02,5.251928046345710754e-02,-8.035603910684585571e-02,1.368742436170578003e-01,-9.481714665889739990e-02,6.024415791034698486e-02,-5.256713032722473145e-01,1.825510263442993164e-01,4.672126099467277527e-02,-1.812579929828643799e-01,-3.492666780948638916e-01,-2.977108210325241089e-02,8.867119997739791870e-02,2.585064806044101715e-02,1.621887832880020142e-01,4.665749147534370422e-02,-1.264609694480895996e-01,2.129198312759399414e-01,4.992105662822723389e-01,-5.177854895591735840e-01,2.298496663570404053e-02,-3.815782368183135986e-01,1.309734284877777100e-01,-1.944873780012130737e-01,5.604352355003356934e-01,-8.996930718421936035e-02,-5.048180222511291504e-01,-9.584649465978145599e-03,6.157062053680419922e-01,-1.930929571390151978e-01,-5.134360790252685547e-01,6.823310256004333496e-01,7.010084576904773712e-03,-4.035294950008392334e-01,1.329373847693204880e-02,-3.856930434703826904e-01,-4.263720512390136719e-01,7.876577973365783691e-02,2.507977001368999481e-02,2.674072086811065674e-01,1.828502416610717773e-01,-7.586908340454101562e-02,-2.069210112094879150e-01,-5.635990500450134277e-01,2.680945694446563721e-01,-5.519559383392333984e-01,2.515153400599956512e-02,3.609294891357421875e-01,-6.439608405344188213e-04,-3.353847861289978027e-01,6.121736019849777222e-02,-1.537186950445175171e-01,2.788001298904418945e-02,-6.351230144500732422e-01,-1.703803986310958862e-01,6.358855962753295898e-01,1.529966294765472412e-01,-5.670336484909057617e-01,-5.592204928398132324e-01,-2.607811801135540009e-02,-5.615769699215888977e-02,5.522587299346923828e-01,-3.927413225173950195e-01,-5.498235225677490234e-01,7.308723777532577515e-02,5.469416975975036621e-01,-4.419293999671936035e-01,1.346337795257568359e-01,1.661141216754913330e-01,-5.608093738555908203e-01,2.179915308952331543e-01,1.754038184881210327e-01,4.804737269878387451e-01,5.048884749412536621e-01,-2.736772596836090088e-01,-4.205531775951385498e-01,-2.855409383773803711e-01,2.160342223942279816e-02,2.520233690738677979e-01
1.996267437934875488e-01,7.424224168062210083e-02,-4.581004381179809570e-01,2.469239532947540283e-01,3.764568865299224854e-01,-1.311011314392089844e-01,3.751277178525924683e-02,3.077758252620697021e-01,9.173425287008285522e-02,1.445947140455245972e-01,2.674809098243713379e-02,-1.954044103622436523e-01,4.068528413772583008e-01,1.704698652029037476e-01,5.059630870819091797e-01,4.571799039840698242e-01,-1.724325469695031643e-03,1.705561131238937378e-01,-1.628065556287765503e-01,-2.281053960323333740e-01,-5.235935375094413757e-02,4.191419184207916260e-01,2.119262665510177612e-01,3.273394703865051270e-02,4.634457826614379883e-02,4.901732504367828369e-01,-4.653349816799163818e-01,-3.034850955009460449e-01,4.203890264034271240e-01,-1.393375694751739502e-01,5.541320145130157471e-02,-4.063378572463989258e-01,2.878427803516387939e-01,2.469343990087509155e-01,-2.827737107872962952e-02,-4.660663604736328125e-01,5.653979256749153137e-02,2.297347635030746460e-01,-4.520341455936431885e-01,-3.014758825302124023e-01,4.331647753715515137e-01,4.857730865478515625e-02,3.541134297847747803e-01,6.417675316333770752e-02,5.491827055811882019e-02,-3.662205040454864502e-01,-5.292074680328369141e-01,-1.322586238384246826e-01,-1.363799814134836197e-02,8.445966243743896484e-02,-6.187728792428970337e-02,-8.080641180276870728e-02,1.273583471775054932e-01,3.594154119491577148e-02,-1.460121124982833862e-01,-5.207667350769042969e-01,1.152200326323509216e-01,4.645607247948646545e-02,-2.510948777198791504e-01,-2.256378233432769775e-01,7.526277750730514526e-02,1.000932604074478149e-02,1.639526709914207458e-02,1.308081448078155518e-01,7.832536939531564713e-04,-9.937767684459686279e-02,1.465651392936706543e-01,4.933033287525177002e-01,-4.073354601860046387e-01,1.450316309928894043e-01,-3.959437012672424316e-01,-6.630013138055801392e-02,-4.909550026059150696e-02,4.614352881908416748e-01,-1.187625676393508911e-01,-4.444101452827453613e-01,-1.551424991339445114e-02,5.204881429672241211e-01,-4.686268046498298645e-02,-4.084319770336151123e-01,4.101295471191406250e-01,5.178201943635940552e-03,-4.366852939128875732e-01,9.657661430537700653e-03,-3.904678225517272949e-01,-4.637326896190643311e-01,2.845191955566406250e-01,2.325435914099216461e-02,2.550499439239501953e-01,1.580529361963272095e-01,-1.603140681982040405e-01,-3.492678329348564148e-02,-2.518053054809570312e-01,3.238528221845626831e-02,-3.763054013252258301e-01,-5.310504510998725891e-02,4.017791748046875000e-01,-5.932694184593856335e-04,-3.742265999317169189e-01,1.749617308378219604e-01,-1.421326547861099243e-01,2.429431974887847900e-01,-4.428290128707885742e-01,-1.539033800363540649e-01,4.843320548534393311e-01,5.133118107914924622e-02,-2.177985459566116333e-01,-3.911887109279632568e-01,-2.256586551666259766e-01,-3.166116774082183838e-02,1.890454143285751343e-01,-8.910988271236419678e-02,-3.631601333618164062e-01,-1.381101012229919434e-01,5.631218552589416504e-01,-4.742972254753112793e-01,3.276025354862213135e-01,1.063372194766998291e-01,-5.330392122268676758e-01,1.137687489390373230e-01,1.584934741258621216e-01,3.663587272167205811e-01,4.679600298404693604e-01,-2.005041986703872681e-01,-2.655267715454101562e-01,-2.032120227813720703e-01,7.853004150092601776e-03,2.143211364746093750e-01
-1.384709477424621582e-01,-1.426953822374343872e-02,3.306503593921661377e-02,6.719179451465606689e-02,-1.311011314392089844e-01,2.403600960969924927e-01,-4.921919852495193481e-02,-8.157753199338912964e-02,-1.351601481437683105e-01,-5.469395965337753296e-02,3.107019327580928802e-02,3.115326724946498871e-02,-1.666974723339080811e-01,7.767567038536071777e-02,-1.173801869153976440e-01,-1.152070611715316772e-01,-6.072632037103176117e-03,-1.091205980628728867e-02,-1.041014213114976883e-02,6.211909465491771698e-03,6.980419903993606567e-02,-1.671766489744186401e-02,6.158638373017311096e-02,1.056906301528215408e-03,-1.158170495182275772e-02,-1.627129763364791870e-01,8.553706854581832886e-02,1.570288389921188354e-01,-1.781446486711502075e-02,3.867634385824203491e-02,9.086007624864578247e-02,7.503546774387359619e-02,-8.461285382509231567e-02,4.849339649081230164e-02,4.903944674879312515e-03,7.035934925079345703e-02,9.809997864067554474e-03,-6.507532298564910889e-02,1.926269084215164185e-01,-2.585954964160919189e-03,-1.827199608087539673e-01,-3.046392649412155151e-02,4.244772344827651978e-02,-4.214602988213300705e-03,6.448089331388473511e-02,1.037568449974060059e-01,1.292160302400588989e-01,9.837988764047622681e-03,-7.379769533872604370e-02,-7.243330776691436768e-02,1.391848772764205933e-01,-1.005630046129226685e-01,-6.247005611658096313e-02,-9.152991324663162231e-02,6.131866574287414551e-02,9.404808282852172852e-02,1.635844260454177856e-02,-8.129747584462165833e-03,1.276777535676956177e-01,1.599982008337974548e-02,-1.494086440652608871e-02,-1.525479089468717575e-02,-1.785910921171307564e-03,-1.374296993017196655e-01,-6.836896296590566635e-03,3.474624082446098328e-02,6.958323065191507339e-03,-1.066285744309425354e-01,6.765850633382797241e-02,-5.196838825941085815e-02,1.074526160955429077e-01,-8.689628541469573975e-02,-1.202310062944889069e-02,-9.957151114940643311e-02,8.822984993457794189e-02,9.474454820156097412e-02,7.452146615833044052e-03,-8.536045253276824951e-02,1.155113987624645233e-02,8.531679958105087280e-02,-2.010958455502986908e-02,-3.787002933677285910e-04,6.852430105209350586e-02,-6.132062524557113647e-03,1.442768424749374390e-01,1.370769441127777100e-01,-1.038533449172973633e-01,-4.000613465905189514e-03,-1.362193822860717773e-01,-3.930421546101570129e-02,7.307967543601989746e-02,-3.156439587473869324e-02,-1.604493893682956696e-02,6.442649662494659424e-02,7.797896116971969604e-02,1.514620427042245865e-02,-4.349127411842346191e-02,1.582705881446599960e-04,6.572543084621429443e-02,-1.622541397809982300e-01,-4.789961501955986023e-03,-2.024257630109786987e-01,7.081921398639678955e-02,3.943040594458580017e-02,-1.127191111445426941e-01,9.339191764593124390e-02,-1.168125588446855545e-02,2.581594139337539673e-02,1.938927024602890015e-01,6.662676110863685608e-03,6.131716072559356689e-02,-1.062009856104850769e-01,1.156480982899665833e-02,1.123576611280441284e-01,-9.801069647073745728e-02,1.761374473571777344e-01,-1.071746200323104858e-01,1.830608025193214417e-02,1.221540793776512146e-01,-8.422548882663249969e-03,-2.173717133700847626e-02,-7.811387628316879272e-02,-1.261809021234512329e-01,5.751362442970275879e-02,-4.770883545279502869e-02,5.485536530613899231e-02,-7.824607193470001221e-03,-2.865259163081645966e-02
1.252865046262741089e-01,-9.479114785790443420e-03,6.761992699466645718e-04,-5.056835711002349854e-02,3.751277178525924683e-02,-4.921919852495193481e-02,1.123722121119499207e-01,1.052514687180519104e-01,1.329986471682786942e-02,1.856182143092155457e-02,-4.807486757636070251e-02,-5.063666612841188908e-04,1.042013987898826599e-02,-4.631800577044487000e-02,2.265458554029464722e-02,-1.208187825977802277e-02,7.399437483400106430e-03,-8.775424957275390625e-02,3.493217006325721741e-02,-7.275374140590429306e-03,1.607483625411987305e-02,-4.640526697039604187e-02,-3.011108934879302979e-02,-2.973904833197593689e-02,-4.609948955476284027e-03,-3.037664480507373810e-02,3.233650699257850647e-02,-6.748928129673004150e-02,1.132399309426546097e-02,-1.136358827352523804e-01,-9.306757897138595581e-02,3.130939602851867676e-02,3.146080300211906433e-03,-3.709582611918449402e-02,-1.091018691658973694e-02,4.677326604723930359e-02,-2.457770146429538727e-02,1.065975800156593323e-02,-1.281707435846328735e-01,-4.929856583476066589e-02,5.290694162249565125e-02,3.088998608291149139e-02,-1.074351519346237183e-01,-7.267411565408110619e-04,-1.268489751964807510e-02,-3.190401569008827209e-02,-4.088632017374038696e-02,-7.602267432957887650e-03,6.237549707293510437e-02,7.863239385187625885e-03,-5.377287417650222778e-02,4.509404301643371582e-02,3.380529582500457764e-02,7.934290915727615356e-03,-4.914603009819984436e-02,-1.033268123865127563e-02,-1.542901061475276947e-02,1.316451351158320904e-03,-2.685883268713951111e-02,3.147479519248008728e-02,-1.333022210747003555e-02,2.550950273871421814e-02,1.417767489328980446e-03,7.623980939388275146e-02,6.069337017834186554e-03,3.518664743751287460e-03,-5.986391380429267883e-02,4.945519380271434784e-03,4.918272048234939575e-02,4.044600576162338257e-02,-6.646924465894699097e-02,-2.668394707143306732e-02,6.747291237115859985e-02,1.284072874113917351e-03,-4.015607014298439026e-02,-4.302863776683807373e-02,-1.261089229956269264e-03,3.397798165678977966e-03,-4.993094876408576965e-02,-6.300463806837797165e-03,-2.316028252243995667e-02,-1.990311284316703677e-04,-6.946453358978033066e-03,-1.734461635351181030e-03,-9.552493691444396973e-02,4.849315434694290161e-02,1.128699332475662231e-01,-2.798267407342791557e-03,-1.476425956934690475e-02,2.110643684864044189e-02,-5.298105999827384949e-02,3.900934755802154541e-02,7.969848811626434326e-02,-7.741465419530868530e-02,1.585310511291027069e-02,-8.218829333782196045e-02,2.112213149666786194e-02,-8.379141218028962612e-05,-1.124294660985469818e-02,1.395442485809326172e-01,-2.460122480988502502e-02,1.467938870191574097e-01,3.691279143095016479e-02,-6.922651082277297974e-03,1.358347013592720032e-03,7.762727141380310059e-02,4.106919839978218079e-02,7.320645451545715332e-02,-1.186610683798789978e-01,6.321898195892572403e-03,-1.232026517391204834e-01,2.507579326629638672e-02,7.448209822177886963e-02,1.021445170044898987e-02,5.144458729773759842e-03,-4.387348517775535583e-02,8.919350057840347290e-02,-8.014630526304244995e-03,-6.265118718147277832e-02,-2.117187902331352234e-02,6.289236247539520264e-03,2.031341567635536194e-02,2.170082181692123413e-02,2.843420207500457764e-02,5.598355084657669067e-02,-3.738472238183021545e-02,1.580830849707126617e-02,5.040315911173820496e-02
3.998761475086212158e-01,3.705271705985069275e-02,-2.806611657142639160e-01,9.975185990333557129e-02,3.077758252620697021e-01,-8.157753199338912964e-02,1.052514687180519104e-01,4.964681565761566162e-01,2.360185235738754272e-02,7.742093503475189209e-02,-6.692122202366590500e-03,-1.284380108118057251e-01,2.411488443613052368e-01,2.059071958065032959e-01,3.742359876632690430e-01,2.906529605388641357e-01,-9.554545249557122588e-05,1.150992140173912048e-02,1.278098113834857941e-02,-1.313238441944122314e-01,7.817022502422332764e-02,2.176316529512405396e-01,1.198183968663215637e-01,1.342843007296323776e-02,1.073110755532979965e-02,1.953784376382827759e-01,-2.167637199163436890e-01,-3.144904971122741699e-01,3.065986335277557373e-01,-2.376885712146759033e-01,-5.155540257692337036e-02,-1.526837944984436035e-01,7.742287218570709229e-02,1.860585212707519531e-01,-4.563265293836593628e-02,-2.620823383331298828e-01,2.618874132167547941e-04,1.385980397462844849e-01,-4.737807512283325195e-01,-3.723812401294708252e-01,2.609434425830841064e-01,6.550401449203491211e-02,1.412774324417114258e-01,4.559598118066787720e-02,1.651171594858169556e-01,-2.644533514976501465e-01,-3.835901021957397461e-01,-1.130833774805068970e-01,7.505207322537899017e-03,2.095380611717700958e-02,-4.930766671895980835e-02,-1.145190671086311340e-01,1.135239750146865845e-01,-3.747377917170524597e-02,-2.004077583551406860e-01,-3.661302924156188965e-01,1.004706323146820068e-01,3.511101752519607544e-02,-9.936250001192092896e-02,-1.098179593682289124e-01,8.267962187528610229e-02,-2.428408339619636536e-02,1.147818006575107574e-02,2.184635587036609650e-02,-1.371131837368011475e-02,-3.193707391619682312e-02,3.391056321561336517e-03,3.246426582336425781e-01,-2.241454571485519409e-01,1.481112539768218994e-01,-3.285460472106933594e-01,-2.105898857116699219e-01,5.536160245537757874e-02,2.895817756652832031e-01,-8.050544559955596924e-02,-2.873103916645050049e-01,-9.777262806892395020e-03,3.089665472507476807e-01,-7.883888483047485352e-02,-2.286689728498458862e-01,1.828214675188064575e-01,3.323948709294199944e-03,-3.543862402439117432e-01,8.073449134826660156e-04,-3.335771560668945312e-01,-2.407773733139038086e-01,3.191360235214233398e-01,1.242090389132499695e-02,5.446683987975120544e-02,1.133609712123870850e-01,-1.562499105930328369e-01,5.181404203176498413e-02,9.147168137133121490e-03,-1.297398954629898071e-01,-1.637571305036544800e-01,-1.775284260511398315e-01,3.633894026279449463e-01,-4.341598250903189182e-04,-3.017178773880004883e-01,2.234956920146942139e-01,-1.469810456037521362e-01,2.701652944087982178e-01,-2.003169506788253784e-01,-9.552794694900512695e-02,1.966315805912017822e-01,1.882027387619018555e-01,4.596953466534614563e-02,-1.653432399034500122e-01,-2.508508563041687012e-01,3.196187550202012062e-03,2.612656389828771353e-04,3.976061940193176270e-02,-1.658331304788589478e-01,-1.703297495841979980e-01,3.965181708335876465e-01,-2.892671823501586914e-01,3.972363471984863281e-01,3.872798010706901550e-02,-4.452287256717681885e-01,2.166307158768177032e-02,5.646621435880661011e-02,2.376172989606857300e-01,2.817569971084594727e-01,-1.925636781379580498e-03,-1.122830286622047424e-01,-1.341669708490371704e-01,-5.043827928602695465e-03,1.639094799757003784e-01
8.816506713628768921e-02,1.953615993261337280e-02,-1.122354492545127869e-01,5.531037226319313049e-02,9.173425287008285522e-02,-1.351601481437683105e-01,1.329986471682786942e-02,2.360185235738754272e-02,1.294623315334320068e-01,6.638412922620773315e-02,-2.667104266583919525e-02,-6.009837985038757324e-02,1.285833865404129028e-01,5.498489737510681152e-02,1.503126323223114014e-01,1.319246441125869751e-01,7.438276428729295731e-03,4.446734860539436340e-02,-5.358520150184631348e-02,-4.368588328361511230e-02,-1.715764999389648438e-01,1.148179844021797180e-01,2.616087347269058228e-02,-2.289005927741527557e-02,2.449481189250946045e-02,1.940029561519622803e-01,-1.167647689580917358e-01,-6.741872429847717285e-02,4.386822506785392761e-02,1.703979447484016418e-02,-4.502654820680618286e-02,-1.878350675106048584e-01,1.550258696079254150e-01,1.914172247052192688e-02,-2.881987893488258123e-04,-1.357550173997879028e-01,1.803668774664402008e-02,7.349573075771331787e-02,-1.050996556878089905e-01,-8.696017414331436157e-02,2.011048197746276855e-01,2.987560816109180450e-02,3.143137693405151367e-02,1.207375247031450272e-02,-9.147501736879348755e-02,-9.249425679445266724e-02,-1.497375369071960449e-01,-4.503915086388587952e-02,4.081673175096511841e-02,4.088570550084114075e-02,-9.063187986612319946e-02,7.220111787319183350e-02,7.786707580089569092e-02,1.864339970052242279e-02,1.163343712687492371e-02,-1.253325939178466797e-01,2.297067642211914062e-02,1.071216445416212082e-02,-7.979562878608703613e-02,-7.455821335315704346e-02,-2.315210364758968353e-02,5.029430985450744629e-02,7.330192252993583679e-03,1.416462957859039307e-01,1.071534492075443268e-02,-4.255389049649238586e-02,1.373349316418170929e-02,1.355348080396652222e-01,-1.349217295646667480e-01,9.473903104662895203e-03,-1.141867563128471375e-01,1.281195580959320068e-01,-4.975978657603263855e-02,1.645596921443939209e-01,-7.649190723896026611e-02,-1.305187791585922241e-01,-4.954107105731964111e-03,1.571741551160812378e-01,-6.782878935337066650e-02,-1.476567089557647705e-01,1.579210311174392700e-01,1.592575456015765667e-03,-8.462483435869216919e-02,5.873855203390121460e-03,-1.565299630165100098e-01,-1.249520927667617798e-01,4.571643471717834473e-02,5.066705867648124695e-03,1.339709460735321045e-01,5.576802045106887817e-02,-4.006971418857574463e-02,-4.143102839589118958e-02,-1.017310097813606262e-01,3.166635334491729736e-02,-1.524214595556259155e-01,-1.457040663808584213e-02,5.447810143232345581e-02,-2.074479125440120697e-04,-9.064626693725585938e-02,1.173992156982421875e-01,-2.032688073813915253e-02,1.205158531665802002e-01,-1.685494184494018555e-01,-4.989232495427131653e-02,1.708331406116485596e-01,-1.758233271539211273e-02,-1.279013752937316895e-01,-9.887875616550445557e-02,-1.123077869415283203e-01,-1.614588312804698944e-02,1.276499629020690918e-01,-3.185339644551277161e-02,-1.051182150840759277e-01,-3.335452824831008911e-02,1.090952157974243164e-01,-1.720153689384460449e-01,7.324267923831939697e-02,5.272956099361181259e-03,-1.736173182725906372e-01,5.620012804865837097e-02,9.661212563514709473e-03,1.410451680421829224e-01,1.634012162685394287e-01,-8.003775030374526978e-02,-4.869086295366287231e-02,-1.265351921319961548e-01,1.457808818668127060e-02,4.685475677251815796e-02
3.824345394968986511e-02,3.522990271449089050e-02,-2.485348880290985107e-01,1.629970371723175049e-01,1.445947140455245972e-01,-5.469395965337753296e-02,1.856182143092155457e-02,7.742093503475189209e-02,6.638412922620773315e-02,8.750575035810470581e-02,9.864032268524169922e-03,-1.075846850872039795e-01,1.965560317039489746e-01,8.718958497047424316e-02,2.470894306898117065e-01,2.245490550994873047e-01,3.722658380866050720e-03,8.394050598144531250e-02,-1.275917887687683105e-01,-1.266287565231323242e-01,-8.532860130071640015e-02,2.405781894922256470e-01,1.324436813592910767e-01,-2.427412755787372589e-02,3.291771560907363892e-02,2.829907238483428955e-01,-2.456104904413223267e-01,-8.840364217758178711e-02,2.098235040903091431e-01,-2.913031354546546936e-02,2.913813106715679169e-02,-2.663220763206481934e-01,1.922098845243453979e-01,1.303397566080093384e-01,-9.090524166822433472e-03,-2.524545788764953613e-01,3.990296274423599243e-02,1.242628693580627441e-01,-1.817028224468231201e-01,-1.318026036024093628e-01,2.419828176498413086e-01,2.061273157596588135e-02,1.736226975917816162e-01,3.193693980574607849e-02,-2.236773818731307983e-02,-1.887102127075195312e-01,-2.680348753929138184e-01,-6.531182676553726196e-02,5.115509033203125000e-03,1.301999948918819427e-02,-3.137108311057090759e-02,-3.131475765258073807e-03,6.750901788473129272e-02,2.161906799301505089e-03,-3.133648261427879333e-02,-2.574922740459442139e-01,6.408868730068206787e-02,2.343933470547199249e-02,-1.138692647218704224e-01,-1.306528747081756592e-01,2.054509241133928299e-03,4.218250513076782227e-02,9.915085509419441223e-03,1.053965166211128235e-01,8.723324164748191833e-03,-6.177585199475288391e-02,7.120729237794876099e-02,2.328551560640335083e-01,-2.278410941362380981e-01,3.098945505917072296e-02,-1.982257664203643799e-01,2.289063110947608948e-02,-5.664720013737678528e-02,2.618059813976287842e-01,-6.281972676515579224e-02,-2.213438749313354492e-01,-7.224113214761018753e-03,2.952216267585754395e-01,-4.568521678447723389e-02,-2.431578487157821655e-01,2.719273269176483154e-01,3.015215508639812469e-03,-1.882553398609161377e-01,6.182373035699129105e-03,-1.950221508741378784e-01,-2.171922326087951660e-01,1.008657068014144897e-01,1.169877406209707260e-02,1.569540351629257202e-01,9.269139915704727173e-02,-6.131859496235847473e-02,-4.738990589976310730e-02,-1.874398440122604370e-01,6.144701689481735229e-02,-2.345277816057205200e-01,-9.664761833846569061e-03,1.491491198539733887e-01,-3.246207488700747490e-04,-1.748201400041580200e-01,9.226451069116592407e-02,-7.664693892002105713e-02,1.140573844313621521e-01,-2.710369527339935303e-01,-8.406168222427368164e-02,3.003235757350921631e-01,1.852548867464065552e-02,-1.945919990539550781e-01,-2.209627777338027954e-01,-8.014453947544097900e-02,-2.399038150906562805e-02,1.638112962245941162e-01,-1.139451414346694946e-01,-2.074326723814010620e-01,1.066816598176956177e-02,2.616301178932189941e-01,-2.497104853391647339e-01,1.145998910069465637e-01,7.529433071613311768e-02,-2.698357403278350830e-01,8.151241391897201538e-02,8.171932399272918701e-02,2.072776407003402710e-01,2.487561851739883423e-01,-1.204570904374122620e-01,-1.687133312225341797e-01,-1.457825005054473877e-01,1.920911483466625214e-02,1.156376004219055176e-01
-9.508256614208221436e-02,1.660081744194030762e-02,-9.198282659053802490e-02,2.392259426414966583e-02,2.674809098243713379e-02,3.107019327580928802e-02,-4.807486757636070251e-02,-6.692122202366590500e-03,-2.667104266583919525e-02,9.864032268524169922e-03,8.713671565055847168e-02,-3.362587466835975647e-02,1.140840202569961548e-01,6.346874404698610306e-03,6.594750285148620605e-02,9.831500053405761719e-02,-6.107286550104618073e-03,4.430092498660087585e-02,-4.708804190158843994e-02,-6.111017987132072449e-02,1.212543249130249023e-01,9.931608289480209351e-02,9.748367965221405029e-02,7.064674049615859985e-03,5.839433521032333374e-03,1.155665665864944458e-01,-1.362740993499755859e-01,-2.468713745474815369e-02,1.489592939615249634e-01,1.220040954649448395e-02,8.691442757844924927e-02,-6.281525641679763794e-02,-1.496186200529336929e-02,1.237282976508140564e-01,-7.224294357001781464e-03,-1.263637840747833252e-01,1.897025108337402344e-02,4.293657094240188599e-02,-4.395939409732818604e-02,6.186565384268760681e-02,-1.349204499274492264e-02,-3.603786230087280273e-02,1.572925150394439697e-01,1.494282390922307968e-02,7.593612372875213623e-02,-1.281632483005523682e-01,-7.976827770471572876e-02,2.500433474779129028e-02,-4.837980866432189941e-02,-7.914783805608749390e-02,4.934494197368621826e-02,-7.668181508779525757e-02,-4.418181255459785461e-02,2.242309227585792542e-02,-6.703642755746841431e-02,-1.091752499341964722e-01,3.149577602744102478e-02,1.207091100513935089e-02,-1.764617115259170532e-02,-3.691095858812332153e-02,5.377465859055519104e-02,-2.891357243061065674e-02,-2.065330976620316505e-03,-9.271254390478134155e-02,-2.503353543579578400e-02,-1.984043046832084656e-02,6.185002997517585754e-02,5.948778986930847168e-02,-1.115490049123764038e-01,-1.026101689785718918e-02,-2.773318625986576080e-02,-1.389257609844207764e-01,-3.053216636180877686e-02,7.918601483106613159e-02,3.573518991470336914e-02,4.083892330527305603e-03,-3.620280185714364052e-03,1.154416874051094055e-01,1.269144564867019653e-01,-7.606241106986999512e-02,5.013141408562660217e-02,1.184822409413754940e-03,-7.935018092393875122e-02,1.020673313178122044e-03,5.461160093545913696e-02,-1.324588656425476074e-01,1.453910768032073975e-02,8.008305914700031281e-03,6.138174980878829956e-02,2.256835624575614929e-02,9.938725270330905914e-03,2.355832234025001526e-02,-4.913196712732315063e-02,1.779066585004329681e-02,-4.868684709072113037e-02,4.527685791254043579e-02,2.410324476659297943e-02,-4.326609632698819041e-05,-8.638874441385269165e-02,-8.459320664405822754e-02,-4.089172184467315674e-02,-2.964438684284687042e-02,-8.093777298927307129e-02,-2.683018520474433899e-02,9.574899822473526001e-02,-1.020205393433570862e-01,6.769927684217691422e-03,-1.206029728055000305e-01,7.622046023607254028e-02,-8.507505059242248535e-03,3.614765778183937073e-02,-1.744283922016620636e-02,-9.439716488122940063e-02,2.107927389442920685e-02,1.161287054419517517e-01,-5.914231017231941223e-02,1.583705283701419830e-02,7.114373892545700073e-02,-2.212509885430335999e-02,1.399868540465831757e-02,4.955449700355529785e-02,1.424678135663270950e-02,5.259613320231437683e-02,-3.213745355606079102e-02,-1.330178827047348022e-01,8.888364536687731743e-04,2.501439303159713745e-03,6.974887102842330933e-03
-4.461026936769485474e-02,-5.002232268452644348e-02,3.496642708778381348e-01,-2.419942468404769897e-01,-1.954044103622436523e-01,3.115326724946498871e-02,-5.063666612841188908e-04,-1.284380108118057251e-01,-6.009837985038757324e-02,-1.075846850872039795e-01,-3.362587466835975647e-02,1.504074186086654663e-01,-2.576697170734405518e-01,-1.580111235380172729e-01,-3.410972356796264648e-01,-3.126985430717468262e-01,-1.875289482995867729e-03,-1.275257617235183716e-01,1.717927902936935425e-01,1.762074083089828491e-01,7.645585387945175171e-02,-3.458503186702728271e-01,-2.044905722141265869e-01,2.428720891475677490e-02,-4.240249842405319214e-02,-3.704531192779541016e-01,3.388058543205261230e-01,1.139169856905937195e-01,-3.103711307048797607e-01,3.387266397476196289e-02,-6.952968239784240723e-02,3.525811135768890381e-01,-2.345619648694992065e-01,-2.120601832866668701e-01,1.512594521045684814e-02,3.610238432884216309e-01,-5.802362412214279175e-02,-1.658725440502166748e-01,2.378325611352920532e-01,1.970545947551727295e-01,-2.971196770668029785e-01,-1.990118622779846191e-02,-2.765533626079559326e-01,-4.663484916090965271e-02,-1.522613875567913055e-02,2.582685351371765137e-01,3.652929663658142090e-01,9.115850180387496948e-02,2.099461294710636139e-02,2.668133005499839783e-03,9.953757748007774353e-03,4.889570176601409912e-02,-7.777762413024902344e-02,1.771357096731662750e-02,5.079527571797370911e-02,3.617534041404724121e-01,-1.037004739046096802e-01,-3.373160958290100098e-02,1.293012797832489014e-01,1.857649385929107666e-01,-1.819067448377609253e-02,-3.943675011396408081e-02,-1.310946792364120483e-02,-8.736252784729003906e-02,-6.561164278537034988e-03,7.891138643026351929e-02,-1.069705337285995483e-01,-3.189358711242675781e-01,3.242228925228118896e-01,-3.838745877146720886e-02,2.634054720401763916e-01,1.633744314312934875e-02,8.358855545520782471e-02,-3.583877980709075928e-01,6.351897865533828735e-02,2.876330018043518066e-01,9.228258393704891205e-03,-4.057663083076477051e-01,4.611072689294815063e-02,3.281458318233489990e-01,-3.706517517566680908e-01,-4.305738490074872971e-03,2.755319476127624512e-01,-7.553453091531991959e-03,2.407597303390502930e-01,3.053901493549346924e-01,-1.244254857301712036e-01,-1.695927791297435760e-02,-1.913003176450729370e-01,-1.226854249835014343e-01,7.309910655021667480e-02,6.357449293136596680e-02,2.563099563121795654e-01,-8.535694330930709839e-02,3.114253878593444824e-01,1.065737754106521606e-02,-2.228811532258987427e-01,4.245512245688587427e-04,2.525689303874969482e-01,-8.514984697103500366e-02,1.136620417237281799e-01,-1.141937673091888428e-01,3.703618645668029785e-01,1.126509457826614380e-01,-3.929057717323303223e-01,-3.636531159281730652e-02,2.467992156744003296e-01,3.216190934181213379e-01,7.172232866287231445e-02,3.046357817947864532e-02,-2.439652383327484131e-01,1.580378413200378418e-01,3.044014871120452881e-01,-8.066106587648391724e-03,-3.725520372390747070e-01,3.191005885601043701e-01,-1.600017994642257690e-01,-1.108498275279998779e-01,3.656366169452667236e-01,-1.091982722282409668e-01,-1.093618944287300110e-01,-2.764860689640045166e-01,-3.260630667209625244e-01,1.484361588954925537e-01,2.550517022609710693e-01,1.829693913459777832e-01,-1.883232966065406799e-02,-1.502702832221984863e-01
