4.784557223320007324e-01,-2.131974324584007263e-03,-5.481916293501853943e-02,-2.898822724819183350e-02,1.518161594867706299e-01,-5.608809739351272583e-02,8.368797600269317627e-02,2.941432893276214600e-01,6.400147080421447754e-02,9.038042277097702026e-03,-5.007613822817802429e-02,-5.899626761674880981e-03,3.621675539761781693e-03,4.087256491184234619e-01,1.783825159072875977e-01,3.636733442544937134e-02,-3.972514066845178604e-03,-6.551225483417510986e-02,1.470615118741989136e-01,7.069090846925973892e-03,-1.143010854721069336e-01,-3.634922951459884644e-02,3.590547014027833939e-03,5.036075785756111145e-02,-2.662930265069007874e-02,-1.117913424968719482e-01,8.203894644975662231e-02,-2.462779283523559570e-01,1.036601699888706207e-02,-2.086057066917419434e-01,-1.378517448902130127e-01,5.331974476575851440e-02,-1.605234108865261078e-02,3.673837333917617798e-02,-2.577872015535831451e-02,3.863265970721840858e-03,-2.914332784712314606e-02,-9.395411238074302673e-03,-2.381286472082138062e-01,-3.192482292652130127e-01,3.986652195453643799e-02,8.210023492574691772e-02,-6.057410314679145813e-02,1.341497804969549179e-02,1.080571562051773071e-01,-1.224308311939239502e-01,-1.159033849835395813e-01,-8.870603889226913452e-02,1.102423481643199921e-02,6.931298226118087769e-02,-4.318657144904136658e-02,-8.125202357769012451e-02,3.266705945134162903e-02,-6.107790395617485046e-02,-3.777356073260307312e-02,-3.282951563596725464e-02,4.659429192543029785e-02,8.322693407535552979e-03,6.319342646747827530e-03,-5.877578631043434143e-03,5.328271910548210144e-02,-1.176161412149667740e-02,1.122556254267692566e-02,5.249381437897682190e-02,-4.736126959323883057e-02,4.120033979415893555e-02,-4.869682341814041138e-02,1.208248734474182129e-01,-1.733707031235098839e-03,1.196437180042266846e-01,-9.535543620586395264e-02,-1.553957015275955200e-01,7.505687326192855835e-02,3.224508091807365417e-02,-6.195864453911781311e-02,-1.679138839244842529e-01,-4.806639160960912704e-03,2.476022951304912567e-02,-1.588503569364547729e-01,4.631492495536804199e-02,-1.689990749582648277e-03,7.617985829710960388e-04,-1.852435022592544556e-01,-7.557045668363571167e-03,-1.689690649509429932e-01,-5.022683180868625641e-03,2.349167466163635254e-01,-4.586060531437397003e-03,-7.408186048269271851e-02,-3.106101183220744133e-03,-5.151538923382759094e-02,2.770056249573826790e-03,1.445547789335250854e-01,-1.251436173915863037e-01,5.548617988824844360e-02,-1.246346980333328247e-01,2.848491966724395752e-01,-2.032483898801729083e-04,-6.395022571086883545e-02,1.427605748176574707e-01,-4.116933420300483704e-02,1.033907607197761536e-01,5.011215806007385254e-02,-3.624441334977746010e-03,-1.624786257743835449e-01,1.985981911420822144e-01,1.427719295024871826e-01,6.728373467922210693e-02,-2.301345914602279663e-01,2.743689529597759247e-02,-1.299671203014440835e-05,5.716756358742713928e-02,5.583552643656730652e-02,-2.743325829505920410e-01,3.991498798131942749e-02,-1.856912486255168915e-02,2.868934273719787598e-01,-1.233633607625961304e-01,-2.210791110992431641e-01,-3.249402716755867004e-02,-1.131323948502540588e-01,8.746362477540969849e-02,3.124679252505302429e-02,4.261367768049240112e-02,9.629306197166442871e-02,-1.291334182024002075e-01,-2.332970313727855682e-02,4.791241139173507690e-02
-2.131974324584007263e-03,2.162685059010982513e-02,-1.150264590978622437e-01,7.308673113584518433e-02,5.564480274915695190e-02,-8.558585308492183685e-03,-3.699947148561477661e-03,4.116904363036155701e-02,6.838955450803041458e-03,2.572255767881870270e-02,5.630050785839557648e-03,-4.562436416745185852e-02,9.529674798250198364e-02,2.827181108295917511e-02,1.107931286096572876e-01,1.070416271686553955e-01,2.779411850497126579e-03,4.557067900896072388e-02,-5.239501222968101501e-02,-6.029006466269493103e-02,-4.388349130749702454e-02,1.257229000329971313e-01,4.564193263649940491e-02,-9.263286367058753967e-03,1.632404513657093048e-02,1.391263753175735474e-01,-1.261071115732192993e-01,-2.935814484953880310e-02,7.223569601774215698e-02,8.016840554773807526e-03,3.040210902690887451e-02,-1.226251646876335144e-01,8.526042103767395020e-02,4.918700829148292542e-02,5.152079029357992113e-05,-1.255124211311340332e-01,1.319555193185806274e-02,3.720922395586967468e-02,-5.449718236923217773e-02,-7.978474348783493042e-02,1.154676973819732666e-01,2.973954193294048309e-03,1.138703525066375732e-01,1.300198026001453400e-02,-4.143593832850456238e-03,-3.800560906529426575e-02,-1.197526082396507263e-01,-3.190932795405387878e-02,-7.012726739048957825e-03,1.243991125375032425e-02,2.571227261796593666e-03,1.364084519445896149e-02,3.545582666993141174e-02,-1.245313417166471481e-02,8.890114724636077881e-03,-1.241536363959312439e-01,2.541392110288143158e-02,9.842192754149436951e-03,-5.103866755962371826e-02,-5.526062846183776855e-02,-8.257447741925716400e-03,8.857714012265205383e-03,4.703037906438112259e-03,2.078437805175781250e-02,2.319945767521858215e-02,-2.750100009143352509e-02,2.419028803706169128e-02,1.182286366820335388e-01,-1.177440285682678223e-01,1.141239050775766373e-02,-7.082649320363998413e-02,3.995804488658905029e-02,-3.480679914355278015e-02,1.167636960744857788e-01,-2.235135436058044434e-02,-8.072705566883087158e-02,-3.239013487473130226e-03,1.327023208141326904e-01,-3.637745603919029236e-02,-1.058341264724731445e-01,1.162786185741424561e-01,1.989176264032721519e-03,-7.635442167520523071e-02,5.448037292808294296e-03,-7.513511925935745239e-02,-1.154588386416435242e-01,1.095620170235633850e-02,7.607264909893274307e-03,6.755249202251434326e-02,2.558120712637901306e-02,-3.106817230582237244e-02,-2.531228587031364441e-02,-9.816057235002517700e-02,3.736116737127304077e-02,-1.040713787078857422e-01,1.159686967730522156e-02,6.181869655847549438e-02,-2.401028614258393645e-04,-9.016465395689010620e-02,2.213585190474987030e-02,-1.456151530146598816e-02,3.945723176002502441e-02,-1.261919289827346802e-01,-2.022733166813850403e-02,1.341093331575393677e-01,1.426772121340036392e-02,-8.624340593814849854e-02,-1.109207123517990112e-01,-2.096479013562202454e-02,-1.544734649360179901e-02,9.828077256679534912e-02,-2.497779019176959991e-02,-1.084132790565490723e-01,-6.298867810983210802e-05,1.376925110816955566e-01,-1.144981011748313904e-01,4.239558055996894836e-02,4.014739394187927246e-02,-1.220530048012733459e-01,3.629952296614646912e-02,5.368974432349205017e-02,9.576897323131561279e-02,1.153542473912239075e-01,-4.219204559922218323e-02,-9.816992282867431641e-02,-2.931817807257175446e-02,-1.770186470821499825e-03,3.120639733970165253e-02
-5.481916293501853943e-02,-1.150264590978622437e-01,7.347875833511352539e-01,-4.628130793571472168e-01,-3.034145832061767578e-01,-1.995933614671230316e-02,-7.937009632587432861e-02,-2.929869294166564941e-01,-1.958215981721878052e-02,-1.694828271865844727e-01,-3.362997248768806458e-02,2.862456142902374268e-01,-5.420697927474975586e-01,-2.600313723087310791e-01,-6.546466946601867676e-01,-6.161382794380187988e-01,-2.478314191102981567e-02,-1.777058243751525879e-01,3.251060545444488525e-01,4.053982198238372803e-01,2.330753058195114136e-01,-7.195084691047668457e-01,-3.592453002929687500e-01,1.365302056074142456e-01,-9.088554978370666504e-02,-7.290059924125671387e-01,6.778542995452880859e-01,1.720162630081176758e-01,-5.302788019180297852e-01,6.849085539579391479e-02,-1.312220394611358643e-01,6.972557306289672852e-01,-5.233109593391418457e-01,-3.550566434860229492e-01,1.230767089873552322e-02,7.071446776390075684e-01,-7.489808648824691772e-02,-2.323991358280181885e-01,4.314797222614288330e-01,5.286607146263122559e-01,-6.637629270553588867e-01,-3.194433450698852539e-02,-6.274369955062866211e-01,-8.635526895523071289e-02,-2.757591661065816879e-03,3.305459618568420410e-01,7.350202798843383789e-01,2.055544704198837280e-01,9.664685465395450592e-03,1.365657337009906769e-02,-5.666615441441535950e-02,-9.010292589664459229e-02,-1.910201609134674072e-01,1.530175805091857910e-01,-5.913132056593894958e-02,7.100464701652526855e-01,-1.875221431255340576e-01,-6.654807180166244507e-02,2.562148571014404297e-01,3.390084505081176758e-01,8.823578804731369019e-02,-1.077468171715736389e-01,-3.286297991871833801e-02,-1.738603860139846802e-01,-1.522502303123474121e-01,1.589519977569580078e-01,-9.117713570594787598e-02,-6.594512462615966797e-01,6.795470118522644043e-01,-6.089468300342559814e-02,4.933797121047973633e-01,-1.336712688207626343e-01,1.747016608715057373e-01,-6.989790201187133789e-01,1.433401703834533691e-01,5.174818038940429688e-01,1.946656033396720886e-02,-7.936069369316101074e-01,2.802341878414154053e-01,6.524024605751037598e-01,-7.211236357688903809e-01,-1.317774225026369095e-02,4.682514369487762451e-01,-2.723183110356330872e-02,5.127037167549133301e-01,5.809641480445861816e-01,-1.536867320537567139e-01,-4.281631484627723694e-02,-3.711656033992767334e-01,-1.810500025749206543e-01,1.999511122703552246e-01,1.488481014966964722e-01,5.545481443405151367e-01,-1.811379790306091309e-01,6.228480935096740723e-01,-1.747408136725425720e-02,-3.975503146648406982e-01,1.615417888388037682e-03,5.688095092773437500e-01,-2.332341969013214111e-01,1.448507905006408691e-01,-3.175069093704223633e-01,7.105862498283386230e-01,1.304552257061004639e-01,-7.553324103355407715e-01,-2.133969664573669434e-01,5.309572219848632812e-01,6.417078971862792969e-01,1.557094305753707886e-01,8.893879503011703491e-02,-5.456861257553100586e-01,2.510546147823333740e-01,6.115298867225646973e-01,-9.974922984838485718e-02,-7.414121031761169434e-01,6.627595424652099609e-01,-3.176446259021759033e-01,-2.981036901473999023e-01,7.475625276565551758e-01,-2.165925651788711548e-01,-3.391826152801513672e-01,-6.194225549697875977e-01,-6.616379022598266602e-01,2.147628664970397949e-01,6.031134128570556641e-01,2.964537441730499268e-01,-1.413888763636350632e-02,-2.640848755836486816e-01
-2.898822724819183350e-02,7.308673113584518433e-02,-4.628130793571472168e-01,4.947263002395629883e-01,1.480697542428970337e-01,8.662046492099761963e-02,-3.910306468605995178e-02,1.760102808475494385e-01,-8.066403679549694061e-03,1.031518206000328064e-01,-5.627655237913131714e-02,-2.027521878480911255e-01,2.433230578899383545e-01,1.999950408935546875e-01,4.196606874465942383e-01,3.679868578910827637e-01,2.262722142040729523e-02,2.189890891313552856e-01,-2.602459788322448730e-01,-2.078544944524765015e-01,-3.264383077621459961e-01,5.522766113281250000e-01,1.978245526552200317e-01,-1.494001895189285278e-01,8.399762958288192749e-02,5.008060932159423828e-01,-4.385335743427276611e-01,3.943327814340591431e-02,1.988230943679809570e-01,1.142337694764137268e-01,1.001447662711143494e-01,-5.692601799964904785e-01,4.371168911457061768e-01,1.682779788970947266e-01,7.769841700792312622e-03,-4.898474514484405518e-01,7.847506552934646606e-02,1.366623938083648682e-01,-9.239172935485839844e-02,-4.714274406433105469e-01,5.027067065238952637e-01,3.558644652366638184e-02,4.005618095397949219e-01,4.908265545964241028e-02,-4.612408578395843506e-02,-8.656939491629600525e-03,-4.387100636959075928e-01,-2.012809962034225464e-01,-3.191640228033065796e-02,6.801468133926391602e-02,2.961006015539169312e-02,8.066232502460479736e-02,2.110838443040847778e-01,-2.027463614940643311e-01,1.752004623413085938e-01,-4.781488478183746338e-01,1.248736381530761719e-01,3.399775177240371704e-02,-1.076747849583625793e-01,-2.718744874000549316e-01,-1.265089064836502075e-01,9.282974153757095337e-02,2.702925354242324829e-02,1.392560899257659912e-01,1.271892637014389038e-01,-1.120607927441596985e-01,6.498782336711883545e-02,4.642995893955230713e-01,-4.564834535121917725e-01,-1.939412951469421387e-02,-3.058371841907501221e-01,3.140588700771331787e-01,-1.875253766775131226e-01,4.881764650344848633e-01,-9.248964488506317139e-02,-3.530959784984588623e-01,-2.986417617648839951e-03,5.292623043060302734e-01,-3.515814542770385742e-01,-4.676291942596435547e-01,6.157955527305603027e-01,8.854278363287448883e-03,-2.112802863121032715e-01,2.338188514113426208e-02,-3.887827992439270020e-01,-3.050309419631958008e-01,-1.082342714071273804e-01,2.578889019787311554e-02,1.824920475482940674e-01,1.154555454850196838e-01,-9.243014454841613770e-02,-1.954412460327148438e-01,-5.200164318084716797e-01,2.465783059597015381e-01,-4.808371961116790771e-01,1.197681389749050140e-02,2.042867988348007202e-01,-1.031952444463968277e-03,-3.070625662803649902e-01,1.444165110588073730e-01,-5.288368090987205505e-02,8.552327752113342285e-02,-5.674343705177307129e-01,-7.630357146263122559e-02,5.719634890556335449e-01,2.532400488853454590e-01,-5.204383730888366699e-01,-4.666940271854400635e-01,6.639245431870222092e-03,-6.384280323982238770e-02,5.788604021072387695e-01,-2.399630397558212280e-01,-5.046201944351196289e-01,9.444388002157211304e-02,5.081673860549926758e-01,-3.943070471286773682e-01,8.353144675493240356e-02,1.741325855255126953e-01,-5.486737489700317383e-01,1.912520229816436768e-01,1.809643059968948364e-01,4.209555685520172119e-01,4.690220654010772705e-01,-1.480257958173751831e-01,-4.058260321617126465e-01,-1.539557427167892456e-01,-2.478387439623475075e-03,1.752095669507980347e-01
1.518161594867706299e-01,5.564480274915695190e-02,-3.034145832061767578e-01,1.480697542428970337e-01,2.298243343830108643e-01,-4.994262382388114929e-02,3.064307942986488342e-02,2.152998894453048706e-01,2.456715889275074005e-02,6.597057729959487915e-02,2.785246120765805244e-03,-1.116282641887664795e-01,2.546012103557586670e-01,1.632201820611953735e-01,3.462975323200225830e-01,2.929877936840057373e-01,1.322141150012612343e-03,9.111031889915466309e-02,-7.759906351566314697e-02,-1.573178321123123169e-01,-9.938006848096847534e-02,2.932038009166717529e-01,9.493402391672134399e-02,3.005715087056159973e-02,2.650227211415767670e-02,3.098188340663909912e-01,-3.092227876186370850e-01,-1.909479647874832153e-01,2.148202210664749146e-01,-9.185238182544708252e-02,4.083755984902381897e-02,-2.560579180717468262e-01,1.890029013156890869e-01,1.292310059070587158e-01,-9.120970033109188080e-03,-3.038908541202545166e-01,1.725821942090988159e-02,9.292487800121307373e-02,-2.578814029693603516e-01,-2.809509336948394775e-01,2.976997196674346924e-01,3.506407141685485840e-02,2.758836448192596436e-01,3.879169374704360962e-02,4.560452699661254883e-02,-1.572829186916351318e-01,-3.528070151805877686e-01,-1.023885011672973633e-01,-1.322998572140932083e-02,7.427935302257537842e-02,-1.052534859627485275e-02,-8.719340898096561432e-03,8.772546797990798950e-02,-1.363743189722299576e-02,-2.138153277337551117e-02,-3.320839405059814453e-01,6.865475326776504517e-02,2.787432447075843811e-02,-1.652302443981170654e-01,-1.296696513891220093e-01,2.195478416979312897e-02,-4.425021470524370670e-04,1.368142012506723404e-02,6.681060045957565308e-02,4.307438433170318604e-02,-5.255096405744552612e-02,6.370577216148376465e-02,3.457513749599456787e-01,-2.733571231365203857e-01,1.001249402761459351e-01,-2.137734442949295044e-01,1.147460285574197769e-02,-3.587684780359268188e-02,2.911481559276580811e-01,-7.507286965847015381e-02,-2.821544706821441650e-01,-1.163409836590290070e-02,3.351415395736694336e-01,-1.105773672461509705e-01,-2.375232726335525513e-01,2.572498917579650879e-01,4.770330153405666351e-03,-2.844879031181335449e-01,1.076885592192411423e-02,-2.426710128784179688e-01,-3.311270773410797119e-01,1.489848345518112183e-01,1.806922815740108490e-02,1.590587198734283447e-01,5.900783091783523560e-02,-1.169469878077507019e-01,-4.245337843894958496e-02,-1.654941141605377197e-01,2.201858907938003540e-02,-2.274592965841293335e-01,-6.829442572779953480e-04,2.922636270523071289e-01,-6.480715819634497166e-04,-2.509616911411285400e-01,9.344939887523651123e-02,-4.883798211812973022e-02,1.488334685564041138e-01,-2.784869670867919922e-01,-5.340025946497917175e-02,2.781805396080017090e-01,8.642945438623428345e-02,-1.380982100963592529e-01,-2.516582012176513672e-01,-1.606830954551696777e-01,-2.769649587571620941e-02,1.799620240926742554e-01,-1.205142028629779816e-02,-2.331482768058776855e-01,-1.223128959536552429e-01,3.888454437255859375e-01,-3.110634982585906982e-01,2.168111354112625122e-01,5.216849222779273987e-02,-3.708728253841400146e-01,6.879340112209320068e-02,1.233329549431800842e-01,2.590911388397216797e-01,2.994536161422729492e-01,-1.008693948388099670e-01,-1.996797472238540649e-01,-8.815085142850875854e-02,-1.719507016241550446e-02,9.622097760438919067e-02
-5.608809739351272583e-02,-8.558585308492183685e-03,-1.995933614671230316e-02,8.662046492099761963e-02,-4.994262382388114929e-02,1.843878179788589478e-01,-1.476097479462623596e-02,3.468115627765655518e-02,-9.988404065370559692e-02,-2.298778668045997620e-02,5.358461290597915649e-03,-1.007618848234415054e-03,-8.943937718868255615e-02,2.839159965515136719e-02,-3.949424251914024353e-02,-5.190115049481391907e-02,-2.450778847560286522e-03,-9.206334128975868225e-03,-1.484716683626174927e-02,-1.133448723703622818e-02,8.038228750228881836e-02,1.505781058222055435e-02,5.962267145514488220e-02,-2.283332496881484985e-02,-2.996837254613637924e-03,-9.442761540412902832e-02,2.606172859668731689e-02,7.391446083784103394e-02,5.558023229241371155e-02,-1.685814186930656433e-02,4.094668850302696228e-02,2.852782420814037323e-02,-3.577582165598869324e-02,4.869472607970237732e-02,-6.168209481984376907e-03,2.601441182196140289e-02,8.620222099125385284e-03,-1.647773571312427521e-02,6.397995352745056152e-02,-4.493156075477600098e-02,-7.621785998344421387e-02,-1.176252774894237518e-02,3.089617751538753510e-02,2.438360592350363731e-03,6.543042510747909546e-02,5.122956261038780212e-02,4.154558107256889343e-02,-1.338360738009214401e-02,-4.373481497168540955e-02,-4.151754453778266907e-02,8.539092540740966797e-02,-8.000441640615463257e-02,-5.788097623735666275e-03,-8.791851252317428589e-02,4.509265068918466568e-03,1.442528213374316692e-03,1.502458471804857254e-02,-6.955409771762788296e-04,6.598346680402755737e-02,-1.231055357493460178e-03,4.970248788595199585e-03,-7.919447496533393860e-03,4.208791360724717379e-04,-8.271500468254089355e-02,-3.774048294872045517e-03,1.750856637954711914e-02,1.049395068548619747e-03,-2.344007790088653564e-02,3.584901243448257446e-02,-1.503643300384283066e-02,1.017264556139707565e-02,-8.028270304203033447e-02,9.736009873449802399e-03,-3.198337182402610779e-02,4.437716677784919739e-02,2.333311364054679871e-02,6.547939963638782501e-03,-1.732257753610610962e-02,-1.312902010977268219e-02,7.719242013990879059e-03,2.022849395871162415e-02,2.425133716315031052e-04,1.745377853512763977e-02,-5.250652786344289780e-03,3.565831482410430908e-02,1.030889749526977539e-01,-2.927987463772296906e-02,-1.643182244151830673e-03,-1.082648187875747681e-01,-5.032503977417945862e-04,2.442400716245174408e-02,-1.107356697320938110e-02,-1.772454753518104553e-02,3.372799605131149292e-02,2.622279711067676544e-02,-4.467183351516723633e-02,-1.360655995085835457e-03,5.931681516813114285e-05,1.124831754714250565e-02,-4.865581542253494263e-02,-2.736343257129192352e-02,-8.737095445394515991e-02,2.477518655359745026e-02,8.269095793366432190e-03,-3.033574484288692474e-02,1.187605634331703186e-01,-1.572433486580848694e-02,2.159156138077378273e-03,1.232523471117019653e-01,6.071624811738729477e-03,1.505717169493436813e-02,-8.328619599342346191e-02,-1.642435602843761444e-02,8.339801430702209473e-02,1.471578958444297314e-03,8.028230816125869751e-02,-2.869627624750137329e-02,2.929374016821384430e-02,2.042593806982040405e-02,-1.374274375848472118e-03,3.323475597426295280e-03,-3.036486729979515076e-02,-3.565725684165954590e-02,4.003141447901725769e-02,-4.871502518653869629e-02,3.567517548799514771e-02,2.641945611685514450e-03,3.797848895192146301e-02
8.368797600269317627e-02,-3.699947148561477661e-03,-7.937009632587432861e-02,-3.910306468605995178e-02,3.064307942986488342e-02,-1.476097479462623596e-02,1.252214461565017700e-01,3.437324613332748413e-02,8.779658004641532898e-03,2.380414865911006927e-02,-8.909598545869812369e-05,-3.180606989189982414e-03,2.415086328983306885e-02,2.437494136393070221e-02,4.127981141209602356e-02,1.624584943056106567e-02,3.504706313833594322e-03,-8.510836958885192871e-02,-2.410581568256020546e-03,-4.893407598137855530e-02,2.317598275840282440e-02,2.321313368156552315e-03,2.892710641026496887e-02,-1.508515607565641403e-02,-1.011452451348304749e-02,1.530786417424678802e-02,-8.729372639209032059e-04,-6.422276049852371216e-02,9.544132649898529053e-02,-1.437037736177444458e-01,-3.930223360657691956e-02,-2.009926130995154381e-03,2.387529239058494568e-02,1.615423522889614105e-02,-7.691157981753349304e-03,-1.990498509258031845e-03,-1.375382859259843826e-02,1.678917929530143738e-02,-1.532174944877624512e-01,-3.464137762784957886e-02,4.486708715558052063e-02,1.986952498555183411e-02,-2.323134988546371460e-02,7.985565811395645142e-03,-2.502854913473129272e-03,-1.204890459775924683e-01,-9.041896462440490723e-02,-1.419012784026563168e-03,4.993914812803268433e-02,-2.220094762742519379e-02,5.845257546752691269e-03,2.996506541967391968e-02,-2.478531934320926666e-02,1.287861727178096771e-02,-2.610297687351703644e-02,-1.786239072680473328e-02,5.084700882434844971e-03,5.633510649204254150e-03,-3.890185803174972534e-02,6.623051129281520844e-03,-1.872719451785087585e-02,3.492759913206100464e-02,2.795431530103087425e-03,8.589991182088851929e-02,1.675426028668880463e-02,1.028842176310718060e-03,-2.877054549753665924e-02,1.483766268938779831e-02,-6.523888092488050461e-03,3.918894007802009583e-02,-6.735622137784957886e-02,-8.545733988285064697e-02,5.494908243417739868e-02,3.354625776410102844e-02,-3.092020191252231598e-02,-9.347293525934219360e-02,-4.863618407398462296e-03,7.350711524486541748e-02,-2.257826179265975952e-02,-1.925193518400192261e-02,3.655643761157989502e-02,4.275708633940666914e-04,-5.415412411093711853e-02,-3.370128571987152100e-03,-7.570912688970565796e-02,-1.747663365676999092e-03,1.534795463085174561e-01,-1.736765145324170589e-03,3.048297576606273651e-02,1.830734871327877045e-02,-4.567553475499153137e-02,2.319836802780628204e-02,3.810799494385719299e-02,-6.882049888372421265e-02,-1.516177505254745483e-02,-2.824773825705051422e-02,6.966302543878555298e-02,-1.782617036951705813e-04,-3.295351192355155945e-02,9.609156101942062378e-02,-3.540418297052383423e-02,1.296438723802566528e-01,9.066312923096120358e-04,-1.188706792891025543e-02,5.189870297908782959e-02,5.662805959582328796e-02,-8.036405779421329498e-03,8.650210686028003693e-03,-1.263969838619232178e-01,1.806666958145797253e-03,-8.321402221918106079e-02,-3.766163811087608337e-02,5.148269608616828918e-02,2.862994559109210968e-02,1.482848171144723892e-02,-6.221304833889007568e-02,8.667770773172378540e-02,2.376575395464897156e-02,-8.137251436710357666e-02,-1.152778044342994690e-02,4.455732181668281555e-02,6.130786612629890442e-02,1.634274236857891083e-02,1.719054882414638996e-03,1.817647926509380341e-02,-9.471351653337478638e-02,1.575596258044242859e-02,6.218328326940536499e-02
2.941432893276214600e-01,4.116904363036155701e-02,-2.929869294166564941e-01,1.760102808475494385e-01,2.152998894453048706e-01,3.468115627765655518e-02,3.437324613332748413e-02,3.904786109924316406e-01,-1.405882462859153748e-02,4.437538236379623413e-02,1.166149135679006577e-02,-1.153201758861541748e-01,2.005345821380615234e-01,3.415324389934539795e-01,3.665667474269866943e-01,2.623618245124816895e-01,3.998930333182215691e-04,3.311217203736305237e-02,-1.601682603359222412e-02,-1.325492560863494873e-01,-3.131708502769470215e-02,2.791620790958404541e-01,1.384855806827545166e-01,-2.075877785682678223e-02,1.253404747694730759e-02,1.884152740240097046e-01,-2.324367463588714600e-01,-1.993492841720581055e-01,2.679886817932128906e-01,-1.419716179370880127e-01,-3.297731513157486916e-03,-1.927656978368759155e-01,1.046735718846321106e-01,1.945378035306930542e-01,-3.000837936997413635e-02,-2.898297011852264404e-01,7.407255005091428757e-03,7.812242954969406128e-02,-3.201026618480682373e-01,-3.996447324752807617e-01,2.266853898763656616e-01,4.594787210226058960e-02,2.332708388566970825e-01,4.288772493600845337e-02,1.800035834312438965e-01,-1.951552331447601318e-01,-3.580219149589538574e-01,-1.208397448062896729e-01,-3.532566875219345093e-02,9.475661208853125572e-04,3.092781454324722290e-02,-8.881302922964096069e-02,7.904535531997680664e-02,-1.196898296475410461e-01,-5.444845557212829590e-02,-3.315529525279998779e-01,1.136693805456161499e-01,3.374131396412849426e-02,-4.961710423231124878e-02,-1.232166811823844910e-01,4.454535618424415588e-02,-1.043154112994670868e-02,1.558784767985343933e-02,-3.817791119217872620e-02,1.852613314986228943e-02,-2.304895967245101929e-02,1.486818492412567139e-02,3.137576878070831299e-01,-2.569135129451751709e-01,7.614588737487792969e-02,-2.365025579929351807e-01,-1.414376795291900635e-01,-1.297403872013092041e-02,2.907318770885467529e-01,-4.435272514820098877e-02,-2.278801053762435913e-01,-8.447431959211826324e-03,3.193936944007873535e-01,-1.574903875589370728e-01,-2.173508256673812866e-01,2.428210675716400146e-01,5.359667818993330002e-03,-3.118807971477508545e-01,5.377195775508880615e-03,-2.360754013061523438e-01,-2.548376321792602539e-01,1.653746813535690308e-01,1.573047786951065063e-02,4.761164635419845581e-02,6.384593993425369263e-02,-1.004378348588943481e-01,-2.332607284188270569e-02,-8.751171827316284180e-02,-4.160154238343238831e-02,-1.721494346857070923e-01,-7.126677781343460083e-02,3.397074639797210693e-01,-6.405621534213423729e-04,-2.640209197998046875e-01,1.115331351757049561e-01,-9.031666070222854614e-02,1.288783699274063110e-01,-2.370743602514266968e-01,-4.920495674014091492e-02,1.773549914360046387e-01,1.950985789299011230e-01,-3.805993124842643738e-02,-2.230549603700637817e-01,-1.201942712068557739e-01,-8.064550347626209259e-03,1.894028186798095703e-01,-1.189579814672470093e-02,-2.224406450986862183e-01,-1.444236785173416138e-01,3.787865042686462402e-01,-2.423692643642425537e-01,2.883855700492858887e-01,3.986137360334396362e-02,-4.174301028251647949e-01,4.516844823956489563e-02,5.331094563007354736e-02,2.439981102943420410e-01,2.443144172430038452e-01,2.875510836020112038e-04,-2.020992338657379150e-01,-1.057472452521324158e-01,-2.070886641740798950e-02,1.101616472005844116e-01
6.400147080421447754e-02,6.838955450803041458e-03,-1.958215981721878052e-02,-8.066403679549694061e-03,2.456715889275074005e-02,-9.988404065370559692e-02,8.779658004641532898e-03,-1.405882462859153748e-02,7.975230365991592407e-02,2.394186332821846008e-02,-2.404181845486164093e-02,-1.300513371825218201e-02,5.154854431748390198e-02,4.673703759908676147e-02,5.251472070813179016e-02,4.109909012913703918e-02,6.175531540066003799e-03,1.140682864934206009e-02,-1.381285605020821095e-03,3.130846424028277397e-03,-1.328472346067428589e-01,2.418356202542781830e-02,-1.800937950611114502e-02,-1.500615291297435760e-02,9.123001247644424438e-03,7.670840620994567871e-02,-1.716770045459270477e-02,-2.912969887256622314e-02,-5.636280030012130737e-02,2.672167122364044189e-02,-4.332150146365165710e-02,-7.542682439088821411e-02,7.386932522058486938e-02,-2.545206435024738312e-02,5.543989595025777817e-03,-3.977227956056594849e-02,1.891734777018427849e-03,1.346061844378709793e-02,-2.523231320083141327e-02,-4.280671849846839905e-02,8.960814028978347778e-02,2.009722031652927399e-02,-1.951846107840538025e-02,2.787866105791181326e-04,-6.779490411281585693e-02,-1.799334399402141571e-02,-4.405251517891883850e-02,-1.966101862490177155e-02,3.088997118175029755e-02,3.304055333137512207e-02,-5.983193218708038330e-02,6.710636615753173828e-02,3.073661215603351593e-02,1.144874375313520432e-02,3.939611092209815979e-02,-1.724856160581111908e-02,1.201391452923417091e-03,1.119955559261143208e-03,-2.449085190892219543e-02,-2.313158847391605377e-02,-3.192707896232604980e-02,3.028555959463119507e-02,3.970861434936523438e-03,8.934725075960159302e-02,8.238781243562698364e-03,-1.584757305681705475e-02,-1.179158501327037811e-02,4.600355774164199829e-02,-5.036213248968124390e-02,-6.882086017867550254e-05,-2.776504866778850555e-02,9.740900993347167969e-02,-2.660994976758956909e-02,5.373202636837959290e-02,-4.398309439420700073e-02,-4.528536647558212280e-02,-2.831799210980534554e-03,4.430179670453071594e-02,-5.933840572834014893e-02,-3.505630418658256531e-02,5.363471806049346924e-02,6.254797917790710926e-04,-5.850440822541713715e-03,4.137021489441394806e-03,-6.932073086500167847e-02,-4.316095635294914246e-02,-1.492097217123955488e-04,7.957041962072253227e-04,6.457445025444030762e-02,8.592035621404647827e-03,-1.292825955897569656e-02,-2.489038929343223572e-02,-3.390235081315040588e-02,1.116856466978788376e-02,-5.104929953813552856e-02,1.197645720094442368e-02,8.348072879016399384e-03,-1.264715247089043260e-04,-2.239008061587810516e-02,6.387728452682495117e-02,1.496561616659164429e-02,6.071536615490913391e-02,-5.796377360820770264e-02,-8.309208787977695465e-03,4.353098198771476746e-02,-1.974445208907127380e-02,-4.983294010162353516e-02,-1.912584155797958374e-02,-7.927486300468444824e-02,-7.378670852631330490e-03,7.283282279968261719e-02,9.721351787447929382e-03,-2.566563896834850311e-02,-4.503228142857551575e-02,9.000649442896246910e-04,-6.327757239341735840e-02,2.426387369632720947e-02,-1.404244173318147659e-02,-6.849081814289093018e-02,2.044755034148693085e-02,-1.786161400377750397e-02,5.704884976148605347e-02,5.248130857944488525e-02,-3.209532797336578369e-02,1.198935043066740036e-02,-6.959254294633865356e-02,1.076432876288890839e-03,-5.071097519248723984e-03
9.038042277097702026e-03,2.572255767881870270e-02,-1.694828271865844727e-01,1.031518206000328064e-01,6.597057729959487915e-02,-2.298778668045997620e-02,2.380414865911006927e-02,4.437538236379623413e-02,2.394186332821846008e-02,4.537661746144294739e-02,-3.625015029683709145e-03,-6.529804319143295288e-02,1.273011416196823120e-01,4.787143319845199585e-02,1.534431576728820801e-01,1.421258747577667236e-01,7.921450771391391754e-03,4.169189929962158203e-02,-8.102645725011825562e-02,-8.625236153602600098e-02,-9.222714602947235107e-02,1.748602837324142456e-01,6.788207590579986572e-02,-4.086497798562049866e-02,2.375020086765289307e-02,1.998465061187744141e-01,-1.612350791692733765e-01,-2.832597866654396057e-02,9.720636904239654541e-02,-2.062997780740261078e-03,1.985557004809379578e-02,-1.881160885095596313e-01,1.428987085819244385e-01,6.034883856773376465e-02,8.426716085523366928e-04,-1.716400980949401855e-01,1.817705668509006500e-02,5.471408367156982422e-02,-9.250207990407943726e-02,-1.215694993734359741e-01,1.816165447235107422e-01,1.231013797223567963e-02,1.282806396484375000e-01,1.805649325251579285e-02,-2.896681986749172211e-02,-6.903056055307388306e-02,-1.788272261619567871e-01,-4.860881716012954712e-02,1.166777219623327255e-02,8.091682568192481995e-03,-6.124283187091350555e-03,4.895777255296707153e-02,5.142806097865104675e-02,-2.811791561543941498e-02,3.058269433677196503e-02,-1.645742207765579224e-01,3.646969795227050781e-02,1.377388183027505875e-02,-6.368642300367355347e-02,-7.985802739858627319e-02,-3.846765682101249695e-02,3.687876090407371521e-02,8.089837618172168732e-03,7.486931234598159790e-02,4.134340584278106689e-02,-4.106261953711509705e-02,1.672837510704994202e-02,1.548481136560440063e-01,-1.630309075117111206e-01,8.143480867147445679e-03,-1.141905710101127625e-01,7.177003473043441772e-02,-4.635239765048027039e-02,1.740503311157226562e-01,-4.360715672373771667e-02,-1.273445039987564087e-01,-4.681361373513936996e-03,2.017563134431838989e-01,-8.166994899511337280e-02,-1.596732139587402344e-01,1.925574392080307007e-01,2.951846923679113388e-03,-8.936770260334014893e-02,7.505009882152080536e-03,-1.322864592075347900e-01,-1.369278579950332642e-01,2.235556021332740784e-02,9.217923507094383240e-03,1.040261089801788330e-01,4.249031841754913330e-02,-4.756487533450126648e-02,-4.273762553930282593e-02,-1.428868323564529419e-01,4.722423106431961060e-02,-1.592739969491958618e-01,1.330473460257053375e-02,7.628580182790756226e-02,-3.857629199046641588e-04,-1.212826967239379883e-01,7.067801803350448608e-02,-2.419652603566646576e-02,8.781427145004272461e-02,-1.863509714603424072e-01,-3.055179864168167114e-02,2.086839675903320312e-01,3.977079689502716064e-02,-1.520366370677947998e-01,-1.502966731786727905e-01,-5.309706926345825195e-02,-2.274330146610736847e-02,1.460719406604766846e-01,-6.043915078043937683e-02,-1.424641311168670654e-01,2.665184251964092255e-02,1.711442768573760986e-01,-1.701679974794387817e-01,5.863852798938751221e-02,6.553407758474349976e-02,-1.908605992794036865e-01,5.552084371447563171e-02,7.623853534460067749e-02,1.511338949203491211e-01,1.632271409034729004e-01,-5.880632251501083374e-02,-1.283193677663803101e-01,-8.241275697946548462e-02,5.084226839244365692e-03,5.763590708374977112e-02
-5.007613822817802429e-02,5.630050785839557648e-03,-3.362997248768806458e-02,-5.627655237913131714e-02,2.785246120765805244e-03,5.358461290597915649e-03,-8.909598545869812369e-05,1.166149135679006577e-02,-2.404181845486164093e-02,-3.625015029683709145e-03,7.080373913049697876e-02,-7.228108588606119156e-03,7.720671594142913818e-02,-4.326735436916351318e-02,1.161402370780706406e-02,4.326767101883888245e-02,-4.232059698551893234e-03,-2.308553829789161682e-02,-3.536184085533022881e-03,-3.964261710643768311e-02,1.475713402032852173e-01,2.305175177752971649e-02,5.042017996311187744e-02,1.147743035107851028e-02,-5.551265086978673935e-03,4.641745239496231079e-02,-6.301063299179077148e-02,-3.257212042808532715e-02,1.226931512355804443e-01,-2.583360858261585236e-02,3.731120750308036804e-02,1.410231180489063263e-02,-6.247959658503532410e-02,7.309958338737487793e-02,-9.645019657909870148e-03,-4.920199140906333923e-02,-5.565683823078870773e-03,1.566842570900917053e-02,-6.161884590983390808e-02,7.916593551635742188e-02,-3.661589697003364563e-02,-3.081000037491321564e-02,7.370066642761230469e-02,5.977751221507787704e-03,6.274035573005676270e-02,-9.362719953060150146e-02,-4.387030750513076782e-02,4.494198784232139587e-02,-1.621651090681552887e-02,-8.197122067213058472e-02,3.516118228435516357e-02,-3.679664433002471924e-02,-4.474645853042602539e-02,3.297926858067512512e-02,-8.075218647718429565e-02,-4.758999869227409363e-02,1.410545594990253448e-02,8.303481154143810272e-03,-7.001513615250587463e-03,1.151194702833890915e-02,4.542667046189308167e-02,-2.537509053945541382e-02,-4.685699474066495895e-03,-9.164912253618240356e-02,-1.100971177220344543e-02,-4.038025625050067902e-03,1.216311659663915634e-02,-8.583049289882183075e-03,-4.460145905613899231e-02,-6.260009016841650009e-03,-2.539147157222032547e-03,-1.257409006357192993e-01,7.984795607626438141e-03,2.554010972380638123e-02,2.851791493594646454e-02,6.310567259788513184e-02,-3.484350861981511116e-03,4.625883698463439941e-02,1.213204413652420044e-01,-2.394785732030868530e-02,-3.357512876391410828e-02,5.110744386911392212e-04,-4.206725582480430603e-02,-7.710838690400123596e-04,7.357422262430191040e-02,-7.376596331596374512e-02,3.909973427653312683e-02,5.093489307910203934e-03,2.913119457662105560e-02,8.326557464897632599e-03,-2.838837914168834686e-03,5.226862803101539612e-02,3.311435878276824951e-02,-3.844415768980979919e-02,8.652651682496070862e-03,1.454700063914060593e-02,-9.701517410576343536e-03,3.156690809191786684e-06,-5.205448344349861145e-02,-4.852421209216117859e-02,-2.906932309269905090e-02,1.434092037379741669e-02,-4.947540815919637680e-03,-7.248194422572851181e-03,2.806758321821689606e-02,-8.861351758241653442e-02,7.068135589361190796e-02,-3.649361059069633484e-02,3.680711239576339722e-02,-1.851495471782982349e-03,-5.831047892570495605e-02,3.361077979207038879e-02,-1.051158364862203598e-02,3.377108275890350342e-02,5.525277554988861084e-02,-3.046911768615245819e-02,2.611172944307327271e-02,4.729788005352020264e-02,2.132164500653743744e-02,-1.528447214514017105e-02,3.792991116642951965e-02,-1.411671191453933716e-02,1.166822388768196106e-03,1.652730442583560944e-02,-6.827465444803237915e-02,2.299028635025024414e-02,5.494554527103900909e-03,-1.205835957080125809e-02
-5.899626761674880981e-03,-4.562436416745185852e-02,2.862456142902374268e-01,-2.027521878480911255e-01,-1.116282641887664795e-01,-1.007618848234415054e-03,-3.180606989189982414e-03,-1.153201758861541748e-01,-1.300513371825218201e-02,-6.529804319143295288e-02,-7.228108588606119156e-03,1.181868612766265869e-01,-2.135659456253051758e-01,-1.022666022181510925e-01,-2.686415612697601318e-01,-2.489669620990753174e-01,-1.109374128282070160e-02,-8.823680132627487183e-02,1.335532069206237793e-01,1.435825228691101074e-01,1.160885617136955261e-01,-3.151400387287139893e-01,-1.315415948629379272e-01,7.049379497766494751e-02,-4.091507196426391602e-02,-3.251473009586334229e-01,2.855358421802520752e-01,3.936769813299179077e-02,-1.868507266044616699e-01,-1.790955103933811188e-02,-5.266060680150985718e-02,3.117983639240264893e-01,-2.147742807865142822e-01,-1.314831972122192383e-01,2.828129567205905914e-03,3.088028728961944580e-01,-3.361378237605094910e-02,-9.166007488965988159e-02,1.410689204931259155e-01,2.216666787862777710e-01,-2.829644680023193359e-01,-1.186688244342803955e-02,-2.500951290130615234e-01,-3.239722922444343567e-02,2.195020351791754365e-04,1.036063060164451599e-01,3.002340495586395264e-01,8.473556488752365112e-02,8.575006388127803802e-03,3.936571069061756134e-03,-1.045950874686241150e-02,-4.257686436176300049e-02,-8.899737149477005005e-02,7.260175049304962158e-02,-3.836721181869506836e-02,3.001196086406707764e-01,-7.584344595670700073e-02,-2.572296373546123505e-02,8.249980211257934570e-02,1.412387490272521973e-01,4.375810921192169189e-02,-4.304813593626022339e-02,-1.303000841289758682e-02,-5.819266289472579956e-02,-6.242086738348007202e-02,6.645188480615615845e-02,-3.571822866797447205e-02,-2.674681842327117920e-01,2.866293787956237793e-01,-2.182127907872200012e-03,1.886654049158096313e-01,-9.099372476339340210e-02,8.894538879394531250e-02,-3.001728951930999756e-01,5.253789573907852173e-02,1.823502182960510254e-01,6.441880017518997192e-03,-3.394133150577545166e-01,1.255641728639602661e-01,2.780695557594299316e-01,-3.206451833248138428e-01,-5.311291664838790894e-03,1.624602973461151123e-01,-1.283198688179254532e-02,1.980116665363311768e-01,2.415632456541061401e-01,-5.333020351827144623e-03,-1.746124029159545898e-02,-1.486960649490356445e-01,-7.161375880241394043e-02,6.957811117172241211e-02,6.981547921895980835e-02,2.440470755100250244e-01,-8.601193130016326904e-02,2.633150219917297363e-01,-1.726113818585872650e-02,-1.335169225931167603e-01,6.240414804778993130e-04,2.185992151498794556e-01,-8.443786203861236572e-02,4.723982512950897217e-02,-1.063389331102371216e-01,3.207541406154632568e-01,5.078307166695594788e-02,-3.377312421798706055e-01,-7.427974790334701538e-02,2.338530570268630981e-01,2.733014225959777832e-01,3.459125012159347534e-02,3.652497753500938416e-02,-2.697018086910247803e-01,9.207488596439361572e-02,2.712458670139312744e-01,-3.942318633198738098e-02,-3.186218142509460449e-01,2.711361050605773926e-01,-9.841191768646240234e-02,-1.160607337951660156e-01,3.195571601390838623e-01,-9.389930963516235352e-02,-1.215784251689910889e-01,-2.428129464387893677e-01,-2.732641994953155518e-01,8.052583783864974976e-02,2.500765621662139893e-01,1.053262278437614441e-01,-2.745106350630521774e-03,-8.928085118532180786e-02
