9.999980926513671875e-01,-9.999984502792358398e-01,-9.999935030937194824e-01,9.999964237213134766e-01,9.999987483024597168e-01,-9.999986290931701660e-01,9.999935626983642578e-01,9.999989271163940430e-01,-9.999866485595703125e-01,9.999984502792358398e-01,-9.999986886978149414e-01,-9.999988079071044922e-01,9.999974966049194336e-01,9.999980926513671875e-01,9.999957680702209473e-01,9.999902248382568359e-01,9.999973773956298828e-01,-9.999971389770507812e-01,9.999907016754150391e-01,-9.999990463256835938e-01,-9.999988675117492676e-01,9.999939203262329102e-01,9.999984502792358398e-01,9.999961853027343750e-01,9.999901652336120605e-01,9.999987483024597168e-01,-9.999979734420776367e-01,-9.999987483024597168e-01,9.999920725822448730e-01,-9.999966621398925781e-01,-9.999886751174926758e-01,-9.999976754188537598e-01,9.999783039093017578e-01,9.999933242797851562e-01,-9.999977350234985352e-01,9.999559521675109863e-01,9.999988079071044922e-01,9.999984502792358398e-01,9.999709725379943848e-01,-9.999987483024597168e-01,9.999984502792358398e-01,9.999927282333374023e-01,9.999767541885375977e-01,9.999989271163940430e-01,9.999979138374328613e-01,9.999975562095642090e-01,-9.999932646751403809e-01,9.999986886978149414e-01,9.999983310699462891e-01,-9.999983906745910645e-01,-9.999986886978149414e-01,-9.999985694885253906e-01,-9.999986290931701660e-01,-9.999924302101135254e-01,-9.999985098838806152e-01,-9.999977946281433105e-01,9.999881386756896973e-01,9.999957084655761719e-01,9.999917149543762207e-01,9.999981522560119629e-01,-9.999981522560119629e-01,9.999987483024597168e-01,9.999982714653015137e-01,9.999953508377075195e-01,-9.999905228614807129e-01,-9.999987483024597168e-01,-9.999989867210388184e-01,-9.999945759773254395e-01,-9.999988079071044922e-01,9.999978542327880859e-01,-9.999987483024597168e-01,9.999924898147583008e-01,-9.999961256980895996e-01,-9.999933242797851562e-01,-9.999862313270568848e-01,-9.999983906745910645e-01,9.999893903732299805e-01,9.999987483024597168e-01,-9.999907612800598145e-01,-9.999944567680358887e-01,9.999933242797851562e-01,9.999972581863403320e-01,-9.999986290931701660e-01,9.999980330467224121e-01,-9.999980330467224121e-01,-9.999758601188659668e-01,-9.999749064445495605e-01,9.999988079071044922e-01,9.999925494194030762e-01,9.999936223030090332e-01,-9.999904632568359375e-01,9.999982118606567383e-01,-9.999860525131225586e-01,-9.999969005584716797e-01,9.999963045120239258e-01,-9.999978542327880859e-01,-9.999843239784240723e-01,9.999989271163940430e-01,-9.999986886978149414e-01,9.999971389770507812e-01,-9.999969005584716797e-01,9.999987483024597168e-01,9.999598264694213867e-01,9.999582767486572266e-01,9.999986886978149414e-01,9.999936819076538086e-01,-9.999780058860778809e-01,-9.999983310699462891e-01,-9.999935626983642578e-01,9.999983906745910645e-01,-9.999985098838806152e-01,9.999967217445373535e-01,-9.999979138374328613e-01,-9.998952150344848633e-01,9.999989867210388184e-01,-9.999958872795104980e-01,9.999988675117492676e-01,-9.999974966049194336e-01,-9.999951124191284180e-01,-9.999944567680358887e-01,-9.999978542327880859e-01,9.999965429306030273e-01,9.999967813491821289e-01,-9.999960660934448242e-01,-9.999911189079284668e-01,-9.999935030937194824e-01,-9.999275803565979004e-01,-9.999856352806091309e-01
-9.999984502792358398e-01,9.999986290931701660e-01,9.999943971633911133e-01,-9.999969005584716797e-01,-9.999988675117492676e-01,9.999988079071044922e-01,-9.999945163726806641e-01,-9.999991655349731445e-01,9.999884963035583496e-01,-9.999986290931701660e-01,9.999989271163940430e-01,9.999990463256835938e-01,-9.999978542327880859e-01,-9.999984502792358398e-01,-9.999964833259582520e-01,-9.999915957450866699e-01,-9.999977946281433105e-01,9.999976158142089844e-01,-9.999920129776000977e-01,9.999991655349731445e-01,9.999991059303283691e-01,-9.999948143959045410e-01,-9.999987483024597168e-01,-9.999966025352478027e-01,-9.999915361404418945e-01,-9.999989271163940430e-01,9.999982714653015137e-01,9.999989271163940430e-01,-9.999932050704956055e-01,9.999971985816955566e-01,9.999902844429016113e-01,9.999981522560119629e-01,-9.999812841415405273e-01,-9.999942779541015625e-01,9.999980330467224121e-01,-9.999620318412780762e-01,-9.999990463256835938e-01,-9.999986886978149414e-01,-9.999749660491943359e-01,9.999989867210388184e-01,-9.999987483024597168e-01,-9.999938011169433594e-01,-9.999799728393554688e-01,-9.999991655349731445e-01,-9.999982714653015137e-01,-9.999979138374328613e-01,9.999940991401672363e-01,-9.999988675117492676e-01,-9.999986290931701660e-01,9.999986886978149414e-01,9.999990463256835938e-01,9.999988079071044922e-01,9.999988079071044922e-01,9.999934434890747070e-01,9.999987483024597168e-01,9.999980926513671875e-01,-9.999898076057434082e-01,-9.999963045120239258e-01,-9.999928474426269531e-01,-9.999982714653015137e-01,9.999985098838806152e-01,-9.999989867210388184e-01,-9.999985098838806152e-01,-9.999960064888000488e-01,9.999919533729553223e-01,9.999989271163940430e-01,9.999991655349731445e-01,9.999952912330627441e-01,9.999991059303283691e-01,-9.999981522560119629e-01,9.999989271163940430e-01,-9.999936223030090332e-01,9.999967813491821289e-01,9.999942779541015625e-01,9.999881386756896973e-01,9.999986290931701660e-01,-9.999908804893493652e-01,-9.999989271163940430e-01,9.999920129776000977e-01,9.999952912330627441e-01,-9.999942183494567871e-01,-9.999976754188537598e-01,9.999988675117492676e-01,-9.999982118606567383e-01,9.999983906745910645e-01,9.999791979789733887e-01,9.999783635139465332e-01,-9.999990463256835938e-01,-9.999935626983642578e-01,-9.999945163726806641e-01,9.999917149543762207e-01,-9.999984502792358398e-01,9.999880194664001465e-01,9.999973177909851074e-01,-9.999967813491821289e-01,9.999981522560119629e-01,9.999864697456359863e-01,-9.999991059303283691e-01,9.999988675117492676e-01,-9.999976158142089844e-01,9.999973177909851074e-01,-9.999990463256835938e-01,-9.999653697013854980e-01,-9.999640583992004395e-01,-9.999988675117492676e-01,-9.999946355819702148e-01,9.999811053276062012e-01,9.999985694885253906e-01,9.999944567680358887e-01,-9.999986290931701660e-01,9.999986886978149414e-01,-9.999970793724060059e-01,9.999982118606567383e-01,9.999095797538757324e-01,-9.999991059303283691e-01,9.999964237213134766e-01,-9.999991059303283691e-01,9.999979138374328613e-01,9.999957680702209473e-01,9.999952316284179688e-01,9.999982118606567383e-01,-9.999970197677612305e-01,-9.999971985816955566e-01,9.999967217445373535e-01,9.999923110008239746e-01,9.999944567680358887e-01,9.999375939369201660e-01,9.999875426292419434e-01
-9.999935030937194824e-01,9.999943971633911133e-01,9.999778270721435547e-01,-9.999879002571105957e-01,-9.999957084655761719e-01,9.999953508377075195e-01,-9.999779462814331055e-01,-9.999965429306030273e-01,9.999544620513916016e-01,-9.999946951866149902e-01,9.999955296516418457e-01,9.999960660934448242e-01,-9.999917149543762207e-01,-9.999938011169433594e-01,-9.999857544898986816e-01,-9.999665021896362305e-01,-9.999911785125732422e-01,9.999905228614807129e-01,-9.999684095382690430e-01,9.999965429306030273e-01,9.999960064888000488e-01,-9.999791383743286133e-01,-9.999948143959045410e-01,-9.999871253967285156e-01,-9.999663829803466797e-01,-9.999957084655761719e-01,9.999932050704956055e-01,9.999955892562866211e-01,-9.999728202819824219e-01,9.999887347221374512e-01,9.999611973762512207e-01,9.999923706054687500e-01,-9.999256134033203125e-01,-9.999772310256958008e-01,9.999923110008239746e-01,-9.998496770858764648e-01,-9.999960064888000488e-01,-9.999945163726806641e-01,-9.999006986618041992e-01,9.999958276748657227e-01,-9.999947547912597656e-01,-9.999751448631286621e-01,-9.999206066131591797e-01,-9.999961256980895996e-01,-9.999929070472717285e-01,-9.999917745590209961e-01,9.999766349792480469e-01,-9.999954700469970703e-01,-9.999946355819702148e-01,9.999945163726806641e-01,9.999957680702209473e-01,9.999951124191284180e-01,9.999951124191284180e-01,9.999742507934570312e-01,9.999950528144836426e-01,9.999925494194030762e-01,-9.999597072601318359e-01,-9.999851584434509277e-01,-9.999718070030212402e-01,-9.999934434890747070e-01,9.999938607215881348e-01,-9.999958872795104980e-01,-9.999937415122985840e-01,-9.999844431877136230e-01,9.999678730964660645e-01,9.999958276748657227e-01,9.999965429306030273e-01,9.999814629554748535e-01,9.999961853027343750e-01,-9.999926686286926270e-01,9.999957680702209473e-01,-9.999744892120361328e-01,9.999874234199523926e-01,9.999772906303405762e-01,9.999528527259826660e-01,9.999945759773254395e-01,-9.999635815620422363e-01,-9.999955296516418457e-01,9.999685883522033691e-01,9.999811053276062012e-01,-9.999768733978271484e-01,-9.999909400939941406e-01,9.999955892562866211e-01,-9.999930858612060547e-01,9.999938011169433594e-01,9.999175071716308594e-01,9.999142885208129883e-01,-9.999960064888000488e-01,-9.999743700027465820e-01,-9.999779462814331055e-01,9.999672770500183105e-01,-9.999939799308776855e-01,9.999521970748901367e-01,9.999892711639404297e-01,-9.999876618385314941e-01,9.999929666519165039e-01,9.999463558197021484e-01,-9.999963641166687012e-01,9.999954700469970703e-01,-9.999905228614807129e-01,9.999892115592956543e-01,-9.999960064888000488e-01,-9.998629689216613770e-01,-9.998576641082763672e-01,-9.999952912330627441e-01,-9.999784827232360840e-01,9.999248385429382324e-01,9.999942779541015625e-01,9.999781250953674316e-01,-9.999946355819702148e-01,9.999947547912597656e-01,-9.999887347221374512e-01,9.999930262565612793e-01,9.996421337127685547e-01,-9.999964237213134766e-01,9.999859929084777832e-01,-9.999962449073791504e-01,9.999917149543762207e-01,9.999832510948181152e-01,9.999811053276062012e-01,9.999929666519165039e-01,-9.999885559082031250e-01,-9.999892115592956543e-01,9.999869465827941895e-01,9.999697208404541016e-01,9.999778270721435547e-01,9.997527599334716797e-01,9.999505877494812012e-01
9.999964237213134766e-01,-9.999969005584716797e-01,-9.999879002571105957e-01,9.999934434890747070e-01,9.999976158142089844e-01,-9.999974370002746582e-01,9.999880194664001465e-01,9.999980330467224121e-01,-9.999751448631286621e-01,9.999970793724060059e-01,-9.999975562095642090e-01,-9.999978542327880859e-01,9.999954700469970703e-01,9.999965429306030273e-01,9.999922513961791992e-01,9.999817609786987305e-01,9.999951720237731934e-01,-9.999948740005493164e-01,9.999827742576599121e-01,-9.999980330467224121e-01,-9.999978542327880859e-01,9.999886751174926758e-01,9.999971389770507812e-01,9.999929666519165039e-01,9.999817013740539551e-01,9.999976754188537598e-01,-9.999962449073791504e-01,-9.999976158142089844e-01,9.999852776527404785e-01,-9.999938607215881348e-01,-9.999789595603942871e-01,-9.999957680702209473e-01,9.999595880508422852e-01,9.999876618385314941e-01,-9.999958276748657227e-01,9.999181628227233887e-01,9.999977350234985352e-01,9.999969601631164551e-01,9.999459981918334961e-01,-9.999976754188537598e-01,9.999971389770507812e-01,9.999864697456359863e-01,9.999567866325378418e-01,9.999978542327880859e-01,9.999961256980895996e-01,9.999954700469970703e-01,-9.999872446060180664e-01,9.999974370002746582e-01,9.999970197677612305e-01,-9.999969601631164551e-01,-9.999976158142089844e-01,-9.999973177909851074e-01,-9.999972581863403320e-01,-9.999859333038330078e-01,-9.999971985816955566e-01,-9.999958872795104980e-01,9.999781250953674316e-01,9.999919533729553223e-01,9.999846816062927246e-01,9.999963045120239258e-01,-9.999965429306030273e-01,9.999976754188537598e-01,9.999965429306030273e-01,9.999914765357971191e-01,-9.999824762344360352e-01,-9.999976158142089844e-01,-9.999980926513671875e-01,-9.999899268150329590e-01,-9.999978542327880859e-01,9.999958276748657227e-01,-9.999976754188537598e-01,9.999860525131225586e-01,-9.999930858612060547e-01,-9.999876618385314941e-01,-9.999744296073913574e-01,-9.999970197677612305e-01,9.999802708625793457e-01,9.999975562095642090e-01,-9.999827742576599121e-01,-9.999896883964538574e-01,9.999874830245971680e-01,9.999949336051940918e-01,-9.999975562095642090e-01,9.999961853027343750e-01,-9.999964833259582520e-01,-9.999551177024841309e-01,-9.999533295631408691e-01,9.999978542327880859e-01,9.999861121177673340e-01,9.999880194664001465e-01,-9.999821782112121582e-01,9.999966621398925781e-01,-9.999740719795227051e-01,-9.999942779541015625e-01,9.999932646751403809e-01,-9.999960660934448242e-01,-9.999709129333496094e-01,9.999979734420776367e-01,-9.999974966049194336e-01,9.999948143959045410e-01,-9.999940991401672363e-01,9.999977350234985352e-01,9.999254345893859863e-01,9.999225735664367676e-01,9.999973773956298828e-01,9.999882578849792480e-01,-9.999591708183288574e-01,-9.999969005584716797e-01,-9.999880790710449219e-01,9.999970197677612305e-01,-9.999970197677612305e-01,9.999938011169433594e-01,-9.999960064888000488e-01,-9.998053908348083496e-01,9.999979734420776367e-01,-9.999923706054687500e-01,9.999979138374328613e-01,-9.999955296516418457e-01,-9.999908208847045898e-01,-9.999896883964538574e-01,-9.999960064888000488e-01,9.999937415122985840e-01,9.999940991401672363e-01,-9.999928474426269531e-01,-9.999833703041076660e-01,-9.999879598617553711e-01,-9.998655319213867188e-01,-9.999731779098510742e-01
9.999987483024597168e-01,-9.999988675117492676e-01,-9.999957084655761719e-01,9.999976158142089844e-01,9.999992251396179199e-01,-9.999990463256835938e-01,9.999957084655761719e-01,9.999993443489074707e-01,-9.999911189079284668e-01,9.999989867210388184e-01,-9.999991655349731445e-01,-9.999992847442626953e-01,9.999983310699462891e-01,9.999988079071044922e-01,9.999971985816955566e-01,9.999935030937194824e-01,9.999983906745910645e-01,-9.999981522560119629e-01,9.999938607215881348e-01,-9.999992847442626953e-01,-9.999992251396179199e-01,9.999959468841552734e-01,9.999989867210388184e-01,9.999973773956298828e-01,9.999935030937194824e-01,9.999992251396179199e-01,-9.999986886978149414e-01,-9.999991655349731445e-01,9.999946951866149902e-01,-9.999977946281433105e-01,-9.999924898147583008e-01,-9.999985694885253906e-01,9.999856352806091309e-01,9.999955892562866211e-01,-9.999985098838806152e-01,9.999710321426391602e-01,9.999991655349731445e-01,9.999989867210388184e-01,9.999808073043823242e-01,-9.999992251396179199e-01,9.999989867210388184e-01,9.999952912330627441e-01,9.999846220016479492e-01,9.999992847442626953e-01,9.999986290931701660e-01,9.999982714653015137e-01,-9.999955296516418457e-01,9.999991655349731445e-01,9.999988675117492676e-01,-9.999989271163940430e-01,-9.999992847442626953e-01,-9.999991059303283691e-01,-9.999991059303283691e-01,-9.999950528144836426e-01,-9.999989867210388184e-01,-9.999984502792358398e-01,9.999921917915344238e-01,9.999970793724060059e-01,9.999945163726806641e-01,9.999986886978149414e-01,-9.999987483024597168e-01,9.999992251396179199e-01,9.999987483024597168e-01,9.999969601631164551e-01,-9.999938011169433594e-01,-9.999992251396179199e-01,-9.999993443489074707e-01,-9.999963641166687012e-01,-9.999992847442626953e-01,9.999984502792358398e-01,-9.999991059303283691e-01,9.999950528144836426e-01,-9.999975562095642090e-01,-9.999955892562866211e-01,-9.999908804893493652e-01,-9.999989271163940430e-01,9.999929666519165039e-01,9.999991655349731445e-01,-9.999938011169433594e-01,-9.999962449073791504e-01,9.999955296516418457e-01,9.999980926513671875e-01,-9.999991059303283691e-01,9.999986290931701660e-01,-9.999986886978149414e-01,-9.999840259552001953e-01,-9.999834299087524414e-01,9.999992847442626953e-01,9.999950528144836426e-01,9.999958276748657227e-01,-9.999936819076538086e-01,9.999988079071044922e-01,-9.999907612800598145e-01,-9.999979734420776367e-01,9.999975562095642090e-01,-9.999985694885253906e-01,-9.999896287918090820e-01,9.999992251396179199e-01,-9.999991655349731445e-01,9.999980926513671875e-01,-9.999979138374328613e-01,9.999991655349731445e-01,9.999734759330749512e-01,9.999724626541137695e-01,9.999991059303283691e-01,9.999958276748657227e-01,-9.999854564666748047e-01,-9.999988079071044922e-01,-9.999957680702209473e-01,9.999989271163940430e-01,-9.999989271163940430e-01,9.999977946281433105e-01,-9.999986290931701660e-01,-9.999306797981262207e-01,9.999993443489074707e-01,-9.999972581863403320e-01,9.999992847442626953e-01,-9.999983310699462891e-01,-9.999966025352478027e-01,-9.999963045120239258e-01,-9.999986290931701660e-01,9.999977350234985352e-01,9.999978542327880859e-01,-9.999974370002746582e-01,-9.999940395355224609e-01,-9.999957680702209473e-01,-9.999520778656005859e-01,-9.999904632568359375e-01
-9.999986290931701660e-01,9.999988079071044922e-01,9.999953508377075195e-01,-9.999974370002746582e-01,-9.999990463256835938e-01,9.999991059303283691e-01,-9.999954700469970703e-01,-9.999992847442626953e-01,9.999905228614807129e-01,-9.999988675117492676e-01,9.999991059303283691e-01,9.999992847442626953e-01,-9.999982118606567383e-01,-9.999986290931701660e-01,-9.999969005584716797e-01,-9.999930262565612793e-01,-9.999981522560119629e-01,9.999980330467224121e-01,-9.999934434890747070e-01,9.999992251396179199e-01,9.999991655349731445e-01,-9.999957084655761719e-01,-9.999989271163940430e-01,-9.999971985816955566e-01,-9.999930262565612793e-01,-9.999991655349731445e-01,9.999985694885253906e-01,9.999992251396179199e-01,-9.999943375587463379e-01,9.999976158142089844e-01,9.999919533729553223e-01,9.999983906745910645e-01,-9.999845623970031738e-01,-9.999952316284179688e-01,9.999983906745910645e-01,-9.999687671661376953e-01,-9.999991059303283691e-01,-9.999988079071044922e-01,-9.999793767929077148e-01,9.999991655349731445e-01,-9.999988079071044922e-01,-9.999948143959045410e-01,-9.999834299087524414e-01,-9.999991655349731445e-01,-9.999985098838806152e-01,-9.999981522560119629e-01,9.999951124191284180e-01,-9.999991059303283691e-01,-9.999988079071044922e-01,9.999988675117492676e-01,9.999991655349731445e-01,9.999989271163940430e-01,9.999989271163940430e-01,9.999946355819702148e-01,9.999988675117492676e-01,9.999983310699462891e-01,-9.999915957450866699e-01,-9.999968409538269043e-01,-9.999941587448120117e-01,-9.999985694885253906e-01,9.999986886978149414e-01,-9.999991655349731445e-01,-9.999986886978149414e-01,-9.999967217445373535e-01,9.999932050704956055e-01,9.999990463256835938e-01,9.999992847442626953e-01,9.999960660934448242e-01,9.999992251396179199e-01,-9.999983906745910645e-01,9.999990463256835938e-01,-9.999946951866149902e-01,9.999973177909851074e-01,9.999952912330627441e-01,9.999902248382568359e-01,9.999988675117492676e-01,-9.999924302101135254e-01,-9.999992251396179199e-01,9.999933242797851562e-01,9.999960064888000488e-01,-9.999951720237731934e-01,-9.999979734420776367e-01,9.999991059303283691e-01,-9.999985694885253906e-01,9.999986290931701660e-01,9.999828338623046875e-01,9.999821186065673828e-01,-9.999992251396179199e-01,-9.999946951866149902e-01,-9.999954104423522949e-01,9.999932050704956055e-01,-9.999987483024597168e-01,9.999901056289672852e-01,9.999977946281433105e-01,-9.999973773956298828e-01,9.999985098838806152e-01,9.999888539314270020e-01,-9.999991655349731445e-01,9.999991059303283691e-01,-9.999978542327880859e-01,9.999977946281433105e-01,-9.999992251396179199e-01,-9.999715685844421387e-01,-9.999704360961914062e-01,-9.999990463256835938e-01,-9.999955296516418457e-01,9.999845027923583984e-01,9.999987483024597168e-01,9.999953508377075195e-01,-9.999988675117492676e-01,9.999989271163940430e-01,-9.999976158142089844e-01,9.999985098838806152e-01,9.999255537986755371e-01,-9.999993443489074707e-01,9.999969601631164551e-01,-9.999991655349731445e-01,9.999983310699462891e-01,9.999963641166687012e-01,9.999960064888000488e-01,9.999985098838806152e-01,-9.999975562095642090e-01,-9.999977350234985352e-01,9.999972581863403320e-01,9.999936819076538086e-01,9.999954700469970703e-01,9.999485611915588379e-01,9.999897480010986328e-01
9.999935626983642578e-01,-9.999945163726806641e-01,-9.999779462814331055e-01,9.999880194664001465e-01,9.999957084655761719e-01,-9.999954700469970703e-01,9.999782443046569824e-01,9.999965429306030273e-01,-9.999548196792602539e-01,9.999948143959045410e-01,-9.999956488609313965e-01,-9.999961256980895996e-01,9.999917149543762207e-01,9.999939799308776855e-01,9.999859929084777832e-01,9.999668002128601074e-01,9.999912977218627930e-01,-9.999907016754150391e-01,9.999687075614929199e-01,-9.999966025352478027e-01,-9.999960660934448242e-01,9.999794363975524902e-01,9.999949336051940918e-01,9.999871253967285156e-01,9.999666810035705566e-01,9.999958276748657227e-01,-9.999932646751403809e-01,-9.999955892562866211e-01,9.999730587005615234e-01,-9.999889135360717773e-01,-9.999616146087646484e-01,-9.999924302101135254e-01,9.999263882637023926e-01,9.999775290489196777e-01,-9.999924898147583008e-01,9.998511075973510742e-01,9.999961256980895996e-01,9.999945759773254395e-01,9.999015927314758301e-01,-9.999958872795104980e-01,9.999948143959045410e-01,9.999753832817077637e-01,9.999212622642517090e-01,9.999961256980895996e-01,9.999930858612060547e-01,9.999918341636657715e-01,-9.999768137931823730e-01,9.999955296516418457e-01,9.999946951866149902e-01,-9.999945759773254395e-01,-9.999957680702209473e-01,-9.999951720237731934e-01,-9.999951720237731934e-01,-9.999744892120361328e-01,-9.999951720237731934e-01,-9.999927282333374023e-01,9.999600648880004883e-01,9.999852180480957031e-01,9.999720454216003418e-01,9.999933838844299316e-01,-9.999939203262329102e-01,9.999960064888000488e-01,9.999938011169433594e-01,9.999844431877136230e-01,-9.999682307243347168e-01,-9.999958872795104980e-01,-9.999964833259582520e-01,-9.999816417694091797e-01,-9.999962449073791504e-01,9.999927878379821777e-01,-9.999957680702209473e-01,9.999746084213256836e-01,-9.999875426292419434e-01,-9.999775886535644531e-01,-9.999533891677856445e-01,-9.999946355819702148e-01,9.999639391899108887e-01,9.999955892562866211e-01,-9.999687671661376953e-01,-9.999812841415405273e-01,9.999771118164062500e-01,9.999909996986389160e-01,-9.999956488609313965e-01,9.999931454658508301e-01,-9.999938607215881348e-01,-9.999182820320129395e-01,-9.999150633811950684e-01,9.999960660934448242e-01,9.999748468399047852e-01,9.999782443046569824e-01,-9.999676346778869629e-01,9.999940395355224609e-01,-9.999526739120483398e-01,-9.999894499778747559e-01,9.999876618385314941e-01,-9.999929666519165039e-01,-9.999469518661499023e-01,9.999964237213134766e-01,-9.999955892562866211e-01,9.999905228614807129e-01,-9.999893903732299805e-01,9.999960064888000488e-01,9.998643398284912109e-01,9.998589754104614258e-01,9.999953508377075195e-01,9.999786615371704102e-01,-9.999256134033203125e-01,-9.999943971633911133e-01,-9.999783039093017578e-01,9.999947547912597656e-01,-9.999947547912597656e-01,9.999888539314270020e-01,-9.999930858612060547e-01,-9.996455311775207520e-01,9.999964237213134766e-01,-9.999861121177673340e-01,9.999962449073791504e-01,-9.999917745590209961e-01,-9.999833703041076660e-01,-9.999812841415405273e-01,-9.999930262565612793e-01,9.999886751174926758e-01,9.999893307685852051e-01,-9.999870657920837402e-01,-9.999699592590332031e-01,-9.999781250953674316e-01,-9.997551441192626953e-01,-9.999511241912841797e-01
9.999989271163940430e-01,-9.999991655349731445e-01,-9.999965429306030273e-01,9.999980330467224121e-01,9.999993443489074707e-01,-9.999992847442626953e-01,9.999965429306030273e-01,9.999994039535522461e-01,-9.999927878379821777e-01,9.999992251396179199e-01,-9.999993443489074707e-01,-9.999994635581970215e-01,9.999985694885253906e-01,9.999990463256835938e-01,9.999976158142089844e-01,9.999946951866149902e-01,9.999985694885253906e-01,-9.999985098838806152e-01,9.999949932098388672e-01,-9.999994039535522461e-01,-9.999994635581970215e-01,9.999966621398925781e-01,9.999992251396179199e-01,9.999978542327880859e-01,9.999946951866149902e-01,9.999992847442626953e-01,-9.999989271163940430e-01,-9.999994039535522461e-01,9.999957084655761719e-01,-9.999981522560119629e-01,-9.999938607215881348e-01,-9.999987483024597168e-01,9.999881982803344727e-01,9.999962449073791504e-01,-9.999987483024597168e-01,9.999761581420898438e-01,9.999994039535522461e-01,9.999991655349731445e-01,9.999842643737792969e-01,-9.999993443489074707e-01,9.999992251396179199e-01,9.999960064888000488e-01,9.999874234199523926e-01,9.999994039535522461e-01,9.999988675117492676e-01,9.999985694885253906e-01,-9.999962449073791504e-01,9.999992847442626953e-01,9.999991655349731445e-01,-9.999991655349731445e-01,-9.999993443489074707e-01,-9.999991655349731445e-01,-9.999993443489074707e-01,-9.999959468841552734e-01,-9.999992251396179199e-01,-9.999987483024597168e-01,9.999936223030090332e-01,9.999976158142089844e-01,9.999955296516418457e-01,9.999989271163940430e-01,-9.999990463256835938e-01,9.999994635581970215e-01,9.999990463256835938e-01,9.999974370002746582e-01,-9.999948740005493164e-01,-9.999993443489074707e-01,-9.999994635581970215e-01,-9.999969005584716797e-01,-9.999993443489074707e-01,9.999987483024597168e-01,-9.999992847442626953e-01,9.999959468841552734e-01,-9.999979734420776367e-01,-9.999963641166687012e-01,-9.999925494194030762e-01,-9.999991655349731445e-01,9.999942779541015625e-01,9.999992847442626953e-01,-9.999949336051940918e-01,-9.999969601631164551e-01,9.999962449073791504e-01,9.999984502792358398e-01,-9.999993443489074707e-01,9.999988675117492676e-01,-9.999990463256835938e-01,-9.999868869781494141e-01,-9.999864101409912109e-01,9.999994039535522461e-01,9.999959468841552734e-01,9.999964237213134766e-01,-9.999948740005493164e-01,9.999991059303283691e-01,-9.999924302101135254e-01,-9.999982714653015137e-01,9.999979734420776367e-01,-9.999988079071044922e-01,-9.999914765357971191e-01,9.999994635581970215e-01,-9.999992251396179199e-01,9.999984502792358398e-01,-9.999982714653015137e-01,9.999993443489074707e-01,9.999782443046569824e-01,9.999774098396301270e-01,9.999992847442626953e-01,9.999964237213134766e-01,-9.999880790710449219e-01,-9.999991655349731445e-01,-9.999964833259582520e-01,9.999991655349731445e-01,-9.999992847442626953e-01,9.999981522560119629e-01,-9.999988675117492676e-01,-9.999431371688842773e-01,9.999995231628417969e-01,-9.999977350234985352e-01,9.999993443489074707e-01,-9.999986290931701660e-01,-9.999971985816955566e-01,-9.999969601631164551e-01,-9.999988675117492676e-01,9.999981522560119629e-01,9.999982714653015137e-01,-9.999979734420776367e-01,-9.999951124191284180e-01,-9.999965429306030273e-01,-9.999607205390930176e-01,-9.999920725822448730e-01
-9.999866485595703125e-01,9.999884963035583496e-01,9.999544620513916016e-01,-9.999751448631286621e-01,-9.999911189079284668e-01,9.999905228614807129e-01,-9.999548196792602539e-01,-9.999927878379821777e-01,9.999065399169921875e-01,-9.999891519546508789e-01,9.999908804893493652e-01,9.999918341636657715e-01,-9.999828934669494629e-01,-9.999874234199523926e-01,-9.999708533287048340e-01,-9.999314546585083008e-01,-9.999819397926330566e-01,9.999807476997375488e-01,-9.999352693557739258e-01,9.999930262565612793e-01,9.999917149543762207e-01,-9.999573230743408203e-01,-9.999894499778747559e-01,-9.999735355377197266e-01,-9.999312162399291992e-01,-9.999912977218627930e-01,9.999860525131225586e-01,9.999908804893493652e-01,-9.999440312385559082e-01,9.999769330024719238e-01,9.999205470085144043e-01,9.999841451644897461e-01,-9.998477101325988770e-01,-9.999533295631408691e-01,9.999843239784240723e-01,-9.996922016143798828e-01,-9.999918937683105469e-01,-9.999886751174926758e-01,-9.997968077659606934e-01,9.999913573265075684e-01,-9.999892115592956543e-01,-9.999490976333618164e-01,-9.998373389244079590e-01,-9.999921321868896484e-01,-9.999855160713195801e-01,-9.999831318855285645e-01,9.999519586563110352e-01,-9.999905824661254883e-01,-9.999890327453613281e-01,9.999887943267822266e-01,9.999911189079284668e-01,9.999899864196777344e-01,9.999898672103881836e-01,9.999469518661499023e-01,9.999897480010986328e-01,9.999846816062927246e-01,-9.999175071716308594e-01,-9.999695420265197754e-01,-9.999421834945678711e-01,-9.999863505363464355e-01,9.999872446060180664e-01,-9.999914169311523438e-01,-9.999871253967285156e-01,-9.999681115150451660e-01,9.999341368675231934e-01,9.999914169311523438e-01,9.999927282333374023e-01,9.999620318412780762e-01,9.999921917915344238e-01,-9.999849200248718262e-01,9.999912977218627930e-01,-9.999474287033081055e-01,9.999742507934570312e-01,9.999533891677856445e-01,9.999036788940429688e-01,9.999889135360717773e-01,-9.999251961708068848e-01,-9.999907612800598145e-01,9.999352693557739258e-01,9.999610781669616699e-01,-9.999523758888244629e-01,-9.999812841415405273e-01,9.999909400939941406e-01,-9.999858736991882324e-01,9.999871850013732910e-01,9.998311400413513184e-01,9.998244643211364746e-01,-9.999918937683105469e-01,-9.999476075172424316e-01,-9.999548196792602539e-01,9.999328255653381348e-01,-9.999876618385314941e-01,9.999021291732788086e-01,9.999780654907226562e-01,-9.999745488166809082e-01,9.999853968620300293e-01,9.998902082443237305e-01,-9.999924898147583008e-01,9.999908804893493652e-01,-9.999803900718688965e-01,9.999778866767883301e-01,-9.999918341636657715e-01,-9.997195005416870117e-01,-9.997085928916931152e-01,-9.999902248382568359e-01,-9.999558329582214355e-01,9.998461604118347168e-01,9.999884366989135742e-01,9.999550580978393555e-01,-9.999889135360717773e-01,9.999890327453613281e-01,-9.999768137931823730e-01,9.999856948852539062e-01,9.992676377296447754e-01,-9.999925494194030762e-01,9.999713301658630371e-01,-9.999924302101135254e-01,9.999829530715942383e-01,9.999655485153198242e-01,9.999612569808959961e-01,9.999856352806091309e-01,-9.999763965606689453e-01,-9.999777674674987793e-01,9.999732375144958496e-01,9.999375939369201660e-01,9.999545216560363770e-01,9.994937777519226074e-01,9.998988509178161621e-01
9.999984502792358398e-01,-9.999986290931701660e-01,-9.999946951866149902e-01,9.999970793724060059e-01,9.999989867210388184e-01,-9.999988675117492676e-01,9.999948143959045410e-01,9.999992251396179199e-01,-9.999891519546508789e-01,9.999986886978149414e-01,-9.999989271163940430e-01,-9.999991059303283691e-01,9.999979734420776367e-01,9.999985098838806152e-01,9.999965429306030273e-01,9.999918937683105469e-01,9.999978542327880859e-01,-9.999976754188537598e-01,9.999924898147583008e-01,-9.999991059303283691e-01,-9.999990463256835938e-01,9.999951124191284180e-01,9.999987483024597168e-01,9.999967813491821289e-01,9.999919533729553223e-01,9.999989867210388184e-01,-9.999983310699462891e-01,-9.999989867210388184e-01,9.999935030937194824e-01,-9.999972581863403320e-01,-9.999907016754150391e-01,-9.999981522560119629e-01,9.999823570251464844e-01,9.999945163726806641e-01,-9.999981522560119629e-01,9.999641180038452148e-01,9.999989867210388184e-01,9.999987483024597168e-01,9.999763965606689453e-01,-9.999989271163940430e-01,9.999987483024597168e-01,9.999940991401672363e-01,9.999811053276062012e-01,9.999991059303283691e-01,9.999982714653015137e-01,9.999980330467224121e-01,-9.999943971633911133e-01,9.999988675117492676e-01,9.999986886978149414e-01,-9.999986290931701660e-01,-9.999989867210388184e-01,-9.999987483024597168e-01,-9.999988079071044922e-01,-9.999938607215881348e-01,-9.999988079071044922e-01,-9.999982118606567383e-01,9.999903440475463867e-01,9.999963641166687012e-01,9.999932646751403809e-01,9.999983906745910645e-01,-9.999985098838806152e-01,9.999990463256835938e-01,9.999985098838806152e-01,9.999962449073791504e-01,-9.999922513961791992e-01,-9.999990463256835938e-01,-9.999992251396179199e-01,-9.999955892562866211e-01,-9.999990463256835938e-01,9.999981522560119629e-01,-9.999989271163940430e-01,9.999939799308776855e-01,-9.999968409538269043e-01,-9.999945759773254395e-01,-9.999887943267822266e-01,-9.999986886978149414e-01,9.999913573265075684e-01,9.999989867210388184e-01,-9.999924898147583008e-01,-9.999954700469970703e-01,9.999945759773254395e-01,9.999977946281433105e-01,-9.999988675117492676e-01,9.999983310699462891e-01,-9.999983906745910645e-01,-9.999803900718688965e-01,-9.999795556068420410e-01,9.999991059303283691e-01,9.999939203262329102e-01,9.999947547912597656e-01,-9.999920725822448730e-01,9.999985694885253906e-01,-9.999887347221374512e-01,-9.999974370002746582e-01,9.999970197677612305e-01,-9.999982714653015137e-01,-9.999872446060180664e-01,9.999990463256835938e-01,-9.999989271163940430e-01,9.999976754188537598e-01,-9.999974370002746582e-01,9.999989867210388184e-01,9.999673366546630859e-01,9.999660253524780273e-01,9.999988675117492676e-01,9.999948740005493164e-01,-9.999821186065673828e-01,-9.999986290931701660e-01,-9.999946951866149902e-01,9.999986290931701660e-01,-9.999986886978149414e-01,9.999972581863403320e-01,-9.999983310699462891e-01,-9.999147057533264160e-01,9.999991655349731445e-01,-9.999966025352478027e-01,9.999990463256835938e-01,-9.999980926513671875e-01,-9.999960064888000488e-01,-9.999954104423522949e-01,-9.999982118606567383e-01,9.999973177909851074e-01,9.999974370002746582e-01,-9.999968409538269043e-01,-9.999927282333374023e-01,-9.999946951866149902e-01,-9.999410510063171387e-01,-9.999882578849792480e-01
-9.999986886978149414e-01,9.999989271163940430e-01,9.999955296516418457e-01,-9.999975562095642090e-01,-9.999991655349731445e-01,9.999991059303283691e-01,-9.999956488609313965e-01,-9.999993443489074707e-01,9.999908804893493652e-01,-9.999989271163940430e-01,9.999991655349731445e-01,9.999993443489074707e-01,-9.999982714653015137e-01,-9.999987483024597168e-01,-9.999970793724060059e-01,-9.999932646751403809e-01,-9.999982118606567383e-01,9.999982118606567383e-01,-9.999936819076538086e-01,9.999993443489074707e-01,9.999992251396179199e-01,-9.999958872795104980e-01,-9.999989271163940430e-01,-9.999973177909851074e-01,-9.999932646751403809e-01,-9.999991655349731445e-01,9.999986290931701660e-01,9.999992251396179199e-01,-9.999945759773254395e-01,9.999976754188537598e-01,9.999922513961791992e-01,9.999984502792358398e-01,-9.999850988388061523e-01,-9.999954700469970703e-01,9.999984502792358398e-01,-9.999699592590332031e-01,-9.999992251396179199e-01,-9.999989271163940430e-01,-9.999800920486450195e-01,9.999992251396179199e-01,-9.999989867210388184e-01,-9.999949932098388672e-01,-9.999840855598449707e-01,-9.999992847442626953e-01,-9.999985694885253906e-01,-9.999983310699462891e-01,9.999952912330627441e-01,-9.999992251396179199e-01,-9.999989271163940430e-01,9.999989271163940430e-01,9.999992847442626953e-01,9.999990463256835938e-01,9.999990463256835938e-01,9.999948143959045410e-01,9.999990463256835938e-01,9.999984502792358398e-01,-9.999919533729553223e-01,-9.999969601631164551e-01,-9.999943971633911133e-01,-9.999986290931701660e-01,9.999987483024597168e-01,-9.999992847442626953e-01,-9.999987483024597168e-01,-9.999968409538269043e-01,9.999935626983642578e-01,9.999992251396179199e-01,9.999993443489074707e-01,9.999962449073791504e-01,9.999992847442626953e-01,-9.999985098838806152e-01,9.999991655349731445e-01,-9.999948740005493164e-01,9.999974370002746582e-01,9.999954104423522949e-01,9.999905824661254883e-01,9.999988675117492676e-01,-9.999927878379821777e-01,-9.999992251396179199e-01,9.999936819076538086e-01,9.999962449073791504e-01,-9.999953508377075195e-01,-9.999981522560119629e-01,9.999991655349731445e-01,-9.999985694885253906e-01,9.999986290931701660e-01,9.999834895133972168e-01,9.999828934669494629e-01,-9.999992251396179199e-01,-9.999948740005493164e-01,-9.999956488609313965e-01,9.999934434890747070e-01,-9.999987483024597168e-01,9.999904632568359375e-01,9.999978542327880859e-01,-9.999974370002746582e-01,9.999985694885253906e-01,9.999893307685852051e-01,-9.999992847442626953e-01,9.999990463256835938e-01,-9.999981522560119629e-01,9.999978542327880859e-01,-9.999992251396179199e-01,-9.999725222587585449e-01,-9.999714493751525879e-01,-9.999991059303283691e-01,-9.999957680702209473e-01,9.999850392341613770e-01,9.999988675117492676e-01,9.999955892562866211e-01,-9.999989271163940430e-01,9.999989867210388184e-01,-9.999977350234985352e-01,9.999985694885253906e-01,9.999281764030456543e-01,-9.999994039535522461e-01,9.999972581863403320e-01,-9.999992847442626953e-01,9.999983906745910645e-01,9.999966025352478027e-01,9.999961256980895996e-01,9.999985694885253906e-01,-9.999977350234985352e-01,-9.999977946281433105e-01,9.999973773956298828e-01,9.999939203262329102e-01,9.999955892562866211e-01,9.999503493309020996e-01,9.999901056289672852e-01
-9.999988079071044922e-01,9.999990463256835938e-01,9.999960660934448242e-01,-9.999978542327880859e-01,-9.999992847442626953e-01,9.999992847442626953e-01,-9.999961256980895996e-01,-9.999994635581970215e-01,9.999918341636657715e-01,-9.999991059303283691e-01,9.999993443489074707e-01,9.999994039535522461e-01,-9.999984502792358398e-01,-9.999988079071044922e-01,-9.999973177909851074e-01,-9.999940991401672363e-01,-9.999985098838806152e-01,9.999983906745910645e-01,-9.999943375587463379e-01,9.999994039535522461e-01,9.999994039535522461e-01,-9.999963045120239258e-01,-9.999991059303283691e-01,-9.999975562095642090e-01,-9.999939799308776855e-01,-9.999992847442626953e-01,9.999988079071044922e-01,9.999993443489074707e-01,-9.999951720237731934e-01,9.999979734420776367e-01,9.999930262565612793e-01,9.999986886978149414e-01,-9.999867677688598633e-01,-9.999958872795104980e-01,9.999986290931701660e-01,-9.999731183052062988e-01,-9.999993443489074707e-01,-9.999991655349731445e-01,-9.999822378158569336e-01,9.999992847442626953e-01,-9.999991059303283691e-01,-9.999955892562866211e-01,-9.999857544898986816e-01,-9.999993443489074707e-01,-9.999988079071044922e-01,-9.999985098838806152e-01,9.999958276748657227e-01,-9.999992251396179199e-01,-9.999991059303283691e-01,9.999990463256835938e-01,9.999993443489074707e-01,9.999991655349731445e-01,9.999992251396179199e-01,9.999954104423522949e-01,9.999991655349731445e-01,9.999986290931701660e-01,-9.999927878379821777e-01,-9.999973773956298828e-01,-9.999949336051940918e-01,-9.999988079071044922e-01,9.999989271163940430e-01,-9.999993443489074707e-01,-9.999989271163940430e-01,-9.999971389770507812e-01,9.999942183494567871e-01,9.999992847442626953e-01,9.999994635581970215e-01,9.999966025352478027e-01,9.999993443489074707e-01,-9.999986886978149414e-01,9.999992847442626953e-01,-9.999954700469970703e-01,9.999977946281433105e-01,9.999959468841552734e-01,9.999915361404418945e-01,9.999991655349731445e-01,-9.999935626983642578e-01,-9.999993443489074707e-01,9.999943375587463379e-01,9.999966621398925781e-01,-9.999958872795104980e-01,-9.999983310699462891e-01,9.999992251396179199e-01,-9.999987483024597168e-01,9.999988675117492676e-01,9.999852180480957031e-01,9.999846220016479492e-01,-9.999993443489074707e-01,-9.999954104423522949e-01,-9.999961256980895996e-01,9.999940991401672363e-01,-9.999989271163940430e-01,9.999914765357971191e-01,9.999981522560119629e-01,-9.999977946281433105e-01,9.999987483024597168e-01,9.999904632568359375e-01,-9.999993443489074707e-01,9.999992251396179199e-01,-9.999982714653015137e-01,9.999981522560119629e-01,-9.999992251396179199e-01,-9.999754428863525391e-01,-9.999744892120361328e-01,-9.999991655349731445e-01,-9.999960660934448242e-01,9.999866485595703125e-01,9.999989867210388184e-01,9.999960064888000488e-01,-9.999991059303283691e-01,9.999991059303283691e-01,-9.999979734420776367e-01,9.999987483024597168e-01,9.999356865882873535e-01,-9.999994635581970215e-01,9.999974966049194336e-01,-9.999993443489074707e-01,9.999985694885253906e-01,9.999969601631164551e-01,9.999966621398925781e-01,9.999987483024597168e-01,-9.999979734420776367e-01,-9.999980330467224121e-01,9.999976754188537598e-01,9.999945163726806641e-01,9.999959468841552734e-01,9.999555945396423340e-01,9.999911189079284668e-01
