9.999982118606567383e-01,-9.999986290931701660e-01,-9.999911785125732422e-01,9.999980926513671875e-01,9.999988675117492676e-01,-9.999987483024597168e-01,9.999959468841552734e-01,9.999989271163940430e-01,-9.999973177909851074e-01,9.999977946281433105e-01,-9.999986886978149414e-01,-9.999989271163940430e-01,9.999981522560119629e-01,9.999983310699462891e-01,9.999864101409912109e-01,9.999970793724060059e-01,9.999974966049194336e-01,-9.999986290931701660e-01,9.999934434890747070e-01,-9.999989867210388184e-01,-9.999989271163940430e-01,9.999905824661254883e-01,9.999985098838806152e-01,9.999983310699462891e-01,9.999891519546508789e-01,9.999991655349731445e-01,-9.999985098838806152e-01,-9.999989271163940430e-01,9.999852776527404785e-01,-9.999957680702209473e-01,-9.999932646751403809e-01,-9.999984502792358398e-01,9.999912381172180176e-01,9.999968409538269043e-01,-9.999973177909851074e-01,-9.999529719352722168e-01,9.999990463256835938e-01,9.999986290931701660e-01,9.999926090240478516e-01,-9.999988675117492676e-01,9.999986290931701660e-01,-9.999959468841552734e-01,9.999765157699584961e-01,9.999988079071044922e-01,9.999982714653015137e-01,9.999982714653015137e-01,-9.999902844429016113e-01,9.999983906745910645e-01,9.999988079071044922e-01,-9.999985694885253906e-01,-9.999987483024597168e-01,-9.999980330467224121e-01,-9.999989271163940430e-01,-9.999921917915344238e-01,-9.999976754188537598e-01,-9.999981522560119629e-01,-9.999962449073791504e-01,9.999148249626159668e-01,9.999975562095642090e-01,9.999983906745910645e-01,-9.999982714653015137e-01,9.999989271163940430e-01,9.999983310699462891e-01,9.999952316284179688e-01,-9.999955892562866211e-01,-9.999987483024597168e-01,-9.999991059303283691e-01,-9.999956488609313965e-01,-9.999988079071044922e-01,9.999986290931701660e-01,-9.999987483024597168e-01,9.999980330467224121e-01,9.999950528144836426e-01,-9.999930858612060547e-01,-9.999628663063049316e-01,-9.999982118606567383e-01,9.999931454658508301e-01,9.999987483024597168e-01,-9.999939799308776855e-01,-9.999965429306030273e-01,9.993035793304443359e-01,9.999976754188537598e-01,-9.999988675117492676e-01,9.999973177909851074e-01,-9.999982714653015137e-01,-9.999882578849792480e-01,9.999879002571105957e-01,9.999989271163940430e-01,9.999721050262451172e-01,9.999908804893493652e-01,-9.999974966049194336e-01,9.999983906745910645e-01,-9.999793171882629395e-01,-9.999978542327880859e-01,9.999983906745910645e-01,-9.999979734420776367e-01,-9.999919533729553223e-01,9.999989867210388184e-01,-9.999988079071044922e-01,9.999933838844299316e-01,-9.999969005584716797e-01,9.999988675117492676e-01,-9.999655485153198242e-01,-9.999344944953918457e-01,9.999986290931701660e-01,9.999972581863403320e-01,-9.999690055847167969e-01,-9.999981522560119629e-01,-9.999939799308776855e-01,9.999985098838806152e-01,-9.999982714653015137e-01,9.999983310699462891e-01,-9.999982714653015137e-01,-9.999791383743286133e-01,9.999990463256835938e-01,-9.999980926513671875e-01,9.999988675117492676e-01,-9.999985098838806152e-01,-9.999947547912597656e-01,-9.999980926513671875e-01,-9.999988079071044922e-01,9.999960064888000488e-01,9.999983906745910645e-01,-9.999975562095642090e-01,-9.999853372573852539e-01,-9.999955892562866211e-01,9.999906420707702637e-01,-9.999965429306030273e-01
-9.999986290931701660e-01,9.999988675117492676e-01,9.999927282333374023e-01,-9.999984502792358398e-01,-9.999991655349731445e-01,9.999990463256835938e-01,-9.999966621398925781e-01,-9.999991655349731445e-01,9.999977946281433105e-01,-9.999982118606567383e-01,9.999988675117492676e-01,9.999991655349731445e-01,-9.999984502792358398e-01,-9.999987483024597168e-01,-9.999888539314270020e-01,-9.999975562095642090e-01,-9.999979138374328613e-01,9.999988675117492676e-01,-9.999946355819702148e-01,9.999991655349731445e-01,9.999991655349731445e-01,-9.999923110008239746e-01,-9.999987483024597168e-01,-9.999986886978149414e-01,-9.999910593032836914e-01,-9.999992251396179199e-01,9.999986886978149414e-01,9.999991655349731445e-01,-9.999880194664001465e-01,9.999963045120239258e-01,9.999944567680358887e-01,9.999987483024597168e-01,-9.999928474426269531e-01,-9.999973773956298828e-01,9.999977946281433105e-01,9.999614357948303223e-01,-9.999992251396179199e-01,-9.999988079071044922e-01,-9.999939799308776855e-01,9.999990463256835938e-01,-9.999988675117492676e-01,9.999966025352478027e-01,-9.999807476997375488e-01,-9.999991059303283691e-01,-9.999985098838806152e-01,-9.999985098838806152e-01,9.999920129776000977e-01,-9.999985694885253906e-01,-9.999991059303283691e-01,9.999987483024597168e-01,9.999989271163940430e-01,9.999983310699462891e-01,9.999991059303283691e-01,9.999935626983642578e-01,9.999980330467224121e-01,9.999985098838806152e-01,9.999970197677612305e-01,-9.999302029609680176e-01,-9.999980330467224121e-01,-9.999986886978149414e-01,9.999985694885253906e-01,-9.999991655349731445e-01,-9.999986290931701660e-01,-9.999960660934448242e-01,9.999963641166687012e-01,9.999989867210388184e-01,9.999991655349731445e-01,9.999963045120239258e-01,9.999990463256835938e-01,-9.999988675117492676e-01,9.999989271163940430e-01,-9.999983906745910645e-01,-9.999959468841552734e-01,9.999942183494567871e-01,9.999695420265197754e-01,9.999985098838806152e-01,-9.999943971633911133e-01,-9.999989867210388184e-01,9.999949932098388672e-01,9.999970793724060059e-01,-9.994290471076965332e-01,-9.999980926513671875e-01,9.999991059303283691e-01,-9.999977350234985352e-01,9.999985694885253906e-01,9.999904632568359375e-01,-9.999901652336120605e-01,-9.999990463256835938e-01,-9.999770522117614746e-01,-9.999924302101135254e-01,9.999979734420776367e-01,-9.999985694885253906e-01,9.999830722808837891e-01,9.999982714653015137e-01,-9.999986886978149414e-01,9.999983310699462891e-01,9.999933838844299316e-01,-9.999992251396179199e-01,9.999991059303283691e-01,-9.999945759773254395e-01,9.999974370002746582e-01,-9.999990463256835938e-01,9.999718666076660156e-01,9.999462366104125977e-01,-9.999988675117492676e-01,-9.999978542327880859e-01,9.999746084213256836e-01,9.999985098838806152e-01,9.999951720237731934e-01,-9.999987483024597168e-01,9.999985098838806152e-01,-9.999986290931701660e-01,9.999985098838806152e-01,9.999828934669494629e-01,-9.999992251396179199e-01,9.999983310699462891e-01,-9.999990463256835938e-01,9.999987483024597168e-01,9.999955892562866211e-01,9.999984502792358398e-01,9.999989867210388184e-01,-9.999967217445373535e-01,-9.999986886978149414e-01,9.999980926513671875e-01,9.999879598617553711e-01,9.999963045120239258e-01,-9.999923706054687500e-01,9.999971389770507812e-01
-9.999911785125732422e-01,9.999927282333374023e-01,9.999534487724304199e-01,-9.999905824661254883e-01,-9.999942183494567871e-01,9.999934434890747070e-01,-9.999788999557495117e-01,-9.999948143959045410e-01,9.999863505363464355e-01,-9.999884963035583496e-01,9.999927878379821777e-01,9.999943375587463379e-01,-9.999902248382568359e-01,-9.999918341636657715e-01,-9.999282360076904297e-01,-9.999848604202270508e-01,-9.999869465827941895e-01,9.999927878379821777e-01,-9.999650716781616211e-01,9.999951124191284180e-01,9.999944567680358887e-01,-9.999500513076782227e-01,-9.999920725822448730e-01,-9.999917149543762207e-01,-9.999423623085021973e-01,-9.999948143959045410e-01,9.999917149543762207e-01,9.999942779541015625e-01,-9.999223351478576660e-01,9.999770522117614746e-01,9.999641776084899902e-01,9.999920129776000977e-01,-9.999535083770751953e-01,-9.999837875366210938e-01,9.999862909317016602e-01,9.997505545616149902e-01,-9.999947547912597656e-01,-9.999927282333374023e-01,-9.999614357948303223e-01,9.999941587448120117e-01,-9.999928474426269531e-01,9.999783039093017578e-01,-9.998753070831298828e-01,-9.999939203262329102e-01,-9.999909400939941406e-01,-9.999909400939941406e-01,9.999480843544006348e-01,-9.999914765357971191e-01,-9.999937415122985840e-01,9.999924898147583008e-01,9.999934434890747070e-01,9.999898076057434082e-01,9.999940395355224609e-01,9.999588727951049805e-01,9.999880790710449219e-01,9.999904036521911621e-01,9.999808669090270996e-01,-9.995484352111816406e-01,-9.999873042106628418e-01,-9.999915957450866699e-01,9.999908804893493652e-01,-9.999945163726806641e-01,-9.999913573265075684e-01,-9.999749064445495605e-01,9.999768137931823730e-01,9.999938607215881348e-01,9.999948740005493164e-01,9.999770522117614746e-01,9.999941587448120117e-01,-9.999931454658508301e-01,9.999934434890747070e-01,-9.999897480010986328e-01,-9.999737143516540527e-01,9.999631643295288086e-01,9.998025894165039062e-01,9.999910593032836914e-01,-9.999630451202392578e-01,-9.999934434890747070e-01,9.999680519104003906e-01,9.999819397926330566e-01,-9.963163733482360840e-01,-9.999879002571105957e-01,9.999940395355224609e-01,-9.999862313270568848e-01,9.999909400939941406e-01,9.999381899833679199e-01,-9.999362230300903320e-01,-9.999943375587463379e-01,-9.998518228530883789e-01,-9.999516606330871582e-01,9.999866485595703125e-01,-9.999914169311523438e-01,9.998905062675476074e-01,9.999890327453613281e-01,-9.999915361404418945e-01,9.999893903732299805e-01,9.999571442604064941e-01,-9.999946355819702148e-01,9.999937415122985840e-01,-9.999647140502929688e-01,9.999838471412658691e-01,-9.999936819076538086e-01,9.998175501823425293e-01,9.996522068977355957e-01,-9.999926090240478516e-01,-9.999861121177673340e-01,9.998353719711303711e-01,9.999904036521911621e-01,9.999685287475585938e-01,-9.999921917915344238e-01,9.999909996986389160e-01,-9.999918937683105469e-01,9.999909400939941406e-01,9.998890757560729980e-01,-9.999948740005493164e-01,9.999899864196777344e-01,-9.999943375587463379e-01,9.999923110008239746e-01,9.999720454216003418e-01,9.999899864196777344e-01,9.999938607215881348e-01,-9.999795556068420410e-01,-9.999921321868896484e-01,9.999877214431762695e-01,9.999226331710815430e-01,9.999769330024719238e-01,-9.999504089355468750e-01,9.999822974205017090e-01
9.999980926513671875e-01,-9.999984502792358398e-01,-9.999905824661254883e-01,9.999980926513671875e-01,9.999987483024597168e-01,-9.999986886978149414e-01,9.999957680702209473e-01,9.999989271163940430e-01,-9.999971389770507812e-01,9.999976754188537598e-01,-9.999985098838806152e-01,-9.999988079071044922e-01,9.999979138374328613e-01,9.999982714653015137e-01,9.999855756759643555e-01,9.999968409538269043e-01,9.999972581863403320e-01,-9.999985098838806152e-01,9.999929070472717285e-01,-9.999990463256835938e-01,-9.999988079071044922e-01,9.999899864196777344e-01,9.999982714653015137e-01,9.999983310699462891e-01,9.999884366989135742e-01,9.999989271163940430e-01,-9.999983310699462891e-01,-9.999988079071044922e-01,9.999843835830688477e-01,-9.999954104423522949e-01,-9.999927878379821777e-01,-9.999983906745910645e-01,9.999906420707702637e-01,9.999967217445373535e-01,-9.999971389770507812e-01,-9.999498128890991211e-01,9.999989867210388184e-01,9.999984502792358398e-01,9.999922513961791992e-01,-9.999987483024597168e-01,9.999985098838806152e-01,-9.999956488609313965e-01,9.999749660491943359e-01,9.999986886978149414e-01,9.999980330467224121e-01,9.999981522560119629e-01,-9.999895691871643066e-01,9.999982714653015137e-01,9.999987483024597168e-01,-9.999983906745910645e-01,-9.999985694885253906e-01,-9.999978542327880859e-01,-9.999987483024597168e-01,-9.999917149543762207e-01,-9.999974966049194336e-01,-9.999980330467224121e-01,-9.999960064888000488e-01,9.999091625213623047e-01,9.999974370002746582e-01,9.999982714653015137e-01,-9.999981522560119629e-01,9.999988675117492676e-01,9.999982118606567383e-01,9.999948740005493164e-01,-9.999952912330627441e-01,-9.999986886978149414e-01,-9.999989867210388184e-01,-9.999953508377075195e-01,-9.999987483024597168e-01,9.999986290931701660e-01,-9.999986290931701660e-01,9.999979138374328613e-01,9.999946355819702148e-01,-9.999926090240478516e-01,-9.999603033065795898e-01,-9.999980926513671875e-01,9.999926686286926270e-01,9.999985694885253906e-01,-9.999936223030090332e-01,-9.999962449073791504e-01,9.992571473121643066e-01,9.999974966049194336e-01,-9.999987483024597168e-01,9.999971985816955566e-01,-9.999981522560119629e-01,-9.999876022338867188e-01,9.999871253967285156e-01,9.999987483024597168e-01,9.999701380729675293e-01,9.999902248382568359e-01,-9.999972581863403320e-01,9.999982714653015137e-01,-9.999780058860778809e-01,-9.999976754188537598e-01,9.999981522560119629e-01,-9.999978542327880859e-01,-9.999914169311523438e-01,9.999989271163940430e-01,-9.999986290931701660e-01,9.999930262565612793e-01,-9.999967217445373535e-01,9.999986886978149414e-01,-9.999632835388183594e-01,-9.999300241470336914e-01,9.999984502792358398e-01,9.999970793724060059e-01,-9.999669194221496582e-01,-9.999980330467224121e-01,-9.999936819076538086e-01,9.999983906745910645e-01,-9.999981522560119629e-01,9.999982714653015137e-01,-9.999981522560119629e-01,-9.999777078628540039e-01,9.999989271163940430e-01,-9.999979138374328613e-01,9.999987483024597168e-01,-9.999984502792358398e-01,-9.999942779541015625e-01,-9.999979734420776367e-01,-9.999987483024597168e-01,9.999958276748657227e-01,9.999983906745910645e-01,-9.999974370002746582e-01,-9.999843835830688477e-01,-9.999953508377075195e-01,9.999899864196777344e-01,-9.999963045120239258e-01
9.999988675117492676e-01,-9.999991655349731445e-01,-9.999942183494567871e-01,9.999987483024597168e-01,9.999992251396179199e-01,-9.999992251396179199e-01,9.999973177909851074e-01,9.999994039535522461e-01,-9.999982118606567383e-01,9.999985694885253906e-01,-9.999991655349731445e-01,-9.999993443489074707e-01,9.999986886978149414e-01,9.999990463256835938e-01,9.999912381172180176e-01,9.999980330467224121e-01,9.999982714653015137e-01,-9.999991655349731445e-01,9.999957680702209473e-01,-9.999994039535522461e-01,-9.999993443489074707e-01,9.999939203262329102e-01,9.999990463256835938e-01,9.999989867210388184e-01,9.999928474426269531e-01,9.999994039535522461e-01,-9.999989867210388184e-01,-9.999993443489074707e-01,9.999905228614807129e-01,-9.999971389770507812e-01,-9.999956488609313965e-01,-9.999990463256835938e-01,9.999943375587463379e-01,9.999979734420776367e-01,-9.999982714653015137e-01,-9.999695420265197754e-01,9.999994635581970215e-01,9.999991655349731445e-01,9.999952912330627441e-01,-9.999992251396179199e-01,9.999991655349731445e-01,-9.999973177909851074e-01,9.999849200248718262e-01,9.999992251396179199e-01,9.999988079071044922e-01,9.999988675117492676e-01,-9.999936819076538086e-01,9.999989271163940430e-01,9.999992847442626953e-01,-9.999991059303283691e-01,-9.999991655349731445e-01,-9.999986886978149414e-01,-9.999992847442626953e-01,-9.999949336051940918e-01,-9.999984502792358398e-01,-9.999988079071044922e-01,-9.999975562095642090e-01,9.999447464942932129e-01,9.999984502792358398e-01,9.999989271163940430e-01,-9.999988675117492676e-01,9.999993443489074707e-01,9.999989271163940430e-01,9.999967813491821289e-01,-9.999971389770507812e-01,-9.999991655349731445e-01,-9.999994039535522461e-01,-9.999970793724060059e-01,-9.999992251396179199e-01,9.999991059303283691e-01,-9.999991059303283691e-01,9.999987483024597168e-01,9.999967217445373535e-01,-9.999955296516418457e-01,-9.999759197235107422e-01,-9.999988079071044922e-01,9.999955296516418457e-01,9.999992251396179199e-01,-9.999960660934448242e-01,-9.999976754188537598e-01,9.995479583740234375e-01,9.999985098838806152e-01,-9.999992847442626953e-01,9.999982714653015137e-01,-9.999988675117492676e-01,-9.999924302101135254e-01,9.999921917915344238e-01,9.999993443489074707e-01,9.999819397926330566e-01,9.999940991401672363e-01,-9.999983310699462891e-01,9.999988675117492676e-01,-9.999865293502807617e-01,-9.999985694885253906e-01,9.999989271163940430e-01,-9.999986886978149414e-01,-9.999946951866149902e-01,9.999994039535522461e-01,-9.999992847442626953e-01,9.999957084655761719e-01,-9.999979734420776367e-01,9.999992251396179199e-01,-9.999777078628540039e-01,-9.999575018882751465e-01,9.999991655349731445e-01,9.999982118606567383e-01,-9.999799132347106934e-01,-9.999988079071044922e-01,-9.999960064888000488e-01,9.999991059303283691e-01,-9.999988675117492676e-01,9.999990463256835938e-01,-9.999988675117492676e-01,-9.999864697456359863e-01,9.999994039535522461e-01,-9.999986886978149414e-01,9.999992847442626953e-01,-9.999989867210388184e-01,-9.999964237213134766e-01,-9.999987483024597168e-01,-9.999992847442626953e-01,9.999973773956298828e-01,9.999991059303283691e-01,-9.999984502792358398e-01,-9.999904632568359375e-01,-9.999971389770507812e-01,9.999938607215881348e-01,-9.999976754188537598e-01
-9.999987483024597168e-01,9.999990463256835938e-01,9.999934434890747070e-01,-9.999986886978149414e-01,-9.999992251396179199e-01,9.999991655349731445e-01,-9.999970197677612305e-01,-9.999993443489074707e-01,9.999979734420776367e-01,-9.999983906745910645e-01,9.999990463256835938e-01,9.999992251396179199e-01,-9.999986290931701660e-01,-9.999988675117492676e-01,-9.999900460243225098e-01,-9.999978542327880859e-01,-9.999981522560119629e-01,9.999990463256835938e-01,-9.999951720237731934e-01,9.999993443489074707e-01,9.999992847442626953e-01,-9.999930858612060547e-01,-9.999988675117492676e-01,-9.999988079071044922e-01,-9.999920129776000977e-01,-9.999994039535522461e-01,9.999989271163940430e-01,9.999992251396179199e-01,-9.999892115592956543e-01,9.999967813491821289e-01,9.999950528144836426e-01,9.999989271163940430e-01,-9.999935626983642578e-01,-9.999977350234985352e-01,9.999980926513671875e-01,9.999653100967407227e-01,-9.999994039535522461e-01,-9.999989271163940430e-01,-9.999946355819702148e-01,9.999992251396179199e-01,-9.999991655349731445e-01,9.999969601631164551e-01,-9.999827146530151367e-01,-9.999991059303283691e-01,-9.999987483024597168e-01,-9.999987483024597168e-01,9.999927878379821777e-01,-9.999988079071044922e-01,-9.999991655349731445e-01,9.999989271163940430e-01,9.999990463256835938e-01,9.999985694885253906e-01,9.999992251396179199e-01,9.999943375587463379e-01,9.999983310699462891e-01,9.999986290931701660e-01,9.999973177909851074e-01,-9.999372363090515137e-01,-9.999982118606567383e-01,-9.999988079071044922e-01,9.999986886978149414e-01,-9.999992847442626953e-01,-9.999988675117492676e-01,-9.999963641166687012e-01,9.999967217445373535e-01,9.999991059303283691e-01,9.999993443489074707e-01,9.999966621398925781e-01,9.999992251396179199e-01,-9.999989867210388184e-01,9.999991059303283691e-01,-9.999985694885253906e-01,-9.999963045120239258e-01,9.999949336051940918e-01,9.999727010726928711e-01,9.999987483024597168e-01,-9.999949336051940918e-01,-9.999992251396179199e-01,9.999955892562866211e-01,9.999973773956298828e-01,-9.994869828224182129e-01,-9.999982714653015137e-01,9.999991655349731445e-01,-9.999981522560119629e-01,9.999987483024597168e-01,9.999914169311523438e-01,-9.999911785125732422e-01,-9.999992251396179199e-01,-9.999794363975524902e-01,-9.999933242797851562e-01,9.999980926513671875e-01,-9.999988079071044922e-01,9.999848008155822754e-01,9.999984502792358398e-01,-9.999988079071044922e-01,9.999985694885253906e-01,9.999940395355224609e-01,-9.999992847442626953e-01,9.999991655349731445e-01,-9.999951720237731934e-01,9.999977350234985352e-01,-9.999991655349731445e-01,9.999747276306152344e-01,9.999516606330871582e-01,-9.999989867210388184e-01,-9.999980330467224121e-01,9.999771714210510254e-01,9.999987483024597168e-01,9.999956488609313965e-01,-9.999989867210388184e-01,9.999986290931701660e-01,-9.999988675117492676e-01,9.999988079071044922e-01,9.999846220016479492e-01,-9.999994039535522461e-01,9.999985694885253906e-01,-9.999992251396179199e-01,9.999988675117492676e-01,9.999960660934448242e-01,9.999986886978149414e-01,9.999991655349731445e-01,-9.999971389770507812e-01,-9.999988675117492676e-01,9.999982714653015137e-01,9.999892711639404297e-01,9.999967217445373535e-01,-9.999931454658508301e-01,9.999974370002746582e-01
9.999959468841552734e-01,-9.999966621398925781e-01,-9.999788999557495117e-01,9.999957680702209473e-01,9.999973177909851074e-01,-9.999970197677612305e-01,9.999904632568359375e-01,9.999976158142089844e-01,-9.999938607215881348e-01,9.999948740005493164e-01,-9.999967813491821289e-01,-9.999973177909851074e-01,9.999955296516418457e-01,9.999962449073791504e-01,9.999673962593078613e-01,9.999932050704956055e-01,9.999940991401672363e-01,-9.999966621398925781e-01,9.999841451644897461e-01,-9.999977350234985352e-01,-9.999974966049194336e-01,9.999773502349853516e-01,9.999964237213134766e-01,9.999961853027343750e-01,9.999738335609436035e-01,9.999976754188537598e-01,-9.999963045120239258e-01,-9.999974370002746582e-01,9.999647736549377441e-01,-9.999895691871643066e-01,-9.999837875366210938e-01,-9.999964237213134766e-01,9.999789595603942871e-01,9.999926686286926270e-01,-9.999937415122985840e-01,-9.998866319656372070e-01,9.999976754188537598e-01,9.999966621398925781e-01,9.999825954437255859e-01,-9.999973177909851074e-01,9.999967813491821289e-01,-9.999902248382568359e-01,9.999434351921081543e-01,9.999971985816955566e-01,9.999958872795104980e-01,9.999958872795104980e-01,-9.999765157699584961e-01,9.999961853027343750e-01,9.999971985816955566e-01,-9.999966025352478027e-01,-9.999969601631164551e-01,-9.999953508377075195e-01,-9.999973177909851074e-01,-9.999814033508300781e-01,-9.999946355819702148e-01,-9.999957084655761719e-01,-9.999913573265075684e-01,9.997947812080383301e-01,9.999942183494567871e-01,9.999961256980895996e-01,-9.999958872795104980e-01,9.999974966049194336e-01,9.999960064888000488e-01,9.999886155128479004e-01,-9.999894499778747559e-01,-9.999971985816955566e-01,-9.999976754188537598e-01,-9.999895691871643066e-01,-9.999971985816955566e-01,9.999969005584716797e-01,-9.999970793724060059e-01,9.999954104423522949e-01,9.999880194664001465e-01,-9.999833106994628906e-01,-9.999102354049682617e-01,-9.999959468841552734e-01,9.999833106994628906e-01,9.999970793724060059e-01,-9.999855160713195801e-01,-9.999918341636657715e-01,9.983221888542175293e-01,9.999944567680358887e-01,-9.999971985816955566e-01,9.999936819076538086e-01,-9.999959468841552734e-01,-9.999719262123107910e-01,9.999710917472839355e-01,9.999973773956298828e-01,9.999326467514038086e-01,9.999780654907226562e-01,-9.999939203262329102e-01,9.999961853027343750e-01,-9.999502301216125488e-01,-9.999949932098388672e-01,9.999960660934448242e-01,-9.999951720237731934e-01,-9.999805688858032227e-01,9.999975562095642090e-01,-9.999971389770507812e-01,9.999840259552001953e-01,-9.999927878379821777e-01,9.999971389770507812e-01,-9.999170303344726562e-01,-9.998419880867004395e-01,9.999966621398925781e-01,9.999937415122985840e-01,-9.999251365661621094e-01,-9.999957084655761719e-01,-9.999858736991882324e-01,9.999964833259582520e-01,-9.999959468841552734e-01,9.999962449073791504e-01,-9.999959468841552734e-01,-9.999495744705200195e-01,9.999976754188537598e-01,-9.999954700469970703e-01,9.999973773956298828e-01,-9.999964237213134766e-01,-9.999873638153076172e-01,-9.999955296516418457e-01,-9.999971389770507812e-01,9.999907612800598145e-01,9.999963641166687012e-01,-9.999944567680358887e-01,-9.999647736549377441e-01,-9.999895095825195312e-01,9.999774694442749023e-01,-9.999918937683105469e-01
9.999989271163940430e-01,-9.999991655349731445e-01,-9.999948143959045410e-01,9.999989271163940430e-01,9.999994039535522461e-01,-9.999993443489074707e-01,9.999976158142089844e-01,9.999994039535522461e-01,-9.999983906745910645e-01,9.999986886978149414e-01,-9.999992251396179199e-01,-9.999994635581970215e-01,9.999988675117492676e-01,9.999990463256835938e-01,9.999918937683105469e-01,9.999982714653015137e-01,9.999985098838806152e-01,-9.999992251396179199e-01,9.999960660934448242e-01,-9.999994635581970215e-01,-9.999994039535522461e-01,9.999944567680358887e-01,9.999991655349731445e-01,9.999989867210388184e-01,9.999935030937194824e-01,9.999995231628417969e-01,-9.999991059303283691e-01,-9.999994039535522461e-01,9.999912977218627930e-01,-9.999974370002746582e-01,-9.999959468841552734e-01,-9.999992847442626953e-01,9.999948143959045410e-01,9.999980926513671875e-01,-9.999984502792358398e-01,-9.999722838401794434e-01,9.999994635581970215e-01,9.999992251396179199e-01,9.999957084655761719e-01,-9.999992847442626953e-01,9.999992251396179199e-01,-9.999975562095642090e-01,9.999861717224121094e-01,9.999993443489074707e-01,9.999989271163940430e-01,9.999989867210388184e-01,-9.999942183494567871e-01,9.999991059303283691e-01,9.999993443489074707e-01,-9.999992251396179199e-01,-9.999992847442626953e-01,-9.999988675117492676e-01,-9.999993443489074707e-01,-9.999953508377075195e-01,-9.999986886978149414e-01,-9.999989271163940430e-01,-9.999978542327880859e-01,9.999496936798095703e-01,9.999985694885253906e-01,9.999989867210388184e-01,-9.999989867210388184e-01,9.999994039535522461e-01,9.999991059303283691e-01,9.999970793724060059e-01,-9.999973773956298828e-01,-9.999992847442626953e-01,-9.999994039535522461e-01,-9.999973177909851074e-01,-9.999992847442626953e-01,9.999991655349731445e-01,-9.999992847442626953e-01,9.999988675117492676e-01,9.999970197677612305e-01,-9.999959468841552734e-01,-9.999780654907226562e-01,-9.999989271163940430e-01,9.999959468841552734e-01,9.999992847442626953e-01,-9.999964237213134766e-01,-9.999979138374328613e-01,9.995892047882080078e-01,9.999986290931701660e-01,-9.999993443489074707e-01,9.999984502792358398e-01,-9.999989867210388184e-01,-9.999931454658508301e-01,9.999929070472717285e-01,9.999994039535522461e-01,9.999834895133972168e-01,9.999946355819702148e-01,-9.999985098838806152e-01,9.999991059303283691e-01,-9.999878406524658203e-01,-9.999986886978149414e-01,9.999991059303283691e-01,-9.999988079071044922e-01,-9.999952316284179688e-01,9.999994039535522461e-01,-9.999993443489074707e-01,9.999960064888000488e-01,-9.999981522560119629e-01,9.999994039535522461e-01,-9.999797344207763672e-01,-9.999613761901855469e-01,9.999992251396179199e-01,9.999984502792358398e-01,-9.999817013740539551e-01,-9.999989271163940430e-01,-9.999964833259582520e-01,9.999991655349731445e-01,-9.999989867210388184e-01,9.999991655349731445e-01,-9.999989867210388184e-01,-9.999877214431762695e-01,9.999994635581970215e-01,-9.999988675117492676e-01,9.999994039535522461e-01,-9.999991655349731445e-01,-9.999968409538269043e-01,-9.999988675117492676e-01,-9.999993443489074707e-01,9.999976158142089844e-01,9.999990463256835938e-01,-9.999986290931701660e-01,-9.999913573265075684e-01,-9.999973773956298828e-01,9.999945163726806641e-01,-9.999980330467224121e-01
-9.999973177909851074e-01,9.999977946281433105e-01,9.999863505363464355e-01,-9.999971389770507812e-01,-9.999982118606567383e-01,9.999979734420776367e-01,-9.999938607215881348e-01,-9.999983906745910645e-01,9.999960064888000488e-01,-9.999966025352478027e-01,9.999978542327880859e-01,9.999982714653015137e-01,-9.999970793724060059e-01,-9.999976158142089844e-01,-9.999790191650390625e-01,-9.999955296516418457e-01,-9.999960064888000488e-01,9.999977946281433105e-01,-9.999898076057434082e-01,9.999985694885253906e-01,9.999983906745910645e-01,-9.999854564666748047e-01,-9.999975562095642090e-01,-9.999975562095642090e-01,-9.999831318855285645e-01,-9.999984502792358398e-01,9.999975562095642090e-01,9.999983310699462891e-01,-9.999772906303405762e-01,9.999933242797851562e-01,9.999894499778747559e-01,9.999976158142089844e-01,-9.999864697456359863e-01,-9.999951124191284180e-01,9.999959468841552734e-01,9.999271035194396973e-01,-9.999984502792358398e-01,-9.999977946281433105e-01,-9.999887347221374512e-01,9.999981522560119629e-01,-9.999978542327880859e-01,9.999936819076538086e-01,-9.999635219573974609e-01,-9.999980926513671875e-01,-9.999972581863403320e-01,-9.999972581863403320e-01,9.999848604202270508e-01,-9.999973773956298828e-01,-9.999981522560119629e-01,9.999977946281433105e-01,9.999979138374328613e-01,9.999969601631164551e-01,9.999982118606567383e-01,9.999879598617553711e-01,9.999963641166687012e-01,9.999971389770507812e-01,9.999943971633911133e-01,-9.998680353164672852e-01,-9.999961256980895996e-01,-9.999974966049194336e-01,9.999973177909851074e-01,-9.999983906745910645e-01,-9.999974370002746582e-01,-9.999926090240478516e-01,9.999932646751403809e-01,9.999980926513671875e-01,9.999983906745910645e-01,9.999932050704956055e-01,9.999981522560119629e-01,-9.999978542327880859e-01,9.999980330467224121e-01,-9.999969005584716797e-01,-9.999921917915344238e-01,9.999892115592956543e-01,9.999423027038574219e-01,9.999972581863403320e-01,-9.999892115592956543e-01,-9.999980330467224121e-01,9.999907016754150391e-01,9.999946951866149902e-01,-9.989213943481445312e-01,-9.999962449073791504e-01,9.999982118606567383e-01,-9.999959468841552734e-01,9.999973177909851074e-01,9.999819993972778320e-01,-9.999813437461853027e-01,-9.999983310699462891e-01,-9.999566674232482910e-01,-9.999858140945434570e-01,9.999960660934448242e-01,-9.999973773956298828e-01,9.999681115150451660e-01,9.999966621398925781e-01,-9.999974966049194336e-01,9.999968409538269043e-01,9.999874830245971680e-01,-9.999983906745910645e-01,9.999981522560119629e-01,-9.999896883964538574e-01,9.999952912330627441e-01,-9.999980926513671875e-01,9.999465942382812500e-01,9.998983144760131836e-01,-9.999977946281433105e-01,-9.999959468841552734e-01,9.999518990516662598e-01,9.999971389770507812e-01,9.999907612800598145e-01,-9.999976158142089844e-01,9.999973177909851074e-01,-9.999974966049194336e-01,9.999973177909851074e-01,9.999675154685974121e-01,-9.999984502792358398e-01,9.999969601631164551e-01,-9.999983310699462891e-01,9.999975562095642090e-01,9.999917745590209961e-01,9.999969601631164551e-01,9.999981522560119629e-01,-9.999939799308776855e-01,-9.999976158142089844e-01,9.999963641166687012e-01,9.999774098396301270e-01,9.999932646751403809e-01,-9.999854564666748047e-01,9.999946951866149902e-01
9.999977946281433105e-01,-9.999982118606567383e-01,-9.999884963035583496e-01,9.999976754188537598e-01,9.999985694885253906e-01,-9.999983906745910645e-01,9.999948740005493164e-01,9.999986886978149414e-01,-9.999966025352478027e-01,9.999971389770507812e-01,-9.999982714653015137e-01,-9.999985694885253906e-01,9.999975562095642090e-01,9.999979734420776367e-01,9.999822974205017090e-01,9.999961853027343750e-01,9.999967217445373535e-01,-9.999981522560119629e-01,9.999913573265075684e-01,-9.999988675117492676e-01,-9.999986290931701660e-01,9.999876618385314941e-01,9.999980330467224121e-01,9.999979138374328613e-01,9.999857544898986816e-01,9.999986886978149414e-01,-9.999979734420776367e-01,-9.999985694885253906e-01,9.999808669090270996e-01,-9.999943375587463379e-01,-9.999911785125732422e-01,-9.999979734420776367e-01,9.999884963035583496e-01,9.999960064888000488e-01,-9.999966621398925781e-01,-9.999383091926574707e-01,9.999987483024597168e-01,9.999981522560119629e-01,9.999904036521911621e-01,-9.999985098838806152e-01,9.999983310699462891e-01,-9.999946355819702148e-01,9.999691843986511230e-01,9.999984502792358398e-01,9.999977350234985352e-01,9.999977350234985352e-01,-9.999873042106628418e-01,9.999979138374328613e-01,9.999984502792358398e-01,-9.999982118606567383e-01,-9.999983310699462891e-01,-9.999974966049194336e-01,-9.999985694885253906e-01,-9.999898672103881836e-01,-9.999970197677612305e-01,-9.999975562095642090e-01,-9.999952912330627441e-01,9.998881816864013672e-01,9.999969005584716797e-01,9.999979138374328613e-01,-9.999977946281433105e-01,9.999986886978149414e-01,9.999979138374328613e-01,9.999938011169433594e-01,-9.999943375587463379e-01,-9.999984502792358398e-01,-9.999987483024597168e-01,-9.999943375587463379e-01,-9.999984502792358398e-01,9.999982118606567383e-01,-9.999983310699462891e-01,9.999974966049194336e-01,9.999935626983642578e-01,-9.999909400939941406e-01,-9.999511241912841797e-01,-9.999977350234985352e-01,9.999909400939941406e-01,9.999983310699462891e-01,-9.999921321868896484e-01,-9.999955296516418457e-01,9.990858435630798340e-01,9.999969601631164551e-01,-9.999985694885253906e-01,9.999965429306030273e-01,-9.999977350234985352e-01,-9.999847412109375000e-01,9.999841451644897461e-01,9.999985694885253906e-01,9.999633431434631348e-01,9.999880790710449219e-01,-9.999966621398925781e-01,9.999979138374328613e-01,-9.999730587005615234e-01,-9.999972581863403320e-01,9.999978542327880859e-01,-9.999973177909851074e-01,-9.999893903732299805e-01,9.999986290931701660e-01,-9.999984502792358398e-01,9.999913573265075684e-01,-9.999960660934448242e-01,9.999983906745910645e-01,-9.999548196792602539e-01,-9.999139904975891113e-01,9.999981522560119629e-01,9.999965429306030273e-01,-9.999592900276184082e-01,-9.999976754188537598e-01,-9.999921321868896484e-01,9.999981522560119629e-01,-9.999977946281433105e-01,9.999979734420776367e-01,-9.999977350234985352e-01,-9.999725818634033203e-01,9.999988079071044922e-01,-9.999974966049194336e-01,9.999985694885253906e-01,-9.999980926513671875e-01,-9.999930858612060547e-01,-9.999974966049194336e-01,-9.999984502792358398e-01,9.999949336051940918e-01,9.999979138374328613e-01,-9.999969005584716797e-01,-9.999809265136718750e-01,-9.999942779541015625e-01,9.999877214431762695e-01,-9.999956488609313965e-01
-9.999986886978149414e-01,9.999988675117492676e-01,9.999927878379821777e-01,-9.999985098838806152e-01,-9.999991655349731445e-01,9.999990463256835938e-01,-9.999967813491821289e-01,-9.999992251396179199e-01,9.999978542327880859e-01,-9.999982714653015137e-01,9.999989271163940430e-01,9.999992251396179199e-01,-9.999985694885253906e-01,-9.999988079071044922e-01,-9.999888539314270020e-01,-9.999976754188537598e-01,-9.999979734420776367e-01,9.999988675117492676e-01,-9.999945759773254395e-01,9.999993443489074707e-01,9.999991655349731445e-01,-9.999922513961791992e-01,-9.999987483024597168e-01,-9.999986886978149414e-01,-9.999911189079284668e-01,-9.999992251396179199e-01,9.999987483024597168e-01,9.999992847442626953e-01,-9.999880790710449219e-01,9.999964833259582520e-01,9.999945163726806641e-01,9.999988079071044922e-01,-9.999929070472717285e-01,-9.999974370002746582e-01,9.999979138374328613e-01,9.999613165855407715e-01,-9.999993443489074707e-01,-9.999988675117492676e-01,-9.999940991401672363e-01,9.999991059303283691e-01,-9.999989271163940430e-01,9.999967217445373535e-01,-9.999807476997375488e-01,-9.999991059303283691e-01,-9.999985694885253906e-01,-9.999986290931701660e-01,9.999920725822448730e-01,-9.999987483024597168e-01,-9.999991655349731445e-01,9.999988675117492676e-01,9.999989867210388184e-01,9.999983906745910645e-01,9.999991059303283691e-01,9.999936223030090332e-01,9.999981522560119629e-01,9.999985098838806152e-01,9.999970793724060059e-01,-9.999299645423889160e-01,-9.999980926513671875e-01,-9.999986886978149414e-01,9.999986290931701660e-01,-9.999992847442626953e-01,-9.999986886978149414e-01,-9.999960660934448242e-01,9.999964833259582520e-01,9.999991059303283691e-01,9.999992251396179199e-01,9.999963045120239258e-01,9.999991059303283691e-01,-9.999989271163940430e-01,9.999990463256835938e-01,-9.999983906745910645e-01,-9.999959468841552734e-01,9.999943375587463379e-01,9.999695420265197754e-01,9.999985694885253906e-01,-9.999944567680358887e-01,-9.999990463256835938e-01,9.999951124191284180e-01,9.999971985816955566e-01,-9.994266629219055176e-01,-9.999980926513671875e-01,9.999992251396179199e-01,-9.999978542327880859e-01,9.999985694885253906e-01,9.999905228614807129e-01,-9.999901056289672852e-01,-9.999992847442626953e-01,-9.999770522117614746e-01,-9.999924898147583008e-01,9.999979734420776367e-01,-9.999986290931701660e-01,9.999830722808837891e-01,9.999982714653015137e-01,-9.999987483024597168e-01,9.999984502792358398e-01,9.999934434890747070e-01,-9.999992847442626953e-01,9.999991655349731445e-01,-9.999946355819702148e-01,9.999975562095642090e-01,-9.999991655349731445e-01,9.999717473983764648e-01,9.999461174011230469e-01,-9.999988675117492676e-01,-9.999979138374328613e-01,9.999744892120361328e-01,9.999985694885253906e-01,9.999951124191284180e-01,-9.999988675117492676e-01,9.999985694885253906e-01,-9.999988079071044922e-01,9.999986886978149414e-01,9.999828338623046875e-01,-9.999993443489074707e-01,9.999984502792358398e-01,-9.999992847442626953e-01,9.999988079071044922e-01,9.999957084655761719e-01,9.999984502792358398e-01,9.999991059303283691e-01,-9.999967813491821289e-01,-9.999988079071044922e-01,9.999980926513671875e-01,9.999880194664001465e-01,9.999963641166687012e-01,-9.999923110008239746e-01,9.999971389770507812e-01
-9.999989271163940430e-01,9.999991655349731445e-01,9.999943375587463379e-01,-9.999988079071044922e-01,-9.999993443489074707e-01,9.999992251396179199e-01,-9.999973177909851074e-01,-9.999994635581970215e-01,9.999982714653015137e-01,-9.999985694885253906e-01,9.999992251396179199e-01,9.999994039535522461e-01,-9.999987483024597168e-01,-9.999990463256835938e-01,-9.999911189079284668e-01,-9.999982118606567383e-01,-9.999983310699462891e-01,9.999992251396179199e-01,-9.999957680702209473e-01,9.999994039535522461e-01,9.999994039535522461e-01,-9.999938011169433594e-01,-9.999990463256835938e-01,-9.999989867210388184e-01,-9.999928474426269531e-01,-9.999994635581970215e-01,9.999990463256835938e-01,9.999993443489074707e-01,-9.999904036521911621e-01,9.999971389770507812e-01,9.999955892562866211e-01,9.999990463256835938e-01,-9.999943375587463379e-01,-9.999979734420776367e-01,9.999983906745910645e-01,9.999691843986511230e-01,-9.999994635581970215e-01,-9.999991655349731445e-01,-9.999952316284179688e-01,9.999992847442626953e-01,-9.999992847442626953e-01,9.999973773956298828e-01,-9.999845623970031738e-01,-9.999992847442626953e-01,-9.999988675117492676e-01,-9.999988675117492676e-01,9.999935626983642578e-01,-9.999989867210388184e-01,-9.999993443489074707e-01,9.999991059303283691e-01,9.999992251396179199e-01,9.999987483024597168e-01,9.999994039535522461e-01,9.999948143959045410e-01,9.999985098838806152e-01,9.999988079071044922e-01,9.999976754188537598e-01,-9.999439716339111328e-01,-9.999983906745910645e-01,-9.999989867210388184e-01,9.999989271163940430e-01,-9.999994039535522461e-01,-9.999989867210388184e-01,-9.999967813491821289e-01,9.999970793724060059e-01,9.999992847442626953e-01,9.999994039535522461e-01,9.999971389770507812e-01,9.999992847442626953e-01,-9.999992251396179199e-01,9.999993443489074707e-01,-9.999986886978149414e-01,-9.999967813491821289e-01,9.999955296516418457e-01,9.999756217002868652e-01,9.999988675117492676e-01,-9.999955892562866211e-01,-9.999992251396179199e-01,9.999960064888000488e-01,9.999976754188537598e-01,-9.995415806770324707e-01,-9.999984502792358398e-01,9.999993443489074707e-01,-9.999983310699462891e-01,9.999988675117492676e-01,9.999923706054687500e-01,-9.999921321868896484e-01,-9.999993443489074707e-01,-9.999816417694091797e-01,-9.999940991401672363e-01,9.999983310699462891e-01,-9.999989867210388184e-01,9.999864697456359863e-01,9.999986290931701660e-01,-9.999989867210388184e-01,9.999987483024597168e-01,9.999947547912597656e-01,-9.999994635581970215e-01,9.999992847442626953e-01,-9.999957084655761719e-01,9.999980926513671875e-01,-9.999993443489074707e-01,9.999774694442749023e-01,9.999569058418273926e-01,-9.999991655349731445e-01,-9.999982714653015137e-01,9.999796748161315918e-01,9.999988675117492676e-01,9.999960660934448242e-01,-9.999991655349731445e-01,9.999989271163940430e-01,-9.999990463256835938e-01,9.999988675117492676e-01,9.999862909317016602e-01,-9.999994635581970215e-01,9.999987483024597168e-01,-9.999994039535522461e-01,9.999991059303283691e-01,9.999964833259582520e-01,9.999988079071044922e-01,9.999992847442626953e-01,-9.999974370002746582e-01,-9.999990463256835938e-01,9.999984502792358398e-01,9.999904036521911621e-01,9.999971985816955566e-01,-9.999938607215881348e-01,9.999977350234985352e-01
