9.999979734420776367e-01,-9.999979734420776367e-01,-9.999853372573852539e-01,9.999980330467224121e-01,9.999986886978149414e-01,-9.999984502792358398e-01,9.999818801879882812e-01,9.999989271163940430e-01,-9.999966025352478027e-01,9.999960660934448242e-01,-9.999952316284179688e-01,-9.999987483024597168e-01,9.999979138374328613e-01,9.999974370002746582e-01,9.999419450759887695e-01,9.999977350234985352e-01,9.999975562095642090e-01,-9.999980330467224121e-01,9.999517202377319336e-01,-9.999989867210388184e-01,-9.999988079071044922e-01,9.999850392341613770e-01,9.999972581863403320e-01,9.999982714653015137e-01,9.999842047691345215e-01,9.999988675117492676e-01,-9.999982118606567383e-01,-9.999987483024597168e-01,9.999752044677734375e-01,-9.999954700469970703e-01,-9.999971389770507812e-01,-9.999985694885253906e-01,9.999961256980895996e-01,9.999977350234985352e-01,-9.999967217445373535e-01,-9.999941587448120117e-01,9.999988079071044922e-01,9.999986290931701660e-01,9.999929070472717285e-01,-9.999987483024597168e-01,9.999983310699462891e-01,-9.999971985816955566e-01,9.999375939369201660e-01,9.999985098838806152e-01,9.999963641166687012e-01,9.999973177909851074e-01,9.999951720237731934e-01,9.999970793724060059e-01,9.999986886978149414e-01,-9.999983906745910645e-01,-9.999985694885253906e-01,-9.999969005584716797e-01,-9.999983906745910645e-01,-9.999893903732299805e-01,-9.999955892562866211e-01,-9.999974370002746582e-01,-9.999977946281433105e-01,9.999791979789733887e-01,9.999973177909851074e-01,9.999974966049194336e-01,-9.999945163726806641e-01,9.999987483024597168e-01,9.999980926513671875e-01,9.999951124191284180e-01,-9.999947547912597656e-01,-9.999986290931701660e-01,-9.999988079071044922e-01,-9.999927282333374023e-01,-9.999979138374328613e-01,9.999987483024597168e-01,-9.999985098838806152e-01,9.999974370002746582e-01,9.999963045120239258e-01,-9.999868869781494141e-01,9.998858571052551270e-01,-9.999977350234985352e-01,9.999840259552001953e-01,9.999980330467224121e-01,-9.999893307685852051e-01,-9.999973773956298828e-01,9.998510479927062988e-01,9.999976158142089844e-01,-9.999986886978149414e-01,9.997918605804443359e-01,-9.999982118606567383e-01,-9.999828338623046875e-01,9.999932050704956055e-01,9.999985694885253906e-01,-9.999826550483703613e-01,9.999978542327880859e-01,-9.999982714653015137e-01,9.999982714653015137e-01,-9.999693036079406738e-01,-9.999982118606567383e-01,9.999983906745910645e-01,-9.999973177909851074e-01,-9.999110102653503418e-01,9.999988675117492676e-01,-9.999986290931701660e-01,9.999916553497314453e-01,-9.999974370002746582e-01,9.999985694885253906e-01,-9.999872446060180664e-01,-9.999777674674987793e-01,9.999983906745910645e-01,9.999945759773254395e-01,9.999857544898986816e-01,-9.999971389770507812e-01,-9.999942779541015625e-01,9.999983906745910645e-01,-9.999972581863403320e-01,9.999984502792358398e-01,-9.999978542327880859e-01,-9.999916553497314453e-01,9.999988675117492676e-01,-9.999983310699462891e-01,9.999983310699462891e-01,-9.999985694885253906e-01,-9.999871253967285156e-01,-9.999977350234985352e-01,-9.999987483024597168e-01,9.999956488609313965e-01,9.999984502792358398e-01,-9.999973773956298828e-01,9.999779462814331055e-01,-9.999948740005493164e-01,-9.999502897262573242e-01,-9.999977350234985352e-01
-9.999979734420776367e-01,9.999979138374328613e-01,9.999846816062927246e-01,-9.999980330467224121e-01,-9.999987483024597168e-01,9.999984502792358398e-01,-9.999810457229614258e-01,-9.999989271163940430e-01,9.999965429306030273e-01,-9.999960064888000488e-01,9.999950528144836426e-01,9.999987483024597168e-01,-9.999979734420776367e-01,-9.999973773956298828e-01,-9.999390244483947754e-01,-9.999977350234985352e-01,-9.999975562095642090e-01,9.999979734420776367e-01,-9.999493956565856934e-01,9.999989867210388184e-01,9.999987483024597168e-01,-9.999844431877136230e-01,-9.999971985816955566e-01,-9.999983310699462891e-01,-9.999836087226867676e-01,-9.999989271163940430e-01,9.999982714653015137e-01,9.999987483024597168e-01,-9.999741911888122559e-01,9.999952316284179688e-01,9.999970793724060059e-01,9.999985098838806152e-01,-9.999960064888000488e-01,-9.999976754188537598e-01,9.999966621398925781e-01,9.999938607215881348e-01,-9.999988079071044922e-01,-9.999986290931701660e-01,-9.999927282333374023e-01,9.999987483024597168e-01,-9.999983310699462891e-01,9.999971389770507812e-01,-9.999345541000366211e-01,-9.999984502792358398e-01,-9.999963045120239258e-01,-9.999973773956298828e-01,-9.999950528144836426e-01,-9.999969005584716797e-01,-9.999986290931701660e-01,9.999983906745910645e-01,9.999985694885253906e-01,9.999968409538269043e-01,9.999984502792358398e-01,9.999888539314270020e-01,9.999953508377075195e-01,9.999973773956298828e-01,9.999977946281433105e-01,-9.999782443046569824e-01,-9.999972581863403320e-01,-9.999974370002746582e-01,9.999943375587463379e-01,-9.999988079071044922e-01,-9.999981522560119629e-01,-9.999949932098388672e-01,9.999946355819702148e-01,9.999986290931701660e-01,9.999988675117492676e-01,9.999924898147583008e-01,9.999979734420776367e-01,-9.999988079071044922e-01,9.999985098838806152e-01,-9.999973773956298828e-01,-9.999961256980895996e-01,9.999862909317016602e-01,-9.998802542686462402e-01,9.999977946281433105e-01,-9.999832510948181152e-01,-9.999980330467224121e-01,9.999887943267822266e-01,9.999973177909851074e-01,-9.998435974121093750e-01,-9.999974966049194336e-01,9.999986886978149414e-01,-9.997815489768981934e-01,9.999983310699462891e-01,9.999819993972778320e-01,-9.999929666519165039e-01,-9.999986290931701660e-01,9.999819397926330566e-01,-9.999979138374328613e-01,9.999983310699462891e-01,-9.999982118606567383e-01,9.999678730964660645e-01,9.999982118606567383e-01,-9.999983906745910645e-01,9.999973177909851074e-01,9.999065399169921875e-01,-9.999988079071044922e-01,9.999986290931701660e-01,-9.999913573265075684e-01,9.999973773956298828e-01,-9.999985694885253906e-01,9.999867081642150879e-01,9.999767541885375977e-01,-9.999982714653015137e-01,-9.999944567680358887e-01,-9.999851584434509277e-01,9.999971985816955566e-01,9.999940395355224609e-01,-9.999983906745910645e-01,9.999971985816955566e-01,-9.999983906745910645e-01,9.999977946281433105e-01,9.999912977218627930e-01,-9.999989867210388184e-01,9.999983310699462891e-01,-9.999982118606567383e-01,9.999985694885253906e-01,9.999865889549255371e-01,9.999976754188537598e-01,9.999986886978149414e-01,-9.999955296516418457e-01,-9.999985098838806152e-01,9.999973177909851074e-01,-9.999769330024719238e-01,9.999947547912597656e-01,9.999479055404663086e-01,9.999977350234985352e-01
-9.999853372573852539e-01,9.999846816062927246e-01,9.998877048492431641e-01,-9.999857544898986816e-01,-9.999907612800598145e-01,9.999880194664001465e-01,-9.998607635498046875e-01,-9.999917745590209961e-01,9.999741911888122559e-01,-9.999701380729675293e-01,9.999630451202392578e-01,9.999907016754150391e-01,-9.999851584434509277e-01,-9.999804496765136719e-01,-9.995537400245666504e-01,-9.999831318855285645e-01,-9.999820590019226074e-01,9.999849796295166016e-01,-9.996296763420104980e-01,9.999922513961791992e-01,9.999909996986389160e-01,-9.998849034309387207e-01,-9.999793171882629395e-01,-9.999877214431762695e-01,-9.998793005943298340e-01,-9.999920725822448730e-01,9.999873042106628418e-01,9.999910593032836914e-01,-9.998098611831665039e-01,9.999643564224243164e-01,9.999781847000122070e-01,9.999891519546508789e-01,-9.999704957008361816e-01,-9.999831914901733398e-01,9.999759197235107422e-01,9.999549388885498047e-01,-9.999914765357971191e-01,-9.999894499778747559e-01,-9.999459385871887207e-01,9.999904036521911621e-01,-9.999873042106628418e-01,9.999791979789733887e-01,-9.995205402374267578e-01,-9.999886751174926758e-01,-9.999723434448242188e-01,-9.999803304672241211e-01,-9.999631643295288086e-01,-9.999777674674987793e-01,-9.999899864196777344e-01,9.999883174896240234e-01,9.999895095825195312e-01,9.999765157699584961e-01,9.999879598617553711e-01,9.999181032180786133e-01,9.999657869338989258e-01,9.999809265136718750e-01,9.999834895133972168e-01,-9.998397231101989746e-01,-9.999801516532897949e-01,-9.999810457229614258e-01,9.999577403068542480e-01,-9.999909400939941406e-01,-9.999864101409912109e-01,-9.999625682830810547e-01,9.999600052833557129e-01,9.999901056289672852e-01,9.999912381172180176e-01,9.999439120292663574e-01,9.999848604202270508e-01,-9.999908208847045898e-01,9.999887943267822266e-01,-9.999804496765136719e-01,-9.999721646308898926e-01,9.998988509178161621e-01,-9.991228580474853516e-01,9.999834299087524414e-01,-9.998766779899597168e-01,-9.999858140945434570e-01,9.999170303344726562e-01,9.999800324440002441e-01,-9.988549947738647461e-01,-9.999816417694091797e-01,9.999901056289672852e-01,-9.984009861946105957e-01,9.999871850013732910e-01,9.998675584793090820e-01,-9.999482631683349609e-01,-9.999892115592956543e-01,9.998663663864135742e-01,-9.999841451644897461e-01,9.999868869781494141e-01,-9.999868273735046387e-01,9.997645020484924316e-01,9.999864697456359863e-01,-9.999882578849792480e-01,9.999802112579345703e-01,9.993159770965576172e-01,-9.999909996986389160e-01,9.999899864196777344e-01,-9.999361634254455566e-01,9.999803304672241211e-01,-9.999890923500061035e-01,9.999017715454101562e-01,9.998288750648498535e-01,-9.999876022338867188e-01,-9.999586343765258789e-01,-9.998903274536132812e-01,9.999788999557495117e-01,9.999557137489318848e-01,-9.999874830245971680e-01,9.999793171882629395e-01,-9.999884366989135742e-01,9.999836683273315430e-01,9.999355673789978027e-01,-9.999919533729553223e-01,9.999874234199523926e-01,-9.999871850013732910e-01,9.999898076057434082e-01,9.999013543128967285e-01,9.999831318855285645e-01,9.999905228614807129e-01,-9.999666213989257812e-01,-9.999890923500061035e-01,9.999799132347106934e-01,-9.998302459716796875e-01,9.999607205390930176e-01,9.996179342269897461e-01,9.999828934669494629e-01
9.999980330467224121e-01,-9.999980330467224121e-01,-9.999857544898986816e-01,9.999982118606567383e-01,9.999987483024597168e-01,-9.999983906745910645e-01,9.999823570251464844e-01,9.999989271163940430e-01,-9.999967217445373535e-01,9.999961853027343750e-01,-9.999953508377075195e-01,-9.999986886978149414e-01,9.999980330467224121e-01,9.999974966049194336e-01,9.999436140060424805e-01,9.999977946281433105e-01,9.999976158142089844e-01,-9.999979734420776367e-01,9.999532103538513184e-01,-9.999990463256835938e-01,-9.999988079071044922e-01,9.999855160713195801e-01,9.999974370002746582e-01,9.999984502792358398e-01,9.999848008155822754e-01,9.999989271163940430e-01,-9.999983906745910645e-01,-9.999987483024597168e-01,9.999760389328002930e-01,-9.999955296516418457e-01,-9.999971985816955566e-01,-9.999986290931701660e-01,9.999962449073791504e-01,9.999977350234985352e-01,-9.999968409538269043e-01,-9.999943375587463379e-01,9.999988675117492676e-01,9.999985694885253906e-01,9.999932050704956055e-01,-9.999987483024597168e-01,9.999983906745910645e-01,-9.999971985816955566e-01,9.999395012855529785e-01,9.999985694885253906e-01,9.999963641166687012e-01,9.999974370002746582e-01,9.999952912330627441e-01,9.999971389770507812e-01,9.999986290931701660e-01,-9.999985098838806152e-01,-9.999985694885253906e-01,-9.999970197677612305e-01,-9.999983906745910645e-01,-9.999896287918090820e-01,-9.999955892562866211e-01,-9.999974370002746582e-01,-9.999978542327880859e-01,9.999798536300659180e-01,9.999973773956298828e-01,9.999974966049194336e-01,-9.999946951866149902e-01,9.999988675117492676e-01,9.999981522560119629e-01,9.999952912330627441e-01,-9.999948740005493164e-01,-9.999987483024597168e-01,-9.999988079071044922e-01,-9.999928474426269531e-01,-9.999979734420776367e-01,9.999987483024597168e-01,-9.999984502792358398e-01,9.999974966049194336e-01,9.999964237213134766e-01,-9.999871850013732910e-01,9.998893141746520996e-01,-9.999978542327880859e-01,9.999845027923583984e-01,9.999980926513671875e-01,-9.999895691871643066e-01,-9.999973773956298828e-01,9.998555183410644531e-01,9.999976158142089844e-01,-9.999986886978149414e-01,9.997981190681457520e-01,-9.999982714653015137e-01,-9.999832510948181152e-01,9.999933838844299316e-01,9.999986290931701660e-01,-9.999831914901733398e-01,9.999978542327880859e-01,-9.999982118606567383e-01,9.999982118606567383e-01,-9.999703764915466309e-01,-9.999982714653015137e-01,9.999984502792358398e-01,-9.999974966049194336e-01,-9.999136924743652344e-01,9.999988675117492676e-01,-9.999985694885253906e-01,9.999919533729553223e-01,-9.999974966049194336e-01,9.999985098838806152e-01,-9.999876618385314941e-01,-9.999783635139465332e-01,9.999983906745910645e-01,9.999948143959045410e-01,9.999861717224121094e-01,-9.999972581863403320e-01,-9.999944567680358887e-01,9.999983310699462891e-01,-9.999973773956298828e-01,9.999985098838806152e-01,-9.999979138374328613e-01,-9.999918937683105469e-01,9.999988675117492676e-01,-9.999983906745910645e-01,9.999982714653015137e-01,-9.999985694885253906e-01,-9.999874830245971680e-01,-9.999977946281433105e-01,-9.999988079071044922e-01,9.999958276748657227e-01,9.999985098838806152e-01,-9.999974370002746582e-01,9.999785423278808594e-01,-9.999950528144836426e-01,-9.999517202377319336e-01,-9.999977350234985352e-01
9.999986886978149414e-01,-9.999987483024597168e-01,-9.999907612800598145e-01,9.999987483024597168e-01,9.999991655349731445e-01,-9.999990463256835938e-01,9.999884963035583496e-01,9.999993443489074707e-01,-9.999978542327880859e-01,9.999974370002746582e-01,-9.999969601631164551e-01,-9.999991655349731445e-01,9.999986886978149414e-01,9.999983906745910645e-01,9.999632835388183594e-01,9.999985098838806152e-01,9.999984502792358398e-01,-9.999986886978149414e-01,9.999696612358093262e-01,-9.999994039535522461e-01,-9.999992251396179199e-01,9.999905824661254883e-01,9.999982714653015137e-01,9.999989271163940430e-01,9.999901056289672852e-01,9.999994039535522461e-01,-9.999988675117492676e-01,-9.999992251396179199e-01,9.999843239784240723e-01,-9.999969601631164551e-01,-9.999980926513671875e-01,-9.999990463256835938e-01,9.999974966049194336e-01,9.999985098838806152e-01,-9.999979734420776367e-01,-9.999962449073791504e-01,9.999991655349731445e-01,9.999990463256835938e-01,9.999955296516418457e-01,-9.999992251396179199e-01,9.999989271163940430e-01,-9.999981522560119629e-01,9.999606013298034668e-01,9.999991059303283691e-01,9.999976158142089844e-01,9.999983906745910645e-01,9.999968409538269043e-01,9.999980330467224121e-01,9.999992251396179199e-01,-9.999989867210388184e-01,-9.999991059303283691e-01,-9.999980330467224121e-01,-9.999989271163940430e-01,-9.999932050704956055e-01,-9.999970793724060059e-01,-9.999983310699462891e-01,-9.999985694885253906e-01,9.999868869781494141e-01,9.999982714653015137e-01,9.999983310699462891e-01,-9.999964833259582520e-01,9.999992847442626953e-01,9.999987483024597168e-01,9.999969601631164551e-01,-9.999966025352478027e-01,-9.999991059303283691e-01,-9.999992251396179199e-01,-9.999954104423522949e-01,-9.999986886978149414e-01,9.999991655349731445e-01,-9.999991059303283691e-01,9.999982714653015137e-01,9.999976754188537598e-01,-9.999916553497314453e-01,9.999279379844665527e-01,-9.999985694885253906e-01,9.999899268150329590e-01,9.999987483024597168e-01,-9.999932050704956055e-01,-9.999983310699462891e-01,9.999059438705444336e-01,9.999984502792358398e-01,-9.999991059303283691e-01,9.998685717582702637e-01,-9.999988675117492676e-01,-9.999890923500061035e-01,9.999957084655761719e-01,9.999990463256835938e-01,-9.999890327453613281e-01,9.999986290931701660e-01,-9.999989271163940430e-01,9.999988079071044922e-01,-9.999806284904479980e-01,-9.999988675117492676e-01,9.999991059303283691e-01,-9.999982714653015137e-01,-9.999438524246215820e-01,9.999992251396179199e-01,-9.999991059303283691e-01,9.999947547912597656e-01,-9.999983906745910645e-01,9.999991655349731445e-01,-9.999918937683105469e-01,-9.999858736991882324e-01,9.999989271163940430e-01,9.999964833259582520e-01,9.999909996986389160e-01,-9.999981522560119629e-01,-9.999963045120239258e-01,9.999989271163940430e-01,-9.999982714653015137e-01,9.999991059303283691e-01,-9.999986290931701660e-01,-9.999946951866149902e-01,9.999992847442626953e-01,-9.999988675117492676e-01,9.999989271163940430e-01,-9.999991059303283691e-01,-9.999917745590209961e-01,-9.999985098838806152e-01,-9.999992847442626953e-01,9.999972581863403320e-01,9.999990463256835938e-01,-9.999983310699462891e-01,9.999861121177673340e-01,-9.999966621398925781e-01,-9.999687075614929199e-01,-9.999985098838806152e-01
-9.999984502792358398e-01,9.999984502792358398e-01,9.999880194664001465e-01,-9.999983906745910645e-01,-9.999990463256835938e-01,9.999988079071044922e-01,-9.999852776527404785e-01,-9.999992847442626953e-01,9.999973177909851074e-01,-9.999967813491821289e-01,9.999960064888000488e-01,9.999989867210388184e-01,-9.999983310699462891e-01,-9.999979734420776367e-01,-9.999526143074035645e-01,-9.999982118606567383e-01,-9.999980926513671875e-01,9.999983906745910645e-01,-9.999606609344482422e-01,9.999992251396179199e-01,9.999991059303283691e-01,-9.999877810478210449e-01,-9.999978542327880859e-01,-9.999986290931701660e-01,-9.999873042106628418e-01,-9.999992847442626953e-01,9.999986290931701660e-01,9.999991059303283691e-01,-9.999798536300659180e-01,9.999961853027343750e-01,9.999976754188537598e-01,9.999988675117492676e-01,-9.999969005584716797e-01,-9.999982118606567383e-01,9.999974370002746582e-01,9.999952912330627441e-01,-9.999990463256835938e-01,-9.999989271163940430e-01,-9.999942779541015625e-01,9.999989867210388184e-01,-9.999987483024597168e-01,9.999977350234985352e-01,-9.999490380287170410e-01,-9.999988079071044922e-01,-9.999970197677612305e-01,-9.999977946281433105e-01,-9.999960660934448242e-01,-9.999976754188537598e-01,-9.999989271163940430e-01,9.999987483024597168e-01,9.999988675117492676e-01,9.999975562095642090e-01,9.999986886978149414e-01,9.999914169311523438e-01,9.999963045120239258e-01,9.999979138374328613e-01,9.999982118606567383e-01,-9.999830722808837891e-01,-9.999978542327880859e-01,-9.999979734420776367e-01,9.999955296516418457e-01,-9.999991059303283691e-01,-9.999985694885253906e-01,-9.999960660934448242e-01,9.999957680702209473e-01,9.999989271163940430e-01,9.999991059303283691e-01,9.999940395355224609e-01,9.999983906745910645e-01,-9.999990463256835938e-01,9.999988079071044922e-01,-9.999979734420776367e-01,-9.999970793724060059e-01,9.999892711639404297e-01,-9.999067783355712891e-01,9.999982118606567383e-01,-9.999869465827941895e-01,-9.999985098838806152e-01,9.999912977218627930e-01,9.999978542327880859e-01,-9.998782873153686523e-01,-9.999981522560119629e-01,9.999989271163940430e-01,-9.998300671577453613e-01,9.999986290931701660e-01,9.999859929084777832e-01,-9.999945163726806641e-01,-9.999988675117492676e-01,9.999858140945434570e-01,-9.999983310699462891e-01,9.999986886978149414e-01,-9.999985694885253906e-01,9.999750256538391113e-01,9.999985694885253906e-01,-9.999987483024597168e-01,9.999978542327880859e-01,9.999274015426635742e-01,-9.999991059303283691e-01,9.999989271163940430e-01,-9.999932050704956055e-01,9.999979138374328613e-01,-9.999988079071044922e-01,9.999896883964538574e-01,9.999819397926330566e-01,-9.999986886978149414e-01,-9.999956488609313965e-01,-9.999883770942687988e-01,9.999976754188537598e-01,9.999952912330627441e-01,-9.999986886978149414e-01,9.999978542327880859e-01,-9.999988079071044922e-01,9.999983310699462891e-01,9.999932646751403809e-01,-9.999992251396179199e-01,9.999987483024597168e-01,-9.999986290931701660e-01,9.999989271163940430e-01,9.999894499778747559e-01,9.999982118606567383e-01,9.999989867210388184e-01,-9.999965429306030273e-01,-9.999988079071044922e-01,9.999978542327880859e-01,-9.999819993972778320e-01,9.999958872795104980e-01,9.999594092369079590e-01,9.999981522560119629e-01
9.999818801879882812e-01,-9.999810457229614258e-01,-9.998607635498046875e-01,9.999823570251464844e-01,9.999884963035583496e-01,-9.999852776527404785e-01,9.998276233673095703e-01,9.999898076057434082e-01,-9.999679923057556152e-01,9.999629259109497070e-01,-9.999542832374572754e-01,-9.999886155128479004e-01,9.999817013740539551e-01,9.999758005142211914e-01,9.994470477104187012e-01,9.999791979789733887e-01,9.999778866767883301e-01,-9.999814033508300781e-01,9.995411634445190430e-01,-9.999904036521911621e-01,-9.999889731407165527e-01,9.998574852943420410e-01,9.999743700027465820e-01,9.999847412109375000e-01,9.998505115509033203e-01,9.999901056289672852e-01,-9.999843835830688477e-01,-9.999889731407165527e-01,9.997643232345581055e-01,-9.999558329582214355e-01,-9.999728798866271973e-01,-9.999865293502807617e-01,9.999634027481079102e-01,9.999791979789733887e-01,-9.999702572822570801e-01,-9.999442696571350098e-01,9.999895095825195312e-01,9.999869465827941895e-01,9.999330639839172363e-01,-9.999880194664001465e-01,9.999843835830688477e-01,-9.999743103981018066e-01,9.994058609008789062e-01,9.999859929084777832e-01,9.999656677246093750e-01,9.999756217002868652e-01,9.999544620513916016e-01,9.999725222587585449e-01,9.999874830245971680e-01,-9.999856352806091309e-01,-9.999870061874389648e-01,-9.999710321426391602e-01,-9.999851584434509277e-01,-9.998986124992370605e-01,-9.999576807022094727e-01,-9.999763965606689453e-01,-9.999794960021972656e-01,9.998014569282531738e-01,9.999753832817077637e-01,9.999765157699584961e-01,-9.999477267265319824e-01,9.999887943267822266e-01,9.999831914901733398e-01,9.999535679817199707e-01,-9.999504685401916504e-01,-9.999878406524658203e-01,-9.999891519546508789e-01,-9.999306201934814453e-01,-9.999813437461853027e-01,9.999886155128479004e-01,-9.999861121177673340e-01,9.999758601188659668e-01,9.999653100967407227e-01,-9.998746514320373535e-01,9.989131689071655273e-01,-9.999794960021972656e-01,9.998474121093750000e-01,9.999824762344360352e-01,-9.998971819877624512e-01,-9.999752640724182129e-01,9.985814094543457031e-01,9.999771714210510254e-01,-9.999876618385314941e-01,9.980191588401794434e-01,-9.999842643737792969e-01,-9.998359084129333496e-01,9.999360442161560059e-01,9.999867081642150879e-01,-9.998344182968139648e-01,9.999805092811584473e-01,-9.999838471412658691e-01,9.999837279319763184e-01,-9.997081756591796875e-01,-9.999831914901733398e-01,9.999854564666748047e-01,-9.999755620956420898e-01,-9.991525411605834961e-01,9.999889135360717773e-01,-9.999876618385314941e-01,9.999209046363830566e-01,-9.999757409095764160e-01,9.999865293502807617e-01,-9.998782873153686523e-01,-9.997880458831787109e-01,9.999845623970031738e-01,9.999487996101379395e-01,9.998640418052673340e-01,-9.999738335609436035e-01,-9.999451041221618652e-01,9.999846220016479492e-01,-9.999743700027465820e-01,9.999856948852539062e-01,-9.999797344207763672e-01,-9.999201297760009766e-01,9.999901056289672852e-01,-9.999843835830688477e-01,9.999840855598449707e-01,-9.999873638153076172e-01,-9.998776912689208984e-01,-9.999791383743286133e-01,-9.999882578849792480e-01,9.999586343765258789e-01,9.999864101409912109e-01,-9.999752044677734375e-01,9.997897148132324219e-01,-9.999513030052185059e-01,-9.995265007019042969e-01,-9.999788999557495117e-01
9.999989271163940430e-01,-9.999989271163940430e-01,-9.999917745590209961e-01,9.999989271163940430e-01,9.999993443489074707e-01,-9.999992847442626953e-01,9.999898076057434082e-01,9.999995231628417969e-01,-9.999982118606567383e-01,9.999977946281433105e-01,-9.999972581863403320e-01,-9.999992847442626953e-01,9.999989271163940430e-01,9.999986290931701660e-01,9.999673962593078613e-01,9.999987483024597168e-01,9.999986290931701660e-01,-9.999988675117492676e-01,9.999729394912719727e-01,-9.999994635581970215e-01,-9.999994039535522461e-01,9.999916553497314453e-01,9.999985694885253906e-01,9.999991655349731445e-01,9.999911785125732422e-01,9.999995231628417969e-01,-9.999991059303283691e-01,-9.999994039535522461e-01,9.999861121177673340e-01,-9.999973773956298828e-01,-9.999984502792358398e-01,-9.999992251396179199e-01,9.999977350234985352e-01,9.999986886978149414e-01,-9.999982118606567383e-01,-9.999966621398925781e-01,9.999994039535522461e-01,9.999993443489074707e-01,9.999960064888000488e-01,-9.999994039535522461e-01,9.999992251396179199e-01,-9.999983906745910645e-01,9.999649524688720703e-01,9.999992847442626953e-01,9.999979734420776367e-01,9.999985694885253906e-01,9.999972581863403320e-01,9.999983310699462891e-01,9.999992847442626953e-01,-9.999991655349731445e-01,-9.999992847442626953e-01,-9.999983906745910645e-01,-9.999991655349731445e-01,-9.999940395355224609e-01,-9.999974966049194336e-01,-9.999985694885253906e-01,-9.999988675117492676e-01,9.999883174896240234e-01,9.999985098838806152e-01,9.999985694885253906e-01,-9.999969005584716797e-01,9.999993443489074707e-01,9.999990463256835938e-01,9.999973177909851074e-01,-9.999970197677612305e-01,-9.999992847442626953e-01,-9.999994039535522461e-01,-9.999959468841552734e-01,-9.999988675117492676e-01,9.999993443489074707e-01,-9.999992251396179199e-01,9.999985694885253906e-01,9.999979138374328613e-01,-9.999926090240478516e-01,9.999358057975769043e-01,-9.999987483024597168e-01,9.999910593032836914e-01,9.999989271163940430e-01,-9.999940395355224609e-01,-9.999985098838806152e-01,9.999161362648010254e-01,9.999986886978149414e-01,-9.999994039535522461e-01,9.998829364776611328e-01,-9.999991059303283691e-01,-9.999903440475463867e-01,9.999961853027343750e-01,9.999993443489074707e-01,-9.999902844429016113e-01,9.999988079071044922e-01,-9.999991059303283691e-01,9.999991059303283691e-01,-9.999827742576599121e-01,-9.999990463256835938e-01,9.999991655349731445e-01,-9.999986290931701660e-01,-9.999499320983886719e-01,9.999994635581970215e-01,-9.999992847442626953e-01,9.999953508377075195e-01,-9.999985694885253906e-01,9.999992251396179199e-01,-9.999928474426269531e-01,-9.999874830245971680e-01,9.999992251396179199e-01,9.999969601631164551e-01,9.999920129776000977e-01,-9.999984502792358398e-01,-9.999968409538269043e-01,9.999991059303283691e-01,-9.999984502792358398e-01,9.999992847442626953e-01,-9.999988675117492676e-01,-9.999953508377075195e-01,9.999994635581970215e-01,-9.999992251396179199e-01,9.999991059303283691e-01,-9.999992251396179199e-01,-9.999927878379821777e-01,-9.999987483024597168e-01,-9.999993443489074707e-01,9.999975562095642090e-01,9.999992251396179199e-01,-9.999985098838806152e-01,9.999876022338867188e-01,-9.999970793724060059e-01,-9.999721646308898926e-01,-9.999987483024597168e-01
-9.999966025352478027e-01,9.999965429306030273e-01,9.999741911888122559e-01,-9.999967217445373535e-01,-9.999978542327880859e-01,9.999973177909851074e-01,-9.999679923057556152e-01,-9.999982118606567383e-01,9.999941587448120117e-01,-9.999931454658508301e-01,9.999916553497314453e-01,9.999978542327880859e-01,-9.999965429306030273e-01,-9.999955892562866211e-01,-9.998970627784729004e-01,-9.999961853027343750e-01,-9.999958872795104980e-01,9.999966025352478027e-01,-9.999145865440368652e-01,9.999982714653015137e-01,9.999980330467224121e-01,-9.999735951423645020e-01,-9.999953508377075195e-01,-9.999971389770507812e-01,-9.999722242355346680e-01,-9.999981522560119629e-01,9.999970197677612305e-01,9.999979138374328613e-01,-9.999561905860900879e-01,9.999919533729553223e-01,9.999950528144836426e-01,9.999975562095642090e-01,-9.999933242797851562e-01,-9.999960660934448242e-01,9.999945759773254395e-01,9.999897480010986328e-01,-9.999981522560119629e-01,-9.999976158142089844e-01,-9.999876022338867188e-01,9.999979138374328613e-01,-9.999971389770507812e-01,9.999952316284179688e-01,-9.998894929885864258e-01,-9.999974370002746582e-01,-9.999937415122985840e-01,-9.999955296516418457e-01,-9.999915957450866699e-01,-9.999950528144836426e-01,-9.999977350234985352e-01,9.999973773956298828e-01,9.999975562095642090e-01,9.999947547912597656e-01,9.999971985816955566e-01,9.999812245368957520e-01,9.999921321868896484e-01,9.999956488609313965e-01,9.999962449073791504e-01,-9.999631047248840332e-01,-9.999953508377075195e-01,-9.999957084655761719e-01,9.999903440475463867e-01,-9.999979734420776367e-01,-9.999968409538269043e-01,-9.999915361404418945e-01,9.999908208847045898e-01,9.999977946281433105e-01,9.999980330467224121e-01,9.999872446060180664e-01,9.999966025352478027e-01,-9.999979138374328613e-01,9.999974370002746582e-01,-9.999955892562866211e-01,-9.999936819076538086e-01,9.999768137931823730e-01,-9.997978210449218750e-01,9.999962449073791504e-01,-9.999716281890869141e-01,-9.999967813491821289e-01,9.999810457229614258e-01,9.999954700469970703e-01,-9.997358918190002441e-01,-9.999958872795104980e-01,9.999977350234985352e-01,-9.996310472488403320e-01,9.999971389770507812e-01,9.999696612358093262e-01,-9.999881386756896973e-01,-9.999976158142089844e-01,9.999692440032958984e-01,-9.999963045120239258e-01,9.999970197677612305e-01,-9.999970197677612305e-01,9.999457001686096191e-01,9.999969601631164551e-01,-9.999972581863403320e-01,9.999955296516418457e-01,9.998424053192138672e-01,-9.999980330467224121e-01,9.999976754188537598e-01,-9.999853968620300293e-01,9.999956488609313965e-01,-9.999975562095642090e-01,9.999774694442749023e-01,9.999606013298034668e-01,-9.999971985816955566e-01,-9.999905228614807129e-01,-9.999748468399047852e-01,9.999951720237731934e-01,9.999898672103881836e-01,-9.999971985816955566e-01,9.999952912330627441e-01,-9.999973773956298828e-01,9.999963045120239258e-01,9.999852776527404785e-01,-9.999981522560119629e-01,9.999971389770507812e-01,-9.999970197677612305e-01,9.999976158142089844e-01,9.999772906303405762e-01,9.999960660934448242e-01,9.999979138374328613e-01,-9.999924302101135254e-01,-9.999974966049194336e-01,9.999954700469970703e-01,-9.999609589576721191e-01,9.999910593032836914e-01,9.999119639396667480e-01,9.999961256980895996e-01
9.999960660934448242e-01,-9.999960064888000488e-01,-9.999701380729675293e-01,9.999961853027343750e-01,9.999974370002746582e-01,-9.999967813491821289e-01,9.999629259109497070e-01,9.999977946281433105e-01,-9.999931454658508301e-01,9.999920725822448730e-01,-9.999902844429016113e-01,-9.999975562095642090e-01,9.999958872795104980e-01,9.999948740005493164e-01,9.998811483383178711e-01,9.999955296516418457e-01,9.999951720237731934e-01,-9.999960064888000488e-01,9.999012947082519531e-01,-9.999979138374328613e-01,-9.999976158142089844e-01,9.999694228172302246e-01,9.999945759773254395e-01,9.999967217445373535e-01,9.999678730964660645e-01,9.999978542327880859e-01,-9.999966025352478027e-01,-9.999975562095642090e-01,9.999493360519409180e-01,-9.999905228614807129e-01,-9.999942183494567871e-01,-9.999970793724060059e-01,9.999920129776000977e-01,9.999954700469970703e-01,-9.999935030937194824e-01,-9.999880790710449219e-01,9.999976754188537598e-01,9.999971389770507812e-01,9.999856352806091309e-01,-9.999974370002746582e-01,9.999967217445373535e-01,-9.999943971633911133e-01,9.998722672462463379e-01,9.999969601631164551e-01,9.999926090240478516e-01,9.999946951866149902e-01,9.999901652336120605e-01,9.999940991401672363e-01,9.999971985816955566e-01,-9.999968409538269043e-01,-9.999970793724060059e-01,-9.999938011169433594e-01,-9.999966621398925781e-01,-9.999782443046569824e-01,-9.999909400939941406e-01,-9.999948740005493164e-01,-9.999955892562866211e-01,9.999573826789855957e-01,9.999946355819702148e-01,9.999948740005493164e-01,-9.999887943267822266e-01,9.999975562095642090e-01,9.999962449073791504e-01,9.999901056289672852e-01,-9.999893903732299805e-01,-9.999973773956298828e-01,-9.999975562095642090e-01,-9.999850988388061523e-01,-9.999959468841552734e-01,9.999974370002746582e-01,-9.999969601631164551e-01,9.999948143959045410e-01,9.999926090240478516e-01,-9.999731183052062988e-01,9.997664093971252441e-01,-9.999955296516418457e-01,9.999672174453735352e-01,9.999960660934448242e-01,-9.999780058860778809e-01,-9.999946951866149902e-01,9.996949434280395508e-01,9.999951720237731934e-01,-9.999972581863403320e-01,9.995737671852111816e-01,-9.999965429306030273e-01,-9.999647736549377441e-01,9.999861717224121094e-01,9.999970793724060059e-01,-9.999644160270690918e-01,9.999958276748657227e-01,-9.999964833259582520e-01,9.999964833259582520e-01,-9.999372959136962891e-01,-9.999963641166687012e-01,9.999967813491821289e-01,-9.999947547912597656e-01,-9.998179078102111816e-01,9.999976158142089844e-01,-9.999972581863403320e-01,9.999830126762390137e-01,-9.999948143959045410e-01,9.999970793724060059e-01,-9.999738931655883789e-01,-9.999544620513916016e-01,9.999966621398925781e-01,9.999890327453613281e-01,9.999708533287048340e-01,-9.999943971633911133e-01,-9.999882578849792480e-01,9.999966621398925781e-01,-9.999945163726806641e-01,9.999969005584716797e-01,-9.999957084655761719e-01,-9.999829530715942383e-01,9.999977946281433105e-01,-9.999966025352478027e-01,9.999964833259582520e-01,-9.999971985816955566e-01,-9.999737143516540527e-01,-9.999954700469970703e-01,-9.999974966049194336e-01,9.999911785125732422e-01,9.999970793724060059e-01,-9.999946951866149902e-01,9.999547004699707031e-01,-9.999895691871643066e-01,-9.998982548713684082e-01,-9.999954104423522949e-01
-9.999952316284179688e-01,9.999950528144836426e-01,9.999630451202392578e-01,-9.999953508377075195e-01,-9.999969601631164551e-01,9.999960064888000488e-01,-9.999542832374572754e-01,-9.999972581863403320e-01,9.999916553497314453e-01,-9.999902844429016113e-01,9.999879002571105957e-01,9.999969601631164551e-01,-9.999951720237731934e-01,-9.999936819076538086e-01,-9.998534917831420898e-01,-9.999944567680358887e-01,-9.999941587448120117e-01,9.999951124191284180e-01,-9.998783469200134277e-01,9.999974966049194336e-01,9.999970197677612305e-01,-9.999622702598571777e-01,-9.999933242797851562e-01,-9.999960064888000488e-01,-9.999604225158691406e-01,-9.999974370002746582e-01,9.999958276748657227e-01,9.999970793724060059e-01,-9.999375343322753906e-01,9.999884366989135742e-01,9.999928474426269531e-01,9.999964237213134766e-01,-9.999904036521911621e-01,-9.999945163726806641e-01,9.999920129776000977e-01,9.999853968620300293e-01,-9.999971985816955566e-01,-9.999964833259582520e-01,-9.999823570251464844e-01,9.999967813491821289e-01,-9.999959468841552734e-01,9.999932050704956055e-01,-9.998425245285034180e-01,-9.999962449073791504e-01,-9.999909400939941406e-01,-9.999935626983642578e-01,-9.999880194664001465e-01,-9.999928474426269531e-01,-9.999966621398925781e-01,9.999961256980895996e-01,9.999965429306030273e-01,9.999924302101135254e-01,9.999960064888000488e-01,9.999732971191406250e-01,9.999887943267822266e-01,9.999937415122985840e-01,9.999946355819702148e-01,-9.999474287033081055e-01,-9.999935030937194824e-01,-9.999938011169433594e-01,9.999861717224121094e-01,-9.999970197677612305e-01,-9.999954700469970703e-01,-9.999878406524658203e-01,9.999869465827941895e-01,9.999968409538269043e-01,9.999970793724060059e-01,9.999817013740539551e-01,9.999950528144836426e-01,-9.999970197677612305e-01,9.999962449073791504e-01,-9.999936819076538086e-01,-9.999908208847045898e-01,9.999668002128601074e-01,-9.997118711471557617e-01,9.999946355819702148e-01,-9.999595880508422852e-01,-9.999953508377075195e-01,9.999728798866271973e-01,9.999934434890747070e-01,-9.996237158775329590e-01,-9.999940395355224609e-01,9.999967813491821289e-01,-9.994744062423706055e-01,9.999958276748657227e-01,9.999564886093139648e-01,-9.999830722808837891e-01,-9.999965429306030273e-01,9.999561905860900879e-01,-9.999948143959045410e-01,9.999957084655761719e-01,-9.999957084655761719e-01,9.999226331710815430e-01,9.999956488609313965e-01,-9.999961256980895996e-01,9.999935030937194824e-01,9.997753500938415527e-01,-9.999971389770507812e-01,9.999966621398925781e-01,-9.999791383743286133e-01,9.999935626983642578e-01,-9.999963641166687012e-01,9.999678134918212891e-01,9.999437928199768066e-01,-9.999959468841552734e-01,-9.999864697456359863e-01,-9.999640583992004395e-01,9.999930858612060547e-01,9.999854564666748047e-01,-9.999960064888000488e-01,9.999933242797851562e-01,-9.999961256980895996e-01,9.999946951866149902e-01,9.999789595603942871e-01,-9.999973773956298828e-01,9.999959468841552734e-01,-9.999958872795104980e-01,9.999966025352478027e-01,9.999676346778869629e-01,9.999943971633911133e-01,9.999969601631164551e-01,-9.999890923500061035e-01,-9.999963641166687012e-01,9.999935626983642578e-01,-9.999442100524902344e-01,9.999872446060180664e-01,9.998745918273925781e-01,9.999945163726806641e-01
-9.999987483024597168e-01,9.999987483024597168e-01,9.999907016754150391e-01,-9.999986886978149414e-01,-9.999991655349731445e-01,9.999989867210388184e-01,-9.999886155128479004e-01,-9.999992847442626953e-01,9.999978542327880859e-01,-9.999975562095642090e-01,9.999969601631164551e-01,9.999992251396179199e-01,-9.999986290931701660e-01,-9.999983906745910645e-01,-9.999636411666870117e-01,-9.999986290931701660e-01,-9.999984502792358398e-01,9.999986886978149414e-01,-9.999697804450988770e-01,9.999993443489074707e-01,9.999992251396179199e-01,-9.999906420707702637e-01,-9.999982714653015137e-01,-9.999990463256835938e-01,-9.999901652336120605e-01,-9.999992847442626953e-01,9.999988675117492676e-01,9.999992251396179199e-01,-9.999845027923583984e-01,9.999970793724060059e-01,9.999980926513671875e-01,9.999990463256835938e-01,-9.999974966049194336e-01,-9.999984502792358398e-01,9.999980330467224121e-01,9.999963045120239258e-01,-9.999992847442626953e-01,-9.999991655349731445e-01,-9.999955296516418457e-01,9.999992251396179199e-01,-9.999989867210388184e-01,9.999982118606567383e-01,-9.999608993530273438e-01,-9.999991059303283691e-01,-9.999976158142089844e-01,-9.999983906745910645e-01,-9.999969005584716797e-01,-9.999981522560119629e-01,-9.999992251396179199e-01,9.999991059303283691e-01,9.999991059303283691e-01,9.999979734420776367e-01,9.999989271163940430e-01,9.999932646751403809e-01,9.999971985816955566e-01,9.999983310699462891e-01,9.999986290931701660e-01,-9.999869465827941895e-01,-9.999982714653015137e-01,-9.999983310699462891e-01,9.999964237213134766e-01,-9.999992251396179199e-01,-9.999987483024597168e-01,-9.999969005584716797e-01,9.999967217445373535e-01,9.999991655349731445e-01,9.999993443489074707e-01,9.999954700469970703e-01,9.999986886978149414e-01,-9.999992251396179199e-01,9.999990463256835938e-01,-9.999983906745910645e-01,-9.999976754188537598e-01,9.999917149543762207e-01,-9.999284744262695312e-01,9.999985694885253906e-01,-9.999899864196777344e-01,-9.999987483024597168e-01,9.999932646751403809e-01,9.999982714653015137e-01,-9.999065995216369629e-01,-9.999984502792358398e-01,9.999991059303283691e-01,-9.998694658279418945e-01,9.999988675117492676e-01,9.999891519546508789e-01,-9.999957680702209473e-01,-9.999991655349731445e-01,9.999891519546508789e-01,-9.999986290931701660e-01,9.999988675117492676e-01,-9.999988079071044922e-01,9.999807476997375488e-01,9.999988079071044922e-01,-9.999989867210388184e-01,9.999982714653015137e-01,9.999442100524902344e-01,-9.999992251396179199e-01,9.999991059303283691e-01,-9.999947547912597656e-01,9.999983906745910645e-01,-9.999990463256835938e-01,9.999919533729553223e-01,9.999860525131225586e-01,-9.999989271163940430e-01,-9.999966025352478027e-01,-9.999910593032836914e-01,9.999981522560119629e-01,9.999963641166687012e-01,-9.999989271163940430e-01,9.999982714653015137e-01,-9.999991059303283691e-01,9.999986290931701660e-01,9.999947547912597656e-01,-9.999992251396179199e-01,9.999989271163940430e-01,-9.999988675117492676e-01,9.999989867210388184e-01,9.999918937683105469e-01,9.999985098838806152e-01,9.999992847442626953e-01,-9.999972581863403320e-01,-9.999990463256835938e-01,9.999983310699462891e-01,-9.999861121177673340e-01,9.999967813491821289e-01,9.999687671661376953e-01,9.999985098838806152e-01
