9.999983310699462891e-01,-9.999986290931701660e-01,-9.999940991401672363e-01,9.999978542327880859e-01,9.999988079071044922e-01,-9.999988675117492676e-01,9.999957084655761719e-01,9.999991059303283691e-01,-9.999968409538269043e-01,9.999982714653015137e-01,-9.999987483024597168e-01,-9.999989867210388184e-01,9.999979138374328613e-01,9.999984502792358398e-01,9.999934434890747070e-01,9.999957680702209473e-01,9.999973177909851074e-01,-9.999982118606567383e-01,9.999928474426269531e-01,-9.999991059303283691e-01,-9.999989271163940430e-01,9.999933838844299316e-01,9.999985694885253906e-01,9.999981522560119629e-01,9.999886155128479004e-01,9.999989271163940430e-01,-9.999982118606567383e-01,-9.999988675117492676e-01,9.999901056289672852e-01,-9.999961853027343750e-01,-9.999919533729553223e-01,-9.999983906745910645e-01,9.999872446060180664e-01,9.999958872795104980e-01,-9.999979138374328613e-01,9.999622106552124023e-01,9.999990463256835938e-01,9.999986290931701660e-01,9.999899268150329590e-01,-9.999989271163940430e-01,9.999987483024597168e-01,-9.999625086784362793e-01,9.999823570251464844e-01,9.999989271163940430e-01,9.999983310699462891e-01,9.999980926513671875e-01,-9.999935030937194824e-01,9.999986290931701660e-01,9.999987483024597168e-01,-9.999985098838806152e-01,-9.999987483024597168e-01,-9.999985098838806152e-01,-9.999988675117492676e-01,-9.999930858612060547e-01,-9.999983906745910645e-01,-9.999980330467224121e-01,-9.999929666519165039e-01,9.999845027923583984e-01,9.999964237213134766e-01,9.999982714653015137e-01,-9.999984502792358398e-01,9.999989867210388184e-01,9.999983906745910645e-01,9.999953508377075195e-01,-9.999948740005493164e-01,-9.999989271163940430e-01,-9.999992251396179199e-01,-9.999960660934448242e-01,-9.999989867210388184e-01,9.999984502792358398e-01,-9.999987483024597168e-01,9.999974966049194336e-01,9.999593496322631836e-01,-9.999936223030090332e-01,-9.999811649322509766e-01,-9.999983310699462891e-01,9.999920725822448730e-01,9.999987483024597168e-01,-9.999946951866149902e-01,-9.999958872795104980e-01,9.999845027923583984e-01,9.999976754188537598e-01,-9.999988675117492676e-01,9.999980926513671875e-01,-9.999982714653015137e-01,-9.999884963035583496e-01,9.999731183052062988e-01,9.999989271163940430e-01,9.999895691871643066e-01,-9.995056390762329102e-01,-9.999956488609313965e-01,9.999983310699462891e-01,-9.999845027923583984e-01,-9.999974370002746582e-01,9.999979734420776367e-01,-9.999978542327880859e-01,-9.999895095825195312e-01,9.999991655349731445e-01,-9.999987483024597168e-01,9.999966621398925781e-01,-9.999966621398925781e-01,9.999989271163940430e-01,-9.992566108703613281e-01,9.999266862869262695e-01,9.999987483024597168e-01,9.999971389770507812e-01,-9.999814033508300781e-01,-9.999983310699462891e-01,-9.999937415122985840e-01,9.999985098838806152e-01,-9.999986290931701660e-01,9.999979734420776367e-01,-9.999983310699462891e-01,-9.999451041221618652e-01,9.999990463256835938e-01,-9.999975562095642090e-01,9.999990463256835938e-01,-9.999980926513671875e-01,-9.999952912330627441e-01,-9.999974966049194336e-01,-9.999986886978149414e-01,9.999966621398925781e-01,9.999982118606567383e-01,-9.999974370002746582e-01,-9.999903440475463867e-01,-9.999952316284179688e-01,9.999887943267822266e-01,-9.999943375587463379e-01
-9.999986290931701660e-01,9.999988675117492676e-01,9.999951124191284180e-01,-9.999981522560119629e-01,-9.999991655349731445e-01,9.999990463256835938e-01,-9.999963045120239258e-01,-9.999991655349731445e-01,9.999973177909851074e-01,-9.999985694885253906e-01,9.999989867210388184e-01,9.999991655349731445e-01,-9.999982714653015137e-01,-9.999987483024597168e-01,-9.999945759773254395e-01,-9.999963641166687012e-01,-9.999977946281433105e-01,9.999985098838806152e-01,-9.999940991401672363e-01,9.999991655349731445e-01,9.999991655349731445e-01,-9.999944567680358887e-01,-9.999988079071044922e-01,-9.999983906745910645e-01,-9.999905824661254883e-01,-9.999991059303283691e-01,9.999985098838806152e-01,9.999991059303283691e-01,-9.999917745590209961e-01,9.999968409538269043e-01,9.999932646751403809e-01,9.999985694885253906e-01,-9.999893903732299805e-01,-9.999964833259582520e-01,9.999982714653015137e-01,-9.999688267707824707e-01,-9.999992251396179199e-01,-9.999988079071044922e-01,-9.999915361404418945e-01,9.999991059303283691e-01,-9.999988675117492676e-01,9.999690651893615723e-01,-9.999853372573852539e-01,-9.999991655349731445e-01,-9.999985694885253906e-01,-9.999984502792358398e-01,9.999946355819702148e-01,-9.999988079071044922e-01,-9.999989867210388184e-01,9.999988079071044922e-01,9.999990463256835938e-01,9.999986886978149414e-01,9.999991059303283691e-01,9.999942183494567871e-01,9.999986290931701660e-01,9.999984502792358398e-01,9.999942183494567871e-01,-9.999871850013732910e-01,-9.999970197677612305e-01,-9.999985694885253906e-01,9.999986886978149414e-01,-9.999990463256835938e-01,-9.999986886978149414e-01,-9.999961853027343750e-01,9.999957680702209473e-01,9.999991059303283691e-01,9.999992251396179199e-01,9.999966621398925781e-01,9.999991059303283691e-01,-9.999987483024597168e-01,9.999990463256835938e-01,-9.999979138374328613e-01,-9.999664425849914551e-01,9.999947547912597656e-01,9.999844431877136230e-01,9.999985694885253906e-01,-9.999934434890747070e-01,-9.999988675117492676e-01,9.999954700469970703e-01,9.999966025352478027e-01,-9.999871253967285156e-01,-9.999980926513671875e-01,9.999992251396179199e-01,-9.999983310699462891e-01,9.999985694885253906e-01,9.999904632568359375e-01,-9.999777674674987793e-01,-9.999991655349731445e-01,-9.999913573265075684e-01,9.995914697647094727e-01,9.999963045120239258e-01,-9.999986290931701660e-01,9.999871850013732910e-01,9.999978542327880859e-01,-9.999983906745910645e-01,9.999981522560119629e-01,9.999912977218627930e-01,-9.999992251396179199e-01,9.999989271163940430e-01,-9.999972581863403320e-01,9.999972581863403320e-01,-9.999991059303283691e-01,9.993855357170104980e-01,-9.999394416809082031e-01,-9.999988675117492676e-01,-9.999975562095642090e-01,9.999846220016479492e-01,9.999986886978149414e-01,9.999948143959045410e-01,-9.999987483024597168e-01,9.999988079071044922e-01,-9.999983310699462891e-01,9.999986290931701660e-01,9.999546408653259277e-01,-9.999992251396179199e-01,9.999979734420776367e-01,-9.999992251396179199e-01,9.999984502792358398e-01,9.999959468841552734e-01,9.999979138374328613e-01,9.999989271163940430e-01,-9.999971389770507812e-01,-9.999984502792358398e-01,9.999977946281433105e-01,9.999920725822448730e-01,9.999960064888000488e-01,-9.999907016754150391e-01,9.999952316284179688e-01
-9.999940991401672363e-01,9.999951124191284180e-01,9.999786019325256348e-01,-9.999920725822448730e-01,-9.999960064888000488e-01,9.999957084655761719e-01,-9.999842047691345215e-01,-9.999963641166687012e-01,9.999884366989135742e-01,-9.999938607215881348e-01,9.999956488609313965e-01,9.999960064888000488e-01,-9.999929070472717285e-01,-9.999945163726806641e-01,-9.999762773513793945e-01,-9.999847412109375000e-01,-9.999904632568359375e-01,9.999935030937194824e-01,-9.999741315841674805e-01,9.999966025352478027e-01,9.999961853027343750e-01,-9.999756813049316406e-01,-9.999949336051940918e-01,-9.999929070472717285e-01,-9.999585151672363281e-01,-9.999960660934448242e-01,9.999936223030090332e-01,9.999959468841552734e-01,-9.999640583992004395e-01,9.999863505363464355e-01,9.999705553054809570e-01,9.999938607215881348e-01,-9.999532103538513184e-01,-9.999847412109375000e-01,9.999926686286926270e-01,-9.998628497123718262e-01,-9.999964237213134766e-01,-9.999949336051940918e-01,-9.999633431434631348e-01,9.999959468841552734e-01,-9.999951720237731934e-01,9.998640418052673340e-01,-9.999355673789978027e-01,-9.999960064888000488e-01,-9.999939203262329102e-01,-9.999935030937194824e-01,9.999759793281555176e-01,-9.999947547912597656e-01,-9.999955296516418457e-01,9.999945759773254395e-01,9.999956488609313965e-01,9.999943971633911133e-01,9.999958872795104980e-01,9.999749660491943359e-01,9.999942779541015625e-01,9.999932646751403809e-01,9.999745488166809082e-01,-9.999436140060424805e-01,-9.999867081642150879e-01,-9.999938011169433594e-01,9.999944567680358887e-01,-9.999961256980895996e-01,-9.999942779541015625e-01,-9.999834299087524414e-01,9.999814629554748535e-01,9.999958872795104980e-01,9.999965429306030273e-01,9.999856352806091309e-01,9.999962449073791504e-01,-9.999945163726806641e-01,9.999955892562866211e-01,-9.999911189079284668e-01,-9.998525977134704590e-01,9.999769926071166992e-01,9.999315738677978516e-01,9.999940991401672363e-01,-9.999712705612182617e-01,-9.999954700469970703e-01,9.999804496765136719e-01,9.999850392341613770e-01,-9.999436736106872559e-01,-9.999916553497314453e-01,9.999958872795104980e-01,-9.999932050704956055e-01,9.999938607215881348e-01,9.999580383300781250e-01,-9.999017715454101562e-01,-9.999961256980895996e-01,-9.999617934226989746e-01,9.982079267501831055e-01,9.999842047691345215e-01,-9.999940991401672363e-01,9.999435544013977051e-01,9.999911785125732422e-01,-9.999927282333374023e-01,9.999920725822448730e-01,9.999616742134094238e-01,-9.999963641166687012e-01,9.999957084655761719e-01,-9.999880790710449219e-01,9.999881386756896973e-01,-9.999959468841552734e-01,9.973068237304687500e-01,-9.997340440750122070e-01,-9.999951720237731934e-01,-9.999895095825195312e-01,9.999324679374694824e-01,9.999942779541015625e-01,9.999773502349853516e-01,-9.999946355819702148e-01,9.999948143959045410e-01,-9.999927878379821777e-01,9.999939799308776855e-01,9.998007416725158691e-01,-9.999964237213134766e-01,9.999909996986389160e-01,-9.999963641166687012e-01,9.999932646751403809e-01,9.999826550483703613e-01,9.999909996986389160e-01,9.999952912330627441e-01,-9.999877810478210449e-01,-9.999932646751403809e-01,9.999908208847045898e-01,9.999650716781616211e-01,9.999827146530151367e-01,-9.999592900276184082e-01,9.999793767929077148e-01
9.999978542327880859e-01,-9.999981522560119629e-01,-9.999920725822448730e-01,9.999971389770507812e-01,9.999985098838806152e-01,-9.999984502792358398e-01,9.999942183494567871e-01,9.999986886978149414e-01,-9.999957680702209473e-01,9.999977946281433105e-01,-9.999984502792358398e-01,-9.999986290931701660e-01,9.999974370002746582e-01,9.999979734420776367e-01,9.999912381172180176e-01,9.999943375587463379e-01,9.999964237213134766e-01,-9.999976158142089844e-01,9.999905228614807129e-01,-9.999987483024597168e-01,-9.999985694885253906e-01,9.999911189079284668e-01,9.999980926513671875e-01,9.999974370002746582e-01,9.999847412109375000e-01,9.999985694885253906e-01,-9.999976754188537598e-01,-9.999985098838806152e-01,9.999866485595703125e-01,-9.999950528144836426e-01,-9.999891519546508789e-01,-9.999977350234985352e-01,9.999827742576599121e-01,9.999944567680358887e-01,-9.999973177909851074e-01,9.999493956565856934e-01,9.999987483024597168e-01,9.999982118606567383e-01,9.999864101409912109e-01,-9.999985694885253906e-01,9.999982118606567383e-01,-9.999498724937438965e-01,9.999762773513793945e-01,9.999985098838806152e-01,9.999977350234985352e-01,9.999976158142089844e-01,-9.999912977218627930e-01,9.999980330467224121e-01,9.999983310699462891e-01,-9.999980926513671875e-01,-9.999984502792358398e-01,-9.999979138374328613e-01,-9.999985694885253906e-01,-9.999908208847045898e-01,-9.999978542327880859e-01,-9.999974966049194336e-01,-9.999905824661254883e-01,9.999793171882629395e-01,9.999951720237731934e-01,9.999977350234985352e-01,-9.999979734420776367e-01,9.999985694885253906e-01,9.999979138374328613e-01,9.999939203262329102e-01,-9.999931454658508301e-01,-9.999985098838806152e-01,-9.999988079071044922e-01,-9.999946951866149902e-01,-9.999986290931701660e-01,9.999980330467224121e-01,-9.999983310699462891e-01,9.999966621398925781e-01,9.999455809593200684e-01,-9.999915361404418945e-01,-9.999749064445495605e-01,-9.999977946281433105e-01,9.999895095825195312e-01,9.999982714653015137e-01,-9.999927878379821777e-01,-9.999945163726806641e-01,9.999793171882629395e-01,9.999969601631164551e-01,-9.999985098838806152e-01,9.999974370002746582e-01,-9.999977946281433105e-01,-9.999845623970031738e-01,9.999638199806213379e-01,9.999985694885253906e-01,9.999859929084777832e-01,-9.993383288383483887e-01,-9.999942183494567871e-01,9.999978542327880859e-01,-9.999791979789733887e-01,-9.999966025352478027e-01,9.999972581863403320e-01,-9.999970197677612305e-01,-9.999859929084777832e-01,9.999986290931701660e-01,-9.999983906745910645e-01,9.999956488609313965e-01,-9.999955892562866211e-01,9.999985694885253906e-01,-9.990049004554748535e-01,9.999018311500549316e-01,9.999982714653015137e-01,9.999960660934448242e-01,-9.999750852584838867e-01,-9.999978542327880859e-01,-9.999917149543762207e-01,9.999980926513671875e-01,-9.999980330467224121e-01,9.999973177909851074e-01,-9.999977350234985352e-01,-9.999264478683471680e-01,9.999986886978149414e-01,-9.999967217445373535e-01,9.999986886978149414e-01,-9.999974966049194336e-01,-9.999936819076538086e-01,-9.999967217445373535e-01,-9.999983310699462891e-01,9.999955296516418457e-01,9.999975562095642090e-01,-9.999966621398925781e-01,-9.999871850013732910e-01,-9.999936819076538086e-01,9.999850988388061523e-01,-9.999923706054687500e-01
9.999988079071044922e-01,-9.999991655349731445e-01,-9.999960064888000488e-01,9.999985098838806152e-01,9.999992251396179199e-01,-9.999991059303283691e-01,9.999970197677612305e-01,9.999992847442626953e-01,-9.999978542327880859e-01,9.999988675117492676e-01,-9.999992251396179199e-01,-9.999992847442626953e-01,9.999985694885253906e-01,9.999989867210388184e-01,9.999955892562866211e-01,9.999970793724060059e-01,9.999982118606567383e-01,-9.999986886978149414e-01,9.999951720237731934e-01,-9.999993443489074707e-01,-9.999992847442626953e-01,9.999954700469970703e-01,9.999989867210388184e-01,9.999985694885253906e-01,9.999923706054687500e-01,9.999991655349731445e-01,-9.999987483024597168e-01,-9.999992847442626953e-01,9.999932050704956055e-01,-9.999974370002746582e-01,-9.999945163726806641e-01,-9.999988675117492676e-01,9.999912977218627930e-01,9.999971389770507812e-01,-9.999985694885253906e-01,9.999746680259704590e-01,9.999992847442626953e-01,9.999991059303283691e-01,9.999931454658508301e-01,-9.999992847442626953e-01,9.999991655349731445e-01,-9.999748468399047852e-01,9.999881386756896973e-01,9.999992251396179199e-01,9.999988675117492676e-01,9.999987483024597168e-01,-9.999955892562866211e-01,9.999989867210388184e-01,9.999991059303283691e-01,-9.999990463256835938e-01,-9.999991059303283691e-01,-9.999989271163940430e-01,-9.999991655349731445e-01,-9.999954104423522949e-01,-9.999988079071044922e-01,-9.999986886978149414e-01,-9.999952316284179688e-01,9.999896287918090820e-01,9.999974966049194336e-01,9.999988675117492676e-01,-9.999988675117492676e-01,9.999993443489074707e-01,9.999988675117492676e-01,9.999968409538269043e-01,-9.999964237213134766e-01,-9.999992847442626953e-01,-9.999994039535522461e-01,-9.999973177909851074e-01,-9.999992847442626953e-01,9.999989867210388184e-01,-9.999991059303283691e-01,9.999982714653015137e-01,9.999728798866271973e-01,-9.999957680702209473e-01,-9.999874234199523926e-01,-9.999988079071044922e-01,9.999946355819702148e-01,9.999991059303283691e-01,-9.999962449073791504e-01,-9.999971985816955566e-01,9.999896287918090820e-01,9.999983310699462891e-01,-9.999992847442626953e-01,9.999986290931701660e-01,-9.999988079071044922e-01,-9.999923110008239746e-01,9.999819397926330566e-01,9.999992251396179199e-01,9.999929666519165039e-01,-9.996691942214965820e-01,-9.999970197677612305e-01,9.999989271163940430e-01,-9.999895095825195312e-01,-9.999982714653015137e-01,9.999985694885253906e-01,-9.999985098838806152e-01,-9.999928474426269531e-01,9.999993443489074707e-01,-9.999991655349731445e-01,9.999977946281433105e-01,-9.999977350234985352e-01,9.999992847442626953e-01,-9.995025396347045898e-01,9.999508857727050781e-01,9.999990463256835938e-01,9.999980330467224121e-01,-9.999875426292419434e-01,-9.999988079071044922e-01,-9.999957680702209473e-01,9.999989271163940430e-01,-9.999990463256835938e-01,9.999986290931701660e-01,-9.999988079071044922e-01,-9.999631643295288086e-01,9.999992847442626953e-01,-9.999982118606567383e-01,9.999993443489074707e-01,-9.999987483024597168e-01,-9.999967217445373535e-01,-9.999983310699462891e-01,-9.999990463256835938e-01,9.999976158142089844e-01,9.999987483024597168e-01,-9.999982118606567383e-01,-9.999935626983642578e-01,-9.999967813491821289e-01,9.999924898147583008e-01,-9.999961256980895996e-01
-9.999988675117492676e-01,9.999990463256835938e-01,9.999957084655761719e-01,-9.999984502792358398e-01,-9.999991059303283691e-01,9.999992847442626953e-01,-9.999968409538269043e-01,-9.999992251396179199e-01,9.999976754188537598e-01,-9.999988079071044922e-01,9.999991655349731445e-01,9.999992251396179199e-01,-9.999985694885253906e-01,-9.999989271163940430e-01,-9.999952316284179688e-01,-9.999967813491821289e-01,-9.999980330467224121e-01,9.999986886978149414e-01,-9.999947547912597656e-01,9.999993443489074707e-01,9.999992847442626953e-01,-9.999950528144836426e-01,-9.999989271163940430e-01,-9.999985098838806152e-01,-9.999915957450866699e-01,-9.999992847442626953e-01,9.999986886978149414e-01,9.999992251396179199e-01,-9.999927282333374023e-01,9.999971985816955566e-01,9.999940991401672363e-01,9.999988079071044922e-01,-9.999905228614807129e-01,-9.999968409538269043e-01,9.999985098838806152e-01,-9.999721646308898926e-01,-9.999994039535522461e-01,-9.999989867210388184e-01,-9.999924898147583008e-01,9.999992251396179199e-01,-9.999991655349731445e-01,9.999724626541137695e-01,-9.999869465827941895e-01,-9.999992251396179199e-01,-9.999988079071044922e-01,-9.999985694885253906e-01,9.999951720237731934e-01,-9.999989867210388184e-01,-9.999991655349731445e-01,9.999989271163940430e-01,9.999991655349731445e-01,9.999988675117492676e-01,9.999992251396179199e-01,9.999949336051940918e-01,9.999988079071044922e-01,9.999986290931701660e-01,9.999948143959045410e-01,-9.999886155128479004e-01,-9.999973177909851074e-01,-9.999987483024597168e-01,9.999989271163940430e-01,-9.999992847442626953e-01,-9.999988079071044922e-01,-9.999966025352478027e-01,9.999960660934448242e-01,9.999992847442626953e-01,9.999993443489074707e-01,9.999970793724060059e-01,9.999992847442626953e-01,-9.999989271163940430e-01,9.999991655349731445e-01,-9.999981522560119629e-01,-9.999700784683227539e-01,9.999952912330627441e-01,9.999861121177673340e-01,9.999988079071044922e-01,-9.999941587448120117e-01,-9.999991059303283691e-01,9.999960660934448242e-01,9.999969601631164551e-01,-9.999885559082031250e-01,-9.999983906745910645e-01,9.999992847442626953e-01,-9.999985694885253906e-01,9.999987483024597168e-01,9.999914765357971191e-01,-9.999801516532897949e-01,-9.999992847442626953e-01,-9.999922513961791992e-01,9.996350407600402832e-01,9.999967813491821289e-01,-9.999988079071044922e-01,9.999885559082031250e-01,9.999981522560119629e-01,-9.999985098838806152e-01,9.999983310699462891e-01,9.999921917915344238e-01,-9.999994039535522461e-01,9.999991655349731445e-01,-9.999976158142089844e-01,9.999975562095642090e-01,-9.999992847442626953e-01,9.994511604309082031e-01,-9.999458789825439453e-01,-9.999990463256835938e-01,-9.999978542327880859e-01,9.999863505363464355e-01,9.999988079071044922e-01,9.999954700469970703e-01,-9.999988675117492676e-01,9.999989867210388184e-01,-9.999985098838806152e-01,9.999987483024597168e-01,9.999594688415527344e-01,-9.999992847442626953e-01,9.999981522560119629e-01,-9.999992847442626953e-01,9.999986290931701660e-01,9.999964237213134766e-01,9.999981522560119629e-01,9.999992251396179199e-01,-9.999975562095642090e-01,-9.999986290931701660e-01,9.999980926513671875e-01,9.999930262565612793e-01,9.999964237213134766e-01,-9.999917149543762207e-01,9.999958872795104980e-01
9.999957084655761719e-01,-9.999963045120239258e-01,-9.999842047691345215e-01,9.999942183494567871e-01,9.999970197677612305e-01,-9.999968409538269043e-01,9.999881982803344727e-01,9.999973773956298828e-01,-9.999914765357971191e-01,9.999954700469970703e-01,-9.999966621398925781e-01,-9.999970197677612305e-01,9.999947547912597656e-01,9.999960064888000488e-01,9.999824166297912598e-01,9.999886751174926758e-01,9.999930262565612793e-01,-9.999951720237731934e-01,9.999808073043823242e-01,-9.999974966049194336e-01,-9.999971985816955566e-01,9.999819993972778320e-01,9.999961853027343750e-01,9.999947547912597656e-01,9.999693036079406738e-01,9.999970793724060059e-01,-9.999952912330627441e-01,-9.999969601631164551e-01,9.999732971191406250e-01,-9.999899268150329590e-01,-9.999781847000122070e-01,-9.999954104423522949e-01,9.999653100967407227e-01,9.999886751174926758e-01,-9.999946355819702148e-01,9.998983144760131836e-01,9.999972581863403320e-01,9.999961256980895996e-01,9.999729394912719727e-01,-9.999969005584716797e-01,9.999963641166687012e-01,-9.998990893363952637e-01,9.999522566795349121e-01,9.999969601631164551e-01,9.999955892562866211e-01,9.999952316284179688e-01,-9.999822378158569336e-01,9.999960660934448242e-01,9.999966621398925781e-01,-9.999960064888000488e-01,-9.999967217445373535e-01,-9.999958276748657227e-01,-9.999969005584716797e-01,-9.999815225601196289e-01,-9.999957680702209473e-01,-9.999950528144836426e-01,-9.999811053276062012e-01,9.999582171440124512e-01,9.999902248382568359e-01,9.999954700469970703e-01,-9.999958276748657227e-01,9.999971389770507812e-01,9.999957680702209473e-01,9.999877214431762695e-01,-9.999862313270568848e-01,-9.999968409538269043e-01,-9.999974370002746582e-01,-9.999892711639404297e-01,-9.999971985816955566e-01,9.999960064888000488e-01,-9.999967813491821289e-01,9.999934434890747070e-01,9.998906850814819336e-01,-9.999829530715942383e-01,-9.999492764472961426e-01,-9.999956488609313965e-01,9.999787211418151855e-01,9.999966025352478027e-01,-9.999855160713195801e-01,-9.999888539314270020e-01,9.999582171440124512e-01,9.999938011169433594e-01,-9.999968409538269043e-01,9.999949932098388672e-01,-9.999954700469970703e-01,-9.999688863754272461e-01,9.999272227287292480e-01,9.999971389770507812e-01,9.999717473983764648e-01,-9.986709952354431152e-01,-9.999882578849792480e-01,9.999956488609313965e-01,-9.999580979347229004e-01,-9.999934434890747070e-01,9.999946951866149902e-01,-9.999940991401672363e-01,-9.999716281890869141e-01,9.999973177909851074e-01,-9.999967813491821289e-01,9.999912381172180176e-01,-9.999911785125732422e-01,9.999969005584716797e-01,-9.980022311210632324e-01,9.998028874397277832e-01,9.999963641166687012e-01,9.999922513961791992e-01,-9.999498724937438965e-01,-9.999957680702209473e-01,-9.999832510948181152e-01,9.999960064888000488e-01,-9.999960064888000488e-01,9.999946951866149902e-01,-9.999955296516418457e-01,-9.998522996902465820e-01,9.999973177909851074e-01,-9.999932646751403809e-01,9.999973177909851074e-01,-9.999949932098388672e-01,-9.999871850013732910e-01,-9.999933838844299316e-01,-9.999964237213134766e-01,9.999909400939941406e-01,9.999949932098388672e-01,-9.999932050704956055e-01,-9.999741911888122559e-01,-9.999871253967285156e-01,9.999698996543884277e-01,-9.999846816062927246e-01
9.999991059303283691e-01,-9.999991655349731445e-01,-9.999963641166687012e-01,9.999986886978149414e-01,9.999992847442626953e-01,-9.999992251396179199e-01,9.999973773956298828e-01,9.999994039535522461e-01,-9.999980926513671875e-01,9.999989271163940430e-01,-9.999993443489074707e-01,-9.999994039535522461e-01,9.999987483024597168e-01,9.999991655349731445e-01,9.999960660934448242e-01,9.999973773956298828e-01,9.999983310699462891e-01,-9.999988675117492676e-01,9.999957680702209473e-01,-9.999994039535522461e-01,-9.999993443489074707e-01,9.999960064888000488e-01,9.999991059303283691e-01,9.999987483024597168e-01,9.999932646751403809e-01,9.999993443489074707e-01,-9.999988675117492676e-01,-9.999993443489074707e-01,9.999939799308776855e-01,-9.999977350234985352e-01,-9.999951124191284180e-01,-9.999989867210388184e-01,9.999923110008239746e-01,9.999974370002746582e-01,-9.999986886978149414e-01,9.999776482582092285e-01,9.999993443489074707e-01,9.999991059303283691e-01,9.999938607215881348e-01,-9.999993443489074707e-01,9.999991655349731445e-01,-9.999778866767883301e-01,9.999894499778747559e-01,9.999992847442626953e-01,9.999989271163940430e-01,9.999988079071044922e-01,-9.999960660934448242e-01,9.999991059303283691e-01,9.999992251396179199e-01,-9.999991655349731445e-01,-9.999993443489074707e-01,-9.999991059303283691e-01,-9.999992847442626953e-01,-9.999958872795104980e-01,-9.999989867210388184e-01,-9.999987483024597168e-01,-9.999957084655761719e-01,9.999907612800598145e-01,9.999977350234985352e-01,9.999989271163940430e-01,-9.999991059303283691e-01,9.999993443489074707e-01,9.999989867210388184e-01,9.999971985816955566e-01,-9.999968409538269043e-01,-9.999992847442626953e-01,-9.999994635581970215e-01,-9.999976158142089844e-01,-9.999993443489074707e-01,9.999991655349731445e-01,-9.999992251396179199e-01,9.999983906745910645e-01,9.999759793281555176e-01,-9.999961853027343750e-01,-9.999887943267822266e-01,-9.999989867210388184e-01,9.999952316284179688e-01,9.999992251396179199e-01,-9.999966621398925781e-01,-9.999974966049194336e-01,9.999908804893493652e-01,9.999986290931701660e-01,-9.999993443489074707e-01,9.999987483024597168e-01,-9.999989271163940430e-01,-9.999930858612060547e-01,9.999839663505554199e-01,9.999993443489074707e-01,9.999936819076538086e-01,-9.997079968452453613e-01,-9.999973773956298828e-01,9.999989867210388184e-01,-9.999907612800598145e-01,-9.999984502792358398e-01,9.999987483024597168e-01,-9.999986290931701660e-01,-9.999936819076538086e-01,9.999993443489074707e-01,-9.999992251396179199e-01,9.999980330467224121e-01,-9.999980330467224121e-01,9.999993443489074707e-01,-9.995610713958740234e-01,9.999566674232482910e-01,9.999992251396179199e-01,9.999982714653015137e-01,-9.999890327453613281e-01,-9.999989867210388184e-01,-9.999962449073791504e-01,9.999991655349731445e-01,-9.999991655349731445e-01,9.999987483024597168e-01,-9.999989271163940430e-01,-9.999675154685974121e-01,9.999994039535522461e-01,-9.999985098838806152e-01,9.999993443489074707e-01,-9.999988079071044922e-01,-9.999971389770507812e-01,-9.999984502792358398e-01,-9.999991655349731445e-01,9.999979138374328613e-01,9.999988079071044922e-01,-9.999983906745910645e-01,-9.999943375587463379e-01,-9.999971389770507812e-01,9.999933838844299316e-01,-9.999966025352478027e-01
-9.999968409538269043e-01,9.999973177909851074e-01,9.999884366989135742e-01,-9.999957680702209473e-01,-9.999978542327880859e-01,9.999976754188537598e-01,-9.999914765357971191e-01,-9.999980926513671875e-01,9.999938607215881348e-01,-9.999967217445373535e-01,9.999975562095642090e-01,9.999979138374328613e-01,-9.999962449073791504e-01,-9.999970793724060059e-01,-9.999871850013732910e-01,-9.999917745590209961e-01,-9.999949336051940918e-01,9.999965429306030273e-01,-9.999861121177673340e-01,9.999981522560119629e-01,9.999979734420776367e-01,-9.999868869781494141e-01,-9.999971985816955566e-01,-9.999962449073791504e-01,-9.999777078628540039e-01,-9.999979138374328613e-01,9.999964833259582520e-01,9.999978542327880859e-01,-9.999806284904479980e-01,9.999926090240478516e-01,9.999842047691345215e-01,9.999967217445373535e-01,-9.999748468399047852e-01,-9.999918341636657715e-01,9.999959468841552734e-01,-9.999259114265441895e-01,-9.999980330467224121e-01,-9.999971985816955566e-01,-9.999802708625793457e-01,9.999979138374328613e-01,-9.999974370002746582e-01,9.999265074729919434e-01,-9.999652504920959473e-01,-9.999978542327880859e-01,-9.999966621398925781e-01,-9.999964833259582520e-01,9.999871253967285156e-01,-9.999971389770507812e-01,-9.999975562095642090e-01,9.999971389770507812e-01,9.999976754188537598e-01,9.999969601631164551e-01,9.999977946281433105e-01,9.999864697456359863e-01,9.999969005584716797e-01,9.999963641166687012e-01,9.999862313270568848e-01,-9.999697208404541016e-01,-9.999928474426269531e-01,-9.999967217445373535e-01,9.999969005584716797e-01,-9.999979138374328613e-01,-9.999969005584716797e-01,-9.999910593032836914e-01,9.999900460243225098e-01,9.999978542327880859e-01,9.999980926513671875e-01,9.999921917915344238e-01,9.999979734420776367e-01,-9.999970197677612305e-01,9.999976754188537598e-01,-9.999952316284179688e-01,-9.999204277992248535e-01,9.999876618385314941e-01,9.999631047248840332e-01,9.999967813491821289e-01,-9.999846220016479492e-01,-9.999974966049194336e-01,9.999895095825195312e-01,9.999919533729553223e-01,-9.999696612358093262e-01,-9.999954700469970703e-01,9.999977350234985352e-01,-9.999963045120239258e-01,9.999967217445373535e-01,9.999775290489196777e-01,-9.999470710754394531e-01,-9.999979138374328613e-01,-9.999794363975524902e-01,9.990314245223999023e-01,9.999915361404418945e-01,-9.999968409538269043e-01,9.999696016311645508e-01,9.999952316284179688e-01,-9.999960064888000488e-01,9.999957680702209473e-01,9.999793171882629395e-01,-9.999980330467224121e-01,9.999976158142089844e-01,-9.999936223030090332e-01,9.999935626983642578e-01,-9.999977946281433105e-01,9.985437989234924316e-01,-9.998564124107360840e-01,-9.999973773956298828e-01,-9.999943971633911133e-01,9.999635815620422363e-01,9.999969005584716797e-01,9.999878406524658203e-01,-9.999970793724060059e-01,9.999971985816955566e-01,-9.999960660934448242e-01,9.999967217445373535e-01,9.998924732208251953e-01,-9.999980330467224121e-01,9.999951720237731934e-01,-9.999980926513671875e-01,9.999964237213134766e-01,9.999906420707702637e-01,9.999951720237731934e-01,9.999974370002746582e-01,-9.999933838844299316e-01,-9.999964237213134766e-01,9.999950528144836426e-01,9.999812245368957520e-01,9.999906420707702637e-01,-9.999780654907226562e-01,9.999889731407165527e-01
9.999982714653015137e-01,-9.999985694885253906e-01,-9.999938607215881348e-01,9.999977946281433105e-01,9.999988675117492676e-01,-9.999988079071044922e-01,9.999954700469970703e-01,9.999989271163940430e-01,-9.999967217445373535e-01,9.999982118606567383e-01,-9.999987483024597168e-01,-9.999989271163940430e-01,9.999979734420776367e-01,9.999985098838806152e-01,9.999932050704956055e-01,9.999956488609313965e-01,9.999972581863403320e-01,-9.999980926513671875e-01,9.999926090240478516e-01,-9.999991059303283691e-01,-9.999989271163940430e-01,9.999930262565612793e-01,9.999985098838806152e-01,9.999979138374328613e-01,9.999881386756896973e-01,9.999989271163940430e-01,-9.999981522560119629e-01,-9.999988079071044922e-01,9.999897480010986328e-01,-9.999961256980895996e-01,-9.999916553497314453e-01,-9.999982118606567383e-01,9.999867081642150879e-01,9.999957084655761719e-01,-9.999979138374328613e-01,9.999607205390930176e-01,9.999989867210388184e-01,9.999985098838806152e-01,9.999894499778747559e-01,-9.999988675117492676e-01,9.999986886978149414e-01,-9.999610185623168945e-01,9.999816417694091797e-01,9.999988675117492676e-01,9.999982118606567383e-01,9.999981522560119629e-01,-9.999932050704956055e-01,9.999985098838806152e-01,9.999986290931701660e-01,-9.999984502792358398e-01,-9.999988079071044922e-01,-9.999983310699462891e-01,-9.999988675117492676e-01,-9.999928474426269531e-01,-9.999983310699462891e-01,-9.999980926513671875e-01,-9.999927282333374023e-01,9.999839663505554199e-01,9.999962449073791504e-01,9.999982118606567383e-01,-9.999983906745910645e-01,9.999989867210388184e-01,9.999983310699462891e-01,9.999951720237731934e-01,-9.999946951866149902e-01,-9.999988675117492676e-01,-9.999990463256835938e-01,-9.999958872795104980e-01,-9.999989271163940430e-01,9.999985098838806152e-01,-9.999988079071044922e-01,9.999973773956298828e-01,9.999577999114990234e-01,-9.999933838844299316e-01,-9.999805092811584473e-01,-9.999982714653015137e-01,9.999917745590209961e-01,9.999986886978149414e-01,-9.999943971633911133e-01,-9.999957680702209473e-01,9.999839067459106445e-01,9.999976754188537598e-01,-9.999988675117492676e-01,9.999980330467224121e-01,-9.999982118606567383e-01,-9.999880194664001465e-01,9.999720454216003418e-01,9.999988675117492676e-01,9.999892115592956543e-01,-9.994864463806152344e-01,-9.999955296516418457e-01,9.999982714653015137e-01,-9.999838471412658691e-01,-9.999973773956298828e-01,9.999978542327880859e-01,-9.999976754188537598e-01,-9.999890327453613281e-01,9.999989867210388184e-01,-9.999987483024597168e-01,9.999965429306030273e-01,-9.999965429306030273e-01,9.999988675117492676e-01,-9.992276430130004883e-01,9.999238252639770508e-01,9.999986290931701660e-01,9.999969005584716797e-01,-9.999807476997375488e-01,-9.999983310699462891e-01,-9.999936223030090332e-01,9.999984502792358398e-01,-9.999984502792358398e-01,9.999979138374328613e-01,-9.999982714653015137e-01,-9.999428391456604004e-01,9.999990463256835938e-01,-9.999974370002746582e-01,9.999989867210388184e-01,-9.999980330467224121e-01,-9.999951124191284180e-01,-9.999974370002746582e-01,-9.999986886978149414e-01,9.999965429306030273e-01,9.999980330467224121e-01,-9.999974370002746582e-01,-9.999900460243225098e-01,-9.999950528144836426e-01,9.999883770942687988e-01,-9.999941587448120117e-01
-9.999987483024597168e-01,9.999989867210388184e-01,9.999956488609313965e-01,-9.999984502792358398e-01,-9.999992251396179199e-01,9.999991655349731445e-01,-9.999966621398925781e-01,-9.999993443489074707e-01,9.999975562095642090e-01,-9.999987483024597168e-01,9.999991655349731445e-01,9.999992251396179199e-01,-9.999985098838806152e-01,-9.999988675117492676e-01,-9.999951124191284180e-01,-9.999968409538269043e-01,-9.999980330467224121e-01,9.999986290931701660e-01,-9.999946951866149902e-01,9.999992847442626953e-01,9.999991655349731445e-01,-9.999949932098388672e-01,-9.999988675117492676e-01,-9.999985098838806152e-01,-9.999915361404418945e-01,-9.999992847442626953e-01,9.999986886978149414e-01,9.999992251396179199e-01,-9.999926090240478516e-01,9.999972581863403320e-01,9.999939799308776855e-01,9.999986886978149414e-01,-9.999904036521911621e-01,-9.999968409538269043e-01,9.999984502792358398e-01,-9.999718666076660156e-01,-9.999992847442626953e-01,-9.999989271163940430e-01,-9.999924898147583008e-01,9.999992251396179199e-01,-9.999991655349731445e-01,9.999721050262451172e-01,-9.999867677688598633e-01,-9.999991059303283691e-01,-9.999987483024597168e-01,-9.999985694885253906e-01,9.999950528144836426e-01,-9.999989271163940430e-01,-9.999991059303283691e-01,9.999988675117492676e-01,9.999991655349731445e-01,9.999988079071044922e-01,9.999991655349731445e-01,9.999948143959045410e-01,9.999988079071044922e-01,9.999986290931701660e-01,9.999946951866149902e-01,-9.999884366989135742e-01,-9.999973177909851074e-01,-9.999986886978149414e-01,9.999988079071044922e-01,-9.999992251396179199e-01,-9.999988079071044922e-01,-9.999965429306030273e-01,9.999960064888000488e-01,9.999992847442626953e-01,9.999993443489074707e-01,9.999970197677612305e-01,9.999992847442626953e-01,-9.999988675117492676e-01,9.999991655349731445e-01,-9.999981522560119629e-01,-9.999697804450988770e-01,9.999952912330627441e-01,9.999859929084777832e-01,9.999987483024597168e-01,-9.999940991401672363e-01,-9.999989867210388184e-01,9.999960064888000488e-01,9.999969601631164551e-01,-9.999884366989135742e-01,-9.999982714653015137e-01,9.999991655349731445e-01,-9.999985694885253906e-01,9.999987483024597168e-01,9.999913573265075684e-01,-9.999798536300659180e-01,-9.999992251396179199e-01,-9.999921321868896484e-01,9.996316432952880859e-01,9.999967813491821289e-01,-9.999987483024597168e-01,9.999884366989135742e-01,9.999980330467224121e-01,-9.999985098838806152e-01,9.999982714653015137e-01,9.999921321868896484e-01,-9.999992847442626953e-01,9.999991655349731445e-01,-9.999974966049194336e-01,9.999974370002746582e-01,-9.999991655349731445e-01,9.994460344314575195e-01,-9.999454021453857422e-01,-9.999990463256835938e-01,-9.999978542327880859e-01,9.999861717224121094e-01,9.999987483024597168e-01,9.999954104423522949e-01,-9.999988675117492676e-01,9.999989271163940430e-01,-9.999985098838806152e-01,9.999987483024597168e-01,9.999589920043945312e-01,-9.999992847442626953e-01,9.999980926513671875e-01,-9.999993443489074707e-01,9.999985694885253906e-01,9.999963641166687012e-01,9.999980926513671875e-01,9.999990463256835938e-01,-9.999974370002746582e-01,-9.999985098838806152e-01,9.999980926513671875e-01,9.999928474426269531e-01,9.999963641166687012e-01,-9.999915957450866699e-01,9.999957680702209473e-01
-9.999989867210388184e-01,9.999991655349731445e-01,9.999960064888000488e-01,-9.999986290931701660e-01,-9.999992847442626953e-01,9.999992251396179199e-01,-9.999970197677612305e-01,-9.999994039535522461e-01,9.999979138374328613e-01,-9.999989271163940430e-01,9.999992251396179199e-01,9.999994039535522461e-01,-9.999986886978149414e-01,-9.999989867210388184e-01,-9.999957084655761719e-01,-9.999971389770507812e-01,-9.999982118606567383e-01,9.999988079071044922e-01,-9.999952316284179688e-01,9.999994039535522461e-01,9.999993443489074707e-01,-9.999955296516418457e-01,-9.999991059303283691e-01,-9.999986886978149414e-01,-9.999923706054687500e-01,-9.999993443489074707e-01,9.999988079071044922e-01,9.999992847442626953e-01,-9.999932646751403809e-01,9.999974966049194336e-01,9.999945759773254395e-01,9.999989271163940430e-01,-9.999913573265075684e-01,-9.999971389770507812e-01,9.999986886978149414e-01,-9.999747276306152344e-01,-9.999993443489074707e-01,-9.999991059303283691e-01,-9.999932646751403809e-01,9.999992847442626953e-01,-9.999992847442626953e-01,9.999749660491943359e-01,-9.999881386756896973e-01,-9.999992847442626953e-01,-9.999989271163940430e-01,-9.999988079071044922e-01,9.999956488609313965e-01,-9.999991059303283691e-01,-9.999992251396179199e-01,9.999990463256835938e-01,9.999992251396179199e-01,9.999989867210388184e-01,9.999992847442626953e-01,9.999954104423522949e-01,9.999989271163940430e-01,9.999987483024597168e-01,9.999952912330627441e-01,-9.999896287918090820e-01,-9.999976158142089844e-01,-9.999989271163940430e-01,9.999989271163940430e-01,-9.999993443489074707e-01,-9.999989271163940430e-01,-9.999969005584716797e-01,9.999964237213134766e-01,9.999992847442626953e-01,9.999994039535522461e-01,9.999973177909851074e-01,9.999993443489074707e-01,-9.999990463256835938e-01,9.999992251396179199e-01,-9.999983310699462891e-01,-9.999728798866271973e-01,9.999958276748657227e-01,9.999874234199523926e-01,9.999988675117492676e-01,-9.999946951866149902e-01,-9.999992251396179199e-01,9.999963641166687012e-01,9.999972581863403320e-01,-9.999896287918090820e-01,-9.999984502792358398e-01,9.999992847442626953e-01,-9.999987483024597168e-01,9.999988675117492676e-01,9.999923110008239746e-01,-9.999819397926330566e-01,-9.999993443489074707e-01,-9.999930858612060547e-01,9.996691346168518066e-01,9.999970793724060059e-01,-9.999989867210388184e-01,9.999896287918090820e-01,9.999982714653015137e-01,-9.999986290931701660e-01,9.999985098838806152e-01,9.999929666519165039e-01,-9.999993443489074707e-01,9.999992251396179199e-01,-9.999978542327880859e-01,9.999977946281433105e-01,-9.999993443489074707e-01,9.995023608207702637e-01,-9.999509453773498535e-01,-9.999991655349731445e-01,-9.999981522560119629e-01,9.999875426292419434e-01,9.999989271163940430e-01,9.999958872795104980e-01,-9.999990463256835938e-01,9.999990463256835938e-01,-9.999986290931701660e-01,9.999988675117492676e-01,9.999632239341735840e-01,-9.999994039535522461e-01,9.999983906745910645e-01,-9.999994039535522461e-01,9.999987483024597168e-01,9.999968409538269043e-01,9.999983906745910645e-01,9.999991655349731445e-01,-9.999977946281433105e-01,-9.999987483024597168e-01,9.999982714653015137e-01,9.999935626983642578e-01,9.999967813491821289e-01,-9.999924898147583008e-01,9.999961256980895996e-01
