6.620405316352844238e-01,5.285242199897766113e-02,-3.485527336597442627e-01,2.027757167816162109e-01,2.361048609018325806e-01,-3.354293853044509888e-02,7.097230292856693268e-03,5.943747162818908691e-01,6.033105775713920593e-02,3.558025136590003967e-02,-4.348221234977245331e-03,-1.015899479389190674e-01,5.233813524246215820e-01,5.656304955482482910e-01,4.549605548381805420e-01,1.449613869190216064e-01,-1.167829800397157669e-02,3.291431963443756104e-01,1.907758861780166626e-01,5.347520485520362854e-02,-1.491448283195495605e-01,1.612569242715835571e-01,4.026284515857696533e-01,-2.545691430568695068e-01,2.429670095443725586e-02,-9.679938107728958130e-02,-2.144172489643096924e-01,-2.966244816780090332e-01,2.476155012845993042e-02,-4.846538305282592773e-01,-1.728335469961166382e-01,-3.249667286872863770e-01,2.696223258972167969e-01,7.891957461833953857e-02,-3.015731461346149445e-02,-4.311669170856475830e-01,-3.129894286394119263e-02,5.468319728970527649e-02,-2.704178690910339355e-01,-6.354665756225585938e-01,2.608793079853057861e-01,1.062298119068145752e-01,1.301271617412567139e-01,5.828911811113357544e-02,5.773720145225524902e-01,-5.348983407020568848e-01,-3.592412769794464111e-01,-8.622006326913833618e-02,-6.782501935958862305e-02,1.425903290510177612e-02,1.744807213544845581e-01,5.980147048830986023e-02,3.352787196636199951e-01,-2.259226888418197632e-01,-1.027395855635404587e-02,-3.515863120555877686e-01,9.601931273937225342e-02,4.975895583629608154e-02,-9.466069191694259644e-02,-1.199913248419761658e-01,-7.742762565612792969e-02,1.624842584133148193e-01,5.253071710467338562e-02,-1.833698302507400513e-01,-1.314252316951751709e-01,2.787894627545028925e-04,1.872046887874603271e-01,4.130218923091888428e-01,-3.498084545135498047e-01,-5.971790105104446411e-02,-4.669506847858428955e-01,-4.612959027290344238e-01,-8.707524091005325317e-02,2.054689824581146240e-01,-1.837560087442398071e-01,-3.557385802268981934e-01,-1.700058393180370331e-02,3.111767470836639404e-01,-4.459510147571563721e-01,-4.694170355796813965e-01,1.804801374673843384e-01,1.684499159455299377e-02,-2.660243809223175049e-01,3.562419489026069641e-02,-3.103049397468566895e-01,6.239051371812820435e-02,5.522393807768821716e-02,2.378890663385391235e-02,1.179841160774230957e-01,-1.895621791481971741e-02,-5.703548714518547058e-02,-2.335588634014129639e-01,-2.247298806905746460e-01,6.266728043556213379e-02,-7.484129816293716431e-02,-1.703651249408721924e-01,3.959596753120422363e-01,-3.911362960934638977e-03,-2.719683051109313965e-01,4.793705940246582031e-01,4.429682716727256775e-02,7.437705248594284058e-02,-2.040157914161682129e-01,-1.987059600651264191e-02,2.735479474067687988e-01,2.238276749849319458e-01,-9.339695423841476440e-02,-9.539218246936798096e-02,-1.380140632390975952e-01,-1.560332626104354858e-02,4.935198724269866943e-01,-4.810756817460060120e-02,-1.368943154811859131e-01,-4.423669874668121338e-01,3.926012814044952393e-01,-3.117909729480743408e-01,3.703256845474243164e-01,-9.238444268703460693e-02,-6.509792208671569824e-01,4.616718366742134094e-02,-1.188438609242439270e-01,4.673917889595031738e-01,2.934576272964477539e-01,-9.450630098581314087e-02,4.637708142399787903e-02,-8.573662489652633667e-02,5.970652215182781219e-03,3.437558710575103760e-01
5.285242199897766113e-02,2.617151290178298950e-02,-1.068887487053871155e-01,8.158427081070840359e-04,6.423241645097732544e-02,-4.261327907443046570e-02,-1.371648255735635757e-02,1.069533824920654297e-02,1.919750310480594635e-02,7.903564721345901489e-03,3.870413452386856079e-02,-1.500773057341575623e-02,7.857570052146911621e-02,-5.746508017182350159e-03,8.155700564384460449e-02,4.211564362049102783e-02,-3.788388334214687347e-03,1.039863675832748413e-01,3.205767134204506874e-03,-3.475723043084144592e-02,6.481382995843887329e-02,7.395058870315551758e-02,5.450557917356491089e-02,6.117421016097068787e-02,1.381548866629600525e-02,1.082468554377555847e-01,-1.072190403938293457e-01,-1.069616228342056274e-01,7.360295206308364868e-02,-5.877747759222984314e-02,-2.214936725795269012e-02,-7.807021588087081909e-02,4.273997992277145386e-02,4.047179967164993286e-02,4.010366275906562805e-03,-7.036693394184112549e-02,-1.611883006989955902e-02,1.536793448030948639e-02,7.020215038210153580e-03,-9.232786297798156738e-02,1.110930740833282471e-01,-2.591893821954727173e-02,1.189916580915451050e-01,1.066769100725650787e-02,1.488809194415807724e-02,-2.150361612439155579e-02,-8.954197168350219727e-02,-6.520362105220556259e-03,-3.262144327163696289e-02,6.845017429441213608e-03,1.039656158536672592e-02,-1.456163730472326279e-02,7.018318772315979004e-02,3.199266269803047180e-02,-3.786745294928550720e-02,-8.303046971559524536e-02,1.389628555625677109e-02,6.266470067203044891e-03,-8.037970960140228271e-02,-1.777205802500247955e-02,2.313495241105556488e-02,-7.648270577192306519e-03,6.658749654889106750e-03,-1.595250330865383148e-02,-4.690685123205184937e-02,-1.457591634243726730e-02,4.529841989278793335e-02,1.270517557859420776e-01,-1.045644283294677734e-01,2.488214708864688873e-02,-4.845115914940834045e-02,-6.362557411193847656e-03,-1.781058870255947113e-02,6.192034482955932617e-02,-4.153432324528694153e-02,-1.058461070060729980e-01,-7.054365240037441254e-03,7.968931645154953003e-02,1.658989861607551575e-02,-6.436834484338760376e-02,3.623984381556510925e-02,2.809360157698392868e-03,-9.165871143341064453e-02,5.961775779724121094e-03,-7.461188733577728271e-02,-8.852473646402359009e-02,4.916944727301597595e-02,1.254427339881658554e-02,6.027634069323539734e-02,-1.382603403180837631e-02,-3.236316516995429993e-02,-1.843122020363807678e-02,-2.213860675692558289e-02,1.791071519255638123e-02,-4.749043285846710205e-02,-1.633335836231708527e-03,7.392892241477966309e-02,-6.643158849328756332e-04,-4.830989614129066467e-02,2.624054625630378723e-02,4.315682221204042435e-03,-1.491746306419372559e-02,-3.818681463599205017e-02,-1.923572854138910770e-03,8.362386375665664673e-02,-1.154240034520626068e-02,6.634143181145191193e-03,-3.655806556344032288e-02,-5.526711419224739075e-02,-1.736700907349586487e-02,-6.279211491346359253e-03,3.470008377917110920e-04,-4.578517377376556396e-02,-7.392849028110504150e-02,1.221599057316780090e-01,-1.103177294135093689e-01,9.387747198343276978e-02,1.017689239233732224e-02,-5.902618542313575745e-02,1.032397989183664322e-02,4.696195572614669800e-02,6.772476434707641602e-02,8.818091452121734619e-02,-5.601758137345314026e-02,-7.427198439836502075e-02,-8.140507270582020283e-04,1.560693024657666683e-03,4.003647342324256897e-02
-3.485527336597442627e-01,-1.068887487053871155e-01,7.488504648208618164e-01,-1.761147379875183105e-01,-1.583808511495590210e-01,7.052388787269592285e-02,-2.177798189222812653e-03,-1.346959471702575684e-01,-2.248355373740196228e-02,-8.564217388629913330e-02,-2.899974584579467773e-01,1.502595245838165283e-01,-4.264258742332458496e-01,3.433509171009063721e-02,-4.353241026401519775e-01,-2.053130716085433960e-01,-2.719370834529399872e-02,-6.337822675704956055e-01,1.858805678784847260e-02,2.680240273475646973e-01,-5.044974088668823242e-01,-5.380762815475463867e-01,-5.186140537261962891e-01,-1.076114550232887268e-01,-9.672576189041137695e-02,-5.888597965240478516e-01,6.527221798896789551e-01,4.665982425212860107e-01,-6.199601888656616211e-01,5.043014287948608398e-01,3.663711622357368469e-02,6.283791065216064453e-01,-3.834177553653717041e-01,-4.051238298416137695e-01,-5.117421969771385193e-04,5.606317520141601562e-01,8.929703384637832642e-02,-1.074254736304283142e-01,9.803339093923568726e-02,6.419385671615600586e-01,-6.366869807243347168e-01,1.549266278743743896e-01,-6.276340484619140625e-01,-7.877850532531738281e-02,-2.623522579669952393e-01,4.076027274131774902e-01,5.502947568893432617e-01,5.618267878890037537e-02,1.754582077264785767e-01,1.507487446069717407e-01,-1.484054177999496460e-01,1.901862174272537231e-01,-4.527241885662078857e-01,-4.916210100054740906e-02,1.457792818546295166e-01,5.695691704750061035e-01,-1.263662874698638916e-01,-5.546842142939567566e-02,2.723683714866638184e-01,2.107915431261062622e-01,-3.862462565302848816e-02,-7.692215591669082642e-02,-5.615501105785369873e-02,-3.579229116439819336e-02,2.050453573465347290e-01,9.956327825784683228e-02,-2.561543881893157959e-01,-7.290242314338684082e-01,6.926919817924499512e-01,1.878564991056919098e-02,4.921526312828063965e-01,2.193863242864608765e-01,1.537166237831115723e-01,-5.435407161712646484e-01,2.873118519783020020e-01,5.823631286621093750e-01,3.874460235238075256e-02,-7.149268984794616699e-01,1.871704310178756714e-02,4.989087581634521484e-01,-5.475852489471435547e-01,-2.794260717928409576e-02,4.614906311035156250e-01,-3.436446562409400940e-02,5.590835213661193848e-01,3.735700547695159912e-01,-2.925837337970733643e-01,-8.423933386802673340e-02,-3.479209542274475098e-01,2.949409000575542450e-02,1.919277310371398926e-01,1.993817836046218872e-01,3.938668072223663330e-01,-2.067853212356567383e-01,3.546711504459381104e-01,5.813837051391601562e-02,-4.374938607215881348e-01,6.281713023781776428e-03,3.080125451087951660e-01,-2.098147720098495483e-01,3.497229190543293953e-03,-3.394337743520736694e-02,3.466125428676605225e-01,1.229478139430284500e-02,-7.091363668441772461e-01,-1.172550693154335022e-01,2.286541312932968140e-01,2.890981435775756836e-01,3.597185611724853516e-01,1.317143887281417847e-01,-2.124982178211212158e-01,2.826121151447296143e-01,3.622041344642639160e-01,2.274581491947174072e-01,-7.466568350791931152e-01,6.398761868476867676e-01,-4.454828202724456787e-01,-2.596523761749267578e-01,5.571066141128540039e-01,-9.722518175840377808e-02,-5.147551894187927246e-01,-5.527036786079406738e-01,-6.013206839561462402e-01,2.554695606231689453e-01,5.372301936149597168e-01,6.889864802360534668e-02,-8.874236047267913818e-02,-3.918749392032623291e-01
2.027757167816162109e-01,8.158427081070840359e-04,-1.761147379875183105e-01,2.327849417924880981e-01,-3.228926286101341248e-02,6.488983333110809326e-02,2.154801785945892334e-02,1.723719239234924316e-01,-1.188204810023307800e-02,3.014208190143108368e-02,-4.598691686987876892e-02,-5.686175078153610229e-02,1.698856651782989502e-01,7.842258363962173462e-02,7.645317912101745605e-02,7.148950360715389252e-03,1.654004119336605072e-02,2.221898883581161499e-01,-7.661603856831789017e-03,3.357638046145439148e-02,-3.482004255056381226e-02,1.096436381340026855e-01,2.081133276224136353e-01,-2.228011637926101685e-01,5.265903845429420471e-02,3.610237687826156616e-02,-8.195502310991287231e-02,2.194408141076564789e-02,8.820218592882156372e-02,-1.480790972709655762e-01,-3.429171442985534668e-02,-2.476902604103088379e-01,2.470452487468719482e-01,7.341240067034959793e-03,-1.713971141725778580e-04,-1.924642622470855713e-01,-1.672923448495566845e-03,3.032916598021984100e-02,-3.595425561070442200e-02,-3.453145027160644531e-01,1.540352702140808105e-01,1.285393815487623215e-02,5.847451835870742798e-02,2.256772667169570923e-02,1.756695955991744995e-01,-1.553710997104644775e-01,-7.036979496479034424e-02,-6.319928914308547974e-02,-1.380718406289815903e-02,-2.102782391011714935e-02,4.642845690250396729e-02,4.319359734654426575e-02,2.546590864658355713e-01,-1.711501032114028931e-01,7.533428817987442017e-02,-1.627263724803924561e-01,2.305392920970916748e-02,9.237125515937805176e-03,3.142354264855384827e-02,-1.044376343488693237e-01,-1.693147122859954834e-01,1.515303254127502441e-01,2.724461071193218231e-02,3.011733479797840118e-02,-7.589265704154968262e-02,-3.066946193575859070e-02,3.311787918210029602e-02,1.882642805576324463e-01,-1.497341692447662354e-01,-1.532811075448989868e-01,-2.468085885047912598e-01,-2.833441086113452911e-02,-7.250381261110305786e-02,1.209156140685081482e-01,-9.318110346794128418e-02,-1.909616589546203613e-01,1.135155465453863144e-02,1.758124530315399170e-01,-2.742680609226226807e-01,-2.724696993827819824e-01,3.227846920490264893e-01,9.244676679372787476e-03,3.363369405269622803e-02,1.937392167747020721e-02,-2.547912597656250000e-01,1.723117828369140625e-01,-1.313345581293106079e-01,1.140228006988763809e-02,-1.377181243151426315e-02,6.933510303497314453e-03,-1.369532570242881775e-02,-1.482993364334106445e-01,-2.392501533031463623e-01,7.126460224390029907e-02,-1.346049457788467407e-01,-1.000542342662811279e-01,4.640337824821472168e-02,-2.269349526613950729e-03,-3.606962412595748901e-02,2.583405375480651855e-01,2.228419855237007141e-02,6.648031529039144516e-03,-1.570342332124710083e-01,-5.894616246223449707e-03,2.924273312091827393e-01,2.337538599967956543e-01,-2.897810935974121094e-01,-8.157174289226531982e-02,6.325141061097383499e-03,-2.268464304506778717e-02,2.883203923702239990e-01,-1.748174577951431274e-01,-1.101896539330482483e-01,1.070586126297712326e-02,1.638392955064773560e-01,-1.335561573505401611e-01,6.503295153379440308e-02,9.064136445522308350e-02,-2.629809677600860596e-01,6.867489963769912720e-02,6.964248418807983398e-02,1.555407643318176270e-01,1.733687967061996460e-01,-8.405448868870735168e-03,-6.323704123497009277e-02,-4.779896885156631470e-02,3.716791421175003052e-02,2.005091011524200439e-01
2.361048609018325806e-01,6.423241645097732544e-02,-1.583808511495590210e-01,-3.228926286101341248e-02,3.682993650436401367e-01,-6.467790901660919189e-02,7.911329157650470734e-04,1.813677400350570679e-01,4.252744838595390320e-02,-4.215406253933906555e-03,3.459342289716005325e-03,-9.239299106411635876e-04,1.937066614627838135e-01,1.844098418951034546e-01,2.812165915966033936e-01,1.218829751014709473e-01,-4.644626379013061523e-02,1.331939399242401123e-01,8.637544512748718262e-02,-2.316947653889656067e-02,-2.516387589275836945e-02,8.987913280725479126e-02,2.627257630228996277e-02,2.169174551963806152e-01,-1.820635609328746796e-02,1.138504128903150558e-02,-1.641478687524795532e-01,-3.591765761375427246e-01,4.289541766047477722e-02,-2.324168533086776733e-01,-1.192339882254600525e-01,1.510220300406217575e-02,3.832986811175942421e-03,-3.400358557701110840e-02,6.939909420907497406e-03,-7.120102643966674805e-02,-3.840822353959083557e-02,1.843028515577316284e-02,-1.115763410925865173e-01,-2.154106646776199341e-01,1.688018739223480225e-01,3.876907378435134888e-02,2.093993127346038818e-01,2.670221216976642609e-02,1.111183390021324158e-01,-4.652260988950729370e-02,-2.816721498966217041e-01,-3.292977064847946167e-02,-5.769554153084754944e-02,1.448747664690017700e-01,5.157747864723205566e-02,-9.132028557360172272e-03,9.277258813381195068e-02,7.474567741155624390e-02,-1.131321415305137634e-01,-1.531195938587188721e-01,2.056398242712020874e-02,1.516658253967761993e-02,-2.685544788837432861e-01,2.434146031737327576e-02,1.072011962532997131e-01,-5.595814064145088196e-02,1.189749874174594879e-02,-1.365309059619903564e-01,-1.197464019060134888e-01,1.994723267853260040e-02,1.449964493513107300e-01,2.469096332788467407e-01,-8.915390074253082275e-02,1.849029958248138428e-01,-8.724974840879440308e-02,-1.528302580118179321e-01,6.728973239660263062e-02,5.820933729410171509e-03,-6.593137979507446289e-02,-3.076938092708587646e-01,-2.440866641700267792e-02,2.256689034402370453e-02,-3.195246681571006775e-02,-1.027903184294700623e-01,-1.371877342462539673e-01,1.226032181875780225e-04,-3.492305874824523926e-01,1.092825829982757568e-02,-1.174419820308685303e-01,-2.286504954099655151e-01,2.208813130855560303e-01,1.029562391340732574e-02,1.010293811559677124e-01,-5.437822639942169189e-02,-1.041813418269157410e-01,-1.242036651819944382e-02,1.619313061237335205e-01,-9.059535712003707886e-02,5.599758587777614594e-03,-4.461861029267311096e-02,3.458137214183807373e-01,-4.319840809330344200e-04,-1.272078752517700195e-01,1.300744414329528809e-01,1.657372899353504181e-02,-1.569622568786144257e-02,3.348048776388168335e-02,-1.352963875979185104e-02,-3.155503794550895691e-02,1.082906033843755722e-02,1.849654167890548706e-01,-1.591808907687664032e-02,-1.583710163831710815e-01,7.595722097903490067e-03,-1.409808248281478882e-01,1.594284772872924805e-01,3.056238591670989990e-02,-3.704764842987060547e-01,2.611155211925506592e-01,-2.064643055200576782e-01,3.333332538604736328e-01,-1.747219860553741455e-01,-1.425923705101013184e-01,-1.715469360351562500e-02,-1.081651672720909119e-01,1.201490238308906555e-01,9.130449593067169189e-02,-1.227148547768592834e-01,4.383947700262069702e-02,-1.008394453674554825e-02,-5.919094011187553406e-02,9.530618041753768921e-02
-3.354293853044509888e-02,-4.261327907443046570e-02,7.052388787269592285e-02,6.488983333110809326e-02,-6.467790901660919189e-02,2.475235015153884888e-01,3.974667191505432129e-02,5.564291775226593018e-02,-1.004315465688705444e-01,-1.806287094950675964e-02,-6.809207051992416382e-02,2.148076705634593964e-02,-1.221986114978790283e-01,3.483138605952262878e-02,-1.005553975701332092e-01,-6.636728346347808838e-02,-5.209092050790786743e-03,-1.491427272558212280e-01,-9.780290536582469940e-03,9.744869545102119446e-03,-5.666751414537429810e-02,-6.615613400936126709e-02,-2.522842492908239365e-03,-8.345637470483779907e-02,-3.009988740086555481e-02,-2.295707464218139648e-01,1.368392705917358398e-01,9.934443235397338867e-02,-9.017110802233219147e-03,-4.665999859571456909e-02,6.227755919098854065e-02,1.320097148418426514e-01,-7.449882477521896362e-02,-2.700393274426460266e-02,-1.314395293593406677e-02,9.560753405094146729e-02,2.674650773406028748e-02,-2.594579383730888367e-02,-5.838251486420631409e-02,4.430827498435974121e-02,-1.836179494857788086e-01,4.293016716837882996e-02,-8.177969604730606079e-02,-3.236555960029363632e-03,3.283074870705604553e-02,1.851952448487281799e-02,7.629784941673278809e-02,-1.967329159379005432e-02,1.267487090080976486e-02,-1.083991583436727524e-02,1.028917208313941956e-01,-2.977173775434494019e-02,-8.116658776998519897e-02,-1.546752601861953735e-01,3.380583599209785461e-02,5.699981749057769775e-02,-1.085580047219991684e-02,-5.718026310205459595e-03,1.184238493442535400e-01,2.616191469132900238e-02,-2.228840813040733337e-02,1.000877842307090759e-02,-5.517381709069013596e-03,-2.336137183010578156e-02,4.101696237921714783e-02,4.087319225072860718e-02,-4.224624857306480408e-02,-1.403561979532241821e-01,1.639941930770874023e-01,-1.078434009104967117e-02,3.058560378849506378e-02,-1.164882630109786987e-01,7.852118462324142456e-02,-1.251011341810226440e-01,6.453019380569458008e-02,7.542783021926879883e-02,1.371453050523996353e-02,-8.848499506711959839e-02,-5.440608412027359009e-02,5.133784934878349304e-02,1.052003819495439529e-02,-3.579774405807256699e-03,6.880936026573181152e-02,-1.468297373503446579e-02,7.111145555973052979e-02,2.044128179550170898e-01,6.162175559438765049e-04,-1.748794317245483398e-02,-1.767984181642532349e-01,1.901876740157604218e-02,2.209166251122951508e-02,1.815382577478885651e-02,6.082105264067649841e-02,-5.270041525363922119e-02,8.887197077274322510e-02,-7.306431978940963745e-02,-1.375113334506750107e-02,8.016966166906058788e-04,3.697845339775085449e-02,-3.212438314221799374e-04,-3.137518465518951416e-02,-8.804406970739364624e-03,9.903994947671890259e-02,1.316748210228979588e-03,-1.143322214484214783e-01,1.690316647291183472e-01,-3.697722405195236206e-02,4.516211524605751038e-02,1.408690810203552246e-01,3.503858298063278198e-02,-2.061448991298675537e-02,-6.419610232114791870e-02,7.893493771553039551e-02,1.113585308194160461e-01,-8.225339651107788086e-02,1.646966189146041870e-01,-4.613394290208816528e-02,6.915011443197727203e-03,4.730982705950737000e-02,-2.002620510756969452e-02,-2.767854183912277222e-02,-1.118521988391876221e-01,-1.144783347845077515e-01,9.941897541284561157e-02,8.053563535213470459e-02,2.288904506713151932e-04,-7.997535285539925098e-04,4.973486438393592834e-02
7.097230292856693268e-03,-1.371648255735635757e-02,-2.177798189222812653e-03,2.154801785945892334e-02,7.911329157650470734e-04,3.974667191505432129e-02,8.410450071096420288e-02,-2.108731307089328766e-03,-1.558974478393793106e-02,1.718876324594020844e-02,-1.634563691914081573e-02,-1.508231391198933125e-03,-6.998647004365921021e-02,2.453223243355751038e-02,-1.154639665037393570e-02,-1.903589256107807159e-02,1.197860669344663620e-02,-5.139215290546417236e-02,4.798771988134831190e-04,-1.007847301661968231e-02,-2.759251184761524200e-02,-1.485742628574371338e-02,-3.783885017037391663e-02,-9.854570031166076660e-03,-1.612331159412860870e-02,-5.164633318781852722e-02,2.954134158790111542e-02,4.400563985109329224e-02,1.117174420505762100e-02,-6.011836230754852295e-02,3.294272348284721375e-02,4.229498561471700668e-03,4.035297781229019165e-02,-1.928689889609813690e-02,-6.200713687576353550e-04,2.713040448725223541e-02,-1.233796821907162666e-03,-4.787550307810306549e-03,-8.510911464691162109e-02,-5.164592061191797256e-03,-2.289004623889923096e-02,5.158310011029243469e-02,-8.045605570077896118e-02,1.819317985791712999e-04,1.178825739771127701e-02,-9.760756045579910278e-02,-3.581835189834237099e-03,-7.257946766912937164e-03,4.354009777307510376e-02,9.765159338712692261e-03,-2.636563219130039215e-02,-4.344852641224861145e-02,-4.875884205102920532e-02,5.618229508399963379e-02,4.443192109465599060e-02,3.933945670723915100e-02,-1.454172842204570770e-02,-3.215941542293876410e-04,4.347199108451604843e-03,-1.178011298179626465e-02,-1.840610802173614502e-02,2.652474865317344666e-02,3.215599572286009789e-03,1.164737567305564880e-01,4.968345537781715393e-02,1.305333990603685379e-02,5.592864472419023514e-03,-1.148031931370496750e-02,4.578226804733276367e-02,3.339375182986259460e-02,-3.806857392191886902e-02,-5.174564570188522339e-02,3.104539960622787476e-02,1.587943360209465027e-02,-7.884952239692211151e-03,-3.789345547556877136e-02,-7.011565379798412323e-03,5.531640350818634033e-02,-4.342951253056526184e-02,4.789090156555175781e-02,3.661342710256576538e-02,7.010099943727254868e-04,-2.690229751169681549e-02,-4.078018944710493088e-03,-3.418437764048576355e-02,-2.894983626902103424e-02,8.105852454900741577e-02,-6.979025434702634811e-03,2.919942513108253479e-02,7.849995046854019165e-03,-2.030821889638900757e-02,-1.801932975649833679e-02,-3.885537013411521912e-02,1.738813146948814392e-02,5.759670399129390717e-03,-7.741740439087152481e-03,7.014157623052597046e-02,-4.282905138097703457e-04,1.807244867086410522e-02,-1.749697513878345490e-02,1.504371408373117447e-03,1.023932322859764099e-01,3.225546563044190407e-03,-1.361689413897693157e-03,1.702368818223476410e-02,4.855282604694366455e-02,-5.552646145224571228e-02,2.285685762763023376e-02,-1.330927163362503052e-01,8.665692294016480446e-04,2.704634389374405146e-04,-6.578939408063888550e-02,4.749622941017150879e-02,2.539023011922836304e-02,-2.847258932888507843e-02,1.901965960860252380e-02,-5.102955177426338196e-02,-2.386712096631526947e-02,-7.925480604171752930e-02,-8.714529103599488735e-04,4.666969180107116699e-02,5.708799883723258972e-02,-2.651096321642398834e-02,-3.135563572868704796e-03,6.959138810634613037e-02,-4.322454705834388733e-02,1.414281665347516537e-03,1.536358427256345749e-02
5.943747162818908691e-01,1.069533824920654297e-02,-1.346959471702575684e-01,1.723719239234924316e-01,1.813677400350570679e-01,5.564291775226593018e-02,-2.108731307089328766e-03,6.669695377349853516e-01,2.026576176285743713e-02,4.917004844173789024e-04,-7.700581103563308716e-02,-6.584753841161727905e-02,4.217135906219482422e-01,6.297323107719421387e-01,3.476015627384185791e-01,8.831037580966949463e-02,-2.385542169213294983e-02,1.109924465417861938e-01,2.147730886936187744e-01,1.401038765907287598e-01,-2.767203748226165771e-01,2.695967070758342743e-02,2.995651662349700928e-01,-3.580929934978485107e-01,-1.528895739465951920e-02,-3.454335927963256836e-01,-8.056890219449996948e-03,-1.524062156677246094e-01,-1.289028227329254150e-01,-3.807298839092254639e-01,-1.767452657222747803e-01,-1.110640764236450195e-01,1.004644110798835754e-01,-1.105008088052272797e-02,-4.400721192359924316e-02,-2.936469614505767822e-01,-2.915415447205305099e-03,2.550823986530303955e-02,-3.120828270912170410e-01,-4.668154120445251465e-01,3.699393942952156067e-02,1.555368751287460327e-01,-6.668084859848022461e-02,4.081968963146209717e-02,5.948981642723083496e-01,-4.638713598251342773e-01,-2.405595183372497559e-01,-6.900583207607269287e-02,-2.488974481821060181e-02,1.083138026297092438e-02,2.024924457073211670e-01,1.186794415116310120e-01,1.881280690431594849e-01,-3.489662408828735352e-01,5.724304821342229843e-03,-2.134329527616500854e-01,8.550833165645599365e-02,4.408437386155128479e-02,6.460446864366531372e-02,-5.265057832002639771e-02,-8.860594034194946289e-02,1.449958831071853638e-01,3.618574514985084534e-02,-2.977847754955291748e-01,-6.417188048362731934e-02,4.251961782574653625e-02,1.091020777821540833e-01,1.640035957098007202e-01,-1.463719606399536133e-01,-1.042095050215721130e-01,-3.555684089660644531e-01,-5.192202925682067871e-01,-2.924293652176856995e-02,5.044465884566307068e-02,-8.322829008102416992e-02,-1.376364231109619141e-01,-4.240318667143583298e-03,1.020495817065238953e-01,-4.680654406547546387e-01,-3.712851405143737793e-01,1.746824570000171661e-02,9.605563245713710785e-03,-1.376344114542007446e-01,2.582094632089138031e-02,-1.180299818515777588e-01,2.240686118602752686e-01,-3.121372871100902557e-02,-1.264799502678215504e-04,-2.965627796947956085e-02,1.361322356387972832e-03,2.451965119689702988e-03,-1.673175394535064697e-01,-7.323582470417022705e-02,-4.781078919768333435e-02,6.579656153917312622e-02,-1.744335591793060303e-01,2.799938917160034180e-01,-2.104164799675345421e-03,-2.126833796501159668e-01,4.685761332511901855e-01,3.097550943493843079e-02,6.543946266174316406e-02,-9.089405089616775513e-02,-2.069626003503799438e-02,4.801760613918304443e-02,2.194425463676452637e-01,1.854757405817508698e-02,-2.006263099610805511e-02,4.183953255414962769e-02,3.529906645417213440e-02,4.503553807735443115e-01,5.470180884003639221e-02,-3.122980892658233643e-02,-3.820343315601348877e-01,1.955524981021881104e-01,-1.132770106196403503e-01,2.654679715633392334e-01,-1.531860679388046265e-01,-5.119716525077819824e-01,5.088202189654111862e-03,-2.975595891475677490e-01,3.018360733985900879e-01,8.733019977807998657e-02,4.704728722572326660e-02,2.063065171241760254e-01,-6.276243180036544800e-02,-1.515478361397981644e-02,2.665114998817443848e-01
6.033105775713920593e-02,1.919750310480594635e-02,-2.248355373740196228e-02,-1.188204810023307800e-02,4.252744838595390320e-02,-1.004315465688705444e-01,-1.558974478393793106e-02,2.026576176285743713e-02,5.254919081926345825e-02,7.847835309803485870e-03,5.131103098392486572e-03,-1.004070136696100235e-02,8.314990252256393433e-02,3.946124017238616943e-02,6.212626770138740540e-02,2.932737581431865692e-02,-6.525001372210681438e-04,6.681916117668151855e-02,2.079762145876884460e-02,1.982052437961101532e-02,-3.445609658956527710e-02,1.515814196318387985e-02,1.092623732984066010e-02,4.899639170616865158e-03,1.339760329574346542e-02,5.719704926013946533e-02,-4.363943636417388916e-02,-4.084314778447151184e-02,-3.559034690260887146e-02,2.888712566345930099e-03,-4.135893285274505615e-02,-6.265019625425338745e-02,5.560300871729850769e-02,-1.384723745286464691e-02,5.755580496042966843e-03,-4.988819733262062073e-02,-9.199592284858226776e-03,9.954707697033882141e-03,1.760133542120456696e-02,-5.521588027477264404e-02,7.608975470066070557e-02,2.126157516613602638e-03,1.133844349533319473e-02,2.544166753068566322e-03,1.464193500578403473e-02,-2.781314961612224579e-02,-2.713295631110668182e-02,-1.482952735386788845e-03,-1.012138905934989452e-03,2.543059177696704865e-02,-4.434626922011375427e-02,3.370762616395950317e-02,5.628096312284469604e-02,4.289189353585243225e-02,1.162259257398545742e-03,-2.773973345756530762e-02,4.328304203227162361e-05,1.954248175024986267e-03,-5.394999310374259949e-02,-1.432716567069292068e-02,-1.043133717030286789e-02,1.465416140854358673e-02,5.382945295423269272e-03,5.493091885000467300e-03,-2.701574750244617462e-02,-1.325239241123199463e-02,2.317109890282154083e-02,7.028573006391525269e-02,-6.232949718832969666e-02,2.189698163419961929e-03,-3.413251414895057678e-02,3.446760773658752441e-02,-3.508804738521575928e-02,4.171057417988777161e-02,-3.430955111980438232e-02,-5.178159102797508240e-02,-4.214639309793710709e-03,2.495316974818706512e-02,-3.167516738176345825e-02,-4.073091968894004822e-02,-8.175547234714031219e-03,1.575535396113991737e-03,-2.420584112405776978e-02,8.381173014640808105e-03,-4.195698723196983337e-02,-5.101782828569412231e-02,-1.931057311594486237e-02,4.724502563476562500e-03,6.899957358837127686e-02,-1.088656112551689148e-02,-5.724108777940273285e-03,-2.568364143371582031e-02,-3.570346906781196594e-02,2.462333068251609802e-02,-3.314761444926261902e-02,1.290715672075748444e-02,2.218260988593101501e-02,-4.134592600166797638e-04,-2.225155010819435120e-02,4.003131389617919922e-02,2.180466800928115845e-02,8.307456970214843750e-03,-4.779309034347534180e-02,-1.555450027808547020e-03,3.910611569881439209e-02,-4.560099169611930847e-02,2.917355450335890055e-04,-1.048810966312885284e-02,-5.836238339543342590e-02,-1.049498748034238815e-02,5.198224261403083801e-02,2.674058824777603149e-02,-2.939711883664131165e-02,-7.733388245105743408e-02,2.744166739284992218e-02,-7.172239571809768677e-02,2.708995901048183441e-02,-2.536834031343460083e-02,-5.623156204819679260e-02,1.227014604955911636e-02,-3.222708031535148621e-02,6.129414960741996765e-02,5.062743276357650757e-02,-4.567025229334831238e-02,2.943493658676743507e-03,-8.824023418128490448e-03,-4.008183721452951431e-03,-4.054881166666746140e-03
3.558025136590003967e-02,7.903564721345901489e-03,-8.564217388629913330e-02,3.014208190143108368e-02,-4.215406253933906555e-03,-1.806287094950675964e-02,1.718876324594020844e-02,4.917004844173789024e-04,7.847835309803485870e-03,1.747742481529712677e-02,2.842720970511436462e-02,-2.079288102686405182e-02,3.728128969669342041e-02,-1.073215808719396591e-02,3.569887205958366394e-02,1.440529990941286087e-02,1.054602488875389099e-02,7.520978897809982300e-02,-7.483093533664941788e-03,-2.572545409202575684e-02,4.926258698105812073e-02,5.600329115986824036e-02,5.154404416680335999e-02,-8.502723649144172668e-03,1.393970474600791931e-02,8.184383064508438110e-02,-6.868074089288711548e-02,-1.912593655288219452e-02,6.877429783344268799e-02,-5.089914053678512573e-02,3.523657331243157387e-03,-9.779307991266250610e-02,7.478728145360946655e-02,4.001229256391525269e-02,1.681948429904878139e-03,-6.573835015296936035e-02,-9.514882229268550873e-03,1.265333686023950577e-02,-1.454042270779609680e-02,-8.147107064723968506e-02,7.918459177017211914e-02,-8.987578563392162323e-03,4.320491105318069458e-02,7.506493479013442993e-03,2.514878846704959869e-02,-7.432548701763153076e-02,-4.522949829697608948e-02,-6.757760886102914810e-03,-4.750989377498626709e-03,-2.073950134217739105e-02,-8.662511594593524933e-03,-2.285161241888999939e-02,5.283717811107635498e-02,2.357606403529644012e-02,6.982110440731048584e-03,-5.090080574154853821e-02,8.326858282089233398e-03,5.072006955742835999e-03,-2.059214003384113312e-02,-3.504449501633644104e-02,-1.740946434438228607e-02,2.670416422188282013e-02,7.874042727053165436e-03,5.145700275897979736e-02,-9.384266100823879242e-03,-1.490817125886678696e-02,2.368765883147716522e-02,8.647096902132034302e-02,-8.169736713171005249e-02,-1.280812919139862061e-02,-6.972492486238479614e-02,-8.919023908674716949e-03,-2.640026248991489410e-02,7.798638194799423218e-02,-3.948568180203437805e-02,-7.040190696716308594e-02,-4.572587087750434875e-03,1.093427389860153198e-01,-2.073226124048233032e-02,-5.213290452957153320e-02,9.597560763359069824e-02,3.883605357259511948e-03,-3.216334432363510132e-02,4.515019245445728302e-03,-8.032710105180740356e-02,-4.256188124418258667e-02,2.440114878118038177e-02,8.453959599137306213e-03,5.560072138905525208e-02,3.417135158088058233e-04,-2.000324800610542297e-02,-3.548281267285346985e-02,-8.433834463357925415e-02,4.421907663345336914e-02,-5.328608676791191101e-02,-1.040953327901661396e-03,4.100229963660240173e-02,-9.280456579290330410e-04,-2.254940196871757507e-02,2.084683813154697418e-02,4.754485096782445908e-03,3.127823024988174438e-02,-5.742322653532028198e-02,-8.195557747967541218e-04,1.148079186677932739e-01,1.714868657290935516e-02,-6.682515889406204224e-02,-3.104436583817005157e-02,-7.591566443443298340e-02,-1.927094906568527222e-02,5.384889245033264160e-02,-6.054342165589332581e-02,-4.234908148646354675e-02,-2.315033925697207451e-03,7.216473668813705444e-02,-7.445762306451797485e-02,1.436762418597936630e-02,3.597608953714370728e-02,-9.059654921293258667e-02,1.806548237800598145e-02,7.853128761053085327e-02,8.349829167127609253e-02,7.168682664632797241e-02,-3.265822306275367737e-02,-5.395549908280372620e-02,-2.097952924668788910e-02,1.540650799870491028e-02,4.100406169891357422e-02
-4.348221234977245331e-03,3.870413452386856079e-02,-2.899974584579467773e-01,-4.598691686987876892e-02,3.459342289716005325e-03,-6.809207051992416382e-02,-1.634563691914081573e-02,-7.700581103563308716e-02,5.131103098392486572e-03,2.842720970511436462e-02,2.120623588562011719e-01,-5.037081241607666016e-02,7.711295783519744873e-02,-1.348590850830078125e-01,1.202278137207031250e-01,8.122423291206359863e-02,1.775580644607543945e-02,1.873507797718048096e-01,-3.171648830175399780e-02,-1.693268269300460815e-01,3.624988794326782227e-01,2.211404591798782349e-01,1.468823403120040894e-01,1.412743330001831055e-01,2.304037287831306458e-02,3.540489375591278076e-01,-2.878688573837280273e-01,-1.765244901180267334e-01,3.237874209880828857e-01,-1.229914426803588867e-01,3.111709281802177429e-02,-2.130203247070312500e-01,3.450722992420196533e-02,2.439374774694442749e-01,-3.235459793359041214e-03,-1.784684509038925171e-01,-4.122156649827957153e-02,3.807488083839416504e-02,-1.732454076409339905e-02,-1.042763739824295044e-01,2.275798469781875610e-01,-1.133119910955429077e-01,2.798802256584167480e-01,2.238153107464313507e-02,1.806029863655567169e-02,-1.396236270666122437e-01,-2.029079645872116089e-01,2.479705028235912323e-02,-7.232844829559326172e-02,-1.308325976133346558e-01,3.816076368093490601e-02,-1.396737992763519287e-01,5.652885138988494873e-02,1.160312294960021973e-01,-1.123192235827445984e-01,-1.763994097709655762e-01,5.740386620163917542e-02,2.346537262201309204e-02,-8.177593350410461426e-02,-5.633609741926193237e-02,1.103022322058677673e-01,-4.436538740992546082e-02,9.132560342550277710e-03,2.103534713387489319e-02,-2.878381311893463135e-02,-4.183114692568778992e-02,8.133868873119354248e-02,2.400778532028198242e-01,-2.986778914928436279e-01,2.152571454644203186e-02,-9.240693598985671997e-02,-8.250816166400909424e-02,-5.715288221836090088e-02,2.453501224517822266e-01,-7.839682698249816895e-02,-1.168077588081359863e-01,-2.374280802905559540e-02,3.279219865798950195e-01,1.907833218574523926e-01,-8.567599952220916748e-02,1.575463563203811646e-01,9.907356463372707367e-03,-1.950770616531372070e-01,4.214736167341470718e-03,-1.129391938447952271e-01,-2.907114028930664062e-01,1.914033293724060059e-01,3.834702819585800171e-02,1.880032718181610107e-01,-2.809140365570783615e-03,-7.258229702711105347e-02,-8.408460416831076145e-04,-9.914425760507583618e-02,7.731132209300994873e-02,-1.126640960574150085e-01,5.371364578604698181e-02,1.226459071040153503e-01,-1.930009224452078342e-03,-1.138368323445320129e-01,-9.036918729543685913e-02,-2.485966123640537262e-02,2.540463209152221680e-02,-1.043146625161170959e-01,-7.554543553851544857e-04,2.707900106906890869e-01,-1.072677224874496460e-01,2.689371444284915924e-02,-1.149985641241073608e-01,-1.656315475702285767e-01,-6.103054061532020569e-02,-3.345870599150657654e-02,-7.652777433395385742e-02,-1.438379883766174316e-01,-2.619330212473869324e-02,2.852721214294433594e-01,-2.403113543987274170e-01,1.114121228456497192e-01,1.476441770792007446e-01,-1.298209279775619507e-01,1.158579997718334198e-02,3.009118139743804932e-01,1.830203980207443237e-01,1.946612596511840820e-01,-8.469850569963455200e-02,-2.971736788749694824e-01,-3.269469132646918297e-03,4.389045387506484985e-02,5.805722996592521667e-02
-1.015899479389190674e-01,-1.500773057341575623e-02,1.502595245838165283e-01,-5.686175078153610229e-02,-9.239299106411635876e-04,2.148076705634593964e-02,-1.508231391198933125e-03,-6.584753841161727905e-02,-1.004070136696100235e-02,-2.079288102686405182e-02,-5.037081241607666016e-02,4.019365832209587097e-02,-1.105224788188934326e-01,-2.954162470996379852e-02,-8.995525538921356201e-02,-3.554080054163932800e-02,-1.195106282830238342e-02,-1.351136714220046997e-01,-5.707935895770788193e-03,3.069049119949340820e-02,-7.921695709228515625e-02,-9.965230524539947510e-02,-1.262714266777038574e-01,4.957218468189239502e-02,-2.330178394913673401e-02,-1.061339005827903748e-01,1.178844794631004333e-01,5.380174517631530762e-02,-1.084103360772132874e-01,1.000580415129661560e-01,1.558896154165267944e-02,1.596491187810897827e-01,-1.005888059735298157e-01,-7.971488684415817261e-02,4.025882575660943985e-03,1.396308094263076782e-01,1.520506571978330612e-02,-2.402165159583091736e-02,3.400742635130882263e-02,1.647162735462188721e-01,-1.254146695137023926e-01,1.931220106780529022e-02,-8.826337754726409912e-02,-1.584601402282714844e-02,-9.928205609321594238e-02,1.374503076076507568e-01,9.774701297283172607e-02,1.189966406673192978e-02,2.492835931479930878e-02,4.832618311047554016e-02,-2.179788984358310699e-02,2.019004337489604950e-02,-1.050339266657829285e-01,1.945965550839900970e-02,8.005008101463317871e-03,1.134693399071693420e-01,-2.967408299446105957e-02,-1.376994047313928604e-02,1.409818604588508606e-02,5.508945882320404053e-02,2.494061924517154694e-02,-4.423790797591209412e-02,-1.388440094888210297e-02,-7.532841060310602188e-03,3.078193776309490204e-02,2.254441194236278534e-02,-4.285713285207748413e-02,-1.453366577625274658e-01,1.549315899610519409e-01,4.553347080945968628e-02,1.293833851814270020e-01,6.381167471408843994e-02,5.078295245766639709e-02,-1.257442981004714966e-01,6.241770461201667786e-02,9.772408753633499146e-02,5.390495061874389648e-03,-1.715025603771209717e-01,5.219731107354164124e-02,1.314003020524978638e-01,-1.441485583782196045e-01,-6.940802559256553650e-03,5.288636311888694763e-02,-9.693322703242301941e-03,1.181741282343864441e-01,3.703994676470756531e-02,-1.202122308313846588e-02,-1.588934473693370819e-02,-7.045999914407730103e-02,-1.286096987314522266e-03,2.487016841769218445e-02,5.969887599349021912e-02,1.190527603030204773e-01,-5.445897951722145081e-02,7.437193393707275391e-02,1.385515648871660233e-02,-6.532596051692962646e-02,1.507904147729277611e-03,6.441811472177505493e-02,-7.468958944082260132e-02,-5.174538586288690567e-03,-2.496281079947948456e-02,9.609112888574600220e-02,2.946964697912335396e-03,-1.805666834115982056e-01,-3.472669795155525208e-02,7.985349744558334351e-02,5.969317257404327393e-02,6.440167129039764404e-02,2.660294622182846069e-02,-1.217138841748237610e-01,7.173386961221694946e-02,8.461804687976837158e-02,3.488679975271224976e-02,-1.436393260955810547e-01,1.281357407569885254e-01,-6.031103804707527161e-02,-6.203322857618331909e-02,1.645552217960357666e-01,-2.649302408099174500e-02,-9.451223164796829224e-02,-1.379488855600357056e-01,-1.226722374558448792e-01,3.516944125294685364e-02,9.685029834508895874e-02,2.321495115756988525e-02,-2.510416693985462189e-02,-8.419683575630187988e-02
