5.101212263107299805e-01,1.734695397317409515e-02,-1.661262512207031250e-01,5.995547398924827576e-02,3.960029780864715576e-01,-3.316042125225067139e-01,1.324991434812545776e-01,4.856978058815002441e-01,2.678506076335906982e-01,2.156809121370315552e-01,-2.289528995752334595e-01,-2.152681052684783936e-01,5.186694487929344177e-02,2.594936788082122803e-01,2.420914620161056519e-01,4.027853608131408691e-01,-1.032534171827137470e-03,9.877426922321319580e-02,-1.311328262090682983e-01,-2.325984239578247070e-01,-2.485332638025283813e-01,1.288028061389923096e-01,7.077109813690185547e-02,4.260738193988800049e-02,4.720931500196456909e-02,2.891329228878021240e-01,-1.857032775878906250e-01,-3.903076350688934326e-01,2.224434167146682739e-01,-2.147668004035949707e-01,-1.705585569143295288e-01,-2.793265879154205322e-01,8.954657614231109619e-02,1.989255994558334351e-01,-2.483552694320678711e-02,-2.878135442733764648e-01,1.579681783914566040e-01,2.365659028291702271e-01,-4.015073776245117188e-01,-4.945936799049377441e-01,3.873594403266906738e-01,1.508942842483520508e-01,1.222252547740936279e-01,7.555492967367172241e-02,-5.778202787041664124e-02,-1.577504910528659821e-02,-2.379414290189743042e-01,-1.562417745590209961e-01,1.175125315785408020e-01,-4.157505929470062256e-02,-2.042369097471237183e-01,-1.843999028205871582e-01,4.476505815982818604e-01,-7.990859448909759521e-02,-1.339624822139739990e-01,-3.854770660400390625e-01,2.397231161594390869e-01,1.551042590290307999e-02,-3.684721887111663818e-02,-1.300744116306304932e-01,-1.804133206605911255e-01,3.289598599076271057e-02,5.777180660516023636e-03,2.719977200031280518e-01,1.295024752616882324e-01,-5.709196627140045166e-02,-2.207878381013870239e-01,3.356432616710662842e-01,-2.709783017635345459e-01,2.858331203460693359e-01,-3.875928223133087158e-01,1.731691360473632812e-01,-5.222488939762115479e-02,2.247251570224761963e-01,-2.860458791255950928e-01,-3.624082207679748535e-01,-3.206658002454787493e-04,2.547769844532012939e-01,-1.879958957433700562e-01,-2.924582958221435547e-01,3.257844448089599609e-01,6.136868032626807690e-04,-3.314895033836364746e-01,-1.562445657327771187e-03,-5.077913403511047363e-01,-7.106961309909820557e-02,3.574328124523162842e-01,5.763929337263107300e-03,4.996021836996078491e-02,2.724566757678985596e-01,-2.594577372074127197e-01,1.216193288564682007e-01,-9.612283110618591309e-02,-1.208605896681547165e-02,-2.941771447658538818e-01,-3.836714327335357666e-01,2.466294169425964355e-01,-4.675278614740818739e-05,-3.125048577785491943e-01,3.811710178852081299e-01,-3.920950889587402344e-01,4.187147617340087891e-01,-2.658008337020874023e-01,-2.697728574275970459e-01,2.068269699811935425e-01,2.444342970848083496e-01,-1.108995229005813599e-01,-1.178827732801437378e-01,-4.300381541252136230e-01,3.488265792839229107e-04,1.826482862234115601e-01,-5.131716653704643250e-02,-1.629942804574966431e-01,8.205454796552658081e-02,3.027650415897369385e-01,-2.667311131954193115e-01,4.471267461776733398e-01,-5.251166224479675293e-02,-4.138348698616027832e-01,1.009121164679527283e-01,-8.074982091784477234e-03,3.082185983657836914e-01,3.072269856929779053e-01,1.258289963006973267e-01,-2.331041246652603149e-01,-1.196962594985961914e-01,2.039702981710433960e-02,2.295879721641540527e-01
1.734695397317409515e-02,1.045957021415233612e-02,-8.705925196409225464e-02,7.027839869260787964e-02,5.168667063117027283e-02,-2.157123759388923645e-02,-9.077488444745540619e-03,3.645205497741699219e-02,5.495898053050041199e-02,5.472421273589134216e-02,-6.203172262758016586e-03,-4.486875608563423157e-02,8.034678548574447632e-02,7.311356067657470703e-02,8.021919429302215576e-02,9.315956383943557739e-02,-2.016140380874276161e-03,6.859982013702392578e-02,-7.753022760152816772e-02,-6.137306988239288330e-02,-3.501746803522109985e-02,6.999344378709793091e-02,6.700608879327774048e-02,-1.910419203341007233e-02,1.136895176023244858e-02,8.424796164035797119e-02,-8.854424208402633667e-02,-4.615926742553710938e-02,8.382304012775421143e-02,-2.549649961292743683e-02,5.605116486549377441e-03,-9.615126252174377441e-02,6.405806541442871094e-02,6.049874424934387207e-02,-3.463378408923745155e-03,-9.445387125015258789e-02,5.691720172762870789e-02,7.980715483427047729e-02,-7.366747409105300903e-02,-5.199870839715003967e-02,8.009200543165206909e-02,1.070847548544406891e-02,8.761043101549148560e-02,2.199996635317802429e-02,2.462371485307812691e-03,-7.486320286989212036e-02,-8.609294891357421875e-02,-2.461436204612255096e-02,-1.861968892626464367e-03,1.952211000025272369e-02,4.102787934243679047e-04,-1.139058358967304230e-02,5.278843641281127930e-02,-1.012182235717773438e-02,-2.145658619701862335e-02,-9.770733118057250977e-02,3.922573477029800415e-02,5.139652173966169357e-03,-7.340154796838760376e-02,-7.299221307039260864e-02,1.323687960393726826e-03,5.385391414165496826e-04,2.201796509325504303e-03,2.339705824851989746e-02,1.938083767890930176e-02,-2.527136541903018951e-02,4.511032626032829285e-02,9.041175991296768188e-02,-8.685834705829620361e-02,2.302912250161170959e-02,-7.288417220115661621e-02,-1.872861944139003754e-02,-2.549439109861850739e-02,8.027581125497817993e-02,-3.465073928236961365e-02,-8.724103122949600220e-02,-6.684153922833502293e-04,9.549095481634140015e-02,-4.261647909879684448e-02,-8.016964048147201538e-02,9.010504931211471558e-02,1.884924131445586681e-04,-7.010062783956527710e-02,2.111708454322069883e-05,-7.946112006902694702e-02,-8.213903754949569702e-02,4.303404316306114197e-02,1.881931792013347149e-03,6.346971541643142700e-02,6.026934459805488586e-02,-2.235351502895355225e-02,-3.232575580477714539e-02,-8.108667284250259399e-02,4.288893938064575195e-02,-7.709386944770812988e-02,2.557322615757584572e-03,6.574705243110656738e-02,-5.907371814828366041e-06,-6.387899070978164673e-02,6.692908704280853271e-02,-3.022280335426330566e-02,3.203159943222999573e-02,-9.215641021728515625e-02,-7.642211019992828369e-02,1.029532402753829956e-01,-8.903601206839084625e-03,-7.916915416717529297e-02,-9.152986109256744385e-02,-1.777054183185100555e-02,-2.378369215875864029e-03,5.943217873573303223e-02,-6.578134745359420776e-02,-8.713396638631820679e-02,-4.923828877508640289e-03,9.442698955535888672e-02,-8.306641131639480591e-02,5.098292604088783264e-02,2.838268876075744629e-02,-8.653053641319274902e-02,3.986264765262603760e-02,6.717757135629653931e-02,7.170826941728591919e-02,7.692712545394897461e-02,-6.024689227342605591e-02,-4.881624504923820496e-02,-5.099313333630561829e-02,-1.928118173964321613e-03,7.024902850389480591e-02
-1.661262512207031250e-01,-8.705925196409225464e-02,7.508324980735778809e-01,-6.518471240997314453e-01,-4.448239505290985107e-01,1.387519985437393188e-01,3.533180803060531616e-02,-3.389696478843688965e-01,-4.662834107875823975e-01,-5.130178332328796387e-01,9.362328052520751953e-02,4.244940578937530518e-01,-6.344347000122070312e-01,-6.694314479827880859e-01,-7.094038128852844238e-01,-7.335200309753417969e-01,1.715918816626071930e-02,-5.772473812103271484e-01,6.838368773460388184e-01,5.962756276130676270e-01,3.244487643241882324e-01,-6.496476531028747559e-01,-6.322472691535949707e-01,1.804870367050170898e-01,-1.071586906909942627e-01,-6.513994932174682617e-01,7.374370098114013672e-01,3.576935827732086182e-01,-7.192564606666564941e-01,2.425693273544311523e-01,-2.886382117867469788e-02,7.870271801948547363e-01,-5.631951689720153809e-01,-6.140494942665100098e-01,3.375583142042160034e-02,7.582456469535827637e-01,-5.091171860694885254e-01,-6.967920660972595215e-01,5.775547623634338379e-01,5.117727518081665039e-01,-6.600629687309265137e-01,-1.136380359530448914e-01,-7.252650260925292969e-01,-2.084408253431320190e-01,-3.650006651878356934e-02,6.388700604438781738e-01,7.495249509811401367e-01,2.270656079053878784e-01,1.147650368511676788e-02,-8.523623645305633545e-02,4.066179972141981125e-03,1.511102020740509033e-01,-4.977895021438598633e-01,1.057101264595985413e-01,1.881645321846008301e-01,7.981976270675659180e-01,-3.976833224296569824e-01,-4.796306788921356201e-02,6.114915609359741211e-01,6.549452543258666992e-01,2.383675239980220795e-02,-3.609061241149902344e-02,-2.088579908013343811e-02,-1.944059431552886963e-01,-1.610290408134460449e-01,2.248470783233642578e-01,-3.391431570053100586e-01,-7.301434278488159180e-01,7.310532331466674805e-01,-1.729059964418411255e-01,6.456208825111389160e-01,1.859780102968215942e-01,2.485890090465545654e-01,-7.102283835411071777e-01,2.807791233062744141e-01,7.228502631187438965e-01,5.170663353055715561e-03,-7.955021858215332031e-01,4.192203581333160400e-01,6.990330219268798828e-01,-7.705878615379333496e-01,-1.808336819522082806e-03,6.261236071586608887e-01,6.167863612063229084e-04,6.527752876281738281e-01,6.897237300872802734e-01,-3.981660306453704834e-01,-1.635796017944812775e-02,-5.314846634864807129e-01,-5.718406438827514648e-01,2.161318212747573853e-01,2.740083336830139160e-01,6.868866086006164551e-01,-3.926948010921478271e-01,6.773704290390014648e-01,3.512478899210691452e-03,-5.798307061195373535e-01,5.685437281499616802e-05,5.645732879638671875e-01,-5.658593177795410156e-01,3.475320041179656982e-01,-2.715814411640167236e-01,7.692288756370544434e-01,6.716841459274291992e-01,-8.279930949211120605e-01,-3.981965780258178711e-02,6.674132943153381348e-01,7.347090244293212891e-01,1.374618411064147949e-01,2.105171978473663330e-02,-5.451561808586120605e-01,6.313081979751586914e-01,7.370814681053161621e-01,-8.434736728668212891e-02,-7.767015099525451660e-01,7.107092738151550293e-01,-4.315869808197021484e-01,-2.673891484737396240e-01,7.373055219650268555e-01,-3.828719556331634521e-01,-5.769112110137939453e-01,-6.441714167594909668e-01,-6.729295849800109863e-01,4.860105514526367188e-01,5.187244415283203125e-01,4.918786585330963135e-01,8.253104984760284424e-03,-6.400064229965209961e-01
5.995547398924827576e-02,7.027839869260787964e-02,-6.518471240997314453e-01,6.913360357284545898e-01,2.602638304233551025e-01,-1.343371998518705368e-02,-5.019335076212882996e-02,1.480451971292495728e-01,3.901666700839996338e-01,4.291125237941741943e-01,-1.390237659215927124e-01,-3.438312411308288574e-01,4.737392663955688477e-01,6.123663783073425293e-01,6.098552942276000977e-01,5.254336595535278320e-01,-1.160092744976282120e-02,4.966086149215698242e-01,-6.569783091545104980e-01,-5.044439435005187988e-01,-3.771438002586364746e-01,5.902716517448425293e-01,5.791718959808349609e-01,-1.567857265472412109e-01,9.191209822893142700e-02,4.341089427471160889e-01,-5.822991132736206055e-01,-1.133238822221755981e-01,5.399028658866882324e-01,-7.436602562665939331e-02,2.138265967369079590e-02,-6.999691128730773926e-01,6.031612753868103027e-01,5.215070843696594238e-01,-1.523860078305006027e-02,-5.790556073188781738e-01,4.049050211906433105e-01,5.700919628143310547e-01,-3.184450268745422363e-01,-4.677259027957916260e-01,5.553058385848999023e-01,1.259614378213882446e-01,5.964565873146057129e-01,1.679729372262954712e-01,-3.392950445413589478e-02,-4.692665934562683105e-01,-6.806114912033081055e-01,-2.050780802965164185e-01,-1.954934932291507721e-02,1.100561022758483887e-01,3.852457925677299500e-02,-3.294318169355392456e-02,4.583812654018402100e-01,-1.129949614405632019e-01,-3.124795667827129364e-02,-6.379446387290954590e-01,3.501385450363159180e-01,3.802317380905151367e-02,-5.477946400642395020e-01,-6.369971036911010742e-01,-4.833053797483444214e-02,1.017518043518066406e-01,2.268281020224094391e-02,1.139325574040412903e-01,1.613938212394714355e-01,-1.897374540567398071e-01,2.992487251758575439e-01,5.498238801956176758e-01,-5.971944332122802734e-01,-3.476923331618309021e-02,-4.847403764724731445e-01,-3.555773943662643433e-02,-2.819681167602539062e-01,6.235826015472412109e-01,-2.303968966007232666e-01,-5.925381779670715332e-01,-2.546031028032302856e-03,6.415362954139709473e-01,-5.015898942947387695e-01,-5.844992995262145996e-01,7.140121459960937500e-01,1.522354432381689548e-03,-4.411895871162414551e-01,1.966142561286687851e-03,-5.096542239189147949e-01,-5.744723081588745117e-01,1.686334460973739624e-01,1.051264815032482147e-02,3.982408046722412109e-01,4.484649896621704102e-01,-1.805140376091003418e-01,-3.821769952774047852e-01,-6.519991159439086914e-01,4.085956811904907227e-01,-6.125567555427551270e-01,1.029900908470153809e-01,4.430585503578186035e-01,-3.887919956468977034e-05,-3.750414550304412842e-01,4.076023697853088379e-01,-1.878181397914886475e-01,2.975988574326038361e-02,-7.066522836685180664e-01,-5.299258232116699219e-01,7.353799939155578613e-01,1.748742014169692993e-01,-7.262200117111206055e-01,-6.041122674942016602e-01,5.266221985220909119e-02,-2.219217643141746521e-02,5.519427657127380371e-01,-6.508508324623107910e-01,-6.787733435630798340e-01,1.777737289667129517e-01,6.366882920265197754e-01,-5.938745141029357910e-01,2.021969258785247803e-01,2.355507761240005493e-01,-6.031896471977233887e-01,3.962540328502655029e-01,4.996597468852996826e-01,5.810897350311279297e-01,5.881878733634948730e-01,-4.720787107944488525e-01,-4.364214539527893066e-01,-4.705312848091125488e-01,-1.881766319274902344e-02,5.295963287353515625e-01
3.960029780864715576e-01,5.168667063117027283e-02,-4.448239505290985107e-01,2.602638304233551025e-01,5.285916328430175781e-01,-3.247436881065368652e-01,6.123949587345123291e-02,5.459502935409545898e-01,3.243552744388580322e-01,3.372706472873687744e-01,-1.349571943283081055e-01,-3.150172531604766846e-01,3.892184495925903320e-01,3.984799981117248535e-01,4.528377652168273926e-01,6.694669723510742188e-01,-1.076486427336931229e-02,3.525560200214385986e-01,-3.531860411167144775e-01,-3.645174205303192139e-01,-1.601028144359588623e-01,3.272484540939331055e-01,2.889201641082763672e-01,-4.321787878870964050e-02,6.906510144472122192e-02,5.681933164596557617e-01,-4.723251461982727051e-01,-5.271753668785095215e-01,5.434953570365905762e-01,-3.086756765842437744e-01,-7.504755258560180664e-02,-5.000218749046325684e-01,2.277704477310180664e-01,3.628824353218078613e-01,-3.773104026913642883e-02,-5.752380490303039551e-01,3.356956541538238525e-01,4.759599268436431885e-01,-6.719852685928344727e-01,-4.703389108180999756e-01,5.495721697807312012e-01,1.108601912856101990e-01,4.398753941059112549e-01,1.400718688964843750e-01,3.628998622298240662e-02,-3.548267185688018799e-01,-4.828615784645080566e-01,-1.901419609785079956e-01,5.441735684871673584e-02,3.770355507731437683e-02,-1.376562118530273438e-01,-2.397935539484024048e-01,4.306921362876892090e-01,-7.463808357715606689e-02,-2.510954439640045166e-01,-6.512242555618286133e-01,2.988654375076293945e-01,3.225612640380859375e-02,-2.999385595321655273e-01,-3.319205045700073242e-01,-6.811567395925521851e-02,-4.760788381099700928e-02,8.283879607915878296e-03,2.721651494503021240e-01,1.384026706218719482e-01,-1.338658928871154785e-01,5.288231372833251953e-02,6.068976521492004395e-01,-5.069099664688110352e-01,3.792448341846466064e-01,-5.782936215400695801e-01,-6.641508638858795166e-02,-6.327193230390548706e-02,4.432256817817687988e-01,-3.042450845241546631e-01,-5.825470685958862305e-01,-3.865984734147787094e-03,5.668566226959228516e-01,-2.060984522104263306e-01,-4.883502423763275146e-01,5.240513086318969727e-01,1.103237154893577099e-03,-5.368627905845642090e-01,-2.698289230465888977e-03,-6.513515114784240723e-01,-3.892511129379272461e-01,4.857496917247772217e-01,1.317899581044912338e-02,2.766002416610717773e-01,4.233618378639221191e-01,-2.609066069126129150e-01,4.369683563709259033e-02,-3.339361250400543213e-01,9.342854470014572144e-02,-4.638944566249847412e-01,-2.710032463073730469e-01,4.706006050109863281e-01,-5.612727909465320408e-05,-4.899422526359558105e-01,5.488158464431762695e-01,-4.215608835220336914e-01,4.851638972759246826e-01,-4.866511225700378418e-01,-4.928339421749114990e-01,5.206418037414550781e-01,5.588022992014884949e-02,-2.791679799556732178e-01,-4.622627198696136475e-01,-4.237456619739532471e-01,-3.180984640493988991e-03,2.369317412376403809e-01,-2.193092107772827148e-01,-4.260503649711608887e-01,-4.956590384244918823e-02,6.060716509819030762e-01,-4.882458746433258057e-01,5.555582046508789062e-01,9.979783743619918823e-02,-6.184570789337158203e-01,1.657432466745376587e-01,2.807520329952239990e-01,4.358769655227661133e-01,4.637492597103118896e-01,-1.315028518438339233e-01,-3.213811218738555908e-01,-2.211999744176864624e-01,4.241263493895530701e-03,4.335036277770996094e-01
-3.316042125225067139e-01,-2.157123759388923645e-02,1.387519985437393188e-01,-1.343371998518705368e-02,-3.247436881065368652e-01,3.071878254413604736e-01,-4.826315492391586304e-02,-3.457645773887634277e-01,-2.283479571342468262e-01,-1.586398184299468994e-01,1.092719659209251404e-01,1.548793911933898926e-01,-1.390333920717239380e-01,-1.518424302339553833e-01,-1.678228080272674561e-01,-3.578416705131530762e-01,3.371840575709939003e-03,-1.440462321043014526e-01,1.111549288034439087e-01,1.427259296178817749e-01,1.258697211742401123e-01,-8.842262625694274902e-02,-4.179814085364341736e-02,-1.427457295358181000e-02,-3.426573053002357483e-02,-3.262088298797607422e-01,1.736874729394912720e-01,3.576114475727081299e-01,-1.927678436040878296e-01,1.696264445781707764e-01,9.410139918327331543e-02,2.120046466588973999e-01,-6.165923550724983215e-02,-9.321602433919906616e-02,1.875548623502254486e-02,2.700507938861846924e-01,-1.496258676052093506e-01,-2.052955627441406250e-01,3.729305267333984375e-01,2.622779309749603271e-01,-3.213119506835937500e-01,-7.464274019002914429e-02,-1.451089829206466675e-01,-5.419941246509552002e-02,3.210212662816047668e-02,7.431269437074661255e-02,1.742009669542312622e-01,1.045388504862785339e-01,-8.274646103382110596e-02,-3.931490704417228699e-02,1.343927383422851562e-01,1.005478873848915100e-01,-2.678110301494598389e-01,4.433408752083778381e-02,1.292143911123275757e-01,2.924741208553314209e-01,-1.505070030689239502e-01,-1.272120885550975800e-02,9.276644885540008545e-02,9.850816428661346436e-02,8.322603255510330200e-02,2.434413693845272064e-02,-2.291620709002017975e-03,-2.237010002136230469e-01,-1.068372428417205811e-01,5.709739774465560913e-02,6.783822178840637207e-02,-2.969353795051574707e-01,2.344946414232254028e-01,-2.688224911689758301e-01,2.954150438308715820e-01,-1.066815033555030823e-01,2.103846520185470581e-02,-1.731190085411071777e-01,2.373504191637039185e-01,2.916354537010192871e-01,1.758755533955991268e-03,-2.140104621648788452e-01,8.843553811311721802e-02,2.298371344804763794e-01,-2.233448624610900879e-01,-4.121553793083876371e-04,2.537944018840789795e-01,6.130998372100293636e-04,3.901379108428955078e-01,1.090444475412368774e-01,-2.760428488254547119e-01,-6.228275131434202194e-03,-1.247002109885215759e-01,-2.040145099163055420e-01,1.655060946941375732e-01,-8.145471662282943726e-02,1.081251576542854309e-01,4.331752192229032516e-03,2.260366976261138916e-01,2.400373369455337524e-01,-2.011676728725433350e-01,3.212795127183198929e-05,2.520121037960052490e-01,-3.344814181327819824e-01,2.419727444648742676e-01,-3.477389514446258545e-01,2.048173099756240845e-01,2.282551825046539307e-01,-1.973899602890014648e-01,-5.333115812391042709e-03,6.711386144161224365e-02,1.742683947086334229e-01,3.482728600502014160e-01,5.862224497832357883e-04,-9.602627158164978027e-02,-1.189011894166469574e-02,1.451416015625000000e-01,6.745362281799316406e-02,-2.469306290149688721e-01,2.190986573696136475e-01,-3.545604944229125977e-01,2.027401886880397797e-02,3.009718656539916992e-01,-5.215189978480339050e-02,-5.582631006836891174e-02,-2.143990993499755859e-01,-2.146216034889221191e-01,-1.955614797770977020e-02,1.086579039692878723e-01,6.629007309675216675e-02,-9.151839651167392731e-03,-1.819837391376495361e-01
1.324991434812545776e-01,-9.077488444745540619e-03,3.533180803060531616e-02,-5.019335076212882996e-02,6.123949587345123291e-02,-4.826315492391586304e-02,1.094737723469734192e-01,1.149445921182632446e-01,-1.030188519507646561e-02,2.458322048187255859e-02,-9.612467139959335327e-02,-1.313024479895830154e-02,-1.124838739633560181e-01,-5.254626739770174026e-03,-2.199136093258857727e-02,-2.603044500574469566e-03,1.549354637973010540e-03,-7.496994733810424805e-02,2.080512419342994690e-02,-3.122965246438980103e-02,-4.905745014548301697e-02,-3.795069083571434021e-02,-4.451284185051918030e-02,3.949835523962974548e-02,3.470318159088492393e-03,-3.074494935572147369e-02,4.711922630667686462e-02,-4.948192089796066284e-02,-1.626697368919849396e-02,-7.461044937372207642e-02,-6.566527485847473145e-02,2.665723301470279694e-02,-2.858760394155979156e-02,2.190918847918510437e-02,-2.729122526943683624e-03,3.847866877913475037e-02,-2.106012403964996338e-02,-1.347172539681196213e-02,-2.357639744877815247e-02,-1.229532137513160706e-01,2.705662138760089874e-02,4.233503341674804688e-02,-7.454940676689147949e-02,9.998881723731756210e-04,-4.610757902264595032e-02,8.292499929666519165e-02,1.719363033771514893e-02,-9.866232052445411682e-03,5.737433210015296936e-02,-5.991794541478157043e-02,-5.367785692214965820e-02,-6.423135846853256226e-02,9.487373381853103638e-02,-3.828493645414710045e-03,-1.377985533326864243e-02,-7.753101643174886703e-03,3.367257118225097656e-02,-1.527561806142330170e-03,6.763751804828643799e-02,5.835625529289245605e-02,-8.868793398141860962e-02,2.794287353754043579e-02,-5.749441334046423435e-04,8.438382297754287720e-02,1.284198928624391556e-02,1.392722129821777344e-02,-1.552437990903854370e-01,-1.069090887904167175e-02,2.375053241848945618e-02,6.914959102869033813e-02,-5.463935434818267822e-02,7.113780826330184937e-02,1.342871133238077164e-02,-2.848137542605400085e-02,-5.487785115838050842e-02,-2.833271585404872894e-02,1.057935412973165512e-03,-2.248827554285526276e-02,-1.662271469831466675e-02,4.771178937517106533e-04,1.260434370487928391e-02,-3.583537181839346886e-05,-3.307214006781578064e-02,-1.403176342137157917e-03,-6.881767511367797852e-02,9.666679799556732178e-02,1.038131043314933777e-01,-1.087167533114552498e-03,-6.455172598361968994e-02,2.343717403709888458e-02,-6.478990614414215088e-02,7.764143496751785278e-02,6.120760366320610046e-02,-4.465302452445030212e-02,-1.549305953085422516e-02,-1.441456377506256104e-01,-3.129352582618594170e-03,-1.314010660280473530e-05,-1.218869443982839584e-02,4.327744618058204651e-02,-1.258117258548736572e-01,1.109042540192604065e-01,3.228233009576797485e-02,4.454555921256542206e-03,-3.015392273664474487e-02,1.376259028911590576e-01,4.645668342709541321e-02,9.350203722715377808e-02,-1.228690072894096375e-01,2.018203493207693100e-03,-3.078440390527248383e-02,1.645364426076412201e-02,7.280313223600387573e-02,1.016405150294303894e-01,-2.284611016511917114e-02,5.975886248052120209e-03,6.645822525024414062e-02,-4.547016322612762451e-02,-4.141294211149215698e-02,-1.179275941103696823e-02,-9.820590168237686157e-02,3.238096088171005249e-02,1.222808030433952808e-03,1.431408375501632690e-01,-3.404724970459938049e-02,6.588817108422517776e-03,1.246913056820631027e-02,2.249631844460964203e-02
4.856978058815002441e-01,3.645205497741699219e-02,-3.389696478843688965e-01,1.480451971292495728e-01,5.459502935409545898e-01,-3.457645773887634277e-01,1.149445921182632446e-01,6.696182489395141602e-01,2.556148469448089600e-01,2.868881821632385254e-01,-1.321378350257873535e-01,-3.120600879192352295e-01,2.819373011589050293e-01,3.422421216964721680e-01,3.940273821353912354e-01,6.157650351524353027e-01,-7.708448916673660278e-03,2.415362596511840820e-01,-2.161065787076950073e-01,-3.210753500461578369e-01,-6.759716570377349854e-02,2.646271586418151855e-01,2.030576765537261963e-01,-2.873823791742324829e-02,6.063802912831306458e-02,4.960736036300659180e-01,-3.829274177551269531e-01,-5.718038678169250488e-01,5.116060376167297363e-01,-3.424533009529113770e-01,-1.194517165422439575e-01,-3.823136985301971436e-01,6.286910921335220337e-02,3.592547178268432617e-01,-4.840155318379402161e-02,-5.016332864761352539e-01,2.873948216438293457e-01,4.062504470348358154e-01,-6.940923929214477539e-01,-4.898852705955505371e-01,4.653049707412719727e-01,1.092828512191772461e-01,3.250786066055297852e-01,1.317347735166549683e-01,1.073270440101623535e-01,-2.875157892704010010e-01,-3.886143267154693604e-01,-1.845134645700454712e-01,6.537316739559173584e-02,-9.131150692701339722e-02,-1.990924626588821411e-01,-3.426609337329864502e-01,4.122222661972045898e-01,-8.666443824768066406e-02,-3.145778477191925049e-01,-5.901172757148742676e-01,3.074021041393280029e-01,3.083435259759426117e-02,-1.313624978065490723e-01,-2.278573215007781982e-01,-9.166146814823150635e-02,-7.400239259004592896e-02,4.028353840112686157e-03,2.411323636770248413e-01,1.046346127986907959e-01,-1.037796735763549805e-01,-9.129356592893600464e-02,5.388768911361694336e-01,-4.337448775768280029e-01,4.399138391017913818e-01,-5.693872570991516113e-01,-1.207141950726509094e-01,-3.576233517378568649e-03,3.807103335857391357e-01,-2.458989769220352173e-01,-4.919023513793945312e-01,-3.362698480486869812e-03,4.915058314800262451e-01,-1.320004612207412720e-01,-4.206621348857879639e-01,4.215865433216094971e-01,1.048061181791126728e-03,-5.361121892929077148e-01,-4.419599194079637527e-03,-6.076033115386962891e-01,-2.934818863868713379e-01,5.423926115036010742e-01,1.327646523714065552e-02,1.646017730236053467e-01,4.179888963699340820e-01,-2.725384235382080078e-01,2.158999741077423096e-01,-1.838198751211166382e-01,-1.516098249703645706e-02,-3.754389882087707520e-01,-3.965955376625061035e-01,4.328598976135253906e-01,-6.075371493352577090e-05,-5.063391923904418945e-01,5.161045789718627930e-01,-5.346045494079589844e-01,5.805597901344299316e-01,-3.779434561729431152e-01,-4.468095600605010986e-01,3.647409677505493164e-01,1.147220358252525330e-01,-9.218662232160568237e-02,-3.434173762798309326e-01,-5.189331173896789551e-01,5.381959490478038788e-03,1.538082212209701538e-01,-1.052703633904457092e-01,-3.143600225448608398e-01,-7.993493229150772095e-03,5.329571366310119629e-01,-3.998390138149261475e-01,6.229124665260314941e-01,6.479726731777191162e-02,-5.700823068618774414e-01,9.521605074405670166e-02,1.689281016588211060e-01,3.595798611640930176e-01,3.857676982879638672e-01,4.331229627132415771e-02,-3.466321825981140137e-01,-1.472739726305007935e-01,2.228568680584430695e-02,3.681619465351104736e-01
2.678506076335906982e-01,5.495898053050041199e-02,-4.662834107875823975e-01,3.901666700839996338e-01,3.243552744388580322e-01,-2.283479571342468262e-01,-1.030188519507646561e-02,2.556148469448089600e-01,4.853636026382446289e-01,3.763723373413085938e-01,-1.535200178623199463e-01,-3.102385699748992920e-01,3.472912311553955078e-01,5.035668015480041504e-01,4.905632436275482178e-01,5.701710581779479980e-01,-7.132066413760185242e-03,3.183623552322387695e-01,-4.694847464561462402e-01,-4.207790791988372803e-01,-4.350204169750213623e-01,4.340744018554687500e-01,3.427080214023590088e-01,-9.803674370050430298e-02,8.508772403001785278e-02,5.012369751930236816e-01,-4.993253350257873535e-01,-2.670964598655700684e-01,3.994480073451995850e-01,-1.387550234794616699e-01,-8.006872236728668213e-02,-6.527347564697265625e-01,4.161857962608337402e-01,3.736589848995208740e-01,-1.694682985544204712e-02,-5.600987076759338379e-01,3.303036391735076904e-01,4.730266332626342773e-01,-3.744088113307952881e-01,-4.821079969406127930e-01,5.728301405906677246e-01,1.345481723546981812e-01,4.241973459720611572e-01,1.257108002901077271e-01,-9.062022715806961060e-02,-3.228308856487274170e-01,-4.943327605724334717e-01,-1.728879213333129883e-01,8.392073959112167358e-02,4.478394612669944763e-02,-8.849731087684631348e-02,-2.417931333184242249e-02,5.102010965347290039e-01,-1.110037639737129211e-01,-6.040440499782562256e-02,-5.868644714355468750e-01,3.049743175506591797e-01,2.852509915828704834e-02,-3.675597012042999268e-01,-4.254075884819030762e-01,-1.327555775642395020e-01,1.114578619599342346e-01,1.647048071026802063e-02,2.405342310667037964e-01,1.771067380905151367e-01,-1.495805829763412476e-01,8.441531658172607422e-02,5.139076709747314453e-01,-5.413545966148376465e-01,1.153573170304298401e-01,-4.590760767459869385e-01,1.211637258529663086e-01,-2.424935996532440186e-01,5.032601356506347656e-01,-3.019864559173583984e-01,-5.414670705795288086e-01,-2.339520724490284920e-03,5.280300378799438477e-01,-3.465317189693450928e-01,-5.424990653991699219e-01,6.068447828292846680e-01,1.195881981402635574e-03,-4.067364335060119629e-01,2.233625389635562897e-03,-5.686048865318298340e-01,-3.900301754474639893e-01,2.555217146873474121e-01,9.158913046121597290e-03,3.831461966037750244e-01,4.023533463478088379e-01,-1.886941343545913696e-01,-1.933231204748153687e-01,-4.770255982875823975e-01,2.907402813434600830e-01,-5.315712094306945801e-01,-1.044639796018600464e-01,3.099209070205688477e-01,-4.386578802950680256e-05,-3.986169099807739258e-01,4.445971548557281494e-01,-2.674699723720550537e-01,2.660014629364013672e-01,-6.075376868247985840e-01,-4.639630913734436035e-01,6.079908609390258789e-01,7.410328835248947144e-02,-5.272424221038818359e-01,-4.644173681735992432e-01,-1.951348930597305298e-01,-2.074682153761386871e-02,5.133869647979736328e-01,-4.066806733608245850e-01,-4.994850754737854004e-01,1.358740925788879395e-01,4.921369254589080811e-01,-5.204198956489562988e-01,3.457496166229248047e-01,8.499823510646820068e-02,-5.573282241821289062e-01,2.964593768119812012e-01,2.610284984111785889e-01,5.227278470993041992e-01,5.063981413841247559e-01,-2.346185892820358276e-01,-3.665020763874053955e-01,-3.698900938034057617e-01,1.291226968169212341e-02,4.168727695941925049e-01
2.156809121370315552e-01,5.472421273589134216e-02,-5.130178332328796387e-01,4.291125237941741943e-01,3.372706472873687744e-01,-1.586398184299468994e-01,2.458322048187255859e-02,2.868881821632385254e-01,3.763723373413085938e-01,3.774849474430084229e-01,-1.356467455625534058e-01,-3.049058616161346436e-01,3.796714842319488525e-01,4.954760968685150146e-01,5.038564205169677734e-01,5.686430335044860840e-01,-9.834549389779567719e-03,3.437183797359466553e-01,-4.888927042484283447e-01,-4.339147508144378662e-01,-3.271843492984771729e-01,4.390896260738372803e-01,3.947499096393585205e-01,-1.013011261820793152e-01,7.996539026498794556e-02,4.818039536476135254e-01,-5.212904810905456543e-01,-2.727329730987548828e-01,4.901242852210998535e-01,-1.904402524232864380e-01,-3.926924616098403931e-02,-6.205638647079467773e-01,4.040809273719787598e-01,4.291891753673553467e-01,-2.167815715074539185e-02,-5.623739361763000488e-01,3.379042744636535645e-01,4.915728569030761719e-01,-4.263761043548583984e-01,-4.635455608367919922e-01,5.303186178207397461e-01,1.153496503829956055e-01,4.698362052440643311e-01,1.389153450727462769e-01,-3.624071925878524780e-02,-3.918421268463134766e-01,-5.329663157463073730e-01,-1.642303913831710815e-01,4.825227707624435425e-02,2.888284064829349518e-02,-5.142841488122940063e-02,-1.009183824062347412e-01,4.541466236114501953e-01,-8.613809198141098022e-02,-1.094983965158462524e-01,-6.198379397392272949e-01,2.989681363105773926e-01,3.096190281212329865e-02,-3.892692923545837402e-01,-4.321809709072113037e-01,-9.465654939413070679e-02,6.908757239580154419e-02,1.504670176655054092e-02,2.092248052358627319e-01,1.384599208831787109e-01,-1.489911377429962158e-01,1.230612099170684814e-01,5.337406992912292480e-01,-5.354664325714111328e-01,1.417906433343887329e-01,-4.916029572486877441e-01,-1.677132956683635712e-02,-1.946010142564773560e-01,5.053908228874206543e-01,-2.550505399703979492e-01,-5.575073361396789551e-01,-2.711922163143754005e-03,5.797888040542602539e-01,-3.172864019870758057e-01,-5.273773074150085449e-01,6.101107001304626465e-01,1.223294413648545742e-03,-4.486266970634460449e-01,-3.643238960648886859e-05,-5.481901168823242188e-01,-4.271022677421569824e-01,3.123030066490173340e-01,1.009053923189640045e-02,3.536227941513061523e-01,4.078835546970367432e-01,-1.878823488950729370e-01,-1.668395251035690308e-01,-4.742211103439331055e-01,2.662611901760101318e-01,-5.190486311912536621e-01,-9.008507430553436279e-02,3.707635998725891113e-01,-4.619441824615933001e-05,-4.012519121170043945e-01,4.353117346763610840e-01,-3.006755709648132324e-01,2.596120536327362061e-01,-5.862733721733093262e-01,-4.765529334545135498e-01,6.332817077636718750e-01,9.809973090887069702e-02,-5.064062476158142090e-01,-4.876373112201690674e-01,-1.732420325279235840e-01,-1.649689115583896637e-02,4.286395609378814697e-01,-4.430002570152282715e-01,-5.038716793060302734e-01,1.334111243486404419e-01,5.534415841102600098e-01,-5.227871537208557129e-01,3.440902829170227051e-01,1.340464502573013306e-01,-5.784289836883544922e-01,2.755665183067321777e-01,3.145034611225128174e-01,5.015200972557067871e-01,4.986008107662200928e-01,-2.476829290390014648e-01,-3.792861104011535645e-01,-3.533796072006225586e-01,5.462225060909986496e-03,4.532192349433898926e-01
-2.289528995752334595e-01,-6.203172262758016586e-03,9.362328052520751953e-02,-1.390237659215927124e-01,-1.349571943283081055e-01,1.092719659209251404e-01,-9.612467139959335327e-02,-1.321378350257873535e-01,-1.535200178623199463e-01,-1.356467455625534058e-01,2.330824136734008789e-01,9.804710745811462402e-02,7.227218151092529297e-02,-1.545237600803375244e-01,-1.092238053679466248e-01,-9.535762667655944824e-02,-1.526389154605567455e-03,-4.778993129730224609e-02,1.656818985939025879e-01,1.426133960485458374e-01,2.770012319087982178e-01,-8.509878069162368774e-02,-6.114001199603080750e-02,-4.037985950708389282e-02,-2.979675680398941040e-02,-3.761306777596473694e-02,3.146270290017127991e-02,4.661241918802261353e-02,-1.610085926949977875e-02,3.783467784523963928e-02,1.180707886815071106e-01,1.616084128618240356e-01,-1.952787488698959351e-01,-9.065919369459152222e-02,-2.764678327366709709e-03,5.418531969189643860e-02,-6.055017933249473572e-02,-1.052178740501403809e-01,1.918189786374568939e-02,3.159913122653961182e-01,-2.332846522331237793e-01,-1.254186034202575684e-01,-1.899781823158264160e-02,-3.069380484521389008e-02,1.585080474615097046e-01,-1.061525791883468628e-01,1.570649743080139160e-01,9.385741502046585083e-02,-9.236910939216613770e-02,-3.772384300827980042e-02,7.765481621026992798e-02,-1.014913315884768963e-03,-3.076185584068298340e-01,5.965556949377059937e-02,-6.157340854406356812e-02,1.336598396301269531e-01,-1.419929563999176025e-01,-4.488179925829172134e-03,6.660421937704086304e-02,1.200667992234230042e-01,1.645099818706512451e-01,-1.035857796669006348e-01,-7.938695140182971954e-03,-1.775649487972259521e-01,-1.123305037617683411e-01,3.022575937211513519e-02,1.425830274820327759e-01,-1.002205908298492432e-01,1.028895080089569092e-01,-2.505205944180488586e-02,1.615571826696395874e-01,-2.812185287475585938e-01,9.648974239826202393e-02,-1.116040647029876709e-01,2.095965594053268433e-01,1.975097805261611938e-01,-1.813103677704930305e-03,-7.186988741159439087e-02,2.514899373054504395e-01,1.455505788326263428e-01,-2.329772561788558960e-01,-2.543058071751147509e-04,9.056190401315689087e-02,-1.351646496914327145e-03,2.520701587200164795e-01,-2.129046060144901276e-02,-8.095103502273559570e-02,7.271628128364682198e-04,8.797647431492805481e-03,-1.176643520593643188e-01,1.657437533140182495e-01,8.366218209266662598e-02,1.182398051023483276e-01,-7.052645087242126465e-02,2.109544277191162109e-01,1.454838961362838745e-01,-8.915166556835174561e-02,2.201549796154722571e-05,5.926097556948661804e-02,-1.721384823322296143e-01,1.331784725189208984e-01,-7.789066433906555176e-02,1.704867482185363770e-01,1.035737544298171997e-01,-1.448605209589004517e-01,-2.893719971179962158e-01,2.265510410070419312e-01,8.392207324504852295e-03,1.275805383920669556e-01,6.072826217859983444e-03,-1.594016551971435547e-01,1.418758928775787354e-01,1.038206294178962708e-01,-1.660598218441009521e-01,-1.047383174300193787e-01,1.434249281883239746e-01,-8.224111050367355347e-02,3.573807701468467712e-02,1.987571269273757935e-01,-1.245488077402114868e-01,2.183615602552890778e-02,-2.226441353559494019e-01,-1.746063828468322754e-01,-3.681730106472969055e-02,1.063695698976516724e-01,1.248194053769111633e-01,-1.052719308063387871e-03,-1.412565112113952637e-01
-2.152681052684783936e-01,-4.486875608563423157e-02,4.244940578937530518e-01,-3.438312411308288574e-01,-3.150172531604766846e-01,1.548793911933898926e-01,-1.313024479895830154e-02,-3.120600879192352295e-01,-3.102385699748992920e-01,-3.049058616161346436e-01,9.804710745811462402e-02,2.755172848701477051e-01,-3.257248997688293457e-01,-4.244610667228698730e-01,-4.385323524475097656e-01,-5.178166627883911133e-01,7.427441421896219254e-03,-2.846494615077972412e-01,3.769934475421905518e-01,3.543631732463836670e-01,2.294223010540008545e-01,-3.749628365039825439e-01,-3.222374618053436279e-01,8.876513689756393433e-02,-6.652465462684631348e-02,-4.220739006996154785e-01,4.414089024066925049e-01,2.735931277275085449e-01,-4.454145133495330811e-01,1.634301990270614624e-01,4.650838300585746765e-02,5.173558592796325684e-01,-2.857751250267028809e-01,-3.723646700382232666e-01,2.501609548926353455e-02,4.981478154659271240e-01,-2.877322733402252197e-01,-4.195380806922912598e-01,4.272165596485137939e-01,4.066073000431060791e-01,-4.473704695701599121e-01,-9.483367949724197388e-02,-3.928289413452148438e-01,-1.211883202195167542e-01,-1.831476017832756042e-02,3.386902213096618652e-01,4.513247609138488770e-01,1.498085260391235352e-01,-3.005211055278778076e-02,1.346051972359418869e-02,7.296688109636306763e-02,1.282232850790023804e-01,-3.831415772438049316e-01,8.630955219268798828e-02,1.316178888082504272e-01,5.520597100257873535e-01,-2.698160409927368164e-01,-2.811153791844844818e-02,2.828808724880218506e-01,3.589579164981842041e-01,6.968527287244796753e-02,-3.400448337197303772e-02,-1.152628846466541290e-02,-1.502540856599807739e-01,-1.115694940090179443e-01,1.237571612000465393e-01,-8.219005912542343140e-02,-4.718967676162719727e-01,4.602507948875427246e-01,-1.505219042301177979e-01,4.387763440608978271e-01,5.352264270186424255e-02,1.446076780557632446e-01,-4.407934248447418213e-01,1.926822364330291748e-01,4.650675654411315918e-01,2.514341147616505623e-03,-5.061100125312805176e-01,2.492326200008392334e-01,4.539851248264312744e-01,-5.096670389175415039e-01,-1.093310886062681675e-03,4.038644433021545410e-01,3.966676886193454266e-04,4.840479195117950439e-01,3.721251785755157471e-01,-2.802772223949432373e-01,-9.677860885858535767e-03,-2.732879221439361572e-01,-3.605429530143737793e-01,1.656079441308975220e-01,8.280276507139205933e-02,3.684732913970947266e-01,-1.904037892818450928e-01,4.262245893478393555e-01,1.116500273346900940e-01,-3.260526061058044434e-01,4.045880268677137792e-05,3.768076002597808838e-01,-3.817746937274932861e-01,2.924751639366149902e-01,-2.623544335365295410e-01,4.977327585220336914e-01,4.158284664154052734e-01,-5.074580311775207520e-01,-8.290714025497436523e-02,3.740055263042449951e-01,4.171039760112762451e-01,1.823321133852005005e-01,1.042470429092645645e-02,-3.505342304706573486e-01,3.328397870063781738e-01,4.307876825332641602e-01,-9.525517374277114868e-02,-4.937221407890319824e-01,4.364690780639648438e-01,-3.462980091571807861e-01,-1.136891245841979980e-01,5.062832236289978027e-01,-2.152254581451416016e-01,-2.580507993698120117e-01,-4.108832776546478271e-01,-4.187149107456207275e-01,1.779753118753433228e-01,3.415683507919311523e-01,2.780918180942535400e-01,-9.461036883294582367e-03,-3.682900369167327881e-01
