8.156732320785522461e-01,1.240985840559005737e-01,-3.761290609836578369e-01,4.939528182148933411e-02,4.462567865848541260e-01,1.105252802371978760e-01,1.766007840633392334e-01,5.617738962173461914e-01,5.932887271046638489e-02,-3.568825498223304749e-02,-2.188043892383575439e-01,-1.301972419023513794e-01,6.969244480133056641e-01,4.124211370944976807e-01,6.170102357864379883e-01,1.886226087808609009e-01,-1.870900765061378479e-02,-7.771321386098861694e-02,4.139739274978637695e-01,2.166043370962142944e-01,-4.624952673912048340e-01,-1.879535466432571411e-01,5.251464843750000000e-01,-4.462992250919342041e-01,-3.785949200391769409e-02,-6.325948238372802734e-01,9.041236340999603271e-02,-3.210731446743011475e-01,-1.861121505498886108e-01,-6.158501505851745605e-01,-4.711801409721374512e-01,-1.236020028591156006e-01,3.252045810222625732e-01,-2.697515785694122314e-01,-6.218626350164413452e-02,-3.982301652431488037e-01,-1.342627108097076416e-01,1.068811342120170593e-01,-2.094908952713012695e-01,-5.115665793418884277e-01,-3.590886294841766357e-02,2.953473627567291260e-01,-1.092757508158683777e-01,7.313605397939682007e-02,5.842485427856445312e-01,-4.831906259059906006e-01,-3.945255279541015625e-01,-1.491098082624375820e-03,1.244858372956514359e-02,2.982400916516780853e-02,2.721061408519744873e-01,4.671617448329925537e-01,1.390190720558166504e-01,-3.486065194010734558e-02,6.359367072582244873e-02,-1.060826778411865234e-01,1.716163456439971924e-01,9.877411276102066040e-02,1.478607058525085449e-01,8.489568717777729034e-03,-1.093475520610809326e-01,2.303174883127212524e-01,7.830578833818435669e-02,-2.692733407020568848e-01,-1.196977570652961731e-01,7.753253728151321411e-02,3.979088664054870605e-01,3.182668685913085938e-01,1.174110695719718933e-01,2.845481038093566895e-01,-5.367555022239685059e-01,-7.144730091094970703e-01,-4.558197036385536194e-02,-2.466729432344436646e-01,-4.208571836352348328e-02,-4.335150420665740967e-01,-2.563453465700149536e-02,-3.125895932316780090e-02,-6.384544372558593750e-01,-5.433712005615234375e-01,-3.804359436035156250e-01,1.936434581875801086e-02,-1.663544923067092896e-01,9.286726266145706177e-02,-1.813268056139349937e-03,2.223167121410369873e-01,-1.056744530797004700e-01,2.445177733898162842e-02,2.958119213581085205e-01,-1.109150722622871399e-01,7.055314630270004272e-02,-3.865447044372558594e-01,-1.561783161014318466e-02,-6.415141373872756958e-02,9.553307294845581055e-02,-4.352864623069763184e-01,4.058804810047149658e-01,-7.187181618064641953e-03,-3.734115660190582275e-01,6.183613538742065430e-01,1.465187817811965942e-01,1.694257855415344238e-01,-9.916553646326065063e-02,-4.242395982146263123e-02,1.793679893016815186e-01,3.548550605773925781e-01,-7.535539567470550537e-02,1.826411336660385132e-01,-1.679425835609436035e-01,-1.878977380692958832e-02,4.445060491561889648e-01,1.076719835400581360e-01,9.814576804637908936e-02,-3.857710063457489014e-01,9.685941785573959351e-02,-4.589061439037322998e-01,7.901751250028610229e-02,-4.090689122676849365e-02,-5.751079916954040527e-01,7.964902557432651520e-03,-6.504232287406921387e-01,3.779590427875518799e-01,4.874760657548904419e-02,-1.786601692438125610e-01,5.560524463653564453e-01,-3.538152277469635010e-01,2.149905450642108917e-02,4.891346693038940430e-01
1.240985840559005737e-01,4.385360330343246460e-02,-5.099073052406311035e-02,-4.449857026338577271e-02,9.767604619264602661e-02,-7.512706518173217773e-02,-1.459367014467716217e-02,8.572195470333099365e-02,5.043256655335426331e-02,-9.133629500865936279e-03,-1.817650534212589264e-02,-1.300629414618015289e-02,1.344784647226333618e-01,1.077630519866943359e-01,9.475413709878921509e-02,4.065072536468505859e-02,-1.485477853566408157e-02,6.219878327101469040e-03,8.093348890542984009e-02,4.128447920083999634e-02,-1.011594459414482117e-01,-4.051696881651878357e-02,9.285632520914077759e-02,-3.687565028667449951e-02,-1.315920427441596985e-02,-9.108321368694305420e-02,-4.836381413042545319e-03,-7.095277309417724609e-02,-6.510578095912933350e-02,-7.173952460289001465e-02,-9.956614673137664795e-02,-1.860210089944303036e-03,3.098331578075885773e-02,-4.834685474634170532e-02,-4.358314909040927887e-03,-5.204994231462478638e-02,-1.766571402549743652e-02,1.221286412328481674e-02,-9.446450276300311089e-04,-5.011800676584243774e-02,3.273364156484603882e-02,3.101577982306480408e-02,-2.477842150256037712e-03,8.655522949993610382e-03,7.726533710956573486e-02,-5.420205369591712952e-02,-5.338040366768836975e-02,1.138948742300271988e-02,-1.042772550135850906e-02,2.868359908461570740e-02,2.859411761164665222e-02,9.345204383134841919e-02,8.666267618536949158e-03,3.500472381711006165e-02,-9.587815962731838226e-03,-1.804762706160545349e-02,2.087452821433544159e-02,1.333020441234111786e-02,-1.403576135635375977e-02,2.327505499124526978e-02,-2.687037689611315727e-03,2.240153774619102478e-02,7.700296584516763687e-03,-7.343696057796478271e-02,-2.998073399066925049e-02,8.493348956108093262e-03,5.699125677347183228e-02,8.434539288282394409e-02,-3.665663674473762512e-02,7.633410394191741943e-02,-5.437195301055908203e-02,-1.050041392445564270e-01,-1.651907898485660553e-02,-4.264535754919052124e-02,-1.634563319385051727e-02,-6.941231340169906616e-02,-3.818527329713106155e-03,-2.853702567517757416e-02,-6.799419224262237549e-02,-8.543051779270172119e-02,-1.235619634389877319e-01,1.507224515080451965e-03,-2.423463203012943268e-02,1.226858701556921005e-02,1.386778149753808975e-02,8.245632983744144440e-03,-1.552373170852661133e-02,4.268193617463111877e-03,4.301389306783676147e-02,-2.761420607566833496e-02,1.120966579765081406e-02,-4.393604025244712830e-02,-4.396857693791389465e-04,7.940838113427162170e-03,3.230281919240951538e-02,-4.745157063007354736e-02,5.558655038475990295e-02,-4.721991135738790035e-04,-7.073561847209930420e-02,6.878381967544555664e-02,2.844769135117530823e-02,-1.153989229351282120e-02,-2.349877730011940002e-02,-4.208941943943500519e-03,-1.050510350614786148e-02,-2.015756815671920776e-02,4.542129114270210266e-02,5.320179834961891174e-02,-8.288953453302383423e-03,-4.103754647076129913e-03,5.288052931427955627e-02,6.138375401496887207e-02,4.888062365353107452e-03,-9.584526717662811279e-02,1.106073986738920212e-02,-1.082188561558723450e-01,3.235930949449539185e-02,-2.802498824894428253e-02,-8.147885650396347046e-02,-6.490829866379499435e-03,-1.229597255587577820e-01,6.996294111013412476e-02,1.497437246143817902e-02,-7.170095294713973999e-02,8.054134249687194824e-02,-3.809503093361854553e-02,-8.782697841525077820e-03,6.391031295061111450e-02
-3.761290609836578369e-01,-5.099073052406311035e-02,8.409202694892883301e-01,-4.260090589523315430e-01,-3.374961614608764648e-01,-3.969992399215698242e-01,-6.372578740119934082e-01,1.567054539918899536e-01,2.788725495338439941e-01,-1.151655092835426331e-01,2.253568619489669800e-01,2.789625823497772217e-01,-4.049345552921295166e-01,4.483733773231506348e-01,-5.063865780830383301e-01,-1.907663494348526001e-01,-1.663157492876052856e-01,-1.121717765927314758e-01,1.784576624631881714e-01,3.829930722713470459e-01,-2.199383229017257690e-01,-4.204916954040527344e-01,-4.301839768886566162e-01,4.379712939262390137e-01,-3.383830785751342773e-01,-1.117327213287353516e-01,3.797652721405029297e-01,5.995826721191406250e-01,-6.214415431022644043e-01,7.546524405479431152e-01,1.672806441783905029e-01,5.409647226333618164e-01,-5.128080844879150391e-01,-1.730901896953582764e-01,4.173454642295837402e-02,6.106058955192565918e-01,3.947409987449645996e-01,-2.492183595895767212e-01,-3.601956963539123535e-01,7.791342139244079590e-01,-1.645284146070480347e-01,-5.257833003997802734e-02,-3.491366505622863770e-01,-1.222358793020248413e-01,-2.746924161911010742e-01,5.216587185859680176e-01,7.207214832305908203e-01,-5.254945252090692520e-03,1.674047261476516724e-01,3.502556681632995605e-01,-1.961244940757751465e-01,5.607250705361366272e-02,-2.950099110603332520e-01,-3.239082992076873779e-01,1.338744163513183594e-01,1.817866414785385132e-01,-4.024615287780761719e-01,-1.009768918156623840e-01,-6.185356378555297852e-01,2.091379910707473755e-01,-1.474809926003217697e-02,-1.311175059527158737e-02,-1.106572747230529785e-01,-3.043158352375030518e-01,4.842030704021453857e-01,9.983494877815246582e-02,-7.338064312934875488e-01,-6.177031397819519043e-01,-2.774258553981781006e-01,-4.878191947937011719e-01,6.879074573516845703e-01,3.468818366527557373e-01,2.153298109769821167e-01,2.883192002773284912e-01,-2.156399786472320557e-01,6.241009235382080078e-01,8.494823426008224487e-02,-4.609361290931701660e-01,3.708692491054534912e-01,6.346341967582702637e-01,-3.131916224956512451e-01,-4.584843292832374573e-02,5.950413942337036133e-01,-1.381372809410095215e-01,2.602378129959106445e-01,3.204376697540283203e-01,-2.904818058013916016e-01,-1.901498734951019287e-01,-5.768498182296752930e-01,2.065660953521728516e-01,-1.156489029526710510e-01,6.288655400276184082e-01,1.438655555248260498e-01,-6.345156580209732056e-02,4.689380824565887451e-01,-1.638879626989364624e-01,-1.082860082387924194e-01,1.342475507408380508e-02,-1.584850549697875977e-01,-5.470578074455261230e-01,-3.760964050889015198e-02,-1.357794851064682007e-01,6.234193965792655945e-02,-3.310481831431388855e-02,-8.140418529510498047e-01,-1.298312544822692871e-01,4.697077572345733643e-01,3.076089322566986084e-01,6.473465561866760254e-01,2.700378596782684326e-01,-3.262830376625061035e-01,2.365130782127380371e-01,-1.041784659028053284e-01,-9.717500954866409302e-02,-6.398794054985046387e-01,2.624612450599670410e-01,-2.357947528362274170e-01,-1.097765937447547913e-01,1.811024546623229980e-01,-1.817671358585357666e-01,4.334483146667480469e-01,-4.352941643446683884e-03,-4.163610339164733887e-01,3.169388696551322937e-02,6.039364263415336609e-02,5.657238960266113281e-01,-1.526065915822982788e-01,-3.663530051708221436e-01
4.939528182148933411e-02,-4.449857026338577271e-02,-4.260090589523315430e-01,6.199510097503662109e-01,2.985300123691558838e-02,4.237080514430999756e-01,4.199444949626922607e-01,-3.725259900093078613e-01,-1.867572963237762451e-01,9.131836891174316406e-02,-3.094414472579956055e-01,-9.748001396656036377e-02,1.763654649257659912e-01,-4.383840560913085938e-01,1.074617654085159302e-01,2.849922142922878265e-02,8.979641646146774292e-02,3.635893464088439941e-01,-3.202655017375946045e-01,-3.055201470851898193e-01,-1.687021739780902863e-02,3.522299826145172119e-01,2.726151049137115479e-01,-2.059438824653625488e-01,3.238148391246795654e-01,2.165375947952270508e-01,-2.711090445518493652e-01,-3.881175220012664795e-01,5.036582350730895996e-01,-4.225677847862243652e-01,-5.317727848887443542e-02,-4.805879890918731689e-01,4.211631715297698975e-01,1.686243922449648380e-04,2.959614992141723633e-02,-2.948575317859649658e-01,-1.310580372810363770e-01,1.099895387887954712e-01,3.930287957191467285e-01,-6.281259059906005859e-01,-7.182314246892929077e-02,-6.185975857079029083e-03,4.492123126983642578e-01,5.623902380466461182e-02,-1.206414699554443359e-01,-1.136924251914024353e-01,-2.657111585140228271e-01,-1.215386614203453064e-01,-1.660035252571105957e-01,-5.126407369971275330e-02,1.713511943817138672e-01,-1.243771165609359741e-01,3.301391601562500000e-01,6.779100000858306885e-02,3.963252063840627670e-03,-1.975029855966567993e-01,9.785341471433639526e-02,-1.296785101294517517e-02,3.349600434303283691e-01,-1.341161429882049561e-01,-2.723219096660614014e-01,7.240390777587890625e-02,6.156200915575027466e-02,3.018956184387207031e-01,-5.332605242729187012e-01,-7.977360486984252930e-02,4.382668733596801758e-01,3.388338088989257812e-01,4.864016771316528320e-01,3.118597716093063354e-02,-3.798058629035949707e-01,1.081089377403259277e-01,-2.228363789618015289e-02,-3.741511404514312744e-01,1.255773454904556274e-01,-4.243167042732238770e-01,-2.099683135747909546e-02,1.151064857840538025e-01,-2.857496440410614014e-01,-4.396036863327026367e-01,5.074003934860229492e-01,1.667716540396213531e-02,-2.918154001235961914e-01,6.178118288516998291e-02,-4.203969240188598633e-01,3.978870809078216553e-02,4.734751209616661072e-02,1.014213934540748596e-01,1.524861305952072144e-01,-9.663446247577667236e-02,9.610014408826828003e-02,-3.920764327049255371e-01,-1.627070754766464233e-01,3.345315754413604736e-01,-3.581657707691192627e-01,9.672610461711883545e-02,-1.392940431833267212e-01,-5.667185876518487930e-03,3.220639824867248535e-01,4.024919867515563965e-01,4.013814777135848999e-02,-1.186737567186355591e-01,-1.636047661304473877e-02,1.448037195950746536e-02,6.461176872253417969e-01,3.047969341278076172e-01,-6.515271067619323730e-01,-3.541447222232818604e-01,-2.711431980133056641e-01,-1.494338512420654297e-01,3.142203986644744873e-01,-3.880348503589630127e-01,7.833714038133621216e-02,2.835135757923126221e-01,3.539369404315948486e-01,4.903101921081542969e-02,3.131524622440338135e-01,5.870975553989410400e-02,1.742559671401977539e-01,1.658012270927429199e-01,-1.271535307168960571e-01,-3.344802558422088623e-01,3.730600178241729736e-01,9.841524064540863037e-02,-2.384616881608963013e-01,-3.050847053527832031e-01,7.746660709381103516e-02,3.294320702552795410e-01
4.462567865848541260e-01,9.767604619264602661e-02,-3.374961614608764648e-01,2.985300123691558838e-02,7.009175419807434082e-01,-1.132942736148834229e-02,2.377576977014541626e-01,2.533553913235664368e-02,6.246436759829521179e-02,2.752958051860332489e-02,-2.127289026975631714e-01,-1.811939105391502380e-02,2.904183864593505859e-01,9.309633076190948486e-02,4.080301225185394287e-01,1.938672065734863281e-01,-3.509323298931121826e-02,1.888156086206436157e-01,1.437007635831832886e-01,-1.462825685739517212e-01,-1.469393074512481689e-01,1.216588690876960754e-01,1.234041601419448853e-01,1.127679497003555298e-01,-1.570600643754005432e-02,-9.247253835201263428e-02,-3.409298658370971680e-01,-4.703450500965118408e-01,1.079812943935394287e-01,-4.697311222553253174e-01,-4.158343672752380371e-01,6.168592721223831177e-02,6.952179968357086182e-02,-1.856559514999389648e-01,4.170972481369972229e-02,-6.710772961378097534e-02,-1.885654032230377197e-01,6.190496683120727539e-02,-4.285505414009094238e-02,-3.939166665077209473e-01,1.833930462598800659e-01,1.712629497051239014e-01,2.321235239505767822e-01,5.745931342244148254e-02,8.331231027841567993e-02,-7.709822803735733032e-02,-5.094770193099975586e-01,-6.582529097795486450e-02,-3.365904791280627251e-03,2.393061965703964233e-01,1.682585030794143677e-01,3.529791161417961121e-02,8.511745929718017578e-02,2.590879499912261963e-01,-1.738515198230743408e-01,-2.579771876335144043e-01,6.233081594109535217e-02,1.775076985359191895e-02,-1.454978436231613159e-01,1.277713775634765625e-01,-9.820799529552459717e-02,1.391931530088186264e-02,3.024310804903507233e-02,-1.029207184910774231e-01,-2.619152069091796875e-01,5.493817105889320374e-02,4.430040121078491211e-01,5.292313694953918457e-01,1.168715059757232666e-01,4.144096076488494873e-01,-2.273648381233215332e-01,-2.714584767818450928e-01,2.353878617286682129e-01,-2.927816510200500488e-01,-7.219246029853820801e-02,-5.502494573593139648e-01,-4.607363790273666382e-02,7.960959523916244507e-02,-9.984884411096572876e-02,-2.247242182493209839e-01,-2.304700016975402832e-01,-4.800438182428479195e-04,-5.453780293464660645e-01,3.126848116517066956e-02,-2.777896821498870850e-01,-2.540716230869293213e-01,2.772513628005981445e-01,4.188123717904090881e-02,1.631032079458236694e-01,-2.174932658672332764e-01,-2.058011293411254883e-01,-1.477255672216415405e-01,3.331228792667388916e-01,8.182664215564727783e-02,2.095546200871467590e-02,-7.892073690891265869e-02,4.817453324794769287e-01,-2.381249098107218742e-03,-1.223122254014015198e-01,2.974016666412353516e-01,6.105389446020126343e-02,-3.097412362694740295e-02,1.669046878814697266e-01,-3.231200948357582092e-02,1.071399822831153870e-01,6.395419687032699585e-02,2.018748968839645386e-02,6.850649416446685791e-02,-2.067856639623641968e-01,-4.323549941182136536e-02,-1.676004379987716675e-01,2.742751538753509521e-01,2.721015214920043945e-01,-4.238933622837066650e-01,4.425543844699859619e-01,-3.531162738800048828e-01,4.213075339794158936e-01,-2.852676510810852051e-01,-9.746859967708587646e-02,-2.480690367519855499e-02,-1.551866680383682251e-01,2.162632532417774200e-02,1.216244474053382874e-01,-1.908500641584396362e-01,1.407282948493957520e-01,-1.560835540294647217e-01,-1.346835643053054810e-01,2.583921551704406738e-01
1.105252802371978760e-01,-7.512706518173217773e-02,-3.969992399215698242e-01,4.237080514430999756e-01,-1.132942736148834229e-02,6.608017683029174805e-01,4.129266142845153809e-01,-1.189292743802070618e-01,-3.174962401390075684e-01,6.459562480449676514e-02,-1.642807573080062866e-01,-1.214822977781295776e-01,3.583041951060295105e-02,-3.558221757411956787e-01,1.462963968515396118e-01,-1.290282886475324631e-02,1.182464808225631714e-01,2.042109379544854164e-03,-1.994321942329406738e-01,-2.506928741931915283e-01,1.675016433000564575e-01,2.357205450534820557e-01,1.805658638477325439e-01,-2.611898481845855713e-01,1.633268296718597412e-01,-1.344546489417552948e-02,-1.046599969267845154e-01,-1.729187220335006714e-01,4.472251832485198975e-01,-4.353232979774475098e-01,1.213482841849327087e-01,-3.071862161159515381e-01,2.861218750476837158e-01,1.526400297880172729e-01,-3.102086856961250305e-02,-2.316182106733322144e-01,-1.371517181396484375e-01,9.438709914684295654e-02,9.571203589439392090e-02,-4.610091447830200195e-01,-1.644040942192077637e-01,5.666591972112655640e-02,1.596790552139282227e-01,5.256726965308189392e-02,1.145206391811370850e-01,-2.727314233779907227e-01,-2.629490196704864502e-01,-7.374460250139236450e-02,-6.749267876148223877e-02,-2.066633254289627075e-01,1.755781620740890503e-01,-1.888937652111053467e-01,1.587440222501754761e-01,-4.167193919420242310e-02,3.483469411730766296e-02,-7.417403906583786011e-02,1.225448250770568848e-01,3.214921429753303528e-02,3.725644946098327637e-01,-1.596076786518096924e-01,-7.396519184112548828e-02,4.526175558567047119e-02,5.639018118381500244e-02,2.756009399890899658e-01,-1.786366403102874756e-01,-2.177774533629417419e-02,3.227242827415466309e-01,1.554778963327407837e-01,3.870624303817749023e-01,1.014516726136207581e-01,-3.793132305145263672e-01,-1.872026175260543823e-01,-6.793006788939237595e-03,-1.759586930274963379e-01,1.334096044301986694e-01,-2.808751761913299561e-01,-2.609476447105407715e-02,2.974986732006072998e-01,-2.522907555103302002e-01,-2.544742226600646973e-01,4.292165935039520264e-01,2.216883748769760132e-02,-2.313227951526641846e-01,4.065164551138877869e-02,-1.904728412628173828e-01,2.850788831710815430e-02,1.311465650796890259e-01,7.029042392969131470e-02,1.768999993801116943e-01,-4.265338927507400513e-02,4.018909111618995667e-02,-3.169456720352172852e-01,-1.208873912692070007e-01,7.173107564449310303e-02,-2.211929857730865479e-01,-5.069901235401630402e-03,3.342616185545921326e-02,-7.160865701735019684e-03,1.263228654861450195e-01,2.737938165664672852e-01,-1.514951139688491821e-02,1.599840670824050903e-01,4.611259326338768005e-02,1.237589959055185318e-02,4.940338432788848877e-01,4.444475173950195312e-01,-4.970118403434753418e-01,-2.429587990045547485e-01,-3.168735504150390625e-01,-1.010270640254020691e-01,2.235563993453979492e-01,-3.954729437828063965e-01,6.563086062669754028e-02,2.554448246955871582e-01,3.027992546558380127e-01,1.163250058889389038e-01,4.600245505571365356e-02,1.693028211593627930e-01,-8.100159466266632080e-02,1.071578636765480042e-01,-6.198714673519134521e-02,-9.325712919235229492e-02,1.527213901281356812e-01,1.532425880432128906e-01,-4.298923164606094360e-02,-2.730849385261535645e-01,1.055764108896255493e-01,2.158348262310028076e-01
1.766007840633392334e-01,-1.459367014467716217e-02,-6.372578740119934082e-01,4.199444949626922607e-01,2.377576977014541626e-01,4.129266142845153809e-01,7.115377187728881836e-01,-2.368156164884567261e-01,-2.948153913021087646e-01,1.298815757036209106e-01,-1.554971635341644287e-01,-2.501261234283447266e-01,9.142284095287322998e-02,-5.505694150924682617e-01,3.514320552349090576e-01,7.847150415182113647e-02,2.057074308395385742e-01,-4.337764531373977661e-02,-2.163939923048019409e-01,-3.219891786575317383e-01,3.415939807891845703e-01,2.895415425300598145e-01,1.050261706113815308e-01,-3.709479272365570068e-01,2.725167572498321533e-01,1.613771766424179077e-01,-2.342215776443481445e-01,-3.160214424133300781e-01,5.856086611747741699e-01,-5.668552517890930176e-01,1.181521918624639511e-02,-4.492861330509185791e-01,4.934012293815612793e-01,1.210421919822692871e-01,-3.968693688511848450e-02,-4.100754857063293457e-01,-3.733131885528564453e-01,2.037441730499267578e-01,2.318265736103057861e-01,-6.157383918762207031e-01,1.413476616144180298e-01,9.140557050704956055e-02,1.171089485287666321e-01,8.575710654258728027e-02,2.257118672132492065e-01,-4.996960461139678955e-01,-5.957828760147094727e-01,1.121011283248662949e-02,-7.015549577772617340e-03,-3.156112134456634521e-01,-1.209191754460334778e-01,-2.135871648788452148e-01,1.908842474222183228e-01,4.413585662841796875e-01,3.667112207040190697e-03,1.442204788327217102e-02,2.842771708965301514e-01,7.567662745714187622e-02,5.393980741500854492e-01,-2.618743181228637695e-01,6.533096730709075928e-02,9.185193106532096863e-03,9.301114827394485474e-02,5.204718708992004395e-01,-2.627063691616058350e-01,-1.020939871668815613e-01,5.861086249351501465e-01,4.022122025489807129e-01,3.703448772430419922e-01,4.710594713687896729e-01,-5.965626239776611328e-01,-1.149786114692687988e-01,-1.917253285646438599e-01,-5.684065446257591248e-02,1.902273744344711304e-01,-5.304213166236877441e-01,-7.688844949007034302e-02,5.490953326225280762e-01,-3.131480515003204346e-01,-3.668250441551208496e-01,4.026214182376861572e-01,4.117896780371665955e-02,-4.901900887489318848e-01,1.061589419841766357e-01,-1.953849047422409058e-01,-4.436351656913757324e-01,2.846756577491760254e-01,1.323204040527343750e-01,5.705978274345397949e-01,-1.475471407175064087e-01,4.936122149229049683e-02,-5.010694861412048340e-01,-1.639022529125213623e-01,-3.689365088939666748e-02,-5.510939955711364746e-01,2.560451626777648926e-01,1.078562140464782715e-01,-1.244748290628194809e-02,2.785513997077941895e-01,3.646024465560913086e-01,3.243659390136599541e-03,3.408265411853790283e-01,-8.151394128799438477e-02,4.150130599737167358e-02,7.679873704910278320e-01,1.616294682025909424e-01,-5.072758197784423828e-01,-2.371176183223724365e-01,-7.567212581634521484e-01,-2.270818352699279785e-01,1.701271384954452515e-01,-3.393263816833496094e-01,1.084398552775382996e-01,2.168395221233367920e-01,4.800077974796295166e-01,-3.246961161494255066e-02,1.809689961373806000e-02,7.249578088521957397e-02,-2.079361677169799805e-01,1.850765496492385864e-01,-2.630018293857574463e-01,8.565140515565872192e-02,2.686728835105895996e-01,-1.343488506972789764e-02,7.190576288849115372e-03,-4.475092589855194092e-01,1.311593502759933472e-01,8.136183768510818481e-02
5.617738962173461914e-01,8.572195470333099365e-02,1.567054539918899536e-01,-3.725259900093078613e-01,2.533553913235664368e-02,-1.189292743802070618e-01,-2.368156164884567261e-01,8.827838897705078125e-01,1.673199981451034546e-01,-1.343123167753219604e-01,1.028515174984931946e-01,-5.115962773561477661e-02,4.134035408496856689e-01,6.988789439201354980e-01,3.162008225917816162e-01,3.025611303746700287e-02,-6.033157557249069214e-02,-4.940681159496307373e-01,6.316270232200622559e-01,6.395321488380432129e-01,-4.452879428863525391e-01,-5.975890159606933594e-01,2.463745474815368652e-01,-4.291545152664184570e-01,-3.055199682712554932e-01,-8.301739096641540527e-01,5.931243896484375000e-01,3.039004504680633545e-01,-6.542423367500305176e-01,-6.320375949144363403e-02,-2.446484118700027466e-01,1.958582997322082520e-01,2.600839547812938690e-02,-2.763150930404663086e-01,-1.185573935508728027e-01,-1.219979077577590942e-01,8.921805769205093384e-02,-1.475705951452255249e-02,-5.777361392974853516e-01,1.054677814245223999e-01,-1.235648468136787415e-01,2.741018831729888916e-01,-6.362968683242797852e-01,-7.583134807646274567e-03,6.811230778694152832e-01,-3.940907120704650879e-01,9.824689477682113647e-02,1.169964745640754700e-01,2.106484323740005493e-01,-4.248668625950813293e-02,8.215514011681079865e-03,6.133871078491210938e-01,-1.564730852842330933e-01,-2.940171360969543457e-01,2.627417743206024170e-01,2.459370940923690796e-01,2.951527573168277740e-02,1.044237762689590454e-01,-2.017130888998508453e-02,1.778892241418361664e-02,7.929366827011108398e-02,2.504394948482513428e-01,2.132455632090568542e-02,-4.414023458957672119e-01,4.544587433338165283e-01,1.229618191719055176e-01,-1.913536339998245239e-01,-2.943914234638214111e-01,-2.187765389680862427e-01,-1.752871833741664886e-02,-1.921462863683700562e-01,-6.470409631729125977e-01,-1.631269901990890503e-01,2.188500314950942993e-01,-1.150419265031814575e-01,1.712990105152130127e-01,2.576047927141189575e-02,-1.873588711023330688e-01,-5.041673779487609863e-01,-1.303283870220184326e-01,-6.097441911697387695e-01,7.402494084089994431e-03,4.136936962604522705e-01,3.379466757178306580e-02,4.777998328208923340e-01,4.186603128910064697e-01,-4.018655121326446533e-01,-1.052124574780464172e-01,9.796775132417678833e-02,1.154517009854316711e-01,1.220514252781867981e-01,-2.815896458923816681e-02,-1.046172901988029480e-01,-4.118026494979858398e-01,3.538021147251129150e-01,-5.325512886047363281e-01,2.502125799655914307e-01,-2.106568310409784317e-03,-5.765591263771057129e-01,2.486222386360168457e-01,1.062254160642623901e-01,3.540252745151519775e-01,-2.298892885446548462e-01,-4.636344313621520996e-02,-3.113301694393157959e-01,2.294010072946548462e-01,3.247833549976348877e-01,4.637893438339233398e-01,1.332092881202697754e-01,1.500896215438842773e-01,3.665104508399963379e-01,2.127320319414138794e-01,-1.239196583628654480e-01,-3.671931624412536621e-01,-4.829265773296356201e-01,-2.866092622280120850e-01,-4.351653158664703369e-01,1.021454706788063049e-01,-7.137286067008972168e-01,-9.747669845819473267e-02,-5.217158794403076172e-01,6.535956263542175293e-01,-3.773435354232788086e-01,-1.273258924484252930e-01,7.600489854812622070e-01,-5.552142858505249023e-02,4.765464738011360168e-02,1.171305552124977112e-01
5.932887271046638489e-02,5.043256655335426331e-02,2.788725495338439941e-01,-1.867572963237762451e-01,6.246436759829521179e-02,-3.174962401390075684e-01,-2.948153913021087646e-01,1.673199981451034546e-01,2.355888634920120239e-01,-5.700773373246192932e-02,-2.852498320862650871e-03,1.095678582787513733e-01,1.055930778384208679e-01,3.820959031581878662e-01,-5.266144871711730957e-02,1.285467948764562607e-02,-1.110986769199371338e-01,8.805974572896957397e-02,1.730563938617706299e-01,2.132784426212310791e-01,-3.520181775093078613e-01,-1.798494607210159302e-01,3.925383498426526785e-04,1.650494188070297241e-01,-1.164390668272972107e-01,-1.504966765642166138e-01,9.225642681121826172e-02,6.387847661972045898e-02,-3.778903782367706299e-01,2.027353346347808838e-01,-1.858581155538558960e-01,1.870943456888198853e-01,-1.374152004718780518e-01,-2.253340184688568115e-01,3.706619516015052795e-02,1.575969010591506958e-01,1.345431506633758545e-01,-7.538560777902603149e-02,-9.941514581441879272e-02,2.037021070718765259e-01,1.186410244554281235e-02,2.294825948774814606e-02,-6.780623644590377808e-02,-3.090161085128784180e-02,-7.921387255191802979e-02,2.239679396152496338e-01,2.052358239889144897e-01,-1.447373535484075546e-02,2.827895246446132660e-02,2.585079967975616455e-01,7.163810543715953827e-03,2.109010070562362671e-01,-3.550671041011810303e-02,-1.103854626417160034e-01,1.677396520972251892e-02,-2.793086506426334381e-02,-1.405876278877258301e-01,-3.497062623500823975e-02,-3.294434845447540283e-01,1.436926424503326416e-01,-1.172358691692352295e-01,5.555112659931182861e-02,-2.991368621587753296e-02,-2.776242494583129883e-01,3.996100649237632751e-02,5.128019303083419800e-02,-1.805484592914581299e-01,-6.506118923425674438e-02,-1.194208338856697083e-01,-1.412121653556823730e-01,2.131043076515197754e-01,5.053539201617240906e-02,9.416895359754562378e-02,-3.063032217323780060e-02,-1.264365762472152710e-01,9.599055349826812744e-02,3.001326881349086761e-02,-3.225083053112030029e-01,2.647177875041961670e-02,7.370933890342712402e-02,-3.093769252300262451e-01,-1.943001151084899902e-02,1.799213141202926636e-01,-2.888079546391963959e-02,2.308655902743339539e-02,2.028797715902328491e-01,-1.629611849784851074e-01,-6.150713190436363220e-02,-2.054509818553924561e-01,1.319110672920942307e-02,-3.336376696825027466e-02,1.722901910543441772e-01,1.030713915824890137e-01,4.865337535738945007e-02,2.315578460693359375e-01,-1.617953330278396606e-01,3.210434690117835999e-02,5.158518906682729721e-03,-1.435596048831939697e-01,-3.940548002719879150e-02,5.217263475060462952e-02,-1.679154932498931885e-01,-5.182938184589147568e-03,-2.958190999925136566e-02,-3.824226260185241699e-01,-9.024556726217269897e-02,2.348884195089340210e-01,1.697457879781723022e-01,3.385823071002960205e-01,9.722337126731872559e-02,-5.212087556719779968e-02,2.261638343334197998e-01,-1.248136162757873535e-03,-2.218140512704849243e-01,-2.482430934906005859e-01,-1.315100044012069702e-01,6.894296407699584961e-02,-1.266273260116577148e-01,3.747216239571571350e-02,-7.366757839918136597e-02,-1.960686966776847839e-02,1.577756926417350769e-02,-9.035857021808624268e-02,-8.450559526681900024e-02,1.162580028176307678e-01,1.398007422685623169e-01,-9.076013416051864624e-02,2.971657551825046539e-02
-3.568825498223304749e-02,-9.133629500865936279e-03,-1.151655092835426331e-01,9.131836891174316406e-02,2.752958051860332489e-02,6.459562480449676514e-02,1.298815757036209106e-01,-1.343123167753219604e-01,-5.700773373246192932e-02,3.170430660247802734e-02,-2.579787746071815491e-02,-3.338150307536125183e-02,-2.994353137910366058e-02,-1.681907027959823608e-01,2.214165031909942627e-02,7.515978999435901642e-03,3.612406179308891296e-02,3.748804330825805664e-02,-8.769594877958297729e-02,-1.052041202783584595e-01,1.090725660324096680e-01,9.712426364421844482e-02,-1.176565606147050858e-02,-1.512609981000423431e-02,6.732987612485885620e-02,1.218179836869239807e-01,-8.967227488756179810e-02,-7.711732387542724609e-02,1.631010174751281738e-01,-7.806035876274108887e-02,3.017744980752468109e-02,-8.608114719390869141e-02,7.330977171659469604e-02,4.727495834231376648e-02,3.932761494070291519e-03,-5.238585546612739563e-02,-6.313895434141159058e-02,3.091825172305107117e-02,8.990309387445449829e-02,-1.054506152868270874e-01,3.400906547904014587e-02,-1.375588681548833847e-02,8.547548204660415649e-02,1.299527939409017563e-02,-3.584147989749908447e-02,-4.105877876281738281e-02,-9.864065051078796387e-02,-5.023660603910684586e-03,-1.998977363109588623e-02,-4.879298433661460876e-02,-2.753114700317382812e-02,-8.954095840454101562e-02,3.941557183861732483e-02,1.025687456130981445e-01,-2.360344119369983673e-02,-1.423958968371152878e-02,4.068478941917419434e-02,2.433729125186800957e-03,9.254807233810424805e-02,-4.176437854766845703e-02,1.014628447592258453e-02,-2.429770864546298981e-02,1.155658625066280365e-02,1.262940317392349243e-01,-8.428616076707839966e-02,-2.736737206578254700e-02,1.057849675416946411e-01,8.750374615192413330e-02,6.847957521677017212e-02,7.590641826391220093e-02,-7.211913913488388062e-02,5.298559740185737610e-02,-1.899222657084465027e-02,-2.184834890067577362e-02,3.902975842356681824e-02,-9.595149010419845581e-02,-1.382310036569833755e-02,1.032327115535736084e-01,7.589478045701980591e-03,-3.981969133019447327e-02,1.231484860181808472e-01,5.643189884722232819e-03,-1.153561845421791077e-01,1.285128109157085419e-02,-6.474822014570236206e-02,-1.228957101702690125e-01,7.834539562463760376e-02,2.920684404671192169e-02,8.247419446706771851e-02,-3.053644858300685883e-02,-4.846027586609125137e-04,-7.100039720535278320e-02,-2.037184126675128937e-02,2.850001305341720581e-02,-1.179476380348205566e-01,9.112669527530670166e-02,-9.166969917714595795e-03,-1.662201248109340668e-03,9.437844902276992798e-02,2.294095233082771301e-02,-1.011143904179334641e-02,2.026428468525409698e-02,5.174510180950164795e-03,1.154167391359806061e-02,1.633538156747817993e-01,-7.574862334877252579e-03,-1.068913117051124573e-01,-7.337942719459533691e-02,-1.429281830787658691e-01,-4.789770767092704773e-02,-1.170657761394977570e-02,-7.028163224458694458e-02,2.365229651331901550e-02,6.891323626041412354e-02,1.248373463749885559e-01,2.056413888931274414e-02,4.190800711512565613e-02,1.714794198051095009e-03,4.345433041453361511e-02,3.637447208166122437e-02,1.164516154676675797e-02,-5.000815913081169128e-02,7.324761152267456055e-02,5.256889853626489639e-03,-8.072989434003829956e-02,-6.067193672060966492e-02,1.689904183149337769e-02,-5.412087775766849518e-03
-2.188043892383575439e-01,-1.817650534212589264e-02,2.253568619489669800e-01,-3.094414472579956055e-01,-2.127289026975631714e-01,-1.642807573080062866e-01,-1.554971635341644287e-01,1.028515174984931946e-01,-2.852498320862650871e-03,-2.579787746071815491e-02,2.711466848850250244e-01,6.633700104430317879e-04,-2.743600010871887207e-01,3.007405251264572144e-02,-1.421196013689041138e-01,-6.608354300260543823e-02,1.754382066428661346e-02,-3.337555825710296631e-01,6.504025310277938843e-02,1.096844300627708435e-01,2.725144326686859131e-01,-1.541692912578582764e-01,-2.559800446033477783e-01,3.686873614788055420e-02,-1.282527595758438110e-01,1.936255209147930145e-02,1.889382749795913696e-01,3.415054380893707275e-01,-1.489319503307342529e-01,3.240756988525390625e-01,2.289675176143646240e-01,1.834961324930191040e-01,-2.006995230913162231e-01,1.516587883234024048e-01,-4.256577789783477783e-02,1.251275390386581421e-01,3.426497429609298706e-02,-3.951505199074745178e-02,-1.600366830825805664e-01,4.376151859760284424e-01,4.445551708340644836e-02,-5.682930722832679749e-02,-3.389101326465606689e-01,-3.452222794294357300e-02,7.842305302619934082e-02,-1.856980286538600922e-02,1.788771748542785645e-01,1.098779737949371338e-01,1.041589528322219849e-01,-1.618426144123077393e-01,-2.351444810628890991e-01,-6.654018908739089966e-02,-2.118482738733291626e-01,3.468634933233261108e-02,2.824025228619575500e-02,2.216255515813827515e-01,-2.131834626197814941e-03,2.016049064695835114e-02,-1.045545749366283417e-02,-3.412599116563796997e-02,2.862272560596466064e-01,-8.911329507827758789e-02,-3.046891093254089355e-02,2.359238639473915100e-02,3.888159990310668945e-01,-2.050280570983886719e-03,-2.837893962860107422e-01,-2.980791926383972168e-01,-2.789328098297119141e-01,-5.383232142776250839e-03,2.040379941463470459e-01,3.512744978070259094e-02,-1.094105988740921021e-01,3.694725036621093750e-01,9.291126392781734467e-03,3.494937121868133545e-01,3.982292488217353821e-03,9.904228895902633667e-02,2.247115969657897949e-01,3.300013542175292969e-01,-1.088883578777313232e-01,5.315661546774208546e-04,2.187132984399795532e-01,-2.819486521184444427e-02,3.285675048828125000e-01,-1.587869673967361450e-01,5.927355494350194931e-03,-3.867447003722190857e-02,1.188715081661939621e-02,9.506679326295852661e-02,4.032452590763568878e-03,1.971133649349212646e-01,-3.259369730949401855e-02,-2.712052762508392334e-01,5.334904044866561890e-02,1.028942614793777466e-01,-4.510860145092010498e-02,1.366133568808436394e-03,-5.454010143876075745e-02,-3.490709960460662842e-01,-6.574819236993789673e-02,1.879669129848480225e-01,-4.687943682074546814e-02,1.944806985557079315e-02,-2.514848709106445312e-01,-2.380119860172271729e-01,3.135088980197906494e-01,1.217679977416992188e-01,4.245855845510959625e-03,4.078549146652221680e-02,-1.736460626125335693e-01,7.292418181896209717e-02,-1.164125800132751465e-01,3.839761018753051758e-02,-2.168010175228118896e-01,1.099552884697914124e-01,-3.668758571147918701e-01,8.063094317913055420e-02,-1.001677364110946655e-01,-5.204611644148826599e-02,1.368992626667022705e-01,2.159435898065567017e-01,-2.053591459989547729e-01,2.881075488403439522e-03,4.878844693303108215e-02,1.504260152578353882e-01,3.077465109527111053e-02,-3.345816433429718018e-01
-1.301972419023513794e-01,-1.300629414618015289e-02,2.789625823497772217e-01,-9.748001396656036377e-02,-1.811939105391502380e-02,-1.214822977781295776e-01,-2.501261234283447266e-01,-5.115962773561477661e-02,1.095678582787513733e-01,-3.338150307536125183e-02,6.633700104430317879e-04,1.430728137493133545e-01,-1.214114800095558167e-01,1.631753146648406982e-01,-1.879127472639083862e-01,-3.248445317149162292e-02,-9.516734629869461060e-02,1.500642895698547363e-01,8.479002863168716431e-03,2.550050988793373108e-02,-1.377720385789871216e-01,-2.419495955109596252e-02,-1.152565851807594299e-01,3.207267522811889648e-01,-9.158930927515029907e-02,5.082247033715248108e-02,-2.542501501739025116e-02,5.617700144648551941e-02,-1.624655276536941528e-01,2.331153899431228638e-01,-1.181436609476804733e-02,2.116720080375671387e-01,-2.371053844690322876e-01,-7.258485257625579834e-02,5.168107524514198303e-02,2.542727589607238770e-01,1.502472162246704102e-01,-9.757649898529052734e-02,-6.065275520086288452e-02,2.326028645038604736e-01,-5.421889573335647583e-02,-4.220033064484596252e-02,9.323403239250183105e-02,-3.456587716937065125e-02,-2.678999602794647217e-01,3.557651340961456299e-01,2.240993976593017578e-01,-5.944897234439849854e-02,-9.311417117714881897e-03,2.369027733802795410e-01,8.724629878997802734e-02,-2.098882570862770081e-02,-4.711287468671798706e-02,-1.597803682088851929e-01,-4.909456521272659302e-02,-8.874340355396270752e-02,-1.662141084671020508e-01,-6.145265325903892517e-02,-3.334436714649200439e-01,1.437715291976928711e-01,-1.022281125187873840e-01,-2.880371734499931335e-02,-4.477071762084960938e-02,-1.739328652620315552e-01,1.815663278102874756e-02,4.885127767920494080e-02,-2.050102055072784424e-01,-9.292251616716384888e-02,-6.531463563442230225e-02,-2.039147466421127319e-01,3.171765208244323730e-01,1.688446551561355591e-01,2.027137279510498047e-01,-6.353477388620376587e-02,-9.586359560489654541e-02,1.376284658908843994e-01,2.908346801996231079e-02,-2.372383177280426025e-01,2.315532267093658447e-01,2.153996080160140991e-01,-9.054727852344512939e-02,-2.354579418897628784e-02,8.542745560407638550e-02,-5.964992940425872803e-02,-6.833531707525253296e-02,1.477306932210922241e-01,-2.597833983600139618e-02,-5.097427591681480408e-02,-3.191070854663848877e-01,2.472620829939842224e-02,-9.988944232463836670e-02,2.436032742261886597e-01,1.659657955169677734e-01,1.123919039964675903e-01,2.184434980154037476e-01,-7.910351455211639404e-02,1.613192260265350342e-03,6.184984464198350906e-03,-4.328668862581253052e-02,-1.805378645658493042e-01,-1.218053884804248810e-02,-2.250561118125915527e-01,1.261610090732574463e-01,-2.268972806632518768e-02,-3.502703905105590820e-01,-3.155425563454627991e-02,1.573735773563385010e-01,4.635905474424362183e-02,3.581090271472930908e-01,9.231819957494735718e-02,-2.136180847883224487e-01,1.355397701263427734e-01,3.806346654891967773e-02,-8.975422382354736328e-02,-1.012820452451705933e-01,5.031636357307434082e-02,1.538803875446319580e-01,-1.106875389814376831e-01,2.506185770034790039e-01,-7.846379280090332031e-02,2.631349563598632812e-01,-1.876278519630432129e-01,-6.388363987207412720e-02,2.514364570379257202e-02,-1.106532886624336243e-01,2.112724483013153076e-01,-1.014380156993865967e-01,-1.812663115561008453e-02
