9.999980926513671875e-01,-9.999983906745910645e-01,-9.999936223030090332e-01,9.999964833259582520e-01,9.999987483024597168e-01,-9.999987483024597168e-01,9.999937415122985840e-01,9.999989867210388184e-01,-9.999895095825195312e-01,9.999984502792358398e-01,-9.999986290931701660e-01,-9.999987483024597168e-01,9.999976158142089844e-01,9.999982118606567383e-01,9.999957084655761719e-01,9.999909400939941406e-01,9.999973177909851074e-01,-9.999973177909851074e-01,9.999910593032836914e-01,-9.999990463256835938e-01,-9.999988079071044922e-01,9.999939203262329102e-01,9.999985098838806152e-01,9.999963641166687012e-01,9.999897480010986328e-01,9.999987483024597168e-01,-9.999980330467224121e-01,-9.999986886978149414e-01,9.999918937683105469e-01,-9.999966621398925781e-01,-9.999890327453613281e-01,-9.999978542327880859e-01,9.999792575836181641e-01,9.999937415122985840e-01,-9.999977946281433105e-01,9.999510645866394043e-01,9.999988079071044922e-01,9.999983906745910645e-01,9.999743103981018066e-01,-9.999987483024597168e-01,9.999985098838806152e-01,9.999922513961791992e-01,9.999780058860778809e-01,9.999988079071044922e-01,9.999979734420776367e-01,9.999976158142089844e-01,-9.999930858612060547e-01,9.999985694885253906e-01,9.999984502792358398e-01,-9.999983906745910645e-01,-9.999987483024597168e-01,-9.999985694885253906e-01,-9.999985694885253906e-01,-9.999925494194030762e-01,-9.999985098838806152e-01,-9.999977946281433105e-01,9.999849796295166016e-01,9.999954700469970703e-01,9.999926686286926270e-01,9.999980926513671875e-01,-9.999982118606567383e-01,9.999988079071044922e-01,9.999982118606567383e-01,9.999954700469970703e-01,-9.999916553497314453e-01,-9.999986886978149414e-01,-9.999990463256835938e-01,-9.999945759773254395e-01,-9.999988079071044922e-01,9.999979138374328613e-01,-9.999986886978149414e-01,9.999931454658508301e-01,-9.999958872795104980e-01,-9.999933242797851562e-01,-9.999858736991882324e-01,-9.999983906745910645e-01,9.999895095825195312e-01,9.999985694885253906e-01,-9.999911189079284668e-01,-9.999945759773254395e-01,9.999931454658508301e-01,9.999973773956298828e-01,-9.999986886978149414e-01,9.999978542327880859e-01,-9.999982118606567383e-01,-9.999775886535644531e-01,-9.999697208404541016e-01,9.999988675117492676e-01,9.999925494194030762e-01,9.999927282333374023e-01,-9.999912381172180176e-01,9.999982118606567383e-01,-9.999860525131225586e-01,-9.999969005584716797e-01,9.999965429306030273e-01,-9.999977946281433105e-01,-9.999852776527404785e-01,9.999989271163940430e-01,-9.999986886978149414e-01,9.999971985816955566e-01,-9.999967813491821289e-01,9.999988675117492676e-01,9.999584555625915527e-01,9.999583959579467773e-01,9.999986290931701660e-01,9.999942183494567871e-01,-9.999786615371704102e-01,-9.999982714653015137e-01,-9.999939203262329102e-01,9.999984502792358398e-01,-9.999984502792358398e-01,9.999969005584716797e-01,-9.999980330467224121e-01,-9.999060034751892090e-01,9.999988675117492676e-01,-9.999960660934448242e-01,9.999989271163940430e-01,-9.999976158142089844e-01,-9.999951720237731934e-01,-9.999950528144836426e-01,-9.999981522560119629e-01,9.999966025352478027e-01,9.999969601631164551e-01,-9.999963045120239258e-01,-9.999908804893493652e-01,-9.999937415122985840e-01,-9.998877048492431641e-01,-9.999868869781494141e-01
-9.999983906745910645e-01,9.999985098838806152e-01,9.999945163726806641e-01,-9.999969005584716797e-01,-9.999988675117492676e-01,9.999988675117492676e-01,-9.999945759773254395e-01,-9.999991655349731445e-01,9.999909400939941406e-01,-9.999986290931701660e-01,9.999988079071044922e-01,9.999989271163940430e-01,-9.999978542327880859e-01,-9.999985694885253906e-01,-9.999963045120239258e-01,-9.999920725822448730e-01,-9.999976754188537598e-01,9.999976158142089844e-01,-9.999921917915344238e-01,9.999991655349731445e-01,9.999989867210388184e-01,-9.999947547912597656e-01,-9.999986886978149414e-01,-9.999968409538269043e-01,-9.999910593032836914e-01,-9.999989271163940430e-01,9.999982714653015137e-01,9.999988675117492676e-01,-9.999930262565612793e-01,9.999971389770507812e-01,9.999904036521911621e-01,9.999980926513671875e-01,-9.999821186065673828e-01,-9.999945163726806641e-01,9.999979734420776367e-01,-9.999576807022094727e-01,-9.999990463256835938e-01,-9.999986290931701660e-01,-9.999777078628540039e-01,9.999989271163940430e-01,-9.999986886978149414e-01,-9.999933242797851562e-01,-9.999809265136718750e-01,-9.999991059303283691e-01,-9.999981522560119629e-01,-9.999979138374328613e-01,9.999940395355224609e-01,-9.999987483024597168e-01,-9.999985694885253906e-01,9.999986290931701660e-01,9.999988675117492676e-01,9.999986886978149414e-01,9.999987483024597168e-01,9.999935626983642578e-01,9.999987483024597168e-01,9.999980330467224121e-01,-9.999870657920837402e-01,-9.999959468841552734e-01,-9.999936819076538086e-01,-9.999983310699462891e-01,9.999984502792358398e-01,-9.999988675117492676e-01,-9.999983310699462891e-01,-9.999960064888000488e-01,9.999927878379821777e-01,9.999988079071044922e-01,9.999991655349731445e-01,9.999953508377075195e-01,9.999989867210388184e-01,-9.999982118606567383e-01,9.999988675117492676e-01,-9.999940395355224609e-01,9.999963045120239258e-01,9.999943375587463379e-01,9.999877810478210449e-01,9.999985098838806152e-01,-9.999909400939941406e-01,-9.999988079071044922e-01,9.999921917915344238e-01,9.999952912330627441e-01,-9.999939799308776855e-01,-9.999977350234985352e-01,9.999988079071044922e-01,-9.999982714653015137e-01,9.999984502792358398e-01,9.999806284904479980e-01,9.999738335609436035e-01,-9.999990463256835938e-01,-9.999934434890747070e-01,-9.999938011169433594e-01,9.999923706054687500e-01,-9.999984502792358398e-01,9.999878406524658203e-01,9.999972581863403320e-01,-9.999970197677612305e-01,9.999980330467224121e-01,9.999871850013732910e-01,-9.999990463256835938e-01,9.999988675117492676e-01,-9.999974966049194336e-01,9.999971389770507812e-01,-9.999989271163940430e-01,-9.999641180038452148e-01,-9.999640583992004395e-01,-9.999988079071044922e-01,-9.999949932098388672e-01,9.999815225601196289e-01,9.999985694885253906e-01,9.999947547912597656e-01,-9.999985694885253906e-01,9.999986290931701660e-01,-9.999973177909851074e-01,9.999982118606567383e-01,9.999188184738159180e-01,-9.999990463256835938e-01,9.999966025352478027e-01,-9.999989867210388184e-01,9.999979734420776367e-01,9.999957680702209473e-01,9.999957084655761719e-01,9.999983310699462891e-01,-9.999970197677612305e-01,-9.999973177909851074e-01,9.999967217445373535e-01,9.999921321868896484e-01,9.999945163726806641e-01,9.999029636383056641e-01,9.999885559082031250e-01
-9.999936223030090332e-01,9.999945163726806641e-01,9.999783039093017578e-01,-9.999881982803344727e-01,-9.999957680702209473e-01,9.999955296516418457e-01,-9.999785423278808594e-01,-9.999965429306030273e-01,9.999642372131347656e-01,-9.999947547912597656e-01,9.999955892562866211e-01,9.999960064888000488e-01,-9.999918937683105469e-01,-9.999941587448120117e-01,-9.999855160713195801e-01,-9.999690651893615723e-01,-9.999911785125732422e-01,9.999909996986389160e-01,-9.999694824218750000e-01,9.999966025352478027e-01,9.999960660934448242e-01,-9.999794363975524902e-01,-9.999949336051940918e-01,-9.999876618385314941e-01,-9.999650120735168457e-01,-9.999959468841552734e-01,9.999932646751403809e-01,9.999956488609313965e-01,-9.999722838401794434e-01,9.999888539314270020e-01,9.999622106552124023e-01,9.999925494194030762e-01,-9.999290108680725098e-01,-9.999782443046569824e-01,9.999924302101135254e-01,-9.998323917388916016e-01,-9.999960660934448242e-01,-9.999946355819702148e-01,-9.999117255210876465e-01,9.999958872795104980e-01,-9.999948740005493164e-01,-9.999734759330749512e-01,-9.999243021011352539e-01,-9.999961256980895996e-01,-9.999932050704956055e-01,-9.999920129776000977e-01,9.999763369560241699e-01,-9.999953508377075195e-01,-9.999948740005493164e-01,9.999945759773254395e-01,9.999957084655761719e-01,9.999950528144836426e-01,9.999952912330627441e-01,9.999744892120361328e-01,9.999950528144836426e-01,9.999927282333374023e-01,-9.999484419822692871e-01,-9.999843239784240723e-01,-9.999750256538391113e-01,-9.999935626983642578e-01,9.999938607215881348e-01,-9.999959468841552734e-01,-9.999938607215881348e-01,-9.999845623970031738e-01,9.999713897705078125e-01,9.999958872795104980e-01,9.999964833259582520e-01,9.999817609786987305e-01,9.999962449073791504e-01,-9.999930262565612793e-01,9.999958276748657227e-01,-9.999765157699584961e-01,9.999859333038330078e-01,9.999774694442749023e-01,9.999514222145080566e-01,9.999945759773254395e-01,-9.999641180038452148e-01,-9.999954700469970703e-01,9.999694228172302246e-01,9.999815821647644043e-01,-9.999762177467346191e-01,-9.999910593032836914e-01,9.999957084655761719e-01,-9.999932050704956055e-01,9.999939799308776855e-01,9.999229311943054199e-01,9.998963475227355957e-01,-9.999960660934448242e-01,-9.999744296073913574e-01,-9.999753832817077637e-01,9.999698400497436523e-01,-9.999941587448120117e-01,9.999517798423767090e-01,9.999895691871643066e-01,-9.999884366989135742e-01,9.999927878379821777e-01,9.999493956565856934e-01,-9.999963045120239258e-01,9.999956488609313965e-01,-9.999904632568359375e-01,9.999892115592956543e-01,-9.999960064888000488e-01,-9.998578429222106934e-01,-9.998574852943420410e-01,-9.999953508377075195e-01,-9.999800920486450195e-01,9.999263286590576172e-01,9.999943971633911133e-01,9.999791979789733887e-01,-9.999946951866149902e-01,9.999948143959045410e-01,-9.999895095825195312e-01,9.999930858612060547e-01,9.996779561042785645e-01,-9.999963641166687012e-01,9.999867081642150879e-01,-9.999962449073791504e-01,9.999921321868896484e-01,9.999834895133972168e-01,9.999830126762390137e-01,9.999933838844299316e-01,-9.999885559082031250e-01,-9.999896883964538574e-01,9.999874830245971680e-01,9.999686479568481445e-01,9.999784827232360840e-01,9.996148347854614258e-01,9.999545812606811523e-01
9.999964833259582520e-01,-9.999969005584716797e-01,-9.999881982803344727e-01,9.999935030937194824e-01,9.999976754188537598e-01,-9.999975562095642090e-01,9.999883770942687988e-01,9.999980926513671875e-01,-9.999805688858032227e-01,9.999970793724060059e-01,-9.999974966049194336e-01,-9.999976754188537598e-01,9.999955892562866211e-01,9.999967217445373535e-01,9.999920129776000977e-01,9.999831318855285645e-01,9.999950528144836426e-01,-9.999949932098388672e-01,9.999834299087524414e-01,-9.999981522560119629e-01,-9.999978542327880859e-01,9.999887347221374512e-01,9.999971985816955566e-01,9.999933242797851562e-01,9.999809861183166504e-01,9.999977350234985352e-01,-9.999963045120239258e-01,-9.999976158142089844e-01,9.999849796295166016e-01,-9.999939203262329102e-01,-9.999795556068420410e-01,-9.999958872795104980e-01,9.999615550041198730e-01,9.999881982803344727e-01,-9.999959468841552734e-01,9.999091625213623047e-01,9.999977946281433105e-01,9.999970197677612305e-01,9.999520778656005859e-01,-9.999977350234985352e-01,9.999970793724060059e-01,9.999855756759643555e-01,9.999589323997497559e-01,9.999978542327880859e-01,9.999961256980895996e-01,9.999956488609313965e-01,-9.999871850013732910e-01,9.999973773956298828e-01,9.999971389770507812e-01,-9.999970197677612305e-01,-9.999975562095642090e-01,-9.999973177909851074e-01,-9.999973773956298828e-01,-9.999861717224121094e-01,-9.999971985816955566e-01,-9.999958872795104980e-01,9.999721646308898926e-01,9.999914169311523438e-01,9.999862909317016602e-01,9.999964833259582520e-01,-9.999966621398925781e-01,9.999977350234985352e-01,9.999966621398925781e-01,9.999914765357971191e-01,-9.999845027923583984e-01,-9.999976158142089844e-01,-9.999980926513671875e-01,-9.999900460243225098e-01,-9.999979138374328613e-01,9.999961853027343750e-01,-9.999976754188537598e-01,9.999872446060180664e-01,-9.999923706054687500e-01,-9.999877214431762695e-01,-9.999737739562988281e-01,-9.999969601631164551e-01,9.999805688858032227e-01,9.999974966049194336e-01,-9.999833703041076660e-01,-9.999899864196777344e-01,9.999870061874389648e-01,9.999951124191284180e-01,-9.999975562095642090e-01,9.999961256980895996e-01,-9.999965429306030273e-01,-9.999582171440124512e-01,-9.999437928199768066e-01,9.999977946281433105e-01,9.999861121177673340e-01,9.999865889549255371e-01,-9.999836683273315430e-01,9.999967217445373535e-01,-9.999737739562988281e-01,-9.999942779541015625e-01,9.999935626983642578e-01,-9.999959468841552734e-01,-9.999725818634033203e-01,9.999980330467224121e-01,-9.999976158142089844e-01,9.999948143959045410e-01,-9.999941587448120117e-01,9.999977946281433105e-01,9.999229311943054199e-01,9.999227523803710938e-01,9.999973773956298828e-01,9.999892115592956543e-01,-9.999600648880004883e-01,-9.999968409538269043e-01,-9.999886751174926758e-01,9.999970197677612305e-01,-9.999971389770507812e-01,9.999942779541015625e-01,-9.999961853027343750e-01,-9.998255968093872070e-01,9.999980330467224121e-01,-9.999927878379821777e-01,9.999979734420776367e-01,-9.999956488609313965e-01,-9.999909400939941406e-01,-9.999907612800598145e-01,-9.999963641166687012e-01,9.999937415122985840e-01,9.999943375587463379e-01,-9.999931454658508301e-01,-9.999830126762390137e-01,-9.999882578849792480e-01,-9.997915029525756836e-01,-9.999753832817077637e-01
9.999987483024597168e-01,-9.999988675117492676e-01,-9.999957680702209473e-01,9.999976754188537598e-01,9.999992251396179199e-01,-9.999991655349731445e-01,9.999958276748657227e-01,9.999993443489074707e-01,-9.999930858612060547e-01,9.999989271163940430e-01,-9.999991655349731445e-01,-9.999992847442626953e-01,9.999983906745910645e-01,9.999988675117492676e-01,9.999970197677612305e-01,9.999939799308776855e-01,9.999982714653015137e-01,-9.999982118606567383e-01,9.999940991401672363e-01,-9.999994039535522461e-01,-9.999993443489074707e-01,9.999960064888000488e-01,9.999990463256835938e-01,9.999975562095642090e-01,9.999931454658508301e-01,9.999992251396179199e-01,-9.999986886978149414e-01,-9.999991655349731445e-01,9.999946355819702148e-01,-9.999978542327880859e-01,-9.999926686286926270e-01,-9.999986290931701660e-01,9.999862313270568848e-01,9.999958276748657227e-01,-9.999985098838806152e-01,9.999673962593078613e-01,9.999992847442626953e-01,9.999989271163940430e-01,9.999828338623046875e-01,-9.999992251396179199e-01,9.999990463256835938e-01,9.999948143959045410e-01,9.999852180480957031e-01,9.999992847442626953e-01,9.999986290931701660e-01,9.999983310699462891e-01,-9.999954104423522949e-01,9.999991655349731445e-01,9.999989867210388184e-01,-9.999989271163940430e-01,-9.999992251396179199e-01,-9.999989867210388184e-01,-9.999991059303283691e-01,-9.999950528144836426e-01,-9.999991059303283691e-01,-9.999985694885253906e-01,9.999901056289672852e-01,9.999969005584716797e-01,9.999950528144836426e-01,9.999987483024597168e-01,-9.999988079071044922e-01,9.999992251396179199e-01,9.999987483024597168e-01,9.999969601631164551e-01,-9.999945163726806641e-01,-9.999991655349731445e-01,-9.999993443489074707e-01,-9.999964237213134766e-01,-9.999992847442626953e-01,9.999986290931701660e-01,-9.999991059303283691e-01,9.999954104423522949e-01,-9.999972581863403320e-01,-9.999956488609313965e-01,-9.999905824661254883e-01,-9.999988675117492676e-01,9.999929070472717285e-01,9.999991655349731445e-01,-9.999940991401672363e-01,-9.999963641166687012e-01,9.999954104423522949e-01,9.999982118606567383e-01,-9.999992251396179199e-01,9.999986886978149414e-01,-9.999988079071044922e-01,-9.999850392341613770e-01,-9.999799132347106934e-01,9.999992847442626953e-01,9.999949932098388672e-01,9.999952316284179688e-01,-9.999940991401672363e-01,9.999988079071044922e-01,-9.999906420707702637e-01,-9.999979138374328613e-01,9.999976754188537598e-01,-9.999985098838806152e-01,-9.999902248382568359e-01,9.999993443489074707e-01,-9.999991655349731445e-01,9.999980926513671875e-01,-9.999978542327880859e-01,9.999992847442626953e-01,9.999724626541137695e-01,9.999724030494689941e-01,9.999991059303283691e-01,9.999959468841552734e-01,-9.999856948852539062e-01,-9.999988079071044922e-01,-9.999959468841552734e-01,9.999988675117492676e-01,-9.999989867210388184e-01,9.999979138374328613e-01,-9.999986290931701660e-01,-9.999373555183410645e-01,9.999993443489074707e-01,-9.999973773956298828e-01,9.999992251396179199e-01,-9.999984502792358398e-01,-9.999967217445373535e-01,-9.999966621398925781e-01,-9.999987483024597168e-01,9.999976754188537598e-01,9.999979734420776367e-01,-9.999974370002746582e-01,-9.999939203262329102e-01,-9.999957680702209473e-01,-9.999251961708068848e-01,-9.999912381172180176e-01
-9.999987483024597168e-01,9.999988675117492676e-01,9.999955296516418457e-01,-9.999975562095642090e-01,-9.999991655349731445e-01,9.999992251396179199e-01,-9.999955296516418457e-01,-9.999994039535522461e-01,9.999925494194030762e-01,-9.999989271163940430e-01,9.999991059303283691e-01,9.999992251396179199e-01,-9.999983906745910645e-01,-9.999988079071044922e-01,-9.999969005584716797e-01,-9.999935030937194824e-01,-9.999981522560119629e-01,9.999980926513671875e-01,-9.999937415122985840e-01,9.999994039535522461e-01,9.999992847442626953e-01,-9.999957680702209473e-01,-9.999989271163940430e-01,-9.999974370002746582e-01,-9.999927282333374023e-01,-9.999992847442626953e-01,9.999986290931701660e-01,9.999991059303283691e-01,-9.999942779541015625e-01,9.999976754188537598e-01,9.999922513961791992e-01,9.999985098838806152e-01,-9.999852180480957031e-01,-9.999955296516418457e-01,9.999983906745910645e-01,-9.999650120735168457e-01,-9.999992251396179199e-01,-9.999989271163940430e-01,-9.999816417694091797e-01,9.999991655349731445e-01,-9.999989271163940430e-01,-9.999944567680358887e-01,-9.999842643737792969e-01,-9.999993443489074707e-01,-9.999985694885253906e-01,-9.999983310699462891e-01,9.999951720237731934e-01,-9.999991059303283691e-01,-9.999989867210388184e-01,9.999988675117492676e-01,9.999992251396179199e-01,9.999989867210388184e-01,9.999990463256835938e-01,9.999947547912597656e-01,9.999989867210388184e-01,9.999984502792358398e-01,-9.999893307685852051e-01,-9.999967813491821289e-01,-9.999947547912597656e-01,-9.999986290931701660e-01,9.999988079071044922e-01,-9.999991655349731445e-01,-9.999988079071044922e-01,-9.999967217445373535e-01,9.999940991401672363e-01,9.999991655349731445e-01,9.999994039535522461e-01,9.999961256980895996e-01,9.999993443489074707e-01,-9.999985098838806152e-01,9.999992847442626953e-01,-9.999951720237731934e-01,9.999971389770507812e-01,9.999952912330627441e-01,9.999899864196777344e-01,9.999989271163940430e-01,-9.999924898147583008e-01,-9.999991059303283691e-01,9.999937415122985840e-01,9.999961256980895996e-01,-9.999951720237731934e-01,-9.999982118606567383e-01,9.999992251396179199e-01,-9.999985694885253906e-01,9.999988079071044922e-01,9.999840259552001953e-01,9.999784231185913086e-01,-9.999992251396179199e-01,-9.999947547912597656e-01,-9.999949336051940918e-01,9.999938011169433594e-01,-9.999988079071044922e-01,9.999900460243225098e-01,9.999978542327880859e-01,-9.999976158142089844e-01,9.999984502792358398e-01,9.999894499778747559e-01,-9.999992847442626953e-01,9.999991059303283691e-01,-9.999979734420776367e-01,9.999977350234985352e-01,-9.999992251396179199e-01,-9.999703764915466309e-01,-9.999703168869018555e-01,-9.999991655349731445e-01,-9.999958872795104980e-01,9.999848008155822754e-01,9.999988675117492676e-01,9.999957084655761719e-01,-9.999988675117492676e-01,9.999989271163940430e-01,-9.999978542327880859e-01,9.999986290931701660e-01,9.999328851699829102e-01,-9.999992847442626953e-01,9.999971985816955566e-01,-9.999992847442626953e-01,9.999983906745910645e-01,9.999966025352478027e-01,9.999964833259582520e-01,9.999986886978149414e-01,-9.999975562095642090e-01,-9.999979138374328613e-01,9.999973773956298828e-01,9.999935626983642578e-01,9.999955892562866211e-01,9.999197721481323242e-01,9.999905824661254883e-01
9.999937415122985840e-01,-9.999945759773254395e-01,-9.999785423278808594e-01,9.999883770942687988e-01,9.999958276748657227e-01,-9.999955296516418457e-01,9.999788999557495117e-01,9.999964833259582520e-01,-9.999646544456481934e-01,9.999947547912597656e-01,-9.999955892562866211e-01,-9.999959468841552734e-01,9.999919533729553223e-01,9.999941587448120117e-01,9.999855756759643555e-01,9.999694824218750000e-01,9.999912381172180176e-01,-9.999910593032836914e-01,9.999698400497436523e-01,-9.999966621398925781e-01,-9.999960064888000488e-01,9.999797344207763672e-01,9.999949932098388672e-01,9.999878406524658203e-01,9.999654889106750488e-01,9.999959468841552734e-01,-9.999933838844299316e-01,-9.999956488609313965e-01,9.999727010726928711e-01,-9.999889135360717773e-01,-9.999628067016601562e-01,-9.999925494194030762e-01,9.999300241470336914e-01,9.999784827232360840e-01,-9.999925494194030762e-01,9.998349547386169434e-01,9.999961256980895996e-01,9.999946355819702148e-01,9.999129772186279297e-01,-9.999958872795104980e-01,9.999949336051940918e-01,9.999737739562988281e-01,9.999254345893859863e-01,9.999961853027343750e-01,9.999932050704956055e-01,9.999921321868896484e-01,-9.999767541885375977e-01,9.999953508377075195e-01,9.999948740005493164e-01,-9.999945759773254395e-01,-9.999957680702209473e-01,-9.999951124191284180e-01,-9.999952316284179688e-01,-9.999749064445495605e-01,-9.999951124191284180e-01,-9.999927282333374023e-01,9.999492764472961426e-01,9.999845623970031738e-01,9.999753236770629883e-01,9.999935626983642578e-01,-9.999938607215881348e-01,9.999959468841552734e-01,9.999939799308776855e-01,9.999846816062927246e-01,-9.999718666076660156e-01,-9.999958872795104980e-01,-9.999965429306030273e-01,-9.999819397926330566e-01,-9.999963045120239258e-01,9.999931454658508301e-01,-9.999957680702209473e-01,9.999768137931823730e-01,-9.999861717224121094e-01,-9.999778270721435547e-01,-9.999521970748901367e-01,-9.999946355819702148e-01,9.999645352363586426e-01,9.999954700469970703e-01,-9.999697804450988770e-01,-9.999818205833435059e-01,9.999765157699584961e-01,9.999911189079284668e-01,-9.999956488609313965e-01,9.999933242797851562e-01,-9.999939203262329102e-01,-9.999240636825561523e-01,-9.998980164527893066e-01,9.999961256980895996e-01,9.999747276306152344e-01,9.999756813049316406e-01,-9.999702572822570801e-01,9.999941587448120117e-01,-9.999524950981140137e-01,-9.999895691871643066e-01,9.999884963035583496e-01,-9.999927878379821777e-01,-9.999501109123229980e-01,9.999962449073791504e-01,-9.999956488609313965e-01,9.999905824661254883e-01,-9.999892711639404297e-01,9.999959468841552734e-01,9.998599886894226074e-01,9.998596906661987305e-01,9.999953508377075195e-01,9.999803304672241211e-01,-9.999275207519531250e-01,-9.999944567680358887e-01,-9.999794363975524902e-01,9.999946951866149902e-01,-9.999948143959045410e-01,9.999895095825195312e-01,-9.999932050704956055e-01,-9.996829628944396973e-01,9.999963045120239258e-01,-9.999867677688598633e-01,9.999962449073791504e-01,-9.999921321868896484e-01,-9.999836087226867676e-01,-9.999832510948181152e-01,-9.999935030937194824e-01,9.999886751174926758e-01,9.999898672103881836e-01,-9.999876022338867188e-01,-9.999691843986511230e-01,-9.999787807464599609e-01,-9.996208548545837402e-01,-9.999551773071289062e-01
9.999989867210388184e-01,-9.999991655349731445e-01,-9.999965429306030273e-01,9.999980926513671875e-01,9.999993443489074707e-01,-9.999994039535522461e-01,9.999964833259582520e-01,9.999995231628417969e-01,-9.999942779541015625e-01,9.999992847442626953e-01,-9.999993443489074707e-01,-9.999993443489074707e-01,9.999987483024597168e-01,9.999991655349731445e-01,9.999976158142089844e-01,9.999951124191284180e-01,9.999984502792358398e-01,-9.999985098838806152e-01,9.999951124191284180e-01,-9.999994635581970215e-01,-9.999994635581970215e-01,9.999966621398925781e-01,9.999993443489074707e-01,9.999980926513671875e-01,9.999943971633911133e-01,9.999994635581970215e-01,-9.999989867210388184e-01,-9.999994039535522461e-01,9.999955296516418457e-01,-9.999982714653015137e-01,-9.999939203262329102e-01,-9.999988675117492676e-01,9.999886155128479004e-01,9.999965429306030273e-01,-9.999988675117492676e-01,9.999731183052062988e-01,9.999994039535522461e-01,9.999992847442626953e-01,9.999858736991882324e-01,-9.999994635581970215e-01,9.999992251396179199e-01,9.999957680702209473e-01,9.999879002571105957e-01,9.999994039535522461e-01,9.999988675117492676e-01,9.999986886978149414e-01,-9.999962449073791504e-01,9.999992847442626953e-01,9.999992251396179199e-01,-9.999991655349731445e-01,-9.999993443489074707e-01,-9.999992251396179199e-01,-9.999992847442626953e-01,-9.999958872795104980e-01,-9.999992251396179199e-01,-9.999988079071044922e-01,9.999918341636657715e-01,9.999974966049194336e-01,9.999959468841552734e-01,9.999989867210388184e-01,-9.999991655349731445e-01,9.999993443489074707e-01,9.999990463256835938e-01,9.999975562095642090e-01,-9.999954700469970703e-01,-9.999993443489074707e-01,-9.999995827674865723e-01,-9.999970197677612305e-01,-9.999994039535522461e-01,9.999989271163940430e-01,-9.999993443489074707e-01,9.999961853027343750e-01,-9.999977350234985352e-01,-9.999964237213134766e-01,-9.999921917915344238e-01,-9.999991655349731445e-01,9.999942183494567871e-01,9.999992847442626953e-01,-9.999951124191284180e-01,-9.999969005584716797e-01,9.999960660934448242e-01,9.999985694885253906e-01,-9.999993443489074707e-01,9.999988675117492676e-01,-9.999991655349731445e-01,-9.999877214431762695e-01,-9.999833703041076660e-01,9.999994635581970215e-01,9.999959468841552734e-01,9.999960064888000488e-01,-9.999952316284179688e-01,9.999992251396179199e-01,-9.999923706054687500e-01,-9.999982714653015137e-01,9.999980926513671875e-01,-9.999988079071044922e-01,-9.999918937683105469e-01,9.999994635581970215e-01,-9.999994039535522461e-01,9.999984502792358398e-01,-9.999982118606567383e-01,9.999994039535522461e-01,9.999772310256958008e-01,9.999771714210510254e-01,9.999992847442626953e-01,9.999967813491821289e-01,-9.999882578849792480e-01,-9.999991655349731445e-01,-9.999967217445373535e-01,9.999991655349731445e-01,-9.999992251396179199e-01,9.999983906745910645e-01,-9.999989271163940430e-01,-9.999482631683349609e-01,9.999994039535522461e-01,-9.999977946281433105e-01,9.999994635581970215e-01,-9.999987483024597168e-01,-9.999973177909851074e-01,-9.999971985816955566e-01,-9.999989867210388184e-01,9.999981522560119629e-01,9.999983310699462891e-01,-9.999979138374328613e-01,-9.999950528144836426e-01,-9.999964833259582520e-01,-9.999382495880126953e-01,-9.999927878379821777e-01
-9.999895095825195312e-01,9.999909400939941406e-01,9.999642372131347656e-01,-9.999805688858032227e-01,-9.999930858612060547e-01,9.999925494194030762e-01,-9.999646544456481934e-01,-9.999942779541015625e-01,9.999412298202514648e-01,-9.999912977218627930e-01,9.999926090240478516e-01,9.999933838844299316e-01,-9.999865889549255371e-01,-9.999901652336120605e-01,-9.999759793281555176e-01,-9.999489784240722656e-01,-9.999853968620300293e-01,9.999850988388061523e-01,-9.999497532844543457e-01,9.999943971633911133e-01,9.999934434890747070e-01,-9.999660849571228027e-01,-9.999915957450866699e-01,-9.999797344207763672e-01,-9.999424815177917480e-01,-9.999932050704956055e-01,9.999889135360717773e-01,9.999927282333374023e-01,-9.999544024467468262e-01,9.999815225601196289e-01,9.999380111694335938e-01,9.999876022338867188e-01,-9.998834729194641113e-01,-9.999641180038452148e-01,9.999876022338867188e-01,-9.997249841690063477e-01,-9.999936223030090332e-01,-9.999910593032836914e-01,-9.998551607131958008e-01,9.999930858612060547e-01,-9.999915957450866699e-01,-9.999562501907348633e-01,-9.998758435249328613e-01,-9.999936223030090332e-01,-9.999887347221374512e-01,-9.999869465827941895e-01,9.999611377716064453e-01,-9.999924898147583008e-01,-9.999914169311523438e-01,9.999911189079284668e-01,9.999929666519165039e-01,9.999920129776000977e-01,9.999921321868896484e-01,9.999580979347229004e-01,9.999918937683105469e-01,9.999880194664001465e-01,-9.999154806137084961e-01,-9.999740719795227051e-01,-9.999586939811706543e-01,-9.999893307685852051e-01,9.999899864196777344e-01,-9.999932646751403809e-01,-9.999899864196777344e-01,-9.999744296073913574e-01,9.999530315399169922e-01,9.999931454658508301e-01,9.999943375587463379e-01,9.999700188636779785e-01,9.999938011169433594e-01,-9.999885559082031250e-01,9.999929666519165039e-01,-9.999612569808959961e-01,9.999769330024719238e-01,9.999629855155944824e-01,9.999203681945800781e-01,9.999910593032836914e-01,-9.999409914016723633e-01,-9.999924898147583008e-01,9.999496936798095703e-01,9.999698400497436523e-01,-9.999606013298034668e-01,-9.999853372573852539e-01,9.999929070472717285e-01,-9.999888539314270020e-01,9.999899864196777344e-01,9.998734593391418457e-01,9.998300075531005859e-01,-9.999936223030090332e-01,-9.999578595161437988e-01,-9.999594688415527344e-01,9.999502897262573242e-01,-9.999902248382568359e-01,9.999207258224487305e-01,9.999827742576599121e-01,-9.999808669090270996e-01,9.999880790710449219e-01,9.999170303344726562e-01,-9.999940395355224609e-01,9.999926686286926270e-01,-9.999842047691345215e-01,9.999822974205017090e-01,-9.999935030937194824e-01,-9.997668266296386719e-01,-9.997662305831909180e-01,-9.999922513961791992e-01,-9.999672770500183105e-01,9.998791813850402832e-01,9.999907612800598145e-01,9.999656677246093750e-01,-9.999912381172180176e-01,9.999914169311523438e-01,-9.999825954437255859e-01,9.999886155128479004e-01,9.994717836380004883e-01,-9.999939799308776855e-01,9.999780654907226562e-01,-9.999938607215881348e-01,9.999868869781494141e-01,9.999727010726928711e-01,9.999720454216003418e-01,9.999891519546508789e-01,-9.999811649322509766e-01,-9.999831318855285645e-01,9.999794363975524902e-01,9.999485015869140625e-01,9.999645352363586426e-01,9.993682503700256348e-01,9.999253153800964355e-01
9.999984502792358398e-01,-9.999986290931701660e-01,-9.999947547912597656e-01,9.999970793724060059e-01,9.999989271163940430e-01,-9.999989271163940430e-01,9.999947547912597656e-01,9.999992847442626953e-01,-9.999912977218627930e-01,9.999987483024597168e-01,-9.999989271163940430e-01,-9.999991059303283691e-01,9.999979734420776367e-01,9.999986290931701660e-01,9.999964237213134766e-01,9.999924302101135254e-01,9.999977350234985352e-01,-9.999977350234985352e-01,9.999925494194030762e-01,-9.999992251396179199e-01,-9.999990463256835938e-01,9.999949932098388672e-01,9.999987483024597168e-01,9.999969601631164551e-01,9.999914169311523438e-01,9.999990463256835938e-01,-9.999984502792358398e-01,-9.999989867210388184e-01,9.999932646751403809e-01,-9.999973177909851074e-01,-9.999908804893493652e-01,-9.999981522560119629e-01,9.999827146530151367e-01,9.999946951866149902e-01,-9.999981522560119629e-01,9.999591112136840820e-01,9.999991059303283691e-01,9.999986290931701660e-01,9.999785423278808594e-01,-9.999990463256835938e-01,9.999986290931701660e-01,9.999935030937194824e-01,9.999815821647644043e-01,9.999991059303283691e-01,9.999983310699462891e-01,9.999980330467224121e-01,-9.999943375587463379e-01,9.999988079071044922e-01,9.999986886978149414e-01,-9.999986886978149414e-01,-9.999989271163940430e-01,-9.999988079071044922e-01,-9.999988079071044922e-01,-9.999938011169433594e-01,-9.999988079071044922e-01,-9.999980926513671875e-01,9.999874830245971680e-01,9.999960660934448242e-01,9.999938011169433594e-01,9.999983906745910645e-01,-9.999985098838806152e-01,9.999989867210388184e-01,9.999985098838806152e-01,9.999961256980895996e-01,-9.999930262565612793e-01,-9.999989271163940430e-01,-9.999991655349731445e-01,-9.999955296516418457e-01,-9.999991059303283691e-01,9.999982714653015137e-01,-9.999989271163940430e-01,9.999942779541015625e-01,-9.999965429306030273e-01,-9.999945759773254395e-01,-9.999881982803344727e-01,-9.999986886978149414e-01,9.999912381172180176e-01,9.999988079071044922e-01,-9.999925494194030762e-01,-9.999954700469970703e-01,9.999942183494567871e-01,9.999977946281433105e-01,-9.999989271163940430e-01,9.999983310699462891e-01,-9.999985098838806152e-01,-9.999813437461853027e-01,-9.999747276306152344e-01,9.999991059303283691e-01,9.999938607215881348e-01,9.999939799308776855e-01,-9.999927282333374023e-01,9.999985098838806152e-01,-9.999883174896240234e-01,-9.999973773956298828e-01,9.999971985816955566e-01,-9.999982118606567383e-01,-9.999877214431762695e-01,9.999991655349731445e-01,-9.999989271163940430e-01,9.999976158142089844e-01,-9.999972581863403320e-01,9.999991059303283691e-01,9.999653100967407227e-01,9.999652504920959473e-01,9.999989271163940430e-01,9.999951720237731934e-01,-9.999821186065673828e-01,-9.999985694885253906e-01,-9.999949336051940918e-01,9.999986290931701660e-01,-9.999986886978149414e-01,9.999974370002746582e-01,-9.999982714653015137e-01,-9.999215602874755859e-01,9.999991655349731445e-01,-9.999967217445373535e-01,9.999991655349731445e-01,-9.999980330467224121e-01,-9.999959468841552734e-01,-9.999958276748657227e-01,-9.999983906745910645e-01,9.999970793724060059e-01,9.999974370002746582e-01,-9.999968409538269043e-01,-9.999923706054687500e-01,-9.999947547912597656e-01,-9.999061226844787598e-01,-9.999890327453613281e-01
-9.999986290931701660e-01,9.999988079071044922e-01,9.999955892562866211e-01,-9.999974966049194336e-01,-9.999991655349731445e-01,9.999991059303283691e-01,-9.999955892562866211e-01,-9.999993443489074707e-01,9.999926090240478516e-01,-9.999989271163940430e-01,9.999990463256835938e-01,9.999991059303283691e-01,-9.999983310699462891e-01,-9.999988079071044922e-01,-9.999969601631164551e-01,-9.999935626983642578e-01,-9.999980926513671875e-01,9.999981522560119629e-01,-9.999936819076538086e-01,9.999993443489074707e-01,9.999992251396179199e-01,-9.999957084655761719e-01,-9.999989271163940430e-01,-9.999974370002746582e-01,-9.999927878379821777e-01,-9.999991655349731445e-01,9.999986290931701660e-01,9.999991655349731445e-01,-9.999943375587463379e-01,9.999976754188537598e-01,9.999923110008239746e-01,9.999985098838806152e-01,-9.999855756759643555e-01,-9.999955296516418457e-01,9.999983310699462891e-01,-9.999657869338989258e-01,-9.999991655349731445e-01,-9.999988675117492676e-01,-9.999819993972778320e-01,9.999991655349731445e-01,-9.999988675117492676e-01,-9.999945759773254395e-01,-9.999845027923583984e-01,-9.999992847442626953e-01,-9.999985098838806152e-01,-9.999983310699462891e-01,9.999951720237731934e-01,-9.999989867210388184e-01,-9.999989271163940430e-01,9.999988079071044922e-01,9.999991655349731445e-01,9.999990463256835938e-01,9.999990463256835938e-01,9.999946951866149902e-01,9.999989867210388184e-01,9.999983906745910645e-01,-9.999895095825195312e-01,-9.999967217445373535e-01,-9.999948143959045410e-01,-9.999985694885253906e-01,9.999987483024597168e-01,-9.999992251396179199e-01,-9.999987483024597168e-01,-9.999967813491821289e-01,9.999941587448120117e-01,9.999991059303283691e-01,9.999993443489074707e-01,9.999962449073791504e-01,9.999992847442626953e-01,-9.999985694885253906e-01,9.999990463256835938e-01,-9.999951720237731934e-01,9.999970793724060059e-01,9.999953508377075195e-01,9.999900460243225098e-01,9.999988079071044922e-01,-9.999926686286926270e-01,-9.999991059303283691e-01,9.999938011169433594e-01,9.999960660934448242e-01,-9.999951124191284180e-01,-9.999980330467224121e-01,9.999991655349731445e-01,-9.999985098838806152e-01,9.999987483024597168e-01,9.999843239784240723e-01,9.999788999557495117e-01,-9.999992251396179199e-01,-9.999947547912597656e-01,-9.999949336051940918e-01,9.999938011169433594e-01,-9.999987483024597168e-01,9.999901652336120605e-01,9.999978542327880859e-01,-9.999976158142089844e-01,9.999983906745910645e-01,9.999896287918090820e-01,-9.999992847442626953e-01,9.999991655349731445e-01,-9.999979138374328613e-01,9.999976754188537598e-01,-9.999992251396179199e-01,-9.999709725379943848e-01,-9.999709129333496094e-01,-9.999991059303283691e-01,-9.999958872795104980e-01,9.999849796295166016e-01,9.999988675117492676e-01,9.999957680702209473e-01,-9.999988079071044922e-01,9.999989271163940430e-01,-9.999977946281433105e-01,9.999985694885253906e-01,9.999342560768127441e-01,-9.999992251396179199e-01,9.999972581863403320e-01,-9.999992847442626953e-01,9.999983310699462891e-01,9.999965429306030273e-01,9.999964833259582520e-01,9.999986290931701660e-01,-9.999975562095642090e-01,-9.999978542327880859e-01,9.999973177909851074e-01,9.999936223030090332e-01,9.999955296516418457e-01,9.999214410781860352e-01,9.999907612800598145e-01
-9.999987483024597168e-01,9.999989271163940430e-01,9.999960064888000488e-01,-9.999976754188537598e-01,-9.999992847442626953e-01,9.999992251396179199e-01,-9.999959468841552734e-01,-9.999993443489074707e-01,9.999933838844299316e-01,-9.999991059303283691e-01,9.999991059303283691e-01,9.999992251396179199e-01,-9.999985098838806152e-01,-9.999988675117492676e-01,-9.999972581863403320e-01,-9.999942183494567871e-01,-9.999982714653015137e-01,9.999982118606567383e-01,-9.999943971633911133e-01,9.999993443489074707e-01,9.999992847442626953e-01,-9.999960660934448242e-01,-9.999991059303283691e-01,-9.999976754188537598e-01,-9.999935626983642578e-01,-9.999991655349731445e-01,9.999987483024597168e-01,9.999991655349731445e-01,-9.999948740005493164e-01,9.999978542327880859e-01,9.999931454658508301e-01,9.999986290931701660e-01,-9.999871253967285156e-01,-9.999959468841552734e-01,9.999985098838806152e-01,-9.999694824218750000e-01,-9.999993443489074707e-01,-9.999990463256835938e-01,-9.999839067459106445e-01,9.999991655349731445e-01,-9.999989867210388184e-01,-9.999951124191284180e-01,-9.999861717224121094e-01,-9.999991655349731445e-01,-9.999985694885253906e-01,-9.999984502792358398e-01,9.999956488609313965e-01,-9.999991059303283691e-01,-9.999989867210388184e-01,9.999990463256835938e-01,9.999991655349731445e-01,9.999990463256835938e-01,9.999990463256835938e-01,9.999953508377075195e-01,9.999990463256835938e-01,9.999985694885253906e-01,-9.999905824661254883e-01,-9.999970793724060059e-01,-9.999953508377075195e-01,-9.999986886978149414e-01,9.999988675117492676e-01,-9.999992251396179199e-01,-9.999987483024597168e-01,-9.999970197677612305e-01,9.999947547912597656e-01,9.999991059303283691e-01,9.999994039535522461e-01,9.999965429306030273e-01,9.999992847442626953e-01,-9.999986290931701660e-01,9.999991655349731445e-01,-9.999956488609313965e-01,9.999973177909851074e-01,9.999958276748657227e-01,9.999911189079284668e-01,9.999989271163940430e-01,-9.999933838844299316e-01,-9.999991059303283691e-01,9.999943375587463379e-01,9.999964237213134766e-01,-9.999955892562866211e-01,-9.999982714653015137e-01,9.999992251396179199e-01,-9.999986886978149414e-01,9.999988675117492676e-01,9.999859333038330078e-01,9.999811053276062012e-01,-9.999993443489074707e-01,-9.999952912330627441e-01,-9.999954104423522949e-01,9.999945163726806641e-01,-9.999988675117492676e-01,9.999911785125732422e-01,9.999979734420776367e-01,-9.999977946281433105e-01,9.999985098838806152e-01,9.999907016754150391e-01,-9.999992847442626953e-01,9.999992251396179199e-01,-9.999981522560119629e-01,9.999979138374328613e-01,-9.999991655349731445e-01,-9.999741315841674805e-01,-9.999739527702331543e-01,-9.999991059303283691e-01,-9.999962449073791504e-01,9.999866485595703125e-01,9.999988675117492676e-01,9.999960064888000488e-01,-9.999989867210388184e-01,9.999989867210388184e-01,-9.999979138374328613e-01,9.999987483024597168e-01,9.999413490295410156e-01,-9.999992251396179199e-01,9.999974370002746582e-01,-9.999992847442626953e-01,9.999984502792358398e-01,9.999968409538269043e-01,9.999967813491821289e-01,9.999988079071044922e-01,-9.999977946281433105e-01,-9.999979734420776367e-01,9.999975562095642090e-01,9.999942183494567871e-01,9.999958872795104980e-01,9.999299645423889160e-01,9.999916553497314453e-01
