9.999981522560119629e-01,-9.999983906745910645e-01,-9.999934434890747070e-01,9.999964833259582520e-01,9.999986886978149414e-01,-9.999986886978149414e-01,9.999935030937194824e-01,9.999989271163940430e-01,-9.999861717224121094e-01,9.999984502792358398e-01,-9.999987483024597168e-01,-9.999988675117492676e-01,9.999974966049194336e-01,9.999982118606567383e-01,9.999958276748657227e-01,9.999901056289672852e-01,9.999974370002746582e-01,-9.999971985816955566e-01,9.999907016754150391e-01,-9.999989867210388184e-01,-9.999988079071044922e-01,9.999938607215881348e-01,9.999985694885253906e-01,9.999961256980895996e-01,9.999902844429016113e-01,9.999987483024597168e-01,-9.999979734420776367e-01,-9.999986290931701660e-01,9.999920725822448730e-01,-9.999966621398925781e-01,-9.999887347221374512e-01,-9.999976754188537598e-01,9.999778270721435547e-01,9.999933838844299316e-01,-9.999977350234985352e-01,9.999567866325378418e-01,9.999988675117492676e-01,9.999984502792358398e-01,9.999700784683227539e-01,-9.999987483024597168e-01,9.999984502792358398e-01,9.999928474426269531e-01,9.999764561653137207e-01,9.999988675117492676e-01,9.999979138374328613e-01,9.999974966049194336e-01,-9.999931454658508301e-01,9.999986886978149414e-01,9.999985098838806152e-01,-9.999983906745910645e-01,-9.999988079071044922e-01,-9.999985694885253906e-01,-9.999985098838806152e-01,-9.999923706054687500e-01,-9.999985098838806152e-01,-9.999978542327880859e-01,9.999887943267822266e-01,9.999957084655761719e-01,9.999915957450866699e-01,9.999980330467224121e-01,-9.999981522560119629e-01,9.999987483024597168e-01,9.999982118606567383e-01,9.999954104423522949e-01,-9.999903440475463867e-01,-9.999987483024597168e-01,-9.999989867210388184e-01,-9.999945163726806641e-01,-9.999989271163940430e-01,9.999978542327880859e-01,-9.999987483024597168e-01,9.999923110008239746e-01,-9.999963045120239258e-01,-9.999933242797851562e-01,-9.999863505363464355e-01,-9.999983906745910645e-01,9.999893903732299805e-01,9.999986290931701660e-01,-9.999905824661254883e-01,-9.999943971633911133e-01,9.999932646751403809e-01,9.999972581863403320e-01,-9.999986886978149414e-01,9.999979138374328613e-01,-9.999982714653015137e-01,-9.999755620956420898e-01,-9.999755620956420898e-01,9.999988079071044922e-01,9.999926090240478516e-01,9.999936819076538086e-01,-9.999903440475463867e-01,9.999983310699462891e-01,-9.999859929084777832e-01,-9.999967813491821289e-01,9.999962449073791504e-01,-9.999979138374328613e-01,-9.999842643737792969e-01,9.999989271163940430e-01,-9.999987483024597168e-01,9.999972581863403320e-01,-9.999967813491821289e-01,9.999988079071044922e-01,9.999601244926452637e-01,9.999580383300781250e-01,9.999985694885253906e-01,9.999935626983642578e-01,-9.999776482582092285e-01,-9.999983310699462891e-01,-9.999936223030090332e-01,9.999985098838806152e-01,-9.999983906745910645e-01,9.999965429306030273e-01,-9.999979734420776367e-01,-9.998950362205505371e-01,9.999989271163940430e-01,-9.999959468841552734e-01,9.999988079071044922e-01,-9.999974966049194336e-01,-9.999951720237731934e-01,-9.999944567680358887e-01,-9.999979138374328613e-01,9.999965429306030273e-01,9.999968409538269043e-01,-9.999961256980895996e-01,-9.999911785125732422e-01,-9.999935030937194824e-01,-9.999316930770874023e-01,-9.999852776527404785e-01
-9.999983906745910645e-01,9.999986290931701660e-01,9.999943375587463379e-01,-9.999968409538269043e-01,-9.999989271163940430e-01,9.999988675117492676e-01,-9.999943971633911133e-01,-9.999991655349731445e-01,9.999880790710449219e-01,-9.999986290931701660e-01,9.999989271163940430e-01,9.999990463256835938e-01,-9.999978542327880859e-01,-9.999984502792358398e-01,-9.999963641166687012e-01,-9.999914765357971191e-01,-9.999977946281433105e-01,9.999975562095642090e-01,-9.999919533729553223e-01,9.999991655349731445e-01,9.999989271163940430e-01,-9.999946951866149902e-01,-9.999987483024597168e-01,-9.999966621398925781e-01,-9.999915361404418945e-01,-9.999989271163940430e-01,9.999982714653015137e-01,9.999989271163940430e-01,-9.999931454658508301e-01,9.999971389770507812e-01,9.999902248382568359e-01,9.999980330467224121e-01,-9.999808669090270996e-01,-9.999942183494567871e-01,9.999980330467224121e-01,-9.999626278877258301e-01,-9.999990463256835938e-01,-9.999986290931701660e-01,-9.999741911888122559e-01,9.999989271163940430e-01,-9.999986290931701660e-01,-9.999939203262329102e-01,-9.999796748161315918e-01,-9.999990463256835938e-01,-9.999981522560119629e-01,-9.999977946281433105e-01,9.999940991401672363e-01,-9.999988675117492676e-01,-9.999986290931701660e-01,9.999985694885253906e-01,9.999990463256835938e-01,9.999987483024597168e-01,9.999986886978149414e-01,9.999934434890747070e-01,9.999987483024597168e-01,9.999982118606567383e-01,-9.999904036521911621e-01,-9.999963045120239258e-01,-9.999927282333374023e-01,-9.999982714653015137e-01,9.999985098838806152e-01,-9.999989271163940430e-01,-9.999984502792358398e-01,-9.999960064888000488e-01,9.999916553497314453e-01,9.999989271163940430e-01,9.999992847442626953e-01,9.999952912330627441e-01,9.999992251396179199e-01,-9.999982118606567383e-01,9.999989271163940430e-01,-9.999933838844299316e-01,9.999968409538269043e-01,9.999942183494567871e-01,9.999881982803344727e-01,9.999986290931701660e-01,-9.999907612800598145e-01,-9.999988079071044922e-01,9.999918937683105469e-01,9.999951720237731934e-01,-9.999941587448120117e-01,-9.999977350234985352e-01,9.999988675117492676e-01,-9.999982118606567383e-01,9.999985098838806152e-01,9.999788999557495117e-01,9.999790191650390625e-01,-9.999990463256835938e-01,-9.999936223030090332e-01,-9.999945759773254395e-01,9.999917149543762207e-01,-9.999984502792358398e-01,9.999880194664001465e-01,9.999973177909851074e-01,-9.999967813491821289e-01,9.999981522560119629e-01,9.999864697456359863e-01,-9.999992251396179199e-01,9.999989271163940430e-01,-9.999976158142089844e-01,9.999973177909851074e-01,-9.999989867210388184e-01,-9.999656677246093750e-01,-9.999637603759765625e-01,-9.999987483024597168e-01,-9.999944567680358887e-01,9.999807476997375488e-01,9.999986290931701660e-01,9.999945163726806641e-01,-9.999986290931701660e-01,9.999986290931701660e-01,-9.999971389770507812e-01,9.999983310699462891e-01,9.999093413352966309e-01,-9.999992251396179199e-01,9.999964833259582520e-01,-9.999991059303283691e-01,9.999979138374328613e-01,9.999957680702209473e-01,9.999951720237731934e-01,9.999981522560119629e-01,-9.999971389770507812e-01,-9.999972581863403320e-01,9.999966621398925781e-01,9.999923706054687500e-01,9.999943375587463379e-01,9.999411106109619141e-01,9.999873638153076172e-01
-9.999934434890747070e-01,9.999943375587463379e-01,9.999777078628540039e-01,-9.999878406524658203e-01,-9.999957680702209473e-01,9.999953508377075195e-01,-9.999780058860778809e-01,-9.999964237213134766e-01,9.999524354934692383e-01,-9.999946951866149902e-01,9.999955892562866211e-01,9.999960660934448242e-01,-9.999915957450866699e-01,-9.999939799308776855e-01,-9.999857544898986816e-01,-9.999660253524780273e-01,-9.999912381172180176e-01,9.999905824661254883e-01,-9.999682307243347168e-01,9.999965429306030273e-01,9.999959468841552734e-01,-9.999789595603942871e-01,-9.999948143959045410e-01,-9.999870061874389648e-01,-9.999668002128601074e-01,-9.999957680702209473e-01,9.999932050704956055e-01,9.999955296516418457e-01,-9.999729990959167480e-01,9.999887943267822266e-01,9.999611973762512207e-01,9.999922513961791992e-01,-9.999243617057800293e-01,-9.999771714210510254e-01,9.999923110008239746e-01,-9.998528361320495605e-01,-9.999960064888000488e-01,-9.999945163726806641e-01,-9.998976588249206543e-01,9.999958276748657227e-01,-9.999947547912597656e-01,-9.999756217002868652e-01,-9.999192953109741211e-01,-9.999960064888000488e-01,-9.999929070472717285e-01,-9.999917745590209961e-01,9.999766945838928223e-01,-9.999954700469970703e-01,-9.999946951866149902e-01,9.999945163726806641e-01,9.999957680702209473e-01,9.999951124191284180e-01,9.999949932098388672e-01,9.999740719795227051e-01,9.999950528144836426e-01,9.999924898147583008e-01,-9.999616742134094238e-01,-9.999852776527404785e-01,-9.999712705612182617e-01,-9.999933242797851562e-01,9.999937415122985840e-01,-9.999958276748657227e-01,-9.999938011169433594e-01,-9.999844431877136230e-01,9.999670386314392090e-01,9.999958276748657227e-01,9.999964237213134766e-01,9.999812245368957520e-01,9.999961853027343750e-01,-9.999927282333374023e-01,9.999957680702209473e-01,-9.999738335609436035e-01,9.999876618385314941e-01,9.999772906303405762e-01,9.999533295631408691e-01,9.999945759773254395e-01,-9.999635219573974609e-01,-9.999954700469970703e-01,9.999676942825317383e-01,9.999809265136718750e-01,-9.999769926071166992e-01,-9.999908208847045898e-01,9.999955296516418457e-01,-9.999930858612060547e-01,9.999938607215881348e-01,9.999161958694458008e-01,9.999165534973144531e-01,-9.999960064888000488e-01,-9.999744892120361328e-01,-9.999785423278808594e-01,9.999669194221496582e-01,-9.999939799308776855e-01,9.999522566795349121e-01,9.999893903732299805e-01,-9.999873638153076172e-01,9.999930262565612793e-01,9.999463558197021484e-01,-9.999963641166687012e-01,9.999956488609313965e-01,-9.999904632568359375e-01,9.999892115592956543e-01,-9.999960064888000488e-01,-9.998642206192016602e-01,-9.998571276664733887e-01,-9.999952316284179688e-01,-9.999780654907226562e-01,9.999234676361083984e-01,9.999943375587463379e-01,9.999783635139465332e-01,-9.999946951866149902e-01,9.999946355819702148e-01,-9.999884963035583496e-01,9.999930858612060547e-01,9.996422529220581055e-01,-9.999963045120239258e-01,9.999859929084777832e-01,-9.999962449073791504e-01,9.999915957450866699e-01,9.999832510948181152e-01,9.999809861183166504e-01,9.999929070472717285e-01,-9.999884366989135742e-01,-9.999891519546508789e-01,9.999867081642150879e-01,9.999698996543884277e-01,9.999775886535644531e-01,9.997671842575073242e-01,9.999498128890991211e-01
9.999964833259582520e-01,-9.999968409538269043e-01,-9.999878406524658203e-01,9.999933242797851562e-01,9.999976158142089844e-01,-9.999974370002746582e-01,9.999878406524658203e-01,9.999980330467224121e-01,-9.999740123748779297e-01,9.999970793724060059e-01,-9.999974966049194336e-01,-9.999977946281433105e-01,9.999954104423522949e-01,9.999966025352478027e-01,9.999922513961791992e-01,9.999815225601196289e-01,9.999951720237731934e-01,-9.999947547912597656e-01,9.999825358390808105e-01,-9.999980926513671875e-01,-9.999977350234985352e-01,9.999885559082031250e-01,9.999971389770507812e-01,9.999929070472717285e-01,9.999818801879882812e-01,9.999975562095642090e-01,-9.999961853027343750e-01,-9.999975562095642090e-01,9.999851584434509277e-01,-9.999938607215881348e-01,-9.999788403511047363e-01,-9.999957680702209473e-01,9.999585747718811035e-01,9.999875426292419434e-01,-9.999957680702209473e-01,9.999193549156188965e-01,9.999977946281433105e-01,9.999970197677612305e-01,9.999440908432006836e-01,-9.999976754188537598e-01,9.999970793724060059e-01,9.999866485595703125e-01,9.999558329582214355e-01,9.999977946281433105e-01,9.999960660934448242e-01,9.999954104423522949e-01,-9.999871253967285156e-01,9.999974370002746582e-01,9.999970197677612305e-01,-9.999969601631164551e-01,-9.999976158142089844e-01,-9.999971985816955566e-01,-9.999971389770507812e-01,-9.999859333038330078e-01,-9.999972581863403320e-01,-9.999958872795104980e-01,9.999790191650390625e-01,9.999919533729553223e-01,9.999842047691345215e-01,9.999963045120239258e-01,-9.999965429306030273e-01,9.999976158142089844e-01,9.999966025352478027e-01,9.999914765357971191e-01,-9.999819993972778320e-01,-9.999976158142089844e-01,-9.999981522560119629e-01,-9.999896883964538574e-01,-9.999979138374328613e-01,9.999960660934448242e-01,-9.999975562095642090e-01,9.999856948852539062e-01,-9.999931454658508301e-01,-9.999875426292419434e-01,-9.999744892120361328e-01,-9.999970197677612305e-01,9.999800324440002441e-01,9.999973773956298828e-01,-9.999822974205017090e-01,-9.999895691871643066e-01,9.999874234199523926e-01,9.999949932098388672e-01,-9.999974966049194336e-01,9.999960660934448242e-01,-9.999965429306030273e-01,-9.999541640281677246e-01,-9.999543428421020508e-01,9.999977350234985352e-01,9.999860525131225586e-01,9.999882578849792480e-01,-9.999818801879882812e-01,9.999967813491821289e-01,-9.999738931655883789e-01,-9.999940395355224609e-01,9.999930262565612793e-01,-9.999960660934448242e-01,-9.999707341194152832e-01,9.999979734420776367e-01,-9.999976158142089844e-01,9.999947547912597656e-01,-9.999940991401672363e-01,9.999977946281433105e-01,9.999256730079650879e-01,9.999217391014099121e-01,9.999972581863403320e-01,9.999880194664001465e-01,-9.999581575393676758e-01,-9.999968409538269043e-01,-9.999881386756896973e-01,9.999970197677612305e-01,-9.999970197677612305e-01,9.999936819076538086e-01,-9.999962449073791504e-01,-9.998042583465576172e-01,9.999979734420776367e-01,-9.999922513961791992e-01,9.999978542327880859e-01,-9.999953508377075195e-01,-9.999908208847045898e-01,-9.999896287918090820e-01,-9.999960660934448242e-01,9.999936819076538086e-01,9.999939799308776855e-01,-9.999927282333374023e-01,-9.999834895133972168e-01,-9.999877810478210449e-01,-9.998725652694702148e-01,-9.999725222587585449e-01
9.999986886978149414e-01,-9.999989271163940430e-01,-9.999957680702209473e-01,9.999976158142089844e-01,9.999992847442626953e-01,-9.999991655349731445e-01,9.999957680702209473e-01,9.999994039535522461e-01,-9.999908804893493652e-01,9.999990463256835938e-01,-9.999991655349731445e-01,-9.999993443489074707e-01,9.999983310699462891e-01,9.999988675117492676e-01,9.999971985816955566e-01,9.999935030937194824e-01,9.999982714653015137e-01,-9.999981522560119629e-01,9.999938607215881348e-01,-9.999993443489074707e-01,-9.999993443489074707e-01,9.999959468841552734e-01,9.999989867210388184e-01,9.999974966049194336e-01,9.999936819076538086e-01,9.999992251396179199e-01,-9.999986290931701660e-01,-9.999992847442626953e-01,9.999948143959045410e-01,-9.999977946281433105e-01,-9.999924898147583008e-01,-9.999984502792358398e-01,9.999853968620300293e-01,9.999956488609313965e-01,-9.999985098838806152e-01,9.999715089797973633e-01,9.999993443489074707e-01,9.999989867210388184e-01,9.999802112579345703e-01,-9.999992251396179199e-01,9.999989867210388184e-01,9.999953508377075195e-01,9.999843835830688477e-01,9.999992847442626953e-01,9.999986290931701660e-01,9.999982714653015137e-01,-9.999954700469970703e-01,9.999991655349731445e-01,9.999989867210388184e-01,-9.999989867210388184e-01,-9.999992251396179199e-01,-9.999991059303283691e-01,-9.999990463256835938e-01,-9.999950528144836426e-01,-9.999991059303283691e-01,-9.999985098838806152e-01,9.999926090240478516e-01,9.999971985816955566e-01,9.999944567680358887e-01,9.999987483024597168e-01,-9.999988675117492676e-01,9.999992251396179199e-01,9.999988079071044922e-01,9.999969601631164551e-01,-9.999936223030090332e-01,-9.999992251396179199e-01,-9.999994039535522461e-01,-9.999963045120239258e-01,-9.999992847442626953e-01,9.999986290931701660e-01,-9.999992847442626953e-01,9.999949336051940918e-01,-9.999975562095642090e-01,-9.999955892562866211e-01,-9.999909400939941406e-01,-9.999989271163940430e-01,9.999930262565612793e-01,9.999991655349731445e-01,-9.999938607215881348e-01,-9.999962449073791504e-01,9.999955892562866211e-01,9.999983310699462891e-01,-9.999991655349731445e-01,9.999986290931701660e-01,-9.999988675117492676e-01,-9.999838471412658691e-01,-9.999839067459106445e-01,9.999992847442626953e-01,9.999951124191284180e-01,9.999958872795104980e-01,-9.999936819076538086e-01,9.999989271163940430e-01,-9.999908208847045898e-01,-9.999979734420776367e-01,9.999974966049194336e-01,-9.999986290931701660e-01,-9.999896287918090820e-01,9.999994039535522461e-01,-9.999992847442626953e-01,9.999982118606567383e-01,-9.999979138374328613e-01,9.999993443489074707e-01,9.999737143516540527e-01,9.999723434448242188e-01,9.999992251396179199e-01,9.999957680702209473e-01,-9.999852180480957031e-01,-9.999989271163940430e-01,-9.999958872795104980e-01,9.999990463256835938e-01,-9.999989867210388184e-01,9.999978542327880859e-01,-9.999986290931701660e-01,-9.999306797981262207e-01,9.999994039535522461e-01,-9.999973773956298828e-01,9.999992847442626953e-01,-9.999984502792358398e-01,-9.999967217445373535e-01,-9.999962449073791504e-01,-9.999986886978149414e-01,9.999977946281433105e-01,9.999979138374328613e-01,-9.999974370002746582e-01,-9.999942183494567871e-01,-9.999957084655761719e-01,-9.999549388885498047e-01,-9.999903440475463867e-01
-9.999986886978149414e-01,9.999988675117492676e-01,9.999953508377075195e-01,-9.999974370002746582e-01,-9.999991655349731445e-01,9.999991059303283691e-01,-9.999954700469970703e-01,-9.999992847442626953e-01,9.999902248382568359e-01,-9.999988675117492676e-01,9.999992251396179199e-01,9.999992847442626953e-01,-9.999982118606567383e-01,-9.999986886978149414e-01,-9.999970197677612305e-01,-9.999930858612060547e-01,-9.999981522560119629e-01,9.999980330467224121e-01,-9.999933838844299316e-01,9.999993443489074707e-01,9.999992847442626953e-01,-9.999956488609313965e-01,-9.999989867210388184e-01,-9.999972581863403320e-01,-9.999930858612060547e-01,-9.999991655349731445e-01,9.999985694885253906e-01,9.999992251396179199e-01,-9.999943971633911133e-01,9.999976158142089844e-01,9.999920129776000977e-01,9.999983906745910645e-01,-9.999844431877136230e-01,-9.999953508377075195e-01,9.999983906745910645e-01,-9.999694824218750000e-01,-9.999992251396179199e-01,-9.999989867210388184e-01,-9.999788403511047363e-01,9.999991655349731445e-01,-9.999988675117492676e-01,-9.999949932098388672e-01,-9.999833106994628906e-01,-9.999991655349731445e-01,-9.999985098838806152e-01,-9.999981522560119629e-01,9.999951720237731934e-01,-9.999991059303283691e-01,-9.999988675117492676e-01,9.999988675117492676e-01,9.999992251396179199e-01,9.999989867210388184e-01,9.999989271163940430e-01,9.999946951866149902e-01,9.999989867210388184e-01,9.999983906745910645e-01,-9.999920725822448730e-01,-9.999969005584716797e-01,-9.999940395355224609e-01,-9.999985694885253906e-01,9.999987483024597168e-01,-9.999991655349731445e-01,-9.999987483024597168e-01,-9.999968409538269043e-01,9.999931454658508301e-01,9.999991655349731445e-01,9.999994039535522461e-01,9.999960660934448242e-01,9.999993443489074707e-01,-9.999985694885253906e-01,9.999991655349731445e-01,-9.999945759773254395e-01,9.999973773956298828e-01,9.999952912330627441e-01,9.999904036521911621e-01,9.999988675117492676e-01,-9.999925494194030762e-01,-9.999989867210388184e-01,9.999932646751403809e-01,9.999960064888000488e-01,-9.999952316284179688e-01,-9.999981522560119629e-01,9.999991059303283691e-01,-9.999985694885253906e-01,9.999987483024597168e-01,9.999827146530151367e-01,9.999827742576599121e-01,-9.999992251396179199e-01,-9.999946951866149902e-01,-9.999955892562866211e-01,9.999932050704956055e-01,-9.999988079071044922e-01,9.999901056289672852e-01,9.999977350234985352e-01,-9.999973177909851074e-01,9.999985098838806152e-01,9.999888539314270020e-01,-9.999992847442626953e-01,9.999992251396179199e-01,-9.999979734420776367e-01,9.999977350234985352e-01,-9.999992251396179199e-01,-9.999719262123107910e-01,-9.999703764915466309e-01,-9.999990463256835938e-01,-9.999954700469970703e-01,9.999841451644897461e-01,9.999988675117492676e-01,9.999955296516418457e-01,-9.999989271163940430e-01,9.999989271163940430e-01,-9.999976754188537598e-01,9.999985098838806152e-01,9.999257326126098633e-01,-9.999992847442626953e-01,9.999971389770507812e-01,-9.999992847442626953e-01,9.999982118606567383e-01,9.999964833259582520e-01,9.999959468841552734e-01,9.999985098838806152e-01,-9.999976158142089844e-01,-9.999977350234985352e-01,9.999972581863403320e-01,9.999938011169433594e-01,9.999954104423522949e-01,9.999516010284423828e-01,9.999896287918090820e-01
9.999935030937194824e-01,-9.999943971633911133e-01,-9.999780058860778809e-01,9.999878406524658203e-01,9.999957680702209473e-01,-9.999954700469970703e-01,9.999781250953674316e-01,9.999963641166687012e-01,-9.999528527259826660e-01,9.999947547912597656e-01,-9.999956488609313965e-01,-9.999960064888000488e-01,9.999916553497314453e-01,9.999939203262329102e-01,9.999859929084777832e-01,9.999663233757019043e-01,9.999913573265075684e-01,-9.999905824661254883e-01,9.999684691429138184e-01,-9.999964833259582520e-01,-9.999959468841552734e-01,9.999791979789733887e-01,9.999948740005493164e-01,9.999871253967285156e-01,9.999670386314392090e-01,9.999958276748657227e-01,-9.999932646751403809e-01,-9.999955892562866211e-01,9.999731183052062988e-01,-9.999888539314270020e-01,-9.999614953994750977e-01,-9.999923110008239746e-01,9.999250173568725586e-01,9.999774098396301270e-01,-9.999923706054687500e-01,9.998540282249450684e-01,9.999960064888000488e-01,9.999945759773254395e-01,9.998986721038818359e-01,-9.999957680702209473e-01,9.999948143959045410e-01,9.999758005142211914e-01,9.999200105667114258e-01,9.999961256980895996e-01,9.999929666519165039e-01,9.999917745590209961e-01,-9.999768733978271484e-01,9.999955296516418457e-01,9.999946355819702148e-01,-9.999945759773254395e-01,-9.999957680702209473e-01,-9.999951124191284180e-01,-9.999949932098388672e-01,-9.999742507934570312e-01,-9.999949932098388672e-01,-9.999924302101135254e-01,9.999619126319885254e-01,9.999853968620300293e-01,9.999715685844421387e-01,9.999933838844299316e-01,-9.999938011169433594e-01,9.999958276748657227e-01,9.999937415122985840e-01,9.999845623970031738e-01,-9.999672770500183105e-01,-9.999958872795104980e-01,-9.999964833259582520e-01,-9.999814033508300781e-01,-9.999961853027343750e-01,9.999927282333374023e-01,-9.999957680702209473e-01,9.999740123748779297e-01,-9.999876618385314941e-01,-9.999774694442749023e-01,-9.999536871910095215e-01,-9.999946355819702148e-01,9.999638199806213379e-01,9.999954104423522949e-01,-9.999679327011108398e-01,-9.999811649322509766e-01,9.999771118164062500e-01,9.999908804893493652e-01,-9.999955892562866211e-01,9.999931454658508301e-01,-9.999939203262329102e-01,-9.999169707298278809e-01,-9.999173283576965332e-01,9.999960660934448242e-01,9.999747276306152344e-01,9.999787807464599609e-01,-9.999671578407287598e-01,9.999940395355224609e-01,-9.999526143074035645e-01,-9.999893903732299805e-01,9.999874234199523926e-01,-9.999929666519165039e-01,-9.999468326568603516e-01,9.999963045120239258e-01,-9.999956488609313965e-01,9.999905228614807129e-01,-9.999893307685852051e-01,9.999960064888000488e-01,9.998654723167419434e-01,9.998583197593688965e-01,9.999952316284179688e-01,9.999782443046569824e-01,-9.999241232872009277e-01,-9.999944567680358887e-01,-9.999785423278808594e-01,9.999946951866149902e-01,-9.999946951866149902e-01,9.999886751174926758e-01,-9.999930262565612793e-01,-9.996452927589416504e-01,9.999963045120239258e-01,-9.999861121177673340e-01,9.999961256980895996e-01,-9.999916553497314453e-01,-9.999834299087524414e-01,-9.999810457229614258e-01,-9.999930858612060547e-01,9.999885559082031250e-01,9.999892115592956543e-01,-9.999868273735046387e-01,-9.999700188636779785e-01,-9.999778270721435547e-01,-9.997692108154296875e-01,-9.999501705169677734e-01
9.999989271163940430e-01,-9.999991655349731445e-01,-9.999964237213134766e-01,9.999980330467224121e-01,9.999994039535522461e-01,-9.999992847442626953e-01,9.999963641166687012e-01,9.999994635581970215e-01,-9.999924898147583008e-01,9.999991059303283691e-01,-9.999994039535522461e-01,-9.999994039535522461e-01,9.999986290931701660e-01,9.999990463256835938e-01,9.999976754188537598e-01,9.999946355819702148e-01,9.999985694885253906e-01,-9.999985098838806152e-01,9.999948740005493164e-01,-9.999994635581970215e-01,-9.999994039535522461e-01,9.999965429306030273e-01,9.999992251396179199e-01,9.999979138374328613e-01,9.999946355819702148e-01,9.999992847442626953e-01,-9.999988079071044922e-01,-9.999993443489074707e-01,9.999957084655761719e-01,-9.999982118606567383e-01,-9.999938607215881348e-01,-9.999986886978149414e-01,9.999879002571105957e-01,9.999963045120239258e-01,-9.999987483024597168e-01,9.999766945838928223e-01,9.999994039535522461e-01,9.999992847442626953e-01,9.999837279319763184e-01,-9.999992847442626953e-01,9.999992251396179199e-01,9.999960660934448242e-01,9.999871850013732910e-01,9.999993443489074707e-01,9.999988675117492676e-01,9.999985694885253906e-01,-9.999962449073791504e-01,9.999992847442626953e-01,9.999991655349731445e-01,-9.999991655349731445e-01,-9.999994039535522461e-01,-9.999992847442626953e-01,-9.999992251396179199e-01,-9.999959468841552734e-01,-9.999992251396179199e-01,-9.999988079071044922e-01,9.999939203262329102e-01,9.999976158142089844e-01,9.999953508377075195e-01,9.999989271163940430e-01,-9.999991655349731445e-01,9.999993443489074707e-01,9.999990463256835938e-01,9.999974966049194336e-01,-9.999946951866149902e-01,-9.999993443489074707e-01,-9.999995231628417969e-01,-9.999970197677612305e-01,-9.999994039535522461e-01,9.999988675117492676e-01,-9.999992847442626953e-01,9.999958276748657227e-01,-9.999980330467224121e-01,-9.999963641166687012e-01,-9.999927282333374023e-01,-9.999991059303283691e-01,9.999942183494567871e-01,9.999992251396179199e-01,-9.999948740005493164e-01,-9.999969005584716797e-01,9.999961853027343750e-01,9.999985098838806152e-01,-9.999992251396179199e-01,9.999988675117492676e-01,-9.999991655349731445e-01,-9.999867081642150879e-01,-9.999867677688598633e-01,9.999993443489074707e-01,9.999959468841552734e-01,9.999965429306030273e-01,-9.999947547912597656e-01,9.999991059303283691e-01,-9.999924302101135254e-01,-9.999982714653015137e-01,9.999979138374328613e-01,-9.999988675117492676e-01,-9.999914169311523438e-01,9.999995231628417969e-01,-9.999993443489074707e-01,9.999984502792358398e-01,-9.999982714653015137e-01,9.999994039535522461e-01,9.999784827232360840e-01,9.999772906303405762e-01,9.999992847442626953e-01,9.999963641166687012e-01,-9.999879002571105957e-01,-9.999991655349731445e-01,-9.999965429306030273e-01,9.999992847442626953e-01,-9.999991655349731445e-01,9.999982714653015137e-01,-9.999989271163940430e-01,-9.999431967735290527e-01,9.999995231628417969e-01,-9.999977350234985352e-01,9.999993443489074707e-01,-9.999986290931701660e-01,-9.999973773956298828e-01,-9.999969005584716797e-01,-9.999988675117492676e-01,9.999981522560119629e-01,9.999982118606567383e-01,-9.999978542327880859e-01,-9.999952316284179688e-01,-9.999963641166687012e-01,-9.999630451202392578e-01,-9.999920129776000977e-01
-9.999861717224121094e-01,9.999880790710449219e-01,9.999524354934692383e-01,-9.999740123748779297e-01,-9.999908804893493652e-01,9.999902248382568359e-01,-9.999528527259826660e-01,-9.999924898147583008e-01,9.998986721038818359e-01,-9.999887943267822266e-01,9.999905824661254883e-01,9.999915361404418945e-01,-9.999821782112121582e-01,-9.999870061874389648e-01,-9.999698996543884277e-01,-9.999276995658874512e-01,-9.999812841415405273e-01,9.999799132347106934e-01,-9.999321103096008301e-01,9.999927282333374023e-01,9.999913573265075684e-01,-9.999552369117736816e-01,-9.999889731407165527e-01,-9.999722838401794434e-01,-9.999291300773620605e-01,-9.999909996986389160e-01,9.999854564666748047e-01,9.999904632568359375e-01,-9.999421238899230957e-01,9.999760389328002930e-01,9.999174475669860840e-01,9.999834895133972168e-01,-9.998389482498168945e-01,-9.999513626098632812e-01,9.999836087226867676e-01,-9.996864199638366699e-01,-9.999916553497314453e-01,-9.999882578849792480e-01,-9.997822046279907227e-01,9.999910593032836914e-01,-9.999887943267822266e-01,-9.999479055404663086e-01,-9.998281002044677734e-01,-9.999918341636657715e-01,-9.999848604202270508e-01,-9.999824166297912598e-01,9.999502301216125488e-01,-9.999902248382568359e-01,-9.999884963035583496e-01,9.999883770942687988e-01,9.999908804893493652e-01,9.999896287918090820e-01,9.999893903732299805e-01,9.999446868896484375e-01,9.999894499778747559e-01,9.999841451644897461e-01,-9.999183416366577148e-01,-9.999686479568481445e-01,-9.999386072158813477e-01,-9.999858140945434570e-01,9.999866485595703125e-01,-9.999910593032836914e-01,-9.999866485595703125e-01,-9.999667406082153320e-01,9.999297261238098145e-01,9.999911189079284668e-01,9.999924898147583008e-01,9.999600648880004883e-01,9.999919533729553223e-01,-9.999843239784240723e-01,9.999909400939941406e-01,-9.999442100524902344e-01,9.999737143516540527e-01,9.999515414237976074e-01,9.999005198478698730e-01,9.999884963035583496e-01,-9.999222755432128906e-01,-9.999902844429016113e-01,9.999310970306396484e-01,9.999592900276184082e-01,-9.999508261680603027e-01,-9.999805092811584473e-01,9.999906420707702637e-01,-9.999852776527404785e-01,9.999868273735046387e-01,9.998215436935424805e-01,9.998223781585693359e-01,-9.999915957450866699e-01,-9.999455809593200684e-01,-9.999542832374572754e-01,9.999293684959411621e-01,-9.999872446060180664e-01,9.998980760574340820e-01,9.999772310256958008e-01,-9.999731183052062988e-01,9.999850392341613770e-01,9.998857378959655762e-01,-9.999921917915344238e-01,9.999907016754150391e-01,-9.999797344207763672e-01,9.999769926071166992e-01,-9.999915957450866699e-01,-9.997106790542602539e-01,-9.996955394744873047e-01,-9.999898672103881836e-01,-9.999531507492065430e-01,9.998370409011840820e-01,9.999879598617553711e-01,9.999538064002990723e-01,-9.999885559082031250e-01,9.999886751174926758e-01,-9.999755620956420898e-01,9.999850392341613770e-01,9.992380142211914062e-01,-9.999921917915344238e-01,9.999698996543884277e-01,-9.999920725822448730e-01,9.999821186065673828e-01,9.999641180038452148e-01,9.999592900276184082e-01,9.999850392341613770e-01,-9.999754428863525391e-01,-9.999767541885375977e-01,9.999716281890869141e-01,9.999355673789978027e-01,9.999521970748901367e-01,9.995040893554687500e-01,9.998928904533386230e-01
9.999984502792358398e-01,-9.999986290931701660e-01,-9.999946951866149902e-01,9.999970793724060059e-01,9.999990463256835938e-01,-9.999988675117492676e-01,9.999947547912597656e-01,9.999991059303283691e-01,-9.999887943267822266e-01,9.999987483024597168e-01,-9.999989271163940430e-01,-9.999992251396179199e-01,9.999979138374328613e-01,9.999985098838806152e-01,9.999964833259582520e-01,9.999919533729553223e-01,9.999978542327880859e-01,-9.999976754188537598e-01,9.999923110008239746e-01,-9.999991059303283691e-01,-9.999991059303283691e-01,9.999949932098388672e-01,9.999987483024597168e-01,9.999968409538269043e-01,9.999920129776000977e-01,9.999989271163940430e-01,-9.999982714653015137e-01,-9.999989867210388184e-01,9.999935626983642578e-01,-9.999973177909851074e-01,-9.999908208847045898e-01,-9.999981522560119629e-01,9.999820590019226074e-01,9.999945759773254395e-01,-9.999981522560119629e-01,9.999649524688720703e-01,9.999991059303283691e-01,9.999986886978149414e-01,9.999757409095764160e-01,-9.999990463256835938e-01,9.999987483024597168e-01,9.999942183494567871e-01,9.999808669090270996e-01,9.999991059303283691e-01,9.999982714653015137e-01,9.999980330467224121e-01,-9.999943971633911133e-01,9.999988675117492676e-01,9.999986886978149414e-01,-9.999986290931701660e-01,-9.999989271163940430e-01,-9.999987483024597168e-01,-9.999987483024597168e-01,-9.999938607215881348e-01,-9.999988079071044922e-01,-9.999982118606567383e-01,9.999909400939941406e-01,9.999964237213134766e-01,9.999930858612060547e-01,9.999983906745910645e-01,-9.999985098838806152e-01,9.999990463256835938e-01,9.999984502792358398e-01,9.999961256980895996e-01,-9.999921917915344238e-01,-9.999990463256835938e-01,-9.999992251396179199e-01,-9.999954700469970703e-01,-9.999991655349731445e-01,9.999982118606567383e-01,-9.999989271163940430e-01,9.999938011169433594e-01,-9.999970197677612305e-01,-9.999945163726806641e-01,-9.999888539314270020e-01,-9.999986886978149414e-01,9.999913573265075684e-01,9.999988675117492676e-01,-9.999923110008239746e-01,-9.999954700469970703e-01,9.999944567680358887e-01,9.999977946281433105e-01,-9.999988675117492676e-01,9.999982118606567383e-01,-9.999985694885253906e-01,-9.999801516532897949e-01,-9.999802112579345703e-01,9.999991059303283691e-01,9.999939203262329102e-01,9.999948143959045410e-01,-9.999921321868896484e-01,9.999985694885253906e-01,-9.999886751174926758e-01,-9.999974370002746582e-01,9.999969601631164551e-01,-9.999982714653015137e-01,-9.999873042106628418e-01,9.999992847442626953e-01,-9.999989867210388184e-01,9.999976754188537598e-01,-9.999973773956298828e-01,9.999991059303283691e-01,9.999676942825317383e-01,9.999659657478332520e-01,9.999988675117492676e-01,9.999948143959045410e-01,-9.999818801879882812e-01,-9.999986290931701660e-01,-9.999947547912597656e-01,9.999986886978149414e-01,-9.999986886978149414e-01,9.999971985816955566e-01,-9.999983906745910645e-01,-9.999150037765502930e-01,9.999991655349731445e-01,-9.999966025352478027e-01,9.999991655349731445e-01,-9.999979734420776367e-01,-9.999959468841552734e-01,-9.999955296516418457e-01,-9.999982714653015137e-01,9.999973177909851074e-01,9.999973773956298828e-01,-9.999967813491821289e-01,-9.999928474426269531e-01,-9.999946951866149902e-01,-9.999446272850036621e-01,-9.999880790710449219e-01
-9.999987483024597168e-01,9.999989271163940430e-01,9.999955892562866211e-01,-9.999974966049194336e-01,-9.999991655349731445e-01,9.999992251396179199e-01,-9.999956488609313965e-01,-9.999994039535522461e-01,9.999905824661254883e-01,-9.999989271163940430e-01,9.999992251396179199e-01,9.999993443489074707e-01,-9.999982714653015137e-01,-9.999988079071044922e-01,-9.999971389770507812e-01,-9.999933242797851562e-01,-9.999983310699462891e-01,9.999982118606567383e-01,-9.999936223030090332e-01,9.999994039535522461e-01,9.999993443489074707e-01,-9.999958276748657227e-01,-9.999989867210388184e-01,-9.999974370002746582e-01,-9.999933838844299316e-01,-9.999991655349731445e-01,9.999986886978149414e-01,9.999992251396179199e-01,-9.999946355819702148e-01,9.999977946281433105e-01,9.999922513961791992e-01,9.999984502792358398e-01,-9.999849796295166016e-01,-9.999954700469970703e-01,9.999985098838806152e-01,-9.999705553054809570e-01,-9.999992251396179199e-01,-9.999989271163940430e-01,-9.999795556068420410e-01,9.999992847442626953e-01,-9.999989867210388184e-01,-9.999951720237731934e-01,-9.999839067459106445e-01,-9.999992847442626953e-01,-9.999986290931701660e-01,-9.999982118606567383e-01,9.999954104423522949e-01,-9.999992251396179199e-01,-9.999989271163940430e-01,9.999989271163940430e-01,9.999992847442626953e-01,9.999991655349731445e-01,9.999989867210388184e-01,9.999948740005493164e-01,9.999990463256835938e-01,9.999984502792358398e-01,-9.999924302101135254e-01,-9.999970793724060059e-01,-9.999942183494567871e-01,-9.999987483024597168e-01,9.999988079071044922e-01,-9.999992251396179199e-01,-9.999988079071044922e-01,-9.999969005584716797e-01,9.999933838844299316e-01,9.999992847442626953e-01,9.999994039535522461e-01,9.999961853027343750e-01,9.999992847442626953e-01,-9.999985694885253906e-01,9.999991655349731445e-01,-9.999947547912597656e-01,9.999975562095642090e-01,9.999954700469970703e-01,9.999907016754150391e-01,9.999989271163940430e-01,-9.999927878379821777e-01,-9.999990463256835938e-01,9.999936223030090332e-01,9.999962449073791504e-01,-9.999954700469970703e-01,-9.999982714653015137e-01,9.999991655349731445e-01,-9.999985694885253906e-01,9.999988079071044922e-01,9.999833106994628906e-01,9.999833106994628906e-01,-9.999993443489074707e-01,-9.999949932098388672e-01,-9.999957680702209473e-01,9.999934434890747070e-01,-9.999989271163940430e-01,9.999905228614807129e-01,9.999979138374328613e-01,-9.999974370002746582e-01,9.999986290931701660e-01,9.999892711639404297e-01,-9.999994039535522461e-01,9.999992847442626953e-01,-9.999981522560119629e-01,9.999978542327880859e-01,-9.999992251396179199e-01,-9.999729394912719727e-01,-9.999713897705078125e-01,-9.999991059303283691e-01,-9.999956488609313965e-01,9.999848008155822754e-01,9.999989271163940430e-01,9.999957084655761719e-01,-9.999989867210388184e-01,9.999990463256835938e-01,-9.999977946281433105e-01,9.999986290931701660e-01,9.999282956123352051e-01,-9.999994039535522461e-01,9.999973177909851074e-01,-9.999994039535522461e-01,9.999983906745910645e-01,9.999966621398925781e-01,9.999962449073791504e-01,9.999986290931701660e-01,-9.999977350234985352e-01,-9.999978542327880859e-01,9.999973773956298828e-01,9.999939203262329102e-01,9.999955296516418457e-01,9.999533891677856445e-01,9.999900460243225098e-01
-9.999988675117492676e-01,9.999990463256835938e-01,9.999960660934448242e-01,-9.999977946281433105e-01,-9.999993443489074707e-01,9.999992847442626953e-01,-9.999960064888000488e-01,-9.999994039535522461e-01,9.999915361404418945e-01,-9.999992251396179199e-01,9.999993443489074707e-01,9.999994039535522461e-01,-9.999984502792358398e-01,-9.999988675117492676e-01,-9.999973773956298828e-01,-9.999940395355224609e-01,-9.999985098838806152e-01,9.999982714653015137e-01,-9.999942183494567871e-01,9.999994039535522461e-01,9.999992847442626953e-01,-9.999961853027343750e-01,-9.999992251396179199e-01,-9.999976754188537598e-01,-9.999940395355224609e-01,-9.999992847442626953e-01,9.999987483024597168e-01,9.999993443489074707e-01,-9.999951124191284180e-01,9.999980330467224121e-01,9.999930262565612793e-01,9.999985694885253906e-01,-9.999864697456359863e-01,-9.999959468841552734e-01,9.999985694885253906e-01,-9.999736547470092773e-01,-9.999993443489074707e-01,-9.999990463256835938e-01,-9.999817013740539551e-01,9.999992847442626953e-01,-9.999992251396179199e-01,-9.999957084655761719e-01,-9.999855160713195801e-01,-9.999992847442626953e-01,-9.999986886978149414e-01,-9.999983906745910645e-01,9.999958276748657227e-01,-9.999992847442626953e-01,-9.999991059303283691e-01,9.999990463256835938e-01,9.999993443489074707e-01,9.999991655349731445e-01,9.999991655349731445e-01,9.999953508377075195e-01,9.999991655349731445e-01,9.999986290931701660e-01,-9.999931454658508301e-01,-9.999973773956298828e-01,-9.999948740005493164e-01,-9.999988675117492676e-01,9.999988675117492676e-01,-9.999992847442626953e-01,-9.999989271163940430e-01,-9.999971389770507812e-01,9.999940991401672363e-01,9.999992847442626953e-01,9.999994635581970215e-01,9.999966025352478027e-01,9.999993443489074707e-01,-9.999987483024597168e-01,9.999992847442626953e-01,-9.999952912330627441e-01,9.999977946281433105e-01,9.999959468841552734e-01,9.999917149543762207e-01,9.999991655349731445e-01,-9.999934434890747070e-01,-9.999991059303283691e-01,9.999942779541015625e-01,9.999965429306030273e-01,-9.999958872795104980e-01,-9.999983310699462891e-01,9.999992251396179199e-01,-9.999987483024597168e-01,9.999989271163940430e-01,9.999849796295166016e-01,9.999850392341613770e-01,-9.999993443489074707e-01,-9.999954700469970703e-01,-9.999961853027343750e-01,9.999940395355224609e-01,-9.999989867210388184e-01,9.999914169311523438e-01,9.999980330467224121e-01,-9.999976754188537598e-01,9.999986886978149414e-01,9.999903440475463867e-01,-9.999994635581970215e-01,9.999993443489074707e-01,-9.999982714653015137e-01,9.999980330467224121e-01,-9.999993443489074707e-01,-9.999757409095764160e-01,-9.999744296073913574e-01,-9.999991655349731445e-01,-9.999960064888000488e-01,9.999862909317016602e-01,9.999990463256835938e-01,9.999960660934448242e-01,-9.999991059303283691e-01,9.999992251396179199e-01,-9.999979734420776367e-01,9.999988079071044922e-01,9.999358654022216797e-01,-9.999993443489074707e-01,9.999974966049194336e-01,-9.999993443489074707e-01,9.999985694885253906e-01,9.999969601631164551e-01,9.999965429306030273e-01,9.999986886978149414e-01,-9.999979138374328613e-01,-9.999981522560119629e-01,9.999976754188537598e-01,9.999946355819702148e-01,9.999960064888000488e-01,9.999582171440124512e-01,9.999910593032836914e-01
