3.470311760902404785e-01,7.543920073658227921e-03,-6.727848201990127563e-02,-2.425247803330421448e-02,3.097527623176574707e-01,-2.694384753704071045e-01,9.518877416849136353e-02,3.835753798484802246e-01,1.235241740942001343e-01,9.288882464170455933e-02,-1.914024055004119873e-01,-1.292195022106170654e-01,-6.209836341440677643e-03,5.422494187951087952e-02,8.989856392145156860e-02,2.777978479862213135e-01,3.078135196119546890e-03,3.867828845977783203e-02,-4.764808341860771179e-02,-8.123201131820678711e-02,-1.363964825868606567e-01,-1.623635739088058472e-02,-5.101911351084709167e-02,6.779737025499343872e-02,2.653220668435096741e-02,2.128588110208511353e-01,-4.819710925221443176e-02,-3.104358613491058350e-01,1.036164239048957825e-01,-6.635681539773941040e-02,-1.377960145473480225e-01,-1.342362314462661743e-01,8.576389402151107788e-03,5.206638947129249573e-02,-1.581663452088832855e-02,-1.288979500532150269e-01,1.059576198458671570e-01,1.165086850523948669e-01,-2.889904081821441650e-01,-3.332120180130004883e-01,2.771835625171661377e-01,1.245207637548446655e-01,4.453343525528907776e-02,3.619418293237686157e-02,-9.884680807590484619e-02,1.345326006412506104e-01,-1.198946014046669006e-01,-1.128100827336311340e-01,9.513724595308303833e-02,3.078413940966129303e-02,-1.688634753227233887e-01,-1.115883663296699524e-01,2.923652529716491699e-01,-3.082433529198169708e-02,-6.633067131042480469e-02,-2.301118075847625732e-01,1.504503041505813599e-01,7.529812399297952652e-03,1.319074258208274841e-02,-3.896541148424148560e-02,-1.099584773182868958e-01,-8.675814606249332428e-03,6.374742370098829269e-04,2.458796799182891846e-01,7.798362523317337036e-02,-3.464573621749877930e-02,-2.140875905752182007e-01,2.376890927553176880e-01,-1.402792185544967651e-01,2.832439541816711426e-01,-2.649974524974822998e-01,2.158714830875396729e-01,4.825819749385118484e-03,9.169775247573852539e-02,-2.196500301361083984e-01,-2.314120084047317505e-01,1.471496361773461103e-04,1.243283823132514954e-01,-6.704682111740112305e-02,-1.613489985466003418e-01,1.829993873834609985e-01,1.952040183823555708e-04,-2.252182066440582275e-01,-1.565388985909521580e-03,-3.837124109268188477e-01,5.060643889009952545e-03,2.164168357849121094e-01,3.856586525216698647e-03,-4.078644886612892151e-02,1.870283186435699463e-01,-1.967803388833999634e-01,1.638226062059402466e-01,7.042649085633456707e-04,-7.084731012582778931e-02,-1.841582357883453369e-01,-3.315890133380889893e-01,1.523154675960540771e-01,-2.689039320102892816e-05,-2.077110707759857178e-01,2.843306064605712891e-01,-2.610601186752319336e-01,3.010784983634948730e-01,-1.481355428695678711e-01,-1.708009839057922363e-01,7.127470523118972778e-02,1.977003812789916992e-01,-1.639757887460291386e-03,-2.724120952188968658e-02,-3.549290299415588379e-01,4.186902660876512527e-03,4.252570122480392456e-02,6.060894578695297241e-02,-9.898771345615386963e-02,-2.677381597459316254e-02,2.047854810953140259e-01,-1.171032786369323730e-01,3.112182915210723877e-01,-3.994257375597953796e-02,-2.645406126976013184e-01,2.871789783239364624e-02,-4.129577428102493286e-02,1.555431485176086426e-01,1.899092793464660645e-01,9.938412904739379883e-02,-1.281814724206924438e-01,3.533970192074775696e-02,2.006447687745094299e-02,1.249260455369949341e-01
7.543920073658227921e-03,9.155407547950744629e-03,-7.890463620424270630e-02,6.342761218547821045e-02,4.518757387995719910e-02,-1.560007221996784210e-02,3.656783839687705040e-03,3.651784732937812805e-02,4.833417013287544250e-02,4.946484044194221497e-02,-7.121200207620859146e-03,-4.099207371473312378e-02,6.510686129331588745e-02,6.292506307363510132e-02,7.873637229204177856e-02,8.468032628297805786e-02,-1.545730163343250751e-03,3.663424029946327209e-02,-7.223398238420486450e-02,-5.421378090977668762e-02,-4.521613568067550659e-02,5.803362652659416199e-02,4.856790974736213684e-02,-1.797727122902870178e-02,1.022932119667530060e-02,7.169051468372344971e-02,-7.757637649774551392e-02,-3.616268560290336609e-02,7.403706014156341553e-02,-2.031826972961425781e-02,9.727330179885029793e-04,-9.012119472026824951e-02,5.435739085078239441e-02,5.685034766793251038e-02,-2.919817809015512466e-03,-8.516050130128860474e-02,5.386459082365036011e-02,7.046005129814147949e-02,-6.618411839008331299e-02,-5.003139376640319824e-02,7.076881080865859985e-02,1.919687539339065552e-02,7.321438193321228027e-02,2.097666636109352112e-02,-7.058757822960615158e-03,-5.413619428873062134e-02,-7.698486000299453735e-02,-2.183480560779571533e-02,4.383581224828958511e-03,3.299195319414138794e-03,4.906993708573281765e-04,-5.526749417185783386e-03,5.157964676618576050e-02,-7.709614583291113377e-04,-1.597840152680873871e-02,-8.853063732385635376e-02,3.040565177798271179e-02,3.958697430789470673e-03,-6.760121136903762817e-02,-6.346258521080017090e-02,-4.585762973874807358e-03,7.154321647249162197e-04,1.797477365471422672e-03,3.752664476633071899e-02,1.092705875635147095e-02,-2.275553159415721893e-02,2.811613120138645172e-02,8.035276830196380615e-02,-7.976899296045303345e-02,3.386004269123077393e-02,-6.698153913021087646e-02,-1.105079334229230881e-02,-2.370411902666091919e-02,7.579267770051956177e-02,-2.539351955056190491e-02,-7.774282991886138916e-02,-5.052114720456302166e-04,8.594270050525665283e-02,-2.531936205923557281e-02,-7.220714539289474487e-02,8.112782239913940430e-02,1.303959870710968971e-04,-6.870139390230178833e-02,-3.485659253783524036e-04,-6.903392821550369263e-02,-7.700186222791671753e-02,4.324025288224220276e-02,1.300901756621897221e-03,6.112710386514663696e-02,5.989226698875427246e-02,-1.766799762845039368e-02,-2.070519328117370605e-02,-6.717503070831298828e-02,2.311392500996589661e-02,-7.208068668842315674e-02,-3.273364156484603882e-03,5.142749845981597900e-02,-4.384472958918195218e-06,-6.164018064737319946e-02,5.479529872536659241e-02,-2.529191784560680389e-02,5.145009979605674744e-02,-8.441574126482009888e-02,-7.035216689109802246e-02,9.393693506717681885e-02,7.070583757013082504e-03,-7.036010175943374634e-02,-7.750348001718521118e-02,-3.009840659797191620e-02,-2.494507702067494392e-03,5.441484600305557251e-02,-6.255262345075607300e-02,-7.667603343725204468e-02,5.966921802610158920e-03,8.178552985191345215e-02,-7.800310850143432617e-02,4.358465224504470825e-02,3.677961602807044983e-02,-8.000697940587997437e-02,3.276057168841362000e-02,4.961286857724189758e-02,6.803327053785324097e-02,6.972339749336242676e-02,-4.681970551609992981e-02,-4.449547454714775085e-02,-4.238948971033096313e-02,3.029131796211004257e-03,5.841154605150222778e-02
-6.727848201990127563e-02,-7.890463620424270630e-02,7.328869700431823730e-01,-6.240173578262329102e-01,-4.323409795761108398e-01,1.091463863849639893e-01,-8.575709164142608643e-02,-3.787897229194641113e-01,-4.119155108928680420e-01,-4.888903200626373291e-01,1.035114154219627380e-01,4.176786541938781738e-01,-5.531256198883056641e-01,-6.214595437049865723e-01,-7.234389781951904297e-01,-7.256503701210021973e-01,1.336044725030660629e-02,-3.157749176025390625e-01,6.758143901824951172e-01,5.550804138183593750e-01,4.007770419120788574e-01,-5.881735682487487793e-01,-4.917584657669067383e-01,1.756396889686584473e-01,-1.024369001388549805e-01,-6.127488613128662109e-01,6.980854868888854980e-01,3.113983869552612305e-01,-7.026178240776062012e-01,2.009115070104598999e-01,1.992901042103767395e-02,7.875378131866455078e-01,-4.908191263675689697e-01,-6.181537508964538574e-01,3.254202380776405334e-02,7.392301559448242188e-01,-5.185995101928710938e-01,-6.702544689178466797e-01,5.839626193046569824e-01,5.191046595573425293e-01,-6.367592215538024902e-01,-1.923923343420028687e-01,-6.657115817070007324e-01,-2.109593749046325684e-01,4.867445677518844604e-02,5.037466287612915039e-01,7.269434928894042969e-01,2.116512507200241089e-01,-4.933446273207664490e-02,6.760786473751068115e-02,1.109881605952978134e-02,1.158956810832023621e-01,-5.071549415588378906e-01,1.984658092260360718e-02,1.688096076250076294e-01,7.881585955619812012e-01,-3.463967740535736084e-01,-4.023305699229240417e-02,5.929329991340637207e-01,6.074789166450500488e-01,6.881008297204971313e-02,-2.174208499491214752e-02,-1.694223098456859589e-02,-3.475701510906219482e-01,-8.349724113941192627e-02,2.175115495920181274e-01,-1.930585801601409912e-01,-7.081388831138610840e-01,7.217557430267333984e-01,-3.200448453426361084e-01,6.460481882095336914e-01,1.247349902987480164e-01,2.333287000656127930e-01,-7.121052145957946777e-01,2.069565355777740479e-01,6.928952336311340332e-01,4.310613032430410385e-03,-7.834156751632690430e-01,2.488445937633514404e-01,6.832408905029296875e-01,-7.502650618553161621e-01,-1.346419798210263252e-03,6.590389013290405273e-01,4.534989595413208008e-03,6.210745573043823242e-01,6.898092627525329590e-01,-4.375530183315277100e-01,-1.257289759814739227e-02,-5.343808531761169434e-01,-6.046919822692871094e-01,1.827750205993652344e-01,1.512928456068038940e-01,6.107509136199951172e-01,-2.132598608732223511e-01,6.767966151237487793e-01,7.445947825908660889e-02,-4.853090941905975342e-01,4.633716889657080173e-05,5.852488875389099121e-01,-5.166298747062683105e-01,3.401058018207550049e-01,-4.851315617561340332e-01,7.545335888862609863e-01,6.666081547737121582e-01,-8.157951235771179199e-01,-1.655778437852859497e-01,6.151161789894104004e-01,6.840512156486511230e-01,2.830537259578704834e-01,2.227092720568180084e-02,-5.170919895172119141e-01,6.202071309089660645e-01,7.058311104774475098e-01,-1.636642813682556152e-01,-7.460562586784362793e-01,7.061398029327392578e-01,-4.149559140205383301e-01,-3.639474213123321533e-01,7.338770031929016113e-01,-3.266021311283111572e-01,-4.505533576011657715e-01,-6.426873803138732910e-01,-6.505247950553894043e-01,3.865502178668975830e-01,5.179038047790527344e-01,4.198894798755645752e-01,-3.985586017370223999e-02,-5.803806781768798828e-01
-2.425247803330421448e-02,6.342761218547821045e-02,-6.240173578262329102e-01,6.799040436744689941e-01,2.157711833715438843e-01,1.778784207999706268e-02,7.136919349431991577e-02,1.696795821189880371e-01,3.548639714717864990e-01,4.095883071422576904e-01,-1.573429852724075317e-01,-3.280789554119110107e-01,3.594331741333007812e-01,5.767007470130920410e-01,6.182616949081420898e-01,4.818698763847351074e-01,-8.200565353035926819e-03,2.489876300096511841e-01,-6.585599780082702637e-01,-4.728412330150604248e-01,-4.569811820983886719e-01,5.562539696693420410e-01,4.635868668556213379e-01,-1.468629240989685059e-01,8.637931197881698608e-02,3.587986826896667480e-01,-5.151147246360778809e-01,-2.614664100110530853e-02,4.999814033508300781e-01,-2.095511741936206818e-02,-1.649999991059303284e-02,-6.855745911598205566e-01,5.635755658149719238e-01,5.191297531127929688e-01,-1.329624466598033905e-02,-5.314542055130004883e-01,3.865158855915069580e-01,5.379079580307006836e-01,-2.898885607719421387e-01,-4.709121286869049072e-01,5.303624272346496582e-01,2.087153345346450806e-01,5.083320736885070801e-01,1.659941971302032471e-01,-1.343001425266265869e-01,-3.183966577053070068e-01,-6.606203913688659668e-01,-1.863466799259185791e-01,5.293240398168563843e-02,-3.007519245147705078e-02,2.503672987222671509e-02,3.100728802382946014e-02,4.755337238311767578e-01,-4.663476720452308655e-02,-1.133717782795429230e-02,-6.012682318687438965e-01,3.124159872531890869e-01,3.096707351505756378e-02,-5.062470436096191406e-01,-6.142494082450866699e-01,-1.137105002999305725e-01,9.815748035907745361e-02,2.002905122935771942e-02,2.261020094156265259e-01,1.055020838975906372e-01,-1.792894452810287476e-01,1.505251079797744751e-01,4.978148937225341797e-01,-5.791483521461486816e-01,5.751867964863777161e-02,-4.707235991954803467e-01,3.329129889607429504e-02,-2.856241464614868164e-01,6.247648596763610840e-01,-1.726008951663970947e-01,-5.475133657455444336e-01,-1.768926274962723255e-03,6.121249794960021973e-01,-3.991228640079498291e-01,-5.466631054878234863e-01,6.905775666236877441e-01,1.134826801717281342e-03,-4.649901986122131348e-01,-6.798217655159533024e-04,-4.565101861953735352e-01,-5.679868459701538086e-01,1.877954304218292236e-01,6.951981224119663239e-03,3.829551041126251221e-01,4.660090506076812744e-01,-1.625428050756454468e-01,-3.071112334728240967e-01,-5.986835956573486328e-01,2.563500404357910156e-01,-6.038263440132141113e-01,6.614752858877182007e-02,3.422109186649322510e-01,-3.369292971910908818e-05,-3.786233067512512207e-01,3.452025055885314941e-01,-1.699637025594711304e-01,2.218196094036102295e-01,-6.937676668167114258e-01,-5.056917667388916016e-01,7.167003154754638672e-01,3.067109286785125732e-01,-7.022653222084045410e-01,-5.212930440902709961e-01,-6.730588525533676147e-02,-2.546640671789646149e-02,5.316302180290222168e-01,-6.493427157402038574e-01,-6.435214281082153320e-01,2.907841205596923828e-01,5.853707194328308105e-01,-5.996014475822448730e-01,1.525077819824218750e-01,3.172370493412017822e-01,-5.800285935401916504e-01,3.529093861579895020e-01,3.760057091712951660e-01,5.927208662033081055e-01,5.561587810516357422e-01,-3.713242411613464355e-01,-4.309046268463134766e-01,-4.416740536689758301e-01,1.909359917044639587e-02,4.559829831123352051e-01
3.097527623176574707e-01,4.518757387995719910e-02,-4.323409795761108398e-01,2.157711833715438843e-01,5.546823740005493164e-01,-3.085521757602691650e-01,1.130551025271415710e-01,5.905529260635375977e-01,2.570586502552032471e-01,3.054427206516265869e-01,-1.420425772666931152e-01,-3.209850192070007324e-01,3.493967950344085693e-01,3.007325232028961182e-01,4.376381635665893555e-01,6.971027255058288574e-01,-6.617562845349311829e-03,2.099385857582092285e-01,-3.392827212810516357e-01,-3.186671435832977295e-01,-1.768665611743927002e-01,2.474498748779296875e-01,1.720348000526428223e-01,-4.321177303791046143e-02,6.913243979215621948e-02,5.923292636871337891e-01,-4.493018090724945068e-01,-5.428617000579833984e-01,5.406989455223083496e-01,-2.519159615039825439e-01,-1.143083795905113220e-01,-5.028735995292663574e-01,1.439716368913650513e-01,3.560971319675445557e-01,-3.803323581814765930e-02,-5.580412149429321289e-01,3.714812397956848145e-01,4.527812004089355469e-01,-6.952160000801086426e-01,-4.737879037857055664e-01,5.437445044517517090e-01,1.462279558181762695e-01,4.121563136577606201e-01,1.400558352470397949e-01,-1.368306949734687805e-02,-2.487443089485168457e-01,-4.490843415260314941e-01,-1.819569170475006104e-01,7.979020476341247559e-02,-3.411883115768432617e-02,-1.483131349086761475e-01,-2.426871210336685181e-01,4.229461848735809326e-01,-1.580900885164737701e-02,-2.281709313392639160e-01,-6.522418856620788574e-01,2.740643918514251709e-01,2.821779064834117889e-02,-2.880011796951293945e-01,-2.710459530353546143e-01,-6.816472858190536499e-02,-6.543014198541641235e-02,4.174564033746719360e-03,3.877935707569122314e-01,7.551954686641693115e-02,-1.363494992256164551e-01,-4.213585704565048218e-02,6.229265928268432617e-01,-4.961617290973663330e-01,5.201236605644226074e-01,-5.957537293434143066e-01,-1.909543201327323914e-02,-3.727422282099723816e-02,4.303420782089233398e-01,-2.542571723461151123e-01,-5.635237097740173340e-01,-3.322740551084280014e-03,5.639472007751464844e-01,-4.432257637381553650e-02,-4.966876208782196045e-01,5.044202804565429688e-01,8.097610552795231342e-04,-5.715684890747070312e-01,-5.500943399965763092e-03,-6.604337692260742188e-01,-3.786693811416625977e-01,4.997113049030303955e-01,1.178073510527610779e-02,2.796581685543060303e-01,4.761101603507995605e-01,-2.311981916427612305e-01,1.745582818984985352e-01,-2.551789879798889160e-01,-4.303397145122289658e-03,-4.720860421657562256e-01,-3.562595844268798828e-01,4.089490175247192383e-01,-4.679917037719860673e-05,-5.248365402221679688e-01,5.412221550941467285e-01,-4.431039690971374512e-01,6.027095317840576172e-01,-4.768905937671661377e-01,-5.137418508529663086e-01,4.949598908424377441e-01,1.129919365048408508e-01,-1.994949579238891602e-01,-4.382902383804321289e-01,-5.156776905059814453e-01,-1.819380675442516804e-03,1.975180506706237793e-01,-1.885825693607330322e-01,-4.195819795131683350e-01,-4.470042884349822998e-02,5.989380478858947754e-01,-4.471065998077392578e-01,5.649411678314208984e-01,1.594039648771286011e-01,-6.211234331130981445e-01,1.255418211221694946e-01,2.065820097923278809e-01,4.036712944507598877e-01,4.482429921627044678e-01,-8.669749647378921509e-02,-3.496719896793365479e-01,-1.122434735298156738e-01,4.251220449805259705e-02,4.090850353240966797e-01
-2.694384753704071045e-01,-1.560007221996784210e-02,1.091463863849639893e-01,1.778784207999706268e-02,-3.085521757602691650e-01,2.736299633979797363e-01,-4.850253090262413025e-02,-3.398697972297668457e-01,-1.686150878667831421e-01,-1.130182370543479919e-01,1.115856096148490906e-01,1.414648890495300293e-01,-9.809254109859466553e-02,-7.159934937953948975e-02,-1.283356100320816040e-01,-3.392935693264007568e-01,-3.036436391994357109e-04,-7.675823569297790527e-02,8.020996302366256714e-02,9.258347004652023315e-02,1.143762469291687012e-01,-2.673522941768169403e-02,2.567523345351219177e-02,-2.155005559325218201e-02,-3.052431158721446991e-02,-3.080291152000427246e-01,1.308417767286300659e-01,3.331340849399566650e-01,-1.573758274316787720e-01,9.276267141103744507e-02,1.062392219901084900e-01,1.888027936220169067e-01,-9.892289526760578156e-03,-6.246683746576309204e-02,1.725127920508384705e-02,2.200329005718231201e-01,-1.489752084016799927e-01,-1.629114300012588501e-01,3.419297337532043457e-01,2.485632300376892090e-01,-2.911489903926849365e-01,-8.460372686386108398e-02,-1.105537861585617065e-01,-4.389147460460662842e-02,5.750731378793716431e-02,-1.406749803572893143e-02,1.346172690391540527e-01,9.650053083896636963e-02,-8.253828436136245728e-02,-2.759029343724250793e-02,1.371699869632720947e-01,9.031529724597930908e-02,-2.434384822845458984e-01,2.202353253960609436e-02,9.174229949712753296e-02,2.620240747928619385e-01,-1.311737447977066040e-01,-9.851231239736080170e-03,6.027734279632568359e-02,5.860784277319908142e-02,6.877421587705612183e-02,2.887407317757606506e-02,-2.105414896504953504e-04,-2.432013601064682007e-01,-7.396414875984191895e-02,5.164797976613044739e-02,1.127929389476776123e-01,-2.795151174068450928e-01,1.982184797525405884e-01,-2.996549308300018311e-01,2.710836827754974365e-01,-1.375743150711059570e-01,6.855683401226997375e-03,-1.391756236553192139e-01,1.953515559434890747e-01,2.484155893325805664e-01,1.111512538045644760e-03,-1.810964345932006836e-01,1.266586501151323318e-02,2.098770439624786377e-01,-1.914154887199401855e-01,-2.566111215855926275e-04,2.401873618364334106e-01,1.438492210581898689e-03,3.703293204307556152e-01,7.838562875986099243e-02,-2.270794212818145752e-01,-5.245927721261978149e-03,-8.186753839254379272e-02,-2.062745392322540283e-01,1.439211666584014893e-01,-1.383170485496520996e-01,5.260618031024932861e-02,3.963923454284667969e-02,2.033305615186691284e-01,2.682067155838012695e-01,-1.497511267662048340e-01,2.336257784918416291e-05,2.417782396078109741e-01,-3.021920919418334961e-01,2.286693006753921509e-01,-3.316438794136047363e-01,1.843511909246444702e-01,2.117167711257934570e-01,-1.457800716161727905e-01,-4.367200285196304321e-02,1.720370538532733917e-02,1.325755715370178223e-01,3.420039713382720947e-01,-9.558780584484338760e-04,-7.291443645954132080e-02,-4.154033213853836060e-02,1.367038190364837646e-01,7.334373146295547485e-02,-2.235508859157562256e-01,1.592835038900375366e-01,-3.237376511096954346e-01,4.956244956701993942e-03,2.717727720737457275e-01,-3.044994361698627472e-02,-1.343038212507963181e-02,-1.653311699628829956e-01,-1.919760704040527344e-01,-3.030261956155300140e-02,1.180028393864631653e-01,-1.323648821562528610e-02,-2.450943551957607269e-02,-1.432708501815795898e-01
9.518877416849136353e-02,3.656783839687705040e-03,-8.575709164142608643e-02,7.136919349431991577e-02,1.130551025271415710e-01,-4.850253090262413025e-02,8.263877034187316895e-02,1.435192078351974487e-01,2.655848301947116852e-02,7.640887051820755005e-02,-1.042060703039169312e-01,-6.973747909069061279e-02,-1.305213104933500290e-02,6.889910250902175903e-02,7.385910302400588989e-02,1.082821115851402283e-01,5.025800783187150955e-04,1.046302262693643570e-02,-9.366357326507568359e-02,-8.853120356798171997e-02,-8.198793977499008179e-02,5.027343332767486572e-02,3.839455544948577881e-02,1.380097866058349609e-02,1.692444831132888794e-02,6.673924624919891357e-02,-5.385327339172363281e-02,-7.658988237380981445e-02,8.824607729911804199e-02,-3.604497760534286499e-02,-5.650022625923156738e-02,-1.003286615014076233e-01,5.852759629487991333e-02,9.245387464761734009e-02,-5.955491214990615845e-03,-6.446097791194915771e-02,6.003825366497039795e-02,8.328027278184890747e-02,-9.826384484767913818e-02,-1.808601170778274536e-01,1.308841258287429810e-01,6.287926435470581055e-02,4.618630558252334595e-02,2.746736072003841400e-02,-5.682250112295150757e-02,2.413743175566196442e-02,-1.062527671456336975e-01,-4.437857121229171753e-02,4.514256864786148071e-02,-2.033121697604656219e-02,-4.518141224980354309e-02,-5.757468938827514648e-02,1.509543359279632568e-01,-1.331672444939613342e-02,-2.091244608163833618e-02,-1.300098896026611328e-01,8.757645636796951294e-02,4.880683496594429016e-03,-2.753060124814510345e-02,-5.523949861526489258e-02,-6.916909664869308472e-02,2.201880700886249542e-02,2.050212351605296135e-03,1.014715805649757385e-01,2.414735034108161926e-02,-2.264046296477317810e-02,-9.119630604982376099e-02,1.076398268342018127e-01,-8.283601701259613037e-02,9.279191493988037109e-02,-1.386983245611190796e-01,6.730969995260238647e-02,-2.314881980419158936e-02,7.781236618757247925e-02,-8.018038421869277954e-02,-1.272052079439163208e-01,3.642945375759154558e-04,1.000285521149635315e-01,-6.388884782791137695e-02,-1.028766036033630371e-01,1.368080228567123413e-01,1.650006452109664679e-04,-1.169044375419616699e-01,-1.298768096603453159e-03,-1.638799458742141724e-01,-2.161599509418010712e-02,1.061184406280517578e-01,1.257905852980911732e-03,-6.468165200203657150e-03,1.077299490571022034e-01,-8.466168493032455444e-02,2.872171998023986816e-02,-5.138366669416427612e-02,9.664311073720455170e-03,-1.185349076986312866e-01,-1.222509518265724182e-01,6.634736061096191406e-02,-1.449943010811693966e-05,-8.541332930326461792e-02,1.170022487640380859e-01,-1.377054601907730103e-01,1.128003820776939392e-01,-1.036190465092658997e-01,-9.521973133087158203e-02,9.995447099208831787e-02,1.439527422189712524e-01,-7.118239253759384155e-02,-2.741164341568946838e-02,-1.069082096219062805e-01,-7.763418834656476974e-04,4.608804360032081604e-02,-7.254102826118469238e-02,-7.242116332054138184e-02,8.096229285001754761e-02,1.154291108250617981e-01,-8.210419863462448120e-02,9.983623772859573364e-02,1.153443381190299988e-02,-1.408517956733703613e-01,4.437587782740592957e-02,-1.744760433211922646e-03,1.091308444738388062e-01,1.043419539928436279e-01,3.283654153347015381e-02,-1.096379160881042480e-01,-3.245513141155242920e-02,1.112176850438117981e-02,1.022843420505523682e-01
3.835753798484802246e-01,3.651784732937812805e-02,-3.787897229194641113e-01,1.696795821189880371e-01,5.905529260635375977e-01,-3.398697972297668457e-01,1.435192078351974487e-01,6.919268369674682617e-01,2.055871039628982544e-01,2.746389806270599365e-01,-1.632645577192306519e-01,-3.342261016368865967e-01,2.915365695953369141e-01,2.730205953121185303e-01,4.020715653896331787e-01,6.689565777778625488e-01,-3.712799167260527611e-03,1.759844273328781128e-01,-2.607232332229614258e-01,-2.893912792205810547e-01,-1.084344685077667236e-01,2.135054320096969604e-01,1.266646385192871094e-01,-2.492325939238071442e-02,6.594457477331161499e-02,5.547503232955932617e-01,-3.896766602993011475e-01,-5.859515070915222168e-01,5.338122844696044922e-01,-2.469853162765502930e-01,-1.498397886753082275e-01,-4.297806620597839355e-01,5.103651806712150574e-02,3.599134087562561035e-01,-4.603012278676033020e-02,-5.078956484794616699e-01,3.544090986251831055e-01,4.232484698295593262e-01,-7.173207998275756836e-01,-5.127577185630798340e-01,5.127333402633666992e-01,1.521200835704803467e-01,3.582022488117218018e-01,1.387470066547393799e-01,2.861537970602512360e-02,-1.946386247873306274e-01,-4.143571853637695312e-01,-1.968650966882705688e-01,7.941552996635437012e-02,-9.394730627536773682e-02,-2.007349878549575806e-01,-3.241900801658630371e-01,4.244962930679321289e-01,-2.568545378744602203e-02,-2.701030373573303223e-01,-6.265776157379150391e-01,3.032099306583404541e-01,2.900460734963417053e-02,-1.823129951953887939e-01,-2.287269234657287598e-01,-7.661321014165878296e-02,-8.886774629354476929e-02,1.608916092664003372e-03,3.677623867988586426e-01,6.000972539186477661e-02,-1.243781521916389465e-01,-1.401754468679428101e-01,5.987400412559509277e-01,-4.556836783885955811e-01,5.655603408813476562e-01,-6.087945699691772461e-01,-2.869270555675029755e-02,6.297564599663019180e-03,4.010013639926910400e-01,-2.284432053565979004e-01,-5.213835835456848145e-01,-2.975726732984185219e-03,5.269722342491149902e-01,-2.226622030138969421e-02,-4.625180959701538086e-01,4.581341743469238281e-01,8.197420393116772175e-04,-5.811251997947692871e-01,-6.623216904699802399e-03,-6.616702675819396973e-01,-3.281085491180419922e-01,5.291305780410766602e-01,1.259505376219749451e-02,1.819725632667541504e-01,4.894696176052093506e-01,-2.609008848667144775e-01,2.989084720611572266e-01,-1.660332232713699341e-01,-7.054774463176727295e-02,-4.340293109416961670e-01,-4.532811939716339111e-01,4.154448807239532471e-01,-5.115651947562582791e-05,-5.447332859039306641e-01,5.467370748519897461e-01,-5.300629734992980957e-01,6.354170441627502441e-01,-4.274352490901947021e-01,-5.008752346038818359e-01,3.945472538471221924e-01,1.819624155759811401e-01,-8.714131265878677368e-02,-3.745924234390258789e-01,-5.847779512405395508e-01,5.357657559216022491e-03,1.388776749372482300e-01,-1.154564395546913147e-01,-3.799639046192169189e-01,-3.572282940149307251e-02,5.871863961219787598e-01,-3.921901881694793701e-01,6.235821247100830078e-01,1.404018402099609375e-01,-6.087237000465393066e-01,9.009693562984466553e-02,1.606350839138031006e-01,3.611514270305633545e-01,4.225518107414245605e-01,7.836145348846912384e-03,-3.837066590785980225e-01,-5.802899971604347229e-02,5.087810382246971130e-02,3.847526907920837402e-01
1.235241740942001343e-01,4.833417013287544250e-02,-4.119155108928680420e-01,3.548639714717864990e-01,2.570586502552032471e-01,-1.686150878667831421e-01,2.655848301947116852e-02,2.055871039628982544e-01,4.000431001186370850e-01,3.075785040855407715e-01,-1.298144608736038208e-01,-2.614826261997222900e-01,2.706616222858428955e-01,3.861768543720245361e-01,4.352463185787200928e-01,4.869981110095977783e-01,-3.829870140179991722e-03,1.558721512556076050e-01,-4.358038008213043213e-01,-3.281562924385070801e-01,-4.210586249828338623e-01,3.421290516853332520e-01,2.299467772245407104e-01,-8.471035957336425781e-02,7.114586979150772095e-02,4.225208759307861328e-01,-4.006234705448150635e-01,-1.723878681659698486e-01,3.249588012695312500e-01,-3.596106544137001038e-02,-7.438590377569198608e-02,-5.803223252296447754e-01,3.540581166744232178e-01,3.001574277877807617e-01,-1.214060746133327484e-02,-4.662501811981201172e-01,3.044196069240570068e-01,3.994353413581848145e-01,-3.083517253398895264e-01,-3.824800252914428711e-01,4.999490082263946533e-01,1.643524169921875000e-01,3.419444262981414795e-01,1.078440248966217041e-01,-1.546707749366760254e-01,-1.762638390064239502e-01,-4.335291385650634766e-01,-1.439322829246520996e-01,1.051737144589424133e-01,8.582506328821182251e-03,-6.288403272628784180e-02,5.113706737756729126e-02,4.321054220199584961e-01,-5.025696754455566406e-02,-1.787401735782623291e-02,-4.886380434036254883e-01,2.330518513917922974e-01,2.124277874827384949e-02,-3.429512381553649902e-01,-3.798758983612060547e-01,-1.170499250292778015e-01,8.223412930965423584e-02,1.309162471443414688e-02,2.848697602748870850e-01,1.225165799260139465e-01,-1.354559510946273804e-01,4.072043672204017639e-02,4.400179982185363770e-01,-4.759750068187713623e-01,1.627139002084732056e-01,-3.844325840473175049e-01,1.575773507356643677e-01,-2.220453470945358276e-01,4.549731016159057617e-01,-2.274876832962036133e-01,-4.451099336147308350e-01,-1.772816642187535763e-03,4.519326984882354736e-01,-2.255920320749282837e-01,-4.664917290210723877e-01,5.196752548217773438e-01,7.864952203817665577e-04,-3.747668266296386719e-01,4.744830075651407242e-04,-4.643000066280364990e-01,-3.754821717739105225e-01,1.883293241262435913e-01,6.195294670760631561e-03,3.431112170219421387e-01,3.743057548999786377e-01,-1.398545205593109131e-01,-1.538533568382263184e-01,-4.050587713718414307e-01,1.752817034721374512e-01,-4.746800959110260010e-01,-8.255528658628463745e-02,2.077548801898956299e-01,-2.685924300749320537e-05,-3.529735803604125977e-01,3.566949069499969482e-01,-1.757252365350723267e-01,3.100284636020660400e-01,-5.487544536590576172e-01,-4.065960943698883057e-01,5.384796261787414551e-01,1.160367205739021301e-01,-4.743084013462066650e-01,-3.878577947616577148e-01,-2.079268097877502441e-01,-2.095863595604896545e-02,4.465108811855316162e-01,-3.593327999114990234e-01,-4.567282497882843018e-01,1.298656165599822998e-01,4.156681001186370850e-01,-4.572575390338897705e-01,2.462923079729080200e-01,1.476787328720092773e-01,-4.725880920886993408e-01,2.387170344591140747e-01,1.919101476669311523e-01,4.560307562351226807e-01,4.391220211982727051e-01,-2.190256863832473755e-01,-3.033119440078735352e-01,-2.803240120410919189e-01,3.193352743983268738e-02,3.160358071327209473e-01
9.288882464170455933e-02,4.946484044194221497e-02,-4.888903200626373291e-01,4.095883071422576904e-01,3.054427206516265869e-01,-1.130182370543479919e-01,7.640887051820755005e-02,2.746389806270599365e-01,3.075785040855407715e-01,3.366129398345947266e-01,-1.202791407704353333e-01,-2.821018099784851074e-01,3.234419822692871094e-01,4.134784638881683350e-01,4.856555163860321045e-01,5.341042280197143555e-01,-7.177315186709165573e-03,1.849310398101806641e-01,-4.787413477897644043e-01,-3.749361932277679443e-01,-3.372125625610351562e-01,3.735827207565307617e-01,2.977516055107116699e-01,-9.843225032091140747e-02,7.214771211147308350e-02,4.394073188304901123e-01,-4.665849804878234863e-01,-2.162103056907653809e-01,4.586175978183746338e-01,-1.201408579945564270e-01,-5.001578852534294128e-02,-5.911922454833984375e-01,3.467856347560882568e-01,3.992470204830169678e-01,-1.915612444281578064e-02,-5.152317285537719727e-01,3.383524417877197266e-01,4.495684206485748291e-01,-4.035530388355255127e-01,-4.103339612483978271e-01,4.894985556602478027e-01,1.521721929311752319e-01,4.180195033550262451e-01,1.330727040767669678e-01,-9.154730290174484253e-02,-2.788521945476531982e-01,-4.995639622211456299e-01,-1.447161734104156494e-01,7.276609539985656738e-02,-3.528594970703125000e-02,-3.487231954932212830e-02,-5.398662760853767395e-02,4.122464060783386230e-01,-2.693868428468704224e-02,-8.542784303426742554e-02,-5.742309093475341797e-01,2.478404939174652100e-01,2.525213360786437988e-02,-3.793267011642456055e-01,-3.955861926078796387e-01,-9.225570410490036011e-02,4.529817029833793640e-02,1.193939801305532455e-02,2.803132832050323486e-01,7.981881499290466309e-02,-1.429374516010284424e-01,6.635606288909912109e-02,4.995401501655578613e-01,-5.046927928924560547e-01,2.231600880622863770e-01,-4.599142968654632568e-01,1.267967186868190765e-02,-1.781233549118041992e-01,4.873710274696350098e-01,-1.904069334268569946e-01,-5.014489889144897461e-01,-2.278384985402226448e-03,5.459048748016357422e-01,-1.913951784372329712e-01,-4.919605255126953125e-01,5.624833703041076660e-01,8.711747941561043262e-04,-4.517151713371276855e-01,-2.302833134308457375e-03,-4.874277412891387939e-01,-4.309807717800140381e-01,2.898029685020446777e-01,7.652133237570524216e-03,3.457550108432769775e-01,4.158371388912200928e-01,-1.470226198434829712e-01,-1.076908558607101440e-01,-4.152756333351135254e-01,1.552049219608306885e-01,-4.955319762229919434e-01,-9.848111867904663086e-02,2.899521589279174805e-01,-3.347430174471810460e-05,-3.928325176239013672e-01,3.773717880249023438e-01,-2.511934936046600342e-01,3.549204170703887939e-01,-5.568699240684509277e-01,-4.558935463428497314e-01,6.009444594383239746e-01,1.474347561597824097e-01,-4.623788893222808838e-01,-4.420100450515747070e-01,-2.186950445175170898e-01,-1.687999814748764038e-02,3.819160759449005127e-01,-4.187195599079132080e-01,-4.800959229469299316e-01,1.440082192420959473e-01,5.127057433128356934e-01,-4.889010190963745117e-01,2.905339598655700684e-01,2.042787075042724609e-01,-5.357882380485534668e-01,2.300327569246292114e-01,2.480873018503189087e-01,4.644271433353424072e-01,4.591280519962310791e-01,-2.211775332689285278e-01,-3.547317385673522949e-01,-2.796063721179962158e-01,3.111951611936092377e-02,3.885626196861267090e-01
-1.914024055004119873e-01,-7.121200207620859146e-03,1.035114154219627380e-01,-1.573429852724075317e-01,-1.420425772666931152e-01,1.115856096148490906e-01,-1.042060703039169312e-01,-1.632645577192306519e-01,-1.298144608736038208e-01,-1.202791407704353333e-01,2.577343583106994629e-01,1.040287688374519348e-01,1.010355874896049500e-01,-1.129888668656349182e-01,-9.635511785745620728e-02,-1.070416644215583801e-01,-4.033348057419061661e-03,-2.213360555469989777e-02,1.920573860406875610e-01,1.227297335863113403e-01,2.764415442943572998e-01,-8.093785494565963745e-02,-3.587896004319190979e-02,-5.067802965641021729e-02,-3.082530573010444641e-02,-4.826722666621208191e-02,1.939737121574580669e-03,3.271220251917839050e-02,-8.193271234631538391e-03,-5.100207403302192688e-02,1.297075152397155762e-01,1.705285310745239258e-01,-2.023712396621704102e-01,-7.138480246067047119e-02,-1.855698879808187485e-03,2.925353497266769409e-02,-7.182717323303222656e-02,-1.071175783872604370e-01,2.309470996260643005e-02,3.344709277153015137e-01,-2.720233500003814697e-01,-1.588431447744369507e-01,-1.057790033519268036e-02,-2.793582901358604431e-02,2.180002331733703613e-01,-2.004249393939971924e-01,1.762312203645706177e-01,1.010276526212692261e-01,-1.158293634653091431e-01,-6.022084131836891174e-02,9.782444685697555542e-02,-3.866423293948173523e-02,-3.300195038318634033e-01,5.964509770274162292e-02,-7.654798030853271484e-02,1.395290046930313110e-01,-1.629568934440612793e-01,-4.798406269401311874e-03,4.858744516968727112e-02,1.444044262170791626e-01,1.724865436553955078e-01,-9.158583730459213257e-02,-7.337857503443956375e-03,-1.995836198329925537e-01,-1.101441830396652222e-01,3.762296959757804871e-02,1.840005517005920410e-01,-1.219257414340972900e-01,1.104074418544769287e-01,-6.072211638092994690e-02,1.807707995176315308e-01,-3.395424187183380127e-01,1.047277078032493591e-01,-1.169086173176765442e-01,2.235776931047439575e-01,2.041755169630050659e-01,-1.881758100353181362e-03,-7.637733221054077148e-02,2.508160173892974854e-01,1.508164852857589722e-01,-2.552551329135894775e-01,-2.082939172396436334e-04,1.159616261720657349e-01,-1.518433680757880211e-03,2.818250060081481934e-01,-1.856232061982154846e-02,-4.844943806529045105e-02,1.544406695757061243e-04,4.876282811164855957e-02,-1.456202864646911621e-01,1.836676299571990967e-01,7.319118082523345947e-02,1.346960663795471191e-01,-5.769382044672966003e-02,2.293473482131958008e-01,1.652470827102661133e-01,-7.263271510601043701e-02,2.131354085577186197e-05,7.404602319002151489e-02,-1.944361925125122070e-01,1.358585953712463379e-01,-9.504068642854690552e-02,2.053781449794769287e-01,1.177994087338447571e-01,-1.479050517082214355e-01,-3.297938108444213867e-01,2.435542345046997070e-01,-9.739472530782222748e-03,1.405044794082641602e-01,6.975647993385791779e-03,-1.548981666564941406e-01,1.308176070451736450e-01,1.489360332489013672e-01,-1.622072607278823853e-01,-1.333368271589279175e-01,1.398846954107284546e-01,-6.658557802438735962e-02,1.331208366900682449e-02,2.039233893156051636e-01,-1.249345317482948303e-01,3.405924513936042786e-02,-2.260520309209823608e-01,-1.880011111497879028e-01,-2.276921831071376801e-02,1.335011273622512817e-01,8.741070330142974854e-02,-7.523798383772373199e-03,-1.353880167007446289e-01
-1.292195022106170654e-01,-4.099207371473312378e-02,4.176786541938781738e-01,-3.280789554119110107e-01,-3.209850192070007324e-01,1.414648890495300293e-01,-6.973747909069061279e-02,-3.342261016368865967e-01,-2.614826261997222900e-01,-2.821018099784851074e-01,1.040287688374519348e-01,2.723481953144073486e-01,-2.815620005130767822e-01,-3.555175960063934326e-01,-4.326593875885009766e-01,-5.244436860084533691e-01,4.590042866766452789e-03,-1.548275649547576904e-01,3.806853890419006348e-01,3.130836784839630127e-01,2.481480240821838379e-01,-3.192066550254821777e-01,-2.325015515089035034e-01,8.116114139556884766e-02,-6.384238600730895996e-02,-4.201335608959197998e-01,4.059115648269653320e-01,2.557099759578704834e-01,-4.400700330734252930e-01,1.092852801084518433e-01,7.069304585456848145e-02,5.148671269416809082e-01,-2.373715639114379883e-01,-3.589097857475280762e-01,2.417623251676559448e-02,4.760389328002929688e-01,-3.047301471233367920e-01,-4.026611149311065674e-01,4.425209462642669678e-01,3.870903253555297852e-01,-4.461402595043182373e-01,-1.334901750087738037e-01,-3.578424155712127686e-01,-1.203085258603096008e-01,4.060040414333343506e-02,2.395922690629959106e-01,4.387532770633697510e-01,1.414099186658859253e-01,-6.080235168337821960e-02,7.208985835313796997e-02,7.483395189046859741e-02,1.031369641423225403e-01,-3.706695735454559326e-01,3.185780346393585205e-02,1.169224977493286133e-01,5.418642759323120117e-01,-2.432057857513427734e-01,-2.424946054816246033e-02,2.813441157341003418e-01,3.310968577861785889e-01,7.496273517608642578e-02,-1.370430923998355865e-02,-8.605599403381347656e-03,-2.424997389316558838e-01,-6.583822518587112427e-02,1.251903474330902100e-01,-1.279215328395366669e-02,-4.722941815853118896e-01,4.521133303642272949e-01,-2.551158070564270020e-01,4.441456198692321777e-01,5.142543930560350418e-03,1.298166215419769287e-01,-4.418782591819763184e-01,1.522747725248336792e-01,4.412088990211486816e-01,2.201560419052839279e-03,-5.029401779174804688e-01,1.374901533126831055e-01,4.489374160766601562e-01,-4.925928413867950439e-01,-8.148285560309886932e-04,4.359431266784667969e-01,2.690996741876006126e-03,4.747006297111511230e-01,3.841713368892669678e-01,-2.849658131599426270e-01,-8.073082193732261658e-03,-2.739130556583404541e-01,-3.957204222679138184e-01,1.447305828332901001e-01,6.426371168345212936e-03,3.175437748432159424e-01,-9.341618418693542480e-02,4.341264367103576660e-01,1.514881849288940430e-01,-2.686623334884643555e-01,3.229067078791558743e-05,3.950522541999816895e-01,-3.652074933052062988e-01,2.815183699131011963e-01,-3.767130970954895020e-01,4.965696930885314941e-01,4.240975081920623779e-01,-4.983423054218292236e-01,-1.403756588697433472e-01,3.338224887847900391e-01,3.914768695831298828e-01,2.621437907218933105e-01,1.067597139626741409e-02,-3.124849200248718262e-01,3.135788440704345703e-01,4.279166758060455322e-01,-1.066977381706237793e-01,-4.853676259517669678e-01,4.214108884334564209e-01,-3.310705423355102539e-01,-1.748997122049331665e-01,5.032122135162353516e-01,-1.808185279369354248e-01,-2.025683224201202393e-01,-3.973570764064788818e-01,-4.043512642383575439e-01,1.492398977279663086e-01,3.403106927871704102e-01,2.135505676269531250e-01,-3.597752377390861511e-02,-3.295050263404846191e-01
