9.999981522560119629e-01,-9.999983310699462891e-01,-9.999853372573852539e-01,9.999981522560119629e-01,9.999987483024597168e-01,-9.999985694885253906e-01,9.999945163726806641e-01,9.999989271163940430e-01,-9.999969005584716797e-01,9.999969601631164551e-01,-9.999976754188537598e-01,-9.999987483024597168e-01,9.999980330467224121e-01,9.999978542327880859e-01,9.999625682830810547e-01,9.999974966049194336e-01,9.999976158142089844e-01,-9.999984502792358398e-01,9.999882578849792480e-01,-9.999990463256835938e-01,-9.999988079071044922e-01,9.999846220016479492e-01,9.999979138374328613e-01,9.999983310699462891e-01,9.999893307685852051e-01,9.999989271163940430e-01,-9.999983310699462891e-01,-9.999988079071044922e-01,9.999753832817077637e-01,-9.999961256980895996e-01,-9.999951124191284180e-01,-9.999985098838806152e-01,9.999940991401672363e-01,9.999975562095642090e-01,-9.999964833259582520e-01,-9.999895691871643066e-01,9.999989271163940430e-01,9.999985694885253906e-01,9.999926090240478516e-01,-9.999987483024597168e-01,9.999983310699462891e-01,-9.999969601631164551e-01,9.999396204948425293e-01,9.999986886978149414e-01,9.999972581863403320e-01,9.999977946281433105e-01,9.999905228614807129e-01,9.999979138374328613e-01,9.999986886978149414e-01,-9.999985098838806152e-01,-9.999987483024597168e-01,-9.999973773956298828e-01,-9.999985694885253906e-01,-9.999905228614807129e-01,-9.999960064888000488e-01,-9.999978542327880859e-01,-9.999974370002746582e-01,9.999477267265319824e-01,9.999979138374328613e-01,9.999981522560119629e-01,-9.999969005584716797e-01,9.999987483024597168e-01,9.999982118606567383e-01,9.999948143959045410e-01,-9.999955296516418457e-01,-9.999986886978149414e-01,-9.999988675117492676e-01,-9.999938607215881348e-01,-9.999984502792358398e-01,9.999988079071044922e-01,-9.999986290931701660e-01,9.999978542327880859e-01,9.999966025352478027e-01,-9.999898076057434082e-01,-9.994714260101318359e-01,-9.999980926513671875e-01,9.999913573265075684e-01,9.999984502792358398e-01,-9.999907016754150391e-01,-9.999969601631164551e-01,-9.999613165855407715e-01,9.999973177909851074e-01,-9.999987483024597168e-01,9.999934434890747070e-01,-9.999982714653015137e-01,-9.999826550483703613e-01,9.999912977218627930e-01,9.999986886978149414e-01,-9.999257922172546387e-01,9.999971389770507812e-01,-9.999980330467224121e-01,9.999982714653015137e-01,-9.999732971191406250e-01,-9.999980330467224121e-01,9.999985098838806152e-01,-9.999977350234985352e-01,-9.999898672103881836e-01,9.999988675117492676e-01,-9.999987483024597168e-01,9.999878406524658203e-01,-9.999971389770507812e-01,9.999986290931701660e-01,-9.999795556068420410e-01,-9.999765753746032715e-01,9.999984502792358398e-01,9.999965429306030273e-01,9.999623894691467285e-01,-9.999975562095642090e-01,-9.999943375587463379e-01,9.999985098838806152e-01,-9.999977350234985352e-01,9.999985098838806152e-01,-9.999978542327880859e-01,-9.999881982803344727e-01,9.999989867210388184e-01,-9.999983310699462891e-01,9.999985694885253906e-01,-9.999986886978149414e-01,-9.999933242797851562e-01,-9.999979734420776367e-01,-9.999987483024597168e-01,9.999955296516418457e-01,9.999985098838806152e-01,-9.999973177909851074e-01,9.999353289604187012e-01,-9.999951720237731934e-01,9.999803304672241211e-01,-9.999976158142089844e-01
-9.999983310699462891e-01,9.999985098838806152e-01,9.999870061874389648e-01,-9.999983906745910645e-01,-9.999989867210388184e-01,9.999988079071044922e-01,-9.999950528144836426e-01,-9.999991059303283691e-01,9.999973177909851074e-01,-9.999973177909851074e-01,9.999979138374328613e-01,9.999989271163940430e-01,-9.999982714653015137e-01,-9.999980330467224121e-01,-9.999669194221496582e-01,-9.999978542327880859e-01,-9.999979138374328613e-01,9.999986886978149414e-01,-9.999896287918090820e-01,9.999991655349731445e-01,9.999990463256835938e-01,-9.999864101409912109e-01,-9.999983310699462891e-01,-9.999986290931701660e-01,-9.999906420707702637e-01,-9.999991655349731445e-01,9.999986290931701660e-01,9.999989271163940430e-01,-9.999783039093017578e-01,9.999966621398925781e-01,9.999957084655761719e-01,9.999986886978149414e-01,-9.999948740005493164e-01,-9.999979138374328613e-01,9.999969601631164551e-01,9.999908208847045898e-01,-9.999991059303283691e-01,-9.999987483024597168e-01,-9.999935030937194824e-01,9.999989867210388184e-01,-9.999985694885253906e-01,9.999973773956298828e-01,-9.999467730522155762e-01,-9.999989271163940430e-01,-9.999976754188537598e-01,-9.999980330467224121e-01,-9.999916553497314453e-01,-9.999982118606567383e-01,-9.999988079071044922e-01,9.999986886978149414e-01,9.999988675117492676e-01,9.999976754188537598e-01,9.999987483024597168e-01,9.999916553497314453e-01,9.999966025352478027e-01,9.999981522560119629e-01,9.999977946281433105e-01,-9.999539256095886230e-01,-9.999982118606567383e-01,-9.999983310699462891e-01,9.999972581863403320e-01,-9.999989271163940430e-01,-9.999985098838806152e-01,-9.999954104423522949e-01,9.999959468841552734e-01,9.999989271163940430e-01,9.999989867210388184e-01,9.999945759773254395e-01,9.999986886978149414e-01,-9.999989271163940430e-01,9.999988675117492676e-01,-9.999981522560119629e-01,-9.999970197677612305e-01,9.999909400939941406e-01,9.995331168174743652e-01,9.999983310699462891e-01,-9.999923706054687500e-01,-9.999987483024597168e-01,9.999918341636657715e-01,9.999973177909851074e-01,9.999659061431884766e-01,-9.999976754188537598e-01,9.999989271163940430e-01,-9.999942183494567871e-01,9.999984502792358398e-01,9.999847412109375000e-01,-9.999923110008239746e-01,-9.999988675117492676e-01,9.999344944953918457e-01,-9.999974966049194336e-01,9.999983310699462891e-01,-9.999985098838806152e-01,9.999765157699584961e-01,9.999982714653015137e-01,-9.999986886978149414e-01,9.999980330467224121e-01,9.999909996986389160e-01,-9.999990463256835938e-01,9.999989271163940430e-01,-9.999892711639404297e-01,9.999974966049194336e-01,-9.999988675117492676e-01,9.999819397926330566e-01,9.999793171882629395e-01,-9.999986290931701660e-01,-9.999970793724060059e-01,-9.999668002128601074e-01,9.999978542327880859e-01,9.999950528144836426e-01,-9.999986886978149414e-01,9.999980330467224121e-01,-9.999986886978149414e-01,9.999980926513671875e-01,9.999895691871643066e-01,-9.999991655349731445e-01,9.999985098838806152e-01,-9.999988079071044922e-01,9.999988675117492676e-01,9.999940991401672363e-01,9.999982714653015137e-01,9.999988675117492676e-01,-9.999961256980895996e-01,-9.999987483024597168e-01,9.999976158142089844e-01,-9.999428391456604004e-01,9.999957680702209473e-01,-9.999826550483703613e-01,9.999978542327880859e-01
-9.999853372573852539e-01,9.999870061874389648e-01,9.998829960823059082e-01,-9.999855756759643555e-01,-9.999908804893493652e-01,9.999889135360717773e-01,-9.999560713768005371e-01,-9.999917745590209961e-01,9.999763369560241699e-01,-9.999762773513793945e-01,9.999823570251464844e-01,9.999908208847045898e-01,-9.999847412109375000e-01,-9.999833703041076660e-01,-9.997023940086364746e-01,-9.999809861183166504e-01,-9.999815821647644043e-01,9.999884366989135742e-01,-9.999063611030578613e-01,9.999921917915344238e-01,9.999911785125732422e-01,-9.998775720596313477e-01,-9.999843835830688477e-01,-9.999877810478210449e-01,-9.999155998229980469e-01,-9.999918341636657715e-01,9.999878406524658203e-01,9.999909400939941406e-01,-9.998036623001098633e-01,9.999703764915466309e-01,9.999614953994750977e-01,9.999883770942687988e-01,-9.999536275863647461e-01,-9.999808073043823242e-01,9.999724030494689941e-01,9.999164342880249023e-01,-9.999916553497314453e-01,-9.999889731407165527e-01,-9.999410510063171387e-01,9.999907612800598145e-01,-9.999875426292419434e-01,9.999766945838928223e-01,-9.995204806327819824e-01,-9.999893307685852051e-01,-9.999793171882629395e-01,-9.999833703041076660e-01,-9.999248385429382324e-01,-9.999839663505554199e-01,-9.999899864196777344e-01,9.999883770942687988e-01,9.999895691871643066e-01,9.999794363975524902e-01,9.999887943267822266e-01,9.999241232872009277e-01,9.999697804450988770e-01,9.999835491180419922e-01,9.999803900718688965e-01,-9.995849728584289551e-01,-9.999830722808837891e-01,-9.999853372573852539e-01,9.999757409095764160e-01,-9.999911189079284668e-01,-9.999858140945434570e-01,-9.999585747718811035e-01,9.999648928642272949e-01,9.999901056289672852e-01,9.999915361404418945e-01,9.999508857727050781e-01,9.999883770942687988e-01,-9.999904036521911621e-01,9.999893307685852051e-01,-9.999836087226867676e-01,-9.999733567237854004e-01,9.999188780784606934e-01,9.958100318908691406e-01,9.999850392341613770e-01,-9.999310374259948730e-01,-9.999885559082031250e-01,9.999260902404785156e-01,9.999759793281555176e-01,9.996927976608276367e-01,-9.999796152114868164e-01,9.999901056289672852e-01,-9.999476671218872070e-01,9.999863505363464355e-01,9.998621940612792969e-01,-9.999305605888366699e-01,-9.999902844429016113e-01,9.994102120399475098e-01,-9.999775886535644531e-01,9.999851584434509277e-01,-9.999867677688598633e-01,9.997882843017578125e-01,9.999848008155822754e-01,-9.999880790710449219e-01,9.999824166297912598e-01,9.999193549156188965e-01,-9.999911785125732422e-01,9.999899864196777344e-01,-9.999029636383056641e-01,9.999781847000122070e-01,-9.999893307685852051e-01,9.998369812965393066e-01,9.998127222061157227e-01,-9.999879002571105957e-01,-9.999738335609436035e-01,-9.997010231018066406e-01,9.999809265136718750e-01,9.999554753303527832e-01,-9.999881982803344727e-01,9.999824166297912598e-01,-9.999883174896240234e-01,9.999842643737792969e-01,9.999060034751892090e-01,-9.999919533729553223e-01,9.999869465827941895e-01,-9.999894499778747559e-01,9.999898672103881836e-01,9.999470114707946777e-01,9.999848008155822754e-01,9.999906420707702637e-01,-9.999643564224243164e-01,-9.999890923500061035e-01,9.999790787696838379e-01,-9.994856715202331543e-01,9.999617934226989746e-01,-9.998439550399780273e-01,9.999811649322509766e-01
9.999981522560119629e-01,-9.999983906745910645e-01,-9.999855756759643555e-01,9.999982118606567383e-01,9.999989271163940430e-01,-9.999986886978149414e-01,9.999945759773254395e-01,9.999990463256835938e-01,-9.999970197677612305e-01,9.999970197677612305e-01,-9.999977946281433105e-01,-9.999988079071044922e-01,9.999980926513671875e-01,9.999979138374328613e-01,9.999632239341735840e-01,9.999976158142089844e-01,9.999976754188537598e-01,-9.999985694885253906e-01,9.999884366989135742e-01,-9.999990463256835938e-01,-9.999988675117492676e-01,9.999849796295166016e-01,9.999980330467224121e-01,9.999984502792358398e-01,9.999895691871643066e-01,9.999989867210388184e-01,-9.999984502792358398e-01,-9.999988079071044922e-01,9.999758601188659668e-01,-9.999963045120239258e-01,-9.999952316284179688e-01,-9.999985694885253906e-01,9.999942779541015625e-01,9.999976754188537598e-01,-9.999966621398925781e-01,-9.999897480010986328e-01,9.999989867210388184e-01,9.999986886978149414e-01,9.999926090240478516e-01,-9.999988675117492676e-01,9.999984502792358398e-01,-9.999970793724060059e-01,9.999406933784484863e-01,9.999987483024597168e-01,9.999974966049194336e-01,9.999979138374328613e-01,9.999908208847045898e-01,9.999979734420776367e-01,9.999987483024597168e-01,-9.999986290931701660e-01,-9.999987483024597168e-01,-9.999974966049194336e-01,-9.999985694885253906e-01,-9.999907016754150391e-01,-9.999961853027343750e-01,-9.999979138374328613e-01,-9.999975562095642090e-01,9.999486804008483887e-01,9.999979138374328613e-01,9.999981522560119629e-01,-9.999970197677612305e-01,9.999988079071044922e-01,9.999982118606567383e-01,9.999948740005493164e-01,-9.999956488609313965e-01,-9.999986886978149414e-01,-9.999989271163940430e-01,-9.999939203262329102e-01,-9.999985694885253906e-01,9.999988079071044922e-01,-9.999988079071044922e-01,9.999979734420776367e-01,9.999966621398925781e-01,-9.999899864196777344e-01,-9.994802474975585938e-01,-9.999981522560119629e-01,9.999915361404418945e-01,9.999985694885253906e-01,-9.999909400939941406e-01,-9.999969601631164551e-01,-9.999620318412780762e-01,9.999973773956298828e-01,-9.999988079071044922e-01,9.999936223030090332e-01,-9.999982714653015137e-01,-9.999830126762390137e-01,9.999914765357971191e-01,9.999987483024597168e-01,-9.999270439147949219e-01,9.999972581863403320e-01,-9.999981522560119629e-01,9.999984502792358398e-01,-9.999738335609436035e-01,-9.999980926513671875e-01,9.999985694885253906e-01,-9.999977946281433105e-01,-9.999900460243225098e-01,9.999989867210388184e-01,-9.999987483024597168e-01,9.999880194664001465e-01,-9.999972581863403320e-01,9.999987483024597168e-01,-9.999798536300659180e-01,-9.999769926071166992e-01,9.999985098838806152e-01,9.999967217445373535e-01,9.999630451202392578e-01,-9.999976754188537598e-01,-9.999945163726806641e-01,9.999985098838806152e-01,-9.999978542327880859e-01,9.999985098838806152e-01,-9.999980330467224121e-01,-9.999883770942687988e-01,9.999990463256835938e-01,-9.999984502792358398e-01,9.999986886978149414e-01,-9.999988079071044922e-01,-9.999934434890747070e-01,-9.999980926513671875e-01,-9.999988079071044922e-01,9.999955892562866211e-01,9.999986290931701660e-01,-9.999973773956298828e-01,9.999365210533142090e-01,-9.999952912330627441e-01,9.999807476997375488e-01,-9.999976158142089844e-01
9.999987483024597168e-01,-9.999989867210388184e-01,-9.999908804893493652e-01,9.999989271163940430e-01,9.999992251396179199e-01,-9.999991655349731445e-01,9.999965429306030273e-01,9.999994039535522461e-01,-9.999981522560119629e-01,9.999980926513671875e-01,-9.999986290931701660e-01,-9.999992251396179199e-01,9.999986886978149414e-01,9.999986290931701660e-01,9.999768137931823730e-01,9.999983906745910645e-01,9.999985694885253906e-01,-9.999991655349731445e-01,9.999927282333374023e-01,-9.999994039535522461e-01,-9.999993443489074707e-01,9.999904632568359375e-01,9.999987483024597168e-01,9.999989867210388184e-01,9.999933242797851562e-01,9.999993443489074707e-01,-9.999991059303283691e-01,-9.999993443489074707e-01,9.999846816062927246e-01,-9.999976158142089844e-01,-9.999968409538269043e-01,-9.999991059303283691e-01,9.999963641166687012e-01,9.999984502792358398e-01,-9.999977946281433105e-01,-9.999935030937194824e-01,9.999994039535522461e-01,9.999991655349731445e-01,9.999953508377075195e-01,-9.999992847442626953e-01,9.999989271163940430e-01,-9.999981522560119629e-01,9.999625086784362793e-01,9.999992251396179199e-01,9.999982714653015137e-01,9.999986290931701660e-01,9.999941587448120117e-01,9.999987483024597168e-01,9.999991655349731445e-01,-9.999991655349731445e-01,-9.999992251396179199e-01,-9.999983906745910645e-01,-9.999991655349731445e-01,-9.999941587448120117e-01,-9.999975562095642090e-01,-9.999986886978149414e-01,-9.999984502792358398e-01,9.999675154685974121e-01,9.999987483024597168e-01,9.999988079071044922e-01,-9.999980926513671875e-01,9.999992847442626953e-01,9.999988675117492676e-01,9.999967217445373535e-01,-9.999971389770507812e-01,-9.999991655349731445e-01,-9.999993443489074707e-01,-9.999961256980895996e-01,-9.999991059303283691e-01,9.999992847442626953e-01,-9.999992251396179199e-01,9.999986886978149414e-01,9.999979138374328613e-01,-9.999936819076538086e-01,-9.996715188026428223e-01,-9.999988079071044922e-01,9.999946355819702148e-01,9.999990463256835938e-01,-9.999942183494567871e-01,-9.999980926513671875e-01,-9.999760389328002930e-01,9.999982714653015137e-01,-9.999993443489074707e-01,9.999959468841552734e-01,-9.999989271163940430e-01,-9.999892711639404297e-01,9.999945759773254395e-01,9.999991655349731445e-01,-9.999538660049438477e-01,9.999982118606567383e-01,-9.999988079071044922e-01,9.999989271163940430e-01,-9.999834299087524414e-01,-9.999988079071044922e-01,9.999991059303283691e-01,-9.999986290931701660e-01,-9.999936223030090332e-01,9.999993443489074707e-01,-9.999992251396179199e-01,9.999924302101135254e-01,-9.999982714653015137e-01,9.999992847442626953e-01,-9.999871850013732910e-01,-9.999853968620300293e-01,9.999991059303283691e-01,9.999979138374328613e-01,9.999765753746032715e-01,-9.999985694885253906e-01,-9.999964833259582520e-01,9.999991059303283691e-01,-9.999986290931701660e-01,9.999991059303283691e-01,-9.999987483024597168e-01,-9.999926686286926270e-01,9.999994039535522461e-01,-9.999989867210388184e-01,9.999992251396179199e-01,-9.999992251396179199e-01,-9.999958872795104980e-01,-9.999987483024597168e-01,-9.999992847442626953e-01,9.999971985816955566e-01,9.999991655349731445e-01,-9.999983310699462891e-01,9.999597668647766113e-01,-9.999969005584716797e-01,9.999878406524658203e-01,-9.999985098838806152e-01
-9.999985694885253906e-01,9.999988079071044922e-01,9.999889135360717773e-01,-9.999986886978149414e-01,-9.999991655349731445e-01,9.999989271163940430e-01,-9.999958276748657227e-01,-9.999993443489074707e-01,9.999977350234985352e-01,-9.999977350234985352e-01,9.999983310699462891e-01,9.999991655349731445e-01,-9.999985098838806152e-01,-9.999983906745910645e-01,-9.999718666076660156e-01,-9.999981522560119629e-01,-9.999981522560119629e-01,9.999989271163940430e-01,-9.999911785125732422e-01,9.999994039535522461e-01,9.999992251396179199e-01,-9.999884366989135742e-01,-9.999985098838806152e-01,-9.999988079071044922e-01,-9.999920129776000977e-01,-9.999992847442626953e-01,9.999988079071044922e-01,9.999991059303283691e-01,-9.999815225601196289e-01,9.999971389770507812e-01,9.999963045120239258e-01,9.999989271163940430e-01,-9.999956488609313965e-01,-9.999981522560119629e-01,9.999974370002746582e-01,9.999920725822448730e-01,-9.999993443489074707e-01,-9.999989271163940430e-01,-9.999943375587463379e-01,9.999990463256835938e-01,-9.999988079071044922e-01,9.999976754188537598e-01,-9.999545812606811523e-01,-9.999991059303283691e-01,-9.999979138374328613e-01,-9.999983906745910645e-01,-9.999929070472717285e-01,-9.999984502792358398e-01,-9.999991059303283691e-01,9.999988675117492676e-01,9.999990463256835938e-01,9.999980330467224121e-01,9.999989867210388184e-01,9.999928474426269531e-01,9.999970793724060059e-01,9.999984502792358398e-01,9.999981522560119629e-01,-9.999607205390930176e-01,-9.999983906745910645e-01,-9.999986886978149414e-01,9.999977350234985352e-01,-9.999992251396179199e-01,-9.999986290931701660e-01,-9.999960064888000488e-01,9.999965429306030273e-01,9.999989867210388184e-01,9.999991655349731445e-01,9.999953508377075195e-01,9.999988675117492676e-01,-9.999991655349731445e-01,9.999990463256835938e-01,-9.999984502792358398e-01,-9.999974966049194336e-01,9.999923706054687500e-01,9.996019601821899414e-01,9.999985694885253906e-01,-9.999935030937194824e-01,-9.999989271163940430e-01,9.999930858612060547e-01,9.999976754188537598e-01,9.999709725379943848e-01,-9.999979138374328613e-01,9.999992251396179199e-01,-9.999950528144836426e-01,9.999986886978149414e-01,9.999869465827941895e-01,-9.999934434890747070e-01,-9.999990463256835938e-01,9.999441504478454590e-01,-9.999978542327880859e-01,9.999985694885253906e-01,-9.999986886978149414e-01,9.999799132347106934e-01,9.999985098838806152e-01,-9.999988675117492676e-01,9.999983310699462891e-01,9.999923706054687500e-01,-9.999992251396179199e-01,9.999992251396179199e-01,-9.999908208847045898e-01,9.999979138374328613e-01,-9.999989867210388184e-01,9.999845623970031738e-01,9.999823570251464844e-01,-9.999988675117492676e-01,-9.999974966049194336e-01,-9.999717473983764648e-01,9.999982714653015137e-01,9.999957680702209473e-01,-9.999988675117492676e-01,9.999983310699462891e-01,-9.999989271163940430e-01,9.999983906745910645e-01,9.999911189079284668e-01,-9.999992847442626953e-01,9.999987483024597168e-01,-9.999989867210388184e-01,9.999990463256835938e-01,9.999949932098388672e-01,9.999985694885253906e-01,9.999991655349731445e-01,-9.999966621398925781e-01,-9.999989867210388184e-01,9.999979734420776367e-01,-9.999513030052185059e-01,9.999963641166687012e-01,-9.999852776527404785e-01,9.999982118606567383e-01
9.999945163726806641e-01,-9.999950528144836426e-01,-9.999560713768005371e-01,9.999945759773254395e-01,9.999965429306030273e-01,-9.999958276748657227e-01,9.999835491180419922e-01,9.999969601631164551e-01,-9.999910593032836914e-01,9.999911189079284668e-01,-9.999933242797851562e-01,-9.999965429306030273e-01,9.999942779541015625e-01,9.999936819076538086e-01,9.998884201049804688e-01,9.999927878379821777e-01,9.999931454658508301e-01,-9.999956488609313965e-01,9.999648928642272949e-01,-9.999970197677612305e-01,-9.999966621398925781e-01,9.999541640281677246e-01,9.999941587448120117e-01,9.999954104423522949e-01,9.999684691429138184e-01,9.999969005584716797e-01,-9.999954700469970703e-01,-9.999964833259582520e-01,9.999263882637023926e-01,-9.999889135360717773e-01,-9.999855756759643555e-01,-9.999956488609313965e-01,9.999826550483703613e-01,9.999927282333374023e-01,-9.999896883964538574e-01,-9.999687075614929199e-01,9.999969005584716797e-01,9.999958276748657227e-01,9.999778866767883301e-01,-9.999964833259582520e-01,9.999952912330627441e-01,-9.999911785125732422e-01,9.998202323913574219e-01,9.999960064888000488e-01,9.999922513961791992e-01,9.999936819076538086e-01,9.999718666076660156e-01,9.999939203262329102e-01,9.999962449073791504e-01,-9.999957084655761719e-01,-9.999960064888000488e-01,-9.999923110008239746e-01,-9.999958276748657227e-01,-9.999716877937316895e-01,-9.999886155128479004e-01,-9.999938607215881348e-01,-9.999926686286926270e-01,9.998444318771362305e-01,9.999936223030090332e-01,9.999945163726806641e-01,-9.999909400939941406e-01,9.999965429306030273e-01,9.999946355819702148e-01,9.999845027923583984e-01,-9.999867677688598633e-01,-9.999963045120239258e-01,-9.999967813491821289e-01,-9.999815225601196289e-01,-9.999956488609313965e-01,9.999963641166687012e-01,-9.999960064888000488e-01,9.999938607215881348e-01,9.999901056289672852e-01,-9.999696612358093262e-01,-9.984255433082580566e-01,-9.999944567680358887e-01,9.999741911888122559e-01,9.999957084655761719e-01,-9.999723434448242188e-01,-9.999909996986389160e-01,-9.998848438262939453e-01,9.999923706054687500e-01,-9.999962449073791504e-01,9.999803304672241211e-01,-9.999948143959045410e-01,-9.999482035636901855e-01,9.999740123748779297e-01,9.999963641166687012e-01,-9.997789263725280762e-01,9.999915957450866699e-01,-9.999944567680358887e-01,9.999949932098388672e-01,-9.999205470085144043e-01,-9.999942779541015625e-01,9.999955296516418457e-01,-9.999933838844299316e-01,-9.999697208404541016e-01,9.999966621398925781e-01,-9.999961853027343750e-01,9.999635815620422363e-01,-9.999917745590209961e-01,9.999959468841552734e-01,-9.999388456344604492e-01,-9.999297857284545898e-01,9.999954104423522949e-01,9.999901056289672852e-01,9.998878836631774902e-01,-9.999928474426269531e-01,-9.999832510948181152e-01,9.999955296516418457e-01,-9.999933242797851562e-01,9.999956488609313965e-01,-9.999940991401672363e-01,-9.999647736549377441e-01,9.999968409538269043e-01,-9.999951124191284180e-01,9.999960064888000488e-01,-9.999961256980895996e-01,-9.999801516532897949e-01,-9.999943375587463379e-01,-9.999964237213134766e-01,9.999866485595703125e-01,9.999958872795104980e-01,-9.999921321868896484e-01,9.998072385787963867e-01,-9.999857544898986816e-01,9.999415278434753418e-01,-9.999929666519165039e-01
9.999989271163940430e-01,-9.999991059303283691e-01,-9.999917745590209961e-01,9.999990463256835938e-01,9.999994039535522461e-01,-9.999993443489074707e-01,9.999969601631164551e-01,9.999995231628417969e-01,-9.999982714653015137e-01,9.999983906745910645e-01,-9.999987483024597168e-01,-9.999994039535522461e-01,9.999989271163940430e-01,9.999988079071044922e-01,9.999789595603942871e-01,9.999986290931701660e-01,9.999986886978149414e-01,-9.999992251396179199e-01,9.999933838844299316e-01,-9.999995231628417969e-01,-9.999994635581970215e-01,9.999914169311523438e-01,9.999989271163940430e-01,9.999991655349731445e-01,9.999940395355224609e-01,9.999994635581970215e-01,-9.999992847442626953e-01,-9.999994635581970215e-01,9.999862313270568848e-01,-9.999978542327880859e-01,-9.999973177909851074e-01,-9.999992847442626953e-01,9.999966621398925781e-01,9.999986886978149414e-01,-9.999981522560119629e-01,-9.999941587448120117e-01,9.999995231628417969e-01,9.999992251396179199e-01,9.999958276748657227e-01,-9.999994039535522461e-01,9.999991655349731445e-01,-9.999983310699462891e-01,9.999661445617675781e-01,9.999994635581970215e-01,9.999985098838806152e-01,9.999988079071044922e-01,9.999947547912597656e-01,9.999988675117492676e-01,9.999994039535522461e-01,-9.999993443489074707e-01,-9.999994039535522461e-01,-9.999986290931701660e-01,-9.999992251396179199e-01,-9.999946951866149902e-01,-9.999978542327880859e-01,-9.999988079071044922e-01,-9.999985694885253906e-01,9.999706745147705078e-01,9.999988675117492676e-01,9.999989867210388184e-01,-9.999983906745910645e-01,9.999994039535522461e-01,9.999989867210388184e-01,9.999970197677612305e-01,-9.999974370002746582e-01,-9.999993443489074707e-01,-9.999994039535522461e-01,-9.999964833259582520e-01,-9.999992847442626953e-01,9.999993443489074707e-01,-9.999993443489074707e-01,9.999988079071044922e-01,9.999982118606567383e-01,-9.999942779541015625e-01,-9.997024536132812500e-01,-9.999989271163940430e-01,9.999951720237731934e-01,9.999993443489074707e-01,-9.999948740005493164e-01,-9.999982714653015137e-01,-9.999783039093017578e-01,9.999985694885253906e-01,-9.999994039535522461e-01,9.999962449073791504e-01,-9.999991059303283691e-01,-9.999903440475463867e-01,9.999951720237731934e-01,9.999993443489074707e-01,-9.999583363533020020e-01,9.999985098838806152e-01,-9.999989271163940430e-01,9.999992251396179199e-01,-9.999851584434509277e-01,-9.999989867210388184e-01,9.999992251396179199e-01,-9.999988079071044922e-01,-9.999943375587463379e-01,9.999994635581970215e-01,-9.999993443489074707e-01,9.999931454658508301e-01,-9.999985098838806152e-01,9.999993443489074707e-01,-9.999884963035583496e-01,-9.999868869781494141e-01,9.999991655349731445e-01,9.999980926513671875e-01,9.999789595603942871e-01,-9.999986886978149414e-01,-9.999969005584716797e-01,9.999992251396179199e-01,-9.999987483024597168e-01,9.999992251396179199e-01,-9.999988675117492676e-01,-9.999933838844299316e-01,9.999994635581970215e-01,-9.999991059303283691e-01,9.999994039535522461e-01,-9.999994039535522461e-01,-9.999961853027343750e-01,-9.999989271163940430e-01,-9.999993443489074707e-01,9.999974966049194336e-01,9.999993443489074707e-01,-9.999985098838806152e-01,9.999636411666870117e-01,-9.999971985816955566e-01,9.999889731407165527e-01,-9.999987483024597168e-01
-9.999969005584716797e-01,9.999973177909851074e-01,9.999763369560241699e-01,-9.999970197677612305e-01,-9.999981522560119629e-01,9.999977350234985352e-01,-9.999910593032836914e-01,-9.999982714653015137e-01,9.999952316284179688e-01,-9.999951720237731934e-01,9.999963641166687012e-01,9.999981522560119629e-01,-9.999968409538269043e-01,-9.999966025352478027e-01,-9.999397993087768555e-01,-9.999961256980895996e-01,-9.999961256980895996e-01,9.999975562095642090e-01,-9.999811649322509766e-01,9.999983906745910645e-01,9.999982118606567383e-01,-9.999752044677734375e-01,-9.999967813491821289e-01,-9.999974966049194336e-01,-9.999828934669494629e-01,-9.999982118606567383e-01,9.999974966049194336e-01,9.999981522560119629e-01,-9.999602437019348145e-01,9.999939203262329102e-01,9.999921917915344238e-01,9.999976754188537598e-01,-9.999906420707702637e-01,-9.999960660934448242e-01,9.999945163726806641e-01,9.999831318855285645e-01,-9.999982714653015137e-01,-9.999977350234985352e-01,-9.999880194664001465e-01,9.999980926513671875e-01,-9.999973773956298828e-01,9.999952316284179688e-01,-9.999027848243713379e-01,-9.999979138374328613e-01,-9.999958276748657227e-01,-9.999964833259582520e-01,-9.999848008155822754e-01,-9.999966025352478027e-01,-9.999979734420776367e-01,9.999976158142089844e-01,9.999979734420776367e-01,9.999958872795104980e-01,9.999977350234985352e-01,9.999846220016479492e-01,9.999938607215881348e-01,9.999966025352478027e-01,9.999960064888000488e-01,-9.999158382415771484e-01,-9.999964833259582520e-01,-9.999969601631164551e-01,9.999951124191284180e-01,-9.999980926513671875e-01,-9.999970793724060059e-01,-9.999916553497314453e-01,9.999927878379821777e-01,9.999979734420776367e-01,9.999982714653015137e-01,9.999899864196777344e-01,9.999976158142089844e-01,-9.999980330467224121e-01,9.999979138374328613e-01,-9.999966621398925781e-01,-9.999946951866149902e-01,9.999835491180419922e-01,9.991486072540283203e-01,9.999969601631164551e-01,-9.999861717224121094e-01,-9.999976158142089844e-01,9.999850392341613770e-01,9.999951124191284180e-01,9.999377727508544922e-01,-9.999958276748657227e-01,9.999979734420776367e-01,-9.999894499778747559e-01,9.999971985816955566e-01,9.999720454216003418e-01,-9.999859929084777832e-01,-9.999980330467224121e-01,9.998806118965148926e-01,-9.999954700469970703e-01,9.999969005584716797e-01,-9.999972581863403320e-01,9.999570250511169434e-01,9.999969005584716797e-01,-9.999975562095642090e-01,9.999963641166687012e-01,9.999836683273315430e-01,-9.999982118606567383e-01,9.999979138374328613e-01,-9.999803900718688965e-01,9.999955892562866211e-01,-9.999978542327880859e-01,9.999669790267944336e-01,9.999621510505676270e-01,-9.999974966049194336e-01,-9.999946355819702148e-01,-9.999394416809082031e-01,9.999961853027343750e-01,9.999910593032836914e-01,-9.999975562095642090e-01,9.999963641166687012e-01,-9.999976754188537598e-01,9.999967813491821289e-01,9.999809861183166504e-01,-9.999982714653015137e-01,9.999973177909851074e-01,-9.999977350234985352e-01,9.999979138374328613e-01,9.999892711639404297e-01,9.999969005584716797e-01,9.999980926513671875e-01,-9.999927878379821777e-01,-9.999977350234985352e-01,9.999957680702209473e-01,-9.998958706855773926e-01,9.999921917915344238e-01,-9.999683499336242676e-01,9.999961256980895996e-01
9.999969601631164551e-01,-9.999973177909851074e-01,-9.999762773513793945e-01,9.999970197677612305e-01,9.999980926513671875e-01,-9.999977350234985352e-01,9.999911189079284668e-01,9.999983906745910645e-01,-9.999951720237731934e-01,9.999951720237731934e-01,-9.999963641166687012e-01,-9.999980926513671875e-01,9.999967813491821289e-01,9.999964833259582520e-01,9.999395012855529785e-01,9.999960660934448242e-01,9.999962449073791504e-01,-9.999975562095642090e-01,9.999809861183166504e-01,-9.999983906745910645e-01,-9.999981522560119629e-01,9.999752044677734375e-01,9.999967813491821289e-01,9.999974370002746582e-01,9.999828338623046875e-01,9.999982118606567383e-01,-9.999974966049194336e-01,-9.999980330467224121e-01,9.999600648880004883e-01,-9.999939203262329102e-01,-9.999921917915344238e-01,-9.999976158142089844e-01,9.999905228614807129e-01,9.999960660934448242e-01,-9.999943971633911133e-01,-9.999830722808837891e-01,9.999982714653015137e-01,9.999977350234985352e-01,9.999879598617553711e-01,-9.999980926513671875e-01,9.999973773956298828e-01,-9.999951720237731934e-01,9.999024271965026855e-01,9.999978542327880859e-01,9.999957680702209473e-01,9.999965429306030273e-01,9.999847412109375000e-01,9.999967217445373535e-01,9.999979138374328613e-01,-9.999976158142089844e-01,-9.999979138374328613e-01,-9.999958276748657227e-01,-9.999976754188537598e-01,-9.999846220016479492e-01,-9.999938607215881348e-01,-9.999966025352478027e-01,-9.999959468841552734e-01,9.999155998229980469e-01,9.999966025352478027e-01,9.999970793724060059e-01,-9.999950528144836426e-01,9.999980926513671875e-01,9.999970793724060059e-01,9.999915361404418945e-01,-9.999927878379821777e-01,-9.999978542327880859e-01,-9.999982714653015137e-01,-9.999900460243225098e-01,-9.999976158142089844e-01,9.999979138374328613e-01,-9.999978542327880859e-01,9.999966025352478027e-01,9.999945759773254395e-01,-9.999835491180419922e-01,-9.991455078125000000e-01,-9.999969601631164551e-01,9.999859929084777832e-01,9.999976158142089844e-01,-9.999849796295166016e-01,-9.999951124191284180e-01,-9.999375343322753906e-01,9.999958276748657227e-01,-9.999980330467224121e-01,9.999893903732299805e-01,-9.999971985816955566e-01,-9.999720454216003418e-01,9.999859333038330078e-01,9.999980330467224121e-01,-9.998800158500671387e-01,9.999953508377075195e-01,-9.999969601631164551e-01,9.999972581863403320e-01,-9.999568462371826172e-01,-9.999968409538269043e-01,9.999975562095642090e-01,-9.999963641166687012e-01,-9.999836683273315430e-01,9.999982118606567383e-01,-9.999979138374328613e-01,9.999803304672241211e-01,-9.999955892562866211e-01,9.999978542327880859e-01,-9.999668598175048828e-01,-9.999619126319885254e-01,9.999974966049194336e-01,9.999946355819702148e-01,9.999392032623291016e-01,-9.999960660934448242e-01,-9.999909400939941406e-01,9.999974966049194336e-01,-9.999962449073791504e-01,9.999976158142089844e-01,-9.999967217445373535e-01,-9.999809265136718750e-01,9.999982118606567383e-01,-9.999973177909851074e-01,9.999977946281433105e-01,-9.999978542327880859e-01,-9.999892711639404297e-01,-9.999967813491821289e-01,-9.999980926513671875e-01,9.999927878379821777e-01,9.999977350234985352e-01,-9.999956488609313965e-01,9.998955130577087402e-01,-9.999922513961791992e-01,9.999683499336242676e-01,-9.999961256980895996e-01
-9.999976754188537598e-01,9.999979138374328613e-01,9.999823570251464844e-01,-9.999977946281433105e-01,-9.999986290931701660e-01,9.999983310699462891e-01,-9.999933242797851562e-01,-9.999987483024597168e-01,9.999963641166687012e-01,-9.999963641166687012e-01,9.999973177909851074e-01,9.999985098838806152e-01,-9.999976754188537598e-01,-9.999973773956298828e-01,-9.999551177024841309e-01,-9.999970793724060059e-01,-9.999971389770507812e-01,9.999982714653015137e-01,-9.999859333038330078e-01,9.999988079071044922e-01,9.999986290931701660e-01,-9.999815821647644043e-01,-9.999976158142089844e-01,-9.999981522560119629e-01,-9.999873042106628418e-01,-9.999986886978149414e-01,9.999980330467224121e-01,9.999986290931701660e-01,-9.999704360961914062e-01,9.999954700469970703e-01,9.999940991401672363e-01,9.999982118606567383e-01,-9.999929070472717285e-01,-9.999970793724060059e-01,9.999958276748657227e-01,9.999874234199523926e-01,-9.999987483024597168e-01,-9.999983310699462891e-01,-9.999910593032836914e-01,9.999985694885253906e-01,-9.999979734420776367e-01,9.999963045120239258e-01,-9.999276399612426758e-01,-9.999983310699462891e-01,-9.999967217445373535e-01,-9.999973773956298828e-01,-9.999886751174926758e-01,-9.999975562095642090e-01,-9.999983906745910645e-01,9.999982118606567383e-01,9.999985098838806152e-01,9.999968409538269043e-01,9.999982714653015137e-01,9.999886751174926758e-01,9.999954104423522949e-01,9.999974966049194336e-01,9.999969005584716797e-01,-9.999374747276306152e-01,-9.999973773956298828e-01,-9.999977946281433105e-01,9.999963045120239258e-01,-9.999985694885253906e-01,-9.999978542327880859e-01,-9.999938011169433594e-01,9.999947547912597656e-01,9.999984502792358398e-01,9.999986290931701660e-01,9.999924898147583008e-01,9.999982118606567383e-01,-9.999985098838806152e-01,9.999984502792358398e-01,-9.999974966049194336e-01,-9.999960064888000488e-01,9.999877810478210449e-01,9.993665218353271484e-01,9.999977350234985352e-01,-9.999896287918090820e-01,-9.999982714653015137e-01,9.999888539314270020e-01,9.999963045120239258e-01,9.999536275863647461e-01,-9.999967813491821289e-01,9.999985694885253906e-01,-9.999921321868896484e-01,9.999979138374328613e-01,9.999792575836181641e-01,-9.999895691871643066e-01,-9.999985098838806152e-01,9.999110698699951172e-01,-9.999964833259582520e-01,9.999976754188537598e-01,-9.999979138374328613e-01,9.999679923057556152e-01,9.999977350234985352e-01,-9.999980926513671875e-01,9.999973177909851074e-01,9.999879002571105957e-01,-9.999985694885253906e-01,9.999984502792358398e-01,-9.999852776527404785e-01,9.999965429306030273e-01,-9.999983310699462891e-01,9.999754428863525391e-01,9.999718070030212402e-01,-9.999980330467224121e-01,-9.999960064888000488e-01,-9.999548792839050293e-01,9.999970793724060059e-01,9.999933242797851562e-01,-9.999982118606567383e-01,9.999973177909851074e-01,-9.999982118606567383e-01,9.999976158142089844e-01,9.999858736991882324e-01,-9.999986886978149414e-01,9.999979138374328613e-01,-9.999983906745910645e-01,9.999984502792358398e-01,9.999920129776000977e-01,9.999976754188537598e-01,9.999985694885253906e-01,-9.999946355819702148e-01,-9.999983310699462891e-01,9.999967813491821289e-01,-9.999224543571472168e-01,9.999941587448120117e-01,-9.999765157699584961e-01,9.999970197677612305e-01
-9.999987483024597168e-01,9.999989271163940430e-01,9.999908208847045898e-01,-9.999988079071044922e-01,-9.999992251396179199e-01,9.999991655349731445e-01,-9.999965429306030273e-01,-9.999994039535522461e-01,9.999981522560119629e-01,-9.999980926513671875e-01,9.999985098838806152e-01,9.999992251396179199e-01,-9.999988079071044922e-01,-9.999986290931701660e-01,-9.999766945838928223e-01,-9.999983906745910645e-01,-9.999984502792358398e-01,9.999990463256835938e-01,-9.999926686286926270e-01,9.999993443489074707e-01,9.999993443489074707e-01,-9.999904632568359375e-01,-9.999987483024597168e-01,-9.999989867210388184e-01,-9.999933242797851562e-01,-9.999993443489074707e-01,9.999991059303283691e-01,9.999992251396179199e-01,-9.999846816062927246e-01,9.999976158142089844e-01,9.999968409538269043e-01,9.999991059303283691e-01,-9.999962449073791504e-01,-9.999984502792358398e-01,9.999977946281433105e-01,9.999935030937194824e-01,-9.999994039535522461e-01,-9.999991655349731445e-01,-9.999952912330627441e-01,9.999992251396179199e-01,-9.999990463256835938e-01,9.999980330467224121e-01,-9.999624490737915039e-01,-9.999992251396179199e-01,-9.999983310699462891e-01,-9.999986290931701660e-01,-9.999940395355224609e-01,-9.999986290931701660e-01,-9.999991655349731445e-01,9.999990463256835938e-01,9.999992251396179199e-01,9.999983906745910645e-01,9.999990463256835938e-01,9.999941587448120117e-01,9.999975562095642090e-01,9.999986290931701660e-01,9.999983906745910645e-01,-9.999674558639526367e-01,-9.999986290931701660e-01,-9.999987483024597168e-01,9.999980926513671875e-01,-9.999992847442626953e-01,-9.999988079071044922e-01,-9.999967217445373535e-01,9.999970793724060059e-01,9.999991655349731445e-01,9.999992847442626953e-01,9.999960064888000488e-01,9.999991059303283691e-01,-9.999992847442626953e-01,9.999992251396179199e-01,-9.999986290931701660e-01,-9.999979138374328613e-01,9.999935626983642578e-01,9.996712207794189453e-01,9.999987483024597168e-01,-9.999946355819702148e-01,-9.999990463256835938e-01,9.999942183494567871e-01,9.999980926513671875e-01,9.999759197235107422e-01,-9.999982714653015137e-01,9.999992847442626953e-01,-9.999958276748657227e-01,9.999988675117492676e-01,9.999891519546508789e-01,-9.999945759773254395e-01,-9.999991655349731445e-01,9.999538660049438477e-01,-9.999982118606567383e-01,9.999987483024597168e-01,-9.999988675117492676e-01,9.999834299087524414e-01,9.999988079071044922e-01,-9.999991059303283691e-01,9.999985098838806152e-01,9.999936223030090332e-01,-9.999992847442626953e-01,9.999992251396179199e-01,-9.999923110008239746e-01,9.999982714653015137e-01,-9.999992251396179199e-01,9.999871850013732910e-01,9.999853968620300293e-01,-9.999991059303283691e-01,-9.999978542327880859e-01,-9.999766349792480469e-01,9.999985098838806152e-01,9.999964833259582520e-01,-9.999991059303283691e-01,9.999985098838806152e-01,-9.999991059303283691e-01,9.999987483024597168e-01,9.999926686286926270e-01,-9.999993443489074707e-01,9.999989867210388184e-01,-9.999991059303283691e-01,9.999992251396179199e-01,9.999958872795104980e-01,9.999988079071044922e-01,9.999992251396179199e-01,-9.999971985816955566e-01,-9.999991655349731445e-01,9.999983310699462891e-01,-9.999597072601318359e-01,9.999969005584716797e-01,-9.999877214431762695e-01,9.999984502792358398e-01
