4.093582034111022949e-01,1.656191051006317139e-02,-2.606296725571155548e-02,-9.266101568937301636e-02,4.082752466201782227e-01,-4.125528931617736816e-01,1.905682263895869255e-03,4.758303761482238770e-01,1.212555915117263794e-01,5.700943619012832642e-02,-2.635468244552612305e-01,-2.734526097774505615e-01,-5.717946961522102356e-02,7.468947023153305054e-02,7.723056524991989136e-02,3.409948647022247314e-01,3.057163208723068237e-03,5.750506743788719177e-02,-4.150628298521041870e-02,-1.748425662517547607e-01,-2.217098027467727661e-01,-1.659384816884994507e-01,-9.550619125366210938e-02,1.257036179304122925e-01,4.592060297727584839e-02,3.433850705623626709e-01,-8.292565494775772095e-02,-4.465114474296569824e-01,1.961397677659988403e-01,-1.407898068428039551e-01,-1.799341142177581787e-01,-1.954644769430160522e-01,-6.922847777605056763e-02,1.743491739034652710e-01,-2.090858668088912964e-02,-1.856520473957061768e-01,1.986206471920013428e-01,1.642898470163345337e-01,-3.720588684082031250e-01,-3.299427628517150879e-01,2.651662230491638184e-01,8.862195909023284912e-02,-2.528341300785541534e-02,4.937702044844627380e-02,-2.504004351794719696e-02,1.694412976503372192e-01,-1.209744960069656372e-01,-4.865844547748565674e-02,1.031077131628990173e-01,-1.039386913180351257e-01,-2.604582011699676514e-01,-2.912857532501220703e-01,2.539255023002624512e-01,-1.812282577157020569e-02,-1.406422816216945648e-02,-2.162875086069107056e-01,2.099281549453735352e-01,8.765406906604766846e-03,1.812377758324146271e-02,1.441150307655334473e-01,-1.001185402274131775e-01,1.581251770257949829e-01,-3.564305603504180908e-03,3.200267553329467773e-01,1.262451410293579102e-01,-6.795975565910339355e-02,-3.109686970710754395e-01,2.637979090213775635e-01,-1.644113808870315552e-01,4.207883775234222412e-01,-3.335699141025543213e-01,2.015261948108673096e-01,-8.668713271617889404e-02,6.496358662843704224e-02,-2.625546455383300781e-01,-2.493656724691390991e-01,4.621335538104176521e-04,1.190974637866020203e-01,8.148559927940368652e-02,-1.593517959117889404e-01,2.034609615802764893e-01,8.061308471951633692e-05,-2.717887461185455322e-01,-3.728187177330255508e-03,-3.851877152919769287e-01,1.219396945089101791e-02,3.656726777553558350e-01,4.056321922689676285e-03,5.889514461159706116e-03,2.154552489519119263e-01,-1.203687563538551331e-01,2.782044708728790283e-01,9.002543054521083832e-03,-7.879929989576339722e-02,-1.762388199567794800e-01,-3.855599164962768555e-01,4.159554839134216309e-02,-9.912734640238340944e-06,-2.328824847936630249e-01,2.381885498762130737e-01,-3.825024068355560303e-01,4.451354146003723145e-01,-1.430038958787918091e-01,-2.555833160877227783e-01,4.156295582652091980e-02,6.968031823635101318e-02,9.460874646902084351e-02,2.426381409168243408e-02,-4.623894095420837402e-01,1.310010068118572235e-02,-9.367420570924878120e-04,9.820061177015304565e-02,-7.123856246471405029e-02,-3.695009276270866394e-02,1.684690266847610474e-01,-1.849944144487380981e-01,3.818368911743164062e-01,-9.486729651689529419e-02,-2.479091733694076538e-01,-5.159089714288711548e-02,-7.187420874834060669e-02,1.221645399928092957e-01,1.145095378160476685e-01,2.591293454170227051e-01,-1.438251733779907227e-01,7.564504444599151611e-02,1.346580684185028076e-02,2.144218385219573975e-01
1.656191051006317139e-02,1.049456652253866196e-02,-8.619628101587295532e-02,6.618310511112213135e-02,5.907117947936058044e-02,-1.823154650628566742e-02,-1.334523223340511322e-02,3.462491557002067566e-02,6.930081546306610107e-02,6.614095717668533325e-02,-2.080763317644596100e-02,-4.180644080042839050e-02,7.418277114629745483e-02,7.065120339393615723e-02,8.096933364868164062e-02,8.783828467130661011e-02,-2.157937036827206612e-03,7.949940115213394165e-02,-8.243171870708465576e-02,-5.824083089828491211e-02,-5.600865557789802551e-02,5.270843580365180969e-02,5.951482430100440979e-02,-2.269715070724487305e-02,1.468613557517528534e-02,7.731722295284271240e-02,-7.616204023361206055e-02,-5.613953620195388794e-02,8.040931820869445801e-02,-3.665479645133018494e-02,1.434445939958095551e-02,-9.303495287895202637e-02,6.168002262711524963e-02,6.580549478530883789e-02,-2.614609431475400925e-03,-9.153404086828231812e-02,6.609762459993362427e-02,8.243282139301300049e-02,-7.608501613140106201e-02,-6.888070702552795410e-02,8.024588972330093384e-02,1.376941520720720291e-02,8.405875414609909058e-02,3.749056160449981689e-02,-1.351512968540191650e-02,-7.184125483036041260e-02,-8.146775513887405396e-02,-2.570380456745624542e-02,-1.085702795535326004e-02,8.051758632063865662e-03,1.797139295376837254e-03,-8.912436664104461670e-03,5.861106142401695251e-02,1.212686393409967422e-02,-1.350223924964666367e-02,-9.412220120429992676e-02,4.175090789794921875e-02,3.445725422352552414e-03,-7.759128510951995850e-02,-5.943087488412857056e-02,-5.787179339677095413e-03,-2.081296779215335846e-02,2.082234481349587440e-03,4.912174493074417114e-02,6.646445952355861664e-03,-3.085498511791229248e-02,3.657814115285873413e-02,9.081757068634033203e-02,-8.274603635072708130e-02,4.478984326124191284e-02,-7.671070843935012817e-02,-3.052544221282005310e-02,-2.563403733074665070e-02,7.859267294406890869e-02,-4.801029711961746216e-02,-9.098678827285766602e-02,-2.664515050128102303e-04,8.852224797010421753e-02,-2.337069064378738403e-02,-7.645364105701446533e-02,8.592532575130462646e-02,5.763656008639372885e-05,-7.488980144262313843e-02,-2.542732981964945793e-04,-8.766590803861618042e-02,-8.034033328294754028e-02,4.494410380721092224e-02,8.431985042989253998e-04,7.147301733493804932e-02,6.103986874222755432e-02,-2.031933516263961792e-02,-3.341453522443771362e-02,-7.418186217546463013e-02,4.512873664498329163e-02,-7.840153574943542480e-02,-7.064589299261569977e-03,6.923501193523406982e-02,1.737998189810241456e-07,-7.071072608232498169e-02,7.260014116764068604e-02,-3.311747685074806213e-02,3.904385492205619812e-02,-8.549013733863830566e-02,-8.107627928256988525e-02,9.466630965471267700e-02,1.147634070366621017e-02,-7.830692827701568604e-02,-8.751878142356872559e-02,-2.570582553744316101e-02,-1.011813059449195862e-03,6.237348541617393494e-02,-6.879047304391860962e-02,-8.010663837194442749e-02,-1.031698752194643021e-02,8.779072016477584839e-02,-7.775216549634933472e-02,5.201354995369911194e-02,3.685014694929122925e-02,-8.794603496789932251e-02,5.587768554687500000e-02,7.743303477764129639e-02,7.293664664030075073e-02,7.337935268878936768e-02,-5.404614657163619995e-02,-4.401853308081626892e-02,-5.656176060438156128e-02,-1.044989190995693207e-02,7.004383206367492676e-02
-2.606296725571155548e-02,-8.619628101587295532e-02,8.019542694091796875e-01,-7.035928964614868164e-01,-4.560509324073791504e-01,3.243384510278701782e-02,1.079209446907043457e-01,-2.147702872753143311e-01,-6.042716503143310547e-01,-6.504542827606201172e-01,1.876076608896255493e-01,3.921090662479400635e-01,-6.361548304557800293e-01,-7.087264060974121094e-01,-7.697833180427551270e-01,-6.940971016883850098e-01,2.040075138211250305e-02,-6.917660236358642578e-01,7.663958072662353516e-01,6.051288843154907227e-01,4.920684099197387695e-01,-6.107009649276733398e-01,-6.509763598442077637e-01,2.516334056854248047e-01,-1.493142843246459961e-01,-5.880193710327148438e-01,7.244892716407775879e-01,3.708959817886352539e-01,-7.189900875091552734e-01,3.200981318950653076e-01,-1.601203531026840210e-01,7.973366975784301758e-01,-5.993110537528991699e-01,-6.841998100280761719e-01,2.391231805086135864e-02,7.607621550559997559e-01,-6.096647381782531738e-01,-7.530608773231506348e-01,5.655878782272338867e-01,6.151089668273925781e-01,-6.712227463722229004e-01,-1.402300298213958740e-01,-7.691469788551330566e-01,-3.796008527278900146e-01,1.032198593020439148e-01,7.215663790702819824e-01,7.688980102539062500e-01,2.287544459104537964e-01,9.546884894371032715e-02,2.399062924087047577e-02,-3.260324150323867798e-02,6.898993253707885742e-02,-5.390225648880004883e-01,-1.178024783730506897e-01,1.093627139925956726e-01,8.034985065460205078e-01,-4.580549299716949463e-01,-3.532939031720161438e-02,7.140437364578247070e-01,6.394045948982238770e-01,3.965262323617935181e-02,1.837405413389205933e-01,-2.272225357592105865e-02,-3.889947533607482910e-01,-2.211795374751091003e-02,3.042837381362915039e-01,-3.369413912296295166e-01,-7.465975880622863770e-01,7.442038655281066895e-01,-3.140862584114074707e-01,6.554520726203918457e-01,3.425644040107727051e-01,2.952901422977447510e-01,-7.590684294700622559e-01,3.694625198841094971e-01,7.527393102645874023e-01,2.354076365008950233e-03,-8.101169466972351074e-01,2.788236141204833984e-01,7.183209061622619629e-01,-7.727406024932861328e-01,-6.453833193518221378e-04,6.779540777206420898e-01,2.463380573317408562e-03,6.817031502723693848e-01,7.797774672508239746e-01,-3.489472568035125732e-01,-7.273151539266109467e-03,-6.673298478126525879e-01,-6.034114956855773926e-01,1.773133426904678345e-01,3.533048927783966064e-01,7.123434543609619141e-01,-5.244948267936706543e-01,7.095126509666442871e-01,-2.998645044863224030e-02,-6.197792887687683105e-01,-3.894973360729636624e-06,6.198849678039550781e-01,-5.890756845474243164e-01,3.244481086730957031e-01,-2.439954727888107300e-01,7.717225551605224609e-01,7.074700593948364258e-01,-8.354781866073608398e-01,-2.064297944307327271e-01,7.186331748962402344e-01,7.706961035728454590e-01,1.022733449935913086e-01,1.415900234133005142e-02,-6.283800601959228516e-01,7.220394611358642578e-01,7.569007277488708496e-01,-8.370283991098403931e-02,-7.859830260276794434e-01,7.035437822341918945e-01,-3.735093176364898682e-01,-4.086319804191589355e-01,7.612686157226562500e-01,-6.038143038749694824e-01,-7.167427539825439453e-01,-6.829713582992553711e-01,-6.923612952232360840e-01,5.471677184104919434e-01,5.293770432472229004e-01,6.199984550476074219e-01,8.338747918605804443e-02,-6.475853323936462402e-01
-9.266101568937301636e-02,6.618310511112213135e-02,-7.035928964614868164e-01,7.560842633247375488e-01,2.417589277029037476e-01,1.067212745547294617e-01,-6.090893223881721497e-02,-1.719710417091846466e-02,5.645256042480468750e-01,5.262550711631774902e-01,-2.560735046863555908e-01,-2.319171726703643799e-01,4.447813928127288818e-01,6.366913914680480957e-01,6.796699762344360352e-01,4.573735892772674561e-01,-1.527807675302028656e-02,5.521320700645446777e-01,-7.033995389938354492e-01,-5.333767533302307129e-01,-5.167601704597473145e-01,6.073396205902099609e-01,5.820639729499816895e-01,-1.831559538841247559e-01,1.311853677034378052e-01,3.261497914791107178e-01,-5.768403410911560059e-01,-8.402079343795776367e-02,4.926692247390747070e-01,-1.292774081230163574e-01,1.073112636804580688e-01,-7.013165354728698730e-01,6.837298870086669922e-01,5.929106473922729492e-01,-1.360493770334869623e-04,-5.447270870208740234e-01,4.240029156208038330e-01,6.316503286361694336e-01,-2.646443843841552734e-01,-5.381954312324523926e-01,6.009183526039123535e-01,2.067547291517257690e-01,6.440180540084838867e-01,2.888036668300628662e-01,-2.462315708398818970e-01,-6.173055768013000488e-01,-7.085787057876586914e-01,-1.830507516860961914e-01,1.717895455658435822e-02,4.886317253112792969e-02,7.392776012420654297e-02,1.703321635723114014e-01,5.392526984214782715e-01,6.732608377933502197e-02,5.581108480691909790e-02,-6.213141679763793945e-01,4.412232041358947754e-01,2.689078450202941895e-02,-6.395245194435119629e-01,-7.302329540252685547e-01,-7.959028333425521851e-02,-9.193592518568038940e-02,2.646364457905292511e-02,2.454492896795272827e-01,6.697247922420501709e-02,-2.527953684329986572e-01,2.795942425727844238e-01,5.360997319221496582e-01,-5.959156751632690430e-01,4.724124819040298462e-02,-4.701100587844848633e-01,-1.397329419851303101e-01,-3.558296561241149902e-01,6.745446324348449707e-01,-3.636352121829986572e-01,-5.983734130859375000e-01,-9.997771121561527252e-04,6.577449440956115723e-01,-4.519476890563964844e-01,-6.115800738334655762e-01,6.991984248161315918e-01,5.419618100859224796e-04,-5.064401030540466309e-01,3.687551943585276604e-03,-5.086805224418640137e-01,-6.900023221969604492e-01,8.733700960874557495e-02,2.474865643307566643e-03,5.256822705268859863e-01,4.763507544994354248e-01,-2.299952059984207153e-01,-5.107801556587219238e-01,-7.160827517509460449e-01,5.912536978721618652e-01,-6.361781954765319824e-01,1.888214647769927979e-01,4.742914438247680664e-01,3.543700813679606654e-06,-4.005482196807861328e-01,4.212521910667419434e-01,-1.544566601514816284e-01,-3.371865302324295044e-02,-7.176931500434875488e-01,-5.257080197334289551e-01,7.759469747543334961e-01,3.978859186172485352e-01,-7.928476929664611816e-01,-6.329974532127380371e-01,1.077220290899276733e-01,-2.723808027803897858e-02,6.484836339950561523e-01,-7.413979768753051758e-01,-7.135729193687438965e-01,2.667734324932098389e-01,6.439737081527709961e-01,-5.961918830871582031e-01,9.038429707288742065e-02,3.383703529834747314e-01,-6.079862117767333984e-01,6.380729675292968750e-01,5.938805341720581055e-01,6.860800981521606445e-01,6.526971459388732910e-01,-5.639257431030273438e-01,-4.881111383438110352e-01,-6.355442404747009277e-01,-5.583192408084869385e-02,4.997750222682952881e-01
4.082752466201782227e-01,5.907117947936058044e-02,-4.560509324073791504e-01,2.417589277029037476e-01,6.856227517127990723e-01,-4.362940192222595215e-01,-7.196985185146331787e-02,6.531336307525634766e-01,3.691526055335998535e-01,3.868989646434783936e-01,-2.820826172828674316e-01,-5.173053145408630371e-01,3.455407023429870605e-01,4.258137047290802002e-01,4.772489964962005615e-01,7.489318847656250000e-01,-8.173886686563491821e-03,4.505740702152252197e-01,-4.299553334712982178e-01,-4.503899812698364258e-01,-3.670804500579833984e-01,1.422135829925537109e-01,2.424658685922622681e-01,-3.775753453373908997e-02,1.147450208663940430e-01,6.990407109260559082e-01,-4.789663851261138916e-01,-6.995725035667419434e-01,6.541552543640136719e-01,-3.479333221912384033e-01,-7.528448104858398438e-02,-5.878893136978149414e-01,1.581405997276306152e-01,5.279269814491271973e-01,-4.418994486331939697e-02,-6.295465826988220215e-01,5.466676354408264160e-01,5.628497004508972168e-01,-7.632934451103210449e-01,-6.082483530044555664e-01,5.722354054450988770e-01,9.716159105300903320e-02,4.068288803100585938e-01,2.619459331035614014e-01,4.232789576053619385e-02,-2.594781816005706787e-01,-5.110788941383361816e-01,-1.773797273635864258e-01,-2.763917855918407440e-02,-1.683597862720489502e-01,-2.496463507413864136e-01,-4.433151185512542725e-01,4.537042677402496338e-01,5.992457643151283264e-02,-1.606315523386001587e-01,-6.749691367149353027e-01,4.145162999629974365e-01,2.928173169493675232e-02,-3.409817218780517578e-01,-1.349644362926483154e-01,-7.398330420255661011e-02,-1.102947536855936050e-02,3.676190041005611420e-03,4.988986551761627197e-01,8.975870162248611450e-02,-2.218217700719833374e-01,-1.004552543163299561e-01,6.920065283775329590e-01,-5.592952370643615723e-01,6.506844162940979004e-01,-7.020266056060791016e-01,-1.159990653395652771e-01,-1.594344824552536011e-01,4.680138230323791504e-01,-3.733080923557281494e-01,-6.459828019142150879e-01,-1.315318164415657520e-03,5.849339365959167480e-01,3.560060635209083557e-02,-5.299670100212097168e-01,5.860880017280578613e-01,4.286940093152225018e-04,-6.443238258361816406e-01,-7.776901591569185257e-03,-7.423169016838073730e-01,-4.146308898925781250e-01,6.133670806884765625e-01,9.697450324892997742e-03,3.617695868015289307e-01,5.389339923858642578e-01,-1.590307205915451050e-01,1.896276772022247314e-01,-3.164237737655639648e-01,1.188145801424980164e-01,-5.213639140129089355e-01,-4.144481718540191650e-01,3.992273807525634766e-01,-6.447309715440496802e-06,-6.040676832199096680e-01,5.675798654556274414e-01,-5.887471437454223633e-01,6.378626823425292969e-01,-5.266768932342529297e-01,-6.559810638427734375e-01,4.648248553276062012e-01,7.409668713808059692e-02,-2.135476320981979370e-01,-4.302444756031036377e-01,-5.628101825714111328e-01,1.514958869665861130e-02,2.586840391159057617e-01,-2.407861649990081787e-01,-4.563572406768798828e-01,-8.492673933506011963e-02,6.122986674308776855e-01,-5.315929055213928223e-01,6.475374102592468262e-01,1.558482795953750610e-01,-6.614100337028503418e-01,2.019520252943038940e-01,3.437224328517913818e-01,4.108278155326843262e-01,4.231807291507720947e-01,-4.137532785534858704e-03,-4.008676707744598389e-01,-1.930907964706420898e-01,-3.547328338027000427e-02,5.569637417793273926e-01
-4.125528931617736816e-01,-1.823154650628566742e-02,3.243384510278701782e-02,1.067212745547294617e-01,-4.362940192222595215e-01,4.611857831478118896e-01,2.303649298846721649e-02,-5.038088560104370117e-01,-1.595813632011413574e-01,-7.231682538986206055e-02,2.369256764650344849e-01,3.181315362453460693e-01,3.751637786626815796e-02,-9.999547898769378662e-02,-9.278152137994766235e-02,-4.010583758354187012e-01,-3.317702328786253929e-03,-7.092803716659545898e-02,4.394331946969032288e-02,1.834183037281036377e-01,2.337486594915390015e-01,1.553552299737930298e-01,9.804020076990127563e-02,-1.146798953413963318e-01,-5.211275070905685425e-02,-4.106633961200714111e-01,1.167703866958618164e-01,4.915825724601745605e-01,-2.313764840364456177e-01,1.437731981277465820e-01,1.905948817729949951e-01,2.350981980562210083e-01,1.017538905143737793e-01,-1.889841109514236450e-01,2.562768198549747467e-02,2.384263873100280762e-01,-2.311914414167404175e-01,-1.893246322870254517e-01,4.322094023227691650e-01,3.323285281658172607e-01,-2.896161675453186035e-01,-6.960663944482803345e-02,1.600314117968082428e-02,-5.709103494882583618e-02,-4.464805126190185547e-03,-1.488079726696014404e-01,1.270785182714462280e-01,4.711012169718742371e-02,-1.003375425934791565e-01,1.456291377544403076e-01,2.900053262710571289e-01,3.215312361717224121e-01,-2.555706799030303955e-01,1.727108657360076904e-02,3.170970082283020020e-02,2.476956844329833984e-01,-2.281024754047393799e-01,-1.044876687228679657e-02,-2.016428858041763306e-02,-1.543822735548019409e-01,9.609743952751159668e-02,-1.612362712621688843e-01,4.539485089480876923e-03,-3.354427516460418701e-01,-1.212176978588104248e-01,7.904069125652313232e-02,3.132645785808563232e-01,-3.030395507812500000e-01,2.042399495840072632e-01,-4.630134403705596924e-01,3.609006106853485107e-01,-1.785058081150054932e-01,9.871650487184524536e-02,-9.909553080797195435e-02,2.480715364217758179e-01,2.615129947662353516e-01,-1.947004348039627075e-04,-1.494580060243606567e-01,-1.167173832654953003e-01,2.012042403221130371e-01,-2.197025567293167114e-01,-1.162233165814541280e-04,3.011996746063232422e-01,4.085717257112264633e-03,4.149781167507171631e-01,1.591111533343791962e-02,-3.938019573688507080e-01,-4.959574434906244278e-03,-4.269941896200180054e-02,-2.445210367441177368e-01,9.131579101085662842e-02,-3.127935826778411865e-01,-4.565834999084472656e-03,7.153842598199844360e-02,1.888709068298339844e-01,4.035065770149230957e-01,-1.849870197474956512e-02,7.899898264440707862e-06,2.727208435535430908e-01,-2.608092129230499268e-01,4.144834578037261963e-01,-4.981123805046081543e-01,1.738842427730560303e-01,2.929647862911224365e-01,-5.426648631691932678e-02,-5.732914898544549942e-03,-1.130211576819419861e-01,3.196471370756626129e-03,5.026431679725646973e-01,-1.341815944761037827e-02,-2.808726578950881958e-02,-1.110099107027053833e-01,8.572664111852645874e-02,4.889668524265289307e-02,-1.827155947685241699e-01,2.031667977571487427e-01,-4.382464587688446045e-01,1.018040850758552551e-01,2.663461863994598389e-01,5.554253235459327698e-02,7.162111252546310425e-02,-1.236807927489280701e-01,-1.241434365510940552e-01,-2.704557776451110840e-01,1.696585714817047119e-01,-7.526703923940658569e-02,-2.113442867994308472e-02,-2.257818728685379028e-01
1.905682263895869255e-03,-1.334523223340511322e-02,1.079209446907043457e-01,-6.090893223881721497e-02,-7.196985185146331787e-02,2.303649298846721649e-02,4.418652877211570740e-02,-4.492209851741790771e-02,-9.013840556144714355e-02,-8.721818774938583374e-02,-3.522662818431854248e-02,6.515336036682128906e-02,-1.336904466152191162e-01,-9.153401106595993042e-02,-1.025720462203025818e-01,-1.373395025730133057e-01,3.418744076043367386e-03,-1.114866435527801514e-01,9.290909022092819214e-02,5.456395447254180908e-02,3.220546245574951172e-02,-7.709487527608871460e-02,-8.032777160406112671e-02,5.569080635905265808e-02,-1.598193496465682983e-02,-1.319725066423416138e-01,1.146223917603492737e-01,9.248068183660507202e-02,-1.265746802091598511e-01,5.961460620164871216e-02,-3.600154817104339600e-02,1.172055676579475403e-01,-3.722036629915237427e-02,-7.337760180234909058e-02,7.098082453012466431e-03,1.492360234260559082e-01,-9.653931856155395508e-02,-1.034851893782615662e-01,1.362707316875457764e-01,4.985994473099708557e-02,-8.212116360664367676e-02,1.838363707065582275e-02,-1.201404333114624023e-01,-5.218408256769180298e-02,-3.252826631069183350e-02,1.253295838832855225e-01,8.676651120185852051e-02,3.073259070515632629e-02,4.707259684801101685e-02,1.428199838846921921e-02,-6.473865825682878494e-03,3.596216067671775818e-02,-3.216449916362762451e-02,-1.990319415926933289e-02,5.046952515840530396e-02,1.296538561582565308e-01,-3.286252543330192566e-02,-4.974043462425470352e-03,9.539535641670227051e-02,5.419871583580970764e-02,-1.884353905916213989e-02,5.792450904846191406e-02,-1.142521039582788944e-03,-4.851222410798072815e-02,1.812225766479969025e-02,3.853914141654968262e-02,-8.360882848501205444e-02,-1.292435079813003540e-01,1.170990169048309326e-01,-7.306759804487228394e-02,9.406858682632446289e-02,1.045431122183799744e-01,9.016132913529872894e-03,-1.092086657881736755e-01,1.656049303710460663e-02,1.060751751065254211e-01,7.264747400768101215e-04,-1.264854818582534790e-01,-1.507506985217332840e-02,1.016938090324401855e-01,-9.176900237798690796e-02,-8.240646275226026773e-05,9.523453563451766968e-02,8.659125305712223053e-04,1.008365526795387268e-01,1.154320910573005676e-01,-6.766626983880996704e-02,-1.793310628272593021e-03,-1.200888976454734802e-01,-7.620216161012649536e-02,-1.684460602700710297e-02,1.368925627321004868e-02,7.817059755325317383e-02,-4.304814338684082031e-02,8.164066821336746216e-02,1.557548879645764828e-03,-8.805549889802932739e-02,-2.439225909256492741e-06,1.100722998380661011e-01,-9.374531358480453491e-02,3.852869197726249695e-02,-7.403032481670379639e-02,9.960370510816574097e-02,1.128370538353919983e-01,-1.118087321519851685e-01,6.598630547523498535e-02,6.890083849430084229e-02,1.416510343551635742e-01,3.776261582970619202e-02,-4.113212344236671925e-04,-7.741494476795196533e-02,6.861064583063125610e-02,9.664577990770339966e-02,5.724573507905006409e-02,-1.106524989008903503e-01,9.124273061752319336e-02,-9.443076699972152710e-02,-6.046109646558761597e-02,1.070637106895446777e-01,-5.304946005344390869e-02,-1.130991578102111816e-01,-6.194585561752319336e-02,-7.310328632593154907e-02,7.571475207805633545e-02,4.610101878643035889e-02,6.069681048393249512e-02,1.366161089390516281e-02,-8.299441635608673096e-02
4.758303761482238770e-01,3.462491557002067566e-02,-2.147702872753143311e-01,-1.719710417091846466e-02,6.531336307525634766e-01,-5.038088560104370117e-01,-4.492209851741790771e-02,7.502040266990661621e-01,1.393809616565704346e-01,1.960370987653732300e-01,-2.193554192781448364e-01,-4.919515252113342285e-01,1.817910969257354736e-01,2.125514298677444458e-01,2.518170177936553955e-01,6.185189485549926758e-01,-1.936773885972797871e-03,2.688589990139007568e-01,-1.773158758878707886e-01,-2.783526778221130371e-01,-1.662560850381851196e-01,-7.706375420093536377e-02,3.561437502503395081e-02,3.133890405297279358e-02,7.322216778993606567e-02,6.045204997062683105e-01,-2.813895046710968018e-01,-7.215914130210876465e-01,5.263106226921081543e-01,-3.158677220344543457e-01,-1.377291381359100342e-01,-3.370652496814727783e-01,-1.155591979622840881e-01,3.563052415847778320e-01,-5.154236033558845520e-02,-4.482064843177795410e-01,4.302553236484527588e-01,3.583438396453857422e-01,-7.232396006584167480e-01,-4.616993963718414307e-01,3.702664971351623535e-01,2.374024875462055206e-02,1.805495917797088623e-01,1.778498142957687378e-01,1.805047243833541870e-01,-3.307599574327468872e-02,-2.836316227912902832e-01,-1.304800808429718018e-01,-4.888359457254409790e-02,-2.394363284111022949e-01,-3.140172958374023438e-01,-5.879756212234497070e-01,2.735787630081176758e-01,3.550485894083976746e-02,-2.074506133794784546e-01,-4.839205145835876465e-01,3.018366098403930664e-01,2.282603085041046143e-02,-9.490560740232467651e-02,1.419138312339782715e-01,-4.521015658974647522e-02,1.584463194012641907e-02,-7.471230812370777130e-03,4.172252416610717773e-01,6.171515211462974548e-02,-1.424513459205627441e-01,-2.531017363071441650e-01,5.275315046310424805e-01,-3.646362721920013428e-01,6.912777423858642578e-01,-5.854244232177734375e-01,-8.792962133884429932e-02,-2.186008170247077942e-02,2.432920932769775391e-01,-2.402896285057067871e-01,-4.547767639160156250e-01,-9.570978581905364990e-04,3.783950507640838623e-01,2.081276476383209229e-01,-3.215836584568023682e-01,3.558729290962219238e-01,2.701569756027311087e-04,-5.071012973785400391e-01,-1.045854762196540833e-02,-5.930293202400207520e-01,-1.740961223840713501e-01,6.424092054367065430e-01,9.945770725607872009e-03,1.496293097734451294e-01,4.156752824783325195e-01,-8.750322461128234863e-02,4.489830434322357178e-01,-4.957669600844383240e-02,-1.150642707943916321e-01,-3.094960153102874756e-01,-5.438312888145446777e-01,2.504087984561920166e-01,-9.379973562317900360e-06,-5.013639926910400391e-01,4.420367181301116943e-01,-6.128805279731750488e-01,7.053151130676269531e-01,-2.834190130233764648e-01,-5.054225325584411621e-01,1.742604374885559082e-01,-3.351267427206039429e-02,1.105282530188560486e-01,-2.049275487661361694e-01,-6.641793847084045410e-01,3.104294836521148682e-02,1.168837072327733040e-03,3.437640517950057983e-02,-2.183825820684432983e-01,-1.766823977231979370e-01,4.221840798854827881e-01,-3.283242881298065186e-01,6.684148907661437988e-01,5.685582756996154785e-02,-4.810281991958618164e-01,-4.137768968939781189e-02,1.332431286573410034e-01,1.653298139572143555e-01,1.892560720443725586e-01,2.436110824346542358e-01,-2.639915645122528076e-01,5.430752038955688477e-02,-1.157912611961364746e-02,4.157592058181762695e-01
1.212555915117263794e-01,6.930081546306610107e-02,-6.042716503143310547e-01,5.645256042480468750e-01,3.691526055335998535e-01,-1.595813632011413574e-01,-9.013840556144714355e-02,1.393809616565704346e-01,6.430684328079223633e-01,4.960647821426391602e-01,-2.896596789360046387e-01,-3.313857316970825195e-01,3.683520555496215820e-01,6.036179065704345703e-01,6.231999993324279785e-01,5.776566863059997559e-01,-1.160026807337999344e-02,4.730751812458038330e-01,-6.203721761703491211e-01,-5.459772944450378418e-01,-6.114701628684997559e-01,4.339994490146636963e-01,4.255760014057159424e-01,-1.045058965682983398e-01,1.387977600097656250e-01,4.958552718162536621e-01,-5.729463100433349609e-01,-2.772755324840545654e-01,4.831695258617401123e-01,-1.772670447826385498e-01,7.087184116244316101e-03,-7.602287530899047852e-01,5.454106926918029785e-01,5.670642256736755371e-01,-8.093012496829032898e-03,-6.041429638862609863e-01,4.605669677257537842e-01,6.207153797149658203e-01,-3.828013241291046143e-01,-5.810797810554504395e-01,6.617022156715393066e-01,2.077541649341583252e-01,5.344440340995788574e-01,2.540146410465240479e-01,-2.534110844135284424e-01,-4.731458723545074463e-01,-6.350554227828979492e-01,-1.490999460220336914e-01,1.013012900948524475e-01,-1.164402440190315247e-02,-7.606244087219238281e-02,6.349039077758789062e-02,5.860274434089660645e-01,3.838868066668510437e-02,6.107730045914649963e-02,-6.316468119621276855e-01,4.536930620670318604e-01,2.514286525547504425e-02,-5.453678369522094727e-01,-5.530161261558532715e-01,-1.240693479776382446e-01,4.536668583750724792e-02,2.176571451127529144e-02,4.002152681350708008e-01,1.275475919246673584e-01,-2.501230835914611816e-01,1.227997913956642151e-01,5.946356654167175293e-01,-6.235556602478027344e-01,2.299800515174865723e-01,-5.293897986412048340e-01,-1.128379628062248230e-02,-3.874400854110717773e-01,6.282586455345153809e-01,-4.382219910621643066e-01,-6.200819015502929688e-01,-8.810198050923645496e-04,6.189056634902954102e-01,-3.071365952491760254e-01,-6.360971331596374512e-01,6.942418217658996582e-01,4.975831252522766590e-04,-5.481794476509094238e-01,2.579989377409219742e-03,-6.096693277359008789e-01,-6.048078536987304688e-01,2.239824235439300537e-01,3.940238617360591888e-03,5.333325266838073730e-01,4.966490864753723145e-01,-2.063822895288467407e-01,-3.407747447490692139e-01,-6.261871457099914551e-01,5.034209489822387695e-01,-6.211935281753540039e-01,-7.355366833508014679e-04,3.575195670127868652e-01,1.661243686612579040e-06,-4.625265598297119141e-01,4.611783921718597412e-01,-2.725076675415039062e-01,1.945960968732833862e-01,-7.049806714057922363e-01,-5.707436800003051758e-01,7.226055860519409180e-01,2.548010647296905518e-01,-6.779001951217651367e-01,-5.521199703216552734e-01,-1.243398413062095642e-01,-2.361643873155117035e-02,6.431974768638610840e-01,-5.895486474037170410e-01,-6.388119459152221680e-01,1.981482654809951782e-01,5.883267521858215332e-01,-6.200347542762756348e-01,2.672096192836761475e-01,1.881442964076995850e-01,-6.151919960975646973e-01,5.208223462104797363e-01,4.535949826240539551e-01,6.584644317626953125e-01,6.323850154876708984e-01,-3.748531043529510498e-01,-4.805424809455871582e-01,-5.286836624145507812e-01,-3.119310736656188965e-02,5.113015174865722656e-01
5.700943619012832642e-02,6.614095717668533325e-02,-6.504542827606201172e-01,5.262550711631774902e-01,3.868989646434783936e-01,-7.231682538986206055e-02,-8.721818774938583374e-02,1.960370987653732300e-01,4.960647821426391602e-01,5.149615406990051270e-01,-1.244920790195465088e-01,-3.153468072414398193e-01,5.254154205322265625e-01,5.701684951782226562e-01,6.273969411849975586e-01,6.348283886909484863e-01,-1.584550179541110992e-02,5.346636772155761719e-01,-6.294060349464416504e-01,-4.902569949626922607e-01,-4.125977158546447754e-01,4.334283471107482910e-01,4.808374345302581787e-01,-1.947234123945236206e-01,1.160265505313873291e-01,5.550074577331542969e-01,-6.145305633544921875e-01,-3.542081713676452637e-01,6.287961006164550781e-01,-2.806631922721862793e-01,1.272770762443542480e-01,-7.189086675643920898e-01,4.511431455612182617e-01,5.633355379104614258e-01,-2.017995715141296387e-02,-6.867676377296447754e-01,4.881337881088256836e-01,6.239782571792602539e-01,-5.326736569404602051e-01,-5.050018429756164551e-01,5.555386543273925781e-01,9.615914523601531982e-02,6.200632452964782715e-01,2.867741286754608154e-01,-7.735192775726318359e-02,-5.921843647956848145e-01,-6.152750253677368164e-01,-1.574539691209793091e-01,-5.547026544809341431e-02,-3.406045958399772644e-02,5.353127140551805496e-03,-8.619794994592666626e-02,4.351241886615753174e-01,9.120155125856399536e-02,-9.695905447006225586e-02,-7.137137651443481445e-01,3.327481150627136230e-01,2.614348940551280975e-02,-5.664516091346740723e-01,-4.754834771156311035e-01,-3.549055382609367371e-02,-1.147144138813018799e-01,1.655356399714946747e-02,3.457829356193542480e-01,1.893771067261695862e-02,-2.327306121587753296e-01,2.563015222549438477e-01,6.596746444702148438e-01,-6.304767727851867676e-01,2.997339069843292236e-01,-5.598339438438415527e-01,-2.873576879501342773e-01,-2.286813259124755859e-01,6.191739439964294434e-01,-2.900776565074920654e-01,-6.439921855926513672e-01,-1.885297009721398354e-03,6.971952915191650391e-01,-1.608862727880477905e-01,-6.004779338836669922e-01,6.618985533714294434e-01,4.852410638704895973e-04,-5.680189132690429688e-01,-2.726138802245259285e-03,-6.025488972663879395e-01,-6.350373625755310059e-01,3.145830035209655762e-01,6.001674104481935501e-03,5.681016445159912109e-01,4.694139063358306885e-01,-1.115837842226028442e-01,-2.546480596065521240e-01,-5.615161657333374023e-01,3.899376690387725830e-01,-5.768110156059265137e-01,-1.132040657103061676e-02,4.657066464424133301e-01,2.894940053010941483e-06,-5.138202905654907227e-01,4.717230200767517090e-01,-2.798534035682678223e-01,2.619578242301940918e-01,-6.440169215202331543e-01,-6.040657162666320801e-01,7.326384186744689941e-01,8.911621570587158203e-02,-6.003531217575073242e-01,-6.439901590347290039e-01,-1.170233935117721558e-01,-1.068664807826280594e-02,5.148821473121643066e-01,-5.744408369064331055e-01,-5.973123311996459961e-01,5.331240966916084290e-02,6.485263705253601074e-01,-5.840798616409301758e-01,3.457780778408050537e-01,2.845125794410705566e-01,-6.471323370933532715e-01,4.401919841766357422e-01,5.706592798233032227e-01,5.459250211715698242e-01,5.547399520874023438e-01,-4.013028144836425781e-01,-4.121727645397186279e-01,-4.685990810394287109e-01,-6.207057833671569824e-02,5.185497403144836426e-01
-2.635468244552612305e-01,-2.080763317644596100e-02,1.876076608896255493e-01,-2.560735046863555908e-01,-2.820826172828674316e-01,2.369256764650344849e-01,-3.522662818431854248e-02,-2.193554192781448364e-01,-2.896596789360046387e-01,-1.244920790195465088e-01,4.608043432235717773e-01,2.005104571580886841e-01,1.171567738056182861e-01,-2.350709289312362671e-01,-2.370368540287017822e-01,-2.372238487005233765e-01,-3.085864940658211708e-03,-1.052033826708793640e-01,2.464740723371505737e-01,3.132294416427612305e-01,4.657164812088012695e-01,-5.158210173249244690e-02,-4.903174191713333130e-02,-1.422140747308731079e-01,-7.856805622577667236e-02,-1.633374094963073730e-01,1.366081833839416504e-01,1.562374681234359741e-01,-1.229119896888732910e-01,-6.288922391831874847e-03,2.090609371662139893e-01,3.611023128032684326e-01,-2.933084666728973389e-01,-3.093629777431488037e-01,-4.139977972954511642e-03,1.326364576816558838e-01,-1.649781614542007446e-01,-2.751534879207611084e-01,1.075628176331520081e-01,4.658128619194030762e-01,-4.303826093673706055e-01,-2.485399246215820312e-01,-7.182785868644714355e-02,-6.303073465824127197e-02,2.857163846492767334e-01,-7.047200202941894531e-02,3.335651457309722900e-01,7.014864683151245117e-02,-2.407662421464920044e-01,7.440424058586359024e-03,2.052815258502960205e-01,-2.202167548239231110e-02,-4.794289767742156982e-01,4.887409880757331848e-02,-1.859241127967834473e-01,2.429493665695190430e-01,-3.687376976013183594e-01,-1.031114626675844193e-02,1.405501365661621094e-01,2.360740303993225098e-01,1.830057352781295776e-01,-2.397180497646331787e-01,-1.054146047681570053e-02,-2.791916429996490479e-01,-2.075918465852737427e-01,1.112433001399040222e-01,2.898180484771728516e-01,-2.307198792695999146e-01,2.202878445386886597e-01,-1.567613780498504639e-01,3.153228461742401123e-01,-4.043413400650024414e-01,2.912928462028503418e-01,-2.235207557678222656e-01,4.104120731353759766e-01,3.109500110149383545e-01,-1.660488895140588284e-03,-1.946892589330673218e-01,2.713820338249206543e-01,2.816348969936370850e-01,-4.025741815567016602e-01,-1.817636366467922926e-04,2.802227735519409180e-01,-3.866697661578655243e-03,3.935749828815460205e-01,1.456993669271469116e-01,-1.263002604246139526e-01,3.348849713802337646e-05,-3.990242630243301392e-02,-2.676085531711578369e-01,2.782300412654876709e-01,8.908626437187194824e-02,2.711286842823028564e-01,-2.158180028200149536e-01,3.439216017723083496e-01,1.655655205249786377e-01,-6.482303887605667114e-02,9.760823559190612286e-06,1.485740542411804199e-01,-2.224449366331100464e-01,2.713236212730407715e-01,-1.285521239042282104e-01,3.658835291862487793e-01,2.560869753360748291e-01,-2.765133678913116455e-01,-4.561059474945068359e-01,3.107463419437408447e-01,4.464726150035858154e-02,2.061743885278701782e-01,1.102077215909957886e-02,-2.660240828990936279e-01,2.127744257450103760e-01,3.012117743492126465e-01,-2.718521952629089355e-01,-2.580564022064208984e-01,3.044193387031555176e-01,-1.021242216229438782e-01,4.717491939663887024e-02,3.117733001708984375e-01,-2.272248119115829468e-01,-7.966859266161918640e-03,-3.991924226284027100e-01,-3.259391486644744873e-01,-3.756291419267654419e-02,2.983443439006805420e-01,1.852855980396270752e-01,-2.294344827532768250e-02,-2.510976791381835938e-01
-2.734526097774505615e-01,-4.180644080042839050e-02,3.921090662479400635e-01,-2.319171726703643799e-01,-5.173053145408630371e-01,3.181315362453460693e-01,6.515336036682128906e-02,-4.919515252113342285e-01,-3.313857316970825195e-01,-3.153468072414398193e-01,2.005104571580886841e-01,4.288598001003265381e-01,-2.567954361438751221e-01,-4.092777967453002930e-01,-4.333504140377044678e-01,-6.519511342048645020e-01,5.173227749764919281e-03,-3.247250914573669434e-01,3.614101409912109375e-01,4.074739515781402588e-01,3.398253023624420166e-01,-1.574428379535675049e-01,-2.099363803863525391e-01,3.990773111581802368e-02,-9.928329288959503174e-02,-5.843726992607116699e-01,4.460171759128570557e-01,5.397654771804809570e-01,-5.673860311508178711e-01,2.489388734102249146e-01,6.851168721914291382e-02,5.666970014572143555e-01,-1.257698386907577515e-01,-4.931336641311645508e-01,3.560646623373031616e-02,5.590254068374633789e-01,-4.338867664337158203e-01,-4.837419688701629639e-01,6.378218531608581543e-01,5.173794627189636230e-01,-4.744908809661865234e-01,-8.101822435855865479e-02,-3.347062170505523682e-01,-2.082868814468383789e-01,-4.379760473966598511e-02,2.621893286705017090e-01,4.424727559089660645e-01,1.144743487238883972e-01,-6.765658035874366760e-03,2.128102779388427734e-01,2.217814624309539795e-01,3.450282812118530273e-01,-3.855500519275665283e-01,-3.727957978844642639e-02,1.069515720009803772e-01,6.002141237258911133e-01,-3.619745075702667236e-01,-2.395687811076641083e-02,2.612533569335937500e-01,1.459845155477523804e-01,6.122452020645141602e-02,-4.169065505266189575e-02,-4.235801286995410919e-03,-3.663760423660278320e-01,-5.644590780138969421e-02,1.813923865556716919e-01,1.047265976667404175e-01,-5.878695845603942871e-01,4.977393150329589844e-01,-5.029161572456359863e-01,5.785838365554809570e-01,1.239331513643264771e-01,1.781619042158126831e-01,-4.323850274085998535e-01,2.472647875547409058e-01,5.225707292556762695e-01,1.004641293548047543e-03,-5.367024540901184082e-01,-2.375871315598487854e-02,4.810246825218200684e-01,-5.244516134262084961e-01,-3.965530195273458958e-04,5.510852336883544922e-01,5.668302532285451889e-03,6.074009537696838379e-01,3.877524435520172119e-01,-4.661765396595001221e-01,-7.426823955029249191e-03,-3.255324065685272217e-01,-4.501810073852539062e-01,9.113489836454391479e-02,-1.487579196691513062e-01,2.832699716091156006e-01,-1.599326878786087036e-01,4.244256019592285156e-01,2.901860177516937256e-01,-2.535241544246673584e-01,3.009791953445528634e-06,4.964840710163116455e-01,-4.045865237712860107e-01,4.942141771316528320e-01,-5.099284052848815918e-01,4.823563396930694580e-01,5.553783178329467773e-01,-4.243251383304595947e-01,-6.539579480886459351e-02,2.041346132755279541e-01,3.601838350296020508e-01,4.115496277809143066e-01,-7.539225276559591293e-03,-2.954857349395751953e-01,2.460303008556365967e-01,3.991844654083251953e-01,-3.242367506027221680e-02,-5.160214900970458984e-01,4.513464272022247314e-01,-5.150476098060607910e-01,-1.136254146695137024e-01,5.564367175102233887e-01,-1.865664273500442505e-01,-2.617303729057312012e-01,-3.639244735240936279e-01,-3.751063346862792969e-01,3.600846743211150169e-03,4.000929594039916992e-01,1.999997645616531372e-01,6.244087126106023788e-03,-4.450396299362182617e-01
