9.999981522560119629e-01,-9.999983906745910645e-01,-9.999937415122985840e-01,9.999965429306030273e-01,9.999987483024597168e-01,-9.999986886978149414e-01,9.999938011169433594e-01,9.999989867210388184e-01,-9.999899268150329590e-01,9.999985098838806152e-01,-9.999986886978149414e-01,-9.999988079071044922e-01,9.999977350234985352e-01,9.999983310699462891e-01,9.999958276748657227e-01,9.999911785125732422e-01,9.999974370002746582e-01,-9.999973773956298828e-01,9.999911785125732422e-01,-9.999990463256835938e-01,-9.999988079071044922e-01,9.999940991401672363e-01,9.999985694885253906e-01,9.999964237213134766e-01,9.999898076057434082e-01,9.999988079071044922e-01,-9.999980330467224121e-01,-9.999987483024597168e-01,9.999918937683105469e-01,-9.999967813491821289e-01,-9.999890923500061035e-01,-9.999978542327880859e-01,9.999796152114868164e-01,9.999936819076538086e-01,-9.999977946281433105e-01,9.999513626098632812e-01,9.999989867210388184e-01,9.999985098838806152e-01,9.999749064445495605e-01,-9.999988675117492676e-01,9.999985694885253906e-01,9.999923110008239746e-01,9.999780654907226562e-01,9.999989271163940430e-01,9.999980926513671875e-01,9.999976754188537598e-01,-9.999930858612060547e-01,9.999987483024597168e-01,9.999985694885253906e-01,-9.999983906745910645e-01,-9.999988079071044922e-01,-9.999986290931701660e-01,-9.999985694885253906e-01,-9.999927282333374023e-01,-9.999985694885253906e-01,-9.999978542327880859e-01,9.999840855598449707e-01,9.999953508377075195e-01,9.999929666519165039e-01,9.999980926513671875e-01,-9.999982118606567383e-01,9.999988675117492676e-01,9.999983310699462891e-01,9.999955296516418457e-01,-9.999918937683105469e-01,-9.999988079071044922e-01,-9.999990463256835938e-01,-9.999948740005493164e-01,-9.999989271163940430e-01,9.999980330467224121e-01,-9.999987483024597168e-01,9.999933242797851562e-01,-9.999958872795104980e-01,-9.999934434890747070e-01,-9.999858736991882324e-01,-9.999985098838806152e-01,9.999896287918090820e-01,9.999987483024597168e-01,-9.999912381172180176e-01,-9.999947547912597656e-01,9.999930858612060547e-01,9.999974370002746582e-01,-9.999987483024597168e-01,9.999979734420776367e-01,-9.999983310699462891e-01,-9.999780058860778809e-01,-9.999685287475585938e-01,9.999989271163940430e-01,9.999926686286926270e-01,9.999927878379821777e-01,-9.999913573265075684e-01,9.999982714653015137e-01,-9.999859929084777832e-01,-9.999969005584716797e-01,9.999966025352478027e-01,-9.999979734420776367e-01,-9.999854564666748047e-01,9.999989867210388184e-01,-9.999986886978149414e-01,9.999971985816955566e-01,-9.999968409538269043e-01,9.999989271163940430e-01,9.999582767486572266e-01,9.999582171440124512e-01,9.999986886978149414e-01,9.999942779541015625e-01,-9.999786615371704102e-01,-9.999983310699462891e-01,-9.999939799308776855e-01,9.999985098838806152e-01,-9.999984502792358398e-01,9.999969005584716797e-01,-9.999979734420776367e-01,-9.999036788940429688e-01,9.999989271163940430e-01,-9.999960660934448242e-01,9.999989867210388184e-01,-9.999976754188537598e-01,-9.999951720237731934e-01,-9.999952316284179688e-01,-9.999981522560119629e-01,9.999966621398925781e-01,9.999970197677612305e-01,-9.999963641166687012e-01,-9.999908208847045898e-01,-9.999937415122985840e-01,-9.998462200164794922e-01,-9.999870061874389648e-01
-9.999983906745910645e-01,9.999986290931701660e-01,9.999946355819702148e-01,-9.999970197677612305e-01,-9.999988675117492676e-01,9.999987483024597168e-01,-9.999946355819702148e-01,-9.999990463256835938e-01,9.999911785125732422e-01,-9.999987483024597168e-01,9.999988675117492676e-01,9.999990463256835938e-01,-9.999979734420776367e-01,-9.999984502792358398e-01,-9.999962449073791504e-01,-9.999923110008239746e-01,-9.999977350234985352e-01,9.999977350234985352e-01,-9.999923706054687500e-01,9.999991655349731445e-01,9.999989271163940430e-01,-9.999948143959045410e-01,-9.999986290931701660e-01,-9.999967813491821289e-01,-9.999911189079284668e-01,-9.999989271163940430e-01,9.999982714653015137e-01,9.999988675117492676e-01,-9.999929070472717285e-01,9.999971389770507812e-01,9.999905824661254883e-01,9.999980926513671875e-01,-9.999822974205017090e-01,-9.999944567680358887e-01,9.999979734420776367e-01,-9.999578595161437988e-01,-9.999990463256835938e-01,-9.999986290931701660e-01,-9.999783039093017578e-01,9.999989271163940430e-01,-9.999986886978149414e-01,-9.999933242797851562e-01,-9.999809861183166504e-01,-9.999992251396179199e-01,-9.999982714653015137e-01,-9.999979734420776367e-01,9.999939799308776855e-01,-9.999988079071044922e-01,-9.999986886978149414e-01,9.999985098838806152e-01,9.999989271163940430e-01,9.999986886978149414e-01,9.999988079071044922e-01,9.999936223030090332e-01,9.999987483024597168e-01,9.999981522560119629e-01,-9.999861717224121094e-01,-9.999958872795104980e-01,-9.999938011169433594e-01,-9.999983906745910645e-01,9.999983310699462891e-01,-9.999989867210388184e-01,-9.999984502792358398e-01,-9.999960064888000488e-01,9.999929070472717285e-01,9.999989271163940430e-01,9.999991655349731445e-01,9.999954104423522949e-01,9.999989867210388184e-01,-9.999982118606567383e-01,9.999989271163940430e-01,-9.999942183494567871e-01,9.999962449073791504e-01,9.999942779541015625e-01,9.999877810478210449e-01,9.999986290931701660e-01,-9.999909996986389160e-01,-9.999988675117492676e-01,9.999924302101135254e-01,9.999954104423522949e-01,-9.999939203262329102e-01,-9.999977946281433105e-01,9.999988079071044922e-01,-9.999982714653015137e-01,9.999984502792358398e-01,9.999809265136718750e-01,9.999727606773376465e-01,-9.999990463256835938e-01,-9.999935626983642578e-01,-9.999936819076538086e-01,9.999924898147583008e-01,-9.999985098838806152e-01,9.999877214431762695e-01,9.999973177909851074e-01,-9.999970793724060059e-01,9.999981522560119629e-01,9.999874234199523926e-01,-9.999991059303283691e-01,9.999988675117492676e-01,-9.999975562095642090e-01,9.999971389770507812e-01,-9.999990463256835938e-01,-9.999638199806213379e-01,-9.999638795852661133e-01,-9.999988079071044922e-01,-9.999950528144836426e-01,9.999815225601196289e-01,9.999985098838806152e-01,9.999946951866149902e-01,-9.999986290931701660e-01,9.999986886978149414e-01,-9.999972581863403320e-01,9.999982118606567383e-01,9.999166727066040039e-01,-9.999990463256835938e-01,9.999966025352478027e-01,-9.999989867210388184e-01,9.999979138374328613e-01,9.999957680702209473e-01,9.999958872795104980e-01,9.999984502792358398e-01,-9.999970793724060059e-01,-9.999973177909851074e-01,9.999968409538269043e-01,9.999919533729553223e-01,9.999946355819702148e-01,9.998669624328613281e-01,9.999887347221374512e-01
-9.999937415122985840e-01,9.999946355819702148e-01,9.999783039093017578e-01,-9.999882578849792480e-01,-9.999957680702209473e-01,9.999954700469970703e-01,-9.999787807464599609e-01,-9.999964237213134766e-01,9.999650120735168457e-01,-9.999947547912597656e-01,9.999956488609313965e-01,9.999960064888000488e-01,-9.999920129776000977e-01,-9.999940991401672363e-01,-9.999853372573852539e-01,-9.999696016311645508e-01,-9.999912381172180176e-01,9.999909996986389160e-01,-9.999697208404541016e-01,9.999966025352478027e-01,9.999960660934448242e-01,-9.999793767929077148e-01,-9.999949336051940918e-01,-9.999877810478210449e-01,-9.999646544456481934e-01,-9.999959468841552734e-01,9.999933838844299316e-01,9.999956488609313965e-01,-9.999721050262451172e-01,9.999889135360717773e-01,9.999624490737915039e-01,9.999926090240478516e-01,-9.999297261238098145e-01,-9.999783635139465332e-01,9.999924898147583008e-01,-9.998325705528259277e-01,-9.999960660934448242e-01,-9.999945759773254395e-01,-9.999136328697204590e-01,9.999959468841552734e-01,-9.999949932098388672e-01,-9.999735355377197266e-01,-9.999242424964904785e-01,-9.999962449073791504e-01,-9.999933242797851562e-01,-9.999920725822448730e-01,9.999762773513793945e-01,-9.999954700469970703e-01,-9.999948740005493164e-01,9.999945759773254395e-01,9.999957680702209473e-01,9.999952316284179688e-01,9.999952316284179688e-01,9.999746680259704590e-01,9.999950528144836426e-01,9.999927282333374023e-01,-9.999450445175170898e-01,-9.999839663505554199e-01,-9.999755024909973145e-01,-9.999936819076538086e-01,9.999939203262329102e-01,-9.999959468841552734e-01,-9.999939799308776855e-01,-9.999845027923583984e-01,9.999719262123107910e-01,9.999959468841552734e-01,9.999966025352478027e-01,9.999819397926330566e-01,9.999962449073791504e-01,-9.999931454658508301e-01,9.999958276748657227e-01,-9.999769926071166992e-01,9.999855756759643555e-01,9.999774694442749023e-01,9.999514222145080566e-01,9.999946355819702148e-01,-9.999641180038452148e-01,-9.999955296516418457e-01,9.999697804450988770e-01,9.999817609786987305e-01,-9.999758005142211914e-01,-9.999911189079284668e-01,9.999957680702209473e-01,-9.999932050704956055e-01,9.999940395355224609e-01,9.999240636825561523e-01,9.998915195465087891e-01,-9.999961853027343750e-01,-9.999744296073913574e-01,-9.999747872352600098e-01,9.999701380729675293e-01,-9.999940395355224609e-01,9.999515414237976074e-01,9.999896287918090820e-01,-9.999884963035583496e-01,9.999929070472717285e-01,9.999499917030334473e-01,-9.999963045120239258e-01,9.999956488609313965e-01,-9.999904036521911621e-01,9.999892711639404297e-01,-9.999960064888000488e-01,-9.998564720153808594e-01,-9.998566508293151855e-01,-9.999952912330627441e-01,-9.999803900718688965e-01,9.999265074729919434e-01,9.999945163726806641e-01,9.999793767929077148e-01,-9.999947547912597656e-01,9.999948143959045410e-01,-9.999895691871643066e-01,9.999930858612060547e-01,9.996687173843383789e-01,-9.999964237213134766e-01,9.999868273735046387e-01,-9.999962449073791504e-01,9.999920725822448730e-01,9.999834895133972168e-01,9.999834299087524414e-01,9.999935626983642578e-01,-9.999886751174926758e-01,-9.999898076057434082e-01,9.999876022338867188e-01,9.999684095382690430e-01,9.999786615371704102e-01,9.994710683822631836e-01,9.999552965164184570e-01
9.999965429306030273e-01,-9.999970197677612305e-01,-9.999882578849792480e-01,9.999935626983642578e-01,9.999976158142089844e-01,-9.999974370002746582e-01,9.999884963035583496e-01,9.999980926513671875e-01,-9.999811053276062012e-01,9.999970793724060059e-01,-9.999975562095642090e-01,-9.999978542327880859e-01,9.999956488609313965e-01,9.999966025352478027e-01,9.999920725822448730e-01,9.999836087226867676e-01,9.999951720237731934e-01,-9.999951720237731934e-01,9.999836087226867676e-01,-9.999981522560119629e-01,-9.999977946281433105e-01,9.999888539314270020e-01,9.999971985816955566e-01,9.999933242797851562e-01,9.999809861183166504e-01,9.999977350234985352e-01,-9.999963045120239258e-01,-9.999976158142089844e-01,9.999849200248718262e-01,-9.999938607215881348e-01,-9.999796152114868164e-01,-9.999959468841552734e-01,9.999619722366333008e-01,9.999883174896240234e-01,-9.999958872795104980e-01,9.999095201492309570e-01,9.999979734420776367e-01,9.999969005584716797e-01,9.999532699584960938e-01,-9.999977350234985352e-01,9.999971985816955566e-01,9.999856948852539062e-01,9.999590516090393066e-01,9.999979734420776367e-01,9.999963045120239258e-01,9.999957084655761719e-01,-9.999871253967285156e-01,9.999974370002746582e-01,9.999971389770507812e-01,-9.999969601631164551e-01,-9.999976754188537598e-01,-9.999973177909851074e-01,-9.999973177909851074e-01,-9.999861717224121094e-01,-9.999973177909851074e-01,-9.999960064888000488e-01,9.999703168869018555e-01,9.999912977218627930e-01,9.999867081642150879e-01,9.999963641166687012e-01,-9.999965429306030273e-01,9.999977350234985352e-01,9.999966621398925781e-01,9.999914765357971191e-01,-9.999848008155822754e-01,-9.999977350234985352e-01,-9.999980926513671875e-01,-9.999901652336120605e-01,-9.999979138374328613e-01,9.999961853027343750e-01,-9.999976158142089844e-01,9.999874830245971680e-01,-9.999922513961791992e-01,-9.999877810478210449e-01,-9.999737739562988281e-01,-9.999969601631164551e-01,9.999806284904479980e-01,9.999975562095642090e-01,-9.999836087226867676e-01,-9.999900460243225098e-01,9.999868273735046387e-01,9.999952316284179688e-01,-9.999976158142089844e-01,9.999963045120239258e-01,-9.999966621398925781e-01,-9.999589920043945312e-01,-9.999414086341857910e-01,9.999978542327880859e-01,9.999861121177673340e-01,9.999864101409912109e-01,-9.999837875366210938e-01,9.999966621398925781e-01,-9.999738335609436035e-01,-9.999943375587463379e-01,9.999938011169433594e-01,-9.999960660934448242e-01,-9.999728798866271973e-01,9.999980330467224121e-01,-9.999976158142089844e-01,9.999947547912597656e-01,-9.999940991401672363e-01,9.999977946281433105e-01,9.999223351478576660e-01,9.999225139617919922e-01,9.999974370002746582e-01,9.999894499778747559e-01,-9.999602437019348145e-01,-9.999968409538269043e-01,-9.999887347221374512e-01,9.999970197677612305e-01,-9.999970197677612305e-01,9.999942183494567871e-01,-9.999960660934448242e-01,-9.998211264610290527e-01,9.999980330467224121e-01,-9.999928474426269531e-01,9.999979734420776367e-01,-9.999957084655761719e-01,-9.999909996986389160e-01,-9.999909996986389160e-01,-9.999964237213134766e-01,9.999937415122985840e-01,9.999943971633911133e-01,-9.999933242797851562e-01,-9.999828934669494629e-01,-9.999884366989135742e-01,-9.997142553329467773e-01,-9.999757409095764160e-01
9.999987483024597168e-01,-9.999988675117492676e-01,-9.999957680702209473e-01,9.999976158142089844e-01,9.999992251396179199e-01,-9.999990463256835938e-01,9.999958872795104980e-01,9.999993443489074707e-01,-9.999933242797851562e-01,9.999989271163940430e-01,-9.999991655349731445e-01,-9.999992847442626953e-01,9.999985098838806152e-01,9.999988675117492676e-01,9.999971389770507812e-01,9.999941587448120117e-01,9.999983906745910645e-01,-9.999982118606567383e-01,9.999940991401672363e-01,-9.999994039535522461e-01,-9.999993443489074707e-01,9.999960064888000488e-01,9.999991655349731445e-01,9.999975562095642090e-01,9.999931454658508301e-01,9.999992251396179199e-01,-9.999986886978149414e-01,-9.999991655349731445e-01,9.999945759773254395e-01,-9.999977946281433105e-01,-9.999926090240478516e-01,-9.999985098838806152e-01,9.999862909317016602e-01,9.999958276748657227e-01,-9.999985098838806152e-01,9.999675154685974121e-01,9.999994039535522461e-01,9.999989271163940430e-01,9.999832510948181152e-01,-9.999992251396179199e-01,9.999990463256835938e-01,9.999948740005493164e-01,9.999853372573852539e-01,9.999994039535522461e-01,9.999987483024597168e-01,9.999984502792358398e-01,-9.999953508377075195e-01,9.999991655349731445e-01,9.999989867210388184e-01,-9.999988675117492676e-01,-9.999992251396179199e-01,-9.999991059303283691e-01,-9.999991059303283691e-01,-9.999950528144836426e-01,-9.999991059303283691e-01,-9.999985694885253906e-01,9.999894499778747559e-01,9.999968409538269043e-01,9.999952912330627441e-01,9.999987483024597168e-01,-9.999987483024597168e-01,9.999992251396179199e-01,9.999988675117492676e-01,9.999969005584716797e-01,-9.999945163726806641e-01,-9.999992251396179199e-01,-9.999994635581970215e-01,-9.999965429306030273e-01,-9.999992251396179199e-01,9.999986886978149414e-01,-9.999992251396179199e-01,9.999954700469970703e-01,-9.999971389770507812e-01,-9.999956488609313965e-01,-9.999905824661254883e-01,-9.999989271163940430e-01,9.999930262565612793e-01,9.999991655349731445e-01,-9.999940395355224609e-01,-9.999964237213134766e-01,9.999952316284179688e-01,9.999982714653015137e-01,-9.999992251396179199e-01,9.999986886978149414e-01,-9.999988079071044922e-01,-9.999852776527404785e-01,-9.999790787696838379e-01,9.999993443489074707e-01,9.999949932098388672e-01,9.999951124191284180e-01,-9.999942183494567871e-01,9.999988079071044922e-01,-9.999905824661254883e-01,-9.999979734420776367e-01,9.999977946281433105e-01,-9.999986886978149414e-01,-9.999902844429016113e-01,9.999993443489074707e-01,-9.999991655349731445e-01,9.999980926513671875e-01,-9.999978542327880859e-01,9.999992847442626953e-01,9.999721050262451172e-01,9.999722838401794434e-01,9.999991059303283691e-01,9.999961256980895996e-01,-9.999857544898986816e-01,-9.999988675117492676e-01,-9.999960064888000488e-01,9.999989271163940430e-01,-9.999989867210388184e-01,9.999979734420776367e-01,-9.999986290931701660e-01,-9.999357461929321289e-01,9.999992251396179199e-01,-9.999974966049194336e-01,9.999993443489074707e-01,-9.999984502792358398e-01,-9.999967217445373535e-01,-9.999967813491821289e-01,-9.999988079071044922e-01,9.999977350234985352e-01,9.999979734420776367e-01,-9.999974966049194336e-01,-9.999938607215881348e-01,-9.999958276748657227e-01,-9.998973011970520020e-01,-9.999913573265075684e-01
-9.999986886978149414e-01,9.999987483024597168e-01,9.999954700469970703e-01,-9.999974370002746582e-01,-9.999990463256835938e-01,9.999989867210388184e-01,-9.999955892562866211e-01,-9.999992251396179199e-01,9.999927282333374023e-01,-9.999988079071044922e-01,9.999991059303283691e-01,9.999991059303283691e-01,-9.999982714653015137e-01,-9.999986290931701660e-01,-9.999969005584716797e-01,-9.999936223030090332e-01,-9.999981522560119629e-01,9.999980926513671875e-01,-9.999936819076538086e-01,9.999992251396179199e-01,9.999991059303283691e-01,-9.999956488609313965e-01,-9.999988675117492676e-01,-9.999973177909851074e-01,-9.999926686286926270e-01,-9.999991059303283691e-01,9.999985098838806152e-01,9.999991059303283691e-01,-9.999940395355224609e-01,9.999975562095642090e-01,9.999920725822448730e-01,9.999983906745910645e-01,-9.999852776527404785e-01,-9.999954104423522949e-01,9.999983310699462891e-01,-9.999650120735168457e-01,-9.999992251396179199e-01,-9.999988079071044922e-01,-9.999819397926330566e-01,9.999991655349731445e-01,-9.999988675117492676e-01,-9.999944567680358887e-01,-9.999842047691345215e-01,-9.999992251396179199e-01,-9.999985694885253906e-01,-9.999982118606567383e-01,9.999949336051940918e-01,-9.999989867210388184e-01,-9.999988079071044922e-01,9.999987483024597168e-01,9.999991655349731445e-01,9.999989271163940430e-01,9.999990463256835938e-01,9.999945163726806641e-01,9.999988675117492676e-01,9.999983906745910645e-01,-9.999885559082031250e-01,-9.999966025352478027e-01,-9.999948740005493164e-01,-9.999985694885253906e-01,9.999986290931701660e-01,-9.999991059303283691e-01,-9.999986886978149414e-01,-9.999966025352478027e-01,9.999940991401672363e-01,9.999990463256835938e-01,9.999992847442626953e-01,9.999961256980895996e-01,9.999991655349731445e-01,-9.999985098838806152e-01,9.999991655349731445e-01,-9.999950528144836426e-01,9.999968409538269043e-01,9.999952316284179688e-01,9.999898076057434082e-01,9.999988079071044922e-01,-9.999924302101135254e-01,-9.999991059303283691e-01,9.999936223030090332e-01,9.999961256980895996e-01,-9.999948740005493164e-01,-9.999979734420776367e-01,9.999990463256835938e-01,-9.999985694885253906e-01,9.999986290931701660e-01,9.999842047691345215e-01,9.999773502349853516e-01,-9.999992251396179199e-01,-9.999945759773254395e-01,-9.999946951866149902e-01,9.999936819076538086e-01,-9.999987483024597168e-01,9.999898076057434082e-01,9.999977946281433105e-01,-9.999974966049194336e-01,9.999984502792358398e-01,9.999895095825195312e-01,-9.999991655349731445e-01,9.999990463256835938e-01,-9.999979734420776367e-01,9.999976754188537598e-01,-9.999991059303283691e-01,-9.999700188636779785e-01,-9.999700784683227539e-01,-9.999989271163940430e-01,-9.999958872795104980e-01,9.999846220016479492e-01,9.999986886978149414e-01,9.999956488609313965e-01,-9.999988675117492676e-01,9.999988079071044922e-01,-9.999976754188537598e-01,9.999985098838806152e-01,9.999308586120605469e-01,-9.999992847442626953e-01,9.999971389770507812e-01,-9.999992847442626953e-01,9.999982118606567383e-01,9.999964833259582520e-01,9.999964833259582520e-01,9.999986290931701660e-01,-9.999974966049194336e-01,-9.999977946281433105e-01,9.999973177909851074e-01,9.999933242797851562e-01,9.999954700469970703e-01,9.998896121978759766e-01,9.999905824661254883e-01
9.999938011169433594e-01,-9.999946355819702148e-01,-9.999787807464599609e-01,9.999884963035583496e-01,9.999958872795104980e-01,-9.999955892562866211e-01,9.999791979789733887e-01,9.999965429306030273e-01,-9.999657273292541504e-01,9.999948740005493164e-01,-9.999957084655761719e-01,-9.999960660934448242e-01,9.999921321868896484e-01,9.999941587448120117e-01,9.999857544898986816e-01,9.999702572822570801e-01,9.999913573265075684e-01,-9.999912977218627930e-01,9.999704360961914062e-01,-9.999966621398925781e-01,-9.999961256980895996e-01,9.999797940254211426e-01,9.999951124191284180e-01,9.999880790710449219e-01,9.999654889106750488e-01,9.999959468841552734e-01,-9.999935030937194824e-01,-9.999957680702209473e-01,9.999725818634033203e-01,-9.999890327453613281e-01,-9.999631643295288086e-01,-9.999926686286926270e-01,9.999312162399291992e-01,9.999787807464599609e-01,-9.999926090240478516e-01,9.998360872268676758e-01,9.999961853027343750e-01,9.999947547912597656e-01,9.999154210090637207e-01,-9.999960064888000488e-01,9.999950528144836426e-01,9.999740719795227051e-01,9.999259114265441895e-01,9.999961853027343750e-01,9.999933242797851562e-01,9.999922513961791992e-01,-9.999768137931823730e-01,9.999955296516418457e-01,9.999949932098388672e-01,-9.999946951866149902e-01,-9.999958872795104980e-01,-9.999952316284179688e-01,-9.999953508377075195e-01,-9.999750852584838867e-01,-9.999951720237731934e-01,-9.999929070472717285e-01,9.999461174011230469e-01,9.999844431877136230e-01,9.999759793281555176e-01,9.999937415122985840e-01,-9.999940395355224609e-01,9.999960660934448242e-01,9.999941587448120117e-01,9.999847412109375000e-01,-9.999724030494689941e-01,-9.999960064888000488e-01,-9.999966621398925781e-01,-9.999822974205017090e-01,-9.999961853027343750e-01,9.999932050704956055e-01,-9.999959468841552734e-01,9.999774098396301270e-01,-9.999859333038330078e-01,-9.999778866767883301e-01,-9.999523758888244629e-01,-9.999946951866149902e-01,9.999648928642272949e-01,9.999955892562866211e-01,-9.999704360961914062e-01,-9.999820590019226074e-01,9.999762773513793945e-01,9.999913573265075684e-01,-9.999957680702209473e-01,9.999933838844299316e-01,-9.999940395355224609e-01,-9.999256730079650879e-01,-9.998938441276550293e-01,9.999962449073791504e-01,9.999749660491943359e-01,9.999753832817077637e-01,-9.999707341194152832e-01,9.999941587448120117e-01,-9.999524950981140137e-01,-9.999898076057434082e-01,9.999887347221374512e-01,-9.999930262565612793e-01,-9.999509453773498535e-01,9.999964833259582520e-01,-9.999957680702209473e-01,9.999906420707702637e-01,-9.999894499778747559e-01,9.999961256980895996e-01,9.998595118522644043e-01,9.998596906661987305e-01,9.999954104423522949e-01,9.999808073043823242e-01,-9.999280571937561035e-01,-9.999945759773254395e-01,-9.999797344207763672e-01,9.999948740005493164e-01,-9.999949336051940918e-01,9.999897480010986328e-01,-9.999932050704956055e-01,-9.996758103370666504e-01,9.999964237213134766e-01,-9.999870061874389648e-01,9.999964833259582520e-01,-9.999921917915344238e-01,-9.999837875366210938e-01,-9.999837875366210938e-01,-9.999936819076538086e-01,9.999888539314270020e-01,9.999900460243225098e-01,-9.999879002571105957e-01,-9.999690651893615723e-01,-9.999790191650390625e-01,-9.994823336601257324e-01,-9.999561309814453125e-01
9.999989867210388184e-01,-9.999990463256835938e-01,-9.999964237213134766e-01,9.999980926513671875e-01,9.999993443489074707e-01,-9.999992251396179199e-01,9.999965429306030273e-01,9.999994039535522461e-01,-9.999943971633911133e-01,9.999991655349731445e-01,-9.999993443489074707e-01,-9.999993443489074707e-01,9.999986886978149414e-01,9.999991059303283691e-01,9.999976158142089844e-01,9.999951124191284180e-01,9.999984502792358398e-01,-9.999984502792358398e-01,9.999951124191284180e-01,-9.999994039535522461e-01,-9.999994039535522461e-01,9.999966621398925781e-01,9.999992251396179199e-01,9.999979138374328613e-01,9.999943375587463379e-01,9.999993443489074707e-01,-9.999988079071044922e-01,-9.999992251396179199e-01,9.999954700469970703e-01,-9.999981522560119629e-01,-9.999938607215881348e-01,-9.999987483024597168e-01,9.999886751174926758e-01,9.999964833259582520e-01,-9.999986886978149414e-01,9.999731183052062988e-01,9.999994039535522461e-01,9.999991655349731445e-01,9.999861121177673340e-01,-9.999993443489074707e-01,9.999992251396179199e-01,9.999957680702209473e-01,9.999878406524658203e-01,9.999994039535522461e-01,9.999988675117492676e-01,9.999986886978149414e-01,-9.999961256980895996e-01,9.999992847442626953e-01,9.999992251396179199e-01,-9.999991655349731445e-01,-9.999993443489074707e-01,-9.999992251396179199e-01,-9.999992847442626953e-01,-9.999958276748657227e-01,-9.999992251396179199e-01,-9.999987483024597168e-01,9.999911785125732422e-01,9.999973773956298828e-01,9.999960064888000488e-01,9.999988675117492676e-01,-9.999990463256835938e-01,9.999992847442626953e-01,9.999990463256835938e-01,9.999973773956298828e-01,-9.999955296516418457e-01,-9.999993443489074707e-01,-9.999994635581970215e-01,-9.999971389770507812e-01,-9.999993443489074707e-01,9.999988079071044922e-01,-9.999992847442626953e-01,9.999962449073791504e-01,-9.999976754188537598e-01,-9.999963045120239258e-01,-9.999921917915344238e-01,-9.999991655349731445e-01,9.999942183494567871e-01,9.999992251396179199e-01,-9.999950528144836426e-01,-9.999969005584716797e-01,9.999960660934448242e-01,9.999985694885253906e-01,-9.999993443489074707e-01,9.999988675117492676e-01,-9.999990463256835938e-01,-9.999878406524658203e-01,-9.999825358390808105e-01,9.999993443489074707e-01,9.999958872795104980e-01,9.999958872795104980e-01,-9.999951720237731934e-01,9.999989867210388184e-01,-9.999920725822448730e-01,-9.999982714653015137e-01,9.999980926513671875e-01,-9.999988079071044922e-01,-9.999918937683105469e-01,9.999993443489074707e-01,-9.999992251396179199e-01,9.999984502792358398e-01,-9.999982118606567383e-01,9.999993443489074707e-01,9.999768733978271484e-01,9.999769330024719238e-01,9.999992847442626953e-01,9.999967217445373535e-01,-9.999881386756896973e-01,-9.999990463256835938e-01,-9.999966025352478027e-01,9.999991655349731445e-01,-9.999992251396179199e-01,9.999982118606567383e-01,-9.999988675117492676e-01,-9.999467730522155762e-01,9.999994039535522461e-01,-9.999978542327880859e-01,9.999994635581970215e-01,-9.999986886978149414e-01,-9.999971985816955566e-01,-9.999973773956298828e-01,-9.999989271163940430e-01,9.999980330467224121e-01,9.999982118606567383e-01,-9.999979734420776367e-01,-9.999948740005493164e-01,-9.999964833259582520e-01,-9.999148845672607422e-01,-9.999927878379821777e-01
-9.999899268150329590e-01,9.999911785125732422e-01,9.999650120735168457e-01,-9.999811053276062012e-01,-9.999933242797851562e-01,9.999927282333374023e-01,-9.999657273292541504e-01,-9.999943971633911133e-01,9.999436736106872559e-01,-9.999915361404418945e-01,9.999929666519165039e-01,9.999936223030090332e-01,-9.999870061874389648e-01,-9.999904036521911621e-01,-9.999765157699584961e-01,-9.999508857727050781e-01,-9.999858736991882324e-01,9.999856352806091309e-01,-9.999511837959289551e-01,9.999945759773254395e-01,9.999936819076538086e-01,-9.999668002128601074e-01,-9.999918937683105469e-01,-9.999803304672241211e-01,-9.999432563781738281e-01,-9.999934434890747070e-01,9.999891519546508789e-01,9.999930262565612793e-01,-9.999550580978393555e-01,9.999819993972778320e-01,9.999395608901977539e-01,9.999880194664001465e-01,-9.998869299888610840e-01,-9.999650716781616211e-01,9.999879598617553711e-01,-9.997304081916809082e-01,-9.999938607215881348e-01,-9.999912381172180176e-01,-9.998610019683837891e-01,9.999933242797851562e-01,-9.999918341636657715e-01,-9.999573230743408203e-01,-9.998780488967895508e-01,-9.999939203262329102e-01,-9.999891519546508789e-01,-9.999873638153076172e-01,9.999617934226989746e-01,-9.999926090240478516e-01,-9.999916553497314453e-01,9.999912977218627930e-01,9.999932050704956055e-01,9.999923110008239746e-01,9.999923110008239746e-01,9.999589920043945312e-01,9.999920129776000977e-01,9.999883174896240234e-01,-9.999114871025085449e-01,-9.999741911888122559e-01,-9.999604225158691406e-01,-9.999896883964538574e-01,9.999901652336120605e-01,-9.999935030937194824e-01,-9.999902844429016113e-01,-9.999747872352600098e-01,9.999546408653259277e-01,9.999933838844299316e-01,9.999945163726806641e-01,9.999707341194152832e-01,9.999940395355224609e-01,-9.999888539314270020e-01,9.999932050704956055e-01,-9.999628663063049316e-01,9.999768137931823730e-01,9.999636411666870117e-01,9.999217987060546875e-01,9.999912977218627930e-01,-9.999421834945678711e-01,-9.999928474426269531e-01,9.999513030052185059e-01,9.999706745147705078e-01,-9.999609589576721191e-01,-9.999857544898986816e-01,9.999930262565612793e-01,-9.999891519546508789e-01,9.999902248382568359e-01,9.998778104782104492e-01,9.998255372047424316e-01,-9.999938607215881348e-01,-9.999585747718811035e-01,-9.999594092369079590e-01,9.999518990516662598e-01,-9.999904036521911621e-01,9.999218583106994629e-01,9.999831914901733398e-01,-9.999814629554748535e-01,9.999884366989135742e-01,9.999193549156188965e-01,-9.999942779541015625e-01,9.999930262565612793e-01,-9.999846220016479492e-01,9.999825954437255859e-01,-9.999938011169433594e-01,-9.997690916061401367e-01,-9.997694492340087891e-01,-9.999924302101135254e-01,-9.999684691429138184e-01,9.998817443847656250e-01,9.999910593032836914e-01,9.999666213989257812e-01,-9.999914765357971191e-01,9.999915957450866699e-01,-9.999832510948181152e-01,9.999889135360717773e-01,9.994671940803527832e-01,-9.999942183494567871e-01,9.999787807464599609e-01,-9.999940991401672363e-01,9.999871850013732910e-01,9.999733567237854004e-01,9.999732375144958496e-01,9.999895095825195312e-01,-9.999816417694091797e-01,-9.999836087226867676e-01,9.999800920486450195e-01,9.999490976333618164e-01,9.999654889106750488e-01,9.991492033004760742e-01,9.999279379844665527e-01
9.999985098838806152e-01,-9.999987483024597168e-01,-9.999947547912597656e-01,9.999970793724060059e-01,9.999989271163940430e-01,-9.999988079071044922e-01,9.999948740005493164e-01,9.999991655349731445e-01,-9.999915361404418945e-01,9.999987483024597168e-01,-9.999989867210388184e-01,-9.999991059303283691e-01,9.999979734420776367e-01,9.999985098838806152e-01,9.999963641166687012e-01,9.999926686286926270e-01,9.999978542327880859e-01,-9.999978542327880859e-01,9.999927282333374023e-01,-9.999992251396179199e-01,-9.999991655349731445e-01,9.999950528144836426e-01,9.999988079071044922e-01,9.999969601631164551e-01,9.999914765357971191e-01,9.999990463256835938e-01,-9.999984502792358398e-01,-9.999989867210388184e-01,9.999930858612060547e-01,-9.999973177909851074e-01,-9.999908208847045898e-01,-9.999982714653015137e-01,9.999828338623046875e-01,9.999946951866149902e-01,-9.999981522560119629e-01,9.999590516090393066e-01,9.999992251396179199e-01,9.999986290931701660e-01,9.999790191650390625e-01,-9.999990463256835938e-01,9.999988079071044922e-01,9.999936223030090332e-01,9.999816417694091797e-01,9.999992251396179199e-01,9.999983906745910645e-01,9.999981522560119629e-01,-9.999942183494567871e-01,9.999988675117492676e-01,9.999988079071044922e-01,-9.999987483024597168e-01,-9.999989867210388184e-01,-9.999988675117492676e-01,-9.999988675117492676e-01,-9.999938011169433594e-01,-9.999987483024597168e-01,-9.999982118606567383e-01,9.999866485595703125e-01,9.999961256980895996e-01,9.999940991401672363e-01,9.999985098838806152e-01,-9.999985694885253906e-01,9.999990463256835938e-01,9.999985694885253906e-01,9.999961256980895996e-01,-9.999932050704956055e-01,-9.999990463256835938e-01,-9.999992847442626953e-01,-9.999956488609313965e-01,-9.999991059303283691e-01,9.999983906745910645e-01,-9.999989867210388184e-01,9.999942779541015625e-01,-9.999964237213134766e-01,-9.999945163726806641e-01,-9.999881982803344727e-01,-9.999987483024597168e-01,9.999912977218627930e-01,9.999989271163940430e-01,-9.999926090240478516e-01,-9.999955892562866211e-01,9.999941587448120117e-01,9.999978542327880859e-01,-9.999989271163940430e-01,9.999983906745910645e-01,-9.999985098838806152e-01,-9.999815225601196289e-01,-9.999735355377197266e-01,9.999991059303283691e-01,9.999938011169433594e-01,9.999938607215881348e-01,-9.999926686286926270e-01,9.999985098838806152e-01,-9.999882578849792480e-01,-9.999974966049194336e-01,9.999971389770507812e-01,-9.999983310699462891e-01,-9.999877810478210449e-01,9.999991655349731445e-01,-9.999989867210388184e-01,9.999976754188537598e-01,-9.999973177909851074e-01,9.999991059303283691e-01,9.999648928642272949e-01,9.999648928642272949e-01,9.999988079071044922e-01,9.999952316284179688e-01,-9.999820590019226074e-01,-9.999986290931701660e-01,-9.999949336051940918e-01,9.999987483024597168e-01,-9.999988079071044922e-01,9.999974370002746582e-01,-9.999982714653015137e-01,-9.999189972877502441e-01,9.999991655349731445e-01,-9.999967813491821289e-01,9.999991655349731445e-01,-9.999980330467224121e-01,-9.999960064888000488e-01,-9.999960660934448242e-01,-9.999984502792358398e-01,9.999972581863403320e-01,9.999974966049194336e-01,-9.999969005584716797e-01,-9.999923706054687500e-01,-9.999948143959045410e-01,-9.998707175254821777e-01,-9.999891519546508789e-01
-9.999986886978149414e-01,9.999988675117492676e-01,9.999956488609313965e-01,-9.999975562095642090e-01,-9.999991655349731445e-01,9.999991059303283691e-01,-9.999957084655761719e-01,-9.999993443489074707e-01,9.999929666519165039e-01,-9.999989867210388184e-01,9.999991059303283691e-01,9.999992251396179199e-01,-9.999983906745910645e-01,-9.999988079071044922e-01,-9.999969601631164551e-01,-9.999938607215881348e-01,-9.999982714653015137e-01,9.999981522560119629e-01,-9.999939203262329102e-01,9.999993443489074707e-01,9.999992251396179199e-01,-9.999958276748657227e-01,-9.999989867210388184e-01,-9.999974966049194336e-01,-9.999927878379821777e-01,-9.999992847442626953e-01,9.999986886978149414e-01,9.999991655349731445e-01,-9.999942183494567871e-01,9.999976754188537598e-01,9.999923110008239746e-01,9.999985098838806152e-01,-9.999856948852539062e-01,-9.999955892562866211e-01,9.999984502792358398e-01,-9.999657869338989258e-01,-9.999993443489074707e-01,-9.999988675117492676e-01,-9.999824166297912598e-01,9.999992847442626953e-01,-9.999989867210388184e-01,-9.999945759773254395e-01,-9.999845623970031738e-01,-9.999993443489074707e-01,-9.999986886978149414e-01,-9.999984502792358398e-01,9.999951720237731934e-01,-9.999992251396179199e-01,-9.999989867210388184e-01,9.999988675117492676e-01,9.999991655349731445e-01,9.999990463256835938e-01,9.999990463256835938e-01,9.999948143959045410e-01,9.999989867210388184e-01,9.999985694885253906e-01,-9.999888539314270020e-01,-9.999966621398925781e-01,-9.999950528144836426e-01,-9.999986886978149414e-01,9.999987483024597168e-01,-9.999992847442626953e-01,-9.999988079071044922e-01,-9.999967813491821289e-01,9.999942779541015625e-01,9.999992251396179199e-01,9.999993443489074707e-01,9.999963641166687012e-01,9.999991655349731445e-01,-9.999986290931701660e-01,9.999992847442626953e-01,-9.999952912330627441e-01,9.999970197677612305e-01,9.999953508377075195e-01,9.999901652336120605e-01,9.999988675117492676e-01,-9.999927878379821777e-01,-9.999992251396179199e-01,9.999938607215881348e-01,9.999961853027343750e-01,-9.999950528144836426e-01,-9.999981522560119629e-01,9.999991655349731445e-01,-9.999985694885253906e-01,9.999988079071044922e-01,9.999846220016479492e-01,9.999780058860778809e-01,-9.999993443489074707e-01,-9.999948143959045410e-01,-9.999948740005493164e-01,9.999939203262329102e-01,-9.999987483024597168e-01,9.999901652336120605e-01,9.999978542327880859e-01,-9.999976754188537598e-01,9.999985694885253906e-01,9.999898076057434082e-01,-9.999994039535522461e-01,9.999992251396179199e-01,-9.999980330467224121e-01,9.999977350234985352e-01,-9.999992251396179199e-01,-9.999707341194152832e-01,-9.999707937240600586e-01,-9.999991059303283691e-01,-9.999960064888000488e-01,9.999850392341613770e-01,9.999988675117492676e-01,9.999957680702209473e-01,-9.999989867210388184e-01,9.999989867210388184e-01,-9.999978542327880859e-01,9.999985694885253906e-01,9.999323487281799316e-01,-9.999992847442626953e-01,9.999973177909851074e-01,-9.999992847442626953e-01,9.999983310699462891e-01,9.999965429306030273e-01,9.999965429306030273e-01,9.999986290931701660e-01,-9.999977350234985352e-01,-9.999978542327880859e-01,9.999974370002746582e-01,9.999935626983642578e-01,9.999957084655761719e-01,9.998918771743774414e-01,9.999909400939941406e-01
-9.999988079071044922e-01,9.999990463256835938e-01,9.999960064888000488e-01,-9.999978542327880859e-01,-9.999992847442626953e-01,9.999991059303283691e-01,-9.999960660934448242e-01,-9.999993443489074707e-01,9.999936223030090332e-01,-9.999991059303283691e-01,9.999992251396179199e-01,9.999992847442626953e-01,-9.999985098838806152e-01,-9.999988675117492676e-01,-9.999973177909851074e-01,-9.999944567680358887e-01,-9.999983906745910645e-01,9.999983310699462891e-01,-9.999943971633911133e-01,9.999994039535522461e-01,9.999992847442626953e-01,-9.999961853027343750e-01,-9.999991059303283691e-01,-9.999976754188537598e-01,-9.999935626983642578e-01,-9.999991655349731445e-01,9.999987483024597168e-01,9.999992251396179199e-01,-9.999948740005493164e-01,9.999978542327880859e-01,9.999931454658508301e-01,9.999986290931701660e-01,-9.999871253967285156e-01,-9.999960064888000488e-01,9.999985098838806152e-01,-9.999695420265197754e-01,-9.999994039535522461e-01,-9.999990463256835938e-01,-9.999843239784240723e-01,9.999992847442626953e-01,-9.999991059303283691e-01,-9.999951720237731934e-01,-9.999862313270568848e-01,-9.999993443489074707e-01,-9.999988079071044922e-01,-9.999985098838806152e-01,9.999956488609313965e-01,-9.999992251396179199e-01,-9.999991059303283691e-01,9.999989271163940430e-01,9.999992847442626953e-01,9.999991655349731445e-01,9.999991655349731445e-01,9.999952912330627441e-01,9.999991655349731445e-01,9.999986290931701660e-01,-9.999899864196777344e-01,-9.999970197677612305e-01,-9.999955892562866211e-01,-9.999988079071044922e-01,9.999988675117492676e-01,-9.999992847442626953e-01,-9.999988675117492676e-01,-9.999971389770507812e-01,9.999949336051940918e-01,9.999992847442626953e-01,9.999994039535522461e-01,9.999966621398925781e-01,9.999992847442626953e-01,-9.999986886978149414e-01,9.999992847442626953e-01,-9.999957680702209473e-01,9.999973177909851074e-01,9.999958276748657227e-01,9.999912381172180176e-01,9.999990463256835938e-01,-9.999935030937194824e-01,-9.999992847442626953e-01,9.999943971633911133e-01,9.999965429306030273e-01,-9.999955296516418457e-01,-9.999983310699462891e-01,9.999992251396179199e-01,-9.999987483024597168e-01,9.999988675117492676e-01,9.999861717224121094e-01,9.999802708625793457e-01,-9.999993443489074707e-01,-9.999953508377075195e-01,-9.999954104423522949e-01,9.999945759773254395e-01,-9.999989271163940430e-01,9.999911785125732422e-01,9.999980926513671875e-01,-9.999978542327880859e-01,9.999986886978149414e-01,9.999908804893493652e-01,-9.999993443489074707e-01,9.999992251396179199e-01,-9.999982118606567383e-01,9.999979138374328613e-01,-9.999992251396179199e-01,-9.999738335609436035e-01,-9.999739527702331543e-01,-9.999991655349731445e-01,-9.999963641166687012e-01,9.999865293502807617e-01,9.999989271163940430e-01,9.999960660934448242e-01,-9.999991059303283691e-01,9.999991059303283691e-01,-9.999980926513671875e-01,9.999987483024597168e-01,9.999396204948425293e-01,-9.999993443489074707e-01,9.999976158142089844e-01,-9.999993443489074707e-01,9.999985098838806152e-01,9.999969601631164551e-01,9.999969005584716797e-01,9.999988079071044922e-01,-9.999978542327880859e-01,-9.999980926513671875e-01,9.999976158142089844e-01,9.999941587448120117e-01,9.999961853027343750e-01,9.999036192893981934e-01,9.999918937683105469e-01
