5.741616487503051758e-01,-3.384179249405860901e-02,1.281602084636688232e-01,-2.488086521625518799e-01,2.858436852693557739e-02,-2.030589878559112549e-01,2.001501023769378662e-01,3.412971496582031250e-01,9.047082811594009399e-02,4.186106380075216293e-03,-2.002567350864410400e-01,6.794107705354690552e-02,-2.322664707899093628e-01,-1.696025393903255463e-02,-1.093825027346611023e-01,-1.562529653310775757e-01,-4.427717067301273346e-03,-1.585391312837600708e-01,2.124892026185989380e-01,9.986502677202224731e-02,-9.786203503608703613e-02,-2.671358585357666016e-01,-1.056327670812606812e-01,1.739421933889389038e-01,-1.679496839642524719e-02,-2.225260734558105469e-01,3.571337759494781494e-01,-5.739439278841018677e-02,-1.276786327362060547e-01,-1.804515868425369263e-01,-1.504944115877151489e-01,2.471891343593597412e-01,-1.138586699962615967e-01,-4.453020542860031128e-02,-8.653338998556137085e-03,2.352312207221984863e-01,-1.057615503668785095e-01,-8.689820766448974609e-02,-1.126949414610862732e-01,-2.292267233133316040e-01,-3.535206615924835205e-02,5.764243379235267639e-02,-3.435519039630889893e-01,-1.822558976709842682e-02,-1.421689242124557495e-01,2.175282090902328491e-01,7.981380075216293335e-02,-1.576089486479759216e-02,1.206789836287498474e-01,-1.424203366041183472e-01,-1.547760516405105591e-01,-6.514865159988403320e-02,2.227544337511062622e-01,-2.589851245284080505e-02,-1.018476188182830811e-01,1.367721259593963623e-01,-9.795148856937885284e-03,-1.143746823072433472e-02,7.136796414852142334e-02,1.044006645679473877e-01,-1.869543083012104034e-02,-4.026235267519950867e-02,-5.969290155917406082e-03,1.967049986124038696e-01,-9.481570869684219360e-02,6.860439479351043701e-02,-4.177412092685699463e-01,-1.133276522159576416e-01,7.505919039249420166e-02,-4.053262993693351746e-03,-3.781868517398834229e-02,7.154300063848495483e-02,8.001380413770675659e-02,-8.493681997060775757e-02,-8.511541038751602173e-02,1.178527474403381348e-01,2.768905833363533020e-03,-1.532122492790222168e-01,-9.176944196224212646e-02,1.868090927600860596e-01,-1.449308544397354126e-01,-1.184228574857115746e-03,-9.741815924644470215e-02,-7.857990451157093048e-03,-2.674081549048423767e-02,2.428138852119445801e-01,3.432398140430450439e-01,-8.835470303893089294e-03,-2.690083086490631104e-01,-7.222568988800048828e-02,-1.024119704961776733e-01,1.666196584701538086e-01,3.556064665317535400e-01,-3.920386433601379395e-01,9.889452904462814331e-02,-3.329558670520782471e-01,7.886057719588279724e-03,-6.134860996098723263e-06,1.294697672128677368e-01,1.824391037225723267e-01,-1.103296950459480286e-01,2.312791794538497925e-01,2.602511942386627197e-01,9.653080254793167114e-02,-2.061331868171691895e-01,2.951131165027618408e-01,2.546082437038421631e-01,3.573378324508666992e-01,-3.150665462017059326e-01,2.765939384698867798e-02,-2.590688765048980713e-01,1.673384159803390503e-01,2.878215909004211426e-01,-5.248376727104187012e-02,-1.236460581421852112e-01,1.921126805245876312e-02,1.585977375507354736e-01,-8.565773814916610718e-02,-8.413672447204589844e-02,-1.097559109330177307e-01,-2.299724370241165161e-01,-3.698037564754486084e-02,-6.249933317303657532e-02,3.931700587272644043e-01,2.298780083656311035e-01,2.034854888916015625e-02,-2.911285124719142914e-02,-3.781102597713470459e-02
-3.384179249405860901e-02,1.664443872869014740e-02,-1.060257703065872192e-01,7.965238392353057861e-02,6.335330009460449219e-02,4.601064138114452362e-03,5.417840555310249329e-03,2.521518617868423462e-02,2.101517654955387115e-02,4.296293109655380249e-02,1.709753088653087616e-02,-5.005577579140663147e-02,8.376686275005340576e-02,5.831719562411308289e-02,1.058572009205818176e-01,1.170137524604797363e-01,5.364223616197705269e-04,5.843559280037879944e-02,-7.573472708463668823e-02,-6.744806468486785889e-02,-1.904043555259704590e-02,1.065952330827713013e-01,4.522527381777763367e-02,-2.724124118685722351e-02,1.236323453485965729e-02,1.208875253796577454e-01,-1.194977238774299622e-01,-4.764981195330619812e-02,9.192577749490737915e-02,-1.616920903325080872e-02,1.795389689505100250e-02,-1.200615540146827698e-01,6.151518225669860840e-02,5.295739695429801941e-02,-5.562935490161180496e-03,-1.202047020196914673e-01,4.179519414901733398e-02,7.548490911722183228e-02,-7.546152174472808838e-02,-5.467900633811950684e-02,1.058432981371879578e-01,1.232916768640279770e-02,1.071937903761863708e-01,1.862415298819541931e-02,3.573425346985459328e-04,-7.506077736616134644e-02,-1.096446290612220764e-01,-3.546467423439025879e-02,-1.153541170060634613e-02,3.476747870445251465e-02,9.471543133258819580e-03,-7.145166862756013870e-03,9.757124818861484528e-03,-9.430683217942714691e-03,-6.949070841073989868e-03,-1.267171800136566162e-01,3.304598852992057800e-02,8.501222357153892517e-03,-3.655038028955459595e-02,-5.838263407349586487e-02,-1.098215766251087189e-02,4.149876534938812256e-03,3.946380689740180969e-03,2.797100506722927094e-02,2.743615768849849701e-02,-2.749405242502689362e-02,6.741231679916381836e-02,1.130778566002845764e-01,-1.034414619207382202e-01,6.191288679838180542e-02,-8.571666479110717773e-02,2.937914803624153137e-03,-2.061641402542591095e-02,1.055931672453880310e-01,-2.884546108543872833e-02,-1.080732420086860657e-01,-1.930636819452047348e-03,1.260370910167694092e-01,-9.570698253810405731e-03,-1.077297925949096680e-01,1.093263924121856689e-01,7.243494619615375996e-04,-8.277008682489395142e-02,1.097606495022773743e-03,-1.024263128638267517e-01,-1.047223433852195740e-01,2.339855208992958069e-02,4.167067352682352066e-03,7.706683874130249023e-02,7.288147509098052979e-02,-2.486568503081798553e-02,-3.233922272920608521e-02,-9.913069754838943481e-02,6.839991360902786255e-02,-9.769650548696517944e-02,-1.852433080784976482e-03,7.513155043125152588e-02,-4.945052933180704713e-05,-9.635891020298004150e-02,6.371770054101943970e-02,-3.104894421994686127e-02,5.305965244770050049e-02,-1.282953917980194092e-01,-6.978531926870346069e-02,1.235310584306716919e-01,-9.880238212645053864e-03,-7.958545535802841187e-02,-1.135908514261245728e-01,-3.180067613720893860e-02,-8.165664970874786377e-03,8.456162363290786743e-02,-6.073668599128723145e-02,-1.117435246706008911e-01,9.360894560813903809e-03,1.206042543053627014e-01,-9.316264837980270386e-02,5.817624926567077637e-02,2.492441795766353607e-02,-1.056466773152351379e-01,4.169419407844543457e-02,5.550143867731094360e-02,9.299613535404205322e-02,1.029245853424072266e-01,-7.994862645864486694e-02,-7.180711627006530762e-02,-5.078624188899993896e-02,4.597959574311971664e-03,4.859115928411483765e-02
1.281602084636688232e-01,-1.060257703065872192e-01,7.743287086486816406e-01,-6.112670898437500000e-01,-3.680734336376190186e-01,-7.365825027227401733e-02,-1.675487160682678223e-01,-1.856151074171066284e-01,-1.738115698099136353e-01,-3.601705133914947510e-01,-1.493817381560802460e-02,3.565857410430908203e-01,-4.962204098701477051e-01,-5.203304290771484375e-01,-6.934030055999755859e-01,-6.923288702964782715e-01,-5.142080131918191910e-03,-3.798553645610809326e-01,6.148926615715026855e-01,5.291575789451599121e-01,2.883371412754058838e-01,-6.778016090393066406e-01,-4.424986243247985840e-01,1.765624135732650757e-01,-9.586755931377410889e-02,-6.936685442924499512e-01,6.749342679977416992e-01,1.789093166589736938e-01,-6.659085750579833984e-01,1.517249345779418945e-01,-1.227591633796691895e-01,7.765026092529296875e-01,-5.280619263648986816e-01,-4.980019927024841309e-01,3.804332762956619263e-02,7.127397656440734863e-01,-2.899427413940429688e-01,-5.573284029960632324e-01,4.458889365196228027e-01,5.060437917709350586e-01,-6.833646297454833984e-01,-1.154796257615089417e-01,-6.476105451583862305e-01,-1.429274082183837891e-01,1.142988875508308411e-01,5.211737751960754395e-01,7.714281678199768066e-01,2.633181214332580566e-01,4.172110185027122498e-02,-6.874566525220870972e-02,-5.579312145709991455e-02,7.901106029748916626e-02,-1.358626633882522583e-01,7.472215592861175537e-02,-2.606958150863647461e-03,7.810713052749633789e-01,-2.632961571216583252e-01,-6.279150396585464478e-02,2.591006755828857422e-01,4.469485282897949219e-01,1.321582645177841187e-01,-1.024220883846282959e-01,-2.965575829148292542e-02,-3.308978080749511719e-01,-1.382428556680679321e-01,1.903185844421386719e-01,-3.087016344070434570e-01,-6.798934936523437500e-01,7.137269377708435059e-01,-3.164919316768646240e-01,6.390794515609741211e-01,-8.956902660429477692e-03,1.906232833862304688e-01,-7.496503591537475586e-01,2.126443237066268921e-01,7.060945034027099609e-01,1.138109806925058365e-02,-8.297129869461059570e-01,1.880136877298355103e-01,7.269148230552673340e-01,-7.985229492187500000e-01,-5.419698078185319901e-03,6.096698045730590820e-01,-4.925983026623725891e-03,6.588184833526611328e-01,6.585752367973327637e-01,-2.884164750576019287e-01,-2.653868868947029114e-02,-4.688579738140106201e-01,-5.445401072502136230e-01,1.902389377355575562e-01,2.491192370653152466e-01,6.474243998527526855e-01,-3.942251205444335938e-01,7.185952663421630859e-01,6.717684119939804077e-02,-5.229614973068237305e-01,3.824593732133507729e-04,5.787017345428466797e-01,-4.927538335323333740e-01,2.960492074489593506e-01,-3.862482309341430664e-01,8.066559433937072754e-01,5.029705762863159180e-01,-8.204300999641418457e-01,-1.632338613271713257e-01,6.142493486404418945e-01,6.576148867607116699e-01,2.597146034240722656e-01,5.787898600101470947e-02,-5.909417867660522461e-01,5.784777402877807617e-01,7.165817022323608398e-01,-2.273760139942169189e-01,-7.411638498306274414e-01,6.977794766426086426e-01,-3.397904038429260254e-01,-2.419901788234710693e-01,7.622964978218078613e-01,-3.200698196887969971e-01,-3.567345142364501953e-01,-6.937926411628723145e-01,-7.207082509994506836e-01,4.472677707672119141e-01,5.254247188568115234e-01,4.805298447608947754e-01,-4.949010536074638367e-02,-4.234889745712280273e-01
-2.488086521625518799e-01,7.965238392353057861e-02,-6.112670898437500000e-01,6.463573575019836426e-01,1.954996138811111450e-01,1.799579709768295288e-01,7.740139961242675781e-02,-2.441009692847728729e-02,8.279609680175781250e-02,2.507930696010589600e-01,1.068651443347334862e-03,-2.678112387657165527e-01,2.977861762046813965e-01,4.733760952949523926e-01,5.482459068298339844e-01,4.772693514823913574e-01,9.565326385200023651e-03,3.510228097438812256e-01,-5.436652898788452148e-01,-3.858300149440765381e-01,-3.132411837577819824e-01,5.631951093673706055e-01,3.718862831592559814e-01,-1.342866420745849609e-01,7.276011258363723755e-02,4.734017550945281982e-01,-5.294410586357116699e-01,3.520199283957481384e-02,4.359529614448547363e-01,4.688009619712829590e-02,1.320999115705490112e-01,-6.508461236953735352e-01,5.195962190628051758e-01,3.420530557632446289e-01,-1.305336970835924149e-02,-5.308014750480651855e-01,2.193644195795059204e-01,3.879254460334777832e-01,-1.457643061876296997e-01,-4.281929731369018555e-01,4.777455627918243408e-01,1.009693890810012817e-01,5.356193780899047852e-01,1.029115989804267883e-01,-9.126982092857360840e-02,-2.977517247200012207e-01,-5.982495546340942383e-01,-2.219899296760559082e-01,-8.289156854152679443e-02,1.581339687108993530e-01,7.547769695520401001e-02,-5.973689630627632141e-02,8.587498962879180908e-02,-3.297689557075500488e-02,1.560983210802078247e-01,-5.722762942314147949e-01,1.898770481348037720e-01,4.303188249468803406e-02,-2.368472367525100708e-01,-3.902252614498138428e-01,-1.446595937013626099e-01,1.404067724943161011e-01,2.731984481215476990e-02,1.958959102630615234e-01,1.268123239278793335e-01,-1.479755640029907227e-01,3.157168030738830566e-01,4.734448790550231934e-01,-4.833455681800842285e-01,1.376442313194274902e-01,-4.082657396793365479e-01,1.257175654172897339e-01,-2.049263119697570801e-01,5.871914029121398926e-01,-1.343884617090225220e-01,-5.653066039085388184e-01,-4.667264409363269806e-03,6.173927783966064453e-01,-2.864372730255126953e-01,-5.536690950393676758e-01,6.927750706672668457e-01,4.090452566742897034e-03,-3.559236526489257812e-01,5.220011807978153229e-03,-4.529379308223724365e-01,-5.192500948905944824e-01,-6.753199733793735504e-03,1.674026437103748322e-02,3.510407507419586182e-01,3.737424910068511963e-01,-1.102982610464096069e-01,-3.108680844306945801e-01,-6.078443527221679688e-01,4.474815130233764648e-01,-5.744921565055847168e-01,8.399511873722076416e-02,3.718971908092498779e-01,-2.541285939514636993e-04,-3.706921041011810303e-01,2.273431122303009033e-01,-1.140146106481552124e-01,6.839673966169357300e-02,-6.963187456130981445e-01,-3.542145788669586182e-01,6.460070610046386719e-01,2.074993848800659180e-01,-6.563767790794372559e-01,-5.322602987289428711e-01,-4.627609252929687500e-02,-4.691617563366889954e-02,5.942270755767822266e-01,-5.448662042617797852e-01,-6.189298629760742188e-01,2.208960652351379395e-01,5.330743193626403809e-01,-4.838674962520599365e-01,8.146744966506958008e-02,1.926619112491607666e-01,-5.514918565750122070e-01,2.997366786003112793e-01,3.209884166717529297e-01,5.258913040161132812e-01,5.504533648490905762e-01,-4.308888316154479980e-01,-4.074051678180694580e-01,-3.886482715606689453e-01,3.048498369753360748e-02,3.197467029094696045e-01
2.858436852693557739e-02,6.335330009460449219e-02,-3.680734336376190186e-01,1.954996138811111450e-01,3.683362901210784912e-01,-6.057422980666160583e-02,4.278017207980155945e-02,3.134013414382934570e-01,6.098303943872451782e-02,1.520924121141433716e-01,6.673479825258255005e-02,-1.967261880636215210e-01,3.336122035980224609e-01,1.638279557228088379e-01,4.345265030860900879e-01,5.044959187507629395e-01,-2.112761838361620903e-03,2.018307000398635864e-01,-1.747592836618423462e-01,-2.327177971601486206e-01,6.427419930696487427e-02,3.758523166179656982e-01,9.628541022539138794e-02,-5.865880474448204041e-02,3.912484273314476013e-02,4.762023985385894775e-01,-4.419738650321960449e-01,-3.552090227603912354e-01,3.839987218379974365e-01,-1.771101504564285278e-01,2.359345182776451111e-02,-3.775545060634613037e-01,1.064610555768013000e-01,1.861856430768966675e-01,-3.637933731079101562e-02,-4.701044261455535889e-01,1.429876387119293213e-01,2.909994721412658691e-01,-4.835577905178070068e-01,-2.463395595550537109e-01,4.406993389129638672e-01,5.375393852591514587e-02,3.763079941272735596e-01,7.419250160455703735e-02,7.455305755138397217e-02,-2.864389717578887939e-01,-4.292188584804534912e-01,-1.536568403244018555e-01,-3.473740443587303162e-02,1.567401289939880371e-01,-6.370138376951217651e-03,-9.711488336324691772e-02,7.402271032333374023e-02,-5.708812177181243896e-02,-1.526478230953216553e-01,-5.356460213661193848e-01,1.382220536470413208e-01,3.432875126600265503e-02,-1.148116663098335266e-01,-1.900047063827514648e-01,4.746999591588973999e-03,-7.138101756572723389e-02,1.216980442404747009e-02,9.686014801263809204e-02,1.037648618221282959e-01,-9.122871607542037964e-02,2.232593148946762085e-01,4.997919499874114990e-01,-3.986540436744689941e-01,3.743155300617218018e-01,-3.915379941463470459e-01,-4.898004978895187378e-02,3.674684558063745499e-03,3.937497138977050781e-01,-1.342425048351287842e-01,-4.260369539260864258e-01,-9.185611270368099213e-03,4.777590036392211914e-01,3.090457618236541748e-02,-3.840646147727966309e-01,3.377091586589813232e-01,2.599564380943775177e-03,-4.144534170627593994e-01,1.791357761248946190e-03,-4.726475179195404053e-01,-4.019225835800170898e-01,2.176083922386169434e-01,1.756118237972259521e-02,2.447994798421859741e-01,2.873304188251495361e-01,-1.610099971294403076e-01,-1.871067099273204803e-02,-2.574686110019683838e-01,1.485679298639297485e-01,-3.273670971393585205e-01,-1.324072033166885376e-01,3.783944249153137207e-01,-2.050625917036086321e-04,-4.359341859817504883e-01,3.373809754848480225e-01,-1.781412065029144287e-01,3.431194424629211426e-01,-4.281693100929260254e-01,-2.708613872528076172e-01,4.094289243221282959e-01,-4.435564577579498291e-02,-1.295001953840255737e-01,-4.054473042488098145e-01,-2.555455565452575684e-01,-2.061229571700096130e-02,1.868838220834732056e-01,-8.791625499725341797e-02,-3.779618740081787109e-01,-7.538204640150070190e-02,5.396120548248291016e-01,-3.480758070945739746e-01,3.968145847320556641e-01,5.714909359812736511e-02,-4.593749344348907471e-01,1.057578921318054199e-01,1.816883683204650879e-01,3.384291529655456543e-01,3.972282409667968750e-01,-2.349926531314849854e-01,-2.355958670377731323e-01,-1.173079386353492737e-01,-2.240720437839627266e-03,1.570850610733032227e-01
-2.030589878559112549e-01,4.601064138114452362e-03,-7.365825027227401733e-02,1.799579709768295288e-01,-6.057422980666160583e-02,2.502717077732086182e-01,-5.261113122105598450e-02,-1.079945862293243408e-01,-1.288767606019973755e-01,-2.399436384439468384e-02,7.702792435884475708e-02,-3.248803317546844482e-02,-3.358276188373565674e-02,1.414531916379928589e-01,7.566718757152557373e-02,-8.078398968791589141e-05,3.523464780300855637e-03,1.680273190140724182e-02,-6.029760465025901794e-02,-7.125767320394515991e-02,3.794009238481521606e-02,1.249195709824562073e-01,1.145202443003654480e-01,-5.320829898118972778e-02,4.992194590158760548e-04,-5.823924019932746887e-02,-1.008284613490104675e-01,1.137555688619613647e-01,6.482488662004470825e-02,6.632617861032485962e-02,7.193020731210708618e-02,-7.160891592502593994e-02,2.531647868454456329e-02,1.150088235735893250e-01,-1.108010066673159599e-03,-5.358354002237319946e-02,1.786394417285919189e-02,-3.670064965263009071e-03,1.268264055252075195e-01,-5.347884818911552429e-02,-1.011647805571556091e-01,-7.728696800768375397e-03,1.243824511766433716e-01,1.389074139297008514e-02,1.351708173751831055e-01,-4.943481087684631348e-02,-2.804929390549659729e-02,-1.596519351005554199e-02,-9.947028011083602905e-02,-2.615942433476448059e-02,9.269183874130249023e-02,-1.032751128077507019e-01,-7.102479040622711182e-02,-1.884398981928825378e-02,6.847573071718215942e-02,-4.469972103834152222e-02,2.926757931709289551e-02,4.494538996368646622e-03,2.506481297314167023e-02,-5.304891616106033325e-02,-6.094181910157203674e-03,3.334413096308708191e-02,4.959042184054851532e-03,-1.668331325054168701e-01,3.730238880962133408e-03,-3.518371609970927238e-03,1.201866120100021362e-01,-6.974308751523494720e-03,2.153978683054447174e-02,-4.764026030898094177e-02,4.391967877745628357e-02,-1.302773952484130859e-01,-3.341909497976303101e-02,3.366763517260551453e-02,9.662467241287231445e-02,-2.660430595278739929e-02,2.475036075338721275e-03,3.922691941261291504e-02,-2.727032266557216644e-02,-4.356650263071060181e-02,7.509956508874893188e-02,6.801403942517936230e-04,4.692100733518600464e-02,-5.406985292211174965e-04,7.534927129745483398e-02,-4.785323888063430786e-02,-1.572456359863281250e-01,4.646958259399980307e-04,1.187534071505069733e-02,8.013959042727947235e-03,4.889198765158653259e-02,-7.095392048358917236e-02,-1.050612926483154297e-01,1.677420437335968018e-01,5.456163082271814346e-03,1.123683452606201172e-01,2.326066419482231140e-02,9.724847586767282337e-06,-3.184396028518676758e-02,-1.824729144573211670e-01,1.308530289679765701e-02,-1.975458562374114990e-01,-7.914508134126663208e-02,-7.033153437077999115e-03,-2.162962220609188080e-03,6.756176054477691650e-02,-1.086893305182456970e-01,-7.829647511243820190e-02,2.071009576320648193e-01,-4.167636856436729431e-03,1.573854684829711914e-01,-1.498437970876693726e-01,-1.048237606883049011e-01,1.123940050601959229e-01,1.712368056178092957e-02,5.843914672732353210e-02,-8.306504786014556885e-02,5.385265126824378967e-02,2.378688938915729523e-02,5.040894821286201477e-02,6.705152988433837891e-02,2.493097912520170212e-03,3.353775828145444393e-04,-9.127773344516754150e-02,-1.563091129064559937e-01,-3.641635552048683167e-02,1.055012736469507217e-02,1.822023466229438782e-02
2.001501023769378662e-01,5.417840555310249329e-03,-1.675487160682678223e-01,7.740139961242675781e-02,4.278017207980155945e-02,-5.261113122105598450e-02,1.897381842136383057e-01,1.408330053091049194e-01,6.827395409345626831e-02,1.055149286985397339e-01,-1.402039080858230591e-01,-3.402170538902282715e-02,-2.855123952031135559e-03,9.624397754669189453e-02,8.213048428297042847e-02,4.850183054804801941e-02,-5.373285966925323009e-04,2.602648921310901642e-02,-1.233005449175834656e-01,-8.611499518156051636e-02,-1.748912185430526733e-01,1.130369585007429123e-02,1.055095121264457703e-01,5.057411268353462219e-02,1.649723947048187256e-02,4.177410528063774109e-02,2.499316632747650146e-02,3.245153278112411499e-02,1.261387616395950317e-01,-1.148133873939514160e-01,-1.031543966382741928e-02,-8.095159381628036499e-02,1.512459516525268555e-01,1.075678616762161255e-01,-5.633245687931776047e-03,-2.301198244094848633e-02,1.781466230750083923e-02,9.484069794416427612e-02,-1.090742200613021851e-01,-2.145788818597793579e-01,1.375920176506042480e-01,5.541081726551055908e-02,-1.196088921278715134e-02,2.514493651688098907e-02,-1.657852083444595337e-01,-2.692518197000026703e-02,-1.728343814611434937e-01,-5.247201025485992432e-02,6.575746834278106689e-02,-7.161021232604980469e-02,-4.210115969181060791e-02,-3.075546585023403168e-02,1.232792660593986511e-01,8.492885157465934753e-03,-7.295155897736549377e-03,-1.139468774199485779e-01,4.008633270859718323e-02,8.067479357123374939e-03,-7.568087428808212280e-02,-6.566493958234786987e-02,-5.749092623591423035e-02,4.365286976099014282e-02,3.761225612834095955e-03,2.299060970544815063e-01,-3.630948066711425781e-02,-1.611311733722686768e-02,-1.492116302251815796e-01,7.485067844390869141e-02,-1.281287074089050293e-01,2.178216353058815002e-03,-1.742580682039260864e-01,4.077507928013801575e-02,-2.068054862320423126e-02,1.461175978183746338e-01,-8.836013823747634888e-02,-1.154718026518821716e-01,-5.728629766963422298e-04,1.604725718498229980e-01,-1.329410374164581299e-01,-8.261067420244216919e-02,1.805881857872009277e-01,5.950477207079529762e-04,-1.794992387294769287e-01,-2.928422065451741219e-03,-1.386736035346984863e-01,-3.963122889399528503e-02,2.583942413330078125e-01,7.311829831451177597e-04,-4.340938851237297058e-02,8.860650658607482910e-02,-9.040655195713043213e-02,-6.971775554120540619e-03,-1.814639009535312653e-02,-1.064328700304031372e-01,-1.597182899713516235e-01,-1.393014937639236450e-01,1.059133782982826233e-01,-9.295497875427827239e-05,-1.081181876361370087e-02,1.960348635911941528e-01,-1.077603474259376526e-01,1.704864501953125000e-01,-8.850744366645812988e-02,-6.909753382205963135e-02,1.809433549642562866e-01,2.429635971784591675e-01,-1.193698346614837646e-01,2.746365405619144440e-02,-1.988882124423980713e-01,-2.678242279216647148e-03,3.405808471143245697e-03,-1.383901536464691162e-01,-3.143741190433502197e-02,9.180721640586853027e-02,1.206119433045387268e-01,-2.004618197679519653e-01,5.745321139693260193e-02,5.520546063780784607e-02,-2.404984533786773682e-01,3.411104902625083923e-02,-1.226739259436726570e-03,1.526615321636199951e-01,1.547039896249771118e-01,8.533928543329238892e-02,6.114223506301641464e-03,-1.321553885936737061e-01,4.308531526476144791e-03,1.266154944896697998e-01
3.412971496582031250e-01,2.521518617868423462e-02,-1.856151074171066284e-01,-2.441009692847728729e-02,3.134013414382934570e-01,-1.079945862293243408e-01,1.408330053091049194e-01,5.528025031089782715e-01,1.465371530503034592e-02,8.947851508855819702e-02,-1.054633222520351410e-02,-1.174790486693382263e-01,1.305362582206726074e-01,8.342501521110534668e-02,2.748292386531829834e-01,3.093762099742889404e-01,-6.453725975006818771e-03,2.169135212898254395e-02,4.474747925996780396e-02,-1.131781712174415588e-01,1.657994687557220459e-01,1.456444859504699707e-01,6.592151708900928497e-03,2.084513194859027863e-02,1.321027800440788269e-02,2.132994383573532104e-01,-1.399502754211425781e-01,-3.558058440685272217e-01,2.953946292400360107e-01,-2.960461974143981934e-01,-6.355564296245574951e-02,-8.472246676683425903e-02,-1.063711717724800110e-01,1.646084636449813843e-01,-4.569670185446739197e-02,-2.388868927955627441e-01,4.190190508961677551e-02,1.703015416860580444e-01,-5.322470664978027344e-01,-2.924405336380004883e-01,2.680317461490631104e-01,5.172892659902572632e-02,8.910699188709259033e-02,5.086071416735649109e-02,1.073887422680854797e-01,-1.560126990079879761e-01,-2.719758749008178711e-01,-1.135456413030624390e-01,2.247775718569755554e-02,-3.513744845986366272e-02,-6.901465356349945068e-02,-1.809905618429183960e-01,1.401059180498123169e-01,-9.807885438203811646e-02,-2.628570199012756348e-01,-3.550575673580169678e-01,1.180972531437873840e-01,2.337971888482570648e-02,1.874671131372451782e-02,-6.143960729241371155e-02,3.245501592755317688e-02,-1.291752010583877563e-01,2.847656374797224998e-03,7.803226262331008911e-02,1.691485941410064697e-02,-2.006845362484455109e-02,-6.916801631450653076e-02,3.160342276096343994e-01,-2.566585540771484375e-01,3.220585286617279053e-01,-3.429969251155853271e-01,-1.611028164625167847e-01,1.010929644107818604e-01,2.409763336181640625e-01,-9.986257553100585938e-02,-2.204680889844894409e-01,-6.206580437719821930e-03,2.801922857761383057e-01,4.369390755891799927e-02,-1.656284183263778687e-01,1.190338954329490662e-01,1.368997502140700817e-03,-3.984886705875396729e-01,-4.389130510389804840e-03,-3.481256663799285889e-01,-1.645160019397735596e-01,3.980475068092346191e-01,1.026710309088230133e-02,-3.926587291061878204e-03,1.886730194091796875e-01,-1.835951358079910278e-01,1.647751033306121826e-01,6.825359910726547241e-02,-1.594598144292831421e-01,-1.389631927013397217e-01,-3.223706781864166260e-01,3.168957233428955078e-01,-1.606761215953156352e-04,-2.988106012344360352e-01,3.524591326713562012e-01,-2.509030699729919434e-01,4.360168278217315674e-01,-1.324239075183868408e-01,-1.544214189052581787e-01,1.520011126995086670e-01,1.089525371789932251e-01,1.705478131771087646e-01,-1.124522760510444641e-01,-3.616012930870056152e-01,7.379141636192798615e-03,-8.613079786300659180e-02,7.786536961793899536e-02,-1.066754013299942017e-01,-8.448071777820587158e-02,3.756866455078125000e-01,-2.177356481552124023e-01,4.511367976665496826e-01,1.923280581831932068e-02,-3.917092978954315186e-01,-2.179992944002151489e-02,3.174794372171163559e-03,1.968248486518859863e-01,2.154909223318099976e-01,9.654203802347183228e-02,-8.095453679561614990e-02,-1.866898685693740845e-02,-1.743377558887004852e-02,8.783483505249023438e-02
9.047082811594009399e-02,2.101517654955387115e-02,-1.738115698099136353e-01,8.279609680175781250e-02,6.098303943872451782e-02,-1.288767606019973755e-01,6.827395409345626831e-02,1.465371530503034592e-02,2.010235786437988281e-01,1.243233755230903625e-01,-6.804750859737396240e-02,-7.215697318315505981e-02,1.046679690480232239e-01,1.205185204744338989e-01,1.355382949113845825e-01,1.611530184745788574e-01,2.718344097957015038e-03,6.724995374679565430e-02,-1.623011082410812378e-01,-1.009556949138641357e-01,-2.593261599540710449e-01,1.169468909502029419e-01,6.415590643882751465e-02,-3.215507417917251587e-02,3.170248121023178101e-02,2.203461676836013794e-01,-1.016116291284561157e-01,-1.601341925561428070e-02,7.539597898721694946e-02,-9.403323754668235779e-03,-2.718304470181465149e-02,-2.403612136840820312e-01,2.014693319797515869e-01,6.168419867753982544e-02,-2.212184626841917634e-04,-1.557471305131912231e-01,6.452581286430358887e-02,1.362999379634857178e-01,-7.688238471746444702e-02,-1.482039988040924072e-01,2.509615421295166016e-01,4.763558506965637207e-02,6.708834320306777954e-02,2.365867048501968384e-02,-1.967460215091705322e-01,-6.896235048770904541e-02,-1.845414936542510986e-01,-6.115784123539924622e-02,6.650765240192413330e-02,-1.023454591631889343e-02,-6.037819758057594299e-02,9.874646365642547607e-02,1.186024546623229980e-01,-1.739547774195671082e-02,4.400983825325965881e-02,-1.605418771505355835e-01,4.767200350761413574e-02,1.082970295101404190e-02,-6.673347204923629761e-02,-9.654393047094345093e-02,-8.173392713069915771e-02,7.100529223680496216e-02,7.205232977867126465e-03,2.358598411083221436e-01,3.062747232615947723e-02,-4.875646904110908508e-02,-4.127176851034164429e-02,1.456712633371353149e-01,-2.193433046340942383e-01,1.726008579134941101e-02,-1.590891480445861816e-01,1.758691370487213135e-01,-9.412205219268798828e-02,2.070588916540145874e-01,-1.226200684905052185e-01,-1.602917909622192383e-01,-2.742190146818757057e-03,2.094921469688415527e-01,-9.879729151725769043e-02,-1.956125050783157349e-01,2.365947514772415161e-01,1.078062923625111580e-03,-1.378279030323028564e-01,2.903606509789824486e-03,-2.043415307998657227e-01,-1.138284131884574890e-01,1.128212064504623413e-01,4.155544564127922058e-03,1.432722210884094238e-01,1.314910948276519775e-01,-4.762597382068634033e-02,-7.971197366714477539e-02,-1.485944092273712158e-01,3.832225874066352844e-02,-2.337768971920013428e-01,-5.982246249914169312e-02,5.015608668327331543e-02,-9.972132829716429114e-05,-9.835406392812728882e-02,2.181751579046249390e-01,-6.399352103471755981e-02,1.815814971923828125e-01,-2.215369790792465210e-01,-1.170217320322990417e-01,2.539919912815093994e-01,3.659464418888092041e-02,-1.937351077795028687e-01,-1.097143441438674927e-01,-1.544253081083297729e-01,-1.790766790509223938e-02,1.844176501035690308e-01,-1.303937584161758423e-01,-1.456435918807983398e-01,5.855469778180122375e-02,1.211212351918220520e-01,-2.407100051641464233e-01,6.730893254280090332e-02,2.777629159390926361e-02,-2.251559644937515259e-01,8.656214922666549683e-02,1.542356982827186584e-02,2.129986882209777832e-01,2.044669091701507568e-01,-5.345597118139266968e-02,-5.484823137521743774e-02,-1.766556501388549805e-01,1.959894225001335144e-02,9.831134229898452759e-02
4.186106380075216293e-03,4.296293109655380249e-02,-3.601705133914947510e-01,2.507930696010589600e-01,1.520924121141433716e-01,-2.399436384439468384e-02,1.055149286985397339e-01,8.947851508855819702e-02,1.243233755230903625e-01,1.759527623653411865e-01,-3.526201844215393066e-02,-1.472745388746261597e-01,2.115546911954879761e-01,2.184001952409744263e-01,3.036517500877380371e-01,3.164260983467102051e-01,2.243218244984745979e-03,1.547435969114303589e-01,-2.827709019184112549e-01,-2.212399989366531372e-01,-1.961031407117843628e-01,2.806975841522216797e-01,1.848613172769546509e-01,-6.412409991025924683e-02,4.426527023315429688e-02,3.406115174293518066e-01,-2.871887981891632080e-01,-6.273198872804641724e-02,2.897943854331970215e-01,-7.414123415946960449e-02,3.535789996385574341e-02,-3.775132596492767334e-01,2.656443417072296143e-01,2.021988034248352051e-01,-1.402552425861358643e-02,-3.211317360401153564e-01,1.212823092937469482e-01,2.458957582712173462e-01,-2.092728465795516968e-01,-2.456449121236801147e-01,3.454625308513641357e-01,6.016112118959426880e-02,2.554590702056884766e-01,5.959687754511833191e-02,-1.187851205468177795e-01,-2.136152982711791992e-01,-3.694121241569519043e-01,-1.124856546521186829e-01,1.618770323693752289e-02,1.186391431838274002e-02,-5.309994798153638840e-03,-1.928274636156857014e-03,9.594576805830001831e-02,-2.571626193821430206e-02,6.984600797295570374e-03,-3.714827299118041992e-01,1.068577691912651062e-01,2.590818144381046295e-02,-1.216556057333946228e-01,-1.886869668960571289e-01,-7.513951510190963745e-02,5.934774503111839294e-02,1.244901306927204132e-02,2.174476385116577148e-01,4.913217201828956604e-02,-8.255877345800399780e-02,7.563770562410354614e-02,3.061336278915405273e-01,-3.434538841247558594e-01,1.152769252657890320e-01,-3.003217875957489014e-01,5.377773195505142212e-02,-9.150816500186920166e-02,3.579891920089721680e-01,-1.210537478327751160e-01,-3.222255110740661621e-01,-4.912819713354110718e-03,4.134259819984436035e-01,-1.075270473957061768e-01,-3.376079499721527100e-01,4.022946953773498535e-01,2.239328110590577126e-03,-2.807984054088592529e-01,2.186731202527880669e-03,-3.201697766780853271e-01,-2.784408926963806152e-01,1.721101701259613037e-01,1.061520259827375412e-02,1.966314762830734253e-01,2.379301041364669800e-01,-9.367907047271728516e-02,-1.068796366453170776e-01,-2.808178663253784180e-01,1.281322836875915527e-01,-3.533139824867248535e-01,-5.693479254841804504e-02,2.085956931114196777e-01,-1.735774858389049768e-04,-2.362217158079147339e-01,2.653182744979858398e-01,-1.352923959493637085e-01,2.164985984563827515e-01,-3.927856087684631348e-01,-2.172400653362274170e-01,4.305620491504669189e-01,9.558711946010589600e-02,-3.026011884212493896e-01,-2.761470675468444824e-01,-1.626537740230560303e-01,-2.547635138034820557e-02,2.626014053821563721e-01,-2.575528323650360107e-01,-3.117992877960205078e-01,1.070198416709899902e-01,3.432906568050384521e-01,-3.574475049972534180e-01,1.436488479375839233e-01,1.018764898180961609e-01,-3.903697729110717773e-01,1.382971853017807007e-01,1.303094774484634399e-01,3.268086910247802734e-01,3.468000888824462891e-01,-1.607002913951873779e-01,-1.943456530570983887e-01,-2.299174368381500244e-01,2.347224205732345581e-02,1.935012191534042358e-01
-2.002567350864410400e-01,1.709753088653087616e-02,-1.493817381560802460e-02,1.068651443347334862e-03,6.673479825258255005e-02,7.702792435884475708e-02,-1.402039080858230591e-01,-1.054633222520351410e-02,-6.804750859737396240e-02,-3.526201844215393066e-02,1.889371126890182495e-01,-4.992264881730079651e-02,1.424294859170913696e-01,3.205273067578673363e-03,9.088491648435592651e-02,1.552398800849914551e-01,-9.152574348263442516e-04,1.702273078262805939e-02,3.788600116968154907e-02,-4.817612096667289734e-02,2.228192389011383057e-01,1.545961052179336548e-01,-9.938783943653106689e-03,-1.069610565900802612e-01,5.961067508906126022e-04,1.447984129190444946e-01,-2.186272591352462769e-01,-1.514616012573242188e-01,9.772086143493652344e-02,4.387933760881423950e-03,4.087681323289871216e-02,-8.413060754537582397e-02,-1.287941038608551025e-01,5.094721168279647827e-02,-1.462582964450120926e-02,-1.836208999156951904e-01,4.399759322404861450e-02,3.316081687808036804e-02,-9.479282051324844360e-02,1.116822734475135803e-01,3.350846003741025925e-03,-4.661554470658302307e-02,1.784103363752365112e-01,1.147172506898641586e-02,2.245289534330368042e-01,-1.649463325738906860e-01,-1.088273711502552032e-02,9.674009867012500763e-03,-8.223768323659896851e-02,1.596648246049880981e-02,7.070487737655639648e-02,-3.646450862288475037e-02,-1.150603443384170532e-01,-4.198370128870010376e-02,-8.107922226190567017e-02,-1.244811639189720154e-01,2.972743101418018341e-02,8.815349079668521881e-03,6.305093318223953247e-02,-6.101606879383325577e-03,6.331077218055725098e-02,-6.488405168056488037e-02,3.772037453018128872e-04,-2.132449001073837280e-01,5.368990451097488403e-02,-1.877892017364501953e-02,2.078192830085754395e-01,1.115646138787269592e-01,-6.606715917587280273e-02,1.193115487694740295e-01,4.169594030827283859e-03,-1.782859265804290771e-01,2.010160684585571289e-02,2.754060551524162292e-02,7.041644304990768433e-02,-3.474849089980125427e-02,-3.378255758434534073e-03,7.537841796875000000e-02,1.843994110822677612e-01,-9.306222200393676758e-02,-2.631383202970027924e-02,7.039174670353531837e-04,-4.760235548019409180e-03,2.494660671800374985e-03,-1.733942143619060516e-02,-1.132695451378822327e-01,-1.152707189321517944e-01,7.016867864876985550e-03,1.352072507143020630e-01,4.627266153693199158e-02,4.697821661829948425e-02,2.255502715706825256e-02,-8.232128620147705078e-02,1.491210758686065674e-01,2.569797821342945099e-02,7.358288019895553589e-02,2.378293313086032867e-02,-9.876907824946101755e-07,-1.751846075057983398e-01,-7.226631045341491699e-02,-1.954104006290435791e-02,-1.721212640404701233e-02,-8.696012943983078003e-02,-4.809815436601638794e-02,1.152890920639038086e-02,-2.481933236122131348e-01,8.522895723581314087e-02,-1.932453662157058716e-01,1.262910962104797363e-01,-6.515142507851123810e-03,7.757318764925003052e-02,4.979293793439865112e-02,-1.180120557546615601e-01,-4.190161824226379395e-02,9.978850930929183960e-02,4.914561659097671509e-02,1.097838133573532104e-01,2.104581566527485847e-03,4.366209730505943298e-02,3.385964315384626389e-03,6.830446422100067139e-02,-9.344162419438362122e-03,3.383315168321132660e-03,-1.452110260725021362e-01,-1.585797667503356934e-01,6.103111803531646729e-02,1.133421063423156738e-02,-4.086963832378387451e-02
6.794107705354690552e-02,-5.005577579140663147e-02,3.565857410430908203e-01,-2.678112387657165527e-01,-1.967261880636215210e-01,-3.248803317546844482e-02,-3.402170538902282715e-02,-1.174790486693382263e-01,-7.215697318315505981e-02,-1.472745388746261597e-01,-4.992264881730079651e-02,1.743071973323822021e-01,-2.436857372522354126e-01,-2.394030541181564331e-01,-3.627747297286987305e-01,-3.825112879276275635e-01,-2.489800797775387764e-03,-1.634887307882308960e-01,2.417837083339691162e-01,2.328200191259384155e-01,7.804108411073684692e-02,-3.563103079795837402e-01,-1.694118380546569824e-01,1.008268743753433228e-01,-4.184865206480026245e-02,-3.752107322216033936e-01,3.727483451366424561e-01,1.366182863712310791e-01,-3.184008896350860596e-01,6.326027959585189819e-02,-4.522892832756042480e-02,3.979711234569549561e-01,-1.903177350759506226e-01,-2.183144390583038330e-01,2.231993153691291809e-02,3.976007103919982910e-01,-1.332031935453414917e-01,-2.498103678226470947e-01,2.525615990161895752e-01,2.343898117542266846e-01,-3.353027999401092529e-01,-4.661045968532562256e-02,-3.285213410854339600e-01,-6.483737379312515259e-02,-1.315032970160245895e-02,2.537351846694946289e-01,3.731325864791870117e-01,1.238438189029693604e-01,3.610312938690185547e-02,-4.267007485032081604e-02,-2.065726183354854584e-02,4.930178076028823853e-02,-5.560132861137390137e-02,5.588439479470252991e-02,2.715239860117435455e-02,4.266834557056427002e-01,-1.272998005151748657e-01,-2.959297597408294678e-02,8.214041590690612793e-02,1.952343732118606567e-01,4.720306396484375000e-02,-2.066740021109580994e-02,-1.339725777506828308e-02,-9.058435261249542236e-02,-7.867486774921417236e-02,8.530708402395248413e-02,-1.714580208063125610e-01,-3.576172590255737305e-01,3.523028790950775146e-01,-1.826939284801483154e-01,2.940123677253723145e-01,1.940361224114894867e-02,7.507320493459701538e-02,-3.698348402976989746e-01,8.474841713905334473e-02,3.415198326110839844e-01,5.663143005222082138e-03,-4.280633926391601562e-01,4.791019484400749207e-02,3.664045035839080811e-01,-3.806388676166534424e-01,-2.551672281697392464e-03,2.825969159603118896e-01,-2.774673048406839371e-03,3.340594470500946045e-01,3.262215852737426758e-01,-9.398350119590759277e-02,-1.321877911686897278e-02,-2.346895039081573486e-01,-2.510531246662139893e-01,8.186422288417816162e-02,9.519663453102111816e-02,3.021976351737976074e-01,-2.006689906120300293e-01,3.257383704185485840e-01,3.430441394448280334e-02,-2.409265637397766113e-01,1.702137087704613805e-04,3.202514052391052246e-01,-2.168393135070800781e-01,1.380437314510345459e-01,-1.889650374650955200e-01,4.246942996978759766e-01,2.309501618146896362e-01,-3.976753056049346924e-01,-1.762755401432514191e-02,2.509167790412902832e-01,3.518236577510833740e-01,1.028349176049232483e-01,2.524257265031337738e-02,-3.014398217201232910e-01,2.199136316776275635e-01,3.651285767555236816e-01,-7.370022684335708618e-02,-3.900887370109558105e-01,3.096655905246734619e-01,-2.064277678728103638e-01,-9.314198046922683716e-02,3.741675019264221191e-01,-1.387318968772888184e-01,-1.571177840232849121e-01,-3.171267509460449219e-01,-3.404604494571685791e-01,2.181634455919265747e-01,2.638732492923736572e-01,1.898051053285598755e-01,-2.080770581960678101e-02,-1.618655323982238770e-01
