3.957223594188690186e-01,1.807771273888647556e-03,-5.033351853489875793e-02,-4.522650316357612610e-02,3.509242236614227295e-01,-2.627785801887512207e-01,6.832206994295120239e-02,4.093276560306549072e-01,1.516911238431930542e-01,1.206344664096832275e-01,-2.098117172718048096e-01,-1.496676802635192871e-01,-1.077523734420537949e-02,1.137234345078468323e-01,1.179024651646614075e-01,2.931291460990905762e-01,3.620634321123361588e-03,7.189024984836578369e-02,-5.439985077828168869e-03,-1.093927621841430664e-01,-1.641253829002380371e-01,-9.701650589704513550e-02,-1.827174611389636993e-02,8.098787069320678711e-02,3.171217069029808044e-02,2.094347178936004639e-01,-1.132187470793724060e-01,-3.211664259433746338e-01,1.334952861070632935e-01,-1.051022037863731384e-01,-1.005152836441993713e-01,-1.568035334348678589e-01,1.780695468187332153e-02,1.494182199239730835e-01,-1.811373606324195862e-02,-1.370291113853454590e-01,1.075972989201545715e-01,1.295320391654968262e-01,-2.817155122756958008e-01,-3.708658218383789062e-01,2.490018308162689209e-01,1.065352931618690491e-01,3.348876163363456726e-02,4.068777710199356079e-02,-8.569075725972652435e-03,-2.810527756810188293e-02,-9.429040551185607910e-02,-8.054944872856140137e-02,6.733164936304092407e-02,-7.457807660102844238e-02,-1.637202799320220947e-01,-2.269007116556167603e-01,3.187242448329925537e-01,3.168930485844612122e-02,-8.486720919609069824e-02,-2.642695009708404541e-01,1.553796380758285522e-01,7.606155704706907272e-03,5.249007605016231537e-03,-9.662328287959098816e-03,-8.403602987527847290e-02,3.114687092602252960e-02,-1.014961628243327141e-03,2.424016296863555908e-01,1.075393520295619965e-02,-3.857688605785369873e-02,-2.579304575920104980e-01,2.365077733993530273e-01,-1.293817758560180664e-01,2.795591354370117188e-01,-2.643128633499145508e-01,1.063743904232978821e-01,-3.037739731371402740e-02,9.649509191513061523e-02,-2.011458277702331543e-01,-2.049001306295394897e-01,7.206761802081018686e-05,1.569982171058654785e-01,-1.291566248983144760e-02,-1.599585264921188354e-01,1.743115037679672241e-01,2.133732195943593979e-04,-2.595432996749877930e-01,-3.286011517047882080e-03,-4.017661511898040771e-01,-1.814548112452030182e-02,2.585508227348327637e-01,3.338618902489542961e-03,-1.379796955734491348e-02,2.178628742694854736e-01,-1.775348037481307983e-01,2.360340058803558350e-01,4.258349165320396423e-02,-5.868051201105117798e-02,-1.732490807771682739e-01,-3.500582873821258545e-01,1.203456372022628784e-01,-1.937364504556171596e-05,-2.265885174274444580e-01,2.264647483825683594e-01,-3.323217332363128662e-01,3.234332799911499023e-01,-1.480695009231567383e-01,-1.943284869194030762e-01,5.431515723466873169e-02,2.063988149166107178e-01,3.363684937357902527e-02,-1.066949777305126190e-02,-3.613077998161315918e-01,6.178656592965126038e-03,8.121522516012191772e-02,5.188103392720222473e-02,-8.236037194728851318e-02,-1.351460628211498260e-02,2.123263776302337646e-01,-9.772365540266036987e-02,3.361278176307678223e-01,-6.683351099491119385e-02,-2.894735038280487061e-01,3.755256906151771545e-02,-3.673325106501579285e-02,1.433445960283279419e-01,2.229229509830474854e-01,1.653171330690383911e-01,-1.956132948398590088e-01,6.576423067599534988e-03,2.206361293792724609e-02,1.315858513116836548e-01
1.807771273888647556e-03,8.671224117279052734e-03,-7.965745776891708374e-02,6.373982876539230347e-02,3.951953724026679993e-02,-2.167059807106852531e-03,-1.586539298295974731e-02,1.829556189477443695e-02,5.132928118109703064e-02,5.136984959244728088e-02,2.846519462764263153e-03,-3.548608347773551941e-02,7.201252877712249756e-02,5.899319797754287720e-02,7.395156472921371460e-02,7.742076367139816284e-02,-2.970928559079766273e-03,7.289597392082214355e-02,-7.271789759397506714e-02,-4.316875338554382324e-02,-3.680313006043434143e-02,5.491173639893531799e-02,5.720230564475059509e-02,-2.196642197668552399e-02,9.062523022294044495e-03,6.772870570421218872e-02,-6.837398558855056763e-02,-4.285529255867004395e-02,7.016683369874954224e-02,-2.392816171050071716e-02,3.225075826048851013e-02,-7.861825078725814819e-02,5.753269419074058533e-02,4.922266304492950439e-02,-2.036564284935593605e-03,-8.172936737537384033e-02,5.424189195036888123e-02,6.944375485181808472e-02,-6.205914542078971863e-02,-3.629322722554206848e-02,6.440467387437820435e-02,4.637657664716243744e-03,7.693019509315490723e-02,2.451073005795478821e-02,2.652372932061553001e-03,-7.528518885374069214e-02,-7.552885264158248901e-02,-2.025762945413589478e-02,-1.890368573367595673e-02,3.051416482776403427e-03,1.284020766615867615e-02,1.505935564637184143e-03,2.854147739708423615e-02,1.437111990526318550e-03,-1.952224969863891602e-02,-7.829713821411132812e-02,2.534588426351547241e-02,3.738242667168378830e-03,-6.687007844448089600e-02,-6.593208014965057373e-02,7.410384248942136765e-03,-1.254409085959196091e-02,1.641386770643293858e-03,3.015736676752567291e-02,-3.859767690300941467e-03,-2.326448075473308563e-02,5.063612386584281921e-02,7.499679923057556152e-02,-7.628699392080307007e-02,2.070299163460731506e-02,-6.112166494131088257e-02,-3.879838064312934875e-02,-1.970383152365684509e-02,7.077573239803314209e-02,-2.507105842232704163e-02,-7.404801994562149048e-02,-5.199563456699252129e-04,7.982944697141647339e-02,-3.056014887988567352e-02,-6.548509001731872559e-02,7.679261267185211182e-02,9.040753502631559968e-05,-5.898787453770637512e-02,-1.599855313543230295e-04,-5.908412486314773560e-02,-7.737357169389724731e-02,3.575230762362480164e-02,1.177869737148284912e-03,6.024668365716934204e-02,4.864420741796493530e-02,-2.958786441013216972e-03,-2.951058186590671539e-02,-6.648840755224227905e-02,2.065744623541831970e-02,-6.634306907653808594e-02,2.367687970399856567e-02,5.628516152501106262e-02,-1.469832341172150336e-06,-5.194186419248580933e-02,6.478273868560791016e-02,-1.326677948236465454e-02,3.273577243089675903e-02,-7.461883127689361572e-02,-6.692772358655929565e-02,9.075441211462020874e-02,-7.810465525835752487e-03,-7.016734778881072998e-02,-8.153448253870010376e-02,-6.280236411839723587e-03,-1.627097488380968571e-03,4.792533814907073975e-02,-6.286375224590301514e-02,-7.278022170066833496e-02,-2.416973188519477844e-02,7.671660929918289185e-02,-7.416165620088577271e-02,3.492464497685432434e-02,3.813006728887557983e-02,-7.036585360765457153e-02,3.516277670860290527e-02,6.754543632268905640e-02,6.182117015123367310e-02,5.931872129440307617e-02,-5.933213979005813599e-02,-2.388114854693412781e-02,-5.022231489419937134e-02,-2.304838737472891808e-03,5.877142772078514099e-02
-5.033351853489875793e-02,-7.965745776891708374e-02,7.983251214027404785e-01,-6.823701262474060059e-01,-4.463739097118377686e-01,2.142665325663983822e-04,9.885444492101669312e-02,-2.501712441444396973e-01,-5.294674634933471680e-01,-6.080664396286010742e-01,3.250166773796081543e-02,4.390773773193359375e-01,-6.497577428817749023e-01,-6.845624446868896484e-01,-7.703489065170288086e-01,-7.460606694221496582e-01,2.862806431949138641e-02,-6.978368759155273438e-01,7.305951118469238281e-01,5.488359332084655762e-01,4.139148890972137451e-01,-6.147028207778930664e-01,-6.568880677223205566e-01,2.265845388174057007e-01,-1.107394024729728699e-01,-6.484540700912475586e-01,7.210397720336914062e-01,4.105704128742218018e-01,-7.368624210357666016e-01,2.646508514881134033e-01,-3.123924136161804199e-01,7.947103381156921387e-01,-5.776436924934387207e-01,-6.498074531555175781e-01,2.964062988758087158e-02,7.851579189300537109e-01,-5.947282314300537109e-01,-7.364832758903503418e-01,5.924278497695922852e-01,4.909703731536865234e-01,-6.559356451034545898e-01,-7.488901168107986450e-02,-7.508040070533752441e-01,-2.813315987586975098e-01,-6.816113740205764771e-02,7.641023993492126465e-01,7.786671519279479980e-01,2.112154960632324219e-01,1.807652860879898071e-01,1.550354957580566406e-01,-9.489973634481430054e-02,1.026819869875907898e-01,-3.917415142059326172e-01,-3.469076380133628845e-02,2.364089041948318481e-01,7.935952544212341309e-01,-3.613340854644775391e-01,-4.366904869675636292e-02,6.400783658027648926e-01,6.874670386314392090e-01,-3.284078091382980347e-02,6.719402968883514404e-02,-1.786931417882442474e-02,-3.273467421531677246e-01,9.470518678426742554e-02,2.562986314296722412e-01,-3.997611403465270996e-01,-7.349970340728759766e-01,7.707868814468383789e-01,-2.227430939674377441e-01,6.717808246612548828e-01,4.213251769542694092e-01,2.613669931888580322e-01,-7.569397687911987305e-01,2.189304083585739136e-01,7.197950482368469238e-01,4.966699518263339996e-03,-8.155340552330017090e-01,3.167015910148620605e-01,7.221221923828125000e-01,-7.913464307785034180e-01,-1.168258138932287693e-03,6.724995970726013184e-01,4.055311903357505798e-03,6.158133745193481445e-01,7.695871591567993164e-01,-4.302832484245300293e-01,-1.268216036260128021e-02,-6.070398092269897461e-01,-6.040535569190979004e-01,4.700734466314315796e-02,2.299462705850601196e-01,6.562718152999877930e-01,-2.365394532680511475e-01,7.107834219932556152e-01,-1.652125567197799683e-01,-5.549148917198181152e-01,2.458589005982503295e-05,5.885537862777709961e-01,-6.554893851280212402e-01,3.150489926338195801e-01,-3.778096139430999756e-01,7.697245478630065918e-01,7.164152264595031738e-01,-8.528327941894531250e-01,-5.840250104665756226e-02,6.628544926643371582e-01,7.585604786872863770e-01,7.623732089996337891e-02,1.779387332499027252e-02,-5.610620975494384766e-01,6.938394904136657715e-01,7.424712181091308594e-01,6.926194578409194946e-02,-7.747915983200073242e-01,7.453570365905761719e-01,-4.130024015903472900e-01,-3.923142850399017334e-01,7.407175302505493164e-01,-4.239110350608825684e-01,-6.558760404586791992e-01,-6.710387468338012695e-01,-6.630929112434387207e-01,5.279380083084106445e-01,4.408531188964843750e-01,5.906986594200134277e-01,1.881485222838819027e-03,-6.393728852272033691e-01
-4.522650316357612610e-02,6.373982876539230347e-02,-6.823701262474060059e-01,7.082378864288330078e-01,2.300848662853240967e-01,8.810811489820480347e-02,-7.139545679092407227e-02,3.921791538596153259e-02,4.543330073356628418e-01,4.984483420848846436e-01,-1.044349521398544312e-01,-3.271542191505432129e-01,4.535425603389739990e-01,5.969963073730468750e-01,6.430992484092712402e-01,5.080050826072692871e-01,-2.174148149788379669e-02,5.756373405456542969e-01,-7.061063051223754883e-01,-4.517619311809539795e-01,-4.560166299343109131e-01,5.763026475906372070e-01,5.756217837333679199e-01,-1.691887676715850830e-01,9.032613039016723633e-02,4.008873999118804932e-01,-5.175000429153442383e-01,-1.353826522827148438e-01,5.270388722419738770e-01,-7.279498875141143799e-02,2.533288896083831787e-01,-6.866962909698486328e-01,6.178281903266906738e-01,5.158482193946838379e-01,-8.925090543925762177e-03,-5.784892439842224121e-01,4.385447502136230469e-01,5.897552371025085449e-01,-3.093823790550231934e-01,-4.342913031578063965e-01,5.526893734931945801e-01,1.128333434462547302e-01,6.017962098121643066e-01,2.196595668792724609e-01,-7.092100381851196289e-02,-5.667312145233154297e-01,-7.024607658386230469e-01,-1.830783039331436157e-01,-1.201534941792488098e-01,-8.040479570627212524e-02,1.114900112152099609e-01,8.312466740608215332e-02,3.743438720703125000e-01,-1.935351174324750900e-03,-5.615612119436264038e-02,-5.989633798599243164e-01,3.255789875984191895e-01,3.266062960028648376e-02,-5.339249372482299805e-01,-6.781056523323059082e-01,-3.573113307356834412e-02,2.011163532733917236e-02,2.009213529527187347e-02,2.125055044889450073e-01,-3.891763463616371155e-02,-2.060948014259338379e-01,3.216501474380493164e-01,5.167919397354125977e-01,-6.210801601409912109e-01,-3.339364007115364075e-02,-4.876583516597747803e-01,-1.990478783845901489e-01,-3.003835678100585938e-01,6.465476751327514648e-01,-2.015384435653686523e-01,-5.701330304145812988e-01,-2.555219456553459167e-03,6.387926340103149414e-01,-4.460813105106353760e-01,-5.829062461853027344e-01,7.235023975372314453e-01,9.249885333701968193e-04,-4.780287146568298340e-01,3.668469726108014584e-04,-4.501191377639770508e-01,-6.339210271835327148e-01,1.779914349317550659e-01,7.050557993352413177e-03,4.383894503116607666e-01,4.458981454372406006e-01,-5.791410431265830994e-02,-3.834468722343444824e-01,-6.293910741806030273e-01,2.597853243350982666e-01,-6.344949603080749512e-01,2.670795917510986328e-01,3.982107639312744141e-01,-1.928416168084368110e-05,-3.655097186565399170e-01,4.829123318195343018e-01,-1.417625993490219116e-01,1.071746870875358582e-01,-6.979742050170898438e-01,-5.384598970413208008e-01,7.561469674110412598e-01,2.087792754173278809e-01,-7.343042492866516113e-01,-6.035286188125610352e-01,1.138195097446441650e-01,-2.218237705528736115e-02,5.481629967689514160e-01,-6.848326325416564941e-01,-6.601865291595458984e-01,8.267530798912048340e-02,6.088805198669433594e-01,-6.265273690223693848e-01,1.509387493133544922e-01,3.258686363697052002e-01,-5.722193717956542969e-01,4.387045800685882568e-01,5.384271740913391113e-01,6.102989912033081055e-01,5.597023963928222656e-01,-4.889051616191864014e-01,-3.453122973442077637e-01,-5.657508373260498047e-01,-1.634638011455535889e-02,4.967001974582672119e-01
3.509242236614227295e-01,3.951953724026679993e-02,-4.463739097118377686e-01,2.300848662853240967e-01,5.957327485084533691e-01,-2.381856143474578857e-01,-4.906592890620231628e-03,5.752682685852050781e-01,3.097062706947326660e-01,3.683519065380096436e-01,-1.163466125726699829e-01,-3.467446863651275635e-01,3.939284682273864746e-01,3.810326159000396729e-01,4.782210588455200195e-01,7.095150351524353027e-01,-1.276991982012987137e-02,4.273283481597900391e-01,-3.256073296070098877e-01,-3.232483863830566406e-01,-1.866177171468734741e-01,1.762442439794540405e-01,2.771700024604797363e-01,-6.733975559473037720e-02,7.464072853326797485e-02,5.944574475288391113e-01,-5.031391382217407227e-01,-5.982842445373535156e-01,5.803906917572021484e-01,-3.173260390758514404e-01,7.499149441719055176e-02,-5.015237331390380859e-01,1.959921568632125854e-01,4.497134089469909668e-01,-3.948230296373367310e-02,-5.752721428871154785e-01,4.050902724266052246e-01,4.914383590221405029e-01,-6.962701678276062012e-01,-4.822504818439483643e-01,5.127730369567871094e-01,6.781393289566040039e-02,4.311191439628601074e-01,1.741389036178588867e-01,1.375356912612915039e-01,-4.858349859714508057e-01,-4.485693275928497314e-01,-1.597339361906051636e-01,-6.951096653938293457e-02,-1.476506143808364868e-01,-9.495902061462402344e-02,-3.599950969219207764e-01,3.659247457981109619e-01,5.396586284041404724e-02,-2.860241532325744629e-01,-6.787559986114501953e-01,2.707813084125518799e-01,2.973791956901550293e-02,-3.200300037860870361e-01,-2.834001779556274414e-01,1.470428891479969025e-02,-9.634300321340560913e-02,2.897531492635607719e-03,3.716381490230560303e-01,-5.700059980154037476e-02,-1.551133990287780762e-01,2.567670866847038269e-02,6.396396756172180176e-01,-5.006175041198730469e-01,4.912891387939453125e-01,-6.076113581657409668e-01,-2.634327411651611328e-01,-5.816311389207839966e-02,4.521003365516662598e-01,-2.391529381275177002e-01,-5.582455992698669434e-01,-3.434061072766780853e-03,5.984328389167785645e-01,-3.868472576141357422e-02,-4.937129914760589600e-01,5.113035440444946289e-01,7.267827750183641911e-04,-5.882913470268249512e-01,-7.006314583122730255e-03,-6.691093444824218750e-01,-4.267647862434387207e-01,5.331349372863769531e-01,1.137639023363590240e-02,3.198093473911285400e-01,4.949395656585693359e-01,-1.505958884954452515e-01,2.127169519662857056e-01,-2.419315576553344727e-01,1.161277573555707932e-02,-4.635870158672332764e-01,-2.651389837265014648e-01,4.315535426139831543e-01,-2.685349318198859692e-05,-5.358583331108093262e-01,5.586534142494201660e-01,-4.828611314296722412e-01,5.769025683403015137e-01,-4.709368944168090820e-01,-5.581442713737487793e-01,4.897175729274749756e-01,6.619530916213989258e-02,-1.918240934610366821e-01,-4.531669616699218750e-01,-4.360187649726867676e-01,4.372651223093271255e-03,2.339782416820526123e-01,-2.328988015651702881e-01,-4.268455505371093750e-01,-1.652528196573257446e-01,6.196587085723876953e-01,-4.439944028854370117e-01,5.761355757713317871e-01,1.634903848171234131e-01,-6.476824879646301270e-01,1.535067707300186157e-01,3.201162517070770264e-01,3.938242793083190918e-01,4.640642106533050537e-01,-9.850578010082244873e-02,-3.507461845874786377e-01,-1.995546072721481323e-01,2.238616347312927246e-02,4.475042223930358887e-01
-2.627785801887512207e-01,-2.167059807106852531e-03,2.142665325663983822e-04,8.810811489820480347e-02,-2.381856143474578857e-01,2.271922975778579712e-01,-1.146273501217365265e-02,-2.689275443553924561e-01,-1.276898235082626343e-01,-5.990999937057495117e-02,1.002929136157035828e-01,9.451931715011596680e-02,-1.341577433049678802e-02,-4.206125438213348389e-02,-4.911105707287788391e-02,-2.114375531673431396e-01,-2.649614820256829262e-03,-4.822140187025070190e-02,-3.115940839052200317e-02,3.478756546974182129e-02,8.601228147745132446e-02,8.683499693870544434e-02,5.305843055248260498e-02,-4.411724209785461426e-02,-1.904457621276378632e-02,-1.856619864702224731e-01,6.658256798982620239e-02,2.459428012371063232e-01,-6.320990622043609619e-02,6.543150544166564941e-02,7.562590390443801880e-02,8.587688952684402466e-02,2.775984257459640503e-02,-4.425964131951332092e-02,1.251206453889608383e-02,1.034308448433876038e-01,-7.323825359344482422e-02,-7.357884943485260010e-02,2.110453099012374878e-01,1.844874471426010132e-01,-1.680915504693984985e-01,-4.697276279330253601e-02,-5.048402585089206696e-03,-1.615522801876068115e-02,-5.826170090585947037e-03,9.775672107934951782e-03,2.075930871069431305e-02,4.695103690028190613e-02,-5.105795711278915405e-02,2.754181623458862305e-02,1.199349984526634216e-01,1.297730207443237305e-01,-1.794281303882598877e-01,-1.484375260770320892e-02,6.455992907285690308e-02,1.498743146657943726e-01,-8.136943727731704712e-02,-4.286190960556268692e-03,-7.470035459846258163e-03,-2.502960152924060822e-02,4.164529591798782349e-02,-3.460366860963404179e-04,2.202252391725778580e-03,-1.701975464820861816e-01,-2.446206286549568176e-02,2.446375600993633270e-02,1.493078172206878662e-01,-1.572539955377578735e-01,8.246290683746337891e-02,-2.170523703098297119e-01,1.570961028337478638e-01,-8.511802554130554199e-02,1.068812329322099686e-02,-4.899930581450462341e-02,1.399982273578643799e-01,1.179514676332473755e-01,3.568020765669643879e-04,-7.816950231790542603e-02,-3.070724196732044220e-02,1.009748429059982300e-01,-7.653927057981491089e-02,-1.024389857775531709e-04,1.465838700532913208e-01,1.660322537645697594e-03,2.611513733863830566e-01,1.202243845909833908e-03,-1.612909287214279175e-01,-2.736057154834270477e-03,-2.195446938276290894e-02,-1.311565786600112915e-01,9.575624018907546997e-02,-1.724775284528732300e-01,-3.996584564447402954e-02,4.422443360090255737e-02,9.538693726062774658e-02,2.344324141740798950e-01,-5.226136744022369385e-02,9.000445061246864498e-06,1.536107212305068970e-01,-1.634355187416076660e-01,1.957093924283981323e-01,-2.426563054323196411e-01,8.042661845684051514e-02,1.216313019394874573e-01,-1.490670535713434219e-02,-3.520008921623229980e-02,-6.586138904094696045e-02,1.764385774731636047e-02,2.727310061454772949e-01,-3.923252224922180176e-03,-3.958370164036750793e-02,-9.448365122079849243e-02,3.610264509916305542e-02,6.704023480415344238e-02,-1.076347604393959045e-01,4.909366741776466370e-02,-2.431084066629409790e-01,5.979954078793525696e-02,1.649031043052673340e-01,2.209135564044117928e-03,3.558713942766189575e-02,-7.072682678699493408e-02,-1.185083538293838501e-01,-1.052030622959136963e-01,8.659767359495162964e-02,-3.659037128090858459e-02,-1.881970837712287903e-02,-6.208075955510139465e-02
6.832206994295120239e-02,-1.586539298295974731e-02,9.885444492101669312e-02,-7.139545679092407227e-02,-4.906592890620231628e-03,-1.146273501217365265e-02,8.701718598604202271e-02,3.369123116135597229e-02,-6.796324253082275391e-02,-2.853381074965000153e-02,-9.055156260728836060e-02,2.480664476752281189e-02,-1.583711504936218262e-01,-4.177480190992355347e-02,-8.409731090068817139e-02,-9.420706331729888916e-02,6.101060193032026291e-03,-1.218288987874984741e-01,8.276869356632232666e-02,5.261240992695093155e-03,-2.093802951276302338e-02,-9.352321177721023560e-02,-6.257192045450210571e-02,6.267409026622772217e-02,-4.531381186097860336e-03,-1.103902459144592285e-01,7.833240181207656860e-02,5.268094688653945923e-02,-8.537827432155609131e-02,2.044996991753578186e-02,-7.456774264574050903e-02,7.333154976367950439e-02,-4.794606938958168030e-02,-6.042574532330036163e-03,1.636927132494747639e-03,1.256369352340698242e-01,-7.221198081970214844e-02,-7.940378040075302124e-02,9.404172748327255249e-02,-7.261168956756591797e-02,-5.391455069184303284e-02,3.677143901586532593e-02,-1.192523241043090820e-01,-2.657095156610012054e-02,-3.622683510184288025e-02,1.159850731492042542e-01,8.091581612825393677e-02,2.325687557458877563e-02,5.988273024559020996e-02,-4.458071291446685791e-02,-4.299742728471755981e-02,-5.761513859033584595e-02,6.194869056344032288e-02,1.641810312867164612e-02,3.153779357671737671e-02,6.392164528369903564e-02,6.884406786412000656e-03,-4.781730473041534424e-03,1.058438569307327271e-01,8.948461711406707764e-02,-6.404802948236465454e-02,7.058110088109970093e-02,-1.159353763796389103e-03,3.554669674485921860e-03,-3.171285614371299744e-03,2.941959723830223083e-02,-1.680758446455001831e-01,-8.607058972120285034e-02,9.943087399005889893e-02,-1.068069133907556534e-02,3.970572724938392639e-02,9.402500838041305542e-02,-9.619632619433104992e-04,-8.808723092079162598e-02,-2.731590997427701950e-03,7.115074992179870605e-02,1.379787805490195751e-03,-8.641373366117477417e-02,1.611763052642345428e-02,5.947815999388694763e-02,-5.792572721838951111e-02,-6.597062019864097238e-05,3.072265163064002991e-02,-9.284409461542963982e-04,1.298330072313547134e-02,1.283309906721115112e-01,6.868281052447855473e-04,-2.190105617046356201e-03,-1.158842220902442932e-01,-2.259829640388488770e-02,-4.498366639018058777e-02,6.580290198326110840e-02,9.898712486028671265e-02,-1.697133481502532959e-02,5.170926079154014587e-02,-1.168116629123687744e-01,-8.185009658336639404e-02,-5.457340193970594555e-06,5.072457715868949890e-02,-7.518040388822555542e-02,-7.351670414209365845e-02,-1.577616296708583832e-02,7.360521703958511353e-02,6.981110572814941406e-02,-1.137333437800407410e-01,1.331097483634948730e-01,7.651288062334060669e-02,1.575553864240646362e-01,-2.668846771121025085e-02,1.713129342533648014e-03,-3.235132992267608643e-02,5.325624346733093262e-02,1.045110970735549927e-01,1.257522702217102051e-01,-7.801782339811325073e-02,9.519934654235839844e-02,-1.079009659588336945e-02,-8.310087025165557861e-02,4.460928216576576233e-02,-1.695162616670131683e-02,-1.305379718542098999e-01,-4.519690573215484619e-02,-2.335104532539844513e-02,1.456395238637924194e-01,-5.148372054100036621e-02,4.509945586323738098e-02,8.471677079796791077e-03,-4.899309948086738586e-02
4.093276560306549072e-01,1.829556189477443695e-02,-2.501712441444396973e-01,3.921791538596153259e-02,5.752682685852050781e-01,-2.689275443553924561e-01,3.369123116135597229e-02,6.728557348251342773e-01,1.349941343069076538e-01,2.177392542362213135e-01,-9.990446269512176514e-02,-2.812401652336120605e-01,2.590063214302062988e-01,2.117546796798706055e-01,3.052379786968231201e-01,5.792388319969177246e-01,-5.783266387879848480e-03,2.710521817207336426e-01,-1.010536476969718933e-01,-1.918089985847473145e-01,6.398755591362714767e-03,8.896446786820888519e-03,1.127275750041007996e-01,-2.010673284530639648e-02,4.939530044794082642e-02,4.778093695640563965e-01,-3.463127911090850830e-01,-6.050628423690795898e-01,4.767874479293823242e-01,-3.112104237079620361e-01,-4.763376899063587189e-03,-2.771657109260559082e-01,-2.184628695249557495e-02,3.409380316734313965e-01,-4.493030533194541931e-02,-4.071387648582458496e-01,2.938880920410156250e-01,3.335646092891693115e-01,-6.683735847473144531e-01,-4.015813171863555908e-01,3.540390431880950928e-01,3.658926486968994141e-02,2.592804133892059326e-01,1.230466961860656738e-01,2.174534499645233154e-01,-3.231770396232604980e-01,-2.636301815509796143e-01,-1.281887590885162354e-01,-5.444826185703277588e-02,-1.726969927549362183e-01,-1.517908275127410889e-01,-4.709948897361755371e-01,2.642837762832641602e-01,5.352825671434402466e-02,-3.163009285926818848e-01,-5.328437089920043945e-01,2.123529464006423950e-01,2.337503246963024139e-02,-1.322134882211685181e-01,-9.121888875961303711e-02,3.930817916989326477e-02,-1.380354762077331543e-01,-4.558004904538393021e-03,2.969654798507690430e-01,-6.404124945402145386e-02,-9.823311865329742432e-02,-1.134607419371604919e-01,5.099574923515319824e-01,-3.241506516933441162e-01,5.484936833381652832e-01,-5.148612260818481445e-01,-2.476641535758972168e-01,6.262418627738952637e-02,2.804453670978546143e-01,-1.575560122728347778e-01,-4.028624594211578369e-01,-2.784630749374628067e-03,4.336410462856292725e-01,9.171951562166213989e-02,-3.193637430667877197e-01,3.043214082717895508e-01,5.153229576535522938e-04,-4.922228157520294189e-01,-8.330847136676311493e-03,-5.713073611259460449e-01,-2.511072158813476562e-01,5.283383727073669434e-01,1.067149918526411057e-02,1.440517604351043701e-01,4.072777628898620605e-01,-1.599132269620895386e-01,4.162775576114654541e-01,-2.729706466197967529e-02,-1.105254590511322021e-01,-2.843650877475738525e-01,-3.989156782627105713e-01,3.651736378669738770e-01,-2.504302756278775632e-05,-4.671257734298706055e-01,4.374887347221374512e-01,-5.154359340667724609e-01,5.948866009712219238e-01,-2.667734622955322266e-01,-4.279891848564147949e-01,2.442380934953689575e-01,6.620734930038452148e-02,7.563852518796920776e-02,-2.781436145305633545e-01,-5.297269821166992188e-01,1.728158071637153625e-02,3.242075443267822266e-02,-1.673584058880805969e-02,-2.519942224025726318e-01,-1.943627744913101196e-01,4.885610938072204590e-01,-2.575913965702056885e-01,5.833171010017395020e-01,9.454801678657531738e-02,-5.186427235603332520e-01,7.063782773911952972e-03,1.778844296932220459e-01,2.115048021078109741e-01,3.047363758087158203e-01,8.709412068128585815e-02,-2.857051193714141846e-01,-9.040988981723785400e-03,3.080040775239467621e-02,3.222942948341369629e-01
1.516911238431930542e-01,5.132928118109703064e-02,-5.294674634933471680e-01,4.543330073356628418e-01,3.097062706947326660e-01,-1.276898235082626343e-01,-6.796324253082275391e-02,1.349941343069076538e-01,5.507520437240600586e-01,4.483231306076049805e-01,-1.358424872159957886e-01,-3.212942481040954590e-01,3.492230772972106934e-01,5.356257557868957520e-01,5.526511669158935547e-01,5.693140625953674316e-01,-1.320642139762639999e-02,4.378392100334167480e-01,-5.278530716896057129e-01,-3.946825563907623291e-01,-5.325031876564025879e-01,3.871991038322448730e-01,3.889414966106414795e-01,-9.904447942972183228e-02,8.960694819688796997e-02,4.759857058525085449e-01,-4.894552826881408691e-01,-2.444408833980560303e-01,4.099698364734649658e-01,-7.201366871595382690e-02,1.252215802669525146e-01,-6.919583082199096680e-01,4.735181927680969238e-01,4.231345653533935547e-01,-1.215586718171834946e-02,-5.642707943916320801e-01,3.824094533920288086e-01,5.109150409698486328e-01,-3.336422741413116455e-01,-4.657297730445861816e-01,5.699314475059509277e-01,1.280561536550521851e-01,4.531169831752777100e-01,1.690167039632797241e-01,-9.446834027767181396e-02,-4.681512117385864258e-01,-5.408948063850402832e-01,-1.511072069406509399e-01,-1.522523630410432816e-02,-1.126779317855834961e-01,-1.492957584559917450e-02,3.650928661227226257e-02,4.579257071018218994e-01,8.978077210485935211e-03,-5.467344075441360474e-02,-5.792279243469238281e-01,2.977768778800964355e-01,2.607560157775878906e-02,-3.955320119857788086e-01,-4.978698492050170898e-01,-9.129627048969268799e-02,8.909392356872558594e-02,1.554362289607524872e-02,3.026171326637268066e-01,-8.913794532418251038e-03,-1.771754771471023560e-01,1.298356652259826660e-01,5.087587237358093262e-01,-5.741839408874511719e-01,9.094239771366119385e-02,-4.530660212039947510e-01,-4.663887619972229004e-02,-3.070597350597381592e-01,5.626346468925476074e-01,-2.601107060909271240e-01,-5.009265542030334473e-01,-2.174022840335965157e-03,5.631305575370788574e-01,-2.951621115207672119e-01,-5.757836103439331055e-01,6.387830376625061035e-01,8.143677841871976852e-04,-4.690633714199066162e-01,-2.603778511911514215e-06,-5.244662165641784668e-01,-5.010644793510437012e-01,2.144459635019302368e-01,6.457050796598196030e-03,4.232632219791412354e-01,4.366613626480102539e-01,-7.682842016220092773e-02,-2.128050774335861206e-01,-4.705834388732910156e-01,2.241722643375396729e-01,-5.726237893104553223e-01,4.153724759817123413e-02,2.476821094751358032e-01,-1.923095078382175416e-05,-4.076032638549804688e-01,4.728795886039733887e-01,-2.328923493623733521e-01,2.571758329868316650e-01,-6.523824930191040039e-01,-5.041223168373107910e-01,6.373016238212585449e-01,1.255847513675689697e-01,-5.756205320358276367e-01,-4.764887094497680664e-01,-8.610738813877105713e-02,-2.231746539473533630e-02,5.763134360313415527e-01,-4.818059504032135010e-01,-5.300956368446350098e-01,6.679186224937438965e-02,5.035068988800048828e-01,-5.360630154609680176e-01,2.925766706466674805e-01,1.511735916137695312e-01,-5.499345064163208008e-01,3.651827871799468994e-01,3.387801945209503174e-01,5.462381839752197266e-01,5.506933331489562988e-01,-2.945883870124816895e-01,-3.620205521583557129e-01,-4.615098237991333008e-01,1.433711312711238861e-02,3.944363594055175781e-01
1.206344664096832275e-01,5.136984959244728088e-02,-6.080664396286010742e-01,4.984483420848846436e-01,3.683519065380096436e-01,-5.990999937057495117e-02,-2.853381074965000153e-02,2.177392542362213135e-01,4.483231306076049805e-01,4.785170555114746094e-01,-1.096346452832221985e-01,-3.401122987270355225e-01,4.188963770866394043e-01,5.589945912361145020e-01,6.046777963638305664e-01,6.377318501472473145e-01,-1.713766716420650482e-02,4.815517961978912354e-01,-5.711290836334228516e-01,-4.380918443202972412e-01,-4.343159198760986328e-01,4.080008268356323242e-01,4.590399265289306641e-01,-1.277788281440734863e-01,9.007584303617477417e-02,5.158885717391967773e-01,-5.717264413833618164e-01,-3.109216690063476562e-01,5.571813583374023438e-01,-1.788289546966552734e-01,1.688867360353469849e-01,-7.083598971366882324e-01,4.592391550540924072e-01,5.247507095336914062e-01,-2.009986154735088348e-02,-6.308126449584960938e-01,4.222964048385620117e-01,5.677086710929870605e-01,-4.533518552780151367e-01,-4.859574437141418457e-01,5.535665154457092285e-01,9.936439245939254761e-02,5.325251221656799316e-01,1.967653334140777588e-01,-8.771037682890892029e-03,-5.824619531631469727e-01,-6.030603051185607910e-01,-1.468360871076583862e-01,-6.449744850397109985e-02,-1.574285179376602173e-01,2.124355174601078033e-02,-9.115227311849594116e-02,4.169003665447235107e-01,3.330586478114128113e-02,-1.413879096508026123e-01,-6.838790178298950195e-01,2.995759546756744385e-01,3.013121895492076874e-02,-4.410103261470794678e-01,-5.043610930442810059e-01,-5.045159906148910522e-02,3.512080013751983643e-02,1.396253518760204315e-02,3.025847077369689941e-01,-5.942310392856597900e-02,-1.854271441698074341e-01,1.708107441663742065e-01,5.884349942207336426e-01,-6.124329566955566406e-01,1.716614812612533569e-01,-5.392807126045227051e-01,-2.223509401082992554e-01,-2.479133009910583496e-01,5.974489450454711914e-01,-2.175685614347457886e-01,-5.701075792312622070e-01,-2.785823540762066841e-03,6.714999675750732422e-01,-2.444414198398590088e-01,-6.057774424552917480e-01,6.859328150749206543e-01,8.833224419504404068e-04,-5.476744174957275391e-01,-3.031238447874784470e-03,-5.569909811019897461e-01,-5.604966282844543457e-01,3.339434862136840820e-01,8.118484169244766235e-03,4.416449666023254395e-01,4.806559979915618896e-01,-7.150314003229141235e-02,-1.514902859926223755e-01,-4.813218712806701660e-01,2.028315961360931396e-01,-5.902300477027893066e-01,2.522342838346958160e-02,3.407719731330871582e-01,-2.344604399695526809e-05,-4.545671343803405762e-01,5.091937780380249023e-01,-3.142575621604919434e-01,3.202098906040191650e-01,-6.585320830345153809e-01,-5.660981535911560059e-01,7.144096493721008301e-01,1.225297749042510986e-01,-5.584281086921691895e-01,-5.444854497909545898e-01,-9.708803147077560425e-02,-1.667946577072143555e-02,5.097550153732299805e-01,-5.406238436698913574e-01,-5.555284619331359863e-01,5.491445213556289673e-02,6.100938916206359863e-01,-5.710693001747131348e-01,3.460832536220550537e-01,2.154969274997711182e-01,-6.286309361457824707e-01,3.425916433334350586e-01,4.059714078903198242e-01,5.463915467262268066e-01,5.607528090476989746e-01,-3.003427088260650635e-01,-4.044439196586608887e-01,-4.561797082424163818e-01,1.177974604070186615e-02,4.754566252231597900e-01
-2.098117172718048096e-01,2.846519462764263153e-03,3.250166773796081543e-02,-1.044349521398544312e-01,-1.163466125726699829e-01,1.002929136157035828e-01,-9.055156260728836060e-02,-9.990446269512176514e-02,-1.358424872159957886e-01,-1.096346452832221985e-01,2.833587825298309326e-01,7.360916584730148315e-02,1.514295339584350586e-01,-1.107317581772804260e-01,-5.991199985146522522e-02,-3.350397199392318726e-02,-5.489592440426349640e-03,-1.402483973652124405e-02,1.138583570718765259e-01,1.077948138117790222e-01,2.933666408061981201e-01,1.226943079382181168e-02,-2.523028478026390076e-02,-9.444868564605712891e-02,-2.649078331887722015e-02,3.028852865099906921e-02,-1.722979359328746796e-02,-1.483537908643484116e-02,4.762391373515129089e-02,-6.615592539310455322e-02,1.014471873641014099e-01,1.265388876199722290e-01,-1.869053095579147339e-01,-8.926500380039215088e-02,-6.016677245497703552e-03,-3.722954541444778442e-02,-1.921386271715164185e-02,-5.732351168990135193e-02,-7.519359141588211060e-02,3.288055658340454102e-01,-1.973834484815597534e-01,-1.514547765254974365e-01,3.524639084935188293e-02,-1.320581045001745224e-02,1.864931434392929077e-01,-1.007656902074813843e-01,1.033800616860389709e-01,5.859237536787986755e-02,-1.128018274903297424e-01,4.670724738389253616e-03,9.044260531663894653e-02,-8.577579632401466370e-03,-3.347006738185882568e-01,2.978930016979575157e-03,-1.049852296710014343e-01,8.162805438041687012e-02,-1.487385332584381104e-01,-8.204084588214755058e-04,3.771832212805747986e-03,1.009820178151130676e-01,1.659950315952301025e-01,-1.482418179512023926e-01,-5.799024365842342377e-03,-1.573394387960433960e-01,-5.397979170083999634e-02,2.216020412743091583e-02,2.383959889411926270e-01,-3.793356195092201233e-02,4.021140933036804199e-02,2.265976741909980774e-02,1.062021553516387939e-01,-2.974182069301605225e-01,1.365246027708053589e-01,-5.773958563804626465e-02,2.064947187900543213e-01,1.131086051464080811e-01,-2.149135572835803032e-03,-2.581405080854892731e-02,2.145073264837265015e-01,9.711080789566040039e-02,-1.895821541547775269e-01,-1.152266559074632823e-04,8.418481051921844482e-02,-1.301996526308357716e-03,2.249298393726348877e-01,-4.608479887247085571e-02,-1.157130207866430283e-02,1.995219150558114052e-03,7.840163260698318481e-02,-1.071303486824035645e-01,1.685572862625122070e-01,5.143821984529495239e-02,6.338466703891754150e-02,-5.733295530080795288e-02,1.744974404573440552e-01,1.493473500013351440e-01,3.063346026465296745e-03,1.644604890316259116e-05,1.985128037631511688e-02,-9.152761101722717285e-02,1.407033652067184448e-01,-9.273683652281761169e-03,1.517675071954727173e-01,6.381922960281372070e-02,-6.411400437355041504e-02,-3.583381772041320801e-01,1.902529150247573853e-01,-7.809363305568695068e-02,7.675556838512420654e-02,6.354768294841051102e-03,-1.644506752490997314e-01,9.162195026874542236e-02,7.889303565025329590e-02,-1.944819092750549316e-01,-6.996683776378631592e-02,6.667912006378173828e-02,-2.435784786939620972e-02,7.273125648498535156e-02,1.413660943508148193e-01,-1.417972445487976074e-01,7.277675718069076538e-02,-1.737316101789474487e-01,-1.798755079507827759e-01,-8.861605077981948853e-02,1.542726010084152222e-01,9.404602646827697754e-02,-4.201855510473251343e-03,-7.580620795488357544e-02
-1.496676802635192871e-01,-3.548608347773551941e-02,4.390773773193359375e-01,-3.271542191505432129e-01,-3.467446863651275635e-01,9.451931715011596680e-02,2.480664476752281189e-02,-2.812401652336120605e-01,-3.212942481040954590e-01,-3.401122987270355225e-01,7.360916584730148315e-02,2.848371565341949463e-01,-3.207761049270629883e-01,-4.097750782966613770e-01,-4.593363106250762939e-01,-5.466247797012329102e-01,1.102320291101932526e-02,-3.599242269992828369e-01,3.738540112972259521e-01,3.097466826438903809e-01,2.637204527854919434e-01,-2.762957811355590820e-01,-3.115134835243225098e-01,9.065683186054229736e-02,-6.771076470613479614e-02,-4.336668252944946289e-01,4.367910921573638916e-01,3.196348845958709717e-01,-4.668013155460357666e-01,1.549718976020812988e-01,-1.018714979290962219e-01,5.211113095283508301e-01,-2.676590085029602051e-01,-4.096371233463287354e-01,2.415384724736213684e-02,5.018836855888366699e-01,-3.279985189437866211e-01,-4.352048933506011963e-01,4.497102499008178711e-01,3.848294615745544434e-01,-4.245823919773101807e-01,-6.465819478034973145e-02,-3.888554275035858154e-01,-1.502018272876739502e-01,-5.989309772849082947e-02,4.496408700942993164e-01,4.429727196693420410e-01,1.210189610719680786e-01,5.990978702902793884e-02,1.666870713233947754e-01,3.198044374585151672e-02,1.561766862869262695e-01,-3.112152516841888428e-01,-2.710746973752975464e-02,1.618647575378417969e-01,5.585916042327880859e-01,-2.447001188993453979e-01,-2.490523643791675568e-02,2.860006988048553467e-01,3.470239043235778809e-01,1.619978435337543488e-02,1.052100490778684616e-02,-7.614223286509513855e-03,-2.284232079982757568e-01,5.517892912030220032e-02,1.388515233993530273e-01,-8.126761764287948608e-02,-4.843179583549499512e-01,4.649234116077423096e-01,-2.147758454084396362e-01,4.506531655788421631e-01,2.040832340717315674e-01,1.493426412343978882e-01,-4.596905410289764404e-01,1.413118690252304077e-01,4.292986094951629639e-01,2.432982437312602997e-03,-5.328242778778076172e-01,1.290266066789627075e-01,4.653328657150268555e-01,-5.030997395515441895e-01,-7.061024080030620098e-04,4.578077495098114014e-01,3.496765857562422752e-03,4.722993969917297363e-01,4.271109700202941895e-01,-3.017933368682861328e-01,-7.675990462303161621e-03,-3.089852333068847656e-01,-3.982364237308502197e-01,6.513086706399917603e-02,-4.505540244281291962e-03,3.026424348354339600e-01,-1.033599078655242920e-01,4.336870610713958740e-01,6.065911054611206055e-02,-2.752444446086883545e-01,1.889540180854965001e-05,4.001571834087371826e-01,-4.126029908657073975e-01,3.109226524829864502e-01,-3.313078284263610840e-01,4.939557909965515137e-01,4.558791518211364746e-01,-5.012122988700866699e-01,-8.615405857563018799e-02,3.252834379673004150e-01,4.128514528274536133e-01,1.695992350578308105e-01,6.993041839450597763e-03,-3.460408151149749756e-01,3.398575782775878906e-01,4.189695417881011963e-01,-2.833077451214194298e-03,-4.974788129329681396e-01,4.155979156494140625e-01,-3.508946895599365234e-01,-1.582049131393432617e-01,5.121529102325439453e-01,-2.192928045988082886e-01,-2.940257191658020020e-01,-3.899036943912506104e-01,-4.190435707569122314e-01,1.690147668123245239e-01,3.310180604457855225e-01,2.962459027767181396e-01,-1.918416284024715424e-02,-3.493844568729400635e-01
