4.079414904117584229e-01,-9.211387805407866836e-05,2.139481753110885620e-01,-2.552312910556793213e-01,2.228456884622573853e-01,-4.081606268882751465e-01,9.837546199560165405e-02,3.962137401103973389e-01,-2.150789089500904083e-02,-9.274151921272277832e-02,-2.660269737243652344e-01,-1.444755643606185913e-01,-2.175961285829544067e-01,-1.216472610831260681e-01,-1.331670582294464111e-01,8.636103570461273193e-02,8.793096989393234253e-03,-1.503282934427261353e-01,1.826548725366592407e-01,-2.049982175230979919e-02,-1.398696303367614746e-01,-3.001777827739715576e-01,-2.607224285602569580e-01,1.757257282733917236e-01,7.413157727569341660e-03,1.354683339595794678e-01,8.882680535316467285e-02,-3.220202624797821045e-01,-4.221936687827110291e-02,-4.033270478248596191e-02,-2.007454335689544678e-01,3.948735073208808899e-02,-2.162071466445922852e-01,-1.448202691972255707e-02,-1.023488398641347885e-02,6.022258102893829346e-02,1.463505439460277557e-02,-6.131904944777488708e-02,-1.595954746007919312e-01,-1.638588309288024902e-01,7.487992197275161743e-02,1.367182433605194092e-01,-2.292416244745254517e-01,-6.059952452778816223e-02,-3.265481442213058472e-02,3.336039483547210693e-01,6.628544628620147705e-02,5.033033713698387146e-02,2.014526724815368652e-01,-5.508717522025108337e-02,-2.167397141456604004e-01,-2.532459497451782227e-01,9.021016955375671387e-02,3.650977276265621185e-03,1.465639844536781311e-02,1.198733784258365631e-02,7.778079807758331299e-02,-1.604657736606895924e-03,2.018246352672576904e-01,3.069312572479248047e-01,-1.354400813579559326e-01,2.512654364109039307e-01,-7.536410819739103317e-03,1.975773572921752930e-01,9.017583727836608887e-02,7.974240928888320923e-03,-3.707255423069000244e-01,9.427930228412151337e-03,5.549615994095802307e-02,2.635980844497680664e-01,-1.485248059034347534e-01,2.895432412624359131e-01,-7.176498416811227798e-03,-1.578431725502014160e-01,-2.066083103418350220e-01,-3.795493021607398987e-02,1.008094870485365391e-03,-1.286684870719909668e-01,1.122565641999244690e-01,9.200099855661392212e-02,-4.385608807206153870e-02,-8.196695125661790371e-05,-6.259650737047195435e-02,-1.604336430318653584e-03,-1.688957959413528442e-01,2.135384529829025269e-01,2.723954916000366211e-01,1.582899945788085461e-03,-1.829842478036880493e-01,5.496337637305259705e-02,-1.227049902081489563e-01,3.570444881916046143e-01,1.981381475925445557e-01,-2.287747710943222046e-01,3.068698383867740631e-02,-3.401256799697875977e-01,-9.058532863855361938e-02,-9.060765478352550417e-06,-4.698738455772399902e-02,3.751353919506072998e-02,-2.530614733695983887e-01,3.513314425945281982e-01,7.848691195249557495e-02,-4.918682947754859924e-02,-1.971991807222366333e-01,4.406826943159103394e-02,2.935294508934020996e-01,2.462029904127120972e-01,-4.197441935539245605e-01,1.658195443451404572e-02,-1.751992553472518921e-01,2.860352098941802979e-01,1.473751366138458252e-01,-7.505428045988082886e-02,-4.180334880948066711e-02,8.330679498612880707e-03,2.525351643562316895e-01,-2.247267961502075195e-01,-2.651163749396800995e-02,-1.976918131113052368e-01,-2.360426038503646851e-01,-9.142390638589859009e-02,-5.264028534293174744e-02,3.706699907779693604e-01,6.002152338624000549e-03,2.072283178567886353e-01,1.441009528934955597e-02,4.844992607831954956e-02
-9.211387805407866836e-05,1.281786710023880005e-02,-9.744715690612792969e-02,7.411975413560867310e-02,7.395993918180465698e-02,-3.124664770439267159e-03,-2.120419219136238098e-02,4.442667216062545776e-02,6.937865167856216431e-02,7.759981602430343628e-02,-8.238621056079864502e-03,-6.039866060018539429e-02,8.440912514925003052e-02,8.268459886312484741e-02,9.173498302698135376e-02,1.077659502625465393e-01,-1.875195768661797047e-03,8.946318179368972778e-02,-9.471133351325988770e-02,-7.089979201555252075e-02,-4.843660816550254822e-02,7.196322083473205566e-02,6.656997650861740112e-02,-4.295321181416511536e-02,1.825619488954544067e-02,9.540212899446487427e-02,-9.135875105857849121e-02,-6.422031670808792114e-02,9.515179693698883057e-02,-2.139158174395561218e-02,1.289303693920373917e-02,-1.046938374638557434e-01,5.746410787105560303e-02,7.953429967164993286e-02,-3.561586607247591019e-03,-1.085879653692245483e-01,8.485866338014602661e-02,9.335571527481079102e-02,-9.164756536483764648e-02,-8.085281401872634888e-02,9.158282727003097534e-02,-3.170824609696865082e-03,9.346768260002136230e-02,5.102257430553436279e-02,7.611963432282209396e-03,-8.745247125625610352e-02,-9.136652201414108276e-02,-3.469835966825485229e-02,-2.566933818161487579e-02,7.193072233349084854e-03,2.070002257823944092e-03,-1.226869225502014160e-02,6.957913190126419067e-02,-8.008374832570552826e-03,-3.653998672962188721e-02,-1.056612804532051086e-01,5.425304919481277466e-02,4.080518148839473724e-03,-8.946941047906875610e-02,-6.747713685035705566e-02,-6.789764855057001114e-03,-3.237095102667808533e-02,2.445835620164871216e-03,5.123941600322723389e-02,1.672602444887161255e-02,-3.610006719827651978e-02,4.640352353453636169e-02,1.080867499113082886e-01,-9.944377094507217407e-02,6.215484812855720520e-02,-9.202525764703750610e-02,-3.959148377180099487e-02,-3.421613574028015137e-02,8.963958173990249634e-02,-1.310067810118198395e-02,-1.040369570255279541e-01,-3.380469570402055979e-04,1.013488471508026123e-01,-2.646320872008800507e-02,-9.060405194759368896e-02,9.693339467048645020e-02,6.328734161797910929e-05,-8.681622147560119629e-02,-3.242589591536670923e-04,-1.005936115980148315e-01,-8.993799984455108643e-02,5.196692794561386108e-02,1.133071258664131165e-03,8.950863778591156006e-02,7.695403695106506348e-02,-2.141033113002777100e-02,-2.909646928310394287e-02,-8.789183199405670166e-02,5.221817269921302795e-02,-9.060005843639373779e-02,1.051578670740127563e-02,7.102511823177337646e-02,3.067891327646066202e-07,-8.328886330127716064e-02,8.928499370813369751e-02,-4.480947554111480713e-02,5.476730689406394958e-02,-9.752412140369415283e-02,-9.081623703241348267e-02,1.051688417792320251e-01,-6.818277295678853989e-03,-8.371527493000030518e-02,-9.968399256467819214e-02,-2.385179512202739716e-02,-9.489081567153334618e-04,7.170055061578750610e-02,-7.754313200712203979e-02,-9.413902461528778076e-02,-2.599873393774032593e-02,9.919567406177520752e-02,-8.940648287534713745e-02,6.519010663032531738e-02,6.005449220538139343e-02,-9.961567819118499756e-02,6.140180304646492004e-02,9.126094728708267212e-02,8.289903402328491211e-02,7.733481377363204956e-02,-5.863068252801895142e-02,-5.862890928983688354e-02,-6.152956560254096985e-02,-1.054888498038053513e-02,7.984514534473419189e-02
2.139481753110885620e-01,-9.744715690612792969e-02,8.355978131294250488e-01,-7.506735920906066895e-01,-5.012674927711486816e-01,-1.995715945959091187e-01,1.949412822723388672e-01,-1.791710108518600464e-01,-5.667531490325927734e-01,-6.778009533882141113e-01,3.258139267563819885e-02,4.650529026985168457e-01,-6.734787821769714355e-01,-7.441927790641784668e-01,-7.943034768104553223e-01,-7.285948395729064941e-01,1.772077567875385284e-02,-7.353804111480712891e-01,8.032228946685791016e-01,6.225257515907287598e-01,3.725510537624359131e-01,-7.304956912994384766e-01,-6.888824105262756348e-01,4.153006076812744141e-01,-1.652987152338027954e-01,-6.108494400978088379e-01,7.534629106521606445e-01,3.140530884265899658e-01,-7.337136864662170410e-01,1.239669919013977051e-01,-1.615421026945114136e-01,7.913683652877807617e-01,-5.807362794876098633e-01,-6.978586912155151367e-01,2.563694678246974945e-02,7.894788980484008789e-01,-6.703843474388122559e-01,-7.687435150146484375e-01,5.598509907722473145e-01,6.134837269783020020e-01,-6.833540201187133789e-01,4.026310890913009644e-02,-8.064473271369934082e-01,-4.730320572853088379e-01,-8.155055344104766846e-02,7.997118830680847168e-01,7.768054008483886719e-01,3.076933324337005615e-01,2.697399258613586426e-01,-7.103994954377412796e-03,-8.665621280670166016e-02,1.402773777954280376e-03,-5.670368671417236328e-01,7.827610522508621216e-02,2.779428958892822266e-01,7.894942164421081543e-01,-5.082014203071594238e-01,-3.761374577879905701e-02,7.673145532608032227e-01,6.987750530242919922e-01,1.328554283827543259e-02,3.391627669334411621e-01,-2.585082687437534332e-02,-3.120781779289245605e-01,-1.015434861183166504e-01,3.220993876457214355e-01,-4.500733911991119385e-01,-7.733360528945922852e-01,7.788367271423339844e-01,-3.575348854064941406e-01,6.495490670204162598e-01,4.006895422935485840e-01,3.528606295585632324e-01,-7.847623229026794434e-01,-7.366219535470008850e-03,7.544786930084228516e-01,2.874867757782340050e-03,-8.275858163833618164e-01,3.225112259387969971e-01,7.619192600250244141e-01,-7.830427885055541992e-01,-6.316786166280508041e-04,6.867434382438659668e-01,1.986857037991285324e-03,6.744883060455322266e-01,8.046888709068298340e-01,-2.858196198940277100e-01,-8.277915418148040771e-03,-7.458311319351196289e-01,-6.404879689216613770e-01,1.679062992334365845e-01,3.771102130413055420e-01,7.708881497383117676e-01,-5.839075446128845215e-01,7.360054850578308105e-01,-2.558905184268951416e-01,-5.999532938003540039e-01,-5.050863819633377716e-06,6.393089294433593750e-01,-6.553661227226257324e-01,3.260855376720428467e-01,-2.407390326261520386e-01,7.934604287147521973e-01,6.929629445075988770e-01,-8.487609624862670898e-01,-8.241754025220870972e-02,7.451570630073547363e-01,8.107325434684753418e-01,-2.214730158448219299e-02,1.741119287908077240e-02,-6.699610948562622070e-01,7.626093029975891113e-01,8.037769794464111328e-01,4.523232206702232361e-02,-7.943691611289978027e-01,7.135122418403625488e-01,-3.749942779541015625e-01,-6.181674599647521973e-01,7.598457932472229004e-01,-6.454969048500061035e-01,-7.764850258827209473e-01,-7.185538411140441895e-01,-6.881620287895202637e-01,6.132579445838928223e-01,5.721915364265441895e-01,6.438926458358764648e-01,8.191069960594177246e-02,-6.434248089790344238e-01
-2.552312910556793213e-01,7.411975413560867310e-02,-7.506735920906066895e-01,7.721208930015563965e-01,3.454493284225463867e-01,2.570859491825103760e-01,-1.518411934375762939e-01,6.391357630491256714e-03,5.337637662887573242e-01,5.469447970390319824e-01,-1.347978860139846802e-01,-3.255330622196197510e-01,4.888658225536346436e-01,6.793746352195739746e-01,7.113921642303466797e-01,5.492290258407592773e-01,-1.310301944613456726e-02,6.017602086067199707e-01,-7.476818561553955078e-01,-5.711776614189147949e-01,-4.205341339111328125e-01,6.803774237632751465e-01,6.112025380134582520e-01,-3.055539727210998535e-01,1.508506983518600464e-01,4.101923406124114990e-01,-6.341206431388854980e-01,-8.860839158296585083e-02,5.559009313583374023e-01,1.963946968317031860e-03,9.638760983943939209e-02,-7.239882946014404297e-01,6.545131802558898926e-01,6.325024962425231934e-01,-7.770407479256391525e-03,-6.162577867507934570e-01,5.127591490745544434e-01,6.743685007095336914e-01,-3.206856846809387207e-01,-5.559598207473754883e-01,6.282483339309692383e-01,5.831246450543403625e-02,6.913770437240600586e-01,3.708759248256683350e-01,-7.105877995491027832e-02,-6.937807798385620117e-01,-7.201141715049743652e-01,-2.497676759958267212e-01,-1.308337301015853882e-01,3.599485382437705994e-02,8.565203100442886353e-02,1.735849529504776001e-01,5.787085294723510742e-01,-1.072788387537002563e-01,-9.300521016120910645e-02,-6.435785293579101562e-01,5.080155730247497559e-01,3.056065365672111511e-02,-6.901260614395141602e-01,-7.519445419311523438e-01,-4.539962857961654663e-02,-2.292252779006958008e-01,2.827749773859977722e-02,2.142899334430694580e-01,1.454341858625411987e-01,-2.755917310714721680e-01,3.420743048191070557e-01,6.062914133071899414e-01,-6.590023040771484375e-01,1.503292918205261230e-01,-5.014917850494384766e-01,-2.023126482963562012e-01,-4.191970825195312500e-01,7.046520709991455078e-01,-6.517022848129272461e-02,-6.188119053840637207e-01,-1.537716831080615520e-03,7.125956416130065918e-01,-4.319585859775543213e-01,-6.838089227676391602e-01,7.286939024925231934e-01,5.523908184841275215e-04,-5.643757581710815430e-01,3.021151060238480568e-03,-5.462760925292968750e-01,-7.204046249389648438e-01,7.937034219503402710e-02,4.092432092875242233e-03,6.263295412063598633e-01,5.408214330673217773e-01,-2.039784789085388184e-01,-4.831908047199249268e-01,-7.483966350555419922e-01,6.212208867073059082e-01,-6.784794330596923828e-01,3.123315870761871338e-01,4.501158595085144043e-01,3.840701538138091564e-06,-4.644887447357177734e-01,5.151167511940002441e-01,-2.177005261182785034e-01,3.746464103460311890e-02,-7.456373572349548340e-01,-5.497047901153564453e-01,7.957055568695068359e-01,2.773319780826568604e-01,-7.979709506034851074e-01,-6.894363164901733398e-01,1.689208894968032837e-01,-2.729925885796546936e-02,6.781517863273620605e-01,-7.620274424552917480e-01,-7.629194259643554688e-01,1.499405503273010254e-01,6.776404380798339844e-01,-6.225899457931518555e-01,1.515446156263351440e-01,5.122370719909667969e-01,-6.394367218017578125e-01,6.566011309623718262e-01,6.530562043190002441e-01,7.260558605194091797e-01,6.487151980400085449e-01,-5.873193740844726562e-01,-5.435031056404113770e-01,-6.505568027496337891e-01,-5.510083213448524475e-02,5.167382359504699707e-01
2.228456884622573853e-01,7.395993918180465698e-02,-5.012674927711486816e-01,3.454493284225463867e-01,6.698949933052062988e-01,-2.606367766857147217e-01,-5.959505215287208557e-02,6.201735138893127441e-01,3.711815178394317627e-01,4.535489976406097412e-01,-2.285974472761154175e-01,-5.716896057128906250e-01,3.969904184341430664e-01,4.864544868469238281e-01,5.445970296859741211e-01,7.718885540962219238e-01,-5.136859603226184845e-03,4.739288091659545898e-01,-4.862519204616546631e-01,-5.138118863105773926e-01,-3.483256101608276367e-01,3.020452558994293213e-01,2.849287688732147217e-01,-1.874974817037582397e-01,1.335394531488418579e-01,7.098768353462219238e-01,-5.774247646331787109e-01,-6.509487032890319824e-01,6.729667782783508301e-01,-1.736243367195129395e-01,-6.518902629613876343e-02,-6.445570588111877441e-01,1.618137657642364502e-01,5.915910601615905762e-01,-4.058128595352172852e-02,-6.704268455505371094e-01,5.962253808975219727e-01,5.900154709815979004e-01,-7.481731772422790527e-01,-6.603876948356628418e-01,6.186271309852600098e-01,4.273257777094841003e-02,4.657105803489685059e-01,3.323685228824615479e-01,1.434461027383804321e-01,-3.929106593132019043e-01,-5.854298472404479980e-01,-1.921503245830535889e-01,-6.811524927616119385e-02,-1.221727952361106873e-01,-1.676143854856491089e-01,-3.798914849758148193e-01,4.954358339309692383e-01,-3.877988457679748535e-02,-2.930761873722076416e-01,-7.193781137466430664e-01,4.689649641513824463e-01,3.024692833423614502e-02,-4.139486253261566162e-01,-2.243297249078750610e-01,-1.164811402559280396e-01,-5.262677371501922607e-02,8.357631042599678040e-03,4.276115298271179199e-01,1.185512319207191467e-01,-2.464770972728729248e-01,1.609460450708866119e-02,7.168844342231750488e-01,-6.172963380813598633e-01,6.276049017906188965e-01,-7.407360076904296875e-01,-1.739110648632049561e-01,-2.171769142150878906e-01,5.136715769767761230e-01,-1.049250960350036621e-01,-6.910949945449829102e-01,-1.712679280899465084e-03,6.283072233200073242e-01,-5.302918329834938049e-02,-5.497516989707946777e-01,6.167025566101074219e-01,4.377022560220211744e-04,-6.643078923225402832e-01,-5.935552995651960373e-03,-7.565935254096984863e-01,-4.855357706546783447e-01,5.795068740844726562e-01,1.001401152461767197e-02,4.437740147113800049e-01,6.033732891082763672e-01,-2.139047682285308838e-01,1.518463492393493652e-01,-4.074788987636566162e-01,1.827449202537536621e-01,-5.607823133468627930e-01,-1.772085279226303101e-01,4.138741493225097656e-01,-4.374622676550643519e-06,-6.252287626266479492e-01,5.880780220031738281e-01,-5.726866722106933594e-01,6.279882788658142090e-01,-5.942036509513854980e-01,-6.686035990715026855e-01,5.306133627891540527e-01,1.643897965550422668e-02,-2.805708348751068115e-01,-4.825076460838317871e-01,-4.601295888423919678e-01,1.114395633339881897e-02,3.333251476287841797e-01,-3.263938426971435547e-01,-5.275844335556030273e-01,-1.687370687723159790e-01,6.708319187164306641e-01,-5.715784430503845215e-01,6.387999057769775391e-01,2.934095561504364014e-01,-6.946733593940734863e-01,2.631291747093200684e-01,4.425396621227264404e-01,4.492513239383697510e-01,4.716366231441497803e-01,-9.456535428762435913e-02,-4.767655134201049805e-01,-2.658116817474365234e-01,-4.914220049977302551e-02,5.863398909568786621e-01
-4.081606268882751465e-01,-3.124664770439267159e-03,-1.995715945959091187e-01,2.570859491825103760e-01,-2.606367766857147217e-01,4.508182406425476074e-01,-8.356165140867233276e-02,-4.425426721572875977e-01,-1.922402903437614441e-02,6.906344741582870483e-02,2.525879144668579102e-01,2.038897573947906494e-01,1.988791227340698242e-01,8.853435516357421875e-02,1.038585454225540161e-01,-1.579290926456451416e-01,-9.308855049312114716e-03,1.360762119293212891e-01,-1.715985089540481567e-01,4.591964930295944214e-02,1.595393866300582886e-01,2.807482481002807617e-01,2.612127065658569336e-01,-1.603891253471374512e-01,-1.706282421946525574e-02,-2.096304893493652344e-01,-3.952794149518013000e-02,3.776934444904327393e-01,-5.936996079981327057e-03,3.725742921233177185e-02,2.178124934434890747e-01,1.627107523381710052e-02,2.530106902122497559e-01,-2.051323279738426208e-02,1.528708171099424362e-02,2.295950398547574878e-04,-5.756657943129539490e-02,2.768014743924140930e-02,2.301791608333587646e-01,1.916670352220535278e-01,-1.128198280930519104e-01,-1.192420870065689087e-01,2.119530737400054932e-01,4.567668586969375610e-02,6.243066745810210705e-04,-3.057447373867034912e-01,-4.315001145005226135e-02,-5.440099909901618958e-02,-2.042860239744186401e-01,1.034745648503303528e-01,2.461953908205032349e-01,2.939622998237609863e-01,-1.056243404746055603e-01,-7.911811117082834244e-04,1.043968088924884796e-02,3.713092580437660217e-02,-1.123297065496444702e-01,-4.860967164859175682e-04,-2.016239762306213379e-01,-3.151926398277282715e-01,1.425126791000366211e-01,-2.627580463886260986e-01,8.330896496772766113e-03,-2.119490802288055420e-01,-8.353336900472640991e-02,7.353353779762983322e-03,3.799640238285064697e-01,-5.854130536317825317e-02,-5.262934137135744095e-03,-3.118425607681274414e-01,1.944660842418670654e-01,-2.625557482242584229e-01,2.666375041007995605e-02,1.192382052540779114e-01,1.747859120368957520e-01,6.551220268011093140e-02,-7.628693711012601852e-04,8.658783882856369019e-02,-1.436848938465118408e-01,-4.578573629260063171e-02,1.541043352335691452e-02,4.350267408881336451e-05,1.070328801870346069e-01,1.944824121892452240e-03,2.145232409238815308e-01,-1.785856634378433228e-01,-3.113173246383666992e-01,-2.608287381008267403e-03,1.473207473754882812e-01,-1.008184179663658142e-01,1.086331754922866821e-01,-4.012419283390045166e-01,-1.896719187498092651e-01,2.190606594085693359e-01,-1.235899049788713455e-02,3.534135520458221436e-01,1.088034287095069885e-01,7.916495633253362030e-06,9.945663064718246460e-02,-6.348008662462234497e-02,3.007057011127471924e-01,-4.181539416313171387e-01,-3.585515916347503662e-02,9.822884947061538696e-02,1.743735671043395996e-01,9.115767665207386017e-03,-3.088019192218780518e-01,-2.175327539443969727e-01,4.649277329444885254e-01,-1.739713177084922791e-02,1.402411013841629028e-01,-2.888734638690948486e-01,-1.229573711752891541e-01,8.599849790334701538e-02,1.061699166893959045e-02,2.016896754503250122e-02,-3.193638026714324951e-01,2.255930751562118530e-01,5.844055488705635071e-02,1.976467669010162354e-01,2.299844473600387573e-01,8.278793096542358398e-02,3.132264688611030579e-02,-3.878531754016876221e-01,3.947412967681884766e-02,-2.000260502099990845e-01,-2.030503004789352417e-02,-7.563430070877075195e-02
9.837546199560165405e-02,-2.120419219136238098e-02,1.949412822723388672e-01,-1.518411934375762939e-01,-5.959505215287208557e-02,-8.356165140867233276e-02,8.677487075328826904e-02,2.188386209309101105e-02,-1.130721867084503174e-01,-1.340948939323425293e-01,-9.796013683080673218e-02,5.565419420599937439e-02,-2.195661067962646484e-01,-1.405028700828552246e-01,-1.569737643003463745e-01,-1.541719436645507812e-01,6.286170799285173416e-03,-2.024133801460266113e-01,1.765753775835037231e-01,6.218714639544487000e-02,-1.316660433076322079e-03,-1.808923631906509399e-01,-1.638267636299133301e-01,1.255146712064743042e-01,-1.900962367653846741e-02,-1.298737376928329468e-01,1.431990563869476318e-01,4.404964670538902283e-02,-1.570588797330856323e-01,3.340275213122367859e-02,-8.171883225440979004e-02,1.429286301136016846e-01,-1.165468767285346985e-01,-8.771129697561264038e-02,4.194175358861684799e-03,1.927814632654190063e-01,-1.305878311395645142e-01,-1.475910097360610962e-01,1.299097687005996704e-01,4.678573459386825562e-02,-1.086344197392463684e-01,7.464975118637084961e-02,-2.071064710617065430e-01,-9.391342848539352417e-02,-5.080202966928482056e-02,2.185923904180526733e-01,1.375956237316131592e-01,8.169238269329071045e-02,1.296783685684204102e-01,-3.998399153351783752e-02,-6.482154130935668945e-02,-4.120791330933570862e-02,-4.684003442525863647e-02,1.306535303592681885e-02,8.317932486534118652e-02,1.547135859727859497e-01,-3.649390488862991333e-02,-6.593306548893451691e-03,1.898339688777923584e-01,1.628765761852264404e-01,-4.732887446880340576e-02,1.550654917955398560e-01,-3.827520646154880524e-03,-2.537947706878185272e-02,6.189407780766487122e-03,5.243093892931938171e-02,-2.002015709877014160e-01,-1.670463681221008301e-01,1.622400283813476562e-01,-4.158607497811317444e-02,9.647673368453979492e-02,1.584338843822479248e-01,1.313673984259366989e-02,-1.715741157531738281e-01,-3.714761510491371155e-02,1.468856483697891235e-01,1.056184410117566586e-03,-1.749004870653152466e-01,5.247594788670539856e-02,1.483811885118484497e-01,-1.379886120557785034e-01,-9.642702934797853231e-05,1.000063642859458923e-01,4.439019448909675702e-06,1.049975678324699402e-01,1.818959712982177734e-01,-1.968240737915039062e-02,-1.825691200792789459e-03,-1.862313151359558105e-01,-8.675748854875564575e-02,-2.076289057731628418e-02,1.193483844399452209e-01,1.748061478137969971e-01,-1.055905893445014954e-01,1.350136250257492065e-01,-1.016604378819465637e-01,-1.532814949750900269e-01,-4.389933110360288993e-06,1.145006045699119568e-01,-1.481689065694808960e-01,-1.698367670178413391e-02,-4.610930569469928741e-03,1.497763991355895996e-01,1.238969787955284119e-01,-1.918315142393112183e-01,8.407858014106750488e-02,1.762764453887939453e-01,2.362322509288787842e-01,-5.041721463203430176e-02,3.265265841037034988e-03,-1.299397349357604980e-01,1.572934389114379883e-01,1.734936535358428955e-01,9.450724720954895020e-02,-1.543515473604202271e-01,1.284983903169631958e-01,-5.317505821585655212e-02,-1.625425070524215698e-01,1.362783759832382202e-01,-1.239763349294662476e-01,-2.098614275455474854e-01,-1.228000074625015259e-01,-1.038220152258872986e-01,1.925089955329895020e-01,4.661332815885543823e-02,1.142752245068550110e-01,2.369612641632556915e-02,-1.016800552606582642e-01
3.962137401103973389e-01,4.442667216062545776e-02,-1.791710108518600464e-01,6.391357630491256714e-03,6.201735138893127441e-01,-4.425426721572875977e-01,2.188386209309101105e-02,7.726897597312927246e-01,1.160529106855392456e-01,2.350088208913803101e-01,-2.116845846176147461e-01,-5.404690504074096680e-01,1.921130418777465820e-01,2.085891366004943848e-01,2.597373723983764648e-01,5.993481874465942383e-01,1.793414819985628128e-03,2.290223091840744019e-01,-1.598825603723526001e-01,-3.058214485645294189e-01,-1.521879136562347412e-01,-3.306905273348093033e-03,1.050593983381986618e-02,-7.147235423326492310e-02,8.112525194883346558e-02,6.041044592857360840e-01,-3.320662975311279297e-01,-7.295346260070800781e-01,5.126796960830688477e-01,-2.019422352313995361e-01,-1.446899324655532837e-01,-3.418238759040832520e-01,-1.899168789386749268e-01,3.766006529331207275e-01,-4.882787168025970459e-02,-4.401612281799316406e-01,4.403536021709442139e-01,3.357083499431610107e-01,-7.165434956550598145e-01,-4.875292181968688965e-01,3.805389404296875000e-01,1.103933714330196381e-02,1.662676036357879639e-01,2.093003690242767334e-01,2.554152011871337891e-01,-8.187297731637954712e-02,-3.120364844799041748e-01,-1.010037958621978760e-01,-1.649784855544567108e-02,-2.135236263275146484e-01,-2.633711695671081543e-01,-6.011717915534973145e-01,2.661026418209075928e-01,7.703023497015237808e-03,-3.247152864933013916e-01,-4.982683658599853516e-01,3.130426406860351562e-01,2.165181748569011688e-02,-9.643656760454177856e-02,1.501928716897964478e-01,-1.109119951725006104e-01,5.517557635903358459e-02,-6.646412890404462814e-03,3.753508031368255615e-01,5.154701694846153259e-02,-1.515596807003021240e-01,-1.959715932607650757e-01,5.073764324188232422e-01,-3.669117093086242676e-01,6.818514466285705566e-01,-6.182914376258850098e-01,-1.185068339109420776e-01,-2.202970720827579498e-02,2.345255464315414429e-01,-5.728775635361671448e-02,-4.726260602474212646e-01,-1.217808108776807785e-03,3.592857420444488525e-01,1.688269674777984619e-01,-2.721782028675079346e-01,3.324619233608245850e-01,2.495232620276510715e-04,-4.921845495700836182e-01,-9.564429521560668945e-03,-5.881616473197937012e-01,-1.832908838987350464e-01,6.714801788330078125e-01,1.049147266894578934e-02,1.610264033079147339e-01,4.483619630336761475e-01,-1.478784978389739990e-01,4.936078190803527832e-01,-6.322987377643585205e-02,-1.294585764408111572e-01,-2.956241965293884277e-01,-4.013853669166564941e-01,2.569299340248107910e-01,-8.758272997511085123e-06,-5.001371502876281738e-01,4.172767400741577148e-01,-6.115472912788391113e-01,7.371886968612670898e-01,-2.929865121841430664e-01,-5.067122578620910645e-01,1.736333668231964111e-01,-1.066544055938720703e-01,1.386142522096633911e-01,-1.854027956724166870e-01,-6.608651280403137207e-01,3.228436782956123352e-02,-8.188991923816502094e-04,3.113291412591934204e-02,-2.107361406087875366e-01,-2.635827064514160156e-01,4.349552690982818604e-01,-3.345066905021667480e-01,6.848700642585754395e-01,1.010073795914649963e-01,-4.814651012420654297e-01,-5.377772450447082520e-02,1.651674509048461914e-01,1.241397112607955933e-01,1.932522356510162354e-01,2.337932288646697998e-01,-2.951028048992156982e-01,4.851303994655609131e-02,-2.406655065715312958e-02,4.362623393535614014e-01
-2.150789089500904083e-02,6.937865167856216431e-02,-5.667531490325927734e-01,5.337637662887573242e-01,3.711815178394317627e-01,-1.922402903437614441e-02,-1.130721867084503174e-01,1.160529106855392456e-01,5.641629099845886230e-01,4.497881531715393066e-01,-2.024852931499481201e-01,-3.454302251338958740e-01,3.326420187950134277e-01,5.649630427360534668e-01,5.769688487052917480e-01,5.672948360443115234e-01,-6.859177723526954651e-03,4.310873746871948242e-01,-5.934206843376159668e-01,-5.270217657089233398e-01,-5.098530054092407227e-01,4.628493785858154297e-01,3.785527646541595459e-01,-1.776981502771377563e-01,1.393768787384033203e-01,4.853091239929199219e-01,-5.649241805076599121e-01,-2.161229997873306274e-01,4.447972476482391357e-01,-1.175004243850708008e-02,-1.687931828200817108e-02,-7.220236063003540039e-01,4.717502892017364502e-01,5.432103276252746582e-01,-8.271117694675922394e-03,-5.784214138984680176e-01,4.584345519542694092e-01,5.732100009918212891e-01,-3.393833339214324951e-01,-5.521856546401977539e-01,6.277467012405395508e-01,1.163692474365234375e-01,5.049605965614318848e-01,2.654064595699310303e-01,-1.350313723087310791e-01,-4.873326718807220459e-01,-5.864298939704895020e-01,-1.521398276090621948e-01,3.970742598176002502e-02,4.584410227835178375e-03,-3.978323191404342651e-02,9.980870783329010010e-02,5.720214247703552246e-01,-1.072341501712799072e-01,-3.243895620107650757e-02,-5.755715370178222656e-01,4.647510945796966553e-01,2.315864525735378265e-02,-5.228656530380249023e-01,-5.312018990516662598e-01,-1.239758804440498352e-01,-2.019429393112659454e-02,2.238710410892963409e-02,3.138353526592254639e-01,1.825976520776748657e-01,-2.335802465677261353e-01,1.443745940923690796e-01,5.628829002380371094e-01,-6.042683720588684082e-01,2.323473691940307617e-01,-4.876372814178466797e-01,-9.685865603387355804e-03,-4.212036430835723877e-01,5.671823620796203613e-01,-1.651696264743804932e-01,-5.661608576774597168e-01,-9.285202831961214542e-04,5.827171206474304199e-01,-2.863898873329162598e-01,-6.059054136276245117e-01,6.395513415336608887e-01,4.272919031791388988e-04,-5.163187384605407715e-01,3.797476412728428841e-03,-5.727096796035766602e-01,-5.563064217567443848e-01,1.573036313056945801e-01,3.839345416054129601e-03,5.435606837272644043e-01,4.903599917888641357e-01,-1.987852603197097778e-01,-3.016842901706695557e-01,-5.954236984252929688e-01,4.746529161930084229e-01,-5.829355120658874512e-01,1.327708065509796143e-01,2.666957378387451172e-01,2.711327169890864752e-06,-4.372210204601287842e-01,4.553654789924621582e-01,-2.652102410793304443e-01,2.068960517644882202e-01,-6.613521575927734375e-01,-5.069167017936706543e-01,6.770182847976684570e-01,1.582329273223876953e-01,-6.444395184516906738e-01,-5.274603962898254395e-01,-3.445259109139442444e-02,-2.269878238439559937e-02,6.182309985160827637e-01,-5.546695590019226074e-01,-6.196718215942382812e-01,9.844149649143218994e-02,5.457512140274047852e-01,-5.702322721481323242e-01,2.485186904668807983e-01,2.681463062763214111e-01,-5.614357590675354004e-01,4.816605448722839355e-01,4.493512809276580811e-01,6.277955174446105957e-01,5.661919713020324707e-01,-3.485699295997619629e-01,-4.810713231563568115e-01,-4.988849163055419922e-01,-3.222164511680603027e-02,4.583752751350402832e-01
-9.274151921272277832e-02,7.759981602430343628e-02,-6.778009533882141113e-01,5.469447970390319824e-01,4.535489976406097412e-01,6.906344741582870483e-02,-1.340948939323425293e-01,2.350088208913803101e-01,4.497881531715393066e-01,5.574994683265686035e-01,-1.834245398640632629e-02,-4.080268144607543945e-01,5.671077370643615723e-01,5.952394604682922363e-01,6.558092236518859863e-01,7.049217820167541504e-01,-1.292574498802423477e-02,5.760239362716674805e-01,-6.629213690757751465e-01,-5.274241566658020020e-01,-3.070639669895172119e-01,5.390584468841552734e-01,4.956255853176116943e-01,-3.236525952816009521e-01,1.310408413410186768e-01,6.197869777679443359e-01,-6.685107350349426270e-01,-3.658487498760223389e-01,6.733254790306091309e-01,-1.501737534999847412e-01,1.192314028739929199e-01,-7.281373739242553711e-01,3.904964625835418701e-01,6.010779142379760742e-01,-2.522862330079078674e-02,-7.391584515571594238e-01,5.743651986122131348e-01,6.427850127220153809e-01,-5.835546255111694336e-01,-5.376585721969604492e-01,5.823346376419067383e-01,-3.856192901730537415e-02,6.509054899215698242e-01,3.630338013172149658e-01,7.890219241380691528e-02,-6.600918173789978027e-01,-6.298139691352844238e-01,-2.092229127883911133e-01,-1.762282848358154297e-01,-2.745677903294563293e-02,3.241693973541259766e-02,-9.477442502975463867e-02,4.646864235401153564e-01,-4.722502455115318298e-02,-2.540617883205413818e-01,-7.304917573928833008e-01,3.854771852493286133e-01,2.853194251656532288e-02,-6.051631569862365723e-01,-4.917456805706024170e-01,-3.272843360900878906e-02,-2.167779654264450073e-01,1.786131970584392548e-02,3.107278347015380859e-01,7.074028998613357544e-02,-2.507941424846649170e-01,3.317577242851257324e-01,7.139443159103393555e-01,-6.823006272315979004e-01,3.786127567291259766e-01,-6.048387289047241211e-01,-3.494265973567962646e-01,-2.591732740402221680e-01,6.381957530975341797e-01,6.571179255843162537e-03,-6.770215630531311035e-01,-2.319318242371082306e-03,7.234237790107727051e-01,-1.629703491926193237e-01,-6.390849947929382324e-01,6.708456873893737793e-01,4.800800816155970097e-04,-5.983054041862487793e-01,-3.187677124515175819e-03,-6.337068676948547363e-01,-6.530907750129699707e-01,3.174861073493957520e-01,7.557196076959371567e-03,6.398242115974426270e-01,5.391750335693359375e-01,-1.170380860567092896e-01,-2.166296392679214478e-01,-5.991483330726623535e-01,4.142479598522186279e-01,-6.031603217124938965e-01,1.272002160549163818e-01,4.563870131969451904e-01,2.847138148354133591e-06,-5.680820941925048828e-01,5.460708737373352051e-01,-3.219935894012451172e-01,3.269777297973632812e-01,-6.691929101943969727e-01,-6.156655550003051758e-01,7.395673394203186035e-01,-3.491925820708274841e-02,-5.896562933921813965e-01,-6.843147277832031250e-01,-7.386095076799392700e-02,-9.595165029168128967e-03,5.334397554397583008e-01,-5.913492441177368164e-01,-6.443729996681213379e-01,-6.865686178207397461e-02,6.776220798492431641e-01,-6.019130945205688477e-01,4.012570381164550781e-01,4.345756769180297852e-01,-6.676037907600402832e-01,4.494048058986663818e-01,6.317195892333984375e-01,5.617516636848449707e-01,5.441243648529052734e-01,-4.195144474506378174e-01,-4.731226563453674316e-01,-4.730446934700012207e-01,-6.389365345239639282e-02,5.423456430435180664e-01
-2.660269737243652344e-01,-8.238621056079864502e-03,3.258139267563819885e-02,-1.347978860139846802e-01,-2.285974472761154175e-01,2.525879144668579102e-01,-9.796013683080673218e-02,-2.116845846176147461e-01,-2.024852931499481201e-01,-1.834245398640632629e-02,5.008534193038940430e-01,1.667685508728027344e-01,2.565532922744750977e-01,-1.349199563264846802e-01,-1.170871853828430176e-01,-1.288643032312393188e-01,-9.660588577389717102e-03,6.451277434825897217e-02,1.024364978075027466e-01,2.744679152965545654e-01,4.549819231033325195e-01,5.188952758908271790e-02,7.848935574293136597e-02,-1.841798126697540283e-01,-7.095909118652343750e-02,-8.564562350511550903e-02,9.144870936870574951e-02,9.955289214849472046e-02,-7.837587618269026279e-04,-1.051677390933036804e-01,2.624511420726776123e-01,2.601377964019775391e-01,-1.761470735073089600e-01,-2.476332634687423706e-01,-5.311641842126846313e-03,8.154982700943946838e-03,-7.756300270557403564e-02,-1.544917225837707520e-01,-6.124521605670452118e-03,4.039186537265777588e-01,-3.324676156044006348e-01,-3.127738237380981445e-01,6.230778619647026062e-02,3.252303227782249451e-03,2.606560885906219482e-01,-1.545182466506958008e-01,2.222258299589157104e-01,-1.889488659799098969e-02,-3.440667390823364258e-01,3.658526018261909485e-02,2.138503044843673706e-01,-5.294723901897668839e-03,-4.211080968379974365e-01,8.025780320167541504e-02,-1.947829127311706543e-01,1.256962716579437256e-01,-3.531389236450195312e-01,-5.262111779302358627e-03,1.048065628856420517e-02,1.043244078755378723e-01,2.247404009103775024e-01,-3.321629464626312256e-01,-9.121727198362350464e-03,-2.119070887565612793e-01,-2.150501906871795654e-01,7.557817548513412476e-02,3.984291851520538330e-01,-9.421834349632263184e-02,1.149352565407752991e-01,-1.114418208599090576e-01,2.271793484687805176e-01,-4.749938845634460449e-01,3.152827620506286621e-01,-7.578962296247482300e-02,3.269053995609283447e-01,1.708255112171173096e-01,-2.051722025498747826e-03,-7.653032988309860229e-02,2.010265588760375977e-01,1.564558595418930054e-01,-2.586029469966888428e-01,-1.105552582885138690e-04,2.113842517137527466e-01,-5.074641201645135880e-03,2.930420935153961182e-01,2.566213347017765045e-02,-9.072034806013107300e-02,1.231962814927101135e-03,3.973611071705818176e-02,-2.212376147508621216e-01,2.850162386894226074e-01,-2.582981064915657043e-02,1.218276321887969971e-01,-1.191516071557998657e-01,2.245688289403915405e-01,1.581715643405914307e-01,8.255252987146377563e-02,9.389149454364087433e-06,7.887453585863113403e-02,-1.001626178622245789e-01,2.768811583518981934e-01,-1.523450464010238647e-01,2.396400868892669678e-01,1.513589173555374146e-01,-1.201590970158576965e-01,-4.496749043464660645e-01,1.597380638122558594e-01,-1.069098263978958130e-01,1.955759674310684204e-01,8.398777805268764496e-03,-1.792890429496765137e-01,8.262989670038223267e-02,1.693615168333053589e-01,-2.680639028549194336e-01,-1.462051272392272949e-01,1.944810301065444946e-01,-7.372818142175674438e-02,1.363268643617630005e-01,1.941993236541748047e-01,-1.258446276187896729e-01,1.096741035580635071e-01,-2.802368700504302979e-01,-2.358870357275009155e-01,-1.624763160943984985e-01,2.735987305641174316e-01,1.238956972956657410e-01,-2.579314820468425751e-02,-1.582026779651641846e-01
-1.444755643606185913e-01,-6.039866060018539429e-02,4.650529026985168457e-01,-3.255330622196197510e-01,-5.716896057128906250e-01,2.038897573947906494e-01,5.565419420599937439e-02,-5.404690504074096680e-01,-3.454302251338958740e-01,-4.080268144607543945e-01,1.667685508728027344e-01,5.299223065376281738e-01,-3.437011241912841797e-01,-4.798162281513214111e-01,-5.273635387420654297e-01,-7.435607910156250000e-01,3.382147988304495811e-03,-3.896515965461730957e-01,4.422752559185028076e-01,4.965775907039642334e-01,3.248906433582305908e-01,-3.014826774597167969e-01,-2.566819787025451660e-01,1.762274950742721558e-01,-1.244941204786300659e-01,-6.683331727981567383e-01,5.810506939888000488e-01,5.716828107833862305e-01,-6.465867757797241211e-01,1.368601620197296143e-01,6.290431320667266846e-02,6.559953093528747559e-01,-1.105635538697242737e-01,-5.876635313034057617e-01,3.818237408995628357e-02,6.549925804138183594e-01,-5.382276773452758789e-01,-5.471742749214172363e-01,7.032713294029235840e-01,6.099476218223571777e-01,-5.573328733444213867e-01,-2.526057697832584381e-02,-4.257124662399291992e-01,-2.931732237339019775e-01,-1.525790095329284668e-01,4.054842591285705566e-01,5.398872494697570801e-01,1.359376609325408936e-01,4.206568747758865356e-02,1.916891634464263916e-01,1.633424907922744751e-01,3.529072105884552002e-01,-4.449099004268646240e-01,4.065921157598495483e-02,2.547255754470825195e-01,6.958329677581787109e-01,-4.409797489643096924e-01,-2.721092104911804199e-02,3.508234620094299316e-01,2.068914175033569336e-01,1.009808257222175598e-01,1.123721618205308914e-02,-7.588800042867660522e-03,-3.423334062099456787e-01,-7.504640519618988037e-02,2.201405763626098633e-01,2.157111419364809990e-03,-6.713627576828002930e-01,5.957210659980773926e-01,-5.503172874450683594e-01,6.784573793411254883e-01,2.085899561643600464e-01,2.262881547212600708e-01,-4.963537156581878662e-01,1.376652624458074570e-02,6.170879006385803223e-01,1.586457248777151108e-03,-6.200426220893859863e-01,1.656937785446643829e-02,5.318848490715026855e-01,-5.797375440597534180e-01,-4.262393340468406677e-04,6.272003650665283203e-01,5.391066893935203552e-03,6.832828521728515625e-01,4.760321080684661865e-01,-5.020706653594970703e-01,-8.913556113839149475e-03,-4.302109181880950928e-01,-5.640109777450561523e-01,1.496982425451278687e-01,-1.579813808202743530e-01,3.673436343669891357e-01,-2.044345885515213013e-01,4.895702600479125977e-01,1.321982145309448242e-01,-3.018221259117126465e-01,2.300245569131220691e-06,5.832710862159729004e-01,-4.822439551353454590e-01,5.376551747322082520e-01,-5.808348059654235840e-01,5.724151730537414551e-01,6.196994185447692871e-01,-5.100840330123901367e-01,9.039541706442832947e-03,2.549506127834320068e-01,4.479264020919799805e-01,3.811507225036621094e-01,-7.437830790877342224e-03,-3.610014915466308594e-01,3.239633142948150635e-01,4.908804595470428467e-01,7.769130170345306396e-02,-6.212733983993530273e-01,5.190836787223815918e-01,-5.850161910057067871e-01,-2.457730174064636230e-01,6.361234188079833984e-01,-2.378824800252914429e-01,-3.859318792819976807e-01,-4.098409712314605713e-01,-4.391677379608154297e-01,7.030926644802093506e-02,4.963846802711486816e-01,2.652919590473175049e-01,2.715060487389564514e-02,-5.219953656196594238e-01
