9.999982118606567383e-01,-9.999985098838806152e-01,-9.999874830245971680e-01,9.999980926513671875e-01,9.999988675117492676e-01,-9.999986886978149414e-01,9.999953508377075195e-01,9.999989271163940430e-01,-9.999971389770507812e-01,9.999972581863403320e-01,-9.999982714653015137e-01,-9.999988675117492676e-01,9.999979734420776367e-01,9.999981522560119629e-01,9.999744296073913574e-01,9.999974370002746582e-01,9.999975562095642090e-01,-9.999985098838806152e-01,9.999920129776000977e-01,-9.999991059303283691e-01,-9.999989867210388184e-01,9.999866485595703125e-01,9.999982714653015137e-01,9.999984502792358398e-01,9.999893307685852051e-01,9.999990463256835938e-01,-9.999984502792358398e-01,-9.999987483024597168e-01,9.999792575836181641e-01,-9.999958276748657227e-01,-9.999941587448120117e-01,-9.999985098838806152e-01,9.999929070472717285e-01,9.999972581863403320e-01,-9.999967813491821289e-01,-9.999831914901733398e-01,9.999989867210388184e-01,9.999985694885253906e-01,9.999926686286926270e-01,-9.999988079071044922e-01,9.999985098838806152e-01,-9.999968409538269043e-01,9.999639391899108887e-01,9.999988079071044922e-01,9.999979138374328613e-01,9.999980926513671875e-01,9.998040795326232910e-01,9.999981522560119629e-01,9.999988675117492676e-01,-9.999985694885253906e-01,-9.999987483024597168e-01,-9.999976754188537598e-01,-9.999986886978149414e-01,-9.999911785125732422e-01,-9.999969601631164551e-01,-9.999979138374328613e-01,-9.999971389770507812e-01,9.998596906661987305e-01,9.999976754188537598e-01,9.999983310699462891e-01,-9.999976158142089844e-01,9.999989271163940430e-01,9.999982118606567383e-01,9.999948143959045410e-01,-9.999957084655761719e-01,-9.999988079071044922e-01,-9.999989867210388184e-01,-9.999948143959045410e-01,-9.999986886978149414e-01,9.999988079071044922e-01,-9.999986886978149414e-01,9.999980330467224121e-01,9.999963045120239258e-01,-9.999915957450866699e-01,-9.999082088470458984e-01,-9.999982118606567383e-01,9.999925494194030762e-01,9.999987483024597168e-01,-9.999924898147583008e-01,-9.999967813491821289e-01,-9.999560713768005371e-01,9.999974966049194336e-01,-9.999986886978149414e-01,9.999959468841552734e-01,-9.999982714653015137e-01,-9.999855756759643555e-01,9.999904036521911621e-01,9.999987483024597168e-01,9.998612999916076660e-01,9.999960660934448242e-01,-9.999979138374328613e-01,9.999983310699462891e-01,-9.999756813049316406e-01,-9.999980330467224121e-01,9.999984502792358398e-01,-9.999978542327880859e-01,-9.999914765357971191e-01,9.999988675117492676e-01,-9.999988079071044922e-01,9.999895691871643066e-01,-9.999970793724060059e-01,9.999986290931701660e-01,-9.999753236770629883e-01,-9.999701380729675293e-01,9.999985098838806152e-01,9.999970793724060059e-01,4.755832552909851074e-01,-9.999978542327880859e-01,-9.999942183494567871e-01,9.999985694885253906e-01,-9.999979734420776367e-01,9.999986290931701660e-01,-9.999981522560119629e-01,-9.999855756759643555e-01,9.999989271163940430e-01,-9.999982714653015137e-01,9.999987483024597168e-01,-9.999986290931701660e-01,-9.999941587448120117e-01,-9.999981522560119629e-01,-9.999988079071044922e-01,9.999957680702209473e-01,9.999985098838806152e-01,-9.999974370002746582e-01,-9.999551177024841309e-01,-9.999955296516418457e-01,9.999873042106628418e-01,-9.999973177909851074e-01
-9.999985098838806152e-01,9.999988079071044922e-01,9.999896287918090820e-01,-9.999984502792358398e-01,-9.999991059303283691e-01,9.999988675117492676e-01,-9.999961853027343750e-01,-9.999991655349731445e-01,9.999976754188537598e-01,-9.999977946281433105e-01,9.999985694885253906e-01,9.999992251396179199e-01,-9.999983906745910645e-01,-9.999985098838806152e-01,-9.999787211418151855e-01,-9.999979138374328613e-01,-9.999979734420776367e-01,9.999988675117492676e-01,-9.999933242797851562e-01,9.999992251396179199e-01,9.999991655349731445e-01,-9.999889731407165527e-01,-9.999985694885253906e-01,-9.999986886978149414e-01,-9.999910593032836914e-01,-9.999992251396179199e-01,9.999986886978149414e-01,9.999991059303283691e-01,-9.999826550483703613e-01,9.999964833259582520e-01,9.999951124191284180e-01,9.999987483024597168e-01,-9.999941587448120117e-01,-9.999976754188537598e-01,9.999973177909851074e-01,9.999860525131225586e-01,-9.999992847442626953e-01,-9.999988079071044922e-01,-9.999939203262329102e-01,9.999991059303283691e-01,-9.999987483024597168e-01,9.999973177909851074e-01,-9.999699592590332031e-01,-9.999989867210388184e-01,-9.999982714653015137e-01,-9.999983906745910645e-01,-9.998363852500915527e-01,-9.999984502792358398e-01,-9.999990463256835938e-01,9.999988079071044922e-01,9.999989867210388184e-01,9.999982118606567383e-01,9.999989867210388184e-01,9.999924898147583008e-01,9.999974966049194336e-01,9.999983906745910645e-01,9.999976158142089844e-01,-9.998827576637268066e-01,-9.999981522560119629e-01,-9.999986886978149414e-01,9.999980926513671875e-01,-9.999991655349731445e-01,-9.999985098838806152e-01,-9.999957084655761719e-01,9.999963641166687012e-01,9.999990463256835938e-01,9.999991655349731445e-01,9.999956488609313965e-01,9.999989867210388184e-01,-9.999989867210388184e-01,9.999988675117492676e-01,-9.999983310699462891e-01,-9.999969005584716797e-01,9.999930858612060547e-01,9.999234676361083984e-01,9.999985694885253906e-01,-9.999937415122985840e-01,-9.999989271163940430e-01,9.999937415122985840e-01,9.999973177909851074e-01,9.999632835388183594e-01,-9.999979138374328613e-01,9.999990463256835938e-01,-9.999965429306030273e-01,9.999985694885253906e-01,9.999879598617553711e-01,-9.999920725822448730e-01,-9.999991059303283691e-01,-9.998842477798461914e-01,-9.999967217445373535e-01,9.999982714653015137e-01,-9.999985694885253906e-01,9.999797344207763672e-01,9.999984502792358398e-01,-9.999987483024597168e-01,9.999982714653015137e-01,9.999928474426269531e-01,-9.999991655349731445e-01,9.999990463256835938e-01,-9.999912977218627930e-01,9.999975562095642090e-01,-9.999988675117492676e-01,9.999794960021972656e-01,9.999750852584838867e-01,-9.999988079071044922e-01,-9.999975562095642090e-01,-4.756880402565002441e-01,9.999982118606567383e-01,9.999951720237731934e-01,-9.999988079071044922e-01,9.999983310699462891e-01,-9.999988675117492676e-01,9.999984502792358398e-01,9.999880790710449219e-01,-9.999992251396179199e-01,9.999986290931701660e-01,-9.999990463256835938e-01,9.999988675117492676e-01,9.999951124191284180e-01,9.999984502792358398e-01,9.999990463256835938e-01,-9.999964237213134766e-01,-9.999988675117492676e-01,9.999978542327880859e-01,9.999625086784362793e-01,9.999962449073791504e-01,-9.999893903732299805e-01,9.999978542327880859e-01
-9.999874830245971680e-01,9.999896287918090820e-01,9.999113082885742188e-01,-9.999876618385314941e-01,-9.999921321868896484e-01,9.999908804893493652e-01,-9.999671578407287598e-01,-9.999928474426269531e-01,9.999808073043823242e-01,-9.999815225601196289e-01,9.999879598617553711e-01,9.999921917915344238e-01,-9.999867081642150879e-01,-9.999874234199523926e-01,-9.998190402984619141e-01,-9.999820590019226074e-01,-9.999833106994628906e-01,9.999903440475463867e-01,-9.999435544013977051e-01,9.999932050704956055e-01,9.999924898147583008e-01,-9.999056458473205566e-01,-9.999880194664001465e-01,-9.999892711639404297e-01,-9.999248981475830078e-01,-9.999929666519165039e-01,9.999893307685852051e-01,9.999920725822448730e-01,-9.998531937599182129e-01,9.999706745147705078e-01,9.999586939811706543e-01,9.999895691871643066e-01,-9.999498724937438965e-01,-9.999812245368957520e-01,9.999775886535644531e-01,9.998816251754760742e-01,-9.999927878379821777e-01,-9.999902248382568359e-01,-9.999489784240722656e-01,9.999919533729553223e-01,-9.999896883964538574e-01,9.999777674674987793e-01,-9.997453093528747559e-01,-9.999911785125732422e-01,-9.999853372573852539e-01,-9.999865889549255371e-01,-9.986172318458557129e-01,-9.999872446060180664e-01,-9.999914765357971191e-01,9.999899268150329590e-01,9.999908804893493652e-01,9.999840259552001953e-01,9.999909996986389160e-01,9.999374747276306152e-01,9.999790191650390625e-01,9.999863505363464355e-01,9.999800920486450195e-01,-9.990096092224121094e-01,-9.999843835830688477e-01,-9.999882578849792480e-01,9.999840259552001953e-01,-9.999924302101135254e-01,-9.999877214431762695e-01,-9.999641180038452148e-01,9.999697208404541016e-01,9.999915361404418945e-01,9.999928474426269531e-01,9.999634027481079102e-01,9.999911189079284668e-01,-9.999913573265075684e-01,9.999907612800598145e-01,-9.999862909317016602e-01,-9.999741911888122559e-01,9.999405145645141602e-01,9.993526935577392578e-01,9.999873638153076172e-01,-9.999471306800842285e-01,-9.999908208847045898e-01,9.999470114707946777e-01,9.999775290489196777e-01,9.996892213821411133e-01,-9.999826550483703613e-01,9.999915361404418945e-01,-9.999712705612182617e-01,9.999878406524658203e-01,9.998978972434997559e-01,-9.999322891235351562e-01,-9.999919533729553223e-01,-9.990215301513671875e-01,-9.999732375144958496e-01,9.999855160713195801e-01,-9.999883174896240234e-01,9.998282194137573242e-01,9.999862313270568848e-01,-9.999893903732299805e-01,9.999855160713195801e-01,9.999401569366455078e-01,-9.999924898147583008e-01,9.999914169311523438e-01,-9.999265670776367188e-01,9.999796748161315918e-01,-9.999907612800598145e-01,9.998255372047424316e-01,9.997895956039428711e-01,-9.999896883964538574e-01,-9.999798536300659180e-01,-4.717751443386077881e-01,9.999849200248718262e-01,9.999591112136840820e-01,-9.999896883964538574e-01,9.999858736991882324e-01,-9.999899268150329590e-01,9.999871253967285156e-01,9.998981356620788574e-01,-9.999929666519165039e-01,9.999880194664001465e-01,-9.999915361404418945e-01,9.999905824661254883e-01,9.999588131904602051e-01,9.999869465827941895e-01,9.999916553497314453e-01,-9.999699592590332031e-01,-9.999901056289672852e-01,9.999825954437255859e-01,9.996830821037292480e-01,9.999684691429138184e-01,-9.999100565910339355e-01,9.999814033508300781e-01
9.999980926513671875e-01,-9.999984502792358398e-01,-9.999876618385314941e-01,9.999981522560119629e-01,9.999988675117492676e-01,-9.999986886978149414e-01,9.999953508377075195e-01,9.999989271163940430e-01,-9.999972581863403320e-01,9.999971985816955566e-01,-9.999982118606567383e-01,-9.999988675117492676e-01,9.999980926513671875e-01,9.999982118606567383e-01,9.999747276306152344e-01,9.999974370002746582e-01,9.999975562095642090e-01,-9.999986290931701660e-01,9.999920129776000977e-01,-9.999989867210388184e-01,-9.999989271163940430e-01,9.999868273735046387e-01,9.999982714653015137e-01,9.999984502792358398e-01,9.999893903732299805e-01,9.999989271163940430e-01,-9.999983906745910645e-01,-9.999988079071044922e-01,9.999794960021972656e-01,-9.999958872795104980e-01,-9.999941587448120117e-01,-9.999985098838806152e-01,9.999930262565612793e-01,9.999971985816955566e-01,-9.999967217445373535e-01,-9.999834299087524414e-01,9.999989271163940430e-01,9.999986290931701660e-01,9.999929070472717285e-01,-9.999988079071044922e-01,9.999985098838806152e-01,-9.999967813491821289e-01,9.999643564224243164e-01,9.999987483024597168e-01,9.999979138374328613e-01,9.999979734420776367e-01,9.998065829277038574e-01,9.999980926513671875e-01,9.999988079071044922e-01,-9.999985098838806152e-01,-9.999986886978149414e-01,-9.999976754188537598e-01,-9.999987483024597168e-01,-9.999912381172180176e-01,-9.999970197677612305e-01,-9.999979734420776367e-01,-9.999971389770507812e-01,9.998614788055419922e-01,9.999977350234985352e-01,9.999983310699462891e-01,-9.999976754188537598e-01,9.999988675117492676e-01,9.999982714653015137e-01,9.999949336051940918e-01,-9.999957680702209473e-01,-9.999987483024597168e-01,-9.999989271163940430e-01,-9.999948740005493164e-01,-9.999987483024597168e-01,9.999987483024597168e-01,-9.999986290931701660e-01,9.999979138374328613e-01,9.999963045120239258e-01,-9.999916553497314453e-01,-9.999094009399414062e-01,-9.999982118606567383e-01,9.999926090240478516e-01,9.999986886978149414e-01,-9.999924898147583008e-01,-9.999967217445373535e-01,-9.999565482139587402e-01,9.999975562095642090e-01,-9.999987483024597168e-01,9.999959468841552734e-01,-9.999981522560119629e-01,-9.999857544898986816e-01,9.999905228614807129e-01,9.999988079071044922e-01,9.998631477355957031e-01,9.999961256980895996e-01,-9.999979734420776367e-01,9.999982714653015137e-01,-9.999759197235107422e-01,-9.999980330467224121e-01,9.999983906745910645e-01,-9.999979138374328613e-01,-9.999915361404418945e-01,9.999988675117492676e-01,-9.999988675117492676e-01,9.999896883964538574e-01,-9.999970197677612305e-01,9.999986290931701660e-01,-9.999756813049316406e-01,-9.999705553054809570e-01,9.999985098838806152e-01,9.999970793724060059e-01,4.755916595458984375e-01,-9.999977946281433105e-01,-9.999942183494567871e-01,9.999985098838806152e-01,-9.999979138374328613e-01,9.999985694885253906e-01,-9.999981522560119629e-01,-9.999858140945434570e-01,9.999989271163940430e-01,-9.999982714653015137e-01,9.999986886978149414e-01,-9.999985694885253906e-01,-9.999941587448120117e-01,-9.999981522560119629e-01,-9.999988079071044922e-01,9.999957680702209473e-01,9.999985694885253906e-01,-9.999974370002746582e-01,-9.999557137489318848e-01,-9.999955296516418457e-01,9.999873638153076172e-01,-9.999973773956298828e-01
9.999988675117492676e-01,-9.999991059303283691e-01,-9.999921321868896484e-01,9.999988675117492676e-01,9.999993443489074707e-01,-9.999992251396179199e-01,9.999970197677612305e-01,9.999993443489074707e-01,-9.999982714653015137e-01,9.999983310699462891e-01,-9.999988675117492676e-01,-9.999994039535522461e-01,9.999988079071044922e-01,9.999988675117492676e-01,9.999840259552001953e-01,9.999983906745910645e-01,9.999985098838806152e-01,-9.999991655349731445e-01,9.999949932098388672e-01,-9.999994039535522461e-01,-9.999993443489074707e-01,9.999917149543762207e-01,9.999989271163940430e-01,9.999991059303283691e-01,9.999932646751403809e-01,9.999994039535522461e-01,-9.999991059303283691e-01,-9.999992251396179199e-01,9.999870061874389648e-01,-9.999973773956298828e-01,-9.999963045120239258e-01,-9.999991059303283691e-01,9.999955296516418457e-01,9.999982118606567383e-01,-9.999979734420776367e-01,-9.999894499778747559e-01,9.999994039535522461e-01,9.999991655349731445e-01,9.999954104423522949e-01,-9.999993443489074707e-01,9.999991059303283691e-01,-9.999980330467224121e-01,9.999774098396301270e-01,9.999992251396179199e-01,9.999986886978149414e-01,9.999988079071044922e-01,9.998770952224731445e-01,9.999988675117492676e-01,9.999992847442626953e-01,-9.999991655349731445e-01,-9.999993443489074707e-01,-9.999985694885253906e-01,-9.999992251396179199e-01,-9.999944567680358887e-01,-9.999980926513671875e-01,-9.999987483024597168e-01,-9.999982118606567383e-01,9.999119043350219727e-01,9.999985694885253906e-01,9.999989271163940430e-01,-9.999984502792358398e-01,9.999993443489074707e-01,9.999988675117492676e-01,9.999966621398925781e-01,-9.999972581863403320e-01,-9.999991655349731445e-01,-9.999994039535522461e-01,-9.999967217445373535e-01,-9.999993443489074707e-01,9.999993443489074707e-01,-9.999991059303283691e-01,9.999987483024597168e-01,9.999976754188537598e-01,-9.999946951866149902e-01,-9.999424815177917480e-01,-9.999989271163940430e-01,9.999952316284179688e-01,9.999992847442626953e-01,-9.999952912330627441e-01,-9.999979734420776367e-01,-9.999724626541137695e-01,9.999984502792358398e-01,-9.999992847442626953e-01,9.999974370002746582e-01,-9.999989271163940430e-01,-9.999909400939941406e-01,9.999939799308776855e-01,9.999993443489074707e-01,9.999129772186279297e-01,9.999976158142089844e-01,-9.999986886978149414e-01,9.999989271163940430e-01,-9.999847412109375000e-01,-9.999987483024597168e-01,9.999991059303283691e-01,-9.999986886978149414e-01,-9.999946355819702148e-01,9.999993443489074707e-01,-9.999993443489074707e-01,9.999935030937194824e-01,-9.999981522560119629e-01,9.999991059303283691e-01,-9.999845623970031738e-01,-9.999812841415405273e-01,9.999992251396179199e-01,9.999982118606567383e-01,4.758195281028747559e-01,-9.999986290931701660e-01,-9.999963045120239258e-01,9.999992251396179199e-01,-9.999987483024597168e-01,9.999991655349731445e-01,-9.999988079071044922e-01,-9.999910593032836914e-01,9.999993443489074707e-01,-9.999989867210388184e-01,9.999992251396179199e-01,-9.999992251396179199e-01,-9.999963045120239258e-01,-9.999988079071044922e-01,-9.999992847442626953e-01,9.999973177909851074e-01,9.999991655349731445e-01,-9.999984502792358398e-01,-9.999719262123107910e-01,-9.999971389770507812e-01,9.999920129776000977e-01,-9.999983310699462891e-01
-9.999986886978149414e-01,9.999988675117492676e-01,9.999908804893493652e-01,-9.999986886978149414e-01,-9.999992251396179199e-01,9.999991059303283691e-01,-9.999965429306030273e-01,-9.999992251396179199e-01,9.999979734420776367e-01,-9.999980330467224121e-01,9.999986290931701660e-01,9.999992251396179199e-01,-9.999985098838806152e-01,-9.999985694885253906e-01,-9.999812841415405273e-01,-9.999980926513671875e-01,-9.999982118606567383e-01,9.999989271163940430e-01,-9.999941587448120117e-01,9.999992251396179199e-01,9.999992251396179199e-01,-9.999902844429016113e-01,-9.999987483024597168e-01,-9.999989271163940430e-01,-9.999920725822448730e-01,-9.999992847442626953e-01,9.999988675117492676e-01,9.999991059303283691e-01,-9.999848604202270508e-01,9.999969005584716797e-01,9.999957084655761719e-01,9.999988675117492676e-01,-9.999948143959045410e-01,-9.999979138374328613e-01,9.999975562095642090e-01,9.999877214431762695e-01,-9.999992847442626953e-01,-9.999989867210388184e-01,-9.999946355819702148e-01,9.999992251396179199e-01,-9.999989271163940430e-01,9.999976158142089844e-01,-9.999735355377197266e-01,-9.999992251396179199e-01,-9.999984502792358398e-01,-9.999985098838806152e-01,-9.998559355735778809e-01,-9.999986290931701660e-01,-9.999991655349731445e-01,9.999989271163940430e-01,9.999991059303283691e-01,9.999983310699462891e-01,9.999991059303283691e-01,9.999933838844299316e-01,9.999977946281433105e-01,9.999984502792358398e-01,9.999979138374328613e-01,-9.998968839645385742e-01,-9.999982714653015137e-01,-9.999987483024597168e-01,9.999983310699462891e-01,-9.999992251396179199e-01,-9.999986886978149414e-01,-9.999961256980895996e-01,9.999967813491821289e-01,9.999991655349731445e-01,9.999992847442626953e-01,9.999961256980895996e-01,9.999991059303283691e-01,-9.999991655349731445e-01,9.999991059303283691e-01,-9.999986290931701660e-01,-9.999972581863403320e-01,9.999938011169433594e-01,9.999325275421142578e-01,9.999986886978149414e-01,-9.999943971633911133e-01,-9.999991059303283691e-01,9.999943971633911133e-01,9.999975562095642090e-01,9.999676942825317383e-01,-9.999981522560119629e-01,9.999991655349731445e-01,-9.999969601631164551e-01,9.999986290931701660e-01,9.999893903732299805e-01,-9.999929666519165039e-01,-9.999991059303283691e-01,-9.998981356620788574e-01,-9.999970793724060059e-01,9.999984502792358398e-01,-9.999986886978149414e-01,9.999821782112121582e-01,9.999986290931701660e-01,-9.999988675117492676e-01,9.999984502792358398e-01,9.999936819076538086e-01,-9.999991655349731445e-01,9.999991655349731445e-01,-9.999922513961791992e-01,9.999978542327880859e-01,-9.999991059303283691e-01,9.999818205833435059e-01,9.999780654907226562e-01,-9.999989271163940430e-01,-9.999978542327880859e-01,-4.757512509822845459e-01,9.999983310699462891e-01,9.999957084655761719e-01,-9.999989271163940430e-01,9.999984502792358398e-01,-9.999989271163940430e-01,9.999985694885253906e-01,9.999893903732299805e-01,-9.999992847442626953e-01,9.999987483024597168e-01,-9.999991655349731445e-01,9.999990463256835938e-01,9.999957084655761719e-01,9.999985098838806152e-01,9.999991655349731445e-01,-9.999967217445373535e-01,-9.999989271163940430e-01,9.999981522560119629e-01,9.999670386314392090e-01,9.999966621398925781e-01,-9.999906420707702637e-01,9.999980330467224121e-01
9.999953508377075195e-01,-9.999961853027343750e-01,-9.999671578407287598e-01,9.999953508377075195e-01,9.999970197677612305e-01,-9.999965429306030273e-01,9.999877214431762695e-01,9.999973177909851074e-01,-9.999927878379821777e-01,9.999930262565612793e-01,-9.999954700469970703e-01,-9.999970197677612305e-01,9.999949932098388672e-01,9.999952316284179688e-01,9.999328851699829102e-01,9.999934434890747070e-01,9.999938011169433594e-01,-9.999963641166687012e-01,9.999791383743286133e-01,-9.999974370002746582e-01,-9.999971389770507812e-01,9.999650120735168457e-01,9.999954700469970703e-01,9.999960064888000488e-01,9.999721050262451172e-01,9.999973177909851074e-01,-9.999959468841552734e-01,-9.999969601631164551e-01,9.999455213546752930e-01,-9.999891519546508789e-01,-9.999847412109375000e-01,-9.999960660934448242e-01,9.999814629554748535e-01,9.999929666519165039e-01,-9.999917149543762207e-01,-9.999561309814453125e-01,9.999972581863403320e-01,9.999962449073791504e-01,9.999810457229614258e-01,-9.999969005584716797e-01,9.999961256980895996e-01,-9.999917149543762207e-01,9.999055266380310059e-01,9.999966621398925781e-01,9.999945759773254395e-01,9.999949932098388672e-01,9.994869828224182129e-01,9.999952912330627441e-01,9.999968409538269043e-01,-9.999961853027343750e-01,-9.999966025352478027e-01,-9.999940395355224609e-01,-9.999966025352478027e-01,-9.999767541885375977e-01,-9.999921917915344238e-01,-9.999949336051940918e-01,-9.999926090240478516e-01,9.996326565742492676e-01,9.999942183494567871e-01,9.999955892562866211e-01,-9.999940991401672363e-01,9.999971389770507812e-01,9.999954104423522949e-01,9.999866485595703125e-01,-9.999887943267822266e-01,-9.999968409538269043e-01,-9.999973177909851074e-01,-9.999863505363464355e-01,-9.999966621398925781e-01,9.999967217445373535e-01,-9.999965429306030273e-01,9.999948740005493164e-01,9.999904036521911621e-01,-9.999779462814331055e-01,-9.997600317001342773e-01,-9.999952912330627441e-01,9.999804496765136719e-01,9.999964833259582520e-01,-9.999803304672241211e-01,-9.999916553497314453e-01,-9.998847246170043945e-01,9.999935626983642578e-01,-9.999967217445373535e-01,9.999893307685852051e-01,-9.999954104423522949e-01,-9.999621510505676270e-01,9.999750256538391113e-01,9.999969601631164551e-01,9.996370077133178711e-01,9.999900460243225098e-01,-9.999946355819702148e-01,9.999956488609313965e-01,-9.999361634254455566e-01,-9.999948740005493164e-01,9.999960064888000488e-01,-9.999945759773254395e-01,-9.999777674674987793e-01,9.999971985816955566e-01,-9.999967217445373535e-01,9.999728202819824219e-01,-9.999924302101135254e-01,9.999964833259582520e-01,-9.999352693557739258e-01,-9.999219179153442383e-01,9.999961256980895996e-01,9.999925494194030762e-01,4.745609164237976074e-01,-9.999943971633911133e-01,-9.999848604202270508e-01,9.999960660934448242e-01,-9.999946951866149902e-01,9.999961853027343750e-01,-9.999951124191284180e-01,-9.999622106552124023e-01,9.999972581863403320e-01,-9.999955296516418457e-01,9.999968409538269043e-01,-9.999963641166687012e-01,-9.999846220016479492e-01,-9.999951720237731934e-01,-9.999968409538269043e-01,9.999887943267822266e-01,9.999962449073791504e-01,-9.999935626983642578e-01,-9.998824596405029297e-01,-9.999883174896240234e-01,9.999666810035705566e-01,-9.999932050704956055e-01
9.999989271163940430e-01,-9.999991655349731445e-01,-9.999928474426269531e-01,9.999989271163940430e-01,9.999993443489074707e-01,-9.999992251396179199e-01,9.999973177909851074e-01,9.999994039535522461e-01,-9.999984502792358398e-01,9.999985098838806152e-01,-9.999990463256835938e-01,-9.999992847442626953e-01,9.999988675117492676e-01,9.999989271163940430e-01,9.999853968620300293e-01,9.999985098838806152e-01,9.999986290931701660e-01,-9.999992251396179199e-01,9.999953508377075195e-01,-9.999994039535522461e-01,-9.999994039535522461e-01,9.999923706054687500e-01,9.999990463256835938e-01,9.999991655349731445e-01,9.999938607215881348e-01,9.999994635581970215e-01,-9.999990463256835938e-01,-9.999993443489074707e-01,9.999881386756896973e-01,-9.999976158142089844e-01,-9.999966025352478027e-01,-9.999991059303283691e-01,9.999959468841552734e-01,9.999983906745910645e-01,-9.999980330467224121e-01,-9.999903440475463867e-01,9.999993443489074707e-01,9.999991655349731445e-01,9.999958276748657227e-01,-9.999992847442626953e-01,9.999992251396179199e-01,-9.999981522560119629e-01,9.999793171882629395e-01,9.999993443489074707e-01,9.999988079071044922e-01,9.999988675117492676e-01,9.998878240585327148e-01,9.999988675117492676e-01,9.999992251396179199e-01,-9.999992251396179199e-01,-9.999992847442626953e-01,-9.999986886978149414e-01,-9.999992847442626953e-01,-9.999948740005493164e-01,-9.999982714653015137e-01,-9.999988079071044922e-01,-9.999983310699462891e-01,9.999197721481323242e-01,9.999986290931701660e-01,9.999991059303283691e-01,-9.999986290931701660e-01,9.999994039535522461e-01,9.999989867210388184e-01,9.999969601631164551e-01,-9.999974370002746582e-01,-9.999992847442626953e-01,-9.999994635581970215e-01,-9.999970197677612305e-01,-9.999992847442626953e-01,9.999993443489074707e-01,-9.999992251396179199e-01,9.999988675117492676e-01,9.999978542327880859e-01,-9.999952316284179688e-01,-9.999474883079528809e-01,-9.999989867210388184e-01,9.999956488609313965e-01,9.999992847442626953e-01,-9.999956488609313965e-01,-9.999980330467224121e-01,-9.999749064445495605e-01,9.999985098838806152e-01,-9.999992847442626953e-01,9.999976158142089844e-01,-9.999990463256835938e-01,-9.999917149543762207e-01,9.999945163726806641e-01,9.999994039535522461e-01,9.999206662178039551e-01,9.999977350234985352e-01,-9.999988079071044922e-01,9.999989867210388184e-01,-9.999861121177673340e-01,-9.999988675117492676e-01,9.999991655349731445e-01,-9.999987483024597168e-01,-9.999951124191284180e-01,9.999993443489074707e-01,-9.999993443489074707e-01,9.999939799308776855e-01,-9.999982118606567383e-01,9.999992251396179199e-01,-9.999858736991882324e-01,-9.999829530715942383e-01,9.999992251396179199e-01,9.999983310699462891e-01,4.758545756340026855e-01,-9.999986886978149414e-01,-9.999966621398925781e-01,9.999992251396179199e-01,-9.999988079071044922e-01,9.999992251396179199e-01,-9.999989271163940430e-01,-9.999917149543762207e-01,9.999994039535522461e-01,-9.999990463256835938e-01,9.999992847442626953e-01,-9.999991655349731445e-01,-9.999966025352478027e-01,-9.999988675117492676e-01,-9.999992847442626953e-01,9.999974370002746582e-01,9.999992251396179199e-01,-9.999985098838806152e-01,-9.999743700027465820e-01,-9.999973177909851074e-01,9.999926090240478516e-01,-9.999984502792358398e-01
-9.999971389770507812e-01,9.999976754188537598e-01,9.999808073043823242e-01,-9.999972581863403320e-01,-9.999982714653015137e-01,9.999979734420776367e-01,-9.999927878379821777e-01,-9.999984502792358398e-01,9.999958276748657227e-01,-9.999959468841552734e-01,9.999972581863403320e-01,9.999982714653015137e-01,-9.999970793724060059e-01,-9.999971985816955566e-01,-9.999608397483825684e-01,-9.999960064888000488e-01,-9.999963045120239258e-01,9.999977946281433105e-01,-9.999877810478210449e-01,9.999985098838806152e-01,9.999983310699462891e-01,-9.999795556068420410e-01,-9.999973177909851074e-01,-9.999976158142089844e-01,-9.999837279319763184e-01,-9.999984502792358398e-01,9.999976158142089844e-01,9.999981522560119629e-01,-9.999683499336242676e-01,9.999936819076538086e-01,9.999909996986389160e-01,9.999976754188537598e-01,-9.999891519546508789e-01,-9.999958276748657227e-01,9.999951124191284180e-01,9.999743700027465820e-01,-9.999983906745910645e-01,-9.999978542327880859e-01,-9.999889135360717773e-01,9.999982714653015137e-01,-9.999977350234985352e-01,9.999951124191284180e-01,-9.999448060989379883e-01,-9.999980330467224121e-01,-9.999969005584716797e-01,-9.999969601631164551e-01,-9.997001290321350098e-01,-9.999971389770507812e-01,-9.999980926513671875e-01,9.999977946281433105e-01,9.999979734420776367e-01,9.999965429306030273e-01,9.999980330467224121e-01,9.999863505363464355e-01,9.999954700469970703e-01,9.999969005584716797e-01,9.999956488609313965e-01,-9.997853040695190430e-01,-9.999964833259582520e-01,-9.999974370002746582e-01,9.999964833259582520e-01,-9.999982118606567383e-01,-9.999972581863403320e-01,-9.999921321868896484e-01,9.999934434890747070e-01,9.999980330467224121e-01,9.999984502792358398e-01,9.999920725822448730e-01,9.999981522560119629e-01,-9.999980926513671875e-01,9.999979734420776367e-01,-9.999969601631164551e-01,-9.999943971633911133e-01,9.999871253967285156e-01,9.998597502708435059e-01,9.999971985816955566e-01,-9.999884963035583496e-01,-9.999979734420776367e-01,9.999884366989135742e-01,9.999950528144836426e-01,9.999326467514038086e-01,-9.999961853027343750e-01,9.999981522560119629e-01,-9.999937415122985840e-01,9.999973177909851074e-01,9.999779462814331055e-01,-9.999853372573852539e-01,-9.999982118606567383e-01,-9.997879266738891602e-01,-9.999941587448120117e-01,9.999968409538269043e-01,-9.999973773956298828e-01,9.999627470970153809e-01,9.999969601631164551e-01,-9.999976754188537598e-01,9.999968409538269043e-01,9.999870657920837402e-01,-9.999982714653015137e-01,9.999982118606567383e-01,-9.999841451644897461e-01,9.999955892562866211e-01,-9.999978542327880859e-01,9.999622106552124023e-01,9.999542832374572754e-01,-9.999977946281433105e-01,-9.999956488609313965e-01,-4.752478301525115967e-01,9.999966621398925781e-01,9.999911189079284668e-01,-9.999977350234985352e-01,9.999968409538269043e-01,-9.999978542327880859e-01,9.999971389770507812e-01,9.999779462814331055e-01,-9.999984502792358398e-01,9.999974370002746582e-01,-9.999981522560119629e-01,9.999979138374328613e-01,9.999910593032836914e-01,9.999971389770507812e-01,9.999981522560119629e-01,-9.999935030937194824e-01,-9.999977350234985352e-01,9.999960660934448242e-01,9.999312758445739746e-01,9.999931454658508301e-01,-9.999805688858032227e-01,9.999960064888000488e-01
9.999972581863403320e-01,-9.999977946281433105e-01,-9.999815225601196289e-01,9.999971985816955566e-01,9.999983310699462891e-01,-9.999980330467224121e-01,9.999930262565612793e-01,9.999985098838806152e-01,-9.999959468841552734e-01,9.999959468841552734e-01,-9.999973773956298828e-01,-9.999983310699462891e-01,9.999971985816955566e-01,9.999972581863403320e-01,9.999622106552124023e-01,9.999963045120239258e-01,9.999964833259582520e-01,-9.999979138374328613e-01,9.999882578849792480e-01,-9.999985694885253906e-01,-9.999983906745910645e-01,9.999803900718688965e-01,9.999973773956298828e-01,9.999977350234985352e-01,9.999842643737792969e-01,9.999983906745910645e-01,-9.999977350234985352e-01,-9.999982714653015137e-01,9.999693632125854492e-01,-9.999938011169433594e-01,-9.999913573265075684e-01,-9.999977946281433105e-01,9.999895691871643066e-01,9.999958872795104980e-01,-9.999952316284179688e-01,-9.999752640724182129e-01,9.999983906745910645e-01,9.999978542327880859e-01,9.999893307685852051e-01,-9.999982118606567383e-01,9.999977946281433105e-01,-9.999952912330627441e-01,9.999468326568603516e-01,9.999981522560119629e-01,9.999969005584716797e-01,9.999970793724060059e-01,9.997111558914184570e-01,9.999973177909851074e-01,9.999981522560119629e-01,-9.999978542327880859e-01,-9.999980926513671875e-01,-9.999966025352478027e-01,-9.999980926513671875e-01,-9.999868869781494141e-01,-9.999955296516418457e-01,-9.999970197677612305e-01,-9.999957680702209473e-01,9.997931718826293945e-01,9.999967217445373535e-01,9.999974370002746582e-01,-9.999965429306030273e-01,9.999982714653015137e-01,9.999973177909851074e-01,9.999924302101135254e-01,-9.999936819076538086e-01,-9.999982118606567383e-01,-9.999985098838806152e-01,-9.999922513961791992e-01,-9.999982118606567383e-01,9.999981522560119629e-01,-9.999979138374328613e-01,9.999970793724060059e-01,9.999945759773254395e-01,-9.999876022338867188e-01,-9.998648762702941895e-01,-9.999973177909851074e-01,9.999889135360717773e-01,9.999980330467224121e-01,-9.999889135360717773e-01,-9.999952912330627441e-01,-9.999350905418395996e-01,9.999963045120239258e-01,-9.999982118606567383e-01,9.999939799308776855e-01,-9.999973773956298828e-01,-9.999786615371704102e-01,9.999858736991882324e-01,9.999982714653015137e-01,9.997956752777099609e-01,9.999943375587463379e-01,-9.999969601631164551e-01,9.999974370002746582e-01,-9.999641180038452148e-01,-9.999970793724060059e-01,9.999976754188537598e-01,-9.999968409538269043e-01,-9.999874234199523926e-01,9.999983310699462891e-01,-9.999981522560119629e-01,9.999846220016479492e-01,-9.999957084655761719e-01,9.999979734420776367e-01,-9.999635219573974609e-01,-9.999560117721557617e-01,9.999977946281433105e-01,9.999957084655761719e-01,4.752835333347320557e-01,-9.999967813491821289e-01,-9.999914765357971191e-01,9.999977350234985352e-01,-9.999969601631164551e-01,9.999977946281433105e-01,-9.999972581863403320e-01,-9.999787807464599609e-01,9.999983906745910645e-01,-9.999974370002746582e-01,9.999980926513671875e-01,-9.999979138374328613e-01,-9.999913573265075684e-01,-9.999971389770507812e-01,-9.999982118606567383e-01,9.999936223030090332e-01,9.999978542327880859e-01,-9.999961853027343750e-01,-9.999338388442993164e-01,-9.999934434890747070e-01,9.999812245368957520e-01,-9.999960660934448242e-01
-9.999982714653015137e-01,9.999985694885253906e-01,9.999879598617553711e-01,-9.999982118606567383e-01,-9.999988675117492676e-01,9.999986290931701660e-01,-9.999954700469970703e-01,-9.999990463256835938e-01,9.999972581863403320e-01,-9.999973773956298828e-01,9.999982118606567383e-01,9.999988675117492676e-01,-9.999980330467224121e-01,-9.999982714653015137e-01,-9.999753832817077637e-01,-9.999975562095642090e-01,-9.999976158142089844e-01,9.999985694885253906e-01,-9.999921917915344238e-01,9.999991059303283691e-01,9.999989271163940430e-01,-9.999871850013732910e-01,-9.999983310699462891e-01,-9.999985098838806152e-01,-9.999896287918090820e-01,-9.999990463256835938e-01,9.999985098838806152e-01,9.999988079071044922e-01,-9.999800324440002441e-01,9.999959468841552734e-01,9.999942779541015625e-01,9.999984502792358398e-01,-9.999930858612060547e-01,-9.999973177909851074e-01,9.999967813491821289e-01,9.999837875366210938e-01,-9.999990463256835938e-01,-9.999985694885253906e-01,-9.999929666519165039e-01,9.999987483024597168e-01,-9.999985098838806152e-01,9.999968409538269043e-01,-9.999652504920959473e-01,-9.999987483024597168e-01,-9.999979734420776367e-01,-9.999981522560119629e-01,-9.998114109039306641e-01,-9.999981522560119629e-01,-9.999988079071044922e-01,9.999985098838806152e-01,9.999986886978149414e-01,9.999977350234985352e-01,9.999987483024597168e-01,9.999914169311523438e-01,9.999970197677612305e-01,9.999980926513671875e-01,9.999972581863403320e-01,-9.998649358749389648e-01,-9.999977946281433105e-01,-9.999983906745910645e-01,9.999977350234985352e-01,-9.999988675117492676e-01,-9.999982118606567383e-01,-9.999949932098388672e-01,9.999958276748657227e-01,9.999987483024597168e-01,9.999989271163940430e-01,9.999949336051940918e-01,9.999987483024597168e-01,-9.999987483024597168e-01,9.999986290931701660e-01,-9.999979734420776367e-01,-9.999964237213134766e-01,9.999918937683105469e-01,9.999117851257324219e-01,9.999982714653015137e-01,-9.999927282333374023e-01,-9.999987483024597168e-01,9.999926686286926270e-01,9.999967813491821289e-01,9.999576210975646973e-01,-9.999976158142089844e-01,9.999987483024597168e-01,-9.999960064888000488e-01,9.999983310699462891e-01,9.999861121177673340e-01,-9.999907612800598145e-01,-9.999988079071044922e-01,-9.998665452003479004e-01,-9.999961853027343750e-01,9.999979734420776367e-01,-9.999982714653015137e-01,9.999765157699584961e-01,9.999980926513671875e-01,-9.999984502792358398e-01,9.999978542327880859e-01,9.999917745590209961e-01,-9.999988675117492676e-01,9.999988079071044922e-01,-9.999899268150329590e-01,9.999971985816955566e-01,-9.999986886978149414e-01,9.999761581420898438e-01,9.999712705612182617e-01,-9.999985694885253906e-01,-9.999971389770507812e-01,-4.756072461605072021e-01,9.999979138374328613e-01,9.999943375587463379e-01,-9.999985694885253906e-01,9.999979734420776367e-01,-9.999985694885253906e-01,9.999980926513671875e-01,9.999861121177673340e-01,-9.999989867210388184e-01,9.999983310699462891e-01,-9.999986886978149414e-01,9.999986290931701660e-01,9.999942779541015625e-01,9.999982118606567383e-01,9.999988079071044922e-01,-9.999958276748657227e-01,-9.999986290931701660e-01,9.999974370002746582e-01,9.999567270278930664e-01,9.999957084655761719e-01,-9.999876618385314941e-01,9.999974370002746582e-01
-9.999988675117492676e-01,9.999992251396179199e-01,9.999921917915344238e-01,-9.999988675117492676e-01,-9.999994039535522461e-01,9.999992251396179199e-01,-9.999970197677612305e-01,-9.999992847442626953e-01,9.999982714653015137e-01,-9.999983310699462891e-01,9.999988675117492676e-01,9.999994039535522461e-01,-9.999988079071044922e-01,-9.999988675117492676e-01,-9.999837875366210938e-01,-9.999984502792358398e-01,-9.999984502792358398e-01,9.999991655349731445e-01,-9.999949336051940918e-01,9.999994039535522461e-01,9.999994039535522461e-01,-9.999915957450866699e-01,-9.999989867210388184e-01,-9.999990463256835938e-01,-9.999932050704956055e-01,-9.999994039535522461e-01,9.999991059303283691e-01,9.999992251396179199e-01,-9.999868273735046387e-01,9.999974370002746582e-01,9.999962449073791504e-01,9.999991059303283691e-01,-9.999955296516418457e-01,-9.999982714653015137e-01,9.999979734420776367e-01,9.999893903732299805e-01,-9.999994039535522461e-01,-9.999991655349731445e-01,-9.999953508377075195e-01,9.999993443489074707e-01,-9.999991059303283691e-01,9.999979734420776367e-01,-9.999771714210510254e-01,-9.999993443489074707e-01,-9.999987483024597168e-01,-9.999988079071044922e-01,-9.998757839202880859e-01,-9.999988079071044922e-01,-9.999993443489074707e-01,9.999991059303283691e-01,9.999993443489074707e-01,9.999985098838806152e-01,9.999993443489074707e-01,9.999943971633911133e-01,9.999980926513671875e-01,9.999987483024597168e-01,9.999981522560119629e-01,-9.999111294746398926e-01,-9.999985694885253906e-01,-9.999989271163940430e-01,9.999984502792358398e-01,-9.999994039535522461e-01,-9.999988675117492676e-01,-9.999966621398925781e-01,9.999972581863403320e-01,9.999992847442626953e-01,9.999994039535522461e-01,9.999966621398925781e-01,9.999993443489074707e-01,-9.999993443489074707e-01,9.999992251396179199e-01,-9.999988079071044922e-01,-9.999977350234985352e-01,9.999946951866149902e-01,9.999418854713439941e-01,9.999988675117492676e-01,-9.999952912330627441e-01,-9.999992251396179199e-01,9.999951720237731934e-01,9.999979734420776367e-01,9.999721646308898926e-01,-9.999983906745910645e-01,9.999992847442626953e-01,-9.999973773956298828e-01,9.999988675117492676e-01,9.999909400939941406e-01,-9.999940395355224609e-01,-9.999992847442626953e-01,-9.999120831489562988e-01,-9.999974966049194336e-01,9.999986886978149414e-01,-9.999989271163940430e-01,9.999846220016479492e-01,9.999987483024597168e-01,-9.999991059303283691e-01,9.999986886978149414e-01,9.999945759773254395e-01,-9.999993443489074707e-01,9.999993443489074707e-01,-9.999934434890747070e-01,9.999981522560119629e-01,-9.999991059303283691e-01,9.999843835830688477e-01,9.999811649322509766e-01,-9.999992251396179199e-01,-9.999982714653015137e-01,-4.758153557777404785e-01,9.999986290931701660e-01,9.999963045120239258e-01,-9.999991059303283691e-01,9.999986290931701660e-01,-9.999991059303283691e-01,9.999988675117492676e-01,9.999909400939941406e-01,-9.999994635581970215e-01,9.999989867210388184e-01,-9.999992847442626953e-01,9.999991655349731445e-01,9.999963641166687012e-01,9.999988079071044922e-01,9.999992847442626953e-01,-9.999972581863403320e-01,-9.999991655349731445e-01,9.999983906745910645e-01,9.999716281890869141e-01,9.999971985816955566e-01,-9.999919533729553223e-01,9.999983906745910645e-01
