4.279390275478363037e-01,-5.426130257546901703e-03,8.500775694847106934e-02,-1.572092920541763306e-01,2.786981761455535889e-01,-3.443046510219573975e-01,4.739550873637199402e-02,4.109653532505035400e-01,1.291895955801010132e-01,3.623246448114514351e-03,-2.242134064435958862e-01,-1.460290998220443726e-01,-1.480880677700042725e-01,-2.278255671262741089e-02,1.500437874346971512e-02,2.248503863811492920e-01,7.250184658914804459e-03,-1.438181549310684204e-01,5.823874473571777344e-02,-1.044282391667366028e-01,-2.092945128679275513e-01,-1.644107848405838013e-01,-1.370398104190826416e-01,6.886022537946701050e-02,2.607067115604877472e-02,1.673857122659683228e-01,1.043226290494203568e-02,-3.047820329666137695e-01,2.079277299344539642e-02,-8.518335968255996704e-02,-1.594371795654296875e-01,-7.644141465425491333e-02,-8.173073083162307739e-02,8.721298724412918091e-02,-1.170022971928119659e-02,-4.793602228164672852e-02,7.230868935585021973e-02,4.513606056571006775e-02,-2.325531244277954102e-01,-2.696928083896636963e-01,1.471437662839889526e-01,1.683477163314819336e-01,-1.429519951343536377e-01,1.099500618875026703e-02,-2.030645869672298431e-02,1.782608479261398315e-01,-2.145424112677574158e-02,-3.834152966737747192e-02,2.159485667943954468e-01,-1.677126288414001465e-01,-2.507874965667724609e-01,-1.494333595037460327e-01,2.394474893808364868e-01,-3.533831983804702759e-02,5.956028774380683899e-02,-1.030871793627738953e-01,1.867227703332901001e-01,3.305116901174187660e-03,1.161287501454353333e-01,1.216126531362533569e-01,-1.467318981885910034e-01,1.598562151193618774e-01,-3.044399432837963104e-03,2.376850992441177368e-01,1.565499007701873779e-01,-2.403610013425350189e-02,-3.517748713493347168e-01,9.983596205711364746e-02,-5.260579288005828857e-02,2.456804215908050537e-01,-2.168071717023849487e-01,2.440951913595199585e-01,-7.143630087375640869e-02,-1.834395900368690491e-02,-1.667896211147308350e-01,-1.293081790208816528e-01,1.062477706000208855e-03,-5.134153645485639572e-03,7.329964078962802887e-03,-7.689409703016281128e-02,1.079307720065116882e-01,2.023823617491871119e-05,-1.362411379814147949e-01,1.322025316767394543e-03,-2.863558828830718994e-01,8.936799317598342896e-02,2.242368608713150024e-01,2.286160131916403770e-03,-7.627100497484207153e-02,1.490495800971984863e-01,-1.877292245626449585e-01,2.792291045188903809e-01,1.014485135674476624e-01,-1.548034995794296265e-01,-8.915133029222488403e-02,-2.589108347892761230e-01,-1.814010925590991974e-02,-1.352162689727265388e-05,-1.518208086490631104e-01,1.163545027375221252e-01,-2.942399680614471436e-01,3.295518755912780762e-01,-6.714522838592529297e-02,-1.250707656145095825e-01,-4.903474822640419006e-02,1.585174798965454102e-01,1.030301675200462341e-01,1.386137604713439941e-01,-4.012314975261688232e-01,6.331513170152902603e-03,2.247681468725204468e-02,1.384198814630508423e-01,9.347884915769100189e-03,1.026871353387832642e-01,3.841617703437805176e-02,-9.433390200138092041e-02,2.436458319425582886e-01,-6.860589236021041870e-02,-1.568808555603027344e-01,-5.403900891542434692e-02,-1.241979897022247314e-01,7.709220051765441895e-02,7.700826227664947510e-02,2.593374848365783691e-01,-1.187907233834266663e-01,7.463240623474121094e-02,5.697157233953475952e-02,7.580253481864929199e-02
-5.426130257546901703e-03,1.076094619929790497e-02,-9.499613940715789795e-02,7.948458939790725708e-02,4.959128424525260925e-02,1.013291161507368088e-02,-5.954703083261847496e-04,1.585230603814125061e-02,6.774051487445831299e-02,7.552006840705871582e-02,-9.179077111184597015e-03,-4.338402673602104187e-02,8.126730471849441528e-02,8.195289224386215210e-02,8.644665777683258057e-02,8.548806607723236084e-02,-2.595355501398444176e-03,7.261953502893447876e-02,-9.186942875385284424e-02,-6.277484446763992310e-02,-5.525864660739898682e-02,7.817365974187850952e-02,7.797173410654067993e-02,-2.725870721042156219e-02,1.367454789578914642e-02,7.155305892229080200e-02,-8.703944087028503418e-02,-2.517730183899402618e-02,8.324858546257019043e-02,-2.760692499577999115e-02,2.475680410861968994e-02,-1.002854779362678528e-01,7.629323750734329224e-02,6.957467645406723022e-02,-1.394532853737473488e-03,-9.381821751594543457e-02,7.190751284360885620e-02,8.548487722873687744e-02,-5.873844772577285767e-02,-6.421663612127304077e-02,8.211100846529006958e-02,1.585040986537933350e-02,9.118520468473434448e-02,3.492188081145286560e-02,-8.707324974238872528e-03,-8.949322253465652466e-02,-9.000471234321594238e-02,-2.301657758653163910e-02,-1.536613330245018005e-03,-8.712381124496459961e-03,1.408741064369678497e-02,-3.667961340397596359e-03,5.839752778410911560e-02,5.679349415004253387e-04,-2.830408886075019836e-02,-9.623885154724121094e-02,4.456956684589385986e-02,3.491567447781562805e-03,-8.777908235788345337e-02,-7.760848104953765869e-02,2.981096971780061722e-03,-9.182860143482685089e-03,2.771580591797828674e-03,2.360954880714416504e-02,3.591596323531121016e-04,-3.265307098627090454e-02,4.944510012865066528e-02,9.051138162612915039e-02,-9.088768810033798218e-02,1.654423587024211884e-02,-7.102765887975692749e-02,-4.032890126109123230e-02,-4.399979487061500549e-02,8.461733907461166382e-02,-2.603736706078052521e-02,-8.867322653532028198e-02,-3.746385336853563786e-04,9.635964035987854004e-02,-3.071864135563373566e-02,-8.276094496250152588e-02,8.976130187511444092e-02,7.902811194071546197e-05,-7.964327186346054077e-02,-5.805212422274053097e-04,-8.013203740119934082e-02,-9.001875668764114380e-02,3.686921671032905579e-02,7.199735846370458603e-04,8.094955980777740479e-02,6.463582068681716919e-02,-1.407361496239900589e-02,-5.258857458829879761e-02,-8.362015336751937866e-02,4.200040176510810852e-02,-8.406113088130950928e-02,1.382065378129482269e-02,6.343822181224822998e-02,2.269443939439952374e-07,-6.413878500461578369e-02,7.205233722925186157e-02,-2.621535956859588623e-02,4.064311459660530090e-02,-9.200431406497955322e-02,-8.067954331636428833e-02,1.042866036295890808e-01,8.921103551983833313e-03,-9.311162680387496948e-02,-9.219864755868911743e-02,9.684174438007175922e-04,-1.914835884235799313e-03,7.355917245149612427e-02,-8.253201842308044434e-02,-8.666016161441802979e-02,1.486587245017290115e-02,9.260743111371994019e-02,-8.397458493709564209e-02,3.843515366315841675e-02,4.833110421895980835e-02,-8.713904768228530884e-02,6.638453155755996704e-02,8.621108531951904297e-02,7.899993658065795898e-02,7.883216440677642822e-02,-6.948496401309967041e-02,-4.609495028853416443e-02,-7.644056528806686401e-02,-9.882831946015357971e-03,7.408030331134796143e-02
8.500775694847106934e-02,-9.499613940715789795e-02,8.244773745536804199e-01,-7.287384867668151855e-01,-4.716602861881256104e-01,-1.487416028976440430e-01,-1.766666956245899200e-02,-1.913961172103881836e-01,-5.630500912666320801e-01,-6.995433568954467773e-01,8.356935530900955200e-02,4.445212483406066895e-01,-7.007902264595031738e-01,-7.323902249336242676e-01,-7.728076577186584473e-01,-7.052061557769775391e-01,2.469643577933311462e-02,-6.495270133018493652e-01,7.892561554908752441e-01,6.073064208030700684e-01,4.367960691452026367e-01,-7.311421036720275879e-01,-7.334251999855041504e-01,2.831651270389556885e-01,-1.331582069396972656e-01,-6.059869527816772461e-01,7.636814713478088379e-01,2.269712984561920166e-01,-7.566230893135070801e-01,2.841315567493438721e-01,-2.392408251762390137e-01,8.070428371429443359e-01,-6.439046263694763184e-01,-6.757342219352722168e-01,1.922632008790969849e-02,7.831462025642395020e-01,-6.750679016113281250e-01,-7.655603885650634766e-01,5.229619741439819336e-01,5.818521380424499512e-01,-6.948637366294860840e-01,-1.398044228553771973e-01,-7.911090850830078125e-01,-3.532731831073760986e-01,1.010177005082368851e-02,7.877891659736633301e-01,7.981136441230773926e-01,2.238604724407196045e-01,3.256408125162124634e-02,1.804472953081130981e-01,-1.248883903026580811e-01,1.185906901955604553e-01,-5.121412873268127441e-01,-8.262994699180126190e-03,3.049148619174957275e-01,8.137117624282836914e-01,-4.708562493324279785e-01,-3.623620048165321350e-02,7.555217742919921875e-01,6.980196833610534668e-01,-4.498992115259170532e-02,1.047110259532928467e-01,-2.524008974432945251e-02,-1.864297538995742798e-01,2.565506286919116974e-02,3.168321549892425537e-01,-4.289321899414062500e-01,-7.692391872406005859e-01,7.794468998908996582e-01,-1.699122637510299683e-01,6.566775441169738770e-01,4.263188540935516357e-01,4.035036563873291016e-01,-7.676845192909240723e-01,1.734003275632858276e-01,7.610812783241271973e-01,3.557713935151696205e-03,-8.325603008270263672e-01,2.813514471054077148e-01,7.367067337036132812e-01,-7.721617817878723145e-01,-8.131721406243741512e-04,7.230927348136901855e-01,6.980264093726873398e-03,6.730896830558776855e-01,7.989513278007507324e-01,-3.807662129402160645e-01,-7.620604708790779114e-03,-7.029437422752380371e-01,-6.314091682434082031e-01,1.353592872619628906e-01,4.220749437808990479e-01,7.230704426765441895e-01,-3.845133483409881592e-01,7.379958033561706543e-01,-1.314446777105331421e-01,-6.194367408752441406e-01,-1.624827746127266437e-06,5.992177128791809082e-01,-6.394720077514648438e-01,3.236604034900665283e-01,-3.714042901992797852e-01,7.836573719978332520e-01,7.248129844665527344e-01,-8.495386838912963867e-01,-1.310874819755554199e-01,7.384868860244750977e-01,7.890765070915222168e-01,-1.411743741482496262e-02,1.424426771700382233e-02,-6.274039149284362793e-01,7.378937005996704102e-01,7.709199786186218262e-01,-2.057534605264663696e-01,-8.130552172660827637e-01,7.346057891845703125e-01,-3.599276840686798096e-01,-5.103654861450195312e-01,7.617945671081542969e-01,-6.238588690757751465e-01,-7.648247480392456055e-01,-6.879490017890930176e-01,-7.017946839332580566e-01,6.181403398513793945e-01,4.975945353507995605e-01,6.972579956054687500e-01,8.462908118963241577e-02,-6.964411735534667969e-01
-1.572092920541763306e-01,7.948458939790725708e-02,-7.287384867668151855e-01,7.665272355079650879e-01,2.676854133605957031e-01,2.460148781538009644e-01,1.774761080741882324e-02,-9.412229061126708984e-03,5.046636462211608887e-01,5.962166786193847656e-01,-1.723978519439697266e-01,-3.224895298480987549e-01,5.210596919059753418e-01,6.826485395431518555e-01,6.754048466682434082e-01,4.723757207393646240e-01,-2.001293189823627472e-02,5.610076189041137695e-01,-7.472542524337768555e-01,-5.346344709396362305e-01,-4.697245657444000244e-01,6.850159764289855957e-01,6.642442345619201660e-01,-1.990981549024581909e-01,1.160022839903831482e-01,3.596855103969573975e-01,-6.178876161575317383e-01,4.303001239895820618e-02,5.600188970565795898e-01,-1.064151749014854431e-01,1.753735393285751343e-01,-7.094482183456420898e-01,7.043793797492980957e-01,5.948252081871032715e-01,3.766503650695085526e-04,-5.860728621482849121e-01,5.061845779418945312e-01,6.440955400466918945e-01,-2.384036779403686523e-01,-5.385872125625610352e-01,6.214669346809387207e-01,1.891842782497406006e-01,6.774647235870361328e-01,2.815958559513092041e-01,-1.482811123132705688e-01,-6.486588716506958008e-01,-7.288559675216674805e-01,-1.905679404735565186e-01,2.024651505053043365e-02,-7.816683501005172729e-02,1.514477431774139404e-01,8.741950988769531250e-02,5.150599479675292969e-01,-3.019859641790390015e-02,-1.235651895403862000e-01,-6.474385857582092285e-01,4.480149149894714355e-01,2.788328379392623901e-02,-6.878378987312316895e-01,-7.356300950050354004e-01,-8.805681951344013214e-03,-3.301323577761650085e-02,2.756270766258239746e-02,9.998006373643875122e-02,1.553104445338249207e-02,-2.640869021415710449e-01,3.355712294578552246e-01,5.750504732131958008e-01,-6.513273715972900391e-01,-7.897314429283142090e-02,-4.855197370052337646e-01,-2.247396558523178101e-01,-4.494146108627319336e-01,6.706812977790832520e-01,-2.355412244796752930e-01,-6.259353756904602051e-01,-1.926900702528655529e-03,6.913220286369323730e-01,-4.390981495380401611e-01,-6.031709313392639160e-01,7.156525850296020508e-01,6.725156563334167004e-04,-5.545774698257446289e-01,-1.844604732468724251e-03,-5.125387907028198242e-01,-6.802867650985717773e-01,1.410237699747085571e-01,2.998308977112174034e-03,5.602056980133056641e-01,4.949787855148315430e-01,-1.514363884925842285e-01,-5.400407910346984863e-01,-7.261458039283752441e-01,4.549888372421264648e-01,-6.660647392272949219e-01,2.258559167385101318e-01,4.779955744743347168e-01,-3.520331119943875819e-07,-3.800390064716339111e-01,4.755346775054931641e-01,-1.693505048751831055e-01,1.169428974390029907e-01,-7.132697701454162598e-01,-5.571667551994323730e-01,7.777012586593627930e-01,3.069095015525817871e-01,-7.977766990661621094e-01,-6.582208871841430664e-01,1.988363265991210938e-01,-2.200637012720108032e-02,6.213030815124511719e-01,-7.483903765678405762e-01,-7.150284051895141602e-01,3.005472719669342041e-01,6.811899542808532715e-01,-6.305233836174011230e-01,8.830665796995162964e-02,4.244444370269775391e-01,-6.179370880126953125e-01,6.378456950187683105e-01,6.371904015541076660e-01,6.713328957557678223e-01,6.334498524665832520e-01,-5.894835591316223145e-01,-4.403213858604431152e-01,-6.666705012321472168e-01,-8.195818960666656494e-02,5.806893706321716309e-01
2.786981761455535889e-01,4.959128424525260925e-02,-4.716602861881256104e-01,2.676854133605957031e-01,6.001702547073364258e-01,-2.245685756206512451e-01,4.514108225703239441e-02,5.680062770843505859e-01,3.668877780437469482e-01,4.112185537815093994e-01,-1.225131526589393616e-01,-4.114430248737335205e-01,4.272951781749725342e-01,3.842732012271881104e-01,4.938107132911682129e-01,7.505556344985961914e-01,-1.000905688852071762e-02,3.269353806972503662e-01,-4.292149543762207031e-01,-3.988902568817138672e-01,-2.762561738491058350e-01,3.069802522659301758e-01,3.320480585098266602e-01,-1.599190682172775269e-01,9.076844900846481323e-02,6.338061690330505371e-01,-5.025498867034912109e-01,-5.393766164779663086e-01,6.255612969398498535e-01,-3.226031959056854248e-01,5.101735144853591919e-02,-5.645135641098022461e-01,2.187845110893249512e-01,4.722470939159393311e-01,-3.455948829650878906e-02,-6.266631484031677246e-01,5.200537443161010742e-01,5.387123823165893555e-01,-7.248952388763427734e-01,-5.045349597930908203e-01,5.191951394081115723e-01,1.266894638538360596e-01,4.258673787117004395e-01,2.321855127811431885e-01,1.192253157496452332e-01,-4.287503361701965332e-01,-5.179480910301208496e-01,-1.704040467739105225e-01,6.549872457981109619e-02,-2.800737619400024414e-01,-1.319767981767654419e-01,-3.525821566581726074e-01,3.967987596988677979e-01,9.272037073969841003e-03,-2.701587677001953125e-01,-6.779455542564392090e-01,3.763506710529327393e-01,2.722802013158798218e-02,-3.671630024909973145e-01,-2.605895996093750000e-01,-1.897999085485935211e-02,-3.321850672364234924e-02,6.683733779937028885e-03,2.891932725906372070e-01,5.376968905329704285e-02,-2.073780000209808350e-01,6.187365576624870300e-02,6.532572507858276367e-01,-5.447205901145935059e-01,4.524909257888793945e-01,-6.506224870681762695e-01,-2.402950525283813477e-01,-1.683605015277862549e-01,4.795976877212524414e-01,-1.284494847059249878e-01,-6.092424392700195312e-01,-2.253290265798568726e-03,5.906032323837280273e-01,-1.153342425823211670e-02,-5.474590659141540527e-01,5.481773614883422852e-01,5.137921543791890144e-04,-6.108750700950622559e-01,-6.545887794345617294e-03,-7.034981846809387207e-01,-4.751260876655578613e-01,5.194771885871887207e-01,9.309264831244945526e-03,4.008039832115173340e-01,5.318189263343811035e-01,-1.874233931303024292e-01,9.068044275045394897e-02,-2.988447844982147217e-01,-4.067725967615842819e-03,-5.141656994819641113e-01,-1.918744891881942749e-01,4.264389872550964355e-01,-6.355529421853134409e-06,-5.803834795951843262e-01,5.583531856536865234e-01,-4.850051999092102051e-01,6.212074756622314453e-01,-5.377105474472045898e-01,-6.174150705337524414e-01,5.095823407173156738e-01,4.236318916082382202e-02,-2.831657230854034424e-01,-4.675911366939544678e-01,-4.149338901042938232e-01,7.388738449662923813e-03,2.992745339870452881e-01,-2.783860266208648682e-01,-4.648528099060058594e-01,8.023721724748611450e-02,6.112298369407653809e-01,-5.231878161430358887e-01,5.605986118316650391e-01,2.900134027004241943e-01,-6.521115303039550781e-01,2.430175691843032837e-01,4.487018883228302002e-01,4.059865474700927734e-01,4.393212199211120605e-01,-1.517096310853958130e-01,-3.574832677841186523e-01,-3.067564368247985840e-01,-5.218671634793281555e-03,4.902811050415039062e-01
-3.443046510219573975e-01,1.013291161507368088e-02,-1.487416028976440430e-01,2.460148781538009644e-01,-2.245685756206512451e-01,3.437642157077789307e-01,-1.560602989047765732e-02,-3.552505075931549072e-01,-5.946259573101997375e-02,5.889583379030227661e-02,9.922704845666885376e-02,9.704454243183135986e-02,1.128911003470420837e-01,1.141511574387550354e-01,7.474478334188461304e-02,-1.800524890422821045e-01,-7.082646712660789490e-03,1.379005014896392822e-01,-1.388396769762039185e-01,-9.641071781516075134e-03,6.242016702890396118e-02,2.045132070779800415e-01,1.859358102083206177e-01,-4.673631116747856140e-02,-6.688476540148258209e-03,-1.716544628143310547e-01,-6.877254694700241089e-02,3.155806064605712891e-01,1.433149818331003189e-02,7.458148151636123657e-02,1.280595362186431885e-01,-2.477777749300003052e-02,1.853089034557342529e-01,3.362356126308441162e-02,1.401470415294170380e-02,1.795827783644199371e-02,-3.496827185153961182e-02,2.280924282968044281e-02,2.406166195869445801e-01,9.933473914861679077e-02,-5.493126064538955688e-02,-6.639112532138824463e-02,1.699774265289306641e-01,1.856527291238307953e-02,-4.219942912459373474e-02,-1.886947005987167358e-01,-7.687763124704360962e-02,1.342707965523004532e-02,-1.406257301568984985e-01,1.195528879761695862e-01,2.112456411123275757e-01,1.575051397085189819e-01,-8.734779804944992065e-02,1.380201708525419235e-02,-7.244024891406297684e-03,1.986303552985191345e-02,-7.496900111436843872e-02,-9.054375113919377327e-04,-1.601481586694717407e-01,-2.021764665842056274e-01,8.545149117708206177e-02,-8.535598963499069214e-02,7.394711021333932877e-03,-1.828605383634567261e-01,-1.094572693109512329e-01,-2.549627562984824181e-03,2.568731904029846191e-01,-4.930185154080390930e-02,-1.587522588670253754e-02,-2.606243789196014404e-01,1.337376534938812256e-01,-1.716407835483551025e-01,-2.698317542672157288e-02,7.442185282707214355e-02,7.972831279039382935e-02,3.872961178421974182e-02,-4.507160920184105635e-04,7.317054271697998047e-02,-1.097368225455284119e-01,1.725826784968376160e-02,1.749397069215774536e-02,4.722595258499495685e-05,5.362339690327644348e-02,-5.299096228554844856e-04,1.922757625579833984e-01,-1.271556317806243896e-01,-1.864086091518402100e-01,-2.804019721224904060e-03,8.176764100790023804e-02,-7.604340463876724243e-02,1.020056605339050293e-01,-3.072521984577178955e-01,-1.747477799654006958e-01,1.981623172760009766e-01,-2.508933190256357193e-03,2.417585849761962891e-01,5.312187224626541138e-02,7.713799277553334832e-06,1.192728653550148010e-01,-9.029914438724517822e-02,2.117118239402770996e-01,-3.024008274078369141e-01,-2.438270673155784607e-02,6.461663544178009033e-02,1.281288713216781616e-01,2.669361419975757599e-02,-2.162127345800399780e-01,-1.354355961084365845e-01,3.803467452526092529e-01,-9.814725257456302643e-03,7.564489543437957764e-02,-2.380856573581695557e-01,-8.580429852008819580e-02,2.702626585960388184e-02,4.130557924509048462e-02,3.220273181796073914e-03,-2.485894560813903809e-01,8.936344087123870850e-02,6.069725006818771362e-02,1.369580328464508057e-01,1.378695517778396606e-01,4.197511449456214905e-02,2.841200865805149078e-02,-2.529310882091522217e-01,1.088822074234485626e-02,-1.475621908903121948e-01,-5.192555859684944153e-02,5.724872462451457977e-03
4.739550873637199402e-02,-5.954703083261847496e-04,-1.766666956245899200e-02,1.774761080741882324e-02,4.514108225703239441e-02,-1.560602989047765732e-02,3.189551457762718201e-02,6.596842408180236816e-02,-3.365213633514940739e-04,2.194906398653984070e-02,-5.172921717166900635e-02,-2.570778876543045044e-02,-1.424809545278549194e-02,9.264300577342510223e-03,2.265373058617115021e-02,3.287524729967117310e-02,4.961123922839760780e-04,-1.096913404762744904e-02,-2.909020520746707916e-02,-4.240131005644798279e-02,-3.094299882650375366e-02,-2.130386128555983305e-04,9.226600639522075653e-03,-1.930035359691828489e-04,6.983606610447168350e-03,1.681935414671897888e-02,-1.404434628784656525e-02,-2.714387327432632446e-02,3.256581723690032959e-02,-2.269394323229789734e-02,-9.934598580002784729e-03,-2.403759770095348358e-02,1.746547408401966095e-02,4.590575024485588074e-02,-1.535471063107252121e-03,-1.267721969634294510e-02,2.246008068323135376e-02,2.924288064241409302e-02,-3.675902634859085083e-02,-6.497501581907272339e-02,3.158684447407722473e-02,3.399260714650154114e-02,-4.496785986702889204e-04,1.277188118547201157e-02,-1.054123789072036743e-02,6.989707238972187042e-03,-3.602368012070655823e-02,-9.584241546690464020e-03,3.640439733862876892e-02,-2.993953041732311249e-02,-2.343411743640899658e-02,-3.307664394378662109e-02,5.286784470081329346e-02,-3.074221778661012650e-03,3.065524622797966003e-03,-4.060558974742889404e-02,4.255741462111473083e-02,1.367505872622132301e-03,-6.088867783546447754e-03,-1.065436098724603653e-02,-2.653354406356811523e-02,2.254154533147811890e-02,5.373451276682317257e-04,3.425727784633636475e-02,2.180722355842590332e-02,-1.037120353430509567e-02,-4.864528775215148926e-02,2.893688529729843140e-02,-2.111038751900196075e-02,2.789876423776149750e-02,-5.573052912950515747e-02,2.157981134951114655e-02,-1.720058359205722809e-02,1.581621915102005005e-02,-2.744542434811592102e-02,-4.404102265834808350e-02,2.523574221413582563e-04,2.663918957114219666e-02,-2.184677124023437500e-02,-2.570128999650478363e-02,4.739378765225410461e-02,2.446797589072957635e-05,-3.779605776071548462e-02,-2.949161862488836050e-04,-5.682421103119850159e-02,-6.446375977247953415e-03,4.324097558856010437e-02,3.092061378993093967e-04,-7.698314264416694641e-03,3.950207307934761047e-02,-4.200081899762153625e-02,2.339569851756095886e-02,-9.453948587179183960e-03,-1.026308722794055939e-02,-3.898748755455017090e-02,-3.255295753479003906e-02,2.137894928455352783e-02,-2.553652620918001048e-06,-2.501642331480979919e-02,2.791611291468143463e-02,-6.032184883952140808e-02,4.469211772084236145e-02,-2.925612963736057281e-02,-3.584092110395431519e-02,2.872267179191112518e-02,6.209878623485565186e-02,-1.758812740445137024e-02,7.097871042788028717e-03,-3.743970021605491638e-02,9.596970048733055592e-04,1.618999638594686985e-03,-2.104148641228675842e-02,-1.841167174279689789e-02,5.414444208145141602e-02,3.578604012727737427e-02,-3.276517614722251892e-02,2.087635919451713562e-02,1.446199510246515274e-02,-4.912485182285308838e-02,1.180217321962118149e-02,9.406385011970996857e-03,3.285394236445426941e-02,2.533417195081710815e-02,2.512365393340587616e-02,-4.013087600469589233e-02,-9.807089343667030334e-03,4.916141740977764130e-03,3.694568201899528503e-02
4.109653532505035400e-01,1.585230603814125061e-02,-1.913961172103881836e-01,-9.412229061126708984e-03,5.680062770843505859e-01,-3.552505075931549072e-01,6.596842408180236816e-02,7.068018317222595215e-01,1.876922100782394409e-01,1.981840282678604126e-01,-1.174188479781150818e-01,-3.710606396198272705e-01,1.788932532072067261e-01,1.528313010931015015e-01,2.764253914356231689e-01,6.122713088989257812e-01,-2.326854446437209845e-04,6.455577909946441650e-02,-1.440861374139785767e-01,-2.622981667518615723e-01,-1.288519054651260376e-01,5.853407457470893860e-02,7.439287751913070679e-02,-9.791177511215209961e-02,6.183008849620819092e-02,5.198388099670410156e-01,-2.865281105041503906e-01,-6.075390577316284180e-01,4.560032486915588379e-01,-3.034632205963134766e-01,-6.376200169324874878e-02,-3.170746266841888428e-01,-7.610025256872177124e-02,3.343867659568786621e-01,-4.255675524473190308e-02,-4.160912930965423584e-01,3.667548000812530518e-01,3.282856345176696777e-01,-6.927798390388488770e-01,-3.972787559032440186e-01,3.167491257190704346e-01,1.030359491705894470e-01,1.342157572507858276e-01,1.507174074649810791e-01,2.197380214929580688e-01,-1.661188900470733643e-01,-2.768177092075347900e-01,-1.147596165537834167e-01,1.185672581195831299e-01,-3.919192254543304443e-01,-2.669491171836853027e-01,-4.752087295055389404e-01,2.715275585651397705e-01,-1.967055257409811020e-03,-2.277376353740692139e-01,-4.712838530540466309e-01,3.162049353122711182e-01,2.087194658815860748e-02,-6.514184176921844482e-02,2.127639017999172211e-02,-5.466806888580322266e-02,2.250428497791290283e-02,-4.180561285465955734e-03,2.733319401741027832e-01,7.669821381568908691e-02,-1.275759041309356689e-01,-1.808390021324157715e-01,4.570586979389190674e-01,-3.255160450935363770e-01,5.408084988594055176e-01,-5.492899417877197266e-01,-1.476393342018127441e-01,-3.556466847658157349e-02,2.624696791172027588e-01,-2.329932339489459991e-02,-4.020631313323974609e-01,-1.221541431732475758e-03,3.556515276432037354e-01,1.374194324016571045e-01,-3.558257520198822021e-01,3.252333700656890869e-01,3.459006256889551878e-04,-4.586683511734008789e-01,-6.086659617722034454e-03,-5.648145079612731934e-01,-2.229024618864059448e-01,5.396278500556945801e-01,9.450552985072135925e-03,1.650200486183166504e-01,4.298242032527923584e-01,-1.800351142883300781e-01,3.965564072132110596e-01,-1.069802138954401016e-02,-1.972838193178176880e-01,-2.959816753864288330e-01,-3.335914909839630127e-01,2.475871592760086060e-01,-1.076353964890586212e-05,-4.978702962398529053e-01,3.951656520366668701e-01,-5.607523918151855469e-01,6.645631194114685059e-01,-3.048178553581237793e-01,-4.592515528202056885e-01,2.066465020179748535e-01,1.800521835684776306e-02,5.312373861670494080e-02,-1.889846622943878174e-01,-5.842310786247253418e-01,1.893350481986999512e-02,8.251987397670745850e-02,-2.698701340705156326e-03,-2.209686487913131714e-01,8.046659082174301147e-02,3.830137550830841064e-01,-3.202074766159057617e-01,5.850729346275329590e-01,1.617915779352188110e-01,-4.728003144264221191e-01,6.714206654578447342e-03,1.824629604816436768e-01,1.867433041334152222e-01,2.237695306539535522e-01,1.505958288908004761e-01,-2.979040741920471191e-01,-6.053293868899345398e-02,5.265587195754051208e-02,3.199217319488525391e-01
1.291895955801010132e-01,6.774051487445831299e-02,-5.630500912666320801e-01,5.046636462211608887e-01,3.668877780437469482e-01,-5.946259573101997375e-02,-3.365213633514940739e-04,1.876922100782394409e-01,6.082025170326232910e-01,5.248009562492370605e-01,-2.177381813526153564e-01,-3.714791238307952881e-01,3.736220002174377441e-01,5.934764742851257324e-01,5.967263579368591309e-01,5.903854966163635254e-01,-1.194771844893693924e-02,3.303029835224151611e-01,-6.023968458175659180e-01,-5.304020047187805176e-01,-5.931456685066223145e-01,4.883009195327758789e-01,4.534989297389984131e-01,-1.519767045974731445e-01,1.191792264580726624e-01,4.876533448696136475e-01,-5.782041549682617188e-01,-1.581554561853408813e-01,4.753235876560211182e-01,-1.459024548530578613e-01,4.052076488733291626e-02,-7.436198592185974121e-01,5.307012200355529785e-01,5.527560114860534668e-01,-6.596864666789770126e-03,-5.981513857841491699e-01,4.865640997886657715e-01,5.799309611320495605e-01,-3.410692512989044189e-01,-5.903682112693786621e-01,6.420530676841735840e-01,2.466122359037399292e-01,4.793373048305511475e-01,2.284912019968032837e-01,-1.505456566810607910e-01,-4.846355319023132324e-01,-6.065301895141601562e-01,-1.468641459941864014e-01,2.032268941402435303e-01,-2.046819478273391724e-01,-4.819475859403610229e-02,3.256997093558311462e-02,5.874840617179870605e-01,-5.878116190433502197e-02,-4.469185322523117065e-02,-6.315435767173767090e-01,4.604585468769073486e-01,2.381382323801517487e-02,-5.174962878227233887e-01,-5.182738304138183594e-01,-1.122236847877502441e-01,1.189977452158927917e-01,2.121709100902080536e-02,2.726489603519439697e-01,1.315025389194488525e-01,-2.384569346904754639e-01,8.602932840585708618e-02,5.715761780738830566e-01,-6.392979025840759277e-01,9.367973357439041138e-02,-5.218210220336914062e-01,-4.854085296392440796e-02,-4.668219685554504395e-01,5.791460275650024414e-01,-2.833613455295562744e-01,-6.075912117958068848e-01,-1.247851760126650333e-03,6.023910641670227051e-01,-3.008570075035095215e-01,-6.017277240753173828e-01,6.785292029380798340e-01,5.791240837424993515e-04,-5.486018061637878418e-01,3.092388797085732222e-04,-6.053783297538757324e-01,-5.418315529823303223e-01,2.414713799953460693e-01,3.999914973974227905e-03,5.273118615150451660e-01,5.105899572372436523e-01,-1.904632002115249634e-01,-2.975419461727142334e-01,-5.666123628616333008e-01,3.290896415710449219e-01,-6.171116828918457031e-01,5.147424340248107910e-02,3.020707964897155762e-01,-5.176312697585672140e-06,-4.473963677883148193e-01,4.566564261913299561e-01,-2.988717555999755859e-01,3.494470715522766113e-01,-6.749231815338134766e-01,-5.619997382164001465e-01,6.825332641601562500e-01,2.135486006736755371e-01,-6.493810415267944336e-01,-4.960773587226867676e-01,-9.263455122709274292e-02,-2.091734483838081360e-02,6.347681283950805664e-01,-5.568534135818481445e-01,-5.969068408012390137e-01,3.178568482398986816e-01,5.584312081336975098e-01,-6.210435628890991211e-01,2.454867660999298096e-01,2.682600915431976318e-01,-6.103563904762268066e-01,4.920400977134704590e-01,4.408757686614990234e-01,6.317830681800842285e-01,5.906780362129211426e-01,-3.367041647434234619e-01,-4.521004259586334229e-01,-5.438212156295776367e-01,-1.637579873204231262e-02,5.285649895668029785e-01
3.623246448114514351e-03,7.552006840705871582e-02,-6.995433568954467773e-01,5.962166786193847656e-01,4.112185537815093994e-01,5.889583379030227661e-02,2.194906398653984070e-02,1.981840282678604126e-01,5.248009562492370605e-01,5.984851717948913574e-01,-1.127345636487007141e-01,-3.849963247776031494e-01,5.593717694282531738e-01,6.366446614265441895e-01,6.769437789916992188e-01,6.716683506965637207e-01,-1.828145794570446014e-02,4.735885262489318848e-01,-6.963546872138977051e-01,-5.507616400718688965e-01,-4.589376151561737061e-01,5.915728807449340820e-01,5.853350162506103516e-01,-2.279765009880065918e-01,1.176444217562675476e-01,5.630903840065002441e-01,-6.831958293914794922e-01,-2.090791761875152588e-01,6.566532254219055176e-01,-2.424246072769165039e-01,1.597888469696044922e-01,-7.784860730171203613e-01,5.530920028686523438e-01,6.130690574645996094e-01,-1.491786539554595947e-02,-7.147024273872375488e-01,5.713670849800109863e-01,6.677922606468200684e-01,-4.761228561401367188e-01,-5.553537607192993164e-01,6.323339939117431641e-01,1.588392257690429688e-01,6.426206231117248535e-01,2.814618945121765137e-01,-4.674286022782325745e-02,-6.645949482917785645e-01,-6.956086754798889160e-01,-1.669604778289794922e-01,6.496413797140121460e-02,-1.954648345708847046e-01,4.997167736291885376e-02,-8.499062806367874146e-02,5.055178403854370117e-01,-9.938792325556278229e-03,-2.019678056240081787e-01,-7.529816031455993652e-01,4.157025516033172607e-01,2.872711047530174255e-02,-6.285806894302368164e-01,-5.732469558715820312e-01,-1.703004166483879089e-02,-1.257643848657608032e-02,2.096484042704105377e-02,2.217755019664764404e-01,2.956689894199371338e-02,-2.622377872467041016e-01,2.775965929031372070e-01,6.872545480728149414e-01,-7.058972120285034180e-01,1.557772308588027954e-01,-5.955270528793334961e-01,-2.984026670455932617e-01,-3.808023333549499512e-01,6.611318588256835938e-01,-1.838333904743194580e-01,-6.876094937324523926e-01,-2.475056331604719162e-03,7.423191666603088379e-01,-2.332272827625274658e-01,-6.615663170814514160e-01,7.201863527297973633e-01,6.633902667090296745e-04,-6.374241709709167480e-01,-4.526064265519380569e-03,-6.364878416061401367e-01,-6.734709739685058594e-01,3.301377594470977783e-01,6.046193186193704605e-03,6.165205240249633789e-01,5.536261796951293945e-01,-1.388955563306808472e-01,-3.292284905910491943e-01,-6.174411177635192871e-01,3.223497271537780762e-01,-6.608059406280517578e-01,7.954891771078109741e-02,4.578129947185516357e-01,-8.763416872170637362e-07,-5.238226652145385742e-01,5.372546315193176270e-01,-3.141472935676574707e-01,3.802878856658935547e-01,-7.133524417877197266e-01,-6.474007368087768555e-01,7.882107496261596680e-01,1.232163757085800171e-01,-6.801319718360900879e-01,-6.552480459213256836e-01,-3.680584579706192017e-02,-1.487387251108884811e-02,5.870240926742553711e-01,-6.419194936752319336e-01,-6.599211692810058594e-01,2.440294772386550903e-01,6.998932361602783203e-01,-6.646973490715026855e-01,3.147991895675659180e-01,3.840978443622589111e-01,-6.936123967170715332e-01,5.126771330833435059e-01,6.179587244987487793e-01,6.229778528213500977e-01,6.149817705154418945e-01,-4.595585167407989502e-01,-4.542153179645538330e-01,-5.926276445388793945e-01,-4.993580654263496399e-02,6.002542376518249512e-01
-2.242134064435958862e-01,-9.179077111184597015e-03,8.356935530900955200e-02,-1.723978519439697266e-01,-1.225131526589393616e-01,9.922704845666885376e-02,-5.172921717166900635e-02,-1.174188479781150818e-01,-2.177381813526153564e-01,-1.127345636487007141e-01,3.411770462989807129e-01,1.056253090500831604e-01,1.266655176877975464e-01,-1.485988497734069824e-01,-1.363595724105834961e-01,-7.610335946083068848e-02,-3.307319246232509613e-03,1.900840178132057190e-02,1.806282848119735718e-01,2.023112922906875610e-01,3.764858841896057129e-01,-5.145826563239097595e-02,-5.022487789392471313e-02,-6.631649285554885864e-02,-4.517784714698791504e-02,1.078860252164304256e-03,4.844912141561508179e-02,-4.217092320322990417e-02,1.040847785770893097e-02,-5.229603871703147888e-02,1.267907917499542236e-01,1.976726651191711426e-01,-2.539093494415283203e-01,-1.843190193176269531e-01,-1.087803579866886139e-02,1.591833308339118958e-02,-6.651481240987777710e-02,-1.335200667381286621e-01,-5.809223279356956482e-02,3.540436625480651855e-01,-2.652755081653594971e-01,-2.553573846817016602e-01,5.682175979018211365e-03,-3.539510816335678101e-02,2.270397394895553589e-01,-8.210268616676330566e-02,1.953934729099273682e-01,6.268379092216491699e-02,-2.470276653766632080e-01,4.044109582901000977e-02,1.224913895130157471e-01,-1.147068217396736145e-01,-3.828282952308654785e-01,7.623066753149032593e-02,-1.848557293415069580e-01,1.178774833679199219e-01,-2.728119492530822754e-01,-3.851480083540081978e-03,8.315507322549819946e-02,1.908010840415954590e-01,1.827082782983779907e-01,-1.947770863771438599e-01,-9.578317403793334961e-03,-1.666046380996704102e-01,-1.801244765520095825e-01,6.043104082345962524e-02,2.571898698806762695e-01,-7.205954939126968384e-02,1.232227534055709839e-01,5.881896615028381348e-02,1.670682877302169800e-01,-3.496575653553009033e-01,2.545011639595031738e-01,-1.043832227587699890e-01,2.971700727939605713e-01,1.877139508724212646e-01,-1.852569403126835823e-03,-7.239947468042373657e-02,2.986920177936553955e-01,1.328059285879135132e-01,-2.796696722507476807e-01,-1.022427604766562581e-04,1.169424653053283691e-01,-5.405102856457233429e-03,2.423438131809234619e-01,2.770937979221343994e-02,-2.565553179010748863e-03,1.620364841073751450e-03,1.120439637452363968e-02,-1.517795920372009277e-01,2.320902645587921143e-01,9.440189599990844727e-02,1.767276972532272339e-01,-1.010968983173370361e-01,2.308554798364639282e-01,4.452077671885490417e-02,-2.011070027947425842e-02,1.289001556870061904e-05,2.963410690426826477e-02,-1.026903912425041199e-01,1.383603364229202271e-01,-4.391740635037422180e-02,2.234651893377304077e-01,1.173885911703109741e-01,-1.626152694225311279e-01,-4.094003736972808838e-01,2.788808047771453857e-01,-3.191819041967391968e-02,7.500898092985153198e-02,1.084842160344123840e-02,-2.161771655082702637e-01,1.641601175069808960e-01,1.788993924856185913e-01,-2.821281850337982178e-01,-1.195187866687774658e-01,1.945014297962188721e-01,5.835497006773948669e-02,-9.139678440988063812e-03,1.860235780477523804e-01,-1.905330121517181396e-01,1.137166749686002731e-02,-2.804565131664276123e-01,-2.081862390041351318e-01,-2.924891188740730286e-02,1.848699450492858887e-01,1.427482664585113525e-01,-1.839911006391048431e-02,-1.512800604104995728e-01
-1.460290998220443726e-01,-4.338402673602104187e-02,4.445212483406066895e-01,-3.224895298480987549e-01,-4.114430248737335205e-01,9.704454243183135986e-02,-2.570778876543045044e-02,-3.710606396198272705e-01,-3.714791238307952881e-01,-3.849963247776031494e-01,1.056253090500831604e-01,3.569612801074981689e-01,-3.339506089687347412e-01,-4.275434911251068115e-01,-4.883858561515808105e-01,-6.216771602630615234e-01,8.225719444453716278e-03,-2.354795336723327637e-01,4.242468178272247314e-01,4.080356061458587646e-01,3.248647749423980713e-01,-3.516299724578857422e-01,-3.303846716880798340e-01,1.543425768613815308e-01,-8.836522698402404785e-02,-4.951125085353851318e-01,4.932726919651031494e-01,3.144758343696594238e-01,-5.329582691192626953e-01,2.131993025541305542e-01,-3.110247664153575897e-02,5.841575264930725098e-01,-2.578804790973663330e-01,-4.889327585697174072e-01,2.394222840666770935e-02,5.593326687812805176e-01,-4.325246810913085938e-01,-4.861367344856262207e-01,5.252541899681091309e-01,4.743353724479675293e-01,-4.660134613513946533e-01,-1.341691315174102783e-01,-3.755289316177368164e-01,-2.003597915172576904e-01,-6.303964555263519287e-02,4.267939031124114990e-01,4.882433712482452393e-01,1.202502623200416565e-01,-1.027483120560646057e-01,3.057360053062438965e-01,1.000049561262130737e-01,2.080968171358108521e-01,-3.943317234516143799e-01,2.094105258584022522e-02,1.647640615701675415e-01,6.077630519866943359e-01,-3.653368949890136719e-01,-2.310192957520484924e-02,3.371506929397583008e-01,3.012445867061614990e-01,4.380729421973228455e-02,-3.295313566923141479e-02,-9.717353619635105133e-03,-2.010403722524642944e-01,-5.424459651112556458e-02,1.845335811376571655e-01,-3.598510101437568665e-02,-5.432907938957214355e-01,5.201972126960754395e-01,-2.569455206394195557e-01,5.305694937705993652e-01,2.094934582710266113e-01,2.464153468608856201e-01,-4.719520807266235352e-01,8.109512180089950562e-02,5.157834291458129883e-01,1.566065824590623379e-03,-5.544009208679199219e-01,8.008208870887756348e-02,5.065146088600158691e-01,-5.349807739257812500e-01,-5.036945221945643425e-04,5.231922864913940430e-01,3.797854064032435417e-03,5.608606338500976562e-01,4.540608227252960205e-01,-3.514199852943420410e-01,-6.428258493542671204e-03,-3.917433321475982666e-01,-4.679797887802124023e-01,1.322870254516601562e-01,1.160224713385105133e-02,3.363230526447296143e-01,-1.206185519695281982e-01,4.660603404045104980e-01,6.710405647754669189e-02,-2.851798236370086670e-01,4.808387529919855297e-06,4.707616865634918213e-01,-4.043761789798736572e-01,3.914319574832916260e-01,-4.635423123836517334e-01,5.268327593803405762e-01,5.273794531822204590e-01,-5.132237672805786133e-01,-9.483908861875534058e-02,3.513338863849639893e-01,4.105786979198455811e-01,2.311851680278778076e-01,2.911263611167669296e-03,-3.895953595638275146e-01,3.592039346694946289e-01,4.492389559745788574e-01,-2.150652259588241577e-01,-5.208677053451538086e-01,4.866824746131896973e-01,-3.787358999252319336e-01,-2.519692480564117432e-01,5.600830316543579102e-01,-2.791202366352081299e-01,-3.703785836696624756e-01,-4.222074747085571289e-01,-4.206780493259429932e-01,1.633803993463516235e-01,3.964619636535644531e-01,3.492525219917297363e-01,-9.294289164245128632e-03,-4.349489510059356689e-01
