4.255805611610412598e-01,1.628842763602733612e-02,-3.627998381853103638e-02,-7.530865818262100220e-02,3.918996453285217285e-01,-3.688504993915557861e-01,7.804017513990402222e-02,4.652440845966339111e-01,1.661887913942337036e-01,7.680655270814895630e-02,-2.583625614643096924e-01,-2.451408803462982178e-01,-5.505938082933425903e-02,5.605112388730049133e-02,1.150082647800445557e-01,3.537922203540802002e-01,5.927787162363529205e-03,1.719708740711212158e-02,-4.494203254580497742e-02,-1.969049721956253052e-01,-2.628157436847686768e-01,-1.447059512138366699e-01,-9.334369003772735596e-02,8.803034573793411255e-02,5.191841349005699158e-02,3.150535821914672852e-01,-1.127805486321449280e-01,-4.054629802703857422e-01,1.692761629819869995e-01,-1.698646098375320435e-01,-1.775584071874618530e-01,-2.509513795375823975e-01,-3.642747551202774048e-02,2.024292647838592529e-01,-2.079199440777301788e-02,-1.787189990282058716e-01,1.891620904207229614e-01,1.603870093822479248e-01,-3.383476138114929199e-01,-3.903071284294128418e-01,2.916384637355804443e-01,1.481689512729644775e-01,-1.442140061408281326e-02,4.434871301054954529e-02,-9.912667796015739441e-03,1.392798423767089844e-01,-1.400865763425827026e-01,-4.502939060330390930e-02,9.065321832895278931e-02,-1.257534474134445190e-01,-1.812686324119567871e-01,-2.485358715057373047e-01,2.857553958892822266e-01,4.368416499346494675e-03,1.186965778470039368e-02,-2.397285550832748413e-01,2.498318403959274292e-01,9.857187978923320770e-03,2.724421396851539612e-02,1.058855876326560974e-01,-1.279864162206649780e-01,1.762017458677291870e-01,-5.131314974278211594e-04,2.787789404392242432e-01,1.196804493665695190e-01,-8.101721853017807007e-02,-3.382534384727478027e-01,2.605397999286651611e-01,-1.737882345914840698e-01,3.416288793087005615e-01,-3.423920869827270508e-01,2.083348929882049561e-01,-1.068983227014541626e-01,7.003504782915115356e-02,-1.565771996974945068e-01,-2.678449153900146484e-01,6.416030810214579105e-04,1.177550703287124634e-01,6.259331852197647095e-02,-2.122483253479003906e-01,2.081265002489089966e-01,1.318440627073869109e-04,-2.883107662200927734e-01,-2.067359862849116325e-03,-4.343084990978240967e-01,-1.513965893536806107e-02,3.309277296066284180e-01,3.998426254838705063e-03,1.665139570832252502e-02,2.338332235813140869e-01,-1.899467259645462036e-01,2.507534325122833252e-01,2.259828150272369385e-02,-1.124349683523178101e-01,-1.926056295633316040e-01,-3.116429150104522705e-01,4.953753948211669922e-02,-1.019875981000950560e-05,-2.848304212093353271e-01,2.015919983386993408e-01,-3.541896045207977295e-01,4.117340445518493652e-01,-1.825832575559616089e-01,-2.498941719532012939e-01,8.122612535953521729e-02,1.584088504314422607e-01,3.859447687864303589e-02,2.241095341742038727e-02,-4.228931069374084473e-01,7.513064891099929810e-03,7.577409595251083374e-02,5.807014554738998413e-02,-9.742613881826400757e-02,4.617937281727790833e-02,1.788116544485092163e-01,-1.737902313470840454e-01,3.755474686622619629e-01,-8.471388369798660278e-02,-2.824060916900634766e-01,-1.129919849336147308e-02,-5.710669606924057007e-02,1.514681279659271240e-01,1.916051656007766724e-01,2.442487180233001709e-01,-1.929868757724761963e-01,3.798025101423263550e-02,2.476555667817592621e-02,2.185291945934295654e-01
1.628842763602733612e-02,8.004326373338699341e-03,-7.232747226953506470e-02,5.974118784070014954e-02,4.381652548909187317e-02,-8.924056775867938995e-03,-2.136985771358013153e-03,2.796942181885242462e-02,5.833746492862701416e-02,5.669918656349182129e-02,-1.340080332010984421e-02,-3.633955121040344238e-02,6.394784897565841675e-02,5.919264256954193115e-02,7.108800113201141357e-02,7.470136135816574097e-02,-2.576682949438691139e-03,6.858716905117034912e-02,-6.925990432500839233e-02,-4.498969390988349915e-02,-4.067672789096832275e-02,4.611288011074066162e-02,5.271616578102111816e-02,-2.317564003169536591e-02,1.299276854842901230e-02,6.794486194849014282e-02,-6.493146717548370361e-02,-3.356989845633506775e-02,7.158625125885009766e-02,-3.796146064996719360e-02,1.527546998113393784e-02,-8.072768896818161011e-02,5.310044065117835999e-02,5.791474133729934692e-02,-2.127252053469419479e-03,-8.081493526697158813e-02,6.106697022914886475e-02,7.245493680238723755e-02,-6.544531881809234619e-02,-5.222592502832412720e-02,7.072960585355758667e-02,7.396504748612642288e-03,7.133819907903671265e-02,2.703878097236156464e-02,-1.388916280120611191e-03,-6.089398264884948730e-02,-7.131917029619216919e-02,-2.350252866744995117e-02,-1.805902831256389618e-02,2.971523208543658257e-03,1.163038052618503571e-02,-1.725383847951889038e-02,5.134337022900581360e-02,-9.015743125928565860e-05,-2.214391715824604034e-02,-8.105264604091644287e-02,3.886792436242103577e-02,3.342848038300871849e-03,-6.736213713884353638e-02,-5.695460364222526550e-02,-4.893554374575614929e-03,-1.608903147280216217e-02,1.731861033476889133e-03,3.117147460579872131e-02,2.991844434291124344e-03,-3.092000260949134827e-02,2.107446826994419098e-02,7.934180647134780884e-02,-7.526636868715286255e-02,2.242669649422168732e-02,-6.779839098453521729e-02,-1.712081953883171082e-02,-2.609824202954769135e-02,7.018452137708663940e-02,-1.958966441452503204e-02,-7.692690938711166382e-02,-2.431459142826497555e-04,7.828792929649353027e-02,-2.513992227613925934e-02,-6.805754452943801880e-02,7.758323103189468384e-02,5.895997674087993801e-05,-6.607422977685928345e-02,-3.746332076843827963e-04,-7.243431359529495239e-02,-7.214942574501037598e-02,3.924569860100746155e-02,8.483714191243052483e-04,6.127741932868957520e-02,5.013692006468772888e-02,-1.744996197521686554e-02,-2.800949662923812866e-02,-6.571327149868011475e-02,1.366211380809545517e-02,-7.090845704078674316e-02,9.586622938513755798e-03,5.336770415306091309e-02,1.948558150388635113e-07,-5.585786327719688416e-02,6.049415469169616699e-02,-2.667718194425106049e-02,3.108557499945163727e-02,-7.505912333726882935e-02,-6.759363412857055664e-02,8.489304780960083008e-02,9.804334491491317749e-03,-6.982154399156570435e-02,-7.563406229019165039e-02,-1.061543170362710953e-02,-8.464134298264980316e-04,5.270528420805931091e-02,-5.999168753623962402e-02,-7.154238969087600708e-02,-3.558957250788807869e-03,7.885771989822387695e-02,-7.146426290273666382e-02,4.109374061226844788e-02,3.501312807202339172e-02,-7.577057182788848877e-02,4.599854350090026855e-02,6.870188564062118530e-02,6.313739717006683350e-02,6.199235469102859497e-02,-4.442853480577468872e-02,-3.272174671292304993e-02,-4.299680888652801514e-02,-6.913634017109870911e-03,5.750006809830665588e-02
-3.627998381853103638e-02,-7.232747226953506470e-02,7.583261728286743164e-01,-6.905106902122497559e-01,-3.667235672473907471e-01,-6.595167517662048340e-02,1.668155426159501076e-03,-1.952618658542633057e-01,-5.278841853141784668e-01,-6.151627302169799805e-01,1.066667065024375916e-01,3.637546598911285400e-01,-6.337032914161682129e-01,-6.510056257247924805e-01,-7.391449809074401855e-01,-6.479663848876953125e-01,2.908261679112911224e-02,-6.837757825851440430e-01,7.234973907470703125e-01,5.004968643188476562e-01,3.401370942592620850e-01,-5.794440507888793945e-01,-6.320838332176208496e-01,2.801654636859893799e-01,-1.360088884830474854e-01,-5.727813243865966797e-01,6.765237450599670410e-01,2.087516784667968750e-01,-7.263618111610412598e-01,3.847741186618804932e-01,-2.060367316007614136e-01,7.445409893989562988e-01,-5.590395331382751465e-01,-6.439416408538818359e-01,2.215702831745147705e-02,7.505950927734375000e-01,-6.107680201530456543e-01,-7.290354371070861816e-01,5.616552233695983887e-01,4.971773922443389893e-01,-6.364092230796813965e-01,-5.397371947765350342e-02,-7.429412603378295898e-01,-3.034153878688812256e-01,-4.077892377972602844e-02,6.962348222732543945e-01,7.429603934288024902e-01,2.383871376514434814e-01,2.241892218589782715e-01,4.531606659293174744e-02,-1.700703054666519165e-01,1.937514543533325195e-01,-4.861766099929809570e-01,-4.984013736248016357e-03,2.526843845844268799e-01,7.756614089012145996e-01,-4.300052225589752197e-01,-3.689490631222724915e-02,6.927741169929504395e-01,6.406458020210266113e-01,1.793005689978599548e-02,2.044323831796646118e-01,-1.923870295286178589e-02,-2.253351211547851562e-01,2.875235117971897125e-02,3.253245055675506592e-01,-2.493695765733718872e-01,-7.238023877143859863e-01,7.317062020301818848e-01,-1.271965652704238892e-01,6.357160806655883789e-01,2.814319729804992676e-01,2.763389050960540771e-01,-7.376024723052978516e-01,1.052234992384910583e-01,7.120907306671142578e-01,2.521087648347020149e-03,-7.961645722389221191e-01,2.998199164867401123e-01,6.744071245193481445e-01,-7.597829699516296387e-01,-6.832386134192347527e-04,6.508528590202331543e-01,4.959318321198225021e-03,6.125276088714599609e-01,7.629999518394470215e-01,-3.508214950561523438e-01,-8.251247927546501160e-03,-6.202049255371093750e-01,-5.334049463272094727e-01,1.544699668884277344e-01,3.203083574771881104e-01,6.792765855789184570e-01,-1.858167499303817749e-01,6.985429525375366211e-01,-1.997082680463790894e-01,-5.640120506286621094e-01,-5.049733317719073966e-06,5.269389748573303223e-01,-5.470043420791625977e-01,2.849836051464080811e-01,-2.037755399942398071e-01,7.332978844642639160e-01,6.598632931709289551e-01,-8.212574720382690430e-01,-1.658431887626647949e-01,6.960106492042541504e-01,7.579731345176696777e-01,-3.304758295416831970e-02,9.216375648975372314e-03,-5.435034632682800293e-01,6.852787733078002930e-01,7.328264117240905762e-01,-6.953442096710205078e-02,-7.851502895355224609e-01,6.989424824714660645e-01,-3.221275210380554199e-01,-4.345973432064056396e-01,7.240570783615112305e-01,-5.309899449348449707e-01,-7.225456237792968750e-01,-6.325029730796813965e-01,-6.255490779876708984e-01,5.069537758827209473e-01,4.119547605514526367e-01,5.086037516593933105e-01,7.236395776271820068e-02,-5.912728905677795410e-01
-7.530865818262100220e-02,5.974118784070014954e-02,-6.905106902122497559e-01,7.781686782836914062e-01,1.556332856416702271e-01,1.999513655900955200e-01,9.985441341996192932e-03,-4.031738266348838806e-02,5.286478400230407715e-01,5.552128553390502930e-01,-1.987787038087844849e-01,-2.402463406324386597e-01,4.604731798171997070e-01,6.565156579017639160e-01,6.757031083106994629e-01,4.105764329433441162e-01,-2.536008693277835846e-02,5.835737586021423340e-01,-7.067189216613769531e-01,-4.800297617912292480e-01,-4.225098490715026855e-01,6.135548949241638184e-01,6.254231929779052734e-01,-2.106844931840896606e-01,1.273954957723617554e-01,3.263532519340515137e-01,-5.599232316017150879e-01,9.128627181053161621e-02,5.307193994522094727e-01,-1.874070316553115845e-01,1.744288653135299683e-01,-6.694937348365783691e-01,6.857527494430541992e-01,5.939749479293823242e-01,3.027658211067318916e-03,-5.607504844665527344e-01,4.589596986770629883e-01,6.401289701461791992e-01,-2.643317282199859619e-01,-4.644713401794433594e-01,5.849367976188659668e-01,1.291361898183822632e-01,6.490256786346435547e-01,2.505288422107696533e-01,-1.318868994712829590e-01,-6.080676317214965820e-01,-7.088915705680847168e-01,-2.039979696273803711e-01,-1.007692739367485046e-01,1.948905177414417267e-02,1.983450502157211304e-01,4.642179608345031738e-02,5.293799638748168945e-01,-4.204175621271133423e-02,-8.343748748302459717e-02,-6.158628463745117188e-01,4.457924365997314453e-01,2.922442369163036346e-02,-6.623111963272094727e-01,-7.540466785430908203e-01,-7.284870743751525879e-02,-1.176792606711387634e-01,2.467254921793937683e-02,1.210887730121612549e-01,2.266753092408180237e-02,-2.881574630737304688e-01,1.980408579111099243e-01,5.272017121315002441e-01,-6.229898929595947266e-01,-1.495598256587982178e-01,-4.641537070274353027e-01,-8.318036794662475586e-02,-3.699602186679840088e-01,6.899292469024658203e-01,-1.747390776872634888e-01,-5.817610621452331543e-01,-9.808676550164818764e-04,6.739729046821594238e-01,-4.966635704040527344e-01,-5.757143497467041016e-01,7.242278456687927246e-01,6.132936687208712101e-04,-4.995175302028656006e-01,1.236048643477261066e-03,-4.485284984111785889e-01,-6.899144649505615234e-01,1.038030236959457397e-01,3.016463713720440865e-03,5.089612603187561035e-01,4.397169053554534912e-01,-1.870871037244796753e-01,-5.069580078125000000e-01,-7.332632541656494141e-01,3.296309411525726318e-01,-6.549082398414611816e-01,3.362654447555541992e-01,4.340632259845733643e-01,4.156622708251234144e-06,-3.170772790908813477e-01,3.937574923038482666e-01,-1.438635736703872681e-01,-7.356715947389602661e-02,-7.064874172210693359e-01,-5.075248479843139648e-01,7.768972516059875488e-01,3.589113950729370117e-01,-8.024205565452575684e-01,-6.503817439079284668e-01,2.464552819728851318e-01,-2.268519066274166107e-02,6.095294952392578125e-01,-7.458968758583068848e-01,-7.179388999938964844e-01,2.552462518215179443e-01,6.677231192588806152e-01,-6.312246918678283691e-01,4.329789802432060242e-02,3.806779980659484863e-01,-5.905433297157287598e-01,6.086924076080322266e-01,6.275612711906433105e-01,6.735582947731018066e-01,6.130977869033813477e-01,-5.452703237533569336e-01,-4.124177098274230957e-01,-5.828012228012084961e-01,-6.347031146287918091e-02,4.831312596797943115e-01
3.918996453285217285e-01,4.381652548909187317e-02,-3.667235672473907471e-01,1.556332856416702271e-01,6.043201088905334473e-01,-3.367211818695068359e-01,5.336441099643707275e-02,6.312056183815002441e-01,2.800275981426239014e-01,3.100669384002685547e-01,-1.684519797563552856e-01,-4.249612689018249512e-01,3.298088014125823975e-01,2.674692273139953613e-01,4.127830862998962402e-01,7.017952799797058105e-01,-8.047055453062057495e-03,3.570504784584045410e-01,-3.228667676448822021e-01,-3.295427262783050537e-01,-2.098383456468582153e-01,9.029776602983474731e-02,1.655919998884201050e-01,-9.058364480733871460e-02,9.328943490982055664e-02,6.356828808784484863e-01,-4.131731390953063965e-01,-6.108583211898803711e-01,5.853694677352905273e-01,-4.026803076267242432e-01,-5.038578063249588013e-02,-5.110720396041870117e-01,6.883364170789718628e-02,4.391980767250061035e-01,-4.526442661881446838e-02,-5.620595812797546387e-01,4.824897050857543945e-01,4.684236645698547363e-01,-7.297198772430419922e-01,-4.986047446727752686e-01,4.908484816551208496e-01,6.743571162223815918e-02,3.420859277248382568e-01,1.855092495679855347e-01,1.688669174909591675e-01,-2.299511730670928955e-01,-4.277354180812835693e-01,-1.555970758199691772e-01,-1.232957690954208374e-01,-1.821857541799545288e-01,-1.034697443246841431e-01,-4.722446501255035400e-01,3.458826243877410889e-01,3.803877905011177063e-02,-2.231918126344680786e-01,-6.095790266990661621e-01,3.528931140899658203e-01,2.821392007172107697e-02,-2.506869435310363770e-01,-8.017314225435256958e-02,-5.073538050055503845e-02,-2.922485396265983582e-02,1.381629263050854206e-03,3.391223847866058350e-01,3.508399054408073425e-02,-2.071243822574615479e-01,-1.322449445724487305e-01,6.243616938591003418e-01,-4.775968194007873535e-01,5.167483091354370117e-01,-6.441444754600524902e-01,-1.224965453147888184e-01,-9.133822470903396606e-02,3.776257336139678955e-01,-8.014532923698425293e-02,-5.696471333503723145e-01,-1.532357069663703442e-03,4.993738830089569092e-01,7.967662811279296875e-02,-4.895814955234527588e-01,4.787993431091308594e-01,4.156614595558494329e-04,-5.781131386756896973e-01,-8.016491308808326721e-03,-6.906396150588989258e-01,-3.644489049911499023e-01,5.607573986053466797e-01,1.038066111505031586e-02,3.004846572875976562e-01,4.527957737445831299e-01,-1.816897243261337280e-01,2.390136122703552246e-01,-1.885045915842056274e-01,-1.407026499509811401e-01,-4.429114758968353271e-01,-2.676554918289184570e-01,3.551572561264038086e-01,-4.102974344277754426e-06,-5.707371830940246582e-01,4.787039160728454590e-01,-4.954690635204315186e-01,5.957592725753784180e-01,-4.425625503063201904e-01,-5.622521042823791504e-01,4.060834944248199463e-01,5.335771292448043823e-02,-1.379359513521194458e-01,-3.705992996692657471e-01,-4.698593616485595703e-01,1.563022844493389130e-02,1.752683669328689575e-01,-1.612936705350875854e-01,-3.772725760936737061e-01,-7.398922741413116455e-02,5.447121262550354004e-01,-4.339970946311950684e-01,6.107898354530334473e-01,1.576738655567169189e-01,-5.990398526191711426e-01,1.212331131100654602e-01,3.134182691574096680e-01,3.059246838092803955e-01,3.636838197708129883e-01,3.695880249142646790e-02,-3.051260709762573242e-01,-8.706890791654586792e-02,-1.127675455063581467e-02,4.648042917251586914e-01
-3.688504993915557861e-01,-8.924056775867938995e-03,-6.595167517662048340e-02,1.999513655900955200e-01,-3.367211818695068359e-01,3.797492086887359619e-01,-3.995578363537788391e-02,-4.292129874229431152e-01,-9.074175357818603516e-02,4.375049378722906113e-03,1.510086506605148315e-01,1.999634206295013428e-01,6.699412316083908081e-02,5.143963918089866638e-02,-4.998724907636642456e-04,-2.903033196926116943e-01,-7.987787015736103058e-03,3.793459758162498474e-02,-6.416947394609451294e-02,7.916454970836639404e-02,1.389049887657165527e-01,1.993858516216278076e-01,1.705984026193618774e-01,-7.786503434181213379e-02,-2.776987291872501373e-02,-2.849649786949157715e-01,2.898538857698440552e-02,4.096568524837493896e-01,-9.122324734926223755e-02,1.282452940940856934e-01,1.691894531250000000e-01,1.216409206390380859e-01,1.625300049781799316e-01,-6.751335412263870239e-02,2.273536846041679382e-02,1.122366711497306824e-01,-1.279261857271194458e-01,-5.781482905149459839e-02,3.107461333274841309e-01,2.364552468061447144e-01,-1.783442944288253784e-01,-7.655414193868637085e-02,9.031950682401657104e-02,-8.374463766813278198e-03,-4.465528577566146851e-02,-1.878746449947357178e-01,1.066735573112964630e-02,1.845790073275566101e-02,-6.655929237604141235e-02,1.138313785195350647e-01,1.872256696224212646e-01,2.364066094160079956e-01,-1.443642526865005493e-01,-1.154209300875663757e-02,1.118265092372894287e-02,1.271067261695861816e-01,-1.441000401973724365e-01,-5.970006808638572693e-03,-1.125082075595855713e-01,-2.152146250009536743e-01,8.381346613168716431e-02,-1.348917484283447266e-01,5.183567758649587631e-03,-2.281456589698791504e-01,-9.361489117145538330e-02,3.820725157856941223e-02,2.816473841667175293e-01,-1.764955967664718628e-01,8.168375492095947266e-02,-3.528882265090942383e-01,2.422244697809219360e-01,-1.569741070270538330e-01,2.428293414413928986e-02,2.298655733466148376e-02,9.049413353204727173e-02,1.551695466041564941e-01,-2.304051740793511271e-04,-1.164840627461671829e-02,-1.538383662700653076e-01,1.214024573564529419e-01,-6.358846276998519897e-02,-4.456080569070763886e-05,1.821201294660568237e-01,2.139541320502758026e-03,3.267183303833007812e-01,-7.046778500080108643e-02,-2.866365015506744385e-01,-4.165074322372674942e-03,2.150098420679569244e-02,-1.525724977254867554e-01,1.131727248430252075e-01,-3.094316422939300537e-01,-1.274698078632354736e-01,1.589674800634384155e-01,7.523205876350402832e-02,3.160285949707031250e-01,1.251380983740091324e-02,7.127495337044820189e-06,2.331127971410751343e-01,-1.571046859025955200e-01,2.826491892337799072e-01,-4.096171855926513672e-01,6.240032240748405457e-02,1.662836074829101562e-01,4.509783908724784851e-02,-6.950786337256431580e-04,-1.808525174856185913e-01,-7.731220126152038574e-02,4.285639822483062744e-01,-1.094522699713706970e-02,2.610376849770545959e-02,-1.849265396595001221e-01,-1.277794409543275833e-02,5.145500972867012024e-02,-5.915080755949020386e-02,6.464938074350357056e-02,-3.627955615520477295e-01,1.124786809086799622e-01,1.626032441854476929e-01,1.056115850806236267e-01,1.209910213947296143e-01,-1.785934530198574066e-02,-6.449619680643081665e-02,-2.738665640354156494e-01,8.880793303251266479e-02,-1.259083598852157593e-01,-3.051561862230300903e-02,-1.230049207806587219e-01
7.804017513990402222e-02,-2.136985771358013153e-03,1.668155426159501076e-03,9.985441341996192932e-03,5.336441099643707275e-02,-3.995578363537788391e-02,5.512714013457298279e-02,7.405231148004531860e-02,1.024858281016349792e-02,1.490430161356925964e-02,-9.740817546844482422e-02,-4.200830683112144470e-02,-7.668121904134750366e-02,2.138504385948181152e-02,2.497637830674648285e-02,2.650359459221363068e-02,3.096117172390222549e-03,-4.836277663707733154e-02,-1.207917742431163788e-02,-7.779066264629364014e-02,-8.337865769863128662e-02,-2.958396077156066895e-02,-1.900425739586353302e-02,3.853695467114448547e-02,1.347766444087028503e-02,6.899716798216104507e-03,-1.949195750057697296e-02,-2.302043884992599487e-02,1.694273017346858978e-02,-1.491687167435884476e-02,-5.263786762952804565e-02,-5.553089827299118042e-02,1.215423364192247391e-02,7.658311724662780762e-02,-1.389911514706909657e-03,6.638685241341590881e-03,1.165493391454219818e-02,2.441571280360221863e-02,-1.142418012022972107e-02,-1.160757690668106079e-01,4.888239875435829163e-02,6.288582831621170044e-02,-3.362546861171722412e-02,3.847192274406552315e-03,-3.084816411137580872e-02,4.871612787246704102e-02,-3.694489598274230957e-02,9.527580812573432922e-03,6.096602231264114380e-02,-5.708183720707893372e-02,-4.271575063467025757e-02,-4.424727335572242737e-02,8.986318111419677734e-02,7.216767698992043734e-05,3.657107055187225342e-02,-3.840498626232147217e-02,7.730110734701156616e-02,1.086170668713748455e-03,2.635919302701950073e-02,9.327585808932781219e-03,-5.166308209300041199e-02,8.659156411886215210e-02,1.210714923217892647e-03,4.288382455706596375e-02,3.156988695263862610e-02,-1.188376452773809433e-02,-1.267232149839401245e-01,1.836910098791122437e-02,-1.731264218688011169e-02,2.614299580454826355e-02,-5.808361247181892395e-02,7.419001311063766479e-02,-5.251029878854751587e-02,7.867019623517990112e-03,-2.787301689386367798e-02,-3.570916131138801575e-02,6.632350268773734570e-04,1.717915199697017670e-02,-1.294017489999532700e-02,-3.757416456937789917e-02,5.397872999310493469e-02,3.889819345204159617e-05,-5.551627650856971741e-02,-3.109411045443266630e-04,-6.986892223358154297e-02,8.517044596374034882e-03,4.649784788489341736e-02,-2.355550241190940142e-04,-2.997883036732673645e-02,5.124570056796073914e-02,-5.903998389840126038e-02,4.013031348586082458e-02,6.782361306250095367e-03,5.632617045193910599e-03,-3.737649321556091309e-02,-5.918526276946067810e-02,-2.728744782507419586e-02,-3.465103418420767412e-06,-3.205822408199310303e-02,-9.893905371427536011e-03,-9.404568374156951904e-02,4.951168224215507507e-02,-3.972040116786956787e-02,-3.287102654576301575e-02,1.684134826064109802e-02,1.156975105404853821e-01,-1.034150552004575729e-02,5.261345580220222473e-02,-5.065608397126197815e-02,-6.642381194978952408e-04,2.930200286209583282e-02,-2.004709467291831970e-02,-1.079376880079507828e-02,1.093509942293167114e-01,2.522549591958522797e-02,-2.801900170743465424e-02,3.267381340265274048e-02,-3.584322333335876465e-02,-4.842263087630271912e-02,1.202726736664772034e-02,-4.328355193138122559e-02,4.841539263725280762e-02,5.278595164418220520e-02,7.892643660306930542e-02,-9.128624945878982544e-02,-1.547555997967720032e-02,1.208167802542448044e-02,4.136677458882331848e-02
4.652440845966339111e-01,2.796942181885242462e-02,-1.952618658542633057e-01,-4.031738266348838806e-02,6.312056183815002441e-01,-4.292129874229431152e-01,7.405231148004531860e-02,7.379080653190612793e-01,1.373805254697799683e-01,1.768703907728195190e-01,-1.504379212856292725e-01,-4.340113103389739990e-01,1.927246600389480591e-01,1.184487268328666687e-01,2.622801959514617920e-01,6.297746300697326660e-01,-8.240444003604352474e-05,2.017795890569686890e-01,-1.388644874095916748e-01,-2.473768442869186401e-01,-1.018113866448402405e-01,-6.834345310926437378e-02,-1.351152430288493633e-03,-3.561119735240936279e-02,7.127315551042556763e-02,5.763069987297058105e-01,-2.898272871971130371e-01,-6.897007822990417480e-01,4.873332381248474121e-01,-3.866299390792846680e-01,-1.309728622436523438e-01,-3.497260212898254395e-01,-1.427531391382217407e-01,3.400878012180328369e-01,-5.521660298109054565e-02,-4.285036921501159668e-01,4.039943516254425049e-01,3.272902667522430420e-01,-7.029256820678710938e-01,-4.428285956382751465e-01,3.620426654815673828e-01,4.748710617423057556e-02,1.696493476629257202e-01,1.399899423122406006e-01,2.587796449661254883e-01,-6.660187989473342896e-02,-2.719331681728363037e-01,-1.155365779995918274e-01,-1.051517575979232788e-01,-2.688049674034118652e-01,-1.907465010881423950e-01,-5.775380134582519531e-01,2.364972680807113647e-01,4.974307492375373840e-02,-2.253503799438476562e-01,-4.781567752361297607e-01,3.091043531894683838e-01,2.476352453231811523e-02,-5.201378092169761658e-02,1.329724341630935669e-01,-4.305358231067657471e-02,1.811553165316581726e-02,-6.034065969288349152e-03,3.192629814147949219e-01,2.746437489986419678e-02,-1.515305936336517334e-01,-2.595700919628143311e-01,5.105581879615783691e-01,-3.382262885570526123e-01,6.167683601379394531e-01,-5.784205794334411621e-01,-1.167896091938018799e-01,-3.897022688761353493e-03,2.209873646497726440e-01,-8.928212337195873260e-03,-4.415177106857299805e-01,-1.248775864951312542e-03,3.474870920181274414e-01,2.279487699270248413e-01,-3.705454468727111816e-01,3.107127845287322998e-01,3.204345994163304567e-04,-5.013214945793151855e-01,-9.590296074748039246e-03,-6.130943894386291504e-01,-1.950073242187500000e-01,6.032018661499023438e-01,1.103516388684511185e-02,1.540006697177886963e-01,4.072209298610687256e-01,-1.584220081567764282e-01,4.555000960826873779e-01,1.863656751811504364e-02,-2.576041817665100098e-01,-2.933355271816253662e-01,-4.131081402301788330e-01,2.549985945224761963e-01,-5.694327228411566466e-06,-5.476912856101989746e-01,3.961973190307617188e-01,-5.611794590950012207e-01,6.798897981643676758e-01,-2.817061543464660645e-01,-4.765470623970031738e-01,1.916625797748565674e-01,4.318348597735166550e-03,1.085296124219894409e-01,-1.945069879293441772e-01,-6.077785491943359375e-01,2.632539346814155579e-02,1.596308685839176178e-02,3.708193823695182800e-02,-2.084975689649581909e-01,-1.063133701682090759e-01,4.000152051448822021e-01,-2.847720384597778320e-01,6.637443900108337402e-01,7.005409151315689087e-02,-4.838934540748596191e-01,-4.305402562022209167e-02,1.394276618957519531e-01,1.413337588310241699e-01,2.239229530096054077e-01,2.399673014879226685e-01,-2.664992511272430420e-01,7.479426264762878418e-02,1.539001241326332092e-02,3.901751637458801270e-01
1.661887913942337036e-01,5.833746492862701416e-02,-5.278841853141784668e-01,5.286478400230407715e-01,2.800275981426239014e-01,-9.074175357818603516e-02,1.024858281016349792e-02,1.373805254697799683e-01,5.949788689613342285e-01,4.716737568378448486e-01,-2.474019825458526611e-01,-3.070790171623229980e-01,3.281259834766387939e-01,5.489190220832824707e-01,5.834808349609375000e-01,5.184810757637023926e-01,-1.500685233622789383e-02,4.185521900653839111e-01,-5.623057484626770020e-01,-4.733419418334960938e-01,-5.426820516586303711e-01,3.785131275653839111e-01,3.926809430122375488e-01,-1.241926625370979309e-01,1.290403157472610474e-01,4.681240320205688477e-01,-5.250455737113952637e-01,-1.179249882698059082e-01,4.592296481132507324e-01,-2.104433625936508179e-01,3.584306314587593079e-02,-7.274451851844787598e-01,5.060465931892395020e-01,5.405236482620239258e-01,-5.505932029336690903e-03,-5.708080530166625977e-01,4.488010704517364502e-01,5.735345482826232910e-01,-3.501223623752593994e-01,-5.272301435470581055e-01,6.313751339912414551e-01,1.719496995210647583e-01,4.708428680896759033e-01,1.939764469861984253e-01,-1.503047943115234375e-01,-4.071185588836669922e-01,-5.854316949844360352e-01,-1.455316692590713501e-01,2.964879572391510010e-02,-5.120645090937614441e-02,3.493374586105346680e-02,-1.760779879987239838e-02,5.717367529869079590e-01,-4.703375324606895447e-02,-2.307232283055782318e-02,-5.970373749732971191e-01,4.434962272644042969e-01,2.471925877034664154e-02,-4.953863918781280518e-01,-5.251919031143188477e-01,-1.414133310317993164e-01,5.998590961098670959e-02,1.945606991648674011e-02,2.758532166481018066e-01,1.061273291707038879e-01,-2.616095542907714844e-01,-8.531830273568630219e-03,5.471603870391845703e-01,-6.097121834754943848e-01,4.711927846074104309e-02,-5.010816454887390137e-01,8.230046182870864868e-02,-3.853352367877960205e-01,5.834417939186096191e-01,-2.244816124439239502e-01,-5.731304287910461426e-01,-5.529515910893678665e-04,5.801021456718444824e-01,-3.170650601387023926e-01,-5.824956893920898438e-01,6.728818416595458984e-01,5.287778330966830254e-04,-5.142651796340942383e-01,1.674226834438741207e-03,-5.600494146347045898e-01,-5.504099726676940918e-01,2.168592065572738647e-01,3.973979968577623367e-03,4.768174290657043457e-01,4.418996274471282959e-01,-2.050857990980148315e-01,-2.967647910118103027e-01,-5.742141008377075195e-01,2.380145788192749023e-01,-6.009022593498229980e-01,1.175848320126533508e-01,2.682021260261535645e-01,-6.074138241274340544e-07,-3.976306021213531494e-01,3.857102096080780029e-01,-2.511999607086181641e-01,1.761388033628463745e-01,-6.657930016517639160e-01,-5.133079290390014648e-01,6.872544884681701660e-01,2.526759505271911621e-01,-6.534782648086547852e-01,-4.997108876705169678e-01,-2.729447185993194580e-02,-2.100986242294311523e-02,6.037425994873046875e-01,-5.471286773681640625e-01,-6.017436981201171875e-01,2.217030674219131470e-01,5.645649433135986328e-01,-5.994097590446472168e-01,2.240746319293975830e-01,1.885228157043457031e-01,-5.783842802047729492e-01,4.549010396003723145e-01,4.251811802387237549e-01,6.161524653434753418e-01,5.842583775520324707e-01,-2.961305975914001465e-01,-4.131087362766265869e-01,-4.461909532546997070e-01,-2.479163557291030884e-02,4.544504880905151367e-01
7.680655270814895630e-02,5.669918656349182129e-02,-6.151627302169799805e-01,5.552128553390502930e-01,3.100669384002685547e-01,4.375049378722906113e-03,1.490430161356925964e-02,1.768703907728195190e-01,4.716737568378448486e-01,5.048753619194030762e-01,-1.148092746734619141e-01,-3.090306520462036133e-01,4.911715686321258545e-01,5.459535717964172363e-01,6.324633955955505371e-01,5.938643813133239746e-01,-2.092725038528442383e-02,5.134263634681701660e-01,-6.056889891624450684e-01,-4.478365778923034668e-01,-3.579000532627105713e-01,4.259531199932098389e-01,4.752675592899322510e-01,-2.106403261423110962e-01,1.171569302678108215e-01,5.295302271842956543e-01,-5.963529944419860840e-01,-1.895736753940582275e-01,6.251024007797241211e-01,-3.179717957973480225e-01,1.382805556058883667e-01,-7.190234065055847168e-01,4.566864371299743652e-01,5.735543966293334961e-01,-1.742437854409217834e-02,-6.736184358596801758e-01,5.008909106254577637e-01,6.200142502784729004e-01,-5.007190704345703125e-01,-4.613888561725616455e-01,5.656836628913879395e-01,7.295458018779754639e-02,5.876578688621520996e-01,2.331225275993347168e-01,-1.162435510195791721e-03,-5.643492937088012695e-01,-6.216509342193603516e-01,-1.625291407108306885e-01,-1.132006794214248657e-01,-7.290402054786682129e-02,1.005193889141082764e-01,-1.569525748491287231e-01,4.542877972126007080e-01,-2.148568019038066268e-04,-1.696888953447341919e-01,-7.017827630043029785e-01,3.621465861797332764e-01,2.823686040937900543e-02,-5.542755126953125000e-01,-5.135907530784606934e-01,-5.069623515009880066e-02,-8.596152812242507935e-02,1.600990258157253265e-02,2.322167754173278809e-01,4.203789867460727692e-03,-2.628706991672515869e-01,1.395147740840911865e-01,6.382870674133300781e-01,-6.447992920875549316e-01,1.214869022369384766e-01,-5.588415861129760742e-01,-1.876627355813980103e-01,-2.649260163307189941e-01,6.230617165565490723e-01,-1.013108044862747192e-01,-6.177834272384643555e-01,-1.707644434645771980e-03,6.969184279441833496e-01,-2.172076106071472168e-01,-5.954161286354064941e-01,6.849236488342285156e-01,5.548461922444403172e-04,-5.681910514831542969e-01,-3.659273497760295868e-03,-5.633693933486938477e-01,-6.379755139350891113e-01,3.025380671024322510e-01,6.297937128692865372e-03,5.334773063659667969e-01,4.423246383666992188e-01,-1.345262825489044189e-01,-2.476365268230438232e-01,-5.605224370956420898e-01,1.665587723255157471e-01,-5.998779535293579102e-01,1.308958828449249268e-01,3.948365747928619385e-01,2.339779939575237222e-06,-4.553054869174957275e-01,4.254634380340576172e-01,-2.671687901020050049e-01,2.231850475072860718e-01,-6.485571265220642090e-01,-5.665146708488464355e-01,7.483064532279968262e-01,1.340515166521072388e-01,-6.229286193847656250e-01,-6.172683238983154297e-01,-1.809882000088691711e-03,-1.096454169601202011e-02,5.017828941345214844e-01,-5.799198150634765625e-01,-6.076355576515197754e-01,1.194098591804504395e-01,6.653752923011779785e-01,-6.063594222068786621e-01,2.916945219039916992e-01,2.965395450592041016e-01,-6.349785923957824707e-01,4.190682470798492432e-01,5.673122406005859375e-01,5.500459671020507812e-01,5.456654429435729980e-01,-3.602340221405029297e-01,-3.802165091037750244e-01,-4.166728556156158447e-01,-4.622168838977813721e-02,4.858505725860595703e-01
-2.583625614643096924e-01,-1.340080332010984421e-02,1.066667065024375916e-01,-1.987787038087844849e-01,-1.684519797563552856e-01,1.510086506605148315e-01,-9.740817546844482422e-02,-1.504379212856292725e-01,-2.474019825458526611e-01,-1.148092746734619141e-01,3.936398923397064209e-01,1.349466443061828613e-01,1.581703275442123413e-01,-1.811289340257644653e-01,-1.761533915996551514e-01,-1.247925013303756714e-01,-4.755431320518255234e-03,-1.713126897811889648e-02,1.778149455785751343e-01,2.590840160846710205e-01,4.290000796318054199e-01,-1.593209803104400635e-02,-3.131314739584922791e-02,-1.221035569906234741e-01,-6.305397301912307739e-02,-6.176135689020156860e-02,8.703396469354629517e-02,8.125960826873779297e-03,-4.028034582734107971e-02,-1.204399298876523972e-02,1.673278212547302246e-01,2.921959459781646729e-01,-2.623865306377410889e-01,-2.559865713119506836e-01,-9.393441490828990936e-03,5.093489587306976318e-02,-9.602292627096176147e-02,-1.817344427108764648e-01,2.309831616003066301e-04,4.252765774726867676e-01,-3.372914493083953857e-01,-2.515052855014801025e-01,-1.351024676114320755e-02,-3.166044875979423523e-02,2.377790361642837524e-01,-1.113713979721069336e-01,2.455593049526214600e-01,4.290437698364257812e-02,-2.030456364154815674e-01,2.943854965269565582e-02,9.894016385078430176e-02,-4.004188999533653259e-02,-4.282759428024291992e-01,5.112475901842117310e-02,-1.800721138715744019e-01,1.681721657514572144e-01,-3.286814689636230469e-01,-6.238371133804321289e-03,8.037099987268447876e-02,1.899536252021789551e-01,1.976180523633956909e-01,-2.416143417358398438e-01,-1.038023643195629120e-02,-1.774521321058273315e-01,-1.707395017147064209e-01,8.910609781742095947e-02,3.325823843479156494e-01,-1.255550384521484375e-01,1.569534093141555786e-01,1.329214498400688171e-02,2.205081731081008911e-01,-4.127243757247924805e-01,2.670029997825622559e-01,-1.465827822685241699e-01,2.619092166423797607e-01,2.271018177270889282e-01,-2.176690148189663887e-03,-1.115758344531059265e-01,2.493011355400085449e-01,2.038024961948394775e-01,-3.169323205947875977e-01,-1.604199642315506935e-04,1.980068981647491455e-01,-4.688373301178216934e-03,3.114162981510162354e-01,7.233205437660217285e-02,-5.979611352086067200e-02,1.486838329583406448e-03,1.470319181680679321e-02,-1.978721469640731812e-01,2.586164176464080811e-01,8.770409226417541504e-02,1.934109181165695190e-01,-1.145066916942596436e-01,2.663444578647613525e-01,8.399990946054458618e-02,2.230718731880187988e-03,1.016621263261185959e-05,9.173720329999923706e-02,-9.813055396080017090e-02,2.010398507118225098e-01,-4.659416526556015015e-02,2.908471822738647461e-01,1.621298044919967651e-01,-2.039600908756256104e-01,-4.538370072841644287e-01,2.850746214389801025e-01,-1.655979268252849579e-02,1.073530167341232300e-01,1.221777405589818954e-02,-2.583546042442321777e-01,1.804542243480682373e-01,2.237145006656646729e-01,-3.027347028255462646e-01,-1.773688793182373047e-01,2.188132703304290771e-01,-3.277995064854621887e-02,6.391683965921401978e-02,2.350449264049530029e-01,-1.902088224887847900e-01,2.857778593897819519e-02,-3.288800716400146484e-01,-2.904932498931884766e-01,-7.519031316041946411e-02,2.627569735050201416e-01,1.603270620107650757e-01,-1.871657185256481171e-02,-1.817471235990524292e-01
-2.451408803462982178e-01,-3.633955121040344238e-02,3.637546598911285400e-01,-2.402463406324386597e-01,-4.249612689018249512e-01,1.999634206295013428e-01,-4.200830683112144470e-02,-4.340113103389739990e-01,-3.070790171623229980e-01,-3.090306520462036133e-01,1.349466443061828613e-01,3.626712262630462646e-01,-2.742822766304016113e-01,-3.357788920402526855e-01,-4.321012794971466064e-01,-5.981757640838623047e-01,7.389742881059646606e-03,-2.910926043987274170e-01,3.351767361164093018e-01,3.460310697555541992e-01,2.544890344142913818e-01,-1.709962934255599976e-01,-2.051041424274444580e-01,1.009905561804771423e-01,-9.232944250106811523e-02,-5.250400900840759277e-01,4.312726259231567383e-01,3.980824947357177734e-01,-5.271998643875122070e-01,2.958368659019470215e-01,2.634638547897338867e-02,5.479083657264709473e-01,-1.293139606714248657e-01,-4.618417918682098389e-01,3.399241715669631958e-02,5.267853736877441406e-01,-4.121003448963165283e-01,-4.462035894393920898e-01,5.779270529747009277e-01,4.556211829185485840e-01,-4.473412036895751953e-01,-7.101071625947952271e-02,-3.259970545768737793e-01,-1.662256717681884766e-01,-1.175128594040870667e-01,2.860810160636901855e-01,4.235042631626129150e-01,1.107645258307456970e-01,6.831053644418716431e-02,2.140178382396697998e-01,6.943857669830322266e-02,3.360513448715209961e-01,-3.478173017501831055e-01,-1.151604764163494110e-02,1.571114361286163330e-01,5.715399384498596191e-01,-3.459921777248382568e-01,-2.467669360339641571e-02,2.482706755399703979e-01,1.729115098714828491e-01,5.958958342671394348e-02,-1.650192402303218842e-02,-5.113636609166860580e-03,-2.385176569223403931e-01,-2.191406488418579102e-02,1.923229545354843140e-01,1.095987036824226379e-01,-5.396738052368164062e-01,4.741002321243286133e-01,-3.241496980190277100e-01,5.399153232574462891e-01,1.232231035828590393e-01,1.614937037229537964e-01,-4.093585014343261719e-01,2.919840067625045776e-02,4.862996637821197510e-01,1.142075634561479092e-03,-5.019207000732421875e-01,-1.753671560436487198e-03,4.746137559413909912e-01,-4.853412508964538574e-01,-4.375115968286991119e-04,5.152009725570678711e-01,5.239250138401985168e-03,5.655607581138610840e-01,3.931336998939514160e-01,-4.050283730030059814e-01,-7.676637265831232071e-03,-3.155308365821838379e-01,-4.067761003971099854e-01,1.322952657938003540e-01,-1.167015433311462402e-01,2.463639229536056519e-01,1.432823669165372849e-02,4.152229130268096924e-01,1.228220760822296143e-01,-2.407507002353668213e-01,1.078750756278168410e-06,4.766817986965179443e-01,-3.438510000705718994e-01,4.090251028537750244e-01,-4.363829493522644043e-01,4.625400900840759277e-01,4.935596585273742676e-01,-4.390678107738494873e-01,-8.946511149406433105e-02,2.313695847988128662e-01,3.573432862758636475e-01,2.795792818069458008e-01,-4.435626789927482605e-03,-2.890346050262451172e-01,2.568789422512054443e-01,3.894723057746887207e-01,-7.069043815135955811e-02,-4.978268742561340332e-01,4.206215441226959229e-01,-4.520856738090515137e-01,-1.437741518020629883e-01,5.298200249671936035e-01,-1.812137961387634277e-01,-2.892442941665649414e-01,-3.379758894443511963e-01,-3.750701248645782471e-01,2.225961536169052124e-02,3.564435243606567383e-01,1.754365861415863037e-01,-6.931574898771941662e-04,-3.985431194305419922e-01
