4.139022231101989746e-01,1.392421498894691467e-02,-2.007943764328956604e-02,-8.691722154617309570e-02,3.847371935844421387e-01,-3.518821895122528076e-01,7.066800445318222046e-02,4.545320272445678711e-01,1.472353339195251465e-01,6.101136282086372375e-02,-2.561051249504089355e-01,-2.388281375169754028e-01,-7.168059796094894409e-02,4.680604487657546997e-02,1.040969863533973694e-01,3.349641561508178711e-01,5.888267885893583298e-03,8.886831812560558319e-03,-3.315316513180732727e-02,-1.903795599937438965e-01,-2.476988881826400757e-01,-1.576118767261505127e-01,-1.098990142345428467e-01,1.046993136405944824e-01,4.829275235533714294e-02,3.026857972145080566e-01,-1.020782962441444397e-01,-4.026616513729095459e-01,1.605351418256759644e-01,-1.682870984077453613e-01,-1.880045086145401001e-01,-2.345040589570999146e-01,-5.945403128862380981e-02,1.993149369955062866e-01,-2.047492563724517822e-02,-1.646236628293991089e-01,1.774594783782958984e-01,1.462302803993225098e-01,-3.224054872989654541e-01,-3.783628046512603760e-01,2.719740271568298340e-01,1.340668201446533203e-01,-3.058129921555519104e-02,3.867979720234870911e-02,-6.469122134149074554e-03,1.584291756153106689e-01,-1.241604164242744446e-01,-3.860411420464515686e-02,1.002223342657089233e-01,-1.224405989050865173e-01,-1.953793317079544067e-01,-2.501164376735687256e-01,2.723020315170288086e-01,5.331167019903659821e-03,7.671108935028314590e-03,-2.231936156749725342e-01,2.353489995002746582e-01,8.924858644604682922e-03,3.802375867962837219e-02,1.211665496230125427e-01,-1.174949258565902710e-01,1.784447878599166870e-01,-1.564446371048688889e-03,2.736226618289947510e-01,1.212961673736572266e-01,-7.229508459568023682e-02,-3.399265706539154053e-01,2.432262450456619263e-01,-1.591980457305908203e-01,3.473443090915679932e-01,-3.212735950946807861e-01,2.060019075870513916e-01,-9.920387715101242065e-02,5.960479751229286194e-02,-1.465273946523666382e-01,-2.498417943716049194e-01,6.744660786353051662e-04,1.074948236346244812e-01,8.019287884235382080e-02,-1.894448101520538330e-01,1.941665858030319214e-01,1.138308361987583339e-04,-2.799921631813049316e-01,-2.547119744122028351e-03,-4.100471436977386475e-01,-2.733234316110610962e-03,3.231879770755767822e-01,3.653391497209668159e-03,4.732630215585231781e-03,2.201441675424575806e-01,-1.839153170585632324e-01,2.674704790115356445e-01,3.997902572154998779e-02,-1.138128042221069336e-01,-1.778566390275955200e-01,-3.223055899143218994e-01,4.106916859745979309e-02,-6.898784704389981925e-06,-2.696636915206909180e-01,1.817812919616699219e-01,-3.522304296493530273e-01,4.041463136672973633e-01,-1.620700955390930176e-01,-2.361328601837158203e-01,6.344487518072128296e-02,1.540904194116592407e-01,5.482427030801773071e-02,3.693935647606849670e-02,-4.231865406036376953e-01,8.558731526136398315e-03,5.779331177473068237e-02,7.315344363451004028e-02,-8.002691715955734253e-02,4.600121080875396729e-02,1.638500988483428955e-01,-1.578962653875350952e-01,3.653911948204040527e-01,-1.008348464965820312e-01,-2.641962170600891113e-01,-2.463073283433914185e-02,-7.201836258172988892e-02,1.443679481744766235e-01,1.789783537387847900e-01,2.618446052074432373e-01,-1.856803894042968750e-01,6.407871097326278687e-02,2.485319040715694427e-02,2.037771791219711304e-01
1.392421498894691467e-02,6.996185984462499619e-03,-6.585507839918136597e-02,5.334370955824851990e-02,4.188543185591697693e-02,-4.977573640644550323e-03,-4.753032233566045761e-03,3.020912967622280121e-02,5.272960290312767029e-02,4.808961972594261169e-02,-1.207168120890855789e-02,-3.419096767902374268e-02,5.952670052647590637e-02,5.132260918617248535e-02,6.337323784828186035e-02,6.881852447986602783e-02,-2.189669059589505196e-03,6.207994744181632996e-02,-6.294476985931396484e-02,-3.844572976231575012e-02,-3.395773470401763916e-02,4.123179242014884949e-02,4.655631259083747864e-02,-2.311373502016067505e-02,1.148131303489208221e-02,6.250760704278945923e-02,-5.748817697167396545e-02,-3.498167544603347778e-02,6.534306704998016357e-02,-3.504940867424011230e-02,7.613644935190677643e-03,-7.254484295845031738e-02,4.507974535226821899e-02,4.896169155836105347e-02,-2.174416789785027504e-03,-7.371599227190017700e-02,5.526671931147575378e-02,6.613543629646301270e-02,-6.337582319974899292e-02,-4.502568021416664124e-02,6.542328745126724243e-02,6.375603843480348587e-03,6.410390138626098633e-02,2.415662072598934174e-02,4.763305769301950932e-04,-5.306189879775047302e-02,-6.499914079904556274e-02,-2.199099957942962646e-02,-1.116082258522510529e-02,4.160164389759302139e-03,6.886052433401346207e-03,-1.403571479022502899e-02,4.534987360239028931e-02,-2.430733991786837578e-03,-2.290580049157142639e-02,-7.393713295459747314e-02,3.400275111198425293e-02,3.095285966992378235e-03,-6.140685826539993286e-02,-5.014945939183235168e-02,-3.008272964507341385e-03,-1.437070872634649277e-02,1.487988629378378391e-03,2.600029483437538147e-02,5.353373941034078598e-03,-2.726907841861248016e-02,2.064389176666736603e-02,7.292756438255310059e-02,-6.736512482166290283e-02,2.253655716776847839e-02,-6.222192570567131042e-02,-1.603182591497898102e-02,-1.983367279171943665e-02,6.384257227182388306e-02,-1.667958311736583710e-02,-7.071594148874282837e-02,-2.288191753905266523e-04,7.051681727170944214e-02,-2.303185500204563141e-02,-6.258554756641387939e-02,6.990614533424377441e-02,5.249502282822504640e-05,-5.877475067973136902e-02,-1.542783284094184637e-04,-6.742519885301589966e-02,-6.491303443908691406e-02,3.624246641993522644e-02,8.017819491215050220e-04,5.479709059000015259e-02,4.604021087288856506e-02,-1.751828379929065704e-02,-2.155249938368797302e-02,-5.921896174550056458e-02,9.879518300294876099e-03,-6.380056589841842651e-02,3.304352285340428352e-03,5.050433054566383362e-02,-2.435663475353067042e-07,-5.134541913866996765e-02,5.830135196447372437e-02,-2.357902750372886658e-02,3.215514123439788818e-02,-6.811599433422088623e-02,-6.326323747634887695e-02,7.689245045185089111e-02,5.571517162024974823e-03,-6.277801841497421265e-02,-6.960272043943405151e-02,-1.269977726042270660e-02,-3.510237729642540216e-04,4.434658214449882507e-02,-5.254347994923591614e-02,-6.509155780076980591e-02,-5.101338028907775879e-03,7.190150022506713867e-02,-6.524907797574996948e-02,3.901486098766326904e-02,3.003209456801414490e-02,-6.897865980863571167e-02,4.016368463635444641e-02,6.274213641881942749e-02,5.638774856925010681e-02,5.421721935272216797e-02,-3.974862396717071533e-02,-2.644637227058410645e-02,-3.223079815506935120e-02,-5.999940913170576096e-03,5.203393101692199707e-02
-2.007943764328956604e-02,-6.585507839918136597e-02,7.485790252685546875e-01,-6.780418157577514648e-01,-3.785697221755981445e-01,-1.050247326493263245e-01,2.900284342467784882e-02,-2.473217397928237915e-01,-5.142952799797058105e-01,-5.640900135040283203e-01,1.057789623737335205e-01,3.743482232093811035e-01,-6.323165893554687500e-01,-6.229361295700073242e-01,-7.212170958518981934e-01,-6.493638753890991211e-01,2.618192508816719055e-02,-6.625904440879821777e-01,7.139562368392944336e-01,4.718266427516937256e-01,3.048896193504333496e-01,-5.662764906883239746e-01,-6.106294393539428711e-01,3.036617040634155273e-01,-1.310568600893020630e-01,-5.695620179176330566e-01,6.560034155845642090e-01,2.476861029863357544e-01,-7.215442061424255371e-01,3.802409470081329346e-01,-1.233164817094802856e-01,7.323575615882873535e-01,-5.172489285469055176e-01,-6.088578701019287109e-01,2.495294623076915741e-02,7.431509494781494141e-01,-5.983019471168518066e-01,-7.224051356315612793e-01,5.931282639503479004e-01,4.690594375133514404e-01,-6.378582119941711426e-01,-5.384545773267745972e-02,-7.233589887619018555e-01,-2.927835881710052490e-01,-6.444619596004486084e-02,6.710840463638305664e-01,7.365625500679016113e-01,2.370739430189132690e-01,1.499719917774200439e-01,4.392172396183013916e-02,-1.191105842590332031e-01,1.730675250291824341e-01,-4.680733680725097656e-01,2.470711618661880493e-02,2.770043015480041504e-01,7.711276412010192871e-01,-4.157210886478424072e-01,-3.711793944239616394e-02,6.784547567367553711e-01,6.205678582191467285e-01,5.159987136721611023e-03,1.869314908981323242e-01,-1.801005937159061432e-02,-1.875686496496200562e-01,-1.492070266976952553e-03,3.104085624217987061e-01,-2.525435686111450195e-01,-7.207931876182556152e-01,7.143417000770568848e-01,-1.429853886365890503e-01,6.370252370834350586e-01,2.836828827857971191e-01,2.312081158161163330e-01,-7.302323579788208008e-01,8.056813478469848633e-02,7.079430222511291504e-01,2.522741444408893585e-03,-7.839527726173400879e-01,3.004600107669830322e-01,6.766303181648254395e-01,-7.482659816741943359e-01,-6.648403359577059746e-04,6.307405829429626465e-01,2.377815311774611473e-03,6.204788088798522949e-01,7.500736117362976074e-01,-3.492011427879333496e-01,-8.489776402711868286e-03,-6.000645756721496582e-01,-5.335331559181213379e-01,1.723136305809020996e-01,2.663708925247192383e-01,6.655368804931640625e-01,-1.569008976221084595e-01,6.833875179290771484e-01,-1.364439427852630615e-01,-5.663983821868896484e-01,1.139181222242768854e-06,5.263040065765380859e-01,-5.682386159896850586e-01,2.790248095989227295e-01,-2.451827824115753174e-01,7.262749075889587402e-01,6.677249670028686523e-01,-8.120434880256652832e-01,-1.327933818101882935e-01,6.823782324790954590e-01,7.524653077125549316e-01,-3.200142178684473038e-03,4.511727951467037201e-03,-5.062280893325805664e-01,6.644343137741088867e-01,7.251803874969482422e-01,-6.733873486518859863e-02,-7.781907916069030762e-01,6.921408772468566895e-01,-3.323908150196075439e-01,-4.054114222526550293e-01,7.169737815856933594e-01,-5.043398737907409668e-01,-7.113400101661682129e-01,-6.144478321075439453e-01,-5.964238047599792480e-01,4.849612712860107422e-01,3.829740583896636963e-01,4.247784912586212158e-01,6.363785266876220703e-02,-5.809473395347595215e-01
-8.691722154617309570e-02,5.334370955824851990e-02,-6.780418157577514648e-01,7.681776881217956543e-01,1.698305606842041016e-01,2.268963456153869629e-01,-7.018960081040859222e-03,1.717591471970081329e-02,5.220187306404113770e-01,5.062861442565917969e-01,-2.042167484760284424e-01,-2.537748813629150391e-01,4.568273723125457764e-01,6.290884017944335938e-01,6.591769456863403320e-01,4.166804552078247070e-01,-2.203254029154777527e-02,5.524518489837646484e-01,-6.955949664115905762e-01,-4.590957462787628174e-01,-4.014296829700469971e-01,6.024056673049926758e-01,6.019259691238403320e-01,-2.375416457653045654e-01,1.244271844625473022e-01,3.240256309509277344e-01,-5.414855480194091797e-01,5.070922523736953735e-02,5.244068503379821777e-01,-1.795623004436492920e-01,9.029945731163024902e-02,-6.650891900062561035e-01,6.548700332641601562e-01,5.628542304039001465e-01,-2.237540174974128604e-04,-5.529528260231018066e-01,4.478570818901062012e-01,6.351408362388610840e-01,-3.011535704135894775e-01,-4.459732770919799805e-01,5.925120115280151367e-01,1.354143023490905762e-01,6.231020689010620117e-01,2.394005805253982544e-01,-1.150586530566215515e-01,-5.787368416786193848e-01,-7.068728208541870117e-01,-1.995889842510223389e-01,-2.191667817533016205e-02,1.528022065758705139e-02,1.452121436595916748e-01,6.689915060997009277e-02,5.210679173469543457e-01,-7.100448757410049438e-02,-1.038704365491867065e-01,-6.150493621826171875e-01,4.386660456657409668e-01,2.974709682166576385e-02,-6.383404135704040527e-01,-7.388759255409240723e-01,-6.913353502750396729e-02,-8.634570240974426270e-02,2.376495674252510071e-02,8.541526645421981812e-02,4.967612773180007935e-02,-2.759138643741607666e-01,1.965271830558776855e-01,5.265827178955078125e-01,-6.055166721343994141e-01,-1.333274543285369873e-01,-4.743455946445465088e-01,-7.759524136781692505e-02,-3.317249417304992676e-01,6.823556423187255859e-01,-1.496414095163345337e-01,-5.798062682151794434e-01,-9.847399778664112091e-04,6.582231521606445312e-01,-5.027886629104614258e-01,-5.875783562660217285e-01,7.166087627410888672e-01,6.020463188178837299e-04,-4.816509485244750977e-01,3.950816113501787186e-03,-4.634262919425964355e-01,-6.767213344573974609e-01,1.033891886472702026e-01,3.494219155982136726e-03,4.836198985576629639e-01,4.465969204902648926e-01,-2.119788378477096558e-01,-4.588699638843536377e-01,-7.221869826316833496e-01,3.037301301956176758e-01,-6.428064703941345215e-01,2.766330838203430176e-01,4.312492012977600098e-01,-1.052856987371342257e-06,-3.216445147991180420e-01,4.199265241622924805e-01,-1.440827101469039917e-01,-2.758336998522281647e-02,-7.066614627838134766e-01,-5.183581709861755371e-01,7.714574337005615234e-01,3.335945010185241699e-01,-7.931293249130249023e-01,-6.384105682373046875e-01,2.158938050270080566e-01,-1.905429549515247345e-02,5.859586596488952637e-01,-7.307749390602111816e-01,-7.129705548286437988e-01,2.620259225368499756e-01,6.616954803466796875e-01,-6.286895871162414551e-01,5.719365179538726807e-02,3.500249385833740234e-01,-5.845966339111328125e-01,5.858521461486816406e-01,6.095786094665527344e-01,6.585507392883300781e-01,5.942270159721374512e-01,-5.204814672470092773e-01,-3.966608643531799316e-01,-5.090006589889526367e-01,-5.192536115646362305e-02,4.764968752861022949e-01
3.847371935844421387e-01,4.188543185591697693e-02,-3.785697221755981445e-01,1.698305606842041016e-01,6.193112730979919434e-01,-3.047305047512054443e-01,3.263846784830093384e-02,6.496592164039611816e-01,2.849732041358947754e-01,3.019580245018005371e-01,-1.799716800451278687e-01,-4.429290592670440674e-01,3.287495672702789307e-01,2.798983752727508545e-01,4.283354580402374268e-01,7.085830569267272949e-01,-7.805435918271541595e-03,3.678740262985229492e-01,-3.390261828899383545e-01,-3.379299640655517578e-01,-2.057275772094726562e-01,9.340840578079223633e-02,1.650986075401306152e-01,-8.806519955396652222e-02,9.494967758655548096e-02,6.447055339813232422e-01,-4.236977696418762207e-01,-6.277912855148315430e-01,6.007953882217407227e-01,-4.137010276317596436e-01,-9.216731786727905273e-02,-5.253814458847045898e-01,5.116692930459976196e-02,4.551132023334503174e-01,-4.656587168574333191e-02,-5.741980075836181641e-01,4.916339516639709473e-01,4.838976562023162842e-01,-7.399521470069885254e-01,-5.050714612007141113e-01,5.041167736053466797e-01,6.376264989376068115e-02,3.474725484848022461e-01,1.886346638202667236e-01,1.811872124671936035e-01,-2.282572090625762939e-01,-4.411639571189880371e-01,-1.598467528820037842e-01,-8.709655702114105225e-02,-1.862586736679077148e-01,-1.361348479986190796e-01,-4.720242619514465332e-01,3.552822172641754150e-01,2.551532350480556488e-02,-2.394073605537414551e-01,-6.226980686187744141e-01,3.608353734016418457e-01,2.887108922004699707e-02,-2.653952240943908691e-01,-8.533569425344467163e-02,-3.976089879870414734e-02,-2.427635155618190765e-02,8.316261810250580311e-04,3.335790932178497314e-01,5.616838485002517700e-02,-2.075098305940628052e-01,-1.383912265300750732e-01,6.339985728263854980e-01,-4.900017082691192627e-01,5.310628414154052734e-01,-6.481645107269287109e-01,-1.258290559053421021e-01,-8.633531630039215088e-02,3.985004723072052002e-01,-7.157900929450988770e-02,-5.808594822883605957e-01,-1.504309009760618210e-03,5.198754668235778809e-01,8.078797906637191772e-02,-4.971969127655029297e-01,4.964202344417572021e-01,4.232444043736904860e-04,-5.912135243415832520e-01,-7.502111140638589859e-03,-6.979727745056152344e-01,-3.789162635803222656e-01,5.675805807113647461e-01,1.025363616645336151e-02,3.073632121086120605e-01,4.658749103546142578e-01,-1.927677094936370850e-01,2.680820226669311523e-01,-1.964123994112014771e-01,-1.416282355785369873e-01,-4.547508060932159424e-01,-3.003151416778564453e-01,3.649014234542846680e-01,-5.235718617768725380e-06,-5.775303244590759277e-01,4.846980273723602295e-01,-5.092848539352416992e-01,6.120094060897827148e-01,-4.547491967678070068e-01,-5.807321071624755859e-01,4.181250631809234619e-01,5.440537258982658386e-02,-1.488589048385620117e-01,-3.833148777484893799e-01,-4.851943254470825195e-01,1.803574524819850922e-02,1.705792248249053955e-01,-1.668552160263061523e-01,-3.908492922782897949e-01,-6.062643229961395264e-02,5.590919256210327148e-01,-4.463381469249725342e-01,6.166182756423950195e-01,1.431867182254791260e-01,-6.117206215858459473e-01,1.234832406044006348e-01,3.201302886009216309e-01,3.250770866870880127e-01,3.690011799335479736e-01,4.741477966308593750e-02,-3.105421662330627441e-01,-5.047972872853279114e-02,-9.424967691302299500e-03,4.719927310943603516e-01
-3.518821895122528076e-01,-4.977573640644550323e-03,-1.050247326493263245e-01,2.268963456153869629e-01,-3.047305047512054443e-01,3.616847693920135498e-01,-3.533397242426872253e-02,-3.885304331779479980e-01,-5.565420538187026978e-02,3.248740360140800476e-02,1.443736106157302856e-01,1.731142401695251465e-01,1.072730496525764465e-01,7.494753599166870117e-02,3.348740935325622559e-02,-2.363740205764770508e-01,-8.429677225649356842e-03,6.331638991832733154e-02,-9.840274602174758911e-02,5.754824355244636536e-02,1.174892932176589966e-01,2.250590026378631592e-01,1.989181190729141235e-01,-1.082454994320869446e-01,-1.964297145605087280e-02,-2.406664490699768066e-01,-4.457606002688407898e-03,3.768897056579589844e-01,-5.019003152847290039e-02,1.079166904091835022e-01,1.690417677164077759e-01,7.503705471754074097e-02,1.895044445991516113e-01,-4.516366496682167053e-02,2.015394717454910278e-02,6.545576453208923340e-02,-9.199302643537521362e-02,-1.650581136345863342e-02,2.531253099441528320e-01,2.069467753171920776e-01,-1.310591548681259155e-01,-6.299071013927459717e-02,1.252506524324417114e-01,6.500569637864828110e-03,-4.003620520234107971e-02,-2.212101519107818604e-01,-3.113773465156555176e-02,5.356998648494482040e-03,-6.920810788869857788e-02,1.046302169561386108e-01,1.925718635320663452e-01,2.253000587224960327e-01,-1.155272573232650757e-01,-1.698344573378562927e-02,-1.908919890411198139e-03,7.686613500118255615e-02,-1.161201298236846924e-01,-3.518378129228949547e-03,-1.386913508176803589e-01,-2.403398603200912476e-01,7.301386445760726929e-02,-1.363959461450576782e-01,6.382023449987173080e-03,-2.150389999151229858e-01,-9.162902086973190308e-02,1.989142410457134247e-02,2.888804972171783447e-01,-1.263862550258636475e-01,4.167312011122703552e-02,-3.375765383243560791e-01,1.890961527824401855e-01,-1.663284003734588623e-01,1.604390889406204224e-02,5.817936733365058899e-02,8.304854482412338257e-02,1.075136959552764893e-01,-3.922221367247402668e-04,2.670197933912277222e-02,-1.728944927453994751e-01,6.927773356437683105e-02,-2.207468450069427490e-02,-6.080472303438000381e-06,1.475126594305038452e-01,2.735353307798504829e-03,2.699126005172729492e-01,-1.060315147042274475e-01,-2.569237947463989258e-01,-3.266049548983573914e-03,5.202166363596916199e-02,-1.159669235348701477e-01,9.746032208204269409e-02,-3.168210387229919434e-01,-1.606946289539337158e-01,1.556076258420944214e-01,3.707257658243179321e-02,3.144610524177551270e-01,4.158747941255569458e-02,4.082373379787895828e-06,1.910641342401504517e-01,-1.080030947923660278e-01,2.626955509185791016e-01,-3.711496889591217041e-01,1.568508520722389221e-02,1.207425668835639954e-01,9.193192422389984131e-02,-2.889783587306737900e-03,-2.128131836652755737e-01,-1.170971170067787170e-01,4.125455617904663086e-01,-1.109471172094345093e-02,5.388395860791206360e-02,-2.153526246547698975e-01,-5.321242287755012512e-02,4.997187852859497070e-02,-1.488726027309894562e-02,2.208633720874786377e-02,-3.262163698673248291e-01,1.354363113641738892e-01,1.158518418669700623e-01,1.274483948945999146e-01,1.559916585683822632e-01,7.085237652063369751e-03,-3.465099632740020752e-02,-2.951901853084564209e-01,6.940310448408126831e-02,-1.502273976802825928e-01,-3.106111660599708557e-02,-8.546074479818344116e-02
7.066800445318222046e-02,-4.753032233566045761e-03,2.900284342467784882e-02,-7.018960081040859222e-03,3.263846784830093384e-02,-3.533397242426872253e-02,5.617437884211540222e-02,5.478090792894363403e-02,-7.794342935085296631e-03,-5.899412091821432114e-03,-9.820899367332458496e-02,-2.446402795612812042e-02,-1.043063998222351074e-01,3.945804666727781296e-03,2.888287126552313566e-04,-7.232374045997858047e-03,3.793601412326097488e-03,-7.342765480279922485e-02,1.261557452380657196e-02,-6.355392187833786011e-02,-7.770010083913803101e-02,-4.549985751509666443e-02,-3.819366917014122009e-02,5.375150218605995178e-02,8.763287216424942017e-03,-2.449670806527137756e-02,5.430305376648902893e-03,-3.668627934530377388e-03,-1.525582652539014816e-02,3.443322842940688133e-03,-5.881599709391593933e-02,-2.725075930356979370e-02,4.638475729734636843e-05,5.768885463476181030e-02,3.808315377682447433e-04,3.995418176054954529e-02,-1.329575385898351669e-02,-3.272247733548283577e-03,2.280714362859725952e-02,-1.002485826611518860e-01,2.415817230939865112e-02,6.146499514579772949e-02,-6.144351884722709656e-02,-7.000158075243234634e-03,-3.967599570751190186e-02,7.516038417816162109e-02,-1.176728494465351105e-02,1.890939474105834961e-02,7.076299935579299927e-02,-5.093928426504135132e-02,-4.752960801124572754e-02,-2.946238592267036438e-02,7.598926126956939697e-02,-7.020401972113177180e-05,4.931398108601570129e-02,-5.106302443891763687e-03,6.315959244966506958e-02,-3.941531758755445480e-04,5.118323117494583130e-02,2.411091700196266174e-02,-5.245338007807731628e-02,9.769045561552047729e-02,7.576122879981994629e-04,3.188983350992202759e-02,3.113016299903392792e-02,-2.088050678139552474e-04,-1.337031871080398560e-01,-1.466374658048152924e-02,1.151482574641704559e-02,1.220814697444438934e-02,-2.878161892294883728e-02,8.925572037696838379e-02,-4.847523197531700134e-02,-1.820990815758705139e-02,-2.583186700940132141e-02,-5.973575171083211899e-03,7.751436205580830574e-04,-1.406214851886034012e-02,-9.781526401638984680e-03,-9.231328032910823822e-03,2.730010449886322021e-02,1.339302525593666360e-05,-3.057783469557762146e-02,-9.026978659676387906e-05,-3.852919489145278931e-02,3.548840433359146118e-02,2.611531317234039307e-02,-7.039861520752310753e-04,-5.602880567312240601e-02,2.956076525151729584e-02,-5.525390803813934326e-02,4.149146750569343567e-02,2.636394649744033813e-02,6.543039809912443161e-03,-1.206588838249444962e-02,-5.796170979738235474e-02,-4.807096719741821289e-02,-2.408333784842398018e-06,-5.324128549546003342e-03,-3.492168337106704712e-02,-7.930819690227508545e-02,2.811938151717185974e-02,-1.307464484125375748e-02,-3.709010314196348190e-03,-1.325791794806718826e-02,1.205150559544563293e-01,8.025656454265117645e-03,8.367868512868881226e-02,-4.139610752463340759e-02,-1.014293171465396881e-03,1.588141173124313354e-02,-2.575389808043837547e-03,1.463630888611078262e-02,1.130455881357192993e-01,-4.864630755037069321e-03,-2.831711666658520699e-03,1.037548854947090149e-02,-5.276205763220787048e-02,-1.680447161197662354e-02,-6.966778892092406750e-04,-7.218082994222640991e-02,3.151354938745498657e-02,3.592744097113609314e-02,9.389432519674301147e-02,-8.006523549556732178e-02,-2.791007515043020248e-03,1.399757340550422668e-02,1.815366372466087341e-02
4.545320272445678711e-01,3.020912967622280121e-02,-2.473217397928237915e-01,1.717591471970081329e-02,6.496592164039611816e-01,-3.885304331779479980e-01,5.478090792894363403e-02,7.396802306175231934e-01,1.717366576194763184e-01,2.080833762884140015e-01,-1.700500547885894775e-01,-4.606256484985351562e-01,2.179507017135620117e-01,1.751409024000167847e-01,3.208469152450561523e-01,6.600079536437988281e-01,-1.943285809829831123e-03,2.521559298038482666e-01,-1.953367441892623901e-01,-2.872661054134368896e-01,-1.263662427663803101e-01,-3.270251303911209106e-02,3.545318916440010071e-02,-3.639221191406250000e-02,7.993505150079727173e-02,6.060953140258789062e-01,-3.386024236679077148e-01,-6.946117281913757324e-01,5.344813466072082520e-01,-4.111849665641784668e-01,-1.474382877349853516e-01,-4.048659503459930420e-01,-1.202981472015380859e-01,3.992765247821807861e-01,-5.553819239139556885e-02,-4.762793183326721191e-01,4.406486153602600098e-01,3.782825767993927002e-01,-7.199457287788391113e-01,-4.793060719966888428e-01,4.033623635768890381e-01,4.760581627488136292e-02,2.173560261726379395e-01,1.582633256912231445e-01,2.613586783409118652e-01,-1.068819090723991394e-01,-3.224798142910003662e-01,-1.300679594278335571e-01,-8.761110156774520874e-02,-2.697952389717102051e-01,-2.052914053201675415e-01,-5.786258578300476074e-01,2.758258879184722900e-01,4.211550951004028320e-02,-2.429945766925811768e-01,-5.276044607162475586e-01,3.377039134502410889e-01,2.662635035812854767e-02,-1.082532182335853577e-01,8.491969853639602661e-02,-3.477032110095024109e-02,1.158901862800121307e-02,-5.227097775787115097e-03,3.288097381591796875e-01,4.450397565960884094e-02,-1.686181724071502686e-01,-2.534011602401733398e-01,5.512049794197082520e-01,-3.911002576351165771e-01,6.208695173263549805e-01,-6.046428680419921875e-01,-1.286507099866867065e-01,-2.589985728263854980e-02,2.804749906063079834e-01,-1.292623113840818405e-02,-4.852474033832550049e-01,-1.277580275200307369e-03,4.117652177810668945e-01,2.081887722015380859e-01,-4.047962129116058350e-01,3.705632388591766357e-01,3.591965360101312399e-04,-5.479497909545898438e-01,-9.652405045926570892e-03,-6.410297155380249023e-01,-2.520468533039093018e-01,6.160976886749267578e-01,1.087771262973546982e-02,1.957554519176483154e-01,4.389938712120056152e-01,-1.727562546730041504e-01,4.512272775173187256e-01,-3.035885654389858246e-02,-2.344925999641418457e-01,-3.431304693222045898e-01,-4.170449376106262207e-01,2.868526577949523926e-01,-5.691822480002883822e-06,-5.707795023918151855e-01,4.135287404060363770e-01,-5.805457234382629395e-01,6.832337975502014160e-01,-3.311027288436889648e-01,-5.178335309028625488e-01,2.490455657243728638e-01,2.744401060044765472e-02,5.183413624763488770e-02,-2.452013939619064331e-01,-6.031624078750610352e-01,2.684155665338039398e-02,5.032524839043617249e-02,-1.243138685822486877e-02,-2.604084610939025879e-01,-8.074807375669479370e-02,4.533477127552032471e-01,-3.315270245075225830e-01,6.702543497085571289e-01,7.814737409353256226e-02,-5.306740403175354004e-01,-5.008966661989688873e-03,1.842207610607147217e-01,2.007592171430587769e-01,2.686611711978912354e-01,2.178287655115127563e-01,-2.974573969841003418e-01,6.919210404157638550e-02,1.153085101395845413e-02,4.233400225639343262e-01
1.472353339195251465e-01,5.272960290312767029e-02,-5.142952799797058105e-01,5.220187306404113770e-01,2.849732041358947754e-01,-5.565420538187026978e-02,-7.794342935085296631e-03,1.717366576194763184e-01,5.860942602157592773e-01,4.306047260761260986e-01,-2.489465624094009399e-01,-3.133440315723419189e-01,3.225118815898895264e-01,5.270057916641235352e-01,5.699642300605773926e-01,5.152786374092102051e-01,-1.280335616320371628e-02,3.924656808376312256e-01,-5.517315864562988281e-01,-4.562195837497711182e-01,-5.215907096862792969e-01,3.709527850151062012e-01,3.709015250205993652e-01,-1.382273137569427490e-01,1.257050931453704834e-01,4.596349895000457764e-01,-5.103407502174377441e-01,-1.430332064628601074e-01,4.529572725296020508e-01,-2.047381550073623657e-01,-2.919006906449794769e-02,-7.206816077232360840e-01,4.744579792022705078e-01,5.156282186508178711e-01,-7.554794661700725555e-03,-5.615201592445373535e-01,4.356016218662261963e-01,5.680287480354309082e-01,-3.737432360649108887e-01,-5.056018829345703125e-01,6.307346820831298828e-01,1.697870939970016479e-01,4.451374113559722900e-01,1.845148205757141113e-01,-1.357506811618804932e-01,-3.805285096168518066e-01,-5.832763314247131348e-01,-1.408597081899642944e-01,9.158242493867874146e-02,-4.830511659383773804e-02,-8.361595682799816132e-03,1.045604469254612923e-03,5.605996251106262207e-01,-6.798156350851058960e-02,-4.213651269674301147e-02,-5.925459861755371094e-01,4.329642057418823242e-01,2.491566538810729980e-02,-4.783168733119964600e-01,-5.137785673141479492e-01,-1.303678154945373535e-01,8.397413045167922974e-02,1.857700757682323456e-02,2.432613372802734375e-01,1.264186948537826538e-01,-2.502886056900024414e-01,-2.988612046465277672e-03,5.413311123847961426e-01,-5.916234850883483887e-01,5.645817890763282776e-02,-5.001168847084045410e-01,8.244580030441284180e-02,-3.557175099849700928e-01,5.806558728218078613e-01,-2.010951638221740723e-01,-5.650997757911682129e-01,-5.566801410168409348e-04,5.666502118110656738e-01,-3.192343115806579590e-01,-5.854791998863220215e-01,6.637507081031799316e-01,5.182939348742365837e-04,-4.972204566001892090e-01,3.405101830139756203e-03,-5.609107017517089844e-01,-5.408188104629516602e-01,2.094620615243911743e-01,4.148319363594055176e-03,4.564614892005920410e-01,4.426619708538055420e-01,-2.208256274461746216e-01,-2.598578631877899170e-01,-5.643238425254821777e-01,2.235784828662872314e-01,-5.864079594612121582e-01,7.389290630817413330e-02,2.671390473842620850e-01,-2.359729933232301846e-06,-3.932965397834777832e-01,3.992531299591064453e-01,-2.464912831783294678e-01,2.019444555044174194e-01,-6.626616120338439941e-01,-5.196467041969299316e-01,6.808716058731079102e-01,2.323289066553115845e-01,-6.467090845108032227e-01,-4.898459017276763916e-01,-4.316963255405426025e-02,-1.820222847163677216e-02,5.838964581489562988e-01,-5.329870581626892090e-01,-5.962654352188110352e-01,2.288977503776550293e-01,5.583667159080505371e-01,-5.947289466857910156e-01,2.259542942047119141e-01,1.616484522819519043e-01,-5.685344934463500977e-01,4.380102157592773438e-01,4.093262255191802979e-01,6.060904860496520996e-01,5.682452917098999023e-01,-2.784447968006134033e-01,-3.985280990600585938e-01,-3.834538161754608154e-01,-1.653434149920940399e-02,4.431824982166290283e-01
6.101136282086372375e-02,4.808961972594261169e-02,-5.640900135040283203e-01,5.062861442565917969e-01,3.019580245018005371e-01,3.248740360140800476e-02,-5.899412091821432114e-03,2.080833762884140015e-01,4.306047260761260986e-01,4.350872635841369629e-01,-1.065583080053329468e-01,-2.993646264076232910e-01,4.558981657028198242e-01,4.876444935798645020e-01,5.770182013511657715e-01,5.577791929244995117e-01,-1.751980930566787720e-02,4.566737711429595947e-01,-5.559361577033996582e-01,-4.007734358310699463e-01,-3.090465962886810303e-01,3.877167999744415283e-01,4.246162772178649902e-01,-2.120529264211654663e-01,1.064613461494445801e-01,4.941781163215637207e-01,-5.442361831665039062e-01,-2.106853425502777100e-01,5.830363035202026367e-01,-2.979888617992401123e-01,6.716827303171157837e-02,-6.642459034919738770e-01,3.865930140018463135e-01,5.111866593360900879e-01,-1.874215900897979736e-02,-6.248114109039306641e-01,4.590480029582977295e-01,5.756306052207946777e-01,-4.980702698230743408e-01,-4.100913107395172119e-01,5.301553606986999512e-01,6.677394360303878784e-02,5.270986557006835938e-01,2.108675241470336914e-01,1.931398548185825348e-02,-5.047616362571716309e-01,-5.769293904304504395e-01,-1.494102329015731812e-01,-5.022034049034118652e-02,-7.054727524518966675e-02,5.310648307204246521e-02,-1.359956711530685425e-01,4.110387265682220459e-01,-2.089191414415836334e-02,-1.788640767335891724e-01,-6.541084051132202148e-01,3.299177885055541992e-01,2.670259214937686920e-02,-5.028620958328247070e-01,-4.596830308437347412e-01,-3.673645481467247009e-02,-6.264634430408477783e-02,1.400654111057519913e-02,1.903673261404037476e-01,2.485621348023414612e-02,-2.354989498853683472e-01,1.312804222106933594e-01,5.949358344078063965e-01,-5.874318480491638184e-01,1.298728436231613159e-01,-5.242965817451477051e-01,-1.806600987911224365e-01,-2.166083306074142456e-01,5.793136954307556152e-01,-7.330249249935150146e-02,-5.733030438423156738e-01,-1.612157793715596199e-03,6.418473720550537109e-01,-1.992309540510177612e-01,-5.608640909194946289e-01,6.303229928016662598e-01,5.089244805276393890e-04,-5.175949931144714355e-01,-1.736874692142009735e-03,-5.328455567359924316e-01,-5.853810906410217285e-01,2.854129374027252197e-01,6.104071624577045441e-03,4.833915829658508301e-01,4.168825447559356689e-01,-1.378869116306304932e-01,-1.859259009361267090e-01,-5.099321007728576660e-01,1.353529691696166992e-01,-5.456881523132324219e-01,7.366398721933364868e-02,3.704954683780670166e-01,-1.409536707797087729e-06,-4.268009960651397705e-01,4.138479530811309814e-01,-2.504487633705139160e-01,2.446035295724868774e-01,-6.012681126594543457e-01,-5.409680008888244629e-01,6.900964975357055664e-01,9.873031824827194214e-02,-5.670860409736633301e-01,-5.702794194221496582e-01,-2.590289898216724396e-02,-6.834535393863916397e-03,4.409723579883575439e-01,-5.233757495880126953e-01,-5.606411099433898926e-01,1.132554188370704651e-01,6.165174841880798340e-01,-5.631545782089233398e-01,2.834431529045104980e-01,2.534335255622863770e-01,-5.879144668579101562e-01,3.718060255050659180e-01,5.165559649467468262e-01,5.000983476638793945e-01,4.881538152694702148e-01,-3.160312175750732422e-01,-3.382271528244018555e-01,-3.273365199565887451e-01,-3.604560345411300659e-02,4.466362595558166504e-01
-2.561051249504089355e-01,-1.207168120890855789e-02,1.057789623737335205e-01,-2.042167484760284424e-01,-1.799716800451278687e-01,1.443736106157302856e-01,-9.820899367332458496e-02,-1.700500547885894775e-01,-2.489465624094009399e-01,-1.065583080053329468e-01,4.054248332977294922e-01,1.441314369440078735e-01,1.601842939853668213e-01,-1.812621802091598511e-01,-1.821953356266021729e-01,-1.347403973340988159e-01,-5.057808477431535721e-03,-1.138525456190109253e-02,1.800934523344039917e-01,2.679139971733093262e-01,4.351041018962860107e-01,-1.557924132794141769e-02,-2.269816957414150238e-02,-1.245175972580909729e-01,-6.436443328857421875e-02,-6.728641688823699951e-02,9.080807119607925415e-02,2.700294367969036102e-02,-4.912511631846427917e-02,-8.490522392094135284e-03,1.924426853656768799e-01,3.046619594097137451e-01,-2.576803565025329590e-01,-2.656341493129730225e-01,-7.999172434210777283e-03,5.642679333686828613e-02,-1.003045737743377686e-01,-1.884913891553878784e-01,1.966953091323375702e-02,4.370613992214202881e-01,-3.467445373535156250e-01,-2.490925192832946777e-01,-5.086604040116071701e-03,-3.143911436200141907e-02,2.382715046405792236e-01,-1.262124478816986084e-01,2.557751834392547607e-01,4.043044522404670715e-02,-2.266120165586471558e-01,3.152916207909584045e-02,1.216382235288619995e-01,-3.693367168307304382e-02,-4.384263157844543457e-01,5.509098619222640991e-02,-1.699387431144714355e-01,1.793730556964874268e-01,-3.330732583999633789e-01,-6.722778547555208206e-03,7.106770575046539307e-02,1.911219507455825806e-01,1.980504989624023438e-01,-2.592125535011291504e-01,-1.000874768942594528e-02,-1.746195256710052490e-01,-1.744373440742492676e-01,8.919441699981689453e-02,3.350902497768402100e-01,-1.336387097835540771e-01,1.578379422426223755e-01,-9.504522895440459251e-04,2.328487932682037354e-01,-4.158090353012084961e-01,2.651977539062500000e-01,-1.529121994972229004e-01,2.529661655426025391e-01,2.339399755001068115e-01,-2.143696649000048637e-03,-1.149304509162902832e-01,2.484000921249389648e-01,2.130229324102401733e-01,-3.272309005260467529e-01,-1.640020200284197927e-04,2.082805335521697998e-01,-4.835467785596847534e-03,3.207452297210693359e-01,7.560618221759796143e-02,-6.592148542404174805e-02,1.243823091499507427e-03,2.469464763998985291e-02,-2.071353495121002197e-01,2.723149359226226807e-01,7.350476086139678955e-02,1.937564909458160400e-01,-1.126011162996292114e-01,2.718347311019897461e-01,1.009144335985183716e-01,-1.656350679695606232e-03,7.435669431288260967e-06,9.880847483873367310e-02,-1.070740371942520142e-01,2.138903886079788208e-01,-6.218124926090240479e-02,2.996767759323120117e-01,1.731817126274108887e-01,-2.110435068607330322e-01,-4.598833918571472168e-01,2.885814011096954346e-01,-2.064385451376438141e-02,1.188564896583557129e-01,1.162169501185417175e-02,-2.611770629882812500e-01,1.834370344877243042e-01,2.284213602542877197e-01,-3.118709325790405273e-01,-1.864033043384552002e-01,2.266724407672882080e-01,-4.322091117501258850e-02,7.717555761337280273e-02,2.391299009323120117e-01,-1.899373084306716919e-01,3.597566485404968262e-02,-3.382899463176727295e-01,-3.024022877216339111e-01,-8.886703103780746460e-02,2.749147713184356689e-01,1.416677087545394897e-01,-2.160204760730266571e-02,-1.860731393098831177e-01
-2.388281375169754028e-01,-3.419096767902374268e-02,3.743482232093811035e-01,-2.537748813629150391e-01,-4.429290592670440674e-01,1.731142401695251465e-01,-2.446402795612812042e-02,-4.606256484985351562e-01,-3.133440315723419189e-01,-2.993646264076232910e-01,1.441314369440078735e-01,3.793881535530090332e-01,-2.789205312728881836e-01,-3.447003960609436035e-01,-4.474844336509704590e-01,-6.129354834556579590e-01,6.880932487547397614e-03,-2.970116138458251953e-01,3.483324348926544189e-01,3.517478406429290771e-01,2.516616880893707275e-01,-1.744979470968246460e-01,-2.035832405090332031e-01,1.047602966427803040e-01,-9.394896775484085083e-02,-5.377072095870971680e-01,4.431792795658111572e-01,4.219485819339752197e-01,-5.454207658767700195e-01,3.066981732845306396e-01,6.793202459812164307e-02,5.660262703895568848e-01,-1.122444644570350647e-01,-4.743342995643615723e-01,3.560230135917663574e-02,5.426335930824279785e-01,-4.207150936126708984e-01,-4.633701443672180176e-01,6.030460596084594727e-01,4.608084261417388916e-01,-4.638526439666748047e-01,-7.006026059389114380e-02,-3.288072645664215088e-01,-1.686643511056900024e-01,-1.312418878078460693e-01,2.869873642921447754e-01,4.398483037948608398e-01,1.146040409803390503e-01,3.164628893136978149e-02,2.156244367361068726e-01,1.014302894473075867e-01,3.349481821060180664e-01,-3.565342426300048828e-01,4.488525519263930619e-05,1.744588166475296021e-01,5.909721255302429199e-01,-3.520583510398864746e-01,-2.548233978450298309e-02,2.588257789611816406e-01,1.790925115346908569e-01,4.997492581605911255e-02,-2.605808526277542114e-02,-4.683387931436300278e-03,-2.307400405406951904e-01,-4.010776802897453308e-02,1.931120455265045166e-01,1.105859503149986267e-01,-5.553079843521118164e-01,4.854682087898254395e-01,-3.403851687908172607e-01,5.514726638793945312e-01,1.287848502397537231e-01,1.537340283393859863e-01,-4.306415319442749023e-01,1.933200843632221222e-02,5.008151531219482422e-01,1.149210613220930099e-03,-5.227927565574645996e-01,-3.837646363535895944e-05,4.886412918567657471e-01,-5.035194754600524902e-01,-4.449368570931255817e-04,5.275821089744567871e-01,4.552070517092943192e-03,5.812883377075195312e-01,4.092112183570861816e-01,-4.133341312408447266e-01,-7.727961521595716476e-03,-3.205181062221527100e-01,-4.211534261703491211e-01,1.453180760145187378e-01,-1.452839672565460205e-01,2.548447251319885254e-01,1.715064793825149536e-02,4.253109097480773926e-01,1.539928615093231201e-01,-2.522630989551544189e-01,3.276720235589891672e-06,4.867348372936248779e-01,-3.585452139377593994e-01,4.204846322536468506e-01,-4.589562118053436279e-01,4.788087010383605957e-01,5.173327922821044922e-01,-4.545395076274871826e-01,-8.645855635404586792e-02,2.425528317689895630e-01,3.710211217403411865e-01,2.955037355422973633e-01,-6.608163472265005112e-03,-2.873280048370361328e-01,2.625520527362823486e-01,4.045772850513458252e-01,-8.148227632045745850e-02,-5.168274044990539551e-01,4.352355301380157471e-01,-4.622106254100799561e-01,-1.309124380350112915e-01,5.461269021034240723e-01,-1.827660501003265381e-01,-2.959339916706085205e-01,-3.538058996200561523e-01,-3.817617595195770264e-01,1.436549052596092224e-02,3.605854809284210205e-01,1.404473632574081421e-01,-3.930545877665281296e-03,-4.057752490043640137e-01
