9.999983906745910645e-01,-9.999985694885253906e-01,-9.999938011169433594e-01,9.999979138374328613e-01,9.999989867210388184e-01,-9.999988079071044922e-01,9.999957680702209473e-01,9.999991059303283691e-01,-9.999968409538269043e-01,9.999982118606567383e-01,-9.999986886978149414e-01,-9.999989271163940430e-01,9.999980926513671875e-01,9.999985098838806152e-01,9.999925494194030762e-01,9.999962449073791504e-01,9.999974370002746582e-01,-9.999983906745910645e-01,9.999932050704956055e-01,-9.999991059303283691e-01,-9.999989867210388184e-01,9.999930262565612793e-01,9.999985694885253906e-01,9.999981522560119629e-01,9.999887347221374512e-01,9.999989867210388184e-01,-9.999982118606567383e-01,-9.999989271163940430e-01,9.999893903732299805e-01,-9.999960064888000488e-01,-9.999921917915344238e-01,-9.999983310699462891e-01,9.999883174896240234e-01,9.999961256980895996e-01,-9.999978542327880859e-01,9.999374747276306152e-01,9.999990463256835938e-01,9.999985694885253906e-01,9.999911785125732422e-01,-9.999988079071044922e-01,9.999987483024597168e-01,-9.999877810478210449e-01,9.999808669090270996e-01,9.999988675117492676e-01,9.999983310699462891e-01,9.999982714653015137e-01,-9.999933838844299316e-01,9.999985694885253906e-01,9.999988675117492676e-01,-9.999985098838806152e-01,-9.999988079071044922e-01,-9.999983310699462891e-01,-9.999988079071044922e-01,-9.999929070472717285e-01,-9.999982714653015137e-01,-9.999982714653015137e-01,-9.999942779541015625e-01,9.999768733978271484e-01,9.999968409538269043e-01,9.999983310699462891e-01,-9.999983310699462891e-01,9.999989271163940430e-01,9.999983906745910645e-01,9.999954104423522949e-01,-9.999950528144836426e-01,-9.999988675117492676e-01,-9.999991059303283691e-01,-9.999958872795104980e-01,-9.999988675117492676e-01,9.999985694885253906e-01,-9.999986886978149414e-01,9.999977350234985352e-01,9.999856352806091309e-01,-9.999936223030090332e-01,-9.999788403511047363e-01,-9.999983310699462891e-01,9.999924898147583008e-01,9.999987483024597168e-01,-9.999946951866149902e-01,-9.999960064888000488e-01,9.999778270721435547e-01,9.999976158142089844e-01,-9.999988675117492676e-01,9.999980330467224121e-01,-9.999982714653015137e-01,-9.999892115592956543e-01,9.999801516532897949e-01,9.999989271163940430e-01,9.999875426292419434e-01,9.996987581253051758e-01,-9.999961853027343750e-01,9.999982714653015137e-01,-9.999834895133972168e-01,-9.999976158142089844e-01,9.999980926513671875e-01,-9.999978542327880859e-01,-9.999904036521911621e-01,9.999990463256835938e-01,-9.999987483024597168e-01,9.999962449073791504e-01,-9.999966025352478027e-01,9.999987483024597168e-01,-9.998874664306640625e-01,9.998567104339599609e-01,9.999986290931701660e-01,9.999972581863403320e-01,-9.999805688858032227e-01,-9.999982714653015137e-01,-9.999939799308776855e-01,9.999983906745910645e-01,-9.999985098838806152e-01,9.999981522560119629e-01,-9.999983310699462891e-01,-9.999549984931945801e-01,9.999989867210388184e-01,-9.999976158142089844e-01,9.999989867210388184e-01,-9.999982714653015137e-01,-9.999951124191284180e-01,-9.999976754188537598e-01,-9.999987483024597168e-01,9.999964833259582520e-01,9.999982714653015137e-01,-9.999974966049194336e-01,-9.999901056289672852e-01,-9.999954700469970703e-01,9.999899864196777344e-01,-9.999952316284179688e-01
-9.999985694885253906e-01,9.999988079071044922e-01,9.999948143959045410e-01,-9.999982118606567383e-01,-9.999991655349731445e-01,9.999990463256835938e-01,-9.999964237213134766e-01,-9.999992251396179199e-01,9.999973773956298828e-01,-9.999985098838806152e-01,9.999988675117492676e-01,9.999991655349731445e-01,-9.999983310699462891e-01,-9.999986886978149414e-01,-9.999936819076538086e-01,-9.999969005584716797e-01,-9.999978542327880859e-01,9.999986290931701660e-01,-9.999944567680358887e-01,9.999992847442626953e-01,9.999992251396179199e-01,-9.999942183494567871e-01,-9.999987483024597168e-01,-9.999985098838806152e-01,-9.999907612800598145e-01,-9.999992251396179199e-01,9.999985098838806152e-01,9.999991655349731445e-01,-9.999912977218627930e-01,9.999967217445373535e-01,9.999936223030090332e-01,9.999985694885253906e-01,-9.999904036521911621e-01,-9.999967813491821289e-01,9.999982714653015137e-01,-9.999486804008483887e-01,-9.999992251396179199e-01,-9.999988079071044922e-01,-9.999927282333374023e-01,9.999990463256835938e-01,-9.999989271163940430e-01,9.999899268150329590e-01,-9.999842643737792969e-01,-9.999991655349731445e-01,-9.999986290931701660e-01,-9.999985694885253906e-01,9.999945163726806641e-01,-9.999986886978149414e-01,-9.999990463256835938e-01,9.999986886978149414e-01,9.999989271163940430e-01,9.999985694885253906e-01,9.999991059303283691e-01,9.999941587448120117e-01,9.999985098838806152e-01,9.999985098838806152e-01,9.999952316284179688e-01,-9.999809861183166504e-01,-9.999973177909851074e-01,-9.999986290931701660e-01,9.999986290931701660e-01,-9.999991655349731445e-01,-9.999986886978149414e-01,-9.999961256980895996e-01,9.999958276748657227e-01,9.999991059303283691e-01,9.999992847442626953e-01,9.999966025352478027e-01,9.999991059303283691e-01,-9.999987483024597168e-01,9.999990463256835938e-01,-9.999980330467224121e-01,-9.999881386756896973e-01,9.999947547912597656e-01,9.999826550483703613e-01,9.999986290931701660e-01,-9.999938607215881348e-01,-9.999989271163940430e-01,9.999955892562866211e-01,9.999966621398925781e-01,-9.999817013740539551e-01,-9.999980926513671875e-01,9.999991059303283691e-01,-9.999983906745910645e-01,9.999985098838806152e-01,9.999909996986389160e-01,-9.999836683273315430e-01,-9.999990463256835938e-01,-9.999896883964538574e-01,-9.997528195381164551e-01,9.999969005584716797e-01,-9.999985694885253906e-01,9.999864697456359863e-01,9.999980926513671875e-01,-9.999983310699462891e-01,9.999980926513671875e-01,9.999920129776000977e-01,-9.999992251396179199e-01,9.999989867210388184e-01,-9.999969005584716797e-01,9.999973177909851074e-01,-9.999989867210388184e-01,9.999076724052429199e-01,-9.998823404312133789e-01,-9.999987483024597168e-01,-9.999977350234985352e-01,9.999840259552001953e-01,9.999985694885253906e-01,9.999950528144836426e-01,-9.999986886978149414e-01,9.999986886978149414e-01,-9.999983906745910645e-01,9.999985694885253906e-01,9.999631047248840332e-01,-9.999992251396179199e-01,9.999979734420776367e-01,-9.999991059303283691e-01,9.999984502792358398e-01,9.999959468841552734e-01,9.999979734420776367e-01,9.999989867210388184e-01,-9.999969005584716797e-01,-9.999985694885253906e-01,9.999979138374328613e-01,9.999917745590209961e-01,9.999961853027343750e-01,-9.999917745590209961e-01,9.999960660934448242e-01
-9.999938011169433594e-01,9.999948143959045410e-01,9.999762177467346191e-01,-9.999922513961791992e-01,-9.999959468841552734e-01,9.999954104423522949e-01,-9.999838471412658691e-01,-9.999962449073791504e-01,9.999883174896240234e-01,-9.999931454658508301e-01,9.999952316284179688e-01,9.999958276748657227e-01,-9.999926090240478516e-01,-9.999942779541015625e-01,-9.999709129333496094e-01,-9.999858140945434570e-01,-9.999901056289672852e-01,9.999938011169433594e-01,-9.999738931655883789e-01,9.999964237213134766e-01,9.999961256980895996e-01,-9.999731183052062988e-01,-9.999946355819702148e-01,-9.999930858612060547e-01,-9.999565482139587402e-01,-9.999960660934448242e-01,9.999935030937194824e-01,9.999957680702209473e-01,-9.999592900276184082e-01,9.999849200248718262e-01,9.999700188636779785e-01,9.999937415122985840e-01,-9.999549984931945801e-01,-9.999852776527404785e-01,9.999919533729553223e-01,-9.997600317001342773e-01,-9.999962449073791504e-01,-9.999946355819702148e-01,-9.999660253524780273e-01,9.999956488609313965e-01,-9.999949932098388672e-01,9.999530315399169922e-01,-9.999261498451232910e-01,-9.999958276748657227e-01,-9.999937415122985840e-01,-9.999933838844299316e-01,9.999745488166809082e-01,-9.999943375587463379e-01,-9.999954700469970703e-01,9.999943375587463379e-01,9.999954104423522949e-01,9.999938011169433594e-01,9.999956488609313965e-01,9.999730587005615234e-01,9.999935030937194824e-01,9.999932050704956055e-01,9.999781250953674316e-01,-9.999110698699951172e-01,-9.999881386756896973e-01,-9.999937415122985840e-01,9.999939799308776855e-01,-9.999959468841552734e-01,-9.999939799308776855e-01,-9.999825358390808105e-01,9.999812841415405273e-01,9.999956488609313965e-01,9.999963045120239258e-01,9.999848604202270508e-01,9.999960064888000488e-01,-9.999945163726806641e-01,9.999952912330627441e-01,-9.999914765357971191e-01,-9.999446868896484375e-01,9.999755620956420898e-01,9.999185204505920410e-01,9.999937415122985840e-01,-9.999712705612182617e-01,-9.999952316284179688e-01,9.999795556068420410e-01,9.999849796295166016e-01,-9.999144077301025391e-01,-9.999912381172180176e-01,9.999955296516418457e-01,-9.999926090240478516e-01,9.999935626983642578e-01,9.999581575393676758e-01,-9.999235272407531738e-01,-9.999959468841552734e-01,-9.999518394470214844e-01,-9.988435506820678711e-01,9.999856352806091309e-01,-9.999938011169433594e-01,9.999365806579589844e-01,9.999911189079284668e-01,-9.999927282333374023e-01,9.999917149543762207e-01,9.999629855155944824e-01,-9.999961256980895996e-01,9.999954700469970703e-01,-9.999858736991882324e-01,9.999875426292419434e-01,-9.999955892562866211e-01,9.995680451393127441e-01,-9.994495511054992676e-01,-9.999948740005493164e-01,-9.999896883964538574e-01,9.999251365661621094e-01,9.999937415122985840e-01,9.999769330024719238e-01,-9.999943375587463379e-01,9.999942779541015625e-01,-9.999928474426269531e-01,9.999937415122985840e-01,9.998273253440856934e-01,-9.999962449073791504e-01,9.999911785125732422e-01,-9.999960064888000488e-01,9.999933242797851562e-01,9.999812245368957520e-01,9.999912381172180176e-01,9.999952316284179688e-01,-9.999865889549255371e-01,-9.999933838844299316e-01,9.999907612800598145e-01,9.999616146087646484e-01,9.999824166297912598e-01,-9.999614357948303223e-01,9.999814033508300781e-01
9.999979138374328613e-01,-9.999982118606567383e-01,-9.999922513961791992e-01,9.999973773956298828e-01,9.999986290931701660e-01,-9.999983906745910645e-01,9.999947547912597656e-01,9.999986886978149414e-01,-9.999960660934448242e-01,9.999976754188537598e-01,-9.999983906745910645e-01,-9.999986290931701660e-01,9.999975562095642090e-01,9.999981522560119629e-01,9.999904632568359375e-01,9.999954104423522949e-01,9.999967217445373535e-01,-9.999979138374328613e-01,9.999914765357971191e-01,-9.999988675117492676e-01,-9.999986290931701660e-01,9.999912977218627930e-01,9.999981522560119629e-01,9.999977350234985352e-01,9.999858140945434570e-01,9.999986290931701660e-01,-9.999977946281433105e-01,-9.999986290931701660e-01,9.999868273735046387e-01,-9.999951124191284180e-01,-9.999902248382568359e-01,-9.999978542327880859e-01,9.999853968620300293e-01,9.999952316284179688e-01,-9.999972581863403320e-01,9.999220967292785645e-01,9.999987483024597168e-01,9.999982118606567383e-01,9.999889731407165527e-01,-9.999985098838806152e-01,9.999982118606567383e-01,-9.999846816062927246e-01,9.999760985374450684e-01,9.999986290931701660e-01,9.999979138374328613e-01,9.999978542327880859e-01,-9.999917149543762207e-01,9.999981522560119629e-01,9.999985098838806152e-01,-9.999981522560119629e-01,-9.999983906745910645e-01,-9.999978542327880859e-01,-9.999985694885253906e-01,-9.999911785125732422e-01,-9.999977946281433105e-01,-9.999977350234985352e-01,-9.999928474426269531e-01,9.999712109565734863e-01,9.999959468841552734e-01,9.999979734420776367e-01,-9.999979138374328613e-01,9.999986290931701660e-01,9.999979138374328613e-01,9.999942183494567871e-01,-9.999938607215881348e-01,-9.999985694885253906e-01,-9.999987483024597168e-01,-9.999950528144836426e-01,-9.999986290931701660e-01,9.999982118606567383e-01,-9.999983906745910645e-01,9.999971985816955566e-01,9.999819993972778320e-01,-9.999921321868896484e-01,-9.999735951423645020e-01,-9.999978542327880859e-01,9.999906420707702637e-01,9.999983310699462891e-01,-9.999932646751403809e-01,-9.999950528144836426e-01,9.999722838401794434e-01,9.999970197677612305e-01,-9.999984502792358398e-01,9.999974966049194336e-01,-9.999977946281433105e-01,-9.999864697456359863e-01,9.999751448631286621e-01,9.999985694885253906e-01,9.999844431877136230e-01,9.996244907379150391e-01,-9.999952912330627441e-01,9.999979138374328613e-01,-9.999794960021972656e-01,-9.999969601631164551e-01,9.999976158142089844e-01,-9.999971985816955566e-01,-9.999880194664001465e-01,9.999986886978149414e-01,-9.999984502792358398e-01,9.999954104423522949e-01,-9.999958872795104980e-01,9.999984502792358398e-01,-9.998598098754882812e-01,9.998213052749633789e-01,9.999982118606567383e-01,9.999965429306030273e-01,-9.999757409095764160e-01,-9.999978542327880859e-01,-9.999924898147583008e-01,9.999981522560119629e-01,-9.999980926513671875e-01,9.999976754188537598e-01,-9.999979138374328613e-01,-9.999439120292663574e-01,9.999986886978149414e-01,-9.999970793724060059e-01,9.999986290931701660e-01,-9.999977350234985352e-01,-9.999938011169433594e-01,-9.999970197677612305e-01,-9.999984502792358398e-01,9.999955892562866211e-01,9.999977350234985352e-01,-9.999969005584716797e-01,-9.999875426292419434e-01,-9.999942779541015625e-01,9.999875426292419434e-01,-9.999939203262329102e-01
9.999989867210388184e-01,-9.999991655349731445e-01,-9.999959468841552734e-01,9.999986290931701660e-01,9.999994039535522461e-01,-9.999993443489074707e-01,9.999972581863403320e-01,9.999994635581970215e-01,-9.999980330467224121e-01,9.999988675117492676e-01,-9.999993443489074707e-01,-9.999994039535522461e-01,9.999988079071044922e-01,9.999990463256835938e-01,9.999950528144836426e-01,9.999975562095642090e-01,9.999983310699462891e-01,-9.999990463256835938e-01,9.999955296516418457e-01,-9.999994635581970215e-01,-9.999994039535522461e-01,9.999953508377075195e-01,9.999992251396179199e-01,9.999988675117492676e-01,9.999924898147583008e-01,9.999994635581970215e-01,-9.999989271163940430e-01,-9.999994039535522461e-01,9.999930858612060547e-01,-9.999974370002746582e-01,-9.999948740005493164e-01,-9.999989867210388184e-01,9.999923110008239746e-01,9.999974966049194336e-01,-9.999986886978149414e-01,9.999584555625915527e-01,9.999994635581970215e-01,9.999991059303283691e-01,9.999942183494567871e-01,-9.999992847442626953e-01,9.999992847442626953e-01,-9.999918937683105469e-01,9.999873042106628418e-01,9.999994039535522461e-01,9.999990463256835938e-01,9.999989867210388184e-01,-9.999955892562866211e-01,9.999991655349731445e-01,9.999994039535522461e-01,-9.999991655349731445e-01,-9.999993443489074707e-01,-9.999989867210388184e-01,-9.999994039535522461e-01,-9.999953508377075195e-01,-9.999989271163940430e-01,-9.999988675117492676e-01,-9.999962449073791504e-01,9.999847412109375000e-01,9.999979734420776367e-01,9.999989867210388184e-01,-9.999989271163940430e-01,9.999994039535522461e-01,9.999989867210388184e-01,9.999969005584716797e-01,-9.999968409538269043e-01,-9.999993443489074707e-01,-9.999994635581970215e-01,-9.999973177909851074e-01,-9.999993443489074707e-01,9.999991059303283691e-01,-9.999992251396179199e-01,9.999985694885253906e-01,9.999905228614807129e-01,-9.999958872795104980e-01,-9.999859929084777832e-01,-9.999990463256835938e-01,9.999950528144836426e-01,9.999992847442626953e-01,-9.999964833259582520e-01,-9.999973773956298828e-01,9.999852180480957031e-01,9.999984502792358398e-01,-9.999993443489074707e-01,9.999987483024597168e-01,-9.999988675117492676e-01,-9.999928474426269531e-01,9.999867677688598633e-01,9.999993443489074707e-01,9.999917745590209961e-01,9.997994899749755859e-01,-9.999975562095642090e-01,9.999989271163940430e-01,-9.999890923500061035e-01,-9.999984502792358398e-01,9.999988079071044922e-01,-9.999986290931701660e-01,-9.999936819076538086e-01,9.999994635581970215e-01,-9.999992251396179199e-01,9.999976754188537598e-01,-9.999977946281433105e-01,9.999992847442626953e-01,-9.999251961708068848e-01,9.999045133590698242e-01,9.999991655349731445e-01,9.999982714653015137e-01,-9.999871253967285156e-01,-9.999989271163940430e-01,-9.999960660934448242e-01,9.999991655349731445e-01,-9.999990463256835938e-01,9.999988079071044922e-01,-9.999989271163940430e-01,-9.999701976776123047e-01,9.999994635581970215e-01,-9.999985694885253906e-01,9.999993443489074707e-01,-9.999988079071044922e-01,-9.999967217445373535e-01,-9.999984502792358398e-01,-9.999992847442626953e-01,9.999977350234985352e-01,9.999989271163940430e-01,-9.999983906745910645e-01,-9.999934434890747070e-01,-9.999970197677612305e-01,9.999934434890747070e-01,-9.999968409538269043e-01
-9.999988079071044922e-01,9.999990463256835938e-01,9.999954104423522949e-01,-9.999983906745910645e-01,-9.999993443489074707e-01,9.999990463256835938e-01,-9.999968409538269043e-01,-9.999993443489074707e-01,9.999977350234985352e-01,-9.999986886978149414e-01,9.999990463256835938e-01,9.999992251396179199e-01,-9.999985098838806152e-01,-9.999988079071044922e-01,-9.999942779541015625e-01,-9.999971985816955566e-01,-9.999981522560119629e-01,9.999988079071044922e-01,-9.999948740005493164e-01,9.999993443489074707e-01,9.999992847442626953e-01,-9.999947547912597656e-01,-9.999988675117492676e-01,-9.999986290931701660e-01,-9.999915957450866699e-01,-9.999992847442626953e-01,9.999986290931701660e-01,9.999992251396179199e-01,-9.999920129776000977e-01,9.999970197677612305e-01,9.999941587448120117e-01,9.999987483024597168e-01,-9.999913573265075684e-01,-9.999971389770507812e-01,9.999983310699462891e-01,-9.999536871910095215e-01,-9.999992847442626953e-01,-9.999988675117492676e-01,-9.999934434890747070e-01,9.999991059303283691e-01,-9.999990463256835938e-01,9.999908804893493652e-01,-9.999858140945434570e-01,-9.999992251396179199e-01,-9.999987483024597168e-01,-9.999986886978149414e-01,9.999951124191284180e-01,-9.999988675117492676e-01,-9.999991655349731445e-01,9.999988675117492676e-01,9.999991655349731445e-01,9.999987483024597168e-01,9.999991059303283691e-01,9.999947547912597656e-01,9.999986290931701660e-01,9.999987483024597168e-01,9.999957680702209473e-01,-9.999828934669494629e-01,-9.999976754188537598e-01,-9.999986886978149414e-01,9.999988675117492676e-01,-9.999992847442626953e-01,-9.999988079071044922e-01,-9.999964833259582520e-01,9.999962449073791504e-01,9.999991655349731445e-01,9.999993443489074707e-01,9.999969601631164551e-01,9.999991655349731445e-01,-9.999988675117492676e-01,9.999990463256835938e-01,-9.999983310699462891e-01,-9.999893307685852051e-01,9.999952912330627441e-01,9.999843239784240723e-01,9.999987483024597168e-01,-9.999945163726806641e-01,-9.999991059303283691e-01,9.999960064888000488e-01,9.999969601631164551e-01,-9.999835491180419922e-01,-9.999982118606567383e-01,9.999991059303283691e-01,-9.999985098838806152e-01,9.999986886978149414e-01,9.999919533729553223e-01,-9.999851584434509277e-01,-9.999991655349731445e-01,-9.999907016754150391e-01,-9.997767806053161621e-01,9.999971985816955566e-01,-9.999988079071044922e-01,9.999877810478210449e-01,9.999982714653015137e-01,-9.999985694885253906e-01,9.999982714653015137e-01,9.999927878379821777e-01,-9.999992251396179199e-01,9.999990463256835938e-01,-9.999971985816955566e-01,9.999974966049194336e-01,-9.999991655349731445e-01,9.999166727066040039e-01,-9.998937249183654785e-01,-9.999990463256835938e-01,-9.999979734420776367e-01,9.999854564666748047e-01,9.999987483024597168e-01,9.999955296516418457e-01,-9.999988079071044922e-01,9.999988079071044922e-01,-9.999985098838806152e-01,9.999987483024597168e-01,9.999666810035705566e-01,-9.999993443489074707e-01,9.999982714653015137e-01,-9.999992847442626953e-01,9.999986290931701660e-01,9.999963045120239258e-01,9.999982118606567383e-01,9.999991059303283691e-01,-9.999973177909851074e-01,-9.999986886978149414e-01,9.999980926513671875e-01,9.999926090240478516e-01,9.999965429306030273e-01,-9.999925494194030762e-01,9.999963641166687012e-01
9.999957680702209473e-01,-9.999964237213134766e-01,-9.999838471412658691e-01,9.999947547912597656e-01,9.999972581863403320e-01,-9.999968409538269043e-01,9.999891519546508789e-01,9.999974370002746582e-01,-9.999920725822448730e-01,9.999954104423522949e-01,-9.999967813491821289e-01,-9.999971389770507812e-01,9.999949932098388672e-01,9.999959468841552734e-01,9.999802708625793457e-01,9.999903440475463867e-01,9.999932050704956055e-01,-9.999958872795104980e-01,9.999823570251464844e-01,-9.999976754188537598e-01,-9.999973177909851074e-01,9.999818801879882812e-01,9.999963045120239258e-01,9.999953508377075195e-01,9.999706745147705078e-01,9.999973177909851074e-01,-9.999955892562866211e-01,-9.999971985816955566e-01,9.999724030494689941e-01,-9.999897480010986328e-01,-9.999797344207763672e-01,-9.999957680702209473e-01,9.999696612358093262e-01,9.999899864196777344e-01,-9.999945163726806641e-01,9.998372197151184082e-01,9.999974370002746582e-01,9.999963045120239258e-01,9.999769926071166992e-01,-9.999970793724060059e-01,9.999964833259582520e-01,-9.999682307243347168e-01,9.999499320983886719e-01,9.999971389770507812e-01,9.999957680702209473e-01,9.999955892562866211e-01,-9.999827742576599121e-01,9.999960660934448242e-01,9.999969005584716797e-01,-9.999961256980895996e-01,-9.999968409538269043e-01,-9.999958276748657227e-01,-9.999970793724060059e-01,-9.999817013740539551e-01,-9.999955892562866211e-01,-9.999953508377075195e-01,-9.999850988388061523e-01,9.999396800994873047e-01,9.999919533729553223e-01,9.999958276748657227e-01,-9.999959468841552734e-01,9.999973773956298828e-01,9.999958872795104980e-01,9.999881386756896973e-01,-9.999873638153076172e-01,-9.999970793724060059e-01,-9.999975562095642090e-01,-9.999897480010986328e-01,-9.999972581863403320e-01,9.999962449073791504e-01,-9.999967813491821289e-01,9.999942779541015625e-01,9.999625086784362793e-01,-9.999834299087524414e-01,-9.999447464942932129e-01,-9.999958276748657227e-01,9.999805092811584473e-01,9.999967217445373535e-01,-9.999861121177673340e-01,-9.999898076057434082e-01,9.999419450759887695e-01,9.999940991401672363e-01,-9.999969601631164551e-01,9.999949932098388672e-01,-9.999956488609313965e-01,-9.999716877937316895e-01,9.999482035636901855e-01,9.999971985816955566e-01,9.999673962593078613e-01,9.992153644561767578e-01,-9.999902248382568359e-01,9.999957680702209473e-01,-9.999570250511169434e-01,-9.999940395355224609e-01,9.999951124191284180e-01,-9.999943971633911133e-01,-9.999749660491943359e-01,9.999973773956298828e-01,-9.999969005584716797e-01,9.999904632568359375e-01,-9.999915361404418945e-01,9.999969005584716797e-01,-9.997070431709289551e-01,9.996265769004821777e-01,9.999963641166687012e-01,9.999930262565612793e-01,-9.999492168426513672e-01,-9.999957680702209473e-01,-9.999842643737792969e-01,9.999961256980895996e-01,-9.999960660934448242e-01,9.999951124191284180e-01,-9.999957084655761719e-01,-9.998827576637268066e-01,9.999974370002746582e-01,-9.999940395355224609e-01,9.999973177909851074e-01,-9.999954700469970703e-01,-9.999873042106628418e-01,-9.999940395355224609e-01,-9.999967217445373535e-01,9.999908804893493652e-01,9.999955296516418457e-01,-9.999936819076538086e-01,-9.999739527702331543e-01,-9.999881386756896973e-01,9.999738931655883789e-01,-9.999874234199523926e-01
9.999991059303283691e-01,-9.999992251396179199e-01,-9.999962449073791504e-01,9.999986886978149414e-01,9.999994635581970215e-01,-9.999993443489074707e-01,9.999974370002746582e-01,9.999994635581970215e-01,-9.999981522560119629e-01,9.999989271163940430e-01,-9.999992251396179199e-01,-9.999994039535522461e-01,9.999988079071044922e-01,9.999991655349731445e-01,9.999955296516418457e-01,9.999977946281433105e-01,9.999984502792358398e-01,-9.999991059303283691e-01,9.999959468841552734e-01,-9.999994635581970215e-01,-9.999994039535522461e-01,9.999958276748657227e-01,9.999992251396179199e-01,9.999988675117492676e-01,9.999932050704956055e-01,9.999993443489074707e-01,-9.999989867210388184e-01,-9.999994635581970215e-01,9.999937415122985840e-01,-9.999976158142089844e-01,-9.999953508377075195e-01,-9.999990463256835938e-01,9.999930262565612793e-01,9.999976754188537598e-01,-9.999987483024597168e-01,9.999628067016601562e-01,9.999994635581970215e-01,9.999992251396179199e-01,9.999947547912597656e-01,-9.999992847442626953e-01,9.999992251396179199e-01,-9.999926686286926270e-01,9.999886155128479004e-01,9.999994039535522461e-01,9.999990463256835938e-01,9.999989867210388184e-01,-9.999960064888000488e-01,9.999991655349731445e-01,9.999994039535522461e-01,-9.999991655349731445e-01,-9.999992251396179199e-01,-9.999990463256835938e-01,-9.999992847442626953e-01,-9.999957680702209473e-01,-9.999989271163940430e-01,-9.999989271163940430e-01,-9.999966621398925781e-01,9.999862909317016602e-01,9.999981522560119629e-01,9.999991059303283691e-01,-9.999989867210388184e-01,9.999994039535522461e-01,9.999991059303283691e-01,9.999971985816955566e-01,-9.999970793724060059e-01,-9.999994039535522461e-01,-9.999994635581970215e-01,-9.999976158142089844e-01,-9.999993443489074707e-01,9.999991655349731445e-01,-9.999992251396179199e-01,9.999987483024597168e-01,9.999914765357971191e-01,-9.999961256980895996e-01,-9.999874234199523926e-01,-9.999990463256835938e-01,9.999955296516418457e-01,9.999992847442626953e-01,-9.999967813491821289e-01,-9.999976158142089844e-01,9.999868869781494141e-01,9.999986290931701660e-01,-9.999992847442626953e-01,9.999988079071044922e-01,-9.999990463256835938e-01,-9.999935626983642578e-01,9.999881386756896973e-01,9.999994039535522461e-01,9.999924898147583008e-01,9.998210668563842773e-01,-9.999977350234985352e-01,9.999991059303283691e-01,-9.999902844429016113e-01,-9.999985694885253906e-01,9.999988675117492676e-01,-9.999986290931701660e-01,-9.999942779541015625e-01,9.999994635581970215e-01,-9.999992251396179199e-01,9.999977946281433105e-01,-9.999979138374328613e-01,9.999992847442626953e-01,-9.999331831932067871e-01,9.999147653579711914e-01,9.999992251396179199e-01,9.999984502792358398e-01,-9.999884366989135742e-01,-9.999991059303283691e-01,-9.999963641166687012e-01,9.999991655349731445e-01,-9.999991655349731445e-01,9.999988079071044922e-01,-9.999990463256835938e-01,-9.999732971191406250e-01,9.999994635581970215e-01,-9.999986290931701660e-01,9.999993443489074707e-01,-9.999988675117492676e-01,-9.999970793724060059e-01,-9.999985694885253906e-01,-9.999992847442626953e-01,9.999978542327880859e-01,9.999989867210388184e-01,-9.999984502792358398e-01,-9.999940395355224609e-01,-9.999972581863403320e-01,9.999940395355224609e-01,-9.999970793724060059e-01
-9.999968409538269043e-01,9.999973773956298828e-01,9.999883174896240234e-01,-9.999960660934448242e-01,-9.999980330467224121e-01,9.999977350234985352e-01,-9.999920725822448730e-01,-9.999981522560119629e-01,9.999942183494567871e-01,-9.999964833259582520e-01,9.999976158142089844e-01,9.999979138374328613e-01,-9.999963045120239258e-01,-9.999970793724060059e-01,-9.999856352806091309e-01,-9.999929070472717285e-01,-9.999951124191284180e-01,9.999969005584716797e-01,-9.999872446060180664e-01,9.999982714653015137e-01,9.999979138374328613e-01,-9.999867677688598633e-01,-9.999972581863403320e-01,-9.999964833259582520e-01,-9.999786615371704102e-01,-9.999980330467224121e-01,9.999966621398925781e-01,9.999979138374328613e-01,-9.999800920486450195e-01,9.999926090240478516e-01,9.999852180480957031e-01,9.999969005584716797e-01,-9.999778866767883301e-01,-9.999927878379821777e-01,9.999960064888000488e-01,-9.998822808265686035e-01,-9.999980926513671875e-01,-9.999973177909851074e-01,-9.999833106994628906e-01,9.999977350234985352e-01,-9.999974966049194336e-01,9.999769926071166992e-01,-9.999637603759765625e-01,-9.999978542327880859e-01,-9.999969005584716797e-01,-9.999967217445373535e-01,9.999874830245971680e-01,-9.999970793724060059e-01,-9.999977350234985352e-01,9.999971985816955566e-01,9.999976158142089844e-01,9.999967813491821289e-01,9.999977946281433105e-01,9.999867677688598633e-01,9.999966621398925781e-01,9.999965429306030273e-01,9.999892115592956543e-01,-9.999564290046691895e-01,-9.999940991401672363e-01,-9.999969005584716797e-01,9.999970197677612305e-01,-9.999979138374328613e-01,-9.999970197677612305e-01,-9.999913573265075684e-01,9.999907612800598145e-01,9.999977946281433105e-01,9.999982118606567383e-01,9.999924898147583008e-01,9.999980330467224121e-01,-9.999971985816955566e-01,9.999976158142089844e-01,-9.999958276748657227e-01,-9.999729990959167480e-01,9.999879598617553711e-01,9.999600052833557129e-01,9.999969005584716797e-01,-9.999858736991882324e-01,-9.999976158142089844e-01,9.999899864196777344e-01,9.999926686286926270e-01,-9.999580979347229004e-01,-9.999956488609313965e-01,9.999977350234985352e-01,-9.999962449073791504e-01,9.999967217445373535e-01,9.999795556068420410e-01,-9.999625086784362793e-01,-9.999979734420776367e-01,-9.999765157699584961e-01,-9.994332194328308105e-01,9.999929666519165039e-01,-9.999968409538269043e-01,9.999689459800720215e-01,9.999956488609313965e-01,-9.999964237213134766e-01,9.999958276748657227e-01,9.999818205833435059e-01,-9.999980330467224121e-01,9.999976754188537598e-01,-9.999930262565612793e-01,9.999938011169433594e-01,-9.999976754188537598e-01,9.997884035110473633e-01,-9.997302889823913574e-01,-9.999973177909851074e-01,-9.999948143959045410e-01,9.999633431434631348e-01,9.999968409538269043e-01,9.999886751174926758e-01,-9.999970793724060059e-01,9.999970793724060059e-01,-9.999964833259582520e-01,9.999968409538269043e-01,9.999152421951293945e-01,-9.999980330467224121e-01,9.999955892562866211e-01,-9.999979138374328613e-01,9.999966025352478027e-01,9.999907612800598145e-01,9.999956488609313965e-01,9.999976158142089844e-01,-9.999933242797851562e-01,-9.999966025352478027e-01,9.999953508377075195e-01,9.999811649322509766e-01,9.999913573265075684e-01,-9.999811649322509766e-01,9.999908804893493652e-01
9.999982118606567383e-01,-9.999985098838806152e-01,-9.999931454658508301e-01,9.999976754188537598e-01,9.999988675117492676e-01,-9.999986886978149414e-01,9.999954104423522949e-01,9.999989271163940430e-01,-9.999964833259582520e-01,9.999980330467224121e-01,-9.999986290931701660e-01,-9.999988079071044922e-01,9.999977946281433105e-01,9.999983310699462891e-01,9.999916553497314453e-01,9.999959468841552734e-01,9.999970793724060059e-01,-9.999982118606567383e-01,9.999925494194030762e-01,-9.999989867210388184e-01,-9.999988675117492676e-01,9.999923110008239746e-01,9.999984502792358398e-01,9.999980926513671875e-01,9.999875426292419434e-01,9.999988675117492676e-01,-9.999980926513671875e-01,-9.999988675117492676e-01,9.999883174896240234e-01,-9.999957680702209473e-01,-9.999914169311523438e-01,-9.999981522560119629e-01,9.999871253967285156e-01,9.999957680702209473e-01,-9.999976754188537598e-01,9.999311566352844238e-01,9.999989867210388184e-01,9.999984502792358398e-01,9.999903440475463867e-01,-9.999986886978149414e-01,9.999985098838806152e-01,-9.999864697456359863e-01,9.999788999557495117e-01,9.999988079071044922e-01,9.999981522560119629e-01,9.999982118606567383e-01,-9.999926090240478516e-01,9.999983310699462891e-01,9.999987483024597168e-01,-9.999983310699462891e-01,-9.999986886978149414e-01,-9.999981522560119629e-01,-9.999987483024597168e-01,-9.999923110008239746e-01,-9.999980926513671875e-01,-9.999979734420776367e-01,-9.999938011169433594e-01,9.999745488166809082e-01,9.999965429306030273e-01,9.999982118606567383e-01,-9.999982714653015137e-01,9.999988675117492676e-01,9.999982714653015137e-01,9.999949932098388672e-01,-9.999946355819702148e-01,-9.999988079071044922e-01,-9.999989271163940430e-01,-9.999956488609313965e-01,-9.999988079071044922e-01,9.999983906745910645e-01,-9.999985694885253906e-01,9.999974966049194336e-01,9.999841451644897461e-01,-9.999930858612060547e-01,-9.999766945838928223e-01,-9.999981522560119629e-01,9.999917149543762207e-01,9.999986290931701660e-01,-9.999942183494567871e-01,-9.999956488609313965e-01,9.999755024909973145e-01,9.999973773956298828e-01,-9.999987483024597168e-01,9.999978542327880859e-01,-9.999980330467224121e-01,-9.999881386756896973e-01,9.999780654907226562e-01,9.999988079071044922e-01,9.999862313270568848e-01,9.996682405471801758e-01,-9.999958872795104980e-01,9.999980926513671875e-01,-9.999818801879882812e-01,-9.999973773956298828e-01,9.999979138374328613e-01,-9.999976158142089844e-01,-9.999893903732299805e-01,9.999988675117492676e-01,-9.999986290931701660e-01,9.999959468841552734e-01,-9.999963641166687012e-01,9.999986290931701660e-01,-9.998760819435119629e-01,9.998421669006347656e-01,9.999985098838806152e-01,9.999970793724060059e-01,-9.999786019325256348e-01,-9.999982118606567383e-01,-9.999933838844299316e-01,9.999983310699462891e-01,-9.999983310699462891e-01,9.999979138374328613e-01,-9.999982714653015137e-01,-9.999504685401916504e-01,9.999989271163940430e-01,-9.999974370002746582e-01,9.999988675117492676e-01,-9.999979734420776367e-01,-9.999946355819702148e-01,-9.999974370002746582e-01,-9.999986290931701660e-01,9.999961256980895996e-01,9.999980926513671875e-01,-9.999972581863403320e-01,-9.999890923500061035e-01,-9.999950528144836426e-01,9.999890327453613281e-01,-9.999946355819702148e-01
-9.999986886978149414e-01,9.999988675117492676e-01,9.999952316284179688e-01,-9.999983906745910645e-01,-9.999993443489074707e-01,9.999990463256835938e-01,-9.999967813491821289e-01,-9.999992251396179199e-01,9.999976158142089844e-01,-9.999986290931701660e-01,9.999989867210388184e-01,9.999992251396179199e-01,-9.999984502792358398e-01,-9.999988079071044922e-01,-9.999941587448120117e-01,-9.999970793724060059e-01,-9.999980330467224121e-01,9.999987483024597168e-01,-9.999947547912597656e-01,9.999992847442626953e-01,9.999992847442626953e-01,-9.999946355819702148e-01,-9.999988079071044922e-01,-9.999986290931701660e-01,-9.999913573265075684e-01,-9.999991655349731445e-01,9.999986290931701660e-01,9.999992251396179199e-01,-9.999919533729553223e-01,9.999969601631164551e-01,9.999939799308776855e-01,9.999985694885253906e-01,-9.999910593032836914e-01,-9.999970793724060059e-01,9.999982714653015137e-01,-9.999525547027587891e-01,-9.999992251396179199e-01,-9.999988675117492676e-01,-9.999932050704956055e-01,9.999991059303283691e-01,-9.999989271163940430e-01,9.999907016754150391e-01,-9.999854564666748047e-01,-9.999991059303283691e-01,-9.999986886978149414e-01,-9.999986886978149414e-01,9.999949336051940918e-01,-9.999988079071044922e-01,-9.999991059303283691e-01,9.999988079071044922e-01,9.999990463256835938e-01,9.999986886978149414e-01,9.999991059303283691e-01,9.999946355819702148e-01,9.999986290931701660e-01,9.999985098838806152e-01,9.999955892562866211e-01,-9.999824166297912598e-01,-9.999975562095642090e-01,-9.999986886978149414e-01,9.999986886978149414e-01,-9.999991655349731445e-01,-9.999987483024597168e-01,-9.999964237213134766e-01,9.999961256980895996e-01,9.999991655349731445e-01,9.999993443489074707e-01,9.999969005584716797e-01,9.999990463256835938e-01,-9.999987483024597168e-01,9.999989867210388184e-01,-9.999982714653015137e-01,-9.999890327453613281e-01,9.999951720237731934e-01,9.999839067459106445e-01,9.999987483024597168e-01,-9.999943375587463379e-01,-9.999991059303283691e-01,9.999958872795104980e-01,9.999969005584716797e-01,-9.999830722808837891e-01,-9.999981522560119629e-01,9.999990463256835938e-01,-9.999985098838806152e-01,9.999986290931701660e-01,9.999917745590209961e-01,-9.999848604202270508e-01,-9.999991655349731445e-01,-9.999904036521911621e-01,-9.997718930244445801e-01,9.999971389770507812e-01,-9.999986886978149414e-01,9.999874830245971680e-01,9.999982118606567383e-01,-9.999985098838806152e-01,9.999982714653015137e-01,9.999926090240478516e-01,-9.999992251396179199e-01,9.999990463256835938e-01,-9.999970793724060059e-01,9.999973773956298828e-01,-9.999990463256835938e-01,9.999147057533264160e-01,-9.998913407325744629e-01,-9.999989271163940430e-01,-9.999978542327880859e-01,9.999851584434509277e-01,9.999986290931701660e-01,9.999953508377075195e-01,-9.999988079071044922e-01,9.999988079071044922e-01,-9.999985098838806152e-01,9.999987483024597168e-01,9.999659061431884766e-01,-9.999992251396179199e-01,9.999982118606567383e-01,-9.999991655349731445e-01,9.999985694885253906e-01,9.999961256980895996e-01,9.999981522560119629e-01,9.999991059303283691e-01,-9.999971389770507812e-01,-9.999985694885253906e-01,9.999980330467224121e-01,9.999923110008239746e-01,9.999963641166687012e-01,-9.999923110008239746e-01,9.999962449073791504e-01
-9.999989271163940430e-01,9.999991655349731445e-01,9.999958276748657227e-01,-9.999986290931701660e-01,-9.999994039535522461e-01,9.999992251396179199e-01,-9.999971389770507812e-01,-9.999994039535522461e-01,9.999979138374328613e-01,-9.999988079071044922e-01,9.999992251396179199e-01,9.999994039535522461e-01,-9.999986290931701660e-01,-9.999990463256835938e-01,-9.999949336051940918e-01,-9.999974966049194336e-01,-9.999982118606567383e-01,9.999989867210388184e-01,-9.999954700469970703e-01,9.999994635581970215e-01,9.999994039535522461e-01,-9.999953508377075195e-01,-9.999991059303283691e-01,-9.999988079071044922e-01,-9.999924302101135254e-01,-9.999993443489074707e-01,9.999988675117492676e-01,9.999994039535522461e-01,-9.999929070472717285e-01,9.999973177909851074e-01,9.999948143959045410e-01,9.999988675117492676e-01,-9.999921321868896484e-01,-9.999973773956298828e-01,9.999985694885253906e-01,-9.999580979347229004e-01,-9.999994635581970215e-01,-9.999991059303283691e-01,-9.999940991401672363e-01,9.999992251396179199e-01,-9.999991655349731445e-01,9.999918341636657715e-01,-9.999871253967285156e-01,-9.999992847442626953e-01,-9.999989271163940430e-01,-9.999989271163940430e-01,9.999955892562866211e-01,-9.999991655349731445e-01,-9.999993443489074707e-01,9.999990463256835938e-01,9.999992251396179199e-01,9.999988675117492676e-01,9.999992847442626953e-01,9.999952912330627441e-01,9.999988675117492676e-01,9.999987483024597168e-01,9.999962449073791504e-01,-9.999845027923583984e-01,-9.999979138374328613e-01,-9.999988675117492676e-01,9.999988675117492676e-01,-9.999993443489074707e-01,-9.999989271163940430e-01,-9.999969005584716797e-01,9.999966621398925781e-01,9.999993443489074707e-01,9.999994635581970215e-01,9.999972581863403320e-01,9.999993443489074707e-01,-9.999991059303283691e-01,9.999992251396179199e-01,-9.999985098838806152e-01,-9.999903440475463867e-01,9.999957680702209473e-01,9.999858140945434570e-01,9.999989271163940430e-01,-9.999950528144836426e-01,-9.999992847442626953e-01,9.999963641166687012e-01,9.999972581863403320e-01,-9.999850988388061523e-01,-9.999984502792358398e-01,9.999992847442626953e-01,-9.999987483024597168e-01,9.999988079071044922e-01,9.999927282333374023e-01,-9.999867081642150879e-01,-9.999993443489074707e-01,-9.999916553497314453e-01,-9.997979402542114258e-01,9.999974966049194336e-01,-9.999989271163940430e-01,9.999890327453613281e-01,9.999983906745910645e-01,-9.999987483024597168e-01,9.999985694885253906e-01,9.999935626983642578e-01,-9.999993443489074707e-01,9.999992251396179199e-01,-9.999975562095642090e-01,9.999977946281433105e-01,-9.999992847442626953e-01,9.999246001243591309e-01,-9.999038577079772949e-01,-9.999991655349731445e-01,-9.999982714653015137e-01,9.999868869781494141e-01,9.999989271163940430e-01,9.999960064888000488e-01,-9.999990463256835938e-01,9.999989867210388184e-01,-9.999987483024597168e-01,9.999988675117492676e-01,9.999698996543884277e-01,-9.999994039535522461e-01,9.999984502792358398e-01,-9.999993443489074707e-01,9.999987483024597168e-01,9.999966621398925781e-01,9.999984502792358398e-01,9.999992251396179199e-01,-9.999976158142089844e-01,-9.999988079071044922e-01,9.999983906745910645e-01,9.999933242797851562e-01,9.999969601631164551e-01,-9.999933838844299316e-01,9.999967813491821289e-01
