4.710014462471008301e-01,1.159079186618328094e-02,-1.102575659751892090e-01,8.542943000793457031e-02,1.887505799531936646e-01,-1.471371762454509735e-02,3.844293579459190369e-02,3.083192110061645508e-01,5.586725473403930664e-02,2.349259331822395325e-02,-4.301740974187850952e-02,-4.509370774030685425e-02,6.282941997051239014e-02,4.996975362300872803e-01,2.664886116981506348e-01,1.137769669294357300e-01,-5.700904875993728638e-03,3.254851698875427246e-02,1.157651841640472412e-01,-3.192284703254699707e-02,-1.929822862148284912e-01,6.829892843961715698e-02,7.261271029710769653e-02,1.803925074636936188e-02,-1.396565884351730347e-02,-4.462527483701705933e-02,-5.084095895290374756e-02,-2.279445827007293701e-01,4.427756369113922119e-02,-2.172192782163619995e-01,-8.825980871915817261e-02,-4.323130473494529724e-02,3.919249400496482849e-02,1.028859317302703857e-01,-2.558191493153572083e-02,-1.142148599028587341e-01,-1.465240493416786194e-02,7.457605097442865372e-03,-2.204069644212722778e-01,-3.724927902221679688e-01,9.874654561281204224e-02,9.211632609367370605e-02,4.869795218110084534e-02,2.488469518721103668e-02,1.948443055152893066e-01,-2.252589166164398193e-01,-1.806886494159698486e-01,-1.087239831686019897e-01,-2.699493244290351868e-02,7.238759100437164307e-02,-2.137819305062294006e-02,-1.457917690277099609e-01,4.486568272113800049e-02,-7.954119145870208740e-02,-3.951177000999450684e-02,-1.413492113351821899e-01,7.922738790512084961e-02,1.614338532090187073e-02,-5.832318216562271118e-02,-5.121519044041633606e-02,8.320169150829315186e-02,-1.346762757748365402e-02,1.775714941322803497e-02,5.469255521893501282e-02,-6.776273995637893677e-02,3.104863874614238739e-02,2.626864425837993622e-02,2.146781831979751587e-01,-8.476726710796356201e-02,1.143747270107269287e-01,-1.202248558402061462e-01,-2.061200290918350220e-01,2.928088605403900146e-02,1.170675382018089294e-01,-4.669510945677757263e-02,-1.958590894937515259e-01,-8.204420097172260284e-03,1.412274539470672607e-01,-2.059724181890487671e-01,-5.099354311823844910e-02,8.982192724943161011e-02,3.415872342884540558e-03,-2.232451289892196655e-01,-2.286554314196109772e-03,-1.754276901483535767e-01,-1.265546381473541260e-01,2.280825674533843994e-01,1.673476072028279305e-03,-2.115988545119762421e-02,3.586369333788752556e-03,-4.177269339561462402e-02,-4.476203024387359619e-02,3.796827048063278198e-02,-6.034689769148826599e-02,-2.289436059072613716e-03,-7.338223606348037720e-02,3.334689140319824219e-01,-4.907783586531877518e-04,-1.093736812472343445e-01,9.589564055204391479e-02,-3.753373399376869202e-02,4.890638217329978943e-02,-6.075014546513557434e-02,-1.015481539070606232e-02,-8.025132864713668823e-02,1.967551857233047485e-01,7.675177603960037231e-02,-4.016948118805885315e-02,-1.915481388568878174e-01,1.428523100912570953e-02,1.814558953046798706e-01,2.173730358481407166e-02,-5.103655159473419189e-02,-2.887740731239318848e-01,1.690703928470611572e-01,-8.291181176900863647e-02,2.972154319286346436e-01,-1.306331753730773926e-01,-3.346757590770721436e-01,2.226997166872024536e-03,-7.091625779867172241e-02,1.660290509462356567e-01,1.229154467582702637e-01,-1.055042725056409836e-02,-1.854884065687656403e-02,-1.224481314420700073e-01,-2.958196029067039490e-02,6.131871044635772705e-02
1.159079186618328094e-02,2.535633556544780731e-02,-1.305751204490661621e-01,6.108909100294113159e-02,7.129876315593719482e-02,-8.748014457523822784e-03,1.641614176332950592e-02,5.382955074310302734e-02,1.230227109044790268e-02,2.403653599321842194e-02,1.161924935877323151e-02,-4.021174460649490356e-02,1.185107082128524780e-01,3.741002455353736877e-02,1.163586229085922241e-01,1.126486808061599731e-01,-2.486238488927483559e-03,9.241583198308944702e-02,-3.379430994391441345e-02,-6.114696338772773743e-02,-3.473728895187377930e-02,1.353264600038528442e-01,7.798714190721511841e-02,1.006784569472074509e-02,1.377784740179777145e-02,1.477914005517959595e-01,-1.387888342142105103e-01,-5.072806030511856079e-02,9.661144018173217773e-02,-1.621150411665439606e-02,1.828127168118953705e-02,-1.226814836263656616e-01,8.211967349052429199e-02,5.266924947500228882e-02,2.208417514339089394e-03,-1.286736428737640381e-01,8.714737370610237122e-03,2.962286025285720825e-02,-8.093003928661346436e-02,-9.877789765596389771e-02,1.209270209074020386e-01,-4.096940159797668457e-03,1.304167956113815308e-01,1.356681622564792633e-02,-1.341225672513246536e-02,-8.977305889129638672e-02,-1.285707503557205200e-01,-2.090044692158699036e-02,-1.556189823895692825e-02,2.153638750314712524e-02,7.467992603778839111e-03,-1.283752731978893280e-02,3.884011879563331604e-02,-1.377292792312800884e-03,-3.161598369479179382e-02,-1.284614354372024536e-01,3.183363378047943115e-02,1.000360213220119476e-02,-6.629209220409393311e-02,-4.230793938040733337e-02,4.893680568784475327e-03,3.463812870904803276e-03,5.246360320597887039e-03,1.974494196474552155e-02,-2.225573733448982239e-02,-2.344770543277263641e-02,5.501062795519828796e-02,1.330208778381347656e-01,-1.247098445892333984e-01,2.406529849395155907e-03,-7.693102955818176270e-02,1.425487454980611801e-02,-2.451118826866149902e-02,1.179696768522262573e-01,-2.383210137486457825e-02,-8.804365992546081543e-02,-5.355525296181440353e-03,1.283600181341171265e-01,-2.866611443459987640e-02,-1.111962646245956421e-01,1.156466826796531677e-01,2.429685322567820549e-03,-1.024741232395172119e-01,7.496731355786323547e-03,-9.188964217901229858e-02,-1.233498379588127136e-01,6.584639102220535278e-02,9.658419527113437653e-03,6.240887194871902466e-02,1.394313108175992966e-02,-3.010786697268486023e-02,-2.678835764527320862e-02,-9.881159663200378418e-02,3.482321649789810181e-02,-9.825989603996276855e-02,-1.540546864271163940e-02,7.953575253486633301e-02,-3.939343441743403673e-04,-8.853848278522491455e-02,3.235814347863197327e-02,-9.230763651430606842e-03,2.504296228289604187e-02,-1.243666037917137146e-01,-1.531354617327451706e-02,1.404125839471817017e-01,7.453194702975451946e-04,-7.653535157442092896e-02,-1.129100173711776733e-01,-3.537441417574882507e-02,-1.761379465460777283e-02,9.032817929983139038e-02,-1.594097167253494263e-02,-1.005241796374320984e-01,-8.408755529671907425e-04,1.477422416210174561e-01,-1.312236040830612183e-01,8.152640610933303833e-02,2.218583226203918457e-02,-1.212714612483978271e-01,2.976144477725028992e-02,5.881340429186820984e-02,9.929440170526504517e-02,1.205974817276000977e-01,-4.135424643754959106e-02,-1.093227267265319824e-01,-3.703124448657035828e-02,-3.072999184951186180e-03,4.527623206377029419e-02
-1.102575659751892090e-01,-1.305751204490661621e-01,7.727956771850585938e-01,-4.156715273857116699e-01,-3.738382756710052490e-01,-4.071144759654998779e-02,-1.715566217899322510e-01,-3.318727612495422363e-01,-4.716107621788978577e-02,-1.568882465362548828e-01,-7.249270379543304443e-02,2.600499093532562256e-01,-6.458318233489990234e-01,-3.016857206821441650e-01,-6.762527227401733398e-01,-6.402191519737243652e-01,-1.374263199977576733e-03,-4.852730631828308105e-01,2.090934067964553833e-01,4.060711860656738281e-01,1.849720925092697144e-01,-7.566082477569580078e-01,-5.587591528892517090e-01,6.152697652578353882e-02,-7.754825055599212646e-02,-7.574533820152282715e-01,7.400970458984375000e-01,2.357646077871322632e-01,-6.267784237861633301e-01,1.789157539606094360e-01,-8.434048295021057129e-02,7.073268890380859375e-01,-5.092033743858337402e-01,-4.016091823577880859e-01,2.244159579277038574e-03,7.310566306114196777e-01,-5.088265240192413330e-02,-1.800676733255386353e-01,5.522927641868591309e-01,6.043732762336730957e-01,-6.775010824203491211e-01,1.180685311555862427e-02,-6.901992559432983398e-01,-8.837664127349853516e-02,2.891377359628677368e-02,6.303904056549072266e-01,7.548564076423645020e-01,1.419851034879684448e-01,7.230126112699508667e-02,-3.310576826333999634e-02,-6.335141509771347046e-02,9.531219303607940674e-02,-1.999440193176269531e-01,8.110759407281875610e-02,1.742046028375625610e-01,7.328758239746093750e-01,-2.269907444715499878e-01,-6.757380813360214233e-02,3.322845399379730225e-01,2.729978859424591064e-01,-1.002044300548732281e-03,-6.546165049076080322e-02,-3.664024919271469116e-02,-2.000911384820938110e-01,1.077355667948722839e-01,1.364418119192123413e-01,-2.918735742568969727e-01,-7.215563058853149414e-01,7.043987512588500977e-01,1.487880595959722996e-03,5.175617337226867676e-01,1.693310402333736420e-02,1.280990689992904663e-01,-7.144626975059509277e-01,1.301453709602355957e-01,5.186532735824584961e-01,3.043258562684059143e-02,-7.860109806060791016e-01,2.314074337482452393e-01,6.743338108062744141e-01,-7.239719629287719727e-01,-1.676390320062637329e-02,5.692853927612304688e-01,-3.776490315794944763e-02,5.715057849884033203e-01,6.350628733634948730e-01,-4.258141517639160156e-01,-5.443272367119789124e-02,-3.318728804588317871e-01,-1.136938333511352539e-01,1.832310110330581665e-01,1.719022691249847412e-01,5.814217925071716309e-01,-1.948213726282119751e-01,6.046361327171325684e-01,1.222440898418426514e-01,-4.854821264743804932e-01,2.598762279376387596e-03,5.523515343666076660e-01,-2.564833760261535645e-01,1.046430915594100952e-01,-1.943040192127227783e-01,7.226181626319885254e-01,9.527546167373657227e-02,-7.760294079780578613e-01,-1.556155532598495483e-01,5.126556158065795898e-01,6.559556722640991211e-01,2.195848971605300903e-01,1.050850823521614075e-01,-5.622763037681579590e-01,2.169071137905120850e-01,6.084918975830078125e-01,-1.206347942352294922e-01,-7.818717956542968750e-01,7.155136466026306152e-01,-5.070659518241882324e-01,-1.962430626153945923e-01,7.434909343719482422e-01,-1.854374408721923828e-01,-4.077027142047882080e-01,-6.392031908035278320e-01,-7.016665339469909668e-01,2.348262220621109009e-01,6.821925044059753418e-01,3.176024556159973145e-01,-6.164107937365770340e-03,-3.099991977214813232e-01
8.542943000793457031e-02,6.108909100294113159e-02,-4.156715273857116699e-01,3.924246430397033691e-01,1.597892493009567261e-01,9.088871628046035767e-02,4.905052483081817627e-02,2.207300066947937012e-01,1.049591973423957825e-02,7.962638884782791138e-02,-4.549412801861763000e-02,-1.482920050621032715e-01,2.900068759918212891e-01,2.378126680850982666e-01,3.619516193866729736e-01,2.950576543807983398e-01,5.395195446908473969e-03,3.194599151611328125e-01,-1.289112269878387451e-01,-1.512421369552612305e-01,-2.686220407485961914e-01,4.576989114284515381e-01,2.884114980697631836e-01,-1.186906918883323669e-01,6.011048704385757446e-02,3.898948729038238525e-01,-3.663289546966552734e-01,-3.586153313517570496e-02,2.494054138660430908e-01,-1.689797826111316681e-02,1.834382861852645874e-02,-4.579385519027709961e-01,3.580724000930786133e-01,1.443928480148315430e-01,7.495084777474403381e-03,-4.056087732315063477e-01,5.046526342630386353e-02,8.512969315052032471e-02,-1.945506185293197632e-01,-4.813794195652008057e-01,4.041514098644256592e-01,2.110399678349494934e-02,3.488994836807250977e-01,4.201152548193931580e-02,-2.782702818512916565e-02,-2.338522523641586304e-01,-3.733167946338653564e-01,-1.376394480466842651e-01,-4.975175857543945312e-02,7.839325815439224243e-02,3.409719094634056091e-02,-3.598257526755332947e-02,1.964569985866546631e-01,-1.720799952745437622e-01,2.002798020839691162e-02,-3.988912701606750488e-01,1.262143105268478394e-01,2.789806574583053589e-02,-1.039616689085960388e-01,-1.797980219125747681e-01,-6.884980201721191406e-02,7.369466871023178101e-02,2.645396441221237183e-02,1.294319629669189453e-01,-7.086007297039031982e-02,-7.299014925956726074e-02,1.337516307830810547e-01,4.266427159309387207e-01,-3.660182952880859375e-01,-5.946954339742660522e-02,-2.906588017940521240e-01,1.499183475971221924e-01,-1.118121966719627380e-01,3.910411298274993896e-01,-8.429243415594100952e-02,-3.102055788040161133e-01,-6.155031733214855194e-03,4.152922034263610840e-01,-3.161188066005706787e-01,-4.012676477432250977e-01,5.290541052818298340e-01,9.119525551795959473e-03,-2.374130487442016602e-01,2.471408806741237640e-02,-3.928080499172210693e-01,-2.182455211877822876e-01,8.718201518058776855e-02,2.537772431969642639e-02,8.095037192106246948e-02,5.838493630290031433e-02,-6.272131204605102539e-02,-1.691098064184188843e-01,-4.258536994457244873e-01,1.796363443136215210e-01,-3.624134659767150879e-01,-1.049838289618492126e-01,2.265648543834686279e-01,-1.419594394974410534e-03,-2.254778146743774414e-01,1.951939463615417480e-01,-3.128739818930625916e-02,3.038634918630123138e-02,-4.487058818340301514e-01,-4.469385370612144470e-02,4.717114567756652832e-01,2.189087122678756714e-01,-4.142143428325653076e-01,-3.731900155544281006e-01,-3.629141673445701599e-02,-5.295471101999282837e-02,4.815273582935333252e-01,-1.818657517433166504e-01,-3.810027539730072021e-01,6.798480451107025146e-02,4.331621229648590088e-01,-3.588588237762451172e-01,2.170646637678146362e-01,8.726856857538223267e-02,-4.697414636611938477e-01,1.338858306407928467e-01,1.455789953470230103e-01,3.332043886184692383e-01,3.963078260421752930e-01,-9.891603887081146240e-02,-3.541625142097473145e-01,-1.751958727836608887e-01,-2.320008585229516029e-03,2.135149836540222168e-01
1.887505799531936646e-01,7.129876315593719482e-02,-3.738382756710052490e-01,1.597892493009567261e-01,2.870846390724182129e-01,-3.528560698032379150e-02,7.163102179765701294e-02,2.543951272964477539e-01,3.970243781805038452e-02,6.942293047904968262e-02,1.839474402368068695e-02,-1.128445193171501160e-01,3.235771059989929199e-01,2.354400604963302612e-01,3.967653810977935791e-01,3.393032550811767578e-01,-1.321079675108194351e-02,2.391068935394287109e-01,-4.610167443752288818e-02,-1.792426109313964844e-01,-1.170241683721542358e-01,3.657328188419342041e-01,1.979096233844757080e-01,7.582215964794158936e-02,2.396787144243717194e-02,3.616146445274353027e-01,-3.885869979858398438e-01,-2.419794201850891113e-01,2.890808284282684326e-01,-1.626726984977722168e-01,2.324679121375083923e-02,-2.974552214145660400e-01,2.045748829841613770e-01,1.594169288873672485e-01,-2.339410362765192986e-03,-3.542289733886718750e-01,1.088749803602695465e-02,8.030901849269866943e-02,-3.209075033664703369e-01,-3.626869916915893555e-01,3.483996987342834473e-01,2.481928095221519470e-02,3.597976565361022949e-01,4.537197574973106384e-02,4.145206138491630554e-02,-3.146671056747436523e-01,-4.098857939243316650e-01,-8.726413547992706299e-02,-4.393523931503295898e-02,9.887019544839859009e-02,1.377340499311685562e-02,-9.149530529975891113e-02,1.008368134498596191e-01,1.871842308901250362e-03,-1.193640306591987610e-01,-3.826644718647003174e-01,9.961938858032226562e-02,3.139953687787055969e-02,-2.291890084743499756e-01,-1.160790473222732544e-01,5.943068861961364746e-02,-9.668833576142787933e-03,1.811112277209758759e-02,7.374919205904006958e-02,-7.243046909570693970e-02,-4.497203975915908813e-02,1.661306321620941162e-01,4.197371006011962891e-01,-3.282153308391571045e-01,7.946682721376419067e-02,-2.419429272413253784e-01,-6.942928582429885864e-02,-2.419544942677021027e-02,3.318006396293640137e-01,-7.806330919265747070e-02,-3.277558684349060059e-01,-1.908843405544757843e-02,3.739653825759887695e-01,-1.171116158366203308e-01,-2.908078432083129883e-01,2.986005544662475586e-01,6.777857430279254913e-03,-3.768707215785980225e-01,1.776318065822124481e-02,-3.001611828804016113e-01,-3.993942737579345703e-01,3.013548851013183594e-01,2.538840100169181824e-02,1.734754890203475952e-01,3.279691189527511597e-02,-1.147314757108688354e-01,-6.727477163076400757e-02,-2.038573622703552246e-01,3.356013819575309753e-02,-2.397769242525100708e-01,-4.988996312022209167e-02,3.637310564517974854e-01,-1.149305258877575397e-03,-2.682518064975738525e-01,1.107476577162742615e-01,-3.612073510885238647e-02,1.025807633996009827e-01,-3.163760900497436523e-01,-4.455494135618209839e-02,3.276981413364410400e-01,5.884141847491264343e-02,-1.391366273164749146e-01,-2.989124059677124023e-01,-1.974514871835708618e-01,-3.817698732018470764e-02,2.209697216749191284e-01,-6.657306104898452759e-03,-2.480487823486328125e-01,-1.340585649013519287e-01,4.610126316547393799e-01,-3.841459155082702637e-01,3.276428580284118652e-01,7.062780787236988544e-04,-4.201265871524810791e-01,6.663975864648818970e-02,1.499608010053634644e-01,3.091756701469421387e-01,3.449495732784271240e-01,-1.147927641868591309e-01,-2.664572894573211670e-01,-1.221281290054321289e-01,-2.310349978506565094e-02,1.412912756204605103e-01
-1.471371762454509735e-02,-8.748014457523822784e-03,-4.071144759654998779e-02,9.088871628046035767e-02,-3.528560698032379150e-02,1.783533841371536255e-01,6.086024921387434006e-03,5.716680362820625305e-02,-9.037910401821136475e-02,-1.448664348572492599e-02,-1.255378942005336285e-03,-7.275777403265237808e-03,-5.863924324512481689e-02,4.024108126759529114e-02,-1.487437915056943893e-02,-3.726341947913169861e-02,-1.694265403784811497e-03,-1.935670152306556702e-02,-1.429260801523923874e-02,-2.032261155545711517e-02,6.817495077848434448e-02,2.256623096764087677e-02,6.932027637958526611e-02,-3.634396195411682129e-02,-3.051372477784752846e-03,-8.303365856409072876e-02,1.725091785192489624e-02,4.577232897281646729e-02,7.660031318664550781e-02,-5.442849546670913696e-02,2.814565226435661316e-02,1.610005088150501251e-02,-1.408539712429046631e-02,5.205102264881134033e-02,-9.040320292115211487e-03,9.328045882284641266e-03,7.971300743520259857e-03,-6.895957048982381821e-03,1.625355705618858337e-02,-6.538323312997817993e-02,-5.660973489284515381e-02,-5.271147470921278000e-03,3.385310992598533630e-02,5.128451623022556305e-03,7.305419445037841797e-02,2.038405649363994598e-02,1.357469521462917328e-02,-2.177733369171619415e-02,-3.302162513136863708e-02,-3.909356147050857544e-02,8.658409118652343750e-02,-7.123932987451553345e-02,5.308963358402252197e-03,-1.004152819514274597e-01,5.421961192041635513e-03,-1.868002489209175110e-02,1.847533881664276123e-02,1.540276221930980682e-03,5.264870822429656982e-02,-7.664936129003763199e-03,3.155453596264123917e-03,2.607813337817788124e-03,1.913983025588095188e-03,-5.953532084822654724e-02,-2.126671606674790382e-03,1.552372612059116364e-02,-7.976591587066650391e-03,-4.361544735729694366e-03,2.817213162779808044e-02,-5.017671734094619751e-03,-1.716709695756435394e-02,-9.448981285095214844e-02,1.825190149247646332e-02,-1.433549169450998306e-02,2.744420431554317474e-02,-3.041736083105206490e-03,6.623144261538982391e-03,1.144254393875598907e-02,-3.669040650129318237e-02,-1.265537738800048828e-02,5.011876672506332397e-02,6.652954616583883762e-04,5.096814711578190327e-04,-6.380367558449506760e-03,2.898474689573049545e-03,1.003465652465820312e-01,7.282290025614202023e-04,-1.415811013430356979e-03,-1.084345951676368713e-01,6.880703382194042206e-03,1.199783198535442352e-02,-9.170327335596084595e-03,-1.852232031524181366e-02,1.791958510875701904e-02,1.348356343805789948e-02,-5.652821809053421021e-02,1.723812147974967957e-02,-8.208710823964793235e-06,-4.063345026224851608e-03,-8.923996239900588989e-03,-3.098234534263610840e-02,-5.181393399834632874e-02,1.328015513718128204e-02,3.131603589281439781e-03,-6.762458942830562592e-03,1.457319259643554688e-01,-2.912653796374797821e-02,-7.528097368776798248e-03,9.423710405826568604e-02,6.645110901445150375e-03,1.250829454511404037e-02,-8.490733057260513306e-02,-2.129016071557998657e-02,7.208355516195297241e-02,2.183210104703903198e-02,5.142899975180625916e-02,4.316485952585935593e-03,3.884284570813179016e-02,-1.530988793820142746e-02,1.033108681440353394e-03,1.503380388021469116e-02,-1.631990633904933929e-02,-1.484935823827981949e-02,4.160476475954055786e-02,-4.520442709326744080e-02,9.660515002906322479e-03,6.942526903003454208e-03,6.349883973598480225e-02
3.844293579459190369e-02,1.641614176332950592e-02,-1.715566217899322510e-01,4.905052483081817627e-02,7.163102179765701294e-02,6.086024921387434006e-03,1.031042635440826416e-01,4.036080092191696167e-02,1.193898078054189682e-02,4.210081696510314941e-02,1.239994447678327560e-02,-4.590244218707084656e-02,1.003558859229087830e-01,5.398524552583694458e-02,1.359594762325286865e-01,1.109249293804168701e-01,6.929622963070869446e-03,3.342737630009651184e-02,-4.185852408409118652e-02,-1.006338521838188171e-01,-2.350199781358242035e-02,1.399524062871932983e-01,9.821211546659469604e-02,-2.950825914740562439e-02,6.440040189772844315e-03,1.570809334516525269e-01,-1.362171620130538940e-01,-3.356170654296875000e-02,1.451159119606018066e-01,-1.036173999309539795e-01,7.130529731512069702e-03,-1.349099725484848022e-01,9.950388222932815552e-02,7.866232842206954956e-02,-3.766878740862011909e-03,-1.276427358388900757e-01,-1.098515931516885757e-04,3.540004417300224304e-02,-1.693259626626968384e-01,-1.137774288654327393e-01,1.524718850851058960e-01,1.352824084460735321e-02,9.077788889408111572e-02,1.892300322651863098e-02,-1.572805456817150116e-02,-1.959109008312225342e-01,-1.872765421867370605e-01,-2.551784552633762360e-02,2.201626822352409363e-02,-7.925795391201972961e-03,-2.348616486415266991e-03,-1.587302540428936481e-04,3.089281264692544937e-03,1.014437992125749588e-02,-3.814497962594032288e-02,-1.341935396194458008e-01,3.535502403974533081e-02,1.358209177851676941e-02,-8.047646284103393555e-02,-4.599806293845176697e-02,-1.484878361225128174e-02,2.991608344018459320e-02,8.097788318991661072e-03,1.274573653936386108e-01,1.208239234983921051e-02,-2.244791202247142792e-02,4.188941419124603271e-02,1.325342506170272827e-01,-1.196614503860473633e-01,2.673355303704738617e-02,-1.184302717447280884e-01,-4.838362336158752441e-02,1.078929938375949860e-02,1.547184139490127563e-01,-2.902023680508136749e-02,-1.388631761074066162e-01,-8.604886941611766815e-03,2.059904485940933228e-01,-4.835664853453636169e-02,-1.195224225521087646e-01,1.616770029067993164e-01,3.263469319790601730e-03,-1.098340153694152832e-01,3.302574623376131058e-03,-1.295220553874969482e-01,-1.353228390216827393e-01,1.507587134838104248e-01,6.975866854190826416e-03,8.926986902952194214e-02,3.075225092470645905e-02,-5.973194539546966553e-02,-2.341645210981369019e-02,-8.468427509069442749e-02,-3.854683891404420137e-04,-1.145067587494850159e-01,-1.604839041829109192e-02,1.230574399232864380e-01,-5.838637007400393486e-04,-1.059377342462539673e-01,8.072759956121444702e-02,-3.410437330603599548e-02,1.057140603661537170e-01,-1.396565735340118408e-01,-2.012818492949008942e-02,1.874429434537887573e-01,6.965179741382598877e-02,-1.216092929244041443e-01,-1.006422191858291626e-01,-1.255316734313964844e-01,-1.941379345953464508e-02,6.767982989549636841e-02,-7.542690634727478027e-02,-6.971716135740280151e-02,5.672146752476692200e-02,1.484196335077285767e-01,-1.589675247669219971e-01,1.042343601584434509e-01,4.527318850159645081e-02,-1.957997083663940430e-01,2.804027497768402100e-02,1.264379173517227173e-01,1.560982465744018555e-01,1.358909904956817627e-01,-5.592858791351318359e-02,-1.161664724349975586e-01,-1.055662035942077637e-01,1.017895340919494629e-02,6.511589884757995605e-02
3.083192110061645508e-01,5.382955074310302734e-02,-3.318727612495422363e-01,2.207300066947937012e-01,2.543951272964477539e-01,5.716680362820625305e-02,4.036080092191696167e-02,4.178960323333740234e-01,-4.681774415075778961e-03,4.495470598340034485e-02,1.811064593493938446e-02,-1.177747547626495361e-01,2.669115662574768066e-01,3.973723053932189941e-01,3.991828858852386475e-01,2.974981963634490967e-01,-1.484419312328100204e-02,1.905622184276580811e-01,2.222149632871150970e-03,-1.359646618366241455e-01,-7.418337464332580566e-02,3.446905314922332764e-01,2.316251695156097412e-01,-3.485945984721183777e-03,1.458624098449945450e-02,2.188220322132110596e-01,-3.128298521041870117e-01,-2.204093039035797119e-01,3.090045154094696045e-01,-1.866277307271957397e-01,-8.174009621143341064e-03,-2.318458110094070435e-01,1.282050609588623047e-01,2.098248302936553955e-01,-2.149193361401557922e-02,-3.427461087703704834e-01,8.567147888243198395e-03,6.685631722211837769e-02,-3.312689363956451416e-01,-4.553688168525695801e-01,2.580837905406951904e-01,3.482963144779205322e-02,3.158219456672668457e-01,4.700274392962455750e-02,2.034731358289718628e-01,-3.121232390403747559e-01,-3.807069957256317139e-01,-1.063997000455856323e-01,-7.255128771066665649e-02,3.137005493044853210e-02,6.840895861387252808e-02,-1.647084504365921021e-01,1.047460064291954041e-01,-1.237664446234703064e-01,-1.263773292303085327e-01,-3.779166042804718018e-01,1.401703059673309326e-01,3.591580316424369812e-02,-1.073001548647880554e-01,-1.141731664538383484e-01,7.525847852230072021e-02,-1.504062674939632416e-02,1.961825788021087646e-02,-5.951909720897674561e-02,-9.237030893564224243e-02,-1.644327305257320404e-02,1.160265207290649414e-01,3.722773492336273193e-01,-2.982427179813385010e-01,3.494317829608917236e-02,-2.480109035968780518e-01,-2.082300782203674316e-01,-2.116191387176513672e-02,3.156350255012512207e-01,-4.277200251817703247e-02,-2.440215498208999634e-01,-1.279016304761171341e-02,3.378444314002990723e-01,-1.821567118167877197e-01,-2.803324162960052490e-01,2.824097573757171631e-01,7.319294847548007965e-03,-3.655947744846343994e-01,1.321027334779500961e-02,-2.717165648937225342e-01,-3.034945428371429443e-01,2.538304924964904785e-01,2.240763045847415924e-02,5.502489209175109863e-02,3.743817284703254700e-02,-8.241661638021469116e-02,-5.810390785336494446e-02,-1.465832740068435669e-01,-1.238732598721981049e-02,-1.805729568004608154e-01,-9.629195928573608398e-02,3.744437992572784424e-01,-1.052850042469799519e-03,-2.605840861797332764e-01,1.116100177168846130e-01,-6.147039681673049927e-02,5.201940983533859253e-02,-2.775255739688873291e-01,-3.972363471984863281e-02,2.233794480562210083e-01,1.550789326429367065e-01,-4.704757407307624817e-02,-2.803449928760528564e-01,-1.034781560301780701e-01,-1.691273972392082214e-02,2.655028402805328369e-01,-5.266032181680202484e-03,-2.538380324840545654e-01,-1.588322967290878296e-01,4.437093138694763184e-01,-3.004260659217834473e-01,3.590059578418731689e-01,-1.058550551533699036e-02,-4.452481567859649658e-01,5.048562586307525635e-02,6.541655212640762329e-02,2.734118402004241943e-01,2.835629880428314209e-01,-8.517553098499774933e-03,-2.606179416179656982e-01,-1.127574890851974487e-01,-2.658693678677082062e-02,1.545689553022384644e-01
5.586725473403930664e-02,1.230227109044790268e-02,-4.716107621788978577e-02,1.049591973423957825e-02,3.970243781805038452e-02,-9.037910401821136475e-02,1.193898078054189682e-02,-4.681774415075778961e-03,7.433797419071197510e-02,2.657554298639297485e-02,-1.409508660435676575e-02,-2.227244339883327484e-02,8.082445710897445679e-02,5.858941003680229187e-02,8.026573061943054199e-02,6.555677205324172974e-02,6.008138880133628845e-03,5.222837999463081360e-02,-2.257020212709903717e-03,-1.076868269592523575e-02,-1.280070692300796509e-01,5.653803050518035889e-02,1.545135211199522018e-02,-1.757498271763324738e-02,1.182644441723823547e-02,1.088709905743598938e-01,-5.804521217942237854e-02,-2.693488821387290955e-02,-2.430209890007972717e-02,2.510905824601650238e-02,-3.033224865794181824e-02,-1.029951572418212891e-01,8.474893122911453247e-02,1.845411898102611303e-04,5.444413982331752777e-03,-7.360882312059402466e-02,2.931052353233098984e-03,1.552958320826292038e-02,-4.324742406606674194e-02,-6.376938521862030029e-02,1.066634505987167358e-01,1.682181842625141144e-02,1.472110301256179810e-02,3.805125132203102112e-03,-5.586734414100646973e-02,-7.560868561267852783e-02,-7.103329151868820190e-02,-1.805074885487556458e-02,1.784095540642738342e-02,3.400122746825218201e-02,-6.298189610242843628e-02,3.898612409830093384e-02,3.033369220793247223e-02,2.241853438317775726e-02,1.637753657996654510e-02,-4.971914365887641907e-02,1.065493561327457428e-02,3.589441766962409019e-03,-3.946100175380706787e-02,-3.044878132641315460e-02,-2.150609530508518219e-02,2.358114160597324371e-02,5.311460234224796295e-03,9.349524229764938354e-02,-1.219644118100404739e-02,-2.015904895961284637e-02,1.852508634328842163e-02,8.005766570568084717e-02,-7.774253189563751221e-02,-5.042969714850187302e-03,-4.271205887198448181e-02,8.319140225648880005e-02,-3.267937898635864258e-02,8.207684755325317383e-02,-3.664677590131759644e-02,-5.499035865068435669e-02,-4.758733324706554413e-03,7.690649479627609253e-02,-5.513436719775199890e-02,-5.594221502542495728e-02,7.536418735980987549e-02,1.515160663984715939e-03,-2.710723131895065308e-02,6.763101555407047272e-03,-7.622856646776199341e-02,-8.279620856046676636e-02,1.544338371604681015e-02,3.525010542944073677e-03,7.691483944654464722e-02,7.869897410273551941e-03,-1.517834607511758804e-02,-3.226542100310325623e-02,-6.237649172544479370e-02,2.789700962603092194e-02,-6.898733228445053101e-02,1.005372218787670135e-02,3.332976624369621277e-02,-2.775126195047050714e-04,-3.975984454154968262e-02,5.176428705453872681e-02,1.134551223367452621e-02,4.679551720619201660e-02,-9.057843685150146484e-02,-8.661064319312572479e-03,7.378516346216201782e-02,-2.478760294616222382e-02,-7.036475837230682373e-02,-4.560212418437004089e-02,-7.929524779319763184e-02,-1.283298060297966003e-02,1.111169084906578064e-01,4.483258817344903946e-04,-5.292793735861778259e-02,-3.352393209934234619e-02,4.130459949374198914e-02,-8.563300222158432007e-02,3.849546983838081360e-02,-1.228649634867906570e-02,-9.789965301752090454e-02,2.565879747271537781e-02,4.360816907137632370e-03,7.923850417137145996e-02,8.228044211864471436e-02,-5.027092248201370239e-02,-3.232602402567863464e-02,-6.658133864402770996e-02,-1.502305734902620316e-03,-4.281960893422365189e-03
2.349259331822395325e-02,2.403653599321842194e-02,-1.568882465362548828e-01,7.962638884782791138e-02,6.942293047904968262e-02,-1.448664348572492599e-02,4.210081696510314941e-02,4.495470598340034485e-02,2.657554298639297485e-02,3.677088394761085510e-02,3.621820127591490746e-03,-5.077874287962913513e-02,1.307389736175537109e-01,5.842070654034614563e-02,1.385012865066528320e-01,1.236104220151901245e-01,3.464558860287070274e-03,9.397577494382858276e-02,-4.362366348505020142e-02,-7.331739366054534912e-02,-7.263190299272537231e-02,1.574937850236892700e-01,9.814380854368209839e-02,-2.452689595520496368e-02,1.731104217469692230e-02,1.782503724098205566e-01,-1.497624218463897705e-01,-3.354544192552566528e-02,1.044608354568481445e-01,-2.453595772385597229e-02,6.203198339790105820e-03,-1.640950441360473633e-01,1.195292919874191284e-01,6.213856860995292664e-02,2.179113216698169708e-03,-1.512922793626785278e-01,1.030865404754877090e-02,3.547595441341400146e-02,-1.077321916818618774e-01,-1.277747154235839844e-01,1.581296175718307495e-01,4.668624140322208405e-03,1.205759495496749878e-01,1.597820781171321869e-02,-3.072102926671504974e-02,-1.351760178804397583e-01,-1.606802642345428467e-01,-3.050920180976390839e-02,-1.287315157242119312e-03,1.574017852544784546e-02,-9.525640867650508881e-03,3.217777702957391739e-03,4.314823076128959656e-02,-9.194876998662948608e-03,-1.843905635178089142e-02,-1.440342664718627930e-01,3.895522281527519226e-02,1.192253176122903824e-02,-6.598567217588424683e-02,-5.616465210914611816e-02,-1.696772128343582153e-02,2.407837286591529846e-02,8.051151409745216370e-03,7.878074795007705688e-02,-1.560443360358476639e-02,-3.032495826482772827e-02,5.288928747177124023e-02,1.509632170200347900e-01,-1.436383426189422607e-01,-4.001866560429334641e-03,-1.043781787157058716e-01,3.089491091668605804e-02,-2.922020293772220612e-02,1.536819934844970703e-01,-3.391131013631820679e-02,-1.120955795049667358e-01,-6.253460887819528580e-03,1.745233982801437378e-01,-6.385271996259689331e-02,-1.378448009490966797e-01,1.694024056196212769e-01,3.289342392235994339e-03,-9.680356830358505249e-02,8.357130922377109528e-03,-1.275644004344940186e-01,-1.295068114995956421e-01,7.399279624223709106e-02,9.760037064552307129e-03,7.960005849599838257e-02,2.327118813991546631e-02,-3.760433197021484375e-02,-4.228156432509422302e-02,-1.271290779113769531e-01,4.288743063807487488e-02,-1.294128745794296265e-01,-1.675910130143165588e-02,8.800429105758666992e-02,-5.399332148954272270e-04,-9.955490380525588989e-02,6.644996255636215210e-02,-1.455521769821643829e-02,5.296627432107925415e-02,-1.621380150318145752e-01,-1.878720894455909729e-02,1.840033084154129028e-01,2.962914295494556427e-02,-1.312013119459152222e-01,-1.268460154533386230e-01,-6.387836486101150513e-02,-2.247881889343261719e-02,1.341336369514465332e-01,-4.956243187189102173e-02,-1.161946877837181091e-01,2.761637419462203979e-02,1.554924249649047852e-01,-1.569684892892837524e-01,8.761665970087051392e-02,3.545673564076423645e-02,-1.707768142223358154e-01,4.134751856327056885e-02,7.923438400030136108e-02,1.354545354843139648e-01,1.493448317050933838e-01,-5.666676908731460571e-02,-1.291831582784652710e-01,-7.919695973396301270e-02,2.595726866275072098e-03,5.591500550508499146e-02
-4.301740974187850952e-02,1.161924935877323151e-02,-7.249270379543304443e-02,-4.549412801861763000e-02,1.839474402368068695e-02,-1.255378942005336285e-03,1.239994447678327560e-02,1.811064593493938446e-02,-1.409508660435676575e-02,3.621820127591490746e-03,7.121328264474868774e-02,-1.716283895075321198e-02,8.704379945993423462e-02,-2.657507918775081635e-02,4.291903972625732422e-02,6.883230060338973999e-02,-3.614271292462944984e-03,3.310202620923519135e-03,-1.206021662801504135e-02,-5.972293764352798462e-02,1.365745663642883301e-01,5.979989841580390930e-02,7.100754976272583008e-02,1.831367798149585724e-02,-3.508625552058219910e-03,8.866482228040695190e-02,-9.016782045364379883e-02,-3.790290281176567078e-02,1.312330067157745361e-01,-2.786845900118350983e-02,3.123335540294647217e-02,-2.240087836980819702e-02,-3.698880225419998169e-02,9.155843406915664673e-02,-8.511823602020740509e-03,-7.565726339817047119e-02,-5.564184393733739853e-03,1.938329637050628662e-02,-7.920420169830322266e-02,4.095784202218055725e-02,6.905926857143640518e-03,-3.366921842098236084e-02,9.310095012187957764e-02,8.671823889017105103e-03,3.987511619925498962e-02,-9.960293024778366089e-02,-8.373317867517471313e-02,3.531486541032791138e-02,-1.573796011507511139e-02,-7.341542840003967285e-02,3.426626324653625488e-02,-3.117777034640312195e-02,-3.547209873795509338e-02,3.473150730133056641e-02,-8.502749353647232056e-02,-7.359250634908676147e-02,2.648298256099224091e-02,1.128652971237897873e-02,-2.252770029008388519e-02,1.612095511518418789e-04,4.150162637233734131e-02,-2.131053246557712555e-02,-3.120922017842531204e-03,-7.097405940294265747e-02,-5.570207722485065460e-03,-9.514977224171161652e-03,2.575903758406639099e-02,2.292125672101974487e-02,-8.041332662105560303e-02,-4.132834263145923615e-03,-2.267991937696933746e-02,-1.128318756818771362e-01,2.468114020302891731e-03,6.395196914672851562e-02,1.843296922743320465e-02,3.851060941815376282e-02,-5.202498286962509155e-03,8.253913372755050659e-02,1.085995659232139587e-01,-4.984527081251144409e-02,4.226932560413843021e-06,1.331925857812166214e-03,-6.341801583766937256e-02,3.273907932452857494e-04,3.852416947484016418e-02,-1.014163345098495483e-01,6.109053269028663635e-02,7.277648895978927612e-03,4.860161617398262024e-02,1.299011893570423126e-02,-1.502779591828584671e-02,3.940213471651077271e-02,9.431500919163227081e-03,-2.482526004314422607e-02,-1.989362388849258423e-02,5.095954984426498413e-03,1.412566937506198883e-02,-1.140528183896094561e-04,-7.834586501121520996e-02,-3.390549868345260620e-02,-2.859265916049480438e-02,2.228226140141487122e-02,-4.146729782223701477e-02,-9.741200134158134460e-03,6.657824665307998657e-02,-7.377378642559051514e-02,4.738370701670646667e-02,-5.782244727015495300e-02,1.288070995360612869e-02,-7.647669874131679535e-03,-3.547887131571769714e-02,1.995648816227912903e-02,-3.603371605277061462e-02,4.620160534977912903e-02,8.275558799505233765e-02,-6.382898986339569092e-02,4.749496653676033020e-02,4.928003624081611633e-02,-1.808754727244377136e-02,-7.173770107328891754e-03,5.988975614309310913e-02,3.001016750931739807e-02,3.561324998736381531e-02,1.820699195377528667e-03,-9.413940459489822388e-02,2.603190485388040543e-03,6.405204534530639648e-03,-3.705723443999886513e-03
-4.509370774030685425e-02,-4.021174460649490356e-02,2.600499093532562256e-01,-1.482920050621032715e-01,-1.128445193171501160e-01,-7.275777403265237808e-03,-4.590244218707084656e-02,-1.177747547626495361e-01,-2.227244339883327484e-02,-5.077874287962913513e-02,-1.716283895075321198e-02,8.811265975236892700e-02,-2.188870608806610107e-01,-1.183642670512199402e-01,-2.335453480482101440e-01,-2.073835134506225586e-01,-2.446549944579601288e-03,-1.603827774524688721e-01,6.541220098733901978e-02,1.170520037412643433e-01,7.995395362377166748e-02,-2.689883708953857422e-01,-1.815176159143447876e-01,4.454841837286949158e-02,-2.763144485652446747e-02,-2.730359137058258057e-01,2.500697076320648193e-01,6.092469021677970886e-02,-1.986069679260253906e-01,3.700067102909088135e-02,-1.483773998916149139e-02,2.568235993385314941e-01,-1.709720194339752197e-01,-1.262382417917251587e-01,1.149771967902779579e-03,2.607954740524291992e-01,-1.782749965786933899e-02,-5.839373543858528137e-02,1.747406721115112305e-01,2.234722822904586792e-01,-2.336500436067581177e-01,9.209160343743860722e-04,-2.225243896245956421e-01,-2.768360078334808350e-02,2.750715008005499840e-03,2.136032134294509888e-01,2.629458904266357422e-01,4.901088401675224304e-02,2.299052476882934570e-02,-4.832906648516654968e-03,-1.047635730355978012e-02,2.498600073158740997e-02,-7.423404604196548462e-02,4.311839491128921509e-02,4.559115692973136902e-02,2.520923614501953125e-01,-7.835569977760314941e-02,-2.227425202727317810e-02,8.515360951423645020e-02,9.238441288471221924e-02,1.041766442358493805e-02,-2.800575643777847290e-02,-1.248714327812194824e-02,-5.977936089038848877e-02,3.775876015424728394e-02,4.560386389493942261e-02,-8.599666506052017212e-02,-2.452796548604965210e-01,2.423278987407684326e-01,2.011049166321754456e-02,1.705294996500015259e-01,-1.059257984161376953e-02,5.267313122749328613e-02,-2.523240447044372559e-01,4.215751588344573975e-02,1.528359651565551758e-01,8.802804164588451385e-03,-2.795386016368865967e-01,9.645788371562957764e-02,2.364688515663146973e-01,-2.704306542873382568e-01,-5.640416871756315231e-03,1.692188829183578491e-01,-1.355811674147844315e-02,1.914618909358978271e-01,2.063613533973693848e-01,-1.043899804353713989e-01,-1.748632453382015228e-02,-1.018035933375358582e-01,-3.835430741310119629e-02,5.190417915582656860e-02,6.241161003708839417e-02,2.008151561021804810e-01,-6.579793244600296021e-02,2.013552784919738770e-01,3.935030847787857056e-02,-1.436907500028610229e-01,8.510099141858518124e-04,1.742634326219558716e-01,-9.236733615398406982e-02,3.056958876550197601e-02,-5.848117172718048096e-02,2.630660235881805420e-01,3.071445599198341370e-02,-2.857583761215209961e-01,-5.358153581619262695e-02,1.825713664293289185e-01,2.216891497373580933e-01,5.711077153682708740e-02,3.337391093373298645e-02,-2.261126190423965454e-01,6.919879466295242310e-02,2.094452232122421265e-01,-4.038171470165252686e-02,-2.741677165031433105e-01,2.451731264591217041e-01,-1.555221974849700928e-01,-6.403825432062149048e-02,2.738916873931884766e-01,-6.448940932750701904e-02,-1.150592491030693054e-01,-2.077148705720901489e-01,-2.364969551563262939e-01,6.636171042919158936e-02,2.320755571126937866e-01,1.094685643911361694e-01,-1.938734087161719799e-03,-9.609681367874145508e-02
