9.999981522560119629e-01,-9.999984502792358398e-01,-9.999942779541015625e-01,9.999970197677612305e-01,9.999988079071044922e-01,-9.999986290931701660e-01,9.999946355819702148e-01,9.999989271163940430e-01,-9.999933242797851562e-01,9.999983906745910645e-01,-9.999986886978149414e-01,-9.999988079071044922e-01,9.999977946281433105e-01,9.999983310699462891e-01,9.999951720237731934e-01,9.999933242797851562e-01,9.999973773956298828e-01,-9.999976158142089844e-01,9.999918937683105469e-01,-9.999991059303283691e-01,-9.999988675117492676e-01,9.999943375587463379e-01,9.999984502792358398e-01,9.999971985816955566e-01,9.999887943267822266e-01,9.999987483024597168e-01,-9.999980926513671875e-01,-9.999986886978149414e-01,9.999913573265075684e-01,-9.999966025352478027e-01,-9.999903440475463867e-01,-9.999979734420776367e-01,9.999827742576599121e-01,9.999946355819702148e-01,-9.999979138374328613e-01,9.999622106552124023e-01,9.999989271163940430e-01,9.999984502792358398e-01,9.999836087226867676e-01,-9.999987483024597168e-01,9.999985098838806152e-01,9.999887347221374512e-01,9.999828934669494629e-01,9.999988079071044922e-01,9.999981522560119629e-01,9.999978542327880859e-01,-9.999931454658508301e-01,9.999986290931701660e-01,9.999986290931701660e-01,-9.999984502792358398e-01,-9.999986886978149414e-01,-9.999985098838806152e-01,-9.999986886978149414e-01,-9.999929666519165039e-01,-9.999984502792358398e-01,-9.999979138374328613e-01,-9.999181032180786133e-01,9.999930858612060547e-01,9.999940395355224609e-01,9.999981522560119629e-01,-9.999983310699462891e-01,9.999989271163940430e-01,9.999982118606567383e-01,9.999954104423522949e-01,-9.999935626983642578e-01,-9.999988079071044922e-01,-9.999989271163940430e-01,-9.999954700469970703e-01,-9.999988675117492676e-01,9.999982118606567383e-01,-9.999986886978149414e-01,9.999958872795104980e-01,-9.999918937683105469e-01,-9.999935030937194824e-01,-9.999850392341613770e-01,-9.999982714653015137e-01,9.999902844429016113e-01,9.999986290931701660e-01,-9.999936223030090332e-01,-9.999950528144836426e-01,9.999906420707702637e-01,9.999974370002746582e-01,-9.999986886978149414e-01,9.999980926513671875e-01,-9.999982714653015137e-01,-9.999837875366210938e-01,-9.996951222419738770e-01,9.999987483024597168e-01,9.999920725822448730e-01,9.999886155128479004e-01,-9.999933242797851562e-01,9.999982714653015137e-01,-9.999859929084777832e-01,-9.999971389770507812e-01,9.999973177909851074e-01,-9.999977350234985352e-01,-9.999863505363464355e-01,9.999989271163940430e-01,-9.999986886978149414e-01,9.999972581863403320e-01,-9.999966621398925781e-01,9.999988079071044922e-01,9.999420642852783203e-01,9.999556541442871094e-01,9.999986290931701660e-01,9.999956488609313965e-01,-9.999809861183166504e-01,-9.999983310699462891e-01,-9.999939203262329102e-01,9.999983906745910645e-01,-9.999985098838806152e-01,9.999973773956298828e-01,-9.999980926513671875e-01,-9.998878836631774902e-01,9.999989867210388184e-01,-9.999966025352478027e-01,9.999988675117492676e-01,-9.999977946281433105e-01,-9.999952316284179688e-01,-9.999963641166687012e-01,-9.999983906745910645e-01,9.999966621398925781e-01,9.999974966049194336e-01,-9.999967813491821289e-01,-9.999910593032836914e-01,-9.999945163726806641e-01,9.999671578407287598e-01,-9.999907612800598145e-01
-9.999984502792358398e-01,9.999986886978149414e-01,9.999951720237731934e-01,-9.999974966049194336e-01,-9.999990463256835938e-01,9.999988675117492676e-01,-9.999954700469970703e-01,-9.999992251396179199e-01,9.999943375587463379e-01,-9.999986886978149414e-01,9.999988675117492676e-01,9.999989867210388184e-01,-9.999981522560119629e-01,-9.999986290931701660e-01,-9.999958872795104980e-01,-9.999944567680358887e-01,-9.999977946281433105e-01,9.999979734420776367e-01,-9.999931454658508301e-01,9.999992251396179199e-01,9.999991059303283691e-01,-9.999951720237731934e-01,-9.999988079071044922e-01,-9.999976158142089844e-01,-9.999904036521911621e-01,-9.999989867210388184e-01,9.999983906745910645e-01,9.999989867210388184e-01,-9.999926686286926270e-01,9.999971389770507812e-01,9.999918341636657715e-01,9.999983906745910645e-01,-9.999854564666748047e-01,-9.999954700469970703e-01,9.999983310699462891e-01,-9.999681115150451660e-01,-9.999991655349731445e-01,-9.999987483024597168e-01,-9.999861717224121094e-01,9.999990463256835938e-01,-9.999987483024597168e-01,-9.999904632568359375e-01,-9.999855756759643555e-01,-9.999989867210388184e-01,-9.999984502792358398e-01,-9.999982118606567383e-01,9.999941587448120117e-01,-9.999988079071044922e-01,-9.999988079071044922e-01,9.999987483024597168e-01,9.999988675117492676e-01,9.999988079071044922e-01,9.999989867210388184e-01,9.999940395355224609e-01,9.999987483024597168e-01,9.999983310699462891e-01,9.999307394027709961e-01,-9.999941587448120117e-01,-9.999949932098388672e-01,-9.999984502792358398e-01,9.999985694885253906e-01,-9.999991059303283691e-01,-9.999985694885253906e-01,-9.999960660934448242e-01,9.999946355819702148e-01,9.999989271163940430e-01,9.999992251396179199e-01,9.999961853027343750e-01,9.999990463256835938e-01,-9.999985694885253906e-01,9.999989271163940430e-01,-9.999965429306030273e-01,9.999932050704956055e-01,9.999945759773254395e-01,9.999873638153076172e-01,9.999985694885253906e-01,-9.999918341636657715e-01,-9.999988079071044922e-01,9.999946355819702148e-01,9.999958872795104980e-01,-9.999921917915344238e-01,-9.999979138374328613e-01,9.999989271163940430e-01,-9.999985098838806152e-01,9.999985098838806152e-01,9.999863505363464355e-01,9.997422099113464355e-01,-9.999989867210388184e-01,-9.999933838844299316e-01,-9.999904036521911621e-01,9.999943375587463379e-01,-9.999985694885253906e-01,9.999881386756896973e-01,9.999975562095642090e-01,-9.999977350234985352e-01,9.999982118606567383e-01,9.999884963035583496e-01,-9.999990463256835938e-01,9.999988675117492676e-01,-9.999976754188537598e-01,9.999972581863403320e-01,-9.999991059303283691e-01,-9.999510049819946289e-01,-9.999625086784362793e-01,-9.999989271163940430e-01,-9.999963045120239258e-01,9.999839067459106445e-01,9.999986886978149414e-01,9.999949336051940918e-01,-9.999986290931701660e-01,9.999988079071044922e-01,-9.999978542327880859e-01,9.999983906745910645e-01,9.999052882194519043e-01,-9.999992847442626953e-01,9.999971985816955566e-01,-9.999991655349731445e-01,9.999981522560119629e-01,9.999959468841552734e-01,9.999969601631164551e-01,9.999986290931701660e-01,-9.999971985816955566e-01,-9.999979138374328613e-01,9.999973773956298828e-01,9.999924302101135254e-01,9.999953508377075195e-01,-9.999724030494689941e-01,9.999921917915344238e-01
-9.999942779541015625e-01,9.999951720237731934e-01,9.999811053276062012e-01,-9.999905824661254883e-01,-9.999961853027343750e-01,9.999958276748657227e-01,-9.999822378158569336e-01,-9.999966621398925781e-01,9.999780058860778809e-01,-9.999949336051940918e-01,9.999958872795104980e-01,9.999961256980895996e-01,-9.999929070472717285e-01,-9.999946355819702148e-01,-9.999840259552001953e-01,-9.999783039093017578e-01,-9.999914169311523438e-01,9.999922513961791992e-01,-9.999731779098510742e-01,9.999968409538269043e-01,9.999964237213134766e-01,-9.999812245368957520e-01,-9.999952316284179688e-01,-9.999908208847045898e-01,-9.999628663063049316e-01,-9.999961256980895996e-01,9.999938011169433594e-01,9.999959468841552734e-01,-9.999715685844421387e-01,9.999889731407165527e-01,9.999681115150451660e-01,9.999935626983642578e-01,-9.999431967735290527e-01,-9.999822974205017090e-01,9.999933838844299316e-01,-9.998753666877746582e-01,-9.999964237213134766e-01,-9.999950528144836426e-01,-9.999459385871887207e-01,9.999960660934448242e-01,-9.999953508377075195e-01,-9.999627470970153809e-01,-9.999437928199768066e-01,-9.999963641166687012e-01,-9.999939203262329102e-01,-9.999932050704956055e-01,9.999773502349853516e-01,-9.999955892562866211e-01,-9.999954700469970703e-01,9.999949932098388672e-01,9.999959468841552734e-01,9.999952316284179688e-01,9.999958872795104980e-01,9.999769926071166992e-01,9.999951720237731934e-01,9.999935030937194824e-01,9.997301101684570312e-01,-9.999771118164062500e-01,-9.999806284904479980e-01,-9.999940395355224609e-01,9.999945759773254395e-01,-9.999963641166687012e-01,-9.999945163726806641e-01,-9.999849200248718262e-01,9.999787807464599609e-01,9.999960660934448242e-01,9.999967217445373535e-01,9.999849796295166016e-01,9.999964833259582520e-01,-9.999941587448120117e-01,9.999959468841552734e-01,-9.999866485595703125e-01,9.999734163284301758e-01,9.999786019325256348e-01,9.999506473541259766e-01,9.999947547912597656e-01,-9.999682903289794922e-01,-9.999957680702209473e-01,9.999790787696838379e-01,9.999838471412658691e-01,-9.999694228172302246e-01,-9.999919533729553223e-01,9.999959468841552734e-01,-9.999938607215881348e-01,9.999943375587463379e-01,9.999465346336364746e-01,9.989950060844421387e-01,-9.999962449073791504e-01,-9.999738931655883789e-01,-9.999626278877258301e-01,9.999780058860778809e-01,-9.999943971633911133e-01,9.999536275863647461e-01,9.999909400939941406e-01,-9.999912977218627930e-01,9.999928474426269531e-01,9.999550580978393555e-01,-9.999966025352478027e-01,9.999959468841552734e-01,-9.999910593032836914e-01,9.999893307685852051e-01,-9.999962449073791504e-01,-9.998091459274291992e-01,-9.998539090156555176e-01,-9.999956488609313965e-01,-9.999858736991882324e-01,9.999371170997619629e-01,9.999947547912597656e-01,9.999801516532897949e-01,-9.999950528144836426e-01,9.999952912330627441e-01,-9.999916553497314453e-01,9.999940991401672363e-01,9.996303319931030273e-01,-9.999967217445373535e-01,9.999892711639404297e-01,-9.999965429306030273e-01,9.999929666519165039e-01,9.999844431877136230e-01,9.999882578849792480e-01,9.999947547912597656e-01,-9.999892115592956543e-01,-9.999918937683105469e-01,9.999896883964538574e-01,9.999704957008361816e-01,9.999818205833435059e-01,-9.998918175697326660e-01,9.999694228172302246e-01
9.999970197677612305e-01,-9.999974966049194336e-01,-9.999905824661254883e-01,9.999952316284179688e-01,9.999980330467224121e-01,-9.999978542327880859e-01,9.999911189079284668e-01,9.999983310699462891e-01,-9.999890327453613281e-01,9.999973177909851074e-01,-9.999978542327880859e-01,-9.999980330467224121e-01,9.999964237213134766e-01,9.999971985816955566e-01,9.999920129776000977e-01,9.999890923500061035e-01,9.999956488609313965e-01,-9.999959468841552734e-01,9.999865889549255371e-01,-9.999983906745910645e-01,-9.999981522560119629e-01,9.999905824661254883e-01,9.999974966049194336e-01,9.999954104423522949e-01,9.999814629554748535e-01,9.999980330467224121e-01,-9.999967813491821289e-01,-9.999978542327880859e-01,9.999857544898986816e-01,-9.999944567680358887e-01,-9.999840855598449707e-01,-9.999966621398925781e-01,9.999716281890869141e-01,9.999910593032836914e-01,-9.999966025352478027e-01,9.999377131462097168e-01,9.999982118606567383e-01,9.999973773956298828e-01,9.999729990959167480e-01,-9.999980330467224121e-01,9.999975562095642090e-01,9.999814629554748535e-01,9.999718666076660156e-01,9.999980926513671875e-01,9.999968409538269043e-01,9.999964237213134766e-01,-9.999886751174926758e-01,9.999977350234985352e-01,9.999976754188537598e-01,-9.999974370002746582e-01,-9.999979138374328613e-01,-9.999974966049194336e-01,-9.999979138374328613e-01,-9.999885559082031250e-01,-9.999975562095642090e-01,-9.999966025352478027e-01,-9.998652935028076172e-01,9.999884963035583496e-01,9.999902844429016113e-01,9.999969601631164551e-01,-9.999971389770507812e-01,9.999981522560119629e-01,9.999971389770507812e-01,9.999923706054687500e-01,-9.999893903732299805e-01,-9.999979138374328613e-01,-9.999982714653015137e-01,-9.999924898147583008e-01,-9.999981522560119629e-01,9.999969601631164551e-01,-9.999978542327880859e-01,9.999932050704956055e-01,-9.999866485595703125e-01,-9.999893307685852051e-01,-9.999754428863525391e-01,-9.999973177909851074e-01,9.999841451644897461e-01,9.999977350234985352e-01,-9.999895095825195312e-01,-9.999918937683105469e-01,9.999847412109375000e-01,9.999959468841552734e-01,-9.999978542327880859e-01,9.999969005584716797e-01,-9.999971389770507812e-01,-9.999733567237854004e-01,-9.994983673095703125e-01,9.999980926513671875e-01,9.999870061874389648e-01,9.999812841415405273e-01,-9.999890327453613281e-01,9.999971389770507812e-01,-9.999769330024719238e-01,-9.999954700469970703e-01,9.999956488609313965e-01,-9.999963045120239258e-01,-9.999775886535644531e-01,9.999982118606567383e-01,-9.999978542327880859e-01,9.999955296516418457e-01,-9.999946355819702148e-01,9.999980926513671875e-01,9.999046921730041504e-01,9.999269843101501465e-01,9.999977350234985352e-01,9.999929666519165039e-01,-9.999686479568481445e-01,-9.999973773956298828e-01,-9.999900460243225098e-01,9.999974370002746582e-01,-9.999974966049194336e-01,9.999957680702209473e-01,-9.999969005584716797e-01,-9.998155832290649414e-01,9.999983310699462891e-01,-9.999945759773254395e-01,9.999981522560119629e-01,-9.999964237213134766e-01,-9.999921321868896484e-01,-9.999941587448120117e-01,-9.999973177909851074e-01,9.999945163726806641e-01,9.999959468841552734e-01,-9.999948143959045410e-01,-9.999852776527404785e-01,-9.999909400939941406e-01,9.999459385871887207e-01,-9.999847412109375000e-01
9.999988079071044922e-01,-9.999990463256835938e-01,-9.999961853027343750e-01,9.999980330467224121e-01,9.999993443489074707e-01,-9.999992847442626953e-01,9.999963045120239258e-01,9.999993443489074707e-01,-9.999955296516418457e-01,9.999989867210388184e-01,-9.999992251396179199e-01,-9.999992847442626953e-01,9.999986290931701660e-01,9.999989271163940430e-01,9.999967217445373535e-01,9.999955892562866211e-01,9.999982118606567383e-01,-9.999985098838806152e-01,9.999946355819702148e-01,-9.999994635581970215e-01,-9.999992847442626953e-01,9.999961256980895996e-01,9.999991059303283691e-01,9.999982118606567383e-01,9.999924302101135254e-01,9.999992847442626953e-01,-9.999987483024597168e-01,-9.999992251396179199e-01,9.999942779541015625e-01,-9.999977350234985352e-01,-9.999935030937194824e-01,-9.999987483024597168e-01,9.999884963035583496e-01,9.999964237213134766e-01,-9.999986886978149414e-01,9.999747276306152344e-01,9.999994039535522461e-01,9.999990463256835938e-01,9.999889731407165527e-01,-9.999992251396179199e-01,9.999991059303283691e-01,9.999924302101135254e-01,9.999886155128479004e-01,9.999992847442626953e-01,9.999987483024597168e-01,9.999986290931701660e-01,-9.999954700469970703e-01,9.999992251396179199e-01,9.999991059303283691e-01,-9.999989867210388184e-01,-9.999992847442626953e-01,-9.999991655349731445e-01,-9.999992847442626953e-01,-9.999952912330627441e-01,-9.999991655349731445e-01,-9.999987483024597168e-01,-9.999449253082275391e-01,9.999952912330627441e-01,9.999960064888000488e-01,9.999987483024597168e-01,-9.999989271163940430e-01,9.999993443489074707e-01,9.999988675117492676e-01,9.999969601631164551e-01,-9.999957084655761719e-01,-9.999993443489074707e-01,-9.999993443489074707e-01,-9.999969601631164551e-01,-9.999993443489074707e-01,9.999988675117492676e-01,-9.999992251396179199e-01,9.999973177909851074e-01,-9.999945759773254395e-01,-9.999957084655761719e-01,-9.999900460243225098e-01,-9.999989867210388184e-01,9.999936223030090332e-01,9.999991655349731445e-01,-9.999957680702209473e-01,-9.999967813491821289e-01,9.999937415122985840e-01,9.999983310699462891e-01,-9.999992251396179199e-01,9.999988079071044922e-01,-9.999988079071044922e-01,-9.999890923500061035e-01,-9.997949600219726562e-01,9.999992847442626953e-01,9.999948143959045410e-01,9.999923706054687500e-01,-9.999955892562866211e-01,9.999988675117492676e-01,-9.999906420707702637e-01,-9.999982118606567383e-01,9.999982714653015137e-01,-9.999985694885253906e-01,-9.999908804893493652e-01,9.999993443489074707e-01,-9.999992251396179199e-01,9.999981522560119629e-01,-9.999978542327880859e-01,9.999993443489074707e-01,9.999610781669616699e-01,9.999701976776123047e-01,9.999992251396179199e-01,9.999971389770507812e-01,-9.999873042106628418e-01,-9.999989271163940430e-01,-9.999959468841552734e-01,9.999989867210388184e-01,-9.999991655349731445e-01,9.999982714653015137e-01,-9.999988675117492676e-01,-9.999246001243591309e-01,9.999994039535522461e-01,-9.999977946281433105e-01,9.999994039535522461e-01,-9.999986290931701660e-01,-9.999968409538269043e-01,-9.999976158142089844e-01,-9.999989867210388184e-01,9.999977946281433105e-01,9.999983906745910645e-01,-9.999979138374328613e-01,-9.999940991401672363e-01,-9.999963641166687012e-01,9.999780058860778809e-01,-9.999938607215881348e-01
-9.999986290931701660e-01,9.999988675117492676e-01,9.999958276748657227e-01,-9.999978542327880859e-01,-9.999992847442626953e-01,9.999989867210388184e-01,-9.999960064888000488e-01,-9.999992847442626953e-01,9.999951720237731934e-01,-9.999988675117492676e-01,9.999991059303283691e-01,9.999992251396179199e-01,-9.999983906745910645e-01,-9.999988079071044922e-01,-9.999964237213134766e-01,-9.999952316284179688e-01,-9.999980926513671875e-01,9.999982714653015137e-01,-9.999941587448120117e-01,9.999993443489074707e-01,9.999992251396179199e-01,-9.999958276748657227e-01,-9.999988675117492676e-01,-9.999979138374328613e-01,-9.999917745590209961e-01,-9.999991059303283691e-01,9.999985098838806152e-01,9.999990463256835938e-01,-9.999936819076538086e-01,9.999974966049194336e-01,9.999929666519165039e-01,9.999986290931701660e-01,-9.999874234199523926e-01,-9.999960064888000488e-01,9.999985098838806152e-01,-9.999724030494689941e-01,-9.999991655349731445e-01,-9.999988675117492676e-01,-9.999880790710449219e-01,9.999991059303283691e-01,-9.999988675117492676e-01,-9.999917745590209961e-01,-9.999876022338867188e-01,-9.999991655349731445e-01,-9.999986290931701660e-01,-9.999984502792358398e-01,9.999949932098388672e-01,-9.999990463256835938e-01,-9.999990463256835938e-01,9.999988675117492676e-01,9.999991655349731445e-01,9.999989271163940430e-01,9.999991059303283691e-01,9.999948740005493164e-01,9.999988675117492676e-01,9.999985694885253906e-01,9.999403953552246094e-01,-9.999948740005493164e-01,-9.999956488609313965e-01,-9.999985694885253906e-01,9.999988079071044922e-01,-9.999992251396179199e-01,-9.999987483024597168e-01,-9.999966025352478027e-01,9.999953508377075195e-01,9.999991655349731445e-01,9.999993443489074707e-01,9.999966621398925781e-01,9.999992847442626953e-01,-9.999986886978149414e-01,9.999990463256835938e-01,-9.999970197677612305e-01,9.999940991401672363e-01,9.999953508377075195e-01,9.999890923500061035e-01,9.999988079071044922e-01,-9.999929666519165039e-01,-9.999991059303283691e-01,9.999952912330627441e-01,9.999963641166687012e-01,-9.999931454658508301e-01,-9.999982118606567383e-01,9.999990463256835938e-01,-9.999986290931701660e-01,9.999987483024597168e-01,9.999881982803344727e-01,9.997779130935668945e-01,-9.999991655349731445e-01,-9.999942183494567871e-01,-9.999917745590209961e-01,9.999951720237731934e-01,-9.999987483024597168e-01,9.999898076057434082e-01,9.999979138374328613e-01,-9.999980330467224121e-01,9.999982714653015137e-01,9.999900460243225098e-01,-9.999992251396179199e-01,9.999991655349731445e-01,-9.999979734420776367e-01,9.999976158142089844e-01,-9.999992251396179199e-01,-9.999577999114990234e-01,-9.999676942825317383e-01,-9.999991655349731445e-01,-9.999968409538269043e-01,9.999861121177673340e-01,9.999988675117492676e-01,9.999955296516418457e-01,-9.999988675117492676e-01,9.999989271163940430e-01,-9.999981522560119629e-01,9.999985694885253906e-01,9.999182820320129395e-01,-9.999992847442626953e-01,9.999975562095642090e-01,-9.999992847442626953e-01,9.999983906745910645e-01,9.999964833259582520e-01,9.999973773956298828e-01,9.999988079071044922e-01,-9.999975562095642090e-01,-9.999981522560119629e-01,9.999976754188537598e-01,9.999935030937194824e-01,9.999960064888000488e-01,-9.999760985374450684e-01,9.999932646751403809e-01
9.999946355819702148e-01,-9.999954700469970703e-01,-9.999822378158569336e-01,9.999911189079284668e-01,9.999963045120239258e-01,-9.999960064888000488e-01,9.999832510948181152e-01,9.999969005584716797e-01,-9.999792575836181641e-01,9.999951720237731934e-01,-9.999960660934448242e-01,-9.999963641166687012e-01,9.999933242797851562e-01,9.999949932098388672e-01,9.999850392341613770e-01,9.999795556068420410e-01,9.999918937683105469e-01,-9.999926686286926270e-01,9.999747872352600098e-01,-9.999970197677612305e-01,-9.999965429306030273e-01,9.999822974205017090e-01,9.999955892562866211e-01,9.999913573265075684e-01,9.999649524688720703e-01,9.999963641166687012e-01,-9.999941587448120117e-01,-9.999961853027343750e-01,9.999731183052062988e-01,-9.999896287918090820e-01,-9.999700188636779785e-01,-9.999939203262329102e-01,9.999462962150573730e-01,9.999832510948181152e-01,-9.999937415122985840e-01,9.998824000358581543e-01,9.999966621398925781e-01,9.999953508377075195e-01,9.999489784240722656e-01,-9.999961853027343750e-01,9.999955892562866211e-01,9.999648928642272949e-01,9.999468922615051270e-01,9.999964833259582520e-01,9.999943971633911133e-01,9.999935626983642578e-01,-9.999786615371704102e-01,9.999958276748657227e-01,9.999957680702209473e-01,-9.999952316284179688e-01,-9.999960064888000488e-01,-9.999955892562866211e-01,-9.999961256980895996e-01,-9.999783635139465332e-01,-9.999955296516418457e-01,-9.999938607215881348e-01,-9.997455477714538574e-01,9.999783635139465332e-01,9.999817609786987305e-01,9.999943375587463379e-01,-9.999949336051940918e-01,9.999964833259582520e-01,9.999948740005493164e-01,9.999858736991882324e-01,-9.999799728393554688e-01,-9.999963045120239258e-01,-9.999969005584716797e-01,-9.999858736991882324e-01,-9.999966025352478027e-01,9.999945759773254395e-01,-9.999961853027343750e-01,9.999874830245971680e-01,-9.999749064445495605e-01,-9.999799132347106934e-01,-9.999535083770751953e-01,-9.999950528144836426e-01,9.999700784683227539e-01,9.999959468841552734e-01,-9.999802112579345703e-01,-9.999847412109375000e-01,9.999711513519287109e-01,9.999923706054687500e-01,-9.999960660934448242e-01,9.999942183494567871e-01,-9.999946355819702148e-01,-9.999495744705200195e-01,-9.990518093109130859e-01,9.999965429306030273e-01,9.999753832817077637e-01,9.999647140502929688e-01,-9.999793171882629395e-01,9.999947547912597656e-01,-9.999563694000244141e-01,-9.999914765357971191e-01,9.999918341636657715e-01,-9.999931454658508301e-01,-9.999575614929199219e-01,9.999967813491821289e-01,-9.999961256980895996e-01,9.999915957450866699e-01,-9.999899268150329590e-01,9.999964237213134766e-01,9.998199343681335449e-01,9.998620748519897461e-01,9.999958872795104980e-01,9.999866485595703125e-01,-9.999406337738037109e-01,-9.999951720237731934e-01,-9.999812841415405273e-01,9.999953508377075195e-01,-9.999955892562866211e-01,9.999921321868896484e-01,-9.999943971633911133e-01,-9.996512532234191895e-01,9.999969005584716797e-01,-9.999898076057434082e-01,9.999967217445373535e-01,-9.999932646751403809e-01,-9.999852180480957031e-01,-9.999889135360717773e-01,-9.999950528144836426e-01,9.999899268150329590e-01,9.999923706054687500e-01,-9.999902248382568359e-01,-9.999721646308898926e-01,-9.999828338623046875e-01,9.998978376388549805e-01,-9.999711513519287109e-01
9.999989271163940430e-01,-9.999992251396179199e-01,-9.999966621398925781e-01,9.999983310699462891e-01,9.999993443489074707e-01,-9.999992847442626953e-01,9.999969005584716797e-01,9.999994635581970215e-01,-9.999961256980895996e-01,9.999991655349731445e-01,-9.999993443489074707e-01,-9.999994039535522461e-01,9.999987483024597168e-01,9.999991059303283691e-01,9.999971985816955566e-01,9.999961853027343750e-01,9.999985098838806152e-01,-9.999986290931701660e-01,9.999954104423522949e-01,-9.999994635581970215e-01,-9.999994635581970215e-01,9.999967217445373535e-01,9.999991059303283691e-01,9.999983906745910645e-01,9.999935626983642578e-01,9.999992847442626953e-01,-9.999989271163940430e-01,-9.999993443489074707e-01,9.999951124191284180e-01,-9.999979734420776367e-01,-9.999945759773254395e-01,-9.999989271163940430e-01,9.999901652336120605e-01,9.999969005584716797e-01,-9.999988675117492676e-01,9.999785423278808594e-01,9.999994039535522461e-01,9.999991655349731445e-01,9.999905824661254883e-01,-9.999992847442626953e-01,9.999992251396179199e-01,9.999935626983642578e-01,9.999902844429016113e-01,9.999994039535522461e-01,9.999989271163940430e-01,9.999988675117492676e-01,-9.999960064888000488e-01,9.999992847442626953e-01,9.999993443489074707e-01,-9.999991655349731445e-01,-9.999992251396179199e-01,-9.999992251396179199e-01,-9.999994039535522461e-01,-9.999959468841552734e-01,-9.999992251396179199e-01,-9.999988079071044922e-01,-9.999533295631408691e-01,9.999960064888000488e-01,9.999964833259582520e-01,9.999989271163940430e-01,-9.999991059303283691e-01,9.999994635581970215e-01,9.999991059303283691e-01,9.999973773956298828e-01,-9.999962449073791504e-01,-9.999993443489074707e-01,-9.999994039535522461e-01,-9.999973773956298828e-01,-9.999993443489074707e-01,9.999990463256835938e-01,-9.999993443489074707e-01,9.999976754188537598e-01,-9.999954104423522949e-01,-9.999963641166687012e-01,-9.999915361404418945e-01,-9.999991059303283691e-01,9.999945163726806641e-01,9.999992251396179199e-01,-9.999963045120239258e-01,-9.999971389770507812e-01,9.999946951866149902e-01,9.999985694885253906e-01,-9.999992847442626953e-01,9.999989271163940430e-01,-9.999990463256835938e-01,-9.999907612800598145e-01,-9.998261332511901855e-01,9.999993443489074707e-01,9.999955296516418457e-01,9.999935626983642578e-01,-9.999962449073791504e-01,9.999991059303283691e-01,-9.999920129776000977e-01,-9.999983906745910645e-01,9.999984502792358398e-01,-9.999987483024597168e-01,-9.999922513961791992e-01,9.999994635581970215e-01,-9.999993443489074707e-01,9.999984502792358398e-01,-9.999980926513671875e-01,9.999994039535522461e-01,9.999670386314392090e-01,9.999747276306152344e-01,9.999992847442626953e-01,9.999974966049194336e-01,-9.999891519546508789e-01,-9.999991655349731445e-01,-9.999965429306030273e-01,9.999991655349731445e-01,-9.999992251396179199e-01,9.999984502792358398e-01,-9.999989867210388184e-01,-9.999360442161560059e-01,9.999994635581970215e-01,-9.999980926513671875e-01,9.999994039535522461e-01,-9.999987483024597168e-01,-9.999972581863403320e-01,-9.999979138374328613e-01,-9.999992251396179199e-01,9.999980926513671875e-01,9.999985694885253906e-01,-9.999981522560119629e-01,-9.999948740005493164e-01,-9.999967813491821289e-01,9.999812841415405273e-01,-9.999946951866149902e-01
-9.999933242797851562e-01,9.999943375587463379e-01,9.999780058860778809e-01,-9.999890327453613281e-01,-9.999955296516418457e-01,9.999951720237731934e-01,-9.999792575836181641e-01,-9.999961256980895996e-01,9.999743700027465820e-01,-9.999940991401672363e-01,9.999952316284179688e-01,9.999957084655761719e-01,-9.999917149543762207e-01,-9.999937415122985840e-01,-9.999814629554748535e-01,-9.999747276306152344e-01,-9.999899864196777344e-01,9.999909400939941406e-01,-9.999688267707824707e-01,9.999963045120239258e-01,9.999957680702209473e-01,-9.999781250953674316e-01,-9.999945759773254395e-01,-9.999892711639404297e-01,-9.999567270278930664e-01,-9.999956488609313965e-01,9.999927878379821777e-01,9.999953508377075195e-01,-9.999667406082153320e-01,9.999871850013732910e-01,9.999627470970153809e-01,9.999924898147583008e-01,-9.999337196350097656e-01,-9.999793171882629395e-01,9.999921321868896484e-01,-9.998547434806823730e-01,-9.999958872795104980e-01,-9.999942779541015625e-01,-9.999369978904724121e-01,9.999954700469970703e-01,-9.999945759773254395e-01,-9.999565482139587402e-01,-9.999344348907470703e-01,-9.999958276748657227e-01,-9.999929666519165039e-01,-9.999920129776000977e-01,9.999735355377197266e-01,-9.999947547912597656e-01,-9.999947547912597656e-01,9.999940395355224609e-01,9.999952912330627441e-01,9.999945163726806641e-01,9.999952316284179688e-01,9.999732375144958496e-01,9.999944567680358887e-01,9.999924302101135254e-01,9.996854662895202637e-01,-9.999733567237854004e-01,-9.999774694442749023e-01,-9.999930262565612793e-01,9.999936223030090332e-01,-9.999957084655761719e-01,-9.999936223030090332e-01,-9.999824762344360352e-01,9.999752640724182129e-01,9.999954700469970703e-01,9.999961853027343750e-01,9.999825954437255859e-01,9.999959468841552734e-01,-9.999932050704956055e-01,9.999953508377075195e-01,-9.999843835830688477e-01,9.999690055847167969e-01,9.999750256538391113e-01,9.999424815177917480e-01,9.999938607215881348e-01,-9.999629259109497070e-01,-9.999950528144836426e-01,9.999756217002868652e-01,9.999812245368957520e-01,-9.999642968177795410e-01,-9.999905824661254883e-01,9.999952912330627441e-01,-9.999928474426269531e-01,9.999933838844299316e-01,9.999377131462097168e-01,9.988284707069396973e-01,-9.999957680702209473e-01,-9.999697208404541016e-01,-9.999564290046691895e-01,9.999744892120361328e-01,-9.999935626983642578e-01,9.999460577964782715e-01,9.999894499778747559e-01,-9.999898672103881836e-01,9.999915957450866699e-01,9.999475479125976562e-01,-9.999960064888000488e-01,9.999952316284179688e-01,-9.999895691871643066e-01,9.999874830245971680e-01,-9.999957084655761719e-01,-9.997774958610534668e-01,-9.998295903205871582e-01,-9.999948143959045410e-01,-9.999834895133972168e-01,9.999267458915710449e-01,9.999939799308776855e-01,9.999768137931823730e-01,-9.999942183494567871e-01,9.999944567680358887e-01,-9.999902844429016113e-01,9.999930858612060547e-01,9.995690584182739258e-01,-9.999960660934448242e-01,9.999874234199523926e-01,-9.999960064888000488e-01,9.999917745590209961e-01,9.999817609786987305e-01,9.999862909317016602e-01,9.999938011169433594e-01,-9.999874234199523926e-01,-9.999905228614807129e-01,9.999880194664001465e-01,9.999656081199645996e-01,9.999788403511047363e-01,-9.998738765716552734e-01,9.999643564224243164e-01
9.999983906745910645e-01,-9.999986886978149414e-01,-9.999949336051940918e-01,9.999973177909851074e-01,9.999989867210388184e-01,-9.999988675117492676e-01,9.999951720237731934e-01,9.999991655349731445e-01,-9.999940991401672363e-01,9.999986290931701660e-01,-9.999988675117492676e-01,-9.999989867210388184e-01,9.999981522560119629e-01,9.999986290931701660e-01,9.999956488609313965e-01,9.999940991401672363e-01,9.999976754188537598e-01,-9.999978542327880859e-01,9.999926686286926270e-01,-9.999991655349731445e-01,-9.999991655349731445e-01,9.999948740005493164e-01,9.999986886978149414e-01,9.999975562095642090e-01,9.999898672103881836e-01,9.999989271163940430e-01,-9.999982714653015137e-01,-9.999989271163940430e-01,9.999921917915344238e-01,-9.999969601631164551e-01,-9.999913573265075684e-01,-9.999982714653015137e-01,9.999846220016479492e-01,9.999951720237731934e-01,-9.999982714653015137e-01,9.999659657478332520e-01,9.999992251396179199e-01,9.999986886978149414e-01,9.999852776527404785e-01,-9.999989271163940430e-01,9.999986886978149414e-01,9.999899268150329590e-01,9.999846816062927246e-01,9.999990463256835938e-01,9.999983310699462891e-01,9.999982118606567383e-01,-9.999939203262329102e-01,9.999988079071044922e-01,9.999988079071044922e-01,-9.999986886978149414e-01,-9.999988675117492676e-01,-9.999987483024597168e-01,-9.999989867210388184e-01,-9.999937415122985840e-01,-9.999986886978149414e-01,-9.999982118606567383e-01,-9.999263286590576172e-01,9.999936819076538086e-01,9.999947547912597656e-01,9.999983310699462891e-01,-9.999985098838806152e-01,9.999990463256835938e-01,9.999985098838806152e-01,9.999959468841552734e-01,-9.999942779541015625e-01,-9.999989271163940430e-01,-9.999991655349731445e-01,-9.999959468841552734e-01,-9.999991059303283691e-01,9.999983906745910645e-01,-9.999988079071044922e-01,9.999963045120239258e-01,-9.999927282333374023e-01,-9.999941587448120117e-01,-9.999866485595703125e-01,-9.999986290931701660e-01,9.999914169311523438e-01,9.999988079071044922e-01,-9.999942779541015625e-01,-9.999956488609313965e-01,9.999916553497314453e-01,9.999978542327880859e-01,-9.999988675117492676e-01,9.999983906745910645e-01,-9.999984502792358398e-01,-9.999854564666748047e-01,-9.997255802154541016e-01,9.999990463256835938e-01,9.999929666519165039e-01,9.999898076057434082e-01,-9.999940991401672363e-01,9.999984502792358398e-01,-9.999874234199523926e-01,-9.999974966049194336e-01,9.999975562095642090e-01,-9.999979734420776367e-01,-9.999878406524658203e-01,9.999991059303283691e-01,-9.999988675117492676e-01,9.999976158142089844e-01,-9.999970793724060059e-01,9.999990463256835938e-01,9.999479651451110840e-01,9.999600648880004883e-01,9.999988675117492676e-01,9.999960660934448242e-01,-9.999829530715942383e-01,-9.999986886978149414e-01,-9.999945759773254395e-01,9.999986886978149414e-01,-9.999987483024597168e-01,9.999976754188537598e-01,-9.999984502792358398e-01,-9.998991489410400391e-01,9.999992251396179199e-01,-9.999970197677612305e-01,9.999991059303283691e-01,-9.999980330467224121e-01,-9.999957680702209473e-01,-9.999968409538269043e-01,-9.999986290931701660e-01,9.999970197677612305e-01,9.999977350234985352e-01,-9.999971985816955566e-01,-9.999920129776000977e-01,-9.999950528144836426e-01,9.999706149101257324e-01,-9.999917149543762207e-01
-9.999986886978149414e-01,9.999988675117492676e-01,9.999958872795104980e-01,-9.999978542327880859e-01,-9.999992251396179199e-01,9.999991059303283691e-01,-9.999960660934448242e-01,-9.999993443489074707e-01,9.999952316284179688e-01,-9.999988675117492676e-01,9.999990463256835938e-01,9.999991059303283691e-01,-9.999984502792358398e-01,-9.999988079071044922e-01,-9.999964833259582520e-01,-9.999952316284179688e-01,-9.999980926513671875e-01,9.999982714653015137e-01,-9.999942183494567871e-01,9.999993443489074707e-01,9.999992251396179199e-01,-9.999958276748657227e-01,-9.999989271163940430e-01,-9.999979138374328613e-01,-9.999918937683105469e-01,-9.999991059303283691e-01,9.999985694885253906e-01,9.999991655349731445e-01,-9.999938011169433594e-01,9.999975562095642090e-01,9.999930262565612793e-01,9.999986290931701660e-01,-9.999876022338867188e-01,-9.999960660934448242e-01,9.999985098838806152e-01,-9.999729394912719727e-01,-9.999992847442626953e-01,-9.999988675117492676e-01,-9.999881386756896973e-01,9.999991059303283691e-01,-9.999989271163940430e-01,-9.999918937683105469e-01,-9.999877810478210449e-01,-9.999991655349731445e-01,-9.999986886978149414e-01,-9.999984502792358398e-01,9.999950528144836426e-01,-9.999990463256835938e-01,-9.999990463256835938e-01,9.999988675117492676e-01,9.999990463256835938e-01,9.999989867210388184e-01,9.999991059303283691e-01,9.999949336051940918e-01,9.999989271163940430e-01,9.999985694885253906e-01,9.999411106109619141e-01,-9.999949336051940918e-01,-9.999957084655761719e-01,-9.999986886978149414e-01,9.999987483024597168e-01,-9.999992251396179199e-01,-9.999987483024597168e-01,-9.999966621398925781e-01,9.999953508377075195e-01,9.999991655349731445e-01,9.999993443489074707e-01,9.999966621398925781e-01,9.999991655349731445e-01,-9.999986886978149414e-01,9.999990463256835938e-01,-9.999970197677612305e-01,9.999942183494567871e-01,9.999953508377075195e-01,9.999892711639404297e-01,9.999987483024597168e-01,-9.999930858612060547e-01,-9.999989867210388184e-01,9.999954104423522949e-01,9.999964237213134766e-01,-9.999932646751403809e-01,-9.999982118606567383e-01,9.999990463256835938e-01,-9.999986290931701660e-01,9.999987483024597168e-01,9.999883174896240234e-01,9.997811913490295410e-01,-9.999991655349731445e-01,-9.999943375587463379e-01,-9.999918937683105469e-01,9.999952316284179688e-01,-9.999986886978149414e-01,9.999899268150329590e-01,9.999979734420776367e-01,-9.999980926513671875e-01,9.999982714653015137e-01,9.999902248382568359e-01,-9.999992847442626953e-01,9.999991655349731445e-01,-9.999980330467224121e-01,9.999976158142089844e-01,-9.999992251396179199e-01,-9.999583959579467773e-01,-9.999682307243347168e-01,-9.999990463256835938e-01,-9.999969005584716797e-01,9.999863505363464355e-01,9.999988079071044922e-01,9.999955892562866211e-01,-9.999989271163940430e-01,9.999989271163940430e-01,-9.999980330467224121e-01,9.999986290931701660e-01,9.999194741249084473e-01,-9.999992847442626953e-01,9.999975562095642090e-01,-9.999992251396179199e-01,9.999983310699462891e-01,9.999965429306030273e-01,9.999973177909851074e-01,9.999988079071044922e-01,-9.999976158142089844e-01,-9.999982118606567383e-01,9.999977350234985352e-01,9.999935626983642578e-01,9.999960064888000488e-01,-9.999764561653137207e-01,9.999933242797851562e-01
-9.999988079071044922e-01,9.999989867210388184e-01,9.999961256980895996e-01,-9.999980330467224121e-01,-9.999992847442626953e-01,9.999992251396179199e-01,-9.999963641166687012e-01,-9.999994039535522461e-01,9.999957084655761719e-01,-9.999989867210388184e-01,9.999991059303283691e-01,9.999992251396179199e-01,-9.999985098838806152e-01,-9.999989271163940430e-01,-9.999968409538269043e-01,-9.999957084655761719e-01,-9.999982714653015137e-01,9.999984502792358398e-01,-9.999947547912597656e-01,9.999994039535522461e-01,9.999993443489074707e-01,-9.999961256980895996e-01,-9.999989867210388184e-01,-9.999981522560119629e-01,-9.999927282333374023e-01,-9.999992251396179199e-01,9.999987483024597168e-01,9.999992847442626953e-01,-9.999943971633911133e-01,9.999977350234985352e-01,9.999937415122985840e-01,9.999987483024597168e-01,-9.999888539314270020e-01,-9.999963641166687012e-01,9.999986886978149414e-01,-9.999755024909973145e-01,-9.999992847442626953e-01,-9.999990463256835938e-01,-9.999893307685852051e-01,9.999991655349731445e-01,-9.999990463256835938e-01,-9.999926686286926270e-01,-9.999889731407165527e-01,-9.999992251396179199e-01,-9.999988079071044922e-01,-9.999986290931701660e-01,9.999955296516418457e-01,-9.999992847442626953e-01,-9.999990463256835938e-01,9.999989867210388184e-01,9.999991655349731445e-01,9.999991059303283691e-01,9.999992251396179199e-01,9.999954104423522949e-01,9.999989867210388184e-01,9.999986886978149414e-01,9.999468922615051270e-01,-9.999954700469970703e-01,-9.999961256980895996e-01,-9.999988079071044922e-01,9.999988675117492676e-01,-9.999992847442626953e-01,-9.999988675117492676e-01,-9.999970197677612305e-01,9.999958276748657227e-01,9.999991655349731445e-01,9.999993443489074707e-01,9.999970197677612305e-01,9.999993443489074707e-01,-9.999988079071044922e-01,9.999992251396179199e-01,-9.999973177909851074e-01,9.999946951866149902e-01,9.999958872795104980e-01,9.999903440475463867e-01,9.999989271163940430e-01,-9.999937415122985840e-01,-9.999991059303283691e-01,9.999958872795104980e-01,9.999967813491821289e-01,-9.999939203262329102e-01,-9.999983906745910645e-01,9.999992251396179199e-01,-9.999987483024597168e-01,9.999988675117492676e-01,9.999894499778747559e-01,9.998025894165039062e-01,-9.999992251396179199e-01,-9.999948740005493164e-01,-9.999926686286926270e-01,9.999957084655761719e-01,-9.999988079071044922e-01,9.999909400939941406e-01,9.999982118606567383e-01,-9.999982714653015137e-01,9.999985694885253906e-01,9.999911785125732422e-01,-9.999992847442626953e-01,9.999991655349731445e-01,-9.999982118606567383e-01,9.999979138374328613e-01,-9.999992847442626953e-01,-9.999625086784362793e-01,-9.999713301658630371e-01,-9.999991655349731445e-01,-9.999971985816955566e-01,9.999876618385314941e-01,9.999989867210388184e-01,9.999960660934448242e-01,-9.999990463256835938e-01,9.999991059303283691e-01,-9.999982118606567383e-01,9.999988079071044922e-01,9.999273419380187988e-01,-9.999993443489074707e-01,9.999977946281433105e-01,-9.999993443489074707e-01,9.999985694885253906e-01,9.999969005584716797e-01,9.999976754188537598e-01,9.999989867210388184e-01,-9.999977946281433105e-01,-9.999983906745910645e-01,9.999979734420776367e-01,9.999942183494567871e-01,9.999963641166687012e-01,-9.999787807464599609e-01,9.999939799308776855e-01
