9.999979734420776367e-01,-9.999977946281433105e-01,-9.999893307685852051e-01,9.999982714653015137e-01,9.999986886978149414e-01,-9.999983310699462891e-01,-9.999867081642150879e-01,9.999988079071044922e-01,-9.999967813491821289e-01,9.999960064888000488e-01,-9.999818205833435059e-01,-9.999986886978149414e-01,9.999983310699462891e-01,9.999963641166687012e-01,9.999061822891235352e-01,9.999976754188537598e-01,9.999976754188537598e-01,-9.999960064888000488e-01,-9.996859431266784668e-01,-9.999988675117492676e-01,-9.999986886978149414e-01,9.999860525131225586e-01,9.999960660934448242e-01,9.999979734420776367e-01,-9.999716877937316895e-01,9.999989271163940430e-01,-9.999979138374328613e-01,-9.999988675117492676e-01,9.999896883964538574e-01,-9.999902844429016113e-01,-9.999979138374328613e-01,-9.999986290931701660e-01,9.999971985816955566e-01,9.999977350234985352e-01,-9.999970793724060059e-01,-9.999957680702209473e-01,9.999987483024597168e-01,9.999985098838806152e-01,9.999925494194030762e-01,-9.999985694885253906e-01,9.999983310699462891e-01,-9.999972581863403320e-01,9.999628663063049316e-01,9.999985098838806152e-01,9.999961853027343750e-01,9.999972581863403320e-01,9.999950528144836426e-01,9.999946355819702148e-01,9.999986290931701660e-01,-9.999983906745910645e-01,-9.999985098838806152e-01,-9.999966621398925781e-01,-9.999982118606567383e-01,-9.999843835830688477e-01,-9.999966621398925781e-01,-9.999966621398925781e-01,-9.999977350234985352e-01,-9.999179840087890625e-01,9.999971985816955566e-01,9.999963641166687012e-01,-9.999935030937194824e-01,9.999985694885253906e-01,9.999982714653015137e-01,9.999945163726806641e-01,9.999722838401794434e-01,-9.999986290931701660e-01,-9.999986886978149414e-01,-9.999895691871643066e-01,-9.999975562095642090e-01,9.999987483024597168e-01,-9.999983310699462891e-01,9.999969601631164551e-01,9.999961256980895996e-01,-9.999890923500061035e-01,9.999441504478454590e-01,-9.999974370002746582e-01,9.999842643737792969e-01,9.999973773956298828e-01,-9.999917149543762207e-01,-9.999977946281433105e-01,9.999712109565734863e-01,9.999976158142089844e-01,-9.999985694885253906e-01,-9.999424815177917480e-01,-9.999983310699462891e-01,-9.999874830245971680e-01,9.999913573265075684e-01,9.999981522560119629e-01,-9.999843239784240723e-01,9.999984502792358398e-01,-9.999982118606567383e-01,9.999981522560119629e-01,-9.999264478683471680e-01,-9.999982714653015137e-01,9.999984502792358398e-01,-9.999972581863403320e-01,9.999682903289794922e-01,9.999986886978149414e-01,-9.999985694885253906e-01,9.999946951866149902e-01,-9.999976158142089844e-01,9.999983906745910645e-01,-9.999935030937194824e-01,-9.999439120292663574e-01,9.999980926513671875e-01,9.999710917472839355e-01,9.999864101409912109e-01,-9.999967217445373535e-01,-9.999943971633911133e-01,9.999983310699462891e-01,-9.999966025352478027e-01,9.999978542327880859e-01,-9.999977350234985352e-01,-9.999945759773254395e-01,9.999989271163940430e-01,-9.999980330467224121e-01,9.999982714653015137e-01,-9.999983310699462891e-01,9.999830722808837891e-01,-9.999968409538269043e-01,-9.999985694885253906e-01,9.999952316284179688e-01,9.999981522560119629e-01,-9.999977350234985352e-01,9.999909996986389160e-01,-9.999966025352478027e-01,-9.999876022338867188e-01,-9.999977350234985352e-01
-9.999977946281433105e-01,9.999977350234985352e-01,9.999886751174926758e-01,-9.999981522560119629e-01,-9.999986886978149414e-01,9.999982714653015137e-01,9.999859333038330078e-01,-9.999988079071044922e-01,9.999966025352478027e-01,-9.999957680702209473e-01,9.999807476997375488e-01,9.999986290931701660e-01,-9.999983310699462891e-01,-9.999961853027343750e-01,-9.999007582664489746e-01,-9.999974966049194336e-01,-9.999975562095642090e-01,9.999957680702209473e-01,9.996674656867980957e-01,9.999988675117492676e-01,9.999986886978149414e-01,-9.999852180480957031e-01,-9.999958872795104980e-01,-9.999979734420776367e-01,9.999700188636779785e-01,-9.999988675117492676e-01,9.999979138374328613e-01,9.999987483024597168e-01,-9.999892115592956543e-01,9.999897480010986328e-01,9.999978542327880859e-01,9.999985098838806152e-01,-9.999970793724060059e-01,-9.999976158142089844e-01,9.999970197677612305e-01,9.999955296516418457e-01,-9.999987483024597168e-01,-9.999985098838806152e-01,-9.999921917915344238e-01,9.999984502792358398e-01,-9.999980926513671875e-01,9.999970793724060059e-01,-9.999607801437377930e-01,-9.999983906745910645e-01,-9.999958276748657227e-01,-9.999971985816955566e-01,-9.999947547912597656e-01,-9.999943971633911133e-01,-9.999986290931701660e-01,9.999983310699462891e-01,9.999984502792358398e-01,9.999964833259582520e-01,9.999982118606567383e-01,9.999835491180419922e-01,9.999964237213134766e-01,9.999964237213134766e-01,9.999976754188537598e-01,9.999132752418518066e-01,-9.999971389770507812e-01,-9.999961256980895996e-01,9.999930858612060547e-01,-9.999985694885253906e-01,-9.999981522560119629e-01,-9.999941587448120117e-01,-9.999707937240600586e-01,9.999984502792358398e-01,9.999986886978149414e-01,9.999890327453613281e-01,9.999973773956298828e-01,-9.999986290931701660e-01,9.999982714653015137e-01,-9.999967813491821289e-01,-9.999959468841552734e-01,9.999884366989135742e-01,-9.999409914016723633e-01,9.999973773956298828e-01,-9.999834299087524414e-01,-9.999973177909851074e-01,9.999912381172180176e-01,9.999976754188537598e-01,-9.999695420265197754e-01,-9.999974966049194336e-01,9.999985098838806152e-01,9.999392032623291016e-01,9.999983310699462891e-01,9.999867677688598633e-01,-9.999908208847045898e-01,-9.999981522560119629e-01,9.999833703041076660e-01,-9.999982118606567383e-01,9.999981522560119629e-01,-9.999980330467224121e-01,9.999220967292785645e-01,9.999981522560119629e-01,-9.999983310699462891e-01,9.999971389770507812e-01,-9.999665021896362305e-01,-9.999986290931701660e-01,9.999985098838806152e-01,-9.999944567680358887e-01,9.999975562095642090e-01,-9.999982714653015137e-01,9.999931454658508301e-01,9.999407529830932617e-01,-9.999979734420776367e-01,-9.999693632125854492e-01,-9.999857544898986816e-01,9.999966621398925781e-01,9.999940991401672363e-01,-9.999982118606567383e-01,9.999964237213134766e-01,-9.999977946281433105e-01,9.999976158142089844e-01,9.999941587448120117e-01,-9.999988675117492676e-01,9.999980330467224121e-01,-9.999982118606567383e-01,9.999983310699462891e-01,-9.999821186065673828e-01,9.999966621398925781e-01,9.999986290931701660e-01,-9.999950528144836426e-01,-9.999980926513671875e-01,9.999976158142089844e-01,-9.999905228614807129e-01,9.999963641166687012e-01,9.999869465827941895e-01,9.999977350234985352e-01
-9.999893307685852051e-01,9.999886751174926758e-01,9.999420642852783203e-01,-9.999913573265075684e-01,-9.999932646751403809e-01,9.999912977218627930e-01,9.999281167984008789e-01,-9.999940395355224609e-01,9.999828338623046875e-01,-9.999781250953674316e-01,9.999014139175415039e-01,9.999929666519165039e-01,-9.999910593032836914e-01,-9.999807476997375488e-01,-9.994930624961853027e-01,-9.999875426292419434e-01,-9.999876618385314941e-01,9.999783039093017578e-01,9.983026385307312012e-01,9.999943971633911133e-01,9.999930262565612793e-01,-9.999245405197143555e-01,-9.999788999557495117e-01,-9.999896287918090820e-01,9.998464584350585938e-01,-9.999943375587463379e-01,9.999893307685852051e-01,9.999935626983642578e-01,-9.999445080757141113e-01,9.999474287033081055e-01,9.999891519546508789e-01,9.999925494194030762e-01,-9.999852180480957031e-01,-9.999880194664001465e-01,9.999848604202270508e-01,9.999772906303405762e-01,-9.999935626983642578e-01,-9.999924898147583008e-01,-9.999595284461975098e-01,9.999926686286926270e-01,-9.999909400939941406e-01,9.999853968620300293e-01,-9.997996091842651367e-01,-9.999919533729553223e-01,-9.999796748161315918e-01,-9.999858140945434570e-01,-9.999731183052062988e-01,-9.999713301658630371e-01,-9.999926090240478516e-01,9.999915361404418945e-01,9.999921321868896484e-01,9.999821782112121582e-01,9.999911189079284668e-01,9.999160170555114746e-01,9.999821186065673828e-01,9.999821782112121582e-01,9.999880790710449219e-01,9.995564818382263184e-01,-9.999852776527404785e-01,-9.999805688858032227e-01,9.999647140502929688e-01,-9.999928474426269531e-01,-9.999907612800598145e-01,-9.999698400497436523e-01,-9.998498558998107910e-01,9.999925494194030762e-01,9.999933838844299316e-01,9.999439716339111328e-01,9.999868869781494141e-01,-9.999936223030090332e-01,9.999911785125732422e-01,-9.999837875366210938e-01,-9.999793171882629395e-01,9.999409317970275879e-01,-9.996984601020812988e-01,9.999867677688598633e-01,-9.999147653579711914e-01,-9.999862909317016602e-01,9.999552369117736816e-01,9.999881386756896973e-01,-9.998441338539123535e-01,-9.999876618385314941e-01,9.999924898147583008e-01,9.996888637542724609e-01,9.999911785125732422e-01,9.999326467514038086e-01,-9.999530315399169922e-01,-9.999906420707702637e-01,9.999149441719055176e-01,-9.999911189079284668e-01,9.999906420707702637e-01,-9.999901652336120605e-01,9.996020197868347168e-01,9.999911785125732422e-01,-9.999916553497314453e-01,9.999857544898986816e-01,-9.998287558555603027e-01,-9.999933242797851562e-01,9.999924302101135254e-01,-9.999718070030212402e-01,9.999879002571105957e-01,-9.999912977218627930e-01,9.999647736549377441e-01,9.996972084045410156e-01,-9.999897480010986328e-01,-9.998433589935302734e-01,-9.999265074729919434e-01,9.999827146530151367e-01,9.999697208404541016e-01,-9.999911189079284668e-01,9.999819397926330566e-01,-9.999893307685852051e-01,9.999879002571105957e-01,9.999703764915466309e-01,-9.999942779541015625e-01,9.999902248382568359e-01,-9.999909996986389160e-01,9.999914765357971191e-01,-9.999085068702697754e-01,9.999832510948181152e-01,9.999925494194030762e-01,-9.999743700027465820e-01,-9.999905228614807129e-01,9.999879002571105957e-01,-9.999511837959289551e-01,9.999817013740539551e-01,9.999332427978515625e-01,9.999885559082031250e-01
9.999982714653015137e-01,-9.999981522560119629e-01,-9.999913573265075684e-01,9.999986886978149414e-01,9.999989271163940430e-01,-9.999985694885253906e-01,-9.999892115592956543e-01,9.999991059303283691e-01,-9.999973773956298828e-01,9.999966621398925781e-01,-9.999852776527404785e-01,-9.999989271163940430e-01,9.999986290931701660e-01,9.999970793724060059e-01,9.999240040779113770e-01,9.999980926513671875e-01,9.999980926513671875e-01,-9.999967217445373535e-01,-9.997454285621643066e-01,-9.999991655349731445e-01,-9.999989271163940430e-01,9.999886155128479004e-01,9.999967217445373535e-01,9.999984502792358398e-01,-9.999769330024719238e-01,9.999991059303283691e-01,-9.999982714653015137e-01,-9.999991655349731445e-01,9.999917149543762207e-01,-9.999921321868896484e-01,-9.999983310699462891e-01,-9.999988079071044922e-01,9.999977946281433105e-01,9.999981522560119629e-01,-9.999976754188537598e-01,-9.999964237213134766e-01,9.999989867210388184e-01,9.999988079071044922e-01,9.999938607215881348e-01,-9.999988079071044922e-01,9.999985694885253906e-01,-9.999977946281433105e-01,9.999700188636779785e-01,9.999986886978149414e-01,9.999969005584716797e-01,9.999977946281433105e-01,9.999959468841552734e-01,9.999956488609313965e-01,9.999989271163940430e-01,-9.999986886978149414e-01,-9.999988079071044922e-01,-9.999973177909851074e-01,-9.999985694885253906e-01,-9.999873638153076172e-01,-9.999973773956298828e-01,-9.999972581863403320e-01,-9.999981522560119629e-01,-9.999334812164306641e-01,9.999977350234985352e-01,9.999970197677612305e-01,-9.999946951866149902e-01,9.999988675117492676e-01,9.999985098838806152e-01,9.999954700469970703e-01,9.999775290489196777e-01,-9.999988079071044922e-01,-9.999990463256835938e-01,-9.999915957450866699e-01,-9.999979138374328613e-01,9.999989867210388184e-01,-9.999986886978149414e-01,9.999974966049194336e-01,9.999968409538269043e-01,-9.999911189079284668e-01,9.999547004699707031e-01,-9.999979734420776367e-01,9.999872446060180664e-01,9.999979138374328613e-01,-9.999932050704956055e-01,-9.999982118606567383e-01,9.999766945838928223e-01,9.999981522560119629e-01,-9.999988675117492676e-01,-9.999533295631408691e-01,-9.999986290931701660e-01,-9.999899268150329590e-01,9.999929666519165039e-01,9.999985098838806152e-01,-9.999871850013732910e-01,9.999987483024597168e-01,-9.999985694885253906e-01,9.999985098838806152e-01,-9.999403357505798340e-01,-9.999986290931701660e-01,9.999987483024597168e-01,-9.999978542327880859e-01,9.999743103981018066e-01,9.999989271163940430e-01,-9.999988675117492676e-01,9.999957084655761719e-01,-9.999981522560119629e-01,9.999986886978149414e-01,-9.999947547912597656e-01,-9.999545216560363770e-01,9.999984502792358398e-01,9.999764561653137207e-01,9.999889731407165527e-01,-9.999973773956298828e-01,-9.999954700469970703e-01,9.999986290931701660e-01,-9.999972581863403320e-01,9.999982714653015137e-01,-9.999981522560119629e-01,-9.999955296516418457e-01,9.999991655349731445e-01,-9.999985098838806152e-01,9.999986290931701660e-01,-9.999986290931701660e-01,9.999862313270568848e-01,-9.999973773956298828e-01,-9.999988675117492676e-01,9.999961256980895996e-01,9.999985694885253906e-01,-9.999981522560119629e-01,9.999927878379821777e-01,-9.999971389770507812e-01,-9.999899268150329590e-01,-9.999982714653015137e-01
9.999986886978149414e-01,-9.999986886978149414e-01,-9.999932646751403809e-01,9.999989271163940430e-01,9.999991655349731445e-01,-9.999989867210388184e-01,-9.999916553497314453e-01,9.999993443489074707e-01,-9.999979734420776367e-01,9.999974370002746582e-01,-9.999885559082031250e-01,-9.999992251396179199e-01,9.999989271163940430e-01,9.999977350234985352e-01,9.999410510063171387e-01,9.999985098838806152e-01,9.999985098838806152e-01,-9.999974370002746582e-01,-9.998025298118591309e-01,-9.999994039535522461e-01,-9.999992847442626953e-01,9.999912381172180176e-01,9.999974966049194336e-01,9.999986886978149414e-01,-9.999821186065673828e-01,9.999992847442626953e-01,-9.999986886978149414e-01,-9.999992847442626953e-01,9.999934434890747070e-01,-9.999939203262329102e-01,-9.999986886978149414e-01,-9.999990463256835938e-01,9.999982714653015137e-01,9.999985694885253906e-01,-9.999980926513671875e-01,-9.999971389770507812e-01,9.999992847442626953e-01,9.999991655349731445e-01,9.999952912330627441e-01,-9.999991059303283691e-01,9.999988675117492676e-01,-9.999982714653015137e-01,9.999767541885375977e-01,9.999989867210388184e-01,9.999975562095642090e-01,9.999983310699462891e-01,9.999968409538269043e-01,9.999965429306030273e-01,9.999991655349731445e-01,-9.999989271163940430e-01,-9.999990463256835938e-01,-9.999978542327880859e-01,-9.999989271163940430e-01,-9.999901652336120605e-01,-9.999979734420776367e-01,-9.999979138374328613e-01,-9.999985694885253906e-01,-9.999483227729797363e-01,9.999982714653015137e-01,9.999976158142089844e-01,-9.999958872795104980e-01,9.999991059303283691e-01,9.999988675117492676e-01,9.999964237213134766e-01,9.999825954437255859e-01,-9.999990463256835938e-01,-9.999992847442626953e-01,-9.999935030937194824e-01,-9.999984502792358398e-01,9.999992251396179199e-01,-9.999989867210388184e-01,9.999980926513671875e-01,9.999974966049194336e-01,-9.999930262565612793e-01,9.999648928642272949e-01,-9.999983310699462891e-01,9.999900460243225098e-01,9.999984502792358398e-01,-9.999946951866149902e-01,-9.999986290931701660e-01,9.999818801879882812e-01,9.999984502792358398e-01,-9.999990463256835938e-01,-9.999638199806213379e-01,-9.999989271163940430e-01,-9.999920725822448730e-01,9.999945759773254395e-01,9.999988079071044922e-01,-9.999900460243225098e-01,9.999989271163940430e-01,-9.999988675117492676e-01,9.999988079071044922e-01,-9.999537467956542969e-01,-9.999989271163940430e-01,9.999990463256835938e-01,-9.999983310699462891e-01,9.999800920486450195e-01,9.999991655349731445e-01,-9.999991655349731445e-01,9.999966025352478027e-01,-9.999985098838806152e-01,9.999989271163940430e-01,-9.999958872795104980e-01,-9.999647140502929688e-01,9.999988079071044922e-01,9.999817609786987305e-01,9.999914765357971191e-01,-9.999979734420776367e-01,-9.999964237213134766e-01,9.999989271163940430e-01,-9.999977946281433105e-01,9.999986886978149414e-01,-9.999985694885253906e-01,-9.999964833259582520e-01,9.999993443489074707e-01,-9.999988675117492676e-01,9.999989271163940430e-01,-9.999989271163940430e-01,9.999893307685852051e-01,-9.999980330467224121e-01,-9.999991655349731445e-01,9.999969601631164551e-01,9.999988079071044922e-01,-9.999985694885253906e-01,9.999943375587463379e-01,-9.999977946281433105e-01,-9.999921321868896484e-01,-9.999985694885253906e-01
-9.999983310699462891e-01,9.999982714653015137e-01,9.999912977218627930e-01,-9.999985694885253906e-01,-9.999989867210388184e-01,9.999986290931701660e-01,9.999890923500061035e-01,-9.999991059303283691e-01,9.999974370002746582e-01,-9.999966025352478027e-01,9.999850392341613770e-01,9.999989271163940430e-01,-9.999986886978149414e-01,-9.999970793724060059e-01,-9.999228715896606445e-01,-9.999980330467224121e-01,-9.999980926513671875e-01,9.999966621398925781e-01,9.997414350509643555e-01,9.999991059303283691e-01,9.999989867210388184e-01,-9.999885559082031250e-01,-9.999967217445373535e-01,-9.999983906745910645e-01,9.999766945838928223e-01,-9.999991655349731445e-01,9.999983906745910645e-01,9.999991655349731445e-01,-9.999915361404418945e-01,9.999920129776000977e-01,9.999983310699462891e-01,9.999988675117492676e-01,-9.999977946281433105e-01,-9.999982714653015137e-01,9.999977350234985352e-01,9.999964833259582520e-01,-9.999990463256835938e-01,-9.999988675117492676e-01,-9.999938607215881348e-01,9.999988675117492676e-01,-9.999985098838806152e-01,9.999977350234985352e-01,-9.999696612358093262e-01,-9.999987483024597168e-01,-9.999968409538269043e-01,-9.999977946281433105e-01,-9.999959468841552734e-01,-9.999955892562866211e-01,-9.999989271163940430e-01,9.999986886978149414e-01,9.999988079071044922e-01,9.999972581863403320e-01,9.999986290931701660e-01,9.999872446060180664e-01,9.999973177909851074e-01,9.999972581863403320e-01,9.999981522560119629e-01,9.999325275421142578e-01,-9.999977350234985352e-01,-9.999970197677612305e-01,9.999946951866149902e-01,-9.999988675117492676e-01,-9.999985694885253906e-01,-9.999954700469970703e-01,-9.999771714210510254e-01,9.999988675117492676e-01,9.999989867210388184e-01,9.999914765357971191e-01,9.999979734420776367e-01,-9.999990463256835938e-01,9.999987483024597168e-01,-9.999975562095642090e-01,-9.999967813491821289e-01,9.999911189079284668e-01,-9.999541044235229492e-01,9.999979734420776367e-01,-9.999870657920837402e-01,-9.999979138374328613e-01,9.999932050704956055e-01,9.999981522560119629e-01,-9.999763965606689453e-01,-9.999980926513671875e-01,9.999988675117492676e-01,9.999527335166931152e-01,9.999986886978149414e-01,9.999896883964538574e-01,-9.999929666519165039e-01,-9.999985694885253906e-01,9.999870657920837402e-01,-9.999986290931701660e-01,9.999986290931701660e-01,-9.999984502792358398e-01,9.999395608901977539e-01,9.999986290931701660e-01,-9.999986886978149414e-01,9.999978542327880859e-01,-9.999740123748779297e-01,-9.999989271163940430e-01,9.999988079071044922e-01,-9.999957084655761719e-01,9.999981522560119629e-01,-9.999985694885253906e-01,9.999946355819702148e-01,9.999539256095886230e-01,-9.999984502792358398e-01,-9.999760985374450684e-01,-9.999889135360717773e-01,9.999973177909851074e-01,9.999954104423522949e-01,-9.999986886978149414e-01,9.999971389770507812e-01,-9.999982714653015137e-01,9.999980926513671875e-01,9.999955296516418457e-01,-9.999991655349731445e-01,9.999985098838806152e-01,-9.999985694885253906e-01,9.999986886978149414e-01,-9.999861121177673340e-01,9.999974966049194336e-01,9.999988675117492676e-01,-9.999960660934448242e-01,-9.999985694885253906e-01,9.999982714653015137e-01,-9.999926686286926270e-01,9.999970793724060059e-01,9.999898076057434082e-01,9.999982714653015137e-01
-9.999867081642150879e-01,9.999859333038330078e-01,9.999281167984008789e-01,-9.999892115592956543e-01,-9.999916553497314453e-01,9.999890923500061035e-01,9.999106526374816895e-01,-9.999924898147583008e-01,9.999786019325256348e-01,-9.999728202819824219e-01,9.998775124549865723e-01,9.999912381172180176e-01,-9.999889135360717773e-01,-9.999760985374450684e-01,-9.993703365325927734e-01,-9.999845027923583984e-01,-9.999846816062927246e-01,9.999730587005615234e-01,9.978923201560974121e-01,9.999930262565612793e-01,9.999912381172180176e-01,-9.999061226844787598e-01,-9.999737739562988281e-01,-9.999871253967285156e-01,9.998092651367187500e-01,-9.999929666519165039e-01,9.999868273735046387e-01,9.999920129776000977e-01,-9.999309182167053223e-01,9.999347925186157227e-01,9.999864697456359863e-01,9.999907612800598145e-01,-9.999817013740539551e-01,-9.999850988388061523e-01,9.999812841415405273e-01,9.999718070030212402e-01,-9.999920129776000977e-01,-9.999905824661254883e-01,-9.999496936798095703e-01,9.999909400939941406e-01,-9.999887943267822266e-01,9.999818801879882812e-01,-9.997511506080627441e-01,-9.999900460243225098e-01,-9.999747276306152344e-01,-9.999824166297912598e-01,-9.999666213989257812e-01,-9.999642968177795410e-01,-9.999909400939941406e-01,9.999895095825195312e-01,9.999902248382568359e-01,9.999778866767883301e-01,9.999889731407165527e-01,9.998956918716430664e-01,9.999778270721435547e-01,9.999777674674987793e-01,9.999851584434509277e-01,9.994491934776306152e-01,-9.999816417694091797e-01,-9.999759793281555176e-01,9.999560713768005371e-01,-9.999910593032836914e-01,-9.999884963035583496e-01,-9.999623894691467285e-01,-9.998135566711425781e-01,9.999908208847045898e-01,9.999918341636657715e-01,9.999302625656127930e-01,9.999837875366210938e-01,-9.999920129776000977e-01,9.999890923500061035e-01,-9.999797344207763672e-01,-9.999742507934570312e-01,9.999266862869262695e-01,-9.996254444122314453e-01,9.999836087226867676e-01,-9.998941421508789062e-01,-9.999829530715942383e-01,9.999442696571350098e-01,9.999852776527404785e-01,-9.998062849044799805e-01,-9.999846816062927246e-01,9.999906420707702637e-01,9.996135234832763672e-01,9.999890327453613281e-01,9.999163150787353516e-01,-9.999417662620544434e-01,-9.999883770942687988e-01,9.998943805694580078e-01,-9.999889731407165527e-01,9.999883770942687988e-01,-9.999877214431762695e-01,9.995057582855224609e-01,9.999890327453613281e-01,-9.999896287918090820e-01,9.999822974205017090e-01,-9.997873902320861816e-01,-9.999917149543762207e-01,9.999907016754150391e-01,-9.999648332595825195e-01,9.999850988388061523e-01,-9.999891519546508789e-01,9.999562501907348633e-01,9.996238946914672852e-01,-9.999873042106628418e-01,-9.998053312301635742e-01,-9.999085664749145508e-01,9.999785423278808594e-01,9.999623894691467285e-01,-9.999888539314270020e-01,9.999775290489196777e-01,-9.999866485595703125e-01,9.999848008155822754e-01,9.999631047248840332e-01,-9.999929070472717285e-01,9.999878406524658203e-01,-9.999887347221374512e-01,9.999895095825195312e-01,-9.998863339424133301e-01,9.999791383743286133e-01,9.999907612800598145e-01,-9.999682307243347168e-01,-9.999882578849792480e-01,9.999849796295166016e-01,-9.999393820762634277e-01,9.999773502349853516e-01,9.999170899391174316e-01,9.999859333038330078e-01
9.999988079071044922e-01,-9.999988079071044922e-01,-9.999940395355224609e-01,9.999991059303283691e-01,9.999993443489074707e-01,-9.999991059303283691e-01,-9.999924898147583008e-01,9.999994039535522461e-01,-9.999982714653015137e-01,9.999977350234985352e-01,-9.999898076057434082e-01,-9.999992847442626953e-01,9.999991059303283691e-01,9.999979734420776367e-01,9.999469518661499023e-01,9.999986886978149414e-01,9.999987483024597168e-01,-9.999977350234985352e-01,-9.998223185539245605e-01,-9.999994635581970215e-01,-9.999994039535522461e-01,9.999921321868896484e-01,9.999977350234985352e-01,9.999988675117492676e-01,-9.999839663505554199e-01,9.999994635581970215e-01,-9.999988079071044922e-01,-9.999994039535522461e-01,9.999942779541015625e-01,-9.999945163726806641e-01,-9.999988675117492676e-01,-9.999992847442626953e-01,9.999984502792358398e-01,9.999987483024597168e-01,-9.999985098838806152e-01,-9.999974966049194336e-01,9.999993443489074707e-01,9.999992251396179199e-01,9.999958276748657227e-01,-9.999992847442626953e-01,9.999991059303283691e-01,-9.999984502792358398e-01,9.999791383743286133e-01,9.999992251396179199e-01,9.999978542327880859e-01,9.999985098838806152e-01,9.999971389770507812e-01,9.999968409538269043e-01,9.999992847442626953e-01,-9.999991655349731445e-01,-9.999992251396179199e-01,-9.999980926513671875e-01,-9.999992251396179199e-01,-9.999912381172180176e-01,-9.999980926513671875e-01,-9.999980926513671875e-01,-9.999987483024597168e-01,-9.999536871910095215e-01,9.999985098838806152e-01,9.999979734420776367e-01,-9.999962449073791504e-01,9.999992847442626953e-01,9.999990463256835938e-01,9.999969005584716797e-01,9.999844431877136230e-01,-9.999992847442626953e-01,-9.999993443489074707e-01,-9.999942183494567871e-01,-9.999986290931701660e-01,9.999992847442626953e-01,-9.999991059303283691e-01,9.999982714653015137e-01,9.999978542327880859e-01,-9.999938607215881348e-01,9.999685287475585938e-01,-9.999985694885253906e-01,9.999911785125732422e-01,9.999986290931701660e-01,-9.999952912330627441e-01,-9.999987483024597168e-01,9.999837875366210938e-01,9.999986290931701660e-01,-9.999992251396179199e-01,-9.999674558639526367e-01,-9.999991059303283691e-01,-9.999929666519165039e-01,9.999951124191284180e-01,9.999990463256835938e-01,-9.999911785125732422e-01,9.999992251396179199e-01,-9.999990463256835938e-01,9.999989867210388184e-01,-9.999584555625915527e-01,-9.999991059303283691e-01,9.999991655349731445e-01,-9.999985098838806152e-01,9.999820590019226074e-01,9.999992251396179199e-01,-9.999993443489074707e-01,9.999970197677612305e-01,-9.999986290931701660e-01,9.999991059303283691e-01,-9.999962449073791504e-01,-9.999684095382690430e-01,9.999989271163940430e-01,9.999836683273315430e-01,9.999924302101135254e-01,-9.999982714653015137e-01,-9.999967813491821289e-01,9.999992251396179199e-01,-9.999980926513671875e-01,9.999988079071044922e-01,-9.999988079071044922e-01,-9.999969601631164551e-01,9.999995231628417969e-01,-9.999989867210388184e-01,9.999991059303283691e-01,-9.999991655349731445e-01,9.999904036521911621e-01,-9.999982118606567383e-01,-9.999993443489074707e-01,9.999972581863403320e-01,9.999990463256835938e-01,-9.999986886978149414e-01,9.999949932098388672e-01,-9.999980926513671875e-01,-9.999930262565612793e-01,-9.999988079071044922e-01
-9.999967813491821289e-01,9.999966025352478027e-01,9.999828338623046875e-01,-9.999973773956298828e-01,-9.999979734420776367e-01,9.999974370002746582e-01,9.999786019325256348e-01,-9.999982714653015137e-01,9.999948740005493164e-01,-9.999935626983642578e-01,9.999707937240600586e-01,9.999978542327880859e-01,-9.999973177909851074e-01,-9.999943375587463379e-01,-9.998488426208496094e-01,-9.999963045120239258e-01,-9.999963641166687012e-01,9.999936223030090332e-01,9.994933605194091797e-01,9.999982714653015137e-01,9.999979138374328613e-01,-9.999775886535644531e-01,-9.999936819076538086e-01,-9.999968409538269043e-01,9.999542832374572754e-01,-9.999983906745910645e-01,9.999967813491821289e-01,9.999981522560119629e-01,-9.999834299087524414e-01,9.999843835830688477e-01,9.999967217445373535e-01,9.999977350234985352e-01,-9.999956488609313965e-01,-9.999964833259582520e-01,9.999955892562866211e-01,9.999932050704956055e-01,-9.999981522560119629e-01,-9.999977350234985352e-01,-9.999880194664001465e-01,9.999977946281433105e-01,-9.999972581863403320e-01,9.999957084655761719e-01,-9.999403357505798340e-01,-9.999976754188537598e-01,-9.999939203262329102e-01,-9.999957680702209473e-01,-9.999920725822448730e-01,-9.999914765357971191e-01,-9.999979138374328613e-01,9.999974966049194336e-01,9.999976754188537598e-01,9.999946951866149902e-01,9.999973177909851074e-01,9.999749064445495605e-01,9.999947547912597656e-01,9.999946355819702148e-01,9.999964833259582520e-01,9.998678565025329590e-01,-9.999956488609313965e-01,-9.999942183494567871e-01,9.999895691871643066e-01,-9.999978542327880859e-01,-9.999971985816955566e-01,-9.999910593032836914e-01,-9.999552965164184570e-01,9.999977350234985352e-01,9.999981522560119629e-01,9.999833106994628906e-01,9.999961256980895996e-01,-9.999980330467224121e-01,9.999974370002746582e-01,-9.999951720237731934e-01,-9.999938011169433594e-01,9.999824166297912598e-01,-9.999101758003234863e-01,9.999961256980895996e-01,-9.999746084213256836e-01,-9.999959468841552734e-01,9.999866485595703125e-01,9.999964237213134766e-01,-9.999535083770751953e-01,-9.999962449073791504e-01,9.999977350234985352e-01,9.999072551727294922e-01,9.999973773956298828e-01,9.999799728393554688e-01,-9.999861121177673340e-01,-9.999971389770507812e-01,9.999746680259704590e-01,-9.999973773956298828e-01,9.999972581863403320e-01,-9.999970793724060059e-01,9.998813867568969727e-01,9.999973177909851074e-01,-9.999974966049194336e-01,9.999958276748657227e-01,-9.999489188194274902e-01,-9.999979734420776367e-01,9.999977946281433105e-01,-9.999915957450866699e-01,9.999962449073791504e-01,-9.999973773956298828e-01,9.999896287918090820e-01,9.999096989631652832e-01,-9.999970197677612305e-01,-9.999532699584960938e-01,-9.999781847000122070e-01,9.999949336051940918e-01,9.999910593032836914e-01,-9.999973773956298828e-01,9.999946355819702148e-01,-9.999966621398925781e-01,9.999964237213134766e-01,9.999911189079284668e-01,-9.999982714653015137e-01,9.999970197677612305e-01,-9.999973177909851074e-01,9.999974370002746582e-01,-9.999727606773376465e-01,9.999949932098388672e-01,9.999977946281433105e-01,-9.999924898147583008e-01,-9.999971985816955566e-01,9.999963641166687012e-01,-9.999855756759643555e-01,9.999945759773254395e-01,9.999801516532897949e-01,9.999965429306030273e-01
9.999960064888000488e-01,-9.999957680702209473e-01,-9.999781250953674316e-01,9.999966621398925781e-01,9.999974370002746582e-01,-9.999966025352478027e-01,-9.999728202819824219e-01,9.999977350234985352e-01,-9.999935626983642578e-01,9.999917149543762207e-01,-9.999626278877258301e-01,-9.999973773956298828e-01,9.999966621398925781e-01,9.999927878379821777e-01,9.998074769973754883e-01,9.999952912330627441e-01,9.999953508377075195e-01,-9.999918937683105469e-01,-9.993547797203063965e-01,-9.999978542327880859e-01,-9.999973177909851074e-01,9.999713897705078125e-01,9.999920129776000977e-01,9.999960064888000488e-01,-9.999416470527648926e-01,9.999977946281433105e-01,-9.999960064888000488e-01,-9.999975562095642090e-01,9.999788999557495117e-01,-9.999800920486450195e-01,-9.999959468841552734e-01,-9.999971389770507812e-01,9.999944567680358887e-01,9.999954700469970703e-01,-9.999943375587463379e-01,-9.999913573265075684e-01,9.999975562095642090e-01,9.999970793724060059e-01,9.999847412109375000e-01,-9.999971985816955566e-01,9.999965429306030273e-01,-9.999945163726806641e-01,9.999239444732666016e-01,9.999970197677612305e-01,9.999922513961791992e-01,9.999946951866149902e-01,9.999898672103881836e-01,9.999890923500061035e-01,9.999971985816955566e-01,-9.999968409538269043e-01,-9.999969601631164551e-01,-9.999932050704956055e-01,-9.999966025352478027e-01,-9.999681711196899414e-01,-9.999933242797851562e-01,-9.999932050704956055e-01,-9.999955296516418457e-01,-9.998316764831542969e-01,9.999943375587463379e-01,9.999926090240478516e-01,-9.999865889549255371e-01,9.999972581863403320e-01,9.999965429306030273e-01,9.999886155128479004e-01,9.999430775642395020e-01,-9.999971985816955566e-01,-9.999974370002746582e-01,-9.999787807464599609e-01,-9.999951124191284180e-01,9.999975562095642090e-01,-9.999967217445373535e-01,9.999938607215881348e-01,9.999921321868896484e-01,-9.999775886535644531e-01,9.998854398727416992e-01,-9.999949932098388672e-01,9.999676942825317383e-01,9.999948143959045410e-01,-9.999830722808837891e-01,-9.999955892562866211e-01,9.999408721923828125e-01,9.999953508377075195e-01,-9.999971985816955566e-01,-9.998819231986999512e-01,-9.999966621398925781e-01,-9.999744892120361328e-01,9.999822378158569336e-01,9.999964833259582520e-01,-9.999676942825317383e-01,9.999966621398925781e-01,-9.999964833259582520e-01,9.999963045120239258e-01,-9.998490214347839355e-01,-9.999966025352478027e-01,9.999967813491821289e-01,-9.999945759773254395e-01,9.999349713325500488e-01,9.999973773956298828e-01,-9.999971985816955566e-01,9.999892711639404297e-01,-9.999954700469970703e-01,9.999967217445373535e-01,-9.999867677688598633e-01,-9.998850226402282715e-01,9.999960660934448242e-01,9.999405145645141602e-01,9.999721050262451172e-01,-9.999935030937194824e-01,-9.999884963035583496e-01,9.999965429306030273e-01,-9.999932646751403809e-01,9.999959468841552734e-01,-9.999954104423522949e-01,-9.999887943267822266e-01,9.999978542327880859e-01,-9.999963641166687012e-01,9.999964833259582520e-01,-9.999967217445373535e-01,9.999652504920959473e-01,-9.999937415122985840e-01,-9.999971985816955566e-01,9.999903440475463867e-01,9.999963641166687012e-01,-9.999954700469970703e-01,9.999815225601196289e-01,-9.999930858612060547e-01,-9.999747276306152344e-01,-9.999957680702209473e-01
-9.999818205833435059e-01,9.999807476997375488e-01,9.999014139175415039e-01,-9.999852776527404785e-01,-9.999885559082031250e-01,9.999850392341613770e-01,9.998775124549865723e-01,-9.999898076057434082e-01,9.999707937240600586e-01,-9.999626278877258301e-01,9.998322725296020508e-01,9.999880790710449219e-01,-9.999848008155822754e-01,-9.999670386314392090e-01,-9.991372823715209961e-01,-9.999787211418151855e-01,-9.999788999557495117e-01,9.999629259109497070e-01,9.971135854721069336e-01,9.999904036521911621e-01,9.999880194664001465e-01,-9.998714923858642578e-01,-9.999640583992004395e-01,-9.999824166297912598e-01,9.997385740280151367e-01,-9.999903440475463867e-01,9.999819993972778320e-01,9.999889135360717773e-01,-9.999053478240966797e-01,9.999105334281921387e-01,9.999815225601196289e-01,9.999873042106628418e-01,-9.999747872352600098e-01,-9.999796152114868164e-01,9.999742507934570312e-01,9.999612569808959961e-01,-9.999890923500061035e-01,-9.999872446060180664e-01,-9.999311566352844238e-01,9.999874234199523926e-01,-9.999846220016479492e-01,9.999752640724182129e-01,-9.996587634086608887e-01,-9.999864101409912109e-01,-9.999653100967407227e-01,-9.999758601188659668e-01,-9.999542236328125000e-01,-9.999510049819946289e-01,-9.999874830245971680e-01,9.999856352806091309e-01,9.999865889549255371e-01,9.999696612358093262e-01,9.999848604202270508e-01,9.998570680618286133e-01,9.999694824218750000e-01,9.999694824218750000e-01,9.999796152114868164e-01,9.992451667785644531e-01,-9.999747276306152344e-01,-9.999669194221496582e-01,9.999398589134216309e-01,-9.999877810478210449e-01,-9.999843239784240723e-01,-9.999485015869140625e-01,-9.997444152832031250e-01,9.999874234199523926e-01,9.999887943267822266e-01,9.999045133590698242e-01,9.999777674674987793e-01,-9.999890327453613281e-01,9.999851584434509277e-01,-9.999721646308898926e-01,-9.999645948410034180e-01,9.998995065689086914e-01,-9.994867444038391113e-01,9.999774694442749023e-01,-9.998548030853271484e-01,-9.999765157699584961e-01,9.999237060546875000e-01,9.999798536300659180e-01,-9.997345209121704102e-01,-9.999790191650390625e-01,9.999873042106628418e-01,9.994703531265258789e-01,9.999848604202270508e-01,9.998853206634521484e-01,-9.999200105667114258e-01,-9.999840259552001953e-01,9.998553395271301270e-01,-9.999848008155822754e-01,9.999840259552001953e-01,-9.999831914901733398e-01,9.993226528167724609e-01,9.999849796295166016e-01,-9.999858140945434570e-01,9.999757409095764160e-01,-9.997084736824035645e-01,-9.999885559082031250e-01,9.999871253967285156e-01,-9.999518990516662598e-01,9.999794960021972656e-01,-9.999851584434509277e-01,9.999400377273559570e-01,9.994846582412719727e-01,-9.999825954437255859e-01,-9.997332692146301270e-01,-9.998747110366821289e-01,9.999706149101257324e-01,9.999483227729797363e-01,-9.999847412109375000e-01,9.999692440032958984e-01,-9.999817609786987305e-01,9.999792575836181641e-01,9.999493360519409180e-01,-9.999902844429016113e-01,9.999833106994628906e-01,-9.999845623970031738e-01,9.999855160713195801e-01,-9.998443126678466797e-01,9.999713897705078125e-01,9.999873042106628418e-01,-9.999563097953796387e-01,-9.999839067459106445e-01,9.999793767929077148e-01,-9.999168515205383301e-01,9.999689459800720215e-01,9.998863935470581055e-01,9.999806880950927734e-01
-9.999986886978149414e-01,9.999986290931701660e-01,9.999929666519165039e-01,-9.999989271163940430e-01,-9.999992251396179199e-01,9.999989271163940430e-01,9.999912381172180176e-01,-9.999992847442626953e-01,9.999978542327880859e-01,-9.999973773956298828e-01,9.999880790710449219e-01,9.999991655349731445e-01,-9.999989867210388184e-01,-9.999976754188537598e-01,-9.999382495880126953e-01,-9.999984502792358398e-01,-9.999984502792358398e-01,9.999973773956298828e-01,9.997930526733398438e-01,9.999993443489074707e-01,9.999991655349731445e-01,-9.999908804893493652e-01,-9.999973773956298828e-01,-9.999986290931701660e-01,9.999813437461853027e-01,-9.999993443489074707e-01,9.999986290931701660e-01,9.999993443489074707e-01,-9.999932646751403809e-01,9.999936223030090332e-01,9.999986290931701660e-01,9.999991059303283691e-01,-9.999981522560119629e-01,-9.999985098838806152e-01,9.999982118606567383e-01,9.999971389770507812e-01,-9.999992251396179199e-01,-9.999991059303283691e-01,-9.999950528144836426e-01,9.999991655349731445e-01,-9.999988079071044922e-01,9.999982118606567383e-01,-9.999756217002868652e-01,-9.999990463256835938e-01,-9.999974966049194336e-01,-9.999982714653015137e-01,-9.999967813491821289e-01,-9.999963641166687012e-01,-9.999991655349731445e-01,9.999989271163940430e-01,9.999991059303283691e-01,9.999977946281433105e-01,9.999989271163940430e-01,9.999896883964538574e-01,9.999978542327880859e-01,9.999977946281433105e-01,9.999985098838806152e-01,9.999459385871887207e-01,-9.999981522560119629e-01,-9.999976158142089844e-01,9.999957084655761719e-01,-9.999991655349731445e-01,-9.999988675117492676e-01,-9.999963641166687012e-01,-9.999817609786987305e-01,9.999991059303283691e-01,9.999992251396179199e-01,9.999931454658508301e-01,9.999983906745910645e-01,-9.999991655349731445e-01,9.999989271163940430e-01,-9.999979734420776367e-01,-9.999974370002746582e-01,9.999927878379821777e-01,-9.999632835388183594e-01,9.999983906745910645e-01,-9.999896287918090820e-01,-9.999983906745910645e-01,9.999945759773254395e-01,9.999985098838806152e-01,-9.999811053276062012e-01,-9.999984502792358398e-01,9.999991059303283691e-01,9.999620914459228516e-01,9.999989867210388184e-01,9.999917745590209961e-01,-9.999942779541015625e-01,-9.999987483024597168e-01,9.999896883964538574e-01,-9.999989867210388184e-01,9.999988079071044922e-01,-9.999988675117492676e-01,9.999514818191528320e-01,9.999989271163940430e-01,-9.999989867210388184e-01,9.999982118606567383e-01,-9.999790787696838379e-01,-9.999991059303283691e-01,9.999992251396179199e-01,-9.999965429306030273e-01,9.999985098838806152e-01,-9.999989271163940430e-01,9.999957680702209473e-01,9.999630451202392578e-01,-9.999987483024597168e-01,-9.999808669090270996e-01,-9.999911189079284668e-01,9.999978542327880859e-01,9.999962449073791504e-01,-9.999989271163940430e-01,9.999977946281433105e-01,-9.999986290931701660e-01,9.999985694885253906e-01,9.999964237213134766e-01,-9.999993443489074707e-01,9.999988079071044922e-01,-9.999988675117492676e-01,9.999988675117492676e-01,-9.999887943267822266e-01,9.999979734420776367e-01,9.999991059303283691e-01,-9.999969005584716797e-01,-9.999988079071044922e-01,9.999985098838806152e-01,-9.999940395355224609e-01,9.999977350234985352e-01,9.999918341636657715e-01,9.999985694885253906e-01
