9.999983906745910645e-01,-9.999986886978149414e-01,-9.999936223030090332e-01,9.999979138374328613e-01,9.999988675117492676e-01,-9.999988079071044922e-01,9.999958276748657227e-01,9.999991059303283691e-01,-9.999971389770507812e-01,9.999981522560119629e-01,-9.999987483024597168e-01,-9.999988675117492676e-01,9.999980926513671875e-01,9.999985098838806152e-01,9.999918937683105469e-01,9.999964237213134766e-01,9.999973177909851074e-01,-9.999984502792358398e-01,9.999933838844299316e-01,-9.999991059303283691e-01,-9.999989271163940430e-01,9.999928474426269531e-01,9.999985694885253906e-01,9.999982118606567383e-01,9.999888539314270020e-01,9.999989867210388184e-01,-9.999983310699462891e-01,-9.999989271163940430e-01,9.999892115592956543e-01,-9.999959468841552734e-01,-9.999923110008239746e-01,-9.999983906745910645e-01,9.999888539314270020e-01,9.999962449073791504e-01,-9.999977350234985352e-01,9.999157190322875977e-01,9.999990463256835938e-01,9.999985694885253906e-01,9.999916553497314453e-01,-9.999988675117492676e-01,9.999986886978149414e-01,-9.999907612800598145e-01,9.999801516532897949e-01,9.999988675117492676e-01,9.999982714653015137e-01,9.999982714653015137e-01,-9.999932646751403809e-01,9.999985098838806152e-01,9.999988079071044922e-01,-9.999985098838806152e-01,-9.999986886978149414e-01,-9.999983310699462891e-01,-9.999988079071044922e-01,-9.999929070472717285e-01,-9.999982714653015137e-01,-9.999980926513671875e-01,-9.999947547912597656e-01,9.999737739562988281e-01,9.999970197677612305e-01,9.999983906745910645e-01,-9.999984502792358398e-01,9.999989867210388184e-01,9.999983906745910645e-01,9.999953508377075195e-01,-9.999953508377075195e-01,-9.999988675117492676e-01,-9.999989867210388184e-01,-9.999960064888000488e-01,-9.999989271163940430e-01,9.999985694885253906e-01,-9.999986886978149414e-01,9.999977946281433105e-01,9.999890923500061035e-01,-9.999936223030090332e-01,-9.999774694442749023e-01,-9.999983310699462891e-01,9.999927878379821777e-01,9.999987483024597168e-01,-9.999946355819702148e-01,-9.999961256980895996e-01,9.999734759330749512e-01,9.999975562095642090e-01,-9.999988675117492676e-01,9.999979138374328613e-01,-9.999982118606567383e-01,-9.999891519546508789e-01,9.999810457229614258e-01,9.999989271163940430e-01,9.999858736991882324e-01,9.998364448547363281e-01,-9.999963641166687012e-01,9.999983906745910645e-01,-9.999827742576599121e-01,-9.999977350234985352e-01,9.999981522560119629e-01,-9.999978542327880859e-01,-9.999911189079284668e-01,9.999990463256835938e-01,-9.999987483024597168e-01,9.999960660934448242e-01,-9.999967813491821289e-01,9.999987483024597168e-01,-9.999163150787353516e-01,9.997361302375793457e-01,9.999986290931701660e-01,9.999971985816955566e-01,-9.999794363975524902e-01,-9.999983310699462891e-01,-9.999940395355224609e-01,9.999985098838806152e-01,-9.999983906745910645e-01,9.999980926513671875e-01,-9.999983310699462891e-01,-9.999613165855407715e-01,9.999991059303283691e-01,-9.999976754188537598e-01,9.999989867210388184e-01,-9.999982714653015137e-01,-9.999951124191284180e-01,-9.999977350234985352e-01,-9.999987483024597168e-01,9.999963045120239258e-01,9.999982714653015137e-01,-9.999976754188537598e-01,-9.999894499778747559e-01,-9.999955296516418457e-01,9.999901056289672852e-01,-9.999954104423522949e-01
-9.999986886978149414e-01,9.999989271163940430e-01,9.999947547912597656e-01,-9.999983310699462891e-01,-9.999991655349731445e-01,9.999990463256835938e-01,-9.999965429306030273e-01,-9.999992251396179199e-01,9.999976158142089844e-01,-9.999983906745910645e-01,9.999989867210388184e-01,9.999990463256835938e-01,-9.999984502792358398e-01,-9.999987483024597168e-01,-9.999933838844299316e-01,-9.999970793724060059e-01,-9.999978542327880859e-01,9.999988079071044922e-01,-9.999945163726806641e-01,9.999992251396179199e-01,9.999991059303283691e-01,-9.999941587448120117e-01,-9.999988079071044922e-01,-9.999985694885253906e-01,-9.999908804893493652e-01,-9.999992251396179199e-01,9.999985098838806152e-01,9.999991655349731445e-01,-9.999910593032836914e-01,9.999966621398925781e-01,9.999936819076538086e-01,9.999986886978149414e-01,-9.999908208847045898e-01,-9.999969005584716797e-01,9.999982118606567383e-01,-9.999307394027709961e-01,-9.999992251396179199e-01,-9.999988675117492676e-01,-9.999930858612060547e-01,9.999991059303283691e-01,-9.999989271163940430e-01,9.999923706054687500e-01,-9.999837279319763184e-01,-9.999991655349731445e-01,-9.999985694885253906e-01,-9.999985694885253906e-01,9.999945163726806641e-01,-9.999988079071044922e-01,-9.999990463256835938e-01,9.999988079071044922e-01,9.999990463256835938e-01,9.999985098838806152e-01,9.999991655349731445e-01,9.999943375587463379e-01,9.999985098838806152e-01,9.999984502792358398e-01,9.999957084655761719e-01,-9.999785423278808594e-01,-9.999976158142089844e-01,-9.999987483024597168e-01,9.999986886978149414e-01,-9.999991059303283691e-01,-9.999986886978149414e-01,-9.999961853027343750e-01,9.999961256980895996e-01,9.999991059303283691e-01,9.999991655349731445e-01,9.999967217445373535e-01,9.999991655349731445e-01,-9.999988079071044922e-01,9.999989271163940430e-01,-9.999982118606567383e-01,-9.999909996986389160e-01,9.999948740005493164e-01,9.999814629554748535e-01,9.999986290931701660e-01,-9.999939799308776855e-01,-9.999989271163940430e-01,9.999955892562866211e-01,9.999969005584716797e-01,-9.999781847000122070e-01,-9.999980330467224121e-01,9.999991059303283691e-01,-9.999983310699462891e-01,9.999986290931701660e-01,9.999911189079284668e-01,-9.999845027923583984e-01,-9.999991655349731445e-01,-9.999884366989135742e-01,-9.998655915260314941e-01,9.999970793724060059e-01,-9.999985694885253906e-01,9.999858736991882324e-01,9.999980926513671875e-01,-9.999983906745910645e-01,9.999982118606567383e-01,9.999926686286926270e-01,-9.999992251396179199e-01,9.999991059303283691e-01,-9.999967813491821289e-01,9.999973177909851074e-01,-9.999991059303283691e-01,9.999311566352844238e-01,-9.997832775115966797e-01,-9.999988675117492676e-01,-9.999977350234985352e-01,9.999830722808837891e-01,9.999987483024597168e-01,9.999950528144836426e-01,-9.999988079071044922e-01,9.999986886978149414e-01,-9.999984502792358398e-01,9.999986290931701660e-01,9.999682903289794922e-01,-9.999992251396179199e-01,9.999980330467224121e-01,-9.999991059303283691e-01,9.999986886978149414e-01,9.999959468841552734e-01,9.999982118606567383e-01,9.999990463256835938e-01,-9.999969601631164551e-01,-9.999986290931701660e-01,9.999981522560119629e-01,9.999912977218627930e-01,9.999962449073791504e-01,-9.999918937683105469e-01,9.999961853027343750e-01
-9.999936223030090332e-01,9.999947547912597656e-01,9.999745488166809082e-01,-9.999921321868896484e-01,-9.999957680702209473e-01,9.999952316284179688e-01,-9.999834299087524414e-01,-9.999960064888000488e-01,9.999887943267822266e-01,-9.999926686286926270e-01,9.999951124191284180e-01,9.999957084655761719e-01,-9.999924898147583008e-01,-9.999940991401672363e-01,-9.999679327011108398e-01,-9.999859333038330078e-01,-9.999897480010986328e-01,9.999938011169433594e-01,-9.999735355377197266e-01,9.999963045120239258e-01,9.999958872795104980e-01,-9.999714493751525879e-01,-9.999943971633911133e-01,-9.999930858612060547e-01,-9.999554157257080078e-01,-9.999960064888000488e-01,9.999933838844299316e-01,9.999957084655761719e-01,-9.999569654464721680e-01,9.999842047691345215e-01,9.999694228172302246e-01,9.999936819076538086e-01,-9.999555945396423340e-01,-9.999853372573852539e-01,9.999914765357971191e-01,-9.996640682220458984e-01,-9.999960064888000488e-01,-9.999945759773254395e-01,-9.999665021896362305e-01,9.999955892562866211e-01,-9.999947547912597656e-01,9.999628663063049316e-01,-9.999207258224487305e-01,-9.999956488609313965e-01,-9.999935626983642578e-01,-9.999932646751403809e-01,9.999734759330749512e-01,-9.999941587448120117e-01,-9.999952316284179688e-01,9.999941587448120117e-01,9.999952316284179688e-01,9.999932646751403809e-01,9.999955296516418457e-01,9.999720454216003418e-01,9.999930262565612793e-01,9.999928474426269531e-01,9.999791979789733887e-01,-9.998956322669982910e-01,-9.999887347221374512e-01,-9.999937415122985840e-01,9.999938011169433594e-01,-9.999958276748657227e-01,-9.999937415122985840e-01,-9.999818205833435059e-01,9.999815821647644043e-01,9.999954700469970703e-01,9.999961853027343750e-01,9.999842047691345215e-01,9.999959468841552734e-01,-9.999943971633911133e-01,9.999951720237731934e-01,-9.999912977218627930e-01,-9.999564290046691895e-01,9.999746084213256836e-01,9.999099373817443848e-01,9.999935030937194824e-01,-9.999710321426391602e-01,-9.999949932098388672e-01,9.999785423278808594e-01,9.999848604202270508e-01,-9.998944401741027832e-01,-9.999909400939941406e-01,9.999955296516418457e-01,-9.999920129776000977e-01,9.999933242797851562e-01,9.999567866325378418e-01,-9.999246001243591309e-01,-9.999958872795104980e-01,-9.999436736106872559e-01,-9.993481636047363281e-01,9.999860525131225586e-01,-9.999936223030090332e-01,9.999312162399291992e-01,9.999909996986389160e-01,-9.999927878379821777e-01,9.999915957450866699e-01,9.999644160270690918e-01,-9.999960064888000488e-01,9.999953508377075195e-01,-9.999845027923583984e-01,9.999873042106628418e-01,-9.999953508377075195e-01,9.996664524078369141e-01,-9.989489912986755371e-01,-9.999946951866149902e-01,-9.999893903732299805e-01,9.999178051948547363e-01,9.999935626983642578e-01,9.999758601188659668e-01,-9.999941587448120117e-01,9.999940395355224609e-01,-9.999929666519165039e-01,9.999933838844299316e-01,9.998457431793212891e-01,-9.999961256980895996e-01,9.999911189079284668e-01,-9.999958872795104980e-01,9.999933242797851562e-01,9.999803900718688965e-01,9.999914169311523438e-01,9.999951720237731934e-01,-9.999858736991882324e-01,-9.999932050704956055e-01,9.999905824661254883e-01,9.999577999114990234e-01,9.999819397926330566e-01,-9.999607801437377930e-01,9.999817609786987305e-01
9.999979138374328613e-01,-9.999983310699462891e-01,-9.999921321868896484e-01,9.999974966049194336e-01,9.999985694885253906e-01,-9.999985098838806152e-01,9.999948740005493164e-01,9.999987483024597168e-01,-9.999963641166687012e-01,9.999976754188537598e-01,-9.999984502792358398e-01,-9.999985694885253906e-01,9.999976754188537598e-01,9.999981522560119629e-01,9.999901056289672852e-01,9.999957084655761719e-01,9.999967813491821289e-01,-9.999980926513671875e-01,9.999918341636657715e-01,-9.999988079071044922e-01,-9.999986290931701660e-01,9.999912381172180176e-01,9.999981522560119629e-01,9.999978542327880859e-01,9.999862909317016602e-01,9.999987483024597168e-01,-9.999979138374328613e-01,-9.999986290931701660e-01,9.999866485595703125e-01,-9.999951124191284180e-01,-9.999905824661254883e-01,-9.999979734420776367e-01,9.999862909317016602e-01,9.999954700469970703e-01,-9.999972581863403320e-01,9.998962879180908203e-01,9.999988675117492676e-01,9.999982714653015137e-01,9.999896883964538574e-01,-9.999985098838806152e-01,9.999983906745910645e-01,-9.999886155128479004e-01,9.999755620956420898e-01,9.999985694885253906e-01,9.999978542327880859e-01,9.999979138374328613e-01,-9.999918341636657715e-01,9.999981522560119629e-01,9.999985098838806152e-01,-9.999982118606567383e-01,-9.999985098838806152e-01,-9.999978542327880859e-01,-9.999985694885253906e-01,-9.999913573265075684e-01,-9.999977946281433105e-01,-9.999977946281433105e-01,-9.999935626983642578e-01,9.999677538871765137e-01,9.999964833259582520e-01,9.999980330467224121e-01,-9.999980926513671875e-01,9.999986290931701660e-01,9.999979138374328613e-01,9.999943971633911133e-01,-9.999943375587463379e-01,-9.999985694885253906e-01,-9.999988079071044922e-01,-9.999950528144836426e-01,-9.999986886978149414e-01,9.999982714653015137e-01,-9.999985098838806152e-01,9.999971985816955566e-01,9.999865889549255371e-01,-9.999921917915344238e-01,-9.999722838401794434e-01,-9.999980330467224121e-01,9.999911189079284668e-01,9.999984502792358398e-01,-9.999933838844299316e-01,-9.999952912330627441e-01,9.999673962593078613e-01,9.999970793724060059e-01,-9.999985694885253906e-01,9.999974370002746582e-01,-9.999979138374328613e-01,-9.999867081642150879e-01,9.999767541885375977e-01,9.999986886978149414e-01,9.999826550483703613e-01,9.997988939285278320e-01,-9.999957084655761719e-01,9.999979138374328613e-01,-9.999788403511047363e-01,-9.999971985816955566e-01,9.999976754188537598e-01,-9.999973773956298828e-01,-9.999890327453613281e-01,9.999987483024597168e-01,-9.999985694885253906e-01,9.999952316284179688e-01,-9.999958872795104980e-01,9.999985694885253906e-01,-9.998969435691833496e-01,9.996753931045532227e-01,9.999983310699462891e-01,9.999966025352478027e-01,-9.999746680259704590e-01,-9.999979734420776367e-01,-9.999925494194030762e-01,9.999980926513671875e-01,-9.999980330467224121e-01,9.999977350234985352e-01,-9.999978542327880859e-01,-9.999524354934692383e-01,9.999988079071044922e-01,-9.999971389770507812e-01,9.999987483024597168e-01,-9.999979138374328613e-01,-9.999940395355224609e-01,-9.999973177909851074e-01,-9.999985098838806152e-01,9.999957084655761719e-01,9.999978542327880859e-01,-9.999970197677612305e-01,-9.999870061874389648e-01,-9.999944567680358887e-01,9.999878406524658203e-01,-9.999942779541015625e-01
9.999988675117492676e-01,-9.999991655349731445e-01,-9.999957680702209473e-01,9.999985694885253906e-01,9.999993443489074707e-01,-9.999992251396179199e-01,9.999971985816955566e-01,9.999993443489074707e-01,-9.999980926513671875e-01,9.999987483024597168e-01,-9.999993443489074707e-01,-9.999992251396179199e-01,9.999987483024597168e-01,9.999990463256835938e-01,9.999946355819702148e-01,9.999976754188537598e-01,9.999982714653015137e-01,-9.999989271163940430e-01,9.999955892562866211e-01,-9.999994039535522461e-01,-9.999992847442626953e-01,9.999952316284179688e-01,9.999989867210388184e-01,9.999988079071044922e-01,9.999925494194030762e-01,9.999993443489074707e-01,-9.999988079071044922e-01,-9.999992847442626953e-01,9.999928474426269531e-01,-9.999973177909851074e-01,-9.999948740005493164e-01,-9.999989867210388184e-01,9.999926090240478516e-01,9.999974966049194336e-01,-9.999985694885253906e-01,9.999438524246215820e-01,9.999994039535522461e-01,9.999991059303283691e-01,9.999945163726806641e-01,-9.999992847442626953e-01,9.999991655349731445e-01,-9.999939203262329102e-01,9.999867677688598633e-01,9.999992847442626953e-01,9.999988675117492676e-01,9.999988675117492676e-01,-9.999955296516418457e-01,9.999990463256835938e-01,9.999992251396179199e-01,-9.999991059303283691e-01,-9.999991655349731445e-01,-9.999988079071044922e-01,-9.999992251396179199e-01,-9.999953508377075195e-01,-9.999987483024597168e-01,-9.999988079071044922e-01,-9.999964833259582520e-01,9.999825358390808105e-01,9.999980926513671875e-01,9.999989867210388184e-01,-9.999989271163940430e-01,9.999992847442626953e-01,9.999989271163940430e-01,9.999969005584716797e-01,-9.999967813491821289e-01,-9.999992847442626953e-01,-9.999993443489074707e-01,-9.999973177909851074e-01,-9.999993443489074707e-01,9.999991059303283691e-01,-9.999992251396179199e-01,9.999985098838806152e-01,9.999927282333374023e-01,-9.999957680702209473e-01,-9.999849796295166016e-01,-9.999989867210388184e-01,9.999951720237731934e-01,9.999992251396179199e-01,-9.999963641166687012e-01,-9.999974370002746582e-01,9.999823570251464844e-01,9.999983906745910645e-01,-9.999993443489074707e-01,9.999986290931701660e-01,-9.999988675117492676e-01,-9.999927878379821777e-01,9.999874234199523926e-01,9.999994039535522461e-01,9.999905824661254883e-01,9.998911619186401367e-01,-9.999975562095642090e-01,9.999989271163940430e-01,-9.999886155128479004e-01,-9.999984502792358398e-01,9.999988079071044922e-01,-9.999985694885253906e-01,-9.999940395355224609e-01,9.999994039535522461e-01,-9.999992847442626953e-01,9.999973773956298828e-01,-9.999978542327880859e-01,9.999991655349731445e-01,-9.999442696571350098e-01,9.998242855072021484e-01,9.999991655349731445e-01,9.999980926513671875e-01,-9.999862909317016602e-01,-9.999989867210388184e-01,-9.999960064888000488e-01,9.999990463256835938e-01,-9.999989271163940430e-01,9.999988079071044922e-01,-9.999988079071044922e-01,-9.999743103981018066e-01,9.999994039535522461e-01,-9.999983906745910645e-01,9.999993443489074707e-01,-9.999988675117492676e-01,-9.999966621398925781e-01,-9.999984502792358398e-01,-9.999992251396179199e-01,9.999975562095642090e-01,9.999988079071044922e-01,-9.999983906745910645e-01,-9.999929666519165039e-01,-9.999969601631164551e-01,9.999933838844299316e-01,-9.999969005584716797e-01
-9.999988079071044922e-01,9.999990463256835938e-01,9.999952316284179688e-01,-9.999985098838806152e-01,-9.999992251396179199e-01,9.999991655349731445e-01,-9.999969601631164551e-01,-9.999993443489074707e-01,9.999979138374328613e-01,-9.999986290931701660e-01,9.999992251396179199e-01,9.999992251396179199e-01,-9.999985694885253906e-01,-9.999989271163940430e-01,-9.999940395355224609e-01,-9.999974370002746582e-01,-9.999980330467224121e-01,9.999989271163940430e-01,-9.999950528144836426e-01,9.999994635581970215e-01,9.999992847442626953e-01,-9.999947547912597656e-01,-9.999989271163940430e-01,-9.999986886978149414e-01,-9.999917745590209961e-01,-9.999992847442626953e-01,9.999987483024597168e-01,9.999992251396179199e-01,-9.999920129776000977e-01,9.999970793724060059e-01,9.999943971633911133e-01,9.999988675117492676e-01,-9.999917745590209961e-01,-9.999973177909851074e-01,9.999983906745910645e-01,-9.999373555183410645e-01,-9.999994039535522461e-01,-9.999990463256835938e-01,-9.999938607215881348e-01,9.999992251396179199e-01,-9.999991655349731445e-01,9.999932050704956055e-01,-9.999852180480957031e-01,-9.999992251396179199e-01,-9.999988079071044922e-01,-9.999987483024597168e-01,9.999950528144836426e-01,-9.999989271163940430e-01,-9.999991655349731445e-01,9.999989271163940430e-01,9.999991655349731445e-01,9.999987483024597168e-01,9.999992251396179199e-01,9.999948143959045410e-01,9.999986886978149414e-01,9.999986290931701660e-01,9.999961853027343750e-01,-9.999805688858032227e-01,-9.999978542327880859e-01,-9.999988675117492676e-01,9.999988079071044922e-01,-9.999992847442626953e-01,-9.999988675117492676e-01,-9.999965429306030273e-01,9.999965429306030273e-01,9.999991655349731445e-01,9.999992251396179199e-01,9.999970197677612305e-01,9.999993443489074707e-01,-9.999989271163940430e-01,9.999991655349731445e-01,-9.999983310699462891e-01,-9.999918937683105469e-01,9.999953508377075195e-01,9.999833106994628906e-01,9.999988675117492676e-01,-9.999946355819702148e-01,-9.999991059303283691e-01,9.999960660934448242e-01,9.999971389770507812e-01,-9.999803304672241211e-01,-9.999982118606567383e-01,9.999992847442626953e-01,-9.999983906745910645e-01,9.999987483024597168e-01,9.999920129776000977e-01,-9.999860525131225586e-01,-9.999992847442626953e-01,-9.999895691871643066e-01,-9.998783469200134277e-01,9.999973773956298828e-01,-9.999987483024597168e-01,9.999873042106628418e-01,9.999983906745910645e-01,-9.999986290931701660e-01,9.999983906745910645e-01,9.999934434890747070e-01,-9.999992847442626953e-01,9.999991655349731445e-01,-9.999971389770507812e-01,9.999976158142089844e-01,-9.999991655349731445e-01,9.999377727508544922e-01,-9.998039007186889648e-01,-9.999990463256835938e-01,-9.999979734420776367e-01,9.999846816062927246e-01,9.999988675117492676e-01,9.999955296516418457e-01,-9.999989867210388184e-01,9.999988675117492676e-01,-9.999986886978149414e-01,9.999986886978149414e-01,9.999711513519287109e-01,-9.999993443489074707e-01,9.999982118606567383e-01,-9.999992847442626953e-01,9.999987483024597168e-01,9.999964237213134766e-01,9.999983906745910645e-01,9.999992251396179199e-01,-9.999972581863403320e-01,-9.999987483024597168e-01,9.999983310699462891e-01,9.999921321868896484e-01,9.999966025352478027e-01,-9.999927282333374023e-01,9.999965429306030273e-01
9.999958276748657227e-01,-9.999965429306030273e-01,-9.999834299087524414e-01,9.999948740005493164e-01,9.999971985816955566e-01,-9.999969601631164551e-01,9.999892115592956543e-01,9.999973773956298828e-01,-9.999926090240478516e-01,9.999952912330627441e-01,-9.999967813491821289e-01,-9.999971389770507812e-01,9.999951124191284180e-01,9.999961256980895996e-01,9.999790787696838379e-01,9.999908804893493652e-01,9.999933242797851562e-01,-9.999960064888000488e-01,9.999827742576599121e-01,-9.999976158142089844e-01,-9.999973177909851074e-01,9.999814629554748535e-01,9.999963045120239258e-01,9.999954700469970703e-01,9.999710321426391602e-01,9.999973177909851074e-01,-9.999955892562866211e-01,-9.999971985816955566e-01,9.999719262123107910e-01,-9.999897480010986328e-01,-9.999800324440002441e-01,-9.999958872795104980e-01,9.999709725379943848e-01,9.999904036521911621e-01,-9.999943375587463379e-01,9.997807145118713379e-01,9.999974966049194336e-01,9.999963641166687012e-01,9.999781847000122070e-01,-9.999970793724060059e-01,9.999966025352478027e-01,-9.999758601188659668e-01,9.999482035636901855e-01,9.999971389770507812e-01,9.999958276748657227e-01,9.999955892562866211e-01,-9.999826550483703613e-01,9.999961853027343750e-01,9.999968409538269043e-01,-9.999961853027343750e-01,-9.999968409538269043e-01,-9.999955892562866211e-01,-9.999970793724060059e-01,-9.999818205833435059e-01,-9.999955892562866211e-01,-9.999953508377075195e-01,-9.999864101409912109e-01,9.999318122863769531e-01,9.999926090240478516e-01,9.999958872795104980e-01,-9.999959468841552734e-01,9.999973177909851074e-01,9.999959468841552734e-01,9.999881982803344727e-01,-9.999879598617553711e-01,-9.999969601631164551e-01,-9.999974966049194336e-01,-9.999896883964538574e-01,-9.999973773956298828e-01,9.999963045120239258e-01,-9.999967813491821289e-01,9.999943375587463379e-01,9.999716281890869141e-01,-9.999834299087524414e-01,-9.999411702156066895e-01,-9.999957680702209473e-01,9.999811053276062012e-01,9.999967217445373535e-01,-9.999860525131225586e-01,-9.999901652336120605e-01,9.999309778213500977e-01,9.999940395355224609e-01,-9.999970793724060059e-01,9.999947547912597656e-01,-9.999956488609313965e-01,-9.999718070030212402e-01,9.999507665634155273e-01,9.999972581863403320e-01,9.999632835388183594e-01,9.995740652084350586e-01,-9.999908804893493652e-01,9.999958276748657227e-01,-9.999550580978393555e-01,-9.999940991401672363e-01,9.999952912330627441e-01,-9.999945759773254395e-01,-9.999768733978271484e-01,9.999973773956298828e-01,-9.999969005584716797e-01,9.999898672103881836e-01,-9.999917149543762207e-01,9.999969601631164551e-01,-9.997821450233459473e-01,9.993131160736083984e-01,9.999964833259582520e-01,9.999929666519165039e-01,-9.999462962150573730e-01,-9.999958276748657227e-01,-9.999842643737792969e-01,9.999962449073791504e-01,-9.999960064888000488e-01,9.999954104423522949e-01,-9.999957084655761719e-01,-9.998992681503295898e-01,9.999974370002746582e-01,-9.999942183494567871e-01,9.999973773956298828e-01,-9.999956488609313965e-01,-9.999873042106628418e-01,-9.999943971633911133e-01,-9.999969005584716797e-01,9.999907612800598145e-01,9.999956488609313965e-01,-9.999939203262329102e-01,-9.999725222587585449e-01,-9.999883174896240234e-01,9.999744892120361328e-01,-9.999880790710449219e-01
9.999991059303283691e-01,-9.999992251396179199e-01,-9.999960064888000488e-01,9.999987483024597168e-01,9.999993443489074707e-01,-9.999993443489074707e-01,9.999973773956298828e-01,9.999994039535522461e-01,-9.999982118606567383e-01,9.999987483024597168e-01,-9.999992847442626953e-01,-9.999992847442626953e-01,9.999988079071044922e-01,9.999991655349731445e-01,9.999951720237731934e-01,9.999978542327880859e-01,9.999983310699462891e-01,-9.999989867210388184e-01,9.999960064888000488e-01,-9.999994039535522461e-01,-9.999993443489074707e-01,9.999957680702209473e-01,9.999991059303283691e-01,9.999988675117492676e-01,9.999933242797851562e-01,9.999993443489074707e-01,-9.999989271163940430e-01,-9.999994039535522461e-01,9.999935030937194824e-01,-9.999975562095642090e-01,-9.999953508377075195e-01,-9.999989867210388184e-01,9.999933838844299316e-01,9.999977350234985352e-01,-9.999986290931701660e-01,9.999496340751647949e-01,9.999993443489074707e-01,9.999992251396179199e-01,9.999949932098388672e-01,-9.999993443489074707e-01,9.999992251396179199e-01,-9.999944567680358887e-01,9.999881386756896973e-01,9.999994039535522461e-01,9.999989867210388184e-01,9.999989867210388184e-01,-9.999958276748657227e-01,9.999991655349731445e-01,9.999993443489074707e-01,-9.999990463256835938e-01,-9.999993443489074707e-01,-9.999989271163940430e-01,-9.999992847442626953e-01,-9.999958276748657227e-01,-9.999989271163940430e-01,-9.999988675117492676e-01,-9.999967217445373535e-01,9.999843239784240723e-01,9.999982714653015137e-01,9.999989867210388184e-01,-9.999989867210388184e-01,9.999993443489074707e-01,9.999991059303283691e-01,9.999971389770507812e-01,-9.999971389770507812e-01,-9.999993443489074707e-01,-9.999994039535522461e-01,-9.999975562095642090e-01,-9.999993443489074707e-01,9.999991059303283691e-01,-9.999992847442626953e-01,9.999986290931701660e-01,9.999935030937194824e-01,-9.999961256980895996e-01,-9.999864697456359863e-01,-9.999990463256835938e-01,9.999956488609313965e-01,9.999992251396179199e-01,-9.999966621398925781e-01,-9.999976754188537598e-01,9.999842643737792969e-01,9.999984502792358398e-01,-9.999992847442626953e-01,9.999986290931701660e-01,-9.999989271163940430e-01,-9.999935626983642578e-01,9.999887347221374512e-01,9.999994039535522461e-01,9.999915361404418945e-01,9.999023079872131348e-01,-9.999977946281433105e-01,9.999989867210388184e-01,-9.999897480010986328e-01,-9.999986290931701660e-01,9.999988675117492676e-01,-9.999986290931701660e-01,-9.999946951866149902e-01,9.999994635581970215e-01,-9.999993443489074707e-01,9.999976158142089844e-01,-9.999979734420776367e-01,9.999992847442626953e-01,-9.999499917030334473e-01,9.998425841331481934e-01,9.999991655349731445e-01,9.999982714653015137e-01,-9.999877214431762695e-01,-9.999991059303283691e-01,-9.999963045120239258e-01,9.999990463256835938e-01,-9.999990463256835938e-01,9.999988675117492676e-01,-9.999989271163940430e-01,-9.999768733978271484e-01,9.999994039535522461e-01,-9.999985098838806152e-01,9.999994039535522461e-01,-9.999989867210388184e-01,-9.999969601631164551e-01,-9.999986886978149414e-01,-9.999992847442626953e-01,9.999977350234985352e-01,9.999988675117492676e-01,-9.999985694885253906e-01,-9.999936223030090332e-01,-9.999972581863403320e-01,9.999940395355224609e-01,-9.999971389770507812e-01
-9.999971389770507812e-01,9.999976158142089844e-01,9.999887943267822266e-01,-9.999963641166687012e-01,-9.999980926513671875e-01,9.999979138374328613e-01,-9.999926090240478516e-01,-9.999982118606567383e-01,9.999950528144836426e-01,-9.999967217445373535e-01,9.999977946281433105e-01,9.999979734420776367e-01,-9.999966025352478027e-01,-9.999973773956298828e-01,-9.999858140945434570e-01,-9.999938011169433594e-01,-9.999954700469970703e-01,9.999971985816955566e-01,-9.999883174896240234e-01,9.999983906745910645e-01,9.999981522560119629e-01,-9.999873638153076172e-01,-9.999974966049194336e-01,-9.999969005584716797e-01,-9.999803304672241211e-01,-9.999982118606567383e-01,9.999970197677612305e-01,9.999981522560119629e-01,-9.999809265136718750e-01,9.999929666519165039e-01,9.999864101409912109e-01,9.999971389770507812e-01,-9.999802708625793457e-01,-9.999935030937194824e-01,9.999961256980895996e-01,-9.998511075973510742e-01,-9.999983310699462891e-01,-9.999976158142089844e-01,-9.999851584434509277e-01,9.999981522560119629e-01,-9.999976158142089844e-01,9.999836087226867676e-01,-9.999648928642272949e-01,-9.999980330467224121e-01,-9.999970793724060059e-01,-9.999969601631164551e-01,9.999882578849792480e-01,-9.999974370002746582e-01,-9.999978542327880859e-01,9.999973177909851074e-01,9.999978542327880859e-01,9.999969601631164551e-01,9.999979138374328613e-01,9.999877214431762695e-01,9.999969005584716797e-01,9.999967813491821289e-01,9.999907612800598145e-01,-9.999536871910095215e-01,-9.999949932098388672e-01,-9.999972581863403320e-01,9.999971389770507812e-01,-9.999981522560119629e-01,-9.999971985816955566e-01,-9.999919533729553223e-01,9.999918341636657715e-01,9.999979734420776367e-01,9.999983310699462891e-01,9.999930262565612793e-01,9.999981522560119629e-01,-9.999974966049194336e-01,9.999978542327880859e-01,-9.999960660934448242e-01,-9.999806284904479980e-01,9.999888539314270020e-01,9.999600648880004883e-01,9.999971389770507812e-01,-9.999871850013732910e-01,-9.999977350234985352e-01,9.999904632568359375e-01,9.999932646751403809e-01,-9.999530911445617676e-01,-9.999959468841552734e-01,9.999979734420776367e-01,-9.999963045120239258e-01,9.999969601631164551e-01,9.999808669090270996e-01,-9.999665617942810059e-01,-9.999981522560119629e-01,-9.999750852584838867e-01,-9.997107386589050293e-01,9.999938011169433594e-01,-9.999971389770507812e-01,9.999695420265197754e-01,9.999959468841552734e-01,-9.999966621398925781e-01,9.999961853027343750e-01,9.999842047691345215e-01,-9.999982118606567383e-01,9.999978542327880859e-01,-9.999931454658508301e-01,9.999943375587463379e-01,-9.999978542327880859e-01,9.998520612716674805e-01,-9.995335340499877930e-01,-9.999976754188537598e-01,-9.999952912330627441e-01,9.999635219573974609e-01,9.999971985816955566e-01,9.999893307685852051e-01,-9.999973773956298828e-01,9.999971985816955566e-01,-9.999967217445373535e-01,9.999969601631164551e-01,9.999315738677978516e-01,-9.999982714653015137e-01,9.999958872795104980e-01,-9.999981522560119629e-01,9.999969601631164551e-01,9.999912977218627930e-01,9.999961256980895996e-01,9.999979138374328613e-01,-9.999938011169433594e-01,-9.999969005584716797e-01,9.999958872795104980e-01,9.999813437461853027e-01,9.999920129776000977e-01,-9.999826550483703613e-01,9.999918937683105469e-01
9.999981522560119629e-01,-9.999983906745910645e-01,-9.999926686286926270e-01,9.999976754188537598e-01,9.999987483024597168e-01,-9.999986290931701660e-01,9.999952912330627441e-01,9.999987483024597168e-01,-9.999967217445373535e-01,9.999978542327880859e-01,-9.999985694885253906e-01,-9.999986886978149414e-01,9.999977946281433105e-01,9.999982118606567383e-01,9.999908208847045898e-01,9.999960064888000488e-01,9.999969601631164551e-01,-9.999982118606567383e-01,9.999924898147583008e-01,-9.999989271163940430e-01,-9.999987483024597168e-01,9.999918341636657715e-01,9.999982714653015137e-01,9.999979734420776367e-01,9.999872446060180664e-01,9.999988675117492676e-01,-9.999979734420776367e-01,-9.999987483024597168e-01,9.999877214431762695e-01,-9.999954700469970703e-01,-9.999912977218627930e-01,-9.999981522560119629e-01,9.999872446060180664e-01,9.999957680702209473e-01,-9.999974370002746582e-01,9.999043941497802734e-01,9.999988079071044922e-01,9.999983906745910645e-01,9.999904632568359375e-01,-9.999987483024597168e-01,9.999985098838806152e-01,-9.999895095825195312e-01,9.999774694442749023e-01,9.999986886978149414e-01,9.999980330467224121e-01,9.999979138374328613e-01,-9.999924302101135254e-01,9.999982714653015137e-01,9.999985694885253906e-01,-9.999983310699462891e-01,-9.999985098838806152e-01,-9.999979734420776367e-01,-9.999985694885253906e-01,-9.999920725822448730e-01,-9.999980330467224121e-01,-9.999978542327880859e-01,-9.999939799308776855e-01,9.999703764915466309e-01,9.999966621398925781e-01,9.999982118606567383e-01,-9.999982118606567383e-01,9.999987483024597168e-01,9.999980926513671875e-01,9.999948143959045410e-01,-9.999947547912597656e-01,-9.999986886978149414e-01,-9.999988675117492676e-01,-9.999954700469970703e-01,-9.999988079071044922e-01,9.999983906745910645e-01,-9.999985098838806152e-01,9.999974370002746582e-01,9.999875426292419434e-01,-9.999926686286926270e-01,-9.999744296073913574e-01,-9.999981522560119629e-01,9.999917149543762207e-01,9.999985098838806152e-01,-9.999938011169433594e-01,-9.999957084655761719e-01,9.999698996543884277e-01,9.999973177909851074e-01,-9.999986886978149414e-01,9.999976158142089844e-01,-9.999979734420776367e-01,-9.999877214431762695e-01,9.999786019325256348e-01,9.999988079071044922e-01,9.999840259552001953e-01,9.998143911361694336e-01,-9.999959468841552734e-01,9.999980330467224121e-01,-9.999804496765136719e-01,-9.999973773956298828e-01,9.999978542327880859e-01,-9.999975562095642090e-01,-9.999898672103881836e-01,9.999988079071044922e-01,-9.999985694885253906e-01,9.999955892562866211e-01,-9.999962449073791504e-01,9.999986290931701660e-01,-9.999050498008728027e-01,9.997007250785827637e-01,9.999984502792358398e-01,9.999968409538269043e-01,-9.999766349792480469e-01,-9.999981522560119629e-01,-9.999930858612060547e-01,9.999982118606567383e-01,-9.999981522560119629e-01,9.999979734420776367e-01,-9.999980926513671875e-01,-9.999560117721557617e-01,9.999988079071044922e-01,-9.999973177909851074e-01,9.999988079071044922e-01,-9.999980926513671875e-01,-9.999943971633911133e-01,-9.999974370002746582e-01,-9.999986290931701660e-01,9.999958276748657227e-01,9.999979734420776367e-01,-9.999972581863403320e-01,-9.999880194664001465e-01,-9.999948740005493164e-01,9.999887943267822266e-01,-9.999948143959045410e-01
-9.999987483024597168e-01,9.999989867210388184e-01,9.999951124191284180e-01,-9.999984502792358398e-01,-9.999993443489074707e-01,9.999992251396179199e-01,-9.999967813491821289e-01,-9.999992847442626953e-01,9.999977946281433105e-01,-9.999985694885253906e-01,9.999991059303283691e-01,9.999992251396179199e-01,-9.999985694885253906e-01,-9.999989271163940430e-01,-9.999938607215881348e-01,-9.999972581863403320e-01,-9.999980330467224121e-01,9.999988079071044922e-01,-9.999949336051940918e-01,9.999993443489074707e-01,9.999992847442626953e-01,-9.999945163726806641e-01,-9.999989271163940430e-01,-9.999987483024597168e-01,-9.999914765357971191e-01,-9.999992847442626953e-01,9.999986886978149414e-01,9.999992847442626953e-01,-9.999917745590209961e-01,9.999969005584716797e-01,9.999942183494567871e-01,9.999987483024597168e-01,-9.999914765357971191e-01,-9.999971389770507812e-01,9.999982118606567383e-01,-9.999355673789978027e-01,-9.999992847442626953e-01,-9.999989271163940430e-01,-9.999935626983642578e-01,9.999991655349731445e-01,-9.999990463256835938e-01,9.999929666519165039e-01,-9.999849200248718262e-01,-9.999992251396179199e-01,-9.999987483024597168e-01,-9.999986886978149414e-01,9.999949336051940918e-01,-9.999989271163940430e-01,-9.999991059303283691e-01,9.999989271163940430e-01,9.999989867210388184e-01,9.999986290931701660e-01,9.999992251396179199e-01,9.999946951866149902e-01,9.999986886978149414e-01,9.999986290931701660e-01,9.999960064888000488e-01,-9.999799728393554688e-01,-9.999977946281433105e-01,-9.999988079071044922e-01,9.999988079071044922e-01,-9.999992251396179199e-01,-9.999988079071044922e-01,-9.999964833259582520e-01,9.999964237213134766e-01,9.999991655349731445e-01,9.999992847442626953e-01,9.999969005584716797e-01,9.999992251396179199e-01,-9.999989271163940430e-01,9.999991059303283691e-01,-9.999983310699462891e-01,-9.999916553497314453e-01,9.999951124191284180e-01,9.999827742576599121e-01,9.999988079071044922e-01,-9.999945163726806641e-01,-9.999991059303283691e-01,9.999958872795104980e-01,9.999970197677612305e-01,-9.999796748161315918e-01,-9.999981522560119629e-01,9.999991655349731445e-01,-9.999983310699462891e-01,9.999986886978149414e-01,9.999917149543762207e-01,-9.999855756759643555e-01,-9.999992251396179199e-01,-9.999892115592956543e-01,-9.998747706413269043e-01,9.999972581863403320e-01,-9.999987483024597168e-01,9.999869465827941895e-01,9.999982714653015137e-01,-9.999985694885253906e-01,9.999983310699462891e-01,9.999931454658508301e-01,-9.999992847442626953e-01,9.999991655349731445e-01,-9.999969601631164551e-01,9.999974966049194336e-01,-9.999990463256835938e-01,9.999359250068664551e-01,-9.997981190681457520e-01,-9.999990463256835938e-01,-9.999979138374328613e-01,9.999842643737792969e-01,9.999988079071044922e-01,9.999954104423522949e-01,-9.999988675117492676e-01,9.999987483024597168e-01,-9.999986290931701660e-01,9.999986886978149414e-01,9.999704360961914062e-01,-9.999994039535522461e-01,9.999981522560119629e-01,-9.999992251396179199e-01,9.999987483024597168e-01,9.999961853027343750e-01,9.999983310699462891e-01,9.999992251396179199e-01,-9.999972581863403320e-01,-9.999986290931701660e-01,9.999982714653015137e-01,9.999919533729553223e-01,9.999966025352478027e-01,-9.999924898147583008e-01,9.999964237213134766e-01
-9.999988675117492676e-01,9.999990463256835938e-01,9.999957084655761719e-01,-9.999985694885253906e-01,-9.999992251396179199e-01,9.999992251396179199e-01,-9.999971389770507812e-01,-9.999992847442626953e-01,9.999979734420776367e-01,-9.999986886978149414e-01,9.999992251396179199e-01,9.999992251396179199e-01,-9.999986290931701660e-01,-9.999990463256835938e-01,-9.999945163726806641e-01,-9.999976158142089844e-01,-9.999982714653015137e-01,9.999988675117492676e-01,-9.999955296516418457e-01,9.999993443489074707e-01,9.999993443489074707e-01,-9.999951720237731934e-01,-9.999991059303283691e-01,-9.999988079071044922e-01,-9.999924898147583008e-01,-9.999993443489074707e-01,9.999988079071044922e-01,9.999992847442626953e-01,-9.999926686286926270e-01,9.999973177909851074e-01,9.999948143959045410e-01,9.999989271163940430e-01,-9.999923706054687500e-01,-9.999974966049194336e-01,9.999984502792358398e-01,-9.999431967735290527e-01,-9.999993443489074707e-01,-9.999991059303283691e-01,-9.999943375587463379e-01,9.999992251396179199e-01,-9.999990463256835938e-01,9.999938011169433594e-01,-9.999866485595703125e-01,-9.999992251396179199e-01,-9.999988079071044922e-01,-9.999987483024597168e-01,9.999954700469970703e-01,-9.999990463256835938e-01,-9.999992251396179199e-01,9.999990463256835938e-01,9.999991059303283691e-01,9.999988079071044922e-01,9.999992251396179199e-01,9.999952912330627441e-01,9.999987483024597168e-01,9.999988079071044922e-01,9.999964237213134766e-01,-9.999823570251464844e-01,-9.999979734420776367e-01,-9.999989271163940430e-01,9.999988675117492676e-01,-9.999992847442626953e-01,-9.999988675117492676e-01,-9.999967813491821289e-01,9.999968409538269043e-01,9.999992847442626953e-01,9.999993443489074707e-01,9.999971985816955566e-01,9.999993443489074707e-01,-9.999989867210388184e-01,9.999991059303283691e-01,-9.999985098838806152e-01,-9.999925494194030762e-01,9.999957084655761719e-01,9.999848008155822754e-01,9.999988675117492676e-01,-9.999951124191284180e-01,-9.999992251396179199e-01,9.999963045120239258e-01,9.999973773956298828e-01,-9.999821782112121582e-01,-9.999983906745910645e-01,9.999991655349731445e-01,-9.999985694885253906e-01,9.999988675117492676e-01,9.999927282333374023e-01,-9.999871850013732910e-01,-9.999993443489074707e-01,-9.999904632568359375e-01,-9.998899102210998535e-01,9.999975562095642090e-01,-9.999988675117492676e-01,9.999884366989135742e-01,9.999984502792358398e-01,-9.999986886978149414e-01,9.999984502792358398e-01,9.999939203262329102e-01,-9.999993443489074707e-01,9.999991655349731445e-01,-9.999973177909851074e-01,9.999977350234985352e-01,-9.999991655349731445e-01,9.999435544013977051e-01,-9.998224377632141113e-01,-9.999991655349731445e-01,-9.999980926513671875e-01,9.999861717224121094e-01,9.999988675117492676e-01,9.999958872795104980e-01,-9.999990463256835938e-01,9.999989271163940430e-01,-9.999986290931701660e-01,9.999987483024597168e-01,9.999738931655883789e-01,-9.999994039535522461e-01,9.999983906745910645e-01,-9.999992847442626953e-01,9.999988675117492676e-01,9.999966621398925781e-01,9.999985098838806152e-01,9.999992251396179199e-01,-9.999974370002746582e-01,-9.999988079071044922e-01,9.999983906745910645e-01,9.999927878379821777e-01,9.999969005584716797e-01,-9.999933242797851562e-01,9.999967813491821289e-01
