6.060010194778442383e-01,3.692462295293807983e-02,-2.380447089672088623e-01,1.867546439170837402e-01,2.150711268186569214e-01,3.696128726005554199e-02,-3.051308728754520416e-02,5.635514855384826660e-01,3.082260675728321075e-02,2.530033700168132782e-02,-3.816480562090873718e-02,-6.965570896863937378e-02,3.588536381721496582e-01,5.739949941635131836e-01,4.045029580593109131e-01,1.304829716682434082e-01,-1.822321861982345581e-02,2.090806066989898682e-01,1.674277037382125854e-01,4.184659570455551147e-02,-2.529727220535278320e-01,1.361132115125656128e-01,2.830332219600677490e-01,-1.517540812492370605e-01,7.440587505698204041e-04,-1.086628064513206482e-01,-1.547096967697143555e-01,-2.380424439907073975e-01,-2.298057638108730316e-02,-3.909715712070465088e-01,-7.735688239336013794e-02,-2.033579349517822266e-01,1.897456347942352295e-01,5.859063193202018738e-02,-1.946250349283218384e-02,-3.338159024715423584e-01,-5.339887924492359161e-03,2.564085274934768677e-02,-2.444579154253005981e-01,-5.195944905281066895e-01,1.575482934713363647e-01,1.171447485685348511e-01,1.093366816639900208e-01,4.603074863553047180e-02,4.847212433815002441e-01,-4.598587751388549805e-01,-2.677509486675262451e-01,-1.081673204898834229e-01,-5.700351670384407043e-02,6.274591386318206787e-02,1.753793507814407349e-01,1.865278743207454681e-02,1.962610185146331787e-01,-2.651335895061492920e-01,2.239532023668289185e-02,-2.742857038974761963e-01,6.716972589492797852e-02,3.750034794211387634e-02,-1.313004940748214722e-01,-9.464239329099655151e-02,-6.264178454875946045e-02,1.063220575451850891e-01,3.916011005640029907e-02,-1.387621760368347168e-01,-7.349608838558197021e-02,2.288036793470382690e-02,1.237712204456329346e-01,3.101466894149780273e-01,-2.424972802400588989e-01,-2.234034240245819092e-02,-3.152472972869873047e-01,-4.372532367706298828e-01,-3.955444693565368652e-02,1.306075900793075562e-01,-1.583518236875534058e-01,-2.581009864807128906e-01,-1.454856153577566147e-02,2.203702926635742188e-01,-4.062955379486083984e-01,-3.304782807826995850e-01,1.340659409761428833e-01,1.127329282462596893e-02,-2.730969786643981934e-01,2.082957327365875244e-02,-2.268391400575637817e-01,3.695405274629592896e-02,1.729550808668136597e-01,8.152589201927185059e-03,4.902873560786247253e-02,-1.704572513699531555e-02,-3.988430276513099670e-02,-1.765498965978622437e-01,-1.739585697650909424e-01,1.829595305025577545e-02,-3.596520749852061272e-03,-1.346671134233474731e-01,3.791864216327667236e-01,-2.494382206350564957e-03,-2.360063493251800537e-01,3.586924970149993896e-01,3.703669831156730652e-02,9.591770917177200317e-02,-1.304911971092224121e-01,-1.676141843199729919e-02,9.366220235824584961e-02,1.887027919292449951e-01,-3.385236486792564392e-02,-8.041683584451675415e-02,-7.228057086467742920e-02,5.535226315259933472e-03,4.526753127574920654e-01,1.271943282335996628e-02,-9.509027004241943359e-02,-4.136986434459686279e-01,3.041329085826873779e-01,-1.861330717802047729e-01,3.519128561019897461e-01,-1.183791980147361755e-01,-5.595823526382446289e-01,2.983187511563301086e-02,-9.348181635141372681e-02,3.689329624176025391e-01,1.893599927425384521e-01,-5.661258846521377563e-02,5.785484239459037781e-02,-1.478867232799530029e-01,-2.115026675164699554e-02,2.874798476696014404e-01
3.692462295293807983e-02,2.869671955704689026e-02,-1.403052806854248047e-01,2.315789833664894104e-02,5.070488154888153076e-02,-3.163207555189728737e-03,-3.658976405858993530e-02,2.266295999288558960e-02,4.874004982411861420e-03,1.189875975251197815e-02,3.629369288682937622e-02,-1.662966422736644745e-02,8.467850089073181152e-02,-2.895191870629787445e-02,8.973035961389541626e-02,5.250825360417366028e-02,-2.617934718728065491e-03,1.257703453302383423e-01,-1.501166447997093201e-02,-5.326263979077339172e-02,6.214495003223419189e-02,1.161078587174415588e-01,6.231280788779258728e-02,8.263572305440902710e-02,1.702977158129215240e-02,1.467805802822113037e-01,-1.320123672485351562e-01,-1.032762303948402405e-01,9.632164239883422852e-02,-4.084049537777900696e-02,2.066281437873840332e-02,-1.124644204974174500e-01,7.946774363517761230e-02,5.161075294017791748e-02,1.224806439131498337e-02,-9.629873931407928467e-02,-7.264690008014440536e-03,1.568003930151462555e-02,-3.209759015589952469e-03,-1.170627400279045105e-01,1.303233206272125244e-01,-3.667065128684043884e-02,1.461031138896942139e-01,1.257356721907854080e-02,-2.042423374950885773e-02,-2.346196584403514862e-02,-9.113035351037979126e-02,-2.268495783209800720e-02,-3.627342358231544495e-02,1.105628907680511475e-02,3.127739951014518738e-02,-6.013287231326103210e-03,7.238499820232391357e-02,-3.572306782007217407e-02,-2.057043649256229401e-02,-1.032449677586555481e-01,6.234467029571533203e-03,7.244847714900970459e-03,-8.968219906091690063e-02,-3.407592698931694031e-02,3.227610373869538307e-03,-1.666638185270130634e-03,7.896586321294307709e-03,3.978851251304149628e-03,-2.839624881744384766e-02,-2.091198787093162537e-02,3.741022944450378418e-02,1.481750756502151489e-01,-1.369772553443908691e-01,1.103323535062372684e-03,-5.306034535169601440e-02,1.335010863840579987e-03,-2.194502390921115875e-02,8.233523368835449219e-02,-6.966620683670043945e-02,-1.178887784481048584e-01,-7.701440248638391495e-03,1.051909700036048889e-01,6.491195876151323318e-03,-6.984256953001022339e-02,9.780740737915039062e-02,3.563126083463430405e-03,-1.102036833763122559e-01,6.835529115051031113e-03,-9.693508595228195190e-02,-9.057153016328811646e-02,1.008827835321426392e-01,1.316008996218442917e-02,6.153364852070808411e-02,-1.209075096994638443e-02,-3.416326642036437988e-02,-3.378218039870262146e-02,-8.209869265556335449e-02,3.346525505185127258e-02,-5.786061659455299377e-02,-1.723358966410160065e-02,8.400104939937591553e-02,-8.845768170431256294e-04,-6.538683176040649414e-02,4.238922521471977234e-02,1.005096640437841415e-02,1.489620190113782883e-02,-5.372239649295806885e-02,-3.521393286064267159e-03,1.155677288770675659e-01,-1.015571132302284241e-02,-3.422404825687408447e-02,-6.409496814012527466e-02,-4.373795539140701294e-02,-2.140560746192932129e-02,2.467167936265468597e-02,-1.427092705853283405e-03,-7.096784561872482300e-02,-6.386066228151321411e-02,1.472728848457336426e-01,-1.305082440376281738e-01,1.019273698329925537e-01,4.036610201001167297e-02,-7.332542538642883301e-02,1.893816329538822174e-02,9.179577976465225220e-02,8.244400471448898315e-02,9.759598225355148315e-02,-6.094602867960929871e-02,-1.012485101819038391e-01,-4.162507131695747375e-02,4.174373112618923187e-03,8.178684115409851074e-02
-2.380447089672088623e-01,-1.403052806854248047e-01,8.177434206008911133e-01,-2.543836832046508789e-01,-1.750763803720474243e-01,-1.253747195005416870e-01,1.631894707679748535e-01,-1.837023794651031494e-01,3.167536482214927673e-02,-8.803650736808776855e-02,-2.362819314002990723e-01,1.365009248256683350e-01,-4.398183226585388184e-01,1.064966022968292236e-01,-4.935888946056365967e-01,-2.818124890327453613e-01,-1.317187305539846420e-02,-7.058601975440979004e-01,1.116925030946731567e-01,3.439856767654418945e-01,-4.176674485206604004e-01,-7.107740640640258789e-01,-5.342006683349609375e-01,-2.852493822574615479e-01,-1.045543253421783447e-01,-7.278728485107421875e-01,7.358562350273132324e-01,4.547863900661468506e-01,-6.520184874534606934e-01,3.557891547679901123e-01,-1.768764257431030273e-01,7.088485956192016602e-01,-5.305714607238769531e-01,-4.096136093139648438e-01,-5.346819758415222168e-02,6.380337476730346680e-01,3.414588049054145813e-02,-1.004617512226104736e-01,9.230770170688629150e-02,7.061209678649902344e-01,-7.260811924934387207e-01,2.131819576025009155e-01,-7.595282196998596191e-01,-8.676038682460784912e-02,-1.156905945390462875e-02,3.188639283180236816e-01,5.494127869606018066e-01,1.579271852970123291e-01,2.002776116132736206e-01,5.696055293083190918e-02,-2.611825466156005859e-01,7.155976444482803345e-02,-4.346973001956939697e-01,3.293711543083190918e-01,6.191869080066680908e-02,6.610799431800842285e-01,-6.799799948930740356e-02,-5.281459912657737732e-02,4.568100273609161377e-01,2.634465098381042480e-01,6.353684514760971069e-02,-7.912712544202804565e-02,-5.846681445837020874e-02,-1.139452382922172546e-01,1.305411309003829956e-01,1.262535154819488525e-01,-1.892409324645996094e-01,-7.993670701980590820e-01,7.799133062362670898e-01,7.787540555000305176e-02,4.400019645690917969e-01,1.268524080514907837e-01,1.505165845155715942e-01,-5.817437767982482910e-01,4.274277985095977783e-01,6.513622403144836426e-01,3.899466991424560547e-02,-7.308743000030517578e-01,6.506306678056716919e-02,5.202197432518005371e-01,-7.039242982864379883e-01,-2.773771062493324280e-02,5.778412222862243652e-01,-3.495966643095016479e-02,6.413130164146423340e-01,3.819543123245239258e-01,-5.766621828079223633e-01,-7.817685604095458984e-02,-3.188472390174865723e-01,3.537061810493469238e-02,2.023285776376724243e-01,2.534022629261016846e-01,5.904844999313354492e-01,-2.293440699577331543e-01,3.895027637481689453e-01,1.303800940513610840e-01,-4.897758066654205322e-01,6.391616538166999817e-03,4.110349118709564209e-01,-3.367000818252563477e-01,-2.701797150075435638e-02,-1.568347662687301636e-01,4.103544950485229492e-01,2.147420309484004974e-02,-7.537534236907958984e-01,-1.268117725849151611e-01,3.614054322242736816e-01,4.182495176792144775e-01,2.292008548974990845e-01,1.376790702342987061e-01,-2.987277805805206299e-01,2.091664224863052368e-01,4.918139576911926270e-01,2.304282188415527344e-01,-7.946125268936157227e-01,7.126371860504150391e-01,-5.474107265472412109e-01,-3.851919174194335938e-01,5.581918954849243164e-01,-1.375899314880371094e-01,-6.422698497772216797e-01,-5.734898447990417480e-01,-6.250414252281188965e-01,3.168517053127288818e-01,6.526281833648681641e-01,3.250281214714050293e-01,-7.032369077205657959e-02,-5.875637531280517578e-01
1.867546439170837402e-01,2.315789833664894104e-02,-2.543836832046508789e-01,2.448259741067886353e-01,1.548524014651775360e-02,1.367343813180923462e-01,-3.822264447808265686e-02,1.917023211717605591e-01,-3.106946870684623718e-02,2.977902814745903015e-02,-4.350074753165245056e-02,-4.973806813359260559e-02,1.447691619396209717e-01,6.521574407815933228e-02,1.290475130081176758e-01,4.052935913205146790e-02,7.472519762814044952e-03,2.518853843212127686e-01,-3.076064214110374451e-02,-1.070457044988870621e-02,-6.532391160726547241e-02,2.015314847230911255e-01,1.993375420570373535e-01,-1.055600196123123169e-01,4.942307621240615845e-02,1.362125873565673828e-01,-1.512621641159057617e-01,-2.806185930967330933e-02,1.138893812894821167e-01,-1.195726618170738220e-01,4.126915335655212402e-02,-2.717669606208801270e-01,2.755298018455505371e-01,2.379592135548591614e-02,1.897049881517887115e-02,-2.113578021526336670e-01,1.293659117072820663e-02,2.579454705119132996e-02,-2.328166551887989044e-02,-3.895154893398284912e-01,2.224646657705307007e-01,-8.869100362062454224e-03,1.782376617193222046e-01,2.736144512891769409e-02,8.475332707166671753e-02,-1.120645627379417419e-01,-8.781667798757553101e-02,-1.047934517264366150e-01,-3.934010863304138184e-02,3.172863274812698364e-02,9.661240875720977783e-02,4.996129870414733887e-02,2.389055937528610229e-01,-2.764943540096282959e-01,8.610068261623382568e-02,-2.014157325029373169e-01,3.759719664230942726e-03,9.247444570064544678e-03,-6.395567953586578369e-02,-1.166450157761573792e-01,-1.583502143621444702e-01,1.173391416668891907e-01,2.830445766448974609e-02,5.626967549324035645e-02,-5.248373001813888550e-02,-3.448883444070816040e-02,2.079037576913833618e-02,2.695077359676361084e-01,-2.199533432722091675e-01,-1.195859760046005249e-01,-2.116166651248931885e-01,-1.003415603190660477e-02,-6.140688061714172363e-02,1.359453201293945312e-01,-1.504379510879516602e-01,-2.529060244560241699e-01,4.290858283638954163e-03,2.051924616098403931e-01,-2.767877578735351562e-01,-2.491099685430526733e-01,3.549822270870208740e-01,9.037221781909465790e-03,-8.360056579113006592e-02,1.743055880069732666e-02,-2.878930270671844482e-01,1.205278113484382629e-01,4.683160781860351562e-02,1.251683756709098816e-02,-6.943722721189260483e-03,-4.693297203630208969e-03,-3.427058085799217224e-02,-1.585582345724105835e-01,-2.872333228588104248e-01,8.285996317863464355e-02,-1.370395869016647339e-01,-1.178368479013442993e-01,1.221446990966796875e-01,-2.276927698403596878e-03,-8.016714453697204590e-02,2.655609548091888428e-01,3.066560998558998108e-02,4.170674458146095276e-02,-1.527648121118545532e-01,-7.362412754446268082e-03,2.866024374961853027e-01,2.236897647380828857e-01,-2.964980006217956543e-01,-1.232803761959075928e-01,1.797900907695293427e-02,-2.616179175674915314e-02,2.901915311813354492e-01,-1.307356804609298706e-01,-1.508734822273254395e-01,-5.774030089378356934e-02,2.384644001722335815e-01,-1.817897111177444458e-01,1.449157595634460449e-01,1.076531633734703064e-01,-2.772418856620788574e-01,7.563780993223190308e-02,1.325274109840393066e-01,1.777035295963287354e-01,1.854721158742904663e-01,-5.326269939541816711e-02,-1.189808771014213562e-01,-1.220757439732551575e-01,2.317728661000728607e-02,2.700801491737365723e-01
2.150711268186569214e-01,5.070488154888153076e-02,-1.750763803720474243e-01,1.548524014651775360e-02,2.640575468540191650e-01,-3.590974956750869751e-02,-2.458247542381286621e-02,1.931168884038925171e-01,1.572725735604763031e-02,9.552079252898693085e-03,2.418010495603084564e-02,-1.295742020010948181e-02,2.014495134353637695e-01,1.275686472654342651e-01,2.645030617713928223e-01,1.211064383387565613e-01,-3.375379741191864014e-02,1.616632640361785889e-01,5.214608833193778992e-02,-5.206726491451263428e-02,3.836894873529672623e-03,1.411228179931640625e-01,3.578708693385124207e-02,2.023072540760040283e-01,-5.814887583255767822e-03,7.758492976427078247e-02,-1.895145773887634277e-01,-3.168118298053741455e-01,1.055594757199287415e-01,-2.066287845373153687e-01,-4.861529916524887085e-02,-5.287807434797286987e-02,5.762680247426033020e-02,9.757032617926597595e-03,1.332696713507175446e-02,-1.301606446504592896e-01,-2.644074335694313049e-02,2.061093598604202271e-02,-1.350825726985931396e-01,-2.181418389081954956e-01,1.551489531993865967e-01,1.835405640304088593e-02,1.979061961174011230e-01,2.627678588032722473e-02,9.576804190874099731e-02,-8.325687050819396973e-02,-2.608733475208282471e-01,-4.191835224628448486e-02,-5.752322822809219360e-02,1.026709005236625671e-01,5.845385789871215820e-02,-3.716611862182617188e-02,9.331896156072616577e-02,1.896915491670370102e-03,-8.195853978395462036e-02,-1.727257817983627319e-01,2.148283086717128754e-02,1.815184578299522400e-02,-1.971481293439865112e-01,-1.197866071015596390e-02,6.815066933631896973e-02,-3.677738457918167114e-02,1.168577838689088821e-02,-9.612502157688140869e-02,-8.054058998823165894e-02,6.820792797952890396e-03,1.318290233612060547e-01,2.290844768285751343e-01,-1.312059909105300903e-01,9.456962347030639648e-02,-1.056928932666778564e-01,-1.514119654893875122e-01,4.174235463142395020e-02,6.728454679250717163e-02,-9.362097829580307007e-02,-2.614717781543731689e-01,-2.269001118838787079e-02,7.837531715631484985e-02,-3.972898051142692566e-02,-1.112813502550125122e-01,7.612809073179960251e-03,2.467687241733074188e-03,-3.092530369758605957e-01,1.330162025988101959e-02,-1.339805275201797485e-01,-2.337385267019271851e-01,2.435774654150009155e-01,1.523211970925331116e-02,1.055324822664260864e-01,-3.976489976048469543e-02,-8.591213822364807129e-02,-2.915233559906482697e-02,2.879306674003601074e-02,-5.210972204804420471e-02,-1.530778314918279648e-02,-4.383941739797592163e-02,3.121570646762847900e-01,-9.202748187817633152e-04,-1.266063451766967773e-01,1.001371964812278748e-01,2.385735325515270233e-02,3.104591369628906250e-02,-6.653672084212303162e-03,-1.476282533258199692e-02,3.789970278739929199e-02,-1.634662225842475891e-02,1.022287011146545410e-01,-6.579432636499404907e-02,-1.493778824806213379e-01,-4.716386087238788605e-03,-6.086207181215286255e-02,1.233501732349395752e-01,-8.109285496175289154e-03,-2.850167453289031982e-01,2.747740149497985840e-01,-2.134644240140914917e-01,2.825485765933990479e-01,-1.022514179348945618e-01,-1.568547785282135010e-01,-3.585212863981723785e-03,-1.326650381088256836e-03,1.378353387117385864e-01,1.042392104864120483e-01,-8.721605688333511353e-02,-1.191537734121084213e-02,-5.567521974444389343e-02,-3.840146213769912720e-02,1.336712390184402466e-01
3.696128726005554199e-02,-3.163207555189728737e-03,-1.253747195005416870e-01,1.367343813180923462e-01,-3.590974956750869751e-02,2.225403934717178345e-01,-1.984335295855998993e-02,9.127227962017059326e-02,-8.622027188539505005e-02,-2.837519394233822823e-03,-1.680768094956874847e-02,-1.487325690686702728e-02,1.267221290618181229e-02,-1.026112120598554611e-02,3.233627357985824347e-04,-1.284684706479310989e-02,-3.381781978532671928e-03,6.955806910991668701e-02,-3.705634549260139465e-02,-3.437941893935203552e-02,4.163453355431556702e-02,9.305530786514282227e-02,1.385430991649627686e-01,-6.227876991033554077e-02,1.553667988628149033e-02,4.650249611586332321e-03,-4.281655699014663696e-02,2.842009766027331352e-03,1.228655800223350525e-01,-9.281752258539199829e-02,5.466702207922935486e-02,-7.047028094530105591e-02,6.723283231258392334e-02,4.772809147834777832e-02,1.965386472875252366e-04,-6.110416725277900696e-02,1.532629691064357758e-02,3.570848843082785606e-03,5.524038802832365036e-03,-1.619983464479446411e-01,3.452396392822265625e-02,-2.747416682541370392e-02,1.178378909826278687e-01,1.466220989823341370e-02,3.950296714901924133e-02,1.001733820885419846e-02,-1.725745387375354767e-02,-5.255642160773277283e-02,-4.453299939632415771e-02,-2.308167889714241028e-02,1.310631334781646729e-01,-1.614119857549667358e-02,9.522590786218643188e-02,-2.214455455541610718e-01,1.069030631333589554e-02,-1.011349782347679138e-01,8.754950948059558868e-03,2.580970758572220802e-03,3.363143652677536011e-02,-3.821919485926628113e-02,-4.954706132411956787e-02,3.661420941352844238e-02,9.496067650616168976e-03,-3.370470553636550903e-02,-3.090560622513294220e-02,-6.863987073302268982e-04,-6.129098124802112579e-03,8.638551831245422363e-02,-5.709590017795562744e-02,-5.689354613423347473e-02,-7.129401713609695435e-02,-6.652757525444030762e-02,7.573643233627080917e-03,1.109081413596868515e-02,-3.078510984778404236e-02,-8.741614222526550293e-02,1.097084954380989075e-02,6.880745291709899902e-02,-9.669293463230133057e-02,-1.127182617783546448e-01,1.827585697174072266e-01,3.066902048885822296e-03,-1.363635994493961334e-02,-1.246810192242264748e-03,-9.250919520854949951e-02,1.646937280893325806e-01,2.146733924746513367e-02,4.542274400591850281e-03,-1.142689809203147888e-01,4.501574672758579254e-03,-7.312761154025793076e-03,-5.042885616421699524e-02,-8.858187496662139893e-02,1.215677894651889801e-02,-3.140471503138542175e-02,-1.027048975229263306e-01,3.492635488510131836e-02,-6.605318048968911171e-04,-2.720966935157775879e-02,1.041956692934036255e-01,-1.922032423317432404e-02,-4.170891642570495605e-02,-1.480544824153184891e-02,-3.990100231021642685e-04,1.021369770169258118e-01,1.942413896322250366e-01,-1.366814374923706055e-01,-5.081559345126152039e-02,1.386408954858779907e-01,-1.757960650138556957e-03,7.407242059707641602e-02,-1.091823950409889221e-01,-5.942802131175994873e-02,5.108389630913734436e-02,1.156597808003425598e-01,-2.996692061424255371e-02,7.155318558216094971e-02,9.717980027198791504e-02,-6.216304376721382141e-02,2.369995228946208954e-02,7.991188764572143555e-02,1.726273621898144484e-04,5.789462476968765259e-02,2.190354280173778534e-02,-9.848213195800781250e-02,-2.031017467379570007e-02,2.134800702333450317e-02,1.660546809434890747e-01
-3.051308728754520416e-02,-3.658976405858993530e-02,1.631894707679748535e-01,-3.822264447808265686e-02,-2.458247542381286621e-02,-1.984335295855998993e-02,1.235238760709762573e-01,-5.139605328440666199e-02,1.359613961540162563e-03,1.608418533578515053e-03,-3.717729076743125916e-02,1.632739417254924774e-02,-1.429820060729980469e-01,7.038675248622894287e-02,-8.817338943481445312e-02,-5.999905243515968323e-02,1.009453739970922470e-02,-1.772795021533966064e-01,2.663862518966197968e-02,4.405748099088668823e-02,-7.232207804918289185e-02,-1.491717994213104248e-01,-9.447536617517471313e-02,-7.724160701036453247e-02,-3.498093038797378540e-02,-1.959403902292251587e-01,1.531835049390792847e-01,1.233209371566772461e-01,-8.659002929925918579e-02,-3.075962327420711517e-02,-2.345344237983226776e-02,1.423015594482421875e-01,-7.900777459144592285e-02,-6.754928082227706909e-02,-1.792647317051887512e-02,1.323069781064987183e-01,-3.394295694306492805e-03,-1.810140348970890045e-02,-6.692499667406082153e-02,1.412765830755233765e-01,-1.519208699464797974e-01,8.468819409608840942e-02,-2.124804109334945679e-01,-1.207138597965240479e-02,4.452757537364959717e-02,-6.944607198238372803e-02,6.197284907102584839e-02,3.058906085789203644e-02,7.201444357633590698e-02,-9.129423415288329124e-04,-7.311339676380157471e-02,-3.540689125657081604e-02,-1.301182806491851807e-01,1.604972779750823975e-01,3.863803669810295105e-02,1.379673779010772705e-01,-1.292681042104959488e-02,-7.252456154674291611e-03,5.131085962057113647e-02,3.939377143979072571e-02,-2.977569587528705597e-03,1.351517532020807266e-02,-6.985545158386230469e-03,9.172686934471130371e-02,5.088581144809722900e-02,3.444923833012580872e-02,-1.703864708542823792e-02,-1.631642132997512817e-01,1.897761225700378418e-01,6.216561794281005859e-02,2.523656561970710754e-02,-5.556408688426017761e-02,5.607633665204048157e-02,-7.566317915916442871e-02,8.239024877548217773e-02,7.778721302747726440e-02,1.091837999410927296e-03,-6.472576409578323364e-02,-1.249064411967992783e-02,1.135000437498092651e-01,-1.212156787514686584e-01,-3.581487806513905525e-03,8.634349703788757324e-02,-1.159783545881509781e-02,7.572997361421585083e-02,2.011232450604438782e-02,-5.104753002524375916e-02,-1.820767298340797424e-02,-2.292601764202117920e-02,1.624196022748947144e-02,1.150831580162048340e-02,4.034341126680374146e-02,1.067162230610847473e-01,-4.073255509138107300e-02,6.280114501714706421e-02,4.143441841006278992e-02,-1.528947241604328156e-02,7.795686251483857632e-04,7.395607978105545044e-02,-7.495387643575668335e-02,-1.365497428923845291e-02,5.434601008892059326e-02,5.141087621450424194e-02,1.952263875864446163e-03,-1.144132390618324280e-01,4.053799435496330261e-02,3.198800235986709595e-02,9.716659039258956909e-02,-9.589114040136337280e-02,2.244216203689575195e-02,-6.844941526651382446e-02,-4.605497792363166809e-02,1.243297904729843140e-01,8.455928415060043335e-02,-1.805825978517532349e-01,1.446525752544403076e-01,-1.316297352313995361e-01,-7.317849993705749512e-02,8.456429466605186462e-03,-2.687878161668777466e-02,-6.657196581363677979e-02,-3.376093134284019470e-02,-1.145119071006774902e-01,4.686674475669860840e-02,1.590975522994995117e-01,7.303901948034763336e-03,-8.570230565965175629e-03,-1.070929467678070068e-01
5.635514855384826660e-01,2.266295999288558960e-02,-1.837023794651031494e-01,1.917023211717605591e-01,1.931168884038925171e-01,9.127227962017059326e-02,-5.139605328440666199e-02,6.102376580238342285e-01,-3.115637227892875671e-03,5.394040606915950775e-03,-4.680421203374862671e-02,-6.001079455018043518e-02,3.406996726989746094e-01,5.361377000808715820e-01,3.594559133052825928e-01,1.100601628422737122e-01,-2.744859084486961365e-02,1.543613225221633911e-01,1.597089320421218872e-01,6.989976018667221069e-02,-2.275348305702209473e-01,1.243004873394966125e-01,2.614854574203491211e-01,-1.985004693269729614e-01,-4.585533402860164642e-03,-1.690855920314788818e-01,-1.010946184396743774e-01,-2.033711522817611694e-01,-2.014083042740821838e-02,-3.500438332557678223e-01,-9.844777733087539673e-02,-1.258960366249084473e-01,1.083046644926071167e-01,3.775316849350929260e-02,-2.472497150301933289e-02,-2.948597073554992676e-01,2.996669791173189878e-04,2.208472788333892822e-02,-2.467393577098846436e-01,-4.713585972785949707e-01,9.732214361429214478e-02,1.032465696334838867e-01,8.045683056116104126e-02,4.204852506518363953e-02,4.941434562206268311e-01,-3.758042752742767334e-01,-2.495790123939514160e-01,-9.810069948434829712e-02,-5.875696986913681030e-02,3.442404791712760925e-02,2.088390290737152100e-01,3.998149931430816650e-02,1.819031685590744019e-01,-3.483287096023559570e-01,-9.945234283804893494e-03,-2.543569505214691162e-01,7.808808237314224243e-02,3.764740750193595886e-02,-2.761877886950969696e-02,-6.782741099596023560e-02,-5.975507199764251709e-02,9.081391990184783936e-02,3.222052752971649170e-02,-2.515487372875213623e-01,-7.568380981683731079e-02,3.354186937212944031e-02,9.430344402790069580e-02,2.269165664911270142e-01,-1.858654767274856567e-01,-7.670605182647705078e-02,-2.804409563541412354e-01,-4.507925808429718018e-01,-1.924157515168190002e-02,8.699849992990493774e-02,-1.143637299537658691e-01,-1.784909814596176147e-01,-7.604565471410751343e-03,1.345320194959640503e-01,-3.965053260326385498e-01,-3.375665843486785889e-01,9.583473205566406250e-02,8.900901302695274353e-03,-2.279554754495620728e-01,2.037934772670269012e-02,-1.636381447315216064e-01,1.094328761100769043e-01,1.121895238757133484e-01,5.689232610166072845e-03,-2.635207213461399078e-02,-1.010454259812831879e-02,-2.380371466279029846e-02,-1.412715613842010498e-01,-9.546738117933273315e-02,-5.260913819074630737e-02,3.652365505695343018e-02,-1.477846354246139526e-01,3.173487186431884766e-01,-1.875259913504123688e-03,-2.062941789627075195e-01,3.719818592071533203e-01,2.402695827186107635e-02,5.086828395724296570e-02,-8.174057304859161377e-02,-1.837763562798500061e-02,3.629291802644729614e-02,1.872344762086868286e-01,2.468394674360752106e-02,-7.353314012289047241e-02,5.136257037520408630e-02,2.313680015504360199e-02,3.888811767101287842e-01,6.255773454904556274e-02,-6.950326263904571533e-02,-3.799865245819091797e-01,2.737775743007659912e-01,-1.448623239994049072e-01,3.360152840614318848e-01,-1.143110394477844238e-01,-4.616786539554595947e-01,1.434754021465778351e-02,-1.523916572332382202e-01,2.697666883468627930e-01,1.179824098944664001e-01,2.667372301220893860e-02,7.115262001752853394e-02,-1.024815365672111511e-01,-2.228721603751182556e-02,2.775146365165710449e-01
3.082260675728321075e-02,4.874004982411861420e-03,3.167536482214927673e-02,-3.106946870684623718e-02,1.572725735604763031e-02,-8.622027188539505005e-02,1.359613961540162563e-03,-3.115637227892875671e-03,4.653402045369148254e-02,6.085143424570560455e-03,-6.995009724050760269e-03,9.092593245441094041e-05,2.628366835415363312e-02,4.418123140931129456e-02,2.319465018808841705e-02,9.633988142013549805e-03,2.712660701945424080e-03,-2.326242392882704735e-03,2.332494035363197327e-02,2.720473334193229675e-02,-6.682604551315307617e-02,-2.657894231379032135e-02,-3.402831032872200012e-02,-1.833026530221104622e-03,2.448451705276966095e-04,4.456048918655142188e-05,8.818062953650951385e-03,3.088420955464243889e-03,-7.227978110313415527e-02,2.774717472493648529e-02,-2.347802557051181793e-02,-1.165801659226417542e-02,1.779161579906940460e-02,-2.702909894287586212e-02,2.579024294391274452e-03,-3.873223904520273209e-03,-3.331911982968449593e-03,-3.131857374683022499e-04,1.711150165647268295e-03,1.187353394925594330e-02,8.945546112954616547e-03,2.134825661778450012e-02,-4.686994850635528564e-02,-3.700491972267627716e-03,1.954775070771574974e-03,-3.259826824069023132e-02,1.394478883594274521e-02,6.967851426452398300e-03,1.772529259324073792e-02,2.319254353642463684e-02,-5.289671197533607483e-02,2.308705262839794159e-02,-5.270342342555522919e-03,5.805476009845733643e-02,1.850322261452674866e-02,2.451645955443382263e-02,-8.674731478095054626e-03,-9.460184955969452858e-04,-2.190340869128704071e-02,-1.490437080065021291e-05,-7.813002914190292358e-03,7.906840182840824127e-03,7.060446660034358501e-04,2.849013172090053558e-02,5.638661328703165054e-03,-2.454980276525020599e-03,4.504368640482425690e-03,-1.566993654705584049e-03,-1.266171922907233238e-03,8.901218883693218231e-03,1.703280839137732983e-03,2.569694258272647858e-02,-1.852271519601345062e-02,7.579621393233537674e-03,-9.327810257673263550e-03,9.006192907691001892e-03,-3.591702319681644440e-03,-9.849563241004943848e-03,-1.528287958353757858e-02,1.893721334636211395e-02,-4.250084981322288513e-02,-1.226792082889005542e-04,5.087312776595354080e-03,3.360609523952007294e-03,6.448448635637760162e-03,-3.988636657595634460e-02,-1.473745424300432205e-02,-2.037706552073359489e-03,5.298847705125808716e-02,-3.884761361405253410e-03,4.695707000792026520e-03,-7.005012128502130508e-03,-7.822334766387939453e-03,1.640442945063114166e-02,1.074003754183650017e-03,2.640681527554988861e-02,-3.075012064073234797e-04,-1.950651858351193368e-05,-2.857755636796355247e-03,-5.104808136820793152e-03,1.832310855388641357e-02,2.833306230604648590e-02,-1.719574630260467529e-02,-1.363790361210703850e-04,-2.186162024736404419e-02,-5.630667507648468018e-02,1.532252226024866104e-02,1.505537424236536026e-02,-6.128726527094841003e-02,-1.662041759118437767e-03,4.087949171662330627e-02,3.009421378374099731e-02,6.678951904177665710e-03,-4.586681723594665527e-02,-3.586894273757934570e-02,-4.842828493565320969e-03,-1.832284219563007355e-02,-4.204874113202095032e-02,-2.599157392978668213e-02,1.460211700759828091e-03,-4.197906330227851868e-02,3.199283033609390259e-02,-1.078478177078068256e-03,-2.077046222984790802e-02,4.637667909264564514e-02,-1.264260988682508469e-02,-7.772685494273900986e-03,-4.067618027329444885e-02
2.530033700168132782e-02,1.189875975251197815e-02,-8.803650736808776855e-02,2.977902814745903015e-02,9.552079252898693085e-03,-2.837519394233822823e-03,1.608418533578515053e-03,5.394040606915950775e-03,6.085143424570560455e-03,1.559263467788696289e-02,1.917584054172039032e-02,-1.663852855563163757e-02,3.370126709342002869e-02,-4.975247196853160858e-03,4.486965760588645935e-02,2.379864826798439026e-02,6.859352346509695053e-03,7.342064380645751953e-02,-1.191431377083063126e-02,-2.934135496616363525e-02,2.692179009318351746e-02,6.887301057577133179e-02,4.886920377612113953e-02,1.240578014403581619e-02,1.120385341346263885e-02,8.814687281847000122e-02,-7.394391298294067383e-02,-2.010856010019779205e-02,6.133389845490455627e-02,-3.597749397158622742e-02,1.913377456367015839e-02,-9.232471138238906860e-02,7.637902349233627319e-02,3.368250280618667603e-02,6.072293967008590698e-03,-6.444057077169418335e-02,-4.181613679975271225e-03,1.039576344192028046e-02,-1.496053766459226608e-02,-8.411598205566406250e-02,8.503644913434982300e-02,-1.007898896932601929e-02,6.175351515412330627e-02,8.106621913611888885e-03,1.775967539288103580e-04,-6.299035996198654175e-02,-4.762383550405502319e-02,-1.649612374603748322e-02,-6.881522480398416519e-03,-3.890811698511242867e-03,3.590150503441691399e-03,-5.328250117599964142e-03,4.151236265897750854e-02,-9.450948797166347504e-03,1.366017200052738190e-02,-5.635312199592590332e-02,1.318546128459274769e-03,4.388703498989343643e-03,-5.172225087881088257e-02,-3.360693156719207764e-02,-2.527223713696002960e-02,2.293448895215988159e-02,7.369162980467081070e-03,5.507983639836311340e-02,-4.830370657145977020e-03,-1.461488753557205200e-02,1.692425273358821869e-02,9.219191968441009521e-02,-8.495683223009109497e-02,-7.357203401625156403e-03,-5.768756195902824402e-02,-3.716451814398169518e-03,-1.993733271956443787e-02,6.989754736423492432e-02,-4.796523973345756531e-02,-7.893823087215423584e-02,-4.501026123762130737e-03,1.013005599379539490e-01,-2.404232509434223175e-02,-4.788289591670036316e-02,9.372918307781219482e-02,3.299085190519690514e-03,-4.874224960803985596e-02,3.723398549482226372e-03,-8.339364826679229736e-02,-4.551207646727561951e-02,5.466513335704803467e-02,6.497154477983713150e-03,4.904503747820854187e-02,-1.347845536656677723e-03,-2.212314307689666748e-02,-3.489923477172851562e-02,-8.359115570783615112e-02,3.576989099383354187e-02,-4.976811632513999939e-02,-4.347798414528369904e-03,5.156900361180305481e-02,-7.881914498284459114e-04,-3.605588153004646301e-02,3.540916368365287781e-02,6.937237922102212906e-03,3.982923924922943115e-02,-5.834549665451049805e-02,-1.986178336665034294e-03,1.048316061496734619e-01,2.034538798034191132e-02,-6.634132564067840576e-02,-3.735793754458427429e-02,-5.953889340162277222e-02,-1.676164381206035614e-02,5.443116277456283569e-02,-4.342231899499893188e-02,-4.806676506996154785e-02,-1.005669124424457550e-02,7.474835216999053955e-02,-7.701531797647476196e-02,3.341387957334518433e-02,3.987444564700126648e-02,-8.995999395847320557e-02,1.918184012174606323e-02,8.020333945751190186e-02,8.017402142286300659e-02,6.683903187513351440e-02,-4.005210101604461670e-02,-5.858371779322624207e-02,-4.987530410289764404e-02,9.095287881791591644e-03,5.286214500665664673e-02
-3.816480562090873718e-02,3.629369288682937622e-02,-2.362819314002990723e-01,-4.350074753165245056e-02,2.418010495603084564e-02,-1.680768094956874847e-02,-3.717729076743125916e-02,-4.680421203374862671e-02,-6.995009724050760269e-03,1.917584054172039032e-02,1.554900407791137695e-01,-3.424320742487907410e-02,6.996420770883560181e-02,-9.888468682765960693e-02,1.086957752704620361e-01,8.848145604133605957e-02,7.932567968964576721e-03,1.419785171747207642e-01,-3.505401685833930969e-02,-1.528522372245788574e-01,2.840572297573089600e-01,1.985859721899032593e-01,1.268059611320495605e-01,1.509654968976974487e-01,1.019605156034231186e-02,2.829845249652862549e-01,-2.403521388769149780e-01,-1.400425583124160767e-01,2.671976387500762939e-01,-8.182360976934432983e-02,6.000721827149391174e-02,-1.618705987930297852e-01,3.379417955875396729e-02,1.966176480054855347e-01,3.522467333823442459e-03,-1.505623608827590942e-01,-2.355231530964374542e-02,2.856417372822761536e-02,-4.315481334924697876e-02,-8.099894970655441284e-02,1.827654391527175903e-01,-9.465903788805007935e-02,2.419689595699310303e-01,2.016466483473777771e-02,-2.321534045040607452e-02,-1.188027858734130859e-01,-1.870382577180862427e-01,8.332733064889907837e-03,-5.584649369120597839e-02,-9.407987445592880249e-02,6.266127526760101318e-02,-7.878589630126953125e-02,8.836308494210243225e-03,2.622970752418041229e-02,-8.576573431491851807e-02,-1.574963629245758057e-01,3.973199054598808289e-02,1.999836787581443787e-02,-1.235100030899047852e-01,-4.286020249128341675e-02,7.604982703924179077e-02,-3.496525064110755920e-02,6.282670423388481140e-03,1.439091004431247711e-02,-6.532391533255577087e-03,-3.230522200465202332e-02,5.691744014620780945e-02,1.943424791097640991e-01,-2.428258359432220459e-01,2.141493745148181915e-02,-6.196875497698783875e-02,-8.777499943971633911e-02,-2.880326472222805023e-02,1.898328512907028198e-01,-7.538333535194396973e-02,-1.004646643996238708e-01,-1.905264705419540405e-02,2.604851722717285156e-01,1.654614508152008057e-01,-7.033798098564147949e-02,1.318536847829818726e-01,7.195620797574520111e-03,-1.854028403759002686e-01,1.416126848198473454e-03,-9.021046012639999390e-02,-2.455225586891174316e-01,2.184875458478927612e-01,2.624892629683017731e-02,1.393547952175140381e-01,-6.849665078334510326e-04,-6.093152612447738647e-02,1.562445773743093014e-03,-8.973180502653121948e-02,4.120529443025588989e-02,-8.134906738996505737e-02,2.981413155794143677e-02,1.179318055510520935e-01,-1.369506237097084522e-03,-1.256089061498641968e-01,-3.547964617609977722e-02,-2.138958498835563660e-02,5.354015901684761047e-02,-9.276496618986129761e-02,-4.533039405941963196e-03,2.146166712045669556e-01,-8.259822428226470947e-02,2.896207198500633240e-02,-1.093944609165191650e-01,-9.731952846050262451e-02,-4.419907554984092712e-02,-3.537514805793762207e-02,-3.599007427692413330e-02,-1.278706938028335571e-01,-1.247604098170995712e-02,2.297270148992538452e-01,-2.023845314979553223e-01,1.171981841325759888e-01,1.367520391941070557e-01,-1.108685806393623352e-01,8.416082710027694702e-03,2.523922920227050781e-01,1.478004455566406250e-01,1.436404138803482056e-01,-7.714542746543884277e-02,-2.478945851325988770e-01,-6.683223694562911987e-02,2.656608447432518005e-02,7.707981020212173462e-02
-6.965570896863937378e-02,-1.662966422736644745e-02,1.365009248256683350e-01,-4.973806813359260559e-02,-1.295742020010948181e-02,-1.487325690686702728e-02,1.632739417254924774e-02,-6.001079455018043518e-02,9.092593245441094041e-05,-1.663852855563163757e-02,-3.424320742487907410e-02,2.957513742148876190e-02,-7.255589962005615234e-02,-3.283429890871047974e-02,-8.560436218976974487e-02,-4.127900302410125732e-02,-7.543432526290416718e-03,-1.054192557930946350e-01,3.324065357446670532e-03,3.974373638629913330e-02,-4.678057879209518433e-02,-1.054683774709701538e-01,-1.035159155726432800e-01,8.510540239512920380e-03,-1.417599711567163467e-02,-1.043996512889862061e-01,1.093908771872520447e-01,4.200487583875656128e-02,-9.306309372186660767e-02,6.954273581504821777e-02,-2.034251205623149872e-02,1.302359253168106079e-01,-8.896965533494949341e-02,-7.104273140430450439e-02,-1.960887340828776360e-03,1.168460622429847717e-01,4.932792391628026962e-03,-1.643406599760055542e-02,3.561985865235328674e-02,1.406075358390808105e-01,-1.122120320796966553e-01,1.765278913080692291e-02,-9.953945875167846680e-02,-1.433333568274974823e-02,-5.241403728723526001e-02,1.152200549840927124e-01,8.553097397089004517e-02,2.434295602142810822e-02,2.236951701343059540e-02,2.525510452687740326e-02,-3.861748427152633667e-02,8.036065846681594849e-03,-6.128340959548950195e-02,6.026289239525794983e-02,-4.541293252259492874e-03,1.016837432980537415e-01,-1.724512688815593719e-02,-1.116416789591312408e-02,5.415678024291992188e-02,4.814832285046577454e-02,2.603590860962867737e-02,-3.083349764347076416e-02,-1.121657714247703552e-02,-2.281759493052959442e-02,9.522118605673313141e-03,1.755329594016075134e-02,-2.432641200721263885e-02,-1.320206671953201294e-01,1.372644454240798950e-01,2.672746591269969940e-02,9.123914688825607300e-02,5.864525586366653442e-02,3.277654200792312622e-02,-1.026609763503074646e-01,6.614663451910018921e-02,8.937139809131622314e-02,5.631028674542903900e-03,-1.497608274221420288e-01,4.296208173036575317e-02,9.717841446399688721e-02,-1.288562715053558350e-01,-5.364591721445322037e-03,7.495930790901184082e-02,-5.606008693575859070e-03,1.039460524916648865e-01,4.280949383974075317e-02,-7.309512048959732056e-02,-1.045346166938543320e-02,-5.216420814394950867e-02,-7.020122138783335686e-04,2.509522810578346252e-02,5.020973831415176392e-02,1.122359856963157654e-01,-4.103882610797882080e-02,5.627785250544548035e-02,1.517047453671693802e-02,-7.545579969882965088e-02,1.143679488450288773e-03,7.279267162084579468e-02,-7.027383148670196533e-02,-4.366839770227670670e-03,-4.427406191825866699e-02,8.156193047761917114e-02,3.551349276676774025e-03,-1.393772810697555542e-01,-3.462414070963859558e-02,6.888912618160247803e-02,6.118769943714141846e-02,3.948187455534934998e-02,2.017318829894065857e-02,-1.068772226572036743e-01,4.813914000988006592e-02,8.162430673837661743e-02,3.551026061177253723e-02,-1.264592558145523071e-01,1.073151975870132446e-01,-7.189266383647918701e-02,-6.172712147235870361e-02,1.470013558864593506e-01,-2.337456680834293365e-02,-1.015525162220001221e-01,-1.198311373591423035e-01,-9.568519145250320435e-02,3.994362801313400269e-02,9.425009787082672119e-02,6.351327896118164062e-02,-1.438830979168415070e-02,-9.003917872905731201e-02
