9.999980926513671875e-01,-9.999982118606567383e-01,-9.999849796295166016e-01,9.999980330467224121e-01,9.999987483024597168e-01,-9.999985694885253906e-01,9.999940991401672363e-01,9.999989271163940430e-01,-9.999967813491821289e-01,9.999968409538269043e-01,-9.999975562095642090e-01,-9.999988079071044922e-01,9.999981522560119629e-01,9.999977946281433105e-01,9.999592900276184082e-01,9.999976158142089844e-01,9.999976158142089844e-01,-9.999985098838806152e-01,9.999863505363464355e-01,-9.999989271163940430e-01,-9.999987483024597168e-01,9.999844431877136230e-01,9.999979138374328613e-01,9.999983310699462891e-01,9.999893903732299805e-01,9.999988675117492676e-01,-9.999984502792358398e-01,-9.999988675117492676e-01,9.999736547470092773e-01,-9.999963045120239258e-01,-9.999954700469970703e-01,-9.999985098838806152e-01,9.999944567680358887e-01,9.999976158142089844e-01,-9.999964833259582520e-01,-9.999905824661254883e-01,9.999989271163940430e-01,9.999985694885253906e-01,9.999924898147583008e-01,-9.999988079071044922e-01,9.999982714653015137e-01,-9.999970793724060059e-01,9.999340772628784180e-01,9.999985694885253906e-01,9.999971985816955566e-01,9.999977350234985352e-01,9.999924302101135254e-01,9.999978542327880859e-01,9.999987483024597168e-01,-9.999985098838806152e-01,-9.999986290931701660e-01,-9.999972581863403320e-01,-9.999984502792358398e-01,-9.999902844429016113e-01,-9.999960064888000488e-01,-9.999977946281433105e-01,-9.999975562095642090e-01,9.999606609344482422e-01,9.999977946281433105e-01,9.999980330467224121e-01,-9.999965429306030273e-01,9.999988079071044922e-01,9.999980926513671875e-01,9.999948143959045410e-01,-9.999954700469970703e-01,-9.999986886978149414e-01,-9.999989271163940430e-01,-9.999935030937194824e-01,-9.999984502792358398e-01,9.999986886978149414e-01,-9.999986290931701660e-01,9.999978542327880859e-01,9.999966025352478027e-01,-9.999892711639404297e-01,1.414202433079481125e-02,-9.999979734420776367e-01,9.999907612800598145e-01,9.999985098838806152e-01,-9.999901056289672852e-01,-9.999970197677612305e-01,-9.999583363533020020e-01,9.999974966049194336e-01,-9.999987483024597168e-01,9.999920725822448730e-01,-9.999982714653015137e-01,-9.999823570251464844e-01,9.999916553497314453e-01,9.999987483024597168e-01,-9.999474883079528809e-01,9.999973177909851074e-01,-9.999981522560119629e-01,9.999982118606567383e-01,-9.999730587005615234e-01,-9.999980926513671875e-01,9.999983906745910645e-01,-9.999977350234985352e-01,-9.999886751174926758e-01,9.999988675117492676e-01,-9.999986290931701660e-01,9.999877214431762695e-01,-9.999972581863403320e-01,9.999986290931701660e-01,-9.999806284904479980e-01,-9.999774694442749023e-01,9.999983310699462891e-01,9.999964237213134766e-01,9.999703168869018555e-01,-9.999974966049194336e-01,-9.999943971633911133e-01,9.999985098838806152e-01,-9.999976754188537598e-01,9.999985098838806152e-01,-9.999979734420776367e-01,-9.999889135360717773e-01,9.999989867210388184e-01,-9.999983310699462891e-01,9.999985098838806152e-01,-9.999986290931701660e-01,-9.999930858612060547e-01,-9.999980330467224121e-01,-9.999988079071044922e-01,9.999955296516418457e-01,9.999986290931701660e-01,-9.999971985816955566e-01,9.999554157257080078e-01,-9.999951124191284180e-01,9.999753832817077637e-01,-9.999976754188537598e-01
-9.999982118606567383e-01,9.999984502792358398e-01,9.999864101409912109e-01,-9.999983310699462891e-01,-9.999989271163940430e-01,9.999986886978149414e-01,-9.999945759773254395e-01,-9.999991059303283691e-01,9.999970793724060059e-01,-9.999971389770507812e-01,9.999976754188537598e-01,9.999989271163940430e-01,-9.999982118606567383e-01,-9.999980330467224121e-01,-9.999632239341735840e-01,-9.999977946281433105e-01,-9.999977350234985352e-01,9.999985694885253906e-01,-9.999876618385314941e-01,9.999991655349731445e-01,9.999989271163940430e-01,-9.999858140945434570e-01,-9.999980926513671875e-01,-9.999985098838806152e-01,-9.999904036521911621e-01,-9.999991059303283691e-01,9.999985694885253906e-01,9.999990463256835938e-01,-9.999762177467346191e-01,9.999966621398925781e-01,9.999958872795104980e-01,9.999986886978149414e-01,-9.999949932098388672e-01,-9.999978542327880859e-01,9.999967813491821289e-01,9.999914765357971191e-01,-9.999991059303283691e-01,-9.999987483024597168e-01,-9.999933242797851562e-01,9.999989271163940430e-01,-9.999984502792358398e-01,9.999974370002746582e-01,-9.999401569366455078e-01,-9.999987483024597168e-01,-9.999974370002746582e-01,-9.999980330467224121e-01,-9.999930262565612793e-01,-9.999982118606567383e-01,-9.999988675117492676e-01,9.999985694885253906e-01,9.999988675117492676e-01,9.999975562095642090e-01,9.999985694885253906e-01,9.999912381172180176e-01,9.999963641166687012e-01,9.999980330467224121e-01,9.999977946281433105e-01,-9.999644160270690918e-01,-9.999980330467224121e-01,-9.999982118606567383e-01,9.999969005584716797e-01,-9.999989867210388184e-01,-9.999983906745910645e-01,-9.999952912330627441e-01,9.999959468841552734e-01,9.999989271163940430e-01,9.999991059303283691e-01,9.999942183494567871e-01,9.999985694885253906e-01,-9.999989271163940430e-01,9.999987483024597168e-01,-9.999980926513671875e-01,-9.999969601631164551e-01,9.999902844429016113e-01,-1.414384879171848297e-02,9.999982714653015137e-01,-9.999916553497314453e-01,-9.999986290931701660e-01,9.999909996986389160e-01,9.999971985816955566e-01,9.999622702598571777e-01,-9.999976754188537598e-01,9.999988675117492676e-01,-9.999928474426269531e-01,9.999985098838806152e-01,9.999840259552001953e-01,-9.999924898147583008e-01,-9.999988675117492676e-01,9.999524354934692383e-01,-9.999975562095642090e-01,9.999983310699462891e-01,-9.999983310699462891e-01,9.999755620956420898e-01,9.999982714653015137e-01,-9.999986290931701660e-01,9.999979138374328613e-01,9.999897480010986328e-01,-9.999989867210388184e-01,9.999987483024597168e-01,-9.999889135360717773e-01,9.999974966049194336e-01,-9.999987483024597168e-01,9.999825358390808105e-01,9.999796152114868164e-01,-9.999985694885253906e-01,-9.999966621398925781e-01,-9.999731183052062988e-01,9.999977350234985352e-01,9.999948740005493164e-01,-9.999986290931701660e-01,9.999979138374328613e-01,-9.999987483024597168e-01,9.999982714653015137e-01,9.999899864196777344e-01,-9.999991059303283691e-01,9.999983906745910645e-01,-9.999986290931701660e-01,9.999987483024597168e-01,9.999936223030090332e-01,9.999983310699462891e-01,9.999989271163940430e-01,-9.999959468841552734e-01,-9.999987483024597168e-01,9.999974966049194336e-01,-9.999596476554870605e-01,9.999955892562866211e-01,-9.999777078628540039e-01,9.999979138374328613e-01
-9.999849796295166016e-01,9.999864101409912109e-01,9.998789429664611816e-01,-9.999851584434509277e-01,-9.999907016754150391e-01,9.999885559082031250e-01,-9.999521374702453613e-01,-9.999915957450866699e-01,9.999753236770629883e-01,-9.999749660491943359e-01,9.999803304672241211e-01,9.999907016754150391e-01,-9.999844431877136230e-01,-9.999826550483703613e-01,-9.996722936630249023e-01,-9.999812245368957520e-01,-9.999814033508300781e-01,9.999880194664001465e-01,-9.998900294303894043e-01,9.999920129776000977e-01,9.999909400939941406e-01,-9.998743534088134766e-01,-9.999835491180419922e-01,-9.999876022338867188e-01,-9.999137520790100098e-01,-9.999917149543762207e-01,9.999877214431762695e-01,9.999909400939941406e-01,-9.997882246971130371e-01,9.999704957008361816e-01,9.999636411666870117e-01,9.999882578849792480e-01,-9.999559521675109863e-01,-9.999811053276062012e-01,9.999718666076660156e-01,9.999239444732666016e-01,-9.999915361404418945e-01,-9.999888539314270020e-01,-9.999402761459350586e-01,9.999906420707702637e-01,-9.999871850013732910e-01,9.999767541885375977e-01,-9.994692206382751465e-01,-9.999888539314270020e-01,-9.999775290489196777e-01,-9.999825358390808105e-01,-9.999387264251708984e-01,-9.999831318855285645e-01,-9.999898672103881836e-01,9.999882578849792480e-01,9.999893903732299805e-01,9.999784827232360840e-01,9.999883174896240234e-01,9.999217987060546875e-01,9.999681711196899414e-01,9.999830722808837891e-01,9.999808073043823242e-01,-9.996833801269531250e-01,-9.999825954437255859e-01,-9.999845027923583984e-01,9.999725818634033203e-01,-9.999909996986389160e-01,-9.999856352806091309e-01,-9.999583363533020020e-01,9.999641776084899902e-01,9.999901056289672852e-01,9.999914169311523438e-01,9.999482035636901855e-01,9.999877214431762695e-01,-9.999904632568359375e-01,9.999890327453613281e-01,-9.999831318855285645e-01,-9.999731183052062988e-01,9.999132752418518066e-01,-1.400722563266754150e-02,9.999846816062927246e-01,-9.999257326126098633e-01,-9.999881386756896973e-01,9.999200105667114258e-01,9.999761581420898438e-01,9.996638894081115723e-01,-9.999794363975524902e-01,9.999899268150329590e-01,-9.999360442161560059e-01,9.999863505363464355e-01,9.998572468757629395e-01,-9.999333620071411133e-01,-9.999900460243225098e-01,9.995779395103454590e-01,-9.999787807464599609e-01,9.999853968620300293e-01,-9.999864101409912109e-01,9.997822642326354980e-01,9.999848008155822754e-01,-9.999879002571105957e-01,9.999817013740539551e-01,9.999085664749145508e-01,-9.999909996986389160e-01,9.999898076057434082e-01,-9.999010562896728516e-01,9.999781847000122070e-01,-9.999890327453613281e-01,9.998444318771362305e-01,9.998185038566589355e-01,-9.999876618385314941e-01,-9.999718070030212402e-01,-9.997607469558715820e-01,9.999801516532897949e-01,9.999552369117736816e-01,-9.999879598617553711e-01,9.999815821647644043e-01,-9.999881386756896973e-01,9.999838471412658691e-01,9.999107718467712402e-01,-9.999918341636657715e-01,9.999868869781494141e-01,-9.999887943267822266e-01,9.999896883964538574e-01,9.999432563781738281e-01,9.999843835830688477e-01,9.999904632568359375e-01,-9.999639987945556641e-01,-9.999889731407165527e-01,9.999784827232360840e-01,-9.996410608291625977e-01,9.999605417251586914e-01,-9.998014569282531738e-01,9.999814629554748535e-01
9.999980330467224121e-01,-9.999983310699462891e-01,-9.999851584434509277e-01,9.999981522560119629e-01,9.999988079071044922e-01,-9.999985694885253906e-01,9.999941587448120117e-01,9.999989271163940430e-01,-9.999968409538269043e-01,9.999967813491821289e-01,-9.999974966049194336e-01,-9.999988675117492676e-01,9.999980330467224121e-01,9.999978542327880859e-01,9.999597072601318359e-01,9.999976754188537598e-01,9.999976158142089844e-01,-9.999985098838806152e-01,9.999865293502807617e-01,-9.999990463256835938e-01,-9.999988079071044922e-01,9.999845623970031738e-01,9.999979138374328613e-01,9.999984502792358398e-01,9.999895095825195312e-01,9.999989867210388184e-01,-9.999984502792358398e-01,-9.999988675117492676e-01,9.999740123748779297e-01,-9.999961853027343750e-01,-9.999954700469970703e-01,-9.999985098838806152e-01,9.999945759773254395e-01,9.999976158142089844e-01,-9.999964833259582520e-01,-9.999907016754150391e-01,9.999989867210388184e-01,9.999986290931701660e-01,9.999925494194030762e-01,-9.999988079071044922e-01,9.999983310699462891e-01,-9.999970793724060059e-01,9.999346733093261719e-01,9.999986290931701660e-01,9.999971985816955566e-01,9.999977350234985352e-01,9.999924898147583008e-01,9.999979138374328613e-01,9.999987483024597168e-01,-9.999985098838806152e-01,-9.999987483024597168e-01,-9.999973177909851074e-01,-9.999985694885253906e-01,-9.999904036521911621e-01,-9.999961256980895996e-01,-9.999978542327880859e-01,-9.999976158142089844e-01,9.999611377716064453e-01,9.999978542327880859e-01,9.999980926513671875e-01,-9.999964833259582520e-01,9.999988675117492676e-01,9.999982118606567383e-01,9.999948740005493164e-01,-9.999955296516418457e-01,-9.999987483024597168e-01,-9.999989271163940430e-01,-9.999936223030090332e-01,-9.999984502792358398e-01,9.999988079071044922e-01,-9.999986290931701660e-01,9.999979138374328613e-01,9.999966621398925781e-01,-9.999893307685852051e-01,1.414221897721290588e-02,-9.999979734420776367e-01,9.999909400939941406e-01,9.999985098838806152e-01,-9.999901056289672852e-01,-9.999969601631164551e-01,-9.999586939811706543e-01,9.999974370002746582e-01,-9.999986886978149414e-01,9.999921321868896484e-01,-9.999982714653015137e-01,-9.999825358390808105e-01,9.999918341636657715e-01,9.999987483024597168e-01,-9.999480247497558594e-01,9.999974370002746582e-01,-9.999980926513671875e-01,9.999983310699462891e-01,-9.999732375144958496e-01,-9.999980926513671875e-01,9.999985098838806152e-01,-9.999977350234985352e-01,-9.999887943267822266e-01,9.999988079071044922e-01,-9.999986290931701660e-01,9.999878406524658203e-01,-9.999972581863403320e-01,9.999986290931701660e-01,-9.999808073043823242e-01,-9.999777078628540039e-01,9.999984502792358398e-01,9.999964833259582520e-01,9.999706149101257324e-01,-9.999974966049194336e-01,-9.999944567680358887e-01,9.999985098838806152e-01,-9.999976754188537598e-01,9.999985098838806152e-01,-9.999979734420776367e-01,-9.999890327453613281e-01,9.999989271163940430e-01,-9.999983906745910645e-01,9.999985098838806152e-01,-9.999986886978149414e-01,-9.999930262565612793e-01,-9.999980330467224121e-01,-9.999988079071044922e-01,9.999955892562866211e-01,9.999986290931701660e-01,-9.999972581863403320e-01,9.999558925628662109e-01,-9.999951720237731934e-01,9.999756217002868652e-01,-9.999977350234985352e-01
9.999987483024597168e-01,-9.999989271163940430e-01,-9.999907016754150391e-01,9.999988079071044922e-01,9.999992847442626953e-01,-9.999990463256835938e-01,9.999961256980895996e-01,9.999992847442626953e-01,-9.999980926513671875e-01,9.999980330467224121e-01,-9.999984502792358398e-01,-9.999993443489074707e-01,9.999988079071044922e-01,9.999986290931701660e-01,9.999747276306152344e-01,9.999985098838806152e-01,9.999984502792358398e-01,-9.999989867210388184e-01,9.999915361404418945e-01,-9.999994039535522461e-01,-9.999992251396179199e-01,9.999903440475463867e-01,9.999986886978149414e-01,9.999991059303283691e-01,9.999934434890747070e-01,9.999994039535522461e-01,-9.999989867210388184e-01,-9.999993443489074707e-01,9.999836087226867676e-01,-9.999976754188537598e-01,-9.999970793724060059e-01,-9.999991059303283691e-01,9.999965429306030273e-01,9.999984502792358398e-01,-9.999977946281433105e-01,-9.999941587448120117e-01,9.999993443489074707e-01,9.999991655349731445e-01,9.999953508377075195e-01,-9.999992847442626953e-01,9.999989271163940430e-01,-9.999981522560119629e-01,9.999589323997497559e-01,9.999991655349731445e-01,9.999982118606567383e-01,9.999986290931701660e-01,9.999952912330627441e-01,9.999986886978149414e-01,9.999991655349731445e-01,-9.999991655349731445e-01,-9.999992847442626953e-01,-9.999983310699462891e-01,-9.999990463256835938e-01,-9.999939799308776855e-01,-9.999975562095642090e-01,-9.999986886978149414e-01,-9.999985694885253906e-01,9.999756217002868652e-01,9.999985694885253906e-01,9.999988079071044922e-01,-9.999977946281433105e-01,9.999993443489074707e-01,9.999988079071044922e-01,9.999966621398925781e-01,-9.999971389770507812e-01,-9.999992847442626953e-01,-9.999993443489074707e-01,-9.999958276748657227e-01,-9.999991059303283691e-01,9.999992847442626953e-01,-9.999991655349731445e-01,9.999987483024597168e-01,9.999979138374328613e-01,-9.999933242797851562e-01,1.414932869374752045e-02,-9.999987483024597168e-01,9.999942779541015625e-01,9.999989867210388184e-01,-9.999938607215881348e-01,-9.999981522560119629e-01,-9.999740719795227051e-01,9.999983906745910645e-01,-9.999991655349731445e-01,9.999950528144836426e-01,-9.999989271163940430e-01,-9.999889731407165527e-01,9.999949336051940918e-01,9.999992847442626953e-01,-9.999673366546630859e-01,9.999983310699462891e-01,-9.999988079071044922e-01,9.999988675117492676e-01,-9.999831914901733398e-01,-9.999988079071044922e-01,9.999991059303283691e-01,-9.999985694885253906e-01,-9.999929666519165039e-01,9.999992251396179199e-01,-9.999991655349731445e-01,9.999923706054687500e-01,-9.999982714653015137e-01,9.999991655349731445e-01,-9.999880194664001465e-01,-9.999859929084777832e-01,9.999991059303283691e-01,9.999977350234985352e-01,9.999815225601196289e-01,-9.999984502792358398e-01,-9.999964833259582520e-01,9.999991059303283691e-01,-9.999984502792358398e-01,9.999991059303283691e-01,-9.999987483024597168e-01,-9.999931454658508301e-01,9.999993443489074707e-01,-9.999989271163940430e-01,9.999991655349731445e-01,-9.999992251396179199e-01,-9.999956488609313965e-01,-9.999987483024597168e-01,-9.999992847442626953e-01,9.999971985816955566e-01,9.999991655349731445e-01,-9.999983310699462891e-01,9.999723434448242188e-01,-9.999969005584716797e-01,9.999846816062927246e-01,-9.999986290931701660e-01
-9.999985694885253906e-01,9.999986886978149414e-01,9.999885559082031250e-01,-9.999985694885253906e-01,-9.999990463256835938e-01,9.999988675117492676e-01,-9.999954104423522949e-01,-9.999992251396179199e-01,9.999975562095642090e-01,-9.999974966049194336e-01,9.999980330467224121e-01,9.999991655349731445e-01,-9.999985098838806152e-01,-9.999983310699462891e-01,-9.999690651893615723e-01,-9.999982118606567383e-01,-9.999980926513671875e-01,9.999988675117492676e-01,-9.999895691871643066e-01,9.999992847442626953e-01,9.999991059303283691e-01,-9.999881386756896973e-01,-9.999983906745910645e-01,-9.999987483024597168e-01,-9.999918341636657715e-01,-9.999992251396179199e-01,9.999988079071044922e-01,9.999992847442626953e-01,-9.999799132347106934e-01,9.999971985816955566e-01,9.999965429306030273e-01,9.999988675117492676e-01,-9.999958276748657227e-01,-9.999982118606567383e-01,9.999973177909851074e-01,9.999929070472717285e-01,-9.999992251396179199e-01,-9.999989271163940430e-01,-9.999943971633911133e-01,9.999991655349731445e-01,-9.999986886978149414e-01,9.999977946281433105e-01,-9.999498128890991211e-01,-9.999988675117492676e-01,-9.999979138374328613e-01,-9.999983310699462891e-01,-9.999941587448120117e-01,-9.999983906745910645e-01,-9.999991059303283691e-01,9.999988675117492676e-01,9.999990463256835938e-01,9.999979138374328613e-01,9.999988675117492676e-01,9.999926090240478516e-01,9.999969601631164551e-01,9.999983906745910645e-01,9.999981522560119629e-01,-9.999701380729675293e-01,-9.999982118606567383e-01,-9.999985098838806152e-01,9.999973773956298828e-01,-9.999991655349731445e-01,-9.999986290931701660e-01,-9.999958872795104980e-01,9.999965429306030273e-01,9.999991059303283691e-01,9.999992251396179199e-01,9.999951124191284180e-01,9.999988675117492676e-01,-9.999991059303283691e-01,9.999989271163940430e-01,-9.999983906745910645e-01,-9.999974370002746582e-01,9.999917745590209961e-01,-1.414663065224885941e-02,9.999985098838806152e-01,-9.999930858612060547e-01,-9.999988079071044922e-01,9.999924302101135254e-01,9.999976754188537598e-01,9.999682903289794922e-01,-9.999981522560119629e-01,9.999989867210388184e-01,-9.999939799308776855e-01,9.999986886978149414e-01,9.999865293502807617e-01,-9.999936819076538086e-01,-9.999991059303283691e-01,9.999600648880004883e-01,-9.999979734420776367e-01,9.999985098838806152e-01,-9.999986886978149414e-01,9.999794363975524902e-01,9.999985098838806152e-01,-9.999987483024597168e-01,9.999982118606567383e-01,9.999913573265075684e-01,-9.999991059303283691e-01,9.999989867210388184e-01,-9.999906420707702637e-01,9.999979138374328613e-01,-9.999989271163940430e-01,9.999853372573852539e-01,9.999828934669494629e-01,-9.999988079071044922e-01,-9.999971985816955566e-01,-9.999773502349853516e-01,9.999980926513671875e-01,9.999957084655761719e-01,-9.999988079071044922e-01,9.999981522560119629e-01,-9.999988675117492676e-01,9.999984502792358398e-01,9.999915361404418945e-01,-9.999992847442626953e-01,9.999986886978149414e-01,-9.999988675117492676e-01,9.999990463256835938e-01,9.999946355819702148e-01,9.999985098838806152e-01,9.999991655349731445e-01,-9.999965429306030273e-01,-9.999989271163940430e-01,9.999978542327880859e-01,-9.999661445617675781e-01,9.999962449073791504e-01,-9.999812245368957520e-01,9.999983310699462891e-01
9.999940991401672363e-01,-9.999945759773254395e-01,-9.999521374702453613e-01,9.999941587448120117e-01,9.999961256980895996e-01,-9.999954104423522949e-01,9.999811649322509766e-01,9.999965429306030273e-01,-9.999901652336120605e-01,9.999901056289672852e-01,-9.999922513961791992e-01,-9.999963045120239258e-01,9.999938607215881348e-01,9.999931454658508301e-01,9.998706579208374023e-01,9.999924302101135254e-01,9.999925494194030762e-01,-9.999952912330627441e-01,9.999566078186035156e-01,-9.999967217445373535e-01,-9.999963045120239258e-01,9.999504089355468750e-01,9.999935030937194824e-01,9.999950528144836426e-01,9.999659061431884766e-01,9.999966621398925781e-01,-9.999951124191284180e-01,-9.999963641166687012e-01,9.999163150787353516e-01,-9.999882578849792480e-01,-9.999856948852539062e-01,-9.999953508377075195e-01,9.999825954437255859e-01,9.999924302101135254e-01,-9.999889135360717773e-01,-9.999701380729675293e-01,9.999966025352478027e-01,9.999955892562866211e-01,9.999765157699584961e-01,-9.999961256980895996e-01,9.999948740005493164e-01,-9.999908208847045898e-01,9.997904896736145020e-01,9.999955892562866211e-01,9.999911189079284668e-01,9.999929666519165039e-01,9.999758601188659668e-01,9.999933242797851562e-01,9.999959468841552734e-01,-9.999953508377075195e-01,-9.999957680702209473e-01,-9.999914765357971191e-01,-9.999953508377075195e-01,-9.999691843986511230e-01,-9.999874234199523926e-01,-9.999932646751403809e-01,-9.999924302101135254e-01,9.998750090599060059e-01,9.999930262565612793e-01,9.999938011169433594e-01,-9.999890923500061035e-01,9.999964237213134766e-01,9.999942183494567871e-01,9.999834895133972168e-01,-9.999858140945434570e-01,-9.999960064888000488e-01,-9.999965429306030273e-01,-9.999794960021972656e-01,-9.999951124191284180e-01,9.999961256980895996e-01,-9.999956488609313965e-01,9.999933242797851562e-01,9.999893903732299805e-01,-9.999657869338989258e-01,1.410011947154998779e-02,-9.999939799308776855e-01,9.999707341194152832e-01,9.999952912330627441e-01,-9.999684691429138184e-01,-9.999905228614807129e-01,-9.998673796653747559e-01,9.999918937683105469e-01,-9.999959468841552734e-01,9.999747872352600098e-01,-9.999945759773254395e-01,-9.999436140060424805e-01,9.999737143516540527e-01,9.999960064888000488e-01,-9.998333454132080078e-01,9.999916553497314453e-01,-9.999941587448120117e-01,9.999945759773254395e-01,-9.999139904975891113e-01,-9.999939799308776855e-01,9.999951720237731934e-01,-9.999928474426269531e-01,-9.999639391899108887e-01,9.999963045120239258e-01,-9.999958276748657227e-01,9.999608993530273438e-01,-9.999913573265075684e-01,9.999956488609313965e-01,-9.999385476112365723e-01,-9.999282360076904297e-01,9.999951124191284180e-01,9.999888539314270020e-01,9.999055266380310059e-01,-9.999921917915344238e-01,-9.999822974205017090e-01,9.999951720237731934e-01,-9.999927282333374023e-01,9.999952912330627441e-01,-9.999936223030090332e-01,-9.999647140502929688e-01,9.999967217445373535e-01,-9.999947547912597656e-01,9.999955296516418457e-01,-9.999959468841552734e-01,-9.999776482582092285e-01,-9.999938607215881348e-01,-9.999961853027343750e-01,9.999858140945434570e-01,9.999955892562866211e-01,-9.999914765357971191e-01,9.998582601547241211e-01,-9.999844431877136230e-01,9.999215602874755859e-01,-9.999926686286926270e-01
9.999989271163940430e-01,-9.999991059303283691e-01,-9.999915957450866699e-01,9.999989271163940430e-01,9.999992847442626953e-01,-9.999992251396179199e-01,9.999965429306030273e-01,9.999994635581970215e-01,-9.999981522560119629e-01,9.999982118606567383e-01,-9.999986290931701660e-01,-9.999994039535522461e-01,9.999989271163940430e-01,9.999987483024597168e-01,9.999771714210510254e-01,9.999985694885253906e-01,9.999986290931701660e-01,-9.999992251396179199e-01,9.999923706054687500e-01,-9.999994039535522461e-01,-9.999993443489074707e-01,9.999911785125732422e-01,9.999988079071044922e-01,9.999990463256835938e-01,9.999939799308776855e-01,9.999994039535522461e-01,-9.999991655349731445e-01,-9.999994635581970215e-01,9.999852776527404785e-01,-9.999979138374328613e-01,-9.999974370002746582e-01,-9.999992251396179199e-01,9.999969005584716797e-01,9.999986886978149414e-01,-9.999980330467224121e-01,-9.999946951866149902e-01,9.999995231628417969e-01,9.999992847442626953e-01,9.999958276748657227e-01,-9.999993443489074707e-01,9.999990463256835938e-01,-9.999983310699462891e-01,9.999629855155944824e-01,9.999992847442626953e-01,9.999985098838806152e-01,9.999987483024597168e-01,9.999956488609313965e-01,9.999988675117492676e-01,9.999993443489074707e-01,-9.999992251396179199e-01,-9.999994039535522461e-01,-9.999984502792358398e-01,-9.999992251396179199e-01,-9.999945759773254395e-01,-9.999977350234985352e-01,-9.999988675117492676e-01,-9.999986290931701660e-01,9.999780654907226562e-01,9.999986886978149414e-01,9.999989271163940430e-01,-9.999979734420776367e-01,9.999994039535522461e-01,9.999989867210388184e-01,9.999970793724060059e-01,-9.999974966049194336e-01,-9.999994039535522461e-01,-9.999994039535522461e-01,-9.999963641166687012e-01,-9.999991655349731445e-01,9.999993443489074707e-01,-9.999993443489074707e-01,9.999988079071044922e-01,9.999979734420776367e-01,-9.999939799308776855e-01,1.415049470961093903e-02,-9.999988675117492676e-01,9.999949336051940918e-01,9.999992251396179199e-01,-9.999943375587463379e-01,-9.999983310699462891e-01,-9.999766945838928223e-01,9.999985694885253906e-01,-9.999993443489074707e-01,9.999954700469970703e-01,-9.999991059303283691e-01,-9.999901652336120605e-01,9.999953508377075195e-01,9.999993443489074707e-01,-9.999706149101257324e-01,9.999985098838806152e-01,-9.999989271163940430e-01,9.999991059303283691e-01,-9.999849796295166016e-01,-9.999989271163940430e-01,9.999991655349731445e-01,-9.999986886978149414e-01,-9.999936223030090332e-01,9.999993443489074707e-01,-9.999992251396179199e-01,9.999930858612060547e-01,-9.999984502792358398e-01,9.999993443489074707e-01,-9.999891519546508789e-01,-9.999873638153076172e-01,9.999991655349731445e-01,9.999980330467224121e-01,9.999833703041076660e-01,-9.999985694885253906e-01,-9.999968409538269043e-01,9.999991059303283691e-01,-9.999986886978149414e-01,9.999992251396179199e-01,-9.999988675117492676e-01,-9.999938011169433594e-01,9.999994635581970215e-01,-9.999991059303283691e-01,9.999991655349731445e-01,-9.999992847442626953e-01,-9.999960064888000488e-01,-9.999988675117492676e-01,-9.999993443489074707e-01,9.999975562095642090e-01,9.999992847442626953e-01,-9.999985098838806152e-01,9.999750256538391113e-01,-9.999971985816955566e-01,9.999861717224121094e-01,-9.999987483024597168e-01
-9.999967813491821289e-01,9.999970793724060059e-01,9.999753236770629883e-01,-9.999968409538269043e-01,-9.999980926513671875e-01,9.999975562095642090e-01,-9.999901652336120605e-01,-9.999981522560119629e-01,9.999948740005493164e-01,-9.999948143959045410e-01,9.999958872795104980e-01,9.999980926513671875e-01,-9.999967813491821289e-01,-9.999964237213134766e-01,-9.999330639839172363e-01,-9.999960064888000488e-01,-9.999960660934448242e-01,9.999974370002746582e-01,-9.999775290489196777e-01,9.999982714653015137e-01,9.999980330467224121e-01,-9.999743103981018066e-01,-9.999964833259582520e-01,-9.999973773956298828e-01,-9.999824166297912598e-01,-9.999982118606567383e-01,9.999973773956298828e-01,9.999980926513671875e-01,-9.999566674232482910e-01,9.999939799308776855e-01,9.999924898147583008e-01,9.999975562095642090e-01,-9.999910593032836914e-01,-9.999959468841552734e-01,9.999942779541015625e-01,9.999845027923583984e-01,-9.999982118606567383e-01,-9.999976754188537598e-01,-9.999876618385314941e-01,9.999980330467224121e-01,-9.999972581863403320e-01,9.999952316284179688e-01,-9.998915195465087891e-01,-9.999976754188537598e-01,-9.999954104423522949e-01,-9.999963641166687012e-01,-9.999874234199523926e-01,-9.999964237213134766e-01,-9.999978542327880859e-01,9.999974966049194336e-01,9.999977946281433105e-01,9.999955892562866211e-01,9.999974370002746582e-01,9.999840855598449707e-01,9.999935030937194824e-01,9.999964833259582520e-01,9.999958872795104980e-01,-9.999353885650634766e-01,-9.999964237213134766e-01,-9.999967813491821289e-01,9.999943971633911133e-01,-9.999981522560119629e-01,-9.999969601631164551e-01,-9.999914765357971191e-01,9.999926090240478516e-01,9.999979138374328613e-01,9.999982118606567383e-01,9.999894499778747559e-01,9.999974370002746582e-01,-9.999980330467224121e-01,9.999977350234985352e-01,-9.999964833259582520e-01,-9.999944567680358887e-01,9.999823570251464844e-01,-1.412961445748806000e-02,9.999968409538269043e-01,-9.999848604202270508e-01,-9.999974370002746582e-01,9.999836683273315430e-01,9.999950528144836426e-01,9.999313354492187500e-01,-9.999958276748657227e-01,9.999978542327880859e-01,-9.999869465827941895e-01,9.999971389770507812e-01,9.999709129333496094e-01,-9.999864101409912109e-01,-9.999979138374328613e-01,9.999137520790100098e-01,-9.999956488609313965e-01,9.999969005584716797e-01,-9.999970793724060059e-01,9.999555349349975586e-01,9.999968409538269043e-01,-9.999974370002746582e-01,9.999961853027343750e-01,9.999812841415405273e-01,-9.999980330467224121e-01,9.999977350234985352e-01,-9.999798536300659180e-01,9.999955296516418457e-01,-9.999976754188537598e-01,9.999682903289794922e-01,9.999628663063049316e-01,-9.999973773956298828e-01,-9.999941587448120117e-01,-9.999510645866394043e-01,9.999958872795104980e-01,9.999908208847045898e-01,-9.999974370002746582e-01,9.999961853027343750e-01,-9.999975562095642090e-01,9.999965429306030273e-01,9.999817609786987305e-01,-9.999983310699462891e-01,9.999971985816955566e-01,-9.999975562095642090e-01,9.999977946281433105e-01,9.999883770942687988e-01,9.999966621398925781e-01,9.999980330467224121e-01,-9.999926686286926270e-01,-9.999976754188537598e-01,9.999955296516418457e-01,-9.999266862869262695e-01,9.999918937683105469e-01,-9.999593496322631836e-01,9.999961256980895996e-01
9.999968409538269043e-01,-9.999971389770507812e-01,-9.999749660491943359e-01,9.999967813491821289e-01,9.999980330467224121e-01,-9.999974966049194336e-01,9.999901056289672852e-01,9.999982118606567383e-01,-9.999948143959045410e-01,9.999948740005493164e-01,-9.999959468841552734e-01,-9.999981522560119629e-01,9.999968409538269043e-01,9.999963045120239258e-01,9.999317526817321777e-01,9.999960064888000488e-01,9.999960660934448242e-01,-9.999974966049194336e-01,9.999771714210510254e-01,-9.999983310699462891e-01,-9.999980926513671875e-01,9.999738931655883789e-01,9.999965429306030273e-01,9.999973773956298828e-01,9.999820590019226074e-01,9.999982714653015137e-01,-9.999973773956298828e-01,-9.999982118606567383e-01,9.999558925628662109e-01,-9.999938607215881348e-01,-9.999924302101135254e-01,-9.999974966049194336e-01,9.999908804893493652e-01,9.999960064888000488e-01,-9.999941587448120117e-01,-9.999842047691345215e-01,9.999982118606567383e-01,9.999975562095642090e-01,9.999875426292419434e-01,-9.999980330467224121e-01,9.999972581863403320e-01,-9.999951720237731934e-01,9.998894929885864258e-01,9.999976754188537598e-01,9.999953508377075195e-01,9.999963045120239258e-01,9.999873042106628418e-01,9.999964237213134766e-01,9.999978542327880859e-01,-9.999974966049194336e-01,-9.999977946281433105e-01,-9.999955296516418457e-01,-9.999974966049194336e-01,-9.999837875366210938e-01,-9.999933838844299316e-01,-9.999964237213134766e-01,-9.999960064888000488e-01,9.999340772628784180e-01,9.999963045120239258e-01,9.999967217445373535e-01,-9.999942779541015625e-01,9.999980926513671875e-01,9.999969601631164551e-01,9.999912977218627930e-01,-9.999924302101135254e-01,-9.999979138374328613e-01,-9.999982118606567383e-01,-9.999892711639404297e-01,-9.999974966049194336e-01,9.999979734420776367e-01,-9.999976754188537598e-01,9.999964237213134766e-01,9.999943971633911133e-01,-9.999819993972778320e-01,1.412899978458881378e-02,-9.999966621398925781e-01,9.999845623970031738e-01,9.999974966049194336e-01,-9.999833703041076660e-01,-9.999950528144836426e-01,-9.999300837516784668e-01,9.999957680702209473e-01,-9.999978542327880859e-01,9.999867081642150879e-01,-9.999971985816955566e-01,-9.999703168869018555e-01,9.999862313270568848e-01,9.999979138374328613e-01,-9.999121427536010742e-01,9.999956488609313965e-01,-9.999969005584716797e-01,9.999971389770507812e-01,-9.999546408653259277e-01,-9.999968409538269043e-01,9.999974370002746582e-01,-9.999961256980895996e-01,-9.999810457229614258e-01,9.999980926513671875e-01,-9.999977946281433105e-01,9.999794363975524902e-01,-9.999954700469970703e-01,9.999976754188537598e-01,-9.999675750732421875e-01,-9.999622106552124023e-01,9.999973773956298828e-01,9.999941587448120117e-01,9.999501705169677734e-01,-9.999959468841552734e-01,-9.999907016754150391e-01,9.999974370002746582e-01,-9.999961256980895996e-01,9.999974966049194336e-01,-9.999965429306030273e-01,-9.999814629554748535e-01,9.999982714653015137e-01,-9.999971985816955566e-01,9.999975562095642090e-01,-9.999977946281433105e-01,-9.999881982803344727e-01,-9.999967217445373535e-01,-9.999979734420776367e-01,9.999924898147583008e-01,9.999976754188537598e-01,-9.999955296516418457e-01,9.999253153800964355e-01,-9.999917745590209961e-01,9.999586343765258789e-01,-9.999961853027343750e-01
-9.999975562095642090e-01,9.999976754188537598e-01,9.999803304672241211e-01,-9.999974966049194336e-01,-9.999984502792358398e-01,9.999980330467224121e-01,-9.999922513961791992e-01,-9.999986290931701660e-01,9.999958872795104980e-01,-9.999959468841552734e-01,9.999966621398925781e-01,9.999984502792358398e-01,-9.999973773956298828e-01,-9.999971389770507812e-01,-9.999467730522155762e-01,-9.999967813491821289e-01,-9.999968409538269043e-01,9.999980330467224121e-01,-9.999821186065673828e-01,9.999986886978149414e-01,9.999984502792358398e-01,-9.999796152114868164e-01,-9.999971985816955566e-01,-9.999979138374328613e-01,-9.999859929084777832e-01,-9.999985694885253906e-01,9.999979138374328613e-01,9.999985098838806152e-01,-9.999655485153198242e-01,9.999952316284179688e-01,9.999940991401672363e-01,9.999980926513671875e-01,-9.999927878379821777e-01,-9.999969005584716797e-01,9.999953508377075195e-01,9.999876618385314941e-01,-9.999985694885253906e-01,-9.999981522560119629e-01,-9.999902844429016113e-01,9.999984502792358398e-01,-9.999978542327880859e-01,9.999961853027343750e-01,-9.999136924743652344e-01,-9.999981522560119629e-01,-9.999963045120239258e-01,-9.999971389770507812e-01,-9.999900460243225098e-01,-9.999971985816955566e-01,-9.999982118606567383e-01,9.999979734420776367e-01,9.999983310699462891e-01,9.999964237213134766e-01,9.999979734420776367e-01,9.999873042106628418e-01,9.999948143959045410e-01,9.999971389770507812e-01,9.999968409538269043e-01,-9.999485611915588379e-01,-9.999970793724060059e-01,-9.999974370002746582e-01,9.999955296516418457e-01,-9.999985098838806152e-01,-9.999975562095642090e-01,-9.999932050704956055e-01,9.999940991401672363e-01,9.999983906745910645e-01,9.999985694885253906e-01,9.999915361404418945e-01,9.999979138374328613e-01,-9.999983906745910645e-01,9.999982118606567383e-01,-9.999971985816955566e-01,-9.999955892562866211e-01,9.999858140945434570e-01,-1.413608714938163757e-02,9.999973773956298828e-01,-9.999879598617553711e-01,-9.999980330467224121e-01,9.999870061874389648e-01,9.999960660934448242e-01,9.999454617500305176e-01,-9.999966025352478027e-01,9.999983310699462891e-01,-9.999895691871643066e-01,9.999976754188537598e-01,9.999768137931823730e-01,-9.999890923500061035e-01,-9.999983906745910645e-01,9.999313354492187500e-01,-9.999964833259582520e-01,9.999974966049194336e-01,-9.999976754188537598e-01,9.999645948410034180e-01,9.999973773956298828e-01,-9.999980330467224121e-01,9.999969601631164551e-01,9.999851584434509277e-01,-9.999984502792358398e-01,9.999982118606567383e-01,-9.999839067459106445e-01,9.999963641166687012e-01,-9.999982118606567383e-01,9.999746680259704590e-01,9.999704360961914062e-01,-9.999979138374328613e-01,-9.999953508377075195e-01,-9.999610781669616699e-01,9.999967217445373535e-01,9.999927282333374023e-01,-9.999980330467224121e-01,9.999969601631164551e-01,-9.999981522560119629e-01,9.999973177909851074e-01,9.999853968620300293e-01,-9.999985694885253906e-01,9.999977946281433105e-01,-9.999981522560119629e-01,9.999982714653015137e-01,9.999908208847045898e-01,9.999973773956298828e-01,9.999984502792358398e-01,-9.999941587448120117e-01,-9.999981522560119629e-01,9.999963641166687012e-01,-9.999417066574096680e-01,9.999936223030090332e-01,-9.999677538871765137e-01,9.999969005584716797e-01
-9.999988079071044922e-01,9.999989271163940430e-01,9.999907016754150391e-01,-9.999988675117492676e-01,-9.999993443489074707e-01,9.999991655349731445e-01,-9.999963045120239258e-01,-9.999994039535522461e-01,9.999980926513671875e-01,-9.999981522560119629e-01,9.999984502792358398e-01,9.999993443489074707e-01,-9.999988675117492676e-01,-9.999987483024597168e-01,-9.999747872352600098e-01,-9.999984502792358398e-01,-9.999985694885253906e-01,9.999991059303283691e-01,-9.999915957450866699e-01,9.999994039535522461e-01,9.999992847442626953e-01,-9.999903440475463867e-01,-9.999986886978149414e-01,-9.999991059303283691e-01,-9.999933838844299316e-01,-9.999994039535522461e-01,9.999991059303283691e-01,9.999994039535522461e-01,-9.999836683273315430e-01,9.999976754188537598e-01,9.999971389770507812e-01,9.999991655349731445e-01,-9.999965429306030273e-01,-9.999985098838806152e-01,9.999977946281433105e-01,9.999941587448120117e-01,-9.999994635581970215e-01,-9.999991655349731445e-01,-9.999953508377075195e-01,9.999992847442626953e-01,-9.999989271163940430e-01,9.999982118606567383e-01,-9.999591112136840820e-01,-9.999991655349731445e-01,-9.999982714653015137e-01,-9.999986290931701660e-01,-9.999952912330627441e-01,-9.999987483024597168e-01,-9.999992847442626953e-01,9.999991655349731445e-01,9.999992251396179199e-01,9.999983906745910645e-01,9.999991655349731445e-01,9.999939799308776855e-01,9.999974966049194336e-01,9.999986886978149414e-01,9.999985098838806152e-01,-9.999756813049316406e-01,-9.999986290931701660e-01,-9.999988079071044922e-01,9.999978542327880859e-01,-9.999993443489074707e-01,-9.999988079071044922e-01,-9.999967217445373535e-01,9.999971389770507812e-01,9.999992847442626953e-01,9.999993443489074707e-01,9.999959468841552734e-01,9.999991059303283691e-01,-9.999992847442626953e-01,9.999992847442626953e-01,-9.999987483024597168e-01,-9.999979138374328613e-01,9.999934434890747070e-01,-1.414936129003763199e-02,9.999988079071044922e-01,-9.999943971633911133e-01,-9.999991059303283691e-01,9.999938607215881348e-01,9.999981522560119629e-01,9.999742507934570312e-01,-9.999983906745910645e-01,9.999992847442626953e-01,-9.999949932098388672e-01,9.999989867210388184e-01,9.999890923500061035e-01,-9.999948740005493164e-01,-9.999992847442626953e-01,9.999674558639526367e-01,-9.999984502792358398e-01,9.999988079071044922e-01,-9.999989271163940430e-01,9.999833106994628906e-01,9.999988079071044922e-01,-9.999991059303283691e-01,9.999986290931701660e-01,9.999929666519165039e-01,-9.999993443489074707e-01,9.999991655349731445e-01,-9.999924898147583008e-01,9.999982714653015137e-01,-9.999991655349731445e-01,9.999880194664001465e-01,9.999860525131225586e-01,-9.999991059303283691e-01,-9.999977946281433105e-01,-9.999816417694091797e-01,9.999984502792358398e-01,9.999964833259582520e-01,-9.999991059303283691e-01,9.999985694885253906e-01,-9.999992251396179199e-01,9.999987483024597168e-01,9.999931454658508301e-01,-9.999994039535522461e-01,9.999989867210388184e-01,-9.999991655349731445e-01,9.999992251396179199e-01,9.999957084655761719e-01,9.999988675117492676e-01,9.999994039535522461e-01,-9.999971985816955566e-01,-9.999991655349731445e-01,9.999983310699462891e-01,-9.999725222587585449e-01,9.999969005584716797e-01,-9.999848604202270508e-01,9.999986290931701660e-01
