9.999981522560119629e-01,-9.999985694885253906e-01,-9.999942779541015625e-01,9.999972581863403320e-01,9.999988079071044922e-01,-9.999987483024597168e-01,9.999947547912597656e-01,9.999990463256835938e-01,-9.999942183494567871e-01,9.999983906745910645e-01,-9.999987483024597168e-01,-9.999988079071044922e-01,9.999977946281433105e-01,9.999983906745910645e-01,9.999949336051940918e-01,9.999939799308776855e-01,9.999972581863403320e-01,-9.999977350234985352e-01,9.999921917915344238e-01,-9.999991059303283691e-01,-9.999989271163940430e-01,9.999939799308776855e-01,9.999985694885253906e-01,9.999973177909851074e-01,9.999885559082031250e-01,9.999988079071044922e-01,-9.999981522560119629e-01,-9.999988675117492676e-01,9.999911785125732422e-01,-9.999966025352478027e-01,-9.999907612800598145e-01,-9.999980330467224121e-01,9.999833703041076660e-01,9.999948143959045410e-01,-9.999979138374328613e-01,9.999662041664123535e-01,9.999988079071044922e-01,9.999984502792358398e-01,9.999850988388061523e-01,-9.999987483024597168e-01,9.999985694885253906e-01,9.999858736991882324e-01,9.999834895133972168e-01,9.999988079071044922e-01,9.999980330467224121e-01,9.999979734420776367e-01,-9.999929666519165039e-01,9.999986290931701660e-01,9.999986290931701660e-01,-9.999984502792358398e-01,-9.999987483024597168e-01,-9.999984502792358398e-01,-9.999986886978149414e-01,-9.999930858612060547e-01,-9.999985098838806152e-01,-9.999980330467224121e-01,-9.999744296073913574e-01,9.999920725822448730e-01,9.999948143959045410e-01,9.999982118606567383e-01,-9.999982714653015137e-01,9.999988079071044922e-01,9.999983310699462891e-01,9.999954104423522949e-01,-9.999939203262329102e-01,-9.999988079071044922e-01,-9.999990463256835938e-01,-9.999955892562866211e-01,-9.999988675117492676e-01,9.999982714653015137e-01,-9.999988675117492676e-01,9.999963641166687012e-01,-9.999888539314270020e-01,-9.999935626983642578e-01,-9.999844431877136230e-01,-9.999983906745910645e-01,9.999905824661254883e-01,9.999986290931701660e-01,-9.999938607215881348e-01,-9.999951720237731934e-01,9.999899268150329590e-01,9.999974966049194336e-01,-9.999986886978149414e-01,9.999981522560119629e-01,-9.999981522560119629e-01,-9.999848008155822754e-01,9.996254444122314453e-01,9.999988079071044922e-01,9.999917149543762207e-01,9.999850392341613770e-01,-9.999938011169433594e-01,9.999982118606567383e-01,-9.999858140945434570e-01,-9.999972581863403320e-01,9.999973773956298828e-01,-9.999977350234985352e-01,-9.999873638153076172e-01,9.999989867210388184e-01,-9.999987483024597168e-01,9.999972581863403320e-01,-9.999967217445373535e-01,9.999988675117492676e-01,9.999300241470336914e-01,9.999540448188781738e-01,9.999986886978149414e-01,9.999960064888000488e-01,-9.999815225601196289e-01,-9.999983310699462891e-01,-9.999939203262329102e-01,9.999985098838806152e-01,-9.999985098838806152e-01,9.999975562095642090e-01,-9.999982118606567383e-01,-9.998762607574462891e-01,9.999989271163940430e-01,-9.999968409538269043e-01,9.999989271163940430e-01,-9.999978542327880859e-01,-9.999952316284179688e-01,-9.999966621398925781e-01,-9.999983310699462891e-01,9.999966621398925781e-01,9.999976158142089844e-01,-9.999968409538269043e-01,-9.999911785125732422e-01,-9.999946355819702148e-01,9.999780058860778809e-01,-9.999915361404418945e-01
-9.999985694885253906e-01,9.999986886978149414e-01,9.999952316284179688e-01,-9.999976754188537598e-01,-9.999991059303283691e-01,9.999989271163940430e-01,-9.999955296516418457e-01,-9.999992251396179199e-01,9.999951720237731934e-01,-9.999986290931701660e-01,9.999989271163940430e-01,9.999991059303283691e-01,-9.999982118606567383e-01,-9.999986290931701660e-01,-9.999957680702209473e-01,-9.999949336051940918e-01,-9.999977350234985352e-01,9.999980926513671875e-01,-9.999932646751403809e-01,9.999992251396179199e-01,9.999991059303283691e-01,-9.999949336051940918e-01,-9.999988079071044922e-01,-9.999977350234985352e-01,-9.999905228614807129e-01,-9.999989867210388184e-01,9.999983310699462891e-01,9.999991655349731445e-01,-9.999926090240478516e-01,9.999971389770507812e-01,9.999922513961791992e-01,9.999983310699462891e-01,-9.999859929084777832e-01,-9.999956488609313965e-01,9.999982714653015137e-01,-9.999718070030212402e-01,-9.999990463256835938e-01,-9.999986290931701660e-01,-9.999874830245971680e-01,9.999989271163940430e-01,-9.999987483024597168e-01,-9.999880790710449219e-01,-9.999861121177673340e-01,-9.999991059303283691e-01,-9.999984502792358398e-01,-9.999982714653015137e-01,9.999940395355224609e-01,-9.999987483024597168e-01,-9.999988079071044922e-01,9.999986290931701660e-01,9.999989271163940430e-01,9.999986886978149414e-01,9.999988675117492676e-01,9.999942183494567871e-01,9.999986886978149414e-01,9.999983310699462891e-01,9.999784827232360840e-01,-9.999933242797851562e-01,-9.999956488609313965e-01,-9.999985694885253906e-01,9.999986290931701660e-01,-9.999989867210388184e-01,-9.999986290931701660e-01,-9.999960660934448242e-01,9.999949336051940918e-01,9.999990463256835938e-01,9.999991059303283691e-01,9.999962449073791504e-01,9.999990463256835938e-01,-9.999985098838806152e-01,9.999989867210388184e-01,-9.999968409538269043e-01,9.999906420707702637e-01,9.999945759773254395e-01,9.999869465827941895e-01,9.999986290931701660e-01,-9.999921321868896484e-01,-9.999987483024597168e-01,9.999948143959045410e-01,9.999959468841552734e-01,-9.999915957450866699e-01,-9.999979138374328613e-01,9.999989271163940430e-01,-9.999983310699462891e-01,9.999985694885253906e-01,9.999873042106628418e-01,-9.996861219406127930e-01,-9.999990463256835938e-01,-9.999930858612060547e-01,-9.999874830245971680e-01,9.999948143959045410e-01,-9.999985098838806152e-01,9.999881386756896973e-01,9.999976754188537598e-01,-9.999977946281433105e-01,9.999980330467224121e-01,9.999894499778747559e-01,-9.999991655349731445e-01,9.999989867210388184e-01,-9.999977350234985352e-01,9.999972581863403320e-01,-9.999991059303283691e-01,-9.999414086341857910e-01,-9.999615550041198730e-01,-9.999988675117492676e-01,-9.999965429306030273e-01,9.999844431877136230e-01,9.999986886978149414e-01,9.999948740005493164e-01,-9.999987483024597168e-01,9.999987483024597168e-01,-9.999979138374328613e-01,9.999985098838806152e-01,9.998962879180908203e-01,-9.999991655349731445e-01,9.999973773956298828e-01,-9.999991655349731445e-01,9.999982118606567383e-01,9.999959468841552734e-01,9.999971389770507812e-01,9.999986886978149414e-01,-9.999971985816955566e-01,-9.999980330467224121e-01,9.999974370002746582e-01,9.999926090240478516e-01,9.999954700469970703e-01,-9.999815821647644043e-01,9.999929070472717285e-01
-9.999942779541015625e-01,9.999952316284179688e-01,9.999810457229614258e-01,-9.999909996986389160e-01,-9.999962449073791504e-01,9.999958276748657227e-01,-9.999827146530151367e-01,-9.999966621398925781e-01,9.999808073043823242e-01,-9.999948143959045410e-01,9.999958872795104980e-01,9.999962449073791504e-01,-9.999929666519165039e-01,-9.999947547912597656e-01,-9.999830722808837891e-01,-9.999799132347106934e-01,-9.999912381172180176e-01,9.999925494194030762e-01,-9.999736547470092773e-01,9.999969005584716797e-01,9.999963045120239258e-01,-9.999799728393554688e-01,-9.999952912330627441e-01,-9.999914169311523438e-01,-9.999622106552124023e-01,-9.999962449073791504e-01,9.999938607215881348e-01,9.999960064888000488e-01,-9.999707341194152832e-01,9.999888539314270020e-01,9.999692440032958984e-01,9.999935626983642578e-01,-9.999447464942932129e-01,-9.999830126762390137e-01,9.999932646751403809e-01,-9.998877644538879395e-01,-9.999963641166687012e-01,-9.999949932098388672e-01,-9.999506473541259766e-01,9.999960660934448242e-01,-9.999953508377075195e-01,-9.999526143074035645e-01,-9.999451637268066406e-01,-9.999963045120239258e-01,-9.999939799308776855e-01,-9.999932646751403809e-01,9.999765753746032715e-01,-9.999954104423522949e-01,-9.999955892562866211e-01,9.999947547912597656e-01,9.999958872795104980e-01,9.999950528144836426e-01,9.999958276748657227e-01,9.999770522117614746e-01,9.999951720237731934e-01,9.999935626983642578e-01,9.999148249626159668e-01,-9.999734163284301758e-01,-9.999828934669494629e-01,-9.999941587448120117e-01,9.999945759773254395e-01,-9.999961256980895996e-01,-9.999946355819702148e-01,-9.999846816062927246e-01,9.999800324440002441e-01,9.999960660934448242e-01,9.999967217445373535e-01,9.999853372573852539e-01,9.999964833259582520e-01,-9.999942779541015625e-01,9.999959468841552734e-01,-9.999879598617553711e-01,9.999631047248840332e-01,9.999786019325256348e-01,9.999484419822692871e-01,9.999947547912597656e-01,-9.999688863754272461e-01,-9.999956488609313965e-01,9.999796152114868164e-01,9.999840259552001953e-01,-9.999665021896362305e-01,-9.999919533729553223e-01,9.999959468841552734e-01,-9.999938607215881348e-01,9.999942779541015625e-01,9.999497532844543457e-01,-9.987553358078002930e-01,-9.999962449073791504e-01,-9.999725222587585449e-01,-9.999501109123229980e-01,9.999793767929077148e-01,-9.999945163726806641e-01,9.999527931213378906e-01,9.999910593032836914e-01,-9.999917149543762207e-01,9.999926686286926270e-01,9.999579191207885742e-01,-9.999964833259582520e-01,9.999960064888000488e-01,-9.999908208847045898e-01,9.999891519546508789e-01,-9.999961853027343750e-01,-9.997673034667968750e-01,-9.998475313186645508e-01,-9.999955296516418457e-01,-9.999867677688598633e-01,9.999384880065917969e-01,9.999948143959045410e-01,9.999797344207763672e-01,-9.999950528144836426e-01,9.999951124191284180e-01,-9.999918937683105469e-01,9.999940991401672363e-01,9.995889067649841309e-01,-9.999966025352478027e-01,9.999898076057434082e-01,-9.999964833259582520e-01,9.999931454658508301e-01,9.999843239784240723e-01,9.999891519546508789e-01,9.999948740005493164e-01,-9.999890327453613281e-01,-9.999922513961791992e-01,9.999899268150329590e-01,9.999707341194152832e-01,9.999821782112121582e-01,-9.999269247055053711e-01,9.999721646308898926e-01
9.999972581863403320e-01,-9.999976754188537598e-01,-9.999909996986389160e-01,9.999958276748657227e-01,9.999981522560119629e-01,-9.999979734420776367e-01,9.999917745590209961e-01,9.999984502792358398e-01,-9.999908804893493652e-01,9.999974966049194336e-01,-9.999980330467224121e-01,-9.999983310699462891e-01,9.999966025352478027e-01,9.999974370002746582e-01,9.999920725822448730e-01,9.999905228614807129e-01,9.999958276748657227e-01,-9.999964237213134766e-01,9.999876022338867188e-01,-9.999985098838806152e-01,-9.999982714653015137e-01,9.999905824661254883e-01,9.999977946281433105e-01,9.999958872795104980e-01,9.999821186065673828e-01,9.999982118606567383e-01,-9.999970197677612305e-01,-9.999982118606567383e-01,9.999862313270568848e-01,-9.999947547912597656e-01,-9.999854564666748047e-01,-9.999969005584716797e-01,9.999738931655883789e-01,9.999920129776000977e-01,-9.999967813491821289e-01,9.999467730522155762e-01,9.999983310699462891e-01,9.999976158142089844e-01,9.999766945838928223e-01,-9.999981522560119629e-01,9.999977946281433105e-01,9.999777674674987793e-01,9.999740719795227051e-01,9.999982714653015137e-01,9.999971389770507812e-01,9.999967813491821289e-01,-9.999889135360717773e-01,9.999977946281433105e-01,9.999977946281433105e-01,-9.999974966049194336e-01,-9.999980330467224121e-01,-9.999976754188537598e-01,-9.999980330467224121e-01,-9.999891519546508789e-01,-9.999976754188537598e-01,-9.999970197677612305e-01,-9.999596476554870605e-01,9.999874830245971680e-01,9.999918937683105469e-01,9.999972581863403320e-01,-9.999973773956298828e-01,9.999982118606567383e-01,9.999973773956298828e-01,9.999927282333374023e-01,-9.999905228614807129e-01,-9.999982118606567383e-01,-9.999984502792358398e-01,-9.999931454658508301e-01,-9.999983310699462891e-01,9.999973177909851074e-01,-9.999981522560119629e-01,9.999943375587463379e-01,-9.999825358390808105e-01,-9.999899268150329590e-01,-9.999756217002868652e-01,-9.999974370002746582e-01,9.999853372573852539e-01,9.999978542327880859e-01,-9.999904036521911621e-01,-9.999924898147583008e-01,9.999841451644897461e-01,9.999961256980895996e-01,-9.999980926513671875e-01,9.999970197677612305e-01,-9.999973177909851074e-01,-9.999762773513793945e-01,9.994101524353027344e-01,9.999982714653015137e-01,9.999870061874389648e-01,9.999763965606689453e-01,-9.999902844429016113e-01,9.999972581863403320e-01,-9.999777078628540039e-01,-9.999958276748657227e-01,9.999960064888000488e-01,-9.999965429306030273e-01,-9.999802112579345703e-01,9.999983906745910645e-01,-9.999981522560119629e-01,9.999957084655761719e-01,-9.999949336051940918e-01,9.999982118606567383e-01,9.998897910118103027e-01,9.999277591705322266e-01,9.999979138374328613e-01,9.999938011169433594e-01,-9.999709725379943848e-01,-9.999974966049194336e-01,-9.999904036521911621e-01,9.999976754188537598e-01,-9.999977350234985352e-01,9.999961256980895996e-01,-9.999971389770507812e-01,-9.998053312301635742e-01,9.999983906745910645e-01,-9.999951124191284180e-01,9.999984502792358398e-01,-9.999967217445373535e-01,-9.999925494194030762e-01,-9.999948740005493164e-01,-9.999976158142089844e-01,9.999948143959045410e-01,9.999963045120239258e-01,-9.999952912330627441e-01,-9.999861121177673340e-01,-9.999915361404418945e-01,9.999654293060302734e-01,-9.999868273735046387e-01
9.999988079071044922e-01,-9.999991059303283691e-01,-9.999962449073791504e-01,9.999981522560119629e-01,9.999993443489074707e-01,-9.999992847442626953e-01,9.999964833259582520e-01,9.999993443489074707e-01,-9.999961853027343750e-01,9.999989867210388184e-01,-9.999992251396179199e-01,-9.999993443489074707e-01,9.999986290931701660e-01,9.999989867210388184e-01,9.999965429306030273e-01,9.999960064888000488e-01,9.999982118606567383e-01,-9.999984502792358398e-01,9.999947547912597656e-01,-9.999994635581970215e-01,-9.999994039535522461e-01,9.999960064888000488e-01,9.999991059303283691e-01,9.999982714653015137e-01,9.999923706054687500e-01,9.999992847442626953e-01,-9.999988079071044922e-01,-9.999993443489074707e-01,9.999941587448120117e-01,-9.999977946281433105e-01,-9.999938011169433594e-01,-9.999987483024597168e-01,9.999889135360717773e-01,9.999965429306030273e-01,-9.999986886978149414e-01,9.999774098396301270e-01,9.999993443489074707e-01,9.999990463256835938e-01,9.999901652336120605e-01,-9.999991655349731445e-01,9.999992251396179199e-01,9.999905228614807129e-01,9.999889731407165527e-01,9.999994039535522461e-01,9.999987483024597168e-01,9.999986290931701660e-01,-9.999952912330627441e-01,9.999992251396179199e-01,9.999991655349731445e-01,-9.999988675117492676e-01,-9.999992251396179199e-01,-9.999990463256835938e-01,-9.999991059303283691e-01,-9.999953508377075195e-01,-9.999990463256835938e-01,-9.999986886978149414e-01,-9.999828934669494629e-01,9.999946951866149902e-01,9.999964237213134766e-01,9.999988675117492676e-01,-9.999988675117492676e-01,9.999992847442626953e-01,9.999989271163940430e-01,9.999968409538269043e-01,-9.999960064888000488e-01,-9.999993443489074707e-01,-9.999994039535522461e-01,-9.999970197677612305e-01,-9.999993443489074707e-01,9.999989271163940430e-01,-9.999992251396179199e-01,9.999975562095642090e-01,-9.999926090240478516e-01,-9.999957680702209473e-01,-9.999896883964538574e-01,-9.999989867210388184e-01,9.999938011169433594e-01,9.999991655349731445e-01,-9.999958872795104980e-01,-9.999967813491821289e-01,9.999932646751403809e-01,9.999984502792358398e-01,-9.999992251396179199e-01,9.999987483024597168e-01,-9.999988079071044922e-01,-9.999898672103881836e-01,9.997490644454956055e-01,9.999992847442626953e-01,9.999945163726806641e-01,9.999899864196777344e-01,-9.999959468841552734e-01,9.999988675117492676e-01,-9.999905824661254883e-01,-9.999982714653015137e-01,9.999983906745910645e-01,-9.999986290931701660e-01,-9.999915957450866699e-01,9.999993443489074707e-01,-9.999992847442626953e-01,9.999980926513671875e-01,-9.999977946281433105e-01,9.999992847442626953e-01,9.999531507492065430e-01,9.999693036079406738e-01,9.999992251396179199e-01,9.999973177909851074e-01,-9.999876618385314941e-01,-9.999989271163940430e-01,-9.999959468841552734e-01,9.999990463256835938e-01,-9.999991655349731445e-01,9.999984502792358398e-01,-9.999988675117492676e-01,-9.999170899391174316e-01,9.999994635581970215e-01,-9.999980330467224121e-01,9.999994039535522461e-01,-9.999986290931701660e-01,-9.999967813491821289e-01,-9.999977946281433105e-01,-9.999989271163940430e-01,9.999977350234985352e-01,9.999983906745910645e-01,-9.999979734420776367e-01,-9.999941587448120117e-01,-9.999963641166687012e-01,9.999853968620300293e-01,-9.999942779541015625e-01
-9.999987483024597168e-01,9.999989271163940430e-01,9.999958276748657227e-01,-9.999979734420776367e-01,-9.999992847442626953e-01,9.999991059303283691e-01,-9.999960660934448242e-01,-9.999992847442626953e-01,9.999957680702209473e-01,-9.999988079071044922e-01,9.999992251396179199e-01,9.999993443489074707e-01,-9.999984502792358398e-01,-9.999988675117492676e-01,-9.999962449073791504e-01,-9.999955892562866211e-01,-9.999980926513671875e-01,9.999983310699462891e-01,-9.999942779541015625e-01,9.999994039535522461e-01,9.999992251396179199e-01,-9.999956488609313965e-01,-9.999989271163940430e-01,-9.999980926513671875e-01,-9.999917149543762207e-01,-9.999992251396179199e-01,9.999986886978149414e-01,9.999991655349731445e-01,-9.999936819076538086e-01,9.999975562095642090e-01,9.999932646751403809e-01,9.999985694885253906e-01,-9.999879002571105957e-01,-9.999961853027343750e-01,9.999985098838806152e-01,-9.999753832817077637e-01,-9.999992847442626953e-01,-9.999989271163940430e-01,-9.999892115592956543e-01,9.999991655349731445e-01,-9.999989867210388184e-01,-9.999896883964538574e-01,-9.999879598617553711e-01,-9.999992251396179199e-01,-9.999986886978149414e-01,-9.999985098838806152e-01,9.999948740005493164e-01,-9.999990463256835938e-01,-9.999990463256835938e-01,9.999988079071044922e-01,9.999991655349731445e-01,9.999989271163940430e-01,9.999991655349731445e-01,9.999949336051940918e-01,9.999989271163940430e-01,9.999986290931701660e-01,9.999814033508300781e-01,-9.999941587448120117e-01,-9.999961853027343750e-01,-9.999986886978149414e-01,9.999988079071044922e-01,-9.999992251396179199e-01,-9.999988675117492676e-01,-9.999966025352478027e-01,9.999955892562866211e-01,9.999991655349731445e-01,9.999993443489074707e-01,9.999967217445373535e-01,9.999992847442626953e-01,-9.999988079071044922e-01,9.999991655349731445e-01,-9.999973177909851074e-01,9.999918937683105469e-01,9.999952912330627441e-01,9.999886751174926758e-01,9.999988675117492676e-01,-9.999931454658508301e-01,-9.999991059303283691e-01,9.999955296516418457e-01,9.999964833259582520e-01,-9.999926686286926270e-01,-9.999982118606567383e-01,9.999991655349731445e-01,-9.999986290931701660e-01,9.999988079071044922e-01,9.999889731407165527e-01,-9.997263550758361816e-01,-9.999992251396179199e-01,-9.999939799308776855e-01,-9.999890327453613281e-01,9.999955296516418457e-01,-9.999986886978149414e-01,9.999897480010986328e-01,9.999980330467224121e-01,-9.999981522560119629e-01,9.999983906745910645e-01,9.999907612800598145e-01,-9.999992847442626953e-01,9.999991655349731445e-01,-9.999979734420776367e-01,9.999975562095642090e-01,-9.999992251396179199e-01,-9.999489188194274902e-01,-9.999665617942810059e-01,-9.999991655349731445e-01,-9.999970793724060059e-01,9.999865293502807617e-01,9.999988675117492676e-01,9.999955296516418457e-01,-9.999989271163940430e-01,9.999989867210388184e-01,-9.999982714653015137e-01,9.999986886978149414e-01,9.999095797538757324e-01,-9.999992847442626953e-01,9.999977946281433105e-01,-9.999993443489074707e-01,9.999985098838806152e-01,9.999966025352478027e-01,9.999975562095642090e-01,9.999988675117492676e-01,-9.999975562095642090e-01,-9.999982714653015137e-01,9.999977946281433105e-01,9.999936819076538086e-01,9.999960064888000488e-01,-9.999840259552001953e-01,9.999938011169433594e-01
9.999947547912597656e-01,-9.999955296516418457e-01,-9.999827146530151367e-01,9.999917745590209961e-01,9.999964833259582520e-01,-9.999960660934448242e-01,9.999842047691345215e-01,9.999969005584716797e-01,-9.999824762344360352e-01,9.999951720237731934e-01,-9.999961256980895996e-01,-9.999964833259582520e-01,9.999935030937194824e-01,9.999951124191284180e-01,9.999846220016479492e-01,9.999816417694091797e-01,9.999920129776000977e-01,-9.999931454658508301e-01,9.999760985374450684e-01,-9.999970197677612305e-01,-9.999965429306030273e-01,9.999818205833435059e-01,9.999956488609313965e-01,9.999921321868896484e-01,9.999656081199645996e-01,9.999964833259582520e-01,-9.999943375587463379e-01,-9.999963641166687012e-01,9.999734163284301758e-01,-9.999897480010986328e-01,-9.999720454216003418e-01,-9.999940991401672363e-01,9.999496936798095703e-01,9.999844431877136230e-01,-9.999938011169433594e-01,9.998979568481445312e-01,9.999966621398925781e-01,9.999954104423522949e-01,9.999551177024841309e-01,-9.999963045120239258e-01,9.999956488609313965e-01,9.999569058418273926e-01,9.999499917030334473e-01,9.999965429306030273e-01,9.999945163726806641e-01,9.999938011169433594e-01,-9.999786019325256348e-01,9.999957680702209473e-01,9.999959468841552734e-01,-9.999951720237731934e-01,-9.999961256980895996e-01,-9.999955296516418457e-01,-9.999961256980895996e-01,-9.999790787696838379e-01,-9.999954700469970703e-01,-9.999940395355224609e-01,-9.999225735664367676e-01,9.999758601188659668e-01,9.999842643737792969e-01,9.999946355819702148e-01,-9.999949336051940918e-01,9.999964833259582520e-01,9.999949932098388672e-01,9.999859929084777832e-01,-9.999818205833435059e-01,-9.999963045120239258e-01,-9.999969601631164551e-01,-9.999866485595703125e-01,-9.999967217445373535e-01,9.999948143959045410e-01,-9.999963045120239258e-01,9.999890327453613281e-01,-9.999663829803466797e-01,-9.999804496765136719e-01,-9.999530911445617676e-01,-9.999950528144836426e-01,9.999716281890869141e-01,9.999958276748657227e-01,-9.999814033508300781e-01,-9.999853968620300293e-01,9.999696016311645508e-01,9.999926090240478516e-01,-9.999961853027343750e-01,9.999943375587463379e-01,-9.999946951866149902e-01,-9.999542832374572754e-01,9.988690018653869629e-01,9.999965429306030273e-01,9.999749660491943359e-01,9.999545812606811523e-01,-9.999811649322509766e-01,9.999949336051940918e-01,-9.999570250511169434e-01,-9.999918341636657715e-01,9.999924898147583008e-01,-9.999933242797851562e-01,-9.999616742134094238e-01,9.999967813491821289e-01,-9.999962449073791504e-01,9.999915957450866699e-01,-9.999901056289672852e-01,9.999964237213134766e-01,9.997884631156921387e-01,9.998613595962524414e-01,9.999959468841552734e-01,9.999879598617553711e-01,-9.999440908432006836e-01,-9.999952316284179688e-01,-9.999815225601196289e-01,9.999954700469970703e-01,-9.999955892562866211e-01,9.999925494194030762e-01,-9.999945759773254395e-01,-9.996263980865478516e-01,9.999969005584716797e-01,-9.999905824661254883e-01,9.999968409538269043e-01,-9.999935626983642578e-01,-9.999855756759643555e-01,-9.999899864196777344e-01,-9.999952912330627441e-01,9.999899268150329590e-01,9.999928474426269531e-01,-9.999908208847045898e-01,-9.999734163284301758e-01,-9.999836683273315430e-01,9.999335408210754395e-01,-9.999746084213256836e-01
9.999990463256835938e-01,-9.999992251396179199e-01,-9.999966621398925781e-01,9.999984502792358398e-01,9.999993443489074707e-01,-9.999992847442626953e-01,9.999969005584716797e-01,9.999994635581970215e-01,-9.999966621398925781e-01,9.999991059303283691e-01,-9.999993443489074707e-01,-9.999994635581970215e-01,9.999987483024597168e-01,9.999991059303283691e-01,9.999970197677612305e-01,9.999964833259582520e-01,9.999983906745910645e-01,-9.999986886978149414e-01,9.999955296516418457e-01,-9.999995231628417969e-01,-9.999994039535522461e-01,9.999966025352478027e-01,9.999992251396179199e-01,9.999985098838806152e-01,9.999935030937194824e-01,9.999994039535522461e-01,-9.999989271163940430e-01,-9.999993443489074707e-01,9.999949336051940918e-01,-9.999980330467224121e-01,-9.999947547912597656e-01,-9.999988675117492676e-01,9.999904632568359375e-01,9.999970197677612305e-01,-9.999988079071044922e-01,9.999806880950927734e-01,9.999994039535522461e-01,9.999991655349731445e-01,9.999915361404418945e-01,-9.999993443489074707e-01,9.999992251396179199e-01,9.999918937683105469e-01,9.999904632568359375e-01,9.999994039535522461e-01,9.999989271163940430e-01,9.999988079071044922e-01,-9.999959468841552734e-01,9.999992251396179199e-01,9.999991655349731445e-01,-9.999990463256835938e-01,-9.999992251396179199e-01,-9.999991059303283691e-01,-9.999992251396179199e-01,-9.999960064888000488e-01,-9.999992251396179199e-01,-9.999988675117492676e-01,-9.999853372573852539e-01,9.999953508377075195e-01,9.999970197677612305e-01,9.999990463256835938e-01,-9.999991059303283691e-01,9.999994039535522461e-01,9.999992251396179199e-01,9.999972581863403320e-01,-9.999964237213134766e-01,-9.999993443489074707e-01,-9.999994635581970215e-01,-9.999974370002746582e-01,-9.999993443489074707e-01,9.999991655349731445e-01,-9.999993443489074707e-01,9.999978542327880859e-01,-9.999936223030090332e-01,-9.999962449073791504e-01,-9.999910593032836914e-01,-9.999991059303283691e-01,9.999946355819702148e-01,9.999992251396179199e-01,-9.999964237213134766e-01,-9.999971389770507812e-01,9.999942183494567871e-01,9.999985694885253906e-01,-9.999992847442626953e-01,9.999989271163940430e-01,-9.999990463256835938e-01,-9.999914169311523438e-01,9.997851252555847168e-01,9.999994039535522461e-01,9.999951720237731934e-01,9.999914169311523438e-01,-9.999964833259582520e-01,9.999989867210388184e-01,-9.999919533729553223e-01,-9.999984502792358398e-01,9.999985694885253906e-01,-9.999987483024597168e-01,-9.999927282333374023e-01,9.999994635581970215e-01,-9.999993443489074707e-01,9.999984502792358398e-01,-9.999980926513671875e-01,9.999994039535522461e-01,9.999598860740661621e-01,9.999737143516540527e-01,9.999992847442626953e-01,9.999976158142089844e-01,-9.999894499778747559e-01,-9.999991655349731445e-01,-9.999964237213134766e-01,9.999991655349731445e-01,-9.999992251396179199e-01,9.999985694885253906e-01,-9.999989867210388184e-01,-9.999290704727172852e-01,9.999994635581970215e-01,-9.999982118606567383e-01,9.999994039535522461e-01,-9.999988675117492676e-01,-9.999972581863403320e-01,-9.999979734420776367e-01,-9.999991655349731445e-01,9.999980926513671875e-01,9.999986290931701660e-01,-9.999982714653015137e-01,-9.999949336051940918e-01,-9.999969005584716797e-01,9.999874234199523926e-01,-9.999951124191284180e-01
-9.999942183494567871e-01,9.999951720237731934e-01,9.999808073043823242e-01,-9.999908804893493652e-01,-9.999961853027343750e-01,9.999957680702209473e-01,-9.999824762344360352e-01,-9.999966621398925781e-01,9.999805688858032227e-01,-9.999946951866149902e-01,9.999958276748657227e-01,9.999961853027343750e-01,-9.999929070472717285e-01,-9.999946951866149902e-01,-9.999828934669494629e-01,-9.999797344207763672e-01,-9.999911785125732422e-01,9.999923706054687500e-01,-9.999734163284301758e-01,9.999967813491821289e-01,9.999963045120239258e-01,-9.999797344207763672e-01,-9.999952316284179688e-01,-9.999913573265075684e-01,-9.999617338180541992e-01,-9.999960660934448242e-01,9.999938011169433594e-01,9.999960660934448242e-01,-9.999703764915466309e-01,9.999886155128479004e-01,9.999688267707824707e-01,9.999935030937194824e-01,-9.999440908432006836e-01,-9.999828338623046875e-01,9.999932050704956055e-01,-9.998863935470581055e-01,-9.999964237213134766e-01,-9.999949336051940918e-01,-9.999500513076782227e-01,9.999958872795104980e-01,-9.999952912330627441e-01,-9.999520182609558105e-01,-9.999444484710693359e-01,-9.999962449073791504e-01,-9.999939203262329102e-01,-9.999932050704956055e-01,9.999762177467346191e-01,-9.999954104423522949e-01,-9.999954700469970703e-01,9.999946951866149902e-01,9.999958872795104980e-01,9.999950528144836426e-01,9.999957680702209473e-01,9.999767541885375977e-01,9.999951124191284180e-01,9.999935030937194824e-01,9.999138116836547852e-01,-9.999732375144958496e-01,-9.999827146530151367e-01,-9.999940991401672363e-01,9.999945163726806641e-01,-9.999962449073791504e-01,-9.999945759773254395e-01,-9.999843835830688477e-01,9.999798536300659180e-01,9.999960064888000488e-01,9.999966621398925781e-01,9.999851584434509277e-01,9.999964237213134766e-01,-9.999942183494567871e-01,9.999959468841552734e-01,-9.999879002571105957e-01,9.999625682830810547e-01,9.999783635139465332e-01,9.999477863311767578e-01,9.999945759773254395e-01,-9.999684691429138184e-01,-9.999955892562866211e-01,9.999793767929077148e-01,9.999839067459106445e-01,-9.999660849571228027e-01,-9.999918341636657715e-01,9.999958872795104980e-01,-9.999938011169433594e-01,9.999942183494567871e-01,9.999491572380065918e-01,-9.987398386001586914e-01,-9.999963045120239258e-01,-9.999721646308898926e-01,-9.999494552612304688e-01,9.999791383743286133e-01,-9.999943971633911133e-01,9.999523162841796875e-01,9.999909996986389160e-01,-9.999915957450866699e-01,9.999926686286926270e-01,9.999573826789855957e-01,-9.999965429306030273e-01,9.999959468841552734e-01,-9.999907016754150391e-01,9.999890327453613281e-01,-9.999961256980895996e-01,-9.997643232345581055e-01,-9.998456239700317383e-01,-9.999954700469970703e-01,-9.999867081642150879e-01,9.999378323554992676e-01,9.999947547912597656e-01,9.999794363975524902e-01,-9.999949336051940918e-01,9.999950528144836426e-01,-9.999917745590209961e-01,9.999940395355224609e-01,9.995837211608886719e-01,-9.999965429306030273e-01,9.999896287918090820e-01,-9.999964833259582520e-01,9.999930262565612793e-01,9.999840259552001953e-01,9.999889731407165527e-01,9.999948143959045410e-01,-9.999889135360717773e-01,-9.999921917915344238e-01,9.999898672103881836e-01,9.999703764915466309e-01,9.999818801879882812e-01,-9.999260902404785156e-01,9.999718070030212402e-01
9.999983906745910645e-01,-9.999986290931701660e-01,-9.999948143959045410e-01,9.999974966049194336e-01,9.999989867210388184e-01,-9.999988079071044922e-01,9.999951720237731934e-01,9.999991059303283691e-01,-9.999946951866149902e-01,9.999985098838806152e-01,-9.999988675117492676e-01,-9.999990463256835938e-01,9.999980330467224121e-01,9.999985694885253906e-01,9.999954104423522949e-01,9.999944567680358887e-01,9.999974966049194336e-01,-9.999979138374328613e-01,9.999928474426269531e-01,-9.999991655349731445e-01,-9.999989867210388184e-01,9.999945163726806641e-01,9.999986886978149414e-01,9.999976158142089844e-01,9.999895691871643066e-01,9.999989867210388184e-01,-9.999983906745910645e-01,-9.999989867210388184e-01,9.999919533729553223e-01,-9.999969601631164551e-01,-9.999915361404418945e-01,-9.999983310699462891e-01,9.999846220016479492e-01,9.999952912330627441e-01,-9.999980926513671875e-01,9.999690055847167969e-01,9.999991059303283691e-01,9.999986886978149414e-01,9.999864101409912109e-01,-9.999988675117492676e-01,9.999986886978149414e-01,9.999870061874389648e-01,9.999848604202270508e-01,9.999989867210388184e-01,9.999983906745910645e-01,9.999980926513671875e-01,-9.999935030937194824e-01,9.999986886978149414e-01,9.999986886978149414e-01,-9.999985694885253906e-01,-9.999988675117492676e-01,-9.999986290931701660e-01,-9.999988079071044922e-01,-9.999936819076538086e-01,-9.999986290931701660e-01,-9.999982118606567383e-01,-9.999765157699584961e-01,9.999927878379821777e-01,9.999952316284179688e-01,9.999984502792358398e-01,-9.999984502792358398e-01,9.999989867210388184e-01,9.999985694885253906e-01,9.999957680702209473e-01,-9.999945163726806641e-01,-9.999989867210388184e-01,-9.999992251396179199e-01,-9.999959468841552734e-01,-9.999991059303283691e-01,9.999983906745910645e-01,-9.999989271163940430e-01,9.999966621398925781e-01,-9.999898076057434082e-01,-9.999940395355224609e-01,-9.999857544898986816e-01,-9.999985694885253906e-01,9.999914765357971191e-01,9.999987483024597168e-01,-9.999944567680358887e-01,-9.999956488609313965e-01,9.999908208847045898e-01,9.999976754188537598e-01,-9.999988675117492676e-01,9.999983906745910645e-01,-9.999983906745910645e-01,-9.999862313270568848e-01,9.996554255485534668e-01,9.999989867210388184e-01,9.999923706054687500e-01,9.999862313270568848e-01,-9.999943375587463379e-01,9.999984502792358398e-01,-9.999870657920837402e-01,-9.999974966049194336e-01,9.999976754188537598e-01,-9.999979734420776367e-01,-9.999883770942687988e-01,9.999992251396179199e-01,-9.999989271163940430e-01,9.999974966049194336e-01,-9.999969601631164551e-01,9.999989271163940430e-01,9.999356269836425781e-01,9.999577999114990234e-01,9.999988079071044922e-01,9.999963045120239258e-01,-9.999829530715942383e-01,-9.999985694885253906e-01,-9.999944567680358887e-01,9.999986886978149414e-01,-9.999987483024597168e-01,9.999977946281433105e-01,-9.999983310699462891e-01,-9.998862147331237793e-01,9.999991059303283691e-01,-9.999971389770507812e-01,9.999991059303283691e-01,-9.999981522560119629e-01,-9.999957084655761719e-01,-9.999969601631164551e-01,-9.999985694885253906e-01,9.999969005584716797e-01,9.999978542327880859e-01,-9.999971985816955566e-01,-9.999919533729553223e-01,-9.999950528144836426e-01,9.999798536300659180e-01,-9.999923110008239746e-01
-9.999987483024597168e-01,9.999989271163940430e-01,9.999958872795104980e-01,-9.999980330467224121e-01,-9.999992251396179199e-01,9.999992251396179199e-01,-9.999961256980895996e-01,-9.999993443489074707e-01,9.999958276748657227e-01,-9.999988675117492676e-01,9.999991655349731445e-01,9.999993443489074707e-01,-9.999984502792358398e-01,-9.999988079071044922e-01,-9.999963045120239258e-01,-9.999957084655761719e-01,-9.999979734420776367e-01,9.999983906745910645e-01,-9.999942779541015625e-01,9.999993443489074707e-01,9.999992251396179199e-01,-9.999957084655761719e-01,-9.999989867210388184e-01,-9.999981522560119629e-01,-9.999918341636657715e-01,-9.999991655349731445e-01,9.999986290931701660e-01,9.999992847442626953e-01,-9.999937415122985840e-01,9.999976158142089844e-01,9.999934434890747070e-01,9.999985694885253906e-01,-9.999880790710449219e-01,-9.999962449073791504e-01,9.999985098838806152e-01,-9.999757409095764160e-01,-9.999992847442626953e-01,-9.999989867210388184e-01,-9.999893307685852051e-01,9.999992251396179199e-01,-9.999989867210388184e-01,-9.999898076057434082e-01,-9.999880790710449219e-01,-9.999992251396179199e-01,-9.999986886978149414e-01,-9.999985098838806152e-01,9.999949336051940918e-01,-9.999991655349731445e-01,-9.999989867210388184e-01,9.999988079071044922e-01,9.999991655349731445e-01,9.999989271163940430e-01,9.999990463256835938e-01,9.999950528144836426e-01,9.999989271163940430e-01,9.999985694885253906e-01,9.999816417694091797e-01,-9.999943375587463379e-01,-9.999962449073791504e-01,-9.999987483024597168e-01,9.999988079071044922e-01,-9.999992251396179199e-01,-9.999988675117492676e-01,-9.999966025352478027e-01,9.999957084655761719e-01,9.999991655349731445e-01,9.999993443489074707e-01,9.999968409538269043e-01,9.999991655349731445e-01,-9.999987483024597168e-01,9.999991655349731445e-01,-9.999973773956298828e-01,9.999920129776000977e-01,9.999954104423522949e-01,9.999888539314270020e-01,9.999988675117492676e-01,-9.999932646751403809e-01,-9.999991059303283691e-01,9.999956488609313965e-01,9.999965429306030273e-01,-9.999928474426269531e-01,-9.999983310699462891e-01,9.999990463256835938e-01,-9.999987483024597168e-01,9.999987483024597168e-01,9.999891519546508789e-01,-9.997301697731018066e-01,-9.999991655349731445e-01,-9.999940395355224609e-01,-9.999892115592956543e-01,9.999955892562866211e-01,-9.999988079071044922e-01,9.999898672103881836e-01,9.999981522560119629e-01,-9.999981522560119629e-01,9.999983906745910645e-01,9.999909996986389160e-01,-9.999992847442626953e-01,9.999992847442626953e-01,-9.999980330467224121e-01,9.999976158142089844e-01,-9.999992251396179199e-01,-9.999496340751647949e-01,-9.999669790267944336e-01,-9.999991655349731445e-01,-9.999971389770507812e-01,9.999867081642150879e-01,9.999988675117492676e-01,9.999955892562866211e-01,-9.999989271163940430e-01,9.999989271163940430e-01,-9.999983310699462891e-01,9.999986886978149414e-01,9.999109506607055664e-01,-9.999992847442626953e-01,9.999977946281433105e-01,-9.999992847442626953e-01,9.999985694885253906e-01,9.999965429306030273e-01,9.999976158142089844e-01,9.999988675117492676e-01,-9.999976158142089844e-01,-9.999983310699462891e-01,9.999977946281433105e-01,9.999936819076538086e-01,9.999960660934448242e-01,-9.999842047691345215e-01,9.999939799308776855e-01
-9.999988079071044922e-01,9.999991059303283691e-01,9.999962449073791504e-01,-9.999983310699462891e-01,-9.999993443489074707e-01,9.999993443489074707e-01,-9.999964833259582520e-01,-9.999994635581970215e-01,9.999961853027343750e-01,-9.999990463256835938e-01,9.999993443489074707e-01,9.999992847442626953e-01,-9.999986290931701660e-01,-9.999989271163940430e-01,-9.999966621398925781e-01,-9.999960064888000488e-01,-9.999981522560119629e-01,9.999985098838806152e-01,-9.999949336051940918e-01,9.999994039535522461e-01,9.999993443489074707e-01,-9.999960064888000488e-01,-9.999991059303283691e-01,-9.999983310699462891e-01,-9.999926090240478516e-01,-9.999992251396179199e-01,9.999987483024597168e-01,9.999993443489074707e-01,-9.999942779541015625e-01,9.999978542327880859e-01,9.999939799308776855e-01,9.999988079071044922e-01,-9.999892115592956543e-01,-9.999967217445373535e-01,9.999987483024597168e-01,-9.999780654907226562e-01,-9.999993443489074707e-01,-9.999990463256835938e-01,-9.999903440475463867e-01,9.999991655349731445e-01,-9.999991059303283691e-01,-9.999908208847045898e-01,-9.999892115592956543e-01,-9.999993443489074707e-01,-9.999988079071044922e-01,-9.999986886978149414e-01,9.999954104423522949e-01,-9.999991655349731445e-01,-9.999991655349731445e-01,9.999989271163940430e-01,9.999992251396179199e-01,9.999991059303283691e-01,9.999991059303283691e-01,9.999954104423522949e-01,9.999991059303283691e-01,9.999986886978149414e-01,9.999833106994628906e-01,-9.999948143959045410e-01,-9.999964833259582520e-01,-9.999988675117492676e-01,9.999989271163940430e-01,-9.999992847442626953e-01,-9.999989867210388184e-01,-9.999968409538269043e-01,9.999960660934448242e-01,9.999992847442626953e-01,9.999994039535522461e-01,9.999970793724060059e-01,9.999992847442626953e-01,-9.999989271163940430e-01,9.999992251396179199e-01,-9.999976158142089844e-01,9.999927878379821777e-01,9.999958276748657227e-01,9.999899268150329590e-01,9.999989867210388184e-01,-9.999939203262329102e-01,-9.999992251396179199e-01,9.999960064888000488e-01,9.999968409538269043e-01,-9.999934434890747070e-01,-9.999983906745910645e-01,9.999991655349731445e-01,-9.999988079071044922e-01,9.999988675117492676e-01,9.999901652336120605e-01,-9.997559189796447754e-01,-9.999993443489074707e-01,-9.999946355819702148e-01,-9.999902248382568359e-01,9.999960064888000488e-01,-9.999989271163940430e-01,9.999908208847045898e-01,9.999983310699462891e-01,-9.999983310699462891e-01,9.999985694885253906e-01,9.999918341636657715e-01,-9.999993443489074707e-01,9.999992251396179199e-01,-9.999981522560119629e-01,9.999978542327880859e-01,-9.999992847442626953e-01,-9.999544024467468262e-01,-9.999701380729675293e-01,-9.999991655349731445e-01,-9.999973177909851074e-01,9.999879598617553711e-01,9.999989867210388184e-01,9.999959468841552734e-01,-9.999990463256835938e-01,9.999991059303283691e-01,-9.999983906745910645e-01,9.999988079071044922e-01,9.999193549156188965e-01,-9.999993443489074707e-01,9.999980330467224121e-01,-9.999993443489074707e-01,9.999986290931701660e-01,9.999969601631164551e-01,9.999978542327880859e-01,9.999990463256835938e-01,-9.999977946281433105e-01,-9.999984502792358398e-01,9.999980330467224121e-01,9.999943375587463379e-01,9.999964237213134766e-01,-9.999856948852539062e-01,9.999944567680358887e-01
