9.999983906745910645e-01,-9.999986886978149414e-01,-9.999936819076538086e-01,9.999978542327880859e-01,9.999988675117492676e-01,-9.999988079071044922e-01,9.999957680702209473e-01,9.999991059303283691e-01,-9.999970197677612305e-01,9.999981522560119629e-01,-9.999988079071044922e-01,-9.999989867210388184e-01,9.999980926513671875e-01,9.999985098838806152e-01,9.999921321868896484e-01,9.999963641166687012e-01,9.999973773956298828e-01,-9.999983906745910645e-01,9.999932050704956055e-01,-9.999991059303283691e-01,-9.999989271163940430e-01,9.999929666519165039e-01,9.999985694885253906e-01,9.999982118606567383e-01,9.999887943267822266e-01,9.999989867210388184e-01,-9.999983310699462891e-01,-9.999988675117492676e-01,9.999893307685852051e-01,-9.999960064888000488e-01,-9.999922513961791992e-01,-9.999983310699462891e-01,9.999886751174926758e-01,9.999960660934448242e-01,-9.999978542327880859e-01,9.999246001243591309e-01,9.999990463256835938e-01,9.999985098838806152e-01,9.999914765357971191e-01,-9.999988079071044922e-01,9.999985694885253906e-01,-9.999896883964538574e-01,9.999806284904479980e-01,9.999988675117492676e-01,9.999982714653015137e-01,9.999982714653015137e-01,-9.999933838844299316e-01,9.999985098838806152e-01,9.999988675117492676e-01,-9.999984502792358398e-01,-9.999988079071044922e-01,-9.999982118606567383e-01,-9.999988675117492676e-01,-9.999930262565612793e-01,-9.999982714653015137e-01,-9.999981522560119629e-01,-9.999945759773254395e-01,9.999750256538391113e-01,9.999970197677612305e-01,9.999983906745910645e-01,-9.999983310699462891e-01,9.999989271163940430e-01,9.999983906745910645e-01,9.999954700469970703e-01,-9.999952912330627441e-01,-9.999987483024597168e-01,-9.999991059303283691e-01,-9.999958872795104980e-01,-9.999988675117492676e-01,9.999986290931701660e-01,-9.999986886978149414e-01,9.999977350234985352e-01,9.999879598617553711e-01,-9.999936223030090332e-01,-9.999780654907226562e-01,-9.999983310699462891e-01,9.999926090240478516e-01,9.999987483024597168e-01,-9.999945759773254395e-01,-9.999961256980895996e-01,9.999753236770629883e-01,9.999977350234985352e-01,-9.999988675117492676e-01,9.999979734420776367e-01,-9.999982714653015137e-01,-9.999892115592956543e-01,9.999815225601196289e-01,9.999989271163940430e-01,9.999866485595703125e-01,9.998112916946411133e-01,-9.999963641166687012e-01,9.999983906745910645e-01,-9.999830722808837891e-01,-9.999976754188537598e-01,9.999982714653015137e-01,-9.999977946281433105e-01,-9.999907016754150391e-01,9.999990463256835938e-01,-9.999988079071044922e-01,9.999961256980895996e-01,-9.999966621398925781e-01,9.999988675117492676e-01,-9.999071955680847168e-01,9.997963309288024902e-01,9.999985694885253906e-01,9.999972581863403320e-01,-9.999800324440002441e-01,-9.999983906745910645e-01,-9.999938607215881348e-01,9.999985098838806152e-01,-9.999985098838806152e-01,9.999982118606567383e-01,-9.999983310699462891e-01,-9.999584555625915527e-01,9.999991059303283691e-01,-9.999976754188537598e-01,9.999989867210388184e-01,-9.999982714653015137e-01,-9.999950528144836426e-01,-9.999977350234985352e-01,-9.999987483024597168e-01,9.999964237213134766e-01,9.999982714653015137e-01,-9.999974966049194336e-01,-9.999897480010986328e-01,-9.999955296516418457e-01,9.999901652336120605e-01,-9.999952316284179688e-01
-9.999986886978149414e-01,9.999989271163940430e-01,9.999948143959045410e-01,-9.999982714653015137e-01,-9.999991655349731445e-01,9.999991655349731445e-01,-9.999964237213134766e-01,-9.999992251396179199e-01,9.999974966049194336e-01,-9.999985694885253906e-01,9.999990463256835938e-01,9.999992847442626953e-01,-9.999985098838806152e-01,-9.999988675117492676e-01,-9.999935626983642578e-01,-9.999970197677612305e-01,-9.999978542327880859e-01,9.999987483024597168e-01,-9.999945163726806641e-01,9.999994039535522461e-01,9.999992251396179199e-01,-9.999942183494567871e-01,-9.999988079071044922e-01,-9.999985098838806152e-01,-9.999908208847045898e-01,-9.999992251396179199e-01,9.999986290931701660e-01,9.999991655349731445e-01,-9.999912977218627930e-01,9.999968409538269043e-01,9.999937415122985840e-01,9.999986290931701660e-01,-9.999907612800598145e-01,-9.999969005584716797e-01,9.999982118606567383e-01,-9.999380111694335938e-01,-9.999992251396179199e-01,-9.999988675117492676e-01,-9.999930858612060547e-01,9.999991059303283691e-01,-9.999989271163940430e-01,9.999915957450866699e-01,-9.999840855598449707e-01,-9.999991655349731445e-01,-9.999986290931701660e-01,-9.999986886978149414e-01,9.999945759773254395e-01,-9.999988675117492676e-01,-9.999991655349731445e-01,9.999988079071044922e-01,9.999990463256835938e-01,9.999986886978149414e-01,9.999991059303283691e-01,9.999943375587463379e-01,9.999985694885253906e-01,9.999985098838806152e-01,9.999955296516418457e-01,-9.999794960021972656e-01,-9.999975562095642090e-01,-9.999986886978149414e-01,9.999986886978149414e-01,-9.999991655349731445e-01,-9.999987483024597168e-01,-9.999961853027343750e-01,9.999960660934448242e-01,9.999991059303283691e-01,9.999992847442626953e-01,9.999967217445373535e-01,9.999991655349731445e-01,-9.999988675117492676e-01,9.999989271163940430e-01,-9.999981522560119629e-01,-9.999901056289672852e-01,9.999947547912597656e-01,9.999820590019226074e-01,9.999986290931701660e-01,-9.999939203262329102e-01,-9.999989867210388184e-01,9.999955892562866211e-01,9.999969005584716797e-01,-9.999797344207763672e-01,-9.999980926513671875e-01,9.999991059303283691e-01,-9.999984502792358398e-01,9.999986886978149414e-01,9.999911189079284668e-01,-9.999848008155822754e-01,-9.999992847442626953e-01,-9.999890327453613281e-01,-9.998449087142944336e-01,9.999970197677612305e-01,-9.999987483024597168e-01,9.999861121177673340e-01,9.999980926513671875e-01,-9.999985694885253906e-01,9.999982118606567383e-01,9.999924302101135254e-01,-9.999992251396179199e-01,9.999991059303283691e-01,-9.999969005584716797e-01,9.999972581863403320e-01,-9.999992251396179199e-01,9.999238252639770508e-01,-9.998327493667602539e-01,-9.999988675117492676e-01,-9.999978542327880859e-01,9.999836087226867676e-01,9.999986290931701660e-01,9.999950528144836426e-01,-9.999987483024597168e-01,9.999987483024597168e-01,-9.999985098838806152e-01,9.999986290931701660e-01,9.999658465385437012e-01,-9.999992251396179199e-01,9.999982118606567383e-01,-9.999992251396179199e-01,9.999986886978149414e-01,9.999959468841552734e-01,9.999981522560119629e-01,9.999990463256835938e-01,-9.999970793724060059e-01,-9.999985694885253906e-01,9.999981522560119629e-01,9.999916553497314453e-01,9.999963045120239258e-01,-9.999918937683105469e-01,9.999961256980895996e-01
-9.999936819076538086e-01,9.999948143959045410e-01,9.999753832817077637e-01,-9.999921917915344238e-01,-9.999958276748657227e-01,9.999954104423522949e-01,-9.999834895133972168e-01,-9.999961853027343750e-01,9.999885559082031250e-01,-9.999929070472717285e-01,9.999952912330627441e-01,9.999957680702209473e-01,-9.999926090240478516e-01,-9.999942183494567871e-01,-9.999691843986511230e-01,-9.999859333038330078e-01,-9.999898672103881836e-01,9.999938011169433594e-01,-9.999735951423645020e-01,9.999964833259582520e-01,9.999960064888000488e-01,-9.999723434448242188e-01,-9.999945759773254395e-01,-9.999930858612060547e-01,-9.999559521675109863e-01,-9.999961256980895996e-01,9.999934434890747070e-01,9.999956488609313965e-01,-9.999580383300781250e-01,9.999845623970031738e-01,9.999697208404541016e-01,9.999936819076538086e-01,-9.999554157257080078e-01,-9.999853372573852539e-01,9.999915957450866699e-01,-9.997040033340454102e-01,-9.999960660934448242e-01,-9.999946355819702148e-01,-9.999665021896362305e-01,9.999956488609313965e-01,-9.999948143959045410e-01,9.999596476554870605e-01,-9.999234676361083984e-01,-9.999956488609313965e-01,-9.999935626983642578e-01,-9.999933242797851562e-01,9.999740719795227051e-01,-9.999941587448120117e-01,-9.999954104423522949e-01,9.999942779541015625e-01,9.999952912330627441e-01,9.999935030937194824e-01,9.999956488609313965e-01,9.999725222587585449e-01,9.999933242797851562e-01,9.999929666519165039e-01,9.999787211418151855e-01,-9.999018311500549316e-01,-9.999884963035583496e-01,-9.999937415122985840e-01,9.999939203262329102e-01,-9.999959468841552734e-01,-9.999939203262329102e-01,-9.999821186065673828e-01,9.999815821647644043e-01,9.999954700469970703e-01,9.999962449073791504e-01,9.999845027923583984e-01,9.999959468841552734e-01,-9.999945759773254395e-01,9.999951720237731934e-01,-9.999913573265075684e-01,-9.999527335166931152e-01,9.999750256538391113e-01,9.999139308929443359e-01,9.999936223030090332e-01,-9.999710917472839355e-01,-9.999951720237731934e-01,9.999790787696838379e-01,9.999850392341613770e-01,-9.999030232429504395e-01,-9.999912977218627930e-01,9.999955296516418457e-01,-9.999921917915344238e-01,9.999934434890747070e-01,9.999575018882751465e-01,-9.999272227287292480e-01,-9.999959468841552734e-01,-9.999474883079528809e-01,-9.992594122886657715e-01,9.999858140945434570e-01,-9.999936819076538086e-01,9.999335408210754395e-01,9.999910593032836914e-01,-9.999928474426269531e-01,9.999915957450866699e-01,9.999635815620422363e-01,-9.999960660934448242e-01,9.999954104423522949e-01,-9.999850392341613770e-01,9.999873042106628418e-01,-9.999955296516418457e-01,9.996359944343566895e-01,-9.992008805274963379e-01,-9.999948143959045410e-01,-9.999895095825195312e-01,9.999212026596069336e-01,9.999936819076538086e-01,9.999762773513793945e-01,-9.999942183494567871e-01,9.999940991401672363e-01,-9.999929666519165039e-01,9.999935030937194824e-01,9.998369812965393066e-01,-9.999961853027343750e-01,9.999911785125732422e-01,-9.999960660934448242e-01,9.999933242797851562e-01,9.999808073043823242e-01,9.999912977218627930e-01,9.999952316284179688e-01,-9.999862313270568848e-01,-9.999933242797851562e-01,9.999907016754150391e-01,9.999597072601318359e-01,9.999821782112121582e-01,-9.999611377716064453e-01,9.999816417694091797e-01
9.999978542327880859e-01,-9.999982714653015137e-01,-9.999921917915344238e-01,9.999974370002746582e-01,9.999985694885253906e-01,-9.999985098838806152e-01,9.999947547912597656e-01,9.999988079071044922e-01,-9.999962449073791504e-01,9.999977350234985352e-01,-9.999984502792358398e-01,-9.999986290931701660e-01,9.999975562095642090e-01,9.999980330467224121e-01,9.999902248382568359e-01,9.999955296516418457e-01,9.999966621398925781e-01,-9.999979138374328613e-01,9.999916553497314453e-01,-9.999988079071044922e-01,-9.999986290931701660e-01,9.999912977218627930e-01,9.999982714653015137e-01,9.999977946281433105e-01,9.999861717224121094e-01,9.999986886978149414e-01,-9.999979138374328613e-01,-9.999986290931701660e-01,9.999867677688598633e-01,-9.999951124191284180e-01,-9.999904632568359375e-01,-9.999979138374328613e-01,9.999859929084777832e-01,9.999952912330627441e-01,-9.999972581863403320e-01,9.999066591262817383e-01,9.999986886978149414e-01,9.999982714653015137e-01,9.999894499778747559e-01,-9.999985098838806152e-01,9.999982714653015137e-01,-9.999873042106628418e-01,9.999758601188659668e-01,9.999985694885253906e-01,9.999979138374328613e-01,9.999978542327880859e-01,-9.999918341636657715e-01,9.999981522560119629e-01,9.999985098838806152e-01,-9.999980926513671875e-01,-9.999985098838806152e-01,-9.999978542327880859e-01,-9.999985098838806152e-01,-9.999912977218627930e-01,-9.999977946281433105e-01,-9.999977350234985352e-01,-9.999933242797851562e-01,9.999690055847167969e-01,9.999962449073791504e-01,9.999980330467224121e-01,-9.999979734420776367e-01,9.999986886978149414e-01,9.999980330467224121e-01,9.999942779541015625e-01,-9.999940991401672363e-01,-9.999985098838806152e-01,-9.999987483024597168e-01,-9.999951124191284180e-01,-9.999986886978149414e-01,9.999982118606567383e-01,-9.999983906745910645e-01,9.999971389770507812e-01,9.999850392341613770e-01,-9.999921321868896484e-01,-9.999729394912719727e-01,-9.999979138374328613e-01,9.999908208847045898e-01,9.999983310699462891e-01,-9.999932646751403809e-01,-9.999952316284179688e-01,9.999695420265197754e-01,9.999971389770507812e-01,-9.999985694885253906e-01,9.999974370002746582e-01,-9.999979138374328613e-01,-9.999865293502807617e-01,9.999770522117614746e-01,9.999986886978149414e-01,9.999834299087524414e-01,9.997667670249938965e-01,-9.999954700469970703e-01,9.999979734420776367e-01,-9.999790191650390625e-01,-9.999970793724060059e-01,9.999977350234985352e-01,-9.999972581863403320e-01,-9.999884963035583496e-01,9.999986886978149414e-01,-9.999985098838806152e-01,9.999952912330627441e-01,-9.999959468841552734e-01,9.999985694885253906e-01,-9.998853206634521484e-01,9.997482895851135254e-01,9.999982118606567383e-01,9.999966621398925781e-01,-9.999752044677734375e-01,-9.999978542327880859e-01,-9.999925494194030762e-01,9.999981522560119629e-01,-9.999980926513671875e-01,9.999976754188537598e-01,-9.999978542327880859e-01,-9.999485611915588379e-01,9.999987483024597168e-01,-9.999971985816955566e-01,9.999986290931701660e-01,-9.999977946281433105e-01,-9.999938607215881348e-01,-9.999970793724060059e-01,-9.999983906745910645e-01,9.999955892562866211e-01,9.999978542327880859e-01,-9.999969601631164551e-01,-9.999873042106628418e-01,-9.999943971633911133e-01,9.999877810478210449e-01,-9.999941587448120117e-01
9.999988675117492676e-01,-9.999991655349731445e-01,-9.999958276748657227e-01,9.999985694885253906e-01,9.999993443489074707e-01,-9.999992251396179199e-01,9.999970793724060059e-01,9.999994039535522461e-01,-9.999979138374328613e-01,9.999988079071044922e-01,-9.999992251396179199e-01,-9.999992847442626953e-01,9.999987483024597168e-01,9.999990463256835938e-01,9.999946951866149902e-01,9.999975562095642090e-01,9.999981522560119629e-01,-9.999989271163940430e-01,9.999954700469970703e-01,-9.999993443489074707e-01,-9.999992847442626953e-01,9.999952912330627441e-01,9.999991059303283691e-01,9.999988079071044922e-01,9.999925494194030762e-01,9.999993443489074707e-01,-9.999988675117492676e-01,-9.999992847442626953e-01,9.999929070472717285e-01,-9.999973177909851074e-01,-9.999948740005493164e-01,-9.999988675117492676e-01,9.999923110008239746e-01,9.999974966049194336e-01,-9.999984502792358398e-01,9.999496340751647949e-01,9.999992847442626953e-01,9.999991059303283691e-01,9.999942183494567871e-01,-9.999992251396179199e-01,9.999991655349731445e-01,-9.999930858612060547e-01,9.999870061874389648e-01,9.999992251396179199e-01,9.999988675117492676e-01,9.999988079071044922e-01,-9.999955892562866211e-01,9.999990463256835938e-01,9.999993443489074707e-01,-9.999989867210388184e-01,-9.999992251396179199e-01,-9.999988675117492676e-01,-9.999992847442626953e-01,-9.999953508377075195e-01,-9.999988079071044922e-01,-9.999988079071044922e-01,-9.999963641166687012e-01,9.999833106994628906e-01,9.999980330467224121e-01,9.999988675117492676e-01,-9.999988675117492676e-01,9.999993443489074707e-01,9.999989271163940430e-01,9.999969005584716797e-01,-9.999967217445373535e-01,-9.999991655349731445e-01,-9.999993443489074707e-01,-9.999973177909851074e-01,-9.999993443489074707e-01,9.999991059303283691e-01,-9.999991059303283691e-01,9.999984502792358398e-01,9.999919533729553223e-01,-9.999957680702209473e-01,-9.999853968620300293e-01,-9.999988675117492676e-01,9.999949932098388672e-01,9.999992251396179199e-01,-9.999963641166687012e-01,-9.999973773956298828e-01,9.999835491180419922e-01,9.999984502792358398e-01,-9.999991655349731445e-01,9.999986290931701660e-01,-9.999988675117492676e-01,-9.999927878379821777e-01,9.999876022338867188e-01,9.999993443489074707e-01,9.999910593032836914e-01,9.998740553855895996e-01,-9.999974966049194336e-01,9.999989271163940430e-01,-9.999887347221374512e-01,-9.999983906745910645e-01,9.999988079071044922e-01,-9.999985694885253906e-01,-9.999937415122985840e-01,9.999993443489074707e-01,-9.999992847442626953e-01,9.999974370002746582e-01,-9.999977946281433105e-01,9.999992847442626953e-01,-9.999383091926574707e-01,9.998642802238464355e-01,9.999991655349731445e-01,9.999982118606567383e-01,-9.999866485595703125e-01,-9.999988675117492676e-01,-9.999958872795104980e-01,9.999990463256835938e-01,-9.999990463256835938e-01,9.999988079071044922e-01,-9.999988675117492676e-01,-9.999723434448242188e-01,9.999992847442626953e-01,-9.999983906745910645e-01,9.999993443489074707e-01,-9.999988675117492676e-01,-9.999966621398925781e-01,-9.999984502792358398e-01,-9.999992251396179199e-01,9.999976158142089844e-01,9.999988675117492676e-01,-9.999983310699462891e-01,-9.999931454658508301e-01,-9.999969601631164551e-01,9.999933838844299316e-01,-9.999967217445373535e-01
-9.999988079071044922e-01,9.999991655349731445e-01,9.999954104423522949e-01,-9.999985098838806152e-01,-9.999992251396179199e-01,9.999992847442626953e-01,-9.999968409538269043e-01,-9.999994039535522461e-01,9.999977946281433105e-01,-9.999986290931701660e-01,9.999992251396179199e-01,9.999993443489074707e-01,-9.999986886978149414e-01,-9.999989271163940430e-01,-9.999941587448120117e-01,-9.999973773956298828e-01,-9.999980330467224121e-01,9.999988675117492676e-01,-9.999950528144836426e-01,9.999994635581970215e-01,9.999992847442626953e-01,-9.999948143959045410e-01,-9.999989271163940430e-01,-9.999986886978149414e-01,-9.999917149543762207e-01,-9.999992847442626953e-01,9.999988079071044922e-01,9.999993443489074707e-01,-9.999920725822448730e-01,9.999971389770507812e-01,9.999943375587463379e-01,9.999988675117492676e-01,-9.999916553497314453e-01,-9.999971985816955566e-01,9.999983906745910645e-01,-9.999439716339111328e-01,-9.999992847442626953e-01,-9.999989271163940430e-01,-9.999936819076538086e-01,9.999992251396179199e-01,-9.999991655349731445e-01,9.999923706054687500e-01,-9.999855160713195801e-01,-9.999992251396179199e-01,-9.999988079071044922e-01,-9.999986886978149414e-01,9.999951720237731934e-01,-9.999989271163940430e-01,-9.999992847442626953e-01,9.999989271163940430e-01,9.999992847442626953e-01,9.999988079071044922e-01,9.999993443489074707e-01,9.999948740005493164e-01,9.999988079071044922e-01,9.999987483024597168e-01,9.999959468841552734e-01,-9.999815225601196289e-01,-9.999978542327880859e-01,-9.999988079071044922e-01,9.999988079071044922e-01,-9.999993443489074707e-01,-9.999988675117492676e-01,-9.999966621398925781e-01,9.999964833259582520e-01,9.999991655349731445e-01,9.999993443489074707e-01,9.999970197677612305e-01,9.999992847442626953e-01,-9.999989867210388184e-01,9.999991655349731445e-01,-9.999983310699462891e-01,-9.999911189079284668e-01,9.999952912330627441e-01,9.999837875366210938e-01,9.999988675117492676e-01,-9.999945163726806641e-01,-9.999991059303283691e-01,9.999960660934448242e-01,9.999971985816955566e-01,-9.999817609786987305e-01,-9.999983906745910645e-01,9.999992847442626953e-01,-9.999985694885253906e-01,9.999988079071044922e-01,9.999920129776000977e-01,-9.999863505363464355e-01,-9.999993443489074707e-01,-9.999901652336120605e-01,-9.998597502708435059e-01,9.999973177909851074e-01,-9.999988675117492676e-01,9.999875426292419434e-01,9.999982714653015137e-01,-9.999986886978149414e-01,9.999983906745910645e-01,9.999931454658508301e-01,-9.999992847442626953e-01,9.999992847442626953e-01,-9.999971985816955566e-01,9.999975562095642090e-01,-9.999992847442626953e-01,9.999310970306396484e-01,-9.998486638069152832e-01,-9.999991655349731445e-01,-9.999980926513671875e-01,9.999852180480957031e-01,9.999988079071044922e-01,9.999955892562866211e-01,-9.999988675117492676e-01,9.999989271163940430e-01,-9.999987483024597168e-01,9.999988079071044922e-01,9.999691843986511230e-01,-9.999993443489074707e-01,9.999983310699462891e-01,-9.999993443489074707e-01,9.999988079071044922e-01,9.999963045120239258e-01,9.999983310699462891e-01,9.999992251396179199e-01,-9.999973773956298828e-01,-9.999988079071044922e-01,9.999982118606567383e-01,9.999924898147583008e-01,9.999966621398925781e-01,-9.999927282333374023e-01,9.999964833259582520e-01
9.999957680702209473e-01,-9.999964237213134766e-01,-9.999834895133972168e-01,9.999947547912597656e-01,9.999970793724060059e-01,-9.999968409538269043e-01,9.999890327453613281e-01,9.999973773956298828e-01,-9.999923706054687500e-01,9.999952316284179688e-01,-9.999967813491821289e-01,-9.999971389770507812e-01,9.999949932098388672e-01,9.999960660934448242e-01,9.999794363975524902e-01,9.999905824661254883e-01,9.999932646751403809e-01,-9.999958276748657227e-01,9.999824762344360352e-01,-9.999974966049194336e-01,-9.999971389770507812e-01,9.999815225601196289e-01,9.999963045120239258e-01,9.999953508377075195e-01,9.999707937240600586e-01,9.999972581863403320e-01,-9.999955892562866211e-01,-9.999970197677612305e-01,9.999719858169555664e-01,-9.999897480010986328e-01,-9.999797344207763672e-01,-9.999957680702209473e-01,9.999704360961914062e-01,9.999901652336120605e-01,-9.999942779541015625e-01,9.998032450675964355e-01,9.999972581863403320e-01,9.999962449073791504e-01,9.999777078628540039e-01,-9.999969601631164551e-01,9.999965429306030273e-01,-9.999731183052062988e-01,9.999490976333618164e-01,9.999970197677612305e-01,9.999957084655761719e-01,9.999955892562866211e-01,-9.999827146530151367e-01,9.999960660934448242e-01,9.999968409538269043e-01,-9.999960064888000488e-01,-9.999968409538269043e-01,-9.999957084655761719e-01,-9.999970197677612305e-01,-9.999817609786987305e-01,-9.999954700469970703e-01,-9.999952316284179688e-01,-9.999857544898986816e-01,9.999346733093261719e-01,9.999923706054687500e-01,9.999957680702209473e-01,-9.999958872795104980e-01,9.999971985816955566e-01,9.999958276748657227e-01,9.999880194664001465e-01,-9.999876618385314941e-01,-9.999969005584716797e-01,-9.999974370002746582e-01,-9.999896287918090820e-01,-9.999971985816955566e-01,9.999962449073791504e-01,-9.999967217445373535e-01,9.999941587448120117e-01,9.999685287475585938e-01,-9.999833106994628906e-01,-9.999427199363708496e-01,-9.999957680702209473e-01,9.999807476997375488e-01,9.999967217445373535e-01,-9.999860525131225586e-01,-9.999899864196777344e-01,9.999355077743530273e-01,9.999940991401672363e-01,-9.999969005584716797e-01,9.999947547912597656e-01,-9.999955892562866211e-01,-9.999718070030212402e-01,9.999516606330871582e-01,9.999972581863403320e-01,9.999650120735168457e-01,9.995076656341552734e-01,-9.999905824661254883e-01,9.999958276748657227e-01,-9.999557733535766602e-01,-9.999939799308776855e-01,9.999952912330627441e-01,-9.999943971633911133e-01,-9.999758005142211914e-01,9.999973177909851074e-01,-9.999968409538269043e-01,9.999900460243225098e-01,-9.999914765357971191e-01,9.999969601631164551e-01,-9.997580647468566895e-01,9.994686841964721680e-01,9.999963641166687012e-01,9.999930262565612793e-01,-9.999476075172424316e-01,-9.999957084655761719e-01,-9.999840855598449707e-01,9.999960064888000488e-01,-9.999960064888000488e-01,9.999952316284179688e-01,-9.999956488609313965e-01,-9.998916387557983398e-01,9.999973773956298828e-01,-9.999940395355224609e-01,9.999973177909851074e-01,-9.999954700469970703e-01,-9.999871253967285156e-01,-9.999941587448120117e-01,-9.999967813491821289e-01,9.999908208847045898e-01,9.999955296516418457e-01,-9.999938011169433594e-01,-9.999732375144958496e-01,-9.999880790710449219e-01,9.999741911888122559e-01,-9.999877214431762695e-01
9.999991059303283691e-01,-9.999992251396179199e-01,-9.999961853027343750e-01,9.999988079071044922e-01,9.999994039535522461e-01,-9.999994039535522461e-01,9.999973773956298828e-01,9.999994635581970215e-01,-9.999981522560119629e-01,9.999989271163940430e-01,-9.999994039535522461e-01,-9.999994635581970215e-01,9.999988675117492676e-01,9.999991655349731445e-01,9.999953508377075195e-01,9.999977946281433105e-01,9.999984502792358398e-01,-9.999991059303283691e-01,9.999958276748657227e-01,-9.999995231628417969e-01,-9.999994039535522461e-01,9.999958276748657227e-01,9.999992251396179199e-01,9.999989271163940430e-01,9.999933242797851562e-01,9.999995231628417969e-01,-9.999990463256835938e-01,-9.999994039535522461e-01,9.999936223030090332e-01,-9.999976754188537598e-01,-9.999954104423522949e-01,-9.999992251396179199e-01,9.999932646751403809e-01,9.999976754188537598e-01,-9.999986290931701660e-01,9.999550580978393555e-01,9.999993443489074707e-01,9.999992251396179199e-01,9.999949932098388672e-01,-9.999993443489074707e-01,9.999992251396179199e-01,-9.999938607215881348e-01,9.999883770942687988e-01,9.999992847442626953e-01,9.999991059303283691e-01,9.999989867210388184e-01,-9.999960064888000488e-01,9.999992847442626953e-01,9.999994039535522461e-01,-9.999990463256835938e-01,-9.999993443489074707e-01,-9.999990463256835938e-01,-9.999993443489074707e-01,-9.999958276748657227e-01,-9.999989867210388184e-01,-9.999989867210388184e-01,-9.999967217445373535e-01,9.999850988388061523e-01,9.999982118606567383e-01,9.999991059303283691e-01,-9.999989867210388184e-01,9.999994039535522461e-01,9.999991059303283691e-01,9.999972581863403320e-01,-9.999970793724060059e-01,-9.999993443489074707e-01,-9.999994635581970215e-01,-9.999976158142089844e-01,-9.999994039535522461e-01,9.999992847442626953e-01,-9.999992251396179199e-01,9.999986886978149414e-01,9.999928474426269531e-01,-9.999961256980895996e-01,-9.999869465827941895e-01,-9.999990463256835938e-01,9.999957084655761719e-01,9.999992847442626953e-01,-9.999967813491821289e-01,-9.999977350234985352e-01,9.999853968620300293e-01,9.999986886978149414e-01,-9.999992847442626953e-01,9.999988079071044922e-01,-9.999990463256835938e-01,-9.999935626983642578e-01,9.999889731407165527e-01,9.999994635581970215e-01,9.999918937683105469e-01,9.998875260353088379e-01,-9.999978542327880859e-01,9.999991059303283691e-01,-9.999899268150329590e-01,-9.999986290931701660e-01,9.999989867210388184e-01,-9.999986290931701660e-01,-9.999945163726806641e-01,9.999994635581970215e-01,-9.999994039535522461e-01,9.999977350234985352e-01,-9.999979734420776367e-01,9.999994039535522461e-01,-9.999446868896484375e-01,9.998785853385925293e-01,9.999992251396179199e-01,9.999983906745910645e-01,-9.999880790710449219e-01,-9.999991059303283691e-01,-9.999963641166687012e-01,9.999991655349731445e-01,-9.999991655349731445e-01,9.999989271163940430e-01,-9.999990463256835938e-01,-9.999752640724182129e-01,9.999994635581970215e-01,-9.999986290931701660e-01,9.999994039535522461e-01,-9.999989867210388184e-01,-9.999969601631164551e-01,-9.999985694885253906e-01,-9.999992847442626953e-01,9.999978542327880859e-01,9.999990463256835938e-01,-9.999985694885253906e-01,-9.999939799308776855e-01,-9.999972581863403320e-01,9.999940991401672363e-01,-9.999971985816955566e-01
-9.999970197677612305e-01,9.999974966049194336e-01,9.999885559082031250e-01,-9.999962449073791504e-01,-9.999979138374328613e-01,9.999977946281433105e-01,-9.999923706054687500e-01,-9.999981522560119629e-01,9.999945759773254395e-01,-9.999966025352478027e-01,9.999977350234985352e-01,9.999980330467224121e-01,-9.999965429306030273e-01,-9.999972581863403320e-01,-9.999855756759643555e-01,-9.999934434890747070e-01,-9.999952316284179688e-01,9.999970197677612305e-01,-9.999877810478210449e-01,9.999983310699462891e-01,9.999980926513671875e-01,-9.999871850013732910e-01,-9.999974370002746582e-01,-9.999966621398925781e-01,-9.999794960021972656e-01,-9.999981522560119629e-01,9.999968409538269043e-01,9.999978542327880859e-01,-9.999805092811584473e-01,9.999928474426269531e-01,9.999858736991882324e-01,9.999969005584716797e-01,-9.999792575836181641e-01,-9.999932050704956055e-01,9.999959468841552734e-01,-9.998625516891479492e-01,-9.999982118606567383e-01,-9.999973773956298828e-01,-9.999844431877136230e-01,9.999979138374328613e-01,-9.999974966049194336e-01,9.999812245368957520e-01,-9.999644756317138672e-01,-9.999979734420776367e-01,-9.999970197677612305e-01,-9.999967813491821289e-01,9.999878406524658203e-01,-9.999972581863403320e-01,-9.999977946281433105e-01,9.999971389770507812e-01,9.999977946281433105e-01,9.999969601631164551e-01,9.999979138374328613e-01,9.999871253967285156e-01,9.999968409538269043e-01,9.999966621398925781e-01,9.999900460243225098e-01,-9.999544024467468262e-01,-9.999946951866149902e-01,-9.999969601631164551e-01,9.999970793724060059e-01,-9.999980926513671875e-01,-9.999970197677612305e-01,-9.999916553497314453e-01,9.999914169311523438e-01,9.999977946281433105e-01,9.999981522560119629e-01,9.999927878379821777e-01,9.999979734420776367e-01,-9.999973773956298828e-01,9.999976158142089844e-01,-9.999959468841552734e-01,-9.999780058860778809e-01,9.999883174896240234e-01,9.999599456787109375e-01,9.999969005584716797e-01,-9.999865889549255371e-01,-9.999976158142089844e-01,9.999901652336120605e-01,9.999930262565612793e-01,-9.999549984931945801e-01,-9.999958872795104980e-01,9.999978542327880859e-01,-9.999963045120239258e-01,9.999967813491821289e-01,9.999802708625793457e-01,-9.999661445617675781e-01,-9.999980926513671875e-01,-9.999755620956420898e-01,-9.996560215950012207e-01,9.999933242797851562e-01,-9.999970197677612305e-01,9.999691843986511230e-01,9.999957680702209473e-01,-9.999966025352478027e-01,9.999959468841552734e-01,9.999830722808837891e-01,-9.999981522560119629e-01,9.999977946281433105e-01,-9.999930262565612793e-01,9.999939799308776855e-01,-9.999978542327880859e-01,9.998309016227722168e-01,-9.996289014816284180e-01,-9.999975562095642090e-01,-9.999951124191284180e-01,9.999633431434631348e-01,9.999969601631164551e-01,9.999889135360717773e-01,-9.999971985816955566e-01,9.999972581863403320e-01,-9.999966621398925781e-01,9.999968409538269043e-01,9.999242424964904785e-01,-9.999982118606567383e-01,9.999958276748657227e-01,-9.999980926513671875e-01,9.999968409538269043e-01,9.999909996986389160e-01,9.999959468841552734e-01,9.999977350234985352e-01,-9.999936223030090332e-01,-9.999968409538269043e-01,9.999955892562866211e-01,9.999812245368957520e-01,9.999917149543762207e-01,-9.999819397926330566e-01,9.999914169311523438e-01
9.999981522560119629e-01,-9.999985694885253906e-01,-9.999929070472717285e-01,9.999977350234985352e-01,9.999988079071044922e-01,-9.999986290931701660e-01,9.999952316284179688e-01,9.999989271163940430e-01,-9.999966025352478027e-01,9.999979734420776367e-01,-9.999986886978149414e-01,-9.999987483024597168e-01,9.999978542327880859e-01,9.999983310699462891e-01,9.999911785125732422e-01,9.999958872795104980e-01,9.999970793724060059e-01,-9.999983310699462891e-01,9.999924898147583008e-01,-9.999989867210388184e-01,-9.999988675117492676e-01,9.999921917915344238e-01,9.999983906745910645e-01,9.999979734420776367e-01,9.999874234199523926e-01,9.999988675117492676e-01,-9.999980926513671875e-01,-9.999986886978149414e-01,9.999880194664001465e-01,-9.999955892562866211e-01,-9.999913573265075684e-01,-9.999981522560119629e-01,9.999872446060180664e-01,9.999957680702209473e-01,-9.999975562095642090e-01,9.999153614044189453e-01,9.999988675117492676e-01,9.999983906745910645e-01,9.999904632568359375e-01,-9.999987483024597168e-01,9.999983906745910645e-01,-9.999884963035583496e-01,9.999782443046569824e-01,9.999986886978149414e-01,9.999981522560119629e-01,9.999979734420776367e-01,-9.999925494194030762e-01,9.999983310699462891e-01,9.999986290931701660e-01,-9.999983310699462891e-01,-9.999986290931701660e-01,-9.999981522560119629e-01,-9.999987483024597168e-01,-9.999921321868896484e-01,-9.999980330467224121e-01,-9.999980330467224121e-01,-9.999939203262329102e-01,9.999719858169555664e-01,9.999966621398925781e-01,9.999982118606567383e-01,-9.999981522560119629e-01,9.999988079071044922e-01,9.999982118606567383e-01,9.999948740005493164e-01,-9.999947547912597656e-01,-9.999986290931701660e-01,-9.999989271163940430e-01,-9.999955892562866211e-01,-9.999988079071044922e-01,9.999983906745910645e-01,-9.999985694885253906e-01,9.999974966049194336e-01,9.999865293502807617e-01,-9.999928474426269531e-01,-9.999753832817077637e-01,-9.999981522560119629e-01,9.999917745590209961e-01,9.999985694885253906e-01,-9.999939799308776855e-01,-9.999957680702209473e-01,9.999723434448242188e-01,9.999974370002746582e-01,-9.999986886978149414e-01,9.999977350234985352e-01,-9.999982118606567383e-01,-9.999879002571105957e-01,9.999792575836181641e-01,9.999988675117492676e-01,9.999849200248718262e-01,9.997881054878234863e-01,-9.999958872795104980e-01,9.999981522560119629e-01,-9.999810457229614258e-01,-9.999973773956298828e-01,9.999979734420776367e-01,-9.999974966049194336e-01,-9.999896287918090820e-01,9.999988675117492676e-01,-9.999987483024597168e-01,9.999957084655761719e-01,-9.999963641166687012e-01,9.999987483024597168e-01,-9.998958706855773926e-01,9.997714161872863770e-01,9.999985098838806152e-01,9.999968409538269043e-01,-9.999775886535644531e-01,-9.999981522560119629e-01,-9.999930858612060547e-01,9.999984502792358398e-01,-9.999982714653015137e-01,9.999979734420776367e-01,-9.999980926513671875e-01,-9.999533891677856445e-01,9.999989271163940430e-01,-9.999974370002746582e-01,9.999988675117492676e-01,-9.999980330467224121e-01,-9.999945163726806641e-01,-9.999974370002746582e-01,-9.999986290931701660e-01,9.999960064888000488e-01,9.999982118606567383e-01,-9.999973177909851074e-01,-9.999885559082031250e-01,-9.999949336051940918e-01,9.999889731407165527e-01,-9.999947547912597656e-01
-9.999988079071044922e-01,9.999990463256835938e-01,9.999952912330627441e-01,-9.999984502792358398e-01,-9.999992251396179199e-01,9.999992251396179199e-01,-9.999967813491821289e-01,-9.999994039535522461e-01,9.999977350234985352e-01,-9.999986886978149414e-01,9.999992251396179199e-01,9.999992847442626953e-01,-9.999986290931701660e-01,-9.999989271163940430e-01,-9.999940395355224609e-01,-9.999973177909851074e-01,-9.999980926513671875e-01,9.999988675117492676e-01,-9.999949932098388672e-01,9.999994039535522461e-01,9.999992847442626953e-01,-9.999946951866149902e-01,-9.999989271163940430e-01,-9.999986886978149414e-01,-9.999915361404418945e-01,-9.999992847442626953e-01,9.999988079071044922e-01,9.999992251396179199e-01,-9.999918937683105469e-01,9.999970197677612305e-01,9.999941587448120117e-01,9.999988079071044922e-01,-9.999913573265075684e-01,-9.999971985816955566e-01,9.999983310699462891e-01,-9.999424815177917480e-01,-9.999993443489074707e-01,-9.999989867210388184e-01,-9.999935626983642578e-01,9.999991655349731445e-01,-9.999990463256835938e-01,9.999923110008239746e-01,-9.999852776527404785e-01,-9.999992251396179199e-01,-9.999988079071044922e-01,-9.999987483024597168e-01,9.999949932098388672e-01,-9.999989271163940430e-01,-9.999992251396179199e-01,9.999988079071044922e-01,9.999991059303283691e-01,9.999988079071044922e-01,9.999992847442626953e-01,9.999947547912597656e-01,9.999986886978149414e-01,9.999986886978149414e-01,9.999959468841552734e-01,-9.999809861183166504e-01,-9.999977946281433105e-01,-9.999988675117492676e-01,9.999988079071044922e-01,-9.999993443489074707e-01,-9.999988675117492676e-01,-9.999966025352478027e-01,9.999963641166687012e-01,9.999991655349731445e-01,9.999993443489074707e-01,9.999969601631164551e-01,9.999993443489074707e-01,-9.999990463256835938e-01,9.999991059303283691e-01,-9.999982714653015137e-01,-9.999908208847045898e-01,9.999951720237731934e-01,9.999834299087524414e-01,9.999988079071044922e-01,-9.999944567680358887e-01,-9.999992251396179199e-01,9.999959468841552734e-01,9.999971389770507812e-01,-9.999812841415405273e-01,-9.999982714653015137e-01,9.999991655349731445e-01,-9.999984502792358398e-01,9.999988079071044922e-01,9.999918341636657715e-01,-9.999858736991882324e-01,-9.999993443489074707e-01,-9.999898672103881836e-01,-9.998561143875122070e-01,9.999971985816955566e-01,-9.999988079071044922e-01,9.999871253967285156e-01,9.999983310699462891e-01,-9.999987483024597168e-01,9.999983310699462891e-01,9.999930858612060547e-01,-9.999993443489074707e-01,9.999992847442626953e-01,-9.999971389770507812e-01,9.999974966049194336e-01,-9.999992847442626953e-01,9.999293684959411621e-01,-9.998447299003601074e-01,-9.999990463256835938e-01,-9.999979734420776367e-01,9.999848008155822754e-01,9.999987483024597168e-01,9.999954700469970703e-01,-9.999988675117492676e-01,9.999989271163940430e-01,-9.999986886978149414e-01,9.999987483024597168e-01,9.999684691429138184e-01,-9.999992847442626953e-01,9.999983906745910645e-01,-9.999993443489074707e-01,9.999987483024597168e-01,9.999961853027343750e-01,9.999982714653015137e-01,9.999992251396179199e-01,-9.999973773956298828e-01,-9.999987483024597168e-01,9.999982714653015137e-01,9.999923110008239746e-01,9.999966025352478027e-01,-9.999925494194030762e-01,9.999963641166687012e-01
-9.999989867210388184e-01,9.999992847442626953e-01,9.999957680702209473e-01,-9.999986290931701660e-01,-9.999992847442626953e-01,9.999993443489074707e-01,-9.999971389770507812e-01,-9.999994635581970215e-01,9.999980330467224121e-01,-9.999987483024597168e-01,9.999992847442626953e-01,9.999994039535522461e-01,-9.999986886978149414e-01,-9.999990463256835938e-01,-9.999948143959045410e-01,-9.999976158142089844e-01,-9.999982118606567383e-01,9.999989867210388184e-01,-9.999955892562866211e-01,9.999994635581970215e-01,9.999993443489074707e-01,-9.999953508377075195e-01,-9.999991059303283691e-01,-9.999988079071044922e-01,-9.999924898147583008e-01,-9.999993443489074707e-01,9.999989271163940430e-01,9.999994039535522461e-01,-9.999927878379821777e-01,9.999973773956298828e-01,9.999949336051940918e-01,9.999989867210388184e-01,-9.999924898147583008e-01,-9.999974966049194336e-01,9.999985694885253906e-01,-9.999492764472961426e-01,-9.999994635581970215e-01,-9.999991059303283691e-01,-9.999943375587463379e-01,9.999992847442626953e-01,-9.999991655349731445e-01,9.999930858612060547e-01,-9.999870061874389648e-01,-9.999992847442626953e-01,-9.999989867210388184e-01,-9.999988675117492676e-01,9.999955892562866211e-01,-9.999991655349731445e-01,-9.999994039535522461e-01,9.999990463256835938e-01,9.999992251396179199e-01,9.999989271163940430e-01,9.999992847442626953e-01,9.999953508377075195e-01,9.999988675117492676e-01,9.999989271163940430e-01,9.999964237213134766e-01,-9.999832510948181152e-01,-9.999980330467224121e-01,-9.999989271163940430e-01,9.999989271163940430e-01,-9.999994039535522461e-01,-9.999989867210388184e-01,-9.999969601631164551e-01,9.999969005584716797e-01,9.999992847442626953e-01,9.999994635581970215e-01,9.999973177909851074e-01,9.999993443489074707e-01,-9.999992251396179199e-01,9.999992251396179199e-01,-9.999985694885253906e-01,-9.999918937683105469e-01,9.999957680702209473e-01,9.999852776527404785e-01,9.999989271163940430e-01,-9.999951124191284180e-01,-9.999992847442626953e-01,9.999964833259582520e-01,9.999974370002746582e-01,-9.999835491180419922e-01,-9.999985694885253906e-01,9.999992847442626953e-01,-9.999987483024597168e-01,9.999989271163940430e-01,9.999928474426269531e-01,-9.999876618385314941e-01,-9.999994039535522461e-01,-9.999909996986389160e-01,-9.998730421066284180e-01,9.999975562095642090e-01,-9.999989271163940430e-01,9.999886155128479004e-01,9.999985098838806152e-01,-9.999989271163940430e-01,9.999985694885253906e-01,9.999938011169433594e-01,-9.999993443489074707e-01,9.999992251396179199e-01,-9.999974966049194336e-01,9.999977350234985352e-01,-9.999994635581970215e-01,9.999377131462097168e-01,-9.998631477355957031e-01,-9.999991655349731445e-01,-9.999981522560119629e-01,9.999865293502807617e-01,9.999989867210388184e-01,9.999959468841552734e-01,-9.999990463256835938e-01,9.999991059303283691e-01,-9.999988675117492676e-01,9.999989271163940430e-01,9.999721050262451172e-01,-9.999994635581970215e-01,9.999984502792358398e-01,-9.999994039535522461e-01,9.999989271163940430e-01,9.999967813491821289e-01,9.999985098838806152e-01,9.999993443489074707e-01,-9.999976754188537598e-01,-9.999989271163940430e-01,9.999983906745910645e-01,9.999932050704956055e-01,9.999970197677612305e-01,-9.999934434890747070e-01,9.999969005584716797e-01
