4.523740708827972412e-01,-1.998247765004634857e-02,2.468087524175643921e-01,-2.973520159721374512e-01,2.086178958415985107e-01,-3.004203438758850098e-01,6.562492996454238892e-02,3.823786079883575439e-01,-4.700414463877677917e-02,-9.216715395450592041e-02,-1.885289251804351807e-01,1.124521810561418533e-02,-2.248157858848571777e-01,-1.215839758515357971e-01,-1.894247531890869141e-01,-4.648461472243070602e-03,5.156242288649082184e-03,-1.636191457509994507e-01,2.497955411672592163e-01,8.239554613828659058e-02,1.752076484262943268e-02,-3.053909242153167725e-01,-2.266476005315780640e-01,1.294747143983840942e-01,-1.051702909171581268e-02,-6.146705243736505508e-03,1.630495190620422363e-01,-3.038123250007629395e-01,-1.071949154138565063e-01,-1.262335926294326782e-01,-1.893975287675857544e-01,1.856019645929336548e-01,-1.881447285413742065e-01,-7.468399405479431152e-02,-6.120935548096895218e-03,1.563681662082672119e-01,-7.082667201757431030e-02,-1.294106692075729370e-01,-1.084699481725692749e-01,-1.952567994594573975e-01,3.085665230173617601e-04,7.121842354536056519e-02,-2.423687428236007690e-01,-4.836925119161605835e-02,5.890556611120700836e-03,3.129296898841857910e-01,1.828723698854446411e-01,-2.752987667918205261e-03,1.100342050194740295e-01,-1.856641098856925964e-02,-1.495421230792999268e-01,-2.205059826374053955e-01,1.498030871152877808e-01,-2.202983759343624115e-02,-2.987475879490375519e-02,6.166204810142517090e-02,2.852522395551204681e-02,-6.373022682964801788e-03,2.050617486238479614e-01,2.924257516860961914e-01,-7.673221826553344727e-02,3.909467160701751709e-02,-7.837590761482715607e-03,1.746558845043182373e-01,4.017392918467521667e-02,5.027955025434494019e-02,-3.853600919246673584e-01,-2.884415909647941589e-02,1.291584074497222900e-01,2.612785696983337402e-01,-6.175740063190460205e-02,1.975360214710235596e-01,9.208956360816955566e-02,-2.212453931570053101e-01,-1.923172622919082642e-01,-1.265463698655366898e-02,1.281050615943968296e-03,-1.877643018960952759e-01,3.921081498265266418e-02,1.596654951572418213e-01,-1.262407153844833374e-01,-2.682106569409370422e-04,6.798369809985160828e-03,-9.313229238614439964e-04,-1.608293503522872925e-01,3.216046392917633057e-01,2.473740130662918091e-01,-1.406197261530905962e-04,-2.326998412609100342e-01,-1.922947354614734650e-02,-1.298286020755767822e-01,3.469387888908386230e-01,2.402035444974899292e-01,-1.908869743347167969e-01,1.035901829600334167e-01,-3.828199207782745361e-01,-7.644191849976778030e-03,-1.350015918433200568e-05,3.356626257300376892e-02,6.993688293732702732e-04,-2.196805179119110107e-01,2.389680892229080200e-01,2.035646140575408936e-01,5.969670787453651428e-02,-2.753963470458984375e-01,1.003036499023437500e-01,3.164024353027343750e-01,2.536606788635253906e-01,-3.824309110641479492e-01,1.851985044777393341e-02,-2.141919136047363281e-01,3.185401260852813721e-01,1.926571577787399292e-01,-1.288250535726547241e-01,-9.142651408910751343e-02,1.153336167335510254e-01,1.909034848213195801e-01,-1.486396193504333496e-01,-8.910238742828369141e-03,-1.733589470386505127e-01,-2.916274368762969971e-01,-9.190050512552261353e-02,-8.398541063070297241e-02,3.605576455593109131e-01,5.756574496626853943e-02,2.524255216121673584e-01,1.957610435783863068e-02,3.925468400120735168e-02
-1.998247765004634857e-02,1.049404311925172806e-02,-9.114247560501098633e-02,6.901603192090988159e-02,5.006393790245056152e-02,1.114776451140642166e-02,-1.030204631388187408e-02,2.147750556468963623e-02,6.239379569888114929e-02,5.528238415718078613e-02,-5.157407373189926147e-03,-4.882192239165306091e-02,6.865963339805603027e-02,5.767037346959114075e-02,8.477357774972915649e-02,9.428914636373519897e-02,-1.145870890468358994e-03,7.480553537607192993e-02,-8.403441309928894043e-02,-5.598192289471626282e-02,-5.026312172412872314e-02,7.145316898822784424e-02,4.756887629628181458e-02,-1.927046664059162140e-02,1.237891521304845810e-02,8.115947246551513672e-02,-8.145780116319656372e-02,-2.598692663013935089e-02,7.368455827236175537e-02,1.135168503969907761e-02,-8.264714851975440979e-03,-1.000645309686660767e-01,5.786743760108947754e-02,5.360314995050430298e-02,-2.403608290478587151e-03,-9.286039322614669800e-02,6.273518502712249756e-02,8.123411238193511963e-02,-6.529010087251663208e-02,-4.992323741316795349e-02,8.431447297334671021e-02,1.034576073288917542e-02,8.095596730709075928e-02,2.555987983942031860e-02,-1.649280451238155365e-02,-7.856543362140655518e-02,-8.774957060813903809e-02,-2.323506586253643036e-02,8.747939951717853546e-03,5.711480043828487396e-03,-7.000888581387698650e-04,1.557565107941627502e-02,4.411765560507774353e-02,-9.491604752838611603e-03,-1.093270140700042248e-03,-9.465432167053222656e-02,3.849465772509574890e-02,4.215788561850786209e-03,-6.122273579239845276e-02,-7.111506164073944092e-02,-1.053556241095066071e-02,7.491883006878197193e-04,1.879669725894927979e-03,1.080910954624414444e-02,2.188517339527606964e-02,-2.772647328674793243e-02,3.425728529691696167e-02,8.714390546083450317e-02,-8.757480233907699585e-02,1.172567345201969147e-02,-7.193187624216079712e-02,-6.478727795183658600e-03,-3.119598142802715302e-02,8.545078337192535400e-02,-2.131255157291889191e-02,-8.118673413991928101e-02,-4.157914372626692057e-04,9.306478500366210938e-02,-1.480607688426971436e-02,-8.505848050117492676e-02,8.895836025476455688e-02,1.100308436434715986e-04,-7.530000060796737671e-02,4.006457311334088445e-05,-7.812198996543884277e-02,-8.504179120063781738e-02,1.787955686450004578e-02,1.202022423967719078e-03,6.933480501174926758e-02,6.896933913230895996e-02,-2.094182558357715607e-02,-3.299595043063163757e-02,-7.251864671707153320e-02,3.304151818156242371e-02,-8.154264092445373535e-02,1.623992621898651123e-02,4.323324561119079590e-02,-1.782653839654813055e-06,-7.384473085403442383e-02,7.997258007526397705e-02,-2.728763036429882050e-02,4.104568064212799072e-02,-9.478908777236938477e-02,-8.012895286083221436e-02,1.026969924569129944e-01,6.246834062039852142e-03,-7.918213307857513428e-02,-8.747165650129318237e-02,-5.643628071993589401e-03,-2.955825300887227058e-03,6.375291198492050171e-02,-6.788215041160583496e-02,-8.668996393680572510e-02,2.120292559266090393e-02,8.726374059915542603e-02,-8.214480429887771606e-02,4.406199976801872253e-02,2.817247249186038971e-02,-8.397834748029708862e-02,5.008589476346969604e-02,7.326886802911758423e-02,7.570876181125640869e-02,7.148187607526779175e-02,-5.043744668364524841e-02,-4.766448214650154114e-02,-6.222382187843322754e-02,-4.529743455350399017e-03,5.347190424799919128e-02
2.468087524175643921e-01,-9.114247560501098633e-02,7.986937761306762695e-01,-6.662710309028625488e-01,-4.292849600315093994e-01,-1.802339702844619751e-01,7.274883985519409180e-02,-1.841013431549072266e-01,-5.300368666648864746e-01,-5.288842916488647461e-01,4.683738201856613159e-02,4.791401922702789307e-01,-5.812039375305175781e-01,-5.910103321075439453e-01,-7.621182203292846680e-01,-7.502351999282836914e-01,1.000038068741559982e-02,-6.589542627334594727e-01,7.381646633148193359e-01,5.650453567504882812e-01,4.247316420078277588e-01,-6.875831484794616699e-01,-4.885106086730957031e-01,1.958097368478775024e-01,-1.192159131169319153e-01,-6.551307439804077148e-01,7.239664793014526367e-01,1.703326553106307983e-01,-6.764667630195617676e-01,-1.252156943082809448e-01,8.119030296802520752e-02,8.206147551536560059e-01,-5.117716193199157715e-01,-5.895379185676574707e-01,2.586631849408149719e-02,7.694366574287414551e-01,-5.883434414863586426e-01,-7.324081659317016602e-01,5.258618593215942383e-01,4.665557146072387695e-01,-6.964265704154968262e-01,-9.305895119905471802e-02,-7.231765985488891602e-01,-2.533822655677795410e-01,1.096182242035865784e-01,7.125298976898193359e-01,7.823109626770019531e-01,2.122145444154739380e-01,-7.380224764347076416e-02,5.387255549430847168e-02,7.737405132502317429e-03,-1.069676354527473450e-01,-3.983214795589447021e-01,8.953204005956649780e-02,1.522026676684617996e-02,7.916834950447082520e-01,-4.060016274452209473e-01,-4.197937622666358948e-02,5.384496450424194336e-01,6.574177145957946777e-01,1.002519577741622925e-01,-1.949548721313476562e-02,-1.772901974618434906e-02,-4.476051032543182373e-02,-1.772324591875076294e-01,2.620939314365386963e-01,-2.817818522453308105e-01,-7.223040461540222168e-01,7.590402960777282715e-01,-6.265731155872344971e-02,6.427711844444274902e-01,1.184691637754440308e-01,3.070051968097686768e-01,-7.677757143974304199e-01,1.191655322909355164e-01,6.832653284072875977e-01,3.666915232315659523e-03,-8.083318471908569336e-01,1.390452831983566284e-01,7.520236372947692871e-01,-7.717065215110778809e-01,-1.126022776588797569e-03,6.815184354782104492e-01,4.335674166213721037e-04,6.305199265480041504e-01,7.562431097030639648e-01,-1.595737934112548828e-01,-1.127988658845424652e-02,-6.127110123634338379e-01,-6.520820260047912598e-01,1.873964071273803711e-01,2.809825837612152100e-01,6.529855132102966309e-01,-3.189845085144042969e-01,7.171170711517333984e-01,-1.759064793586730957e-01,-3.907135128974914551e-01,1.820651232264935970e-05,6.568972468376159668e-01,-6.725182533264160156e-01,3.137775659561157227e-01,-3.367637693881988525e-01,8.003093004226684570e-01,7.123620510101318359e-01,-8.446899652481079102e-01,-1.263414919376373291e-01,6.594407558441162109e-01,7.466934323310852051e-01,-1.109401928260922432e-03,2.751886285841464996e-02,-5.831737518310546875e-01,6.623344421386718750e-01,7.629001140594482422e-01,-3.089868128299713135e-01,-7.599664330482482910e-01,7.241520881652832031e-01,-3.746509552001953125e-01,-2.926728129386901855e-01,7.259596586227416992e-01,-4.913820922374725342e-01,-6.623483300209045410e-01,-6.752774119377136230e-01,-6.544333696365356445e-01,4.499631822109222412e-01,5.305574536323547363e-01,6.093611717224121094e-01,3.352425619959831238e-02,-5.043156147003173828e-01
-2.973520159721374512e-01,6.901603192090988159e-02,-6.662710309028625488e-01,7.015245556831359863e-01,1.954627186059951782e-01,2.419472038745880127e-01,-4.970102757215499878e-02,-4.432720690965652466e-02,4.461966156959533691e-01,4.201823770999908447e-01,-1.300205290317535400e-01,-3.504181802272796631e-01,3.495016396045684814e-01,5.052524209022521973e-01,6.277503371238708496e-01,4.878734946250915527e-01,-4.508295562118291855e-03,5.338169336318969727e-01,-7.030794620513916016e-01,-4.603887200355529785e-01,-4.652785360813140869e-01,6.276450157165527344e-01,4.239867329597473145e-01,-1.202451214194297791e-01,9.632983058691024780e-02,3.796761035919189453e-01,-5.040338635444641113e-01,1.223435252904891968e-01,4.260395467281341553e-01,2.721783220767974854e-01,-4.192360490560531616e-02,-6.983063817024230957e-01,5.822187066078186035e-01,4.629586338996887207e-01,-5.301744677126407623e-03,-5.295300483703613281e-01,4.046705067157745361e-01,5.676116943359375000e-01,-2.014322876930236816e-01,-4.124296903610229492e-01,5.779818296432495117e-01,1.377638578414916992e-01,5.636784434318542480e-01,1.877595782279968262e-01,-2.236294746398925781e-01,-5.033408999443054199e-01,-6.865089535713195801e-01,-1.850587576627731323e-01,7.536010444164276123e-02,6.700957310386002064e-04,1.358169037848711014e-02,2.663127183914184570e-01,3.942443132400512695e-01,-8.201983571052551270e-02,1.371548026800155640e-01,-5.751724243164062500e-01,3.713550269603729248e-01,3.023007698357105255e-02,-4.487544596195220947e-01,-6.867446899414062500e-01,-1.371309757232666016e-01,7.730873674154281616e-02,1.990921795368194580e-02,-1.416814886033535004e-02,1.790923327207565308e-01,-2.071302831172943115e-01,2.050895541906356812e-01,4.753858149051666260e-01,-5.863220691680908203e-01,-1.917933970689773560e-01,-4.287543594837188721e-01,9.579166769981384277e-02,-3.579348921775817871e-01,6.513617634773254395e-01,-1.221967712044715881e-01,-5.034372806549072266e-01,-1.237585674971342087e-03,6.174598336219787598e-01,-3.080029785633087158e-01,-5.996941328048706055e-01,6.993482708930969238e-01,8.941467385739088058e-04,-4.666498601436614990e-01,3.416341030970215797e-03,-4.483864307403564453e-01,-6.276305317878723145e-01,-1.036780998110771179e-01,5.350647959858179092e-03,4.283570349216461182e-01,4.798372685909271240e-01,-1.784519553184509277e-01,-4.314152896404266357e-01,-6.235143542289733887e-01,3.512449562549591064e-01,-6.382428407669067383e-01,2.830017507076263428e-01,2.357199639081954956e-01,-1.033910757541889325e-05,-4.171618819236755371e-01,4.713144898414611816e-01,-1.283520907163619995e-01,3.372336179018020630e-02,-7.258629798889160156e-01,-5.104013681411743164e-01,7.327420115470886230e-01,3.121786713600158691e-01,-7.409124970436096191e-01,-5.694490671157836914e-01,1.981193274259567261e-01,-3.208025544881820679e-02,5.903488993644714355e-01,-6.602063775062561035e-01,-6.797584295272827148e-01,4.064221382141113281e-01,5.813914537429809570e-01,-5.704224705696105957e-01,7.941108196973800659e-02,2.355434447526931763e-01,-5.369884371757507324e-01,5.128527879714965820e-01,5.438032746315002441e-01,6.148441433906555176e-01,5.660239458084106445e-01,-4.356786012649536133e-01,-4.453786611557006836e-01,-5.734808444976806641e-01,-3.647629171609878540e-02,3.339952230453491211e-01
2.086178958415985107e-01,5.006393790245056152e-02,-4.292849600315093994e-01,1.954627186059951782e-01,5.794955492019653320e-01,-1.471216827630996704e-01,-5.432323552668094635e-03,5.728976130485534668e-01,2.933603823184967041e-01,2.938971817493438721e-01,-1.207509636878967285e-01,-3.539862334728240967e-01,3.462448716163635254e-01,2.844225466251373291e-01,4.338173866271972656e-01,6.944759488105773926e-01,-5.462028086185455322e-03,3.782761394977569580e-01,-3.248355984687805176e-01,-3.090212643146514893e-01,-1.728061437606811523e-01,2.355451583862304688e-01,1.559398025274276733e-01,-6.449480354785919189e-02,7.331711053848266602e-02,5.979491472244262695e-01,-4.708412587642669678e-01,-5.217685103416442871e-01,5.552669167518615723e-01,-1.124351620674133301e-01,-2.169341444969177246e-01,-4.933997690677642822e-01,1.180636435747146606e-01,3.739103078842163086e-01,-3.383886814117431641e-02,-5.548945069313049316e-01,4.065508842468261719e-01,4.748254120349884033e-01,-6.833968758583068848e-01,-4.627476334571838379e-01,5.304281711578369141e-01,7.258725911378860474e-02,3.791481852531433105e-01,1.540266722440719604e-01,3.366992250084877014e-02,-3.732299804687500000e-01,-4.538794755935668945e-01,-1.507589221000671387e-01,1.082425564527511597e-01,-7.066884636878967285e-02,-1.297636926174163818e-01,-2.292716801166534424e-01,3.363150358200073242e-01,-7.670062035322189331e-02,-1.426068991422653198e-01,-6.513445973396301270e-01,2.861583828926086426e-01,2.793071977794170380e-02,-2.169720381498336792e-01,-1.891654878854751587e-01,-7.764060050249099731e-02,-2.311212569475173950e-02,2.183547941967844963e-03,1.782231479883193970e-01,1.288764625787734985e-01,-1.489896178245544434e-01,-6.285725533962249756e-02,6.214737296104431152e-01,-4.968506991863250732e-01,4.041522443294525146e-01,-6.094115972518920898e-01,-7.942229509353637695e-02,-5.089148506522178650e-02,4.163208007812500000e-01,-2.047060132026672363e-01,-5.671094059944152832e-01,-2.720659365877509117e-03,5.459861755371093750e-01,4.475449025630950928e-02,-4.615811109542846680e-01,4.766519069671630859e-01,5.975728854537010193e-04,-5.708282589912414551e-01,-3.460644977167248726e-03,-6.638479828834533691e-01,-3.483453392982482910e-01,4.470752775669097900e-01,1.054778974503278732e-02,2.889146804809570312e-01,4.983453452587127686e-01,-2.226780056953430176e-01,1.983346939086914062e-01,-2.362150698900222778e-01,2.303063403815031052e-03,-4.367789328098297119e-01,-2.524589002132415771e-01,3.488058149814605713e-01,-2.519009831303264946e-05,-5.346716642379760742e-01,5.704747438430786133e-01,-4.685933589935302734e-01,5.819919705390930176e-01,-4.451369047164916992e-01,-5.456804037094116211e-01,4.597572088241577148e-01,4.520563036203384399e-02,-1.520596593618392944e-01,-4.320744872093200684e-01,-4.169141352176666260e-01,3.769653616473078728e-03,1.640213727951049805e-01,-1.689527928829193115e-01,-4.217815101146697998e-01,4.705766681581735611e-03,5.829008221626281738e-01,-4.620540142059326172e-01,5.562852621078491211e-01,1.145199835300445557e-01,-6.189256310462951660e-01,1.346918046474456787e-01,2.816651463508605957e-01,3.819605410099029541e-01,3.732587099075317383e-01,-1.632434548810124397e-03,-3.122264444828033447e-01,-1.761946976184844971e-01,-7.447618991136550903e-03,4.342109560966491699e-01
-3.004203438758850098e-01,1.114776451140642166e-02,-1.802339702844619751e-01,2.419472038745880127e-01,-1.471216827630996704e-01,2.495183944702148438e-01,-1.251306384801864624e-02,-2.508751451969146729e-01,-2.735373564064502716e-03,7.065702229738235474e-02,8.200441300868988037e-02,-7.142967544496059418e-03,1.096323728561401367e-01,1.022973433136940002e-01,1.393145024776458740e-01,-2.573911100625991821e-02,-3.136555664241313934e-03,9.561495482921600342e-02,-1.911720782518386841e-01,-8.808334916830062866e-02,-2.770874276757240295e-02,2.134776711463928223e-01,1.749739348888397217e-01,-7.284314930438995361e-02,8.140162564814090729e-03,-4.547078162431716919e-02,-1.059507727622985840e-01,2.404260337352752686e-01,7.877890765666961670e-02,8.367636799812316895e-02,1.226846128702163696e-01,-1.259775757789611816e-01,1.584328711032867432e-01,1.015137210488319397e-01,5.394306965172290802e-03,-7.549448311328887939e-02,3.688433021306991577e-02,8.724868297576904297e-02,1.087338849902153015e-01,7.285569608211517334e-02,-4.754574038088321686e-03,-2.293324656784534454e-02,1.623742133378982544e-01,3.773069754242897034e-02,-2.023560553789138794e-02,-1.981244236230850220e-01,-1.468439102172851562e-01,-1.156458631157875061e-03,-6.945087760686874390e-02,-3.687891410663723946e-03,1.053190082311630249e-01,1.318896263837814331e-01,-6.647439301013946533e-02,1.408226788043975830e-02,3.720560669898986816e-02,-5.075579509139060974e-02,2.810566686093807220e-03,4.267304204404354095e-03,-1.346271634101867676e-01,-2.135666459798812866e-01,3.354283422231674194e-02,-6.092135328799486160e-03,6.358189973980188370e-03,-1.226206347346305847e-01,-3.061528690159320831e-02,-3.158210590481758118e-02,2.181653976440429688e-01,6.644613109529018402e-03,-7.815276831388473511e-02,-2.024346292018890381e-01,3.083393163979053497e-02,-1.248887106776237488e-01,-7.124308496713638306e-02,1.464243084192276001e-01,1.248665302991867065e-01,-4.504981916397809982e-03,-3.524357161950320005e-04,1.340034455060958862e-01,-6.308605521917343140e-02,-9.816210716962814331e-02,1.122387871146202087e-01,1.908953709062188864e-04,-1.430244091898202896e-02,3.993735881522297859e-04,1.070897579193115234e-01,-2.049895673990249634e-01,-1.587871611118316650e-01,-5.930355400778353214e-04,1.188701167702674866e-01,1.886820793151855469e-02,6.138338148593902588e-02,-2.405019104480743408e-01,-1.693468093872070312e-01,1.365546882152557373e-01,-7.930643856525421143e-02,2.518757581710815430e-01,2.049791812896728516e-02,6.338579169096192345e-06,-7.426819298416376114e-03,-1.981569454073905945e-02,1.215353310108184814e-01,-1.879275590181350708e-01,-1.385200023651123047e-01,-3.580461069941520691e-02,1.921105980873107910e-01,3.036049939692020416e-02,-2.423411309719085693e-01,-1.444351673126220703e-01,2.823044657707214355e-01,-1.217847224324941635e-02,1.469195932149887085e-01,-2.605417966842651367e-01,-1.365406513214111328e-01,1.455793678760528564e-01,7.832975685596466064e-02,-8.128246665000915527e-02,-1.595690548419952393e-01,1.092045158147811890e-01,-1.027625240385532379e-02,1.349603980779647827e-01,1.890021711587905884e-01,8.069531619548797607e-02,7.177800685167312622e-02,-2.244197279214859009e-01,-7.467339187860488892e-02,-1.837429255247116089e-01,-1.562833227217197418e-02,-3.369228448718786240e-03
6.562492996454238892e-02,-1.030204631388187408e-02,7.274883985519409180e-02,-4.970102757215499878e-02,-5.432323552668094635e-03,-1.251306384801864624e-02,4.940457642078399658e-02,4.152312129735946655e-02,-7.483489066362380981e-02,-2.922062017023563385e-02,-5.418672040104866028e-02,3.126569092273712158e-02,-9.763884544372558594e-02,-3.826188668608665466e-02,-7.239715754985809326e-02,-7.900898158550262451e-02,1.253809547051787376e-03,-7.597885280847549438e-02,5.586646124720573425e-02,1.594154909253120422e-02,2.094208449125289917e-02,-7.610631734132766724e-02,-3.589060902595520020e-02,3.309500217437744141e-02,-7.296918425709009171e-03,-7.891883701086044312e-02,6.752864271402359009e-02,1.363826915621757507e-03,-4.922373592853546143e-02,-3.090078569948673248e-02,-2.356246300041675568e-02,8.335254341363906860e-02,-3.172203153371810913e-02,-4.453149624168872833e-03,1.841214019805192947e-03,9.606481343507766724e-02,-5.010873824357986450e-02,-6.053739413619041443e-02,5.070970207452774048e-02,-3.558063507080078125e-02,-5.104883387684822083e-02,1.726908423006534576e-02,-7.900426536798477173e-02,-1.726575009524822235e-02,-5.482314154505729675e-03,9.316336363554000854e-02,5.833483114838600159e-02,1.740714907646179199e-02,1.945669762790203094e-02,-1.578669995069503784e-02,-6.716734264045953751e-03,-5.135769397020339966e-02,1.809622533619403839e-02,5.702831782400608063e-03,5.968580953776836395e-03,5.733722075819969177e-02,-6.751885637640953064e-03,-3.390235826373100281e-03,5.655775964260101318e-02,7.431541383266448975e-02,-2.415975369513034821e-02,2.289824746549129486e-02,-1.346421428024768829e-03,1.845447346568107605e-02,-8.500853553414344788e-03,2.348925173282623291e-02,-9.702620655298233032e-02,-6.311607360839843750e-02,7.261183857917785645e-02,1.192951947450637817e-02,2.250779978930950165e-02,3.063653409481048584e-02,2.293344587087631226e-02,-8.328139036893844604e-02,-2.009373158216476440e-02,3.036775812506675720e-02,7.858826429583132267e-04,-7.461666315793991089e-02,-9.798851795494556427e-03,7.187190651893615723e-02,-4.824588075280189514e-02,-9.388959733769297600e-05,4.165363684296607971e-02,-4.986574058420956135e-04,2.174339815974235535e-02,1.046755537390708923e-01,3.654265403747558594e-02,-1.252823625691235065e-03,-9.025654941797256470e-02,-3.674491122364997864e-02,-2.073437720537185669e-02,5.334028229117393494e-02,6.028231233358383179e-02,-3.112074919044971466e-02,5.089627206325531006e-02,-6.585451215505599976e-02,-2.384431846439838409e-02,-3.493727717795991339e-06,6.147140264511108398e-02,-5.512400344014167786e-02,-3.486834838986396790e-02,-8.398709818720817566e-03,8.256687223911285400e-02,5.596926808357238770e-02,-7.946986705064773560e-02,6.572678685188293457e-02,6.519774347543716431e-02,1.027904525399208069e-01,-2.498896606266498566e-02,4.033046774566173553e-03,-7.103586941957473755e-02,4.215031862258911133e-02,7.822423428297042847e-02,2.266970835626125336e-02,-5.623742565512657166e-02,5.958722904324531555e-02,-2.348265796899795532e-02,-3.099705837666988373e-02,3.803006187081336975e-02,-4.028224945068359375e-02,-8.807570487260818481e-02,-4.136780276894569397e-02,-4.564949870109558105e-02,9.096823632717132568e-02,1.063166838139295578e-02,5.794769898056983948e-02,4.015864338725805283e-03,1.764863147400319576e-03
3.823786079883575439e-01,2.147750556468963623e-02,-1.841013431549072266e-01,-4.432720690965652466e-02,5.728976130485534668e-01,-2.508751451969146729e-01,4.152312129735946655e-02,7.132244706153869629e-01,1.073613986372947693e-01,1.461063027381896973e-01,-1.206782981753349304e-01,-2.755257487297058105e-01,1.797900199890136719e-01,1.348858177661895752e-01,2.217299193143844604e-01,5.309464931488037109e-01,-2.247862052172422409e-03,1.773185729980468750e-01,-5.458093807101249695e-02,-1.678119897842407227e-01,2.047213539481163025e-02,6.845586933195590973e-03,-3.699127817526459694e-03,-1.534012705087661743e-02,4.443628713488578796e-02,4.606512188911437988e-01,-2.872982323169708252e-01,-6.182217001914978027e-01,4.516783058643341064e-01,-2.149669229984283447e-01,-2.625444233417510986e-01,-2.284873574972152710e-01,-1.316839903593063354e-01,2.823759615421295166e-01,-3.967473283410072327e-02,-3.572441935539245605e-01,2.835154533386230469e-01,2.895600497722625732e-01,-6.592046618461608887e-01,-4.034838974475860596e-01,3.377310335636138916e-01,4.030836373567581177e-02,1.593842655420303345e-01,9.996755421161651611e-02,1.578835099935531616e-01,-1.772332340478897095e-01,-2.272832542657852173e-01,-1.030518338084220886e-01,1.012647897005081177e-01,-1.491838246583938599e-01,-1.800387352705001831e-01,-4.209108054637908936e-01,2.425360381603240967e-01,-6.713841855525970459e-02,-2.200491428375244141e-01,-4.734050035476684570e-01,2.193123549222946167e-01,2.047008089721202850e-02,-1.301785232499241829e-04,6.926567107439041138e-02,-4.803765937685966492e-02,-4.898766055703163147e-02,-6.427158601582050323e-03,1.766638159751892090e-01,6.631145626306533813e-02,-7.946220785379409790e-02,-2.449946999549865723e-01,4.679362475872039795e-01,-2.976868152618408203e-01,5.290038585662841797e-01,-5.206857919692993164e-01,-1.234442964196205139e-01,9.101591259241104126e-02,1.972232460975646973e-01,-1.563380360603332520e-01,-4.073347449302673340e-01,-2.122166799381375313e-03,3.437579274177551270e-01,1.497802287340164185e-01,-2.481489181518554688e-01,2.449167519807815552e-01,3.461260057520121336e-04,-4.559973478317260742e-01,-5.565633065998554230e-03,-5.477770566940307617e-01,-1.074212491512298584e-01,5.601927638053894043e-01,9.820982813835144043e-03,8.020726591348648071e-02,3.838889896869659424e-01,-2.009661793708801270e-01,4.623982012271881104e-01,1.503235194832086563e-02,-1.631744354963302612e-01,-2.224590927362442017e-01,-4.416469633579254150e-01,2.922372221946716309e-01,-2.682696504052728415e-05,-4.180618524551391602e-01,4.212725460529327393e-01,-5.452855825424194336e-01,6.366624832153320312e-01,-1.856540292501449585e-01,-3.959876298904418945e-01,1.679105311632156372e-01,1.556045003235340118e-02,1.680536419153213501e-01,-2.078858166933059692e-01,-5.742821693420410156e-01,2.116490900516510010e-02,-7.415344566106796265e-02,7.968345284461975098e-02,-1.886124908924102783e-01,-9.728734195232391357e-02,4.136023223400115967e-01,-2.635852098464965820e-01,5.901778936386108398e-01,3.978983685374259949e-02,-4.747174084186553955e-01,-6.331512331962585449e-02,6.019114702939987183e-02,1.733214408159255981e-01,1.791834831237792969e-01,2.460350543260574341e-01,-2.188731133937835693e-01,5.098047107458114624e-02,1.433547865599393845e-02,3.621131777763366699e-01
-4.700414463877677917e-02,6.239379569888114929e-02,-5.300368666648864746e-01,4.461966156959533691e-01,2.933603823184967041e-01,-2.735373564064502716e-03,-7.483489066362380981e-02,1.073613986372947693e-01,5.459882020950317383e-01,3.785377740859985352e-01,-1.440436542034149170e-01,-3.486918210983276367e-01,2.765170037746429443e-01,4.436469674110412598e-01,5.423088073730468750e-01,5.736956000328063965e-01,-1.945169409736990929e-03,4.018541276454925537e-01,-5.479775071144104004e-01,-4.082013964653015137e-01,-5.276411175727844238e-01,4.637424051761627197e-01,2.522035837173461914e-01,-8.083275705575942993e-02,9.450960904359817505e-02,4.884879291057586670e-01,-4.855924844741821289e-01,-8.077753335237503052e-02,3.419161140918731689e-01,1.897404938936233521e-01,-1.533804386854171753e-01,-7.043171525001525879e-01,4.315824210643768311e-01,3.715721666812896729e-01,-8.954773657023906708e-03,-5.443920493125915527e-01,3.781934380531311035e-01,5.067381262779235840e-01,-2.818942666053771973e-01,-4.482040107250213623e-01,6.080815196037292480e-01,1.464805305004119873e-01,4.176133573055267334e-01,1.480376720428466797e-01,-2.164193093776702881e-01,-3.863057196140289307e-01,-5.531741976737976074e-01,-1.545427888631820679e-01,1.674668937921524048e-01,-4.094636440277099609e-02,-8.467648923397064209e-02,1.999229043722152710e-01,4.580480754375457764e-01,-9.777849912643432617e-02,1.178329065442085266e-01,-5.658982992172241211e-01,3.400578498840332031e-01,2.529165893793106079e-02,-3.183537721633911133e-01,-4.815297722816467285e-01,-1.811648756265640259e-01,1.325175762176513672e-01,1.502117328345775604e-02,1.128039658069610596e-01,2.068528980016708374e-01,-1.817746907472610474e-01,3.343530371785163879e-02,4.916365146636962891e-01,-5.750506520271301270e-01,-2.324642427265644073e-02,-4.351807534694671631e-01,1.948144882917404175e-01,-3.406330347061157227e-01,5.631589293479919434e-01,-2.141879945993423462e-01,-4.892165958881378174e-01,-1.268063439056277275e-03,5.377101898193359375e-01,-1.892671436071395874e-01,-5.789965391159057617e-01,6.258360147476196289e-01,7.458086474798619747e-04,-4.613507390022277832e-01,3.565027611330151558e-03,-5.334731936454772949e-01,-4.820260107517242432e-01,2.320768125355243683e-02,5.757215898483991623e-03,4.232881665229797363e-01,4.703298509120941162e-01,-1.809189468622207642e-01,-2.392434477806091309e-01,-4.839809238910675049e-01,2.749446034431457520e-01,-5.767674446105957031e-01,8.242414891719818115e-02,1.352782249450683594e-01,-1.389527733408613130e-05,-4.544049501419067383e-01,4.848093092441558838e-01,-2.176398336887359619e-01,2.321819216012954712e-01,-6.646180748939514160e-01,-4.974501132965087891e-01,6.326097846031188965e-01,1.734206527471542358e-01,-5.753528475761413574e-01,-4.657612442970275879e-01,-3.785106167197227478e-02,-2.795870602130889893e-02,5.694735646247863770e-01,-4.494005739688873291e-01,-5.688739418983459473e-01,2.985728383064270020e-01,4.771906733512878418e-01,-5.335386991500854492e-01,2.398387342691421509e-01,1.037501767277717590e-01,-5.238659977912902832e-01,3.970667421817779541e-01,3.483515977859497070e-01,5.659157633781433105e-01,5.192053318023681641e-01,-2.393940836191177368e-01,-4.044633209705352783e-01,-4.539300501346588135e-01,-6.507184822112321854e-03,3.175751268863677979e-01
-9.216715395450592041e-02,5.528238415718078613e-02,-5.288842916488647461e-01,4.201823770999908447e-01,2.938971817493438721e-01,7.065702229738235474e-02,-2.922062017023563385e-02,1.461063027381896973e-01,3.785377740859985352e-01,3.555271327495574951e-01,-8.770331740379333496e-02,-3.105180859565734863e-01,3.223400712013244629e-01,3.884897530078887939e-01,5.066516399383544922e-01,5.470121502876281738e-01,-5.382126197218894958e-03,3.841158449649810791e-01,-5.160845518112182617e-01,-3.858558237552642822e-01,-3.629320561885833740e-01,4.258365333080291748e-01,2.855763733386993408e-01,-1.067979410290718079e-01,8.103554695844650269e-02,4.593313634395599365e-01,-4.923859238624572754e-01,-1.188179031014442444e-01,4.294180572032928467e-01,7.380941510200500488e-02,-1.003254428505897522e-01,-6.219122409820556641e-01,3.565589189529418945e-01,3.971746861934661865e-01,-1.336962264031171799e-02,-5.310975313186645508e-01,3.656092286109924316e-01,4.863583445549011230e-01,-3.434003591537475586e-01,-3.805286586284637451e-01,5.122092962265014648e-01,9.170171618461608887e-02,4.355769157409667969e-01,1.525793373584747314e-01,-1.196949630975723267e-01,-4.408158063888549805e-01,-5.304130911827087402e-01,-1.244094669818878174e-01,1.062683984637260437e-01,-5.400274321436882019e-02,-2.625817060470581055e-02,7.669160515069961548e-02,3.416557312011718750e-01,-6.868792325258255005e-02,2.648442611098289490e-02,-5.730441212654113770e-01,2.783963978290557861e-01,2.496701665222644806e-02,-3.206875026226043701e-01,-4.100290238857269287e-01,-1.202450171113014221e-01,7.100505381822586060e-02,1.186053454875946045e-02,8.270908147096633911e-02,1.386816799640655518e-01,-1.640222072601318359e-01,9.275258332490921021e-02,4.921674430370330811e-01,-5.271930098533630371e-01,4.134495556354522705e-02,-4.463492333889007568e-01,4.378780722618103027e-03,-2.343170642852783203e-01,5.120793581008911133e-01,-1.400970816612243652e-01,-4.832322895526885986e-01,-1.710811629891395569e-03,5.524849891662597656e-01,-1.101043224334716797e-01,-5.271723270416259766e-01,5.703995823860168457e-01,6.891582161188125610e-04,-4.561896622180938721e-01,4.939177888445556164e-04,-4.783824086189270020e-01,-4.639465212821960449e-01,1.200071573257446289e-01,6.326375994831323624e-03,3.959247469902038574e-01,4.389313757419586182e-01,-1.443804800510406494e-01,-1.755581647157669067e-01,-4.312168061733245850e-01,2.224666625261306763e-01,-5.063058733940124512e-01,6.494287401437759399e-02,1.993318647146224976e-01,-1.551628338347654790e-05,-4.315326511859893799e-01,4.559372961521148682e-01,-2.403980493545532227e-01,2.512064874172210693e-01,-5.767080783843994141e-01,-4.814223051071166992e-01,6.191133856773376465e-01,1.155716106295585632e-01,-4.864397644996643066e-01,-4.690429270267486572e-01,-2.426895499229431152e-02,-1.964712701737880707e-02,4.255084693431854248e-01,-4.417455494403839111e-01,-5.081868171691894531e-01,2.503149807453155518e-01,4.979662299156188965e-01,-4.945016205310821533e-01,2.473621368408203125e-01,1.462548524141311646e-01,-5.131104588508605957e-01,3.202812969684600830e-01,3.661977946758270264e-01,4.809066057205200195e-01,4.412941932678222656e-01,-2.243570983409881592e-01,-3.668537139892578125e-01,-3.940408825874328613e-01,-1.302160602062940598e-02,3.483991920948028564e-01
-1.885289251804351807e-01,-5.157407373189926147e-03,4.683738201856613159e-02,-1.300205290317535400e-01,-1.207509636878967285e-01,8.200441300868988037e-02,-5.418672040104866028e-02,-1.206782981753349304e-01,-1.440436542034149170e-01,-8.770331740379333496e-02,2.987140119075775146e-01,8.390601724386215210e-02,1.777999848127365112e-01,-1.008500158786773682e-01,-6.419420242309570312e-02,-4.074470698833465576e-02,-4.947431385517120361e-03,-3.378257900476455688e-02,1.521346718072891235e-01,1.211042776703834534e-01,2.915804684162139893e-01,-2.675196342170238495e-02,6.174270063638687134e-03,-9.484864026308059692e-02,-2.853384800255298615e-02,5.020236130803823471e-03,-1.799408905208110809e-02,-1.940320432186126709e-02,6.404030323028564453e-02,-1.110854893922805786e-01,1.673844009637832642e-01,1.298348307609558105e-01,-2.149234563112258911e-01,-9.756713360548019409e-02,-8.394283242523670197e-03,-4.036045819520950317e-02,-3.066452778875827789e-02,-7.298947870731353760e-02,-7.931675016880035400e-02,3.477678894996643066e-01,-2.271163016557693481e-01,-1.683029830455780029e-01,3.167600929737091064e-02,-1.147250831127166748e-02,2.191095352172851562e-01,-1.615374535322189331e-01,1.310784220695495605e-01,6.777980923652648926e-02,-1.567867547273635864e-01,-2.591841295361518860e-02,9.505390375852584839e-02,-6.990233808755874634e-02,-3.498546183109283447e-01,5.935801193118095398e-02,-1.604630351066589355e-01,7.955693453550338745e-02,-1.867239475250244141e-01,-1.730188727378845215e-03,1.445921231061220169e-02,1.139411106705665588e-01,1.841011941432952881e-01,-1.408815532922744751e-01,-5.861543118953704834e-03,-1.294848918914794922e-01,-1.347440630197525024e-01,2.919022738933563232e-02,2.758521437644958496e-01,-4.123459383845329285e-02,6.987209618091583252e-02,4.544227197766304016e-02,1.246569827198982239e-01,-3.834277689456939697e-01,1.563070714473724365e-01,-5.589488148689270020e-02,2.552449405193328857e-01,1.607974320650100708e-01,-2.247919561341404915e-03,-1.205269433557987213e-02,2.396091967821121216e-01,8.033564686775207520e-02,-2.171436101198196411e-01,-7.087807898642495275e-05,7.243325561285018921e-02,-3.675555344671010971e-03,2.399401366710662842e-01,-5.973346903920173645e-02,7.016667630523443222e-03,1.707927440293133259e-03,7.786462455987930298e-02,-1.132717356085777283e-01,1.995562314987182617e-01,5.710068717598915100e-02,1.165981516242027283e-01,-6.770423799753189087e-02,1.927036046981811523e-01,1.073698177933692932e-01,2.852252917364239693e-03,1.300310850638197735e-05,1.550437323749065399e-02,-1.064151749014854431e-01,1.289509832859039307e-01,-1.085897628217935562e-02,1.504750698804855347e-01,7.194972038269042969e-02,-8.786579221487045288e-02,-3.646976947784423828e-01,2.082186639308929443e-01,-5.733564868569374084e-02,7.626630365848541260e-02,6.413160823285579681e-03,-1.418595016002655029e-01,9.400349855422973633e-02,1.233464777469635010e-01,-1.911382973194122314e-01,-7.437644153833389282e-02,1.048900485038757324e-01,1.631025038659572601e-02,4.978305846452713013e-02,1.449531167745590210e-01,-1.407771557569503784e-01,6.630682945251464844e-02,-2.116393595933914185e-01,-1.614220738410949707e-01,-9.196646511554718018e-02,1.332390755414962769e-01,7.684188336133956909e-02,2.412290312349796295e-03,-1.201808303594589233e-01
1.124521810561418533e-02,-4.882192239165306091e-02,4.791401922702789307e-01,-3.504181802272796631e-01,-3.539862334728240967e-01,-7.142967544496059418e-03,3.126569092273712158e-02,-2.755257487297058105e-01,-3.486918210983276367e-01,-3.105180859565734863e-01,8.390601724386215210e-02,3.299717307090759277e-01,-2.946666479110717773e-01,-3.672747611999511719e-01,-4.864800274372100830e-01,-5.904147028923034668e-01,3.276302479207515717e-03,-3.533491492271423340e-01,4.258819222450256348e-01,3.453857898712158203e-01,2.900351583957672119e-01,-3.749811053276062012e-01,-2.288499027490615845e-01,9.113866835832595825e-02,-7.681947201490402222e-02,-4.777563214302062988e-01,4.674035012722015381e-01,2.134976685047149658e-01,-4.641169309616088867e-01,-5.838449671864509583e-02,1.458063572645187378e-01,5.814337134361267090e-01,-2.447677999734878540e-01,-3.963035047054290771e-01,2.183730341494083405e-02,5.308493375778198242e-01,-3.578972518444061279e-01,-4.690221548080444336e-01,4.468553960323333740e-01,4.010462462902069092e-01,-4.986241161823272705e-01,-8.221683651208877563e-02,-3.898485302925109863e-01,-1.479265242815017700e-01,4.269929602742195129e-02,4.134837687015533447e-01,4.995374381542205811e-01,1.316076666116714478e-01,-9.902193397283554077e-02,1.147948279976844788e-01,8.408960700035095215e-02,2.240938693284988403e-02,-3.283375203609466553e-01,7.623115181922912598e-02,2.488680183887481689e-02,5.914475321769714355e-01,-2.966180741786956787e-01,-2.616088651120662689e-02,2.304819971323013306e-01,3.454631268978118896e-01,1.016879156231880188e-01,-4.382240399718284607e-02,-8.223501034080982208e-03,-6.799039244651794434e-02,-1.242769211530685425e-01,1.534045487642288208e-01,-1.241404004395008087e-02,-5.097425580024719238e-01,5.098294615745544434e-01,-1.249739527702331543e-01,4.796999394893646240e-01,2.667078189551830292e-02,1.833557486534118652e-01,-4.958511888980865479e-01,1.070488393306732178e-01,4.619074463844299316e-01,1.913718297146260738e-03,-5.518466234207153320e-01,5.842500552535057068e-02,5.036601424217224121e-01,-5.325350761413574219e-01,-6.908653303980827332e-04,4.896382987499237061e-01,5.054055945947766304e-04,5.127869248390197754e-01,4.360716640949249268e-01,-1.840450614690780640e-01,-7.587516214698553085e-03,-3.308218121528625488e-01,-4.574124217033386230e-01,1.526747196912765503e-01,3.041266463696956635e-02,3.420753777027130127e-01,-1.444698572158813477e-01,4.681124091148376465e-01,2.711005881428718567e-02,-2.065460681915283203e-01,1.657826032896991819e-05,4.625590741634368896e-01,-4.616274237632751465e-01,3.189170360565185547e-01,-3.400144875049591064e-01,5.462420582771301270e-01,4.897522926330566406e-01,-5.380307435989379883e-01,-1.142656728625297546e-01,3.534897863864898682e-01,4.377174675464630127e-01,1.398707628250122070e-01,1.193097326904535294e-02,-3.612736463546752930e-01,3.421577513217926025e-01,4.821352958679199219e-01,-2.043154984712600708e-01,-5.158701539039611816e-01,4.624990522861480713e-01,-3.399975895881652832e-01,-1.315161734819412231e-01,5.313032865524291992e-01,-2.585704028606414795e-01,-3.170835375785827637e-01,-4.361808300018310547e-01,-4.096953570842742920e-01,1.304192692041397095e-01,3.761390149593353271e-01,3.221446871757507324e-01,1.458736951462924480e-03,-3.289282917976379395e-01
