9.999983906745910645e-01,-9.999985694885253906e-01,-9.999930262565612793e-01,9.999980926513671875e-01,9.999988675117492676e-01,-9.999988079071044922e-01,9.999958872795104980e-01,9.999989867210388184e-01,-9.999971389770507812e-01,9.999979138374328613e-01,-9.999986290931701660e-01,-9.999988079071044922e-01,9.999980330467224121e-01,9.999983906745910645e-01,9.999905824661254883e-01,9.999966621398925781e-01,9.999973773956298828e-01,-9.999984502792358398e-01,9.999934434890747070e-01,-9.999991059303283691e-01,-9.999989867210388184e-01,9.999922513961791992e-01,9.999984502792358398e-01,9.999982118606567383e-01,9.999889135360717773e-01,9.999989271163940430e-01,-9.999983310699462891e-01,-9.999988675117492676e-01,9.999881982803344727e-01,-9.999958872795104980e-01,-9.999927878379821777e-01,-9.999983310699462891e-01,9.999898076057434082e-01,9.999964237213134766e-01,-9.999975562095642090e-01,9.996546506881713867e-01,9.999989271163940430e-01,9.999985098838806152e-01,9.999920725822448730e-01,-9.999988675117492676e-01,9.999986886978149414e-01,-9.999938011169433594e-01,9.999789595603942871e-01,9.999988675117492676e-01,9.999982714653015137e-01,9.999982118606567383e-01,-9.999929666519165039e-01,9.999983906745910645e-01,9.999987483024597168e-01,-9.999985694885253906e-01,-9.999987483024597168e-01,-9.999982118606567383e-01,-9.999988079071044922e-01,-9.999927878379821777e-01,-9.999981522560119629e-01,-9.999982118606567383e-01,-9.999955296516418457e-01,9.999632835388183594e-01,9.999971985816955566e-01,9.999984502792358398e-01,-9.999982714653015137e-01,9.999989271163940430e-01,9.999983906745910645e-01,9.999953508377075195e-01,-9.999954104423522949e-01,-9.999988675117492676e-01,-9.999989867210388184e-01,-9.999960064888000488e-01,-9.999988675117492676e-01,9.999986290931701660e-01,-9.999987483024597168e-01,9.999978542327880859e-01,9.999923706054687500e-01,-9.999935030937194824e-01,-9.999738335609436035e-01,-9.999983310699462891e-01,9.999929070472717285e-01,9.999987483024597168e-01,-9.999945163726806641e-01,-9.999963045120239258e-01,9.999577999114990234e-01,9.999977350234985352e-01,-9.999988675117492676e-01,9.999977350234985352e-01,-9.999982714653015137e-01,-9.999890923500061035e-01,9.999822974205017090e-01,9.999989271163940430e-01,9.999822974205017090e-01,9.999608993530273438e-01,-9.999967813491821289e-01,9.999983906745910645e-01,-9.999817609786987305e-01,-9.999977350234985352e-01,9.999982714653015137e-01,-9.999979138374328613e-01,-9.999916553497314453e-01,9.999990463256835938e-01,-9.999988079071044922e-01,9.999954700469970703e-01,-9.999968409538269043e-01,9.999988079071044922e-01,-9.999457001686096191e-01,-9.995366930961608887e-01,9.999985694885253906e-01,9.999973177909851074e-01,-9.999768137931823730e-01,-9.999983310699462891e-01,-9.999939203262329102e-01,9.999985098838806152e-01,-9.999984502792358398e-01,9.999982118606567383e-01,-9.999982118606567383e-01,-9.999696612358093262e-01,9.999989867210388184e-01,-9.999977946281433105e-01,9.999988675117492676e-01,-9.999983906745910645e-01,-9.999948740005493164e-01,-9.999979138374328613e-01,-9.999988079071044922e-01,9.999962449073791504e-01,9.999983906745910645e-01,-9.999976158142089844e-01,-9.999877810478210449e-01,-9.999955296516418457e-01,9.999907612800598145e-01,-9.999958872795104980e-01
-9.999985694885253906e-01,9.999989271163940430e-01,9.999942779541015625e-01,-9.999984502792358398e-01,-9.999990463256835938e-01,9.999990463256835938e-01,-9.999966621398925781e-01,-9.999992251396179199e-01,9.999976754188537598e-01,-9.999983906745910645e-01,9.999988675117492676e-01,9.999990463256835938e-01,-9.999984502792358398e-01,-9.999987483024597168e-01,-9.999922513961791992e-01,-9.999973177909851074e-01,-9.999979138374328613e-01,9.999988079071044922e-01,-9.999946355819702148e-01,9.999992847442626953e-01,9.999992847442626953e-01,-9.999937415122985840e-01,-9.999988079071044922e-01,-9.999985098838806152e-01,-9.999909400939941406e-01,-9.999991059303283691e-01,9.999986290931701660e-01,9.999991655349731445e-01,-9.999904036521911621e-01,9.999965429306030273e-01,9.999940991401672363e-01,9.999986290931701660e-01,-9.999916553497314453e-01,-9.999971389770507812e-01,9.999979734420776367e-01,-9.997168183326721191e-01,-9.999993443489074707e-01,-9.999988675117492676e-01,-9.999935030937194824e-01,9.999991655349731445e-01,-9.999989271163940430e-01,9.999948740005493164e-01,-9.999828338623046875e-01,-9.999992251396179199e-01,-9.999986290931701660e-01,-9.999985098838806152e-01,9.999942183494567871e-01,-9.999986886978149414e-01,-9.999991059303283691e-01,9.999988079071044922e-01,9.999991655349731445e-01,9.999984502792358398e-01,9.999991655349731445e-01,9.999940991401672363e-01,9.999984502792358398e-01,9.999984502792358398e-01,9.999963641166687012e-01,-9.999698996543884277e-01,-9.999977350234985352e-01,-9.999986886978149414e-01,9.999986886978149414e-01,-9.999992251396179199e-01,-9.999986886978149414e-01,-9.999963045120239258e-01,9.999962449073791504e-01,9.999992251396179199e-01,9.999992847442626953e-01,9.999966621398925781e-01,9.999992847442626953e-01,-9.999989271163940430e-01,9.999991655349731445e-01,-9.999983310699462891e-01,-9.999937415122985840e-01,9.999946951866149902e-01,9.999785423278808594e-01,9.999986886978149414e-01,-9.999942779541015625e-01,-9.999989867210388184e-01,9.999955296516418457e-01,9.999969601631164551e-01,-9.999653697013854980e-01,-9.999981522560119629e-01,9.999991059303283691e-01,-9.999982118606567383e-01,9.999985694885253906e-01,9.999911189079284668e-01,-9.999855160713195801e-01,-9.999991655349731445e-01,-9.999855160713195801e-01,-9.999678730964660645e-01,9.999974370002746582e-01,-9.999986886978149414e-01,9.999850392341613770e-01,9.999981522560119629e-01,-9.999985694885253906e-01,9.999982714653015137e-01,9.999932050704956055e-01,-9.999992251396179199e-01,9.999991059303283691e-01,-9.999963641166687012e-01,9.999973773956298828e-01,-9.999992251396179199e-01,9.999554753303527832e-01,9.996200799942016602e-01,-9.999988675117492676e-01,-9.999977946281433105e-01,9.999809861183166504e-01,9.999986290931701660e-01,9.999949932098388672e-01,-9.999988079071044922e-01,9.999986886978149414e-01,-9.999986290931701660e-01,9.999985098838806152e-01,9.999750852584838867e-01,-9.999991655349731445e-01,9.999982714653015137e-01,-9.999991655349731445e-01,9.999986886978149414e-01,9.999957680702209473e-01,9.999983310699462891e-01,9.999990463256835938e-01,-9.999969005584716797e-01,-9.999987483024597168e-01,9.999980926513671875e-01,9.999900460243225098e-01,9.999964237213134766e-01,-9.999924302101135254e-01,9.999965429306030273e-01
-9.999930262565612793e-01,9.999942779541015625e-01,9.999695420265197754e-01,-9.999918341636657715e-01,-9.999954104423522949e-01,9.999948740005493164e-01,-9.999824762344360352e-01,-9.999957680702209473e-01,9.999881386756896973e-01,-9.999915957450866699e-01,9.999945759773254395e-01,9.999952316284179688e-01,-9.999918937683105469e-01,-9.999936223030090332e-01,-9.999589323997497559e-01,-9.999860525131225586e-01,-9.999889135360717773e-01,9.999936819076538086e-01,-9.999715685844421387e-01,9.999960064888000488e-01,9.999956488609313965e-01,-9.999668598175048828e-01,-9.999938011169433594e-01,-9.999927282333374023e-01,-9.999520182609558105e-01,-9.999955892562866211e-01,9.999929070472717285e-01,9.999952912330627441e-01,-9.999486207962036133e-01,9.999821782112121582e-01,9.999687075614929199e-01,9.999932050704956055e-01,-9.999556541442871094e-01,-9.999850988388061523e-01,9.999901056289672852e-01,-9.985011219978332520e-01,-9.999958276748657227e-01,-9.999940395355224609e-01,-9.999658465385437012e-01,9.999952316284179688e-01,-9.999942779541015625e-01,9.999729394912719727e-01,-9.999088048934936523e-01,-9.999951720237731934e-01,-9.999930858612060547e-01,-9.999927282333374023e-01,9.999693632125854492e-01,-9.999933242797851562e-01,-9.999948740005493164e-01,9.999937415122985840e-01,9.999948143959045410e-01,9.999923110008239746e-01,9.999952316284179688e-01,9.999687671661376953e-01,9.999920129776000977e-01,9.999922513961791992e-01,9.999809265136718750e-01,-9.998407363891601562e-01,-9.999881982803344727e-01,-9.999932646751403809e-01,9.999931454658508301e-01,-9.999955892562866211e-01,-9.999931454658508301e-01,-9.999801516532897949e-01,9.999802708625793457e-01,9.999951124191284180e-01,9.999958872795104980e-01,9.999826550483703613e-01,9.999954700469970703e-01,-9.999942779541015625e-01,9.999946951866149902e-01,-9.999911785125732422e-01,-9.999668002128601074e-01,9.999718070030212402e-01,9.998861551284790039e-01,9.999928474426269531e-01,-9.999693632125854492e-01,-9.999947547912597656e-01,9.999761581420898438e-01,9.999842643737792969e-01,-9.998165965080261230e-01,-9.999902248382568359e-01,9.999951720237731934e-01,-9.999905824661254883e-01,9.999926686286926270e-01,9.999529123306274414e-01,-9.999231696128845215e-01,-9.999954700469970703e-01,-9.999231696128845215e-01,-9.998301863670349121e-01,9.999864697456359863e-01,-9.999931454658508301e-01,9.999204874038696289e-01,9.999905824661254883e-01,-9.999924898147583008e-01,9.999911189079284668e-01,9.999642372131347656e-01,-9.999957084655761719e-01,9.999949336051940918e-01,-9.999804496765136719e-01,9.999863505363464355e-01,-9.999949932098388672e-01,9.997640848159790039e-01,9.979895353317260742e-01,-9.999942183494567871e-01,-9.999885559082031250e-01,9.998990893363952637e-01,9.999926686286926270e-01,9.999738931655883789e-01,-9.999936223030090332e-01,9.999932646751403809e-01,-9.999929070472717285e-01,9.999927878379821777e-01,9.998679161071777344e-01,-9.999958276748657227e-01,9.999909996986389160e-01,-9.999955296516418457e-01,9.999931454658508301e-01,9.999779462814331055e-01,9.999912977218627930e-01,9.999948740005493164e-01,-9.999843835830688477e-01,-9.999932050704956055e-01,9.999898076057434082e-01,9.999473094940185547e-01,9.999806880950927734e-01,-9.999597668647766113e-01,9.999823570251464844e-01
9.999980926513671875e-01,-9.999984502792358398e-01,-9.999918341636657715e-01,9.999977350234985352e-01,9.999987483024597168e-01,-9.999985694885253906e-01,9.999952316284179688e-01,9.999988079071044922e-01,-9.999966621398925781e-01,9.999976754188537598e-01,-9.999984502792358398e-01,-9.999986290931701660e-01,9.999977350234985352e-01,9.999982714653015137e-01,9.999889731407165527e-01,9.999961853027343750e-01,9.999970197677612305e-01,-9.999983906745910645e-01,9.999923706054687500e-01,-9.999989271163940430e-01,-9.999988675117492676e-01,9.999911189079284668e-01,9.999983310699462891e-01,9.999979138374328613e-01,9.999871850013732910e-01,9.999987483024597168e-01,-9.999982118606567383e-01,-9.999987483024597168e-01,9.999862313270568848e-01,-9.999952912330627441e-01,-9.999916553497314453e-01,-9.999981522560119629e-01,9.999881386756896973e-01,9.999960064888000488e-01,-9.999971985816955566e-01,9.995974302291870117e-01,9.999988675117492676e-01,9.999983906745910645e-01,9.999908208847045898e-01,-9.999986886978149414e-01,9.999984502792358398e-01,-9.999927282333374023e-01,9.999755024909973145e-01,9.999987483024597168e-01,9.999980926513671875e-01,9.999979138374328613e-01,-9.999917149543762207e-01,9.999980926513671875e-01,9.999986290931701660e-01,-9.999982714653015137e-01,-9.999986290931701660e-01,-9.999979138374328613e-01,-9.999986886978149414e-01,-9.999916553497314453e-01,-9.999978542327880859e-01,-9.999977946281433105e-01,-9.999948740005493164e-01,9.999572038650512695e-01,9.999968409538269043e-01,9.999982714653015137e-01,-9.999981522560119629e-01,9.999988079071044922e-01,9.999981522560119629e-01,9.999946951866149902e-01,-9.999947547912597656e-01,-9.999986290931701660e-01,-9.999988675117492676e-01,-9.999953508377075195e-01,-9.999987483024597168e-01,9.999983906745910645e-01,-9.999986290931701660e-01,9.999976158142089844e-01,9.999910593032836914e-01,-9.999924302101135254e-01,-9.999695420265197754e-01,-9.999981522560119629e-01,9.999918341636657715e-01,9.999985694885253906e-01,-9.999936223030090332e-01,-9.999958276748657227e-01,9.999507665634155273e-01,9.999973177909851074e-01,-9.999986886978149414e-01,9.999973773956298828e-01,-9.999979734420776367e-01,-9.999873638153076172e-01,9.999793767929077148e-01,9.999988079071044922e-01,9.999794363975524902e-01,9.999543428421020508e-01,-9.999963641166687012e-01,9.999982118606567383e-01,-9.999786615371704102e-01,-9.999974370002746582e-01,9.999979734420776367e-01,-9.999975562095642090e-01,-9.999903440475463867e-01,9.999988079071044922e-01,-9.999986290931701660e-01,9.999948143959045410e-01,-9.999961853027343750e-01,9.999986886978149414e-01,-9.999366998672485352e-01,-9.994598627090454102e-01,9.999983906745910645e-01,9.999969005584716797e-01,-9.999728798866271973e-01,-9.999980330467224121e-01,-9.999929666519165039e-01,9.999982714653015137e-01,-9.999982714653015137e-01,9.999980330467224121e-01,-9.999979138374328613e-01,-9.999644756317138672e-01,9.999988675117492676e-01,-9.999975562095642090e-01,9.999988079071044922e-01,-9.999981522560119629e-01,-9.999940991401672363e-01,-9.999976158142089844e-01,-9.999986886978149414e-01,9.999957680702209473e-01,9.999980926513671875e-01,-9.999972581863403320e-01,-9.999858736991882324e-01,-9.999948143959045410e-01,9.999892115592956543e-01,-9.999951720237731934e-01
9.999988675117492676e-01,-9.999990463256835938e-01,-9.999954104423522949e-01,9.999987483024597168e-01,9.999992251396179199e-01,-9.999992251396179199e-01,9.999973177909851074e-01,9.999994039535522461e-01,-9.999981522560119629e-01,9.999986886978149414e-01,-9.999991059303283691e-01,-9.999992251396179199e-01,9.999987483024597168e-01,9.999989271163940430e-01,9.999937415122985840e-01,9.999977946281433105e-01,9.999982118606567383e-01,-9.999991059303283691e-01,9.999956488609313965e-01,-9.999994039535522461e-01,-9.999993443489074707e-01,9.999949932098388672e-01,9.999989867210388184e-01,9.999988079071044922e-01,9.999927282333374023e-01,9.999992847442626953e-01,-9.999989271163940430e-01,-9.999993443489074707e-01,9.999921917915344238e-01,-9.999972581863403320e-01,-9.999952316284179688e-01,-9.999988675117492676e-01,9.999932646751403809e-01,9.999976754188537598e-01,-9.999983906745910645e-01,9.997718334197998047e-01,9.999994635581970215e-01,9.999991059303283691e-01,9.999947547912597656e-01,-9.999992847442626953e-01,9.999991655349731445e-01,-9.999958872795104980e-01,9.999861717224121094e-01,9.999992847442626953e-01,9.999989271163940430e-01,9.999988079071044922e-01,-9.999952912330627441e-01,9.999989271163940430e-01,9.999993443489074707e-01,-9.999991059303283691e-01,-9.999992251396179199e-01,-9.999987483024597168e-01,-9.999992847442626953e-01,-9.999952912330627441e-01,-9.999988079071044922e-01,-9.999987483024597168e-01,-9.999970793724060059e-01,9.999757409095764160e-01,9.999980926513671875e-01,9.999989867210388184e-01,-9.999989271163940430e-01,9.999993443489074707e-01,9.999988675117492676e-01,9.999969601631164551e-01,-9.999969005584716797e-01,-9.999992847442626953e-01,-9.999993443489074707e-01,-9.999973177909851074e-01,-9.999993443489074707e-01,9.999991655349731445e-01,-9.999993443489074707e-01,9.999986290931701660e-01,9.999949932098388672e-01,-9.999956488609313965e-01,-9.999827146530151367e-01,-9.999989271163940430e-01,9.999954104423522949e-01,9.999993443489074707e-01,-9.999963045120239258e-01,-9.999976158142089844e-01,9.999721646308898926e-01,9.999985098838806152e-01,-9.999994039535522461e-01,9.999985694885253906e-01,-9.999988675117492676e-01,-9.999928474426269531e-01,9.999883174896240234e-01,9.999994039535522461e-01,9.999883174896240234e-01,9.999741911888122559e-01,-9.999978542327880859e-01,9.999989271163940430e-01,-9.999879598617553711e-01,-9.999986290931701660e-01,9.999988675117492676e-01,-9.999986886978149414e-01,-9.999945163726806641e-01,9.999994039535522461e-01,-9.999992847442626953e-01,9.999969601631164551e-01,-9.999978542327880859e-01,9.999992847442626953e-01,-9.999641180038452148e-01,-9.996936917304992676e-01,9.999991655349731445e-01,9.999981522560119629e-01,-9.999846816062927246e-01,-9.999988675117492676e-01,-9.999959468841552734e-01,9.999989867210388184e-01,-9.999989271163940430e-01,9.999989271163940430e-01,-9.999988675117492676e-01,-9.999798536300659180e-01,9.999993443489074707e-01,-9.999985098838806152e-01,9.999993443489074707e-01,-9.999988675117492676e-01,-9.999966025352478027e-01,-9.999986290931701660e-01,-9.999993443489074707e-01,9.999976158142089844e-01,9.999989867210388184e-01,-9.999983310699462891e-01,-9.999919533729553223e-01,-9.999970197677612305e-01,9.999939203262329102e-01,-9.999972581863403320e-01
-9.999988079071044922e-01,9.999990463256835938e-01,9.999948740005493164e-01,-9.999985694885253906e-01,-9.999992251396179199e-01,9.999991655349731445e-01,-9.999969601631164551e-01,-9.999993443489074707e-01,9.999979734420776367e-01,-9.999985694885253906e-01,9.999991059303283691e-01,9.999992251396179199e-01,-9.999986290931701660e-01,-9.999988675117492676e-01,-9.999930858612060547e-01,-9.999975562095642090e-01,-9.999980926513671875e-01,9.999989867210388184e-01,-9.999952316284179688e-01,9.999994635581970215e-01,9.999993443489074707e-01,-9.999943375587463379e-01,-9.999989867210388184e-01,-9.999987483024597168e-01,-9.999918937683105469e-01,-9.999992847442626953e-01,9.999988675117492676e-01,9.999992251396179199e-01,-9.999912381172180176e-01,9.999969005584716797e-01,9.999947547912597656e-01,9.999988079071044922e-01,-9.999924302101135254e-01,-9.999974370002746582e-01,9.999982714653015137e-01,-9.997439384460449219e-01,-9.999994039535522461e-01,-9.999989867210388184e-01,-9.999942183494567871e-01,9.999992251396179199e-01,-9.999990463256835938e-01,9.999954104423522949e-01,-9.999844431877136230e-01,-9.999992847442626953e-01,-9.999988675117492676e-01,-9.999986886978149414e-01,9.999946951866149902e-01,-9.999988079071044922e-01,-9.999992847442626953e-01,9.999989867210388184e-01,9.999992251396179199e-01,9.999986886978149414e-01,9.999993443489074707e-01,9.999947547912597656e-01,9.999986290931701660e-01,9.999986290931701660e-01,9.999967813491821289e-01,-9.999728798866271973e-01,-9.999979734420776367e-01,-9.999988079071044922e-01,9.999988675117492676e-01,-9.999992847442626953e-01,-9.999988079071044922e-01,-9.999965429306030273e-01,9.999966025352478027e-01,9.999992847442626953e-01,9.999994039535522461e-01,9.999969601631164551e-01,9.999993443489074707e-01,-9.999990463256835938e-01,9.999992251396179199e-01,-9.999984502792358398e-01,-9.999944567680358887e-01,9.999952316284179688e-01,9.999806880950927734e-01,9.999987483024597168e-01,-9.999948143959045410e-01,-9.999991059303283691e-01,9.999959468841552734e-01,9.999972581863403320e-01,-9.999687671661376953e-01,-9.999983310699462891e-01,9.999992251396179199e-01,-9.999983906745910645e-01,9.999988079071044922e-01,9.999919533729553223e-01,-9.999870061874389648e-01,-9.999993443489074707e-01,-9.999868869781494141e-01,-9.999710321426391602e-01,9.999976754188537598e-01,-9.999988675117492676e-01,9.999865889549255371e-01,9.999984502792358398e-01,-9.999988079071044922e-01,9.999984502792358398e-01,9.999939203262329102e-01,-9.999994039535522461e-01,9.999991655349731445e-01,-9.999966025352478027e-01,9.999977350234985352e-01,-9.999992847442626953e-01,9.999597072601318359e-01,9.996564388275146484e-01,-9.999990463256835938e-01,-9.999980330467224121e-01,9.999828338623046875e-01,9.999987483024597168e-01,9.999955892562866211e-01,-9.999989867210388184e-01,9.999988079071044922e-01,-9.999987483024597168e-01,9.999987483024597168e-01,9.999774694442749023e-01,-9.999993443489074707e-01,9.999984502792358398e-01,-9.999992847442626953e-01,9.999988675117492676e-01,9.999961853027343750e-01,9.999985098838806152e-01,9.999992847442626953e-01,-9.999973177909851074e-01,-9.999988675117492676e-01,9.999983310699462891e-01,9.999909996986389160e-01,9.999967217445373535e-01,-9.999932646751403809e-01,9.999969601631164551e-01
9.999958872795104980e-01,-9.999966621398925781e-01,-9.999824762344360352e-01,9.999952316284179688e-01,9.999973177909851074e-01,-9.999969601631164551e-01,9.999898076057434082e-01,9.999975562095642090e-01,-9.999930262565612793e-01,9.999951720237731934e-01,-9.999968409538269043e-01,-9.999971985816955566e-01,9.999952912330627441e-01,9.999962449073791504e-01,9.999763965606689453e-01,9.999919533729553223e-01,9.999936819076538086e-01,-9.999963045120239258e-01,9.999836087226867676e-01,-9.999976754188537598e-01,-9.999974370002746582e-01,9.999809265136718750e-01,9.999963641166687012e-01,9.999957680702209473e-01,9.999724030494689941e-01,9.999973773956298828e-01,-9.999959468841552734e-01,-9.999972581863403320e-01,9.999703764915466309e-01,-9.999896883964538574e-01,-9.999819397926330566e-01,-9.999960064888000488e-01,9.999744892120361328e-01,9.999914169311523438e-01,-9.999942183494567871e-01,9.991347193717956543e-01,9.999974966049194336e-01,9.999964833259582520e-01,9.999803304672241211e-01,-9.999971985816955566e-01,9.999966621398925781e-01,-9.999843835830688477e-01,9.999473690986633301e-01,9.999971985816955566e-01,9.999959468841552734e-01,9.999957084655761719e-01,-9.999822974205017090e-01,9.999960064888000488e-01,9.999970197677612305e-01,-9.999963641166687012e-01,-9.999970197677612305e-01,-9.999956488609313965e-01,-9.999971985816955566e-01,-9.999819993972778320e-01,-9.999953508377075195e-01,-9.999955296516418457e-01,-9.999889731407165527e-01,9.999080300331115723e-01,9.999932646751403809e-01,9.999960660934448242e-01,-9.999960660934448242e-01,9.999973773956298828e-01,9.999960064888000488e-01,9.999885559082031250e-01,-9.999886751174926758e-01,-9.999971985816955566e-01,-9.999976158142089844e-01,-9.999899864196777344e-01,-9.999973177909851074e-01,9.999966025352478027e-01,-9.999969005584716797e-01,9.999949336051940918e-01,9.999808669090270996e-01,-9.999837279319763184e-01,-9.999343156814575195e-01,-9.999959468841552734e-01,9.999822378158569336e-01,9.999969601631164551e-01,-9.999862313270568848e-01,-9.999909400939941406e-01,9.998941421508789062e-01,9.999943375587463379e-01,-9.999971985816955566e-01,9.999945163726806641e-01,-9.999957680702209473e-01,-9.999728798866271973e-01,9.999557137489318848e-01,9.999973177909851074e-01,9.999556541442871094e-01,9.999018907546997070e-01,-9.999922513961791992e-01,9.999960064888000488e-01,-9.999541640281677246e-01,-9.999945759773254395e-01,9.999957084655761719e-01,-9.999949336051940918e-01,-9.999793767929077148e-01,9.999975562095642090e-01,-9.999970197677612305e-01,9.999887347221374512e-01,-9.999921321868896484e-01,9.999970197677612305e-01,-9.998639225959777832e-01,-9.988391995429992676e-01,9.999966025352478027e-01,9.999933838844299316e-01,-9.999418258666992188e-01,-9.999957680702209473e-01,-9.999849200248718262e-01,9.999962449073791504e-01,-9.999960660934448242e-01,9.999958872795104980e-01,-9.999957680702209473e-01,-9.999237060546875000e-01,9.999974966049194336e-01,-9.999946951866149902e-01,9.999973773956298828e-01,-9.999960064888000488e-01,-9.999873042106628418e-01,-9.999949932098388672e-01,-9.999970793724060059e-01,9.999909400939941406e-01,9.999959468841552734e-01,-9.999941587448120117e-01,-9.999696612358093262e-01,-9.999889135360717773e-01,9.999768137931823730e-01,-9.999898076057434082e-01
9.999989867210388184e-01,-9.999992251396179199e-01,-9.999957680702209473e-01,9.999988079071044922e-01,9.999994039535522461e-01,-9.999993443489074707e-01,9.999975562095642090e-01,9.999994635581970215e-01,-9.999982714653015137e-01,9.999988079071044922e-01,-9.999992847442626953e-01,-9.999992847442626953e-01,9.999988079071044922e-01,9.999991655349731445e-01,9.999944567680358887e-01,9.999980330467224121e-01,9.999984502792358398e-01,-9.999991655349731445e-01,9.999960660934448242e-01,-9.999994635581970215e-01,-9.999994039535522461e-01,9.999954700469970703e-01,9.999991655349731445e-01,9.999989271163940430e-01,9.999934434890747070e-01,9.999993443489074707e-01,-9.999990463256835938e-01,-9.999994039535522461e-01,9.999930858612060547e-01,-9.999974966049194336e-01,-9.999957084655761719e-01,-9.999991059303283691e-01,9.999939203262329102e-01,9.999979138374328613e-01,-9.999985694885253906e-01,9.997941851615905762e-01,9.999995231628417969e-01,9.999991059303283691e-01,9.999952316284179688e-01,-9.999993443489074707e-01,9.999992251396179199e-01,-9.999962449073791504e-01,9.999875426292419434e-01,9.999993443489074707e-01,9.999991059303283691e-01,9.999989271163940430e-01,-9.999957680702209473e-01,9.999991059303283691e-01,9.999993443489074707e-01,-9.999991655349731445e-01,-9.999994039535522461e-01,-9.999989271163940430e-01,-9.999993443489074707e-01,-9.999957084655761719e-01,-9.999988675117492676e-01,-9.999989271163940430e-01,-9.999973177909851074e-01,9.999781847000122070e-01,9.999982714653015137e-01,9.999991059303283691e-01,-9.999991059303283691e-01,9.999994039535522461e-01,9.999991059303283691e-01,9.999972581863403320e-01,-9.999971985816955566e-01,-9.999994039535522461e-01,-9.999994635581970215e-01,-9.999975562095642090e-01,-9.999994039535522461e-01,9.999992251396179199e-01,-9.999994039535522461e-01,9.999987483024597168e-01,9.999954700469970703e-01,-9.999960660934448242e-01,-9.999843835830688477e-01,-9.999990463256835938e-01,9.999958276748657227e-01,9.999992847442626953e-01,-9.999966621398925781e-01,-9.999977946281433105e-01,9.999748468399047852e-01,9.999986290931701660e-01,-9.999993443489074707e-01,9.999986290931701660e-01,-9.999989867210388184e-01,-9.999935626983642578e-01,9.999895095825195312e-01,9.999994039535522461e-01,9.999894499778747559e-01,9.999766349792480469e-01,-9.999981522560119629e-01,9.999991059303283691e-01,-9.999890327453613281e-01,-9.999986886978149414e-01,9.999990463256835938e-01,-9.999987483024597168e-01,-9.999950528144836426e-01,9.999994635581970215e-01,-9.999993443489074707e-01,9.999972581863403320e-01,-9.999980926513671875e-01,9.999994039535522461e-01,-9.999676346778869629e-01,-9.997237324714660645e-01,9.999992251396179199e-01,9.999983310699462891e-01,-9.999861717224121094e-01,-9.999990463256835938e-01,-9.999963641166687012e-01,9.999991655349731445e-01,-9.999991059303283691e-01,9.999990463256835938e-01,-9.999990463256835938e-01,-9.999818205833435059e-01,9.999994039535522461e-01,-9.999987483024597168e-01,9.999994039535522461e-01,-9.999989867210388184e-01,-9.999968409538269043e-01,-9.999988079071044922e-01,-9.999994039535522461e-01,9.999978542327880859e-01,9.999991059303283691e-01,-9.999985694885253906e-01,-9.999927878379821777e-01,-9.999973773956298828e-01,9.999945163726806641e-01,-9.999975562095642090e-01
-9.999971389770507812e-01,9.999976754188537598e-01,9.999881386756896973e-01,-9.999966621398925781e-01,-9.999981522560119629e-01,9.999979734420776367e-01,-9.999930262565612793e-01,-9.999982714653015137e-01,9.999952912330627441e-01,-9.999966621398925781e-01,9.999977350234985352e-01,9.999980330467224121e-01,-9.999967217445373535e-01,-9.999973773956298828e-01,-9.999839663505554199e-01,-9.999944567680358887e-01,-9.999956488609313965e-01,9.999974966049194336e-01,-9.999888539314270020e-01,9.999984502792358398e-01,9.999982714653015137e-01,-9.999870657920837402e-01,-9.999974370002746582e-01,-9.999970197677612305e-01,-9.999812841415405273e-01,-9.999982118606567383e-01,9.999971985816955566e-01,9.999980330467224121e-01,-9.999799132347106934e-01,9.999929070472717285e-01,9.999877810478210449e-01,9.999972581863403320e-01,-9.999826550483703613e-01,-9.999940991401672363e-01,9.999959468841552734e-01,-9.994133114814758301e-01,-9.999983310699462891e-01,-9.999976158142089844e-01,-9.999865889549255371e-01,9.999980926513671875e-01,-9.999977350234985352e-01,9.999893307685852051e-01,-9.999642968177795410e-01,-9.999980926513671875e-01,-9.999971985816955566e-01,-9.999970197677612305e-01,9.999879002571105957e-01,-9.999973177909851074e-01,-9.999979734420776367e-01,9.999974966049194336e-01,9.999979138374328613e-01,9.999970197677612305e-01,9.999979734420776367e-01,9.999877810478210449e-01,9.999967217445373535e-01,9.999968409538269043e-01,9.999925494194030762e-01,-9.999375939369201660e-01,-9.999953508377075195e-01,-9.999973177909851074e-01,9.999972581863403320e-01,-9.999982118606567383e-01,-9.999971985816955566e-01,-9.999922513961791992e-01,9.999923110008239746e-01,9.999980330467224121e-01,9.999983906745910645e-01,9.999932050704956055e-01,9.999982118606567383e-01,-9.999976754188537598e-01,9.999979138374328613e-01,-9.999964237213134766e-01,-9.999870657920837402e-01,9.999889731407165527e-01,9.999554753303527832e-01,9.999971389770507812e-01,-9.999879598617553711e-01,-9.999978542327880859e-01,9.999907016754150391e-01,9.999938607215881348e-01,-9.999282360076904297e-01,-9.999960064888000488e-01,9.999980330467224121e-01,-9.999962449073791504e-01,9.999970793724060059e-01,9.999816417694091797e-01,-9.999700188636779785e-01,-9.999982118606567383e-01,-9.999700188636779785e-01,-9.999334812164306641e-01,9.999946355819702148e-01,-9.999972581863403320e-01,9.999688863754272461e-01,9.999962449073791504e-01,-9.999969601631164551e-01,9.999964833259582520e-01,9.999859333038330078e-01,-9.999982714653015137e-01,9.999979734420776367e-01,-9.999923706054687500e-01,9.999945759773254395e-01,-9.999980926513671875e-01,9.999076724052429199e-01,9.992128014564514160e-01,-9.999976158142089844e-01,-9.999954700469970703e-01,9.999604821205139160e-01,9.999970793724060059e-01,9.999896883964538574e-01,-9.999974966049194336e-01,9.999973177909851074e-01,-9.999970793724060059e-01,9.999970793724060059e-01,9.999482035636901855e-01,-9.999983310699462891e-01,9.999963045120239258e-01,-9.999980926513671875e-01,9.999971985816955566e-01,9.999913573265075684e-01,9.999965429306030273e-01,9.999979734420776367e-01,-9.999938011169433594e-01,-9.999972581863403320e-01,9.999960064888000488e-01,9.999794363975524902e-01,9.999924302101135254e-01,-9.999842643737792969e-01,9.999930858612060547e-01
9.999979138374328613e-01,-9.999983906745910645e-01,-9.999915957450866699e-01,9.999976754188537598e-01,9.999986886978149414e-01,-9.999985694885253906e-01,9.999951720237731934e-01,9.999988079071044922e-01,-9.999966621398925781e-01,9.999976754188537598e-01,-9.999983906745910645e-01,-9.999986290931701660e-01,9.999977350234985352e-01,9.999982118606567383e-01,9.999886751174926758e-01,9.999960660934448242e-01,9.999969005584716797e-01,-9.999983310699462891e-01,9.999921321868896484e-01,-9.999988675117492676e-01,-9.999988079071044922e-01,9.999908804893493652e-01,9.999982714653015137e-01,9.999979138374328613e-01,9.999867677688598633e-01,9.999986886978149414e-01,-9.999981522560119629e-01,-9.999986886978149414e-01,9.999858140945434570e-01,-9.999950528144836426e-01,-9.999914169311523438e-01,-9.999979734420776367e-01,9.999877810478210449e-01,9.999958872795104980e-01,-9.999971985816955566e-01,9.995854496955871582e-01,9.999988675117492676e-01,9.999983310699462891e-01,9.999905228614807129e-01,-9.999987483024597168e-01,9.999983906745910645e-01,-9.999925494194030762e-01,9.999748468399047852e-01,9.999987483024597168e-01,9.999980330467224121e-01,9.999979734420776367e-01,-9.999915361404418945e-01,9.999981522560119629e-01,9.999985694885253906e-01,-9.999982714653015137e-01,-9.999986290931701660e-01,-9.999978542327880859e-01,-9.999986290931701660e-01,-9.999914169311523438e-01,-9.999977350234985352e-01,-9.999977350234985352e-01,-9.999947547912597656e-01,9.999560117721557617e-01,9.999967217445373535e-01,9.999980926513671875e-01,-9.999980926513671875e-01,9.999987483024597168e-01,9.999980926513671875e-01,9.999945759773254395e-01,-9.999945759773254395e-01,-9.999986886978149414e-01,-9.999988675117492676e-01,-9.999951720237731934e-01,-9.999988079071044922e-01,9.999983906745910645e-01,-9.999985098838806152e-01,9.999974966049194336e-01,9.999908208847045898e-01,-9.999921917915344238e-01,-9.999685883522033691e-01,-9.999979734420776367e-01,9.999915361404418945e-01,9.999985098838806152e-01,-9.999933838844299316e-01,-9.999956488609313965e-01,9.999492764472961426e-01,9.999972581863403320e-01,-9.999986290931701660e-01,9.999973773956298828e-01,-9.999979138374328613e-01,-9.999870061874389648e-01,9.999788403511047363e-01,9.999988079071044922e-01,9.999787807464599609e-01,9.999529719352722168e-01,-9.999962449073791504e-01,9.999981522560119629e-01,-9.999780654907226562e-01,-9.999973177909851074e-01,9.999979138374328613e-01,-9.999974966049194336e-01,-9.999901056289672852e-01,9.999988675117492676e-01,-9.999985694885253906e-01,9.999946355819702148e-01,-9.999961853027343750e-01,9.999986886978149414e-01,-9.999347925186157227e-01,-9.994437694549560547e-01,9.999983906745910645e-01,9.999967813491821289e-01,-9.999721646308898926e-01,-9.999979734420776367e-01,-9.999927878379821777e-01,9.999982118606567383e-01,-9.999980926513671875e-01,9.999979734420776367e-01,-9.999979734420776367e-01,-9.999634623527526855e-01,9.999988079071044922e-01,-9.999974966049194336e-01,9.999987483024597168e-01,-9.999980926513671875e-01,-9.999939203262329102e-01,-9.999976158142089844e-01,-9.999985694885253906e-01,9.999956488609313965e-01,9.999980330467224121e-01,-9.999971389770507812e-01,-9.999854564666748047e-01,-9.999947547912597656e-01,9.999889135360717773e-01,-9.999951124191284180e-01
-9.999986290931701660e-01,9.999988675117492676e-01,9.999945759773254395e-01,-9.999984502792358398e-01,-9.999991059303283691e-01,9.999991059303283691e-01,-9.999968409538269043e-01,-9.999992847442626953e-01,9.999977350234985352e-01,-9.999983906745910645e-01,9.999989271163940430e-01,9.999991059303283691e-01,-9.999984502792358398e-01,-9.999987483024597168e-01,-9.999926090240478516e-01,-9.999973773956298828e-01,-9.999978542327880859e-01,9.999988675117492676e-01,-9.999948143959045410e-01,9.999993443489074707e-01,9.999992251396179199e-01,-9.999939799308776855e-01,-9.999988079071044922e-01,-9.999986290931701660e-01,-9.999913573265075684e-01,-9.999991655349731445e-01,9.999986290931701660e-01,9.999992251396179199e-01,-9.999907612800598145e-01,9.999966621398925781e-01,9.999943971633911133e-01,9.999986886978149414e-01,-9.999920725822448730e-01,-9.999972581863403320e-01,9.999980926513671875e-01,-9.997305870056152344e-01,-9.999992847442626953e-01,-9.999988675117492676e-01,-9.999938011169433594e-01,9.999991655349731445e-01,-9.999989271163940430e-01,9.999951720237731934e-01,-9.999836087226867676e-01,-9.999991655349731445e-01,-9.999987483024597168e-01,-9.999985694885253906e-01,9.999943971633911133e-01,-9.999987483024597168e-01,-9.999991059303283691e-01,9.999988675117492676e-01,9.999991059303283691e-01,9.999985694885253906e-01,9.999991655349731445e-01,9.999943971633911133e-01,9.999985098838806152e-01,9.999985098838806152e-01,9.999965429306030273e-01,-9.999714493751525879e-01,-9.999977946281433105e-01,-9.999986886978149414e-01,9.999987483024597168e-01,-9.999992251396179199e-01,-9.999986886978149414e-01,-9.999963641166687012e-01,9.999964237213134766e-01,9.999991655349731445e-01,9.999992251396179199e-01,9.999968409538269043e-01,9.999992251396179199e-01,-9.999989271163940430e-01,9.999991059303283691e-01,-9.999983906745910645e-01,-9.999939799308776855e-01,9.999949336051940918e-01,9.999796152114868164e-01,9.999986886978149414e-01,-9.999944567680358887e-01,-9.999991059303283691e-01,9.999956488609313965e-01,9.999971389770507812e-01,-9.999670386314392090e-01,-9.999982118606567383e-01,9.999991655349731445e-01,-9.999982714653015137e-01,9.999985694885253906e-01,9.999914765357971191e-01,-9.999862313270568848e-01,-9.999992251396179199e-01,-9.999862313270568848e-01,-9.999694228172302246e-01,9.999975562095642090e-01,-9.999987483024597168e-01,9.999857544898986816e-01,9.999982714653015137e-01,-9.999985694885253906e-01,9.999983906745910645e-01,9.999935030937194824e-01,-9.999992847442626953e-01,9.999991059303283691e-01,-9.999964237213134766e-01,9.999974370002746582e-01,-9.999991059303283691e-01,9.999576210975646973e-01,9.996385574340820312e-01,-9.999988675117492676e-01,-9.999979138374328613e-01,9.999818801879882812e-01,9.999986290931701660e-01,9.999952316284179688e-01,-9.999988675117492676e-01,9.999987483024597168e-01,-9.999986886978149414e-01,9.999986290931701660e-01,9.999762177467346191e-01,-9.999992847442626953e-01,9.999983310699462891e-01,-9.999992251396179199e-01,9.999987483024597168e-01,9.999958872795104980e-01,9.999983906745910645e-01,9.999991059303283691e-01,-9.999970793724060059e-01,-9.999987483024597168e-01,9.999980330467224121e-01,9.999904632568359375e-01,9.999964833259582520e-01,-9.999926686286926270e-01,9.999966621398925781e-01
-9.999988079071044922e-01,9.999990463256835938e-01,9.999952316284179688e-01,-9.999986290931701660e-01,-9.999992251396179199e-01,9.999992251396179199e-01,-9.999971985816955566e-01,-9.999992847442626953e-01,9.999980330467224121e-01,-9.999986290931701660e-01,9.999991059303283691e-01,9.999992251396179199e-01,-9.999985694885253906e-01,-9.999990463256835938e-01,-9.999936819076538086e-01,-9.999977350234985352e-01,-9.999981522560119629e-01,9.999989271163940430e-01,-9.999955296516418457e-01,9.999994039535522461e-01,9.999993443489074707e-01,-9.999947547912597656e-01,-9.999989867210388184e-01,-9.999987483024597168e-01,-9.999926090240478516e-01,-9.999992251396179199e-01,9.999988675117492676e-01,9.999992847442626953e-01,-9.999919533729553223e-01,9.999971985816955566e-01,9.999951124191284180e-01,9.999988675117492676e-01,-9.999932050704956055e-01,-9.999976158142089844e-01,9.999983906745910645e-01,-9.997687935829162598e-01,-9.999994039535522461e-01,-9.999989867210388184e-01,-9.999946951866149902e-01,9.999992847442626953e-01,-9.999990463256835938e-01,9.999957680702209473e-01,-9.999859929084777832e-01,-9.999992847442626953e-01,-9.999989271163940430e-01,-9.999987483024597168e-01,9.999952316284179688e-01,-9.999988675117492676e-01,-9.999992251396179199e-01,9.999989867210388184e-01,9.999993443489074707e-01,9.999987483024597168e-01,9.999992251396179199e-01,9.999951720237731934e-01,9.999987483024597168e-01,9.999986886978149414e-01,9.999970197677612305e-01,-9.999754428863525391e-01,-9.999980926513671875e-01,-9.999989271163940430e-01,9.999989271163940430e-01,-9.999993443489074707e-01,-9.999988675117492676e-01,-9.999969005584716797e-01,9.999969005584716797e-01,9.999992847442626953e-01,9.999993443489074707e-01,9.999971985816955566e-01,9.999993443489074707e-01,-9.999990463256835938e-01,9.999992251396179199e-01,-9.999986290931701660e-01,-9.999948143959045410e-01,9.999955892562866211e-01,9.999824762344360352e-01,9.999988675117492676e-01,-9.999952316284179688e-01,-9.999992251396179199e-01,9.999961853027343750e-01,9.999974966049194336e-01,-9.999718070030212402e-01,-9.999983906745910645e-01,9.999992847442626953e-01,-9.999984502792358398e-01,9.999988675117492676e-01,9.999926686286926270e-01,-9.999880790710449219e-01,-9.999993443489074707e-01,-9.999881982803344727e-01,-9.999737739562988281e-01,9.999978542327880859e-01,-9.999989271163940430e-01,9.999877810478210449e-01,9.999985098838806152e-01,-9.999988079071044922e-01,9.999986290931701660e-01,9.999944567680358887e-01,-9.999993443489074707e-01,9.999991655349731445e-01,-9.999969601631164551e-01,9.999977946281433105e-01,-9.999992847442626953e-01,9.999635815620422363e-01,9.996897578239440918e-01,-9.999990463256835938e-01,-9.999980926513671875e-01,9.999845027923583984e-01,9.999987483024597168e-01,9.999958872795104980e-01,-9.999989271163940430e-01,9.999988675117492676e-01,-9.999988079071044922e-01,9.999988079071044922e-01,9.999796152114868164e-01,-9.999992847442626953e-01,9.999985098838806152e-01,-9.999992847442626953e-01,9.999988675117492676e-01,9.999964833259582520e-01,9.999985694885253906e-01,9.999992251396179199e-01,-9.999974966049194336e-01,-9.999989271163940430e-01,9.999983310699462891e-01,9.999918341636657715e-01,9.999969005584716797e-01,-9.999937415122985840e-01,9.999971389770507812e-01
