6.208562254905700684e-01,3.644717484712600708e-02,-2.654828131198883057e-01,2.013411521911621094e-01,2.066951245069503784e-01,2.171209268271923065e-02,-2.362672053277492523e-02,5.772907733917236328e-01,3.358776494860649109e-02,3.041070699691772461e-02,-3.564906865358352661e-02,-7.721649855375289917e-02,4.136699736118316650e-01,5.703698396682739258e-01,4.120000600814819336e-01,1.305260807275772095e-01,-1.509502995759248734e-02,2.364459484815597534e-01,1.705152690410614014e-01,4.517147317528724670e-02,-2.379826009273529053e-01,1.471398621797561646e-01,3.097706437110900879e-01,-1.851233690977096558e-01,6.282783579081296921e-03,-1.127430796623229980e-01,-1.684333980083465576e-01,-2.426080852746963501e-01,-1.102167926728725433e-02,-4.135296642780303955e-01,-9.055801481008529663e-02,-2.333680838346481323e-01,2.159892022609710693e-01,6.291545927524566650e-02,-2.072452940046787262e-02,-3.607644736766815186e-01,-8.506321348249912262e-03,3.082004748284816742e-02,-2.579661011695861816e-01,-5.573244094848632812e-01,1.744873821735382080e-01,1.192431300878524780e-01,1.113637834787368774e-01,4.829100891947746277e-02,5.119103193283081055e-01,-4.839717447757720947e-01,-2.843802273273468018e-01,-1.033233925700187683e-01,-5.772802978754043579e-02,4.502401500940322876e-02,1.764030158519744873e-01,2.375205233693122864e-02,2.249538600444793701e-01,-2.764593362808227539e-01,2.505168132483959198e-02,-2.961644232273101807e-01,7.464739680290222168e-02,4.079449176788330078e-02,-1.031413897871971130e-01,-1.016680598258972168e-01,-7.977806031703948975e-02,1.214333772659301758e-01,4.150082543492317200e-02,-1.485420465469360352e-01,-8.464954793453216553e-02,1.699180714786052704e-02,1.374600827693939209e-01,3.361767828464508057e-01,-2.712308764457702637e-01,-5.010928958654403687e-02,-3.547702133655548096e-01,-4.467284083366394043e-01,-5.190913751721382141e-02,1.482265293598175049e-01,-1.679912358522415161e-01,-2.771293520927429199e-01,-1.522097084671258926e-02,2.413304299116134644e-01,-4.237956702709197998e-01,-3.691107034683227539e-01,1.584061682224273682e-01,1.262967102229595184e-02,-2.718164920806884766e-01,2.510255575180053711e-02,-2.483714371919631958e-01,5.247525498270988464e-02,1.508707851171493530e-01,1.201839838176965714e-02,5.624331161379814148e-02,-1.502318773418664932e-02,-4.012133181095123291e-02,-1.892263889312744141e-01,-1.990053653717041016e-01,3.261900320649147034e-02,-1.785103417932987213e-02,-1.447160243988037109e-01,3.824094533920288086e-01,-2.870347816497087479e-03,-2.430295795202255249e-01,3.802543282508850098e-01,4.087207838892936707e-02,9.692021459341049194e-02,-1.531644165515899658e-01,-1.827243715524673462e-02,1.374947726726531982e-01,1.923352628946304321e-01,-6.093619763851165771e-02,-8.719729632139205933e-02,-8.221536874771118164e-02,4.506285185925662518e-04,4.719194769859313965e-01,2.107899636030197144e-03,-1.043312177062034607e-01,-4.006100594997406006e-01,3.276281952857971191e-01,-2.135031968355178833e-01,3.587351143360137939e-01,-1.081143915653228760e-01,-5.836822390556335449e-01,3.480106219649314880e-02,-9.097577631473541260e-02,3.928734958171844482e-01,2.111952900886535645e-01,-5.671954527497291565e-02,5.780207365751266479e-02,-1.457179486751556396e-01,-1.456587668508291245e-02,3.080009818077087402e-01
3.644717484712600708e-02,2.321638911962509155e-02,-1.149243935942649841e-01,1.398679148405790329e-02,4.617058485746383667e-02,-1.789413392543792725e-02,-2.607342228293418884e-02,1.479788590222597122e-02,7.361861877143383026e-03,1.060239505022764206e-02,3.232147172093391418e-02,-1.395224966108798981e-02,7.767464965581893921e-02,-2.188824675977230072e-02,7.735012471675872803e-02,4.316211119294166565e-02,-1.909334212541580200e-03,1.051260232925415039e-01,-8.027320727705955505e-03,-4.498961940407752991e-02,5.712803825736045837e-02,9.201829880475997925e-02,4.790567234158515930e-02,7.109580934047698975e-02,1.350250188261270523e-02,1.206191629171371460e-01,-1.123126372694969177e-01,-9.588620811700820923e-02,8.019348978996276855e-02,-4.075392335653305054e-02,9.051134809851646423e-03,-8.869398385286331177e-02,6.025979295372962952e-02,4.443171247839927673e-02,8.680622093379497528e-03,-7.863660901784896851e-02,-8.774588815867900848e-03,1.315480377525091171e-02,-5.680406000465154648e-03,-9.268769621849060059e-02,1.073367670178413391e-01,-2.809297107160091400e-02,1.225326061248779297e-01,1.017102599143981934e-02,-8.277581073343753815e-03,-2.339929714798927307e-02,-8.052696287631988525e-02,-1.411331538110971451e-02,-3.087043203413486481e-02,6.314393598586320877e-03,1.935068517923355103e-02,-1.458103209733963013e-02,5.917607620358467102e-02,-7.403888273984193802e-03,-2.164393849670886993e-02,-8.614536374807357788e-02,8.277977816760540009e-03,6.439947988837957382e-03,-7.127572596073150635e-02,-2.495457977056503296e-02,1.007500942796468735e-02,-5.416474305093288422e-03,6.046426948159933090e-03,-4.918983322568237782e-04,-2.842987515032291412e-02,-1.691796071827411652e-02,3.810326009988784790e-02,1.247359663248062134e-01,-1.122494116425514221e-01,5.382292903959751129e-03,-4.482983052730560303e-02,-3.107245080173015594e-03,-1.758912205696105957e-02,6.722941249608993530e-02,-5.398703739047050476e-02,-9.828794002532958984e-02,-7.272185757756233215e-03,8.571825176477432251e-02,1.212764251977205276e-02,-5.531563982367515564e-02,7.083553820848464966e-02,2.902747131884098053e-03,-9.393204003572463989e-02,5.917075090110301971e-03,-7.737492024898529053e-02,-8.617534488439559937e-02,8.007118105888366699e-02,1.187167037278413773e-02,5.409246310591697693e-02,-1.058293599635362625e-02,-2.908214554190635681e-02,-2.343591675162315369e-02,-5.767025798559188843e-02,2.793368510901927948e-02,-4.624943062663078308e-02,-8.941929787397384644e-03,7.324276864528656006e-02,-7.270129281096160412e-04,-5.245417729020118713e-02,2.322234772145748138e-02,7.923784665763378143e-03,6.721183191984891891e-03,-4.298158735036849976e-02,-2.892063697800040245e-03,9.120053052902221680e-02,-1.616446301341056824e-02,-1.891964673995971680e-02,-4.913560301065444946e-02,-4.638333991169929504e-02,-1.815621182322502136e-02,1.265547703951597214e-02,3.288999898359179497e-03,-5.385564267635345459e-02,-5.421916767954826355e-02,1.258899420499801636e-01,-1.096646487712860107e-01,8.716372400522232056e-02,2.566014230251312256e-02,-5.827931314706802368e-02,1.342946384102106094e-02,7.396571338176727295e-02,6.767654418945312500e-02,8.367154002189636230e-02,-5.177563428878784180e-02,-8.116544038057327271e-02,-2.654071152210235596e-02,2.779276808723807335e-03,5.949092656373977661e-02
-2.654828131198883057e-01,-1.149243935942649841e-01,7.865958213806152344e-01,-2.443048506975173950e-01,-1.376536488533020020e-01,-4.352407902479171753e-02,1.119494289159774780e-01,-1.643610000610351562e-01,2.180156670510768890e-02,-9.269876778125762939e-02,-2.356114685535430908e-01,1.393060088157653809e-01,-4.637520313262939453e-01,8.841568976640701294e-02,-4.568509757518768311e-01,-2.451932132244110107e-01,-2.277606166899204254e-02,-6.756939291954040527e-01,8.393654227256774902e-02,3.205374479293823242e-01,-4.357723295688629150e-01,-6.625900864601135254e-01,-5.121928453445434570e-01,-2.080144286155700684e-01,-9.923603385686874390e-02,-6.803754568099975586e-01,7.064153552055358887e-01,4.389142096042633057e-01,-6.418888568878173828e-01,3.895445168018341064e-01,-1.203109547495841980e-01,6.730799078941345215e-01,-4.867246150970458984e-01,-4.079333543777465820e-01,-3.624271228909492493e-02,6.116088032722473145e-01,4.653940722346305847e-02,-9.756108373403549194e-02,1.202790513634681702e-01,6.720611453056335449e-01,-6.795316934585571289e-01,1.828651428222656250e-01,-7.129943370819091797e-01,-8.057718724012374878e-02,-1.011778861284255981e-01,3.602038025856018066e-01,5.325490236282348633e-01,1.179679557681083679e-01,1.858232170343399048e-01,1.105874180793762207e-01,-2.082015424966812134e-01,1.351106315851211548e-01,-4.194413125514984131e-01,2.067525535821914673e-01,6.704164296388626099e-02,6.325706243515014648e-01,-9.145645797252655029e-02,-5.418215692043304443e-02,3.454266190528869629e-01,2.411153614521026611e-01,4.884493723511695862e-02,-7.830601930618286133e-02,-5.372018739581108093e-02,-9.222873300313949585e-02,1.503599435091018677e-01,1.188001260161399841e-01,-2.131215929985046387e-01,-7.671259045600891113e-01,7.465390563011169434e-01,9.753638505935668945e-02,4.557484388351440430e-01,1.620468348264694214e-01,1.516072899103164673e-01,-5.599806904792785645e-01,3.752701282501220703e-01,6.057407259941101074e-01,3.847552835941314697e-02,-7.176119685173034668e-01,5.495540425181388855e-02,5.060853958129882812e-01,-6.651872396469116211e-01,-2.735576033592224121e-02,5.179051160812377930e-01,-3.569728881120681763e-02,6.076859235763549805e-01,3.750647008419036865e-01,-4.818704128265380859e-01,-8.037311583757400513e-02,-2.989074885845184326e-01,2.552254498004913330e-02,1.850585490465164185e-01,2.227398306131362915e-01,5.382331609725952148e-01,-2.277715057134628296e-01,3.684248626232147217e-01,9.873387962579727173e-02,-4.592953324317932129e-01,6.280639208853244781e-03,3.647942245006561279e-01,-2.563838958740234375e-01,-2.003128081560134888e-02,-1.204545125365257263e-01,4.025494754314422607e-01,2.039404585957527161e-02,-7.325900197029113770e-01,-1.060166582465171814e-01,3.339187502861022949e-01,3.758545815944671631e-01,2.602103948593139648e-01,1.343949586153030396e-01,-2.856542170047760010e-01,2.158614546060562134e-01,4.430147409439086914e-01,1.642454564571380615e-01,-7.763936519622802734e-01,6.799677014350891113e-01,-4.978146553039550781e-01,-3.474453091621398926e-01,5.452092885971069336e-01,-1.230033487081527710e-01,-6.175722479820251465e-01,-5.475987195968627930e-01,-6.094828248023986816e-01,2.755728363990783691e-01,6.124650835990905762e-01,2.618282437324523926e-01,-7.605560123920440674e-02,-5.163452625274658203e-01
2.013411521911621094e-01,1.398679148405790329e-02,-2.443048506975173950e-01,2.591246068477630615e-01,-1.028336025774478912e-02,1.060899794101715088e-01,-2.510362118482589722e-02,1.922233253717422485e-01,-2.702875249087810516e-02,3.487443551421165466e-02,-4.412218555808067322e-02,-5.624078959226608276e-02,1.799749732017517090e-01,6.726299971342086792e-02,1.193612888455390930e-01,3.038295730948448181e-02,1.325789000838994980e-02,2.628822326660156250e-01,-2.621924504637718201e-02,-1.087130163796246052e-03,-5.486308038234710693e-02,1.892082095146179199e-01,2.125982642173767090e-01,-1.537207812070846558e-01,5.391664057970046997e-02,1.193296536803245544e-01,-1.450940370559692383e-01,-1.283320318907499313e-02,1.198252812027931213e-01,-1.284763664007186890e-01,2.225231751799583435e-02,-2.831460237503051758e-01,2.855453789234161377e-01,2.728133462369441986e-02,1.410712860524654388e-02,-2.265400588512420654e-01,9.635169990360736847e-03,2.828972414135932922e-02,-3.485056385397911072e-02,-3.958840370178222656e-01,2.073983848094940186e-01,-2.313141711056232452e-03,1.533814072608947754e-01,2.659606747329235077e-02,1.231492161750793457e-01,-1.393010914325714111e-01,-8.235379308462142944e-02,-9.296396374702453613e-02,-3.547650203108787537e-02,3.178041893988847733e-03,7.922910153865814209e-02,3.786661103367805481e-02,2.549515962600708008e-01,-2.564338147640228271e-01,9.229595959186553955e-02,-2.068803757429122925e-01,1.374785602092742920e-02,1.079731620848178864e-02,-1.787862740457057953e-02,-1.186726689338684082e-01,-1.754508167505264282e-01,1.316264718770980835e-01,2.829962037503719330e-02,4.968199133872985840e-02,-6.535641103982925415e-02,-3.816648945212364197e-02,2.923098765313625336e-02,2.583670318126678467e-01,-2.156663089990615845e-01,-1.533125936985015869e-01,-2.376194298267364502e-01,-1.733235083520412445e-02,-7.340962439775466919e-02,1.442527025938034058e-01,-1.416357606649398804e-01,-2.374648302793502808e-01,5.970927421003580093e-03,2.107503563165664673e-01,-2.870995402336120605e-01,-2.738488912582397461e-01,3.706546127796173096e-01,9.813880547881126404e-03,-4.327464103698730469e-02,2.009512111544609070e-02,-2.942468225955963135e-01,1.380922943353652954e-01,-1.376043818891048431e-02,1.488046441227197647e-02,-1.357239577919244766e-02,1.131046214140951633e-03,-2.665315382182598114e-02,-1.590965539216995239e-01,-2.946807444095611572e-01,9.050352871417999268e-02,-1.453601270914077759e-01,-1.136978045105934143e-01,1.001153811812400818e-01,-2.440792741253972054e-03,-7.055803388357162476e-02,2.593640387058258057e-01,3.129602223634719849e-02,3.182988613843917847e-02,-1.731944084167480469e-01,-8.048718795180320740e-03,3.097051978111267090e-01,2.249068617820739746e-01,-3.152481615543365479e-01,-1.211715117096900940e-01,2.073177695274353027e-02,-2.872511744499206543e-02,3.126055002212524414e-01,-1.444966644048690796e-01,-1.499011516571044922e-01,-1.646251976490020752e-02,2.358320057392120361e-01,-1.775796562433242798e-01,1.250550448894500732e-01,1.133596152067184448e-01,-2.842119932174682617e-01,7.808875292539596558e-02,1.327761411666870117e-01,1.771225631237030029e-01,1.969337016344070435e-01,-3.786030411720275879e-02,-1.163257956504821777e-01,-1.128858178853988647e-01,3.011632524430751801e-02,2.609205543994903564e-01
2.066951245069503784e-01,4.617058485746383667e-02,-1.376536488533020020e-01,-1.028336025774478912e-02,2.738732695579528809e-01,-4.313848540186882019e-02,-1.074877381324768066e-02,1.777647137641906738e-01,1.933787390589714050e-02,3.448856761679053307e-03,1.164441555738449097e-02,-3.671566722914576530e-03,1.735432744026184082e-01,1.420645862817764282e-01,2.450062185525894165e-01,1.080894246697425842e-01,-3.572750836610794067e-02,1.165525391697883606e-01,6.491174548864364624e-02,-3.828580677509307861e-02,-1.612928882241249084e-02,9.891670942306518555e-02,5.024848971515893936e-03,2.023835778236389160e-01,-1.515740063041448593e-02,2.667948976159095764e-02,-1.520479768514633179e-01,-3.109047412872314453e-01,6.194081529974937439e-02,-2.042201757431030273e-01,-6.307711452245712280e-02,-2.340655773878097534e-03,1.856862567365169525e-02,-1.024458557367324829e-02,9.039227850735187531e-03,-8.543843030929565430e-02,-2.736395783722400665e-02,1.431612577289342880e-02,-1.311023831367492676e-01,-1.795211136341094971e-01,1.252515912055969238e-01,3.313178569078445435e-02,1.672778874635696411e-01,2.236996591091156006e-02,9.749620407819747925e-02,-6.856224685907363892e-02,-2.458645254373550415e-01,-3.276143968105316162e-02,-4.814226552844047546e-02,1.131201535463333130e-01,4.804907739162445068e-02,-3.714321553707122803e-02,6.185115501284599304e-02,3.455456718802452087e-02,-8.572819083929061890e-02,-1.372487843036651611e-01,1.866401545703411102e-02,1.559726055711507797e-02,-1.916037350893020630e-01,6.777564994990825653e-03,8.848322927951812744e-02,-4.919628798961639404e-02,8.779783733189105988e-03,-1.012860015034675598e-01,-7.353507727384567261e-02,1.636095531284809113e-02,1.280289143323898315e-01,1.985263824462890625e-01,-8.623275160789489746e-02,1.241553202271461487e-01,-7.804877310991287231e-02,-1.543913334608078003e-01,5.728697776794433594e-02,2.868987992405891418e-02,-7.027176022529602051e-02,-2.440797388553619385e-01,-2.255878038704395294e-02,3.615062311291694641e-02,-2.666002698242664337e-02,-7.414930313825607300e-02,-5.622420832514762878e-02,7.466271053999662399e-04,-3.038129210472106934e-01,1.014770474284887314e-02,-9.510349482297897339e-02,-2.230935990810394287e-01,2.357005774974822998e-01,1.069831009954214096e-02,9.309538453817367554e-02,-4.062381759285926819e-02,-8.094741404056549072e-02,-1.303384080529212952e-02,8.000936359167098999e-02,-6.491629779338836670e-02,1.229332294315099716e-02,-3.495324030518531799e-02,3.043256402015686035e-01,-5.510866758413612843e-04,-1.083700805902481079e-01,7.941446453332901001e-02,1.942525431513786316e-02,1.965072751045227051e-02,2.687555178999900818e-02,-1.294615212827920914e-02,-2.069308795034885406e-02,-2.132622152566909790e-02,1.377675980329513550e-01,-3.433296456933021545e-02,-1.546348929405212402e-01,3.523531137034296989e-03,-9.328621625900268555e-02,1.395142376422882080e-01,2.439900301396846771e-02,-2.956446409225463867e-01,2.360425442457199097e-01,-1.773468405008316040e-01,2.711586952209472656e-01,-1.351029574871063232e-01,-1.282653510570526123e-01,-1.494749076664447784e-02,-4.278062283992767334e-02,1.122737377882003784e-01,7.285366952419281006e-02,-8.399780839681625366e-02,3.154455870389938354e-02,-2.896508015692234039e-02,-4.511689767241477966e-02,1.002956628799438477e-01
2.171209268271923065e-02,-1.789413392543792725e-02,-4.352407902479171753e-02,1.060899794101715088e-01,-4.313848540186882019e-02,2.059359103441238403e-01,8.929338306188583374e-03,7.392517477273941040e-02,-8.377490937709808350e-02,-9.128128178417682648e-03,-3.111202642321586609e-02,-3.318651579320430756e-03,-2.891658991575241089e-02,1.433083508163690567e-02,-3.703342750668525696e-02,-3.473685681819915771e-02,-4.274362232536077499e-03,-7.285383995622396469e-03,-2.102020755410194397e-02,-1.083212438970804214e-02,1.363797392696142197e-02,2.205925807356834412e-02,9.200031310319900513e-02,-8.341861516237258911e-02,6.479552830569446087e-04,-8.804219216108322144e-02,2.689165621995925903e-02,3.493186086416244507e-02,7.279653102159500122e-02,-8.728750050067901611e-02,3.549593687057495117e-02,9.131264872848987579e-03,7.264317013323307037e-03,1.891956478357315063e-02,-7.864757440984249115e-03,-2.379034413024783134e-03,1.485832501202821732e-02,-5.276794079691171646e-03,-9.842155501246452332e-03,-8.509731292724609375e-02,-4.754177480936050415e-02,-9.248230489902198315e-04,3.815835714340209961e-02,8.000028319656848907e-03,5.643701925873756409e-02,1.268589869141578674e-02,1.320701185613870621e-02,-3.372185677289962769e-02,-2.380370534956455231e-02,-2.401449903845787048e-02,1.087757125496864319e-01,-2.409948222339153290e-02,4.004269465804100037e-02,-1.734897494316101074e-01,1.036752481013536453e-02,-4.289659485220909119e-02,7.499543949961662292e-03,-4.508232232183218002e-04,6.701908260583877563e-02,-1.100842282176017761e-02,-3.374671563506126404e-02,2.698540128767490387e-02,4.007773473858833313e-03,-3.934722393751144409e-02,-1.860567368566989899e-02,1.449067145586013794e-02,-1.356552820652723312e-02,1.453152857720851898e-03,2.947611920535564423e-02,-3.581005334854125977e-02,-3.919179365038871765e-02,-8.353722095489501953e-02,3.036901541054248810e-02,-3.880500048398971558e-02,1.295032724738121033e-02,-2.909225784242153168e-02,1.258577965199947357e-02,7.379128597676753998e-03,-8.013173937797546387e-02,-6.265322118997573853e-02,1.024757325649261475e-01,6.653036107309162617e-04,2.825490012764930725e-02,-5.557901225984096527e-03,-3.104109875857830048e-02,1.795884966850280762e-01,-1.744837313890457153e-02,-2.430915134027600288e-03,-1.358801722526550293e-01,9.074015542864799500e-03,5.019855685532093048e-03,-2.084832265973091125e-02,-1.645516790449619293e-02,-1.694216765463352203e-02,8.688383735716342926e-03,-8.442256599664688110e-02,1.071749161928892136e-02,-9.392530046170577407e-05,4.355111159384250641e-03,6.501206755638122559e-02,-2.557785250246524811e-02,-4.655797034502029419e-02,2.396574430167675018e-02,6.306824507191777229e-04,2.309633605182170868e-02,1.847003847360610962e-01,-8.764985203742980957e-02,-9.632223285734653473e-03,1.379925459623336792e-01,1.129612512886524200e-02,3.057035803794860840e-02,-9.468004852533340454e-02,-5.515363533049821854e-03,7.252477854490280151e-02,3.919290751218795776e-02,4.154096916317939758e-02,2.675339952111244202e-02,5.806275457143783569e-02,-2.043770253658294678e-02,6.520324386656284332e-03,2.526732720434665680e-02,-4.433264583349227905e-02,1.787051733117550611e-04,5.061266571283340454e-02,-3.120809793472290039e-02,4.098509438335895538e-03,1.394216530025005341e-02,1.093321889638900757e-01
-2.362672053277492523e-02,-2.607342228293418884e-02,1.119494289159774780e-01,-2.510362118482589722e-02,-1.074877381324768066e-02,8.929338306188583374e-03,1.107136607170104980e-01,-3.411018103361129761e-02,-2.522901166230440140e-03,3.751470241695642471e-03,-3.064235486090183258e-02,1.204998511821031570e-02,-1.361891776323318481e-01,6.394023448228836060e-02,-6.552264094352722168e-02,-4.442445188760757446e-02,8.723664097487926483e-03,-1.461270153522491455e-01,1.776408776640892029e-02,2.978101000189781189e-02,-6.447722762823104858e-02,-1.071599200367927551e-01,-7.171802222728729248e-02,-5.301535502076148987e-02,-3.063149377703666687e-02,-1.531506925821304321e-01,1.193669512867927551e-01,1.064931303262710571e-01,-6.040100008249282837e-02,-4.001130163669586182e-02,-3.551235189661383629e-03,1.031557023525238037e-01,-4.686469584703445435e-02,-5.616633594036102295e-02,-1.223392505198717117e-02,1.058745011687278748e-01,-1.921589369885623455e-03,-1.408218219876289368e-02,-6.511199474334716797e-02,9.400534629821777344e-02,-1.052830666303634644e-01,7.328173518180847168e-02,-1.718462854623794556e-01,-7.660062052309513092e-03,2.674429304897785187e-02,-7.283724844455718994e-02,4.039906337857246399e-02,1.545429416000843048e-02,6.428799778223037720e-02,1.069019921123981476e-02,-5.223438516259193420e-02,-2.449213527143001556e-02,-1.096748486161231995e-01,1.198277026414871216e-01,3.857410326600074768e-02,1.113571226596832275e-01,-1.646670140326023102e-02,-5.742392968386411667e-03,1.805927045643329620e-02,2.406468056142330170e-02,-8.926786482334136963e-03,1.874535344541072845e-02,-3.255918389186263084e-03,1.011828407645225525e-01,5.275563895702362061e-02,2.954110316932201385e-02,-1.649110950529575348e-02,-1.134460717439651489e-01,1.452594697475433350e-01,6.322476267814636230e-02,9.710440412163734436e-03,-5.399509146809577942e-02,5.096356198191642761e-02,-5.034379288554191589e-02,5.407897755503654480e-02,3.249341621994972229e-02,-7.928511477075517178e-04,-2.711529843509197235e-02,-2.400962449610233307e-02,9.421579539775848389e-02,-8.107532560825347900e-02,-2.395179588347673416e-03,4.565625637769699097e-02,-1.025871373713016510e-02,4.046442732214927673e-02,9.506056085228919983e-03,-1.937258057296276093e-04,-1.624985039234161377e-02,-6.536197382956743240e-03,1.238564029335975647e-02,7.764985784888267517e-04,2.088505774736404419e-02,6.498719751834869385e-02,-2.974754013121128082e-02,4.563713818788528442e-02,2.533826977014541626e-02,1.365781202912330627e-02,4.622966516762971878e-04,5.302328243851661682e-02,-4.357733204960823059e-02,-1.039418112486600876e-02,7.282523065805435181e-02,3.830695152282714844e-02,1.207757974043488503e-03,-7.751239836215972900e-02,5.173689126968383789e-02,1.124375872313976288e-02,7.495624572038650513e-02,-1.071472242474555969e-01,1.724501140415668488e-02,-5.151863023638725281e-02,-5.547191947698593140e-02,9.861931204795837402e-02,5.504464358091354370e-02,-1.418840587139129639e-01,1.051332131028175354e-01,-1.047035977244377136e-01,-5.524944514036178589e-02,-2.417544275522232056e-02,-1.875338144600391388e-02,-3.871732950210571289e-02,-9.039233555085957050e-04,-9.260452538728713989e-02,2.845713123679161072e-02,1.318683326244354248e-01,-1.395939942449331284e-02,-6.979207973927259445e-03,-6.805983185768127441e-02
5.772907733917236328e-01,1.479788590222597122e-02,-1.643610000610351562e-01,1.922233253717422485e-01,1.777647137641906738e-01,7.392517477273941040e-02,-3.411018103361129761e-02,6.228876113891601562e-01,2.438276773318648338e-03,6.550295744091272354e-03,-5.582976341247558594e-02,-6.228608265519142151e-02,3.679672181606292725e-01,5.645071268081665039e-01,3.499759435653686523e-01,9.891773760318756104e-02,-2.407612651586532593e-02,1.380561143159866333e-01,1.748917698860168457e-01,9.031170606613159180e-02,-2.461517602205276489e-01,9.392805397510528564e-02,2.694441378116607666e-01,-2.525933980941772461e-01,-7.493968121707439423e-03,-2.270406037569046021e-01,-7.221817970275878906e-02,-1.802983582019805908e-01,-5.016385018825531006e-02,-3.645698428153991699e-01,-1.179007515311241150e-01,-1.187130063772201538e-01,1.060995757579803467e-01,2.719415351748466492e-02,-3.080054000020027161e-02,-2.935955822467803955e-01,-2.299377665622159839e-04,2.155413851141929626e-02,-2.654967308044433594e-01,-4.737431108951568604e-01,6.872621178627014160e-02,1.226351410150527954e-01,3.306405991315841675e-02,4.080064594745635986e-02,5.351176857948303223e-01,-4.102204740047454834e-01,-2.428084164857864380e-01,-8.756348490715026855e-02,-4.754245281219482422e-02,1.979074440896511078e-02,2.021167576313018799e-01,5.003990978002548218e-02,1.775530725717544556e-01,-3.508619666099548340e-01,8.449676097370684147e-04,-2.422430068254470825e-01,8.291620761156082153e-02,3.935711085796356201e-02,1.123825088143348694e-02,-6.358672678470611572e-02,-7.368729263544082642e-02,1.054796800017356873e-01,3.245002031326293945e-02,-2.596267163753509521e-01,-7.223924249410629272e-02,3.632780164480209351e-02,9.795109182596206665e-02,2.056643962860107422e-01,-1.715122312307357788e-01,-9.254208952188491821e-02,-3.016000986099243164e-01,-4.736354649066925049e-01,-2.322411350905895233e-02,7.710135728120803833e-02,-1.035494059324264526e-01,-1.579549461603164673e-01,-6.662763189524412155e-03,1.263408809900283813e-01,-4.174548685550689697e-01,-3.503556549549102783e-01,7.956337183713912964e-02,9.107177145779132843e-03,-1.992008835077285767e-01,2.172238379716873169e-02,-1.493020504713058472e-01,1.446795612573623657e-01,6.819970905780792236e-02,4.183002281934022903e-03,-3.250178322196006775e-02,-4.691710229963064194e-03,-1.378131285309791565e-02,-1.444379091262817383e-01,-9.197606146335601807e-02,-4.857392236590385437e-02,4.648440331220626831e-02,-1.488799750804901123e-01,3.040725588798522949e-01,-1.934741507284343243e-03,-2.025161683559417725e-01,3.833426833152770996e-01,2.553612925112247467e-02,5.462791398167610168e-02,-8.714047074317932129e-02,-1.882103271782398224e-02,3.555591404438018799e-02,1.927508711814880371e-01,1.673867367208003998e-02,-5.740491673350334167e-02,4.982492700219154358e-02,2.601119689643383026e-02,4.110081493854522705e-01,5.707938969135284424e-02,-5.572590231895446777e-02,-3.633052408695220947e-01,2.499274462461471558e-01,-1.268996298313140869e-01,3.165349662303924561e-01,-1.242947429418563843e-01,-4.784239530563354492e-01,1.181634236127138138e-02,-1.839306205511093140e-01,2.784817814826965332e-01,1.080427914857864380e-01,3.862747922539710999e-02,1.099192202091217041e-01,-9.495735913515090942e-02,-1.977380365133285522e-02,2.698567509651184082e-01
3.358776494860649109e-02,7.361861877143383026e-03,2.180156670510768890e-02,-2.702875249087810516e-02,1.933787390589714050e-02,-8.377490937709808350e-02,-2.522901166230440140e-03,2.438276773318648338e-03,4.558116570115089417e-02,6.530392449349164963e-03,-5.367845296859741211e-03,-1.178824459202587605e-03,3.480002284049987793e-02,4.129881039261817932e-02,2.983686514198780060e-02,1.306139118969440460e-02,2.168379025533795357e-03,8.217864669859409332e-03,2.174731157720088959e-02,2.446301653981208801e-02,-6.235050782561302185e-02,-1.797071844339370728e-02,-2.874816954135894775e-02,2.583807334303855896e-03,2.041847677901387215e-03,1.074988860636949539e-02,-4.096425254829227924e-04,-3.804202191531658173e-03,-6.591723114252090454e-02,2.579981647431850433e-02,-2.179398760199546814e-02,-2.089208178222179413e-02,2.577674202620983124e-02,-2.477815374732017517e-02,3.789233509451150894e-03,-1.165160164237022400e-02,-3.427705960348248482e-03,9.811967611312866211e-04,2.396578667685389519e-03,9.340450051240622997e-04,2.004403062164783478e-02,1.827483624219894409e-02,-3.805772587656974792e-02,-2.736716065555810928e-03,6.682988605462014675e-04,-3.126568719744682312e-02,8.624197915196418762e-03,4.562895279377698898e-03,1.462303474545478821e-02,2.452210336923599243e-02,-4.937625303864479065e-02,2.443845011293888092e-02,2.748701488599181175e-03,5.291491001844406128e-02,1.718422211706638336e-02,1.643438823521137238e-02,-8.398149162530899048e-03,-4.421946359798312187e-04,-2.619877457618713379e-02,-2.941389102488756180e-03,-8.791520260274410248e-03,8.339551277458667755e-03,1.396537292748689651e-03,2.580880187451839447e-02,3.580038901418447495e-03,-4.133313428610563278e-03,6.857887376099824905e-03,1.042743865400552750e-02,-1.249647978693246841e-02,6.743900943547487259e-03,-3.131496952846646309e-03,2.636994421482086182e-02,-2.061652205884456635e-02,1.348125375807285309e-02,-1.520410086959600449e-02,-3.340707626193761826e-04,-3.971730358898639679e-03,-4.033013712614774704e-03,-1.791743375360965729e-02,1.192048192024230957e-02,-3.408379852771759033e-02,1.423907815478742123e-04,-2.606697846204042435e-03,4.155608825385570526e-03,-1.025362988002598286e-03,-4.244067519903182983e-02,-8.974825963377952576e-03,-1.056989305652678013e-03,5.570551007986068726e-02,-4.978218581527471542e-03,2.853084355592727661e-03,-1.068680826574563980e-02,-1.663276739418506622e-02,1.941393502056598663e-02,-3.443107474595308304e-03,2.235371433198451996e-02,4.921111743897199631e-03,-9.391741332365199924e-05,-7.332702632993459702e-03,9.396979003213346004e-04,1.935542002320289612e-02,2.863801270723342896e-02,-2.122222818434238434e-02,-4.650280752684921026e-04,-1.219823118299245834e-02,-5.579620599746704102e-02,1.087741367518901825e-02,9.570660069584846497e-03,-6.167154386639595032e-02,-3.090647747740149498e-03,4.314586520195007324e-02,3.082062676548957825e-02,7.659437833353877068e-04,-5.069183185696601868e-02,-2.489875629544258118e-02,-1.605135388672351837e-02,-1.137826498597860336e-02,-3.904631733894348145e-02,-3.079596534371376038e-02,3.244193037971854210e-03,-3.780250251293182373e-02,3.808285295963287354e-02,5.782553926110267639e-03,-2.446055971086025238e-02,4.009452089667320251e-02,-1.457703858613967896e-02,-7.348472252488136292e-03,-3.186896815896034241e-02
3.041070699691772461e-02,1.060239505022764206e-02,-9.269876778125762939e-02,3.487443551421165466e-02,3.448856761679053307e-03,-9.128128178417682648e-03,3.751470241695642471e-03,6.550295744091272354e-03,6.530392449349164963e-03,1.729170978069305420e-02,2.085378579795360565e-02,-1.900180988013744354e-02,4.348698630928993225e-02,-7.541633211076259613e-03,4.426692426204681396e-02,2.195014245808124542e-02,8.447157219052314758e-03,8.068456500768661499e-02,-1.174636650830507278e-02,-2.905782870948314667e-02,3.337317332625389099e-02,7.151534408330917358e-02,5.377912148833274841e-02,3.361815819516777992e-03,1.322524901479482651e-02,9.235367178916931152e-02,-7.793403416872024536e-02,-1.958455331623554230e-02,6.750716269016265869e-02,-3.950803354382514954e-02,1.585877500474452972e-02,-9.997915476560592651e-02,8.189322054386138916e-02,3.714606910943984985e-02,5.318989977240562439e-03,-7.102407515048980713e-02,-5.338894668966531754e-03,1.151947397738695145e-02,-1.617183722555637360e-02,-9.011092782020568848e-02,8.823250234127044678e-02,-1.044546067714691162e-02,6.179715320467948914e-02,8.278844878077507019e-03,8.783251047134399414e-03,-6.837208569049835205e-02,-4.776364564895629883e-02,-1.445382460951805115e-02,-7.535201031714677811e-03,-1.133631076663732529e-02,-3.658875721157528460e-05,-1.098942104727029800e-02,4.928831011056900024e-02,-3.412223188206553459e-03,1.412608940154314041e-02,-6.087360158562660217e-02,4.177746828645467758e-03,4.968625027686357498e-03,-3.986913338303565979e-02,-3.575115650892257690e-02,-2.830710448324680328e-02,2.589765004813671112e-02,7.697164546698331833e-03,5.345321074128150940e-02,-8.771610446274280548e-03,-1.628372631967067719e-02,2.002155408263206482e-02,9.676051884889602661e-02,-9.078285098075866699e-02,-1.628809981048107147e-02,-6.581976264715194702e-02,-4.512611776590347290e-03,-2.440677024424076080e-02,7.567571103572845459e-02,-4.845824092626571655e-02,-7.976360619068145752e-02,-4.448217339813709259e-03,1.075440645217895508e-01,-2.696795947849750519e-02,-5.500698462128639221e-02,1.021769046783447266e-01,3.668684978038072586e-03,-4.352432861924171448e-02,4.660739097744226456e-03,-8.869176357984542847e-02,-4.374720156192779541e-02,4.506489634513854980e-02,7.786040194332599640e-03,4.927606508135795593e-02,-4.655766533687710762e-04,-2.120197750627994537e-02,-3.657180815935134888e-02,-9.016608446836471558e-02,4.050557687878608704e-02,-5.410359427332878113e-02,-4.350021947175264359e-03,4.882225766777992249e-02,-8.767364197410643101e-04,-3.417444601655006409e-02,3.272753953933715820e-02,7.354195695370435715e-03,3.725025057792663574e-02,-6.448419392108917236e-02,-2.057315548881888390e-03,1.146322041749954224e-01,1.978944242000579834e-02,-7.269220054149627686e-02,-3.907549381256103516e-02,-6.232956424355506897e-02,-1.843351311981678009e-02,6.084395945072174072e-02,-4.800771921873092651e-02,-5.077384039759635925e-02,-2.551729558035731316e-03,8.019329607486724854e-02,-8.182565867900848389e-02,3.027288056910037994e-02,4.260042309761047363e-02,-9.344466030597686768e-02,2.054980583488941193e-02,8.444510400295257568e-02,8.323226124048233032e-02,7.315158843994140625e-02,-3.769693896174430847e-02,-6.247347593307495117e-02,-4.625812917947769165e-02,1.147777028381824493e-02,5.350119248032569885e-02
-3.564906865358352661e-02,3.232147172093391418e-02,-2.356114685535430908e-01,-4.412218555808067322e-02,1.164441555738449097e-02,-3.111202642321586609e-02,-3.064235486090183258e-02,-5.582976341247558594e-02,-5.367845296859741211e-03,2.085378579795360565e-02,1.589132398366928101e-01,-3.576936945319175720e-02,6.958807259798049927e-02,-1.049815639853477478e-01,1.000193431973457336e-01,8.053847402334213257e-02,1.090647093951702118e-02,1.402213573455810547e-01,-3.322823345661163330e-02,-1.516491770744323730e-01,2.924168407917022705e-01,1.960618644952774048e-01,1.229946091771125793e-01,1.393830180168151855e-01,1.110661216080188751e-02,2.865509390830993652e-01,-2.400904893875122070e-01,-1.367980986833572388e-01,2.700169980525970459e-01,-8.370866626501083374e-02,5.330409109592437744e-02,-1.607490330934524536e-01,2.802776172757148743e-02,2.014254778623580933e-01,1.220270409248769283e-03,-1.473557800054550171e-01,-2.579764649271965027e-02,2.835504524409770966e-02,-4.058917611837387085e-02,-7.167378813028335571e-02,1.797890663146972656e-01,-9.391286969184875488e-02,2.396139204502105713e-01,1.895648613572120667e-02,-1.280804909765720367e-02,-1.204681694507598877e-01,-1.799649000167846680e-01,1.471999846398830414e-02,-5.525721237063407898e-02,-1.060292869806289673e-01,5.173026770353317261e-02,-9.506458044052124023e-02,1.057558041065931320e-02,5.158223211765289307e-02,-8.629423379898071289e-02,-1.533926874399185181e-01,4.378234595060348511e-02,2.015326917171478271e-02,-9.831646084785461426e-02,-4.151581227779388428e-02,7.983254641294479370e-02,-3.626852110028266907e-02,5.611950065940618515e-03,1.462522335350513458e-02,-9.361367672681808472e-03,-3.283831849694252014e-02,5.973602458834648132e-02,1.909624189138412476e-01,-2.440234124660491943e-01,1.476702373474836349e-02,-6.356166303157806396e-02,-8.606309443712234497e-02,-3.332482650876045227e-02,1.915844678878784180e-01,-6.910756230354309082e-02,-8.887263387441635132e-02,-1.925404556095600128e-02,2.629720270633697510e-01,1.681259870529174805e-01,-6.515783816576004028e-02,1.303078085184097290e-01,7.378474809229373932e-03,-1.749846041202545166e-01,1.720680622383952141e-03,-8.607319742441177368e-02,-2.463495731353759766e-01,2.052594572305679321e-01,2.777588553726673126e-02,1.386493593454360962e-01,8.604419417679309845e-04,-5.793041363358497620e-02,5.657230038195848465e-03,-8.580005168914794922e-02,4.735643789172172546e-02,-8.143179863691329956e-02,3.750240430235862732e-02,1.092283874750137329e-01,-1.403202768415212631e-03,-1.152087748050689697e-01,-5.704405903816223145e-02,-2.195655182003974915e-02,4.565992206335067749e-02,-9.283869713544845581e-02,-3.726315218955278397e-03,2.139387130737304688e-01,-9.021053463220596313e-02,2.837770991027355194e-02,-1.045651882886886597e-01,-1.068231761455535889e-01,-4.563265293836593628e-02,-3.440154716372489929e-02,-4.075032845139503479e-02,-1.247717887163162231e-01,-6.103100022301077843e-04,2.285659611225128174e-01,-1.997681409120559692e-01,1.045194640755653381e-01,1.350555270910263062e-01,-1.046151593327522278e-01,7.343527395278215408e-03,2.558574974536895752e-01,1.442673504352569580e-01,1.450186371803283691e-01,-7.057583332061767578e-02,-2.491835206747055054e-01,-5.225496366620063782e-02,2.961564622819423676e-02,6.459537893533706665e-02
-7.721649855375289917e-02,-1.395224966108798981e-02,1.393060088157653809e-01,-5.624078959226608276e-02,-3.671566722914576530e-03,-3.318651579320430756e-03,1.204998511821031570e-02,-6.228608265519142151e-02,-1.178824459202587605e-03,-1.900180988013744354e-02,-3.576936945319175720e-02,3.266819939017295837e-02,-8.870150148868560791e-02,-3.100794367492198944e-02,-8.398338407278060913e-02,-3.785235434770584106e-02,-9.726855903863906860e-03,-1.134980544447898865e-01,2.017312915995717049e-03,3.730872273445129395e-02,-5.320924893021583557e-02,-1.062474846839904785e-01,-1.092281490564346313e-01,2.491530217230319977e-02,-1.659855060279369354e-02,-1.042288020253181458e-01,1.119677200913429260e-01,4.002065956592559814e-02,-9.906711429357528687e-02,7.483505457639694214e-02,-1.336756441742181778e-02,1.383141130208969116e-01,-9.485535323619842529e-02,-7.377648353576660156e-02,-5.725214723497629166e-04,1.250610351562500000e-01,6.600205786526203156e-03,-1.787256263196468353e-02,3.928156197071075439e-02,1.467887163162231445e-01,-1.119044795632362366e-01,1.649067550897598267e-02,-9.533544629812240601e-02,-1.433400902897119522e-02,-6.693108379840850830e-02,1.238209977746009827e-01,8.523772656917572021e-02,2.027408964931964874e-02,2.230070903897285461e-02,3.640630468726158142e-02,-3.252780064940452576e-02,1.493335608392953873e-02,-7.132966071367263794e-02,5.155164375901222229e-02,-5.683342460542917252e-03,1.064129993319511414e-01,-2.144617214798927307e-02,-1.206712238490581512e-02,3.364237770438194275e-02,4.990469291806221008e-02,3.159993514418601990e-02,-3.566297888755798340e-02,-1.145528350025415421e-02,-1.883681118488311768e-02,1.540801301598548889e-02,1.949897781014442444e-02,-2.912601269781589508e-02,-1.336985081434249878e-01,1.424620300531387329e-01,4.096540808677673340e-02,1.033612936735153198e-01,6.093924492597579956e-02,3.868544474244117737e-02,-1.088906228542327881e-01,6.513861566781997681e-02,8.657269179821014404e-02,5.457145161926746368e-03,-1.554192602634429932e-01,4.830614477396011353e-02,1.077518537640571594e-01,-1.380347907543182373e-01,-5.814567208290100098e-03,6.443350017070770264e-02,-7.078363560140132904e-03,1.089983135461807251e-01,3.848732635378837585e-02,-5.473232641816139221e-02,-1.213488075882196426e-02,-5.193093419075012207e-02,-2.319155493751168251e-03,2.298490330576896667e-02,5.155947059392929077e-02,1.181349605321884155e-01,-4.611453786492347717e-02,6.100395321846008301e-02,1.455657929182052612e-02,-7.009754329919815063e-02,1.251701964065432549e-03,6.950557976961135864e-02,-6.663145124912261963e-02,-5.362960044294595718e-03,-4.045387730002403259e-02,8.980822563171386719e-02,3.829644992947578430e-03,-1.517325043678283691e-01,-3.294330090284347534e-02,7.725609093904495239e-02,6.222796067595481873e-02,4.248626530170440674e-02,2.200273424386978149e-02,-1.155588775873184204e-01,5.308628827333450317e-02,8.292715251445770264e-02,2.286585420370101929e-02,-1.312980949878692627e-01,1.117523089051246643e-01,-6.597840785980224609e-02,-6.416483968496322632e-02,1.508788466453552246e-01,-2.474252134561538696e-02,-1.036972403526306152e-01,-1.226093322038650513e-01,-1.022696122527122498e-01,3.433896601200103760e-02,9.573975950479507446e-02,5.832654982805252075e-02,-1.753646694123744965e-02,-8.927311003208160400e-02
