6.365287899971008301e-01,3.708875551819801331e-02,-2.994459271430969238e-01,2.171738147735595703e-01,2.006778866052627563e-01,-1.091542770154774189e-03,-1.587636768817901611e-02,5.893175601959228516e-01,3.748723864555358887e-02,3.696652874350547791e-02,-2.875830046832561493e-02,-8.707456290721893311e-02,4.561547636985778809e-01,5.637105703353881836e-01,4.262763857841491699e-01,1.325630247592926025e-01,-1.159980148077011108e-02,2.771045565605163574e-01,1.734245270490646362e-01,4.550445452332496643e-02,-2.124180942773818970e-01,1.625866740942001343e-01,3.420043289661407471e-01,-2.181118875741958618e-01,1.442847121506929398e-02,-1.094716787338256836e-01,-1.903833448886871338e-01,-2.556059658527374268e-01,9.109629318118095398e-03,-4.349274337291717529e-01,-1.086585074663162231e-01,-2.741548120975494385e-01,2.481903135776519775e-01,7.122482359409332275e-02,-2.211870253086090088e-02,-3.928923308849334717e-01,-1.366150286048650742e-02,3.830860182642936707e-02,-2.751298546791076660e-01,-5.954822897911071777e-01,1.991263478994369507e-01,1.175127625465393066e-01,1.180078238248825073e-01,5.124614015221595764e-02,5.385722517967224121e-01,-5.090583562850952148e-01,-3.068453073501586914e-01,-9.723728150129318237e-02,-6.083424016833305359e-02,2.402590215206146240e-02,1.764467060565948486e-01,2.735974453389644623e-02,2.684993743896484375e-01,-2.650127410888671875e-01,2.362694218754768372e-02,-3.228510022163391113e-01,8.307769894599914551e-02,4.471266642212867737e-02,-7.361885160207748413e-02,-1.115985363721847534e-01,-9.746528416872024536e-02,1.401554644107818604e-01,4.448358342051506042e-02,-1.609648466110229492e-01,-9.964383393526077271e-02,8.806623518466949463e-03,1.551285386085510254e-01,3.681879937648773193e-01,-3.063698709011077881e-01,-8.355121314525604248e-02,-4.011020660400390625e-01,-4.560675323009490967e-01,-6.734400987625122070e-02,1.732107251882553101e-01,-1.783082783222198486e-01,-3.000795543193817139e-01,-1.605070941150188446e-02,2.690251171588897705e-01,-4.382213652133941650e-01,-4.099919497966766357e-01,1.886384636163711548e-01,1.432873494923114777e-02,-2.642397582530975342e-01,3.032739832997322083e-02,-2.755344510078430176e-01,6.111949309706687927e-02,1.159930080175399780e-01,1.740487292408943176e-02,7.119167596101760864e-02,-1.318754442036151886e-02,-4.387325048446655273e-02,-2.045286297798156738e-01,-2.267618775367736816e-01,4.930293560028076172e-02,-3.862815722823143005e-02,-1.548885405063629150e-01,3.855251669883728027e-01,-3.305932506918907166e-03,-2.537039518356323242e-01,4.049530923366546631e-01,4.589339345693588257e-02,9.529900550842285156e-02,-1.793377101421356201e-01,-2.022786810994148254e-02,1.934688687324523926e-01,1.953783780336380005e-01,-9.252625703811645508e-02,-9.803637117147445679e-02,-9.314844757318496704e-02,-6.540715694427490234e-03,4.912130236625671387e-01,-1.050572842359542847e-02,-1.158820614218711853e-01,-3.909886777400970459e-01,3.597017228603363037e-01,-2.488958239555358887e-01,3.633530139923095703e-01,-9.702692925930023193e-02,-6.087246537208557129e-01,4.137266054749488831e-02,-8.419831842184066772e-02,4.201826453208923340e-01,2.436446696519851685e-01,-5.822686105966567993e-02,5.113222822546958923e-02,-1.389379799365997314e-01,-6.308735348284244537e-03,3.291598260402679443e-01
3.708875551819801331e-02,2.004985138773918152e-02,-9.571574628353118896e-02,5.216541234403848648e-03,4.725840687751770020e-02,-2.778673730790615082e-02,-1.704646460711956024e-02,1.151802856475114822e-02,9.741650894284248352e-03,9.206431917846202850e-03,2.995517104864120483e-02,-1.141514629125595093e-02,6.813450902700424194e-02,-1.386124733835458755e-02,7.052343338727951050e-02,3.730404004454612732e-02,-2.374047646299004555e-03,8.782179653644561768e-02,-1.972523285076022148e-03,-3.807466849684715271e-02,5.173290520906448364e-02,7.381828129291534424e-02,3.710854426026344299e-02,6.429453939199447632e-02,1.027678977698087692e-02,9.936629235744476318e-02,-9.682575613260269165e-02,-9.257327020168304443e-02,6.730914860963821411e-02,-4.279421642422676086e-02,-9.662100928835570812e-04,-6.909810751676559448e-02,4.407389461994171143e-02,3.707372769713401794e-02,6.255587562918663025e-03,-6.367530673742294312e-02,-1.013392116874456406e-02,1.133232563734054565e-02,-8.287701755762100220e-03,-7.478557527065277100e-02,9.101201593875885010e-02,-2.093938365578651428e-02,1.051684841513633728e-01,8.576977998018264771e-03,3.922261821571737528e-04,-2.250476181507110596e-02,-7.476926594972610474e-02,-8.061206899583339691e-03,-2.647319994866847992e-02,5.521581508219242096e-03,1.293509732931852341e-02,-1.848143525421619415e-02,4.974336177110671997e-02,1.427149027585983276e-02,-2.436927333474159241e-02,-7.225510478019714355e-02,9.041547775268554688e-03,5.803577601909637451e-03,-6.110887974500656128e-02,-1.721857674419879913e-02,1.499219983816146851e-02,-8.149147965013980865e-03,4.755266476422548294e-03,-6.124606821686029434e-03,-2.923913486301898956e-02,-1.292155496776103973e-02,3.815230354666709900e-02,1.075612306594848633e-01,-9.234192967414855957e-02,1.088753715157508850e-02,-3.815594315528869629e-02,-8.626756258308887482e-03,-1.242384873330593109e-02,5.460501089692115784e-02,-4.219662025570869446e-02,-8.597669750452041626e-02,-7.162232883274555206e-03,6.955907493829727173e-02,1.611095853149890900e-02,-4.427719116210937500e-02,4.645630717277526855e-02,2.322656568139791489e-03,-8.496605604887008667e-02,5.147738847881555557e-03,-6.261317431926727295e-02,-8.380369842052459717e-02,6.660408526659011841e-02,1.064431574195623398e-02,5.068311840295791626e-02,-1.010967139154672623e-02,-2.704278193414211273e-02,-1.538171339780092239e-02,-3.531930595636367798e-02,2.038302086293697357e-02,-3.628740459680557251e-02,-3.547532716765999794e-03,6.851568818092346191e-02,-5.918078823015093803e-04,-4.448126256465911865e-02,1.209198310971260071e-02,6.496729329228401184e-03,2.161245560273528099e-03,-3.217101469635963440e-02,-2.623533131554722786e-03,7.053117454051971436e-02,-2.055227570235729218e-02,-3.792063565924763680e-03,-3.738375008106231689e-02,-4.811058565974235535e-02,-1.513119228184223175e-02,2.111901121679693460e-04,8.583432994782924652e-03,-3.854148089885711670e-02,-5.283018574118614197e-02,1.091921254992485046e-01,-9.455955028533935547e-02,7.916302233934402466e-02,1.231872290372848511e-02,-4.754741862416267395e-02,8.743156678974628448e-03,5.708281695842742920e-02,5.735172331333160400e-02,7.142324745655059814e-02,-4.441767930984497070e-02,-6.416799873113632202e-02,-1.647990383207798004e-02,7.851783302612602711e-04,4.362377896904945374e-02
-2.994459271430969238e-01,-9.571574628353118896e-02,7.564791440963745117e-01,-2.297913283109664917e-01,-1.198439374566078186e-01,2.452692575752735138e-02,5.705033615231513977e-02,-1.643227040767669678e-01,1.130359154194593430e-02,-9.660317003726959229e-02,-2.429567724466323853e-01,1.412230730056762695e-01,-4.587655663490295410e-01,6.139261275529861450e-02,-4.380963444709777832e-01,-2.176384776830673218e-01,-2.720155566930770874e-02,-6.444137692451477051e-01,5.545162409543991089e-02,2.959888875484466553e-01,-4.496031105518341064e-01,-6.149520277976989746e-01,-4.966989159584045410e-01,-1.417401283979415894e-01,-9.348893910646438599e-02,-6.278639435768127441e-01,6.761937737464904785e-01,4.361698329448699951e-01,-6.321985125541687012e-01,4.324206709861755371e-01,-6.214257702231407166e-02,6.390046477317810059e-01,-4.430809020996093750e-01,-3.981104195117950439e-01,-2.186141535639762878e-02,5.848405361175537109e-01,5.956555157899856567e-02,-9.678997099399566650e-02,1.549104005098342896e-01,6.432649493217468262e-01,-6.349661946296691895e-01,1.522473245859146118e-01,-6.637091636657714844e-01,-7.645379006862640381e-02,-1.848900020122528076e-01,4.008718729019165039e-01,5.295575261116027832e-01,8.295968919992446899e-02,1.702593564987182617e-01,1.482367664575576782e-01,-1.761530637741088867e-01,1.796440184116363525e-01,-4.170095622539520264e-01,8.262854814529418945e-02,8.185444027185440063e-02,6.004084348678588867e-01,-1.089886426925659180e-01,-5.588652566075325012e-02,2.532367408275604248e-01,2.205542027950286865e-01,4.205596819519996643e-02,-8.427529036998748779e-02,-5.046433210372924805e-02,-5.924883112311363220e-02,1.712292730808258057e-01,1.077725142240524292e-01,-2.333891838788986206e-01,-7.345491051673889160e-01,7.106648087501525879e-01,1.146704852581024170e-01,4.743450582027435303e-01,2.089548557996749878e-01,1.451528817415237427e-01,-5.402758121490478516e-01,3.298589885234832764e-01,5.693217515945434570e-01,3.911136090755462646e-02,-7.039058208465576172e-01,4.955083131790161133e-02,4.926931262016296387e-01,-6.202249526977539062e-01,-2.691597305238246918e-02,4.716204702854156494e-01,-3.674878925085067749e-02,5.765703916549682617e-01,3.712114095687866211e-01,-3.929086923599243164e-01,-8.180130273103713989e-02,-2.987815141677856445e-01,1.932397298514842987e-02,1.797909587621688843e-01,1.969838440418243408e-01,4.782988131046295166e-01,-2.115214467048645020e-01,3.452448248863220215e-01,7.590150833129882812e-02,-4.450849890708923340e-01,6.166615989059209824e-03,3.330674469470977783e-01,-2.049983143806457520e-01,-1.551174465566873550e-02,-9.897048026323318481e-02,3.810808658599853516e-01,2.083745226263999939e-02,-7.104216814041137695e-01,-8.589342236518859863e-02,2.990687489509582520e-01,3.383743464946746826e-01,2.861677110195159912e-01,1.296993494033813477e-01,-2.640200555324554443e-01,2.198191136121749878e-01,3.843664526939392090e-01,1.316328346729278564e-01,-7.585846185684204102e-01,6.501510739326477051e-01,-4.623955190181732178e-01,-3.045301139354705811e-01,5.387615561485290527e-01,-1.083434298634529114e-01,-5.842647552490234375e-01,-5.312422513961791992e-01,-5.895795822143554688e-01,2.303946912288665771e-01,5.685923695564270020e-01,2.088192105293273926e-01,-7.901886105537414551e-02,-4.607433676719665527e-01
2.171738147735595703e-01,5.216541234403848648e-03,-2.297913283109664917e-01,2.697593569755554199e-01,-3.300767019391059875e-02,7.437772303819656372e-02,-9.145312942564487457e-03,1.973371803760528564e-01,-2.214524522423744202e-02,3.978157415986061096e-02,-4.354451224207878113e-02,-6.241218373179435730e-02,2.070379853248596191e-01,7.116314023733139038e-02,1.123430132865905762e-01,2.154759876430034637e-02,1.768169552087783813e-02,2.721973955631256104e-01,-2.069077268242835999e-02,1.011935714632272720e-02,-4.473042488098144531e-02,1.745266020298004150e-01,2.253509908914566040e-01,-2.011243999004364014e-01,5.862079933285713196e-02,9.746380150318145752e-02,-1.370070725679397583e-01,-1.106632873415946960e-03,1.248863041400909424e-01,-1.404824703931808472e-01,-1.318654685746878386e-04,-2.935322523117065430e-01,2.933116555213928223e-01,2.799929305911064148e-02,9.434162639081478119e-03,-2.396043837070465088e-01,5.473477300256490707e-03,3.142969682812690735e-02,-4.925207421183586121e-02,-3.983687460422515869e-01,1.890125274658203125e-01,4.741866141557693481e-03,1.226650252938270569e-01,2.601123414933681488e-02,1.621267050504684448e-01,-1.660700887441635132e-01,-8.136532455682754517e-02,-8.022228628396987915e-02,-3.014720603823661804e-02,-2.349591813981533051e-02,6.557922810316085815e-02,2.998753264546394348e-02,2.761397659778594971e-01,-2.225001156330108643e-01,9.410024434328079224e-02,-2.093273699283599854e-01,2.301579155027866364e-02,1.244531664997339249e-02,2.920429222285747528e-02,-1.201770231127738953e-01,-1.952250301837921143e-01,1.495125591754913330e-01,2.836797013878822327e-02,3.677643835544586182e-02,-7.889389991760253906e-02,-4.046216979622840881e-02,3.749595955014228821e-02,2.411675751209259033e-01,-2.073547095060348511e-01,-1.899975240230560303e-01,-2.636636495590209961e-01,-2.830459922552108765e-02,-8.336199820041656494e-02,1.514449268579483032e-01,-1.312097758054733276e-01,-2.196543365716934204e-01,7.670057471841573715e-03,2.122761905193328857e-01,-2.961615025997161865e-01,-2.972280085086822510e-01,3.817899823188781738e-01,1.049940846860408783e-02,-2.810856327414512634e-03,2.300829626619815826e-02,-2.974296808242797852e-01,1.550644338130950928e-01,-7.697863131761550903e-02,1.698482409119606018e-02,-1.374820154160261154e-02,6.303753703832626343e-03,-2.087675966322422028e-02,-1.594281494617462158e-01,-2.967823743820190430e-01,9.219624847173690796e-02,-1.517554074525833130e-01,-1.100492253899574280e-01,7.890309393405914307e-02,-2.582055050879716873e-03,-6.304349005222320557e-02,2.581295669078826904e-01,3.259431570768356323e-02,2.414478547871112823e-02,-1.877461373805999756e-01,-9.167108684778213501e-03,3.304558396339416504e-01,2.229372262954711914e-01,-3.288744091987609863e-01,-1.189005225896835327e-01,2.336220815777778625e-02,-3.050619736313819885e-02,3.301499485969543457e-01,-1.569808274507522583e-01,-1.425642073154449463e-01,1.946561783552169800e-02,2.300303280353546143e-01,-1.731600761413574219e-01,1.066828072071075439e-01,1.151959374547004700e-01,-2.888936400413513184e-01,7.989089936017990112e-02,1.269921660423278809e-01,1.768870651721954346e-01,2.052786797285079956e-01,-1.705288141965866089e-02,-1.099581420421600342e-01,-1.024457514286041260e-01,3.653718158602714539e-02,2.510737776756286621e-01
2.006778866052627563e-01,4.725840687751770020e-02,-1.198439374566078186e-01,-3.300767019391059875e-02,2.974447309970855713e-01,-4.195883125066757202e-02,-2.173386979848146439e-03,1.698482185602188110e-01,2.355717308819293976e-02,-2.409979701042175293e-03,1.693499158136546612e-03,4.453112371265888214e-03,1.455089300870895386e-01,1.566401869058609009e-01,2.387623935937881470e-01,1.032840162515640259e-01,-3.972914814949035645e-02,8.540940284729003906e-02,7.474347949028015137e-02,-2.903091162443161011e-02,-3.371234238147735596e-02,7.388316094875335693e-02,-1.521038077771663666e-02,2.127799093723297119e-01,-2.299118414521217346e-02,-6.415169220417737961e-03,-1.291348934173583984e-01,-3.147657215595245361e-01,2.981562539935112000e-02,-2.028560489416122437e-01,-7.433629781007766724e-02,3.455625101923942566e-02,-9.778624400496482849e-03,-2.783610858023166656e-02,7.310434244573116302e-03,-5.082165077328681946e-02,-2.815249003469944000e-02,1.004419289529323578e-02,-1.263280510902404785e-01,-1.592307984828948975e-01,1.170168593525886536e-01,4.254070296883583069e-02,1.581391990184783936e-01,2.048658020794391632e-02,9.041039645671844482e-02,-5.095073580741882324e-02,-2.399262189865112305e-01,-2.955110557377338409e-02,-4.296183213591575623e-02,1.297134011983871460e-01,4.681124538183212280e-02,-2.899334952235221863e-02,4.227422177791595459e-02,5.048977583646774292e-02,-9.226098656654357910e-02,-1.138108447194099426e-01,1.402086950838565826e-02,1.347482297569513321e-02,-2.059705108404159546e-01,2.177606523036956787e-02,1.050696372985839844e-01,-6.038957461714744568e-02,7.332306820899248123e-03,-1.071024164557456970e-01,-7.147545367479324341e-02,2.408616617321968079e-02,1.240649521350860596e-01,1.894481629133224487e-01,-5.824583023786544800e-02,1.563790589570999146e-01,-5.645280331373214722e-02,-1.560872197151184082e-01,7.161685079336166382e-02,-1.590372296050190926e-03,-5.681687593460083008e-02,-2.459070682525634766e-01,-2.307657524943351746e-02,5.138669162988662720e-03,-1.743012852966785431e-02,-4.813443124294281006e-02,-1.096936464309692383e-01,-6.348479655571281910e-04,-3.130904734134674072e-01,7.628256455063819885e-03,-7.227168977260589600e-02,-2.182437330484390259e-01,2.409503906965255737e-01,6.934384349733591080e-03,8.750746399164199829e-02,-4.365083202719688416e-02,-8.309251070022583008e-02,-2.839821856468915939e-03,1.242140531539916992e-01,-7.921047508716583252e-02,3.167571499943733215e-02,-3.309482336044311523e-02,3.092370927333831787e-01,-2.702549390960484743e-04,-1.015437096357345581e-01,7.564865052700042725e-02,1.643607765436172485e-02,1.338531821966171265e-02,5.394221842288970947e-02,-1.185842603445053101e-02,-6.435131281614303589e-02,-2.039756253361701965e-02,1.692977696657180786e-01,-1.179671380668878555e-02,-1.569165438413619995e-01,1.026805490255355835e-02,-1.244635581970214844e-01,1.562436521053314209e-01,4.685011133551597595e-02,-3.220749497413635254e-01,2.130089998245239258e-01,-1.587892919778823853e-01,2.739133834838867188e-01,-1.625899523496627808e-01,-1.109679713845252991e-01,-2.322394400835037231e-02,-7.907550036907196045e-02,9.718014299869537354e-02,5.118993669748306274e-02,-8.858103305101394653e-02,6.323292851448059082e-02,-1.389495469629764557e-02,-5.285637080669403076e-02,8.160586655139923096e-02
-1.091542770154774189e-03,-2.778673730790615082e-02,2.452692575752735138e-02,7.437772303819656372e-02,-4.195883125066757202e-02,2.129433155059814453e-01,2.968716062605381012e-02,6.043040379881858826e-02,-8.453371375799179077e-02,-1.705760695040225983e-02,-4.651001840829849243e-02,9.794560261070728302e-03,-7.916513830423355103e-02,3.582405298948287964e-02,-6.923857331275939941e-02,-5.057862401008605957e-02,-6.985982879996299744e-03,-8.387722820043563843e-02,-9.170060046017169952e-03,7.325393613427877426e-03,-1.907597482204437256e-02,-3.662114962935447693e-02,4.688302800059318542e-02,-8.550088107585906982e-02,-1.526719518005847931e-02,-1.708598285913467407e-01,8.987979590892791748e-02,6.385662406682968140e-02,2.368169464170932770e-02,-7.564172893762588501e-02,3.027032874524593353e-02,8.344906568527221680e-02,-4.778869822621345520e-02,-9.633771143853664398e-03,-1.307785324752330780e-02,5.654824152588844299e-02,1.697603426873683929e-02,-1.468613371253013611e-02,-2.152652479708194733e-02,-1.600444875657558441e-02,-1.171615123748779297e-01,2.127589844167232513e-02,-2.778943255543708801e-02,2.368594519793987274e-03,5.343529582023620605e-02,2.344160154461860657e-02,4.056990146636962891e-02,-2.310702204704284668e-02,-5.268601700663566589e-03,-1.255896408110857010e-02,9.816344082355499268e-02,-2.247069962322711945e-02,-1.847466640174388885e-02,-1.436032205820083618e-01,1.109512336552143097e-02,1.268921419978141785e-02,5.003233090974390507e-04,-3.812352661043405533e-03,7.870796322822570801e-02,1.299044582992792130e-02,-1.653931476175785065e-02,1.565109193325042725e-02,-6.429784698411822319e-04,-3.921107947826385498e-02,1.307430677115917206e-03,2.978643774986267090e-02,-2.588133141398429871e-02,-7.126393914222717285e-02,1.067668199539184570e-01,-4.841272719204425812e-03,-1.225825748406350613e-03,-9.819263964891433716e-02,5.607102811336517334e-02,-8.779344707727432251e-02,4.761849343776702881e-02,1.658274233341217041e-02,1.377792656421661377e-02,-4.858317226171493530e-02,-6.380577385425567627e-02,-7.891661487519741058e-03,2.802550606429576874e-02,-1.749840797856450081e-03,5.103739351034164429e-02,-1.068931911140680313e-02,2.551366947591304779e-02,1.922733634710311890e-01,-2.542467229068279266e-02,-1.044481620192527771e-02,-1.548472195863723755e-01,1.159350574016571045e-02,1.355096790939569473e-02,3.338754642754793167e-03,4.580494761466979980e-02,-4.448101669549942017e-02,4.909982904791831970e-02,-7.301263511180877686e-02,-2.923413412645459175e-03,4.586819559335708618e-04,2.680022642016410828e-02,3.690464794635772705e-02,-3.149418532848358154e-02,-4.161179438233375549e-02,6.579663604497909546e-02,1.756317331455647945e-03,-5.584177002310752869e-02,1.804403960704803467e-01,-4.055523872375488281e-02,2.687081135809421539e-02,1.358889788389205933e-01,2.463942952454090118e-02,-1.315487176179885864e-02,-8.031462132930755615e-02,4.110129177570343018e-02,7.784158736467361450e-02,-3.138162195682525635e-02,1.057707220315933228e-01,-8.881271816790103912e-03,2.369926683604717255e-02,1.597162336111068726e-02,-9.327698498964309692e-03,-2.329536899924278259e-02,-8.189219236373901367e-02,-5.860366299748420715e-02,7.040387392044067383e-02,3.071745485067367554e-02,1.840189099311828613e-02,5.092595703899860382e-03,6.546888500452041626e-02
-1.587636768817901611e-02,-1.704646460711956024e-02,5.705033615231513977e-02,-9.145312942564487457e-03,-2.173386979848146439e-03,2.968716062605381012e-02,9.601166844367980957e-02,-2.403459139168262482e-02,-6.414550356566905975e-03,7.011177949607372284e-03,-2.314547449350357056e-02,6.548584438860416412e-03,-1.157734394073486328e-01,4.939135909080505371e-02,-4.475593939423561096e-02,-3.086647018790245056e-02,9.068459272384643555e-03,-1.068193688988685608e-01,8.353278040885925293e-03,1.315649133175611496e-02,-4.802682250738143921e-02,-6.453864276409149170e-02,-4.990960657596588135e-02,-3.047990985214710236e-02,-2.449466846883296967e-02,-1.033190712332725525e-01,8.059481531381607056e-02,8.605524152517318726e-02,-3.087040968239307404e-02,-4.650603607296943665e-02,1.431441772729158401e-02,6.014727056026458740e-02,-1.195054873824119568e-02,-3.998361155390739441e-02,-7.222187705338001251e-03,7.532458007335662842e-02,-1.412837300449609756e-03,-9.610618464648723602e-03,-6.166997924447059631e-02,4.702573269605636597e-02,-5.662437155842781067e-02,5.917460843920707703e-02,-1.261699497699737549e-01,-3.609570674598217010e-03,1.231803093105554581e-02,-7.629156112670898438e-02,2.053023688495159149e-02,2.596243517473340034e-03,5.430275574326515198e-02,1.596655696630477905e-02,-3.814352676272392273e-02,-2.196587994694709778e-02,-8.588900417089462280e-02,8.174593746662139893e-02,3.878967463970184326e-02,8.034477382898330688e-02,-1.710379868745803833e-02,-4.057609010487794876e-03,-7.440541405230760574e-03,7.742183748632669449e-03,-1.006343029439449310e-02,2.155702561140060425e-02,2.152011729776859283e-04,1.112959012389183044e-01,5.215067043900489807e-02,2.213364094495773315e-02,-1.183035038411617279e-02,-5.955878645181655884e-02,9.622393548488616943e-02,6.136854737997055054e-02,-7.185399066656827927e-03,-4.728852584958076477e-02,4.183589294552803040e-02,-2.165959775447845459e-02,2.645622007548809052e-02,-9.701647795736789703e-03,-2.682827180251479149e-03,1.397926080971956253e-02,-3.172564879059791565e-02,7.309711724519729614e-02,-3.538745269179344177e-02,-1.044614706188440323e-03,9.895439259707927704e-03,-8.465961553156375885e-03,5.485804751515388489e-03,-4.044478293508291245e-03,4.142287373542785645e-02,-1.301419362425804138e-02,7.413062732666730881e-03,9.227615781128406525e-03,-8.490177802741527557e-03,2.358961151912808418e-03,1.964513212442398071e-02,-1.156691834330558777e-02,2.522817440330982208e-02,1.139164436608552933e-02,3.733913972973823547e-02,1.083917159121483564e-04,3.638917207717895508e-02,-2.105360850691795349e-02,-7.586416788399219513e-03,8.319755643606185913e-02,2.103115059435367584e-02,8.471723413094878197e-04,-3.523252531886100769e-02,5.959431827068328857e-02,-1.359201781451702118e-02,5.215617269277572632e-02,-1.176522746682167053e-01,1.026582345366477966e-02,-3.254396468400955200e-02,-6.651582568883895874e-02,6.901318579912185669e-02,3.433264419436454773e-02,-9.617805480957031250e-02,6.393373757600784302e-02,-8.021910488605499268e-02,-3.576247021555900574e-02,-5.278361216187477112e-02,-1.002558413892984390e-02,-3.535988973453640938e-03,2.868753485381603241e-02,-6.304675340652465820e-02,7.128801196813583374e-03,9.896908700466156006e-02,-2.657590433955192566e-02,-3.492757678031921387e-03,-3.193425014615058899e-02
5.893175601959228516e-01,1.151802856475114822e-02,-1.643227040767669678e-01,1.973371803760528564e-01,1.698482185602188110e-01,6.043040379881858826e-02,-2.403459139168262482e-02,6.392595171928405762e-01,7.199816871434450150e-03,8.659093640744686127e-03,-6.116677820682525635e-02,-6.672739237546920776e-02,3.900137841701507568e-01,5.830022096633911133e-01,3.525505363941192627e-01,9.485805779695510864e-02,-2.180538885295391083e-02,1.436420828104019165e-01,1.857195198535919189e-01,1.040032580494880676e-01,-2.536838054656982422e-01,8.129372447729110718e-02,2.868575453758239746e-01,-2.948517203330993652e-01,-6.602752953767776489e-03,-2.652494907379150391e-01,-6.124261021614074707e-02,-1.712166517972946167e-01,-6.517764180898666382e-02,-3.749509453773498535e-01,-1.348585933446884155e-01,-1.304763406515121460e-01,1.176206097006797791e-01,2.104079909622669220e-02,-3.446944430470466614e-02,-3.039112091064453125e-01,-1.297916169278323650e-03,2.398246526718139648e-02,-2.852086722850799561e-01,-4.885716140270233154e-01,5.992872640490531921e-02,1.332557350397109985e-01,4.270173609256744385e-03,4.132262244820594788e-02,5.630667805671691895e-01,-4.367280304431915283e-01,-2.457156628370285034e-01,-8.114788681268692017e-02,-4.207269474864006042e-02,7.864740677177906036e-03,2.013819813728332520e-01,6.490053981542587280e-02,1.933625191450119019e-01,-3.478207588195800781e-01,7.227201480418443680e-03,-2.435596883296966553e-01,8.634009957313537598e-02,4.180793836712837219e-02,4.197172820568084717e-02,-6.508441269397735596e-02,-9.021085500717163086e-02,1.230051964521408081e-01,3.398156911134719849e-02,-2.710040807723999023e-01,-7.335914671421051025e-02,3.519611805677413940e-02,1.049325466156005859e-01,2.028842270374298096e-01,-1.755757778882980347e-01,-1.148338913917541504e-01,-3.307257890701293945e-01,-4.912978410720825195e-01,-3.093564696609973907e-02,7.854133099317550659e-02,-1.019530221819877625e-01,-1.540663987398147583e-01,-6.086452864110469818e-03,1.289141923189163208e-01,-4.380350112915039062e-01,-3.700340986251831055e-01,8.000836521387100220e-02,9.803436696529388428e-03,-1.772091984748840332e-01,2.452825568616390228e-02,-1.497594267129898071e-01,1.721941381692886353e-01,2.880198694765567780e-02,4.686307162046432495e-03,-3.043187968432903290e-02,-1.181754516437649727e-03,-9.204747155308723450e-03,-1.546500176191329956e-01,-1.008323132991790771e-01,-4.116586595773696899e-02,4.585491120815277100e-02,-1.569576263427734375e-01,2.973432242870330811e-01,-2.112581627443432808e-03,-2.081904709339141846e-01,4.076536595821380615e-01,2.949509210884571075e-02,5.880197882652282715e-02,-9.901548177003860474e-02,-2.007799036800861359e-02,5.518621578812599182e-02,1.994930654764175415e-01,-2.220175811089575291e-04,-5.231067538261413574e-02,4.771246388554573059e-02,2.618809044361114502e-02,4.334034323692321777e-01,5.273927375674247742e-02,-5.252226069569587708e-02,-3.574608564376831055e-01,2.456599771976470947e-01,-1.292047649621963501e-01,3.045838177204132080e-01,-1.276163756847381592e-01,-4.982438981533050537e-01,1.302534900605678558e-02,-2.065926492214202881e-01,2.943246960639953613e-01,1.125304996967315674e-01,4.482923820614814758e-02,1.344519853591918945e-01,-9.010006487369537354e-02,-1.605929248034954071e-02,2.754374146461486816e-01
3.748723864555358887e-02,9.741650894284248352e-03,1.130359154194593430e-02,-2.214524522423744202e-02,2.355717308819293976e-02,-8.453371375799179077e-02,-6.414550356566905975e-03,7.199816871434450150e-03,4.479351639747619629e-02,7.162617053836584091e-03,-3.659048117697238922e-03,-2.761216368526220322e-03,4.413763061165809631e-02,3.771319612860679626e-02,3.708618879318237305e-02,1.648112013936042786e-02,1.643752446398139000e-03,2.142670378088951111e-02,2.027593180537223816e-02,2.149217016994953156e-02,-5.602740496397018433e-02,-8.940783329308032990e-03,-2.272920124232769012e-02,6.272905506193637848e-03,4.379386082291603088e-03,2.272169478237628937e-02,-1.100051030516624451e-02,-1.295277755707502365e-02,-5.784120783209800720e-02,2.221543155610561371e-02,-2.227755263447761536e-02,-3.058977425098419189e-02,3.411643952131271362e-02,-2.203625254333019257e-02,4.905952606350183487e-03,-2.027494832873344421e-02,-3.961981274187564850e-03,2.627175766974687576e-03,3.296402748674154282e-03,-1.095518283545970917e-02,3.231456875801086426e-02,1.466664299368858337e-02,-2.735814638435840607e-02,-1.700324704870581627e-03,9.958007140085101128e-04,-2.947770431637763977e-02,1.616914640180766582e-03,2.651202259585261345e-03,1.102579105645418167e-02,2.482744865119457245e-02,-4.673619195818901062e-02,2.468618936836719513e-02,1.320060808211565018e-02,4.773044958710670471e-02,1.490438543260097504e-02,6.571342237293720245e-03,-7.103715091943740845e-03,1.366756914649158716e-04,-2.975639142096042633e-02,-5.820703227072954178e-03,-9.273269213736057281e-03,8.724517188966274261e-03,2.086220076307654381e-03,2.189617045223712921e-02,-5.715428269468247890e-04,-6.214341148734092712e-03,1.044463552534580231e-02,2.371157519519329071e-02,-2.421096339821815491e-02,3.796472446992993355e-03,-9.054135531187057495e-03,2.798595279455184937e-02,-2.303328737616539001e-02,1.990334503352642059e-02,-2.077294327318668365e-02,-1.083660405129194260e-02,-4.340189043432474136e-03,1.789258443750441074e-03,-2.035911381244659424e-02,2.677750773727893829e-03,-2.512917295098304749e-02,4.279389395378530025e-04,-9.449654258787631989e-03,5.131717771291732788e-03,-9.702129289507865906e-03,-4.577823728322982788e-02,-6.021256092935800552e-03,2.776315377559512854e-04,5.810627713799476624e-02,-6.089354865252971649e-03,8.597010746598243713e-04,-1.411887258291244507e-02,-2.445281855762004852e-02,2.216184139251708984e-02,-9.079465642571449280e-03,1.877685450017452240e-02,9.936707094311714172e-03,-1.712453085929155350e-04,-1.091817207634449005e-02,7.004668004810810089e-03,2.047561481595039368e-02,2.642357163131237030e-02,-2.591703273355960846e-02,-8.523617871105670929e-04,-8.439320954494178295e-04,-5.536874756217002869e-02,6.332430988550186157e-03,3.725243965163826942e-03,-6.067977100610733032e-02,-4.803000483661890030e-03,4.448136687278747559e-02,3.224921226501464844e-02,-5.404259078204631805e-03,-5.530712008476257324e-02,-1.164042484015226364e-02,-2.863721363246440887e-02,-2.984297461807727814e-03,-3.620271012187004089e-02,-3.476778790354728699e-02,5.145881325006484985e-03,-3.341249376535415649e-02,4.304440692067146301e-02,1.470804866403341293e-02,-2.843546867370605469e-02,3.270403668284416199e-02,-1.485004089772701263e-02,-6.749590858817100525e-03,-2.313723973929882050e-02
3.696652874350547791e-02,9.206431917846202850e-03,-9.660317003726959229e-02,3.978157415986061096e-02,-2.409979701042175293e-03,-1.705760695040225983e-02,7.011177949607372284e-03,8.659093640744686127e-03,7.162617053836584091e-03,1.922200247645378113e-02,2.376369573175907135e-02,-2.157280594110488892e-02,5.241538956761360168e-02,-9.750159457325935364e-03,4.475563392043113708e-02,2.022161334753036499e-02,9.854009374976158142e-03,8.855425566434860229e-02,-1.120811607688665390e-02,-2.850789949297904968e-02,4.090183600783348083e-02,7.336891442537307739e-02,5.906857177615165710e-02,-6.602592300623655319e-03,1.553436182439327240e-02,9.586548805236816406e-02,-8.166953921318054199e-02,-2.067563496530056000e-02,7.409012317657470703e-02,-4.476194083690643311e-02,1.091969106346368790e-02,-1.080246120691299438e-01,8.719495683908462524e-02,4.039710015058517456e-02,4.492398351430892944e-03,-7.789245992898941040e-02,-6.919314153492450714e-03,1.299473643302917480e-02,-1.847253739833831787e-02,-9.565630555152893066e-02,9.058551490306854248e-02,-1.068794354796409607e-02,6.055725365877151489e-02,8.519281633198261261e-03,1.922664977610111237e-02,-7.487773895263671875e-02,-4.943774268031120300e-02,-1.180569175630807877e-02,-7.925257086753845215e-03,-1.910093054175376892e-02,-2.962101018056273460e-03,-1.644314825534820557e-02,5.908818542957305908e-02,4.827862139791250229e-03,1.332114823162555695e-02,-6.509955972433090210e-02,7.345336955040693283e-03,5.647382698953151703e-03,-2.682862617075443268e-02,-3.800434246659278870e-02,-3.180962428450584412e-02,2.980536781251430511e-02,8.060853928327560425e-03,5.003269761800765991e-02,-1.341436244547367096e-02,-1.777384430170059204e-02,2.357457764446735382e-02,1.001098975539207458e-01,-9.578210115432739258e-02,-2.650554291903972626e-02,-7.474455237388610840e-02,-6.567128933966159821e-03,-2.865486964583396912e-02,8.196576684713363647e-02,-4.853822663426399231e-02,-7.966012507677078247e-02,-4.457806237041950226e-03,1.138096973299980164e-01,-2.963403798639774323e-02,-6.290119886398315430e-02,1.102071031928062439e-01,4.047498572617769241e-03,-3.756835684180259705e-02,5.725676659494638443e-03,-9.328111261129379272e-02,-4.245030507445335388e-02,3.261461481451988220e-02,9.196894243359565735e-03,5.147061496973037720e-02,3.651433507911860943e-04,-2.097531966865062714e-02,-3.814134001731872559e-02,-9.568025171756744385e-02,4.418586567044258118e-02,-5.835356190800666809e-02,-4.215592984110116959e-03,4.611532390117645264e-02,-9.646922117099165916e-04,-3.242471441626548767e-02,3.115869499742984772e-02,7.898575626313686371e-03,3.458458185195922852e-02,-6.934417784214019775e-02,-2.253594342619180679e-03,1.248698234558105469e-01,1.811885461211204529e-02,-7.832086831331253052e-02,-4.096319526433944702e-02,-6.420102715492248535e-02,-2.016287297010421753e-02,6.649448722600936890e-02,-5.286040529608726501e-02,-5.169169604778289795e-02,4.139426164329051971e-03,8.577271550893783569e-02,-8.639904856681823730e-02,2.786883153021335602e-02,4.448858648538589478e-02,-9.663228690624237061e-02,2.179804816842079163e-02,8.818448334932327271e-02,8.639544993638992310e-02,7.967894524335861206e-02,-3.397385030984878540e-02,-6.610231101512908936e-02,-4.153920710086822510e-02,1.400972064584493637e-02,5.417628586292266846e-02
-2.875830046832561493e-02,2.995517104864120483e-02,-2.429567724466323853e-01,-4.354451224207878113e-02,1.693499158136546612e-03,-4.651001840829849243e-02,-2.314547449350357056e-02,-6.116677820682525635e-02,-3.659048117697238922e-03,2.376369573175907135e-02,1.698962002992630005e-01,-3.877806290984153748e-02,7.087115943431854248e-02,-1.116623282432556152e-01,9.867988526821136475e-02,7.586850970983505249e-02,1.352391578257083893e-02,1.450588256120681763e-01,-3.196003288030624390e-02,-1.536363810300827026e-01,3.081393837928771973e-01,1.998129338026046753e-01,1.242985799908638000e-01,1.307194381952285767e-01,1.292261388152837753e-02,2.987229228019714355e-01,-2.465080767869949341e-01,-1.404446065425872803e-01,2.807878851890563965e-01,-9.159456938505172729e-02,4.648199304938316345e-02,-1.669962704181671143e-01,2.541542798280715942e-02,2.095208466053009033e-01,-6.040790467523038387e-04,-1.505114436149597168e-01,-2.917060628533363342e-02,2.969272807240486145e-02,-4.148732870817184448e-02,-6.917425245046615601e-02,1.831764876842498779e-01,-9.459018707275390625e-02,2.436133325099945068e-01,1.870337501168251038e-02,2.280402259202674031e-05,-1.278109103441238403e-01,-1.803164184093475342e-01,2.099069021642208099e-02,-5.626997351646423340e-02,-1.182848438620567322e-01,4.510124400258064270e-02,-1.118025407195091248e-01,1.726402156054973602e-02,7.605820894241333008e-02,-9.006187319755554199e-02,-1.538132131099700928e-01,4.832692816853523254e-02,2.101870253682136536e-02,-7.657058537006378174e-02,-4.242557287216186523e-02,8.285398036241531372e-02,-3.690272569656372070e-02,5.466229747980833054e-03,1.323725003749132156e-02,-1.401873212307691574e-02,-3.399221599102020264e-02,6.473315507173538208e-02,1.942816674709320068e-01,-2.523748576641082764e-01,6.497802678495645523e-03,-7.025801390409469604e-02,-8.907830715179443359e-02,-3.831536695361137390e-02,2.006451487541198730e-01,-6.672546267509460449e-02,-8.350728452205657959e-02,-2.031212113797664642e-02,2.746461331844329834e-01,1.719600260257720947e-01,-6.506039947271347046e-02,1.340683847665786743e-01,7.832855917513370514e-03,-1.711556166410446167e-01,2.509769983589649200e-03,-8.683102577924728394e-02,-2.543801963329315186e-01,1.943986862897872925e-01,3.034646064043045044e-02,1.459731757640838623e-01,1.741126878187060356e-03,-5.895593762397766113e-02,8.475107140839099884e-03,-8.518973737955093384e-02,5.318612232804298401e-02,-8.475273102521896362e-02,4.443059861660003662e-02,1.072359755635261536e-01,-1.494959928095340729e-03,-1.097594648599624634e-01,-7.456278055906295776e-02,-2.230070903897285461e-02,4.105704650282859802e-02,-9.400651603937149048e-02,-3.415148472413420677e-03,2.216185182332992554e-01,-1.002121865749359131e-01,2.693817019462585449e-02,-1.044416278600692749e-01,-1.187415048480033875e-01,-4.855098202824592590e-02,-3.320226818323135376e-02,-4.698892310261726379e-02,-1.223457381129264832e-01,6.338938605040311813e-03,2.361479401588439941e-01,-2.037131041288375854e-01,9.846311062574386597e-02,1.358357518911361694e-01,-1.043139621615409851e-01,6.921949330717325211e-03,2.661797106266021729e-01,1.477440148591995239e-01,1.514021903276443481e-01,-6.433625519275665283e-02,-2.572173178195953369e-01,-4.043501242995262146e-02,3.324398025870323181e-02,5.775339528918266296e-02
-8.707456290721893311e-02,-1.141514629125595093e-02,1.412230730056762695e-01,-6.241218373179435730e-02,4.453112371265888214e-03,9.794560261070728302e-03,6.548584438860416412e-03,-6.672739237546920776e-02,-2.761216368526220322e-03,-2.157280594110488892e-02,-3.877806290984153748e-02,3.597515448927879333e-02,-1.021966561675071716e-01,-3.061047568917274475e-02,-8.464848250150680542e-02,-3.491451218724250793e-02,-1.154477335512638092e-02,-1.225853264331817627e-01,-7.816789729986339808e-05,3.440902754664421082e-02,-6.013391166925430298e-02,-1.059372648596763611e-01,-1.153194233775138855e-01,4.169070348143577576e-02,-1.931747794151306152e-02,-1.026165559887886047e-01,1.141507178544998169e-01,4.062641784548759460e-02,-1.046371757984161377e-01,8.214455097913742065e-02,-4.474150016903877258e-03,1.471718549728393555e-01,-1.006736904382705688e-01,-7.574439793825149536e-02,8.709624526090919971e-04,1.334645152091979980e-01,8.765203878283500671e-03,-1.975920051336288452e-02,4.475992545485496521e-02,1.528363525867462158e-01,-1.108211651444435120e-01,1.492222677916288376e-02,-8.924013376235961914e-02,-1.447424292564392090e-02,-8.328235894441604614e-02,1.338465213775634766e-01,8.707668632268905640e-02,1.578096114099025726e-02,2.203349582850933075e-02,4.682759940624237061e-02,-2.765909768640995026e-02,2.084468118846416473e-02,-8.425619453191757202e-02,3.850986063480377197e-02,-5.264888051897287369e-03,1.105271875858306885e-01,-2.558105997741222382e-02,-1.310206390917301178e-02,1.253245864063501358e-02,5.194367468357086182e-02,3.773457929491996765e-02,-4.177016392350196838e-02,-1.180709619075059891e-02,-1.261825393885374069e-02,2.173634245991706848e-02,2.112842909991741180e-02,-3.458308055996894836e-02,-1.341409385204315186e-01,1.466390341520309448e-01,5.643746629357337952e-02,1.165523901581764221e-01,6.525737047195434570e-02,4.412325471639633179e-02,-1.156016364693641663e-01,6.393174082040786743e-02,8.381018787622451782e-02,5.388837307691574097e-03,-1.609200686216354370e-01,5.375830084085464478e-02,1.185515820980072021e-01,-1.462563872337341309e-01,-6.273412145674228668e-03,5.349196493625640869e-02,-8.735604584217071533e-03,1.132629811763763428e-01,3.494468703866004944e-02,-3.346337005496025085e-02,-1.391672529280185699e-02,-5.464815720915794373e-02,-3.674246603623032570e-03,2.194704301655292511e-02,5.322978645563125610e-02,1.228774189949035645e-01,-4.991228878498077393e-02,6.542371958494186401e-02,1.413884107023477554e-02,-6.565596908330917358e-02,1.358787762001156807e-03,6.705223023891448975e-02,-6.526561081409454346e-02,-6.713344249874353409e-03,-3.694485872983932495e-02,9.603009372949600220e-02,4.292996134608983994e-03,-1.642640978097915649e-01,-3.020979836583137512e-02,8.476118743419647217e-02,6.347375363111495972e-02,4.538211226463317871e-02,2.379228919744491577e-02,-1.237271577119827271e-01,5.770585313439369202e-02,8.175574988126754761e-02,1.315747387707233429e-02,-1.364786922931671143e-01,1.160441040992736816e-01,-6.119579821825027466e-02,-6.485937535762786865e-02,1.549925208091735840e-01,-2.597073651850223541e-02,-1.044832766056060791e-01,-1.262230426073074341e-01,-1.091629937291145325e-01,2.737491391599178314e-02,9.624769538640975952e-02,5.178767070174217224e-02,-2.067323587834835052e-02,-8.881925046443939209e-02
