4.458522200584411621e-01,-6.411568727344274521e-03,1.417305786162614822e-02,-6.214040890336036682e-02,1.695949286222457886e-01,-1.876003742218017578e-01,1.457061767578125000e-01,3.891853094100952148e-01,1.060478612780570984e-01,8.474839478731155396e-02,-1.570129990577697754e-01,-6.266833096742630005e-02,-1.285663694143295288e-01,5.738761276006698608e-02,9.527682512998580933e-02,1.073635146021842957e-01,2.564549213275313377e-03,-6.333566457033157349e-02,9.300422668457031250e-02,-2.708018943667411804e-02,-1.438497453927993774e-01,-4.050720483064651489e-02,-8.255384862422943115e-02,6.251101940870285034e-02,1.494175288826227188e-02,2.614166587591171265e-02,6.881818175315856934e-02,-1.719760298728942871e-01,-4.430325329303741455e-02,-1.083009913563728333e-01,-1.584381014108657837e-01,-1.838161051273345947e-02,-3.375599533319473267e-02,3.387498483061790466e-02,-1.889263652265071869e-02,-8.832722902297973633e-03,-1.253756508231163025e-02,3.286743536591529846e-02,-2.034422010183334351e-01,-3.502219915390014648e-01,2.004880905151367188e-01,9.602024406194686890e-02,-1.339481323957443237e-01,1.492683123797178268e-02,-7.288078218698501587e-02,1.230991929769515991e-01,-6.492771953344345093e-02,-1.002547442913055420e-01,8.981825411319732666e-02,-6.059732288122177124e-02,-1.487292349338531494e-01,-7.240585982799530029e-02,3.023433387279510498e-01,-4.458963125944137573e-02,-5.888499319553375244e-02,-1.305024623870849609e-01,8.703026175498962402e-02,2.550027798861265182e-03,1.067840754985809326e-01,-3.001384902745485306e-03,-1.188718676567077637e-01,-2.789631672203540802e-02,2.506260992959141731e-03,1.876756548881530762e-01,2.300518564879894257e-02,9.854271076619625092e-03,-2.586651444435119629e-01,1.097442656755447388e-01,-8.828034996986389160e-02,1.387681812047958374e-01,-1.908298879861831665e-01,1.319267004728317261e-01,3.423625975847244263e-02,8.509613573551177979e-02,-1.238237693905830383e-01,-1.215493306517601013e-01,1.343044801615178585e-03,3.104472346603870392e-02,-1.336955279111862183e-01,-5.734736844897270203e-02,7.071775943040847778e-02,2.340196078876033425e-04,-1.481914669275283813e-01,-2.201630501076579094e-03,-2.931475937366485596e-01,9.994579851627349854e-02,2.234168648719787598e-01,-1.921800721902400255e-04,-1.290202289819717407e-01,9.590251743793487549e-02,-1.659997701644897461e-01,1.117502748966217041e-01,1.187838166952133179e-01,-1.094775944948196411e-01,-8.702994883060455322e-02,-2.980507314205169678e-01,7.479380071163177490e-02,-6.578380271093919873e-05,-1.138147264719009399e-01,2.543391287326812744e-01,-2.108009606599807739e-01,2.724845111370086670e-01,-2.618297375738620758e-02,-4.888310283422470093e-02,-1.939506828784942627e-02,2.715271115303039551e-01,8.994694799184799194e-02,1.462868899106979370e-01,-2.787115275859832764e-01,5.269434303045272827e-03,7.957383990287780762e-03,5.216305702924728394e-02,5.028107017278671265e-02,7.465969771146774292e-02,8.773826062679290771e-02,-4.352619871497154236e-02,2.951960563659667969e-01,-9.255982190370559692e-02,-2.225978970527648926e-01,-2.305041765794157982e-03,-1.745346337556838989e-01,1.184751018881797791e-01,1.547457873821258545e-01,1.989001184701919556e-01,-4.952032119035720825e-02,-4.329151939600706100e-03,5.056426394730806351e-03,3.311638534069061279e-02
-6.411568727344274521e-03,1.585439778864383698e-02,-1.176918521523475647e-01,8.631260693073272705e-02,5.623090267181396484e-02,6.990237161517143250e-03,9.710024110972881317e-03,2.041218429803848267e-02,3.360624238848686218e-02,6.293033063411712646e-02,7.509032730013132095e-03,-4.298402741551399231e-02,9.612361341714859009e-02,9.025513380765914917e-02,1.060073301196098328e-01,1.136961877346038818e-01,-2.790931845083832741e-03,7.514676451683044434e-02,-9.301440417766571045e-02,-7.567985355854034424e-02,-5.797876417636871338e-02,8.384029567241668701e-02,8.729241043329238892e-02,2.318883925909176469e-04,1.077290717512369156e-02,1.089160218834877014e-01,-1.153590455651283264e-01,-4.368255287408828735e-02,1.072725951671600342e-01,-3.759884834289550781e-02,5.895762145519256592e-02,-1.178346425294876099e-01,8.834284543991088867e-02,8.415284007787704468e-02,-3.282607300207018852e-03,-1.190739199519157410e-01,5.689805746078491211e-02,9.122510254383087158e-02,-7.995148748159408569e-02,-6.041222438216209412e-02,8.716747164726257324e-02,1.645026355981826782e-02,1.131491884589195251e-01,2.677777968347072601e-02,-1.041898317635059357e-02,-9.735382348299026489e-02,-1.116201654076576233e-01,-3.198574110865592957e-02,-1.857597567141056061e-02,1.045471336692571640e-02,3.873302787542343140e-02,-2.233175933361053467e-02,2.585851354524493217e-03,4.521872382611036301e-03,-1.022540032863616943e-02,-1.238452568650245667e-01,3.149002790451049805e-02,7.615757174789905548e-03,-6.677056849002838135e-02,-8.120635896921157837e-02,-3.661113092675805092e-03,1.040168665349483490e-02,3.625299781560897827e-03,4.492237418889999390e-02,1.870291307568550110e-03,-2.899782545864582062e-02,6.006075814366340637e-02,1.072539463639259338e-01,-1.079712584614753723e-01,2.651621028780937195e-02,-8.622953295707702637e-02,-5.469227209687232971e-02,-3.053641691803932190e-02,1.039951667189598083e-01,-1.893440820276737213e-02,-1.038808226585388184e-01,-1.664798473939299583e-03,1.290905475616455078e-01,-2.920227684080600739e-02,-9.877452254295349121e-02,1.171883344650268555e-01,4.888918483629822731e-04,-9.583231806755065918e-02,-7.399452151730656624e-04,-8.128059655427932739e-02,-1.101035848259925842e-01,7.148462533950805664e-02,3.029024926945567131e-03,7.950641214847564697e-02,6.674779951572418213e-02,-1.548030134290456772e-02,-4.588430747389793396e-02,-9.517437219619750977e-02,3.495631366968154907e-02,-9.684857726097106934e-02,1.882759109139442444e-02,9.263753890991210938e-02,-2.749089071585331112e-05,-8.434964716434478760e-02,5.109466239809989929e-02,-3.280899673700332642e-02,2.266621030867099762e-02,-1.223362833261489868e-01,-8.633161336183547974e-02,1.287624239921569824e-01,1.155683957040309906e-02,-9.834798425436019897e-02,-1.121726110577583313e-01,-1.405735500156879425e-02,-5.652476102113723755e-03,8.426485210657119751e-02,-8.643458783626556396e-02,-1.050816476345062256e-01,-9.200380882248282433e-04,1.178492754697799683e-01,-1.067366600036621094e-01,5.295551940798759460e-02,5.009079352021217346e-02,-1.107745170593261719e-01,4.855454340577125549e-02,6.447876244783401489e-02,8.925522118806838989e-02,9.955586493015289307e-02,-7.434507459402084351e-02,-6.247113645076751709e-02,-9.031078219413757324e-02,-3.738831030204892159e-03,7.988873124122619629e-02
1.417305786162614822e-02,-1.176918521523475647e-01,8.332673311233520508e-01,-6.932293176651000977e-01,-4.119078516960144043e-01,-1.147865355014801025e-01,-1.336270421743392944e-01,-1.792029440402984619e-01,-2.394555509090423584e-01,-5.197082161903381348e-01,-1.861878111958503723e-02,3.514299988746643066e-01,-6.530681848526000977e-01,-7.034870386123657227e-01,-7.694805860519409180e-01,-7.557296156883239746e-01,2.132954820990562439e-02,-5.562494397163391113e-01,7.097482085227966309e-01,6.349124312400817871e-01,4.717707037925720215e-01,-6.635805368423461914e-01,-7.055535912513732910e-01,5.651300307363271713e-03,-8.873828500509262085e-02,-7.019109129905700684e-01,7.766723036766052246e-01,2.690144479274749756e-01,-7.629579305648803711e-01,3.048353493213653564e-01,-4.474523067474365234e-01,8.140859603881835938e-01,-6.681629419326782227e-01,-6.962159276008605957e-01,2.817363850772380829e-02,7.958043217658996582e-01,-4.448789358139038086e-01,-7.045485973358154297e-01,5.334408283233642578e-01,5.236969590187072754e-01,-6.259458661079406738e-01,-1.465577632188796997e-01,-7.651208639144897461e-01,-2.194053530693054199e-01,8.759902417659759521e-02,6.981757879257202148e-01,8.096752762794494629e-01,2.620880007743835449e-01,1.388733536005020142e-01,2.060233429074287415e-02,-3.065377175807952881e-01,2.085774838924407959e-01,-6.681454926729202271e-02,-2.032682485878467560e-02,5.550386756658554077e-02,8.280695676803588867e-01,-2.803663611412048340e-01,-6.181440502405166626e-02,4.935262203216552734e-01,6.573871970176696777e-01,6.174052879214286804e-02,-1.100796610116958618e-01,-2.990615740418434143e-02,-3.683768212795257568e-01,-1.157977804541587830e-02,2.230591028928756714e-01,-4.055344164371490479e-01,-7.325043678283691406e-01,7.725748419761657715e-01,-1.573628932237625122e-01,6.663259863853454590e-01,4.348020553588867188e-01,2.587849795818328857e-01,-7.733259797096252441e-01,1.259562671184539795e-01,7.472913861274719238e-01,1.167266722768545151e-02,-8.638995885848999023e-01,2.891502380371093750e-01,7.414267063140869141e-01,-8.320297002792358398e-01,-4.017651081085205078e-03,7.119194865226745605e-01,7.026467006653547287e-03,5.851472616195678711e-01,7.589327692985534668e-01,-5.684622526168823242e-01,-2.244495041668415070e-02,-5.762643814086914062e-01,-5.482868552207946777e-01,1.334093660116195679e-01,3.696704208850860596e-01,7.015557289123535156e-01,-2.639517784118652344e-01,7.313844561576843262e-01,-1.263983100652694702e-01,-6.903974413871765137e-01,2.273803256684914231e-04,6.256204843521118164e-01,-3.973343074321746826e-01,3.251608014106750488e-01,-1.609631180763244629e-01,8.356599211692810059e-01,6.786240935325622559e-01,-8.543419837951660156e-01,-2.298803329467773438e-01,7.093524932861328125e-01,7.473586797714233398e-01,8.575545251369476318e-02,4.432443529367446899e-02,-6.383419036865234375e-01,7.043786644935607910e-01,7.649697065353393555e-01,-1.119269430637359619e-01,-7.949814200401306152e-01,7.671158313751220703e-01,-3.902879655361175537e-01,-4.085859954357147217e-01,7.868862748146057129e-01,-4.000234901905059814e-01,-4.749993383884429932e-01,-7.018479704856872559e-01,-7.393962144851684570e-01,5.342864394187927246e-01,5.485889911651611328e-01,7.072733044624328613e-01,1.904035918414592743e-02,-6.589511632919311523e-01
-6.214040890336036682e-02,8.631260693073272705e-02,-6.932293176651000977e-01,6.727643609046936035e-01,2.349691689014434814e-01,1.689784526824951172e-01,1.060024648904800415e-01,3.681668266654014587e-02,1.692032366991043091e-01,3.907396793365478516e-01,-3.918945416808128357e-02,-2.586356103420257568e-01,4.393794536590576172e-01,6.275218725204467773e-01,6.166472434997558594e-01,5.271497368812561035e-01,-1.399602927267551422e-02,4.651949107646942139e-01,-6.274328231811523438e-01,-4.873083233833312988e-01,-4.647769927978515625e-01,5.414450168609619141e-01,5.891977548599243164e-01,9.964108467102050781e-03,6.736728549003601074e-02,4.602476656436920166e-01,-5.751314163208007812e-01,-4.942158982157707214e-02,5.563830137252807617e-01,-1.394314765930175781e-01,3.372752070426940918e-01,-6.829725503921508789e-01,6.179533004760742188e-01,5.289942622184753418e-01,-8.532385341823101044e-03,-6.076891422271728516e-01,3.303219377994537354e-01,5.232190489768981934e-01,-2.776208519935607910e-01,-4.775393307209014893e-01,4.708001315593719482e-01,1.329932361841201782e-01,6.049059629440307617e-01,1.639150828123092651e-01,-1.100405231118202209e-01,-4.823676347732543945e-01,-6.791593432426452637e-01,-2.189680188894271851e-01,-1.192474961280822754e-01,4.266485571861267090e-02,2.684305012226104736e-01,-1.208444535732269287e-01,7.845105975866317749e-02,-5.321163218468427658e-03,6.496826559305191040e-02,-6.345404386520385742e-01,2.305183559656143188e-01,4.404230788350105286e-02,-4.051042497158050537e-01,-5.424301028251647949e-01,-9.815676510334014893e-02,1.513519585132598877e-01,2.726971916854381561e-02,2.476692199707031250e-01,3.692898154258728027e-02,-1.674847751855850220e-01,3.333923518657684326e-01,5.143223404884338379e-01,-5.869434475898742676e-01,7.865364663302898407e-03,-4.763530194759368896e-01,-2.400781065225601196e-01,-2.584106028079986572e-01,6.319973468780517578e-01,-1.048234328627586365e-01,-5.986422300338745117e-01,-6.482755765318870544e-03,6.838939189910888672e-01,-3.690283894538879395e-01,-5.686737895011901855e-01,7.384807467460632324e-01,3.002225188538432121e-03,-5.014279484748840332e-01,-4.378914367407560349e-03,-4.180784821510314941e-01,-5.812055468559265137e-01,3.349742591381072998e-01,1.367296930402517319e-02,3.982993662357330322e-01,3.867908120155334473e-01,-9.248463809490203857e-02,-3.936677277088165283e-01,-6.226239204406738281e-01,2.738261818885803223e-01,-6.112751364707946777e-01,1.499563306570053101e-01,5.229528546333312988e-01,-1.601453986950218678e-04,-3.909447491168975830e-01,2.468268573284149170e-01,-1.747552007436752319e-01,-4.686689004302024841e-02,-7.207999825477600098e-01,-4.894180893898010254e-01,7.211917638778686523e-01,2.930849492549896240e-01,-7.153028845787048340e-01,-5.905728340148925781e-01,2.555838227272033691e-02,-3.469478711485862732e-02,5.912443995475769043e-01,-6.462045311927795410e-01,-6.263623237609863281e-01,1.543471068143844604e-01,6.083393692970275879e-01,-5.983266234397888184e-01,1.687307953834533691e-01,3.035258650779724121e-01,-6.282394528388977051e-01,3.520211279392242432e-01,3.734100461006164551e-01,5.861379504203796387e-01,5.815632343292236328e-01,-4.350286126136779785e-01,-3.792218863964080811e-01,-5.875095129013061523e-01,-2.688736096024513245e-02,5.118609666824340820e-01
1.695949286222457886e-01,5.623090267181396484e-02,-4.119078516960144043e-01,2.349691689014434814e-01,3.590530157089233398e-01,-7.974783331155776978e-02,8.487985283136367798e-02,3.438724875450134277e-01,1.056120619177818298e-01,2.420633733272552490e-01,-4.191765096038579941e-03,-1.836052685976028442e-01,3.429058194160461426e-01,2.803574204444885254e-01,4.310659468173980713e-01,5.166115760803222656e-01,-1.110226009041070938e-02,2.687324881553649902e-01,-2.460004240274429321e-01,-2.581298947334289551e-01,-1.219895482063293457e-01,2.688405811786651611e-01,2.512405812740325928e-01,4.294373467564582825e-02,3.902789577841758728e-02,4.561230838298797607e-01,-4.208453297615051270e-01,-3.524734973907470703e-01,4.310885369777679443e-01,-2.463494837284088135e-01,1.602361351251602173e-01,-3.753504753112792969e-01,2.227379083633422852e-01,3.085155189037322998e-01,-2.921333536505699158e-02,-4.565188586711883545e-01,2.009859234094619751e-01,3.528761267662048340e-01,-5.191060900688171387e-01,-3.173973858356475830e-01,4.006733298301696777e-01,8.333848416805267334e-02,3.877666294574737549e-01,1.065445840358734131e-01,9.505102410912513733e-03,-3.389524221420288086e-01,-4.330517947673797607e-01,-1.597971469163894653e-01,-4.982527717947959900e-02,4.597814753651618958e-02,6.855062395334243774e-02,-1.831722110509872437e-01,8.617507666349411011e-02,1.399670075625181198e-02,-1.488886922597885132e-01,-5.497859716415405273e-01,1.465664505958557129e-01,3.088529594242572784e-02,-1.966297626495361328e-01,-2.797209322452545166e-01,-7.172356825321912766e-03,-4.650305211544036865e-02,1.097417157143354416e-02,2.123753726482391357e-01,-1.173289399594068527e-02,-9.942598640918731689e-02,1.403642594814300537e-01,4.983426034450531006e-01,-4.168209731578826904e-01,2.592494785785675049e-01,-4.318688809871673584e-01,-2.213365882635116577e-01,-2.085228823125362396e-02,3.932111561298370361e-01,-1.100920513272285461e-01,-4.391125142574310303e-01,-6.942409556359052658e-03,4.971419870853424072e-01,-7.475846260786056519e-02,-3.672396838665008545e-01,4.037822186946868896e-01,1.813344075344502926e-03,-4.592129886150360107e-01,-4.780309274792671204e-03,-4.596293568611145020e-01,-3.961141109466552734e-01,4.022217690944671631e-01,1.351551059633493423e-02,2.165045440196990967e-01,2.893890142440795898e-01,-1.531640440225601196e-01,-3.449454158544540405e-02,-2.358042597770690918e-01,2.406404912471771240e-02,-3.462470173835754395e-01,-8.812996745109558105e-02,4.280163943767547607e-01,-1.289686188101768494e-04,-4.059390425682067871e-01,3.249538838863372803e-01,-2.291583716869354248e-01,2.681405842304229736e-01,-4.170060157775878906e-01,-3.489384651184082031e-01,4.349108934402465820e-01,9.778555482625961304e-02,-2.149289846420288086e-01,-3.785349428653717041e-01,-2.239222377538681030e-01,-1.223339792340993881e-02,2.034148871898651123e-01,-2.014392316341400146e-01,-3.547363281250000000e-01,-6.951903551816940308e-02,5.419260263442993164e-01,-3.907995223999023438e-01,4.010614752769470215e-01,1.561802327632904053e-01,-5.073120594024658203e-01,1.335527449846267700e-01,1.938970685005187988e-01,3.186416923999786377e-01,4.171787202358245850e-01,-1.829970479011535645e-01,-2.417464256286621094e-01,-2.684784829616546631e-01,-2.186433412134647369e-02,2.964910864830017090e-01
-1.876003742218017578e-01,6.990237161517143250e-03,-1.147865355014801025e-01,1.689784526824951172e-01,-7.974783331155776978e-02,2.322278171777725220e-01,-2.766856178641319275e-02,-1.430012136697769165e-01,-9.443006664514541626e-02,-8.718815515749156475e-04,7.267308235168457031e-02,-1.537480019032955170e-02,3.854059427976608276e-02,1.471331417560577393e-01,7.237268984317779541e-02,-1.660126447677612305e-02,-2.244042931124567986e-03,4.167447611689567566e-02,-9.638793021440505981e-02,-9.022417664527893066e-02,4.966680891811847687e-03,1.322723925113677979e-01,1.630703955888748169e-01,-2.766953222453594208e-02,-1.175960293039679527e-03,-6.877713650465011597e-02,-9.542676061391830444e-02,1.295752227306365967e-01,1.044729351997375488e-01,2.329989895224571228e-02,1.065213903784751892e-01,-8.189068734645843506e-02,6.186602637171745300e-02,1.253382265567779541e-01,2.399156102910637856e-03,-6.617949903011322021e-02,2.983191236853599548e-02,2.514586225152015686e-02,1.038676500320434570e-01,-1.618076302111148834e-02,-1.175040677189826965e-01,-1.588296517729759216e-02,1.278901100158691406e-01,2.224806882441043854e-02,9.251010417938232422e-02,-1.173179522156715393e-01,-7.086528092622756958e-02,4.406036809086799622e-03,-9.275268018245697021e-02,-5.485764890909194946e-02,1.188161745667457581e-01,-6.575364619493484497e-02,-1.030057594180107117e-01,-1.170505117624998093e-02,4.001787677407264709e-02,-4.062996059656143188e-02,2.207940071821212769e-02,5.209985654801130295e-03,-3.178678825497627258e-02,-7.035954296588897705e-02,2.461359277367591858e-02,4.791474714875221252e-02,4.511635750532150269e-03,-1.475309580564498901e-01,-2.757262624800205231e-02,-6.559679750353097916e-03,1.341924220323562622e-01,-1.698476076126098633e-02,-1.997938193380832672e-02,-1.004596054553985596e-01,3.771590441465377808e-02,-1.837113797664642334e-01,-4.971945285797119141e-02,5.532726645469665527e-02,1.061615422368049622e-01,-7.744416594505310059e-03,3.696535422932356596e-04,7.474758476018905640e-02,-1.790226623415946960e-02,-4.488179087638854980e-02,8.450330048799514771e-02,4.432797140907496214e-04,5.522241117432713509e-04,-1.365667209029197693e-03,1.260298788547515869e-01,-8.412525057792663574e-02,-6.545035541057586670e-02,2.422016696073114872e-04,3.815772384405136108e-02,2.155063848476856947e-04,6.957081705331802368e-02,-9.810309112071990967e-02,-1.067219823598861694e-01,1.012044399976730347e-01,-9.407630190253257751e-03,1.251402050256729126e-01,4.317022114992141724e-02,9.048001629707869142e-06,1.015231246128678322e-03,-1.612689048051834106e-01,2.346298657357692719e-02,-2.006006240844726562e-01,-7.583349943161010742e-02,-1.869473792612552643e-02,5.327059701085090637e-02,3.989600017666816711e-02,-1.337158232927322388e-01,-9.679473936557769775e-02,2.055635452270507812e-01,-3.077687462791800499e-03,1.294021904468536377e-01,-1.674912422895431519e-01,-9.213128685951232910e-02,8.097126334905624390e-02,3.016139939427375793e-02,-1.600993983447551727e-02,-1.010788604617118835e-01,7.049071043729782104e-02,8.332409895956516266e-03,5.344958975911140442e-02,9.074773639440536499e-02,2.966199815273284912e-02,3.473737277090549469e-03,-9.728235751390457153e-02,-9.943559765815734863e-02,-8.058846741914749146e-02,-1.040326780639588833e-03,4.548453912138938904e-02
1.457061767578125000e-01,9.710024110972881317e-03,-1.336270421743392944e-01,1.060024648904800415e-01,8.487985283136367798e-02,-2.766856178641319275e-02,1.345778703689575195e-01,1.472779065370559692e-01,4.337199032306671143e-02,1.181501150131225586e-01,-1.065558269619941711e-01,-5.697605013847351074e-02,1.432513259351253510e-02,9.964837878942489624e-02,1.221423596143722534e-01,1.035348251461982727e-01,-1.531994785182178020e-03,3.535931557416915894e-02,-1.137937083840370178e-01,-1.052154600620269775e-01,-1.496212333440780640e-01,4.451346024870872498e-02,8.349899202585220337e-02,2.719197236001491547e-02,1.865504868328571320e-02,7.534389942884445190e-02,-5.856182426214218140e-02,-2.804917842149734497e-02,1.073273271322250366e-01,-8.824730664491653442e-02,3.920044749975204468e-03,-1.214581951498985291e-01,1.327386051416397095e-01,1.270185858011245728e-01,-7.192691322416067123e-03,-7.186848670244216919e-02,4.750278592109680176e-02,1.110796555876731873e-01,-1.154594421386718750e-01,-2.082843631505966187e-01,1.578807085752487183e-01,6.173618882894515991e-02,3.745277598500251770e-02,3.403876349329948425e-02,-9.655094146728515625e-02,-4.377802088856697083e-02,-1.596176773309707642e-01,-5.994174256920814514e-02,3.863572329282760620e-02,-4.665974900126457214e-02,-7.707856595516204834e-03,-4.570689797401428223e-02,1.299792528152465820e-01,1.105872541666030884e-02,-4.185783676803112030e-03,-1.587453782558441162e-01,5.689794197678565979e-02,8.261206559836864471e-03,-5.415691807866096497e-02,-8.701563626527786255e-02,-7.039452344179153442e-02,2.565528079867362976e-02,4.538992885500192642e-03,1.714962124824523926e-01,6.450633518397808075e-03,-2.611152455210685730e-02,-8.157015591859817505e-02,1.168324500322341919e-01,-1.317726969718933105e-01,3.542416170239448547e-02,-1.763979643583297729e-01,2.220873022451996803e-03,-2.256972342729568481e-02,1.406839340925216675e-01,-6.491899490356445312e-02,-1.545367091894149780e-01,-2.950065536424517632e-04,1.557580381631851196e-01,-1.197715550661087036e-01,-1.119994521141052246e-01,1.763915866613388062e-01,5.459308740682899952e-04,-1.559736728668212891e-01,-2.398071810603141785e-03,-1.698556244373321533e-01,-5.758640170097351074e-02,1.945617496967315674e-01,1.603239797987043858e-03,-5.222737323492765427e-03,1.096041947603225708e-01,-9.046992659568786621e-02,-2.084574289619922638e-02,-6.483211368322372437e-02,-2.157565020024776459e-02,-1.628723293542861938e-01,-8.785859495401382446e-02,1.132605820894241333e-01,-6.021066292305476964e-05,-7.996580004692077637e-02,1.514338999986648560e-01,-1.305972784757614136e-01,1.180060282349586487e-01,-1.308224052190780640e-01,-1.024603843688964844e-01,1.689230650663375854e-01,2.132733911275863647e-01,-1.137684732675552368e-01,-1.622132584452629089e-02,-1.209561005234718323e-01,-5.028112791478633881e-03,5.330453068017959595e-02,-1.368208080530166626e-01,-7.538314163684844971e-02,1.104253083467483521e-01,1.470805853605270386e-01,-1.482367366552352905e-01,9.763587266206741333e-02,4.286031052470207214e-02,-2.142728716135025024e-01,5.605849623680114746e-02,-4.327060596551746130e-04,1.543941348791122437e-01,1.662096530199050903e-01,2.219693362712860107e-02,-8.115131407976150513e-02,-1.126016899943351746e-01,3.467322792857885361e-03,1.335770785808563232e-01
3.891853094100952148e-01,2.041218429803848267e-02,-1.792029440402984619e-01,3.681668266654014587e-02,3.438724875450134277e-01,-1.430012136697769165e-01,1.472779065370559692e-01,5.864956378936767578e-01,2.666655182838439941e-02,1.484940648078918457e-01,-5.995178967714309692e-02,-1.420260071754455566e-01,1.020155325531959534e-01,1.181072071194648743e-01,2.817775309085845947e-01,3.654293119907379150e-01,-5.265213549137115479e-03,7.090298831462860107e-02,4.135749768465757370e-03,-1.208682209253311157e-01,2.906693145632743835e-02,1.086346134543418884e-01,4.772191867232322693e-02,4.701528325676918030e-02,2.296857535839080811e-02,2.557410299777984619e-01,-1.734864711761474609e-01,-3.839410245418548584e-01,2.643135190010070801e-01,-2.605651617050170898e-01,-1.978578977286815643e-02,-1.247926205396652222e-01,-2.990370057523250580e-02,2.012604326009750366e-01,-4.204025119543075562e-02,-2.445927858352661133e-01,8.443977683782577515e-02,2.015172988176345825e-01,-5.395168662071228027e-01,-3.610079288482666016e-01,2.982378304004669189e-01,8.312930166721343994e-02,1.081962063908576965e-01,6.871692836284637451e-02,7.611332088708877563e-02,-1.330980658531188965e-01,-2.534652948379516602e-01,-1.441615819931030273e-01,1.435945089906454086e-02,-6.964524835348129272e-02,-7.425955682992935181e-02,-2.403104603290557861e-01,1.922942847013473511e-01,-3.284112736582756042e-02,-2.172422707080841064e-01,-3.988381624221801758e-01,1.426285654306411743e-01,2.087363414466381073e-02,3.103865124285221100e-02,-1.179034039378166199e-01,-3.409621864557266235e-02,-1.170896217226982117e-01,3.254582174122333527e-03,1.583445668220520020e-01,-2.752320840954780579e-02,-3.443844616413116455e-02,-1.159993782639503479e-01,3.563361167907714844e-01,-2.568494975566864014e-01,3.046016991138458252e-01,-3.905273377895355225e-01,-1.590054631233215332e-01,9.499533474445343018e-02,2.436729818582534790e-01,-8.649326860904693604e-02,-2.811072468757629395e-01,-3.530585672706365585e-03,2.815951108932495117e-01,-4.393384978175163269e-02,-1.994027793407440186e-01,1.911295801401138306e-01,1.090772566385567188e-03,-3.737556338310241699e-01,-5.380725953727960587e-03,-4.322783648967742920e-01,-1.477137953042984009e-01,4.036132693290710449e-01,9.290459565818309784e-03,-2.850512415170669556e-02,2.281010597944259644e-01,-2.057176232337951660e-01,1.795564293861389160e-01,4.132543131709098816e-02,-1.358920633792877197e-01,-1.776993572711944580e-01,-2.929846644401550293e-01,3.051756024360656738e-01,-1.146429785876534879e-04,-3.340731859207153320e-01,3.500214517116546631e-01,-3.200279772281646729e-01,4.069223999977111816e-01,-1.736886054277420044e-01,-2.214210629463195801e-01,1.627466231584548950e-01,2.076074033975601196e-01,8.988361805677413940e-02,-1.026852205395698547e-01,-3.360100388526916504e-01,6.160277873277664185e-03,-6.693784147500991821e-03,7.762450724840164185e-03,-1.301736384630203247e-01,-1.913794316351413727e-02,3.885719478130340576e-01,-1.940074712038040161e-01,4.800048768520355225e-01,4.703771695494651794e-02,-4.088137447834014893e-01,1.122487336397171021e-02,-1.201690547168254852e-02,1.798377931118011475e-01,2.715244889259338379e-01,9.825142472982406616e-02,-1.811189800500869751e-01,-6.847128272056579590e-02,-8.473412133753299713e-03,1.672988981008529663e-01
1.060478612780570984e-01,3.360624238848686218e-02,-2.394555509090423584e-01,1.692032366991043091e-01,1.056120619177818298e-01,-9.443006664514541626e-02,4.337199032306671143e-02,2.666655182838439941e-02,2.361261993646621704e-01,1.915878355503082275e-01,-5.941407009959220886e-02,-1.095211803913116455e-01,1.605974435806274414e-01,2.419426441192626953e-01,2.343702763319015503e-01,2.521296739578247070e-01,-3.152510616928339005e-03,1.238558813929557800e-01,-2.308977544307708740e-01,-1.776706725358963013e-01,-3.399908840656280518e-01,1.689750403165817261e-01,1.562455147504806519e-01,-7.566954009234905243e-03,3.771555796265602112e-02,2.738353013992309570e-01,-2.106953263282775879e-01,-5.260899290442466736e-02,1.430540680885314941e-01,-3.868964686989784241e-02,5.653941258788108826e-02,-3.413476943969726562e-01,2.750878334045410156e-01,1.688594669103622437e-01,-6.227876874618232250e-04,-2.551242113113403320e-01,1.309099942445755005e-01,2.123095542192459106e-01,-1.104822158813476562e-01,-2.193197906017303467e-01,3.027456104755401611e-01,7.481363415718078613e-02,1.654507070779800415e-01,5.313055962324142456e-02,-1.638734191656112671e-01,-1.456054896116256714e-01,-2.440773397684097290e-01,-8.692928403615951538e-02,3.486218303442001343e-02,-1.469813473522663116e-02,2.476150542497634888e-02,6.220057606697082520e-02,1.426052600145339966e-01,-1.340091601014137268e-02,5.172770097851753235e-02,-2.529079318046569824e-01,8.320695906877517700e-02,1.463788375258445740e-02,-1.298100799322128296e-01,-1.862050443887710571e-01,-9.286093711853027344e-02,8.548066765069961548e-02,1.044523715972900391e-02,2.407463788986206055e-01,5.805677920579910278e-02,-7.173980772495269775e-02,2.324583753943443298e-02,2.154699862003326416e-01,-2.896549701690673828e-01,5.950307473540306091e-03,-2.041800767183303833e-01,5.458072572946548462e-02,-1.431898772716522217e-01,2.711144387722015381e-01,-1.193211153149604797e-01,-2.445280551910400391e-01,-2.763025462627410889e-03,2.776404023170471191e-01,-1.589713692665100098e-01,-2.642924785614013672e-01,3.195612430572509766e-01,1.131687778979539871e-03,-1.956344544887542725e-01,4.367238725535571575e-04,-2.452885508537292480e-01,-1.876476556062698364e-01,1.703539043664932251e-01,4.673297982662916183e-03,2.145823091268539429e-01,1.744052767753601074e-01,-5.179081112146377563e-02,-1.500417739152908325e-01,-2.377276420593261719e-01,9.111123532056808472e-02,-2.965713441371917725e-01,2.225827891379594803e-03,1.403046250343322754e-01,-7.508008275181055069e-05,-1.767432987689971924e-01,1.957121640443801880e-01,-9.285139292478561401e-02,1.146475747227668762e-01,-3.236360847949981689e-01,-2.005580663681030273e-01,3.221401572227478027e-01,7.324159890413284302e-02,-2.852393984794616699e-01,-1.910986155271530151e-01,-9.731154888868331909e-02,-2.024747058749198914e-02,2.897704839706420898e-01,-2.232902944087982178e-01,-2.295597791671752930e-01,7.226764410734176636e-02,1.931044459342956543e-01,-2.847299873828887939e-01,1.178036704659461975e-01,6.560034304857254028e-02,-2.872468829154968262e-01,1.457748711109161377e-01,5.151320248842239380e-02,2.829418778419494629e-01,2.695574462413787842e-01,-1.226901933550834656e-01,-1.335735470056533813e-01,-2.643615603446960449e-01,8.450414985418319702e-03,1.774800568819046021e-01
8.474839478731155396e-02,6.293033063411712646e-02,-5.197082161903381348e-01,3.907396793365478516e-01,2.420633733272552490e-01,-8.718815515749156475e-04,1.181501150131225586e-01,1.484940648078918457e-01,1.915878355503082275e-01,3.229910731315612793e-01,-4.728192836046218872e-02,-2.037697285413742065e-01,3.517578244209289551e-01,4.293738901615142822e-01,4.740573167800903320e-01,4.865224063396453857e-01,-1.063541881740093231e-02,2.792486846446990967e-01,-4.288666248321533203e-01,-3.584735989570617676e-01,-3.659334778785705566e-01,3.459454774856567383e-01,3.833456337451934814e-01,1.596267917193472385e-03,5.610347166657447815e-02,4.552285373210906982e-01,-4.592284858226776123e-01,-1.483151167631149292e-01,4.551888108253479004e-01,-1.793198138475418091e-01,2.048074156045913696e-01,-5.464847087860107422e-01,4.299800992012023926e-01,4.135415256023406982e-01,-1.582405529916286469e-02,-4.936744272708892822e-01,2.454646080732345581e-01,4.132613837718963623e-01,-3.413496911525726318e-01,-3.763344287872314453e-01,4.342651963233947754e-01,1.057602614164352417e-01,4.225065708160400391e-01,1.213071122765541077e-01,-1.194715946912765503e-01,-3.904047310352325439e-01,-5.182383060455322266e-01,-1.560152918100357056e-01,-3.000091202557086945e-02,-4.323829337954521179e-02,1.280418038368225098e-01,-8.751607686281204224e-02,1.196319088339805603e-01,9.232398122549057007e-03,-1.765123754739761353e-02,-5.571824908256530762e-01,1.640562564134597778e-01,3.390182182192802429e-02,-2.613442540168762207e-01,-3.613475263118743896e-01,-7.716136425733566284e-02,7.654239982366561890e-02,1.694563031196594238e-02,2.987332642078399658e-01,2.293485403060913086e-02,-1.258952915668487549e-01,1.407944858074188232e-01,4.540169239044189453e-01,-5.042645931243896484e-01,8.642257004976272583e-02,-4.301931858062744141e-01,-1.835961788892745972e-01,-1.569854021072387695e-01,4.951713383197784424e-01,-1.126199737191200256e-01,-4.738441407680511475e-01,-6.039516068994998932e-03,5.858682990074157715e-01,-2.028403133153915405e-01,-4.609781801700592041e-01,5.739329457283020020e-01,2.248858567327260971e-03,-4.453166723251342773e-01,-3.659377340227365494e-03,-4.032087028026580811e-01,-4.324131309986114502e-01,3.830340206623077393e-01,1.175952050834894180e-02,3.097505271434783936e-01,3.279062211513519287e-01,-1.059768572449684143e-01,-1.993494629859924316e-01,-4.041016101837158203e-01,1.218281388282775879e-01,-4.864826202392578125e-01,1.894860714673995972e-02,3.898327052593231201e-01,-1.422992063453420997e-04,-3.613821566104888916e-01,2.887918651103973389e-01,-2.224859446287155151e-01,1.622121930122375488e-01,-5.577797889709472656e-01,-3.898072540760040283e-01,5.976838469505310059e-01,1.896974295377731323e-01,-4.599556028842926025e-01,-4.172025024890899658e-01,-1.172665059566497803e-01,-2.673502452671527863e-02,3.942524194717407227e-01,-4.332618713378906250e-01,-4.468733370304107666e-01,1.088844537734985352e-01,5.074926018714904785e-01,-5.023202300071716309e-01,2.482406944036483765e-01,2.101037800312042236e-01,-5.552912354469299316e-01,2.302487641572952271e-01,2.113578617572784424e-01,4.532766640186309814e-01,4.829551875591278076e-01,-2.489673197269439697e-01,-3.064163625240325928e-01,-4.332724213600158691e-01,-2.431693021208047867e-03,3.796409964561462402e-01
-1.570129990577697754e-01,7.509032730013132095e-03,-1.861878111958503723e-02,-3.918945416808128357e-02,-4.191765096038579941e-03,7.267308235168457031e-02,-1.065558269619941711e-01,-5.995178967714309692e-02,-5.941407009959220886e-02,-4.728192836046218872e-02,1.737915128469467163e-01,-3.618760500103235245e-03,1.277222782373428345e-01,8.590396493673324585e-03,1.667176559567451477e-02,7.086634635925292969e-02,-3.398494562134146690e-03,1.050124689936637878e-02,4.164282605051994324e-02,-8.336763828992843628e-03,1.755038201808929443e-01,6.329303979873657227e-02,4.081607609987258911e-02,-5.217504501342773438e-02,-8.192177861928939819e-03,7.181331515312194824e-02,-1.230277568101882935e-01,-7.586552202701568604e-02,1.038111224770545959e-01,-1.746765896677970886e-02,9.179477393627166748e-02,-7.162828464061021805e-03,-1.014594286680221558e-01,4.227259382605552673e-02,-8.432229980826377869e-03,-1.016522347927093506e-01,2.228112891316413879e-02,5.812757648527622223e-03,-6.182789802551269531e-02,1.498534679412841797e-01,-1.090140715241432190e-01,-6.323353946208953857e-02,1.206512600183486938e-01,6.401657592505216599e-03,1.714655011892318726e-01,-1.571321785449981689e-01,2.734256722033023834e-02,4.047002270817756653e-02,-8.012302219867706299e-02,-4.684354364871978760e-02,6.242803484201431274e-02,-5.805408582091331482e-02,-1.704554259777069092e-01,2.386960200965404510e-03,-8.129639923572540283e-02,-3.869778290390968323e-02,-1.656291820108890533e-02,4.298940300941467285e-03,1.952347531914710999e-02,9.809590876102447510e-03,1.048910915851593018e-01,-5.166275426745414734e-02,-2.691136673092842102e-03,-1.652973741292953491e-01,-4.139326885342597961e-02,-3.039260860532522202e-03,1.407953351736068726e-01,3.570755198597908020e-02,-1.868663169443607330e-02,3.212492913007736206e-02,5.150855332612991333e-02,-2.273962050676345825e-01,2.616831101477146149e-02,-1.271956227719783783e-02,1.052415743470191956e-01,5.007515475153923035e-02,-2.584207570180296898e-03,4.149963706731796265e-02,1.816538274288177490e-01,-1.855497248470783234e-02,-5.978222936391830444e-02,1.980687957257032394e-04,-1.322173047810792923e-03,-3.373708750586956739e-04,9.832268953323364258e-02,-9.463013708591461182e-02,-4.526403546333312988e-02,3.832024522125720978e-03,9.765502065420150757e-02,-9.414883330464363098e-03,8.652644604444503784e-02,4.044881463050842285e-02,-2.285388531163334846e-03,2.481468208134174347e-02,7.938101142644882202e-02,8.790148794651031494e-02,8.724763989448547363e-03,2.063506326521746814e-05,-7.394479215145111084e-02,-1.157502159476280212e-01,1.690355129539966583e-02,-3.651995956897735596e-02,6.787473335862159729e-03,-1.378943584859371185e-02,-2.547957189381122589e-02,-2.289130538702011108e-01,8.949459344148635864e-02,-1.232704892754554749e-01,1.129459962248802185e-01,8.839753572829067707e-04,7.626364473253488541e-03,4.339245706796646118e-02,-4.080824181437492371e-02,-9.223305433988571167e-02,2.777630835771560669e-02,2.938910201191902161e-02,3.269084170460700989e-02,4.147271811962127686e-02,7.175591588020324707e-02,-2.727637812495231628e-02,7.695541530847549438e-02,-7.446805387735366821e-02,-5.374660342931747437e-02,-7.849843055009841919e-02,-6.565648317337036133e-02,2.364861965179443359e-02,4.886595997959375381e-03,-3.624592721462249756e-02
-6.266833096742630005e-02,-4.298402741551399231e-02,3.514299988746643066e-01,-2.586356103420257568e-01,-1.836052685976028442e-01,-1.537480019032955170e-02,-5.697605013847351074e-02,-1.420260071754455566e-01,-1.095211803913116455e-01,-2.037697285413742065e-01,-3.618760500103235245e-03,1.493963897228240967e-01,-2.455365508794784546e-01,-3.091916143894195557e-01,-3.434028029441833496e-01,-3.577629327774047852e-01,7.430088706314563751e-03,-1.885909736156463623e-01,2.571936249732971191e-01,2.410139590501785278e-01,1.967309415340423584e-01,-2.607285380363464355e-01,-2.611828446388244629e-01,5.610335618257522583e-03,-3.569796308875083923e-02,-3.105166852474212646e-01,3.294475972652435303e-01,1.389771401882171631e-01,-3.272548019886016846e-01,1.279892921447753906e-01,-1.403271704912185669e-01,3.635683953762054443e-01,-2.429349124431610107e-01,-2.907716333866119385e-01,1.615193486213684082e-02,3.641981780529022217e-01,-1.667374819517135620e-01,-2.784317135810852051e-01,2.721993029117584229e-01,2.656750082969665527e-01,-2.753391265869140625e-01,-6.547573953866958618e-02,-3.027019202709197998e-01,-8.574274927377700806e-02,1.657883450388908386e-02,2.830519676208496094e-01,3.515176475048065186e-01,1.129567623138427734e-01,4.414392262697219849e-02,4.368851333856582642e-02,-8.687306940555572510e-02,9.704425930976867676e-02,-6.600084155797958374e-02,1.179320365190505981e-02,4.223974421620368958e-02,4.016559720039367676e-01,-1.260067969560623169e-01,-2.462514862418174744e-02,1.436310410499572754e-01,2.447842210531234741e-01,3.691696375608444214e-02,-3.074348531663417816e-02,-1.138715073466300964e-02,-1.437643468379974365e-01,-7.440856657922267914e-03,8.152813464403152466e-02,-1.121445968747138977e-01,-3.255145847797393799e-01,3.462379574775695801e-01,-8.323868364095687866e-02,2.942461669445037842e-01,1.767783313989639282e-01,9.205005317926406860e-02,-3.423725068569183350e-01,5.237544327974319458e-02,3.165563642978668213e-01,4.356069955974817276e-03,-4.017804563045501709e-01,1.141897067427635193e-01,3.198652863502502441e-01,-3.764255344867706299e-01,-1.612941036000847816e-03,3.118606805801391602e-01,2.771550789475440979e-03,2.775786817073822021e-01,3.042640686035156250e-01,-2.496380060911178589e-01,-8.914674632251262665e-03,-2.059372812509536743e-01,-2.257954627275466919e-01,6.699110567569732666e-02,1.095731332898139954e-01,2.543942034244537354e-01,-8.175891637802124023e-02,3.053067326545715332e-01,-5.939828697592020035e-04,-2.792023122310638428e-01,9.508368384558707476e-05,2.786696553230285645e-01,-1.832694113254547119e-01,1.650496423244476318e-01,-1.122268512845039368e-01,3.771401345729827881e-01,2.683638632297515869e-01,-3.756355941295623779e-01,-1.057355850934982300e-01,2.708385288715362549e-01,3.014754951000213623e-01,6.651540845632553101e-02,1.546764187514781952e-02,-2.762884497642517090e-01,2.674736082553863525e-01,3.103263676166534424e-01,-5.347650498151779175e-02,-3.623015582561492920e-01,3.211863636970520020e-01,-2.140737622976303101e-01,-1.392477750778198242e-01,3.766884505748748779e-01,-1.471303701400756836e-01,-1.435518562793731689e-01,-2.941913604736328125e-01,-3.196786046028137207e-01,1.638354659080505371e-01,2.316492497920989990e-01,2.784040570259094238e-01,2.896375022828578949e-03,-2.419527322053909302e-01
