3.596086204051971436e-01,1.148232538253068924e-02,-1.091703325510025024e-01,9.646556340157985687e-03,3.280324935913085938e-01,-2.829607725143432617e-01,1.055925861001014709e-01,4.019529819488525391e-01,1.507069617509841919e-01,1.220594644546508789e-01,-1.984677463769912720e-01,-1.497745960950851440e-01,1.531083788722753525e-02,9.530910849571228027e-02,1.320341527462005615e-01,3.177832663059234619e-01,2.071844181045889854e-03,5.833115056157112122e-02,-8.766473084688186646e-02,-1.140054240822792053e-01,-1.630229204893112183e-01,1.774883083999156952e-02,-2.191548794507980347e-02,6.815243512392044067e-02,3.167236223816871643e-02,2.453525066375732422e-01,-8.428943902254104614e-02,-3.262048661708831787e-01,1.433104723691940308e-01,-8.674392849206924438e-02,-1.330810338258743286e-01,-1.792516261339187622e-01,4.182839021086692810e-02,9.052301943302154541e-02,-1.724299788475036621e-02,-1.715321242809295654e-01,1.311099231243133545e-01,1.518996059894561768e-01,-3.203962445259094238e-01,-3.619903624057769775e-01,3.112445771694183350e-01,1.349376887083053589e-01,8.206278085708618164e-02,4.797502979636192322e-02,-1.133889555931091309e-01,1.068777292966842651e-01,-1.595389842987060547e-01,-1.241579502820968628e-01,9.523741155862808228e-02,1.903953962028026581e-02,-1.766109764575958252e-01,-1.181400567293167114e-01,3.221536874771118164e-01,-2.715722844004631042e-02,-6.861155480146408081e-02,-2.744958698749542236e-01,1.704352200031280518e-01,9.564153850078582764e-03,-2.010839805006980896e-02,-7.600426673889160156e-02,-1.168009564280509949e-01,-9.181659668684005737e-03,1.530803623609244823e-03,2.775024473667144775e-01,8.256403356790542603e-02,-4.510474577546119690e-02,-2.169857621192932129e-01,2.745154201984405518e-01,-1.814537495374679565e-01,2.981769144535064697e-01,-2.991265952587127686e-01,2.132740914821624756e-01,-1.105569861829280853e-02,1.318740844726562500e-01,-2.412424534559249878e-01,-2.718912959098815918e-01,-3.047588870686013252e-05,1.687369942665100098e-01,-6.756062060594558716e-02,-1.981676518917083740e-01,2.269570529460906982e-01,2.748629485722631216e-04,-2.564112246036529541e-01,-1.945754047483205795e-03,-4.156758189201354980e-01,-3.623339533805847168e-02,2.388103902339935303e-01,4.411444533616304398e-03,-1.009092014282941818e-02,2.168680429458618164e-01,-2.019202411174774170e-01,1.477088481187820435e-01,-3.264858946204185486e-02,-7.113765180110931396e-02,-2.207727879285812378e-01,-3.345781862735748291e-01,1.808421313762664795e-01,-2.727558967308141291e-05,-2.374403774738311768e-01,3.093805909156799316e-01,-2.782821953296661377e-01,3.273275494575500488e-01,-1.906160414218902588e-01,-2.045074701309204102e-01,1.194795891642570496e-01,2.146049141883850098e-01,-4.204218834638595581e-02,-6.507221609354019165e-02,-3.699859976768493652e-01,2.802200149744749069e-03,7.505404204130172729e-02,2.363414689898490906e-02,-1.351359188556671143e-01,-2.102243714034557343e-02,2.422944903373718262e-01,-1.596640795469284058e-01,3.314312696456909180e-01,-2.066923491656780243e-02,-3.056776225566864014e-01,4.815050959587097168e-02,-1.964147016406059265e-02,1.954362541437149048e-01,2.247705906629562378e-01,8.274815231561660767e-02,-1.554783731698989868e-01,3.338926238939166069e-03,2.351351827383041382e-02,1.547149419784545898e-01
1.148232538253068924e-02,8.894778788089752197e-03,-7.875174283981323242e-02,6.191519275307655334e-02,4.737762361764907837e-02,-1.925253681838512421e-02,6.310621276497840881e-03,3.449647128582000732e-02,4.828682541847229004e-02,5.003996193408966064e-02,-9.575896896421909332e-03,-4.002217575907707214e-02,6.326017528772354126e-02,6.258556991815567017e-02,7.700449973344802856e-02,8.407603949308395386e-02,-1.648691133596003056e-03,3.924405202269554138e-02,-7.210287451744079590e-02,-5.393507331609725952e-02,-4.486324638128280640e-02,5.705796554684638977e-02,4.951653629541397095e-02,-1.270676869899034500e-02,1.008726470172405243e-02,7.207463681697845459e-02,-7.621297240257263184e-02,-3.800422698259353638e-02,7.489840686321258545e-02,-2.366998977959156036e-02,3.063773270696401596e-03,-8.888526260852813721e-02,5.516584217548370361e-02,5.743703991174697876e-02,-2.850405173376202583e-03,-8.384322375059127808e-02,5.344869196414947510e-02,6.970418244600296021e-02,-6.579452008008956909e-02,-5.015550926327705383e-02,6.989262253046035767e-02,1.829893328249454498e-02,7.400742918252944946e-02,2.099866978824138641e-02,-1.252999249845743179e-02,-5.406221747398376465e-02,-7.603084295988082886e-02,-2.139699645340442657e-02,3.065108787268400192e-03,1.493753748945891857e-03,-2.590135671198368073e-03,-7.894450798630714417e-03,5.167546123266220093e-02,1.883454038761556149e-03,-1.383746508508920670e-02,-8.736108988523483276e-02,3.115548752248287201e-02,3.926860634237527847e-03,-6.738664954900741577e-02,-6.335568428039550781e-02,-3.930534701794385910e-03,-2.166084013879299164e-04,1.673392602242529392e-03,4.335959628224372864e-02,8.963094092905521393e-03,-2.229046635329723358e-02,2.188529632985591888e-02,7.964262366294860840e-02,-7.865521311759948730e-02,3.381189703941345215e-02,-6.634730100631713867e-02,-9.265221655368804932e-03,-2.428077720105648041e-02,7.440000027418136597e-02,-2.982128039002418518e-02,-7.652121037244796753e-02,-5.035732756368815899e-04,8.568610996007919312e-02,-1.708868891000747681e-02,-7.209368795156478882e-02,8.079803735017776489e-02,1.304509933106601238e-04,-6.946178525686264038e-02,-4.663466243073344231e-04,-6.952250003814697266e-02,-7.666326314210891724e-02,4.392111673951148987e-02,1.287378487177193165e-03,6.028975546360015869e-02,5.883484706282615662e-02,-1.620206236839294434e-02,-2.202298305928707123e-02,-6.540995836257934570e-02,1.660168357193470001e-02,-7.218095660209655762e-02,-6.192245986312627792e-03,5.321668460965156555e-02,-4.567747964756563306e-06,-6.042494252324104309e-02,5.592184886336326599e-02,-2.765518799424171448e-02,5.138813704252243042e-02,-8.262882381677627563e-02,-6.941519677639007568e-02,9.295452386140823364e-02,1.053834985941648483e-02,-6.991205364465713501e-02,-7.703880965709686279e-02,-3.133910149335861206e-02,-2.384919440373778343e-03,5.348356068134307861e-02,-6.155644357204437256e-02,-7.510952651500701904e-02,1.271563698537647724e-03,8.095393329858779907e-02,-7.718718796968460083e-02,4.387110844254493713e-02,3.515462204813957214e-02,-7.892654091119766235e-02,3.331039100885391235e-02,4.952107742428779602e-02,6.759066879749298096e-02,6.936722248792648315e-02,-4.417320340871810913e-02,-4.562457650899887085e-02,-4.367210716009140015e-02,3.033364890143275261e-03,5.763462185859680176e-02
-1.091703325510025024e-01,-7.875174283981323242e-02,7.444769144058227539e-01,-6.272326111793518066e-01,-4.591561257839202881e-01,1.474313735961914062e-01,-1.118062064051628113e-01,-3.669473826885223389e-01,-4.258690178394317627e-01,-5.062934160232543945e-01,1.299762576818466187e-01,4.182016253471374512e-01,-5.483418703079223633e-01,-6.337723135948181152e-01,-7.266868948936462402e-01,-7.322375774383544922e-01,1.469979528337717056e-02,-3.494748473167419434e-01,6.881871819496154785e-01,5.666797161102294922e-01,4.117535054683685303e-01,-5.951873064041137695e-01,-5.137162208557128906e-01,1.283252090215682983e-01,-1.035546287894248962e-01,-6.259368062019348145e-01,7.001844048500061035e-01,3.319811820983886719e-01,-7.181427478790283203e-01,2.364962697029113770e-01,-1.869430067017674446e-03,7.925712466239929199e-01,-5.135477185249328613e-01,-6.336610317230224609e-01,3.235743567347526550e-02,7.422875165939331055e-01,-5.266024470329284668e-01,-6.777316331863403320e-01,5.881589651107788086e-01,5.314525365829467773e-01,-6.423785090446472168e-01,-1.901150941848754883e-01,-6.837007999420166016e-01,-2.163731455802917480e-01,1.062304601073265076e-01,5.112441778182983398e-01,7.338342070579528809e-01,2.141277045011520386e-01,-3.703635558485984802e-02,8.513801544904708862e-02,4.206990823149681091e-02,1.371675282716751099e-01,-5.203116536140441895e-01,-4.778575152158737183e-03,1.477087289094924927e-01,7.918281555175781250e-01,-3.617333769798278809e-01,-4.087326303124427795e-02,6.051653027534484863e-01,6.224740147590637207e-01,6.503949314355850220e-02,-1.355238910764455795e-02,-1.632965169847011566e-02,-4.137087166309356689e-01,-6.939122080802917480e-02,2.184255421161651611e-01,-1.367976665496826172e-01,-7.149480581283569336e-01,7.274394035339355469e-01,-3.230573534965515137e-01,6.524067521095275879e-01,1.077155694365501404e-01,2.472997158765792847e-01,-7.167122960090637207e-01,2.573947310447692871e-01,6.970866322517395020e-01,4.358955658972263336e-03,-7.923597097396850586e-01,1.782660484313964844e-01,6.944610476493835449e-01,-7.605546116828918457e-01,-1.385215204209089279e-03,6.748847961425781250e-01,5.722422152757644653e-03,6.354605555534362793e-01,7.013566493988037109e-01,-4.497676789760589600e-01,-1.268725562840700150e-02,-5.393033623695373535e-01,-6.088464260101318359e-01,1.731010526418685913e-01,1.734922379255294800e-01,6.123198270797729492e-01,-1.553681641817092896e-01,6.901962757110595703e-01,1.005089432001113892e-01,-5.154596567153930664e-01,4.854485814576037228e-05,5.871093869209289551e-01,-5.359864830970764160e-01,3.656676709651947021e-01,-4.916825294494628906e-01,7.570559382438659668e-01,6.723202466964721680e-01,-8.216346502304077148e-01,-2.055887579917907715e-01,6.274205446243286133e-01,6.929182410240173340e-01,2.999512851238250732e-01,2.197349071502685547e-02,-5.241421461105346680e-01,6.269985437393188477e-01,7.094540596008300781e-01,-1.227032691240310669e-01,-7.516945004463195801e-01,7.151548862457275391e-01,-4.229548573493957520e-01,-3.586543798446655273e-01,7.387757897377014160e-01,-3.415214419364929199e-01,-4.614541232585906982e-01,-6.537454128265380859e-01,-6.619315147399902344e-01,3.731337189674377441e-01,5.370305180549621582e-01,4.456965625286102295e-01,-4.087764397263526917e-02,-5.861288309097290039e-01
9.646556340157985687e-03,6.191519275307655334e-02,-6.272326111793518066e-01,6.752149462699890137e-01,2.383132278919219971e-01,-9.643685072660446167e-03,8.953969180583953857e-02,1.559809744358062744e-01,3.570382297039031982e-01,4.160928130149841309e-01,-1.780867874622344971e-01,-3.234230875968933105e-01,3.495322763919830322e-01,5.765359401702880859e-01,6.112549901008605957e-01,4.841581881046295166e-01,-9.153754450380802155e-03,2.732190191745758057e-01,-6.601312756538391113e-01,-4.728904664516448975e-01,-4.580960869789123535e-01,5.526444315910339355e-01,4.753656387329101562e-01,-1.075646281242370605e-01,8.600527048110961914e-02,3.672012388706207275e-01,-5.093421936035156250e-01,-4.394606128334999084e-02,5.118400454521179199e-01,-4.858817160129547119e-02,1.101560192182660103e-03,-6.838544607162475586e-01,5.709157586097717285e-01,5.238933563232421875e-01,-1.282921619713306427e-02,-5.275110602378845215e-01,3.881760239601135254e-01,5.363727807998657227e-01,-2.906848490238189697e-01,-4.761733412742614746e-01,5.293006896972656250e-01,2.024035155773162842e-01,5.193170309066772461e-01,1.678216755390167236e-01,-1.778889149427413940e-01,-3.197140395641326904e-01,-6.584543585777282715e-01,-1.861894279718399048e-01,4.055890440940856934e-02,-4.137970879673957825e-02,-2.144870959455147386e-04,1.089058816432952881e-02,4.802676439285278320e-01,-2.956894040107727051e-02,6.743937265127897263e-03,-5.997948646545410156e-01,3.198820948600769043e-01,3.099874034523963928e-02,-5.093612670898437500e-01,-6.156330108642578125e-01,-1.071847304701805115e-01,9.071222692728042603e-02,1.924832165241241455e-02,2.758631110191345215e-01,9.132507443428039551e-02,-1.770805269479751587e-01,1.029395833611488342e-01,4.998824298381805420e-01,-5.765956044197082520e-01,5.786440894007682800e-02,-4.707399904727935791e-01,4.801978543400764465e-02,-2.920315861701965332e-01,6.198241710662841797e-01,-2.099775075912475586e-01,-5.439907908439636230e-01,-1.739508705213665962e-03,6.161091327667236328e-01,-3.371195495128631592e-01,-5.511785745620727539e-01,6.935130953788757324e-01,1.146844355389475822e-03,-4.747751355171203613e-01,-1.634208369068801403e-03,-4.658291935920715332e-01,-5.690512657165527344e-01,1.954734772443771362e-01,6.921659689396619797e-03,3.784750103950500488e-01,4.617253839969635010e-01,-1.516615748405456543e-01,-3.197140693664550781e-01,-5.917608737945556641e-01,2.052666544914245605e-01,-6.080796122550964355e-01,4.162267968058586121e-02,3.621519505977630615e-01,-3.517799632390961051e-05,-3.722470104694366455e-01,3.591607511043548584e-01,-1.896368414163589478e-01,2.237529754638671875e-01,-6.889455318450927734e-01,-5.041083693504333496e-01,7.158580422401428223e-01,3.334518074989318848e-01,-7.042230367660522461e-01,-5.234531164169311523e-01,-7.854717969894409180e-02,-2.455473504960536957e-02,5.293404459953308105e-01,-6.466682553291320801e-01,-6.399543881416320801e-01,2.506614327430725098e-01,5.860612988471984863e-01,-5.983091592788696289e-01,1.559264957904815674e-01,3.076062500476837158e-01,-5.789277553558349609e-01,3.595722615718841553e-01,3.795036375522613525e-01,5.914450883865356445e-01,5.566631555557250977e-01,-3.547048568725585938e-01,-4.406776428222656250e-01,-4.524193704128265381e-01,1.930167526006698608e-02,4.538606703281402588e-01
3.280324935913085938e-01,4.737762361764907837e-02,-4.591561257839202881e-01,2.383132278919219971e-01,5.618106126785278320e-01,-3.288481533527374268e-01,1.306657791137695312e-01,5.793243646621704102e-01,2.777580618858337402e-01,3.271818459033966064e-01,-1.539830565452575684e-01,-3.262637555599212646e-01,3.555939495563507080e-01,3.311179876327514648e-01,4.604576826095581055e-01,7.081733942031860352e-01,-7.899797521531581879e-03,2.366810888051986694e-01,-3.678114116191864014e-01,-3.401561081409454346e-01,-1.971681118011474609e-01,2.697523534297943115e-01,2.006642222404479980e-01,-1.767298951745033264e-02,7.115021347999572754e-02,6.038462519645690918e-01,-4.652780890464782715e-01,-5.460729002952575684e-01,5.613973736763000488e-01,-2.762615382671356201e-01,-9.450142085552215576e-02,-5.239626169204711914e-01,1.812661141157150269e-01,3.829566538333892822e-01,-3.783560544252395630e-02,-5.754627585411071777e-01,3.823199570178985596e-01,4.702701270580291748e-01,-6.993657946586608887e-01,-4.852969050407409668e-01,5.544586181640625000e-01,1.494893729686737061e-01,4.394478499889373779e-01,1.474705934524536133e-01,-5.217020958662033081e-02,-2.678877115249633789e-01,-4.714012444019317627e-01,-1.859712898731231689e-01,7.094809412956237793e-02,-4.869434610009193420e-02,-1.623550653457641602e-01,-2.483080327510833740e-01,4.372761845588684082e-01,3.161352826282382011e-03,-2.132777124643325806e-01,-6.677052378654479980e-01,2.869432866573333740e-01,2.923147007822990417e-02,-3.133771717548370361e-01,-3.021284341812133789e-01,-6.869152933359146118e-02,-6.904765963554382324e-02,4.453547764569520950e-03,4.297919273376464844e-01,7.000647485256195068e-02,-1.408597379922866821e-01,-6.599343568086624146e-02,6.345134377479553223e-01,-5.153419971466064453e-01,5.158559083938598633e-01,-6.055851578712463379e-01,-1.499176025390625000e-02,-5.433226004242897034e-02,4.512692689895629883e-01,-2.871525287628173828e-01,-5.801299810409545898e-01,-3.421528730541467667e-03,5.849397778511047363e-01,-9.804281406104564667e-03,-5.130938887596130371e-01,5.275870561599731445e-01,8.659160230308771133e-04,-5.854011178016662598e-01,-6.205875426530838013e-03,-6.697736978530883789e-01,-4.090768098831176758e-01,5.058984160423278809e-01,1.190641149878501892e-02,2.982256710529327393e-01,4.853390157222747803e-01,-2.240471392869949341e-01,1.432639360427856445e-01,-2.740316092967987061e-01,-3.211121633648872375e-02,-4.926529526710510254e-01,-3.553450107574462891e-01,4.346204102039337158e-01,-4.546230047708377242e-05,-5.330250859260559082e-01,5.504249334335327148e-01,-4.502139389514923096e-01,6.047780513763427734e-01,-4.960452318191528320e-01,-5.259032249450683594e-01,5.207195281982421875e-01,1.430820822715759277e-01,-2.335329502820968628e-01,-4.593157172203063965e-01,-5.186394453048706055e-01,-2.795925596728920937e-03,2.181691080331802368e-01,-2.153784632682800293e-01,-4.366500377655029297e-01,-5.960959941148757935e-02,6.130105853080749512e-01,-4.725158810615539551e-01,5.659258961677551270e-01,1.684689521789550781e-01,-6.353370547294616699e-01,1.437599658966064453e-01,2.254362702369689941e-01,4.291417598724365234e-01,4.693365097045898438e-01,-9.383553266525268555e-02,-3.669445514678955078e-01,-1.485031098127365112e-01,4.353496059775352478e-02,4.218217134475708008e-01
-2.829607725143432617e-01,-1.925253681838512421e-02,1.474313735961914062e-01,-9.643685072660446167e-03,-3.288481533527374268e-01,2.906574904918670654e-01,-5.990420281887054443e-02,-3.553448319435119629e-01,-1.923052221536636353e-01,-1.396501362323760986e-01,1.180792152881622314e-01,1.585473120212554932e-01,-1.207531616091728210e-01,-1.062200590968132019e-01,-1.649645864963531494e-01,-3.768285810947418213e-01,7.958456990309059620e-04,-9.892184287309646606e-02,1.158651262521743774e-01,1.210223957896232605e-01,1.345652192831039429e-01,-5.459532141685485840e-02,-5.607770872302353382e-04,-2.626261673867702484e-02,-3.482064604759216309e-02,-3.402082920074462891e-01,1.643495261669158936e-01,3.524507582187652588e-01,-1.957412362098693848e-01,1.158062219619750977e-01,9.899478405714035034e-02,2.274446487426757812e-01,-4.016376659274101257e-02,-9.692318737506866455e-02,1.859762892127037048e-02,2.591606378555297852e-01,-1.718889027833938599e-01,-1.949050128459930420e-01,3.737259805202484131e-01,2.719002366065979004e-01,-3.207509517669677734e-01,-9.224589914083480835e-02,-1.473027318716049194e-01,-5.457748472690582275e-02,7.341552525758743286e-02,1.423620991408824921e-02,1.696451008319854736e-01,1.055644378066062927e-01,-8.103764802217483521e-02,-1.779101043939590454e-02,1.451633572578430176e-01,9.902007132768630981e-02,-2.672773003578186035e-01,1.361586619168519974e-02,9.438122808933258057e-02,3.018509447574615479e-01,-1.481477320194244385e-01,-1.167416479438543320e-02,9.200499206781387329e-02,9.107112139463424683e-02,7.205432653427124023e-02,3.238957002758979797e-02,-7.743720198050141335e-04,-2.765620350837707520e-01,-7.524480670690536499e-02,6.093984097242355347e-02,1.168946996331214905e-01,-3.136386275291442871e-01,2.345438748598098755e-01,-3.161087930202484131e-01,3.019988834857940674e-01,-1.330782324075698853e-01,1.922389119863510132e-02,-1.736694127321243286e-01,2.182547450065612793e-01,2.849018871784210205e-01,1.337109017185866833e-03,-2.218897193670272827e-01,3.435604041442275047e-03,2.418486922979354858e-01,-2.292991876602172852e-01,-3.236999618820846081e-04,2.709028422832489014e-01,1.914471969939768314e-03,4.002284407615661621e-01,1.173072755336761475e-01,-2.501104474067687988e-01,-5.800560116767883301e-03,-1.112102717161178589e-01,-2.323276549577713013e-01,1.474289447069168091e-01,-1.245435178279876709e-01,8.053402602672576904e-02,4.611853137612342834e-02,2.361142635345458984e-01,2.726336717605590820e-01,-1.792302429676055908e-01,2.493144711479544640e-05,2.689304351806640625e-01,-3.262563049793243408e-01,2.454027533531188965e-01,-3.569979071617126465e-01,2.198792845010757446e-01,2.421685606241226196e-01,-1.890397816896438599e-01,-5.817333981394767761e-02,5.089256912469863892e-02,1.685536950826644897e-01,3.587341606616973877e-01,1.000602933345362544e-04,-9.735503792762756348e-02,-1.136572659015655518e-02,1.675182282924652100e-01,7.664054632186889648e-02,-2.583246827125549316e-01,1.970283389091491699e-01,-3.442339301109313965e-01,-1.178649626672267914e-02,3.080623745918273926e-01,-4.682329669594764709e-02,-3.563284128904342651e-02,-1.997445523738861084e-01,-2.233888953924179077e-01,-1.599009148776531219e-02,1.414222866296768188e-01,1.521742902696132660e-02,-2.699866518378257751e-02,-1.703461259603500366e-01
1.055925861001014709e-01,6.310621276497840881e-03,-1.118062064051628113e-01,8.953969180583953857e-02,1.306657791137695312e-01,-5.990420281887054443e-02,8.954875916242599487e-02,1.579377949237823486e-01,4.252067580819129944e-02,9.418717026710510254e-02,-1.088776439428329468e-01,-8.285832405090332031e-02,2.841366222128272057e-03,9.037204086780548096e-02,9.904746711254119873e-02,1.370551437139511108e-01,-2.219751622760668397e-04,2.494977228343486786e-02,-1.173346862196922302e-01,-1.081740409135818481e-01,-9.489081799983978271e-02,6.899858266115188599e-02,5.452552437782287598e-02,1.469142455607652664e-02,2.016670629382133484e-02,9.252723306417465210e-02,-7.711686193943023682e-02,-9.363996982574462891e-02,1.153541356325149536e-01,-5.266530066728591919e-02,-5.351326987147331238e-02,-1.275336891412734985e-01,7.652742415666580200e-02,1.143828406929969788e-01,-7.049989420920610428e-03,-9.246814250946044922e-02,7.745596021413803101e-02,1.063062846660614014e-01,-1.235049441456794739e-01,-1.984290182590484619e-01,1.536796241998672485e-01,6.819427013397216797e-02,7.104799896478652954e-02,3.493498265743255615e-02,-6.566525250673294067e-02,5.783512722700834274e-03,-1.305516958236694336e-01,-5.161806941032409668e-02,4.521060362458229065e-02,-2.534939162433147430e-02,-5.029273405671119690e-02,-6.450159847736358643e-02,1.683568805456161499e-01,-1.018400210887193680e-02,-2.400276064872741699e-02,-1.589549034833908081e-01,9.959714859724044800e-02,6.210990250110626221e-03,-4.972798749804496765e-02,-7.551757246255874634e-02,-7.137433439493179321e-02,1.901447772979736328e-02,2.432297682389616966e-03,1.252420246601104736e-01,2.708193287253379822e-02,-2.941844239830970764e-02,-9.316717088222503662e-02,1.337558329105377197e-01,-1.089609116315841675e-01,1.078625917434692383e-01,-1.627715826034545898e-01,6.467617303133010864e-02,-3.061556071043014526e-02,1.019780188798904419e-01,-9.575067460536956787e-02,-1.545990556478500366e-01,2.118922420777380466e-04,1.288165599107742310e-01,-5.984818190336227417e-02,-1.262843906879425049e-01,1.632904559373855591e-01,2.117870753863826394e-04,-1.396814882755279541e-01,-1.621770672500133514e-03,-1.878489553928375244e-01,-4.727862402796745300e-02,1.250732690095901489e-01,1.689166179858148098e-03,1.388896629214286804e-02,1.273993998765945435e-01,-8.875270187854766846e-02,2.255539782345294952e-02,-7.104074954986572266e-02,7.091958075761795044e-03,-1.423739045858383179e-01,-1.282496154308319092e-01,8.747301250696182251e-02,-1.503725980001036078e-05,-1.056393682956695557e-01,1.371284276247024536e-01,-1.513398587703704834e-01,1.339690536260604858e-01,-1.286983788013458252e-01,-1.180757954716682434e-01,1.306962221860885620e-01,1.515478193759918213e-01,-9.237097948789596558e-02,-5.315770953893661499e-02,-1.227669119834899902e-01,-1.401233370415866375e-03,6.137862056493759155e-02,-9.241404384374618530e-02,-9.449007362127304077e-02,7.898264378309249878e-02,1.407021880149841309e-01,-1.085930690169334412e-01,1.160311326384544373e-01,2.336800657212734222e-02,-1.684474050998687744e-01,5.430167540907859802e-02,1.318448968231678009e-02,1.330939531326293945e-01,1.254545003175735474e-01,2.350458502769470215e-02,-1.246391236782073975e-01,-4.873363301157951355e-02,1.316385809332132339e-02,1.230498924851417542e-01
4.019529819488525391e-01,3.449647128582000732e-02,-3.669473826885223389e-01,1.559809744358062744e-01,5.793243646621704102e-01,-3.553448319435119629e-01,1.579377949237823486e-01,6.808288693428039551e-01,2.014211863279342651e-01,2.703261673450469971e-01,-1.683539152145385742e-01,-3.207698166370391846e-01,2.690526843070983887e-01,2.702073454856872559e-01,3.898505568504333496e-01,6.522921919822692871e-01,-4.216002766042947769e-03,1.821959167718887329e-01,-2.508001327514648438e-01,-2.829262018203735352e-01,-1.026542633771896362e-01,2.047876417636871338e-01,1.263121813535690308e-01,6.146875675767660141e-03,6.275976449251174927e-02,5.390661954879760742e-01,-3.716193139553070068e-01,-5.817197561264038086e-01,5.215363502502441406e-01,-2.644951641559600830e-01,-1.335094720125198364e-01,-4.104410111904144287e-01,5.512671172618865967e-02,3.556153476238250732e-01,-4.504752904176712036e-02,-4.927555024623870850e-01,3.394788801670074463e-01,4.076029062271118164e-01,-7.068111896514892578e-01,-5.028495788574218750e-01,4.946205615997314453e-01,1.463732570409774780e-01,3.485383391380310059e-01,1.359586268663406372e-01,1.096720458008348942e-03,-1.871402412652969360e-01,-3.998400568962097168e-01,-1.915693432092666626e-01,6.972827762365341187e-02,-1.081592291593551636e-01,-2.156609445810317993e-01,-3.298511803150177002e-01,4.150797128677368164e-01,-9.418778121471405029e-03,-2.541466653347015381e-01,-6.104308366775512695e-01,2.998372614383697510e-01,2.813593111932277679e-02,-1.723134964704513550e-01,-2.242424637079238892e-01,-7.582456618547439575e-02,-9.600770473480224609e-02,8.995271637104451656e-04,3.893904089927673340e-01,5.226002633571624756e-02,-1.174700334668159485e-01,-1.748386323451995850e-01,5.807895660400390625e-01,-4.402528107166290283e-01,5.559946298599243164e-01,-5.940053462982177734e-01,-2.378564886748790741e-02,6.379999220371246338e-03,3.864359259605407715e-01,-2.483645975589752197e-01,-5.079811811447143555e-01,-2.855530939996242523e-03,5.107597112655639648e-01,2.236254699528217316e-02,-4.452856779098510742e-01,4.435107409954071045e-01,8.116447716020047665e-04,-5.640649199485778809e-01,-7.133982144296169281e-03,-6.461197733879089355e-01,-3.202944993972778320e-01,5.208362936973571777e-01,1.221771165728569031e-02,1.700952947139739990e-01,4.723084568977355957e-01,-2.483604103326797485e-01,2.866002023220062256e-01,-1.495462656021118164e-01,-1.088284403085708618e-01,-4.189231395721435547e-01,-4.554122388362884521e-01,4.177386164665222168e-01,-4.564246773952618241e-05,-5.304465293884277344e-01,5.331274867057800293e-01,-5.265714526176452637e-01,6.240656971931457520e-01,-4.087018668651580811e-01,-4.826219081878662109e-01,3.777201175689697266e-01,2.019159495830535889e-01,-8.078861981630325317e-02,-3.598802387714385986e-01,-5.806574821472167969e-01,5.948516074568033218e-03,1.281572580337524414e-01,-1.059353873133659363e-01,-3.602754771709442139e-01,-5.570217594504356384e-02,5.690300464630126953e-01,-3.817477226257324219e-01,6.140833497047424316e-01,1.315531134605407715e-01,-5.929182767868041992e-01,8.746659755706787109e-02,1.522536575794219971e-01,3.535389900207519531e-01,4.096604287624359131e-01,2.555901929736137390e-02,-3.746227324008941650e-01,-6.708887964487075806e-02,5.103905871510505676e-02,3.701675832271575928e-01
1.507069617509841919e-01,4.828682541847229004e-02,-4.258690178394317627e-01,3.570382297039031982e-01,2.777580618858337402e-01,-1.923052221536636353e-01,4.252067580819129944e-02,2.014211863279342651e-01,4.077568054199218750e-01,3.195458650588989258e-01,-1.446120887994766235e-01,-2.631891071796417236e-01,2.691065073013305664e-01,3.962961733341217041e-01,4.402139186859130859e-01,4.988877773284912109e-01,-4.823877010494470596e-03,1.780677586793899536e-01,-4.476636052131652832e-01,-3.369028568267822266e-01,-4.259347915649414062e-01,3.472602367401123047e-01,2.436439096927642822e-01,-5.764249339699745178e-02,7.204942405223846436e-02,4.373717010021209717e-01,-4.055029749870300293e-01,-1.918798089027404785e-01,3.465792238712310791e-01,-6.375167518854141235e-02,-6.074039265513420105e-02,-5.876986384391784668e-01,3.679889142513275146e-01,3.166134655475616455e-01,-1.227972935885190964e-02,-4.742786288261413574e-01,3.116337358951568604e-01,4.074238240718841553e-01,-3.190323412418365479e-01,-3.926148116588592529e-01,5.061389803886413574e-01,1.622866094112396240e-01,3.616572916507720947e-01,1.123199388384819031e-01,-1.873549222946166992e-01,-1.863710731267929077e-01,-4.406118988990783691e-01,-1.462835073471069336e-01,9.634371846914291382e-02,-3.429729258641600609e-03,-8.305435627698898315e-02,3.465866297483444214e-02,4.414203166961669922e-01,-3.536347672343254089e-02,-7.055264431983232498e-03,-4.974906742572784424e-01,2.428383231163024902e-01,2.175897732377052307e-02,-3.544685542583465576e-01,-3.907758891582489014e-01,-1.140255182981491089e-01,7.445190846920013428e-02,1.264965441077947617e-02,3.292050957679748535e-01,1.136284396052360535e-01,-1.364914476871490479e-01,6.626618560403585434e-03,4.502441883087158203e-01,-4.839290082454681396e-01,1.698866039514541626e-01,-3.935772180557250977e-01,1.653943061828613281e-01,-2.286136597394943237e-01,4.598639011383056641e-01,-2.584471404552459717e-01,-4.538865089416503906e-01,-1.828541280701756477e-03,4.668062925338745117e-01,-1.812073588371276855e-01,-4.769581258296966553e-01,5.324748754501342773e-01,8.089143666438758373e-04,-3.902964293956756592e-01,-2.829837030731141567e-04,-4.787118136882781982e-01,-3.879417479038238525e-01,2.019550949335098267e-01,6.342893466353416443e-03,3.494385778903961182e-01,3.782754838466644287e-01,-1.334391683340072632e-01,-1.638410538434982300e-01,-4.069889783859252930e-01,1.391352266073226929e-01,-4.865342378616333008e-01,-9.953390061855316162e-02,2.302554845809936523e-01,-3.175071833538822830e-05,-3.559179604053497314e-01,3.720768094062805176e-01,-1.942611634731292725e-01,3.203884661197662354e-01,-5.524116754531860352e-01,-4.135424494743347168e-01,5.493829846382141113e-01,1.389678120613098145e-01,-4.833982288837432861e-01,-3.996260464191436768e-01,-2.222482264041900635e-01,-2.066053636372089386e-02,4.504032731056213379e-01,-3.656323850154876709e-01,-4.606172442436218262e-01,1.031140685081481934e-01,4.242069125175476074e-01,-4.677369594573974609e-01,2.542709410190582275e-01,1.472469121217727661e-01,-4.812901020050048828e-01,2.466997057199478149e-01,1.998711973428726196e-01,4.659793674945831299e-01,4.474464952945709229e-01,-2.108816504478454590e-01,-3.165650367736816406e-01,-2.950493991374969482e-01,3.325754776597023010e-02,3.233177363872528076e-01
1.220594644546508789e-01,5.003996193408966064e-02,-5.062934160232543945e-01,4.160928130149841309e-01,3.271818459033966064e-01,-1.396501362323760986e-01,9.418717026710510254e-02,2.703261673450469971e-01,3.195458650588989258e-01,3.512849211692810059e-01,-1.370070278644561768e-01,-2.851925194263458252e-01,3.236263096332550049e-01,4.276098906993865967e-01,4.949127733707427979e-01,5.485743880271911621e-01,-8.235933259129524231e-03,2.100373059511184692e-01,-4.945689439773559570e-01,-3.866300582885742188e-01,-3.464609980583190918e-01,3.819888234138488770e-01,3.147329688072204590e-01,-6.874663382768630981e-02,7.345738261938095093e-02,4.564416706562042236e-01,-4.739668071269989014e-01,-2.351235896348953247e-01,4.806630611419677734e-01,-1.479759663343429565e-01,-3.496782854199409485e-02,-6.030144691467285156e-01,3.665562868118286133e-01,4.170780777931213379e-01,-1.930549927055835724e-02,-5.260829329490661621e-01,3.472368419170379639e-01,4.605694115161895752e-01,-4.153508543968200684e-01,-4.231948852539062500e-01,4.989377558231353760e-01,1.517799347639083862e-01,4.400040507316589355e-01,1.383506357669830322e-01,-1.288542747497558594e-01,-2.897033691406250000e-01,-5.113967061042785645e-01,-1.481823176145553589e-01,6.416384130716323853e-02,-4.730586707592010498e-02,-5.560332909226417542e-02,-6.937945634126663208e-02,4.247972071170806885e-01,-1.014284044504165649e-02,-7.300416380167007446e-02,-5.864266157150268555e-01,2.596283555030822754e-01,2.594989351928234100e-02,-3.942220509052276611e-01,-4.115004539489746094e-01,-8.979610353708267212e-02,3.801551088690757751e-02,1.161433570086956024e-02,3.279553055763244629e-01,7.173537462949752808e-02,-1.449822038412094116e-01,3.107870556414127350e-02,5.122311711311340332e-01,-5.161436200141906738e-01,2.293330281972885132e-01,-4.710726439952850342e-01,2.214404754340648651e-02,-1.875183880329132080e-01,4.967403411865234375e-01,-2.252436131238937378e-01,-5.130936503410339355e-01,-2.349008340388536453e-03,5.632492303848266602e-01,-1.460100561380386353e-01,-5.055020451545715332e-01,5.790042877197265625e-01,9.040320874191820621e-04,-4.698534309864044189e-01,-3.125130431726574898e-03,-5.048355460166931152e-01,-4.482165277004241943e-01,3.032080829143524170e-01,7.827400229871273041e-03,3.540154397487640381e-01,4.220905900001525879e-01,-1.415953189134597778e-01,-1.222396418452262878e-01,-4.203721284866333008e-01,1.176069974899291992e-01,-5.118010640144348145e-01,-1.152059063315391541e-01,3.152330517768859863e-01,-3.600058698793873191e-05,-3.983056545257568359e-01,3.947857320308685303e-01,-2.695327997207641602e-01,3.653613924980163574e-01,-5.652630925178527832e-01,-4.652795791625976562e-01,6.160729527473449707e-01,1.746624857187271118e-01,-4.773007035255432129e-01,-4.564507901668548584e-01,-2.343867272138595581e-01,-1.678458414971828461e-02,3.891203403472900391e-01,-4.285553991794586182e-01,-4.879958331584930420e-01,1.168406829237937927e-01,5.247253179550170898e-01,-5.035206079483032227e-01,2.994563579559326172e-01,2.047731131315231323e-01,-5.479323863983154297e-01,2.407832443714141846e-01,2.590734958648681641e-01,4.790194630622863770e-01,4.722278416156768799e-01,-2.152368277311325073e-01,-3.697087466716766357e-01,-2.992026209831237793e-01,3.227857872843742371e-02,3.972860276699066162e-01
-1.984677463769912720e-01,-9.575896896421909332e-03,1.299762576818466187e-01,-1.780867874622344971e-01,-1.539830565452575684e-01,1.180792152881622314e-01,-1.088776439428329468e-01,-1.683539152145385742e-01,-1.446120887994766235e-01,-1.370070278644561768e-01,2.591618597507476807e-01,1.149077862501144409e-01,8.636550605297088623e-02,-1.369470953941345215e-01,-1.211741566658020020e-01,-1.306664645671844482e-01,-3.185699228197336197e-03,-3.779199346899986267e-02,2.144350409507751465e-01,1.413155347108840942e-01,2.887559831142425537e-01,-1.010568514466285706e-01,-5.545688420534133911e-02,-5.180108174681663513e-02,-3.357013314962387085e-02,-6.966272741556167603e-02,2.351033873856067657e-02,4.430933669209480286e-02,-3.692035749554634094e-02,-3.402963280677795410e-02,1.219503208994865417e-01,1.961641013622283936e-01,-2.206918001174926758e-01,-9.475468099117279053e-02,-1.149637275375425816e-03,5.489267036318778992e-02,-8.775849640369415283e-02,-1.279972493648529053e-01,4.166055470705032349e-02,3.467683494091033936e-01,-2.894414663314819336e-01,-1.619662344455718994e-01,-3.806060552597045898e-02,-3.539073839783668518e-02,2.265991419553756714e-01,-1.791423559188842773e-01,1.986789554357528687e-01,1.075267642736434937e-01,-1.112773790955543518e-01,-5.379559844732284546e-02,1.018412113189697266e-01,-3.236258402466773987e-02,-3.424557149410247803e-01,5.607435479760169983e-02,-7.678114622831344604e-02,1.645511537790298462e-01,-1.724043339490890503e-01,-6.008028518408536911e-03,7.229179888963699341e-02,1.654227674007415771e-01,1.719036251306533813e-01,-8.844578266143798828e-02,-7.805690169334411621e-03,-2.214104682207107544e-01,-1.107005178928375244e-01,4.369905218482017517e-02,1.839613765478134155e-01,-1.443011909723281860e-01,1.346917003393173218e-01,-6.853825598955154419e-02,1.992248743772506714e-01,-3.343106210231781006e-01,1.132106333971023560e-01,-1.399791389703750610e-01,2.359929233789443970e-01,2.276387959718704224e-01,-1.758262049406766891e-03,-1.047741770744323730e-01,2.441440820693969727e-01,1.718364804983139038e-01,-2.790471911430358887e-01,-2.544128510635346174e-04,1.347109377384185791e-01,-1.190827810205519199e-03,2.982721030712127686e-01,9.553524665534496307e-03,-6.275878101587295532e-02,-1.756133860908448696e-04,2.806131727993488312e-02,-1.609883159399032593e-01,1.823619157075881958e-01,8.454328775405883789e-02,1.552758365869522095e-01,-5.327855423092842102e-02,2.490035146474838257e-01,1.645735204219818115e-01,-9.353887289762496948e-02,2.158574352506548166e-05,8.948852866888046265e-02,-2.084792554378509521e-01,1.438221633434295654e-01,-1.093188300728797913e-01,2.289660423994064331e-01,1.374479085206985474e-01,-1.769379228353500366e-01,-3.356554508209228516e-01,2.661936581134796143e-01,1.666077598929405212e-02,1.485341638326644897e-01,7.614453788846731186e-03,-1.723560094833374023e-01,1.535136997699737549e-01,1.704510450363159180e-01,-1.580746620893478394e-01,-1.551958322525024414e-01,1.651944816112518311e-01,-7.611207664012908936e-02,-8.343268564203754067e-05,2.272744476795196533e-01,-1.354731768369674683e-01,1.695653423666954041e-02,-2.469233572483062744e-01,-2.060816735029220581e-01,-1.054031774401664734e-02,1.470540910959243774e-01,1.067811399698257446e-01,-9.352213703095912933e-03,-1.533059477806091309e-01
-1.497745960950851440e-01,-4.002217575907707214e-02,4.182016253471374512e-01,-3.234230875968933105e-01,-3.262637555599212646e-01,1.585473120212554932e-01,-8.285832405090332031e-02,-3.207698166370391846e-01,-2.631891071796417236e-01,-2.851925194263458252e-01,1.149077862501144409e-01,2.662197947502136230e-01,-2.700439691543579102e-01,-3.576029241085052490e-01,-4.269967079162597656e-01,-5.180147886276245117e-01,5.281262099742889404e-03,-1.692931354045867920e-01,3.817327320575714111e-01,3.132592141628265381e-01,2.490375936031341553e-01,-3.174124062061309814e-01,-2.396437823772430420e-01,5.333398655056953430e-02,-6.281905621290206909e-02,-4.181018173694610596e-01,3.978884816169738770e-01,2.606737017631530762e-01,-4.424115717411041260e-01,1.283024549484252930e-01,5.594146251678466797e-02,5.076567530632019043e-01,-2.471883594989776611e-01,-3.630622029304504395e-01,2.353652566671371460e-02,4.691426753997802734e-01,-3.012937605381011963e-01,-3.981080353260040283e-01,4.366053342819213867e-01,3.863534927368164062e-01,-4.386523962020874023e-01,-1.294993609189987183e-01,-3.630729019641876221e-01,-1.208217665553092957e-01,7.108001410961151123e-02,2.394410669803619385e-01,4.342045187950134277e-01,1.399389952421188354e-01,-5.166803300380706787e-02,8.211254328489303589e-02,9.088563174009323120e-02,1.122204288840293884e-01,-3.704468309879302979e-01,1.771831326186656952e-02,1.020026057958602905e-01,5.341595411300659180e-01,-2.459238171577453613e-01,-2.404506318271160126e-02,2.828885912895202637e-01,3.345222771167755127e-01,7.210024446249008179e-02,-7.762367837131023407e-03,-8.098828606307506561e-03,-2.735957503318786621e-01,-5.759941041469573975e-02,1.224962770938873291e-01,1.938924938440322876e-02,-4.661113321781158447e-01,4.465909898281097412e-01,-2.503960430622100830e-01,4.385465085506439209e-01,-3.154827049002051353e-03,1.343144476413726807e-01,-4.356802403926849365e-01,1.767323017120361328e-01,4.360246956348419189e-01,2.159047871828079224e-03,-4.998817145824432373e-01,9.576027840375900269e-02,4.451416134834289551e-01,-4.908084571361541748e-01,-8.205126505345106125e-04,4.347702860832214355e-01,3.275385126471519470e-03,4.723516702651977539e-01,3.851846456527709961e-01,-2.852303385734558105e-01,-7.934274151921272278e-03,-2.704079151153564453e-01,-3.878426849842071533e-01,1.354103237390518188e-01,1.952898688614368439e-02,3.111898005008697510e-01,-5.866727232933044434e-02,4.327648878097534180e-01,1.601400822401046753e-01,-2.798863351345062256e-01,3.234733594581484795e-05,3.866868317127227783e-01,-3.663018941879272461e-01,2.874904870986938477e-01,-3.721424639225006104e-01,4.878032803535461426e-01,4.171960055828094482e-01,-4.938816726207733154e-01,-1.613625884056091309e-01,3.366232216358184814e-01,3.890606462955474854e-01,2.651385366916656494e-01,1.029450912028551102e-02,-3.100405633449554443e-01,3.125905394554138184e-01,4.203569889068603516e-01,-8.332559466361999512e-02,-4.784873723983764648e-01,4.201953113079071045e-01,-3.268470764160156250e-01,-1.697865426540374756e-01,4.964388310909271240e-01,-1.845148950815200806e-01,-2.033176571130752563e-01,-3.974617421627044678e-01,-4.019531309604644775e-01,1.382799893617630005e-01,3.426265120506286621e-01,2.244178503751754761e-01,-3.617808967828750610e-02,-3.251549303531646729e-01
