4.407008290290832520e-01,1.470207585953176022e-03,4.499191418290138245e-02,-1.343166083097457886e-01,3.379807472229003906e-01,-3.945202529430389404e-01,1.720607839524745941e-02,4.238863885402679443e-01,1.181413903832435608e-01,3.280968964099884033e-02,-2.177103608846664429e-01,-1.523860991001129150e-01,-1.217120662331581116e-01,2.561178244650363922e-02,7.962763309478759766e-03,2.474830448627471924e-01,2.329177455976605415e-03,4.048565868288278580e-03,4.634253680706024170e-02,-3.987656533718109131e-02,-1.129443719983100891e-01,-1.283289492130279541e-01,-1.415085941553115845e-01,1.031756401062011719e-01,2.197345718741416931e-02,2.009113579988479614e-01,1.217401959002017975e-02,-3.485408425331115723e-01,8.512247353792190552e-02,-7.325304299592971802e-02,-2.030920088291168213e-01,-5.964224785566329956e-02,-9.035097062587738037e-02,4.726789519190788269e-02,-1.506593823432922363e-02,-8.816507458686828613e-02,9.427516907453536987e-02,8.486627042293548584e-02,-3.072266876697540283e-01,-2.289267331361770630e-01,2.032313644886016846e-01,7.933890074491500854e-02,-9.214714914560317993e-02,1.761975139379501343e-02,-2.604113332927227020e-02,2.194307744503021240e-01,-4.718266427516937256e-02,-6.807434558868408203e-02,1.504927128553390503e-01,-8.654005080461502075e-02,-2.346727997064590454e-01,-1.896037906408309937e-01,2.151747941970825195e-01,-5.466531217098236084e-02,-4.507617652416229248e-02,-1.314588934183120728e-01,1.689684242010116577e-01,5.455072503536939621e-03,7.014589011669158936e-02,1.258574426174163818e-01,-1.258393526077270508e-01,4.463341459631919861e-02,-6.008428521454334259e-03,2.382408678531646729e-01,1.428969949483871460e-01,-2.349719777703285217e-02,-3.391790390014648438e-01,1.533749103546142578e-01,-9.536223113536834717e-02,3.081742525100708008e-01,-2.251084446907043457e-01,2.421476542949676514e-01,-8.352105505764484406e-03,2.983436174690723419e-02,-2.216348797082901001e-01,-1.427651047706604004e-01,3.150388074573129416e-04,5.308874323964118958e-02,4.153871443122625351e-03,-6.430826336145401001e-02,1.131472289562225342e-01,2.179287730541545898e-05,-1.972049921751022339e-01,-1.762297237291932106e-03,-3.038893640041351318e-01,1.029141917824745178e-01,2.765583992004394531e-01,3.142759203910827637e-03,-9.585701674222946167e-02,1.507120430469512939e-01,-1.757629364728927612e-01,2.991363108158111572e-01,8.085668087005615234e-02,-1.682723909616470337e-01,-1.215767040848731995e-01,-3.254162669181823730e-01,4.848620668053627014e-02,-1.203483861900167540e-05,-1.629120260477066040e-01,2.222040444612503052e-01,-3.436327576637268066e-01,3.768208920955657959e-01,-5.548144876956939697e-02,-1.493084132671356201e-01,-3.595456108450889587e-02,9.003995358943939209e-02,1.488447636365890503e-01,7.316034287214279175e-02,-4.397040009498596191e-01,1.098706666380167007e-02,-6.968200951814651489e-02,1.778091192245483398e-01,-4.994163755327463150e-03,-9.600347280502319336e-02,9.709302335977554321e-02,-9.519217163324356079e-02,3.164795637130737305e-01,-9.988081455230712891e-02,-1.748409718275070190e-01,-7.423938065767288208e-02,-1.397449225187301636e-01,1.150850430130958557e-01,5.497323349118232727e-02,2.764583528041839600e-01,-6.625412404537200928e-02,1.455729156732559204e-01,2.288686111569404602e-02,8.433946222066879272e-02
1.470207585953176022e-03,1.024977583438158035e-02,-8.957250416278839111e-02,7.271257042884826660e-02,5.583378300070762634e-02,-1.647947914898395538e-02,-1.504151523113250732e-02,4.197917878627777100e-02,6.527625769376754761e-02,6.906360387802124023e-02,-2.072209306061267853e-02,-4.720379039645195007e-02,6.941857933998107910e-02,7.292474061250686646e-02,8.495505154132843018e-02,9.447630494832992554e-02,-1.496424083597958088e-03,7.608392834663391113e-02,-8.504662662744522095e-02,-6.203293800354003906e-02,-5.737400054931640625e-02,7.199630141258239746e-02,5.813760682940483093e-02,-2.897580526769161224e-02,1.415826380252838135e-02,8.439147472381591797e-02,-8.841511607170104980e-02,-4.934629425406455994e-02,7.652723789215087891e-02,-9.932167828083038330e-03,-5.678082234226167202e-04,-1.017795428633689880e-01,6.796699762344360352e-02,6.829582899808883667e-02,-2.222650451585650444e-03,-9.269872307777404785e-02,6.614534556865692139e-02,8.594000339508056641e-02,-6.373825669288635254e-02,-7.392057031393051147e-02,8.588920533657073975e-02,1.631796732544898987e-02,8.630091696977615356e-02,3.089156746864318848e-02,-1.061664894223213196e-02,-6.824381649494171143e-02,-8.644942194223403931e-02,-2.616995759308338165e-02,-9.619081392884254456e-03,1.459785550832748413e-02,3.672717604786157608e-03,-5.108019104227423668e-04,6.428598612546920776e-02,-3.571473294869065285e-03,-1.622358895838260651e-02,-9.893509000539779663e-02,4.312848672270774841e-02,3.707316238433122635e-03,-7.878217101097106934e-02,-6.880108267068862915e-02,-1.684846729040145874e-02,-1.306805643253028393e-03,2.379524521529674530e-03,3.301320970058441162e-02,9.087979793548583984e-03,-3.039208799600601196e-02,3.269556909799575806e-02,9.132591634988784790e-02,-8.790670335292816162e-02,4.249943047761917114e-02,-7.697869837284088135e-02,-1.282227877527475357e-02,-3.278379514813423157e-02,8.243711292743682861e-02,-3.734403103590011597e-02,-9.249847382307052612e-02,-2.489262260496616364e-04,9.136194735765457153e-02,-4.452360048890113831e-02,-8.265092968940734863e-02,8.956289291381835938e-02,8.799220813671126962e-05,-7.754933089017868042e-02,-6.808694888604804873e-05,-8.670229464769363403e-02,-7.964027673006057739e-02,4.369730874896049500e-02,9.715490741655230522e-04,7.118809968233108521e-02,7.103668898344039917e-02,-2.506006509065628052e-02,-3.675549477338790894e-02,-7.869283109903335571e-02,5.358539894223213196e-02,-8.062706142663955688e-02,4.462739918380975723e-03,6.240946426987648010e-02,-2.018032546402537264e-06,-6.985721737146377563e-02,7.650703936815261841e-02,-3.601090982556343079e-02,4.169946908950805664e-02,-9.314537048339843750e-02,-8.610263466835021973e-02,1.016927063465118408e-01,8.917378261685371399e-03,-7.931911200284957886e-02,-8.719499409198760986e-02,-2.324955724179744720e-02,-1.871686428785324097e-03,7.089115679264068604e-02,-7.307694852352142334e-02,-8.671528100967407227e-02,-1.044682879000902176e-02,9.015105664730072021e-02,-8.208339661359786987e-02,4.811457172036170959e-02,3.849699348211288452e-02,-9.001812338829040527e-02,5.950658023357391357e-02,6.212578713893890381e-02,7.536575198173522949e-02,7.828544825315475464e-02,-5.429342761635780334e-02,-5.349116399884223938e-02,-5.372498929500579834e-02,-5.310638342052698135e-03,7.669567316770553589e-02
4.499191418290138245e-02,-8.957250416278839111e-02,7.920245528221130371e-01,-6.924743056297302246e-01,-4.812508821487426758e-01,8.187881857156753540e-02,1.226714029908180237e-01,-3.739172518253326416e-01,-5.354737639427185059e-01,-6.435480117797851562e-01,1.916933953762054443e-01,4.566738307476043701e-01,-6.059153079986572266e-01,-6.776406764984130859e-01,-7.600241303443908691e-01,-7.478179931640625000e-01,1.382173690944910049e-02,-6.831666231155395508e-01,7.430440187454223633e-01,6.042924523353576660e-01,4.618870317935943604e-01,-6.898490190505981445e-01,-5.915026068687438965e-01,2.915097475051879883e-01,-1.337030678987503052e-01,-6.777142286300659180e-01,7.630802392959594727e-01,3.964949548244476318e-01,-6.981052160263061523e-01,8.137612789869308472e-02,-1.603952143341302872e-03,8.188375830650329590e-01,-5.943643450736999512e-01,-6.725434660911560059e-01,2.416724897921085358e-02,7.636268138885498047e-01,-6.207065582275390625e-01,-7.543317079544067383e-01,5.255867242813110352e-01,6.480622291564941406e-01,-7.020958662033081055e-01,-1.436617821455001831e-01,-7.611234188079833984e-01,-3.045977950096130371e-01,4.634161293506622314e-02,6.395031809806823730e-01,7.715528011322021484e-01,2.481586486101150513e-01,1.209968850016593933e-01,-6.690763682126998901e-02,-4.079817607998847961e-02,5.361175537109375000e-02,-5.551429986953735352e-01,2.969598211348056793e-02,1.702387183904647827e-01,8.204578161239624023e-01,-4.387633502483367920e-01,-3.703637793660163879e-02,6.919279098510742188e-01,6.449970602989196777e-01,1.426722556352615356e-01,2.688433416187763214e-02,-2.211313880980014801e-02,-2.519865334033966064e-01,-4.850035533308982849e-02,2.864892482757568359e-01,-2.900849878787994385e-01,-7.599797844886779785e-01,7.529047131538391113e-01,-3.632942140102386475e-01,6.803657412528991699e-01,1.809237599372863770e-01,2.996929883956909180e-01,-7.451984882354736328e-01,2.792745232582092285e-01,7.702853083610534668e-01,2.217940986156463623e-03,-7.970898151397705078e-01,4.254202842712402344e-01,7.294060587882995605e-01,-7.663179636001586914e-01,-8.846131386235356331e-04,6.898114681243896484e-01,1.356186461634933949e-03,7.005032896995544434e-01,7.303283214569091797e-01,-3.979671001434326172e-01,-9.341398254036903381e-03,-6.162353157997131348e-01,-6.594241261482238770e-01,2.289073318243026733e-01,3.130804896354675293e-01,6.950148940086364746e-01,-5.093830823898315430e-01,7.037945985794067383e-01,-6.028031930327415466e-02,-5.897219181060791016e-01,1.730182157189119607e-05,6.202577948570251465e-01,-6.464531421661376953e-01,3.687427341938018799e-01,-3.341123759746551514e-01,7.854803800582885742e-01,7.428875565528869629e-01,-8.359303474426269531e-01,-1.448127031326293945e-01,6.567837595939636230e-01,7.524674534797668457e-01,1.690919697284698486e-01,1.533341407775878906e-02,-6.171026825904846191e-01,6.838759183883666992e-01,7.644086480140686035e-01,2.376512810587882996e-02,-7.883679866790771484e-01,7.153095006942749023e-01,-4.062983095645904541e-01,-4.044638574123382568e-01,7.682464718818664551e-01,-5.669884681701660156e-01,-5.949500203132629395e-01,-6.595156788825988770e-01,-6.925619840621948242e-01,5.017477869987487793e-01,5.544934272766113281e-01,5.155993700027465820e-01,4.325027018785476685e-02,-6.951242089271545410e-01
-1.343166083097457886e-01,7.271257042884826660e-02,-6.924743056297302246e-01,7.384629845619201660e-01,2.788337171077728271e-01,4.579009860754013062e-02,-8.903641998767852783e-02,1.721499115228652954e-01,4.862385392189025879e-01,5.499198436737060547e-01,-2.785881459712982178e-01,-3.514471948146820068e-01,4.136783480644226074e-01,6.086977124214172363e-01,6.618894934654235840e-01,5.253067612648010254e-01,-8.971014991402626038e-03,5.755177140235900879e-01,-7.236034274101257324e-01,-5.374217033386230469e-01,-5.186991095542907715e-01,6.553986072540283203e-01,5.412463545799255371e-01,-2.151205539703369141e-01,1.180260106921195984e-01,4.478906691074371338e-01,-6.049439311027526855e-01,-1.235153600573539734e-01,4.840015172958374023e-01,8.967037498950958252e-02,-1.453106198459863663e-02,-7.258611321449279785e-01,6.630170941352844238e-01,5.854081511497497559e-01,-5.166172981262207031e-03,-5.567436218261718750e-01,4.640073180198669434e-01,6.266058087348937988e-01,-2.358924448490142822e-01,-6.116850972175598145e-01,6.236290931701660156e-01,1.960422247648239136e-01,6.408010721206665039e-01,2.419530004262924194e-01,-1.852571219205856323e-01,-4.809240996837615967e-01,-7.098028659820556641e-01,-2.222190648317337036e-01,-5.592577531933784485e-02,1.142160296440124512e-01,6.418447196483612061e-02,1.364906579256057739e-01,5.555873513221740723e-01,-4.201235994696617126e-02,1.055752485990524292e-02,-6.557646989822387695e-01,4.278304278850555420e-01,2.843667380511760712e-02,-6.060256361961364746e-01,-7.049018144607543945e-01,-1.807654947042465210e-01,5.954528972506523132e-02,2.500947751104831696e-02,1.590339392423629761e-01,6.526186317205429077e-02,-2.415961772203445435e-01,2.079054117202758789e-01,5.684812664985656738e-01,-6.173444390296936035e-01,1.064358726143836975e-01,-5.219744443893432617e-01,1.567708142101764679e-02,-3.655794262886047363e-01,6.524727344512939453e-01,-2.962529063224792480e-01,-6.436579823493957520e-01,-4.684612795244902372e-04,6.351753473281860352e-01,-5.524241328239440918e-01,-6.148244738578796387e-01,7.228430509567260742e-01,7.430902915075421333e-04,-5.147995352745056152e-01,3.168712370097637177e-03,-5.616362690925598145e-01,-6.154817938804626465e-01,1.474818736314773560e-01,4.772456362843513489e-03,4.642445445060729980e-01,5.331494212150573730e-01,-2.493350654840469360e-01,-4.534519910812377930e-01,-6.954488754272460938e-01,5.603573918342590332e-01,-6.456975340843200684e-01,1.658567786216735840e-01,4.391034245491027832e-01,-1.364277977700112388e-05,-4.085376560688018799e-01,4.814510941505432129e-01,-2.084078937768936157e-01,6.553458422422409058e-02,-7.380607724189758301e-01,-5.821825265884399414e-01,7.605063915252685547e-01,3.425744175910949707e-01,-7.532582283020019531e-01,-6.065441966056823730e-01,3.469699621200561523e-02,-2.298981323838233948e-02,6.400372385978698730e-01,-7.095715403556823730e-01,-7.162213921546936035e-01,1.716749966144561768e-01,6.565134525299072266e-01,-6.043571829795837402e-01,1.402965039014816284e-01,3.437008857727050781e-01,-6.285790801048278809e-01,6.141749024391174316e-01,4.818213880062103271e-01,6.281776428222656250e-01,6.464170813560485840e-01,-4.932442903518676758e-01,-5.124320387840270996e-01,-5.255724191665649414e-01,-3.847730532288551331e-02,5.805091857910156250e-01
3.379807472229003906e-01,5.583378300070762634e-02,-4.812508821487426758e-01,2.788337171077728271e-01,6.513620615005493164e-01,-4.026348590850830078e-01,-6.944238394498825073e-02,6.642415523529052734e-01,3.696687519550323486e-01,4.092252254486083984e-01,-2.129915505647659302e-01,-4.246510863304138184e-01,3.682475984096527100e-01,4.157254099845886230e-01,4.930818676948547363e-01,7.602437734603881836e-01,-8.217024616897106171e-03,4.611685276031494141e-01,-4.055668115615844727e-01,-3.669590651988983154e-01,-2.562825381755828857e-01,3.115532696247100830e-01,2.368547320365905762e-01,-1.235480085015296936e-01,9.414593130350112915e-02,6.714422702789306641e-01,-5.121288895606994629e-01,-6.417527198791503906e-01,6.212006211280822754e-01,-1.954838037490844727e-01,-1.451346129179000854e-01,-5.644297599792480469e-01,2.098617255687713623e-01,4.562161266803741455e-01,-3.716228902339935303e-02,-6.307811141014099121e-01,4.948252141475677490e-01,5.735054612159729004e-01,-7.350194454193115234e-01,-5.453631281852722168e-01,5.924558043479919434e-01,9.606651961803436279e-02,4.400123655796051025e-01,2.140724658966064453e-01,6.483218073844909668e-02,-3.012599349021911621e-01,-5.239817500114440918e-01,-2.078650742769241333e-01,-9.759008884429931641e-03,-6.147174537181854248e-02,-1.716513335704803467e-01,-3.130077719688415527e-01,4.484408199787139893e-01,-5.211964249610900879e-02,-2.520229816436767578e-01,-6.879997849464416504e-01,3.725882470607757568e-01,2.988568879663944244e-02,-3.752547800540924072e-01,-2.398441731929779053e-01,-1.326906532049179077e-01,-6.150664761662483215e-02,4.572761710733175278e-03,3.455868065357208252e-01,1.153911873698234558e-01,-1.958038657903671265e-01,-4.157338663935661316e-02,6.707379221916198730e-01,-5.668779015541076660e-01,5.877441167831420898e-01,-6.574860215187072754e-01,-6.104858964681625366e-02,-9.983090311288833618e-02,5.072218775749206543e-01,-2.875123918056488037e-01,-6.240192055702209473e-01,-2.014676341786980629e-03,6.124547123908996582e-01,-1.526088416576385498e-01,-5.252346396446228027e-01,5.558793544769287109e-01,5.762729560956358910e-04,-6.418798565864562988e-01,-4.920841194689273834e-03,-7.161020636558532715e-01,-4.161998331546783447e-01,5.715972185134887695e-01,1.041312981396913528e-02,3.347846865653991699e-01,5.554391741752624512e-01,-2.481028288602828979e-01,1.540085226297378540e-01,-3.214189112186431885e-01,9.294511377811431885e-02,-5.211288928985595703e-01,-2.795519828796386719e-01,4.638850092887878418e-01,-1.993045589188113809e-05,-5.883338451385498047e-01,6.378740668296813965e-01,-5.581595897674560547e-01,6.256082057952880859e-01,-5.298274755477905273e-01,-6.391698718070983887e-01,5.124116539955139160e-01,3.759648650884628296e-02,-2.043615728616714478e-01,-4.846799969673156738e-01,-5.452443361282348633e-01,7.441999856382608414e-03,2.457772046327590942e-01,-2.278337627649307251e-01,-4.793243706226348877e-01,-2.117471098899841309e-01,6.317032575607299805e-01,-5.293470621109008789e-01,6.167120933532714844e-01,1.945992708206176758e-01,-6.639620065689086914e-01,2.117839455604553223e-01,3.019745647907257080e-01,4.550377428531646729e-01,4.355110526084899902e-01,-6.244001910090446472e-02,-3.664245605468750000e-01,-1.439462155103683472e-01,-1.072383485734462738e-02,5.121195316314697266e-01
-3.945202529430389404e-01,-1.647947914898395538e-02,8.187881857156753540e-02,4.579009860754013062e-02,-4.026348590850830078e-01,4.273309111595153809e-01,2.819237858057022095e-02,-4.637443423271179199e-01,-2.279424071311950684e-01,-1.324461251497268677e-01,1.832177937030792236e-01,2.293603271245956421e-01,-1.692801900207996368e-02,-1.360801011323928833e-01,-1.298695802688598633e-01,-4.077978134155273438e-01,9.637938637752085924e-05,-1.136085838079452515e-01,6.825365871191024780e-02,1.147398650646209717e-01,1.699989140033721924e-01,5.410924553871154785e-03,5.561099201440811157e-02,-2.454565279185771942e-02,-4.287676885724067688e-02,-3.589759767055511475e-01,1.373575478792190552e-01,4.246195256710052490e-01,-2.118969857692718506e-01,8.419269323348999023e-02,1.966365575790405273e-01,2.193784117698669434e-01,2.175098471343517303e-02,-1.371796727180480957e-01,2.046688273549079895e-02,2.576467096805572510e-01,-2.033382058143615723e-01,-2.158378213644027710e-01,4.242944717407226562e-01,2.869131863117218018e-01,-3.190654218196868896e-01,-6.999988108873367310e-02,-3.773735091090202332e-02,-6.039283424615859985e-02,1.991087105125188828e-03,-7.583457976579666138e-02,1.581950783729553223e-01,9.021669626235961914e-02,-1.274967044591903687e-01,9.403204917907714844e-02,2.217427641153335571e-01,1.891092807054519653e-01,-2.726147472858428955e-01,5.899989232420921326e-02,9.035806357860565186e-02,2.759753763675689697e-01,-2.163119912147521973e-01,-1.154750306159257889e-02,4.123671725392341614e-02,-3.942843899130821228e-02,1.340004205703735352e-01,-3.128646686673164368e-02,3.567469306290149689e-03,-2.678835391998291016e-01,-1.448719948530197144e-01,7.100466638803482056e-02,2.488100677728652954e-01,-2.917186915874481201e-01,2.378571033477783203e-01,-3.762027919292449951e-01,3.288447558879852295e-01,-1.732776761054992676e-01,5.378382280468940735e-02,-1.674219667911529541e-01,2.327138334512710571e-01,2.605369985103607178e-01,4.224893928039819002e-04,-1.955630630254745483e-01,2.348231896758079529e-02,2.069308459758758545e-01,-2.270910292863845825e-01,-1.732679520500823855e-04,2.994102835655212402e-01,1.922244322486221790e-03,4.119935035705566406e-01,3.528819605708122253e-02,-3.280565738677978516e-01,-5.129604600369930267e-03,-5.721274018287658691e-02,-2.582043409347534180e-01,1.636718362569808960e-01,-2.510736286640167236e-01,3.429168462753295898e-02,7.676581293344497681e-02,2.298959940671920776e-01,2.920958697795867920e-01,-1.063979193568229675e-01,1.273056386708049104e-05,2.825323343276977539e-01,-3.355932533740997314e-01,3.835141956806182861e-01,-4.536145925521850586e-01,1.975006461143493652e-01,2.844087183475494385e-01,-1.210562214255332947e-01,-4.404785111546516418e-03,-5.831890180706977844e-02,8.615425229072570801e-02,4.646342694759368896e-01,-7.518715690821409225e-03,-4.619519785046577454e-02,-8.334243297576904297e-02,1.323994547128677368e-01,1.258406192064285278e-01,-2.102985978126525879e-01,2.095538675785064697e-01,-4.025086164474487305e-01,3.584766760468482971e-02,2.917388975620269775e-01,1.368148252367973328e-03,4.299250617623329163e-02,-2.058936357498168945e-01,-1.464549154043197632e-01,-1.835505366325378418e-01,1.415016502141952515e-01,-5.950013920664787292e-02,-2.316507883369922638e-02,-1.868123710155487061e-01
1.720607839524745941e-02,-1.504151523113250732e-02,1.226714029908180237e-01,-8.903641998767852783e-02,-6.944238394498825073e-02,2.819237858057022095e-02,4.878404363989830017e-02,-4.402248188853263855e-02,-1.114440783858299255e-01,-8.902375400066375732e-02,-1.462854444980621338e-02,6.999140232801437378e-02,-1.245177090167999268e-01,-1.093451231718063354e-01,-1.270267814397811890e-01,-1.503318846225738525e-01,2.102104946970939636e-03,-1.115854904055595398e-01,1.012102141976356506e-01,7.395564019680023193e-02,6.670955568552017212e-02,-1.099066585302352905e-01,-7.765832543373107910e-02,5.446141213178634644e-02,-1.910794340074062347e-02,-1.375375092029571533e-01,1.393120884895324707e-01,7.727080583572387695e-02,-1.131841167807579041e-01,1.036600954830646515e-02,-5.841669626533985138e-03,1.526830196380615234e-01,-7.483945786952972412e-02,-8.867448568344116211e-02,4.666085820645093918e-03,1.532640159130096436e-01,-9.713482856750488281e-02,-1.195880323648452759e-01,1.057664304971694946e-01,7.742404192686080933e-02,-1.117921993136405945e-01,-6.452644709497690201e-03,-1.299201846122741699e-01,-4.240511357784271240e-02,-1.524054352194070816e-02,1.270707845687866211e-01,1.105465963482856750e-01,3.404306247830390930e-02,3.316888585686683655e-02,-6.984360981732606888e-03,-5.016335751861333847e-03,-1.193302334286272526e-03,-6.681155413389205933e-02,2.891019685193896294e-03,3.449294716119766235e-02,1.417759358882904053e-01,-4.929066076874732971e-02,-5.531653761863708496e-03,1.065299063920974731e-01,9.286967664957046509e-02,2.687147352844476700e-03,1.448736619204282761e-02,-2.871512668207287788e-03,-2.931403927505016327e-02,4.705538740381598473e-04,4.347757250070571899e-02,-7.545876502990722656e-02,-1.334560364484786987e-01,1.303863525390625000e-01,-6.001821160316467285e-02,9.696054458618164062e-02,5.219147354364395142e-02,4.166040942072868347e-02,-1.265148669481277466e-01,2.126164734363555908e-02,1.166977062821388245e-01,6.303481059148907661e-04,-1.352284997701644897e-01,3.609467297792434692e-02,1.241425052285194397e-01,-1.113144159317016602e-01,-1.364678755635395646e-04,1.064663454890251160e-01,3.105553696514107287e-05,1.098727658390998840e-01,1.329205334186553955e-01,-4.910163581371307373e-02,-1.710040844045579433e-03,-1.255680620670318604e-01,-9.839311987161636353e-02,7.392650470137596130e-03,4.440787434577941895e-02,1.031291186809539795e-01,-7.720261067152023315e-02,1.004779413342475891e-01,-2.367429994046688080e-02,-7.893622666597366333e-02,1.073159182851668447e-06,1.132290735840797424e-01,-1.011192128062248230e-01,3.458350896835327148e-02,-6.218012422323226929e-02,1.337896734476089478e-01,1.240687966346740723e-01,-1.354645192623138428e-01,3.719935193657875061e-02,9.450800716876983643e-02,1.453436315059661865e-01,2.997739985585212708e-02,2.763718832284212112e-03,-1.174487471580505371e-01,8.778180181980133057e-02,1.266940087080001831e-01,4.203433543443679810e-02,-1.223081573843955994e-01,1.101014539599418640e-01,-8.207911252975463867e-02,-5.679020658135414124e-02,1.183857172727584839e-01,-7.728858292102813721e-02,-9.521818161010742188e-02,-9.009175747632980347e-02,-1.070259883999824524e-01,9.089653939008712769e-02,7.238404452800750732e-02,7.832284271717071533e-02,3.909168299287557602e-03,-9.455271810293197632e-02
4.238863885402679443e-01,4.197917878627777100e-02,-3.739172518253326416e-01,1.721499115228652954e-01,6.642415523529052734e-01,-4.637443423271179199e-01,-4.402248188853263855e-02,7.441231012344360352e-01,2.931644022464752197e-01,3.345754444599151611e-01,-2.129667550325393677e-01,-4.331452846527099609e-01,2.624241411685943604e-01,3.555796146392822266e-01,4.110179245471954346e-01,7.084423899650573730e-01,-5.633628461509943008e-03,3.582862019538879395e-01,-2.841650843620300293e-01,-3.163397014141082764e-01,-1.740137487649917603e-01,2.208319455385208130e-01,1.476214081048965454e-01,-9.306267648935317993e-02,8.501644432544708252e-02,6.197226643562316895e-01,-4.223575890064239502e-01,-6.724393367767333984e-01,5.938386321067810059e-01,-2.095800042152404785e-01,-1.997588574886322021e-01,-4.592327773571014404e-01,7.052842527627944946e-02,4.271951019763946533e-01,-4.398178309202194214e-02,-5.569037199020385742e-01,4.571646451950073242e-01,5.019242763519287109e-01,-7.543988823890686035e-01,-5.094997882843017578e-01,5.191012620925903320e-01,7.892596721649169922e-02,3.172850310802459717e-01,1.928447932004928589e-01,1.323968768119812012e-01,-2.059073597192764282e-01,-4.393522143363952637e-01,-1.908378750085830688e-01,2.524227648973464966e-02,-1.719195246696472168e-01,-2.440194189548492432e-01,-4.180922508239746094e-01,4.045194387435913086e-01,-6.797827035188674927e-02,-2.809609174728393555e-01,-6.148809194564819336e-01,3.807811737060546875e-01,2.914115600287914276e-02,-2.422930598258972168e-01,-1.200688779354095459e-01,-1.359632611274719238e-01,-5.838564410805702209e-02,-8.193877292796969414e-04,3.340938687324523926e-01,1.198261007666587830e-01,-1.691838353872299194e-01,-1.767199486494064331e-01,6.040624380111694336e-01,-4.981640577316284180e-01,6.314964890480041504e-01,-6.364983320236206055e-01,-6.017310917377471924e-02,-4.951244965195655823e-02,4.406529963016510010e-01,-2.386872023344039917e-01,-5.380263924598693848e-01,-1.819066703319549561e-03,5.447266101837158203e-01,-7.990469038486480713e-02,-4.531167149543762207e-01,4.749114513397216797e-01,5.320939817465841770e-04,-6.152208447456359863e-01,-6.186040583997964859e-03,-6.674220561981201172e-01,-3.175926208496093750e-01,6.144897937774658203e-01,1.094514876604080200e-02,2.285095900297164917e-01,5.329608917236328125e-01,-2.403251528739929199e-01,3.245919644832611084e-01,-1.996027231216430664e-01,-1.665394753217697144e-02,-4.463705420494079590e-01,-3.766440153121948242e-01,3.992178440093994141e-01,-2.133766611223109066e-05,-5.720629692077636719e-01,5.913732647895812988e-01,-6.448354125022888184e-01,6.915264129638671875e-01,-4.347558915615081787e-01,-5.870884656906127930e-01,3.813394904136657715e-01,3.595145419239997864e-02,-4.120260104537010193e-02,-3.733739852905273438e-01,-6.342473626136779785e-01,1.511708181351423264e-02,1.391910910606384277e-01,-1.110012233257293701e-01,-3.830094039440155029e-01,-1.984896808862686157e-01,5.577740073204040527e-01,-4.551445245742797852e-01,6.577228903770446777e-01,1.508154720067977905e-01,-6.059942841529846191e-01,1.051003783941268921e-01,1.955349594354629517e-01,3.831632137298583984e-01,3.409533202648162842e-01,9.775845706462860107e-02,-3.585774600505828857e-01,-4.143172875046730042e-02,1.267287041991949081e-02,4.524669349193572998e-01
1.181413903832435608e-01,6.527625769376754761e-02,-5.354737639427185059e-01,4.862385392189025879e-01,3.696687519550323486e-01,-2.279424071311950684e-01,-1.114440783858299255e-01,2.931644022464752197e-01,5.730434060096740723e-01,4.763424396514892578e-01,-2.799009382724761963e-01,-3.653117120265960693e-01,2.981853187084197998e-01,5.373995304107666016e-01,5.540118217468261719e-01,6.069136261940002441e-01,-6.003821734338998795e-03,4.370946884155273438e-01,-5.665215849876403809e-01,-4.588753283023834229e-01,-5.692472457885742188e-01,4.712045788764953613e-01,3.322067558765411377e-01,-1.436278074979782104e-01,1.116469204425811768e-01,5.371859669685363770e-01,-5.411169528961181641e-01,-2.835853397846221924e-01,3.945414721965789795e-01,4.503687098622322083e-02,-1.264993548393249512e-01,-7.176287174224853516e-01,4.983943104743957520e-01,4.771239459514617920e-01,-9.472875855863094330e-03,-5.627363920211791992e-01,4.305289685726165771e-01,5.593901872634887695e-01,-3.232895433902740479e-01,-5.957007408142089844e-01,6.491615772247314453e-01,1.909046471118927002e-01,4.728194475173950195e-01,1.884708404541015625e-01,-1.885362416505813599e-01,-3.004947304725646973e-01,-5.776126980781555176e-01,-1.830915212631225586e-01,7.674503326416015625e-02,4.100634902715682983e-02,-7.564498484134674072e-02,8.687105774879455566e-02,5.775152444839477539e-01,-6.794428825378417969e-02,1.710185781121253967e-02,-6.157112121582031250e-01,4.030014276504516602e-01,2.391576394438743591e-02,-4.655838012695312500e-01,-4.847436547279357910e-01,-2.298911064863204956e-01,1.240569874644279480e-01,1.754044182598590851e-02,2.868922054767608643e-01,1.496713459491729736e-01,-2.104821503162384033e-01,1.947160810232162476e-02,5.599856972694396973e-01,-6.002362370491027832e-01,2.392020672559738159e-01,-5.157939195632934570e-01,1.627379059791564941e-01,-3.512508869171142578e-01,5.615752935409545898e-01,-3.667985796928405762e-01,-6.034585833549499512e-01,-4.561458190437406301e-04,5.441969633102416992e-01,-4.087188541889190674e-01,-5.755826830863952637e-01,6.554438471794128418e-01,6.039653671905398369e-04,-5.025566220283508301e-01,2.833779435604810715e-03,-6.178711652755737305e-01,-4.520401954650878906e-01,2.294608503580093384e-01,5.272010341286659241e-03,4.272363483905792236e-01,5.066112279891967773e-01,-2.412600219249725342e-01,-2.492427229881286621e-01,-5.514482855796813965e-01,4.177587926387786865e-01,-5.934021472930908203e-01,-5.629673250950872898e-04,2.959628403186798096e-01,-1.588663326401729137e-05,-4.421286880970001221e-01,5.022446513175964355e-01,-3.014301657676696777e-01,2.683609724044799805e-01,-6.711489558219909668e-01,-5.633609294891357422e-01,6.510452628135681152e-01,1.911978870630264282e-01,-5.792797803878784180e-01,-4.766272008419036865e-01,-1.975206434726715088e-01,-1.949502155184745789e-02,5.872538685798645020e-01,-4.865842759609222412e-01,-5.953141450881958008e-01,7.173111289739608765e-02,5.354228019714355469e-01,-5.614401698112487793e-01,2.908670902252197266e-01,1.834626346826553345e-01,-5.905427336692810059e-01,4.596458971500396729e-01,2.701410651206970215e-01,5.902145504951477051e-01,5.685958266258239746e-01,-2.683328092098236084e-01,-4.441924095153808594e-01,-3.777383863925933838e-01,-4.926398862153291702e-03,5.086839199066162109e-01
3.280968964099884033e-02,6.906360387802124023e-02,-6.435480117797851562e-01,5.499198436737060547e-01,4.092252254486083984e-01,-1.324461251497268677e-01,-8.902375400066375732e-02,3.345754444599151611e-01,4.763424396514892578e-01,5.222474932670593262e-01,-2.067176848649978638e-01,-3.716982007026672363e-01,4.386495649814605713e-01,5.619770884513854980e-01,6.227256059646606445e-01,6.829048395156860352e-01,-1.012554299086332321e-02,5.154561400413513184e-01,-6.353219747543334961e-01,-4.932878911495208740e-01,-4.600487649440765381e-01,5.313218235969543457e-01,4.304069280624389648e-01,-2.103803306818008423e-01,1.108488664031028748e-01,6.000882983207702637e-01,-6.417326927185058594e-01,-3.393077552318572998e-01,5.608271956443786621e-01,-5.580440163612365723e-02,-4.557667672634124756e-02,-7.544342875480651855e-01,5.013695955276489258e-01,5.565166473388671875e-01,-1.651609502732753754e-02,-6.612884998321533203e-01,4.864834845066070557e-01,6.349056363105773926e-01,-4.452344775199890137e-01,-5.902195572853088379e-01,6.388505101203918457e-01,1.403253972530364990e-01,5.935856103897094727e-01,2.284441292285919189e-01,-9.209360927343368530e-02,-4.658067822456359863e-01,-6.483164429664611816e-01,-1.839843839406967163e-01,-1.761024445295333862e-02,3.688053414225578308e-02,-5.337118636816740036e-03,-1.929003000259399414e-02,5.225186944007873535e-01,-4.048521444201469421e-02,-9.324665367603302002e-02,-7.284598350524902344e-01,3.711096942424774170e-01,2.786843106150627136e-02,-5.451423525810241699e-01,-5.064558982849121094e-01,-1.685871332883834839e-01,3.823211789131164551e-02,1.720828190445899963e-02,2.591589093208312988e-01,8.359974622726440430e-02,-2.248768359422683716e-01,1.482131034135818481e-01,6.523019671440124512e-01,-6.521797776222229004e-01,3.054681420326232910e-01,-5.879261493682861328e-01,-5.098886415362358093e-02,-2.780309617519378662e-01,6.142994761466979980e-01,-2.883921265602111816e-01,-6.777484416961669922e-01,-1.302101300098001957e-03,6.712965369224548340e-01,-3.600591123104095459e-01,-6.184910535812377930e-01,6.944015622138977051e-01,6.726154242642223835e-04,-5.782685279846191406e-01,-2.300331107107922435e-04,-6.432113647460937500e-01,-5.528305768966674805e-01,3.285983502864837646e-01,6.889340933412313461e-03,4.950994849205017090e-01,5.477622151374816895e-01,-2.062938958406448364e-01,-2.432065457105636597e-01,-5.826532244682312012e-01,4.108491241931915283e-01,-6.136121749877929688e-01,1.403102185577154160e-02,4.180983304977416992e-01,-1.518485896667698398e-05,-5.034472346305847168e-01,5.518945455551147461e-01,-3.381425440311431885e-01,3.142607808113098145e-01,-6.954483389854431152e-01,-6.389812827110290527e-01,7.498672008514404297e-01,1.310840547084808350e-01,-5.871565341949462891e-01,-5.944589376449584961e-01,-1.751859933137893677e-01,-1.461159437894821167e-02,5.397059321403503418e-01,-5.633429884910583496e-01,-6.376844048500061035e-01,2.427247539162635803e-02,6.528495550155639648e-01,-6.071461439132690430e-01,3.409405052661895752e-01,2.757716178894042969e-01,-6.708651185035705566e-01,4.510129988193511963e-01,4.004046320915222168e-01,5.800231099128723145e-01,5.780830383300781250e-01,-3.385977745056152344e-01,-4.589648544788360596e-01,-3.976771831512451172e-01,-2.392351441085338593e-02,5.799738168716430664e-01
-2.177103608846664429e-01,-2.072209306061267853e-02,1.916933953762054443e-01,-2.785881459712982178e-01,-2.129915505647659302e-01,1.832177937030792236e-01,-1.462854444980621338e-02,-2.129667550325393677e-01,-2.799009382724761963e-01,-2.067176848649978638e-01,4.147061407566070557e-01,1.818004846572875977e-01,1.039267852902412415e-01,-2.264842838048934937e-01,-2.082756459712982178e-01,-2.010939866304397583e-01,-1.692407298833131790e-03,-1.543106287717819214e-01,3.074020743370056152e-01,2.302468419075012207e-01,4.218760728836059570e-01,-1.613635271787643433e-01,-9.079155325889587402e-02,-5.892618000507354736e-02,-5.948090180754661560e-02,-1.368118524551391602e-01,1.126067265868186951e-01,6.267702579498291016e-02,-6.054518371820449829e-02,-1.274658143520355225e-01,1.937002241611480713e-01,3.020181357860565186e-01,-3.289721012115478516e-01,-2.205036729574203491e-01,-5.884542595595121384e-03,1.076816394925117493e-01,-1.455700695514678955e-01,-2.370763123035430908e-01,2.618888393044471741e-02,4.411737024784088135e-01,-3.968355953693389893e-01,-2.137449085712432861e-01,-9.609626233577728271e-02,-6.473128497600555420e-02,2.793990671634674072e-01,-1.369054466485977173e-01,3.110497891902923584e-01,1.266371160745620728e-01,-1.864763349294662476e-01,-5.141342431306838989e-02,1.348068565130233765e-01,-1.051087379455566406e-01,-4.549069106578826904e-01,8.158583194017410278e-02,-1.524505168199539185e-01,2.354930490255355835e-01,-3.195102512836456299e-01,-8.811807259917259216e-03,1.558300405740737915e-01,2.774802744388580322e-01,2.446505874395370483e-01,-1.677729785442352295e-01,-9.888715110719203949e-03,-2.141918092966079712e-01,-1.792765110731124878e-01,8.942904323339462280e-02,2.619268596172332764e-01,-1.945850104093551636e-01,2.267585694789886475e-01,-5.860549584031105042e-02,2.728522121906280518e-01,-4.375219345092773438e-01,2.472511678934097290e-01,-2.217866033315658569e-01,3.729578554630279541e-01,3.054995238780975342e-01,-1.846306840889155865e-03,-1.622325181961059570e-01,3.853548765182495117e-01,2.294402122497558594e-01,-4.026433825492858887e-01,-2.087164029944688082e-04,2.171033024787902832e-01,-4.453676287084817886e-03,3.762721419334411621e-01,6.571101397275924683e-02,-6.080234423279762268e-02,-1.730692456476390362e-04,-8.099245605990290642e-04,-2.441041320562362671e-01,2.914513051509857178e-01,1.284129470586776733e-01,2.760997414588928223e-01,-1.823483705520629883e-01,3.531644046306610107e-01,9.234511852264404297e-02,-9.844631701707839966e-02,1.411550510965753347e-05,1.074890047311782837e-01,-2.534855902194976807e-01,2.161152809858322144e-01,-7.256715744733810425e-02,3.455249071121215820e-01,2.305182963609695435e-01,-2.738486826419830322e-01,-4.237006902694702148e-01,3.685534894466400146e-01,6.211189180612564087e-02,1.432574689388275146e-01,1.073482166975736618e-02,-2.630207836627960205e-01,2.296274304389953613e-01,2.894079089164733887e-01,-1.947285681962966919e-01,-2.400951683521270752e-01,2.657422125339508057e-01,-4.388248920440673828e-02,-1.524559687823057175e-02,2.942306399345397949e-01,-2.735624313354492188e-01,1.188746374100446701e-02,-3.725531995296478271e-01,-2.977605760097503662e-01,-4.481859970837831497e-03,2.452438026666641235e-01,1.425888538360595703e-01,-2.819344168528914452e-03,-2.423298805952072144e-01
-1.523860991001129150e-01,-4.720379039645195007e-02,4.566738307476043701e-01,-3.514471948146820068e-01,-4.246510863304138184e-01,2.293603271245956421e-01,6.999140232801437378e-02,-4.331452846527099609e-01,-3.653117120265960693e-01,-3.716982007026672363e-01,1.818004846572875977e-01,3.534940183162689209e-01,-2.807833254337310791e-01,-4.369582831859588623e-01,-4.762323796749114990e-01,-6.264855265617370605e-01,5.462682340294122696e-03,-3.640394210815429688e-01,4.177223443984985352e-01,3.643385469913482666e-01,3.212409019470214844e-01,-3.645677864551544189e-01,-2.630643844604492188e-01,1.360744684934616089e-01,-8.796823024749755859e-02,-5.236047506332397461e-01,4.826688170433044434e-01,3.900400996208190918e-01,-4.956189990043640137e-01,5.786044895648956299e-02,1.188086420297622681e-01,5.821804404258728027e-01,-2.733504176139831543e-01,-4.537642896175384521e-01,2.394661866128444672e-02,5.442757606506347656e-01,-3.946138918399810791e-01,-5.047081112861633301e-01,4.985106289386749268e-01,5.036782622337341309e-01,-5.218451023101806641e-01,-1.066550314426422119e-01,-3.980318307876586914e-01,-1.777991801500320435e-01,-2.136966446414589882e-03,3.016288280487060547e-01,4.964597523212432861e-01,1.555611193180084229e-01,-1.278292015194892883e-02,8.667980879545211792e-02,1.117871999740600586e-01,1.410356760025024414e-01,-4.277410209178924561e-01,5.199481919407844543e-02,1.228763982653617859e-01,6.098062396049499512e-01,-3.453664481639862061e-01,-2.452212572097778320e-02,3.327609896659851074e-01,3.115634322166442871e-01,1.444773823022842407e-01,-2.482441812753677368e-02,-8.587075397372245789e-03,-2.228713482618331909e-01,-8.628633618354797363e-02,1.715297400951385498e-01,2.534766867756843567e-02,-5.484932065010070801e-01,5.216047763824462891e-01,-3.531698882579803467e-01,5.269175767898559570e-01,2.964364178478717804e-02,1.853636503219604492e-01,-4.904691874980926514e-01,2.073131352663040161e-01,5.298613905906677246e-01,1.079706940799951553e-03,-5.490792989730834961e-01,2.243917286396026611e-01,4.928184747695922852e-01,-5.455463528633117676e-01,-5.544098094105720520e-04,5.156627297401428223e-01,1.545162405818700790e-03,5.759642720222473145e-01,3.978593349456787109e-01,-3.509968221187591553e-01,-7.087913341820240021e-03,-3.182105422019958496e-01,-4.769305884838104248e-01,1.807511150836944580e-01,8.934770594350993633e-04,3.702562749385833740e-01,-2.238520830869674683e-01,4.738847017288208008e-01,1.120666787028312683e-01,-3.041713237762451172e-01,1.475939188821939752e-05,4.599049389362335205e-01,-4.740870893001556396e-01,4.114004075527191162e-01,-3.979763984680175781e-01,5.416870117187500000e-01,5.417806506156921387e-01,-5.197783112525939941e-01,-1.039739251136779785e-01,3.155969381332397461e-01,4.225573241710662842e-01,3.020718991756439209e-01,3.731283824890851974e-03,-3.633619546890258789e-01,3.332883715629577637e-01,4.780832529067993164e-01,6.708517670631408691e-03,-5.327709913253784180e-01,4.679393470287322998e-01,-4.013238251209259033e-01,-1.826407313346862793e-01,5.641819238662719727e-01,-2.762666940689086914e-01,-2.361243367195129395e-01,-4.424515664577484131e-01,-4.242708086967468262e-01,1.188834160566329956e-01,3.966684937477111816e-01,2.251002192497253418e-01,-7.051078137010335922e-03,-4.442104399204254150e-01
