9.999983310699462891e-01,-9.999986290931701660e-01,-9.999939203262329102e-01,9.999978542327880859e-01,9.999988675117492676e-01,-9.999988079071044922e-01,9.999955892562866211e-01,9.999991059303283691e-01,-9.999969005584716797e-01,9.999981522560119629e-01,-9.999987483024597168e-01,-9.999989271163940430e-01,9.999981522560119629e-01,9.999983906745910645e-01,9.999929070472717285e-01,9.999960064888000488e-01,9.999973773956298828e-01,-9.999981522560119629e-01,9.999932050704956055e-01,-9.999991059303283691e-01,-9.999989867210388184e-01,9.999930858612060547e-01,9.999985098838806152e-01,9.999980926513671875e-01,9.999886155128479004e-01,9.999989867210388184e-01,-9.999982714653015137e-01,-9.999988675117492676e-01,9.999899268150329590e-01,-9.999959468841552734e-01,-9.999920129776000977e-01,-9.999983310699462891e-01,9.999876022338867188e-01,9.999958872795104980e-01,-9.999979138374328613e-01,9.999543428421020508e-01,9.999990463256835938e-01,9.999985098838806152e-01,9.999905824661254883e-01,-9.999988079071044922e-01,9.999985694885253906e-01,-9.999801516532897949e-01,9.999817013740539551e-01,9.999988079071044922e-01,9.999982118606567383e-01,9.999982118606567383e-01,-9.999935030937194824e-01,9.999984502792358398e-01,9.999986886978149414e-01,-9.999983906745910645e-01,-9.999986886978149414e-01,-9.999982714653015137e-01,-9.999988079071044922e-01,-9.999930858612060547e-01,-9.999983906745910645e-01,-9.999980330467224121e-01,-9.999935030937194824e-01,9.999811053276062012e-01,9.999965429306030273e-01,9.999982118606567383e-01,-9.999984502792358398e-01,9.999988675117492676e-01,9.999983310699462891e-01,9.999954104423522949e-01,-9.999951124191284180e-01,-9.999988079071044922e-01,-9.999989867210388184e-01,-9.999960064888000488e-01,-9.999989867210388184e-01,9.999985098838806152e-01,-9.999986886978149414e-01,9.999975562095642090e-01,9.999780654907226562e-01,-9.999936223030090332e-01,-9.999802708625793457e-01,-9.999983310699462891e-01,9.999923110008239746e-01,9.999987483024597168e-01,-9.999945163726806641e-01,-9.999959468841552734e-01,9.999823570251464844e-01,9.999976754188537598e-01,-9.999988079071044922e-01,9.999980926513671875e-01,-9.999982118606567383e-01,-9.999887943267822266e-01,9.999774694442749023e-01,9.999988675117492676e-01,9.999886751174926758e-01,7.777200341224670410e-01,-9.999958276748657227e-01,9.999982714653015137e-01,-9.999842643737792969e-01,-9.999975562095642090e-01,9.999980330467224121e-01,-9.999977946281433105e-01,-9.999896883964538574e-01,9.999989271163940430e-01,-9.999988079071044922e-01,9.999964237213134766e-01,-9.999966621398925781e-01,9.999987483024597168e-01,-9.997927546501159668e-01,9.999045133590698242e-01,9.999985694885253906e-01,9.999970197677612305e-01,-9.999812245368957520e-01,-9.999983906745910645e-01,-9.999937415122985840e-01,9.999985098838806152e-01,-9.999985098838806152e-01,9.999980330467224121e-01,-9.999982118606567383e-01,-9.999497532844543457e-01,9.999990463256835938e-01,-9.999975562095642090e-01,9.999989867210388184e-01,-9.999980926513671875e-01,-9.999951720237731934e-01,-9.999974966049194336e-01,-9.999986290931701660e-01,9.999964833259582520e-01,9.999981522560119629e-01,-9.999974966049194336e-01,-9.999905228614807129e-01,-9.999952316284179688e-01,9.999898076057434082e-01,-9.999947547912597656e-01
-9.999986290931701660e-01,9.999988675117492676e-01,9.999950528144836426e-01,-9.999982714653015137e-01,-9.999991655349731445e-01,9.999991655349731445e-01,-9.999963641166687012e-01,-9.999992251396179199e-01,9.999974370002746582e-01,-9.999984502792358398e-01,9.999989867210388184e-01,9.999991655349731445e-01,-9.999985098838806152e-01,-9.999987483024597168e-01,-9.999942779541015625e-01,-9.999966621398925781e-01,-9.999977946281433105e-01,9.999985098838806152e-01,-9.999942779541015625e-01,9.999992847442626953e-01,9.999991655349731445e-01,-9.999942779541015625e-01,-9.999988079071044922e-01,-9.999983906745910645e-01,-9.999907016754150391e-01,-9.999991655349731445e-01,9.999984502792358398e-01,9.999992251396179199e-01,-9.999917149543762207e-01,9.999966621398925781e-01,9.999933242797851562e-01,9.999986290931701660e-01,-9.999898076057434082e-01,-9.999965429306030273e-01,9.999983906745910645e-01,-9.999623894691467285e-01,-9.999992251396179199e-01,-9.999988079071044922e-01,-9.999923110008239746e-01,9.999991059303283691e-01,-9.999988675117492676e-01,9.999837279319763184e-01,-9.999849200248718262e-01,-9.999991655349731445e-01,-9.999985694885253906e-01,-9.999984502792358398e-01,9.999946355819702148e-01,-9.999986886978149414e-01,-9.999989867210388184e-01,9.999987483024597168e-01,9.999989271163940430e-01,9.999986886978149414e-01,9.999991059303283691e-01,9.999942779541015625e-01,9.999986290931701660e-01,9.999985098838806152e-01,9.999946951866149902e-01,-9.999844431877136230e-01,-9.999971985816955566e-01,-9.999985098838806152e-01,9.999986886978149414e-01,-9.999991655349731445e-01,-9.999986886978149414e-01,-9.999961853027343750e-01,9.999959468841552734e-01,9.999991059303283691e-01,9.999991655349731445e-01,9.999966621398925781e-01,9.999992847442626953e-01,-9.999987483024597168e-01,9.999990463256835938e-01,-9.999979138374328613e-01,-9.999819397926330566e-01,9.999948143959045410e-01,9.999837279319763184e-01,9.999986290931701660e-01,-9.999936223030090332e-01,-9.999989271163940430e-01,9.999955296516418457e-01,9.999966025352478027e-01,-9.999853968620300293e-01,-9.999980926513671875e-01,9.999992251396179199e-01,-9.999983906745910645e-01,9.999985694885253906e-01,9.999908208847045898e-01,-9.999814033508300781e-01,-9.999990463256835938e-01,-9.999906420707702637e-01,-7.778941988945007324e-01,9.999964833259582520e-01,-9.999986290931701660e-01,9.999870657920837402e-01,9.999980330467224121e-01,-9.999983906745910645e-01,9.999982118606567383e-01,9.999915361404418945e-01,-9.999992251396179199e-01,9.999990463256835938e-01,-9.999971389770507812e-01,9.999972581863403320e-01,-9.999991059303283691e-01,9.998292922973632812e-01,-9.999213218688964844e-01,-9.999988079071044922e-01,-9.999976158142089844e-01,9.999845623970031738e-01,9.999986290931701660e-01,9.999948143959045410e-01,-9.999987483024597168e-01,9.999987483024597168e-01,-9.999983906745910645e-01,9.999985694885253906e-01,9.999585747718811035e-01,-9.999991655349731445e-01,9.999980926513671875e-01,-9.999992251396179199e-01,9.999983906745910645e-01,9.999960660934448242e-01,9.999978542327880859e-01,9.999989271163940430e-01,-9.999971389770507812e-01,-9.999985098838806152e-01,9.999980330467224121e-01,9.999922513961791992e-01,9.999959468841552734e-01,-9.999915957450866699e-01,9.999955892562866211e-01
-9.999939203262329102e-01,9.999950528144836426e-01,9.999777674674987793e-01,-9.999923110008239746e-01,-9.999959468841552734e-01,9.999956488609313965e-01,-9.999839067459106445e-01,-9.999964237213134766e-01,9.999886751174926758e-01,-9.999936223030090332e-01,9.999955892562866211e-01,9.999960064888000488e-01,-9.999929070472717285e-01,-9.999944567680358887e-01,-9.999741315841674805e-01,-9.999853372573852539e-01,-9.999903440475463867e-01,9.999936223030090332e-01,-9.999743700027465820e-01,9.999965429306030273e-01,9.999961256980895996e-01,-9.999747276306152344e-01,-9.999948143959045410e-01,-9.999929666519165039e-01,-9.999580979347229004e-01,-9.999962449073791504e-01,9.999935030937194824e-01,9.999958872795104980e-01,-9.999625086784362793e-01,9.999855756759643555e-01,9.999704360961914062e-01,9.999937415122985840e-01,-9.999540448188781738e-01,-9.999851584434509277e-01,9.999925494194030762e-01,-9.998311996459960938e-01,-9.999962449073791504e-01,-9.999948143959045410e-01,-9.999653697013854980e-01,9.999958276748657227e-01,-9.999951124191284180e-01,9.999265074729919434e-01,-9.999321699142456055e-01,-9.999960064888000488e-01,-9.999938011169433594e-01,-9.999935030937194824e-01,9.999759197235107422e-01,-9.999946355819702148e-01,-9.999955296516418457e-01,9.999945759773254395e-01,9.999955296516418457e-01,9.999939799308776855e-01,9.999957680702209473e-01,9.999743700027465820e-01,9.999939203262329102e-01,9.999932050704956055e-01,9.999760985374450684e-01,-9.999299645423889160e-01,-9.999874830245971680e-01,-9.999936819076538086e-01,9.999942779541015625e-01,-9.999960660934448242e-01,-9.999940991401672363e-01,-9.999830722808837891e-01,9.999820590019226074e-01,9.999957680702209473e-01,9.999964833259582520e-01,9.999853372573852539e-01,9.999962449073791504e-01,-9.999945759773254395e-01,9.999955296516418457e-01,-9.999912977218627930e-01,-9.999187588691711426e-01,9.999762773513793945e-01,9.999268651008605957e-01,9.999938607215881348e-01,-9.999713897705078125e-01,-9.999952912330627441e-01,9.999799728393554688e-01,9.999850988388061523e-01,-9.999347329139709473e-01,-9.999915957450866699e-01,9.999957680702209473e-01,-9.999929666519165039e-01,9.999938011169433594e-01,9.999587535858154297e-01,-9.999164938926696777e-01,-9.999960660934448242e-01,-9.999583363533020020e-01,-7.750590443611145020e-01,9.999847412109375000e-01,-9.999939799308776855e-01,9.999417662620544434e-01,9.999911785125732422e-01,-9.999928474426269531e-01,9.999921917915344238e-01,9.999618530273437500e-01,-9.999961853027343750e-01,9.999956488609313965e-01,-9.999873042106628418e-01,9.999879002571105957e-01,-9.999957680702209473e-01,9.992338418960571289e-01,-9.996468424797058105e-01,-9.999951124191284180e-01,-9.999893903732299805e-01,9.999305605888366699e-01,9.999941587448120117e-01,9.999768137931823730e-01,-9.999945759773254395e-01,9.999945759773254395e-01,-9.999928474426269531e-01,9.999938607215881348e-01,9.998144507408142090e-01,-9.999963641166687012e-01,9.999911189079284668e-01,-9.999963045120239258e-01,9.999933242797851562e-01,9.999820590019226074e-01,9.999910593032836914e-01,9.999952316284179688e-01,-9.999873042106628418e-01,-9.999933838844299316e-01,9.999908804893493652e-01,9.999650120735168457e-01,9.999825954437255859e-01,-9.999621510505676270e-01,9.999805688858032227e-01
9.999978542327880859e-01,-9.999982714653015137e-01,-9.999923110008239746e-01,9.999971985816955566e-01,9.999985098838806152e-01,-9.999984502792358398e-01,9.999943375587463379e-01,9.999987483024597168e-01,-9.999959468841552734e-01,9.999976754188537598e-01,-9.999983906745910645e-01,-9.999985694885253906e-01,9.999974966049194336e-01,9.999979734420776367e-01,9.999909996986389160e-01,9.999949336051940918e-01,9.999966025352478027e-01,-9.999977350234985352e-01,9.999911189079284668e-01,-9.999988079071044922e-01,-9.999985694885253906e-01,9.999911785125732422e-01,9.999982118606567383e-01,9.999974370002746582e-01,9.999855160713195801e-01,9.999986886978149414e-01,-9.999977350234985352e-01,-9.999986290931701660e-01,9.999871253967285156e-01,-9.999949336051940918e-01,-9.999897480010986328e-01,-9.999977946281433105e-01,9.999840855598449707e-01,9.999947547912597656e-01,-9.999974370002746582e-01,9.999412894248962402e-01,9.999986886978149414e-01,9.999980330467224121e-01,9.999880194664001465e-01,-9.999985694885253906e-01,9.999982714653015137e-01,-9.999745488166809082e-01,9.999765157699584961e-01,9.999985694885253906e-01,9.999977946281433105e-01,9.999976754188537598e-01,-9.999915957450866699e-01,9.999980926513671875e-01,9.999983906745910645e-01,-9.999979734420776367e-01,-9.999984502792358398e-01,-9.999978542327880859e-01,-9.999985098838806152e-01,-9.999911189079284668e-01,-9.999979138374328613e-01,-9.999975562095642090e-01,-9.999916553497314453e-01,9.999757409095764160e-01,9.999956488609313965e-01,9.999977350234985352e-01,-9.999978542327880859e-01,9.999985694885253906e-01,9.999979734420776367e-01,9.999941587448120117e-01,-9.999936819076538086e-01,-9.999985098838806152e-01,-9.999986886978149414e-01,-9.999949336051940918e-01,-9.999987483024597168e-01,9.999980926513671875e-01,-9.999983310699462891e-01,9.999968409538269043e-01,9.999718666076660156e-01,-9.999917745590209961e-01,-9.999746680259704590e-01,-9.999977946281433105e-01,9.999901056289672852e-01,9.999983906745910645e-01,-9.999930858612060547e-01,-9.999948143959045410e-01,9.999773502349853516e-01,9.999971389770507812e-01,-9.999985098838806152e-01,9.999974370002746582e-01,-9.999977946281433105e-01,-9.999856948852539062e-01,9.999709725379943848e-01,9.999985694885253906e-01,9.999855756759643555e-01,7.774400711059570312e-01,-9.999946951866149902e-01,9.999979138374328613e-01,-9.999797940254211426e-01,-9.999969005584716797e-01,9.999973773956298828e-01,-9.999971985816955566e-01,-9.999867081642150879e-01,9.999986886978149414e-01,-9.999984502792358398e-01,9.999955296516418457e-01,-9.999958276748657227e-01,9.999985098838806152e-01,-9.997341036796569824e-01,9.998773336410522461e-01,9.999982714653015137e-01,9.999961853027343750e-01,-9.999759197235107422e-01,-9.999978542327880859e-01,-9.999919533729553223e-01,9.999980926513671875e-01,-9.999980926513671875e-01,9.999974966049194336e-01,-9.999977350234985352e-01,-9.999355673789978027e-01,9.999987483024597168e-01,-9.999969005584716797e-01,9.999986886978149414e-01,-9.999976158142089844e-01,-9.999938011169433594e-01,-9.999967813491821289e-01,-9.999983310699462891e-01,9.999955892562866211e-01,9.999977350234985352e-01,-9.999969005584716797e-01,-9.999879002571105957e-01,-9.999939203262329102e-01,9.999868869781494141e-01,-9.999932646751403809e-01
9.999988675117492676e-01,-9.999991655349731445e-01,-9.999959468841552734e-01,9.999985098838806152e-01,9.999992251396179199e-01,-9.999992251396179199e-01,9.999969601631164551e-01,9.999994039535522461e-01,-9.999978542327880859e-01,9.999987483024597168e-01,-9.999992251396179199e-01,-9.999992847442626953e-01,9.999986886978149414e-01,9.999990463256835938e-01,9.999952316284179688e-01,9.999973177909851074e-01,9.999982118606567383e-01,-9.999988079071044922e-01,9.999952912330627441e-01,-9.999994039535522461e-01,-9.999992847442626953e-01,9.999953508377075195e-01,9.999991059303283691e-01,9.999986290931701660e-01,9.999923706054687500e-01,9.999993443489074707e-01,-9.999986886978149414e-01,-9.999992847442626953e-01,9.999933242797851562e-01,-9.999973177909851074e-01,-9.999946355819702148e-01,-9.999988675117492676e-01,9.999917149543762207e-01,9.999971985816955566e-01,-9.999986290931701660e-01,9.999695420265197754e-01,9.999992847442626953e-01,9.999991059303283691e-01,9.999937415122985840e-01,-9.999992251396179199e-01,9.999990463256835938e-01,-9.999867081642150879e-01,9.999877810478210449e-01,9.999992251396179199e-01,9.999988079071044922e-01,9.999987483024597168e-01,-9.999955892562866211e-01,9.999989271163940430e-01,9.999991059303283691e-01,-9.999989271163940430e-01,-9.999991059303283691e-01,-9.999988675117492676e-01,-9.999991655349731445e-01,-9.999953508377075195e-01,-9.999989271163940430e-01,-9.999986886978149414e-01,-9.999955892562866211e-01,9.999873042106628418e-01,9.999976158142089844e-01,9.999988079071044922e-01,-9.999988675117492676e-01,9.999992251396179199e-01,9.999988675117492676e-01,9.999969005584716797e-01,-9.999966025352478027e-01,-9.999992847442626953e-01,-9.999992251396179199e-01,-9.999972581863403320e-01,-9.999993443489074707e-01,9.999990463256835938e-01,-9.999991059303283691e-01,9.999983310699462891e-01,9.999853372573852539e-01,-9.999956488609313965e-01,-9.999868273735046387e-01,-9.999988079071044922e-01,9.999948740005493164e-01,9.999991059303283691e-01,-9.999963641166687012e-01,-9.999971985816955566e-01,9.999881386756896973e-01,9.999983906745910645e-01,-9.999992847442626953e-01,9.999986290931701660e-01,-9.999988079071044922e-01,-9.999925494194030762e-01,9.999848604202270508e-01,9.999992251396179199e-01,9.999924898147583008e-01,7.780484557151794434e-01,-9.999971389770507812e-01,9.999989271163940430e-01,-9.999894499778747559e-01,-9.999982714653015137e-01,9.999986290931701660e-01,-9.999985694885253906e-01,-9.999930262565612793e-01,9.999993443489074707e-01,-9.999992251396179199e-01,9.999975562095642090e-01,-9.999977350234985352e-01,9.999991655349731445e-01,-9.998615980148315430e-01,9.999361038208007812e-01,9.999990463256835938e-01,9.999980926513671875e-01,-9.999874234199523926e-01,-9.999988675117492676e-01,-9.999957680702209473e-01,9.999990463256835938e-01,-9.999990463256835938e-01,9.999986290931701660e-01,-9.999988079071044922e-01,-9.999664425849914551e-01,9.999992847442626953e-01,-9.999983906745910645e-01,9.999993443489074707e-01,-9.999986886978149414e-01,-9.999967217445373535e-01,-9.999982714653015137e-01,-9.999991059303283691e-01,9.999976158142089844e-01,9.999988079071044922e-01,-9.999983310699462891e-01,-9.999936819076538086e-01,-9.999967217445373535e-01,9.999932050704956055e-01,-9.999963045120239258e-01
-9.999988079071044922e-01,9.999991655349731445e-01,9.999956488609313965e-01,-9.999984502792358398e-01,-9.999992251396179199e-01,9.999992847442626953e-01,-9.999968409538269043e-01,-9.999994039535522461e-01,9.999977350234985352e-01,-9.999986290931701660e-01,9.999992251396179199e-01,9.999992251396179199e-01,-9.999986290931701660e-01,-9.999989271163940430e-01,-9.999948143959045410e-01,-9.999970197677612305e-01,-9.999981522560119629e-01,9.999988079071044922e-01,-9.999948740005493164e-01,9.999994635581970215e-01,9.999992847442626953e-01,-9.999949336051940918e-01,-9.999989271163940430e-01,-9.999985694885253906e-01,-9.999916553497314453e-01,-9.999992847442626953e-01,9.999986886978149414e-01,9.999993443489074707e-01,-9.999924898147583008e-01,9.999970793724060059e-01,9.999940991401672363e-01,9.999987483024597168e-01,-9.999908804893493652e-01,-9.999969601631164551e-01,9.999985694885253906e-01,-9.999662041664123535e-01,-9.999992847442626953e-01,-9.999989867210388184e-01,-9.999930858612060547e-01,9.999992251396179199e-01,-9.999990463256835938e-01,9.999853968620300293e-01,-9.999864697456359863e-01,-9.999993443489074707e-01,-9.999987483024597168e-01,-9.999986290931701660e-01,9.999952316284179688e-01,-9.999989271163940430e-01,-9.999991655349731445e-01,9.999988675117492676e-01,9.999992251396179199e-01,9.999988079071044922e-01,9.999992251396179199e-01,9.999949336051940918e-01,9.999988675117492676e-01,9.999986290931701660e-01,9.999952316284179688e-01,-9.999859929084777832e-01,-9.999975562095642090e-01,-9.999987483024597168e-01,9.999988675117492676e-01,-9.999992847442626953e-01,-9.999988079071044922e-01,-9.999966621398925781e-01,9.999964833259582520e-01,9.999991655349731445e-01,9.999993443489074707e-01,9.999970197677612305e-01,9.999993443489074707e-01,-9.999989867210388184e-01,9.999991655349731445e-01,-9.999982118606567383e-01,-9.999838471412658691e-01,9.999953508377075195e-01,9.999853968620300293e-01,9.999987483024597168e-01,-9.999942779541015625e-01,-9.999992251396179199e-01,9.999960064888000488e-01,9.999969601631164551e-01,-9.999869465827941895e-01,-9.999983906745910645e-01,9.999992847442626953e-01,-9.999986290931701660e-01,9.999987483024597168e-01,9.999917745590209961e-01,-9.999833703041076660e-01,-9.999993443489074707e-01,-9.999917149543762207e-01,-7.779763936996459961e-01,9.999969005584716797e-01,-9.999988079071044922e-01,9.999883770942687988e-01,9.999983310699462891e-01,-9.999985694885253906e-01,9.999985098838806152e-01,9.999923706054687500e-01,-9.999992847442626953e-01,9.999992847442626953e-01,-9.999973773956298828e-01,9.999976158142089844e-01,-9.999991655349731445e-01,9.998465776443481445e-01,-9.999292492866516113e-01,-9.999991655349731445e-01,-9.999978542327880859e-01,9.999861121177673340e-01,9.999988079071044922e-01,9.999954104423522949e-01,-9.999989867210388184e-01,9.999988675117492676e-01,-9.999985694885253906e-01,9.999987483024597168e-01,9.999627470970153809e-01,-9.999994039535522461e-01,9.999983310699462891e-01,-9.999993443489074707e-01,9.999987483024597168e-01,9.999964833259582520e-01,9.999982118606567383e-01,9.999992251396179199e-01,-9.999974370002746582e-01,-9.999987483024597168e-01,9.999982714653015137e-01,9.999931454658508301e-01,9.999964833259582520e-01,-9.999925494194030762e-01,9.999960660934448242e-01
9.999955892562866211e-01,-9.999963641166687012e-01,-9.999839067459106445e-01,9.999943375587463379e-01,9.999969601631164551e-01,-9.999968409538269043e-01,9.999883770942687988e-01,9.999974966049194336e-01,-9.999918341636657715e-01,9.999952912330627441e-01,-9.999966621398925781e-01,-9.999970793724060059e-01,9.999949336051940918e-01,9.999958276748657227e-01,9.999812841415405273e-01,9.999893903732299805e-01,9.999931454658508301e-01,-9.999954700469970703e-01,9.999814629554748535e-01,-9.999976158142089844e-01,-9.999971985816955566e-01,9.999816417694091797e-01,9.999961853027343750e-01,9.999948143959045410e-01,9.999696612358093262e-01,9.999971985816955566e-01,-9.999952912330627441e-01,-9.999970197677612305e-01,9.999729990959167480e-01,-9.999896287918090820e-01,-9.999786019325256348e-01,-9.999955296516418457e-01,9.999667406082153320e-01,9.999892711639404297e-01,-9.999945759773254395e-01,9.998776316642761230e-01,9.999973177909851074e-01,9.999961853027343750e-01,9.999749660491943359e-01,-9.999969601631164551e-01,9.999963045120239258e-01,-9.999467134475708008e-01,9.999508261680603027e-01,9.999970197677612305e-01,9.999955296516418457e-01,9.999952912330627441e-01,-9.999825954437255859e-01,9.999960660934448242e-01,9.999967217445373535e-01,-9.999960064888000488e-01,-9.999967217445373535e-01,-9.999957084655761719e-01,-9.999969601631164551e-01,-9.999814629554748535e-01,-9.999957084655761719e-01,-9.999950528144836426e-01,-9.999825954437255859e-01,9.999493360519409180e-01,9.999909400939941406e-01,9.999954104423522949e-01,-9.999958872795104980e-01,9.999971985816955566e-01,9.999957680702209473e-01,9.999877810478210449e-01,-9.999870657920837402e-01,-9.999969601631164551e-01,-9.999974370002746582e-01,-9.999893903732299805e-01,-9.999973177909851074e-01,9.999960064888000488e-01,-9.999966025352478027e-01,9.999936223030090332e-01,9.999412298202514648e-01,-9.999828934669494629e-01,-9.999470114707946777e-01,-9.999956488609313965e-01,9.999793767929077148e-01,9.999966025352478027e-01,-9.999855756759643555e-01,-9.999892115592956543e-01,9.999526739120483398e-01,9.999939203262329102e-01,-9.999969005584716797e-01,9.999948740005493164e-01,-9.999954700469970703e-01,-9.999701380729675293e-01,9.999395608901977539e-01,9.999971389770507812e-01,9.999698996543884277e-01,7.760640382766723633e-01,-9.999889731407165527e-01,9.999957084655761719e-01,-9.999578595161437988e-01,-9.999936223030090332e-01,9.999948143959045410e-01,-9.999943375587463379e-01,-9.999724030494689941e-01,9.999972581863403320e-01,-9.999967813491821289e-01,9.999907612800598145e-01,-9.999912381172180176e-01,9.999968409538269043e-01,-9.994453191757202148e-01,9.997444152832031250e-01,9.999963641166687012e-01,9.999922513961791992e-01,-9.999496936798095703e-01,-9.999957084655761719e-01,-9.999831914901733398e-01,9.999960064888000488e-01,-9.999960064888000488e-01,9.999948143959045410e-01,-9.999955296516418457e-01,-9.998656511306762695e-01,9.999973773956298828e-01,-9.999935626983642578e-01,9.999973177909851074e-01,-9.999951720237731934e-01,-9.999870061874389648e-01,-9.999935626983642578e-01,-9.999964833259582520e-01,9.999908208847045898e-01,9.999951720237731934e-01,-9.999934434890747070e-01,-9.999747872352600098e-01,-9.999873638153076172e-01,9.999726414680480957e-01,-9.999859333038330078e-01
9.999991059303283691e-01,-9.999992251396179199e-01,-9.999964237213134766e-01,9.999987483024597168e-01,9.999994039535522461e-01,-9.999994039535522461e-01,9.999974966049194336e-01,9.999995231628417969e-01,-9.999981522560119629e-01,9.999989867210388184e-01,-9.999994635581970215e-01,-9.999994635581970215e-01,9.999989867210388184e-01,9.999991655349731445e-01,9.999958872795104980e-01,9.999976754188537598e-01,9.999985098838806152e-01,-9.999990463256835938e-01,9.999959468841552734e-01,-9.999995231628417969e-01,-9.999994635581970215e-01,9.999960064888000488e-01,9.999992847442626953e-01,9.999988675117492676e-01,9.999933242797851562e-01,9.999994635581970215e-01,-9.999989867210388184e-01,-9.999994635581970215e-01,9.999941587448120117e-01,-9.999977350234985352e-01,-9.999953508377075195e-01,-9.999991655349731445e-01,9.999927878379821777e-01,9.999975562095642090e-01,-9.999988675117492676e-01,9.999731183052062988e-01,9.999994635581970215e-01,9.999992847442626953e-01,9.999945163726806641e-01,-9.999993443489074707e-01,9.999992251396179199e-01,-9.999883174896240234e-01,9.999892711639404297e-01,9.999994635581970215e-01,9.999990463256835938e-01,9.999989271163940430e-01,-9.999961853027343750e-01,9.999992847442626953e-01,9.999994039535522461e-01,-9.999992847442626953e-01,-9.999993443489074707e-01,-9.999991059303283691e-01,-9.999994635581970215e-01,-9.999959468841552734e-01,-9.999992251396179199e-01,-9.999989271163940430e-01,-9.999961256980895996e-01,9.999889135360717773e-01,9.999980330467224121e-01,9.999990463256835938e-01,-9.999991059303283691e-01,9.999994635581970215e-01,9.999992251396179199e-01,9.999973177909851074e-01,-9.999970793724060059e-01,-9.999994039535522461e-01,-9.999994635581970215e-01,-9.999976158142089844e-01,-9.999995827674865723e-01,9.999992847442626953e-01,-9.999993443489074707e-01,9.999986886978149414e-01,9.999871253967285156e-01,-9.999962449073791504e-01,-9.999883770942687988e-01,-9.999991655349731445e-01,9.999954104423522949e-01,9.999994039535522461e-01,-9.999968409538269043e-01,-9.999976754188537598e-01,9.999895691871643066e-01,9.999986886978149414e-01,-9.999995231628417969e-01,9.999989271163940430e-01,-9.999991655349731445e-01,-9.999935030937194824e-01,9.999866485595703125e-01,9.999994635581970215e-01,9.999933242797851562e-01,7.781234383583068848e-01,-9.999975562095642090e-01,9.999991059303283691e-01,-9.999907016754150391e-01,-9.999986290931701660e-01,9.999988079071044922e-01,-9.999988079071044922e-01,-9.999939203262329102e-01,9.999995231628417969e-01,-9.999994039535522461e-01,9.999979138374328613e-01,-9.999981522560119629e-01,9.999994635581970215e-01,-9.998773336410522461e-01,9.999434351921081543e-01,9.999993443489074707e-01,9.999982714653015137e-01,-9.999889135360717773e-01,-9.999991059303283691e-01,-9.999962449073791504e-01,9.999991655349731445e-01,-9.999991655349731445e-01,9.999989271163940430e-01,-9.999990463256835938e-01,-9.999703168869018555e-01,9.999994635581970215e-01,-9.999986290931701660e-01,9.999995231628417969e-01,-9.999989867210388184e-01,-9.999970793724060059e-01,-9.999985694885253906e-01,-9.999992847442626953e-01,9.999979734420776367e-01,9.999989867210388184e-01,-9.999986886978149414e-01,-9.999943971633911133e-01,-9.999971985816955566e-01,9.999940395355224609e-01,-9.999968409538269043e-01
-9.999969005584716797e-01,9.999974370002746582e-01,9.999886751174926758e-01,-9.999959468841552734e-01,-9.999978542327880859e-01,9.999977350234985352e-01,-9.999918341636657715e-01,-9.999981522560119629e-01,9.999943375587463379e-01,-9.999966025352478027e-01,9.999977350234985352e-01,9.999979138374328613e-01,-9.999963641166687012e-01,-9.999970793724060059e-01,-9.999869465827941895e-01,-9.999925494194030762e-01,-9.999951124191284180e-01,9.999967813491821289e-01,-9.999870061874389648e-01,9.999983906745910645e-01,9.999979138374328613e-01,-9.999871253967285156e-01,-9.999973773956298828e-01,-9.999963045120239258e-01,-9.999787807464599609e-01,-9.999980330467224121e-01,9.999967217445373535e-01,9.999979138374328613e-01,-9.999810457229614258e-01,9.999926090240478516e-01,9.999850392341613770e-01,9.999967217445373535e-01,-9.999767541885375977e-01,-9.999924898147583008e-01,9.999961256980895996e-01,-9.999143481254577637e-01,-9.999980926513671875e-01,-9.999972581863403320e-01,-9.999824762344360352e-01,9.999977946281433105e-01,-9.999974370002746582e-01,9.999627470970153809e-01,-9.999656677246093750e-01,-9.999978542327880859e-01,-9.999967813491821289e-01,-9.999966025352478027e-01,9.999878406524658203e-01,-9.999971389770507812e-01,-9.999976754188537598e-01,9.999971389770507812e-01,9.999977350234985352e-01,9.999969005584716797e-01,9.999977946281433105e-01,9.999871253967285156e-01,9.999969601631164551e-01,9.999964237213134766e-01,9.999879002571105957e-01,-9.999645352363586426e-01,-9.999936819076538086e-01,-9.999967217445373535e-01,9.999970793724060059e-01,-9.999979138374328613e-01,-9.999970197677612305e-01,-9.999913573265075684e-01,9.999908804893493652e-01,9.999977946281433105e-01,9.999982118606567383e-01,9.999925494194030762e-01,9.999980330467224121e-01,-9.999971985816955566e-01,9.999976754188537598e-01,-9.999955296516418457e-01,-9.999588727951049805e-01,9.999880194664001465e-01,9.999629259109497070e-01,9.999969005584716797e-01,-9.999855756759643555e-01,-9.999976158142089844e-01,9.999898076057434082e-01,9.999924302101135254e-01,-9.999669194221496582e-01,-9.999957084655761719e-01,9.999977946281433105e-01,-9.999963641166687012e-01,9.999967813491821289e-01,9.999790787696838379e-01,-9.999576807022094727e-01,-9.999979734420776367e-01,-9.999789595603942871e-01,-7.768566012382507324e-01,9.999921917915344238e-01,-9.999969601631164551e-01,9.999704360961914062e-01,9.999955296516418457e-01,-9.999963045120239258e-01,9.999960064888000488e-01,9.999806284904479980e-01,-9.999980926513671875e-01,9.999977350234985352e-01,-9.999935030937194824e-01,9.999938607215881348e-01,-9.999977946281433105e-01,9.996116757392883301e-01,-9.998211264610290527e-01,-9.999974966049194336e-01,-9.999945759773254395e-01,9.999648928642272949e-01,9.999970197677612305e-01,9.999882578849792480e-01,-9.999971985816955566e-01,9.999971985816955566e-01,-9.999963641166687012e-01,9.999967813491821289e-01,9.999058842658996582e-01,-9.999981522560119629e-01,9.999955296516418457e-01,-9.999980330467224121e-01,9.999966025352478027e-01,9.999909400939941406e-01,9.999954700469970703e-01,9.999974966049194336e-01,-9.999935626983642578e-01,-9.999966621398925781e-01,9.999954700469970703e-01,9.999822974205017090e-01,9.999911785125732422e-01,-9.999808669090270996e-01,9.999901652336120605e-01
9.999981522560119629e-01,-9.999984502792358398e-01,-9.999936223030090332e-01,9.999976754188537598e-01,9.999987483024597168e-01,-9.999986290931701660e-01,9.999952912330627441e-01,9.999989867210388184e-01,-9.999966025352478027e-01,9.999980330467224121e-01,-9.999986886978149414e-01,-9.999987483024597168e-01,9.999979138374328613e-01,9.999982714653015137e-01,9.999925494194030762e-01,9.999957084655761719e-01,9.999970793724060059e-01,-9.999981522560119629e-01,9.999926090240478516e-01,-9.999989271163940430e-01,-9.999988675117492676e-01,9.999926090240478516e-01,9.999983906745910645e-01,9.999978542327880859e-01,9.999879598617553711e-01,9.999988675117492676e-01,-9.999980330467224121e-01,-9.999988079071044922e-01,9.999892115592956543e-01,-9.999957680702209473e-01,-9.999914765357971191e-01,-9.999982118606567383e-01,9.999867677688598633e-01,9.999955892562866211e-01,-9.999977946281433105e-01,9.999512434005737305e-01,9.999988675117492676e-01,9.999983906745910645e-01,9.999899864196777344e-01,-9.999987483024597168e-01,9.999985098838806152e-01,-9.999788403511047363e-01,9.999804496765136719e-01,9.999987483024597168e-01,9.999980926513671875e-01,9.999980330467224121e-01,-9.999929666519165039e-01,9.999983310699462891e-01,9.999986290931701660e-01,-9.999983310699462891e-01,-9.999986290931701660e-01,-9.999981522560119629e-01,-9.999986886978149414e-01,-9.999924898147583008e-01,-9.999981522560119629e-01,-9.999979138374328613e-01,-9.999930858612060547e-01,9.999798536300659180e-01,9.999963641166687012e-01,9.999980926513671875e-01,-9.999982118606567383e-01,9.999988079071044922e-01,9.999983310699462891e-01,9.999950528144836426e-01,-9.999947547912597656e-01,-9.999987483024597168e-01,-9.999988675117492676e-01,-9.999957084655761719e-01,-9.999988675117492676e-01,9.999983310699462891e-01,-9.999986290931701660e-01,9.999973773956298828e-01,9.999766349792480469e-01,-9.999930858612060547e-01,-9.999789595603942871e-01,-9.999981522560119629e-01,9.999917149543762207e-01,9.999985694885253906e-01,-9.999941587448120117e-01,-9.999956488609313965e-01,9.999811649322509766e-01,9.999975562095642090e-01,-9.999987483024597168e-01,9.999978542327880859e-01,-9.999980926513671875e-01,-9.999880194664001465e-01,9.999758601188659668e-01,9.999988079071044922e-01,9.999879002571105957e-01,7.776545882225036621e-01,-9.999955296516418457e-01,9.999981522560119629e-01,-9.999831318855285645e-01,-9.999974370002746582e-01,9.999978542327880859e-01,-9.999976754188537598e-01,-9.999889135360717773e-01,9.999988675117492676e-01,-9.999987483024597168e-01,9.999961853027343750e-01,-9.999964833259582520e-01,9.999986886978149414e-01,-9.997790455818176270e-01,9.998980760574340820e-01,9.999985694885253906e-01,9.999968409538269043e-01,-9.999800324440002441e-01,-9.999982118606567383e-01,-9.999932050704956055e-01,9.999983906745910645e-01,-9.999983906745910645e-01,9.999978542327880859e-01,-9.999981522560119629e-01,-9.999462962150573730e-01,9.999988675117492676e-01,-9.999973773956298828e-01,9.999988079071044922e-01,-9.999979138374328613e-01,-9.999948143959045410e-01,-9.999973177909851074e-01,-9.999986290931701660e-01,9.999961853027343750e-01,9.999980330467224121e-01,-9.999973177909851074e-01,-9.999898672103881836e-01,-9.999949336051940918e-01,9.999890327453613281e-01,-9.999943375587463379e-01
-9.999987483024597168e-01,9.999989867210388184e-01,9.999955892562866211e-01,-9.999983906745910645e-01,-9.999992251396179199e-01,9.999992251396179199e-01,-9.999966621398925781e-01,-9.999994635581970215e-01,9.999977350234985352e-01,-9.999986886978149414e-01,9.999992251396179199e-01,9.999993443489074707e-01,-9.999986290931701660e-01,-9.999989271163940430e-01,-9.999947547912597656e-01,-9.999969601631164551e-01,-9.999981522560119629e-01,9.999986886978149414e-01,-9.999948740005493164e-01,9.999994039535522461e-01,9.999993443489074707e-01,-9.999948740005493164e-01,-9.999989867210388184e-01,-9.999985694885253906e-01,-9.999915361404418945e-01,-9.999993443489074707e-01,9.999986886978149414e-01,9.999992847442626953e-01,-9.999924898147583008e-01,9.999970197677612305e-01,9.999940991401672363e-01,9.999988079071044922e-01,-9.999907612800598145e-01,-9.999969601631164551e-01,9.999986290931701660e-01,-9.999657273292541504e-01,-9.999992847442626953e-01,-9.999989271163940430e-01,-9.999929666519165039e-01,9.999992251396179199e-01,-9.999990463256835938e-01,9.999851584434509277e-01,-9.999862313270568848e-01,-9.999993443489074707e-01,-9.999987483024597168e-01,-9.999986886978149414e-01,9.999951720237731934e-01,-9.999989271163940430e-01,-9.999992251396179199e-01,9.999988675117492676e-01,9.999991059303283691e-01,9.999988079071044922e-01,9.999992847442626953e-01,9.999948740005493164e-01,9.999988675117492676e-01,9.999986290931701660e-01,9.999951124191284180e-01,-9.999858736991882324e-01,-9.999974370002746582e-01,-9.999986886978149414e-01,9.999988675117492676e-01,-9.999992251396179199e-01,-9.999988675117492676e-01,-9.999964833259582520e-01,9.999963045120239258e-01,9.999991655349731445e-01,9.999993443489074707e-01,9.999969601631164551e-01,9.999993443489074707e-01,-9.999989271163940430e-01,9.999991059303283691e-01,-9.999982118606567383e-01,-9.999835491180419922e-01,9.999952316284179688e-01,9.999852776527404785e-01,9.999988079071044922e-01,-9.999942183494567871e-01,-9.999991059303283691e-01,9.999959468841552734e-01,9.999970197677612305e-01,-9.999867677688598633e-01,-9.999982714653015137e-01,9.999992847442626953e-01,-9.999985694885253906e-01,9.999988079071044922e-01,9.999916553497314453e-01,-9.999831318855285645e-01,-9.999993443489074707e-01,-9.999915957450866699e-01,-7.779650688171386719e-01,9.999969005584716797e-01,-9.999988675117492676e-01,9.999881982803344727e-01,9.999982714653015137e-01,-9.999985098838806152e-01,9.999984502792358398e-01,9.999922513961791992e-01,-9.999992847442626953e-01,9.999992847442626953e-01,-9.999973773956298828e-01,9.999975562095642090e-01,-9.999991655349731445e-01,9.998441338539123535e-01,-9.999281764030456543e-01,-9.999989867210388184e-01,-9.999977946281433105e-01,9.999859333038330078e-01,9.999988079071044922e-01,9.999953508377075195e-01,-9.999989271163940430e-01,9.999989271163940430e-01,-9.999986290931701660e-01,9.999987483024597168e-01,9.999622702598571777e-01,-9.999994039535522461e-01,9.999982714653015137e-01,-9.999993443489074707e-01,9.999986290931701660e-01,9.999963045120239258e-01,9.999981522560119629e-01,9.999991059303283691e-01,-9.999974370002746582e-01,-9.999986886978149414e-01,9.999982118606567383e-01,9.999929070472717285e-01,9.999964237213134766e-01,-9.999923110008239746e-01,9.999961256980895996e-01
-9.999989271163940430e-01,9.999991655349731445e-01,9.999960064888000488e-01,-9.999985694885253906e-01,-9.999992847442626953e-01,9.999992251396179199e-01,-9.999970793724060059e-01,-9.999994635581970215e-01,9.999979138374328613e-01,-9.999987483024597168e-01,9.999993443489074707e-01,9.999994039535522461e-01,-9.999987483024597168e-01,-9.999989867210388184e-01,-9.999952912330627441e-01,-9.999973177909851074e-01,-9.999983310699462891e-01,9.999988675117492676e-01,-9.999953508377075195e-01,9.999994635581970215e-01,9.999993443489074707e-01,-9.999954104423522949e-01,-9.999991059303283691e-01,-9.999986290931701660e-01,-9.999924302101135254e-01,-9.999993443489074707e-01,9.999987483024597168e-01,9.999994039535522461e-01,-9.999933242797851562e-01,9.999972581863403320e-01,9.999946951866149902e-01,9.999988675117492676e-01,-9.999917745590209961e-01,-9.999972581863403320e-01,9.999986886978149414e-01,-9.999694228172302246e-01,-9.999993443489074707e-01,-9.999991059303283691e-01,-9.999937415122985840e-01,9.999992847442626953e-01,-9.999992847442626953e-01,9.999867677688598633e-01,-9.999877214431762695e-01,-9.999992847442626953e-01,-9.999988675117492676e-01,-9.999987483024597168e-01,9.999956488609313965e-01,-9.999989271163940430e-01,-9.999992251396179199e-01,9.999990463256835938e-01,9.999992251396179199e-01,9.999989271163940430e-01,9.999993443489074707e-01,9.999953508377075195e-01,9.999989271163940430e-01,9.999987483024597168e-01,9.999956488609313965e-01,-9.999874234199523926e-01,-9.999976754188537598e-01,-9.999988079071044922e-01,9.999989271163940430e-01,-9.999993443489074707e-01,-9.999989271163940430e-01,-9.999969005584716797e-01,9.999967217445373535e-01,9.999993443489074707e-01,9.999994039535522461e-01,9.999973177909851074e-01,9.999994039535522461e-01,-9.999990463256835938e-01,9.999992251396179199e-01,-9.999983906745910645e-01,-9.999852776527404785e-01,9.999957680702209473e-01,9.999867677688598633e-01,9.999988675117492676e-01,-9.999948143959045410e-01,-9.999992251396179199e-01,9.999963045120239258e-01,9.999973177909851074e-01,-9.999881982803344727e-01,-9.999985694885253906e-01,9.999992847442626953e-01,-9.999986886978149414e-01,9.999989271163940430e-01,9.999925494194030762e-01,-9.999849200248718262e-01,-9.999993443489074707e-01,-9.999924898147583008e-01,-7.780461907386779785e-01,9.999971389770507812e-01,-9.999989867210388184e-01,9.999894499778747559e-01,9.999983906745910645e-01,-9.999986886978149414e-01,9.999985098838806152e-01,9.999932050704956055e-01,-9.999993443489074707e-01,9.999993443489074707e-01,-9.999976158142089844e-01,9.999977946281433105e-01,-9.999992847442626953e-01,9.998611211776733398e-01,-9.999359846115112305e-01,-9.999991655349731445e-01,-9.999980330467224121e-01,9.999874830245971680e-01,9.999988675117492676e-01,9.999957680702209473e-01,-9.999990463256835938e-01,9.999991655349731445e-01,-9.999987483024597168e-01,9.999988675117492676e-01,9.999663829803466797e-01,-9.999994039535522461e-01,9.999983906745910645e-01,-9.999993443489074707e-01,9.999987483024597168e-01,9.999967217445373535e-01,9.999983906745910645e-01,9.999992847442626953e-01,-9.999976754188537598e-01,-9.999988675117492676e-01,9.999984502792358398e-01,9.999938011169433594e-01,9.999967217445373535e-01,-9.999932646751403809e-01,9.999964237213134766e-01
