9.999980926513671875e-01,-9.999983310699462891e-01,-9.999850988388061523e-01,9.999980330467224121e-01,9.999988079071044922e-01,-9.999985694885253906e-01,9.999942183494567871e-01,9.999989867210388184e-01,-9.999969005584716797e-01,9.999969005584716797e-01,-9.999975562095642090e-01,-9.999988079071044922e-01,9.999979138374328613e-01,9.999977946281433105e-01,9.999603629112243652e-01,9.999976754188537598e-01,9.999976754188537598e-01,-9.999984502792358398e-01,9.999870657920837402e-01,-9.999990463256835938e-01,-9.999988675117492676e-01,9.999845027923583984e-01,9.999979734420776367e-01,9.999984502792358398e-01,9.999893307685852051e-01,9.999989867210388184e-01,-9.999984502792358398e-01,-9.999989271163940430e-01,9.999743103981018066e-01,-9.999962449073791504e-01,-9.999952912330627441e-01,-9.999985098838806152e-01,9.999945163726806641e-01,9.999976754188537598e-01,-9.999964833259582520e-01,-9.999902248382568359e-01,9.999989271163940430e-01,9.999985694885253906e-01,9.999926090240478516e-01,-9.999988079071044922e-01,9.999983906745910645e-01,-9.999970793724060059e-01,9.999356269836425781e-01,9.999986290931701660e-01,9.999972581863403320e-01,9.999978542327880859e-01,9.999918937683105469e-01,9.999978542327880859e-01,9.999987483024597168e-01,-9.999985098838806152e-01,-9.999986290931701660e-01,-9.999973773956298828e-01,-9.999986290931701660e-01,-9.999902844429016113e-01,-9.999959468841552734e-01,-9.999978542327880859e-01,-9.999975562095642090e-01,9.999569654464721680e-01,9.999977350234985352e-01,9.999980926513671875e-01,-9.999966621398925781e-01,9.999988675117492676e-01,9.999980926513671875e-01,9.999947547912597656e-01,-9.999955892562866211e-01,-9.999987483024597168e-01,-9.999988675117492676e-01,-9.999935626983642578e-01,-9.999983906745910645e-01,9.999986886978149414e-01,-9.999986290931701660e-01,9.999979138374328613e-01,9.999966025352478027e-01,-9.999893903732299805e-01,-8.071492314338684082e-01,-9.999980926513671875e-01,9.999909996986389160e-01,9.999985098838806152e-01,-9.999902844429016113e-01,-9.999969601631164551e-01,-9.999597072601318359e-01,9.999973773956298828e-01,-9.999988079071044922e-01,9.999926090240478516e-01,-9.999982714653015137e-01,-9.999824762344360352e-01,9.999915361404418945e-01,9.999987483024597168e-01,-9.999416470527648926e-01,9.999972581863403320e-01,-9.999982714653015137e-01,9.999982714653015137e-01,-9.999731183052062988e-01,-9.999980926513671875e-01,9.999984502792358398e-01,-9.999977350234985352e-01,-9.999892711639404297e-01,9.999989271163940430e-01,-9.999986290931701660e-01,9.999876618385314941e-01,-9.999972581863403320e-01,9.999986290931701660e-01,-9.999802708625793457e-01,-9.999771714210510254e-01,9.999983310699462891e-01,9.999964237213134766e-01,9.999681115150451660e-01,-9.999974966049194336e-01,-9.999943375587463379e-01,9.999985098838806152e-01,-9.999976754188537598e-01,9.999985694885253906e-01,-9.999979138374328613e-01,-9.999887347221374512e-01,9.999989271163940430e-01,-9.999983310699462891e-01,9.999986290931701660e-01,-9.999986886978149414e-01,-9.999930858612060547e-01,-9.999980330467224121e-01,-9.999988675117492676e-01,9.999955296516418457e-01,9.999986290931701660e-01,-9.999971985816955566e-01,9.999507665634155273e-01,-9.999950528144836426e-01,9.999774694442749023e-01,-9.999975562095642090e-01
-9.999983310699462891e-01,9.999985694885253906e-01,9.999865889549255371e-01,-9.999983310699462891e-01,-9.999989271163940430e-01,9.999986886978149414e-01,-9.999948143959045410e-01,-9.999992251396179199e-01,9.999972581863403320e-01,-9.999971985816955566e-01,9.999978542327880859e-01,9.999989867210388184e-01,-9.999982714653015137e-01,-9.999980330467224121e-01,-9.999643564224243164e-01,-9.999979138374328613e-01,-9.999979138374328613e-01,9.999986886978149414e-01,-9.999884963035583496e-01,9.999991655349731445e-01,9.999989867210388184e-01,-9.999860525131225586e-01,-9.999981522560119629e-01,-9.999986290931701660e-01,-9.999904632568359375e-01,-9.999991059303283691e-01,9.999986290931701660e-01,9.999990463256835938e-01,-9.999769330024719238e-01,9.999967217445373535e-01,9.999958276748657227e-01,9.999986886978149414e-01,-9.999949932098388672e-01,-9.999978542327880859e-01,9.999968409538269043e-01,9.999912381172180176e-01,-9.999991059303283691e-01,-9.999987483024597168e-01,-9.999933838844299316e-01,9.999989271163940430e-01,-9.999985694885253906e-01,9.999973773956298828e-01,-9.999421834945678711e-01,-9.999987483024597168e-01,-9.999974966049194336e-01,-9.999980330467224121e-01,-9.999928474426269531e-01,-9.999980926513671875e-01,-9.999988675117492676e-01,9.999986886978149414e-01,9.999988079071044922e-01,9.999976754188537598e-01,9.999986886978149414e-01,9.999913573265075684e-01,9.999963641166687012e-01,9.999980926513671875e-01,9.999978542327880859e-01,-9.999613761901855469e-01,-9.999980330467224121e-01,-9.999982714653015137e-01,9.999970197677612305e-01,-9.999991655349731445e-01,-9.999982714653015137e-01,-9.999952912330627441e-01,9.999959468841552734e-01,9.999988675117492676e-01,9.999991059303283691e-01,9.999943375587463379e-01,9.999986290931701660e-01,-9.999989271163940430e-01,9.999987483024597168e-01,-9.999980926513671875e-01,-9.999969601631164551e-01,9.999904632568359375e-01,8.072619438171386719e-01,9.999982714653015137e-01,-9.999919533729553223e-01,-9.999986886978149414e-01,9.999912977218627930e-01,9.999972581863403320e-01,9.999638199806213379e-01,-9.999977350234985352e-01,9.999989271163940430e-01,-9.999933838844299316e-01,9.999984502792358398e-01,9.999842047691345215e-01,-9.999925494194030762e-01,-9.999988079071044922e-01,9.999476075172424316e-01,-9.999975562095642090e-01,9.999983310699462891e-01,-9.999985694885253906e-01,9.999758601188659668e-01,9.999981522560119629e-01,-9.999986290931701660e-01,9.999979138374328613e-01,9.999903440475463867e-01,-9.999990463256835938e-01,9.999988079071044922e-01,-9.999889135360717773e-01,9.999974966049194336e-01,-9.999987483024597168e-01,9.999822974205017090e-01,9.999794960021972656e-01,-9.999986290931701660e-01,-9.999969005584716797e-01,-9.999713301658630371e-01,9.999977946281433105e-01,9.999949932098388672e-01,-9.999985694885253906e-01,9.999979138374328613e-01,-9.999986290931701660e-01,9.999980926513671875e-01,9.999898076057434082e-01,-9.999991059303283691e-01,9.999985098838806152e-01,-9.999986886978149414e-01,9.999988079071044922e-01,9.999938011169433594e-01,9.999982714653015137e-01,9.999989271163940430e-01,-9.999959468841552734e-01,-9.999987483024597168e-01,9.999975562095642090e-01,-9.999558329582214355e-01,9.999956488609313965e-01,-9.999797344207763672e-01,9.999978542327880859e-01
-9.999850988388061523e-01,9.999865889549255371e-01,9.998800158500671387e-01,-9.999851584434509277e-01,-9.999907016754150391e-01,9.999886155128479004e-01,-9.999536871910095215e-01,-9.999915957450866699e-01,9.999756217002868652e-01,-9.999753236770629883e-01,9.999811053276062012e-01,9.999907612800598145e-01,-9.999845027923583984e-01,-9.999827742576599121e-01,-9.996818900108337402e-01,-9.999811053276062012e-01,-9.999815225601196289e-01,9.999881982803344727e-01,-9.998959302902221680e-01,9.999920725822448730e-01,9.999910593032836914e-01,-9.998750090599060059e-01,-9.999837875366210938e-01,-9.999876022338867188e-01,-9.999142885208129883e-01,-9.999917745590209961e-01,9.999876618385314941e-01,9.999908804893493652e-01,-9.997931718826293945e-01,9.999704957008361816e-01,9.999628663063049316e-01,9.999882578849792480e-01,-9.999551177024841309e-01,-9.999810457229614258e-01,9.999721050262451172e-01,9.999213814735412598e-01,-9.999914765357971191e-01,-9.999888539314270020e-01,-9.999405145645141602e-01,9.999906420707702637e-01,-9.999873638153076172e-01,9.999766945838928223e-01,-9.994832277297973633e-01,-9.999889135360717773e-01,-9.999781250953674316e-01,-9.999827742576599121e-01,-9.999348521232604980e-01,-9.999833703041076660e-01,-9.999898672103881836e-01,9.999883174896240234e-01,9.999892711639404297e-01,9.999787211418151855e-01,9.999884963035583496e-01,9.999223351478576660e-01,9.999686479568481445e-01,9.999831914901733398e-01,9.999806284904479980e-01,-9.996544718742370605e-01,-9.999827742576599121e-01,-9.999846816062927246e-01,9.999737143516540527e-01,-9.999910593032836914e-01,-9.999855756759643555e-01,-9.999582171440124512e-01,9.999643564224243164e-01,9.999900460243225098e-01,9.999914169311523438e-01,9.999490380287170410e-01,9.999879002571105957e-01,-9.999902844429016113e-01,9.999890327453613281e-01,-9.999833106994628906e-01,-9.999731779098510742e-01,9.999150633811950684e-01,7.994922399520874023e-01,9.999848008155822754e-01,-9.999275803565979004e-01,-9.999883174896240234e-01,9.999218583106994629e-01,9.999760985374450684e-01,9.996762871742248535e-01,-9.999794960021972656e-01,9.999899864196777344e-01,-9.999404549598693848e-01,9.999862313270568848e-01,9.998584389686584473e-01,-9.999321103096008301e-01,-9.999901056289672852e-01,9.995316267013549805e-01,-9.999782443046569824e-01,9.999853372573852539e-01,-9.999865889549255371e-01,9.997836947441101074e-01,9.999846816062927246e-01,-9.999879598617553711e-01,9.999818205833435059e-01,9.999129176139831543e-01,-9.999911189079284668e-01,9.999897480010986328e-01,-9.999007582664489746e-01,9.999780058860778809e-01,-9.999890923500061035e-01,9.998416304588317871e-01,9.998164772987365723e-01,-9.999876618385314941e-01,-9.999724030494689941e-01,-9.997430443763732910e-01,9.999803304672241211e-01,9.999551773071289062e-01,-9.999880790710449219e-01,9.999818205833435059e-01,-9.999881982803344727e-01,9.999838471412658691e-01,9.999091625213623047e-01,-9.999918341636657715e-01,9.999868869781494141e-01,-9.999889731407165527e-01,9.999896883964538574e-01,9.999445676803588867e-01,9.999843835830688477e-01,9.999905228614807129e-01,-9.999639391899108887e-01,-9.999889135360717773e-01,9.999786019325256348e-01,-9.996047616004943848e-01,9.999608397483825684e-01,-9.998182654380798340e-01,9.999812841415405273e-01
9.999980330467224121e-01,-9.999983310699462891e-01,-9.999851584434509277e-01,9.999980330467224121e-01,9.999988675117492676e-01,-9.999985098838806152e-01,9.999943375587463379e-01,9.999989271163940430e-01,-9.999968409538269043e-01,9.999969005584716797e-01,-9.999975562095642090e-01,-9.999987483024597168e-01,9.999980926513671875e-01,9.999977946281433105e-01,9.999607801437377930e-01,9.999976158142089844e-01,9.999976158142089844e-01,-9.999984502792358398e-01,9.999871253967285156e-01,-9.999989271163940430e-01,-9.999988675117492676e-01,9.999846816062927246e-01,9.999979734420776367e-01,9.999983906745910645e-01,9.999893903732299805e-01,9.999989271163940430e-01,-9.999984502792358398e-01,-9.999988675117492676e-01,9.999746084213256836e-01,-9.999963045120239258e-01,-9.999953508377075195e-01,-9.999984502792358398e-01,9.999945163726806641e-01,9.999975562095642090e-01,-9.999964833259582520e-01,-9.999903440475463867e-01,9.999988079071044922e-01,9.999985098838806152e-01,9.999926090240478516e-01,-9.999987483024597168e-01,9.999983310699462891e-01,-9.999970197677612305e-01,9.999362826347351074e-01,9.999985694885253906e-01,9.999971985816955566e-01,9.999977946281433105e-01,9.999920129776000977e-01,9.999978542327880859e-01,9.999986886978149414e-01,-9.999985694885253906e-01,-9.999985694885253906e-01,-9.999972581863403320e-01,-9.999984502792358398e-01,-9.999903440475463867e-01,-9.999959468841552734e-01,-9.999978542327880859e-01,-9.999975562095642090e-01,9.999573826789855957e-01,9.999977946281433105e-01,9.999979734420776367e-01,-9.999967217445373535e-01,9.999988079071044922e-01,9.999980926513671875e-01,9.999948143959045410e-01,-9.999955892562866211e-01,-9.999986886978149414e-01,-9.999988675117492676e-01,-9.999936223030090332e-01,-9.999983906745910645e-01,9.999986290931701660e-01,-9.999985694885253906e-01,9.999978542327880859e-01,9.999965429306030273e-01,-9.999894499778747559e-01,-8.071625232696533203e-01,-9.999980926513671875e-01,9.999910593032836914e-01,9.999984502792358398e-01,-9.999903440475463867e-01,-9.999970197677612305e-01,-9.999601840972900391e-01,9.999974370002746582e-01,-9.999987483024597168e-01,9.999925494194030762e-01,-9.999982118606567383e-01,-9.999825954437255859e-01,9.999916553497314453e-01,9.999986886978149414e-01,-9.999422430992126465e-01,9.999971985816955566e-01,-9.999981522560119629e-01,9.999983310699462891e-01,-9.999734163284301758e-01,-9.999979734420776367e-01,9.999983906745910645e-01,-9.999976754188537598e-01,-9.999892711639404297e-01,9.999988675117492676e-01,-9.999986290931701660e-01,9.999877214431762695e-01,-9.999971985816955566e-01,9.999986290931701660e-01,-9.999805092811584473e-01,-9.999774694442749023e-01,9.999983906745910645e-01,9.999964833259582520e-01,9.999684095382690430e-01,-9.999974966049194336e-01,-9.999943971633911133e-01,9.999983906745910645e-01,-9.999976754188537598e-01,9.999985098838806152e-01,-9.999978542327880859e-01,-9.999887347221374512e-01,9.999989271163940430e-01,-9.999982714653015137e-01,9.999985694885253906e-01,-9.999986290931701660e-01,-9.999932050704956055e-01,-9.999979734420776367e-01,-9.999988079071044922e-01,9.999955296516418457e-01,9.999985098838806152e-01,-9.999972581863403320e-01,9.999512434005737305e-01,-9.999951124191284180e-01,9.999776482582092285e-01,-9.999976158142089844e-01
9.999988079071044922e-01,-9.999989271163940430e-01,-9.999907016754150391e-01,9.999988675117492676e-01,9.999994039535522461e-01,-9.999991655349731445e-01,9.999963641166687012e-01,9.999994635581970215e-01,-9.999980926513671875e-01,9.999981522560119629e-01,-9.999985098838806152e-01,-9.999994039535522461e-01,9.999988079071044922e-01,9.999986290931701660e-01,9.999755024909973145e-01,9.999985098838806152e-01,9.999985694885253906e-01,-9.999991059303283691e-01,9.999920129776000977e-01,-9.999994039535522461e-01,-9.999994039535522461e-01,9.999903440475463867e-01,9.999988079071044922e-01,9.999991059303283691e-01,9.999933838844299316e-01,9.999994039535522461e-01,-9.999991059303283691e-01,-9.999994039535522461e-01,9.999840259552001953e-01,-9.999977350234985352e-01,-9.999970793724060059e-01,-9.999991059303283691e-01,9.999964833259582520e-01,9.999985694885253906e-01,-9.999979138374328613e-01,-9.999939203262329102e-01,9.999994039535522461e-01,9.999991655349731445e-01,9.999954700469970703e-01,-9.999994039535522461e-01,9.999991655349731445e-01,-9.999981522560119629e-01,9.999600052833557129e-01,9.999991655349731445e-01,9.999983906745910645e-01,9.999987483024597168e-01,9.999949932098388672e-01,9.999987483024597168e-01,9.999992847442626953e-01,-9.999991655349731445e-01,-9.999992251396179199e-01,-9.999983310699462891e-01,-9.999992251396179199e-01,-9.999939203262329102e-01,-9.999975562095642090e-01,-9.999986886978149414e-01,-9.999985694885253906e-01,9.999734163284301758e-01,9.999987483024597168e-01,9.999988675117492676e-01,-9.999979734420776367e-01,9.999993443489074707e-01,9.999988675117492676e-01,9.999967217445373535e-01,-9.999971985816955566e-01,-9.999992847442626953e-01,-9.999993443489074707e-01,-9.999960064888000488e-01,-9.999991059303283691e-01,9.999992251396179199e-01,-9.999991655349731445e-01,9.999987483024597168e-01,9.999979138374328613e-01,-9.999934434890747070e-01,-8.075656294822692871e-01,-9.999988675117492676e-01,9.999943971633911133e-01,9.999991059303283691e-01,-9.999940395355224609e-01,-9.999980926513671875e-01,-9.999750852584838867e-01,9.999985098838806152e-01,-9.999994635581970215e-01,9.999954700469970703e-01,-9.999989271163940430e-01,-9.999891519546508789e-01,9.999948143959045410e-01,9.999992847442626953e-01,-9.999637603759765625e-01,9.999982714653015137e-01,-9.999989271163940430e-01,9.999989867210388184e-01,-9.999833106994628906e-01,-9.999988079071044922e-01,9.999992251396179199e-01,-9.999985694885253906e-01,-9.999933838844299316e-01,9.999993443489074707e-01,-9.999992251396179199e-01,9.999924302101135254e-01,-9.999982714653015137e-01,9.999992847442626953e-01,-9.999878406524658203e-01,-9.999858140945434570e-01,9.999991059303283691e-01,9.999978542327880859e-01,9.999802112579345703e-01,-9.999985694885253906e-01,-9.999964833259582520e-01,9.999991059303283691e-01,-9.999985694885253906e-01,9.999992251396179199e-01,-9.999986886978149414e-01,-9.999930858612060547e-01,9.999994039535522461e-01,-9.999989867210388184e-01,9.999991655349731445e-01,-9.999992251396179199e-01,-9.999957680702209473e-01,-9.999988079071044922e-01,-9.999994039535522461e-01,9.999971985816955566e-01,9.999991655349731445e-01,-9.999983310699462891e-01,9.999694824218750000e-01,-9.999969601631164551e-01,9.999859333038330078e-01,-9.999985098838806152e-01
-9.999985694885253906e-01,9.999986886978149414e-01,9.999886155128479004e-01,-9.999985098838806152e-01,-9.999991655349731445e-01,9.999988675117492676e-01,-9.999956488609313965e-01,-9.999992251396179199e-01,9.999976158142089844e-01,-9.999976158142089844e-01,9.999980926513671875e-01,9.999991655349731445e-01,-9.999984502792358398e-01,-9.999983310699462891e-01,-9.999698996543884277e-01,-9.999982118606567383e-01,-9.999982118606567383e-01,9.999988079071044922e-01,-9.999901056289672852e-01,9.999991655349731445e-01,9.999991655349731445e-01,-9.999882578849792480e-01,-9.999984502792358398e-01,-9.999987483024597168e-01,-9.999918937683105469e-01,-9.999992847442626953e-01,9.999988079071044922e-01,9.999991655349731445e-01,-9.999805092811584473e-01,9.999971985816955566e-01,9.999964237213134766e-01,9.999988675117492676e-01,-9.999957084655761719e-01,-9.999981522560119629e-01,9.999973177909851074e-01,9.999926090240478516e-01,-9.999991655349731445e-01,-9.999989271163940430e-01,-9.999943375587463379e-01,9.999990463256835938e-01,-9.999988079071044922e-01,9.999977946281433105e-01,-9.999510645866394043e-01,-9.999988675117492676e-01,-9.999978542327880859e-01,-9.999983310699462891e-01,-9.999938607215881348e-01,-9.999983310699462891e-01,-9.999991059303283691e-01,9.999988079071044922e-01,9.999989867210388184e-01,9.999979734420776367e-01,9.999988675117492676e-01,9.999926686286926270e-01,9.999970197677612305e-01,9.999983906745910645e-01,9.999981522560119629e-01,-9.999673366546630859e-01,-9.999983310699462891e-01,-9.999984502792358398e-01,9.999973773956298828e-01,-9.999991655349731445e-01,-9.999985694885253906e-01,-9.999958872795104980e-01,9.999964833259582520e-01,9.999989867210388184e-01,9.999991059303283691e-01,9.999951124191284180e-01,9.999988675117492676e-01,-9.999990463256835938e-01,9.999988675117492676e-01,-9.999983310699462891e-01,-9.999973773956298828e-01,9.999919533729553223e-01,8.074147701263427734e-01,9.999985694885253906e-01,-9.999930858612060547e-01,-9.999988079071044922e-01,9.999925494194030762e-01,9.999977350234985352e-01,9.999694824218750000e-01,-9.999980330467224121e-01,9.999991059303283691e-01,-9.999942779541015625e-01,9.999986290931701660e-01,9.999867677688598633e-01,-9.999936223030090332e-01,-9.999991059303283691e-01,9.999557137489318848e-01,-9.999978542327880859e-01,9.999985694885253906e-01,-9.999986886978149414e-01,9.999796152114868164e-01,9.999984502792358398e-01,-9.999988675117492676e-01,9.999981522560119629e-01,9.999917745590209961e-01,-9.999991655349731445e-01,9.999989867210388184e-01,-9.999906420707702637e-01,9.999978542327880859e-01,-9.999989271163940430e-01,9.999849796295166016e-01,9.999827146530151367e-01,-9.999987483024597168e-01,-9.999972581863403320e-01,-9.999757409095764160e-01,9.999980926513671875e-01,9.999957084655761719e-01,-9.999988079071044922e-01,9.999982714653015137e-01,-9.999989271163940430e-01,9.999983906745910645e-01,9.999913573265075684e-01,-9.999992847442626953e-01,9.999987483024597168e-01,-9.999988675117492676e-01,9.999989271163940430e-01,9.999947547912597656e-01,9.999985098838806152e-01,9.999991655349731445e-01,-9.999964833259582520e-01,-9.999989271163940430e-01,9.999979138374328613e-01,-9.999626278877258301e-01,9.999962449073791504e-01,-9.999827742576599121e-01,9.999980926513671875e-01
9.999942183494567871e-01,-9.999948143959045410e-01,-9.999536871910095215e-01,9.999943375587463379e-01,9.999963641166687012e-01,-9.999956488609313965e-01,9.999821186065673828e-01,9.999967217445373535e-01,-9.999905824661254883e-01,9.999904632568359375e-01,-9.999927282333374023e-01,-9.999964833259582520e-01,9.999940395355224609e-01,9.999933838844299316e-01,9.998770356178283691e-01,9.999927282333374023e-01,9.999928474426269531e-01,-9.999954700469970703e-01,9.999598264694213867e-01,-9.999967813491821289e-01,-9.999964833259582520e-01,9.999517798423767090e-01,9.999937415122985840e-01,9.999952316284179688e-01,9.999668598175048828e-01,9.999968409538269043e-01,-9.999952316284179688e-01,-9.999964237213134766e-01,9.999201893806457520e-01,-9.999886751174926758e-01,-9.999856948852539062e-01,-9.999954700469970703e-01,9.999827146530151367e-01,9.999927282333374023e-01,-9.999892711639404297e-01,-9.999697804450988770e-01,9.999966025352478027e-01,9.999957084655761719e-01,9.999771118164062500e-01,-9.999963045120239258e-01,9.999951124191284180e-01,-9.999909996986389160e-01,9.998004436492919922e-01,9.999957084655761719e-01,9.999915361404418945e-01,9.999933838844299316e-01,9.999749064445495605e-01,9.999935030937194824e-01,9.999960660934448242e-01,-9.999954700469970703e-01,-9.999958872795104980e-01,-9.999917745590209961e-01,-9.999955296516418457e-01,-9.999700784683227539e-01,-9.999879002571105957e-01,-9.999935030937194824e-01,-9.999925494194030762e-01,9.998666048049926758e-01,9.999933242797851562e-01,9.999941587448120117e-01,-9.999898672103881836e-01,9.999964833259582520e-01,9.999943971633911133e-01,9.999839067459106445e-01,-9.999862909317016602e-01,-9.999961256980895996e-01,-9.999966621398925781e-01,-9.999803304672241211e-01,-9.999952912330627441e-01,9.999961256980895996e-01,-9.999957680702209473e-01,9.999934434890747070e-01,9.999895691871643066e-01,-9.999671578407287598e-01,-8.048461079597473145e-01,-9.999941587448120117e-01,9.999721050262451172e-01,9.999954700469970703e-01,-9.999698996543884277e-01,-9.999907612800598145e-01,-9.998749494552612305e-01,9.999920725822448730e-01,-9.999961853027343750e-01,9.999770522117614746e-01,-9.999946355819702148e-01,-9.999453425407409668e-01,9.999738335609436035e-01,9.999961256980895996e-01,-9.998191595077514648e-01,9.999916553497314453e-01,-9.999943375587463379e-01,9.999947547912597656e-01,-9.999164938926696777e-01,-9.999939799308776855e-01,9.999953508377075195e-01,-9.999929070472717285e-01,-9.999663829803466797e-01,9.999964833259582520e-01,-9.999960064888000488e-01,9.999616742134094238e-01,-9.999914765357971191e-01,9.999957680702209473e-01,-9.999387264251708984e-01,-9.999291300773620605e-01,9.999951720237731934e-01,9.999893903732299805e-01,9.999007582664489746e-01,-9.999924302101135254e-01,-9.999827146530151367e-01,9.999952912330627441e-01,-9.999929666519165039e-01,9.999955296516418457e-01,-9.999938011169433594e-01,-9.999649524688720703e-01,9.999967813491821289e-01,-9.999949336051940918e-01,9.999957084655761719e-01,-9.999959468841552734e-01,-9.999786019325256348e-01,-9.999940395355224609e-01,-9.999963641166687012e-01,9.999861121177673340e-01,9.999957084655761719e-01,-9.999917745590209961e-01,9.998474121093750000e-01,-9.999849200248718262e-01,9.999297857284545898e-01,-9.999927878379821777e-01
9.999989867210388184e-01,-9.999992251396179199e-01,-9.999915957450866699e-01,9.999989271163940430e-01,9.999994635581970215e-01,-9.999992251396179199e-01,9.999967217445373535e-01,9.999995231628417969e-01,-9.999982714653015137e-01,9.999983310699462891e-01,-9.999986290931701660e-01,-9.999994635581970215e-01,9.999989867210388184e-01,9.999988079071044922e-01,9.999778866767883301e-01,9.999987483024597168e-01,9.999987483024597168e-01,-9.999992251396179199e-01,9.999928474426269531e-01,-9.999995231628417969e-01,-9.999994635581970215e-01,9.999913573265075684e-01,9.999989271163940430e-01,9.999991655349731445e-01,9.999940395355224609e-01,9.999995231628417969e-01,-9.999992847442626953e-01,-9.999994635581970215e-01,9.999855756759643555e-01,-9.999980330467224121e-01,-9.999974370002746582e-01,-9.999993443489074707e-01,9.999969005584716797e-01,9.999987483024597168e-01,-9.999980330467224121e-01,-9.999945759773254395e-01,9.999995231628417969e-01,9.999992847442626953e-01,9.999958872795104980e-01,-9.999993443489074707e-01,9.999991655349731445e-01,-9.999984502792358398e-01,9.999638199806213379e-01,9.999992847442626953e-01,9.999985098838806152e-01,9.999988675117492676e-01,9.999955296516418457e-01,9.999988079071044922e-01,9.999993443489074707e-01,-9.999993443489074707e-01,-9.999992847442626953e-01,-9.999985694885253906e-01,-9.999993443489074707e-01,-9.999945759773254395e-01,-9.999977946281433105e-01,-9.999988079071044922e-01,-9.999986886978149414e-01,9.999758601188659668e-01,9.999988675117492676e-01,9.999989867210388184e-01,-9.999981522560119629e-01,9.999994635581970215e-01,9.999989867210388184e-01,9.999970197677612305e-01,-9.999974966049194336e-01,-9.999994039535522461e-01,-9.999995231628417969e-01,-9.999963641166687012e-01,-9.999992847442626953e-01,9.999993443489074707e-01,-9.999992847442626953e-01,9.999988079071044922e-01,9.999982118606567383e-01,-9.999941587448120117e-01,-8.076313734054565430e-01,-9.999989867210388184e-01,9.999949932098388672e-01,9.999992251396179199e-01,-9.999945759773254395e-01,-9.999983906745910645e-01,-9.999774098396301270e-01,9.999986290931701660e-01,-9.999994039535522461e-01,9.999958872795104980e-01,-9.999992251396179199e-01,-9.999902844429016113e-01,9.999953508377075195e-01,9.999994039535522461e-01,-9.999672770500183105e-01,9.999984502792358398e-01,-9.999990463256835938e-01,9.999992251396179199e-01,-9.999849200248718262e-01,-9.999989867210388184e-01,9.999991655349731445e-01,-9.999986886978149414e-01,-9.999939799308776855e-01,9.999994635581970215e-01,-9.999993443489074707e-01,9.999931454658508301e-01,-9.999984502792358398e-01,9.999993443489074707e-01,-9.999889731407165527e-01,-9.999873042106628418e-01,9.999991655349731445e-01,9.999980330467224121e-01,9.999821782112121582e-01,-9.999986886978149414e-01,-9.999968409538269043e-01,9.999992251396179199e-01,-9.999988079071044922e-01,9.999992847442626953e-01,-9.999988675117492676e-01,-9.999936819076538086e-01,9.999995231628417969e-01,-9.999991059303283691e-01,9.999992847442626953e-01,-9.999994039535522461e-01,-9.999961853027343750e-01,-9.999989271163940430e-01,-9.999994635581970215e-01,9.999974370002746582e-01,9.999993443489074707e-01,-9.999985098838806152e-01,9.999725222587585449e-01,-9.999973177909851074e-01,9.999873042106628418e-01,-9.999986886978149414e-01
-9.999969005584716797e-01,9.999972581863403320e-01,9.999756217002868652e-01,-9.999968409538269043e-01,-9.999980926513671875e-01,9.999976158142089844e-01,-9.999905824661254883e-01,-9.999982714653015137e-01,9.999949932098388672e-01,-9.999949336051940918e-01,9.999960064888000488e-01,9.999979734420776367e-01,-9.999967217445373535e-01,-9.999964833259582520e-01,-9.999352693557739258e-01,-9.999961256980895996e-01,-9.999960660934448242e-01,9.999974966049194336e-01,-9.999787807464599609e-01,9.999982714653015137e-01,9.999981522560119629e-01,-9.999745488166809082e-01,-9.999966621398925781e-01,-9.999973177909851074e-01,-9.999825358390808105e-01,-9.999983310699462891e-01,9.999973773956298828e-01,9.999980926513671875e-01,-9.999579191207885742e-01,9.999940991401672363e-01,9.999924302101135254e-01,9.999975562095642090e-01,-9.999908804893493652e-01,-9.999960660934448242e-01,9.999942779541015625e-01,9.999840259552001953e-01,-9.999982714653015137e-01,-9.999976158142089844e-01,-9.999879598617553711e-01,9.999980926513671875e-01,-9.999973177909851074e-01,9.999952912330627441e-01,-9.998948574066162109e-01,-9.999976754188537598e-01,-9.999954700469970703e-01,-9.999964237213134766e-01,-9.999867677688598633e-01,-9.999966025352478027e-01,-9.999978542327880859e-01,9.999976158142089844e-01,9.999977350234985352e-01,9.999956488609313965e-01,9.999976158142089844e-01,9.999842643737792969e-01,9.999936223030090332e-01,9.999965429306030273e-01,9.999960064888000488e-01,-9.999296665191650391e-01,-9.999963641166687012e-01,-9.999968409538269043e-01,9.999946355819702148e-01,-9.999981522560119629e-01,-9.999969601631164551e-01,-9.999914765357971191e-01,9.999926686286926270e-01,9.999979138374328613e-01,9.999981522560119629e-01,9.999895691871643066e-01,9.999974370002746582e-01,-9.999980330467224121e-01,9.999977350234985352e-01,-9.999964237213134766e-01,-9.999944567680358887e-01,9.999826550483703613e-01,8.064541220664978027e-01,9.999967813491821289e-01,-9.999852180480957031e-01,-9.999974966049194336e-01,9.999841451644897461e-01,9.999950528144836426e-01,9.999341368675231934e-01,-9.999957680702209473e-01,9.999979138374328613e-01,-9.999878406524658203e-01,9.999970793724060059e-01,9.999712705612182617e-01,-9.999862313270568848e-01,-9.999979138374328613e-01,9.999046921730041504e-01,-9.999955296516418457e-01,9.999969601631164551e-01,-9.999971985816955566e-01,9.999558925628662109e-01,9.999967813491821289e-01,-9.999974966049194336e-01,9.999961256980895996e-01,9.999822974205017090e-01,-9.999981522560119629e-01,9.999978542327880859e-01,-9.999797940254211426e-01,9.999954700469970703e-01,-9.999977350234985352e-01,9.999676942825317383e-01,9.999626874923706055e-01,-9.999973773956298828e-01,-9.999943375587463379e-01,-9.999477267265319824e-01,9.999959468841552734e-01,9.999908804893493652e-01,-9.999974370002746582e-01,9.999962449073791504e-01,-9.999975562095642090e-01,9.999966025352478027e-01,9.999815225601196289e-01,-9.999982118606567383e-01,9.999973177909851074e-01,-9.999976754188537598e-01,9.999977946281433105e-01,9.999887347221374512e-01,9.999967217445373535e-01,9.999979138374328613e-01,-9.999926686286926270e-01,-9.999976754188537598e-01,9.999955892562866211e-01,-9.999195337295532227e-01,9.999920725822448730e-01,-9.999629855155944824e-01,9.999960064888000488e-01
9.999969005584716797e-01,-9.999971985816955566e-01,-9.999753236770629883e-01,9.999969005584716797e-01,9.999981522560119629e-01,-9.999976158142089844e-01,9.999904632568359375e-01,9.999983310699462891e-01,-9.999949336051940918e-01,9.999949932098388672e-01,-9.999960660934448242e-01,-9.999980926513671875e-01,9.999967813491821289e-01,9.999964237213134766e-01,9.999344348907470703e-01,9.999960660934448242e-01,9.999961256980895996e-01,-9.999975562095642090e-01,9.999786615371704102e-01,-9.999983310699462891e-01,-9.999981522560119629e-01,9.999743103981018066e-01,9.999966025352478027e-01,9.999973177909851074e-01,9.999822974205017090e-01,9.999982714653015137e-01,-9.999974370002746582e-01,-9.999982118606567383e-01,9.999573826789855957e-01,-9.999940395355224609e-01,-9.999923706054687500e-01,-9.999976158142089844e-01,9.999908208847045898e-01,9.999960064888000488e-01,-9.999943375587463379e-01,-9.999839067459106445e-01,9.999982118606567383e-01,9.999976754188537598e-01,9.999877810478210449e-01,-9.999980330467224121e-01,9.999973773956298828e-01,-9.999952316284179688e-01,9.998934864997863770e-01,9.999976754188537598e-01,9.999954700469970703e-01,9.999964833259582520e-01,9.999865889549255371e-01,9.999965429306030273e-01,9.999978542327880859e-01,-9.999975562095642090e-01,-9.999977946281433105e-01,-9.999955892562866211e-01,-9.999976754188537598e-01,-9.999840259552001953e-01,-9.999935626983642578e-01,-9.999964833259582520e-01,-9.999960660934448242e-01,9.999288320541381836e-01,9.999963641166687012e-01,9.999968409538269043e-01,-9.999945759773254395e-01,9.999982714653015137e-01,9.999969005584716797e-01,9.999913573265075684e-01,-9.999926686286926270e-01,-9.999979138374328613e-01,-9.999980926513671875e-01,-9.999895095825195312e-01,-9.999974370002746582e-01,9.999979734420776367e-01,-9.999977350234985352e-01,9.999964833259582520e-01,9.999944567680358887e-01,-9.999824762344360352e-01,-8.064302802085876465e-01,-9.999968409538269043e-01,9.999850988388061523e-01,9.999975562095642090e-01,-9.999839663505554199e-01,-9.999950528144836426e-01,-9.999333024024963379e-01,9.999958276748657227e-01,-9.999979734420776367e-01,9.999877214431762695e-01,-9.999971389770507812e-01,-9.999709725379943848e-01,9.999861717224121094e-01,9.999978542327880859e-01,-9.999034404754638672e-01,9.999955296516418457e-01,-9.999969601631164551e-01,9.999971985816955566e-01,-9.999554157257080078e-01,-9.999967813491821289e-01,9.999974966049194336e-01,-9.999961256980895996e-01,-9.999821186065673828e-01,9.999981522560119629e-01,-9.999978542327880859e-01,9.999796152114868164e-01,-9.999954700469970703e-01,9.999977350234985352e-01,-9.999673366546630859e-01,-9.999621510505676270e-01,9.999974370002746582e-01,9.999943375587463379e-01,9.999471306800842285e-01,-9.999960064888000488e-01,-9.999907016754150391e-01,9.999974370002746582e-01,-9.999961853027343750e-01,9.999976158142089844e-01,-9.999966621398925781e-01,-9.999813437461853027e-01,9.999982714653015137e-01,-9.999972581863403320e-01,9.999977350234985352e-01,-9.999978542327880859e-01,-9.999886155128479004e-01,-9.999967813491821289e-01,-9.999981522560119629e-01,9.999926090240478516e-01,9.999976754188537598e-01,-9.999955892562866211e-01,9.999185204505920410e-01,-9.999918937683105469e-01,9.999625682830810547e-01,-9.999960660934448242e-01
-9.999975562095642090e-01,9.999978542327880859e-01,9.999811053276062012e-01,-9.999975562095642090e-01,-9.999985098838806152e-01,9.999980926513671875e-01,-9.999927282333374023e-01,-9.999986290931701660e-01,9.999960064888000488e-01,-9.999960660934448242e-01,9.999969601631164551e-01,9.999985098838806152e-01,-9.999974966049194336e-01,-9.999972581863403320e-01,-9.999496936798095703e-01,-9.999969601631164551e-01,-9.999970197677612305e-01,9.999980926513671875e-01,-9.999836087226867676e-01,9.999986290931701660e-01,9.999985694885253906e-01,-9.999803304672241211e-01,-9.999973773956298828e-01,-9.999979138374328613e-01,-9.999865293502807617e-01,-9.999986886978149414e-01,9.999980330467224121e-01,9.999986290931701660e-01,-9.999673366546630859e-01,9.999954104423522949e-01,9.999941587448120117e-01,9.999982118606567383e-01,-9.999930262565612793e-01,-9.999969601631164551e-01,9.999955892562866211e-01,9.999877214431762695e-01,-9.999986290931701660e-01,-9.999982118606567383e-01,-9.999906420707702637e-01,9.999985098838806152e-01,-9.999979734420776367e-01,9.999962449073791504e-01,-9.999183416366577148e-01,-9.999982118606567383e-01,-9.999964833259582520e-01,-9.999972581863403320e-01,-9.999897480010986328e-01,-9.999973177909851074e-01,-9.999983906745910645e-01,9.999981522560119629e-01,9.999982714653015137e-01,9.999966025352478027e-01,9.999981522560119629e-01,9.999877810478210449e-01,9.999949932098388672e-01,9.999971985816955566e-01,9.999970197677612305e-01,-9.999454617500305176e-01,-9.999972581863403320e-01,-9.999975562095642090e-01,9.999958872795104980e-01,-9.999985694885253906e-01,-9.999976158142089844e-01,-9.999934434890747070e-01,9.999943971633911133e-01,9.999983310699462891e-01,9.999985694885253906e-01,9.999919533729553223e-01,9.999980330467224121e-01,-9.999984502792358398e-01,9.999982714653015137e-01,-9.999973177909851074e-01,-9.999957680702209473e-01,9.999866485595703125e-01,8.068548440933227539e-01,9.999975562095642090e-01,-9.999885559082031250e-01,-9.999981522560119629e-01,9.999877214431762695e-01,9.999961853027343750e-01,9.999488592147827148e-01,-9.999967813491821289e-01,9.999985098838806152e-01,-9.999906420707702637e-01,9.999977350234985352e-01,9.999777674674987793e-01,-9.999893307685852051e-01,-9.999983310699462891e-01,9.999260306358337402e-01,-9.999965429306030273e-01,9.999976754188537598e-01,-9.999978542327880859e-01,9.999658465385437012e-01,9.999975562095642090e-01,-9.999980926513671875e-01,9.999970197677612305e-01,9.999863505363464355e-01,-9.999986290931701660e-01,9.999982714653015137e-01,-9.999843835830688477e-01,9.999964833259582520e-01,-9.999982714653015137e-01,9.999750256538391113e-01,9.999711513519287109e-01,-9.999980330467224121e-01,-9.999955892562866211e-01,-9.999594092369079590e-01,9.999968409538269043e-01,9.999928474426269531e-01,-9.999980926513671875e-01,9.999970793724060059e-01,-9.999982118606567383e-01,9.999974370002746582e-01,9.999856948852539062e-01,-9.999986886978149414e-01,9.999979138374328613e-01,-9.999981522560119629e-01,9.999983310699462891e-01,9.999912381172180176e-01,9.999974966049194336e-01,9.999984502792358398e-01,-9.999943375587463379e-01,-9.999983310699462891e-01,9.999966025352478027e-01,-9.999377131462097168e-01,9.999938607215881348e-01,-9.999713301658630371e-01,9.999969005584716797e-01
-9.999988079071044922e-01,9.999989867210388184e-01,9.999907612800598145e-01,-9.999987483024597168e-01,-9.999994039535522461e-01,9.999991655349731445e-01,-9.999964833259582520e-01,-9.999994635581970215e-01,9.999979734420776367e-01,-9.999980926513671875e-01,9.999985098838806152e-01,9.999994039535522461e-01,-9.999988079071044922e-01,-9.999986290931701660e-01,-9.999754428863525391e-01,-9.999986290931701660e-01,-9.999986290931701660e-01,9.999991059303283691e-01,-9.999920129776000977e-01,9.999993443489074707e-01,9.999994039535522461e-01,-9.999903440475463867e-01,-9.999987483024597168e-01,-9.999989867210388184e-01,-9.999933838844299316e-01,-9.999994635581970215e-01,9.999992251396179199e-01,9.999994039535522461e-01,-9.999840259552001953e-01,9.999977946281433105e-01,9.999971985816955566e-01,9.999992251396179199e-01,-9.999964833259582520e-01,-9.999985098838806152e-01,9.999978542327880859e-01,9.999939203262329102e-01,-9.999994039535522461e-01,-9.999991655349731445e-01,-9.999954104423522949e-01,9.999994039535522461e-01,-9.999990463256835938e-01,9.999981522560119629e-01,-9.999600648880004883e-01,-9.999991655349731445e-01,-9.999982714653015137e-01,-9.999986290931701660e-01,-9.999950528144836426e-01,-9.999986886978149414e-01,-9.999992847442626953e-01,9.999992251396179199e-01,9.999992251396179199e-01,9.999984502792358398e-01,9.999992847442626953e-01,9.999940395355224609e-01,9.999975562095642090e-01,9.999986886978149414e-01,9.999985694885253906e-01,-9.999733567237854004e-01,-9.999987483024597168e-01,-9.999988079071044922e-01,9.999979734420776367e-01,-9.999993443489074707e-01,-9.999988675117492676e-01,-9.999967217445373535e-01,9.999971985816955566e-01,9.999992847442626953e-01,9.999994635581970215e-01,9.999960064888000488e-01,9.999991059303283691e-01,-9.999992251396179199e-01,9.999992847442626953e-01,-9.999986886978149414e-01,-9.999979734420776367e-01,9.999933838844299316e-01,8.075667619705200195e-01,9.999988079071044922e-01,-9.999943971633911133e-01,-9.999991655349731445e-01,9.999939799308776855e-01,9.999982118606567383e-01,9.999751448631286621e-01,-9.999985098838806152e-01,9.999993443489074707e-01,-9.999954700469970703e-01,9.999989271163940430e-01,9.999891519546508789e-01,-9.999947547912597656e-01,-9.999992847442626953e-01,9.999638795852661133e-01,-9.999982714653015137e-01,9.999989271163940430e-01,-9.999989867210388184e-01,9.999833703041076660e-01,9.999988079071044922e-01,-9.999991059303283691e-01,9.999985694885253906e-01,9.999933838844299316e-01,-9.999994039535522461e-01,9.999991655349731445e-01,-9.999923706054687500e-01,9.999982714653015137e-01,-9.999992847442626953e-01,9.999879002571105957e-01,9.999858140945434570e-01,-9.999991059303283691e-01,-9.999978542327880859e-01,-9.999803304672241211e-01,9.999984502792358398e-01,9.999964833259582520e-01,-9.999991059303283691e-01,9.999985694885253906e-01,-9.999992251396179199e-01,9.999987483024597168e-01,9.999929666519165039e-01,-9.999994039535522461e-01,9.999989867210388184e-01,-9.999991655349731445e-01,9.999992251396179199e-01,9.999957680702209473e-01,9.999988675117492676e-01,9.999994039535522461e-01,-9.999971985816955566e-01,-9.999991655349731445e-01,9.999983310699462891e-01,-9.999694824218750000e-01,9.999969601631164551e-01,-9.999859929084777832e-01,9.999985098838806152e-01
