4.105851948261260986e-01,1.435238774865865707e-02,-5.065932869911193848e-02,-4.664297401905059814e-02,3.852460384368896484e-01,-3.200236260890960693e-01,1.126745995134115219e-02,4.698620140552520752e-01,1.461181044578552246e-01,6.411710381507873535e-02,-2.245419770479202271e-01,-1.599390655755996704e-01,-1.686081057414412498e-03,5.451815947890281677e-02,6.116557866334915161e-02,3.204323947429656982e-01,5.962198483757674694e-04,1.123616471886634827e-01,-3.271187469363212585e-02,-6.960893422365188599e-02,-1.190150231122970581e-01,-1.072209477424621582e-01,-5.498508363962173462e-02,5.376194044947624207e-02,3.061143495142459869e-02,2.777972519397735596e-01,-4.631782695651054382e-02,-4.003294408321380615e-01,1.363135427236557007e-01,-1.126106977462768555e-01,-1.909094750881195068e-01,-1.210789456963539124e-01,6.260404363274574280e-03,7.910948991775512695e-02,-1.445154100656509399e-02,-1.414884924888610840e-01,1.462796330451965332e-01,1.519763022661209106e-01,-3.627688288688659668e-01,-3.376050293445587158e-01,3.281292021274566650e-01,9.607365727424621582e-02,8.763873018324375153e-03,3.472885116934776306e-02,-4.553023353219032288e-02,1.181630790233612061e-01,-1.245193183422088623e-01,-9.887945652008056641e-02,1.125618591904640198e-01,2.140595950186252594e-02,-1.701471805572509766e-01,-1.945520937442779541e-01,2.827325761318206787e-01,-8.352620154619216919e-02,-4.447695985436439514e-02,-2.284557670354843140e-01,1.765147149562835693e-01,8.248412981629371643e-03,-2.260294370353221893e-02,4.072421416640281677e-02,-8.229301869869232178e-02,1.127724163234233856e-02,-2.425427082926034927e-03,2.272707819938659668e-01,1.403781771659851074e-01,-4.548317939043045044e-02,-2.590765357017517090e-01,2.642812728881835938e-01,-1.682107597589492798e-01,3.283197283744812012e-01,-3.196709454059600830e-01,2.096700519323348999e-01,-3.751294920220971107e-03,7.215685397386550903e-02,-2.807416915893554688e-01,-2.892848849296569824e-01,8.937768870964646339e-05,1.053719073534011841e-01,-8.315362036228179932e-02,-1.169206574559211731e-01,1.831096410751342773e-01,7.117867062333971262e-05,-2.118740826845169067e-01,-1.290526415687054396e-04,-4.381535947322845459e-01,5.421643704175949097e-02,3.015275001525878906e-01,4.292676690965890884e-03,-5.662734806537628174e-02,2.097754925489425659e-01,-1.871538162231445312e-01,2.344300448894500732e-01,-4.267084226012229919e-02,-7.878161221742630005e-02,-1.871518194675445557e-01,-3.402095437049865723e-01,1.387903988361358643e-01,-1.999442793021444231e-05,-1.880524307489395142e-01,3.240695893764495850e-01,-3.213547766208648682e-01,3.593142330646514893e-01,-1.224654763936996460e-01,-2.157348543405532837e-01,6.924287974834442139e-02,1.055652946233749390e-01,5.237605050206184387e-02,-4.701803624629974365e-02,-4.105255007743835449e-01,1.041630934923887253e-02,-3.985400497913360596e-02,9.122803062200546265e-02,-1.275081336498260498e-01,-6.341294199228286743e-02,2.033802866935729980e-01,-1.559891700744628906e-01,3.137171566486358643e-01,-2.729932032525539398e-02,-2.740558981895446777e-01,-2.867479808628559113e-02,-6.808381527662277222e-02,1.698725223541259766e-01,1.161541268229484558e-01,1.819105595350265503e-01,-5.965391173958778381e-02,1.089547947049140930e-01,1.531891245394945145e-02,2.265803515911102295e-01
1.435238774865865707e-02,7.879797369241714478e-03,-7.613095641136169434e-02,5.427736788988113403e-02,3.981744870543479919e-02,-7.034723181277513504e-03,3.293069079518318176e-03,1.527435611933469772e-02,5.992808565497398376e-02,5.944267660379409790e-02,-1.067104004323482513e-02,-3.657045960426330566e-02,5.928692221641540527e-02,6.443517655134201050e-02,7.297446578741073608e-02,7.999254763126373291e-02,-1.528259832412004471e-03,4.463515430688858032e-02,-6.989032030105590820e-02,-6.074470654129981995e-02,-5.730525404214859009e-02,4.090211540460586548e-02,5.861188098788261414e-02,-1.679896190762519836e-02,1.113103423267602921e-02,6.643378734588623047e-02,-7.159374654293060303e-02,-2.203837968409061432e-02,6.681193411350250244e-02,-3.061880357563495636e-02,2.153228409588336945e-02,-8.819182217121124268e-02,5.446057766675949097e-02,6.124073639512062073e-02,-1.902326941490173340e-03,-7.976126670837402344e-02,5.188832059502601624e-02,7.144746929407119751e-02,-4.884640872478485107e-02,-5.273756757378578186e-02,6.304171681404113770e-02,1.889444887638092041e-02,6.712201982736587524e-02,2.438129484653472900e-02,-1.408551260828971863e-02,-6.190288066864013672e-02,-7.186297327280044556e-02,-1.645402424037456512e-02,1.715282560326159000e-03,2.187908394262194633e-03,2.706801285967230797e-03,-1.784724742174148560e-02,4.960678517818450928e-02,7.533647003583610058e-04,-1.630701497197151184e-02,-8.335298299789428711e-02,2.796326391398906708e-02,2.968412358313798904e-03,-6.128921732306480408e-02,-5.828916653990745544e-02,-1.265953527763485909e-03,1.145898923277854919e-02,2.175141591578722000e-03,3.096753358840942383e-02,4.043184220790863037e-03,-2.324926294386386871e-02,3.226476535201072693e-02,7.585905492305755615e-02,-7.438246160745620728e-02,2.251280844211578369e-02,-6.125413626432418823e-02,-1.479984261095523834e-02,-3.041441924870014191e-02,7.332412898540496826e-02,-2.412502467632293701e-02,-6.946618109941482544e-02,-2.934518852271139622e-04,7.942539453506469727e-02,-2.625970356166362762e-02,-7.186360657215118408e-02,7.758498936891555786e-02,8.844725380185991526e-05,-6.946663558483123779e-02,-4.747433122247457504e-04,-6.523951143026351929e-02,-6.887854635715484619e-02,4.075951501727104187e-02,8.738563628867268562e-04,5.956107378005981445e-02,5.842376127839088440e-02,-1.291567273437976837e-02,-2.968994528055191040e-02,-6.204192712903022766e-02,3.416493907570838928e-02,-6.877987831830978394e-02,-6.011723075062036514e-03,4.865910112857818604e-02,-1.454740299777768087e-06,-5.994502827525138855e-02,5.761042609810829163e-02,-3.290123119950294495e-02,2.385527454316616058e-02,-8.106712996959686279e-02,-6.999769806861877441e-02,8.680672198534011841e-02,5.014965776354074478e-03,-6.929782778024673462e-02,-6.966930627822875977e-02,-5.450566764920949936e-03,-2.653855597600340843e-03,6.193205714225769043e-02,-6.445875018835067749e-02,-7.006852328777313232e-02,3.720920532941818237e-02,7.451458275318145752e-02,-7.413648068904876709e-02,3.792658820748329163e-02,2.920589223504066467e-02,-7.738704979419708252e-02,4.576735943555831909e-02,5.541872978210449219e-02,6.373847275972366333e-02,6.963793933391571045e-02,-4.256317764520645142e-02,-4.904747754335403442e-02,-5.389434099197387695e-02,-2.506627002730965614e-03,5.042181536555290222e-02
-5.065932869911193848e-02,-7.613095641136169434e-02,7.836430072784423828e-01,-6.359061002731323242e-01,-3.521789312362670898e-01,-3.947134315967559814e-02,-5.747109279036521912e-02,-1.045056432485580444e-01,-5.572037100791931152e-01,-6.390324831008911133e-01,7.638867199420928955e-02,3.939665257930755615e-01,-6.001622676849365234e-01,-6.965380907058715820e-01,-7.603901028633117676e-01,-7.168092131614685059e-01,1.653905026614665985e-02,-4.658668935298919678e-01,7.130362391471862793e-01,6.654264330863952637e-01,5.245368480682373047e-01,-5.062899589538574219e-01,-6.730138659477233887e-01,2.041195333003997803e-01,-1.176629662513732910e-01,-5.943209528923034668e-01,7.280809283256530762e-01,1.344227939844131470e-01,-7.031915187835693359e-01,3.153983354568481445e-01,-2.770048081874847412e-01,8.240156769752502441e-01,-5.477382540702819824e-01,-6.996021866798400879e-01,2.335900254547595978e-02,7.580857276916503906e-01,-5.475385189056396484e-01,-7.276385426521301270e-01,4.410406053066253662e-01,5.215922594070434570e-01,-5.673072934150695801e-01,-1.838490217924118042e-01,-7.132519483566284180e-01,-2.778774797916412354e-01,8.563786745071411133e-02,6.796457171440124512e-01,7.512170076370239258e-01,1.688745617866516113e-01,2.834578976035118103e-02,6.826437264680862427e-02,-5.111966654658317566e-02,2.306494116783142090e-01,-4.668500125408172607e-01,-2.656118199229240417e-02,1.943602561950683594e-01,7.953006625175476074e-01,-3.218074738979339600e-01,-3.393423557281494141e-02,6.309152245521545410e-01,6.437276005744934082e-01,-2.137377858161926270e-02,-1.068887561559677124e-01,-2.368280477821826935e-02,-2.488074451684951782e-01,1.389006990939378738e-02,2.482120394706726074e-01,-3.673132061958312988e-01,-7.122991681098937988e-01,7.356159687042236328e-01,-1.739085614681243896e-01,6.069450974464416504e-01,2.525837123394012451e-01,3.227207362651824951e-01,-7.615720629692077637e-01,1.368725001811981201e-01,6.545976996421813965e-01,3.147809766232967377e-03,-8.034464716911315918e-01,2.787834703922271729e-01,7.285901308059692383e-01,-7.614272832870483398e-01,-1.031774911098182201e-03,7.069819569587707520e-01,6.337536033242940903e-03,5.678663849830627441e-01,7.383713126182556152e-01,-3.971872031688690186e-01,-9.305952116847038269e-03,-6.041074395179748535e-01,-6.233615875244140625e-01,1.057081371545791626e-01,3.152435719966888428e-01,6.405551433563232422e-01,-3.787485361099243164e-01,6.846164464950561523e-01,8.567621116526424885e-04,-5.319439172744750977e-01,1.132012766902334988e-05,6.067609190940856934e-01,-5.329581499099731445e-01,3.707446753978729248e-01,-1.691537350416183472e-01,7.882680296897888184e-01,6.996567845344543457e-01,-8.281432390213012695e-01,-1.093175411224365234e-01,6.690613031387329102e-01,7.142988443374633789e-01,-3.851552307605743408e-02,2.811769209802150726e-02,-6.370909214019775391e-01,7.075353860855102539e-01,7.233374118804931641e-01,-4.857136607170104980e-01,-7.548573017120361328e-01,7.301603555679321289e-01,-3.408305943012237549e-01,-3.657860457897186279e-01,7.472727298736572266e-01,-5.140327215194702148e-01,-6.255234479904174805e-01,-6.366012096405029297e-01,-7.073353528976440430e-01,4.798652529716491699e-01,6.001127958297729492e-01,6.055751442909240723e-01,2.246929332613945007e-02,-5.191226601600646973e-01
-4.664297401905059814e-02,5.427736788988113403e-02,-6.359061002731323242e-01,6.707689166069030762e-01,1.213566884398460388e-01,1.383422166109085083e-01,6.341221928596496582e-02,-1.004569903016090393e-01,4.630627632141113281e-01,4.984031319618225098e-01,-1.772516220808029175e-01,-2.747981548309326172e-01,3.287474215030670166e-01,5.924394130706787109e-01,6.159909963607788086e-01,4.307073056697845459e-01,-9.634618647396564484e-03,3.426680266857147217e-01,-6.755995154380798340e-01,-5.514309406280517578e-01,-5.459284186363220215e-01,4.761298000812530518e-01,5.597609877586364746e-01,-1.075904443860054016e-01,9.399306774139404297e-02,2.947415411472320557e-01,-4.940484762191772461e-01,1.551569849252700806e-01,4.396843314170837402e-01,-7.626204937696456909e-02,2.152433544397354126e-01,-6.820957660675048828e-01,5.986728072166442871e-01,5.721507072448730469e-01,-2.113256836310029030e-03,-4.936523437500000000e-01,3.543149232864379883e-01,5.486012697219848633e-01,-9.729802608489990234e-02,-4.747630357742309570e-01,4.629568755626678467e-01,2.204723209142684937e-01,5.282802581787109375e-01,2.013423293828964233e-01,-2.127189040184020996e-01,-4.591079056262969971e-01,-6.525596976280212402e-01,-1.484344452619552612e-01,1.767978072166442871e-02,-2.140203490853309631e-02,5.801445618271827698e-02,4.872500430792570114e-03,4.575549960136413574e-01,4.961678292602300644e-03,1.155894622206687927e-02,-5.624544024467468262e-01,3.175042867660522461e-01,2.301952242851257324e-02,-5.066133737564086914e-01,-6.723590493202209473e-01,-4.868694767355918884e-02,1.569941043853759766e-01,2.467298321425914764e-02,1.522677242755889893e-01,3.699852898716926575e-02,-1.886905729770660400e-01,2.297036647796630859e-01,4.507684707641601562e-01,-5.496919155120849609e-01,-9.695929288864135742e-02,-3.908792734146118164e-01,-8.297749795019626617e-03,-3.741553425788879395e-01,6.321271061897277832e-01,-1.560597568750381470e-01,-4.769441485404968262e-01,-7.679990376345813274e-04,5.952171087265014648e-01,-4.268458783626556396e-01,-5.584736466407775879e-01,6.879636645317077637e-01,7.942438242025673389e-04,-4.800490140914916992e-01,-8.411908638663589954e-04,-3.854478597640991211e-01,-5.890579819679260254e-01,1.104279533028602600e-01,3.444081638008356094e-03,4.099760353565216064e-01,4.434093534946441650e-01,-1.340408921241760254e-01,-4.442713558673858643e-01,-6.056997179985046387e-01,4.034531712532043457e-01,-6.022126674652099609e-01,1.334506422281265259e-01,3.425393402576446533e-01,-7.404154985124478117e-06,-3.380722701549530029e-01,3.155940473079681396e-01,-1.803524345159530640e-01,-1.261320412158966064e-01,-7.027317285537719727e-01,-4.824832677841186523e-01,7.035120129585266113e-01,3.338252007961273193e-01,-7.398579120635986328e-01,-5.037018060684204102e-01,2.153040468692779541e-01,-3.227503970265388489e-02,6.233722567558288574e-01,-6.877861618995666504e-01,-6.336267590522766113e-01,5.616698861122131348e-01,5.624253153800964355e-01,-5.714963674545288086e-01,2.904585190117359161e-02,2.816378176212310791e-01,-5.589450597763061523e-01,5.296718478202819824e-01,4.777424335479736328e-01,5.889136195182800293e-01,6.028999090194702148e-01,-4.351151883602142334e-01,-5.041047334671020508e-01,-5.631310939788818359e-01,-2.212017029523849487e-02,3.501776754856109619e-01
3.852460384368896484e-01,3.981744870543479919e-02,-3.521789312362670898e-01,1.213566884398460388e-01,5.646830797195434570e-01,-2.926529049873352051e-01,3.278687968850135803e-02,5.721345543861389160e-01,2.633035182952880859e-01,2.781101465225219727e-01,-1.483397483825683594e-01,-3.007408380508422852e-01,3.205686509609222412e-01,2.697512507438659668e-01,3.419079780578613281e-01,6.565622687339782715e-01,-7.399050053209066391e-03,2.871606945991516113e-01,-2.486291527748107910e-01,-2.749515771865844727e-01,-1.671927422285079956e-01,5.332508310675621033e-02,1.916114985942840576e-01,-6.421967595815658569e-02,6.502149999141693115e-02,5.681557059288024902e-01,-3.750819563865661621e-01,-5.447720289230346680e-01,5.088704824447631836e-01,-3.171664774417877197e-01,-6.448993831872940063e-02,-4.131574034690856934e-01,9.833513200283050537e-02,3.324621021747589111e-01,-3.218647465109825134e-02,-4.927585721015930176e-01,3.668057620525360107e-01,4.336706399917602539e-01,-6.719228029251098633e-01,-4.381074905395507812e-01,4.758469164371490479e-01,9.197045117616653442e-02,3.090394735336303711e-01,1.422874927520751953e-01,4.618386179208755493e-02,-2.358510345220565796e-01,-3.811140358448028564e-01,-1.354211419820785522e-01,4.535163193941116333e-02,-3.484614565968513489e-02,-1.303691416978836060e-01,-3.971486389636993408e-01,3.367943465709686279e-01,-4.964914917945861816e-02,-2.285944074392318726e-01,-5.823939442634582520e-01,2.300704121589660645e-01,2.237002551555633545e-02,-2.383975982666015625e-01,-1.151058226823806763e-01,-1.199705339968204498e-02,-1.506879832595586777e-02,1.929275575093924999e-03,2.826212346553802490e-01,6.929829716682434082e-02,-1.302460432052612305e-01,-4.289429634809494019e-02,5.837730765342712402e-01,-4.362807869911193848e-01,4.915159344673156738e-01,-5.778737664222717285e-01,-7.495925575494766235e-02,-1.842032745480537415e-02,3.505741059780120850e-01,-2.340946346521377563e-01,-5.253929495811462402e-01,-2.088254783302545547e-03,4.639974534511566162e-01,-4.119936376810073853e-02,-3.927899003028869629e-01,4.160610139369964600e-01,4.501222865656018257e-04,-5.131637454032897949e-01,-5.344341509044170380e-03,-6.381198763847351074e-01,-2.537456452846527100e-01,5.346986055374145508e-01,9.602170437574386597e-03,1.988382786512374878e-01,4.451437592506408691e-01,-1.704735457897186279e-01,2.185115665197372437e-01,-2.066424340009689331e-01,-1.012896932661533356e-02,-3.841425776481628418e-01,-3.741744160652160645e-01,3.763253688812255859e-01,-2.142463017662521452e-05,-4.725645780563354492e-01,5.466305613517761230e-01,-4.898673892021179199e-01,5.296033620834350586e-01,-3.786014616489410400e-01,-5.077735781669616699e-01,3.822179436683654785e-01,-7.592064328491687775e-03,-9.047861397266387939e-02,-3.718755245208740234e-01,-4.417646527290344238e-01,7.691378705203533173e-03,1.027098521590232849e-01,-1.250355243682861328e-01,-3.602618575096130371e-01,1.743050664663314819e-02,5.268823504447937012e-01,-4.125471115112304688e-01,5.375901460647583008e-01,1.308286786079406738e-01,-5.648446679115295410e-01,7.625693082809448242e-02,1.948543488979339600e-01,3.157540559768676758e-01,3.242059350013732910e-01,2.490682713687419891e-02,-2.522053420543670654e-01,-6.861083209514617920e-02,3.982411697506904602e-03,4.231300652027130127e-01
-3.200236260890960693e-01,-7.034723181277513504e-03,-3.947134315967559814e-02,1.383422166109085083e-01,-2.926529049873352051e-01,3.033770620822906494e-01,2.073857001960277557e-02,-3.747881054878234863e-01,-1.006489843130111694e-01,5.434321356005966663e-04,1.230003088712692261e-01,1.059913262724876404e-01,1.033974718302488327e-02,2.164039760828018188e-02,2.267807163298130035e-02,-2.325391024351119995e-01,-1.503448234871029854e-03,-5.497184023261070251e-02,-6.095844879746437073e-02,-1.779735088348388672e-02,3.404889255762100220e-02,1.324211359024047852e-01,1.134394556283950806e-01,-3.727443143725395203e-02,-1.560489833354949951e-02,-2.305801808834075928e-01,-4.997068550437688828e-03,3.516836166381835938e-01,-5.890827998518943787e-02,7.498053461313247681e-02,1.761883050203323364e-01,3.172195330262184143e-02,8.309870213270187378e-02,2.133844234049320221e-02,1.251150760799646378e-02,8.596205711364746094e-02,-8.970168232917785645e-02,-6.579995900392532349e-02,3.008216917514801025e-01,1.758702546358108521e-01,-2.176567614078521729e-01,-3.475787118077278137e-02,5.292129889130592346e-02,-3.109186189249157906e-03,5.713957943953573704e-04,-1.299122124910354614e-01,1.159530319273471832e-02,5.542800575494766235e-02,-9.188951551914215088e-02,-9.907181374728679657e-03,1.466913968324661255e-01,1.443013548851013184e-01,-1.579299122095108032e-01,6.760765612125396729e-02,4.889886453747749329e-02,1.164358481764793396e-01,-9.710319340229034424e-02,-4.448186140507459641e-03,-3.985327854752540588e-02,-1.193575859069824219e-01,5.473715439438819885e-02,1.037465408444404602e-02,5.244888365268707275e-03,-1.640232801437377930e-01,-1.076829656958580017e-01,1.993573457002639771e-02,2.057847529649734497e-01,-1.679962873458862305e-01,8.735273033380508423e-02,-2.818318307399749756e-01,2.051524966955184937e-01,-1.589325815439224243e-01,-3.264711797237396240e-02,9.595527080819010735e-04,1.948108375072479248e-01,1.635382026433944702e-01,1.723166351439431310e-04,-1.665589399635791779e-02,-7.727195974439382553e-03,5.156394839286804199e-02,-5.558848381042480469e-02,1.580665775691159070e-05,1.113547459244728088e-01,-1.800236059352755547e-04,3.038028776645660400e-01,-9.656539559364318848e-02,-2.190299183130264282e-01,-3.556746989488601685e-03,5.258817225694656372e-02,-1.233008578419685364e-01,1.088981479406356812e-01,-2.394593507051467896e-01,-3.510144352912902832e-02,1.020611524581909180e-01,8.060215413570404053e-02,2.773413956165313721e-01,-4.617990925908088684e-02,1.381039237458026037e-05,1.322484165430068970e-01,-2.380363047122955322e-01,2.249406576156616211e-01,-3.236776888370513916e-01,2.706335484981536865e-02,1.277451813220977783e-01,2.312365360558032990e-02,2.977611869573593140e-02,-1.430137604475021362e-01,4.534065257757902145e-03,3.606815934181213379e-01,-1.068233605474233627e-02,8.629009872674942017e-02,-1.713493168354034424e-01,2.987191267311573029e-02,1.309656351804733276e-01,-8.248031884431838989e-02,6.278937309980392456e-02,-2.718212306499481201e-01,5.894169956445693970e-02,1.443164348602294922e-01,8.707185834646224976e-02,1.062102988362312317e-01,-6.107101216912269592e-02,-1.852401159703731537e-02,-1.838111728429794312e-01,-1.472721621394157410e-02,-1.441666781902313232e-01,-1.966461353003978729e-02,-1.278997808694839478e-01
1.126745995134115219e-02,3.293069079518318176e-03,-5.747109279036521912e-02,6.341221928596496582e-02,3.278687968850135803e-02,2.073857001960277557e-02,3.337670862674713135e-02,2.742035500705242157e-02,-4.553625360131263733e-03,4.142415896058082581e-02,-4.188197851181030273e-02,-1.713068783283233643e-02,1.847100816667079926e-02,3.276981785893440247e-02,4.014942422509193420e-02,2.750440314412117004e-02,-1.076107146218419075e-03,3.578384965658187866e-02,-6.543723493814468384e-02,-4.604120180010795593e-02,-2.496847696602344513e-02,2.317046746611595154e-02,4.762071743607521057e-02,-1.652910257689654827e-03,6.205721292644739151e-03,1.267164759337902069e-02,-3.202595189213752747e-02,-2.721041906625032425e-03,4.996992647647857666e-02,-2.511974610388278961e-02,1.315651182085275650e-02,-3.762597963213920593e-02,5.594656243920326233e-02,5.333208292722702026e-02,-2.844052505679428577e-04,-2.427206933498382568e-02,2.795034460723400116e-02,4.638521745800971985e-02,-1.917433738708496094e-02,-6.573563069105148315e-02,3.928751498460769653e-02,2.199748530983924866e-02,4.683234542608261108e-02,1.824539527297019958e-02,-1.965990103781223297e-02,-2.552898973226547241e-02,-6.228224933147430420e-02,-1.390903815627098083e-02,1.847009290941059589e-03,1.339793670922517776e-02,1.350398361682891846e-02,-2.662188373506069183e-02,4.526611417531967163e-02,3.755283309146761894e-03,-6.330213043838739395e-03,-5.529832839965820312e-02,2.634433656930923462e-02,1.790266716852784157e-03,-4.763128980994224548e-02,-4.619864001870155334e-02,-1.045542582869529724e-02,6.124722771346569061e-03,1.655356027185916901e-03,2.050553448498249054e-02,4.212757106870412827e-03,-1.293556857854127884e-02,6.410041823983192444e-04,4.255282878875732422e-02,-3.507829457521438599e-02,9.837984107434749603e-03,-5.245967581868171692e-02,-1.984199741855263710e-03,-1.183408871293067932e-02,3.583142906427383423e-02,-2.949308231472969055e-02,-6.193438544869422913e-02,1.044471719069406390e-04,4.976848140358924866e-02,-4.190788790583610535e-02,-3.341396525502204895e-02,6.140595301985740662e-02,4.448989784577861428e-05,-4.525995999574661255e-02,-6.101696053519845009e-04,-5.168184265494346619e-02,-3.038363158702850342e-02,3.785072267055511475e-02,2.001700486289337277e-04,6.613924633711576462e-03,3.857238590717315674e-02,-3.175672516226768494e-02,-2.387035638093948364e-02,-4.744489118456840515e-02,1.835426688194274902e-02,-5.331825464963912964e-02,-1.549235079437494278e-02,5.128793790936470032e-02,-2.444827032377361320e-06,-1.897240616381168365e-02,3.787455335259437561e-02,-3.651424124836921692e-02,-1.032517524436116219e-03,-4.427783936262130737e-02,-4.126955941319465637e-02,6.350541114807128906e-02,6.085179746150970459e-02,-5.673816055059432983e-02,-3.142716363072395325e-02,6.219193339347839355e-03,-2.341236977372318506e-04,1.156576070934534073e-02,-5.873106047511100769e-02,-4.421146586537361145e-02,4.377814382314682007e-02,6.383256614208221436e-02,-4.308534786105155945e-02,4.008657764643430710e-03,2.629398927092552185e-02,-5.993863940238952637e-02,3.368806838989257812e-02,4.020867496728897095e-02,4.752745851874351501e-02,4.436771571636199951e-02,-1.780929602682590485e-02,-3.426242247223854065e-02,-2.832483872771263123e-02,-7.268477231264114380e-03,5.414872244000434875e-02
4.698620140552520752e-01,1.527435611933469772e-02,-1.045056432485580444e-01,-1.004569903016090393e-01,5.721345543861389160e-01,-3.747881054878234863e-01,2.742035500705242157e-02,7.227118611335754395e-01,6.779704242944717407e-02,8.067031204700469971e-02,-1.481738984584808350e-01,-2.488081157207489014e-01,1.293882131576538086e-01,6.420169025659561157e-02,1.115374565124511719e-01,4.934488236904144287e-01,-1.897782436572015285e-03,1.495850682258605957e-01,9.557904675602912903e-03,-8.219338953495025635e-02,5.511312559247016907e-02,-1.223414763808250427e-01,-3.437754884362220764e-02,-1.697689481079578400e-02,3.661183267831802368e-02,4.480357766151428223e-01,-1.606101095676422119e-01,-6.388943791389465332e-01,3.658923804759979248e-01,-2.788692414760589600e-01,-2.191982716321945190e-01,-1.420534998178482056e-01,-1.528757810592651367e-01,1.679761707782745361e-01,-3.732195124030113220e-02,-2.821119129657745361e-01,2.524690926074981689e-01,2.424579411745071411e-01,-6.630064845085144043e-01,-3.508047759532928467e-01,3.447645008563995361e-01,3.082219883799552917e-02,7.422418892383575439e-02,7.484846562147140503e-02,1.472299396991729736e-01,-1.291449461132287979e-02,-1.660504341125488281e-01,-1.039180010557174683e-01,6.768274307250976562e-02,-9.765467047691345215e-02,-2.100324481725692749e-01,-4.755717813968658447e-01,2.230636626482009888e-01,-9.193922579288482666e-02,-2.378532737493515015e-01,-3.801745176315307617e-01,1.953691542148590088e-01,1.691619493067264557e-02,2.668690402060747147e-03,1.378916501998901367e-01,-1.992719620466232300e-02,-6.994611769914627075e-02,-8.648945018649101257e-03,2.268903702497482300e-01,8.243483304977416992e-02,-6.444567441940307617e-02,-2.564040124416351318e-01,4.191474914550781250e-01,-2.441953271627426147e-01,5.757213830947875977e-01,-4.953135251998901367e-01,-3.369781374931335449e-02,1.225801184773445129e-01,1.287657916545867920e-01,-1.910073310136795044e-01,-3.714657723903656006e-01,-1.379260793328285217e-03,2.450412809848785400e-01,6.992491334676742554e-02,-1.857471913099288940e-01,1.908629536628723145e-01,1.998197258217260242e-04,-3.580612242221832275e-01,-4.858552478253841400e-03,-5.407353043556213379e-01,-2.261976944282650948e-03,5.407994985580444336e-01,9.319638833403587341e-03,-2.959324605762958527e-02,3.368175923824310303e-01,-1.631890982389450073e-01,4.795331060886383057e-01,2.141941897571086884e-02,-1.807157248258590698e-01,-1.845311075448989868e-01,-5.044117569923400879e-01,2.541606426239013672e-01,-2.388427674304693937e-05,-3.610041141510009766e-01,4.612130522727966309e-01,-5.409387350082397461e-01,6.269362568855285645e-01,-1.256880164146423340e-01,-3.534963726997375488e-01,9.638687968254089355e-02,-3.753010556101799011e-02,2.201927602291107178e-01,-1.565019637346267700e-01,-6.008107662200927734e-01,2.476806007325649261e-02,-1.565019935369491577e-01,1.383267939090728760e-01,-1.508377194404602051e-01,-1.368713378906250000e-01,3.395143747329711914e-01,-2.028312981128692627e-01,5.556766390800476074e-01,3.822895511984825134e-02,-3.878255188465118408e-01,-1.383673399686813354e-01,-3.347914293408393860e-02,1.253551244735717773e-01,8.919014781713485718e-02,2.804626226425170898e-01,-1.213850155472755432e-01,1.806534677743911743e-01,2.964299730956554413e-02,3.472491502761840820e-01
1.461181044578552246e-01,5.992808565497398376e-02,-5.572037100791931152e-01,4.630627632141113281e-01,2.633035182952880859e-01,-1.006489843130111694e-01,-4.553625360131263733e-03,6.779704242944717407e-02,5.763647556304931641e-01,4.676097333431243896e-01,-1.614437401294708252e-01,-3.106455504894256592e-01,3.507531285285949707e-01,5.431253314018249512e-01,5.622547864913940430e-01,5.766354799270629883e-01,-9.050264023244380951e-03,3.192285299301147461e-01,-5.704280138015747070e-01,-4.947393238544464111e-01,-5.727666020393371582e-01,3.483687937259674072e-01,4.315360486507415771e-01,-1.027995944023132324e-01,9.732083231210708618e-02,4.776198863983154297e-01,-4.998493790626525879e-01,-8.638040721416473389e-02,4.169284999370574951e-01,-1.326601505279541016e-01,1.077813878655433655e-01,-7.080131173133850098e-01,4.858874082565307617e-01,4.825807809829711914e-01,-8.316931314766407013e-03,-5.687796473503112793e-01,3.894899189472198486e-01,5.443565249443054199e-01,-2.619168758392333984e-01,-4.736892282962799072e-01,5.569480061531066895e-01,2.014119327068328857e-01,4.554866850376129150e-01,1.782774478197097778e-01,-2.010260820388793945e-01,-3.852154910564422607e-01,-5.682271718978881836e-01,-1.464197784662246704e-01,8.455914258956909180e-02,-1.031574979424476624e-02,-3.162897378206253052e-02,-3.188570961356163025e-02,4.928324222564697266e-01,-3.680064156651496887e-02,-1.898297481238842010e-02,-5.889266133308410645e-01,3.003607392311096191e-01,2.232361771166324615e-02,-4.537662863731384277e-01,-5.176976323127746582e-01,-7.085067033767700195e-02,1.565769016742706299e-01,1.946509443223476410e-02,2.670255303382873535e-01,1.033090502023696899e-01,-1.876221895217895508e-01,1.458672434091567993e-01,5.313017368316650391e-01,-5.909028649330139160e-01,8.818539232015609741e-02,-4.462637305259704590e-01,6.918120384216308594e-02,-3.447163701057434082e-01,5.924293398857116699e-01,-2.588654756546020508e-01,-5.195482969284057617e-01,-1.354369567707180977e-03,5.619006752967834473e-01,-3.236777484416961670e-01,-5.736895799636840820e-01,6.507105231285095215e-01,7.054223679006099701e-04,-4.952969253063201904e-01,-2.338055055588483810e-04,-5.121862292289733887e-01,-5.045758485794067383e-01,2.203927338123321533e-01,5.521215032786130905e-03,4.424400627613067627e-01,4.642842411994934082e-01,-1.359844058752059937e-01,-2.864391505718231201e-01,-5.368332266807556152e-01,3.312581479549407959e-01,-5.866991281509399414e-01,-1.576380804181098938e-02,2.913054227828979492e-01,-1.206692104460671544e-05,-4.207950234413146973e-01,4.272839128971099854e-01,-2.483255565166473389e-01,1.097890511155128479e-01,-6.774702072143554688e-01,-5.235002636909484863e-01,6.612407565116882324e-01,1.393674015998840332e-01,-6.121795773506164551e-01,-4.915637671947479248e-01,-2.130530588328838348e-02,-2.773687615990638733e-02,5.865440368652343750e-01,-5.206033587455749512e-01,-5.863193273544311523e-01,3.928501009941101074e-01,5.192179679870605469e-01,-5.849579572677612305e-01,2.146768122911453247e-01,1.976153999567031860e-01,-5.796690583229064941e-01,4.217919111251831055e-01,3.643238842487335205e-01,5.714688301086425781e-01,5.694332122802734375e-01,-3.157520890235900879e-01,-4.274922609329223633e-01,-4.509727060794830322e-01,-3.162664361298084259e-04,3.736712038516998291e-01
6.411710381507873535e-02,5.944267660379409790e-02,-6.390324831008911133e-01,4.984031319618225098e-01,2.781101465225219727e-01,5.434321356005966663e-04,4.142415896058082581e-02,8.067031204700469971e-02,4.676097333431243896e-01,5.042352676391601562e-01,-8.998627215623855591e-02,-3.015747070312500000e-01,4.630435407161712646e-01,5.555317401885986328e-01,6.110092997550964355e-01,6.236852407455444336e-01,-1.290292199701070786e-02,3.449419140815734863e-01,-6.114726066589355469e-01,-5.280405879020690918e-01,-4.715041518211364746e-01,3.718606829643249512e-01,5.156986713409423828e-01,-1.544951498508453369e-01,9.368321299552917480e-02,5.076342225074768066e-01,-5.957256555557250977e-01,-1.091161519289016724e-01,5.617340803146362305e-01,-2.408689409494400024e-01,1.889088600873947144e-01,-7.308306694030761719e-01,4.693503379821777344e-01,5.567625761032104492e-01,-1.419852208346128464e-02,-6.430400609970092773e-01,4.207915365695953369e-01,5.925683975219726562e-01,-3.514035344123840332e-01,-4.391124844551086426e-01,4.922632575035095215e-01,1.548443287611007690e-01,5.529730916023254395e-01,2.057394683361053467e-01,-1.124863848090171814e-01,-5.317643880844116211e-01,-6.128726005554199219e-01,-1.236694678664207458e-01,1.824246160686016083e-02,-3.284327685832977295e-02,3.792203962802886963e-02,-1.434089541435241699e-01,4.120230674743652344e-01,5.710049532353878021e-03,-1.178019717335700989e-01,-6.837389469146728516e-01,2.501920461654663086e-01,2.470887638628482819e-02,-5.034677982330322266e-01,-5.124224424362182617e-01,-1.678140833973884583e-02,1.102137044072151184e-01,1.862540096044540405e-02,2.340571433305740356e-01,2.157798223197460175e-02,-1.918761283159255981e-01,2.552739679813385010e-01,5.949146747589111328e-01,-6.139048933982849121e-01,1.311905086040496826e-01,-4.961036443710327148e-01,-1.425841152667999268e-01,-2.740896940231323242e-01,6.212449073791503906e-01,-1.675461232662200928e-01,-5.561208128929138184e-01,-2.101126126945018768e-03,6.674245595932006836e-01,-2.396477907896041870e-01,-6.007463335990905762e-01,6.669344305992126465e-01,7.566587300971150398e-04,-5.601633191108703613e-01,-3.830875968560576439e-03,-4.969118237495422363e-01,-5.768926143646240234e-01,3.080306053161621094e-01,6.647558417171239853e-03,4.923989176750183105e-01,4.852119982242584229e-01,-9.518461674451828003e-02,-2.710812091827392578e-01,-5.338120460510253906e-01,3.134774565696716309e-01,-5.775536298751831055e-01,-7.366849109530448914e-03,3.781109750270843506e-01,-1.044891632773214951e-05,-4.652813374996185303e-01,4.356578886508941650e-01,-2.839978635311126709e-01,1.402661800384521484e-01,-6.782693266868591309e-01,-5.715018510818481445e-01,7.420493364334106445e-01,7.964327186346054077e-02,-6.074566841125488281e-01,-5.705741047859191895e-01,2.601974084973335266e-02,-2.367794886231422424e-02,5.348870754241943359e-01,-5.874633193016052246e-01,-5.889191031455993652e-01,3.907124996185302734e-01,6.096588969230651855e-01,-6.099782586097717285e-01,2.524219751358032227e-01,2.626245617866516113e-01,-6.320747137069702148e-01,4.020210802555084229e-01,4.571950435638427734e-01,5.336855649948120117e-01,5.722337365150451660e-01,-3.547911345958709717e-01,-4.509923756122589111e-01,-4.716238975524902344e-01,-1.493733283132314682e-02,4.230628311634063721e-01
-2.245419770479202271e-01,-1.067104004323482513e-02,7.638867199420928955e-02,-1.772516220808029175e-01,-1.483397483825683594e-01,1.230003088712692261e-01,-4.188197851181030273e-02,-1.481738984584808350e-01,-1.614437401294708252e-01,-8.998627215623855591e-02,3.426320552825927734e-01,9.611767530441284180e-02,1.525122970342636108e-01,-9.638234227895736694e-02,-6.516229361295700073e-02,-6.390117108821868896e-02,-2.647986402735114098e-03,-8.099246770143508911e-02,2.017749249935150146e-01,1.200743839144706726e-01,2.860111892223358154e-01,-2.118902094662189484e-02,-2.210375107824802399e-02,-9.284176677465438843e-02,-3.266499936580657959e-02,-2.078573405742645264e-02,-4.511931538581848145e-02,1.163275726139545441e-02,4.110074415802955627e-02,-7.390904426574707031e-02,1.493434160947799683e-01,1.274485290050506592e-01,-2.507402002811431885e-01,-9.505854547023773193e-02,-9.450359269976615906e-03,-2.991245873272418976e-02,-5.663980543613433838e-02,-1.091285124421119690e-01,-4.980244114995002747e-02,3.584420979022979736e-01,-3.105873167514801025e-01,-1.785120368003845215e-01,1.549706235527992249e-02,-1.803288236260414124e-02,2.471018731594085693e-01,-1.975251883268356323e-01,1.807020604610443115e-01,9.739442169666290283e-02,-1.532766222953796387e-01,-8.732093870639801025e-02,9.496578574180603027e-02,-6.575553864240646362e-02,-3.628039360046386719e-01,8.849785476922988892e-02,-1.578839272260665894e-01,8.502499759197235107e-02,-2.163404971361160278e-01,-3.024544799700379372e-03,8.259076625108718872e-02,1.647583693265914917e-01,1.598916351795196533e-01,-1.143878996372222900e-01,-6.672573741525411606e-03,-1.734191775321960449e-01,-1.790629029273986816e-01,4.112205281853675842e-02,2.537365555763244629e-01,-8.128760755062103271e-02,9.890424460172653198e-02,-4.187168087810277939e-03,1.665758490562438965e-01,-4.159134328365325928e-01,1.599199622869491577e-01,-8.225209265947341919e-02,3.301711082458496094e-01,2.230642437934875488e-01,-2.088842913508415222e-03,-1.808129809796810150e-02,3.305248320102691650e-01,9.018361568450927734e-02,-2.615887522697448730e-01,-5.384315591072663665e-05,6.864181160926818848e-02,-4.633845295757055283e-03,2.896030843257904053e-01,-5.226028338074684143e-02,-2.632761001586914062e-02,9.997319430112838745e-04,8.798813819885253906e-02,-1.273300051689147949e-01,2.258156985044479370e-01,8.420741558074951172e-02,1.934056431055068970e-01,-9.404768794775009155e-02,2.439246922731399536e-01,1.171832978725433350e-01,-5.031438171863555908e-02,1.520028854429256171e-05,-7.780467625707387924e-03,-1.681214272975921631e-01,1.285221278667449951e-01,1.522278040647506714e-02,1.866537779569625854e-01,1.003439202904701233e-01,-1.332140713930130005e-01,-3.728663921356201172e-01,2.466877996921539307e-01,-2.489587105810642242e-02,9.982431679964065552e-02,5.991828627884387970e-03,-1.131675168871879578e-01,1.072135195136070251e-01,1.857179999351501465e-01,-1.753583997488021851e-01,-1.126438826322555542e-01,1.448426246643066406e-01,4.355262592434883118e-02,1.254734303802251816e-02,1.805781275033950806e-01,-1.500104814767837524e-01,5.357547476887702942e-02,-2.645387649536132812e-01,-1.563056707382202148e-01,-4.946480691432952881e-02,9.532186388969421387e-02,4.503533989191055298e-02,-1.841336605139076710e-03,-1.687416732311248779e-01
-1.599390655755996704e-01,-3.657045960426330566e-02,3.939665257930755615e-01,-2.747981548309326172e-01,-3.007408380508422852e-01,1.059913262724876404e-01,-1.713068783283233643e-02,-2.488081157207489014e-01,-3.106455504894256592e-01,-3.015747070312500000e-01,9.611767530441284180e-02,2.601029574871063232e-01,-2.694261372089385986e-01,-3.624954223632812500e-01,-3.961200714111328125e-01,-5.140483379364013672e-01,6.409027148038148880e-03,-2.220561057329177856e-01,3.449669778347015381e-01,3.305550515651702881e-01,2.715257704257965088e-01,-2.036693692207336426e-01,-2.822076678276062012e-01,8.866211026906967163e-02,-6.621316820383071899e-02,-4.089305996894836426e-01,3.782045543193817139e-01,2.187217026948928833e-01,-4.249548912048339844e-01,1.723513156175613403e-01,-2.644440531730651855e-02,4.799294173717498779e-01,-2.186487317085266113e-01,-3.841914832592010498e-01,1.925305835902690887e-02,4.528334736824035645e-01,-3.049580752849578857e-01,-4.121094048023223877e-01,3.917623162269592285e-01,3.654769062995910645e-01,-3.913666307926177979e-01,-1.053134053945541382e-01,-3.186444938182830811e-01,-1.374504715204238892e-01,2.188982442021369934e-02,2.972203493118286133e-01,4.125085771083831787e-01,1.054268032312393188e-01,-3.518658503890037537e-02,8.884800225496292114e-02,6.534387171268463135e-02,2.003542333841323853e-01,-3.146427571773529053e-01,3.673236817121505737e-02,1.158977448940277100e-01,5.072090625762939453e-01,-2.310603559017181396e-01,-1.970442011952400208e-02,2.577758729457855225e-01,2.764168083667755127e-01,2.060385420918464661e-02,-5.409390106797218323e-02,-8.538419380784034729e-03,-1.748330891132354736e-01,-4.473930597305297852e-02,1.288611143827438354e-01,-4.128558188676834106e-02,-4.562540948390960693e-01,4.335774779319763184e-01,-2.108094990253448486e-01,4.242346286773681641e-01,6.769206374883651733e-02,1.481537073850631714e-01,-4.204675555229187012e-01,1.286064535379409790e-01,4.075388908386230469e-01,1.420886954292654991e-03,-4.623716175556182861e-01,1.411913633346557617e-01,4.122872054576873779e-01,-4.588030278682708740e-01,-5.262314225547015667e-04,4.253611266613006592e-01,2.757394686341285706e-03,4.410330951213836670e-01,3.424741327762603760e-01,-2.974520027637481689e-01,-6.382400635629892349e-03,-2.578898370265960693e-01,-3.840963542461395264e-01,9.586755186319351196e-02,1.448657270520925522e-02,3.053621053695678711e-01,-1.440624147653579712e-01,3.914456665515899658e-01,1.311610937118530273e-01,-2.532890439033508301e-01,1.205388070957269520e-05,3.692155182361602783e-01,-3.656182289123535156e-01,3.238258063793182373e-01,-2.422745823860168457e-01,4.563587307929992676e-01,4.316984415054321289e-01,-4.472229182720184326e-01,-6.512379646301269531e-02,2.879157364368438721e-01,3.625452220439910889e-01,1.474958509206771851e-01,8.079318329691886902e-03,-2.961243093013763428e-01,3.039756119251251221e-01,4.039554297924041748e-01,-2.270367890596389771e-01,-4.467832148075103760e-01,4.116395115852355957e-01,-2.914977669715881348e-01,-1.601837575435638428e-01,4.777414798736572266e-01,-2.042900621891021729e-01,-2.316419631242752075e-01,-3.593444824218750000e-01,-3.598165214061737061e-01,1.154244095087051392e-01,3.256528973579406738e-01,2.285806983709335327e-01,-1.205679960548877716e-02,-3.188849091529846191e-01
