3.922095894813537598e-01,1.020590122789144516e-02,-9.954011067748069763e-03,-7.348186522722244263e-02,3.522346317768096924e-01,-2.923736870288848877e-01,1.010594516992568970e-02,4.528865814208984375e-01,1.170846223831176758e-01,3.458793088793754578e-02,-2.106869071722030640e-01,-1.349566429853439331e-01,-3.240605816245079041e-02,1.940521970391273499e-02,2.737738750874996185e-02,2.717594504356384277e-01,1.524381223134696484e-03,8.164114505052566528e-02,1.705684931948781013e-03,-4.368445277214050293e-02,-9.093402326107025146e-02,-1.217109113931655884e-01,-8.931234478950500488e-02,6.359694153070449829e-02,2.432393841445446014e-02,2.377691715955734253e-01,-1.542187761515378952e-02,-3.790298104286193848e-01,9.699051827192306519e-02,-9.275971353054046631e-02,-2.076426595449447632e-01,-7.797300815582275391e-02,-2.112160623073577881e-02,5.127844214439392090e-02,-1.271955668926239014e-02,-9.701302647590637207e-02,1.160501241683959961e-01,1.088615059852600098e-01,-3.238815367221832275e-01,-3.156896233558654785e-01,2.899218797683715820e-01,9.052199125289916992e-02,-2.603327669203281403e-02,2.111204713582992554e-02,-3.915508836507797241e-02,1.362712383270263672e-01,-8.370435982942581177e-02,-8.664697408676147461e-02,1.184851750731468201e-01,1.686644926667213440e-02,-1.667356491088867188e-01,-1.791203320026397705e-01,2.590063810348510742e-01,-8.439899235963821411e-02,-2.701473049819469452e-02,-1.855519115924835205e-01,1.593748629093170166e-01,6.417326163500547409e-03,1.175821665674448013e-02,6.683284789323806763e-02,-8.110554516315460205e-02,1.002646051347255707e-02,-3.162095556035637856e-03,2.030330300331115723e-01,1.363763809204101562e-01,-3.217549622058868408e-02,-2.861542403697967529e-01,2.242253124713897705e-01,-1.285506784915924072e-01,3.023543357849121094e-01,-2.842464148998260498e-01,2.144895792007446289e-01,9.636457078158855438e-03,3.167970851063728333e-02,-2.592461109161376953e-01,-2.598261237144470215e-01,2.360282524023205042e-04,6.306526064872741699e-02,-6.303645670413970947e-02,-7.607841491699218750e-02,1.396818310022354126e-01,2.600231346150394529e-05,-1.721412688493728638e-01,4.077241756021976471e-04,-3.978479802608489990e-01,8.593147993087768555e-02,2.774793505668640137e-01,3.715712111443281174e-03,-7.911878824234008789e-02,1.769929975271224976e-01,-1.788275688886642456e-01,2.482091188430786133e-01,-9.101015515625476837e-03,-9.417558461427688599e-02,-1.451245546340942383e-01,-3.246207833290100098e-01,1.133657470345497131e-01,-1.953786340891383588e-05,-1.553035378456115723e-01,2.781823277473449707e-01,-2.871385216712951660e-01,3.412183225154876709e-01,-7.714127749204635620e-02,-1.737880557775497437e-01,2.450507879257202148e-02,1.079666018486022949e-01,8.176361769437789917e-02,-1.375927031040191650e-02,-3.946500122547149658e-01,1.147968787699937820e-02,-6.581871211528778076e-02,1.223134621977806091e-01,-9.254306554794311523e-02,-7.071849703788757324e-02,1.623063832521438599e-01,-1.203994378447532654e-01,2.816844284534454346e-01,-4.228831455111503601e-02,-2.392590343952178955e-01,-4.637590050697326660e-02,-9.065327793359756470e-02,1.358823925256729126e-01,8.181730657815933228e-02,2.013940662145614624e-01,-3.685944899916648865e-02,1.258565634489059448e-01,1.542247179895639420e-02,1.999405175447463989e-01
1.020590122789144516e-02,7.113538682460784912e-03,-7.155688107013702393e-02,5.129157751798629761e-02,3.912487626075744629e-02,-5.070587154477834702e-03,4.108869004994630814e-03,1.272501517087221146e-02,5.597790330648422241e-02,5.536553636193275452e-02,-8.670917712152004242e-03,-3.615427389740943909e-02,5.501014739274978638e-02,5.894028767943382263e-02,6.821750849485397339e-02,7.560079544782638550e-02,-1.386568415910005569e-03,4.584433510899543762e-02,-6.592421233654022217e-02,-5.565191432833671570e-02,-5.163324624300003052e-02,4.271057620644569397e-02,5.347155779600143433e-02,-1.262561604380607605e-02,1.035537850111722946e-02,6.319110095500946045e-02,-6.715971976518630981e-02,-1.876948215067386627e-02,6.384090334177017212e-02,-2.213243022561073303e-02,1.261399406939744949e-02,-8.279488980770111084e-02,4.888796806335449219e-02,5.555306747555732727e-02,-1.897896290756762028e-03,-7.540892064571380615e-02,4.918422549962997437e-02,6.677915155887603760e-02,-4.848764091730117798e-02,-4.701325669884681702e-02,6.014574691653251648e-02,1.517266314476728439e-02,6.285111606121063232e-02,2.207150682806968689e-02,-1.279288157820701599e-02,-6.018538773059844971e-02,-6.803820282220840454e-02,-1.461716927587985992e-02,5.498767830431461334e-03,-3.748732386156916618e-03,-3.858401905745267868e-04,-1.695659570395946503e-02,4.522563144564628601e-02,1.360665308311581612e-03,-1.341833733022212982e-02,-7.842598110437393188e-02,2.870313078165054321e-02,2.887149807065725327e-03,-5.527578294277191162e-02,-5.506191030144691467e-02,-1.841303659602999687e-03,1.024924591183662415e-02,1.836239476688206196e-03,2.372845448553562164e-02,4.231950733810663223e-03,-2.172913961112499237e-02,2.529817260801792145e-02,7.090953737497329712e-02,-6.999363005161285400e-02,1.278944499790668488e-02,-5.735915899276733398e-02,-1.195893250405788422e-02,-2.938486263155937195e-02,6.942718476057052612e-02,-1.762557588517665863e-02,-6.373418867588043213e-02,-2.985745086334645748e-04,7.517421990633010864e-02,-1.673627831041812897e-02,-6.884115189313888550e-02,7.283741980791091919e-02,8.608695497969165444e-05,-6.541532278060913086e-02,-4.055881872773170471e-04,-6.214904785156250000e-02,-6.598865240812301636e-02,3.502401337027549744e-02,8.528531179763376713e-04,5.543245002627372742e-02,5.556237697601318359e-02,-1.099075749516487122e-02,-2.574707567691802979e-02,-5.688203871250152588e-02,2.665639296174049377e-02,-6.565959006547927856e-02,-4.026744049042463303e-03,3.957256302237510681e-02,-1.218128545588115230e-06,-5.657286196947097778e-02,5.690289661288261414e-02,-3.249676525592803955e-02,2.434707432985305786e-02,-7.630492001771926880e-02,-6.554085761308670044e-02,8.197434991598129272e-02,4.181519616395235062e-03,-6.465002894401550293e-02,-6.704067438840866089e-02,-2.552961697801947594e-03,-2.421433106064796448e-03,5.673162266612052917e-02,-5.861868709325790405e-02,-6.535734981298446655e-02,3.631519526243209839e-02,7.013417035341262817e-02,-6.909117847681045532e-02,3.757329657673835754e-02,2.141976915299892426e-02,-7.119475305080413818e-02,4.258433729410171509e-02,5.422304198145866394e-02,5.969516932964324951e-02,6.470099091529846191e-02,-3.510528430342674255e-02,-4.676381871104240417e-02,-5.080955475568771362e-02,-2.416873816400766373e-03,4.316712543368339539e-02
-9.954011067748069763e-03,-7.155688107013702393e-02,7.804062366485595703e-01,-6.393451690673828125e-01,-3.651062250137329102e-01,-5.816774070262908936e-02,-6.800036132335662842e-02,-8.246274292469024658e-02,-5.518314242362976074e-01,-6.299797892570495605e-01,6.411463767290115356e-02,4.147329032421112061e-01,-5.831131339073181152e-01,-6.840230226516723633e-01,-7.553763985633850098e-01,-7.157181501388549805e-01,1.569734141230583191e-02,-5.054079294204711914e-01,7.137576341629028320e-01,6.513328552246093750e-01,5.023478865623474121e-01,-5.573228597640991211e-01,-6.578268408775329590e-01,1.656799465417861938e-01,-1.162188574671745300e-01,-5.943863391876220703e-01,7.221760749816894531e-01,1.019512340426445007e-01,-7.080605626106262207e-01,2.292023450136184692e-01,-1.845822930335998535e-01,8.214128613471984863e-01,-5.234740972518920898e-01,-6.843677759170532227e-01,2.433696947991847992e-02,7.575667500495910645e-01,-5.473371148109436035e-01,-7.225698828697204590e-01,4.591770470142364502e-01,4.952342212200164795e-01,-5.745153427124023438e-01,-1.537604331970214844e-01,-7.058376669883728027e-01,-2.663262784481048584e-01,8.129650354385375977e-02,6.919482350349426270e-01,7.537553310394287109e-01,1.584353744983673096e-01,-1.926132105290889740e-02,1.446368098258972168e-01,-1.349031459540128708e-02,2.274900972843170166e-01,-4.526589512825012207e-01,-3.061260841786861420e-02,1.662527024745941162e-01,7.914850115776062012e-01,-3.548031449317932129e-01,-3.494760394096374512e-02,6.016796827316284180e-01,6.471388339996337891e-01,-9.734367020428180695e-03,-1.041621267795562744e-01,-2.117865718901157379e-02,-1.821852922439575195e-01,5.407026503235101700e-03,2.455392032861709595e-01,-3.015535473823547363e-01,-7.015783190727233887e-01,7.335047125816345215e-01,-6.689583510160446167e-02,6.007382869720458984e-01,2.263220995664596558e-01,3.364051878452301025e-01,-7.639630436897277832e-01,7.510709017515182495e-02,6.325054168701171875e-01,3.311434527859091759e-03,-8.041156530380249023e-01,1.905446797609329224e-01,7.359432578086853027e-01,-7.609130144119262695e-01,-1.065467018634080887e-03,7.037190198898315430e-01,5.741945002228021622e-03,5.704393386840820312e-01,7.445579767227172852e-01,-3.528864681720733643e-01,-9.530396200716495514e-03,-5.927067995071411133e-01,-6.261169910430908203e-01,9.243855625391006470e-02,2.922627329826354980e-01,6.270765066146850586e-01,-3.149071335792541504e-01,6.925194263458251953e-01,-2.290468662977218628e-02,-4.500194489955902100e-01,1.113376674766186625e-05,6.030437946319580078e-01,-5.569205284118652344e-01,3.901929557323455811e-01,-1.831539124250411987e-01,7.886675596237182617e-01,6.946018338203430176e-01,-8.286466002464294434e-01,-1.117992401123046875e-01,6.656935811042785645e-01,7.212476730346679688e-01,-7.356169074773788452e-02,2.743817493319511414e-02,-6.252533793449401855e-01,6.933346390724182129e-01,7.182910442352294922e-01,-5.048824548721313477e-01,-7.509161233901977539e-01,7.223520874977111816e-01,-3.545416593551635742e-01,-2.936517000198364258e-01,7.299096584320068359e-01,-5.095964074134826660e-01,-6.382106542587280273e-01,-6.352567076683044434e-01,-6.987296342849731445e-01,4.171225726604461670e-01,6.062690019607543945e-01,6.066641211509704590e-01,2.161515317857265472e-02,-4.646294116973876953e-01
-7.348186522722244263e-02,5.129157751798629761e-02,-6.393451690673828125e-01,6.785070300102233887e-01,1.386194974184036255e-01,1.462340205907821655e-01,7.022417336702346802e-02,-1.169125735759735107e-01,4.643821120262145996e-01,4.989355504512786865e-01,-1.666833460330963135e-01,-2.981103360652923584e-01,3.173822760581970215e-01,5.911630392074584961e-01,6.179813742637634277e-01,4.375010430812835693e-01,-9.078502655029296875e-03,3.836031258106231689e-01,-6.821060776710510254e-01,-5.446552634239196777e-01,-5.363748073577880859e-01,5.207654237747192383e-01,5.545206069946289062e-01,-8.146704733371734619e-02,9.417692571878433228e-02,3.025150299072265625e-01,-4.939196705818176270e-01,1.799189895391464233e-01,4.537630379199981689e-01,-1.120103616267442703e-02,1.497690081596374512e-01,-6.868404746055603027e-01,5.881628394126892090e-01,5.646942257881164551e-01,-3.513125935569405556e-03,-5.021708607673645020e-01,3.616134524345397949e-01,5.526276826858520508e-01,-1.219325140118598938e-01,-4.592398107051849365e-01,4.727205038070678711e-01,1.982015073299407959e-01,5.291684269905090332e-01,1.962178945541381836e-01,-2.085598558187484741e-01,-4.748767018318176270e-01,-6.599667072296142578e-01,-1.424099504947662354e-01,5.006796121597290039e-02,-8.468112349510192871e-02,2.413531765341758728e-02,1.623967662453651428e-03,4.537781774997711182e-01,8.261804468929767609e-03,2.851313352584838867e-02,-5.658922195434570312e-01,3.473176360130310059e-01,2.429410442709922791e-02,-4.871474206447601318e-01,-6.783559918403625488e-01,-5.928866565227508545e-02,1.535045802593231201e-01,2.282852865755558014e-02,1.055195182561874390e-01,4.251198098063468933e-02,-1.899410933256149292e-01,1.786568611860275269e-01,4.451117813587188721e-01,-5.551082491874694824e-01,-1.843952536582946777e-01,-3.907204270362854004e-01,1.476684398949146271e-02,-3.894963264465332031e-01,6.409908533096313477e-01,-1.089098900556564331e-01,-4.610407352447509766e-01,-8.785873651504516602e-04,6.045728921890258789e-01,-3.598268628120422363e-01,-5.735146999359130859e-01,6.951261162757873535e-01,8.332532015629112720e-04,-4.843412339687347412e-01,-5.127481999807059765e-04,-3.941810727119445801e-01,-6.011314392089843750e-01,7.373780012130737305e-02,3.742724657058715820e-03,4.024358689785003662e-01,4.531475603580474854e-01,-1.197113245725631714e-01,-4.296600520610809326e-01,-6.018941402435302734e-01,3.521658480167388916e-01,-6.160816550254821777e-01,1.511537432670593262e-01,2.822172343730926514e-01,-7.020441898930585012e-06,-3.420976698398590088e-01,3.461341261863708496e-01,-2.055261135101318359e-01,-1.092798933386802673e-01,-7.095305919647216797e-01,-4.859028756618499756e-01,7.091990113258361816e-01,3.345454931259155273e-01,-7.414878010749816895e-01,-5.198247432708740234e-01,2.418139725923538208e-01,-3.200663626194000244e-02,6.219995617866516113e-01,-6.820712089538574219e-01,-6.360130310058593750e-01,5.730174183845520020e-01,5.647477507591247559e-01,-5.710881948471069336e-01,4.820755496621131897e-02,2.295405119657516479e-01,-5.453528761863708496e-01,5.288298130035400391e-01,4.976561367511749268e-01,5.932063460350036621e-01,6.012985706329345703e-01,-3.889355659484863281e-01,-5.168926715850830078e-01,-5.687823891639709473e-01,-2.226859703660011292e-02,3.099791407585144043e-01
3.522346317768096924e-01,3.912487626075744629e-02,-3.651062250137329102e-01,1.386194974184036255e-01,5.595090985298156738e-01,-2.557451128959655762e-01,3.914975002408027649e-02,5.530325770378112793e-01,2.712211310863494873e-01,2.850604653358459473e-01,-1.345013231039047241e-01,-3.090597689151763916e-01,3.257149755954742432e-01,2.734870016574859619e-01,3.584509491920471191e-01,6.623874306678771973e-01,-7.288909517228603363e-03,3.021343946456909180e-01,-2.634178996086120605e-01,-2.846838235855102539e-01,-1.615654081106185913e-01,9.204654395580291748e-02,1.932740062475204468e-01,-5.051770806312561035e-02,6.578044593334197998e-02,5.713782906532287598e-01,-3.921067118644714355e-01,-5.209842324256896973e-01,5.199050307273864746e-01,-2.820318043231964111e-01,-1.028509959578514099e-01,-4.298817515373229980e-01,9.287887066602706909e-02,3.434709310531616211e-01,-3.224064409732818604e-02,-5.037189722061157227e-01,3.718825578689575195e-01,4.369275271892547607e-01,-6.741603016853332520e-01,-4.361407160758972168e-01,4.825465977191925049e-01,8.491911739110946655e-02,3.187917768955230713e-01,1.411675959825515747e-01,4.818699136376380920e-02,-2.710489928722381592e-01,-3.955414593219757080e-01,-1.300489902496337891e-01,7.116917520761489868e-02,-7.231212407350540161e-02,-1.368292719125747681e-01,-3.925757110118865967e-01,3.344862163066864014e-01,-4.669204726815223694e-02,-2.114250361919403076e-01,-5.963316559791564941e-01,2.467718869447708130e-01,2.311055175960063934e-02,-2.319782972335815430e-01,-1.361634135246276855e-01,-1.223757956176996231e-02,-9.823578409850597382e-03,1.693808473646640778e-03,2.461722493171691895e-01,6.938258558511734009e-02,-1.318127065896987915e-01,-6.846801191568374634e-02,5.915396213531494141e-01,-4.480642974376678467e-01,4.366589188575744629e-01,-5.818303227424621582e-01,-7.823188602924346924e-02,-3.091472573578357697e-02,3.667176961898803711e-01,-1.970419734716415405e-01,-5.304574370384216309e-01,-2.268037060275673866e-03,4.796170890331268311e-01,-2.482571639120578766e-03,-4.072129726409912109e-01,4.263761341571807861e-01,4.839843604713678360e-04,-5.216330289840698242e-01,-4.957607015967369080e-03,-6.393994092941284180e-01,-2.786140739917755127e-01,5.200219154357910156e-01,9.741051122546195984e-03,2.133329212665557861e-01,4.550965726375579834e-01,-1.660915613174438477e-01,2.213865965604782104e-01,-2.080285996198654175e-01,-2.492041699588298798e-02,-3.945142626762390137e-01,-3.483896553516387939e-01,3.520605266094207764e-01,-2.261530426039826125e-05,-4.796388447284698486e-01,5.466902852058410645e-01,-4.840034842491149902e-01,5.280584096908569336e-01,-3.920175731182098389e-01,-5.112467408180236816e-01,3.996661305427551270e-01,4.359853119240142405e-05,-1.067875176668167114e-01,-3.905941247940063477e-01,-4.102576076984405518e-01,7.189882453531026840e-03,1.129445135593414307e-01,-1.331070214509963989e-01,-3.731146752834320068e-01,5.214863643050193787e-02,5.388382673263549805e-01,-4.232068061828613281e-01,5.349237322807312012e-01,1.081306114792823792e-01,-5.767604112625122070e-01,9.078890830278396606e-02,2.186894118785858154e-01,3.247689902782440186e-01,3.340839445590972900e-01,3.675192221999168396e-02,-2.698372900485992432e-01,-9.127221256494522095e-02,3.373668761923909187e-03,4.069216549396514893e-01
-2.923736870288848877e-01,-5.070587154477834702e-03,-5.816774070262908936e-02,1.462340205907821655e-01,-2.557451128959655762e-01,2.697061896324157715e-01,2.193502709269523621e-02,-3.411165177822113037e-01,-8.360040932893753052e-02,1.567845046520233154e-02,1.050997376441955566e-01,8.221390098333358765e-02,1.877653412520885468e-02,4.034763574600219727e-02,3.701834008097648621e-02,-1.939852833747863770e-01,-1.875477842986583710e-03,-3.559965267777442932e-02,-7.708622515201568604e-02,-3.117827139794826508e-02,1.849480904638767242e-02,1.354969888925552368e-01,1.259392797946929932e-01,-3.955835476517677307e-02,-1.100261136889457703e-02,-1.977168321609497070e-01,-1.878695003688335419e-02,3.222360908985137939e-01,-3.208523243665695190e-02,6.394160538911819458e-02,1.669074296951293945e-01,8.028507232666015625e-03,9.225706756114959717e-02,3.835683315992355347e-02,1.064893137663602829e-02,5.904090777039527893e-02,-6.807764619588851929e-02,-3.814204409718513489e-02,2.603473663330078125e-01,1.523270457983016968e-01,-1.828629970550537109e-01,-3.146523609757423401e-02,6.449597328901290894e-02,3.779528196901082993e-03,-2.661567647010087967e-03,-1.270236670970916748e-01,-1.209545042365789413e-02,4.682962596416473389e-02,-8.600878715515136719e-02,-1.666105724871158600e-02,1.318390816450119019e-01,1.238264963030815125e-01,-1.339195668697357178e-01,6.148862838745117188e-02,3.786252439022064209e-02,8.729696273803710938e-02,-7.669713348150253296e-02,-3.041142597794532776e-03,-5.207109078764915466e-02,-1.228660494089126587e-01,4.672742635011672974e-02,1.191093306988477707e-02,5.059475544840097427e-03,-1.434205174446105957e-01,-9.737011045217514038e-02,1.173114497214555740e-02,1.987600177526473999e-01,-1.395127475261688232e-01,6.133411079645156860e-02,-2.563803195953369141e-01,1.719824224710464478e-01,-1.488474607467651367e-01,-3.958811610937118530e-02,2.227410860359668732e-02,1.731956005096435547e-01,1.399833559989929199e-01,1.413628633599728346e-04,6.889929994940757751e-03,-1.700741797685623169e-02,2.541107311844825745e-02,-2.592748776078224182e-02,4.127328065806068480e-05,8.477510511875152588e-02,-4.638522805180400610e-04,2.634615600109100342e-01,-1.031330078840255737e-01,-1.942655444145202637e-01,-3.033768152818083763e-03,5.528466403484344482e-02,-9.679267555475234985e-02,9.916567802429199219e-02,-2.288454174995422363e-01,-5.189743638038635254e-02,1.018365025520324707e-01,5.150761827826499939e-02,2.515152394771575928e-01,-3.828481212258338928e-02,1.133459591073915362e-05,1.088836342096328735e-01,-1.956375390291213989e-01,1.838642358779907227e-01,-2.921352386474609375e-01,1.700156717561185360e-03,9.711089730262756348e-02,4.620134085416793823e-02,2.989608049392700195e-02,-1.486844718456268311e-01,-1.090149860829114914e-02,3.316134810447692871e-01,-1.048471592366695404e-02,9.196875244379043579e-02,-1.800061911344528198e-01,1.006822939962148666e-02,1.308676451444625854e-01,-5.753425136208534241e-02,4.093264415860176086e-02,-2.382226139307022095e-01,6.063989922404289246e-02,1.200762987136840820e-01,8.867816627025604248e-02,1.067981347441673279e-01,-3.785011917352676392e-02,-3.301543649286031723e-03,-1.738451272249221802e-01,-2.994840405881404877e-02,-1.422481685876846313e-01,-1.699169352650642395e-02,-1.047151610255241394e-01
1.010594516992568970e-02,4.108869004994630814e-03,-6.800036132335662842e-02,7.022417336702346802e-02,3.914975002408027649e-02,2.193502709269523621e-02,3.474257886409759521e-02,2.913672290742397308e-02,2.071197377517819405e-03,4.911511391401290894e-02,-3.997572138905525208e-02,-2.386323548853397369e-02,2.660192362964153290e-02,4.106951504945755005e-02,5.000597238540649414e-02,3.935939818620681763e-02,-1.307227066718041897e-03,4.383755475282669067e-02,-7.423485070466995239e-02,-5.401460453867912292e-02,-2.906557917594909668e-02,3.202046453952789307e-02,5.546680092811584473e-02,-2.571293152868747711e-03,7.597696036100387573e-03,2.256455644965171814e-02,-4.302374646067619324e-02,-5.052053835242986679e-03,6.156265735626220703e-02,-2.599786780774593353e-02,1.064432505518198013e-02,-4.953498393297195435e-02,6.052169576287269592e-02,6.220013275742530823e-02,-7.753547979518771172e-04,-3.639207035303115845e-02,3.568559512495994568e-02,5.558775737881660461e-02,-2.932124771177768707e-02,-7.103962451219558716e-02,4.732352867722511292e-02,2.191597782075405121e-02,5.630922317504882812e-02,2.106781303882598877e-02,-1.879040338099002838e-02,-3.733627498149871826e-02,-7.196575403213500977e-02,-1.473805587738752365e-02,4.456179682165384293e-03,7.234842050820589066e-03,1.228860206902027130e-02,-3.171758726239204407e-02,4.971607774496078491e-02,4.434832837432622910e-03,-8.472373709082603455e-03,-6.770889461040496826e-02,3.158068656921386719e-02,2.296948805451393127e-03,-5.448199808597564697e-02,-5.262587592005729675e-02,-1.042430941015481949e-02,7.082076743245124817e-03,1.736006583087146282e-03,2.010798640549182892e-02,3.932332620024681091e-03,-1.591548696160316467e-02,1.314249471761286259e-03,5.317617952823638916e-02,-4.574346914887428284e-02,7.500086445361375809e-03,-6.142867356538772583e-02,-6.441617850214242935e-03,-1.554066222161054611e-02,4.625891894102096558e-02,-2.715864032506942749e-02,-7.092301547527313232e-02,4.261651338310912251e-05,6.195557862520217896e-02,-3.776699677109718323e-02,-4.406677931547164917e-02,7.137518376111984253e-02,5.883536869077943265e-05,-5.521736294031143188e-02,-7.008913089521229267e-04,-6.040055304765701294e-02,-4.093088954687118530e-02,4.314564168453216553e-02,3.619913186412304640e-04,1.446071453392505646e-02,4.726054891943931580e-02,-3.117157332599163055e-02,-2.431242167949676514e-02,-5.427981168031692505e-02,1.866744086146354675e-02,-6.233897432684898376e-02,-1.466094981878995895e-02,5.345638096332550049e-02,-3.152119234073325060e-06,-2.808052115142345428e-02,4.690476134419441223e-02,-4.296046867966651917e-02,5.080233328044414520e-03,-5.439383536577224731e-02,-5.103826895356178284e-02,7.553657889366149902e-02,5.914646759629249573e-02,-6.422869861125946045e-02,-4.273412376642227173e-02,7.260540034621953964e-03,-4.216454399283975363e-04,1.775977388024330139e-02,-6.675229966640472412e-02,-5.291726067662239075e-02,4.911900311708450317e-02,7.428897172212600708e-02,-5.249656736850738525e-02,1.177074853330850601e-02,2.650723606348037720e-02,-7.004040479660034180e-02,3.806238994002342224e-02,4.916751757264137268e-02,5.504645034670829773e-02,5.236511677503585815e-02,-1.902133971452713013e-02,-4.210049286484718323e-02,-3.548591583967208862e-02,-7.319320924580097198e-03,5.915775522589683533e-02
4.528865814208984375e-01,1.272501517087221146e-02,-8.246274292469024658e-02,-1.169125735759735107e-01,5.530325770378112793e-01,-3.411165177822113037e-01,2.913672290742397308e-02,7.199133038520812988e-01,5.096964165568351746e-02,6.268200278282165527e-02,-1.351320743560791016e-01,-2.331863194704055786e-01,1.155285090208053589e-01,4.068980365991592407e-02,9.793683886528015137e-02,4.712148308753967285e-01,-1.335738576017320156e-03,1.278084367513656616e-01,3.061503916978836060e-02,-7.112185657024383545e-02,8.188010752201080322e-02,-1.250205636024475098e-01,-5.997427552938461304e-02,-6.309747230261564255e-03,3.267573937773704529e-02,4.277386963367462158e-01,-1.510364562273025513e-01,-6.304110884666442871e-01,3.460814058780670166e-01,-2.645784914493560791e-01,-2.453062832355499268e-01,-1.209470704197883606e-01,-1.817250698804855347e-01,1.601704806089401245e-01,-3.645374998450279236e-02,-2.600499987602233887e-01,2.349278479814529419e-01,2.156969457864761353e-01,-6.450119614601135254e-01,-3.434894084930419922e-01,3.248193562030792236e-01,2.718149870634078979e-02,5.457535386085510254e-02,6.605657935142517090e-02,1.564058661460876465e-01,-1.523315254598855972e-02,-1.448794454336166382e-01,-9.508010745048522949e-02,8.205454796552658081e-02,-1.102592647075653076e-01,-2.068681418895721436e-01,-4.695281684398651123e-01,2.068499922752380371e-01,-9.363762289285659790e-02,-2.234243452548980713e-01,-3.641017973423004150e-01,1.883424073457717896e-01,1.595483161509037018e-02,3.113315999507904053e-02,1.507134884595870972e-01,-1.633613370358943939e-02,-6.855743378400802612e-02,-9.164194576442241669e-03,2.011314332485198975e-01,8.098340034484863281e-02,-5.573887750506401062e-02,-2.858536839485168457e-01,4.052082002162933350e-01,-2.245332449674606323e-01,5.592147707939147949e-01,-4.820540249347686768e-01,-4.107147827744483948e-02,1.331713497638702393e-01,1.070973947644233704e-01,-1.666613817214965820e-01,-3.640282154083251953e-01,-1.396064297296106815e-03,2.245104312896728516e-01,9.679272025823593140e-02,-1.616428792476654053e-01,1.652153879404067993e-01,1.782620238373056054e-04,-3.404141068458557129e-01,-4.436973016709089279e-03,-5.201606154441833496e-01,1.052324753254652023e-02,5.380322933197021484e-01,9.081587195396423340e-03,-3.795670345425605774e-02,3.207783699035644531e-01,-1.631282269954681396e-01,5.005311965942382812e-01,4.820362851023674011e-02,-1.952297836542129517e-01,-1.582625359296798706e-01,-4.919257462024688721e-01,2.408460527658462524e-01,-2.719191070355009288e-05,-3.474685549736022949e-01,4.282139539718627930e-01,-5.153729915618896484e-01,6.224058270454406738e-01,-9.997644275426864624e-02,-3.306264877319335938e-01,7.333216071128845215e-02,-3.245810419321060181e-02,2.399567663669586182e-01,-1.396535634994506836e-01,-5.911168456077575684e-01,2.585935965180397034e-02,-1.755817979574203491e-01,1.601579636335372925e-01,-1.336175203323364258e-01,-1.293997913599014282e-01,3.231961429119110107e-01,-1.867797225713729858e-01,5.386655926704406738e-01,2.456867322325706482e-02,-3.822497129440307617e-01,-1.463386863470077515e-01,-4.309129714965820312e-02,1.059063225984573364e-01,7.132311165332794189e-02,2.979794144630432129e-01,-1.104875132441520691e-01,1.865057498216629028e-01,2.951587550342082977e-02,3.327845335006713867e-01
1.170846223831176758e-01,5.597790330648422241e-02,-5.518314242362976074e-01,4.643821120262145996e-01,2.712211310863494873e-01,-8.360040932893753052e-02,2.071197377517819405e-03,5.096964165568351746e-02,5.709269046783447266e-01,4.603276848793029785e-01,-1.489467024803161621e-01,-3.242111206054687500e-01,3.336276113986968994e-01,5.304821133613586426e-01,5.576950311660766602e-01,5.751504898071289062e-01,-8.253616280853748322e-03,3.452288806438446045e-01,-5.702812075614929199e-01,-4.823868870735168457e-01,-5.571624040603637695e-01,3.847065269947052002e-01,4.134965538978576660e-01,-7.707731425762176514e-02,9.595403820276260376e-02,4.785538017749786377e-01,-4.948606491088867188e-01,-6.142845749855041504e-02,4.230242371559143066e-01,-7.137943059206008911e-02,4.253122583031654358e-02,-7.065296173095703125e-01,4.660231769084930420e-01,4.685336649417877197e-01,-9.158052504062652588e-03,-5.684750676155090332e-01,3.883845210075378418e-01,5.385903716087341309e-01,-2.776780724525451660e-01,-4.551933407783508301e-01,5.578054189682006836e-01,1.802765280008316040e-01,4.465565681457519531e-01,1.703763753175735474e-01,-1.954994201660156250e-01,-3.993843495845794678e-01,-5.679211616516113281e-01,-1.380965411663055420e-01,1.169415786862373352e-01,-6.921541690826416016e-02,-6.094652041792869568e-02,-3.089316189289093018e-02,4.842688739299774170e-01,-3.413564711809158325e-02,1.198438927531242371e-03,-5.861849188804626465e-01,3.225595951080322266e-01,2.298974059522151947e-02,-4.246532022953033447e-01,-5.189679861068725586e-01,-7.915931940078735352e-02,1.531557142734527588e-01,1.769428513944149017e-02,2.188365012407302856e-01,1.070500239729881287e-01,-1.851211637258529663e-01,9.086690843105316162e-02,5.195400118827819824e-01,-5.884186625480651855e-01,6.456397939473390579e-03,-4.395986795425415039e-01,9.097830206155776978e-02,-3.544420003890991211e-01,5.939654111862182617e-01,-2.096984237432479858e-01,-4.998963475227355957e-01,-1.444768626242876053e-03,5.639851093292236328e-01,-2.564113736152648926e-01,-5.809338688850402832e-01,6.500003337860107422e-01,7.296180119737982750e-04,-4.917794466018676758e-01,2.696297888178378344e-04,-5.137394666671752930e-01,-5.111655592918395996e-01,1.839225888252258301e-01,5.666161887347698212e-03,4.335824251174926758e-01,4.672354161739349365e-01,-1.227339655160903931e-01,-2.670322060585021973e-01,-5.229606032371520996e-01,2.821495831012725830e-01,-5.909357666969299316e-01,1.235125237144529819e-03,2.317894697189331055e-01,-1.021040316118160263e-05,-4.177432656288146973e-01,4.430627226829528809e-01,-2.632094323635101318e-01,1.229163557291030884e-01,-6.765915751457214355e-01,-5.179465413093566895e-01,6.604287624359130859e-01,1.411442607641220093e-01,-6.085488796234130859e-01,-5.003061890602111816e-01,5.326808895915746689e-03,-2.723205275833606720e-02,5.804001688957214355e-01,-5.055134892463684082e-01,-5.807313919067382812e-01,4.080543220043182373e-01,5.139999389648437500e-01,-5.780467391014099121e-01,2.236737161874771118e-01,1.467603445053100586e-01,-5.621717572212219238e-01,4.173652529716491699e-01,3.774903714656829834e-01,5.677326321601867676e-01,5.603610277175903320e-01,-2.684478461742401123e-01,-4.357910454273223877e-01,-4.521359205245971680e-01,-3.953992927563376725e-05,3.322728574275970459e-01
3.458793088793754578e-02,5.536553636193275452e-02,-6.299797892570495605e-01,4.989355504512786865e-01,2.850604653358459473e-01,1.567845046520233154e-02,4.911511391401290894e-02,6.268200278282165527e-02,4.603276848793029785e-01,4.925779700279235840e-01,-8.132807910442352295e-02,-3.151097893714904785e-01,4.400414228439331055e-01,5.387558341026306152e-01,6.013119220733642578e-01,6.165955066680908203e-01,-1.206914056092500687e-02,3.703158199787139893e-01,-6.083696484565734863e-01,-5.119394659996032715e-01,-4.513282179832458496e-01,4.077831804752349854e-01,4.948117136955261230e-01,-1.235183775424957275e-01,9.195810556411743164e-02,5.025866627693176270e-01,-5.840370059013366699e-01,-8.137392252683639526e-02,5.612534284591674805e-01,-1.735486090183258057e-01,1.161527186632156372e-01,-7.239525318145751953e-01,4.458913505077362061e-01,5.388588309288024902e-01,-1.475559826940298080e-02,-6.359977126121520996e-01,4.167116582393646240e-01,5.816764831542968750e-01,-3.634224832057952881e-01,-4.172455072402954102e-01,4.950175285339355469e-01,1.330764889717102051e-01,5.387663245201110840e-01,1.954582780599594116e-01,-1.094343215227127075e-01,-5.380157232284545898e-01,-6.118603944778442383e-01,-1.155178025364875793e-01,5.459168180823326111e-02,-9.172686189413070679e-02,7.920615375041961670e-03,-1.391438990831375122e-01,4.005924463272094727e-01,7.784560788422822952e-03,-9.352903068065643311e-02,-6.746547818183898926e-01,2.746979594230651855e-01,2.525352314114570618e-02,-4.712245762348175049e-01,-5.123912096023559570e-01,-2.637705951929092407e-02,1.082128211855888367e-01,1.670283637940883636e-02,1.826617270708084106e-01,2.870353683829307556e-02,-1.881819963455200195e-01,1.976490467786788940e-01,5.782957673072814941e-01,-6.074332594871520996e-01,4.659682139754295349e-02,-4.867692589759826660e-01,-1.163867786526679993e-01,-2.838054001331329346e-01,6.204599142074584961e-01,-1.199445724487304688e-01,-5.321664214134216309e-01,-2.176726236939430237e-03,6.630736589431762695e-01,-1.730552613735198975e-01,-6.058027148246765137e-01,6.632827520370483398e-01,7.767890347167849541e-04,-5.521775484085083008e-01,-3.267802298069000244e-03,-4.965265691280364990e-01,-5.793194770812988281e-01,2.690050601959228516e-01,6.726749707013368607e-03,4.767919182777404785e-01,4.856820106506347656e-01,-8.525145053863525391e-02,-2.505949735641479492e-01,-5.169168114662170410e-01,2.636498510837554932e-01,-5.817174911499023438e-01,1.002242788672447205e-02,3.129227757453918457e-01,-1.023936329147545621e-05,-4.576915204524993896e-01,4.511087536811828613e-01,-2.966069877147674561e-01,1.500005275011062622e-01,-6.747844815254211426e-01,-5.609583854675292969e-01,7.370059490203857422e-01,8.482325077056884766e-02,-6.011959910392761230e-01,-5.733107328414916992e-01,5.255370959639549255e-02,-2.305265702307224274e-02,5.223715305328369141e-01,-5.682922601699829102e-01,-5.799654722213745117e-01,4.067086577415466309e-01,6.003618240356445312e-01,-5.979809761047363281e-01,2.591391503810882568e-01,2.057594209909439087e-01,-6.095811724662780762e-01,3.960844576358795166e-01,4.647594094276428223e-01,5.296471714973449707e-01,5.592427849769592285e-01,-3.033206760883331299e-01,-4.564233422279357910e-01,-4.691144526004791260e-01,-1.375880278646945953e-02,3.789874315261840820e-01
-2.106869071722030640e-01,-8.670917712152004242e-03,6.411463767290115356e-02,-1.666833460330963135e-01,-1.345013231039047241e-01,1.050997376441955566e-01,-3.997572138905525208e-02,-1.351320743560791016e-01,-1.489467024803161621e-01,-8.132807910442352295e-02,3.222931921482086182e-01,8.862657845020294189e-02,1.598770320415496826e-01,-8.773951977491378784e-02,-5.740387737751007080e-02,-4.937163367867469788e-02,-2.976585412397980690e-03,-7.414230704307556152e-02,1.885271668434143066e-01,1.124272495508193970e-01,2.739692926406860352e-01,-2.276630699634552002e-02,-1.261568907648324966e-02,-9.337370097637176514e-02,-2.987050265073776245e-02,-9.344107471406459808e-03,-4.923317208886146545e-02,-3.250393783673644066e-04,4.524622112512588501e-02,-8.275036513805389404e-02,1.526999920606613159e-01,1.160153374075889587e-01,-2.408662438392639160e-01,-8.803581446409225464e-02,-9.413315914571285248e-03,-3.843075037002563477e-02,-4.761672392487525940e-02,-9.458389878273010254e-02,-5.630087852478027344e-02,3.475522696971893311e-01,-2.877169251441955566e-01,-1.724501252174377441e-01,2.240998856723308563e-02,-1.453368924558162689e-02,2.353528290987014771e-01,-1.877611130475997925e-01,1.636267900466918945e-01,8.975197374820709229e-02,-1.502727568149566650e-01,-7.321526855230331421e-02,9.603648632764816284e-02,-6.509334594011306763e-02,-3.503759205341339111e-01,8.607634156942367554e-02,-1.601075530052185059e-01,7.437589764595031738e-02,-2.077451348304748535e-01,-2.555909799411892891e-03,6.893043220043182373e-02,1.535751968622207642e-01,1.562565118074417114e-01,-1.097315028309822083e-01,-6.245338823646306992e-03,-1.572815030813217163e-01,-1.701887100934982300e-01,3.645307570695877075e-02,2.653207778930664062e-01,-6.646960973739624023e-02,8.677610754966735840e-02,1.887959241867065430e-02,1.514959633350372314e-01,-4.073664247989654541e-01,1.545362323522567749e-01,-6.986533850431442261e-02,3.056991398334503174e-01,2.103300690650939941e-01,-2.118334872648119926e-03,-1.104263216257095337e-02,3.073984980583190918e-01,7.771387696266174316e-02,-2.448712289333343506e-01,-4.572910984279587865e-05,5.660443380475044250e-02,-4.713769070804119110e-03,2.708311080932617188e-01,-5.516352877020835876e-02,-1.336203143000602722e-02,1.143731526099145412e-03,9.212774038314819336e-02,-1.158458366990089417e-01,2.102677524089813232e-01,7.745126634836196899e-02,1.799522042274475098e-01,-7.983130216598510742e-02,2.245436310768127441e-01,1.038047820329666138e-01,-3.766779601573944092e-02,1.478017748013371602e-05,-1.548899523913860321e-02,-1.498457342386245728e-01,1.177241578698158264e-01,1.729550771415233612e-02,1.691667288541793823e-01,8.672463893890380859e-02,-1.180284321308135986e-01,-3.652699589729309082e-01,2.359389066696166992e-01,-2.666399814188480377e-02,8.600778132677078247e-02,5.545651540160179138e-03,-1.088989078998565674e-01,9.929172694683074951e-02,1.730863153934478760e-01,-1.675706207752227783e-01,-9.890495985746383667e-02,1.330384463071823120e-01,5.047804117202758789e-02,1.840019784867763519e-02,1.653875410556793213e-01,-1.405001282691955566e-01,5.097359418869018555e-02,-2.475787252187728882e-01,-1.436991691589355469e-01,-5.784575268626213074e-02,9.133701771497726440e-02,4.372350499033927917e-02,-8.604543982073664665e-04,-1.532847136259078979e-01
-1.349566429853439331e-01,-3.615427389740943909e-02,4.147329032421112061e-01,-2.981103360652923584e-01,-3.090597689151763916e-01,8.221390098333358765e-02,-2.386323548853397369e-02,-2.331863194704055786e-01,-3.242111206054687500e-01,-3.151097893714904785e-01,8.862657845020294189e-02,2.774657905101776123e-01,-2.751578688621520996e-01,-3.739183247089385986e-01,-4.189119040966033936e-01,-5.304878354072570801e-01,6.348248105496168137e-03,-2.508114576339721680e-01,3.684556186199188232e-01,3.435006439685821533e-01,2.749737799167633057e-01,-2.470789551734924316e-01,-2.895320951938629150e-01,7.474865764379501343e-02,-6.842445582151412964e-02,-4.219051599502563477e-01,3.983498811721801758e-01,1.965922266244888306e-01,-4.465874433517456055e-01,1.358882188796997070e-01,1.166320685297250748e-02,5.057486295700073242e-01,-2.208460420370101929e-01,-3.985098004341125488e-01,1.995335519313812256e-02,4.739668965339660645e-01,-3.175209760665893555e-01,-4.267197847366333008e-01,4.072900712490081787e-01,3.681766688823699951e-01,-4.074143767356872559e-01,-9.768575429916381836e-02,-3.340228796005249023e-01,-1.394267380237579346e-01,2.225232496857643127e-02,3.327151536941528320e-01,4.361811578273773193e-01,1.039955839514732361e-01,-5.981196835637092590e-02,1.310986727476119995e-01,7.995006442070007324e-02,2.001148462295532227e-01,-3.209356367588043213e-01,3.401192277669906616e-02,1.025198101997375488e-01,5.292652845382690430e-01,-2.551307380199432373e-01,-2.098961360752582550e-02,2.536282837390899658e-01,3.024420142173767090e-01,2.514553815126419067e-02,-5.781182646751403809e-02,-8.237082511186599731e-03,-1.436207443475723267e-01,-4.757424443960189819e-02,1.337884813547134399e-01,-1.397465821355581284e-02,-4.676540791988372803e-01,4.530784487724304199e-01,-1.512591242790222168e-01,4.349791705608367920e-01,6.301601976156234741e-02,1.660141795873641968e-01,-4.454932808876037598e-01,9.518720954656600952e-02,4.127768576145172119e-01,1.583577599376440048e-03,-4.875987172126770020e-01,1.027716472744941711e-01,4.380164444446563721e-01,-4.810762107372283936e-01,-5.734790465794503689e-04,4.427611827850341797e-01,2.497947309166193008e-03,4.539978802204132080e-01,3.732531666755676270e-01,-2.807262241840362549e-01,-6.654601544141769409e-03,-2.716228365898132324e-01,-4.027405381202697754e-01,9.225767850875854492e-02,1.445979718118906021e-02,3.137970864772796631e-01,-1.235145702958106995e-01,4.145902991294860840e-01,1.115785986185073853e-01,-2.285066395998001099e-01,1.326672645518556237e-05,3.829444944858551025e-01,-3.852742910385131836e-01,3.339155316352844238e-01,-2.484845817089080811e-01,4.809338450431823730e-01,4.449356198310852051e-01,-4.741186797618865967e-01,-7.498224824666976929e-02,3.114096224308013916e-01,3.900489509105682373e-01,1.199826449155807495e-01,8.796627633273601532e-03,-3.134967982769012451e-01,3.177520036697387695e-01,4.232147634029388428e-01,-2.591149210929870605e-01,-4.663716554641723633e-01,4.294576048851013184e-01,-2.999508678913116455e-01,-1.352795064449310303e-01,4.899021089076995850e-01,-2.214766889810562134e-01,-2.619620263576507568e-01,-3.767061233520507812e-01,-3.763671815395355225e-01,1.006171107292175293e-01,3.488907516002655029e-01,2.528142333030700684e-01,-1.062496099621057510e-02,-3.027100861072540283e-01
