9.999982714653015137e-01,-9.999986290931701660e-01,-9.999936819076538086e-01,9.999980330467224121e-01,9.999989271163940430e-01,-9.999986886978149414e-01,9.999958276748657227e-01,9.999989867210388184e-01,-9.999969601631164551e-01,9.999982118606567383e-01,-9.999986290931701660e-01,-9.999988675117492676e-01,9.999980926513671875e-01,9.999985098838806152e-01,9.999923706054687500e-01,9.999962449073791504e-01,9.999973773956298828e-01,-9.999983906745910645e-01,9.999932050704956055e-01,-9.999991059303283691e-01,-9.999989271163940430e-01,9.999930262565612793e-01,9.999985694885253906e-01,9.999980926513671875e-01,9.999887347221374512e-01,9.999988675117492676e-01,-9.999982714653015137e-01,-9.999988079071044922e-01,9.999893307685852051e-01,-9.999960064888000488e-01,-9.999921917915344238e-01,-9.999983310699462891e-01,9.999883770942687988e-01,9.999960064888000488e-01,-9.999978542327880859e-01,9.999347329139709473e-01,9.999990463256835938e-01,9.999985694885253906e-01,9.999912381172180176e-01,-9.999988079071044922e-01,9.999986886978149414e-01,-9.999882578849792480e-01,9.999808073043823242e-01,9.999988079071044922e-01,9.999983310699462891e-01,9.999982714653015137e-01,-9.999933838844299316e-01,9.999983906745910645e-01,9.999988079071044922e-01,-9.999984502792358398e-01,-9.999988079071044922e-01,-9.999983310699462891e-01,-9.999988079071044922e-01,-9.999929070472717285e-01,-9.999982118606567383e-01,-9.999980926513671875e-01,-9.999942779541015625e-01,9.999763965606689453e-01,9.999967813491821289e-01,9.999983310699462891e-01,-9.999984502792358398e-01,9.999989271163940430e-01,9.999983906745910645e-01,9.999954700469970703e-01,-9.999951124191284180e-01,-9.999988675117492676e-01,-9.999989867210388184e-01,-9.999960064888000488e-01,-9.999989867210388184e-01,9.999985694885253906e-01,-9.999986886978149414e-01,9.999977350234985352e-01,9.999861121177673340e-01,-9.999936223030090332e-01,-9.999787211418151855e-01,-9.999983310699462891e-01,9.999924302101135254e-01,9.999986886978149414e-01,-9.999946951866149902e-01,-9.999960660934448242e-01,9.999772906303405762e-01,9.999976158142089844e-01,-9.999987483024597168e-01,9.999979138374328613e-01,-9.999982714653015137e-01,-9.999890923500061035e-01,9.999806284904479980e-01,9.999988675117492676e-01,9.999873638153076172e-01,9.997346401214599609e-01,-9.999962449073791504e-01,9.999982714653015137e-01,-9.999834299087524414e-01,-9.999976754188537598e-01,9.999980926513671875e-01,-9.999978542327880859e-01,-9.999903440475463867e-01,9.999990463256835938e-01,-9.999987483024597168e-01,9.999961256980895996e-01,-9.999967217445373535e-01,9.999987483024597168e-01,-9.998918771743774414e-01,9.998480081558227539e-01,9.999985694885253906e-01,9.999971985816955566e-01,-9.999804496765136719e-01,-9.999983906745910645e-01,-9.999938607215881348e-01,9.999985098838806152e-01,-9.999983906745910645e-01,9.999981522560119629e-01,-9.999983310699462891e-01,-9.999554157257080078e-01,9.999990463256835938e-01,-9.999976158142089844e-01,9.999989867210388184e-01,-9.999982714653015137e-01,-9.999951124191284180e-01,-9.999976754188537598e-01,-9.999987483024597168e-01,9.999963641166687012e-01,9.999983310699462891e-01,-9.999975562095642090e-01,-9.999899864196777344e-01,-9.999953508377075195e-01,9.999899268150329590e-01,-9.999951124191284180e-01
-9.999986290931701660e-01,9.999989867210388184e-01,9.999948740005493164e-01,-9.999984502792358398e-01,-9.999991655349731445e-01,9.999990463256835938e-01,-9.999966025352478027e-01,-9.999992251396179199e-01,9.999974966049194336e-01,-9.999985098838806152e-01,9.999989271163940430e-01,9.999991655349731445e-01,-9.999985098838806152e-01,-9.999988675117492676e-01,-9.999937415122985840e-01,-9.999970197677612305e-01,-9.999978542327880859e-01,9.999986886978149414e-01,-9.999945163726806641e-01,9.999994039535522461e-01,9.999992251396179199e-01,-9.999942779541015625e-01,-9.999988079071044922e-01,-9.999984502792358398e-01,-9.999907612800598145e-01,-9.999992251396179199e-01,9.999986886978149414e-01,9.999991655349731445e-01,-9.999913573265075684e-01,9.999967217445373535e-01,9.999936819076538086e-01,9.999986290931701660e-01,-9.999904632568359375e-01,-9.999968409538269043e-01,9.999982714653015137e-01,-9.999464750289916992e-01,-9.999992251396179199e-01,-9.999988675117492676e-01,-9.999927878379821777e-01,9.999991059303283691e-01,-9.999989271163940430e-01,9.999903440475463867e-01,-9.999842047691345215e-01,-9.999992251396179199e-01,-9.999987483024597168e-01,-9.999985694885253906e-01,9.999945759773254395e-01,-9.999987483024597168e-01,-9.999990463256835938e-01,9.999988079071044922e-01,9.999991655349731445e-01,9.999986886978149414e-01,9.999991059303283691e-01,9.999941587448120117e-01,9.999985694885253906e-01,9.999985098838806152e-01,9.999953508377075195e-01,-9.999806880950927734e-01,-9.999974370002746582e-01,-9.999986290931701660e-01,9.999988079071044922e-01,-9.999991655349731445e-01,-9.999987483024597168e-01,-9.999961853027343750e-01,9.999958872795104980e-01,9.999991059303283691e-01,9.999992847442626953e-01,9.999967217445373535e-01,9.999991655349731445e-01,-9.999988079071044922e-01,9.999990463256835938e-01,-9.999981522560119629e-01,-9.999887347221374512e-01,9.999948143959045410e-01,9.999825954437255859e-01,9.999987483024597168e-01,-9.999938607215881348e-01,-9.999989867210388184e-01,9.999957084655761719e-01,9.999967813491821289e-01,-9.999814629554748535e-01,-9.999980926513671875e-01,9.999991059303283691e-01,-9.999983906745910645e-01,9.999986290931701660e-01,9.999911189079284668e-01,-9.999840855598449707e-01,-9.999991655349731445e-01,-9.999896287918090820e-01,-9.997823238372802734e-01,9.999969005584716797e-01,-9.999987483024597168e-01,9.999865293502807617e-01,9.999982118606567383e-01,-9.999984502792358398e-01,9.999983310699462891e-01,9.999921321868896484e-01,-9.999992251396179199e-01,9.999991059303283691e-01,-9.999969005584716797e-01,9.999973773956298828e-01,-9.999991059303283691e-01,9.999113678932189941e-01,-9.998751878738403320e-01,-9.999988675117492676e-01,-9.999977350234985352e-01,9.999839663505554199e-01,9.999986886978149414e-01,9.999950528144836426e-01,-9.999988675117492676e-01,9.999987483024597168e-01,-9.999984502792358398e-01,9.999986886978149414e-01,9.999634027481079102e-01,-9.999993443489074707e-01,9.999980926513671875e-01,-9.999992251396179199e-01,9.999986290931701660e-01,9.999960660934448242e-01,9.999982118606567383e-01,9.999990463256835938e-01,-9.999970197677612305e-01,-9.999986290931701660e-01,9.999981522560119629e-01,9.999917745590209961e-01,9.999961853027343750e-01,-9.999917745590209961e-01,9.999960064888000488e-01
-9.999936819076538086e-01,9.999948740005493164e-01,9.999759793281555176e-01,-9.999923706054687500e-01,-9.999958872795104980e-01,9.999954104423522949e-01,-9.999837875366210938e-01,-9.999961256980895996e-01,9.999882578849792480e-01,-9.999931454658508301e-01,9.999952316284179688e-01,9.999958276748657227e-01,-9.999927282333374023e-01,-9.999942779541015625e-01,-9.999704957008361816e-01,-9.999858140945434570e-01,-9.999899864196777344e-01,9.999937415122985840e-01,-9.999738335609436035e-01,9.999965429306030273e-01,9.999960064888000488e-01,-9.999731183052062988e-01,-9.999945759773254395e-01,-9.999930262565612793e-01,-9.999564290046691895e-01,-9.999958872795104980e-01,9.999935030937194824e-01,9.999957084655761719e-01,-9.999589323997497559e-01,9.999848604202270508e-01,9.999698996543884277e-01,9.999936819076538086e-01,-9.999551177024841309e-01,-9.999852776527404785e-01,9.999918937683105469e-01,-9.997488856315612793e-01,-9.999962449073791504e-01,-9.999946355819702148e-01,-9.999661445617675781e-01,9.999956488609313965e-01,-9.999948143959045410e-01,9.999544620513916016e-01,-9.999257922172546387e-01,-9.999957680702209473e-01,-9.999937415122985840e-01,-9.999933838844299316e-01,9.999744892120361328e-01,-9.999942779541015625e-01,-9.999953508377075195e-01,9.999943375587463379e-01,9.999954104423522949e-01,9.999936819076538086e-01,9.999956488609313965e-01,9.999729990959167480e-01,9.999935030937194824e-01,9.999930858612060547e-01,9.999781250953674316e-01,-9.999091029167175293e-01,-9.999881982803344727e-01,-9.999936819076538086e-01,9.999940395355224609e-01,-9.999959468841552734e-01,-9.999939799308776855e-01,-9.999824762344360352e-01,9.999813437461853027e-01,9.999955892562866211e-01,9.999963045120239258e-01,9.999848604202270508e-01,9.999960064888000488e-01,-9.999945163726806641e-01,9.999952912330627441e-01,-9.999914169311523438e-01,-9.999463558197021484e-01,9.999753832817077637e-01,9.999177455902099609e-01,9.999936819076538086e-01,-9.999711513519287109e-01,-9.999952316284179688e-01,9.999794960021972656e-01,9.999849796295166016e-01,-9.999123811721801758e-01,-9.999911785125732422e-01,9.999955296516418457e-01,-9.999924302101135254e-01,9.999935030937194824e-01,9.999580383300781250e-01,-9.999251961708068848e-01,-9.999959468841552734e-01,-9.999512434005737305e-01,-9.989780783653259277e-01,9.999855756759643555e-01,-9.999938011169433594e-01,9.999360442161560059e-01,9.999910593032836914e-01,-9.999928474426269531e-01,9.999917745590209961e-01,9.999629259109497070e-01,-9.999962449073791504e-01,9.999954104423522949e-01,-9.999855756759643555e-01,9.999875426292419434e-01,-9.999955296516418457e-01,9.995834231376647949e-01,-9.994142055511474609e-01,-9.999948143959045410e-01,-9.999895095825195312e-01,9.999245405197143555e-01,9.999938011169433594e-01,9.999767541885375977e-01,-9.999943375587463379e-01,9.999942183494567871e-01,-9.999929666519165039e-01,9.999936223030090332e-01,9.998282790184020996e-01,-9.999961853027343750e-01,9.999911189079284668e-01,-9.999961256980895996e-01,9.999933242797851562e-01,9.999812245368957520e-01,9.999912381172180176e-01,9.999951720237731934e-01,-9.999864101409912109e-01,-9.999933838844299316e-01,9.999908208847045898e-01,9.999611973762512207e-01,9.999823570251464844e-01,-9.999612569808959961e-01,9.999813437461853027e-01
9.999980330467224121e-01,-9.999984502792358398e-01,-9.999923706054687500e-01,9.999975562095642090e-01,9.999987483024597168e-01,-9.999985694885253906e-01,9.999948740005493164e-01,9.999988675117492676e-01,-9.999961853027343750e-01,9.999977946281433105e-01,-9.999984502792358398e-01,-9.999986886978149414e-01,9.999976754188537598e-01,9.999982118606567383e-01,9.999905824661254883e-01,9.999954700469970703e-01,9.999968409538269043e-01,-9.999980926513671875e-01,9.999917149543762207e-01,-9.999989271163940430e-01,-9.999988079071044922e-01,9.999912977218627930e-01,9.999983310699462891e-01,9.999977350234985352e-01,9.999860525131225586e-01,9.999987483024597168e-01,-9.999979138374328613e-01,-9.999986886978149414e-01,9.999868273735046387e-01,-9.999951124191284180e-01,-9.999903440475463867e-01,-9.999979734420776367e-01,9.999856352806091309e-01,9.999953508377075195e-01,-9.999974966049194336e-01,9.999189376831054688e-01,9.999988079071044922e-01,9.999983310699462891e-01,9.999891519546508789e-01,-9.999986886978149414e-01,9.999983310699462891e-01,-9.999854564666748047e-01,9.999762177467346191e-01,9.999986886978149414e-01,9.999980330467224121e-01,9.999979138374328613e-01,-9.999918937683105469e-01,9.999982714653015137e-01,9.999985694885253906e-01,-9.999981522560119629e-01,-9.999985694885253906e-01,-9.999980330467224121e-01,-9.999986886978149414e-01,-9.999913573265075684e-01,-9.999979138374328613e-01,-9.999977946281433105e-01,-9.999929666519165039e-01,9.999708533287048340e-01,9.999961256980895996e-01,9.999980330467224121e-01,-9.999981522560119629e-01,9.999987483024597168e-01,9.999981522560119629e-01,9.999944567680358887e-01,-9.999939799308776855e-01,-9.999986290931701660e-01,-9.999988675117492676e-01,-9.999951124191284180e-01,-9.999988079071044922e-01,9.999983310699462891e-01,-9.999984502792358398e-01,9.999972581863403320e-01,9.999828338623046875e-01,-9.999921917915344238e-01,-9.999735951423645020e-01,-9.999979734420776367e-01,9.999907612800598145e-01,9.999985098838806152e-01,-9.999935626983642578e-01,-9.999952316284179688e-01,9.999718070030212402e-01,9.999971389770507812e-01,-9.999986290931701660e-01,9.999974966049194336e-01,-9.999978542327880859e-01,-9.999865293502807617e-01,9.999759793281555176e-01,9.999986886978149414e-01,9.999843239784240723e-01,9.996700882911682129e-01,-9.999953508377075195e-01,9.999980330467224121e-01,-9.999794960021972656e-01,-9.999971389770507812e-01,9.999976754188537598e-01,-9.999973773956298828e-01,-9.999880790710449219e-01,9.999988079071044922e-01,-9.999986290931701660e-01,9.999954700469970703e-01,-9.999960660934448242e-01,9.999985694885253906e-01,-9.998657107353210449e-01,9.998110532760620117e-01,9.999983906745910645e-01,9.999966621398925781e-01,-9.999758005142211914e-01,-9.999979734420776367e-01,-9.999924898147583008e-01,9.999982714653015137e-01,-9.999980926513671875e-01,9.999977350234985352e-01,-9.999979734420776367e-01,-9.999446868896484375e-01,9.999988675117492676e-01,-9.999971985816955566e-01,9.999988079071044922e-01,-9.999979734420776367e-01,-9.999940395355224609e-01,-9.999971985816955566e-01,-9.999984502792358398e-01,9.999957084655761719e-01,9.999979138374328613e-01,-9.999969601631164551e-01,-9.999876022338867188e-01,-9.999943375587463379e-01,9.999875426292419434e-01,-9.999939799308776855e-01
9.999989271163940430e-01,-9.999991655349731445e-01,-9.999958872795104980e-01,9.999987483024597168e-01,9.999994039535522461e-01,-9.999993443489074707e-01,9.999971389770507812e-01,9.999994039535522461e-01,-9.999979734420776367e-01,9.999988675117492676e-01,-9.999991059303283691e-01,-9.999992847442626953e-01,9.999988079071044922e-01,9.999991655349731445e-01,9.999949336051940918e-01,9.999976158142089844e-01,9.999982714653015137e-01,-9.999989271163940430e-01,9.999955296516418457e-01,-9.999994039535522461e-01,-9.999993443489074707e-01,9.999954104423522949e-01,9.999991059303283691e-01,9.999987483024597168e-01,9.999926090240478516e-01,9.999993443489074707e-01,-9.999989271163940430e-01,-9.999994039535522461e-01,9.999929070472717285e-01,-9.999973773956298828e-01,-9.999948740005493164e-01,-9.999989271163940430e-01,9.999922513961791992e-01,9.999974370002746582e-01,-9.999986886978149414e-01,9.999566078186035156e-01,9.999994635581970215e-01,9.999991059303283691e-01,9.999941587448120117e-01,-9.999992847442626953e-01,9.999991655349731445e-01,-9.999921917915344238e-01,9.999871850013732910e-01,9.999994039535522461e-01,9.999989271163940430e-01,9.999988675117492676e-01,-9.999955892562866211e-01,9.999990463256835938e-01,9.999992251396179199e-01,-9.999990463256835938e-01,-9.999992251396179199e-01,-9.999988675117492676e-01,-9.999992847442626953e-01,-9.999953508377075195e-01,-9.999988675117492676e-01,-9.999988079071044922e-01,-9.999961853027343750e-01,9.999843239784240723e-01,9.999979138374328613e-01,9.999989867210388184e-01,-9.999989271163940430e-01,9.999994039535522461e-01,9.999989271163940430e-01,9.999970197677612305e-01,-9.999966621398925781e-01,-9.999992847442626953e-01,-9.999994039535522461e-01,-9.999972581863403320e-01,-9.999993443489074707e-01,9.999991059303283691e-01,-9.999992251396179199e-01,9.999985098838806152e-01,9.999907612800598145e-01,-9.999958276748657227e-01,-9.999858140945434570e-01,-9.999989867210388184e-01,9.999949932098388672e-01,9.999992251396179199e-01,-9.999964237213134766e-01,-9.999973773956298828e-01,9.999849200248718262e-01,9.999984502792358398e-01,-9.999992847442626953e-01,9.999986886978149414e-01,-9.999988675117492676e-01,-9.999926686286926270e-01,9.999870061874389648e-01,9.999993443489074707e-01,9.999916553497314453e-01,9.998233914375305176e-01,-9.999974370002746582e-01,9.999989867210388184e-01,-9.999889731407165527e-01,-9.999984502792358398e-01,9.999987483024597168e-01,-9.999985694885253906e-01,-9.999936223030090332e-01,9.999994635581970215e-01,-9.999992251396179199e-01,9.999974966049194336e-01,-9.999977946281433105e-01,9.999992847442626953e-01,-9.999280571937561035e-01,9.998987317085266113e-01,9.999991655349731445e-01,9.999981522560119629e-01,-9.999870061874389648e-01,-9.999989271163940430e-01,-9.999960064888000488e-01,9.999991655349731445e-01,-9.999990463256835938e-01,9.999987483024597168e-01,-9.999989271163940430e-01,-9.999703764915466309e-01,9.999994635581970215e-01,-9.999984502792358398e-01,9.999993443489074707e-01,-9.999989271163940430e-01,-9.999967217445373535e-01,-9.999985694885253906e-01,-9.999992251396179199e-01,9.999975562095642090e-01,9.999989271163940430e-01,-9.999983906745910645e-01,-9.999933242797851562e-01,-9.999968409538269043e-01,9.999934434890747070e-01,-9.999967217445373535e-01
-9.999986886978149414e-01,9.999990463256835938e-01,9.999954104423522949e-01,-9.999985694885253906e-01,-9.999993443489074707e-01,9.999991655349731445e-01,-9.999968409538269043e-01,-9.999993443489074707e-01,9.999977350234985352e-01,-9.999986886978149414e-01,9.999990463256835938e-01,9.999992251396179199e-01,-9.999985694885253906e-01,-9.999989271163940430e-01,-9.999943375587463379e-01,-9.999972581863403320e-01,-9.999980330467224121e-01,9.999987483024597168e-01,-9.999950528144836426e-01,9.999993443489074707e-01,9.999992847442626953e-01,-9.999948143959045410e-01,-9.999989271163940430e-01,-9.999986290931701660e-01,-9.999917149543762207e-01,-9.999992847442626953e-01,9.999987483024597168e-01,9.999992251396179199e-01,-9.999921321868896484e-01,9.999970197677612305e-01,9.999942779541015625e-01,9.999987483024597168e-01,-9.999913573265075684e-01,-9.999971389770507812e-01,9.999985098838806152e-01,-9.999516606330871582e-01,-9.999992847442626953e-01,-9.999989271163940430e-01,-9.999935030937194824e-01,9.999992251396179199e-01,-9.999990463256835938e-01,9.999912977218627930e-01,-9.999858736991882324e-01,-9.999992251396179199e-01,-9.999987483024597168e-01,-9.999986886978149414e-01,9.999951124191284180e-01,-9.999988675117492676e-01,-9.999991655349731445e-01,9.999989271163940430e-01,9.999991655349731445e-01,9.999987483024597168e-01,9.999992251396179199e-01,9.999948143959045410e-01,9.999987483024597168e-01,9.999986290931701660e-01,9.999957680702209473e-01,-9.999825358390808105e-01,-9.999976754188537598e-01,-9.999988079071044922e-01,9.999988079071044922e-01,-9.999993443489074707e-01,-9.999988079071044922e-01,-9.999966025352478027e-01,9.999962449073791504e-01,9.999991655349731445e-01,9.999993443489074707e-01,9.999969601631164551e-01,9.999992847442626953e-01,-9.999988675117492676e-01,9.999991655349731445e-01,-9.999984502792358398e-01,-9.999897480010986328e-01,9.999952912330627441e-01,9.999842047691345215e-01,9.999988675117492676e-01,-9.999944567680358887e-01,-9.999991059303283691e-01,9.999960064888000488e-01,9.999970793724060059e-01,-9.999831914901733398e-01,-9.999982714653015137e-01,9.999991655349731445e-01,-9.999985098838806152e-01,9.999987483024597168e-01,9.999918937683105469e-01,-9.999856352806091309e-01,-9.999992847442626953e-01,-9.999906420707702637e-01,-9.998033642768859863e-01,9.999971389770507812e-01,-9.999988675117492676e-01,9.999877214431762695e-01,9.999982714653015137e-01,-9.999986290931701660e-01,9.999983906745910645e-01,9.999929070472717285e-01,-9.999992847442626953e-01,9.999991655349731445e-01,-9.999971985816955566e-01,9.999976158142089844e-01,-9.999991655349731445e-01,9.999198913574218750e-01,-9.998873472213745117e-01,-9.999990463256835938e-01,-9.999979734420776367e-01,9.999853968620300293e-01,9.999988079071044922e-01,9.999954700469970703e-01,-9.999989867210388184e-01,9.999988675117492676e-01,-9.999986290931701660e-01,9.999988079071044922e-01,9.999669790267944336e-01,-9.999993443489074707e-01,9.999981522560119629e-01,-9.999992847442626953e-01,9.999987483024597168e-01,9.999964237213134766e-01,9.999982714653015137e-01,9.999991059303283691e-01,-9.999973177909851074e-01,-9.999988079071044922e-01,9.999982118606567383e-01,9.999925494194030762e-01,9.999965429306030273e-01,-9.999926090240478516e-01,9.999963641166687012e-01
9.999958276748657227e-01,-9.999966025352478027e-01,-9.999837875366210938e-01,9.999948740005493164e-01,9.999971389770507812e-01,-9.999968409538269043e-01,9.999890923500061035e-01,9.999974966049194336e-01,-9.999921321868896484e-01,9.999953508377075195e-01,-9.999967813491821289e-01,-9.999971389770507812e-01,9.999950528144836426e-01,9.999960660934448242e-01,9.999801516532897949e-01,9.999904036521911621e-01,9.999932646751403809e-01,-9.999957680702209473e-01,9.999823570251464844e-01,-9.999976754188537598e-01,-9.999973177909851074e-01,9.999818801879882812e-01,9.999963045120239258e-01,9.999953508377075195e-01,9.999706149101257324e-01,9.999972581863403320e-01,-9.999955892562866211e-01,-9.999971389770507812e-01,9.999722838401794434e-01,-9.999896883964538574e-01,-9.999796748161315918e-01,-9.999957680702209473e-01,9.999697208404541016e-01,9.999900460243225098e-01,-9.999946355819702148e-01,9.998303651809692383e-01,9.999973773956298828e-01,9.999963045120239258e-01,9.999771714210510254e-01,-9.999970793724060059e-01,9.999965429306030273e-01,-9.999693632125854492e-01,9.999499917030334473e-01,9.999971985816955566e-01,9.999958276748657227e-01,9.999955296516418457e-01,-9.999827742576599121e-01,9.999961853027343750e-01,9.999968409538269043e-01,-9.999961256980895996e-01,-9.999968409538269043e-01,-9.999957084655761719e-01,-9.999970793724060059e-01,-9.999817609786987305e-01,-9.999955892562866211e-01,-9.999952912330627441e-01,-9.999851584434509277e-01,9.999386072158813477e-01,9.999920129776000977e-01,9.999958276748657227e-01,-9.999960064888000488e-01,9.999973773956298828e-01,9.999959468841552734e-01,9.999881386756896973e-01,-9.999874234199523926e-01,-9.999970793724060059e-01,-9.999974370002746582e-01,-9.999897480010986328e-01,-9.999972581863403320e-01,9.999962449073791504e-01,-9.999967813491821289e-01,9.999942779541015625e-01,9.999638199806213379e-01,-9.999833703041076660e-01,-9.999444484710693359e-01,-9.999958276748657227e-01,9.999805092811584473e-01,9.999967217445373535e-01,-9.999862909317016602e-01,-9.999898672103881836e-01,9.999408721923828125e-01,9.999939799308776855e-01,-9.999969601631164551e-01,9.999948740005493164e-01,-9.999956488609313965e-01,-9.999717473983764648e-01,9.999495744705200195e-01,9.999971985816955566e-01,9.999670982360839844e-01,9.993097782135009766e-01,-9.999902248382568359e-01,9.999958276748657227e-01,-9.999567866325378418e-01,-9.999940395355224609e-01,9.999951720237731934e-01,-9.999944567680358887e-01,-9.999750852584838867e-01,9.999973773956298828e-01,-9.999969005584716797e-01,9.999902844429016113e-01,-9.999915957450866699e-01,9.999969601631164551e-01,-9.997187852859497070e-01,9.996044039726257324e-01,9.999964833259582520e-01,9.999929666519165039e-01,-9.999490976333618164e-01,-9.999957680702209473e-01,-9.999843239784240723e-01,9.999961256980895996e-01,-9.999961853027343750e-01,9.999951720237731934e-01,-9.999957680702209473e-01,-9.998839497566223145e-01,9.999974370002746582e-01,-9.999940395355224609e-01,9.999973177909851074e-01,-9.999955892562866211e-01,-9.999873638153076172e-01,-9.999941587448120117e-01,-9.999967217445373535e-01,9.999908208847045898e-01,9.999955892562866211e-01,-9.999938011169433594e-01,-9.999739527702331543e-01,-9.999880194664001465e-01,9.999739527702331543e-01,-9.999874234199523926e-01
9.999989867210388184e-01,-9.999992251396179199e-01,-9.999961256980895996e-01,9.999988675117492676e-01,9.999994039535522461e-01,-9.999993443489074707e-01,9.999974966049194336e-01,9.999994635581970215e-01,-9.999980926513671875e-01,9.999989271163940430e-01,-9.999992251396179199e-01,-9.999992847442626953e-01,9.999988675117492676e-01,9.999991655349731445e-01,9.999955296516418457e-01,9.999977946281433105e-01,9.999983310699462891e-01,-9.999991059303283691e-01,9.999959468841552734e-01,-9.999994635581970215e-01,-9.999993443489074707e-01,9.999958276748657227e-01,9.999992251396179199e-01,9.999988675117492676e-01,9.999933242797851562e-01,9.999993443489074707e-01,-9.999989867210388184e-01,-9.999994039535522461e-01,9.999936819076538086e-01,-9.999975562095642090e-01,-9.999953508377075195e-01,-9.999989867210388184e-01,9.999930858612060547e-01,9.999976158142089844e-01,-9.999987483024597168e-01,9.999612569808959961e-01,9.999994635581970215e-01,9.999992251396179199e-01,9.999946951866149902e-01,-9.999992847442626953e-01,9.999992251396179199e-01,-9.999929070472717285e-01,9.999885559082031250e-01,9.999994039535522461e-01,9.999990463256835938e-01,9.999989867210388184e-01,-9.999960064888000488e-01,9.999991655349731445e-01,9.999993443489074707e-01,-9.999990463256835938e-01,-9.999993443489074707e-01,-9.999990463256835938e-01,-9.999993443489074707e-01,-9.999957680702209473e-01,-9.999989867210388184e-01,-9.999989271163940430e-01,-9.999966025352478027e-01,9.999859333038330078e-01,9.999981522560119629e-01,9.999991059303283691e-01,-9.999991059303283691e-01,9.999994039535522461e-01,9.999991059303283691e-01,9.999972581863403320e-01,-9.999970197677612305e-01,-9.999993443489074707e-01,-9.999994635581970215e-01,-9.999976158142089844e-01,-9.999994039535522461e-01,9.999991655349731445e-01,-9.999992251396179199e-01,9.999987483024597168e-01,9.999917149543762207e-01,-9.999961256980895996e-01,-9.999873638153076172e-01,-9.999991655349731445e-01,9.999955296516418457e-01,9.999992847442626953e-01,-9.999967813491821289e-01,-9.999976754188537598e-01,9.999865293502807617e-01,9.999986290931701660e-01,-9.999992847442626953e-01,9.999988079071044922e-01,-9.999990463256835938e-01,-9.999934434890747070e-01,9.999883770942687988e-01,9.999993443489074707e-01,9.999924898147583008e-01,9.998422861099243164e-01,-9.999977350234985352e-01,9.999991059303283691e-01,-9.999901652336120605e-01,-9.999986290931701660e-01,9.999988079071044922e-01,-9.999986886978149414e-01,-9.999942183494567871e-01,9.999994635581970215e-01,-9.999992251396179199e-01,9.999977350234985352e-01,-9.999980330467224121e-01,9.999993443489074707e-01,-9.999357461929321289e-01,9.999096393585205078e-01,9.999992251396179199e-01,9.999982714653015137e-01,-9.999883770942687988e-01,-9.999991059303283691e-01,-9.999962449073791504e-01,9.999991655349731445e-01,-9.999991655349731445e-01,9.999988675117492676e-01,-9.999990463256835938e-01,-9.999735355377197266e-01,9.999994635581970215e-01,-9.999986290931701660e-01,9.999994039535522461e-01,-9.999989867210388184e-01,-9.999970793724060059e-01,-9.999986290931701660e-01,-9.999992847442626953e-01,9.999978542327880859e-01,9.999990463256835938e-01,-9.999985694885253906e-01,-9.999940395355224609e-01,-9.999971389770507812e-01,9.999940395355224609e-01,-9.999970197677612305e-01
-9.999969601631164551e-01,9.999974966049194336e-01,9.999882578849792480e-01,-9.999961853027343750e-01,-9.999979734420776367e-01,9.999977350234985352e-01,-9.999921321868896484e-01,-9.999980926513671875e-01,9.999942183494567871e-01,-9.999966025352478027e-01,9.999976754188537598e-01,9.999979138374328613e-01,-9.999964237213134766e-01,-9.999971985816955566e-01,-9.999856948852539062e-01,-9.999930858612060547e-01,-9.999951124191284180e-01,9.999969601631164551e-01,-9.999873042106628418e-01,9.999982714653015137e-01,9.999979138374328613e-01,-9.999868273735046387e-01,-9.999973177909851074e-01,-9.999966025352478027e-01,-9.999788403511047363e-01,-9.999979734420776367e-01,9.999967813491821289e-01,9.999979138374328613e-01,-9.999800920486450195e-01,9.999926686286926270e-01,9.999853968620300293e-01,9.999969005584716797e-01,-9.999783039093017578e-01,-9.999928474426269531e-01,9.999960064888000488e-01,-9.998776316642761230e-01,-9.999980926513671875e-01,-9.999973177909851074e-01,-9.999834895133972168e-01,9.999977946281433105e-01,-9.999974966049194336e-01,9.999779462814331055e-01,-9.999638795852661133e-01,-9.999979138374328613e-01,-9.999969005584716797e-01,-9.999967217445373535e-01,9.999876022338867188e-01,-9.999971985816955566e-01,-9.999977350234985352e-01,9.999971985816955566e-01,9.999977350234985352e-01,9.999969005584716797e-01,9.999979138374328613e-01,9.999868869781494141e-01,9.999967813491821289e-01,9.999965429306030273e-01,9.999893307685852051e-01,-9.999557137489318848e-01,-9.999942779541015625e-01,-9.999968409538269043e-01,9.999970793724060059e-01,-9.999980330467224121e-01,-9.999970197677612305e-01,-9.999914765357971191e-01,9.999908804893493652e-01,9.999977946281433105e-01,9.999982118606567383e-01,9.999924898147583008e-01,9.999980330467224121e-01,-9.999972581863403320e-01,9.999976158142089844e-01,-9.999958276748657227e-01,-9.999740123748779297e-01,9.999880194664001465e-01,9.999600052833557129e-01,9.999969601631164551e-01,-9.999859929084777832e-01,-9.999976158142089844e-01,9.999901056289672852e-01,9.999926686286926270e-01,-9.999573826789855957e-01,-9.999957084655761719e-01,9.999977350234985352e-01,-9.999961256980895996e-01,9.999967813491821289e-01,9.999795556068420410e-01,-9.999636411666870117e-01,-9.999979734420776367e-01,-9.999763369560241699e-01,-9.995026588439941406e-01,9.999930262565612793e-01,-9.999970197677612305e-01,9.999689459800720215e-01,9.999956488609313965e-01,-9.999964833259582520e-01,9.999960064888000488e-01,9.999819993972778320e-01,-9.999980926513671875e-01,9.999977946281433105e-01,-9.999930262565612793e-01,9.999939203262329102e-01,-9.999977350234985352e-01,9.997974038124084473e-01,-9.997149705886840820e-01,-9.999974966049194336e-01,-9.999948740005493164e-01,9.999632835388183594e-01,9.999968409538269043e-01,9.999886155128479004e-01,-9.999971985816955566e-01,9.999971389770507812e-01,-9.999965429306030273e-01,9.999969601631164551e-01,9.999164342880249023e-01,-9.999981522560119629e-01,9.999957084655761719e-01,-9.999979138374328613e-01,9.999967813491821289e-01,9.999908208847045898e-01,9.999957680702209473e-01,9.999976158142089844e-01,-9.999934434890747070e-01,-9.999968409538269043e-01,9.999955296516418457e-01,9.999811649322509766e-01,9.999913573265075684e-01,-9.999812245368957520e-01,9.999908804893493652e-01
9.999982118606567383e-01,-9.999985098838806152e-01,-9.999931454658508301e-01,9.999977946281433105e-01,9.999988675117492676e-01,-9.999986886978149414e-01,9.999953508377075195e-01,9.999989271163940430e-01,-9.999966025352478027e-01,9.999979734420776367e-01,-9.999986290931701660e-01,-9.999988079071044922e-01,9.999978542327880859e-01,9.999983310699462891e-01,9.999915361404418945e-01,9.999960064888000488e-01,9.999970793724060059e-01,-9.999982118606567383e-01,9.999926090240478516e-01,-9.999990463256835938e-01,-9.999988675117492676e-01,9.999923110008239746e-01,9.999985098838806152e-01,9.999979734420776367e-01,9.999876022338867188e-01,9.999988675117492676e-01,-9.999980926513671875e-01,-9.999987483024597168e-01,9.999882578849792480e-01,-9.999956488609313965e-01,-9.999914169311523438e-01,-9.999981522560119629e-01,9.999871253967285156e-01,9.999957680702209473e-01,-9.999977350234985352e-01,9.999279379844665527e-01,9.999988675117492676e-01,9.999984502792358398e-01,9.999902844429016113e-01,-9.999987483024597168e-01,9.999985098838806152e-01,-9.999870061874389648e-01,9.999788403511047363e-01,9.999988675117492676e-01,9.999982714653015137e-01,9.999980926513671875e-01,-9.999926686286926270e-01,9.999983310699462891e-01,9.999987483024597168e-01,-9.999983310699462891e-01,-9.999986290931701660e-01,-9.999982714653015137e-01,-9.999987483024597168e-01,-9.999922513961791992e-01,-9.999980926513671875e-01,-9.999979734420776367e-01,-9.999937415122985840e-01,9.999739527702331543e-01,9.999965429306030273e-01,9.999982714653015137e-01,-9.999982714653015137e-01,9.999989271163940430e-01,9.999982118606567383e-01,9.999950528144836426e-01,-9.999945759773254395e-01,-9.999988079071044922e-01,-9.999989271163940430e-01,-9.999956488609313965e-01,-9.999988675117492676e-01,9.999983906745910645e-01,-9.999986290931701660e-01,9.999975562095642090e-01,9.999846816062927246e-01,-9.999929666519165039e-01,-9.999765753746032715e-01,-9.999982714653015137e-01,9.999917149543762207e-01,9.999986290931701660e-01,-9.999940991401672363e-01,-9.999957084655761719e-01,9.999749064445495605e-01,9.999973773956298828e-01,-9.999987483024597168e-01,9.999977946281433105e-01,-9.999980926513671875e-01,-9.999879002571105957e-01,9.999786019325256348e-01,9.999988079071044922e-01,9.999860525131225586e-01,9.997067451477050781e-01,-9.999958872795104980e-01,9.999982714653015137e-01,-9.999817609786987305e-01,-9.999974966049194336e-01,9.999978542327880859e-01,-9.999976158142089844e-01,-9.999893903732299805e-01,9.999988675117492676e-01,-9.999986886978149414e-01,9.999958872795104980e-01,-9.999964833259582520e-01,9.999986886978149414e-01,-9.998804926872253418e-01,9.998320937156677246e-01,9.999985098838806152e-01,9.999969601631164551e-01,-9.999784231185913086e-01,-9.999982118606567383e-01,-9.999933242797851562e-01,9.999984502792358398e-01,-9.999983310699462891e-01,9.999979734420776367e-01,-9.999981522560119629e-01,-9.999507069587707520e-01,9.999989867210388184e-01,-9.999974370002746582e-01,9.999988675117492676e-01,-9.999980330467224121e-01,-9.999946951866149902e-01,-9.999975562095642090e-01,-9.999986290931701660e-01,9.999960660934448242e-01,9.999982118606567383e-01,-9.999973177909851074e-01,-9.999889135360717773e-01,-9.999948740005493164e-01,9.999889135360717773e-01,-9.999946951866149902e-01
-9.999986290931701660e-01,9.999989271163940430e-01,9.999952316284179688e-01,-9.999984502792358398e-01,-9.999991059303283691e-01,9.999990463256835938e-01,-9.999967813491821289e-01,-9.999992251396179199e-01,9.999976754188537598e-01,-9.999986290931701660e-01,9.999989867210388184e-01,9.999991059303283691e-01,-9.999985694885253906e-01,-9.999988675117492676e-01,-9.999942183494567871e-01,-9.999971985816955566e-01,-9.999980330467224121e-01,9.999986886978149414e-01,-9.999948740005493164e-01,9.999993443489074707e-01,9.999991655349731445e-01,-9.999946355819702148e-01,-9.999988675117492676e-01,-9.999985694885253906e-01,-9.999913573265075684e-01,-9.999991655349731445e-01,9.999986886978149414e-01,9.999991059303283691e-01,-9.999918937683105469e-01,9.999969005584716797e-01,9.999940991401672363e-01,9.999986886978149414e-01,-9.999911785125732422e-01,-9.999969601631164551e-01,9.999983906745910645e-01,-9.999504685401916504e-01,-9.999992847442626953e-01,-9.999989271163940430e-01,-9.999932646751403809e-01,9.999991059303283691e-01,-9.999988675117492676e-01,9.999909996986389160e-01,-9.999854564666748047e-01,-9.999992251396179199e-01,-9.999986886978149414e-01,-9.999986290931701660e-01,9.999949336051940918e-01,-9.999988079071044922e-01,-9.999990463256835938e-01,9.999988079071044922e-01,9.999991059303283691e-01,9.999987483024597168e-01,9.999991059303283691e-01,9.999946355819702148e-01,9.999986290931701660e-01,9.999985098838806152e-01,9.999955892562866211e-01,-9.999820590019226074e-01,-9.999975562095642090e-01,-9.999986886978149414e-01,9.999987483024597168e-01,-9.999992251396179199e-01,-9.999988079071044922e-01,-9.999964833259582520e-01,9.999961853027343750e-01,9.999991655349731445e-01,9.999992251396179199e-01,9.999969005584716797e-01,9.999992847442626953e-01,-9.999988675117492676e-01,9.999989867210388184e-01,-9.999982714653015137e-01,-9.999895095825195312e-01,9.999951720237731934e-01,9.999837875366210938e-01,9.999987483024597168e-01,-9.999942183494567871e-01,-9.999989867210388184e-01,9.999959468841552734e-01,9.999970197677612305e-01,-9.999827146530151367e-01,-9.999981522560119629e-01,9.999990463256835938e-01,-9.999983906745910645e-01,9.999986290931701660e-01,9.999916553497314453e-01,-9.999853372573852539e-01,-9.999991655349731445e-01,-9.999904632568359375e-01,-9.997988343238830566e-01,9.999970793724060059e-01,-9.999986886978149414e-01,9.999874234199523926e-01,9.999982118606567383e-01,-9.999985098838806152e-01,9.999982714653015137e-01,9.999927282333374023e-01,-9.999992847442626953e-01,9.999990463256835938e-01,-9.999970793724060059e-01,9.999974966049194336e-01,-9.999990463256835938e-01,9.999180436134338379e-01,-9.998847246170043945e-01,-9.999988675117492676e-01,-9.999978542327880859e-01,9.999850988388061523e-01,9.999986886978149414e-01,9.999952912330627441e-01,-9.999988675117492676e-01,9.999988079071044922e-01,-9.999985098838806152e-01,9.999987483024597168e-01,9.999661445617675781e-01,-9.999992847442626953e-01,9.999982714653015137e-01,-9.999991655349731445e-01,9.999986886978149414e-01,9.999962449073791504e-01,9.999981522560119629e-01,9.999991059303283691e-01,-9.999971389770507812e-01,-9.999986886978149414e-01,9.999981522560119629e-01,9.999923706054687500e-01,9.999963641166687012e-01,-9.999923110008239746e-01,9.999961853027343750e-01
-9.999988675117492676e-01,9.999991655349731445e-01,9.999958276748657227e-01,-9.999986886978149414e-01,-9.999992847442626953e-01,9.999992251396179199e-01,-9.999971389770507812e-01,-9.999992847442626953e-01,9.999979138374328613e-01,-9.999988079071044922e-01,9.999991059303283691e-01,9.999992847442626953e-01,-9.999986886978149414e-01,-9.999990463256835938e-01,-9.999948740005493164e-01,-9.999975562095642090e-01,-9.999982118606567383e-01,9.999988675117492676e-01,-9.999954700469970703e-01,9.999994635581970215e-01,9.999993443489074707e-01,-9.999954104423522949e-01,-9.999991059303283691e-01,-9.999986886978149414e-01,-9.999924302101135254e-01,-9.999992847442626953e-01,9.999988675117492676e-01,9.999992847442626953e-01,-9.999929070472717285e-01,9.999973177909851074e-01,9.999947547912597656e-01,9.999988675117492676e-01,-9.999921917915344238e-01,-9.999973177909851074e-01,9.999986290931701660e-01,-9.999562501907348633e-01,-9.999994635581970215e-01,-9.999991059303283691e-01,-9.999940991401672363e-01,9.999992847442626953e-01,-9.999990463256835938e-01,9.999921321868896484e-01,-9.999871253967285156e-01,-9.999992847442626953e-01,-9.999989271163940430e-01,-9.999987483024597168e-01,9.999955296516418457e-01,-9.999990463256835938e-01,-9.999992251396179199e-01,9.999989271163940430e-01,9.999992251396179199e-01,9.999988675117492676e-01,9.999992847442626953e-01,9.999952316284179688e-01,9.999988675117492676e-01,9.999986886978149414e-01,9.999961256980895996e-01,-9.999842047691345215e-01,-9.999979138374328613e-01,-9.999989271163940430e-01,9.999989271163940430e-01,-9.999993443489074707e-01,-9.999989271163940430e-01,-9.999970197677612305e-01,9.999966025352478027e-01,9.999992847442626953e-01,9.999993443489074707e-01,9.999972581863403320e-01,9.999993443489074707e-01,-9.999989867210388184e-01,9.999991059303283691e-01,-9.999985694885253906e-01,-9.999907016754150391e-01,9.999957680702209473e-01,9.999856948852539062e-01,9.999989271163940430e-01,-9.999949932098388672e-01,-9.999991059303283691e-01,9.999963641166687012e-01,9.999973773956298828e-01,-9.999848008155822754e-01,-9.999983906745910645e-01,9.999991655349731445e-01,-9.999986886978149414e-01,9.999988675117492676e-01,9.999926090240478516e-01,-9.999868869781494141e-01,-9.999992251396179199e-01,-9.999915361404418945e-01,-9.998219609260559082e-01,9.999973773956298828e-01,-9.999989271163940430e-01,9.999889731407165527e-01,9.999984502792358398e-01,-9.999986886978149414e-01,9.999986290931701660e-01,9.999935626983642578e-01,-9.999993443489074707e-01,9.999992251396179199e-01,-9.999974370002746582e-01,9.999977946281433105e-01,-9.999992847442626953e-01,9.999274611473083496e-01,-9.998979568481445312e-01,-9.999991655349731445e-01,-9.999981522560119629e-01,9.999868273735046387e-01,9.999989271163940430e-01,9.999958872795104980e-01,-9.999990463256835938e-01,9.999989867210388184e-01,-9.999987483024597168e-01,9.999989271163940430e-01,9.999701380729675293e-01,-9.999994039535522461e-01,9.999983310699462891e-01,-9.999993443489074707e-01,9.999988675117492676e-01,9.999966621398925781e-01,9.999984502792358398e-01,9.999992251396179199e-01,-9.999975562095642090e-01,-9.999988079071044922e-01,9.999983906745910645e-01,9.999932646751403809e-01,9.999967813491821289e-01,-9.999932646751403809e-01,9.999966025352478027e-01
