9.999981522560119629e-01,-9.999983906745910645e-01,-9.999858140945434570e-01,9.999982118606567383e-01,9.999987483024597168e-01,-9.999986886978149414e-01,9.999946951866149902e-01,9.999989867210388184e-01,-9.999970793724060059e-01,9.999970793724060059e-01,-9.999979138374328613e-01,-9.999988675117492676e-01,9.999980330467224121e-01,9.999979734420776367e-01,9.999658465385437012e-01,9.999976158142089844e-01,9.999976754188537598e-01,-9.999985694885253906e-01,9.999896883964538574e-01,-9.999990463256835938e-01,-9.999989271163940430e-01,9.999849796295166016e-01,9.999980926513671875e-01,9.999984502792358398e-01,9.999894499778747559e-01,9.999990463256835938e-01,-9.999984502792358398e-01,-9.999989271163940430e-01,9.999765753746032715e-01,-9.999961256980895996e-01,-9.999948740005493164e-01,-9.999985098838806152e-01,9.999939203262329102e-01,9.999974966049194336e-01,-9.999965429306030273e-01,-9.999883174896240234e-01,9.999989271163940430e-01,9.999985694885253906e-01,9.999926090240478516e-01,-9.999987483024597168e-01,9.999984502792358398e-01,-9.999969601631164551e-01,9.999471902847290039e-01,9.999986290931701660e-01,9.999975562095642090e-01,9.999979138374328613e-01,9.999871850013732910e-01,9.999980330467224121e-01,9.999987483024597168e-01,-9.999985098838806152e-01,-9.999986886978149414e-01,-9.999974370002746582e-01,-9.999986290931701660e-01,-9.999905824661254883e-01,-9.999963045120239258e-01,-9.999979734420776367e-01,-9.999974966049194336e-01,9.999304413795471191e-01,9.999977946281433105e-01,9.999982714653015137e-01,-9.999971985816955566e-01,9.999988675117492676e-01,9.999982118606567383e-01,9.999949336051940918e-01,-9.999956488609313965e-01,-9.999988675117492676e-01,-9.999989867210388184e-01,-9.999942183494567871e-01,-9.999986886978149414e-01,9.999987483024597168e-01,-9.999987483024597168e-01,9.999980330467224121e-01,9.999966621398925781e-01,-9.999904632568359375e-01,-9.997574090957641602e-01,-9.999981522560119629e-01,9.999918341636657715e-01,9.999985694885253906e-01,-9.999912977218627930e-01,-9.999969005584716797e-01,-9.999619126319885254e-01,9.999974370002746582e-01,-9.999987483024597168e-01,9.999944567680358887e-01,-9.999982714653015137e-01,-9.999834299087524414e-01,9.999909996986389160e-01,9.999988079071044922e-01,-9.998673200607299805e-01,9.999970197677612305e-01,-9.999982118606567383e-01,9.999982714653015137e-01,-9.999741315841674805e-01,-9.999980330467224121e-01,9.999985098838806152e-01,-9.999977946281433105e-01,-9.999904632568359375e-01,9.999989271163940430e-01,-9.999988079071044922e-01,9.999886155128479004e-01,-9.999971985816955566e-01,9.999987483024597168e-01,-9.999784231185913086e-01,-9.999753832817077637e-01,9.999984502792358398e-01,9.999967813491821289e-01,9.999495148658752441e-01,-9.999977350234985352e-01,-9.999942779541015625e-01,9.999985098838806152e-01,-9.999977946281433105e-01,9.999986290931701660e-01,-9.999979138374328613e-01,-9.999878406524658203e-01,9.999989867210388184e-01,-9.999983310699462891e-01,9.999986886978149414e-01,-9.999986886978149414e-01,-9.999936223030090332e-01,-9.999980926513671875e-01,-9.999988675117492676e-01,9.999955892562866211e-01,9.999985694885253906e-01,-9.999973177909851074e-01,9.998533129692077637e-01,-9.999953508377075195e-01,9.999833703041076660e-01,-9.999975562095642090e-01
-9.999983906745910645e-01,9.999986290931701660e-01,9.999877214431762695e-01,-9.999984502792358398e-01,-9.999990463256835938e-01,9.999988675117492676e-01,-9.999954104423522949e-01,-9.999991655349731445e-01,9.999974370002746582e-01,-9.999974966049194336e-01,9.999982118606567383e-01,9.999990463256835938e-01,-9.999983310699462891e-01,-9.999982714653015137e-01,-9.999704957008361816e-01,-9.999979138374328613e-01,-9.999979138374328613e-01,9.999986886978149414e-01,-9.999911189079284668e-01,9.999991655349731445e-01,9.999992251396179199e-01,-9.999869465827941895e-01,-9.999983310699462891e-01,-9.999986290931701660e-01,-9.999907612800598145e-01,-9.999991655349731445e-01,9.999986886978149414e-01,9.999990463256835938e-01,-9.999796748161315918e-01,9.999967813491821289e-01,9.999955892562866211e-01,9.999986290931701660e-01,-9.999945759773254395e-01,-9.999978542327880859e-01,9.999970197677612305e-01,9.999898672103881836e-01,-9.999991655349731445e-01,-9.999988079071044922e-01,-9.999936223030090332e-01,9.999990463256835938e-01,-9.999986290931701660e-01,9.999974966049194336e-01,-9.999542832374572754e-01,-9.999988079071044922e-01,-9.999978542327880859e-01,-9.999980926513671875e-01,-9.999889135360717773e-01,-9.999982714653015137e-01,-9.999988675117492676e-01,9.999987483024597168e-01,9.999988079071044922e-01,9.999977350234985352e-01,9.999987483024597168e-01,9.999918341636657715e-01,9.999968409538269043e-01,9.999980926513671875e-01,9.999977946281433105e-01,-9.999397993087768555e-01,-9.999979734420776367e-01,-9.999984502792358398e-01,9.999974966049194336e-01,-9.999991059303283691e-01,-9.999984502792358398e-01,-9.999955892562866211e-01,9.999961256980895996e-01,9.999989271163940430e-01,9.999991655349731445e-01,9.999949932098388672e-01,9.999988675117492676e-01,-9.999989271163940430e-01,9.999988079071044922e-01,-9.999983310699462891e-01,-9.999970197677612305e-01,9.999915957450866699e-01,9.997901320457458496e-01,9.999982714653015137e-01,-9.999928474426269531e-01,-9.999986886978149414e-01,9.999925494194030762e-01,9.999973177909851074e-01,9.999669194221496582e-01,-9.999977350234985352e-01,9.999989271163940430e-01,-9.999951720237731934e-01,9.999983906745910645e-01,9.999855756759643555e-01,-9.999922513961791992e-01,-9.999988675117492676e-01,9.998850822448730469e-01,-9.999973773956298828e-01,9.999983310699462891e-01,-9.999985098838806152e-01,9.999775886535644531e-01,9.999982118606567383e-01,-9.999986886978149414e-01,9.999980926513671875e-01,9.999917149543762207e-01,-9.999991059303283691e-01,9.999989867210388184e-01,-9.999900460243225098e-01,9.999975562095642090e-01,-9.999988675117492676e-01,9.999813437461853027e-01,9.999787211418151855e-01,-9.999986886978149414e-01,-9.999972581863403320e-01,-9.999563097953796387e-01,9.999979734420776367e-01,9.999950528144836426e-01,-9.999986886978149414e-01,9.999980926513671875e-01,-9.999988079071044922e-01,9.999982118606567383e-01,9.999894499778747559e-01,-9.999991655349731445e-01,9.999985694885253906e-01,-9.999988079071044922e-01,9.999988079071044922e-01,9.999944567680358887e-01,9.999983310699462891e-01,9.999990463256835938e-01,-9.999961256980895996e-01,-9.999988079071044922e-01,9.999976754188537598e-01,-9.998729228973388672e-01,9.999959468841552734e-01,-9.999855756759643555e-01,9.999979138374328613e-01
-9.999858140945434570e-01,9.999877214431762695e-01,9.998897314071655273e-01,-9.999859929084777832e-01,-9.999911189079284668e-01,9.999894499778747559e-01,-9.999588727951049805e-01,-9.999919533729553223e-01,9.999773502349853516e-01,-9.999775886535644531e-01,9.999841451644897461e-01,9.999910593032836914e-01,-9.999851584434509277e-01,-9.999845027923583984e-01,-9.997349977493286133e-01,-9.999812841415405273e-01,-9.999819993972778320e-01,9.999890327453613281e-01,-9.999194145202636719e-01,9.999924302101135254e-01,9.999914169311523438e-01,-9.998828768730163574e-01,-9.999853968620300293e-01,-9.999880790710449219e-01,-9.999178051948547363e-01,-9.999920725822448730e-01,9.999880790710449219e-01,9.999912977218627930e-01,-9.998179078102111816e-01,9.999704957008361816e-01,9.999601244926452637e-01,9.999885559082031250e-01,-9.999521374702453613e-01,-9.999807476997375488e-01,9.999734759330749512e-01,9.999089241027832031e-01,-9.999918341636657715e-01,-9.999892711639404297e-01,-9.999426007270812988e-01,9.999909996986389160e-01,-9.999880194664001465e-01,9.999768733978271484e-01,-9.995903968811035156e-01,-9.999896883964538574e-01,-9.999810457229614258e-01,-9.999842643737792969e-01,-9.999001026153564453e-01,-9.999848604202270508e-01,-9.999903440475463867e-01,9.999887347221374512e-01,9.999897480010986328e-01,9.999805092811584473e-01,9.999892711639404297e-01,9.999270439147949219e-01,9.999719262123107910e-01,9.999843239784240723e-01,9.999803900718688965e-01,-9.994608163833618164e-01,-9.999831914901733398e-01,-9.999861121177673340e-01,9.999784231185913086e-01,-9.999914169311523438e-01,-9.999861121177673340e-01,-9.999598264694213867e-01,9.999657869338989258e-01,9.999904632568359375e-01,9.999918937683105469e-01,9.999541044235229492e-01,9.999891519546508789e-01,-9.999906420707702637e-01,9.999895095825195312e-01,-9.999843239784240723e-01,-9.999735355377197266e-01,9.999250173568725586e-01,9.981209635734558105e-01,9.999857544898986816e-01,-9.999358654022216797e-01,-9.999891519546508789e-01,9.999320507049560547e-01,9.999761581420898438e-01,9.997037649154663086e-01,-9.999802708625793457e-01,9.999904632568359375e-01,-9.999560713768005371e-01,9.999865889549255371e-01,9.998713135719299316e-01,-9.999304413795471191e-01,-9.999907016754150391e-01,9.989708065986633301e-01,-9.999765753746032715e-01,9.999852776527404785e-01,-9.999870061874389648e-01,9.997987151145935059e-01,9.999850392341613770e-01,-9.999884366989135742e-01,9.999831914901733398e-01,9.999261498451232910e-01,-9.999915361404418945e-01,9.999902844429016113e-01,-9.999107718467712402e-01,9.999784231185913086e-01,-9.999896287918090820e-01,9.998323917388916016e-01,9.998086690902709961e-01,-9.999883174896240234e-01,-9.999754428863525391e-01,-9.996083974838256836e-01,9.999818801879882812e-01,9.999561309814453125e-01,-9.999885559082031250e-01,9.999833703041076660e-01,-9.999886155128479004e-01,9.999848008155822754e-01,9.999052882194519043e-01,-9.999921917915344238e-01,9.999871850013732910e-01,-9.999899268150329590e-01,9.999898672103881836e-01,9.999504685401916504e-01,9.999853968620300293e-01,9.999908208847045898e-01,-9.999654889106750488e-01,-9.999892711639404297e-01,9.999798536300659180e-01,-9.988622665405273438e-01,9.999637007713317871e-01,-9.998704791069030762e-01,9.999811649322509766e-01
9.999982118606567383e-01,-9.999984502792358398e-01,-9.999859929084777832e-01,9.999980926513671875e-01,9.999988079071044922e-01,-9.999986290931701660e-01,9.999947547912597656e-01,9.999989867210388184e-01,-9.999971389770507812e-01,9.999970793724060059e-01,-9.999979138374328613e-01,-9.999988079071044922e-01,9.999980926513671875e-01,9.999980330467224121e-01,9.999665021896362305e-01,9.999976158142089844e-01,9.999976158142089844e-01,-9.999985694885253906e-01,9.999898672103881836e-01,-9.999991059303283691e-01,-9.999989271163940430e-01,9.999852776527404785e-01,9.999981522560119629e-01,9.999983906745910645e-01,9.999895691871643066e-01,9.999990463256835938e-01,-9.999985098838806152e-01,-9.999988675117492676e-01,9.999769926071166992e-01,-9.999962449073791504e-01,-9.999948740005493164e-01,-9.999984502792358398e-01,9.999939799308776855e-01,9.999974966049194336e-01,-9.999964833259582520e-01,-9.999884366989135742e-01,9.999989271163940430e-01,9.999986290931701660e-01,9.999927878379821777e-01,-9.999987483024597168e-01,9.999984502792358398e-01,-9.999970197677612305e-01,9.999483227729797363e-01,9.999986886978149414e-01,9.999974966049194336e-01,9.999978542327880859e-01,9.999873638153076172e-01,9.999980926513671875e-01,9.999986886978149414e-01,-9.999985098838806152e-01,-9.999986290931701660e-01,-9.999974370002746582e-01,-9.999985694885253906e-01,-9.999907016754150391e-01,-9.999963045120239258e-01,-9.999978542327880859e-01,-9.999974966049194336e-01,9.999318122863769531e-01,9.999977946281433105e-01,9.999982118606567383e-01,-9.999971389770507812e-01,9.999988675117492676e-01,9.999982118606567383e-01,9.999949336051940918e-01,-9.999957084655761719e-01,-9.999987483024597168e-01,-9.999989271163940430e-01,-9.999942183494567871e-01,-9.999986290931701660e-01,9.999987483024597168e-01,-9.999986886978149414e-01,9.999979734420776367e-01,9.999966025352478027e-01,-9.999905228614807129e-01,-9.997624158859252930e-01,-9.999980926513671875e-01,9.999918341636657715e-01,9.999985694885253906e-01,-9.999914169311523438e-01,-9.999968409538269043e-01,-9.999625086784362793e-01,9.999974370002746582e-01,-9.999987483024597168e-01,9.999944567680358887e-01,-9.999982118606567383e-01,-9.999837279319763184e-01,9.999911785125732422e-01,9.999987483024597168e-01,-9.998700618743896484e-01,9.999969005584716797e-01,-9.999980926513671875e-01,9.999983310699462891e-01,-9.999745488166809082e-01,-9.999979734420776367e-01,9.999984502792358398e-01,-9.999977946281433105e-01,-9.999905824661254883e-01,9.999989867210388184e-01,-9.999987483024597168e-01,9.999886751174926758e-01,-9.999972581863403320e-01,9.999985694885253906e-01,-9.999788999557495117e-01,-9.999758005142211914e-01,9.999983906745910645e-01,9.999967813491821289e-01,9.999505281448364258e-01,-9.999976158142089844e-01,-9.999943971633911133e-01,9.999985098838806152e-01,-9.999977946281433105e-01,9.999985694885253906e-01,-9.999979734420776367e-01,-9.999880194664001465e-01,9.999989271163940430e-01,-9.999982714653015137e-01,9.999985694885253906e-01,-9.999986290931701660e-01,-9.999937415122985840e-01,-9.999980330467224121e-01,-9.999988079071044922e-01,9.999955296516418457e-01,9.999985694885253906e-01,-9.999972581863403320e-01,9.998562335968017578e-01,-9.999953508377075195e-01,9.999836087226867676e-01,-9.999974966049194336e-01
9.999987483024597168e-01,-9.999990463256835938e-01,-9.999911189079284668e-01,9.999988079071044922e-01,9.999992251396179199e-01,-9.999991655349731445e-01,9.999965429306030273e-01,9.999994039535522461e-01,-9.999980330467224121e-01,9.999980926513671875e-01,-9.999986290931701660e-01,-9.999992251396179199e-01,9.999987483024597168e-01,9.999986886978149414e-01,9.999787807464599609e-01,9.999984502792358398e-01,9.999984502792358398e-01,-9.999990463256835938e-01,9.999935626983642578e-01,-9.999993443489074707e-01,-9.999993443489074707e-01,9.999905824661254883e-01,9.999988079071044922e-01,9.999991059303283691e-01,9.999933242797851562e-01,9.999993443489074707e-01,-9.999991059303283691e-01,-9.999993443489074707e-01,9.999853372573852539e-01,-9.999976754188537598e-01,-9.999967813491821289e-01,-9.999990463256835938e-01,9.999960064888000488e-01,9.999984502792358398e-01,-9.999977946281433105e-01,-9.999927282333374023e-01,9.999992847442626953e-01,9.999990463256835938e-01,9.999954104423522949e-01,-9.999991655349731445e-01,9.999991059303283691e-01,-9.999981522560119629e-01,9.999670982360839844e-01,9.999992251396179199e-01,9.999984502792358398e-01,9.999986290931701660e-01,9.999918937683105469e-01,9.999986886978149414e-01,9.999991655349731445e-01,-9.999991655349731445e-01,-9.999991059303283691e-01,-9.999983310699462891e-01,-9.999991655349731445e-01,-9.999940991401672363e-01,-9.999976754188537598e-01,-9.999986290931701660e-01,-9.999983310699462891e-01,9.999566674232482910e-01,9.999985694885253906e-01,9.999988675117492676e-01,-9.999981522560119629e-01,9.999992847442626953e-01,9.999988675117492676e-01,9.999966621398925781e-01,-9.999971389770507812e-01,-9.999992847442626953e-01,-9.999994039535522461e-01,-9.999963045120239258e-01,-9.999991655349731445e-01,9.999991655349731445e-01,-9.999991059303283691e-01,9.999987483024597168e-01,9.999978542327880859e-01,-9.999939799308776855e-01,-9.998490810394287109e-01,-9.999987483024597168e-01,9.999948740005493164e-01,9.999990463256835938e-01,-9.999945759773254395e-01,-9.999980330467224121e-01,-9.999762773513793945e-01,9.999983906745910645e-01,-9.999992847442626953e-01,9.999964237213134766e-01,-9.999988675117492676e-01,-9.999895691871643066e-01,9.999943375587463379e-01,9.999992251396179199e-01,-9.999173283576965332e-01,9.999979734420776367e-01,-9.999987483024597168e-01,9.999989271163940430e-01,-9.999838471412658691e-01,-9.999986886978149414e-01,9.999989867210388184e-01,-9.999985694885253906e-01,-9.999939799308776855e-01,9.999993443489074707e-01,-9.999992847442626953e-01,9.999927282333374023e-01,-9.999982714653015137e-01,9.999992251396179199e-01,-9.999864697456359863e-01,-9.999845623970031738e-01,9.999989867210388184e-01,9.999979138374328613e-01,9.999686479568481445e-01,-9.999984502792358398e-01,-9.999963641166687012e-01,9.999991059303283691e-01,-9.999985694885253906e-01,9.999991059303283691e-01,-9.999986886978149414e-01,-9.999923110008239746e-01,9.999993443489074707e-01,-9.999988675117492676e-01,9.999991655349731445e-01,-9.999992251396179199e-01,-9.999959468841552734e-01,-9.999987483024597168e-01,-9.999992847442626953e-01,9.999971389770507812e-01,9.999991655349731445e-01,-9.999982714653015137e-01,9.999086260795593262e-01,-9.999969601631164551e-01,9.999896287918090820e-01,-9.999984502792358398e-01
-9.999986886978149414e-01,9.999988675117492676e-01,9.999894499778747559e-01,-9.999986290931701660e-01,-9.999991655349731445e-01,9.999990463256835938e-01,-9.999960064888000488e-01,-9.999992847442626953e-01,9.999978542327880859e-01,-9.999978542327880859e-01,9.999984502792358398e-01,9.999991655349731445e-01,-9.999986290931701660e-01,-9.999985098838806152e-01,-9.999746084213256836e-01,-9.999982714653015137e-01,-9.999982714653015137e-01,9.999989271163940430e-01,-9.999923706054687500e-01,9.999994039535522461e-01,9.999992251396179199e-01,-9.999886751174926758e-01,-9.999986290931701660e-01,-9.999989271163940430e-01,-9.999921321868896484e-01,-9.999992847442626953e-01,9.999988675117492676e-01,9.999992251396179199e-01,-9.999825358390808105e-01,9.999971985816955566e-01,9.999961256980895996e-01,9.999988675117492676e-01,-9.999954700469970703e-01,-9.999981522560119629e-01,9.999974370002746582e-01,9.999913573265075684e-01,-9.999992847442626953e-01,-9.999989867210388184e-01,-9.999945163726806641e-01,9.999991655349731445e-01,-9.999989271163940430e-01,9.999977946281433105e-01,-9.999606609344482422e-01,-9.999990463256835938e-01,-9.999981522560119629e-01,-9.999984502792358398e-01,-9.999904632568359375e-01,-9.999985098838806152e-01,-9.999991059303283691e-01,9.999989271163940430e-01,9.999990463256835938e-01,9.999980926513671875e-01,9.999989867210388184e-01,9.999930262565612793e-01,9.999973177909851074e-01,9.999984502792358398e-01,9.999980926513671875e-01,-9.999482035636901855e-01,-9.999983906745910645e-01,-9.999987483024597168e-01,9.999979138374328613e-01,-9.999992251396179199e-01,-9.999986290931701660e-01,-9.999961853027343750e-01,9.999966621398925781e-01,9.999992251396179199e-01,9.999993443489074707e-01,9.999956488609313965e-01,9.999989867210388184e-01,-9.999991655349731445e-01,9.999991655349731445e-01,-9.999985694885253906e-01,-9.999974966049194336e-01,9.999928474426269531e-01,9.998192787170410156e-01,9.999986290931701660e-01,-9.999938607215881348e-01,-9.999989271163940430e-01,9.999935030937194824e-01,9.999977350234985352e-01,9.999716877937316895e-01,-9.999980926513671875e-01,9.999991059303283691e-01,-9.999958276748657227e-01,9.999986886978149414e-01,9.999876618385314941e-01,-9.999933242797851562e-01,-9.999991655349731445e-01,9.999010562896728516e-01,-9.999977350234985352e-01,9.999985694885253906e-01,-9.999988079071044922e-01,9.999806880950927734e-01,9.999985694885253906e-01,-9.999988675117492676e-01,9.999983906745910645e-01,9.999929070472717285e-01,-9.999993443489074707e-01,9.999992251396179199e-01,-9.999915361404418945e-01,9.999979734420776367e-01,-9.999991655349731445e-01,9.999839663505554199e-01,9.999816417694091797e-01,-9.999989271163940430e-01,-9.999976158142089844e-01,-9.999624490737915039e-01,9.999983310699462891e-01,9.999957680702209473e-01,-9.999989271163940430e-01,9.999983906745910645e-01,-9.999988675117492676e-01,9.999985098838806152e-01,9.999909400939941406e-01,-9.999992847442626953e-01,9.999987483024597168e-01,-9.999991059303283691e-01,9.999991059303283691e-01,9.999952912330627441e-01,9.999986290931701660e-01,9.999992847442626953e-01,-9.999966621398925781e-01,-9.999989271163940430e-01,9.999980330467224121e-01,-9.998906254768371582e-01,9.999966025352478027e-01,-9.999876618385314941e-01,9.999981522560119629e-01
9.999946951866149902e-01,-9.999954104423522949e-01,-9.999588727951049805e-01,9.999947547912597656e-01,9.999965429306030273e-01,-9.999960064888000488e-01,9.999847412109375000e-01,9.999969601631164551e-01,-9.999915957450866699e-01,9.999917149543762207e-01,-9.999939799308776855e-01,-9.999966621398925781e-01,9.999944567680358887e-01,9.999941587448120117e-01,9.999012351036071777e-01,9.999930262565612793e-01,9.999933242797851562e-01,-9.999958276748657227e-01,9.999700188636779785e-01,-9.999971389770507812e-01,-9.999967813491821289e-01,9.999563694000244141e-01,9.999945759773254395e-01,9.999955296516418457e-01,9.999694824218750000e-01,9.999970197677612305e-01,-9.999955892562866211e-01,-9.999967217445373535e-01,9.999321103096008301e-01,-9.999890327453613281e-01,-9.999850392341613770e-01,-9.999957680702209473e-01,9.999821782112121582e-01,9.999928474426269531e-01,-9.999901056289672852e-01,-9.999661445617675781e-01,9.999969601631164551e-01,9.999960064888000488e-01,9.999786019325256348e-01,-9.999965429306030273e-01,9.999955892562866211e-01,-9.999913573265075684e-01,9.998474121093750000e-01,9.999960064888000488e-01,9.999929666519165039e-01,9.999941587448120117e-01,9.999627470970153809e-01,9.999943971633911133e-01,9.999963641166687012e-01,-9.999957680702209473e-01,-9.999961853027343750e-01,-9.999926686286926270e-01,-9.999960064888000488e-01,-9.999728202819824219e-01,-9.999894499778747559e-01,-9.999941587448120117e-01,-9.999926686286926270e-01,9.997991323471069336e-01,9.999936819076538086e-01,9.999948143959045410e-01,-9.999918937683105469e-01,9.999966621398925781e-01,9.999948740005493164e-01,9.999850988388061523e-01,-9.999873042106628418e-01,-9.999963045120239258e-01,-9.999969601631164551e-01,-9.999829530715942383e-01,-9.999959468841552734e-01,9.999964833259582520e-01,-9.999960660934448242e-01,9.999942183494567871e-01,9.999901652336120605e-01,-9.999720454216003418e-01,-9.992992877960205078e-01,-9.999946951866149902e-01,9.999762773513793945e-01,9.999959468841552734e-01,-9.999747276306152344e-01,-9.999911189079284668e-01,-9.998896121978759766e-01,9.999925494194030762e-01,-9.999963045120239258e-01,9.999836683273315430e-01,-9.999949336051940918e-01,-9.999520182609558105e-01,9.999740719795227051e-01,9.999964833259582520e-01,-9.996165037155151367e-01,9.999912977218627930e-01,-9.999945163726806641e-01,9.999951720237731934e-01,-9.999250173568725586e-01,-9.999943375587463379e-01,9.999956488609313965e-01,-9.999937415122985840e-01,-9.999724626541137695e-01,9.999967813491821289e-01,-9.999963045120239258e-01,9.999666810035705566e-01,-9.999919533729553223e-01,9.999960660934448242e-01,-9.999374151229858398e-01,-9.999286532402038574e-01,9.999955892562866211e-01,9.999908208847045898e-01,9.998541474342346191e-01,-9.999932646751403809e-01,-9.999836683273315430e-01,9.999957680702209473e-01,-9.999936819076538086e-01,9.999957680702209473e-01,-9.999943971633911133e-01,-9.999647140502929688e-01,9.999969601631164551e-01,-9.999952316284179688e-01,9.999962449073791504e-01,-9.999961853027343750e-01,-9.999815821647644043e-01,-9.999944567680358887e-01,-9.999966621398925781e-01,9.999870657920837402e-01,9.999959468841552734e-01,-9.999925494194030762e-01,9.995760321617126465e-01,-9.999865293502807617e-01,9.999517202377319336e-01,-9.999929666519165039e-01
9.999989867210388184e-01,-9.999991655349731445e-01,-9.999919533729553223e-01,9.999989867210388184e-01,9.999994039535522461e-01,-9.999992847442626953e-01,9.999969601631164551e-01,9.999995231628417969e-01,-9.999984502792358398e-01,9.999983310699462891e-01,-9.999987483024597168e-01,-9.999994039535522461e-01,9.999989867210388184e-01,9.999988675117492676e-01,9.999808073043823242e-01,9.999986886978149414e-01,9.999985694885253906e-01,-9.999992251396179199e-01,9.999942183494567871e-01,-9.999994635581970215e-01,-9.999994635581970215e-01,9.999914169311523438e-01,9.999989867210388184e-01,9.999991655349731445e-01,9.999940395355224609e-01,9.999994635581970215e-01,-9.999991655349731445e-01,-9.999994039535522461e-01,9.999867677688598633e-01,-9.999978542327880859e-01,-9.999970793724060059e-01,-9.999992251396179199e-01,9.999964833259582520e-01,9.999986886978149414e-01,-9.999981522560119629e-01,-9.999935030937194824e-01,9.999994635581970215e-01,9.999992251396179199e-01,9.999958872795104980e-01,-9.999994039535522461e-01,9.999992847442626953e-01,-9.999982714653015137e-01,9.999702572822570801e-01,9.999992847442626953e-01,9.999986886978149414e-01,9.999988079071044922e-01,9.999927282333374023e-01,9.999988675117492676e-01,9.999993443489074707e-01,-9.999992251396179199e-01,-9.999992847442626953e-01,-9.999985694885253906e-01,-9.999992847442626953e-01,-9.999946951866149902e-01,-9.999979734420776367e-01,-9.999988675117492676e-01,-9.999986290931701660e-01,9.999607205390930176e-01,9.999987483024597168e-01,9.999990463256835938e-01,-9.999983906745910645e-01,9.999994039535522461e-01,9.999990463256835938e-01,9.999970197677612305e-01,-9.999975562095642090e-01,-9.999993443489074707e-01,-9.999995231628417969e-01,-9.999966025352478027e-01,-9.999992251396179199e-01,9.999993443489074707e-01,-9.999993443489074707e-01,9.999989271163940430e-01,9.999981522560119629e-01,-9.999945759773254395e-01,-9.998629689216613770e-01,-9.999989271163940430e-01,9.999954104423522949e-01,9.999992251396179199e-01,-9.999951124191284180e-01,-9.999983310699462891e-01,-9.999785423278808594e-01,9.999985694885253906e-01,-9.999993443489074707e-01,9.999967813491821289e-01,-9.999989271163940430e-01,-9.999906420707702637e-01,9.999948740005493164e-01,9.999993443489074707e-01,-9.999250769615173340e-01,9.999982714653015137e-01,-9.999989867210388184e-01,9.999992251396179199e-01,-9.999852776527404785e-01,-9.999988079071044922e-01,9.999991655349731445e-01,-9.999987483024597168e-01,-9.999945759773254395e-01,9.999994635581970215e-01,-9.999994039535522461e-01,9.999936223030090332e-01,-9.999985098838806152e-01,9.999992847442626953e-01,-9.999879002571105957e-01,-9.999861121177673340e-01,9.999991655349731445e-01,9.999982118606567383e-01,9.999716281890869141e-01,-9.999987483024597168e-01,-9.999967813491821289e-01,9.999992847442626953e-01,-9.999988675117492676e-01,9.999992251396179199e-01,-9.999988675117492676e-01,-9.999931454658508301e-01,9.999994635581970215e-01,-9.999992251396179199e-01,9.999992847442626953e-01,-9.999992847442626953e-01,-9.999964237213134766e-01,-9.999989271163940430e-01,-9.999994635581970215e-01,9.999974370002746582e-01,9.999992251396179199e-01,-9.999985098838806152e-01,9.999170899391174316e-01,-9.999973177909851074e-01,9.999906420707702637e-01,-9.999986886978149414e-01
-9.999970793724060059e-01,9.999974370002746582e-01,9.999773502349853516e-01,-9.999971389770507812e-01,-9.999980330467224121e-01,9.999978542327880859e-01,-9.999915957450866699e-01,-9.999984502792358398e-01,9.999952912330627441e-01,-9.999953508377075195e-01,9.999966025352478027e-01,9.999981522560119629e-01,-9.999969005584716797e-01,-9.999967813491821289e-01,-9.999457001686096191e-01,-9.999960660934448242e-01,-9.999962449073791504e-01,9.999977350234985352e-01,-9.999834895133972168e-01,9.999984502792358398e-01,9.999983310699462891e-01,-9.999759793281555176e-01,-9.999969601631164551e-01,-9.999975562095642090e-01,-9.999831318855285645e-01,-9.999983310699462891e-01,9.999974966049194336e-01,9.999982118606567383e-01,-9.999626874923706055e-01,9.999939799308776855e-01,9.999918341636657715e-01,9.999975562095642090e-01,-9.999902248382568359e-01,-9.999960064888000488e-01,9.999945759773254395e-01,9.999814033508300781e-01,-9.999982118606567383e-01,-9.999977350234985352e-01,-9.999882578849792480e-01,9.999980330467224121e-01,-9.999974966049194336e-01,9.999952912330627441e-01,-9.999160766601562500e-01,-9.999978542327880859e-01,-9.999960660934448242e-01,-9.999966025352478027e-01,-9.999794960021972656e-01,-9.999968409538269043e-01,-9.999979734420776367e-01,9.999976158142089844e-01,9.999977946281433105e-01,9.999958276748657227e-01,9.999977350234985352e-01,9.999850988388061523e-01,9.999942183494567871e-01,9.999967217445373535e-01,9.999960660934448242e-01,-9.998893737792968750e-01,-9.999964237213134766e-01,-9.999971389770507812e-01,9.999955296516418457e-01,-9.999982118606567383e-01,-9.999971389770507812e-01,-9.999917745590209961e-01,9.999930262565612793e-01,9.999980330467224121e-01,9.999983310699462891e-01,9.999906420707702637e-01,9.999977350234985352e-01,-9.999979138374328613e-01,9.999978542327880859e-01,-9.999967217445373535e-01,-9.999946951866149902e-01,9.999845623970031738e-01,9.996143579483032227e-01,9.999969601631164551e-01,-9.999868869781494141e-01,-9.999977350234985352e-01,9.999861717224121094e-01,9.999951124191284180e-01,9.999392628669738770e-01,-9.999958872795104980e-01,9.999980330467224121e-01,-9.999909996986389160e-01,9.999971389770507812e-01,9.999736547470092773e-01,-9.999858140945434570e-01,-9.999979734420776367e-01,9.997889995574951172e-01,-9.999951720237731934e-01,9.999968409538269043e-01,-9.999973177909851074e-01,9.999586939811706543e-01,9.999967813491821289e-01,-9.999976158142089844e-01,9.999964833259582520e-01,9.999848008155822754e-01,-9.999982118606567383e-01,9.999980926513671875e-01,-9.999818205833435059e-01,9.999955892562866211e-01,-9.999978542327880859e-01,9.999656081199645996e-01,9.999607205390930176e-01,-9.999975562095642090e-01,-9.999949336051940918e-01,-9.999197125434875488e-01,9.999962449073791504e-01,9.999910593032836914e-01,-9.999976158142089844e-01,9.999965429306030273e-01,-9.999976754188537598e-01,9.999968409538269043e-01,9.999806284904479980e-01,-9.999982714653015137e-01,9.999973177909851074e-01,-9.999978542327880859e-01,9.999978542327880859e-01,9.999898672103881836e-01,9.999969601631164551e-01,9.999980926513671875e-01,-9.999928474426269531e-01,-9.999977946281433105e-01,9.999958276748657227e-01,-9.997668266296386719e-01,9.999925494194030762e-01,-9.999734759330749512e-01,9.999960660934448242e-01
9.999970793724060059e-01,-9.999974966049194336e-01,-9.999775886535644531e-01,9.999970793724060059e-01,9.999980926513671875e-01,-9.999978542327880859e-01,9.999917149543762207e-01,9.999983310699462891e-01,-9.999953508377075195e-01,9.999954700469970703e-01,-9.999967217445373535e-01,-9.999981522560119629e-01,9.999969601631164551e-01,9.999967217445373535e-01,9.999461770057678223e-01,9.999961256980895996e-01,9.999961853027343750e-01,-9.999977350234985352e-01,9.999837279319763184e-01,-9.999984502792358398e-01,-9.999982118606567383e-01,9.999762177467346191e-01,9.999970197677612305e-01,9.999974966049194336e-01,9.999833106994628906e-01,9.999982714653015137e-01,-9.999974966049194336e-01,-9.999982118606567383e-01,9.999630451202392578e-01,-9.999940395355224609e-01,-9.999919533729553223e-01,-9.999976158142089844e-01,9.999903440475463867e-01,9.999960660934448242e-01,-9.999946355819702148e-01,-9.999815821647644043e-01,9.999983310699462891e-01,9.999977350234985352e-01,9.999883174896240234e-01,-9.999980330467224121e-01,9.999975562095642090e-01,-9.999952316284179688e-01,9.999169707298278809e-01,9.999977946281433105e-01,9.999961256980895996e-01,9.999966621398925781e-01,9.999797344207763672e-01,9.999969005584716797e-01,9.999980330467224121e-01,-9.999976158142089844e-01,-9.999978542327880859e-01,-9.999960064888000488e-01,-9.999977350234985352e-01,-9.999851584434509277e-01,-9.999943375587463379e-01,-9.999967813491821289e-01,-9.999959468841552734e-01,9.998905658721923828e-01,9.999964833259582520e-01,9.999971389770507812e-01,-9.999955892562866211e-01,9.999981522560119629e-01,9.999971389770507812e-01,9.999918937683105469e-01,-9.999929666519165039e-01,-9.999980330467224121e-01,-9.999983310699462891e-01,-9.999907612800598145e-01,-9.999977946281433105e-01,9.999979734420776367e-01,-9.999978542327880859e-01,9.999967813491821289e-01,9.999946355819702148e-01,-9.999847412109375000e-01,-9.996185898780822754e-01,-9.999969601631164551e-01,9.999870061874389648e-01,9.999977350234985352e-01,-9.999862313270568848e-01,-9.999951720237731934e-01,-9.999399781227111816e-01,9.999958276748657227e-01,-9.999979138374328613e-01,9.999911189079284668e-01,-9.999971985816955566e-01,-9.999739527702331543e-01,9.999858736991882324e-01,9.999980926513671875e-01,-9.997913241386413574e-01,9.999951720237731934e-01,-9.999969005584716797e-01,9.999973177909851074e-01,-9.999592304229736328e-01,-9.999969005584716797e-01,9.999975562095642090e-01,-9.999964237213134766e-01,-9.999849796295166016e-01,9.999983310699462891e-01,-9.999980330467224121e-01,9.999819397926330566e-01,-9.999956488609313965e-01,9.999979138374328613e-01,-9.999660253524780273e-01,-9.999611377716064453e-01,9.999976158142089844e-01,9.999949932098388672e-01,9.999206066131591797e-01,-9.999961853027343750e-01,-9.999910593032836914e-01,9.999976754188537598e-01,-9.999966025352478027e-01,9.999976754188537598e-01,-9.999969005584716797e-01,-9.999808073043823242e-01,9.999983906745910645e-01,-9.999972581863403320e-01,9.999979138374328613e-01,-9.999978542327880859e-01,-9.999899864196777344e-01,-9.999970197677612305e-01,-9.999980926513671875e-01,9.999929070472717285e-01,9.999977350234985352e-01,-9.999958276748657227e-01,9.997693300247192383e-01,-9.999926686286926270e-01,9.999737739562988281e-01,-9.999961256980895996e-01
-9.999979138374328613e-01,9.999982118606567383e-01,9.999841451644897461e-01,-9.999979138374328613e-01,-9.999986290931701660e-01,9.999984502792358398e-01,-9.999939799308776855e-01,-9.999987483024597168e-01,9.999966025352478027e-01,-9.999967217445373535e-01,9.999976158142089844e-01,9.999986290931701660e-01,-9.999978542327880859e-01,-9.999977350234985352e-01,-9.999617338180541992e-01,-9.999972581863403320e-01,-9.999973177909851074e-01,9.999983310699462891e-01,-9.999884366989135742e-01,9.999988675117492676e-01,9.999987483024597168e-01,-9.999830722808837891e-01,-9.999978542327880859e-01,-9.999982714653015137e-01,-9.999880790710449219e-01,-9.999988675117492676e-01,9.999981522560119629e-01,9.999987483024597168e-01,-9.999738335609436035e-01,9.999957680702209473e-01,9.999942779541015625e-01,9.999983310699462891e-01,-9.999930858612060547e-01,-9.999971985816955566e-01,9.999961256980895996e-01,9.999868869781494141e-01,-9.999987483024597168e-01,-9.999983310699462891e-01,-9.999917149543762207e-01,9.999986290931701660e-01,-9.999982714653015137e-01,9.999966025352478027e-01,-9.999409914016723633e-01,-9.999983906745910645e-01,-9.999972581863403320e-01,-9.999976158142089844e-01,-9.999856352806091309e-01,-9.999977946281433105e-01,-9.999985098838806152e-01,9.999982714653015137e-01,9.999985098838806152e-01,9.999970793724060059e-01,9.999984502792358398e-01,9.999894499778747559e-01,9.999958872795104980e-01,9.999977350234985352e-01,9.999971389770507812e-01,-9.999222159385681152e-01,-9.999974966049194336e-01,-9.999979734420776367e-01,9.999967813491821289e-01,-9.999986886978149414e-01,-9.999979734420776367e-01,-9.999942183494567871e-01,9.999951124191284180e-01,9.999985098838806152e-01,9.999988079071044922e-01,9.999933242797851562e-01,9.999983906745910645e-01,-9.999986290931701660e-01,9.999983906745910645e-01,-9.999977350234985352e-01,-9.999961256980895996e-01,9.999891519546508789e-01,9.997287392616271973e-01,9.999979138374328613e-01,-9.999908208847045898e-01,-9.999983310699462891e-01,9.999902248382568359e-01,9.999964833259582520e-01,9.999572038650512695e-01,-9.999970197677612305e-01,9.999986290931701660e-01,-9.999936819076538086e-01,9.999979138374328613e-01,9.999814033508300781e-01,-9.999899268150329590e-01,-9.999985694885253906e-01,9.998516440391540527e-01,-9.999966025352478027e-01,9.999977946281433105e-01,-9.999980926513671875e-01,9.999709129333496094e-01,9.999977946281433105e-01,-9.999982118606567383e-01,9.999974966049194336e-01,9.999893307685852051e-01,-9.999988079071044922e-01,9.999985694885253906e-01,-9.999871850013732910e-01,9.999968409538269043e-01,-9.999985098838806152e-01,9.999758601188659668e-01,9.999724626541137695e-01,-9.999982714653015137e-01,-9.999963045120239258e-01,-9.999434351921081543e-01,9.999973773956298828e-01,9.999936223030090332e-01,-9.999983310699462891e-01,9.999975562095642090e-01,-9.999983310699462891e-01,9.999977350234985352e-01,9.999862909317016602e-01,-9.999988079071044922e-01,9.999980330467224121e-01,-9.999984502792358398e-01,9.999984502792358398e-01,9.999927878379821777e-01,9.999978542327880859e-01,9.999986886978149414e-01,-9.999949932098388672e-01,-9.999984502792358398e-01,9.999969601631164551e-01,-9.998359680175781250e-01,9.999947547912597656e-01,-9.999813437461853027e-01,9.999972581863403320e-01
-9.999988675117492676e-01,9.999990463256835938e-01,9.999910593032836914e-01,-9.999988079071044922e-01,-9.999992251396179199e-01,9.999991655349731445e-01,-9.999966621398925781e-01,-9.999994039535522461e-01,9.999981522560119629e-01,-9.999981522560119629e-01,9.999986290931701660e-01,9.999993443489074707e-01,-9.999988079071044922e-01,-9.999986290931701660e-01,-9.999786615371704102e-01,-9.999984502792358398e-01,-9.999984502792358398e-01,9.999991655349731445e-01,-9.999935030937194824e-01,9.999994039535522461e-01,9.999994039535522461e-01,-9.999905228614807129e-01,-9.999988079071044922e-01,-9.999991059303283691e-01,-9.999933242797851562e-01,-9.999994039535522461e-01,9.999989867210388184e-01,9.999993443489074707e-01,-9.999852776527404785e-01,9.999976754188537598e-01,9.999967217445373535e-01,9.999989867210388184e-01,-9.999961256980895996e-01,-9.999984502792358398e-01,9.999978542327880859e-01,9.999926686286926270e-01,-9.999994039535522461e-01,-9.999991655349731445e-01,-9.999954104423522949e-01,9.999992251396179199e-01,-9.999991059303283691e-01,9.999980926513671875e-01,-9.999670386314392090e-01,-9.999992251396179199e-01,-9.999983906745910645e-01,-9.999986290931701660e-01,-9.999920129776000977e-01,-9.999987483024597168e-01,-9.999992847442626953e-01,9.999991655349731445e-01,9.999992251396179199e-01,9.999983906745910645e-01,9.999991655349731445e-01,9.999940395355224609e-01,9.999977350234985352e-01,9.999987483024597168e-01,9.999983906745910645e-01,-9.999566078186035156e-01,-9.999986290931701660e-01,-9.999988675117492676e-01,9.999981522560119629e-01,-9.999992847442626953e-01,-9.999988675117492676e-01,-9.999967217445373535e-01,9.999971985816955566e-01,9.999992847442626953e-01,9.999994039535522461e-01,9.999963641166687012e-01,9.999991655349731445e-01,-9.999992847442626953e-01,9.999992251396179199e-01,-9.999986886978149414e-01,-9.999978542327880859e-01,9.999939799308776855e-01,9.998484849929809570e-01,9.999988079071044922e-01,-9.999949336051940918e-01,-9.999991655349731445e-01,9.999945163726806641e-01,9.999980330467224121e-01,9.999762177467346191e-01,-9.999983906745910645e-01,9.999992847442626953e-01,-9.999964237213134766e-01,9.999988675117492676e-01,9.999896883964538574e-01,-9.999943375587463379e-01,-9.999992847442626953e-01,9.999170899391174316e-01,-9.999980926513671875e-01,9.999988079071044922e-01,-9.999989867210388184e-01,9.999837875366210938e-01,9.999986886978149414e-01,-9.999991059303283691e-01,9.999985694885253906e-01,9.999939799308776855e-01,-9.999994039535522461e-01,9.999992251396179199e-01,-9.999928474426269531e-01,9.999982118606567383e-01,-9.999992847442626953e-01,9.999865293502807617e-01,9.999845027923583984e-01,-9.999989867210388184e-01,-9.999978542327880859e-01,-9.999685287475585938e-01,9.999985098838806152e-01,9.999964237213134766e-01,-9.999991059303283691e-01,9.999985694885253906e-01,-9.999991059303283691e-01,9.999986886978149414e-01,9.999923110008239746e-01,-9.999993443489074707e-01,9.999989271163940430e-01,-9.999992251396179199e-01,9.999991059303283691e-01,9.999959468841552734e-01,9.999988079071044922e-01,9.999994039535522461e-01,-9.999971985816955566e-01,-9.999990463256835938e-01,9.999982714653015137e-01,-9.999082684516906738e-01,9.999970197677612305e-01,-9.999896883964538574e-01,9.999985694885253906e-01
