9.999982714653015137e-01,-9.999984502792358398e-01,-9.999943971633911133e-01,9.999971985816955566e-01,9.999989271163940430e-01,-9.999986290931701660e-01,9.999948143959045410e-01,9.999990463256835938e-01,-9.999942779541015625e-01,9.999983906745910645e-01,-9.999987483024597168e-01,-9.999988079071044922e-01,9.999978542327880859e-01,9.999984502792358398e-01,9.999948143959045410e-01,9.999939799308776855e-01,9.999973773956298828e-01,-9.999977350234985352e-01,9.999921321868896484e-01,-9.999991059303283691e-01,-9.999989271163940430e-01,9.999939799308776855e-01,9.999985694885253906e-01,9.999974370002746582e-01,9.999886751174926758e-01,9.999988675117492676e-01,-9.999981522560119629e-01,-9.999988079071044922e-01,9.999911785125732422e-01,-9.999965429306030273e-01,-9.999907612800598145e-01,-9.999980330467224121e-01,9.999835491180419922e-01,9.999948143959045410e-01,-9.999979734420776367e-01,9.999665617942810059e-01,9.999989271163940430e-01,9.999984502792358398e-01,9.999853372573852539e-01,-9.999988079071044922e-01,9.999985098838806152e-01,9.999853968620300293e-01,9.999834299087524414e-01,9.999988079071044922e-01,9.999981522560119629e-01,9.999979734420776367e-01,-9.999929070472717285e-01,9.999986290931701660e-01,9.999986290931701660e-01,-9.999984502792358398e-01,-9.999987483024597168e-01,-9.999984502792358398e-01,-9.999987483024597168e-01,-9.999930858612060547e-01,-9.999984502792358398e-01,-9.999980330467224121e-01,-9.999753832817077637e-01,9.999919533729553223e-01,9.999949336051940918e-01,9.999982118606567383e-01,-9.999983310699462891e-01,9.999988675117492676e-01,9.999983310699462891e-01,9.999954104423522949e-01,-9.999941587448120117e-01,-9.999988079071044922e-01,-9.999989867210388184e-01,-9.999955296516418457e-01,-9.999989271163940430e-01,9.999982714653015137e-01,-9.999987483024597168e-01,9.999963641166687012e-01,-9.999886155128479004e-01,-9.999935626983642578e-01,-9.999845027923583984e-01,-9.999983906745910645e-01,9.999906420707702637e-01,9.999987483024597168e-01,-9.999938607215881348e-01,-9.999952316284179688e-01,9.999899268150329590e-01,9.999974966049194336e-01,-9.999988675117492676e-01,9.999980330467224121e-01,-9.999982714653015137e-01,-9.999850392341613770e-01,9.996548891067504883e-01,9.999988675117492676e-01,9.999917149543762207e-01,9.999845623970031738e-01,-9.999938011169433594e-01,9.999983310699462891e-01,-9.999858140945434570e-01,-9.999972581863403320e-01,9.999974966049194336e-01,-9.999978542327880859e-01,-9.999874234199523926e-01,9.999989867210388184e-01,-9.999987483024597168e-01,9.999971985816955566e-01,-9.999967217445373535e-01,9.999988079071044922e-01,9.999289512634277344e-01,9.999538660049438477e-01,9.999985694885253906e-01,9.999960064888000488e-01,-9.999816417694091797e-01,-9.999984502792358398e-01,-9.999938607215881348e-01,9.999985098838806152e-01,-9.999986290931701660e-01,9.999975562095642090e-01,-9.999982118606567383e-01,-9.998735189437866211e-01,9.999990463256835938e-01,-9.999969005584716797e-01,9.999988675117492676e-01,-9.999977946281433105e-01,-9.999952316284179688e-01,-9.999967217445373535e-01,-9.999983310699462891e-01,9.999965429306030273e-01,9.999976754188537598e-01,-9.999969005584716797e-01,-9.999912381172180176e-01,-9.999945759773254395e-01,9.999786615371704102e-01,-9.999917745590209961e-01
-9.999984502792358398e-01,9.999986886978149414e-01,9.999952316284179688e-01,-9.999976754188537598e-01,-9.999992251396179199e-01,9.999988079071044922e-01,-9.999956488609313965e-01,-9.999991059303283691e-01,9.999951720237731934e-01,-9.999985694885253906e-01,9.999988675117492676e-01,9.999989867210388184e-01,-9.999982118606567383e-01,-9.999986290931701660e-01,-9.999955892562866211e-01,-9.999949932098388672e-01,-9.999977946281433105e-01,9.999979734420776367e-01,-9.999933838844299316e-01,9.999991655349731445e-01,9.999991059303283691e-01,-9.999948740005493164e-01,-9.999987483024597168e-01,-9.999978542327880859e-01,-9.999904036521911621e-01,-9.999989867210388184e-01,9.999984502792358398e-01,9.999990463256835938e-01,-9.999926090240478516e-01,9.999971389770507812e-01,9.999922513961791992e-01,9.999983906745910645e-01,-9.999861717224121094e-01,-9.999956488609313965e-01,9.999982118606567383e-01,-9.999719858169555664e-01,-9.999991655349731445e-01,-9.999986290931701660e-01,-9.999877214431762695e-01,9.999990463256835938e-01,-9.999987483024597168e-01,-9.999877214431762695e-01,-9.999861121177673340e-01,-9.999991059303283691e-01,-9.999984502792358398e-01,-9.999982714653015137e-01,9.999939799308776855e-01,-9.999988079071044922e-01,-9.999988675117492676e-01,9.999986886978149414e-01,9.999989271163940430e-01,9.999986886978149414e-01,9.999988675117492676e-01,9.999941587448120117e-01,9.999986886978149414e-01,9.999983310699462891e-01,9.999793171882629395e-01,-9.999932646751403809e-01,-9.999957680702209473e-01,-9.999985098838806152e-01,9.999986290931701660e-01,-9.999991059303283691e-01,-9.999985098838806152e-01,-9.999960660934448242e-01,9.999950528144836426e-01,9.999990463256835938e-01,9.999991059303283691e-01,9.999961853027343750e-01,9.999990463256835938e-01,-9.999985694885253906e-01,9.999989867210388184e-01,-9.999969601631164551e-01,9.999904632568359375e-01,9.999945163726806641e-01,9.999870061874389648e-01,9.999985694885253906e-01,-9.999920725822448730e-01,-9.999989271163940430e-01,9.999948740005493164e-01,9.999959468841552734e-01,-9.999915361404418945e-01,-9.999979138374328613e-01,9.999989867210388184e-01,-9.999983310699462891e-01,9.999985694885253906e-01,9.999873638153076172e-01,-9.997110366821289062e-01,-9.999991059303283691e-01,-9.999929666519165039e-01,-9.999870657920837402e-01,9.999948143959045410e-01,-9.999985694885253906e-01,9.999881386756896973e-01,9.999977350234985352e-01,-9.999978542327880859e-01,9.999981522560119629e-01,9.999893903732299805e-01,-9.999991059303283691e-01,9.999988079071044922e-01,-9.999976158142089844e-01,9.999972581863403320e-01,-9.999991059303283691e-01,-9.999405145645141602e-01,-9.999613165855407715e-01,-9.999988079071044922e-01,-9.999966621398925781e-01,9.999846220016479492e-01,9.999986886978149414e-01,9.999948740005493164e-01,-9.999986290931701660e-01,9.999987483024597168e-01,-9.999978542327880859e-01,9.999985098838806152e-01,9.998940825462341309e-01,-9.999992251396179199e-01,9.999973177909851074e-01,-9.999990463256835938e-01,9.999982118606567383e-01,9.999959468841552734e-01,9.999971389770507812e-01,9.999986290931701660e-01,-9.999971985816955566e-01,-9.999979138374328613e-01,9.999973773956298828e-01,9.999925494194030762e-01,9.999954700469970703e-01,-9.999821186065673828e-01,9.999930262565612793e-01
-9.999943971633911133e-01,9.999952316284179688e-01,9.999809861183166504e-01,-9.999910593032836914e-01,-9.999962449073791504e-01,9.999958276748657227e-01,-9.999828338623046875e-01,-9.999965429306030273e-01,9.999809265136718750e-01,-9.999948143959045410e-01,9.999958872795104980e-01,9.999962449073791504e-01,-9.999930858612060547e-01,-9.999947547912597656e-01,-9.999829530715942383e-01,-9.999800920486450195e-01,-9.999913573265075684e-01,9.999926090240478516e-01,-9.999737739562988281e-01,9.999969005584716797e-01,9.999963045120239258e-01,-9.999799728393554688e-01,-9.999953508377075195e-01,-9.999916553497314453e-01,-9.999620914459228516e-01,-9.999963641166687012e-01,9.999939203262329102e-01,9.999960064888000488e-01,-9.999706149101257324e-01,9.999887943267822266e-01,9.999691843986511230e-01,9.999935626983642578e-01,-9.999448657035827637e-01,-9.999830126762390137e-01,9.999932646751403809e-01,-9.998887777328491211e-01,-9.999964237213134766e-01,-9.999950528144836426e-01,-9.999511241912841797e-01,9.999961853027343750e-01,-9.999954104423522949e-01,-9.999512434005737305e-01,-9.999449253082275391e-01,-9.999963045120239258e-01,-9.999939799308776855e-01,-9.999932646751403809e-01,9.999765157699584961e-01,-9.999954700469970703e-01,-9.999956488609313965e-01,9.999949336051940918e-01,9.999960064888000488e-01,9.999951124191284180e-01,9.999959468841552734e-01,9.999769926071166992e-01,9.999951720237731934e-01,9.999935626983642578e-01,9.999178051948547363e-01,-9.999731779098510742e-01,-9.999831318855285645e-01,-9.999941587448120117e-01,9.999945759773254395e-01,-9.999963641166687012e-01,-9.999945759773254395e-01,-9.999847412109375000e-01,9.999802708625793457e-01,9.999960064888000488e-01,9.999967217445373535e-01,9.999854564666748047e-01,9.999966025352478027e-01,-9.999943375587463379e-01,9.999960064888000488e-01,-9.999881386756896973e-01,9.999622702598571777e-01,9.999784827232360840e-01,9.999482631683349609e-01,9.999946355819702148e-01,-9.999688267707824707e-01,-9.999958276748657227e-01,9.999796152114868164e-01,9.999841451644897461e-01,-9.999662637710571289e-01,-9.999918937683105469e-01,9.999960660934448242e-01,-9.999938607215881348e-01,9.999942779541015625e-01,9.999501109123229980e-01,-9.988504052162170410e-01,-9.999964237213134766e-01,-9.999725222587585449e-01,-9.999485015869140625e-01,9.999793767929077148e-01,-9.999945759773254395e-01,9.999527335166931152e-01,9.999911785125732422e-01,-9.999917745590209961e-01,9.999928474426269531e-01,9.999579787254333496e-01,-9.999965429306030273e-01,9.999958872795104980e-01,-9.999907612800598145e-01,9.999892115592956543e-01,-9.999961853027343750e-01,-9.997633695602416992e-01,-9.998463392257690430e-01,-9.999955296516418457e-01,-9.999870061874389648e-01,9.999388456344604492e-01,9.999948740005493164e-01,9.999795556068420410e-01,-9.999949932098388672e-01,9.999952316284179688e-01,-9.999919533729553223e-01,9.999941587448120117e-01,9.995784759521484375e-01,-9.999966025352478027e-01,9.999897480010986328e-01,-9.999964833259582520e-01,9.999930262565612793e-01,9.999842047691345215e-01,9.999892115592956543e-01,9.999948740005493164e-01,-9.999889731407165527e-01,-9.999923110008239746e-01,9.999900460243225098e-01,9.999709129333496094e-01,9.999821782112121582e-01,-9.999287724494934082e-01,9.999724030494689941e-01
9.999971985816955566e-01,-9.999976754188537598e-01,-9.999910593032836914e-01,9.999957680702209473e-01,9.999981522560119629e-01,-9.999979138374328613e-01,9.999918937683105469e-01,9.999983310699462891e-01,-9.999909996986389160e-01,9.999974966049194336e-01,-9.999980330467224121e-01,-9.999982118606567383e-01,9.999966621398925781e-01,9.999974370002746582e-01,9.999919533729553223e-01,9.999906420707702637e-01,9.999958872795104980e-01,-9.999964833259582520e-01,9.999876022338867188e-01,-9.999985098838806152e-01,-9.999982714653015137e-01,9.999905228614807129e-01,9.999976754188537598e-01,9.999959468841552734e-01,9.999821186065673828e-01,9.999982118606567383e-01,-9.999969601631164551e-01,-9.999979734420776367e-01,9.999862313270568848e-01,-9.999946355819702148e-01,-9.999853968620300293e-01,-9.999969601631164551e-01,9.999740719795227051e-01,9.999918937683105469e-01,-9.999967813491821289e-01,9.999476075172424316e-01,9.999983310699462891e-01,9.999976158142089844e-01,9.999769926071166992e-01,-9.999982714653015137e-01,9.999977946281433105e-01,9.999771118164062500e-01,9.999740719795227051e-01,9.999982714653015137e-01,9.999971389770507812e-01,9.999967813491821289e-01,-9.999889135360717773e-01,9.999977350234985352e-01,9.999979734420776367e-01,-9.999974370002746582e-01,-9.999980330467224121e-01,-9.999976754188537598e-01,-9.999980330467224121e-01,-9.999892115592956543e-01,-9.999976754188537598e-01,-9.999969005584716797e-01,-9.999613165855407715e-01,9.999873638153076172e-01,9.999920129776000977e-01,9.999971389770507812e-01,-9.999974370002746582e-01,9.999982118606567383e-01,9.999974370002746582e-01,9.999927878379821777e-01,-9.999906420707702637e-01,-9.999981522560119629e-01,-9.999983906745910645e-01,-9.999930858612060547e-01,-9.999983310699462891e-01,9.999972581863403320e-01,-9.999980926513671875e-01,9.999943971633911133e-01,-9.999822974205017090e-01,-9.999898076057434082e-01,-9.999756813049316406e-01,-9.999973773956298828e-01,9.999852776527404785e-01,9.999979734420776367e-01,-9.999904036521911621e-01,-9.999925494194030762e-01,9.999842643737792969e-01,9.999960660934448242e-01,-9.999982118606567383e-01,9.999969601631164551e-01,-9.999972581863403320e-01,-9.999765753746032715e-01,9.994592666625976562e-01,9.999982714653015137e-01,9.999870657920837402e-01,9.999758601188659668e-01,-9.999902248382568359e-01,9.999973773956298828e-01,-9.999778270721435547e-01,-9.999958276748657227e-01,9.999960660934448242e-01,-9.999965429306030273e-01,-9.999802112579345703e-01,9.999983906745910645e-01,-9.999979138374328613e-01,9.999957084655761719e-01,-9.999948740005493164e-01,9.999982118606567383e-01,9.998885393142700195e-01,9.999276995658874512e-01,9.999978542327880859e-01,9.999938607215881348e-01,-9.999712109565734863e-01,-9.999974966049194336e-01,-9.999904036521911621e-01,9.999976158142089844e-01,-9.999977946281433105e-01,9.999961256980895996e-01,-9.999971985816955566e-01,-9.998018741607666016e-01,9.999983906745910645e-01,-9.999951124191284180e-01,9.999983310699462891e-01,-9.999966621398925781e-01,-9.999925494194030762e-01,-9.999948740005493164e-01,-9.999974966049194336e-01,9.999948143959045410e-01,9.999963045120239258e-01,-9.999953508377075195e-01,-9.999861717224121094e-01,-9.999916553497314453e-01,9.999665021896362305e-01,-9.999869465827941895e-01
9.999989271163940430e-01,-9.999992251396179199e-01,-9.999962449073791504e-01,9.999981522560119629e-01,9.999993443489074707e-01,-9.999992251396179199e-01,9.999966025352478027e-01,9.999993443489074707e-01,-9.999961853027343750e-01,9.999989867210388184e-01,-9.999992847442626953e-01,-9.999992847442626953e-01,9.999986290931701660e-01,9.999989867210388184e-01,9.999966025352478027e-01,9.999960660934448242e-01,9.999983310699462891e-01,-9.999985694885253906e-01,9.999948740005493164e-01,-9.999994635581970215e-01,-9.999994039535522461e-01,9.999960064888000488e-01,9.999991059303283691e-01,9.999984502792358398e-01,9.999924898147583008e-01,9.999994039535522461e-01,-9.999988079071044922e-01,-9.999993443489074707e-01,9.999941587448120117e-01,-9.999976754188537598e-01,-9.999939203262329102e-01,-9.999987483024597168e-01,9.999890327453613281e-01,9.999965429306030273e-01,-9.999986886978149414e-01,9.999776482582092285e-01,9.999994039535522461e-01,9.999991059303283691e-01,9.999902248382568359e-01,-9.999993443489074707e-01,9.999991059303283691e-01,9.999902844429016113e-01,9.999889731407165527e-01,9.999992847442626953e-01,9.999988675117492676e-01,9.999986290931701660e-01,-9.999953508377075195e-01,9.999992251396179199e-01,9.999992847442626953e-01,-9.999989867210388184e-01,-9.999992251396179199e-01,-9.999991655349731445e-01,-9.999992251396179199e-01,-9.999954700469970703e-01,-9.999990463256835938e-01,-9.999986886978149414e-01,-9.999835491180419922e-01,9.999946951866149902e-01,9.999966621398925781e-01,9.999988675117492676e-01,-9.999989867210388184e-01,9.999994039535522461e-01,9.999989867210388184e-01,9.999969601631164551e-01,-9.999960660934448242e-01,-9.999992251396179199e-01,-9.999994039535522461e-01,-9.999970793724060059e-01,-9.999994039535522461e-01,9.999989271163940430e-01,-9.999993443489074707e-01,9.999976158142089844e-01,-9.999924302101135254e-01,-9.999958276748657227e-01,-9.999896883964538574e-01,-9.999989867210388184e-01,9.999938607215881348e-01,9.999992847442626953e-01,-9.999960064888000488e-01,-9.999968409538269043e-01,9.999933242797851562e-01,9.999984502792358398e-01,-9.999993443489074707e-01,9.999987483024597168e-01,-9.999989271163940430e-01,-9.999900460243225098e-01,9.997689127922058105e-01,9.999994039535522461e-01,9.999944567680358887e-01,9.999897480010986328e-01,-9.999958872795104980e-01,9.999989867210388184e-01,-9.999906420707702637e-01,-9.999982714653015137e-01,9.999983906745910645e-01,-9.999986290931701660e-01,-9.999915957450866699e-01,9.999993443489074707e-01,-9.999992251396179199e-01,9.999982118606567383e-01,-9.999978542327880859e-01,9.999993443489074707e-01,9.999524950981140137e-01,9.999691843986511230e-01,9.999991655349731445e-01,9.999974370002746582e-01,-9.999877810478210449e-01,-9.999990463256835938e-01,-9.999959468841552734e-01,9.999991059303283691e-01,-9.999991655349731445e-01,9.999984502792358398e-01,-9.999989271163940430e-01,-9.999153017997741699e-01,9.999994635581970215e-01,-9.999979734420776367e-01,9.999994039535522461e-01,-9.999986290931701660e-01,-9.999968409538269043e-01,-9.999977946281433105e-01,-9.999989867210388184e-01,9.999977946281433105e-01,9.999985098838806152e-01,-9.999980330467224121e-01,-9.999942183494567871e-01,-9.999963641166687012e-01,9.999858140945434570e-01,-9.999945759773254395e-01
-9.999986290931701660e-01,9.999988079071044922e-01,9.999958276748657227e-01,-9.999979138374328613e-01,-9.999992251396179199e-01,9.999989867210388184e-01,-9.999960660934448242e-01,-9.999992251396179199e-01,9.999958276748657227e-01,-9.999987483024597168e-01,9.999990463256835938e-01,9.999991059303283691e-01,-9.999984502792358398e-01,-9.999988079071044922e-01,-9.999961256980895996e-01,-9.999955892562866211e-01,-9.999980330467224121e-01,9.999982714653015137e-01,-9.999942183494567871e-01,9.999992847442626953e-01,9.999992251396179199e-01,-9.999955296516418457e-01,-9.999988675117492676e-01,-9.999982118606567383e-01,-9.999916553497314453e-01,-9.999992251396179199e-01,9.999985694885253906e-01,9.999991655349731445e-01,-9.999935030937194824e-01,9.999974370002746582e-01,9.999931454658508301e-01,9.999985694885253906e-01,-9.999879002571105957e-01,-9.999961256980895996e-01,9.999983906745910645e-01,-9.999755620956420898e-01,-9.999992847442626953e-01,-9.999988079071044922e-01,-9.999892115592956543e-01,9.999991655349731445e-01,-9.999989867210388184e-01,-9.999892711639404297e-01,-9.999878406524658203e-01,-9.999992251396179199e-01,-9.999985694885253906e-01,-9.999985098838806152e-01,9.999948143959045410e-01,-9.999989867210388184e-01,-9.999989867210388184e-01,9.999988675117492676e-01,9.999991655349731445e-01,9.999988675117492676e-01,9.999990463256835938e-01,9.999949336051940918e-01,9.999988675117492676e-01,9.999984502792358398e-01,9.999819993972778320e-01,-9.999940991401672363e-01,-9.999962449073791504e-01,-9.999985694885253906e-01,9.999988079071044922e-01,-9.999992251396179199e-01,-9.999987483024597168e-01,-9.999966025352478027e-01,9.999956488609313965e-01,9.999991655349731445e-01,9.999992251396179199e-01,9.999967217445373535e-01,9.999991655349731445e-01,-9.999987483024597168e-01,9.999991655349731445e-01,-9.999972581863403320e-01,9.999916553497314453e-01,9.999952912330627441e-01,9.999886751174926758e-01,9.999987483024597168e-01,-9.999931454658508301e-01,-9.999991059303283691e-01,9.999954700469970703e-01,9.999963641166687012e-01,-9.999926090240478516e-01,-9.999982118606567383e-01,9.999991655349731445e-01,-9.999985694885253906e-01,9.999987483024597168e-01,9.999889731407165527e-01,-9.997476935386657715e-01,-9.999992251396179199e-01,-9.999938607215881348e-01,-9.999886155128479004e-01,9.999954700469970703e-01,-9.999987483024597168e-01,9.999896287918090820e-01,9.999980330467224121e-01,-9.999981522560119629e-01,9.999983906745910645e-01,9.999908208847045898e-01,-9.999992847442626953e-01,9.999990463256835938e-01,-9.999979138374328613e-01,9.999974966049194336e-01,-9.999992251396179199e-01,-9.999480843544006348e-01,-9.999662041664123535e-01,-9.999989271163940430e-01,-9.999970197677612305e-01,9.999864697456359863e-01,9.999988675117492676e-01,9.999954700469970703e-01,-9.999988079071044922e-01,9.999989271163940430e-01,-9.999982118606567383e-01,9.999986886978149414e-01,9.999075531959533691e-01,-9.999992847442626953e-01,9.999976754188537598e-01,-9.999992847442626953e-01,9.999983310699462891e-01,9.999964833259582520e-01,9.999974966049194336e-01,9.999988079071044922e-01,-9.999975562095642090e-01,-9.999982714653015137e-01,9.999977350234985352e-01,9.999936223030090332e-01,9.999959468841552734e-01,-9.999843835830688477e-01,9.999939203262329102e-01
9.999948143959045410e-01,-9.999956488609313965e-01,-9.999828338623046875e-01,9.999918937683105469e-01,9.999966025352478027e-01,-9.999960660934448242e-01,9.999845623970031738e-01,9.999969005584716797e-01,-9.999827742576599121e-01,9.999952316284179688e-01,-9.999962449073791504e-01,-9.999964833259582520e-01,9.999936819076538086e-01,9.999952912330627441e-01,9.999846220016479492e-01,9.999819397926330566e-01,9.999922513961791992e-01,-9.999933242797851562e-01,9.999763369560241699e-01,-9.999970197677612305e-01,-9.999966621398925781e-01,9.999818205833435059e-01,9.999957680702209473e-01,9.999924302101135254e-01,9.999657273292541504e-01,9.999966025352478027e-01,-9.999944567680358887e-01,-9.999963641166687012e-01,9.999733567237854004e-01,-9.999898076057434082e-01,-9.999721646308898926e-01,-9.999942183494567871e-01,9.999501109123229980e-01,9.999845623970031738e-01,-9.999939203262329102e-01,9.998994469642639160e-01,9.999967813491821289e-01,9.999954700469970703e-01,9.999557137489318848e-01,-9.999964237213134766e-01,9.999958276748657227e-01,9.999559521675109863e-01,9.999502301216125488e-01,9.999965429306030273e-01,9.999945759773254395e-01,9.999938011169433594e-01,-9.999787211418151855e-01,9.999958276748657227e-01,9.999960660934448242e-01,-9.999953508377075195e-01,-9.999962449073791504e-01,-9.999955892562866211e-01,-9.999962449073791504e-01,-9.999793171882629395e-01,-9.999955296516418457e-01,-9.999940991401672363e-01,-9.999257326126098633e-01,9.999757409095764160e-01,9.999846816062927246e-01,9.999946355819702148e-01,-9.999951124191284180e-01,9.999966025352478027e-01,9.999951124191284180e-01,9.999861717224121094e-01,-9.999821782112121582e-01,-9.999964237213134766e-01,-9.999970197677612305e-01,-9.999867677688598633e-01,-9.999968409538269043e-01,9.999948143959045410e-01,-9.999964237213134766e-01,9.999892115592956543e-01,-9.999659061431884766e-01,-9.999806284904479980e-01,-9.999531507492065430e-01,-9.999951720237731934e-01,9.999718666076660156e-01,9.999961853027343750e-01,-9.999816417694091797e-01,-9.999856948852539062e-01,9.999694824218750000e-01,9.999927282333374023e-01,-9.999963045120239258e-01,9.999944567680358887e-01,-9.999949336051940918e-01,-9.999548792839050293e-01,9.989610314369201660e-01,9.999966621398925781e-01,9.999750852584838867e-01,9.999534487724304199e-01,-9.999813437461853027e-01,9.999951124191284180e-01,-9.999572038650512695e-01,-9.999920129776000977e-01,9.999925494194030762e-01,-9.999935030937194824e-01,-9.999619722366333008e-01,9.999969005584716797e-01,-9.999962449073791504e-01,9.999915957450866699e-01,-9.999901652336120605e-01,9.999965429306030273e-01,9.997860789299011230e-01,9.998611807823181152e-01,9.999958872795104980e-01,9.999882578849792480e-01,-9.999446272850036621e-01,-9.999954104423522949e-01,-9.999815225601196289e-01,9.999954700469970703e-01,-9.999957084655761719e-01,9.999926686286926270e-01,-9.999947547912597656e-01,-9.996190667152404785e-01,9.999969005584716797e-01,-9.999907612800598145e-01,9.999967217445373535e-01,-9.999936819076538086e-01,-9.999858140945434570e-01,-9.999902248382568359e-01,-9.999954104423522949e-01,9.999900460243225098e-01,9.999931454658508301e-01,-9.999909996986389160e-01,-9.999735951423645020e-01,-9.999839067459106445e-01,9.999356269836425781e-01,-9.999749660491943359e-01
9.999990463256835938e-01,-9.999991059303283691e-01,-9.999965429306030273e-01,9.999983310699462891e-01,9.999993443489074707e-01,-9.999992251396179199e-01,9.999969005584716797e-01,9.999994039535522461e-01,-9.999966621398925781e-01,9.999991059303283691e-01,-9.999992251396179199e-01,-9.999992847442626953e-01,9.999986886978149414e-01,9.999991059303283691e-01,9.999969601631164551e-01,9.999964237213134766e-01,9.999984502792358398e-01,-9.999986290931701660e-01,9.999954700469970703e-01,-9.999994039535522461e-01,-9.999993443489074707e-01,9.999963641166687012e-01,9.999991059303283691e-01,9.999985098838806152e-01,9.999933838844299316e-01,9.999994039535522461e-01,-9.999988675117492676e-01,-9.999992847442626953e-01,9.999949336051940918e-01,-9.999980330467224121e-01,-9.999946355819702148e-01,-9.999988079071044922e-01,9.999905228614807129e-01,9.999969601631164551e-01,-9.999987483024597168e-01,9.999807476997375488e-01,9.999994039535522461e-01,9.999991655349731445e-01,9.999915361404418945e-01,-9.999993443489074707e-01,9.999991655349731445e-01,9.999915361404418945e-01,9.999904632568359375e-01,9.999994039535522461e-01,9.999988675117492676e-01,9.999986886978149414e-01,-9.999958872795104980e-01,9.999991655349731445e-01,9.999992847442626953e-01,-9.999990463256835938e-01,-9.999992251396179199e-01,-9.999991059303283691e-01,-9.999992251396179199e-01,-9.999958872795104980e-01,-9.999991059303283691e-01,-9.999988079071044922e-01,-9.999858736991882324e-01,9.999952912330627441e-01,9.999970197677612305e-01,9.999989867210388184e-01,-9.999991059303283691e-01,9.999994039535522461e-01,9.999991059303283691e-01,9.999973177909851074e-01,-9.999964237213134766e-01,-9.999992847442626953e-01,-9.999994039535522461e-01,-9.999973773956298828e-01,-9.999993443489074707e-01,9.999989271163940430e-01,-9.999993443489074707e-01,9.999978542327880859e-01,-9.999934434890747070e-01,-9.999961256980895996e-01,-9.999911189079284668e-01,-9.999989867210388184e-01,9.999945759773254395e-01,9.999992847442626953e-01,-9.999964237213134766e-01,-9.999972581863403320e-01,9.999942183494567871e-01,9.999985098838806152e-01,-9.999993443489074707e-01,9.999988675117492676e-01,-9.999989271163940430e-01,-9.999913573265075684e-01,9.998019933700561523e-01,9.999994039535522461e-01,9.999951720237731934e-01,9.999910593032836914e-01,-9.999963641166687012e-01,9.999991059303283691e-01,-9.999917745590209961e-01,-9.999983310699462891e-01,9.999985694885253906e-01,-9.999987483024597168e-01,-9.999927878379821777e-01,9.999993443489074707e-01,-9.999991655349731445e-01,9.999983906745910645e-01,-9.999980926513671875e-01,9.999992847442626953e-01,9.999590516090393066e-01,9.999734759330749512e-01,9.999991655349731445e-01,9.999977350234985352e-01,-9.999894499778747559e-01,-9.999991655349731445e-01,-9.999964237213134766e-01,9.999991655349731445e-01,-9.999992251396179199e-01,9.999985098838806152e-01,-9.999989867210388184e-01,-9.999273419380187988e-01,9.999994635581970215e-01,-9.999982118606567383e-01,9.999993443489074707e-01,-9.999986886978149414e-01,-9.999972581863403320e-01,-9.999980926513671875e-01,-9.999991655349731445e-01,9.999980926513671875e-01,9.999986290931701660e-01,-9.999981522560119629e-01,-9.999949932098388672e-01,-9.999967813491821289e-01,9.999877810478210449e-01,-9.999952316284179688e-01
-9.999942779541015625e-01,9.999951720237731934e-01,9.999809265136718750e-01,-9.999909996986389160e-01,-9.999961853027343750e-01,9.999958276748657227e-01,-9.999827742576599121e-01,-9.999966621398925781e-01,9.999808669090270996e-01,-9.999948143959045410e-01,9.999958872795104980e-01,9.999960660934448242e-01,-9.999929666519165039e-01,-9.999946355819702148e-01,-9.999828934669494629e-01,-9.999799132347106934e-01,-9.999912381172180176e-01,9.999926686286926270e-01,-9.999736547470092773e-01,9.999967813491821289e-01,9.999963045120239258e-01,-9.999797940254211426e-01,-9.999952912330627441e-01,-9.999915957450866699e-01,-9.999619126319885254e-01,-9.999963641166687012e-01,9.999938011169433594e-01,9.999959468841552734e-01,-9.999704957008361816e-01,9.999886751174926758e-01,9.999690651893615723e-01,9.999936223030090332e-01,-9.999445676803588867e-01,-9.999828934669494629e-01,9.999932646751403809e-01,-9.998882412910461426e-01,-9.999965429306030273e-01,-9.999950528144836426e-01,-9.999508261680603027e-01,9.999961853027343750e-01,-9.999953508377075195e-01,-9.999510645866394043e-01,-9.999446868896484375e-01,-9.999963045120239258e-01,-9.999939799308776855e-01,-9.999932050704956055e-01,9.999763369560241699e-01,-9.999954104423522949e-01,-9.999956488609313965e-01,9.999948143959045410e-01,9.999959468841552734e-01,9.999951124191284180e-01,9.999958872795104980e-01,9.999769330024719238e-01,9.999951124191284180e-01,9.999935030937194824e-01,9.999173879623413086e-01,-9.999730587005615234e-01,-9.999830722808837891e-01,-9.999940991401672363e-01,9.999946355819702148e-01,-9.999963641166687012e-01,-9.999945163726806641e-01,-9.999845623970031738e-01,9.999800920486450195e-01,9.999961256980895996e-01,9.999967217445373535e-01,9.999852776527404785e-01,9.999964833259582520e-01,-9.999942779541015625e-01,9.999960064888000488e-01,-9.999880194664001465e-01,9.999620914459228516e-01,9.999784827232360840e-01,9.999480247497558594e-01,9.999946355819702148e-01,-9.999687075614929199e-01,-9.999957680702209473e-01,9.999796152114868164e-01,9.999842047691345215e-01,-9.999661445617675781e-01,-9.999918937683105469e-01,9.999960064888000488e-01,-9.999938011169433594e-01,9.999943375587463379e-01,9.999498128890991211e-01,-9.988455772399902344e-01,-9.999963045120239258e-01,-9.999723434448242188e-01,-9.999482631683349609e-01,9.999792575836181641e-01,-9.999945163726806641e-01,9.999524354934692383e-01,9.999910593032836914e-01,-9.999917745590209961e-01,9.999927878379821777e-01,9.999577999114990234e-01,-9.999965429306030273e-01,9.999958276748657227e-01,-9.999907612800598145e-01,9.999890923500061035e-01,-9.999961853027343750e-01,-9.997622370719909668e-01,-9.998457431793212891e-01,-9.999954700469970703e-01,-9.999868273735046387e-01,9.999385476112365723e-01,9.999948740005493164e-01,9.999794960021972656e-01,-9.999949932098388672e-01,9.999952316284179688e-01,-9.999919533729553223e-01,9.999941587448120117e-01,9.995768070220947266e-01,-9.999966621398925781e-01,9.999896883964538574e-01,-9.999964833259582520e-01,9.999929666519165039e-01,9.999840855598449707e-01,9.999890923500061035e-01,9.999948740005493164e-01,-9.999889135360717773e-01,-9.999923706054687500e-01,9.999899864196777344e-01,9.999706745147705078e-01,9.999821186065673828e-01,-9.999284148216247559e-01,9.999722838401794434e-01
9.999983906745910645e-01,-9.999985694885253906e-01,-9.999948143959045410e-01,9.999974966049194336e-01,9.999989867210388184e-01,-9.999987483024597168e-01,9.999952316284179688e-01,9.999991059303283691e-01,-9.999948143959045410e-01,9.999985098838806152e-01,-9.999988675117492676e-01,-9.999988675117492676e-01,9.999980330467224121e-01,9.999985694885253906e-01,9.999952912330627441e-01,9.999944567680358887e-01,9.999975562095642090e-01,-9.999979734420776367e-01,9.999927282333374023e-01,-9.999991655349731445e-01,-9.999990463256835938e-01,9.999944567680358887e-01,9.999986886978149414e-01,9.999976754188537598e-01,9.999895691871643066e-01,9.999989867210388184e-01,-9.999982714653015137e-01,-9.999988675117492676e-01,9.999918937683105469e-01,-9.999968409538269043e-01,-9.999914765357971191e-01,-9.999983310699462891e-01,9.999847412109375000e-01,9.999952912330627441e-01,-9.999980926513671875e-01,9.999693036079406738e-01,9.999991655349731445e-01,9.999985694885253906e-01,9.999864697456359863e-01,-9.999989271163940430e-01,9.999986886978149414e-01,9.999865293502807617e-01,9.999848008155822754e-01,9.999989867210388184e-01,9.999983310699462891e-01,9.999980926513671875e-01,-9.999935030937194824e-01,9.999986886978149414e-01,9.999988079071044922e-01,-9.999985694885253906e-01,-9.999988675117492676e-01,-9.999986290931701660e-01,-9.999988675117492676e-01,-9.999936223030090332e-01,-9.999986290931701660e-01,-9.999982118606567383e-01,-9.999773502349853516e-01,9.999926686286926270e-01,9.999954104423522949e-01,9.999983310699462891e-01,-9.999984502792358398e-01,9.999990463256835938e-01,9.999984502792358398e-01,9.999957680702209473e-01,-9.999945163726806641e-01,-9.999989867210388184e-01,-9.999990463256835938e-01,-9.999959468841552734e-01,-9.999991059303283691e-01,9.999983906745910645e-01,-9.999989271163940430e-01,9.999966621398925781e-01,-9.999895691871643066e-01,-9.999940395355224609e-01,-9.999856948852539062e-01,-9.999985098838806152e-01,9.999914169311523438e-01,9.999988675117492676e-01,-9.999944567680358887e-01,-9.999956488609313965e-01,9.999907612800598145e-01,9.999977350234985352e-01,-9.999989271163940430e-01,9.999981522560119629e-01,-9.999983906745910645e-01,-9.999862313270568848e-01,9.996819496154785156e-01,9.999989867210388184e-01,9.999923706054687500e-01,9.999858140945434570e-01,-9.999942779541015625e-01,9.999984502792358398e-01,-9.999870061874389648e-01,-9.999974966049194336e-01,9.999976754188537598e-01,-9.999980330467224121e-01,-9.999884366989135742e-01,9.999991059303283691e-01,-9.999988675117492676e-01,9.999974966049194336e-01,-9.999970197677612305e-01,9.999989867210388184e-01,9.999344944953918457e-01,9.999574422836303711e-01,9.999987483024597168e-01,9.999964237213134766e-01,-9.999831318855285645e-01,-9.999986290931701660e-01,-9.999944567680358887e-01,9.999986886978149414e-01,-9.999987483024597168e-01,9.999977350234985352e-01,-9.999983310699462891e-01,-9.998835325241088867e-01,9.999991059303283691e-01,-9.999971389770507812e-01,9.999991059303283691e-01,-9.999979138374328613e-01,-9.999957084655761719e-01,-9.999969601631164551e-01,-9.999985694885253906e-01,9.999969005584716797e-01,9.999979138374328613e-01,-9.999971985816955566e-01,-9.999918937683105469e-01,-9.999950528144836426e-01,9.999803304672241211e-01,-9.999924302101135254e-01
-9.999987483024597168e-01,9.999988675117492676e-01,9.999958872795104980e-01,-9.999980330467224121e-01,-9.999992847442626953e-01,9.999990463256835938e-01,-9.999962449073791504e-01,-9.999992251396179199e-01,9.999958872795104980e-01,-9.999988675117492676e-01,9.999991655349731445e-01,9.999991059303283691e-01,-9.999984502792358398e-01,-9.999988079071044922e-01,-9.999962449073791504e-01,-9.999956488609313965e-01,-9.999980926513671875e-01,9.999983906745910645e-01,-9.999943971633911133e-01,9.999992847442626953e-01,9.999991655349731445e-01,-9.999955892562866211e-01,-9.999989271163940430e-01,-9.999982714653015137e-01,-9.999918341636657715e-01,-9.999992251396179199e-01,9.999985694885253906e-01,9.999991059303283691e-01,-9.999936223030090332e-01,9.999974370002746582e-01,9.999933242797851562e-01,9.999985694885253906e-01,-9.999880790710449219e-01,-9.999961853027343750e-01,9.999984502792358398e-01,-9.999759197235107422e-01,-9.999992847442626953e-01,-9.999989271163940430e-01,-9.999893307685852051e-01,9.999992251396179199e-01,-9.999989271163940430e-01,-9.999893903732299805e-01,-9.999880194664001465e-01,-9.999992251396179199e-01,-9.999986886978149414e-01,-9.999984502792358398e-01,9.999949336051940918e-01,-9.999990463256835938e-01,-9.999989867210388184e-01,9.999988675117492676e-01,9.999990463256835938e-01,9.999988675117492676e-01,9.999991655349731445e-01,9.999949336051940918e-01,9.999988675117492676e-01,9.999985098838806152e-01,9.999822378158569336e-01,-9.999940991401672363e-01,-9.999963045120239258e-01,-9.999986886978149414e-01,9.999988079071044922e-01,-9.999992251396179199e-01,-9.999988079071044922e-01,-9.999966025352478027e-01,9.999957084655761719e-01,9.999991655349731445e-01,9.999992251396179199e-01,9.999966621398925781e-01,9.999992847442626953e-01,-9.999987483024597168e-01,9.999991655349731445e-01,-9.999973177909851074e-01,9.999917745590209961e-01,9.999953508377075195e-01,9.999887943267822266e-01,9.999987483024597168e-01,-9.999932646751403809e-01,-9.999991059303283691e-01,9.999955892562866211e-01,9.999965429306030273e-01,-9.999927282333374023e-01,-9.999981522560119629e-01,9.999991655349731445e-01,-9.999985694885253906e-01,9.999986886978149414e-01,9.999892115592956543e-01,-9.997512102127075195e-01,-9.999992251396179199e-01,-9.999939799308776855e-01,-9.999887943267822266e-01,9.999955296516418457e-01,-9.999988079071044922e-01,9.999898076057434082e-01,9.999980330467224121e-01,-9.999982118606567383e-01,9.999983906745910645e-01,9.999908804893493652e-01,-9.999992847442626953e-01,9.999990463256835938e-01,-9.999979138374328613e-01,9.999976158142089844e-01,-9.999992251396179199e-01,-9.999487996101379395e-01,-9.999666810035705566e-01,-9.999989867210388184e-01,-9.999971389770507812e-01,9.999867677688598633e-01,9.999988675117492676e-01,9.999955892562866211e-01,-9.999988675117492676e-01,9.999989271163940430e-01,-9.999982118606567383e-01,9.999986886978149414e-01,9.999087452888488770e-01,-9.999992847442626953e-01,9.999976754188537598e-01,-9.999992251396179199e-01,9.999983906745910645e-01,9.999965429306030273e-01,9.999975562095642090e-01,9.999987483024597168e-01,-9.999974966049194336e-01,-9.999983310699462891e-01,9.999977350234985352e-01,9.999935626983642578e-01,9.999960064888000488e-01,-9.999845027923583984e-01,9.999939799308776855e-01
-9.999988079071044922e-01,9.999989867210388184e-01,9.999962449073791504e-01,-9.999982118606567383e-01,-9.999992847442626953e-01,9.999991059303283691e-01,-9.999964833259582520e-01,-9.999992847442626953e-01,9.999960660934448242e-01,-9.999988675117492676e-01,9.999991059303283691e-01,9.999992251396179199e-01,-9.999986290931701660e-01,-9.999989271163940430e-01,-9.999965429306030273e-01,-9.999960064888000488e-01,-9.999982714653015137e-01,9.999984502792358398e-01,-9.999948740005493164e-01,9.999993443489074707e-01,9.999993443489074707e-01,-9.999960064888000488e-01,-9.999989867210388184e-01,-9.999983310699462891e-01,-9.999924898147583008e-01,-9.999992251396179199e-01,9.999986886978149414e-01,9.999991655349731445e-01,-9.999942183494567871e-01,9.999976754188537598e-01,9.999938607215881348e-01,9.999987483024597168e-01,-9.999892115592956543e-01,-9.999965429306030273e-01,9.999985694885253906e-01,-9.999781847000122070e-01,-9.999993443489074707e-01,-9.999990463256835938e-01,-9.999903440475463867e-01,9.999992847442626953e-01,-9.999991059303283691e-01,-9.999904036521911621e-01,-9.999891519546508789e-01,-9.999992251396179199e-01,-9.999987483024597168e-01,-9.999985694885253906e-01,9.999953508377075195e-01,-9.999990463256835938e-01,-9.999991655349731445e-01,9.999989271163940430e-01,9.999992251396179199e-01,9.999991059303283691e-01,9.999991655349731445e-01,9.999954104423522949e-01,9.999989867210388184e-01,9.999986290931701660e-01,9.999838471412658691e-01,-9.999946951866149902e-01,-9.999966621398925781e-01,-9.999987483024597168e-01,9.999988675117492676e-01,-9.999992847442626953e-01,-9.999988675117492676e-01,-9.999969601631164551e-01,9.999959468841552734e-01,9.999992847442626953e-01,9.999993443489074707e-01,9.999970793724060059e-01,9.999992847442626953e-01,-9.999988079071044922e-01,9.999991655349731445e-01,-9.999975562095642090e-01,9.999925494194030762e-01,9.999957084655761719e-01,9.999898672103881836e-01,9.999988675117492676e-01,-9.999939203262329102e-01,-9.999992251396179199e-01,9.999959468841552734e-01,9.999968409538269043e-01,-9.999933838844299316e-01,-9.999983310699462891e-01,9.999992251396179199e-01,-9.999986886978149414e-01,9.999988079071044922e-01,9.999901652336120605e-01,-9.997748732566833496e-01,-9.999993443489074707e-01,-9.999946355819702148e-01,-9.999898672103881836e-01,9.999958872795104980e-01,-9.999989271163940430e-01,9.999907612800598145e-01,9.999982118606567383e-01,-9.999982714653015137e-01,9.999985694885253906e-01,9.999917149543762207e-01,-9.999992847442626953e-01,9.999990463256835938e-01,-9.999980330467224121e-01,9.999977946281433105e-01,-9.999992251396179199e-01,-9.999535679817199707e-01,-9.999698996543884277e-01,-9.999991655349731445e-01,-9.999973177909851074e-01,9.999879598617553711e-01,9.999989271163940430e-01,9.999959468841552734e-01,-9.999990463256835938e-01,9.999991059303283691e-01,-9.999982714653015137e-01,9.999988079071044922e-01,9.999175071716308594e-01,-9.999993443489074707e-01,9.999978542327880859e-01,-9.999992847442626953e-01,9.999985098838806152e-01,9.999968409538269043e-01,9.999977946281433105e-01,9.999988675117492676e-01,-9.999977350234985352e-01,-9.999984502792358398e-01,9.999980330467224121e-01,9.999942183494567871e-01,9.999964833259582520e-01,-9.999861121177673340e-01,9.999945759773254395e-01
