5.803468823432922363e-01,1.913174986839294434e-02,-1.869734525680541992e-01,2.032343000173568726e-01,2.037001252174377441e-01,-5.244622938334941864e-03,-2.355384454131126404e-02,5.294748544692993164e-01,3.040277399122714996e-02,2.551208436489105225e-02,-4.743685200810432434e-02,-7.024193555116653442e-02,3.021090328693389893e-01,6.107541918754577637e-01,3.715679645538330078e-01,1.214257255196571350e-01,-1.485489215701818466e-02,1.697763204574584961e-01,1.618610322475433350e-01,6.422770023345947266e-02,-2.884310483932495117e-01,1.171503588557243347e-01,2.316927164793014526e-01,-1.953921020030975342e-01,-2.157009672373533249e-03,-1.712386310100555420e-01,-1.294175386428833008e-01,-1.848571002483367920e-01,-2.051735669374465942e-02,-3.254253864288330078e-01,-1.120581105351448059e-01,-1.597028374671936035e-01,1.477116644382476807e-01,3.906920552253723145e-02,-2.455019764602184296e-02,-2.850977480411529541e-01,-5.650000181049108505e-03,2.214266732335090637e-02,-2.515611350536346436e-01,-4.884698092937469482e-01,1.124108061194419861e-01,1.309673637151718140e-01,5.960956960916519165e-02,4.034212604165077209e-02,4.985056221485137939e-01,-4.292816221714019775e-01,-2.424229830503463745e-01,-1.001680716872215271e-01,-4.452589154243469238e-02,4.638596996665000916e-02,1.016109958291053772e-01,-5.023221485316753387e-03,1.552133858203887939e-01,-2.152085751295089722e-01,2.935537509620189667e-02,-2.470804452896118164e-01,7.520535588264465332e-02,3.531486913561820984e-02,-9.309527277946472168e-02,-8.086059987545013428e-02,-7.021678984165191650e-02,9.921757876873016357e-02,3.262865543365478516e-02,-1.415424644947052002e-01,-8.566803485155105591e-02,2.729725465178489685e-02,1.091370508074760437e-01,2.850969433784484863e-01,-2.003930062055587769e-01,-3.733192011713981628e-02,-2.841906547546386719e-01,-4.229514002799987793e-01,-3.176051005721092224e-02,1.230734288692474365e-01,-1.109644845128059387e-01,-2.051057219505310059e-01,-1.066812500357627869e-02,1.905447989702224731e-01,-3.900766670703887939e-01,-2.844629883766174316e-01,1.209382116794586182e-01,9.548839181661605835e-03,-2.363358736038208008e-01,1.924128271639347076e-02,-2.020885646343231201e-01,-1.474952208809554577e-03,1.166738420724868774e-01,5.113739985972642899e-03,1.748705282807350159e-02,-8.827883750200271606e-03,-2.419839613139629364e-02,-1.399902403354644775e-01,-1.238509416580200195e-01,-3.624860197305679321e-02,1.589076244272291660e-03,-1.003929525613784790e-01,3.471349179744720459e-01,-1.854710397310554981e-03,-2.029311209917068481e-01,3.146861195564270020e-01,2.974587306380271912e-02,8.735649287700653076e-02,-1.397899091243743896e-01,-1.843726634979248047e-02,3.781767934560775757e-02,1.812660247087478638e-01,-5.183690227568149567e-03,-7.567282766103744507e-02,-1.757712848484516144e-02,1.273282617330551147e-02,4.245356023311614990e-01,2.792157791554927826e-02,-7.411958277225494385e-02,-3.293868303298950195e-01,2.741039097309112549e-01,-1.465486437082290649e-01,3.295270502567291260e-01,-1.340173482894897461e-01,-5.123533010482788086e-01,2.890425547957420349e-02,-1.172100082039833069e-01,3.131908178329467773e-01,1.512183248996734619e-01,-9.238504804670810699e-03,5.350930243730545044e-02,-1.647510081529617310e-01,-2.976279146969318390e-02,2.108167111873626709e-01
1.913174986839294434e-02,1.915690489113330841e-02,-9.607569873332977295e-02,2.736822515726089478e-02,5.142872408032417297e-02,-1.937316544353961945e-02,-1.445194426923990250e-02,3.075656853616237640e-02,7.506666588596999645e-04,9.455345571041107178e-03,2.779276296496391296e-02,-1.585448533296585083e-02,7.486543059349060059e-02,-9.984387084841728210e-03,8.038208633661270142e-02,4.640723764896392822e-02,-3.418767824769020081e-03,8.862145990133285522e-02,-8.965389803051948547e-03,-2.782841399312019348e-02,4.181827604770660400e-02,8.879089355468750000e-02,3.208394348621368408e-02,4.704555496573448181e-02,9.638154879212379456e-03,1.040379106998443604e-01,-1.011330038309097290e-01,-6.071733310818672180e-02,7.790150493383407593e-02,-2.012762799859046936e-02,4.292092286050319672e-03,-7.155326008796691895e-02,5.574723705649375916e-02,2.430024556815624237e-02,7.491705939173698425e-03,-7.343439012765884399e-02,-8.092772215604782104e-03,1.340939477086067200e-02,-2.873078174889087677e-02,-7.657349109649658203e-02,8.383785933256149292e-02,-1.582997106015682220e-02,1.028261035680770874e-01,8.905564434826374054e-03,7.224186323583126068e-03,-2.718443796038627625e-02,-7.838698476552963257e-02,-9.559139609336853027e-03,-2.303915657103061676e-02,8.328584954142570496e-03,-8.819780196063220501e-04,-9.869869798421859741e-03,4.480139538645744324e-02,1.767191477119922638e-02,-1.452238392084836960e-02,-7.752192765474319458e-02,5.329434294253587723e-03,7.068257778882980347e-03,-6.087208166718482971e-02,-2.098665758967399597e-02,-9.130945429205894470e-03,6.026185583323240280e-04,3.906005760654807091e-03,-1.607977971434593201e-02,-2.428561449050903320e-02,-1.370670087635517120e-02,3.835634142160415649e-02,1.036475226283073425e-01,-9.132820367813110352e-02,-6.532676052302122116e-03,-5.187310278415679932e-02,-7.167192641645669937e-03,-1.114783715456724167e-02,6.751959025859832764e-02,-3.543847426772117615e-02,-8.488372713327407837e-02,-5.520918406546115875e-03,6.888519227504730225e-02,2.418449148535728455e-03,-5.704044178128242493e-02,5.919278785586357117e-02,2.385024912655353546e-03,-8.435149490833282471e-02,6.805256940424442291e-03,-6.627685576677322388e-02,-9.690188616514205933e-02,5.589741468429565430e-02,8.985482156276702881e-03,4.925436526536941528e-02,-6.728085689246654510e-03,-2.573046833276748657e-02,-1.411079708486795425e-02,-4.722120985388755798e-02,6.116991862654685974e-03,-4.675190895795822144e-02,-1.271491870284080505e-02,7.277570664882659912e-02,-5.513928481377661228e-04,-5.747735127806663513e-02,2.088637091219425201e-02,1.053076889365911484e-02,2.273692749440670013e-02,-5.624286830425262451e-02,-6.211242172867059708e-03,8.131147176027297974e-02,-7.222625426948070526e-03,-1.778444088995456696e-02,-5.116610601544380188e-02,-2.918946556746959686e-02,-1.309662684798240662e-02,7.299623917788267136e-03,9.194887243211269379e-03,-4.127928987145423889e-02,-1.203638594597578049e-02,1.104051023721694946e-01,-9.819118678569793701e-02,6.870176643133163452e-02,1.644778810441493988e-02,-5.474803969264030457e-02,1.411230675876140594e-02,5.760804563760757446e-02,6.364361941814422607e-02,5.950580537319183350e-02,-2.805313281714916229e-02,-6.886391341686248779e-02,-4.127221927046775818e-02,-3.755654441192746162e-03,3.738652169704437256e-02
-1.869734525680541992e-01,-9.607569873332977295e-02,7.415904998779296875e-01,-3.488256633281707764e-01,-2.203659117221832275e-01,2.621760778129100800e-02,4.028125852346420288e-02,-2.793816924095153809e-01,4.941275715827941895e-02,-9.534580260515213013e-02,-2.099471688270568848e-01,1.649810373783111572e-01,-4.858374297618865967e-01,-4.770389571785926819e-02,-5.384705066680908203e-01,-2.983727455139160156e-01,-1.565762795507907867e-02,-6.207929253578186035e-01,8.327938616275787354e-02,2.227677553892135620e-01,-3.287113010883331299e-01,-6.652032136917114258e-01,-4.427835047245025635e-01,-3.156712278723716736e-02,-7.536003738641738892e-02,-6.410440802574157715e-01,6.914520859718322754e-01,2.300637215375900269e-01,-6.488093137741088867e-01,2.621066272258758545e-01,-5.161006003618240356e-02,6.230850219726562500e-01,-4.745516180992126465e-01,-2.941600084304809570e-01,-2.688884548842906952e-02,6.101055741310119629e-01,4.498489573597908020e-02,-1.067226156592369080e-01,3.059067130088806152e-01,6.300534605979919434e-01,-5.993872284889221191e-01,9.168036282062530518e-02,-6.535674333572387695e-01,-7.828655093908309937e-02,-2.315175235271453857e-01,4.511740803718566895e-01,5.830977559089660645e-01,9.600134193897247314e-02,1.398945599794387817e-01,1.074087545275688171e-01,-5.744908004999160767e-02,8.813228458166122437e-02,-3.167603909969329834e-01,1.666081324219703674e-02,1.240270305424928665e-02,6.170493364334106445e-01,-9.108604490756988525e-02,-6.476638466119766235e-02,3.429575860500335693e-01,2.238373309373855591e-01,1.867021769285202026e-01,-1.254076063632965088e-01,-4.238671436905860901e-02,-5.470748990774154663e-03,1.376324594020843506e-01,1.051879525184631348e-01,-2.349761426448822021e-01,-7.129392027854919434e-01,6.915879845619201660e-01,1.616676747798919678e-01,5.297081470489501953e-01,2.202216982841491699e-01,1.156678423285484314e-01,-5.919724702835083008e-01,2.652971148490905762e-01,5.529371500015258789e-01,3.195014595985412598e-02,-6.909704208374023438e-01,1.339795738458633423e-01,5.442385077476501465e-01,-6.339344382286071777e-01,-2.516878768801689148e-02,4.997866153717041016e-01,-4.369920864701271057e-02,5.788112282752990723e-01,5.137025713920593262e-01,-3.509976565837860107e-01,-6.452167779207229614e-02,-2.882152497768402100e-01,-1.010702922940254211e-03,1.735387295484542847e-01,1.681793332099914551e-01,4.999151527881622314e-01,-6.485713273286819458e-02,3.948869407176971436e-01,1.045232415199279785e-01,-4.959731101989746094e-01,5.204333458095788956e-03,4.421407580375671387e-01,-2.874425947666168213e-01,-3.558569028973579407e-02,-2.456165850162506104e-01,5.397546291351318359e-01,4.637233912944793701e-02,-7.076528072357177734e-01,-1.676246523857116699e-01,3.285582661628723145e-01,4.128915667533874512e-01,1.327933222055435181e-01,1.079466044902801514e-01,-2.972289621829986572e-01,1.653594672679901123e-01,3.873375952243804932e-01,-1.155306398868560791e-01,-7.472593188285827637e-01,6.541399359703063965e-01,-4.404385089874267578e-01,-2.874116003513336182e-01,5.930101275444030762e-01,-1.366041898727416992e-01,-5.743123888969421387e-01,-5.742564797401428223e-01,-4.950271248817443848e-01,1.508032530546188354e-01,5.928515195846557617e-01,4.300367534160614014e-01,-2.513464912772178650e-02,-3.765825629234313965e-01
2.032343000173568726e-01,2.736822515726089478e-02,-3.488256633281707764e-01,3.999823331832885742e-01,5.486910045146942139e-02,7.106817513704299927e-02,-3.588670119643211365e-02,2.984103262424468994e-01,-4.694790765643119812e-02,5.395219847559928894e-02,-1.495942939072847366e-02,-1.019364148378372192e-01,3.100465834140777588e-01,1.084662079811096191e-01,2.649333178997039795e-01,9.851837903261184692e-02,1.252329722046852112e-02,3.960969746112823486e-01,-5.274187028408050537e-02,1.245758682489395142e-02,-5.723636597394943237e-02,3.541021347045898438e-01,2.645125687122344971e-01,-2.342082262039184570e-01,7.260620594024658203e-02,2.276317328214645386e-01,-2.865064740180969238e-01,3.954125195741653442e-02,2.568717896938323975e-01,-8.261843025684356689e-02,-7.194356061518192291e-03,-4.046565294265747070e-01,3.938597738742828369e-01,2.805452793836593628e-02,2.185682766139507294e-02,-3.661137521266937256e-01,3.769902978092432022e-03,5.395759642124176025e-02,-1.172366067767143250e-01,-5.276081562042236328e-01,2.779084742069244385e-01,1.280572731047868729e-03,2.391879558563232422e-01,3.909470885992050171e-02,2.092950791120529175e-01,-2.019903808832168579e-01,-1.930880397558212280e-01,-1.076921150088310242e-01,-6.195300444960594177e-02,-1.824124716222286224e-02,2.046451717615127563e-02,3.548115864396095276e-02,3.300318121910095215e-01,-2.112744450569152832e-01,1.173605993390083313e-01,-3.374070227146148682e-01,2.885830029845237732e-02,2.629631571471691132e-02,-3.468259423971176147e-02,-1.580091565847396851e-01,-2.868830263614654541e-01,1.741375923156738281e-01,3.175210207700729370e-02,-2.116655372083187103e-02,-1.144755035638809204e-01,-6.186339631676673889e-02,7.648672908544540405e-02,3.678936660289764404e-01,-3.188930749893188477e-01,-2.581598162651062012e-01,-3.663793504238128662e-01,-2.495023421943187714e-02,-1.057432368397712708e-01,2.819489240646362305e-01,-1.555630117654800415e-01,-3.116996586322784424e-01,4.935776814818382263e-03,3.063837289810180664e-01,-3.624427020549774170e-01,-4.149433672428131104e-01,5.140309333801269531e-01,1.409285143017768860e-02,-1.030863374471664429e-01,3.699083253741264343e-02,-4.104489386081695557e-01,-1.395599078387022018e-02,-6.668722629547119141e-02,2.563758194446563721e-02,2.547792717814445496e-02,7.109994068741798401e-03,-4.604212194681167603e-02,-1.756032109260559082e-01,-3.931643962860107422e-01,5.565702915191650391e-02,-2.504825890064239502e-01,-1.453784555196762085e-01,1.815371066331863403e-01,-3.045171499252319336e-03,-1.756428778171539307e-01,3.170332312583923340e-01,5.633626878261566162e-02,9.178838878870010376e-02,-3.455232679843902588e-01,-2.688141539692878723e-02,4.542976021766662598e-01,2.699479758739471436e-01,-3.993666470050811768e-01,-2.318696677684783936e-01,9.110016375780105591e-02,-4.254994541406631470e-02,3.984183967113494873e-01,-1.448662430047988892e-01,-2.225318700075149536e-01,1.299995779991149902e-01,3.824599385261535645e-01,-3.052483499050140381e-01,1.839950680732727051e-01,1.496794372797012329e-01,-3.860102593898773193e-01,1.212981715798377991e-01,1.937915831804275513e-01,2.693484425544738770e-01,2.546209394931793213e-01,-1.750694005750119686e-03,-2.435788661241531372e-01,-2.541056275367736816e-01,1.518079917877912521e-02,2.822055220603942871e-01
2.037001252174377441e-01,5.142872408032417297e-02,-2.203659117221832275e-01,5.486910045146942139e-02,2.568894922733306885e-01,-3.287491574883460999e-02,-2.240208536386489868e-02,2.167313545942306519e-01,3.502360545098781586e-03,1.392876636236906052e-02,3.585479408502578735e-02,-2.812368236482143402e-02,2.027726322412490845e-01,1.377515494823455811e-01,2.836369872093200684e-01,1.402951478958129883e-01,-3.084279596805572510e-02,1.847508102655410767e-01,4.121352359652519226e-02,-4.684517905116081238e-02,1.620210148394107819e-02,1.864662766456604004e-01,4.291079193353652954e-02,1.748550236225128174e-01,-1.266791485249996185e-03,1.196389868855476379e-01,-2.274080365896224976e-01,-2.780728340148925781e-01,1.434728652238845825e-01,-1.823000013828277588e-01,-3.317357227206230164e-02,-8.440457284450531006e-02,8.727625012397766113e-02,1.939561590552330017e-02,1.275805849581956863e-02,-1.609333157539367676e-01,-2.723588794469833374e-02,2.680888399481773376e-02,-1.591937988996505737e-01,-2.528370916843414307e-01,1.898287683725357056e-01,1.663512550294399261e-02,2.389651536941528320e-01,2.885671332478523254e-02,1.251591295003890991e-01,-1.111865192651748657e-01,-2.686931192874908447e-01,-4.623018577694892883e-02,-5.896272882819175720e-02,9.652931988239288330e-02,3.033340722322463989e-02,-4.413414001464843750e-02,9.755213558673858643e-02,1.919245533645153046e-02,-7.111753523349761963e-02,-1.976001858711242676e-01,2.144387736916542053e-02,2.140173129737377167e-02,-2.026626467704772949e-01,-3.030472993850708008e-02,3.812689706683158875e-02,-2.479113824665546417e-02,1.220684032887220383e-02,-9.617166966199874878e-02,-7.181954383850097656e-02,1.027780352160334587e-03,1.347983032464981079e-01,2.803706526756286621e-01,-1.729398220777511597e-01,6.917636096477508545e-02,-1.389233320951461792e-01,-1.560138911008834839e-01,3.058021701872348785e-02,1.153420656919479370e-01,-9.070341289043426514e-02,-2.874497771263122559e-01,-2.061257325112819672e-02,1.177222281694412231e-01,-5.336039885878562927e-02,-1.296044737100601196e-01,4.814149439334869385e-02,3.888131584972143173e-03,-3.275404870510101318e-01,1.575103960931301117e-02,-1.544603556394577026e-01,-2.679921090602874756e-01,2.453499138355255127e-01,1.602272875607013702e-02,1.181256100535392761e-01,-3.338764235377311707e-02,-8.711130172014236450e-02,-3.244347870349884033e-02,-9.620684199035167694e-03,-5.728873983025550842e-02,-4.572607204318046570e-02,-4.691142216324806213e-02,3.286041617393493652e-01,-1.104108057916164398e-03,-1.528381109237670898e-01,9.772031754255294800e-02,2.711492590606212616e-02,6.275007873773574829e-02,-6.025640293955802917e-02,-1.870500482618808746e-02,7.940325140953063965e-02,6.388600915670394897e-03,7.027249038219451904e-02,-9.551430493593215942e-02,-1.399210095405578613e-01,-8.321921341121196747e-03,-2.755521051585674286e-02,1.043044850230216980e-01,-3.339377045631408691e-02,-2.268745452165603638e-01,3.133452534675598145e-01,-2.435684949159622192e-01,2.760455608367919922e-01,-8.198377490043640137e-02,-1.954446732997894287e-01,9.013480506837368011e-03,2.946254238486289978e-02,1.745773106813430786e-01,1.135918647050857544e-01,-7.110460847616195679e-02,-5.057312175631523132e-02,-8.278257399797439575e-02,-3.919277340173721313e-02,1.215375289320945740e-01
-5.244622938334941864e-03,-1.937316544353961945e-02,2.621760778129100800e-02,7.106817513704299927e-02,-3.287491574883460999e-02,2.133802175521850586e-01,9.206739254295825958e-03,5.949893221259117126e-02,-8.847678452730178833e-02,-2.248002775013446808e-02,-4.170925542712211609e-02,1.400938909500837326e-02,-6.946291774511337280e-02,1.999548170715570450e-03,-6.451863050460815430e-02,-5.598989129066467285e-02,-1.241975557059049606e-02,-6.404441595077514648e-02,-1.173629984259605408e-02,6.231200415641069412e-03,3.581693861633539200e-03,-3.108731471002101898e-02,2.882316336035728455e-02,-4.342484846711158752e-02,-8.101150393486022949e-03,-1.645264327526092529e-01,7.907545566558837891e-02,3.182704746723175049e-02,2.193944342434406281e-02,-6.278761476278305054e-02,3.035456314682960510e-02,8.948932588100433350e-02,-4.599308222532272339e-02,-1.225244067609310150e-02,-7.841071113944053650e-03,6.067352741956710815e-02,1.557896938174962997e-02,-1.514543127268552780e-02,2.113079652190208435e-02,-1.857024990022182465e-02,-1.169904544949531555e-01,4.472694359719753265e-03,-6.049301940947771072e-03,7.787370705045759678e-04,3.568953648209571838e-02,8.929988741874694824e-02,5.919997394084930420e-02,-2.301322855055332184e-02,-2.076148986816406250e-02,-5.803922249469906092e-05,1.019660457968711853e-01,-3.917934000492095947e-02,1.393319852650165558e-02,-1.463765650987625122e-01,-7.270665839314460754e-03,1.038390863686800003e-02,-4.395557567477226257e-03,-6.120512727648019791e-03,8.796980977058410645e-02,1.782373338937759399e-02,2.336720703169703484e-03,-3.652917454019188881e-03,-1.773138646967709064e-03,-7.578683644533157349e-02,-1.124623324722051620e-02,2.795841917395591736e-02,-2.189080975949764252e-02,-6.313054263591766357e-02,1.106691807508468628e-01,-4.534880630671977997e-03,1.791145652532577515e-02,-6.917289644479751587e-02,5.024368688464164734e-02,-9.357195347547531128e-02,4.278194159269332886e-02,8.329409174621105194e-03,1.373203843832015991e-02,-8.348467200994491577e-02,-4.829559102654457092e-02,5.520772654563188553e-03,1.003757212311029434e-02,-2.283453242853283882e-03,4.375529661774635315e-02,-9.070715866982936859e-03,3.408718481659889221e-02,1.849450021982192993e-01,-3.212955966591835022e-02,-7.362564560025930405e-03,-1.547403335571289062e-01,3.079958492890000343e-03,1.521181594580411911e-02,6.518191192299127579e-03,5.142388492822647095e-02,-2.557516843080520630e-02,4.920864105224609375e-02,-8.118087053298950195e-02,-1.050253305584192276e-02,4.932582960464060307e-04,3.654754161834716797e-02,8.258173242211341858e-03,-2.663905732333660126e-02,-7.629986107349395752e-02,8.521437644958496094e-02,3.551251953467726707e-03,-6.937188655138015747e-02,1.547704190015792847e-01,-2.237988635897636414e-02,2.671431377530097961e-02,1.393134593963623047e-01,2.296482585370540619e-02,-4.401675611734390259e-02,-5.243492126464843750e-02,3.810073435306549072e-02,4.781120270490646362e-02,-1.741983368992805481e-02,9.562437236309051514e-02,5.471171243698336184e-05,9.410359896719455719e-03,6.037260591983795166e-02,-1.086385827511548996e-02,-4.702394828200340271e-02,-1.016806140542030334e-01,-5.490022897720336914e-02,6.631562858819961548e-02,2.567425929009914398e-02,5.797701328992843628e-02,3.467997536063194275e-03,6.839757412672042847e-02
-2.355384454131126404e-02,-1.445194426923990250e-02,4.028125852346420288e-02,-3.588670119643211365e-02,-2.240208536386489868e-02,9.206739254295825958e-03,6.680815666913986206e-02,-6.194647774100303650e-02,3.858917625620961189e-03,5.939201917499303818e-03,-1.661190390586853027e-02,1.164613664150238037e-02,-1.050999313592910767e-01,5.559953860938549042e-03,-5.825283378362655640e-02,-3.260354697704315186e-02,9.425129741430282593e-03,-8.554161339998245239e-02,5.716712330467998981e-04,-7.076505105942487717e-03,-2.384151518344879150e-02,-6.015636771917343140e-02,-3.250565007328987122e-02,-1.046374440193176270e-02,-1.612053811550140381e-02,-5.725031718611717224e-02,6.460492312908172607e-02,4.930870980024337769e-02,-3.256981819868087769e-02,-3.745110332965850830e-02,1.091076433658599854e-02,4.380093514919281006e-02,-2.478094398975372314e-02,-1.723643578588962555e-02,-5.059285555034875870e-03,7.379944622516632080e-02,-9.917670104186981916e-05,-9.745160117745399475e-03,-1.982563734054565430e-02,5.318477004766464233e-02,-2.184738777577877045e-02,3.061763569712638855e-02,-8.507527410984039307e-02,-3.723765490576624870e-03,-3.161872550845146179e-02,-4.096147790551185608e-02,2.420208044350147247e-02,2.145477803424000740e-03,4.166398942470550537e-02,6.601520348340272903e-03,-1.825803518295288086e-02,-4.198117181658744812e-03,-6.919451057910919189e-02,4.577321186661720276e-02,2.371254377067089081e-02,6.805200874805450439e-02,-1.354344747960567474e-02,-5.821924190968275070e-03,-1.010493654757738113e-02,9.327278472483158112e-03,4.573199898004531860e-03,8.685225620865821838e-03,-2.484183351043611765e-04,1.179388612508773804e-01,4.091860353946685791e-02,1.366742886602878571e-02,-1.931854709982872009e-02,-4.570902138948440552e-02,6.900504976511001587e-02,5.855004489421844482e-02,1.918704062700271606e-02,-1.774560101330280304e-02,3.259197250008583069e-02,-3.089674748480319977e-02,1.455653551965951920e-02,-2.361972350627183914e-03,-1.841422636061906815e-03,1.284316089004278183e-02,1.944988616742193699e-04,6.926912814378738403e-02,-2.436346374452114105e-02,-1.216321834363043308e-03,2.432811073958873749e-02,-9.458775632083415985e-03,7.738816551864147186e-03,2.011656016111373901e-02,4.123247414827346802e-02,-8.575716055929660797e-03,2.558970125392079353e-03,7.155709434300661087e-03,-7.591411005705595016e-03,4.502187948673963547e-03,2.585967071354389191e-02,-4.471725784242153168e-03,2.596250548958778381e-02,2.711393497884273529e-02,1.916609006002545357e-03,1.615207438590005040e-04,4.310567677021026611e-02,-1.459499634802341461e-02,-1.251825504004955292e-02,4.360394552350044250e-02,3.517084941267967224e-02,4.461602307856082916e-03,-2.894389629364013672e-02,3.209363296627998352e-02,-9.822834283113479614e-03,5.353873968124389648e-02,-8.787110447883605957e-02,4.222964402288198471e-03,-3.820576891303062439e-02,-5.313677340745925903e-02,5.228614807128906250e-02,1.264835707843303680e-02,-8.265925198793411255e-02,5.075678601861000061e-02,-5.505592375993728638e-02,-8.293942548334598541e-03,-1.610429212450981140e-02,-1.152047887444496155e-02,2.288053184747695923e-02,9.323247359134256840e-04,-3.330683708190917969e-02,-1.326132472604513168e-02,6.136524677276611328e-02,-8.777956478297710419e-03,5.738923791795969009e-03,-2.054243907332420349e-02
5.294748544692993164e-01,3.075656853616237640e-02,-2.793816924095153809e-01,2.984103262424468994e-01,2.167313545942306519e-01,5.949893221259117126e-02,-6.194647774100303650e-02,6.091483831405639648e-01,-2.294630557298660278e-02,2.345967292785644531e-02,-1.024041231721639633e-02,-9.377872943878173828e-02,3.906408548355102539e-01,5.039007663726806641e-01,4.233849942684173584e-01,1.541995555162429810e-01,-2.285885065793991089e-02,2.724634706974029541e-01,1.136840134859085083e-01,5.384910851716995239e-02,-1.625668704509735107e-01,2.620439529418945312e-01,2.803483605384826660e-01,-2.120598852634429932e-01,1.937564462423324585e-02,-6.359397619962692261e-02,-2.297665476799011230e-01,-1.747283190488815308e-01,1.374635845422744751e-01,-2.951478064060211182e-01,-1.030764728784561157e-01,-2.231564968824386597e-01,1.963744908571243286e-01,6.317519396543502808e-02,-1.520277746021747589e-02,-3.759305775165557861e-01,-9.528189897537231445e-03,4.233373701572418213e-02,-2.735558450222015381e-01,-5.676085948944091797e-01,1.673119664192199707e-01,7.884167134761810303e-02,1.773591786623001099e-01,4.989906400442123413e-02,5.174123048782348633e-01,-3.693959712982177734e-01,-3.122390806674957275e-01,-1.066741347312927246e-01,-8.427894860506057739e-02,4.001107532531023026e-03,1.363657712936401367e-01,-7.402939256280660629e-03,2.473004460334777832e-01,-2.938202917575836182e-01,-2.232027007266879082e-03,-3.545877933502197266e-01,8.976829051971435547e-02,4.493613541126251221e-02,-4.620078206062316895e-02,-1.032651662826538086e-01,-1.269949823617935181e-01,1.085345447063446045e-01,3.306364640593528748e-02,-2.697321474552154541e-01,-1.244501769542694092e-01,7.414365187287330627e-03,1.235565319657325745e-01,3.375976085662841797e-01,-2.795965671539306641e-01,-1.525256186723709106e-01,-3.558121919631958008e-01,-4.104873836040496826e-01,-4.757081717252731323e-02,2.086819708347320557e-01,-1.227987408638000488e-01,-2.462305873632431030e-01,-7.087653968483209610e-03,2.220738381147384644e-01,-3.958142995834350586e-01,-4.032527804374694824e-01,2.333471179008483887e-01,1.220449898391962051e-02,-2.755506932735443115e-01,3.116821683943271637e-02,-2.665360867977142334e-01,-3.861761093139648438e-02,8.263978362083435059e-02,1.776384748518466949e-02,6.798283196985721588e-03,-6.209541577845811844e-03,-4.281884431838989258e-02,-1.404642462730407715e-01,-1.668974906206130981e-01,-6.935335695743560791e-02,-6.752482801675796509e-02,-1.523052752017974854e-01,3.618953824043273926e-01,-2.380959689617156982e-03,-2.562202215194702148e-01,3.568229377269744873e-01,3.455872461199760437e-02,7.589928060770034790e-02,-2.115144729614257812e-01,-2.963769622147083282e-02,1.639533340930938721e-01,2.103743851184844971e-01,-5.105199292302131653e-02,-1.680935472249984741e-01,8.318568766117095947e-02,4.010713193565607071e-03,4.001871347427368164e-01,3.885868191719055176e-02,-1.376067250967025757e-01,-2.315605729818344116e-01,4.040443003177642822e-01,-2.508293986320495605e-01,3.777827918529510498e-01,-5.962849035859107971e-02,-4.918612241744995117e-01,5.137263238430023193e-02,-6.079003959894180298e-02,3.124865889549255371e-01,1.800225079059600830e-01,4.977769777178764343e-02,-7.243028283119201660e-02,-1.886911839246749878e-01,-2.608678303658962250e-02,2.754473090171813965e-01
3.040277399122714996e-02,7.506666588596999645e-04,4.941275715827941895e-02,-4.694790765643119812e-02,3.502360545098781586e-03,-8.847678452730178833e-02,3.858917625620961189e-03,-2.294630557298660278e-02,5.256877094507217407e-02,5.464493762701749802e-03,-1.171498373150825500e-02,4.721300676465034485e-03,2.596998354420065880e-03,4.726151004433631897e-02,2.291017677634954453e-03,1.554562710225582123e-03,4.833136219531297684e-03,-2.232716418802738190e-02,2.582078054547309875e-02,2.615967951714992523e-02,-7.950020581483840942e-02,-4.732306674122810364e-02,-3.773188591003417969e-02,-4.553643986582756042e-03,-2.588219707831740379e-03,-1.029308233410120010e-02,2.825699374079704285e-02,5.698830820620059967e-03,-8.980169892311096191e-02,2.778986096382141113e-02,-2.399806492030620575e-02,-1.018665730953216553e-03,1.972607802599668503e-03,-2.679000608623027802e-02,7.093956228345632553e-04,1.499438192695379257e-02,-1.800881465896964073e-03,-3.546611405909061432e-03,8.408389054238796234e-03,3.009717725217342377e-02,5.571824032813310623e-03,2.322126924991607666e-02,-6.917643547058105469e-02,-5.350667517632246017e-03,-1.079200115054845810e-02,-3.302485495805740356e-02,2.532347477972507477e-02,7.857741788029670715e-03,2.396991290152072906e-02,2.235031127929687500e-02,-5.113109201192855835e-02,2.823530882596969604e-02,-2.187377400696277618e-02,5.540770664811134338e-02,2.145809307694435120e-02,4.167034476995468140e-02,-8.850358426570892334e-03,-2.675374504178762436e-03,-1.949093118309974670e-02,3.766211913898587227e-03,1.449428033083677292e-03,6.244787480682134628e-03,3.117682936135679483e-04,4.846438020467758179e-02,1.141680125147104263e-02,-2.515926025807857513e-04,-4.906450398266315460e-03,-1.521535869687795639e-02,9.213097393512725830e-03,1.919475197792053223e-02,1.845737360417842865e-02,2.921939827501773834e-02,-1.544887572526931763e-02,-7.619968149811029434e-03,-6.458982359617948532e-03,2.456869557499885559e-02,-3.412872087210416794e-03,-1.437598932534456253e-02,-8.722184225916862488e-03,3.508364036679267883e-02,-5.302875861525535583e-02,-5.853244801983237267e-04,1.823437027633190155e-02,9.116009459830820560e-04,1.726092956960201263e-02,-2.156855724751949310e-02,-1.192187145352363586e-02,-3.684142837300896645e-03,4.597759619355201721e-02,-2.628257265314459801e-03,8.129062131047248840e-03,-4.692707210779190063e-03,2.572016790509223938e-03,1.530165132135152817e-02,1.281939540058374405e-02,3.619585558772087097e-02,-1.475859154015779495e-02,9.057624993147328496e-05,1.111389044672250748e-02,-6.113300565630197525e-03,1.420126482844352722e-02,2.464910969138145447e-02,-1.408404321409761906e-03,2.080273348838090897e-03,-3.915590047836303711e-02,-5.931000784039497375e-02,2.149928361177444458e-02,2.803759649395942688e-02,-6.279374659061431885e-02,-1.744351902743801475e-04,3.927092999219894409e-02,2.555664442479610443e-02,1.420267112553119659e-02,-5.515841022133827209e-02,-6.032397970557212830e-02,1.377429347485303879e-02,-2.668684348464012146e-02,-4.199323430657386780e-02,-1.783050224184989929e-02,-2.495540538802742958e-03,-4.422755539417266846e-02,1.993235759437084198e-02,-7.265250198543071747e-03,-2.426423504948616028e-02,5.864919349551200867e-02,-7.129405625164508820e-03,-5.251839756965637207e-03,-4.766652733087539673e-02
2.551208436489105225e-02,9.455345571041107178e-03,-9.534580260515213013e-02,5.395219847559928894e-02,1.392876636236906052e-02,-2.248002775013446808e-02,5.939201917499303818e-03,2.345967292785644531e-02,5.464493762701749802e-03,1.925521902740001678e-02,1.797536946833133698e-02,-2.456805296242237091e-02,5.932202190160751343e-02,1.170604396611452103e-02,6.308133155107498169e-02,3.237183019518852234e-02,8.226304315030574799e-03,8.615109324455261230e-02,-1.343156583607196808e-02,-1.899060048162937164e-02,1.428639702498912811e-02,8.444404602050781250e-02,5.682876706123352051e-02,-2.560773491859436035e-02,1.307302061468362808e-02,9.772197902202606201e-02,-8.587905764579772949e-02,3.670290112495422363e-03,7.182415574789047241e-02,-2.212998643517494202e-02,3.949906211346387863e-03,-1.071338728070259094e-01,8.821596205234527588e-02,2.703714370727539062e-02,4.851559177041053772e-03,-8.362647891044616699e-02,-4.552573896944522858e-03,1.428062655031681061e-02,-3.751631453633308411e-02,-9.573575854301452637e-02,8.972661197185516357e-02,-2.574427984654903412e-03,6.027630716562271118e-02,9.146887809038162231e-03,2.389514632523059845e-02,-8.323935419321060181e-02,-6.315421313047409058e-02,-1.481100916862487793e-02,-5.274342373013496399e-03,-1.340447179973125458e-02,-1.573453098535537720e-02,2.433031797409057617e-03,4.563968256115913391e-02,7.564388215541839600e-03,2.308094874024391174e-02,-7.157226651906967163e-02,6.455803755670785904e-03,7.133218459784984589e-03,-4.198148846626281738e-02,-3.753981739282608032e-02,-5.155330523848533630e-02,3.501011058688163757e-02,7.159767206758260727e-03,4.336791113018989563e-02,-1.230399031192064285e-02,-1.797508448362350464e-02,2.343396283686161041e-02,9.838598966598510742e-02,-9.506290405988693237e-02,-3.201280161738395691e-02,-8.078627288341522217e-02,-7.512517739087343216e-03,-2.511204034090042114e-02,8.687846362590789795e-02,-4.133923351764678955e-02,-7.654702663421630859e-02,-3.686569165438413620e-03,1.118719354271888733e-01,-4.285935312509536743e-02,-7.528317719697952271e-02,1.121640130877494812e-01,3.783666761592030525e-03,-4.172306135296821594e-02,6.636156700551509857e-03,-9.581897407770156860e-02,-5.999174341559410095e-02,2.581447921693325043e-02,7.170156110078096390e-03,4.819204658269882202e-02,2.897964790463447571e-03,-2.049479633569717407e-02,-3.469686210155487061e-02,-9.439847618341445923e-02,2.122569084167480469e-02,-6.391274929046630859e-02,-5.606344901025295258e-03,5.258565023541450500e-02,-8.065369329415261745e-04,-4.951621592044830322e-02,5.061380192637443542e-02,1.026378665119409561e-02,5.027292668819427490e-02,-9.105571359395980835e-02,-5.606189370155334473e-03,1.218395829200744629e-01,2.917031571269035339e-02,-8.142021298408508301e-02,-5.048670619726181030e-02,-3.560140728950500488e-02,-1.721841841936111450e-02,7.628784328699111938e-02,-4.203516617417335510e-02,-5.345854163169860840e-02,3.166817501187324524e-02,8.530352264642715454e-02,-8.824648708105087280e-02,3.412062302231788635e-02,4.314369335770606995e-02,-1.054640114307403564e-01,2.565528452396392822e-02,8.550477772951126099e-02,9.033512324094772339e-02,7.086500525474548340e-02,-2.649056725203990936e-02,-7.167654484510421753e-02,-7.581147551536560059e-02,6.461863871663808823e-03,4.467104747891426086e-02
-4.743685200810432434e-02,2.779276296496391296e-02,-2.099471688270568848e-01,-1.495942939072847366e-02,3.585479408502578735e-02,-4.170925542712211609e-02,-1.661190390586853027e-02,-1.024041231721639633e-02,-1.171498373150825500e-02,1.797536946833133698e-02,1.327820867300033569e-01,-3.811145946383476257e-02,9.430750459432601929e-02,-6.394226849079132080e-02,1.156273260712623596e-01,9.180915355682373047e-02,5.767162889242172241e-03,1.228511929512023926e-01,-2.989664673805236816e-02,-1.133945435285568237e-01,2.447965592145919800e-01,1.831311285495758057e-01,1.087096780538558960e-01,8.460527658462524414e-02,6.716224830597639084e-03,2.580982446670532227e-01,-2.179855555295944214e-01,-8.185735344886779785e-02,2.422393262386322021e-01,-4.737824946641921997e-02,3.244202584028244019e-02,-1.361759006977081299e-01,3.163759037852287292e-02,1.542412787675857544e-01,-3.160900087095797062e-04,-1.462518870830535889e-01,-2.243295870721340179e-02,2.958484739065170288e-02,-8.282464742660522461e-02,-5.931756645441055298e-02,1.459967195987701416e-01,-6.771769374608993530e-02,2.167284935712814331e-01,1.789299957454204559e-02,2.039367146790027618e-02,-1.303490698337554932e-01,-1.840023547410964966e-01,1.836032234132289886e-02,-4.166210442781448364e-02,-9.451269358396530151e-02,2.306129969656467438e-02,-5.769135430455207825e-02,-3.131236415356397629e-03,7.242481410503387451e-02,-7.034667581319808960e-02,-1.476395428180694580e-01,4.063788428902626038e-02,2.106175944209098816e-02,-9.754946827888488770e-02,-3.498057276010513306e-02,3.286787495017051697e-02,-1.780116744339466095e-02,3.112318227067589760e-03,-2.281228452920913696e-02,-9.798738174140453339e-03,-2.843285910785198212e-02,6.049259752035140991e-02,1.588814556598663330e-01,-2.177434414625167847e-01,-8.155072107911109924e-03,-8.113750815391540527e-02,-9.412956982851028442e-02,-2.273400314152240753e-02,1.792829334735870361e-01,-4.072965309023857117e-02,-6.781096756458282471e-02,-1.481010671705007553e-02,2.242517173290252686e-01,1.297221630811691284e-01,-9.195327758789062500e-02,1.089556962251663208e-01,6.206321064382791519e-03,-1.573550254106521606e-01,4.482721444219350815e-03,-7.219266891479492188e-02,-2.388123869895935059e-01,1.525464951992034912e-01,2.137180045247077942e-02,1.196557655930519104e-01,6.188242230564355850e-03,-4.995888844132423401e-02,1.292490959167480469e-02,-6.854408234357833862e-02,9.294496849179267883e-04,-8.259698003530502319e-02,2.070770040154457092e-02,1.038529947400093079e-01,-1.073500141501426697e-03,-1.313346326351165771e-01,-2.099771052598953247e-02,-1.638860628008842468e-02,6.651182472705841064e-02,-1.199584081768989563e-01,-1.021633669734001160e-02,1.928504258394241333e-01,-6.456821411848068237e-02,2.197421714663505554e-02,-1.076257228851318359e-01,-5.109124630689620972e-02,-3.467567637562751770e-02,-2.440892532467842102e-02,-1.800798624753952026e-02,-1.038900166749954224e-01,6.063558533787727356e-02,2.049725651741027832e-01,-1.828688979148864746e-01,9.610310941934585571e-02,1.104943454265594482e-01,-1.049189046025276184e-01,1.110626664012670517e-02,2.155589461326599121e-01,1.375616639852523804e-01,1.114094182848930359e-01,-3.811459988355636597e-02,-2.233362942934036255e-01,-8.508110791444778442e-02,1.453748624771833420e-02,3.703488409519195557e-02
-7.024193555116653442e-02,-1.585448533296585083e-02,1.649810373783111572e-01,-1.019364148378372192e-01,-2.812368236482143402e-02,1.400938909500837326e-02,1.164613664150238037e-02,-9.377872943878173828e-02,4.721300676465034485e-03,-2.456805296242237091e-02,-3.811145946383476257e-02,4.608972743153572083e-02,-1.263056546449661255e-01,-5.088383704423904419e-02,-1.269840300083160400e-01,-6.165081635117530823e-02,-9.037687443196773529e-03,-1.469631642103195190e-01,1.117169391363859177e-02,2.794736623764038086e-02,-4.288678988814353943e-02,-1.517408788204193115e-01,-1.210594326257705688e-01,6.057479605078697205e-02,-2.086978219449520111e-02,-1.362156420946121216e-01,1.498375982046127319e-01,1.098192296922206879e-02,-1.356200873851776123e-01,4.947411268949508667e-02,1.520268153399229050e-03,1.681966185569763184e-01,-1.241400316357612610e-01,-6.510941684246063232e-02,-2.315111923962831497e-03,1.621640920639038086e-01,7.538685109466314316e-03,-2.561905793845653534e-02,7.428631186485290527e-02,1.775977462530136108e-01,-1.281808912754058838e-01,1.054456550627946854e-02,-1.180221214890480042e-01,-1.769313029944896698e-02,-9.343457967042922974e-02,1.450019329786300659e-01,1.215976849198341370e-01,2.372846007347106934e-02,2.550975047051906586e-02,4.214791581034660339e-02,-5.530372262001037598e-03,5.347072146832942963e-03,-8.421219885349273682e-02,3.019184619188308716e-02,-1.697469316422939301e-02,1.435717344284057617e-01,-2.628443017601966858e-02,-1.650771871209144592e-02,4.512722417712211609e-02,5.963998660445213318e-02,7.413408160209655762e-02,-5.182558670639991760e-02,-1.157478708773851395e-02,2.764116041362285614e-03,3.078158944845199585e-02,2.606296725571155548e-02,-4.142016172409057617e-02,-1.589994430541992188e-01,1.683588773012161255e-01,7.414776086807250977e-02,1.409217268228530884e-01,6.240308284759521484e-02,4.399617761373519897e-02,-1.463281810283660889e-01,6.099373474717140198e-02,1.006347015500068665e-01,4.726088140159845352e-03,-1.786004155874252319e-01,7.354441285133361816e-02,1.532292664051055908e-01,-1.775896102190017700e-01,-6.673650350421667099e-03,7.768434286117553711e-02,-1.198587846010923386e-02,1.410908550024032593e-01,8.565201610326766968e-02,-3.005691058933734894e-02,-1.363804191350936890e-02,-5.783864855766296387e-02,-6.165011320263147354e-03,2.763707190752029419e-02,5.210014060139656067e-02,1.390384584665298462e-01,-1.951805874705314636e-02,9.308477491140365601e-02,2.320749312639236450e-02,-9.028367698192596436e-02,1.305014826357364655e-03,1.027555912733078003e-01,-9.315143525600433350e-02,-1.175570487976074219e-02,-6.297172605991363525e-02,1.477230340242385864e-01,1.084051001816987991e-02,-1.885122358798980713e-01,-5.194070562720298767e-02,1.027637869119644165e-01,9.565249830484390259e-02,4.958183038979768753e-03,2.380136586725711823e-02,-1.395172476768493652e-01,4.875534027814865112e-02,9.983988851308822632e-02,-4.016987234354019165e-02,-1.682555824518203735e-01,1.445855498313903809e-01,-8.435095846652984619e-02,-7.257058471441268921e-02,1.780516654253005981e-01,-3.835289552807807922e-02,-1.212821751832962036e-01,-1.441018134355545044e-01,-1.133295372128486633e-01,1.810216531157493591e-02,1.340468227863311768e-01,1.126353889703750610e-01,-9.724956937134265900e-03,-8.557066321372985840e-02
