5.602665543556213379e-01,4.991066176444292068e-03,-1.304807066917419434e-01,1.260350793600082397e-01,1.929819732904434204e-01,-1.864935643970966339e-02,-2.556435577571392059e-02,4.522579312324523926e-01,5.094420909881591797e-02,2.069365046918392181e-02,-4.637960717082023621e-02,-4.910179227590560913e-02,1.746189296245574951e-01,6.207432150840759277e-01,3.080521523952484131e-01,1.085218787193298340e-01,-9.212451986968517303e-03,7.993994653224945068e-02,1.651827394962310791e-01,1.384377852082252502e-02,-3.062448799610137939e-01,6.462892889976501465e-02,1.849829256534576416e-01,-1.395830512046813965e-01,-1.418575644493103027e-02,-1.625536382198333740e-01,-8.559270203113555908e-02,-2.492379099130630493e-01,-3.150792047381401062e-02,-3.252068459987640381e-01,-1.284742951393127441e-01,-9.336064755916595459e-02,6.415327638387680054e-02,7.339441031217575073e-02,-2.939930930733680725e-02,-1.951386481523513794e-01,-4.096234217286109924e-03,7.460318971425294876e-03,-2.233534604310989380e-01,-4.298700988292694092e-01,8.047905564308166504e-02,1.286380887031555176e-01,5.531050264835357666e-02,3.375830873847007751e-02,4.278675019741058350e-01,-3.583772182464599609e-01,-2.017003297805786133e-01,-1.038673967123031616e-01,-3.606521338224411011e-02,3.623202070593833923e-02,8.608180284500122070e-02,-5.260865762829780579e-02,6.906332075595855713e-02,-1.896871477365493774e-01,1.282069366425275803e-02,-1.917767971754074097e-01,7.961079478263854980e-02,2.697115950286388397e-02,-1.151681095361709595e-01,-5.765714868903160095e-02,3.098413534462451935e-02,6.549665331840515137e-02,2.823689952492713928e-02,-5.507481470704078674e-02,-8.232592791318893433e-02,4.174114018678665161e-02,7.865751534700393677e-02,2.244508117437362671e-01,-1.347021907567977905e-01,4.671887680888175964e-02,-1.761511415243148804e-01,-4.079108834266662598e-01,-4.730914719402790070e-03,7.991959154605865479e-02,-8.346661925315856934e-02,-1.492131054401397705e-01,-1.119943801313638687e-02,1.589101701974868774e-01,-3.070950508117675781e-01,-2.059384435415267944e-01,7.786196470260620117e-02,6.653870921581983566e-03,-2.216382026672363281e-01,5.784902255982160568e-03,-1.717850267887115479e-01,-3.512373566627502441e-02,1.955910623073577881e-01,-5.053572822362184525e-04,9.961850941181182861e-03,-6.464390549808740616e-03,-1.180392131209373474e-02,-1.041566655039787292e-01,-1.952820830047130585e-02,-7.397922873497009277e-02,4.242942854762077332e-02,-6.726166605949401855e-02,3.214367926120758057e-01,-1.031549181789159775e-03,-1.496994793415069580e-01,2.551818490028381348e-01,1.975761493667960167e-03,6.870934367179870605e-02,-6.592162698507308960e-02,-1.098123099654912949e-02,-7.624605298042297363e-02,1.503933072090148926e-01,9.211508929729461670e-02,-4.633228108286857605e-02,-1.755719818174839020e-02,1.900295726954936981e-02,3.529079258441925049e-01,3.764556348323822021e-02,-4.897235333919525146e-02,-3.656521737575531006e-01,2.039482146501541138e-01,-9.437686949968338013e-02,3.410651683807373047e-01,-1.416945606470108032e-01,-4.240901768207550049e-01,7.310124579817056656e-03,-9.353455156087875366e-02,2.213764041662216187e-01,1.304389089345932007e-01,-8.974196389317512512e-03,4.091267660260200500e-02,-1.794958859682083130e-01,-2.668155916035175323e-02,1.660294681787490845e-01
4.991066176444292068e-03,2.231169864535331726e-02,-1.149990111589431763e-01,3.694513067603111267e-02,5.654278770089149475e-02,-2.270142361521720886e-02,-1.760158315300941467e-02,2.970240451395511627e-02,-1.846092520281672478e-03,9.312440641224384308e-03,3.906340524554252625e-02,-2.054175548255443573e-02,8.029573410749435425e-02,7.028135471045970917e-03,9.086779505014419556e-02,6.577596813440322876e-02,-8.967362809926271439e-04,1.042430326342582703e-01,-9.956621564924716949e-03,-3.889222815632820129e-02,4.420877620577812195e-02,1.002420783042907715e-01,5.117991194128990173e-02,4.122614860534667969e-02,8.240257389843463898e-03,1.245187819004058838e-01,-1.135395318269729614e-01,-8.312724530696868896e-02,8.855749666690826416e-02,-1.897327601909637451e-02,9.015197865664958954e-03,-8.955167979001998901e-02,7.037615031003952026e-02,4.341274499893188477e-02,5.795785691589117050e-03,-8.902693539857864380e-02,-2.961867721751332283e-03,1.580701023340225220e-02,-4.620492830872535706e-02,-8.151475340127944946e-02,9.085170179605484009e-02,-1.466263085603713989e-02,1.218913868069648743e-01,1.053872518241405487e-02,8.908191695809364319e-03,-6.174375489354133606e-02,-9.373349696397781372e-02,-1.324231084436178207e-02,-3.171941637992858887e-02,1.630511321127414703e-02,2.898044476751238108e-04,-8.809071034193038940e-03,2.372414991259574890e-02,3.192576393485069275e-02,1.273161964491009712e-03,-8.850724250078201294e-02,6.596863735467195511e-03,8.977675810456275940e-03,-9.997878968715667725e-02,-3.289515152573585510e-02,6.984352599829435349e-03,1.937228225870057940e-04,4.885253962129354477e-03,9.899571537971496582e-03,-5.969187244772911072e-03,-1.747413538396358490e-02,5.470305681228637695e-02,1.193053573369979858e-01,-1.078974828124046326e-01,2.102887444198131561e-02,-6.126924231648445129e-02,-1.545674167573451996e-02,-1.525407377630472183e-02,8.054246753454208374e-02,-3.773568198084831238e-02,-9.321586787700653076e-02,-5.322253797203302383e-03,9.187818318605422974e-02,8.364607580006122589e-03,-7.161626219749450684e-02,7.401214540004730225e-02,2.763320459052920341e-03,-8.653382211923599243e-02,5.722749046981334686e-03,-7.576555013656616211e-02,-1.171663925051689148e-01,6.761442869901657104e-02,8.814171887934207916e-03,5.663074180483818054e-02,-3.814879106357693672e-03,-2.455678954720497131e-02,-2.152969501912593842e-02,-7.681512832641601562e-02,2.323543652892112732e-02,-6.023488938808441162e-02,-7.909651845693588257e-03,8.462589979171752930e-02,-5.413209437392652035e-04,-7.506781816482543945e-02,2.947906404733657837e-02,1.347026973962783813e-02,3.171844035387039185e-02,-7.577454298734664917e-02,-7.611280307173728943e-03,1.027962192893028259e-01,-2.422813791781663895e-03,-3.129549697041511536e-02,-7.145453244447708130e-02,-1.726594939827919006e-02,-1.477246731519699097e-02,3.410306200385093689e-02,-2.921153325587511063e-03,-6.958445161581039429e-02,-1.203657686710357666e-02,1.220118179917335510e-01,-1.048629507422447205e-01,6.641796231269836426e-02,3.595476970076560974e-02,-8.381570875644683838e-02,1.600209437310695648e-02,8.097919076681137085e-02,8.619450032711029053e-02,8.270061016082763672e-02,-5.404741689562797546e-02,-8.297133445739746094e-02,-5.563850700855255127e-02,-2.708216430619359016e-03,4.879763722419738770e-02
-1.304807066917419434e-01,-1.149990111589431763e-01,7.930370569229125977e-01,-3.702950179576873779e-01,-2.953653037548065186e-01,9.584033489227294922e-02,5.133192986249923706e-02,-2.558302879333496094e-01,2.719333767890930176e-02,-9.800238162279129028e-02,-2.613379657268524170e-01,1.828159093856811523e-01,-5.020522475242614746e-01,-2.235087454319000244e-01,-6.198422312736511230e-01,-4.302999079227447510e-01,-2.650391682982444763e-02,-6.616743206977844238e-01,6.855592876672744751e-02,2.984997630119323730e-01,-2.366615235805511475e-01,-7.099920511245727539e-01,-5.411243438720703125e-01,-4.922187887132167816e-03,-6.011598184704780579e-02,-7.134177684783935547e-01,7.325600385665893555e-01,4.254789650440216064e-01,-6.550041437149047852e-01,2.603036463260650635e-01,-3.208372741937637329e-02,6.857466697692871094e-01,-5.393328070640563965e-01,-3.911937177181243896e-01,-1.716743968427181244e-02,6.693153977394104004e-01,1.237396430224180222e-02,-1.154125481843948364e-01,4.169564843177795410e-01,6.470126509666442871e-01,-6.358349919319152832e-01,6.115442886948585510e-02,-7.272054553031921387e-01,-8.634829521179199219e-02,-2.109253853559494019e-01,6.295129656791687012e-01,6.714486479759216309e-01,1.254893839359283447e-01,1.789874881505966187e-01,3.020017780363559723e-02,-4.934031516313552856e-02,5.090429633855819702e-02,-1.438024193048477173e-01,-9.141530841588973999e-02,-8.490805327892303467e-02,6.593557596206665039e-01,-9.707678854465484619e-02,-7.361391186714172363e-02,6.198418736457824707e-01,2.802735567092895508e-01,5.914863571524620056e-02,-1.200234666466712952e-01,-4.814678430557250977e-02,-2.053506821393966675e-01,4.823075979948043823e-02,1.167529150843620300e-01,-3.336080014705657959e-01,-7.624146342277526855e-01,7.346707582473754883e-01,-6.654442101716995239e-02,5.436207056045532227e-01,2.730776667594909668e-01,1.202581748366355896e-01,-6.424472928047180176e-01,2.692955136299133301e-01,5.939459800720214844e-01,3.437726572155952454e-02,-7.564509510993957520e-01,9.862986952066421509e-02,6.209190487861633301e-01,-6.695461273193359375e-01,-2.534112706780433655e-02,5.381787419319152832e-01,-3.324100375175476074e-02,6.195088028907775879e-01,6.467666029930114746e-01,-4.754452705383300781e-01,-5.628735944628715515e-02,-3.669421076774597168e-01,-1.696974597871303558e-02,1.573407500982284546e-01,2.122775614261627197e-01,6.006121039390563965e-01,-1.477650254964828491e-01,4.526115953922271729e-01,7.893729954957962036e-02,-5.706506967544555664e-01,4.607208073139190674e-03,5.468460321426391602e-01,-3.756012916564941406e-01,-4.823163896799087524e-02,-3.158956468105316162e-01,6.224190592765808105e-01,5.532982945442199707e-02,-7.420307397842407227e-01,-1.670060455799102783e-01,3.642355799674987793e-01,5.167862772941589355e-01,7.376644760370254517e-02,1.109719127416610718e-01,-4.461918175220489502e-01,2.107440382242202759e-01,5.222671031951904297e-01,-7.556750625371932983e-02,-7.607855796813964844e-01,6.801162362098693848e-01,-4.904586672782897949e-01,-3.531698286533355713e-01,7.131500244140625000e-01,-1.413633227348327637e-01,-6.505765318870544434e-01,-6.744425296783447266e-01,-6.343905925750732422e-01,3.307729065418243408e-01,6.454156041145324707e-01,5.667586922645568848e-01,-2.039796113967895508e-02,-4.321682155132293701e-01
1.260350793600082397e-01,3.694513067603111267e-02,-3.702950179576873779e-01,3.381465971469879150e-01,9.123993664979934692e-02,4.763761535286903381e-02,-4.752140492200851440e-02,2.133481055498123169e-01,-3.416349738836288452e-02,4.296353086829185486e-02,2.884604595601558685e-02,-9.349030256271362305e-02,2.233055830001831055e-01,1.656737476587295532e-01,2.690211236476898193e-01,1.489097476005554199e-01,1.922792196273803711e-02,3.621267378330230713e-01,-4.134962707757949829e-02,-5.952481925487518311e-02,-5.696789547801017761e-02,3.322298526763916016e-01,2.673036456108093262e-01,-1.632538884878158569e-01,5.130728706717491150e-02,2.814968824386596680e-01,-2.911303639411926270e-01,-1.112281158566474915e-01,2.454139441251754761e-01,-8.917889744043350220e-02,-1.001318730413913727e-02,-3.872882127761840820e-01,3.564483225345611572e-01,1.080045998096466064e-01,1.401197630912065506e-02,-3.246107995510101318e-01,1.799933984875679016e-02,4.763457551598548889e-02,-1.364673078060150146e-01,-4.610075652599334717e-01,2.765131294727325439e-01,7.982790470123291016e-03,3.051300346851348877e-01,3.745258972048759460e-02,1.457400470972061157e-01,-2.650596201419830322e-01,-2.391843795776367188e-01,-1.116437390446662903e-01,-8.823977410793304443e-02,2.026334218680858612e-02,3.027333132922649384e-02,5.606529302895069122e-03,1.762653738260269165e-01,-1.137962862849235535e-01,1.514238417148590088e-01,-3.071414232254028320e-01,3.246694430708885193e-02,2.711695805191993713e-02,-2.154443264007568359e-01,-1.646388024091720581e-01,-1.257324814796447754e-01,1.268635094165802002e-01,3.039332665503025055e-02,1.013367697596549988e-01,-3.860678896307945251e-02,-5.793831124901771545e-02,1.225735545158386230e-01,3.831061422824859619e-01,-3.206731081008911133e-01,-6.876293569803237915e-02,-2.977871000766754150e-01,-4.619062691926956177e-02,-9.116602689027786255e-02,2.708289921283721924e-01,-1.414477527141571045e-01,-3.020305335521697998e-01,-4.356414719950407743e-04,3.361186385154724121e-01,-2.538243830204010010e-01,-3.720303475856781006e-01,4.658747017383575439e-01,1.229225657880306244e-02,-1.295129358768463135e-01,2.291794121265411377e-02,-3.830292522907257080e-01,-1.503825038671493530e-01,5.952697992324829102e-02,2.041146159172058105e-02,6.662996858358383179e-02,1.056350581347942352e-02,-3.750189766287803650e-02,-1.657968610525131226e-01,-3.837703466415405273e-01,1.008360385894775391e-01,-2.444678843021392822e-01,-9.866675734519958496e-02,2.271378636360168457e-01,-2.281636931002140045e-03,-1.996570080518722534e-01,2.712932527065277100e-01,5.100797489285469055e-02,9.677938371896743774e-02,-3.240884244441986084e-01,-2.499171346426010132e-02,4.069831371307373047e-01,2.280443608760833740e-01,-3.385996520519256592e-01,-2.554734349250793457e-01,9.391307830810546875e-02,-4.158075153827667236e-02,3.904005587100982666e-01,-1.548985391855239868e-01,-2.797957956790924072e-01,6.528063118457794189e-02,3.521782457828521729e-01,-2.743831574916839600e-01,1.781374216079711914e-01,1.772409528493881226e-01,-4.129702746868133545e-01,1.004291400313377380e-01,2.497242391109466553e-01,2.934598028659820557e-01,2.936685979366302490e-01,-1.087824478745460510e-01,-2.611568570137023926e-01,-2.815442383289337158e-01,1.365814264863729477e-02,2.765046656131744385e-01
1.929819732904434204e-01,5.654278770089149475e-02,-2.953653037548065186e-01,9.123993664979934692e-02,2.507281601428985596e-01,-6.183543056249618530e-02,-3.142713010311126709e-02,2.216908782720565796e-01,3.312736749649047852e-03,2.408673241734504700e-02,7.282996177673339844e-02,-5.206684023141860962e-02,2.226778715848922729e-01,1.975792199373245239e-01,3.202976882457733154e-01,1.957604587078094482e-01,-1.596821658313274384e-02,2.452246099710464478e-01,3.502604737877845764e-02,-9.230846166610717773e-02,3.602683544158935547e-02,2.400186508893966675e-01,1.226805299520492554e-01,1.349421590566635132e-01,6.608915864489972591e-04,2.139791548252105713e-01,-2.878121733665466309e-01,-3.245689272880554199e-01,2.075037956237792969e-01,-1.922308802604675293e-01,-2.216859161853790283e-02,-1.722825765609741211e-01,1.428847163915634155e-01,9.997791796922683716e-02,5.730391014367341995e-03,-2.317485958337783813e-01,-1.671026460826396942e-02,3.781206533312797546e-02,-2.191275060176849365e-01,-2.997030615806579590e-01,2.408444881439208984e-01,1.451491285115480423e-02,3.009661436080932617e-01,3.650375828146934509e-02,1.520085632801055908e-01,-2.353607565164566040e-01,-3.154082894325256348e-01,-6.275688856840133667e-02,-7.864815741777420044e-02,8.598539233207702637e-02,2.295074053108692169e-02,-5.294004455208778381e-02,5.252360552549362183e-02,4.458510875701904297e-02,-2.940939180552959442e-02,-2.533425688743591309e-01,3.736293688416481018e-02,2.911167405545711517e-02,-2.980970442295074463e-01,-7.587459683418273926e-02,6.648916751146316528e-02,-1.197859365493059158e-02,1.748828589916229248e-02,4.412885289639234543e-03,-2.988811023533344269e-02,-1.585958898067474365e-02,1.701988130807876587e-01,3.447593450546264648e-01,-2.551224827766418457e-01,1.207297220826148987e-01,-1.853189170360565186e-01,-1.918619275093078613e-01,5.441430024802684784e-03,1.877160370349884033e-01,-1.109906062483787537e-01,-3.102467656135559082e-01,-2.078701555728912354e-02,2.386172264814376831e-01,-5.123895779252052307e-02,-1.876176446676254272e-01,1.440120041370391846e-01,6.710062269121408463e-03,-3.318274915218353271e-01,1.337334606796503067e-02,-2.138079404830932617e-01,-3.287442028522491455e-01,2.866238355636596680e-01,1.939504966139793396e-02,1.447716951370239258e-01,-2.017357945442199707e-02,-8.784102648496627808e-02,-5.935852229595184326e-02,-1.171333119273185730e-01,-1.354724261909723282e-02,-9.708507359027862549e-02,-1.751180365681648254e-02,3.585800528526306152e-01,-1.383829046972095966e-03,-2.071773558855056763e-01,1.325640678405761719e-01,2.816750481724739075e-02,1.049075871706008911e-01,-1.462726593017578125e-01,-2.219546772539615631e-02,1.724388897418975830e-01,2.891991659998893738e-02,1.658597774803638458e-02,-1.632951796054840088e-01,-1.184042468667030334e-01,-2.112870663404464722e-02,8.067210763692855835e-02,4.943479597568511963e-02,-1.310949921607971191e-01,-2.147213965654373169e-01,3.714447021484375000e-01,-2.892499864101409912e-01,2.825067937374114990e-01,-3.964642994105815887e-03,-3.057916760444641113e-01,2.181142568588256836e-02,1.483107805252075195e-01,2.555918395519256592e-01,2.043254524469375610e-01,-1.371200978755950928e-01,-1.333094537258148193e-01,-1.538006961345672607e-01,-2.703932859003543854e-02,1.591195762157440186e-01
-1.864935643970966339e-02,-2.270142361521720886e-02,9.584033489227294922e-02,4.763761535286903381e-02,-6.183543056249618530e-02,2.552725076675415039e-01,1.276319380849599838e-03,5.596480891108512878e-02,-1.015064641833305359e-01,-3.892401605844497681e-02,-5.737457051873207092e-02,2.808561548590660095e-02,-1.264035701751708984e-01,-3.332922235131263733e-02,-1.252499818801879883e-01,-1.000325828790664673e-01,-1.441040728241205215e-02,-1.129671111702919006e-01,-6.962142884731292725e-03,3.059006482362747192e-02,1.662583276629447937e-02,-9.648467600345611572e-02,-2.081822790205478668e-02,-2.093628980219364166e-02,-1.011577527970075607e-02,-2.321160733699798584e-01,1.403438746929168701e-01,6.943643838167190552e-02,-2.827942743897438049e-02,-3.976449742913246155e-02,4.772879928350448608e-02,1.491760462522506714e-01,-8.773732930421829224e-02,-3.269855678081512451e-02,-8.958008140325546265e-03,1.238819435238838196e-01,1.686917990446090698e-02,-2.613776177167892456e-02,8.751116693019866943e-02,3.272002562880516052e-02,-1.875392496585845947e-01,3.220726735889911652e-03,-5.784786865115165710e-02,-7.464963942766189575e-03,4.018318280577659607e-02,1.787076592445373535e-01,1.461491882801055908e-01,-1.237285416573286057e-02,-2.236497402191162109e-02,1.292868750169873238e-03,1.182697564363479614e-01,-7.229015231132507324e-02,1.864895038306713104e-02,-1.541967988014221191e-01,-1.121167000383138657e-02,6.805715709924697876e-02,-1.436129398643970490e-02,-1.310600806027650833e-02,1.348530799150466919e-01,3.811283409595489502e-02,2.617752365767955780e-02,-2.204853482544422150e-02,-5.620500538498163223e-03,-1.281396001577377319e-01,5.529810208827257156e-03,3.735534846782684326e-02,-4.829544946551322937e-02,-1.233713850378990173e-01,1.663648188114166260e-01,-1.617612130939960480e-02,7.063747197389602661e-02,-3.894545137882232666e-02,4.536481946706771851e-02,-1.523304730653762817e-01,6.464695185422897339e-02,6.690074503421783447e-02,1.766070723533630371e-02,-1.600929796695709229e-01,-3.023803420364856720e-02,6.882190704345703125e-02,-6.187857314944267273e-02,-4.044951871037483215e-03,8.925212919712066650e-02,-1.166713051497936249e-02,8.930741995573043823e-02,2.335258722305297852e-01,-8.265080302953720093e-02,-1.025330275297164917e-02,-1.965801417827606201e-01,-2.704862970858812332e-03,3.270983323454856873e-02,2.316297590732574463e-02,8.541934937238693237e-02,-1.487394887953996658e-02,8.367432653903961182e-02,-8.404679596424102783e-02,-6.117928028106689453e-02,8.078792016021907330e-04,7.702674716711044312e-02,-6.804084032773971558e-02,-2.796848304569721222e-02,-1.293323338031768799e-01,1.417216956615447998e-01,1.041086670011281967e-02,-1.464978307485580444e-01,1.470870673656463623e-01,1.507984939962625504e-02,6.436189264059066772e-02,1.579571068286895752e-01,3.099641390144824982e-02,-8.730321377515792847e-02,-3.498142957687377930e-02,6.173539906740188599e-02,3.448553755879402161e-02,-8.463262766599655151e-02,1.708083748817443848e-01,-6.209065765142440796e-02,-1.848072372376918793e-02,1.290487349033355713e-01,-2.272391319274902344e-02,-1.060523986816406250e-01,-1.510512828826904297e-01,-1.140621602535247803e-01,1.039305701851844788e-01,7.947036623954772949e-02,1.350503116846084595e-01,1.458112150430679321e-03,3.018283657729625702e-02
-2.556435577571392059e-02,-1.760158315300941467e-02,5.133192986249923706e-02,-4.752140492200851440e-02,-3.142713010311126709e-02,1.276319380849599838e-03,6.765696406364440918e-02,-6.990916281938552856e-02,3.099626628682017326e-03,7.886105217039585114e-03,-1.911559514701366425e-02,1.433399692177772522e-02,-9.471981972455978394e-02,-2.016808651387691498e-02,-6.301626563072204590e-02,-4.335159063339233398e-02,5.392125807702541351e-03,-9.516461193561553955e-02,-5.849682260304689407e-03,-5.875215865671634674e-03,-1.033329218626022339e-02,-5.549129471182823181e-02,-3.736459836363792419e-02,-9.053018875420093536e-03,-1.360888220369815826e-02,-6.039263680577278137e-02,6.403663009405136108e-02,6.883635371923446655e-02,-2.619063667953014374e-02,-3.132509067654609680e-02,4.307033028453588486e-03,5.831357091665267944e-02,-4.597828164696693420e-02,-2.765081822872161865e-02,-4.060808103531599045e-03,7.508402317762374878e-02,-4.942856729030609131e-03,-8.704589679837226868e-03,-1.208571903407573700e-02,6.747962534427642822e-02,-2.160825021564960480e-02,1.815466023981571198e-02,-8.913405239582061768e-02,-4.174876492470502853e-03,-4.265566170215606689e-02,-1.087409909814596176e-02,2.392069436609745026e-02,9.810101240873336792e-03,4.890443757176399231e-02,-1.297807879745960236e-02,-1.416752766817808151e-02,1.128818839788436890e-02,-5.510298535227775574e-02,2.537954226136207581e-02,-5.958191119134426117e-03,6.604750454425811768e-02,-8.839985355734825134e-03,-6.000766996294260025e-03,3.255221992731094360e-02,2.279997803270816803e-02,-1.421311870217323303e-02,5.411829799413681030e-03,-2.407153602689504623e-03,8.425018936395645142e-02,1.918081194162368774e-02,1.389022171497344971e-02,-3.450950607657432556e-02,-6.850073486566543579e-02,7.442659139633178711e-02,2.708552032709121704e-02,2.782263047993183136e-02,-1.442494802176952362e-02,3.839520737528800964e-02,-3.378802910447120667e-02,1.991401240229606628e-02,1.474004704505205154e-02,-1.960691763088107109e-03,-6.078719627112150192e-03,7.703006267547607422e-03,6.850691139698028564e-02,-2.981070242822170258e-02,-1.607311307452619076e-03,2.308770827949047089e-02,-8.170248940587043762e-03,2.650634199380874634e-02,4.101704806089401245e-02,3.339182958006858826e-02,-7.221139501780271530e-03,-2.961680525913834572e-03,7.679174654185771942e-03,-8.607264608144760132e-03,1.763292402029037476e-02,5.676518380641937256e-02,-2.814884483814239502e-02,3.635591268539428711e-02,2.417766116559505463e-02,-2.354409918189048767e-02,2.090226917061954737e-04,5.279184505343437195e-02,-7.177870254963636398e-03,-2.169474400579929352e-02,3.692998737096786499e-02,4.617003723978996277e-02,4.492873791605234146e-03,-3.282522410154342651e-02,1.650371216237545013e-02,3.659240668639540672e-03,6.356577575206756592e-02,-8.175625652074813843e-02,4.217261914163827896e-03,-6.878977268934249878e-02,-3.717204183340072632e-02,7.898486405611038208e-02,3.489154577255249023e-02,-7.972218096256256104e-02,4.367740824818611145e-02,-3.749418258666992188e-02,-1.656970009207725525e-02,2.720686793327331543e-02,-1.349139120429754257e-02,1.186738256365060806e-02,-2.677553147077560425e-02,-4.710922762751579285e-02,1.233325619250535965e-02,5.206014588475227356e-02,4.055537283420562744e-04,6.945318076759576797e-03,-2.831253036856651306e-02
4.522579312324523926e-01,2.970240451395511627e-02,-2.558302879333496094e-01,2.133481055498123169e-01,2.216908782720565796e-01,5.596480891108512878e-02,-6.990916281938552856e-02,5.256698131561279297e-01,-2.239291369915008545e-02,9.210873395204544067e-03,2.567109279334545135e-02,-7.590524852275848389e-02,2.555256187915802002e-01,5.034601092338562012e-01,3.672878444194793701e-01,1.708036214113235474e-01,-1.698228716850280762e-02,2.031607776880264282e-01,1.111657023429870605e-01,-2.078213915228843689e-02,-1.040839776396751404e-01,2.210030108690261841e-01,2.414653152227401733e-01,-1.076098755002021790e-01,-1.262653822777792811e-04,-2.038992196321487427e-02,-2.121324539184570312e-01,-2.843480408191680908e-01,1.615922152996063232e-01,-2.894244492053985596e-01,-8.728493005037307739e-02,-1.590374112129211426e-01,1.104624420404434204e-01,1.351543962955474854e-01,-2.310364507138729095e-02,-2.951148450374603271e-01,-3.465994726866483688e-03,3.132671117782592773e-02,-2.628407180309295654e-01,-4.863246381282806396e-01,1.329546719789505005e-01,6.665342301130294800e-02,2.224922478199005127e-01,4.431288316845893860e-02,4.518201947212219238e-01,-3.327659964561462402e-01,-2.925626933574676514e-01,-1.026599034667015076e-01,-9.929399192333221436e-02,1.069579925388097763e-02,1.354408115148544312e-01,-8.136618137359619141e-02,1.119650378823280334e-01,-2.106817513704299927e-01,-1.353469956666231155e-02,-3.050530850887298584e-01,9.438184648752212524e-02,3.932243585586547852e-02,-1.548975110054016113e-01,-9.030365198850631714e-02,3.586366400122642517e-02,4.538839682936668396e-02,2.723259665071964264e-02,-1.723834723234176636e-01,-7.031706720590591431e-02,1.706118136644363403e-02,1.267734020948410034e-01,3.069992661476135254e-01,-2.422127574682235718e-01,1.023854711093008518e-03,-2.446191012859344482e-01,-4.121245145797729492e-01,-2.206701412796974182e-02,1.754569113254547119e-01,-8.940976113080978394e-02,-2.006628513336181641e-01,-9.274803102016448975e-03,2.203219532966613770e-01,-2.545826733112335205e-01,-3.102540075778961182e-01,1.739655137062072754e-01,9.231248870491981506e-03,-2.844496369361877441e-01,1.455116830766201019e-02,-2.210395038127899170e-01,-1.387165933847427368e-01,1.934766471385955811e-01,1.353464927524328232e-02,1.215960737317800522e-02,-4.321744665503501892e-03,-3.488310426473617554e-02,-9.797260165214538574e-02,-1.004744470119476318e-01,-6.891763955354690552e-02,-3.883633390069007874e-02,-1.005085036158561707e-01,3.628734052181243896e-01,-1.466485788114368916e-03,-2.310115694999694824e-01,2.503491044044494629e-01,9.953651577234268188e-03,5.569840967655181885e-02,-1.476097404956817627e-01,-2.295846305787563324e-02,7.644209265708923340e-02,1.637578904628753662e-01,5.825379118323326111e-02,-1.681476235389709473e-01,8.072826266288757324e-02,7.714271545410156250e-03,3.129745721817016602e-01,4.444535076618194580e-02,-1.563156843185424805e-01,-2.781039178371429443e-01,3.680994212627410889e-01,-2.029527276754379272e-01,3.593651950359344482e-01,-4.025741666555404663e-02,-4.362774491310119629e-01,2.255103737115859985e-02,4.979294259101152420e-03,2.588932514190673828e-01,1.761937588453292847e-01,4.339965060353279114e-03,-9.962785989046096802e-02,-1.757795959711074829e-01,-2.509414218366146088e-02,2.308841198682785034e-01
5.094420909881591797e-02,-1.846092520281672478e-03,2.719333767890930176e-02,-3.416349738836288452e-02,3.312736749649047852e-03,-1.015064641833305359e-01,3.099626628682017326e-03,-2.239291369915008545e-02,6.183781847357749939e-02,1.358706597238779068e-02,-1.434140373021364212e-02,-2.103174047078937292e-04,2.298060804605484009e-02,5.884937942028045654e-02,1.935972273349761963e-02,6.420344579964876175e-03,6.981994491070508957e-03,-4.998627118766307831e-03,2.467396110296249390e-02,2.099914476275444031e-02,-9.865629673004150391e-02,-2.609578333795070648e-02,-1.815602183341979980e-02,-2.524649538099765778e-02,1.765114720910787582e-03,1.107289828360080719e-02,9.305698797106742859e-03,4.331232514232397079e-03,-7.812735438346862793e-02,2.045804634690284729e-02,-3.716566413640975952e-02,-2.873563580214977264e-02,1.928794197738170624e-02,-2.219057455658912659e-02,1.788952271454036236e-03,-6.667836569249629974e-03,-3.355369670316576958e-03,-1.049134996719658375e-03,-1.279622083529829979e-03,-1.854787231422960758e-03,3.294421732425689697e-02,2.295275963842868805e-02,-5.483733862638473511e-02,-2.797496039420366287e-03,-1.416301168501377106e-02,-5.236777290701866150e-02,2.574760466814041138e-03,1.191449002362787724e-03,2.726498991250991821e-02,1.206505578011274338e-02,-5.836133658885955811e-02,4.012204706668853760e-02,-4.928768146783113480e-03,3.811588138341903687e-02,2.314508333802223206e-02,1.969240419566631317e-02,-4.151972942054271698e-03,-1.021191361360251904e-03,-1.066435407847166061e-02,-2.477555070072412491e-03,-2.180762402713298798e-02,2.080054022371768951e-02,2.341513289138674736e-03,6.267046928405761719e-02,-1.013758685439825058e-02,-3.743750276044011116e-03,-6.336924154311418533e-03,4.613257478922605515e-03,-1.018657069653272629e-02,-2.501408162061125040e-04,5.511186318472027779e-04,2.693027257919311523e-02,-1.775157824158668518e-02,1.209669932723045349e-02,-1.792697422206401825e-02,9.806398302316665649e-03,-4.049297887831926346e-03,1.149784959852695465e-02,-2.837244793772697449e-02,8.292022161185741425e-03,-1.473031751811504364e-02,3.097473527304828167e-04,1.274668239057064056e-02,2.546186791732907295e-03,-1.019386295229196548e-02,-1.958614401519298553e-02,-6.754975765943527222e-03,-2.161270007491111755e-03,5.289789661765098572e-02,-4.191212938167154789e-04,4.268055316060781479e-03,-1.327734161168336868e-02,-3.516692901030182838e-03,6.688090972602367401e-03,1.205897424370050430e-03,3.180852904915809631e-02,-7.434414234012365341e-03,-8.108247857308015227e-05,4.692422226071357727e-03,2.772660925984382629e-02,1.337483525276184082e-02,3.659234941005706787e-02,-2.015050128102302551e-02,6.295244093053042889e-04,-1.614641025662422180e-02,-4.999055713415145874e-02,1.585911493748426437e-03,2.152396738529205322e-02,-6.125591695308685303e-02,-3.718390362337231636e-03,6.535841524600982666e-02,1.613656431436538696e-02,1.019455958157777786e-02,-4.533493518829345703e-02,-4.108135402202606201e-02,-9.632517583668231964e-03,2.089390764012932777e-03,-3.278744593262672424e-02,-3.576210141181945801e-02,5.004499107599258423e-03,-2.666178531944751740e-02,2.591152489185333252e-02,1.355378050357103348e-02,-2.523846365511417389e-02,3.307590261101722717e-02,-4.025491699576377869e-02,-2.108359010890126228e-03,-3.294266387820243835e-02
2.069365046918392181e-02,9.312440641224384308e-03,-9.800238162279129028e-02,4.296353086829185486e-02,2.408673241734504700e-02,-3.892401605844497681e-02,7.886105217039585114e-03,9.210873395204544067e-03,1.358706597238779068e-02,2.032516524195671082e-02,2.222996391355991364e-02,-2.363283373415470123e-02,5.347600579261779785e-02,4.056425765156745911e-02,7.260709255933761597e-02,4.566110670566558838e-02,8.929952979087829590e-03,7.702074944972991943e-02,-8.463760837912559509e-03,-3.087231516838073730e-02,-5.861941725015640259e-03,8.308558911085128784e-02,6.442606449127197266e-02,-2.676670625805854797e-02,8.653139695525169373e-03,1.020854040980339050e-01,-8.601379394531250000e-02,-2.504137344658374786e-02,6.425388157367706299e-02,-2.650556154549121857e-02,-6.600749213248491287e-03,-1.054182648658752441e-01,8.135152608156204224e-02,3.737295791506767273e-02,2.738967305049300194e-03,-8.233223855495452881e-02,-1.736852340400218964e-03,1.382818818092346191e-02,-5.302743613719940186e-02,-8.784160017967224121e-02,9.352882206439971924e-02,2.624053508043289185e-03,6.617282330989837646e-02,9.599280543625354767e-03,1.250106934458017349e-02,-1.103815659880638123e-01,-8.252419531345367432e-02,-1.652505993843078613e-02,-4.787560552358627319e-03,-6.717310287058353424e-03,-1.729415357112884521e-02,1.231178641319274902e-02,1.375750359147787094e-02,2.058076113462448120e-02,2.798845618963241577e-02,-7.005012035369873047e-02,9.087075479328632355e-03,7.954111322760581970e-03,-7.300371676683425903e-02,-3.785455226898193359e-02,-3.102631680667400360e-02,3.159626945853233337e-02,7.195946760475635529e-03,7.185296714305877686e-02,-5.627945531159639359e-03,-1.657112874090671539e-02,3.149022534489631653e-02,9.764831513166427612e-02,-9.302255511283874512e-02,2.285492606461048126e-03,-7.257618755102157593e-02,-2.057059295475482941e-02,-1.860637031495571136e-02,8.700367063283920288e-02,-3.846812993288040161e-02,-7.505219429731369019e-02,-4.907625727355480194e-03,1.176077723503112793e-01,-3.245023265480995178e-02,-7.789693772792816162e-02,1.069006845355033875e-01,3.393125021830201149e-03,-4.836256802082061768e-02,4.201299510896205902e-03,-9.150300920009613037e-02,-7.854509353637695312e-02,5.201286450028419495e-02,5.299620330333709717e-03,5.935853719711303711e-02,5.399069748818874359e-03,-1.853076927363872528e-02,-3.472762554883956909e-02,-8.689520508050918579e-02,2.163492329418659210e-02,-6.061671301722526550e-02,2.042218111455440521e-03,6.083886325359344482e-02,-6.390193593688309193e-04,-5.646572634577751160e-02,6.479237228631973267e-02,7.642331998795270920e-03,6.030537560582160950e-02,-9.070651978254318237e-02,-6.271960679441690445e-03,1.138466969132423401e-01,2.135173417627811432e-02,-7.209213078022003174e-02,-5.348167940974235535e-02,-3.374284505844116211e-02,-1.616313867270946503e-02,8.581986278295516968e-02,-4.246598854660987854e-02,-5.661978945136070251e-02,2.176765911281108856e-02,7.954054325819015503e-02,-8.743914216756820679e-02,4.824145510792732239e-02,4.391091316938400269e-02,-1.150004267692565918e-01,2.250686846673488617e-02,8.987086266279220581e-02,9.444944560527801514e-02,8.213062584400177002e-02,-4.750204086303710938e-02,-7.419122010469436646e-02,-9.484915435314178467e-02,5.804628133773803711e-03,4.646240919828414917e-02
-4.637960717082023621e-02,3.906340524554252625e-02,-2.613379657268524170e-01,2.884604595601558685e-02,7.282996177673339844e-02,-5.737457051873207092e-02,-1.911559514701366425e-02,2.567109279334545135e-02,-1.434140373021364212e-02,2.222996391355991364e-02,1.467344760894775391e-01,-5.233480781316757202e-02,1.544082760810852051e-01,-3.533386392518877983e-03,1.751463264226913452e-01,1.447808593511581421e-01,4.775312729179859161e-03,1.784469038248062134e-01,-2.998505346477031708e-02,-1.225588321685791016e-01,2.214277386665344238e-01,2.360969036817550659e-01,1.603299081325531006e-01,6.071647256612777710e-02,8.922980166971683502e-03,2.979162633419036865e-01,-2.630209922790527344e-01,-1.258695125579833984e-01,2.708205580711364746e-01,-4.766216501593589783e-02,3.215698897838592529e-02,-1.889717578887939453e-01,8.571624010801315308e-02,1.699843108654022217e-01,-3.299510281067341566e-04,-2.106676995754241943e-01,-1.413493324071168900e-02,3.928600996732711792e-02,-1.344959288835525513e-01,-1.090401634573936462e-01,1.748888343572616577e-01,-6.046689674258232117e-02,2.632007002830505371e-01,2.423937804996967316e-02,4.464094713330268860e-02,-2.073697894811630249e-01,-2.358922064304351807e-01,7.306701969355344772e-03,-5.816765502095222473e-02,-6.840027123689651489e-02,2.410582453012466431e-02,-3.317017108201980591e-02,-1.343446969985961914e-02,9.112360328435897827e-02,-4.543161764740943909e-02,-1.981477141380310059e-01,4.250280186533927917e-02,2.642321586608886719e-02,-1.793386787176132202e-01,-6.150547415018081665e-02,2.836675383150577545e-02,-5.725293885916471481e-03,6.516138557344675064e-03,-3.474485711194574833e-04,-1.392824924550950527e-03,-3.694568574428558350e-02,9.955508261919021606e-02,2.108364850282669067e-01,-2.610045969486236572e-01,2.447940036654472351e-02,-1.265865564346313477e-01,-1.189107894897460938e-01,-3.045570291578769684e-02,2.191603779792785645e-01,-5.024811252951622009e-02,-1.122127100825309753e-01,-1.455661375075578690e-02,2.614196240901947021e-01,1.093424409627914429e-01,-1.596160233020782471e-01,1.497202366590499878e-01,7.245682645589113235e-03,-1.894222944974899292e-01,6.736755371093750000e-03,-1.100569069385528564e-01,-2.787285149097442627e-01,1.719133108854293823e-01,2.113280072808265686e-02,1.453927159309387207e-01,9.786961600184440613e-03,-5.116635188460350037e-02,-1.213802024722099304e-02,-1.356110721826553345e-01,2.413515560328960419e-02,-1.205190643668174744e-01,4.019371699541807175e-03,1.438399106264114380e-01,-1.185283414088189602e-03,-1.865194886922836304e-01,3.624043613672256470e-02,-6.048379000276327133e-03,9.691458940505981445e-02,-1.796461939811706543e-01,-1.696016453206539154e-02,2.546780407428741455e-01,-4.791859164834022522e-02,-1.808475144207477570e-02,-1.599400937557220459e-01,-2.490286342799663544e-02,-3.739351034164428711e-02,4.946365579962730408e-02,-2.931875735521316528e-02,-1.509803235530853271e-01,6.842126697301864624e-02,2.577126920223236084e-01,-2.252208739519119263e-01,1.349413990974426270e-01,1.299329102039337158e-01,-1.765316128730773926e-01,2.315519377589225769e-02,2.353321462869644165e-01,1.956904232501983643e-01,1.681264638900756836e-01,-8.277976512908935547e-02,-2.533836364746093750e-01,-1.352377384901046753e-01,9.371152147650718689e-03,7.319900393486022949e-02
-4.910179227590560913e-02,-2.054175548255443573e-02,1.828159093856811523e-01,-9.349030256271362305e-02,-5.206684023141860962e-02,2.808561548590660095e-02,1.433399692177772522e-02,-7.590524852275848389e-02,-2.103174047078937292e-04,-2.363283373415470123e-02,-5.233480781316757202e-02,4.599107056856155396e-02,-1.178746968507766724e-01,-8.260323107242584229e-02,-1.448109596967697144e-01,-9.088870882987976074e-02,-9.417538531124591827e-03,-1.484234929084777832e-01,9.184615686535835266e-03,5.279613658785820007e-02,-3.102771006524562836e-02,-1.628816723823547363e-01,-1.331724226474761963e-01,4.448487609624862671e-02,-1.536601223051548004e-02,-1.638318151235580444e-01,1.636539548635482788e-01,6.937186419963836670e-02,-1.423465758562088013e-01,5.136280879378318787e-02,7.086923811584711075e-03,1.732127517461776733e-01,-1.237527430057525635e-01,-8.788273483514785767e-02,-7.957874913699924946e-04,1.654394567012786865e-01,1.983508700504899025e-03,-2.633193694055080414e-02,9.553286433219909668e-02,1.716245263814926147e-01,-1.378987580537796021e-01,7.463255897164344788e-03,-1.510656476020812988e-01,-1.899775862693786621e-02,-7.373590767383575439e-02,1.760749369859695435e-01,1.523897647857666016e-01,2.831824682652950287e-02,3.491757810115814209e-02,2.424311265349388123e-02,-6.265713833272457123e-03,2.917845733463764191e-03,-3.757962584495544434e-02,2.313024306204169989e-04,-2.771912515163421631e-02,1.496109068393707275e-01,-2.798649296164512634e-02,-1.775530725717544556e-02,1.158053353428840637e-01,6.566435843706130981e-02,3.099355101585388184e-02,-4.119083657860755920e-02,-1.173441391438245773e-02,-3.917061910033226013e-02,1.503311842679977417e-02,2.625603042542934418e-02,-6.254075467586517334e-02,-1.739589869976043701e-01,1.753106117248535156e-01,1.172000542283058167e-02,1.295171082019805908e-01,7.367817312479019165e-02,3.698737174272537231e-02,-1.527463942766189575e-01,5.789844319224357605e-02,1.114183142781257629e-01,6.375117227435112000e-03,-1.914193481206893921e-01,4.679238796234130859e-02,1.606024652719497681e-01,-1.749436706304550171e-01,-6.170898210257291794e-03,9.839508682489395142e-02,-8.463875390589237213e-03,1.436225473880767822e-01,1.353458464145660400e-01,-7.763065397739410400e-02,-1.175829302519559860e-02,-7.755989581346511841e-02,-8.120615035295486450e-03,2.635557204484939575e-02,5.340707674622535706e-02,1.426822990179061890e-01,-2.905752509832382202e-02,9.940826147794723511e-02,1.694739609956741333e-02,-1.136471703648567200e-01,1.067482400685548782e-03,1.213073506951332092e-01,-1.019632443785667419e-01,-1.085260417312383652e-02,-7.411787658929824829e-02,1.537335962057113647e-01,1.246912311762571335e-02,-1.871804296970367432e-01,-4.224347695708274841e-02,9.115654975175857544e-02,1.149620041251182556e-01,-2.907130867242813110e-03,2.357283793389797211e-02,-1.484317481517791748e-01,5.033467337489128113e-02,1.209025830030441284e-01,-2.585394866764545441e-02,-1.743794679641723633e-01,1.512596011161804199e-01,-1.043097823858261108e-01,-8.172260224819183350e-02,1.943917572498321533e-01,-3.530244156718254089e-02,-1.397855430841445923e-01,-1.568824797868728638e-01,-1.384655386209487915e-01,5.747803300619125366e-02,1.496596634387969971e-01,1.396488845348358154e-01,-7.146489340811967850e-03,-9.351679682731628418e-02
