9.999981522560119629e-01,-9.999983906745910645e-01,-9.999857544898986816e-01,9.999981522560119629e-01,9.999989271163940430e-01,-9.999986290931701660e-01,9.999946355819702148e-01,9.999989271163940430e-01,-9.999971389770507812e-01,9.999970197677612305e-01,-9.999979138374328613e-01,-9.999989271163940430e-01,9.999980330467224121e-01,9.999979734420776367e-01,9.999647140502929688e-01,9.999976158142089844e-01,9.999977350234985352e-01,-9.999985694885253906e-01,9.999892711639404297e-01,-9.999990463256835938e-01,-9.999988675117492676e-01,9.999848008155822754e-01,9.999980330467224121e-01,9.999985098838806152e-01,9.999895095825195312e-01,9.999989271163940430e-01,-9.999984502792358398e-01,-9.999989271163940430e-01,9.999762177467346191e-01,-9.999961853027343750e-01,-9.999950528144836426e-01,-9.999985098838806152e-01,9.999939799308776855e-01,9.999974370002746582e-01,-9.999964833259582520e-01,-9.999887943267822266e-01,9.999989867210388184e-01,9.999985694885253906e-01,9.999926090240478516e-01,-9.999989271163940430e-01,9.999984502792358398e-01,-9.999970793724060059e-01,9.999446868896484375e-01,9.999987483024597168e-01,9.999974966049194336e-01,9.999979138374328613e-01,9.999884963035583496e-01,9.999979734420776367e-01,9.999988079071044922e-01,-9.999985098838806152e-01,-9.999987483024597168e-01,-9.999974370002746582e-01,-9.999985694885253906e-01,-9.999905228614807129e-01,-9.999962449073791504e-01,-9.999978542327880859e-01,-9.999974370002746582e-01,9.999365806579589844e-01,9.999979138374328613e-01,9.999981522560119629e-01,-9.999970793724060059e-01,9.999988675117492676e-01,9.999982118606567383e-01,9.999948143959045410e-01,-9.999956488609313965e-01,-9.999987483024597168e-01,-9.999988675117492676e-01,-9.999940395355224609e-01,-9.999986290931701660e-01,9.999988079071044922e-01,-9.999986290931701660e-01,9.999979138374328613e-01,9.999965429306030273e-01,-9.999902844429016113e-01,-9.997014999389648438e-01,-9.999980330467224121e-01,9.999915957450866699e-01,9.999986886978149414e-01,-9.999911189079284668e-01,-9.999969005584716797e-01,-9.999617338180541992e-01,9.999974370002746582e-01,-9.999987483024597168e-01,9.999940991401672363e-01,-9.999982714653015137e-01,-9.999831914901733398e-01,9.999911189079284668e-01,9.999988675117492676e-01,-9.998953342437744141e-01,9.999970197677612305e-01,-9.999982118606567383e-01,9.999983906745910645e-01,-9.999738931655883789e-01,-9.999980330467224121e-01,9.999985694885253906e-01,-9.999977946281433105e-01,-9.999903440475463867e-01,9.999988675117492676e-01,-9.999988079071044922e-01,9.999882578849792480e-01,-9.999972581863403320e-01,9.999986290931701660e-01,-9.999787211418151855e-01,-9.999757409095764160e-01,9.999985694885253906e-01,9.999967813491821289e-01,9.999547004699707031e-01,-9.999976158142089844e-01,-9.999943971633911133e-01,9.999985098838806152e-01,-9.999977946281433105e-01,9.999985098838806152e-01,-9.999979138374328613e-01,-9.999879598617553711e-01,9.999990463256835938e-01,-9.999983310699462891e-01,9.999987483024597168e-01,-9.999987483024597168e-01,-9.999935626983642578e-01,-9.999980926513671875e-01,-9.999988079071044922e-01,9.999955296516418457e-01,9.999986886978149414e-01,-9.999972581863403320e-01,9.998988509178161621e-01,-9.999952912330627441e-01,9.999825954437255859e-01,-9.999975562095642090e-01
-9.999983906745910645e-01,9.999985098838806152e-01,9.999874830245971680e-01,-9.999983310699462891e-01,-9.999990463256835938e-01,9.999988079071044922e-01,-9.999953508377075195e-01,-9.999991655349731445e-01,9.999974370002746582e-01,-9.999974370002746582e-01,9.999981522560119629e-01,9.999990463256835938e-01,-9.999983310699462891e-01,-9.999982118606567383e-01,-9.999693632125854492e-01,-9.999977946281433105e-01,-9.999979734420776367e-01,9.999987483024597168e-01,-9.999905228614807129e-01,9.999991655349731445e-01,9.999989867210388184e-01,-9.999867081642150879e-01,-9.999982118606567383e-01,-9.999986290931701660e-01,-9.999908208847045898e-01,-9.999991655349731445e-01,9.999986290931701660e-01,9.999990463256835938e-01,-9.999792575836181641e-01,9.999965429306030273e-01,9.999955296516418457e-01,9.999986290931701660e-01,-9.999946355819702148e-01,-9.999977350234985352e-01,9.999969601631164551e-01,9.999901652336120605e-01,-9.999991059303283691e-01,-9.999987483024597168e-01,-9.999935030937194824e-01,9.999989867210388184e-01,-9.999986290931701660e-01,9.999973773956298828e-01,-9.999517202377319336e-01,-9.999988079071044922e-01,-9.999977350234985352e-01,-9.999980926513671875e-01,-9.999899864196777344e-01,-9.999982714653015137e-01,-9.999989271163940430e-01,9.999986290931701660e-01,9.999988675117492676e-01,9.999976754188537598e-01,9.999986886978149414e-01,9.999917149543762207e-01,9.999966621398925781e-01,9.999982118606567383e-01,9.999977350234985352e-01,-9.999447464942932129e-01,-9.999980926513671875e-01,-9.999983906745910645e-01,9.999974966049194336e-01,-9.999989867210388184e-01,-9.999984502792358398e-01,-9.999954104423522949e-01,9.999961256980895996e-01,9.999989271163940430e-01,9.999991059303283691e-01,9.999946951866149902e-01,9.999987483024597168e-01,-9.999988675117492676e-01,9.999988079071044922e-01,-9.999982118606567383e-01,-9.999970197677612305e-01,9.999914765357971191e-01,9.997400045394897461e-01,9.999983906745910645e-01,-9.999927282333374023e-01,-9.999988079071044922e-01,9.999922513961791992e-01,9.999973177909851074e-01,9.999666810035705566e-01,-9.999976754188537598e-01,9.999988675117492676e-01,-9.999948143959045410e-01,9.999985098838806152e-01,9.999853372573852539e-01,-9.999922513961791992e-01,-9.999989271163940430e-01,9.999087452888488770e-01,-9.999973773956298828e-01,9.999983310699462891e-01,-9.999985098838806152e-01,9.999771714210510254e-01,9.999982118606567383e-01,-9.999986886978149414e-01,9.999980926513671875e-01,9.999915361404418945e-01,-9.999989867210388184e-01,9.999988675117492676e-01,-9.999897480010986328e-01,9.999974966049194336e-01,-9.999988079071044922e-01,9.999814629554748535e-01,9.999789595603942871e-01,-9.999986886978149414e-01,-9.999971985816955566e-01,-9.999605417251586914e-01,9.999979138374328613e-01,9.999950528144836426e-01,-9.999986290931701660e-01,9.999980926513671875e-01,-9.999986886978149414e-01,9.999981522560119629e-01,9.999895095825195312e-01,-9.999991655349731445e-01,9.999984502792358398e-01,-9.999989271163940430e-01,9.999988675117492676e-01,9.999943971633911133e-01,9.999982118606567383e-01,9.999988675117492676e-01,-9.999960660934448242e-01,-9.999988079071044922e-01,9.999976158142089844e-01,-9.999119043350219727e-01,9.999958872795104980e-01,-9.999848008155822754e-01,9.999978542327880859e-01
-9.999857544898986816e-01,9.999874830245971680e-01,9.998872876167297363e-01,-9.999859929084777832e-01,-9.999911785125732422e-01,9.999892711639404297e-01,-9.999581575393676758e-01,-9.999919533729553223e-01,9.999771118164062500e-01,-9.999772310256958008e-01,9.999836683273315430e-01,9.999911785125732422e-01,-9.999850988388061523e-01,-9.999841451644897461e-01,-9.997241497039794922e-01,-9.999812245368957520e-01,-9.999819993972778320e-01,9.999888539314270020e-01,-9.999154210090637207e-01,9.999923110008239746e-01,9.999914169311523438e-01,-9.998810291290283203e-01,-9.999850392341613770e-01,-9.999880790710449219e-01,-9.999172091484069824e-01,-9.999920129776000977e-01,9.999881386756896973e-01,9.999912381172180176e-01,-9.998135566711425781e-01,9.999704957008361816e-01,9.999606013298034668e-01,9.999886155128479004e-01,-9.999525547027587891e-01,-9.999808073043823242e-01,9.999731779098510742e-01,9.999116659164428711e-01,-9.999918937683105469e-01,-9.999892115592956543e-01,-9.999421238899230957e-01,9.999910593032836914e-01,-9.999879598617553711e-01,9.999769330024719238e-01,-9.995669126510620117e-01,-9.999896287918090820e-01,-9.999806284904479980e-01,-9.999840259552001953e-01,-9.999101758003234863e-01,-9.999845623970031738e-01,-9.999903440475463867e-01,9.999887943267822266e-01,9.999897480010986328e-01,9.999802708625793457e-01,9.999891519546508789e-01,9.999260306358337402e-01,9.999710917472839355e-01,9.999842047691345215e-01,9.999804496765136719e-01,-9.995037913322448730e-01,-9.999832510948181152e-01,-9.999859929084777832e-01,9.999775886535644531e-01,-9.999914765357971191e-01,-9.999861121177673340e-01,-9.999594092369079590e-01,9.999656081199645996e-01,9.999905228614807129e-01,9.999917745590209961e-01,9.999530315399169922e-01,9.999889135360717773e-01,-9.999905824661254883e-01,9.999895095825195312e-01,-9.999840855598449707e-01,-9.999735355377197266e-01,9.999231100082397461e-01,9.976662993431091309e-01,9.999855160713195801e-01,-9.999342560768127441e-01,-9.999890923500061035e-01,9.999300837516784668e-01,9.999761581420898438e-01,9.997010827064514160e-01,-9.999800920486450195e-01,9.999903440475463867e-01,-9.999536275863647461e-01,9.999865293502807617e-01,9.998681545257568359e-01,-9.999302625656127930e-01,-9.999907612800598145e-01,9.991800785064697266e-01,-9.999770522117614746e-01,9.999853372573852539e-01,-9.999868869781494141e-01,9.997950196266174316e-01,9.999850392341613770e-01,-9.999883770942687988e-01,9.999830722808837891e-01,9.999243021011352539e-01,-9.999913573265075684e-01,9.999902844429016113e-01,-9.999080896377563477e-01,9.999784231185913086e-01,-9.999895691871643066e-01,9.998336434364318848e-01,9.998100399971008301e-01,-9.999881982803344727e-01,-9.999750256538391113e-01,-9.996453523635864258e-01,9.999816417694091797e-01,9.999558925628662109e-01,-9.999884366989135742e-01,9.999830722808837891e-01,-9.999885559082031250e-01,9.999848008155822754e-01,9.999049901962280273e-01,-9.999921917915344238e-01,9.999871850013732910e-01,-9.999899268150329590e-01,9.999900460243225098e-01,9.999493956565856934e-01,9.999852776527404785e-01,9.999907016754150391e-01,-9.999650716781616211e-01,-9.999891519546508789e-01,9.999796152114868164e-01,-9.992085099220275879e-01,9.999631643295288086e-01,-9.998630881309509277e-01,9.999812841415405273e-01
9.999981522560119629e-01,-9.999983310699462891e-01,-9.999859929084777832e-01,9.999982118606567383e-01,9.999988675117492676e-01,-9.999986290931701660e-01,9.999947547912597656e-01,9.999989271163940430e-01,-9.999970793724060059e-01,9.999970197677612305e-01,-9.999979734420776367e-01,-9.999989271163940430e-01,9.999980926513671875e-01,9.999979734420776367e-01,9.999653697013854980e-01,9.999976754188537598e-01,9.999977946281433105e-01,-9.999985694885253906e-01,9.999894499778747559e-01,-9.999991059303283691e-01,-9.999989271163940430e-01,9.999850988388061523e-01,9.999980926513671875e-01,9.999984502792358398e-01,9.999897480010986328e-01,9.999989271163940430e-01,-9.999985694885253906e-01,-9.999989271163940430e-01,9.999766945838928223e-01,-9.999962449073791504e-01,-9.999950528144836426e-01,-9.999985694885253906e-01,9.999939799308776855e-01,9.999974966049194336e-01,-9.999966025352478027e-01,-9.999889731407165527e-01,9.999990463256835938e-01,9.999986886978149414e-01,9.999927878379821777e-01,-9.999988675117492676e-01,9.999984502792358398e-01,-9.999971389770507812e-01,9.999457597732543945e-01,9.999987483024597168e-01,9.999976158142089844e-01,9.999979138374328613e-01,9.999887943267822266e-01,9.999980330467224121e-01,9.999987483024597168e-01,-9.999984502792358398e-01,-9.999986886978149414e-01,-9.999974966049194336e-01,-9.999986290931701660e-01,-9.999907612800598145e-01,-9.999963045120239258e-01,-9.999978542327880859e-01,-9.999974370002746582e-01,9.999378323554992676e-01,9.999977946281433105e-01,9.999982118606567383e-01,-9.999971389770507812e-01,9.999989867210388184e-01,9.999982118606567383e-01,9.999948740005493164e-01,-9.999957680702209473e-01,-9.999988079071044922e-01,-9.999988675117492676e-01,-9.999941587448120117e-01,-9.999985694885253906e-01,9.999988079071044922e-01,-9.999985694885253906e-01,9.999979734420776367e-01,9.999966621398925781e-01,-9.999904036521911621e-01,-9.997072815895080566e-01,-9.999981522560119629e-01,9.999917149543762207e-01,9.999986290931701660e-01,-9.999912381172180176e-01,-9.999970197677612305e-01,-9.999625682830810547e-01,9.999974966049194336e-01,-9.999986886978149414e-01,9.999942183494567871e-01,-9.999982714653015137e-01,-9.999834299087524414e-01,9.999912381172180176e-01,9.999988079071044922e-01,-9.998972415924072266e-01,9.999970793724060059e-01,-9.999981522560119629e-01,9.999983310699462891e-01,-9.999743700027465820e-01,-9.999980926513671875e-01,9.999985098838806152e-01,-9.999979138374328613e-01,-9.999905228614807129e-01,9.999989271163940430e-01,-9.999987483024597168e-01,9.999884963035583496e-01,-9.999972581863403320e-01,9.999987483024597168e-01,-9.999791979789733887e-01,-9.999762177467346191e-01,9.999985098838806152e-01,9.999968409538269043e-01,9.999555945396423340e-01,-9.999976754188537598e-01,-9.999945163726806641e-01,9.999985098838806152e-01,-9.999978542327880859e-01,9.999984502792358398e-01,-9.999980330467224121e-01,-9.999881386756896973e-01,9.999990463256835938e-01,-9.999983310699462891e-01,9.999986886978149414e-01,-9.999986886978149414e-01,-9.999936819076538086e-01,-9.999980926513671875e-01,-9.999987483024597168e-01,9.999955892562866211e-01,9.999986886978149414e-01,-9.999974370002746582e-01,9.999008178710937500e-01,-9.999954104423522949e-01,9.999828934669494629e-01,-9.999976158142089844e-01
9.999989271163940430e-01,-9.999990463256835938e-01,-9.999911785125732422e-01,9.999988675117492676e-01,9.999993443489074707e-01,-9.999991655349731445e-01,9.999966025352478027e-01,9.999994039535522461e-01,-9.999981522560119629e-01,9.999981522560119629e-01,-9.999987483024597168e-01,-9.999994039535522461e-01,9.999988079071044922e-01,9.999987483024597168e-01,9.999781847000122070e-01,9.999985098838806152e-01,9.999986290931701660e-01,-9.999991655349731445e-01,9.999933838844299316e-01,-9.999994039535522461e-01,-9.999993443489074707e-01,9.999905228614807129e-01,9.999988079071044922e-01,9.999992251396179199e-01,9.999935030937194824e-01,9.999994039535522461e-01,-9.999992251396179199e-01,-9.999994039535522461e-01,9.999853372573852539e-01,-9.999976158142089844e-01,-9.999969005584716797e-01,-9.999991059303283691e-01,9.999961853027343750e-01,9.999983906745910645e-01,-9.999979138374328613e-01,-9.999930858612060547e-01,9.999994635581970215e-01,9.999992847442626953e-01,9.999954104423522949e-01,-9.999994039535522461e-01,9.999991059303283691e-01,-9.999981522560119629e-01,9.999656081199645996e-01,9.999994039535522461e-01,9.999985098838806152e-01,9.999986886978149414e-01,9.999929070472717285e-01,9.999988079071044922e-01,9.999992847442626953e-01,-9.999991655349731445e-01,-9.999992251396179199e-01,-9.999983906745910645e-01,-9.999991655349731445e-01,-9.999941587448120117e-01,-9.999976754188537598e-01,-9.999986886978149414e-01,-9.999984502792358398e-01,9.999606013298034668e-01,9.999986290931701660e-01,9.999989271163940430e-01,-9.999982118606567383e-01,9.999994039535522461e-01,9.999988675117492676e-01,9.999967217445373535e-01,-9.999973177909851074e-01,-9.999992847442626953e-01,-9.999994039535522461e-01,-9.999962449073791504e-01,-9.999992847442626953e-01,9.999994039535522461e-01,-9.999992847442626953e-01,9.999988079071044922e-01,9.999979138374328613e-01,-9.999939203262329102e-01,-9.998144507408142090e-01,-9.999988079071044922e-01,9.999948143959045410e-01,9.999992847442626953e-01,-9.999945163726806641e-01,-9.999982118606567383e-01,-9.999762773513793945e-01,9.999985098838806152e-01,-9.999992847442626953e-01,9.999963641166687012e-01,-9.999989867210388184e-01,-9.999895691871643066e-01,9.999944567680358887e-01,9.999994039535522461e-01,-9.999349117279052734e-01,9.999981522560119629e-01,-9.999988675117492676e-01,9.999989867210388184e-01,-9.999837279319763184e-01,-9.999988079071044922e-01,9.999991059303283691e-01,-9.999986886978149414e-01,-9.999939799308776855e-01,9.999993443489074707e-01,-9.999993443489074707e-01,9.999927282333374023e-01,-9.999983310699462891e-01,9.999992847442626953e-01,-9.999867081642150879e-01,-9.999850392341613770e-01,9.999991059303283691e-01,9.999979734420776367e-01,9.999719858169555664e-01,-9.999985098838806152e-01,-9.999964237213134766e-01,9.999991059303283691e-01,-9.999986290931701660e-01,9.999991059303283691e-01,-9.999987483024597168e-01,-9.999926090240478516e-01,9.999995231628417969e-01,-9.999990463256835938e-01,9.999993443489074707e-01,-9.999993443489074707e-01,-9.999960660934448242e-01,-9.999988675117492676e-01,-9.999992847442626953e-01,9.999971985816955566e-01,9.999992847442626953e-01,-9.999983310699462891e-01,9.999372363090515137e-01,-9.999970197677612305e-01,9.999891519546508789e-01,-9.999985098838806152e-01
-9.999986290931701660e-01,9.999988079071044922e-01,9.999892711639404297e-01,-9.999986290931701660e-01,-9.999991655349731445e-01,9.999989271163940430e-01,-9.999959468841552734e-01,-9.999991655349731445e-01,9.999977946281433105e-01,-9.999977350234985352e-01,9.999983906745910645e-01,9.999991655349731445e-01,-9.999985694885253906e-01,-9.999984502792358398e-01,-9.999737143516540527e-01,-9.999981522560119629e-01,-9.999982714653015137e-01,9.999988675117492676e-01,-9.999919533729553223e-01,9.999992847442626953e-01,9.999992251396179199e-01,-9.999885559082031250e-01,-9.999984502792358398e-01,-9.999988675117492676e-01,-9.999921321868896484e-01,-9.999991655349731445e-01,9.999987483024597168e-01,9.999992251396179199e-01,-9.999821782112121582e-01,9.999971389770507812e-01,9.999960660934448242e-01,9.999988079071044922e-01,-9.999954104423522949e-01,-9.999980330467224121e-01,9.999973773956298828e-01,9.999915957450866699e-01,-9.999992251396179199e-01,-9.999989271163940430e-01,-9.999944567680358887e-01,9.999991655349731445e-01,-9.999988079071044922e-01,9.999977350234985352e-01,-9.999586343765258789e-01,-9.999991655349731445e-01,-9.999980926513671875e-01,-9.999983310699462891e-01,-9.999912977218627930e-01,-9.999985098838806152e-01,-9.999989867210388184e-01,9.999988675117492676e-01,9.999990463256835938e-01,9.999980926513671875e-01,9.999988675117492676e-01,9.999928474426269531e-01,9.999971389770507812e-01,9.999983906745910645e-01,9.999979734420776367e-01,-9.999524950981140137e-01,-9.999982714653015137e-01,-9.999985694885253906e-01,9.999978542327880859e-01,-9.999992251396179199e-01,-9.999985694885253906e-01,-9.999960660934448242e-01,9.999966621398925781e-01,9.999990463256835938e-01,9.999991655349731445e-01,9.999954700469970703e-01,9.999989271163940430e-01,-9.999990463256835938e-01,9.999989271163940430e-01,-9.999984502792358398e-01,-9.999974370002746582e-01,9.999927878379821777e-01,9.997768402099609375e-01,9.999985694885253906e-01,-9.999936223030090332e-01,-9.999989271163940430e-01,9.999933242797851562e-01,9.999976754188537598e-01,9.999715089797973633e-01,-9.999980926513671875e-01,9.999989867210388184e-01,-9.999955892562866211e-01,9.999986886978149414e-01,9.999873042106628418e-01,-9.999932646751403809e-01,-9.999991655349731445e-01,9.999216794967651367e-01,-9.999977946281433105e-01,9.999985694885253906e-01,-9.999987483024597168e-01,9.999803900718688965e-01,9.999984502792358398e-01,-9.999988675117492676e-01,9.999984502792358398e-01,9.999927878379821777e-01,-9.999991059303283691e-01,9.999992251396179199e-01,-9.999912381172180176e-01,9.999978542327880859e-01,-9.999989867210388184e-01,9.999840259552001953e-01,9.999818801879882812e-01,-9.999988675117492676e-01,-9.999974966049194336e-01,-9.999660849571228027e-01,9.999982118606567383e-01,9.999957084655761719e-01,-9.999988079071044922e-01,9.999983310699462891e-01,-9.999988675117492676e-01,9.999984502792358398e-01,9.999909400939941406e-01,-9.999992847442626953e-01,9.999986886978149414e-01,-9.999990463256835938e-01,9.999991059303283691e-01,9.999951720237731934e-01,9.999985694885253906e-01,9.999991655349731445e-01,-9.999965429306030273e-01,-9.999989271163940430e-01,9.999979138374328613e-01,-9.999243021011352539e-01,9.999964237213134766e-01,-9.999869465827941895e-01,9.999981522560119629e-01
9.999946355819702148e-01,-9.999953508377075195e-01,-9.999581575393676758e-01,9.999947547912597656e-01,9.999966025352478027e-01,-9.999959468841552734e-01,9.999843239784240723e-01,9.999969601631164551e-01,-9.999914765357971191e-01,9.999914765357971191e-01,-9.999939203262329102e-01,-9.999966025352478027e-01,9.999943971633911133e-01,9.999940991401672363e-01,9.998973608016967773e-01,9.999929666519165039e-01,9.999933838844299316e-01,-9.999958276748657227e-01,9.999684691429138184e-01,-9.999970197677612305e-01,-9.999967217445373535e-01,9.999556541442871094e-01,9.999944567680358887e-01,9.999955296516418457e-01,9.999693632125854492e-01,9.999969005584716797e-01,-9.999955892562866211e-01,-9.999967813491821289e-01,9.999306201934814453e-01,-9.999890327453613281e-01,-9.999852180480957031e-01,-9.999956488609313965e-01,9.999823570251464844e-01,9.999928474426269531e-01,-9.999899864196777344e-01,-9.999670982360839844e-01,9.999969005584716797e-01,9.999958872795104980e-01,9.999785423278808594e-01,-9.999966025352478027e-01,9.999954700469970703e-01,-9.999912977218627930e-01,9.998390078544616699e-01,9.999961853027343750e-01,9.999927878379821777e-01,9.999940395355224609e-01,9.999665617942810059e-01,9.999942779541015625e-01,9.999963641166687012e-01,-9.999957084655761719e-01,-9.999961256980895996e-01,-9.999926686286926270e-01,-9.999959468841552734e-01,-9.999724626541137695e-01,-9.999892115592956543e-01,-9.999939799308776855e-01,-9.999927282333374023e-01,9.998154640197753906e-01,9.999937415122985840e-01,9.999946951866149902e-01,-9.999916553497314453e-01,9.999967813491821289e-01,9.999947547912597656e-01,9.999848008155822754e-01,-9.999871850013732910e-01,-9.999964237213134766e-01,-9.999968409538269043e-01,-9.999825358390808105e-01,-9.999958872795104980e-01,9.999964237213134766e-01,-9.999960064888000488e-01,9.999939799308776855e-01,9.999901056289672852e-01,-9.999714493751525879e-01,-9.991312026977539062e-01,-9.999946355819702148e-01,9.999755024909973145e-01,9.999959468841552734e-01,-9.999740123748779297e-01,-9.999911189079284668e-01,-9.998887181282043457e-01,9.999926090240478516e-01,-9.999963641166687012e-01,9.999827146530151367e-01,-9.999949336051940918e-01,-9.999509453773498535e-01,9.999740719795227051e-01,9.999965429306030273e-01,-9.996950030326843262e-01,9.999914169311523438e-01,-9.999945163726806641e-01,9.999951124191284180e-01,-9.999237060546875000e-01,-9.999943375587463379e-01,9.999956488609313965e-01,-9.999936819076538086e-01,-9.999718666076660156e-01,9.999967217445373535e-01,-9.999963045120239258e-01,9.999658465385437012e-01,-9.999919533729553223e-01,9.999961256980895996e-01,-9.999380111694335938e-01,-9.999293088912963867e-01,9.999955296516418457e-01,9.999906420707702637e-01,9.998680949211120605e-01,-9.999931454658508301e-01,-9.999836087226867676e-01,9.999956488609313965e-01,-9.999936819076538086e-01,9.999957680702209473e-01,-9.999942779541015625e-01,-9.999646544456481934e-01,9.999970197677612305e-01,-9.999951124191284180e-01,9.999961853027343750e-01,-9.999961853027343750e-01,-9.999811649322509766e-01,-9.999943971633911133e-01,-9.999965429306030273e-01,9.999869465827941895e-01,9.999959468841552734e-01,-9.999924302101135254e-01,9.997055530548095703e-01,-9.999861717224121094e-01,9.999490380287170410e-01,-9.999930262565612793e-01
9.999989271163940430e-01,-9.999991655349731445e-01,-9.999919533729553223e-01,9.999989271163940430e-01,9.999994039535522461e-01,-9.999991655349731445e-01,9.999969601631164551e-01,9.999993443489074707e-01,-9.999983310699462891e-01,9.999982118606567383e-01,-9.999988079071044922e-01,-9.999994039535522461e-01,9.999989271163940430e-01,9.999987483024597168e-01,9.999800920486450195e-01,9.999985694885253906e-01,9.999986290931701660e-01,-9.999991655349731445e-01,9.999939203262329102e-01,-9.999994635581970215e-01,-9.999994039535522461e-01,9.999913573265075684e-01,9.999988675117492676e-01,9.999991655349731445e-01,9.999940395355224609e-01,9.999994039535522461e-01,-9.999991655349731445e-01,-9.999994039535522461e-01,9.999865889549255371e-01,-9.999977946281433105e-01,-9.999971389770507812e-01,-9.999992251396179199e-01,9.999964237213134766e-01,9.999985098838806152e-01,-9.999980330467224121e-01,-9.999935626983642578e-01,9.999994635581970215e-01,9.999992251396179199e-01,9.999958276748657227e-01,-9.999994039535522461e-01,9.999991655349731445e-01,-9.999982118606567383e-01,9.999688267707824707e-01,9.999993443489074707e-01,9.999985694885253906e-01,9.999987483024597168e-01,9.999934434890747070e-01,9.999988675117492676e-01,9.999993443489074707e-01,-9.999991059303283691e-01,-9.999992251396179199e-01,-9.999985694885253906e-01,-9.999992251396179199e-01,-9.999945163726806641e-01,-9.999977350234985352e-01,-9.999987483024597168e-01,-9.999985694885253906e-01,9.999641776084899902e-01,9.999986886978149414e-01,9.999989867210388184e-01,-9.999983906745910645e-01,9.999994039535522461e-01,9.999989271163940430e-01,9.999969601631164551e-01,-9.999974966049194336e-01,-9.999992847442626953e-01,-9.999993443489074707e-01,-9.999966025352478027e-01,-9.999992251396179199e-01,9.999992847442626953e-01,-9.999991655349731445e-01,9.999987483024597168e-01,9.999980926513671875e-01,-9.999944567680358887e-01,-9.998315572738647461e-01,-9.999988675117492676e-01,9.999952316284179688e-01,9.999992251396179199e-01,-9.999949932098388672e-01,-9.999982714653015137e-01,-9.999784231185913086e-01,9.999985694885253906e-01,-9.999992251396179199e-01,9.999966025352478027e-01,-9.999990463256835938e-01,-9.999904632568359375e-01,9.999949336051940918e-01,9.999993443489074707e-01,-9.999408721923828125e-01,9.999983310699462891e-01,-9.999989271163940430e-01,9.999991059303283691e-01,-9.999852776527404785e-01,-9.999989271163940430e-01,9.999992251396179199e-01,-9.999987483024597168e-01,-9.999945759773254395e-01,9.999993443489074707e-01,-9.999993443489074707e-01,9.999933838844299316e-01,-9.999983906745910645e-01,9.999992847442626953e-01,-9.999879598617553711e-01,-9.999863505363464355e-01,9.999991655349731445e-01,9.999980926513671875e-01,9.999743700027465820e-01,-9.999986290931701660e-01,-9.999966621398925781e-01,9.999992251396179199e-01,-9.999987483024597168e-01,9.999991059303283691e-01,-9.999988079071044922e-01,-9.999931454658508301e-01,9.999994635581970215e-01,-9.999991059303283691e-01,9.999992847442626953e-01,-9.999992847442626953e-01,-9.999963045120239258e-01,-9.999989271163940430e-01,-9.999992847442626953e-01,9.999973773956298828e-01,9.999992847442626953e-01,-9.999985098838806152e-01,9.999428987503051758e-01,-9.999971985816955566e-01,9.999900460243225098e-01,-9.999986290931701660e-01
-9.999971389770507812e-01,9.999974370002746582e-01,9.999771118164062500e-01,-9.999970793724060059e-01,-9.999981522560119629e-01,9.999977946281433105e-01,-9.999914765357971191e-01,-9.999983310699462891e-01,9.999952912330627441e-01,-9.999953508377075195e-01,9.999966025352478027e-01,9.999982714653015137e-01,-9.999969005584716797e-01,-9.999967217445373535e-01,-9.999436736106872559e-01,-9.999960660934448242e-01,-9.999962449073791504e-01,9.999976158142089844e-01,-9.999827742576599121e-01,9.999983906745910645e-01,9.999982118606567383e-01,-9.999757409095764160e-01,-9.999967813491821289e-01,-9.999976158142089844e-01,-9.999831914901733398e-01,-9.999983310699462891e-01,9.999975562095642090e-01,9.999982714653015137e-01,-9.999619126319885254e-01,9.999939799308776855e-01,9.999919533729553223e-01,9.999976158142089844e-01,-9.999903440475463867e-01,-9.999958872795104980e-01,9.999945163726806641e-01,9.999820590019226074e-01,-9.999983310699462891e-01,-9.999977350234985352e-01,-9.999881982803344727e-01,9.999982714653015137e-01,-9.999974966049194336e-01,9.999952912330627441e-01,-9.999116063117980957e-01,-9.999979138374328613e-01,-9.999959468841552734e-01,-9.999966621398925781e-01,-9.999816417694091797e-01,-9.999967813491821289e-01,-9.999979734420776367e-01,9.999976754188537598e-01,9.999978542327880859e-01,9.999959468841552734e-01,9.999976754188537598e-01,9.999848008155822754e-01,9.999940395355224609e-01,9.999966025352478027e-01,9.999960064888000488e-01,-9.998986721038818359e-01,-9.999965429306030273e-01,-9.999970793724060059e-01,9.999954104423522949e-01,-9.999982118606567383e-01,-9.999970197677612305e-01,-9.999916553497314453e-01,9.999930858612060547e-01,9.999980330467224121e-01,9.999982118606567383e-01,9.999904632568359375e-01,9.999976754188537598e-01,-9.999980330467224121e-01,9.999977946281433105e-01,-9.999966025352478027e-01,-9.999945759773254395e-01,9.999843239784240723e-01,9.995229244232177734e-01,9.999970197677612305e-01,-9.999865889549255371e-01,-9.999977946281433105e-01,9.999857544898986816e-01,9.999951124191284180e-01,9.999388456344604492e-01,-9.999959468841552734e-01,9.999979734420776367e-01,-9.999905228614807129e-01,9.999971985816955566e-01,9.999731183052062988e-01,-9.999856948852539062e-01,-9.999980330467224121e-01,9.998326301574707031e-01,-9.999952912330627441e-01,9.999970197677612305e-01,-9.999972581863403320e-01,9.999581575393676758e-01,9.999969005584716797e-01,-9.999976754188537598e-01,9.999965429306030273e-01,9.999845623970031738e-01,-9.999982118606567383e-01,9.999980330467224121e-01,-9.999812841415405273e-01,9.999955892562866211e-01,-9.999979138374328613e-01,9.999659657478332520e-01,9.999611973762512207e-01,-9.999975562095642090e-01,-9.999948740005493164e-01,-9.999275803565979004e-01,9.999961853027343750e-01,9.999909400939941406e-01,-9.999975562095642090e-01,9.999964833259582520e-01,-9.999975562095642090e-01,9.999968409538269043e-01,9.999806284904479980e-01,-9.999983310699462891e-01,9.999973177909851074e-01,-9.999979734420776367e-01,9.999979138374328613e-01,9.999896883964538574e-01,9.999969601631164551e-01,9.999979734420776367e-01,-9.999927878379821777e-01,-9.999977350234985352e-01,9.999958276748657227e-01,-9.998384118080139160e-01,9.999924898147583008e-01,-9.999720454216003418e-01,9.999961256980895996e-01
9.999970197677612305e-01,-9.999974370002746582e-01,-9.999772310256958008e-01,9.999970197677612305e-01,9.999981522560119629e-01,-9.999977350234985352e-01,9.999914765357971191e-01,9.999982118606567383e-01,-9.999953508377075195e-01,9.999954104423522949e-01,-9.999966025352478027e-01,-9.999981522560119629e-01,9.999969005584716797e-01,9.999966621398925781e-01,9.999440908432006836e-01,9.999960064888000488e-01,9.999963045120239258e-01,-9.999976158142089844e-01,9.999828338623046875e-01,-9.999984502792358398e-01,-9.999982118606567383e-01,9.999758601188659668e-01,9.999968409538269043e-01,9.999975562095642090e-01,9.999832510948181152e-01,9.999983310699462891e-01,-9.999975562095642090e-01,-9.999982714653015137e-01,9.999621510505676270e-01,-9.999939203262329102e-01,-9.999920129776000977e-01,-9.999976158142089844e-01,9.999903440475463867e-01,9.999959468841552734e-01,-9.999945759773254395e-01,-9.999821186065673828e-01,9.999983310699462891e-01,9.999977946281433105e-01,9.999881982803344727e-01,-9.999981522560119629e-01,9.999974966049194336e-01,-9.999952912330627441e-01,9.999122619628906250e-01,9.999978542327880859e-01,9.999960064888000488e-01,9.999966025352478027e-01,9.999817609786987305e-01,9.999968409538269043e-01,9.999979138374328613e-01,-9.999976754188537598e-01,-9.999978542327880859e-01,-9.999959468841552734e-01,-9.999977350234985352e-01,-9.999849200248718262e-01,-9.999940395355224609e-01,-9.999967217445373535e-01,-9.999958276748657227e-01,9.998993277549743652e-01,9.999964237213134766e-01,9.999970793724060059e-01,-9.999954700469970703e-01,9.999982118606567383e-01,9.999971389770507812e-01,9.999917149543762207e-01,-9.999930262565612793e-01,-9.999979138374328613e-01,-9.999982118606567383e-01,-9.999904632568359375e-01,-9.999977350234985352e-01,9.999979734420776367e-01,-9.999977946281433105e-01,9.999966621398925781e-01,9.999946355819702148e-01,-9.999844431877136230e-01,-9.995265603065490723e-01,-9.999970197677612305e-01,9.999865889549255371e-01,9.999977350234985352e-01,-9.999858736991882324e-01,-9.999951720237731934e-01,-9.999393224716186523e-01,9.999958872795104980e-01,-9.999980330467224121e-01,9.999905824661254883e-01,-9.999971389770507812e-01,-9.999732971191406250e-01,9.999858140945434570e-01,9.999980926513671875e-01,-9.998338818550109863e-01,9.999953508377075195e-01,-9.999969601631164551e-01,9.999971985816955566e-01,-9.999584555625915527e-01,-9.999968409538269043e-01,9.999976158142089844e-01,-9.999966025352478027e-01,-9.999846816062927246e-01,9.999982118606567383e-01,-9.999979734420776367e-01,9.999814033508300781e-01,-9.999955892562866211e-01,9.999978542327880859e-01,-9.999661445617675781e-01,-9.999614953994750977e-01,9.999975562095642090e-01,9.999948740005493164e-01,9.999280571937561035e-01,-9.999961853027343750e-01,-9.999909996986389160e-01,9.999975562095642090e-01,-9.999964833259582520e-01,9.999975562095642090e-01,-9.999968409538269043e-01,-9.999808073043823242e-01,9.999983906745910645e-01,-9.999972581863403320e-01,9.999979138374328613e-01,-9.999979138374328613e-01,-9.999896883964538574e-01,-9.999968409538269043e-01,-9.999980926513671875e-01,9.999928474426269531e-01,9.999977946281433105e-01,-9.999958276748657227e-01,9.998396635055541992e-01,-9.999925494194030762e-01,9.999722838401794434e-01,-9.999961256980895996e-01
-9.999979138374328613e-01,9.999981522560119629e-01,9.999836683273315430e-01,-9.999979734420776367e-01,-9.999987483024597168e-01,9.999983906745910645e-01,-9.999939203262329102e-01,-9.999988079071044922e-01,9.999966025352478027e-01,-9.999966025352478027e-01,9.999976158142089844e-01,9.999987483024597168e-01,-9.999978542327880859e-01,-9.999976754188537598e-01,-9.999598264694213867e-01,-9.999973177909851074e-01,-9.999973773956298828e-01,9.999983310699462891e-01,-9.999876618385314941e-01,9.999989271163940430e-01,9.999986886978149414e-01,-9.999826550483703613e-01,-9.999977946281433105e-01,-9.999982118606567383e-01,-9.999879598617553711e-01,-9.999988079071044922e-01,9.999982118606567383e-01,9.999987483024597168e-01,-9.999728202819824219e-01,9.999957084655761719e-01,9.999942779541015625e-01,9.999982714653015137e-01,-9.999930858612060547e-01,-9.999970793724060059e-01,9.999960064888000488e-01,9.999871253967285156e-01,-9.999988675117492676e-01,-9.999983906745910645e-01,-9.999916553497314453e-01,9.999987483024597168e-01,-9.999983310699462891e-01,9.999965429306030273e-01,-9.999368190765380859e-01,-9.999985694885253906e-01,-9.999971389770507812e-01,-9.999976158142089844e-01,-9.999869465827941895e-01,-9.999977946281433105e-01,-9.999985694885253906e-01,9.999983310699462891e-01,9.999984502792358398e-01,9.999969601631164551e-01,9.999983906745910645e-01,9.999892115592956543e-01,9.999957680702209473e-01,9.999976158142089844e-01,9.999970793724060059e-01,-9.999275803565979004e-01,-9.999974966049194336e-01,-9.999979734420776367e-01,9.999966621398925781e-01,-9.999987483024597168e-01,-9.999979138374328613e-01,-9.999940991401672363e-01,9.999950528144836426e-01,9.999985694885253906e-01,9.999986886978149414e-01,9.999931454658508301e-01,9.999983310699462891e-01,-9.999986290931701660e-01,9.999984502792358398e-01,-9.999976158142089844e-01,-9.999960660934448242e-01,9.999888539314270020e-01,9.996590018272399902e-01,9.999978542327880859e-01,-9.999903440475463867e-01,-9.999984502792358398e-01,9.999898076057434082e-01,9.999965429306030273e-01,9.999563097953796387e-01,-9.999971389770507812e-01,9.999985694885253906e-01,-9.999932050704956055e-01,9.999980330467224121e-01,9.999808073043823242e-01,-9.999898672103881836e-01,-9.999986886978149414e-01,9.998803734779357910e-01,-9.999966621398925781e-01,9.999978542327880859e-01,-9.999980330467224121e-01,9.999702572822570801e-01,9.999978542327880859e-01,-9.999982714653015137e-01,9.999975562095642090e-01,9.999889731407165527e-01,-9.999987483024597168e-01,9.999985694885253906e-01,-9.999865889549255371e-01,9.999967813491821289e-01,-9.999984502792358398e-01,9.999756813049316406e-01,9.999724030494689941e-01,-9.999982714653015137e-01,-9.999963045120239258e-01,-9.999482631683349609e-01,9.999972581863403320e-01,9.999935030937194824e-01,-9.999982118606567383e-01,9.999974966049194336e-01,-9.999983310699462891e-01,9.999977350234985352e-01,9.999861717224121094e-01,-9.999988675117492676e-01,9.999980926513671875e-01,-9.999985098838806152e-01,9.999985098838806152e-01,9.999926090240478516e-01,9.999978542327880859e-01,9.999986290931701660e-01,-9.999949336051940918e-01,-9.999983906745910645e-01,9.999969601631164551e-01,-9.998844265937805176e-01,9.999946355819702148e-01,-9.999800920486450195e-01,9.999973177909851074e-01
-9.999989271163940430e-01,9.999990463256835938e-01,9.999911785125732422e-01,-9.999989271163940430e-01,-9.999994039535522461e-01,9.999991655349731445e-01,-9.999966025352478027e-01,-9.999994039535522461e-01,9.999982714653015137e-01,-9.999981522560119629e-01,9.999987483024597168e-01,9.999994039535522461e-01,-9.999988675117492676e-01,-9.999986886978149414e-01,-9.999780654907226562e-01,-9.999985694885253906e-01,-9.999986290931701660e-01,9.999991655349731445e-01,-9.999932646751403809e-01,9.999994039535522461e-01,9.999993443489074707e-01,-9.999905228614807129e-01,-9.999988079071044922e-01,-9.999992251396179199e-01,-9.999933838844299316e-01,-9.999994039535522461e-01,9.999991059303283691e-01,9.999994039535522461e-01,-9.999852776527404785e-01,9.999976754188537598e-01,9.999969005584716797e-01,9.999991059303283691e-01,-9.999961853027343750e-01,-9.999984502792358398e-01,9.999979138374328613e-01,9.999930858612060547e-01,-9.999994039535522461e-01,-9.999991655349731445e-01,-9.999954700469970703e-01,9.999994039535522461e-01,-9.999991655349731445e-01,9.999981522560119629e-01,-9.999654889106750488e-01,-9.999992847442626953e-01,-9.999985098838806152e-01,-9.999988079071044922e-01,-9.999928474426269531e-01,-9.999987483024597168e-01,-9.999992847442626953e-01,9.999991655349731445e-01,9.999993443489074707e-01,9.999983906745910645e-01,9.999991655349731445e-01,9.999940991401672363e-01,9.999976754188537598e-01,9.999986886978149414e-01,9.999983906745910645e-01,-9.999604821205139160e-01,-9.999986290931701660e-01,-9.999989271163940430e-01,9.999982118606567383e-01,-9.999993443489074707e-01,-9.999989271163940430e-01,-9.999968409538269043e-01,9.999973177909851074e-01,9.999993443489074707e-01,9.999994039535522461e-01,9.999961853027343750e-01,9.999992847442626953e-01,-9.999993443489074707e-01,9.999992251396179199e-01,-9.999986886978149414e-01,-9.999979138374328613e-01,9.999938607215881348e-01,9.998139142990112305e-01,9.999988079071044922e-01,-9.999947547912597656e-01,-9.999992847442626953e-01,9.999945163726806641e-01,9.999981522560119629e-01,9.999763369560241699e-01,-9.999985098838806152e-01,9.999992847442626953e-01,-9.999962449073791504e-01,9.999989867210388184e-01,9.999895691871643066e-01,-9.999944567680358887e-01,-9.999994039535522461e-01,9.999347925186157227e-01,-9.999981522560119629e-01,9.999988675117492676e-01,-9.999989867210388184e-01,9.999837875366210938e-01,9.999988675117492676e-01,-9.999991059303283691e-01,9.999986886978149414e-01,9.999939799308776855e-01,-9.999994039535522461e-01,9.999993443489074707e-01,-9.999927878379821777e-01,9.999982714653015137e-01,-9.999992847442626953e-01,9.999867677688598633e-01,9.999849200248718262e-01,-9.999991059303283691e-01,-9.999979734420776367e-01,-9.999718070030212402e-01,9.999985098838806152e-01,9.999964237213134766e-01,-9.999991059303283691e-01,9.999986290931701660e-01,-9.999991059303283691e-01,9.999987483024597168e-01,9.999925494194030762e-01,-9.999994635581970215e-01,9.999989867210388184e-01,-9.999993443489074707e-01,9.999993443489074707e-01,9.999960064888000488e-01,9.999988675117492676e-01,9.999992847442626953e-01,-9.999972581863403320e-01,-9.999992847442626953e-01,9.999983310699462891e-01,-9.999369382858276367e-01,9.999970197677612305e-01,-9.999892115592956543e-01,9.999985694885253906e-01
