5.046970248222351074e-01,1.192134339362382889e-02,-1.239380463957786560e-01,2.248682081699371338e-02,1.910144835710525513e-01,-7.056191563606262207e-02,9.773459285497665405e-02,3.529215753078460693e-01,7.146582752466201782e-02,3.476818650960922241e-02,-5.864650011062622070e-02,-4.326777532696723938e-02,5.641322955489158630e-02,3.764040470123291016e-01,2.463664114475250244e-01,1.102633848786354065e-01,-2.019210951402783394e-03,-3.104032389819622040e-02,1.066216751933097839e-01,-4.631579294800758362e-02,-1.501099020242691040e-01,5.317671224474906921e-02,4.957865178585052490e-02,4.057704657316207886e-02,-1.255032885819673538e-02,-1.664823666214942932e-02,4.060890525579452515e-03,-2.691837549209594727e-01,5.969757214188575745e-02,-2.340544909238815308e-01,-1.282081454992294312e-01,-3.279209882020950317e-02,4.673627391457557678e-02,6.467774510383605957e-02,-2.708643488585948944e-02,-8.311884105205535889e-02,-1.775379292666912079e-02,2.409053035080432892e-02,-2.882057130336761475e-01,-3.606228530406951904e-01,1.447243988513946533e-01,8.895987272262573242e-02,4.800783935934305191e-03,2.289379015564918518e-02,9.212714433670043945e-02,-1.384432017803192139e-01,-1.983085423707962036e-01,-1.193593293428421021e-01,1.814337633550167084e-02,7.607313245534896851e-02,-2.767966315150260925e-02,-6.489568948745727539e-02,7.764227688312530518e-02,-9.258745610713958740e-02,-4.382946714758872986e-02,-1.250666081905364990e-01,6.647101044654846191e-02,1.459919381886720657e-02,-4.287511855363845825e-02,-4.568738862872123718e-02,3.711368888616561890e-02,3.383842296898365021e-03,1.499460265040397644e-02,8.068315684795379639e-02,-2.401104196906089783e-02,2.210403978824615479e-02,-4.415703192353248596e-02,1.871315389871597290e-01,-8.168294280767440796e-02,1.358580142259597778e-01,-1.659337729215621948e-01,-1.313527226448059082e-01,5.526012927293777466e-02,1.203677728772163391e-01,-9.231619536876678467e-02,-2.029628604650497437e-01,-6.096889730542898178e-03,1.142233237624168396e-01,-2.122188955545425415e-01,-5.067327246069908142e-02,8.441675454378128052e-02,2.009510528296232224e-03,-2.288853079080581665e-01,-4.089982248842716217e-03,-2.433434575796127319e-01,-5.104121565818786621e-02,2.719075977802276611e-01,1.589009480085223913e-04,-3.325876966118812561e-02,2.416525594890117645e-02,-8.007309585809707642e-02,-1.898353919386863708e-02,5.338728055357933044e-02,-9.753573685884475708e-02,-2.351719327270984650e-02,-1.570188850164413452e-01,3.182502985000610352e-01,-3.532978589646518230e-04,-1.242838278412818909e-01,2.145406752824783325e-01,-6.240597739815711975e-02,1.607707738876342773e-01,-4.181943461298942566e-02,-2.176789008080959320e-02,-4.913882911205291748e-02,2.201267182826995850e-01,7.010399550199508667e-02,-8.145898580551147461e-03,-2.540660500526428223e-01,1.616332866251468658e-02,6.287573277950286865e-02,2.958631329238414764e-02,-1.675773784518241882e-02,-2.569881975650787354e-01,1.385396122932434082e-01,-1.198806762695312500e-01,3.387554883956909180e-01,-9.244798123836517334e-02,-3.123264014720916748e-01,-8.392357267439365387e-03,-7.552870362997055054e-02,1.631427258253097534e-01,1.202764734625816345e-01,3.062693774700164795e-02,4.759841412305831909e-02,-1.663551479578018188e-01,-2.084296569228172302e-02,1.062739491462707520e-01
1.192134339362382889e-02,2.481642365455627441e-02,-1.381244808435440063e-01,9.225062280893325806e-02,5.914685875177383423e-02,2.632470801472663879e-03,1.171391643583774567e-02,3.823396563529968262e-02,1.083837822079658508e-02,3.387539461255073547e-02,1.850460655987262726e-02,-4.816649481654167175e-02,1.010472178459167480e-01,8.310910314321517944e-02,1.197784617543220520e-01,1.159762069582939148e-01,-1.046287361532449722e-03,8.470374345779418945e-02,-5.785992369055747986e-02,-8.174963295459747314e-02,-4.832048341631889343e-02,1.362009793519973755e-01,8.283499628305435181e-02,1.322104688733816147e-02,1.643015630543231964e-02,1.517229229211807251e-01,-1.367467492818832397e-01,-6.411045789718627930e-02,1.001267135143280029e-01,-2.161657437682151794e-02,2.982308156788349152e-02,-1.357575207948684692e-01,1.061884388327598572e-01,7.314934581518173218e-02,-1.364770578220486641e-04,-1.396002471446990967e-01,2.055281586945056915e-02,4.521413147449493408e-02,-6.475170701742172241e-02,-1.018519848585128784e-01,1.202954277396202087e-01,1.363406656309962273e-03,1.373447775840759277e-01,1.649707742035388947e-02,1.262094592675566673e-03,-9.038352966308593750e-02,-1.324537396430969238e-01,-3.585597872734069824e-02,-1.535011082887649536e-02,2.100268006324768066e-02,3.464845567941665649e-02,-1.699290610849857330e-02,3.999192640185356140e-02,-7.687686942517757416e-03,1.288463547825813293e-02,-1.364029049873352051e-01,3.028473444283008575e-02,1.029798202216625214e-02,-9.655901789665222168e-02,-6.964405626058578491e-02,-2.347090980038046837e-03,1.533578615635633469e-02,6.214526481926441193e-03,2.075074985623359680e-02,6.549022160470485687e-03,-2.710534073412418365e-02,3.781371563673019409e-02,1.366904377937316895e-01,-1.346540600061416626e-01,3.032968007028102875e-02,-8.955112844705581665e-02,9.734786115586757660e-03,-3.491413593292236328e-02,1.274504661560058594e-01,-3.764573857188224792e-02,-1.201573088765144348e-01,-3.512478200718760490e-03,1.478656679391860962e-01,-4.555891826748847961e-02,-1.145417988300323486e-01,1.335988938808441162e-01,2.063687657937407494e-03,-1.001767590641975403e-01,3.766115056350827217e-03,-9.505499154329299927e-02,-1.177261918783187866e-01,8.059038966894149780e-02,7.149387616664171219e-03,6.109088659286499023e-02,2.979115210473537445e-02,-2.411384321749210358e-02,-3.362875059247016907e-02,-1.222851797938346863e-01,7.484655082225799561e-02,-1.189302578568458557e-01,-1.263810321688652039e-02,8.598428219556808472e-02,-2.414486370980739594e-04,-8.330332487821578979e-02,4.303975403308868408e-02,-2.865022607147693634e-02,3.287565335631370544e-02,-1.374390870332717896e-01,-2.670755982398986816e-02,1.484987884759902954e-01,9.637870825827121735e-03,-9.729196876287460327e-02,-1.286199539899826050e-01,-2.689828909933567047e-02,-1.477271039038896561e-02,1.076492965221405029e-01,-6.369346380233764648e-02,-1.178876981139183044e-01,1.119399676099419594e-03,1.481260210275650024e-01,-1.164672225713729858e-01,7.832027226686477661e-02,3.514911606907844543e-02,-1.363779902458190918e-01,4.023823887109756470e-02,4.304117336869239807e-02,1.083087995648384094e-01,1.289605796337127686e-01,-5.379583314061164856e-02,-1.025219187140464783e-01,-5.917269363999366760e-02,6.365241279127076268e-05,8.481268584728240967e-02
-1.239380463957786560e-01,-1.381244808435440063e-01,8.110616207122802734e-01,-5.824125409126281738e-01,-3.293615579605102539e-01,-7.916322350502014160e-02,-1.529524475336074829e-01,-2.730389833450317383e-01,-4.831061512231826782e-02,-2.239257097244262695e-01,-1.043711379170417786e-01,3.099273741245269775e-01,-5.820637345314025879e-01,-5.451654195785522461e-01,-7.033552527427673340e-01,-6.751253604888916016e-01,-1.250845729373395443e-03,-4.407832026481628418e-01,3.736864030361175537e-01,5.403807163238525391e-01,2.750888168811798096e-01,-7.751387357711791992e-01,-5.838580131530761719e-01,-1.010757172480225563e-03,-9.853330999612808228e-02,-7.844030261039733887e-01,7.391091585159301758e-01,3.780463635921478271e-01,-6.513938307762145996e-01,2.291435152292251587e-01,-1.317340284585952759e-01,7.617523074150085449e-01,-6.406354904174804688e-01,-4.979541599750518799e-01,1.086121238768100739e-02,7.736349701881408691e-01,-1.249382048845291138e-01,-2.874459326267242432e-01,4.641682207584381104e-01,6.293148398399353027e-01,-6.998607516288757324e-01,-2.127925120294094086e-02,-7.379865050315856934e-01,-1.079504787921905518e-01,-2.357584983110427856e-02,6.053928732872009277e-01,7.780513167381286621e-01,2.353933453559875488e-01,6.417883932590484619e-02,-4.527171701192855835e-02,-2.467096596956253052e-01,9.332378208637237549e-02,-2.372425049543380737e-01,1.303220242261886597e-01,-8.749432116746902466e-02,7.707114815711975098e-01,-2.162768393754959106e-01,-6.905104964971542358e-02,5.498313307762145996e-01,4.346936941146850586e-01,5.256518349051475525e-02,-1.478789448738098145e-01,-4.238512739539146423e-02,-1.745505481958389282e-01,-5.083056539297103882e-02,1.629922688007354736e-01,-1.814816296100616455e-01,-7.499976158142089844e-01,7.575584650039672852e-01,-1.720639616250991821e-01,6.090425252914428711e-01,2.146576531231403351e-02,1.905366331338882446e-01,-7.539886832237243652e-01,2.424953877925872803e-01,7.050312757492065430e-01,2.091299742460250854e-02,-8.400267958641052246e-01,3.472055792808532715e-01,7.138775587081909180e-01,-7.881419062614440918e-01,-1.367238163948059082e-02,6.020637750625610352e-01,-1.912663504481315613e-02,6.209490895271301270e-01,5.986558794975280762e-01,-5.488501191139221191e-01,-4.156440868973731995e-02,-3.459895551204681396e-01,-2.099430710077285767e-01,1.562607437372207642e-01,2.093781679868698120e-01,6.841899752616882324e-01,-4.305268228054046631e-01,7.054282426834106445e-01,1.271528452634811401e-01,-5.318593978881835938e-01,1.613044296391308308e-03,5.265808105468750000e-01,-3.654730319976806641e-01,2.279469817876815796e-01,-2.712214589118957520e-01,7.695904970169067383e-01,1.729781031608581543e-01,-8.102179765701293945e-01,-1.684761494398117065e-01,5.981463193893432617e-01,7.323535084724426270e-01,1.734386086463928223e-01,8.870143443346023560e-02,-6.066519021987915039e-01,4.871390759944915771e-01,6.800756454467773438e-01,-1.069763600826263428e-01,-7.881047129631042480e-01,6.873458623886108398e-01,-5.256024599075317383e-01,-2.694990932941436768e-01,7.925627827644348145e-01,-2.494823932647705078e-01,-2.777617573738098145e-01,-6.839448213577270508e-01,-7.377460598945617676e-01,2.938117682933807373e-01,6.420809626579284668e-01,4.703833758831024170e-01,-2.522425912320613861e-02,-5.969002246856689453e-01
2.248682081699371338e-02,9.225062280893325806e-02,-5.824125409126281738e-01,5.677913427352905273e-01,1.642977595329284668e-01,1.297103315591812134e-01,3.605609387159347534e-02,1.412922888994216919e-01,1.612192951142787933e-02,1.437665820121765137e-01,9.315868839621543884e-03,-2.180399149656295776e-01,2.764745056629180908e-01,4.322149753570556641e-01,4.621939063072204590e-01,4.218097031116485596e-01,4.917531274259090424e-03,3.935358226299285889e-01,-2.977072596549987793e-01,-3.217685520648956299e-01,-3.473373055458068848e-01,6.038931608200073242e-01,3.777241110801696777e-01,-3.434186428785324097e-02,8.541361987590789795e-02,5.739843845367431641e-01,-4.979290068149566650e-01,-1.244374066591262817e-01,3.489215672016143799e-01,-2.216543629765510559e-02,1.102447882294654846e-01,-6.288599371910095215e-01,5.334860086441040039e-01,2.880711257457733154e-01,8.646191097795963287e-03,-5.586614012718200684e-01,1.122749373316764832e-01,1.768847256898880005e-01,-1.466614603996276855e-01,-5.460749268531799316e-01,5.311725139617919922e-01,2.396174333989620209e-02,5.363935828208923340e-01,6.620542705059051514e-02,-3.540204837918281555e-02,-2.655364274978637695e-01,-5.061927437782287598e-01,-2.169933766126632690e-01,-6.867966055870056152e-02,1.026188582181930542e-01,1.822700500488281250e-01,-4.995644837617874146e-02,2.243179827928543091e-01,-1.661150306463241577e-01,1.977233886718750000e-01,-5.324996113777160645e-01,1.528241038322448730e-01,3.751257807016372681e-02,-3.297416567802429199e-01,-3.442764580249786377e-01,-9.586234390735626221e-02,1.260598003864288330e-01,3.397231176495552063e-02,1.456035226583480835e-01,5.802480876445770264e-02,-1.148236170411109924e-01,1.295174509286880493e-01,5.543124675750732422e-01,-5.496838092803955078e-01,6.680537015199661255e-02,-3.918603658676147461e-01,1.937331557273864746e-01,-1.935212463140487671e-01,5.456422567367553711e-01,-1.651159226894378662e-01,-5.353384017944335938e-01,-6.064817309379577637e-03,6.031681895256042480e-01,-3.850649595260620117e-01,-5.127829313278198242e-01,6.833426952362060547e-01,9.433500468730926514e-03,-3.356160223484039307e-01,1.655391044914722443e-02,-4.737177193164825439e-01,-3.312277197837829590e-01,2.277472168207168579e-01,2.508706599473953247e-02,1.720414310693740845e-01,1.369957774877548218e-01,-6.409069895744323730e-02,-2.355698794126510620e-01,-6.239826679229736328e-01,4.222324192523956299e-01,-5.573153495788574219e-01,-9.019854664802551270e-02,3.212506771087646484e-01,-1.068111043423414230e-03,-2.846729755401611328e-01,2.248275727033615112e-01,-1.193526908755302429e-01,5.834963917732238770e-02,-6.238739490509033203e-01,-1.084324270486831665e-01,6.392303705215454102e-01,2.229146212339401245e-01,-5.754905343055725098e-01,-5.603126287460327148e-01,-3.513378277420997620e-02,-6.466511636972427368e-02,6.162829399108886719e-01,-4.215548336505889893e-01,-5.541445016860961914e-01,1.137288063764572144e-01,5.548034310340881348e-01,-4.131864011287689209e-01,2.461881786584854126e-01,1.591673791408538818e-01,-6.066474318504333496e-01,2.133868634700775146e-01,1.467164307832717896e-01,4.941023290157318115e-01,5.378166437149047852e-01,-2.106405347585678101e-01,-4.400529563426971436e-01,-2.939100563526153564e-01,8.951836265623569489e-03,4.169031083583831787e-01
1.910144835710525513e-01,5.914685875177383423e-02,-3.293615579605102539e-01,1.642977595329284668e-01,2.372218072414398193e-01,-3.976367413997650146e-02,7.529073208570480347e-02,2.161815017461776733e-01,3.378636762499809265e-02,8.283466845750808716e-02,2.762798219919204712e-02,-1.116315200924873352e-01,2.632549405097961426e-01,2.441344410181045532e-01,3.504809439182281494e-01,3.008415699005126953e-01,-6.597088649868965149e-03,1.603049933910369873e-01,-8.068484067916870117e-02,-1.983727663755416870e-01,-8.915469050407409668e-02,2.931910753250122070e-01,1.643062978982925415e-01,7.745199650526046753e-02,2.437070012092590332e-02,3.198880851268768311e-01,-3.149123191833496094e-01,-2.679409682750701904e-01,2.634733319282531738e-01,-1.720431894063949585e-01,2.922531217336654663e-02,-2.620104253292083740e-01,2.177820801734924316e-01,1.677529066801071167e-01,-1.100675296038389206e-02,-3.154885470867156982e-01,2.849022857844829559e-02,1.094708815217018127e-01,-2.907178699970245361e-01,-2.992825806140899658e-01,3.015223443508148193e-01,3.272803500294685364e-02,2.965036928653717041e-01,4.448023065924644470e-02,5.595169961452484131e-02,-2.654249370098114014e-01,-3.675235509872436523e-01,-1.033402308821678162e-01,-2.080130949616432190e-02,8.918685466051101685e-02,5.256733670830726624e-02,-6.776555627584457397e-02,9.425040334463119507e-02,1.490884693339467049e-03,-2.969013527035713196e-02,-3.448400497436523438e-01,7.221512496471405029e-02,2.785115689039230347e-02,-2.646951675415039062e-01,-1.471847444772720337e-01,3.474618867039680481e-02,1.201863680034875870e-02,1.569171808660030365e-02,7.025282084941864014e-02,9.238046593964099884e-03,-4.918834939599037170e-02,8.531077951192855835e-02,3.595033884048461914e-01,-2.904202044010162354e-01,1.457251012325286865e-01,-2.527765333652496338e-01,-6.828124076128005981e-02,-2.379595860838890076e-02,2.988038659095764160e-01,-1.093773841857910156e-01,-3.361916542053222656e-01,-1.206964347511529922e-02,3.494259119033813477e-01,-1.209211051464080811e-01,-2.463955432176589966e-01,2.695695161819458008e-01,4.557868931442499161e-03,-3.227148354053497314e-01,6.473726592957973480e-03,-2.767391800880432129e-01,-3.213781714439392090e-01,3.055958747863769531e-01,1.613982766866683960e-02,1.434294432401657104e-01,6.788531690835952759e-02,-1.071064323186874390e-01,-4.773104935884475708e-02,-2.010139077901840210e-01,8.321153372526168823e-02,-2.430192381143569946e-01,-6.105186417698860168e-02,3.303016126155853271e-01,-6.160407210700213909e-04,-2.305219918489456177e-01,1.573751270771026611e-01,-7.934479415416717529e-02,1.554098576307296753e-01,-2.809572815895080566e-01,-6.626922637224197388e-02,2.980168461799621582e-01,6.720925122499465942e-02,-1.427636891603469849e-01,-2.675880193710327148e-01,-1.841044872999191284e-01,-2.425264939665794373e-02,1.640617400407791138e-01,-8.035939186811447144e-02,-2.297606915235519409e-01,-1.189721599221229553e-01,3.963109552860260010e-01,-3.161554038524627686e-01,2.972922921180725098e-01,4.038037732243537903e-02,-3.839804232120513916e-01,6.789050996303558350e-02,1.019782721996307373e-01,2.731668949127197266e-01,3.140393495559692383e-01,-1.156585514545440674e-01,-1.845033317804336548e-01,-1.495128273963928223e-01,-1.196747832000255585e-02,2.111403793096542358e-01
-7.056191563606262207e-02,2.632470801472663879e-03,-7.916322350502014160e-02,1.297103315591812134e-01,-3.976367413997650146e-02,1.932162940502166748e-01,-1.777424104511737823e-02,3.003561869263648987e-02,-9.836472570896148682e-02,-1.071827951818704605e-02,1.682949066162109375e-02,-2.254335582256317139e-02,-5.252768844366073608e-02,6.160221248865127563e-02,5.079237744212150574e-03,-4.117740783840417862e-03,-2.055812859907746315e-03,2.875637263059616089e-02,-4.725367203354835510e-02,-4.573123529553413391e-02,5.032284557819366455e-02,8.026586472988128662e-02,1.041702255606651306e-01,-2.218031696975231171e-02,5.389143247157335281e-03,-2.062854170799255371e-02,-3.207599371671676636e-02,6.458443403244018555e-02,8.887497335672378540e-02,-6.228570826351642609e-03,6.377080082893371582e-02,-3.963970392942428589e-02,1.895005628466606140e-02,8.614667505025863647e-02,-4.274296108633279800e-03,-3.819540515542030334e-02,2.031822130084037781e-02,4.553942126221954823e-04,5.594185739755630493e-02,-8.290518075227737427e-02,-3.258012607693672180e-02,-1.500953175127506256e-02,9.399589896202087402e-02,8.932945318520069122e-03,5.930846929550170898e-02,1.945471577346324921e-02,-1.028852630406618118e-02,-2.800349146127700806e-02,-5.475308001041412354e-02,-4.082091525197029114e-02,1.066229343414306641e-01,-8.584487438201904297e-02,7.920415140688419342e-03,-9.353709220886230469e-02,2.474981173872947693e-02,-5.203155428171157837e-02,3.199848905205726624e-02,3.476195037364959717e-03,3.824464231729507446e-02,-3.684831038117408752e-02,-2.838468179106712341e-03,2.623264444991946220e-03,3.117452375590801239e-03,-7.660651952028274536e-02,8.849918958730995655e-04,3.829544642940163612e-03,1.504949107766151428e-02,3.232219442725181580e-02,-3.071401827037334442e-02,-1.659456640481948853e-02,-2.002942934632301331e-02,-6.349025666713714600e-02,-1.550790760666131973e-02,2.470209077000617981e-02,3.335045650601387024e-02,-2.573939971625804901e-02,5.211117677390575409e-03,4.863967373967170715e-02,-3.180727735161781311e-02,-4.222089052200317383e-02,8.722215890884399414e-02,1.235567382536828518e-03,-1.421563606709241867e-02,-3.114363877102732658e-03,-1.000668969936668873e-03,6.002832949161529541e-02,-1.599279046058654785e-02,1.563338446430861950e-03,-8.383475244045257568e-02,1.162245962768793106e-02,2.180787362158298492e-02,-3.263595327734947205e-02,-8.127935230731964111e-02,7.836526632308959961e-02,-3.128036856651306152e-02,-4.242833703756332397e-02,2.203417196869850159e-02,-4.818657907890155911e-05,-2.273080870509147644e-02,-4.970496147871017456e-02,-3.892226889729499817e-02,-9.250417351722717285e-02,-4.368558153510093689e-02,-2.071260241791605949e-03,3.884235769510269165e-02,1.262831687927246094e-01,-7.421576976776123047e-02,-6.176944077014923096e-02,1.251937896013259888e-01,-1.934967469424009323e-03,8.343315869569778442e-02,-1.220190450549125671e-01,-7.821922749280929565e-02,1.020567640662193298e-01,5.638261511921882629e-02,4.300059005618095398e-02,-1.225238200277090073e-02,5.333777517080307007e-02,-3.336106613278388977e-02,2.086873166263103485e-02,2.082284726202487946e-02,1.733501814305782318e-02,1.905639283359050751e-02,1.520290598273277283e-02,-1.074704900383949280e-01,8.405346423387527466e-03,4.099561832845211029e-03,6.601428985595703125e-02
9.773459285497665405e-02,1.171391643583774567e-02,-1.529524475336074829e-01,3.605609387159347534e-02,7.529073208570480347e-02,-1.777424104511737823e-02,1.262314021587371826e-01,7.881872355937957764e-02,1.716438122093677521e-02,5.098089948296546936e-02,-1.805066363885998726e-03,-4.167071729898452759e-02,9.346848726272583008e-02,7.289927452802658081e-02,1.294005215167999268e-01,9.580726176500320435e-02,4.074204713106155396e-03,-2.356760017573833466e-02,-4.701415821909904480e-02,-1.032748520374298096e-01,-1.820615679025650024e-02,9.900604188442230225e-02,7.820874452590942383e-02,-1.995387300848960876e-02,5.340992007404565811e-03,1.161183491349220276e-01,-9.867262095212936401e-02,-1.006907299160957336e-01,1.450043022632598877e-01,-1.565948724746704102e-01,-3.181650489568710327e-02,-1.000214293599128723e-01,9.681724756956100464e-02,5.909576267004013062e-02,-8.412859402596950531e-03,-9.885590523481369019e-02,1.294607413001358509e-03,5.160633847117424011e-02,-1.904859095811843872e-01,-1.076505258679389954e-01,1.435554325580596924e-01,2.538973093032836914e-02,5.717961862683296204e-02,1.912883855402469635e-02,-2.721657278016209602e-03,-1.644873768091201782e-01,-1.772733330726623535e-01,-3.269399330019950867e-02,4.354668036103248596e-02,-7.442704867571592331e-03,1.790565066039562225e-02,2.340702898800373077e-02,1.899502985179424286e-02,-1.041541993618011475e-02,-2.027898468077182770e-02,-1.205578222870826721e-01,2.430516295135021210e-02,1.251593045890331268e-02,-1.074508801102638245e-01,-4.063728079199790955e-02,-2.373270690441131592e-02,4.857181385159492493e-02,7.453580852597951889e-03,1.058983355760574341e-01,2.242084592580795288e-02,-1.959930546581745148e-02,-6.015148013830184937e-03,1.089913919568061829e-01,-9.344097226858139038e-02,5.840709432959556580e-02,-1.354985982179641724e-01,-7.125529646873474121e-02,2.788599394261837006e-02,1.261270493268966675e-01,-6.200152635574340820e-02,-1.536225676536560059e-01,-6.416595540940761566e-03,1.725226640701293945e-01,-7.362625747919082642e-02,-1.122628971934318542e-01,1.319915652275085449e-01,1.827984233386814594e-03,-1.122619435191154480e-01,1.360867754556238651e-04,-1.477256864309310913e-01,-7.143492251634597778e-02,1.903741955757141113e-01,3.494351403787732124e-03,7.424348592758178711e-02,4.311854392290115356e-02,-6.502909213304519653e-02,-2.918600570410490036e-03,-5.031005665659904480e-02,-1.625226251780986786e-02,-1.002358570694923401e-01,-4.231408238410949707e-02,1.210035085678100586e-01,-3.277901851106435061e-04,-8.772133290767669678e-02,1.508931815624237061e-01,-5.595699325203895569e-02,1.625133901834487915e-01,-9.864517301321029663e-02,-3.189417347311973572e-02,1.568811833858489990e-01,6.492522358894348145e-02,-7.873090356588363647e-02,-7.728976011276245117e-02,-1.323585659265518188e-01,-9.034276008605957031e-03,-1.983524998649954796e-03,-7.968816161155700684e-02,-3.465630859136581421e-02,2.896171808242797852e-02,1.252235770225524902e-01,-1.560135483741760254e-01,1.373687088489532471e-01,4.791102558374404907e-02,-1.790074110031127930e-01,1.864510029554367065e-02,7.399736344814300537e-02,1.323384940624237061e-01,1.124807819724082947e-01,-3.168008103966712952e-02,-5.135630816221237183e-02,-1.332377493381500244e-01,1.694247312843799591e-02,1.281226575374603271e-01
3.529215753078460693e-01,3.823396563529968262e-02,-2.730389833450317383e-01,1.412922888994216919e-01,2.161815017461776733e-01,3.003561869263648987e-02,7.881872355937957764e-02,4.021413326263427734e-01,-9.273032657802104950e-03,4.882195591926574707e-02,2.657805010676383972e-02,-1.009019985795021057e-01,1.809570640325546265e-01,3.582926094532012939e-01,3.377714157104492188e-01,2.405069023370742798e-01,-7.130330894142389297e-03,5.873217433691024780e-02,7.424864917993545532e-03,-1.486895233392715454e-01,5.994507810100913048e-04,2.337065190076828003e-01,1.745607256889343262e-01,2.876924723386764526e-02,3.790832124650478363e-03,1.506520211696624756e-01,-1.933494657278060913e-01,-2.683433294296264648e-01,2.773843407630920410e-01,-2.294144332408905029e-01,-2.325855009257793427e-02,-1.460067629814147949e-01,9.437189996242523193e-02,2.049598097801208496e-01,-3.322031348943710327e-02,-2.560560405254364014e-01,7.830583490431308746e-03,8.050503581762313843e-02,-3.505220413208007812e-01,-3.772130608558654785e-01,1.967610865831375122e-01,4.621504619717597961e-02,2.105408161878585815e-01,4.345442727208137512e-02,1.894027739763259888e-01,-2.576721906661987305e-01,-3.360137641429901123e-01,-1.122450828552246094e-01,-3.339357674121856689e-02,7.784129120409488678e-03,7.825947552919387817e-02,-1.370151191949844360e-01,7.421642541885375977e-02,-1.022715941071510315e-01,-8.334971964359283447e-02,-3.046319484710693359e-01,1.084046885371208191e-01,3.083131276071071625e-02,-1.133252754807472229e-01,-1.130172014236450195e-01,6.288786977529525757e-02,-9.469976648688316345e-03,1.515797432512044907e-02,-3.992673382163047791e-02,-1.182114612311124802e-02,-1.014979276806116104e-02,1.583786867558956146e-02,2.885460555553436279e-01,-2.298293411731719971e-01,1.184712648391723633e-01,-2.494020611047744751e-01,-2.333462387323379517e-01,1.775173284113407135e-02,2.569434046745300293e-01,-6.687325239181518555e-02,-2.514913380146026611e-01,-8.567032404243946075e-03,2.840593457221984863e-01,-1.490212976932525635e-01,-1.898125559091567993e-01,1.999433189630508423e-01,4.380242899060249329e-03,-3.270313739776611328e-01,1.616246445337310433e-04,-2.482675760984420776e-01,-2.098078578710556030e-01,3.033420741558074951e-01,1.200777944177389145e-02,1.515912543982267380e-02,6.325527280569076538e-02,-9.339715540409088135e-02,-1.015234924852848053e-02,-7.592503726482391357e-02,-2.831013686954975128e-02,-1.429044753313064575e-01,-1.358100920915603638e-01,3.583999574184417725e-01,-5.404102848842740059e-04,-2.306403815746307373e-01,1.670624315738677979e-01,-1.134320795536041260e-01,1.423207223415374756e-01,-1.894308179616928101e-01,-5.298100039362907410e-02,1.464486271142959595e-01,1.798718720674514771e-01,1.627107150852680206e-03,-1.914415955543518066e-01,-1.548934280872344971e-01,1.739490253385156393e-04,1.225780397653579712e-01,-3.656510263681411743e-02,-1.748699992895126343e-01,-1.540734916925430298e-01,3.477042913436889648e-01,-2.216200828552246094e-01,3.578025996685028076e-01,1.798836141824722290e-02,-3.916018903255462646e-01,2.572133578360080719e-02,2.553122304379940033e-02,2.265360951423645020e-01,2.215954363346099854e-01,1.133573241531848907e-02,-1.470790803432464600e-01,-1.434073448181152344e-01,-1.729813590645790100e-02,1.882815808057785034e-01
7.146582752466201782e-02,1.083837822079658508e-02,-4.831061512231826782e-02,1.612192951142787933e-02,3.378636762499809265e-02,-9.836472570896148682e-02,1.716438122093677521e-02,-9.273032657802104950e-03,8.823423087596893311e-02,3.422769159078598022e-02,-2.283132448792457581e-02,-2.137886174023151398e-02,6.376125663518905640e-02,7.093186676502227783e-02,7.090412825345993042e-02,5.893803760409355164e-02,4.812368657439947128e-03,3.723517060279846191e-02,-1.391163934022188187e-02,-1.593899540603160858e-02,-1.498701274394989014e-01,4.798166826367378235e-02,3.339526709169149399e-03,-7.417993620038032532e-03,1.272817421704530716e-02,1.030574813485145569e-01,-3.959389403462409973e-02,-4.785974696278572083e-02,-2.829958684742450714e-02,1.224811654537916183e-02,-4.504942521452903748e-02,-1.020316928625106812e-01,9.606587886810302734e-02,-1.331876777112483978e-02,6.060882005840539932e-03,-6.314811110496520996e-02,7.689502555876970291e-03,2.352851256728172302e-02,-3.626690804958343506e-02,-6.499338895082473755e-02,1.187403351068496704e-01,2.123169414699077606e-02,1.039793621748685837e-02,3.526765853166580200e-03,-7.462305575609207153e-02,-4.442045837640762329e-02,-6.708130985498428345e-02,-2.836512587964534760e-02,2.977260202169418335e-02,4.177041351795196533e-02,-4.717911407351493835e-02,6.182960420846939087e-02,4.424281418323516846e-02,7.279156707227230072e-03,4.453423619270324707e-02,-4.084737971425056458e-02,5.875407252460718155e-03,2.392091089859604836e-03,-5.722688138484954834e-02,-3.777574375271797180e-02,-3.359779343008995056e-02,3.868817538022994995e-02,5.625193938612937927e-03,9.992748498916625977e-02,5.106938071548938751e-03,-1.983921229839324951e-02,-2.724949037656188011e-03,7.103567570447921753e-02,-7.353091239929199219e-02,1.116799283772706985e-02,-4.937564954161643982e-02,1.013537347316741943e-01,-3.219313547015190125e-02,7.801643013954162598e-02,-5.905412510037422180e-02,-7.546608895063400269e-02,-3.176879370585083961e-03,7.021812349557876587e-02,-7.857677340507507324e-02,-6.043047085404396057e-02,8.247170597314834595e-02,9.264281252399086952e-04,-2.597693912684917450e-02,4.279613494873046875e-03,-9.280470013618469238e-02,-5.495997890830039978e-02,3.819776326417922974e-02,1.539220800623297691e-03,7.357161492109298706e-02,1.565837115049362183e-02,-1.491816807538270950e-02,-3.567752614617347717e-02,-6.255912780761718750e-02,3.607899323105812073e-02,-7.608753442764282227e-02,-2.421486191451549530e-03,2.678845636546611786e-02,-1.579337695147842169e-04,-2.719683945178985596e-02,8.926264941692352295e-02,7.261365652084350586e-03,7.004465907812118530e-02,-8.365972340106964111e-02,-1.494013424962759018e-02,7.421419024467468262e-02,-2.051743119955062866e-02,-7.287004590034484863e-02,-4.349837452173233032e-02,-8.571213483810424805e-02,-9.753959253430366516e-03,9.286057204008102417e-02,-1.511550694704055786e-02,-4.444716498255729675e-02,-4.171230271458625793e-02,2.516687661409378052e-02,-8.763941377401351929e-02,4.661788791418075562e-02,-1.380196865648031235e-02,-9.417488425970077515e-02,2.894425019621849060e-02,-1.672935113310813904e-02,7.884752005338668823e-02,7.765731215476989746e-02,-4.286473616957664490e-02,1.039166003465652466e-03,-9.090276062488555908e-02,2.997009316459298134e-03,3.113762475550174713e-02
3.476818650960922241e-02,3.387539461255073547e-02,-2.239257097244262695e-01,1.437665820121765137e-01,8.283466845750808716e-02,-1.071827951818704605e-02,5.098089948296546936e-02,4.882195591926574707e-02,3.422769159078598022e-02,6.471421569585800171e-02,1.459193136543035507e-02,-7.753849774599075317e-02,1.532445549964904785e-01,1.367035061120986938e-01,1.881625652313232422e-01,1.742458194494247437e-01,2.473667031154036522e-03,1.079624816775321960e-01,-9.955175220966339111e-02,-1.322466284036636353e-01,-1.064340472221374512e-01,2.114175111055374146e-01,1.326123923063278198e-01,-7.876814343035221100e-03,2.707939408719539642e-02,2.437227070331573486e-01,-2.003823369741439819e-01,-9.184399992227554321e-02,1.555238813161849976e-01,-5.413870513439178467e-02,1.803139783442020416e-02,-2.290107309818267822e-01,1.886759847402572632e-01,1.047795414924621582e-01,3.045131743419915438e-04,-2.139401435852050781e-01,3.117028810083866119e-02,7.503529638051986694e-02,-1.222812905907630920e-01,-1.678629964590072632e-01,2.143330723047256470e-01,1.156129222363233566e-02,1.842435896396636963e-01,2.585718035697937012e-02,-2.352884970605373383e-02,-1.603471487760543823e-01,-2.214429974555969238e-01,-6.041252613067626953e-02,7.307670894078910351e-04,2.237819135189056396e-02,4.168147593736648560e-02,6.079453509300947189e-03,6.643610447645187378e-02,-2.398088015615940094e-02,3.576555103063583374e-02,-2.059756517410278320e-01,4.788485169410705566e-02,1.627575419843196869e-02,-1.493339836597442627e-01,-1.100958362221717834e-01,-2.990882284939289093e-02,5.084892362356185913e-02,1.134402584284543991e-02,8.342013508081436157e-02,1.873564161360263824e-02,-4.536402598023414612e-02,4.083427786827087402e-02,2.049238532781600952e-01,-2.084685564041137695e-01,4.188099876046180725e-02,-1.582959443330764771e-01,3.027261979877948761e-02,-5.035558715462684631e-02,2.122612446546554565e-01,-7.498731464147567749e-02,-2.024113684892654419e-01,-5.849442444741725922e-03,2.494294941425323486e-01,-1.055629178881645203e-01,-1.945262700319290161e-01,2.387805581092834473e-01,3.373805200681090355e-03,-1.409796774387359619e-01,5.864158738404512405e-03,-1.783785521984100342e-01,-1.575572639703750610e-01,1.403025239706039429e-01,9.809835813939571381e-03,1.085193827748298645e-01,5.472678318619728088e-02,-4.387704655528068542e-02,-5.888189375400543213e-02,-1.940105259418487549e-01,1.094900742173194885e-01,-2.006348520517349243e-01,-2.489367127418518066e-02,1.259389221668243408e-01,-4.262095899321138859e-04,-1.240938156843185425e-01,1.169640049338340759e-01,-5.032033473253250122e-02,9.240394085645675659e-02,-2.248261570930480957e-01,-4.507756605744361877e-02,2.555104196071624756e-01,3.300562128424644470e-02,-1.826032549142837524e-01,-1.957266032695770264e-01,-6.918305158615112305e-02,-2.438149414956569672e-02,1.722360551357269287e-01,-1.256562918424606323e-01,-1.726208031177520752e-01,2.906982228159904480e-02,2.126553058624267578e-01,-1.989346444606781006e-01,1.251305341720581055e-01,6.411457061767578125e-02,-2.357221245765686035e-01,6.734464317560195923e-02,6.973906606435775757e-02,1.877077966928482056e-01,2.055764496326446533e-01,-8.399136364459991455e-02,-1.495099216699600220e-01,-1.376213133335113525e-01,9.144660085439682007e-03,1.520444750785827637e-01
-5.864650011062622070e-02,1.850460655987262726e-02,-1.043711379170417786e-01,9.315868839621543884e-03,2.762798219919204712e-02,1.682949066162109375e-02,-1.805066363885998726e-03,2.657805010676383972e-02,-2.283132448792457581e-02,1.459193136543035507e-02,8.366635441780090332e-02,-3.499202057719230652e-02,1.352488398551940918e-01,1.038264296948909760e-02,7.437528669834136963e-02,1.050803735852241516e-01,-4.552767146378755569e-03,3.496959805488586426e-02,-3.987296670675277710e-02,-8.185189217329025269e-02,1.189352646470069885e-01,1.022994816303253174e-01,1.014596074819564819e-01,8.999537676572799683e-03,5.315429996699094772e-03,1.294372230768203735e-01,-1.402206271886825562e-01,-5.752766504883766174e-02,1.659672558307647705e-01,-2.536023035645484924e-02,5.605100840330123901e-02,-6.778126955032348633e-02,6.536690052598714828e-03,1.171099096536636353e-01,-9.108331054449081421e-03,-1.288079619407653809e-01,9.474612772464752197e-03,4.108450189232826233e-02,-8.219489455223083496e-02,1.575149223208427429e-02,2.188389375805854797e-02,-3.210908919572830200e-02,1.434134244918823242e-01,1.515626255422830582e-02,6.690753996372222900e-02,-1.371621787548065186e-01,-1.089460402727127075e-01,2.560943923890590668e-02,-2.941951155662536621e-02,-7.612341642379760742e-02,5.749264359474182129e-02,-5.225814878940582275e-02,-1.973462663590908051e-02,2.136618643999099731e-02,-6.798738986253738403e-02,-1.242460310459136963e-01,3.016679175198078156e-02,1.357225887477397919e-02,-5.413273349404335022e-02,-3.018860518932342529e-02,3.935455158352851868e-02,-1.545789651572704315e-02,-1.127724885009229183e-03,-8.499106764793395996e-02,-1.198146026581525803e-02,-2.020920440554618835e-02,3.528441116213798523e-02,6.687109917402267456e-02,-1.163132414221763611e-01,2.365436172112822533e-03,-5.063512548804283142e-02,-1.268847584724426270e-01,-1.727738231420516968e-02,9.434629976749420166e-02,1.105180662125349045e-02,-1.306478399783372879e-02,-4.594481550157070160e-03,1.264820545911788940e-01,9.615425020456314087e-02,-9.081401675939559937e-02,4.966480284929275513e-02,1.669411896727979183e-03,-8.691003918647766113e-02,1.381322392262518406e-03,1.784626394510269165e-02,-1.342055648565292358e-01,6.701231002807617188e-02,8.949347771704196930e-03,5.922004580497741699e-02,2.520346269011497498e-02,-9.142413735389709473e-03,3.023710660636425018e-02,-4.732314497232437134e-02,1.475512143224477768e-02,-6.031877174973487854e-02,1.036866381764411926e-02,2.679022215306758881e-02,-1.276885886909440160e-04,-9.507818520069122314e-02,-2.673587016761302948e-02,-4.568487405776977539e-02,2.066593803465366364e-02,-8.425552397966384888e-02,-2.211873047053813934e-02,1.127599105238914490e-01,-8.545452356338500977e-02,8.089174516499042511e-03,-1.099420189857482910e-01,4.279552027583122253e-02,-1.021650247275829315e-02,1.451389119029045105e-02,-1.135556399822235107e-02,-8.288677036762237549e-02,4.194246232509613037e-02,1.336775869131088257e-01,-8.739769458770751953e-02,6.068286672234535217e-02,7.239689677953720093e-02,-4.895522072911262512e-02,1.046138908714056015e-02,5.840497463941574097e-02,3.863707557320594788e-02,7.172850519418716431e-02,-1.432504225522279739e-02,-1.347186267375946045e-01,-1.191726699471473694e-02,5.717575084418058395e-03,3.895220533013343811e-02
-4.326777532696723938e-02,-4.816649481654167175e-02,3.099273741245269775e-01,-2.180399149656295776e-01,-1.116315200924873352e-01,-2.254335582256317139e-02,-4.167071729898452759e-02,-1.009019985795021057e-01,-2.137886174023151398e-02,-7.753849774599075317e-02,-3.499202057719230652e-02,1.116801425814628601e-01,-2.059584408998489380e-01,-2.097314000129699707e-01,-2.633028328418731689e-01,-2.446264177560806274e-01,-1.061286078765988350e-03,-1.615106612443923950e-01,1.308672726154327393e-01,1.794556975364685059e-01,1.087482422590255737e-01,-3.043470680713653564e-01,-2.011826783418655396e-01,9.599858894944190979e-03,-3.627488389611244202e-02,-3.199603855609893799e-01,2.806051969528198242e-01,1.211926713585853577e-01,-2.345961928367614746e-01,6.009177863597869873e-02,-4.290597513318061829e-02,3.049957752227783203e-01,-2.365485429763793945e-01,-1.719792485237121582e-01,3.508330322802066803e-03,3.073560595512390137e-01,-4.504525661468505859e-02,-1.010487675666809082e-01,1.579313576221466064e-01,2.449989765882492065e-01,-2.659702003002166748e-01,-7.711207494139671326e-03,-2.801210880279541016e-01,-3.717851266264915466e-02,-1.229801680892705917e-02,2.133174091577529907e-01,3.014805912971496582e-01,8.409608900547027588e-02,2.437730319797992706e-02,-1.323552522808313370e-02,-8.050896972417831421e-02,3.035590238869190216e-02,-8.879220485687255859e-02,5.307291448116302490e-02,-3.767466172575950623e-02,2.973828911781311035e-01,-7.921446114778518677e-02,-2.439319714903831482e-02,1.801313161849975586e-01,1.564314365386962891e-01,2.260534651577472687e-02,-5.292177945375442505e-02,-1.497715245932340622e-02,-5.359808355569839478e-02,-1.810199022293090820e-02,5.827921256422996521e-02,-6.085141375660896301e-02,-2.839963436126708984e-01,2.944323122501373291e-01,-4.777638241648674011e-02,2.128995060920715332e-01,-6.665106397122144699e-03,7.603992521762847900e-02,-2.934192419052124023e-01,8.329301327466964722e-02,2.577271759510040283e-01,6.848897784948348999e-03,-3.393413126468658447e-01,1.315467506647109985e-01,2.694297730922698975e-01,-3.221723735332489014e-01,-4.877776373177766800e-03,2.043284028768539429e-01,-7.677490822970867157e-03,2.240301817655563354e-01,2.218889445066452026e-01,-1.717212051153182983e-01,-1.473587844520807266e-02,-1.208893805742263794e-01,-7.403490692377090454e-02,4.946932196617126465e-02,7.786569744348526001e-02,2.671896517276763916e-01,-1.543766409158706665e-01,2.673204839229583740e-01,4.145402088761329651e-02,-1.786863654851913452e-01,5.630417726933956146e-04,1.817577332258224487e-01,-1.272621154785156250e-01,7.609897106885910034e-02,-8.794157207012176514e-02,3.098869323730468750e-01,6.063167005777359009e-02,-3.342677652835845947e-01,-5.544433370232582092e-02,2.288071811199188232e-01,2.833827137947082520e-01,5.097468569874763489e-02,3.099881298840045929e-02,-2.532469630241394043e-01,1.658925712108612061e-01,2.600847482681274414e-01,-3.605725243687629700e-02,-3.119112849235534668e-01,2.523044049739837646e-01,-1.747441738843917847e-01,-9.313544631004333496e-02,3.197686374187469482e-01,-9.090873599052429199e-02,-8.739604800939559937e-02,-2.465752959251403809e-01,-2.757897675037384033e-01,9.687444567680358887e-02,2.320239096879959106e-01,1.632762998342514038e-01,-7.386328652501106262e-03,-2.027094662189483643e-01
