9.999983906745910645e-01,-9.999986886978149414e-01,-9.999932050704956055e-01,9.999979734420776367e-01,9.999988675117492676e-01,-9.999987483024597168e-01,9.999959468841552734e-01,9.999989867210388184e-01,-9.999971389770507812e-01,9.999979734420776367e-01,-9.999987483024597168e-01,-9.999989867210388184e-01,9.999980926513671875e-01,9.999985098838806152e-01,9.999911189079284668e-01,9.999965429306030273e-01,9.999974370002746582e-01,-9.999983906745910645e-01,9.999934434890747070e-01,-9.999990463256835938e-01,-9.999989867210388184e-01,9.999924898147583008e-01,9.999985694885253906e-01,9.999982714653015137e-01,9.999889135360717773e-01,9.999990463256835938e-01,-9.999983310699462891e-01,-9.999988675117492676e-01,9.999886155128479004e-01,-9.999959468841552734e-01,-9.999924898147583008e-01,-9.999983310699462891e-01,9.999894499778747559e-01,9.999964237213134766e-01,-9.999976754188537598e-01,9.998252987861633301e-01,9.999989271163940430e-01,9.999985098838806152e-01,9.999918341636657715e-01,-9.999987483024597168e-01,9.999986886978149414e-01,-9.999928474426269531e-01,9.999795556068420410e-01,9.999988079071044922e-01,9.999983906745910645e-01,9.999982118606567383e-01,-9.999930858612060547e-01,9.999984502792358398e-01,9.999988079071044922e-01,-9.999984502792358398e-01,-9.999987483024597168e-01,-9.999982714653015137e-01,-9.999987483024597168e-01,-9.999929070472717285e-01,-9.999981522560119629e-01,-9.999982118606567383e-01,-9.999953508377075195e-01,9.999676346778869629e-01,9.999971389770507812e-01,9.999983310699462891e-01,-9.999983906745910645e-01,9.999989271163940430e-01,9.999983906745910645e-01,9.999954104423522949e-01,-9.999954700469970703e-01,-9.999987483024597168e-01,-9.999991059303283691e-01,-9.999959468841552734e-01,-9.999988675117492676e-01,9.999985694885253906e-01,-9.999986886978149414e-01,9.999978542327880859e-01,9.999915361404418945e-01,-9.999934434890747070e-01,-9.999752640724182129e-01,-9.999983310699462891e-01,9.999928474426269531e-01,9.999987483024597168e-01,-9.999943971633911133e-01,-9.999961256980895996e-01,9.999654293060302734e-01,9.999976754188537598e-01,-9.999988675117492676e-01,9.999977350234985352e-01,-9.999982714653015137e-01,-9.999891519546508789e-01,9.999811053276062012e-01,9.999989271163940430e-01,9.999839067459106445e-01,9.999420046806335449e-01,-9.999967217445373535e-01,9.999983906745910645e-01,-9.999819397926330566e-01,-9.999977350234985352e-01,9.999980926513671875e-01,-9.999979138374328613e-01,-9.999915957450866699e-01,9.999990463256835938e-01,-9.999988079071044922e-01,9.999957680702209473e-01,-9.999967813491821289e-01,9.999988079071044922e-01,-9.999375939369201660e-01,-1.494319885969161987e-01,9.999985694885253906e-01,9.999972581863403320e-01,-9.999775290489196777e-01,-9.999982118606567383e-01,-9.999940395355224609e-01,9.999985098838806152e-01,-9.999983310699462891e-01,9.999982118606567383e-01,-9.999982118606567383e-01,-9.999691247940063477e-01,9.999989867210388184e-01,-9.999978542327880859e-01,9.999989271163940430e-01,-9.999983906745910645e-01,-9.999949932098388672e-01,-9.999979138374328613e-01,-9.999987483024597168e-01,9.999963045120239258e-01,9.999983310699462891e-01,-9.999976158142089844e-01,-9.999885559082031250e-01,-9.999955296516418457e-01,9.999905824661254883e-01,-9.999957680702209473e-01
-9.999986886978149414e-01,9.999989271163940430e-01,9.999945163726806641e-01,-9.999983906745910645e-01,-9.999991655349731445e-01,9.999990463256835938e-01,-9.999967217445373535e-01,-9.999991655349731445e-01,9.999977350234985352e-01,-9.999984502792358398e-01,9.999989867210388184e-01,9.999992847442626953e-01,-9.999984502792358398e-01,-9.999987483024597168e-01,-9.999927282333374023e-01,-9.999972581863403320e-01,-9.999979734420776367e-01,9.999987483024597168e-01,-9.999946355819702148e-01,9.999992847442626953e-01,9.999992251396179199e-01,-9.999938011169433594e-01,-9.999988675117492676e-01,-9.999986290931701660e-01,-9.999909400939941406e-01,-9.999993443489074707e-01,9.999986290931701660e-01,9.999991655349731445e-01,-9.999907612800598145e-01,9.999966621398925781e-01,9.999938607215881348e-01,9.999986886978149414e-01,-9.999913573265075684e-01,-9.999971389770507812e-01,9.999981522560119629e-01,-9.998567104339599609e-01,-9.999992251396179199e-01,-9.999988675117492676e-01,-9.999933242797851562e-01,9.999990463256835938e-01,-9.999989271163940430e-01,9.999943375587463379e-01,-9.999833106994628906e-01,-9.999990463256835938e-01,-9.999986886978149414e-01,-9.999986290931701660e-01,9.999943375587463379e-01,-9.999987483024597168e-01,-9.999990463256835938e-01,9.999988079071044922e-01,9.999991655349731445e-01,9.999986886978149414e-01,9.999990463256835938e-01,9.999941587448120117e-01,9.999985098838806152e-01,9.999985098838806152e-01,9.999961256980895996e-01,-9.999735355377197266e-01,-9.999976754188537598e-01,-9.999986886978149414e-01,9.999987483024597168e-01,-9.999992251396179199e-01,-9.999987483024597168e-01,-9.999961853027343750e-01,9.999963641166687012e-01,9.999991059303283691e-01,9.999992847442626953e-01,9.999966621398925781e-01,9.999991655349731445e-01,-9.999988675117492676e-01,9.999990463256835938e-01,-9.999982714653015137e-01,-9.999931454658508301e-01,9.999946951866149902e-01,9.999797344207763672e-01,9.999986290931701660e-01,-9.999941587448120117e-01,-9.999989867210388184e-01,9.999954700469970703e-01,9.999969601631164551e-01,-9.999717473983764648e-01,-9.999980330467224121e-01,9.999992251396179199e-01,-9.999981522560119629e-01,9.999986886978149414e-01,9.999911785125732422e-01,-9.999845623970031738e-01,-9.999991655349731445e-01,-9.999868273735046387e-01,-9.999524354934692383e-01,9.999973177909851074e-01,-9.999986886978149414e-01,9.999850988388061523e-01,9.999981522560119629e-01,-9.999984502792358398e-01,9.999983906745910645e-01,9.999932050704956055e-01,-9.999992251396179199e-01,9.999991059303283691e-01,-9.999966025352478027e-01,9.999973773956298828e-01,-9.999991059303283691e-01,9.999489188194274902e-01,1.494659632444381714e-01,-9.999988079071044922e-01,-9.999977946281433105e-01,9.999815821647644043e-01,9.999985694885253906e-01,9.999951124191284180e-01,-9.999988079071044922e-01,9.999987483024597168e-01,-9.999985098838806152e-01,9.999986290931701660e-01,9.999747276306152344e-01,-9.999992251396179199e-01,9.999983310699462891e-01,-9.999992251396179199e-01,9.999986886978149414e-01,9.999959468841552734e-01,9.999982714653015137e-01,9.999990463256835938e-01,-9.999970197677612305e-01,-9.999986290931701660e-01,9.999980330467224121e-01,9.999906420707702637e-01,9.999962449073791504e-01,-9.999923110008239746e-01,9.999964833259582520e-01
-9.999932050704956055e-01,9.999945163726806641e-01,9.999717473983764648e-01,-9.999919533729553223e-01,-9.999954700469970703e-01,9.999949932098388672e-01,-9.999830722808837891e-01,-9.999959468841552734e-01,9.999884963035583496e-01,-9.999920725822448730e-01,9.999948143959045410e-01,9.999954700469970703e-01,-9.999921917915344238e-01,-9.999938011169433594e-01,-9.999628067016601562e-01,-9.999861121177673340e-01,-9.999893307685852051e-01,9.999938011169433594e-01,-9.999724626541137695e-01,9.999960064888000488e-01,9.999957084655761719e-01,-9.999688267707824707e-01,-9.999940395355224609e-01,-9.999929666519165039e-01,-9.999535083770751953e-01,-9.999958276748657227e-01,9.999930262565612793e-01,9.999954700469970703e-01,-9.999526739120483398e-01,9.999830126762390137e-01,9.999689459800720215e-01,9.999933838844299316e-01,-9.999558329582214355e-01,-9.999853968620300293e-01,9.999906420707702637e-01,-9.992681741714477539e-01,-9.999958276748657227e-01,-9.999942183494567871e-01,-9.999662637710571289e-01,9.999952912330627441e-01,-9.999945163726806641e-01,9.999705553054809570e-01,-9.999141693115234375e-01,-9.999954104423522949e-01,-9.999932646751403809e-01,-9.999928474426269531e-01,9.999713897705078125e-01,-9.999936819076538086e-01,-9.999950528144836426e-01,9.999939799308776855e-01,9.999949336051940918e-01,9.999928474426269531e-01,9.999953508377075195e-01,9.999701976776123047e-01,9.999924898147583008e-01,9.999924898147583008e-01,9.999805092811584473e-01,-9.998645782470703125e-01,-9.999884366989135742e-01,-9.999935626983642578e-01,9.999934434890747070e-01,-9.999957084655761719e-01,-9.999935030937194824e-01,-9.999809265136718750e-01,9.999811053276062012e-01,9.999952316284179688e-01,9.999960064888000488e-01,9.999832510948181152e-01,9.999956488609313965e-01,-9.999942183494567871e-01,9.999949336051940918e-01,-9.999912381172180176e-01,-9.999645352363586426e-01,9.999730587005615234e-01,9.998962879180908203e-01,9.999931454658508301e-01,-9.999700784683227539e-01,-9.999948143959045410e-01,9.999768733978271484e-01,9.999844431877136230e-01,-9.998555779457092285e-01,-9.999904632568359375e-01,9.999952316284179688e-01,-9.999911189079284668e-01,9.999929666519165039e-01,9.999548196792602539e-01,-9.999208450317382812e-01,-9.999955892562866211e-01,-9.999325275421142578e-01,-9.997575283050537109e-01,9.999865293502807617e-01,-9.999933242797851562e-01,9.999243617057800293e-01,9.999907612800598145e-01,-9.999926686286926270e-01,9.999912977218627930e-01,9.999648332595825195e-01,-9.999958276748657227e-01,9.999951124191284180e-01,-9.999822378158569336e-01,9.999868273735046387e-01,-9.999951720237731934e-01,9.997386932373046875e-01,1.488310694694519043e-01,-9.999943971633911133e-01,-9.999888539314270020e-01,9.999058842658996582e-01,9.999930262565612793e-01,9.999749660491943359e-01,-9.999938607215881348e-01,9.999935626983642578e-01,-9.999928474426269531e-01,9.999930858612060547e-01,9.998703598976135254e-01,-9.999959468841552734e-01,9.999911189079284668e-01,-9.999957084655761719e-01,9.999932646751403809e-01,9.999790191650390625e-01,9.999914169311523438e-01,9.999949932098388672e-01,-9.999849796295166016e-01,-9.999932050704956055e-01,9.999902248382568359e-01,9.999518990516662598e-01,9.999811649322509766e-01,-9.999607205390930176e-01,9.999822378158569336e-01
9.999979734420776367e-01,-9.999983906745910645e-01,-9.999919533729553223e-01,9.999976754188537598e-01,9.999986886978149414e-01,-9.999985694885253906e-01,9.999952316284179688e-01,9.999987483024597168e-01,-9.999966025352478027e-01,9.999977350234985352e-01,-9.999985098838806152e-01,-9.999987483024597168e-01,9.999977350234985352e-01,9.999982118606567383e-01,9.999894499778747559e-01,9.999960064888000488e-01,9.999969005584716797e-01,-9.999982118606567383e-01,9.999921917915344238e-01,-9.999989271163940430e-01,-9.999987483024597168e-01,9.999911785125732422e-01,9.999982714653015137e-01,9.999979734420776367e-01,9.999868273735046387e-01,9.999988079071044922e-01,-9.999980330467224121e-01,-9.999986886978149414e-01,9.999864697456359863e-01,-9.999951720237731934e-01,-9.999912381172180176e-01,-9.999980926513671875e-01,9.999875426292419434e-01,9.999958872795104980e-01,-9.999973177909851074e-01,9.997920393943786621e-01,9.999988079071044922e-01,9.999983310699462891e-01,9.999904036521911621e-01,-9.999986886978149414e-01,9.999983906745910645e-01,-9.999916553497314453e-01,9.999756813049316406e-01,9.999986886978149414e-01,9.999980330467224121e-01,9.999979734420776367e-01,-9.999918341636657715e-01,9.999982118606567383e-01,9.999985694885253906e-01,-9.999982714653015137e-01,-9.999986290931701660e-01,-9.999979734420776367e-01,-9.999986886978149414e-01,-9.999915361404418945e-01,-9.999978542327880859e-01,-9.999978542327880859e-01,-9.999944567680358887e-01,9.999615550041198730e-01,9.999966621398925781e-01,9.999981522560119629e-01,-9.999980926513671875e-01,9.999987483024597168e-01,9.999982118606567383e-01,9.999945163726806641e-01,-9.999946355819702148e-01,-9.999986290931701660e-01,-9.999988675117492676e-01,-9.999952316284179688e-01,-9.999987483024597168e-01,9.999983906745910645e-01,-9.999985098838806152e-01,9.999974370002746582e-01,9.999899268150329590e-01,-9.999923706054687500e-01,-9.999706149101257324e-01,-9.999980330467224121e-01,9.999914765357971191e-01,9.999985098838806152e-01,-9.999934434890747070e-01,-9.999955892562866211e-01,9.999589920043945312e-01,9.999971985816955566e-01,-9.999986886978149414e-01,9.999973773956298828e-01,-9.999979734420776367e-01,-9.999871850013732910e-01,9.999774694442749023e-01,9.999987483024597168e-01,9.999808669090270996e-01,9.999310374259948730e-01,-9.999961256980895996e-01,9.999980926513671875e-01,-9.999784827232360840e-01,-9.999973177909851074e-01,9.999979138374328613e-01,-9.999974966049194336e-01,-9.999900460243225098e-01,9.999988079071044922e-01,-9.999985694885253906e-01,9.999949336051940918e-01,-9.999961853027343750e-01,9.999986886978149414e-01,-9.999257922172546387e-01,-1.493960618972778320e-01,9.999983906745910645e-01,9.999968409538269043e-01,-9.999732971191406250e-01,-9.999980330467224121e-01,-9.999927878379821777e-01,9.999982118606567383e-01,-9.999981522560119629e-01,9.999978542327880859e-01,-9.999979734420776367e-01,-9.999631643295288086e-01,9.999988675117492676e-01,-9.999974966049194336e-01,9.999987483024597168e-01,-9.999981522560119629e-01,-9.999940991401672363e-01,-9.999975562095642090e-01,-9.999985694885253906e-01,9.999957084655761719e-01,9.999980330467224121e-01,-9.999971985816955566e-01,-9.999863505363464355e-01,-9.999947547912597656e-01,9.999889135360717773e-01,-9.999949932098388672e-01
9.999988675117492676e-01,-9.999991655349731445e-01,-9.999954700469970703e-01,9.999986886978149414e-01,9.999993443489074707e-01,-9.999992251396179199e-01,9.999973773956298828e-01,9.999993443489074707e-01,-9.999981522560119629e-01,9.999986290931701660e-01,-9.999992251396179199e-01,-9.999994039535522461e-01,9.999987483024597168e-01,9.999991655349731445e-01,9.999941587448120117e-01,9.999977946281433105e-01,9.999982714653015137e-01,-9.999989271163940430e-01,9.999956488609313965e-01,-9.999994039535522461e-01,-9.999993443489074707e-01,9.999951124191284180e-01,9.999991059303283691e-01,9.999988675117492676e-01,9.999926686286926270e-01,9.999993443489074707e-01,-9.999989271163940430e-01,-9.999993443489074707e-01,9.999925494194030762e-01,-9.999972581863403320e-01,-9.999950528144836426e-01,-9.999989271163940430e-01,9.999930262565612793e-01,9.999977350234985352e-01,-9.999985694885253906e-01,9.998841881752014160e-01,9.999992847442626953e-01,9.999991059303283691e-01,9.999945759773254395e-01,-9.999992251396179199e-01,9.999991655349731445e-01,-9.999953508377075195e-01,9.999864697456359863e-01,9.999992847442626953e-01,9.999989271163940430e-01,9.999988675117492676e-01,-9.999954700469970703e-01,9.999990463256835938e-01,9.999992251396179199e-01,-9.999989867210388184e-01,-9.999993443489074707e-01,-9.999989271163940430e-01,-9.999992251396179199e-01,-9.999952912330627441e-01,-9.999988675117492676e-01,-9.999988079071044922e-01,-9.999968409538269043e-01,9.999786019325256348e-01,9.999981522560119629e-01,9.999989867210388184e-01,-9.999989271163940430e-01,9.999993443489074707e-01,9.999989867210388184e-01,9.999969601631164551e-01,-9.999969601631164551e-01,-9.999992847442626953e-01,-9.999994039535522461e-01,-9.999973177909851074e-01,-9.999993443489074707e-01,9.999991655349731445e-01,-9.999992251396179199e-01,9.999986290931701660e-01,9.999944567680358887e-01,-9.999957084655761719e-01,-9.999836087226867676e-01,-9.999989271163940430e-01,9.999952912330627441e-01,9.999992251396179199e-01,-9.999963045120239258e-01,-9.999974966049194336e-01,9.999771714210510254e-01,9.999983906745910645e-01,-9.999992847442626953e-01,9.999985098838806152e-01,-9.999989271163940430e-01,-9.999928474426269531e-01,9.999874830245971680e-01,9.999994039535522461e-01,9.999893307685852051e-01,9.999615550041198730e-01,-9.999977946281433105e-01,9.999989271163940430e-01,-9.999879598617553711e-01,-9.999985098838806152e-01,9.999987483024597168e-01,-9.999986886978149414e-01,-9.999944567680358887e-01,9.999992847442626953e-01,-9.999992847442626953e-01,9.999971389770507812e-01,-9.999978542327880859e-01,9.999993443489074707e-01,-9.999586343765258789e-01,-1.494957506656646729e-01,9.999991655349731445e-01,9.999982118606567383e-01,-9.999851584434509277e-01,-9.999988079071044922e-01,-9.999960064888000488e-01,9.999990463256835938e-01,-9.999989271163940430e-01,9.999988079071044922e-01,-9.999988079071044922e-01,-9.999794960021972656e-01,9.999994039535522461e-01,-9.999985694885253906e-01,9.999993443489074707e-01,-9.999989867210388184e-01,-9.999966025352478027e-01,-9.999986290931701660e-01,-9.999992251396179199e-01,9.999975562095642090e-01,9.999989271163940430e-01,-9.999984502792358398e-01,-9.999924302101135254e-01,-9.999970793724060059e-01,9.999938011169433594e-01,-9.999971389770507812e-01
-9.999987483024597168e-01,9.999990463256835938e-01,9.999949932098388672e-01,-9.999985694885253906e-01,-9.999992251396179199e-01,9.999991655349731445e-01,-9.999970197677612305e-01,-9.999993443489074707e-01,9.999979138374328613e-01,-9.999985694885253906e-01,9.999991059303283691e-01,9.999992251396179199e-01,-9.999985694885253906e-01,-9.999988675117492676e-01,-9.999935030937194824e-01,-9.999974966049194336e-01,-9.999980926513671875e-01,9.999988079071044922e-01,-9.999951720237731934e-01,9.999993443489074707e-01,9.999992847442626953e-01,-9.999943971633911133e-01,-9.999989867210388184e-01,-9.999988079071044922e-01,-9.999917745590209961e-01,-9.999992847442626953e-01,9.999987483024597168e-01,9.999992251396179199e-01,-9.999915957450866699e-01,9.999969601631164551e-01,9.999945163726806641e-01,9.999988079071044922e-01,-9.999921917915344238e-01,-9.999974370002746582e-01,9.999983906745910645e-01,-9.998702406883239746e-01,-9.999992847442626953e-01,-9.999989867210388184e-01,-9.999939203262329102e-01,9.999992251396179199e-01,-9.999990463256835938e-01,9.999947547912597656e-01,-9.999849200248718262e-01,-9.999992251396179199e-01,-9.999988079071044922e-01,-9.999987483024597168e-01,9.999949336051940918e-01,-9.999988675117492676e-01,-9.999991655349731445e-01,9.999988675117492676e-01,9.999992251396179199e-01,9.999988079071044922e-01,9.999992251396179199e-01,9.999946951866149902e-01,9.999986290931701660e-01,9.999987483024597168e-01,9.999966025352478027e-01,-9.999760389328002930e-01,-9.999979138374328613e-01,-9.999988079071044922e-01,9.999988079071044922e-01,-9.999992847442626953e-01,-9.999988675117492676e-01,-9.999965429306030273e-01,9.999967217445373535e-01,9.999991655349731445e-01,9.999993443489074707e-01,9.999969601631164551e-01,9.999992847442626953e-01,-9.999989867210388184e-01,9.999991655349731445e-01,-9.999984502792358398e-01,-9.999938011169433594e-01,9.999952912330627441e-01,9.999816417694091797e-01,9.999987483024597168e-01,-9.999947547912597656e-01,-9.999991059303283691e-01,9.999958872795104980e-01,9.999971985816955566e-01,-9.999745488166809082e-01,-9.999983310699462891e-01,9.999992251396179199e-01,-9.999983310699462891e-01,9.999987483024597168e-01,9.999920129776000977e-01,-9.999859929084777832e-01,-9.999993443489074707e-01,-9.999881386756896973e-01,-9.999569058418273926e-01,9.999975562095642090e-01,-9.999988079071044922e-01,9.999865293502807617e-01,9.999983310699462891e-01,-9.999986886978149414e-01,9.999984502792358398e-01,9.999938011169433594e-01,-9.999992847442626953e-01,9.999992847442626953e-01,-9.999969005584716797e-01,9.999976158142089844e-01,-9.999991655349731445e-01,9.999537467956542969e-01,1.494805663824081421e-01,-9.999990463256835938e-01,-9.999979138374328613e-01,9.999833703041076660e-01,9.999987483024597168e-01,9.999955892562866211e-01,-9.999988675117492676e-01,9.999987483024597168e-01,-9.999986886978149414e-01,9.999987483024597168e-01,9.999771118164062500e-01,-9.999993443489074707e-01,9.999985098838806152e-01,-9.999992847442626953e-01,9.999988675117492676e-01,9.999961853027343750e-01,9.999984502792358398e-01,9.999991655349731445e-01,-9.999972581863403320e-01,-9.999988079071044922e-01,9.999983310699462891e-01,9.999915361404418945e-01,9.999966025352478027e-01,-9.999931454658508301e-01,9.999967813491821289e-01
9.999959468841552734e-01,-9.999967217445373535e-01,-9.999830722808837891e-01,9.999952316284179688e-01,9.999973773956298828e-01,-9.999970197677612305e-01,9.999898672103881836e-01,9.999976158142089844e-01,-9.999931454658508301e-01,9.999952912330627441e-01,-9.999968409538269043e-01,-9.999973177909851074e-01,9.999953508377075195e-01,9.999962449073791504e-01,9.999777078628540039e-01,9.999917149543762207e-01,9.999936819076538086e-01,-9.999961853027343750e-01,9.999834895133972168e-01,-9.999976754188537598e-01,-9.999974966049194336e-01,9.999813437461853027e-01,9.999964833259582520e-01,9.999958276748657227e-01,9.999721050262451172e-01,9.999974966049194336e-01,-9.999959468841552734e-01,-9.999973177909851074e-01,9.999715089797973633e-01,-9.999898076057434082e-01,-9.999813437461853027e-01,-9.999959468841552734e-01,9.999735355377197266e-01,9.999912381172180176e-01,-9.999944567680358887e-01,9.995588064193725586e-01,9.999974966049194336e-01,9.999966025352478027e-01,9.999797344207763672e-01,-9.999971985816955566e-01,9.999967217445373535e-01,-9.999822974205017090e-01,9.999483823776245117e-01,9.999972581863403320e-01,9.999960064888000488e-01,9.999958276748657227e-01,-9.999828338623046875e-01,9.999961256980895996e-01,9.999970793724060059e-01,-9.999964237213134766e-01,-9.999970197677612305e-01,-9.999958276748657227e-01,-9.999971985816955566e-01,-9.999820590019226074e-01,-9.999955296516418457e-01,-9.999956488609313965e-01,-9.999883174896240234e-01,9.999184012413024902e-01,9.999930858612060547e-01,9.999961853027343750e-01,-9.999960660934448242e-01,9.999974370002746582e-01,9.999960660934448242e-01,9.999884963035583496e-01,-9.999886155128479004e-01,-9.999970793724060059e-01,-9.999976158142089844e-01,-9.999899864196777344e-01,-9.999974370002746582e-01,9.999966025352478027e-01,-9.999969601631164551e-01,9.999948143959045410e-01,9.999787211418151855e-01,-9.999837875366210938e-01,-9.999375939369201660e-01,-9.999959468841552734e-01,9.999819993972778320e-01,9.999969601631164551e-01,-9.999860525131225586e-01,-9.999907612800598145e-01,9.999129772186279297e-01,9.999943971633911133e-01,-9.999971985816955566e-01,9.999946951866149902e-01,-9.999958276748657227e-01,-9.999728202819824219e-01,9.999523162841796875e-01,9.999973773956298828e-01,9.999594688415527344e-01,9.998537898063659668e-01,-9.999919533729553223e-01,9.999960064888000488e-01,-9.999543428421020508e-01,-9.999943971633911133e-01,9.999956488609313965e-01,-9.999948143959045410e-01,-9.999788999557495117e-01,9.999974966049194336e-01,-9.999970793724060059e-01,9.999893903732299805e-01,-9.999920129776000977e-01,9.999971389770507812e-01,-9.998425841331481934e-01,-1.491439491510391235e-01,9.999966621398925781e-01,9.999933242797851562e-01,-9.999433755874633789e-01,-9.999958276748657227e-01,-9.999850392341613770e-01,9.999962449073791504e-01,-9.999960660934448242e-01,9.999957680702209473e-01,-9.999958276748657227e-01,-9.999218583106994629e-01,9.999976158142089844e-01,-9.999947547912597656e-01,9.999973773956298828e-01,-9.999960064888000488e-01,-9.999874234199523926e-01,-9.999948143959045410e-01,-9.999970197677612305e-01,9.999909996986389160e-01,9.999958872795104980e-01,-9.999942779541015625e-01,-9.999711513519287109e-01,-9.999887347221374512e-01,9.999763965606689453e-01,-9.999893903732299805e-01
9.999989867210388184e-01,-9.999991655349731445e-01,-9.999959468841552734e-01,9.999987483024597168e-01,9.999993443489074707e-01,-9.999993443489074707e-01,9.999976158142089844e-01,9.999994635581970215e-01,-9.999982714653015137e-01,9.999988675117492676e-01,-9.999992847442626953e-01,-9.999994039535522461e-01,9.999988675117492676e-01,9.999991655349731445e-01,9.999946951866149902e-01,9.999979734420776367e-01,9.999984502792358398e-01,-9.999991655349731445e-01,9.999960064888000488e-01,-9.999994039535522461e-01,-9.999993443489074707e-01,9.999955296516418457e-01,9.999991655349731445e-01,9.999989867210388184e-01,9.999933838844299316e-01,9.999994039535522461e-01,-9.999990463256835938e-01,-9.999994039535522461e-01,9.999932646751403809e-01,-9.999975562095642090e-01,-9.999955892562866211e-01,-9.999989867210388184e-01,9.999937415122985840e-01,9.999978542327880859e-01,-9.999986290931701660e-01,9.998957514762878418e-01,9.999993443489074707e-01,9.999992251396179199e-01,9.999950528144836426e-01,-9.999992847442626953e-01,9.999992251396179199e-01,-9.999958276748657227e-01,9.999879002571105957e-01,9.999993443489074707e-01,9.999991059303283691e-01,9.999989271163940430e-01,-9.999958276748657227e-01,9.999990463256835938e-01,9.999993443489074707e-01,-9.999991655349731445e-01,-9.999992847442626953e-01,-9.999989867210388184e-01,-9.999992847442626953e-01,-9.999957084655761719e-01,-9.999989271163940430e-01,-9.999989271163940430e-01,-9.999971985816955566e-01,9.999807476997375488e-01,9.999982714653015137e-01,9.999991059303283691e-01,-9.999991059303283691e-01,9.999993443489074707e-01,9.999991059303283691e-01,9.999972581863403320e-01,-9.999972581863403320e-01,-9.999993443489074707e-01,-9.999994635581970215e-01,-9.999974966049194336e-01,-9.999993443489074707e-01,9.999991059303283691e-01,-9.999992847442626953e-01,9.999986886978149414e-01,9.999949336051940918e-01,-9.999961256980895996e-01,-9.999852776527404785e-01,-9.999990463256835938e-01,9.999956488609313965e-01,9.999992847442626953e-01,-9.999966621398925781e-01,-9.999976754188537598e-01,9.999794960021972656e-01,9.999986290931701660e-01,-9.999993443489074707e-01,9.999986290931701660e-01,-9.999989867210388184e-01,-9.999935626983642578e-01,9.999886751174926758e-01,9.999994039535522461e-01,9.999904632568359375e-01,9.999653697013854980e-01,-9.999980330467224121e-01,9.999991059303283691e-01,-9.999891519546508789e-01,-9.999985694885253906e-01,9.999988675117492676e-01,-9.999988079071044922e-01,-9.999949932098388672e-01,9.999993443489074707e-01,-9.999993443489074707e-01,9.999974966049194336e-01,-9.999980926513671875e-01,9.999994039535522461e-01,-9.999628663063049316e-01,-1.495082974433898926e-01,9.999992251396179199e-01,9.999983310699462891e-01,-9.999866485595703125e-01,-9.999990463256835938e-01,-9.999963045120239258e-01,9.999991655349731445e-01,-9.999990463256835938e-01,9.999988675117492676e-01,-9.999989271163940430e-01,-9.999815821647644043e-01,9.999994039535522461e-01,-9.999986886978149414e-01,9.999993443489074707e-01,-9.999992251396179199e-01,-9.999969601631164551e-01,-9.999987483024597168e-01,-9.999993443489074707e-01,9.999977946281433105e-01,9.999991059303283691e-01,-9.999985694885253906e-01,-9.999931454658508301e-01,-9.999972581863403320e-01,9.999943971633911133e-01,-9.999974370002746582e-01
-9.999971389770507812e-01,9.999977350234985352e-01,9.999884963035583496e-01,-9.999966025352478027e-01,-9.999981522560119629e-01,9.999979138374328613e-01,-9.999931454658508301e-01,-9.999982714653015137e-01,9.999952316284179688e-01,-9.999967217445373535e-01,9.999977946281433105e-01,9.999981522560119629e-01,-9.999967813491821289e-01,-9.999974370002746582e-01,-9.999848604202270508e-01,-9.999943375587463379e-01,-9.999957084655761719e-01,9.999974370002746582e-01,-9.999887347221374512e-01,9.999984502792358398e-01,9.999982118606567383e-01,-9.999873042106628418e-01,-9.999975562095642090e-01,-9.999970793724060059e-01,-9.999809861183166504e-01,-9.999982714653015137e-01,9.999971389770507812e-01,9.999980330467224121e-01,-9.999806284904479980e-01,9.999930858612060547e-01,9.999873042106628418e-01,9.999972581863403320e-01,-9.999819993972778320e-01,-9.999939799308776855e-01,9.999962449073791504e-01,-9.997010231018066406e-01,-9.999982714653015137e-01,-9.999976158142089844e-01,-9.999862909317016602e-01,9.999979734420776367e-01,-9.999977350234985352e-01,9.999879598617553711e-01,-9.999649524688720703e-01,-9.999980926513671875e-01,-9.999971985816955566e-01,-9.999970197677612305e-01,9.999882578849792480e-01,-9.999973773956298828e-01,-9.999979734420776367e-01,9.999974966049194336e-01,9.999979138374328613e-01,9.999971389770507812e-01,9.999979734420776367e-01,9.999877214431762695e-01,9.999969005584716797e-01,9.999969005584716797e-01,9.999920129776000977e-01,-9.999446868896484375e-01,-9.999952316284179688e-01,-9.999973177909851074e-01,9.999972581863403320e-01,-9.999980926513671875e-01,-9.999972581863403320e-01,-9.999921917915344238e-01,9.999923110008239746e-01,9.999980330467224121e-01,9.999983906745910645e-01,9.999931454658508301e-01,9.999982118606567383e-01,-9.999976158142089844e-01,9.999979138374328613e-01,-9.999963641166687012e-01,-9.999856352806091309e-01,9.999889731407165527e-01,9.999576210975646973e-01,9.999971389770507812e-01,-9.999877810478210449e-01,-9.999978542327880859e-01,9.999905228614807129e-01,9.999936819076538086e-01,-9.999409914016723633e-01,-9.999960660934448242e-01,9.999980330467224121e-01,-9.999962449073791504e-01,9.999970793724060059e-01,9.999815821647644043e-01,-9.999676942825317383e-01,-9.999982118606567383e-01,-9.999724626541137695e-01,-9.999008178710937500e-01,9.999943971633911133e-01,-9.999971985816955566e-01,9.999690651893615723e-01,9.999961853027343750e-01,-9.999969005584716797e-01,9.999964833259582520e-01,9.999856352806091309e-01,-9.999982714653015137e-01,9.999979734420776367e-01,-9.999927282333374023e-01,9.999945163726806641e-01,-9.999980926513671875e-01,9.998932480812072754e-01,1.492975950241088867e-01,-9.999976158142089844e-01,-9.999954104423522949e-01,9.999615550041198730e-01,9.999971389770507812e-01,9.999897480010986328e-01,-9.999974370002746582e-01,9.999972581863403320e-01,-9.999970197677612305e-01,9.999971389770507812e-01,9.999470114707946777e-01,-9.999983310699462891e-01,9.999963045120239258e-01,-9.999982118606567383e-01,9.999973177909851074e-01,9.999914169311523438e-01,9.999964237213134766e-01,9.999979138374328613e-01,-9.999938011169433594e-01,-9.999971985816955566e-01,9.999960064888000488e-01,9.999803900718688965e-01,9.999923110008239746e-01,-9.999840259552001953e-01,9.999927878379821777e-01
9.999979734420776367e-01,-9.999984502792358398e-01,-9.999920725822448730e-01,9.999977350234985352e-01,9.999986290931701660e-01,-9.999985694885253906e-01,9.999952912330627441e-01,9.999988675117492676e-01,-9.999967217445373535e-01,9.999977350234985352e-01,-9.999985098838806152e-01,-9.999986886978149414e-01,9.999977946281433105e-01,9.999982118606567383e-01,9.999895691871643066e-01,9.999960660934448242e-01,9.999969601631164551e-01,-9.999982118606567383e-01,9.999923706054687500e-01,-9.999989271163940430e-01,-9.999988079071044922e-01,9.999912381172180176e-01,9.999983310699462891e-01,9.999979734420776367e-01,9.999869465827941895e-01,9.999988675117492676e-01,-9.999980330467224121e-01,-9.999986886978149414e-01,9.999867081642150879e-01,-9.999951720237731934e-01,-9.999912381172180176e-01,-9.999980926513671875e-01,9.999876022338867188e-01,9.999959468841552734e-01,-9.999973177909851074e-01,9.997943639755249023e-01,9.999987483024597168e-01,9.999983310699462891e-01,9.999904632568359375e-01,-9.999986290931701660e-01,9.999984502792358398e-01,-9.999917149543762207e-01,9.999760389328002930e-01,9.999986886978149414e-01,9.999980926513671875e-01,9.999978542327880859e-01,-9.999919533729553223e-01,9.999982118606567383e-01,9.999985694885253906e-01,-9.999982714653015137e-01,-9.999985694885253906e-01,-9.999979734420776367e-01,-9.999986886978149414e-01,-9.999916553497314453e-01,-9.999979138374328613e-01,-9.999978542327880859e-01,-9.999945163726806641e-01,9.999619126319885254e-01,9.999966025352478027e-01,9.999981522560119629e-01,-9.999981522560119629e-01,9.999986886978149414e-01,9.999980926513671875e-01,9.999946355819702148e-01,-9.999946951866149902e-01,-9.999985694885253906e-01,-9.999988675117492676e-01,-9.999952316284179688e-01,-9.999986886978149414e-01,9.999983906745910645e-01,-9.999985694885253906e-01,9.999974370002746582e-01,9.999900460243225098e-01,-9.999924302101135254e-01,-9.999709129333496094e-01,-9.999980330467224121e-01,9.999915957450866699e-01,9.999985098838806152e-01,-9.999935030937194824e-01,-9.999956488609313965e-01,9.999594092369079590e-01,9.999972581863403320e-01,-9.999986290931701660e-01,9.999974370002746582e-01,-9.999979734420776367e-01,-9.999873638153076172e-01,9.999777078628540039e-01,9.999987483024597168e-01,9.999811649322509766e-01,9.999317526817321777e-01,-9.999960660934448242e-01,9.999980926513671875e-01,-9.999787211418151855e-01,-9.999972581863403320e-01,9.999979138374328613e-01,-9.999974966049194336e-01,-9.999901056289672852e-01,9.999987483024597168e-01,-9.999986290931701660e-01,9.999949932098388672e-01,-9.999962449073791504e-01,9.999986886978149414e-01,-9.999265670776367188e-01,-1.493984609842300415e-01,9.999983906745910645e-01,9.999967813491821289e-01,-9.999735951423645020e-01,-9.999979138374328613e-01,-9.999928474426269531e-01,9.999982714653015137e-01,-9.999980330467224121e-01,9.999979734420776367e-01,-9.999980330467224121e-01,-9.999635815620422363e-01,9.999988675117492676e-01,-9.999974966049194336e-01,9.999986886978149414e-01,-9.999980926513671875e-01,-9.999940991401672363e-01,-9.999975562095642090e-01,-9.999985694885253906e-01,9.999957680702209473e-01,9.999980926513671875e-01,-9.999971985816955566e-01,-9.999865293502807617e-01,-9.999946951866149902e-01,9.999889731407165527e-01,-9.999951124191284180e-01
-9.999987483024597168e-01,9.999989867210388184e-01,9.999948143959045410e-01,-9.999985098838806152e-01,-9.999992251396179199e-01,9.999991059303283691e-01,-9.999968409538269043e-01,-9.999992847442626953e-01,9.999977946281433105e-01,-9.999985098838806152e-01,9.999989867210388184e-01,9.999992251396179199e-01,-9.999985098838806152e-01,-9.999989271163940430e-01,-9.999931454658508301e-01,-9.999973773956298828e-01,-9.999980330467224121e-01,9.999987483024597168e-01,-9.999949336051940918e-01,9.999993443489074707e-01,9.999992251396179199e-01,-9.999942779541015625e-01,-9.999989271163940430e-01,-9.999986886978149414e-01,-9.999914169311523438e-01,-9.999993443489074707e-01,9.999986886978149414e-01,9.999992251396179199e-01,-9.999912977218627930e-01,9.999968409538269043e-01,9.999942779541015625e-01,9.999986886978149414e-01,-9.999918341636657715e-01,-9.999972581863403320e-01,9.999982714653015137e-01,-9.998648762702941895e-01,-9.999991655349731445e-01,-9.999989271163940430e-01,-9.999936819076538086e-01,9.999991059303283691e-01,-9.999989867210388184e-01,9.999945759773254395e-01,-9.999842047691345215e-01,-9.999991059303283691e-01,-9.999986886978149414e-01,-9.999986290931701660e-01,9.999945759773254395e-01,-9.999988079071044922e-01,-9.999991059303283691e-01,9.999988675117492676e-01,9.999991059303283691e-01,9.999986886978149414e-01,9.999991059303283691e-01,9.999945163726806641e-01,9.999985694885253906e-01,9.999985694885253906e-01,9.999963641166687012e-01,-9.999750256538391113e-01,-9.999977946281433105e-01,-9.999988079071044922e-01,9.999987483024597168e-01,-9.999992251396179199e-01,-9.999988675117492676e-01,-9.999964237213134766e-01,9.999964833259582520e-01,9.999991655349731445e-01,9.999992847442626953e-01,9.999968409538269043e-01,9.999992251396179199e-01,-9.999989271163940430e-01,9.999991059303283691e-01,-9.999983906745910645e-01,-9.999934434890747070e-01,9.999949932098388672e-01,9.999808669090270996e-01,9.999986886978149414e-01,-9.999944567680358887e-01,-9.999991059303283691e-01,9.999957084655761719e-01,9.999970793724060059e-01,-9.999733567237854004e-01,-9.999981522560119629e-01,9.999992847442626953e-01,-9.999983310699462891e-01,9.999986886978149414e-01,9.999916553497314453e-01,-9.999852776527404785e-01,-9.999992251396179199e-01,-9.999875426292419434e-01,-9.999551177024841309e-01,9.999974966049194336e-01,-9.999987483024597168e-01,9.999860525131225586e-01,9.999982714653015137e-01,-9.999986290931701660e-01,9.999983906745910645e-01,9.999935030937194824e-01,-9.999991655349731445e-01,9.999991655349731445e-01,-9.999966621398925781e-01,9.999974370002746582e-01,-9.999991655349731445e-01,9.999517202377319336e-01,1.494747847318649292e-01,-9.999988675117492676e-01,-9.999978542327880859e-01,9.999826550483703613e-01,9.999986290931701660e-01,9.999952912330627441e-01,-9.999988675117492676e-01,9.999988079071044922e-01,-9.999986290931701660e-01,9.999986886978149414e-01,9.999760985374450684e-01,-9.999992847442626953e-01,9.999984502792358398e-01,-9.999992251396179199e-01,9.999987483024597168e-01,9.999960660934448242e-01,9.999983906745910645e-01,9.999991059303283691e-01,-9.999971389770507812e-01,-9.999987483024597168e-01,9.999981522560119629e-01,9.999911785125732422e-01,9.999964833259582520e-01,-9.999927282333374023e-01,9.999966621398925781e-01
-9.999989867210388184e-01,9.999992847442626953e-01,9.999954700469970703e-01,-9.999987483024597168e-01,-9.999994039535522461e-01,9.999992251396179199e-01,-9.999973177909851074e-01,-9.999994039535522461e-01,9.999981522560119629e-01,-9.999986886978149414e-01,9.999992251396179199e-01,9.999994039535522461e-01,-9.999987483024597168e-01,-9.999990463256835938e-01,-9.999941587448120117e-01,-9.999977946281433105e-01,-9.999983906745910645e-01,9.999990463256835938e-01,-9.999956488609313965e-01,9.999994635581970215e-01,9.999994039535522461e-01,-9.999950528144836426e-01,-9.999991059303283691e-01,-9.999989271163940430e-01,-9.999925494194030762e-01,-9.999994635581970215e-01,9.999988675117492676e-01,9.999994039535522461e-01,-9.999925494194030762e-01,9.999973177909851074e-01,9.999950528144836426e-01,9.999989867210388184e-01,-9.999930262565612793e-01,-9.999977350234985352e-01,9.999985694885253906e-01,-9.998827576637268066e-01,-9.999993443489074707e-01,-9.999991059303283691e-01,-9.999946355819702148e-01,9.999992847442626953e-01,-9.999992847442626953e-01,9.999953508377075195e-01,-9.999862909317016602e-01,-9.999992847442626953e-01,-9.999989867210388184e-01,-9.999989271163940430e-01,9.999953508377075195e-01,-9.999990463256835938e-01,-9.999993443489074707e-01,9.999991059303283691e-01,9.999993443489074707e-01,9.999989271163940430e-01,9.999992251396179199e-01,9.999952316284179688e-01,9.999988675117492676e-01,9.999988675117492676e-01,9.999968409538269043e-01,-9.999784231185913086e-01,-9.999981522560119629e-01,-9.999989867210388184e-01,9.999989867210388184e-01,-9.999994039535522461e-01,-9.999989867210388184e-01,-9.999969005584716797e-01,9.999970197677612305e-01,9.999992847442626953e-01,9.999994039535522461e-01,9.999972581863403320e-01,9.999994039535522461e-01,-9.999992251396179199e-01,9.999992251396179199e-01,-9.999986886978149414e-01,-9.999943971633911133e-01,9.999957680702209473e-01,9.999834299087524414e-01,9.999988675117492676e-01,-9.999952316284179688e-01,-9.999992847442626953e-01,9.999963641166687012e-01,9.999974966049194336e-01,-9.999769330024719238e-01,-9.999984502792358398e-01,9.999993443489074707e-01,-9.999985694885253906e-01,9.999989271163940430e-01,9.999929070472717285e-01,-9.999874234199523926e-01,-9.999993443489074707e-01,-9.999893903732299805e-01,-9.999611377716064453e-01,9.999977946281433105e-01,-9.999989867210388184e-01,9.999879002571105957e-01,9.999985098838806152e-01,-9.999988675117492676e-01,9.999986886978149414e-01,9.999944567680358887e-01,-9.999993443489074707e-01,9.999993443489074707e-01,-9.999971985816955566e-01,9.999978542327880859e-01,-9.999993443489074707e-01,9.999582171440124512e-01,1.494942158460617065e-01,-9.999991655349731445e-01,-9.999982118606567383e-01,9.999850988388061523e-01,9.999988675117492676e-01,9.999960660934448242e-01,-9.999990463256835938e-01,9.999989271163940430e-01,-9.999988675117492676e-01,9.999989271163940430e-01,9.999792575836181641e-01,-9.999994635581970215e-01,9.999986290931701660e-01,-9.999993443489074707e-01,9.999990463256835938e-01,9.999966621398925781e-01,9.999986290931701660e-01,9.999993443489074707e-01,-9.999974966049194336e-01,-9.999989867210388184e-01,9.999985098838806152e-01,9.999924302101135254e-01,9.999970197677612305e-01,-9.999938011169433594e-01,9.999971985816955566e-01
