4.175140261650085449e-01,-8.375645615160465240e-03,8.730293810367584229e-02,-1.448405683040618896e-01,2.533623874187469482e-01,-3.239857852458953857e-01,4.669274389743804932e-02,3.814367353916168213e-01,1.551433652639389038e-01,2.285150624811649323e-02,-2.058954238891601562e-01,-1.495037525892257690e-01,-1.794869899749755859e-01,1.761990971863269806e-02,4.840336740016937256e-02,2.188880443572998047e-01,8.942450396716594696e-03,-1.401998400688171387e-01,7.355019450187683105e-02,-1.273666620254516602e-01,-2.241507321596145630e-01,-1.459642797708511353e-01,-1.396547555923461914e-01,9.459636360406875610e-02,2.767476998269557953e-02,1.465414166450500488e-01,-2.426469884812831879e-02,-2.516878247261047363e-01,9.912799112498760223e-03,-7.870408147573471069e-02,-1.415522098541259766e-01,-1.081513538956642151e-01,-8.338496834039688110e-02,1.282504498958587646e-01,-1.212247181683778763e-02,-5.382262915372848511e-02,5.702122300863265991e-02,3.956692293286323547e-02,-1.984968930482864380e-01,-2.751809656620025635e-01,1.382164955139160156e-01,1.811004430055618286e-01,-1.429725438356399536e-01,1.089712511748075485e-02,-2.822598908096551895e-03,1.327300220727920532e-01,-1.095198839902877808e-02,-2.903193794190883636e-02,2.097688317298889160e-01,-1.952082216739654541e-01,-2.706018388271331787e-01,-1.609506905078887939e-01,2.598489522933959961e-01,-3.592594526708126068e-03,5.551963672041893005e-02,-1.176353022456169128e-01,1.868516653776168823e-01,2.832906786352396011e-03,8.895255625247955322e-02,8.525759726762771606e-02,-1.536862701177597046e-01,1.563046425580978394e-01,-2.886858303099870682e-03,2.422390580177307129e-01,1.603446155786514282e-01,-2.371431700885295868e-02,-3.516028523445129395e-01,8.754482120275497437e-02,-6.094610691070556641e-02,2.306242287158966064e-01,-1.929143965244293213e-01,2.370645403861999512e-01,-1.060110479593276978e-01,1.371706649661064148e-02,-1.152116060256958008e-01,-9.654723107814788818e-02,1.121660461649298668e-03,2.565640397369861603e-02,3.638933598995208740e-02,-7.661263644695281982e-02,1.012255251407623291e-01,6.831128848716616631e-05,-1.587540656328201294e-01,-3.297457878943532705e-04,-2.534826397895812988e-01,5.230430886149406433e-02,1.932945847511291504e-01,1.611639978364109993e-03,-4.922772198915481567e-02,1.644412577152252197e-01,-1.800088435411453247e-01,2.712106108665466309e-01,1.103009730577468872e-01,-1.241843104362487793e-01,-9.267584234476089478e-02,-2.360159605741500854e-01,-3.451925143599510193e-02,-1.226144104293780401e-05,-1.731669902801513672e-01,6.840293854475021362e-02,-2.906763255596160889e-01,3.246546387672424316e-01,-8.172307908535003662e-02,-1.154851168394088745e-01,-5.119879171252250671e-02,1.895927190780639648e-01,8.994589000940322876e-02,1.394594758749008179e-01,-3.877840042114257812e-01,3.514158539474010468e-03,8.101707696914672852e-02,1.157411858439445496e-01,1.000476256012916565e-02,1.355254501104354858e-01,3.828446194529533386e-02,-8.084944635629653931e-02,2.355329096317291260e-01,-9.279684722423553467e-02,-1.670351624488830566e-01,-2.566285990178585052e-02,-1.201918274164199829e-01,1.105261370539665222e-01,1.190090328454971313e-01,2.543292939662933350e-01,-1.660900413990020752e-01,6.164628267288208008e-02,5.694418027997016907e-02,2.845395170152187347e-02
-8.375645615160465240e-03,9.460765868425369263e-03,-8.916278928518295288e-02,7.659734040498733521e-02,4.835866019129753113e-02,1.417200453579425812e-02,-3.830791683867573738e-03,1.236036326736211777e-02,5.547937378287315369e-02,6.689066439867019653e-02,-3.201359650120139122e-03,-4.074247181415557861e-02,7.754195481538772583e-02,7.245194166898727417e-02,7.572133094072341919e-02,7.641578465700149536e-02,-3.035834990441799164e-03,7.583904266357421875e-02,-8.707537502050399780e-02,-5.207964032888412476e-02,-3.382596001029014587e-02,7.561349868774414062e-02,7.244119048118591309e-02,-2.054615132510662079e-02,1.093241851776838303e-02,6.680037081241607666e-02,-7.657478749752044678e-02,-3.304751962423324585e-02,7.822119444608688354e-02,-2.487074397504329681e-02,2.711421810090541840e-02,-8.629225939512252808e-02,7.056411355733871460e-02,5.626397952437400818e-02,-1.243668724782764912e-03,-8.480294048786163330e-02,6.770871579647064209e-02,7.665400952100753784e-02,-5.612263083457946777e-02,-5.275728926062583923e-02,7.457081228494644165e-02,3.602371318265795708e-03,8.786107599735260010e-02,3.016724996268749237e-02,-2.128469757735729218e-03,-8.189907670021057129e-02,-8.377501368522644043e-02,-2.214624546468257904e-02,-2.280764654278755188e-02,2.010359195992350578e-03,1.620748825371265411e-02,-4.901160486042499542e-03,4.731595143675804138e-02,-7.373018306680023670e-04,-3.329848125576972961e-02,-8.574547618627548218e-02,4.212218895554542542e-02,3.311206586658954620e-03,-8.451368659734725952e-02,-7.477740943431854248e-02,1.369712222367525101e-02,-1.980120688676834106e-02,2.359190722927451134e-03,1.656934805214405060e-02,-2.909123664721846581e-03,-2.922227047383785248e-02,5.363763496279716492e-02,8.338206261396408081e-02,-8.201719075441360474e-02,1.482101902365684509e-02,-6.409058719873428345e-02,-3.717955946922302246e-02,-3.600354120135307312e-02,7.648514211177825928e-02,-1.525078900158405304e-02,-8.388684689998626709e-02,-3.857595729641616344e-04,8.582049608230590820e-02,-2.840223908424377441e-02,-7.575148344039916992e-02,8.203376084566116333e-02,6.866876356070861220e-05,-6.875162571668624878e-02,-3.999799664597958326e-04,-7.528829574584960938e-02,-8.098373562097549438e-02,3.606134280562400818e-02,7.033875444903969765e-04,7.176585495471954346e-02,5.766497924923896790e-02,-4.658929072320461273e-03,-5.645750090479850769e-02,-7.888966053724288940e-02,3.626357764005661011e-02,-7.705741375684738159e-02,1.936688646674156189e-02,6.210482493042945862e-02,4.168547320659854449e-07,-5.030599609017372131e-02,7.154099643230438232e-02,-2.094095945358276367e-02,2.773767337203025818e-02,-8.273003995418548584e-02,-7.332270592451095581e-02,9.660375863313674927e-02,-4.766251076944172382e-04,-8.631598949432373047e-02,-8.928447961807250977e-02,9.733725339174270630e-03,-1.069135381840169430e-03,5.791480466723442078e-02,-7.363692671060562134e-02,-8.093199133872985840e-02,-8.381258696317672729e-03,8.486723154783248901e-02,-7.585544139146804810e-02,3.488324955105781555e-02,3.974256291985511780e-02,-7.569247484207153320e-02,5.890841037034988403e-02,8.127543330192565918e-02,6.977141648530960083e-02,6.741870194673538208e-02,-6.720250844955444336e-02,-3.402539715170860291e-02,-6.543086469173431396e-02,-1.127154380083084106e-02,7.094204425811767578e-02
8.730293810367584229e-02,-8.916278928518295288e-02,8.352343440055847168e-01,-7.521911263465881348e-01,-5.216672420501708984e-01,-1.761532723903656006e-01,1.300511788576841354e-02,-2.147094458341598511e-01,-5.161272883415222168e-01,-6.909646987915039062e-01,4.379957541823387146e-02,4.833025336265563965e-01,-7.078729867935180664e-01,-7.216283679008483887e-01,-7.595144510269165039e-01,-7.112731337547302246e-01,3.064675815403461456e-02,-7.083554267883300781e-01,8.032902479171752930e-01,5.777819752693176270e-01,2.943143844604492188e-01,-7.589191198348999023e-01,-7.358035445213317871e-01,2.326731383800506592e-01,-1.215851306915283203e-01,-6.324340701103210449e-01,7.499369978904724121e-01,3.454822301864624023e-01,-7.790356278419494629e-01,2.895841598510742188e-01,-2.724115550518035889e-01,7.811217308044433594e-01,-6.402915716171264648e-01,-6.360083222389221191e-01,2.119738236069679260e-02,7.859115600585937500e-01,-6.993398666381835938e-01,-7.651070952415466309e-01,5.618028044700622559e-01,5.573835372924804688e-01,-7.032119035720825195e-01,-4.036340862512588501e-02,-8.105894923210144043e-01,-3.396268784999847412e-01,-6.975544989109039307e-02,7.894064784049987793e-01,8.120545148849487305e-01,2.368511408567428589e-01,2.402746826410293579e-01,1.225350275635719299e-01,-1.269752681255340576e-01,1.635307222604751587e-01,-4.805088937282562256e-01,5.211475305259227753e-03,3.850398361682891846e-01,8.101627230644226074e-01,-5.093927383422851562e-01,-3.845691308379173279e-02,7.787968516349792480e-01,7.294702529907226562e-01,-1.444809138774871826e-01,2.063013315200805664e-01,-2.313043549656867981e-02,-1.510522067546844482e-01,4.552130028605461121e-02,3.157523572444915771e-01,-4.692600965499877930e-01,-7.820354700088500977e-01,7.803900837898254395e-01,-1.876688152551651001e-01,6.744580864906311035e-01,4.260122179985046387e-01,3.783218860626220703e-01,-7.684808969497680664e-01,6.632965803146362305e-02,7.880675196647644043e-01,3.906140103936195374e-03,-8.241871595382690430e-01,2.732531130313873291e-01,7.481132149696350098e-01,-7.812233567237854004e-01,-8.062705746851861477e-04,7.092851400375366211e-01,5.869244225323200226e-03,7.077802419662475586e-01,7.940281033515930176e-01,-4.301955103874206543e-01,-8.355490863323211670e-03,-6.872760057449340820e-01,-6.364459991455078125e-01,6.238199397921562195e-02,4.701502919197082520e-01,7.338767051696777344e-01,-3.566415905952453613e-01,7.467702627182006836e-01,-1.856045722961425781e-01,-6.445347666740417480e-01,-1.895934360618412029e-06,5.497057437896728516e-01,-6.862704753875732422e-01,3.336085975170135498e-01,-3.200995028018951416e-01,7.826620340347290039e-01,7.360111474990844727e-01,-8.564050793647766113e-01,-6.823584437370300293e-02,7.386880517005920410e-01,8.110956549644470215e-01,-6.963395327329635620e-02,6.734807975590229034e-03,-5.601083636283874512e-01,7.251144647598266602e-01,7.852709293365478516e-01,-1.124023552983999252e-02,-8.189785480499267578e-01,7.411310076713562012e-01,-3.871754705905914307e-01,-4.558565616607666016e-01,7.481337785720825195e-01,-6.143875122070312500e-01,-7.719317078590393066e-01,-6.819437742233276367e-01,-6.753666996955871582e-01,6.259649991989135742e-01,4.457350969314575195e-01,6.687642335891723633e-01,9.913586080074310303e-02,-7.286610007286071777e-01
-1.448405683040618896e-01,7.659734040498733521e-02,-7.521911263465881348e-01,7.853084206581115723e-01,3.398692607879638672e-01,2.549621760845184326e-01,1.006344391498714685e-04,4.059110581874847412e-02,4.742243885993957520e-01,6.094322800636291504e-01,-1.438905298709869385e-01,-3.738535940647125244e-01,5.527865290641784668e-01,6.811848878860473633e-01,6.713836789131164551e-01,5.071581006050109863e-01,-2.626503072679042816e-02,6.206008195877075195e-01,-7.761211395263671875e-01,-5.224794745445251465e-01,-3.724723160266876221e-01,7.135031819343566895e-01,6.874426007270812988e-01,-1.694104522466659546e-01,1.090880781412124634e-01,4.149991571903228760e-01,-6.210363507270812988e-01,-9.732642769813537598e-02,6.104751229286193848e-01,-1.195251271128654480e-01,2.078138291835784912e-01,-6.998608112335205078e-01,7.038434147834777832e-01,5.671295523643493652e-01,-3.462957218289375305e-03,-6.121979951858520508e-01,5.539313554763793945e-01,6.587959527969360352e-01,-3.079927861690521240e-01,-5.426415801048278809e-01,6.388638615608215332e-01,1.108558624982833862e-01,7.140783071517944336e-01,2.820102274417877197e-01,-8.258374035358428955e-02,-6.513778567314147949e-01,-7.554350495338439941e-01,-2.063986659049987793e-01,-1.543875485658645630e-01,-4.298941045999526978e-02,1.513730287551879883e-01,2.816573902964591980e-02,4.996420443058013916e-01,-4.434134811162948608e-02,-2.063682079315185547e-01,-6.690028905868530273e-01,4.919851720333099365e-01,3.067983686923980713e-02,-7.003138065338134766e-01,-7.493090033531188965e-01,6.626044958829879761e-02,-1.097502857446670532e-01,2.587125077843666077e-02,7.717780768871307373e-02,-2.627341449260711670e-02,-2.696435153484344482e-01,3.734184503555297852e-01,6.140900850296020508e-01,-6.692810654640197754e-01,-4.463696479797363281e-02,-5.321689248085021973e-01,-2.388795763254165649e-01,-4.304944872856140137e-01,6.749256253242492676e-01,-1.580606251955032349e-01,-6.786338090896606445e-01,-2.263339702039957047e-03,6.944609284400939941e-01,-4.419924616813659668e-01,-6.321493387222290039e-01,7.454075813293457031e-01,6.742461700923740864e-04,-5.647648572921752930e-01,-1.010082662105560303e-03,-5.754761099815368652e-01,-6.717902421951293945e-01,2.189018875360488892e-01,4.308714531362056732e-03,5.446877479553222656e-01,5.174040198326110840e-01,-8.965095877647399902e-02,-5.675235390663146973e-01,-7.417098283767700195e-01,4.217331111431121826e-01,-6.844535470008850098e-01,2.510392367839813232e-01,5.182563662528991699e-01,1.447005502086540218e-06,-3.488528430461883545e-01,5.466316342353820801e-01,-2.087496221065521240e-01,9.011226147413253784e-02,-7.253510951995849609e-01,-5.925211906433105469e-01,7.944378852844238281e-01,2.407477945089340210e-01,-7.999728322029113770e-01,-6.918938755989074707e-01,2.330271154642105103e-01,-1.492021419107913971e-02,5.697602629661560059e-01,-7.424830198287963867e-01,-7.331416010856628418e-01,1.319337636232376099e-01,7.062655687332153320e-01,-6.554456353187561035e-01,1.459178179502487183e-01,3.918997645378112793e-01,-6.199420690536499023e-01,6.326362490653991699e-01,6.499456763267517090e-01,6.569010019302368164e-01,6.212691664695739746e-01,-5.900427699089050293e-01,-4.110364317893981934e-01,-6.525985002517700195e-01,-9.591133892536163330e-02,6.444454193115234375e-01
2.533623874187469482e-01,4.835866019129753113e-02,-5.216672420501708984e-01,3.398692607879638672e-01,6.290085911750793457e-01,-1.763768494129180908e-01,1.492411829531192780e-02,5.564721822738647461e-01,3.759912848472595215e-01,4.427523910999298096e-01,-7.793999463319778442e-02,-4.557536244392395020e-01,4.426503479480743408e-01,4.417670369148254395e-01,5.491483807563781738e-01,7.766363620758056641e-01,-1.337199937552213669e-02,4.142901599407196045e-01,-4.686819911003112793e-01,-4.202412962913513184e-01,-1.835113763809204102e-01,3.883965015411376953e-01,3.585579693317413330e-01,-1.212889999151229858e-01,9.060227125883102417e-02,6.601859331130981445e-01,-5.535189509391784668e-01,-5.754944682121276855e-01,6.623658537864685059e-01,-3.383249044418334961e-01,9.804889559745788574e-02,-6.034336686134338379e-01,2.472517043352127075e-01,5.085508227348327637e-01,-3.620466589927673340e-02,-6.681373119354248047e-01,5.548558831214904785e-01,5.695186257362365723e-01,-7.434154748916625977e-01,-5.004462003707885742e-01,5.564861297607421875e-01,6.886074692010879517e-02,4.790814518928527832e-01,2.365585267543792725e-01,1.910549700260162354e-01,-5.133113265037536621e-01,-5.611135959625244141e-01,-1.835839152336120605e-01,-7.975705713033676147e-02,-2.647750675678253174e-01,-1.370526999235153198e-01,-3.845860064029693604e-01,4.066652655601501465e-01,2.241579815745353699e-02,-3.387592136859893799e-01,-7.172318696975708008e-01,4.244191348552703857e-01,3.015456721186637878e-02,-4.612534046173095703e-01,-3.623754680156707764e-01,5.628387257456779480e-02,-1.216237992048263550e-01,6.689869333058595657e-03,2.792135477066040039e-01,6.559634953737258911e-02,-2.226370871067047119e-01,1.231549531221389771e-01,6.848800778388977051e-01,-5.891023874282836914e-01,4.602012932300567627e-01,-6.642426848411560059e-01,-2.647386789321899414e-01,-1.935056895017623901e-01,5.531059503555297852e-01,-1.908044517040252686e-02,-6.353764533996582031e-01,-2.699962351471185684e-03,6.514501571655273438e-01,9.448132477700710297e-03,-5.917555689811706543e-01,5.808290243148803711e-01,5.897939554415643215e-04,-6.434177160263061523e-01,-7.390869315713644028e-03,-7.238996028900146484e-01,-5.551571249961853027e-01,5.290621519088745117e-01,9.427140466868877411e-03,4.583857357501983643e-01,5.795679092407226562e-01,-1.410883218050003052e-01,1.672067493200302124e-02,-3.420294225215911865e-01,2.669906057417392731e-02,-5.630079507827758789e-01,-1.153824329376220703e-01,4.619231820106506348e-01,-6.808199941588100046e-06,-5.923478603363037109e-01,5.832912921905517578e-01,-4.857175052165985107e-01,5.969187617301940918e-01,-5.870941281318664551e-01,-6.473931074142456055e-01,5.608699917793273926e-01,2.852746658027172089e-02,-3.327414691448211670e-01,-5.318323969841003418e-01,-3.656033575534820557e-01,9.303702972829341888e-03,3.202831745147705078e-01,-3.199118077754974365e-01,-5.232698917388916016e-01,-1.814279332756996155e-02,6.524025797843933105e-01,-5.489306449890136719e-01,5.739505290985107422e-01,2.618803977966308594e-01,-6.855662465095520020e-01,2.862142026424407959e-01,5.055800676345825195e-01,4.732820093631744385e-01,4.813624024391174316e-01,-2.061591744422912598e-01,-3.743500113487243652e-01,-3.221186697483062744e-01,-1.749182119965553284e-02,4.972972273826599121e-01
-3.239857852458953857e-01,1.417200453579425812e-02,-1.761532723903656006e-01,2.549621760845184326e-01,-1.763768494129180908e-01,3.243180513381958008e-01,-1.018457487225532532e-02,-3.082371354103088379e-01,-6.274232268333435059e-02,7.112079858779907227e-02,7.920767366886138916e-02,7.573014497756958008e-02,1.557220965623855591e-01,1.089629307389259338e-01,7.434503734111785889e-02,-1.405017971992492676e-01,-9.639906696975231171e-03,1.542564034461975098e-01,-1.773098260164260864e-01,-1.648643426597118378e-02,5.369572341442108154e-02,2.107993215322494507e-01,2.120308429002761841e-01,-6.815862655639648438e-02,-4.068253561854362488e-03,-1.249532848596572876e-01,-7.124359160661697388e-02,2.437423318624496460e-01,5.652083456516265869e-02,6.015172600746154785e-02,1.219058558344841003e-01,-3.283075988292694092e-02,2.014746814966201782e-01,2.494177035987377167e-02,1.272212527692317963e-02,-1.001061685383319855e-02,4.214572720229625702e-03,5.138323456048965454e-02,1.835347115993499756e-01,6.916151940822601318e-02,-2.539145387709140778e-02,-7.246035337448120117e-02,1.963661015033721924e-01,2.955568395555019379e-02,-5.050637945532798767e-02,-1.737886816263198853e-01,-1.123122498393058777e-01,3.440356231294572353e-04,-1.481676548719406128e-01,1.276381611824035645e-01,2.214477807283401489e-01,1.472546458244323730e-01,-7.826285064220428467e-02,-1.018887571990489960e-02,-2.137062512338161469e-02,-6.140678655356168747e-03,-5.150334909558296204e-02,6.968923262320458889e-04,-1.528213024139404297e-01,-1.871483474969863892e-01,8.847279101610183716e-02,-8.074269443750381470e-02,7.708844263106584549e-03,-1.789760440587997437e-01,-1.250824034214019775e-01,-1.180890481919050217e-02,2.607771158218383789e-01,-7.238926831632852554e-03,-3.821253031492233276e-02,-2.368023395538330078e-01,8.211427181959152222e-02,-1.783822029829025269e-01,-1.519908662885427475e-02,7.136579602956771851e-02,4.322655871510505676e-02,-2.089493721723556519e-02,-5.575719987973570824e-04,7.693968713283538818e-02,-1.396782696247100830e-01,-1.209315191954374313e-02,5.718567222356796265e-02,3.460943480604328215e-05,3.867113590240478516e-02,6.044245092198252678e-04,1.288898289203643799e-01,-1.145871952176094055e-01,-1.307072043418884277e-01,-1.853207126259803772e-03,7.335053384304046631e-02,-6.083598732948303223e-02,9.690175950527191162e-02,-3.055346310138702393e-01,-1.999874114990234375e-01,1.773463487625122070e-01,-2.477601170539855957e-02,2.194496691226959229e-01,8.321265131235122681e-02,6.922611646587029099e-06,1.183255463838577271e-01,-2.477134764194488525e-02,1.806861460208892822e-01,-2.826123535633087158e-01,-4.236225411295890808e-02,2.624581009149551392e-02,1.572398692369461060e-01,4.112746566534042358e-03,-2.276938706636428833e-01,-1.594231575727462769e-01,3.655840456485748291e-01,-7.361146621406078339e-03,5.237412080168724060e-02,-2.418511807918548584e-01,-1.066895648837089539e-01,-2.148649655282497406e-03,7.132932543754577637e-02,-3.476457297801971436e-02,-2.117453515529632568e-01,1.121443733572959900e-01,4.230773448944091797e-02,1.316725611686706543e-01,1.501231342554092407e-01,3.169578313827514648e-02,2.197934314608573914e-02,-2.514872848987579346e-01,2.321178838610649109e-02,-1.567313820123672485e-01,-5.452087521553039551e-02,7.466752827167510986e-02
4.669274389743804932e-02,-3.830791683867573738e-03,1.300511788576841354e-02,1.006344391498714685e-04,1.492411829531192780e-02,-1.018457487225532532e-02,3.435632213950157166e-02,4.224818199872970581e-02,-1.235793903470039368e-02,3.797668730840086937e-03,-5.662585422396659851e-02,-7.964529097080230713e-03,-5.485209077596664429e-02,-2.660034922882914543e-03,2.621064661070704460e-03,-7.989708334207534790e-03,1.672226819209754467e-03,-3.861455619335174561e-02,2.902208652812987566e-04,-3.266865015029907227e-02,-3.831545636057853699e-02,-2.111732400953769684e-02,-1.280355080962181091e-02,1.756417937576770782e-02,3.584162099286913872e-03,-2.341019548475742340e-02,8.118473924696445465e-03,7.102763745933771133e-03,-7.764137815684080124e-03,-3.465556073933839798e-03,-1.833834499120712280e-02,-1.733777462504804134e-03,5.174583289772272110e-03,3.282528743147850037e-02,2.191809762734919786e-04,2.379432506859302521e-02,-8.995606563985347748e-03,-2.337615471333265305e-03,1.070191711187362671e-02,-5.631283670663833618e-02,5.188803188502788544e-03,4.226585105061531067e-02,-3.129419684410095215e-02,9.639408090151846409e-04,-2.042722888290882111e-02,3.377550095319747925e-02,-6.068094633519649506e-03,9.189437841996550560e-04,4.528506845235824585e-02,-2.861594408750534058e-02,-2.840025350451469421e-02,-1.770645007491111755e-02,4.795764014124870300e-02,-3.236527845729142427e-04,2.481083571910858154e-02,-7.211398333311080933e-03,3.072628192603588104e-02,-2.336367469979450107e-04,2.071379125118255615e-02,4.713835194706916809e-03,-3.961276635527610779e-02,3.902000933885574341e-02,3.223219828214496374e-04,2.585775032639503479e-02,2.233670465648174286e-02,9.605094674043357372e-04,-7.132945954799652100e-02,-9.849217720329761505e-03,7.519600447267293930e-03,3.129599150270223618e-03,-2.236424386501312256e-02,4.450774192810058594e-02,-2.057153359055519104e-02,-9.979669936001300812e-03,-2.125006914138793945e-02,-8.132176473736763000e-03,4.881984787061810493e-04,-4.210415296256542206e-03,-2.212503179907798767e-02,4.733985755592584610e-03,2.068387530744075775e-02,3.929243121092440560e-06,-1.325046643614768982e-02,-8.260280446847900748e-05,-1.939214952290058136e-02,2.111398801207542419e-02,1.899848133325576782e-02,-3.460969892330467701e-04,-3.435447812080383301e-02,1.662684790790081024e-02,-4.019726440310478210e-02,2.614216133952140808e-02,1.214358489960432053e-02,-8.599008433520793915e-03,-1.169922947883605957e-02,-2.840035967528820038e-02,-8.777130395174026489e-03,-3.213900527043733746e-06,1.125423004850745201e-03,-1.214084215462207794e-02,-4.501132294535636902e-02,1.633871346712112427e-02,-3.013560548424720764e-03,-1.225302228704094887e-03,-4.703278653323650360e-03,8.243460953235626221e-02,-2.417993964627385139e-03,4.524914547801017761e-02,-2.439479716122150421e-02,-7.774290133966132998e-05,9.256688645109534264e-04,-8.852665312588214874e-03,1.102768629789352417e-02,6.850019842386245728e-02,1.407744013704359531e-03,-4.990662448108196259e-03,-4.497000481933355331e-03,-9.854348376393318176e-03,-1.709602773189544678e-02,3.975908737629652023e-03,-2.668308839201927185e-02,1.844900846481323242e-02,1.399628072977066040e-02,4.643174633383750916e-02,-3.815831616520881653e-02,2.971137175336480141e-03,7.113667204976081848e-03,5.870935041457414627e-03
3.814367353916168213e-01,1.236036326736211777e-02,-2.147094458341598511e-01,4.059110581874847412e-02,5.564721822738647461e-01,-3.082371354103088379e-01,4.224818199872970581e-02,6.762662529945373535e-01,1.952361315488815308e-01,2.144328057765960693e-01,-7.773237675428390503e-02,-3.834581673145294189e-01,1.638997644186019897e-01,2.019789218902587891e-01,3.258254528045654297e-01,6.203330755233764648e-01,-3.590481937862932682e-04,1.259979456663131714e-01,-1.499250084161758423e-01,-2.739647030830383301e-01,-6.080885604023933411e-02,1.118054836988449097e-01,7.579306513071060181e-02,-5.292399600148200989e-02,6.012166664004325867e-02,5.106751918792724609e-01,-3.265857398509979248e-01,-5.777637362480163574e-01,4.597333967685699463e-01,-3.039408326148986816e-01,-2.444475889205932617e-02,-3.504202961921691895e-01,-6.176032125949859619e-02,3.740063607692718506e-01,-4.216581955552101135e-02,-4.375225901603698730e-01,3.630878031253814697e-01,3.379721045494079590e-01,-6.806490421295166016e-01,-3.833754956722259521e-01,3.312187492847442627e-01,7.140702754259109497e-02,1.594405174255371094e-01,1.460671275854110718e-01,2.743309438228607178e-01,-2.442096769809722900e-01,-2.913991510868072510e-01,-1.181069165468215942e-01,2.480503730475902557e-02,-3.785001635551452637e-01,-2.759860455989837646e-01,-4.874007403850555420e-01,2.802471220493316650e-01,2.857371605932712555e-02,-2.654456198215484619e-01,-4.976180195808410645e-01,3.303830027580261230e-01,2.170372568070888519e-02,-1.454026997089385986e-01,-7.044997811317443848e-02,-7.110129576176404953e-03,-4.443566501140594482e-02,-4.188431426882743835e-03,2.657679021358489990e-01,1.019091904163360596e-01,-1.323959827423095703e-01,-1.381132006645202637e-01,4.608825147151947021e-01,-3.469368815422058105e-01,5.267792940139770508e-01,-5.319641232490539551e-01,-1.600938439369201660e-01,-6.054163724184036255e-02,3.246969878673553467e-01,7.656255364418029785e-02,-3.875761330127716064e-01,-1.439563580788671970e-03,4.093326926231384277e-01,1.714357584714889526e-01,-3.713404536247253418e-01,3.295503258705139160e-01,4.103444225620478392e-04,-4.825572669506072998e-01,-7.647219579666852951e-03,-5.487982034683227539e-01,-3.002446889877319336e-01,5.026690959930419922e-01,8.699008263647556305e-03,2.151279747486114502e-01,4.561390876770019531e-01,-1.532726138830184937e-01,3.405550420284271240e-01,-2.717566862702369690e-02,-1.602708101272583008e-01,-3.247865736484527588e-01,-2.641645669937133789e-01,2.573021054267883301e-01,-1.204906311613740399e-05,-5.163117051124572754e-01,3.729235231876373291e-01,-5.327085852622985840e-01,6.444963216781616211e-01,-3.383839726448059082e-01,-4.611639380455017090e-01,2.324613928794860840e-01,3.905486688017845154e-02,2.092698216438293457e-02,-2.249614596366882324e-01,-5.441194176673889160e-01,1.844321936368942261e-02,1.177985742688179016e-01,-3.210804238915443420e-02,-2.553271949291229248e-01,3.547620400786399841e-02,4.066887497901916504e-01,-3.169108033180236816e-01,5.729700326919555664e-01,1.256365478038787842e-01,-5.004271864891052246e-01,4.684845730662345886e-02,2.244144231081008911e-01,2.502460777759552002e-01,2.679065763950347900e-01,1.068603694438934326e-01,-3.160525560379028320e-01,-6.798262149095535278e-02,4.375796020030975342e-02,2.720055878162384033e-01
1.551433652639389038e-01,5.547937378287315369e-02,-5.161272883415222168e-01,4.742243885993957520e-01,3.759912848472595215e-01,-6.274232268333435059e-02,-1.235793903470039368e-02,1.952361315488815308e-01,5.777087211608886719e-01,4.926701188087463379e-01,-1.968995481729507446e-01,-3.844674825668334961e-01,3.069145083427429199e-01,5.739886164665222168e-01,5.630725026130676270e-01,5.708769559860229492e-01,-1.240696292370557785e-02,3.265360295772552490e-01,-5.582922697067260742e-01,-5.068909525871276855e-01,-5.235891938209533691e-01,4.648191928863525391e-01,4.053800106048583984e-01,-8.569753170013427734e-02,1.076075658202171326e-01,4.722081720829010010e-01,-5.524100065231323242e-01,-2.110038399696350098e-01,4.475032091140747070e-01,-1.257844269275665283e-01,4.433053359389305115e-02,-7.150157690048217773e-01,4.855066239833831787e-01,5.275704264640808105e-01,-8.247906342148780823e-03,-5.644128918647766113e-01,4.635416865348815918e-01,5.296356678009033203e-01,-3.316062688827514648e-01,-5.782093405723571777e-01,6.038944125175476074e-01,2.028784453868865967e-01,4.417449831962585449e-01,1.999364793300628662e-01,-9.347916394472122192e-02,-4.534118771553039551e-01,-5.643704533576965332e-01,-1.326711028814315796e-01,9.265831112861633301e-02,-1.976416260004043579e-01,-8.530694246292114258e-02,-9.325602091848850250e-03,5.765447616577148438e-01,-4.457702860236167908e-02,-6.542654335498809814e-02,-6.050832867622375488e-01,4.745317101478576660e-01,2.268607914447784424e-02,-4.902946949005126953e-01,-5.022267103195190430e-01,-7.887107878923416138e-02,8.759270608425140381e-02,1.828838884830474854e-02,2.555876970291137695e-01,1.196874007582664490e-01,-2.193270325660705566e-01,5.554234981536865234e-02,5.364718437194824219e-01,-6.072169542312622070e-01,9.611225128173828125e-02,-4.989137649536132812e-01,-6.802341435104608536e-03,-4.701595008373260498e-01,5.490701794624328613e-01,-1.846069693565368652e-01,-5.768578648567199707e-01,-1.003886573016643524e-03,5.636324882507324219e-01,-2.615090906620025635e-01,-5.767355561256408691e-01,6.542860865592956543e-01,5.608197534456849098e-04,-5.200643539428710938e-01,4.502526426222175360e-04,-5.979152321815490723e-01,-4.936977922916412354e-01,2.439501434564590454e-01,3.795012598857283592e-03,4.813645482063293457e-01,5.036697387695312500e-01,-1.379480808973312378e-01,-2.876358926296234131e-01,-5.223275423049926758e-01,3.099798858165740967e-01,-5.914018154144287109e-01,6.562893092632293701e-02,2.648455500602722168e-01,-4.941611678077606484e-06,-3.967279195785522461e-01,4.281323254108428955e-01,-3.195205330848693848e-01,3.035100102424621582e-01,-6.494396328926086426e-01,-5.341000556945800781e-01,6.384279131889343262e-01,1.949924230575561523e-01,-6.135040521621704102e-01,-4.568050503730773926e-01,-6.819210946559906006e-02,-1.771503873169422150e-02,6.105905175209045410e-01,-5.156463980674743652e-01,-5.596902966499328613e-01,2.290499061346054077e-01,5.137146711349487305e-01,-5.759889483451843262e-01,2.527441382408142090e-01,1.803554892539978027e-01,-5.706233382225036621e-01,4.623682200908660889e-01,3.832524716854095459e-01,6.065831184387207031e-01,5.672437548637390137e-01,-2.782699465751647949e-01,-4.446032345294952393e-01,-4.872339367866516113e-01,-1.453590579330921173e-02,4.959526360034942627e-01
2.285150624811649323e-02,6.689066439867019653e-02,-6.909646987915039062e-01,6.094322800636291504e-01,4.427523910999298096e-01,7.112079858779907227e-02,3.797668730840086937e-03,2.144328057765960693e-01,4.926701188087463379e-01,5.790172219276428223e-01,-1.014787927269935608e-01,-4.140310883522033691e-01,5.186460018157958984e-01,6.375720500946044922e-01,6.666149497032165527e-01,6.696218848228454590e-01,-2.084407582879066467e-02,5.042173266410827637e-01,-6.918010711669921875e-01,-5.388491749763488770e-01,-3.725563585758209229e-01,6.045838594436645508e-01,5.644493103027343750e-01,-1.647006273269653320e-01,1.087018251419067383e-01,5.623455643653869629e-01,-6.709166765213012695e-01,-2.824795842170715332e-01,6.568005681037902832e-01,-2.288779318332672119e-01,1.666374206542968750e-01,-7.655970454216003418e-01,5.404267907142639160e-01,5.994488596916198730e-01,-1.597096957266330719e-02,-7.020654678344726562e-01,5.732536315917968750e-01,6.470260620117187500e-01,-4.863503277301788330e-01,-5.605874657630920410e-01,6.291677951812744141e-01,1.052682548761367798e-01,6.375179886817932129e-01,2.620823979377746582e-01,1.224406342953443527e-02,-6.531938910484313965e-01,-6.967665553092956543e-01,-1.677852421998977661e-01,-7.469227910041809082e-02,-1.758282035589218140e-01,2.569457329809665680e-02,-1.191985383629798889e-01,5.051120519638061523e-01,-1.331563200801610947e-02,-2.365960776805877686e-01,-7.485765814781188965e-01,4.604170024394989014e-01,2.938110940158367157e-02,-6.319739818572998047e-01,-5.949242115020751953e-01,3.544553369283676147e-02,-6.185983121395111084e-02,1.909688487648963928e-02,1.974609643220901489e-01,2.491660043597221375e-02,-2.539810836315155029e-01,2.658848762512207031e-01,6.791967749595642090e-01,-6.994996666908264160e-01,1.560243517160415649e-01,-5.985465049743652344e-01,-2.659447789192199707e-01,-3.864166736602783203e-01,6.570381522178649902e-01,-9.083968400955200195e-02,-6.952267289161682129e-01,-2.399988006800413132e-03,7.286056280136108398e-01,-2.235581874847412109e-01,-6.634579896926879883e-01,7.295854091644287109e-01,6.608070107176899910e-04,-6.251144409179687500e-01,-3.662587609142065048e-03,-6.597036719322204590e-01,-6.543707251548767090e-01,3.513789772987365723e-01,6.047959905117750168e-03,5.830663442611694336e-01,5.647230744361877441e-01,-8.996008336544036865e-02,-3.536127209663391113e-01,-6.113768815994262695e-01,3.081691265106201172e-01,-6.646563410758972168e-01,1.138502210378646851e-01,4.495820701122283936e-01,-2.464366389176575467e-06,-4.746560454368591309e-01,5.464463829994201660e-01,-3.357925415039062500e-01,3.294574320316314697e-01,-7.153454422950744629e-01,-6.438671946525573730e-01,7.808150649070739746e-01,1.152833700180053711e-01,-6.773046255111694336e-01,-6.492767333984375000e-01,6.449168431572616100e-04,-1.051441766321659088e-02,5.575256347656250000e-01,-6.270646452903747559e-01,-6.617713570594787598e-01,1.303385496139526367e-01,6.906839609146118164e-01,-6.527056097984313965e-01,3.262629508972167969e-01,3.123612701892852783e-01,-6.761149764060974121e-01,5.024565458297729492e-01,5.907016396522521973e-01,6.252942681312561035e-01,6.032506823539733887e-01,-4.301658868789672852e-01,-4.438584446907043457e-01,-5.560839176177978516e-01,-5.361374467611312866e-02,6.048828959465026855e-01
-2.058954238891601562e-01,-3.201359650120139122e-03,4.379957541823387146e-02,-1.438905298709869385e-01,-7.793999463319778442e-02,7.920767366886138916e-02,-5.662585422396659851e-02,-7.773237675428390503e-02,-1.968995481729507446e-01,-1.014787927269935608e-01,3.161095678806304932e-01,8.364409208297729492e-02,1.640087217092514038e-01,-1.355529725551605225e-01,-1.065428107976913452e-01,-2.427523396909236908e-02,-3.860965836793184280e-03,3.892587870359420776e-02,1.402380764484405518e-01,1.822006255388259888e-01,3.732930421829223633e-01,-2.924922108650207520e-02,-3.366691246628761292e-02,-9.243805706501007080e-02,-3.735689073801040649e-02,4.406064748764038086e-02,2.953234687447547913e-02,-7.769492268562316895e-02,4.858173802495002747e-02,-8.031380921602249146e-02,1.109457388520240784e-01,1.655118167400360107e-01,-2.261915653944015503e-01,-1.585745066404342651e-01,-1.132308598607778549e-02,-2.281675301492214203e-02,-2.918683923780918121e-02,-8.379735052585601807e-02,-1.129012182354927063e-01,3.284251689910888672e-01,-2.094929665327072144e-01,-2.491222470998764038e-01,2.908037789165973663e-02,-2.121347934007644653e-02,2.234190255403518677e-01,-1.015857309103012085e-01,1.440398693084716797e-01,4.292678087949752808e-02,-2.201987504959106445e-01,3.597290441393852234e-02,1.236013248562812805e-01,-1.115501597523689270e-01,-3.593096137046813965e-01,5.564795061945915222e-02,-1.858687996864318848e-01,8.098652958869934082e-02,-2.401593774557113647e-01,-1.484587206505239010e-03,4.725411906838417053e-02,1.638603359460830688e-01,1.896018981933593750e-01,-1.976551264524459839e-01,-8.497004397213459015e-03,-1.457542330026626587e-01,-1.425479501485824585e-01,4.236576333642005920e-02,2.568308413028717041e-01,-2.551402151584625244e-02,8.467689901590347290e-02,8.960121870040893555e-02,1.182693094015121460e-01,-3.526632189750671387e-01,2.534596025943756104e-01,-6.952054798603057861e-02,2.565978169441223145e-01,1.335186660289764404e-01,-2.074062824249267578e-03,-3.598023205995559692e-02,2.822530567646026611e-01,8.933161199092864990e-02,-2.373055815696716309e-01,-7.881145575083792210e-05,8.931454271078109741e-02,-4.751231055706739426e-03,1.842294484376907349e-01,-1.224504504352807999e-02,2.392192371189594269e-02,2.208814723417162895e-03,4.624301567673683167e-02,-1.195248961448669434e-01,2.002903372049331665e-01,9.147850424051284790e-02,1.391570568084716797e-01,-1.015734001994132996e-01,1.853564381599426270e-01,3.490231558680534363e-02,1.402386650443077087e-02,9.621509889257140458e-06,-9.995072148740291595e-03,-4.663782939314842224e-02,1.207218021154403687e-01,8.042082190513610840e-03,1.833587288856506348e-01,7.192033529281616211e-02,-1.131521463394165039e-01,-4.020062088966369629e-01,2.539276480674743652e-01,-6.842632591724395752e-02,3.667329996824264526e-02,1.179961953312158585e-02,-2.184989601373672485e-01,1.476158946752548218e-01,1.275530755519866943e-01,-2.703856229782104492e-01,-7.485626637935638428e-02,1.462029814720153809e-01,7.781456410884857178e-02,3.040612488985061646e-02,1.344573348760604858e-01,-1.784966886043548584e-01,5.291287973523139954e-02,-2.384980320930480957e-01,-1.946713328361511230e-01,-5.454727262258529663e-02,1.855091005563735962e-01,1.222422048449516296e-01,-1.476384699344635010e-02,-1.066467836499214172e-01
-1.495037525892257690e-01,-4.074247181415557861e-02,4.833025336265563965e-01,-3.738535940647125244e-01,-4.557536244392395020e-01,7.573014497756958008e-02,-7.964529097080230713e-03,-3.834581673145294189e-01,-3.844674825668334961e-01,-4.140310883522033691e-01,8.364409208297729492e-02,4.042262732982635498e-01,-3.379214107990264893e-01,-4.812385439872741699e-01,-5.385560393333435059e-01,-6.661871075630187988e-01,1.048950012773275375e-02,-3.064448237419128418e-01,4.551950693130493164e-01,4.370840489864349365e-01,2.683342397212982178e-01,-4.093492031097412109e-01,-3.483023941516876221e-01,1.164814308285713196e-01,-8.933801203966140747e-02,-5.302538275718688965e-01,5.441238284111022949e-01,3.665250837802886963e-01,-5.741045475006103516e-01,2.246937751770019531e-01,-6.171837449073791504e-02,6.317784190177917480e-01,-2.757999002933502197e-01,-5.333299636840820312e-01,2.641071751713752747e-02,6.038593649864196777e-01,-4.684287905693054199e-01,-5.120382308959960938e-01,5.610535144805908203e-01,4.997420608997344971e-01,-4.976750016212463379e-01,-9.668542444705963135e-02,-4.176934659481048584e-01,-2.037971168756484985e-01,-1.267491579055786133e-01,4.931820631027221680e-01,5.263493657112121582e-01,1.297141164541244507e-01,1.203752309083938599e-02,3.091131448745727539e-01,1.189068779349327087e-01,2.516271770000457764e-01,-4.231507182121276855e-01,4.412574227899312973e-03,2.175767719745635986e-01,6.596198678016662598e-01,-4.180725812911987305e-01,-2.549308352172374725e-02,4.045718312263488770e-01,3.745469152927398682e-01,-4.273800645023584366e-03,2.305250801146030426e-02,-9.396414272487163544e-03,-1.991558372974395752e-01,-5.848852917551994324e-02,1.966727077960968018e-01,-6.251759827136993408e-02,-5.796384811401367188e-01,5.627103447914123535e-01,-2.727423012256622314e-01,5.591160058975219727e-01,2.205926477909088135e-01,2.792670428752899170e-01,-5.317684412002563477e-01,-1.213085651397705078e-02,5.500905513763427734e-01,1.774502568878233433e-03,-6.090362071990966797e-01,5.853459611535072327e-02,5.525328516960144043e-01,-5.765934586524963379e-01,-5.703300703316926956e-04,5.631514787673950195e-01,4.551338963210582733e-03,6.038891673088073730e-01,5.106917619705200195e-01,-3.722113966941833496e-01,-6.677031982690095901e-03,-4.296123385429382324e-01,-5.229762196540832520e-01,9.784716367721557617e-02,5.415055528283119202e-02,3.658587038516998291e-01,-1.427794098854064941e-01,5.149062871932983398e-01,2.419947087764739990e-02,-3.108370602130889893e-01,6.319317890302045271e-06,4.860979616641998291e-01,-4.333713054656982422e-01,4.191064834594726562e-01,-4.523764848709106445e-01,5.798720121383666992e-01,5.645165443420410156e-01,-5.576935410499572754e-01,-9.388494491577148438e-02,3.888876438140869141e-01,4.595539271831512451e-01,2.049722075462341309e-01,1.192110474221408367e-03,-4.207627475261688232e-01,3.911257684230804443e-01,4.965679645538330078e-01,-1.456407010555267334e-01,-5.608716607093811035e-01,5.087457299232482910e-01,-4.094265699386596680e-01,-2.167189419269561768e-01,5.983911752700805664e-01,-3.127229511737823486e-01,-4.049818217754364014e-01,-4.764363765716552734e-01,-4.658277034759521484e-01,1.834047138690948486e-01,4.284536838531494141e-01,3.587722182273864746e-01,-2.228447003290057182e-03,-4.497590363025665283e-01
