4.464771747589111328e-01,1.624188199639320374e-02,-7.017837464809417725e-02,-4.332941398024559021e-02,4.184651374816894531e-01,-3.633995056152343750e-01,1.255572400987148285e-02,4.963711500167846680e-01,1.628910005092620850e-01,8.593619614839553833e-02,-2.468760907649993896e-01,-1.793561875820159912e-01,9.256765246391296387e-03,8.004968613386154175e-02,7.668773829936981201e-02,3.528114855289459229e-01,-1.068910642061382532e-04,1.358460187911987305e-01,-4.760815948247909546e-02,-8.425315469503402710e-02,-1.390934288501739502e-01,-1.078957617282867432e-01,-4.341894760727882385e-02,5.226399376988410950e-02,3.490864858031272888e-02,3.029376566410064697e-01,-6.468926370143890381e-02,-4.309433698654174805e-01,1.631588190793991089e-01,-1.338914632797241211e-01,-1.887011677026748657e-01,-1.415939629077911377e-01,1.855337619781494141e-02,9.747807681560516357e-02,-1.615562848746776581e-02,-1.703183799982070923e-01,1.632783859968185425e-01,1.801361888647079468e-01,-3.935455977916717529e-01,-3.463155329227447510e-01,3.429249823093414307e-01,9.855316579341888428e-02,2.579240687191486359e-02,4.472190141677856445e-02,-4.935937002301216125e-02,1.197384297847747803e-01,-1.460926830768585205e-01,-1.058677360415458679e-01,1.139605045318603516e-01,1.969481632113456726e-02,-1.772403120994567871e-01,-2.105728685855865479e-01,2.987203896045684814e-01,-8.210091292858123779e-02,-6.027496233582496643e-02,-2.521299421787261963e-01,1.892628520727157593e-01,9.394058026373386383e-03,-3.969431295990943909e-02,4.301748052239418030e-02,-9.270896762609481812e-02,1.307120081037282944e-02,-2.526679309085011482e-03,2.582938075065612793e-01,1.451384425163269043e-01,-5.325723066926002502e-02,-2.626154124736785889e-01,2.839418649673461914e-01,-1.907955110073089600e-01,3.592277467250823975e-01,-3.389264941215515137e-01,2.127849012613296509e-01,-9.685491211712360382e-03,9.272723644971847534e-02,-3.128336369991302490e-01,-2.949118018150329590e-01,2.143696110579185188e-05,1.318905651569366455e-01,-8.981411159038543701e-02,-1.402555406093597412e-01,2.074065506458282471e-01,9.171816782327368855e-05,-2.462372481822967529e-01,-8.963507716543972492e-04,-4.576809704303741455e-01,4.809676110744476318e-02,3.289008438587188721e-01,4.631985444575548172e-03,-4.750598594546318054e-02,2.285777628421783447e-01,-2.015491276979446411e-01,2.374133914709091187e-01,-4.828682541847229004e-02,-7.777161896228790283e-02,-2.127085030078887939e-01,-3.689208626747131348e-01,1.484238654375076294e-01,-2.054893047898076475e-05,-2.100704610347747803e-01,3.554651439189910889e-01,-3.655689060688018799e-01,3.880001604557037354e-01,-1.424440890550613403e-01,-2.427355498075485229e-01,8.913010358810424805e-02,1.061237007379531860e-01,4.932253435254096985e-02,-5.630701407790184021e-02,-4.428359568119049072e-01,1.047823205590248108e-02,-3.217239677906036377e-02,8.433426171541213989e-02,-1.323102861642837524e-01,-8.028770238161087036e-02,2.242988348007202148e-01,-1.720928400754928589e-01,3.515657186508178711e-01,-2.602022700011730194e-02,-2.904152572154998779e-01,-2.431406825780868530e-02,-6.703273206949234009e-02,1.892921328544616699e-01,1.346093118190765381e-01,1.830017268657684326e-01,-7.591378688812255859e-02,1.064455583691596985e-01,1.424587238579988480e-02,2.355863302946090698e-01
1.624188199639320374e-02,9.481401182711124420e-03,-8.522903174161911011e-02,6.115498393774032593e-02,4.441131651401519775e-02,-7.137081120163202286e-03,1.775673154043033719e-04,2.404412627220153809e-02,6.573745608329772949e-02,6.586326658725738525e-02,-1.598144508898258209e-02,-3.873771801590919495e-02,6.703837960958480835e-02,7.094051688909530640e-02,8.191399276256561279e-02,8.882435411214828491e-02,-1.572401262819766998e-03,5.098112300038337708e-02,-7.844199985265731812e-02,-6.793874502182006836e-02,-6.539958715438842773e-02,4.702191799879074097e-02,6.486870348453521729e-02,-2.507115900516510010e-02,1.263051852583885193e-02,7.473453879356384277e-02,-8.089499175548553467e-02,-2.828507497906684875e-02,7.303574681282043457e-02,-3.807249292731285095e-02,2.719844318926334381e-02,-9.852515161037445068e-02,6.447472423315048218e-02,7.004055380821228027e-02,-1.927924458868801594e-03,-8.788940310478210449e-02,5.748397856950759888e-02,8.039259910583496094e-02,-5.297307670116424561e-02,-6.469468027353286743e-02,7.229056954383850098e-02,2.473057992756366730e-02,7.640820741653442383e-02,2.875690534710884094e-02,-1.645375043153762817e-02,-6.746440380811691284e-02,-8.007718622684478760e-02,-2.083094976842403412e-02,-6.171861896291375160e-04,1.140307448804378510e-02,8.000646717846393585e-03,-1.344182528555393219e-02,5.777105689048767090e-02,-2.944787032902240753e-03,-1.596885547041893005e-02,-9.321027249097824097e-02,2.839372493326663971e-02,3.270682413130998611e-03,-7.031606882810592651e-02,-6.495470553636550903e-02,-5.524240434169769287e-03,1.385619491338729858e-02,2.705880440771579742e-03,4.021249338984489441e-02,7.901958189904689789e-03,-2.651466615498065948e-02,3.723754733800888062e-02,8.499761670827865601e-02,-8.241885900497436523e-02,3.196728974580764771e-02,-6.964214891195297241e-02,-1.747594401240348816e-02,-3.178605437278747559e-02,7.999403029680252075e-02,-3.511869162321090698e-02,-8.107387274503707886e-02,-2.719134208746254444e-04,8.775392919778823853e-02,-3.893146663904190063e-02,-7.852879911661148071e-02,8.624805510044097900e-02,9.538922313367947936e-05,-7.649032026529312134e-02,-4.156536306254565716e-04,-7.412030547857284546e-02,-7.514128834009170532e-02,4.674809426069259644e-02,9.247736306861042976e-04,6.743425875902175903e-02,6.509007513523101807e-02,-2.134832367300987244e-02,-3.620178997516632080e-02,-7.101814448833465576e-02,4.412166401743888855e-02,-7.517858594655990601e-02,-4.743188153952360153e-03,5.998434126377105713e-02,-2.220249371021054685e-06,-6.812270730733871460e-02,6.285024434328079224e-02,-3.268923610448837280e-02,2.919604815542697906e-02,-8.985828608274459839e-02,-7.881616055965423584e-02,9.651874005794525146e-02,1.126872468739748001e-02,-7.798906415700912476e-02,-7.698851078748703003e-02,-1.031192112714052200e-02,-2.843844704329967499e-03,7.028300315141677856e-02,-7.355010509490966797e-02,-8.003216236829757690e-02,3.411236032843589783e-02,8.356010913848876953e-02,-8.312835544347763062e-02,3.901874646544456482e-02,4.140176996588706970e-02,-8.799915760755538940e-02,5.337192863225936890e-02,5.997218936681747437e-02,7.131656259298324585e-02,7.777201384305953979e-02,-5.252576246857643127e-02,-5.346801877021789551e-02,-6.048690155148506165e-02,-3.276538569480180740e-03,6.222422420978546143e-02
-7.017837464809417725e-02,-8.522903174161911011e-02,7.893500924110412598e-01,-6.388608813285827637e-01,-3.693144023418426514e-01,-3.190496936440467834e-02,-2.319025248289108276e-02,-1.875545680522918701e-01,-5.590330958366394043e-01,-6.421125531196594238e-01,1.271232366561889648e-01,3.809934854507446289e-01,-6.141335964202880859e-01,-6.922448873519897461e-01,-7.659462690353393555e-01,-7.253955006599426270e-01,1.535617932677268982e-02,-4.859818518161773682e-01,7.210564017295837402e-01,6.716616153717041016e-01,5.477983355522155762e-01,-5.173316001892089844e-01,-6.717010140419006348e-01,2.683201730251312256e-01,-1.220360547304153442e-01,-6.152192354202270508e-01,7.398309111595153809e-01,1.905106008052825928e-01,-6.954424977302551270e-01,3.626470267772674561e-01,-3.006099462509155273e-01,8.300871253013610840e-01,-5.854020714759826660e-01,-7.114823460578918457e-01,2.173198014497756958e-02,7.565202713012695312e-01,-5.545945167541503906e-01,-7.382081151008605957e-01,4.406195282936096191e-01,5.834742188453674316e-01,-6.021214127540588379e-01,-2.261817008256912231e-01,-7.266860008239746094e-01,-2.954764366149902344e-01,1.015467718243598938e-01,6.656911373138427734e-01,7.542185783386230469e-01,1.974291801452636719e-01,4.654087498784065247e-02,-3.183620795607566833e-02,-9.748845547437667847e-02,1.722678244113922119e-01,-5.035555958747863770e-01,1.442659553140401840e-02,1.741210669279098511e-01,8.044617772102355957e-01,-2.979958951473236084e-01,-3.389398008584976196e-02,6.541481018066406250e-01,6.415145993232727051e-01,2.464735135436058044e-02,-1.203468441963195801e-01,-2.660465613007545471e-02,-3.203774094581604004e-01,-2.633682452142238617e-02,2.576992213726043701e-01,-3.748169243335723877e-01,-7.288296222686767578e-01,7.397705912590026855e-01,-2.582332789897918701e-01,6.315270066261291504e-01,2.509959042072296143e-01,3.036320507526397705e-01,-7.535811662673950195e-01,2.398769557476043701e-01,6.995908021926879883e-01,2.630471484735608101e-03,-8.011531829833984375e-01,3.781054615974426270e-01,7.245625257492065430e-01,-7.658270001411437988e-01,-1.000793301500380039e-03,7.052332162857055664e-01,5.094734486192464828e-03,6.006906628608703613e-01,7.270322442054748535e-01,-4.229377806186676025e-01,-9.047860279679298401e-03,-6.170517802238464355e-01,-6.323832273483276367e-01,1.827839314937591553e-01,3.393839001655578613e-01,6.616166830062866211e-01,-4.432559013366699219e-01,6.812959313392639160e-01,-1.809254055842757225e-03,-5.893707871437072754e-01,1.883201912278309464e-05,6.265206336975097656e-01,-5.371978878974914551e-01,3.383105695247650146e-01,-2.115313857793807983e-01,7.893535494804382324e-01,7.131466269493103027e-01,-8.312360048294067383e-01,-1.599001884460449219e-01,6.757476329803466797e-01,7.138058543205261230e-01,2.128585800528526306e-02,2.689140848815441132e-02,-6.462785005569458008e-01,7.168517708778381348e-01,7.416746020317077637e-01,-4.180061817169189453e-01,-7.638943791389465332e-01,7.415118813514709473e-01,-3.237926065921783447e-01,-4.536591768264770508e-01,7.689394950866699219e-01,-5.383568406105041504e-01,-6.115236282348632812e-01,-6.465669274330139160e-01,-7.125113606452941895e-01,5.255907177925109863e-01,5.905324220657348633e-01,6.075810194015502930e-01,2.703977189958095551e-02,-5.870703458786010742e-01
-4.332941398024559021e-02,6.115498393774032593e-02,-6.388608813285827637e-01,6.696431636810302734e-01,1.315525770187377930e-01,1.429012417793273926e-01,3.791559487581253052e-02,-3.618356212973594666e-02,4.608888328075408936e-01,4.961579740047454834e-01,-2.131758183240890503e-01,-2.588618397712707520e-01,3.451806008815765381e-01,5.790456533432006836e-01,6.177676916122436523e-01,4.362807273864746094e-01,-8.640952408313751221e-03,3.507324159145355225e-01,-6.765675544738769531e-01,-5.515320897102355957e-01,-5.561089515686035156e-01,4.845488369464874268e-01,5.544970631599426270e-01,-1.583883315324783325e-01,9.666891396045684814e-02,3.134103715419769287e-01,-5.070726275444030762e-01,1.100723221898078918e-01,4.258411228656768799e-01,-1.113487035036087036e-01,2.284210175275802612e-01,-6.860674619674682617e-01,6.193847060203552246e-01,5.770348906517028809e-01,-3.222355153411626816e-04,-4.865739047527313232e-01,3.560751676559448242e-01,5.533412098884582520e-01,-9.290816634893417358e-02,-5.166986584663391113e-01,4.897790253162384033e-01,2.504785954952239990e-01,5.396370291709899902e-01,2.118784338235855103e-01,-2.240375727415084839e-01,-4.478513300418853760e-01,-6.522741913795471191e-01,-1.681500226259231567e-01,5.744278430938720703e-03,6.027047336101531982e-02,1.010962352156639099e-01,5.491700395941734314e-02,4.764274358749389648e-01,-2.430424094200134277e-02,3.049775213003158569e-02,-5.701559185981750488e-01,2.922577857971191406e-01,2.268498204648494720e-02,-5.246589183807373047e-01,-6.693769693374633789e-01,-8.132422715425491333e-02,1.720863133668899536e-01,2.692826651036739349e-02,1.985772699117660522e-01,6.421928107738494873e-02,-1.942970603704452515e-01,2.414846122264862061e-01,4.665725231170654297e-01,-5.482550263404846191e-01,-2.842676825821399689e-02,-4.107045829296112061e-01,-1.274906285107135773e-02,-3.544357717037200928e-01,6.207095980644226074e-01,-2.284171730279922485e-01,-5.159547924995422363e-01,-4.097450000699609518e-04,5.869498848915100098e-01,-4.926601052284240723e-01,-5.539418458938598633e-01,6.839721798896789551e-01,7.601513061672449112e-04,-4.727534949779510498e-01,2.094078226946294308e-04,-4.110940396785736084e-01,-5.773831605911254883e-01,1.293305754661560059e-01,3.200879087671637535e-03,4.236294031143188477e-01,4.477724134922027588e-01,-1.961465030908584595e-01,-4.615432322025299072e-01,-6.172334551811218262e-01,4.571838974952697754e-01,-5.926735401153564453e-01,1.390969157218933105e-01,3.890163898468017578e-01,-1.118252384912921116e-05,-3.567822575569152832e-01,3.146638274192810059e-01,-1.430277228355407715e-01,-9.397868812084197998e-02,-7.003103494644165039e-01,-4.914064407348632812e-01,7.051870822906494141e-01,3.678650856018066406e-01,-7.416582703590393066e-01,-5.010892748832702637e-01,1.747170984745025635e-01,-3.113376162946224213e-02,6.264196038246154785e-01,-6.929681301116943359e-01,-6.458516120910644531e-01,5.187835097312927246e-01,5.693831443786621094e-01,-5.770663022994995117e-01,1.052440516650676727e-02,3.469886481761932373e-01,-5.786593556404113770e-01,5.503457188606262207e-01,4.621029794216156006e-01,5.891222357749938965e-01,6.060965657234191895e-01,-4.721404016017913818e-01,-4.919736385345458984e-01,-5.642800331115722656e-01,-2.438952215015888214e-02,4.095162749290466309e-01
4.184651374816894531e-01,4.441131651401519775e-02,-3.693144023418426514e-01,1.315525770187377930e-01,5.873944163322448730e-01,-3.289099931716918945e-01,2.002822607755661011e-02,6.073078513145446777e-01,2.780015468597412109e-01,2.974408864974975586e-01,-1.841568797826766968e-01,-3.104136288166046143e-01,3.293745517730712891e-01,2.918285131454467773e-01,3.565379679203033447e-01,6.708366274833679199e-01,-7.526341360062360764e-03,3.174841403961181641e-01,-2.680943012237548828e-01,-2.896023690700531006e-01,-2.004663646221160889e-01,6.081004440784454346e-02,2.034911960363388062e-01,-8.708553761243820190e-02,6.960333138704299927e-02,5.829804539680480957e-01,-3.876569867134094238e-01,-5.736417770385742188e-01,5.212373733520507812e-01,-3.447649180889129639e-01,-4.480330646038055420e-02,-4.274959862232208252e-01,1.346281617879867554e-01,3.498598337173461914e-01,-3.256493061780929565e-02,-5.093717575073242188e-01,3.798975050449371338e-01,4.590075910091400146e-01,-6.787471771240234375e-01,-4.663667678833007812e-01,4.938351511955261230e-01,1.106309294700622559e-01,3.280411064624786377e-01,1.574691534042358398e-01,3.358790650963783264e-02,-2.271800041198730469e-01,-3.972299396991729736e-01,-1.525101661682128906e-01,3.505094721913337708e-02,6.423395825549960136e-04,-1.205549985170364380e-01,-3.816334903240203857e-01,3.654604852199554443e-01,-6.282401829957962036e-02,-2.313964217901229858e-01,-5.926271677017211914e-01,2.323654890060424805e-01,2.315928041934967041e-02,-2.639456987380981445e-01,-1.193885505199432373e-01,-3.763937205076217651e-02,-1.292313169687986374e-02,3.121237037703394890e-03,3.335302472114562988e-01,8.788964897394180298e-02,-1.397383660078048706e-01,-4.021011292934417725e-02,5.934403538703918457e-01,-4.520009756088256836e-01,5.332630872726440430e-01,-5.897836685180664062e-01,-6.681153178215026855e-02,-2.177063003182411194e-02,3.622668683528900146e-01,-2.977542877197265625e-01,-5.386537909507751465e-01,-1.904937322251498699e-03,4.804220795631408691e-01,-9.430763870477676392e-02,-4.037590920925140381e-01,4.366150796413421631e-01,4.568186122924089432e-04,-5.337607264518737793e-01,-5.446643102914094925e-03,-6.525231599807739258e-01,-2.547337710857391357e-01,5.541997551918029785e-01,9.628356434404850006e-03,2.096189558506011963e-01,4.574673771858215332e-01,-2.054698467254638672e-01,1.986477524042129517e-01,-2.256964445114135742e-01,1.502804737538099289e-02,-4.023049473762512207e-01,-3.880854249000549316e-01,4.018372893333435059e-01,-2.459492316120304167e-05,-4.877185225486755371e-01,5.661276578903198242e-01,-5.092118978500366211e-01,5.525079369544982910e-01,-3.937694728374481201e-01,-5.282677412033081055e-01,3.956887722015380859e-01,1.784171536564826965e-02,-1.052033156156539917e-01,-3.772480785846710205e-01,-4.802783727645874023e-01,7.534477394074201584e-03,1.201876848936080933e-01,-1.406628191471099854e-01,-3.712059855461120605e-01,-2.625099197030067444e-02,5.389336943626403809e-01,-4.278832972049713135e-01,5.505216121673583984e-01,1.659480333328247070e-01,-5.754473209381103516e-01,9.125655144453048706e-02,1.947869509458541870e-01,3.373869955539703369e-01,3.404896855354309082e-01,1.605659374035894871e-03,-2.601647973060607910e-01,-7.545632869005203247e-02,-9.552948176860809326e-05,4.456367194652557373e-01
-3.633995056152343750e-01,-7.137081120163202286e-03,-3.190496936440467834e-02,1.429012417793273926e-01,-3.289099931716918945e-01,3.530989885330200195e-01,1.675583608448505402e-02,-4.080369472503662109e-01,-1.134340688586235046e-01,-1.395826227962970734e-02,1.469691097736358643e-01,1.288207769393920898e-01,1.549536548554897308e-02,1.744623179547488689e-03,1.799532026052474976e-02,-2.613300085067749023e-01,-1.015956629998981953e-03,-6.904499232769012451e-02,-5.417928844690322876e-02,-8.392416872084140778e-03,4.918147623538970947e-02,1.414452344179153442e-01,1.124952509999275208e-01,-4.439833760261535645e-02,-1.937656663358211517e-02,-2.511005103588104248e-01,1.474848017096519470e-03,3.840490579605102539e-01,-8.017259836196899414e-02,8.847384899854660034e-02,1.915649473667144775e-01,4.281581193208694458e-02,8.105447888374328613e-02,7.179218810051679611e-03,1.446697767823934555e-02,1.061280369758605957e-01,-1.035923510789871216e-01,-8.650048077106475830e-02,3.337039649486541748e-01,1.892635226249694824e-01,-2.342453151941299438e-01,-3.548882901668548584e-02,5.181990936398506165e-02,-8.166383951902389526e-03,3.184080589562654495e-03,-1.450811624526977539e-01,2.617551386356353760e-02,5.934821814298629761e-02,-1.028655543923377991e-01,6.125229876488447189e-03,1.665876954793930054e-01,1.702121943235397339e-01,-1.782216280698776245e-01,6.985122710466384888e-02,6.219783425331115723e-02,1.337748616933822632e-01,-1.182058155536651611e-01,-5.487429443746805191e-03,-3.628990426659584045e-02,-1.322513222694396973e-01,6.667684018611907959e-02,8.225572295486927032e-03,6.024143192917108536e-03,-1.913771480321884155e-01,-1.156675443053245544e-01,2.502338215708732605e-02,2.312144786119461060e-01,-1.829743981361389160e-01,1.052578240633010864e-01,-3.108716607093811035e-01,2.265590429306030273e-01,-1.752457171678543091e-01,-2.622867375612258911e-02,-1.236857101321220398e-02,2.240723669528961182e-01,1.680829972028732300e-01,1.859383337432518601e-04,-3.393085300922393799e-02,-5.972186569124460220e-03,6.926061213016510010e-02,-7.727933675050735474e-02,7.201390985756006557e-07,1.392142176628112793e-01,4.810142854694277048e-04,3.269037604331970215e-01,-1.044687703251838684e-01,-2.479667067527770996e-01,-3.928947728127241135e-03,5.761139467358589172e-02,-1.414031833410263062e-01,1.181496828794479370e-01,-2.592015862464904785e-01,-3.510398417711257935e-02,1.107501536607742310e-01,1.037134528160095215e-01,3.150029480457305908e-01,-4.322489351034164429e-02,1.509249159425962716e-05,1.468694508075714111e-01,-2.705340981483459473e-01,2.800303697586059570e-01,-3.564392924308776855e-01,3.961856663227081299e-02,1.499221324920654297e-01,1.311058178544044495e-02,2.913219109177589417e-02,-1.515891700983047485e-01,3.698210930451750755e-03,3.994384407997131348e-01,-1.123697310686111450e-02,8.928520977497100830e-02,-1.759457737207412720e-01,2.928153052926063538e-02,1.416150927543640137e-01,-9.546592086553573608e-02,7.307332009077072144e-02,-3.121022880077362061e-01,6.976211816072463989e-02,1.570077985525131226e-01,9.338613599538803101e-02,1.193657591938972473e-01,-7.841037958860397339e-02,-2.654734998941421509e-02,-2.065584957599639893e-01,8.335500024259090424e-04,-1.534152179956436157e-01,-2.195998467504978180e-02,-1.363014876842498779e-01
1.255572400987148285e-02,1.775673154043033719e-04,-2.319025248289108276e-02,3.791559487581253052e-02,2.002822607755661011e-02,1.675583608448505402e-02,3.139779716730117798e-02,2.677296474575996399e-02,-2.633018419146537781e-02,1.657887734472751617e-02,-4.469107463955879211e-02,-3.124580020084977150e-03,-1.057738531380891800e-02,4.537783563137054443e-03,7.070934865623712540e-03,-4.726067185401916504e-03,-3.577673924155533314e-04,1.648302003741264343e-02,-3.598084300756454468e-02,-2.033347822725772858e-02,-5.755211692303419113e-03,3.235740121454000473e-03,1.986693032085895538e-02,6.828969344496726990e-03,2.021846827119588852e-03,-1.259348168969154358e-02,1.061793067492544651e-03,1.374856103211641312e-03,1.860244572162628174e-02,-1.203907374292612076e-02,-1.179228303954005241e-03,-3.989272809121757746e-04,3.322070091962814331e-02,2.538015320897102356e-02,6.759492680430412292e-04,1.085033174604177475e-02,6.559349596500396729e-03,1.691874489188194275e-02,9.229672141373157501e-04,-4.586868733167648315e-02,1.818974502384662628e-02,1.611583866178989410e-02,1.427268981933593750e-02,7.538525387644767761e-03,-1.932679489254951477e-02,8.714620955288410187e-03,-3.133442252874374390e-02,-8.245915174484252930e-03,5.700497422367334366e-03,1.489199139177799225e-02,8.919104933738708496e-03,-1.716800965368747711e-02,2.998615056276321411e-02,2.873304474633187056e-04,3.394720144569873810e-03,-1.886587589979171753e-02,1.738193072378635406e-02,5.089395563118159771e-04,-2.064784057438373566e-02,-1.937049068510532379e-02,-1.431229803711175919e-02,3.451086580753326416e-03,7.218939717859029770e-04,1.324844174087047577e-02,7.507242728024721146e-03,-3.382032737135887146e-03,-1.999814808368682861e-02,1.124304439872503281e-02,-4.359032958745956421e-03,4.961354658007621765e-03,-2.859720773994922638e-02,1.449616346508264542e-02,-9.460439323447644711e-04,3.080401802435517311e-03,-2.845591679215431213e-02,-3.424309194087982178e-02,2.620220475364476442e-04,1.334985997527837753e-02,-3.488398343324661255e-02,-3.156770020723342896e-03,3.065978363156318665e-02,3.039295052076340653e-06,-1.522441301494836807e-02,-2.847051946446299553e-04,-2.906097657978534698e-02,4.510814789682626724e-03,2.233390696346759796e-02,-1.628366153454408050e-04,-2.029553242027759552e-02,1.490578614175319672e-02,-3.078043833374977112e-02,-9.602572768926620483e-03,-2.214065939188003540e-02,4.959102720022201538e-03,-2.647795155644416809e-02,-1.852791756391525269e-02,2.818999998271465302e-02,-2.334927103220252320e-06,6.480560638010501862e-03,1.765329204499721527e-02,-2.606912516057491302e-02,-6.264864001423120499e-03,-1.035980600863695145e-02,-1.250062417238950729e-02,2.619306556880474091e-02,6.079399213194847107e-02,-2.696442604064941406e-02,1.543788588605821133e-03,1.656791777350008488e-03,8.424657862633466721e-04,-1.509464532136917114e-02,-2.899049967527389526e-02,-1.421341486275196075e-02,2.871348895132541656e-02,3.009362518787384033e-02,-1.336971484124660492e-02,-1.084703765809535980e-02,1.243522111326456070e-02,-2.765521220862865448e-02,1.426670141518115997e-02,1.118183974176645279e-02,2.397674135863780975e-02,1.438775472342967987e-02,4.100609105080366135e-03,-1.242813654243946075e-02,-2.879509003832936287e-03,-5.516039207577705383e-03,3.448820859193801880e-02
4.963711500167846680e-01,2.404412627220153809e-02,-1.875545680522918701e-01,-3.618356212973594666e-02,6.073078513145446777e-01,-4.080369472503662109e-01,2.677296474575996399e-02,7.270258665084838867e-01,1.292178928852081299e-01,1.538947820663452148e-01,-1.744811832904815674e-01,-2.899428904056549072e-01,1.877252906560897827e-01,1.506897211074829102e-01,1.878720372915267944e-01,5.612097382545471191e-01,-3.827554872259497643e-03,2.186131775379180908e-01,-6.950993835926055908e-02,-1.479835212230682373e-01,-2.151655778288841248e-02,-7.344561815261840820e-02,3.966585919260978699e-02,-4.191194847226142883e-02,4.917835444211959839e-02,4.997996687889099121e-01,-2.296600788831710815e-01,-6.530927419662475586e-01,4.389257431030273438e-01,-3.171506822109222412e-01,-1.690697520971298218e-01,-2.244080901145935059e-01,-7.195847481489181519e-02,2.341011911630630493e-01,-3.947988897562026978e-02,-3.652740120887756348e-01,3.050037622451782227e-01,3.232955634593963623e-01,-6.989641785621643066e-01,-3.896554112434387207e-01,3.890898525714874268e-01,5.193749442696571350e-02,1.528703421354293823e-01,1.088661924004554749e-01,1.288159936666488647e-01,-6.963288784027099609e-02,-2.422767430543899536e-01,-1.258427351713180542e-01,5.304461717605590820e-02,-8.633192628622055054e-02,-2.009317129850387573e-01,-4.839590489864349365e-01,2.736958563327789307e-01,-8.639016747474670410e-02,-2.623741030693054199e-01,-4.503862559795379639e-01,2.226596027612686157e-01,2.020890638232231140e-02,-7.444899529218673706e-02,7.642161846160888672e-02,-3.212170302867889404e-02,-6.352719664573669434e-02,-6.085532717406749725e-03,2.808147966861724854e-01,8.427690714597702026e-02,-9.162394702434539795e-02,-2.116596400737762451e-01,4.768330752849578857e-01,-3.182745575904846191e-01,5.982924103736877441e-01,-5.367223620414733887e-01,-4.997675865888595581e-02,8.480327576398849487e-02,2.102652043104171753e-01,-2.425570785999298096e-01,-4.123221337795257568e-01,-1.593469060026109219e-03,3.326116800308227539e-01,1.585687324404716492e-02,-2.588348090648651123e-01,2.724586725234985352e-01,2.957999822683632374e-04,-4.370291233062744141e-01,-5.921861156821250916e-03,-5.808504819869995117e-01,-7.411087304353713989e-02,5.736178159713745117e-01,9.984631091356277466e-03,3.222369775176048279e-02,3.898271322250366211e-01,-1.823370754718780518e-01,4.242158532142639160e-01,-4.500586166977882385e-02,-1.359920799732208252e-01,-2.603964805603027344e-01,-5.111414790153503418e-01,3.011801838874816895e-01,-2.585514084785245359e-05,-4.143089652061462402e-01,5.162383913993835449e-01,-5.890242457389831543e-01,6.398719549179077148e-01,-2.081958949565887451e-01,-4.227562546730041504e-01,1.803186833858489990e-01,-2.079425938427448273e-02,1.451351046562194824e-01,-2.222067713737487793e-01,-6.095011830329895020e-01,2.137324400246143341e-02,-8.256404101848602295e-02,6.306134164333343506e-02,-2.106274813413619995e-01,-1.302735358476638794e-01,4.080997109413146973e-01,-2.706179022789001465e-01,5.968370437622070312e-01,8.154615759849548340e-02,-4.447916150093078613e-01,-8.427874743938446045e-02,2.813824638724327087e-02,1.941383630037307739e-01,1.634512841701507568e-01,2.171640694141387939e-01,-1.788650900125503540e-01,1.187066063284873962e-01,2.241023629903793335e-02,3.765351772308349609e-01
1.628910005092620850e-01,6.573745608329772949e-02,-5.590330958366394043e-01,4.608888328075408936e-01,2.780015468597412109e-01,-1.134340688586235046e-01,-2.633018419146537781e-02,1.292178928852081299e-01,5.766643881797790527e-01,4.687350988388061523e-01,-2.027138322591781616e-01,-3.008246421813964844e-01,3.575139939785003662e-01,5.380610823631286621e-01,5.624809861183166504e-01,5.814086198806762695e-01,-8.227125741541385651e-03,3.294295370578765869e-01,-5.716201066970825195e-01,-4.962581098079681396e-01,-5.892502665519714355e-01,3.511182367801666260e-01,4.244830012321472168e-01,-1.429144293069839478e-01,1.003241091966629028e-01,4.897679686546325684e-01,-5.095508694648742676e-01,-1.283185482025146484e-01,4.025928378105163574e-01,-1.641545295715332031e-01,1.168433502316474915e-01,-7.112539410591125488e-01,5.108186006546020508e-01,4.912642836570739746e-01,-6.864508148282766342e-03,-5.621592402458190918e-01,3.903116583824157715e-01,5.506326556205749512e-01,-2.564030885696411133e-01,-5.187136530876159668e-01,5.812301635742187500e-01,2.300114333629608154e-01,4.651995897293090820e-01,1.880168020725250244e-01,-2.138725221157073975e-01,-3.638799786567687988e-01,-5.696653723716735840e-01,-1.638994216918945312e-01,7.679994404315948486e-02,5.919084697961807251e-02,1.950173289515078068e-03,1.046825852245092392e-02,5.160280466079711914e-01,-6.249552965164184570e-02,-2.514859195798635483e-03,-5.944254994392395020e-01,2.833922803401947021e-01,2.206304296851158142e-02,-4.707189500331878662e-01,-5.089286565780639648e-01,-1.065881997346878052e-01,1.735795587301254272e-01,2.128152363002300262e-02,3.170688450336456299e-01,1.308284550905227661e-01,-1.930241137742996216e-01,1.472883075475692749e-01,5.416330695152282715e-01,-5.897698402404785156e-01,1.513257026672363281e-01,-4.639123976230621338e-01,7.418534904718399048e-02,-3.307680785655975342e-01,5.800358653068542480e-01,-3.345607817173004150e-01,-5.508675575256347656e-01,-9.725718991830945015e-04,5.535181164741516113e-01,-3.886453211307525635e-01,-5.690270066261291504e-01,6.500195860862731934e-01,6.774677312932908535e-04,-4.934708178043365479e-01,4.448984691407531500e-04,-5.344517230987548828e-01,-4.855710566043853760e-01,2.399059236049652100e-01,5.227717570960521698e-03,4.482073187828063965e-01,4.682945609092712402e-01,-1.941078007221221924e-01,-3.020003736019134521e-01,-5.465236306190490723e-01,3.765895664691925049e-01,-5.821371674537658691e-01,-1.741409301757812500e-02,3.311582803726196289e-01,-1.695351966191083193e-05,-4.362083375453948975e-01,4.294622540473937988e-01,-2.286871820688247681e-01,1.396231353282928467e-01,-6.749128699302673340e-01,-5.326260328292846680e-01,6.605508923530578613e-01,1.774085462093353271e-01,-6.124034523963928223e-01,-4.815889894962310791e-01,-6.574146449565887451e-02,-2.670959383249282837e-02,5.897297859191894531e-01,-5.250698924064636230e-01,-5.948341488838195801e-01,3.419163525104522705e-01,5.245389938354492188e-01,-5.878439545631408691e-01,2.056073546409606934e-01,2.497790902853012085e-01,-5.959659814834594727e-01,4.386201202869415283e-01,3.413373827934265137e-01,5.761400461196899414e-01,5.742652416229248047e-01,-3.432610929012298584e-01,-4.198764264583587646e-01,-4.499962329864501953e-01,-2.549036405980587006e-03,4.251625239849090576e-01
8.593619614839553833e-02,6.586326658725738525e-02,-6.421125531196594238e-01,4.961579740047454834e-01,2.974408864974975586e-01,-1.395826227962970734e-02,1.657887734472751617e-02,1.538947820663452148e-01,4.687350988388061523e-01,5.064122080802917480e-01,-1.325471997261047363e-01,-2.932883799076080322e-01,4.721859097480773926e-01,5.500808954238891602e-01,6.132319569587707520e-01,6.350070238113403320e-01,-1.201083231717348099e-02,3.584038019180297852e-01,-6.155002117156982422e-01,-5.313767194747924805e-01,-4.923431277275085449e-01,3.747743666172027588e-01,5.096353292465209961e-01,-2.003719359636306763e-01,9.711333364248275757e-02,5.279370546340942383e-01,-6.060257554054260254e-01,-1.601971238851547241e-01,5.526148676872253418e-01,-2.767009735107421875e-01,2.009309232234954834e-01,-7.361575961112976074e-01,4.982193708419799805e-01,5.671370625495910645e-01,-1.311267353594303131e-02,-6.409736871719360352e-01,4.254877865314483643e-01,6.039021015167236328e-01,-3.538075983524322510e-01,-4.947783648967742920e-01,5.250496268272399902e-01,1.856488883495330811e-01,5.637363791465759277e-01,2.178825289011001587e-01,-1.250639408826828003e-01,-5.117421746253967285e-01,-6.142072081565856934e-01,-1.438530832529067993e-01,8.704580366611480713e-03,4.025261849164962769e-02,6.906930357217788696e-02,-1.029088869690895081e-01,4.440473020076751709e-01,-2.561331912875175476e-02,-1.031082421541213989e-01,-6.933860182762145996e-01,2.347539067268371582e-01,2.464555017650127411e-02,-5.217874646186828613e-01,-5.038249492645263672e-01,-5.423066765069961548e-02,1.222031340003013611e-01,2.050902508199214935e-02,2.909751236438751221e-01,5.297551676630973816e-02,-1.984817981719970703e-01,2.541642785072326660e-01,6.113743782043457031e-01,-6.173776984214782715e-01,2.032992541790008545e-01,-5.201143622398376465e-01,-1.366523355245590210e-01,-2.590721547603607178e-01,6.074767112731933594e-01,-2.496818602085113525e-01,-5.977730154991149902e-01,-1.704484107904136181e-03,6.625345945358276367e-01,-3.148846924304962158e-01,-5.941579937934875488e-01,6.704449057579040527e-01,7.298570708371698856e-04,-5.598396062850952148e-01,-2.975177718326449394e-03,-5.284944176673889160e-01,-5.563911199569702148e-01,3.336840569972991943e-01,6.481470074504613876e-03,5.001206398010253906e-01,4.929042458534240723e-01,-1.542326658964157104e-01,-2.839361429214477539e-01,-5.501526594161987305e-01,3.594045341014862061e-01,-5.740432739257812500e-01,-1.208127010613679886e-02,4.233818054199218750e-01,-1.704352325759828091e-05,-4.836334288120269775e-01,4.433806240558624268e-01,-2.686246335506439209e-01,1.795784085988998413e-01,-6.767748594284057617e-01,-5.862930417060852051e-01,7.428731322288513184e-01,1.181025505065917969e-01,-6.078181862831115723e-01,-5.646789669990539551e-01,-2.741186879575252533e-02,-2.251959219574928284e-02,5.394507050514221191e-01,-5.930356979370117188e-01,-6.042295694351196289e-01,3.334235250949859619e-01,6.178403496742248535e-01,-6.190614700317382812e-01,2.451353669166564941e-01,3.242367506027221680e-01,-6.546853780746459961e-01,4.170565903186798096e-01,4.362519681453704834e-01,5.422106981277465820e-01,5.760312676429748535e-01,-3.832998275756835938e-01,-4.420303702354431152e-01,-4.683780372142791748e-01,-1.749532110989093781e-02,4.809201359748840332e-01
-2.468760907649993896e-01,-1.598144508898258209e-02,1.271232366561889648e-01,-2.131758183240890503e-01,-1.841568797826766968e-01,1.469691097736358643e-01,-4.469107463955879211e-02,-1.744811832904815674e-01,-2.027138322591781616e-01,-1.325471997261047363e-01,3.745071291923522949e-01,1.233839169144630432e-01,1.190985739231109619e-01,-1.420952081680297852e-01,-1.114269047975540161e-01,-1.195144951343536377e-01,-1.709221862256526947e-03,-1.138440817594528198e-01,2.461592257022857666e-01,1.593870818614959717e-01,3.280555903911590576e-01,-4.651164636015892029e-02,-5.834652855992317200e-02,-8.087277412414550781e-02,-4.172065854072570801e-02,-6.565386056900024414e-02,2.062941435724496841e-03,3.838919848203659058e-02,1.666662632487714291e-03,-4.993297159671783447e-02,1.427745521068572998e-01,1.846745759248733521e-01,-2.838758528232574463e-01,-1.387067437171936035e-01,-8.384078741073608398e-03,1.851554401218891144e-02,-8.968592435121536255e-02,-1.610764861106872559e-01,-1.897012628614902496e-02,3.908384442329406738e-01,-3.540289998054504395e-01,-1.939095109701156616e-01,-2.803744748234748840e-02,-3.589541092514991760e-02,2.637621760368347168e-01,-1.750772744417190552e-01,2.345816045999526978e-01,1.123534291982650757e-01,-1.596068143844604492e-01,-9.560207277536392212e-02,9.093949198722839355e-02,-5.986737459897994995e-02,-3.966444432735443115e-01,8.887391537427902222e-02,-1.501187384128570557e-01,1.402763426303863525e-01,-2.396366149187088013e-01,-5.093195475637912750e-03,1.229689642786979675e-01,2.000777125358581543e-01,1.727426201105117798e-01,-1.321478337049484253e-01,-8.099304512143135071e-03,-2.060897499322891235e-01,-1.860280930995941162e-01,5.785824730992317200e-02,2.411677241325378418e-01,-1.303280442953109741e-01,1.472289264202117920e-01,-3.699891641736030579e-02,2.106489390134811401e-01,-4.170521795749664307e-01,1.804090738296508789e-01,-1.324193477630615234e-01,3.687342703342437744e-01,2.602536678314208984e-01,-1.963480608537793159e-03,-6.825813651084899902e-02,3.553791344165802002e-01,1.433170735836029053e-01,-3.159359693527221680e-01,-1.046189790940843523e-04,1.214508935809135437e-01,-4.146728198975324631e-03,3.338842689990997314e-01,-1.622879505157470703e-02,-5.765175446867942810e-02,4.870767006650567055e-04,5.409109219908714294e-02,-1.692366898059844971e-01,2.558353841304779053e-01,1.023176461458206177e-01,2.272336483001708984e-01,-1.255509704351425171e-01,2.952462434768676758e-01,1.344596743583679199e-01,-8.221213519573211670e-02,1.561942190164700150e-05,3.663605079054832458e-02,-2.118194252252578735e-01,1.630004346370697021e-01,-7.582213263958692551e-03,2.433981895446777344e-01,1.505451500415802002e-01,-1.898803859949111938e-01,-3.898581564426422119e-01,2.864655554294586182e-01,8.944786153733730316e-03,1.191286444664001465e-01,7.425087969750165939e-03,-1.515327543020248413e-01,1.479417234659194946e-01,2.253212481737136841e-01,-2.015015184879302979e-01,-1.643075197935104370e-01,1.896359175443649292e-01,1.221524644643068314e-02,-6.932500284165143967e-03,2.323043644428253174e-01,-1.879474669694900513e-01,3.275890275835990906e-02,-3.090645074844360352e-01,-2.067270129919052124e-01,-2.442040853202342987e-02,1.338349729776382446e-01,7.706788927316665649e-02,-1.606833771802484989e-03,-2.044529467821121216e-01
-1.793561875820159912e-01,-3.873771801590919495e-02,3.809934854507446289e-01,-2.588618397712707520e-01,-3.104136288166046143e-01,1.288207769393920898e-01,-3.124580020084977150e-03,-2.899428904056549072e-01,-3.008246421813964844e-01,-2.932883799076080322e-01,1.233839169144630432e-01,2.514766156673431396e-01,-2.623962461948394775e-01,-3.513270914554595947e-01,-3.803954124450683594e-01,-5.070191025733947754e-01,5.706335883587598801e-03,-2.262839972972869873e-01,3.319756090641021729e-01,3.188148438930511475e-01,2.771881818771362305e-01,-1.935812681913375854e-01,-2.675233781337738037e-01,1.093834787607192993e-01,-6.631400436162948608e-02,-4.081117808818817139e-01,3.693317472934722900e-01,2.502717971801757812e-01,-4.084120094776153564e-01,1.884972751140594482e-01,-2.881295792758464813e-02,4.645925462245941162e-01,-2.275213599205017090e-01,-3.753137290477752686e-01,1.858594454824924469e-02,4.381411075592041016e-01,-2.977381050586700439e-01,-4.069052338600158691e-01,3.864135146141052246e-01,3.831794559955596924e-01,-3.962436616420745850e-01,-1.180286481976509094e-01,-3.125678300857543945e-01,-1.401034146547317505e-01,2.698229253292083740e-02,2.681216895580291748e-01,3.988333940505981445e-01,1.135334447026252747e-01,-2.853230014443397522e-02,4.727504402399063110e-02,4.988345503807067871e-02,1.772859245538711548e-01,-3.239157497882843018e-01,5.146729573607444763e-02,1.086219176650047302e-01,4.951191246509552002e-01,-2.169061899185180664e-01,-1.913619972765445709e-02,2.594018280506134033e-01,2.536643743515014648e-01,4.461900144815444946e-02,-5.859697610139846802e-02,-8.945656009018421173e-03,-2.078211456537246704e-01,-6.041088327765464783e-02,1.283678561449050903e-01,-3.260645270347595215e-02,-4.498417377471923828e-01,4.212942123413085938e-01,-2.540882229804992676e-01,4.233110547065734863e-01,5.879447981715202332e-02,1.341305077075958252e-01,-3.991214036941528320e-01,1.801451742649078369e-01,4.124627411365509033e-01,1.141846063546836376e-03,-4.458708465099334717e-01,1.790517419576644897e-01,3.962365388870239258e-01,-4.454378783702850342e-01,-4.917844198644161224e-04,4.158490598201751709e-01,2.434965455904603004e-03,4.458588063716888428e-01,3.141472637653350830e-01,-3.074127137660980225e-01,-6.112528499215841293e-03,-2.487745732069015503e-01,-3.759000897407531738e-01,1.276443451642990112e-01,1.507346797734498978e-02,2.994193434715270996e-01,-1.623649895191192627e-01,3.778910934925079346e-01,1.418807357549667358e-01,-2.655535340309143066e-01,1.543027065054047853e-05,3.686490952968597412e-01,-3.632709383964538574e-01,3.194572329521179199e-01,-2.643305361270904541e-01,4.390348792076110840e-01,4.280412197113037109e-01,-4.287893474102020264e-01,-8.334629237651824951e-02,2.703883051872253418e-01,3.417646586894989014e-01,1.850101649761199951e-01,6.759740412235260010e-03,-2.846151292324066162e-01,2.904703617095947266e-01,3.921453356742858887e-01,-1.771162301301956177e-01,-4.356499910354614258e-01,3.983818292617797852e-01,-2.901452481746673584e-01,-1.847073286771774292e-01,4.717410504817962646e-01,-2.007872313261032104e-01,-2.048604786396026611e-01,-3.513293564319610596e-01,-3.487460315227508545e-01,1.205152422189712524e-01,3.114798069000244141e-01,2.131794393062591553e-01,-1.097293011844158173e-02,-3.388899266719818115e-01
