8.809353113174438477e-01,4.549494013190269470e-02,-1.242891997098922729e-01,-1.599662452936172485e-01,3.531008958816528320e-01,2.856478989124298096e-01,-3.877352476119995117e-01,5.817135572433471680e-01,3.235784471035003662e-01,-2.663127481937408447e-01,3.491976857185363770e-02,8.458416908979415894e-02,3.431599140167236328e-01,7.344483137130737305e-01,6.041908264160156250e-01,8.516699075698852539e-02,-2.176207005977630615e-01,9.011988341808319092e-02,7.097570896148681641e-01,4.383805990219116211e-01,-5.492765903472900391e-01,-4.203757047653198242e-01,8.145753294229507446e-02,6.356561090797185898e-03,-3.100043833255767822e-01,-7.853417992591857910e-01,1.969244629144668579e-01,-2.024426013231277466e-01,-6.042047142982482910e-01,-4.622605741024017334e-01,-4.038472771644592285e-01,-1.249337568879127502e-01,2.909347414970397949e-01,-3.496441245079040527e-01,-1.886571641080081463e-03,-1.999896466732025146e-01,1.442410349845886230e-01,-1.337333768606185913e-02,-3.353939652442932129e-01,-5.457353964447975159e-02,-1.830753386020660400e-01,1.579596698284149170e-01,-2.135857194662094116e-01,-2.679440192878246307e-02,3.925808370113372803e-01,-7.396686077117919922e-02,1.660297960042953491e-01,-1.818696409463882446e-01,-1.644835025072097778e-01,2.132036089897155762e-01,3.054302930831909180e-01,2.986023426055908203e-01,1.270459890365600586e-01,-3.538267910480499268e-01,1.462655961513519287e-01,-6.281486898660659790e-02,-2.364209294319152832e-01,1.410432532429695129e-02,-2.878626286983489990e-01,1.623779833316802979e-01,-1.241333037614822388e-01,2.652255594730377197e-01,6.554400548338890076e-03,-5.237761139869689941e-01,1.624789088964462280e-01,1.996085494756698608e-01,1.402624789625406265e-02,5.565485358238220215e-02,1.433705091476440430e-01,-1.765422150492668152e-02,1.831055991351604462e-02,-5.904300808906555176e-01,1.105818748474121094e-01,7.253890391439199448e-03,-1.895938664674758911e-01,1.529604312963783741e-03,4.561750218272209167e-02,-3.196184933185577393e-01,-2.225645929574966431e-01,-5.337025523185729980e-01,-7.093759179115295410e-01,-1.787659153342247009e-02,1.627501398324966431e-01,-7.747071981430053711e-02,-5.941664800047874451e-02,4.382217824459075928e-01,-3.573653697967529297e-01,-1.751000732183456421e-01,-1.011598631739616394e-01,5.106424167752265930e-02,5.568485334515571594e-02,-5.726415198296308517e-03,1.944756954908370972e-01,2.688654698431491852e-03,4.822107255458831787e-01,-6.946404576301574707e-01,2.868448495864868164e-01,3.626580815762281418e-03,-4.844807684421539307e-01,5.178990364074707031e-01,2.857919335365295410e-01,6.784006208181381226e-02,-2.824049256742000580e-02,-1.200976148247718811e-01,-3.187447786331176758e-01,4.908444583415985107e-01,2.092403471469879150e-01,4.313122332096099854e-01,2.513501346111297607e-01,2.376538366079330444e-01,2.727068066596984863e-01,2.452702820301055908e-01,6.656490266323089600e-02,-4.941397309303283691e-01,-2.502473890781402588e-01,-3.990590870380401611e-01,1.734769195318222046e-01,-2.913824319839477539e-01,-3.663997650146484375e-01,-2.593823373317718506e-01,-1.234770342707633972e-01,4.368652999401092529e-01,-1.809135638177394867e-02,-7.423610985279083252e-02,5.537455677986145020e-01,-5.753025412559509277e-02,2.749762311577796936e-02,3.495339453220367432e-01
4.549494013190269470e-02,3.947693109512329102e-02,-1.391530483961105347e-01,-3.407286712899804115e-03,6.171561032533645630e-02,-8.639630675315856934e-02,4.652112722396850586e-02,9.044621884822845459e-02,-1.891097170300781727e-03,-2.343884203583002090e-03,-9.640195965766906738e-02,-5.035524442791938782e-02,1.561176180839538574e-01,1.702965609729290009e-02,7.845980674028396606e-02,7.917340099811553955e-02,3.418880701065063477e-02,-6.708845496177673340e-02,2.829530648887157440e-02,-2.113068662583827972e-02,-6.795763224363327026e-02,2.771055884659290314e-02,1.268695145845413208e-01,-1.189015880227088928e-01,5.259019881486892700e-02,-7.742475252598524094e-03,-3.207637742161750793e-02,-5.036184936761856079e-02,9.080658666789531708e-03,-8.806543797254562378e-02,-9.034803509712219238e-02,3.419298678636550903e-02,2.691885270178318024e-02,1.152043789625167847e-02,-9.080057032406330109e-03,-8.394566178321838379e-02,-7.108657062053680420e-02,2.798230201005935669e-02,9.210599958896636963e-02,-1.266866326332092285e-01,4.872391000390052795e-02,6.097223237156867981e-02,3.179688006639480591e-02,2.770543098449707031e-02,7.662538439035415649e-02,-1.242994219064712524e-01,-1.404405087232589722e-01,5.200781673192977905e-02,4.927420616149902344e-02,-1.723853684961795807e-02,2.906627953052520752e-02,1.216222941875457764e-01,-2.145158313214778900e-02,9.897530078887939453e-02,-3.092659637331962585e-02,-2.848368883132934570e-02,1.047060713171958923e-01,3.152473643422126770e-02,1.081037595868110657e-01,-7.976440712809562683e-03,6.920720636844635010e-02,-4.998314660042524338e-03,2.536528930068016052e-02,9.117790497839450836e-03,-5.797486007213592529e-02,-1.605974696576595306e-02,1.252277344465255737e-01,1.040135920047760010e-01,-8.667771518230438232e-02,1.163983643054962158e-01,-1.436625123023986816e-01,-1.319096833467483521e-01,-3.540011867880821228e-02,-8.934286236763000488e-02,1.769344136118888855e-02,-1.149935126304626465e-01,-1.955130696296691895e-02,2.065086551010608673e-02,-1.418391466140747070e-01,-3.105351887643337250e-02,-2.300245873630046844e-02,9.667034260928630829e-03,-8.999390900135040283e-02,5.698015913367271423e-02,8.043039590120315552e-02,-1.684437505900859833e-02,6.410114467144012451e-02,5.421296134591102600e-02,1.324307620525360107e-01,-5.916969850659370422e-02,1.810094714164733887e-02,-1.268127560615539551e-01,-7.626201957464218140e-02,4.692439362406730652e-02,-3.742780536413192749e-02,-3.665122762322425842e-02,1.133879199624061584e-01,-2.997551113367080688e-03,8.293155580759048462e-02,5.913386493921279907e-02,4.308582283556461334e-03,6.094240234233438969e-04,-1.404407899826765060e-02,-1.473190914839506149e-02,1.203870624303817749e-01,-6.554950028657913208e-02,-5.521223694086074829e-02,3.058220818638801575e-02,-1.085010915994644165e-01,-6.046223640441894531e-02,6.488591432571411133e-02,3.045428916811943054e-02,4.005110356956720352e-03,-2.520430460572242737e-02,1.166293248534202576e-01,-9.774341434240341187e-02,-6.384871155023574829e-02,7.187846302986145020e-02,-1.287222355604171753e-01,2.949015423655509949e-02,-1.745435148477554321e-01,-2.859915420413017273e-02,-3.469055518507957458e-03,-1.161069199442863464e-01,6.366810947656631470e-02,-7.705365121364593506e-02,-1.525360811501741409e-02,7.285047322511672974e-02
-1.242891997098922729e-01,-1.391530483961105347e-01,7.872772216796875000e-01,-2.564449608325958252e-01,-2.791418731212615967e-01,5.879880860447883606e-02,-4.507478177547454834e-01,-2.113861292600631714e-01,1.639175862073898315e-01,-4.580090194940567017e-02,5.818215012550354004e-01,1.832921952009201050e-01,-6.562334895133972168e-01,6.016264855861663818e-02,-2.426801174879074097e-01,-4.302570223808288574e-01,-1.520279198884963989e-01,1.445966809988021851e-01,8.206254243850708008e-02,3.382831811904907227e-01,2.200141400098800659e-01,-4.166494011878967285e-01,-6.689550876617431641e-01,4.620968699455261230e-01,-3.569987118244171143e-01,-1.333574652671813965e-01,3.609237372875213623e-01,3.873152732849121094e-01,-3.669036030769348145e-01,6.016174554824829102e-01,4.794560074806213379e-01,-1.693382263183593750e-01,9.500683844089508057e-02,-1.408488005399703979e-01,1.963459514081478119e-02,2.944791018962860107e-01,3.561769723892211914e-01,-1.178121268749237061e-01,-5.085611939430236816e-01,7.748952507972717285e-01,-9.530358016490936279e-02,-3.084093630313873291e-01,-4.089804887771606445e-01,-1.778042763471603394e-01,-1.609724462032318115e-01,3.979390859603881836e-01,7.446745038032531738e-01,-1.253903359174728394e-01,-1.920796036720275879e-01,-3.279571654275059700e-03,-4.224263727664947510e-01,-4.774912893772125244e-01,1.609001494944095612e-02,-3.809843659400939941e-01,3.116118609905242920e-01,3.886332511901855469e-01,-5.329684615135192871e-01,-1.185071989893913269e-01,-4.591692090034484863e-01,2.412162162363529205e-02,-1.610314846038818359e-01,2.532674558460712433e-02,-1.393363475799560547e-01,-5.796670541167259216e-02,4.650607705116271973e-01,4.544575884938240051e-02,-6.902130842208862305e-01,-6.023153662681579590e-01,2.854615151882171631e-01,-4.528192579746246338e-01,7.030755877494812012e-01,6.149787902832031250e-01,-5.439557880163192749e-02,6.185777783393859863e-01,-1.702177077531814575e-01,6.747821569442749023e-01,9.812694787979125977e-02,-1.095710322260856628e-01,5.939427614212036133e-01,1.948371231555938721e-01,-1.577659845352172852e-01,-4.047536104917526245e-02,6.290554404258728027e-01,-2.808795273303985596e-01,-1.925826519727706909e-01,-8.999706059694290161e-02,-3.961251974105834961e-01,-3.303615450859069824e-01,-5.094504356384277344e-01,3.699613213539123535e-01,6.561624258756637573e-02,6.046248674392700195e-01,2.517167925834655762e-01,-3.623684644699096680e-01,1.812135130167007446e-01,1.422266960144042969e-01,-6.008695363998413086e-01,1.451556384563446045e-02,-5.125938653945922852e-01,-4.288975298404693604e-01,4.971633478999137878e-02,1.826085895299911499e-01,-8.598963171243667603e-02,1.394434273242950439e-01,-6.621597409248352051e-01,1.613189280033111572e-01,4.337943196296691895e-01,1.250445991754531860e-01,3.694942295551300049e-01,3.159348070621490479e-01,-2.029958218336105347e-01,9.292014688253402710e-02,-1.599966138601303101e-01,8.459606021642684937e-02,-6.998629570007324219e-01,3.602222204208374023e-01,1.086929365992546082e-01,-3.432978093624114990e-01,3.526072204113006592e-01,-1.518059372901916504e-01,6.750748157501220703e-01,4.263752400875091553e-01,-1.219951286911964417e-01,4.671208262443542480e-01,-3.273293375968933105e-02,3.296724855899810791e-01,8.962683379650115967e-02,-5.041809678077697754e-01
-1.599662452936172485e-01,-3.407286712899804115e-03,-2.564449608325958252e-01,6.386542320251464844e-01,-4.395214095711708069e-02,2.459777146577835083e-01,4.195576906204223633e-01,-3.249961137771606445e-01,-3.723960369825363159e-02,1.466133296489715576e-01,-4.577180743217468262e-01,4.923190176486968994e-02,3.618808090686798096e-01,-9.722773730754852295e-02,-1.892773211002349854e-01,1.441309452056884766e-01,1.437887456268072128e-02,2.997196316719055176e-01,-2.900370061397552490e-01,-3.921599686145782471e-01,-3.628254532814025879e-01,3.552429080009460449e-01,5.558928251266479492e-01,-1.234756484627723694e-01,3.676481842994689941e-01,2.987641394138336182e-01,-3.984997272491455078e-01,-4.177518486976623535e-01,4.150657355785369873e-01,-3.475582599639892578e-01,-3.268647491931915283e-01,-1.779217422008514404e-01,-1.101542636752128601e-01,1.025031227618455887e-02,7.362639158964157104e-02,-6.309530697762966156e-03,-6.313768774271011353e-02,-5.795073136687278748e-02,5.053890943527221680e-01,-6.105105280876159668e-01,-3.492929637432098389e-01,1.292368620634078979e-01,6.163254976272583008e-01,9.444005787372589111e-02,-3.510491847991943359e-01,5.987545475363731384e-02,-3.553284108638763428e-01,-1.199203655123710632e-01,-1.082757040858268738e-01,2.976226508617401123e-01,3.166663646697998047e-01,7.941355556249618530e-02,1.776474714279174805e-01,3.231281042098999023e-01,-1.300424784421920776e-01,-4.438681602478027344e-01,1.891390979290008545e-01,-4.171663522720336914e-02,1.388121247291564941e-01,-2.443122304975986481e-02,-1.716247349977493286e-01,9.871294349431991577e-02,7.814332842826843262e-02,1.157389506697654724e-01,-6.542210578918457031e-01,-1.491295173764228821e-02,5.194631218910217285e-01,4.914649426937103271e-01,2.303358316421508789e-01,3.149262815713882446e-02,-3.826836049556732178e-01,-8.206471800804138184e-02,2.546780109405517578e-01,-6.080996990203857422e-01,1.512052118778228760e-01,-5.944169163703918457e-01,-2.273611165583133698e-02,-1.596878170967102051e-01,-3.335770368576049805e-01,-2.575644254684448242e-01,4.606257677078247070e-01,3.132035490125417709e-03,-4.172373116016387939e-01,1.233370602130889893e-01,-1.804429143667221069e-01,3.469136655330657959e-01,1.060104072093963623e-01,1.928000748157501221e-01,2.373861707746982574e-02,-2.198766916990280151e-01,-2.932953089475631714e-02,-3.438296020030975342e-01,-2.731521725654602051e-01,6.131092905998229980e-01,-1.046101078391075134e-01,-2.119038067758083344e-02,2.621569335460662842e-01,-2.824465278536081314e-03,5.667480826377868652e-01,3.283025026321411133e-01,-1.269869692623615265e-02,-5.279013514518737793e-01,6.164782494306564331e-02,-1.293992996215820312e-01,4.916273951530456543e-01,-1.811328530311584473e-02,-6.658108830451965332e-01,-3.550662398338317871e-01,5.989250913262367249e-02,-1.678256839513778687e-01,2.586500644683837891e-01,-5.661672949790954590e-01,1.008287295699119568e-01,1.527444124221801758e-01,4.245021641254425049e-01,4.432274401187896729e-02,1.440297961235046387e-01,3.125309944152832031e-02,1.818452924489974976e-01,1.823874264955520630e-01,-3.102850615978240967e-01,-6.740649938583374023e-01,4.220156967639923096e-01,-3.290817439556121826e-01,-3.868965208530426025e-01,1.026927586644887924e-02,-2.420756593346595764e-02,4.803877472877502441e-01
3.531008958816528320e-01,6.171561032533645630e-02,-2.791418731212615967e-01,-4.395214095711708069e-02,7.678410410881042480e-01,9.537485986948013306e-02,1.838845759630203247e-01,-7.728026807308197021e-02,1.356582343578338623e-01,-1.585735939443111420e-02,-1.058429107069969177e-01,1.176876872777938843e-01,6.509573757648468018e-02,1.911108195781707764e-01,3.100532293319702148e-01,2.055413573980331421e-01,-1.261552572250366211e-01,2.293874770402908325e-01,2.176687121391296387e-01,-1.773626506328582764e-01,-8.944863080978393555e-02,6.481062620878219604e-02,-2.642892673611640930e-02,2.936596274375915527e-01,-2.087649852037429810e-01,-7.030866295099258423e-02,-3.266918361186981201e-01,-3.448423743247985840e-01,3.623554110527038574e-02,-4.633548855781555176e-01,-4.384409487247467041e-01,1.685970723628997803e-01,-2.485654354095458984e-01,-2.115141749382019043e-01,8.993202447891235352e-02,2.536108791828155518e-01,-1.265392899513244629e-01,-1.625831983983516693e-02,-1.182092353701591492e-01,-2.011772245168685913e-01,2.828653454780578613e-01,1.632368862628936768e-01,1.691004484891891479e-01,3.774916753172874451e-02,-2.239073440432548523e-02,1.632133871316909790e-01,-2.439714372158050537e-01,-2.440179586410522461e-01,4.818227142095565796e-02,3.814708292484283447e-01,2.179042845964431763e-01,-3.143451735377311707e-02,5.286113917827606201e-02,1.350942403078079224e-01,-2.384030669927597046e-01,-2.962895929813385010e-01,-9.453105181455612183e-02,-3.890487551689147949e-02,-3.577554225921630859e-01,1.895463615655899048e-01,-1.388407051563262939e-01,-9.969488717615604401e-03,7.393867708742618561e-04,-1.332286894321441650e-01,-5.270009115338325500e-02,1.285657584667205811e-01,2.798389196395874023e-01,4.516464769840240479e-01,1.439708322286605835e-01,4.420021772384643555e-01,-1.323765050619840622e-02,-1.868565529584884644e-01,4.091588556766510010e-01,-2.052145451307296753e-01,-5.935452133417129517e-02,-3.368781208992004395e-01,-1.473043765872716904e-02,4.103413969278335571e-02,6.955724209547042847e-02,-5.551309883594512939e-02,-3.428327143192291260e-01,-2.466100268065929413e-02,-4.586457312107086182e-01,-6.364172697067260742e-02,-2.146241962909698486e-01,-2.043420076370239258e-01,2.184710204601287842e-01,-1.897292584180831909e-02,1.547183189541101456e-02,-2.524845898151397705e-01,-4.915485680103302002e-01,2.436456270515918732e-02,4.238172769546508789e-01,1.035665571689605713e-01,1.346518993377685547e-01,-2.121056802570819855e-02,4.891791939735412598e-01,2.888182410970330238e-03,-9.862583130598068237e-02,2.974303364753723145e-01,8.948459476232528687e-02,-8.831244707107543945e-02,2.564567029476165771e-01,-6.811712682247161865e-02,-1.064292266964912415e-01,8.120797574520111084e-02,1.397134661674499512e-01,2.267588526010513306e-01,-7.098375260829925537e-02,5.003054440021514893e-02,-4.231968522071838379e-01,2.552247047424316406e-01,4.269122183322906494e-01,-5.605157017707824707e-01,3.000236451625823975e-01,-3.851844370365142822e-01,3.974605798721313477e-01,-3.344627320766448975e-01,2.125022374093532562e-02,-1.861150860786437988e-01,6.898006051778793335e-02,-2.251015417277812958e-02,1.090518683195114136e-01,-2.223284691572189331e-01,1.429838538169860840e-01,5.905564874410629272e-02,-2.095083743333816528e-01,1.528481990098953247e-01
2.856478989124298096e-01,-8.639630675315856934e-02,5.879880860447883606e-02,2.459777146577835083e-01,9.537485986948013306e-02,7.823891639709472656e-01,-1.049670055508613586e-01,-1.220347881317138672e-01,3.315774351358413696e-02,-5.447501316666603088e-02,5.732475966215133667e-02,2.438116222620010376e-01,-9.431821852922439575e-02,2.757703065872192383e-01,1.020726934075355530e-02,-1.240871623158454895e-01,-2.220069020986557007e-01,3.885291516780853271e-01,1.007159352302551270e-01,-4.363588243722915649e-02,-2.315215468406677246e-01,-7.175597827881574631e-03,2.386359497904777527e-02,3.451765775680541992e-01,-1.819558292627334595e-01,-2.739326059818267822e-01,-1.152371913194656372e-01,-2.457907199859619141e-01,2.245639637112617493e-02,-3.319029510021209717e-01,-1.239202022552490234e-01,-2.102840989828109741e-01,-9.177945554256439209e-02,-1.197354644536972046e-01,6.303267180919647217e-02,2.301158905029296875e-01,2.453347146511077881e-01,-1.203549280762672424e-01,-1.880827397108078003e-01,-2.301537431776523590e-02,-4.535381793975830078e-01,-4.147608950734138489e-02,1.964363008737564087e-01,-3.625815734267234802e-02,-2.113360166549682617e-01,3.811819553375244141e-01,2.690399289131164551e-01,-3.916000425815582275e-01,-3.647808432579040527e-01,3.283934891223907471e-01,4.425845742225646973e-01,-2.422316223382949829e-01,2.183174788951873779e-01,-3.862001299858093262e-01,-1.954382518306374550e-03,-2.691244781017303467e-01,-3.617362976074218750e-01,-1.145284622907638550e-01,-4.208077490329742432e-01,1.515375822782516479e-01,-3.714841604232788086e-01,1.598142832517623901e-01,-3.672301396727561951e-02,-2.804892659187316895e-01,-8.447243273258209229e-02,1.875876188278198242e-01,-4.812660068273544312e-02,9.579565376043319702e-02,4.795441329479217529e-01,-2.370657920837402344e-01,2.217758446931838989e-01,-1.471050083637237549e-01,4.039169251918792725e-01,-1.417124718427658081e-01,-6.041393056511878967e-02,-3.566839173436164856e-02,6.998327374458312988e-02,-2.220015525817871094e-01,1.785262972116470337e-01,-3.181804120540618896e-01,-8.557158708572387695e-02,-3.971381485462188721e-02,2.083054929971694946e-02,-1.893008798360824585e-01,-4.196412861347198486e-01,4.829604029655456543e-01,-2.190646231174468994e-01,-1.488306075334548950e-01,-4.507078528404235840e-01,3.623784333467483521e-02,-1.523973792791366577e-01,1.752459853887557983e-01,2.879928052425384521e-01,2.076116949319839478e-01,4.158142209053039551e-01,-3.240660130977630615e-01,3.830204904079437256e-02,9.725275449454784393e-03,-2.622951865196228027e-01,2.534259259700775146e-01,1.059367582201957703e-01,-2.501409649848937988e-01,1.872946470975875854e-01,-8.878996968269348145e-02,-2.668634653091430664e-01,5.863123536109924316e-01,-6.729432195425033569e-02,-1.038807556033134460e-01,4.732435941696166992e-01,2.281510531902313232e-01,1.712126540951430798e-03,-2.873699069023132324e-01,1.563353985548019409e-01,-1.587530672550201416e-01,-1.170066222548484802e-01,5.842125788331031799e-02,4.205906093120574951e-01,-3.187423050403594971e-01,2.592898011207580566e-01,-1.863253861665725708e-01,3.018525540828704834e-01,-7.213280349969863892e-02,2.397450655698776245e-01,1.531447470188140869e-01,-1.054634228348731995e-01,1.897138953208923340e-01,2.942673116922378540e-02,2.860603630542755127e-01
-3.877352476119995117e-01,4.652112722396850586e-02,-4.507478177547454834e-01,4.195576906204223633e-01,1.838845759630203247e-01,-1.049670055508613586e-01,8.258839845657348633e-01,-2.894844412803649902e-01,-3.429315686225891113e-01,2.411711066961288452e-01,-5.504361987113952637e-01,-1.646004766225814819e-01,1.886101961135864258e-01,-5.626684427261352539e-01,-1.349114030599594116e-01,2.501451969146728516e-01,2.679573297500610352e-01,-1.320542395114898682e-01,-5.216675400733947754e-01,-5.552219152450561523e-01,1.734005063772201538e-01,5.282059907913208008e-01,3.150437176227569580e-01,-2.870939373970031738e-01,4.275633990764617920e-01,5.712458491325378418e-01,-3.985830843448638916e-01,-1.377996951341629028e-01,6.594007015228271484e-01,-2.729745507240295410e-01,-1.641128957271575928e-01,2.349207401275634766e-01,-2.088970243930816650e-01,1.841084957122802734e-01,1.243915315717458725e-02,5.171502754092216492e-02,-4.193102121353149414e-01,1.011177599430084229e-01,5.089095830917358398e-01,-6.308490037918090820e-01,2.215948551893234253e-01,2.539065778255462646e-01,3.847829997539520264e-01,1.531653553247451782e-01,-1.271310299634933472e-01,-2.198709994554519653e-01,-7.097690701484680176e-01,8.967691659927368164e-02,3.729111254215240479e-01,-8.560316055081784725e-04,4.913619905710220337e-02,1.037576273083686829e-01,-4.848472028970718384e-02,5.656129121780395508e-01,-2.722927629947662354e-01,-2.606770694255828857e-01,4.814198017120361328e-01,5.288066715002059937e-02,4.136165380477905273e-01,-1.096761301159858704e-01,1.196168586611747742e-01,-1.474255025386810303e-01,1.109585314989089966e-01,5.161089301109313965e-01,-4.155263304710388184e-01,-1.346911638975143433e-01,5.665247440338134766e-01,4.303837120532989502e-01,-6.693816184997558594e-02,4.424301087856292725e-01,-5.626067519187927246e-01,3.366286680102348328e-02,1.023043021559715271e-01,-4.680344164371490479e-01,2.234244942665100098e-01,-6.140316724777221680e-01,-1.047802194952964783e-01,3.404397964477539062e-01,-3.405452668666839600e-01,2.521426975727081299e-01,5.815505385398864746e-01,3.454546630382537842e-02,-6.592392325401306152e-01,2.425300925970077515e-01,7.693477720022201538e-02,-2.729663848876953125e-01,5.460425615310668945e-01,3.234162032604217529e-01,4.539396762847900391e-01,-3.603923022747039795e-01,-2.664470970630645752e-01,-4.436812400817871094e-01,-1.756842136383056641e-01,2.542749047279357910e-01,-5.420680046081542969e-01,3.315908610820770264e-01,3.982468843460083008e-01,-1.363049540668725967e-02,7.079874277114868164e-01,1.258423626422882080e-01,-2.113851010799407959e-01,-1.002907678484916687e-01,1.251362413167953491e-01,-4.096483066678047180e-02,7.199783921241760254e-01,-2.353405505418777466e-01,-5.624426007270812988e-01,-3.369370102882385254e-01,-5.444089174270629883e-01,-3.584510684013366699e-01,-1.605029404163360596e-01,-2.966628074645996094e-01,2.758954167366027832e-01,2.131446152925491333e-01,6.946615576744079590e-01,1.969211548566818237e-02,-1.424470692873001099e-01,3.221868276596069336e-01,-4.476223513484001160e-02,2.949380278587341309e-01,-3.475163280963897705e-01,-5.953238606452941895e-01,1.022357195615768433e-01,-3.043342530727386475e-01,-2.231744676828384399e-01,-1.953629255294799805e-01,-1.588407009840011597e-01,1.248276010155677795e-01
5.817135572433471680e-01,9.044621884822845459e-02,-2.113861292600631714e-01,-3.249961137771606445e-01,-7.728026807308197021e-02,-1.220347881317138672e-01,-2.894844412803649902e-01,9.416863322257995605e-01,-2.690920233726501465e-02,-2.754397988319396973e-01,-7.362441718578338623e-02,-3.192616999149322510e-01,4.173023402690887451e-01,3.427640497684478760e-01,6.068211197853088379e-01,8.088135719299316406e-02,1.638945937156677246e-01,-5.700417160987854004e-01,5.232792496681213379e-01,6.185470819473266602e-01,-2.451902925968170166e-01,-4.275744855403900146e-01,1.002082526683807373e-01,-5.922994613647460938e-01,-4.684725776314735413e-02,-7.027955055236816406e-01,5.809342265129089355e-01,2.979973554611206055e-01,-5.678406357765197754e-01,-1.423779278993606567e-01,-8.653583377599716187e-02,6.307484209537506104e-02,6.163586378097534180e-01,-6.343731284141540527e-02,-1.833323687314987183e-01,-6.097205877304077148e-01,-1.064799875020980835e-01,2.088211923837661743e-01,-1.769297569990158081e-01,-6.370065361261367798e-02,3.425398468971252441e-02,2.368332892656326294e-01,-5.754764080047607422e-01,9.533846750855445862e-03,8.122039437294006348e-01,-6.456990242004394531e-01,-2.562277950346469879e-02,3.250326216220855713e-01,2.755056619644165039e-01,-4.366735816001892090e-01,-4.838915914297103882e-02,6.362836956977844238e-01,-1.473405957221984863e-01,-2.681063413619995117e-01,3.380920886993408203e-01,3.790661692619323730e-01,2.050715088844299316e-01,2.108918577432632446e-01,3.699500560760498047e-01,-1.062087267637252808e-01,3.253180086612701416e-01,1.597605645656585693e-01,7.575072348117828369e-02,-1.872160583734512329e-01,3.760377168655395508e-01,-2.898233756422996521e-02,-5.879743397235870361e-02,-3.069692254066467285e-01,-3.521733582019805908e-01,8.441446349024772644e-03,-3.223884701728820801e-01,-6.137386560440063477e-01,-5.064001083374023438e-01,2.130470126867294312e-01,-9.070059657096862793e-02,1.781408637762069702e-01,-2.628594264388084412e-02,2.653501555323600769e-02,-5.592202544212341309e-01,-2.598023116588592529e-01,-4.415855407714843750e-01,5.052799358963966370e-02,3.699268400669097900e-01,1.734996289014816284e-01,5.060880184173583984e-01,2.399393916130065918e-01,-2.596042454242706299e-01,-2.009296789765357971e-02,4.036557674407958984e-01,1.621516048908233643e-01,4.607127010822296143e-01,-3.106624484062194824e-01,-2.279633283615112305e-01,-3.536932170391082764e-01,2.752402424812316895e-02,-5.968182086944580078e-01,8.992743492126464844e-02,-1.354848220944404602e-02,-2.601123750209808350e-01,2.856506705284118652e-01,1.219935566186904907e-01,5.324923992156982422e-01,-3.229904472827911377e-01,-2.402115426957607269e-02,7.475377619266510010e-02,2.929902374744415283e-01,1.054705157876014709e-01,3.840517699718475342e-01,-2.366840392351150513e-01,5.507616442628204823e-04,5.297626852989196777e-01,3.472182750701904297e-01,-2.861022353172302246e-01,-1.492965128272771835e-02,-2.401508390903472900e-01,-2.528208196163177490e-01,-5.173993706703186035e-01,3.667109012603759766e-01,-8.172069191932678223e-01,2.423357777297496796e-02,-4.856826364994049072e-01,5.756101608276367188e-01,-4.876909255981445312e-01,2.132242731750011444e-02,7.786198258399963379e-01,-4.854494631290435791e-01,1.398887038230895996e-01,9.399411827325820923e-02
3.235784471035003662e-01,-1.891097170300781727e-03,1.639175862073898315e-01,-3.723960369825363159e-02,1.356582343578338623e-01,3.315774351358413696e-02,-3.429315686225891113e-01,-2.690920233726501465e-02,5.122523903846740723e-01,-7.671522349119186401e-02,1.926706284284591675e-01,2.517486512660980225e-01,8.704627305269241333e-02,5.879282355308532715e-01,3.353013470768928528e-02,8.197735995054244995e-03,-3.105955123901367188e-01,4.872577488422393799e-01,3.452499210834503174e-01,2.272606194019317627e-01,-4.902439713478088379e-01,-1.532642990350723267e-01,4.616624116897583008e-02,3.784974813461303711e-01,-1.881276965141296387e-01,-2.430094927549362183e-01,-6.109783053398132324e-02,-3.391093909740447998e-01,-3.738363087177276611e-01,-3.934749215841293335e-02,-3.416700363159179688e-01,-2.463701069355010986e-01,-3.694890066981315613e-02,-3.647381961345672607e-01,1.316169798374176025e-01,9.080516546964645386e-02,2.669274508953094482e-01,-1.462042182683944702e-01,-1.710100173950195312e-01,1.287959963083267212e-01,-1.121075525879859924e-01,-8.203851431608200073e-02,1.389272361993789673e-01,-5.127619579434394836e-02,-2.677415907382965088e-01,4.216711819171905518e-01,3.095448911190032959e-01,-2.083717882633209229e-01,-2.943891584873199463e-01,4.351138472557067871e-01,1.308513879776000977e-01,-1.004058867692947388e-02,2.090205252170562744e-01,-1.798731237649917603e-01,2.501941286027431488e-02,-1.817533671855926514e-01,-3.447158634662628174e-01,-1.094039529561996460e-01,-5.168288350105285645e-01,1.548730731010437012e-01,-4.309228658676147461e-01,2.285070866346359253e-01,-4.581804946064949036e-02,-4.732617735862731934e-01,-1.617467403411865234e-01,1.519275605678558350e-01,-7.656985521316528320e-02,1.556107252836227417e-01,2.177532911300659180e-01,-2.687003016471862793e-01,3.170466721057891846e-01,-3.594876732677221298e-03,2.582107186317443848e-01,-1.096004713326692581e-02,-1.447293013334274292e-01,-1.344958133995532990e-02,6.769839674234390259e-02,-4.930360913276672363e-01,1.349212378263473511e-01,-4.156249463558197021e-01,-3.653471469879150391e-01,-4.274709522724151611e-02,1.253615021705627441e-01,-1.315396279096603394e-01,-3.364091813564300537e-01,3.330215811729431152e-01,-3.283995091915130615e-01,-1.454570740461349487e-01,-3.888944089412689209e-01,1.726569607853889465e-02,-1.632165536284446716e-02,2.515255808830261230e-01,1.709785014390945435e-01,1.771214753389358521e-01,4.069263637065887451e-01,-1.700106710195541382e-01,-1.161363208666443825e-03,1.184941548854112625e-02,-2.963779568672180176e-01,2.790059149265289307e-01,2.314128428697586060e-01,-3.330893814563751221e-01,3.729780903086066246e-03,-8.395404368638992310e-02,-4.852318167686462402e-01,-5.818931758403778076e-02,2.420554757118225098e-01,2.054827958345413208e-01,5.738438367843627930e-01,2.045105844736099243e-01,3.515312448143959045e-02,4.904868081212043762e-02,3.884390369057655334e-02,-4.194591939449310303e-01,-3.552101254463195801e-01,-3.190075159072875977e-01,4.856839179992675781e-01,-4.650910198688507080e-01,2.994830310344696045e-01,-1.908552646636962891e-01,1.446240991353988647e-01,9.372121095657348633e-02,2.268727123737335205e-01,-3.384860977530479431e-02,-3.383154422044754028e-02,1.756899803876876831e-01,2.225380204617977142e-02,2.452843785285949707e-01
-2.663127481937408447e-01,-2.343884203583002090e-03,-4.580090194940567017e-02,1.466133296489715576e-01,-1.585735939443111420e-02,-5.447501316666603088e-02,2.411711066961288452e-01,-2.754397988319396973e-01,-7.671522349119186401e-02,1.062280312180519104e-01,-1.133824437856674194e-01,-3.325414378196001053e-03,-2.613802626729011536e-02,-2.359013408422470093e-01,-1.639982759952545166e-01,2.796164900064468384e-02,4.923253878951072693e-02,5.072630941867828369e-02,-2.340467572212219238e-01,-2.347571104764938354e-01,9.825620055198669434e-02,1.896927207708358765e-01,7.707655429840087891e-02,8.969026617705821991e-03,1.289705336093902588e-01,3.224638402462005615e-01,-1.736741811037063599e-01,-6.205285713076591492e-02,2.804181873798370361e-01,1.282891351729631424e-02,2.152223512530326843e-02,2.753645740449428558e-02,-1.289448291063308716e-01,7.546068727970123291e-02,2.406205236911773682e-02,7.423732429742813110e-02,-7.173692435026168823e-02,-1.030728779733181000e-02,1.887892335653305054e-01,-1.351512670516967773e-01,2.789250016212463379e-02,7.017164491117000580e-03,2.183154225349426270e-01,3.144847974181175232e-02,-1.972600519657135010e-01,4.421128705143928528e-02,-1.637093424797058105e-01,5.714247934520244598e-03,3.628391399979591370e-02,4.010115563869476318e-02,-1.899661868810653687e-02,-7.441566139459609985e-02,9.344808058813214302e-04,2.128517180681228638e-01,-9.534791857004165649e-02,-9.571412205696105957e-02,9.899416565895080566e-02,-1.467804145067930222e-02,8.607699722051620483e-02,-2.696077525615692139e-02,-1.734158373437821865e-03,-6.310182064771652222e-02,1.481435075402259827e-02,1.869123429059982300e-01,-1.893154084682464600e-01,-4.362267255783081055e-02,1.380146741867065430e-01,1.390422284603118896e-01,1.554561872035264969e-02,8.393216878175735474e-02,-9.056592732667922974e-02,1.573918163776397705e-01,6.521238386631011963e-02,-1.473187804222106934e-01,6.868766248226165771e-02,-1.748865395784378052e-01,-2.057993970811367035e-02,6.990379840135574341e-02,1.417585462331771851e-02,1.276856511831283569e-01,2.688012719154357910e-01,3.351530293002724648e-03,-2.048982828855514526e-01,3.920266777276992798e-02,-2.970859780907630920e-02,-1.195177212357521057e-01,1.601447165012359619e-01,8.413141965866088867e-02,5.224241688847541809e-02,-8.912763744592666626e-02,-7.772840559482574463e-02,-6.748203188180923462e-02,-6.791205704212188721e-02,1.325425207614898682e-01,-1.553301811218261719e-01,2.052750289440155029e-01,4.115099087357521057e-02,-1.487581874243915081e-03,2.677988708019256592e-01,-7.512219250202178955e-02,-7.298929989337921143e-02,-1.301630437374114990e-01,5.052060633897781372e-02,5.429347511380910873e-03,2.033165544271469116e-01,-1.545310765504837036e-01,-1.866622120141983032e-01,-1.435602307319641113e-01,-1.076994836330413818e-01,-9.594403952360153198e-02,-1.004464477300643921e-01,-1.544553041458129883e-01,6.284891068935394287e-02,1.139964386820793152e-01,2.162202745676040649e-01,7.312127202749252319e-02,1.630105450749397278e-02,4.592871293425559998e-02,1.604399681091308594e-01,8.735565096139907837e-02,-1.794966869056224823e-02,-2.829113900661468506e-01,9.976218640804290771e-02,-8.526439219713211060e-02,-2.372878342866897583e-01,1.594923622906208038e-02,-4.040102660655975342e-02,-4.993868060410022736e-03
3.491976857185363770e-02,-9.640195965766906738e-02,5.818215012550354004e-01,-4.577180743217468262e-01,-1.058429107069969177e-01,5.732475966215133667e-02,-5.504361987113952637e-01,-7.362441718578338623e-02,1.926706284284591675e-01,-1.133824437856674194e-01,6.851643919944763184e-01,1.970780044794082642e-01,-6.315851807594299316e-01,2.095644623041152954e-01,-8.167309314012527466e-02,-3.117808699607849121e-01,-2.253220826387405396e-01,1.379430741071701050e-01,2.248557806015014648e-01,3.376791179180145264e-01,2.912509143352508545e-01,-3.335523903369903564e-01,-6.553595066070556641e-01,5.434293746948242188e-01,-4.761254489421844482e-01,-2.151505947113037109e-01,2.831711769104003906e-01,2.666598558425903320e-01,-3.725352287292480469e-01,4.739457368850708008e-01,3.876739442348480225e-01,-3.474018350243568420e-02,-6.673944741487503052e-02,-1.161248609423637390e-01,1.596304029226303101e-02,2.659118175506591797e-01,3.381208181381225586e-01,-1.050601005554199219e-01,-6.160309910774230957e-01,8.040120005607604980e-01,5.255279317498207092e-02,-3.182549774646759033e-01,-3.929050862789154053e-01,-1.585634350776672363e-01,-8.926426619291305542e-02,4.352841973304748535e-01,6.996782422065734863e-01,-1.342114359140396118e-01,-2.145642340183258057e-01,-9.642754681408405304e-03,-2.277017533779144287e-01,-4.341012239456176758e-01,-5.694616120308637619e-03,-5.064010620117187500e-01,1.350533664226531982e-01,2.943162024021148682e-01,-5.313870906829833984e-01,-9.915918856859207153e-02,-5.350973010063171387e-01,1.034920662641525269e-01,-1.806367486715316772e-01,-1.265055779367685318e-02,-1.475823819637298584e-01,-2.721489667892456055e-01,5.136867761611938477e-01,1.111349835991859436e-01,-6.995047926902770996e-01,-5.216716527938842773e-01,1.243018284440040588e-01,-3.833342492580413818e-01,7.608102560043334961e-01,3.683800101280212402e-01,2.867110818624496460e-02,6.307181119918823242e-01,-1.956842392683029175e-01,6.895492076873779297e-01,9.313015639781951904e-02,-1.067623570561408997e-01,6.816954016685485840e-01,1.539863795042037964e-01,-3.690720200538635254e-01,-4.454369097948074341e-02,5.364547967910766602e-01,-3.025152683258056641e-01,-1.922685801982879639e-01,-1.287839859724044800e-01,-3.207019865512847900e-01,-3.291360139846801758e-01,-4.954835474491119385e-01,3.156687617301940918e-01,-3.472743928432464600e-02,6.697188019752502441e-01,4.385939538478851318e-01,-4.484314918518066406e-01,3.491176962852478027e-01,1.018706485629081726e-01,-4.790655374526977539e-01,1.528018247336149216e-02,-6.859076619148254395e-01,-3.778340816497802734e-01,6.631934642791748047e-02,2.022038102149963379e-01,2.067412808537483215e-02,1.135113835334777832e-01,-8.055308461189270020e-01,1.075145304203033447e-01,7.060739398002624512e-01,2.335450500249862671e-01,4.307620227336883545e-01,3.468853831291198730e-01,-3.545254170894622803e-01,3.305710852146148682e-01,-7.590869069099426270e-02,-1.734932959079742432e-01,-6.596592664718627930e-01,1.279383599758148193e-01,2.452705204486846924e-01,-3.627287149429321289e-01,3.428739607334136963e-01,-2.949858605861663818e-01,7.126318812370300293e-01,5.262001156806945801e-01,-1.691751778125762939e-01,4.924207925796508789e-01,1.691862568259239197e-02,2.833424806594848633e-01,7.160521298646926880e-02,-4.446916580200195312e-01
8.458416908979415894e-02,-5.035524442791938782e-02,1.832921952009201050e-01,4.923190176486968994e-02,1.176876872777938843e-01,2.438116222620010376e-01,-1.646004766225814819e-01,-3.192616999149322510e-01,2.517486512660980225e-01,-3.325414378196001053e-03,1.970780044794082642e-01,2.659894227981567383e-01,-1.804171800613403320e-01,2.621998786926269531e-01,-1.285841315984725952e-01,-6.225064396858215332e-02,-2.586494386196136475e-01,5.046150088310241699e-01,8.441933989524841309e-02,-4.458184167742729187e-02,-1.523334383964538574e-01,1.870769076049327850e-02,-8.568415790796279907e-02,5.164095163345336914e-01,-1.779430806636810303e-01,4.347314592450857162e-03,-1.905739754438400269e-01,-2.889474630355834961e-01,-3.369416669011116028e-02,-3.622387722134590149e-02,-1.164230182766914368e-01,-1.565585285425186157e-01,-2.420099228620529175e-01,-1.758726537227630615e-01,1.137243285775184631e-01,2.663241624832153320e-01,2.334936857223510742e-01,-1.518792808055877686e-01,-1.646872609853744507e-01,1.572733223438262939e-01,-1.342717856168746948e-01,-1.368950456380844116e-01,2.623385190963745117e-01,-4.719312861561775208e-02,-4.080292284488677979e-01,5.370675325393676758e-01,2.840126752853393555e-01,-2.755557894706726074e-01,-2.968471348285675049e-01,3.868039250373840332e-01,1.981639266014099121e-01,-2.665939629077911377e-01,1.730388104915618896e-01,-1.799880713224411011e-01,-7.766909897327423096e-02,-2.316377013921737671e-01,-3.440760970115661621e-01,-1.315530389547348022e-01,-5.267608165740966797e-01,1.481278389692306519e-01,-3.763058185577392578e-01,8.567672967910766602e-02,-6.333637237548828125e-02,-2.823780775070190430e-01,-1.401177346706390381e-01,1.364489793777465820e-01,-1.102434620261192322e-01,1.381340920925140381e-01,2.795000970363616943e-01,-2.162111401557922363e-01,3.872686028480529785e-01,1.526621133089065552e-01,3.643683195114135742e-01,-3.342339023947715759e-02,-7.849693298339843750e-02,1.304750796407461166e-02,6.042496860027313232e-02,-2.853137850761413574e-01,3.776756525039672852e-01,-1.760433167219161987e-01,-1.313932240009307861e-01,-4.507827013731002808e-02,-1.872896216809749603e-02,-1.770108491182327271e-01,-4.014498591423034668e-01,1.832529604434967041e-01,-1.473023295402526855e-01,-1.274880170822143555e-01,-4.630665481090545654e-01,1.263918075710535049e-02,-1.751302480697631836e-01,3.250696957111358643e-01,2.871470749378204346e-01,1.641747951507568359e-01,3.280771672725677490e-01,7.721962407231330872e-03,-4.282967373728752136e-02,1.227963622659444809e-02,-2.209830880165100098e-01,7.601610571146011353e-02,9.874889999628067017e-02,-3.493136465549468994e-01,1.403001397848129272e-01,-4.269862547516822815e-02,-4.181716144084930420e-01,5.435236543416976929e-02,1.781701445579528809e-01,1.435861177742481232e-02,5.102100372314453125e-01,1.837226003408432007e-01,-2.147421687841415405e-01,-6.497705727815628052e-02,1.265948861837387085e-01,-2.704287171363830566e-01,-1.629820168018341064e-01,-6.193433701992034912e-02,5.401615500450134277e-01,-4.423044919967651367e-01,5.029631257057189941e-01,-1.850022077560424805e-01,3.930598795413970947e-01,-8.599083125591278076e-02,2.576161324977874756e-01,7.965869456529617310e-02,-2.724025547504425049e-01,2.720038592815399170e-01,-1.448653731495141983e-02,1.112322881817817688e-01
