9.999982714653015137e-01,-9.999985694885253906e-01,-9.999934434890747070e-01,9.999980330467224121e-01,9.999988675117492676e-01,-9.999988079071044922e-01,9.999958276748657227e-01,9.999991059303283691e-01,-9.999971985816955566e-01,9.999981522560119629e-01,-9.999987483024597168e-01,-9.999989271163940430e-01,9.999980926513671875e-01,9.999983906745910645e-01,9.999917745590209961e-01,9.999963641166687012e-01,9.999973177909851074e-01,-9.999984502792358398e-01,9.999932646751403809e-01,-9.999990463256835938e-01,-9.999989271163940430e-01,9.999927878379821777e-01,9.999985694885253906e-01,9.999981522560119629e-01,9.999888539314270020e-01,9.999989271163940430e-01,-9.999983310699462891e-01,-9.999988079071044922e-01,9.999891519546508789e-01,-9.999959468841552734e-01,-9.999923706054687500e-01,-9.999983906745910645e-01,9.999890327453613281e-01,9.999963045120239258e-01,-9.999977350234985352e-01,9.999004006385803223e-01,9.999990463256835938e-01,9.999986290931701660e-01,9.999916553497314453e-01,-9.999988675117492676e-01,9.999986886978149414e-01,-9.999914169311523438e-01,9.999798536300659180e-01,9.999988675117492676e-01,9.999983906745910645e-01,9.999982714653015137e-01,-9.999933242797851562e-01,9.999985098838806152e-01,9.999988079071044922e-01,-9.999985098838806152e-01,-9.999987483024597168e-01,-9.999983310699462891e-01,-9.999988079071044922e-01,-9.999928474426269531e-01,-9.999982118606567383e-01,-9.999980926513671875e-01,-9.999948740005493164e-01,9.999722838401794434e-01,9.999971985816955566e-01,9.999984502792358398e-01,-9.999983310699462891e-01,9.999989867210388184e-01,9.999983906745910645e-01,9.999954104423522949e-01,-9.999953508377075195e-01,-9.999987483024597168e-01,-9.999991059303283691e-01,-9.999958872795104980e-01,-9.999988675117492676e-01,9.999985098838806152e-01,-9.999986886978149414e-01,9.999977946281433105e-01,9.999898672103881836e-01,-9.999935626983642578e-01,-9.999768137931823730e-01,-9.999983310699462891e-01,9.999927878379821777e-01,9.999986886978149414e-01,-9.999944567680358887e-01,-9.999961853027343750e-01,9.999719858169555664e-01,9.999977350234985352e-01,-9.999988675117492676e-01,9.999979138374328613e-01,-9.999982714653015137e-01,-9.999892115592956543e-01,9.999809861183166504e-01,9.999988675117492676e-01,9.999852776527404785e-01,9.998790025711059570e-01,-9.999965429306030273e-01,9.999983906745910645e-01,-9.999825358390808105e-01,-9.999976754188537598e-01,9.999980926513671875e-01,-9.999978542327880859e-01,-9.999912381172180176e-01,9.999989271163940430e-01,-9.999988079071044922e-01,9.999959468841552734e-01,-9.999967813491821289e-01,9.999987483024597168e-01,-9.999233484268188477e-01,9.996210932731628418e-01,9.999985694885253906e-01,9.999973177909851074e-01,-9.999790191650390625e-01,-9.999983310699462891e-01,-9.999939799308776855e-01,9.999985098838806152e-01,-9.999984502792358398e-01,9.999981522560119629e-01,-9.999983310699462891e-01,-9.999646544456481934e-01,9.999991059303283691e-01,-9.999977946281433105e-01,9.999989271163940430e-01,-9.999982118606567383e-01,-9.999950528144836426e-01,-9.999978542327880859e-01,-9.999988079071044922e-01,9.999964237213134766e-01,9.999983310699462891e-01,-9.999976158142089844e-01,-9.999892115592956543e-01,-9.999954700469970703e-01,9.999903440475463867e-01,-9.999954700469970703e-01
-9.999985694885253906e-01,9.999988675117492676e-01,9.999946355819702148e-01,-9.999983906745910645e-01,-9.999990463256835938e-01,9.999990463256835938e-01,-9.999965429306030273e-01,-9.999993443489074707e-01,9.999976158142089844e-01,-9.999984502792358398e-01,9.999989867210388184e-01,9.999991655349731445e-01,-9.999984502792358398e-01,-9.999986886978149414e-01,-9.999932646751403809e-01,-9.999970197677612305e-01,-9.999977946281433105e-01,9.999986290931701660e-01,-9.999945759773254395e-01,9.999992251396179199e-01,9.999991059303283691e-01,-9.999939799308776855e-01,-9.999988079071044922e-01,-9.999985098838806152e-01,-9.999908208847045898e-01,-9.999992251396179199e-01,9.999985694885253906e-01,9.999990463256835938e-01,-9.999910593032836914e-01,9.999966621398925781e-01,9.999937415122985840e-01,9.999985694885253906e-01,-9.999909996986389160e-01,-9.999969601631164551e-01,9.999980926513671875e-01,-9.999181628227233887e-01,-9.999992251396179199e-01,-9.999988675117492676e-01,-9.999932050704956055e-01,9.999991059303283691e-01,-9.999988675117492676e-01,9.999929666519165039e-01,-9.999834299087524414e-01,-9.999991655349731445e-01,-9.999986290931701660e-01,-9.999985098838806152e-01,9.999945163726806641e-01,-9.999987483024597168e-01,-9.999989271163940430e-01,9.999988079071044922e-01,9.999990463256835938e-01,9.999986290931701660e-01,9.999991655349731445e-01,9.999942183494567871e-01,9.999985694885253906e-01,9.999985098838806152e-01,9.999957680702209473e-01,-9.999772310256958008e-01,-9.999976754188537598e-01,-9.999986886978149414e-01,9.999986886978149414e-01,-9.999991059303283691e-01,-9.999986886978149414e-01,-9.999961853027343750e-01,9.999961853027343750e-01,9.999989867210388184e-01,9.999992847442626953e-01,9.999966025352478027e-01,9.999991059303283691e-01,-9.999988675117492676e-01,9.999990463256835938e-01,-9.999982118606567383e-01,-9.999917149543762207e-01,9.999946951866149902e-01,9.999809265136718750e-01,9.999985694885253906e-01,-9.999940395355224609e-01,-9.999988675117492676e-01,9.999955296516418457e-01,9.999968409538269043e-01,-9.999769330024719238e-01,-9.999980330467224121e-01,9.999991059303283691e-01,-9.999983310699462891e-01,9.999985098838806152e-01,9.999910593032836914e-01,-9.999844431877136230e-01,-9.999991059303283691e-01,-9.999879002571105957e-01,-9.999006390571594238e-01,9.999970793724060059e-01,-9.999986886978149414e-01,9.999856352806091309e-01,9.999980330467224121e-01,-9.999985098838806152e-01,9.999982714653015137e-01,9.999928474426269531e-01,-9.999992251396179199e-01,9.999991059303283691e-01,-9.999966025352478027e-01,9.999972581863403320e-01,-9.999991059303283691e-01,9.999369382858276367e-01,-9.996885061264038086e-01,-9.999988079071044922e-01,-9.999977350234985352e-01,9.999827742576599121e-01,9.999986290931701660e-01,9.999950528144836426e-01,-9.999986886978149414e-01,9.999987483024597168e-01,-9.999984502792358398e-01,9.999986290931701660e-01,9.999709725379943848e-01,-9.999992251396179199e-01,9.999981522560119629e-01,-9.999991059303283691e-01,9.999986290931701660e-01,9.999959468841552734e-01,9.999982118606567383e-01,9.999989271163940430e-01,-9.999969601631164551e-01,-9.999986290931701660e-01,9.999980330467224121e-01,9.999910593032836914e-01,9.999962449073791504e-01,-9.999920129776000977e-01,9.999961256980895996e-01
-9.999934434890747070e-01,9.999946355819702148e-01,9.999739527702331543e-01,-9.999921321868896484e-01,-9.999956488609313965e-01,9.999951720237731934e-01,-9.999833106994628906e-01,-9.999960660934448242e-01,9.999887943267822266e-01,-9.999924898147583008e-01,9.999950528144836426e-01,9.999956488609313965e-01,-9.999924302101135254e-01,-9.999939799308776855e-01,-9.999668002128601074e-01,-9.999859333038330078e-01,-9.999895691871643066e-01,9.999938011169433594e-01,-9.999732971191406250e-01,9.999963045120239258e-01,9.999957680702209473e-01,-9.999709129333496094e-01,-9.999943375587463379e-01,-9.999930858612060547e-01,-9.999549388885498047e-01,-9.999958872795104980e-01,9.999933242797851562e-01,9.999955892562866211e-01,-9.999560713768005371e-01,9.999839663505554199e-01,9.999690651893615723e-01,9.999935626983642578e-01,-9.999556541442871094e-01,-9.999853372573852539e-01,9.999911785125732422e-01,-9.995979666709899902e-01,-9.999960064888000488e-01,-9.999943971633911133e-01,-9.999664425849914551e-01,9.999955296516418457e-01,-9.999946355819702148e-01,9.999653100967407227e-01,-9.999188184738159180e-01,-9.999955892562866211e-01,-9.999933838844299316e-01,-9.999932050704956055e-01,9.999731183052062988e-01,-9.999939799308776855e-01,-9.999951124191284180e-01,9.999941587448120117e-01,9.999951124191284180e-01,9.999932646751403809e-01,9.999955296516418457e-01,9.999716281890869141e-01,9.999929666519165039e-01,9.999927878379821777e-01,9.999795556068420410e-01,-9.998881816864013672e-01,-9.999887943267822266e-01,-9.999937415122985840e-01,9.999937415122985840e-01,-9.999958276748657227e-01,-9.999936819076538086e-01,-9.999815225601196289e-01,9.999814629554748535e-01,9.999953508377075195e-01,9.999961256980895996e-01,9.999839067459106445e-01,9.999957680702209473e-01,-9.999943375587463379e-01,9.999950528144836426e-01,-9.999912977218627930e-01,-9.999592900276184082e-01,9.999743103981018066e-01,9.999064803123474121e-01,9.999934434890747070e-01,-9.999706745147705078e-01,-9.999949336051940918e-01,9.999780654907226562e-01,9.999847412109375000e-01,-9.998864531517028809e-01,-9.999909400939941406e-01,9.999954104423522949e-01,-9.999918341636657715e-01,9.999932050704956055e-01,9.999562501907348633e-01,-9.999232888221740723e-01,-9.999957084655761719e-01,-9.999404549598693848e-01,-9.995118975639343262e-01,9.999862313270568848e-01,-9.999935626983642578e-01,9.999293684959411621e-01,9.999908804893493652e-01,-9.999926686286926270e-01,9.999914765357971191e-01,9.999645948410034180e-01,-9.999959468841552734e-01,9.999952316284179688e-01,-9.999839067459106445e-01,9.999870657920837402e-01,-9.999952912330627441e-01,9.996907114982604980e-01,-9.984716176986694336e-01,-9.999946355819702148e-01,-9.999892711639404297e-01,9.999150633811950684e-01,9.999934434890747070e-01,9.999756217002868652e-01,-9.999940991401672363e-01,9.999939203262329102e-01,-9.999929666519165039e-01,9.999932050704956055e-01,9.998570680618286133e-01,-9.999960660934448242e-01,9.999911785125732422e-01,-9.999958276748657227e-01,9.999932050704956055e-01,9.999800324440002441e-01,9.999914765357971191e-01,9.999951720237731934e-01,-9.999856948852539062e-01,-9.999933242797851562e-01,9.999905824661254883e-01,9.999563097953796387e-01,9.999817013740539551e-01,-9.999607205390930176e-01,9.999818205833435059e-01
9.999980330467224121e-01,-9.999983906745910645e-01,-9.999921321868896484e-01,9.999976754188537598e-01,9.999986886978149414e-01,-9.999985098838806152e-01,9.999948740005493164e-01,9.999989271163940430e-01,-9.999965429306030273e-01,9.999977350234985352e-01,-9.999984502792358398e-01,-9.999987483024597168e-01,9.999976754188537598e-01,9.999981522560119629e-01,9.999900460243225098e-01,9.999957680702209473e-01,9.999968409538269043e-01,-9.999980926513671875e-01,9.999920129776000977e-01,-9.999989271163940430e-01,-9.999986886978149414e-01,9.999912977218627930e-01,9.999983310699462891e-01,9.999979138374328613e-01,9.999864101409912109e-01,9.999987483024597168e-01,-9.999979734420776367e-01,-9.999986290931701660e-01,9.999867677688598633e-01,-9.999952316284179688e-01,-9.999907016754150391e-01,-9.999980330467224121e-01,9.999866485595703125e-01,9.999956488609313965e-01,-9.999973177909851074e-01,9.998784065246582031e-01,9.999988079071044922e-01,9.999983906745910645e-01,9.999898672103881836e-01,-9.999986290931701660e-01,9.999983906745910645e-01,-9.999896287918090820e-01,9.999756217002868652e-01,9.999986290931701660e-01,9.999980330467224121e-01,9.999979734420776367e-01,-9.999918937683105469e-01,9.999981522560119629e-01,9.999985098838806152e-01,-9.999982118606567383e-01,-9.999985694885253906e-01,-9.999979734420776367e-01,-9.999986290931701660e-01,-9.999914765357971191e-01,-9.999979138374328613e-01,-9.999977946281433105e-01,-9.999939203262329102e-01,9.999661445617675781e-01,9.999965429306030273e-01,9.999980926513671875e-01,-9.999980926513671875e-01,9.999986290931701660e-01,9.999980330467224121e-01,9.999944567680358887e-01,-9.999944567680358887e-01,-9.999985694885253906e-01,-9.999989271163940430e-01,-9.999951720237731934e-01,-9.999987483024597168e-01,9.999982714653015137e-01,-9.999985098838806152e-01,9.999973177909851074e-01,9.999877214431762695e-01,-9.999922513961791992e-01,-9.999716877937316895e-01,-9.999979734420776367e-01,9.999911785125732422e-01,9.999984502792358398e-01,-9.999933838844299316e-01,-9.999954104423522949e-01,9.999657869338989258e-01,9.999971985816955566e-01,-9.999986886978149414e-01,9.999975562095642090e-01,-9.999979138374328613e-01,-9.999868869781494141e-01,9.999768733978271484e-01,9.999986886978149414e-01,9.999821186065673828e-01,9.998524785041809082e-01,-9.999958872795104980e-01,9.999980330467224121e-01,-9.999787807464599609e-01,-9.999971389770507812e-01,9.999977946281433105e-01,-9.999973773956298828e-01,-9.999893307685852051e-01,9.999988079071044922e-01,-9.999986290931701660e-01,9.999951720237731934e-01,-9.999960660934448242e-01,9.999985694885253906e-01,-9.999064803123474121e-01,9.995375275611877441e-01,9.999983310699462891e-01,9.999968409538269043e-01,-9.999744892120361328e-01,-9.999979734420776367e-01,-9.999927282333374023e-01,9.999982118606567383e-01,-9.999982118606567383e-01,9.999979138374328613e-01,-9.999980330467224121e-01,-9.999568462371826172e-01,9.999988675117492676e-01,-9.999973773956298828e-01,9.999986886978149414e-01,-9.999979734420776367e-01,-9.999939799308776855e-01,-9.999974370002746582e-01,-9.999986290931701660e-01,9.999957084655761719e-01,9.999979734420776367e-01,-9.999971985816955566e-01,-9.999868273735046387e-01,-9.999945163726806641e-01,9.999882578849792480e-01,-9.999945163726806641e-01
9.999988675117492676e-01,-9.999990463256835938e-01,-9.999956488609313965e-01,9.999986886978149414e-01,9.999993443489074707e-01,-9.999992251396179199e-01,9.999971389770507812e-01,9.999994635581970215e-01,-9.999980926513671875e-01,9.999986886978149414e-01,-9.999993443489074707e-01,-9.999993443489074707e-01,9.999986886978149414e-01,9.999989271163940430e-01,9.999945163726806641e-01,9.999976754188537598e-01,9.999982714653015137e-01,-9.999989867210388184e-01,9.999955892562866211e-01,-9.999994039535522461e-01,-9.999992847442626953e-01,9.999952316284179688e-01,9.999991059303283691e-01,9.999988675117492676e-01,9.999926090240478516e-01,9.999993443489074707e-01,-9.999988079071044922e-01,-9.999992847442626953e-01,9.999927878379821777e-01,-9.999973177909851074e-01,-9.999949336051940918e-01,-9.999988675117492676e-01,9.999927282333374023e-01,9.999975562095642090e-01,-9.999985098838806152e-01,9.999337196350097656e-01,9.999994039535522461e-01,9.999991059303283691e-01,9.999943971633911133e-01,-9.999992847442626953e-01,9.999990463256835938e-01,-9.999942779541015625e-01,9.999866485595703125e-01,9.999992847442626953e-01,9.999989271163940430e-01,9.999988079071044922e-01,-9.999955892562866211e-01,9.999990463256835938e-01,9.999992251396179199e-01,-9.999989867210388184e-01,-9.999992251396179199e-01,-9.999988675117492676e-01,-9.999992847442626953e-01,-9.999953508377075195e-01,-9.999988079071044922e-01,-9.999988079071044922e-01,-9.999964833259582520e-01,9.999814629554748535e-01,9.999981522560119629e-01,9.999989271163940430e-01,-9.999989271163940430e-01,9.999993443489074707e-01,9.999989271163940430e-01,9.999968409538269043e-01,-9.999968409538269043e-01,-9.999991655349731445e-01,-9.999994039535522461e-01,-9.999972581863403320e-01,-9.999993443489074707e-01,9.999991059303283691e-01,-9.999991655349731445e-01,9.999984502792358398e-01,9.999933242797851562e-01,-9.999957680702209473e-01,-9.999846220016479492e-01,-9.999989271163940430e-01,9.999951720237731934e-01,9.999992251396179199e-01,-9.999963045120239258e-01,-9.999974370002746582e-01,9.999812841415405273e-01,9.999985098838806152e-01,-9.999993443489074707e-01,9.999986886978149414e-01,-9.999988675117492676e-01,-9.999927282333374023e-01,9.999873042106628418e-01,9.999993443489074707e-01,9.999902248382568359e-01,9.999194741249084473e-01,-9.999976754188537598e-01,9.999989271163940430e-01,-9.999884963035583496e-01,-9.999983906745910645e-01,9.999987483024597168e-01,-9.999985694885253906e-01,-9.999940991401672363e-01,9.999994039535522461e-01,-9.999992847442626953e-01,9.999972581863403320e-01,-9.999978542327880859e-01,9.999992847442626953e-01,-9.999490380287170410e-01,9.997479319572448730e-01,9.999991655349731445e-01,9.999982118606567383e-01,-9.999860525131225586e-01,-9.999989271163940430e-01,-9.999960064888000488e-01,9.999991655349731445e-01,-9.999989867210388184e-01,9.999988079071044922e-01,-9.999988675117492676e-01,-9.999764561653137207e-01,9.999994039535522461e-01,-9.999985098838806152e-01,9.999992847442626953e-01,-9.999988675117492676e-01,-9.999966621398925781e-01,-9.999986290931701660e-01,-9.999992251396179199e-01,9.999976158142089844e-01,9.999988675117492676e-01,-9.999983906745910645e-01,-9.999927878379821777e-01,-9.999968409538269043e-01,9.999935626983642578e-01,-9.999969005584716797e-01
-9.999988079071044922e-01,9.999990463256835938e-01,9.999951720237731934e-01,-9.999985098838806152e-01,-9.999992251396179199e-01,9.999992847442626953e-01,-9.999969005584716797e-01,-9.999994039535522461e-01,9.999979138374328613e-01,-9.999986290931701660e-01,9.999991059303283691e-01,9.999993443489074707e-01,-9.999985694885253906e-01,-9.999988675117492676e-01,-9.999939799308776855e-01,-9.999973773956298828e-01,-9.999980926513671875e-01,9.999988675117492676e-01,-9.999950528144836426e-01,9.999994635581970215e-01,9.999992847442626953e-01,-9.999946951866149902e-01,-9.999989271163940430e-01,-9.999986886978149414e-01,-9.999917745590209961e-01,-9.999992847442626953e-01,9.999987483024597168e-01,9.999991059303283691e-01,-9.999919533729553223e-01,9.999970197677612305e-01,9.999943375587463379e-01,9.999988079071044922e-01,-9.999918937683105469e-01,-9.999973177909851074e-01,9.999983906745910645e-01,-9.999259114265441895e-01,-9.999992847442626953e-01,-9.999990463256835938e-01,-9.999938607215881348e-01,9.999992251396179199e-01,-9.999990463256835938e-01,9.999937415122985840e-01,-9.999849796295166016e-01,-9.999992251396179199e-01,-9.999988079071044922e-01,-9.999987483024597168e-01,9.999950528144836426e-01,-9.999988675117492676e-01,-9.999991655349731445e-01,9.999989271163940430e-01,9.999991655349731445e-01,9.999988079071044922e-01,9.999992251396179199e-01,9.999948740005493164e-01,9.999986886978149414e-01,9.999987483024597168e-01,9.999960660934448242e-01,-9.999793767929077148e-01,-9.999979138374328613e-01,-9.999988079071044922e-01,9.999988079071044922e-01,-9.999992847442626953e-01,-9.999988675117492676e-01,-9.999965429306030273e-01,9.999964833259582520e-01,9.999991655349731445e-01,9.999993443489074707e-01,9.999969005584716797e-01,9.999992847442626953e-01,-9.999989271163940430e-01,9.999991655349731445e-01,-9.999984502792358398e-01,-9.999925494194030762e-01,9.999952912330627441e-01,9.999828338623046875e-01,9.999987483024597168e-01,-9.999946355819702148e-01,-9.999991059303283691e-01,9.999959468841552734e-01,9.999972581863403320e-01,-9.999791383743286133e-01,-9.999982714653015137e-01,9.999991655349731445e-01,-9.999985694885253906e-01,9.999987483024597168e-01,9.999920129776000977e-01,-9.999858140945434570e-01,-9.999992847442626953e-01,-9.999891519546508789e-01,-9.999100565910339355e-01,9.999974966049194336e-01,-9.999988079071044922e-01,9.999871253967285156e-01,9.999983310699462891e-01,-9.999987483024597168e-01,9.999983906745910645e-01,9.999935030937194824e-01,-9.999992847442626953e-01,9.999991655349731445e-01,-9.999969005584716797e-01,9.999976754188537598e-01,-9.999991655349731445e-01,9.999430179595947266e-01,-9.997180700302124023e-01,-9.999990463256835938e-01,-9.999980330467224121e-01,9.999843835830688477e-01,9.999987483024597168e-01,9.999955892562866211e-01,-9.999989867210388184e-01,9.999989271163940430e-01,-9.999987483024597168e-01,9.999988079071044922e-01,9.999737739562988281e-01,-9.999993443489074707e-01,9.999983310699462891e-01,-9.999992847442626953e-01,9.999987483024597168e-01,9.999962449073791504e-01,9.999985098838806152e-01,9.999991655349731445e-01,-9.999973177909851074e-01,-9.999987483024597168e-01,9.999983310699462891e-01,9.999920129776000977e-01,9.999966025352478027e-01,-9.999927878379821777e-01,9.999966025352478027e-01
9.999958276748657227e-01,-9.999965429306030273e-01,-9.999833106994628906e-01,9.999948740005493164e-01,9.999971389770507812e-01,-9.999969005584716797e-01,9.999893307685852051e-01,9.999974966049194336e-01,-9.999928474426269531e-01,9.999952912330627441e-01,-9.999967813491821289e-01,-9.999971985816955566e-01,9.999951124191284180e-01,9.999960064888000488e-01,9.999787807464599609e-01,9.999910593032836914e-01,9.999933242797851562e-01,-9.999960064888000488e-01,9.999830126762390137e-01,-9.999976158142089844e-01,-9.999971985816955566e-01,9.999814629554748535e-01,9.999963045120239258e-01,9.999955892562866211e-01,9.999712109565734863e-01,9.999973177909851074e-01,-9.999957084655761719e-01,-9.999970793724060059e-01,9.999720454216003418e-01,-9.999897480010986328e-01,-9.999803900718688965e-01,-9.999958276748657227e-01,9.999718070030212402e-01,9.999906420707702637e-01,-9.999943375587463379e-01,9.997438192367553711e-01,9.999974370002746582e-01,9.999964237213134766e-01,9.999786019325256348e-01,-9.999971389770507812e-01,9.999964833259582520e-01,-9.999778866767883301e-01,9.999482631683349609e-01,9.999970793724060059e-01,9.999957680702209473e-01,9.999955892562866211e-01,-9.999828338623046875e-01,9.999961256980895996e-01,9.999969005584716797e-01,-9.999962449073791504e-01,-9.999968409538269043e-01,-9.999957084655761719e-01,-9.999970793724060059e-01,-9.999818801879882812e-01,-9.999955296516418457e-01,-9.999953508377075195e-01,-9.999869465827941895e-01,9.999287128448486328e-01,9.999928474426269531e-01,9.999960064888000488e-01,-9.999959468841552734e-01,9.999972581863403320e-01,9.999959468841552734e-01,9.999881982803344727e-01,-9.999881982803344727e-01,-9.999969601631164551e-01,-9.999975562095642090e-01,-9.999896287918090820e-01,-9.999973177909851074e-01,9.999963641166687012e-01,-9.999967813491821289e-01,9.999943971633911133e-01,9.999741315841674805e-01,-9.999835491180419922e-01,-9.999403357505798340e-01,-9.999957680702209473e-01,9.999814033508300781e-01,9.999966621398925781e-01,-9.999859929084777832e-01,-9.999902248382568359e-01,9.999276995658874512e-01,9.999942183494567871e-01,-9.999970197677612305e-01,9.999948143959045410e-01,-9.999957084655761719e-01,-9.999722242355346680e-01,9.999511837959289551e-01,9.999971985816955566e-01,9.999620318412780762e-01,9.996889829635620117e-01,-9.999911785125732422e-01,9.999958276748657227e-01,-9.999549984931945801e-01,-9.999941587448120117e-01,9.999954104423522949e-01,-9.999945759773254395e-01,-9.999774098396301270e-01,9.999973773956298828e-01,-9.999968409538269043e-01,9.999896883964538574e-01,-9.999917745590209961e-01,9.999969005584716797e-01,-9.998029470443725586e-01,9.990257024765014648e-01,9.999965429306030273e-01,9.999930858612060547e-01,-9.999458789825439453e-01,-9.999958276748657227e-01,-9.999844431877136230e-01,9.999961853027343750e-01,-9.999960660934448242e-01,9.999955296516418457e-01,-9.999956488609313965e-01,-9.999088644981384277e-01,9.999974370002746582e-01,-9.999943971633911133e-01,9.999972581863403320e-01,-9.999955892562866211e-01,-9.999873042106628418e-01,-9.999945759773254395e-01,-9.999968409538269043e-01,9.999909400939941406e-01,9.999956488609313965e-01,-9.999938607215881348e-01,-9.999721050262451172e-01,-9.999883770942687988e-01,9.999750256538391113e-01,-9.999884963035583496e-01
9.999991059303283691e-01,-9.999993443489074707e-01,-9.999960660934448242e-01,9.999989271163940430e-01,9.999994635581970215e-01,-9.999994039535522461e-01,9.999974966049194336e-01,9.999995231628417969e-01,-9.999983310699462891e-01,9.999988675117492676e-01,-9.999994039535522461e-01,-9.999994635581970215e-01,9.999989271163940430e-01,9.999992847442626953e-01,9.999951124191284180e-01,9.999979138374328613e-01,9.999984502792358398e-01,-9.999991059303283691e-01,9.999961256980895996e-01,-9.999995231628417969e-01,-9.999994039535522461e-01,9.999958276748657227e-01,9.999992847442626953e-01,9.999991059303283691e-01,9.999934434890747070e-01,9.999994039535522461e-01,-9.999990463256835938e-01,-9.999994039535522461e-01,9.999935030937194824e-01,-9.999977350234985352e-01,-9.999955296516418457e-01,-9.999991059303283691e-01,9.999935626983642578e-01,9.999978542327880859e-01,-9.999986886978149414e-01,9.999406337738037109e-01,9.999995231628417969e-01,9.999992251396179199e-01,9.999950528144836426e-01,-9.999994635581970215e-01,9.999993443489074707e-01,-9.999949336051940918e-01,9.999881386756896973e-01,9.999994635581970215e-01,9.999991059303283691e-01,9.999989867210388184e-01,-9.999960660934448242e-01,9.999992847442626953e-01,9.999994039535522461e-01,-9.999991655349731445e-01,-9.999994039535522461e-01,-9.999991655349731445e-01,-9.999994635581970215e-01,-9.999958872795104980e-01,-9.999989867210388184e-01,-9.999989867210388184e-01,-9.999969601631164551e-01,9.999834895133972168e-01,9.999983906745910645e-01,9.999992251396179199e-01,-9.999991059303283691e-01,9.999994039535522461e-01,9.999992251396179199e-01,9.999972581863403320e-01,-9.999973177909851074e-01,-9.999993443489074707e-01,-9.999995231628417969e-01,-9.999976158142089844e-01,-9.999994635581970215e-01,9.999992847442626953e-01,-9.999992847442626953e-01,9.999987483024597168e-01,9.999940991401672363e-01,-9.999961256980895996e-01,-9.999862313270568848e-01,-9.999990463256835938e-01,9.999957680702209473e-01,9.999992847442626953e-01,-9.999967217445373535e-01,-9.999977946281433105e-01,9.999833106994628906e-01,9.999986886978149414e-01,-9.999994635581970215e-01,9.999988675117492676e-01,-9.999991059303283691e-01,-9.999936223030090332e-01,9.999887943267822266e-01,9.999994635581970215e-01,9.999912977218627930e-01,9.999278187751770020e-01,-9.999979734420776367e-01,9.999991059303283691e-01,-9.999896287918090820e-01,-9.999986290931701660e-01,9.999989867210388184e-01,-9.999988675117492676e-01,-9.999948740005493164e-01,9.999995231628417969e-01,-9.999994039535522461e-01,9.999976754188537598e-01,-9.999980926513671875e-01,9.999994039535522461e-01,-9.999542832374572754e-01,9.997738599777221680e-01,9.999993443489074707e-01,9.999983906745910645e-01,-9.999875426292419434e-01,-9.999990463256835938e-01,-9.999964237213134766e-01,9.999992847442626953e-01,-9.999992251396179199e-01,9.999989867210388184e-01,-9.999991655349731445e-01,-9.999790787696838379e-01,9.999995231628417969e-01,-9.999988079071044922e-01,9.999994039535522461e-01,-9.999990463256835938e-01,-9.999970793724060059e-01,-9.999988675117492676e-01,-9.999994039535522461e-01,9.999979138374328613e-01,9.999990463256835938e-01,-9.999986290931701660e-01,-9.999936223030090332e-01,-9.999973177909851074e-01,9.999943971633911133e-01,-9.999973773956298828e-01
-9.999971985816955566e-01,9.999976158142089844e-01,9.999887943267822266e-01,-9.999965429306030273e-01,-9.999980926513671875e-01,9.999979138374328613e-01,-9.999928474426269531e-01,-9.999983310699462891e-01,9.999951720237731934e-01,-9.999966621398925781e-01,9.999978542327880859e-01,9.999980926513671875e-01,-9.999966621398925781e-01,-9.999973773956298828e-01,-9.999856948852539062e-01,-9.999939799308776855e-01,-9.999954700469970703e-01,9.999973177909851074e-01,-9.999884963035583496e-01,9.999983906745910645e-01,9.999980926513671875e-01,-9.999874830245971680e-01,-9.999974966049194336e-01,-9.999969601631164551e-01,-9.999806284904479980e-01,-9.999982118606567383e-01,9.999970793724060059e-01,9.999979734420776367e-01,-9.999811649322509766e-01,9.999930858612060547e-01,9.999867081642150879e-01,9.999971985816955566e-01,-9.999809265136718750e-01,-9.999936819076538086e-01,9.999960660934448242e-01,-9.998268485069274902e-01,-9.999982714653015137e-01,-9.999975562095642090e-01,-9.999855160713195801e-01,9.999980330467224121e-01,-9.999976754188537598e-01,9.999850988388061523e-01,-9.999650716781616211e-01,-9.999980926513671875e-01,-9.999971389770507812e-01,-9.999970197677612305e-01,9.999884366989135742e-01,-9.999973773956298828e-01,-9.999979138374328613e-01,9.999974370002746582e-01,9.999978542327880859e-01,9.999970793724060059e-01,9.999979734420776367e-01,9.999877810478210449e-01,9.999969005584716797e-01,9.999968409538269043e-01,9.999912381172180176e-01,-9.999517798423767090e-01,-9.999951720237731934e-01,-9.999972581863403320e-01,9.999971985816955566e-01,-9.999982118606567383e-01,-9.999972581863403320e-01,-9.999919533729553223e-01,9.999919533729553223e-01,9.999978542327880859e-01,9.999983310699462891e-01,9.999930262565612793e-01,9.999981522560119629e-01,-9.999975562095642090e-01,9.999978542327880859e-01,-9.999961853027343750e-01,-9.999825358390808105e-01,9.999889135360717773e-01,9.999596476554870605e-01,9.999971389770507812e-01,-9.999874234199523926e-01,-9.999977350234985352e-01,9.999904632568359375e-01,9.999935626983642578e-01,-9.999511241912841797e-01,-9.999960064888000488e-01,9.999979734420776367e-01,-9.999965429306030273e-01,9.999970197677612305e-01,9.999812245368957520e-01,-9.999669194221496582e-01,-9.999981522560119629e-01,-9.999744296073913574e-01,-9.997897148132324219e-01,9.999939799308776855e-01,-9.999971985816955566e-01,9.999696016311645508e-01,9.999959468841552734e-01,-9.999968409538269043e-01,9.999963045120239258e-01,9.999846816062927246e-01,-9.999982714653015137e-01,9.999979138374328613e-01,-9.999929666519165039e-01,9.999944567680358887e-01,-9.999979734420776367e-01,9.998668432235717773e-01,-9.993411302566528320e-01,-9.999976754188537598e-01,-9.999954104423522949e-01,9.999634027481079102e-01,9.999971389770507812e-01,9.999895095825195312e-01,-9.999974370002746582e-01,9.999972581863403320e-01,-9.999969601631164551e-01,9.999970793724060059e-01,9.999384284019470215e-01,-9.999983310699462891e-01,9.999961256980895996e-01,-9.999982118606567383e-01,9.999970197677612305e-01,9.999914169311523438e-01,9.999962449073791504e-01,9.999978542327880859e-01,-9.999938607215881348e-01,-9.999970793724060059e-01,9.999958872795104980e-01,9.999812245368957520e-01,9.999921321868896484e-01,-9.999831914901733398e-01,9.999920725822448730e-01
9.999981522560119629e-01,-9.999984502792358398e-01,-9.999924898147583008e-01,9.999977350234985352e-01,9.999986886978149414e-01,-9.999986290931701660e-01,9.999952912330627441e-01,9.999988675117492676e-01,-9.999966621398925781e-01,9.999978542327880859e-01,-9.999985694885253906e-01,-9.999987483024597168e-01,9.999977946281433105e-01,9.999982714653015137e-01,9.999905824661254883e-01,9.999959468841552734e-01,9.999970197677612305e-01,-9.999980926513671875e-01,9.999924302101135254e-01,-9.999989271163940430e-01,-9.999988079071044922e-01,9.999917745590209961e-01,9.999983906745910645e-01,9.999980330467224121e-01,9.999872446060180664e-01,9.999988079071044922e-01,-9.999979734420776367e-01,-9.999986886978149414e-01,9.999875426292419434e-01,-9.999954700469970703e-01,-9.999912381172180176e-01,-9.999981522560119629e-01,9.999874234199523926e-01,9.999958872795104980e-01,-9.999973773956298828e-01,9.998858571052551270e-01,9.999988675117492676e-01,9.999985098838806152e-01,9.999905228614807129e-01,-9.999986886978149414e-01,9.999984502792358398e-01,-9.999901652336120605e-01,9.999769330024719238e-01,9.999987483024597168e-01,9.999981522560119629e-01,9.999979138374328613e-01,-9.999923706054687500e-01,9.999983906745910645e-01,9.999986290931701660e-01,-9.999982118606567383e-01,-9.999985694885253906e-01,-9.999980330467224121e-01,-9.999986290931701660e-01,-9.999919533729553223e-01,-9.999979734420776367e-01,-9.999979138374328613e-01,-9.999940991401672363e-01,9.999682307243347168e-01,9.999967813491821289e-01,9.999982118606567383e-01,-9.999982118606567383e-01,9.999988079071044922e-01,9.999981522560119629e-01,9.999946951866149902e-01,-9.999947547912597656e-01,-9.999985694885253906e-01,-9.999989867210388184e-01,-9.999954104423522949e-01,-9.999987483024597168e-01,9.999983906745910645e-01,-9.999985694885253906e-01,9.999974966049194336e-01,9.999884963035583496e-01,-9.999927282333374023e-01,-9.999735355377197266e-01,-9.999980926513671875e-01,9.999917149543762207e-01,9.999985098838806152e-01,-9.999937415122985840e-01,-9.999956488609313965e-01,9.999678134918212891e-01,9.999973773956298828e-01,-9.999986886978149414e-01,9.999977350234985352e-01,-9.999980330467224121e-01,-9.999876022338867188e-01,9.999783039093017578e-01,9.999988079071044922e-01,9.999831914901733398e-01,9.998614192008972168e-01,-9.999958872795104980e-01,9.999981522560119629e-01,-9.999799728393554688e-01,-9.999973177909851074e-01,9.999979138374328613e-01,-9.999975562095642090e-01,-9.999899864196777344e-01,9.999988079071044922e-01,-9.999986290931701660e-01,9.999954700469970703e-01,-9.999963045120239258e-01,9.999986886978149414e-01,-9.999121427536010742e-01,9.995657801628112793e-01,9.999984502792358398e-01,9.999968409538269043e-01,-9.999759197235107422e-01,-9.999980926513671875e-01,-9.999930858612060547e-01,9.999982714653015137e-01,-9.999982714653015137e-01,9.999979734420776367e-01,-9.999980926513671875e-01,-9.999594092369079590e-01,9.999988079071044922e-01,-9.999974370002746582e-01,9.999987483024597168e-01,-9.999979734420776367e-01,-9.999943375587463379e-01,-9.999975562095642090e-01,-9.999986290931701660e-01,9.999959468841552734e-01,9.999980926513671875e-01,-9.999972581863403320e-01,-9.999876022338867188e-01,-9.999948143959045410e-01,9.999889731407165527e-01,-9.999948740005493164e-01
-9.999987483024597168e-01,9.999989867210388184e-01,9.999950528144836426e-01,-9.999984502792358398e-01,-9.999993443489074707e-01,9.999991059303283691e-01,-9.999967813491821289e-01,-9.999994039535522461e-01,9.999978542327880859e-01,-9.999985694885253906e-01,9.999992251396179199e-01,9.999992847442626953e-01,-9.999986290931701660e-01,-9.999988675117492676e-01,-9.999936819076538086e-01,-9.999973177909851074e-01,-9.999980330467224121e-01,9.999988079071044922e-01,-9.999949932098388672e-01,9.999993443489074707e-01,9.999992251396179199e-01,-9.999944567680358887e-01,-9.999989867210388184e-01,-9.999987483024597168e-01,-9.999915361404418945e-01,-9.999992847442626953e-01,9.999986886978149414e-01,9.999992251396179199e-01,-9.999917149543762207e-01,9.999970197677612305e-01,9.999941587448120117e-01,9.999987483024597168e-01,-9.999916553497314453e-01,-9.999972581863403320e-01,9.999983906745910645e-01,-9.999235272407531738e-01,-9.999992847442626953e-01,-9.999989867210388184e-01,-9.999936223030090332e-01,9.999992847442626953e-01,-9.999989867210388184e-01,9.999934434890747070e-01,-9.999845027923583984e-01,-9.999992251396179199e-01,-9.999988079071044922e-01,-9.999987483024597168e-01,9.999949932098388672e-01,-9.999989271163940430e-01,-9.999991059303283691e-01,9.999988675117492676e-01,9.999992251396179199e-01,9.999987483024597168e-01,9.999992251396179199e-01,9.999946951866149902e-01,9.999987483024597168e-01,9.999986290931701660e-01,9.999960660934448242e-01,-9.999787807464599609e-01,-9.999978542327880859e-01,-9.999988675117492676e-01,9.999988675117492676e-01,-9.999993443489074707e-01,-9.999988675117492676e-01,-9.999963641166687012e-01,9.999964237213134766e-01,9.999990463256835938e-01,9.999994039535522461e-01,9.999969005584716797e-01,9.999992251396179199e-01,-9.999989271163940430e-01,9.999992251396179199e-01,-9.999983310699462891e-01,-9.999924302101135254e-01,9.999951124191284180e-01,9.999823570251464844e-01,9.999987483024597168e-01,-9.999944567680358887e-01,-9.999991059303283691e-01,9.999958276748657227e-01,9.999971389770507812e-01,-9.999784827232360840e-01,-9.999983310699462891e-01,9.999992847442626953e-01,-9.999985098838806152e-01,9.999987483024597168e-01,9.999917745590209961e-01,-9.999854564666748047e-01,-9.999992251396179199e-01,-9.999887943267822266e-01,-9.999071955680847168e-01,9.999973177909851074e-01,-9.999988079071044922e-01,9.999867081642150879e-01,9.999982714653015137e-01,-9.999986886978149414e-01,9.999984502792358398e-01,9.999932646751403809e-01,-9.999992847442626953e-01,9.999992251396179199e-01,-9.999969005584716797e-01,9.999976158142089844e-01,-9.999991655349731445e-01,9.999411702156066895e-01,-9.997091293334960938e-01,-9.999990463256835938e-01,-9.999979734420776367e-01,9.999839663505554199e-01,9.999987483024597168e-01,9.999954104423522949e-01,-9.999989271163940430e-01,9.999988675117492676e-01,-9.999987483024597168e-01,9.999988079071044922e-01,9.999729394912719727e-01,-9.999994039535522461e-01,9.999983906745910645e-01,-9.999992251396179199e-01,9.999986886978149414e-01,9.999961256980895996e-01,9.999984502792358398e-01,9.999991059303283691e-01,-9.999972581863403320e-01,-9.999988079071044922e-01,9.999981522560119629e-01,9.999917745590209961e-01,9.999964833259582520e-01,-9.999926686286926270e-01,9.999966025352478027e-01
-9.999989271163940430e-01,9.999991655349731445e-01,9.999956488609313965e-01,-9.999987483024597168e-01,-9.999993443489074707e-01,9.999993443489074707e-01,-9.999971985816955566e-01,-9.999994635581970215e-01,9.999980926513671875e-01,-9.999987483024597168e-01,9.999992847442626953e-01,9.999992847442626953e-01,-9.999987483024597168e-01,-9.999990463256835938e-01,-9.999945759773254395e-01,-9.999976158142089844e-01,-9.999982714653015137e-01,9.999989271163940430e-01,-9.999955296516418457e-01,9.999994039535522461e-01,9.999993443489074707e-01,-9.999952316284179688e-01,-9.999992251396179199e-01,-9.999989271163940430e-01,-9.999924898147583008e-01,-9.999993443489074707e-01,9.999988675117492676e-01,9.999992847442626953e-01,-9.999926686286926270e-01,9.999973773956298828e-01,9.999948740005493164e-01,9.999989271163940430e-01,-9.999927282333374023e-01,-9.999976158142089844e-01,9.999985098838806152e-01,-9.999329447746276855e-01,-9.999994635581970215e-01,-9.999991059303283691e-01,-9.999944567680358887e-01,9.999992847442626953e-01,-9.999991655349731445e-01,9.999942183494567871e-01,-9.999864101409912109e-01,-9.999992847442626953e-01,-9.999989271163940430e-01,-9.999988675117492676e-01,9.999955296516418457e-01,-9.999990463256835938e-01,-9.999992251396179199e-01,9.999990463256835938e-01,9.999992251396179199e-01,9.999989271163940430e-01,9.999992847442626953e-01,9.999953508377075195e-01,9.999988079071044922e-01,9.999988675117492676e-01,9.999965429306030273e-01,-9.999813437461853027e-01,-9.999980926513671875e-01,-9.999989867210388184e-01,9.999989271163940430e-01,-9.999992847442626953e-01,-9.999989867210388184e-01,-9.999969005584716797e-01,9.999969005584716797e-01,9.999992847442626953e-01,9.999994635581970215e-01,9.999973177909851074e-01,9.999993443489074707e-01,-9.999991059303283691e-01,9.999992251396179199e-01,-9.999985098838806152e-01,-9.999932646751403809e-01,9.999957680702209473e-01,9.999845623970031738e-01,9.999988675117492676e-01,-9.999951124191284180e-01,-9.999991059303283691e-01,9.999963045120239258e-01,9.999974966049194336e-01,-9.999811053276062012e-01,-9.999984502792358398e-01,9.999993443489074707e-01,-9.999986886978149414e-01,9.999988675117492676e-01,9.999927282333374023e-01,-9.999872446060180664e-01,-9.999993443489074707e-01,-9.999901056289672852e-01,-9.999186396598815918e-01,9.999977350234985352e-01,-9.999989867210388184e-01,9.999882578849792480e-01,9.999983906745910645e-01,-9.999987483024597168e-01,9.999985694885253906e-01,9.999940991401672363e-01,-9.999993443489074707e-01,9.999992251396179199e-01,-9.999972581863403320e-01,9.999979138374328613e-01,-9.999992847442626953e-01,9.999484419822692871e-01,-9.997450709342956543e-01,-9.999991655349731445e-01,-9.999982118606567383e-01,9.999859929084777832e-01,9.999988675117492676e-01,9.999959468841552734e-01,-9.999991655349731445e-01,9.999989867210388184e-01,-9.999988675117492676e-01,9.999989271163940430e-01,9.999762773513793945e-01,-9.999994039535522461e-01,9.999985098838806152e-01,-9.999993443489074707e-01,9.999988675117492676e-01,9.999967217445373535e-01,9.999986290931701660e-01,9.999992251396179199e-01,-9.999976754188537598e-01,-9.999988675117492676e-01,9.999985098838806152e-01,9.999928474426269531e-01,9.999970197677612305e-01,-9.999934434890747070e-01,9.999969601631164551e-01
