4.936691820621490479e-01,-1.607682672329246998e-03,-4.852984100580215454e-02,-3.021052293479442596e-02,1.611526757478713989e-01,-6.659840047359466553e-02,8.383571356534957886e-02,3.153805434703826904e-01,6.397950649261474609e-02,1.142033468931913376e-02,-5.874644964933395386e-02,-1.124509517103433609e-02,5.627352278679609299e-03,3.831327557563781738e-01,1.881601959466934204e-01,4.254953190684318542e-02,-2.989417873322963715e-03,-7.059747725725173950e-02,1.465800255537033081e-01,3.859229851514101028e-03,-1.173584237694740295e-01,-3.071083687245845795e-02,1.429126714356243610e-03,4.418339952826499939e-02,-2.485515549778938293e-02,-1.092322468757629395e-01,7.841861993074417114e-02,-2.456134855747222900e-01,5.421431735157966614e-03,-2.148915678262710571e-01,-1.423605233430862427e-01,5.148544907569885254e-02,-1.569686643779277802e-02,3.042597696185112000e-02,-2.722494676709175110e-02,-7.558622746728360653e-04,-2.975548245012760162e-02,-5.778616294264793396e-03,-2.489822506904602051e-01,-3.118084967136383057e-01,5.389502644538879395e-02,8.415790647268295288e-02,-6.591042131185531616e-02,1.355753093957901001e-02,1.057576388120651245e-01,-1.123878136277198792e-01,-1.211284995079040527e-01,-9.464140981435775757e-02,1.645463332533836365e-02,7.111840695142745972e-02,-4.707980528473854065e-02,-7.165470719337463379e-02,4.338566958904266357e-02,-6.819364428520202637e-02,-4.605184867978096008e-02,-4.292800277471542358e-02,4.673848301172256470e-02,8.804976008832454681e-03,6.483376491814851761e-03,-5.684555973857641220e-03,5.191731080412864685e-02,-1.228395476937294006e-02,1.123309787362813950e-02,5.635829269886016846e-02,-3.853909298777580261e-02,3.955807536840438843e-02,-5.259476229548454285e-02,1.192904263734817505e-01,-4.187512386124581099e-04,1.212418526411056519e-01,-1.034275293350219727e-01,-1.507665961980819702e-01,7.553768903017044067e-02,3.961590677499771118e-02,-6.511745601892471313e-02,-1.511296629905700684e-01,-4.601934459060430527e-03,2.566761150956153870e-02,-1.693032830953598022e-01,3.250760585069656372e-02,-1.631509279832243919e-03,7.946528494358062744e-04,-1.829194426536560059e-01,-6.937039084732532501e-03,-1.790990680456161499e-01,-2.343784086406230927e-03,2.342372536659240723e-01,-4.173643887042999268e-03,-7.091581821441650391e-02,1.024789409711956978e-03,-5.988515168428421021e-02,1.490276190452277660e-03,1.349615603685379028e-01,-1.309093236923217773e-01,5.259843915700912476e-02,-1.367058902978897095e-01,2.879600822925567627e-01,-2.045578148681670427e-04,-7.178715616464614868e-02,1.614551246166229248e-01,-4.275539889931678772e-02,1.178919747471809387e-01,4.397426545619964600e-02,-4.903458524495363235e-03,-1.514059752225875854e-01,2.053101211786270142e-01,1.372804194688796997e-01,6.684216856956481934e-02,-2.351873815059661865e-01,2.635481022298336029e-02,-5.613939720205962658e-04,6.637649238109588623e-02,5.261494964361190796e-02,-2.746491432189941406e-01,5.107336118817329407e-02,-3.541684523224830627e-02,2.936514914035797119e-01,-1.236716285347938538e-01,-2.273208200931549072e-01,-3.293337672948837280e-02,-1.063019335269927979e-01,9.354143589735031128e-02,4.265372827649116516e-02,4.856877401471138000e-02,1.013767719268798828e-01,-1.246727406978607178e-01,-2.340977638959884644e-02,5.090986937284469604e-02
-1.607682672329246998e-03,2.392294816672801971e-02,-1.291675418615341187e-01,8.350592851638793945e-02,5.446854233741760254e-02,2.456044079735875130e-03,4.041051957756280899e-03,4.010210931301116943e-02,7.443950977176427841e-03,2.908962592482566833e-02,1.152106653898954391e-02,-4.722823202610015869e-02,9.713765233755111694e-02,5.097473412752151489e-02,1.152628809213638306e-01,1.125655546784400940e-01,1.403468428179621696e-03,6.108029931783676147e-02,-5.787734687328338623e-02,-7.091241329908370972e-02,-4.890218377113342285e-02,1.338473558425903320e-01,6.127192825078964233e-02,6.830531056039035320e-04,1.683160662651062012e-02,1.483076661825180054e-01,-1.316800862550735474e-01,-3.896697610616683960e-02,8.402871340513229370e-02,-5.363443633541464806e-04,3.764405846595764160e-02,-1.325444728136062622e-01,9.760275483131408691e-02,5.924724414944648743e-02,5.536414100788533688e-04,-1.344428658485412598e-01,1.694507710635662079e-02,4.126523435115814209e-02,-5.695807188749313354e-02,-9.267517179250717163e-02,1.216770485043525696e-01,1.965766539797186852e-03,1.280442029237747192e-01,1.468543242663145065e-02,-5.264325067400932312e-03,-5.897699669003486633e-02,-1.275268495082855225e-01,-3.529930114746093750e-02,-1.025050226598978043e-02,1.681247167289257050e-02,2.252465113997459412e-02,6.479795556515455246e-03,3.691662475466728210e-02,-1.356935407966375351e-02,1.654819771647453308e-02,-1.311959624290466309e-01,2.747510187327861786e-02,1.007851958274841309e-02,-7.024610787630081177e-02,-6.376425176858901978e-02,-9.875140152871608734e-03,1.315454859286546707e-02,5.543618928641080856e-03,2.080044336616992950e-02,2.088607847690582275e-02,-2.794389799237251282e-02,2.775145322084426880e-02,1.286777257919311523e-01,-1.288423389196395874e-01,1.915955357253551483e-02,-8.014056831598281860e-02,3.387451916933059692e-02,-3.661068901419639587e-02,1.236606761813163757e-01,-2.933574654161930084e-02,-1.029633358120918274e-01,-3.259703749790787697e-03,1.426138579845428467e-01,-4.272571951150894165e-02,-1.114110425114631653e-01,1.273419111967086792e-01,2.087291097268462181e-03,-8.877182751893997192e-02,4.859464708715677261e-03,-8.571505546569824219e-02,-1.174570173025131226e-01,4.270706698298454285e-02,7.512562908232212067e-03,6.617819517850875854e-02,2.773040346801280975e-02,-3.013585507869720459e-02,-3.024476021528244019e-02,-1.133309453725814819e-01,5.692068114876747131e-02,-1.137741729617118835e-01,2.587948460131883621e-03,7.311325520277023315e-02,-2.465195429977029562e-04,-9.141702950000762939e-02,2.870173938572406769e-02,-2.002172730863094330e-02,3.909485042095184326e-02,-1.341373324394226074e-01,-2.308025956153869629e-02,1.439990997314453125e-01,1.555241830646991730e-02,-9.478111565113067627e-02,-1.217442825436592102e-01,-2.637113071978092194e-02,-1.566303521394729614e-02,1.060704514384269714e-01,-4.388145357370376587e-02,-1.159389242529869080e-01,5.965942516922950745e-03,1.444421559572219849e-01,-1.170236468315124512e-01,5.501700937747955322e-02,4.325713217258453369e-02,-1.319078952074050903e-01,3.951163962483406067e-02,4.964713379740715027e-02,1.040522456169128418e-01,1.228800863027572632e-01,-4.658360406756401062e-02,-1.017194911837577820e-01,-4.405561089515686035e-02,-1.410585129633545876e-03,5.507095903158187866e-02
-4.852984100580215454e-02,-1.291675418615341187e-01,7.772552967071533203e-01,-5.233595371246337891e-01,-2.942555844783782959e-01,-8.173987269401550293e-02,-1.144538447260856628e-01,-2.825606763362884521e-01,-2.436393313109874725e-02,-1.897187083959579468e-01,-6.426538527011871338e-02,2.967202365398406982e-01,-5.521994829177856445e-01,-3.746014833450317383e-01,-6.735280156135559082e-01,-6.452783346176147461e-01,-1.653882302343845367e-02,-2.777121365070343018e-01,3.611207008361816406e-01,4.656048715114593506e-01,2.662850916385650635e-01,-7.519315481185913086e-01,-4.465366005897521973e-01,7.666562497615814209e-02,-9.621640294790267944e-02,-7.612019777297973633e-01,7.043063640594482422e-01,2.231384813785552979e-01,-5.753051042556762695e-01,1.069091483950614929e-01,-1.758537292480468750e-01,7.362830638885498047e-01,-5.872640013694763184e-01,-4.080915749073028564e-01,8.267974480986595154e-03,7.423951029777526855e-01,-9.849184006452560425e-02,-2.569430768489837646e-01,4.291161596775054932e-01,5.825627446174621582e-01,-6.911327838897705078e-01,-2.498459070920944214e-02,-6.885578632354736328e-01,-9.543081372976303101e-02,9.830554015934467316e-03,4.437090754508972168e-01,7.561769485473632812e-01,2.263097763061523438e-01,3.026282228529453278e-02,-1.638329029083251953e-02,-1.717721074819564819e-01,-4.994313046336174011e-02,-2.061296254396438599e-01,1.605773568153381348e-01,-1.070933341979980469e-01,7.393463850021362305e-01,-1.962967514991760254e-01,-6.710111349821090698e-02,3.752075433731079102e-01,3.894363939762115479e-01,9.743919223546981812e-02,-1.326611191034317017e-01,-3.759344294667243958e-02,-1.721365153789520264e-01,-1.380075961351394653e-01,1.631972491741180420e-01,-1.144139245152473450e-01,-7.048254013061523438e-01,7.230356335639953613e-01,-1.047166734933853149e-01,5.434306263923645020e-01,-1.103464961051940918e-01,1.906426846981048584e-01,-7.271462082862854004e-01,1.861519813537597656e-01,6.215032935142517090e-01,1.916383206844329834e-02,-8.191117644309997559e-01,3.203868865966796875e-01,6.834015250205993652e-01,-7.581305503845214844e-01,-1.363443024456501007e-02,5.322260856628417969e-01,-2.444810420274734497e-02,5.659372210502624512e-01,5.862250924110412598e-01,-3.294276297092437744e-01,-4.248638078570365906e-02,-3.654023110866546631e-01,-1.932198405265808105e-01,1.923619359731674194e-01,1.809191554784774780e-01,6.299829483032226562e-01,-3.070819973945617676e-01,6.684336662292480469e-01,3.441173583269119263e-02,-4.544269144535064697e-01,1.628831494599580765e-03,5.703305006027221680e-01,-2.714940905570983887e-01,1.746107637882232666e-01,-3.086660206317901611e-01,7.435004711151123047e-01,1.472122222185134888e-01,-7.863606214523315430e-01,-2.114944607019424438e-01,5.738851428031921387e-01,6.898744702339172363e-01,1.772195547819137573e-01,9.111721813678741455e-02,-5.847494006156921387e-01,3.607870638370513916e-01,6.528487205505371094e-01,-1.376154422760009766e-01,-7.641121745109558105e-01,6.754631996154785156e-01,-3.821969330310821533e-01,-3.160382211208343506e-01,7.737433314323425293e-01,-2.374365627765655518e-01,-3.144290745258331299e-01,-6.546294689178466797e-01,-6.989097595214843750e-01,2.432527542114257812e-01,6.239661574363708496e-01,3.744682967662811279e-01,-1.642136275768280029e-02,-4.058878123760223389e-01
-3.021052293479442596e-02,8.350592851638793945e-02,-5.233595371246337891e-01,5.234125256538391113e-01,1.389473080635070801e-01,1.301013082265853882e-01,-2.062129555270075798e-03,1.568123549222946167e-01,-2.361707156524062157e-03,1.165658757090568542e-01,-2.709468640387058258e-02,-2.058902084827423096e-01,2.422831952571868896e-01,2.906502485275268555e-01,4.273145794868469238e-01,3.881990313529968262e-01,1.581018045544624329e-02,2.809027731418609619e-01,-2.834913134574890137e-01,-2.556884586811065674e-01,-3.421440422534942627e-01,5.764322280883789062e-01,2.654776275157928467e-01,-9.558928757905960083e-02,8.458655327558517456e-02,5.375833511352539062e-01,-4.545584917068481445e-01,-5.659495946019887924e-03,2.540123164653778076e-01,7.156194746494293213e-02,1.345890909433364868e-01,-5.999687314033508301e-01,4.822289049625396729e-01,2.123123407363891602e-01,1.093273051083087921e-02,-5.187375545501708984e-01,9.338558465242385864e-02,1.519200056791305542e-01,-1.021955311298370361e-01,-5.056425929069519043e-01,5.211812257766723633e-01,2.830729819834232330e-02,4.684278666973114014e-01,5.557741224765777588e-02,-5.722671374678611755e-02,-1.002697274088859558e-01,-4.656186699867248535e-01,-2.114971578121185303e-01,-4.491762444376945496e-02,8.406352996826171875e-02,1.206307709217071533e-01,5.023084580898284912e-02,2.085251957178115845e-01,-1.974265724420547485e-01,2.080224007368087769e-01,-4.952158331871032715e-01,1.332381218671798706e-01,3.452984616160392761e-02,-1.959546208381652832e-01,-3.057167828083038330e-01,-1.282448023557662964e-01,1.115376576781272888e-01,3.011238202452659607e-02,1.407366544008255005e-01,1.177418529987335205e-01,-1.129431501030921936e-01,8.019097894430160522e-02,5.028342008590698242e-01,-5.035831928253173828e-01,1.548700965940952301e-02,-3.384618163108825684e-01,2.876610457897186279e-01,-1.932342499494552612e-01,5.106779336929321289e-01,-1.221180856227874756e-01,-4.457888007164001465e-01,-3.762522479519248009e-03,5.635030865669250488e-01,-3.679179847240447998e-01,-4.833890795707702637e-01,6.468301415443420410e-01,9.152004495263099670e-03,-2.660180330276489258e-01,2.047676593065261841e-02,-4.251203835010528564e-01,-3.096582889556884766e-01,3.946414962410926819e-02,2.515735104680061340e-02,1.798807829618453979e-01,1.227025315165519714e-01,-8.628512173891067505e-02,-2.140108793973922729e-01,-5.721199512481689453e-01,3.285213410854339600e-01,-5.163319110870361328e-01,-2.579902112483978271e-02,2.507120072841644287e-01,-1.047423109412193298e-03,-3.085443079471588135e-01,1.638983041048049927e-01,-7.597126811742782593e-02,8.212184906005859375e-02,-5.912656188011169434e-01,-8.790489286184310913e-02,6.044817566871643066e-01,2.506980001926422119e-01,-5.474270582199096680e-01,-5.105207562446594238e-01,-2.470135502517223358e-02,-6.478289514780044556e-02,5.974525213241577148e-01,-3.215788602828979492e-01,-5.275529623031616211e-01,1.245472207665443420e-01,5.234782695770263672e-01,-3.974151015281677246e-01,1.351673603057861328e-01,1.857978999614715576e-01,-5.779421329498291016e-01,2.025218009948730469e-01,1.646212786436080933e-01,4.557880759239196777e-01,4.929741322994232178e-01,-1.672486364841461182e-01,-4.150051176548004150e-01,-2.171582281589508057e-01,6.209791172295808792e-04,2.745842337608337402e-01
1.611526757478713989e-01,5.446854233741760254e-02,-2.942555844783782959e-01,1.389473080635070801e-01,2.195108681917190552e-01,-3.424371033906936646e-02,5.147983133792877197e-02,2.097603976726531982e-01,2.440037019550800323e-02,6.616062670946121216e-02,1.261397730559110641e-02,-1.017934530973434448e-01,2.383624166250228882e-01,1.878882944583892822e-01,3.280446827411651611e-01,2.764029800891876221e-01,-2.379344543442130089e-03,1.060803085565567017e-01,-7.050025463104248047e-02,-1.630433052778244019e-01,-8.968702703714370728e-02,2.700936496257781982e-01,1.098511442542076111e-01,5.595518648624420166e-02,2.221072092652320862e-02,2.881256043910980225e-01,-2.866850197315216064e-01,-2.100807726383209229e-01,2.176279574632644653e-01,-1.194706261157989502e-01,4.481338709592819214e-02,-2.355918586254119873e-01,1.860514879226684570e-01,1.318123042583465576e-01,-9.106994606554508209e-03,-2.850776016712188721e-01,1.919659413397312164e-02,9.231925010681152344e-02,-2.586621344089508057e-01,-2.757711410522460938e-01,2.793428003787994385e-01,3.267944231629371643e-02,2.667573094367980957e-01,3.850968927145004272e-02,4.592961072921752930e-02,-1.927987188100814819e-01,-3.367077112197875977e-01,-9.871072322130203247e-02,-1.461590360850095749e-02,8.275460451841354370e-02,2.594840899109840393e-02,-2.481617219746112823e-02,8.121748268604278564e-02,-6.199996452778577805e-03,-1.802864298224449158e-02,-3.137212991714477539e-01,6.298639625310897827e-02,2.573292143642902374e-02,-1.961628645658493042e-01,-1.274769604206085205e-01,2.396558970212936401e-02,2.737308153882622719e-03,1.365196518599987030e-02,6.091866642236709595e-02,3.302037343382835388e-02,-4.568635672330856323e-02,6.414883583784103394e-02,3.310899734497070312e-01,-2.590088546276092529e-01,1.181678920984268188e-01,-2.151635438203811646e-01,-1.883209683001041412e-02,-2.488697879016399384e-02,2.704132795333862305e-01,-8.469022810459136963e-02,-2.959472835063934326e-01,-1.103730034083127975e-02,3.147514164447784424e-01,-1.085892766714096069e-01,-2.180967777967453003e-01,2.372767925262451172e-01,4.317333921790122986e-03,-2.910968363285064697e-01,8.044523186981678009e-03,-2.429216802120208740e-01,-3.075746893882751465e-01,2.192480415105819702e-01,1.581368036568164825e-02,1.404439359903335571e-01,5.655910074710845947e-02,-1.120400652289390564e-01,-4.020586237311363220e-02,-1.652896106243133545e-01,4.399622231721878052e-02,-2.138092368841171265e-01,-2.546009793877601624e-02,3.022203445434570312e-01,-5.874666385352611542e-04,-2.312894165515899658e-01,1.073206290602684021e-01,-5.597854778170585632e-02,1.473034173250198364e-01,-2.545217871665954590e-01,-5.391889810562133789e-02,2.599492967128753662e-01,7.992898672819137573e-02,-1.236634626984596252e-01,-2.373239398002624512e-01,-1.743810176849365234e-01,-2.349872514605522156e-02,1.540890783071517944e-01,-3.310943767428398132e-02,-2.121219485998153687e-01,-1.161573380231857300e-01,3.679347634315490723e-01,-2.917854487895965576e-01,2.375638782978057861e-01,4.540496319532394409e-02,-3.540517985820770264e-01,6.169833615422248840e-02,1.038658246397972107e-01,2.475256770849227905e-01,2.837632596492767334e-01,-9.724411368370056152e-02,-1.720320731401443481e-01,-1.061449721455574036e-01,-1.659389026463031769e-02,1.363965719938278198e-01
-6.659840047359466553e-02,2.456044079735875130e-03,-8.173987269401550293e-02,1.301013082265853882e-01,-3.424371033906936646e-02,1.909386068582534790e-01,-1.613178662955760956e-02,4.294551163911819458e-02,-9.684792160987854004e-02,-9.917982853949069977e-03,1.147348526865243912e-02,-2.425574697554111481e-02,-5.008393898606300354e-02,5.294031277298927307e-02,9.008681401610374451e-03,-8.779517374932765961e-04,-9.365185396745800972e-04,1.933971978724002838e-02,-4.776819050312042236e-02,-4.388844221830368042e-02,5.069585517048835754e-02,8.254247903823852539e-02,9.455569833517074585e-02,-2.944554761052131653e-02,6.028398405760526657e-03,-1.885671168565750122e-02,-3.335418552160263062e-02,6.806099414825439453e-02,9.198024868965148926e-02,-7.653408683836460114e-03,6.141035258769989014e-02,-4.190471023321151733e-02,1.647583208978176117e-02,7.957750558853149414e-02,-4.971568938344717026e-03,-3.957691416144371033e-02,1.864280737936496735e-02,1.902157091535627842e-03,4.779544100165367126e-02,-8.643183857202529907e-02,-2.001912146806716919e-02,-1.222609542310237885e-02,9.085356444120407104e-02,9.088753722608089447e-03,5.796461924910545349e-02,2.977851592004299164e-02,-1.594235375523567200e-02,-3.050964325666427612e-02,-4.966234788298606873e-02,-4.103615880012512207e-02,9.950967133045196533e-02,-7.419611513614654541e-02,1.060300227254629135e-02,-1.007875278592109680e-01,2.167997695505619049e-02,-5.715383216738700867e-02,3.086391650140285492e-02,3.982037771493196487e-03,4.225376248359680176e-02,-3.497174382209777832e-02,-5.119183100759983063e-03,2.623358275741338730e-03,3.203224157914519310e-03,-7.024565339088439941e-02,8.755768649280071259e-03,2.994162496179342270e-03,1.092880778014659882e-02,3.392893075942993164e-02,-3.113091923296451569e-02,-1.603814773261547089e-02,-2.472325228154659271e-02,-5.615273863077163696e-02,-1.386240962892770767e-02,2.896430343389511108e-02,3.260297328233718872e-02,-2.201857604086399078e-02,5.224529188126325607e-03,5.355786904692649841e-02,-3.594174608588218689e-02,-4.825273156166076660e-02,8.982830494642257690e-02,1.325490418821573257e-03,-1.597614586353302002e-02,-2.678966615349054337e-03,-4.529855679720640182e-03,5.647228658199310303e-02,-2.261201851069927216e-02,1.866955892182886600e-03,-7.783021777868270874e-02,1.317263208329677582e-02,1.507709361612796783e-02,-3.008806332945823669e-02,-7.806318253278732300e-02,6.601771712303161621e-02,-3.306166455149650574e-02,-4.133277758955955505e-02,2.351716347038745880e-02,-6.445711915148422122e-05,-3.076601400971412659e-02,-4.017271846532821655e-02,-3.773336112499237061e-02,-7.629840821027755737e-02,-4.484379664063453674e-02,-2.334007062017917633e-03,4.345100000500679016e-02,1.302386522293090820e-01,-7.283639162778854370e-02,-6.103874742984771729e-02,1.195396631956100464e-01,-2.261492190882563591e-03,7.928581535816192627e-02,-1.141635254025459290e-01,-7.727476209402084351e-02,9.952686727046966553e-02,6.348010152578353882e-02,3.168101236224174500e-02,-1.354644540697336197e-02,5.623853206634521484e-02,-4.175760224461555481e-02,2.062914334237575531e-02,2.587310969829559326e-02,2.128611318767070770e-02,2.091373503208160400e-02,1.897888071835041046e-02,-1.046771630644798279e-01,9.749557822942733765e-03,3.560225013643503189e-03,6.092399358749389648e-02
8.383571356534957886e-02,4.041051957756280899e-03,-1.144538447260856628e-01,-2.062129555270075798e-03,5.147983133792877197e-02,-1.613178662955760956e-02,1.235725060105323792e-01,5.715101584792137146e-02,1.116102561354637146e-02,3.663454949855804443e-02,-3.434071084484457970e-03,-2.359366416931152344e-02,6.117540970444679260e-02,3.550817817449569702e-02,8.814665675163269043e-02,5.721561983227729797e-02,5.090833641588687897e-03,-6.341069936752319336e-02,-2.616311050951480865e-02,-7.373491674661636353e-02,8.371804142370820045e-04,5.255992338061332703e-02,4.727468639612197876e-02,-2.436359226703643799e-02,-1.835506409406661987e-03,6.741636991500854492e-02,-5.200169980525970459e-02,-7.270036637783050537e-02,1.160795837640762329e-01,-1.399271637201309204e-01,-3.144298866391181946e-02,-5.273066461086273193e-02,6.081629544496536255e-02,3.301236778497695923e-02,-8.031516335904598236e-03,-5.164996162056922913e-02,-7.447713054716587067e-03,3.402912244200706482e-02,-1.714593172073364258e-01,-6.991769373416900635e-02,9.599313139915466309e-02,2.258783392608165741e-02,1.493507251143455505e-02,1.318042911589145660e-02,-4.988312255591154099e-03,-1.380340158939361572e-01,-1.359545290470123291e-01,-1.746227405965328217e-02,4.909842833876609802e-02,-1.505688205361366272e-02,6.851542275398969650e-03,3.739618882536888123e-02,-3.087097546085715294e-03,8.082980057224631310e-04,-2.004384435713291168e-02,-7.120651006698608398e-02,1.354286540299654007e-02,9.278749115765094757e-03,-6.505301594734191895e-02,-1.643788814544677734e-02,-2.568696625530719757e-02,4.222851246595382690e-02,4.995292518287897110e-03,9.603260457515716553e-02,2.541393041610717773e-02,-1.072436850517988205e-02,-2.045666612684726715e-02,6.110689043998718262e-02,-4.847630858421325684e-02,4.477337002754211426e-02,-9.995569288730621338e-02,-6.733706593513488770e-02,4.008058086037635803e-02,8.143170177936553955e-02,-4.417570307850837708e-02,-1.193901672959327698e-01,-5.536060780286788940e-03,1.242890059947967529e-01,-4.918978735804557800e-02,-6.747637689113616943e-02,8.525935560464859009e-02,1.187236397527158260e-03,-7.815577834844589233e-02,-1.062632887624204159e-03,-1.107013598084449768e-01,-3.803585842251777649e-02,1.583842039108276367e-01,1.152663608081638813e-03,5.581017583608627319e-02,3.079783543944358826e-02,-5.934716761112213135e-02,1.060918904840946198e-02,-6.532319821417331696e-03,-4.516739398241043091e-02,-5.783377587795257568e-02,-2.833860367536544800e-02,9.114318341016769409e-02,-2.609155199024826288e-04,-6.492138653993606567e-02,1.183027625083923340e-01,-4.309481009840965271e-02,1.484964638948440552e-01,-5.168758332729339600e-02,-2.106528356671333313e-02,1.066219434142112732e-01,6.400523334741592407e-02,-4.618002846837043762e-02,-3.312065452337265015e-02,-1.293423324823379517e-01,-4.444245714694261551e-03,-4.003094509243965149e-02,-5.330818518996238708e-02,5.654499400407075882e-03,3.467715159058570862e-02,7.169310748577117920e-02,-1.120926886796951294e-01,1.033953651785850525e-01,4.143321514129638672e-02,-1.306457966566085815e-01,4.498918075114488602e-03,6.468208879232406616e-02,9.609367698431015015e-02,6.677022576332092285e-02,-1.518936082720756531e-02,-1.993128657341003418e-02,-1.074523925781250000e-01,1.635435223579406738e-02,8.659855276346206665e-02
3.153805434703826904e-01,4.010210931301116943e-02,-2.825606763362884521e-01,1.568123549222946167e-01,2.097603976726531982e-01,4.294551163911819458e-02,5.715101584792137146e-02,3.933537304401397705e-01,-1.385647524148225784e-02,4.390827566385269165e-02,2.013875171542167664e-02,-1.059257537126541138e-01,1.852006465196609497e-01,3.546520173549652100e-01,3.506044447422027588e-01,2.477676272392272949e-01,-3.163841553032398224e-03,3.974923491477966309e-02,-5.451591685414314270e-03,-1.387902200222015381e-01,-1.795995607972145081e-02,2.541573345661163330e-01,1.517698168754577637e-01,5.818113218992948532e-03,7.456830702722072601e-03,1.666388213634490967e-01,-2.078295350074768066e-01,-2.241123616695404053e-01,2.698937952518463135e-01,-1.777472496032714844e-01,-1.948066172190010548e-03,-1.677933782339096069e-01,9.953632205724716187e-02,1.952509582042694092e-01,-3.108357638120651245e-02,-2.698339223861694336e-01,7.543772924691438675e-03,7.758807390928268433e-02,-3.308996856212615967e-01,-3.878876268863677979e-01,2.090144902467727661e-01,4.458116739988327026e-02,2.224044799804687500e-01,4.258383437991142273e-02,1.811006516218185425e-01,-2.281563878059387207e-01,-3.441721498966217041e-01,-1.172758191823959351e-01,-3.419026732444763184e-02,6.256433669477701187e-03,6.480567902326583862e-02,-1.026653423905372620e-01,7.219157367944717407e-02,-1.121668964624404907e-01,-5.846267938613891602e-02,-3.135510683059692383e-01,1.086602509021759033e-01,3.191287443041801453e-02,-7.789862900972366333e-02,-1.182255819439888000e-01,5.011310428380966187e-02,-9.485228918492794037e-03,1.530370675027370453e-02,-4.136519879102706909e-02,1.099167950451374054e-02,-1.582642085850238800e-02,1.187188457697629929e-02,2.988964021205902100e-01,-2.409628033638000488e-01,9.538099914789199829e-02,-2.384960651397705078e-01,-1.777594685554504395e-01,1.279287156648933887e-03,2.698861658573150635e-01,-5.390061065554618835e-02,-2.435482293367385864e-01,-8.268042467534542084e-03,2.983454167842864990e-01,-1.529259085655212402e-01,-1.985994279384613037e-01,2.176697552204132080e-01,4.861528053879737854e-03,-3.210806250572204590e-01,2.691491506993770599e-03,-2.399103492498397827e-01,-2.302633672952651978e-01,2.391907721757888794e-01,1.357783470302820206e-02,3.007268346846103668e-02,6.156735494732856750e-02,-9.878106415271759033e-02,-1.784009672701358795e-02,-8.342564851045608521e-02,-3.100972622632980347e-02,-1.555955708026885986e-01,-1.009594947099685669e-01,3.528686165809631348e-01,-5.830423324368894100e-04,-2.485688477754592896e-01,1.298181116580963135e-01,-9.968691319227218628e-02,1.346766650676727295e-01,-2.100395560264587402e-01,-4.958785325288772583e-02,1.587282419204711914e-01,1.912469267845153809e-01,-1.977636665105819702e-02,-2.060168981552124023e-01,-1.415832489728927612e-01,-3.720921464264392853e-03,1.555681973695755005e-01,-2.437497861683368683e-02,-1.970708817243576050e-01,-1.420220434665679932e-01,3.597934246063232422e-01,-2.264650166034698486e-01,3.147186934947967529e-01,3.271247819066047668e-02,-4.017678797245025635e-01,3.518085181713104248e-02,3.716674074530601501e-02,2.341344207525253296e-01,2.290606349706649780e-01,8.334309794008731842e-03,-1.711527258157730103e-01,-1.227104887366294861e-01,-2.021340653300285339e-02,1.463020294904708862e-01
6.397950649261474609e-02,7.443950977176427841e-03,-2.436393313109874725e-02,-2.361707156524062157e-03,2.440037019550800323e-02,-9.684792160987854004e-02,1.116102561354637146e-02,-1.385647524148225784e-02,8.094713091850280762e-02,2.594333328306674957e-02,-2.449391782283782959e-02,-1.384739857167005539e-02,5.033262819051742554e-02,5.143504589796066284e-02,5.404886603355407715e-02,4.226653277873992920e-02,5.683178547769784927e-03,1.737419888377189636e-02,-3.717073705047369003e-03,-6.042502936907112598e-04,-1.368558704853057861e-01,2.703276090323925018e-02,-1.475281640887260437e-02,-1.173266209661960602e-02,9.797750040888786316e-03,7.867148518562316895e-02,-1.904827170073986053e-02,-3.130409866571426392e-02,-5.256703495979309082e-02,2.396238967776298523e-02,-4.248043149709701538e-02,-7.861305773258209229e-02,7.706315815448760986e-02,-2.451931685209274292e-02,5.960761103779077530e-03,-4.203769937157630920e-02,3.158751409500837326e-03,1.505852490663528442e-02,-2.464538626372814178e-02,-4.691696912050247192e-02,9.461292624473571777e-02,1.991827972233295441e-02,-1.266895886510610580e-02,6.603924557566642761e-04,-7.067924737930297852e-02,-2.232571691274642944e-02,-4.607088863849639893e-02,-2.184804528951644897e-02,3.083878755569458008e-02,3.663173690438270569e-02,-5.438937246799468994e-02,6.679993122816085815e-02,3.379658609628677368e-02,1.030590757727622986e-02,4.244458675384521484e-02,-1.981008425354957581e-02,1.003119046799838543e-03,1.001671655103564262e-03,-3.269669786095619202e-02,-2.575553953647613525e-02,-3.327826038002967834e-02,3.267873078584671021e-02,4.298662766814231873e-03,9.034667909145355225e-02,7.962189614772796631e-03,-1.601438596844673157e-02,-1.008861418813467026e-02,4.941258952021598816e-02,-5.197010189294815063e-02,3.689831355586647987e-03,-3.149271756410598755e-02,1.000089123845100403e-01,-2.711145766079425812e-02,5.661652237176895142e-02,-4.757194593548774719e-02,-5.221662670373916626e-02,-2.670678542926907539e-03,4.637673497200012207e-02,-6.485299021005630493e-02,-3.892092779278755188e-02,5.752014368772506714e-02,6.383527070283889771e-04,-8.395061828196048737e-03,3.964412957429885864e-03,-7.336594909429550171e-02,-4.221053048968315125e-02,1.060034427791833878e-02,7.233393262140452862e-04,6.441084295511245728e-02,9.752297773957252502e-03,-1.313008088618516922e-02,-2.766559086740016937e-02,-4.015542566776275635e-02,1.948281936347484589e-02,-5.453457683324813843e-02,7.540783379226922989e-03,1.100048888474702835e-02,-1.235592935699969530e-04,-2.110962383449077606e-02,6.961573660373687744e-02,1.430770661681890488e-02,6.192125752568244934e-02,-6.120283529162406921e-02,-9.377562440931797028e-03,4.777669534087181091e-02,-1.933614723384380341e-02,-5.348937213420867920e-02,-2.212021686136722565e-02,-8.089543879032135010e-02,-7.620905525982379913e-03,7.533072680234909058e-02,3.381587564945220947e-03,-2.799772843718528748e-02,-4.235541075468063354e-02,3.058388596400618553e-03,-6.646555662155151367e-02,2.815290167927742004e-02,-1.487288810312747955e-02,-7.143897563219070435e-02,2.195293828845024109e-02,-1.934820599853992462e-02,5.967843532562255859e-02,5.640180781483650208e-02,-3.364874050021171570e-02,1.314143650233745575e-02,-7.314802706241607666e-02,1.530506415292620659e-03,5.132585298269987106e-03
1.142033468931913376e-02,2.908962592482566833e-02,-1.897187083959579468e-01,1.165658757090568542e-01,6.616062670946121216e-02,-9.917982853949069977e-03,3.663454949855804443e-02,4.390827566385269165e-02,2.594333328306674957e-02,5.132924392819404602e-02,3.664139425382018089e-03,-6.805123388767242432e-02,1.317825913429260254e-01,7.780488580465316772e-02,1.620167195796966553e-01,1.511963605880737305e-01,6.012164987623691559e-03,6.230521947145462036e-02,-8.920899778604507446e-02,-1.028875783085823059e-01,-9.872919321060180664e-02,1.862046718597412109e-01,8.915401995182037354e-02,-2.622277103364467621e-02,2.464630641043186188e-02,2.142603695392608643e-01,-1.710192859172821045e-01,-4.494771361351013184e-02,1.150774732232093811e-01,-1.718418858945369720e-02,2.824138849973678589e-02,-2.019799947738647461e-01,1.601057648658752441e-01,7.393759489059448242e-02,1.403244328685104847e-03,-1.846308112144470215e-01,2.291860803961753845e-02,6.145695224404335022e-02,-9.924942255020141602e-02,-1.387851089239120483e-01,1.932202875614166260e-01,1.127441041171550751e-02,1.497558951377868652e-01,2.057089656591415405e-02,-3.154997900128364563e-02,-1.012643128633499146e-01,-1.921916604042053223e-01,-5.347020179033279419e-02,8.621511980891227722e-03,1.480539515614509583e-02,2.037984319031238556e-02,4.032108932733535767e-02,5.416884645819664001e-02,-2.845983207225799561e-02,3.991011530160903931e-02,-1.761590540409088135e-01,3.881339728832244873e-02,1.423315517604351044e-02,-9.492938965559005737e-02,-9.125463664531707764e-02,-4.008686542510986328e-02,4.372524470090866089e-02,9.297952055931091309e-03,7.684244960546493530e-02,3.796391561627388000e-02,-4.210468009114265442e-02,2.182069793343544006e-02,1.713569909334182739e-01,-1.786359548568725586e-01,2.124710567295551300e-02,-1.289152652025222778e-01,6.283760815858840942e-02,-4.768801108002662659e-02,1.851519197225570679e-01,-5.536065995693206787e-02,-1.597118228673934937e-01,-4.863091278821229935e-03,2.171398401260375977e-01,-9.146951884031295776e-02,-1.692509353160858154e-01,2.075312137603759766e-01,3.079806454479694366e-03,-1.079411506652832031e-01,6.735712289810180664e-03,-1.484709531068801880e-01,-1.402775943279266357e-01,7.077110558748245239e-02,9.168003685772418976e-03,1.045052558183670044e-01,4.611527547240257263e-02,-4.798049479722976685e-02,-4.875277355313301086e-02,-1.629192978143692017e-01,7.417640089988708496e-02,-1.732255220413208008e-01,2.582204760983586311e-04,9.321548044681549072e-02,-3.947159275412559509e-04,-1.234324872493743896e-01,8.369507640600204468e-02,-3.247101604938507080e-02,9.137880057096481323e-02,-1.979154199361801147e-01,-3.512672707438468933e-02,2.239656001329421997e-01,4.018172249197959900e-02,-1.628793925046920776e-01,-1.652910858392715454e-01,-6.357247382402420044e-02,-2.321408502757549286e-02,1.540425717830657959e-01,-8.654856681823730469e-02,-1.522419601678848267e-01,3.533365204930305481e-02,1.826728135347366333e-01,-1.776366531848907471e-01,7.847423851490020752e-02,7.016868144273757935e-02,-2.059895098209381104e-01,5.985520407557487488e-02,7.235225290060043335e-02,1.633220165967941284e-01,1.758763939142227173e-01,-6.616195291280746460e-02,-1.327911317348480225e-01,-1.036095693707466125e-01,6.248401943594217300e-03,9.374538809061050415e-02
-5.874644964933395386e-02,1.152106653898954391e-02,-6.426538527011871338e-02,-2.709468640387058258e-02,1.261397730559110641e-02,1.147348526865243912e-02,-3.434071084484457970e-03,2.013875171542167664e-02,-2.449391782283782959e-02,3.664139425382018089e-03,7.519276440143585205e-02,-2.051456645131111145e-02,1.054255440831184387e-01,-2.824930474162101746e-02,4.024315625429153442e-02,7.193624973297119141e-02,-3.604193218052387238e-03,-2.410113113000988960e-03,-2.120470441877841949e-02,-5.675306171178817749e-02,1.336459070444107056e-01,6.069264933466911316e-02,6.909799575805664062e-02,6.346532609313726425e-03,-1.810935209505259991e-04,8.525378257036209106e-02,-9.920063614845275879e-02,-3.645871207118034363e-02,1.408582180738449097e-01,-1.820030808448791504e-02,4.930353909730911255e-02,-2.461505681276321411e-02,-3.203691542148590088e-02,8.987437188625335693e-02,-9.411470033228397369e-03,-8.661350607872009277e-02,6.182806682772934437e-04,2.694189921021461487e-02,-6.916286051273345947e-02,5.079158022999763489e-02,-7.391020655632019043e-03,-3.082945197820663452e-02,1.040356457233428955e-01,9.923079051077365875e-03,6.275323778390884399e-02,-1.090872660279273987e-01,-7.406547665596008301e-02,3.619286790490150452e-02,-2.116986364126205444e-02,-8.061842620372772217e-02,4.229690879583358765e-02,-3.670753166079521179e-02,-3.323486447334289551e-02,2.454233728349208832e-02,-7.371454685926437378e-02,-8.372883498668670654e-02,2.127692289650440216e-02,1.088399905711412430e-02,-2.136044949293136597e-02,-6.915776990354061127e-03,3.977300226688385010e-02,-2.141982316970825195e-02,-3.159578889608383179e-03,-8.869545906782150269e-02,-7.121806498616933823e-03,-1.210387609899044037e-02,1.976764760911464691e-02,2.482991851866245270e-02,-7.732602953910827637e-02,-5.643743555992841721e-03,-2.323648706078529358e-02,-1.178034320473670959e-01,-5.005381535738706589e-03,5.773162841796875000e-02,2.233016490936279297e-02,3.212936595082283020e-02,-3.911618143320083618e-03,8.362118899822235107e-02,1.094871237874031067e-01,-5.532011762261390686e-02,5.087969824671745300e-03,1.089490018784999847e-03,-6.062118336558341980e-02,6.323038833215832710e-04,5.033305287361145020e-02,-1.027948781847953796e-01,4.163937270641326904e-02,7.128731813281774521e-03,4.438071325421333313e-02,1.586634665727615356e-02,-7.706632837653160095e-03,4.261879995465278625e-02,-3.821761114522814751e-03,-1.809816434979438782e-02,-2.334544993937015533e-02,1.695314422249794006e-02,3.222876694053411484e-03,-6.156590097816661000e-05,-7.490798085927963257e-02,-4.218995571136474609e-02,-3.517176210880279541e-02,1.949597336351871490e-02,-4.242710024118423462e-02,-1.330742985010147095e-02,6.726339459419250488e-02,-8.541288971900939941e-02,4.021198675036430359e-02,-6.972434371709823608e-02,4.070163145661354065e-02,-6.175088230520486832e-03,-2.291814237833023071e-02,1.821353845298290253e-02,-4.527847468852996826e-02,4.000020772218704224e-02,9.296586364507675171e-02,-5.857335403561592102e-02,3.572439029812812805e-02,6.275273859500885010e-02,-1.104729529470205307e-02,-3.060817252844572067e-03,4.943747818470001221e-02,9.655059315264225006e-03,3.320903331041336060e-02,4.285103641450405121e-03,-1.012140586972236633e-01,1.080304011702537537e-02,5.078048445284366608e-03,3.584686433896422386e-03
-1.124509517103433609e-02,-4.722823202610015869e-02,2.967202365398406982e-01,-2.058902084827423096e-01,-1.017934530973434448e-01,-2.425574697554111481e-02,-2.359366416931152344e-02,-1.059257537126541138e-01,-1.384739857167005539e-02,-6.805123388767242432e-02,-2.051456645131111145e-02,1.121919676661491394e-01,-2.012628614902496338e-01,-1.452867388725280762e-01,-2.585215866565704346e-01,-2.421364188194274902e-01,-6.866757757961750031e-03,-1.131537184119224548e-01,1.340269148349761963e-01,1.577663570642471313e-01,1.145258396863937378e-01,-3.066293001174926758e-01,-1.571676582098007202e-01,4.009160026907920837e-02,-3.816983103752136230e-02,-3.195596337318420410e-01,2.746941745281219482e-01,6.338068097829818726e-02,-2.020690888166427612e-01,9.177730418741703033e-03,-6.305761635303497314e-02,3.064039945602416992e-01,-2.237345129251480103e-01,-1.445117443799972534e-01,1.958891749382019043e-03,3.035051226615905762e-01,-3.844110295176506042e-02,-9.398486465215682983e-02,1.412195861339569092e-01,2.314688712358474731e-01,-2.741607427597045898e-01,-8.869669400155544281e-03,-2.639586329460144043e-01,-3.381485491991043091e-02,1.762403524480760098e-03,1.471811980009078979e-01,2.961985170841217041e-01,8.502787351608276367e-02,1.420273073017597198e-02,-4.774101078510284424e-03,-5.516475439071655273e-02,-2.232111431658267975e-02,-8.372420817613601685e-02,6.802659481763839722e-02,-4.964770004153251648e-02,2.919937670230865479e-01,-7.464759796857833862e-02,-2.441692538559436798e-02,1.221616789698600769e-01,1.478670686483383179e-01,4.165229573845863342e-02,-4.937648773193359375e-02,-1.383870467543601990e-02,-5.411920323967933655e-02,-5.157998576760292053e-02,6.173509359359741211e-02,-4.009628295898437500e-02,-2.707428336143493652e-01,2.884685993194580078e-01,-2.206650748848915100e-02,1.957443058490753174e-01,-6.439763307571411133e-02,8.330942690372467041e-02,-2.918151021003723145e-01,6.533906608819961548e-02,2.217873632907867432e-01,6.241312250494956970e-03,-3.353885412216186523e-01,1.285744607448577881e-01,2.682694792747497559e-01,-3.174149692058563232e-01,-5.081468727439641953e-03,1.803693622350692749e-01,-1.032384485006332397e-02,2.070301324129104614e-01,2.262670844793319702e-01,-8.405160903930664062e-02,-1.584248058497905731e-02,-1.342715173959732056e-01,-7.085242867469787598e-02,6.311315298080444336e-02,7.323002070188522339e-02,2.550227642059326172e-01,-1.200605481863021851e-01,2.625191807746887207e-01,6.547629833221435547e-03,-1.510163992643356323e-01,5.883674020878970623e-04,2.046276330947875977e-01,-9.531914442777633667e-02,5.751252174377441406e-02,-1.009339094161987305e-01,3.109234273433685303e-01,5.351866781711578369e-02,-3.320356607437133789e-01,-7.093629240989685059e-02,2.304850220680236816e-01,2.748898565769195557e-01,4.859024286270141602e-02,3.378866240382194519e-02,-2.597762942314147949e-01,1.262934654951095581e-01,2.635999321937561035e-01,-4.931232705712318420e-02,-3.090032935142517090e-01,2.567133903503417969e-01,-1.233650147914886475e-01,-1.139877811074256897e-01,3.170208930969238281e-01,-9.221883863210678101e-02,-1.035665497183799744e-01,-2.424737215042114258e-01,-2.679847478866577148e-01,8.325294405221939087e-02,2.366272807121276855e-01,1.318356543779373169e-01,-3.908490762114524841e-03,-1.383050084114074707e-01
