4.958087205886840820e-01,-2.386548742651939392e-02,1.833117753267288208e-01,-2.385075986385345459e-01,1.774310022592544556e-01,-2.051868438720703125e-01,2.450097799301147461e-01,2.656401097774505615e-01,7.562096416950225830e-02,2.666678652167320251e-02,-1.788183599710464478e-01,7.066514808684587479e-03,-2.654057443141937256e-01,-3.021512180566787720e-02,-7.282497733831405640e-02,-4.313411936163902283e-02,5.480887833982706070e-03,-2.065005898475646973e-01,2.634058296680450439e-01,3.300388529896736145e-02,-1.380098760128021240e-01,-1.857629418373107910e-01,-2.092778533697128296e-01,1.768167614936828613e-01,-3.355368680786341429e-04,-1.305636763572692871e-01,1.999506652355194092e-01,-1.424215137958526611e-01,-2.023820281028747559e-01,-1.322720497846603394e-01,-2.133326381444931030e-01,1.019580289721488953e-01,-1.761207580566406250e-01,-7.380975037813186646e-02,-1.736734807491302490e-02,1.669400185346603394e-01,-9.662565588951110840e-02,-1.207127049565315247e-01,-4.437918961048126221e-02,-3.333476185798645020e-01,4.716274887323379517e-02,7.497669756412506104e-02,-2.945817112922668457e-01,-2.426691912114620209e-02,-8.891870081424713135e-02,2.448107749223709106e-01,1.255230903625488281e-01,-1.894029043614864349e-02,1.146061122417449951e-01,-1.260936856269836426e-01,-1.307099163532257080e-01,-1.490425616502761841e-01,2.752514779567718506e-01,6.773493438959121704e-02,-5.799112468957901001e-02,4.259089380502700806e-02,2.500018849968910217e-02,-1.208259258419275284e-02,2.112133949995040894e-01,1.658674329519271851e-01,-1.095896661281585693e-01,-3.154999390244483948e-02,-3.132618498057126999e-03,1.491567343473434448e-01,-6.347984075546264648e-02,6.510159373283386230e-02,-3.166109621524810791e-01,-4.185624420642852783e-02,8.385559171438217163e-02,1.467648148536682129e-01,-2.814866602420806885e-02,1.657864898443222046e-01,8.415048569440841675e-02,-8.410846441984176636e-02,-7.124056667089462280e-02,5.898253619670867920e-02,2.922161947935819626e-03,-1.513872444629669189e-01,5.884465202689170837e-02,4.713880270719528198e-02,-1.366888135671615601e-01,-3.848008927889168262e-04,-1.458288282155990601e-01,-5.845230538398027420e-03,-2.084123194217681885e-01,2.841745316982269287e-01,2.330028563737869263e-01,-6.272074300795793533e-03,-2.071461826562881470e-01,4.144857637584209442e-03,-1.458965837955474854e-01,1.596232950687408447e-01,2.937473356723785400e-01,-1.538129150867462158e-01,3.276542946696281433e-02,-4.212892651557922363e-01,-6.834131479263305664e-02,-1.889512896013911813e-05,-8.296595513820648193e-02,1.250517666339874268e-01,-2.751218080520629883e-01,2.239275425672531128e-01,1.522418409585952759e-01,8.418215066194534302e-02,-2.305186688899993896e-01,2.887195348739624023e-01,2.699066400527954102e-01,3.252804279327392578e-01,-3.009290695190429688e-01,9.470637887716293335e-03,-9.298799186944961548e-02,1.973931491374969482e-01,2.371419966220855713e-01,9.836180508136749268e-02,-1.020834818482398987e-01,1.748120188713073730e-01,3.760933876037597656e-01,-2.893637120723724365e-01,-6.544915586709976196e-02,-6.000794097781181335e-02,-2.971523404121398926e-01,-1.290254946798086166e-02,7.942233979701995850e-02,3.405279815196990967e-01,-4.260522499680519104e-02,8.258061110973358154e-02,3.252690890803933144e-03,-1.268695294857025146e-01
-2.386548742651939392e-02,1.102477498352527618e-02,-8.991841971874237061e-02,7.512620836496353149e-02,2.662228792905807495e-02,-2.343813888728618622e-02,-3.861538320779800415e-02,4.595333710312843323e-02,2.669066563248634338e-02,4.009633883833885193e-02,8.951064199209213257e-03,-4.249247908592224121e-02,8.769811689853668213e-02,5.750822648406028748e-02,8.642257750034332275e-02,9.460030496120452881e-02,-5.616460111923515797e-04,6.809631735086441040e-02,-7.587112486362457275e-02,-4.181656986474990845e-02,-1.927998289465904236e-02,7.315628975629806519e-02,6.262103468179702759e-02,-5.118079483509063721e-02,1.031690835952758789e-02,9.502848982810974121e-02,-9.388563036918640137e-02,-2.862561121582984924e-02,8.268611133098602295e-02,1.518696825951337814e-02,3.088805591687560081e-03,-9.304281324148178101e-02,6.519045680761337280e-02,5.330140888690948486e-02,-3.315471112728118896e-03,-1.008980348706245422e-01,4.616602137684822083e-02,8.239658921957015991e-02,-7.923412322998046875e-02,-2.592165954411029816e-02,8.212133496999740601e-02,7.176677696406841278e-03,8.615150302648544312e-02,1.837652735412120819e-02,7.227445021271705627e-03,-7.118625938892364502e-02,-9.274940192699432373e-02,-3.070851229131221771e-02,-1.503600738942623138e-03,2.784426510334014893e-02,-4.378362558782100677e-03,4.639053717255592346e-02,2.854737266898155212e-02,-2.866710163652896881e-02,-1.660352759063243866e-02,-1.030624359846115112e-01,3.041772358119487762e-02,7.541351485997438431e-03,-5.210043489933013916e-02,-7.257527858018875122e-02,-8.466999046504497528e-03,1.073334459215402603e-02,2.405069069936871529e-03,1.383571303449571133e-03,3.147834539413452148e-02,-2.998162806034088135e-02,3.586409240961074829e-02,8.858721703290939331e-02,-9.018924832344055176e-02,6.000888068228960037e-03,-7.824493199586868286e-02,-1.311211753636598587e-02,-2.455466613173484802e-02,8.749274164438247681e-02,-3.005850501358509064e-02,-8.479812741279602051e-02,-1.185457222163677216e-03,1.041544750332832336e-01,-5.489604547619819641e-02,-7.922611385583877563e-02,9.619966894388198853e-02,3.713194455485790968e-04,-5.557419359683990479e-02,1.196950906887650490e-03,-6.521158665418624878e-02,-8.659435808658599854e-02,2.489150688052177429e-02,3.163983114063739777e-03,5.826262384653091431e-02,5.736788734793663025e-02,-1.436899323016405106e-02,-1.876399479806423187e-02,-8.787723630666732788e-02,3.472714126110076904e-02,-7.431919127702713013e-02,2.558429725468158722e-02,6.571092456579208374e-02,-2.021051295741926879e-05,-6.103109940886497498e-02,6.386891007423400879e-02,-5.331021267920732498e-03,4.018728807568550110e-02,-1.009797751903533936e-01,-7.596088200807571411e-02,1.091753542423248291e-01,-2.342555671930313110e-02,-7.803130149841308594e-02,-9.604684263467788696e-02,7.080964744091033936e-03,-3.715929575264453888e-03,6.119059771299362183e-02,-5.754665657877922058e-02,-9.358826279640197754e-02,-2.358668716624379158e-03,1.013010293245315552e-01,-9.444566816091537476e-02,1.739442721009254456e-02,6.345099955797195435e-02,-8.893068134784698486e-02,3.630483150482177734e-02,5.645670741796493530e-02,7.298196107149124146e-02,7.224513590335845947e-02,-6.612144410610198975e-02,-3.260893374681472778e-02,-5.514234676957130432e-02,6.296514184214174747e-04,7.007002830505371094e-02
1.833117753267288208e-01,-8.991841971874237061e-02,7.571578621864318848e-01,-6.785119771957397461e-01,-2.063488811254501343e-01,1.497658342123031616e-01,2.797299921512603760e-01,-3.974875211715698242e-01,-2.047291696071624756e-01,-3.755131661891937256e-01,-3.372411802411079407e-02,3.857448101043701172e-01,-6.670510768890380859e-01,-5.569330453872680664e-01,-7.180857658386230469e-01,-7.201762199401855469e-01,3.469219896942377090e-03,-5.551499724388122559e-01,6.568894982337951660e-01,3.990211784839630127e-01,2.222246229648590088e-01,-6.358716487884521484e-01,-6.013151407241821289e-01,4.557694792747497559e-01,-9.435515105724334717e-02,-6.924600005149841309e-01,7.348691225051879883e-01,1.642134040594100952e-01,-6.829559206962585449e-01,-1.488624364137649536e-01,7.892607391113415360e-05,7.543839812278747559e-01,-5.797986984252929688e-01,-5.393671989440917969e-01,3.098421171307563782e-02,7.673558592796325684e-01,-3.993156850337982178e-01,-6.927108168601989746e-01,5.867116451263427734e-01,3.161322176456451416e-01,-6.542158722877502441e-01,-8.045666664838790894e-02,-6.794204115867614746e-01,-1.673839688301086426e-01,-6.074243038892745972e-02,5.907381176948547363e-01,7.756236195564270020e-01,2.759497165679931641e-01,5.295328330248594284e-03,-1.554141789674758911e-01,2.880766429007053375e-02,-3.800926506519317627e-01,-3.029100894927978516e-01,2.514019608497619629e-01,1.169831454753875732e-01,8.025931715965270996e-01,-2.939915060997009277e-01,-6.738230586051940918e-02,4.236218333244323730e-01,6.416845321655273438e-01,1.089741066098213196e-01,-1.335912495851516724e-01,-2.257404103875160217e-02,-3.709857817739248276e-03,-2.689062952995300293e-01,2.569935917854309082e-01,-2.606806159019470215e-01,-6.875681877136230469e-01,7.325622439384460449e-01,1.343034859746694565e-02,6.643622517585754395e-01,1.352557241916656494e-01,2.324839085340499878e-01,-7.369244098663330078e-01,2.381006628274917603e-01,6.941885948181152344e-01,8.868031203746795654e-03,-8.187704682350158691e-01,5.201236605644226074e-01,6.807729601860046387e-01,-7.938695549964904785e-01,-3.414783859625458717e-03,4.990157783031463623e-01,-9.514375589787960052e-03,5.344694256782531738e-01,6.854082942008972168e-01,-2.324751317501068115e-01,-2.585164830088615417e-02,-4.600637853145599365e-01,-5.230921506881713867e-01,1.404265612363815308e-01,1.822139620780944824e-01,7.107345461845397949e-01,-3.031211495399475098e-01,6.544814705848693848e-01,-1.970196366310119629e-01,-5.594435334205627441e-01,1.827298692660406232e-04,5.162602066993713379e-01,-5.329305529594421387e-01,1.153580248355865479e-01,-3.136209845542907715e-01,8.002439141273498535e-01,6.529244184494018555e-01,-8.374203443527221680e-01,6.159739568829536438e-02,6.591655611991882324e-01,7.228202819824218750e-01,-1.085699796676635742e-01,3.231214731931686401e-02,-5.453014373779296875e-01,5.772520303726196289e-01,7.565872073173522949e-01,-1.025148779153823853e-01,-7.878625392913818359e-01,7.523709535598754883e-01,-1.414509415626525879e-01,-5.501562952995300293e-01,7.380176782608032227e-01,-3.445399701595306396e-01,-4.659252762794494629e-01,-6.477845907211303711e-01,-6.359847187995910645e-01,5.340029597282409668e-01,3.497291505336761475e-01,5.179867744445800781e-01,-1.231561694294214249e-02,-6.302288770675659180e-01
-2.385075986385345459e-01,7.512620836496353149e-02,-6.785119771957397461e-01,7.209886312484741211e-01,8.137401193380355835e-02,-4.591083899140357971e-02,-2.716842293739318848e-01,2.519057393074035645e-01,1.782603859901428223e-01,3.193708956241607666e-01,-1.189795508980751038e-02,-3.319617509841918945e-01,5.347719192504882812e-01,5.603673458099365234e-01,6.451013088226318359e-01,5.588554739952087402e-01,5.189475268707610667e-05,5.372515320777893066e-01,-6.528294682502746582e-01,-3.452639579772949219e-01,-2.895054519176483154e-01,6.107028722763061523e-01,5.641282200813293457e-01,-4.073305428028106689e-01,8.313356339931488037e-02,5.287327170372009277e-01,-6.063366532325744629e-01,2.163252793252468109e-02,5.283580422401428223e-01,2.427069544792175293e-01,4.984337720088660717e-04,-6.883521676063537598e-01,6.067581772804260254e-01,4.482214450836181641e-01,-1.235816441476345062e-02,-6.531393527984619141e-01,3.450404405593872070e-01,5.963855981826782227e-01,-3.831693232059478760e-01,-3.285462856292724609e-01,5.633010268211364746e-01,8.832813799381256104e-02,5.882291793823242188e-01,1.438553035259246826e-01,1.744832098484039307e-02,-4.406795799732208252e-01,-7.131830453872680664e-01,-2.652362883090972900e-01,-2.153526060283184052e-02,1.954533010721206665e-01,7.697143591940402985e-03,3.906370699405670166e-01,2.842537760734558105e-01,-2.593986093997955322e-01,9.265623986721038818e-03,-6.681183576583862305e-01,2.776190042495727539e-01,5.655092746019363403e-02,-3.914827704429626465e-01,-6.184356808662414551e-01,-1.508334428071975708e-01,1.935683488845825195e-01,2.450265176594257355e-02,-4.130410775542259216e-02,2.760410308837890625e-01,-2.272275835275650024e-01,2.601148784160614014e-01,5.304452180862426758e-01,-6.202889680862426758e-01,-1.426084041595458984e-01,-5.429387688636779785e-01,7.337487186305224895e-04,-2.738831043243408203e-01,6.724154353141784668e-01,-2.116405367851257324e-01,-6.114856004714965820e-01,-5.495769437402486801e-03,6.872686147689819336e-01,-5.972025394439697266e-01,-5.885296463966369629e-01,7.622088193893432617e-01,2.966758329421281815e-03,-3.283891081809997559e-01,1.034424267709255219e-02,-4.244809150695800781e-01,-5.914503335952758789e-01,3.829624503850936890e-02,1.962666399776935577e-02,3.764502704143524170e-01,4.321179687976837158e-01,-1.087381392717361450e-01,-2.778267860412597656e-01,-7.006745338439941406e-01,3.474098443984985352e-01,-6.047672629356384277e-01,2.524237036705017090e-01,4.559478461742401123e-01,-1.457020989619195461e-04,-3.494078516960144043e-01,4.181850850582122803e-01,3.273801645264029503e-03,1.050954759120941162e-01,-7.532287836074829102e-01,-5.498121380805969238e-01,7.618529796600341797e-01,4.203436523675918579e-02,-7.299240231513977051e-01,-6.494194269180297852e-01,2.042760848999023438e-01,-2.967677451670169830e-02,5.858895778656005859e-01,-6.059758663177490234e-01,-7.006179690361022949e-01,1.603408753871917725e-01,6.597824692726135254e-01,-6.630851626396179199e-01,-3.668550401926040649e-02,4.909546971321105957e-01,-6.302292943000793457e-01,3.592779934406280518e-01,4.266640543937683105e-01,6.011493206024169922e-01,5.458676815032958984e-01,-5.087953805923461914e-01,-2.630143761634826660e-01,-4.998814165592193604e-01,-1.232514041475951672e-03,5.611031651496887207e-01
1.774310022592544556e-01,2.662228792905807495e-02,-2.063488811254501343e-01,8.137401193380355835e-02,2.609471678733825684e-01,-1.959191560745239258e-01,-1.430956926196813583e-02,3.776787519454956055e-01,6.343901902437210083e-02,1.241439208388328552e-01,-2.500730007886886597e-02,-1.357882171869277954e-01,1.991699784994125366e-01,1.014859229326248169e-01,2.569160163402557373e-01,3.463080227375030518e-01,-2.052384661510586739e-03,1.505929827690124512e-01,-7.542911916971206665e-02,-1.023333370685577393e-01,2.380203455686569214e-02,1.318126916885375977e-01,7.638961821794509888e-02,-5.598144978284835815e-02,2.701428160071372986e-02,2.944020926952362061e-01,-2.366861552000045776e-01,-2.884382009506225586e-01,2.446798831224441528e-01,-9.536875039339065552e-02,-7.225385308265686035e-02,-1.937064826488494873e-01,4.309191927313804626e-02,1.369696557521820068e-01,-2.863726951181888580e-02,-2.726195454597473145e-01,1.063270494341850281e-01,2.210271358489990234e-01,-4.170991182327270508e-01,-2.023504227399826050e-01,2.896631658077239990e-01,4.504763707518577576e-02,1.809989959001541138e-01,5.340939387679100037e-02,5.039486289024353027e-02,-1.585917919874191284e-01,-2.433503866195678711e-01,-1.145522296428680420e-01,2.686355076730251312e-02,6.336257606744766235e-02,-8.655662089586257935e-02,2.844975097104907036e-03,1.766363233327865601e-01,-4.927345365285873413e-02,-1.657397449016571045e-01,-3.580113947391510010e-01,1.100934147834777832e-01,2.098681032657623291e-02,-7.508379220962524414e-02,-1.431431919336318970e-01,-2.486274018883705139e-02,-6.133599579334259033e-02,3.483960404992103577e-03,6.284723430871963501e-02,4.396841302514076233e-02,-6.425544619560241699e-02,-9.504877030849456787e-03,3.370413184165954590e-01,-2.469422817230224609e-01,2.046404927968978882e-01,-3.100311458110809326e-01,-5.056213587522506714e-02,3.063337318599224091e-02,2.276866137981414795e-01,-1.263201981782913208e-01,-2.700159847736358643e-01,-3.886952530592679977e-03,2.906993031501770020e-01,-7.472884654998779297e-02,-2.173405885696411133e-01,2.054028660058975220e-01,9.717480279505252838e-04,-3.205738663673400879e-01,-4.743391182273626328e-04,-3.539366126060485840e-01,-1.849506199359893799e-01,2.702893912792205811e-01,9.973902255296707153e-03,7.131112366914749146e-02,1.942599564790725708e-01,-1.436855792999267578e-01,9.820735454559326172e-02,-9.888871759176254272e-02,-1.648685149848461151e-02,-1.866834759712219238e-01,-1.559895575046539307e-01,2.640939354896545410e-01,-8.059973333729431033e-05,-2.906404137611389160e-01,3.014771640300750732e-01,-1.777992248535156250e-01,3.107953667640686035e-01,-2.201668471097946167e-01,-2.232512533664703369e-01,2.271062582731246948e-01,1.436874549835920334e-02,-2.840690501034259796e-02,-1.897201687097549438e-01,-1.912815868854522705e-01,-1.740373438224196434e-03,4.960557073354721069e-02,-9.410661295987665653e-04,-1.837327778339385986e-01,-5.785908550024032593e-02,3.536822497844696045e-01,-2.175769507884979248e-01,3.201121687889099121e-01,8.571956306695938110e-02,-3.422156870365142822e-01,4.448113217949867249e-02,7.081647217273712158e-02,1.871432960033416748e-01,2.642356157302856445e-01,-4.631108790636062622e-02,-1.160680800676345825e-01,-7.645998150110244751e-02,-6.723735947161912918e-03,1.680320352315902710e-01
-2.051868438720703125e-01,-2.343813888728618622e-02,1.497658342123031616e-01,-4.591083899140357971e-02,-1.959191560745239258e-01,2.962843179702758789e-01,1.519659068435430527e-03,-2.683444917201995850e-01,-1.943438053131103516e-01,-1.498296707868576050e-01,7.515657693147659302e-02,1.210072189569473267e-01,-1.634655296802520752e-01,-8.708565682172775269e-02,-1.898940205574035645e-01,-2.965647876262664795e-01,-4.939748905599117279e-04,-1.052961573004722595e-01,1.028874218463897705e-01,8.310315757989883423e-02,1.510122716426849365e-01,-8.396989852190017700e-02,-2.454352378845214844e-02,7.080417871475219727e-02,-3.536510840058326721e-02,-3.074345886707305908e-01,1.740748882293701172e-01,2.090620994567871094e-01,-1.270377933979034424e-01,2.352398820221424103e-02,1.176259592175483704e-01,2.349914312362670898e-01,-1.228377819061279297e-01,-6.952221691608428955e-02,1.652452535927295685e-02,2.280122190713882446e-01,-1.007926836609840393e-01,-2.046972364187240601e-01,2.992037534713745117e-01,1.727421730756759644e-01,-3.397080898284912109e-01,-5.363434180617332458e-02,-8.780238777399063110e-02,-3.521548584103584290e-02,8.738725632429122925e-02,8.274525403976440430e-02,1.981346160173416138e-01,9.046773612499237061e-02,-1.000279560685157776e-01,-4.242312535643577576e-02,1.155759021639823914e-01,-1.353287547826766968e-01,-2.358070313930511475e-01,4.026243835687637329e-02,8.185684680938720703e-02,2.742046415805816650e-01,-8.913410454988479614e-02,-1.592658087611198425e-02,7.719030976295471191e-02,1.196251064538955688e-01,8.049056679010391235e-02,-2.703689970076084137e-03,-3.449263051152229309e-03,-1.745984703302383423e-01,-8.873957395553588867e-02,6.912352889776229858e-02,7.421923428773880005e-02,-2.653765678405761719e-01,2.522037625312805176e-01,-1.281387954950332642e-01,2.641873359680175781e-01,-1.365900486707687378e-01,3.567133471369743347e-02,-2.172684818506240845e-01,1.826241016387939453e-01,2.307162284851074219e-01,3.209450980648398399e-03,-2.404114603996276855e-01,1.138517037034034729e-01,2.247312366962432861e-01,-2.126974165439605713e-01,-8.042102563194930553e-04,2.440330982208251953e-01,-1.938897301442921162e-03,3.435419201850891113e-01,1.204282417893409729e-01,-2.201201319694519043e-01,-7.315940689295530319e-03,-1.242676973342895508e-01,-1.855847090482711792e-01,1.212261542677879333e-01,-3.731710836291313171e-02,1.216189861297607422e-01,-1.981734996661543846e-03,2.402989715337753296e-01,1.324153244495391846e-01,-1.345921754837036133e-01,7.240325066959485412e-05,2.308309972286224365e-01,-3.257417678833007812e-01,1.488628834486007690e-01,-3.190085887908935547e-01,2.322729676961898804e-01,2.009295970201492310e-01,-2.467623800039291382e-01,1.747572049498558044e-02,8.078041672706604004e-02,1.356405317783355713e-01,2.120701670646667480e-01,1.006866618990898132e-02,-9.994760155677795410e-02,1.789471320807933807e-02,1.600255966186523438e-01,7.522353436797857285e-03,-2.425215244293212891e-01,2.254446446895599365e-01,-2.582055628299713135e-01,-4.153342172503471375e-02,3.005137741565704346e-01,-6.660637259483337402e-02,-1.317621301859617233e-02,-2.226870507001876831e-01,-2.574977874755859375e-01,3.132299333810806274e-02,7.754704356193542480e-02,1.176122054457664490e-01,-9.876872412860393524e-03,-1.438777744770050049e-01
2.450097799301147461e-01,-3.861538320779800415e-02,2.797299921512603760e-01,-2.716842293739318848e-01,-1.430956926196813583e-02,1.519659068435430527e-03,2.742412388324737549e-01,-4.341487213969230652e-02,-6.080074608325958252e-02,-6.406234204769134521e-02,-1.409836709499359131e-01,1.252815425395965576e-01,-3.469713628292083740e-01,-1.827249974012374878e-01,-2.783420979976654053e-01,-2.993882298469543457e-01,3.051312174648046494e-03,-2.887106537818908691e-01,2.553339898586273193e-01,9.913308173418045044e-02,-5.121008679270744324e-02,-2.969726026058197021e-01,-2.159975767135620117e-01,2.126394063234329224e-01,-2.464372664690017700e-02,-3.237772881984710693e-01,3.360126912593841553e-01,7.635951042175292969e-02,-2.698244154453277588e-01,-1.131863892078399658e-01,-8.290753513574600220e-02,2.746017873287200928e-01,-1.784421503543853760e-01,-1.401442140340805054e-01,4.412592388689517975e-03,3.734929263591766357e-01,-1.611191630363464355e-01,-2.539639174938201904e-01,2.247422188520431519e-01,-6.651417165994644165e-02,-1.968004256486892700e-01,1.816724799573421478e-02,-3.565507531166076660e-01,-5.623644217848777771e-02,-1.198882013559341431e-01,2.735006511211395264e-01,2.744063138961791992e-01,9.294928610324859619e-02,7.643935829401016235e-02,-1.522840708494186401e-01,-2.572192624211311340e-02,-1.770684719085693359e-01,4.158317297697067261e-02,1.460999250411987305e-01,3.843540698289871216e-02,2.950310111045837402e-01,-9.069276601076126099e-02,-2.496535331010818481e-02,1.824373006820678711e-01,2.627385556697845459e-01,-3.555315360426902771e-02,-1.570220105350017548e-02,-7.889182306826114655e-03,1.173110753297805786e-01,-1.195890456438064575e-01,1.024983301758766174e-01,-2.491364032030105591e-01,-2.654702067375183105e-01,2.747039496898651123e-01,1.503451075404882431e-02,1.811027824878692627e-01,9.190560877323150635e-02,1.009734869003295898e-01,-2.654678523540496826e-01,4.899860173463821411e-02,2.364905476570129395e-01,4.581116139888763428e-03,-3.098932504653930664e-01,1.585190594196319580e-01,2.248390316963195801e-01,-2.858570218086242676e-01,-1.148069160990417004e-03,6.049955263733863831e-02,-6.385178305208683014e-03,1.032806038856506348e-01,3.477642238140106201e-01,8.969541639089584351e-02,-1.190485432744026184e-02,-2.441633492708206177e-01,-1.413548439741134644e-01,-3.023708239197731018e-02,9.654223918914794922e-02,3.401367366313934326e-01,-1.691132187843322754e-01,1.746557652950286865e-01,-2.310032695531845093e-01,-2.042653858661651611e-01,3.685508272610604763e-05,1.520916074514389038e-01,-1.159003153443336487e-01,-1.213643550872802734e-01,-3.930072765797376633e-03,3.280705213546752930e-01,2.317502200603485107e-01,-3.326467573642730713e-01,2.446098476648330688e-01,2.769809067249298096e-01,4.185899496078491211e-01,-1.467808783054351807e-01,1.077917777001857758e-02,-2.407090663909912109e-01,1.555806696414947510e-01,3.515806198120117188e-01,1.102712750434875488e-01,-3.076736629009246826e-01,2.912512123584747314e-01,6.541759520769119263e-02,-2.644008398056030273e-01,1.892551481723785400e-01,-1.119132936000823975e-01,-2.624555826187133789e-01,-1.768821775913238525e-01,-1.393234580755233765e-01,3.166883885860443115e-01,5.832440778613090515e-02,1.497677862644195557e-01,5.332910921424627304e-03,-1.958341300487518311e-01
2.656401097774505615e-01,4.595333710312843323e-02,-3.974875211715698242e-01,2.519057393074035645e-01,3.776787519454956055e-01,-2.683444917201995850e-01,-4.341487213969230652e-02,6.484449505805969238e-01,1.079116165637969971e-01,2.345557808876037598e-01,-3.463150560855865479e-02,-2.732869684696197510e-01,3.312954008579254150e-01,2.922281026840209961e-01,4.860197901725769043e-01,5.757930874824523926e-01,-1.314179389737546444e-03,2.633672356605529785e-01,-1.888516396284103394e-01,-2.112987488508224487e-01,-9.959251619875431061e-03,3.166464567184448242e-01,2.120488286018371582e-01,-1.765943020582199097e-01,5.543375387787818909e-02,4.666707515716552734e-01,-4.162227511405944824e-01,-3.973177671432495117e-01,4.399755299091339111e-01,-8.182341605424880981e-02,-1.360355168581008911e-01,-3.932418823242187500e-01,1.238338053226470947e-01,3.192427456378936768e-01,-5.145934969186782837e-02,-4.928578138351440430e-01,2.060478925704956055e-01,4.098278582096099854e-01,-6.542856693267822266e-01,-4.230376780033111572e-01,4.902601540088653564e-01,8.499228209257125854e-02,3.179173767566680908e-01,1.048210561275482178e-01,1.256684958934783936e-01,-2.959729135036468506e-01,-4.644894003868103027e-01,-2.198167592287063599e-01,3.742497414350509644e-02,3.299484029412269592e-02,-1.317490935325622559e-01,3.673278540372848511e-02,3.428326547145843506e-01,-1.452476233243942261e-01,-2.531547546386718750e-01,-6.213883161544799805e-01,2.377332299947738647e-01,4.165847972035408020e-02,-9.350038319826126099e-02,-3.082768321037292480e-01,-8.225023746490478516e-02,-5.290058627724647522e-02,9.425659663975238800e-03,3.447505086660385132e-02,1.044000834226608276e-01,-1.229387894272804260e-01,-2.721276320517063141e-02,5.484339594841003418e-01,-4.687606692314147949e-01,2.484126687049865723e-01,-5.465179085731506348e-01,-1.160121709108352661e-01,-4.302693065255880356e-03,4.606920480728149414e-01,-1.858996897935867310e-01,-4.638099968433380127e-01,-5.787898320704698563e-03,5.201088786125183105e-01,-2.257946729660034180e-01,-4.234620034694671631e-01,4.216194450855255127e-01,2.069145673885941505e-03,-5.333040952682495117e-01,6.650481373071670532e-04,-5.793951153755187988e-01,-3.297629654407501221e-01,4.038420319557189941e-01,1.750526577234268188e-02,1.254611164331436157e-01,3.766345977783203125e-01,-2.300205230712890625e-01,1.298478543758392334e-01,-2.332316040992736816e-01,2.434766478836536407e-02,-3.726562559604644775e-01,-2.378669679164886475e-01,4.372058510780334473e-01,-1.465964160161092877e-04,-5.064961910247802734e-01,4.994621276855468750e-01,-3.303388059139251709e-01,4.829322695732116699e-01,-4.377157688140869141e-01,-4.172022044658660889e-01,4.163837432861328125e-01,8.832081407308578491e-02,-1.304133981466293335e-01,-3.483504951000213623e-01,-2.263574600219726562e-01,-4.568923730403184891e-03,2.000870108604431152e-01,-1.147600859403610229e-01,-3.725301027297973633e-01,1.876174286007881165e-02,5.950499773025512695e-01,-3.905120193958282471e-01,5.008940696716308594e-01,1.900900900363922119e-01,-6.056119799613952637e-01,1.235338747501373291e-01,1.286231875419616699e-01,3.796990811824798584e-01,4.691806733608245850e-01,-8.567889779806137085e-02,-2.686157524585723877e-01,-1.929378360509872437e-01,-9.911460801959037781e-04,3.291720151901245117e-01
7.562096416950225830e-02,2.669066563248634338e-02,-2.047291696071624756e-01,1.782603859901428223e-01,6.343901902437210083e-02,-1.943438053131103516e-01,-6.080074608325958252e-02,1.079116165637969971e-01,2.450445592403411865e-01,1.690534204244613647e-01,-6.647551804780960083e-02,-1.374545097351074219e-01,1.693428158760070801e-01,2.256413102149963379e-01,2.303113043308258057e-01,2.533425688743591309e-01,3.657235298305749893e-03,1.161042004823684692e-01,-2.080459743738174438e-01,-1.296523213386535645e-01,-3.119022846221923828e-01,1.798758953809738159e-01,1.244176998734474182e-01,-1.442665755748748779e-01,4.439358785748481750e-02,2.685404419898986816e-01,-2.128306776285171509e-01,-1.992291770875453949e-02,9.695041924715042114e-02,1.082697361707687378e-01,-1.068817079067230225e-01,-3.567437529563903809e-01,2.544575631618499756e-01,1.154650002717971802e-01,-3.911919426172971725e-03,-2.562026381492614746e-01,1.222160905599594116e-01,2.240156233310699463e-01,-1.295692175626754761e-01,-1.980555355548858643e-01,3.269109129905700684e-01,6.255237758159637451e-02,1.174114719033241272e-01,3.987703844904899597e-02,-1.199539825320243835e-01,-9.871297329664230347e-02,-2.427697032690048218e-01,-9.267956763505935669e-02,8.778939396142959595e-02,1.463621947914361954e-02,-7.610883563756942749e-02,2.380429953336715698e-01,2.505094707012176514e-01,-8.157529681921005249e-02,2.707753330469131470e-02,-2.640695273876190186e-01,1.012018769979476929e-01,1.754976063966751099e-02,-9.763331711292266846e-02,-1.872131377458572388e-01,-1.280017197132110596e-01,1.182154938578605652e-01,8.924033492803573608e-03,1.168188303709030151e-01,1.319732069969177246e-01,-8.539739996194839478e-02,-2.626323886215686798e-02,2.052223533391952515e-01,-2.851240336894989014e-01,-4.865838959813117981e-02,-2.163797318935394287e-01,1.724956184625625610e-01,-1.427793949842453003e-01,2.778668999671936035e-01,-1.577635556459426880e-01,-2.244396805763244629e-01,-1.908404985442757607e-03,2.610693573951721191e-01,-2.263365983963012695e-01,-2.807737886905670166e-01,3.114803731441497803e-01,1.101993024349212646e-03,-1.445044428110122681e-01,4.886960145086050034e-03,-2.591118514537811279e-01,-1.481593698263168335e-01,6.905605643987655640e-02,5.608499515801668167e-03,1.905318647623062134e-01,1.898140758275985718e-01,-6.341939419507980347e-02,-9.919625520706176758e-02,-2.413292676210403442e-01,1.186801120638847351e-01,-2.943536341190338135e-01,-6.841151975095272064e-03,7.056310772895812988e-02,-6.395421223714947701e-05,-1.803465038537979126e-01,2.480980753898620605e-01,-6.788158416748046875e-02,1.717453896999359131e-01,-3.293478488922119141e-01,-2.107473909854888916e-01,3.115985691547393799e-01,4.324767738580703735e-03,-2.645666599273681641e-01,-1.765723675489425659e-01,-3.615301102399826050e-02,-1.861541531980037689e-02,2.923538684844970703e-01,-1.854096800088882446e-01,-2.390799522399902344e-01,1.041590571403503418e-01,1.979897618293762207e-01,-2.710659503936767578e-01,1.006077080965042114e-01,7.965631783008575439e-02,-2.810281813144683838e-01,1.493160277605056763e-01,3.788523003458976746e-02,2.881498932838439941e-01,2.714010775089263916e-01,-1.128155142068862915e-01,-1.197834685444831848e-01,-2.302727997303009033e-01,2.058062888681888580e-02,1.699639260768890381e-01
2.666678652167320251e-02,4.009633883833885193e-02,-3.755131661891937256e-01,3.193708956241607666e-01,1.241439208388328552e-01,-1.498296707868576050e-01,-6.406234204769134521e-02,2.345557808876037598e-01,1.690534204244613647e-01,2.266114503145217896e-01,-5.344857275485992432e-02,-1.990313827991485596e-01,2.945592105388641357e-01,3.025949597358703613e-01,3.667230308055877686e-01,3.857075572013854980e-01,5.771668511442840099e-04,2.122933864593505859e-01,-3.224829137325286865e-01,-2.096637487411499023e-01,-2.398774474859237671e-01,2.807190716266632080e-01,2.666508853435516357e-01,-2.070352286100387573e-01,5.447202920913696289e-02,3.659536838531494141e-01,-3.582097291946411133e-01,-6.667471677064895630e-02,3.136124312877655029e-01,6.919170916080474854e-02,-6.999892741441726685e-02,-4.505064785480499268e-01,3.218839466571807861e-01,2.670635879039764404e-01,-1.653118059039115906e-02,-3.892620801925659180e-01,1.860192418098449707e-01,3.512784838676452637e-01,-2.967649996280670166e-01,-2.561371326446533203e-01,3.963536620140075684e-01,6.745465099811553955e-02,2.723827362060546875e-01,7.796788960695266724e-02,-4.866638779640197754e-02,-2.537194788455963135e-01,-4.119470417499542236e-01,-1.345606595277786255e-01,5.767307803034782410e-02,1.304980646818876266e-02,-5.424386635422706604e-02,2.075514495372772217e-01,2.561542391777038574e-01,-1.020076498389244080e-01,-4.194520786404609680e-02,-4.512395262718200684e-01,1.513123959302902222e-01,3.134629130363464355e-02,-1.729742884635925293e-01,-2.946735322475433350e-01,-1.099898964166641235e-01,9.913707524538040161e-02,1.125397626310586929e-02,8.651868253946304321e-02,1.361757814884185791e-01,-1.220806092023849487e-01,2.648117206990718842e-02,3.485973179340362549e-01,-4.040106832981109619e-01,-1.676317863166332245e-02,-3.648280203342437744e-01,1.429872959852218628e-02,-1.288789063692092896e-01,4.039398431777954102e-01,-1.542284935712814331e-01,-3.593225777149200439e-01,-3.574473783373832703e-03,4.522139132022857666e-01,-2.814902365207672119e-01,-3.838449418544769287e-01,4.543521106243133545e-01,1.708072843030095100e-03,-2.855856716632843018e-01,4.211484920233488083e-03,-3.364339172840118408e-01,-2.910711169242858887e-01,1.784044653177261353e-01,1.086450461298227310e-02,2.126514315605163574e-01,2.811208963394165039e-01,-1.023317277431488037e-01,-8.445096760988235474e-02,-3.417290151119232178e-01,1.271579116582870483e-01,-3.866632580757141113e-01,1.111429370939731598e-02,2.309186160564422607e-01,-1.016955429804511368e-04,-2.768727242946624756e-01,3.206515908241271973e-01,-1.364316493272781372e-01,2.276193350553512573e-01,-4.511467814445495605e-01,-3.270970880985260010e-01,4.751942157745361328e-01,5.120870843529701233e-02,-3.479717373847961426e-01,-3.102511763572692871e-01,-1.207039598375558853e-02,-1.894724741578102112e-02,3.035308122634887695e-01,-3.030649721622467041e-01,-3.707732260227203369e-01,1.300159990787506104e-01,4.064046144485473633e-01,-4.011625647544860840e-01,1.400344073772430420e-01,2.083919197320938110e-01,-4.429566562175750732e-01,1.831802427768707275e-01,1.477892100811004639e-01,3.738028705120086670e-01,3.803915083408355713e-01,-1.895829588174819946e-01,-2.052088379859924316e-01,-2.857183218002319336e-01,1.722871884703636169e-02,3.047920465469360352e-01
-1.788183599710464478e-01,8.951064199209213257e-03,-3.372411802411079407e-02,-1.189795508980751038e-02,-2.500730007886886597e-02,7.515657693147659302e-02,-1.409836709499359131e-01,-3.463150560855865479e-02,-6.647551804780960083e-02,-5.344857275485992432e-02,1.854247003793716431e-01,-6.996898911893367767e-03,1.467642486095428467e-01,-1.010163314640522003e-02,2.487880922853946686e-02,7.943736761808395386e-02,-3.995961043983697891e-03,4.089827090501785278e-02,1.337192114442586899e-02,3.598231356590986252e-03,2.226432710886001587e-01,6.775587052106857300e-02,5.274999886751174927e-02,-8.336798846721649170e-02,-8.058722130954265594e-03,9.401175379753112793e-02,-1.228342354297637939e-01,-8.118195831775665283e-02,1.387777179479598999e-01,-7.664603181183338165e-03,1.077991873025894165e-01,6.652953568845987320e-03,-9.675852209329605103e-02,5.042653530836105347e-02,-8.476082235574722290e-03,-1.137948259711265564e-01,3.208658099174499512e-02,2.590505219995975494e-02,-9.344621747732162476e-02,1.958989053964614868e-01,-8.309906721115112305e-02,-6.530572474002838135e-02,1.453487426042556763e-01,9.701296687126159668e-03,1.778247505426406860e-01,-1.821331828832626343e-01,6.780712865293025970e-03,2.871567197144031525e-02,-8.586593717336654663e-02,-2.227229997515678406e-02,4.474352300167083740e-02,-3.316318988800048828e-02,-1.840846687555313110e-01,-3.046277910470962524e-02,-8.439502865076065063e-02,-4.617834836244583130e-02,-1.496766787022352219e-02,6.590378936380147934e-03,-5.012516863644123077e-03,-1.501559652388095856e-02,1.209317594766616821e-01,-7.078661024570465088e-02,-2.673275535926222801e-03,-1.505299061536788940e-01,-2.015537396073341370e-02,-1.190701499581336975e-02,1.444255411624908447e-01,5.705263093113899231e-02,-3.917208686470985413e-02,3.180158510804176331e-02,2.566877193748950958e-02,-2.484754472970962524e-01,2.466088160872459412e-02,2.047499408945441246e-03,9.485473483800888062e-02,2.764701284468173981e-02,-2.849509241059422493e-03,6.420641392469406128e-02,1.258343905210494995e-01,-7.503794506192207336e-03,-3.843829035758972168e-02,1.965848350664600730e-04,2.505783364176750183e-02,9.571914561092853546e-04,1.052126139402389526e-01,-1.302737593650817871e-01,-5.289245396852493286e-02,5.257427226752042770e-03,9.426303952932357788e-02,-7.218927145004272461e-03,9.109071642160415649e-02,4.739876091480255127e-02,-3.706656396389007568e-02,1.612177677452564240e-02,7.918998599052429199e-02,1.290616989135742188e-01,3.364193439483642578e-02,1.361987051495816559e-05,-5.043188482522964478e-02,-8.627966046333312988e-02,5.225945636630058289e-02,-2.357535436749458313e-02,-2.548690652474761009e-03,-2.810419164597988129e-02,6.933524738997220993e-03,-2.547083497047424316e-01,6.960040330886840820e-02,-1.484055370092391968e-01,1.117749288678169250e-01,1.913462299853563309e-03,-1.256837882101535797e-02,4.724274203181266785e-02,-6.566516309976577759e-02,-1.231869682669639587e-01,5.322172120213508606e-02,-1.330563239753246307e-02,-2.024831250309944153e-02,1.009982749819755554e-01,6.245753169059753418e-02,-3.772690519690513611e-02,1.058333143591880798e-01,-7.253799587488174438e-02,-7.551330327987670898e-02,-1.041183248162269592e-01,-3.232451528310775757e-02,4.104283079504966736e-02,6.722465157508850098e-03,-7.867571897804737091e-03
7.066514808684587479e-03,-4.249247908592224121e-02,3.857448101043701172e-01,-3.319617509841918945e-01,-1.357882171869277954e-01,1.210072189569473267e-01,1.252815425395965576e-01,-2.732869684696197510e-01,-1.374545097351074219e-01,-1.990313827991485596e-01,-6.996898911893367767e-03,2.144438475370407104e-01,-3.279301226139068604e-01,-3.227225542068481445e-01,-4.026238024234771729e-01,-4.265952110290527344e-01,-2.417901414446532726e-04,-2.453214675188064575e-01,3.006187677383422852e-01,2.012498974800109863e-01,1.450498104095458984e-01,-3.293314576148986816e-01,-2.769447267055511475e-01,2.295792549848556519e-01,-5.108789727091789246e-02,-3.858542144298553467e-01,3.935069739818572998e-01,1.123712435364723206e-01,-3.509642481803894043e-01,-7.678958028554916382e-02,5.220098793506622314e-02,4.415547549724578857e-01,-2.648862004280090332e-01,-2.775902450084686279e-01,2.211147733032703400e-02,4.418553113937377930e-01,-1.949576288461685181e-01,-3.599160909652709961e-01,3.545534908771514893e-01,2.394152730703353882e-01,-3.784878849983215332e-01,-5.311569944024085999e-02,-3.206433951854705811e-01,-8.378414809703826904e-02,-4.394861683249473572e-02,2.907443642616271973e-01,4.219180643558502197e-01,1.488777697086334229e-01,-1.508643571287393570e-02,-2.397879399359226227e-02,4.870642349123954773e-02,-1.773696094751358032e-01,-2.142796069383621216e-01,1.388494968414306641e-01,7.837893813848495483e-02,4.846870601177215576e-01,-1.708377599716186523e-01,-3.445268049836158752e-02,1.497687101364135742e-01,3.132890462875366211e-01,7.887192815542221069e-02,-6.659540534019470215e-02,-1.138617657124996185e-02,1.391577068716287613e-03,-1.354229003190994263e-01,1.237143725156784058e-01,-7.469984889030456543e-02,-3.802683353424072266e-01,4.169165492057800293e-01,-8.123453706502914429e-03,3.702670335769653320e-01,5.740391835570335388e-02,1.177193373441696167e-01,-4.198938906192779541e-01,1.240172237157821655e-01,3.612225055694580078e-01,4.187539685517549515e-03,-4.670287072658538818e-01,2.659953534603118896e-01,3.904871642589569092e-01,-4.478495419025421143e-01,-1.828236738219857216e-03,2.815217971801757812e-01,-4.550314974039793015e-03,3.327427208423614502e-01,3.329282402992248535e-01,-1.386536508798599243e-01,-1.288153138011693954e-02,-2.164140343666076660e-01,-2.837368845939636230e-01,8.783766627311706543e-02,6.057582050561904907e-02,3.481052815914154053e-01,-1.393190473318099976e-01,3.547889292240142822e-01,-2.695309557020664215e-02,-2.629195451736450195e-01,9.855558164417743683e-05,3.101154863834381104e-01,-3.053464591503143311e-01,1.213694810867309570e-01,-2.125276029109954834e-01,4.623799026012420654e-01,3.404847681522369385e-01,-4.579003751277923584e-01,5.841321311891078949e-03,3.185524940490722656e-01,3.684570491313934326e-01,-2.115466631948947906e-02,1.544883474707603455e-02,-3.198494315147399902e-01,2.656049430370330811e-01,4.009221792221069336e-01,-8.177663385868072510e-02,-4.435351490974426270e-01,3.931166529655456543e-01,-1.626023501157760620e-01,-2.311587929725646973e-01,4.397006928920745850e-01,-1.734984964132308960e-01,-1.765100508928298950e-01,-3.540975451469421387e-01,-3.603307902812957764e-01,2.122951596975326538e-01,2.163626253604888916e-01,2.617950439453125000e-01,-1.266775187104940414e-02,-2.949633300304412842e-01
