3.987567126750946045e-01,1.968327350914478302e-02,1.301748007535934448e-01,-2.115147858858108521e-01,3.077015876770019531e-01,-3.389630019664764404e-01,3.242398798465728760e-02,3.706447184085845947e-01,-2.209463901817798615e-02,-8.021211624145507812e-02,-2.826262414455413818e-01,-1.871349066495895386e-01,-1.542074680328369141e-01,-8.036955446004867554e-02,-7.159537076950073242e-02,1.414268910884857178e-01,3.581613069400191307e-03,-2.529844641685485840e-02,1.087021529674530029e-01,-3.205642849206924438e-02,-1.198788881301879883e-01,-2.538702189922332764e-01,-2.094303220510482788e-01,1.393174678087234497e-01,1.661471463739871979e-02,1.557268947362899780e-01,4.336216673254966736e-02,-3.519648015499114990e-01,-1.782758720219135284e-02,-3.896326571702957153e-02,-1.592611223459243774e-01,1.393136568367481232e-02,-1.531525850296020508e-01,2.978330105543136597e-02,-8.083346299827098846e-03,8.801144547760486603e-03,8.505470305681228638e-02,1.379778236150741577e-02,-1.792880147695541382e-01,-1.991004198789596558e-01,1.013320684432983398e-01,6.845367699861526489e-02,-1.596994400024414062e-01,-2.987895533442497253e-02,-3.317571803927421570e-02,2.721112072467803955e-01,2.856780774891376495e-02,3.401326760649681091e-02,8.529336750507354736e-02,-5.771075841039419174e-03,-1.768510639667510986e-01,-2.175686210393905640e-01,9.859587997198104858e-02,-3.569564223289489746e-02,3.086506389081478119e-02,-1.742137968540191650e-02,1.113369986414909363e-01,2.493856591172516346e-04,1.431164443492889404e-01,2.437131255865097046e-01,-7.476644963026046753e-02,1.510698646306991577e-01,-9.895619004964828491e-03,2.133202701807022095e-01,1.365903466939926147e-01,-1.457996014505624771e-02,-3.260337412357330322e-01,6.002764031291007996e-02,-5.209093447774648666e-03,2.733184695243835449e-01,-1.688270121812820435e-01,2.258059084415435791e-01,-5.059686675667762756e-02,-1.034258455038070679e-01,-2.291645556688308716e-01,-7.705683261156082153e-02,8.041297551244497299e-04,-6.312213093042373657e-02,9.074886143207550049e-02,5.675611644983291626e-02,7.095195818692445755e-03,-6.436345574911683798e-05,-7.816754281520843506e-02,-4.139413591474294662e-03,-2.083470970392227173e-01,1.561958789825439453e-01,2.428436577320098877e-01,1.263668411411345005e-03,-1.375636756420135498e-01,7.373219728469848633e-02,-8.421751856803894043e-02,2.795452177524566650e-01,1.434740424156188965e-01,-1.767063140869140625e-01,-1.429775264114141464e-03,-3.290785253047943115e-01,-8.243189007043838501e-02,-2.904466555264662020e-06,-7.473673671483993530e-02,1.243815869092941284e-01,-3.094502091407775879e-01,3.057750761508941650e-01,3.839858993887901306e-02,-8.305953443050384521e-02,-1.204733997583389282e-01,4.895085468888282776e-02,2.484830319881439209e-01,1.682090759277343750e-01,-3.585495948791503906e-01,1.740328036248683929e-02,-1.420676410198211670e-01,2.430222034454345703e-01,8.532223105430603027e-02,-1.085336729884147644e-01,1.271657086908817291e-02,-2.085469895973801613e-03,2.191656529903411865e-01,-2.099730372428894043e-01,-7.346443086862564087e-02,-1.709668338298797607e-01,-1.727246940135955811e-01,-1.966464705765247345e-02,-3.882080316543579102e-02,3.077956736087799072e-01,1.483539817854762077e-03,2.120859175920486450e-01,-1.144139189273118973e-02,9.708113968372344971e-02
1.968327350914478302e-02,1.144086569547653198e-02,-7.344266027212142944e-02,4.121024161577224731e-02,7.197013497352600098e-02,-2.822780050337314606e-02,-1.603813655674457550e-02,6.558167189359664917e-02,6.162221729755401611e-02,6.685994565486907959e-02,5.716028972528874874e-04,-5.367258936166763306e-02,7.191354036331176758e-02,6.323121488094329834e-02,7.659675925970077515e-02,1.063777133822441101e-01,-5.398007342591881752e-04,6.213068962097167969e-02,-6.760835647583007812e-02,-5.032882466912269592e-02,-4.105422273278236389e-02,4.571985080838203430e-02,4.531032592058181763e-02,-4.369423910975456238e-02,1.578598096966743469e-02,9.430710226297378540e-02,-8.062152564525604248e-02,-6.664399802684783936e-02,8.645466715097427368e-02,-3.840651363134384155e-02,9.687675163149833679e-03,-9.037956595420837402e-02,2.309360541403293610e-02,6.843740493059158325e-02,-3.800996346399188042e-03,-9.718945622444152832e-02,7.846876233816146851e-02,8.312976360321044922e-02,-9.627827256917953491e-02,-7.043696939945220947e-02,7.749179005622863770e-02,4.769159422721713781e-04,6.906762719154357910e-02,4.862251505255699158e-02,1.948045566678047180e-02,-6.568241864442825317e-02,-6.845643371343612671e-02,-2.676638029515743256e-02,-2.970089949667453766e-02,-3.311259439215064049e-03,-2.098839264363050461e-03,-4.764251038432121277e-02,4.664367437362670898e-02,7.555982563644647598e-03,-3.593649342656135559e-02,-9.219188243150711060e-02,3.510919213294982910e-02,2.545850118622183800e-03,-6.286438554525375366e-02,-2.761125192046165466e-02,-1.229471061378717422e-02,-1.348316203802824020e-02,2.046834444627165794e-03,4.471509158611297607e-02,4.493176005780696869e-03,-2.884412370622158051e-02,3.243023529648780823e-02,9.838870912790298462e-02,-8.102967590093612671e-02,6.626976281404495239e-02,-8.779269456863403320e-02,-4.613798484206199646e-02,-1.605078577995300293e-02,7.414285093545913696e-02,-1.444876380264759064e-02,-9.044891595840454102e-02,-2.648812078405171633e-04,8.464387059211730957e-02,-3.455871716141700745e-03,-7.333534210920333862e-02,7.172570377588272095e-02,3.808628389379009604e-05,-7.995299994945526123e-02,-8.792086155153810978e-04,-9.364742785692214966e-02,-7.128713279962539673e-02,6.870551407337188721e-02,9.608023101463913918e-04,7.448693364858627319e-02,7.453554868698120117e-02,-1.817942224442958832e-02,-1.142147666541859508e-04,-5.779341235756874084e-02,2.119478769600391388e-02,-6.586945056915283203e-02,-9.328811429440975189e-03,5.858231708407402039e-02,4.131604498525121016e-07,-8.159627765417098999e-02,7.512231171131134033e-02,-4.813836514949798584e-02,7.546728849411010742e-02,-7.929519563913345337e-02,-9.175308048725128174e-02,8.014166355133056641e-02,-2.397553436458110809e-02,-4.474933072924613953e-02,-8.034098148345947266e-02,-6.058562919497489929e-02,8.968102047219872475e-04,5.166258290410041809e-02,-5.335263162851333618e-02,-7.182470709085464478e-02,-2.853051573038101196e-02,8.473420888185501099e-02,-7.382815331220626831e-02,8.062802255153656006e-02,3.763632848858833313e-02,-8.996546268463134766e-02,3.827498853206634521e-02,7.050158083438873291e-02,5.808088555932044983e-02,6.004400551319122314e-02,-3.731166571378707886e-02,-4.159261286258697510e-02,-3.753030672669410706e-02,-1.615271158516407013e-02,7.069575041532516479e-02
1.301748007535934448e-01,-7.344266027212142944e-02,7.451596856117248535e-01,-6.282048821449279785e-01,-3.982613086700439453e-01,-3.663002979010343552e-03,1.268930882215499878e-01,-2.948964238166809082e-01,-5.718905329704284668e-01,-6.100562810897827148e-01,-5.443898588418960571e-02,3.402959406375885010e-01,-6.170992851257324219e-01,-6.636797189712524414e-01,-7.409242987632751465e-01,-7.315360307693481445e-01,5.047407932579517365e-03,-5.419122576713562012e-01,6.963594555854797363e-01,5.180668234825134277e-01,3.730503022670745850e-01,-6.169934272766113281e-01,-5.891706347465515137e-01,4.545322954654693604e-01,-1.521717607975006104e-01,-6.190140247344970703e-01,7.139846682548522949e-01,2.509045004844665527e-01,-7.245803475379943848e-01,2.442677915096282959e-01,-1.554574072360992432e-01,7.773832082748413086e-01,-4.055551290512084961e-01,-6.608816385269165039e-01,2.525418065488338470e-02,7.582784891128540039e-01,-6.094997525215148926e-01,-7.306472659111022949e-01,5.937860608100891113e-01,5.628114938735961914e-01,-6.382598876953125000e-01,-4.566106945276260376e-02,-7.079170346260070801e-01,-4.560193419456481934e-01,-1.360993385314941406e-01,7.279669046401977539e-01,6.962269544601440430e-01,2.559284269809722900e-01,2.366855293512344360e-01,7.644657045602798462e-02,-6.499750912189483643e-02,2.333553880453109741e-01,-4.547334313392639160e-01,-7.876461744308471680e-02,2.595810294151306152e-01,7.613755464553833008e-01,-3.833772838115692139e-01,-2.453852072358131409e-02,6.298951506614685059e-01,5.290883779525756836e-01,1.063060462474822998e-01,1.512489467859268188e-01,-2.987870760262012482e-02,-2.172421663999557495e-01,3.920057043433189392e-02,2.671243250370025635e-01,-3.904108405113220215e-01,-7.488471269607543945e-01,6.998346447944641113e-01,-3.423856794834136963e-01,6.530504822731018066e-01,4.476125240325927734e-01,2.128109782934188843e-01,-7.316972613334655762e-01,7.442645262926816940e-03,7.153030633926391602e-01,2.262084046378731728e-03,-7.755419015884399414e-01,2.076067477464675903e-01,7.055790424346923828e-01,-6.931210756301879883e-01,-4.351669049356132746e-04,6.695100665092468262e-01,1.724234432913362980e-03,6.543744206428527832e-01,7.481886148452758789e-01,-3.931210041046142578e-01,-6.949981674551963806e-03,-6.812290549278259277e-01,-6.471112370491027832e-01,1.933399885892868042e-01,2.315449565649032593e-01,6.589661836624145508e-01,-4.017070233821868896e-01,6.328448057174682617e-01,-1.852680593729019165e-01,-5.482689142227172852e-01,-5.163391961104935035e-06,6.215662360191345215e-01,-5.304645895957946777e-01,2.721607983112335205e-01,-3.572454452514648438e-01,7.532317042350769043e-01,7.166690826416015625e-01,-7.766656875610351562e-01,1.780836284160614014e-02,6.108969449996948242e-01,7.459834814071655273e-01,2.372018843889236450e-01,9.449604898691177368e-03,-6.090189218521118164e-01,6.953697204589843750e-01,7.361556291580200195e-01,-8.413590490818023682e-03,-7.550676465034484863e-01,6.657364964485168457e-01,-4.742766618728637695e-01,-5.011321902275085449e-01,7.295485734939575195e-01,-5.479059219360351562e-01,-6.957648396492004395e-01,-6.085356473922729492e-01,-6.298232078552246094e-01,5.406913161277770996e-01,5.003347992897033691e-01,5.505652427673339844e-01,1.074572056531906128e-01,-5.760236382484436035e-01
-2.115147858858108521e-01,4.121024161577224731e-02,-6.282048821449279785e-01,7.058556079864501953e-01,1.538762450218200684e-01,8.333042263984680176e-02,-5.719272047281265259e-02,3.338456153869628906e-02,5.469372272491455078e-01,4.341755509376525879e-01,-1.101683750748634338e-01,-1.354001313447952271e-01,3.690245151519775391e-01,5.922240018844604492e-01,6.235041022300720215e-01,4.604624807834625244e-01,-2.056403551250696182e-03,3.494994640350341797e-01,-6.420208215713500977e-01,-4.943840205669403076e-01,-4.635525345802307129e-01,5.769081115722656250e-01,5.293205976486206055e-01,-3.200143873691558838e-01,1.419507861137390137e-01,3.446622788906097412e-01,-5.412660837173461914e-01,6.368168443441390991e-02,4.816572666168212891e-01,-4.449119418859481812e-02,8.858660608530044556e-02,-6.755670905113220215e-01,5.663837194442749023e-01,5.770772099494934082e-01,-4.332496318966150284e-03,-5.203167796134948730e-01,3.932121992111206055e-01,6.089850664138793945e-01,-2.502860724925994873e-01,-4.841271340847015381e-01,5.768903493881225586e-01,1.831538528203964233e-01,5.628657341003417969e-01,3.023767471313476562e-01,-1.089189946651458740e-01,-5.818460583686828613e-01,-6.465730071067810059e-01,-1.817553341388702393e-01,1.333242934197187424e-02,-1.932717673480510712e-02,5.879259109497070312e-02,5.379080399870872498e-02,5.265235304832458496e-01,1.922101899981498718e-02,-2.593235857784748077e-02,-5.571117997169494629e-01,4.349778890609741211e-01,1.870510727167129517e-02,-5.160578489303588867e-01,-6.855629086494445801e-01,-1.678244769573211670e-01,-1.526971906423568726e-02,3.625319153070449829e-02,1.067933812737464905e-01,1.764278300106525421e-02,-2.201703488826751709e-01,2.477658987045288086e-01,5.178920626640319824e-01,-5.466870665550231934e-01,6.269545108079910278e-02,-4.614871740341186523e-01,-1.640579849481582642e-01,-3.374425768852233887e-01,6.207469701766967773e-01,-1.057696416974067688e-01,-5.421025156974792480e-01,-7.770812371745705605e-04,6.063367724418640137e-01,-3.945070803165435791e-01,-6.111266613006591797e-01,6.516381502151489258e-01,3.831729409284889698e-04,-4.969212710857391357e-01,8.434071205556392670e-03,-4.712401330471038818e-01,-6.516721248626708984e-01,1.130178049206733704e-01,2.794848289340734482e-03,5.168247818946838379e-01,5.174689888954162598e-01,-2.737940549850463867e-01,-4.188262224197387695e-01,-6.875422596931457520e-01,5.078109502792358398e-01,-5.872830152511596680e-01,3.146522939205169678e-01,3.698839247226715088e-01,2.851844101314782165e-06,-3.756953179836273193e-01,3.307397067546844482e-01,-1.043130755424499512e-01,4.830809682607650757e-02,-7.008222937583923340e-01,-5.147131085395812988e-01,7.215550541877746582e-01,2.594909965991973877e-01,-7.421472072601318359e-01,-5.689290165901184082e-01,9.406389668583869934e-03,-2.710493654012680054e-02,6.409177780151367188e-01,-7.275017499923706055e-01,-7.005457282066345215e-01,2.830077409744262695e-01,6.018365025520324707e-01,-5.847014188766479492e-01,1.641049087047576904e-01,4.137488901615142822e-01,-5.471718311309814453e-01,6.171249151229858398e-01,5.279319882392883301e-01,6.479802727699279785e-01,6.079667806625366211e-01,-5.270176529884338379e-01,-5.004490613937377930e-01,-6.131895184516906738e-01,-4.371664673089981079e-02,4.124964773654937744e-01
3.077015876770019531e-01,7.197013497352600098e-02,-3.982613086700439453e-01,1.538762450218200684e-01,6.667742133140563965e-01,-3.342599570751190186e-01,-7.915161550045013428e-02,6.900312304496765137e-01,2.894972562789916992e-01,3.576678633689880371e-01,-1.343623846769332886e-01,-5.126246809959411621e-01,3.619690835475921631e-01,3.593559265136718750e-01,4.574997723102569580e-01,7.421813607215881348e-01,-5.158095736987888813e-04,3.965141177177429199e-01,-3.410350382328033447e-01,-3.422592282295227051e-01,-2.372355908155441284e-01,1.605060100555419922e-01,1.774107366800308228e-01,-2.110206037759780884e-01,1.086145490407943726e-01,6.668057441711425781e-01,-4.987991452217102051e-01,-6.494226455688476562e-01,5.991550683975219727e-01,-2.757804989814758301e-01,-3.182725980877876282e-02,-5.204097032546997070e-01,-2.792062237858772278e-02,4.995442032814025879e-01,-3.683503344655036926e-02,-5.913986563682556152e-01,5.654756426811218262e-01,5.258066058158874512e-01,-7.452460527420043945e-01,-5.675139427185058594e-01,4.943426549434661865e-01,-4.203577991575002670e-03,3.564576506614685059e-01,3.292590081691741943e-01,2.325172126293182373e-01,-2.947138547897338867e-01,-4.303979575634002686e-01,-1.570858657360076904e-01,-2.202002555131912231e-01,-1.311623007059097290e-01,-1.396347582340240479e-01,-5.490503311157226562e-01,2.985163927078247070e-01,4.758797585964202881e-02,-2.707665562629699707e-01,-6.165062189102172852e-01,3.161299526691436768e-01,1.871525309979915619e-02,-2.773929834365844727e-01,-4.102596431039273739e-04,-8.157444745302200317e-02,-3.384584560990333557e-02,2.053600270301103592e-03,3.490094244480133057e-01,5.346146225929260254e-02,-1.942881643772125244e-01,-9.301459416747093201e-03,6.486384272575378418e-01,-5.089988112449645996e-01,6.217293739318847656e-01,-6.716267466545104980e-01,-2.677345871925354004e-01,-8.443443477153778076e-02,4.176324009895324707e-01,-1.159432604908943176e-01,-5.933014154434204102e-01,-1.379630761221051216e-03,5.399094223976135254e-01,8.287382125854492188e-02,-4.229269027709960938e-01,4.540241062641143799e-01,2.341868093935772777e-04,-5.824788212776184082e-01,-1.149538252502679825e-02,-6.862183809280395508e-01,-3.777176141738891602e-01,6.251045465469360352e-01,7.925837300717830658e-03,3.519699573516845703e-01,5.434092283248901367e-01,-1.359499394893646240e-01,2.784363627433776855e-01,-2.300901412963867188e-01,-1.402404275722801685e-03,-3.921020627021789551e-01,-2.834196984767913818e-01,3.367841839790344238e-01,1.638815206206345465e-06,-5.873390436172485352e-01,5.262063741683959961e-01,-5.802029967308044434e-01,6.738930344581604004e-01,-4.606516957283020020e-01,-6.393328309059143066e-01,3.885065019130706787e-01,-1.046792790293693542e-01,-4.426454380154609680e-02,-4.056555032730102539e-01,-6.119660139083862305e-01,2.417614497244358063e-02,1.959030777215957642e-01,-1.813710331916809082e-01,-3.980087637901306152e-01,-2.326283603906631470e-01,5.816712379455566406e-01,-4.277831614017486572e-01,6.636972427368164062e-01,1.622088700532913208e-01,-6.244783401489257812e-01,1.072810068726539612e-01,3.531322479248046875e-01,3.028704524040222168e-01,3.323315083980560303e-01,-1.744993403553962708e-02,-3.242948353290557861e-01,-7.457902282476425171e-02,-1.006639003753662109e-01,5.218786001205444336e-01
-3.389630019664764404e-01,-2.822780050337314606e-02,-3.663002979010343552e-03,8.333042263984680176e-02,-3.342599570751190186e-01,3.294924497604370117e-01,-7.849462330341339111e-03,-3.754871785640716553e-01,-1.031705811619758606e-01,-1.618054136633872986e-02,2.596759200096130371e-01,2.340358644723892212e-01,6.409684568643569946e-02,-5.334797501564025879e-02,-6.640189886093139648e-02,-2.678156793117523193e-01,-3.149596741423010826e-03,-4.133113473653793335e-02,9.433006867766380310e-03,1.284791827201843262e-01,2.045366764068603516e-01,1.258606612682342529e-01,1.084434986114501953e-01,-6.586512923240661621e-02,-4.514915496110916138e-02,-2.565491199493408203e-01,9.534956514835357666e-02,3.537782430648803711e-01,-9.884203970432281494e-02,5.070425197482109070e-02,1.375143975019454956e-01,1.526089310646057129e-01,7.993441820144653320e-02,-1.538333445787429810e-01,1.106142066419124603e-02,1.325033754110336304e-01,-1.769922226667404175e-01,-1.419908106327056885e-01,2.588957548141479492e-01,2.855558693408966064e-01,-2.170132845640182495e-01,-7.864909619092941284e-02,3.872461989521980286e-02,-3.348427638411521912e-02,2.365958318114280701e-02,-1.254831999540328979e-01,9.436225146055221558e-02,-8.648619987070560455e-03,-7.214234769344329834e-02,3.969484567642211914e-02,1.685228794813156128e-01,2.254509776830673218e-01,-1.830820888280868530e-01,3.056127764284610748e-02,-6.787662860006093979e-03,1.487325429916381836e-01,-1.911698132753372192e-01,-4.160283599048852921e-03,-5.068580806255340576e-02,-1.213168278336524963e-01,9.863357990980148315e-02,-1.487289518117904663e-01,3.784810192883014679e-03,-2.236987799406051636e-01,-1.232384964823722839e-01,5.925086140632629395e-02,2.596267759799957275e-01,-1.835161447525024414e-01,1.383447498083114624e-01,-2.953335642814636230e-01,2.636566460132598877e-01,-1.511668860912322998e-01,1.157502382993698120e-01,-3.809670358896255493e-02,2.082846164703369141e-01,1.836625188589096069e-01,-4.461497592274099588e-04,-8.098208904266357422e-02,-4.495800286531448364e-02,8.173986524343490601e-02,-1.330527216196060181e-01,-1.922447518154513091e-05,1.870941966772079468e-01,3.124559530988335609e-03,3.037610650062561035e-01,-3.532262751832604408e-03,-2.756541073322296143e-01,-2.145707840099930763e-03,1.110291574150323868e-02,-1.859032511711120605e-01,1.078989803791046143e-01,-2.179709076881408691e-01,-1.224519126117229462e-02,7.530574500560760498e-02,1.009739264845848083e-01,2.610730826854705811e-01,3.262274339795112610e-02,1.170756036117381882e-06,1.711223572492599487e-01,-1.812483221292495728e-01,3.339296579360961914e-01,-3.375550508499145508e-01,1.147749498486518860e-01,2.018804699182510376e-01,-3.217839077115058899e-02,-4.408492147922515869e-02,-1.141760870814323425e-01,-3.374767303466796875e-02,3.649856150150299072e-01,-1.243924256414175034e-02,-8.729868568480014801e-03,-9.972836077213287354e-02,5.565654486417770386e-02,6.775923073291778564e-02,-1.389537155628204346e-01,1.192644238471984863e-01,-2.822935283184051514e-01,1.360786259174346924e-01,1.836125105619430542e-01,6.185454502701759338e-02,6.601323932409286499e-02,-9.573125839233398438e-02,-8.473043143749237061e-02,-2.081827074289321899e-01,1.108604148030281067e-01,-9.095470607280731201e-02,1.561166625469923019e-02,-1.749515980482101440e-01
3.242398798465728760e-02,-1.603813655674457550e-02,1.268930882215499878e-01,-5.719272047281265259e-02,-7.915161550045013428e-02,-7.849462330341339111e-03,5.338332056999206543e-02,-6.432217359542846680e-02,-8.167757093906402588e-02,-1.235068812966346741e-01,-1.073390319943428040e-01,7.075511664152145386e-02,-1.770215630531311035e-01,-9.554270654916763306e-02,-1.183103248476982117e-01,-1.639272421598434448e-01,2.199901733547449112e-03,-1.310864835977554321e-01,9.916191548109054565e-02,3.229110687971115112e-02,-1.300563011318445206e-02,-1.031344830989837646e-01,-9.658930450677871704e-02,1.048009544610977173e-01,-1.280049793422222137e-02,-1.463865339756011963e-01,1.287364512681961060e-01,8.866874128580093384e-02,-1.552680730819702148e-01,7.987793534994125366e-02,-5.421899259090423584e-02,1.189582794904708862e-01,-7.631532382220029831e-03,-7.276452332735061646e-02,7.497641723603010178e-03,1.709745377302169800e-01,-1.188275516033172607e-01,-1.127000227570533752e-01,1.682102531194686890e-01,4.358046874403953552e-02,-7.776085287332534790e-02,5.606392398476600647e-02,-1.408724933862686157e-01,-9.105143696069717407e-02,-9.599577635526657104e-02,1.589794605970382690e-01,8.458878099918365479e-02,6.047511100769042969e-02,1.192272827029228210e-01,1.297626551240682602e-02,-3.472307324409484863e-02,7.455959916114807129e-02,-2.414277056232094765e-03,-2.731349505484104156e-02,1.042852923274040222e-01,1.428423523902893066e-01,3.064325312152504921e-03,-3.950268961489200592e-03,1.244802027940750122e-01,3.303389623761177063e-02,-2.478798292577266693e-02,8.992020785808563232e-02,-1.691507757641375065e-03,-2.945599518716335297e-02,3.479547798633575439e-02,3.649350255727767944e-02,-1.420840919017791748e-01,-1.518251299858093262e-01,1.207941621541976929e-01,-8.390204608440399170e-02,1.045125424861907959e-01,1.642071902751922607e-01,-3.358485922217369080e-02,-1.271068304777145386e-01,-4.979225248098373413e-02,1.224467977881431580e-01,8.634314872324466705e-04,-1.402416676282882690e-01,-2.637175470590591431e-02,1.089369133114814758e-01,-7.865189015865325928e-02,-5.780840729130432010e-05,1.057781428098678589e-01,2.169369021430611610e-03,1.063573732972145081e-01,1.262504458427429199e-01,-9.238041937351226807e-02,-1.816758769564330578e-03,-1.466755270957946777e-01,-9.045699983835220337e-02,-2.327764965593814850e-02,4.016757477074861526e-03,7.849854975938796997e-02,-1.639046147465705872e-02,8.120048046112060547e-02,-2.290936186909675598e-02,-1.258072406053543091e-01,-1.884020321085699834e-06,1.307293027639389038e-01,-1.153145432472229004e-01,2.304361760616302490e-02,-9.959504008293151855e-02,1.016768068075180054e-01,1.325900852680206299e-01,-1.150110885500907898e-01,1.195385456085205078e-01,5.628761649131774902e-02,1.762128323316574097e-01,6.157978996634483337e-02,-2.551903249695897102e-03,-7.019557058811187744e-02,7.951936125755310059e-02,1.024874821305274963e-01,1.027960330247879028e-01,-1.238497868180274963e-01,9.277333319187164307e-02,-1.256070584058761597e-01,-1.021585986018180847e-01,1.254785507917404175e-01,-5.220985040068626404e-02,-1.526949107646942139e-01,-4.789423570036888123e-02,-6.722056120634078979e-02,1.037496104836463928e-01,2.522643841803073883e-02,5.431227758526802063e-02,3.127420321106910706e-02,-8.873684704303741455e-02
3.706447184085845947e-01,6.558167189359664917e-02,-2.948964238166809082e-01,3.338456153869628906e-02,6.900312304496765137e-01,-3.754871785640716553e-01,-6.432217359542846680e-02,7.576842904090881348e-01,1.815523356199264526e-01,2.809224724769592285e-01,-1.391830891370773315e-01,-5.547243356704711914e-01,2.868408858776092529e-01,2.731104195117950439e-01,3.691934049129486084e-01,6.865503191947937012e-01,7.702669245190918446e-04,3.364787995815277100e-01,-2.274162769317626953e-01,-2.902587652206420898e-01,-1.545140296220779419e-01,5.946330353617668152e-02,7.666882127523422241e-02,-1.634449660778045654e-01,9.379633516073226929e-02,6.364908814430236816e-01,-4.298748672008514404e-01,-7.134380340576171875e-01,5.518693923950195312e-01,-2.791837751865386963e-01,-6.714127957820892334e-02,-4.157145917415618896e-01,-1.721741110086441040e-01,4.454239010810852051e-01,-4.140435531735420227e-02,-5.149404406547546387e-01,5.351023077964782715e-01,4.398607313632965088e-01,-7.396934032440185547e-01,-5.283496379852294922e-01,4.086529016494750977e-01,-4.257487505674362183e-02,2.554626166820526123e-01,2.978744804859161377e-01,2.946541905403137207e-01,-1.921318620443344116e-01,-3.390381336212158203e-01,-1.216404065489768982e-01,-2.320425510406494141e-01,-1.809065490961074829e-01,-1.845712512731552124e-01,-6.386511921882629395e-01,2.168415486812591553e-01,4.046739265322685242e-02,-2.891003191471099854e-01,-5.489935278892517090e-01,2.856461405754089355e-01,1.723939552903175354e-02,-1.651984453201293945e-01,1.454409211874008179e-01,-5.623076856136322021e-02,-1.401557587087154388e-02,-6.193733308464288712e-03,3.421491384506225586e-01,4.711403697729110718e-02,-1.697296798229217529e-01,-1.003818511962890625e-01,5.808839201927185059e-01,-4.407183527946472168e-01,6.720556020736694336e-01,-6.356840133666992188e-01,-2.598064839839935303e-01,-3.358839452266693115e-02,3.256507515907287598e-01,-8.170036971569061279e-02,-5.170337557792663574e-01,-1.249679364264011383e-03,4.633995890617370605e-01,1.741836369037628174e-01,-3.276279270648956299e-01,3.617973029613494873e-01,1.878225593827664852e-04,-5.363191962242126465e-01,-1.487556844949722290e-02,-6.319331526756286621e-01,-2.732318043708801270e-01,6.649222970008850098e-01,8.317223750054836273e-03,2.545924186706542969e-01,4.972645938396453857e-01,-8.939967304468154907e-02,4.301090538501739502e-01,-9.691368043422698975e-02,-9.884823113679885864e-02,-2.954945862293243408e-01,-3.894805908203125000e-01,2.667703032493591309e-01,8.675453386786102783e-07,-5.601567625999450684e-01,4.834838509559631348e-01,-6.506465673446655273e-01,7.232146263122558594e-01,-3.515670299530029297e-01,-5.834609866142272949e-01,2.593036592006683350e-01,-1.442012488842010498e-01,1.288238763809204102e-01,-3.001152873039245605e-01,-6.729390025138854980e-01,3.390519320964813232e-02,7.577472180128097534e-02,-4.893237724900245667e-02,-2.851569056510925293e-01,-2.743853926658630371e-01,5.059809684753417969e-01,-3.361544013023376465e-01,6.801216006278991699e-01,9.146314114332199097e-02,-5.600947737693786621e-01,-2.429054304957389832e-02,2.541000545024871826e-01,1.893756985664367676e-01,2.286680042743682861e-01,1.218845918774604797e-01,-2.863758206367492676e-01,5.274156481027603149e-02,-9.157020598649978638e-02,4.945987164974212646e-01
-2.209463901817798615e-02,6.162221729755401611e-02,-5.718905329704284668e-01,5.469372272491455078e-01,2.894972562789916992e-01,-1.031705811619758606e-01,-8.167757093906402588e-02,1.815523356199264526e-01,6.058734059333801270e-01,4.572795629501342773e-01,-1.209760904312133789e-01,-2.482562661170959473e-01,3.743826746940612793e-01,5.779348015785217285e-01,6.130719780921936035e-01,5.977310538291931152e-01,-1.772683695890009403e-03,3.343610465526580811e-01,-5.866901278495788574e-01,-5.032327175140380859e-01,-5.170741081237792969e-01,4.738480150699615479e-01,4.224971532821655273e-01,-2.924899458885192871e-01,1.490562409162521362e-01,5.082362890243530273e-01,-5.883896946907043457e-01,-1.448758393526077271e-01,5.005397200584411621e-01,-1.160543635487556458e-01,4.701999947428703308e-02,-7.423425316810607910e-01,4.305754303932189941e-01,5.783237218856811523e-01,-1.086075976490974426e-02,-6.142014861106872559e-01,4.700347781181335449e-01,6.292376518249511719e-01,-3.899009823799133301e-01,-5.370005965232849121e-01,6.346426606178283691e-01,1.622341275215148926e-01,5.134872794151306152e-01,2.962311804294586182e-01,-9.201523661613464355e-02,-5.201463103294372559e-01,-6.000400781631469727e-01,-1.466639935970306396e-01,2.253467775881290436e-02,-2.728595398366451263e-02,-8.223010227084159851e-03,-5.955092236399650574e-02,5.295698642730712891e-01,1.952924998477101326e-03,-5.619988217949867249e-02,-5.994017124176025391e-01,4.252918362617492676e-01,1.814230903983116150e-02,-4.679932296276092529e-01,-5.270907878875732422e-01,-1.856643557548522949e-01,5.116216838359832764e-02,3.118864446878433228e-02,2.424079328775405884e-01,6.198488175868988037e-02,-2.288956195116043091e-01,1.838074624538421631e-01,5.991700291633605957e-01,-6.029705405235290527e-01,2.215297073125839233e-01,-5.365984439849853516e-01,-1.415625810623168945e-01,-3.492478728294372559e-01,6.045503616333007812e-01,-1.652897745370864868e-01,-5.950148701667785645e-01,-9.739653905853629112e-04,6.071779131889343262e-01,-2.722060978412628174e-01,-6.185733079910278320e-01,6.351264715194702148e-01,3.493092954158782959e-04,-5.426945090293884277e-01,5.037830676883459091e-03,-5.772535204887390137e-01,-6.145796775817871094e-01,2.539218366146087646e-01,4.032898694276809692e-03,5.525022149085998535e-01,5.523235797882080078e-01,-2.451900094747543335e-01,-2.813204228878021240e-01,-6.181275248527526855e-01,4.209883809089660645e-01,-5.558280348777770996e-01,1.713648736476898193e-01,3.155744373798370361e-01,4.006452854810049757e-06,-4.625355005264282227e-01,3.982104361057281494e-01,-2.118734419345855713e-01,2.541069388389587402e-01,-6.964411735534667969e-01,-5.842204689979553223e-01,7.056366801261901855e-01,9.854812175035476685e-02,-6.345136165618896484e-01,-5.542424917221069336e-01,-1.842882484197616577e-01,-1.966066285967826843e-02,6.315811872482299805e-01,-6.160995364189147949e-01,-6.535593867301940918e-01,1.444322466850280762e-01,5.956809520721435547e-01,-6.115967631340026855e-01,3.321374654769897461e-01,2.895005643367767334e-01,-5.828580260276794434e-01,5.079536437988281250e-01,4.725141525268554688e-01,6.152424812316894531e-01,5.925652980804443359e-01,-3.991245329380035400e-01,-4.755224585533142090e-01,-5.209636688232421875e-01,-5.925223603844642639e-02,4.612317085266113281e-01
-8.021211624145507812e-02,6.685994565486907959e-02,-6.100562810897827148e-01,4.341755509376525879e-01,3.576678633689880371e-01,-1.618054136633872986e-02,-1.235068812966346741e-01,2.809224724769592285e-01,4.572795629501342773e-01,5.442027449607849121e-01,1.442135125398635864e-01,-3.007456362247467041e-01,5.913144350051879883e-01,5.251338481903076172e-01,6.153951287269592285e-01,6.982122063636779785e-01,-5.619196686893701553e-03,4.533275961875915527e-01,-5.606632232666015625e-01,-3.894939720630645752e-01,-2.469083666801452637e-01,4.799053966999053955e-01,4.560493528842926025e-01,-3.990243971347808838e-01,1.135598793625831604e-01,6.046933531761169434e-01,-6.358543634414672852e-01,-2.907838225364685059e-01,6.553208231925964355e-01,-2.663856446743011475e-01,1.625794917345046997e-01,-6.783099174499511719e-01,2.468072474002838135e-01,5.264610052108764648e-01,-2.442882023751735687e-02,-7.171155810356140137e-01,5.356084704399108887e-01,6.078848242759704590e-01,-5.999026894569396973e-01,-4.305606782436370850e-01,5.063876509666442871e-01,-2.827455475926399231e-02,5.954365730285644531e-01,3.827368319034576416e-01,1.686542779207229614e-01,-6.432886719703674316e-01,-5.299068093299865723e-01,-2.005556374788284302e-01,-2.512606680393218994e-01,-5.541472136974334717e-02,7.125838845968246460e-02,-2.543729543685913086e-01,3.035386204719543457e-01,7.964170724153518677e-02,-2.766693830490112305e-01,-6.792974472045898438e-01,2.258650660514831543e-01,1.897537522017955780e-02,-5.264032483100891113e-01,-3.453718721866607666e-01,-5.598579347133636475e-02,-1.616796851158142090e-01,2.062941901385784149e-02,2.153298109769821167e-01,-5.477144196629524231e-02,-2.092808485031127930e-01,3.906364142894744873e-01,6.847640275955200195e-01,-6.019106507301330566e-01,3.427882492542266846e-01,-5.630315542221069336e-01,-4.709462821483612061e-01,-1.111658811569213867e-01,6.068189144134521484e-01,3.602552413940429688e-02,-6.197603344917297363e-01,-2.308393130078911781e-03,6.718664169311523438e-01,-7.225658744573593140e-02,-5.766206383705139160e-01,5.408585071563720703e-01,3.290698805358260870e-04,-5.624166131019592285e-01,-4.821682814508676529e-03,-5.681471824645996094e-01,-6.195783019065856934e-01,3.801431357860565186e-01,6.434429436922073364e-03,6.222788095474243164e-01,5.248025655746459961e-01,-9.292338043451309204e-02,-1.396013200283050537e-01,-5.007320642471313477e-01,2.717740237712860107e-01,-4.835473597049713135e-01,1.144052371382713318e-01,4.628238976001739502e-01,4.901267857349012047e-06,-5.599017739295959473e-01,4.582177698612213135e-01,-2.243239879608154297e-01,3.848539888858795166e-01,-6.069855093955993652e-01,-6.334570050239562988e-01,6.606285572052001953e-01,-1.788666844367980957e-01,-4.611654281616210938e-01,-6.669703125953674316e-01,-2.419649660587310791e-01,-3.261944279074668884e-03,4.743015170097351074e-01,-5.434728264808654785e-01,-5.737054944038391113e-01,-1.005963906645774841e-01,6.280580163002014160e-01,-5.417304039001464844e-01,4.714497625827789307e-01,3.907729685306549072e-01,-6.253907084465026855e-01,3.825989663600921631e-01,6.050578355789184570e-01,4.398368597030639648e-01,4.804730415344238281e-01,-4.290836453437805176e-01,-3.542020320892333984e-01,-4.018606841564178467e-01,-1.075331345200538635e-01,4.772093296051025391e-01
-2.826262414455413818e-01,5.716028972528874874e-04,-5.443898588418960571e-02,-1.101683750748634338e-01,-1.343623846769332886e-01,2.596759200096130371e-01,-1.073390319943428040e-01,-1.391830891370773315e-01,-1.209760904312133789e-01,1.442135125398635864e-01,5.801193714141845703e-01,4.445065930485725403e-02,3.482932150363922119e-01,-3.406232222914695740e-02,-9.808416478335857391e-03,1.305005419999361038e-02,-7.301570847630500793e-03,1.405935734510421753e-01,4.881838336586952209e-02,2.067956626415252686e-01,4.099868834018707275e-01,1.275200545787811279e-01,1.145023405551910400e-01,-2.006189525127410889e-01,-6.190818175673484802e-02,3.617002069950103760e-02,-5.199295654892921448e-02,8.520978502929210663e-03,1.251253187656402588e-01,-1.676834523677825928e-01,2.364975214004516602e-01,1.044971644878387451e-01,-2.081371694803237915e-01,-1.646735072135925293e-01,-1.195461768656969070e-02,-1.210923492908477783e-01,7.152115460485219955e-03,-9.560204297304153442e-02,-1.311382502317428589e-01,3.200447261333465576e-01,-2.495992928743362427e-01,-3.069246411323547363e-01,1.555197238922119141e-01,9.733241051435470581e-02,3.610763251781463623e-01,-2.793974578380584717e-01,1.521584093570709229e-01,-6.589135527610778809e-02,-3.938394784927368164e-01,-3.856775164604187012e-02,2.047945857048034668e-01,-7.844702154397964478e-02,-3.928554654121398926e-01,1.027749702334403992e-01,-2.907235920429229736e-01,-1.753345876932144165e-02,-3.585504591464996338e-01,-9.032399393618106842e-04,-1.245306134223937988e-01,1.494035422801971436e-01,2.221596688032150269e-01,-3.373483121395111084e-01,-8.462479338049888611e-03,-1.584539115428924561e-01,-2.236098498106002808e-01,4.527895152568817139e-02,4.725779294967651367e-01,2.056293748319149017e-02,1.608184166252613068e-02,-2.701174281537532806e-02,1.435674726963043213e-01,-5.320526957511901855e-01,3.252482116222381592e-01,2.906273491680622101e-02,4.066584110260009766e-01,7.964351028203964233e-02,-2.465185476467013359e-03,4.703383147716522217e-02,2.457948625087738037e-01,4.721930623054504395e-02,-2.061198800802230835e-01,-1.408657408319413662e-05,7.299797981977462769e-02,-9.015757590532302856e-03,1.897741407155990601e-01,-5.689811334013938904e-02,-4.919644910842180252e-03,2.100054640322923660e-03,1.779760122299194336e-01,-1.315121799707412720e-01,2.960523366928100586e-01,2.939662337303161621e-02,1.121065467596054077e-01,-1.071268990635871887e-01,1.530805528163909912e-01,1.336198151111602783e-01,1.688366234302520752e-01,5.375360615289537236e-06,-6.129587069153785706e-02,-2.478676475584506989e-02,2.252141386270523071e-01,-6.278103683143854141e-03,1.510422378778457642e-01,4.461679235100746155e-02,-5.852597579360008240e-02,-4.971109628677368164e-01,1.399164497852325439e-01,-2.161859422922134399e-01,1.241789311170578003e-01,9.056527167558670044e-03,-9.469352662563323975e-02,3.533317521214485168e-02,1.179901286959648132e-01,-3.192172944545745850e-01,-5.839717388153076172e-02,1.217856407165527344e-01,6.140606850385665894e-02,1.874127238988876343e-01,6.805741041898727417e-02,-1.001645922660827637e-01,2.112546265125274658e-01,-2.561035752296447754e-01,-1.474277824163436890e-01,-1.928936690092086792e-01,2.092356681823730469e-01,5.045161023736000061e-02,-4.714047908782958984e-02,-8.370476216077804565e-02
-1.871349066495895386e-01,-5.367258936166763306e-02,3.402959406375885010e-01,-1.354001313447952271e-01,-5.126246809959411621e-01,2.340358644723892212e-01,7.075511664152145386e-02,-5.547243356704711914e-01,-2.482562661170959473e-01,-3.007456362247467041e-01,4.445065930485725403e-02,4.300704598426818848e-01,-3.089472353458404541e-01,-3.347011804580688477e-01,-4.171312749385833740e-01,-6.759492158889770508e-01,1.407245727023109794e-04,-2.812647223472595215e-01,2.720629870891571045e-01,3.065352141857147217e-01,1.856802701950073242e-01,-1.701435148715972900e-01,-1.564171761274337769e-01,1.914909482002258301e-01,-9.170302003622055054e-02,-5.860233306884765625e-01,4.775741100311279297e-01,5.295562744140625000e-01,-5.436100959777832031e-01,2.219461202621459961e-01,1.172390673309564590e-02,4.977708160877227783e-01,7.084648311138153076e-02,-4.585568010807037354e-01,3.228730708360671997e-02,5.515112876892089844e-01,-4.741230309009552002e-01,-4.488277435302734375e-01,6.640970706939697266e-01,4.643169343471527100e-01,-3.967819511890411377e-01,2.852891385555267334e-02,-3.062739372253417969e-01,-2.711869478225708008e-01,-2.264077663421630859e-01,3.065618872642517090e-01,3.568836450576782227e-01,9.779283404350280762e-02,1.833984851837158203e-01,1.706152111291885376e-01,1.156517788767814636e-01,4.767685830593109131e-01,-2.193239927291870117e-01,-3.581641986966133118e-02,2.338268905878067017e-01,5.578045248985290527e-01,-2.586162686347961426e-01,-1.550371572375297546e-02,2.030482292175292969e-01,-6.122036837041378021e-03,5.330307409167289734e-02,8.243029937148094177e-03,-1.772516407072544098e-03,-2.448354661464691162e-01,-3.025389974936842918e-03,1.586265563964843750e-01,-9.141534566879272461e-03,-5.734457373619079590e-01,4.597149193286895752e-01,-5.067197084426879883e-01,5.655246376991271973e-01,3.039735555648803711e-01,8.135411888360977173e-02,-3.772775530815124512e-01,9.120370261371135712e-03,4.872220456600189209e-01,1.324354787357151508e-03,-5.045734643936157227e-01,-9.677805751562118530e-02,3.746318519115447998e-01,-3.812034726142883301e-01,-2.137646079063415527e-04,5.054281949996948242e-01,1.005116384476423264e-02,5.602642893791198730e-01,3.566052615642547607e-01,-5.118653774261474609e-01,-6.669943220913410187e-03,-3.271427154541015625e-01,-4.673789143562316895e-01,6.410569697618484497e-02,-2.493453472852706909e-01,1.870421171188354492e-01,-3.663100302219390869e-02,2.842223942279815674e-01,1.970175206661224365e-01,-2.284119874238967896e-01,-2.620701252453727648e-06,5.119293332099914551e-01,-3.762621879577636719e-01,4.860083758831024170e-01,-5.783477425575256348e-01,4.071340560913085938e-01,5.587071776390075684e-01,-3.451358973979949951e-01,1.373918205499649048e-01,2.049855329096317291e-02,3.573490083217620850e-01,4.765644669532775879e-01,-1.825668103992938995e-02,-2.112821787595748901e-01,1.806906312704086304e-01,3.377167582511901855e-01,1.524656862020492554e-01,-5.023257136344909668e-01,3.572444021701812744e-01,-5.743287205696105957e-01,-1.338749974966049194e-01,5.267263650894165039e-01,-7.941539585590362549e-02,-2.904469370841979980e-01,-2.365958988666534424e-01,-2.839129567146301270e-01,1.230078376829624176e-02,3.180298209190368652e-01,8.498887717723846436e-02,6.633806973695755005e-02,-4.233572781085968018e-01
