4.440914392471313477e-01,-5.467685870826244354e-03,1.440778523683547974e-01,-2.456726729869842529e-01,3.367247879505157471e-01,-3.897722065448760986e-01,9.158287942409515381e-02,4.230223894119262695e-01,3.211513906717300415e-02,-5.174995958805084229e-02,-2.349572181701660156e-01,-1.504487246274948120e-01,-1.864118874073028564e-01,-1.007684692740440369e-01,-6.781716644763946533e-02,1.939583569765090942e-01,1.110011059790849686e-02,-1.518157571554183960e-01,1.393052190542221069e-01,-7.869566231966018677e-02,-1.605662405490875244e-01,-2.685883939266204834e-01,-2.232085615396499634e-01,1.320786774158477783e-01,1.899834536015987396e-02,1.543729305267333984e-01,4.678569361567497253e-02,-3.705360889434814453e-01,-3.190157469362020493e-03,-9.664315730333328247e-02,-2.126470208168029785e-01,-3.631919249892234802e-02,-1.675102263689041138e-01,4.318290576338768005e-02,-1.687321998178958893e-02,6.377864629030227661e-03,4.512934014201164246e-02,-1.452916115522384644e-02,-2.164001762866973877e-01,-2.707376480102539062e-01,9.499474614858627319e-02,1.232007518410682678e-01,-1.872729510068893433e-01,-2.049784362316131592e-02,5.451288539916276932e-03,2.980511188507080078e-01,4.900336265563964844e-02,9.736346080899238586e-03,1.401325166225433350e-01,-1.306579262018203735e-01,-2.134319543838500977e-01,-2.248850464820861816e-01,1.691849380731582642e-01,2.158288285136222839e-02,5.730798467993736267e-02,-5.220891162753105164e-02,1.369985342025756836e-01,1.425246591679751873e-03,1.995207816362380981e-01,2.576167285442352295e-01,-1.183258742094039917e-01,2.189865112304687500e-01,-5.643612239509820938e-03,2.163304090499877930e-01,9.973280876874923706e-02,-3.516536671668291092e-03,-3.747092783451080322e-01,7.726651430130004883e-02,2.122876234352588654e-02,2.993867397308349609e-01,-1.874452382326126099e-01,2.444046288728713989e-01,-2.742712572216987610e-02,-1.128252074122428894e-01,-1.257393360137939453e-01,-8.603378385305404663e-02,1.143997884355485439e-03,-8.425318449735641479e-02,1.322851926088333130e-01,-5.837115645408630371e-02,1.315380167216062546e-02,-2.112537367793265730e-05,-1.278255283832550049e-01,-1.451146206818521023e-03,-2.965453863143920898e-01,1.778351068496704102e-01,2.733462154865264893e-01,2.290295204147696495e-03,-1.406089812517166138e-01,1.123654022812843323e-01,-1.555036753416061401e-01,3.291234374046325684e-01,1.853428333997726440e-01,-1.753838509321212769e-01,-1.718513295054435730e-02,-3.685538768768310547e-01,-7.501427084207534790e-02,-8.493144378007855266e-06,-1.587914079427719116e-01,7.714951038360595703e-02,-3.243154287338256836e-01,3.574929237365722656e-01,6.746408529579639435e-03,-9.357794374227523804e-02,-1.342162489891052246e-01,1.151476427912712097e-01,2.209606170654296875e-01,2.132992297410964966e-01,-4.270702302455902100e-01,1.065620686858892441e-02,-5.895039811730384827e-02,2.319818437099456787e-01,9.055206179618835449e-02,3.531790524721145630e-02,-1.515519712120294571e-02,7.825040258467197418e-03,3.301579952239990234e-01,-1.831888407468795776e-01,-9.830256551504135132e-02,-1.362076103687286377e-01,-2.212702333927154541e-01,-2.250931225717067719e-02,4.889465495944023132e-02,3.396736085414886475e-01,-1.082593798637390137e-01,1.591215282678604126e-01,4.542870447039604187e-02,7.748967409133911133e-02
-5.467685870826244354e-03,1.255628187209367752e-02,-9.648539125919342041e-02,8.461908251047134399e-02,3.903779760003089905e-02,-4.646783694624900818e-03,-1.480245031416416168e-02,2.896226942539215088e-02,7.960704714059829712e-02,7.347943633794784546e-02,-1.699724234640598297e-02,-3.970120102167129517e-02,8.126558363437652588e-02,7.923452556133270264e-02,9.419346600770950317e-02,9.374569356441497803e-02,-2.638369798660278320e-03,8.617117255926132202e-02,-9.266529977321624756e-02,-5.677875876426696777e-02,-6.075707823038101196e-02,7.241873443126678467e-02,7.017933577299118042e-02,-2.583859674632549286e-02,1.739361695945262909e-02,8.615686744451522827e-02,-8.533346652984619141e-02,-1.847146078944206238e-02,8.329734951257705688e-02,-1.464062806917354465e-04,1.809855550527572632e-02,-1.080421656370162964e-01,7.455015182495117188e-02,7.191777229309082031e-02,-1.673651626333594322e-03,-1.030298769474029541e-01,7.587527483701705933e-02,9.516236931085586548e-02,-7.011101394891738892e-02,-6.482194364070892334e-02,9.623105078935623169e-02,8.688464760780334473e-03,9.267144650220870972e-02,3.386740759015083313e-02,-2.764406427741050720e-02,-7.895387709140777588e-02,-9.567901492118835449e-02,-3.334821015596389771e-02,-1.278091687709093094e-02,2.082055807113647461e-02,9.223954752087593079e-03,1.690544188022613525e-02,6.588880717754364014e-02,-9.513010270893573761e-03,-8.342126384377479553e-03,-1.034559980034828186e-01,4.986600577831268311e-02,4.145901184529066086e-03,-8.722065389156341553e-02,-8.239301294088363647e-02,-1.311194989830255508e-02,-2.388917282223701477e-02,2.739284886047244072e-03,2.473005838692188263e-02,1.018525939434766769e-02,-3.997265547513961792e-02,4.020667076110839844e-02,9.965884685516357422e-02,-1.007303521037101746e-01,2.046479471027851105e-02,-8.398008346557617188e-02,-6.952438969165086746e-03,-4.013649746775627136e-02,9.477303177118301392e-02,-3.966730460524559021e-02,-9.801887720823287964e-02,-2.991083019878715277e-04,1.025606840848922729e-01,-4.983479157090187073e-02,-8.500334620475769043e-02,1.019645184278488159e-01,7.894922600826248527e-05,-8.435643464326858521e-02,1.623568532522767782e-04,-8.577987551689147949e-02,-9.501709043979644775e-02,2.994914911687374115e-02,1.064288546331226826e-03,8.082430809736251831e-02,6.484755128622055054e-02,-2.318439260125160217e-02,-4.473648965358734131e-02,-9.366901218891143799e-02,4.252653196454048157e-02,-9.208348393440246582e-02,2.323693595826625824e-02,6.195803731679916382e-02,-5.697584271047162474e-08,-7.026831805706024170e-02,7.704885303974151611e-02,-2.174115926027297974e-02,3.290281444787979126e-02,-1.016243174672126770e-01,-8.723848313093185425e-02,1.123374029994010925e-01,1.094861607998609543e-02,-9.656447172164916992e-02,-9.654724597930908203e-02,-3.444683505222201347e-03,-2.691994886845350266e-03,7.805926352739334106e-02,-8.501784503459930420e-02,-9.849782288074493408e-02,-7.836855016648769379e-03,1.013801693916320801e-01,-9.412423521280288696e-02,3.353355079889297485e-02,5.317959934473037720e-02,-9.777206927537918091e-02,6.694446504116058350e-02,8.642514795064926147e-02,8.750092983245849609e-02,8.122229576110839844e-02,-7.019971311092376709e-02,-3.920916095376014709e-02,-6.289514154195785522e-02,-8.110070601105690002e-03,7.413814216852188110e-02
1.440778523683547974e-01,-9.648539125919342041e-02,7.729063034057617188e-01,-7.066039443016052246e-01,-2.738164663314819336e-01,-7.390577346086502075e-02,1.090195029973983765e-01,-1.928924471139907837e-01,-5.646852850914001465e-01,-6.141821742057800293e-01,1.022629141807556152e-01,3.205917477607727051e-01,-6.419759988784790039e-01,-6.493678689002990723e-01,-7.452723383903503418e-01,-6.568176150321960449e-01,2.335507236421108246e-02,-6.830781698226928711e-01,7.363852262496948242e-01,4.792444109916687012e-01,3.953300416469573975e-01,-6.400797367095947266e-01,-6.349107623100280762e-01,2.437633126974105835e-01,-1.407869458198547363e-01,-6.032252907752990723e-01,6.802394390106201172e-01,8.278129994869232178e-02,-6.813220381736755371e-01,2.534142462536692619e-03,-1.870137602090835571e-01,7.603850364685058594e-01,-5.805630087852478027e-01,-6.130059361457824707e-01,1.620395854115486145e-02,7.536920309066772461e-01,-6.118181943893432617e-01,-7.409476637840270996e-01,5.042155981063842773e-01,4.780434072017669678e-01,-6.848881244659423828e-01,-4.235264658927917480e-02,-7.475301027297973633e-01,-2.970900535583496094e-01,1.688998043537139893e-01,6.834239959716796875e-01,7.576212286949157715e-01,2.757408916950225830e-01,1.529125571250915527e-01,-1.230330765247344971e-01,-1.110816299915313721e-01,-1.007180362939834595e-01,-4.761115312576293945e-01,6.984701007604598999e-02,1.026374474167823792e-01,7.722789049148559570e-01,-4.182703793048858643e-01,-3.611332178115844727e-02,6.961462497711181641e-01,6.679385900497436523e-01,7.050881534814834595e-02,2.469238340854644775e-01,-2.237528376281261444e-02,-1.311720460653305054e-01,-3.434418886899948120e-02,3.297687470912933350e-01,-3.569199144840240479e-01,-7.290027737617492676e-01,7.558436393737792969e-01,-1.227650865912437439e-01,6.345677971839904785e-01,1.595503538846969604e-01,3.086786866188049316e-01,-7.523111701011657715e-01,2.473968565464019775e-01,7.237943410873413086e-01,2.610041294246912003e-03,-8.001542687416076660e-01,4.139059782028198242e-01,6.594008207321166992e-01,-7.637358903884887695e-01,-6.917026476003229618e-04,6.552352309226989746e-01,5.609191794064827263e-05,5.910843014717102051e-01,7.658740282058715820e-01,-2.274881452322006226e-01,-8.860290981829166412e-03,-6.377152204513549805e-01,-5.412537455558776855e-01,1.653913110494613647e-01,3.573939502239227295e-01,7.206996679306030273e-01,-3.609637916088104248e-01,7.057050466537475586e-01,-2.453122735023498535e-01,-5.370073318481445312e-01,2.601340298724608147e-08,5.403307080268859863e-01,-5.790314078330993652e-01,1.900446414947509766e-01,-2.029947489500045776e-01,7.537126541137695312e-01,6.726331710815429688e-01,-8.277329802513122559e-01,-1.162690445780754089e-01,7.096257805824279785e-01,7.550060749053955078e-01,-5.470668524503707886e-02,2.001586183905601501e-02,-5.840210914611816406e-01,7.025224566459655762e-01,7.614839673042297363e-01,1.967384293675422668e-02,-7.864749431610107422e-01,7.157544493675231934e-01,-2.174320071935653687e-01,-5.018703341484069824e-01,7.359346747398376465e-01,-5.664027333259582520e-01,-7.117705941200256348e-01,-6.622849702835083008e-01,-6.252598166465759277e-01,5.873636007308959961e-01,3.582969605922698975e-01,5.397369861602783203e-01,6.961026787757873535e-02,-6.056410074234008789e-01
-2.456726729869842529e-01,8.461908251047134399e-02,-7.066039443016052246e-01,7.864788770675659180e-01,6.007051840424537659e-02,2.058066725730895996e-01,-9.690834581851959229e-02,-4.005512967705726624e-02,5.575420856475830078e-01,5.535373687744140625e-01,-1.915358752012252808e-01,-2.098770588636398315e-01,4.719795584678649902e-01,6.554495692253112793e-01,6.860358715057373047e-01,4.219953119754791260e-01,-2.007242478430271149e-02,5.983995795249938965e-01,-7.246138453483581543e-01,-4.557267725467681885e-01,-4.578893184661865234e-01,6.644321680068969727e-01,6.212418675422668457e-01,-1.757530570030212402e-01,1.310637444257736206e-01,3.679319918155670166e-01,-5.624082684516906738e-01,2.098769843578338623e-01,4.771703779697418213e-01,1.572754234075546265e-01,1.566634327173233032e-01,-6.888197660446166992e-01,6.980454325675964355e-01,5.664898753166198730e-01,7.892333902418613434e-03,-5.672442913055419922e-01,4.630288779735565186e-01,6.499748229980468750e-01,-2.045991122722625732e-01,-4.477745890617370605e-01,6.372593641281127930e-01,1.118483841419219971e-01,6.571496129035949707e-01,2.445196360349655151e-01,-3.138129711151123047e-01,-5.920510292053222656e-01,-7.224392294883728027e-01,-2.427288442850112915e-01,-4.636636376380920410e-02,1.735893487930297852e-01,1.518404781818389893e-01,3.198317289352416992e-01,5.143524408340454102e-01,-1.086153090000152588e-01,4.667519405484199524e-02,-6.121342778205871582e-01,4.307525753974914551e-01,2.873578667640686035e-02,-6.727718114852905273e-01,-7.686297297477722168e-01,-1.197730749845504761e-01,-1.623113155364990234e-01,2.743223868310451508e-02,4.022600874304771423e-02,8.909446001052856445e-02,-2.933580279350280762e-01,2.963607311248779297e-01,5.351105332374572754e-01,-6.564836502075195312e-01,-1.480776816606521606e-01,-4.618773758411407471e-01,2.975953929126262665e-02,-3.976476788520812988e-01,7.063263654708862305e-01,-2.998022437095642090e-01,-5.949150323867797852e-01,-1.192304305732250214e-03,6.806840896606445312e-01,-5.789133310317993164e-01,-5.557642579078674316e-01,7.249135971069335938e-01,6.169646512717008591e-04,-5.064619183540344238e-01,5.332006607204675674e-03,-4.262880980968475342e-01,-6.990944743156433105e-01,-2.455904893577098846e-02,3.560085548087954521e-03,5.389369726181030273e-01,4.445926547050476074e-01,-1.974281668663024902e-01,-5.339369773864746094e-01,-7.571702599525451660e-01,4.824869334697723389e-01,-6.659632921218872070e-01,3.804228007793426514e-01,4.099857807159423828e-01,-5.044572048973350320e-07,-3.372407555580139160e-01,4.273078739643096924e-01,-4.014981538057327271e-02,-6.947650015354156494e-02,-7.204583287239074707e-01,-5.180494189262390137e-01,7.836902141571044922e-01,3.104147911071777344e-01,-8.088052868843078613e-01,-6.541463732719421387e-01,2.614364027976989746e-01,-3.136217594146728516e-02,6.327900886535644531e-01,-7.583499550819396973e-01,-7.396385669708251953e-01,1.592845320701599121e-01,6.706066131591796875e-01,-6.462505459785461426e-01,-5.956740304827690125e-02,4.455890953540802002e-01,-6.054085493087768555e-01,6.445370912551879883e-01,6.223293542861938477e-01,6.977000236511230469e-01,6.085132360458374023e-01,-6.093779206275939941e-01,-3.518409430980682373e-01,-6.106646060943603516e-01,-6.750903278589248657e-02,4.937815666198730469e-01
3.367247879505157471e-01,3.903779760003089905e-02,-2.738164663314819336e-01,6.007051840424537659e-02,5.584187507629394531e-01,-3.551608920097351074e-01,2.021460421383380890e-02,6.288576126098632812e-01,2.159585058689117432e-01,2.314007133245468140e-01,-1.459546238183975220e-01,-3.408280909061431885e-01,2.776791155338287354e-01,1.638610064983367920e-01,3.061472475528717041e-01,6.434112191200256348e-01,-2.944235224276781082e-03,2.575483024120330811e-01,-2.177669852972030640e-01,-2.420755624771118164e-01,-1.719066500663757324e-01,4.397524893283843994e-02,9.432715922594070435e-02,-5.694577470421791077e-02,7.426128536462783813e-02,5.689364671707153320e-01,-3.254714310169219971e-01,-5.659008026123046875e-01,4.990877509117126465e-01,-1.961271911859512329e-01,-7.307741045951843262e-02,-3.955171406269073486e-01,-1.749898190610110760e-03,3.250611424446105957e-01,-4.130710288882255554e-02,-4.760439693927764893e-01,4.013787209987640381e-01,3.826999664306640625e-01,-6.839915513992309570e-01,-4.171369671821594238e-01,3.925944566726684570e-01,4.207031428813934326e-02,2.513294517993927002e-01,1.461672782897949219e-01,9.040690213441848755e-02,-1.400637179613113403e-01,-3.275132477283477783e-01,-1.398108452558517456e-01,-6.477949023246765137e-02,-1.046464741230010986e-01,-1.542402207851409912e-01,-3.455962836742401123e-01,2.683792114257812500e-01,1.905299536883831024e-02,-1.367659270763397217e-01,-5.227335095405578613e-01,2.709912061691284180e-01,2.276072092354297638e-02,-1.482821404933929443e-01,-4.442252218723297119e-03,-6.095926463603973389e-02,-3.328942880034446716e-02,-9.741699323058128357e-04,2.590327560901641846e-01,3.674204647541046143e-02,-1.605476886034011841e-01,-8.888588845729827881e-02,5.413756370544433594e-01,-3.740324974060058594e-01,5.047472119331359863e-01,-5.737413167953491211e-01,-6.484961509704589844e-02,-4.190274327993392944e-02,2.770307660102844238e-01,-1.285018920898437500e-01,-4.825115799903869629e-01,-1.295243040658533573e-03,3.956644833087921143e-01,6.635061651468276978e-02,-4.028533697128295898e-01,3.763954639434814453e-01,3.239658253733068705e-04,-4.945061206817626953e-01,-5.586151033639907837e-03,-6.283721327781677246e-01,-2.511018812656402588e-01,4.999160170555114746e-01,1.002497877925634384e-02,2.066799700260162354e-01,3.844656944274902344e-01,-1.623605936765670776e-01,2.767908871173858643e-01,-1.226751133799552917e-01,-1.127428412437438965e-01,-3.434080183506011963e-01,-2.973205745220184326e-01,2.830610573291778564e-01,-7.261237442435231060e-06,-5.080446600914001465e-01,4.363614618778228760e-01,-4.577022790908813477e-01,5.827488899230957031e-01,-3.490353822708129883e-01,-4.932198226451873779e-01,2.941317558288574219e-01,-1.326470915228128433e-02,-3.602811694145202637e-02,-2.682263553142547607e-01,-4.744125604629516602e-01,1.319687813520431519e-02,1.136419698596000671e-01,-6.066818535327911377e-02,-2.862927317619323730e-01,-1.339895874261856079e-01,4.496158063411712646e-01,-3.386898040771484375e-01,5.666975975036621094e-01,1.320866197347640991e-01,-5.114379525184631348e-01,4.798264056444168091e-02,2.225596308708190918e-01,2.116277664899826050e-01,2.782116532325744629e-01,4.292692616581916809e-02,-2.260670661926269531e-01,-1.430788543075323105e-02,6.295004859566688538e-03,3.938141763210296631e-01
-3.897722065448760986e-01,-4.646783694624900818e-03,-7.390577346086502075e-02,2.058066725730895996e-01,-3.551608920097351074e-01,3.960654437541961670e-01,-4.806159436702728271e-02,-4.344094097614288330e-01,-9.099358320236206055e-02,6.712280446663498878e-04,1.625705361366271973e-01,1.851254403591156006e-01,6.783591210842132568e-02,5.508905276656150818e-02,8.201441727578639984e-03,-2.920598685741424561e-01,-7.962335832417011261e-03,6.342151015996932983e-02,-8.012159168720245361e-02,7.862864434719085693e-02,1.456467807292938232e-01,1.968220025300979614e-01,1.693323850631713867e-01,-7.223097234964370728e-02,-2.734128385782241821e-02,-2.644813656806945801e-01,2.686360478401184082e-02,4.107413291931152344e-01,-8.548390865325927734e-02,1.009083613753318787e-01,1.731932759284973145e-01,1.062207147479057312e-01,1.593674123287200928e-01,-5.908116698265075684e-02,2.240493521094322205e-02,1.090839654207229614e-01,-1.184963807463645935e-01,-5.537591129541397095e-02,3.185957670211791992e-01,2.432444840669631958e-01,-1.485486179590225220e-01,-7.633660733699798584e-02,1.009975671768188477e-01,-6.139465607702732086e-03,-3.610171750187873840e-02,-1.956671923398971558e-01,6.290879100561141968e-04,1.409491524100303650e-02,-9.159971028566360474e-02,1.207916140556335449e-01,1.989057213068008423e-01,2.249629795551300049e-01,-1.544473171234130859e-01,-1.661813259124755859e-02,-5.209452006965875626e-03,1.297734826803207397e-01,-1.379931122064590454e-01,-5.313226953148841858e-03,-1.334711462259292603e-01,-2.135208249092102051e-01,9.404148161411285400e-02,-1.490000635385513306e-01,5.523440428078174591e-03,-2.149393409490585327e-01,-8.201982080936431885e-02,3.299201652407646179e-02,2.752786874771118164e-01,-1.674030721187591553e-01,6.396497040987014771e-02,-3.378622233867645264e-01,2.409677058458328247e-01,-1.624683439731597900e-01,2.269086241722106934e-02,3.127548471093177795e-02,1.038421392440795898e-01,1.453299820423126221e-01,-3.298044903203845024e-04,-1.081697875633835793e-03,-1.387380957603454590e-01,1.288686394691467285e-01,-6.192001700401306152e-02,-4.463513323571532965e-05,1.767876595258712769e-01,1.720173982903361320e-03,3.407121002674102783e-01,-8.752586692571640015e-02,-2.952018380165100098e-01,-4.166790284216403961e-03,4.087106883525848389e-02,-1.531277298927307129e-01,1.188294142484664917e-01,-3.118540048599243164e-01,-1.238843873143196106e-01,1.580683141946792603e-01,6.751460582017898560e-02,3.286519944667816162e-01,2.905710041522979736e-02,6.282379672484239563e-06,2.276121824979782104e-01,-1.532245874404907227e-01,3.142898082733154297e-01,-4.073032438755035400e-01,5.995008349418640137e-02,1.664056777954101562e-01,5.432581529021263123e-02,-1.660168869420886040e-03,-1.843479126691818237e-01,-9.686053544282913208e-02,4.295744299888610840e-01,-1.002704724669456482e-02,1.655335538089275360e-02,-1.955275833606719971e-01,-2.187007851898670197e-02,3.645046427845954895e-02,-5.090895295143127441e-02,5.288941040635108948e-02,-3.826524019241333008e-01,1.230792626738548279e-01,1.541552543640136719e-01,1.107429340481758118e-01,1.318838447332382202e-01,-5.279653705656528473e-03,-7.127060741186141968e-02,-2.621141672134399414e-01,1.028511896729469299e-01,-1.294756382703781128e-01,-3.977599740028381348e-02,-1.165463253855705261e-01
9.158287942409515381e-02,-1.480245031416416168e-02,1.090195029973983765e-01,-9.690834581851959229e-02,2.021460421383380890e-02,-4.806159436702728271e-02,6.624678522348403931e-02,5.154260993003845215e-02,-7.439419627189636230e-02,-6.312619894742965698e-02,-7.493307441473007202e-02,3.496540244668722153e-03,-1.536445021629333496e-01,-7.312346249818801880e-02,-8.291091024875640869e-02,-6.756074726581573486e-02,5.842712707817554474e-03,-1.411909162998199463e-01,9.530508518218994141e-02,-8.024427108466625214e-03,-1.189096178859472275e-02,-1.121239289641380310e-01,-9.822868555784225464e-02,6.314425170421600342e-02,-6.597652100026607513e-03,-7.904724776744842529e-02,7.416333258152008057e-02,-1.389553211629390717e-02,-7.768055796623229980e-02,-7.904576137661933899e-03,-7.065390050411224365e-02,6.907129287719726562e-02,-7.620333880186080933e-02,-1.185033470392227173e-02,-1.745153422234579921e-04,1.145275086164474487e-01,-6.938682496547698975e-02,-8.139815926551818848e-02,5.666220560669898987e-02,-4.122094437479972839e-02,-6.230130046606063843e-02,4.566089808940887451e-02,-1.342843025922775269e-01,-3.344578668475151062e-02,2.926512388512492180e-04,1.385996341705322266e-01,7.578382641077041626e-02,4.453929886221885681e-02,7.461205124855041504e-02,-7.210175693035125732e-02,-5.424175411462783813e-02,-5.820585414767265320e-02,1.281195785850286484e-02,1.462387014180421829e-02,4.435021057724952698e-02,7.370973378419876099e-02,1.077856868505477905e-02,-3.567226929590106010e-03,1.238705366849899292e-01,1.098470985889434814e-01,-3.729110956192016602e-02,1.092557087540626526e-01,-2.145137637853622437e-03,1.668439619243144989e-02,1.872055046260356903e-02,3.302594646811485291e-02,-1.569097340106964111e-01,-8.705605566501617432e-02,9.374294430017471313e-02,1.226722728461027145e-02,3.301301226019859314e-02,7.864885032176971436e-02,-3.852749650832265615e-04,-1.007442474365234375e-01,9.081120602786540985e-03,7.088679820299148560e-02,8.874440100044012070e-04,-9.960612654685974121e-02,4.923292249441146851e-02,5.495082587003707886e-02,-6.543209403753280640e-02,-5.303181751514784992e-05,3.719704225659370422e-02,-5.322321667335927486e-04,1.726131886243820190e-02,1.186601445078849792e-01,1.996291987597942352e-02,-1.209384528920054436e-03,-1.152704730629920959e-01,-2.145623043179512024e-02,-3.285844624042510986e-02,9.484399855136871338e-02,1.138408407568931580e-01,-4.680363833904266357e-02,6.739406287670135498e-02,-9.499891847372055054e-02,-9.534821659326553345e-02,-3.397164164198329672e-06,3.825229406356811523e-02,-8.329767733812332153e-02,-7.356861978769302368e-02,2.473373152315616608e-02,7.717365771532058716e-02,6.080455332994461060e-02,-1.115786507725715637e-01,8.583655208349227905e-02,1.052958443760871887e-01,1.604631245136260986e-01,-5.743127316236495972e-02,2.580333966761827469e-03,-6.143072247505187988e-02,8.510401099920272827e-02,1.037693768739700317e-01,9.986211359500885010e-02,-8.893319219350814819e-02,7.899595052003860474e-02,9.352155029773712158e-03,-9.447906911373138428e-02,5.938456952571868896e-02,-6.655035167932510376e-02,-1.376755684614181519e-01,-5.742873623967170715e-02,-3.774596005678176880e-02,1.489588618278503418e-01,-3.990316018462181091e-02,6.088014319539070129e-02,2.116177976131439209e-02,-4.146355390548706055e-02
4.230223894119262695e-01,2.896226942539215088e-02,-1.928924471139907837e-01,-4.005512967705726624e-02,6.288576126098632812e-01,-4.344094097614288330e-01,5.154260993003845215e-02,7.358587980270385742e-01,1.501518487930297852e-01,1.787495911121368408e-01,-1.462369710206985474e-01,-3.895018994808197021e-01,2.074423432350158691e-01,1.070134714245796204e-01,2.492748647928237915e-01,6.329526305198669434e-01,1.181549974717199802e-03,1.692492663860321045e-01,-1.235554590821266174e-01,-2.352921962738037109e-01,-1.213881745934486389e-01,-3.908752277493476868e-02,1.080192718654870987e-02,-4.151959344744682312e-02,7.065877318382263184e-02,5.602527856826782227e-01,-2.906602919101715088e-01,-6.564976572990417480e-01,4.930584728717803955e-01,-2.354494333267211914e-01,-1.275483816862106323e-01,-3.304605782032012939e-01,-1.316051483154296875e-01,3.206694424152374268e-01,-5.290328711271286011e-02,-4.295352399349212646e-01,3.930572569370269775e-01,3.297594487667083740e-01,-7.103303074836730957e-01,-4.272907376289367676e-01,3.311932086944580078e-01,3.596391528844833374e-02,1.650119721889495850e-01,1.366941481828689575e-01,1.844661831855773926e-01,-7.066158205270767212e-02,-2.614010274410247803e-01,-1.188397631049156189e-01,-5.788192152976989746e-02,-2.162651866674423218e-01,-2.196201682090759277e-01,-4.795560240745544434e-01,2.323635965585708618e-01,3.276737406849861145e-02,-1.634556353092193604e-01,-4.830379784107208252e-01,2.861590981483459473e-01,2.340777963399887085e-02,-3.231941163539886475e-02,1.150140613317489624e-01,-5.989556014537811279e-02,8.421002887189388275e-03,-5.654432345181703568e-03,2.661396861076354980e-01,2.120961248874664307e-02,-1.445204317569732666e-01,-1.935203224420547485e-01,5.037289857864379883e-01,-3.203105330467224121e-01,5.978322625160217285e-01,-5.764285922050476074e-01,-9.608151018619537354e-02,-2.135503571480512619e-03,2.146953344345092773e-01,-6.448355317115783691e-02,-4.310977756977081299e-01,-1.208040281198918819e-03,3.408992290496826172e-01,1.666698157787322998e-01,-3.766608536243438721e-01,3.074133396148681641e-01,3.200715873390436172e-04,-4.918246269226074219e-01,-7.506828755140304565e-03,-6.191171407699584961e-01,-1.776650249958038330e-01,5.900626778602600098e-01,1.136433333158493042e-02,1.364920437335968018e-01,4.055043458938598633e-01,-1.565879583358764648e-01,4.371813535690307617e-01,-1.024621259421110153e-02,-1.999517232179641724e-01,-2.805450558662414551e-01,-4.121126234531402588e-01,2.353767305612564087e-01,-8.897699444787576795e-06,-5.383304953575134277e-01,4.032066762447357178e-01,-5.726156830787658691e-01,6.754918098449707031e-01,-2.822514474391937256e-01,-4.808658361434936523e-01,1.884576529264450073e-01,-2.994833141565322876e-02,1.046534553170204163e-01,-1.801695376634597778e-01,-5.929887294769287109e-01,2.122997120022773743e-02,4.383645951747894287e-02,3.961456939578056335e-02,-2.069534957408905029e-01,-1.219957917928695679e-01,3.939293026924133301e-01,-2.754121720790863037e-01,6.571699380874633789e-01,8.667055517435073853e-02,-4.756826460361480713e-01,-4.549427330493927002e-02,1.327888071537017822e-01,1.314963996410369873e-01,2.249322235584259033e-01,1.774601191282272339e-01,-2.623371183872222900e-01,7.359714061021804810e-02,2.958893217146396637e-02,3.865643143653869629e-01
3.211513906717300415e-02,7.960704714059829712e-02,-5.646852850914001465e-01,5.575420856475830078e-01,2.159585058689117432e-01,-9.099358320236206055e-02,-7.439419627189636230e-02,1.501518487930297852e-01,6.347326040267944336e-01,4.964838624000549316e-01,-2.552198767662048340e-01,-2.897950410842895508e-01,3.520067036151885986e-01,5.731882452964782715e-01,6.147376894950866699e-01,5.482800602912902832e-01,-1.132430508732795715e-02,4.313925802707672119e-01,-5.910772681236267090e-01,-4.756756126880645752e-01,-5.936288237571716309e-01,4.577195942401885986e-01,4.081194996833801270e-01,-1.040695905685424805e-01,1.376036554574966431e-01,5.061339139938354492e-01,-5.520351529121398926e-01,-1.479735597968101501e-02,4.167799651622772217e-01,9.430641680955886841e-02,1.867281086742877960e-02,-7.607665657997131348e-01,5.355831384658813477e-01,5.325163006782531738e-01,-2.162516815587878227e-03,-5.956624150276184082e-01,4.645691514015197754e-01,6.024348735809326172e-01,-3.062463104724884033e-01,-5.397009849548339844e-01,6.833590865135192871e-01,1.628050357103347778e-01,4.918027520179748535e-01,1.982342749834060669e-01,-3.094573020935058594e-01,-4.053223133087158203e-01,-6.190260052680969238e-01,-1.812638044357299805e-01,8.964590728282928467e-02,6.105355173349380493e-02,-9.584377519786357880e-03,2.185020297765731812e-01,5.833355188369750977e-01,-1.005758121609687805e-01,9.307125955820083618e-02,-6.178883910179138184e-01,4.479374885559082031e-01,2.539116330444812775e-02,-5.070335268974304199e-01,-5.576555132865905762e-01,-1.961551606655120850e-01,3.482952341437339783e-02,2.234149724245071411e-02,2.017604112625122070e-01,1.546529084444046021e-01,-2.741109728813171387e-01,8.089925348758697510e-02,5.680302977561950684e-01,-6.551122665405273438e-01,4.349575191736221313e-02,-5.169212818145751953e-01,1.761464327573776245e-01,-4.223053753376007080e-01,6.187011599540710449e-01,-3.387706875801086426e-01,-5.999926328659057617e-01,-7.180040120147168636e-04,6.042396426200866699e-01,-4.106502234935760498e-01,-5.887718200683593750e-01,6.936641335487365723e-01,5.628687213174998760e-04,-5.424966216087341309e-01,5.215352401137351990e-03,-5.590238571166992188e-01,-5.703206658363342285e-01,1.223825514316558838e-01,4.657197277992963791e-03,5.104896426200866699e-01,4.690918624401092529e-01,-2.248146235942840576e-01,-3.231410384178161621e-01,-6.215190291404724121e-01,3.797399401664733887e-01,-6.258445978164672852e-01,1.554553210735321045e-01,2.465778738260269165e-01,-2.871883225452620536e-06,-4.345293641090393066e-01,4.256893098354339600e-01,-1.969660520553588867e-01,1.867494285106658936e-01,-7.025673985481262207e-01,-5.441579222679138184e-01,7.062521576881408691e-01,2.256260812282562256e-01,-6.728639602661132812e-01,-5.045540332794189453e-01,-1.505564246326684952e-02,-2.931137941777706146e-02,6.508297324180603027e-01,-5.788071155548095703e-01,-6.433233022689819336e-01,1.624606549739837646e-01,5.822994112968444824e-01,-6.280094385147094727e-01,1.578633785247802734e-01,2.496130764484405518e-01,-6.083310842514038086e-01,5.058022737503051758e-01,4.256438612937927246e-01,6.543661355972290039e-01,6.076759099960327148e-01,-3.754605054855346680e-01,-3.960446715354919434e-01,-4.905030727386474609e-01,-2.296143770217895508e-02,4.808607101440429688e-01
-5.174995958805084229e-02,7.347943633794784546e-02,-6.141821742057800293e-01,5.535373687744140625e-01,2.314007133245468140e-01,6.712280446663498878e-04,-6.312619894742965698e-02,1.787495911121368408e-01,4.964838624000549316e-01,4.949921965599060059e-01,-1.202267482876777649e-01,-2.701068520545959473e-01,4.811015427112579346e-01,5.301796793937683105e-01,6.229889988899230957e-01,5.962497591972351074e-01,-1.568804308772087097e-02,4.892483949661254883e-01,-6.035470366477966309e-01,-4.244137406349182129e-01,-4.107789397239685059e-01,4.696141183376312256e-01,4.583534598350524902e-01,-1.742895543575286865e-01,1.189735457301139832e-01,5.445140004158020020e-01,-5.873788595199584961e-01,-8.151912689208984375e-02,5.564131140708923340e-01,-1.118305232375860214e-02,1.116283014416694641e-01,-7.275155782699584961e-01,4.664058685302734375e-01,5.297179818153381348e-01,-1.221451535820960999e-02,-6.623499393463134766e-01,4.850122928619384766e-01,6.177673935890197754e-01,-4.339843988418579102e-01,-4.459231793880462646e-01,6.031963825225830078e-01,6.825742870569229126e-02,5.698720812797546387e-01,2.204949259757995605e-01,-1.705651134252548218e-01,-5.260387063026428223e-01,-6.226832866668701172e-01,-1.825956553220748901e-01,-3.981034830212593079e-02,5.195089429616928101e-02,4.609101638197898865e-02,8.056886494159698486e-02,4.468545019626617432e-01,-5.675655603408813477e-02,-4.103751853108406067e-02,-6.862249374389648438e-01,3.468783497810363770e-01,2.676178887486457825e-02,-5.372758507728576660e-01,-5.219812989234924316e-01,-1.010879501700401306e-01,-9.916761517524719238e-02,1.803661696612834930e-02,1.590851992368698120e-01,5.668091028928756714e-02,-2.589959800243377686e-01,2.117102146148681641e-01,6.287915110588073730e-01,-6.561046242713928223e-01,1.153711080551147461e-01,-5.478520393371582031e-01,-6.907905638217926025e-02,-2.882697582244873047e-01,6.215901970863342285e-01,-2.166285812854766846e-01,-6.177145838737487793e-01,-1.650496269576251507e-03,6.820377707481384277e-01,-3.041897416114807129e-01,-5.701829791069030762e-01,6.767673492431640625e-01,5.470467149280011654e-04,-5.617591738700866699e-01,3.488709626253694296e-04,-5.376896858215332031e-01,-6.163221001625061035e-01,1.978789567947387695e-01,6.522167008370161057e-03,5.335977673530578613e-01,4.403766989707946777e-01,-1.466705054044723511e-01,-2.677217721939086914e-01,-5.891138315200805664e-01,2.984533309936523438e-01,-5.930605530738830566e-01,1.534572541713714600e-01,3.505361080169677734e-01,-1.556869278829253744e-06,-4.593849480152130127e-01,4.457519650459289551e-01,-1.992421895265579224e-01,2.248096019029617310e-01,-6.602531671524047852e-01,-5.689829587936401367e-01,7.397491335868835449e-01,9.809596091508865356e-02,-6.247195005416870117e-01,-5.877701640129089355e-01,9.173310361802577972e-03,-1.934492774307727814e-02,5.328544378280639648e-01,-5.833671092987060547e-01,-6.237071752548217773e-01,5.951156839728355408e-02,6.469253301620483398e-01,-6.093329787254333496e-01,2.036749273538589478e-01,3.321204185485839844e-01,-6.347003579139709473e-01,4.383272826671600342e-01,5.311831235885620117e-01,5.692675709724426270e-01,5.378592014312744141e-01,-4.159223139286041260e-01,-3.371017873287200928e-01,-4.305274486541748047e-01,-3.971045836806297302e-02,4.876115918159484863e-01
-2.349572181701660156e-01,-1.699724234640598297e-02,1.022629141807556152e-01,-1.915358752012252808e-01,-1.459546238183975220e-01,1.625705361366271973e-01,-7.493307441473007202e-02,-1.462369710206985474e-01,-2.552198767662048340e-01,-1.202267482876777649e-01,4.133993685245513916e-01,1.222835928201675415e-01,1.668787300586700439e-01,-1.789407283067703247e-01,-1.757674366235733032e-01,-1.183636859059333801e-01,-6.428547669202089310e-03,-2.308584516867995262e-03,1.766635626554489136e-01,2.542167007923126221e-01,4.393924474716186523e-01,-3.368352726101875305e-02,-2.177064120769500732e-02,-1.293895393610000610e-01,-6.374166160821914673e-02,-5.603735893964767456e-02,8.371233195066452026e-02,-4.316931217908859253e-02,1.166055537760257721e-02,-1.174245029687881470e-01,1.797813326120376587e-01,2.908233106136322021e-01,-2.684566378593444824e-01,-2.459965795278549194e-01,-1.124207396060228348e-02,4.104708880186080933e-02,-8.370924741029739380e-02,-1.772164106369018555e-01,-4.226430132985115051e-02,4.361006319522857666e-01,-3.311648368835449219e-01,-2.452320009469985962e-01,-6.108980160206556320e-04,-2.558479458093643188e-02,2.838678956031799316e-01,-1.380471736192703247e-01,2.381004989147186279e-01,4.771055281162261963e-02,-2.410001456737518311e-01,7.932004518806934357e-03,1.118417829275131226e-01,-1.272919774055480957e-01,-4.383526146411895752e-01,5.838528275489807129e-02,-2.293930053710937500e-01,1.608180552721023560e-01,-3.186271488666534424e-01,-5.412476137280464172e-03,6.899997591972351074e-02,1.898643374443054199e-01,2.244136929512023926e-01,-2.552489936351776123e-01,-1.098464895039796829e-02,-1.513728350400924683e-01,-1.896839588880538940e-01,8.605211973190307617e-02,3.144571185111999512e-01,-1.087535023689270020e-01,1.613914668560028076e-01,3.657403215765953064e-02,2.077393084764480591e-01,-4.626223444938659668e-01,2.809081971645355225e-01,-1.465760916471481323e-01,3.002612888813018799e-01,2.153372019529342651e-01,-2.179707866162061691e-03,-9.911745786666870117e-02,2.666388452053070068e-01,1.966484189033508301e-01,-3.108491003513336182e-01,-1.577799266669899225e-04,1.925513595342636108e-01,-5.801775027066469193e-03,3.090526759624481201e-01,6.034959107637405396e-02,-1.170392613857984543e-02,1.725587993860244751e-03,1.068293955177068710e-02,-1.966158449649810791e-01,2.739166021347045898e-01,9.236449748277664185e-02,1.911597847938537598e-01,-1.502350270748138428e-01,2.662444412708282471e-01,8.035750687122344971e-02,3.850055485963821411e-02,9.537277037452440709e-06,9.298301488161087036e-02,-9.580245614051818848e-02,1.898666918277740479e-01,-3.929600119590759277e-02,2.883763611316680908e-01,1.561729013919830322e-01,-1.971345394849777222e-01,-4.571225941181182861e-01,2.849293649196624756e-01,-4.061780497431755066e-02,9.987051039934158325e-02,1.464804168790578842e-02,-2.717117667198181152e-01,1.782911866903305054e-01,2.154505550861358643e-01,-3.038910329341888428e-01,-1.632912456989288330e-01,2.083120346069335938e-01,-4.746784456074237823e-03,6.205672025680541992e-02,2.301547527313232422e-01,-2.087056487798690796e-01,4.609543457627296448e-02,-3.258554339408874512e-01,-2.967464625835418701e-01,-5.724083632230758667e-02,2.601716816425323486e-01,1.708180904388427734e-01,-2.076506614685058594e-02,-1.707956939935684204e-01
-1.504487246274948120e-01,-3.970120102167129517e-02,3.205917477607727051e-01,-2.098770588636398315e-01,-3.408280909061431885e-01,1.851254403591156006e-01,3.496540244668722153e-03,-3.895018994808197021e-01,-2.897950410842895508e-01,-2.701068520545959473e-01,1.222835928201675415e-01,2.906980812549591064e-01,-2.416638731956481934e-01,-2.895089983940124512e-01,-3.744409084320068359e-01,-5.362744927406311035e-01,3.736257087439298630e-03,-2.294865250587463379e-01,2.875312864780426025e-01,2.943057119846343994e-01,2.589591145515441895e-01,-1.805717647075653076e-01,-1.772119551897048950e-01,7.570614665746688843e-02,-8.284730464220046997e-02,-4.648843109607696533e-01,3.793029487133026123e-01,2.922084331512451172e-01,-4.358853101730346680e-01,6.935938447713851929e-02,3.784754872322082520e-02,4.827718734741210938e-01,-1.205560937523841858e-01,-3.843834698200225830e-01,2.737646549940109253e-02,4.631659984588623047e-01,-3.531458675861358643e-01,-3.952407836914062500e-01,4.853525161743164062e-01,3.961840569972991943e-01,-4.014896154403686523e-01,-5.790914595127105713e-02,-2.761622369289398193e-01,-1.405967175960540771e-01,-5.384075921028852463e-03,2.359757423400878906e-01,3.718146681785583496e-01,1.067865639925003052e-01,7.040148600935935974e-03,1.252143830060958862e-01,9.920818358659744263e-02,1.582858413457870483e-01,-3.062882125377655029e-01,1.968710497021675110e-02,5.892760679125785828e-02,5.029599070549011230e-01,-2.941369116306304932e-01,-2.079916745424270630e-02,1.991227567195892334e-01,1.602825969457626343e-01,8.408550173044204712e-02,-1.094096060842275620e-02,-5.430152639746665955e-03,-1.582656651735305786e-01,-3.977927193045616150e-02,1.659743785858154297e-01,4.587209969758987427e-02,-4.705204367637634277e-01,4.196844398975372314e-01,-2.765096426010131836e-01,4.736570417881011963e-01,4.934905469417572021e-02,1.542113721370697021e-01,-3.603069484233856201e-01,9.536232054233551025e-02,4.258268177509307861e-01,9.671106236055493355e-04,-4.356594383716583252e-01,5.751448869705200195e-02,4.135868847370147705e-01,-4.252259135246276855e-01,-3.876573173329234123e-04,4.526294171810150146e-01,2.136411145329475403e-03,4.931946694850921631e-01,3.305265605449676514e-01,-3.077352344989776611e-01,-7.036185357719659805e-03,-2.714917957782745361e-01,-3.620101213455200195e-01,1.226680576801300049e-01,-9.311728179454803467e-02,2.402546703815460205e-01,-6.437730789184570312e-02,3.601569235324859619e-01,1.029681488871574402e-01,-1.803773194551467896e-01,4.922809239360503852e-06,4.243442714214324951e-01,-3.175705671310424805e-01,3.470947146415710449e-01,-3.896324336528778076e-01,4.166805148124694824e-01,4.421816170215606689e-01,-3.808642029762268066e-01,-5.336723849177360535e-02,2.034568488597869873e-01,2.926759123802185059e-01,2.410419136285781860e-01,1.510556554421782494e-03,-2.816322445869445801e-01,2.258884459733963013e-01,3.509523868560791016e-01,-3.592940419912338257e-02,-4.286052882671356201e-01,3.694225549697875977e-01,-3.646707236766815186e-01,-1.464040130376815796e-01,4.667822718620300293e-01,-1.671122610569000244e-01,-2.327317297458648682e-01,-3.042284250259399414e-01,-3.308921754360198975e-01,6.320558488368988037e-02,3.024791479110717773e-01,1.622426211833953857e-01,-1.082304213196039200e-02,-3.525734841823577881e-01
