9.999983310699462891e-01,-9.999985694885253906e-01,-9.999941587448120117e-01,9.999975562095642090e-01,9.999988079071044922e-01,-9.999987483024597168e-01,9.999952912330627441e-01,9.999990463256835938e-01,-9.999955296516418457e-01,9.999983310699462891e-01,-9.999987483024597168e-01,-9.999988675117492676e-01,9.999978542327880859e-01,9.999984502792358398e-01,9.999942183494567871e-01,9.999951124191284180e-01,9.999973177909851074e-01,-9.999979138374328613e-01,9.999923706054687500e-01,-9.999991059303283691e-01,-9.999989271163940430e-01,9.999939203262329102e-01,9.999985694885253906e-01,9.999976754188537598e-01,9.999883770942687988e-01,9.999989271163940430e-01,-9.999980330467224121e-01,-9.999988079071044922e-01,9.999903440475463867e-01,-9.999963045120239258e-01,-9.999913573265075684e-01,-9.999981522560119629e-01,9.999854564666748047e-01,9.999953508377075195e-01,-9.999980926513671875e-01,9.999696016311645508e-01,9.999989271163940430e-01,9.999985098838806152e-01,9.999880194664001465e-01,-9.999988675117492676e-01,9.999985694885253906e-01,9.999741911888122559e-01,9.999830126762390137e-01,9.999989271163940430e-01,9.999982118606567383e-01,9.999980926513671875e-01,-9.999930262565612793e-01,9.999986290931701660e-01,9.999986886978149414e-01,-9.999983906745910645e-01,-9.999987483024597168e-01,-9.999984502792358398e-01,-9.999988079071044922e-01,-9.999932050704956055e-01,-9.999984502792358398e-01,-9.999980926513671875e-01,-9.999874234199523926e-01,9.999890923500061035e-01,9.999956488609313965e-01,9.999982118606567383e-01,-9.999983906745910645e-01,9.999989271163940430e-01,9.999983906745910645e-01,9.999954104423522949e-01,-9.999943375587463379e-01,-9.999988675117492676e-01,-9.999991059303283691e-01,-9.999959468841552734e-01,-9.999989271163940430e-01,9.999982714653015137e-01,-9.999986886978149414e-01,9.999971985816955566e-01,-9.999757409095764160e-01,-9.999936819076538086e-01,-9.999831914901733398e-01,-9.999983310699462891e-01,9.999913573265075684e-01,9.999988079071044922e-01,-9.999945163726806641e-01,-9.999954700469970703e-01,9.999880194664001465e-01,9.999976158142089844e-01,-9.999988079071044922e-01,9.999981522560119629e-01,-9.999983906745910645e-01,-9.999871850013732910e-01,9.999528527259826660e-01,9.999989271163940430e-01,9.999909400939941406e-01,9.999611973762512207e-01,-9.999946951866149902e-01,9.999983310699462891e-01,-9.999855756759643555e-01,-9.999974966049194336e-01,9.999977946281433105e-01,-9.999977350234985352e-01,-9.999882578849792480e-01,9.999989867210388184e-01,-9.999986886978149414e-01,9.999969005584716797e-01,-9.999965429306030273e-01,9.999988675117492676e-01,9.998669624328613281e-01,9.999508261680603027e-01,9.999986290931701660e-01,9.999967217445373535e-01,-9.999827146530151367e-01,-9.999983906745910645e-01,-9.999938011169433594e-01,9.999985098838806152e-01,-9.999985098838806152e-01,9.999977350234985352e-01,-9.999981522560119629e-01,-9.999285340309143066e-01,9.999990463256835938e-01,-9.999971985816955566e-01,9.999990463256835938e-01,-9.999980926513671875e-01,-9.999952912330627441e-01,-9.999971985816955566e-01,-9.999985694885253906e-01,9.999966621398925781e-01,9.999979138374328613e-01,-9.999972581863403320e-01,-9.999912381172180176e-01,-9.999950528144836426e-01,9.999870657920837402e-01,-9.999931454658508301e-01
-9.999985694885253906e-01,9.999988079071044922e-01,9.999951124191284180e-01,-9.999978542327880859e-01,-9.999989867210388184e-01,9.999989867210388184e-01,-9.999960064888000488e-01,-9.999991059303283691e-01,9.999961853027343750e-01,-9.999986290931701660e-01,9.999989867210388184e-01,9.999991059303283691e-01,-9.999982714653015137e-01,-9.999986886978149414e-01,-9.999952316284179688e-01,-9.999958872795104980e-01,-9.999976754188537598e-01,9.999983310699462891e-01,-9.999936819076538086e-01,9.999992847442626953e-01,9.999991655349731445e-01,-9.999949336051940918e-01,-9.999988675117492676e-01,-9.999981522560119629e-01,-9.999904036521911621e-01,-9.999991655349731445e-01,9.999983906745910645e-01,9.999991059303283691e-01,-9.999919533729553223e-01,9.999970197677612305e-01,9.999928474426269531e-01,9.999984502792358398e-01,-9.999879002571105957e-01,-9.999959468841552734e-01,9.999983310699462891e-01,-9.999747276306152344e-01,-9.999991655349731445e-01,-9.999986886978149414e-01,-9.999899268150329590e-01,9.999991059303283691e-01,-9.999988079071044922e-01,-9.999784231185913086e-01,-9.999859333038330078e-01,-9.999990463256835938e-01,-9.999985098838806152e-01,-9.999983310699462891e-01,9.999941587448120117e-01,-9.999988079071044922e-01,-9.999988675117492676e-01,9.999987483024597168e-01,9.999989867210388184e-01,9.999988079071044922e-01,9.999989271163940430e-01,9.999943375587463379e-01,9.999987483024597168e-01,9.999983906745910645e-01,9.999895095825195312e-01,-9.999909400939941406e-01,-9.999963045120239258e-01,-9.999985098838806152e-01,9.999986886978149414e-01,-9.999991655349731445e-01,-9.999986290931701660e-01,-9.999961256980895996e-01,9.999952316284179688e-01,9.999991655349731445e-01,9.999992251396179199e-01,9.999966025352478027e-01,9.999991655349731445e-01,-9.999985694885253906e-01,9.999989271163940430e-01,-9.999976754188537598e-01,9.999797940254211426e-01,9.999947547912597656e-01,9.999860525131225586e-01,9.999986290931701660e-01,-9.999928474426269531e-01,-9.999989867210388184e-01,9.999954104423522949e-01,9.999961256980895996e-01,-9.999899864196777344e-01,-9.999979138374328613e-01,9.999990463256835938e-01,-9.999984502792358398e-01,9.999985694885253906e-01,9.999892711639404297e-01,-9.999607205390930176e-01,-9.999991655349731445e-01,-9.999924302101135254e-01,-9.999676942825317383e-01,9.999955892562866211e-01,-9.999986290931701660e-01,9.999879002571105957e-01,9.999979138374328613e-01,-9.999980926513671875e-01,9.999982118606567383e-01,9.999901056289672852e-01,-9.999992251396179199e-01,9.999989271163940430e-01,-9.999974966049194336e-01,9.999971389770507812e-01,-9.999991059303283691e-01,-9.998891949653625488e-01,-9.999590516090393066e-01,-9.999988675117492676e-01,-9.999972581863403320e-01,9.999856352806091309e-01,9.999987483024597168e-01,9.999948143959045410e-01,-9.999988079071044922e-01,9.999987483024597168e-01,-9.999980330467224121e-01,9.999985694885253906e-01,9.999405145645141602e-01,-9.999992847442626953e-01,9.999976754188537598e-01,-9.999991655349731445e-01,9.999984502792358398e-01,9.999960064888000488e-01,9.999976158142089844e-01,9.999988079071044922e-01,-9.999971985816955566e-01,-9.999982714653015137e-01,9.999976754188537598e-01,9.999926686286926270e-01,9.999958276748657227e-01,-9.999892115592956543e-01,9.999942779541015625e-01
-9.999941587448120117e-01,9.999951124191284180e-01,9.999793767929077148e-01,-9.999915361404418945e-01,-9.999958872795104980e-01,9.999957084655761719e-01,-9.999834299087524414e-01,-9.999964237213134766e-01,9.999842643737792969e-01,-9.999942183494567871e-01,9.999957084655761719e-01,9.999960660934448242e-01,-9.999927878379821777e-01,-9.999945759773254395e-01,-9.999797940254211426e-01,-9.999825358390808105e-01,-9.999906420707702637e-01,9.999931454658508301e-01,-9.999732971191406250e-01,9.999966025352478027e-01,9.999961256980895996e-01,-9.999787211418151855e-01,-9.999951124191284180e-01,-9.999922513961791992e-01,-9.999593496322631836e-01,-9.999961853027343750e-01,9.999935626983642578e-01,9.999959468841552734e-01,-9.999659061431884766e-01,9.999874830245971680e-01,9.999697208404541016e-01,9.999936223030090332e-01,-9.999487400054931641e-01,-9.999835491180419922e-01,9.999929070472717285e-01,-9.998931288719177246e-01,-9.999963641166687012e-01,-9.999947547912597656e-01,-9.999577999114990234e-01,9.999959468841552734e-01,-9.999952316284179688e-01,-9.999088644981384277e-01,-9.999403953552246094e-01,-9.999961256980895996e-01,-9.999939203262329102e-01,-9.999935030937194824e-01,9.999750256538391113e-01,-9.999950528144836426e-01,-9.999954700469970703e-01,9.999946951866149902e-01,9.999957680702209473e-01,9.999946951866149902e-01,9.999957680702209473e-01,9.999760389328002930e-01,9.999946951866149902e-01,9.999932646751403809e-01,9.999556541442871094e-01,-9.999617338180541992e-01,-9.999846816062927246e-01,-9.999938011169433594e-01,9.999944567680358887e-01,-9.999961853027343750e-01,-9.999943971633911133e-01,-9.999839663505554199e-01,9.999801516532897949e-01,9.999960064888000488e-01,9.999966025352478027e-01,9.999858140945434570e-01,9.999962449073791504e-01,-9.999942183494567871e-01,9.999957084655761719e-01,-9.999902248382568359e-01,9.999149441719055176e-01,9.999777078628540039e-01,9.999408721923828125e-01,9.999943375587463379e-01,-9.999696612358093262e-01,-9.999955892562866211e-01,9.999806880950927734e-01,9.999843239784240723e-01,-9.999577999114990234e-01,-9.999917149543762207e-01,9.999957680702209473e-01,-9.999935626983642578e-01,9.999940395355224609e-01,9.999546408653259277e-01,-9.998342990875244141e-01,-9.999960660934448242e-01,-9.999679923057556152e-01,-9.998637437820434570e-01,9.999816417694091797e-01,-9.999941587448120117e-01,9.999488592147827148e-01,9.999910593032836914e-01,-9.999921917915344238e-01,9.999921917915344238e-01,9.999583959579467773e-01,-9.999964237213134766e-01,9.999957084655761719e-01,-9.999893307685852051e-01,9.999883174896240234e-01,-9.999958872795104980e-01,-9.995326399803161621e-01,-9.998274445533752441e-01,-9.999952316284179688e-01,-9.999886155128479004e-01,9.999392032623291016e-01,9.999945163726806641e-01,9.999781250953674316e-01,-9.999948143959045410e-01,9.999949336051940918e-01,-9.999921917915344238e-01,9.999938607215881348e-01,9.997491240501403809e-01,-9.999963641166687012e-01,9.999902248382568359e-01,-9.999963641166687012e-01,9.999930262565612793e-01,9.999834299087524414e-01,9.999901056289672852e-01,9.999950528144836426e-01,-9.999883770942687988e-01,-9.999927282333374023e-01,9.999905228614807129e-01,9.999691247940063477e-01,9.999824762344360352e-01,-9.999544024467468262e-01,9.999758601188659668e-01
9.999975562095642090e-01,-9.999978542327880859e-01,-9.999915361404418945e-01,9.999964237213134766e-01,9.999982714653015137e-01,-9.999982118606567383e-01,9.999930858612060547e-01,9.999985098838806152e-01,-9.999934434890747070e-01,9.999975562095642090e-01,-9.999981522560119629e-01,-9.999982714653015137e-01,9.999969601631164551e-01,9.999977350234985352e-01,9.999916553497314453e-01,9.999928474426269531e-01,9.999960064888000488e-01,-9.999970793724060059e-01,9.999890327453613281e-01,-9.999985694885253906e-01,-9.999984502792358398e-01,9.999912977218627930e-01,9.999979138374328613e-01,9.999967813491821289e-01,9.999833703041076660e-01,9.999983310699462891e-01,-9.999972581863403320e-01,-9.999983310699462891e-01,9.999860525131225586e-01,-9.999948143959045410e-01,-9.999874830245971680e-01,-9.999972581863403320e-01,9.999789595603942871e-01,9.999932050704956055e-01,-9.999970197677612305e-01,9.999561309814453125e-01,9.999984502792358398e-01,9.999977946281433105e-01,9.999827146530151367e-01,-9.999983310699462891e-01,9.999979138374328613e-01,9.999626278877258301e-01,9.999756217002868652e-01,9.999983310699462891e-01,9.999974370002746582e-01,9.999973177909851074e-01,-9.999896883964538574e-01,9.999979138374328613e-01,9.999980330467224121e-01,-9.999977350234985352e-01,-9.999982714653015137e-01,-9.999977946281433105e-01,-9.999981522560119629e-01,-9.999901056289672852e-01,-9.999977350234985352e-01,-9.999971389770507812e-01,-9.999818801879882812e-01,9.999843239784240723e-01,9.999936223030090332e-01,9.999974370002746582e-01,-9.999976158142089844e-01,9.999984502792358398e-01,9.999976158142089844e-01,9.999933242797851562e-01,-9.999918341636657715e-01,-9.999983310699462891e-01,-9.999985098838806152e-01,-9.999940991401672363e-01,-9.999983906745910645e-01,9.999975562095642090e-01,-9.999981522560119629e-01,9.999959468841552734e-01,-9.999651312828063965e-01,-9.999908208847045898e-01,-9.999758601188659668e-01,-9.999975562095642090e-01,9.999876022338867188e-01,9.999981522560119629e-01,-9.999919533729553223e-01,-9.999934434890747070e-01,9.999827146530151367e-01,9.999965429306030273e-01,-9.999981522560119629e-01,9.999973177909851074e-01,-9.999975562095642090e-01,-9.999814629554748535e-01,9.999320507049560547e-01,9.999984502792358398e-01,9.999868869781494141e-01,9.999442100524902344e-01,-9.999924302101135254e-01,9.999975562095642090e-01,-9.999790787696838379e-01,-9.999962449073791504e-01,9.999966621398925781e-01,-9.999967813491821289e-01,-9.999828934669494629e-01,9.999984502792358398e-01,-9.999981522560119629e-01,9.999955892562866211e-01,-9.999951124191284180e-01,9.999982714653015137e-01,9.998085498809814453e-01,9.999292492866516113e-01,9.999980330467224121e-01,9.999952316284179688e-01,-9.999750256538391113e-01,-9.999976754188537598e-01,-9.999909996986389160e-01,9.999977946281433105e-01,-9.999978542327880859e-01,9.999967217445373535e-01,-9.999974370002746582e-01,-9.998971223831176758e-01,9.999985694885253906e-01,-9.999959468841552734e-01,9.999985098838806152e-01,-9.999971389770507812e-01,-9.999931454658508301e-01,-9.999958872795104980e-01,-9.999979734420776367e-01,9.999951720237731934e-01,9.999969601631164551e-01,-9.999959468841552734e-01,-9.999872446060180664e-01,-9.999927878379821777e-01,9.999812841415405273e-01,-9.999901056289672852e-01
9.999988079071044922e-01,-9.999989867210388184e-01,-9.999958872795104980e-01,9.999982714653015137e-01,9.999992251396179199e-01,-9.999992251396179199e-01,9.999967217445373535e-01,9.999992847442626953e-01,-9.999968409538269043e-01,9.999987483024597168e-01,-9.999991059303283691e-01,-9.999992251396179199e-01,9.999985694885253906e-01,9.999988675117492676e-01,9.999960660934448242e-01,9.999966025352478027e-01,9.999980926513671875e-01,-9.999985694885253906e-01,9.999948740005493164e-01,-9.999993443489074707e-01,-9.999993443489074707e-01,9.999958872795104980e-01,9.999991059303283691e-01,9.999983906745910645e-01,9.999921321868896484e-01,9.999993443489074707e-01,-9.999986290931701660e-01,-9.999992847442626953e-01,9.999935626983642578e-01,-9.999974966049194336e-01,-9.999942183494567871e-01,-9.999986886978149414e-01,9.999901652336120605e-01,9.999967217445373535e-01,-9.999986290931701660e-01,9.999795556068420410e-01,9.999991655349731445e-01,9.999989271163940430e-01,9.999918341636657715e-01,-9.999992847442626953e-01,9.999991059303283691e-01,9.999825954437255859e-01,9.999885559082031250e-01,9.999992251396179199e-01,9.999987483024597168e-01,9.999986886978149414e-01,-9.999951720237731934e-01,9.999989867210388184e-01,9.999991059303283691e-01,-9.999988675117492676e-01,-9.999991059303283691e-01,-9.999989271163940430e-01,-9.999992251396179199e-01,-9.999953508377075195e-01,-9.999989271163940430e-01,-9.999986886978149414e-01,-9.999914765357971191e-01,9.999927282333374023e-01,9.999969601631164551e-01,9.999988079071044922e-01,-9.999988675117492676e-01,9.999992251396179199e-01,9.999989271163940430e-01,9.999967813491821289e-01,-9.999960660934448242e-01,-9.999992847442626953e-01,-9.999994039535522461e-01,-9.999971985816955566e-01,-9.999992847442626953e-01,9.999987483024597168e-01,-9.999991059303283691e-01,9.999980926513671875e-01,-9.999837279319763184e-01,-9.999957680702209473e-01,-9.999887347221374512e-01,-9.999988079071044922e-01,9.999941587448120117e-01,9.999991655349731445e-01,-9.999962449073791504e-01,-9.999969005584716797e-01,9.999919533729553223e-01,9.999983310699462891e-01,-9.999991655349731445e-01,9.999987483024597168e-01,-9.999988675117492676e-01,-9.999912977218627930e-01,9.999682903289794922e-01,9.999992251396179199e-01,9.999938607215881348e-01,9.999739527702331543e-01,-9.999963641166687012e-01,9.999988079071044922e-01,-9.999902248382568359e-01,-9.999982714653015137e-01,9.999985098838806152e-01,-9.999985098838806152e-01,-9.999920725822448730e-01,9.999993443489074707e-01,-9.999991059303283691e-01,9.999979138374328613e-01,-9.999976158142089844e-01,9.999991655349731445e-01,9.999107718467712402e-01,9.999669790267944336e-01,9.999990463256835938e-01,9.999977350234985352e-01,-9.999883174896240234e-01,-9.999989271163940430e-01,-9.999957680702209473e-01,9.999989271163940430e-01,-9.999990463256835938e-01,9.999984502792358398e-01,-9.999987483024597168e-01,-9.999519586563110352e-01,9.999992847442626953e-01,-9.999979734420776367e-01,9.999993443489074707e-01,-9.999986290931701660e-01,-9.999967813491821289e-01,-9.999979734420776367e-01,-9.999991059303283691e-01,9.999976754188537598e-01,9.999985098838806152e-01,-9.999980330467224121e-01,-9.999940991401672363e-01,-9.999966025352478027e-01,9.999912381172180176e-01,-9.999954104423522949e-01
-9.999987483024597168e-01,9.999989867210388184e-01,9.999957084655761719e-01,-9.999982118606567383e-01,-9.999992251396179199e-01,9.999992251396179199e-01,-9.999964833259582520e-01,-9.999994039535522461e-01,9.999966621398925781e-01,-9.999988675117492676e-01,9.999991655349731445e-01,9.999992251396179199e-01,-9.999985098838806152e-01,-9.999989271163940430e-01,-9.999958276748657227e-01,-9.999964237213134766e-01,-9.999980330467224121e-01,9.999985694885253906e-01,-9.999945163726806641e-01,9.999994039535522461e-01,9.999993443489074707e-01,-9.999955296516418457e-01,-9.999991059303283691e-01,-9.999983310699462891e-01,-9.999915957450866699e-01,-9.999993443489074707e-01,9.999986290931701660e-01,9.999992847442626953e-01,-9.999929666519165039e-01,9.999973773956298828e-01,9.999937415122985840e-01,9.999987483024597168e-01,-9.999893903732299805e-01,-9.999966025352478027e-01,9.999985098838806152e-01,-9.999777078628540039e-01,-9.999992847442626953e-01,-9.999989867210388184e-01,-9.999912977218627930e-01,9.999992251396179199e-01,-9.999990463256835938e-01,-9.999810457229614258e-01,-9.999876618385314941e-01,-9.999992251396179199e-01,-9.999986886978149414e-01,-9.999986886978149414e-01,9.999947547912597656e-01,-9.999989867210388184e-01,-9.999991059303283691e-01,9.999988675117492676e-01,9.999992847442626953e-01,9.999989271163940430e-01,9.999992847442626953e-01,9.999950528144836426e-01,9.999988675117492676e-01,9.999986886978149414e-01,9.999908208847045898e-01,-9.999920725822448730e-01,-9.999968409538269043e-01,-9.999987483024597168e-01,9.999988079071044922e-01,-9.999993443489074707e-01,-9.999988675117492676e-01,-9.999967217445373535e-01,9.999958872795104980e-01,9.999992847442626953e-01,9.999993443489074707e-01,9.999970793724060059e-01,9.999993443489074707e-01,-9.999988675117492676e-01,9.999991655349731445e-01,-9.999979734420776367e-01,9.999822974205017090e-01,9.999954104423522949e-01,9.999877810478210449e-01,9.999988079071044922e-01,-9.999936819076538086e-01,-9.999992251396179199e-01,9.999960064888000488e-01,9.999966621398925781e-01,-9.999912381172180176e-01,-9.999982714653015137e-01,9.999991655349731445e-01,-9.999986886978149414e-01,9.999988079071044922e-01,9.999905824661254883e-01,-9.999653697013854980e-01,-9.999992251396179199e-01,-9.999933838844299316e-01,-9.999715685844421387e-01,9.999961256980895996e-01,-9.999987483024597168e-01,9.999893903732299805e-01,9.999980926513671875e-01,-9.999983310699462891e-01,9.999984502792358398e-01,9.999913573265075684e-01,-9.999994039535522461e-01,9.999991655349731445e-01,-9.999977946281433105e-01,9.999975562095642090e-01,-9.999992251396179199e-01,-9.999023079872131348e-01,-9.999639391899108887e-01,-9.999991655349731445e-01,-9.999976754188537598e-01,9.999873042106628418e-01,9.999989271163940430e-01,9.999954700469970703e-01,-9.999989867210388184e-01,9.999989867210388184e-01,-9.999983906745910645e-01,9.999986886978149414e-01,9.999476075172424316e-01,-9.999994039535522461e-01,9.999980330467224121e-01,-9.999993443489074707e-01,9.999986290931701660e-01,9.999966025352478027e-01,9.999979734420776367e-01,9.999990463256835938e-01,-9.999976158142089844e-01,-9.999985694885253906e-01,9.999979734420776367e-01,9.999935626983642578e-01,9.999963641166687012e-01,-9.999904632568359375e-01,9.999950528144836426e-01
9.999952912330627441e-01,-9.999960064888000488e-01,-9.999834299087524414e-01,9.999930858612060547e-01,9.999967217445373535e-01,-9.999964833259582520e-01,9.999865293502807617e-01,9.999971389770507812e-01,-9.999871850013732910e-01,9.999953508377075195e-01,-9.999964833259582520e-01,-9.999967217445373535e-01,9.999941587448120117e-01,9.999956488609313965e-01,9.999836087226867676e-01,9.999858736991882324e-01,9.999923706054687500e-01,-9.999943971633911133e-01,9.999783635139465332e-01,-9.999972581863403320e-01,-9.999968409538269043e-01,9.999828338623046875e-01,9.999960660934448242e-01,9.999937415122985840e-01,9.999671578407287598e-01,9.999969005584716797e-01,-9.999948143959045410e-01,-9.999967217445373535e-01,9.999725818634033203e-01,-9.999899864196777344e-01,-9.999754428863525391e-01,-9.999948740005493164e-01,9.999586343765258789e-01,9.999867081642150879e-01,-9.999943375587463379e-01,9.999136924743652344e-01,9.999969601631164551e-01,9.999958276748657227e-01,9.999659061431884766e-01,-9.999966025352478027e-01,9.999961256980895996e-01,9.999264478683471680e-01,9.999518990516662598e-01,9.999969005584716797e-01,9.999950528144836426e-01,9.999947547912597656e-01,-9.999798536300659180e-01,9.999960660934448242e-01,9.999963641166687012e-01,-9.999956488609313965e-01,-9.999965429306030273e-01,-9.999957084655761719e-01,-9.999964833259582520e-01,-9.999806284904479980e-01,-9.999956488609313965e-01,-9.999946355819702148e-01,-9.999642372131347656e-01,9.999691247940063477e-01,9.999875426292419434e-01,9.999949932098388672e-01,-9.999954700469970703e-01,9.999968409538269043e-01,9.999954700469970703e-01,9.999869465827941895e-01,-9.999839067459106445e-01,-9.999966621398925781e-01,-9.999971985816955566e-01,-9.999885559082031250e-01,-9.999969601631164551e-01,9.999954104423522949e-01,-9.999964237213134766e-01,9.999921321868896484e-01,-9.999313354492187500e-01,-9.999820590019226074e-01,-9.999523162841796875e-01,-9.999954104423522949e-01,9.999755024909973145e-01,9.999964237213134766e-01,-9.999843835830688477e-01,-9.999874234199523926e-01,9.999659061431884766e-01,9.999933242797851562e-01,-9.999964833259582520e-01,9.999948143959045410e-01,-9.999952912330627441e-01,-9.999633431434631348e-01,9.998661875724792480e-01,9.999968409538269043e-01,9.999741315841674805e-01,9.998898506164550781e-01,-9.999851584434509277e-01,9.999953508377075195e-01,-9.999586939811706543e-01,-9.999927878379821777e-01,9.999936819076538086e-01,-9.999938011169433594e-01,-9.999663233757019043e-01,9.999971389770507812e-01,-9.999964237213134766e-01,9.999914169311523438e-01,-9.999905824661254883e-01,9.999966621398925781e-01,9.996226429939270020e-01,9.998606443405151367e-01,9.999961853027343750e-01,9.999907612800598145e-01,-9.999508261680603027e-01,-9.999955892562866211e-01,-9.999822974205017090e-01,9.999957680702209473e-01,-9.999958276748657227e-01,9.999936819076538086e-01,-9.999950528144836426e-01,-9.997974038124084473e-01,9.999970793724060059e-01,-9.999920129776000977e-01,9.999969601631164551e-01,-9.999943971633911133e-01,-9.999866485595703125e-01,-9.999920129776000977e-01,-9.999960064888000488e-01,9.999905824661254883e-01,9.999941587448120117e-01,-9.999922513961791992e-01,-9.999750852584838867e-01,-9.999858736991882324e-01,9.999631047248840332e-01,-9.999805092811584473e-01
9.999990463256835938e-01,-9.999991059303283691e-01,-9.999964237213134766e-01,9.999985098838806152e-01,9.999992847442626953e-01,-9.999994039535522461e-01,9.999971389770507812e-01,9.999994039535522461e-01,-9.999972581863403320e-01,9.999991059303283691e-01,-9.999993443489074707e-01,-9.999992847442626953e-01,9.999987483024597168e-01,9.999991655349731445e-01,9.999964833259582520e-01,9.999970793724060059e-01,9.999983310699462891e-01,-9.999988079071044922e-01,9.999955892562866211e-01,-9.999994039535522461e-01,-9.999994039535522461e-01,9.999964237213134766e-01,9.999992251396179199e-01,9.999986290931701660e-01,9.999932646751403809e-01,9.999993443489074707e-01,-9.999988675117492676e-01,-9.999993443489074707e-01,9.999943375587463379e-01,-9.999978542327880859e-01,-9.999948740005493164e-01,-9.999989271163940430e-01,9.999914765357971191e-01,9.999971389770507812e-01,-9.999988079071044922e-01,9.999822378158569336e-01,9.999993443489074707e-01,9.999991059303283691e-01,9.999929070472717285e-01,-9.999992847442626953e-01,9.999992251396179199e-01,9.999849200248718262e-01,9.999900460243225098e-01,9.999994039535522461e-01,9.999989271163940430e-01,9.999988675117492676e-01,-9.999958276748657227e-01,9.999992251396179199e-01,9.999992847442626953e-01,-9.999991655349731445e-01,-9.999993443489074707e-01,-9.999991655349731445e-01,-9.999992847442626953e-01,-9.999959468841552734e-01,-9.999990463256835938e-01,-9.999988079071044922e-01,-9.999926686286926270e-01,9.999936819076538086e-01,9.999973177909851074e-01,9.999989867210388184e-01,-9.999991059303283691e-01,9.999994039535522461e-01,9.999991059303283691e-01,9.999973177909851074e-01,-9.999965429306030273e-01,-9.999993443489074707e-01,-9.999994039535522461e-01,-9.999975562095642090e-01,-9.999993443489074707e-01,9.999991059303283691e-01,-9.999992251396179199e-01,9.999983310699462891e-01,-9.999858736991882324e-01,-9.999961256980895996e-01,-9.999902248382568359e-01,-9.999991059303283691e-01,9.999949336051940918e-01,9.999992847442626953e-01,-9.999967217445373535e-01,-9.999973177909851074e-01,9.999930262565612793e-01,9.999986290931701660e-01,-9.999993443489074707e-01,9.999989271163940430e-01,-9.999989271163940430e-01,-9.999924898147583008e-01,9.999725222587585449e-01,9.999994039535522461e-01,9.999947547912597656e-01,9.999773502349853516e-01,-9.999969005584716797e-01,9.999991059303283691e-01,-9.999915361404418945e-01,-9.999985098838806152e-01,9.999986886978149414e-01,-9.999986886978149414e-01,-9.999930858612060547e-01,9.999993443489074707e-01,-9.999992251396179199e-01,9.999982118606567383e-01,-9.999980330467224121e-01,9.999992847442626953e-01,9.999223351478576660e-01,9.999713897705078125e-01,9.999992847442626953e-01,9.999980926513671875e-01,-9.999899268150329590e-01,-9.999991059303283691e-01,-9.999963045120239258e-01,9.999991655349731445e-01,-9.999991655349731445e-01,9.999986290931701660e-01,-9.999989271163940430e-01,-9.999583363533020020e-01,9.999994635581970215e-01,-9.999982714653015137e-01,9.999994039535522461e-01,-9.999988079071044922e-01,-9.999971985816955566e-01,-9.999983310699462891e-01,-9.999991059303283691e-01,9.999979138374328613e-01,9.999987483024597168e-01,-9.999983310699462891e-01,-9.999948740005493164e-01,-9.999970197677612305e-01,9.999923110008239746e-01,-9.999960064888000488e-01
-9.999955296516418457e-01,9.999961853027343750e-01,9.999842643737792969e-01,-9.999934434890747070e-01,-9.999968409538269043e-01,9.999966621398925781e-01,-9.999871850013732910e-01,-9.999972581863403320e-01,9.999878406524658203e-01,-9.999955296516418457e-01,9.999966025352478027e-01,9.999969601631164551e-01,-9.999945163726806641e-01,-9.999958276748657227e-01,-9.999843835830688477e-01,-9.999865889549255371e-01,-9.999927878379821777e-01,9.999947547912597656e-01,-9.999794960021972656e-01,9.999974370002746582e-01,9.999971389770507812e-01,-9.999837279319763184e-01,-9.999961853027343750e-01,-9.999940395355224609e-01,-9.999688267707824707e-01,-9.999970793724060059e-01,9.999950528144836426e-01,9.999967813491821289e-01,-9.999739527702331543e-01,9.999904632568359375e-01,9.999767541885375977e-01,9.999950528144836426e-01,-9.999606013298034668e-01,-9.999873638153076172e-01,9.999946355819702148e-01,-9.999180436134338379e-01,-9.999971985816955566e-01,-9.999958872795104980e-01,-9.999676346778869629e-01,9.999969005584716797e-01,-9.999961853027343750e-01,-9.999300837516784668e-01,-9.999542832374572754e-01,-9.999970197677612305e-01,-9.999952316284179688e-01,-9.999949336051940918e-01,9.999808669090270996e-01,-9.999961853027343750e-01,-9.999965429306030273e-01,9.999958872795104980e-01,9.999967217445373535e-01,9.999958872795104980e-01,9.999966621398925781e-01,9.999816417694091797e-01,9.999958872795104980e-01,9.999948143959045410e-01,9.999659657478332520e-01,-9.999706745147705078e-01,-9.999882578849792480e-01,-9.999952316284179688e-01,9.999957680702209473e-01,-9.999970793724060059e-01,-9.999957084655761719e-01,-9.999877214431762695e-01,9.999846816062927246e-01,9.999968409538269043e-01,9.999973773956298828e-01,9.999891519546508789e-01,9.999971985816955566e-01,-9.999955892562866211e-01,9.999967217445373535e-01,-9.999923706054687500e-01,9.999346733093261719e-01,9.999829530715942383e-01,9.999547004699707031e-01,9.999955892562866211e-01,-9.999767541885375977e-01,-9.999966025352478027e-01,9.999851584434509277e-01,9.999879598617553711e-01,-9.999676346778869629e-01,-9.999936819076538086e-01,9.999966621398925781e-01,-9.999950528144836426e-01,9.999954700469970703e-01,9.999651908874511719e-01,-9.998728036880493164e-01,-9.999970793724060059e-01,-9.999754428863525391e-01,-9.998953342437744141e-01,9.999858736991882324e-01,-9.999955296516418457e-01,9.999607801437377930e-01,9.999931454658508301e-01,-9.999939203262329102e-01,9.999940395355224609e-01,9.999680519104003906e-01,-9.999972581863403320e-01,9.999966025352478027e-01,-9.999918341636657715e-01,9.999910593032836914e-01,-9.999968409538269043e-01,-9.996415376663208008e-01,-9.998675584793090820e-01,-9.999963641166687012e-01,-9.999911785125732422e-01,9.999533295631408691e-01,9.999958276748657227e-01,9.999831914901733398e-01,-9.999960064888000488e-01,9.999960660934448242e-01,-9.999940395355224609e-01,9.999952912330627441e-01,9.998075366020202637e-01,-9.999971985816955566e-01,9.999924898147583008e-01,-9.999971985816955566e-01,9.999946951866149902e-01,9.999873042106628418e-01,9.999924302101135254e-01,9.999961853027343750e-01,-9.999910593032836914e-01,-9.999944567680358887e-01,9.999926090240478516e-01,9.999763369560241699e-01,9.999864697456359863e-01,-9.999650120735168457e-01,9.999814629554748535e-01
9.999983310699462891e-01,-9.999986290931701660e-01,-9.999942183494567871e-01,9.999975562095642090e-01,9.999987483024597168e-01,-9.999988675117492676e-01,9.999953508377075195e-01,9.999991059303283691e-01,-9.999955296516418457e-01,9.999983906745910645e-01,-9.999987483024597168e-01,-9.999989271163940430e-01,9.999979734420776367e-01,9.999984502792358398e-01,9.999943971633911133e-01,9.999951720237731934e-01,9.999973177909851074e-01,-9.999980926513671875e-01,9.999925494194030762e-01,-9.999991655349731445e-01,-9.999988675117492676e-01,9.999939799308776855e-01,9.999986290931701660e-01,9.999977946281433105e-01,9.999886751174926758e-01,9.999989271163940430e-01,-9.999980926513671875e-01,-9.999988675117492676e-01,9.999905228614807129e-01,-9.999964833259582520e-01,-9.999915957450866699e-01,-9.999982118606567383e-01,9.999856948852539062e-01,9.999954104423522949e-01,-9.999980330467224121e-01,9.999703764915466309e-01,9.999989271163940430e-01,9.999984502792358398e-01,9.999883174896240234e-01,-9.999988079071044922e-01,9.999986290931701660e-01,9.999747276306152344e-01,9.999834299087524414e-01,9.999988675117492676e-01,9.999982714653015137e-01,9.999981522560119629e-01,-9.999930858612060547e-01,9.999986290931701660e-01,9.999986886978149414e-01,-9.999983906745910645e-01,-9.999987483024597168e-01,-9.999983906745910645e-01,-9.999987483024597168e-01,-9.999933242797851562e-01,-9.999985098838806152e-01,-9.999980330467224121e-01,-9.999877214431762695e-01,9.999892711639404297e-01,9.999956488609313965e-01,9.999982714653015137e-01,-9.999983310699462891e-01,9.999989271163940430e-01,9.999984502792358398e-01,9.999955296516418457e-01,-9.999943971633911133e-01,-9.999988675117492676e-01,-9.999989867210388184e-01,-9.999960064888000488e-01,-9.999989867210388184e-01,9.999983906745910645e-01,-9.999987483024597168e-01,9.999972581863403320e-01,-9.999763965606689453e-01,-9.999938011169433594e-01,-9.999836087226867676e-01,-9.999983906745910645e-01,9.999915361404418945e-01,9.999988079071044922e-01,-9.999946355819702148e-01,-9.999955296516418457e-01,9.999882578849792480e-01,9.999976754188537598e-01,-9.999987483024597168e-01,9.999982118606567383e-01,-9.999983310699462891e-01,-9.999874234199523926e-01,9.999539256095886230e-01,9.999989271163940430e-01,9.999911785125732422e-01,9.999620318412780762e-01,-9.999949336051940918e-01,9.999983906745910645e-01,-9.999858140945434570e-01,-9.999974966049194336e-01,9.999977350234985352e-01,-9.999977946281433105e-01,-9.999884366989135742e-01,9.999989271163940430e-01,-9.999987483024597168e-01,9.999970197677612305e-01,-9.999967217445373535e-01,9.999987483024597168e-01,9.998701214790344238e-01,9.999518990516662598e-01,9.999986886978149414e-01,9.999966621398925781e-01,-9.999831318855285645e-01,-9.999984502792358398e-01,-9.999939203262329102e-01,9.999985098838806152e-01,-9.999985694885253906e-01,9.999977946281433105e-01,-9.999982118606567383e-01,-9.999302029609680176e-01,9.999991059303283691e-01,-9.999972581863403320e-01,9.999989867210388184e-01,-9.999980330467224121e-01,-9.999953508377075195e-01,-9.999971985816955566e-01,-9.999986290931701660e-01,9.999967217445373535e-01,9.999979138374328613e-01,-9.999972581863403320e-01,-9.999914169311523438e-01,-9.999951720237731934e-01,9.999873638153076172e-01,-9.999932646751403809e-01
-9.999987483024597168e-01,9.999989867210388184e-01,9.999957084655761719e-01,-9.999981522560119629e-01,-9.999991059303283691e-01,9.999991655349731445e-01,-9.999964833259582520e-01,-9.999993443489074707e-01,9.999966025352478027e-01,-9.999987483024597168e-01,9.999991655349731445e-01,9.999991655349731445e-01,-9.999985098838806152e-01,-9.999988675117492676e-01,-9.999958276748657227e-01,-9.999963045120239258e-01,-9.999980330467224121e-01,9.999985694885253906e-01,-9.999944567680358887e-01,9.999992847442626953e-01,9.999992847442626953e-01,-9.999955296516418457e-01,-9.999990463256835938e-01,-9.999982714653015137e-01,-9.999915361404418945e-01,-9.999992251396179199e-01,9.999985694885253906e-01,9.999992251396179199e-01,-9.999929070472717285e-01,9.999973177909851074e-01,9.999936819076538086e-01,9.999986290931701660e-01,-9.999892711639404297e-01,-9.999965429306030273e-01,9.999985098838806152e-01,-9.999778270721435547e-01,-9.999992251396179199e-01,-9.999989271163940430e-01,-9.999911785125732422e-01,9.999991059303283691e-01,-9.999990463256835938e-01,-9.999811053276062012e-01,-9.999876618385314941e-01,-9.999992251396179199e-01,-9.999986886978149414e-01,-9.999986290931701660e-01,9.999948143959045410e-01,-9.999989867210388184e-01,-9.999991059303283691e-01,9.999988079071044922e-01,9.999991655349731445e-01,9.999988675117492676e-01,9.999991655349731445e-01,9.999949932098388672e-01,9.999988675117492676e-01,9.999986290931701660e-01,9.999908208847045898e-01,-9.999920725822448730e-01,-9.999967813491821289e-01,-9.999987483024597168e-01,9.999987483024597168e-01,-9.999993443489074707e-01,-9.999988079071044922e-01,-9.999966025352478027e-01,9.999958872795104980e-01,9.999992847442626953e-01,9.999993443489074707e-01,9.999970197677612305e-01,9.999993443489074707e-01,-9.999988079071044922e-01,9.999990463256835938e-01,-9.999979138374328613e-01,9.999823570251464844e-01,9.999953508377075195e-01,9.999878406524658203e-01,9.999988079071044922e-01,-9.999937415122985840e-01,-9.999992251396179199e-01,9.999960064888000488e-01,9.999967217445373535e-01,-9.999912381172180176e-01,-9.999981522560119629e-01,9.999991655349731445e-01,-9.999986290931701660e-01,9.999987483024597168e-01,9.999905824661254883e-01,-9.999655485153198242e-01,-9.999992251396179199e-01,-9.999934434890747070e-01,-9.999717473983764648e-01,9.999960064888000488e-01,-9.999988079071044922e-01,9.999893903732299805e-01,9.999980926513671875e-01,-9.999983310699462891e-01,9.999983310699462891e-01,9.999913573265075684e-01,-9.999992847442626953e-01,9.999990463256835938e-01,-9.999977350234985352e-01,9.999974966049194336e-01,-9.999992251396179199e-01,-9.999029040336608887e-01,-9.999641180038452148e-01,-9.999990463256835938e-01,-9.999976158142089844e-01,9.999873638153076172e-01,9.999988675117492676e-01,9.999954104423522949e-01,-9.999989271163940430e-01,9.999989271163940430e-01,-9.999982714653015137e-01,9.999986290931701660e-01,9.999478459358215332e-01,-9.999992847442626953e-01,9.999979138374328613e-01,-9.999992847442626953e-01,9.999985098838806152e-01,9.999964833259582520e-01,9.999979138374328613e-01,9.999989867210388184e-01,-9.999975562095642090e-01,-9.999983906745910645e-01,9.999979734420776367e-01,9.999935626983642578e-01,9.999964237213134766e-01,-9.999905228614807129e-01,9.999949932098388672e-01
-9.999988675117492676e-01,9.999991059303283691e-01,9.999960660934448242e-01,-9.999982714653015137e-01,-9.999992251396179199e-01,9.999992251396179199e-01,-9.999967217445373535e-01,-9.999992847442626953e-01,9.999969601631164551e-01,-9.999989271163940430e-01,9.999991655349731445e-01,9.999992847442626953e-01,-9.999986290931701660e-01,-9.999989867210388184e-01,-9.999961256980895996e-01,-9.999966621398925781e-01,-9.999982118606567383e-01,9.999986290931701660e-01,-9.999949336051940918e-01,9.999993443489074707e-01,9.999993443489074707e-01,-9.999960064888000488e-01,-9.999992251396179199e-01,-9.999985098838806152e-01,-9.999923706054687500e-01,-9.999993443489074707e-01,9.999988079071044922e-01,9.999991655349731445e-01,-9.999936819076538086e-01,9.999976158142089844e-01,9.999942779541015625e-01,9.999988079071044922e-01,-9.999903440475463867e-01,-9.999968409538269043e-01,9.999986886978149414e-01,-9.999799132347106934e-01,-9.999992847442626953e-01,-9.999990463256835938e-01,-9.999920725822448730e-01,9.999992847442626953e-01,-9.999991655349731445e-01,-9.999828338623046875e-01,-9.999887347221374512e-01,-9.999992251396179199e-01,-9.999988079071044922e-01,-9.999987483024597168e-01,9.999952912330627441e-01,-9.999991059303283691e-01,-9.999991059303283691e-01,9.999989867210388184e-01,9.999992251396179199e-01,9.999990463256835938e-01,9.999992251396179199e-01,9.999954700469970703e-01,9.999990463256835938e-01,9.999987483024597168e-01,9.999916553497314453e-01,-9.999927878379821777e-01,-9.999970793724060059e-01,-9.999988079071044922e-01,9.999989271163940430e-01,-9.999993443489074707e-01,-9.999989271163940430e-01,-9.999969601631164551e-01,9.999961853027343750e-01,9.999992847442626953e-01,9.999993443489074707e-01,9.999973177909851074e-01,9.999993443489074707e-01,-9.999988675117492676e-01,9.999992251396179199e-01,-9.999981522560119629e-01,9.999839663505554199e-01,9.999958276748657227e-01,9.999889731407165527e-01,9.999989271163940430e-01,-9.999942779541015625e-01,-9.999992847442626953e-01,9.999963045120239258e-01,9.999970197677612305e-01,-9.999920725822448730e-01,-9.999984502792358398e-01,9.999992251396179199e-01,-9.999987483024597168e-01,9.999989271163940430e-01,9.999914765357971191e-01,-9.999687671661376953e-01,-9.999993443489074707e-01,-9.999940395355224609e-01,-9.999743700027465820e-01,9.999964237213134766e-01,-9.999988675117492676e-01,9.999904632568359375e-01,9.999983906745910645e-01,-9.999985098838806152e-01,9.999985098838806152e-01,9.999922513961791992e-01,-9.999993443489074707e-01,9.999991655349731445e-01,-9.999979734420776367e-01,9.999977350234985352e-01,-9.999992251396179199e-01,-9.999118447303771973e-01,-9.999674558639526367e-01,-9.999991655349731445e-01,-9.999977946281433105e-01,9.999885559082031250e-01,9.999989271163940430e-01,9.999958872795104980e-01,-9.999990463256835938e-01,9.999991059303283691e-01,-9.999985098838806152e-01,9.999987483024597168e-01,9.999526739120483398e-01,-9.999994039535522461e-01,9.999981522560119629e-01,-9.999993443489074707e-01,9.999986886978149414e-01,9.999968409538269043e-01,9.999980926513671875e-01,9.999992251396179199e-01,-9.999977946281433105e-01,-9.999986290931701660e-01,9.999980926513671875e-01,9.999942779541015625e-01,9.999966025352478027e-01,-9.999914169311523438e-01,9.999955296516418457e-01
