9.999983906745910645e-01,-9.999985694885253906e-01,-9.999943375587463379e-01,9.999973177909851074e-01,9.999989271163940430e-01,-9.999986290931701660e-01,9.999948143959045410e-01,9.999991655349731445e-01,-9.999943375587463379e-01,9.999985098838806152e-01,-9.999987483024597168e-01,-9.999988675117492676e-01,9.999978542327880859e-01,9.999984502792358398e-01,9.999949336051940918e-01,9.999941587448120117e-01,9.999973177909851074e-01,-9.999977946281433105e-01,9.999922513961791992e-01,-9.999991059303283691e-01,-9.999989271163940430e-01,9.999940395355224609e-01,9.999985694885253906e-01,9.999975562095642090e-01,9.999886155128479004e-01,9.999989867210388184e-01,-9.999981522560119629e-01,-9.999988675117492676e-01,9.999911189079284668e-01,-9.999965429306030273e-01,-9.999907612800598145e-01,-9.999981522560119629e-01,9.999835491180419922e-01,9.999948740005493164e-01,-9.999980330467224121e-01,9.999671578407287598e-01,9.999989867210388184e-01,9.999984502792358398e-01,9.999855756759643555e-01,-9.999988675117492676e-01,9.999986886978149414e-01,9.999845027923583984e-01,9.999835491180419922e-01,9.999988079071044922e-01,9.999981522560119629e-01,9.999980330467224121e-01,-9.999929666519165039e-01,9.999985694885253906e-01,9.999987483024597168e-01,-9.999985098838806152e-01,-9.999988079071044922e-01,-9.999985694885253906e-01,-9.999987483024597168e-01,-9.999932050704956055e-01,-9.999985694885253906e-01,-9.999980330467224121e-01,-9.999766945838928223e-01,9.999917149543762207e-01,9.999950528144836426e-01,9.999982714653015137e-01,-9.999983310699462891e-01,9.999989271163940430e-01,9.999984502792358398e-01,9.999954700469970703e-01,-9.999942183494567871e-01,-9.999988675117492676e-01,-9.999990463256835938e-01,-9.999957084655761719e-01,-9.999989271163940430e-01,9.999982714653015137e-01,-9.999988675117492676e-01,9.999964237213134766e-01,-9.999882578849792480e-01,-9.999936223030090332e-01,-9.999843835830688477e-01,-9.999983906745910645e-01,9.999907612800598145e-01,9.999987483024597168e-01,-9.999939203262329102e-01,-9.999953508377075195e-01,9.999898076057434082e-01,9.999976158142089844e-01,-9.999988079071044922e-01,9.999981522560119629e-01,-9.999983906745910645e-01,-9.999853968620300293e-01,9.997097849845886230e-01,9.999988675117492676e-01,9.999917745590209961e-01,9.999837279319763184e-01,-9.999938607215881348e-01,9.999983310699462891e-01,-9.999857544898986816e-01,-9.999973177909851074e-01,9.999974966049194336e-01,-9.999977350234985352e-01,-9.999876618385314941e-01,9.999990463256835938e-01,-9.999988079071044922e-01,9.999971389770507812e-01,-9.999966621398925781e-01,9.999988675117492676e-01,9.999268054962158203e-01,9.999535083770751953e-01,9.999986290931701660e-01,9.999960660934448242e-01,-9.999818205833435059e-01,-9.999985098838806152e-01,-9.999938011169433594e-01,9.999985694885253906e-01,-9.999986290931701660e-01,9.999975562095642090e-01,-9.999983310699462891e-01,-9.998700022697448730e-01,9.999989867210388184e-01,-9.999969005584716797e-01,9.999989271163940430e-01,-9.999979138374328613e-01,-9.999954104423522949e-01,-9.999967217445373535e-01,-9.999984502792358398e-01,9.999966621398925781e-01,9.999977350234985352e-01,-9.999970197677612305e-01,-9.999913573265075684e-01,-9.999947547912597656e-01,9.999797344207763672e-01,-9.999917745590209961e-01
-9.999985694885253906e-01,9.999988079071044922e-01,9.999952316284179688e-01,-9.999977350234985352e-01,-9.999992251396179199e-01,9.999988675117492676e-01,-9.999956488609313965e-01,-9.999992847442626953e-01,9.999952912330627441e-01,-9.999986290931701660e-01,9.999988675117492676e-01,9.999991059303283691e-01,-9.999980926513671875e-01,-9.999986290931701660e-01,-9.999957680702209473e-01,-9.999950528144836426e-01,-9.999977350234985352e-01,9.999981522560119629e-01,-9.999934434890747070e-01,9.999992251396179199e-01,9.999990463256835938e-01,-9.999949336051940918e-01,-9.999988079071044922e-01,-9.999979138374328613e-01,-9.999905824661254883e-01,-9.999991059303283691e-01,9.999984502792358398e-01,9.999990463256835938e-01,-9.999924302101135254e-01,9.999971389770507812e-01,9.999921917915344238e-01,9.999983906745910645e-01,-9.999862909317016602e-01,-9.999957680702209473e-01,9.999982714653015137e-01,-9.999725818634033203e-01,-9.999991655349731445e-01,-9.999986290931701660e-01,-9.999879598617553711e-01,9.999990463256835938e-01,-9.999988079071044922e-01,-9.999870061874389648e-01,-9.999861717224121094e-01,-9.999990463256835938e-01,-9.999984502792358398e-01,-9.999982714653015137e-01,9.999940395355224609e-01,-9.999987483024597168e-01,-9.999988675117492676e-01,9.999986886978149414e-01,9.999989867210388184e-01,9.999987483024597168e-01,9.999990463256835938e-01,9.999942183494567871e-01,9.999987483024597168e-01,9.999983310699462891e-01,9.999805092811584473e-01,-9.999930858612060547e-01,-9.999958276748657227e-01,-9.999985098838806152e-01,9.999986290931701660e-01,-9.999991059303283691e-01,-9.999986290931701660e-01,-9.999960660934448242e-01,9.999951720237731934e-01,9.999991655349731445e-01,9.999992251396179199e-01,9.999963045120239258e-01,9.999991655349731445e-01,-9.999985694885253906e-01,9.999989867210388184e-01,-9.999970197677612305e-01,9.999902248382568359e-01,9.999946355819702148e-01,9.999869465827941895e-01,9.999986290931701660e-01,-9.999921917915344238e-01,-9.999989867210388184e-01,9.999948143959045410e-01,9.999960064888000488e-01,-9.999914765357971191e-01,-9.999980330467224121e-01,9.999989867210388184e-01,-9.999985098838806152e-01,9.999985694885253906e-01,9.999876618385314941e-01,-9.997574687004089355e-01,-9.999991059303283691e-01,-9.999932050704956055e-01,-9.999864101409912109e-01,9.999947547912597656e-01,-9.999985098838806152e-01,9.999881386756896973e-01,9.999977350234985352e-01,-9.999979138374328613e-01,9.999981522560119629e-01,9.999895691871643066e-01,-9.999991655349731445e-01,9.999989867210388184e-01,-9.999976158142089844e-01,9.999972581863403320e-01,-9.999989867210388184e-01,-9.999387860298156738e-01,-9.999611377716064453e-01,-9.999988675117492676e-01,-9.999968409538269043e-01,9.999848008155822754e-01,9.999987483024597168e-01,9.999948143959045410e-01,-9.999988079071044922e-01,9.999987483024597168e-01,-9.999979138374328613e-01,9.999985098838806152e-01,9.998912215232849121e-01,-9.999992251396179199e-01,9.999973177909851074e-01,-9.999991655349731445e-01,9.999982118606567383e-01,9.999959468841552734e-01,9.999972581863403320e-01,9.999986886978149414e-01,-9.999971985816955566e-01,-9.999980330467224121e-01,9.999974966049194336e-01,9.999928474426269531e-01,9.999955892562866211e-01,-9.999830722808837891e-01,9.999931454658508301e-01
-9.999943375587463379e-01,9.999952316284179688e-01,9.999807476997375488e-01,-9.999909996986389160e-01,-9.999962449073791504e-01,9.999957680702209473e-01,-9.999827742576599121e-01,-9.999966621398925781e-01,9.999809861183166504e-01,-9.999947547912597656e-01,9.999958872795104980e-01,9.999961853027343750e-01,-9.999928474426269531e-01,-9.999946355819702148e-01,-9.999827742576599121e-01,-9.999802112579345703e-01,-9.999912381172180176e-01,9.999926090240478516e-01,-9.999737739562988281e-01,9.999967217445373535e-01,9.999963045120239258e-01,-9.999797940254211426e-01,-9.999952912330627441e-01,-9.999916553497314453e-01,-9.999618530273437500e-01,-9.999962449073791504e-01,9.999938011169433594e-01,9.999960064888000488e-01,-9.999700784683227539e-01,9.999886155128479004e-01,9.999690651893615723e-01,9.999935626983642578e-01,-9.999448657035827637e-01,-9.999830722808837891e-01,9.999932646751403809e-01,-9.998898506164550781e-01,-9.999964237213134766e-01,-9.999949932098388672e-01,-9.999516010284423828e-01,9.999961853027343750e-01,-9.999953508377075195e-01,-9.999480843544006348e-01,-9.999445080757141113e-01,-9.999961853027343750e-01,-9.999939799308776855e-01,-9.999933242797851562e-01,9.999761581420898438e-01,-9.999953508377075195e-01,-9.999956488609313965e-01,9.999948740005493164e-01,9.999959468841552734e-01,9.999950528144836426e-01,9.999959468841552734e-01,9.999768733978271484e-01,9.999951720237731934e-01,9.999934434890747070e-01,9.999217987060546875e-01,-9.999723434448242188e-01,-9.999832510948181152e-01,-9.999940395355224609e-01,9.999945759773254395e-01,-9.999962449073791504e-01,-9.999944567680358887e-01,-9.999845027923583984e-01,9.999802708625793457e-01,9.999961256980895996e-01,9.999967813491821289e-01,9.999853968620300293e-01,9.999964833259582520e-01,-9.999942779541015625e-01,9.999960064888000488e-01,-9.999881982803344727e-01,9.999606609344482422e-01,9.999784231185913086e-01,9.999475479125976562e-01,9.999946355819702148e-01,-9.999688267707824707e-01,-9.999957680702209473e-01,9.999794960021972656e-01,9.999843239784240723e-01,-9.999657273292541504e-01,-9.999919533729553223e-01,9.999959468841552734e-01,-9.999938011169433594e-01,9.999942779541015625e-01,9.999506473541259766e-01,-9.990283846855163574e-01,-9.999964237213134766e-01,-9.999724030494689941e-01,-9.999453425407409668e-01,9.999793171882629395e-01,-9.999944567680358887e-01,9.999523162841796875e-01,9.999911785125732422e-01,-9.999917745590209961e-01,9.999926090240478516e-01,9.999582171440124512e-01,-9.999965429306030273e-01,9.999959468841552734e-01,-9.999905824661254883e-01,9.999890923500061035e-01,-9.999961853027343750e-01,-9.997547864913940430e-01,-9.998444318771362305e-01,-9.999955296516418457e-01,-9.999870657920837402e-01,9.999389648437500000e-01,9.999948740005493164e-01,9.999792575836181641e-01,-9.999950528144836426e-01,9.999951720237731934e-01,-9.999918937683105469e-01,9.999940395355224609e-01,9.995645880699157715e-01,-9.999966025352478027e-01,9.999897480010986328e-01,-9.999964833259582520e-01,9.999930262565612793e-01,9.999840855598449707e-01,9.999892115592956543e-01,9.999948143959045410e-01,-9.999889731407165527e-01,-9.999923110008239746e-01,9.999901056289672852e-01,9.999709725379943848e-01,9.999822378158569336e-01,-9.999319314956665039e-01,9.999724626541137695e-01
9.999973177909851074e-01,-9.999977350234985352e-01,-9.999909996986389160e-01,9.999958276748657227e-01,9.999982118606567383e-01,-9.999979138374328613e-01,9.999918937683105469e-01,9.999984502792358398e-01,-9.999911785125732422e-01,9.999974966049194336e-01,-9.999980330467224121e-01,-9.999982118606567383e-01,9.999967217445373535e-01,9.999974966049194336e-01,9.999920129776000977e-01,9.999908208847045898e-01,9.999958872795104980e-01,-9.999964237213134766e-01,9.999877810478210449e-01,-9.999985098838806152e-01,-9.999982714653015137e-01,9.999907016754150391e-01,9.999977350234985352e-01,9.999960660934448242e-01,9.999823570251464844e-01,9.999982714653015137e-01,-9.999970793724060059e-01,-9.999981522560119629e-01,9.999860525131225586e-01,-9.999946951866149902e-01,-9.999856948852539062e-01,-9.999969601631164551e-01,9.999744892120361328e-01,9.999920129776000977e-01,-9.999968409538269043e-01,9.999489784240722656e-01,9.999983310699462891e-01,9.999976158142089844e-01,9.999776482582092285e-01,-9.999981522560119629e-01,9.999977946281433105e-01,9.999759197235107422e-01,9.999743700027465820e-01,9.999981522560119629e-01,9.999970793724060059e-01,9.999968409538269043e-01,-9.999888539314270020e-01,9.999977946281433105e-01,9.999979138374328613e-01,-9.999975562095642090e-01,-9.999980926513671875e-01,-9.999976754188537598e-01,-9.999980926513671875e-01,-9.999892711639404297e-01,-9.999976754188537598e-01,-9.999968409538269043e-01,-9.999637603759765625e-01,9.999870657920837402e-01,9.999923110008239746e-01,9.999971985816955566e-01,-9.999974370002746582e-01,9.999982714653015137e-01,9.999973773956298828e-01,9.999928474426269531e-01,-9.999908804893493652e-01,-9.999981522560119629e-01,-9.999984502792358398e-01,-9.999931454658508301e-01,-9.999982714653015137e-01,9.999973177909851074e-01,-9.999980926513671875e-01,9.999945163726806641e-01,-9.999817609786987305e-01,-9.999899864196777344e-01,-9.999757409095764160e-01,-9.999974966049194336e-01,9.999854564666748047e-01,9.999980926513671875e-01,-9.999904036521911621e-01,-9.999926686286926270e-01,9.999840855598449707e-01,9.999963045120239258e-01,-9.999980926513671875e-01,9.999970793724060059e-01,-9.999973177909851074e-01,-9.999772310256958008e-01,9.995495676994323730e-01,9.999982714653015137e-01,9.999872446060180664e-01,9.999746084213256836e-01,-9.999904036521911621e-01,9.999973773956298828e-01,-9.999778270721435547e-01,-9.999958872795104980e-01,9.999961256980895996e-01,-9.999965429306030273e-01,-9.999807476997375488e-01,9.999983906745910645e-01,-9.999980926513671875e-01,9.999956488609313965e-01,-9.999948740005493164e-01,9.999980926513671875e-01,9.998862743377685547e-01,9.999278187751770020e-01,9.999978542327880859e-01,9.999939799308776855e-01,-9.999717473983764648e-01,-9.999975562095642090e-01,-9.999903440475463867e-01,9.999976158142089844e-01,-9.999977350234985352e-01,9.999960660934448242e-01,-9.999971985816955566e-01,-9.997981786727905273e-01,9.999983310699462891e-01,-9.999951720237731934e-01,9.999982714653015137e-01,-9.999966025352478027e-01,-9.999926090240478516e-01,-9.999949932098388672e-01,-9.999975562095642090e-01,9.999948143959045410e-01,9.999963641166687012e-01,-9.999954104423522949e-01,-9.999865293502807617e-01,-9.999917745590209961e-01,9.999685287475585938e-01,-9.999871850013732910e-01
9.999989271163940430e-01,-9.999992251396179199e-01,-9.999962449073791504e-01,9.999982118606567383e-01,9.999993443489074707e-01,-9.999992251396179199e-01,9.999965429306030273e-01,9.999994635581970215e-01,-9.999961256980895996e-01,9.999989867210388184e-01,-9.999992251396179199e-01,-9.999994039535522461e-01,9.999986290931701660e-01,9.999989867210388184e-01,9.999964833259582520e-01,9.999960064888000488e-01,9.999983310699462891e-01,-9.999985098838806152e-01,9.999948143959045410e-01,-9.999994039535522461e-01,-9.999992847442626953e-01,9.999960064888000488e-01,9.999992251396179199e-01,9.999983906745910645e-01,9.999924898147583008e-01,9.999994039535522461e-01,-9.999988079071044922e-01,-9.999993443489074707e-01,9.999940395355224609e-01,-9.999977350234985352e-01,-9.999938011169433594e-01,-9.999986886978149414e-01,9.999889731407165527e-01,9.999965429306030273e-01,-9.999988079071044922e-01,9.999781250953674316e-01,9.999993443489074707e-01,9.999990463256835938e-01,9.999903440475463867e-01,-9.999993443489074707e-01,9.999992251396179199e-01,9.999896287918090820e-01,9.999890327453613281e-01,9.999992251396179199e-01,9.999988675117492676e-01,9.999986886978149414e-01,-9.999952316284179688e-01,9.999991059303283691e-01,9.999992847442626953e-01,-9.999989867210388184e-01,-9.999993443489074707e-01,-9.999990463256835938e-01,-9.999992847442626953e-01,-9.999954700469970703e-01,-9.999990463256835938e-01,-9.999987483024597168e-01,-9.999845027923583984e-01,9.999944567680358887e-01,9.999967217445373535e-01,9.999988675117492676e-01,-9.999989867210388184e-01,9.999994039535522461e-01,9.999989867210388184e-01,9.999969601631164551e-01,-9.999960064888000488e-01,-9.999994635581970215e-01,-9.999994635581970215e-01,-9.999971389770507812e-01,-9.999994039535522461e-01,9.999989271163940430e-01,-9.999993443489074707e-01,9.999976754188537598e-01,-9.999921321868896484e-01,-9.999957680702209473e-01,-9.999895095825195312e-01,-9.999989867210388184e-01,9.999937415122985840e-01,9.999992847442626953e-01,-9.999958872795104980e-01,-9.999969005584716797e-01,9.999932646751403809e-01,9.999985694885253906e-01,-9.999992251396179199e-01,9.999988079071044922e-01,-9.999989271163940430e-01,-9.999902248382568359e-01,9.998058676719665527e-01,9.999992847442626953e-01,9.999945759773254395e-01,9.999890923500061035e-01,-9.999958872795104980e-01,9.999989271163940430e-01,-9.999905824661254883e-01,-9.999982714653015137e-01,9.999983310699462891e-01,-9.999985694885253906e-01,-9.999917149543762207e-01,9.999994039535522461e-01,-9.999993443489074707e-01,9.999982118606567383e-01,-9.999977946281433105e-01,9.999992847442626953e-01,9.999510645866394043e-01,9.999689459800720215e-01,9.999992251396179199e-01,9.999974370002746582e-01,-9.999879002571105957e-01,-9.999990463256835938e-01,-9.999958276748657227e-01,9.999990463256835938e-01,-9.999990463256835938e-01,9.999983906745910645e-01,-9.999989271163940430e-01,-9.999129772186279297e-01,9.999993443489074707e-01,-9.999979734420776367e-01,9.999993443489074707e-01,-9.999986886978149414e-01,-9.999969005584716797e-01,-9.999978542327880859e-01,-9.999990463256835938e-01,9.999977946281433105e-01,9.999985098838806152e-01,-9.999980926513671875e-01,-9.999942779541015625e-01,-9.999964237213134766e-01,9.999864101409912109e-01,-9.999945163726806641e-01
-9.999986290931701660e-01,9.999988675117492676e-01,9.999957680702209473e-01,-9.999979138374328613e-01,-9.999992251396179199e-01,9.999989867210388184e-01,-9.999959468841552734e-01,-9.999992847442626953e-01,9.999957680702209473e-01,-9.999988079071044922e-01,9.999990463256835938e-01,9.999992251396179199e-01,-9.999983310699462891e-01,-9.999987483024597168e-01,-9.999960660934448242e-01,-9.999955892562866211e-01,-9.999979138374328613e-01,9.999983906745910645e-01,-9.999941587448120117e-01,9.999992847442626953e-01,9.999991655349731445e-01,-9.999955892562866211e-01,-9.999988675117492676e-01,-9.999981522560119629e-01,-9.999915957450866699e-01,-9.999991059303283691e-01,9.999986290931701660e-01,9.999991655349731445e-01,-9.999933838844299316e-01,9.999973773956298828e-01,9.999931454658508301e-01,9.999985098838806152e-01,-9.999879002571105957e-01,-9.999961256980895996e-01,9.999985098838806152e-01,-9.999759197235107422e-01,-9.999992847442626953e-01,-9.999988079071044922e-01,-9.999893903732299805e-01,9.999991655349731445e-01,-9.999989271163940430e-01,-9.999884963035583496e-01,-9.999879002571105957e-01,-9.999990463256835938e-01,-9.999985694885253906e-01,-9.999983906745910645e-01,9.999948143959045410e-01,-9.999989271163940430e-01,-9.999990463256835938e-01,9.999988675117492676e-01,9.999991655349731445e-01,9.999989271163940430e-01,9.999991655349731445e-01,9.999949336051940918e-01,9.999989271163940430e-01,9.999983906745910645e-01,9.999828934669494629e-01,-9.999939799308776855e-01,-9.999963045120239258e-01,-9.999985694885253906e-01,9.999986290931701660e-01,-9.999991059303283691e-01,-9.999987483024597168e-01,-9.999964833259582520e-01,9.999956488609313965e-01,9.999991655349731445e-01,9.999993443489074707e-01,9.999966621398925781e-01,9.999991655349731445e-01,-9.999986290931701660e-01,9.999990463256835938e-01,-9.999973773956298828e-01,9.999912977218627930e-01,9.999952316284179688e-01,9.999884963035583496e-01,9.999987483024597168e-01,-9.999930858612060547e-01,-9.999991059303283691e-01,9.999954700469970703e-01,9.999964833259582520e-01,-9.999926090240478516e-01,-9.999983310699462891e-01,9.999991655349731445e-01,-9.999986290931701660e-01,9.999986290931701660e-01,9.999892115592956543e-01,-9.997877478599548340e-01,-9.999991655349731445e-01,-9.999939799308776855e-01,-9.999880194664001465e-01,9.999954104423522949e-01,-9.999986886978149414e-01,9.999895095825195312e-01,9.999979138374328613e-01,-9.999981522560119629e-01,9.999982714653015137e-01,9.999908804893493652e-01,-9.999992847442626953e-01,9.999991655349731445e-01,-9.999978542327880859e-01,9.999974370002746582e-01,-9.999991059303283691e-01,-9.999462962150573730e-01,-9.999659657478332520e-01,-9.999990463256835938e-01,-9.999971389770507812e-01,9.999865889549255371e-01,9.999988675117492676e-01,9.999954104423522949e-01,-9.999988675117492676e-01,9.999988675117492676e-01,-9.999980926513671875e-01,9.999986886978149414e-01,9.999048113822937012e-01,-9.999992251396179199e-01,9.999976158142089844e-01,-9.999992847442626953e-01,9.999984502792358398e-01,9.999963641166687012e-01,9.999975562095642090e-01,9.999987483024597168e-01,-9.999974966049194336e-01,-9.999982714653015137e-01,9.999977350234985352e-01,9.999936223030090332e-01,9.999959468841552734e-01,-9.999851584434509277e-01,9.999939203262329102e-01
9.999948143959045410e-01,-9.999956488609313965e-01,-9.999827742576599121e-01,9.999918937683105469e-01,9.999965429306030273e-01,-9.999959468841552734e-01,9.999845623970031738e-01,9.999970197677612305e-01,-9.999830126762390137e-01,9.999951720237731934e-01,-9.999961256980895996e-01,-9.999964833259582520e-01,9.999936223030090332e-01,9.999951720237731934e-01,9.999845623970031738e-01,9.999822378158569336e-01,9.999921321868896484e-01,-9.999934434890747070e-01,9.999765157699584961e-01,-9.999970793724060059e-01,-9.999967217445373535e-01,9.999818801879882812e-01,9.999957084655761719e-01,9.999924898147583008e-01,9.999658465385437012e-01,9.999966621398925781e-01,-9.999943971633911133e-01,-9.999963045120239258e-01,9.999731779098510742e-01,-9.999897480010986328e-01,-9.999722838401794434e-01,-9.999942779541015625e-01,9.999506473541259766e-01,9.999847412109375000e-01,-9.999939799308776855e-01,9.999015331268310547e-01,9.999968409538269043e-01,9.999954700469970703e-01,9.999566078186035156e-01,-9.999964833259582520e-01,9.999957680702209473e-01,9.999535679817199707e-01,9.999503493309020996e-01,9.999966025352478027e-01,9.999945163726806641e-01,9.999939799308776855e-01,-9.999787211418151855e-01,9.999957680702209473e-01,9.999960064888000488e-01,-9.999953508377075195e-01,-9.999963045120239258e-01,-9.999955296516418457e-01,-9.999962449073791504e-01,-9.999793171882629395e-01,-9.999955892562866211e-01,-9.999941587448120117e-01,-9.999300837516784668e-01,9.999752044677734375e-01,9.999849796295166016e-01,9.999945759773254395e-01,-9.999949932098388672e-01,9.999966621398925781e-01,9.999949932098388672e-01,9.999861717224121094e-01,-9.999823570251464844e-01,-9.999964237213134766e-01,-9.999969601631164551e-01,-9.999869465827941895e-01,-9.999967217445373535e-01,9.999948143959045410e-01,-9.999963045120239258e-01,9.999893903732299805e-01,-9.999648332595825195e-01,-9.999806284904479980e-01,-9.999530315399169922e-01,-9.999951124191284180e-01,9.999720454216003418e-01,9.999960660934448242e-01,-9.999816417694091797e-01,-9.999857544898986816e-01,9.999693632125854492e-01,9.999927878379821777e-01,-9.999963641166687012e-01,9.999944567680358887e-01,-9.999948143959045410e-01,-9.999558329582214355e-01,9.991320371627807617e-01,9.999967217445373535e-01,9.999752640724182129e-01,9.999510645866394043e-01,-9.999814629554748535e-01,9.999949932098388672e-01,-9.999573826789855957e-01,-9.999920129776000977e-01,9.999926090240478516e-01,-9.999933838844299316e-01,-9.999625682830810547e-01,9.999969005584716797e-01,-9.999961853027343750e-01,9.999915361404418945e-01,-9.999901056289672852e-01,9.999964833259582520e-01,9.997809529304504395e-01,9.998610019683837891e-01,9.999958872795104980e-01,9.999884366989135742e-01,-9.999454617500305176e-01,-9.999952912330627441e-01,-9.999814033508300781e-01,9.999954700469970703e-01,-9.999955892562866211e-01,9.999926686286926270e-01,-9.999946951866149902e-01,-9.996109604835510254e-01,9.999968409538269043e-01,-9.999908208847045898e-01,9.999968409538269043e-01,-9.999936819076538086e-01,-9.999858140945434570e-01,-9.999902844429016113e-01,-9.999953508377075195e-01,9.999901056289672852e-01,9.999931454658508301e-01,-9.999911189079284668e-01,-9.999740123748779297e-01,-9.999840259552001953e-01,9.999391436576843262e-01,-9.999755024909973145e-01
9.999991655349731445e-01,-9.999992847442626953e-01,-9.999966621398925781e-01,9.999984502792358398e-01,9.999994635581970215e-01,-9.999992847442626953e-01,9.999970197677612305e-01,9.999995231628417969e-01,-9.999967813491821289e-01,9.999991059303283691e-01,-9.999993443489074707e-01,-9.999994635581970215e-01,9.999988675117492676e-01,9.999992251396179199e-01,9.999970793724060059e-01,9.999966621398925781e-01,9.999984502792358398e-01,-9.999988079071044922e-01,9.999955296516418457e-01,-9.999994635581970215e-01,-9.999994039535522461e-01,9.999966025352478027e-01,9.999992251396179199e-01,9.999986290931701660e-01,9.999935626983642578e-01,9.999995231628417969e-01,-9.999989867210388184e-01,-9.999994039535522461e-01,9.999948740005493164e-01,-9.999981522560119629e-01,-9.999946951866149902e-01,-9.999989271163940430e-01,9.999906420707702637e-01,9.999971389770507812e-01,-9.999989867210388184e-01,9.999812245368957520e-01,9.999995231628417969e-01,9.999991655349731445e-01,9.999917149543762207e-01,-9.999995231628417969e-01,9.999993443489074707e-01,9.999911189079284668e-01,9.999905824661254883e-01,9.999994039535522461e-01,9.999989867210388184e-01,9.999988675117492676e-01,-9.999958872795104980e-01,9.999993443489074707e-01,9.999993443489074707e-01,-9.999992847442626953e-01,-9.999994039535522461e-01,-9.999992847442626953e-01,-9.999993443489074707e-01,-9.999960064888000488e-01,-9.999992847442626953e-01,-9.999988675117492676e-01,-9.999867081642150879e-01,9.999953508377075195e-01,9.999971389770507812e-01,9.999990463256835938e-01,-9.999992251396179199e-01,9.999994635581970215e-01,9.999991059303283691e-01,9.999973773956298828e-01,-9.999966621398925781e-01,-9.999995231628417969e-01,-9.999995231628417969e-01,-9.999975562095642090e-01,-9.999995231628417969e-01,9.999991655349731445e-01,-9.999995231628417969e-01,9.999980330467224121e-01,-9.999932646751403809e-01,-9.999962449073791504e-01,-9.999909996986389160e-01,-9.999991059303283691e-01,9.999946355819702148e-01,9.999994039535522461e-01,-9.999964237213134766e-01,-9.999973177909851074e-01,9.999942183494567871e-01,9.999986886978149414e-01,-9.999994039535522461e-01,9.999989867210388184e-01,-9.999990463256835938e-01,-9.999916553497314453e-01,9.998334646224975586e-01,9.999994635581970215e-01,9.999954104423522949e-01,9.999906420707702637e-01,-9.999964237213134766e-01,9.999992251396179199e-01,-9.999918341636657715e-01,-9.999985694885253906e-01,9.999985694885253906e-01,-9.999986886978149414e-01,-9.999929666519165039e-01,9.999994635581970215e-01,-9.999994039535522461e-01,9.999983906745910645e-01,-9.999980926513671875e-01,9.999994039535522461e-01,9.999580383300781250e-01,9.999733567237854004e-01,9.999993443489074707e-01,9.999977946281433105e-01,-9.999895691871643066e-01,-9.999992251396179199e-01,-9.999964833259582520e-01,9.999991655349731445e-01,-9.999992251396179199e-01,9.999986886978149414e-01,-9.999991059303283691e-01,-9.999253153800964355e-01,9.999994635581970215e-01,-9.999982118606567383e-01,9.999994039535522461e-01,-9.999988675117492676e-01,-9.999973177909851074e-01,-9.999980926513671875e-01,-9.999991655349731445e-01,9.999980926513671875e-01,9.999987483024597168e-01,-9.999982714653015137e-01,-9.999951124191284180e-01,-9.999969005584716797e-01,9.999883770942687988e-01,-9.999952912330627441e-01
-9.999943375587463379e-01,9.999952912330627441e-01,9.999809861183166504e-01,-9.999911785125732422e-01,-9.999961256980895996e-01,9.999957680702209473e-01,-9.999830126762390137e-01,-9.999967813491821289e-01,9.999812841415405273e-01,-9.999947547912597656e-01,9.999958872795104980e-01,9.999962449073791504e-01,-9.999929666519165039e-01,-9.999947547912597656e-01,-9.999830126762390137e-01,-9.999804496765136719e-01,-9.999913573265075684e-01,9.999926090240478516e-01,-9.999740123748779297e-01,9.999968409538269043e-01,9.999963641166687012e-01,-9.999800324440002441e-01,-9.999953508377075195e-01,-9.999917745590209961e-01,-9.999623298645019531e-01,-9.999964237213134766e-01,9.999939203262329102e-01,9.999960064888000488e-01,-9.999704360961914062e-01,9.999888539314270020e-01,9.999694824218750000e-01,9.999936819076538086e-01,-9.999455213546752930e-01,-9.999832510948181152e-01,9.999934434890747070e-01,-9.998912215232849121e-01,-9.999964833259582520e-01,-9.999950528144836426e-01,-9.999521970748901367e-01,9.999961256980895996e-01,-9.999954104423522949e-01,-9.999486207962036133e-01,-9.999452233314514160e-01,-9.999963641166687012e-01,-9.999940395355224609e-01,-9.999933242797851562e-01,9.999765157699584961e-01,-9.999954104423522949e-01,-9.999956488609313965e-01,9.999948740005493164e-01,9.999960064888000488e-01,9.999952316284179688e-01,9.999959468841552734e-01,9.999771714210510254e-01,9.999952316284179688e-01,9.999936223030090332e-01,9.999227523803710938e-01,-9.999726414680480957e-01,-9.999834299087524414e-01,-9.999940991401672363e-01,9.999946355819702148e-01,-9.999963045120239258e-01,-9.999946355819702148e-01,-9.999846816062927246e-01,9.999805092811584473e-01,9.999961853027343750e-01,9.999967217445373535e-01,9.999855756759643555e-01,9.999964833259582520e-01,-9.999943375587463379e-01,9.999960660934448242e-01,-9.999883174896240234e-01,9.999611377716064453e-01,9.999786615371704102e-01,9.999482035636901855e-01,9.999946951866149902e-01,-9.999691843986511230e-01,-9.999958276748657227e-01,9.999797940254211426e-01,9.999843835830688477e-01,-9.999661445617675781e-01,-9.999921321868896484e-01,9.999959468841552734e-01,-9.999939203262329102e-01,9.999943375587463379e-01,9.999512434005737305e-01,-9.990404248237609863e-01,-9.999963641166687012e-01,-9.999727606773376465e-01,-9.999459981918334961e-01,9.999796748161315918e-01,-9.999945163726806641e-01,9.999529123306274414e-01,9.999911785125732422e-01,-9.999918341636657715e-01,9.999927282333374023e-01,9.999588131904602051e-01,-9.999966025352478027e-01,9.999960064888000488e-01,-9.999907016754150391e-01,9.999891519546508789e-01,-9.999961853027343750e-01,-9.997577667236328125e-01,-9.998463392257690430e-01,-9.999955892562866211e-01,-9.999871850013732910e-01,9.999396800994873047e-01,9.999949336051940918e-01,9.999794960021972656e-01,-9.999950528144836426e-01,9.999952316284179688e-01,-9.999920129776000977e-01,9.999942183494567871e-01,9.995699524879455566e-01,-9.999966025352478027e-01,9.999898672103881836e-01,-9.999965429306030273e-01,9.999930858612060547e-01,9.999844431877136230e-01,9.999893307685852051e-01,9.999948740005493164e-01,-9.999890327453613281e-01,-9.999924302101135254e-01,9.999902248382568359e-01,9.999712705612182617e-01,9.999824166297912598e-01,-9.999328255653381348e-01,9.999728798866271973e-01
9.999985098838806152e-01,-9.999986290931701660e-01,-9.999947547912597656e-01,9.999974966049194336e-01,9.999989867210388184e-01,-9.999988079071044922e-01,9.999951720237731934e-01,9.999991059303283691e-01,-9.999947547912597656e-01,9.999985098838806152e-01,-9.999987483024597168e-01,-9.999989867210388184e-01,9.999980330467224121e-01,9.999985098838806152e-01,9.999952912330627441e-01,9.999945163726806641e-01,9.999975562095642090e-01,-9.999979138374328613e-01,9.999927282333374023e-01,-9.999991655349731445e-01,-9.999989271163940430e-01,9.999943971633911133e-01,9.999986886978149414e-01,9.999977350234985352e-01,9.999895691871643066e-01,9.999990463256835938e-01,-9.999982714653015137e-01,-9.999989271163940430e-01,9.999917149543762207e-01,-9.999967813491821289e-01,-9.999914765357971191e-01,-9.999982118606567383e-01,9.999846816062927246e-01,9.999952316284179688e-01,-9.999980926513671875e-01,9.999696612358093262e-01,9.999990463256835938e-01,9.999985694885253906e-01,9.999866485595703125e-01,-9.999990463256835938e-01,9.999987483024597168e-01,9.999856948852539062e-01,9.999846816062927246e-01,9.999989271163940430e-01,9.999983310699462891e-01,9.999982118606567383e-01,-9.999934434890747070e-01,9.999986886978149414e-01,9.999987483024597168e-01,-9.999986290931701660e-01,-9.999988675117492676e-01,-9.999986290931701660e-01,-9.999989271163940430e-01,-9.999936223030090332e-01,-9.999986290931701660e-01,-9.999982118606567383e-01,-9.999784231185913086e-01,9.999923706054687500e-01,9.999953508377075195e-01,9.999983906745910645e-01,-9.999984502792358398e-01,9.999989867210388184e-01,9.999984502792358398e-01,9.999957680702209473e-01,-9.999946355819702148e-01,-9.999989867210388184e-01,-9.999991655349731445e-01,-9.999959468841552734e-01,-9.999991059303283691e-01,9.999983906745910645e-01,-9.999989271163940430e-01,9.999967217445373535e-01,-9.999891519546508789e-01,-9.999940395355224609e-01,-9.999855160713195801e-01,-9.999985098838806152e-01,9.999914169311523438e-01,9.999988079071044922e-01,-9.999943375587463379e-01,-9.999957084655761719e-01,9.999906420707702637e-01,9.999977946281433105e-01,-9.999988675117492676e-01,9.999983906745910645e-01,-9.999983906745910645e-01,-9.999864697456359863e-01,9.997316002845764160e-01,9.999990463256835938e-01,9.999923706054687500e-01,9.999849200248718262e-01,-9.999943375587463379e-01,9.999984502792358398e-01,-9.999869465827941895e-01,-9.999974966049194336e-01,9.999976754188537598e-01,-9.999979734420776367e-01,-9.999885559082031250e-01,9.999991059303283691e-01,-9.999989271163940430e-01,9.999973773956298828e-01,-9.999969601631164551e-01,9.999989271163940430e-01,9.999322295188903809e-01,9.999570250511169434e-01,9.999987483024597168e-01,9.999963641166687012e-01,-9.999831318855285645e-01,-9.999986290931701660e-01,-9.999942779541015625e-01,9.999985694885253906e-01,-9.999986290931701660e-01,9.999977350234985352e-01,-9.999984502792358398e-01,-9.998797178268432617e-01,9.999991059303283691e-01,-9.999971389770507812e-01,9.999991059303283691e-01,-9.999980330467224121e-01,-9.999956488609313965e-01,-9.999970793724060059e-01,-9.999985098838806152e-01,9.999969005584716797e-01,9.999979138374328613e-01,-9.999971985816955566e-01,-9.999920129776000977e-01,-9.999951720237731934e-01,9.999812841415405273e-01,-9.999924302101135254e-01
-9.999987483024597168e-01,9.999988675117492676e-01,9.999958872795104980e-01,-9.999980330467224121e-01,-9.999992251396179199e-01,9.999990463256835938e-01,-9.999961256980895996e-01,-9.999993443489074707e-01,9.999958872795104980e-01,-9.999987483024597168e-01,9.999990463256835938e-01,9.999992251396179199e-01,-9.999984502792358398e-01,-9.999987483024597168e-01,-9.999962449073791504e-01,-9.999956488609313965e-01,-9.999979734420776367e-01,9.999982714653015137e-01,-9.999943375587463379e-01,9.999992847442626953e-01,9.999991655349731445e-01,-9.999956488609313965e-01,-9.999989271163940430e-01,-9.999981522560119629e-01,-9.999917745590209961e-01,-9.999992251396179199e-01,9.999986290931701660e-01,9.999991655349731445e-01,-9.999934434890747070e-01,9.999974370002746582e-01,9.999932646751403809e-01,9.999985694885253906e-01,-9.999880790710449219e-01,-9.999963045120239258e-01,9.999985098838806152e-01,-9.999763369560241699e-01,-9.999992847442626953e-01,-9.999988675117492676e-01,-9.999895095825195312e-01,9.999992251396179199e-01,-9.999989271163940430e-01,-9.999886751174926758e-01,-9.999880790710449219e-01,-9.999991655349731445e-01,-9.999986886978149414e-01,-9.999985098838806152e-01,9.999948143959045410e-01,-9.999989271163940430e-01,-9.999991059303283691e-01,9.999988675117492676e-01,9.999991655349731445e-01,9.999989271163940430e-01,9.999991655349731445e-01,9.999950528144836426e-01,9.999989271163940430e-01,9.999985098838806152e-01,9.999831318855285645e-01,-9.999940395355224609e-01,-9.999963045120239258e-01,-9.999986290931701660e-01,9.999988079071044922e-01,-9.999992251396179199e-01,-9.999988079071044922e-01,-9.999966025352478027e-01,9.999957680702209473e-01,9.999991655349731445e-01,9.999993443489074707e-01,9.999967813491821289e-01,9.999992847442626953e-01,-9.999987483024597168e-01,9.999991655349731445e-01,-9.999973177909851074e-01,9.999914765357971191e-01,9.999952912330627441e-01,9.999886155128479004e-01,9.999987483024597168e-01,-9.999932646751403809e-01,-9.999991059303283691e-01,9.999955296516418457e-01,9.999965429306030273e-01,-9.999926090240478516e-01,-9.999982118606567383e-01,9.999990463256835938e-01,-9.999986290931701660e-01,9.999987483024597168e-01,9.999893903732299805e-01,-9.997906684875488281e-01,-9.999992251396179199e-01,-9.999940395355224609e-01,-9.999882578849792480e-01,9.999954700469970703e-01,-9.999986886978149414e-01,9.999897480010986328e-01,9.999979138374328613e-01,-9.999980926513671875e-01,9.999983906745910645e-01,9.999909996986389160e-01,-9.999992847442626953e-01,9.999991655349731445e-01,-9.999979734420776367e-01,9.999974966049194336e-01,-9.999992251396179199e-01,-9.999471306800842285e-01,-9.999664425849914551e-01,-9.999990463256835938e-01,-9.999971389770507812e-01,9.999868869781494141e-01,9.999988675117492676e-01,9.999954700469970703e-01,-9.999989271163940430e-01,9.999988675117492676e-01,-9.999981522560119629e-01,9.999986886978149414e-01,9.999061226844787598e-01,-9.999992251396179199e-01,9.999976754188537598e-01,-9.999992251396179199e-01,9.999983906745910645e-01,9.999965429306030273e-01,9.999976158142089844e-01,9.999988079071044922e-01,-9.999975562095642090e-01,-9.999983310699462891e-01,9.999978542327880859e-01,9.999936223030090332e-01,9.999961256980895996e-01,-9.999852776527404785e-01,9.999939799308776855e-01
-9.999988675117492676e-01,9.999991059303283691e-01,9.999961853027343750e-01,-9.999982118606567383e-01,-9.999994039535522461e-01,9.999992251396179199e-01,-9.999964833259582520e-01,-9.999994635581970215e-01,9.999962449073791504e-01,-9.999989867210388184e-01,9.999992251396179199e-01,9.999994039535522461e-01,-9.999986290931701660e-01,-9.999989271163940430e-01,-9.999966025352478027e-01,-9.999960660934448242e-01,-9.999982714653015137e-01,9.999985694885253906e-01,-9.999949336051940918e-01,9.999994635581970215e-01,9.999993443489074707e-01,-9.999960064888000488e-01,-9.999991059303283691e-01,-9.999984502792358398e-01,-9.999926686286926270e-01,-9.999994039535522461e-01,9.999988675117492676e-01,9.999993443489074707e-01,-9.999941587448120117e-01,9.999977946281433105e-01,9.999939799308776855e-01,9.999987483024597168e-01,-9.999892711639404297e-01,-9.999966621398925781e-01,9.999987483024597168e-01,-9.999786019325256348e-01,-9.999993443489074707e-01,-9.999991655349731445e-01,-9.999905824661254883e-01,9.999993443489074707e-01,-9.999992251396179199e-01,-9.999898076057434082e-01,-9.999892115592956543e-01,-9.999992251396179199e-01,-9.999988079071044922e-01,-9.999987483024597168e-01,9.999953508377075195e-01,-9.999991655349731445e-01,-9.999991655349731445e-01,9.999990463256835938e-01,9.999993443489074707e-01,9.999991059303283691e-01,9.999993443489074707e-01,9.999955296516418457e-01,9.999992251396179199e-01,9.999987483024597168e-01,9.999848008155822754e-01,-9.999946355819702148e-01,-9.999967813491821289e-01,-9.999988079071044922e-01,9.999989271163940430e-01,-9.999994039535522461e-01,-9.999989271163940430e-01,-9.999969601631164551e-01,9.999962449073791504e-01,9.999993443489074707e-01,9.999994635581970215e-01,9.999971389770507812e-01,9.999994039535522461e-01,-9.999989271163940430e-01,9.999992251396179199e-01,-9.999977350234985352e-01,9.999923706054687500e-01,9.999957680702209473e-01,9.999898076057434082e-01,9.999989271163940430e-01,-9.999939203262329102e-01,-9.999992847442626953e-01,9.999959468841552734e-01,9.999969601631164551e-01,-9.999934434890747070e-01,-9.999985098838806152e-01,9.999992251396179199e-01,-9.999988079071044922e-01,9.999989271163940430e-01,9.999904632568359375e-01,-9.998107552528381348e-01,-9.999994039535522461e-01,-9.999946951866149902e-01,-9.999893903732299805e-01,9.999960064888000488e-01,-9.999989271163940430e-01,9.999908208847045898e-01,9.999983310699462891e-01,-9.999983906745910645e-01,9.999986290931701660e-01,9.999920129776000977e-01,-9.999994635581970215e-01,9.999993443489074707e-01,-9.999982714653015137e-01,9.999978542327880859e-01,-9.999992847442626953e-01,-9.999521970748901367e-01,-9.999697208404541016e-01,-9.999991655349731445e-01,-9.999974370002746582e-01,9.999881386756896973e-01,9.999990463256835938e-01,9.999959468841552734e-01,-9.999991655349731445e-01,9.999991059303283691e-01,-9.999983906745910645e-01,9.999988675117492676e-01,9.999151825904846191e-01,-9.999993443489074707e-01,9.999979734420776367e-01,-9.999993443489074707e-01,9.999986886978149414e-01,9.999969601631164551e-01,9.999979138374328613e-01,9.999990463256835938e-01,-9.999977946281433105e-01,-9.999985694885253906e-01,9.999980330467224121e-01,9.999943971633911133e-01,9.999966025352478027e-01,-9.999867677688598633e-01,9.999946355819702148e-01
