3.507529497146606445e-01,-1.836598478257656097e-02,1.771410405635833740e-01,-2.362188547849655151e-01,2.180767059326171875e-01,-2.546923160552978516e-01,9.247814118862152100e-02,2.762527167797088623e-01,-1.451475173234939575e-02,-5.893603712320327759e-02,-1.848811954259872437e-01,1.093751998268999159e-04,-1.726952493190765381e-01,-1.632852852344512939e-01,-1.587442457675933838e-01,4.209260642528533936e-02,6.992956623435020447e-03,-5.468660593032836914e-02,1.865928918123245239e-01,9.321548044681549072e-02,-3.462750231847167015e-03,-2.076053768396377563e-01,-2.026991397142410278e-01,1.375381350517272949e-01,-4.005724564194679260e-03,2.757906727492809296e-02,1.714551001787185669e-01,-2.497251629829406738e-01,-1.137160882353782654e-01,-1.535520516335964203e-02,-1.341311782598495483e-01,1.332219243049621582e-01,-1.635684967041015625e-01,-1.448062211275100708e-01,-6.749116815626621246e-03,1.216092109680175781e-01,-4.604648798704147339e-02,-9.666825830936431885e-02,-1.056116670370101929e-01,-1.979808062314987183e-01,7.495042681694030762e-02,5.867587774991989136e-02,-1.600866913795471191e-01,-2.864825911819934845e-02,-1.025484874844551086e-01,2.744002640247344971e-01,1.266811788082122803e-01,-4.348396137356758118e-02,8.387620002031326294e-02,5.490475893020629883e-02,-1.783888787031173706e-01,-9.982187300920486450e-02,1.504880934953689575e-01,-2.338924445211887360e-02,-1.734170131385326385e-02,3.664494305849075317e-02,4.644647985696792603e-02,-4.770870320498943329e-03,2.084959745407104492e-01,1.686602830886840820e-01,-8.541994541883468628e-02,-8.302355185151100159e-03,-5.593676585704088211e-03,1.587462425231933594e-01,2.944561094045639038e-02,3.359401971101760864e-02,-3.036286830902099609e-01,1.182136125862598419e-02,1.070402562618255615e-01,2.083822041749954224e-01,-6.715317815542221069e-02,2.580033838748931885e-01,7.992334663867950439e-02,-1.526753306388854980e-01,-1.778800040483474731e-01,8.750491775572299957e-03,1.403643051162362099e-03,-1.350301355123519897e-01,5.241959542036056519e-02,4.857315495610237122e-02,-7.121982425451278687e-02,-2.240566100226715207e-04,-4.452686384320259094e-02,-8.786461548879742622e-04,-2.145700305700302124e-01,2.325740605592727661e-01,1.094076707959175110e-01,3.055025590583682060e-04,-2.161722034215927124e-01,2.256128704175353050e-03,-1.419721841812133789e-01,2.315386831760406494e-01,2.158234566450119019e-01,-1.703160554170608521e-01,2.838704548776149750e-02,-3.585782349109649658e-01,6.744579412043094635e-03,-1.152341974375303835e-05,-2.754099480807781219e-02,1.653533279895782471e-01,-1.937891095876693726e-01,1.807910054922103882e-01,1.180883198976516724e-01,3.859001398086547852e-02,-2.171908468008041382e-01,1.544664055109024048e-01,2.264586091041564941e-01,1.942371875047683716e-01,-3.027302026748657227e-01,1.309647038578987122e-02,-1.300701647996902466e-01,2.656727433204650879e-01,1.384711265563964844e-01,-1.030287668108940125e-01,-3.676478564739227295e-02,1.258291900157928467e-01,2.174662500619888306e-01,-1.665300428867340088e-01,-1.580443792045116425e-02,-6.994882225990295410e-02,-1.796410083770751953e-01,-7.325524836778640747e-02,-1.881225034594535828e-02,2.473431676626205444e-01,1.017514616250991821e-02,1.844560503959655762e-01,7.120540831238031387e-03,-5.331798270344734192e-02
-1.836598478257656097e-02,8.782385848462581635e-03,-7.190117239952087402e-02,6.535629183053970337e-02,2.808270044624805450e-02,1.112569309771060944e-02,-1.724825613200664520e-02,2.559548057615756989e-02,4.320826008915901184e-02,4.334358498454093933e-02,9.825577028095722198e-03,-3.729765862226486206e-02,6.658938527107238770e-02,6.073261424899101257e-02,7.804277539253234863e-02,7.504955679178237915e-02,-1.347748911939561367e-03,3.054001554846763611e-02,-6.631566584110260010e-02,-4.774632304906845093e-02,-3.688161820173263550e-02,5.713251605629920959e-02,4.535486549139022827e-02,-3.048206306993961334e-02,9.038671851158142090e-03,6.032174080610275269e-02,-7.614219188690185547e-02,-1.554803270846605301e-02,6.563951820135116577e-02,-1.071242988109588623e-02,8.965453132987022400e-03,-8.403417468070983887e-02,4.776594415307044983e-02,5.386036634445190430e-02,-2.440730342641472816e-03,-8.053083717823028564e-02,4.885632917284965515e-02,6.559853255748748779e-02,-5.598371475934982300e-02,-3.327750042080879211e-02,6.129227206110954285e-02,1.578477583825588226e-02,6.496314704418182373e-02,1.927076652646064758e-02,1.833597384393215179e-02,-6.258879601955413818e-02,-7.313103973865509033e-02,-1.826730370521545410e-02,-3.626061603426933289e-03,1.876746537163853645e-03,1.382417418062686920e-02,-3.869444364681839943e-03,3.676152974367141724e-02,-3.027902683243155479e-03,-1.776587218046188354e-02,-8.183358609676361084e-02,2.288866788148880005e-02,3.718120977282524109e-03,-6.547769904136657715e-02,-6.150407344102859497e-02,4.566239658743143082e-03,1.131126919062808156e-04,2.022138563916087151e-03,1.084630284458398819e-02,1.060531102120876312e-02,-2.188217453658580780e-02,5.556204169988632202e-02,7.290931791067123413e-02,-7.502596080303192139e-02,1.692777685821056366e-02,-5.762638524174690247e-02,-2.946316264569759369e-02,-2.149785123765468597e-02,7.410816103219985962e-02,4.968949127942323685e-03,-7.234882563352584839e-02,-5.310302367433905602e-04,7.959919422864913940e-02,-3.697166591882705688e-02,-6.309018284082412720e-02,7.335225492715835571e-02,1.219117184518836439e-04,-5.618952959775924683e-02,5.353313099476508796e-06,-5.235915631055831909e-02,-7.677604258060455322e-02,2.868114039301872253e-02,1.165735418908298016e-03,6.127770990133285522e-02,5.437326431274414062e-02,-1.142653170973062515e-02,-2.026505023241043091e-02,-6.706640124320983887e-02,3.872467204928398132e-02,-6.219409033656120300e-02,2.618728205561637878e-02,4.481962695717811584e-02,-2.019142129938700236e-06,-5.564788356423377991e-02,3.429453447461128235e-02,-6.718610879033803940e-03,3.279767557978630066e-02,-8.136308938264846802e-02,-6.506901979446411133e-02,8.873589336872100830e-02,-9.727756492793560028e-03,-6.834366172552108765e-02,-7.472281903028488159e-02,-3.928082529455423355e-03,-2.723714569583535194e-03,5.261319875717163086e-02,-6.295227259397506714e-02,-7.570769637823104858e-02,9.904964827001094818e-03,7.639652490615844727e-02,-7.333304733037948608e-02,2.652191370725631714e-02,3.979347646236419678e-02,-7.338466495275497437e-02,2.910146117210388184e-02,5.048773810267448425e-02,6.179109215736389160e-02,6.328967958688735962e-02,-5.772215127944946289e-02,-3.565129637718200684e-02,-4.103070124983787537e-02,1.334858941845595837e-03,4.965401068329811096e-02
1.771410405635833740e-01,-7.190117239952087402e-02,6.777939200401306152e-01,-6.227526664733886719e-01,-2.947804629802703857e-01,-1.423102468252182007e-01,1.089015081524848938e-01,-2.980439364910125732e-01,-3.498114347457885742e-01,-4.301626682281494141e-01,-5.535005033016204834e-02,3.835752606391906738e-01,-5.638330578804016113e-01,-5.887331366539001465e-01,-7.100158333778381348e-01,-6.723693609237670898e-01,1.121863629668951035e-02,-2.503970861434936523e-01,6.232726573944091797e-01,4.889466166496276855e-01,3.091283142566680908e-01,-5.656202435493469238e-01,-4.505862891674041748e-01,2.923301160335540771e-01,-9.143470972776412964e-02,-5.341650843620300293e-01,6.946818828582763672e-01,1.406366229057312012e-01,-6.557754874229431152e-01,1.201621964573860168e-01,-5.165873095393180847e-02,7.522400021553039551e-01,-4.028294682502746582e-01,-5.917193293571472168e-01,2.929689362645149231e-02,7.149149775505065918e-01,-4.725287258625030518e-01,-6.293453574180603027e-01,5.261378288269042969e-01,3.843961954116821289e-01,-5.647880434989929199e-01,-1.528539210557937622e-01,-5.982155203819274902e-01,-1.939438879489898682e-01,-2.073245793581008911e-01,5.891660451889038086e-01,6.933664679527282715e-01,1.714742481708526611e-01,2.428427338600158691e-02,9.720903635025024414e-02,-1.097850799560546875e-01,1.260869652032852173e-01,-3.815119266510009766e-01,4.082484543323516846e-02,2.002727687358856201e-01,7.568480372428894043e-01,-2.785235047340393066e-01,-3.783300146460533142e-02,5.591244101524353027e-01,5.715917348861694336e-01,-1.999332569539546967e-02,-1.852137222886085510e-02,-1.819542050361633301e-02,-9.449521452188491821e-02,-6.576933711767196655e-02,2.072225362062454224e-01,-4.418110251426696777e-01,-6.598694324493408203e-01,6.862617135047912598e-01,-1.781131327152252197e-01,5.813049674034118652e-01,3.027125895023345947e-01,2.046673595905303955e-01,-6.933698654174804688e-01,-9.296613186597824097e-02,6.494243144989013672e-01,4.665426909923553467e-03,-7.526867985725402832e-01,3.332315981388092041e-01,6.202396154403686523e-01,-6.998174190521240234e-01,-1.257428084500133991e-03,5.752997398376464844e-01,1.427980954758822918e-03,5.012972950935363770e-01,6.831268668174743652e-01,-3.214647769927978516e-01,-1.150225754827260971e-02,-5.339165925979614258e-01,-5.604320764541625977e-01,1.208497285842895508e-01,1.156215518712997437e-01,5.896192789077758789e-01,-3.506730496883392334e-01,6.028303503990173340e-01,-1.817355155944824219e-01,-4.151389896869659424e-01,2.696116644074209034e-05,5.400356054306030273e-01,-3.429556488990783691e-01,1.932983398437500000e-01,-3.442049920558929443e-01,7.307646870613098145e-01,6.272640824317932129e-01,-7.877862453460693359e-01,5.080909468233585358e-03,5.832131505012512207e-01,6.653152704238891602e-01,4.396856203675270081e-02,2.319269254803657532e-02,-4.923022687435150146e-01,6.097230315208435059e-01,6.896240115165710449e-01,-1.947716027498245239e-01,-7.165992856025695801e-01,6.608797311782836914e-01,-2.854958772659301758e-01,-3.783435523509979248e-01,6.925693154335021973e-01,-2.870158851146697998e-01,-4.465289413928985596e-01,-5.816230177879333496e-01,-5.928832888603210449e-01,4.658980369567871094e-01,4.469216763973236084e-01,3.924101889133453369e-01,-2.454940788447856903e-02,-4.932019710540771484e-01
-2.362188547849655151e-01,6.535629183053970337e-02,-6.227526664733886719e-01,7.163349986076354980e-01,1.090275123715400696e-01,2.228263318538665771e-01,-9.162621945142745972e-02,1.148058548569679260e-01,3.523657023906707764e-01,4.047263562679290771e-01,-2.199132181704044342e-02,-3.319970071315765381e-01,4.089052677154541016e-01,6.075804233551025391e-01,6.627816557884216309e-01,4.625019431114196777e-01,-6.985216867178678513e-03,2.120855301618576050e-01,-6.640985012054443359e-01,-4.717290103435516357e-01,-4.245136082172393799e-01,5.842645168304443359e-01,4.662220478057861328e-01,-2.602821588516235352e-01,8.532549440860748291e-02,3.166803717613220215e-01,-5.643703341484069824e-01,1.225120499730110168e-01,4.854062497615814209e-01,3.902297839522361755e-02,4.376837611198425293e-02,-6.950623989105224609e-01,5.442051291465759277e-01,5.531834959983825684e-01,-1.288550160825252533e-02,-5.508350729942321777e-01,3.812283575534820557e-01,5.522127747535705566e-01,-2.584204375743865967e-01,-3.899367153644561768e-01,5.053715705871582031e-01,2.006900012493133545e-01,4.886075258255004883e-01,1.678193211555480957e-01,8.514688909053802490e-02,-4.394498169422149658e-01,-6.811518669128417969e-01,-1.654391139745712280e-01,4.776635978487320244e-05,-6.982395797967910767e-02,1.340812891721725464e-01,2.558621019124984741e-02,4.068272709846496582e-01,-4.936857149004936218e-02,-4.899881780147552490e-02,-6.088871955871582031e-01,2.835906445980072021e-01,3.211631998419761658e-02,-5.289868712425231934e-01,-6.376420259475708008e-01,-4.768866673111915588e-02,9.857133030891418457e-02,2.290849946439266205e-02,2.832864224910736084e-02,1.037734448909759521e-01,-1.897808760404586792e-01,3.887654244899749756e-01,4.856945574283599854e-01,-5.959628820419311523e-01,-6.197378411889076233e-02,-4.472200870513916016e-01,-1.340220570564270020e-01,-2.887936234474182129e-01,6.594427227973937988e-01,7.525164633989334106e-02,-5.547545552253723145e-01,-2.533761085942387581e-03,6.222558021545410156e-01,-5.007686018943786621e-01,-5.278703570365905762e-01,6.860762834548950195e-01,1.176240504719316959e-03,-4.264551699161529541e-01,1.860206713899970055e-03,-3.734721243381500244e-01,-6.172388195991516113e-01,1.047267988324165344e-01,6.879145745187997818e-03,4.376827180385589600e-01,4.745311737060546875e-01,-1.280327737331390381e-01,-2.987865209579467773e-01,-6.278352141380310059e-01,4.076705276966094971e-01,-5.874878764152526855e-01,3.058533966541290283e-01,3.167439401149749756e-01,-2.074083386105485260e-05,-3.842982649803161621e-01,2.027155458927154541e-01,-5.736057832837104797e-02,1.095810607075691223e-01,-7.158098220825195312e-01,-5.152102708816528320e-01,7.303459048271179199e-01,1.806082278490066528e-01,-7.139567136764526367e-01,-5.457816123962402344e-01,1.278872042894363403e-01,-2.987266704440116882e-02,5.546995401382446289e-01,-6.813888549804687500e-01,-6.722047328948974609e-01,3.520747721195220947e-01,5.948733091354370117e-01,-6.138066649436950684e-01,5.397957935929298401e-02,3.619378209114074707e-01,-5.845671296119689941e-01,3.483950197696685791e-01,4.086733162403106689e-01,6.038424968719482422e-01,5.654575228691101074e-01,-4.805998802185058594e-01,-4.117684066295623779e-01,-4.702200293540954590e-01,9.250408969819545746e-03,4.228045046329498291e-01
2.180767059326171875e-01,2.808270044624805450e-02,-2.947804629802703857e-01,1.090275123715400696e-01,5.260873436927795410e-01,-1.898133307695388794e-01,4.015860147774219513e-03,5.842095017433166504e-01,1.681496500968933105e-01,2.196418941020965576e-01,-7.714143395423889160e-02,-2.763959169387817383e-01,2.983111739158630371e-01,1.756384670734405518e-01,3.234865367412567139e-01,6.376867890357971191e-01,-3.440618980675935745e-03,1.376446932554244995e-01,-2.003385275602340698e-01,-2.089998573064804077e-01,-5.863224342465400696e-02,1.528409570455551147e-01,6.881172209978103638e-02,-8.503418415784835815e-02,5.662174522876739502e-02,5.373281836509704590e-01,-3.720966577529907227e-01,-5.041151642799377441e-01,4.617423117160797119e-01,-2.055695503950119019e-01,-9.578686207532882690e-02,-3.934593498706817627e-01,-2.627131529152393341e-02,2.621954083442687988e-01,-3.670658171176910400e-02,-4.707637727260589600e-01,3.165758848190307617e-01,3.627611696720123291e-01,-6.645315289497375488e-01,-3.929888010025024414e-01,4.715787768363952637e-01,9.676253795623779297e-02,2.935989797115325928e-01,1.101300641894340515e-01,1.398719102144241333e-01,-2.435225695371627808e-01,-3.299618661403656006e-01,-1.445384174585342407e-01,4.414476826786994934e-02,-4.720213636755943298e-02,-1.157243847846984863e-01,-2.930957078933715820e-01,3.371688723564147949e-01,-5.378300324082374573e-02,-2.534501850605010986e-01,-5.674158334732055664e-01,2.200154364109039307e-01,2.352955564856529236e-02,-1.693454682826995850e-01,-1.476843208074569702e-01,-1.235090754926204681e-02,-6.588891148567199707e-02,1.442041248083114624e-03,2.464709132909774780e-01,4.248160868883132935e-02,-1.083856970071792603e-01,3.038676269352436066e-02,5.572748780250549316e-01,-3.930901288986206055e-01,4.836485981941223145e-01,-5.377644300460815430e-01,-8.649323135614395142e-02,1.788158714771270752e-02,3.263132274150848389e-01,-8.319201320409774780e-02,-4.642066061496734619e-01,-3.114027669653296471e-03,4.674489200115203857e-01,-2.426462993025779724e-02,-4.224366545677185059e-01,3.953480422496795654e-01,6.216643960215151310e-04,-5.051013827323913574e-01,-3.816302865743637085e-03,-6.100454330444335938e-01,-2.666621506214141846e-01,4.495975971221923828e-01,1.092546526342630386e-02,2.031876444816589355e-01,4.170619249343872070e-01,-1.937234848737716675e-01,2.874513864517211914e-01,-1.390014886856079102e-01,1.090548373758792877e-02,-3.709978163242340088e-01,-3.044203817844390869e-01,3.252703547477722168e-01,-3.231759546906687319e-05,-4.670851826667785645e-01,4.823000729084014893e-01,-4.103124439716339111e-01,5.646021962165832520e-01,-3.670339584350585938e-01,-4.446523785591125488e-01,3.653619587421417236e-01,-1.281038764864206314e-02,-5.251543596386909485e-02,-3.533725142478942871e-01,-4.262268245220184326e-01,4.095709882676601410e-03,1.169329434633255005e-01,-7.819852232933044434e-02,-3.260228335857391357e-01,-8.614630252122879028e-02,5.208601355552673340e-01,-3.214633166790008545e-01,5.357943773269653320e-01,9.890589118003845215e-02,-5.361128449440002441e-01,6.294186413288116455e-02,1.340879946947097778e-01,2.667025923728942871e-01,3.377974629402160645e-01,-3.293303772807121277e-02,-2.907026410102844238e-01,6.682357052341103554e-04,3.400249034166336060e-02,3.073564171791076660e-01
-2.546923160552978516e-01,1.112569309771060944e-02,-1.423102468252182007e-01,2.228263318538665771e-01,-1.898133307695388794e-01,2.353712767362594604e-01,-3.315958753228187561e-02,-2.139885127544403076e-01,-2.219292335212230682e-02,4.773372411727905273e-02,9.460266679525375366e-02,5.580576136708259583e-03,8.043550699949264526e-02,1.454399228096008301e-01,1.279273033142089844e-01,-8.052856475114822388e-02,-4.337362945079803467e-03,2.177083119750022888e-02,-1.563959717750549316e-01,-9.020695835351943970e-02,-2.392561919987201691e-02,1.617544591426849365e-01,1.764314621686935425e-01,-8.431034535169601440e-02,1.929371501319110394e-03,-1.011664569377899170e-01,-1.065430566668510437e-01,2.441840022802352905e-01,7.632030546665191650e-02,2.907040342688560486e-02,9.776872396469116211e-02,-9.197708219289779663e-02,1.613683998584747314e-01,1.415960788726806641e-01,6.895633880048990250e-03,-4.573951661586761475e-02,1.226486451923847198e-02,6.088535860180854797e-02,1.346344500780105591e-01,9.045886993408203125e-02,-7.424346357583999634e-02,-1.557167060673236847e-02,1.059154346585273743e-01,2.359514683485031128e-02,5.355710163712501526e-02,-1.711432188749313354e-01,-1.181891188025474548e-01,2.664708159863948822e-02,-6.411448121070861816e-02,-5.287885665893554688e-02,1.377376019954681396e-01,6.607363373041152954e-02,-8.440491557121276855e-02,2.367335185408592224e-02,3.526864573359489441e-02,-2.280700951814651489e-02,-2.071212790906429291e-02,2.996185095980763435e-03,-1.402248144149780273e-01,-1.463884413242340088e-01,4.208522662520408630e-02,2.826783061027526855e-02,5.599222611635923386e-03,-1.361575722694396973e-01,-3.180998563766479492e-02,-1.958911307156085968e-02,1.900531351566314697e-01,-3.699518367648124695e-02,-5.796358734369277954e-02,-2.023690789937973022e-01,5.573499947786331177e-02,-1.783313751220703125e-01,-6.743688881397247314e-02,1.109254583716392517e-01,1.373016834259033203e-01,-3.204540815204381943e-03,-3.328559687361121178e-04,9.378013759851455688e-02,-8.818091452121734619e-02,-1.330515183508396149e-02,7.215748727321624756e-02,1.748214708641171455e-04,3.389204293489456177e-02,3.894698747899383307e-04,1.734275221824645996e-01,-1.596496403217315674e-01,-9.703270345926284790e-02,-1.305912621319293976e-03,1.052972599864006042e-01,-7.895230315625667572e-03,8.238671720027923584e-02,-1.920263469219207764e-01,-1.584738194942474365e-01,1.286146938800811768e-01,-2.259943448007106781e-02,2.708262503147125244e-01,5.335947498679161072e-03,7.117927452782168984e-06,4.464250057935714722e-02,-1.633370816707611084e-01,1.387980878353118896e-01,-1.844587773084640503e-01,-8.886834233999252319e-02,-1.156115811318159103e-02,1.516295522451400757e-01,2.128845779225230217e-03,-2.041290700435638428e-01,-1.004523038864135742e-01,2.605830430984497070e-01,-9.563484229147434235e-03,1.007192656397819519e-01,-2.416337281465530396e-01,-1.040578410029411316e-01,1.400469690561294556e-01,3.297109529376029968e-02,-8.978383243083953857e-02,-2.018879950046539307e-01,1.287843585014343262e-01,8.221806958317756653e-03,7.003293931484222412e-02,1.279390603303909302e-01,6.787691265344619751e-02,3.028149902820587158e-02,-1.692478805780410767e-01,-3.392102196812629700e-02,-1.608988642692565918e-01,-1.042069215327501297e-02,4.447937756776809692e-02
9.247814118862152100e-02,-1.724825613200664520e-02,1.089015081524848938e-01,-9.162621945142745972e-02,4.015860147774219513e-03,-3.315958753228187561e-02,8.730356395244598389e-02,2.655957080423831940e-02,-8.285561949014663696e-02,-4.574915766716003418e-02,-9.770341962575912476e-02,4.210369661450386047e-02,-1.619122624397277832e-01,-8.992542326450347900e-02,-1.252111047506332397e-01,-1.123933866620063782e-01,3.860522061586380005e-03,-6.927646696567535400e-02,8.739124238491058350e-02,4.776554927229881287e-02,9.947030805051326752e-03,-9.964551031589508057e-02,-7.369067519903182983e-02,7.725836336612701416e-02,-9.450315497815608978e-03,-1.159178540110588074e-01,1.343394368886947632e-01,8.663071319460868835e-03,-1.040213555097579956e-01,1.692999713122844696e-02,-5.195556953549385071e-02,1.215097829699516296e-01,-5.751584097743034363e-02,-6.460987776517868042e-02,2.933924319222569466e-03,1.528037041425704956e-01,-7.671402394771575928e-02,-9.808629751205444336e-02,8.603965491056442261e-02,-6.053523719310760498e-02,-5.358918756246566772e-02,1.551944576203823090e-02,-1.238511875271797180e-01,-2.662187442183494568e-02,-7.513613998889923096e-02,1.570181995630264282e-01,9.343939274549484253e-02,1.332500297576189041e-02,3.606234490871429443e-02,-5.938355810940265656e-03,-5.083522573113441467e-02,-2.784516662359237671e-02,2.868134714663028717e-02,1.240827958099544048e-03,3.196536004543304443e-02,1.013660877943038940e-01,3.983294009231030941e-04,-5.731468088924884796e-03,1.303544193506240845e-01,1.015124842524528503e-01,-5.864623188972473145e-02,2.791307121515274048e-02,-2.403839258477091789e-03,2.268029376864433289e-02,-1.277317479252815247e-02,3.508817404508590698e-02,-1.698325127363204956e-01,-9.887107461690902710e-02,1.242002546787261963e-01,6.392681389115750790e-04,4.493161663413047791e-02,1.108629107475280762e-01,2.906384691596031189e-02,-1.214425265789031982e-01,-4.894198849797248840e-02,7.896409183740615845e-02,1.573073444887995720e-03,-1.221232935786247253e-01,1.936001889407634735e-02,8.095769584178924561e-02,-7.326925545930862427e-02,-1.740219886414706707e-04,5.233345925807952881e-02,-6.150490953586995602e-04,9.238855913281440735e-03,1.633833944797515869e-01,-6.775879766792058945e-03,-2.184166805818676949e-03,-1.529892385005950928e-01,-5.549190938472747803e-02,-3.589074313640594482e-02,5.476821213960647583e-02,1.164470836520195007e-01,-6.445910036563873291e-02,6.405898928642272949e-02,-1.239906325936317444e-01,-6.197587400674819946e-02,-4.318493665778078139e-06,7.598950713872909546e-02,-1.606497541069984436e-02,-6.135061383247375488e-02,-2.182085067033767700e-02,1.133135706186294556e-01,8.998262882232666016e-02,-1.396424919366836548e-01,1.305510848760604858e-01,9.521549195051193237e-02,1.655076444149017334e-01,-3.674967959523200989e-02,5.073861684650182724e-03,-8.210819959640502930e-02,8.556029200553894043e-02,1.243477389216423035e-01,4.210445657372474670e-02,-9.674438834190368652e-02,1.148008629679679871e-01,-6.574969273060560226e-03,-8.794761449098587036e-02,7.652306556701660156e-02,-2.910397015511989594e-02,-1.164463013410568237e-01,-6.867338716983795166e-02,-6.336171925067901611e-02,1.442901641130447388e-01,5.986943375319242477e-03,6.646244227886199951e-02,2.231320540886372328e-04,-5.014002323150634766e-02
2.762527167797088623e-01,2.559548057615756989e-02,-2.980439364910125732e-01,1.148058548569679260e-01,5.842095017433166504e-01,-2.139885127544403076e-01,2.655957080423831940e-02,6.894216537475585938e-01,1.506528258323669434e-01,2.223692834377288818e-01,-9.604216367006301880e-02,-3.148429989814758301e-01,2.866938412189483643e-01,1.923298239707946777e-01,3.419410288333892822e-01,6.544961333274841309e-01,-1.523838611319661140e-03,1.262250691652297974e-01,-1.737417578697204590e-01,-2.169024050235748291e-01,-2.421145699918270111e-02,1.598848849534988403e-01,5.977761372923851013e-02,-8.598041534423828125e-02,6.036834791302680969e-02,5.408867597579956055e-01,-3.667113482952117920e-01,-5.555465221405029297e-01,5.031190514564514160e-01,-2.056755125522613525e-01,-1.218213289976119995e-01,-3.829102814197540283e-01,-7.890985161066055298e-02,3.052089214324951172e-01,-4.572204127907752991e-02,-4.722153246402740479e-01,3.346614241600036621e-01,3.813869655132293701e-01,-7.106271386146545410e-01,-4.642333984375000000e-01,4.835987091064453125e-01,1.132960245013237000e-01,2.939641475677490234e-01,1.224054023623466492e-01,1.873749494552612305e-01,-2.355547547340393066e-01,-3.497471511363983154e-01,-1.696447283029556274e-01,4.288772866129875183e-02,-1.055507808923721313e-01,-1.564506739377975464e-01,-3.741900622844696045e-01,3.697031736373901367e-01,-5.939208716154098511e-02,-3.021187186241149902e-01,-5.918763875961303711e-01,2.657247483730316162e-01,2.684425935149192810e-02,-1.151474192738533020e-01,-1.518472731113433838e-01,-1.706385798752307892e-02,-8.292896300554275513e-02,3.597344621084630489e-04,2.367150336503982544e-01,2.750844694674015045e-02,-1.127808839082717896e-01,-2.931061945855617523e-02,5.782226920127868652e-01,-4.046538472175598145e-01,5.373899340629577637e-01,-5.892065167427062988e-01,-1.087659448385238647e-01,4.118228703737258911e-02,3.479782342910766602e-01,-5.377772077918052673e-02,-4.692841768264770508e-01,-3.167625050991773605e-03,4.862955510616302490e-01,-2.447187714278697968e-02,-4.352648854255676270e-01,4.036673307418823242e-01,7.186447037383913994e-04,-5.630155205726623535e-01,-4.973865579813718796e-03,-6.511723995208740234e-01,-2.745663821697235107e-01,5.013562440872192383e-01,1.244181208312511444e-02,1.550941467285156250e-01,4.682758748531341553e-01,-2.282341569662094116e-01,3.928790092468261719e-01,-9.918173402547836304e-02,-2.859290502965450287e-02,-3.835232555866241455e-01,-3.807238638401031494e-01,3.606919646263122559e-01,-3.778022073674947023e-05,-5.224398374557495117e-01,5.186949968338012695e-01,-5.014960765838623047e-01,6.218866109848022461e-01,-3.750272095203399658e-01,-4.764087200164794922e-01,3.306829333305358887e-01,5.358845740556716919e-02,1.997562823817133904e-03,-3.423556387424468994e-01,-5.008292794227600098e-01,8.987274952232837677e-03,1.024173349142074585e-01,-5.771312862634658813e-02,-3.387027382850646973e-01,-6.841414421796798706e-02,5.571801662445068359e-01,-3.196963667869567871e-01,6.124232411384582520e-01,1.076957359910011292e-01,-5.708411335945129395e-01,5.317164957523345947e-02,1.284816563129425049e-01,2.693722248077392578e-01,3.611539602279663086e-01,1.971115730702877045e-02,-3.542756736278533936e-01,1.946272142231464386e-02,4.247813671827316284e-02,3.188204765319824219e-01
-1.451475173234939575e-02,4.320826008915901184e-02,-3.498114347457885742e-01,3.523657023906707764e-01,1.681496500968933105e-01,-2.219292335212230682e-02,-8.285561949014663696e-02,1.506528258323669434e-01,3.783874213695526123e-01,2.759434282779693604e-01,-5.021458491683006287e-02,-2.429644018411636353e-01,2.593739926815032959e-01,3.710356652736663818e-01,4.244319498538970947e-01,4.311436712741851807e-01,-1.251142937690019608e-03,9.514397382736206055e-02,-3.874888420104980469e-01,-2.943517565727233887e-01,-3.935302197933197021e-01,3.276746571063995361e-01,2.002733796834945679e-01,-1.461384892463684082e-01,6.603773683309555054e-02,3.539352416992187500e-01,-3.947780430316925049e-01,-4.373557120561599731e-02,2.624982297420501709e-01,3.202148526906967163e-02,-4.309386759996414185e-02,-5.554335713386535645e-01,3.000465631484985352e-01,2.873139381408691406e-01,-1.001019217073917389e-02,-4.309940338134765625e-01,2.698671221733093262e-01,3.658187687397003174e-01,-2.412841767072677612e-01,-3.171784877777099609e-01,4.564521908760070801e-01,1.536525189876556396e-01,2.659556269645690918e-01,9.468911588191986084e-02,-1.242674700915813446e-02,-2.261547595262527466e-01,-4.033052623271942139e-01,-1.176038831472396851e-01,7.582603394985198975e-02,-2.105716057121753693e-02,5.176544189453125000e-03,4.922974854707717896e-02,3.783991932868957520e-01,-6.346071511507034302e-02,-2.948188222944736481e-02,-4.528324007987976074e-01,2.005918473005294800e-01,1.956478692591190338e-02,-3.030519187450408936e-01,-3.542521297931671143e-01,-7.935960590839385986e-02,1.018754839897155762e-01,1.444711349904537201e-02,1.261573433876037598e-01,1.132136583328247070e-01,-1.285989284515380859e-01,1.729858070611953735e-01,3.891252875328063965e-01,-4.418081045150756836e-01,5.580290034413337708e-02,-3.296686112880706787e-01,6.405944377183914185e-02,-2.210623472929000854e-01,4.427721500396728516e-01,-4.828011989593505859e-02,-3.953905701637268066e-01,-1.813640352338552475e-03,4.110383987426757812e-01,-2.811416685581207275e-01,-4.264308810234069824e-01,4.757242202758789062e-01,7.510264404118061066e-04,-3.157528042793273926e-01,2.456686925143003464e-03,-3.841556906700134277e-01,-3.619050383567810059e-01,1.023727133870124817e-01,5.269883200526237488e-03,3.332546949386596680e-01,3.516719341278076172e-01,-1.124512329697608948e-01,-1.343473941087722778e-01,-3.811454176902770996e-01,2.621570825576782227e-01,-4.266017377376556396e-01,6.008217856287956238e-02,1.467881351709365845e-01,-1.551157401991076767e-05,-3.272782564163208008e-01,2.407174110412597656e-01,-9.714846312999725342e-02,2.113864868879318237e-01,-5.326777696609497070e-01,-3.752235174179077148e-01,4.941505491733551025e-01,3.554566577076911926e-02,-4.500441551208496094e-01,-3.522730171680450439e-01,-6.194465234875679016e-02,-2.252107113599777222e-02,4.487444460391998291e-01,-3.522151410579681396e-01,-4.407713711261749268e-01,1.752811670303344727e-01,3.817283213138580322e-01,-4.158582389354705811e-01,1.668755263090133667e-01,1.392127722501754761e-01,-4.346601068973541260e-01,2.249780893325805664e-01,1.707710325717926025e-01,4.172023236751556396e-01,4.119608700275421143e-01,-2.511470615863800049e-01,-2.816333472728729248e-01,-2.746286094188690186e-01,2.320525981485843658e-02,2.491175681352615356e-01
-5.893603712320327759e-02,4.334358498454093933e-02,-4.301626682281494141e-01,4.047263562679290771e-01,2.196418941020965576e-01,4.773372411727905273e-02,-4.574915766716003418e-02,2.223692834377288818e-01,2.759434282779693604e-01,3.032492697238922119e-01,-3.045444376766681671e-02,-2.648535370826721191e-01,3.199180066585540771e-01,3.942649364471435547e-01,4.719841182231903076e-01,4.834516644477844238e-01,-4.860154818743467331e-03,1.275476515293121338e-01,-4.309159219264984131e-01,-3.365828096866607666e-01,-2.935483753681182861e-01,3.596127331256866455e-01,2.678019106388092041e-01,-1.707086563110351562e-01,6.692682951688766479e-02,3.752683401107788086e-01,-4.634065330028533936e-01,-9.292770177125930786e-02,4.075610041618347168e-01,-5.619307234883308411e-02,-1.355722639709711075e-02,-5.641220211982727051e-01,2.815252244472503662e-01,3.850203752517700195e-01,-1.734246313571929932e-02,-4.849202036857604980e-01,3.080810606479644775e-01,4.176329076290130615e-01,-3.455054461956024170e-01,-3.366839885711669922e-01,4.413464069366455078e-01,1.341178119182586670e-01,3.496242165565490723e-01,1.210203468799591064e-01,6.983075290918350220e-02,-3.352971374988555908e-01,-4.667258858680725098e-01,-1.176594644784927368e-01,3.520151972770690918e-02,-6.698992103338241577e-02,3.629110753536224365e-02,-6.513341516256332397e-02,3.479215204715728760e-01,-4.505739733576774597e-02,-1.043337807059288025e-01,-5.415834784507751465e-01,2.127513289451599121e-01,2.369325049221515656e-02,-3.401518762111663818e-01,-3.665483891963958740e-01,-4.598253965377807617e-02,5.997212231159210205e-02,1.304667908698320389e-02,1.139771714806556702e-01,6.553532928228378296e-02,-1.364374458789825439e-01,2.127128839492797852e-01,4.544430375099182129e-01,-4.709969162940979004e-01,1.217367723584175110e-01,-4.104456305503845215e-01,-9.376171231269836426e-02,-1.706421971321105957e-01,4.727976024150848389e-01,5.204803775995969772e-03,-4.544510841369628906e-01,-2.389612607657909393e-03,5.098982453346252441e-01,-2.467447966337203979e-01,-4.538959264755249023e-01,5.198880434036254883e-01,8.312788559123873711e-04,-3.938141763210296631e-01,-2.218455192632973194e-04,-4.058716297149658203e-01,-4.154241085052490234e-01,2.081764936447143555e-01,6.881645880639553070e-03,3.402529656887054443e-01,3.942389488220214844e-01,-1.127846986055374146e-01,-7.865963131189346313e-02,-3.918498158454895020e-01,2.468966692686080933e-01,-4.435304403305053711e-01,5.195064470171928406e-02,2.298199832439422607e-01,-2.171328378608450294e-05,-3.665531575679779053e-01,2.616015970706939697e-01,-1.728228479623794556e-01,2.594600319862365723e-01,-5.376878976821899414e-01,-4.278805255889892578e-01,5.591722130775451660e-01,4.840551316738128662e-02,-4.319441318511962891e-01,-4.138962924480438232e-01,-6.190102547407150269e-02,-1.789437606930732727e-02,3.825587630271911621e-01,-4.090860188007354736e-01,-4.648505449295043945e-01,1.820718944072723389e-01,4.813144803047180176e-01,-4.453749060630798340e-01,2.111737877130508423e-01,2.002564668655395508e-01,-4.978265464305877686e-01,2.131615579128265381e-01,2.303377389907836914e-01,4.174487590789794922e-01,4.246603250503540039e-01,-2.572441995143890381e-01,-3.312451243400573730e-01,-2.661077380180358887e-01,2.257679961621761322e-02,3.245411515235900879e-01
-1.848811954259872437e-01,9.825577028095722198e-03,-5.535005033016204834e-02,-2.199132181704044342e-02,-7.714143395423889160e-02,9.460266679525375366e-02,-9.770341962575912476e-02,-9.604216367006301880e-02,-5.021458491683006287e-02,-3.045444376766681671e-02,2.531562149524688721e-01,2.518658153712749481e-02,2.058178037405014038e-01,1.533700991421937943e-02,5.021315068006515503e-02,4.386071115732192993e-02,-7.205533329397439957e-03,4.810560122132301331e-02,4.888164624571800232e-02,2.025126293301582336e-02,2.059118002653121948e-01,4.019866883754730225e-02,6.112576648592948914e-02,-9.311240911483764648e-02,-1.251371297985315323e-02,7.883004844188690186e-02,-1.222114041447639465e-01,-2.729521691799163818e-02,1.361094266176223755e-01,-9.257359057664871216e-02,1.302185803651809692e-01,1.131076551973819733e-02,-9.825691580772399902e-02,3.916774317622184753e-02,-7.071677129715681076e-03,-1.260538548231124878e-01,2.781710028648376465e-02,2.486174553632736206e-02,-9.912450611591339111e-02,2.643210589885711670e-01,-1.484061628580093384e-01,-1.265626996755599976e-01,1.316341459751129150e-01,1.314236596226692200e-02,2.067683339118957520e-01,-2.669074237346649170e-01,2.554011903703212738e-02,5.339935794472694397e-02,-1.145924255251884460e-01,-5.993104726076126099e-02,1.010980680584907532e-01,-4.195118322968482971e-02,-2.577382624149322510e-01,4.817330837249755859e-02,-1.036374792456626892e-01,-2.011049538850784302e-02,-1.031093224883079529e-01,2.830127021297812462e-03,-7.980696111917495728e-02,1.738845184445381165e-02,1.619843840599060059e-01,-1.007141545414924622e-01,-3.718129592016339302e-03,-1.287281364202499390e-01,-7.758430391550064087e-02,-4.215030930936336517e-03,2.350295335054397583e-01,2.531416155397891998e-02,-4.385712370276451111e-02,5.302213598042726517e-03,5.560535192489624023e-02,-3.545300960540771484e-01,6.573503464460372925e-02,2.984649874269962311e-02,1.829098463058471680e-01,5.189805105328559875e-02,-2.614576369524002075e-03,8.369890600442886353e-02,1.812520176172256470e-01,2.127183601260185242e-02,-1.028404831886291504e-01,4.061471918248571455e-05,3.430990036576986313e-03,-2.147838240489363670e-03,1.742161959409713745e-01,-1.547763794660568237e-01,2.996505051851272583e-02,2.422692021355032921e-03,1.549351960420608521e-01,-3.635529428720474243e-02,1.549182534217834473e-01,2.687963284552097321e-02,-4.948338959366083145e-03,-7.306791376322507858e-03,1.038500666618347168e-01,1.708863675594329834e-01,2.766943536698818207e-02,1.262026580661768094e-05,-3.322837129235267639e-02,-1.021410524845123291e-01,9.717850387096405029e-02,-4.636385478079319000e-03,4.506552219390869141e-02,-1.156190689653158188e-02,3.312981128692626953e-02,-3.103483021259307861e-01,1.023328006267547607e-01,-1.523100733757019043e-01,9.075342863798141479e-02,2.231152495369315147e-03,-5.748076736927032471e-02,6.075887358747422695e-04,8.520904812030494213e-04,-1.349367648363113403e-01,1.383547578006982803e-02,-1.239693164825439453e-02,-2.458844799548387527e-03,9.723820537328720093e-02,5.195895209908485413e-02,-6.884686648845672607e-02,1.280326396226882935e-01,-9.210935980081558228e-02,-7.061789184808731079e-02,-1.185555383563041687e-01,6.183504313230514526e-02,2.145359059795737267e-03,6.302667898125946522e-04,-1.555297616869211197e-02
1.093751998268999159e-04,-3.729765862226486206e-02,3.835752606391906738e-01,-3.319970071315765381e-01,-2.763959169387817383e-01,5.580576136708259583e-03,4.210369661450386047e-02,-3.148429989814758301e-01,-2.429644018411636353e-01,-2.648535370826721191e-01,2.518658153712749481e-02,2.712201178073883057e-01,-3.017663955688476562e-01,-3.448993861675262451e-01,-4.375995695590972900e-01,-5.188230276107788086e-01,3.027739003300666809e-03,-1.151135340332984924e-01,3.502830862998962402e-01,2.895723879337310791e-01,2.087997794151306152e-01,-3.155230283737182617e-01,-2.105718702077865601e-01,1.536108851432800293e-01,-6.256574392318725586e-02,-4.003050029277801514e-01,4.279832541942596436e-01,1.775967776775360107e-01,-4.252205789089202881e-01,6.641940027475357056e-02,3.864247351884841919e-02,5.155256986618041992e-01,-1.758161634206771851e-01,-3.587848246097564697e-01,2.421526797115802765e-02,4.784142673015594482e-01,-2.985349893569946289e-01,-3.966784775257110596e-01,4.298778474330902100e-01,3.383371829986572266e-01,-4.310986995697021484e-01,-1.180702373385429382e-01,-3.187130689620971680e-01,-1.158536300063133240e-01,-1.129405871033668518e-01,3.121792972087860107e-01,4.284261167049407959e-01,1.232730373740196228e-01,-2.824660576879978180e-02,9.938231855630874634e-02,1.288481429219245911e-02,1.284925937652587891e-01,-3.265627920627593994e-01,5.026395991444587708e-02,1.473171412944793701e-01,5.441285967826843262e-01,-2.218914330005645752e-01,-2.415865100920200348e-02,2.623763680458068848e-01,3.129823207855224609e-01,2.921031415462493896e-02,-2.335019968450069427e-02,-9.606321342289447784e-03,-1.088418066501617432e-01,-5.232874304056167603e-02,1.263478994369506836e-01,-1.536353975534439087e-01,-4.655950963497161865e-01,4.463573396205902100e-01,-1.928146779537200928e-01,4.309242367744445801e-01,1.076173782348632812e-01,1.222176030278205872e-01,-4.471125602722167969e-01,-2.099739760160446167e-02,4.246861040592193604e-01,2.561899600550532341e-03,-5.001871585845947266e-01,1.842885315418243408e-01,4.412193596363067627e-01,-4.763249158859252930e-01,-8.081529522314667702e-04,4.173292219638824463e-01,1.017560716718435287e-03,4.385345578193664551e-01,3.888571858406066895e-01,-2.402999848127365112e-01,-8.018547669053077698e-03,-2.885242998600006104e-01,-3.999520242214202881e-01,1.203195452690124512e-01,-3.540441766381263733e-02,3.073358237743377686e-01,-1.759512275457382202e-01,4.107677042484283447e-01,2.977203764021396637e-02,-2.343788146972656250e-01,2.285306072735693306e-05,3.963893949985504150e-01,-2.937959134578704834e-01,2.322939187288284302e-01,-3.275771439075469971e-01,4.995945692062377930e-01,4.261482954025268555e-01,-4.869841635227203369e-01,-3.952682018280029297e-02,3.106566667556762695e-01,3.933396339416503906e-01,1.461210995912551880e-01,1.134150754660367966e-02,-3.193021416664123535e-01,3.130819499492645264e-01,4.336909353733062744e-01,-1.281776130199432373e-01,-4.871166646480560303e-01,4.009332060813903809e-01,-2.910470068454742432e-01,-1.779893636703491211e-01,4.990900158882141113e-01,-1.692462116479873657e-01,-2.000828534364700317e-01,-3.673232197761535645e-01,-3.896091878414154053e-01,1.870079338550567627e-01,3.322424590587615967e-01,2.003211826086044312e-01,-2.919181808829307556e-02,-2.919179797172546387e-01
