9.999982118606567383e-01,-9.999985098838806152e-01,-9.999881386756896973e-01,9.999980926513671875e-01,9.999988675117492676e-01,-9.999985694885253906e-01,9.999955892562866211e-01,9.999989867210388184e-01,-9.999972581863403320e-01,9.999973773956298828e-01,-9.999982714653015137e-01,-9.999987483024597168e-01,9.999980926513671875e-01,9.999981522560119629e-01,9.999772906303405762e-01,9.999973773956298828e-01,9.999974966049194336e-01,-9.999986290931701660e-01,9.999926090240478516e-01,-9.999991059303283691e-01,-9.999989271163940430e-01,9.999874234199523926e-01,9.999983310699462891e-01,9.999983310699462891e-01,9.999892115592956543e-01,9.999988675117492676e-01,-9.999984502792358398e-01,-9.999988675117492676e-01,9.999803304672241211e-01,-9.999956488609313965e-01,-9.999938011169433594e-01,-9.999985098838806152e-01,9.999925494194030762e-01,9.999972581863403320e-01,-9.999967813491821289e-01,-9.999804496765136719e-01,9.999989867210388184e-01,9.999985098838806152e-01,9.999927282333374023e-01,-9.999988079071044922e-01,9.999984502792358398e-01,-9.999967217445373535e-01,9.999681711196899414e-01,9.999986886978149414e-01,9.999979734420776367e-01,9.999981522560119629e-01,-9.999492168426513672e-01,9.999982118606567383e-01,9.999986886978149414e-01,-9.999985694885253906e-01,-9.999986290931701660e-01,-9.999977350234985352e-01,-9.999986886978149414e-01,-9.999913573265075684e-01,-9.999971389770507812e-01,-9.999980926513671875e-01,-9.999969005584716797e-01,9.998484849929809570e-01,9.999976754188537598e-01,9.999983310699462891e-01,-9.999977946281433105e-01,9.999988675117492676e-01,9.999981522560119629e-01,9.999949336051940918e-01,-9.999957084655761719e-01,-9.999986290931701660e-01,-9.999989271163940430e-01,-9.999950528144836426e-01,-9.999986290931701660e-01,9.999986886978149414e-01,-9.999986886978149414e-01,9.999979138374328613e-01,9.999961256980895996e-01,-9.999920129776000977e-01,-9.999265670776367188e-01,-9.999982118606567383e-01,9.999926090240478516e-01,9.999986290931701660e-01,-9.999928474426269531e-01,-9.999967217445373535e-01,-9.999482035636901855e-01,9.999975562095642090e-01,-9.999988079071044922e-01,9.999962449073791504e-01,-9.999981522560119629e-01,-9.999861121177673340e-01,9.999896287918090820e-01,9.999988675117492676e-01,9.999206066131591797e-01,9.999957084655761719e-01,-9.999977946281433105e-01,9.999983310699462891e-01,-9.999759793281555176e-01,-9.999978542327880859e-01,9.999984502792358398e-01,-9.999978542327880859e-01,-9.999918341636657715e-01,9.999988675117492676e-01,-9.999987483024597168e-01,9.999898076057434082e-01,-9.999970197677612305e-01,9.999985694885253906e-01,-9.999739527702331543e-01,-9.999666810035705566e-01,9.999985098838806152e-01,9.999971985816955566e-01,-9.998454451560974121e-01,-9.999978542327880859e-01,-9.999940991401672363e-01,9.999983906745910645e-01,-9.999979138374328613e-01,9.999984502792358398e-01,-9.999981522560119629e-01,-9.999843239784240723e-01,9.999989271163940430e-01,-9.999982118606567383e-01,9.999988079071044922e-01,-9.999985694885253906e-01,-9.999942779541015625e-01,-9.999980330467224121e-01,-9.999987483024597168e-01,9.999958276748657227e-01,9.999984502792358398e-01,-9.999975562095642090e-01,-9.999693632125854492e-01,-9.999955296516418457e-01,9.999880194664001465e-01,-9.999971985816955566e-01
-9.999985098838806152e-01,9.999988079071044922e-01,9.999902844429016113e-01,-9.999985098838806152e-01,-9.999992251396179199e-01,9.999988675117492676e-01,-9.999964237213134766e-01,-9.999992251396179199e-01,9.999977946281433105e-01,-9.999979138374328613e-01,9.999987483024597168e-01,9.999991059303283691e-01,-9.999984502792358398e-01,-9.999985694885253906e-01,-9.999812841415405273e-01,-9.999977946281433105e-01,-9.999979734420776367e-01,9.999989271163940430e-01,-9.999939799308776855e-01,9.999992251396179199e-01,9.999992847442626953e-01,-9.999895691871643066e-01,-9.999986886978149414e-01,-9.999986886978149414e-01,-9.999912381172180176e-01,-9.999992251396179199e-01,9.999988079071044922e-01,9.999991059303283691e-01,-9.999838471412658691e-01,9.999964237213134766e-01,9.999950528144836426e-01,9.999987483024597168e-01,-9.999939799308776855e-01,-9.999977946281433105e-01,9.999974370002746582e-01,9.999839663505554199e-01,-9.999992847442626953e-01,-9.999988675117492676e-01,-9.999941587448120117e-01,9.999991059303283691e-01,-9.999988675117492676e-01,9.999973773956298828e-01,-9.999737739562988281e-01,-9.999989867210388184e-01,-9.999984502792358398e-01,-9.999984502792358398e-01,9.999580979347229004e-01,-9.999985098838806152e-01,-9.999989867210388184e-01,9.999988675117492676e-01,9.999989867210388184e-01,9.999981522560119629e-01,9.999989867210388184e-01,9.999928474426269531e-01,9.999976754188537598e-01,9.999985098838806152e-01,9.999974966049194336e-01,-9.998747706413269043e-01,-9.999981522560119629e-01,-9.999986886978149414e-01,9.999982118606567383e-01,-9.999991655349731445e-01,-9.999985694885253906e-01,-9.999958872795104980e-01,9.999964833259582520e-01,9.999990463256835938e-01,9.999992847442626953e-01,9.999959468841552734e-01,9.999989271163940430e-01,-9.999990463256835938e-01,9.999989867210388184e-01,-9.999983906745910645e-01,-9.999967813491821289e-01,9.999933838844299316e-01,9.999393224716186523e-01,9.999986290931701660e-01,-9.999939799308776855e-01,-9.999989271163940430e-01,9.999940991401672363e-01,9.999973773956298828e-01,9.999572038650512695e-01,-9.999980330467224121e-01,9.999990463256835938e-01,-9.999970197677612305e-01,9.999986290931701660e-01,9.999886155128479004e-01,-9.999915361404418945e-01,-9.999991059303283691e-01,-9.999343752861022949e-01,-9.999965429306030273e-01,9.999982118606567383e-01,-9.999986886978149414e-01,9.999802112579345703e-01,9.999983310699462891e-01,-9.999988079071044922e-01,9.999983906745910645e-01,9.999932646751403809e-01,-9.999991655349731445e-01,9.999990463256835938e-01,-9.999917149543762207e-01,9.999976754188537598e-01,-9.999989271163940430e-01,9.999784827232360840e-01,9.999724626541137695e-01,-9.999988079071044922e-01,-9.999977350234985352e-01,9.998722076416015625e-01,9.999982714653015137e-01,9.999951720237731934e-01,-9.999987483024597168e-01,9.999984502792358398e-01,-9.999988675117492676e-01,9.999985694885253906e-01,9.999870657920837402e-01,-9.999992251396179199e-01,9.999986290931701660e-01,-9.999992251396179199e-01,9.999988675117492676e-01,9.999952912330627441e-01,9.999984502792358398e-01,9.999990463256835938e-01,-9.999966025352478027e-01,-9.999988675117492676e-01,9.999980926513671875e-01,9.999746680259704590e-01,9.999963045120239258e-01,-9.999901652336120605e-01,9.999977350234985352e-01
-9.999881386756896973e-01,9.999902844429016113e-01,9.999203085899353027e-01,-9.999881982803344727e-01,-9.999925494194030762e-01,9.999913573265075684e-01,-9.999702572822570801e-01,-9.999932050704956055e-01,9.999821782112121582e-01,-9.999830126762390137e-01,9.999891519546508789e-01,9.999924898147583008e-01,-9.999873638153076172e-01,-9.999883770942687988e-01,-9.998474717140197754e-01,-9.999824166297912598e-01,-9.999839067459106445e-01,9.999908804893493652e-01,-9.999499320983886719e-01,9.999935626983642578e-01,9.999927878379821777e-01,-9.999149441719055176e-01,-9.999889135360717773e-01,-9.999896883964538574e-01,-9.999277591705322266e-01,-9.999932050704956055e-01,9.999898076057434082e-01,9.999926686286926270e-01,-9.998673796653747559e-01,9.999712109565734863e-01,9.999589920043945312e-01,9.999900460243225098e-01,-9.999498724937438965e-01,-9.999817013740539551e-01,9.999793767929077148e-01,9.998680353164672852e-01,-9.999932646751403809e-01,-9.999907016754150391e-01,-9.999514818191528320e-01,9.999924302101135254e-01,-9.999902844429016113e-01,9.999781250953674316e-01,-9.997852444648742676e-01,-9.999917149543762207e-01,-9.999868273735046387e-01,-9.999876022338867188e-01,9.996578693389892578e-01,-9.999881982803344727e-01,-9.999918341636657715e-01,9.999904036521911621e-01,9.999914765357971191e-01,9.999852180480957031e-01,9.999915957450866699e-01,9.999418258666992188e-01,9.999809861183166504e-01,9.999871850013732910e-01,9.999800920486450195e-01,-9.989796876907348633e-01,-9.999850392341613770e-01,-9.999891519546508789e-01,9.999858736991882324e-01,-9.999927282333374023e-01,-9.999883174896240234e-01,-9.999663233757019043e-01,9.999709725379943848e-01,9.999919533729553223e-01,9.999932646751403809e-01,9.999666213989257812e-01,9.999917149543762207e-01,-9.999917745590209961e-01,9.999913573265075684e-01,-9.999869465827941895e-01,-9.999741911888122559e-01,9.999458789825439453e-01,9.995056986808776855e-01,9.999881982803344727e-01,-9.999507069587707520e-01,-9.999912977218627930e-01,9.999517798423767090e-01,9.999783635139465332e-01,9.996514320373535156e-01,-9.999836683273315430e-01,9.999920725822448730e-01,-9.999752640724182129e-01,9.999883770942687988e-01,9.999070763587951660e-01,-9.999306797981262207e-01,-9.999924302101135254e-01,-9.994654655456542969e-01,-9.999713301658630371e-01,9.999856948852539062e-01,-9.999889731407165527e-01,9.998384118080139160e-01,9.999866485595703125e-01,-9.999898076057434082e-01,9.999862909317016602e-01,9.999451041221618652e-01,-9.999929070472717285e-01,9.999918937683105469e-01,-9.999316930770874023e-01,9.999803900718688965e-01,-9.999913573265075684e-01,9.998242259025573730e-01,9.997758865356445312e-01,-9.999902844429016113e-01,-9.999814033508300781e-01,9.989588260650634766e-01,9.999859929084777832e-01,9.999607205390930176e-01,-9.999900460243225098e-01,9.999871253967285156e-01,-9.999904036521911621e-01,9.999879002571105957e-01,9.998943209648132324e-01,-9.999933242797851562e-01,9.999882578849792480e-01,-9.999921917915344238e-01,9.999908804893493652e-01,9.999615550041198730e-01,9.999876022338867188e-01,9.999920725822448730e-01,-9.999719262123107910e-01,-9.999905228614807129e-01,9.999836683273315430e-01,9.997933506965637207e-01,9.999701380729675293e-01,-9.999198317527770996e-01,9.999814629554748535e-01
9.999980926513671875e-01,-9.999985098838806152e-01,-9.999881982803344727e-01,9.999982118606567383e-01,9.999989271163940430e-01,-9.999986886978149414e-01,9.999955892562866211e-01,9.999990463256835938e-01,-9.999972581863403320e-01,9.999973773956298828e-01,-9.999983906745910645e-01,-9.999988675117492676e-01,9.999980926513671875e-01,9.999982714653015137e-01,9.999774098396301270e-01,9.999973773956298828e-01,9.999974966049194336e-01,-9.999986886978149414e-01,9.999925494194030762e-01,-9.999991059303283691e-01,-9.999989271163940430e-01,9.999873042106628418e-01,9.999983906745910645e-01,9.999984502792358398e-01,9.999892711639404297e-01,9.999989271163940430e-01,-9.999985694885253906e-01,-9.999989271163940430e-01,9.999803900718688965e-01,-9.999957084655761719e-01,-9.999939203262329102e-01,-9.999985098838806152e-01,9.999925494194030762e-01,9.999971985816955566e-01,-9.999969005584716797e-01,-9.999803900718688965e-01,9.999990463256835938e-01,9.999985694885253906e-01,9.999927878379821777e-01,-9.999988675117492676e-01,9.999985098838806152e-01,-9.999967217445373535e-01,9.999682307243347168e-01,9.999986886978149414e-01,9.999980926513671875e-01,9.999981522560119629e-01,-9.999490976333618164e-01,9.999983310699462891e-01,9.999987483024597168e-01,-9.999985694885253906e-01,-9.999986886978149414e-01,-9.999976754188537598e-01,-9.999987483024597168e-01,-9.999914169311523438e-01,-9.999971389770507812e-01,-9.999981522560119629e-01,-9.999969005584716797e-01,9.998481869697570801e-01,9.999976754188537598e-01,9.999984502792358398e-01,-9.999978542327880859e-01,9.999989271163940430e-01,9.999982118606567383e-01,9.999949932098388672e-01,-9.999957680702209473e-01,-9.999988079071044922e-01,-9.999989867210388184e-01,-9.999951124191284180e-01,-9.999986886978149414e-01,9.999987483024597168e-01,-9.999987483024597168e-01,9.999979138374328613e-01,9.999961256980895996e-01,-9.999920129776000977e-01,-9.999264478683471680e-01,-9.999983310699462891e-01,9.999926686286926270e-01,9.999986886978149414e-01,-9.999929666519165039e-01,-9.999967217445373535e-01,-9.999481439590454102e-01,9.999976158142089844e-01,-9.999988675117492676e-01,9.999962449073791504e-01,-9.999982714653015137e-01,-9.999862313270568848e-01,9.999896883964538574e-01,9.999989271163940430e-01,9.999204277992248535e-01,9.999957680702209473e-01,-9.999978542327880859e-01,9.999983310699462891e-01,-9.999759793281555176e-01,-9.999979734420776367e-01,9.999984502792358398e-01,-9.999979734420776367e-01,-9.999918341636657715e-01,9.999989867210388184e-01,-9.999988079071044922e-01,9.999898672103881836e-01,-9.999970197677612305e-01,9.999986290931701660e-01,-9.999740123748779297e-01,-9.999666810035705566e-01,9.999985098838806152e-01,9.999971985816955566e-01,-9.998451471328735352e-01,-9.999979138374328613e-01,-9.999941587448120117e-01,9.999985098838806152e-01,-9.999980330467224121e-01,9.999986290931701660e-01,-9.999982714653015137e-01,-9.999842047691345215e-01,9.999990463256835938e-01,-9.999983310699462891e-01,9.999988675117492676e-01,-9.999986290931701660e-01,-9.999942779541015625e-01,-9.999981522560119629e-01,-9.999988079071044922e-01,9.999958872795104980e-01,9.999985694885253906e-01,-9.999976158142089844e-01,-9.999693036079406738e-01,-9.999954700469970703e-01,9.999880790710449219e-01,-9.999971985816955566e-01
9.999988675117492676e-01,-9.999992251396179199e-01,-9.999925494194030762e-01,9.999989271163940430e-01,9.999994039535522461e-01,-9.999992251396179199e-01,9.999972581863403320e-01,9.999994635581970215e-01,-9.999983310699462891e-01,9.999983906745910645e-01,-9.999991059303283691e-01,-9.999993443489074707e-01,9.999988675117492676e-01,9.999989867210388184e-01,9.999858736991882324e-01,9.999983310699462891e-01,9.999984502792358398e-01,-9.999992847442626953e-01,9.999954104423522949e-01,-9.999995231628417969e-01,-9.999994635581970215e-01,9.999920725822448730e-01,9.999989867210388184e-01,9.999991059303283691e-01,9.999933838844299316e-01,9.999994635581970215e-01,-9.999992251396179199e-01,-9.999995231628417969e-01,9.999877810478210449e-01,-9.999973773956298828e-01,-9.999962449073791504e-01,-9.999991059303283691e-01,9.999954104423522949e-01,9.999983310699462891e-01,-9.999980330467224121e-01,-9.999877810478210449e-01,9.999995231628417969e-01,9.999992847442626953e-01,9.999954700469970703e-01,-9.999994039535522461e-01,9.999991059303283691e-01,-9.999979734420776367e-01,9.999800920486450195e-01,9.999993443489074707e-01,9.999988079071044922e-01,9.999988079071044922e-01,-9.999681711196899414e-01,9.999989271163940430e-01,9.999993443489074707e-01,-9.999992251396179199e-01,-9.999993443489074707e-01,-9.999985694885253906e-01,-9.999992847442626953e-01,-9.999946355819702148e-01,-9.999983310699462891e-01,-9.999989271163940430e-01,-9.999980926513671875e-01,9.999046325683593750e-01,9.999986886978149414e-01,9.999991059303283691e-01,-9.999987483024597168e-01,9.999993443489074707e-01,9.999989867210388184e-01,9.999969005584716797e-01,-9.999973177909851074e-01,-9.999992847442626953e-01,-9.999994039535522461e-01,-9.999969005584716797e-01,-9.999992847442626953e-01,9.999993443489074707e-01,-9.999993443489074707e-01,9.999987483024597168e-01,9.999976158142089844e-01,-9.999950528144836426e-01,-9.999538064002990723e-01,-9.999989271163940430e-01,9.999954104423522949e-01,9.999992251396179199e-01,-9.999956488609313965e-01,-9.999979734420776367e-01,-9.999674558639526367e-01,9.999985098838806152e-01,-9.999994039535522461e-01,9.999977350234985352e-01,-9.999989867210388184e-01,-9.999913573265075684e-01,9.999936223030090332e-01,9.999994039535522461e-01,9.999499917030334473e-01,9.999973773956298828e-01,-9.999986290931701660e-01,9.999989867210388184e-01,-9.999849200248718262e-01,-9.999988079071044922e-01,9.999992251396179199e-01,-9.999988079071044922e-01,-9.999948740005493164e-01,9.999994635581970215e-01,-9.999993443489074707e-01,9.999936223030090332e-01,-9.999982714653015137e-01,9.999992251396179199e-01,-9.999836683273315430e-01,-9.999790787696838379e-01,9.999991059303283691e-01,9.999983310699462891e-01,-9.999026656150817871e-01,-9.999986886978149414e-01,-9.999963045120239258e-01,9.999991059303283691e-01,-9.999988675117492676e-01,9.999992251396179199e-01,-9.999989867210388184e-01,-9.999902248382568359e-01,9.999994635581970215e-01,-9.999989271163940430e-01,9.999994039535522461e-01,-9.999991655349731445e-01,-9.999964833259582520e-01,-9.999988675117492676e-01,-9.999994039535522461e-01,9.999974966049194336e-01,9.999991655349731445e-01,-9.999985098838806152e-01,-9.999808073043823242e-01,-9.999972581863403320e-01,9.999925494194030762e-01,-9.999983310699462891e-01
-9.999985694885253906e-01,9.999988675117492676e-01,9.999913573265075684e-01,-9.999986886978149414e-01,-9.999992251396179199e-01,9.999989867210388184e-01,-9.999966025352478027e-01,-9.999992251396179199e-01,9.999979138374328613e-01,-9.999981522560119629e-01,9.999988079071044922e-01,9.999991059303283691e-01,-9.999986290931701660e-01,-9.999986290931701660e-01,-9.999833703041076660e-01,-9.999980330467224121e-01,-9.999982118606567383e-01,9.999990463256835938e-01,-9.999945759773254395e-01,9.999992251396179199e-01,9.999991655349731445e-01,-9.999907016754150391e-01,-9.999987483024597168e-01,-9.999988079071044922e-01,-9.999921917915344238e-01,-9.999992847442626953e-01,9.999988079071044922e-01,9.999992251396179199e-01,-9.999855160713195801e-01,9.999968409538269043e-01,9.999954700469970703e-01,9.999988079071044922e-01,-9.999945759773254395e-01,-9.999979138374328613e-01,9.999976754188537598e-01,9.999857544898986816e-01,-9.999992847442626953e-01,-9.999988675117492676e-01,-9.999946355819702148e-01,9.999991059303283691e-01,-9.999988675117492676e-01,9.999974966049194336e-01,-9.999766945838928223e-01,-9.999991655349731445e-01,-9.999984502792358398e-01,-9.999985694885253906e-01,9.999628067016601562e-01,-9.999986290931701660e-01,-9.999990463256835938e-01,9.999989271163940430e-01,9.999991059303283691e-01,9.999982714653015137e-01,9.999990463256835938e-01,9.999936819076538086e-01,9.999978542327880859e-01,9.999985694885253906e-01,9.999976754188537598e-01,-9.998889565467834473e-01,-9.999982714653015137e-01,-9.999988079071044922e-01,9.999984502792358398e-01,-9.999991655349731445e-01,-9.999986290931701660e-01,-9.999961853027343750e-01,9.999967813491821289e-01,9.999990463256835938e-01,9.999992847442626953e-01,9.999963045120239258e-01,9.999990463256835938e-01,-9.999991655349731445e-01,9.999991059303283691e-01,-9.999984502792358398e-01,-9.999970793724060059e-01,9.999941587448120117e-01,9.999461174011230469e-01,9.999986886978149414e-01,-9.999945759773254395e-01,-9.999991059303283691e-01,9.999947547912597656e-01,9.999976158142089844e-01,9.999620318412780762e-01,-9.999982118606567383e-01,9.999991655349731445e-01,-9.999972581863403320e-01,9.999986886978149414e-01,9.999899268150329590e-01,-9.999924898147583008e-01,-9.999992251396179199e-01,-9.999418258666992188e-01,-9.999968409538269043e-01,9.999983310699462891e-01,-9.999987483024597168e-01,9.999824166297912598e-01,9.999984502792358398e-01,-9.999988079071044922e-01,9.999985098838806152e-01,9.999940395355224609e-01,-9.999992847442626953e-01,9.999991655349731445e-01,-9.999924898147583008e-01,9.999978542327880859e-01,-9.999989867210388184e-01,9.999808669090270996e-01,9.999755620956420898e-01,-9.999988675117492676e-01,-9.999979138374328613e-01,9.998866915702819824e-01,9.999983906745910645e-01,9.999956488609313965e-01,-9.999989271163940430e-01,9.999985694885253906e-01,-9.999989271163940430e-01,9.999986290931701660e-01,9.999884366989135742e-01,-9.999992251396179199e-01,9.999986290931701660e-01,-9.999991655349731445e-01,9.999989271163940430e-01,9.999957680702209473e-01,9.999986290931701660e-01,9.999991059303283691e-01,-9.999969005584716797e-01,-9.999988675117492676e-01,9.999982118606567383e-01,9.999774694442749023e-01,9.999967217445373535e-01,-9.999912381172180176e-01,9.999979734420776367e-01
9.999955892562866211e-01,-9.999964237213134766e-01,-9.999702572822570801e-01,9.999955892562866211e-01,9.999972581863403320e-01,-9.999966025352478027e-01,9.999887943267822266e-01,9.999974966049194336e-01,-9.999933242797851562e-01,9.999936223030090332e-01,-9.999960064888000488e-01,-9.999970793724060059e-01,9.999953508377075195e-01,9.999956488609313965e-01,9.999428391456604004e-01,9.999935030937194824e-01,9.999939799308776855e-01,-9.999965429306030273e-01,9.999813437461853027e-01,-9.999976158142089844e-01,-9.999973177909851074e-01,9.999681711196899414e-01,9.999958872795104980e-01,9.999960660934448242e-01,9.999729394912719727e-01,9.999974370002746582e-01,-9.999960660934448242e-01,-9.999972581863403320e-01,9.999502897262573242e-01,-9.999892115592956543e-01,-9.999846220016479492e-01,-9.999963045120239258e-01,9.999812841415405273e-01,9.999932050704956055e-01,-9.999922513961791992e-01,-9.999505877494812012e-01,9.999974966049194336e-01,9.999964833259582520e-01,9.999818801879882812e-01,-9.999971389770507812e-01,9.999964237213134766e-01,-9.999918937683105469e-01,9.999194741249084473e-01,9.999968409538269043e-01,9.999951124191284180e-01,9.999953508377075195e-01,-9.998718500137329102e-01,9.999955892562866211e-01,9.999970197677612305e-01,-9.999964237213134766e-01,-9.999967217445373535e-01,-9.999944567680358887e-01,-9.999968409538269043e-01,-9.999783039093017578e-01,-9.999929666519165039e-01,-9.999953508377075195e-01,-9.999925494194030762e-01,9.996171593666076660e-01,9.999943971633911133e-01,9.999959468841552734e-01,-9.999947547912597656e-01,9.999972581863403320e-01,9.999957084655761719e-01,9.999873638153076172e-01,-9.999892115592956543e-01,-9.999969601631164551e-01,-9.999974966049194336e-01,-9.999876022338867188e-01,-9.999968409538269043e-01,9.999969601631164551e-01,-9.999967813491821289e-01,9.999951124191284180e-01,9.999903440475463867e-01,-9.999798536300659180e-01,-9.998146295547485352e-01,-9.999956488609313965e-01,9.999815821647644043e-01,9.999966621398925781e-01,-9.999819993972778320e-01,-9.999919533729553223e-01,-9.998692870140075684e-01,9.999939799308776855e-01,-9.999970197677612305e-01,9.999907016754150391e-01,-9.999957084655761719e-01,-9.999651908874511719e-01,9.999740123748779297e-01,9.999971389770507812e-01,9.997994303703308105e-01,9.999892711639404297e-01,-9.999946355819702148e-01,9.999958872795104980e-01,-9.999393820762634277e-01,-9.999949932098388672e-01,9.999962449073791504e-01,-9.999949336051940918e-01,-9.999794363975524902e-01,9.999973773956298828e-01,-9.999969601631164551e-01,9.999744296073913574e-01,-9.999926090240478516e-01,9.999966025352478027e-01,-9.999340772628784180e-01,-9.999158978462219238e-01,9.999964237213134766e-01,9.999929666519165039e-01,-9.996092319488525391e-01,-9.999947547912597656e-01,-9.999852776527404785e-01,9.999962449073791504e-01,-9.999951124191284180e-01,9.999963045120239258e-01,-9.999955892562866211e-01,-9.999604225158691406e-01,9.999974370002746582e-01,-9.999956488609313965e-01,9.999970793724060059e-01,-9.999965429306030273e-01,-9.999855756759643555e-01,-9.999953508377075195e-01,-9.999970197677612305e-01,9.999895691871643066e-01,9.999963641166687012e-01,-9.999939799308776855e-01,-9.999225139617919922e-01,-9.999887943267822266e-01,9.999700784683227539e-01,-9.999930262565612793e-01
9.999989867210388184e-01,-9.999992251396179199e-01,-9.999932050704956055e-01,9.999990463256835938e-01,9.999994635581970215e-01,-9.999992251396179199e-01,9.999974966049194336e-01,9.999995231628417969e-01,-9.999984502792358398e-01,9.999985098838806152e-01,-9.999991059303283691e-01,-9.999992847442626953e-01,9.999989271163940430e-01,9.999990463256835938e-01,9.999870061874389648e-01,9.999985694885253906e-01,9.999985098838806152e-01,-9.999993443489074707e-01,9.999957680702209473e-01,-9.999994635581970215e-01,-9.999994635581970215e-01,9.999927878379821777e-01,9.999992251396179199e-01,9.999991655349731445e-01,9.999938607215881348e-01,9.999994635581970215e-01,-9.999992847442626953e-01,-9.999994635581970215e-01,9.999887943267822266e-01,-9.999974966049194336e-01,-9.999964237213134766e-01,-9.999992847442626953e-01,9.999957084655761719e-01,9.999983906745910645e-01,-9.999982118606567383e-01,-9.999888539314270020e-01,9.999995231628417969e-01,9.999991655349731445e-01,9.999958872795104980e-01,-9.999994039535522461e-01,9.999992251396179199e-01,-9.999980926513671875e-01,9.999817609786987305e-01,9.999994039535522461e-01,9.999988675117492676e-01,9.999989271163940430e-01,-9.999709725379943848e-01,9.999989867210388184e-01,9.999993443489074707e-01,-9.999992847442626953e-01,-9.999992847442626953e-01,-9.999986290931701660e-01,-9.999993443489074707e-01,-9.999951124191284180e-01,-9.999983310699462891e-01,-9.999989271163940430e-01,-9.999982714653015137e-01,9.999129176139831543e-01,9.999986886978149414e-01,9.999992251396179199e-01,-9.999987483024597168e-01,9.999994039535522461e-01,9.999990463256835938e-01,9.999970793724060059e-01,-9.999975562095642090e-01,-9.999993443489074707e-01,-9.999995231628417969e-01,-9.999971389770507812e-01,-9.999992251396179199e-01,9.999994039535522461e-01,-9.999994039535522461e-01,9.999988675117492676e-01,9.999977946281433105e-01,-9.999954104423522949e-01,-9.999577999114990234e-01,-9.999990463256835938e-01,9.999958276748657227e-01,9.999992847442626953e-01,-9.999959468841552734e-01,-9.999980926513671875e-01,-9.999704360961914062e-01,9.999986886978149414e-01,-9.999994039535522461e-01,9.999978542327880859e-01,-9.999990463256835938e-01,-9.999920725822448730e-01,9.999940991401672363e-01,9.999994039535522461e-01,9.999544024467468262e-01,9.999974966049194336e-01,-9.999987483024597168e-01,9.999992251396179199e-01,-9.999862313270568848e-01,-9.999988675117492676e-01,9.999991655349731445e-01,-9.999988675117492676e-01,-9.999953508377075195e-01,9.999995231628417969e-01,-9.999994039535522461e-01,9.999941587448120117e-01,-9.999983906745910645e-01,9.999992847442626953e-01,-9.999850392341613770e-01,-9.999809265136718750e-01,9.999992847442626953e-01,9.999984502792358398e-01,-9.999111294746398926e-01,-9.999988079071044922e-01,-9.999966025352478027e-01,9.999991655349731445e-01,-9.999988675117492676e-01,9.999992847442626953e-01,-9.999990463256835938e-01,-9.999909996986389160e-01,9.999994635581970215e-01,-9.999990463256835938e-01,9.999993443489074707e-01,-9.999992847442626953e-01,-9.999966621398925781e-01,-9.999989271163940430e-01,-9.999993443489074707e-01,9.999976158142089844e-01,9.999992251396179199e-01,-9.999985694885253906e-01,-9.999824762344360352e-01,-9.999974370002746582e-01,9.999932050704956055e-01,-9.999985098838806152e-01
-9.999972581863403320e-01,9.999977946281433105e-01,9.999821782112121582e-01,-9.999972581863403320e-01,-9.999983310699462891e-01,9.999979138374328613e-01,-9.999933242797851562e-01,-9.999984502792358398e-01,9.999960064888000488e-01,-9.999961256980895996e-01,9.999975562095642090e-01,9.999982118606567383e-01,-9.999971389770507812e-01,-9.999972581863403320e-01,-9.999657869338989258e-01,-9.999958872795104980e-01,-9.999962449073791504e-01,9.999979138374328613e-01,-9.999887347221374512e-01,9.999985098838806152e-01,9.999983906745910645e-01,-9.999809861183166504e-01,-9.999974370002746582e-01,-9.999976754188537598e-01,-9.999838471412658691e-01,-9.999983906745910645e-01,9.999976754188537598e-01,9.999983310699462891e-01,-9.999703168869018555e-01,9.999935626983642578e-01,9.999907612800598145e-01,9.999977350234985352e-01,-9.999886751174926758e-01,-9.999958276748657227e-01,9.999952912330627441e-01,9.999704360961914062e-01,-9.999984502792358398e-01,-9.999977946281433105e-01,-9.999891519546508789e-01,9.999982714653015137e-01,-9.999977350234985352e-01,9.999951124191284180e-01,-9.999518394470214844e-01,-9.999979734420776367e-01,-9.999969601631164551e-01,-9.999971985816955566e-01,9.999232888221740723e-01,-9.999973177909851074e-01,-9.999981522560119629e-01,9.999977946281433105e-01,9.999979138374328613e-01,9.999965429306030273e-01,9.999980926513671875e-01,9.999870061874389648e-01,9.999957680702209473e-01,9.999970793724060059e-01,9.999954700469970703e-01,-9.997711777687072754e-01,-9.999964833259582520e-01,-9.999974966049194336e-01,9.999966621398925781e-01,-9.999982714653015137e-01,-9.999973177909851074e-01,-9.999924302101135254e-01,9.999935030937194824e-01,9.999980926513671875e-01,9.999983906745910645e-01,9.999924302101135254e-01,9.999981522560119629e-01,-9.999980926513671875e-01,9.999980330467224121e-01,-9.999970197677612305e-01,-9.999942183494567871e-01,9.999879002571105957e-01,9.998890161514282227e-01,9.999973177909851074e-01,-9.999889731407165527e-01,-9.999979138374328613e-01,9.999892115592956543e-01,9.999951124191284180e-01,9.999217987060546875e-01,-9.999963045120239258e-01,9.999982118606567383e-01,-9.999944567680358887e-01,9.999973773956298828e-01,9.999791383743286133e-01,-9.999844431877136230e-01,-9.999982714653015137e-01,-9.998801350593566895e-01,-9.999935030937194824e-01,9.999967217445373535e-01,-9.999974966049194336e-01,9.999637603759765625e-01,9.999969601631164551e-01,-9.999976158142089844e-01,9.999969005584716797e-01,9.999877214431762695e-01,-9.999983906745910645e-01,9.999981522560119629e-01,-9.999847412109375000e-01,9.999956488609313965e-01,-9.999979138374328613e-01,9.999606013298034668e-01,9.999496340751647949e-01,-9.999977350234985352e-01,-9.999958276748657227e-01,9.997664690017700195e-01,9.999967217445373535e-01,9.999911785125732422e-01,-9.999976754188537598e-01,9.999970197677612305e-01,-9.999977946281433105e-01,9.999972581863403320e-01,9.999762773513793945e-01,-9.999983906745910645e-01,9.999973177909851074e-01,-9.999982118606567383e-01,9.999978542327880859e-01,9.999914169311523438e-01,9.999970793724060059e-01,9.999982118606567383e-01,-9.999938011169433594e-01,-9.999978542327880859e-01,9.999963045120239258e-01,9.999535679817199707e-01,9.999933242797851562e-01,-9.999819993972778320e-01,9.999958276748657227e-01
9.999973773956298828e-01,-9.999979138374328613e-01,-9.999830126762390137e-01,9.999973773956298828e-01,9.999983906745910645e-01,-9.999981522560119629e-01,9.999936223030090332e-01,9.999985098838806152e-01,-9.999961256980895996e-01,9.999963045120239258e-01,-9.999976754188537598e-01,-9.999982714653015137e-01,9.999972581863403320e-01,9.999973773956298828e-01,9.999674558639526367e-01,9.999961853027343750e-01,9.999964237213134766e-01,-9.999980330467224121e-01,9.999892711639404297e-01,-9.999986290931701660e-01,-9.999984502792358398e-01,9.999818205833435059e-01,9.999976754188537598e-01,9.999976754188537598e-01,9.999846220016479492e-01,9.999985098838806152e-01,-9.999977946281433105e-01,-9.999983906745910645e-01,9.999717473983764648e-01,-9.999938011169433594e-01,-9.999911785125732422e-01,-9.999978542327880859e-01,9.999893307685852051e-01,9.999960064888000488e-01,-9.999955296516418457e-01,-9.999719858169555664e-01,9.999985098838806152e-01,9.999979734420776367e-01,9.999895691871643066e-01,-9.999983906745910645e-01,9.999978542327880859e-01,-9.999953508377075195e-01,9.999541044235229492e-01,9.999982118606567383e-01,9.999971389770507812e-01,9.999972581863403320e-01,-9.999269843101501465e-01,9.999974370002746582e-01,9.999982118606567383e-01,-9.999979138374328613e-01,-9.999981522560119629e-01,-9.999967217445373535e-01,-9.999982118606567383e-01,-9.999876022338867188e-01,-9.999959468841552734e-01,-9.999971985816955566e-01,-9.999957084655761719e-01,9.997821450233459473e-01,9.999967813491821289e-01,9.999976754188537598e-01,-9.999969005584716797e-01,9.999983310699462891e-01,9.999974966049194336e-01,9.999927282333374023e-01,-9.999938011169433594e-01,-9.999982714653015137e-01,-9.999984502792358398e-01,-9.999929070472717285e-01,-9.999980926513671875e-01,9.999982118606567383e-01,-9.999980926513671875e-01,9.999970793724060059e-01,9.999945163726806641e-01,-9.999884963035583496e-01,-9.998944997787475586e-01,-9.999974966049194336e-01,9.999894499778747559e-01,9.999980926513671875e-01,-9.999897480010986328e-01,-9.999954104423522949e-01,-9.999256134033203125e-01,9.999964833259582520e-01,-9.999982714653015137e-01,9.999946951866149902e-01,-9.999974966049194336e-01,-9.999801516532897949e-01,9.999852180480957031e-01,9.999983310699462891e-01,9.998857975006103516e-01,9.999938607215881348e-01,-9.999968409538269043e-01,9.999976158142089844e-01,-9.999654293060302734e-01,-9.999970793724060059e-01,9.999977946281433105e-01,-9.999970197677612305e-01,-9.999883174896240234e-01,9.999984502792358398e-01,-9.999982118606567383e-01,9.999854564666748047e-01,-9.999958276748657227e-01,9.999980330467224121e-01,-9.999624490737915039e-01,-9.999521374702453613e-01,9.999979138374328613e-01,9.999959468841552734e-01,-9.997777342796325684e-01,-9.999969005584716797e-01,-9.999915957450866699e-01,9.999978542327880859e-01,-9.999971985816955566e-01,9.999979734420776367e-01,-9.999973773956298828e-01,-9.999774694442749023e-01,9.999985694885253906e-01,-9.999974370002746582e-01,9.999983310699462891e-01,-9.999980330467224121e-01,-9.999917745590209961e-01,-9.999972581863403320e-01,-9.999982118606567383e-01,9.999940991401672363e-01,9.999979138374328613e-01,-9.999965429306030273e-01,-9.999558925628662109e-01,-9.999935626983642578e-01,9.999829530715942383e-01,-9.999960064888000488e-01
-9.999982714653015137e-01,9.999987483024597168e-01,9.999891519546508789e-01,-9.999983906745910645e-01,-9.999991059303283691e-01,9.999988079071044922e-01,-9.999960064888000488e-01,-9.999991059303283691e-01,9.999975562095642090e-01,-9.999976754188537598e-01,9.999985098838806152e-01,9.999988675117492676e-01,-9.999983310699462891e-01,-9.999982714653015137e-01,-9.999791979789733887e-01,-9.999976158142089844e-01,-9.999977350234985352e-01,9.999987483024597168e-01,-9.999932050704956055e-01,9.999991655349731445e-01,9.999991655349731445e-01,-9.999884366989135742e-01,-9.999984502792358398e-01,-9.999985694885253906e-01,-9.999901652336120605e-01,-9.999989867210388184e-01,9.999985694885253906e-01,9.999990463256835938e-01,-9.999819397926330566e-01,9.999958872795104980e-01,9.999943971633911133e-01,9.999986290931701660e-01,-9.999931454658508301e-01,-9.999974370002746582e-01,9.999970793724060059e-01,9.999820590019226074e-01,-9.999992251396179199e-01,-9.999986886978149414e-01,-9.999933838844299316e-01,9.999989271163940430e-01,-9.999986290931701660e-01,9.999969601631164551e-01,-9.999707341194152832e-01,-9.999988675117492676e-01,-9.999981522560119629e-01,-9.999982714653015137e-01,9.999533295631408691e-01,-9.999983310699462891e-01,-9.999988675117492676e-01,9.999987483024597168e-01,9.999988079071044922e-01,9.999979138374328613e-01,9.999987483024597168e-01,9.999920725822448730e-01,9.999973773956298828e-01,9.999983310699462891e-01,9.999972581863403320e-01,-9.998607039451599121e-01,-9.999979138374328613e-01,-9.999985694885253906e-01,9.999980330467224121e-01,-9.999990463256835938e-01,-9.999983906745910645e-01,-9.999954104423522949e-01,9.999960064888000488e-01,9.999988079071044922e-01,9.999991059303283691e-01,9.999955296516418457e-01,9.999988079071044922e-01,-9.999989271163940430e-01,9.999988675117492676e-01,-9.999980926513671875e-01,-9.999964237213134766e-01,9.999926090240478516e-01,9.999325275421142578e-01,9.999984502792358398e-01,-9.999932646751403809e-01,-9.999988079071044922e-01,9.999934434890747070e-01,9.999969601631164551e-01,9.999524354934692383e-01,-9.999977350234985352e-01,9.999989867210388184e-01,-9.999966025352478027e-01,9.999983906745910645e-01,9.999873638153076172e-01,-9.999906420707702637e-01,-9.999989271163940430e-01,-9.999270439147949219e-01,-9.999958872795104980e-01,9.999980330467224121e-01,-9.999984502792358398e-01,9.999778866767883301e-01,9.999981522560119629e-01,-9.999985694885253906e-01,9.999980926513671875e-01,9.999925494194030762e-01,-9.999990463256835938e-01,9.999988675117492676e-01,-9.999907016754150391e-01,9.999973773956298828e-01,-9.999988079071044922e-01,9.999760389328002930e-01,9.999694824218750000e-01,-9.999986290931701660e-01,-9.999974966049194336e-01,9.998579025268554688e-01,9.999980926513671875e-01,9.999945759773254395e-01,-9.999986290931701660e-01,9.999982118606567383e-01,-9.999986886978149414e-01,9.999983310699462891e-01,9.999856352806091309e-01,-9.999991059303283691e-01,9.999983906745910645e-01,-9.999989271163940430e-01,9.999986886978149414e-01,9.999947547912597656e-01,9.999982714653015137e-01,9.999989271163940430e-01,-9.999961256980895996e-01,-9.999986886978149414e-01,9.999977946281433105e-01,9.999718666076660156e-01,9.999959468841552734e-01,-9.999890923500061035e-01,9.999974966049194336e-01
-9.999987483024597168e-01,9.999991059303283691e-01,9.999924898147583008e-01,-9.999988675117492676e-01,-9.999993443489074707e-01,9.999991059303283691e-01,-9.999970793724060059e-01,-9.999992847442626953e-01,9.999982118606567383e-01,-9.999982714653015137e-01,9.999988675117492676e-01,9.999992251396179199e-01,-9.999988079071044922e-01,-9.999988079071044922e-01,-9.999855756759643555e-01,-9.999982118606567383e-01,-9.999983906745910645e-01,9.999991655349731445e-01,-9.999952316284179688e-01,9.999994039535522461e-01,9.999993443489074707e-01,-9.999918937683105469e-01,-9.999989271163940430e-01,-9.999989271163940430e-01,-9.999930858612060547e-01,-9.999992847442626953e-01,9.999990463256835938e-01,9.999993443489074707e-01,-9.999874830245971680e-01,9.999971389770507812e-01,9.999959468841552734e-01,9.999989867210388184e-01,-9.999951720237731934e-01,-9.999982118606567383e-01,9.999979138374328613e-01,9.999875426292419434e-01,-9.999992847442626953e-01,-9.999990463256835938e-01,-9.999953508377075195e-01,9.999992251396179199e-01,-9.999991059303283691e-01,9.999979138374328613e-01,-9.999796748161315918e-01,-9.999991655349731445e-01,-9.999987483024597168e-01,-9.999987483024597168e-01,9.999676346778869629e-01,-9.999988079071044922e-01,-9.999991655349731445e-01,9.999991059303283691e-01,9.999992251396179199e-01,9.999983906745910645e-01,9.999991655349731445e-01,9.999945163726806641e-01,9.999981522560119629e-01,9.999987483024597168e-01,9.999979734420776367e-01,-9.999032616615295410e-01,-9.999985694885253906e-01,-9.999988675117492676e-01,9.999985694885253906e-01,-9.999992847442626953e-01,-9.999988079071044922e-01,-9.999966621398925781e-01,9.999971985816955566e-01,9.999991655349731445e-01,9.999992847442626953e-01,9.999967813491821289e-01,9.999991655349731445e-01,-9.999991655349731445e-01,9.999992251396179199e-01,-9.999986886978149414e-01,-9.999974370002746582e-01,9.999948740005493164e-01,9.999530911445617676e-01,9.999988675117492676e-01,-9.999952912330627441e-01,-9.999991059303283691e-01,9.999954700469970703e-01,9.999978542327880859e-01,9.999669194221496582e-01,-9.999983310699462891e-01,9.999992847442626953e-01,-9.999975562095642090e-01,9.999988079071044922e-01,9.999910593032836914e-01,-9.999934434890747070e-01,-9.999992847442626953e-01,-9.999492764472961426e-01,-9.999971389770507812e-01,9.999985694885253906e-01,-9.999989271163940430e-01,9.999846220016479492e-01,9.999986290931701660e-01,-9.999989867210388184e-01,9.999986290931701660e-01,9.999948143959045410e-01,-9.999993443489074707e-01,9.999992847442626953e-01,-9.999935626983642578e-01,9.999980926513671875e-01,-9.999991059303283691e-01,9.999833703041076660e-01,9.999787211418151855e-01,-9.999991059303283691e-01,-9.999980926513671875e-01,9.999012351036071777e-01,9.999985694885253906e-01,9.999962449073791504e-01,-9.999989867210388184e-01,9.999987483024597168e-01,-9.999989867210388184e-01,9.999988079071044922e-01,9.999899268150329590e-01,-9.999993443489074707e-01,9.999988675117492676e-01,-9.999992847442626953e-01,9.999990463256835938e-01,9.999961853027343750e-01,9.999987483024597168e-01,9.999992251396179199e-01,-9.999973177909851074e-01,-9.999990463256835938e-01,9.999983310699462891e-01,9.999803900718688965e-01,9.999971389770507812e-01,-9.999923110008239746e-01,9.999982118606567383e-01
