9.999982714653015137e-01,-9.999985694885253906e-01,-9.999942183494567871e-01,9.999973177909851074e-01,9.999988079071044922e-01,-9.999987483024597168e-01,9.999948143959045410e-01,9.999990463256835938e-01,-9.999943971633911133e-01,9.999983906745910645e-01,-9.999986886978149414e-01,-9.999988079071044922e-01,9.999977946281433105e-01,9.999983906745910645e-01,9.999946355819702148e-01,9.999940991401672363e-01,9.999973177909851074e-01,-9.999977350234985352e-01,9.999921321868896484e-01,-9.999989867210388184e-01,-9.999988079071044922e-01,9.999939799308776855e-01,9.999985098838806152e-01,9.999974966049194336e-01,9.999884963035583496e-01,9.999988079071044922e-01,-9.999981522560119629e-01,-9.999988079071044922e-01,9.999909996986389160e-01,-9.999964833259582520e-01,-9.999908208847045898e-01,-9.999979734420776367e-01,9.999836683273315430e-01,9.999949932098388672e-01,-9.999979734420776367e-01,9.999673962593078613e-01,9.999989271163940430e-01,9.999984502792358398e-01,9.999858140945434570e-01,-9.999988079071044922e-01,9.999985098838806152e-01,9.999833703041076660e-01,9.999834299087524414e-01,9.999988675117492676e-01,9.999981522560119629e-01,9.999979734420776367e-01,-9.999928474426269531e-01,9.999985098838806152e-01,9.999985694885253906e-01,-9.999984502792358398e-01,-9.999986886978149414e-01,-9.999985098838806152e-01,-9.999988079071044922e-01,-9.999930858612060547e-01,-9.999985098838806152e-01,-9.999979138374328613e-01,-9.999773502349853516e-01,9.999914765357971191e-01,9.999949932098388672e-01,9.999980926513671875e-01,-9.999983310699462891e-01,9.999988079071044922e-01,9.999983310699462891e-01,9.999953508377075195e-01,-9.999940991401672363e-01,-9.999988675117492676e-01,-9.999990463256835938e-01,-9.999955892562866211e-01,-9.999988675117492676e-01,9.999982714653015137e-01,-9.999986886978149414e-01,9.999964833259582520e-01,-9.999877810478210449e-01,-9.999935626983642578e-01,-9.999841451644897461e-01,-9.999983906745910645e-01,9.999908208847045898e-01,9.999986290931701660e-01,-9.999939203262329102e-01,-9.999952316284179688e-01,9.999895691871643066e-01,9.999974966049194336e-01,-9.999988079071044922e-01,9.999981522560119629e-01,-9.999982714653015137e-01,-9.999854564666748047e-01,9.997611641883850098e-01,9.999988675117492676e-01,9.999917149543762207e-01,9.999828934669494629e-01,-9.999938011169433594e-01,9.999983310699462891e-01,-9.999857544898986816e-01,-9.999971985816955566e-01,9.999974370002746582e-01,-9.999976754188537598e-01,-9.999876022338867188e-01,9.999989867210388184e-01,-9.999986886978149414e-01,9.999970197677612305e-01,-9.999966621398925781e-01,9.999988675117492676e-01,9.999241232872009277e-01,9.999533891677856445e-01,9.999985694885253906e-01,9.999961256980895996e-01,-9.999819397926330566e-01,-9.999983906745910645e-01,-9.999936819076538086e-01,9.999984502792358398e-01,-9.999985098838806152e-01,9.999975562095642090e-01,-9.999982118606567383e-01,-9.998694658279418945e-01,9.999989271163940430e-01,-9.999969005584716797e-01,9.999988675117492676e-01,-9.999979138374328613e-01,-9.999952316284179688e-01,-9.999967217445373535e-01,-9.999984502792358398e-01,9.999966621398925781e-01,9.999976754188537598e-01,-9.999970197677612305e-01,-9.999912977218627930e-01,-9.999946355819702148e-01,9.999807476997375488e-01,-9.999918937683105469e-01
-9.999985694885253906e-01,9.999988675117492676e-01,9.999951720237731934e-01,-9.999977946281433105e-01,-9.999992251396179199e-01,9.999989867210388184e-01,-9.999957680702209473e-01,-9.999992251396179199e-01,9.999954104423522949e-01,-9.999987483024597168e-01,9.999989271163940430e-01,9.999991059303283691e-01,-9.999983310699462891e-01,-9.999987483024597168e-01,-9.999956488609313965e-01,-9.999951124191284180e-01,-9.999977946281433105e-01,9.999981522560119629e-01,-9.999935626983642578e-01,9.999993443489074707e-01,9.999991655349731445e-01,-9.999950528144836426e-01,-9.999988079071044922e-01,-9.999979734420776367e-01,-9.999904632568359375e-01,-9.999991059303283691e-01,9.999985098838806152e-01,9.999990463256835938e-01,-9.999926090240478516e-01,9.999970793724060059e-01,9.999924302101135254e-01,9.999983906745910645e-01,-9.999864697456359863e-01,-9.999958872795104980e-01,9.999983906745910645e-01,-9.999729394912719727e-01,-9.999991655349731445e-01,-9.999988079071044922e-01,-9.999881982803344727e-01,9.999990463256835938e-01,-9.999988675117492676e-01,-9.999862313270568848e-01,-9.999862909317016602e-01,-9.999992251396179199e-01,-9.999984502792358398e-01,-9.999983906745910645e-01,9.999939203262329102e-01,-9.999988079071044922e-01,-9.999989271163940430e-01,9.999987483024597168e-01,9.999989867210388184e-01,9.999988079071044922e-01,9.999991059303283691e-01,9.999943971633911133e-01,9.999987483024597168e-01,9.999984502792358398e-01,9.999812245368957520e-01,-9.999929070472717285e-01,-9.999959468841552734e-01,-9.999985098838806152e-01,9.999986886978149414e-01,-9.999991059303283691e-01,-9.999986290931701660e-01,-9.999961853027343750e-01,9.999952316284179688e-01,9.999990463256835938e-01,9.999992251396179199e-01,9.999963045120239258e-01,9.999991655349731445e-01,-9.999986290931701660e-01,9.999989867210388184e-01,-9.999970793724060059e-01,9.999899864196777344e-01,9.999946951866149902e-01,9.999868869781494141e-01,9.999986886978149414e-01,-9.999923706054687500e-01,-9.999989271163940430e-01,9.999949932098388672e-01,9.999960064888000488e-01,-9.999914169311523438e-01,-9.999980330467224121e-01,9.999991059303283691e-01,-9.999985098838806152e-01,9.999986290931701660e-01,9.999878406524658203e-01,-9.998009204864501953e-01,-9.999991059303283691e-01,-9.999932050704956055e-01,-9.999858140945434570e-01,9.999949336051940918e-01,-9.999986886978149414e-01,9.999881386756896973e-01,9.999977946281433105e-01,-9.999979138374328613e-01,9.999980926513671875e-01,9.999896287918090820e-01,-9.999991655349731445e-01,9.999989867210388184e-01,-9.999976754188537598e-01,9.999972581863403320e-01,-9.999992251396179199e-01,-9.999368786811828613e-01,-9.999611377716064453e-01,-9.999988675117492676e-01,-9.999967813491821289e-01,9.999849796295166016e-01,9.999987483024597168e-01,9.999948143959045410e-01,-9.999988079071044922e-01,9.999988675117492676e-01,-9.999980330467224121e-01,9.999985694885253906e-01,9.998911619186401367e-01,-9.999992251396179199e-01,9.999974370002746582e-01,-9.999992847442626953e-01,9.999982118606567383e-01,9.999961256980895996e-01,9.999973177909851074e-01,9.999988079071044922e-01,-9.999972581863403320e-01,-9.999982118606567383e-01,9.999974966049194336e-01,9.999927878379821777e-01,9.999956488609313965e-01,-9.999840259552001953e-01,9.999932646751403809e-01
-9.999942183494567871e-01,9.999951720237731934e-01,9.999806284904479980e-01,-9.999911785125732422e-01,-9.999960660934448242e-01,9.999957680702209473e-01,-9.999828934669494629e-01,-9.999966621398925781e-01,9.999811649322509766e-01,-9.999947547912597656e-01,9.999957680702209473e-01,9.999961853027343750e-01,-9.999930858612060547e-01,-9.999946355819702148e-01,-9.999824166297912598e-01,-9.999803900718688965e-01,-9.999912381172180176e-01,9.999926686286926270e-01,-9.999736547470092773e-01,9.999969005584716797e-01,9.999963045120239258e-01,-9.999797940254211426e-01,-9.999953508377075195e-01,-9.999917745590209961e-01,-9.999615550041198730e-01,-9.999962449073791504e-01,9.999938011169433594e-01,9.999959468841552734e-01,-9.999696612358093262e-01,9.999884366989135742e-01,9.999690651893615723e-01,9.999935626983642578e-01,-9.999449849128723145e-01,-9.999831318855285645e-01,9.999933242797851562e-01,-9.998906850814819336e-01,-9.999964237213134766e-01,-9.999950528144836426e-01,-9.999523162841796875e-01,9.999960660934448242e-01,-9.999953508377075195e-01,-9.999441504478454590e-01,-9.999442696571350098e-01,-9.999962449073791504e-01,-9.999939203262329102e-01,-9.999933242797851562e-01,9.999759197235107422e-01,-9.999953508377075195e-01,-9.999955892562866211e-01,9.999948740005493164e-01,9.999958872795104980e-01,9.999951124191284180e-01,9.999959468841552734e-01,9.999768137931823730e-01,9.999951124191284180e-01,9.999935030937194824e-01,9.999238848686218262e-01,-9.999713897705078125e-01,-9.999833703041076660e-01,-9.999939799308776855e-01,9.999946355819702148e-01,-9.999961256980895996e-01,-9.999945163726806641e-01,-9.999844431877136230e-01,9.999804496765136719e-01,9.999960064888000488e-01,9.999966621398925781e-01,9.999854564666748047e-01,9.999964237213134766e-01,-9.999942183494567871e-01,9.999958872795104980e-01,-9.999884963035583496e-01,9.999592304229736328e-01,9.999784231185913086e-01,9.999469518661499023e-01,9.999946951866149902e-01,-9.999688267707824707e-01,-9.999956488609313965e-01,9.999796748161315918e-01,9.999842047691345215e-01,-9.999651312828063965e-01,-9.999918937683105469e-01,9.999960064888000488e-01,-9.999939203262329102e-01,9.999942183494567871e-01,9.999510049819946289e-01,-9.991974830627441406e-01,-9.999963045120239258e-01,-9.999722838401794434e-01,-9.999423027038574219e-01,9.999794960021972656e-01,-9.999945163726806641e-01,9.999520778656005859e-01,9.999910593032836914e-01,-9.999917149543762207e-01,9.999925494194030762e-01,9.999584555625915527e-01,-9.999966025352478027e-01,9.999958872795104980e-01,-9.999904632568359375e-01,9.999890327453613281e-01,-9.999961256980895996e-01,-9.997451305389404297e-01,-9.998433589935302734e-01,-9.999954700469970703e-01,-9.999873638153076172e-01,9.999393224716186523e-01,9.999947547912597656e-01,9.999790191650390625e-01,-9.999949336051940918e-01,9.999951720237731934e-01,-9.999920129776000977e-01,9.999941587448120117e-01,9.995614290237426758e-01,-9.999965429306030273e-01,9.999898076057434082e-01,-9.999965429306030273e-01,9.999930262565612793e-01,9.999841451644897461e-01,9.999892115592956543e-01,9.999948740005493164e-01,-9.999889135360717773e-01,-9.999924302101135254e-01,9.999901652336120605e-01,9.999710321426391602e-01,9.999822974205017090e-01,-9.999353289604187012e-01,9.999729394912719727e-01
9.999973177909851074e-01,-9.999977946281433105e-01,-9.999911785125732422e-01,9.999958872795104980e-01,9.999982118606567383e-01,-9.999980330467224121e-01,9.999921917915344238e-01,9.999984502792358398e-01,-9.999913573265075684e-01,9.999974966049194336e-01,-9.999979734420776367e-01,-9.999982714653015137e-01,9.999967217445373535e-01,9.999974966049194336e-01,9.999919533729553223e-01,9.999910593032836914e-01,9.999958872795104980e-01,-9.999964833259582520e-01,9.999879598617553711e-01,-9.999985098838806152e-01,-9.999983310699462891e-01,9.999907612800598145e-01,9.999977350234985352e-01,9.999961256980895996e-01,9.999824166297912598e-01,9.999982714653015137e-01,-9.999971389770507812e-01,-9.999981522560119629e-01,9.999861717224121094e-01,-9.999946355819702148e-01,-9.999858736991882324e-01,-9.999969601631164551e-01,9.999749660491943359e-01,9.999923110008239746e-01,-9.999969601631164551e-01,9.999499917030334473e-01,9.999983906745910645e-01,9.999976754188537598e-01,9.999782443046569824e-01,-9.999982118606567383e-01,9.999978542327880859e-01,9.999745488166809082e-01,9.999745488166809082e-01,9.999982714653015137e-01,9.999971389770507812e-01,9.999968409538269043e-01,-9.999889135360717773e-01,9.999977946281433105e-01,9.999979734420776367e-01,-9.999976158142089844e-01,-9.999980926513671875e-01,-9.999976754188537598e-01,-9.999980926513671875e-01,-9.999893903732299805e-01,-9.999976754188537598e-01,-9.999969005584716797e-01,-9.999651312828063965e-01,9.999869465827941895e-01,9.999924302101135254e-01,9.999971389770507812e-01,-9.999974966049194336e-01,9.999982714653015137e-01,9.999974370002746582e-01,9.999929070472717285e-01,-9.999910593032836914e-01,-9.999982714653015137e-01,-9.999983906745910645e-01,-9.999932646751403809e-01,-9.999983906745910645e-01,9.999973177909851074e-01,-9.999980926513671875e-01,9.999946951866149902e-01,-9.999813437461853027e-01,-9.999901056289672852e-01,-9.999757409095764160e-01,-9.999974966049194336e-01,9.999858736991882324e-01,9.999978542327880859e-01,-9.999907016754150391e-01,-9.999927878379821777e-01,9.999840855598449707e-01,9.999962449073791504e-01,-9.999981522560119629e-01,9.999971389770507812e-01,-9.999973177909851074e-01,-9.999777078628540039e-01,9.996335506439208984e-01,9.999982118606567383e-01,9.999873042106628418e-01,9.999737143516540527e-01,-9.999906420707702637e-01,9.999974966049194336e-01,-9.999780654907226562e-01,-9.999959468841552734e-01,9.999961853027343750e-01,-9.999965429306030273e-01,-9.999809861183166504e-01,9.999983906745910645e-01,-9.999980926513671875e-01,9.999955892562866211e-01,-9.999949336051940918e-01,9.999983310699462891e-01,9.998835325241088867e-01,9.999284148216247559e-01,9.999978542327880859e-01,9.999941587448120117e-01,-9.999723434448242188e-01,-9.999974966049194336e-01,-9.999903440475463867e-01,9.999976754188537598e-01,-9.999977350234985352e-01,9.999962449073791504e-01,-9.999972581863403320e-01,-9.997997283935546875e-01,9.999983310699462891e-01,-9.999953508377075195e-01,9.999983906745910645e-01,-9.999967813491821289e-01,-9.999927282333374023e-01,-9.999949932098388672e-01,-9.999976158142089844e-01,9.999949336051940918e-01,9.999964237213134766e-01,-9.999954104423522949e-01,-9.999867677688598633e-01,-9.999918341636657715e-01,9.999705553054809570e-01,-9.999876022338867188e-01
9.999988079071044922e-01,-9.999992251396179199e-01,-9.999960660934448242e-01,9.999982118606567383e-01,9.999993443489074707e-01,-9.999992251396179199e-01,9.999965429306030273e-01,9.999993443489074707e-01,-9.999961853027343750e-01,9.999989867210388184e-01,-9.999992251396179199e-01,-9.999992847442626953e-01,9.999985694885253906e-01,9.999989271163940430e-01,9.999964833259582520e-01,9.999960660934448242e-01,9.999982118606567383e-01,-9.999985098838806152e-01,9.999947547912597656e-01,-9.999994635581970215e-01,-9.999992847442626953e-01,9.999960660934448242e-01,9.999991059303283691e-01,9.999984502792358398e-01,9.999922513961791992e-01,9.999992847442626953e-01,-9.999988079071044922e-01,-9.999993443489074707e-01,9.999939799308776855e-01,-9.999976754188537598e-01,-9.999938607215881348e-01,-9.999986886978149414e-01,9.999891519546508789e-01,9.999966621398925781e-01,-9.999986886978149414e-01,9.999783039093017578e-01,9.999993443489074707e-01,9.999989867210388184e-01,9.999905228614807129e-01,-9.999993443489074707e-01,9.999992251396179199e-01,9.999889731407165527e-01,9.999890327453613281e-01,9.999992847442626953e-01,9.999988079071044922e-01,9.999986886978149414e-01,-9.999951124191284180e-01,9.999991059303283691e-01,9.999991655349731445e-01,-9.999989867210388184e-01,-9.999992251396179199e-01,-9.999990463256835938e-01,-9.999993443489074707e-01,-9.999954104423522949e-01,-9.999990463256835938e-01,-9.999986886978149414e-01,-9.999848604202270508e-01,9.999943971633911133e-01,9.999966621398925781e-01,9.999988079071044922e-01,-9.999989271163940430e-01,9.999992847442626953e-01,9.999988675117492676e-01,9.999969601631164551e-01,-9.999960660934448242e-01,-9.999993443489074707e-01,-9.999994039535522461e-01,-9.999970793724060059e-01,-9.999994039535522461e-01,9.999989271163940430e-01,-9.999992251396179199e-01,9.999976754188537598e-01,-9.999918937683105469e-01,-9.999957680702209473e-01,-9.999894499778747559e-01,-9.999989867210388184e-01,9.999939203262329102e-01,9.999991655349731445e-01,-9.999960064888000488e-01,-9.999967813491821289e-01,9.999930858612060547e-01,9.999984502792358398e-01,-9.999993443489074707e-01,9.999987483024597168e-01,-9.999988675117492676e-01,-9.999903440475463867e-01,9.998404979705810547e-01,9.999992847442626953e-01,9.999945759773254395e-01,9.999886155128479004e-01,-9.999959468841552734e-01,9.999989867210388184e-01,-9.999904632568359375e-01,-9.999982118606567383e-01,9.999983310699462891e-01,-9.999985098838806152e-01,-9.999917149543762207e-01,9.999994039535522461e-01,-9.999992251396179199e-01,9.999980926513671875e-01,-9.999977946281433105e-01,9.999992847442626953e-01,9.999493956565856934e-01,9.999688863754272461e-01,9.999991655349731445e-01,9.999974370002746582e-01,-9.999879598617553711e-01,-9.999989867210388184e-01,-9.999958276748657227e-01,9.999990463256835938e-01,-9.999990463256835938e-01,9.999983906745910645e-01,-9.999988079071044922e-01,-9.999126791954040527e-01,9.999993443489074707e-01,-9.999979138374328613e-01,9.999994039535522461e-01,-9.999985694885253906e-01,-9.999969005584716797e-01,-9.999979138374328613e-01,-9.999990463256835938e-01,9.999977946281433105e-01,9.999985694885253906e-01,-9.999980330467224121e-01,-9.999941587448120117e-01,-9.999965429306030273e-01,9.999871850013732910e-01,-9.999946951866149902e-01
-9.999987483024597168e-01,9.999989867210388184e-01,9.999957680702209473e-01,-9.999980330467224121e-01,-9.999992251396179199e-01,9.999989867210388184e-01,-9.999962449073791504e-01,-9.999992847442626953e-01,9.999958276748657227e-01,-9.999988675117492676e-01,9.999990463256835938e-01,9.999992251396179199e-01,-9.999984502792358398e-01,-9.999988079071044922e-01,-9.999961256980895996e-01,-9.999956488609313965e-01,-9.999979138374328613e-01,9.999982714653015137e-01,-9.999942779541015625e-01,9.999993443489074707e-01,9.999992251396179199e-01,-9.999955892562866211e-01,-9.999989271163940430e-01,-9.999981522560119629e-01,-9.999915957450866699e-01,-9.999992251396179199e-01,9.999986290931701660e-01,9.999991655349731445e-01,-9.999933838844299316e-01,9.999973773956298828e-01,9.999932646751403809e-01,9.999985098838806152e-01,-9.999880790710449219e-01,-9.999962449073791504e-01,9.999985098838806152e-01,-9.999762773513793945e-01,-9.999992847442626953e-01,-9.999988675117492676e-01,-9.999896287918090820e-01,9.999991655349731445e-01,-9.999989867210388184e-01,-9.999878406524658203e-01,-9.999879002571105957e-01,-9.999992251396179199e-01,-9.999985694885253906e-01,-9.999985098838806152e-01,9.999946951866149902e-01,-9.999989271163940430e-01,-9.999991059303283691e-01,9.999988675117492676e-01,9.999990463256835938e-01,9.999989271163940430e-01,9.999991655349731445e-01,9.999949336051940918e-01,9.999988675117492676e-01,9.999985694885253906e-01,9.999835491180419922e-01,-9.999938011169433594e-01,-9.999963045120239258e-01,-9.999985694885253906e-01,9.999988079071044922e-01,-9.999991059303283691e-01,-9.999988079071044922e-01,-9.999965429306030273e-01,9.999957084655761719e-01,9.999991655349731445e-01,9.999993443489074707e-01,9.999967813491821289e-01,9.999992847442626953e-01,-9.999988079071044922e-01,9.999991655349731445e-01,-9.999974370002746582e-01,9.999911189079284668e-01,9.999953508377075195e-01,9.999883770942687988e-01,9.999988675117492676e-01,-9.999932050704956055e-01,-9.999989867210388184e-01,9.999955892562866211e-01,9.999964833259582520e-01,-9.999924302101135254e-01,-9.999982118606567383e-01,9.999991655349731445e-01,-9.999986290931701660e-01,9.999987483024597168e-01,9.999893903732299805e-01,-9.998254179954528809e-01,-9.999991655349731445e-01,-9.999940395355224609e-01,-9.999874830245971680e-01,9.999955296516418457e-01,-9.999988675117492676e-01,9.999895095825195312e-01,9.999980330467224121e-01,-9.999982118606567383e-01,9.999982714653015137e-01,9.999909400939941406e-01,-9.999992847442626953e-01,9.999991655349731445e-01,-9.999979138374328613e-01,9.999975562095642090e-01,-9.999992251396179199e-01,-9.999445676803588867e-01,-9.999659061431884766e-01,-9.999990463256835938e-01,-9.999970793724060059e-01,9.999868273735046387e-01,9.999988675117492676e-01,9.999954104423522949e-01,-9.999988675117492676e-01,9.999989867210388184e-01,-9.999982118606567383e-01,9.999986886978149414e-01,9.999044537544250488e-01,-9.999992251396179199e-01,9.999976754188537598e-01,-9.999992847442626953e-01,9.999984502792358398e-01,9.999964833259582520e-01,9.999976158142089844e-01,9.999988675117492676e-01,-9.999975562095642090e-01,-9.999983310699462891e-01,9.999977350234985352e-01,9.999936223030090332e-01,9.999960660934448242e-01,-9.999859929084777832e-01,9.999940991401672363e-01
9.999948143959045410e-01,-9.999957680702209473e-01,-9.999828934669494629e-01,9.999921917915344238e-01,9.999965429306030273e-01,-9.999962449073791504e-01,9.999848604202270508e-01,9.999969601631164551e-01,-9.999833106994628906e-01,9.999952912330627441e-01,-9.999962449073791504e-01,-9.999966025352478027e-01,9.999938011169433594e-01,9.999952912330627441e-01,9.999843835830688477e-01,9.999825954437255859e-01,9.999921917915344238e-01,-9.999934434890747070e-01,9.999766945838928223e-01,-9.999971389770507812e-01,-9.999967217445373535e-01,9.999821782112121582e-01,9.999957680702209473e-01,9.999926686286926270e-01,9.999659657478332520e-01,9.999966621398925781e-01,-9.999945163726806641e-01,-9.999964237213134766e-01,9.999731779098510742e-01,-9.999896883964538574e-01,-9.999727606773376465e-01,-9.999943375587463379e-01,9.999514222145080566e-01,9.999850392341613770e-01,-9.999940395355224609e-01,9.999034404754638672e-01,9.999967813491821289e-01,9.999954700469970703e-01,9.999578595161437988e-01,-9.999964833259582520e-01,9.999958872795104980e-01,9.999505877494812012e-01,9.999506473541259766e-01,9.999966025352478027e-01,9.999945759773254395e-01,9.999939203262329102e-01,-9.999786019325256348e-01,9.999958276748657227e-01,9.999958872795104980e-01,-9.999954700469970703e-01,-9.999961853027343750e-01,-9.999955296516418457e-01,-9.999964237213134766e-01,-9.999794960021972656e-01,-9.999955296516418457e-01,-9.999941587448120117e-01,-9.999326467514038086e-01,9.999747276306152344e-01,9.999852180480957031e-01,9.999946951866149902e-01,-9.999951720237731934e-01,9.999966025352478027e-01,9.999951720237731934e-01,9.999862313270568848e-01,-9.999826550483703613e-01,-9.999964833259582520e-01,-9.999970793724060059e-01,-9.999870061874389648e-01,-9.999967813491821289e-01,9.999949336051940918e-01,-9.999962449073791504e-01,9.999897480010986328e-01,-9.999639391899108887e-01,-9.999808669090270996e-01,-9.999530315399169922e-01,-9.999952316284179688e-01,9.999724626541137695e-01,9.999960064888000488e-01,-9.999819993972778320e-01,-9.999859333038330078e-01,9.999691247940063477e-01,9.999928474426269531e-01,-9.999963641166687012e-01,9.999945163726806641e-01,-9.999949336051940918e-01,-9.999566078186035156e-01,9.992907047271728516e-01,9.999967217445373535e-01,9.999753832817077637e-01,9.999490380287170410e-01,-9.999818205833435059e-01,9.999951124191284180e-01,-9.999575614929199219e-01,-9.999921321868896484e-01,9.999926686286926270e-01,-9.999933838844299316e-01,-9.999632239341735840e-01,9.999969005584716797e-01,-9.999961853027343750e-01,9.999915361404418945e-01,-9.999902248382568359e-01,9.999966025352478027e-01,9.997747540473937988e-01,9.998615384101867676e-01,9.999959468841552734e-01,9.999886155128479004e-01,-9.999463558197021484e-01,-9.999953508377075195e-01,-9.999814033508300781e-01,9.999955296516418457e-01,-9.999957084655761719e-01,9.999928474426269531e-01,-9.999947547912597656e-01,-9.996124505996704102e-01,9.999969601631164551e-01,-9.999909996986389160e-01,9.999969005584716797e-01,-9.999937415122985840e-01,-9.999859333038330078e-01,-9.999904632568359375e-01,-9.999954700469970703e-01,9.999901652336120605e-01,9.999932050704956055e-01,-9.999912381172180176e-01,-9.999743103981018066e-01,-9.999843239784240723e-01,9.999428391456604004e-01,-9.999759793281555176e-01
9.999990463256835938e-01,-9.999992251396179199e-01,-9.999966621398925781e-01,9.999984502792358398e-01,9.999993443489074707e-01,-9.999992847442626953e-01,9.999969601631164551e-01,9.999994039535522461e-01,-9.999966621398925781e-01,9.999991059303283691e-01,-9.999992251396179199e-01,-9.999992847442626953e-01,9.999986886978149414e-01,9.999991059303283691e-01,9.999969005584716797e-01,9.999966025352478027e-01,9.999984502792358398e-01,-9.999986290931701660e-01,9.999954700469970703e-01,-9.999994635581970215e-01,-9.999994039535522461e-01,9.999964833259582520e-01,9.999991059303283691e-01,9.999985694885253906e-01,9.999934434890747070e-01,9.999993443489074707e-01,-9.999989271163940430e-01,-9.999993443489074707e-01,9.999948143959045410e-01,-9.999979734420776367e-01,-9.999946951866149902e-01,-9.999988079071044922e-01,9.999906420707702637e-01,9.999970793724060059e-01,-9.999988079071044922e-01,9.999812841415405273e-01,9.999993443489074707e-01,9.999991655349731445e-01,9.999918341636657715e-01,-9.999993443489074707e-01,9.999992251396179199e-01,9.999904036521911621e-01,9.999904632568359375e-01,9.999994039535522461e-01,9.999988675117492676e-01,9.999988079071044922e-01,-9.999958276748657227e-01,9.999992251396179199e-01,9.999992847442626953e-01,-9.999991655349731445e-01,-9.999992251396179199e-01,-9.999991655349731445e-01,-9.999994039535522461e-01,-9.999961256980895996e-01,-9.999991655349731445e-01,-9.999988079071044922e-01,-9.999870061874389648e-01,9.999951124191284180e-01,9.999971389770507812e-01,9.999988675117492676e-01,-9.999991059303283691e-01,9.999993443489074707e-01,9.999991059303283691e-01,9.999973177909851074e-01,-9.999966025352478027e-01,-9.999993443489074707e-01,-9.999994039535522461e-01,-9.999974966049194336e-01,-9.999994039535522461e-01,9.999990463256835938e-01,-9.999992251396179199e-01,9.999979734420776367e-01,-9.999930262565612793e-01,-9.999962449073791504e-01,-9.999908804893493652e-01,-9.999991059303283691e-01,9.999947547912597656e-01,9.999992847442626953e-01,-9.999964833259582520e-01,-9.999971985816955566e-01,9.999940395355224609e-01,9.999985694885253906e-01,-9.999993443489074707e-01,9.999989271163940430e-01,-9.999990463256835938e-01,-9.999916553497314453e-01,9.998629093170166016e-01,9.999993443489074707e-01,9.999952912330627441e-01,9.999902248382568359e-01,-9.999964237213134766e-01,9.999991059303283691e-01,-9.999917745590209961e-01,-9.999984502792358398e-01,9.999985098838806152e-01,-9.999986886978149414e-01,-9.999927878379821777e-01,9.999994635581970215e-01,-9.999992251396179199e-01,9.999982714653015137e-01,-9.999979734420776367e-01,9.999994039535522461e-01,9.999564290046691895e-01,9.999732971191406250e-01,9.999991655349731445e-01,9.999977946281433105e-01,-9.999896287918090820e-01,-9.999991655349731445e-01,-9.999963641166687012e-01,9.999991655349731445e-01,-9.999992251396179199e-01,9.999986290931701660e-01,-9.999989867210388184e-01,-9.999250173568725586e-01,9.999994039535522461e-01,-9.999982118606567383e-01,9.999994039535522461e-01,-9.999988079071044922e-01,-9.999972581863403320e-01,-9.999981522560119629e-01,-9.999991655349731445e-01,9.999980926513671875e-01,9.999986886978149414e-01,-9.999982118606567383e-01,-9.999949932098388672e-01,-9.999969005584716797e-01,9.999889731407165527e-01,-9.999953508377075195e-01
-9.999943971633911133e-01,9.999954104423522949e-01,9.999811649322509766e-01,-9.999913573265075684e-01,-9.999961853027343750e-01,9.999958276748657227e-01,-9.999833106994628906e-01,-9.999966621398925781e-01,9.999817609786987305e-01,-9.999948143959045410e-01,9.999958276748657227e-01,9.999963045120239258e-01,-9.999931454658508301e-01,-9.999948143959045410e-01,-9.999828338623046875e-01,-9.999808669090270996e-01,-9.999914169311523438e-01,9.999929070472717285e-01,-9.999743700027465820e-01,9.999969005584716797e-01,9.999964237213134766e-01,-9.999803900718688965e-01,-9.999954104423522949e-01,-9.999919533729553223e-01,-9.999626278877258301e-01,-9.999962449073791504e-01,9.999939799308776855e-01,9.999960660934448242e-01,-9.999705553054809570e-01,9.999887943267822266e-01,9.999699592590332031e-01,9.999936819076538086e-01,-9.999465942382812500e-01,-9.999836683273315430e-01,9.999934434890747070e-01,-9.998939037322998047e-01,-9.999964237213134766e-01,-9.999951124191284180e-01,-9.999536275863647461e-01,9.999961256980895996e-01,-9.999954700469970703e-01,-9.999457001686096191e-01,-9.999458193778991699e-01,-9.999963641166687012e-01,-9.999940991401672363e-01,-9.999934434890747070e-01,9.999765753746032715e-01,-9.999954104423522949e-01,-9.999957084655761719e-01,9.999949932098388672e-01,9.999959468841552734e-01,9.999951720237731934e-01,9.999960660934448242e-01,9.999774694442749023e-01,9.999951124191284180e-01,9.999936819076538086e-01,9.999260306358337402e-01,-9.999721050262451172e-01,-9.999837875366210938e-01,-9.999940395355224609e-01,9.999946951866149902e-01,-9.999963641166687012e-01,-9.999946355819702148e-01,-9.999848604202270508e-01,9.999809265136718750e-01,9.999961256980895996e-01,9.999967813491821289e-01,9.999857544898986816e-01,9.999965429306030273e-01,-9.999943971633911133e-01,9.999959468841552734e-01,-9.999887347221374512e-01,9.999603629112243652e-01,9.999790191650390625e-01,9.999485015869140625e-01,9.999948143959045410e-01,-9.999697208404541016e-01,-9.999957680702209473e-01,9.999802112579345703e-01,9.999846220016479492e-01,-9.999661445617675781e-01,-9.999922513961791992e-01,9.999960064888000488e-01,-9.999939799308776855e-01,9.999943971633911133e-01,9.999524354934692383e-01,-9.992207884788513184e-01,-9.999963045120239258e-01,-9.999729990959167480e-01,-9.999439716339111328e-01,9.999800920486450195e-01,-9.999945759773254395e-01,9.999534487724304199e-01,9.999913573265075684e-01,-9.999920129776000977e-01,9.999926090240478516e-01,9.999595880508422852e-01,-9.999966025352478027e-01,9.999959468841552734e-01,-9.999907016754150391e-01,9.999892711639404297e-01,-9.999963641166687012e-01,-9.997525811195373535e-01,-9.998479485511779785e-01,-9.999955892562866211e-01,-9.999875426292419434e-01,9.999411106109619141e-01,9.999949336051940918e-01,9.999795556068420410e-01,-9.999951720237731934e-01,9.999953508377075195e-01,-9.999921917915344238e-01,9.999942183494567871e-01,9.995742440223693848e-01,-9.999966621398925781e-01,9.999901056289672852e-01,-9.999965429306030273e-01,9.999932050704956055e-01,9.999845027923583984e-01,9.999895691871643066e-01,9.999950528144836426e-01,-9.999891519546508789e-01,-9.999925494194030762e-01,9.999903440475463867e-01,9.999717473983764648e-01,9.999827742576599121e-01,-9.999372363090515137e-01,9.999735951423645020e-01
9.999983906745910645e-01,-9.999987483024597168e-01,-9.999947547912597656e-01,9.999974966049194336e-01,9.999989867210388184e-01,-9.999988675117492676e-01,9.999952912330627441e-01,9.999991059303283691e-01,-9.999948143959045410e-01,9.999985694885253906e-01,-9.999988079071044922e-01,-9.999989867210388184e-01,9.999981522560119629e-01,9.999985098838806152e-01,9.999951720237731934e-01,9.999945759773254395e-01,9.999974966049194336e-01,-9.999979138374328613e-01,9.999928474426269531e-01,-9.999992847442626953e-01,-9.999989867210388184e-01,9.999945163726806641e-01,9.999986886978149414e-01,9.999977350234985352e-01,9.999893903732299805e-01,9.999989867210388184e-01,-9.999983906745910645e-01,-9.999988675117492676e-01,9.999917149543762207e-01,-9.999967813491821289e-01,-9.999915361404418945e-01,-9.999982118606567383e-01,9.999849796295166016e-01,9.999954104423522949e-01,-9.999982118606567383e-01,9.999700188636779785e-01,9.999991655349731445e-01,9.999986886978149414e-01,9.999869465827941895e-01,-9.999989867210388184e-01,9.999987483024597168e-01,9.999847412109375000e-01,9.999846220016479492e-01,9.999990463256835938e-01,9.999983310699462891e-01,9.999980926513671875e-01,-9.999932646751403809e-01,9.999987483024597168e-01,9.999987483024597168e-01,-9.999986290931701660e-01,-9.999988675117492676e-01,-9.999986290931701660e-01,-9.999989867210388184e-01,-9.999936819076538086e-01,-9.999986886978149414e-01,-9.999982714653015137e-01,-9.999790787696838379e-01,9.999921321868896484e-01,9.999954104423522949e-01,9.999983310699462891e-01,-9.999985694885253906e-01,9.999989867210388184e-01,9.999984502792358398e-01,9.999957680702209473e-01,-9.999946951866149902e-01,-9.999989867210388184e-01,-9.999992251396179199e-01,-9.999960064888000488e-01,-9.999991655349731445e-01,9.999985098838806152e-01,-9.999989271163940430e-01,9.999968409538269043e-01,-9.999887347221374512e-01,-9.999940991401672363e-01,-9.999853968620300293e-01,-9.999985694885253906e-01,9.999915361404418945e-01,9.999988675117492676e-01,-9.999944567680358887e-01,-9.999956488609313965e-01,9.999904036521911621e-01,9.999977946281433105e-01,-9.999989867210388184e-01,9.999983906745910645e-01,-9.999985098838806152e-01,-9.999865889549255371e-01,9.997785091400146484e-01,9.999989867210388184e-01,9.999923110008239746e-01,9.999842047691345215e-01,-9.999943971633911133e-01,9.999985098838806152e-01,-9.999867677688598633e-01,-9.999975562095642090e-01,9.999976754188537598e-01,-9.999979734420776367e-01,-9.999884963035583496e-01,9.999991059303283691e-01,-9.999989271163940430e-01,9.999973177909851074e-01,-9.999969005584716797e-01,9.999990463256835938e-01,9.999297261238098145e-01,9.999567866325378418e-01,9.999988079071044922e-01,9.999964237213134766e-01,-9.999833106994628906e-01,-9.999986290931701660e-01,-9.999942779541015625e-01,9.999986886978149414e-01,-9.999986886978149414e-01,9.999977946281433105e-01,-9.999983310699462891e-01,-9.998789429664611816e-01,9.999991059303283691e-01,-9.999971985816955566e-01,9.999991059303283691e-01,-9.999980330467224121e-01,-9.999956488609313965e-01,-9.999969601631164551e-01,-9.999986290931701660e-01,9.999969601631164551e-01,9.999979734420776367e-01,-9.999972581863403320e-01,-9.999920725822448730e-01,-9.999951720237731934e-01,9.999821782112121582e-01,-9.999924898147583008e-01
-9.999986886978149414e-01,9.999989271163940430e-01,9.999957680702209473e-01,-9.999979734420776367e-01,-9.999992251396179199e-01,9.999990463256835938e-01,-9.999962449073791504e-01,-9.999992251396179199e-01,9.999958276748657227e-01,-9.999988079071044922e-01,9.999990463256835938e-01,9.999992251396179199e-01,-9.999984502792358398e-01,-9.999987483024597168e-01,-9.999960660934448242e-01,-9.999957084655761719e-01,-9.999979734420776367e-01,9.999982118606567383e-01,-9.999943375587463379e-01,9.999992847442626953e-01,9.999991655349731445e-01,-9.999955892562866211e-01,-9.999989271163940430e-01,-9.999982118606567383e-01,-9.999916553497314453e-01,-9.999991655349731445e-01,9.999985694885253906e-01,9.999991059303283691e-01,-9.999935030937194824e-01,9.999974370002746582e-01,9.999932646751403809e-01,9.999985098838806152e-01,-9.999881386756896973e-01,-9.999963045120239258e-01,9.999985098838806152e-01,-9.999765157699584961e-01,-9.999991655349731445e-01,-9.999988675117492676e-01,-9.999897480010986328e-01,9.999992251396179199e-01,-9.999989867210388184e-01,-9.999879598617553711e-01,-9.999879598617553711e-01,-9.999991655349731445e-01,-9.999986290931701660e-01,-9.999984502792358398e-01,9.999947547912597656e-01,-9.999989271163940430e-01,-9.999989867210388184e-01,9.999988675117492676e-01,9.999990463256835938e-01,9.999989271163940430e-01,9.999991655349731445e-01,9.999949336051940918e-01,9.999988675117492676e-01,9.999985098838806152e-01,9.999836683273315430e-01,-9.999938011169433594e-01,-9.999962449073791504e-01,-9.999986290931701660e-01,9.999988079071044922e-01,-9.999991655349731445e-01,-9.999987483024597168e-01,-9.999964833259582520e-01,9.999956488609313965e-01,9.999991655349731445e-01,9.999992251396179199e-01,9.999967217445373535e-01,9.999991655349731445e-01,-9.999986886978149414e-01,9.999990463256835938e-01,-9.999973773956298828e-01,9.999911785125732422e-01,9.999952912330627441e-01,9.999884963035583496e-01,9.999988079071044922e-01,-9.999933242797851562e-01,-9.999989867210388184e-01,9.999955892562866211e-01,9.999964833259582520e-01,-9.999925494194030762e-01,-9.999981522560119629e-01,9.999990463256835938e-01,-9.999985694885253906e-01,9.999986886978149414e-01,9.999894499778747559e-01,-9.998277425765991211e-01,-9.999991655349731445e-01,-9.999940395355224609e-01,-9.999875426292419434e-01,9.999955296516418457e-01,-9.999988079071044922e-01,9.999895691871643066e-01,9.999980330467224121e-01,-9.999980926513671875e-01,9.999982714653015137e-01,9.999909996986389160e-01,-9.999992251396179199e-01,9.999990463256835938e-01,-9.999977946281433105e-01,9.999974966049194336e-01,-9.999992251396179199e-01,-9.999452233314514160e-01,-9.999663233757019043e-01,-9.999990463256835938e-01,-9.999971389770507812e-01,9.999868869781494141e-01,9.999987483024597168e-01,9.999954104423522949e-01,-9.999988675117492676e-01,9.999989271163940430e-01,-9.999982714653015137e-01,9.999986290931701660e-01,9.999057054519653320e-01,-9.999992251396179199e-01,9.999977350234985352e-01,-9.999992847442626953e-01,9.999983906745910645e-01,9.999965429306030273e-01,9.999976158142089844e-01,9.999988079071044922e-01,-9.999974966049194336e-01,-9.999983310699462891e-01,9.999977350234985352e-01,9.999936819076538086e-01,9.999961256980895996e-01,-9.999861717224121094e-01,9.999941587448120117e-01
-9.999988079071044922e-01,9.999991059303283691e-01,9.999961853027343750e-01,-9.999982714653015137e-01,-9.999992847442626953e-01,9.999992251396179199e-01,-9.999966025352478027e-01,-9.999992847442626953e-01,9.999963045120239258e-01,-9.999989867210388184e-01,9.999992251396179199e-01,9.999994039535522461e-01,-9.999986290931701660e-01,-9.999989271163940430e-01,-9.999964237213134766e-01,-9.999961256980895996e-01,-9.999982714653015137e-01,9.999984502792358398e-01,-9.999948740005493164e-01,9.999994635581970215e-01,9.999994039535522461e-01,-9.999960064888000488e-01,-9.999991059303283691e-01,-9.999983906745910645e-01,-9.999924302101135254e-01,-9.999992847442626953e-01,9.999988079071044922e-01,9.999993443489074707e-01,-9.999940991401672363e-01,9.999977350234985352e-01,9.999940991401672363e-01,9.999987483024597168e-01,-9.999893307685852051e-01,-9.999967813491821289e-01,9.999987483024597168e-01,-9.999788403511047363e-01,-9.999993443489074707e-01,-9.999990463256835938e-01,-9.999908208847045898e-01,9.999992847442626953e-01,-9.999991655349731445e-01,-9.999891519546508789e-01,-9.999892115592956543e-01,-9.999994039535522461e-01,-9.999988079071044922e-01,-9.999986886978149414e-01,9.999953508377075195e-01,-9.999991655349731445e-01,-9.999992847442626953e-01,9.999990463256835938e-01,9.999992251396179199e-01,9.999991059303283691e-01,9.999993443489074707e-01,9.999955892562866211e-01,9.999991059303283691e-01,9.999986290931701660e-01,9.999852776527404785e-01,-9.999944567680358887e-01,-9.999967217445373535e-01,-9.999988079071044922e-01,9.999989867210388184e-01,-9.999992847442626953e-01,-9.999989271163940430e-01,-9.999970197677612305e-01,9.999961256980895996e-01,9.999993443489074707e-01,9.999994039535522461e-01,9.999971389770507812e-01,9.999993443489074707e-01,-9.999989271163940430e-01,9.999992251396179199e-01,-9.999977350234985352e-01,9.999920725822448730e-01,9.999958872795104980e-01,9.999897480010986328e-01,9.999989867210388184e-01,-9.999940395355224609e-01,-9.999992251396179199e-01,9.999961256980895996e-01,9.999969005584716797e-01,-9.999932646751403809e-01,-9.999985098838806152e-01,9.999993443489074707e-01,-9.999988675117492676e-01,9.999989271163940430e-01,9.999905228614807129e-01,-9.998442530632019043e-01,-9.999993443489074707e-01,-9.999945759773254395e-01,-9.999889135360717773e-01,9.999960660934448242e-01,-9.999989867210388184e-01,9.999906420707702637e-01,9.999982714653015137e-01,-9.999983906745910645e-01,9.999984502792358398e-01,9.999919533729553223e-01,-9.999993443489074707e-01,9.999992251396179199e-01,-9.999980330467224121e-01,9.999977946281433105e-01,-9.999992847442626953e-01,-9.999505281448364258e-01,-9.999696612358093262e-01,-9.999991655349731445e-01,-9.999974966049194336e-01,9.999882578849792480e-01,9.999989867210388184e-01,9.999959468841552734e-01,-9.999991655349731445e-01,9.999991059303283691e-01,-9.999983906745910645e-01,9.999988079071044922e-01,9.999148249626159668e-01,-9.999993443489074707e-01,9.999979734420776367e-01,-9.999993443489074707e-01,9.999986290931701660e-01,9.999968409538269043e-01,9.999978542327880859e-01,9.999990463256835938e-01,-9.999978542327880859e-01,-9.999985694885253906e-01,9.999980330467224121e-01,9.999943971633911133e-01,9.999964833259582520e-01,-9.999874830245971680e-01,9.999947547912597656e-01
