5.020351409912109375e-01,3.089994750916957855e-02,-2.328948974609375000e-01,1.368620544672012329e-01,2.577966451644897461e-01,-6.720700860023498535e-02,6.910774856805801392e-02,3.273507654666900635e-01,8.058972656726837158e-02,5.246246606111526489e-02,-3.988258913159370422e-02,-8.579614758491516113e-02,1.632523983716964722e-01,5.241761803627014160e-01,3.610290884971618652e-01,2.122077941894531250e-01,-3.315818496048450470e-03,9.933360666036605835e-02,8.083787560462951660e-02,-9.291452169418334961e-02,-2.354118376970291138e-01,1.843782961368560791e-01,1.413200348615646362e-01,1.887250319123268127e-02,5.493140197359025478e-04,1.043137311935424805e-01,-1.572625786066055298e-01,-3.313111960887908936e-01,1.322650909423828125e-01,-2.621358931064605713e-01,-1.052588894963264465e-01,-1.696770638227462769e-01,1.343806833028793335e-01,1.548590362071990967e-01,-2.569011785089969635e-02,-2.283785343170166016e-01,-3.400094807147979736e-03,3.921678662300109863e-02,-3.026632070541381836e-01,-4.531287848949432373e-01,2.184697985649108887e-01,9.074752777814865112e-02,1.490876227617263794e-01,3.715109452605247498e-02,1.457379907369613647e-01,-2.908726632595062256e-01,-2.995183765888214111e-01,-1.398667842149734497e-01,-3.516774252057075500e-02,9.473325312137603760e-02,-4.653169959783554077e-02,-1.502588987350463867e-01,9.221538156270980835e-02,-6.001165881752967834e-02,-4.595864936709403992e-02,-2.487991601228713989e-01,1.039269641041755676e-01,2.543371543288230896e-02,-1.066829636693000793e-01,-9.928742796182632446e-02,8.581572026014328003e-02,-5.380148533731698990e-03,2.226065285503864288e-02,1.257231831550598145e-01,-7.345981150865554810e-02,4.378417972475290298e-03,6.530550122261047363e-02,3.236339986324310303e-01,-1.933142840862274170e-01,1.492250561714172363e-01,-1.990163028240203857e-01,-1.726469695568084717e-01,1.093582715839147568e-02,2.355031967163085938e-01,-7.312685996294021606e-02,-2.802899777889251709e-01,-1.156811136752367020e-02,2.673846483230590820e-01,-2.323202639818191528e-01,-1.595541238784790039e-01,2.172171622514724731e-01,5.377240944653749466e-03,-2.908429205417633057e-01,2.219529356807470322e-03,-2.669142782688140869e-01,-2.295316755771636963e-01,2.597309350967407227e-01,8.932188153266906738e-03,4.640366882085800171e-02,2.456793747842311859e-02,-7.001754641532897949e-02,-7.452605664730072021e-02,-4.608260095119476318e-02,-3.242076188325881958e-02,-1.112237423658370972e-01,-1.055801808834075928e-01,3.978931605815887451e-01,-7.470400887541472912e-04,-1.936427950859069824e-01,1.633185446262359619e-01,-5.242859944701194763e-02,9.697949886322021484e-02,-1.824552714824676514e-01,-2.814621105790138245e-02,6.453814357519149780e-02,2.227643877267837524e-01,-2.468959242105484009e-02,-1.403836756944656372e-01,-2.445406019687652588e-01,-2.085329964756965637e-03,2.683858573436737061e-01,-1.240764465183019638e-02,-1.446772515773773193e-01,-3.072602152824401855e-01,2.872473895549774170e-01,-1.990835219621658325e-01,3.641645312309265137e-01,-1.042882055044174194e-01,-4.482239186763763428e-01,3.185540810227394104e-02,-4.232006892561912537e-02,2.681533694267272949e-01,2.429163604974746704e-01,-7.102377712726593018e-02,-1.129599735140800476e-01,-1.857743859291076660e-01,-2.373882196843624115e-02,1.021235957741737366e-01
3.089994750916957855e-02,2.377881854772567749e-02,-1.281140744686126709e-01,5.580621957778930664e-02,8.046658337116241455e-02,-3.268897160887718201e-02,1.977338083088397980e-02,4.487633332610130310e-02,2.073226310312747955e-02,2.730896323919296265e-02,1.035855431109666824e-02,-4.117615148425102234e-02,1.176984906196594238e-01,5.710071697831153870e-02,1.196456775069236755e-01,1.130875647068023682e-01,-2.234732732176780701e-03,7.763988524675369263e-02,-3.171612322330474854e-02,-6.248387694358825684e-02,-4.844048619270324707e-02,1.305700987577438354e-01,7.977201044559478760e-02,6.755340844392776489e-03,1.354855950921773911e-02,1.442486643791198730e-01,-1.359515935182571411e-01,-9.884107112884521484e-02,9.853856265544891357e-02,-4.649352282285690308e-02,8.693815907463431358e-04,-1.227846741676330566e-01,8.420002460479736328e-02,5.543074384331703186e-02,1.012839027680456638e-03,-1.275407820940017700e-01,9.710661135613918304e-03,3.170681372284889221e-02,-8.143582195043563843e-02,-9.605640918016433716e-02,1.188835278153419495e-01,2.561486093327403069e-03,1.279266774654388428e-01,1.451961882412433624e-02,-1.672995276749134064e-02,-8.377952873706817627e-02,-1.279802024364471436e-01,-2.458131499588489532e-02,-1.572809927165508270e-02,2.578428573906421661e-02,-8.288761600852012634e-04,-1.784675940871238708e-02,4.413917288184165955e-02,1.055602915585041046e-02,-2.698992565274238586e-02,-1.273689419031143188e-01,2.672174759209156036e-02,1.032302249222993851e-02,-6.700053811073303223e-02,-4.340124875307083130e-02,6.591028999537229538e-03,6.367142777889966965e-03,5.365212447941303253e-03,3.474245220422744751e-02,-2.720593847334384918e-02,-2.259223908185958862e-02,5.330219492316246033e-02,1.313532441854476929e-01,-1.182117238640785217e-01,2.086797729134559631e-02,-7.641270756721496582e-02,-8.578377310186624527e-04,-1.911734975874423981e-02,1.146187484264373779e-01,-2.607391960918903351e-02,-9.328346699476242065e-02,-5.238144192844629288e-03,1.282753795385360718e-01,-2.565964497625827789e-02,-1.133725494146347046e-01,1.136241853237152100e-01,2.247110474854707718e-03,-9.602189064025878906e-02,6.132180802524089813e-03,-9.087905287742614746e-02,-1.247965842485427856e-01,5.824912339448928833e-02,8.687751367688179016e-03,7.608281075954437256e-02,1.482272706925868988e-02,-2.931904792785644531e-02,-2.751235291361808777e-02,-8.873131871223449707e-02,2.490659803152084351e-02,-9.676146507263183594e-02,-1.721324399113655090e-02,8.914789557456970215e-02,-3.280849487055093050e-04,-9.110934287309646606e-02,4.254284501075744629e-02,-8.712220937013626099e-03,3.525935113430023193e-02,-1.193242892622947693e-01,-1.737310923635959625e-02,1.361560523509979248e-01,-6.147670792415738106e-04,-7.421164959669113159e-02,-1.109082400798797607e-01,-3.760904073715209961e-02,-1.611999608576297760e-02,9.079694747924804688e-02,-1.873002015054225922e-02,-9.481207281351089478e-02,-2.957471087574958801e-02,1.434134244918823242e-01,-1.300426125526428223e-01,9.189268201589584351e-02,2.037950232625007629e-02,-1.212562993168830872e-01,2.897001430392265320e-02,3.727620840072631836e-02,9.824073314666748047e-02,1.222277656197547913e-01,-5.135539546608924866e-02,-1.052582114934921265e-01,-5.374350026249885559e-02,-4.037957405671477318e-04,4.866836965084075928e-02
-2.328948974609375000e-01,-1.281140744686126709e-01,7.800212502479553223e-01,-3.986995816230773926e-01,-4.480693638324737549e-01,1.178969442844390869e-01,-1.946861445903778076e-01,-2.803717851638793945e-01,-1.004908382892608643e-01,-1.809026151895523071e-01,-6.567693501710891724e-02,2.735086083412170410e-01,-6.582818031311035156e-01,-4.194318950176239014e-01,-7.044950127601623535e-01,-6.595176458358764648e-01,-1.033568289130926132e-03,-4.183140099048614502e-01,2.068005502223968506e-01,4.250928759574890137e-01,2.721860408782958984e-01,-7.528786659240722656e-01,-5.760555267333984375e-01,6.385117024183273315e-02,-7.978505641222000122e-02,-7.633451819419860840e-01,7.421080470085144043e-01,5.577574968338012695e-01,-6.462305188179016113e-01,3.700188100337982178e-01,2.469797618687152863e-02,7.227035760879516602e-01,-5.431202054023742676e-01,-4.223526120185852051e-01,8.170658722519874573e-03,7.406532168388366699e-01,-5.936665832996368408e-02,-2.001887410879135132e-01,5.631119012832641602e-01,6.002173423767089844e-01,-6.843795180320739746e-01,-2.641522325575351715e-02,-7.006522417068481445e-01,-9.622628241777420044e-02,5.810801312327384949e-02,6.063963174819946289e-01,7.663212418556213379e-01,1.701615303754806519e-01,7.914930582046508789e-02,-6.841089576482772827e-02,-9.448583237826824188e-03,1.296239793300628662e-01,-2.419372349977493286e-01,-4.240168782416731119e-04,1.438304930925369263e-01,7.405345439910888672e-01,-2.021807432174682617e-01,-7.105143368244171143e-02,3.599326610565185547e-01,2.899386882781982422e-01,-2.158752456307411194e-02,-8.083163946866989136e-02,-3.797006234526634216e-02,-2.947522401809692383e-01,1.362016350030899048e-01,1.376223564147949219e-01,-2.936822772026062012e-01,-7.324070930480957031e-01,6.961986422538757324e-01,-1.256233900785446167e-01,5.264958739280700684e-01,9.140180796384811401e-02,1.024424731731414795e-01,-7.168696522712707520e-01,1.501139104366302490e-01,5.669692158699035645e-01,3.073103353381156921e-02,-7.975431084632873535e-01,2.186624407768249512e-01,6.970968246459960938e-01,-7.300648093223571777e-01,-1.582096517086029053e-02,5.549457073211669922e-01,-3.122450970113277435e-02,5.788362026214599609e-01,6.665360927581787109e-01,-3.876998126506805420e-01,-5.060748383402824402e-02,-4.279907047748565674e-01,-1.204745993018150330e-01,1.808236390352249146e-01,1.815632581710815430e-01,5.542647242546081543e-01,-1.476529538631439209e-01,6.185712218284606934e-01,1.398362070322036743e-01,-5.496145486831665039e-01,2.220110502094030380e-03,5.827633142471313477e-01,-3.281822502613067627e-01,1.051888167858123779e-01,-2.591501474380493164e-01,7.201694846153259277e-01,1.118552535772323608e-01,-7.780461311340332031e-01,-1.467415094375610352e-01,5.166548490524291992e-01,6.672661900520324707e-01,2.483650743961334229e-01,9.941831976175308228e-02,-5.739951729774475098e-01,2.369352132081985474e-01,6.008680462837219238e-01,6.052324548363685608e-02,-7.812621593475341797e-01,7.265330553054809570e-01,-5.752035379409790039e-01,-1.829234063625335693e-01,7.550581693649291992e-01,-1.867933720350265503e-01,-2.730003893375396729e-01,-6.524681448936462402e-01,-7.217617034912109375e-01,3.101566135883331299e-01,6.747816801071166992e-01,4.229876399040222168e-01,-2.267861366271972656e-02,-3.408242762088775635e-01
1.368620544672012329e-01,5.580621957778930664e-02,-3.986995816230773926e-01,3.640207946300506592e-01,1.886425912380218506e-01,7.870275527238845825e-03,5.725854262709617615e-02,1.776964813470840454e-01,3.705513104796409607e-02,8.810311555862426758e-02,-5.061870068311691284e-02,-1.476303339004516602e-01,2.747618556022644043e-01,2.883893847465515137e-01,3.643020987510681152e-01,2.902800440788269043e-01,5.832365714013576508e-03,2.675260603427886963e-01,-1.214843615889549255e-01,-1.540025919675827026e-01,-3.024178147315979004e-01,4.329462349414825439e-01,2.812905311584472656e-01,-1.157344952225685120e-01,5.776540189981460571e-02,3.715359270572662354e-01,-3.505725562572479248e-01,-2.020724713802337646e-01,2.453750967979431152e-01,-1.086542755365371704e-01,-4.341760650277137756e-02,-4.457725584506988525e-01,3.569250702857971191e-01,1.481607407331466675e-01,4.830617923289537430e-03,-3.857709765434265137e-01,5.183698236942291260e-02,8.770441263914108276e-02,-1.827072799205780029e-01,-4.596711695194244385e-01,3.927862644195556641e-01,4.090000316500663757e-02,3.332006633281707764e-01,4.385238140821456909e-02,-5.127842724323272705e-02,-1.892337948083877563e-01,-3.664355874061584473e-01,-1.496123075485229492e-01,-5.034203827381134033e-02,9.746383875608444214e-02,1.322834170423448086e-03,-4.946262761950492859e-02,2.096140384674072266e-01,-1.198667138814926147e-01,3.826227411627769470e-02,-3.827429115772247314e-01,1.052552834153175354e-01,2.817974425852298737e-02,-1.082137078046798706e-01,-1.794815808534622192e-01,-6.302373856306076050e-02,8.082378655672073364e-02,2.595490776002407074e-02,1.775643527507781982e-01,-7.728877663612365723e-02,-6.849408894777297974e-02,1.290521025657653809e-01,4.117431342601776123e-01,-3.324001133441925049e-01,8.128306828439235687e-03,-2.780260443687438965e-01,1.108153238892555237e-01,-9.072248637676239014e-02,3.694404661655426025e-01,-8.972615003585815430e-02,-3.274060487747192383e-01,-6.128616165369749069e-03,3.988534808158874512e-01,-2.965807318687438965e-01,-3.965115845203399658e-01,5.066164731979370117e-01,8.153732866048812866e-03,-2.031274586915969849e-01,1.963213458657264709e-02,-3.792482614517211914e-01,-2.318204492330551147e-01,5.625798925757408142e-02,2.164561115205287933e-02,1.288379877805709839e-01,5.839744210243225098e-02,-5.981853976845741272e-02,-1.699138432741165161e-01,-3.888196349143981934e-01,1.507002860307693481e-01,-3.497826457023620605e-01,-1.065298914909362793e-01,2.559215426445007324e-01,-1.145414542406797409e-03,-2.270183861255645752e-01,2.177130579948425293e-01,-2.637628838419914246e-02,5.776407569646835327e-02,-4.208357334136962891e-01,-4.992892965674400330e-02,4.436125457286834717e-01,2.078738361597061157e-01,-3.989914655685424805e-01,-3.523653447628021240e-01,-4.351993650197982788e-02,-4.744575917720794678e-02,4.651170670986175537e-01,-1.897111833095550537e-01,-3.526687026023864746e-01,-2.265109680593013763e-02,4.047924578189849854e-01,-3.485503196716308594e-01,2.414577305316925049e-01,7.336964458227157593e-02,-4.527214169502258301e-01,1.288564354181289673e-01,7.200615853071212769e-02,3.268018662929534912e-01,3.915503323078155518e-01,-1.370396763086318970e-01,-3.314580619335174561e-01,-2.229170501232147217e-01,6.402636412531137466e-03,2.166775166988372803e-01
2.577966451644897461e-01,8.046658337116241455e-02,-4.480693638324737549e-01,1.886425912380218506e-01,3.537645936012268066e-01,-1.202630102634429932e-01,9.484269469976425171e-02,2.553548216819763184e-01,7.565088570117950439e-02,9.614144265651702881e-02,1.680390164256095886e-02,-1.432667374610900879e-01,3.935849666595458984e-01,3.136773705482482910e-01,4.732483625411987305e-01,4.070473909378051758e-01,-1.169263198971748352e-02,2.502424418926239014e-01,-6.398713588714599609e-02,-2.198261916637420654e-01,-1.877226829528808594e-01,4.357817769050598145e-01,2.547764182090759277e-01,5.996114760637283325e-02,3.405237570405006409e-02,4.476175010204315186e-01,-4.579525589942932129e-01,-4.179559648036956787e-01,3.507775664329528809e-01,-2.617316842079162598e-01,-2.632603794336318970e-02,-3.846686780452728271e-01,2.725922167301177979e-01,2.019858360290527344e-01,-5.153426900506019592e-03,-4.329969584941864014e-01,2.178213000297546387e-02,1.064669415354728699e-01,-3.705555498600006104e-01,-4.187299609184265137e-01,4.207837879657745361e-01,4.158038645982742310e-02,4.245212376117706299e-01,5.615616217255592346e-02,1.266473811119794846e-02,-3.473972976207733154e-01,-4.846410155296325684e-01,-1.160578355193138123e-01,-5.206545069813728333e-02,1.229362413287162781e-01,-1.493624784052371979e-02,-1.097881868481636047e-01,1.490145921707153320e-01,3.335872292518615723e-02,-1.141475215554237366e-01,-4.572643935680389404e-01,1.048101186752319336e-01,3.839034959673881531e-02,-2.604913115501403809e-01,-1.504740267992019653e-01,6.138490140438079834e-02,5.346377380192279816e-03,2.186101861298084259e-02,1.445538699626922607e-01,-9.814852476119995117e-02,-5.978737026453018188e-02,1.884248107671737671e-01,4.921554625034332275e-01,-3.867166936397552490e-01,1.361930966377258301e-01,-2.929410338401794434e-01,-8.982560783624649048e-02,-2.749433927237987518e-02,4.011499583721160889e-01,-1.006767228245735168e-01,-3.907860815525054932e-01,-2.082929946482181549e-02,4.570646286010742188e-01,-1.336518824100494385e-01,-3.717928826808929443e-01,3.786931037902832031e-01,7.806562352925539017e-03,-4.092098772525787354e-01,1.806273311376571655e-02,-3.593917787075042725e-01,-4.651205241680145264e-01,3.000105023384094238e-01,2.807204052805900574e-02,2.498521804809570312e-01,4.803631082177162170e-02,-1.296306550502777100e-01,-9.051821380853652954e-02,-2.390502542257308960e-01,2.977546863257884979e-02,-3.067994117736816406e-01,-7.398124039173126221e-02,4.294805228710174561e-01,-1.180522609502077103e-03,-3.311904370784759521e-01,1.760534644126892090e-01,-4.290275275707244873e-02,1.530368477106094360e-01,-3.869304656982421875e-01,-6.119999289512634277e-02,4.117346704006195068e-01,6.881671398878097534e-02,-1.982137560844421387e-01,-3.648396730422973633e-01,-2.242122590541839600e-01,-4.528358206152915955e-02,2.928441166877746582e-01,-3.546429052948951721e-02,-3.002496361732482910e-01,-2.158547937870025635e-01,5.338023304939270020e-01,-4.575215280055999756e-01,4.017201662063598633e-01,1.506468001753091812e-02,-4.988623857498168945e-01,8.599247038364410400e-02,1.138326078653335571e-01,3.706558048725128174e-01,4.298035502433776855e-01,-1.729895025491714478e-01,-3.246934115886688232e-01,-2.033559530973434448e-01,-1.425850670784711838e-02,1.795754730701446533e-01
-6.720700860023498535e-02,-3.268897160887718201e-02,1.178969442844390869e-01,7.870275527238845825e-03,-1.202630102634429932e-01,2.148208469152450562e-01,-2.787066437304019928e-02,5.615992471575737000e-03,-1.210184022784233093e-01,-5.163636058568954468e-02,-5.801204126328229904e-03,4.659809544682502747e-02,-1.942944228649139404e-01,-4.897037148475646973e-02,-1.602280288934707642e-01,-1.681179255247116089e-01,-2.545597730204463005e-03,-1.060325726866722107e-01,2.723805420100688934e-02,5.474335327744483948e-02,1.438332647085189819e-01,-1.361566483974456787e-01,-3.695585951209068298e-02,-1.421443559229373932e-02,-2.067156322300434113e-02,-2.554202675819396973e-01,1.705846190452575684e-01,1.499070227146148682e-01,-4.579842835664749146e-02,1.144768297672271729e-02,3.979381546378135681e-02,1.779538094997406006e-01,-1.317038983106613159e-01,-2.088955231010913849e-02,-9.128960780799388885e-03,1.680883914232254028e-01,-5.588565487414598465e-03,-4.706335812807083130e-02,1.243997290730476379e-01,6.446231901645660400e-02,-2.082054764032363892e-01,-1.258977223187685013e-02,-1.057401746511459351e-01,-1.263493299484252930e-02,9.032440185546875000e-02,1.398254483938217163e-01,1.727109551429748535e-01,1.388089358806610107e-02,-2.248117700219154358e-02,-5.734910070896148682e-02,8.936076611280441284e-02,-5.679916590452194214e-02,-5.147854983806610107e-02,-9.231459349393844604e-02,2.316961996257305145e-02,1.344492882490158081e-01,-2.088225446641445160e-02,-1.155367307364940643e-02,1.201591566205024719e-01,5.148941650986671448e-02,5.064285825937986374e-03,-1.864901185035705566e-02,-5.863626021891832352e-03,-1.280007511377334595e-01,2.462232857942581177e-02,4.426666721701622009e-02,-6.052878499031066895e-02,-1.570867300033569336e-01,1.725327819585800171e-01,-2.209937199950218201e-02,8.689048886299133301e-02,-1.021556854248046875e-01,4.435417056083679199e-02,-1.655446290969848633e-01,6.292328238487243652e-02,1.068817600607872009e-01,1.200850121676921844e-02,-1.621434390544891357e-01,2.174079418182373047e-02,1.353886574506759644e-01,-1.182658299803733826e-01,-2.439725911244750023e-03,1.025463342666625977e-01,-1.298243459314107895e-02,1.260189712047576904e-01,2.289758622646331787e-01,-6.358687579631805420e-02,-1.104369666427373886e-02,-1.934540420770645142e-01,-1.737319864332675934e-02,4.549739882349967957e-02,3.134360164403915405e-02,9.744262695312500000e-02,-1.134721096605062485e-02,1.423551887273788452e-01,-3.001341409981250763e-02,-8.479680120944976807e-02,4.315503465477377176e-04,1.031412929296493530e-01,-8.609130978584289551e-02,-1.666848547756671906e-02,-1.052248775959014893e-01,1.712973266839981079e-01,2.515783160924911499e-02,-1.872429102659225464e-01,1.165260821580886841e-01,8.756408095359802246e-02,1.306447386741638184e-01,1.471346020698547363e-01,2.632920071482658386e-02,-1.225763559341430664e-01,-4.231423139572143555e-02,9.905970841646194458e-02,9.163174778223037720e-02,-1.438600867986679077e-01,2.062661200761795044e-01,-1.048233285546302795e-01,3.841786878183484077e-03,1.539530903100967407e-01,-3.897576034069061279e-02,-3.171357139945030212e-02,-1.446810066699981689e-01,-1.667039543390274048e-01,9.952604025602340698e-02,8.380911499261856079e-02,9.837067872285842896e-02,2.190512837842106819e-03,-3.825306426733732224e-03
6.910774856805801392e-02,1.977338083088397980e-02,-1.946861445903778076e-01,5.725854262709617615e-02,9.484269469976425171e-02,-2.787066437304019928e-02,1.129310205578804016e-01,3.783463314175605774e-02,2.181754633784294128e-02,4.947750642895698547e-02,1.246581599116325378e-02,-5.406140536069869995e-02,1.208972409367561340e-01,8.488777279853820801e-02,1.568137854337692261e-01,1.318158507347106934e-01,5.961743183434009552e-03,3.388931229710578918e-02,-4.888093471527099609e-02,-1.134425476193428040e-01,-4.078904911875724792e-02,1.553343385457992554e-01,1.114763766527175903e-01,-2.439551614224910736e-02,9.116020053625106812e-03,1.789640486240386963e-01,-1.524688452482223511e-01,-1.101157888770103455e-01,1.654953807592391968e-01,-1.479714363813400269e-01,-1.192962285131216049e-02,-1.552619785070419312e-01,1.217348128557205200e-01,9.078858792781829834e-02,-4.882262554019689560e-03,-1.492499709129333496e-01,3.151605837047100067e-03,4.516992345452308655e-02,-1.855372935533523560e-01,-1.223415881395339966e-01,1.699045598506927490e-01,1.769131049513816833e-02,1.136999949812889099e-01,2.193702198565006256e-02,-1.819940283894538879e-02,-2.014583796262741089e-01,-2.062420397996902466e-01,-3.314545378088951111e-02,1.869985088706016541e-02,-1.771589973941445351e-03,-7.484080269932746887e-03,-9.765074588358402252e-03,1.588556542992591858e-02,2.477818727493286133e-02,-3.371842950582504272e-02,-1.526690125465393066e-01,3.859544172883033752e-02,1.567548885941505432e-02,-9.941539913415908813e-02,-5.571341142058372498e-02,-3.552533686161041260e-03,3.241609409451484680e-02,8.784651756286621094e-03,1.441702246665954590e-01,7.378369569778442383e-03,-2.697464264929294586e-02,4.692909866571426392e-02,1.512410193681716919e-01,-1.376097202301025391e-01,5.521952360868453979e-02,-1.312705129384994507e-01,-5.643650144338607788e-02,1.019431743770837784e-02,1.737481355667114258e-01,-3.678670153021812439e-02,-1.568923592567443848e-01,-9.148540906608104706e-03,2.301402390003204346e-01,-5.097883939743041992e-02,-1.418284028768539429e-01,1.816107332706451416e-01,3.365728771314024925e-03,-1.246280074119567871e-01,3.052701940760016441e-03,-1.421795785427093506e-01,-1.561218202114105225e-01,1.541135609149932861e-01,7.715943269431591034e-03,1.123363003134727478e-01,3.492892906069755554e-02,-6.175122410058975220e-02,-2.670107781887054443e-02,-9.365696460008621216e-02,-3.646667348220944405e-03,-1.368154734373092651e-01,-2.632602490484714508e-02,1.438135802745819092e-01,-5.440760287456214428e-04,-1.234919279813766479e-01,1.037040427327156067e-01,-3.931146115064620972e-02,1.225582510232925415e-01,-1.579945385456085205e-01,-2.612994424998760223e-02,2.133954167366027832e-01,7.213344424962997437e-02,-1.337053030729293823e-01,-1.248111724853515625e-01,-1.419294178485870361e-01,-2.058271318674087524e-02,7.939039170742034912e-02,-8.310524374246597290e-02,-8.232916146516799927e-02,2.569313347339630127e-02,1.699232608079910278e-01,-1.769965887069702148e-01,1.277962923049926758e-01,4.630849137902259827e-02,-2.167556881904602051e-01,3.204311057925224304e-02,1.043631881475448608e-01,1.772866547107696533e-01,1.565361469984054565e-01,-7.359573245048522949e-02,-1.252686381340026855e-01,-1.285323947668075562e-01,1.389242336153984070e-02,7.969719171524047852e-02
3.273507654666900635e-01,4.487633332610130310e-02,-2.803717851638793945e-01,1.776964813470840454e-01,2.553548216819763184e-01,5.615992471575737000e-03,3.783463314175605774e-02,3.825535774230957031e-01,3.820998594164848328e-03,4.094694182276725769e-02,1.345041580498218536e-02,-1.041969358921051025e-01,2.272924482822418213e-01,3.810128569602966309e-01,3.572519719600677490e-01,2.616116106510162354e-01,-1.401340868324041367e-02,1.353373676538467407e-01,1.841918751597404480e-02,-1.183245331048965454e-01,-7.155647128820419312e-02,2.889452576637268066e-01,1.963088512420654297e-01,8.002068847417831421e-03,9.832431562244892120e-03,1.729568392038345337e-01,-2.610890567302703857e-01,-3.025241494178771973e-01,2.750037908554077148e-01,-2.246762365102767944e-01,-4.259897768497467041e-02,-1.865144968032836914e-01,9.787068516016006470e-02,1.907911449670791626e-01,-2.429628558456897736e-02,-2.917214334011077881e-01,7.227362133562564850e-03,6.057180091738700867e-02,-3.024337887763977051e-01,-4.059329628944396973e-01,2.136040776968002319e-01,4.290937632322311401e-02,2.687992453575134277e-01,4.332569241523742676e-02,1.810697764158248901e-01,-2.498791068792343140e-01,-3.313931226730346680e-01,-1.062092706561088562e-01,-7.049696892499923706e-02,4.326155781745910645e-02,3.791397809982299805e-02,-1.685942113399505615e-01,1.054167822003364563e-01,-8.376697450876235962e-02,-1.128908544778823853e-01,-3.307282328605651855e-01,1.126646026968955994e-01,3.210185095667839050e-02,-8.650662004947662354e-02,-1.002102047204971313e-01,8.089958876371383667e-02,-2.206342108547687531e-02,1.678778231143951416e-02,-4.095757752656936646e-02,-9.195926785469055176e-02,-8.680593222379684448e-03,9.773802012205123901e-02,3.251235187053680420e-01,-2.414193600416183472e-01,7.973880320787429810e-02,-2.175924032926559448e-01,-2.287804782390594482e-01,1.445020916435169056e-05,2.660841047763824463e-01,-3.675515949726104736e-02,-2.261593639850616455e-01,-1.046602148562669754e-02,2.816796302795410156e-01,-1.468906998634338379e-01,-2.375168949365615845e-01,2.259857654571533203e-01,5.785729270428419113e-03,-3.226137757301330566e-01,8.265323936939239502e-03,-2.353447675704956055e-01,-2.706297934055328369e-01,2.102223336696624756e-01,1.776709407567977905e-02,5.964927375316619873e-02,3.298377990722656250e-02,-7.546084374189376831e-02,-4.604428261518478394e-02,-8.301883190870285034e-02,-4.111891239881515503e-02,-1.440788954496383667e-01,-1.002395376563072205e-01,3.597492575645446777e-01,-7.513859891332685947e-04,-2.384170889854431152e-01,1.147577166557312012e-01,-5.769696086645126343e-02,6.283682584762573242e-02,-2.204892486333847046e-01,-3.829760476946830750e-02,1.639961600303649902e-01,1.436043828725814819e-01,-1.083828136324882507e-02,-2.327722907066345215e-01,-9.669577330350875854e-02,-8.863117545843124390e-03,2.161048501729965210e-01,6.942798849195241928e-03,-2.088951617479324341e-01,-2.221536338329315186e-01,3.883104324340820312e-01,-2.543344199657440186e-01,3.433957397937774658e-01,-2.428343333303928375e-02,-3.865840435028076172e-01,3.625585511326789856e-02,5.125679075717926025e-03,2.312290817499160767e-01,2.487452477216720581e-01,-1.940503343939781189e-02,-2.148551940917968750e-01,-1.141236424446105957e-01,-2.292613498866558075e-02,1.358362883329391479e-01
8.058972656726837158e-02,2.073226310312747955e-02,-1.004908382892608643e-01,3.705513104796409607e-02,7.565088570117950439e-02,-1.210184022784233093e-01,2.181754633784294128e-02,3.820998594164848328e-03,9.028623253107070923e-02,4.072456061840057373e-02,-1.469670515507459641e-02,-4.100787267088890076e-02,1.272792369127273560e-01,9.329317510128021240e-02,1.293766051530838013e-01,1.122853830456733704e-01,5.598111543804407120e-03,8.014328032732009888e-02,-1.789490319788455963e-02,-3.689594939351081848e-02,-1.605613827705383301e-01,1.092398539185523987e-01,4.888086020946502686e-02,-1.999381370842456818e-02,1.835045777261257172e-02,1.697173267602920532e-01,-1.101248487830162048e-01,-9.596693515777587891e-02,1.828123442828655243e-02,-1.102651003748178482e-02,-4.485217854380607605e-02,-1.585040539503097534e-01,1.291076540946960449e-01,2.274516411125659943e-02,5.993621423840522766e-03,-1.268171072006225586e-01,9.014275856316089630e-03,3.072053566575050354e-02,-7.658953964710235596e-02,-1.033771559596061707e-01,1.606049090623855591e-01,2.080307900905609131e-02,6.630658358335494995e-02,1.006536558270454407e-02,-7.028445601463317871e-02,-1.017801985144615173e-01,-1.243648678064346313e-01,-3.324527293443679810e-02,1.296415831893682480e-02,4.714511334896087646e-02,-6.858070939779281616e-02,3.353685140609741211e-02,5.577877163887023926e-02,2.767011709511280060e-02,1.524534448981285095e-02,-1.008339747786521912e-01,2.132410556077957153e-02,8.002880029380321503e-03,-6.661069393157958984e-02,-5.201785266399383545e-02,-1.877668686211109161e-02,3.082740493118762970e-02,7.740505039691925049e-03,1.239394545555114746e-01,-2.119117043912410736e-02,-3.057574853301048279e-02,3.757100179791450500e-02,1.318534016609191895e-01,-1.248428598046302795e-01,1.363919023424386978e-02,-7.619678229093551636e-02,8.978898823261260986e-02,-4.018081724643707275e-02,1.315839141607284546e-01,-5.176515877246856689e-02,-9.749981015920639038e-02,-6.488513667136430740e-03,1.330306977033615112e-01,-7.337306439876556396e-02,-1.093802824616432190e-01,1.331067830324172974e-01,2.363543026149272919e-03,-5.752486735582351685e-02,8.483113721013069153e-03,-1.182711720466613770e-01,-1.308679133653640747e-01,3.068903088569641113e-02,6.606367416679859161e-03,1.139094233512878418e-01,1.597659662365913391e-02,-2.553887292742729187e-02,-4.758870229125022888e-02,-1.009958535432815552e-01,3.571610152721405029e-02,-1.151335909962654114e-01,-6.278663058765232563e-04,7.178910076618194580e-02,-3.748957242351025343e-04,-7.570751011371612549e-02,8.469765633344650269e-02,9.038693271577358246e-03,6.747326999902725220e-02,-1.430512666702270508e-01,-1.749143935739994049e-02,1.361745148897171021e-01,-1.853983849287033081e-02,-1.109048649668693542e-01,-9.430029243230819702e-02,-9.938726574182510376e-02,-1.913956366479396820e-02,1.542423218488693237e-01,-1.284187287092208862e-02,-9.287336468696594238e-02,-5.901696905493736267e-02,9.624341130256652832e-02,-1.402066648006439209e-01,7.902548462152481079e-02,-3.157978411763906479e-03,-1.507837921380996704e-01,3.958955779671669006e-02,6.739693228155374527e-03,1.223090514540672302e-01,1.352805048227310181e-01,-7.771965861320495605e-02,-7.130952924489974976e-02,-1.026932671666145325e-01,1.644035452045500278e-03,2.171248942613601685e-02
5.246246606111526489e-02,2.730896323919296265e-02,-1.809026151895523071e-01,8.810311555862426758e-02,9.614144265651702881e-02,-5.163636058568954468e-02,4.947750642895698547e-02,4.094694182276725769e-02,4.072456061840057373e-02,4.619648307561874390e-02,2.767970785498619080e-03,-6.067477166652679443e-02,1.534128487110137939e-01,9.343992173671722412e-02,1.655514091253280640e-01,1.474989354610443115e-01,3.001571865752339363e-03,9.478944540023803711e-02,-5.009910464286804199e-02,-8.723023533821105957e-02,-9.950061887502670288e-02,1.788432449102401733e-01,1.152848750352859497e-01,-2.535013481974601746e-02,2.039751410484313965e-02,2.043541371822357178e-01,-1.731104999780654907e-01,-1.153338626027107239e-01,1.265151202678680420e-01,-6.983674317598342896e-02,-1.653041690587997437e-02,-1.902028769254684448e-01,1.429515331983566284e-01,7.535156607627868652e-02,1.454226905480027199e-03,-1.759720295667648315e-01,1.417574845254421234e-02,4.498934373259544373e-02,-1.226155236363410950e-01,-1.428979635238647461e-01,1.812794208526611328e-01,1.204468216747045517e-02,1.452849209308624268e-01,1.984283886849880219e-02,-3.966893255710601807e-02,-1.397561430931091309e-01,-1.852010935544967651e-01,-4.077154770493507385e-02,-4.983135964721441269e-03,2.626789733767509460e-02,-1.902107521891593933e-02,-5.454575642943382263e-03,6.024210155010223389e-02,6.098911631852388382e-03,-1.469037588685750961e-02,-1.677498817443847656e-01,3.957743570208549500e-02,1.433780044317245483e-02,-8.208768069744110107e-02,-6.742741912603378296e-02,-1.221067085862159729e-02,2.933077514171600342e-02,9.207047522068023682e-03,1.033573374152183533e-01,-2.450772374868392944e-02,-3.471982851624488831e-02,6.132829934358596802e-02,1.750038117170333862e-01,-1.609552502632141113e-01,2.352254837751388550e-02,-1.190540120005607605e-01,2.026009000837802887e-02,-2.854989096522331238e-02,1.741166412830352783e-01,-4.286120831966400146e-02,-1.372878700494766235e-01,-7.034558337181806564e-03,2.004169225692749023e-01,-6.839245557785034180e-02,-1.653444617986679077e-01,1.935471296310424805e-01,3.484606277197599411e-03,-1.069441065192222595e-01,8.080529980361461639e-03,-1.451962441205978394e-01,-1.562496572732925415e-01,7.369636744260787964e-02,1.048234850168228149e-02,1.104098334908485413e-01,2.750330790877342224e-02,-4.124918580055236816e-02,-4.967976361513137817e-02,-1.374991387128829956e-01,3.896898031234741211e-02,-1.509160995483398438e-01,-2.376269921660423279e-02,1.153623461723327637e-01,-5.160892033018171787e-04,-1.195771917700767517e-01,8.986895531415939331e-02,-1.585229672491550446e-02,7.075987011194229126e-02,-1.827342212200164795e-01,-2.509167604148387909e-02,2.101396471261978149e-01,2.940081246197223663e-02,-1.470783501863479614e-01,-1.497864425182342529e-01,-7.484221458435058594e-02,-2.414556033909320831e-02,1.536527276039123535e-01,-5.825228244066238403e-02,-1.306670606136322021e-01,-1.073969807475805283e-02,1.789933443069458008e-01,-1.818622648715972900e-01,1.162504255771636963e-01,3.716449439525604248e-02,-1.945872008800506592e-01,4.721967503428459167e-02,5.807213485240936279e-02,1.558369994163513184e-01,1.757549941539764404e-01,-7.945270091295242310e-02,-1.442464441061019897e-01,-1.097155138850212097e-01,6.395257543772459030e-03,7.162162661552429199e-02
-3.988258913159370422e-02,1.035855431109666824e-02,-6.567693501710891724e-02,-5.061870068311691284e-02,1.680390164256095886e-02,-5.801204126328229904e-03,1.246581599116325378e-02,1.345041580498218536e-02,-1.469670515507459641e-02,2.767970785498619080e-03,7.475371658802032471e-02,-1.518067996948957443e-02,8.425361663103103638e-02,-2.350020408630371094e-02,3.741448372602462769e-02,6.385744363069534302e-02,-3.859655233100056648e-03,-7.505974732339382172e-03,-9.757375344634056091e-03,-5.692774802446365356e-02,1.366776674985885620e-01,5.116592720150947571e-02,6.926229596138000488e-02,1.761005073785781860e-02,-4.240467213094234467e-03,8.043501526117324829e-02,-8.332749456167221069e-02,-5.243370682001113892e-02,1.301847398281097412e-01,-3.896353766322135925e-02,2.891581505537033081e-02,-1.520773209631443024e-02,-4.255823045969009399e-02,8.971432596445083618e-02,-9.604880586266517639e-03,-7.106100022792816162e-02,-5.725707393139600754e-03,2.005695737898349762e-02,-7.755869626998901367e-02,5.247796699404716492e-02,-5.207004491239786148e-03,-3.162573650479316711e-02,8.944755047559738159e-02,8.437771350145339966e-03,4.517303034663200378e-02,-1.006257683038711548e-01,-7.435943931341171265e-02,3.922889381647109985e-02,-1.671949774026870728e-02,-7.756426930427551270e-02,3.286176547408103943e-02,-3.538875654339790344e-02,-3.886867314577102661e-02,3.974998369812965393e-02,-8.520252257585525513e-02,-6.763692945241928101e-02,2.242512069642543793e-02,1.089684385806322098e-02,-2.113717235624790192e-02,2.799689769744873047e-03,4.579268768429756165e-02,-2.246209047734737396e-02,-3.482447238638997078e-03,-7.232280820608139038e-02,-9.886816143989562988e-03,-8.387620560824871063e-03,2.301464974880218506e-02,1.683163642883300781e-02,-7.418873161077499390e-02,2.069694222882390022e-03,-1.823610067367553711e-02,-1.287088245153427124e-01,5.514628719538450241e-03,5.640168860554695129e-02,2.077976800501346588e-02,4.129159078001976013e-02,-4.909137263894081116e-03,7.765576243400573730e-02,1.167941913008689880e-01,-4.446841403841972351e-02,-9.081335738301277161e-03,1.119349268265068531e-03,-6.091223657131195068e-02,-2.789842837955802679e-04,4.759231582283973694e-02,-9.525205194950103760e-02,5.742704123258590698e-02,6.677285768091678619e-03,4.876067116856575012e-02,1.207844354212284088e-02,-1.123641058802604675e-02,4.355457797646522522e-02,2.016232907772064209e-02,-3.176619112491607666e-02,-1.329560577869415283e-02,6.180080585181713104e-03,1.152059715241193771e-02,-7.532057497883215547e-05,-7.559040188789367676e-02,-3.444354236125946045e-02,-3.031171485781669617e-02,2.485199272632598877e-02,-3.229763731360435486e-02,-9.979807771742343903e-03,5.922348052263259888e-02,-7.926587015390396118e-02,5.597822740674018860e-02,-5.535868555307388306e-02,1.637736149132251740e-02,-6.134889088571071625e-03,-4.280919581651687622e-02,2.245602011680603027e-02,-2.952231653034687042e-02,3.617790341377258301e-02,7.694859802722930908e-02,-5.644247308373451233e-02,4.666336253285408020e-02,5.020315572619438171e-02,-9.050246328115463257e-03,-9.969242848455905914e-03,4.896683618426322937e-02,2.127630822360515594e-02,2.903194352984428406e-02,2.260666340589523315e-03,-8.956472575664520264e-02,1.829803455621004105e-03,7.466093637049198151e-03,-4.196639638394117355e-03
-8.579614758491516113e-02,-4.117615148425102234e-02,2.735086083412170410e-01,-1.476303339004516602e-01,-1.432667374610900879e-01,4.659809544682502747e-02,-5.406140536069869995e-02,-1.041969358921051025e-01,-4.100787267088890076e-02,-6.067477166652679443e-02,-1.518067996948957443e-02,9.586717933416366577e-02,-2.326663285493850708e-01,-1.622349321842193604e-01,-2.557252645492553711e-01,-2.246047705411911011e-01,-2.185476245358586311e-03,-1.448216736316680908e-01,6.743606179952621460e-02,1.279497593641281128e-01,1.132857948541641235e-01,-2.781935036182403564e-01,-1.927580535411834717e-01,4.490235820412635803e-02,-2.945521101355552673e-02,-2.874213755130767822e-01,2.628285586833953857e-01,1.767944097518920898e-01,-2.147382497787475586e-01,1.017849892377853394e-01,2.151348255574703217e-02,2.738007307052612305e-01,-1.891944259405136108e-01,-1.368538439273834229e-01,2.872971817851066589e-03,2.749560773372650146e-01,-2.142333611845970154e-02,-6.720838695764541626e-02,1.846669316291809082e-01,2.297837436199188232e-01,-2.473933547735214233e-01,-1.171288080513477325e-02,-2.371158003807067871e-01,-3.137195482850074768e-02,1.521218381822109222e-02,2.060990631580352783e-01,2.790646553039550781e-01,6.071585416793823242e-02,2.656345255672931671e-02,-1.878221891820430756e-02,7.958388887345790863e-03,3.714109584689140320e-02,-9.208140522241592407e-02,1.633503474295139313e-02,3.738164901733398438e-02,2.663563191890716553e-01,-7.205826044082641602e-02,-2.418393455445766449e-02,9.835526347160339355e-02,1.014348790049552917e-01,3.885837504640221596e-03,-3.366886451840400696e-02,-1.333642657846212387e-02,-9.404993057250976562e-02,4.852125793695449829e-02,4.768237471580505371e-02,-9.094901382923126221e-02,-2.610621750354766846e-01,2.458378523588180542e-01,-2.289605140686035156e-02,1.792094707489013672e-01,1.249530538916587830e-02,4.544521495699882507e-02,-2.620438039302825928e-01,5.064858496189117432e-02,1.797304004430770874e-01,9.291444905102252960e-03,-2.953189015388488770e-01,9.490702301263809204e-02,2.564970850944519043e-01,-2.831890285015106201e-01,-5.489522125571966171e-03,1.685704141855239868e-01,-1.185556128621101379e-02,2.020158171653747559e-01,2.297332286834716797e-01,-9.487885236740112305e-02,-1.691068522632122040e-02,-1.388747245073318481e-01,-4.162908717989921570e-02,5.346167460083961487e-02,6.829220801591873169e-02,1.959582269191741943e-01,-5.268136039376258850e-02,2.142071872949600220e-01,4.621251299977302551e-02,-1.747774630784988403e-01,7.514043245464563370e-04,1.905280500650405884e-01,-1.191769763827323914e-01,3.083097934722900391e-02,-8.164507150650024414e-02,2.705709338188171387e-01,3.741098940372467041e-02,-2.974589169025421143e-01,-5.121405795216560364e-02,1.900551170110702515e-01,2.344006896018981934e-01,6.807419657707214355e-02,3.279823437333106995e-02,-2.372524738311767578e-01,7.725673913955688477e-02,2.128245383501052856e-01,2.064977586269378662e-02,-2.853843867778778076e-01,2.614317834377288818e-01,-1.862017512321472168e-01,-6.134384870529174805e-02,2.880927622318267822e-01,-6.741754710674285889e-02,-7.441284507513046265e-02,-2.205609679222106934e-01,-2.563263177871704102e-01,9.525021165609359741e-02,2.370556294918060303e-01,1.477804929018020630e-01,-7.382040843367576599e-03,-1.101242452859878540e-01
