5.403152704238891602e-01,2.162330597639083862e-02,9.926866739988327026e-02,-1.946225166320800781e-01,4.356530010700225830e-01,-4.271748661994934082e-01,1.049410179257392883e-01,5.175905823707580566e-01,3.865267336368560791e-02,1.039495039731264114e-02,-3.697779774665832520e-01,-3.066476285457611084e-01,-1.829890608787536621e-01,-1.196060795336961746e-02,4.437320306897163391e-02,2.829981446266174316e-01,5.117958411574363708e-03,-9.668779373168945312e-02,6.760177016258239746e-02,-2.112205475568771362e-01,-2.258042544126510620e-01,-2.960213720798492432e-01,-2.526139020919799805e-01,1.959723085165023804e-01,4.711567237973213196e-02,2.805317938327789307e-01,-1.058959364891052246e-01,-4.869894683361053467e-01,1.021714583039283752e-01,-1.815086454153060913e-01,-2.068480253219604492e-01,-1.306427866220474243e-01,-2.025187313556671143e-01,1.877567768096923828e-01,-1.685876026749610901e-02,-1.050598099827766418e-01,1.598171144723892212e-01,1.040854975581169128e-01,-3.160305321216583252e-01,-4.044252336025238037e-01,2.055429071187973022e-01,1.705388873815536499e-01,-1.667593568563461304e-01,3.641965612769126892e-02,-1.339927501976490021e-02,2.558056116104125977e-01,-6.886275857686996460e-02,4.785719513893127441e-02,1.792908906936645508e-01,-1.187948063015937805e-01,-2.809672057628631592e-01,-3.513934612274169922e-01,2.065364718437194824e-01,-5.099148303270339966e-02,1.688157906755805016e-03,-1.593948155641555786e-01,2.036394178867340088e-01,3.359749447554349899e-03,1.039076372981071472e-01,2.941964268684387207e-01,-1.287244260311126709e-01,2.577593326568603516e-01,-5.907678976655006409e-03,3.351157009601593018e-01,1.790070235729217529e-01,-4.704213514924049377e-02,-4.136843383312225342e-01,1.711350828409194946e-01,-9.138204902410507202e-02,4.228988289833068848e-01,-3.172940611839294434e-01,2.393202334642410278e-01,-1.022425889968872070e-01,-2.852559089660644531e-02,-2.777665257453918457e-01,-2.160010188817977905e-01,8.162030135281383991e-04,5.097904801368713379e-02,1.326864510774612427e-01,-1.898225396871566772e-02,1.134812310338020325e-01,-2.518468318157829344e-05,-2.304797619581222534e-01,-4.854554776102304459e-03,-3.386014699935913086e-01,8.418175578117370605e-02,4.148352146148681641e-01,2.616847865283489227e-03,-8.088899403810501099e-02,1.883341223001480103e-01,-1.648145318031311035e-01,4.017063081264495850e-01,1.586295664310455322e-01,-2.564204931259155273e-01,-5.904528126120567322e-02,-3.846678435802459717e-01,-3.169650956988334656e-02,-7.356969945249147713e-06,-2.004136592149734497e-01,1.286184191703796387e-01,-4.697890281677246094e-01,4.925308227539062500e-01,-2.637727186083793640e-02,-1.957629770040512085e-01,-5.481563881039619446e-02,1.017817482352256775e-01,2.397265881299972534e-01,1.457764804363250732e-01,-5.130126476287841797e-01,2.015569992363452911e-02,-1.069351211190223694e-01,2.015577852725982666e-01,5.877390131354331970e-02,-7.233138382434844971e-02,1.244240328669548035e-01,-1.244722083210945129e-01,3.905743360519409180e-01,-2.444108277559280396e-01,-1.813380718231201172e-01,-1.697768419981002808e-01,-1.310833692550659180e-01,6.038444489240646362e-02,5.650141462683677673e-02,3.866625428199768066e-01,-1.456975489854812622e-01,2.421777993440628052e-01,5.815849173814058304e-03,2.110208719968795776e-01
2.162330597639083862e-02,1.183911599218845367e-02,-8.284556120634078979e-02,5.480150133371353149e-02,6.872744858264923096e-02,-2.372672967612743378e-02,-7.497460581362247467e-03,5.762568861246109009e-02,6.908599287271499634e-02,7.445682585239410400e-02,-1.939562382176518440e-03,-5.405570194125175476e-02,8.025013655424118042e-02,6.564899533987045288e-02,7.847742736339569092e-02,1.061997711658477783e-01,-1.108732190914452076e-03,7.107212394475936890e-02,-7.940207421779632568e-02,-4.893229901790618896e-02,-2.807861007750034332e-02,4.540907591581344604e-02,5.519133806228637695e-02,-2.652850560843944550e-02,1.588818803429603577e-02,9.546437859535217285e-02,-7.723932713270187378e-02,-6.179122626781463623e-02,9.374164789915084839e-02,-4.324550181627273560e-02,4.308613482862710953e-03,-9.187930822372436523e-02,3.654698282480239868e-02,6.713672727346420288e-02,-3.811396658420562744e-03,-1.016417145729064941e-01,8.018262684345245361e-02,8.979574590921401978e-02,-9.849041700363159180e-02,-5.854048579931259155e-02,8.166240155696868896e-02,-1.733666053041815758e-03,7.603108882904052734e-02,4.925927892327308655e-02,1.780666410923004150e-03,-7.204670459032058716e-02,-7.884310930967330933e-02,-2.876286767423152924e-02,-2.655334398150444031e-02,-5.431015975773334503e-03,-1.954885519808158278e-04,-3.654172644019126892e-02,5.519688501954078674e-02,4.823264200240373611e-03,-4.435038566589355469e-02,-9.443961083889007568e-02,4.201862588524818420e-02,3.111730096861720085e-03,-8.237774670124053955e-02,-4.006892815232276917e-02,1.111193560063838959e-02,-2.985736168920993805e-02,1.812522765249013901e-03,3.100997954607009888e-02,7.494088727980852127e-03,-3.092150948941707611e-02,3.938145563006401062e-02,1.010332778096199036e-01,-8.606315404176712036e-02,4.854717478156089783e-02,-8.697590231895446777e-02,-3.158792108297348022e-02,-2.112338691949844360e-02,8.419825881719589233e-02,-5.321628600358963013e-02,-9.188345819711685181e-02,-3.605399979278445244e-04,9.097686409950256348e-02,-1.048943400382995605e-02,-8.039470762014389038e-02,7.986839115619659424e-02,4.339988663559779525e-05,-8.123132586479187012e-02,-2.863993868231773376e-04,-9.574813395738601685e-02,-7.834056764841079712e-02,5.695725604891777039e-02,1.118869520723819733e-03,7.916268706321716309e-02,7.398834824562072754e-02,-8.307140320539474487e-03,-5.607798229902982712e-03,-6.620868295431137085e-02,-4.893286386504769325e-04,-8.192630857229232788e-02,-1.416718307882547379e-02,6.608416885137557983e-02,3.281876104210823542e-07,-7.866676896810531616e-02,8.869209885597229004e-02,-4.110485315322875977e-02,6.672351807355880737e-02,-8.599711954593658447e-02,-9.260712563991546631e-02,9.027350693941116333e-02,-2.428355440497398376e-02,-6.179971620440483093e-02,-9.189819544553756714e-02,-4.398818314075469971e-02,5.555798416025936604e-04,4.756221175193786621e-02,-6.038210541009902954e-02,-8.066371828317642212e-02,-3.056261688470840454e-02,8.995616436004638672e-02,-8.199471980333328247e-02,6.899192929267883301e-02,5.397091433405876160e-02,-9.422037005424499512e-02,4.521219059824943542e-02,8.479499071836471558e-02,6.982527673244476318e-02,6.581794470548629761e-02,-4.210237786173820496e-02,-3.730057552456855774e-02,-3.225209563970565796e-02,-6.651618983596563339e-03,7.087828963994979858e-02
9.926866739988327026e-02,-8.284556120634078979e-02,7.918627262115478516e-01,-6.964988708496093750e-01,-3.821851313114166260e-01,-1.892949454486370087e-02,8.411093056201934814e-02,-2.364017516374588013e-01,-6.215977072715759277e-01,-6.457173228263854980e-01,-2.715408243238925934e-02,3.614471554756164551e-01,-6.765364408493041992e-01,-6.741598844528198242e-01,-7.335487604141235352e-01,-7.154905796051025391e-01,1.039570849388837814e-02,-6.356639862060546875e-01,7.576450705528259277e-01,4.582106173038482666e-01,2.506966888904571533e-01,-6.077795028686523438e-01,-6.584105491638183594e-01,2.981591522693634033e-01,-1.519498080015182495e-01,-6.213344931602478027e-01,6.643639802932739258e-01,2.230405956506729126e-01,-7.480730414390563965e-01,2.556855976581573486e-01,-8.759107440710067749e-02,7.552516460418701172e-01,-5.048581361770629883e-01,-6.224935054779052734e-01,2.458598650991916656e-02,7.688950896263122559e-01,-6.317241787910461426e-01,-7.614839076995849609e-01,5.960952639579772949e-01,4.298344850540161133e-01,-6.524510383605957031e-01,6.620143074542284012e-03,-7.455351352691650391e-01,-4.483796060085296631e-01,2.951752208173274994e-02,7.534687519073486328e-01,7.375912666320800781e-01,2.696304321289062500e-01,2.418389767408370972e-01,9.312991052865982056e-02,-8.503826707601547241e-02,1.354617774486541748e-01,-5.048277974128723145e-01,-5.076842755079269409e-02,3.256037533283233643e-01,7.462196946144104004e-01,-4.380223751068115234e-01,-2.986309118568897247e-02,7.503229379653930664e-01,6.005813479423522949e-01,-1.367428153753280640e-01,3.192643523216247559e-01,-2.394306659698486328e-02,-7.967776805162429810e-02,6.296804174780845642e-03,2.882093191146850586e-01,-4.248185157775878906e-01,-7.471005320549011230e-01,7.284991741180419922e-01,-1.733555346727371216e-01,6.270926594734191895e-01,3.065621256828308105e-01,2.752401530742645264e-01,-7.791318297386169434e-01,3.856095969676971436e-01,6.874115467071533203e-01,3.116113599389791489e-03,-7.911540269851684570e-01,2.638371884822845459e-01,7.388102412223815918e-01,-7.219308614730834961e-01,-4.861749184783548117e-04,6.564528942108154297e-01,-2.490370301529765129e-03,6.524035334587097168e-01,7.745328545570373535e-01,-2.696920335292816162e-01,-8.249043487012386322e-03,-7.073420286178588867e-01,-6.356769800186157227e-01,6.093876808881759644e-02,2.640042603015899658e-01,7.083567380905151367e-01,-2.060069143772125244e-01,7.299309372901916504e-01,-9.386815130710601807e-02,-5.690957903861999512e-01,-5.534240244742250070e-06,5.841661691665649414e-01,-6.625050306320190430e-01,2.148979902267456055e-01,-2.808930873870849609e-01,7.830831408500671387e-01,7.130652070045471191e-01,-8.163543343544006348e-01,3.623839467763900757e-02,6.916407942771911621e-01,8.033517599105834961e-01,9.344027936458587646e-02,1.114625297486782074e-02,-5.683255791664123535e-01,7.162077426910400391e-01,7.828986048698425293e-01,2.781630866229534149e-02,-7.654491066932678223e-01,6.951307654380798340e-01,-3.516814112663269043e-01,-6.368910074234008789e-01,7.450639605522155762e-01,-5.878540873527526855e-01,-7.614652514457702637e-01,-6.705355048179626465e-01,-6.506611108779907227e-01,5.515295267105102539e-01,4.328945875167846680e-01,5.060694813728332520e-01,2.607432752847671509e-02,-5.689401030540466309e-01
-1.946225166320800781e-01,5.480150133371353149e-02,-6.964988708496093750e-01,7.550346851348876953e-01,1.717880517244338989e-01,9.048856049776077271e-02,-6.132019683718681335e-02,8.932546712458133698e-03,6.038011908531188965e-01,4.876838624477386475e-01,-9.448697417974472046e-02,-1.865102350711822510e-01,4.758386313915252686e-01,6.270176768302917480e-01,6.471543908119201660e-01,4.906257688999176025e-01,-6.986746098846197128e-03,4.862550497055053711e-01,-7.049967050552368164e-01,-4.366333782672882080e-01,-3.592351675033569336e-01,5.922296047210693359e-01,6.105307936668395996e-01,-2.160954028367996216e-01,1.444898545742034912e-01,3.881844282150268555e-01,-5.280929803848266602e-01,5.049881711602210999e-02,5.446884036064147949e-01,-6.402669847011566162e-02,3.452950716018676758e-02,-6.838639974594116211e-01,6.317123770713806152e-01,5.621529221534729004e-01,-4.707700107246637344e-03,-5.731672048568725586e-01,4.465452134609222412e-01,6.605834960937500000e-01,-3.047036230564117432e-01,-3.699098229408264160e-01,5.944536328315734863e-01,1.096585020422935486e-01,6.266000866889953613e-01,3.184308409690856934e-01,-2.123733162879943848e-01,-6.422836184501647949e-01,-6.829261779785156250e-01,-2.049884647130966187e-01,-4.832210391759872437e-02,-5.309570580720901489e-02,8.274670690298080444e-02,1.100658327341079712e-01,5.500845909118652344e-01,1.576828304678201675e-03,-9.708641469478607178e-02,-5.715650916099548340e-01,4.716043770313262939e-01,2.397979423403739929e-02,-6.507792472839355469e-01,-7.273642420768737793e-01,5.859895423054695129e-02,-1.851228028535842896e-01,2.939975075423717499e-02,-6.295289378613233566e-03,3.762080520391464233e-02,-2.476571202278137207e-01,3.117880225181579590e-01,5.456313490867614746e-01,-6.070715785026550293e-01,-7.057606428861618042e-02,-4.571123421192169189e-01,-6.947072595357894897e-02,-3.908385634422302246e-01,6.920367479324340820e-01,-3.989496827125549316e-01,-5.223121047019958496e-01,-1.678804517723619938e-03,6.553840637207031250e-01,-4.220356345176696777e-01,-6.619522571563720703e-01,6.784965991973876953e-01,4.433657741174101830e-04,-5.161209106445312500e-01,1.031749881803989410e-02,-4.876647889614105225e-01,-6.999714970588684082e-01,2.523983456194400787e-02,4.006396047770977020e-03,5.794679522514343262e-01,5.270950198173522949e-01,-1.244006827473640442e-01,-4.262216389179229736e-01,-7.333008050918579102e-01,3.521458804607391357e-01,-6.745992898941040039e-01,2.206780910491943359e-01,3.923821747303009033e-01,4.079607151652453467e-06,-3.671145737171173096e-01,4.906011223793029785e-01,-7.464303821325302124e-02,2.488907240331172943e-02,-7.416028380393981934e-01,-5.435746312141418457e-01,7.708244919776916504e-01,2.051532417535781860e-01,-7.874040603637695312e-01,-6.641787290573120117e-01,1.111780479550361633e-01,-2.732513286173343658e-02,6.320644617080688477e-01,-7.505273818969726562e-01,-7.539769411087036133e-01,2.186528742313385010e-01,6.338194012641906738e-01,-6.194142103195190430e-01,7.743348926305770874e-02,5.589887499809265137e-01,-5.929415225982666016e-01,6.491279006004333496e-01,6.135537028312683105e-01,6.920799016952514648e-01,6.352726817131042480e-01,-5.476865768432617188e-01,-4.412911534309387207e-01,-5.960078835487365723e-01,1.253687590360641479e-02,4.247936606407165527e-01
4.356530010700225830e-01,6.872744858264923096e-02,-3.821851313114166260e-01,1.717880517244338989e-01,6.894328594207763672e-01,-3.708791732788085938e-01,3.879908099770545959e-02,7.066017389297485352e-01,3.112586736679077148e-01,3.978122472763061523e-01,-2.254952788352966309e-01,-5.552698373794555664e-01,3.137262463569641113e-01,3.445301651954650879e-01,4.626362919807434082e-01,7.420266270637512207e-01,-2.138518728315830231e-03,3.291213214397430420e-01,-3.592531383037567139e-01,-4.024084508419036865e-01,-1.982361227273941040e-01,6.417956203222274780e-02,1.386855542659759521e-01,-3.000837378203868866e-02,1.148105785250663757e-01,6.784428954124450684e-01,-5.009859204292297363e-01,-6.760644912719726562e-01,6.207461357116699219e-01,-3.794823586940765381e-01,-1.106753200292587280e-01,-5.260478258132934570e-01,-1.519384421408176422e-02,5.206525921821594238e-01,-4.034001752734184265e-02,-5.950651764869689941e-01,5.576632022857666016e-01,5.366721153259277344e-01,-7.630593776702880859e-01,-5.859308242797851562e-01,5.201578736305236816e-01,5.738586559891700745e-02,3.094996213912963867e-01,3.305237293243408203e-01,1.251274943351745605e-01,-2.523481845855712891e-01,-4.745421409606933594e-01,-1.347869932651519775e-01,-1.022342815995216370e-01,-2.011885344982147217e-01,-2.046517282724380493e-01,-5.453847646713256836e-01,3.770429491996765137e-01,1.340983808040618896e-02,-3.097650408744812012e-01,-6.323872208595275879e-01,3.755902945995330811e-01,2.168835885822772980e-02,-3.421950638294219971e-01,1.504610665142536163e-02,1.818593591451644897e-02,-3.601670265197753906e-02,1.170676434412598610e-03,3.403910100460052490e-01,1.087319925427436829e-01,-2.010574936866760254e-01,-7.258053869009017944e-02,6.485135555267333984e-01,-5.072902441024780273e-01,5.926030278205871582e-01,-6.952067017555236816e-01,-1.333144158124923706e-01,-1.259972751140594482e-01,4.317586123943328857e-01,-3.817040920257568359e-01,-6.215486526489257812e-01,-1.647874363698065281e-03,5.493145585060119629e-01,8.479820936918258667e-02,-4.298933148384094238e-01,4.913000762462615967e-01,2.471966727171093225e-04,-6.110408306121826172e-01,-8.250139653682708740e-03,-7.093057036399841309e-01,-3.771531879901885986e-01,6.327902674674987793e-01,9.056211449205875397e-03,3.389177322387695312e-01,5.489622354507446289e-01,-1.297913789749145508e-01,3.365894258022308350e-01,-1.987509727478027344e-01,-2.222634255886077881e-01,-4.495936334133148193e-01,-3.631938993930816650e-01,3.668255507946014404e-01,-2.680162651813589036e-06,-5.905116796493530273e-01,5.410841703414916992e-01,-6.061650514602661133e-01,7.001258134841918945e-01,-4.528045654296875000e-01,-6.363474726676940918e-01,3.987497389316558838e-01,-5.699129030108451843e-02,-8.462393283843994141e-02,-3.884052932262420654e-01,-5.995529294013977051e-01,2.477488853037357330e-02,1.249304413795471191e-01,-1.741713285446166992e-01,-3.802612423896789551e-01,-2.156327813863754272e-01,5.951312184333801270e-01,-4.839446842670440674e-01,6.627655625343322754e-01,1.744307875633239746e-01,-6.329061985015869141e-01,9.611425548791885376e-02,3.762922585010528564e-01,3.590020835399627686e-01,3.594226539134979248e-01,6.021480262279510498e-02,-3.454527854919433594e-01,3.247172385454177856e-02,-2.693266421556472778e-02,5.418828129768371582e-01
-4.271748661994934082e-01,-2.372672967612743378e-02,-1.892949454486370087e-02,9.048856049776077271e-02,-3.708791732788085938e-01,3.667112886905670166e-01,-6.961857527494430542e-02,-4.208412766456604004e-01,-1.158637255430221558e-01,-4.845107346773147583e-02,3.081555664539337158e-01,2.741536498069763184e-01,1.105018481612205505e-01,-6.114191561937332153e-02,-9.932533651590347290e-02,-2.965090870857238770e-01,-3.782166168093681335e-03,2.879215404391288757e-02,4.202707670629024506e-03,2.081587910652160645e-01,2.410263270139694214e-01,1.867072284221649170e-01,1.565282195806503296e-01,-1.486266255378723145e-01,-5.304515734314918518e-02,-2.798241674900054932e-01,1.405512988567352295e-01,3.982775509357452393e-01,-1.293001919984817505e-01,1.362152695655822754e-01,1.760835796594619751e-01,1.922170966863632202e-01,1.102772653102874756e-01,-2.047976404428482056e-01,1.405800413340330124e-02,1.535398066043853760e-01,-1.738521009683609009e-01,-1.525157690048217773e-01,2.931998968124389648e-01,3.677033483982086182e-01,-2.390199899673461914e-01,-1.480184048414230347e-01,7.720788568258285522e-02,-5.293255299329757690e-02,3.183470293879508972e-02,-1.480021774768829346e-01,1.211668923497200012e-01,-2.293132804334163666e-02,-1.473302096128463745e-01,1.105041503906250000e-01,2.306489348411560059e-01,2.634977400302886963e-01,-2.285733371973037720e-01,4.492671787738800049e-02,-1.204233383759856224e-03,1.857938766479492188e-01,-2.210089266300201416e-01,-4.936455283313989639e-03,-2.894786000251770020e-02,-1.649243980646133423e-01,1.037000045180320740e-01,-2.029018253087997437e-01,2.345589222386479378e-03,-2.675450146198272705e-01,-1.537410020828247070e-01,6.224954128265380859e-02,3.171572983264923096e-01,-1.960392892360687256e-01,1.464212983846664429e-01,-3.320483267307281494e-01,3.006018996238708496e-01,-2.053458988666534424e-01,1.351874321699142456e-01,-4.991703480482101440e-02,2.661610245704650879e-01,2.209729403257369995e-01,-4.753611283376812935e-04,-1.065343916416168213e-01,-6.930506229400634766e-02,8.914209157228469849e-02,-1.593639403581619263e-01,-2.311875687155406922e-05,2.401439398527145386e-01,2.280093962326645851e-03,3.311403095722198486e-01,6.218153983354568481e-03,-3.356883227825164795e-01,-2.461032243445515633e-03,9.894831106066703796e-03,-2.066463530063629150e-01,1.404836624860763550e-01,-2.888052761554718018e-01,-5.370674654841423035e-02,1.741650104522705078e-01,1.148754209280014038e-01,2.895357310771942139e-01,1.413775607943534851e-02,4.362448635220061988e-06,1.995383948087692261e-01,-1.526772379875183105e-01,3.870756924152374268e-01,-4.076706171035766602e-01,1.074599400162696838e-01,2.147421836853027344e-01,-3.069924376904964447e-02,-9.222750365734100342e-02,-1.189111322164535522e-01,-5.164758488535881042e-02,4.163630008697509766e-01,-1.294164266437292099e-02,3.256286028772592545e-03,-1.034066230058670044e-01,3.043328784406185150e-02,4.301960393786430359e-02,-1.628989130258560181e-01,1.636441648006439209e-01,-3.387194275856018066e-01,1.615448892116546631e-01,2.016334533691406250e-01,7.504551857709884644e-02,5.909322947263717651e-02,-1.229940578341484070e-01,-1.181219518184661865e-01,-2.686654031276702881e-01,1.641059070825576782e-01,-1.411904245615005493e-01,-1.167151425033807755e-02,-2.016620039939880371e-01
1.049410179257392883e-01,-7.497460581362247467e-03,8.411093056201934814e-02,-6.132019683718681335e-02,3.879908099770545959e-02,-6.961857527494430542e-02,5.419771373271942139e-02,6.834800541400909424e-02,-4.392147809267044067e-02,-5.777505040168762207e-02,-1.273558437824249268e-01,-2.560362033545970917e-02,-1.411040127277374268e-01,-4.032968729734420776e-02,-3.305040299892425537e-02,-2.785242162644863129e-02,2.860981738194823265e-03,-1.132520139217376709e-01,6.396168470382690430e-02,-5.493511259555816650e-02,-6.902612745761871338e-02,-9.964379668235778809e-02,-1.004869043827056885e-01,7.942940294742584229e-02,6.580413319170475006e-03,-2.469199337065219879e-02,1.777521520853042603e-02,-3.875579684972763062e-02,-4.994834586977958679e-02,9.494565310887992382e-04,-6.271923333406448364e-02,1.661469973623752594e-02,-5.318382754921913147e-02,3.076642937958240509e-02,3.972773265559226274e-04,6.418967247009277344e-02,-3.142815828323364258e-02,-3.402112424373626709e-02,2.896342612802982330e-02,-8.221919089555740356e-02,-5.590748041868209839e-03,7.541932165622711182e-02,-1.104239597916603088e-01,-3.353584557771682739e-02,-3.860307484865188599e-02,1.209218949079513550e-01,2.662250027060508728e-02,5.265932157635688782e-02,1.081040948629379272e-01,-4.135010018944740295e-02,-7.902235537767410278e-02,-4.603590443730354309e-02,4.195635020732879639e-02,-2.241778932511806488e-02,6.426154077053070068e-02,2.884428575634956360e-02,4.652595147490501404e-02,-1.565254875458776951e-03,9.699147194623947144e-02,7.760749012231826782e-02,-5.924735963344573975e-02,1.239749565720558167e-01,-9.499214938841760159e-04,5.626069009304046631e-02,4.546752944588661194e-02,8.463680744171142578e-03,-1.654299348592758179e-01,-4.462303966283798218e-02,4.040670767426490784e-02,4.662143811583518982e-02,-1.582346484065055847e-02,1.105898991227149963e-01,-4.685231670737266541e-02,-6.675432622432708740e-02,-3.521620482206344604e-02,1.988213695585727692e-02,7.374720298685133457e-04,-4.794896394014358521e-02,1.793818548321723938e-02,4.732417315244674683e-02,-1.159459818154573441e-02,-2.488862810423597693e-05,-4.735483787953853607e-03,-4.700266290456056595e-04,-5.614148452877998352e-03,7.063758373260498047e-02,4.189563542604446411e-02,-6.400917773135006428e-04,-8.535144478082656860e-02,2.283210633322596550e-03,-5.266890302300453186e-02,8.631207793951034546e-02,7.626198232173919678e-02,-2.901815623044967651e-02,4.222811758518218994e-02,-7.306574285030364990e-02,-8.316011726856231689e-02,-3.020004896825412288e-06,2.105694077908992767e-02,-6.171038374304771423e-02,-9.790365397930145264e-02,5.320405587553977966e-02,4.389557987451553345e-02,2.449693158268928528e-02,-6.282766908407211304e-02,1.018664389848709106e-01,7.945813983678817749e-02,1.282929629087448120e-01,-6.698419153690338135e-02,1.767339417710900307e-03,-3.788629546761512756e-02,5.868710204958915710e-02,6.747611612081527710e-02,8.049130439758300781e-02,-3.307068720459938049e-02,1.940756291151046753e-02,1.372370962053537369e-02,-1.068335473537445068e-01,2.562291733920574188e-02,-5.684354156255722046e-02,-1.115922182798385620e-01,-1.307139731943607330e-02,-1.410344522446393967e-02,1.342568546533584595e-01,-5.245778709650039673e-02,5.450325459241867065e-02,1.558245066553354263e-02,2.450524829328060150e-03
5.175905823707580566e-01,5.762568861246109009e-02,-2.364017516374588013e-01,8.932546712458133698e-03,7.066017389297485352e-01,-4.208412766456604004e-01,6.834800541400909424e-02,7.821282148361206055e-01,1.721298247575759888e-01,3.019254505634307861e-01,-2.278575897216796875e-01,-5.921880006790161133e-01,1.994385272264480591e-01,2.315070629119873047e-01,3.537000715732574463e-01,6.693032383918762207e-01,2.004938141908496618e-04,2.138167321681976318e-01,-2.035473585128784180e-01,-3.545058965682983398e-01,-1.180027276277542114e-01,-7.125531136989593506e-02,-7.782766129821538925e-03,2.126654051244258881e-02,9.503378719091415405e-02,6.304857730865478516e-01,-4.287053346633911133e-01,-7.459150552749633789e-01,5.447809100151062012e-01,-4.001999497413635254e-01,-1.412719935178756714e-01,-3.979273140430450439e-01,-2.031359672546386719e-01,4.538967311382293701e-01,-4.611610993742942810e-02,-4.943863153457641602e-01,5.028484463691711426e-01,4.148388803005218506e-01,-7.422235012054443359e-01,-5.636216998100280762e-01,4.066515564918518066e-01,3.490592539310455322e-02,1.698836386203765869e-01,2.916967868804931641e-01,2.218925207853317261e-01,-1.192477568984031677e-01,-3.496411740779876709e-01,-8.577716350555419922e-02,-9.395490586757659912e-02,-2.632275521755218506e-01,-2.665671706199645996e-01,-6.583966016769409180e-01,2.717687189579010010e-01,7.587774656713008881e-03,-3.214385807514190674e-01,-5.482474565505981445e-01,3.200570642948150635e-01,1.876783184707164764e-02,-1.856646686792373657e-01,2.041619271039962769e-01,8.159005083143711090e-03,2.327820844948291779e-02,-6.943650543689727783e-03,3.576205670833587646e-01,9.953856468200683594e-02,-1.630427390336990356e-01,-1.883324533700942993e-01,5.585958361625671387e-01,-4.062665700912475586e-01,6.782683134078979492e-01,-6.468024253845214844e-01,-1.512047201395034790e-01,-5.024478211998939514e-02,3.002347052097320557e-01,-2.903763949871063232e-01,-5.351662635803222656e-01,-1.361830160021781921e-03,4.424331188201904297e-01,2.078592628240585327e-01,-3.000657558441162109e-01,3.672850728034973145e-01,1.782278704922646284e-04,-5.479110479354858398e-01,-1.232857257127761841e-02,-6.327241063117980957e-01,-2.411912828683853149e-01,6.989992260932922363e-01,9.298098273575305939e-03,2.126193046569824219e-01,4.854161739349365234e-01,-1.046197190880775452e-01,5.161537528038024902e-01,-2.092654816806316376e-02,-3.325555026531219482e-01,-3.084681928157806396e-01,-4.655881524085998535e-01,2.842450439929962158e-01,-3.619594508563750423e-06,-5.629033446311950684e-01,4.419274628162384033e-01,-6.804378032684326172e-01,7.610056400299072266e-01,-3.044562935829162598e-01,-5.574661493301391602e-01,2.288832515478134155e-01,-9.569802880287170410e-02,1.291924864053726196e-01,-2.398123145103454590e-01,-6.900700926780700684e-01,3.597269952297210693e-02,-1.948220469057559967e-02,-7.860219106078147888e-03,-2.220705598592758179e-01,-2.542821168899536133e-01,4.919891357421875000e-01,-3.668009340763092041e-01,7.067075371742248535e-01,5.489997565746307373e-02,-5.380328297615051270e-01,-6.924362480640411377e-02,2.400575131177902222e-01,2.110998183488845825e-01,2.311383187770843506e-01,2.309756875038146973e-01,-3.096773922443389893e-01,1.933556348085403442e-01,-2.137628570199012756e-02,5.012004971504211426e-01
3.865267336368560791e-02,6.908599287271499634e-02,-6.215977072715759277e-01,6.038011908531188965e-01,3.112586736679077148e-01,-1.158637255430221558e-01,-4.392147809267044067e-02,1.721298247575759888e-01,6.628743410110473633e-01,5.009753704071044922e-01,-1.664466857910156250e-01,-3.061495125293731689e-01,4.173054099082946777e-01,6.100285053253173828e-01,6.402606368064880371e-01,6.163406372070312500e-01,-5.351459141820669174e-03,4.060604572296142578e-01,-6.437599062919616699e-01,-5.043873190879821777e-01,-4.646115601062774658e-01,4.482995569705963135e-01,4.707371294498443604e-01,-1.413929164409637451e-01,1.582201719284057617e-01,5.381076335906982422e-01,-5.851908326148986816e-01,-1.569038033485412598e-01,5.552657246589660645e-01,-1.546286046504974365e-01,-3.321496769785881042e-02,-7.651511430740356445e-01,4.932763576507568359e-01,5.945786237716674805e-01,-1.125472038984298706e-02,-6.501144766807556152e-01,5.044363141059875488e-01,6.785898804664611816e-01,-4.260724186897277832e-01,-4.766802489757537842e-01,6.612176895141601562e-01,1.506324857473373413e-01,5.368651747703552246e-01,3.059490621089935303e-01,-2.216772437095642090e-01,-5.442386269569396973e-01,-6.516948938369750977e-01,-1.475389748811721802e-01,3.923763707280158997e-02,-9.832673519849777222e-02,-3.330554813146591187e-02,-9.983662515878677368e-03,5.981910228729248047e-01,-3.192751482129096985e-02,-9.466523677110671997e-02,-6.154788732528686523e-01,4.993470311164855957e-01,2.285174094140529633e-02,-5.886802077293395996e-01,-5.650213360786437988e-01,9.036472329171374440e-05,-4.652324318885803223e-02,2.631776221096515656e-02,1.594236940145492554e-01,1.059620082378387451e-01,-2.540563642978668213e-01,1.793983727693557739e-01,6.129694581031799316e-01,-6.554719209671020508e-01,1.043694764375686646e-01,-5.419852137565612793e-01,5.927523132413625717e-03,-4.326540529727935791e-01,6.679241657257080078e-01,-4.763006865978240967e-01,-5.829281210899353027e-01,-1.545495004393160343e-03,6.532511115074157715e-01,-3.024185895919799805e-01,-6.668612957000732422e-01,6.826502084732055664e-01,4.045867826789617538e-04,-5.759843587875366211e-01,8.317764848470687866e-03,-5.976784229278564453e-01,-6.518500447273254395e-01,1.858307868242263794e-01,5.019064992666244507e-03,5.898957252502441406e-01,5.686830282211303711e-01,-1.409535109996795654e-01,-2.624033987522125244e-01,-6.481419801712036133e-01,2.492081075906753540e-01,-6.515758633613586426e-01,7.140569388866424561e-02,3.186940252780914307e-01,3.496052386253722943e-06,-4.517123401165008545e-01,5.167651176452636719e-01,-2.190245985984802246e-01,2.443858683109283447e-01,-7.331859469413757324e-01,-6.038937568664550781e-01,7.487614750862121582e-01,1.092257127165794373e-01,-6.882036924362182617e-01,-6.111040711402893066e-01,-9.938524663448333740e-02,-2.112687937915325165e-02,6.280238628387451172e-01,-6.392847895622253418e-01,-6.962934732437133789e-01,1.429030597209930420e-01,6.262350678443908691e-01,-6.653785109519958496e-01,2.539770603179931641e-01,3.990815281867980957e-01,-6.230469346046447754e-01,5.371474623680114746e-01,5.341244935989379883e-01,6.863744854927062988e-01,6.386215090751647949e-01,-3.767043054103851318e-01,-4.661699235439300537e-01,-4.820642173290252686e-01,1.550869271159172058e-02,4.818007647991180420e-01
1.039495039731264114e-02,7.445682585239410400e-02,-6.457173228263854980e-01,4.876838624477386475e-01,3.978122472763061523e-01,-4.845107346773147583e-02,-5.777505040168762207e-02,3.019254505634307861e-01,5.009753704071044922e-01,5.694191455841064453e-01,5.242590233683586121e-02,-3.505652844905853271e-01,6.064980030059814453e-01,5.286121964454650879e-01,6.128315925598144531e-01,7.161924242973327637e-01,-8.860077708959579468e-03,5.081599950790405273e-01,-6.205964088439941406e-01,-3.879421651363372803e-01,-1.790609508752822876e-01,4.297210276126861572e-01,4.868116378784179688e-01,-2.444339394569396973e-01,1.209071502089500427e-01,6.382810473442077637e-01,-6.036709547042846680e-01,-3.216784298419952393e-01,6.970902681350708008e-01,-2.933396100997924805e-01,8.104421198368072510e-02,-6.835005283355712891e-01,3.141086995601654053e-01,5.331251621246337891e-01,-2.605262212455272675e-02,-7.363153100013732910e-01,5.699025988578796387e-01,6.586905121803283691e-01,-6.399996876716613770e-01,-3.797281980514526367e-01,5.508788824081420898e-01,-3.476975485682487488e-02,6.031547188758850098e-01,3.746363818645477295e-01,1.929818280041217804e-02,-6.264209747314453125e-01,-5.940816998481750488e-01,-1.961654871702194214e-01,-2.072272300720214844e-01,-8.616669476032257080e-02,4.348714649677276611e-02,-2.215924113988876343e-01,3.933000564575195312e-01,4.647262394428253174e-02,-3.224697709083557129e-01,-6.921731233596801758e-01,3.152515888214111328e-01,2.348155342042446136e-02,-6.200832128524780273e-01,-3.858903944492340088e-01,1.067273169755935669e-01,-2.437197417020797729e-01,1.602737791836261749e-02,1.478207409381866455e-01,-3.880062839016318321e-03,-2.308743000030517578e-01,3.517048060894012451e-01,7.070516943931579590e-01,-6.391065120697021484e-01,2.599959075450897217e-01,-5.908425450325012207e-01,-3.153552412986755371e-01,-1.793808788061141968e-01,6.514957547187805176e-01,-3.086016178131103516e-01,-6.308130025863647461e-01,-2.745124744251370430e-03,6.991018652915954590e-01,-1.074430719017982483e-01,-6.159627437591552734e-01,6.016139984130859375e-01,3.660838119685649872e-04,-5.832054018974304199e-01,-1.522311707958579063e-03,-6.198557019233703613e-01,-6.317141652107238770e-01,3.317703306674957275e-01,7.825438864529132843e-03,6.222609281539916992e-01,5.425025820732116699e-01,-2.580609172582626343e-02,-1.194599121809005737e-01,-5.321781039237976074e-01,9.205322712659835815e-02,-5.949434638023376465e-01,-4.048606846481561661e-03,4.739633500576019287e-01,3.894347173627465963e-06,-5.502832531929016113e-01,5.871872901916503906e-01,-2.508418858051300049e-01,3.801757693290710449e-01,-6.487437486648559570e-01,-6.564410924911499023e-01,7.041406631469726562e-01,-1.598636060953140259e-01,-5.231463909149169922e-01,-6.983789801597595215e-01,-1.821991205215454102e-01,-2.338907215744256973e-03,4.235281348228454590e-01,-5.471736192703247070e-01,-6.216382384300231934e-01,-1.109094694256782532e-01,6.605046987533569336e-01,-5.968974828720092773e-01,4.108486771583557129e-01,4.679917991161346436e-01,-6.681969165802001953e-01,3.968351781368255615e-01,6.496118903160095215e-01,5.212580561637878418e-01,5.106266140937805176e-01,-3.861608505249023438e-01,-3.372040390968322754e-01,-3.307881951332092285e-01,-3.594982251524925232e-02,5.019731521606445312e-01
-3.697779774665832520e-01,-1.939562382176518440e-03,-2.715408243238925934e-02,-9.448697417974472046e-02,-2.254952788352966309e-01,3.081555664539337158e-01,-1.273558437824249268e-01,-2.278575897216796875e-01,-1.664466857910156250e-01,5.242590233683586121e-02,5.738351941108703613e-01,1.478217989206314087e-01,3.221484124660491943e-01,-9.355638176202774048e-02,-1.133640259504318237e-01,-9.895127266645431519e-02,-7.596210110932588577e-03,1.602029353380203247e-01,6.488036364316940308e-02,3.167675733566284180e-01,4.656531810760498047e-01,1.545479446649551392e-01,1.406383961439132690e-01,-2.433003783226013184e-01,-7.948998361825942993e-02,-6.515158712863922119e-02,7.566811144351959229e-02,1.137722209095954895e-01,1.661711931228637695e-02,-2.976997755467891693e-02,2.685358524322509766e-01,2.165806293487548828e-01,-1.395554542541503906e-01,-2.740640342235565186e-01,-6.074863020330667496e-03,-1.474916655570268631e-02,-4.893533140420913696e-02,-1.551687866449356079e-01,-8.798972703516483307e-03,4.382688701152801514e-01,-2.941655814647674561e-01,-3.550069928169250488e-01,1.509335637092590332e-01,3.106433898210525513e-02,3.065780997276306152e-01,-2.329321652650833130e-01,1.939950436353683472e-01,-7.155775278806686401e-02,-4.089539647102355957e-01,8.299858123064041138e-02,2.691382169723510742e-01,2.045215852558612823e-02,-4.245118200778961182e-01,1.090022847056388855e-01,-2.548953890800476074e-01,8.526646345853805542e-02,-3.817307949066162109e-01,-3.079941729083657265e-03,-5.636392161250114441e-02,7.178840786218643188e-02,2.146310806274414062e-01,-3.789749741554260254e-01,-8.975663222372531891e-03,-2.348137795925140381e-01,-2.443490475416183472e-01,6.714610010385513306e-02,4.840061962604522705e-01,-5.088917538523674011e-02,8.845631778240203857e-02,-1.069117560982704163e-01,2.271827459335327148e-01,-5.336224436759948730e-01,3.509404659271240234e-01,-4.170691221952438354e-02,4.100517928600311279e-01,1.492481082677841187e-01,-2.231997204944491386e-03,-5.053383111953735352e-02,1.780032515525817871e-01,1.023141518235206604e-01,-2.514575123786926270e-01,-4.940284634358249605e-05,1.932614445686340332e-01,-7.099607959389686584e-03,2.556207776069641113e-01,8.844259195029735565e-03,-1.186041980981826782e-01,1.450910815037786961e-03,9.699341654777526855e-02,-2.002746760845184326e-01,2.924764752388000488e-01,-8.006109297275543213e-02,7.279603928327560425e-02,-1.797184161841869354e-02,1.720539331436157227e-01,1.782210916280746460e-01,1.343673765659332275e-01,9.309405868407338858e-06,2.793212793767452240e-02,-4.115670174360275269e-02,3.229700028896331787e-01,-1.613804847002029419e-01,1.762366294860839844e-01,1.226767376065254211e-01,-9.714823216199874878e-02,-4.925041198730468750e-01,1.122074499726295471e-01,-1.619586944580078125e-01,2.240848690271377563e-01,6.976407021284103394e-03,-1.353912353515625000e-01,5.939650908112525940e-02,1.126612648367881775e-01,-3.119702041149139404e-01,-1.311809569597244263e-01,2.007260620594024658e-01,-5.133563652634620667e-02,1.838783472776412964e-01,1.452480405569076538e-01,-8.681485056877136230e-02,1.566917449235916138e-01,-2.813864946365356445e-01,-2.138220220804214478e-01,-2.437247037887573242e-01,2.937125861644744873e-01,3.504177927970886230e-02,-5.695894360542297363e-02,-1.558221727609634399e-01
-3.066476285457611084e-01,-5.405570194125175476e-02,3.614471554756164551e-01,-1.865102350711822510e-01,-5.552698373794555664e-01,2.741536498069763184e-01,-2.560362033545970917e-02,-5.921880006790161133e-01,-3.061495125293731689e-01,-3.505652844905853271e-01,1.478217989206314087e-01,4.848201274871826172e-01,-2.781508266925811768e-01,-3.609678149223327637e-01,-4.629836976528167725e-01,-7.173013091087341309e-01,1.363445306196808815e-03,-2.455985695123672485e-01,3.263164758682250977e-01,3.977762758731842041e-01,1.970484554767608643e-01,-1.067350655794143677e-01,-1.453973501920700073e-01,4.185236990451812744e-02,-1.074138283729553223e-01,-6.269423365592956543e-01,5.177623033523559570e-01,5.656359791755676270e-01,-5.970544219017028809e-01,3.083178699016571045e-01,8.663568645715713501e-02,5.584236383438110352e-01,3.008179180324077606e-02,-5.271858572959899902e-01,3.567311540246009827e-02,5.934148430824279785e-01,-4.934826791286468506e-01,-5.044760704040527344e-01,7.074077129364013672e-01,5.202190279960632324e-01,-4.567957818508148193e-01,-4.112514853477478027e-02,-2.889175415039062500e-01,-2.849391400814056396e-01,-1.210699751973152161e-01,2.950084209442138672e-01,4.372372925281524658e-01,8.051550388336181641e-02,7.128427177667617798e-02,2.498817592859268188e-01,1.839561611413955688e-01,4.740760922431945801e-01,-3.386960625648498535e-01,-1.005213634925894439e-04,2.551619708538055420e-01,6.113810539245605469e-01,-3.523360490798950195e-01,-1.913184858858585358e-02,2.916630208492279053e-01,1.538583915680646896e-02,-2.219197712838649750e-02,-2.610001713037490845e-03,-2.355455420911312103e-03,-2.454213500022888184e-01,-6.004711985588073730e-02,1.778520196676254272e-01,6.155736371874809265e-02,-6.071735620498657227e-01,5.012435913085937500e-01,-4.828288257122039795e-01,6.234623193740844727e-01,1.799172461032867432e-01,1.546633094549179077e-01,-4.282633364200592041e-01,2.687260210514068604e-01,5.395923256874084473e-01,1.511795097030699253e-03,-5.546784400939941406e-01,-7.880247384309768677e-02,4.209227263927459717e-01,-4.634436368942260742e-01,-2.513404760975390673e-04,5.706406831741333008e-01,6.569281686097383499e-03,6.210381984710693359e-01,3.913557827472686768e-01,-5.284461379051208496e-01,-7.751950994133949280e-03,-3.410251140594482422e-01,-5.072605609893798828e-01,6.990701705217361450e-02,-2.923522591590881348e-01,1.980321258306503296e-01,1.265525519847869873e-01,3.845128715038299561e-01,2.647733986377716064e-01,-2.558150887489318848e-01,-3.103737924448068952e-07,5.352398157119750977e-01,-4.291281998157501221e-01,5.385746955871582031e-01,-6.226509213447570801e-01,4.489936530590057373e-01,5.903424024581909180e-01,-4.015177488327026367e-01,6.815066933631896973e-02,9.700586646795272827e-02,3.702920377254486084e-01,4.743001759052276611e-01,-1.701660268008708954e-02,-1.980200409889221191e-01,2.120614349842071533e-01,3.674526512622833252e-01,1.069631651043891907e-01,-5.541058778762817383e-01,4.518465995788574219e-01,-5.809678435325622559e-01,-1.615687608718872070e-01,5.759910941123962402e-01,-1.014355644583702087e-01,-3.310045599937438965e-01,-3.373389244079589844e-01,-3.507743477821350098e-01,-4.517647251486778259e-02,3.782273828983306885e-01,2.186218649148941040e-02,-7.300779107026755810e-04,-4.678069651126861572e-01
