9.999984502792358398e-01,-9.999986290931701660e-01,-9.999921321868896484e-01,9.999982714653015137e-01,9.999989271163940430e-01,-9.999988079071044922e-01,9.999960064888000488e-01,9.999991059303283691e-01,-9.999974370002746582e-01,9.999980330467224121e-01,-9.999986886978149414e-01,-9.999989867210388184e-01,9.999982118606567383e-01,9.999985694885253906e-01,9.999889731407165527e-01,9.999969601631164551e-01,9.999975562095642090e-01,-9.999985694885253906e-01,9.999936223030090332e-01,-9.999991059303283691e-01,-9.999990463256835938e-01,9.999917149543762207e-01,9.999985098838806152e-01,9.999983906745910645e-01,9.999891519546508789e-01,9.999990463256835938e-01,-9.999983906745910645e-01,-9.999989867210388184e-01,9.999869465827941895e-01,-9.999957680702209473e-01,-9.999931454658508301e-01,-9.999984502792358398e-01,9.999906420707702637e-01,9.999966025352478027e-01,-9.999976158142089844e-01,-9.998618960380554199e-01,9.999990463256835938e-01,9.999986290931701660e-01,9.999925494194030762e-01,-9.999988675117492676e-01,9.999987483024597168e-01,-9.999950528144836426e-01,9.999772906303405762e-01,9.999988675117492676e-01,9.999983310699462891e-01,9.999982714653015137e-01,-9.999921917915344238e-01,9.999984502792358398e-01,9.999988675117492676e-01,-9.999985694885253906e-01,-9.999988675117492676e-01,-9.999982714653015137e-01,-9.999989271163940430e-01,-9.999926686286926270e-01,-9.999979734420776367e-01,-9.999982118606567383e-01,-9.999960064888000488e-01,9.999495744705200195e-01,9.999974370002746582e-01,9.999984502792358398e-01,-9.999982714653015137e-01,9.999990463256835938e-01,9.999983906745910645e-01,9.999954700469970703e-01,-9.999955892562866211e-01,-9.999988675117492676e-01,-9.999992251396179199e-01,-9.999958872795104980e-01,-9.999989271163940430e-01,9.999987483024597168e-01,-9.999986886978149414e-01,9.999980330467224121e-01,9.999939203262329102e-01,-9.999933838844299316e-01,-9.999691843986511230e-01,-9.999984502792358398e-01,9.999930262565612793e-01,9.999987483024597168e-01,-9.999943971633911133e-01,-9.999965429306030273e-01,9.999262094497680664e-01,9.999976754188537598e-01,-9.999988675117492676e-01,9.999976158142089844e-01,-9.999983906745910645e-01,-9.999889135360717773e-01,9.999850988388061523e-01,9.999989867210388184e-01,9.999775290489196777e-01,9.999827146530151367e-01,-9.999971389770507812e-01,9.999984502792358398e-01,-9.999806284904479980e-01,-9.999979138374328613e-01,9.999984502792358398e-01,-9.999979138374328613e-01,-9.999920725822448730e-01,9.999990463256835938e-01,-9.999987483024597168e-01,9.999945163726806641e-01,-9.999969601631164551e-01,9.999988079071044922e-01,-9.999578595161437988e-01,-9.998738765716552734e-01,9.999986290931701660e-01,9.999973773956298828e-01,-9.999740719795227051e-01,-9.999982714653015137e-01,-9.999939799308776855e-01,9.999984502792358398e-01,-9.999983906745910645e-01,9.999983906745910645e-01,-9.999982714653015137e-01,-9.999757409095764160e-01,9.999991059303283691e-01,-9.999979734420776367e-01,9.999989271163940430e-01,-9.999983906745910645e-01,-9.999948740005493164e-01,-9.999980330467224121e-01,-9.999988675117492676e-01,9.999963641166687012e-01,9.999984502792358398e-01,-9.999977350234985352e-01,-9.999869465827941895e-01,-9.999955892562866211e-01,9.999909400939941406e-01,-9.999962449073791504e-01
-9.999986290931701660e-01,9.999988079071044922e-01,9.999935626983642578e-01,-9.999985098838806152e-01,-9.999990463256835938e-01,9.999989271163940430e-01,-9.999966621398925781e-01,-9.999992251396179199e-01,9.999977946281433105e-01,-9.999983310699462891e-01,9.999989271163940430e-01,9.999991655349731445e-01,-9.999984502792358398e-01,-9.999987483024597168e-01,-9.999908804893493652e-01,-9.999974966049194336e-01,-9.999979734420776367e-01,9.999988079071044922e-01,-9.999946951866149902e-01,9.999992847442626953e-01,9.999992847442626953e-01,-9.999932050704956055e-01,-9.999988079071044922e-01,-9.999986886978149414e-01,-9.999910593032836914e-01,-9.999992251396179199e-01,9.999985694885253906e-01,9.999991655349731445e-01,-9.999893307685852051e-01,9.999964237213134766e-01,9.999942779541015625e-01,9.999987483024597168e-01,-9.999922513961791992e-01,-9.999973177909851074e-01,9.999979734420776367e-01,9.998863935470581055e-01,-9.999992251396179199e-01,-9.999988675117492676e-01,-9.999937415122985840e-01,9.999991655349731445e-01,-9.999988675117492676e-01,9.999959468841552734e-01,-9.999812841415405273e-01,-9.999991059303283691e-01,-9.999986290931701660e-01,-9.999986290931701660e-01,9.999935626983642578e-01,-9.999986886978149414e-01,-9.999991059303283691e-01,9.999988079071044922e-01,9.999989867210388184e-01,9.999985098838806152e-01,9.999992251396179199e-01,9.999939203262329102e-01,9.999983310699462891e-01,9.999985098838806152e-01,9.999967217445373535e-01,-9.999584555625915527e-01,-9.999978542327880859e-01,-9.999986886978149414e-01,9.999986290931701660e-01,-9.999992251396179199e-01,-9.999985694885253906e-01,-9.999961853027343750e-01,9.999961853027343750e-01,9.999989867210388184e-01,9.999992847442626953e-01,9.999966025352478027e-01,9.999990463256835938e-01,-9.999989271163940430e-01,9.999989271163940430e-01,-9.999983310699462891e-01,-9.999949932098388672e-01,9.999945759773254395e-01,9.999746680259704590e-01,9.999986290931701660e-01,-9.999942183494567871e-01,-9.999989867210388184e-01,9.999954104423522949e-01,9.999970793724060059e-01,-9.999392628669738770e-01,-9.999979734420776367e-01,9.999991059303283691e-01,-9.999979138374328613e-01,9.999985694885253906e-01,9.999908208847045898e-01,-9.999877214431762695e-01,-9.999990463256835938e-01,-9.999815225601196289e-01,-9.999857544898986816e-01,9.999976754188537598e-01,-9.999986886978149414e-01,9.999840855598449707e-01,9.999982118606567383e-01,-9.999986886978149414e-01,9.999983310699462891e-01,9.999935030937194824e-01,-9.999992251396179199e-01,9.999991059303283691e-01,-9.999954104423522949e-01,9.999974370002746582e-01,-9.999989867210388184e-01,9.999652504920959473e-01,9.998962879180908203e-01,-9.999988079071044922e-01,-9.999977946281433105e-01,9.999786615371704102e-01,9.999985098838806152e-01,9.999950528144836426e-01,-9.999986886978149414e-01,9.999986290931701660e-01,-9.999986886978149414e-01,9.999986290931701660e-01,9.999800920486450195e-01,-9.999991655349731445e-01,9.999982714653015137e-01,-9.999991655349731445e-01,9.999986886978149414e-01,9.999957680702209473e-01,9.999983906745910645e-01,9.999992251396179199e-01,-9.999969005584716797e-01,-9.999987483024597168e-01,9.999980926513671875e-01,9.999892711639404297e-01,9.999963641166687012e-01,-9.999925494194030762e-01,9.999968409538269043e-01
-9.999921321868896484e-01,9.999935626983642578e-01,9.999626874923706055e-01,-9.999912977218627930e-01,-9.999948143959045410e-01,9.999941587448120117e-01,-9.999806284904479980e-01,-9.999952912330627441e-01,9.999876618385314941e-01,-9.999902844429016113e-01,9.999938011169433594e-01,9.999948143959045410e-01,-9.999911189079284668e-01,-9.999929070472717285e-01,-9.999469518661499023e-01,-9.999854564666748047e-01,-9.999880790710449219e-01,9.999933242797851562e-01,-9.999688267707824707e-01,9.999956488609313965e-01,9.999950528144836426e-01,-9.999600648880004883e-01,-9.999930262565612793e-01,-9.999924302101135254e-01,-9.999476671218872070e-01,-9.999951720237731934e-01,9.999922513961791992e-01,9.999948740005493164e-01,-9.999372363090515137e-01,9.999792575836181641e-01,9.999663233757019043e-01,9.999925494194030762e-01,-9.999546408653259277e-01,-9.999843239784240723e-01,9.999884366989135742e-01,9.993367791175842285e-01,-9.999952316284179688e-01,-9.999933242797851562e-01,-9.999639987945556641e-01,9.999946355819702148e-01,-9.999936223030090332e-01,9.999760389328002930e-01,-9.998905658721923828e-01,-9.999946355819702148e-01,-9.999921321868896484e-01,-9.999918937683105469e-01,9.999622106552124023e-01,-9.999925494194030762e-01,-9.999942779541015625e-01,9.999930858612060547e-01,9.999941587448120117e-01,9.999912977218627930e-01,9.999946951866149902e-01,9.999642372131347656e-01,9.999903440475463867e-01,9.999914169311523438e-01,9.999810457229614258e-01,-9.997572898864746094e-01,-9.999877810478210449e-01,-9.999925494194030762e-01,9.999920129776000977e-01,-9.999950528144836426e-01,-9.999922513961791992e-01,-9.999778270721435547e-01,9.999787211418151855e-01,9.999944567680358887e-01,9.999954700469970703e-01,9.999802112579345703e-01,9.999947547912597656e-01,-9.999937415122985840e-01,9.999940395355224609e-01,-9.999904632568359375e-01,-9.999707937240600586e-01,9.999681115150451660e-01,9.998517632484436035e-01,9.999920725822448730e-01,-9.999663829803466797e-01,-9.999940395355224609e-01,9.999731779098510742e-01,9.999831914901733398e-01,-9.996454119682312012e-01,-9.999890327453613281e-01,9.999945759773254395e-01,-9.999887347221374512e-01,9.999918341636657715e-01,9.999465346336364746e-01,-9.999281764030456543e-01,-9.999948740005493164e-01,-9.998918175697326660e-01,-9.999165534973144531e-01,9.999865293502807617e-01,-9.999923110008239746e-01,9.999066591262817383e-01,9.999898076057434082e-01,-9.999920725822448730e-01,9.999901652336120605e-01,9.999617338180541992e-01,-9.999951720237731934e-01,9.999943375587463379e-01,-9.999736547470092773e-01,9.999851584434509277e-01,-9.999943375587463379e-01,9.997974634170532227e-01,9.993944764137268066e-01,-9.999934434890747070e-01,-9.999875426292419434e-01,9.998751282691955566e-01,9.999917149543762207e-01,9.999708533287048340e-01,-9.999928474426269531e-01,9.999921321868896484e-01,-9.999923706054687500e-01,9.999919533729553223e-01,9.998832345008850098e-01,-9.999952316284179688e-01,9.999904632568359375e-01,-9.999949336051940918e-01,9.999926686286926270e-01,9.999752640724182129e-01,9.999907016754150391e-01,9.999943971633911133e-01,-9.999822378158569336e-01,-9.999925494194030762e-01,9.999889135360717773e-01,9.999371170997619629e-01,9.999788999557495117e-01,-9.999561905860900879e-01,9.999822378158569336e-01
9.999982714653015137e-01,-9.999985098838806152e-01,-9.999912977218627930e-01,9.999980330467224121e-01,9.999988079071044922e-01,-9.999986290931701660e-01,9.999955296516418457e-01,9.999989271163940430e-01,-9.999970197677612305e-01,9.999976754188537598e-01,-9.999986290931701660e-01,-9.999988079071044922e-01,9.999979734420776367e-01,9.999983906745910645e-01,9.999876618385314941e-01,9.999966621398925781e-01,9.999971985816955566e-01,-9.999983906745910645e-01,9.999929070472717285e-01,-9.999989867210388184e-01,-9.999988675117492676e-01,9.999907016754150391e-01,9.999983310699462891e-01,9.999983310699462891e-01,9.999878406524658203e-01,9.999988675117492676e-01,-9.999982118606567383e-01,-9.999988675117492676e-01,9.999855160713195801e-01,-9.999952316284179688e-01,-9.999923110008239746e-01,-9.999983906745910645e-01,9.999895095825195312e-01,9.999963045120239258e-01,-9.999973773956298828e-01,-9.998455047607421875e-01,9.999988675117492676e-01,9.999984502792358398e-01,9.999916553497314453e-01,-9.999987483024597168e-01,9.999985694885253906e-01,-9.999944567680358887e-01,9.999745488166809082e-01,9.999987483024597168e-01,9.999982714653015137e-01,9.999980926513671875e-01,-9.999912381172180176e-01,9.999983310699462891e-01,9.999986886978149414e-01,-9.999983906745910645e-01,-9.999986886978149414e-01,-9.999979138374328613e-01,-9.999988079071044922e-01,-9.999917149543762207e-01,-9.999977350234985352e-01,-9.999980330467224121e-01,-9.999955892562866211e-01,9.999434351921081543e-01,9.999970197677612305e-01,9.999982118606567383e-01,-9.999981522560119629e-01,9.999989271163940430e-01,9.999982118606567383e-01,9.999948740005493164e-01,-9.999950528144836426e-01,-9.999986290931701660e-01,-9.999989271163940430e-01,-9.999954104423522949e-01,-9.999988079071044922e-01,9.999986290931701660e-01,-9.999986290931701660e-01,9.999977946281433105e-01,9.999932050704956055e-01,-9.999926090240478516e-01,-9.999654293060302734e-01,-9.999982118606567383e-01,9.999920725822448730e-01,9.999986290931701660e-01,-9.999938607215881348e-01,-9.999960660934448242e-01,9.999173879623413086e-01,9.999974370002746582e-01,-9.999986886978149414e-01,9.999973773956298828e-01,-9.999980926513671875e-01,-9.999876022338867188e-01,9.999833703041076660e-01,9.999988079071044922e-01,9.999749660491943359e-01,9.999806284904479980e-01,-9.999968409538269043e-01,9.999982118606567383e-01,-9.999783039093017578e-01,-9.999976158142089844e-01,9.999982118606567383e-01,-9.999976754188537598e-01,-9.999911189079284668e-01,9.999988675117492676e-01,-9.999986290931701660e-01,9.999938607215881348e-01,-9.999966025352478027e-01,9.999986886978149414e-01,-9.999527931213378906e-01,-9.998589158058166504e-01,9.999984502792358398e-01,9.999970793724060059e-01,-9.999710917472839355e-01,-9.999981522560119629e-01,-9.999932646751403809e-01,9.999983310699462891e-01,-9.999981522560119629e-01,9.999982118606567383e-01,-9.999980926513671875e-01,-9.999729990959167480e-01,9.999988675117492676e-01,-9.999977350234985352e-01,9.999988079071044922e-01,-9.999982714653015137e-01,-9.999942779541015625e-01,-9.999977946281433105e-01,-9.999987483024597168e-01,9.999958872795104980e-01,9.999983906745910645e-01,-9.999973773956298828e-01,-9.999854564666748047e-01,-9.999951124191284180e-01,9.999899268150329590e-01,-9.999958276748657227e-01
9.999989271163940430e-01,-9.999990463256835938e-01,-9.999948143959045410e-01,9.999988079071044922e-01,9.999992251396179199e-01,-9.999992251396179199e-01,9.999973773956298828e-01,9.999994039535522461e-01,-9.999982118606567383e-01,9.999987483024597168e-01,-9.999991655349731445e-01,-9.999993443489074707e-01,9.999987483024597168e-01,9.999990463256835938e-01,9.999926686286926270e-01,9.999979734420776367e-01,9.999983310699462891e-01,-9.999991059303283691e-01,9.999958276748657227e-01,-9.999994039535522461e-01,-9.999993443489074707e-01,9.999944567680358887e-01,9.999991059303283691e-01,9.999988675117492676e-01,9.999927282333374023e-01,9.999994635581970215e-01,-9.999988675117492676e-01,-9.999993443489074707e-01,9.999914169311523438e-01,-9.999971389770507812e-01,-9.999954104423522949e-01,-9.999989867210388184e-01,9.999938011169433594e-01,9.999977946281433105e-01,-9.999983906745910645e-01,-9.999091029167175293e-01,9.999992847442626953e-01,9.999991655349731445e-01,9.999949932098388672e-01,-9.999992251396179199e-01,9.999991655349731445e-01,-9.999966621398925781e-01,9.999850392341613770e-01,9.999994039535522461e-01,9.999989271163940430e-01,9.999988675117492676e-01,-9.999947547912597656e-01,9.999989271163940430e-01,9.999992847442626953e-01,-9.999991059303283691e-01,-9.999992251396179199e-01,-9.999988079071044922e-01,-9.999994039535522461e-01,-9.999951124191284180e-01,-9.999986886978149414e-01,-9.999988079071044922e-01,-9.999973773956298828e-01,9.999667406082153320e-01,9.999983310699462891e-01,9.999989867210388184e-01,-9.999988675117492676e-01,9.999993443489074707e-01,9.999989271163940430e-01,9.999969601631164551e-01,-9.999969601631164551e-01,-9.999991655349731445e-01,-9.999994635581970215e-01,-9.999972581863403320e-01,-9.999992251396179199e-01,9.999991655349731445e-01,-9.999992251396179199e-01,9.999986886978149414e-01,9.999959468841552734e-01,-9.999955892562866211e-01,-9.999797344207763672e-01,-9.999989867210388184e-01,9.999953508377075195e-01,9.999992251396179199e-01,-9.999963641166687012e-01,-9.999976754188537598e-01,9.999514222145080566e-01,9.999983906745910645e-01,-9.999992847442626953e-01,9.999983310699462891e-01,-9.999988675117492676e-01,-9.999927282333374023e-01,9.999901652336120605e-01,9.999993443489074707e-01,9.999852180480957031e-01,9.999886155128479004e-01,-9.999981522560119629e-01,9.999989271163940430e-01,-9.999872446060180664e-01,-9.999985694885253906e-01,9.999989271163940430e-01,-9.999985694885253906e-01,-9.999947547912597656e-01,9.999994039535522461e-01,-9.999991655349731445e-01,9.999963641166687012e-01,-9.999979138374328613e-01,9.999992847442626953e-01,-9.999722838401794434e-01,-9.999170303344726562e-01,9.999991655349731445e-01,9.999982714653015137e-01,-9.999829530715942383e-01,-9.999988675117492676e-01,-9.999959468841552734e-01,9.999989867210388184e-01,-9.999989271163940430e-01,9.999988675117492676e-01,-9.999988675117492676e-01,-9.999839663505554199e-01,9.999993443489074707e-01,-9.999986290931701660e-01,9.999992847442626953e-01,-9.999989271163940430e-01,-9.999964833259582520e-01,-9.999986886978149414e-01,-9.999992847442626953e-01,9.999974370002746582e-01,9.999989867210388184e-01,-9.999984502792358398e-01,-9.999913573265075684e-01,-9.999970793724060059e-01,9.999940395355224609e-01,-9.999974966049194336e-01
-9.999988079071044922e-01,9.999989271163940430e-01,9.999941587448120117e-01,-9.999986290931701660e-01,-9.999992251396179199e-01,9.999990463256835938e-01,-9.999969601631164551e-01,-9.999992251396179199e-01,9.999979734420776367e-01,-9.999984502792358398e-01,9.999991059303283691e-01,9.999992251396179199e-01,-9.999986290931701660e-01,-9.999988675117492676e-01,-9.999917745590209961e-01,-9.999976754188537598e-01,-9.999981522560119629e-01,9.999988675117492676e-01,-9.999952316284179688e-01,9.999993443489074707e-01,9.999992847442626953e-01,-9.999937415122985840e-01,-9.999989271163940430e-01,-9.999988079071044922e-01,-9.999919533729553223e-01,-9.999992847442626953e-01,9.999987483024597168e-01,9.999992251396179199e-01,-9.999903440475463867e-01,9.999967813491821289e-01,9.999947547912597656e-01,9.999988675117492676e-01,-9.999930262565612793e-01,-9.999974966049194336e-01,9.999982714653015137e-01,9.998975396156311035e-01,-9.999992847442626953e-01,-9.999989271163940430e-01,-9.999943971633911133e-01,9.999992251396179199e-01,-9.999990463256835938e-01,9.999962449073791504e-01,-9.999830722808837891e-01,-9.999992251396179199e-01,-9.999987483024597168e-01,-9.999987483024597168e-01,9.999940991401672363e-01,-9.999987483024597168e-01,-9.999991655349731445e-01,9.999988675117492676e-01,9.999991655349731445e-01,9.999985694885253906e-01,9.999992251396179199e-01,9.999945163726806641e-01,9.999985098838806152e-01,9.999986290931701660e-01,9.999969601631164551e-01,-9.999624490737915039e-01,-9.999980926513671875e-01,-9.999987483024597168e-01,9.999986886978149414e-01,-9.999992847442626953e-01,-9.999987483024597168e-01,-9.999965429306030273e-01,9.999966621398925781e-01,9.999991059303283691e-01,9.999993443489074707e-01,9.999968409538269043e-01,9.999991655349731445e-01,-9.999990463256835938e-01,9.999990463256835938e-01,-9.999985098838806152e-01,-9.999955296516418457e-01,9.999950528144836426e-01,9.999771714210510254e-01,9.999987483024597168e-01,-9.999947547912597656e-01,-9.999990463256835938e-01,9.999958872795104980e-01,9.999973773956298828e-01,-9.999451637268066406e-01,-9.999982118606567383e-01,9.999991059303283691e-01,-9.999982714653015137e-01,9.999987483024597168e-01,9.999917149543762207e-01,-9.999889135360717773e-01,-9.999991655349731445e-01,-9.999832510948181152e-01,-9.999871253967285156e-01,9.999978542327880859e-01,-9.999987483024597168e-01,9.999856352806091309e-01,9.999983906745910645e-01,-9.999987483024597168e-01,9.999983906745910645e-01,9.999940991401672363e-01,-9.999992251396179199e-01,9.999990463256835938e-01,-9.999958872795104980e-01,9.999976754188537598e-01,-9.999990463256835938e-01,9.999687671661376953e-01,9.999064207077026367e-01,-9.999989271163940430e-01,-9.999980330467224121e-01,9.999807476997375488e-01,9.999986290931701660e-01,9.999955296516418457e-01,-9.999988079071044922e-01,9.999986886978149414e-01,-9.999987483024597168e-01,9.999987483024597168e-01,9.999819397926330566e-01,-9.999992251396179199e-01,9.999984502792358398e-01,-9.999992847442626953e-01,9.999988079071044922e-01,9.999960064888000488e-01,9.999984502792358398e-01,9.999991655349731445e-01,-9.999971985816955566e-01,-9.999988675117492676e-01,9.999982714653015137e-01,9.999902248382568359e-01,9.999967217445373535e-01,-9.999932646751403809e-01,9.999971389770507812e-01
9.999960064888000488e-01,-9.999966621398925781e-01,-9.999806284904479980e-01,9.999955296516418457e-01,9.999973773956298828e-01,-9.999969601631164551e-01,9.999899864196777344e-01,9.999976158142089844e-01,-9.999936223030090332e-01,9.999949932098388672e-01,-9.999968409538269043e-01,-9.999973773956298828e-01,9.999955296516418457e-01,9.999963641166687012e-01,9.999724030494689941e-01,9.999925494194030762e-01,9.999938607215881348e-01,-9.999964833259582520e-01,9.999839663505554199e-01,-9.999977350234985352e-01,-9.999974966049194336e-01,9.999793171882629395e-01,9.999963045120239258e-01,9.999960064888000488e-01,9.999729394912719727e-01,9.999975562095642090e-01,-9.999959468841552734e-01,-9.999973773956298828e-01,9.999673962593078613e-01,-9.999892711639404297e-01,-9.999825358390808105e-01,-9.999962449073791504e-01,9.999765157699584961e-01,9.999918937683105469e-01,-9.999940991401672363e-01,-9.996542334556579590e-01,9.999976158142089844e-01,9.999965429306030273e-01,9.999813437461853027e-01,-9.999973177909851074e-01,9.999966025352478027e-01,-9.999875426292419434e-01,9.999429583549499512e-01,9.999972581863403320e-01,9.999959468841552734e-01,9.999959468841552734e-01,-9.999803900718688965e-01,9.999961853027343750e-01,9.999970197677612305e-01,-9.999963641166687012e-01,-9.999970197677612305e-01,-9.999954700469970703e-01,-9.999972581863403320e-01,-9.999815225601196289e-01,-9.999950528144836426e-01,-9.999955892562866211e-01,-9.999901652336120605e-01,9.998735189437866211e-01,9.999936819076538086e-01,9.999961853027343750e-01,-9.999958872795104980e-01,9.999974966049194336e-01,9.999960660934448242e-01,9.999885559082031250e-01,-9.999890327453613281e-01,-9.999970793724060059e-01,-9.999976754188537598e-01,-9.999897480010986328e-01,-9.999973177909851074e-01,9.999967813491821289e-01,-9.999969005584716797e-01,9.999951720237731934e-01,9.999848604202270508e-01,-9.999834895133972168e-01,-9.999227523803710938e-01,-9.999960064888000488e-01,9.999825358390808105e-01,9.999969601631164551e-01,-9.999861121177673340e-01,-9.999913573265075684e-01,9.998152256011962891e-01,9.999943375587463379e-01,-9.999971985816955566e-01,9.999942183494567871e-01,-9.999958872795104980e-01,-9.999723434448242188e-01,9.999626278877258301e-01,9.999973773956298828e-01,9.999437332153320312e-01,9.999566078186035156e-01,-9.999929666519165039e-01,9.999960660934448242e-01,-9.999513626098632812e-01,-9.999948143959045410e-01,9.999959468841552734e-01,-9.999949932098388672e-01,-9.999802112579345703e-01,9.999975562095642090e-01,-9.999970197677612305e-01,9.999862909317016602e-01,-9.999922513961791992e-01,9.999970793724060059e-01,-9.998944997787475586e-01,-9.996842741966247559e-01,9.999966025352478027e-01,9.999935626983642578e-01,-9.999349713325500488e-01,-9.999957680702209473e-01,-9.999849796295166016e-01,9.999963641166687012e-01,-9.999960064888000488e-01,9.999960064888000488e-01,-9.999959468841552734e-01,-9.999393224716186523e-01,9.999975562095642090e-01,-9.999950528144836426e-01,9.999973773956298828e-01,-9.999961853027343750e-01,-9.999871253967285156e-01,-9.999951720237731934e-01,-9.999971389770507812e-01,9.999908208847045898e-01,9.999961256980895996e-01,-9.999942183494567871e-01,-9.999672770500183105e-01,-9.999890327453613281e-01,9.999773502349853516e-01,-9.999907612800598145e-01
9.999991059303283691e-01,-9.999992251396179199e-01,-9.999952912330627441e-01,9.999989271163940430e-01,9.999994039535522461e-01,-9.999992251396179199e-01,9.999976158142089844e-01,9.999994635581970215e-01,-9.999983906745910645e-01,9.999988675117492676e-01,-9.999993443489074707e-01,-9.999994039535522461e-01,9.999989271163940430e-01,9.999991655349731445e-01,9.999934434890747070e-01,9.999981522560119629e-01,9.999985694885253906e-01,-9.999992847442626953e-01,9.999960660934448242e-01,-9.999994635581970215e-01,-9.999994039535522461e-01,9.999950528144836426e-01,9.999992847442626953e-01,9.999991059303283691e-01,9.999935030937194824e-01,9.999995231628417969e-01,-9.999991059303283691e-01,-9.999994039535522461e-01,9.999923706054687500e-01,-9.999973773956298828e-01,-9.999958276748657227e-01,-9.999992251396179199e-01,9.999944567680358887e-01,9.999979138374328613e-01,-9.999986290931701660e-01,-9.999176859855651855e-01,9.999994635581970215e-01,9.999992251396179199e-01,9.999955296516418457e-01,-9.999994039535522461e-01,9.999992251396179199e-01,-9.999970197677612305e-01,9.999864697456359863e-01,9.999993443489074707e-01,9.999990463256835938e-01,9.999990463256835938e-01,-9.999953508377075195e-01,9.999991059303283691e-01,9.999993443489074707e-01,-9.999991655349731445e-01,-9.999992847442626953e-01,-9.999989271163940430e-01,-9.999993443489074707e-01,-9.999955892562866211e-01,-9.999988079071044922e-01,-9.999989271163940430e-01,-9.999976158142089844e-01,9.999699592590332031e-01,9.999984502792358398e-01,9.999991059303283691e-01,-9.999990463256835938e-01,9.999994039535522461e-01,9.999991059303283691e-01,9.999971985816955566e-01,-9.999973177909851074e-01,-9.999992847442626953e-01,-9.999994635581970215e-01,-9.999974966049194336e-01,-9.999994039535522461e-01,9.999992847442626953e-01,-9.999992847442626953e-01,9.999988675117492676e-01,9.999963641166687012e-01,-9.999960064888000488e-01,-9.999816417694091797e-01,-9.999991655349731445e-01,9.999957680702209473e-01,9.999992847442626953e-01,-9.999967217445373535e-01,-9.999979138374328613e-01,9.999560117721557617e-01,9.999985694885253906e-01,-9.999993443489074707e-01,9.999985098838806152e-01,-9.999990463256835938e-01,-9.999933838844299316e-01,9.999911785125732422e-01,9.999994039535522461e-01,9.999865889549255371e-01,9.999896883964538574e-01,-9.999983310699462891e-01,9.999992251396179199e-01,-9.999884366989135742e-01,-9.999987483024597168e-01,9.999991655349731445e-01,-9.999987483024597168e-01,-9.999952912330627441e-01,9.999994635581970215e-01,-9.999993443489074707e-01,9.999967217445373535e-01,-9.999981522560119629e-01,9.999993443489074707e-01,-9.999749064445495605e-01,-9.999248385429382324e-01,9.999992251396179199e-01,9.999984502792358398e-01,-9.999846816062927246e-01,-9.999989867210388184e-01,-9.999964237213134766e-01,9.999990463256835938e-01,-9.999991059303283691e-01,9.999991059303283691e-01,-9.999990463256835938e-01,-9.999855756759643555e-01,9.999994039535522461e-01,-9.999988079071044922e-01,9.999994039535522461e-01,-9.999991655349731445e-01,-9.999969005584716797e-01,-9.999988079071044922e-01,-9.999994039535522461e-01,9.999977946281433105e-01,9.999991059303283691e-01,-9.999986290931701660e-01,-9.999921917915344238e-01,-9.999974370002746582e-01,9.999946951866149902e-01,-9.999977350234985352e-01
-9.999974370002746582e-01,9.999977946281433105e-01,9.999876618385314941e-01,-9.999970197677612305e-01,-9.999982118606567383e-01,9.999979734420776367e-01,-9.999936223030090332e-01,-9.999983906745910645e-01,9.999958872795104980e-01,-9.999967217445373535e-01,9.999979138374328613e-01,9.999982714653015137e-01,-9.999970197677612305e-01,-9.999976158142089844e-01,-9.999825358390808105e-01,-9.999951720237731934e-01,-9.999960064888000488e-01,9.999977350234985352e-01,-9.999898672103881836e-01,9.999985098838806152e-01,9.999983906745910645e-01,-9.999867677688598633e-01,-9.999976754188537598e-01,-9.999973773956298828e-01,-9.999828338623046875e-01,-9.999985098838806152e-01,9.999973773956298828e-01,9.999982714653015137e-01,-9.999793767929077148e-01,9.999932050704956055e-01,9.999889135360717773e-01,9.999975562095642090e-01,-9.999850988388061523e-01,-9.999948143959045410e-01,9.999961256980895996e-01,9.997813701629638672e-01,-9.999984502792358398e-01,-9.999977350234985352e-01,-9.999880790710449219e-01,9.999981522560119629e-01,-9.999978542327880859e-01,9.999921321868896484e-01,-9.999639391899108887e-01,-9.999982118606567383e-01,-9.999973773956298828e-01,-9.999973177909851074e-01,9.999874830245971680e-01,-9.999974966049194336e-01,-9.999980926513671875e-01,9.999977350234985352e-01,9.999980330467224121e-01,9.999970793724060059e-01,9.999982118606567383e-01,9.999882578849792480e-01,9.999967813491821289e-01,9.999971389770507812e-01,9.999937415122985840e-01,-9.999199509620666504e-01,-9.999959468841552734e-01,-9.999974370002746582e-01,9.999973177909851074e-01,-9.999983906745910645e-01,-9.999974370002746582e-01,-9.999927282333374023e-01,9.999930262565612793e-01,9.999980330467224121e-01,9.999985694885253906e-01,9.999933838844299316e-01,9.999982714653015137e-01,-9.999979138374328613e-01,9.999979138374328613e-01,-9.999968409538269043e-01,-9.999903440475463867e-01,9.999895095825195312e-01,9.999510049819946289e-01,9.999973177909851074e-01,-9.999889135360717773e-01,-9.999980330467224121e-01,9.999911785125732422e-01,9.999943971633911133e-01,-9.998831152915954590e-01,-9.999962449073791504e-01,9.999981522560119629e-01,-9.999961256980895996e-01,9.999972581863403320e-01,9.999823570251464844e-01,-9.999763965606689453e-01,-9.999983310699462891e-01,-9.999643564224243164e-01,-9.999725818634033203e-01,9.999955296516418457e-01,-9.999974370002746582e-01,9.999691843986511230e-01,9.999964833259582520e-01,-9.999973177909851074e-01,9.999967217445373535e-01,9.999874234199523926e-01,-9.999983906745910645e-01,9.999980330467224121e-01,-9.999913573265075684e-01,9.999951124191284180e-01,-9.999980926513671875e-01,9.999331831932067871e-01,9.998003244400024414e-01,-9.999977946281433105e-01,-9.999958276748657227e-01,9.999588131904602051e-01,9.999971389770507812e-01,9.999904036521911621e-01,-9.999975562095642090e-01,9.999973177909851074e-01,-9.999974370002746582e-01,9.999973177909851074e-01,9.999615550041198730e-01,-9.999983906745910645e-01,9.999967217445373535e-01,-9.999983310699462891e-01,9.999974966049194336e-01,9.999918341636657715e-01,9.999968409538269043e-01,9.999981522560119629e-01,-9.999941587448120117e-01,-9.999975562095642090e-01,9.999963045120239258e-01,9.999793171882629395e-01,9.999930858612060547e-01,-9.999856352806091309e-01,9.999941587448120117e-01
9.999980330467224121e-01,-9.999983310699462891e-01,-9.999902844429016113e-01,9.999976754188537598e-01,9.999987483024597168e-01,-9.999984502792358398e-01,9.999949932098388672e-01,9.999988675117492676e-01,-9.999967217445373535e-01,9.999974966049194336e-01,-9.999984502792358398e-01,-9.999986886978149414e-01,9.999977350234985352e-01,9.999982118606567383e-01,9.999862313270568848e-01,9.999962449073791504e-01,9.999969005584716797e-01,-9.999983310699462891e-01,9.999920129776000977e-01,-9.999989271163940430e-01,-9.999987483024597168e-01,9.999895691871643066e-01,9.999982714653015137e-01,9.999979734420776367e-01,9.999864697456359863e-01,9.999988079071044922e-01,-9.999980330467224121e-01,-9.999986886978149414e-01,9.999837279319763184e-01,-9.999946355819702148e-01,-9.999912977218627930e-01,-9.999981522560119629e-01,9.999883174896240234e-01,9.999960064888000488e-01,-9.999970197677612305e-01,-9.998263716697692871e-01,9.999987483024597168e-01,9.999982714653015137e-01,9.999907016754150391e-01,-9.999986290931701660e-01,9.999983906745910645e-01,-9.999938607215881348e-01,9.999713897705078125e-01,9.999986290931701660e-01,9.999980330467224121e-01,9.999979138374328613e-01,-9.999901652336120605e-01,9.999981522560119629e-01,9.999985098838806152e-01,-9.999982118606567383e-01,-9.999985098838806152e-01,-9.999977350234985352e-01,-9.999986886978149414e-01,-9.999907612800598145e-01,-9.999974966049194336e-01,-9.999977946281433105e-01,-9.999951124191284180e-01,9.999364018440246582e-01,9.999967813491821289e-01,9.999981522560119629e-01,-9.999979138374328613e-01,9.999987483024597168e-01,9.999979734420776367e-01,9.999942779541015625e-01,-9.999944567680358887e-01,-9.999985694885253906e-01,-9.999988675117492676e-01,-9.999949336051940918e-01,-9.999987483024597168e-01,9.999984502792358398e-01,-9.999984502792358398e-01,9.999975562095642090e-01,9.999924898147583008e-01,-9.999917745590209961e-01,-9.999611377716064453e-01,-9.999979734420776367e-01,9.999912381172180176e-01,9.999984502792358398e-01,-9.999930858612060547e-01,-9.999956488609313965e-01,9.999071359634399414e-01,9.999971389770507812e-01,-9.999986290931701660e-01,9.999970197677612305e-01,-9.999979138374328613e-01,-9.999861717224121094e-01,9.999812841415405273e-01,9.999987483024597168e-01,9.999717473983764648e-01,9.999783039093017578e-01,-9.999964237213134766e-01,9.999980330467224121e-01,-9.999756813049316406e-01,-9.999973773956298828e-01,9.999979734420776367e-01,-9.999973773956298828e-01,-9.999901056289672852e-01,9.999988079071044922e-01,-9.999985098838806152e-01,9.999932050704956055e-01,-9.999961853027343750e-01,9.999985098838806152e-01,-9.999469518661499023e-01,-9.998413920402526855e-01,9.999982714653015137e-01,9.999967813491821289e-01,-9.999673366546630859e-01,-9.999978542327880859e-01,-9.999923706054687500e-01,9.999981522560119629e-01,-9.999980330467224121e-01,9.999980330467224121e-01,-9.999979734420776367e-01,-9.999696016311645508e-01,9.999987483024597168e-01,-9.999974966049194336e-01,9.999986886978149414e-01,-9.999980926513671875e-01,-9.999935626983642578e-01,-9.999976158142089844e-01,-9.999986290931701660e-01,9.999953508377075195e-01,9.999981522560119629e-01,-9.999970197677612305e-01,-9.999835491180419922e-01,-9.999945759773254395e-01,9.999886751174926758e-01,-9.999953508377075195e-01
-9.999986886978149414e-01,9.999989271163940430e-01,9.999938011169433594e-01,-9.999986290931701660e-01,-9.999991655349731445e-01,9.999991059303283691e-01,-9.999968409538269043e-01,-9.999993443489074707e-01,9.999979138374328613e-01,-9.999984502792358398e-01,9.999989867210388184e-01,9.999992847442626953e-01,-9.999985694885253906e-01,-9.999988675117492676e-01,-9.999911785125732422e-01,-9.999975562095642090e-01,-9.999980926513671875e-01,9.999989271163940430e-01,-9.999949336051940918e-01,9.999994039535522461e-01,9.999993443489074707e-01,-9.999933838844299316e-01,-9.999988675117492676e-01,-9.999986886978149414e-01,-9.999913573265075684e-01,-9.999993443489074707e-01,9.999986886978149414e-01,9.999991655349731445e-01,-9.999896287918090820e-01,9.999964833259582520e-01,9.999943971633911133e-01,9.999988079071044922e-01,-9.999925494194030762e-01,-9.999973773956298828e-01,9.999981522560119629e-01,9.998895525932312012e-01,-9.999992251396179199e-01,-9.999988675117492676e-01,-9.999940395355224609e-01,9.999991655349731445e-01,-9.999989271163940430e-01,9.999959468841552734e-01,-9.999818205833435059e-01,-9.999992251396179199e-01,-9.999987483024597168e-01,-9.999987483024597168e-01,9.999937415122985840e-01,-9.999988079071044922e-01,-9.999991059303283691e-01,9.999988675117492676e-01,9.999990463256835938e-01,9.999985098838806152e-01,9.999991655349731445e-01,9.999940395355224609e-01,9.999984502792358398e-01,9.999985694885253906e-01,9.999967813491821289e-01,-9.999595284461975098e-01,-9.999979734420776367e-01,-9.999987483024597168e-01,9.999986886978149414e-01,-9.999992251396179199e-01,-9.999986886978149414e-01,-9.999963641166687012e-01,9.999964237213134766e-01,9.999990463256835938e-01,9.999993443489074707e-01,9.999966621398925781e-01,9.999991655349731445e-01,-9.999989867210388184e-01,9.999989271163940430e-01,-9.999985098838806152e-01,-9.999951720237731934e-01,9.999948143959045410e-01,9.999753236770629883e-01,9.999987483024597168e-01,-9.999943375587463379e-01,-9.999990463256835938e-01,9.999955892562866211e-01,9.999972581863403320e-01,-9.999409317970275879e-01,-9.999981522560119629e-01,9.999992251396179199e-01,-9.999980926513671875e-01,9.999986886978149414e-01,9.999911189079284668e-01,-9.999881386756896973e-01,-9.999992847442626953e-01,-9.999820590019226074e-01,-9.999862313270568848e-01,9.999977946281433105e-01,-9.999988079071044922e-01,9.999846220016479492e-01,9.999982714653015137e-01,-9.999987483024597168e-01,9.999983310699462891e-01,9.999936223030090332e-01,-9.999992251396179199e-01,9.999991059303283691e-01,-9.999956488609313965e-01,9.999975562095642090e-01,-9.999991059303283691e-01,9.999662041664123535e-01,9.998990297317504883e-01,-9.999988675117492676e-01,-9.999979734420776367e-01,9.999792575836181641e-01,9.999986290931701660e-01,9.999951720237731934e-01,-9.999988079071044922e-01,9.999986886978149414e-01,-9.999987483024597168e-01,9.999986886978149414e-01,9.999806284904479980e-01,-9.999992847442626953e-01,9.999983906745910645e-01,-9.999992251396179199e-01,9.999988079071044922e-01,9.999958872795104980e-01,9.999984502792358398e-01,9.999992251396179199e-01,-9.999970197677612305e-01,-9.999988079071044922e-01,9.999982118606567383e-01,9.999895691871643066e-01,9.999965429306030273e-01,-9.999927282333374023e-01,9.999970197677612305e-01
-9.999989867210388184e-01,9.999991655349731445e-01,9.999948143959045410e-01,-9.999988079071044922e-01,-9.999993443489074707e-01,9.999992251396179199e-01,-9.999973773956298828e-01,-9.999994039535522461e-01,9.999982714653015137e-01,-9.999986886978149414e-01,9.999992847442626953e-01,9.999994039535522461e-01,-9.999988079071044922e-01,-9.999991655349731445e-01,-9.999926686286926270e-01,-9.999979734420776367e-01,-9.999983906745910645e-01,9.999991059303283691e-01,-9.999957680702209473e-01,9.999994635581970215e-01,9.999994039535522461e-01,-9.999945759773254395e-01,-9.999991655349731445e-01,-9.999989271163940430e-01,-9.999927878379821777e-01,-9.999994635581970215e-01,9.999989271163940430e-01,9.999994039535522461e-01,-9.999913573265075684e-01,9.999970793724060059e-01,9.999954104423522949e-01,9.999990463256835938e-01,-9.999938011169433594e-01,-9.999977946281433105e-01,9.999984502792358398e-01,9.999079108238220215e-01,-9.999994039535522461e-01,-9.999991059303283691e-01,-9.999951124191284180e-01,9.999992847442626953e-01,-9.999992847442626953e-01,9.999966621398925781e-01,-9.999848604202270508e-01,-9.999994039535522461e-01,-9.999989867210388184e-01,-9.999989271163940430e-01,9.999947547912597656e-01,-9.999989867210388184e-01,-9.999993443489074707e-01,9.999992251396179199e-01,9.999993443489074707e-01,9.999988675117492676e-01,9.999994039535522461e-01,9.999950528144836426e-01,9.999987483024597168e-01,9.999988675117492676e-01,9.999973177909851074e-01,-9.999662637710571289e-01,-9.999982714653015137e-01,-9.999989271163940430e-01,9.999988675117492676e-01,-9.999993443489074707e-01,-9.999989867210388184e-01,-9.999969005584716797e-01,9.999970197677612305e-01,9.999992847442626953e-01,9.999995231628417969e-01,9.999971985816955566e-01,9.999993443489074707e-01,-9.999992847442626953e-01,9.999992251396179199e-01,-9.999987483024597168e-01,-9.999959468841552734e-01,9.999955892562866211e-01,9.999794363975524902e-01,9.999989867210388184e-01,-9.999953508377075195e-01,-9.999992251396179199e-01,9.999963045120239258e-01,9.999976158142089844e-01,-9.999507665634155273e-01,-9.999984502792358398e-01,9.999993443489074707e-01,-9.999983906745910645e-01,9.999989271163940430e-01,9.999926090240478516e-01,-9.999901056289672852e-01,-9.999994039535522461e-01,-9.999850988388061523e-01,-9.999884366989135742e-01,9.999982118606567383e-01,-9.999989867210388184e-01,9.999870657920837402e-01,9.999985694885253906e-01,-9.999989271163940430e-01,9.999986290931701660e-01,9.999946951866149902e-01,-9.999993443489074707e-01,9.999992847442626953e-01,-9.999963045120239258e-01,9.999979734420776367e-01,-9.999992251396179199e-01,9.999719262123107910e-01,9.999159574508666992e-01,-9.999991655349731445e-01,-9.999982714653015137e-01,9.999827742576599121e-01,9.999988675117492676e-01,9.999960064888000488e-01,-9.999990463256835938e-01,9.999989271163940430e-01,-9.999989271163940430e-01,9.999989271163940430e-01,9.999838471412658691e-01,-9.999992847442626953e-01,9.999986886978149414e-01,-9.999993443489074707e-01,9.999989867210388184e-01,9.999965429306030273e-01,9.999986886978149414e-01,9.999993443489074707e-01,-9.999974966049194336e-01,-9.999989867210388184e-01,9.999984502792358398e-01,9.999912977218627930e-01,9.999971389770507812e-01,-9.999940395355224609e-01,9.999974966049194336e-01
