9.999982118606567383e-01,-9.999985098838806152e-01,-9.999942183494567871e-01,9.999974966049194336e-01,9.999988675117492676e-01,-9.999987483024597168e-01,9.999954104423522949e-01,9.999989867210388184e-01,-9.999954700469970703e-01,9.999983310699462891e-01,-9.999987483024597168e-01,-9.999988675117492676e-01,9.999979138374328613e-01,9.999983310699462891e-01,9.999939799308776855e-01,9.999951124191284180e-01,9.999973177909851074e-01,-9.999979138374328613e-01,9.999923110008239746e-01,-9.999989867210388184e-01,-9.999989271163940430e-01,9.999939799308776855e-01,9.999985694885253906e-01,9.999977946281433105e-01,9.999883770942687988e-01,9.999989271163940430e-01,-9.999982714653015137e-01,-9.999988675117492676e-01,9.999902248382568359e-01,-9.999963641166687012e-01,-9.999915361404418945e-01,-9.999981522560119629e-01,9.999858140945434570e-01,9.999954104423522949e-01,-9.999978542327880859e-01,9.999678730964660645e-01,9.999989867210388184e-01,9.999985098838806152e-01,9.999884366989135742e-01,-9.999987483024597168e-01,9.999986290931701660e-01,9.999624490737915039e-01,9.999834895133972168e-01,9.999988079071044922e-01,9.999982714653015137e-01,9.999981522560119629e-01,-9.999929070472717285e-01,9.999985098838806152e-01,9.999987483024597168e-01,-9.999983906745910645e-01,-9.999986886978149414e-01,-9.999984502792358398e-01,-9.999987483024597168e-01,-9.999930858612060547e-01,-9.999984502792358398e-01,-9.999980926513671875e-01,-9.999887347221374512e-01,9.999881386756896973e-01,9.999957084655761719e-01,9.999980926513671875e-01,-9.999983906745910645e-01,9.999989271163940430e-01,9.999983906745910645e-01,9.999954700469970703e-01,-9.999942183494567871e-01,-9.999988079071044922e-01,-9.999991059303283691e-01,-9.999959468841552734e-01,-9.999989867210388184e-01,9.999982714653015137e-01,-9.999986886978149414e-01,9.999971985816955566e-01,-9.999665021896362305e-01,-9.999936819076538086e-01,-9.999830722808837891e-01,-9.999983310699462891e-01,9.999915957450866699e-01,9.999986886978149414e-01,-9.999945759773254395e-01,-9.999955892562866211e-01,9.999875426292419434e-01,9.999976158142089844e-01,-9.999987483024597168e-01,9.999981522560119629e-01,-9.999982714653015137e-01,-9.999875426292419434e-01,9.999617338180541992e-01,9.999988675117492676e-01,9.999907612800598145e-01,9.999518394470214844e-01,-9.999950528144836426e-01,9.999983310699462891e-01,-9.999853968620300293e-01,-9.999973773956298828e-01,9.999977946281433105e-01,-9.999976754188537598e-01,-9.999880790710449219e-01,9.999989271163940430e-01,-9.999988079071044922e-01,9.999969005584716797e-01,-9.999965429306030273e-01,9.999988079071044922e-01,9.998269677162170410e-01,9.999493360519409180e-01,9.999986290931701660e-01,9.999968409538269043e-01,-9.999827742576599121e-01,-9.999983310699462891e-01,-9.999938011169433594e-01,9.999985098838806152e-01,-9.999985098838806152e-01,9.999977946281433105e-01,-9.999981522560119629e-01,-9.999306797981262207e-01,9.999990463256835938e-01,-9.999971389770507812e-01,9.999989867210388184e-01,-9.999979138374328613e-01,-9.999952912330627441e-01,-9.999971985816955566e-01,-9.999986290931701660e-01,9.999965429306030273e-01,9.999979734420776367e-01,-9.999971985816955566e-01,-9.999910593032836914e-01,-9.999951124191284180e-01,9.999873638153076172e-01,-9.999933242797851562e-01
-9.999985098838806152e-01,9.999987483024597168e-01,9.999951124191284180e-01,-9.999979138374328613e-01,-9.999989867210388184e-01,9.999989867210388184e-01,-9.999961256980895996e-01,-9.999991059303283691e-01,9.999962449073791504e-01,-9.999986290931701660e-01,9.999989271163940430e-01,9.999990463256835938e-01,-9.999983310699462891e-01,-9.999986290931701660e-01,-9.999949932098388672e-01,-9.999959468841552734e-01,-9.999977350234985352e-01,9.999982714653015137e-01,-9.999935626983642578e-01,9.999992847442626953e-01,9.999991655349731445e-01,-9.999948740005493164e-01,-9.999988079071044922e-01,-9.999982118606567383e-01,-9.999902248382568359e-01,-9.999991655349731445e-01,9.999984502792358398e-01,9.999991059303283691e-01,-9.999918341636657715e-01,9.999969005584716797e-01,9.999929666519165039e-01,9.999985098838806152e-01,-9.999880790710449219e-01,-9.999960064888000488e-01,9.999983310699462891e-01,-9.999732971191406250e-01,-9.999991059303283691e-01,-9.999987483024597168e-01,-9.999903440475463867e-01,9.999991059303283691e-01,-9.999988079071044922e-01,-9.999686479568481445e-01,-9.999862313270568848e-01,-9.999991655349731445e-01,-9.999985098838806152e-01,-9.999983310699462891e-01,9.999940991401672363e-01,-9.999987483024597168e-01,-9.999989271163940430e-01,9.999986290931701660e-01,9.999989271163940430e-01,9.999986290931701660e-01,9.999989271163940430e-01,9.999942779541015625e-01,9.999986886978149414e-01,9.999983906745910645e-01,9.999907016754150391e-01,-9.999901056289672852e-01,-9.999963045120239258e-01,-9.999984502792358398e-01,9.999986290931701660e-01,-9.999991655349731445e-01,-9.999985694885253906e-01,-9.999960660934448242e-01,9.999952316284179688e-01,9.999989867210388184e-01,9.999991655349731445e-01,9.999966621398925781e-01,9.999991059303283691e-01,-9.999985694885253906e-01,9.999988675117492676e-01,-9.999976754188537598e-01,9.999722242355346680e-01,9.999947547912597656e-01,9.999858736991882324e-01,9.999986290931701660e-01,-9.999929070472717285e-01,-9.999989271163940430e-01,9.999954700469970703e-01,9.999963045120239258e-01,-9.999895691871643066e-01,-9.999980330467224121e-01,9.999989271163940430e-01,-9.999984502792358398e-01,9.999985694885253906e-01,9.999896287918090820e-01,-9.999682307243347168e-01,-9.999990463256835938e-01,-9.999922513961791992e-01,-9.999598264694213867e-01,9.999958872795104980e-01,-9.999986290931701660e-01,9.999878406524658203e-01,9.999977946281433105e-01,-9.999981522560119629e-01,9.999981522560119629e-01,9.999900460243225098e-01,-9.999991059303283691e-01,9.999989271163940430e-01,-9.999973177909851074e-01,9.999971389770507812e-01,-9.999989867210388184e-01,-9.998557567596435547e-01,-9.999577999114990234e-01,-9.999988079071044922e-01,-9.999972581863403320e-01,9.999856352806091309e-01,9.999986886978149414e-01,9.999948143959045410e-01,-9.999986886978149414e-01,9.999987483024597168e-01,-9.999981522560119629e-01,9.999985694885253906e-01,9.999422430992126465e-01,-9.999991059303283691e-01,9.999976158142089844e-01,-9.999991059303283691e-01,9.999983310699462891e-01,9.999961256980895996e-01,9.999976158142089844e-01,9.999988079071044922e-01,-9.999970793724060059e-01,-9.999982714653015137e-01,9.999976754188537598e-01,9.999926090240478516e-01,9.999958872795104980e-01,-9.999895095825195312e-01,9.999945163726806641e-01
-9.999942183494567871e-01,9.999951124191284180e-01,9.999796152114868164e-01,-9.999917745590209961e-01,-9.999960660934448242e-01,9.999957680702209473e-01,-9.999839067459106445e-01,-9.999965429306030273e-01,9.999843239784240723e-01,-9.999942779541015625e-01,9.999957680702209473e-01,9.999960660934448242e-01,-9.999929666519165039e-01,-9.999946355819702148e-01,-9.999792575836181641e-01,-9.999830722808837891e-01,-9.999907016754150391e-01,9.999932646751403809e-01,-9.999732971191406250e-01,9.999967813491821289e-01,9.999962449073791504e-01,-9.999787807464599609e-01,-9.999951124191284180e-01,-9.999924898147583008e-01,-9.999589920043945312e-01,-9.999961853027343750e-01,9.999937415122985840e-01,9.999960064888000488e-01,-9.999654889106750488e-01,9.999874830245971680e-01,9.999703764915466309e-01,9.999936819076538086e-01,-9.999499917030334473e-01,-9.999839067459106445e-01,9.999930262565612793e-01,-9.998872280120849609e-01,-9.999964833259582520e-01,-9.999948740005493164e-01,-9.999595284461975098e-01,9.999960064888000488e-01,-9.999952316284179688e-01,-9.998685717582702637e-01,-9.999418854713439941e-01,-9.999961256980895996e-01,-9.999939203262329102e-01,-9.999935626983642578e-01,9.999755024909973145e-01,-9.999950528144836426e-01,-9.999956488609313965e-01,9.999946355819702148e-01,9.999957680702209473e-01,9.999946355819702148e-01,9.999959468841552734e-01,9.999761581420898438e-01,9.999946355819702148e-01,9.999933838844299316e-01,9.999607801437377930e-01,-9.999585151672363281e-01,-9.999850988388061523e-01,-9.999937415122985840e-01,9.999945163726806641e-01,-9.999961853027343750e-01,-9.999943375587463379e-01,-9.999840259552001953e-01,9.999799132347106934e-01,9.999960064888000488e-01,9.999966025352478027e-01,9.999860525131225586e-01,9.999963641166687012e-01,-9.999943971633911133e-01,9.999957680702209473e-01,-9.999906420707702637e-01,9.998825192451477051e-01,9.999778866767883301e-01,9.999404549598693848e-01,9.999942779541015625e-01,-9.999704360961914062e-01,-9.999955296516418457e-01,9.999808669090270996e-01,9.999846220016479492e-01,-9.999561905860900879e-01,-9.999917745590209961e-01,9.999958872795104980e-01,-9.999936223030090332e-01,9.999941587448120117e-01,9.999563097953796387e-01,-9.998658299446105957e-01,-9.999961853027343750e-01,-9.999676346778869629e-01,-9.998307228088378906e-01,9.999825358390808105e-01,-9.999942183494567871e-01,9.999487400054931641e-01,9.999911189079284668e-01,-9.999923706054687500e-01,9.999922513961791992e-01,9.999580979347229004e-01,-9.999964237213134766e-01,9.999957680702209473e-01,-9.999892711639404297e-01,9.999882578849792480e-01,-9.999960064888000488e-01,-9.993920922279357910e-01,-9.998222589492797852e-01,-9.999953508377075195e-01,-9.999889731407165527e-01,9.999397993087768555e-01,9.999945163726806641e-01,9.999785423278808594e-01,-9.999948740005493164e-01,9.999949336051940918e-01,-9.999924302101135254e-01,9.999940395355224609e-01,9.997566938400268555e-01,-9.999964833259582520e-01,9.999904632568359375e-01,-9.999963641166687012e-01,9.999931454658508301e-01,9.999835491180419922e-01,9.999902844429016113e-01,9.999951720237731934e-01,-9.999883174896240234e-01,-9.999930262565612793e-01,9.999906420707702637e-01,9.999687075614929199e-01,9.999826550483703613e-01,-9.999559521675109863e-01,9.999768137931823730e-01
9.999974966049194336e-01,-9.999979138374328613e-01,-9.999917745590209961e-01,9.999965429306030273e-01,9.999983906745910645e-01,-9.999983310699462891e-01,9.999935030937194824e-01,9.999986290931701660e-01,-9.999936819076538086e-01,9.999976754188537598e-01,-9.999982714653015137e-01,-9.999984502792358398e-01,9.999970197677612305e-01,9.999977350234985352e-01,9.999915957450866699e-01,9.999930858612060547e-01,9.999961853027343750e-01,-9.999971389770507812e-01,9.999891519546508789e-01,-9.999986886978149414e-01,-9.999985098838806152e-01,9.999914169311523438e-01,9.999980926513671875e-01,9.999969601631164551e-01,9.999834299087524414e-01,9.999984502792358398e-01,-9.999974966049194336e-01,-9.999983906745910645e-01,9.999861121177673340e-01,-9.999948740005493164e-01,-9.999880790710449219e-01,-9.999974370002746582e-01,9.999798536300659180e-01,9.999934434890747070e-01,-9.999970793724060059e-01,9.999545216560363770e-01,9.999984502792358398e-01,9.999979138374328613e-01,9.999836683273315430e-01,-9.999982714653015137e-01,9.999979734420776367e-01,9.999469518661499023e-01,9.999765157699584961e-01,9.999984502792358398e-01,9.999974966049194336e-01,9.999973177909851074e-01,-9.999900460243225098e-01,9.999979138374328613e-01,9.999982118606567383e-01,-9.999977350234985352e-01,-9.999981522560119629e-01,-9.999977350234985352e-01,-9.999983310699462891e-01,-9.999902844429016113e-01,-9.999977350234985352e-01,-9.999973177909851074e-01,-9.999842047691345215e-01,9.999832510948181152e-01,9.999939799308776855e-01,9.999973773956298828e-01,-9.999976754188537598e-01,9.999983906745910645e-01,9.999976754188537598e-01,9.999935626983642578e-01,-9.999918341636657715e-01,-9.999983310699462891e-01,-9.999986290931701660e-01,-9.999942779541015625e-01,-9.999985098838806152e-01,9.999976158142089844e-01,-9.999981522560119629e-01,9.999960660934448242e-01,-9.999525547027587891e-01,-9.999910593032836914e-01,-9.999760389328002930e-01,-9.999976754188537598e-01,9.999880194664001465e-01,9.999981522560119629e-01,-9.999923110008239746e-01,-9.999938011169433594e-01,9.999822974205017090e-01,9.999966621398925781e-01,-9.999983310699462891e-01,9.999973773956298828e-01,-9.999975562095642090e-01,-9.999824166297912598e-01,9.999458789825439453e-01,9.999984502792358398e-01,9.999870061874389648e-01,9.999317526817321777e-01,-9.999928474426269531e-01,9.999976158142089844e-01,-9.999793171882629395e-01,-9.999962449073791504e-01,9.999968409538269043e-01,-9.999967217445373535e-01,-9.999831318855285645e-01,9.999984502792358398e-01,-9.999982714653015137e-01,9.999956488609313965e-01,-9.999952316284179688e-01,9.999982714653015137e-01,9.997548460960388184e-01,9.999282956123352051e-01,9.999980926513671875e-01,9.999955892562866211e-01,-9.999756813049316406e-01,-9.999976754188537598e-01,-9.999913573265075684e-01,9.999978542327880859e-01,-9.999978542327880859e-01,9.999970197677612305e-01,-9.999975562095642090e-01,-9.999018311500549316e-01,9.999985694885253906e-01,-9.999960064888000488e-01,9.999985098838806152e-01,-9.999970793724060059e-01,-9.999933242797851562e-01,-9.999960064888000488e-01,-9.999980330467224121e-01,9.999952316284179688e-01,9.999970793724060059e-01,-9.999961853027343750e-01,-9.999874234199523926e-01,-9.999930262565612793e-01,9.999821782112121582e-01,-9.999905824661254883e-01
9.999988675117492676e-01,-9.999989867210388184e-01,-9.999960660934448242e-01,9.999983906745910645e-01,9.999992847442626953e-01,-9.999993443489074707e-01,9.999969005584716797e-01,9.999994039535522461e-01,-9.999969601631164551e-01,9.999988675117492676e-01,-9.999992251396179199e-01,-9.999994039535522461e-01,9.999986290931701660e-01,9.999989867210388184e-01,9.999959468841552734e-01,9.999966025352478027e-01,9.999982714653015137e-01,-9.999986886978149414e-01,9.999948143959045410e-01,-9.999994039535522461e-01,-9.999993443489074707e-01,9.999959468841552734e-01,9.999991059303283691e-01,9.999985694885253906e-01,9.999921917915344238e-01,9.999993443489074707e-01,-9.999988675117492676e-01,-9.999992847442626953e-01,9.999934434890747070e-01,-9.999975562095642090e-01,-9.999943375587463379e-01,-9.999988675117492676e-01,9.999904632568359375e-01,9.999969005584716797e-01,-9.999986290931701660e-01,9.999785423278808594e-01,9.999993443489074707e-01,9.999990463256835938e-01,9.999923110008239746e-01,-9.999992847442626953e-01,9.999991059303283691e-01,9.999748468399047852e-01,9.999889135360717773e-01,9.999992847442626953e-01,9.999988079071044922e-01,9.999987483024597168e-01,-9.999953508377075195e-01,9.999991059303283691e-01,9.999992847442626953e-01,-9.999989867210388184e-01,-9.999991059303283691e-01,-9.999989867210388184e-01,-9.999992251396179199e-01,-9.999954104423522949e-01,-9.999989867210388184e-01,-9.999987483024597168e-01,-9.999924898147583008e-01,9.999920725822448730e-01,9.999971389770507812e-01,9.999988079071044922e-01,-9.999989271163940430e-01,9.999994039535522461e-01,9.999989271163940430e-01,9.999967813491821289e-01,-9.999961256980895996e-01,-9.999992847442626953e-01,-9.999994039535522461e-01,-9.999973773956298828e-01,-9.999993443489074707e-01,9.999989271163940430e-01,-9.999991059303283691e-01,9.999981522560119629e-01,-9.999775290489196777e-01,-9.999958276748657227e-01,-9.999886155128479004e-01,-9.999989867210388184e-01,9.999943375587463379e-01,9.999991655349731445e-01,-9.999963045120239258e-01,-9.999970793724060059e-01,9.999915957450866699e-01,9.999983906745910645e-01,-9.999993443489074707e-01,9.999988079071044922e-01,-9.999989271163940430e-01,-9.999917149543762207e-01,9.999743700027465820e-01,9.999993443489074707e-01,9.999938011169433594e-01,9.999676346778869629e-01,-9.999966025352478027e-01,9.999988675117492676e-01,-9.999902844429016113e-01,-9.999982714653015137e-01,9.999985098838806152e-01,-9.999985694885253906e-01,-9.999920725822448730e-01,9.999993443489074707e-01,-9.999992251396179199e-01,9.999979138374328613e-01,-9.999977350234985352e-01,9.999991655349731445e-01,9.998837113380432129e-01,9.999660253524780273e-01,9.999991655349731445e-01,9.999978542327880859e-01,-9.999884366989135742e-01,-9.999989271163940430e-01,-9.999958872795104980e-01,9.999990463256835938e-01,-9.999990463256835938e-01,9.999985098838806152e-01,-9.999988675117492676e-01,-9.999534487724304199e-01,9.999993443489074707e-01,-9.999981522560119629e-01,9.999993443489074707e-01,-9.999987483024597168e-01,-9.999967813491821289e-01,-9.999980926513671875e-01,-9.999991059303283691e-01,9.999977350234985352e-01,9.999986290931701660e-01,-9.999982714653015137e-01,-9.999940395355224609e-01,-9.999967217445373535e-01,9.999915361404418945e-01,-9.999955296516418457e-01
-9.999987483024597168e-01,9.999989867210388184e-01,9.999957680702209473e-01,-9.999983310699462891e-01,-9.999993443489074707e-01,9.999992251396179199e-01,-9.999966621398925781e-01,-9.999994039535522461e-01,9.999966621398925781e-01,-9.999988675117492676e-01,9.999991655349731445e-01,9.999992251396179199e-01,-9.999985694885253906e-01,-9.999988675117492676e-01,-9.999957084655761719e-01,-9.999964237213134766e-01,-9.999980330467224121e-01,9.999985694885253906e-01,-9.999943971633911133e-01,9.999994039535522461e-01,9.999993443489074707e-01,-9.999955892562866211e-01,-9.999990463256835938e-01,-9.999983906745910645e-01,-9.999914169311523438e-01,-9.999992251396179199e-01,9.999987483024597168e-01,9.999992251396179199e-01,-9.999929070472717285e-01,9.999974370002746582e-01,9.999939203262329102e-01,9.999987483024597168e-01,-9.999896883964538574e-01,-9.999966025352478027e-01,9.999985098838806152e-01,-9.999765157699584961e-01,-9.999994039535522461e-01,-9.999989867210388184e-01,-9.999915361404418945e-01,9.999992847442626953e-01,-9.999990463256835938e-01,-9.999724626541137695e-01,-9.999879598617553711e-01,-9.999992251396179199e-01,-9.999988079071044922e-01,-9.999986886978149414e-01,9.999949336051940918e-01,-9.999989867210388184e-01,-9.999992251396179199e-01,9.999989271163940430e-01,9.999991655349731445e-01,9.999988675117492676e-01,9.999992847442626953e-01,9.999949932098388672e-01,9.999989271163940430e-01,9.999986886978149414e-01,9.999919533729553223e-01,-9.999913573265075684e-01,-9.999968409538269043e-01,-9.999986886978149414e-01,9.999988675117492676e-01,-9.999993443489074707e-01,-9.999988079071044922e-01,-9.999966025352478027e-01,9.999958872795104980e-01,9.999992847442626953e-01,9.999994039535522461e-01,9.999970197677612305e-01,9.999993443489074707e-01,-9.999988079071044922e-01,9.999991655349731445e-01,-9.999981522560119629e-01,9.999754428863525391e-01,9.999954700469970703e-01,9.999876618385314941e-01,9.999988675117492676e-01,-9.999938011169433594e-01,-9.999992251396179199e-01,9.999960064888000488e-01,9.999968409538269043e-01,-9.999908804893493652e-01,-9.999982714653015137e-01,9.999992847442626953e-01,-9.999988079071044922e-01,9.999988079071044922e-01,9.999909400939941406e-01,-9.999720454216003418e-01,-9.999992251396179199e-01,-9.999933242797851562e-01,-9.999645948410034180e-01,9.999964237213134766e-01,-9.999988675117492676e-01,9.999893307685852051e-01,9.999980926513671875e-01,-9.999983906745910645e-01,9.999984502792358398e-01,9.999913573265075684e-01,-9.999992847442626953e-01,9.999991655349731445e-01,-9.999977946281433105e-01,9.999974966049194336e-01,-9.999992847442626953e-01,-9.998728632926940918e-01,-9.999628067016601562e-01,-9.999991655349731445e-01,-9.999976754188537598e-01,9.999873042106628418e-01,9.999989271163940430e-01,9.999955892562866211e-01,-9.999989867210388184e-01,9.999989271163940430e-01,-9.999985098838806152e-01,9.999988079071044922e-01,9.999491572380065918e-01,-9.999994039535522461e-01,9.999979734420776367e-01,-9.999993443489074707e-01,9.999986290931701660e-01,9.999966025352478027e-01,9.999979138374328613e-01,9.999990463256835938e-01,-9.999974966049194336e-01,-9.999985694885253906e-01,9.999980330467224121e-01,9.999935626983642578e-01,9.999964237213134766e-01,-9.999908208847045898e-01,9.999951720237731934e-01
9.999954104423522949e-01,-9.999961256980895996e-01,-9.999839067459106445e-01,9.999935030937194824e-01,9.999969005584716797e-01,-9.999966621398925781e-01,9.999873042106628418e-01,9.999972581863403320e-01,-9.999876022338867188e-01,9.999954700469970703e-01,-9.999966025352478027e-01,-9.999970197677612305e-01,9.999944567680358887e-01,9.999957680702209473e-01,9.999836087226867676e-01,9.999865889549255371e-01,9.999926686286926270e-01,-9.999946355819702148e-01,9.999788403511047363e-01,-9.999973773956298828e-01,-9.999970197677612305e-01,9.999833106994628906e-01,9.999960660934448242e-01,9.999940991401672363e-01,9.999676346778869629e-01,9.999970197677612305e-01,-9.999951124191284180e-01,-9.999967813491821289e-01,9.999728202819824219e-01,-9.999901652336120605e-01,-9.999766349792480469e-01,-9.999951124191284180e-01,9.999605417251586914e-01,9.999873042106628418e-01,-9.999943971633911133e-01,9.999109506607055664e-01,9.999971389770507812e-01,9.999959468841552734e-01,9.999681711196899414e-01,-9.999967813491821289e-01,9.999960660934448242e-01,9.998962283134460449e-01,9.999541640281677246e-01,9.999969601631164551e-01,9.999951124191284180e-01,9.999949336051940918e-01,-9.999806880950927734e-01,9.999960064888000488e-01,9.999964833259582520e-01,-9.999958276748657227e-01,-9.999966025352478027e-01,-9.999957680702209473e-01,-9.999967217445373535e-01,-9.999811649322509766e-01,-9.999957680702209473e-01,-9.999948143959045410e-01,-9.999690651893615723e-01,9.999672174453735352e-01,9.999881386756896973e-01,9.999950528144836426e-01,-9.999957084655761719e-01,9.999970197677612305e-01,9.999955296516418457e-01,9.999873042106628418e-01,-9.999840259552001953e-01,-9.999968409538269043e-01,-9.999973177909851074e-01,-9.999889731407165527e-01,-9.999971389770507812e-01,9.999955892562866211e-01,-9.999966025352478027e-01,9.999926090240478516e-01,-9.999073147773742676e-01,-9.999824762344360352e-01,-9.999530911445617676e-01,-9.999955296516418457e-01,9.999765753746032715e-01,9.999964237213134766e-01,-9.999849200248718262e-01,-9.999878406524658203e-01,9.999654293060302734e-01,9.999935030937194824e-01,-9.999967217445373535e-01,9.999949932098388672e-01,-9.999954104423522949e-01,-9.999654889106750488e-01,9.998940229415893555e-01,9.999969005584716797e-01,9.999744892120361328e-01,9.998664855957031250e-01,-9.999863505363464355e-01,9.999954700469970703e-01,-9.999595880508422852e-01,-9.999930262565612793e-01,9.999938607215881348e-01,-9.999939203262329102e-01,-9.999668598175048828e-01,9.999971985816955566e-01,-9.999966621398925781e-01,9.999915361404418945e-01,-9.999907612800598145e-01,9.999968409538269043e-01,9.995203018188476562e-01,9.998598098754882812e-01,9.999962449073791504e-01,9.999912381172180176e-01,-9.999523758888244629e-01,-9.999955892562866211e-01,-9.999830722808837891e-01,9.999958872795104980e-01,-9.999960064888000488e-01,9.999940395355224609e-01,-9.999952912330627441e-01,-9.998079538345336914e-01,9.999972581863403320e-01,-9.999924898147583008e-01,9.999971389770507812e-01,-9.999945759773254395e-01,-9.999869465827941895e-01,-9.999923110008239746e-01,-9.999961256980895996e-01,9.999907016754150391e-01,9.999944567680358887e-01,-9.999927282333374023e-01,-9.999753236770629883e-01,-9.999864101409912109e-01,9.999652504920959473e-01,-9.999817609786987305e-01
9.999989867210388184e-01,-9.999991059303283691e-01,-9.999965429306030273e-01,9.999986290931701660e-01,9.999994039535522461e-01,-9.999994039535522461e-01,9.999972581863403320e-01,9.999994635581970215e-01,-9.999973177909851074e-01,9.999991059303283691e-01,-9.999993443489074707e-01,-9.999994039535522461e-01,9.999987483024597168e-01,9.999990463256835938e-01,9.999964833259582520e-01,9.999970793724060059e-01,9.999984502792358398e-01,-9.999988079071044922e-01,9.999954700469970703e-01,-9.999994635581970215e-01,-9.999994039535522461e-01,9.999964237213134766e-01,9.999992251396179199e-01,9.999987483024597168e-01,9.999930858612060547e-01,9.999994039535522461e-01,-9.999989867210388184e-01,-9.999993443489074707e-01,9.999942779541015625e-01,-9.999979138374328613e-01,-9.999950528144836426e-01,-9.999989867210388184e-01,9.999916553497314453e-01,9.999971985816955566e-01,-9.999987483024597168e-01,9.999812245368957520e-01,9.999994039535522461e-01,9.999991655349731445e-01,9.999932646751403809e-01,-9.999993443489074707e-01,9.999992251396179199e-01,9.999780654907226562e-01,9.999902844429016113e-01,9.999994039535522461e-01,9.999989271163940430e-01,9.999988675117492676e-01,-9.999959468841552734e-01,9.999991059303283691e-01,9.999992847442626953e-01,-9.999990463256835938e-01,-9.999993443489074707e-01,-9.999990463256835938e-01,-9.999993443489074707e-01,-9.999959468841552734e-01,-9.999990463256835938e-01,-9.999988675117492676e-01,-9.999934434890747070e-01,9.999930858612060547e-01,9.999973773956298828e-01,9.999988675117492676e-01,-9.999991059303283691e-01,9.999994039535522461e-01,9.999989867210388184e-01,9.999971985816955566e-01,-9.999964833259582520e-01,-9.999993443489074707e-01,-9.999994635581970215e-01,-9.999976158142089844e-01,-9.999995231628417969e-01,9.999991059303283691e-01,-9.999992251396179199e-01,9.999983310699462891e-01,-9.999804496765136719e-01,-9.999962449073791504e-01,-9.999901056289672852e-01,-9.999991059303283691e-01,9.999950528144836426e-01,9.999992847442626953e-01,-9.999966621398925781e-01,-9.999973773956298828e-01,9.999927282333374023e-01,9.999985098838806152e-01,-9.999993443489074707e-01,9.999989271163940430e-01,-9.999990463256835938e-01,-9.999928474426269531e-01,9.999776482582092285e-01,9.999993443489074707e-01,9.999946355819702148e-01,9.999718666076660156e-01,-9.999970197677612305e-01,9.999991059303283691e-01,-9.999914765357971191e-01,-9.999985098838806152e-01,9.999986290931701660e-01,-9.999986886978149414e-01,-9.999931454658508301e-01,9.999993443489074707e-01,-9.999993443489074707e-01,9.999981522560119629e-01,-9.999980330467224121e-01,9.999992847442626953e-01,9.998986124992370605e-01,9.999703168869018555e-01,9.999992847442626953e-01,9.999980330467224121e-01,-9.999899268150329590e-01,-9.999990463256835938e-01,-9.999963641166687012e-01,9.999991655349731445e-01,-9.999991655349731445e-01,9.999987483024597168e-01,-9.999990463256835938e-01,-9.999594092369079590e-01,9.999994635581970215e-01,-9.999983906745910645e-01,9.999994039535522461e-01,-9.999988675117492676e-01,-9.999972581863403320e-01,-9.999982714653015137e-01,-9.999992251396179199e-01,9.999979138374328613e-01,9.999988079071044922e-01,-9.999984502792358398e-01,-9.999948143959045410e-01,-9.999970793724060059e-01,9.999926686286926270e-01,-9.999960660934448242e-01
-9.999954700469970703e-01,9.999962449073791504e-01,9.999843239784240723e-01,-9.999936819076538086e-01,-9.999969601631164551e-01,9.999966621398925781e-01,-9.999876022338867188e-01,-9.999973177909851074e-01,9.999878406524658203e-01,-9.999956488609313965e-01,9.999966025352478027e-01,9.999969601631164551e-01,-9.999945759773254395e-01,-9.999958276748657227e-01,-9.999839067459106445e-01,-9.999870061874389648e-01,-9.999928474426269531e-01,9.999948143959045410e-01,-9.999793767929077148e-01,9.999974370002746582e-01,9.999970197677612305e-01,-9.999836683273315430e-01,-9.999961853027343750e-01,-9.999942183494567871e-01,-9.999685287475585938e-01,-9.999970793724060059e-01,9.999951124191284180e-01,9.999969005584716797e-01,-9.999734759330749512e-01,9.999904036521911621e-01,9.999772310256958008e-01,9.999951720237731934e-01,-9.999615550041198730e-01,-9.999876022338867188e-01,9.999945759773254395e-01,-9.999131560325622559e-01,-9.999971985816955566e-01,-9.999958872795104980e-01,-9.999689459800720215e-01,9.999969005584716797e-01,-9.999961853027343750e-01,-9.998987913131713867e-01,-9.999552965164184570e-01,-9.999970197677612305e-01,-9.999953508377075195e-01,-9.999950528144836426e-01,9.999811649322509766e-01,-9.999961256980895996e-01,-9.999965429306030273e-01,9.999958276748657227e-01,9.999966025352478027e-01,9.999958872795104980e-01,9.999967813491821289e-01,9.999816417694091797e-01,9.999958872795104980e-01,9.999949336051940918e-01,9.999698400497436523e-01,-9.999679923057556152e-01,-9.999885559082031250e-01,-9.999951720237731934e-01,9.999957680702209473e-01,-9.999970793724060059e-01,-9.999956488609313965e-01,-9.999876022338867188e-01,9.999844431877136230e-01,9.999968409538269043e-01,9.999973773956298828e-01,9.999892711639404297e-01,9.999972581863403320e-01,-9.999955892562866211e-01,9.999966025352478027e-01,-9.999927878379821777e-01,9.999095797538757324e-01,9.999829530715942383e-01,9.999542236328125000e-01,9.999955892562866211e-01,-9.999771714210510254e-01,-9.999965429306030273e-01,9.999852776527404785e-01,9.999882578849792480e-01,-9.999662041664123535e-01,-9.999936819076538086e-01,9.999967813491821289e-01,-9.999951124191284180e-01,9.999954104423522949e-01,9.999663233757019043e-01,-9.998966455459594727e-01,-9.999969601631164551e-01,-9.999751448631286621e-01,-9.998697638511657715e-01,9.999865889549255371e-01,-9.999955296516418457e-01,9.999604821205139160e-01,9.999931454658508301e-01,-9.999940991401672363e-01,9.999939799308776855e-01,9.999677538871765137e-01,-9.999972581863403320e-01,9.999967217445373535e-01,-9.999917149543762207e-01,9.999910593032836914e-01,-9.999969005584716797e-01,-9.995321631431579590e-01,-9.998633265495300293e-01,-9.999963641166687012e-01,-9.999914765357971191e-01,9.999535679817199707e-01,9.999957680702209473e-01,9.999834299087524414e-01,-9.999960064888000488e-01,9.999960064888000488e-01,-9.999941587448120117e-01,9.999954104423522949e-01,9.998126626014709473e-01,-9.999973177909851074e-01,9.999926686286926270e-01,-9.999971985816955566e-01,9.999946951866149902e-01,9.999873042106628418e-01,9.999924898147583008e-01,9.999962449073791504e-01,-9.999909996986389160e-01,-9.999945163726806641e-01,9.999927878379821777e-01,9.999759197235107422e-01,9.999866485595703125e-01,-9.999660253524780273e-01,9.999821782112121582e-01
9.999983310699462891e-01,-9.999986290931701660e-01,-9.999942779541015625e-01,9.999976754188537598e-01,9.999988675117492676e-01,-9.999988675117492676e-01,9.999954700469970703e-01,9.999991059303283691e-01,-9.999956488609313965e-01,9.999984502792358398e-01,-9.999988675117492676e-01,-9.999989867210388184e-01,9.999979734420776367e-01,9.999984502792358398e-01,9.999942183494567871e-01,9.999952912330627441e-01,9.999974370002746582e-01,-9.999980926513671875e-01,9.999924898147583008e-01,-9.999992251396179199e-01,-9.999989867210388184e-01,9.999940395355224609e-01,9.999986886978149414e-01,9.999979138374328613e-01,9.999884963035583496e-01,9.999989271163940430e-01,-9.999982714653015137e-01,-9.999989271163940430e-01,9.999904036521911621e-01,-9.999965429306030273e-01,-9.999916553497314453e-01,-9.999983310699462891e-01,9.999859929084777832e-01,9.999954700469970703e-01,-9.999980330467224121e-01,9.999682903289794922e-01,9.999990463256835938e-01,9.999986290931701660e-01,9.999886155128479004e-01,-9.999988675117492676e-01,9.999987483024597168e-01,9.999629855155944824e-01,9.999837279319763184e-01,9.999989271163940430e-01,9.999983906745910645e-01,9.999981522560119629e-01,-9.999930858612060547e-01,9.999985694885253906e-01,9.999987483024597168e-01,-9.999985098838806152e-01,-9.999988079071044922e-01,-9.999984502792358398e-01,-9.999988675117492676e-01,-9.999933838844299316e-01,-9.999984502792358398e-01,-9.999982118606567383e-01,-9.999889731407165527e-01,9.999883770942687988e-01,9.999958872795104980e-01,9.999982118606567383e-01,-9.999984502792358398e-01,9.999989867210388184e-01,9.999983906745910645e-01,9.999955296516418457e-01,-9.999943375587463379e-01,-9.999989867210388184e-01,-9.999991059303283691e-01,-9.999960064888000488e-01,-9.999990463256835938e-01,9.999983906745910645e-01,-9.999988079071044922e-01,9.999973177909851074e-01,-9.999669790267944336e-01,-9.999938607215881348e-01,-9.999833106994628906e-01,-9.999984502792358398e-01,9.999916553497314453e-01,9.999987483024597168e-01,-9.999946355819702148e-01,-9.999957084655761719e-01,9.999877214431762695e-01,9.999977350234985352e-01,-9.999988675117492676e-01,9.999981522560119629e-01,-9.999983906745910645e-01,-9.999877810478210449e-01,9.999622702598571777e-01,9.999989271163940430e-01,9.999909400939941406e-01,9.999523758888244629e-01,-9.999951720237731934e-01,9.999983310699462891e-01,-9.999855756759643555e-01,-9.999974370002746582e-01,9.999977946281433105e-01,-9.999977946281433105e-01,-9.999883174896240234e-01,9.999990463256835938e-01,-9.999988079071044922e-01,9.999970197677612305e-01,-9.999966621398925781e-01,9.999988675117492676e-01,9.998290538787841797e-01,9.999499917030334473e-01,9.999987483024597168e-01,9.999968409538269043e-01,-9.999830722808837891e-01,-9.999984502792358398e-01,-9.999939799308776855e-01,9.999985098838806152e-01,-9.999986290931701660e-01,9.999979734420776367e-01,-9.999983906745910645e-01,-9.999315738677978516e-01,9.999991655349731445e-01,-9.999972581863403320e-01,9.999990463256835938e-01,-9.999981522560119629e-01,-9.999954104423522949e-01,-9.999973177909851074e-01,-9.999986886978149414e-01,9.999966621398925781e-01,9.999980330467224121e-01,-9.999974370002746582e-01,-9.999912977218627930e-01,-9.999951720237731934e-01,9.999876022338867188e-01,-9.999935030937194824e-01
-9.999987483024597168e-01,9.999989271163940430e-01,9.999957680702209473e-01,-9.999982714653015137e-01,-9.999992251396179199e-01,9.999991655349731445e-01,-9.999966025352478027e-01,-9.999993443489074707e-01,9.999966025352478027e-01,-9.999988675117492676e-01,9.999990463256835938e-01,9.999992251396179199e-01,-9.999984502792358398e-01,-9.999988079071044922e-01,-9.999955892562866211e-01,-9.999963045120239258e-01,-9.999981522560119629e-01,9.999985098838806152e-01,-9.999944567680358887e-01,9.999994635581970215e-01,9.999992847442626953e-01,-9.999955892562866211e-01,-9.999990463256835938e-01,-9.999983906745910645e-01,-9.999914169311523438e-01,-9.999992847442626953e-01,9.999987483024597168e-01,9.999992251396179199e-01,-9.999928474426269531e-01,9.999973773956298828e-01,9.999937415122985840e-01,9.999986886978149414e-01,-9.999895691871643066e-01,-9.999966025352478027e-01,9.999985098838806152e-01,-9.999765157699584961e-01,-9.999992847442626953e-01,-9.999989271163940430e-01,-9.999915361404418945e-01,9.999992251396179199e-01,-9.999990463256835938e-01,-9.999725818634033203e-01,-9.999879002571105957e-01,-9.999992251396179199e-01,-9.999986886978149414e-01,-9.999986290931701660e-01,9.999948740005493164e-01,-9.999989271163940430e-01,-9.999991059303283691e-01,9.999988675117492676e-01,9.999991655349731445e-01,9.999988675117492676e-01,9.999991655349731445e-01,9.999949336051940918e-01,9.999988675117492676e-01,9.999986290931701660e-01,9.999918341636657715e-01,-9.999913573265075684e-01,-9.999968409538269043e-01,-9.999986886978149414e-01,9.999987483024597168e-01,-9.999992251396179199e-01,-9.999988079071044922e-01,-9.999965429306030273e-01,9.999957680702209473e-01,9.999991655349731445e-01,9.999993443489074707e-01,9.999970197677612305e-01,9.999993443489074707e-01,-9.999987483024597168e-01,9.999990463256835938e-01,-9.999980330467224121e-01,9.999755620956420898e-01,9.999954700469970703e-01,9.999876022338867188e-01,9.999988079071044922e-01,-9.999938607215881348e-01,-9.999989867210388184e-01,9.999959468841552734e-01,9.999968409538269043e-01,-9.999908208847045898e-01,-9.999982714653015137e-01,9.999990463256835938e-01,-9.999986290931701660e-01,9.999987483024597168e-01,9.999908804893493652e-01,-9.999720454216003418e-01,-9.999992251396179199e-01,-9.999932646751403809e-01,-9.999647140502929688e-01,9.999963045120239258e-01,-9.999988079071044922e-01,9.999893307685852051e-01,9.999981522560119629e-01,-9.999983906745910645e-01,9.999983906745910645e-01,9.999913573265075684e-01,-9.999992847442626953e-01,9.999991655349731445e-01,-9.999977350234985352e-01,9.999975562095642090e-01,-9.999992251396179199e-01,-9.998732209205627441e-01,-9.999629855155944824e-01,-9.999990463256835938e-01,-9.999976158142089844e-01,9.999873638153076172e-01,9.999987483024597168e-01,9.999955296516418457e-01,-9.999989867210388184e-01,9.999989271163940430e-01,-9.999983906745910645e-01,9.999987483024597168e-01,9.999492168426513672e-01,-9.999992847442626953e-01,9.999979734420776367e-01,-9.999992847442626953e-01,9.999985694885253906e-01,9.999966025352478027e-01,9.999979734420776367e-01,9.999989867210388184e-01,-9.999974370002746582e-01,-9.999985098838806152e-01,9.999980330467224121e-01,9.999935030937194824e-01,9.999963045120239258e-01,-9.999907612800598145e-01,9.999951720237731934e-01
-9.999988675117492676e-01,9.999990463256835938e-01,9.999960660934448242e-01,-9.999984502792358398e-01,-9.999994039535522461e-01,9.999992251396179199e-01,-9.999970197677612305e-01,-9.999994039535522461e-01,9.999969601631164551e-01,-9.999989867210388184e-01,9.999992251396179199e-01,9.999994039535522461e-01,-9.999986290931701660e-01,-9.999989867210388184e-01,-9.999960064888000488e-01,-9.999967813491821289e-01,-9.999982118606567383e-01,9.999986886978149414e-01,-9.999948740005493164e-01,9.999994039535522461e-01,9.999993443489074707e-01,-9.999960064888000488e-01,-9.999992251396179199e-01,-9.999985694885253906e-01,-9.999922513961791992e-01,-9.999994039535522461e-01,9.999988675117492676e-01,9.999992847442626953e-01,-9.999935626983642578e-01,9.999976158142089844e-01,9.999943971633911133e-01,9.999988079071044922e-01,-9.999905824661254883e-01,-9.999969005584716797e-01,9.999986886978149414e-01,-9.999787807464599609e-01,-9.999993443489074707e-01,-9.999990463256835938e-01,-9.999923706054687500e-01,9.999992847442626953e-01,-9.999991655349731445e-01,-9.999750852584838867e-01,-9.999890327453613281e-01,-9.999992847442626953e-01,-9.999988079071044922e-01,-9.999987483024597168e-01,9.999953508377075195e-01,-9.999991059303283691e-01,-9.999992251396179199e-01,9.999989271163940430e-01,9.999992251396179199e-01,9.999989867210388184e-01,9.999992847442626953e-01,9.999954700469970703e-01,9.999989867210388184e-01,9.999988079071044922e-01,9.999926090240478516e-01,-9.999921917915344238e-01,-9.999971389770507812e-01,-9.999987483024597168e-01,9.999989271163940430e-01,-9.999993443489074707e-01,-9.999989271163940430e-01,-9.999969601631164551e-01,9.999960660934448242e-01,9.999993443489074707e-01,9.999994039535522461e-01,9.999973773956298828e-01,9.999994039535522461e-01,-9.999989271163940430e-01,9.999992251396179199e-01,-9.999982118606567383e-01,9.999778270721435547e-01,9.999958872795104980e-01,9.999887347221374512e-01,9.999989867210388184e-01,-9.999943971633911133e-01,-9.999992251396179199e-01,9.999963045120239258e-01,9.999971389770507812e-01,-9.999917149543762207e-01,-9.999984502792358398e-01,9.999992251396179199e-01,-9.999987483024597168e-01,9.999988675117492676e-01,9.999917745590209961e-01,-9.999747276306152344e-01,-9.999993443489074707e-01,-9.999939203262329102e-01,-9.999679923057556152e-01,9.999967217445373535e-01,-9.999988675117492676e-01,9.999904036521911621e-01,9.999982714653015137e-01,-9.999985098838806152e-01,9.999985098838806152e-01,9.999920725822448730e-01,-9.999993443489074707e-01,9.999993443489074707e-01,-9.999979138374328613e-01,9.999977350234985352e-01,-9.999992251396179199e-01,-9.998850822448730469e-01,-9.999663829803466797e-01,-9.999991655349731445e-01,-9.999979138374328613e-01,9.999886155128479004e-01,9.999989271163940430e-01,9.999959468841552734e-01,-9.999990463256835938e-01,9.999991655349731445e-01,-9.999985694885253906e-01,9.999989271163940430e-01,9.999540448188781738e-01,-9.999994039535522461e-01,9.999981522560119629e-01,-9.999993443489074707e-01,9.999986886978149414e-01,9.999969005584716797e-01,9.999981522560119629e-01,9.999991059303283691e-01,-9.999977350234985352e-01,-9.999986290931701660e-01,9.999982118606567383e-01,9.999941587448120117e-01,9.999967813491821289e-01,-9.999916553497314453e-01,9.999955296516418457e-01
