3.303325772285461426e-01,1.008948675007559359e-04,4.813123494386672974e-03,-8.359587192535400391e-02,2.753029465675354004e-01,-2.494618892669677734e-01,8.229701966047286987e-02,3.454855978488922119e-01,7.938531041145324707e-02,4.573743045330047607e-02,-1.793714910745620728e-01,-9.044750779867172241e-02,-4.998617619276046753e-02,-1.114176679402589798e-02,1.807692088186740875e-02,2.057092934846878052e-01,4.407559521496295929e-03,9.627611376345157623e-03,2.102937549352645874e-02,-2.783846110105514526e-02,-9.337271749973297119e-02,-7.070952653884887695e-02,-9.635861963033676147e-02,7.755538821220397949e-02,1.720977574586868286e-02,1.549650281667709351e-01,1.433709915727376938e-02,-2.820118963718414307e-01,3.618288040161132812e-02,-4.224874824285507202e-02,-1.340719163417816162e-01,-5.529545247554779053e-02,-4.354215785861015320e-02,-8.115940727293491364e-03,-1.295433845371007919e-02,-5.493303015828132629e-02,6.098802387714385986e-02,5.322226136922836304e-02,-2.314166277647018433e-01,-2.831150293350219727e-01,2.139855623245239258e-01,1.049490794539451599e-01,-1.763057708740234375e-02,1.674030721187591553e-02,-8.562681823968887329e-02,1.722366362810134888e-01,-4.834864661097526550e-02,-9.151354432106018066e-02,8.919773250818252563e-02,4.066378623247146606e-02,-1.630533486604690552e-01,-1.044476926326751709e-01,2.424186468124389648e-01,-3.086305223405361176e-02,-5.426545068621635437e-02,-1.507425010204315186e-01,1.162560880184173584e-01,3.905677935108542442e-03,7.081773132085800171e-02,2.149322256445884705e-02,-9.904145449399948120e-02,-8.835780434310436249e-03,-9.934438858181238174e-04,2.051680237054824829e-01,6.561948359012603760e-02,-1.515625324100255966e-02,-2.219994962215423584e-01,1.699890643358230591e-01,-6.811535358428955078e-02,2.537150382995605469e-01,-2.032610923051834106e-01,2.191394269466400146e-01,2.816683799028396606e-02,2.078381367027759552e-02,-1.902258545160293579e-01,-1.597080379724502563e-01,4.842986527364701033e-04,4.755313321948051453e-02,-4.372010007500648499e-02,-9.675660729408264160e-02,1.066140905022621155e-01,7.287169864866882563e-05,-1.681916713714599609e-01,-1.163707929663360119e-03,-3.248878121376037598e-01,7.184793800115585327e-02,1.777002662420272827e-01,2.789570949971675873e-03,-9.080493450164794922e-02,1.321634501218795776e-01,-1.795901358127593994e-01,1.829704940319061279e-01,5.979740247130393982e-02,-8.573964983224868774e-02,-1.190932914614677429e-01,-3.227428197860717773e-01,1.067544668912887573e-01,-1.779744889063294977e-05,-1.530394852161407471e-01,2.390441447496414185e-01,-2.307041585445404053e-01,2.555150687694549561e-01,-7.148589193820953369e-02,-1.088446304202079773e-01,-1.314778253436088562e-02,1.752459257841110229e-01,6.476816534996032715e-02,3.801868483424186707e-02,-3.283925950527191162e-01,6.499401759356260300e-03,-8.181557059288024902e-03,1.193150803446769714e-01,-3.236127272248268127e-02,-4.462277889251708984e-02,1.344040185213088989e-01,-4.482027143239974976e-02,2.741883695125579834e-01,-7.313948124647140503e-02,-1.904086619615554810e-01,-1.368915429338812828e-03,-7.795029133558273315e-02,8.734487742185592651e-02,1.273764222860336304e-01,1.319856941699981689e-01,-8.352813124656677246e-02,7.869669049978256226e-02,1.488440763205289841e-02,7.021173834800720215e-02
1.008948675007559359e-04,9.487184695899486542e-03,-7.925476878881454468e-02,6.571121513843536377e-02,4.146785661578178406e-02,-8.758045732975006104e-03,-1.045356621034443378e-03,3.659297525882720947e-02,4.800088703632354736e-02,4.876082763075828552e-02,-3.136507701128721237e-03,-4.151537641882896423e-02,6.768934428691864014e-02,6.358147412538528442e-02,8.091629296541213989e-02,8.482440561056137085e-02,-1.428644522093236446e-03,3.477545827627182007e-02,-7.264326512813568115e-02,-5.469867959618568420e-02,-4.555539786815643311e-02,5.981960892677307129e-02,4.829785972833633423e-02,-2.460268512368202209e-02,1.028980873525142670e-02,7.052111625671386719e-02,-7.953552156686782837e-02,-3.195492178201675415e-02,7.285596430301666260e-02,-1.574367098510265350e-02,7.976232445798814297e-04,-9.144546091556549072e-02,5.414089187979698181e-02,5.668782442808151245e-02,-2.889476250857114792e-03,-8.642151951789855957e-02,5.443141609430313110e-02,7.094361633062362671e-02,-6.526010483503341675e-02,-4.871116206049919128e-02,7.105632871389389038e-02,2.005613781511783600e-02,7.261682301759719849e-02,2.105201780796051025e-02,-3.739747044164687395e-04,-5.657105892896652222e-02,-7.818508893251419067e-02,-2.192642167210578918e-02,4.314340185374021530e-03,4.900091327726840973e-03,4.961587488651275635e-03,-2.408169908449053764e-03,5.016529187560081482e-02,-3.011742141097784042e-03,-1.726478151977062225e-02,-8.962877839803695679e-02,2.891501598060131073e-02,3.989271819591522217e-03,-6.786257028579711914e-02,-6.396418064832687378e-02,-4.816961009055376053e-03,1.871428568847477436e-03,1.968700671568512917e-03,2.986148558557033539e-02,1.249764207750558853e-02,-2.326111681759357452e-02,3.797346726059913635e-02,8.088699728250503540e-02,-8.095308393239974976e-02,3.193558752536773682e-02,-6.707853078842163086e-02,-1.526411063969135284e-02,-2.353092283010482788e-02,7.727832347154617310e-02,-1.828220859169960022e-02,-7.895398139953613281e-02,-5.100140115246176720e-04,8.625363558530807495e-02,-3.329272568225860596e-02,-7.197442650794982910e-02,8.135578781366348267e-02,1.306502672377973795e-04,-6.721469014883041382e-02,-2.186238125432282686e-04,-6.749135255813598633e-02,-7.807402312755584717e-02,4.072686284780502319e-02,1.305500394664704800e-03,6.241798773407936096e-02,6.084119528532028198e-02,-1.841913163661956787e-02,-2.102417312562465668e-02,-6.947349756956100464e-02,3.150500729680061340e-02,-7.159735262393951416e-02,3.783289343118667603e-03,4.987940564751625061e-02,-4.023799647256964818e-06,-6.282773613929748535e-02,5.183124169707298279e-02,-2.068248204886913300e-02,4.918039962649345398e-02,-8.651567250490188599e-02,-7.111653685569763184e-02,9.508945792913436890e-02,2.789150224998593330e-03,-7.157327234745025635e-02,-7.817601412534713745e-02,-2.543725259602069855e-02,-2.705716062337160110e-03,5.596274510025978088e-02,-6.439790129661560059e-02,-7.887738198041915894e-02,1.035052165389060974e-02,8.256851881742477417e-02,-7.882764190435409546e-02,4.157023504376411438e-02,3.940465673804283142e-02,-8.081330358982086182e-02,3.247367590665817261e-02,5.144841223955154419e-02,6.832305341958999634e-02,6.996133923530578613e-02,-5.164522677659988403e-02,-4.318780452013015747e-02,-4.339389875531196594e-02,2.715118462219834328e-03,5.909001827239990234e-02
4.813123494386672974e-03,-7.925476878881454468e-02,7.207992672920227051e-01,-6.236945986747741699e-01,-3.940711915493011475e-01,4.311321675777435303e-02,-4.146307334303855896e-02,-3.742513954639434814e-01,-3.934221267700195312e-01,-4.698440134525299072e-01,6.359077990055084229e-02,4.121788442134857178e-01,-5.624315142631530762e-01,-6.095635890960693359e-01,-7.215248346328735352e-01,-7.154588699340820312e-01,1.190925389528274536e-02,-2.896270453929901123e-01,6.633244156837463379e-01,5.446069836616516113e-01,3.883254528045654297e-01,-5.857466459274291992e-01,-4.747630357742309570e-01,2.331045866012573242e-01,-1.004193276166915894e-01,-5.935534834861755371e-01,6.996700763702392578e-01,2.716943621635437012e-01,-6.844804883003234863e-01,1.564200818538665771e-01,2.258617430925369263e-02,7.816476225852966309e-01,-4.701324105262756348e-01,-6.047273278236389160e-01,3.182388097047805786e-02,7.350308299064636230e-01,-5.115819573402404785e-01,-6.596738100051879883e-01,5.698775053024291992e-01,4.970463514328002930e-01,-6.256285309791564941e-01,-1.933345943689346313e-01,-6.478851437568664551e-01,-2.063090503215789795e-01,-1.901104301214218140e-02,5.166185498237609863e-01,7.197009921073913574e-01,2.053954601287841797e-01,-4.803180694580078125e-02,5.441981926560401917e-02,-3.028452955186367035e-02,9.049130231142044067e-02,-4.828394949436187744e-01,3.966205939650535583e-02,1.813981980085372925e-01,7.831219434738159180e-01,-3.244248926639556885e-01,-3.951285406947135925e-02,5.784884691238403320e-01,5.934041142463684082e-01,6.850896775722503662e-02,-3.158115595579147339e-02,-1.785195432603359222e-02,-2.674847841262817383e-01,-9.235125780105590820e-02,2.163515239953994751e-01,-2.786858081817626953e-01,-6.992399692535400391e-01,7.152944803237915039e-01,-3.003356754779815674e-01,6.352735757827758789e-01,1.633804589509963989e-01,2.227819561958312988e-01,-7.064560055732727051e-01,1.326425671577453613e-01,6.871309280395507812e-01,4.293351899832487106e-03,-7.738974094390869141e-01,3.102076649665832520e-01,6.688252687454223633e-01,-7.379560470581054688e-01,-1.314584282226860523e-03,6.378852128982543945e-01,3.303402336314320564e-03,5.984755158424377441e-01,6.820684671401977539e-01,-4.107888936996459961e-01,-1.237600110471248627e-02,-5.327540636062622070e-01,-5.989316701889038086e-01,1.847032606601715088e-01,1.423335671424865723e-01,6.106845736503601074e-01,-2.840959429740905762e-01,6.596400737762451172e-01,1.263845432549715042e-02,-4.577160477638244629e-01,4.157418879913166165e-05,5.826707482337951660e-01,-4.821225106716156006e-01,2.960895895957946777e-01,-4.604043364524841309e-01,7.521490454673767090e-01,6.588044762611389160e-01,-8.092982172966003418e-01,-1.182568296790122986e-01,6.056821942329406738e-01,6.755436062812805176e-01,2.363331317901611328e-01,2.334507368505001068e-02,-5.139127373695373535e-01,6.174877285957336426e-01,7.045100927352905273e-01,-1.984552443027496338e-01,-7.389336228370666504e-01,6.953723430633544922e-01,-3.935826122760772705e-01,-3.766481876373291016e-01,7.260690331459045410e-01,-3.137469291687011719e-01,-4.544110000133514404e-01,-6.286396384239196777e-01,-6.366725564002990723e-01,4.167658388614654541e-01,4.960604906082153320e-01,4.149300158023834229e-01,-3.599331527948379517e-02,-5.725106596946716309e-01
-8.359587192535400391e-02,6.571121513843536377e-02,-6.236945986747741699e-01,6.883919239044189453e-01,1.842319816350936890e-01,6.821290403604507446e-02,3.781783208250999451e-02,1.702397912740707397e-01,3.508304357528686523e-01,4.036998748779296875e-01,-1.246006488800048828e-01,-3.303523659706115723e-01,3.771599531173706055e-01,5.804932713508605957e-01,6.298709511756896973e-01,4.783347249031066895e-01,-7.158986758440732956e-03,2.315670996904373169e-01,-6.593269705772399902e-01,-4.770371615886688232e-01,-4.559718370437622070e-01,5.649544000625610352e-01,4.577233493328094482e-01,-1.963736414909362793e-01,8.640508353710174561e-02,3.465755581855773926e-01,-5.285413861274719238e-01,8.056697435677051544e-03,4.879559278488159180e-01,1.341363973915576935e-02,-1.929225213825702667e-02,-6.887511014938354492e-01,5.599255561828613281e-01,5.201227664947509766e-01,-1.322022359818220139e-02,-5.367783904075622559e-01,3.872923254966735840e-01,5.394590497016906738e-01,-2.808937430381774902e-01,-4.595780968666076660e-01,5.284740328788757324e-01,2.158210277557373047e-01,5.011675953865051270e-01,1.656501144170761108e-01,-8.058273792266845703e-02,-3.384078443050384521e-01,-6.653619408607482910e-01,-1.839127689599990845e-01,5.458143725991249084e-02,-2.197134494781494141e-02,6.041485071182250977e-02,5.466815456748008728e-02,4.630971848964691162e-01,-5.856813490390777588e-02,-2.376504428684711456e-02,-6.042841672897338867e-01,3.003136515617370605e-01,3.105334006249904633e-02,-5.052727460861206055e-01,-6.153267621994018555e-01,-1.171356067061424255e-01,1.066884398460388184e-01,2.116609737277030945e-02,1.644559055566787720e-01,1.159402728080749512e-01,-1.824113130569458008e-01,2.255245745182037354e-01,4.963575005531311035e-01,-5.836921930313110352e-01,4.327455908060073853e-02,-4.686808884143829346e-01,-1.807512948289513588e-03,-2.828632593154907227e-01,6.311085224151611328e-01,-1.155017241835594177e-01,-5.527818799018859863e-01,-1.853371039032936096e-03,6.104713678359985352e-01,-4.562912881374359131e-01,-5.408193469047546387e-01,6.876770853996276855e-01,1.132241333834826946e-03,-4.528991580009460449e-01,3.010062500834465027e-04,-4.412113428115844727e-01,-5.737155079841613770e-01,1.681514233350753784e-01,6.969025358557701111e-03,3.936547935009002686e-01,4.711419343948364258e-01,-1.684944927692413330e-01,-3.057444691658020020e-01,-6.087810993194580078e-01,3.213898539543151855e-01,-5.986954569816589355e-01,1.218753829598426819e-01,3.270542025566101074e-01,-3.397129694349132478e-05,-3.877790570259094238e-01,3.177556991577148438e-01,-1.355983614921569824e-01,2.035848498344421387e-01,-7.003751397132873535e-01,-5.079917311668395996e-01,7.191321253776550293e-01,2.739453017711639404e-01,-7.033604979515075684e-01,-5.220269560813903809e-01,-2.994252182543277740e-02,-2.721731737256050110e-02,5.378635525703430176e-01,-6.564006209373474121e-01,-6.513237357139587402e-01,3.270857632160186768e-01,5.859342217445373535e-01,-6.023521423339843750e-01,1.383643299341201782e-01,3.354647457599639893e-01,-5.810932517051696777e-01,3.482197523117065430e-01,3.870150744915008545e-01,5.949831604957580566e-01,5.570219159126281738e-01,-4.047592282295227051e-01,-4.210610091686248779e-01,-4.501866102218627930e-01,1.657701097428798676e-02,4.595493972301483154e-01
2.753029465675354004e-01,4.146785661578178406e-02,-3.940711915493011475e-01,1.842319816350936890e-01,5.418171882629394531e-01,-2.724069058895111084e-01,8.439992368221282959e-02,5.927526950836181641e-01,2.274020016193389893e-01,2.766467034816741943e-01,-1.221105903387069702e-01,-3.079551756381988525e-01,3.383436501026153564e-01,2.598968148231506348e-01,4.047802388668060303e-01,6.795203089714050293e-01,-5.136313848197460175e-03,1.844654083251953125e-01,-2.996398210525512695e-01,-2.893741130828857422e-01,-1.489159613847732544e-01,2.211146205663681030e-01,1.383209973573684692e-01,-7.149336487054824829e-02,6.545040011405944824e-02,5.746552348136901855e-01,-4.271775186061859131e-01,-5.315105915069580078e-01,5.121802687644958496e-01,-2.222479581832885742e-01,-1.210421770811080933e-01,-4.717371463775634766e-01,9.753093868494033813e-02,3.222013413906097412e-01,-3.749313950538635254e-02,-5.322511196136474609e-01,3.566048443317413330e-01,4.245080947875976562e-01,-6.850466132164001465e-01,-4.524356424808502197e-01,5.235812067985534668e-01,1.383769363164901733e-01,3.763788640499114990e-01,1.306668967008590698e-01,3.114880248904228210e-02,-2.393348067998886108e-01,-4.152455031871795654e-01,-1.731674075126647949e-01,7.976724952459335327e-02,-2.323977835476398468e-02,-1.318992376327514648e-01,-2.381615191698074341e-01,3.982233107089996338e-01,-3.351414948701858521e-02,-2.370727360248565674e-01,-6.280035972595214844e-01,2.540437579154968262e-01,2.667316794395446777e-02,-2.497068196535110474e-01,-2.312393784523010254e-01,-6.440677493810653687e-02,-6.100621819496154785e-02,3.695039544254541397e-03,3.374107778072357178e-01,7.528869807720184326e-02,-1.286521852016448975e-01,-7.924695499241352081e-03,6.037977337837219238e-01,-4.673755168914794922e-01,5.162529349327087402e-01,-5.786717534065246582e-01,-3.415622562170028687e-02,-1.825942099094390869e-02,3.983466923236846924e-01,-2.056646943092346191e-01,-5.367313623428344727e-01,-3.195441793650388718e-03,5.343418717384338379e-01,-6.321431696414947510e-02,-4.726616442203521729e-01,4.711658358573913574e-01,7.492855656892061234e-04,-5.500075221061706543e-01,-4.780160263180732727e-03,-6.442967057228088379e-01,-3.410532176494598389e-01,4.844954311847686768e-01,1.151299662888050079e-02,2.555569112300872803e-01,4.601929783821105957e-01,-2.307388931512832642e-01,2.046051919460296631e-01,-2.268185764551162720e-01,2.307825535535812378e-02,-4.417229890823364258e-01,-3.407386541366577148e-01,3.788636028766632080e-01,-3.764378197956830263e-05,-5.100767612457275391e-01,5.236069560050964355e-01,-4.259217977523803711e-01,5.921506881713867188e-01,-4.474335014820098877e-01,-4.930296838283538818e-01,4.573221802711486816e-01,7.496204972267150879e-02,-1.558491885662078857e-01,-4.095353484153747559e-01,-4.991742968559265137e-01,-6.688164430670440197e-04,1.738594919443130493e-01,-1.555881202220916748e-01,-3.942017257213592529e-01,-3.974012285470962524e-02,5.760334730148315430e-01,-4.099117219448089600e-01,5.574457645416259766e-01,1.480299234390258789e-01,-5.973635315895080566e-01,1.049058660864830017e-01,1.898001283407211304e-01,3.651003241539001465e-01,4.157675504684448242e-01,-8.032389730215072632e-02,-3.271798193454742432e-01,-8.080527931451797485e-02,3.962763398885726929e-02,3.860830664634704590e-01
-2.494618892669677734e-01,-8.758045732975006104e-03,4.311321675777435303e-02,6.821290403604507446e-02,-2.724069058895111084e-01,2.485558092594146729e-01,-3.335983678698539734e-02,-3.046246469020843506e-01,-1.280870586633682251e-01,-6.923590600490570068e-02,9.946265071630477905e-02,1.068708300590515137e-01,-5.555344745516777039e-02,-1.383872702717781067e-02,-6.356444954872131348e-02,-2.714471220970153809e-01,-1.669320976361632347e-03,-4.737383872270584106e-02,1.849722489714622498e-02,4.416160285472869873e-02,7.746157050132751465e-02,2.003823034465312958e-02,6.642801314592361450e-02,-2.557043544948101044e-02,-2.216606214642524719e-02,-2.521299719810485840e-01,7.188311964273452759e-02,3.009687662124633789e-01,-9.338250011205673218e-02,6.564295291900634766e-02,1.040882095694541931e-01,1.176755577325820923e-01,3.735921904444694519e-02,-7.379380986094474792e-03,1.448834966868162155e-02,1.514129638671875000e-01,-1.078887060284614563e-01,-1.047943755984306335e-01,2.857778072357177734e-01,2.029582411050796509e-01,-2.339245676994323730e-01,-6.771464645862579346e-02,-5.123955756425857544e-02,-2.610231563448905945e-02,4.208697006106376648e-02,-5.137367174029350281e-02,7.029229402542114258e-02,7.807997614145278931e-02,-7.728742808103561401e-02,-3.646171838045120239e-02,1.294783204793930054e-01,8.034833520650863647e-02,-1.983610540628433228e-01,2.683673799037933350e-02,7.972650974988937378e-02,1.890779286623001099e-01,-1.002585515379905701e-01,-6.547196768224239349e-03,6.386290304362773895e-03,4.991883877664804459e-03,6.058348715305328369e-02,2.660370804369449615e-02,1.035343855619430542e-03,-2.001373022794723511e-01,-6.544244289398193359e-02,3.394167125225067139e-02,1.152633056044578552e-01,-2.165985256433486938e-01,1.329241245985031128e-01,-2.686595916748046875e-01,2.140566706657409668e-01,-1.409470438957214355e-01,-1.286513730883598328e-02,-7.596712559461593628e-02,1.634611189365386963e-01,1.828287541866302490e-01,7.470208220183849335e-04,-1.099879816174507141e-01,5.824295803904533386e-04,1.516432613134384155e-01,-1.230310872197151184e-01,-1.464497036067768931e-04,1.846660226583480835e-01,9.338579839095473289e-04,3.145026862621307373e-01,1.600503362715244293e-02,-1.875744163990020752e-01,-4.217034671455621719e-03,-3.425346687436103821e-02,-1.564802676439285278e-01,1.288971602916717529e-01,-1.534850299358367920e-01,1.218387391418218613e-03,4.656792804598808289e-02,1.438056677579879761e-01,2.557164430618286133e-01,-1.053093820810317993e-01,1.545795566926244646e-05,1.908694356679916382e-01,-2.588096261024475098e-01,1.978979408740997314e-01,-2.866654396057128906e-01,1.167698502540588379e-01,1.547713726758956909e-01,-6.918337941169738770e-02,-2.305581234395503998e-02,-3.990862891077995300e-02,7.172666490077972412e-02,3.121078312397003174e-01,-2.869384596124291420e-03,-3.034900315105915070e-02,-9.164703637361526489e-02,7.802555710077285767e-02,8.263861387968063354e-02,-1.585013419389724731e-01,9.379589557647705078e-02,-2.860611975193023682e-01,3.395396471023559570e-02,2.043911665678024292e-01,-4.019735381007194519e-03,2.081114612519741058e-02,-1.041585505008697510e-01,-1.342409104108810425e-01,-5.747098103165626526e-02,7.723519951105117798e-02,-5.145329982042312622e-02,-1.996654830873012543e-02,-9.310178458690643311e-02
8.229701966047286987e-02,-1.045356621034443378e-03,-4.146307334303855896e-02,3.781783208250999451e-02,8.439992368221282959e-02,-3.335983678698539734e-02,7.433750480413436890e-02,1.153304725885391235e-01,4.898902261629700661e-04,4.767528921365737915e-02,-9.673351049423217773e-02,-4.518919810652732849e-02,-4.269884154200553894e-02,3.333804756402969360e-02,3.082263283431529999e-02,5.869398638606071472e-02,1.443857676349580288e-03,-9.405386634171009064e-03,-5.296467244625091553e-02,-5.670091137290000916e-02,-5.989513546228408813e-02,1.847188733518123627e-02,1.272869762033224106e-02,1.986069232225418091e-02,1.105232350528240204e-02,2.391610853374004364e-02,-1.404709927737712860e-02,-4.993388801813125610e-02,4.367784783244132996e-02,-1.672459952533245087e-02,-5.418350175023078918e-02,-5.221189931035041809e-02,3.018425591289997101e-02,5.737505480647087097e-02,-3.919120412319898605e-03,-1.657263748347759247e-02,2.991116419434547424e-02,4.290643334388732910e-02,-5.514121428132057190e-02,-1.501410305500030518e-01,8.941791206598281860e-02,5.243121087551116943e-02,6.241073366254568100e-03,1.525634061545133591e-02,-4.949599504470825195e-02,4.981252923607826233e-02,-6.270831823348999023e-02,-3.107697144150733948e-02,4.129065945744514465e-02,-1.657538488507270813e-02,-4.091778025031089783e-02,-4.956454783678054810e-02,1.207956522703170776e-01,-1.305819116532802582e-02,-1.113380119204521179e-02,-7.924345880746841431e-02,6.675129383802413940e-02,2.556004794314503670e-03,9.209268726408481598e-03,-2.104913443326950073e-02,-6.457969546318054199e-02,2.459860965609550476e-02,1.232940005138516426e-03,7.187588512897491455e-02,1.642794348299503326e-02,-1.030424144119024277e-02,-9.583948552608489990e-02,6.182818114757537842e-02,-3.742994740605354309e-02,6.703305989503860474e-02,-9.688588231801986694e-02,7.061945647001266479e-02,-1.153537165373563766e-02,3.480555117130279541e-02,-5.991489812731742859e-02,-8.054453879594802856e-02,6.166946259327232838e-04,5.092369019985198975e-02,-5.419310182332992554e-02,-6.173378601670265198e-02,9.039679169654846191e-02,9.146654338110238314e-05,-7.769421488046646118e-02,-9.663238306529819965e-04,-1.222206652164459229e-01,1.933930628001689911e-02,7.588301599025726318e-02,4.942863597534596920e-04,-3.881938755512237549e-02,7.225028425455093384e-02,-7.337658107280731201e-02,3.541573137044906616e-02,-1.589987799525260925e-02,3.150058211758732796e-03,-7.721734046936035156e-02,-1.117861941456794739e-01,3.500096127390861511e-02,-1.028536280500702560e-05,-4.976438730955123901e-02,8.232447504997253418e-02,-1.150073260068893433e-01,7.746583968400955200e-02,-5.760510638356208801e-02,-5.459617078304290771e-02,4.690749943256378174e-02,1.345697194337844849e-01,-3.479584306478500366e-02,1.558185182511806488e-02,-8.172733336687088013e-02,3.481363237369805574e-04,1.967543922364711761e-02,-3.882461786270141602e-02,-3.162035346031188965e-02,7.606361061334609985e-02,6.963732093572616577e-02,-3.748555108904838562e-02,7.186104357242584229e-02,-8.746924810111522675e-03,-9.260047972202301025e-02,2.807579934597015381e-02,-2.564725279808044434e-02,6.842198222875595093e-02,6.690265238285064697e-02,5.152458325028419495e-02,-8.349081128835678101e-02,-1.044230256229639053e-02,7.853440940380096436e-03,6.617773324251174927e-02
3.454855978488922119e-01,3.659297525882720947e-02,-3.742513954639434814e-01,1.702397912740707397e-01,5.927526950836181641e-01,-3.046246469020843506e-01,1.153304725885391235e-01,6.973332166671752930e-01,1.973389387130737305e-01,2.678530514240264893e-01,-1.465912014245986938e-01,-3.382474780082702637e-01,3.062300980091094971e-01,2.613692283630371094e-01,4.012291133403778076e-01,6.763208508491516113e-01,-2.801858121529221535e-03,1.653673350811004639e-01,-2.538526952266693115e-01,-2.846743166446685791e-01,-1.035102754831314087e-01,2.145139724016189575e-01,1.166157200932502747e-01,-6.277047097682952881e-02,6.686147302389144897e-02,5.607414245605468750e-01,-3.984080553054809570e-01,-5.806781053543090820e-01,5.341216921806335449e-01,-2.204247415065765381e-01,-1.548967659473419189e-01,-4.348384141921997070e-01,3.211623430252075195e-02,3.527350127696990967e-01,-4.626743122935295105e-02,-5.117289423942565918e-01,3.620240986347198486e-01,4.246548414230346680e-01,-7.212518453598022461e-01,-5.112299323081970215e-01,5.184259414672851562e-01,1.528935581445693970e-01,3.540142178535461426e-01,1.381971836090087891e-01,6.968033313751220703e-02,-2.090082913637161255e-01,-4.132167994976043701e-01,-1.963260471820831299e-01,8.129522204399108887e-02,-8.270377665758132935e-02,-1.812211424112319946e-01,-3.184400796890258789e-01,4.211869537830352783e-01,-4.292854666709899902e-02,-2.822889983654022217e-01,-6.310004591941833496e-01,2.965174913406372070e-01,2.910787798464298248e-02,-1.738496124744415283e-01,-2.194630950689315796e-01,-7.489819079637527466e-02,-8.031772077083587646e-02,2.071957336738705635e-03,3.294988274574279785e-01,6.282125413417816162e-02,-1.268795430660247803e-01,-9.148022532463073730e-02,6.058474183082580566e-01,-4.578371047973632812e-01,5.675783157348632812e-01,-6.142220497131347656e-01,-4.653986170887947083e-02,1.144762057811021805e-02,4.010431766510009766e-01,-1.860770136117935181e-01,-5.217782855033874512e-01,-3.045433666557073593e-03,5.303066968917846680e-01,-5.612885951995849609e-02,-4.678682982921600342e-01,4.582357108592987061e-01,8.197955903597176075e-04,-5.873190164566040039e-01,-5.984053947031497955e-03,-6.677650809288024902e-01,-3.242622613906860352e-01,5.277233719825744629e-01,1.277735736221075058e-02,1.851698309183120728e-01,4.973983466625213623e-01,-2.662492096424102783e-01,3.152367174625396729e-01,-1.689000576734542847e-01,-2.867896482348442078e-02,-4.347338974475860596e-01,-4.323022961616516113e-01,4.038259685039520264e-01,-4.107719723833724856e-05,-5.506110787391662598e-01,5.488945841789245605e-01,-5.200542807579040527e-01,6.387865543365478516e-01,-4.320091009140014648e-01,-5.073856711387634277e-01,3.944366872310638428e-01,1.495988517999649048e-01,-7.833100110292434692e-02,-3.767885863780975342e-01,-5.762348771095275879e-01,5.089951213449239731e-03,1.433021575212478638e-01,-1.146656572818756104e-01,-3.867994248867034912e-01,-2.227526158094406128e-02,5.930655002593994141e-01,-3.870152235031127930e-01,6.268110871315002441e-01,1.459246277809143066e-01,-6.123851537704467773e-01,8.688686788082122803e-02,1.673599183559417725e-01,3.517315983772277832e-01,4.202636480331420898e-01,-9.079102426767349243e-03,-3.829602599143981934e-01,-4.939343035221099854e-02,4.875933751463890076e-02,3.857667148113250732e-01
7.938531041145324707e-02,4.800088703632354736e-02,-3.934221267700195312e-01,3.508304357528686523e-01,2.274020016193389893e-01,-1.280870586633682251e-01,4.898902261629700661e-04,1.973389387130737305e-01,3.886919915676116943e-01,2.929160296916961670e-01,-1.073187962174415588e-01,-2.548993825912475586e-01,2.713266313076019287e-01,3.741801977157592773e-01,4.283607304096221924e-01,4.688195288181304932e-01,-2.631637500599026680e-03,1.344179660081863403e-01,-4.200477302074432373e-01,-3.187685310840606689e-01,-4.150807559490203857e-01,3.374931812286376953e-01,2.162787318229675293e-01,-1.164346858859062195e-01,6.935204565525054932e-02,4.005142450332641602e-01,-3.961632847785949707e-01,-1.386801749467849731e-01,2.969755828380584717e-01,-2.417319919914007187e-03,-7.708988338708877563e-02,-5.693627595901489258e-01,3.390131592750549316e-01,2.846087515354156494e-01,-1.135604549199342728e-02,-4.532618522644042969e-01,2.949362397193908691e-01,3.855403959751129150e-01,-2.863410711288452148e-01,-3.659593760967254639e-01,4.871909916400909424e-01,1.659753620624542236e-01,3.184644281864166260e-01,1.027735322713851929e-01,-1.167253553867340088e-01,-1.788859516382217407e-01,-4.219542741775512695e-01,-1.379351466894149780e-01,1.067479550838470459e-01,1.640004292130470276e-02,-3.752685710787773132e-02,7.013962417840957642e-02,4.159744977951049805e-01,-6.192901358008384705e-02,-2.217165008187294006e-02,-4.750908017158508301e-01,2.181525975465774536e-01,2.047912031412124634e-02,-3.258444964885711670e-01,-3.661255240440368652e-01,-1.188324242830276489e-01,9.212072938680648804e-02,1.367008406668901443e-02,2.316670566797256470e-01,1.277682632207870483e-01,-1.331307739019393921e-01,8.862635493278503418e-02,4.242818057537078857e-01,-4.638460576534271240e-01,1.430540680885314941e-01,-3.689070940017700195e-01,1.376246213912963867e-01,-2.177011966705322266e-01,4.455095827579498291e-01,-1.816511303186416626e-01,-4.312940835952758789e-01,-1.701099681667983532e-03,4.329316020011901855e-01,-2.620388269424438477e-01,-4.511781036853790283e-01,5.017843842506408691e-01,7.587809814140200615e-04,-3.529379963874816895e-01,1.267615240067243576e-03,-4.418831169605255127e-01,-3.624449968338012695e-01,1.631390750408172607e-01,5.921956617385149002e-03,3.365017473697662354e-01,3.670603632926940918e-01,-1.411550492048263550e-01,-1.504559665918350220e-01,-4.000361859798431396e-01,2.176990211009979248e-01,-4.573422968387603760e-01,-4.515610262751579285e-02,1.838855743408203125e-01,-2.598604260128922760e-05,-3.477552831172943115e-01,3.287456035614013672e-01,-1.464964747428894043e-01,2.863206863403320312e-01,-5.413870215415954590e-01,-3.948011696338653564e-01,5.221744179725646973e-01,8.991268277168273926e-02,-4.637207984924316406e-01,-3.716825544834136963e-01,-1.750099062919616699e-01,-2.171167731285095215e-02,4.440307617187500000e-01,-3.536171317100524902e-01,-4.506243467330932617e-01,1.541154235601425171e-01,4.014176726341247559e-01,-4.420442283153533936e-01,2.283235192298889160e-01,1.499547362327575684e-01,-4.582426846027374268e-01,2.308560013771057129e-01,1.887275874614715576e-01,4.416201114654541016e-01,4.267210960388183594e-01,-2.335313558578491211e-01,-2.892193794250488281e-01,-2.771652936935424805e-01,2.897892519831657410e-02,3.038251101970672607e-01
4.573743045330047607e-02,4.876082763075828552e-02,-4.698440134525299072e-01,4.036998748779296875e-01,2.766467034816741943e-01,-6.923590600490570068e-02,4.767528921365737915e-02,2.678530514240264893e-01,2.929160296916961670e-01,3.208039700984954834e-01,-9.573274850845336914e-02,-2.756220698356628418e-01,3.249131739139556885e-01,3.995794951915740967e-01,4.769924879074096680e-01,5.166615247726440430e-01,-5.972770508378744125e-03,1.632877290248870850e-01,-4.617049396038055420e-01,-3.640833199024200439e-01,-3.278928101062774658e-01,3.680806756019592285e-01,2.828815281391143799e-01,-1.337003260850906372e-01,7.027165591716766357e-02,4.177858233451843262e-01,-4.618699848651885986e-01,-1.843913644552230835e-01,4.338160157203674316e-01,-8.669083565473556519e-02,-5.297229066491127014e-02,-5.787659883499145508e-01,3.276282548904418945e-01,3.838605582714080811e-01,-1.845459267497062683e-02,-5.025808811187744141e-01,3.295551836490631104e-01,4.350818693637847900e-01,-3.836579322814941406e-01,-3.924150764942169189e-01,4.755691289901733398e-01,1.522775143384933472e-01,3.951948881149291992e-01,1.280864924192428589e-01,-4.852208495140075684e-02,-2.827027142047882080e-01,-4.861098825931549072e-01,-1.385653465986251831e-01,7.317088544368743896e-02,-2.769493311643600464e-02,-8.923900313675403595e-03,-3.684351965785026550e-02,3.937997221946716309e-01,-4.055197164416313171e-02,-9.187917411327362061e-02,-5.606869459152221680e-01,2.321062088012695312e-01,2.446123957633972168e-02,-3.607332110404968262e-01,-3.794291615486145020e-01,-9.312251210212707520e-02,5.444271117448806763e-02,1.243793033063411713e-02,2.246433347463607788e-01,8.413065224885940552e-02,-1.404127925634384155e-01,1.175401061773300171e-01,4.845056831836700439e-01,-4.918502867221832275e-01,2.056614458560943604e-01,-4.452648162841796875e-01,-1.016501616686582565e-02,-1.714658886194229126e-01,4.761123359203338623e-01,-1.404784917831420898e-01,-4.874359071254730225e-01,-2.212385181337594986e-03,5.276891589164733887e-01,-2.289101779460906982e-01,-4.763063788414001465e-01,5.440946817398071289e-01,8.420328376814723015e-04,-4.299301505088806152e-01,-1.466443529352545738e-03,-4.645822644233703613e-01,-4.160548448562622070e-01,2.664067447185516357e-01,7.409310899674892426e-03,3.389657437801361084e-01,4.086009263992309570e-01,-1.475318521261215210e-01,-1.006268411874771118e-01,-4.093970954418182373e-01,1.998016238212585449e-01,-4.763936102390289307e-01,-6.045228615403175354e-02,2.653781473636627197e-01,-3.031250344065483660e-05,-3.871971368789672852e-01,3.493317961692810059e-01,-2.224951386451721191e-01,3.325107693672180176e-01,-5.478672385215759277e-01,-4.442950487136840820e-01,5.837308764457702637e-01,1.170246452093124390e-01,-4.484808146953582764e-01,-4.264051020145416260e-01,-1.842310130596160889e-01,-1.746299117803573608e-02,3.785027265548706055e-01,-4.112130999565124512e-01,-4.730446636676788330e-01,1.678598076105117798e-01,4.984304010868072510e-01,-4.719105660915374756e-01,2.732385396957397461e-01,2.072622627019882202e-01,-5.208848714828491211e-01,2.207832336425781250e-01,2.447684109210968018e-01,4.470923840999603271e-01,4.440990984439849854e-01,-2.356564104557037354e-01,-3.401854336261749268e-01,-2.736664414405822754e-01,2.831411920487880707e-02,3.768770694732666016e-01
-1.793714910745620728e-01,-3.136507701128721237e-03,6.359077990055084229e-02,-1.246006488800048828e-01,-1.221105903387069702e-01,9.946265071630477905e-02,-9.673351049423217773e-02,-1.465912014245986938e-01,-1.073187962174415588e-01,-9.573274850845336914e-02,2.518193423748016357e-01,8.432337641716003418e-02,1.231351643800735474e-01,-7.866714149713516235e-02,-5.970364809036254883e-02,-6.898114085197448730e-02,-5.049255210906267166e-03,-2.761412644758820534e-03,1.565027832984924316e-01,9.614898264408111572e-02,2.566661834716796875e-01,-5.178621411323547363e-02,-9.713514707982540131e-03,-5.313708260655403137e-02,-2.615735866129398346e-02,-1.500526722520589828e-02,-2.788985706865787506e-02,1.283337827771902084e-02,3.283815830945968628e-02,-6.951247155666351318e-02,1.310922205448150635e-01,1.307341754436492920e-01,-1.750401109457015991e-01,-4.049374535679817200e-02,-3.205649787560105324e-03,-9.729195386171340942e-03,-4.717827960848808289e-02,-7.353027909994125366e-02,-9.350940585136413574e-03,3.128044009208679199e-01,-2.407116293907165527e-01,-1.521507650613784790e-01,2.689621411263942719e-02,-1.724781468510627747e-02,2.081937789916992188e-01,-2.187866270542144775e-01,1.391615420579910278e-01,8.903011679649353027e-02,-1.163051500916481018e-01,-6.420842558145523071e-02,9.376944601535797119e-02,-4.450181126594543457e-02,-3.088275790214538574e-01,5.983402952551841736e-02,-8.141627907752990723e-02,9.972061216831207275e-02,-1.461978107690811157e-01,-2.890810137614607811e-03,1.415168773382902145e-02,1.124428883194923401e-01,1.707012355327606201e-01,-9.466478228569030762e-02,-6.567140109837055206e-03,-1.725970357656478882e-01,-1.045544371008872986e-01,2.757717669010162354e-02,1.863934248685836792e-01,-8.561177551746368408e-02,7.238042354583740234e-02,-4.375923052430152893e-02,1.492911279201507568e-01,-3.407981097698211670e-01,9.394954144954681396e-02,-7.983745634555816650e-02,2.052336335182189941e-01,1.662853658199310303e-01,-2.061186823993921280e-03,-3.463479503989219666e-02,2.438066303730010986e-01,1.172197610139846802e-01,-2.166450172662734985e-01,-1.438145409338176250e-04,8.582780510187149048e-02,-1.830656314268708229e-03,2.524012625217437744e-01,-5.566403642296791077e-02,-2.509235590696334839e-02,7.105646072886884212e-04,7.590718567371368408e-02,-1.190580576658248901e-01,1.782093495130538940e-01,6.149780005216598511e-02,1.018615141510963440e-01,-5.584857612848281860e-02,1.971367895603179932e-01,1.591955423355102539e-01,-4.487063735723495483e-02,1.957002859853673726e-05,4.864760860800743103e-02,-1.688750237226486206e-01,1.208611577749252319e-01,-6.966294348239898682e-02,1.661983430385589600e-01,8.554688841104507446e-02,-1.026599928736686707e-01,-3.203225135803222656e-01,2.082525044679641724e-01,-4.759916290640830994e-02,1.234041526913642883e-01,6.031502503901720047e-03,-1.302924305200576782e-01,9.836998581886291504e-02,1.139180734753608704e-01,-1.595893055200576782e-01,-9.683756530284881592e-02,1.010788828134536743e-01,-4.823871701955795288e-02,3.187399357557296753e-02,1.655850112438201904e-01,-1.098258346319198608e-01,5.608471855521202087e-02,-1.922741234302520752e-01,-1.579136997461318970e-01,-4.077819362282752991e-02,1.133772954344749451e-01,6.590350717306137085e-02,-4.617116414010524750e-03,-1.056987643241882324e-01
-9.044750779867172241e-02,-4.151537641882896423e-02,4.121788442134857178e-01,-3.303523659706115723e-01,-3.079551756381988525e-01,1.068708300590515137e-01,-4.518919810652732849e-02,-3.382474780082702637e-01,-2.548993825912475586e-01,-2.756220698356628418e-01,8.432337641716003418e-02,2.740266919136047363e-01,-2.932412326335906982e-01,-3.501845300197601318e-01,-4.358993470668792725e-01,-5.260782241821289062e-01,3.709822660312056541e-03,-1.412491202354431152e-01,3.748808801174163818e-01,3.111250996589660645e-01,2.445577383041381836e-01,-3.213708400726318359e-01,-2.243673205375671387e-01,1.157315969467163086e-01,-6.397645175457000732e-02,-4.163499474525451660e-01,4.142542779445648193e-01,2.387654036283493042e-01,-4.325270354747772217e-01,8.405728638172149658e-02,7.482958585023880005e-02,5.180860161781311035e-01,-2.244900315999984741e-01,-3.538004159927368164e-01,2.425003424286842346e-02,4.789907336235046387e-01,-3.066642582416534424e-01,-4.015116393566131592e-01,4.405040144920349121e-01,3.808117806911468506e-01,-4.471955895423889160e-01,-1.360861212015151978e-01,-3.488172292709350586e-01,-1.192447617650032043e-01,1.707018818706274033e-03,2.521029710769653320e-01,4.384855031967163086e-01,1.395687013864517212e-01,-6.275767087936401367e-02,6.526558101177215576e-02,5.295474082231521606e-02,9.220051020383834839e-02,-3.629704415798187256e-01,4.440346360206604004e-02,1.273211538791656494e-01,5.454446077346801758e-01,-2.351076304912567139e-01,-2.421583980321884155e-02,2.735055387020111084e-01,3.240393698215484619e-01,7.608767598867416382e-02,-2.141344547271728516e-02,-9.201135486364364624e-03,-2.007762342691421509e-01,-7.069991528987884521e-02,1.266724765300750732e-01,-6.113673001527786255e-02,-4.740607440471649170e-01,4.536187946796417236e-01,-2.499537169933319092e-01,4.447719454765319824e-01,2.669423259794712067e-02,1.258280426263809204e-01,-4.433313608169555664e-01,1.111279726028442383e-01,4.417005181312561035e-01,2.242102753371000290e-03,-5.020343661308288574e-01,1.728996187448501587e-01,4.481514692306518555e-01,-4.890435636043548584e-01,-8.096838137134909630e-04,4.316019117832183838e-01,2.044139662757515907e-03,4.698898196220397949e-01,3.819819688796997070e-01,-2.751633524894714355e-01,-8.121211081743240356e-03,-2.772178053855895996e-01,-4.009302854537963867e-01,1.491783112287521362e-01,-2.630162052810192108e-03,3.207807540893554688e-01,-1.354973465204238892e-01,4.296509325504302979e-01,1.227215304970741272e-01,-2.556560337543487549e-01,2.860748827515635639e-05,4.014449715614318848e-01,-3.531053960323333740e-01,2.646489143371582031e-01,-3.704292476177215576e-01,5.013566613197326660e-01,4.267660081386566162e-01,-4.973240792751312256e-01,-1.129176914691925049e-01,3.280811607837677002e-01,3.903106749057769775e-01,2.422367930412292480e-01,1.136154029518365860e-02,-3.158742487430572510e-01,3.141445815563201904e-01,4.331942498683929443e-01,-1.270470023155212402e-01,-4.874653816223144531e-01,4.173328578472137451e-01,-3.274328708648681641e-01,-1.821451783180236816e-01,5.048033595085144043e-01,-1.765522360801696777e-01,-2.069773674011230469e-01,-3.912969231605529785e-01,-4.015685319900512695e-01,1.668099313974380493e-01,3.356340825557708740e-01,2.119589000940322876e-01,-3.409729897975921631e-02,-3.291206657886505127e-01
