9.999983310699462891e-01,-9.999985098838806152e-01,-9.999906420707702637e-01,9.999982118606567383e-01,9.999988675117492676e-01,-9.999986886978149414e-01,9.999959468841552734e-01,9.999990463256835938e-01,-9.999974370002746582e-01,9.999977350234985352e-01,-9.999985098838806152e-01,-9.999988675117492676e-01,9.999980330467224121e-01,9.999984502792358398e-01,9.999853372573852539e-01,9.999971389770507812e-01,9.999974370002746582e-01,-9.999985694885253906e-01,9.999933242797851562e-01,-9.999991059303283691e-01,-9.999988675117492676e-01,9.999901056289672852e-01,9.999984502792358398e-01,9.999983310699462891e-01,9.999891519546508789e-01,9.999990463256835938e-01,-9.999984502792358398e-01,-9.999988675117492676e-01,9.999845623970031738e-01,-9.999955296516418457e-01,-9.999932050704956055e-01,-9.999983906745910645e-01,9.999914169311523438e-01,9.999968409538269043e-01,-9.999971985816955566e-01,-9.999606013298034668e-01,9.999990463256835938e-01,9.999985098838806152e-01,9.999927878379821777e-01,-9.999988079071044922e-01,9.999986290931701660e-01,-9.999960660934448242e-01,9.999758005142211914e-01,9.999987483024597168e-01,9.999982714653015137e-01,9.999982714653015137e-01,-9.999887943267822266e-01,9.999983310699462891e-01,9.999988079071044922e-01,-9.999984502792358398e-01,-9.999987483024597168e-01,-9.999979138374328613e-01,-9.999987483024597168e-01,-9.999921321868896484e-01,-9.999976158142089844e-01,-9.999981522560119629e-01,-9.999963641166687012e-01,9.998989701271057129e-01,9.999975562095642090e-01,9.999982714653015137e-01,-9.999982118606567383e-01,9.999988675117492676e-01,9.999983310699462891e-01,9.999951720237731934e-01,-9.999955296516418457e-01,-9.999987483024597168e-01,-9.999990463256835938e-01,-9.999955892562866211e-01,-9.999987483024597168e-01,9.999986886978149414e-01,-9.999986290931701660e-01,9.999980330467224121e-01,9.999953508377075195e-01,-9.999928474426269531e-01,-9.999591112136840820e-01,-9.999982714653015137e-01,9.999930262565612793e-01,9.999986886978149414e-01,-9.999938011169433594e-01,-9.999966025352478027e-01,-9.996522068977355957e-01,9.999976158142089844e-01,-9.999988079071044922e-01,9.999971985816955566e-01,-9.999982714653015137e-01,-9.999880194664001465e-01,9.999881386756896973e-01,9.999988675117492676e-01,9.999687075614929199e-01,9.999920725822448730e-01,-9.999974370002746582e-01,9.999983906745910645e-01,-9.999787211418151855e-01,-9.999978542327880859e-01,9.999983906745910645e-01,-9.999979734420776367e-01,-9.999920129776000977e-01,9.999989271163940430e-01,-9.999986290931701660e-01,9.999926686286926270e-01,-9.999969005584716797e-01,9.999986886978149414e-01,-9.999672174453735352e-01,-9.999426603317260742e-01,9.999985694885253906e-01,9.999972581863403320e-01,-9.999649524688720703e-01,-9.999981522560119629e-01,-9.999939799308776855e-01,9.999983906745910645e-01,-9.999982118606567383e-01,9.999984502792358398e-01,-9.999982714653015137e-01,-9.999799132347106934e-01,9.999990463256835938e-01,-9.999980926513671875e-01,9.999989271163940430e-01,-9.999984502792358398e-01,-9.999946951866149902e-01,-9.999980926513671875e-01,-9.999988079071044922e-01,9.999960064888000488e-01,9.999983906745910645e-01,-9.999976158142089844e-01,-9.999845027923583984e-01,-9.999956488609313965e-01,9.999903440475463867e-01,-9.999966025352478027e-01
-9.999985098838806152e-01,9.999988079071044922e-01,9.999924302101135254e-01,-9.999985694885253906e-01,-9.999990463256835938e-01,9.999989271163940430e-01,-9.999967217445373535e-01,-9.999992251396179199e-01,9.999979734420776367e-01,-9.999981522560119629e-01,9.999988675117492676e-01,9.999991655349731445e-01,-9.999984502792358398e-01,-9.999986886978149414e-01,-9.999879002571105957e-01,-9.999976158142089844e-01,-9.999979138374328613e-01,9.999988675117492676e-01,-9.999946355819702148e-01,9.999992847442626953e-01,9.999991655349731445e-01,-9.999918937683105469e-01,-9.999987483024597168e-01,-9.999986886978149414e-01,-9.999911189079284668e-01,-9.999992251396179199e-01,9.999986886978149414e-01,9.999991655349731445e-01,-9.999873638153076172e-01,9.999962449073791504e-01,9.999944567680358887e-01,9.999987483024597168e-01,-9.999930262565612793e-01,-9.999974370002746582e-01,9.999977350234985352e-01,9.999677538871765137e-01,-9.999991059303283691e-01,-9.999988675117492676e-01,-9.999940991401672363e-01,9.999990463256835938e-01,-9.999988079071044922e-01,9.999967813491821289e-01,-9.999802708625793457e-01,-9.999989867210388184e-01,-9.999985694885253906e-01,-9.999986290931701660e-01,9.999908208847045898e-01,-9.999986290931701660e-01,-9.999990463256835938e-01,9.999988079071044922e-01,9.999989867210388184e-01,9.999982714653015137e-01,9.999989867210388184e-01,9.999935626983642578e-01,9.999980926513671875e-01,9.999985098838806152e-01,9.999970793724060059e-01,-9.999173879623413086e-01,-9.999980330467224121e-01,-9.999986290931701660e-01,9.999986290931701660e-01,-9.999991655349731445e-01,-9.999986290931701660e-01,-9.999958872795104980e-01,9.999964237213134766e-01,9.999991059303283691e-01,9.999991655349731445e-01,9.999963641166687012e-01,9.999990463256835938e-01,-9.999989271163940430e-01,9.999989867210388184e-01,-9.999983906745910645e-01,-9.999962449073791504e-01,9.999942183494567871e-01,9.999665617942810059e-01,9.999985694885253906e-01,-9.999942779541015625e-01,-9.999989271163940430e-01,9.999948143959045410e-01,9.999971985816955566e-01,9.997155070304870605e-01,-9.999980926513671875e-01,9.999991059303283691e-01,-9.999977350234985352e-01,9.999985694885253906e-01,9.999902248382568359e-01,-9.999904036521911621e-01,-9.999991655349731445e-01,-9.999744296073913574e-01,-9.999936223030090332e-01,9.999979734420776367e-01,-9.999986886978149414e-01,9.999825954437255859e-01,9.999982714653015137e-01,-9.999986886978149414e-01,9.999983310699462891e-01,9.999934434890747070e-01,-9.999992251396179199e-01,9.999989867210388184e-01,-9.999939799308776855e-01,9.999974370002746582e-01,-9.999990463256835938e-01,9.999731779098510742e-01,9.999530911445617676e-01,-9.999988675117492676e-01,-9.999977350234985352e-01,9.999713301658630371e-01,9.999984502792358398e-01,9.999951720237731934e-01,-9.999987483024597168e-01,9.999985694885253906e-01,-9.999986886978149414e-01,9.999985694885253906e-01,9.999836087226867676e-01,-9.999992251396179199e-01,9.999984502792358398e-01,-9.999991655349731445e-01,9.999988079071044922e-01,9.999956488609313965e-01,9.999984502792358398e-01,9.999991059303283691e-01,-9.999967813491821289e-01,-9.999986886978149414e-01,9.999980926513671875e-01,9.999873638153076172e-01,9.999963045120239258e-01,-9.999920725822448730e-01,9.999972581863403320e-01
-9.999906420707702637e-01,9.999924302101135254e-01,9.999487996101379395e-01,-9.999902844429016113e-01,-9.999940395355224609e-01,9.999932050704956055e-01,-9.999775886535644531e-01,-9.999945163726806641e-01,9.999859333038330078e-01,-9.999877214431762695e-01,9.999921917915344238e-01,9.999939799308776855e-01,-9.999897480010986328e-01,-9.999914169311523438e-01,-9.999186992645263672e-01,-9.999844431877136230e-01,-9.999864101409912109e-01,9.999924898147583008e-01,-9.999635219573974609e-01,9.999948143959045410e-01,9.999942779541015625e-01,-9.999451041221618652e-01,-9.999915361404418945e-01,-9.999912381172180176e-01,-9.999397993087768555e-01,-9.999945163726806641e-01,9.999913573265075684e-01,9.999939203262329102e-01,-9.999141693115234375e-01,9.999756217002868652e-01,9.999629259109497070e-01,9.999915957450866699e-01,-9.999526143074035645e-01,-9.999833703041076660e-01,9.999851584434509277e-01,9.997825026512145996e-01,-9.999945163726806641e-01,-9.999923110008239746e-01,-9.999599456787109375e-01,9.999939203262329102e-01,-9.999924302101135254e-01,9.999786019325256348e-01,-9.998660087585449219e-01,-9.999935030937194824e-01,-9.999904632568359375e-01,-9.999904632568359375e-01,9.999382495880126953e-01,-9.999909400939941406e-01,-9.999933242797851562e-01,9.999920129776000977e-01,9.999931454658508301e-01,9.999889731407165527e-01,9.999936223030090332e-01,9.999563694000244141e-01,9.999872446060180664e-01,9.999898672103881836e-01,9.999806284904479980e-01,-9.994411468505859375e-01,-9.999869465827941895e-01,-9.999911785125732422e-01,9.999902248382568359e-01,-9.999942779541015625e-01,-9.999907612800598145e-01,-9.999734163284301758e-01,9.999758601188659668e-01,9.999935626983642578e-01,9.999945759773254395e-01,9.999756217002868652e-01,9.999937415122985840e-01,-9.999929666519165039e-01,9.999930858612060547e-01,-9.999893307685852051e-01,-9.999740719795227051e-01,9.999608397483825684e-01,9.997742176055908203e-01,9.999905824661254883e-01,-9.999613165855407715e-01,-9.999930262565612793e-01,9.999655485153198242e-01,9.999814033508300781e-01,9.980782270431518555e-01,-9.999871253967285156e-01,9.999936223030090332e-01,-9.999848604202270508e-01,9.999905228614807129e-01,9.999335408210754395e-01,-9.999347329139709473e-01,-9.999939203262329102e-01,-9.998264908790588379e-01,-9.999566078186035156e-01,9.999864697456359863e-01,-9.999910593032836914e-01,9.998819828033447266e-01,9.999886155128479004e-01,-9.999911785125732422e-01,9.999889135360717773e-01,9.999555945396423340e-01,-9.999943971633911133e-01,9.999933838844299316e-01,-9.999597668647766113e-01,9.999832510948181152e-01,-9.999931454658508301e-01,9.998187422752380371e-01,9.996828436851501465e-01,-9.999923706054687500e-01,-9.999852776527404785e-01,9.998064041137695312e-01,9.999898076057434082e-01,9.999670386314392090e-01,-9.999918341636657715e-01,9.999904036521911621e-01,-9.999915361404418945e-01,9.999904036521911621e-01,9.998885989189147949e-01,-9.999945759773254395e-01,9.999896883964538574e-01,-9.999940395355224609e-01,9.999919533729553223e-01,9.999703764915466309e-01,9.999896287918090820e-01,9.999935626983642578e-01,-9.999783039093017578e-01,-9.999917745590209961e-01,9.999871253967285156e-01,9.999141097068786621e-01,9.999758005142211914e-01,-9.999463558197021484e-01,9.999821782112121582e-01
9.999982118606567383e-01,-9.999985694885253906e-01,-9.999902844429016113e-01,9.999980926513671875e-01,9.999988079071044922e-01,-9.999986886978149414e-01,9.999957084655761719e-01,9.999989867210388184e-01,-9.999973773956298828e-01,9.999976158142089844e-01,-9.999985098838806152e-01,-9.999989271163940430e-01,9.999980330467224121e-01,9.999983310699462891e-01,9.999845623970031738e-01,9.999970197677612305e-01,9.999973773956298828e-01,-9.999985694885253906e-01,9.999930858612060547e-01,-9.999990463256835938e-01,-9.999989271163940430e-01,9.999896287918090820e-01,9.999983906745910645e-01,9.999983310699462891e-01,9.999886751174926758e-01,9.999989271163940430e-01,-9.999984502792358398e-01,-9.999988675117492676e-01,9.999837279319763184e-01,-9.999953508377075195e-01,-9.999928474426269531e-01,-9.999983906745910645e-01,9.999909996986389160e-01,9.999967813491821289e-01,-9.999971389770507812e-01,-9.999585151672363281e-01,9.999989271163940430e-01,9.999985098838806152e-01,9.999923706054687500e-01,-9.999988079071044922e-01,9.999985098838806152e-01,-9.999959468841552734e-01,9.999745488166809082e-01,9.999987483024597168e-01,9.999981522560119629e-01,9.999982714653015137e-01,-9.999881982803344727e-01,9.999982714653015137e-01,9.999987483024597168e-01,-9.999985098838806152e-01,-9.999987483024597168e-01,-9.999978542327880859e-01,-9.999987483024597168e-01,-9.999917745590209961e-01,-9.999975562095642090e-01,-9.999980330467224121e-01,-9.999962449073791504e-01,9.998936653137207031e-01,9.999974370002746582e-01,9.999983310699462891e-01,-9.999980926513671875e-01,9.999988675117492676e-01,9.999982118606567383e-01,9.999948740005493164e-01,-9.999953508377075195e-01,-9.999987483024597168e-01,-9.999989867210388184e-01,-9.999953508377075195e-01,-9.999987483024597168e-01,9.999986290931701660e-01,-9.999987483024597168e-01,9.999979138374328613e-01,9.999951124191284180e-01,-9.999926090240478516e-01,-9.999569654464721680e-01,-9.999982118606567383e-01,9.999926686286926270e-01,9.999985694885253906e-01,-9.999934434890747070e-01,-9.999964237213134766e-01,-9.996337890625000000e-01,9.999974966049194336e-01,-9.999987483024597168e-01,9.999970793724060059e-01,-9.999981522560119629e-01,-9.999873638153076172e-01,9.999876022338867188e-01,9.999988079071044922e-01,9.999669790267944336e-01,9.999917745590209961e-01,-9.999973773956298828e-01,9.999982714653015137e-01,-9.999775290489196777e-01,-9.999978542327880859e-01,9.999983906745910645e-01,-9.999978542327880859e-01,-9.999916553497314453e-01,9.999989271163940430e-01,-9.999986886978149414e-01,9.999922513961791992e-01,-9.999967813491821289e-01,9.999986886978149414e-01,-9.999654889106750488e-01,-9.999396204948425293e-01,9.999986290931701660e-01,9.999971985816955566e-01,-9.999631047248840332e-01,-9.999980330467224121e-01,-9.999937415122985840e-01,9.999985098838806152e-01,-9.999981522560119629e-01,9.999983906745910645e-01,-9.999980330467224121e-01,-9.999788403511047363e-01,9.999990463256835938e-01,-9.999981522560119629e-01,9.999988675117492676e-01,-9.999983906745910645e-01,-9.999944567680358887e-01,-9.999980926513671875e-01,-9.999987483024597168e-01,9.999958276748657227e-01,9.999984502792358398e-01,-9.999976158142089844e-01,-9.999836683273315430e-01,-9.999954104423522949e-01,9.999898076057434082e-01,-9.999964237213134766e-01
9.999988675117492676e-01,-9.999990463256835938e-01,-9.999940395355224609e-01,9.999988079071044922e-01,9.999992847442626953e-01,-9.999992251396179199e-01,9.999973773956298828e-01,9.999994039535522461e-01,-9.999983310699462891e-01,9.999985694885253906e-01,-9.999991655349731445e-01,-9.999993443489074707e-01,9.999988079071044922e-01,9.999989867210388184e-01,9.999904632568359375e-01,9.999981522560119629e-01,9.999983906745910645e-01,-9.999991655349731445e-01,9.999957680702209473e-01,-9.999994039535522461e-01,-9.999992847442626953e-01,9.999936223030090332e-01,9.999990463256835938e-01,9.999989271163940430e-01,9.999930262565612793e-01,9.999994039535522461e-01,-9.999989867210388184e-01,-9.999992251396179199e-01,9.999900460243225098e-01,-9.999971389770507812e-01,-9.999956488609313965e-01,-9.999990463256835938e-01,9.999943971633911133e-01,9.999980330467224121e-01,-9.999981522560119629e-01,-9.999746084213256836e-01,9.999994039535522461e-01,9.999991655349731445e-01,9.999953508377075195e-01,-9.999992251396179199e-01,9.999991655349731445e-01,-9.999974966049194336e-01,9.999844431877136230e-01,9.999992847442626953e-01,9.999989271163940430e-01,9.999989271163940430e-01,-9.999928474426269531e-01,9.999989271163940430e-01,9.999992847442626953e-01,-9.999989867210388184e-01,-9.999992251396179199e-01,-9.999986290931701660e-01,-9.999992251396179199e-01,-9.999949932098388672e-01,-9.999985098838806152e-01,-9.999988079071044922e-01,-9.999976754188537598e-01,9.999348521232604980e-01,9.999984502792358398e-01,9.999989867210388184e-01,-9.999988675117492676e-01,9.999993443489074707e-01,9.999989271163940430e-01,9.999967813491821289e-01,-9.999970793724060059e-01,-9.999992847442626953e-01,-9.999994039535522461e-01,-9.999971389770507812e-01,-9.999992251396179199e-01,9.999992251396179199e-01,-9.999993443489074707e-01,9.999987483024597168e-01,9.999970197677612305e-01,-9.999954700469970703e-01,-9.999736547470092773e-01,-9.999988675117492676e-01,9.999955296516418457e-01,9.999991655349731445e-01,-9.999960064888000488e-01,-9.999978542327880859e-01,-9.997758865356445312e-01,9.999985098838806152e-01,-9.999992847442626953e-01,9.999980926513671875e-01,-9.999988675117492676e-01,-9.999921917915344238e-01,9.999924302101135254e-01,9.999993443489074707e-01,9.999798536300659180e-01,9.999948740005493164e-01,-9.999983906745910645e-01,9.999989271163940430e-01,-9.999862909317016602e-01,-9.999986290931701660e-01,9.999989867210388184e-01,-9.999986886978149414e-01,-9.999948740005493164e-01,9.999994039535522461e-01,-9.999992847442626953e-01,9.999952912330627441e-01,-9.999980330467224121e-01,9.999992251396179199e-01,-9.999788403511047363e-01,-9.999631047248840332e-01,9.999991655349731445e-01,9.999981522560119629e-01,-9.999774098396301270e-01,-9.999988079071044922e-01,-9.999960064888000488e-01,9.999992251396179199e-01,-9.999988675117492676e-01,9.999989271163940430e-01,-9.999988079071044922e-01,-9.999871253967285156e-01,9.999993443489074707e-01,-9.999986886978149414e-01,9.999993443489074707e-01,-9.999989867210388184e-01,-9.999964833259582520e-01,-9.999987483024597168e-01,-9.999992847442626953e-01,9.999974370002746582e-01,9.999989867210388184e-01,-9.999984502792358398e-01,-9.999900460243225098e-01,-9.999971389770507812e-01,9.999937415122985840e-01,-9.999979138374328613e-01
-9.999986886978149414e-01,9.999989271163940430e-01,9.999932050704956055e-01,-9.999986886978149414e-01,-9.999992251396179199e-01,9.999990463256835938e-01,-9.999970793724060059e-01,-9.999992847442626953e-01,9.999980926513671875e-01,-9.999983310699462891e-01,9.999989271163940430e-01,9.999992251396179199e-01,-9.999986290931701660e-01,-9.999988675117492676e-01,-9.999891519546508789e-01,-9.999979138374328613e-01,-9.999981522560119629e-01,9.999990463256835938e-01,-9.999951124191284180e-01,9.999993443489074707e-01,9.999991655349731445e-01,-9.999927282333374023e-01,-9.999988079071044922e-01,-9.999987483024597168e-01,-9.999920725822448730e-01,-9.999992847442626953e-01,9.999988675117492676e-01,9.999991655349731445e-01,-9.999885559082031250e-01,9.999966621398925781e-01,9.999950528144836426e-01,9.999988675117492676e-01,-9.999936223030090332e-01,-9.999976754188537598e-01,9.999980330467224121e-01,9.999710917472839355e-01,-9.999992847442626953e-01,-9.999989271163940430e-01,-9.999946951866149902e-01,9.999991059303283691e-01,-9.999989867210388184e-01,9.999971389770507812e-01,-9.999822378158569336e-01,-9.999991655349731445e-01,-9.999986886978149414e-01,-9.999986886978149414e-01,9.999917745590209961e-01,-9.999988079071044922e-01,-9.999990463256835938e-01,9.999988675117492676e-01,9.999991059303283691e-01,9.999984502792358398e-01,9.999991059303283691e-01,9.999943375587463379e-01,9.999981522560119629e-01,9.999986290931701660e-01,9.999973177909851074e-01,-9.999258518218994141e-01,-9.999982714653015137e-01,-9.999987483024597168e-01,9.999986886978149414e-01,-9.999992847442626953e-01,-9.999987483024597168e-01,-9.999963045120239258e-01,9.999966621398925781e-01,9.999991059303283691e-01,9.999993443489074707e-01,9.999967217445373535e-01,9.999991059303283691e-01,-9.999991059303283691e-01,9.999991059303283691e-01,-9.999985694885253906e-01,-9.999964833259582520e-01,9.999947547912597656e-01,9.999700784683227539e-01,9.999987483024597168e-01,-9.999948740005493164e-01,-9.999991059303283691e-01,9.999954104423522949e-01,9.999974966049194336e-01,9.997446537017822266e-01,-9.999982714653015137e-01,9.999991059303283691e-01,-9.999979734420776367e-01,9.999987483024597168e-01,9.999911189079284668e-01,-9.999912977218627930e-01,-9.999991655349731445e-01,-9.999770522117614746e-01,-9.999941587448120117e-01,9.999981522560119629e-01,-9.999988079071044922e-01,9.999843835830688477e-01,9.999984502792358398e-01,-9.999988079071044922e-01,9.999985098838806152e-01,9.999941587448120117e-01,-9.999992847442626953e-01,9.999990463256835938e-01,-9.999945759773254395e-01,9.999976754188537598e-01,-9.999990463256835938e-01,9.999759793281555176e-01,9.999578595161437988e-01,-9.999989867210388184e-01,-9.999980330467224121e-01,9.999742507934570312e-01,9.999986290931701660e-01,9.999955892562866211e-01,-9.999989271163940430e-01,9.999986886978149414e-01,-9.999988079071044922e-01,9.999986290931701660e-01,9.999852776527404785e-01,-9.999993443489074707e-01,9.999986290931701660e-01,-9.999991655349731445e-01,9.999988675117492676e-01,9.999960064888000488e-01,9.999985098838806152e-01,9.999991655349731445e-01,-9.999970197677612305e-01,-9.999988675117492676e-01,9.999982714653015137e-01,9.999885559082031250e-01,9.999967813491821289e-01,-9.999929070472717285e-01,9.999975562095642090e-01
9.999959468841552734e-01,-9.999967217445373535e-01,-9.999775886535644531e-01,9.999957084655761719e-01,9.999973773956298828e-01,-9.999970793724060059e-01,9.999902248382568359e-01,9.999976754188537598e-01,-9.999939203262329102e-01,9.999946355819702148e-01,-9.999965429306030273e-01,-9.999973773956298828e-01,9.999955296516418457e-01,9.999963045120239258e-01,9.999643564224243164e-01,9.999931454658508301e-01,9.999940395355224609e-01,-9.999967813491821289e-01,9.999840259552001953e-01,-9.999977946281433105e-01,-9.999974966049194336e-01,9.999759793281555176e-01,9.999962449073791504e-01,9.999961853027343750e-01,9.999737739562988281e-01,9.999975562095642090e-01,-9.999963045120239258e-01,-9.999973177909851074e-01,9.999624490737915039e-01,-9.999893307685852051e-01,-9.999837875366210938e-01,-9.999964237213134766e-01,9.999792575836181641e-01,9.999927282333374023e-01,-9.999935626983642578e-01,-9.999045729637145996e-01,9.999975562095642090e-01,9.999967217445373535e-01,9.999825358390808105e-01,-9.999971985816955566e-01,9.999966025352478027e-01,-9.999907016754150391e-01,9.999412894248962402e-01,9.999971985816955566e-01,9.999958276748657227e-01,9.999958872795104980e-01,-9.999729990959167480e-01,9.999960660934448242e-01,9.999970793724060059e-01,-9.999966025352478027e-01,-9.999970197677612305e-01,-9.999951720237731934e-01,-9.999972581863403320e-01,-9.999809861183166504e-01,-9.999944567680358887e-01,-9.999955296516418457e-01,-9.999915361404418945e-01,9.997547864913940430e-01,9.999942779541015625e-01,9.999961256980895996e-01,-9.999957680702209473e-01,9.999974370002746582e-01,9.999960660934448242e-01,9.999883770942687988e-01,-9.999894499778747559e-01,-9.999971985816955566e-01,-9.999976754188537598e-01,-9.999893903732299805e-01,-9.999973177909851074e-01,9.999969601631164551e-01,-9.999970197677612305e-01,9.999953508377075195e-01,9.999886751174926758e-01,-9.999828934669494629e-01,-9.999009370803833008e-01,-9.999958872795104980e-01,9.999830722808837891e-01,9.999969601631164551e-01,-9.999849200248718262e-01,-9.999918937683105469e-01,-9.991559982299804688e-01,9.999943375587463379e-01,-9.999972581863403320e-01,9.999933242797851562e-01,-9.999958872795104980e-01,-9.999709129333496094e-01,9.999714493751525879e-01,9.999973177909851074e-01,9.999238848686218262e-01,9.999811053276062012e-01,-9.999941587448120117e-01,9.999960064888000488e-01,-9.999482631683349609e-01,-9.999949932098388672e-01,9.999961256980895996e-01,-9.999951720237731934e-01,-9.999806284904479980e-01,9.999974966049194336e-01,-9.999970793724060059e-01,9.999824166297912598e-01,-9.999927282333374023e-01,9.999970793724060059e-01,-9.999205470085144043e-01,-9.998609423637390137e-01,9.999966621398925781e-01,9.999936223030090332e-01,-9.999150633811950684e-01,-9.999955892562866211e-01,-9.999855756759643555e-01,9.999963641166687012e-01,-9.999957680702209473e-01,9.999962449073791504e-01,-9.999958276748657227e-01,-9.999511241912841797e-01,9.999976158142089844e-01,-9.999954700469970703e-01,9.999974370002746582e-01,-9.999964833259582520e-01,-9.999871253967285156e-01,-9.999955296516418457e-01,-9.999971389770507812e-01,9.999905228614807129e-01,9.999964833259582520e-01,-9.999943375587463379e-01,-9.999623298645019531e-01,-9.999895095825195312e-01,9.999765753746032715e-01,-9.999921917915344238e-01
9.999990463256835938e-01,-9.999992251396179199e-01,-9.999945163726806641e-01,9.999989867210388184e-01,9.999994039535522461e-01,-9.999992847442626953e-01,9.999976754188537598e-01,9.999995231628417969e-01,-9.999985694885253906e-01,9.999987483024597168e-01,-9.999992251396179199e-01,-9.999994635581970215e-01,9.999989867210388184e-01,9.999991059303283691e-01,9.999914169311523438e-01,9.999983310699462891e-01,9.999986290931701660e-01,-9.999993443489074707e-01,9.999960660934448242e-01,-9.999994635581970215e-01,-9.999994635581970215e-01,9.999942183494567871e-01,9.999991655349731445e-01,9.999991059303283691e-01,9.999936223030090332e-01,9.999995231628417969e-01,-9.999992251396179199e-01,-9.999994039535522461e-01,9.999909996986389160e-01,-9.999973773956298828e-01,-9.999960064888000488e-01,-9.999991655349731445e-01,9.999949932098388672e-01,9.999983310699462891e-01,-9.999983906745910645e-01,-9.999769926071166992e-01,9.999995231628417969e-01,9.999993443489074707e-01,9.999958276748657227e-01,-9.999994039535522461e-01,9.999993443489074707e-01,-9.999977946281433105e-01,9.999858140945434570e-01,9.999993443489074707e-01,9.999990463256835938e-01,9.999990463256835938e-01,-9.999935030937194824e-01,9.999992251396179199e-01,9.999993443489074707e-01,-9.999992251396179199e-01,-9.999994039535522461e-01,-9.999988079071044922e-01,-9.999993443489074707e-01,-9.999954700469970703e-01,-9.999986886978149414e-01,-9.999989867210388184e-01,-9.999979734420776367e-01,9.999408125877380371e-01,9.999986886978149414e-01,9.999991059303283691e-01,-9.999989867210388184e-01,9.999994635581970215e-01,9.999991655349731445e-01,9.999971389770507812e-01,-9.999974370002746582e-01,-9.999994039535522461e-01,-9.999995231628417969e-01,-9.999974370002746582e-01,-9.999993443489074707e-01,9.999992847442626953e-01,-9.999994039535522461e-01,9.999989271163940430e-01,9.999973773956298828e-01,-9.999959468841552734e-01,-9.999760985374450684e-01,-9.999991655349731445e-01,9.999959468841552734e-01,9.999992847442626953e-01,-9.999964237213134766e-01,-9.999979734420776367e-01,-9.997959733009338379e-01,9.999986886978149414e-01,-9.999994635581970215e-01,9.999983906745910645e-01,-9.999990463256835938e-01,-9.999929666519165039e-01,9.999930858612060547e-01,9.999994039535522461e-01,9.999816417694091797e-01,9.999954104423522949e-01,-9.999986886978149414e-01,9.999992251396179199e-01,-9.999876022338867188e-01,-9.999988675117492676e-01,9.999992251396179199e-01,-9.999988675117492676e-01,-9.999953508377075195e-01,9.999994039535522461e-01,-9.999993443489074707e-01,9.999957680702209473e-01,-9.999982118606567383e-01,9.999993443489074707e-01,-9.999808669090270996e-01,-9.999664425849914551e-01,9.999992251396179199e-01,9.999985098838806152e-01,-9.999794960021972656e-01,-9.999989867210388184e-01,-9.999964833259582520e-01,9.999992847442626953e-01,-9.999989867210388184e-01,9.999992847442626953e-01,-9.999989867210388184e-01,-9.999883174896240234e-01,9.999995231628417969e-01,-9.999988675117492676e-01,9.999994635581970215e-01,-9.999992251396179199e-01,-9.999969005584716797e-01,-9.999989271163940430e-01,-9.999993443489074707e-01,9.999977350234985352e-01,9.999992847442626953e-01,-9.999986886978149414e-01,-9.999909400939941406e-01,-9.999974966049194336e-01,9.999943971633911133e-01,-9.999980926513671875e-01
-9.999974370002746582e-01,9.999979734420776367e-01,9.999859333038330078e-01,-9.999973773956298828e-01,-9.999983310699462891e-01,9.999980926513671875e-01,-9.999939203262329102e-01,-9.999985694885253906e-01,9.999961853027343750e-01,-9.999966621398925781e-01,9.999979138374328613e-01,9.999983906745910645e-01,-9.999971985816955566e-01,-9.999976754188537598e-01,-9.999777078628540039e-01,-9.999957680702209473e-01,-9.999961853027343750e-01,9.999979734420776367e-01,-9.999900460243225098e-01,9.999986290931701660e-01,9.999985098838806152e-01,-9.999849200248718262e-01,-9.999976754188537598e-01,-9.999976158142089844e-01,-9.999835491180419922e-01,-9.999984502792358398e-01,9.999976754188537598e-01,9.999983310699462891e-01,-9.999764561653137207e-01,9.999933242797851562e-01,9.999899268150329590e-01,9.999977350234985352e-01,-9.999870061874389648e-01,-9.999954104423522949e-01,9.999959468841552734e-01,9.999400973320007324e-01,-9.999985694885253906e-01,-9.999979138374328613e-01,-9.999890923500061035e-01,9.999982714653015137e-01,-9.999979734420776367e-01,9.999942183494567871e-01,-9.999631643295288086e-01,-9.999982118606567383e-01,-9.999974370002746582e-01,-9.999974370002746582e-01,9.999831318855285645e-01,-9.999976158142089844e-01,-9.999981522560119629e-01,9.999977946281433105e-01,9.999982118606567383e-01,9.999969601631164551e-01,9.999982118606567383e-01,9.999880790710449219e-01,9.999964237213134766e-01,9.999972581863403320e-01,9.999946951866149902e-01,-9.998462200164794922e-01,-9.999963641166687012e-01,-9.999976158142089844e-01,9.999973177909851074e-01,-9.999983906745910645e-01,-9.999974966049194336e-01,-9.999927282333374023e-01,9.999933838844299316e-01,9.999983310699462891e-01,9.999985694885253906e-01,9.999933838844299316e-01,9.999982714653015137e-01,-9.999980330467224121e-01,9.999982118606567383e-01,-9.999971389770507812e-01,-9.999929666519165039e-01,9.999893307685852051e-01,9.999378323554992676e-01,9.999974370002746582e-01,-9.999894499778747559e-01,-9.999980926513671875e-01,9.999905824661254883e-01,9.999949336051940918e-01,9.994703531265258789e-01,-9.999965429306030273e-01,9.999983310699462891e-01,-9.999958872795104980e-01,9.999973177909851074e-01,9.999817609786987305e-01,-9.999820590019226074e-01,-9.999983310699462891e-01,-9.999523162841796875e-01,-9.999881982803344727e-01,9.999963641166687012e-01,-9.999975562095642090e-01,9.999675154685974121e-01,9.999969005584716797e-01,-9.999976158142089844e-01,9.999969601631164551e-01,9.999879002571105957e-01,-9.999985098838806152e-01,9.999981522560119629e-01,-9.999889731407165527e-01,9.999954700469970703e-01,-9.999980926513671875e-01,9.999501705169677734e-01,9.999127388000488281e-01,-9.999979138374328613e-01,-9.999960660934448242e-01,9.999467134475708008e-01,9.999972581863403320e-01,9.999909400939941406e-01,-9.999978542327880859e-01,9.999973773956298828e-01,-9.999977350234985352e-01,9.999973177909851074e-01,9.999694824218750000e-01,-9.999985694885253906e-01,9.999971985816955566e-01,-9.999984502792358398e-01,9.999977946281433105e-01,9.999919533729553223e-01,9.999971985816955566e-01,9.999983310699462891e-01,-9.999941587448120117e-01,-9.999977350234985352e-01,9.999964833259582520e-01,9.999765157699584961e-01,9.999934434890747070e-01,-9.999853372573852539e-01,9.999951124191284180e-01
9.999977350234985352e-01,-9.999981522560119629e-01,-9.999877214431762695e-01,9.999976158142089844e-01,9.999985694885253906e-01,-9.999983310699462891e-01,9.999946355819702148e-01,9.999987483024597168e-01,-9.999966621398925781e-01,9.999970793724060059e-01,-9.999980926513671875e-01,-9.999986290931701660e-01,9.999974966049194336e-01,9.999979734420776367e-01,9.999805688858032227e-01,9.999963045120239258e-01,9.999967813491821289e-01,-9.999981522560119629e-01,9.999912977218627930e-01,-9.999987483024597168e-01,-9.999985694885253906e-01,9.999869465827941895e-01,9.999979734420776367e-01,9.999979138374328613e-01,9.999855756759643555e-01,9.999987483024597168e-01,-9.999979734420776367e-01,-9.999985098838806152e-01,9.999794363975524902e-01,-9.999941587448120117e-01,-9.999911189079284668e-01,-9.999980330467224121e-01,9.999887347221374512e-01,9.999959468841552734e-01,-9.999964237213134766e-01,-9.999476671218872070e-01,9.999987483024597168e-01,9.999981522560119629e-01,9.999904632568359375e-01,-9.999985098838806152e-01,9.999981522560119629e-01,-9.999949336051940918e-01,9.999678134918212891e-01,9.999984502792358398e-01,9.999977350234985352e-01,9.999977350234985352e-01,-9.999852180480957031e-01,9.999978542327880859e-01,9.999985098838806152e-01,-9.999980926513671875e-01,-9.999983310699462891e-01,-9.999973773956298828e-01,-9.999984502792358398e-01,-9.999896287918090820e-01,-9.999969005584716797e-01,-9.999976158142089844e-01,-9.999953508377075195e-01,9.998657107353210449e-01,9.999968409538269043e-01,9.999978542327880859e-01,-9.999976754188537598e-01,9.999986886978149414e-01,9.999977946281433105e-01,9.999936223030090332e-01,-9.999942183494567871e-01,-9.999984502792358398e-01,-9.999986886978149414e-01,-9.999941587448120117e-01,-9.999985098838806152e-01,9.999982714653015137e-01,-9.999983906745910645e-01,9.999974966049194336e-01,9.999939203262329102e-01,-9.999906420707702637e-01,-9.999457001686096191e-01,-9.999977946281433105e-01,9.999907612800598145e-01,9.999983310699462891e-01,-9.999917149543762207e-01,-9.999955892562866211e-01,-9.995372891426086426e-01,9.999969601631164551e-01,-9.999985098838806152e-01,9.999963045120239258e-01,-9.999977350234985352e-01,-9.999840855598449707e-01,9.999843239784240723e-01,9.999985694885253906e-01,9.999582767486572266e-01,9.999896287918090820e-01,-9.999967813491821289e-01,9.999978542327880859e-01,-9.999718070030212402e-01,-9.999973177909851074e-01,9.999979138374328613e-01,-9.999973773956298828e-01,-9.999894499778747559e-01,9.999986290931701660e-01,-9.999983310699462891e-01,9.999903440475463867e-01,-9.999960064888000488e-01,9.999983310699462891e-01,-9.999564290046691895e-01,-9.999237656593322754e-01,9.999982118606567383e-01,9.999964237213134766e-01,-9.999534487724304199e-01,-9.999975562095642090e-01,-9.999921321868896484e-01,9.999980330467224121e-01,-9.999976754188537598e-01,9.999980330467224121e-01,-9.999976754188537598e-01,-9.999733567237854004e-01,9.999987483024597168e-01,-9.999974966049194336e-01,9.999986290931701660e-01,-9.999980926513671875e-01,-9.999929070472717285e-01,-9.999975562095642090e-01,-9.999984502792358398e-01,9.999948143959045410e-01,9.999980330467224121e-01,-9.999969601631164551e-01,-9.999794960021972656e-01,-9.999942779541015625e-01,9.999872446060180664e-01,-9.999957680702209473e-01
-9.999985098838806152e-01,9.999988675117492676e-01,9.999921917915344238e-01,-9.999985098838806152e-01,-9.999991655349731445e-01,9.999989271163940430e-01,-9.999965429306030273e-01,-9.999992251396179199e-01,9.999979138374328613e-01,-9.999980926513671875e-01,9.999987483024597168e-01,9.999991059303283691e-01,-9.999984502792358398e-01,-9.999986886978149414e-01,-9.999877810478210449e-01,-9.999975562095642090e-01,-9.999979138374328613e-01,9.999989271163940430e-01,-9.999945163726806641e-01,9.999992847442626953e-01,9.999991655349731445e-01,-9.999917149543762207e-01,-9.999986886978149414e-01,-9.999986290931701660e-01,-9.999909400939941406e-01,-9.999992251396179199e-01,9.999986886978149414e-01,9.999991655349731445e-01,-9.999871253967285156e-01,9.999963045120239258e-01,9.999943375587463379e-01,9.999987483024597168e-01,-9.999929070472717285e-01,-9.999974370002746582e-01,9.999976754188537598e-01,9.999670982360839844e-01,-9.999992251396179199e-01,-9.999988675117492676e-01,-9.999939799308776855e-01,9.999989867210388184e-01,-9.999988675117492676e-01,9.999967217445373535e-01,-9.999798536300659180e-01,-9.999990463256835938e-01,-9.999985694885253906e-01,-9.999985694885253906e-01,9.999906420707702637e-01,-9.999986886978149414e-01,-9.999990463256835938e-01,9.999988079071044922e-01,9.999989271163940430e-01,9.999982714653015137e-01,9.999991059303283691e-01,9.999934434890747070e-01,9.999980330467224121e-01,9.999984502792358398e-01,9.999970197677612305e-01,-9.999157786369323730e-01,-9.999980330467224121e-01,-9.999986886978149414e-01,9.999985694885253906e-01,-9.999991655349731445e-01,-9.999985098838806152e-01,-9.999959468841552734e-01,9.999963045120239258e-01,9.999990463256835938e-01,9.999992251396179199e-01,9.999961853027343750e-01,9.999991059303283691e-01,-9.999989271163940430e-01,9.999989271163940430e-01,-9.999983906745910645e-01,-9.999960064888000488e-01,9.999940991401672363e-01,9.999659061431884766e-01,9.999985694885253906e-01,-9.999940991401672363e-01,-9.999989271163940430e-01,9.999948143959045410e-01,9.999971389770507812e-01,9.997099637985229492e-01,-9.999980330467224121e-01,9.999991059303283691e-01,-9.999976754188537598e-01,9.999985694885253906e-01,9.999900460243225098e-01,-9.999902248382568359e-01,-9.999991655349731445e-01,-9.999738931655883789e-01,-9.999933838844299316e-01,9.999979138374328613e-01,-9.999986290931701660e-01,9.999822974205017090e-01,9.999982714653015137e-01,-9.999986886978149414e-01,9.999983906745910645e-01,9.999933242797851562e-01,-9.999991655349731445e-01,9.999989271163940430e-01,-9.999938607215881348e-01,9.999974370002746582e-01,-9.999989867210388184e-01,9.999726414680480957e-01,9.999521970748901367e-01,-9.999988079071044922e-01,-9.999976754188537598e-01,9.999707937240600586e-01,9.999984502792358398e-01,9.999950528144836426e-01,-9.999987483024597168e-01,9.999985098838806152e-01,-9.999987483024597168e-01,9.999984502792358398e-01,9.999833106994628906e-01,-9.999991059303283691e-01,9.999984502792358398e-01,-9.999991655349731445e-01,9.999986886978149414e-01,9.999955296516418457e-01,9.999985098838806152e-01,9.999991059303283691e-01,-9.999966025352478027e-01,-9.999986886978149414e-01,9.999981522560119629e-01,9.999870657920837402e-01,9.999963045120239258e-01,-9.999920129776000977e-01,9.999972581863403320e-01
-9.999988675117492676e-01,9.999991655349731445e-01,9.999939799308776855e-01,-9.999989271163940430e-01,-9.999993443489074707e-01,9.999992251396179199e-01,-9.999973773956298828e-01,-9.999994635581970215e-01,9.999983906745910645e-01,-9.999986290931701660e-01,9.999991059303283691e-01,9.999994039535522461e-01,-9.999987483024597168e-01,-9.999990463256835938e-01,-9.999904632568359375e-01,-9.999982714653015137e-01,-9.999984502792358398e-01,9.999992847442626953e-01,-9.999957680702209473e-01,9.999994635581970215e-01,9.999994039535522461e-01,-9.999936223030090332e-01,-9.999990463256835938e-01,-9.999989867210388184e-01,-9.999930262565612793e-01,-9.999994635581970215e-01,9.999990463256835938e-01,9.999994039535522461e-01,-9.999899864196777344e-01,9.999970793724060059e-01,9.999956488609313965e-01,9.999991655349731445e-01,-9.999945163726806641e-01,-9.999980330467224121e-01,9.999982118606567383e-01,9.999743103981018066e-01,-9.999994635581970215e-01,-9.999991655349731445e-01,-9.999953508377075195e-01,9.999992847442626953e-01,-9.999991655349731445e-01,9.999974966049194336e-01,-9.999843239784240723e-01,-9.999992847442626953e-01,-9.999989271163940430e-01,-9.999989271163940430e-01,9.999927282333374023e-01,-9.999990463256835938e-01,-9.999992847442626953e-01,9.999992251396179199e-01,9.999993443489074707e-01,9.999986886978149414e-01,9.999993443489074707e-01,9.999949932098388672e-01,9.999984502792358398e-01,9.999988675117492676e-01,9.999977350234985352e-01,-9.999339580535888672e-01,-9.999985098838806152e-01,-9.999989867210388184e-01,9.999988675117492676e-01,-9.999994039535522461e-01,-9.999989867210388184e-01,-9.999968409538269043e-01,9.999971389770507812e-01,9.999993443489074707e-01,9.999994635581970215e-01,9.999971985816955566e-01,9.999994039535522461e-01,-9.999992251396179199e-01,9.999993443489074707e-01,-9.999987483024597168e-01,-9.999969601631164551e-01,9.999954700469970703e-01,9.999733567237854004e-01,9.999989271163940430e-01,-9.999954104423522949e-01,-9.999992251396179199e-01,9.999960064888000488e-01,9.999978542327880859e-01,9.997726678848266602e-01,-9.999985694885253906e-01,9.999993443489074707e-01,-9.999982714653015137e-01,9.999989271163940430e-01,9.999921917915344238e-01,-9.999923110008239746e-01,-9.999994039535522461e-01,-9.999796152114868164e-01,-9.999948740005493164e-01,9.999984502792358398e-01,-9.999990463256835938e-01,9.999861121177673340e-01,9.999986886978149414e-01,-9.999989867210388184e-01,9.999988079071044922e-01,9.999948740005493164e-01,-9.999994635581970215e-01,9.999992847442626953e-01,-9.999952912330627441e-01,9.999979734420776367e-01,-9.999992251396179199e-01,9.999787211418151855e-01,9.999625682830810547e-01,-9.999991059303283691e-01,-9.999982714653015137e-01,9.999771714210510254e-01,9.999988675117492676e-01,9.999960660934448242e-01,-9.999991059303283691e-01,9.999989271163940430e-01,-9.999990463256835938e-01,9.999988675117492676e-01,9.999869465827941895e-01,-9.999994635581970215e-01,9.999988675117492676e-01,-9.999994039535522461e-01,9.999992251396179199e-01,9.999965429306030273e-01,9.999988079071044922e-01,9.999993443489074707e-01,-9.999973773956298828e-01,-9.999991655349731445e-01,9.999985694885253906e-01,9.999899268150329590e-01,9.999971985816955566e-01,-9.999937415122985840e-01,9.999979138374328613e-01
9.999980330467224121e-01,-9.999984502792358398e-01,-9.999897480010986328e-01,9.999980330467224121e-01,9.999988079071044922e-01,-9.999986290931701660e-01,9.999955296516418457e-01,9.999989867210388184e-01,-9.999971985816955566e-01,9.999974966049194336e-01,-9.999984502792358398e-01,-9.999987483024597168e-01,9.999979138374328613e-01,9.999982714653015137e-01,9.999836683273315430e-01,9.999968409538269043e-01,9.999973177909851074e-01,-9.999985694885253906e-01,9.999926686286926270e-01,-9.999989271163940430e-01,-9.999988079071044922e-01,9.999890327453613281e-01,9.999982714653015137e-01,9.999982714653015137e-01,9.999880790710449219e-01,9.999988675117492676e-01,-9.999982714653015137e-01,-9.999988079071044922e-01,9.999828338623046875e-01,-9.999951124191284180e-01,-9.999926090240478516e-01,-9.999983310699462891e-01,9.999905228614807129e-01,9.999966025352478027e-01,-9.999970197677612305e-01,-9.999562501907348633e-01,9.999988675117492676e-01,9.999984502792358398e-01,9.999920725822448730e-01,-9.999986886978149414e-01,9.999984502792358398e-01,-9.999957084655761719e-01,9.999731779098510742e-01,9.999986886978149414e-01,9.999980330467224121e-01,9.999980330467224121e-01,-9.999876618385314941e-01,9.999981522560119629e-01,9.999986886978149414e-01,-9.999983906745910645e-01,-9.999986290931701660e-01,-9.999977350234985352e-01,-9.999986886978149414e-01,-9.999912381172180176e-01,-9.999973177909851074e-01,-9.999979734420776367e-01,-9.999960660934448242e-01,9.998879432678222656e-01,9.999973773956298828e-01,9.999982118606567383e-01,-9.999981522560119629e-01,9.999988079071044922e-01,9.999981522560119629e-01,9.999946355819702148e-01,-9.999951124191284180e-01,-9.999986886978149414e-01,-9.999989271163940430e-01,-9.999951124191284180e-01,-9.999987483024597168e-01,9.999985694885253906e-01,-9.999986886978149414e-01,9.999979138374328613e-01,9.999948740005493164e-01,-9.999921917915344238e-01,-9.999547004699707031e-01,-9.999980926513671875e-01,9.999922513961791992e-01,9.999985694885253906e-01,-9.999930858612060547e-01,-9.999963045120239258e-01,-9.996138215065002441e-01,9.999973773956298828e-01,-9.999986886978149414e-01,9.999969005584716797e-01,-9.999980926513671875e-01,-9.999865889549255371e-01,9.999869465827941895e-01,9.999988079071044922e-01,9.999651908874511719e-01,9.999912381172180176e-01,-9.999972581863403320e-01,9.999982714653015137e-01,-9.999763965606689453e-01,-9.999976754188537598e-01,9.999982118606567383e-01,-9.999977350234985352e-01,-9.999911785125732422e-01,9.999988675117492676e-01,-9.999986886978149414e-01,9.999918937683105469e-01,-9.999966025352478027e-01,9.999986290931701660e-01,-9.999636411666870117e-01,-9.999363422393798828e-01,9.999984502792358398e-01,9.999970197677612305e-01,-9.999611377716064453e-01,-9.999979138374328613e-01,-9.999933838844299316e-01,9.999984502792358398e-01,-9.999979138374328613e-01,9.999982714653015137e-01,-9.999980330467224121e-01,-9.999777078628540039e-01,9.999989271163940430e-01,-9.999979138374328613e-01,9.999988079071044922e-01,-9.999983906745910645e-01,-9.999940991401672363e-01,-9.999979138374328613e-01,-9.999986886978149414e-01,9.999955892562866211e-01,9.999983310699462891e-01,-9.999973773956298828e-01,-9.999828338623046875e-01,-9.999951720237731934e-01,9.999892711639404297e-01,-9.999963641166687012e-01
9.999984502792358398e-01,-9.999986886978149414e-01,-9.999914169311523438e-01,9.999983310699462891e-01,9.999989867210388184e-01,-9.999988675117492676e-01,9.999963045120239258e-01,9.999991059303283691e-01,-9.999976754188537598e-01,9.999979734420776367e-01,-9.999986886978149414e-01,-9.999990463256835938e-01,9.999982714653015137e-01,9.999985098838806152e-01,9.999864101409912109e-01,9.999973177909851074e-01,9.999976754188537598e-01,-9.999988079071044922e-01,9.999938607215881348e-01,-9.999991655349731445e-01,-9.999991059303283691e-01,9.999908804893493652e-01,9.999985694885253906e-01,9.999985098838806152e-01,9.999899268150329590e-01,9.999991059303283691e-01,-9.999986290931701660e-01,-9.999989867210388184e-01,9.999856352806091309e-01,-9.999959468841552734e-01,-9.999938011169433594e-01,-9.999985694885253906e-01,9.999920725822448730e-01,9.999971985816955566e-01,-9.999974966049194336e-01,-9.999634027481079102e-01,9.999991059303283691e-01,9.999988079071044922e-01,9.999932646751403809e-01,-9.999989867210388184e-01,9.999986886978149414e-01,-9.999963641166687012e-01,9.999775886535644531e-01,9.999989271163940430e-01,9.999984502792358398e-01,9.999984502792358398e-01,-9.999896883964538574e-01,9.999985694885253906e-01,9.999989271163940430e-01,-9.999986886978149414e-01,-9.999988079071044922e-01,-9.999981522560119629e-01,-9.999989271163940430e-01,-9.999927878379821777e-01,-9.999977946281433105e-01,-9.999982714653015137e-01,-9.999967217445373535e-01,9.999061226844787598e-01,9.999977946281433105e-01,9.999985694885253906e-01,-9.999984502792358398e-01,9.999991059303283691e-01,9.999984502792358398e-01,9.999955296516418457e-01,-9.999958872795104980e-01,-9.999989867210388184e-01,-9.999991655349731445e-01,-9.999959468841552734e-01,-9.999989271163940430e-01,9.999988675117492676e-01,-9.999988079071044922e-01,9.999982118606567383e-01,9.999957680702209473e-01,-9.999934434890747070e-01,-9.999620318412780762e-01,-9.999983906745910645e-01,9.999935030937194824e-01,9.999988079071044922e-01,-9.999942183494567871e-01,-9.999968409538269043e-01,-9.996768832206726074e-01,9.999978542327880859e-01,-9.999989271163940430e-01,9.999974370002746582e-01,-9.999983906745910645e-01,-9.999888539314270020e-01,9.999890923500061035e-01,9.999989271163940430e-01,9.999709129333496094e-01,9.999927282333374023e-01,-9.999977946281433105e-01,9.999984502792358398e-01,-9.999802112579345703e-01,-9.999980330467224121e-01,9.999985098838806152e-01,-9.999980926513671875e-01,-9.999925494194030762e-01,9.999991059303283691e-01,-9.999988079071044922e-01,9.999932646751403809e-01,-9.999971389770507812e-01,9.999988079071044922e-01,-9.999696016311645508e-01,-9.999467134475708008e-01,9.999987483024597168e-01,9.999974966049194336e-01,-9.999674558639526367e-01,-9.999982714653015137e-01,-9.999944567680358887e-01,9.999986290931701660e-01,-9.999983310699462891e-01,9.999985694885253906e-01,-9.999983906745910645e-01,-9.999814033508300781e-01,9.999991059303283691e-01,-9.999982714653015137e-01,9.999989867210388184e-01,-9.999986290931701660e-01,-9.999950528144836426e-01,-9.999983310699462891e-01,-9.999989271163940430e-01,9.999964237213134766e-01,9.999985098838806152e-01,-9.999977946281433105e-01,-9.999856948852539062e-01,-9.999960064888000488e-01,9.999910593032836914e-01,-9.999969601631164551e-01
9.999853372573852539e-01,-9.999879002571105957e-01,-9.999186992645263672e-01,9.999845623970031738e-01,9.999904632568359375e-01,-9.999891519546508789e-01,9.999643564224243164e-01,9.999914169311523438e-01,-9.999777078628540039e-01,9.999805688858032227e-01,-9.999877810478210449e-01,-9.999904632568359375e-01,9.999836683273315430e-01,9.999864101409912109e-01,9.998711347579956055e-01,9.999752640724182129e-01,9.999784827232360840e-01,-9.999880790710449219e-01,9.999421238899230957e-01,-9.999918341636657715e-01,-9.999908804893493652e-01,9.999128580093383789e-01,9.999866485595703125e-01,9.999862313270568848e-01,9.999046921730041504e-01,9.999912381172180176e-01,-9.999863505363464355e-01,-9.999904036521911621e-01,9.998639822006225586e-01,-9.999613165855407715e-01,-9.999411702156066895e-01,-9.999867677688598633e-01,9.999248981475830078e-01,9.999735951423645020e-01,-9.999765157699584961e-01,-9.996548891067504883e-01,9.999912977218627930e-01,9.999879002571105957e-01,9.999364614486694336e-01,-9.999902248382568359e-01,9.999880194664001465e-01,-9.999660253524780273e-01,9.997873902320861816e-01,9.999897480010986328e-01,9.999848604202270508e-01,9.999848604202270508e-01,-9.999021887779235840e-01,9.999857544898986816e-01,9.999896287918090820e-01,-9.999874234199523926e-01,-9.999890923500061035e-01,-9.999826550483703613e-01,-9.999898076057434082e-01,-9.999307394027709961e-01,-9.999796748161315918e-01,-9.999839663505554199e-01,-9.999693632125854492e-01,9.991136193275451660e-01,9.999793171882629395e-01,9.999861121177673340e-01,-9.999844431877136230e-01,9.999908804893493652e-01,9.999855160713195801e-01,9.999578595161437988e-01,-9.999616146087646484e-01,-9.999897480010986328e-01,-9.999914765357971191e-01,-9.999613761901855469e-01,-9.999901652336120605e-01,9.999887943267822266e-01,-9.999890327453613281e-01,9.999830722808837891e-01,9.999586939811706543e-01,-9.999380111694335938e-01,-9.996417760848999023e-01,-9.999850988388061523e-01,9.999386072158813477e-01,9.999890923500061035e-01,-9.999453425407409668e-01,-9.999704360961914062e-01,-9.969543218612670898e-01,9.999796152114868164e-01,-9.999898672103881836e-01,9.999759793281555176e-01,-9.999849200248718262e-01,-9.998946785926818848e-01,9.998965263366699219e-01,9.999904632568359375e-01,9.997248053550720215e-01,9.999312758445739746e-01,-9.999785423278808594e-01,9.999858140945434570e-01,-9.998129010200500488e-01,-9.999819397926330566e-01,9.999861121177673340e-01,-9.999823570251464844e-01,-9.999297261238098145e-01,9.999911189079284668e-01,-9.999895095825195312e-01,9.999361634254455566e-01,-9.999732971191406250e-01,9.999892711639404297e-01,-9.997125267982482910e-01,-9.994969367980957031e-01,9.999878406524658203e-01,9.999767541885375977e-01,-9.996928572654724121e-01,-9.999837875366210938e-01,-9.999477863311767578e-01,9.999870657920837402e-01,-9.999847412109375000e-01,9.999867081642150879e-01,-9.999848604202270508e-01,-9.998233914375305176e-01,9.999914169311523438e-01,-9.999836087226867676e-01,9.999905228614807129e-01,-9.999874234199523926e-01,-9.999530911445617676e-01,-9.999835491180419922e-01,-9.999897480010986328e-01,9.999655485153198242e-01,9.999869465827941895e-01,-9.999796152114868164e-01,-9.998638033866882324e-01,-9.999616742134094238e-01,9.999148249626159668e-01,-9.999716877937316895e-01
9.999971389770507812e-01,-9.999976158142089844e-01,-9.999844431877136230e-01,9.999970197677612305e-01,9.999981522560119629e-01,-9.999979138374328613e-01,9.999931454658508301e-01,9.999983310699462891e-01,-9.999957680702209473e-01,9.999963045120239258e-01,-9.999975562095642090e-01,-9.999982714653015137e-01,9.999968409538269043e-01,9.999973177909851074e-01,9.999752640724182129e-01,9.999952316284179688e-01,9.999958872795104980e-01,-9.999976754188537598e-01,9.999889135360717773e-01,-9.999983906745910645e-01,-9.999982118606567383e-01,9.999833106994628906e-01,9.999973177909851074e-01,9.999973177909851074e-01,9.999817013740539551e-01,9.999983310699462891e-01,-9.999974370002746582e-01,-9.999980330467224121e-01,9.999738931655883789e-01,-9.999926090240478516e-01,-9.999887347221374512e-01,-9.999974370002746582e-01,9.999855756759643555e-01,9.999948740005493164e-01,-9.999954700469970703e-01,-9.999336600303649902e-01,9.999983310699462891e-01,9.999976754188537598e-01,9.999879002571105957e-01,-9.999980926513671875e-01,9.999976754188537598e-01,-9.999935030937194824e-01,9.999591112136840820e-01,9.999980330467224121e-01,9.999971389770507812e-01,9.999970197677612305e-01,-9.999812245368957520e-01,9.999971985816955566e-01,9.999979734420776367e-01,-9.999974966049194336e-01,-9.999978542327880859e-01,-9.999965429306030273e-01,-9.999980330467224121e-01,-9.999867081642150879e-01,-9.999960660934448242e-01,-9.999968409538269043e-01,-9.999940395355224609e-01,9.998297691345214844e-01,9.999958872795104980e-01,9.999971985816955566e-01,-9.999969601631164551e-01,9.999982118606567383e-01,9.999971985816955566e-01,9.999918937683105469e-01,-9.999926686286926270e-01,-9.999980330467224121e-01,-9.999983310699462891e-01,-9.999926090240478516e-01,-9.999980926513671875e-01,9.999978542327880859e-01,-9.999978542327880859e-01,9.999967217445373535e-01,9.999920725822448730e-01,-9.999881386756896973e-01,-9.999310970306396484e-01,-9.999970793724060059e-01,9.999882578849792480e-01,9.999977946281433105e-01,-9.999895095825195312e-01,-9.999943971633911133e-01,-9.994134902954101562e-01,9.999960064888000488e-01,-9.999980330467224121e-01,9.999952912330627441e-01,-9.999970793724060059e-01,-9.999797940254211426e-01,9.999801516532897949e-01,9.999980330467224121e-01,9.999471306800842285e-01,9.999868273735046387e-01,-9.999958872795104980e-01,9.999972581863403320e-01,-9.999640583992004395e-01,-9.999964833259582520e-01,9.999973177909851074e-01,-9.999965429306030273e-01,-9.999865889549255371e-01,9.999982714653015137e-01,-9.999979734420776367e-01,9.999876618385314941e-01,-9.999948740005493164e-01,9.999978542327880859e-01,-9.999447464942932129e-01,-9.999033808708190918e-01,9.999976158142089844e-01,9.999954700469970703e-01,-9.999408721923828125e-01,-9.999968409538269043e-01,-9.999899268150329590e-01,9.999974966049194336e-01,-9.999970197677612305e-01,9.999974370002746582e-01,-9.999970197677612305e-01,-9.999660849571228027e-01,9.999983310699462891e-01,-9.999967217445373535e-01,9.999981522560119629e-01,-9.999974966049194336e-01,-9.999909996986389160e-01,-9.999967813491821289e-01,-9.999980330467224121e-01,9.999933242797851562e-01,9.999973773956298828e-01,-9.999960064888000488e-01,-9.999738931655883789e-01,-9.999926686286926270e-01,9.999836683273315430e-01,-9.999944567680358887e-01
9.999974370002746582e-01,-9.999979138374328613e-01,-9.999864101409912109e-01,9.999973773956298828e-01,9.999983906745910645e-01,-9.999981522560119629e-01,9.999940395355224609e-01,9.999986290931701660e-01,-9.999961853027343750e-01,9.999967813491821289e-01,-9.999979138374328613e-01,-9.999984502792358398e-01,9.999973177909851074e-01,9.999976754188537598e-01,9.999784827232360840e-01,9.999958872795104980e-01,9.999964237213134766e-01,-9.999980926513671875e-01,9.999903440475463867e-01,-9.999986290931701660e-01,-9.999984502792358398e-01,9.999854564666748047e-01,9.999977350234985352e-01,9.999976754188537598e-01,9.999840855598449707e-01,9.999985098838806152e-01,-9.999976754188537598e-01,-9.999983906745910645e-01,9.999772310256958008e-01,-9.999935626983642578e-01,-9.999901056289672852e-01,-9.999977350234985352e-01,9.999874234199523926e-01,9.999955892562866211e-01,-9.999960064888000488e-01,-9.999421834945678711e-01,9.999985098838806152e-01,9.999979734420776367e-01,9.999893903732299805e-01,-9.999983310699462891e-01,9.999980330467224121e-01,-9.999943375587463379e-01,9.999644756317138672e-01,9.999982714653015137e-01,9.999974966049194336e-01,9.999974370002746582e-01,-9.999836683273315430e-01,9.999976158142089844e-01,9.999982118606567383e-01,-9.999978542327880859e-01,-9.999982714653015137e-01,-9.999970793724060059e-01,-9.999982714653015137e-01,-9.999884963035583496e-01,-9.999965429306030273e-01,-9.999973773956298828e-01,-9.999948740005493164e-01,9.998515844345092773e-01,9.999964833259582520e-01,9.999976158142089844e-01,-9.999973773956298828e-01,9.999984502792358398e-01,9.999976158142089844e-01,9.999929666519165039e-01,-9.999935030937194824e-01,-9.999982714653015137e-01,-9.999985694885253906e-01,-9.999936223030090332e-01,-9.999983310699462891e-01,9.999980926513671875e-01,-9.999981522560119629e-01,9.999971389770507812e-01,9.999932050704956055e-01,-9.999896287918090820e-01,-9.999400377273559570e-01,-9.999975562095642090e-01,9.999897480010986328e-01,9.999981522560119629e-01,-9.999908804893493652e-01,-9.999950528144836426e-01,-9.994887113571166992e-01,9.999966621398925781e-01,-9.999983906745910645e-01,9.999959468841552734e-01,-9.999974370002746582e-01,-9.999823570251464844e-01,9.999827146530151367e-01,9.999983906745910645e-01,9.999539256095886230e-01,9.999884963035583496e-01,-9.999964833259582520e-01,9.999976754188537598e-01,-9.999687075614929199e-01,-9.999969601631164551e-01,9.999977350234985352e-01,-9.999970793724060059e-01,-9.999882578849792480e-01,9.999985098838806152e-01,-9.999981522560119629e-01,9.999892711639404297e-01,-9.999955296516418457e-01,9.999981522560119629e-01,-9.999518394470214844e-01,-9.999157786369323730e-01,9.999979138374328613e-01,9.999960660934448242e-01,-9.999485611915588379e-01,-9.999973177909851074e-01,-9.999912977218627930e-01,9.999977946281433105e-01,-9.999974966049194336e-01,9.999977350234985352e-01,-9.999973773956298828e-01,-9.999704360961914062e-01,9.999985694885253906e-01,-9.999971985816955566e-01,9.999983906745910645e-01,-9.999978542327880859e-01,-9.999921321868896484e-01,-9.999973177909851074e-01,-9.999982714653015137e-01,9.999942779541015625e-01,9.999977946281433105e-01,-9.999965429306030273e-01,-9.999772310256958008e-01,-9.999936223030090332e-01,9.999857544898986816e-01,-9.999952316284179688e-01
-9.999985694885253906e-01,9.999988675117492676e-01,9.999924898147583008e-01,-9.999985694885253906e-01,-9.999991655349731445e-01,9.999990463256835938e-01,-9.999967813491821289e-01,-9.999993443489074707e-01,9.999979734420776367e-01,-9.999981522560119629e-01,9.999989271163940430e-01,9.999992847442626953e-01,-9.999985694885253906e-01,-9.999988079071044922e-01,-9.999880790710449219e-01,-9.999976754188537598e-01,-9.999980926513671875e-01,9.999989271163940430e-01,-9.999946355819702148e-01,9.999992847442626953e-01,9.999992847442626953e-01,-9.999920725822448730e-01,-9.999987483024597168e-01,-9.999986886978149414e-01,-9.999912381172180176e-01,-9.999992251396179199e-01,9.999986886978149414e-01,9.999991655349731445e-01,-9.999874234199523926e-01,9.999963641166687012e-01,9.999945759773254395e-01,9.999987483024597168e-01,-9.999930262565612793e-01,-9.999976158142089844e-01,9.999977946281433105e-01,9.999680519104003906e-01,-9.999992251396179199e-01,-9.999989271163940430e-01,-9.999940991401672363e-01,9.999991655349731445e-01,-9.999989271163940430e-01,9.999968409538269043e-01,-9.999803900718688965e-01,-9.999991059303283691e-01,-9.999986886978149414e-01,-9.999986290931701660e-01,9.999909400939941406e-01,-9.999987483024597168e-01,-9.999991059303283691e-01,9.999988079071044922e-01,9.999989867210388184e-01,9.999983906745910645e-01,9.999991059303283691e-01,9.999936223030090332e-01,9.999980926513671875e-01,9.999985694885253906e-01,9.999971389770507812e-01,-9.999178051948547363e-01,-9.999980330467224121e-01,-9.999986886978149414e-01,9.999986290931701660e-01,-9.999992847442626953e-01,-9.999986886978149414e-01,-9.999959468841552734e-01,9.999963045120239258e-01,9.999991059303283691e-01,9.999993443489074707e-01,9.999963641166687012e-01,9.999991059303283691e-01,-9.999989867210388184e-01,9.999990463256835938e-01,-9.999985098838806152e-01,-9.999962449073791504e-01,9.999942779541015625e-01,9.999668002128601074e-01,9.999985694885253906e-01,-9.999943375587463379e-01,-9.999989867210388184e-01,9.999949336051940918e-01,9.999973177909851074e-01,9.997169971466064453e-01,-9.999980926513671875e-01,9.999992251396179199e-01,-9.999977350234985352e-01,9.999985694885253906e-01,9.999902844429016113e-01,-9.999904036521911621e-01,-9.999991655349731445e-01,-9.999745488166809082e-01,-9.999936223030090332e-01,9.999979734420776367e-01,-9.999986886978149414e-01,9.999827742576599121e-01,9.999983310699462891e-01,-9.999987483024597168e-01,9.999984502792358398e-01,9.999935626983642578e-01,-9.999992251396179199e-01,9.999991059303283691e-01,-9.999940991401672363e-01,9.999974966049194336e-01,-9.999990463256835938e-01,9.999734759330749512e-01,9.999534487724304199e-01,-9.999989271163940430e-01,-9.999977946281433105e-01,9.999715685844421387e-01,9.999985694885253906e-01,9.999951720237731934e-01,-9.999988675117492676e-01,9.999985694885253906e-01,-9.999987483024597168e-01,9.999985694885253906e-01,9.999837279319763184e-01,-9.999993443489074707e-01,9.999984502792358398e-01,-9.999991655349731445e-01,9.999988079071044922e-01,9.999956488609313965e-01,9.999985694885253906e-01,9.999992251396179199e-01,-9.999967813491821289e-01,-9.999988079071044922e-01,9.999982118606567383e-01,9.999874830245971680e-01,9.999964237213134766e-01,-9.999922513961791992e-01,9.999973177909851074e-01
9.999933242797851562e-01,-9.999946355819702148e-01,-9.999635219573974609e-01,9.999930858612060547e-01,9.999957680702209473e-01,-9.999951124191284180e-01,9.999840259552001953e-01,9.999960660934448242e-01,-9.999900460243225098e-01,9.999912977218627930e-01,-9.999945163726806641e-01,-9.999957680702209473e-01,9.999926686286926270e-01,9.999938607215881348e-01,9.999421238899230957e-01,9.999889135360717773e-01,9.999903440475463867e-01,-9.999946355819702148e-01,9.999741911888122559e-01,-9.999963045120239258e-01,-9.999958872795104980e-01,9.999609589576721191e-01,9.999940395355224609e-01,9.999938607215881348e-01,9.999572634696960449e-01,9.999960064888000488e-01,-9.999938607215881348e-01,-9.999957084655761719e-01,9.999389052391052246e-01,-9.999827146530151367e-01,-9.999737143516540527e-01,-9.999941587448120117e-01,9.999662637710571289e-01,9.999881982803344727e-01,-9.999895095825195312e-01,-9.998450279235839844e-01,9.999960064888000488e-01,9.999945759773254395e-01,9.999715089797973633e-01,-9.999956488609313965e-01,9.999946355819702148e-01,-9.999848008155822754e-01,9.999045729637145996e-01,9.999954104423522949e-01,9.999933242797851562e-01,9.999932050704956055e-01,-9.999560713768005371e-01,9.999936819076538086e-01,9.999953508377075195e-01,-9.999943971633911133e-01,-9.999951124191284180e-01,-9.999921917915344238e-01,-9.999955296516418457e-01,-9.999689459800720215e-01,-9.999908804893493652e-01,-9.999927878379821777e-01,-9.999863505363464355e-01,9.996019005775451660e-01,9.999907612800598145e-01,9.999938607215881348e-01,-9.999931454658508301e-01,9.999958872795104980e-01,9.999935030937194824e-01,9.999811649322509766e-01,-9.999828338623046875e-01,-9.999954700469970703e-01,-9.999961256980895996e-01,-9.999827742576599121e-01,-9.999955892562866211e-01,9.999949932098388672e-01,-9.999951720237731934e-01,9.999924302101135254e-01,9.999815225601196289e-01,-9.999722242355346680e-01,-9.998391866683959961e-01,-9.999933838844299316e-01,9.999724626541137695e-01,9.999951124191284180e-01,-9.999755620956420898e-01,-9.999868273735046387e-01,-9.986302256584167480e-01,9.999908208847045898e-01,-9.999955296516418457e-01,9.999892711639404297e-01,-9.999933242797851562e-01,-9.999527335166931152e-01,9.999536275863647461e-01,9.999957680702209473e-01,9.998764991760253906e-01,9.999691843986511230e-01,-9.999904632568359375e-01,9.999936223030090332e-01,-9.999160170555114746e-01,-9.999919533729553223e-01,9.999938607215881348e-01,-9.999920725822448730e-01,-9.999684691429138184e-01,9.999960064888000488e-01,-9.999952912330627441e-01,9.999714493751525879e-01,-9.999880790710449219e-01,9.999951720237731934e-01,-9.998710155487060547e-01,-9.997740983963012695e-01,9.999946355819702148e-01,9.999896287918090820e-01,-9.998620748519897461e-01,-9.999927282333374023e-01,-9.999765753746032715e-01,9.999942779541015625e-01,-9.999931454658508301e-01,9.999940991401672363e-01,-9.999932050704956055e-01,-9.999207258224487305e-01,9.999961256980895996e-01,-9.999927878379821777e-01,9.999958276748657227e-01,-9.999943375587463379e-01,-9.999789595603942871e-01,-9.999927282333374023e-01,-9.999954104423522949e-01,9.999846220016479492e-01,9.999942183494567871e-01,-9.999908804893493652e-01,-9.999388456344604492e-01,-9.999828338623046875e-01,9.999618530273437500e-01,-9.999873638153076172e-01
-9.999991059303283691e-01,9.999992847442626953e-01,9.999948143959045410e-01,-9.999990463256835938e-01,-9.999994039535522461e-01,9.999993443489074707e-01,-9.999977946281433105e-01,-9.999994635581970215e-01,9.999986290931701660e-01,-9.999987483024597168e-01,9.999992847442626953e-01,9.999994635581970215e-01,-9.999989271163940430e-01,-9.999991655349731445e-01,-9.999918341636657715e-01,-9.999983906745910645e-01,-9.999986290931701660e-01,9.999992847442626953e-01,-9.999963045120239258e-01,9.999995231628417969e-01,9.999994635581970215e-01,-9.999945759773254395e-01,-9.999991655349731445e-01,-9.999990463256835938e-01,-9.999939799308776855e-01,-9.999994039535522461e-01,9.999991655349731445e-01,9.999994039535522461e-01,-9.999914169311523438e-01,9.999974370002746582e-01,9.999962449073791504e-01,9.999992251396179199e-01,-9.999952316284179688e-01,-9.999983310699462891e-01,9.999985098838806152e-01,9.999781847000122070e-01,-9.999994635581970215e-01,-9.999992847442626953e-01,-9.999960660934448242e-01,9.999994039535522461e-01,-9.999992847442626953e-01,9.999977946281433105e-01,-9.999865293502807617e-01,-9.999994039535522461e-01,-9.999991059303283691e-01,-9.999992251396179199e-01,9.999938011169433594e-01,-9.999991059303283691e-01,-9.999993443489074707e-01,9.999992251396179199e-01,9.999993443489074707e-01,9.999988079071044922e-01,9.999994039535522461e-01,9.999956488609313965e-01,9.999986886978149414e-01,9.999990463256835938e-01,9.999980330467224121e-01,-9.999437928199768066e-01,-9.999986886978149414e-01,-9.999991655349731445e-01,9.999990463256835938e-01,-9.999994635581970215e-01,-9.999991059303283691e-01,-9.999973177909851074e-01,9.999974966049194336e-01,9.999994039535522461e-01,9.999994635581970215e-01,9.999974966049194336e-01,9.999993443489074707e-01,-9.999993443489074707e-01,9.999993443489074707e-01,-9.999989271163940430e-01,-9.999974370002746582e-01,9.999960064888000488e-01,9.999772310256958008e-01,9.999991059303283691e-01,-9.999960660934448242e-01,-9.999993443489074707e-01,9.999964833259582520e-01,9.999980926513671875e-01,9.998064637184143066e-01,-9.999987483024597168e-01,9.999994039535522461e-01,-9.999984502792358398e-01,9.999991059303283691e-01,9.999933242797851562e-01,-9.999934434890747070e-01,-9.999993443489074707e-01,-9.999825954437255859e-01,-9.999956488609313965e-01,9.999986886978149414e-01,-9.999992251396179199e-01,9.999881386756896973e-01,9.999989271163940430e-01,-9.999991655349731445e-01,9.999989271163940430e-01,9.999955892562866211e-01,-9.999995231628417969e-01,9.999992847442626953e-01,-9.999958872795104980e-01,9.999982714653015137e-01,-9.999992847442626953e-01,9.999818801879882812e-01,9.999681711196899414e-01,-9.999992847442626953e-01,-9.999985098838806152e-01,9.999805688858032227e-01,9.999989867210388184e-01,9.999966621398925781e-01,-9.999992251396179199e-01,9.999990463256835938e-01,-9.999992251396179199e-01,9.999991059303283691e-01,9.999889135360717773e-01,-9.999994635581970215e-01,9.999989271163940430e-01,-9.999994039535522461e-01,9.999992251396179199e-01,9.999969601631164551e-01,9.999989867210388184e-01,9.999994039535522461e-01,-9.999977946281433105e-01,-9.999992251396179199e-01,9.999987483024597168e-01,9.999914765357971191e-01,9.999975562095642090e-01,-9.999946951866149902e-01,9.999981522560119629e-01
-9.999988675117492676e-01,9.999991655349731445e-01,9.999942779541015625e-01,-9.999989271163940430e-01,-9.999992847442626953e-01,9.999991655349731445e-01,-9.999974966049194336e-01,-9.999994635581970215e-01,9.999985098838806152e-01,-9.999985694885253906e-01,9.999991655349731445e-01,9.999994039535522461e-01,-9.999988079071044922e-01,-9.999991059303283691e-01,-9.999908804893493652e-01,-9.999982118606567383e-01,-9.999984502792358398e-01,9.999992847442626953e-01,-9.999958872795104980e-01,9.999994635581970215e-01,9.999994039535522461e-01,-9.999939203262329102e-01,-9.999991059303283691e-01,-9.999990463256835938e-01,-9.999932646751403809e-01,-9.999994039535522461e-01,9.999991059303283691e-01,9.999993443489074707e-01,-9.999904036521911621e-01,9.999971389770507812e-01,9.999958276748657227e-01,9.999991059303283691e-01,-9.999946951866149902e-01,-9.999980926513671875e-01,9.999983310699462891e-01,9.999755024909973145e-01,-9.999994039535522461e-01,-9.999991655349731445e-01,-9.999955892562866211e-01,9.999993443489074707e-01,-9.999991655349731445e-01,9.999975562095642090e-01,-9.999849796295166016e-01,-9.999992847442626953e-01,-9.999989867210388184e-01,-9.999989867210388184e-01,9.999929666519165039e-01,-9.999989867210388184e-01,-9.999992847442626953e-01,9.999991655349731445e-01,9.999993443489074707e-01,9.999986886978149414e-01,9.999993443489074707e-01,9.999951720237731934e-01,9.999985694885253906e-01,9.999989271163940430e-01,9.999977350234985352e-01,-9.999371170997619629e-01,-9.999984502792358398e-01,-9.999990463256835938e-01,9.999988675117492676e-01,-9.999994039535522461e-01,-9.999989271163940430e-01,-9.999969005584716797e-01,9.999971985816955566e-01,9.999992847442626953e-01,9.999994039535522461e-01,9.999971985816955566e-01,9.999992251396179199e-01,-9.999992251396179199e-01,9.999992847442626953e-01,-9.999988079071044922e-01,-9.999971389770507812e-01,9.999955892562866211e-01,9.999745488166809082e-01,9.999989271163940430e-01,-9.999956488609313965e-01,-9.999991655349731445e-01,9.999960660934448242e-01,9.999979138374328613e-01,9.997836947441101074e-01,-9.999985098838806152e-01,9.999993443489074707e-01,-9.999982714653015137e-01,9.999989271163940430e-01,9.999925494194030762e-01,-9.999926686286926270e-01,-9.999992847442626953e-01,-9.999805092811584473e-01,-9.999951124191284180e-01,9.999984502792358398e-01,-9.999990463256835938e-01,9.999867677688598633e-01,9.999986886978149414e-01,-9.999990463256835938e-01,9.999988079071044922e-01,9.999950528144836426e-01,-9.999994039535522461e-01,9.999992847442626953e-01,-9.999954104423522949e-01,9.999980926513671875e-01,-9.999992847442626953e-01,9.999796748161315918e-01,9.999644160270690918e-01,-9.999991655349731445e-01,-9.999983310699462891e-01,9.999781847000122070e-01,9.999988079071044922e-01,9.999962449073791504e-01,-9.999991059303283691e-01,9.999989271163940430e-01,-9.999991059303283691e-01,9.999988675117492676e-01,9.999876022338867188e-01,-9.999994635581970215e-01,9.999988079071044922e-01,-9.999993443489074707e-01,9.999991655349731445e-01,9.999966621398925781e-01,9.999988675117492676e-01,9.999992847442626953e-01,-9.999975562095642090e-01,-9.999989867210388184e-01,9.999986290931701660e-01,9.999903440475463867e-01,9.999972581863403320e-01,-9.999939799308776855e-01,9.999979734420776367e-01
9.999901056289672852e-01,-9.999918937683105469e-01,-9.999451041221618652e-01,9.999896287918090820e-01,9.999936223030090332e-01,-9.999927282333374023e-01,9.999759793281555176e-01,9.999942183494567871e-01,-9.999849200248718262e-01,9.999869465827941895e-01,-9.999917149543762207e-01,-9.999936223030090332e-01,9.999890327453613281e-01,9.999908804893493652e-01,9.999128580093383789e-01,9.999833106994628906e-01,9.999854564666748047e-01,-9.999920725822448730e-01,9.999609589576721191e-01,-9.999945759773254395e-01,-9.999939203262329102e-01,9.999411106109619141e-01,9.999909996986389160e-01,9.999907612800598145e-01,9.999356269836425781e-01,9.999940991401672363e-01,-9.999908208847045898e-01,-9.999936819076538086e-01,9.999080896377563477e-01,-9.999739527702331543e-01,-9.999603033065795898e-01,-9.999910593032836914e-01,9.999492168426513672e-01,9.999821782112121582e-01,-9.999840855598449707e-01,-9.997667670249938965e-01,9.999940991401672363e-01,9.999918937683105469e-01,9.999570846557617188e-01,-9.999934434890747070e-01,9.999919533729553223e-01,-9.999770522117614746e-01,9.998563528060913086e-01,9.999930858612060547e-01,9.999898672103881836e-01,9.999898076057434082e-01,-9.999338984489440918e-01,9.999903440475463867e-01,9.999930858612060547e-01,-9.999916553497314453e-01,-9.999926090240478516e-01,-9.999883174896240234e-01,-9.999932646751403809e-01,-9.999532699584960938e-01,-9.999864101409912109e-01,-9.999892115592956543e-01,-9.999792575836181641e-01,9.994006752967834473e-01,9.999861717224121094e-01,9.999906420707702637e-01,-9.999895691871643066e-01,9.999938607215881348e-01,9.999901652336120605e-01,9.999716281890869141e-01,-9.999741911888122559e-01,-9.999932050704956055e-01,-9.999942779541015625e-01,-9.999740123748779297e-01,-9.999934434890747070e-01,9.999924898147583008e-01,-9.999926090240478516e-01,9.999885559082031250e-01,9.999722242355346680e-01,-9.999580979347229004e-01,-9.997579455375671387e-01,-9.999899864196777344e-01,9.999585151672363281e-01,9.999926090240478516e-01,-9.999631047248840332e-01,-9.999800920486450195e-01,-9.979391098022460938e-01,9.999862313270568848e-01,-9.999932646751403809e-01,9.999837875366210938e-01,-9.999898672103881836e-01,-9.999287724494934082e-01,9.999300837516784668e-01,9.999936223030090332e-01,9.998140335083007812e-01,9.999535083770751953e-01,-9.999856352806091309e-01,9.999904632568359375e-01,-9.998735189437866211e-01,-9.999879002571105957e-01,9.999906420707702637e-01,-9.999881982803344727e-01,-9.999524354934692383e-01,9.999939799308776855e-01,-9.999929666519165039e-01,9.999569058418273926e-01,-9.999819993972778320e-01,9.999928474426269531e-01,-9.998056888580322266e-01,-9.996598362922668457e-01,9.999918341636657715e-01,9.999843239784240723e-01,-9.997924566268920898e-01,-9.999891519546508789e-01,-9.999647140502929688e-01,9.999912977218627930e-01,-9.999897480010986328e-01,9.999909996986389160e-01,-9.999897480010986328e-01,-9.998806118965148926e-01,9.999942779541015625e-01,-9.999890327453613281e-01,9.999936819076538086e-01,-9.999914765357971191e-01,-9.999684691429138184e-01,-9.999889731407165527e-01,-9.999931454658508301e-01,9.999768733978271484e-01,9.999912977218627930e-01,-9.999862313270568848e-01,-9.999079108238220215e-01,-9.999741315841674805e-01,9.999425411224365234e-01,-9.999808669090270996e-01
9.999984502792358398e-01,-9.999987483024597168e-01,-9.999915361404418945e-01,9.999983906745910645e-01,9.999990463256835938e-01,-9.999988079071044922e-01,9.999962449073791504e-01,9.999991655349731445e-01,-9.999976754188537598e-01,9.999979734420776367e-01,-9.999986886978149414e-01,-9.999990463256835938e-01,9.999982714653015137e-01,9.999985694885253906e-01,9.999866485595703125e-01,9.999973177909851074e-01,9.999977350234985352e-01,-9.999987483024597168e-01,9.999940395355224609e-01,-9.999991655349731445e-01,-9.999991059303283691e-01,9.999909996986389160e-01,9.999986290931701660e-01,9.999984502792358398e-01,9.999901652336120605e-01,9.999991655349731445e-01,-9.999985694885253906e-01,-9.999990463256835938e-01,9.999859333038330078e-01,-9.999958276748657227e-01,-9.999938607215881348e-01,-9.999986290931701660e-01,9.999922513961791992e-01,9.999972581863403320e-01,-9.999975562095642090e-01,-9.999641776084899902e-01,9.999991655349731445e-01,9.999986886978149414e-01,9.999934434890747070e-01,-9.999989271163940430e-01,9.999987483024597168e-01,-9.999964237213134766e-01,9.999780058860778809e-01,9.999988675117492676e-01,9.999983906745910645e-01,9.999983906745910645e-01,-9.999898076057434082e-01,9.999985694885253906e-01,9.999989271163940430e-01,-9.999986290931701660e-01,-9.999988675117492676e-01,-9.999980926513671875e-01,-9.999989271163940430e-01,-9.999929666519165039e-01,-9.999977946281433105e-01,-9.999983310699462891e-01,-9.999966621398925781e-01,9.999080896377563477e-01,9.999978542327880859e-01,9.999984502792358398e-01,-9.999983906745910645e-01,9.999991059303283691e-01,9.999984502792358398e-01,9.999955892562866211e-01,-9.999958872795104980e-01,-9.999988675117492676e-01,-9.999991655349731445e-01,-9.999959468841552734e-01,-9.999989271163940430e-01,9.999988079071044922e-01,-9.999989271163940430e-01,9.999982118606567383e-01,9.999957084655761719e-01,-9.999936223030090332e-01,-9.999628067016601562e-01,-9.999984502792358398e-01,9.999935626983642578e-01,9.999988675117492676e-01,-9.999942779541015625e-01,-9.999969005584716797e-01,-9.996836185455322266e-01,9.999978542327880859e-01,-9.999989271163940430e-01,9.999974966049194336e-01,-9.999983906745910645e-01,-9.999890327453613281e-01,9.999892115592956543e-01,9.999990463256835938e-01,9.999715089797973633e-01,9.999929070472717285e-01,-9.999977350234985352e-01,9.999985098838806152e-01,-9.999806284904479980e-01,-9.999980926513671875e-01,9.999985694885253906e-01,-9.999981522560119629e-01,-9.999927282333374023e-01,9.999991059303283691e-01,-9.999988079071044922e-01,9.999933242797851562e-01,-9.999971985816955566e-01,9.999988675117492676e-01,-9.999701380729675293e-01,-9.999478459358215332e-01,9.999987483024597168e-01,9.999975562095642090e-01,-9.999682307243347168e-01,-9.999982714653015137e-01,-9.999945759773254395e-01,9.999986290931701660e-01,-9.999983906745910645e-01,9.999986290931701660e-01,-9.999983310699462891e-01,-9.999818205833435059e-01,9.999991655349731445e-01,-9.999982714653015137e-01,9.999990463256835938e-01,-9.999986886978149414e-01,-9.999951720237731934e-01,-9.999982714653015137e-01,-9.999988675117492676e-01,9.999963641166687012e-01,9.999986290931701660e-01,-9.999978542327880859e-01,-9.999859333038330078e-01,-9.999960064888000488e-01,9.999911785125732422e-01,-9.999970197677612305e-01
9.999983310699462891e-01,-9.999986886978149414e-01,-9.999912381172180176e-01,9.999983310699462891e-01,9.999989271163940430e-01,-9.999987483024597168e-01,9.999961853027343750e-01,9.999991059303283691e-01,-9.999976158142089844e-01,9.999979138374328613e-01,-9.999986290931701660e-01,-9.999989867210388184e-01,9.999982714653015137e-01,9.999985098838806152e-01,9.999862313270568848e-01,9.999973177909851074e-01,9.999976754188537598e-01,-9.999986886978149414e-01,9.999938607215881348e-01,-9.999990463256835938e-01,-9.999990463256835938e-01,9.999907612800598145e-01,9.999984502792358398e-01,9.999985098838806152e-01,9.999899268150329590e-01,9.999991059303283691e-01,-9.999985098838806152e-01,-9.999989271163940430e-01,9.999854564666748047e-01,-9.999958276748657227e-01,-9.999938011169433594e-01,-9.999985694885253906e-01,9.999918937683105469e-01,9.999971389770507812e-01,-9.999974370002746582e-01,-9.999632835388183594e-01,9.999991059303283691e-01,9.999986290931701660e-01,9.999932646751403809e-01,-9.999988079071044922e-01,9.999986886978149414e-01,-9.999963641166687012e-01,9.999774694442749023e-01,9.999988079071044922e-01,9.999983906745910645e-01,9.999983906745910645e-01,-9.999895691871643066e-01,9.999984502792358398e-01,9.999988675117492676e-01,-9.999986290931701660e-01,-9.999988079071044922e-01,-9.999980330467224121e-01,-9.999988675117492676e-01,-9.999926686286926270e-01,-9.999977350234985352e-01,-9.999982714653015137e-01,-9.999966025352478027e-01,9.999057650566101074e-01,9.999977946281433105e-01,9.999985098838806152e-01,-9.999983310699462891e-01,9.999991059303283691e-01,9.999984502792358398e-01,9.999954700469970703e-01,-9.999958872795104980e-01,-9.999989271163940430e-01,-9.999990463256835938e-01,-9.999958872795104980e-01,-9.999988675117492676e-01,9.999987483024597168e-01,-9.999988079071044922e-01,9.999981522560119629e-01,9.999957084655761719e-01,-9.999933242797851562e-01,-9.999619126319885254e-01,-9.999983906745910645e-01,9.999935030937194824e-01,9.999987483024597168e-01,-9.999942183494567871e-01,-9.999968409538269043e-01,-9.996756911277770996e-01,9.999977946281433105e-01,-9.999989271163940430e-01,9.999974370002746582e-01,-9.999983906745910645e-01,-9.999888539314270020e-01,9.999889731407165527e-01,9.999989271163940430e-01,9.999707937240600586e-01,9.999927282333374023e-01,-9.999977350234985352e-01,9.999984502792358398e-01,-9.999801516532897949e-01,-9.999979138374328613e-01,9.999985098838806152e-01,-9.999980926513671875e-01,-9.999926686286926270e-01,9.999989867210388184e-01,-9.999988079071044922e-01,9.999932646751403809e-01,-9.999970793724060059e-01,9.999987483024597168e-01,-9.999694228172302246e-01,-9.999464750289916992e-01,9.999986886978149414e-01,9.999974370002746582e-01,-9.999673366546630859e-01,-9.999982714653015137e-01,-9.999943971633911133e-01,9.999986290931701660e-01,-9.999983310699462891e-01,9.999985694885253906e-01,-9.999983906745910645e-01,-9.999812841415405273e-01,9.999991059303283691e-01,-9.999982118606567383e-01,9.999989867210388184e-01,-9.999986290931701660e-01,-9.999950528144836426e-01,-9.999982118606567383e-01,-9.999988675117492676e-01,9.999961853027343750e-01,9.999985098838806152e-01,-9.999977350234985352e-01,-9.999855756759643555e-01,-9.999959468841552734e-01,9.999909996986389160e-01,-9.999969601631164551e-01
9.999891519546508789e-01,-9.999911189079284668e-01,-9.999397993087768555e-01,9.999886751174926758e-01,9.999930262565612793e-01,-9.999920725822448730e-01,9.999737739562988281e-01,9.999936223030090332e-01,-9.999835491180419922e-01,9.999855756759643555e-01,-9.999909400939941406e-01,-9.999930262565612793e-01,9.999880790710449219e-01,9.999899268150329590e-01,9.999046921730041504e-01,9.999817013740539551e-01,9.999840855598449707e-01,-9.999912381172180176e-01,9.999572634696960449e-01,-9.999939799308776855e-01,-9.999932646751403809e-01,9.999356269836425781e-01,9.999901652336120605e-01,9.999899268150329590e-01,9.999295473098754883e-01,9.999935626983642578e-01,-9.999899864196777344e-01,-9.999929666519165039e-01,9.998993873596191406e-01,-9.999715089797973633e-01,-9.999566078186035156e-01,-9.999902844429016113e-01,9.999444484710693359e-01,9.999805092811584473e-01,-9.999827146530151367e-01,-9.997448921203613281e-01,9.999936819076538086e-01,9.999911785125732422e-01,9.999530315399169922e-01,-9.999928474426269531e-01,9.999911785125732422e-01,-9.999750256538391113e-01,9.998428225517272949e-01,9.999924898147583008e-01,9.999887943267822266e-01,9.999888539314270020e-01,-9.999276399612426758e-01,9.999894499778747559e-01,9.999923110008239746e-01,-9.999907612800598145e-01,-9.999919533729553223e-01,-9.999873042106628418e-01,-9.999925494194030762e-01,-9.999489188194274902e-01,-9.999849796295166016e-01,-9.999881982803344727e-01,-9.999773502349853516e-01,9.993442893028259277e-01,9.999847412109375000e-01,9.999897480010986328e-01,-9.999884963035583496e-01,9.999932646751403809e-01,9.999893307685852051e-01,9.999688267707824707e-01,-9.999718070030212402e-01,-9.999924302101135254e-01,-9.999936819076538086e-01,-9.999715089797973633e-01,-9.999927282333374023e-01,9.999917745590209961e-01,-9.999919533729553223e-01,9.999874830245971680e-01,9.999696016311645508e-01,-9.999541640281677246e-01,-9.997350573539733887e-01,-9.999889731407165527e-01,9.999545812606811523e-01,9.999918937683105469e-01,-9.999595880508422852e-01,-9.999782443046569824e-01,-9.977456927299499512e-01,9.999850392341613770e-01,-9.999925494194030762e-01,9.999822378158569336e-01,-9.999888539314270020e-01,-9.999220967292785645e-01,9.999234676361083984e-01,9.999929666519165039e-01,9.997965097427368164e-01,9.999491572380065918e-01,-9.999841451644897461e-01,9.999895095825195312e-01,-9.998617768287658691e-01,-9.999867677688598633e-01,9.999897480010986328e-01,-9.999870657920837402e-01,-9.999479651451110840e-01,9.999933838844299316e-01,-9.999923110008239746e-01,9.999528527259826660e-01,-9.999803304672241211e-01,9.999920725822448730e-01,-9.997874498367309570e-01,-9.996278882026672363e-01,9.999909996986389160e-01,9.999828934669494629e-01,-9.997729063034057617e-01,-9.999880194664001465e-01,-9.999613761901855469e-01,9.999905228614807129e-01,-9.999887347221374512e-01,9.999901652336120605e-01,-9.999887347221374512e-01,-9.998694062232971191e-01,9.999936819076538086e-01,-9.999879002571105957e-01,9.999929666519165039e-01,-9.999907016754150391e-01,-9.999653697013854980e-01,-9.999879598617553711e-01,-9.999924898147583008e-01,9.999746084213256836e-01,9.999904036521911621e-01,-9.999850392341613770e-01,-9.998993873596191406e-01,-9.999717473983764648e-01,9.999369978904724121e-01,-9.999791383743286133e-01
9.999990463256835938e-01,-9.999992251396179199e-01,-9.999945163726806641e-01,9.999989271163940430e-01,9.999994039535522461e-01,-9.999992847442626953e-01,9.999975562095642090e-01,9.999995231628417969e-01,-9.999984502792358398e-01,9.999987483024597168e-01,-9.999992251396179199e-01,-9.999994635581970215e-01,9.999988675117492676e-01,9.999991059303283691e-01,9.999912381172180176e-01,9.999983310699462891e-01,9.999985098838806152e-01,-9.999992251396179199e-01,9.999960064888000488e-01,-9.999994039535522461e-01,-9.999994039535522461e-01,9.999940991401672363e-01,9.999991655349731445e-01,9.999991059303283691e-01,9.999935626983642578e-01,9.999993443489074707e-01,-9.999992251396179199e-01,-9.999994039535522461e-01,9.999908804893493652e-01,-9.999972581863403320e-01,-9.999959468841552734e-01,-9.999990463256835938e-01,9.999949336051940918e-01,9.999982118606567383e-01,-9.999983906745910645e-01,-9.999765753746032715e-01,9.999994635581970215e-01,9.999992251396179199e-01,9.999957084655761719e-01,-9.999993443489074707e-01,9.999992251396179199e-01,-9.999977350234985352e-01,9.999856352806091309e-01,9.999993443489074707e-01,9.999990463256835938e-01,9.999990463256835938e-01,-9.999933838844299316e-01,9.999990463256835938e-01,9.999993443489074707e-01,-9.999991655349731445e-01,-9.999992847442626953e-01,-9.999987483024597168e-01,-9.999993443489074707e-01,-9.999952912330627441e-01,-9.999986290931701660e-01,-9.999988675117492676e-01,-9.999978542327880859e-01,9.999399185180664062e-01,9.999985098838806152e-01,9.999989867210388184e-01,-9.999989271163940430e-01,9.999994039535522461e-01,9.999990463256835938e-01,9.999970197677612305e-01,-9.999973177909851074e-01,-9.999993443489074707e-01,-9.999994635581970215e-01,-9.999973773956298828e-01,-9.999993443489074707e-01,9.999992847442626953e-01,-9.999994039535522461e-01,9.999988079071044922e-01,9.999972581863403320e-01,-9.999957680702209473e-01,-9.999758005142211914e-01,-9.999989867210388184e-01,9.999958276748657227e-01,9.999992847442626953e-01,-9.999962449073791504e-01,-9.999980330467224121e-01,-9.997931122779846191e-01,9.999986886978149414e-01,-9.999993443489074707e-01,9.999982714653015137e-01,-9.999989867210388184e-01,-9.999927878379821777e-01,9.999930262565612793e-01,9.999992847442626953e-01,9.999814033508300781e-01,9.999953508377075195e-01,-9.999985098838806152e-01,9.999991059303283691e-01,-9.999872446060180664e-01,-9.999987483024597168e-01,9.999991059303283691e-01,-9.999988675117492676e-01,-9.999952316284179688e-01,9.999994039535522461e-01,-9.999993443489074707e-01,9.999956488609313965e-01,-9.999981522560119629e-01,9.999992847442626953e-01,-9.999805688858032227e-01,-9.999659061431884766e-01,9.999992847442626953e-01,9.999983906745910645e-01,-9.999791383743286133e-01,-9.999988675117492676e-01,-9.999964237213134766e-01,9.999991655349731445e-01,-9.999988675117492676e-01,9.999991655349731445e-01,-9.999989271163940430e-01,-9.999881386756896973e-01,9.999994635581970215e-01,-9.999988675117492676e-01,9.999994039535522461e-01,-9.999991655349731445e-01,-9.999967813491821289e-01,-9.999988675117492676e-01,-9.999993443489074707e-01,9.999976158142089844e-01,9.999991655349731445e-01,-9.999985694885253906e-01,-9.999908208847045898e-01,-9.999973773956298828e-01,9.999942183494567871e-01,-9.999980330467224121e-01
-9.999984502792358398e-01,9.999986886978149414e-01,9.999913573265075684e-01,-9.999984502792358398e-01,-9.999989867210388184e-01,9.999988675117492676e-01,-9.999963045120239258e-01,-9.999992251396179199e-01,9.999976754188537598e-01,-9.999979734420776367e-01,9.999986886978149414e-01,9.999990463256835938e-01,-9.999982714653015137e-01,-9.999986290931701660e-01,-9.999863505363464355e-01,-9.999974370002746582e-01,-9.999976754188537598e-01,9.999986886978149414e-01,-9.999938607215881348e-01,9.999991655349731445e-01,9.999991059303283691e-01,-9.999908208847045898e-01,-9.999985694885253906e-01,-9.999985098838806152e-01,-9.999899864196777344e-01,-9.999992251396179199e-01,9.999985098838806152e-01,9.999989867210388184e-01,-9.999855756759643555e-01,9.999958872795104980e-01,9.999938011169433594e-01,9.999985694885253906e-01,-9.999920725822448730e-01,-9.999972581863403320e-01,9.999974966049194336e-01,9.999634027481079102e-01,-9.999991059303283691e-01,-9.999986886978149414e-01,-9.999933838844299316e-01,9.999989271163940430e-01,-9.999988079071044922e-01,9.999964833259582520e-01,-9.999774694442749023e-01,-9.999989271163940430e-01,-9.999984502792358398e-01,-9.999984502792358398e-01,9.999896287918090820e-01,-9.999985694885253906e-01,-9.999989271163940430e-01,9.999986290931701660e-01,9.999988675117492676e-01,9.999980330467224121e-01,9.999989867210388184e-01,9.999926686286926270e-01,9.999977946281433105e-01,9.999982714653015137e-01,9.999967217445373535e-01,-9.999060034751892090e-01,-9.999977946281433105e-01,-9.999985098838806152e-01,9.999983310699462891e-01,-9.999991059303283691e-01,-9.999984502792358398e-01,-9.999955296516418457e-01,9.999959468841552734e-01,9.999989271163940430e-01,9.999991655349731445e-01,9.999959468841552734e-01,9.999989271163940430e-01,-9.999988079071044922e-01,9.999988675117492676e-01,-9.999981522560119629e-01,-9.999957084655761719e-01,9.999934434890747070e-01,9.999619722366333008e-01,9.999983906745910645e-01,-9.999936223030090332e-01,-9.999988079071044922e-01,9.999942183494567871e-01,9.999969005584716797e-01,9.996761083602905273e-01,-9.999977946281433105e-01,9.999989867210388184e-01,-9.999974966049194336e-01,9.999983906745910645e-01,9.999888539314270020e-01,-9.999891519546508789e-01,-9.999989867210388184e-01,-9.999708533287048340e-01,-9.999927282333374023e-01,9.999978542327880859e-01,-9.999984502792358398e-01,9.999802112579345703e-01,9.999980330467224121e-01,-9.999985098838806152e-01,9.999980926513671875e-01,9.999925494194030762e-01,-9.999991059303283691e-01,9.999988675117492676e-01,-9.999932646751403809e-01,9.999971389770507812e-01,-9.999988675117492676e-01,9.999696612358093262e-01,9.999467134475708008e-01,-9.999987483024597168e-01,-9.999975562095642090e-01,9.999673962593078613e-01,9.999983310699462891e-01,9.999944567680358887e-01,-9.999986886978149414e-01,9.999984502792358398e-01,-9.999986290931701660e-01,9.999983906745910645e-01,9.999813437461853027e-01,-9.999991059303283691e-01,9.999982714653015137e-01,-9.999990463256835938e-01,9.999986290931701660e-01,9.999951124191284180e-01,9.999983310699462891e-01,9.999989271163940430e-01,-9.999963045120239258e-01,-9.999986290931701660e-01,9.999977946281433105e-01,9.999855756759643555e-01,9.999959468841552734e-01,-9.999910593032836914e-01,9.999969601631164551e-01
-9.999988675117492676e-01,9.999991655349731445e-01,9.999939203262329102e-01,-9.999988675117492676e-01,-9.999992251396179199e-01,9.999991655349731445e-01,-9.999973177909851074e-01,-9.999994039535522461e-01,9.999983310699462891e-01,-9.999985098838806152e-01,9.999991655349731445e-01,9.999994039535522461e-01,-9.999988079071044922e-01,-9.999989867210388184e-01,-9.999904036521911621e-01,-9.999980330467224121e-01,-9.999983906745910645e-01,9.999991655349731445e-01,-9.999957084655761719e-01,9.999994039535522461e-01,9.999993443489074707e-01,-9.999936819076538086e-01,-9.999990463256835938e-01,-9.999989271163940430e-01,-9.999929666519165039e-01,-9.999994039535522461e-01,9.999989867210388184e-01,9.999993443489074707e-01,-9.999899864196777344e-01,9.999970197677612305e-01,9.999955892562866211e-01,9.999990463256835938e-01,-9.999944567680358887e-01,-9.999980330467224121e-01,9.999982714653015137e-01,9.999744892120361328e-01,-9.999994039535522461e-01,-9.999991655349731445e-01,-9.999952912330627441e-01,9.999992251396179199e-01,-9.999991655349731445e-01,9.999974370002746582e-01,-9.999843239784240723e-01,-9.999992847442626953e-01,-9.999988675117492676e-01,-9.999988675117492676e-01,9.999926686286926270e-01,-9.999989271163940430e-01,-9.999992847442626953e-01,9.999991059303283691e-01,9.999992251396179199e-01,9.999986290931701660e-01,9.999992847442626953e-01,9.999948740005493164e-01,9.999983906745910645e-01,9.999988079071044922e-01,9.999976158142089844e-01,-9.999344944953918457e-01,-9.999983906745910645e-01,-9.999989271163940430e-01,9.999988079071044922e-01,-9.999992847442626953e-01,-9.999989271163940430e-01,-9.999967813491821289e-01,9.999970793724060059e-01,9.999992847442626953e-01,9.999994039535522461e-01,9.999971389770507812e-01,9.999992847442626953e-01,-9.999992251396179199e-01,9.999992251396179199e-01,-9.999987483024597168e-01,-9.999969005584716797e-01,9.999954104423522949e-01,9.999735951423645020e-01,9.999988675117492676e-01,-9.999954104423522949e-01,-9.999992251396179199e-01,9.999959468841552734e-01,9.999977946281433105e-01,9.997744560241699219e-01,-9.999984502792358398e-01,9.999992847442626953e-01,-9.999980926513671875e-01,9.999988675117492676e-01,9.999921321868896484e-01,-9.999923706054687500e-01,-9.999993443489074707e-01,-9.999797344207763672e-01,-9.999949336051940918e-01,9.999983906745910645e-01,-9.999989271163940430e-01,9.999862313270568848e-01,9.999986290931701660e-01,-9.999989271163940430e-01,9.999986886978149414e-01,9.999948740005493164e-01,-9.999993443489074707e-01,9.999991655349731445e-01,-9.999952316284179688e-01,9.999980330467224121e-01,-9.999992251396179199e-01,9.999787807464599609e-01,9.999628067016601562e-01,-9.999991655349731445e-01,-9.999982714653015137e-01,9.999772906303405762e-01,9.999986886978149414e-01,9.999960660934448242e-01,-9.999991059303283691e-01,9.999988675117492676e-01,-9.999990463256835938e-01,9.999988079071044922e-01,9.999870657920837402e-01,-9.999994039535522461e-01,9.999987483024597168e-01,-9.999993443489074707e-01,9.999991059303283691e-01,9.999964833259582520e-01,9.999987483024597168e-01,9.999992847442626953e-01,-9.999974370002746582e-01,-9.999991059303283691e-01,9.999984502792358398e-01,9.999899864196777344e-01,9.999971389770507812e-01,-9.999937415122985840e-01,9.999977946281433105e-01
9.999845623970031738e-01,-9.999873638153076172e-01,-9.999141693115234375e-01,9.999837279319763184e-01,9.999900460243225098e-01,-9.999885559082031250e-01,9.999624490737915039e-01,9.999909996986389160e-01,-9.999764561653137207e-01,9.999794363975524902e-01,-9.999871253967285156e-01,-9.999899864196777344e-01,9.999828338623046875e-01,9.999856352806091309e-01,9.998639822006225586e-01,9.999738931655883789e-01,9.999772310256958008e-01,-9.999874234199523926e-01,9.999389052391052246e-01,-9.999914169311523438e-01,-9.999904036521911621e-01,9.999080896377563477e-01,9.999859333038330078e-01,9.999854564666748047e-01,9.998993873596191406e-01,9.999908804893493652e-01,-9.999855756759643555e-01,-9.999899864196777344e-01,9.998564720153808594e-01,-9.999592304229736328e-01,-9.999378919601440430e-01,-9.999860525131225586e-01,9.999207258224487305e-01,9.999722242355346680e-01,-9.999753236770629883e-01,-9.996356964111328125e-01,9.999908208847045898e-01,9.999873042106628418e-01,9.999330043792724609e-01,-9.999896883964538574e-01,9.999874234199523926e-01,-9.999641180038452148e-01,9.997755289077758789e-01,9.999892115592956543e-01,9.999840855598449707e-01,9.999840855598449707e-01,-9.998967051506042480e-01,9.999849796295166016e-01,9.999890327453613281e-01,-9.999868273735046387e-01,-9.999885559082031250e-01,-9.999818205833435059e-01,-9.999893307685852051e-01,-9.999269843101501465e-01,-9.999786019325256348e-01,-9.999831318855285645e-01,-9.999676346778869629e-01,9.990641474723815918e-01,9.999782443046569824e-01,9.999854564666748047e-01,-9.999836087226867676e-01,9.999904036521911621e-01,9.999846816062927246e-01,9.999555945396423340e-01,-9.999595880508422852e-01,-9.999892115592956543e-01,-9.999910593032836914e-01,-9.999592304229736328e-01,-9.999896287918090820e-01,9.999883174896240234e-01,-9.999884963035583496e-01,9.999821186065673828e-01,9.999564290046691895e-01,-9.999345541000366211e-01,-9.996218681335449219e-01,-9.999842643737792969e-01,9.999351501464843750e-01,9.999884366989135742e-01,-9.999423027038574219e-01,-9.999689459800720215e-01,-9.967846274375915527e-01,9.999784827232360840e-01,-9.999893903732299805e-01,9.999746084213256836e-01,-9.999842047691345215e-01,-9.998887777328491211e-01,9.998907446861267090e-01,9.999899864196777344e-01,9.997094273567199707e-01,9.999274015426635742e-01,-9.999774694442749023e-01,9.999850392341613770e-01,-9.998025298118591309e-01,-9.999809861183166504e-01,9.999853372573852539e-01,-9.999814629554748535e-01,-9.999257922172546387e-01,9.999905824661254883e-01,-9.999889731407165527e-01,9.999327063560485840e-01,-9.999719262123107910e-01,9.999886751174926758e-01,-9.996964931488037109e-01,-9.994689226150512695e-01,9.999871850013732910e-01,9.999755620956420898e-01,-9.996757507324218750e-01,-9.999828934669494629e-01,-9.999448657035827637e-01,9.999863505363464355e-01,-9.999839067459106445e-01,9.999859929084777832e-01,-9.999840259552001953e-01,-9.998135566711425781e-01,9.999909996986389160e-01,-9.999828338623046875e-01,9.999900460243225098e-01,-9.999865889549255371e-01,-9.999505877494812012e-01,-9.999826550483703613e-01,-9.999892711639404297e-01,9.999637007713317871e-01,9.999863505363464355e-01,-9.999785423278808594e-01,-9.998562335968017578e-01,-9.999595284461975098e-01,9.999101161956787109e-01,-9.999700784683227539e-01
-9.999955296516418457e-01,9.999962449073791504e-01,9.999756217002868652e-01,-9.999953508377075195e-01,-9.999971389770507812e-01,9.999966621398925781e-01,-9.999893307685852051e-01,-9.999973773956298828e-01,9.999933242797851562e-01,-9.999941587448120117e-01,9.999963045120239258e-01,9.999970793724060059e-01,-9.999951124191284180e-01,-9.999959468841552734e-01,-9.999613165855407715e-01,-9.999926090240478516e-01,-9.999935626983642578e-01,9.999963641166687012e-01,-9.999827146530151367e-01,9.999974370002746582e-01,9.999971389770507812e-01,-9.999739527702331543e-01,-9.999958276748657227e-01,-9.999958276748657227e-01,-9.999715089797973633e-01,-9.999972581863403320e-01,9.999958872795104980e-01,9.999970197677612305e-01,-9.999592304229736328e-01,9.999883770942687988e-01,9.999823570251464844e-01,9.999960064888000488e-01,-9.999774694442749023e-01,-9.999920129776000977e-01,9.999930262565612793e-01,9.998964667320251465e-01,-9.999973773956298828e-01,-9.999963641166687012e-01,-9.999809861183166504e-01,9.999969601631164551e-01,-9.999963641166687012e-01,9.999898672103881836e-01,-9.999362826347351074e-01,-9.999969005584716797e-01,-9.999954700469970703e-01,-9.999954700469970703e-01,9.999706149101257324e-01,-9.999957084655761719e-01,-9.999967217445373535e-01,9.999961853027343750e-01,9.999966621398925781e-01,9.999947547912597656e-01,9.999969005584716797e-01,9.999793171882629395e-01,9.999939203262329102e-01,9.999951720237731934e-01,9.999907612800598145e-01,-9.997342228889465332e-01,-9.999938011169433594e-01,-9.999957680702209473e-01,9.999953508377075195e-01,-9.999971389770507812e-01,-9.999956488609313965e-01,-9.999873042106628418e-01,9.999884963035583496e-01,9.999969005584716797e-01,9.999974370002746582e-01,9.999884366989135742e-01,9.999970197677612305e-01,-9.999966025352478027e-01,9.999966621398925781e-01,-9.999949336051940918e-01,-9.999877214431762695e-01,9.999814629554748535e-01,9.998926520347595215e-01,9.999955296516418457e-01,-9.999816417694091797e-01,-9.999966025352478027e-01,9.999836683273315430e-01,9.999911785125732422e-01,9.990853667259216309e-01,-9.999938607215881348e-01,9.999969005584716797e-01,-9.999926686286926270e-01,9.999954104423522949e-01,9.999684691429138184e-01,-9.999690651893615723e-01,-9.999970197677612305e-01,-9.999175071716308594e-01,-9.999794363975524902e-01,9.999935626983642578e-01,-9.999957084655761719e-01,9.999438524246215820e-01,9.999945759773254395e-01,-9.999957680702209473e-01,9.999946951866149902e-01,9.999789595603942871e-01,-9.999971985816955566e-01,9.999967217445373535e-01,-9.999808669090270996e-01,9.999920129776000977e-01,-9.999966621398925781e-01,9.999137520790100098e-01,9.998492598533630371e-01,-9.999963045120239258e-01,-9.999930858612060547e-01,9.999078512191772461e-01,9.999951720237731934e-01,9.999843835830688477e-01,-9.999960660934448242e-01,9.999954104423522949e-01,-9.999958276748657227e-01,9.999954104423522949e-01,9.999470114707946777e-01,-9.999973177909851074e-01,9.999950528144836426e-01,-9.999970197677612305e-01,9.999960660934448242e-01,9.999859929084777832e-01,9.999950528144836426e-01,9.999968409538269043e-01,-9.999896287918090820e-01,-9.999960660934448242e-01,9.999938607215881348e-01,9.999591112136840820e-01,9.999884366989135742e-01,-9.999745488166809082e-01,9.999914765357971191e-01
-9.999932050704956055e-01,9.999944567680358887e-01,9.999629259109497070e-01,-9.999928474426269531e-01,-9.999956488609313965e-01,9.999950528144836426e-01,-9.999837875366210938e-01,-9.999960064888000488e-01,9.999899268150329590e-01,-9.999911189079284668e-01,9.999943375587463379e-01,9.999956488609313965e-01,-9.999926090240478516e-01,-9.999938011169433594e-01,-9.999411702156066895e-01,-9.999887347221374512e-01,-9.999901056289672852e-01,9.999945759773254395e-01,-9.999737143516540527e-01,9.999962449073791504e-01,9.999958276748657227e-01,-9.999603033065795898e-01,-9.999938607215881348e-01,-9.999938011169433594e-01,-9.999566078186035156e-01,-9.999959468841552734e-01,9.999938011169433594e-01,9.999955892562866211e-01,-9.999378919601440430e-01,9.999823570251464844e-01,9.999732971191406250e-01,9.999939799308776855e-01,-9.999657273292541504e-01,-9.999879002571105957e-01,9.999892711639404297e-01,9.998428225517272949e-01,-9.999960064888000488e-01,-9.999944567680358887e-01,-9.999711513519287109e-01,9.999955296516418457e-01,-9.999945163726806641e-01,9.999844431877136230e-01,-9.999030828475952148e-01,-9.999953508377075195e-01,-9.999932050704956055e-01,-9.999930858612060547e-01,9.999553561210632324e-01,-9.999934434890747070e-01,-9.999951720237731934e-01,9.999942183494567871e-01,9.999950528144836426e-01,9.999920725822448730e-01,9.999954104423522949e-01,9.999685287475585938e-01,9.999907016754150391e-01,9.999926686286926270e-01,9.999860525131225586e-01,-9.995961189270019531e-01,-9.999906420707702637e-01,-9.999936819076538086e-01,9.999929070472717285e-01,-9.999957680702209473e-01,-9.999933838844299316e-01,-9.999808073043823242e-01,9.999825358390808105e-01,9.999952912330627441e-01,9.999959468841552734e-01,9.999824166297912598e-01,9.999954700469970703e-01,-9.999949336051940918e-01,9.999949932098388672e-01,-9.999923110008239746e-01,-9.999812245368957520e-01,9.999718070030212402e-01,9.998368024826049805e-01,9.999932050704956055e-01,-9.999719858169555664e-01,-9.999949336051940918e-01,9.999751448631286621e-01,9.999865293502807617e-01,9.986104965209960938e-01,-9.999907016754150391e-01,9.999954104423522949e-01,-9.999890327453613281e-01,9.999931454658508301e-01,9.999520182609558105e-01,-9.999527931213378906e-01,-9.999956488609313965e-01,-9.998744726181030273e-01,-9.999687671661376953e-01,9.999902248382568359e-01,-9.999935626983642578e-01,9.999147057533264160e-01,9.999917149543762207e-01,-9.999936819076538086e-01,9.999919533729553223e-01,9.999679327011108398e-01,-9.999959468841552734e-01,9.999951720237731934e-01,-9.999710321426391602e-01,9.999879002571105957e-01,-9.999950528144836426e-01,9.998690485954284668e-01,9.997708797454833984e-01,-9.999944567680358887e-01,-9.999893903732299805e-01,9.998601078987121582e-01,9.999926090240478516e-01,9.999761581420898438e-01,-9.999940991401672363e-01,9.999930262565612793e-01,-9.999938607215881348e-01,9.999930858612060547e-01,9.999195337295532227e-01,-9.999960660934448242e-01,9.999924302101135254e-01,-9.999956488609313965e-01,9.999941587448120117e-01,9.999786019325256348e-01,9.999924302101135254e-01,9.999953508377075195e-01,-9.999843835830688477e-01,-9.999940395355224609e-01,9.999906420707702637e-01,9.999379515647888184e-01,9.999825954437255859e-01,-9.999611973762512207e-01,9.999871253967285156e-01
-9.999983906745910645e-01,9.999987483024597168e-01,9.999915957450866699e-01,-9.999983906745910645e-01,-9.999990463256835938e-01,9.999988675117492676e-01,-9.999964237213134766e-01,-9.999991655349731445e-01,9.999977350234985352e-01,-9.999980330467224121e-01,9.999987483024597168e-01,9.999991655349731445e-01,-9.999983310699462891e-01,-9.999985694885253906e-01,-9.999867677688598633e-01,-9.999974370002746582e-01,-9.999977350234985352e-01,9.999987483024597168e-01,-9.999941587448120117e-01,9.999992251396179199e-01,9.999991059303283691e-01,-9.999910593032836914e-01,-9.999986290931701660e-01,-9.999985694885253906e-01,-9.999902844429016113e-01,-9.999990463256835938e-01,9.999985694885253906e-01,9.999990463256835938e-01,-9.999860525131225586e-01,9.999960064888000488e-01,9.999939799308776855e-01,9.999986290931701660e-01,-9.999923110008239746e-01,-9.999972581863403320e-01,9.999975562095642090e-01,9.999645352363586426e-01,-9.999991655349731445e-01,-9.999987483024597168e-01,-9.999935030937194824e-01,9.999990463256835938e-01,-9.999987483024597168e-01,9.999964833259582520e-01,-9.999781847000122070e-01,-9.999989271163940430e-01,-9.999984502792358398e-01,-9.999984502792358398e-01,9.999899268150329590e-01,-9.999985098838806152e-01,-9.999989271163940430e-01,9.999986886978149414e-01,9.999989271163940430e-01,9.999980926513671875e-01,9.999988675117492676e-01,9.999930262565612793e-01,9.999979138374328613e-01,9.999984502792358398e-01,9.999967217445373535e-01,-9.999088644981384277e-01,-9.999977946281433105e-01,-9.999985694885253906e-01,9.999983906745910645e-01,-9.999991059303283691e-01,-9.999983906745910645e-01,-9.999957084655761719e-01,9.999958872795104980e-01,9.999989271163940430e-01,9.999991655349731445e-01,9.999960064888000488e-01,9.999989271163940430e-01,-9.999988675117492676e-01,9.999989271163940430e-01,-9.999982118606567383e-01,-9.999958276748657227e-01,9.999936223030090332e-01,9.999631643295288086e-01,9.999984502792358398e-01,-9.999936819076538086e-01,-9.999988079071044922e-01,9.999943971633911133e-01,9.999970197677612305e-01,9.996863603591918945e-01,-9.999978542327880859e-01,9.999989867210388184e-01,-9.999974966049194336e-01,9.999984502792358398e-01,9.999892115592956543e-01,-9.999893307685852051e-01,-9.999989271163940430e-01,-9.999717473983764648e-01,-9.999929666519165039e-01,9.999978542327880859e-01,-9.999985098838806152e-01,9.999808073043823242e-01,9.999980926513671875e-01,-9.999985694885253906e-01,9.999982714653015137e-01,9.999929070472717285e-01,-9.999991059303283691e-01,9.999988675117492676e-01,-9.999933838844299316e-01,9.999971985816955566e-01,-9.999988079071044922e-01,9.999704957008361816e-01,9.999483823776245117e-01,-9.999987483024597168e-01,-9.999976158142089844e-01,9.999685287475585938e-01,9.999983310699462891e-01,9.999945759773254395e-01,-9.999987483024597168e-01,9.999983906745910645e-01,-9.999986290931701660e-01,9.999983310699462891e-01,9.999819397926330566e-01,-9.999991655349731445e-01,9.999983906745910645e-01,-9.999990463256835938e-01,9.999986290931701660e-01,9.999951720237731934e-01,9.999982714653015137e-01,9.999989271163940430e-01,-9.999964237213134766e-01,-9.999986290931701660e-01,9.999979138374328613e-01,9.999860525131225586e-01,9.999958872795104980e-01,-9.999912977218627930e-01,9.999970197677612305e-01
9.999914169311523438e-01,-9.999930262565612793e-01,-9.999526143074035645e-01,9.999909996986389160e-01,9.999943971633911133e-01,-9.999936223030090332e-01,9.999792575836181641e-01,9.999949932098388672e-01,-9.999870061874389648e-01,9.999887347221374512e-01,-9.999929070472717285e-01,-9.999945163726806641e-01,9.999905228614807129e-01,9.999920725822448730e-01,9.999248981475830078e-01,9.999855756759643555e-01,9.999874234199523926e-01,-9.999930262565612793e-01,9.999662637710571289e-01,-9.999952316284179688e-01,-9.999946951866149902e-01,9.999492168426513672e-01,9.999922513961791992e-01,9.999918937683105469e-01,9.999444484710693359e-01,9.999949336051940918e-01,-9.999920725822448730e-01,-9.999944567680358887e-01,9.999207258224487305e-01,-9.999774694442749023e-01,-9.999657273292541504e-01,-9.999923110008239746e-01,9.999561905860900879e-01,9.999846816062927246e-01,-9.999864101409912109e-01,-9.997988939285278320e-01,9.999949336051940918e-01,9.999929666519165039e-01,9.999629855155944824e-01,-9.999943375587463379e-01,9.999930262565612793e-01,-9.999802708625793457e-01,9.998761415481567383e-01,9.999940395355224609e-01,9.999911785125732422e-01,9.999911785125732422e-01,-9.999430179595947266e-01,9.999916553497314453e-01,9.999939203262329102e-01,-9.999927282333374023e-01,-9.999936223030090332e-01,-9.999899268150329590e-01,-9.999940991401672363e-01,-9.999597072601318359e-01,-9.999881982803344727e-01,-9.999906420707702637e-01,-9.999820590019226074e-01,9.994833469390869141e-01,9.999879002571105957e-01,9.999918937683105469e-01,-9.999909400939941406e-01,9.999946951866149902e-01,9.999915361404418945e-01,9.999754428863525391e-01,-9.999777078628540039e-01,-9.999940395355224609e-01,-9.999950528144836426e-01,-9.999775290489196777e-01,-9.999942183494567871e-01,9.999935030937194824e-01,-9.999936223030090332e-01,9.999901652336120605e-01,9.999760389328002930e-01,-9.999638199806213379e-01,-9.997913837432861328e-01,-9.999912977218627930e-01,9.999642372131347656e-01,9.999936223030090332e-01,-9.999682307243347168e-01,-9.999828338623046875e-01,-9.982230663299560547e-01,9.999881386756896973e-01,-9.999940991401672363e-01,9.999859929084777832e-01,-9.999912381172180176e-01,-9.999384880065917969e-01,9.999397397041320801e-01,9.999944567680358887e-01,9.998396635055541992e-01,9.999598860740661621e-01,-9.999874830245971680e-01,9.999917149543762207e-01,-9.998909831047058105e-01,-9.999894499778747559e-01,9.999918937683105469e-01,-9.999897480010986328e-01,-9.999589920043945312e-01,9.999948143959045410e-01,-9.999938607215881348e-01,9.999628067016601562e-01,-9.999845027923583984e-01,9.999937415122985840e-01,-9.998325109481811523e-01,-9.997068047523498535e-01,9.999929070472717285e-01,9.999864101409912109e-01,-9.998210072517395020e-01,-9.999904632568359375e-01,-9.999695420265197754e-01,9.999924898147583008e-01,-9.999910593032836914e-01,9.999922513961791992e-01,-9.999911189079284668e-01,-9.998971223831176758e-01,9.999949932098388672e-01,-9.999904632568359375e-01,9.999944567680358887e-01,-9.999926686286926270e-01,-9.999727010726928711e-01,-9.999904036521911621e-01,-9.999940395355224609e-01,9.999799132347106934e-01,9.999923706054687500e-01,-9.999881982803344727e-01,-9.999206662178039551e-01,-9.999776482582092285e-01,9.999504089355468750e-01,-9.999834299087524414e-01
9.999968409538269043e-01,-9.999974370002746582e-01,-9.999833703041076660e-01,9.999967813491821289e-01,9.999980330467224121e-01,-9.999976754188537598e-01,9.999927282333374023e-01,9.999983310699462891e-01,-9.999954104423522949e-01,9.999959468841552734e-01,-9.999974370002746582e-01,-9.999980330467224121e-01,9.999966025352478027e-01,9.999971985816955566e-01,9.999735951423645020e-01,9.999948740005493164e-01,9.999955892562866211e-01,-9.999976158142089844e-01,9.999881982803344727e-01,-9.999983310699462891e-01,-9.999980926513671875e-01,9.999821782112121582e-01,9.999972581863403320e-01,9.999971389770507812e-01,9.999805092811584473e-01,9.999982118606567383e-01,-9.999972581863403320e-01,-9.999980330467224121e-01,9.999722242355346680e-01,-9.999920129776000977e-01,-9.999879002571105957e-01,-9.999972581863403320e-01,9.999846816062927246e-01,9.999945163726806641e-01,-9.999952316284179688e-01,-9.999292492866516113e-01,9.999982118606567383e-01,9.999974966049194336e-01,9.999870061874389648e-01,-9.999979734420776367e-01,9.999974966049194336e-01,-9.999930858612060547e-01,9.999564886093139648e-01,9.999978542327880859e-01,9.999968409538269043e-01,9.999968409538269043e-01,-9.999800324440002441e-01,9.999970197677612305e-01,9.999978542327880859e-01,-9.999974370002746582e-01,-9.999977350234985352e-01,-9.999963045120239258e-01,-9.999978542327880859e-01,-9.999858736991882324e-01,-9.999957680702209473e-01,-9.999966621398925781e-01,-9.999936223030090332e-01,9.998185634613037109e-01,9.999957084655761719e-01,9.999971389770507812e-01,-9.999967813491821289e-01,9.999980926513671875e-01,9.999969601631164551e-01,9.999913573265075684e-01,-9.999921917915344238e-01,-9.999978542327880859e-01,-9.999982118606567383e-01,-9.999921321868896484e-01,-9.999979138374328613e-01,9.999976754188537598e-01,-9.999977350234985352e-01,9.999964833259582520e-01,9.999915957450866699e-01,-9.999872446060180664e-01,-9.999266266822814941e-01,-9.999969005584716797e-01,9.999874830245971680e-01,9.999977350234985352e-01,-9.999888539314270020e-01,-9.999939799308776855e-01,-9.993752837181091309e-01,9.999958872795104980e-01,-9.999979138374328613e-01,9.999950528144836426e-01,-9.999968409538269043e-01,-9.999784827232360840e-01,9.999787807464599609e-01,9.999979138374328613e-01,9.999436736106872559e-01,9.999859333038330078e-01,-9.999955892562866211e-01,9.999970793724060059e-01,-9.999616146087646484e-01,-9.999961256980895996e-01,9.999971389770507812e-01,-9.999963641166687012e-01,-9.999856352806091309e-01,9.999981522560119629e-01,-9.999977946281433105e-01,9.999868869781494141e-01,-9.999944567680358887e-01,9.999977946281433105e-01,-9.999410510063171387e-01,-9.998970031738281250e-01,9.999974966049194336e-01,9.999951720237731934e-01,-9.999371170997619629e-01,-9.999965429306030273e-01,-9.999892711639404297e-01,9.999973773956298828e-01,-9.999968409538269043e-01,9.999972581863403320e-01,-9.999967813491821289e-01,-9.999638199806213379e-01,9.999982118606567383e-01,-9.999966025352478027e-01,9.999980330467224121e-01,-9.999973177909851074e-01,-9.999904036521911621e-01,-9.999966025352478027e-01,-9.999979138374328613e-01,9.999929666519165039e-01,9.999973177909851074e-01,-9.999958276748657227e-01,-9.999721646308898926e-01,-9.999921917915344238e-01,9.999825954437255859e-01,-9.999940991401672363e-01
-9.999971985816955566e-01,9.999977350234985352e-01,9.999851584434509277e-01,-9.999971389770507812e-01,-9.999981522560119629e-01,9.999980330467224121e-01,-9.999935626983642578e-01,-9.999983906745910645e-01,9.999959468841552734e-01,-9.999964237213134766e-01,9.999976754188537598e-01,9.999982118606567383e-01,-9.999970197677612305e-01,-9.999974966049194336e-01,-9.999765157699584961e-01,-9.999954700469970703e-01,-9.999960064888000488e-01,9.999977946281433105e-01,-9.999895095825195312e-01,9.999985098838806152e-01,9.999983310699462891e-01,-9.999840855598449707e-01,-9.999975562095642090e-01,-9.999974370002746582e-01,-9.999827146530151367e-01,-9.999983906745910645e-01,9.999974966049194336e-01,9.999982714653015137e-01,-9.999753236770629883e-01,9.999930262565612793e-01,9.999892711639404297e-01,9.999975562095642090e-01,-9.999864101409912109e-01,-9.999952316284179688e-01,9.999957680702209473e-01,9.999371767044067383e-01,-9.999983906745910645e-01,-9.999977946281433105e-01,-9.999884963035583496e-01,9.999982118606567383e-01,-9.999977946281433105e-01,9.999938607215881348e-01,-9.999613761901855469e-01,-9.999980926513671875e-01,-9.999971985816955566e-01,-9.999971985816955566e-01,9.999821782112121582e-01,-9.999973773956298828e-01,-9.999980926513671875e-01,9.999976158142089844e-01,9.999979734420776367e-01,9.999967217445373535e-01,9.999981522560119629e-01,9.999875426292419434e-01,9.999962449073791504e-01,9.999970197677612305e-01,9.999943375587463379e-01,-9.998388886451721191e-01,-9.999960660934448242e-01,-9.999974370002746582e-01,9.999971389770507812e-01,-9.999983310699462891e-01,-9.999973177909851074e-01,-9.999923706054687500e-01,9.999929666519165039e-01,9.999980926513671875e-01,9.999984502792358398e-01,9.999929666519165039e-01,9.999982118606567383e-01,-9.999979734420776367e-01,9.999979734420776367e-01,-9.999969005584716797e-01,-9.999926090240478516e-01,9.999886751174926758e-01,9.999348521232604980e-01,9.999972581863403320e-01,-9.999888539314270020e-01,-9.999978542327880859e-01,9.999899864196777344e-01,9.999946355819702148e-01,9.994451999664306641e-01,-9.999962449073791504e-01,9.999981522560119629e-01,-9.999956488609313965e-01,9.999971985816955566e-01,9.999808073043823242e-01,-9.999811649322509766e-01,-9.999982714653015137e-01,-9.999499917030334473e-01,-9.999875426292419434e-01,9.999960660934448242e-01,-9.999973773956298828e-01,9.999660253524780273e-01,9.999966621398925781e-01,-9.999974370002746582e-01,9.999967217445373535e-01,9.999872446060180664e-01,-9.999983310699462891e-01,9.999980926513671875e-01,-9.999883770942687988e-01,9.999951720237731934e-01,-9.999979138374328613e-01,9.999477267265319824e-01,9.999085664749145508e-01,-9.999977350234985352e-01,-9.999957084655761719e-01,9.999442100524902344e-01,9.999970197677612305e-01,9.999904632568359375e-01,-9.999976158142089844e-01,9.999971985816955566e-01,-9.999975562095642090e-01,9.999971389770507812e-01,9.999678730964660645e-01,-9.999983906745910645e-01,9.999969601631164551e-01,-9.999982714653015137e-01,9.999976158142089844e-01,9.999914169311523438e-01,9.999969601631164551e-01,9.999981522560119629e-01,-9.999937415122985840e-01,-9.999976158142089844e-01,9.999962449073791504e-01,9.999753236770629883e-01,9.999930262565612793e-01,-9.999845623970031738e-01,9.999948740005493164e-01
-9.999606013298034668e-01,9.999677538871765137e-01,9.997825026512145996e-01,-9.999585151672363281e-01,-9.999746084213256836e-01,9.999710917472839355e-01,-9.999045729637145996e-01,-9.999769926071166992e-01,9.999400973320007324e-01,-9.999476671218872070e-01,9.999670982360839844e-01,9.999743103981018066e-01,-9.999562501907348633e-01,-9.999634027481079102e-01,-9.996548891067504883e-01,-9.999336600303649902e-01,-9.999421834945678711e-01,9.999680519104003906e-01,-9.998450279235839844e-01,9.999781847000122070e-01,9.999755024909973145e-01,-9.997667670249938965e-01,-9.999641776084899902e-01,-9.999632835388183594e-01,-9.997448921203613281e-01,-9.999765753746032715e-01,9.999634027481079102e-01,9.999744892120361328e-01,-9.996356964111328125e-01,9.998964667320251465e-01,9.998428225517272949e-01,9.999645352363586426e-01,-9.997988939285278320e-01,-9.999292492866516113e-01,9.999371767044067383e-01,9.990763664245605469e-01,-9.999765753746032715e-01,-9.999676346778869629e-01,-9.998298883438110352e-01,9.999738335609436035e-01,-9.999677538871765137e-01,9.999089241027832031e-01,-9.994305968284606934e-01,-9.999725818634033203e-01,-9.999592900276184082e-01,-9.999593496322631836e-01,9.997380375862121582e-01,-9.999614953994750977e-01,-9.999721646308898926e-01,9.999663829803466797e-01,9.999706745147705078e-01,9.999537467956542969e-01,9.999728798866271973e-01,9.998145699501037598e-01,9.999455213546752930e-01,9.999569058418273926e-01,9.999176859855651855e-01,-9.976293444633483887e-01,-9.999446272850036621e-01,-9.999626874923706055e-01,9.999583363533020020e-01,-9.999755620956420898e-01,-9.999609589576721191e-01,-9.998872876167297363e-01,9.998975396156311035e-01,9.999725818634033203e-01,9.999771118164062500e-01,9.998964667320251465e-01,9.999735951423645020e-01,-9.999701380729675293e-01,9.999706149101257324e-01,-9.999545216560363770e-01,-9.998893141746520996e-01,9.998340010643005371e-01,9.990413188934326172e-01,9.999599456787109375e-01,-9.998355507850646973e-01,-9.999707341194152832e-01,9.998536109924316406e-01,9.999207258224487305e-01,9.918839931488037109e-01,-9.999451637268066406e-01,9.999728202819824219e-01,-9.999354481697082520e-01,9.999594688415527344e-01,9.997179508209228516e-01,-9.997229576110839844e-01,-9.999745488166809082e-01,-9.992631077766418457e-01,-9.998158812522888184e-01,9.999424815177917480e-01,-9.999619722366333008e-01,9.994992017745971680e-01,9.999514222145080566e-01,-9.999627470970153809e-01,9.999526143074035645e-01,9.998115897178649902e-01,-9.999760389328002930e-01,9.999721050262451172e-01,-9.998293519020080566e-01,9.999286532402038574e-01,-9.999712109565734863e-01,9.992303252220153809e-01,9.986537098884582520e-01,-9.999673366546630859e-01,-9.999377727508544922e-01,9.991778731346130371e-01,9.999564290046691895e-01,9.998601675033569336e-01,-9.999653100967407227e-01,9.999590516090393066e-01,-9.999642968177795410e-01,9.999592900276184082e-01,9.995267987251281738e-01,-9.999769926071166992e-01,9.999561905860900879e-01,-9.999744892120361328e-01,9.999661445617675781e-01,9.998742938041687012e-01,9.999558925628662109e-01,9.999726414680480957e-01,-9.999078512191772461e-01,-9.999651908874511719e-01,9.999451637268066406e-01,9.996352791786193848e-01,9.998974204063415527e-01,-9.997719526290893555e-01,9.999239444732666016e-01
9.999990463256835938e-01,-9.999991059303283691e-01,-9.999945163726806641e-01,9.999989271163940430e-01,9.999994039535522461e-01,-9.999992847442626953e-01,9.999975562095642090e-01,9.999995231628417969e-01,-9.999985694885253906e-01,9.999987483024597168e-01,-9.999992251396179199e-01,-9.999994635581970215e-01,9.999988675117492676e-01,9.999991059303283691e-01,9.999912977218627930e-01,9.999983310699462891e-01,9.999985098838806152e-01,-9.999992251396179199e-01,9.999960064888000488e-01,-9.999994635581970215e-01,-9.999994039535522461e-01,9.999940991401672363e-01,9.999991655349731445e-01,9.999991059303283691e-01,9.999936819076538086e-01,9.999994635581970215e-01,-9.999991059303283691e-01,-9.999994039535522461e-01,9.999908208847045898e-01,-9.999973773956298828e-01,-9.999960064888000488e-01,-9.999991655349731445e-01,9.999949336051940918e-01,9.999982118606567383e-01,-9.999983906745910645e-01,-9.999765753746032715e-01,9.999995231628417969e-01,9.999992251396179199e-01,9.999957680702209473e-01,-9.999992847442626953e-01,9.999992251396179199e-01,-9.999976754188537598e-01,9.999856352806091309e-01,9.999993443489074707e-01,9.999990463256835938e-01,9.999989867210388184e-01,-9.999933838844299316e-01,9.999990463256835938e-01,9.999993443489074707e-01,-9.999991655349731445e-01,-9.999994039535522461e-01,-9.999988079071044922e-01,-9.999993443489074707e-01,-9.999954104423522949e-01,-9.999986290931701660e-01,-9.999988675117492676e-01,-9.999979138374328613e-01,9.999400973320007324e-01,9.999985694885253906e-01,9.999991059303283691e-01,-9.999989867210388184e-01,9.999994039535522461e-01,9.999990463256835938e-01,9.999971389770507812e-01,-9.999973773956298828e-01,-9.999994039535522461e-01,-9.999994635581970215e-01,-9.999973773956298828e-01,-9.999993443489074707e-01,9.999993443489074707e-01,-9.999994039535522461e-01,9.999988675117492676e-01,9.999973177909851074e-01,-9.999958276748657227e-01,-9.999758005142211914e-01,-9.999989867210388184e-01,9.999958276748657227e-01,9.999992847442626953e-01,-9.999962449073791504e-01,-9.999980926513671875e-01,-9.997934103012084961e-01,9.999986886978149414e-01,-9.999993443489074707e-01,9.999983310699462891e-01,-9.999989867210388184e-01,-9.999929070472717285e-01,9.999930262565612793e-01,9.999994039535522461e-01,9.999814629554748535e-01,9.999953508377075195e-01,-9.999986290931701660e-01,9.999992251396179199e-01,-9.999873638153076172e-01,-9.999987483024597168e-01,9.999991059303283691e-01,-9.999988079071044922e-01,-9.999952912330627441e-01,9.999994039535522461e-01,-9.999992251396179199e-01,9.999956488609313965e-01,-9.999981522560119629e-01,9.999992847442626953e-01,-9.999805688858032227e-01,-9.999659657478332520e-01,9.999992251396179199e-01,9.999985098838806152e-01,-9.999791979789733887e-01,-9.999989271163940430e-01,-9.999964237213134766e-01,9.999992847442626953e-01,-9.999989867210388184e-01,9.999991655349731445e-01,-9.999989867210388184e-01,-9.999881386756896973e-01,9.999995231628417969e-01,-9.999988675117492676e-01,9.999994039535522461e-01,-9.999991655349731445e-01,-9.999969005584716797e-01,-9.999988675117492676e-01,-9.999993443489074707e-01,9.999976158142089844e-01,9.999991655349731445e-01,-9.999985694885253906e-01,-9.999908804893493652e-01,-9.999974370002746582e-01,9.999942779541015625e-01,-9.999980330467224121e-01
9.999985098838806152e-01,-9.999988675117492676e-01,-9.999923110008239746e-01,9.999985098838806152e-01,9.999991655349731445e-01,-9.999989271163940430e-01,9.999967217445373535e-01,9.999993443489074707e-01,-9.999979138374328613e-01,9.999981522560119629e-01,-9.999988675117492676e-01,-9.999991655349731445e-01,9.999984502792358398e-01,9.999988079071044922e-01,9.999879002571105957e-01,9.999976754188537598e-01,9.999979734420776367e-01,-9.999989271163940430e-01,9.999945759773254395e-01,-9.999992847442626953e-01,-9.999991655349731445e-01,9.999918937683105469e-01,9.999986886978149414e-01,9.999986290931701660e-01,9.999911785125732422e-01,9.999992251396179199e-01,-9.999986886978149414e-01,-9.999991655349731445e-01,9.999873042106628418e-01,-9.999963641166687012e-01,-9.999944567680358887e-01,-9.999987483024597168e-01,9.999929666519165039e-01,9.999974966049194336e-01,-9.999977946281433105e-01,-9.999676346778869629e-01,9.999992251396179199e-01,9.999988675117492676e-01,9.999940395355224609e-01,-9.999990463256835938e-01,9.999988675117492676e-01,-9.999967813491821289e-01,9.999801516532897949e-01,9.999991059303283691e-01,9.999985694885253906e-01,9.999985694885253906e-01,-9.999908208847045898e-01,9.999986886978149414e-01,9.999990463256835938e-01,-9.999988079071044922e-01,-9.999989867210388184e-01,-9.999982714653015137e-01,-9.999991059303283691e-01,-9.999936223030090332e-01,-9.999980926513671875e-01,-9.999984502792358398e-01,-9.999970197677612305e-01,9.999170303344726562e-01,9.999980330467224121e-01,9.999986886978149414e-01,-9.999986290931701660e-01,9.999991655349731445e-01,9.999986290931701660e-01,9.999958872795104980e-01,-9.999962449073791504e-01,-9.999992251396179199e-01,-9.999992251396179199e-01,-9.999963641166687012e-01,-9.999989867210388184e-01,9.999989867210388184e-01,-9.999989867210388184e-01,9.999983906745910645e-01,9.999961853027343750e-01,-9.999942183494567871e-01,-9.999663829803466797e-01,-9.999986886978149414e-01,9.999942779541015625e-01,9.999989867210388184e-01,-9.999948740005493164e-01,-9.999972581863403320e-01,-9.997141957283020020e-01,9.999980330467224121e-01,-9.999991059303283691e-01,9.999977946281433105e-01,-9.999985694885253906e-01,-9.999901652336120605e-01,9.999903440475463867e-01,9.999991655349731445e-01,9.999743103981018066e-01,9.999935626983642578e-01,-9.999980330467224121e-01,9.999986290931701660e-01,-9.999825358390808105e-01,-9.999982714653015137e-01,9.999986886978149414e-01,-9.999984502792358398e-01,-9.999934434890747070e-01,9.999992251396179199e-01,-9.999990463256835938e-01,9.999939799308776855e-01,-9.999974966049194336e-01,9.999989867210388184e-01,-9.999731183052062988e-01,-9.999529123306274414e-01,9.999988675117492676e-01,9.999977946281433105e-01,-9.999712109565734863e-01,-9.999984502792358398e-01,-9.999951124191284180e-01,9.999987483024597168e-01,-9.999985694885253906e-01,9.999987483024597168e-01,-9.999984502792358398e-01,-9.999835491180419922e-01,9.999992251396179199e-01,-9.999984502792358398e-01,9.999991655349731445e-01,-9.999988079071044922e-01,-9.999955892562866211e-01,-9.999984502792358398e-01,-9.999991059303283691e-01,9.999967217445373535e-01,9.999987483024597168e-01,-9.999981522560119629e-01,-9.999873042106628418e-01,-9.999963641166687012e-01,9.999920725822448730e-01,-9.999973177909851074e-01
9.999927878379821777e-01,-9.999940991401672363e-01,-9.999599456787109375e-01,9.999923706054687500e-01,9.999953508377075195e-01,-9.999946951866149902e-01,9.999825358390808105e-01,9.999958276748657227e-01,-9.999890923500061035e-01,9.999904632568359375e-01,-9.999939799308776855e-01,-9.999953508377075195e-01,9.999920725822448730e-01,9.999932646751403809e-01,9.999364614486694336e-01,9.999879002571105957e-01,9.999893903732299805e-01,-9.999940991401672363e-01,9.999715089797973633e-01,-9.999960660934448242e-01,-9.999955892562866211e-01,9.999570846557617188e-01,9.999934434890747070e-01,9.999932646751403809e-01,9.999530315399169922e-01,9.999957084655761719e-01,-9.999933838844299316e-01,-9.999952912330627441e-01,9.999330043792724609e-01,-9.999809861183166504e-01,-9.999711513519287109e-01,-9.999935030937194824e-01,9.999629855155944824e-01,9.999870061874389648e-01,-9.999884963035583496e-01,-9.998298883438110352e-01,9.999957680702209473e-01,9.999940395355224609e-01,9.999687671661376953e-01,-9.999952316284179688e-01,9.999940991401672363e-01,-9.999833106994628906e-01,9.998951554298400879e-01,9.999950528144836426e-01,9.999925494194030762e-01,9.999926686286926270e-01,-9.999517798423767090e-01,9.999930262565612793e-01,9.999949336051940918e-01,-9.999938607215881348e-01,-9.999946951866149902e-01,-9.999914765357971191e-01,-9.999950528144836426e-01,-9.999659657478332520e-01,-9.999899864196777344e-01,-9.999920725822448730e-01,-9.999849200248718262e-01,9.995629787445068359e-01,9.999898672103881836e-01,9.999931454658508301e-01,-9.999923706054687500e-01,9.999955296516418457e-01,9.999928474426269531e-01,9.999793171882629395e-01,-9.999811053276062012e-01,-9.999950528144836426e-01,-9.999958276748657227e-01,-9.999810457229614258e-01,-9.999951720237731934e-01,9.999945163726806641e-01,-9.999945759773254395e-01,9.999917149543762207e-01,9.999797344207763672e-01,-9.999694824218750000e-01,-9.998235106468200684e-01,-9.999927878379821777e-01,9.999697804450988770e-01,9.999946355819702148e-01,-9.999731183052062988e-01,-9.999854564666748047e-01,-9.984967112541198730e-01,9.999899268150329590e-01,-9.999951124191284180e-01,9.999881386756896973e-01,-9.999925494194030762e-01,-9.999480843544006348e-01,9.999490380287170410e-01,9.999953508377075195e-01,9.998644590377807617e-01,9.999661445617675781e-01,-9.999895095825195312e-01,9.999930262565612793e-01,-9.999077916145324707e-01,-9.999911785125732422e-01,9.999931454658508301e-01,-9.999913573265075684e-01,-9.999653697013854980e-01,9.999956488609313965e-01,-9.999948740005493164e-01,9.999686479568481445e-01,-9.999868869781494141e-01,9.999946951866149902e-01,-9.998583793640136719e-01,-9.997520446777343750e-01,9.999940395355224609e-01,9.999886155128479004e-01,-9.998486638069152832e-01,-9.999920129776000977e-01,-9.999741911888122559e-01,9.999936223030090332e-01,-9.999924898147583008e-01,9.999934434890747070e-01,-9.999925494194030762e-01,-9.999129772186279297e-01,9.999958276748657227e-01,-9.999919533729553223e-01,9.999952912330627441e-01,-9.999938011169433594e-01,-9.999769330024719238e-01,-9.999919533729553223e-01,-9.999950528144836426e-01,9.999830722808837891e-01,9.999936223030090332e-01,-9.999900460243225098e-01,-9.999328851699829102e-01,-9.999811649322509766e-01,9.999580383300781250e-01,-9.999860525131225586e-01
-9.999988079071044922e-01,9.999990463256835938e-01,9.999939203262329102e-01,-9.999988079071044922e-01,-9.999992251396179199e-01,9.999991059303283691e-01,-9.999971985816955566e-01,-9.999994039535522461e-01,9.999982714653015137e-01,-9.999985098838806152e-01,9.999989867210388184e-01,9.999992847442626953e-01,-9.999986886978149414e-01,-9.999989867210388184e-01,-9.999902248382568359e-01,-9.999980926513671875e-01,-9.999983310699462891e-01,9.999991655349731445e-01,-9.999956488609313965e-01,9.999994039535522461e-01,9.999993443489074707e-01,-9.999934434890747070e-01,-9.999989271163940430e-01,-9.999988079071044922e-01,-9.999928474426269531e-01,-9.999993443489074707e-01,9.999989271163940430e-01,9.999992251396179199e-01,-9.999896883964538574e-01,9.999969601631164551e-01,9.999955296516418457e-01,9.999990463256835938e-01,-9.999943375587463379e-01,-9.999979734420776367e-01,9.999982118606567383e-01,9.999738335609436035e-01,-9.999992847442626953e-01,-9.999990463256835938e-01,-9.999952316284179688e-01,9.999992251396179199e-01,-9.999990463256835938e-01,9.999974370002746582e-01,-9.999840259552001953e-01,-9.999991655349731445e-01,-9.999987483024597168e-01,-9.999988675117492676e-01,9.999925494194030762e-01,-9.999989271163940430e-01,-9.999992251396179199e-01,9.999991059303283691e-01,9.999991059303283691e-01,9.999986290931701660e-01,9.999992847442626953e-01,9.999948143959045410e-01,9.999983310699462891e-01,9.999987483024597168e-01,9.999976158142089844e-01,-9.999331235885620117e-01,-9.999983310699462891e-01,-9.999988675117492676e-01,9.999988079071044922e-01,-9.999993443489074707e-01,-9.999988079071044922e-01,-9.999967217445373535e-01,9.999970197677612305e-01,9.999992847442626953e-01,9.999992847442626953e-01,9.999970793724060059e-01,9.999992251396179199e-01,-9.999992251396179199e-01,9.999992251396179199e-01,-9.999986290931701660e-01,-9.999968409538269043e-01,9.999952912330627441e-01,9.999729394912719727e-01,9.999988675117492676e-01,-9.999952912330627441e-01,-9.999991059303283691e-01,9.999958872795104980e-01,9.999977350234985352e-01,9.997699260711669922e-01,-9.999984502792358398e-01,9.999992847442626953e-01,-9.999980330467224121e-01,9.999988079071044922e-01,9.999920725822448730e-01,-9.999921917915344238e-01,-9.999992251396179199e-01,-9.999791979789733887e-01,-9.999948143959045410e-01,9.999983310699462891e-01,-9.999989271163940430e-01,9.999859333038330078e-01,9.999986290931701660e-01,-9.999989271163940430e-01,9.999986290931701660e-01,9.999946951866149902e-01,-9.999993443489074707e-01,9.999991655349731445e-01,-9.999950528144836426e-01,9.999979138374328613e-01,-9.999992251396179199e-01,9.999783635139465332e-01,9.999620914459228516e-01,-9.999991059303283691e-01,-9.999981522560119629e-01,9.999768137931823730e-01,9.999987483024597168e-01,9.999958872795104980e-01,-9.999990463256835938e-01,9.999987483024597168e-01,-9.999989271163940430e-01,9.999987483024597168e-01,9.999867081642150879e-01,-9.999994039535522461e-01,9.999987483024597168e-01,-9.999992251396179199e-01,9.999989867210388184e-01,9.999963045120239258e-01,9.999987483024597168e-01,9.999992847442626953e-01,-9.999973773956298828e-01,-9.999989271163940430e-01,9.999984502792358398e-01,9.999897480010986328e-01,9.999970793724060059e-01,-9.999936223030090332e-01,9.999977946281433105e-01
9.999986290931701660e-01,-9.999988079071044922e-01,-9.999924302101135254e-01,9.999985098838806152e-01,9.999991655349731445e-01,-9.999989867210388184e-01,9.999966025352478027e-01,9.999993443489074707e-01,-9.999979734420776367e-01,9.999981522560119629e-01,-9.999988675117492676e-01,-9.999991655349731445e-01,9.999984502792358398e-01,9.999986886978149414e-01,9.999880194664001465e-01,9.999976754188537598e-01,9.999980330467224121e-01,-9.999989271163940430e-01,9.999946355819702148e-01,-9.999992847442626953e-01,-9.999991655349731445e-01,9.999919533729553223e-01,9.999987483024597168e-01,9.999986886978149414e-01,9.999911785125732422e-01,9.999992251396179199e-01,-9.999988079071044922e-01,-9.999991655349731445e-01,9.999874234199523926e-01,-9.999963641166687012e-01,-9.999945163726806641e-01,-9.999987483024597168e-01,9.999930262565612793e-01,9.999974966049194336e-01,-9.999977946281433105e-01,-9.999677538871765137e-01,9.999992251396179199e-01,9.999988675117492676e-01,9.999940991401672363e-01,-9.999990463256835938e-01,9.999989271163940430e-01,-9.999967813491821289e-01,9.999802708625793457e-01,9.999991059303283691e-01,9.999985694885253906e-01,9.999985694885253906e-01,-9.999908804893493652e-01,9.999986290931701660e-01,9.999990463256835938e-01,-9.999988079071044922e-01,-9.999989867210388184e-01,-9.999983906745910645e-01,-9.999991059303283691e-01,-9.999936223030090332e-01,-9.999980926513671875e-01,-9.999985694885253906e-01,-9.999970793724060059e-01,9.999172687530517578e-01,9.999980330467224121e-01,9.999986886978149414e-01,-9.999986290931701660e-01,9.999992847442626953e-01,9.999986290931701660e-01,9.999960064888000488e-01,-9.999963641166687012e-01,-9.999991059303283691e-01,-9.999992251396179199e-01,-9.999963641166687012e-01,-9.999991059303283691e-01,9.999989271163940430e-01,-9.999990463256835938e-01,9.999983906745910645e-01,9.999961853027343750e-01,-9.999942183494567871e-01,-9.999665617942810059e-01,-9.999985694885253906e-01,9.999942779541015625e-01,9.999989867210388184e-01,-9.999949932098388672e-01,-9.999971985816955566e-01,-9.997149705886840820e-01,9.999980926513671875e-01,-9.999991059303283691e-01,9.999977946281433105e-01,-9.999986290931701660e-01,-9.999901652336120605e-01,9.999903440475463867e-01,9.999991655349731445e-01,9.999743700027465820e-01,9.999936223030090332e-01,-9.999980330467224121e-01,9.999986290931701660e-01,-9.999825954437255859e-01,-9.999982714653015137e-01,9.999986886978149414e-01,-9.999983310699462891e-01,-9.999934434890747070e-01,9.999992251396179199e-01,-9.999989867210388184e-01,9.999939799308776855e-01,-9.999974966049194336e-01,9.999989867210388184e-01,-9.999732375144958496e-01,-9.999530315399169922e-01,9.999989271163940430e-01,9.999977946281433105e-01,-9.999712705612182617e-01,-9.999984502792358398e-01,-9.999951124191284180e-01,9.999987483024597168e-01,-9.999986290931701660e-01,9.999987483024597168e-01,-9.999985098838806152e-01,-9.999836683273315430e-01,9.999992251396179199e-01,-9.999985694885253906e-01,9.999992847442626953e-01,-9.999987483024597168e-01,-9.999957084655761719e-01,-9.999985098838806152e-01,-9.999991059303283691e-01,9.999967217445373535e-01,9.999987483024597168e-01,-9.999980926513671875e-01,-9.999874234199523926e-01,-9.999963641166687012e-01,9.999920725822448730e-01,-9.999973177909851074e-01
-9.999960660934448242e-01,9.999967813491821289e-01,9.999786019325256348e-01,-9.999959468841552734e-01,-9.999974966049194336e-01,9.999971389770507812e-01,-9.999907016754150391e-01,-9.999977946281433105e-01,9.999942183494567871e-01,-9.999949336051940918e-01,9.999967217445373535e-01,9.999974966049194336e-01,-9.999957084655761719e-01,-9.999963641166687012e-01,-9.999660253524780273e-01,-9.999935030937194824e-01,-9.999943375587463379e-01,9.999968409538269043e-01,-9.999848008155822754e-01,9.999977946281433105e-01,9.999975562095642090e-01,-9.999770522117614746e-01,-9.999964237213134766e-01,-9.999963641166687012e-01,-9.999750256538391113e-01,-9.999977350234985352e-01,9.999964833259582520e-01,9.999974370002746582e-01,-9.999641180038452148e-01,9.999898672103881836e-01,9.999844431877136230e-01,9.999964833259582520e-01,-9.999802708625793457e-01,-9.999930858612060547e-01,9.999938607215881348e-01,9.999089241027832031e-01,-9.999976754188537598e-01,-9.999967813491821289e-01,-9.999833106994628906e-01,9.999974370002746582e-01,-9.999967813491821289e-01,9.999911189079284668e-01,-9.999440312385559082e-01,-9.999972581863403320e-01,-9.999959468841552734e-01,-9.999960660934448242e-01,9.999742507934570312e-01,-9.999963045120239258e-01,-9.999973177909851074e-01,9.999966621398925781e-01,9.999971389770507812e-01,9.999954104423522949e-01,9.999973177909851074e-01,9.999818801879882812e-01,9.999946355819702148e-01,9.999957680702209473e-01,9.999918937683105469e-01,-9.997664093971252441e-01,-9.999945759773254395e-01,-9.999963045120239258e-01,9.999959468841552734e-01,-9.999975562095642090e-01,-9.999961256980895996e-01,-9.999888539314270020e-01,9.999898672103881836e-01,9.999973773956298828e-01,9.999977946281433105e-01,9.999899268150329590e-01,9.999973773956298828e-01,-9.999970793724060059e-01,9.999971389770507812e-01,-9.999955892562866211e-01,-9.999892115592956543e-01,9.999836683273315430e-01,9.999055862426757812e-01,9.999960064888000488e-01,-9.999838471412658691e-01,-9.999970793724060059e-01,9.999856948852539062e-01,9.999923110008239746e-01,9.991954565048217773e-01,-9.999946355819702148e-01,9.999973773956298828e-01,-9.999936819076538086e-01,9.999959468841552734e-01,9.999722838401794434e-01,-9.999727606773376465e-01,-9.999973773956298828e-01,-9.999274611473083496e-01,-9.999819993972778320e-01,9.999943375587463379e-01,-9.999961853027343750e-01,9.999507665634155273e-01,9.999952316284179688e-01,-9.999964237213134766e-01,9.999954104423522949e-01,9.999815821647644043e-01,-9.999976754188537598e-01,9.999971985816955566e-01,-9.999832510948181152e-01,9.999929666519165039e-01,-9.999971389770507812e-01,9.999241828918457031e-01,9.998674392700195312e-01,-9.999968409538269043e-01,-9.999939203262329102e-01,9.999189376831054688e-01,9.999957084655761719e-01,9.999862909317016602e-01,-9.999966621398925781e-01,9.999959468841552734e-01,-9.999964237213134766e-01,9.999959468841552734e-01,9.999535083770751953e-01,-9.999977350234985352e-01,9.999957084655761719e-01,-9.999975562095642090e-01,9.999966025352478027e-01,9.999876618385314941e-01,9.999957084655761719e-01,9.999973773956298828e-01,-9.999909400939941406e-01,-9.999965429306030273e-01,9.999946355819702148e-01,9.999641180038452148e-01,9.999899268150329590e-01,-9.999775886535644531e-01,9.999925494194030762e-01
9.999758005142211914e-01,-9.999802708625793457e-01,-9.998660087585449219e-01,9.999745488166809082e-01,9.999844431877136230e-01,-9.999822378158569336e-01,9.999412894248962402e-01,9.999858140945434570e-01,-9.999631643295288086e-01,9.999678134918212891e-01,-9.999798536300659180e-01,-9.999843239784240723e-01,9.999731779098510742e-01,9.999775886535644531e-01,9.997873902320861816e-01,9.999591112136840820e-01,9.999644756317138672e-01,-9.999803900718688965e-01,9.999045729637145996e-01,-9.999865293502807617e-01,-9.999849796295166016e-01,9.998563528060913086e-01,9.999780058860778809e-01,9.999774694442749023e-01,9.998428225517272949e-01,9.999856352806091309e-01,-9.999774694442749023e-01,-9.999843239784240723e-01,9.997755289077758789e-01,-9.999362826347351074e-01,-9.999030828475952148e-01,-9.999781847000122070e-01,9.998761415481567383e-01,9.999564886093139648e-01,-9.999613761901855469e-01,-9.994305968284606934e-01,9.999856352806091309e-01,9.999801516532897949e-01,9.998951554298400879e-01,-9.999840259552001953e-01,9.999802708625793457e-01,-9.999440312385559082e-01,9.996489882469177246e-01,9.999831914901733398e-01,9.999750256538391113e-01,9.999749660491943359e-01,-9.998386502265930176e-01,9.999763965606689453e-01,9.999828338623046875e-01,-9.999793767929077148e-01,-9.999820590019226074e-01,-9.999716281890869141e-01,-9.999833703041076660e-01,-9.998857378959655762e-01,-9.999665617942810059e-01,-9.999735951423645020e-01,-9.999493360519409180e-01,9.985377192497253418e-01,9.999659061431884766e-01,9.999770522117614746e-01,-9.999743700027465820e-01,9.999849796295166016e-01,9.999761581420898438e-01,9.999305009841918945e-01,-9.999369382858276367e-01,-9.999832510948181152e-01,-9.999859333038330078e-01,-9.999363422393798828e-01,-9.999837875366210938e-01,9.999815821647644043e-01,-9.999819993972778320e-01,9.999721646308898926e-01,9.999319314956665039e-01,-9.998977184295654297e-01,-9.994089603424072266e-01,-9.999755024909973145e-01,9.998987317085266113e-01,9.999819397926330566e-01,-9.999098181724548340e-01,-9.999512434005737305e-01,-9.949824213981628418e-01,9.999663233757019043e-01,-9.999833703041076660e-01,9.999602437019348145e-01,-9.999751448631286621e-01,-9.998262524604797363e-01,9.998292922973632812e-01,9.999845027923583984e-01,9.995458722114562988e-01,9.998865127563476562e-01,-9.999645948410034180e-01,9.999766945838928223e-01,-9.996913075447082520e-01,-9.999703168869018555e-01,9.999771714210510254e-01,-9.999709129333496094e-01,-9.998838901519775391e-01,9.999852776527404785e-01,-9.999827742576599121e-01,9.998947978019714355e-01,-9.999560713768005371e-01,9.999822974205017090e-01,-9.995255470275878906e-01,-9.991699457168579102e-01,9.999800324440002441e-01,9.999617338180541992e-01,-9.994932413101196289e-01,-9.999732375144958496e-01,-9.999138116836547852e-01,9.999787211418151855e-01,-9.999747872352600098e-01,9.999780654907226562e-01,-9.999750256538391113e-01,-9.997083544731140137e-01,9.999858736991882324e-01,-9.999730587005615234e-01,9.999844431877136230e-01,-9.999791383743286133e-01,-9.999225735664367676e-01,-9.999729990959167480e-01,-9.999832510948181152e-01,9.999432563781738281e-01,9.999786615371704102e-01,-9.999662637710571289e-01,-9.997754096984863281e-01,-9.999367594718933105e-01,9.998595714569091797e-01,-9.999531507492065430e-01
9.999987483024597168e-01,-9.999989867210388184e-01,-9.999935030937194824e-01,9.999987483024597168e-01,9.999992847442626953e-01,-9.999991655349731445e-01,9.999971985816955566e-01,9.999993443489074707e-01,-9.999982118606567383e-01,9.999984502792358398e-01,-9.999990463256835938e-01,-9.999992847442626953e-01,9.999986886978149414e-01,9.999989271163940430e-01,9.999897480010986328e-01,9.999980330467224121e-01,9.999982714653015137e-01,-9.999991059303283691e-01,9.999954104423522949e-01,-9.999994039535522461e-01,-9.999992847442626953e-01,9.999930858612060547e-01,9.999988675117492676e-01,9.999988079071044922e-01,9.999924898147583008e-01,9.999993443489074707e-01,-9.999989271163940430e-01,-9.999992847442626953e-01,9.999892115592956543e-01,-9.999969005584716797e-01,-9.999953508377075195e-01,-9.999989271163940430e-01,9.999940395355224609e-01,9.999978542327880859e-01,-9.999980926513671875e-01,-9.999725818634033203e-01,9.999993443489074707e-01,9.999991059303283691e-01,9.999950528144836426e-01,-9.999991655349731445e-01,9.999991059303283691e-01,-9.999972581863403320e-01,9.999831914901733398e-01,9.999991059303283691e-01,9.999988079071044922e-01,9.999988079071044922e-01,-9.999922513961791992e-01,9.999988675117492676e-01,9.999992251396179199e-01,-9.999990463256835938e-01,-9.999991655349731445e-01,-9.999986290931701660e-01,-9.999992251396179199e-01,-9.999945163726806641e-01,-9.999983906745910645e-01,-9.999986886978149414e-01,-9.999975562095642090e-01,9.999297261238098145e-01,9.999982714653015137e-01,9.999988675117492676e-01,-9.999988079071044922e-01,9.999992847442626953e-01,9.999987483024597168e-01,9.999965429306030273e-01,-9.999969601631164551e-01,-9.999991059303283691e-01,-9.999993443489074707e-01,-9.999969005584716797e-01,-9.999992847442626953e-01,9.999991655349731445e-01,-9.999991655349731445e-01,9.999986290931701660e-01,9.999966621398925781e-01,-9.999951124191284180e-01,-9.999715685844421387e-01,-9.999988079071044922e-01,9.999950528144836426e-01,9.999991655349731445e-01,-9.999956488609313965e-01,-9.999976158142089844e-01,-9.997580647468566895e-01,9.999983310699462891e-01,-9.999992251396179199e-01,9.999979734420776367e-01,-9.999988079071044922e-01,-9.999916553497314453e-01,9.999918341636657715e-01,9.999991655349731445e-01,9.999782443046569824e-01,9.999945759773254395e-01,-9.999982714653015137e-01,9.999988675117492676e-01,-9.999852180480957031e-01,-9.999985694885253906e-01,9.999988675117492676e-01,-9.999985694885253906e-01,-9.999944567680358887e-01,9.999993443489074707e-01,-9.999991059303283691e-01,9.999948740005493164e-01,-9.999978542327880859e-01,9.999991655349731445e-01,-9.999772310256958008e-01,-9.999601244926452637e-01,9.999991059303283691e-01,9.999981522560119629e-01,-9.999756217002868652e-01,-9.999986886978149414e-01,-9.999958276748657227e-01,9.999989867210388184e-01,-9.999987483024597168e-01,9.999989271163940430e-01,-9.999986886978149414e-01,-9.999859929084777832e-01,9.999992847442626953e-01,-9.999986290931701660e-01,9.999992847442626953e-01,-9.999990463256835938e-01,-9.999962449073791504e-01,-9.999986886978149414e-01,-9.999992251396179199e-01,9.999971389770507812e-01,9.999989867210388184e-01,-9.999983310699462891e-01,-9.999892115592956543e-01,-9.999968409538269043e-01,9.999932646751403809e-01,-9.999976754188537598e-01
9.999982714653015137e-01,-9.999985694885253906e-01,-9.999904632568359375e-01,9.999981522560119629e-01,9.999989271163940430e-01,-9.999986886978149414e-01,9.999958276748657227e-01,9.999990463256835938e-01,-9.999974370002746582e-01,9.999977350234985352e-01,-9.999985694885253906e-01,-9.999989271163940430e-01,9.999980330467224121e-01,9.999984502792358398e-01,9.999848604202270508e-01,9.999971389770507812e-01,9.999974966049194336e-01,-9.999986886978149414e-01,9.999933242797851562e-01,-9.999991059303283691e-01,-9.999989867210388184e-01,9.999898672103881836e-01,9.999983906745910645e-01,9.999983906745910645e-01,9.999887943267822266e-01,9.999990463256835938e-01,-9.999984502792358398e-01,-9.999988675117492676e-01,9.999840855598449707e-01,-9.999954700469970703e-01,-9.999932050704956055e-01,-9.999984502792358398e-01,9.999911785125732422e-01,9.999968409538269043e-01,-9.999971985816955566e-01,-9.999592900276184082e-01,9.999990463256835938e-01,9.999985694885253906e-01,9.999925494194030762e-01,-9.999987483024597168e-01,9.999985694885253906e-01,-9.999959468841552734e-01,9.999750256538391113e-01,9.999988079071044922e-01,9.999982118606567383e-01,9.999982714653015137e-01,-9.999884963035583496e-01,9.999982714653015137e-01,9.999988079071044922e-01,-9.999985694885253906e-01,-9.999986886978149414e-01,-9.999979138374328613e-01,-9.999988079071044922e-01,-9.999919533729553223e-01,-9.999975562095642090e-01,-9.999980926513671875e-01,-9.999964237213134766e-01,9.998956918716430664e-01,9.999975562095642090e-01,9.999983310699462891e-01,-9.999981522560119629e-01,9.999989867210388184e-01,9.999982714653015137e-01,9.999950528144836426e-01,-9.999955296516418457e-01,-9.999988079071044922e-01,-9.999989867210388184e-01,-9.999955296516418457e-01,-9.999988079071044922e-01,9.999987483024597168e-01,-9.999987483024597168e-01,9.999980926513671875e-01,9.999952912330627441e-01,-9.999927282333374023e-01,-9.999578595161437988e-01,-9.999983310699462891e-01,9.999929070472717285e-01,9.999986886978149414e-01,-9.999935626983642578e-01,-9.999966025352478027e-01,-9.996406435966491699e-01,9.999975562095642090e-01,-9.999988675117492676e-01,9.999971389770507812e-01,-9.999983310699462891e-01,-9.999876022338867188e-01,9.999878406524658203e-01,9.999988675117492676e-01,9.999676346778869629e-01,9.999919533729553223e-01,-9.999974966049194336e-01,9.999983906745910645e-01,-9.999781250953674316e-01,-9.999979138374328613e-01,9.999983310699462891e-01,-9.999979734420776367e-01,-9.999917745590209961e-01,9.999989867210388184e-01,-9.999986886978149414e-01,9.999924898147583008e-01,-9.999969005584716797e-01,9.999987483024597168e-01,-9.999662041664123535e-01,-9.999407529830932617e-01,9.999985694885253906e-01,9.999972581863403320e-01,-9.999638199806213379e-01,-9.999981522560119629e-01,-9.999938607215881348e-01,9.999985694885253906e-01,-9.999981522560119629e-01,9.999985098838806152e-01,-9.999982118606567383e-01,-9.999793171882629395e-01,9.999990463256835938e-01,-9.999980330467224121e-01,9.999989271163940430e-01,-9.999985098838806152e-01,-9.999945163726806641e-01,-9.999981522560119629e-01,-9.999988079071044922e-01,9.999959468841552734e-01,9.999984502792358398e-01,-9.999976158142089844e-01,-9.999840259552001953e-01,-9.999955892562866211e-01,9.999899864196777344e-01,-9.999967217445373535e-01
9.999982714653015137e-01,-9.999986290931701660e-01,-9.999904632568359375e-01,9.999982714653015137e-01,9.999989271163940430e-01,-9.999986886978149414e-01,9.999958872795104980e-01,9.999990463256835938e-01,-9.999974370002746582e-01,9.999977350234985352e-01,-9.999985694885253906e-01,-9.999989271163940430e-01,9.999980330467224121e-01,9.999984502792358398e-01,9.999848604202270508e-01,9.999970197677612305e-01,9.999974370002746582e-01,-9.999986290931701660e-01,9.999932050704956055e-01,-9.999992251396179199e-01,-9.999989867210388184e-01,9.999898076057434082e-01,9.999983906745910645e-01,9.999983906745910645e-01,9.999888539314270020e-01,9.999990463256835938e-01,-9.999984502792358398e-01,-9.999988675117492676e-01,9.999840855598449707e-01,-9.999954700469970703e-01,-9.999930858612060547e-01,-9.999984502792358398e-01,9.999911785125732422e-01,9.999968409538269043e-01,-9.999971985816955566e-01,-9.999593496322631836e-01,9.999989867210388184e-01,9.999985694885253906e-01,9.999926686286926270e-01,-9.999988675117492676e-01,9.999985694885253906e-01,-9.999960660934448242e-01,9.999749660491943359e-01,9.999988079071044922e-01,9.999982714653015137e-01,9.999982714653015137e-01,-9.999884963035583496e-01,9.999983906745910645e-01,9.999987483024597168e-01,-9.999985098838806152e-01,-9.999987483024597168e-01,-9.999979734420776367e-01,-9.999988079071044922e-01,-9.999919533729553223e-01,-9.999975562095642090e-01,-9.999982118606567383e-01,-9.999964237213134766e-01,9.998955726623535156e-01,9.999975562095642090e-01,9.999983310699462891e-01,-9.999982714653015137e-01,9.999989867210388184e-01,9.999982714653015137e-01,9.999950528144836426e-01,-9.999954104423522949e-01,-9.999988675117492676e-01,-9.999990463256835938e-01,-9.999955296516418457e-01,-9.999988079071044922e-01,9.999987483024597168e-01,-9.999987483024597168e-01,9.999979734420776367e-01,9.999952912330627441e-01,-9.999927282333374023e-01,-9.999577999114990234e-01,-9.999982118606567383e-01,9.999927878379821777e-01,9.999986886978149414e-01,-9.999935626983642578e-01,-9.999966025352478027e-01,-9.996402859687805176e-01,9.999976158142089844e-01,-9.999988079071044922e-01,9.999971985816955566e-01,-9.999983310699462891e-01,-9.999876022338867188e-01,9.999878406524658203e-01,9.999988675117492676e-01,9.999676346778869629e-01,9.999918937683105469e-01,-9.999974966049194336e-01,9.999983310699462891e-01,-9.999780654907226562e-01,-9.999979138374328613e-01,9.999983310699462891e-01,-9.999979734420776367e-01,-9.999917745590209961e-01,9.999989867210388184e-01,-9.999986886978149414e-01,9.999924898147583008e-01,-9.999969005584716797e-01,9.999987483024597168e-01,-9.999662041664123535e-01,-9.999408125877380371e-01,9.999985694885253906e-01,9.999972581863403320e-01,-9.999637603759765625e-01,-9.999980330467224121e-01,-9.999938607215881348e-01,9.999985694885253906e-01,-9.999981522560119629e-01,9.999983906745910645e-01,-9.999982118606567383e-01,-9.999793767929077148e-01,9.999990463256835938e-01,-9.999980330467224121e-01,9.999989271163940430e-01,-9.999985694885253906e-01,-9.999945759773254395e-01,-9.999981522560119629e-01,-9.999988675117492676e-01,9.999959468841552734e-01,9.999984502792358398e-01,-9.999976158142089844e-01,-9.999840259552001953e-01,-9.999954700469970703e-01,9.999900460243225098e-01,-9.999966025352478027e-01
-9.999887943267822266e-01,9.999908208847045898e-01,9.999382495880126953e-01,-9.999881982803344727e-01,-9.999928474426269531e-01,9.999917745590209961e-01,-9.999729990959167480e-01,-9.999935030937194824e-01,9.999831318855285645e-01,-9.999852180480957031e-01,9.999906420707702637e-01,9.999927282333374023e-01,-9.999876618385314941e-01,-9.999896883964538574e-01,-9.999021887779235840e-01,-9.999812245368957520e-01,-9.999836683273315430e-01,9.999909400939941406e-01,-9.999560713768005371e-01,9.999938011169433594e-01,9.999929666519165039e-01,-9.999338984489440918e-01,-9.999898076057434082e-01,-9.999895691871643066e-01,-9.999276399612426758e-01,-9.999933838844299316e-01,9.999896287918090820e-01,9.999926686286926270e-01,-9.998967051506042480e-01,9.999706149101257324e-01,9.999553561210632324e-01,9.999899268150329590e-01,-9.999430179595947266e-01,-9.999800324440002441e-01,9.999821782112121582e-01,9.997380375862121582e-01,-9.999933838844299316e-01,-9.999908208847045898e-01,-9.999517798423767090e-01,9.999925494194030762e-01,-9.999908804893493652e-01,9.999742507934570312e-01,-9.998386502265930176e-01,-9.999922513961791992e-01,-9.999884963035583496e-01,-9.999884963035583496e-01,9.999256730079650879e-01,-9.999890923500061035e-01,-9.999921321868896484e-01,9.999905228614807129e-01,9.999917149543762207e-01,9.999869465827941895e-01,9.999923110008239746e-01,9.999475479125976562e-01,9.999846220016479492e-01,9.999877810478210449e-01,9.999767541885375977e-01,-9.993271231651306152e-01,-9.999842643737792969e-01,-9.999894499778747559e-01,9.999881982803344727e-01,-9.999930858612060547e-01,-9.999889731407165527e-01,-9.999679923057556152e-01,9.999710321426391602e-01,9.999922513961791992e-01,9.999935626983642578e-01,9.999707341194152832e-01,9.999924302101135254e-01,-9.999914765357971191e-01,9.999916553497314453e-01,-9.999871850013732910e-01,-9.999687075614929199e-01,9.999529719352722168e-01,9.997280836105346680e-01,9.999886751174926758e-01,-9.999533891677856445e-01,-9.999916553497314453e-01,9.999584555625915527e-01,9.999775886535644531e-01,9.976866245269775391e-01,-9.999845027923583984e-01,9.999923110008239746e-01,-9.999817609786987305e-01,9.999885559082031250e-01,9.999200105667114258e-01,-9.999213814735412598e-01,-9.999927282333374023e-01,-9.997911453247070312e-01,-9.999478459358215332e-01,9.999837875366210938e-01,-9.999891519546508789e-01,9.998580217361450195e-01,9.999862909317016602e-01,-9.999894499778747559e-01,9.999867081642150879e-01,9.999465942382812500e-01,-9.999932646751403809e-01,9.999921321868896484e-01,-9.999515414237976074e-01,9.999797344207763672e-01,-9.999918341636657715e-01,9.997818470001220703e-01,9.996181130409240723e-01,-9.999907016754150391e-01,-9.999823570251464844e-01,9.997668862342834473e-01,9.999877214431762695e-01,9.999603033065795898e-01,-9.999901652336120605e-01,9.999883174896240234e-01,-9.999899268150329590e-01,9.999884366989135742e-01,9.998659491539001465e-01,-9.999935030937194824e-01,9.999876022338867188e-01,-9.999927878379821777e-01,9.999903440475463867e-01,9.999644160270690918e-01,9.999875426292419434e-01,9.999922513961791992e-01,-9.999739527702331543e-01,-9.999901056289672852e-01,9.999845027923583984e-01,9.998966455459594727e-01,9.999708533287048340e-01,-9.999353885650634766e-01,9.999784231185913086e-01
9.999983310699462891e-01,-9.999986290931701660e-01,-9.999909400939941406e-01,9.999982714653015137e-01,9.999989271163940430e-01,-9.999988079071044922e-01,9.999960660934448242e-01,9.999992251396179199e-01,-9.999976158142089844e-01,9.999978542327880859e-01,-9.999986886978149414e-01,-9.999990463256835938e-01,9.999981522560119629e-01,9.999985694885253906e-01,9.999857544898986816e-01,9.999971985816955566e-01,9.999976158142089844e-01,-9.999987483024597168e-01,9.999936819076538086e-01,-9.999991059303283691e-01,-9.999989867210388184e-01,9.999903440475463867e-01,9.999985694885253906e-01,9.999984502792358398e-01,9.999894499778747559e-01,9.999990463256835938e-01,-9.999985694885253906e-01,-9.999989271163940430e-01,9.999849796295166016e-01,-9.999957084655761719e-01,-9.999934434890747070e-01,-9.999985098838806152e-01,9.999916553497314453e-01,9.999970197677612305e-01,-9.999973773956298828e-01,-9.999614953994750977e-01,9.999990463256835938e-01,9.999986886978149414e-01,9.999930262565612793e-01,-9.999989271163940430e-01,9.999986290931701660e-01,-9.999963045120239258e-01,9.999763965606689453e-01,9.999988675117492676e-01,9.999982714653015137e-01,9.999983906745910645e-01,-9.999890923500061035e-01,9.999984502792358398e-01,9.999988675117492676e-01,-9.999986886978149414e-01,-9.999988675117492676e-01,-9.999980330467224121e-01,-9.999989271163940430e-01,-9.999924302101135254e-01,-9.999977350234985352e-01,-9.999981522560119629e-01,-9.999965429306030273e-01,9.999011158943176270e-01,9.999976754188537598e-01,9.999984502792358398e-01,-9.999983310699462891e-01,9.999990463256835938e-01,9.999983310699462891e-01,9.999952912330627441e-01,-9.999957680702209473e-01,-9.999988675117492676e-01,-9.999991059303283691e-01,-9.999957680702209473e-01,-9.999989271163940430e-01,9.999987483024597168e-01,-9.999989271163940430e-01,9.999980926513671875e-01,9.999954700469970703e-01,-9.999930858612060547e-01,-9.999600648880004883e-01,-9.999983906745910645e-01,9.999931454658508301e-01,9.999987483024597168e-01,-9.999939203262329102e-01,-9.999967813491821289e-01,-9.996594190597534180e-01,9.999977350234985352e-01,-9.999989271163940430e-01,9.999972581863403320e-01,-9.999983906745910645e-01,-9.999883770942687988e-01,9.999885559082031250e-01,9.999989271163940430e-01,9.999694824218750000e-01,9.999923706054687500e-01,-9.999977350234985352e-01,9.999985098838806152e-01,-9.999791979789733887e-01,-9.999980330467224121e-01,9.999984502792358398e-01,-9.999980926513671875e-01,-9.999923110008239746e-01,9.999991655349731445e-01,-9.999988079071044922e-01,9.999929070472717285e-01,-9.999970793724060059e-01,9.999988079071044922e-01,-9.999679923057556152e-01,-9.999438524246215820e-01,9.999986886978149414e-01,9.999973773956298828e-01,-9.999657273292541504e-01,-9.999982714653015137e-01,-9.999942779541015625e-01,9.999986290931701660e-01,-9.999983906745910645e-01,9.999985694885253906e-01,-9.999982714653015137e-01,-9.999803900718688965e-01,9.999992251396179199e-01,-9.999982714653015137e-01,9.999989867210388184e-01,-9.999986290931701660e-01,-9.999947547912597656e-01,-9.999982714653015137e-01,-9.999989271163940430e-01,9.999962449073791504e-01,9.999985098838806152e-01,-9.999977350234985352e-01,-9.999849796295166016e-01,-9.999958276748657227e-01,9.999905824661254883e-01,-9.999969005584716797e-01
9.999988079071044922e-01,-9.999990463256835938e-01,-9.999933242797851562e-01,9.999987483024597168e-01,9.999992847442626953e-01,-9.999990463256835938e-01,9.999970793724060059e-01,9.999993443489074707e-01,-9.999981522560119629e-01,9.999985098838806152e-01,-9.999990463256835938e-01,-9.999992847442626953e-01,9.999986886978149414e-01,9.999989271163940430e-01,9.999896287918090820e-01,9.999979734420776367e-01,9.999982118606567383e-01,-9.999991059303283691e-01,9.999953508377075195e-01,-9.999993443489074707e-01,-9.999992847442626953e-01,9.999930858612060547e-01,9.999989271163940430e-01,9.999988675117492676e-01,9.999923110008239746e-01,9.999993443489074707e-01,-9.999989271163940430e-01,-9.999992847442626953e-01,9.999890327453613281e-01,-9.999967217445373535e-01,-9.999951720237731934e-01,-9.999989271163940430e-01,9.999939203262329102e-01,9.999978542327880859e-01,-9.999980926513671875e-01,-9.999721646308898926e-01,9.999993443489074707e-01,9.999990463256835938e-01,9.999949336051940918e-01,-9.999992251396179199e-01,9.999990463256835938e-01,-9.999973177909851074e-01,9.999828338623046875e-01,9.999992251396179199e-01,9.999988079071044922e-01,9.999987483024597168e-01,-9.999921321868896484e-01,9.999988675117492676e-01,9.999992251396179199e-01,-9.999989867210388184e-01,-9.999992847442626953e-01,-9.999985694885253906e-01,-9.999992251396179199e-01,-9.999943971633911133e-01,-9.999983310699462891e-01,-9.999987483024597168e-01,-9.999974966049194336e-01,9.999283552169799805e-01,9.999982118606567383e-01,9.999988675117492676e-01,-9.999987483024597168e-01,9.999992847442626953e-01,9.999988079071044922e-01,9.999965429306030273e-01,-9.999969005584716797e-01,-9.999992251396179199e-01,-9.999993443489074707e-01,-9.999968409538269043e-01,-9.999991655349731445e-01,9.999991655349731445e-01,-9.999991655349731445e-01,9.999986290931701660e-01,9.999967217445373535e-01,-9.999949932098388672e-01,-9.999710917472839355e-01,-9.999988675117492676e-01,9.999950528144836426e-01,9.999991655349731445e-01,-9.999955892562866211e-01,-9.999976754188537598e-01,-9.997532963752746582e-01,9.999983310699462891e-01,-9.999993443489074707e-01,9.999980330467224121e-01,-9.999988079071044922e-01,-9.999914765357971191e-01,9.999916553497314453e-01,9.999992847442626953e-01,9.999777674674987793e-01,9.999944567680358887e-01,-9.999982714653015137e-01,9.999988079071044922e-01,-9.999848008155822754e-01,-9.999985098838806152e-01,9.999988675117492676e-01,-9.999986290931701660e-01,-9.999943375587463379e-01,9.999992847442626953e-01,-9.999992251396179199e-01,9.999948740005493164e-01,-9.999977946281433105e-01,9.999991655349731445e-01,-9.999768137931823730e-01,-9.999593496322631836e-01,9.999990463256835938e-01,9.999980926513671875e-01,-9.999752044677734375e-01,-9.999986886978149414e-01,-9.999957680702209473e-01,9.999989867210388184e-01,-9.999987483024597168e-01,9.999989271163940430e-01,-9.999986886978149414e-01,-9.999858736991882324e-01,9.999993443489074707e-01,-9.999987483024597168e-01,9.999992847442626953e-01,-9.999989867210388184e-01,-9.999962449073791504e-01,-9.999987483024597168e-01,-9.999992251396179199e-01,9.999972581863403320e-01,9.999989271163940430e-01,-9.999983310699462891e-01,-9.999890327453613281e-01,-9.999968409538269043e-01,9.999931454658508301e-01,-9.999976754188537598e-01
-9.999984502792358398e-01,9.999988079071044922e-01,9.999920129776000977e-01,-9.999985098838806152e-01,-9.999989867210388184e-01,9.999988675117492676e-01,-9.999966025352478027e-01,-9.999992251396179199e-01,9.999977946281433105e-01,-9.999980926513671875e-01,9.999988079071044922e-01,9.999992251396179199e-01,-9.999983906745910645e-01,-9.999986886978149414e-01,-9.999874234199523926e-01,-9.999974966049194336e-01,-9.999978542327880859e-01,9.999988079071044922e-01,-9.999943971633911133e-01,9.999992251396179199e-01,9.999991655349731445e-01,-9.999916553497314453e-01,-9.999986290931701660e-01,-9.999986290931701660e-01,-9.999907612800598145e-01,-9.999991655349731445e-01,9.999986290931701660e-01,9.999991059303283691e-01,-9.999868273735046387e-01,9.999961853027343750e-01,9.999942183494567871e-01,9.999986886978149414e-01,-9.999927282333374023e-01,-9.999974370002746582e-01,9.999976158142089844e-01,9.999663829803466797e-01,-9.999991655349731445e-01,-9.999988079071044922e-01,-9.999938607215881348e-01,9.999991059303283691e-01,-9.999988079071044922e-01,9.999966621398925781e-01,-9.999793767929077148e-01,-9.999990463256835938e-01,-9.999985694885253906e-01,-9.999985098838806152e-01,9.999905228614807129e-01,-9.999986886978149414e-01,-9.999989867210388184e-01,9.999987483024597168e-01,9.999989271163940430e-01,9.999982118606567383e-01,9.999990463256835938e-01,9.999933242797851562e-01,9.999980330467224121e-01,9.999983906745910645e-01,9.999969601631164551e-01,-9.999139308929443359e-01,-9.999979138374328613e-01,-9.999986290931701660e-01,9.999985694885253906e-01,-9.999990463256835938e-01,-9.999985694885253906e-01,-9.999959468841552734e-01,9.999961256980895996e-01,9.999989271163940430e-01,9.999992251396179199e-01,9.999963045120239258e-01,9.999991059303283691e-01,-9.999989271163940430e-01,9.999989271163940430e-01,-9.999983310699462891e-01,-9.999960660934448242e-01,9.999939799308776855e-01,9.999651908874511719e-01,9.999985098838806152e-01,-9.999940395355224609e-01,-9.999988675117492676e-01,9.999946355819702148e-01,9.999970793724060059e-01,9.997037053108215332e-01,-9.999980926513671875e-01,9.999990463256835938e-01,-9.999976158142089844e-01,9.999985098838806152e-01,9.999898076057434082e-01,-9.999899864196777344e-01,-9.999991059303283691e-01,-9.999732375144958496e-01,-9.999933242797851562e-01,9.999979734420776367e-01,-9.999986290931701660e-01,9.999818205833435059e-01,9.999982118606567383e-01,-9.999986290931701660e-01,9.999982714653015137e-01,9.999932050704956055e-01,-9.999991655349731445e-01,9.999989867210388184e-01,-9.999937415122985840e-01,9.999973773956298828e-01,-9.999988675117492676e-01,9.999721646308898926e-01,9.999511837959289551e-01,-9.999988079071044922e-01,-9.999977350234985352e-01,9.999701380729675293e-01,9.999983906745910645e-01,9.999949336051940918e-01,-9.999987483024597168e-01,9.999985098838806152e-01,-9.999986290931701660e-01,9.999985098838806152e-01,9.999829530715942383e-01,-9.999992251396179199e-01,9.999983906745910645e-01,-9.999991059303283691e-01,9.999987483024597168e-01,9.999954700469970703e-01,9.999983906745910645e-01,9.999990463256835938e-01,-9.999966025352478027e-01,-9.999986290931701660e-01,9.999979734420776367e-01,9.999868273735046387e-01,9.999962449073791504e-01,-9.999917745590209961e-01,9.999971985816955566e-01
-9.999987483024597168e-01,9.999989867210388184e-01,9.999931454658508301e-01,-9.999987483024597168e-01,-9.999992251396179199e-01,9.999991059303283691e-01,-9.999970197677612305e-01,-9.999994039535522461e-01,9.999982118606567383e-01,-9.999983310699462891e-01,9.999989271163940430e-01,9.999993443489074707e-01,-9.999986290931701660e-01,-9.999988079071044922e-01,-9.999890923500061035e-01,-9.999978542327880859e-01,-9.999982714653015137e-01,9.999989867210388184e-01,-9.999951124191284180e-01,9.999993443489074707e-01,9.999993443489074707e-01,-9.999926090240478516e-01,-9.999988675117492676e-01,-9.999988079071044922e-01,-9.999919533729553223e-01,-9.999992847442626953e-01,9.999988675117492676e-01,9.999992251396179199e-01,-9.999885559082031250e-01,9.999966621398925781e-01,9.999950528144836426e-01,9.999989271163940430e-01,-9.999936223030090332e-01,-9.999977350234985352e-01,9.999979734420776367e-01,9.999706745147705078e-01,-9.999994039535522461e-01,-9.999989867210388184e-01,-9.999946951866149902e-01,9.999991059303283691e-01,-9.999989867210388184e-01,9.999971389770507812e-01,-9.999820590019226074e-01,-9.999991655349731445e-01,-9.999986886978149414e-01,-9.999987483024597168e-01,9.999917149543762207e-01,-9.999988675117492676e-01,-9.999992847442626953e-01,9.999989271163940430e-01,9.999991059303283691e-01,9.999985098838806152e-01,9.999991655349731445e-01,9.999942183494567871e-01,9.999983310699462891e-01,9.999986290931701660e-01,9.999973773956298828e-01,-9.999247789382934570e-01,-9.999982118606567383e-01,-9.999988079071044922e-01,9.999986886978149414e-01,-9.999992847442626953e-01,-9.999988079071044922e-01,-9.999963641166687012e-01,9.999967217445373535e-01,9.999991655349731445e-01,9.999994039535522461e-01,9.999966621398925781e-01,9.999992251396179199e-01,-9.999991059303283691e-01,9.999991059303283691e-01,-9.999986290931701660e-01,-9.999965429306030273e-01,9.999947547912597656e-01,9.999696612358093262e-01,9.999986886978149414e-01,-9.999948143959045410e-01,-9.999991059303283691e-01,9.999954700469970703e-01,9.999975562095642090e-01,9.997410774230957031e-01,-9.999983310699462891e-01,9.999992847442626953e-01,-9.999979734420776367e-01,9.999986886978149414e-01,9.999910593032836914e-01,-9.999912381172180176e-01,-9.999992251396179199e-01,-9.999768137931823730e-01,-9.999941587448120117e-01,9.999981522560119629e-01,-9.999988675117492676e-01,9.999841451644897461e-01,9.999984502792358398e-01,-9.999988675117492676e-01,9.999985694885253906e-01,9.999941587448120117e-01,-9.999993443489074707e-01,9.999991655349731445e-01,-9.999945163726806641e-01,9.999977350234985352e-01,-9.999991059303283691e-01,9.999756813049316406e-01,9.999573230743408203e-01,-9.999989867210388184e-01,-9.999980330467224121e-01,9.999740123748779297e-01,9.999986886978149414e-01,9.999955892562866211e-01,-9.999989271163940430e-01,9.999986886978149414e-01,-9.999988675117492676e-01,9.999986886978149414e-01,9.999851584434509277e-01,-9.999992847442626953e-01,9.999985694885253906e-01,-9.999993443489074707e-01,9.999989271163940430e-01,9.999959468841552734e-01,9.999985694885253906e-01,9.999992847442626953e-01,-9.999970197677612305e-01,-9.999988675117492676e-01,9.999983310699462891e-01,9.999885559082031250e-01,9.999967217445373535e-01,-9.999929070472717285e-01,9.999975562095642090e-01
-9.999979138374328613e-01,9.999982714653015137e-01,9.999889731407165527e-01,-9.999978542327880859e-01,-9.999986290931701660e-01,9.999984502792358398e-01,-9.999951720237731934e-01,-9.999988079071044922e-01,9.999969601631164551e-01,-9.999973773956298828e-01,9.999982714653015137e-01,9.999986886978149414e-01,-9.999977350234985352e-01,-9.999981522560119629e-01,-9.999826550483703613e-01,-9.999965429306030273e-01,-9.999970793724060059e-01,9.999983906745910645e-01,-9.999921917915344238e-01,9.999988079071044922e-01,9.999986886978149414e-01,-9.999883174896240234e-01,-9.999980926513671875e-01,-9.999980330467224121e-01,-9.999873042106628418e-01,-9.999987483024597168e-01,9.999980330467224121e-01,9.999986290931701660e-01,-9.999818205833435059e-01,9.999947547912597656e-01,9.999920725822448730e-01,9.999980926513671875e-01,-9.999899268150329590e-01,-9.999963045120239258e-01,9.999967217445373535e-01,9.999537467956542969e-01,-9.999988079071044922e-01,-9.999982714653015137e-01,-9.999914765357971191e-01,9.999986290931701660e-01,-9.999983906745910645e-01,9.999954104423522949e-01,-9.999716281890869141e-01,-9.999986290931701660e-01,-9.999979138374328613e-01,-9.999979734420776367e-01,9.999869465827941895e-01,-9.999980330467224121e-01,-9.999985694885253906e-01,9.999982118606567383e-01,9.999985098838806152e-01,9.999976158142089844e-01,9.999985694885253906e-01,9.999907612800598145e-01,9.999971985816955566e-01,9.999977350234985352e-01,9.999958276748657227e-01,-9.998813867568969727e-01,-9.999971389770507812e-01,-9.999980926513671875e-01,9.999979138374328613e-01,-9.999986886978149414e-01,-9.999979138374328613e-01,-9.999942779541015625e-01,9.999948143959045410e-01,9.999986290931701660e-01,9.999988079071044922e-01,9.999948740005493164e-01,9.999985694885253906e-01,-9.999985098838806152e-01,9.999985098838806152e-01,-9.999976158142089844e-01,-9.999945759773254395e-01,9.999916553497314453e-01,9.999520182609558105e-01,9.999979734420776367e-01,-9.999917745590209961e-01,-9.999984502792358398e-01,9.999927282333374023e-01,9.999960064888000488e-01,9.995917081832885742e-01,-9.999972581863403320e-01,9.999985694885253906e-01,-9.999966621398925781e-01,9.999979138374328613e-01,9.999858140945434570e-01,-9.999861121177673340e-01,-9.999986290931701660e-01,-9.999631047248840332e-01,-9.999907612800598145e-01,9.999970793724060059e-01,-9.999980926513671875e-01,9.999749660491943359e-01,9.999975562095642090e-01,-9.999980926513671875e-01,9.999976158142089844e-01,9.999906420707702637e-01,-9.999988079071044922e-01,9.999985098838806152e-01,-9.999913573265075684e-01,9.999963045120239258e-01,-9.999984502792358398e-01,9.999615550041198730e-01,9.999327063560485840e-01,-9.999983310699462891e-01,-9.999967813491821289e-01,9.999588727951049805e-01,9.999977350234985352e-01,9.999929070472717285e-01,-9.999982714653015137e-01,9.999978542327880859e-01,-9.999982118606567383e-01,9.999979138374328613e-01,9.999763965606689453e-01,-9.999987483024597168e-01,9.999977350234985352e-01,-9.999986886978149414e-01,9.999982118606567383e-01,9.999937415122985840e-01,9.999976754188537598e-01,9.999985098838806152e-01,-9.999953508377075195e-01,-9.999981522560119629e-01,9.999972581863403320e-01,9.999817609786987305e-01,9.999948143959045410e-01,-9.999886155128479004e-01,9.999961853027343750e-01
-9.999987483024597168e-01,9.999989867210388184e-01,9.999936223030090332e-01,-9.999987483024597168e-01,-9.999992251396179199e-01,9.999991059303283691e-01,-9.999972581863403320e-01,-9.999993443489074707e-01,9.999982118606567383e-01,-9.999984502792358398e-01,9.999991059303283691e-01,9.999993443489074707e-01,-9.999986886978149414e-01,-9.999989271163940430e-01,-9.999898076057434082e-01,-9.999980330467224121e-01,-9.999982714653015137e-01,9.999991059303283691e-01,-9.999955296516418457e-01,9.999994039535522461e-01,9.999993443489074707e-01,-9.999932646751403809e-01,-9.999989271163940430e-01,-9.999988675117492676e-01,-9.999925494194030762e-01,-9.999993443489074707e-01,9.999989867210388184e-01,9.999992847442626953e-01,-9.999893307685852051e-01,9.999969005584716797e-01,9.999954104423522949e-01,9.999988675117492676e-01,-9.999940991401672363e-01,-9.999978542327880859e-01,9.999981522560119629e-01,9.999728798866271973e-01,-9.999993443489074707e-01,-9.999991059303283691e-01,-9.999950528144836426e-01,9.999992847442626953e-01,-9.999991059303283691e-01,9.999973177909851074e-01,-9.999833703041076660e-01,-9.999992251396179199e-01,-9.999988079071044922e-01,-9.999988079071044922e-01,9.999923110008239746e-01,-9.999989271163940430e-01,-9.999992251396179199e-01,9.999990463256835938e-01,9.999991655349731445e-01,9.999985694885253906e-01,9.999992251396179199e-01,9.999945759773254395e-01,9.999982714653015137e-01,9.999987483024597168e-01,9.999974966049194336e-01,-9.999303817749023438e-01,-9.999983310699462891e-01,-9.999988675117492676e-01,9.999987483024597168e-01,-9.999992251396179199e-01,-9.999988675117492676e-01,-9.999965429306030273e-01,9.999969005584716797e-01,9.999991655349731445e-01,9.999993443489074707e-01,9.999969005584716797e-01,9.999992847442626953e-01,-9.999991655349731445e-01,9.999992847442626953e-01,-9.999986290931701660e-01,-9.999967813491821289e-01,9.999951720237731934e-01,9.999719262123107910e-01,9.999988079071044922e-01,-9.999951720237731934e-01,-9.999991059303283691e-01,9.999957084655761719e-01,9.999977350234985352e-01,9.997603893280029297e-01,-9.999983906745910645e-01,9.999992251396179199e-01,-9.999980926513671875e-01,9.999988079071044922e-01,9.999917149543762207e-01,-9.999918937683105469e-01,-9.999992847442626953e-01,-9.999784231185913086e-01,-9.999945163726806641e-01,9.999982714653015137e-01,-9.999988675117492676e-01,9.999853372573852539e-01,9.999984502792358398e-01,-9.999988675117492676e-01,9.999985694885253906e-01,9.999945163726806641e-01,-9.999993443489074707e-01,9.999991059303283691e-01,-9.999949336051940918e-01,9.999978542327880859e-01,-9.999991059303283691e-01,9.999774694442749023e-01,9.999604821205139160e-01,-9.999991059303283691e-01,-9.999981522560119629e-01,9.999758601188659668e-01,9.999986886978149414e-01,9.999958872795104980e-01,-9.999990463256835938e-01,9.999988079071044922e-01,-9.999988675117492676e-01,9.999987483024597168e-01,9.999861717224121094e-01,-9.999993443489074707e-01,9.999986886978149414e-01,-9.999992847442626953e-01,9.999990463256835938e-01,9.999962449073791504e-01,9.999986886978149414e-01,9.999992251396179199e-01,-9.999972581863403320e-01,-9.999989271163940430e-01,9.999983906745910645e-01,9.999893307685852051e-01,9.999968409538269043e-01,-9.999933242797851562e-01,9.999977350234985352e-01
-9.999921321868896484e-01,9.999935626983642578e-01,9.999563694000244141e-01,-9.999917745590209961e-01,-9.999949932098388672e-01,9.999943375587463379e-01,-9.999809861183166504e-01,-9.999954700469970703e-01,9.999880790710449219e-01,-9.999896287918090820e-01,9.999934434890747070e-01,9.999949932098388672e-01,-9.999912381172180176e-01,-9.999927878379821777e-01,-9.999307394027709961e-01,-9.999867081642150879e-01,-9.999884963035583496e-01,9.999936223030090332e-01,-9.999689459800720215e-01,9.999956488609313965e-01,9.999951720237731934e-01,-9.999532699584960938e-01,-9.999929666519165039e-01,-9.999926686286926270e-01,-9.999489188194274902e-01,-9.999952912330627441e-01,9.999926686286926270e-01,9.999948740005493164e-01,-9.999269843101501465e-01,9.999793171882629395e-01,9.999685287475585938e-01,9.999930262565612793e-01,-9.999597072601318359e-01,-9.999858736991882324e-01,9.999875426292419434e-01,9.998145699501037598e-01,-9.999954104423522949e-01,-9.999936223030090332e-01,-9.999659657478332520e-01,9.999948143959045410e-01,-9.999936223030090332e-01,9.999818801879882812e-01,-9.998857378959655762e-01,-9.999945163726806641e-01,-9.999919533729553223e-01,-9.999919533729553223e-01,9.999475479125976562e-01,-9.999924302101135254e-01,-9.999943971633911133e-01,9.999933242797851562e-01,9.999942183494567871e-01,9.999907612800598145e-01,9.999945759773254395e-01,9.999628663063049316e-01,9.999890923500061035e-01,9.999914169311523438e-01,9.999836087226867676e-01,-9.995237588882446289e-01,-9.999889135360717773e-01,-9.999925494194030762e-01,9.999917745590209961e-01,-9.999951720237731934e-01,-9.999921917915344238e-01,-9.999774694442749023e-01,9.999794363975524902e-01,9.999945163726806641e-01,9.999954700469970703e-01,9.999793767929077148e-01,9.999948143959045410e-01,-9.999940991401672363e-01,9.999942183494567871e-01,-9.999909996986389160e-01,-9.999780058860778809e-01,9.999666810035705566e-01,9.998076558113098145e-01,9.999920725822448730e-01,-9.999670982360839844e-01,-9.999940991401672363e-01,9.999706745147705078e-01,9.999842643737792969e-01,9.983615279197692871e-01,-9.999890923500061035e-01,9.999946355819702148e-01,-9.999870657920837402e-01,9.999919533729553223e-01,9.999434351921081543e-01,-9.999444484710693359e-01,-9.999949932098388672e-01,-9.998522400856018066e-01,-9.999630451202392578e-01,9.999885559082031250e-01,-9.999923706054687500e-01,9.998995065689086914e-01,9.999903440475463867e-01,-9.999926686286926270e-01,9.999905824661254883e-01,9.999622702598571777e-01,-9.999952316284179688e-01,9.999943971633911133e-01,-9.999657869338989258e-01,9.999856948852539062e-01,-9.999942183494567871e-01,9.998455643653869629e-01,9.997296929359436035e-01,-9.999935626983642578e-01,-9.999875426292419434e-01,9.998350739479064941e-01,9.999912977218627930e-01,9.999719858169555664e-01,-9.999931454658508301e-01,9.999917745590209961e-01,-9.999928474426269531e-01,9.999918937683105469e-01,9.999051094055175781e-01,-9.999954700469970703e-01,9.999912977218627930e-01,-9.999949932098388672e-01,9.999932646751403809e-01,9.999749660491943359e-01,9.999912381172180176e-01,9.999946355819702148e-01,-9.999816417694091797e-01,-9.999930262565612793e-01,9.999890327453613281e-01,9.999268054962158203e-01,9.999795556068420410e-01,-9.999543428421020508e-01,9.999848008155822754e-01
-9.999976158142089844e-01,9.999980926513671875e-01,9.999872446060180664e-01,-9.999975562095642090e-01,-9.999985098838806152e-01,9.999981522560119629e-01,-9.999944567680358887e-01,-9.999986886978149414e-01,9.999964237213134766e-01,-9.999969005584716797e-01,9.999980330467224121e-01,9.999984502792358398e-01,-9.999973177909851074e-01,-9.999977946281433105e-01,-9.999796748161315918e-01,-9.999960660934448242e-01,-9.999965429306030273e-01,9.999980926513671875e-01,-9.999908804893493652e-01,9.999986886978149414e-01,9.999985694885253906e-01,-9.999864101409912109e-01,-9.999977946281433105e-01,-9.999977350234985352e-01,-9.999849796295166016e-01,-9.999986290931701660e-01,9.999977946281433105e-01,9.999983906745910645e-01,-9.999786019325256348e-01,9.999939203262329102e-01,9.999907016754150391e-01,9.999979138374328613e-01,-9.999881982803344727e-01,-9.999957680702209473e-01,9.999962449073791504e-01,9.999455213546752930e-01,-9.999986290931701660e-01,-9.999980926513671875e-01,-9.999899864196777344e-01,9.999983310699462891e-01,-9.999980926513671875e-01,9.999946355819702148e-01,-9.999665617942810059e-01,-9.999983906745910645e-01,-9.999975562095642090e-01,-9.999975562095642090e-01,9.999846220016479492e-01,-9.999977350234985352e-01,-9.999983310699462891e-01,9.999980330467224121e-01,9.999983310699462891e-01,9.999971985816955566e-01,9.999982714653015137e-01,9.999890923500061035e-01,9.999967813491821289e-01,9.999974370002746582e-01,9.999951720237731934e-01,-9.998603463172912598e-01,-9.999966025352478027e-01,-9.999977350234985352e-01,9.999974966049194336e-01,-9.999985694885253906e-01,-9.999976754188537598e-01,-9.999932646751403809e-01,9.999939203262329102e-01,9.999983906745910645e-01,9.999986290931701660e-01,9.999939203262329102e-01,9.999984502792358398e-01,-9.999982118606567383e-01,9.999983310699462891e-01,-9.999973177909851074e-01,-9.999935030937194824e-01,9.999901652336120605e-01,9.999434351921081543e-01,9.999976158142089844e-01,-9.999903440475463867e-01,-9.999982714653015137e-01,9.999914169311523438e-01,9.999953508377075195e-01,9.995188713073730469e-01,-9.999967217445373535e-01,9.999983906745910645e-01,-9.999961256980895996e-01,9.999976158142089844e-01,9.999833703041076660e-01,-9.999837279319763184e-01,-9.999985098838806152e-01,-9.999566078186035156e-01,-9.999892115592956543e-01,9.999965429306030273e-01,-9.999977350234985352e-01,9.999705553054809570e-01,9.999971389770507812e-01,-9.999977946281433105e-01,9.999971985816955566e-01,9.999890327453613281e-01,-9.999985694885253906e-01,9.999982118606567383e-01,-9.999899268150329590e-01,9.999958276748657227e-01,-9.999982714653015137e-01,9.999547004699707031e-01,9.999206662178039551e-01,-9.999980330467224121e-01,-9.999963045120239258e-01,9.999514818191528320e-01,9.999974370002746582e-01,9.999917149543762207e-01,-9.999979138374328613e-01,9.999975562095642090e-01,-9.999978542327880859e-01,9.999974966049194336e-01,9.999722838401794434e-01,-9.999986290931701660e-01,9.999973773956298828e-01,-9.999985694885253906e-01,9.999979734420776367e-01,9.999926090240478516e-01,9.999973773956298828e-01,9.999983906745910645e-01,-9.999945163726806641e-01,-9.999979138374328613e-01,9.999967217445373535e-01,9.999786019325256348e-01,9.999939799308776855e-01,-9.999865889549255371e-01,9.999954700469970703e-01
-9.999981522560119629e-01,9.999985098838806152e-01,9.999898672103881836e-01,-9.999980330467224121e-01,-9.999988079071044922e-01,9.999986290931701660e-01,-9.999955296516418457e-01,-9.999989867210388184e-01,9.999972581863403320e-01,-9.999976158142089844e-01,9.999984502792358398e-01,9.999988675117492676e-01,-9.999979734420776367e-01,-9.999982714653015137e-01,-9.999839663505554199e-01,-9.999968409538269043e-01,-9.999973773956298828e-01,9.999985694885253906e-01,-9.999927878379821777e-01,9.999990463256835938e-01,9.999989271163940430e-01,-9.999892115592956543e-01,-9.999983310699462891e-01,-9.999982714653015137e-01,-9.999881982803344727e-01,-9.999988675117492676e-01,9.999982714653015137e-01,9.999988079071044922e-01,-9.999831318855285645e-01,9.999951720237731934e-01,9.999926686286926270e-01,9.999984502792358398e-01,-9.999906420707702637e-01,-9.999966621398925781e-01,9.999970197677612305e-01,9.999569058418273926e-01,-9.999988675117492676e-01,-9.999984502792358398e-01,-9.999920725822448730e-01,9.999987483024597168e-01,-9.999985694885253906e-01,9.999957680702209473e-01,-9.999735951423645020e-01,-9.999986886978149414e-01,-9.999980926513671875e-01,-9.999982118606567383e-01,9.999877810478210449e-01,-9.999981522560119629e-01,-9.999987483024597168e-01,9.999983906745910645e-01,9.999986290931701660e-01,9.999977350234985352e-01,9.999987483024597168e-01,9.999914169311523438e-01,9.999974370002746582e-01,9.999979734420776367e-01,9.999961256980895996e-01,-9.998893141746520996e-01,-9.999973773956298828e-01,-9.999982118606567383e-01,9.999981522560119629e-01,-9.999988675117492676e-01,-9.999981522560119629e-01,-9.999946951866149902e-01,9.999952316284179688e-01,9.999986886978149414e-01,9.999989271163940430e-01,9.999952316284179688e-01,9.999987483024597168e-01,-9.999985694885253906e-01,9.999986886978149414e-01,-9.999978542327880859e-01,-9.999949336051940918e-01,9.999922513961791992e-01,9.999551773071289062e-01,9.999980926513671875e-01,-9.999924898147583008e-01,-9.999986290931701660e-01,9.999932646751403809e-01,9.999962449073791504e-01,9.996187090873718262e-01,-9.999974370002746582e-01,9.999987483024597168e-01,-9.999969601631164551e-01,9.999980926513671875e-01,9.999868869781494141e-01,-9.999871253967285156e-01,-9.999988079071044922e-01,-9.999656081199645996e-01,-9.999914169311523438e-01,9.999973773956298828e-01,-9.999983310699462891e-01,9.999766945838928223e-01,9.999977946281433105e-01,-9.999982118606567383e-01,9.999978542327880859e-01,9.999912977218627930e-01,-9.999988675117492676e-01,9.999986290931701660e-01,-9.999919533729553223e-01,9.999966025352478027e-01,-9.999986290931701660e-01,9.999641180038452148e-01,9.999371170997619629e-01,-9.999985694885253906e-01,-9.999970793724060059e-01,9.999615550041198730e-01,9.999979734420776367e-01,9.999935030937194824e-01,-9.999984502792358398e-01,9.999981522560119629e-01,-9.999983310699462891e-01,9.999980926513671875e-01,9.999780654907226562e-01,-9.999989271163940430e-01,9.999979138374328613e-01,-9.999988079071044922e-01,9.999983310699462891e-01,9.999941587448120117e-01,9.999979734420776367e-01,9.999986886978149414e-01,-9.999957084655761719e-01,-9.999983310699462891e-01,9.999974966049194336e-01,9.999830722808837891e-01,9.999952316284179688e-01,-9.999893903732299805e-01,9.999964237213134766e-01
-9.999963641166687012e-01,9.999970793724060059e-01,9.999806284904479980e-01,-9.999962449073791504e-01,-9.999976754188537598e-01,9.999973177909851074e-01,-9.999915361404418945e-01,-9.999979734420776367e-01,9.999946951866149902e-01,-9.999953508377075195e-01,9.999970197677612305e-01,9.999977350234985352e-01,-9.999960660934448242e-01,-9.999967217445373535e-01,-9.999693632125854492e-01,-9.999940395355224609e-01,-9.999948740005493164e-01,9.999971389770507812e-01,-9.999863505363464355e-01,9.999980330467224121e-01,9.999977350234985352e-01,-9.999792575836181641e-01,-9.999966621398925781e-01,-9.999966025352478027e-01,-9.999773502349853516e-01,-9.999978542327880859e-01,9.999967217445373535e-01,9.999976158142089844e-01,-9.999676346778869629e-01,9.999907612800598145e-01,9.999860525131225586e-01,9.999967217445373535e-01,-9.999820590019226074e-01,-9.999936223030090332e-01,9.999943375587463379e-01,9.999176859855651855e-01,-9.999979138374328613e-01,-9.999970197677612305e-01,-9.999849200248718262e-01,9.999976158142089844e-01,-9.999970793724060059e-01,9.999918937683105469e-01,-9.999493360519409180e-01,-9.999975562095642090e-01,-9.999964237213134766e-01,-9.999964237213134766e-01,9.999767541885375977e-01,-9.999965429306030273e-01,-9.999974966049194336e-01,9.999969601631164551e-01,9.999973773956298828e-01,9.999958276748657227e-01,9.999974966049194336e-01,9.999836087226867676e-01,9.999951720237731934e-01,9.999961256980895996e-01,9.999926686286926270e-01,-9.997887611389160156e-01,-9.999949932098388672e-01,-9.999966621398925781e-01,9.999962449073791504e-01,-9.999977946281433105e-01,-9.999963641166687012e-01,-9.999899268150329590e-01,9.999908208847045898e-01,9.999975562095642090e-01,9.999979138374328613e-01,9.999908208847045898e-01,9.999976158142089844e-01,-9.999973177909851074e-01,9.999973773956298828e-01,-9.999959468841552734e-01,-9.999901652336120605e-01,9.999852776527404785e-01,9.999146461486816406e-01,9.999964237213134766e-01,-9.999853968620300293e-01,-9.999973773956298828e-01,9.999870061874389648e-01,9.999929666519165039e-01,9.992727041244506836e-01,-9.999951124191284180e-01,9.999975562095642090e-01,-9.999942779541015625e-01,9.999963641166687012e-01,9.999749660491943359e-01,-9.999753832817077637e-01,-9.999976158142089844e-01,-9.999343752861022949e-01,-9.999836087226867676e-01,9.999949932098388672e-01,-9.999965429306030273e-01,9.999553561210632324e-01,9.999957084655761719e-01,-9.999966621398925781e-01,9.999958276748657227e-01,9.999832510948181152e-01,-9.999978542327880859e-01,9.999974370002746582e-01,-9.999847412109375000e-01,9.999936819076538086e-01,-9.999973177909851074e-01,9.999314546585083008e-01,9.998800754547119141e-01,-9.999971389770507812e-01,-9.999944567680358887e-01,9.999267458915710449e-01,9.999960660934448242e-01,9.999874830245971680e-01,-9.999969005584716797e-01,9.999963045120239258e-01,-9.999967813491821289e-01,9.999963641166687012e-01,9.999578595161437988e-01,-9.999979138374328613e-01,9.999961853027343750e-01,-9.999976754188537598e-01,9.999969601631164551e-01,9.999888539314270020e-01,9.999960064888000488e-01,9.999975562095642090e-01,-9.999918341636657715e-01,-9.999969005584716797e-01,9.999951124191284180e-01,9.999675750732421875e-01,9.999908804893493652e-01,-9.999797344207763672e-01,9.999932646751403809e-01
9.998989701271057129e-01,-9.999173879623413086e-01,-9.994411468505859375e-01,9.998936653137207031e-01,9.999348521232604980e-01,-9.999258518218994141e-01,9.997547864913940430e-01,9.999408125877380371e-01,-9.998462200164794922e-01,9.998657107353210449e-01,-9.999157786369323730e-01,-9.999339580535888672e-01,9.998879432678222656e-01,9.999061226844787598e-01,9.991136193275451660e-01,9.998297691345214844e-01,9.998515844345092773e-01,-9.999178051948547363e-01,9.996019005775451660e-01,-9.999437928199768066e-01,-9.999371170997619629e-01,9.994006752967834473e-01,9.999080896377563477e-01,9.999057650566101074e-01,9.993442893028259277e-01,9.999399185180664062e-01,-9.999060034751892090e-01,-9.999344944953918457e-01,9.990641474723815918e-01,-9.997342228889465332e-01,-9.995961189270019531e-01,-9.999088644981384277e-01,9.994833469390869141e-01,9.998185634613037109e-01,-9.998388886451721191e-01,-9.976293444633483887e-01,9.999400973320007324e-01,9.999170303344726562e-01,9.995629787445068359e-01,-9.999331235885620117e-01,9.999172687530517578e-01,-9.997664093971252441e-01,9.985377192497253418e-01,9.999297261238098145e-01,9.998956918716430664e-01,9.998955726623535156e-01,-9.993271231651306152e-01,9.999011158943176270e-01,9.999283552169799805e-01,-9.999139308929443359e-01,-9.999247789382934570e-01,-9.998813867568969727e-01,-9.999303817749023438e-01,-9.995237588882446289e-01,-9.998603463172912598e-01,-9.998893141746520996e-01,-9.997887611389160156e-01,9.939290285110473633e-01,9.998580217361450195e-01,9.999043345451354980e-01,-9.998928904533386230e-01,9.999372363090515137e-01,9.998999238014221191e-01,9.997105002403259277e-01,-9.997370243072509766e-01,-9.999297261238098145e-01,-9.999414086341857910e-01,-9.997342228889465332e-01,-9.999322891235351562e-01,9.999232292175292969e-01,-9.999244213104248047e-01,9.998834729194641113e-01,9.997156262397766113e-01,-9.995735287666320801e-01,-9.975395798683166504e-01,-9.998973011970520020e-01,9.995776414871215820e-01,9.999246001243591309e-01,-9.996237754821777344e-01,-9.997965097427368164e-01,-9.794000387191772461e-01,9.998594522476196289e-01,-9.999303221702575684e-01,9.998342394828796387e-01,-9.998960494995117188e-01,-9.992754459381103516e-01,9.992883205413818359e-01,9.999347329139709473e-01,9.981082081794738770e-01,9.995270371437072754e-01,-9.998522400856018066e-01,9.999022483825683594e-01,-9.987136125564575195e-01,-9.998754262924194336e-01,9.999043345451354980e-01,-9.998785257339477539e-01,-9.995160698890686035e-01,9.999385476112365723e-01,-9.999283552169799805e-01,9.995614886283874512e-01,-9.998167157173156738e-01,9.999260902404785156e-01,-9.980242252349853516e-01,-9.965467453002929688e-01,9.999162554740905762e-01,9.998404383659362793e-01,-9.978896379470825195e-01,-9.998881816864013672e-01,-9.996407032012939453e-01,9.999107718467712402e-01,-9.998947381973266602e-01,9.999083280563354492e-01,-9.998955726623535156e-01,-9.987846016883850098e-01,9.999409317970275879e-01,-9.998873472213745117e-01,9.999344944953918457e-01,-9.999131560325622559e-01,-9.996772408485412598e-01,-9.998867511749267578e-01,-9.999298453330993652e-01,9.997635483741760254e-01,9.999107718467712402e-01,-9.998593926429748535e-01,-9.990633726119995117e-01,-9.997364282608032227e-01,9.994142651557922363e-01,-9.998049139976501465e-01
9.999975562095642090e-01,-9.999980330467224121e-01,-9.999869465827941895e-01,9.999974370002746582e-01,9.999984502792358398e-01,-9.999982714653015137e-01,9.999942779541015625e-01,9.999986886978149414e-01,-9.999963641166687012e-01,9.999968409538269043e-01,-9.999980330467224121e-01,-9.999985098838806152e-01,9.999973773956298828e-01,9.999977946281433105e-01,9.999793171882629395e-01,9.999958872795104980e-01,9.999964833259582520e-01,-9.999980330467224121e-01,9.999907612800598145e-01,-9.999986886978149414e-01,-9.999984502792358398e-01,9.999861717224121094e-01,9.999978542327880859e-01,9.999977946281433105e-01,9.999847412109375000e-01,9.999985098838806152e-01,-9.999977946281433105e-01,-9.999983906745910645e-01,9.999782443046569824e-01,-9.999938011169433594e-01,-9.999906420707702637e-01,-9.999977946281433105e-01,9.999879002571105957e-01,9.999957084655761719e-01,-9.999960660934448242e-01,-9.999446272850036621e-01,9.999985694885253906e-01,9.999980330467224121e-01,9.999898672103881836e-01,-9.999983310699462891e-01,9.999980330467224121e-01,-9.999945759773254395e-01,9.999659061431884766e-01,9.999982714653015137e-01,9.999975562095642090e-01,9.999975562095642090e-01,-9.999842643737792969e-01,9.999976754188537598e-01,9.999982118606567383e-01,-9.999979138374328613e-01,-9.999982118606567383e-01,-9.999971389770507812e-01,-9.999983310699462891e-01,-9.999889135360717773e-01,-9.999966025352478027e-01,-9.999973773956298828e-01,-9.999949932098388672e-01,9.998580217361450195e-01,9.999965429306030273e-01,9.999977350234985352e-01,-9.999974966049194336e-01,9.999985098838806152e-01,9.999975562095642090e-01,9.999932050704956055e-01,-9.999938011169433594e-01,-9.999983310699462891e-01,-9.999986290931701660e-01,-9.999938011169433594e-01,-9.999983906745910645e-01,9.999982118606567383e-01,-9.999982118606567383e-01,9.999972581863403320e-01,9.999935030937194824e-01,-9.999900460243225098e-01,-9.999425411224365234e-01,-9.999975562095642090e-01,9.999901056289672852e-01,9.999980926513671875e-01,-9.999912381172180176e-01,-9.999952912330627441e-01,-9.995110630989074707e-01,9.999966621398925781e-01,-9.999983310699462891e-01,9.999960660934448242e-01,-9.999975562095642090e-01,-9.999830722808837891e-01,9.999834895133972168e-01,9.999983906745910645e-01,9.999558925628662109e-01,9.999889135360717773e-01,-9.999965429306030273e-01,9.999976754188537598e-01,-9.999699592590332031e-01,-9.999969601631164551e-01,9.999976754188537598e-01,-9.999971389770507812e-01,-9.999887347221374512e-01,9.999985694885253906e-01,-9.999982118606567383e-01,9.999897480010986328e-01,-9.999956488609313965e-01,9.999981522560119629e-01,-9.999539256095886230e-01,-9.999192953109741211e-01,9.999980330467224121e-01,9.999962449073791504e-01,-9.999507069587707520e-01,-9.999973773956298828e-01,-9.999915957450866699e-01,9.999979138374328613e-01,-9.999974966049194336e-01,9.999977946281433105e-01,-9.999974966049194336e-01,-9.999717473983764648e-01,9.999985098838806152e-01,-9.999972581863403320e-01,9.999984502792358398e-01,-9.999979138374328613e-01,-9.999924898147583008e-01,-9.999973177909851074e-01,-9.999983310699462891e-01,9.999943971633911133e-01,9.999978542327880859e-01,-9.999966621398925781e-01,-9.999782443046569824e-01,-9.999938011169433594e-01,9.999864101409912109e-01,-9.999954104423522949e-01
9.999982714653015137e-01,-9.999986290931701660e-01,-9.999911785125732422e-01,9.999983310699462891e-01,9.999989867210388184e-01,-9.999987483024597168e-01,9.999961256980895996e-01,9.999991059303283691e-01,-9.999976158142089844e-01,9.999978542327880859e-01,-9.999986886978149414e-01,-9.999989867210388184e-01,9.999982118606567383e-01,9.999985694885253906e-01,9.999861121177673340e-01,9.999971985816955566e-01,9.999976158142089844e-01,-9.999986886978149414e-01,9.999938607215881348e-01,-9.999991655349731445e-01,-9.999990463256835938e-01,9.999906420707702637e-01,9.999984502792358398e-01,9.999985098838806152e-01,9.999897480010986328e-01,9.999989867210388184e-01,-9.999985098838806152e-01,-9.999989271163940430e-01,9.999854564666748047e-01,-9.999957680702209473e-01,-9.999936819076538086e-01,-9.999985694885253906e-01,9.999918937683105469e-01,9.999971389770507812e-01,-9.999974370002746582e-01,-9.999626874923706055e-01,9.999991059303283691e-01,9.999986886978149414e-01,9.999931454658508301e-01,-9.999988675117492676e-01,9.999986886978149414e-01,-9.999963045120239258e-01,9.999770522117614746e-01,9.999988675117492676e-01,9.999983310699462891e-01,9.999983310699462891e-01,-9.999894499778747559e-01,9.999984502792358398e-01,9.999988675117492676e-01,-9.999986290931701660e-01,-9.999988079071044922e-01,-9.999980926513671875e-01,-9.999988675117492676e-01,-9.999925494194030762e-01,-9.999977350234985352e-01,-9.999982118606567383e-01,-9.999966621398925781e-01,9.999043345451354980e-01,9.999977350234985352e-01,9.999984502792358398e-01,-9.999983906745910645e-01,9.999990463256835938e-01,9.999983906745910645e-01,9.999954104423522949e-01,-9.999958276748657227e-01,-9.999988675117492676e-01,-9.999991059303283691e-01,-9.999958276748657227e-01,-9.999988675117492676e-01,9.999988079071044922e-01,-9.999988079071044922e-01,9.999981522560119629e-01,9.999955892562866211e-01,-9.999933242797851562e-01,-9.999613165855407715e-01,-9.999983906745910645e-01,9.999933838844299316e-01,9.999987483024597168e-01,-9.999940395355224609e-01,-9.999967813491821289e-01,-9.996702671051025391e-01,9.999977946281433105e-01,-9.999988675117492676e-01,9.999973773956298828e-01,-9.999983310699462891e-01,-9.999886751174926758e-01,9.999887943267822266e-01,9.999989867210388184e-01,9.999703168869018555e-01,9.999926090240478516e-01,-9.999976754188537598e-01,9.999984502792358398e-01,-9.999797344207763672e-01,-9.999980330467224121e-01,9.999984502792358398e-01,-9.999980926513671875e-01,-9.999924302101135254e-01,9.999991059303283691e-01,-9.999988675117492676e-01,9.999931454658508301e-01,-9.999970793724060059e-01,9.999988079071044922e-01,-9.999690055847167969e-01,-9.999456405639648438e-01,9.999986886978149414e-01,9.999974370002746582e-01,-9.999668002128601074e-01,-9.999982118606567383e-01,-9.999943971633911133e-01,9.999985694885253906e-01,-9.999983310699462891e-01,9.999985694885253906e-01,-9.999982714653015137e-01,-9.999810457229614258e-01,9.999991059303283691e-01,-9.999982118606567383e-01,9.999990463256835938e-01,-9.999986290931701660e-01,-9.999949336051940918e-01,-9.999982118606567383e-01,-9.999988675117492676e-01,9.999963641166687012e-01,9.999985098838806152e-01,-9.999977350234985352e-01,-9.999853372573852539e-01,-9.999958872795104980e-01,9.999908208847045898e-01,-9.999969005584716797e-01
-9.999982118606567383e-01,9.999986290931701660e-01,9.999902248382568359e-01,-9.999980926513671875e-01,-9.999988675117492676e-01,9.999986886978149414e-01,-9.999957680702209473e-01,-9.999989867210388184e-01,9.999973177909851074e-01,-9.999976754188537598e-01,9.999985694885253906e-01,9.999988675117492676e-01,-9.999981522560119629e-01,-9.999984502792358398e-01,-9.999844431877136230e-01,-9.999969601631164551e-01,-9.999973773956298828e-01,9.999986290931701660e-01,-9.999931454658508301e-01,9.999990463256835938e-01,9.999988675117492676e-01,-9.999895691871643066e-01,-9.999983906745910645e-01,-9.999983310699462891e-01,-9.999884963035583496e-01,-9.999989271163940430e-01,9.999983310699462891e-01,9.999988079071044922e-01,-9.999836087226867676e-01,9.999953508377075195e-01,9.999929070472717285e-01,9.999983906745910645e-01,-9.999909400939941406e-01,-9.999967813491821289e-01,9.999971389770507812e-01,9.999583363533020020e-01,-9.999989867210388184e-01,-9.999986290931701660e-01,-9.999923706054687500e-01,9.999988079071044922e-01,-9.999986290931701660e-01,9.999959468841552734e-01,-9.999743700027465820e-01,-9.999988079071044922e-01,-9.999981522560119629e-01,-9.999982714653015137e-01,9.999881982803344727e-01,-9.999983310699462891e-01,-9.999987483024597168e-01,9.999985694885253906e-01,9.999986886978149414e-01,9.999979138374328613e-01,9.999987483024597168e-01,9.999917745590209961e-01,9.999974966049194336e-01,9.999981522560119629e-01,9.999962449073791504e-01,-9.998928904533386230e-01,-9.999974966049194336e-01,-9.999983906745910645e-01,9.999980926513671875e-01,-9.999988675117492676e-01,-9.999982118606567383e-01,-9.999949336051940918e-01,9.999953508377075195e-01,9.999987483024597168e-01,9.999989867210388184e-01,9.999954104423522949e-01,9.999988079071044922e-01,-9.999986886978149414e-01,9.999987483024597168e-01,-9.999979138374328613e-01,-9.999951124191284180e-01,9.999925494194030762e-01,9.999567270278930664e-01,9.999981522560119629e-01,-9.999926090240478516e-01,-9.999986886978149414e-01,9.999935030937194824e-01,9.999963641166687012e-01,9.996313452720642090e-01,-9.999975562095642090e-01,9.999987483024597168e-01,-9.999970793724060059e-01,9.999981522560119629e-01,9.999873042106628418e-01,-9.999875426292419434e-01,-9.999988675117492676e-01,-9.999668002128601074e-01,-9.999917149543762207e-01,9.999974370002746582e-01,-9.999982714653015137e-01,9.999774694442749023e-01,9.999978542327880859e-01,-9.999983906745910645e-01,9.999979138374328613e-01,9.999916553497314453e-01,-9.999989867210388184e-01,9.999987483024597168e-01,-9.999923110008239746e-01,9.999968409538269043e-01,-9.999986886978149414e-01,9.999653697013854980e-01,9.999392032623291016e-01,-9.999985694885253906e-01,-9.999971389770507812e-01,9.999629259109497070e-01,9.999981522560119629e-01,9.999936819076538086e-01,-9.999983906745910645e-01,9.999981522560119629e-01,-9.999984502792358398e-01,9.999981522560119629e-01,9.999787211418151855e-01,-9.999989867210388184e-01,9.999979734420776367e-01,-9.999988079071044922e-01,9.999984502792358398e-01,9.999943375587463379e-01,9.999980926513671875e-01,9.999987483024597168e-01,-9.999959468841552734e-01,-9.999983906745910645e-01,9.999975562095642090e-01,9.999836683273315430e-01,9.999954700469970703e-01,-9.999898076057434082e-01,9.999965429306030273e-01
9.999988675117492676e-01,-9.999991655349731445e-01,-9.999942779541015625e-01,9.999988675117492676e-01,9.999993443489074707e-01,-9.999992847442626953e-01,9.999974370002746582e-01,9.999994635581970215e-01,-9.999983906745910645e-01,9.999986886978149414e-01,-9.999991655349731445e-01,-9.999994039535522461e-01,9.999988079071044922e-01,9.999991059303283691e-01,9.999908804893493652e-01,9.999982118606567383e-01,9.999984502792358398e-01,-9.999992847442626953e-01,9.999958872795104980e-01,-9.999994635581970215e-01,-9.999994039535522461e-01,9.999938607215881348e-01,9.999991059303283691e-01,9.999991059303283691e-01,9.999932646751403809e-01,9.999994039535522461e-01,-9.999991059303283691e-01,-9.999992847442626953e-01,9.999904036521911621e-01,-9.999971389770507812e-01,-9.999957680702209473e-01,-9.999991059303283691e-01,9.999946951866149902e-01,9.999980926513671875e-01,-9.999983310699462891e-01,-9.999755620956420898e-01,9.999994039535522461e-01,9.999991655349731445e-01,9.999955296516418457e-01,-9.999993443489074707e-01,9.999992847442626953e-01,-9.999975562095642090e-01,9.999849796295166016e-01,9.999992847442626953e-01,9.999989867210388184e-01,9.999989867210388184e-01,-9.999930858612060547e-01,9.999990463256835938e-01,9.999992847442626953e-01,-9.999990463256835938e-01,-9.999992847442626953e-01,-9.999986886978149414e-01,-9.999992251396179199e-01,-9.999951720237731934e-01,-9.999985694885253906e-01,-9.999988675117492676e-01,-9.999977946281433105e-01,9.999372363090515137e-01,9.999985098838806152e-01,9.999990463256835938e-01,-9.999988675117492676e-01,9.999994039535522461e-01,9.999989867210388184e-01,9.999969005584716797e-01,-9.999972581863403320e-01,-9.999992847442626953e-01,-9.999994039535522461e-01,-9.999972581863403320e-01,-9.999993443489074707e-01,9.999992251396179199e-01,-9.999993443489074707e-01,9.999988079071044922e-01,9.999971389770507812e-01,-9.999956488609313965e-01,-9.999746084213256836e-01,-9.999989867210388184e-01,9.999956488609313965e-01,9.999991655349731445e-01,-9.999960660934448242e-01,-9.999978542327880859e-01,-9.997841119766235352e-01,9.999985098838806152e-01,-9.999993443489074707e-01,9.999982714653015137e-01,-9.999989271163940430e-01,-9.999925494194030762e-01,9.999927282333374023e-01,9.999993443489074707e-01,9.999805688858032227e-01,9.999950528144836426e-01,-9.999984502792358398e-01,9.999989867210388184e-01,-9.999867677688598633e-01,-9.999986886978149414e-01,9.999990463256835938e-01,-9.999987483024597168e-01,-9.999950528144836426e-01,9.999994039535522461e-01,-9.999992251396179199e-01,9.999954104423522949e-01,-9.999980926513671875e-01,9.999992847442626953e-01,-9.999796748161315918e-01,-9.999644756317138672e-01,9.999991655349731445e-01,9.999983310699462891e-01,-9.999782443046569824e-01,-9.999988079071044922e-01,-9.999962449073791504e-01,9.999991059303283691e-01,-9.999989271163940430e-01,9.999991059303283691e-01,-9.999988675117492676e-01,-9.999876022338867188e-01,9.999994039535522461e-01,-9.999988079071044922e-01,9.999994635581970215e-01,-9.999991655349731445e-01,-9.999966621398925781e-01,-9.999988079071044922e-01,-9.999992847442626953e-01,9.999974370002746582e-01,9.999991059303283691e-01,-9.999985098838806152e-01,-9.999904036521911621e-01,-9.999972581863403320e-01,9.999939799308776855e-01,-9.999979734420776367e-01
9.999983310699462891e-01,-9.999986290931701660e-01,-9.999907612800598145e-01,9.999982118606567383e-01,9.999989271163940430e-01,-9.999987483024597168e-01,9.999960660934448242e-01,9.999991655349731445e-01,-9.999974966049194336e-01,9.999977946281433105e-01,-9.999985098838806152e-01,-9.999989867210388184e-01,9.999981522560119629e-01,9.999984502792358398e-01,9.999855160713195801e-01,9.999971985816955566e-01,9.999976158142089844e-01,-9.999986886978149414e-01,9.999935030937194824e-01,-9.999991059303283691e-01,-9.999989271163940430e-01,9.999901652336120605e-01,9.999984502792358398e-01,9.999984502792358398e-01,9.999893307685852051e-01,9.999990463256835938e-01,-9.999984502792358398e-01,-9.999989271163940430e-01,9.999846816062927246e-01,-9.999956488609313965e-01,-9.999933838844299316e-01,-9.999983906745910645e-01,9.999915361404418945e-01,9.999969601631164551e-01,-9.999973177909851074e-01,-9.999609589576721191e-01,9.999990463256835938e-01,9.999986290931701660e-01,9.999928474426269531e-01,-9.999988079071044922e-01,9.999986290931701660e-01,-9.999961256980895996e-01,9.999761581420898438e-01,9.999987483024597168e-01,9.999982714653015137e-01,9.999982714653015137e-01,-9.999889731407165527e-01,9.999983310699462891e-01,9.999988079071044922e-01,-9.999985694885253906e-01,-9.999988079071044922e-01,-9.999979138374328613e-01,-9.999988675117492676e-01,-9.999921917915344238e-01,-9.999976754188537598e-01,-9.999981522560119629e-01,-9.999963641166687012e-01,9.998999238014221191e-01,9.999975562095642090e-01,9.999983906745910645e-01,-9.999982118606567383e-01,9.999989867210388184e-01,9.999983310699462891e-01,9.999951720237731934e-01,-9.999956488609313965e-01,-9.999988079071044922e-01,-9.999991059303283691e-01,-9.999956488609313965e-01,-9.999988675117492676e-01,9.999987483024597168e-01,-9.999987483024597168e-01,9.999980926513671875e-01,9.999954104423522949e-01,-9.999930262565612793e-01,-9.999595284461975098e-01,-9.999982714653015137e-01,9.999930858612060547e-01,9.999986886978149414e-01,-9.999938607215881348e-01,-9.999967217445373535e-01,-9.996554851531982422e-01,9.999976754188537598e-01,-9.999988675117492676e-01,9.999972581863403320e-01,-9.999982714653015137e-01,-9.999881386756896973e-01,9.999883770942687988e-01,9.999989271163940430e-01,9.999690055847167969e-01,9.999922513961791992e-01,-9.999975562095642090e-01,9.999983906745910645e-01,-9.999789595603942871e-01,-9.999979138374328613e-01,9.999985098838806152e-01,-9.999979734420776367e-01,-9.999920725822448730e-01,9.999989867210388184e-01,-9.999988079071044922e-01,9.999928474426269531e-01,-9.999969601631164551e-01,9.999987483024597168e-01,-9.999675750732421875e-01,-9.999431967735290527e-01,9.999986886978149414e-01,9.999972581863403320e-01,-9.999652504920959473e-01,-9.999981522560119629e-01,-9.999940991401672363e-01,9.999985098838806152e-01,-9.999981522560119629e-01,9.999983906745910645e-01,-9.999981522560119629e-01,-9.999800920486450195e-01,9.999991059303283691e-01,-9.999981522560119629e-01,9.999989271163940430e-01,-9.999984502792358398e-01,-9.999946951866149902e-01,-9.999980926513671875e-01,-9.999988079071044922e-01,9.999960660934448242e-01,9.999985098838806152e-01,-9.999976754188537598e-01,-9.999846816062927246e-01,-9.999957084655761719e-01,9.999904036521911621e-01,-9.999967813491821289e-01
9.999951720237731934e-01,-9.999958872795104980e-01,-9.999734163284301758e-01,9.999948740005493164e-01,9.999967813491821289e-01,-9.999963045120239258e-01,9.999883770942687988e-01,9.999971389770507812e-01,-9.999927282333374023e-01,9.999936223030090332e-01,-9.999959468841552734e-01,-9.999968409538269043e-01,9.999946355819702148e-01,9.999955296516418457e-01,9.999578595161437988e-01,9.999918937683105469e-01,9.999929666519165039e-01,-9.999959468841552734e-01,9.999811649322509766e-01,-9.999973177909851074e-01,-9.999969005584716797e-01,9.999716281890869141e-01,9.999955892562866211e-01,9.999954700469970703e-01,9.999688267707824707e-01,9.999970197677612305e-01,-9.999955296516418457e-01,-9.999967813491821289e-01,9.999555945396423340e-01,-9.999873042106628418e-01,-9.999808073043823242e-01,-9.999957084655761719e-01,9.999754428863525391e-01,9.999913573265075684e-01,-9.999923706054687500e-01,-9.998872876167297363e-01,9.999971389770507812e-01,9.999958872795104980e-01,9.999793171882629395e-01,-9.999967217445373535e-01,9.999960064888000488e-01,-9.999888539314270020e-01,9.999305009841918945e-01,9.999965429306030273e-01,9.999950528144836426e-01,9.999950528144836426e-01,-9.999679923057556152e-01,9.999952912330627441e-01,9.999965429306030273e-01,-9.999959468841552734e-01,-9.999963641166687012e-01,-9.999942779541015625e-01,-9.999965429306030273e-01,-9.999774694442749023e-01,-9.999932646751403809e-01,-9.999946951866149902e-01,-9.999899268150329590e-01,9.997105002403259277e-01,9.999932050704956055e-01,9.999954104423522949e-01,-9.999949336051940918e-01,9.999969005584716797e-01,9.999951720237731934e-01,9.999861717224121094e-01,-9.999873638153076172e-01,-9.999966025352478027e-01,-9.999971985816955566e-01,-9.999874234199523926e-01,-9.999966621398925781e-01,9.999961853027343750e-01,-9.999963641166687012e-01,9.999944567680358887e-01,9.999865293502807617e-01,-9.999797940254211426e-01,-9.998829960823059082e-01,-9.999950528144836426e-01,9.999799728393554688e-01,9.999962449073791504e-01,-9.999821186065673828e-01,-9.999903440475463867e-01,-9.990040063858032227e-01,9.999933242797851562e-01,-9.999965429306030273e-01,9.999921321868896484e-01,-9.999949932098388672e-01,-9.999655485153198242e-01,9.999662041664123535e-01,9.999967813491821289e-01,9.999100565910339355e-01,9.999775886535644531e-01,-9.999929070472717285e-01,9.999952912330627441e-01,-9.999389648437500000e-01,-9.999940395355224609e-01,9.999954700469970703e-01,-9.999942183494567871e-01,-9.999771118164062500e-01,9.999969601631164551e-01,-9.999964833259582520e-01,9.999790787696838379e-01,-9.999912977218627930e-01,9.999963641166687012e-01,-9.999060630798339844e-01,-9.998357295989990234e-01,9.999959468841552734e-01,9.999923110008239746e-01,-9.998996853828430176e-01,-9.999946355819702148e-01,-9.999829530715942383e-01,9.999957680702209473e-01,-9.999949336051940918e-01,9.999955892562866211e-01,-9.999949336051940918e-01,-9.999423027038574219e-01,9.999970793724060059e-01,-9.999945759773254395e-01,9.999967813491821289e-01,-9.999958276748657227e-01,-9.999846220016479492e-01,-9.999946355819702148e-01,-9.999965429306030273e-01,9.999887943267822266e-01,9.999957084655761719e-01,-9.999933242797851562e-01,-9.999555349349975586e-01,-9.999874234199523926e-01,9.999722838401794434e-01,-9.999907016754150391e-01
-9.999955296516418457e-01,9.999964237213134766e-01,9.999758601188659668e-01,-9.999953508377075195e-01,-9.999970793724060059e-01,9.999966621398925781e-01,-9.999894499778747559e-01,-9.999974370002746582e-01,9.999933838844299316e-01,-9.999942183494567871e-01,9.999963045120239258e-01,9.999971389770507812e-01,-9.999951124191284180e-01,-9.999958872795104980e-01,-9.999616146087646484e-01,-9.999926686286926270e-01,-9.999935030937194824e-01,9.999963045120239258e-01,-9.999828338623046875e-01,9.999974966049194336e-01,9.999971985816955566e-01,-9.999741911888122559e-01,-9.999958872795104980e-01,-9.999958872795104980e-01,-9.999718070030212402e-01,-9.999973177909851074e-01,9.999959468841552734e-01,9.999970793724060059e-01,-9.999595880508422852e-01,9.999884963035583496e-01,9.999825358390808105e-01,9.999958872795104980e-01,-9.999777078628540039e-01,-9.999921917915344238e-01,9.999929666519165039e-01,9.998975396156311035e-01,-9.999973773956298828e-01,-9.999962449073791504e-01,-9.999811053276062012e-01,9.999970197677612305e-01,-9.999963641166687012e-01,9.999898672103881836e-01,-9.999369382858276367e-01,-9.999969601631164551e-01,-9.999955296516418457e-01,-9.999954104423522949e-01,9.999710321426391602e-01,-9.999957680702209473e-01,-9.999969005584716797e-01,9.999961256980895996e-01,9.999967217445373535e-01,9.999948143959045410e-01,9.999969005584716797e-01,9.999794363975524902e-01,9.999939203262329102e-01,9.999952316284179688e-01,9.999908208847045898e-01,-9.997370243072509766e-01,-9.999938011169433594e-01,-9.999958276748657227e-01,9.999953508377075195e-01,-9.999972581863403320e-01,-9.999956488609313965e-01,-9.999873638153076172e-01,9.999886155128479004e-01,9.999968409538269043e-01,9.999974370002746582e-01,9.999885559082031250e-01,9.999969601631164551e-01,-9.999965429306030273e-01,9.999966025352478027e-01,-9.999949336051940918e-01,-9.999877810478210449e-01,9.999815821647644043e-01,9.998936653137207031e-01,9.999955296516418457e-01,-9.999818205833435059e-01,-9.999967217445373535e-01,9.999837875366210938e-01,9.999912381172180176e-01,9.990949630737304688e-01,-9.999938607215881348e-01,9.999968409538269043e-01,-9.999927878379821777e-01,9.999954700469970703e-01,9.999688267707824707e-01,-9.999692440032958984e-01,-9.999970793724060059e-01,-9.999182820320129395e-01,-9.999795556068420410e-01,9.999936223030090332e-01,-9.999957084655761719e-01,9.999445080757141113e-01,9.999945759773254395e-01,-9.999958276748657227e-01,9.999947547912597656e-01,9.999791979789733887e-01,-9.999973177909851074e-01,9.999967813491821289e-01,-9.999809861183166504e-01,9.999921321868896484e-01,-9.999966621398925781e-01,9.999147057533264160e-01,9.998507499694824219e-01,-9.999962449073791504e-01,-9.999930262565612793e-01,9.999088048934936523e-01,9.999951124191284180e-01,9.999844431877136230e-01,-9.999961256980895996e-01,9.999954104423522949e-01,-9.999958872795104980e-01,9.999953508377075195e-01,9.999475479125976562e-01,-9.999974370002746582e-01,9.999951124191284180e-01,-9.999970793724060059e-01,9.999961853027343750e-01,9.999859929084777832e-01,9.999950528144836426e-01,9.999968409538269043e-01,-9.999897480010986328e-01,-9.999960064888000488e-01,9.999938607215881348e-01,9.999595284461975098e-01,9.999885559082031250e-01,-9.999747872352600098e-01,9.999914765357971191e-01
-9.999987483024597168e-01,9.999991059303283691e-01,9.999935626983642578e-01,-9.999987483024597168e-01,-9.999992847442626953e-01,9.999991059303283691e-01,-9.999971985816955566e-01,-9.999994039535522461e-01,9.999983310699462891e-01,-9.999984502792358398e-01,9.999990463256835938e-01,9.999993443489074707e-01,-9.999986886978149414e-01,-9.999989867210388184e-01,-9.999897480010986328e-01,-9.999980330467224121e-01,-9.999982714653015137e-01,9.999991059303283691e-01,-9.999954700469970703e-01,9.999994039535522461e-01,9.999992847442626953e-01,-9.999932050704956055e-01,-9.999988675117492676e-01,-9.999989271163940430e-01,-9.999924302101135254e-01,-9.999993443489074707e-01,9.999989271163940430e-01,9.999992847442626953e-01,-9.999892115592956543e-01,9.999969005584716797e-01,9.999952912330627441e-01,9.999989271163940430e-01,-9.999940395355224609e-01,-9.999978542327880859e-01,9.999980926513671875e-01,9.999725818634033203e-01,-9.999994039535522461e-01,-9.999992251396179199e-01,-9.999950528144836426e-01,9.999992847442626953e-01,-9.999991059303283691e-01,9.999973773956298828e-01,-9.999832510948181152e-01,-9.999991059303283691e-01,-9.999988079071044922e-01,-9.999988675117492676e-01,9.999922513961791992e-01,-9.999988675117492676e-01,-9.999992251396179199e-01,9.999989271163940430e-01,9.999991655349731445e-01,9.999986290931701660e-01,9.999991655349731445e-01,9.999945163726806641e-01,9.999983906745910645e-01,9.999986886978149414e-01,9.999975562095642090e-01,-9.999297261238098145e-01,-9.999983310699462891e-01,-9.999988675117492676e-01,9.999987483024597168e-01,-9.999992847442626953e-01,-9.999988079071044922e-01,-9.999966025352478027e-01,9.999968409538269043e-01,9.999992251396179199e-01,9.999993443489074707e-01,9.999969601631164551e-01,9.999992847442626953e-01,-9.999991655349731445e-01,9.999991655349731445e-01,-9.999987483024597168e-01,-9.999967813491821289e-01,9.999951124191284180e-01,9.999716281890869141e-01,9.999988675117492676e-01,-9.999951124191284180e-01,-9.999991655349731445e-01,9.999956488609313965e-01,9.999976754188537598e-01,9.997579455375671387e-01,-9.999983310699462891e-01,9.999992251396179199e-01,-9.999980926513671875e-01,9.999988675117492676e-01,9.999915957450866699e-01,-9.999918341636657715e-01,-9.999991655349731445e-01,-9.999781847000122070e-01,-9.999945759773254395e-01,9.999982714653015137e-01,-9.999988675117492676e-01,9.999852180480957031e-01,9.999985694885253906e-01,-9.999989271163940430e-01,9.999986886978149414e-01,9.999944567680358887e-01,-9.999993443489074707e-01,9.999992251396179199e-01,-9.999949336051940918e-01,9.999978542327880859e-01,-9.999991655349731445e-01,9.999772310256958008e-01,9.999600648880004883e-01,-9.999991059303283691e-01,-9.999980330467224121e-01,9.999756813049316406e-01,9.999986886978149414e-01,9.999958872795104980e-01,-9.999989867210388184e-01,9.999987483024597168e-01,-9.999989271163940430e-01,9.999986886978149414e-01,9.999859929084777832e-01,-9.999993443489074707e-01,9.999986886978149414e-01,-9.999992847442626953e-01,9.999990463256835938e-01,9.999963641166687012e-01,9.999987483024597168e-01,9.999992251396179199e-01,-9.999972581863403320e-01,-9.999989867210388184e-01,9.999984502792358398e-01,9.999892115592956543e-01,9.999969005584716797e-01,-9.999932646751403809e-01,9.999977350234985352e-01
-9.999990463256835938e-01,9.999991655349731445e-01,9.999945759773254395e-01,-9.999989867210388184e-01,-9.999994039535522461e-01,9.999993443489074707e-01,-9.999976754188537598e-01,-9.999995231628417969e-01,9.999985694885253906e-01,-9.999986886978149414e-01,9.999992251396179199e-01,9.999994635581970215e-01,-9.999989271163940430e-01,-9.999991655349731445e-01,-9.999914765357971191e-01,-9.999983310699462891e-01,-9.999985694885253906e-01,9.999993443489074707e-01,-9.999961256980895996e-01,9.999994635581970215e-01,9.999994039535522461e-01,-9.999942779541015625e-01,-9.999991655349731445e-01,-9.999990463256835938e-01,-9.999936819076538086e-01,-9.999994635581970215e-01,9.999991655349731445e-01,9.999994039535522461e-01,-9.999910593032836914e-01,9.999974370002746582e-01,9.999959468841552734e-01,9.999991655349731445e-01,-9.999950528144836426e-01,-9.999982118606567383e-01,9.999984502792358398e-01,9.999771118164062500e-01,-9.999994635581970215e-01,-9.999992251396179199e-01,-9.999958276748657227e-01,9.999992847442626953e-01,-9.999992251396179199e-01,9.999977946281433105e-01,-9.999859333038330078e-01,-9.999993443489074707e-01,-9.999989867210388184e-01,-9.999990463256835938e-01,9.999935626983642578e-01,-9.999991059303283691e-01,-9.999993443489074707e-01,9.999992251396179199e-01,9.999994039535522461e-01,9.999988079071044922e-01,9.999993443489074707e-01,9.999954700469970703e-01,9.999986290931701660e-01,9.999989271163940430e-01,9.999979138374328613e-01,-9.999414086341857910e-01,-9.999986290931701660e-01,-9.999991059303283691e-01,9.999989867210388184e-01,-9.999994039535522461e-01,-9.999991059303283691e-01,-9.999971985816955566e-01,9.999974370002746582e-01,9.999993443489074707e-01,9.999994635581970215e-01,9.999974370002746582e-01,9.999994039535522461e-01,-9.999992847442626953e-01,9.999992847442626953e-01,-9.999989271163940430e-01,-9.999973177909851074e-01,9.999958872795104980e-01,9.999762773513793945e-01,9.999990463256835938e-01,-9.999959468841552734e-01,-9.999992847442626953e-01,9.999963641166687012e-01,9.999981522560119629e-01,9.997980594635009766e-01,-9.999986290931701660e-01,9.999993443489074707e-01,-9.999983906745910645e-01,9.999990463256835938e-01,9.999930262565612793e-01,-9.999931454658508301e-01,-9.999993443489074707e-01,-9.999818205833435059e-01,-9.999954700469970703e-01,9.999986290931701660e-01,-9.999991059303283691e-01,9.999876618385314941e-01,9.999988079071044922e-01,-9.999992251396179199e-01,9.999988079071044922e-01,9.999953508377075195e-01,-9.999994635581970215e-01,9.999992847442626953e-01,-9.999957084655761719e-01,9.999982118606567383e-01,-9.999993443489074707e-01,9.999810457229614258e-01,9.999667406082153320e-01,-9.999992251396179199e-01,-9.999984502792358398e-01,9.999796748161315918e-01,9.999989271163940430e-01,9.999964833259582520e-01,-9.999992847442626953e-01,9.999989867210388184e-01,-9.999991655349731445e-01,9.999989271163940430e-01,9.999884366989135742e-01,-9.999994635581970215e-01,9.999989271163940430e-01,-9.999994039535522461e-01,9.999992251396179199e-01,9.999968409538269043e-01,9.999988675117492676e-01,9.999993443489074707e-01,-9.999976754188537598e-01,-9.999991655349731445e-01,9.999986290931701660e-01,9.999909996986389160e-01,9.999974370002746582e-01,-9.999944567680358887e-01,9.999980926513671875e-01
-9.999955892562866211e-01,9.999963641166687012e-01,9.999756217002868652e-01,-9.999953508377075195e-01,-9.999971389770507812e-01,9.999967217445373535e-01,-9.999893903732299805e-01,-9.999974370002746582e-01,9.999933838844299316e-01,-9.999941587448120117e-01,9.999961853027343750e-01,9.999971985816955566e-01,-9.999951124191284180e-01,-9.999959468841552734e-01,-9.999613761901855469e-01,-9.999926090240478516e-01,-9.999936223030090332e-01,9.999963641166687012e-01,-9.999827742576599121e-01,9.999974966049194336e-01,9.999971985816955566e-01,-9.999740123748779297e-01,-9.999959468841552734e-01,-9.999958872795104980e-01,-9.999715089797973633e-01,-9.999973773956298828e-01,9.999959468841552734e-01,9.999971389770507812e-01,-9.999592304229736328e-01,9.999884366989135742e-01,9.999824166297912598e-01,9.999960064888000488e-01,-9.999775290489196777e-01,-9.999921321868896484e-01,9.999929666519165039e-01,9.998964667320251465e-01,-9.999973773956298828e-01,-9.999963641166687012e-01,-9.999810457229614258e-01,9.999970793724060059e-01,-9.999963641166687012e-01,9.999899268150329590e-01,-9.999363422393798828e-01,-9.999969005584716797e-01,-9.999955296516418457e-01,-9.999955296516418457e-01,9.999707341194152832e-01,-9.999957680702209473e-01,-9.999968409538269043e-01,9.999963045120239258e-01,9.999966621398925781e-01,9.999948740005493164e-01,9.999969005584716797e-01,9.999793767929077148e-01,9.999939203262329102e-01,9.999952316284179688e-01,9.999908208847045898e-01,-9.997342228889465332e-01,-9.999938011169433594e-01,-9.999958276748657227e-01,9.999954104423522949e-01,-9.999972581863403320e-01,-9.999956488609313965e-01,-9.999874234199523926e-01,9.999885559082031250e-01,9.999969601631164551e-01,9.999974370002746582e-01,9.999884366989135742e-01,9.999970197677612305e-01,-9.999967217445373535e-01,9.999967813491821289e-01,-9.999949336051940918e-01,-9.999877214431762695e-01,9.999814629554748535e-01,9.998925924301147461e-01,9.999955892562866211e-01,-9.999816417694091797e-01,-9.999966621398925781e-01,9.999836683273315430e-01,9.999912381172180176e-01,9.990851283073425293e-01,-9.999939799308776855e-01,9.999969005584716797e-01,-9.999927878379821777e-01,9.999954700469970703e-01,9.999684691429138184e-01,-9.999690651893615723e-01,-9.999971389770507812e-01,-9.999174475669860840e-01,-9.999794363975524902e-01,9.999936819076538086e-01,-9.999958276748657227e-01,9.999439120292663574e-01,9.999945759773254395e-01,-9.999958872795104980e-01,9.999948143959045410e-01,9.999789595603942871e-01,-9.999973773956298828e-01,9.999968409538269043e-01,-9.999808669090270996e-01,9.999920129776000977e-01,-9.999967217445373535e-01,9.999138116836547852e-01,9.998492002487182617e-01,-9.999964237213134766e-01,-9.999930858612060547e-01,9.999078512191772461e-01,9.999951124191284180e-01,9.999842643737792969e-01,-9.999960660934448242e-01,9.999954104423522949e-01,-9.999959468841552734e-01,9.999954700469970703e-01,9.999471306800842285e-01,-9.999974966049194336e-01,9.999951124191284180e-01,-9.999971985816955566e-01,9.999961853027343750e-01,9.999860525131225586e-01,9.999950528144836426e-01,9.999969005584716797e-01,-9.999896883964538574e-01,-9.999960660934448242e-01,9.999938607215881348e-01,9.999591708183288574e-01,9.999885559082031250e-01,-9.999746084213256836e-01,9.999915361404418945e-01
-9.999987483024597168e-01,9.999990463256835938e-01,9.999937415122985840e-01,-9.999987483024597168e-01,-9.999992251396179199e-01,9.999991059303283691e-01,-9.999973177909851074e-01,-9.999993443489074707e-01,9.999982714653015137e-01,-9.999985098838806152e-01,9.999991059303283691e-01,9.999994039535522461e-01,-9.999987483024597168e-01,-9.999989271163940430e-01,-9.999901652336120605e-01,-9.999980926513671875e-01,-9.999983310699462891e-01,9.999991059303283691e-01,-9.999955892562866211e-01,9.999993443489074707e-01,9.999992251396179199e-01,-9.999934434890747070e-01,-9.999989271163940430e-01,-9.999988675117492676e-01,-9.999927282333374023e-01,-9.999993443489074707e-01,9.999989271163940430e-01,9.999992847442626953e-01,-9.999896287918090820e-01,9.999970197677612305e-01,9.999954700469970703e-01,9.999989271163940430e-01,-9.999942183494567871e-01,-9.999979138374328613e-01,9.999982118606567383e-01,9.999735951423645020e-01,-9.999993443489074707e-01,-9.999989867210388184e-01,-9.999951720237731934e-01,9.999992251396179199e-01,-9.999991059303283691e-01,9.999973773956298828e-01,-9.999837875366210938e-01,-9.999992847442626953e-01,-9.999988079071044922e-01,-9.999988079071044922e-01,9.999924302101135254e-01,-9.999989271163940430e-01,-9.999991655349731445e-01,9.999991059303283691e-01,9.999992251396179199e-01,9.999985694885253906e-01,9.999992847442626953e-01,9.999948143959045410e-01,9.999984502792358398e-01,9.999987483024597168e-01,9.999976158142089844e-01,-9.999322891235351562e-01,-9.999983906745910645e-01,-9.999988675117492676e-01,9.999988079071044922e-01,-9.999993443489074707e-01,-9.999988675117492676e-01,-9.999966621398925781e-01,9.999969601631164551e-01,9.999992847442626953e-01,9.999994039535522461e-01,9.999970197677612305e-01,9.999992847442626953e-01,-9.999991655349731445e-01,9.999992251396179199e-01,-9.999986290931701660e-01,-9.999967813491821289e-01,9.999952316284179688e-01,9.999727010726928711e-01,9.999988675117492676e-01,-9.999952316284179688e-01,-9.999992251396179199e-01,9.999958276748657227e-01,9.999977946281433105e-01,9.997670650482177734e-01,-9.999984502792358398e-01,9.999992847442626953e-01,-9.999981522560119629e-01,9.999988079071044922e-01,9.999918937683105469e-01,-9.999921321868896484e-01,-9.999992847442626953e-01,-9.999790191650390625e-01,-9.999946951866149902e-01,9.999984502792358398e-01,-9.999989271163940430e-01,9.999857544898986816e-01,9.999986290931701660e-01,-9.999989271163940430e-01,9.999986290931701660e-01,9.999946355819702148e-01,-9.999992847442626953e-01,9.999992251396179199e-01,-9.999950528144836426e-01,9.999979138374328613e-01,-9.999991059303283691e-01,9.999781250953674316e-01,9.999616146087646484e-01,-9.999991059303283691e-01,-9.999982118606567383e-01,9.999765157699584961e-01,9.999987483024597168e-01,9.999958276748657227e-01,-9.999990463256835938e-01,9.999988079071044922e-01,-9.999989867210388184e-01,9.999987483024597168e-01,9.999865293502807617e-01,-9.999994039535522461e-01,9.999986886978149414e-01,-9.999992847442626953e-01,9.999989867210388184e-01,9.999963641166687012e-01,9.999987483024597168e-01,9.999991655349731445e-01,-9.999973177909851074e-01,-9.999990463256835938e-01,9.999983906745910645e-01,9.999896287918090820e-01,9.999969601631164551e-01,-9.999935030937194824e-01,9.999977350234985352e-01
9.999986886978149414e-01,-9.999989271163940430e-01,-9.999929666519165039e-01,9.999986290931701660e-01,9.999992251396179199e-01,-9.999991059303283691e-01,9.999969601631164551e-01,9.999992847442626953e-01,-9.999980330467224121e-01,9.999982714653015137e-01,-9.999989271163940430e-01,-9.999992251396179199e-01,9.999985694885253906e-01,9.999988675117492676e-01,9.999887943267822266e-01,9.999978542327880859e-01,9.999980926513671875e-01,-9.999989867210388184e-01,9.999949932098388672e-01,-9.999993443489074707e-01,-9.999992251396179199e-01,9.999924898147583008e-01,9.999988079071044922e-01,9.999987483024597168e-01,9.999917745590209961e-01,9.999992847442626953e-01,-9.999988079071044922e-01,-9.999992251396179199e-01,9.999883174896240234e-01,-9.999966025352478027e-01,-9.999949336051940918e-01,-9.999988675117492676e-01,9.999935030937194824e-01,9.999976754188537598e-01,-9.999979734420776367e-01,-9.999701380729675293e-01,9.999993443489074707e-01,9.999989867210388184e-01,9.999945163726806641e-01,-9.999992251396179199e-01,9.999989271163940430e-01,-9.999970793724060059e-01,9.999815821647644043e-01,9.999991655349731445e-01,9.999987483024597168e-01,9.999987483024597168e-01,-9.999914765357971191e-01,9.999987483024597168e-01,9.999991655349731445e-01,-9.999989271163940430e-01,-9.999991059303283691e-01,-9.999985098838806152e-01,-9.999991655349731445e-01,-9.999940991401672363e-01,-9.999982118606567383e-01,-9.999985694885253906e-01,-9.999973177909851074e-01,9.999232292175292969e-01,9.999982118606567383e-01,9.999988079071044922e-01,-9.999986886978149414e-01,9.999992251396179199e-01,9.999987483024597168e-01,9.999961853027343750e-01,-9.999965429306030273e-01,-9.999991655349731445e-01,-9.999992847442626953e-01,-9.999967217445373535e-01,-9.999991655349731445e-01,9.999991655349731445e-01,-9.999991059303283691e-01,9.999985098838806152e-01,9.999964833259582520e-01,-9.999946355819702148e-01,-9.999690055847167969e-01,-9.999986886978149414e-01,9.999946951866149902e-01,9.999991059303283691e-01,-9.999952912330627441e-01,-9.999974966049194336e-01,-9.997354745864868164e-01,9.999983310699462891e-01,-9.999992847442626953e-01,9.999979138374328613e-01,-9.999986886978149414e-01,-9.999908208847045898e-01,9.999910593032836914e-01,9.999992251396179199e-01,9.999762177467346191e-01,9.999940395355224609e-01,-9.999980926513671875e-01,9.999987483024597168e-01,-9.999838471412658691e-01,-9.999983906745910645e-01,9.999988079071044922e-01,-9.999984502792358398e-01,-9.999940395355224609e-01,9.999993443489074707e-01,-9.999991655349731445e-01,9.999943971633911133e-01,-9.999976754188537598e-01,9.999991059303283691e-01,-9.999752044677734375e-01,-9.999564886093139648e-01,9.999989271163940430e-01,9.999979734420776367e-01,-9.999734163284301758e-01,-9.999985694885253906e-01,-9.999954700469970703e-01,9.999988675117492676e-01,-9.999986290931701660e-01,9.999988079071044922e-01,-9.999985694885253906e-01,-9.999847412109375000e-01,9.999992847442626953e-01,-9.999986290931701660e-01,9.999992251396179199e-01,-9.999988675117492676e-01,-9.999959468841552734e-01,-9.999985694885253906e-01,-9.999991655349731445e-01,9.999969601631164551e-01,9.999988675117492676e-01,-9.999983310699462891e-01,-9.999881982803344727e-01,-9.999966621398925781e-01,9.999926686286926270e-01,-9.999974966049194336e-01
-9.999986290931701660e-01,9.999989867210388184e-01,9.999930858612060547e-01,-9.999987483024597168e-01,-9.999993443489074707e-01,9.999991059303283691e-01,-9.999970197677612305e-01,-9.999994039535522461e-01,9.999982118606567383e-01,-9.999983906745910645e-01,9.999989271163940430e-01,9.999993443489074707e-01,-9.999986886978149414e-01,-9.999988079071044922e-01,-9.999890327453613281e-01,-9.999978542327880859e-01,-9.999981522560119629e-01,9.999990463256835938e-01,-9.999951720237731934e-01,9.999993443489074707e-01,9.999992847442626953e-01,-9.999926090240478516e-01,-9.999989271163940430e-01,-9.999988079071044922e-01,-9.999919533729553223e-01,-9.999994039535522461e-01,9.999988675117492676e-01,9.999992251396179199e-01,-9.999884963035583496e-01,9.999966621398925781e-01,9.999949932098388672e-01,9.999989271163940430e-01,-9.999936223030090332e-01,-9.999977350234985352e-01,9.999979734420776367e-01,9.999706149101257324e-01,-9.999994039535522461e-01,-9.999989867210388184e-01,-9.999945759773254395e-01,9.999992251396179199e-01,-9.999990463256835938e-01,9.999971389770507812e-01,-9.999819993972778320e-01,-9.999991655349731445e-01,-9.999987483024597168e-01,-9.999987483024597168e-01,9.999916553497314453e-01,-9.999989271163940430e-01,-9.999991655349731445e-01,9.999989271163940430e-01,9.999991059303283691e-01,9.999985098838806152e-01,9.999992847442626953e-01,9.999942183494567871e-01,9.999983310699462891e-01,9.999986886978149414e-01,9.999973773956298828e-01,-9.999244213104248047e-01,-9.999982118606567383e-01,-9.999988079071044922e-01,9.999987483024597168e-01,-9.999993443489074707e-01,-9.999987483024597168e-01,-9.999963641166687012e-01,9.999966025352478027e-01,9.999991655349731445e-01,9.999992847442626953e-01,9.999967813491821289e-01,9.999992251396179199e-01,-9.999991059303283691e-01,9.999992251396179199e-01,-9.999986290931701660e-01,-9.999966621398925781e-01,9.999947547912597656e-01,9.999694824218750000e-01,9.999988079071044922e-01,-9.999948740005493164e-01,-9.999991059303283691e-01,9.999954104423522949e-01,9.999974966049194336e-01,9.997395873069763184e-01,-9.999982118606567383e-01,9.999991655349731445e-01,-9.999979734420776367e-01,9.999987483024597168e-01,9.999911189079284668e-01,-9.999912381172180176e-01,-9.999992251396179199e-01,-9.999766349792480469e-01,-9.999942183494567871e-01,9.999982714653015137e-01,-9.999988675117492676e-01,9.999842047691345215e-01,9.999984502792358398e-01,-9.999988079071044922e-01,9.999985694885253906e-01,9.999940991401672363e-01,-9.999993443489074707e-01,9.999991655349731445e-01,-9.999945163726806641e-01,9.999976754188537598e-01,-9.999992251396179199e-01,9.999755024909973145e-01,9.999571442604064941e-01,-9.999989867210388184e-01,-9.999979734420776367e-01,9.999738335609436035e-01,9.999986886978149414e-01,9.999955296516418457e-01,-9.999989271163940430e-01,9.999986886978149414e-01,-9.999989271163940430e-01,9.999986886978149414e-01,9.999850392341613770e-01,-9.999992847442626953e-01,9.999985694885253906e-01,-9.999993443489074707e-01,9.999989271163940430e-01,9.999960660934448242e-01,9.999986886978149414e-01,9.999991655349731445e-01,-9.999971389770507812e-01,-9.999988675117492676e-01,9.999983310699462891e-01,9.999884963035583496e-01,9.999966621398925781e-01,-9.999928474426269531e-01,9.999975562095642090e-01
9.999980330467224121e-01,-9.999983906745910645e-01,-9.999893307685852051e-01,9.999979138374328613e-01,9.999987483024597168e-01,-9.999985694885253906e-01,9.999953508377075195e-01,9.999989271163940430e-01,-9.999971389770507812e-01,9.999974966049194336e-01,-9.999983906745910645e-01,-9.999987483024597168e-01,9.999979138374328613e-01,9.999982118606567383e-01,9.999830722808837891e-01,9.999967217445373535e-01,9.999971389770507812e-01,-9.999985098838806152e-01,9.999924302101135254e-01,-9.999989271163940430e-01,-9.999988079071044922e-01,9.999885559082031250e-01,9.999982118606567383e-01,9.999981522560119629e-01,9.999874830245971680e-01,9.999988079071044922e-01,-9.999981522560119629e-01,-9.999987483024597168e-01,9.999821186065673828e-01,-9.999949336051940918e-01,-9.999923110008239746e-01,-9.999982118606567383e-01,9.999901652336120605e-01,9.999964833259582520e-01,-9.999969005584716797e-01,-9.999545216560363770e-01,9.999988675117492676e-01,9.999983906745910645e-01,9.999917149543762207e-01,-9.999986290931701660e-01,9.999983906745910645e-01,-9.999955892562866211e-01,9.999721646308898926e-01,9.999986290931701660e-01,9.999980926513671875e-01,9.999979734420776367e-01,-9.999871850013732910e-01,9.999980926513671875e-01,9.999986290931701660e-01,-9.999983310699462891e-01,-9.999986290931701660e-01,-9.999976158142089844e-01,-9.999986290931701660e-01,-9.999909996986389160e-01,-9.999973177909851074e-01,-9.999978542327880859e-01,-9.999959468841552734e-01,9.998834729194641113e-01,9.999972581863403320e-01,9.999981522560119629e-01,-9.999979138374328613e-01,9.999988079071044922e-01,9.999980926513671875e-01,9.999944567680358887e-01,-9.999949336051940918e-01,-9.999987483024597168e-01,-9.999989271163940430e-01,-9.999949336051940918e-01,-9.999986290931701660e-01,9.999985098838806152e-01,-9.999986290931701660e-01,9.999977350234985352e-01,9.999946355819702148e-01,-9.999918937683105469e-01,-9.999529123306274414e-01,-9.999981522560119629e-01,9.999919533729553223e-01,9.999985694885253906e-01,-9.999929070472717285e-01,-9.999960660934448242e-01,-9.995985627174377441e-01,9.999973773956298828e-01,-9.999987483024597168e-01,9.999967813491821289e-01,-9.999979734420776367e-01,-9.999861717224121094e-01,9.999864101409912109e-01,9.999987483024597168e-01,9.999638199806213379e-01,9.999909996986389160e-01,-9.999971985816955566e-01,9.999980926513671875e-01,-9.999754428863525391e-01,-9.999976158142089844e-01,9.999981522560119629e-01,-9.999976754188537598e-01,-9.999908208847045898e-01,9.999988675117492676e-01,-9.999986290931701660e-01,9.999915957450866699e-01,-9.999964237213134766e-01,9.999985098838806152e-01,-9.999622106552124023e-01,-9.999338984489440918e-01,9.999983906745910645e-01,9.999969005584716797e-01,-9.999595880508422852e-01,-9.999978542327880859e-01,-9.999931454658508301e-01,9.999982714653015137e-01,-9.999979734420776367e-01,9.999982118606567383e-01,-9.999979734420776367e-01,-9.999768733978271484e-01,9.999988675117492676e-01,-9.999977946281433105e-01,9.999988079071044922e-01,-9.999983310699462891e-01,-9.999938607215881348e-01,-9.999977946281433105e-01,-9.999986290931701660e-01,9.999954700469970703e-01,9.999982714653015137e-01,-9.999972581863403320e-01,-9.999821186065673828e-01,-9.999949932098388672e-01,9.999889135360717773e-01,-9.999962449073791504e-01
9.999953508377075195e-01,-9.999962449073791504e-01,-9.999740719795227051e-01,9.999951124191284180e-01,9.999970197677612305e-01,-9.999964833259582520e-01,9.999886751174926758e-01,9.999973773956298828e-01,-9.999929666519165039e-01,9.999939203262329102e-01,-9.999960064888000488e-01,-9.999969601631164551e-01,9.999948740005493164e-01,9.999957680702209473e-01,9.999586939811706543e-01,9.999920725822448730e-01,9.999932050704956055e-01,-9.999962449073791504e-01,9.999815225601196289e-01,-9.999974370002746582e-01,-9.999971389770507812e-01,9.999722242355346680e-01,9.999957084655761719e-01,9.999957084655761719e-01,9.999696016311645508e-01,9.999972581863403320e-01,-9.999957084655761719e-01,-9.999969005584716797e-01,9.999564290046691895e-01,-9.999877214431762695e-01,-9.999812245368957520e-01,-9.999958276748657227e-01,9.999760389328002930e-01,9.999915957450866699e-01,-9.999926090240478516e-01,-9.998893141746520996e-01,9.999973177909851074e-01,9.999961853027343750e-01,9.999797344207763672e-01,-9.999968409538269043e-01,9.999961853027343750e-01,-9.999892115592956543e-01,9.999319314956665039e-01,9.999966621398925781e-01,9.999952912330627441e-01,9.999952912330627441e-01,-9.999687075614929199e-01,9.999954700469970703e-01,9.999967217445373535e-01,-9.999960660934448242e-01,-9.999965429306030273e-01,-9.999945759773254395e-01,-9.999967813491821289e-01,-9.999780058860778809e-01,-9.999935030937194824e-01,-9.999949336051940918e-01,-9.999901652336120605e-01,9.997156262397766113e-01,9.999935030937194824e-01,9.999955892562866211e-01,-9.999951124191284180e-01,9.999971389770507812e-01,9.999954104423522949e-01,9.999865293502807617e-01,-9.999877810478210449e-01,-9.999967813491821289e-01,-9.999973177909851074e-01,-9.999877214431762695e-01,-9.999967813491821289e-01,9.999964833259582520e-01,-9.999966621398925781e-01,9.999946355819702148e-01,9.999868869781494141e-01,-9.999802112579345703e-01,-9.998852014541625977e-01,-9.999953508377075195e-01,9.999805092811584473e-01,9.999965429306030273e-01,-9.999825954437255859e-01,-9.999906420707702637e-01,-9.990214109420776367e-01,9.999935626983642578e-01,-9.999969005584716797e-01,9.999923110008239746e-01,-9.999952316284179688e-01,-9.999662637710571289e-01,9.999668598175048828e-01,9.999970197677612305e-01,9.999117851257324219e-01,9.999780058860778809e-01,-9.999933242797851562e-01,9.999955296516418457e-01,-9.999400973320007324e-01,-9.999942779541015625e-01,9.999957084655761719e-01,-9.999944567680358887e-01,-9.999775886535644531e-01,9.999971985816955566e-01,-9.999966025352478027e-01,9.999796152114868164e-01,-9.999915361404418945e-01,9.999966025352478027e-01,-9.999078512191772461e-01,-9.998387098312377930e-01,9.999961853027343750e-01,9.999926686286926270e-01,-9.999014735221862793e-01,-9.999948740005493164e-01,-9.999833106994628906e-01,9.999958872795104980e-01,-9.999951720237731934e-01,9.999958276748657227e-01,-9.999952316284179688e-01,-9.999434351921081543e-01,9.999973177909851074e-01,-9.999947547912597656e-01,9.999970197677612305e-01,-9.999960064888000488e-01,-9.999849796295166016e-01,-9.999948143959045410e-01,-9.999967813491821289e-01,9.999890923500061035e-01,9.999958276748657227e-01,-9.999935626983642578e-01,-9.999564290046691895e-01,-9.999878406524658203e-01,9.999728202819824219e-01,-9.999909996986389160e-01
-9.999928474426269531e-01,9.999942183494567871e-01,9.999608397483825684e-01,-9.999926090240478516e-01,-9.999954700469970703e-01,9.999947547912597656e-01,-9.999828934669494629e-01,-9.999959468841552734e-01,9.999893307685852051e-01,-9.999906420707702637e-01,9.999940991401672363e-01,9.999954700469970703e-01,-9.999921917915344238e-01,-9.999934434890747070e-01,-9.999380111694335938e-01,-9.999881386756896973e-01,-9.999896287918090820e-01,9.999942779541015625e-01,-9.999722242355346680e-01,9.999960064888000488e-01,9.999955892562866211e-01,-9.999580979347229004e-01,-9.999936223030090332e-01,-9.999933242797851562e-01,-9.999541640281677246e-01,-9.999957680702209473e-01,9.999934434890747070e-01,9.999954104423522949e-01,-9.999345541000366211e-01,9.999814629554748535e-01,9.999718070030212402e-01,9.999936223030090332e-01,-9.999638199806213379e-01,-9.999872446060180664e-01,9.999886751174926758e-01,9.998340010643005371e-01,-9.999958276748657227e-01,-9.999942183494567871e-01,-9.999694824218750000e-01,9.999952912330627441e-01,-9.999942183494567871e-01,9.999836683273315430e-01,-9.998977184295654297e-01,-9.999951124191284180e-01,-9.999927282333374023e-01,-9.999927282333374023e-01,9.999529719352722168e-01,-9.999930858612060547e-01,-9.999949932098388672e-01,9.999939799308776855e-01,9.999947547912597656e-01,9.999916553497314453e-01,9.999951720237731934e-01,9.999666810035705566e-01,9.999901652336120605e-01,9.999922513961791992e-01,9.999852776527404785e-01,-9.995735287666320801e-01,-9.999900460243225098e-01,-9.999933242797851562e-01,9.999925494194030762e-01,-9.999956488609313965e-01,-9.999930262565612793e-01,-9.999797940254211426e-01,9.999815821647644043e-01,9.999951124191284180e-01,9.999958872795104980e-01,9.999814629554748535e-01,9.999952316284179688e-01,-9.999946355819702148e-01,9.999947547912597656e-01,-9.999918937683105469e-01,-9.999802112579345703e-01,9.999702572822570801e-01,9.998276829719543457e-01,9.999928474426269531e-01,-9.999705553054809570e-01,-9.999947547912597656e-01,9.999737739562988281e-01,9.999858140945434570e-01,9.985330104827880859e-01,-9.999901652336120605e-01,9.999951124191284180e-01,-9.999884366989135742e-01,9.999927282333374023e-01,9.999492764472961426e-01,-9.999502301216125488e-01,-9.999954700469970703e-01,-9.998676776885986328e-01,-9.999669194221496582e-01,9.999897480010986328e-01,-9.999932050704956055e-01,9.999099373817443848e-01,9.999912977218627930e-01,-9.999933242797851562e-01,9.999915361404418945e-01,9.999662041664123535e-01,-9.999957084655761719e-01,9.999949336051940918e-01,-9.999694228172302246e-01,9.999871850013732910e-01,-9.999948740005493164e-01,9.998617768287658691e-01,9.997580647468566895e-01,-9.999941587448120117e-01,-9.999888539314270020e-01,9.998522996902465820e-01,9.999921917915344238e-01,9.999749660491943359e-01,-9.999938607215881348e-01,9.999926686286926270e-01,-9.999936223030090332e-01,9.999927282333374023e-01,9.999150037765502930e-01,-9.999958872795104980e-01,9.999921321868896484e-01,-9.999955296516418457e-01,9.999939203262329102e-01,9.999774694442749023e-01,9.999920725822448730e-01,9.999951124191284180e-01,-9.999834895133972168e-01,-9.999938011169433594e-01,9.999901652336120605e-01,9.999344944953918457e-01,9.999815821647644043e-01,-9.999590516090393066e-01,9.999862909317016602e-01
-9.999591112136840820e-01,9.999665617942810059e-01,9.997742176055908203e-01,-9.999569654464721680e-01,-9.999736547470092773e-01,9.999700784683227539e-01,-9.999009370803833008e-01,-9.999760985374450684e-01,9.999378323554992676e-01,-9.999457001686096191e-01,9.999659061431884766e-01,9.999733567237854004e-01,-9.999547004699707031e-01,-9.999620318412780762e-01,-9.996417760848999023e-01,-9.999310970306396484e-01,-9.999400377273559570e-01,9.999668002128601074e-01,-9.998391866683959961e-01,9.999772310256958008e-01,9.999745488166809082e-01,-9.997579455375671387e-01,-9.999628067016601562e-01,-9.999619126319885254e-01,-9.997350573539733887e-01,-9.999758005142211914e-01,9.999619722366333008e-01,9.999735951423645020e-01,-9.996218681335449219e-01,9.998926520347595215e-01,9.998368024826049805e-01,9.999631643295288086e-01,-9.997913837432861328e-01,-9.999266266822814941e-01,9.999348521232604980e-01,9.990413188934326172e-01,-9.999758005142211914e-01,-9.999663829803466797e-01,-9.998235106468200684e-01,9.999729394912719727e-01,-9.999665617942810059e-01,9.999055862426757812e-01,-9.994089603424072266e-01,-9.999715685844421387e-01,-9.999578595161437988e-01,-9.999577999114990234e-01,9.997280836105346680e-01,-9.999600648880004883e-01,-9.999710917472839355e-01,9.999651908874511719e-01,9.999696612358093262e-01,9.999520182609558105e-01,9.999719262123107910e-01,9.998076558113098145e-01,9.999434351921081543e-01,9.999551773071289062e-01,9.999146461486816406e-01,-9.975395798683166504e-01,-9.999425411224365234e-01,-9.999613165855407715e-01,9.999567270278930664e-01,-9.999746084213256836e-01,-9.999595284461975098e-01,-9.998829960823059082e-01,9.998936653137207031e-01,9.999716281890869141e-01,9.999762773513793945e-01,9.998925924301147461e-01,9.999727010726928711e-01,-9.999690055847167969e-01,9.999694824218750000e-01,-9.999529123306274414e-01,-9.998852014541625977e-01,9.998276829719543457e-01,9.990049004554748535e-01,9.999584555625915527e-01,-9.998294115066528320e-01,-9.999694824218750000e-01,9.998480081558227539e-01,9.999177455902099609e-01,9.915781617164611816e-01,-9.999431967735290527e-01,9.999718070030212402e-01,-9.999330043792724609e-01,9.999580383300781250e-01,9.997072219848632812e-01,-9.997124671936035156e-01,-9.999736547470092773e-01,-9.992352128028869629e-01,-9.998090267181396484e-01,9.999402761459350586e-01,-9.999604225158691406e-01,9.994801282882690430e-01,9.999496936798095703e-01,-9.999613165855407715e-01,9.999508857727050781e-01,9.998045563697814941e-01,-9.999752044677734375e-01,9.999710321426391602e-01,-9.998228549957275391e-01,9.999258518218994141e-01,-9.999701976776123047e-01,9.992011785507202148e-01,9.986026287078857422e-01,-9.999661445617675781e-01,-9.999355077743530273e-01,9.991466403007507324e-01,9.999547600746154785e-01,9.998548626899719238e-01,-9.999638795852661133e-01,9.999575018882751465e-01,-9.999629855155944824e-01,9.999577403068542480e-01,9.995087981224060059e-01,-9.999761581420898438e-01,9.999545216560363770e-01,-9.999735951423645020e-01,9.999648332595825195e-01,9.998696446418762207e-01,9.999542236328125000e-01,9.999715685844421387e-01,-9.999044537544250488e-01,-9.999638795852661133e-01,9.999431371688842773e-01,9.996214509010314941e-01,9.998934864997863770e-01,-9.997634291648864746e-01,9.999211430549621582e-01
-9.999982714653015137e-01,9.999985694885253906e-01,9.999905824661254883e-01,-9.999982118606567383e-01,-9.999988675117492676e-01,9.999987483024597168e-01,-9.999958872795104980e-01,-9.999991655349731445e-01,9.999974370002746582e-01,-9.999977946281433105e-01,9.999985694885253906e-01,9.999989271163940430e-01,-9.999980926513671875e-01,-9.999983906745910645e-01,-9.999850988388061523e-01,-9.999970793724060059e-01,-9.999975562095642090e-01,9.999985694885253906e-01,-9.999933838844299316e-01,9.999991059303283691e-01,9.999989271163940430e-01,-9.999899864196777344e-01,-9.999984502792358398e-01,-9.999983906745910645e-01,-9.999889731407165527e-01,-9.999989867210388184e-01,9.999983906745910645e-01,9.999988675117492676e-01,-9.999842643737792969e-01,9.999955296516418457e-01,9.999932050704956055e-01,9.999984502792358398e-01,-9.999912977218627930e-01,-9.999969005584716797e-01,9.999972581863403320e-01,9.999599456787109375e-01,-9.999989867210388184e-01,-9.999986886978149414e-01,-9.999927878379821777e-01,9.999988675117492676e-01,-9.999985694885253906e-01,9.999960064888000488e-01,-9.999755024909973145e-01,-9.999988079071044922e-01,-9.999983310699462891e-01,-9.999982118606567383e-01,9.999886751174926758e-01,-9.999983906745910645e-01,-9.999988675117492676e-01,9.999985098838806152e-01,9.999986886978149414e-01,9.999979734420776367e-01,9.999988079071044922e-01,9.999920725822448730e-01,9.999976158142089844e-01,9.999980926513671875e-01,9.999964237213134766e-01,-9.998973011970520020e-01,-9.999975562095642090e-01,-9.999983906745910645e-01,9.999981522560119629e-01,-9.999989867210388184e-01,-9.999982714653015137e-01,-9.999950528144836426e-01,9.999955296516418457e-01,9.999988675117492676e-01,9.999990463256835938e-01,9.999955892562866211e-01,9.999988675117492676e-01,-9.999986886978149414e-01,9.999988079071044922e-01,-9.999981522560119629e-01,-9.999953508377075195e-01,9.999928474426269531e-01,9.999584555625915527e-01,9.999983310699462891e-01,-9.999929070472717285e-01,-9.999986886978149414e-01,9.999936819076538086e-01,9.999965429306030273e-01,9.996461272239685059e-01,-9.999976754188537598e-01,9.999988675117492676e-01,-9.999971985816955566e-01,9.999982118606567383e-01,9.999878406524658203e-01,-9.999880194664001465e-01,-9.999988675117492676e-01,-9.999682903289794922e-01,-9.999920725822448730e-01,9.999975562095642090e-01,-9.999984502792358398e-01,9.999784231185913086e-01,9.999978542327880859e-01,-9.999984502792358398e-01,9.999979734420776367e-01,9.999918937683105469e-01,-9.999989271163940430e-01,9.999988079071044922e-01,-9.999926090240478516e-01,9.999969601631164551e-01,-9.999987483024597168e-01,9.999666810035705566e-01,9.999416470527648926e-01,-9.999986290931701660e-01,-9.999972581863403320e-01,9.999643564224243164e-01,9.999982118606567383e-01,9.999939799308776855e-01,-9.999985694885253906e-01,9.999983310699462891e-01,-9.999984502792358398e-01,9.999980926513671875e-01,9.999796152114868164e-01,-9.999990463256835938e-01,9.999980926513671875e-01,-9.999989271163940430e-01,9.999985098838806152e-01,9.999945759773254395e-01,9.999980926513671875e-01,9.999988079071044922e-01,-9.999959468841552734e-01,-9.999984502792358398e-01,9.999976754188537598e-01,9.999842643737792969e-01,9.999956488609313965e-01,-9.999902248382568359e-01,9.999966621398925781e-01
9.999930262565612793e-01,-9.999942779541015625e-01,-9.999613165855407715e-01,9.999926686286926270e-01,9.999955296516418457e-01,-9.999948740005493164e-01,9.999830722808837891e-01,9.999959468841552734e-01,-9.999894499778747559e-01,9.999907612800598145e-01,-9.999940991401672363e-01,-9.999954104423522949e-01,9.999922513961791992e-01,9.999935030937194824e-01,9.999386072158813477e-01,9.999882578849792480e-01,9.999897480010986328e-01,-9.999943375587463379e-01,9.999724626541137695e-01,-9.999960660934448242e-01,-9.999956488609313965e-01,9.999585151672363281e-01,9.999935626983642578e-01,9.999935030937194824e-01,9.999545812606811523e-01,9.999958276748657227e-01,-9.999936223030090332e-01,-9.999954104423522949e-01,9.999351501464843750e-01,-9.999816417694091797e-01,-9.999719858169555664e-01,-9.999936819076538086e-01,9.999642372131347656e-01,9.999874830245971680e-01,-9.999888539314270020e-01,-9.998355507850646973e-01,9.999958276748657227e-01,9.999942779541015625e-01,9.999697804450988770e-01,-9.999952912330627441e-01,9.999942779541015625e-01,-9.999838471412658691e-01,9.998987317085266113e-01,9.999950528144836426e-01,9.999929070472717285e-01,9.999927878379821777e-01,-9.999533891677856445e-01,9.999931454658508301e-01,9.999950528144836426e-01,-9.999940395355224609e-01,-9.999948143959045410e-01,-9.999917745590209961e-01,-9.999951720237731934e-01,-9.999670982360839844e-01,-9.999903440475463867e-01,-9.999924898147583008e-01,-9.999853968620300293e-01,9.995776414871215820e-01,9.999901056289672852e-01,9.999933838844299316e-01,-9.999926090240478516e-01,9.999956488609313965e-01,9.999930858612060547e-01,9.999799728393554688e-01,-9.999818205833435059e-01,-9.999951124191284180e-01,-9.999959468841552734e-01,-9.999816417694091797e-01,-9.999952316284179688e-01,9.999946951866149902e-01,-9.999948740005493164e-01,9.999919533729553223e-01,9.999805092811584473e-01,-9.999705553054809570e-01,-9.998294115066528320e-01,-9.999929070472717285e-01,9.999707937240600586e-01,9.999948143959045410e-01,-9.999740719795227051e-01,-9.999860525131225586e-01,-9.985467195510864258e-01,9.999902844429016113e-01,-9.999951720237731934e-01,9.999885559082031250e-01,-9.999928474426269531e-01,-9.999497532844543457e-01,9.999507069587707520e-01,9.999954700469970703e-01,9.998689889907836914e-01,9.999672770500183105e-01,-9.999898672103881836e-01,9.999932646751403809e-01,-9.999108910560607910e-01,-9.999914169311523438e-01,9.999933838844299316e-01,-9.999916553497314453e-01,-9.999665617942810059e-01,9.999958276748657227e-01,-9.999950528144836426e-01,9.999697208404541016e-01,-9.999873042106628418e-01,9.999948740005493164e-01,-9.998630881309509277e-01,-9.997604489326477051e-01,9.999942183494567871e-01,9.999889135360717773e-01,-9.998537302017211914e-01,-9.999922513961791992e-01,-9.999751448631286621e-01,9.999938607215881348e-01,-9.999927282333374023e-01,9.999936819076538086e-01,-9.999926686286926270e-01,-9.999158382415771484e-01,9.999959468841552734e-01,-9.999921321868896484e-01,9.999954700469970703e-01,-9.999939203262329102e-01,-9.999777674674987793e-01,-9.999921917915344238e-01,-9.999951720237731934e-01,9.999836683273315430e-01,9.999938607215881348e-01,-9.999902844429016113e-01,-9.999350905418395996e-01,-9.999817609786987305e-01,9.999595284461975098e-01,-9.999865293502807617e-01
9.999986886978149414e-01,-9.999989271163940430e-01,-9.999930262565612793e-01,9.999985694885253906e-01,9.999991655349731445e-01,-9.999991059303283691e-01,9.999969601631164551e-01,9.999992847442626953e-01,-9.999980926513671875e-01,9.999983310699462891e-01,-9.999989271163940430e-01,-9.999992251396179199e-01,9.999985694885253906e-01,9.999988079071044922e-01,9.999890923500061035e-01,9.999977946281433105e-01,9.999981522560119629e-01,-9.999989867210388184e-01,9.999951124191284180e-01,-9.999993443489074707e-01,-9.999991655349731445e-01,9.999926090240478516e-01,9.999988675117492676e-01,9.999987483024597168e-01,9.999918937683105469e-01,9.999992847442626953e-01,-9.999988079071044922e-01,-9.999992251396179199e-01,9.999884366989135742e-01,-9.999966025352478027e-01,-9.999949336051940918e-01,-9.999988079071044922e-01,9.999936223030090332e-01,9.999977350234985352e-01,-9.999978542327880859e-01,-9.999707341194152832e-01,9.999992847442626953e-01,9.999989867210388184e-01,9.999946355819702148e-01,-9.999991059303283691e-01,9.999989867210388184e-01,-9.999970793724060059e-01,9.999819397926330566e-01,9.999991655349731445e-01,9.999986886978149414e-01,9.999986886978149414e-01,-9.999916553497314453e-01,9.999987483024597168e-01,9.999991655349731445e-01,-9.999988675117492676e-01,-9.999991059303283691e-01,-9.999984502792358398e-01,-9.999991059303283691e-01,-9.999940991401672363e-01,-9.999982714653015137e-01,-9.999986290931701660e-01,-9.999973773956298828e-01,9.999246001243591309e-01,9.999980926513671875e-01,9.999987483024597168e-01,-9.999986886978149414e-01,9.999991655349731445e-01,9.999986886978149414e-01,9.999962449073791504e-01,-9.999967217445373535e-01,-9.999991655349731445e-01,-9.999992847442626953e-01,-9.999966621398925781e-01,-9.999992251396179199e-01,9.999991059303283691e-01,-9.999991059303283691e-01,9.999985694885253906e-01,9.999965429306030273e-01,-9.999947547912597656e-01,-9.999694824218750000e-01,-9.999986886978149414e-01,9.999948143959045410e-01,9.999989867210388184e-01,-9.999953508377075195e-01,-9.999975562095642090e-01,-9.997404217720031738e-01,9.999983310699462891e-01,-9.999991655349731445e-01,9.999979138374328613e-01,-9.999986290931701660e-01,-9.999909996986389160e-01,9.999911785125732422e-01,9.999991059303283691e-01,9.999766349792480469e-01,9.999940991401672363e-01,-9.999981522560119629e-01,9.999987483024597168e-01,-9.999841451644897461e-01,-9.999983310699462891e-01,9.999988079071044922e-01,-9.999985694885253906e-01,-9.999940395355224609e-01,9.999992847442626953e-01,-9.999990463256835938e-01,9.999945163726806641e-01,-9.999977350234985352e-01,9.999991059303283691e-01,-9.999756217002868652e-01,-9.999572038650512695e-01,9.999989271163940430e-01,9.999979138374328613e-01,-9.999738335609436035e-01,-9.999986290931701660e-01,-9.999955296516418457e-01,9.999988675117492676e-01,-9.999986886978149414e-01,9.999988675117492676e-01,-9.999986290931701660e-01,-9.999849796295166016e-01,9.999992847442626953e-01,-9.999985098838806152e-01,9.999992251396179199e-01,-9.999988675117492676e-01,-9.999959468841552734e-01,-9.999985694885253906e-01,-9.999991655349731445e-01,9.999970197677612305e-01,9.999988079071044922e-01,-9.999982118606567383e-01,-9.999884366989135742e-01,-9.999967217445373535e-01,9.999927878379821777e-01,-9.999975562095642090e-01
-9.999938011169433594e-01,9.999948143959045410e-01,9.999655485153198242e-01,-9.999934434890747070e-01,-9.999960064888000488e-01,9.999954104423522949e-01,-9.999849200248718262e-01,-9.999964237213134766e-01,9.999905824661254883e-01,-9.999917149543762207e-01,9.999948143959045410e-01,9.999960064888000488e-01,-9.999930858612060547e-01,-9.999942183494567871e-01,-9.999453425407409668e-01,-9.999895095825195312e-01,-9.999908804893493652e-01,9.999949336051940918e-01,-9.999755620956420898e-01,9.999964833259582520e-01,9.999960660934448242e-01,-9.999631047248840332e-01,-9.999942779541015625e-01,-9.999942183494567871e-01,-9.999595880508422852e-01,-9.999962449073791504e-01,9.999942183494567871e-01,9.999959468841552734e-01,-9.999423027038574219e-01,9.999836683273315430e-01,9.999751448631286621e-01,9.999943971633911133e-01,-9.999682307243347168e-01,-9.999888539314270020e-01,9.999899864196777344e-01,9.998536109924316406e-01,-9.999962449073791504e-01,-9.999948740005493164e-01,-9.999731183052062988e-01,9.999958872795104980e-01,-9.999949932098388672e-01,9.999856948852539062e-01,-9.999098181724548340e-01,-9.999956488609313965e-01,-9.999935626983642578e-01,-9.999935626983642578e-01,9.999584555625915527e-01,-9.999939203262329102e-01,-9.999955892562866211e-01,9.999946355819702148e-01,9.999954700469970703e-01,9.999927282333374023e-01,9.999957084655761719e-01,9.999706745147705078e-01,9.999914169311523438e-01,9.999932646751403809e-01,9.999870061874389648e-01,-9.996237754821777344e-01,-9.999912381172180176e-01,-9.999940395355224609e-01,9.999935030937194824e-01,-9.999960660934448242e-01,-9.999938607215881348e-01,-9.999821186065673828e-01,9.999837875366210938e-01,9.999956488609313965e-01,9.999963641166687012e-01,9.999836683273315430e-01,9.999958276748657227e-01,-9.999952912330627441e-01,9.999954104423522949e-01,-9.999929070472717285e-01,-9.999825954437255859e-01,9.999737739562988281e-01,9.998480081558227539e-01,9.999936819076538086e-01,-9.999740719795227051e-01,-9.999953508377075195e-01,9.999768733978271484e-01,9.999875426292419434e-01,9.987057447433471680e-01,-9.999913573265075684e-01,9.999957084655761719e-01,-9.999898076057434082e-01,9.999936223030090332e-01,9.999552369117736816e-01,-9.999561309814453125e-01,-9.999960064888000488e-01,-9.998832345008850098e-01,-9.999709129333496094e-01,9.999909996986389160e-01,-9.999939799308776855e-01,9.999206066131591797e-01,9.999923110008239746e-01,-9.999940991401672363e-01,9.999926090240478516e-01,9.999703168869018555e-01,-9.999961853027343750e-01,9.999955296516418457e-01,-9.999729990959167480e-01,9.999887347221374512e-01,-9.999954700469970703e-01,9.998781085014343262e-01,9.997866153717041016e-01,-9.999948740005493164e-01,-9.999901056289672852e-01,9.998697042465209961e-01,9.999931454658508301e-01,9.999778866767883301e-01,-9.999945163726806641e-01,9.999935030937194824e-01,-9.999943375587463379e-01,9.999935626983642578e-01,9.999250769615173340e-01,-9.999963045120239258e-01,9.999930858612060547e-01,-9.999959468841552734e-01,9.999946355819702148e-01,9.999802112579345703e-01,9.999930262565612793e-01,9.999957680702209473e-01,-9.999854564666748047e-01,-9.999944567680358887e-01,9.999913573265075684e-01,9.999422430992126465e-01,9.999837875366210938e-01,-9.999639391899108887e-01,9.999879598617553711e-01
-9.999966025352478027e-01,9.999971985816955566e-01,9.999814033508300781e-01,-9.999964237213134766e-01,-9.999978542327880859e-01,9.999974966049194336e-01,-9.999918937683105469e-01,-9.999979734420776367e-01,9.999949336051940918e-01,-9.999955892562866211e-01,9.999971389770507812e-01,9.999978542327880859e-01,-9.999963045120239258e-01,-9.999968409538269043e-01,-9.999704360961914062e-01,-9.999943971633911133e-01,-9.999950528144836426e-01,9.999973177909851074e-01,-9.999868273735046387e-01,9.999980926513671875e-01,9.999979138374328613e-01,-9.999800920486450195e-01,-9.999969005584716797e-01,-9.999968409538269043e-01,-9.999782443046569824e-01,-9.999980330467224121e-01,9.999969005584716797e-01,9.999977946281433105e-01,-9.999689459800720215e-01,9.999911785125732422e-01,9.999865293502807617e-01,9.999970197677612305e-01,-9.999828338623046875e-01,-9.999939799308776855e-01,9.999946355819702148e-01,9.999207258224487305e-01,-9.999980926513671875e-01,-9.999972581863403320e-01,-9.999854564666748047e-01,9.999977350234985352e-01,-9.999971985816955566e-01,9.999923110008239746e-01,-9.999512434005737305e-01,-9.999976158142089844e-01,-9.999966025352478027e-01,-9.999966025352478027e-01,9.999775886535644531e-01,-9.999967813491821289e-01,-9.999976754188537598e-01,9.999970793724060059e-01,9.999975562095642090e-01,9.999960064888000488e-01,9.999977350234985352e-01,9.999842643737792969e-01,9.999953508377075195e-01,9.999962449073791504e-01,9.999929666519165039e-01,-9.997965097427368164e-01,-9.999952912330627441e-01,-9.999967813491821289e-01,9.999963641166687012e-01,-9.999978542327880859e-01,-9.999967217445373535e-01,-9.999903440475463867e-01,9.999912381172180176e-01,9.999976754188537598e-01,9.999981522560119629e-01,9.999912381172180176e-01,9.999977946281433105e-01,-9.999974966049194336e-01,9.999974966049194336e-01,-9.999960660934448242e-01,-9.999906420707702637e-01,9.999858140945434570e-01,9.999177455902099609e-01,9.999965429306030273e-01,-9.999860525131225586e-01,-9.999975562095642090e-01,9.999875426292419434e-01,9.999933242797851562e-01,9.992991089820861816e-01,-9.999954104423522949e-01,9.999977350234985352e-01,-9.999945759773254395e-01,9.999964833259582520e-01,9.999758601188659668e-01,-9.999762773513793945e-01,-9.999978542327880859e-01,-9.999368786811828613e-01,-9.999842643737792969e-01,9.999951720237731934e-01,-9.999967217445373535e-01,9.999571442604064941e-01,9.999958872795104980e-01,-9.999968409538269043e-01,9.999960660934448242e-01,9.999840259552001953e-01,-9.999979734420776367e-01,9.999975562095642090e-01,-9.999853968620300293e-01,9.999939799308776855e-01,-9.999974966049194336e-01,9.999340176582336426e-01,9.998845458030700684e-01,-9.999971389770507812e-01,-9.999947547912597656e-01,9.999294877052307129e-01,9.999963045120239258e-01,9.999880194664001465e-01,-9.999970793724060059e-01,9.999964237213134766e-01,-9.999970197677612305e-01,9.999964833259582520e-01,9.999595880508422852e-01,-9.999980330467224121e-01,9.999963045120239258e-01,-9.999978542327880859e-01,9.999970793724060059e-01,9.999893307685852051e-01,9.999963045120239258e-01,9.999976158142089844e-01,-9.999921321868896484e-01,-9.999969601631164551e-01,9.999954104423522949e-01,9.999687671661376953e-01,9.999912977218627930e-01,-9.999806284904479980e-01,9.999935030937194824e-01
-9.996522068977355957e-01,9.997155070304870605e-01,9.980782270431518555e-01,-9.996337890625000000e-01,-9.997758865356445312e-01,9.997446537017822266e-01,-9.991559982299804688e-01,-9.997959733009338379e-01,9.994703531265258789e-01,-9.995372891426086426e-01,9.997099637985229492e-01,9.997726678848266602e-01,-9.996138215065002441e-01,-9.996768832206726074e-01,-9.969543218612670898e-01,-9.994134902954101562e-01,-9.994887113571166992e-01,9.997169971466064453e-01,-9.986302256584167480e-01,9.998064637184143066e-01,9.997836947441101074e-01,-9.979391098022460938e-01,-9.996836185455322266e-01,-9.996756911277770996e-01,-9.977456927299499512e-01,-9.997931122779846191e-01,9.996761083602905273e-01,9.997744560241699219e-01,-9.967846274375915527e-01,9.990853667259216309e-01,9.986104965209960938e-01,9.996863603591918945e-01,-9.982230663299560547e-01,-9.993752837181091309e-01,9.994451999664306641e-01,9.918839931488037109e-01,-9.997934103012084961e-01,-9.997141957283020020e-01,-9.984967112541198730e-01,9.997699260711669922e-01,-9.997149705886840820e-01,9.991954565048217773e-01,-9.949824213981628418e-01,-9.997580647468566895e-01,-9.996406435966491699e-01,-9.996402859687805176e-01,9.976866245269775391e-01,-9.996594190597534180e-01,-9.997532963752746582e-01,9.997037053108215332e-01,9.997410774230957031e-01,9.995917081832885742e-01,9.997603893280029297e-01,9.983615279197692871e-01,9.995188713073730469e-01,9.996187090873718262e-01,9.992727041244506836e-01,-9.794000387191772461e-01,-9.995110630989074707e-01,-9.996702671051025391e-01,9.996313452720642090e-01,-9.997841119766235352e-01,-9.996554851531982422e-01,-9.990040063858032227e-01,9.990949630737304688e-01,9.997579455375671387e-01,9.997980594635009766e-01,9.990851283073425293e-01,9.997670650482177734e-01,-9.997354745864868164e-01,9.997395873069763184e-01,-9.995985627174377441e-01,-9.990214109420776367e-01,9.985330104827880859e-01,9.915781617164611816e-01,9.996461272239685059e-01,-9.985467195510864258e-01,-9.997404217720031738e-01,9.987057447433471680e-01,9.992991089820861816e-01,9.324634671211242676e-01,-9.995157718658447266e-01,9.997600913047790527e-01,-9.994294047355651855e-01,9.996422529220581055e-01,9.975094795227050781e-01,-9.975536465644836426e-01,-9.997751116752624512e-01,-9.935156702995300293e-01,-9.983732104301452637e-01,9.994910955429077148e-01,-9.996632933616638184e-01,9.955843091011047363e-01,9.995713233947753906e-01,-9.996703863143920898e-01,9.995815157890319824e-01,9.983351826667785645e-01,-9.997885227203369141e-01,9.997534751892089844e-01,-9.984915852546691895e-01,9.993687868118286133e-01,-9.997456669807434082e-01,9.932287931442260742e-01,9.882079362869262695e-01,-9.997115135192871094e-01,-9.994505643844604492e-01,9.927703142166137695e-01,9.996151924133300781e-01,9.987638592720031738e-01,-9.996928572654724121e-01,9.996376037597656250e-01,-9.996844530105590820e-01,9.996404647827148438e-01,9.958269596099853516e-01,-9.997966289520263672e-01,9.996122717857360840e-01,-9.997745156288146973e-01,9.997009634971618652e-01,9.988894462585449219e-01,9.996098875999450684e-01,9.997583627700805664e-01,-9.991857409477233887e-01,-9.996927380561828613e-01,9.995155930519104004e-01,9.967817664146423340e-01,9.990925788879394531e-01,-9.979857206344604492e-01,9.993280172348022461e-01
9.999976158142089844e-01,-9.999980926513671875e-01,-9.999871253967285156e-01,9.999974966049194336e-01,9.999985098838806152e-01,-9.999982714653015137e-01,9.999943375587463379e-01,9.999986886978149414e-01,-9.999965429306030273e-01,9.999969601631164551e-01,-9.999980330467224121e-01,-9.999985694885253906e-01,9.999973773956298828e-01,9.999978542327880859e-01,9.999796152114868164e-01,9.999960064888000488e-01,9.999966621398925781e-01,-9.999980926513671875e-01,9.999908208847045898e-01,-9.999987483024597168e-01,-9.999985098838806152e-01,9.999862313270568848e-01,9.999978542327880859e-01,9.999977946281433105e-01,9.999850392341613770e-01,9.999986886978149414e-01,-9.999977946281433105e-01,-9.999984502792358398e-01,9.999784827232360840e-01,-9.999938607215881348e-01,-9.999907016754150391e-01,-9.999978542327880859e-01,9.999881386756896973e-01,9.999958872795104980e-01,-9.999962449073791504e-01,-9.999451637268066406e-01,9.999986886978149414e-01,9.999980330467224121e-01,9.999899268150329590e-01,-9.999984502792358398e-01,9.999980926513671875e-01,-9.999946355819702148e-01,9.999663233757019043e-01,9.999983310699462891e-01,9.999975562095642090e-01,9.999976158142089844e-01,-9.999845027923583984e-01,9.999977350234985352e-01,9.999983310699462891e-01,-9.999980926513671875e-01,-9.999983310699462891e-01,-9.999972581863403320e-01,-9.999983906745910645e-01,-9.999890923500061035e-01,-9.999967217445373535e-01,-9.999974370002746582e-01,-9.999951124191284180e-01,9.998594522476196289e-01,9.999966621398925781e-01,9.999977946281433105e-01,-9.999975562095642090e-01,9.999985098838806152e-01,9.999976754188537598e-01,9.999933242797851562e-01,-9.999938607215881348e-01,-9.999983310699462891e-01,-9.999986290931701660e-01,-9.999939799308776855e-01,-9.999984502792358398e-01,9.999983310699462891e-01,-9.999982118606567383e-01,9.999973773956298828e-01,9.999935626983642578e-01,-9.999901652336120605e-01,-9.999431967735290527e-01,-9.999976754188537598e-01,9.999902844429016113e-01,9.999983310699462891e-01,-9.999913573265075684e-01,-9.999954104423522949e-01,-9.995157718658447266e-01,9.999967217445373535e-01,-9.999983906745910645e-01,9.999961256980895996e-01,-9.999976754188537598e-01,-9.999832510948181152e-01,9.999836087226867676e-01,9.999984502792358398e-01,9.999563097953796387e-01,9.999890923500061035e-01,-9.999965429306030273e-01,9.999977350234985352e-01,-9.999703764915466309e-01,-9.999970793724060059e-01,9.999978542327880859e-01,-9.999972581863403320e-01,-9.999889731407165527e-01,9.999986290931701660e-01,-9.999983310699462891e-01,9.999899268150329590e-01,-9.999957680702209473e-01,9.999982714653015137e-01,-9.999544620513916016e-01,-9.999202489852905273e-01,9.999980330467224121e-01,9.999963641166687012e-01,-9.999513030052185059e-01,-9.999973773956298828e-01,-9.999917149543762207e-01,9.999979138374328613e-01,-9.999975562095642090e-01,9.999978542327880859e-01,-9.999975562095642090e-01,-9.999719858169555664e-01,9.999986290931701660e-01,-9.999973773956298828e-01,9.999985694885253906e-01,-9.999979734420776367e-01,-9.999925494194030762e-01,-9.999974370002746582e-01,-9.999984502792358398e-01,9.999945759773254395e-01,9.999979138374328613e-01,-9.999967217445373535e-01,-9.999785423278808594e-01,-9.999939203262329102e-01,9.999865293502807617e-01,-9.999955892562866211e-01
-9.999988079071044922e-01,9.999991059303283691e-01,9.999936223030090332e-01,-9.999987483024597168e-01,-9.999992847442626953e-01,9.999991059303283691e-01,-9.999972581863403320e-01,-9.999994635581970215e-01,9.999983310699462891e-01,-9.999985098838806152e-01,9.999991059303283691e-01,9.999993443489074707e-01,-9.999986886978149414e-01,-9.999989271163940430e-01,-9.999898672103881836e-01,-9.999980330467224121e-01,-9.999983906745910645e-01,9.999992251396179199e-01,-9.999955296516418457e-01,9.999994039535522461e-01,9.999993443489074707e-01,-9.999932646751403809e-01,-9.999989271163940430e-01,-9.999989271163940430e-01,-9.999925494194030762e-01,-9.999993443489074707e-01,9.999989867210388184e-01,9.999992847442626953e-01,-9.999893903732299805e-01,9.999969005584716797e-01,9.999954104423522949e-01,9.999989867210388184e-01,-9.999940991401672363e-01,-9.999979138374328613e-01,9.999981522560119629e-01,9.999728202819824219e-01,-9.999993443489074707e-01,-9.999991059303283691e-01,-9.999951124191284180e-01,9.999992847442626953e-01,-9.999991059303283691e-01,9.999973773956298828e-01,-9.999833703041076660e-01,-9.999992251396179199e-01,-9.999988675117492676e-01,-9.999988079071044922e-01,9.999923110008239746e-01,-9.999989271163940430e-01,-9.999993443489074707e-01,9.999990463256835938e-01,9.999992847442626953e-01,9.999985694885253906e-01,9.999992251396179199e-01,9.999946355819702148e-01,9.999983906745910645e-01,9.999987483024597168e-01,9.999975562095642090e-01,-9.999303221702575684e-01,-9.999983310699462891e-01,-9.999988675117492676e-01,9.999987483024597168e-01,-9.999993443489074707e-01,-9.999988675117492676e-01,-9.999965429306030273e-01,9.999968409538269043e-01,9.999992251396179199e-01,9.999993443489074707e-01,9.999969005584716797e-01,9.999992847442626953e-01,-9.999992847442626953e-01,9.999991655349731445e-01,-9.999987483024597168e-01,-9.999969005584716797e-01,9.999951124191284180e-01,9.999718070030212402e-01,9.999988675117492676e-01,-9.999951720237731934e-01,-9.999991655349731445e-01,9.999957084655761719e-01,9.999977350234985352e-01,9.997600913047790527e-01,-9.999983906745910645e-01,9.999992251396179199e-01,-9.999980926513671875e-01,9.999988675117492676e-01,9.999917149543762207e-01,-9.999918937683105469e-01,-9.999992847442626953e-01,-9.999784827232360840e-01,-9.999946355819702148e-01,9.999982714653015137e-01,-9.999988675117492676e-01,9.999853372573852539e-01,9.999985694885253906e-01,-9.999989867210388184e-01,9.999986886978149414e-01,9.999945759773254395e-01,-9.999994039535522461e-01,9.999992251396179199e-01,-9.999949932098388672e-01,9.999978542327880859e-01,-9.999992251396179199e-01,9.999774694442749023e-01,9.999605417251586914e-01,-9.999992251396179199e-01,-9.999981522560119629e-01,9.999759197235107422e-01,9.999986886978149414e-01,9.999958872795104980e-01,-9.999990463256835938e-01,9.999988079071044922e-01,-9.999989271163940430e-01,9.999988079071044922e-01,9.999861121177673340e-01,-9.999993443489074707e-01,9.999987483024597168e-01,-9.999992847442626953e-01,9.999990463256835938e-01,9.999962449073791504e-01,9.999987483024597168e-01,9.999992251396179199e-01,-9.999973177909851074e-01,-9.999989867210388184e-01,9.999983906745910645e-01,9.999893307685852051e-01,9.999969601631164551e-01,-9.999933242797851562e-01,9.999977350234985352e-01
9.999971985816955566e-01,-9.999977350234985352e-01,-9.999848604202270508e-01,9.999970793724060059e-01,9.999980926513671875e-01,-9.999979734420776367e-01,9.999933242797851562e-01,9.999983906745910645e-01,-9.999958872795104980e-01,9.999963045120239258e-01,-9.999976754188537598e-01,-9.999982714653015137e-01,9.999969005584716797e-01,9.999974370002746582e-01,9.999759793281555176e-01,9.999952912330627441e-01,9.999959468841552734e-01,-9.999977350234985352e-01,9.999892711639404297e-01,-9.999984502792358398e-01,-9.999982714653015137e-01,9.999837875366210938e-01,9.999974966049194336e-01,9.999974370002746582e-01,9.999822378158569336e-01,9.999982714653015137e-01,-9.999974966049194336e-01,-9.999980926513671875e-01,9.999746084213256836e-01,-9.999926686286926270e-01,-9.999890327453613281e-01,-9.999974966049194336e-01,9.999859929084777832e-01,9.999950528144836426e-01,-9.999956488609313965e-01,-9.999354481697082520e-01,9.999983310699462891e-01,9.999977946281433105e-01,9.999881386756896973e-01,-9.999980330467224121e-01,9.999977946281433105e-01,-9.999936819076538086e-01,9.999602437019348145e-01,9.999979734420776367e-01,9.999971389770507812e-01,9.999971985816955566e-01,-9.999817609786987305e-01,9.999972581863403320e-01,9.999980330467224121e-01,-9.999976158142089844e-01,-9.999979734420776367e-01,-9.999966621398925781e-01,-9.999980926513671875e-01,-9.999870657920837402e-01,-9.999961256980895996e-01,-9.999969601631164551e-01,-9.999942779541015625e-01,9.998342394828796387e-01,9.999960660934448242e-01,9.999973773956298828e-01,-9.999970793724060059e-01,9.999982714653015137e-01,9.999972581863403320e-01,9.999921321868896484e-01,-9.999927878379821777e-01,-9.999980926513671875e-01,-9.999983906745910645e-01,-9.999927878379821777e-01,-9.999981522560119629e-01,9.999979138374328613e-01,-9.999979734420776367e-01,9.999967813491821289e-01,9.999923110008239746e-01,-9.999884366989135742e-01,-9.999330043792724609e-01,-9.999971985816955566e-01,9.999885559082031250e-01,9.999979138374328613e-01,-9.999898076057434082e-01,-9.999945759773254395e-01,-9.994294047355651855e-01,9.999961256980895996e-01,-9.999980926513671875e-01,9.999955296516418457e-01,-9.999971389770507812e-01,-9.999803304672241211e-01,9.999806880950927734e-01,9.999982118606567383e-01,9.999485611915588379e-01,9.999871850013732910e-01,-9.999960660934448242e-01,9.999973177909851074e-01,-9.999650120735168457e-01,-9.999966025352478027e-01,9.999973773956298828e-01,-9.999966621398925781e-01,-9.999868869781494141e-01,9.999983310699462891e-01,-9.999980330467224121e-01,9.999880194664001465e-01,-9.999951124191284180e-01,9.999979734420776367e-01,-9.999461770057678223e-01,-9.999059438705444336e-01,9.999976754188537598e-01,9.999956488609313965e-01,-9.999426007270812988e-01,-9.999969005584716797e-01,-9.999902844429016113e-01,9.999976158142089844e-01,-9.999970197677612305e-01,9.999974966049194336e-01,-9.999971389770507812e-01,-9.999669790267944336e-01,9.999983906745910645e-01,-9.999967813491821289e-01,9.999982118606567383e-01,-9.999976158142089844e-01,-9.999912381172180176e-01,-9.999969005584716797e-01,-9.999980926513671875e-01,9.999935030937194824e-01,9.999975562095642090e-01,-9.999961256980895996e-01,-9.999746084213256836e-01,-9.999929666519165039e-01,9.999841451644897461e-01,-9.999946951866149902e-01
-9.999982714653015137e-01,9.999985694885253906e-01,9.999905228614807129e-01,-9.999981522560119629e-01,-9.999988675117492676e-01,9.999987483024597168e-01,-9.999958872795104980e-01,-9.999990463256835938e-01,9.999973177909851074e-01,-9.999977350234985352e-01,9.999985694885253906e-01,9.999989271163940430e-01,-9.999980926513671875e-01,-9.999983906745910645e-01,-9.999849200248718262e-01,-9.999970793724060059e-01,-9.999974370002746582e-01,9.999985694885253906e-01,-9.999933242797851562e-01,9.999991059303283691e-01,9.999989271163940430e-01,-9.999898672103881836e-01,-9.999983906745910645e-01,-9.999983906745910645e-01,-9.999888539314270020e-01,-9.999989867210388184e-01,9.999983906745910645e-01,9.999988675117492676e-01,-9.999842047691345215e-01,9.999954104423522949e-01,9.999931454658508301e-01,9.999984502792358398e-01,-9.999912381172180176e-01,-9.999968409538269043e-01,9.999971985816955566e-01,9.999594688415527344e-01,-9.999989867210388184e-01,-9.999985694885253906e-01,-9.999925494194030762e-01,9.999988079071044922e-01,-9.999986290931701660e-01,9.999959468841552734e-01,-9.999751448631286621e-01,-9.999988079071044922e-01,-9.999983310699462891e-01,-9.999983310699462891e-01,9.999885559082031250e-01,-9.999983906745910645e-01,-9.999988079071044922e-01,9.999985098838806152e-01,9.999986886978149414e-01,9.999979138374328613e-01,9.999988079071044922e-01,9.999919533729553223e-01,9.999976158142089844e-01,9.999980926513671875e-01,9.999963641166687012e-01,-9.998960494995117188e-01,-9.999975562095642090e-01,-9.999983310699462891e-01,9.999981522560119629e-01,-9.999989271163940430e-01,-9.999982714653015137e-01,-9.999949932098388672e-01,9.999954700469970703e-01,9.999988675117492676e-01,9.999990463256835938e-01,9.999954700469970703e-01,9.999988079071044922e-01,-9.999986886978149414e-01,9.999987483024597168e-01,-9.999979734420776367e-01,-9.999952316284179688e-01,9.999927282333374023e-01,9.999580383300781250e-01,9.999982118606567383e-01,-9.999928474426269531e-01,-9.999986290931701660e-01,9.999936223030090332e-01,9.999964833259582520e-01,9.996422529220581055e-01,-9.999976754188537598e-01,9.999988675117492676e-01,-9.999971389770507812e-01,9.999982118606567383e-01,9.999876618385314941e-01,-9.999879002571105957e-01,-9.999988675117492676e-01,-9.999677538871765137e-01,-9.999919533729553223e-01,9.999974966049194336e-01,-9.999983310699462891e-01,9.999781250953674316e-01,9.999978542327880859e-01,-9.999984502792358398e-01,9.999979734420776367e-01,9.999917745590209961e-01,-9.999989867210388184e-01,9.999987483024597168e-01,-9.999925494194030762e-01,9.999968409538269043e-01,-9.999987483024597168e-01,9.999663233757019043e-01,9.999410510063171387e-01,-9.999986290931701660e-01,-9.999972581863403320e-01,9.999639987945556641e-01,9.999980926513671875e-01,9.999939203262329102e-01,-9.999985694885253906e-01,9.999982714653015137e-01,-9.999983906745910645e-01,9.999982118606567383e-01,9.999793767929077148e-01,-9.999989867210388184e-01,9.999980330467224121e-01,-9.999989271163940430e-01,9.999985098838806152e-01,9.999945163726806641e-01,9.999980330467224121e-01,9.999988079071044922e-01,-9.999960064888000488e-01,-9.999983906745910645e-01,9.999976158142089844e-01,9.999842047691345215e-01,9.999955296516418457e-01,-9.999901056289672852e-01,9.999966621398925781e-01
-9.999880194664001465e-01,9.999902248382568359e-01,9.999335408210754395e-01,-9.999873638153076172e-01,-9.999921917915344238e-01,9.999911189079284668e-01,-9.999709129333496094e-01,-9.999929666519165039e-01,9.999817609786987305e-01,-9.999840855598449707e-01,9.999900460243225098e-01,9.999921917915344238e-01,-9.999865889549255371e-01,-9.999888539314270020e-01,-9.998946785926818848e-01,-9.999797940254211426e-01,-9.999823570251464844e-01,9.999902844429016113e-01,-9.999527335166931152e-01,9.999933242797851562e-01,9.999925494194030762e-01,-9.999287724494934082e-01,-9.999890327453613281e-01,-9.999888539314270020e-01,-9.999220967292785645e-01,-9.999927878379821777e-01,9.999888539314270020e-01,9.999921321868896484e-01,-9.998887777328491211e-01,9.999684691429138184e-01,9.999520182609558105e-01,9.999892115592956543e-01,-9.999384880065917969e-01,-9.999784827232360840e-01,9.999808073043823242e-01,9.997179508209228516e-01,-9.999929070472717285e-01,-9.999901652336120605e-01,-9.999480843544006348e-01,9.999920725822448730e-01,-9.999901652336120605e-01,9.999722838401794434e-01,-9.998262524604797363e-01,-9.999916553497314453e-01,-9.999876022338867188e-01,-9.999876022338867188e-01,9.999200105667114258e-01,-9.999883770942687988e-01,-9.999914765357971191e-01,9.999898076057434082e-01,9.999910593032836914e-01,9.999858140945434570e-01,9.999917149543762207e-01,9.999434351921081543e-01,9.999833703041076660e-01,9.999868869781494141e-01,9.999749660491943359e-01,-9.992754459381103516e-01,-9.999830722808837891e-01,-9.999886751174926758e-01,9.999873042106628418e-01,-9.999925494194030762e-01,-9.999881386756896973e-01,-9.999655485153198242e-01,9.999688267707824707e-01,9.999915957450866699e-01,9.999930262565612793e-01,9.999684691429138184e-01,9.999918937683105469e-01,-9.999908208847045898e-01,9.999911189079284668e-01,-9.999861717224121094e-01,-9.999662637710571289e-01,9.999492764472961426e-01,9.997072219848632812e-01,9.999878406524658203e-01,-9.999497532844543457e-01,-9.999909996986389160e-01,9.999552369117736816e-01,9.999758601188659668e-01,9.975094795227050781e-01,-9.999832510948181152e-01,9.999917149543762207e-01,-9.999803304672241211e-01,9.999876618385314941e-01,9.999138116836547852e-01,-9.999153614044189453e-01,-9.999922513961791992e-01,-9.997751116752624512e-01,-9.999437332153320312e-01,9.999825358390808105e-01,-9.999884366989135742e-01,9.998471736907958984e-01,9.999852180480957031e-01,-9.999886751174926758e-01,9.999855756759643555e-01,9.999424815177917480e-01,-9.999927282333374023e-01,9.999914765357971191e-01,-9.999478459358215332e-01,9.999781847000122070e-01,-9.999911785125732422e-01,9.997650980949401855e-01,9.995888471603393555e-01,-9.999900460243225098e-01,-9.999811053276062012e-01,9.997489452362060547e-01,9.999866485595703125e-01,9.999572634696960449e-01,-9.999894499778747559e-01,9.999874234199523926e-01,-9.999890327453613281e-01,9.999875426292419434e-01,9.998555779457092285e-01,-9.999930262565612793e-01,9.999866485595703125e-01,-9.999922513961791992e-01,9.999896287918090820e-01,9.999616146087646484e-01,9.999865889549255371e-01,9.999916553497314453e-01,-9.999719262123107910e-01,-9.999894499778747559e-01,9.999833106994628906e-01,9.998887181282043457e-01,9.999687671661376953e-01,-9.999304413795471191e-01,9.999768733978271484e-01
9.999881386756896973e-01,-9.999904036521911621e-01,-9.999347329139709473e-01,9.999876022338867188e-01,9.999924302101135254e-01,-9.999912977218627930e-01,9.999714493751525879e-01,9.999930858612060547e-01,-9.999820590019226074e-01,9.999843239784240723e-01,-9.999902248382568359e-01,-9.999923110008239746e-01,9.999869465827941895e-01,9.999890923500061035e-01,9.998965263366699219e-01,9.999801516532897949e-01,9.999827146530151367e-01,-9.999904036521911621e-01,9.999536275863647461e-01,-9.999934434890747070e-01,-9.999926686286926270e-01,9.999300837516784668e-01,9.999892115592956543e-01,9.999889731407165527e-01,9.999234676361083984e-01,9.999930262565612793e-01,-9.999891519546508789e-01,-9.999923706054687500e-01,9.998907446861267090e-01,-9.999690651893615723e-01,-9.999527931213378906e-01,-9.999893307685852051e-01,9.999397397041320801e-01,9.999787807464599609e-01,-9.999811649322509766e-01,-9.997229576110839844e-01,9.999930262565612793e-01,9.999903440475463867e-01,9.999490380287170410e-01,-9.999921917915344238e-01,9.999903440475463867e-01,-9.999727606773376465e-01,9.998292922973632812e-01,9.999918341636657715e-01,9.999878406524658203e-01,9.999878406524658203e-01,-9.999213814735412598e-01,9.999885559082031250e-01,9.999916553497314453e-01,-9.999899864196777344e-01,-9.999912381172180176e-01,-9.999861121177673340e-01,-9.999918937683105469e-01,-9.999444484710693359e-01,-9.999837279319763184e-01,-9.999871253967285156e-01,-9.999753832817077637e-01,9.992883205413818359e-01,9.999834895133972168e-01,9.999887943267822266e-01,-9.999875426292419434e-01,9.999927282333374023e-01,9.999883770942687988e-01,9.999662041664123535e-01,-9.999692440032958984e-01,-9.999918341636657715e-01,-9.999931454658508301e-01,-9.999690651893615723e-01,-9.999921321868896484e-01,9.999910593032836914e-01,-9.999912381172180176e-01,9.999864101409912109e-01,9.999668598175048828e-01,-9.999502301216125488e-01,-9.997124671936035156e-01,-9.999880194664001465e-01,9.999507069587707520e-01,9.999911785125732422e-01,-9.999561309814453125e-01,-9.999762773513793945e-01,-9.975536465644836426e-01,9.999836087226867676e-01,-9.999918937683105469e-01,9.999806880950927734e-01,-9.999879002571105957e-01,-9.999153614044189453e-01,9.999169707298278809e-01,9.999922513961791992e-01,9.997791051864624023e-01,9.999448060989379883e-01,-9.999828338623046875e-01,9.999886155128479004e-01,-9.998497962951660156e-01,-9.999855160713195801e-01,9.999888539314270020e-01,-9.999859333038330078e-01,-9.999436140060424805e-01,9.999928474426269531e-01,-9.999915957450866699e-01,9.999487400054931641e-01,-9.999785423278808594e-01,9.999914169311523438e-01,-9.997692704200744629e-01,-9.995961189270019531e-01,9.999902248382568359e-01,9.999814033508300781e-01,-9.997535347938537598e-01,-9.999870061874389648e-01,-9.999580383300781250e-01,9.999896287918090820e-01,-9.999877214431762695e-01,9.999892711639404297e-01,-9.999878406524658203e-01,-9.998581409454345703e-01,9.999930262565612793e-01,-9.999868869781494141e-01,9.999923706054687500e-01,-9.999898672103881836e-01,-9.999623298645019531e-01,-9.999868273735046387e-01,-9.999918341636657715e-01,9.999724626541137695e-01,9.999896287918090820e-01,-9.999836087226867676e-01,-9.998906850814819336e-01,-9.999693036079406738e-01,9.999316930770874023e-01,-9.999772906303405762e-01
9.999988675117492676e-01,-9.999991655349731445e-01,-9.999939203262329102e-01,9.999988079071044922e-01,9.999993443489074707e-01,-9.999991655349731445e-01,9.999973177909851074e-01,9.999994039535522461e-01,-9.999983310699462891e-01,9.999985694885253906e-01,-9.999991655349731445e-01,-9.999994039535522461e-01,9.999988079071044922e-01,9.999989271163940430e-01,9.999904632568359375e-01,9.999980330467224121e-01,9.999983906745910645e-01,-9.999991655349731445e-01,9.999957680702209473e-01,-9.999993443489074707e-01,-9.999992847442626953e-01,9.999936223030090332e-01,9.999990463256835938e-01,9.999989271163940430e-01,9.999929666519165039e-01,9.999992847442626953e-01,-9.999989867210388184e-01,-9.999993443489074707e-01,9.999899864196777344e-01,-9.999970197677612305e-01,-9.999956488609313965e-01,-9.999989271163940430e-01,9.999944567680358887e-01,9.999979138374328613e-01,-9.999982714653015137e-01,-9.999745488166809082e-01,9.999994039535522461e-01,9.999991655349731445e-01,9.999953508377075195e-01,-9.999992251396179199e-01,9.999991655349731445e-01,-9.999973773956298828e-01,9.999845027923583984e-01,9.999991655349731445e-01,9.999988675117492676e-01,9.999988675117492676e-01,-9.999927282333374023e-01,9.999989271163940430e-01,9.999992847442626953e-01,-9.999991059303283691e-01,-9.999992251396179199e-01,-9.999986290931701660e-01,-9.999992847442626953e-01,-9.999949932098388672e-01,-9.999985098838806152e-01,-9.999988079071044922e-01,-9.999976158142089844e-01,9.999347329139709473e-01,9.999983906745910645e-01,9.999989867210388184e-01,-9.999988675117492676e-01,9.999993443489074707e-01,9.999989271163940430e-01,9.999967813491821289e-01,-9.999970793724060059e-01,-9.999991655349731445e-01,-9.999993443489074707e-01,-9.999971389770507812e-01,-9.999992847442626953e-01,9.999992251396179199e-01,-9.999992251396179199e-01,9.999987483024597168e-01,9.999970197677612305e-01,-9.999954700469970703e-01,-9.999736547470092773e-01,-9.999988675117492676e-01,9.999954700469970703e-01,9.999991059303283691e-01,-9.999960064888000488e-01,-9.999978542327880859e-01,-9.997751116752624512e-01,9.999984502792358398e-01,-9.999992847442626953e-01,9.999982118606567383e-01,-9.999988675117492676e-01,-9.999922513961791992e-01,9.999922513961791992e-01,9.999992251396179199e-01,9.999797344207763672e-01,9.999948740005493164e-01,-9.999985098838806152e-01,9.999989271163940430e-01,-9.999862313270568848e-01,-9.999986290931701660e-01,9.999989867210388184e-01,-9.999986886978149414e-01,-9.999949336051940918e-01,9.999992847442626953e-01,-9.999991655349731445e-01,9.999952316284179688e-01,-9.999980330467224121e-01,9.999991655349731445e-01,-9.999788403511047363e-01,-9.999629259109497070e-01,9.999991655349731445e-01,9.999981522560119629e-01,-9.999773502349853516e-01,-9.999988079071044922e-01,-9.999960064888000488e-01,9.999991059303283691e-01,-9.999988079071044922e-01,9.999989271163940430e-01,-9.999988079071044922e-01,-9.999871253967285156e-01,9.999994039535522461e-01,-9.999986886978149414e-01,9.999993443489074707e-01,-9.999991059303283691e-01,-9.999964833259582520e-01,-9.999987483024597168e-01,-9.999991655349731445e-01,9.999973773956298828e-01,9.999991059303283691e-01,-9.999985694885253906e-01,-9.999899864196777344e-01,-9.999970793724060059e-01,9.999938607215881348e-01,-9.999978542327880859e-01
9.999687075614929199e-01,-9.999744296073913574e-01,-9.998264908790588379e-01,9.999669790267944336e-01,9.999798536300659180e-01,-9.999770522117614746e-01,9.999238848686218262e-01,9.999816417694091797e-01,-9.999523162841796875e-01,9.999582767486572266e-01,-9.999738931655883789e-01,-9.999796152114868164e-01,9.999651908874511719e-01,9.999709129333496094e-01,9.997248053550720215e-01,9.999471306800842285e-01,9.999539256095886230e-01,-9.999745488166809082e-01,9.998764991760253906e-01,-9.999825954437255859e-01,-9.999805092811584473e-01,9.998140335083007812e-01,9.999715089797973633e-01,9.999707937240600586e-01,9.997965097427368164e-01,9.999814033508300781e-01,-9.999708533287048340e-01,-9.999797344207763672e-01,9.997094273567199707e-01,-9.999175071716308594e-01,-9.998744726181030273e-01,-9.999717473983764648e-01,9.998396635055541992e-01,9.999436736106872559e-01,-9.999499917030334473e-01,-9.992631077766418457e-01,9.999814629554748535e-01,9.999743103981018066e-01,9.998644590377807617e-01,-9.999791979789733887e-01,9.999743700027465820e-01,-9.999274611473083496e-01,9.995458722114562988e-01,9.999782443046569824e-01,9.999676346778869629e-01,9.999676346778869629e-01,-9.997911453247070312e-01,9.999694824218750000e-01,9.999777674674987793e-01,-9.999732375144958496e-01,-9.999768137931823730e-01,-9.999631047248840332e-01,-9.999784231185913086e-01,-9.998522400856018066e-01,-9.999566078186035156e-01,-9.999656081199645996e-01,-9.999343752861022949e-01,9.981082081794738770e-01,9.999558925628662109e-01,9.999703168869018555e-01,-9.999668002128601074e-01,9.999805688858032227e-01,9.999690055847167969e-01,9.999100565910339355e-01,-9.999182820320129395e-01,-9.999781847000122070e-01,-9.999818205833435059e-01,-9.999174475669860840e-01,-9.999790191650390625e-01,9.999762177467346191e-01,-9.999766349792480469e-01,9.999638199806213379e-01,9.999117851257324219e-01,-9.998676776885986328e-01,-9.992352128028869629e-01,-9.999682903289794922e-01,9.998689889907836914e-01,9.999766349792480469e-01,-9.998832345008850098e-01,-9.999368786811828613e-01,-9.935156702995300293e-01,9.999563097953796387e-01,-9.999784827232360840e-01,9.999485611915588379e-01,-9.999677538871765137e-01,-9.997751116752624512e-01,9.997791051864624023e-01,9.999797344207763672e-01,9.994122982025146484e-01,9.998531937599182129e-01,-9.999541044235229492e-01,9.999697208404541016e-01,-9.996004700660705566e-01,-9.999613165855407715e-01,9.999703168869018555e-01,-9.999623298645019531e-01,-9.998498558998107910e-01,9.999810457229614258e-01,-9.999777078628540039e-01,9.998638629913330078e-01,-9.999430775642395020e-01,9.999769926071166992e-01,-9.993860125541687012e-01,-9.989259243011474609e-01,9.999740123748779297e-01,9.999504685401916504e-01,-9.993441104888916016e-01,-9.999653100967407227e-01,-9.998884797096252441e-01,9.999723434448242188e-01,-9.999673366546630859e-01,9.999716281890869141e-01,-9.999675750732421875e-01,-9.996225833892822266e-01,9.999817013740539551e-01,-9.999649524688720703e-01,9.999797344207763672e-01,-9.999729990959167480e-01,-9.998998045921325684e-01,-9.999648928642272949e-01,-9.999782443046569824e-01,9.999265670776367188e-01,9.999722838401794434e-01,-9.999563694000244141e-01,-9.997091293334960938e-01,-9.999181628227233887e-01,9.998182654380798340e-01,-9.999393820762634277e-01
9.999920725822448730e-01,-9.999936223030090332e-01,-9.999566078186035156e-01,9.999917745590209961e-01,9.999948740005493164e-01,-9.999941587448120117e-01,9.999811053276062012e-01,9.999954104423522949e-01,-9.999881982803344727e-01,9.999896287918090820e-01,-9.999933838844299316e-01,-9.999948740005493164e-01,9.999912381172180176e-01,9.999927282333374023e-01,9.999312758445739746e-01,9.999868273735046387e-01,9.999884963035583496e-01,-9.999936223030090332e-01,9.999691843986511230e-01,-9.999956488609313965e-01,-9.999951124191284180e-01,9.999535083770751953e-01,9.999929070472717285e-01,9.999927282333374023e-01,9.999491572380065918e-01,9.999953508377075195e-01,-9.999927282333374023e-01,-9.999949336051940918e-01,9.999274015426635742e-01,-9.999794363975524902e-01,-9.999687671661376953e-01,-9.999929666519165039e-01,9.999598860740661621e-01,9.999859333038330078e-01,-9.999875426292419434e-01,-9.998158812522888184e-01,9.999953508377075195e-01,9.999935626983642578e-01,9.999661445617675781e-01,-9.999948143959045410e-01,9.999936223030090332e-01,-9.999819993972778320e-01,9.998865127563476562e-01,9.999945759773254395e-01,9.999919533729553223e-01,9.999918937683105469e-01,-9.999478459358215332e-01,9.999923706054687500e-01,9.999944567680358887e-01,-9.999933242797851562e-01,-9.999941587448120117e-01,-9.999907612800598145e-01,-9.999945163726806641e-01,-9.999630451202392578e-01,-9.999892115592956543e-01,-9.999914169311523438e-01,-9.999836087226867676e-01,9.995270371437072754e-01,9.999889135360717773e-01,9.999926090240478516e-01,-9.999917149543762207e-01,9.999950528144836426e-01,9.999922513961791992e-01,9.999775886535644531e-01,-9.999795556068420410e-01,-9.999945759773254395e-01,-9.999954700469970703e-01,-9.999794363975524902e-01,-9.999946951866149902e-01,9.999940395355224609e-01,-9.999942183494567871e-01,9.999909996986389160e-01,9.999780058860778809e-01,-9.999669194221496582e-01,-9.998090267181396484e-01,-9.999920725822448730e-01,9.999672770500183105e-01,9.999940991401672363e-01,-9.999709129333496094e-01,-9.999842643737792969e-01,-9.983732104301452637e-01,9.999890923500061035e-01,-9.999946355819702148e-01,9.999871850013732910e-01,-9.999919533729553223e-01,-9.999437332153320312e-01,9.999448060989379883e-01,9.999948740005493164e-01,9.998531937599182129e-01,9.999632835388183594e-01,-9.999886751174926758e-01,9.999924302101135254e-01,-9.999002218246459961e-01,-9.999903440475463867e-01,9.999926090240478516e-01,-9.999905824661254883e-01,-9.999624490737915039e-01,9.999952316284179688e-01,-9.999944567680358887e-01,9.999659657478332520e-01,-9.999858140945434570e-01,9.999942779541015625e-01,-9.998466372489929199e-01,-9.997316002845764160e-01,9.999935030937194824e-01,9.999876618385314941e-01,-9.998361468315124512e-01,-9.999912977218627930e-01,-9.999722242355346680e-01,9.999932050704956055e-01,-9.999918341636657715e-01,9.999929070472717285e-01,-9.999918341636657715e-01,-9.999058246612548828e-01,9.999954104423522949e-01,-9.999912977218627930e-01,9.999949336051940918e-01,-9.999932646751403809e-01,-9.999750256538391113e-01,-9.999912381172180176e-01,-9.999945759773254395e-01,9.999817013740539551e-01,9.999929666519165039e-01,-9.999890923500061035e-01,-9.999273419380187988e-01,-9.999795556068420410e-01,9.999545812606811523e-01,-9.999849200248718262e-01
-9.999974370002746582e-01,9.999979734420776367e-01,9.999864697456359863e-01,-9.999973773956298828e-01,-9.999983906745910645e-01,9.999981522560119629e-01,-9.999941587448120117e-01,-9.999986886978149414e-01,9.999963641166687012e-01,-9.999967813491821289e-01,9.999979138374328613e-01,9.999984502792358398e-01,-9.999972581863403320e-01,-9.999977946281433105e-01,-9.999785423278808594e-01,-9.999958872795104980e-01,-9.999964833259582520e-01,9.999979734420776367e-01,-9.999904632568359375e-01,9.999986886978149414e-01,9.999984502792358398e-01,-9.999856352806091309e-01,-9.999977350234985352e-01,-9.999977350234985352e-01,-9.999841451644897461e-01,-9.999985098838806152e-01,9.999978542327880859e-01,9.999983906745910645e-01,-9.999774694442749023e-01,9.999935626983642578e-01,9.999902248382568359e-01,9.999978542327880859e-01,-9.999874830245971680e-01,-9.999955892562866211e-01,9.999960660934448242e-01,9.999424815177917480e-01,-9.999986290931701660e-01,-9.999980330467224121e-01,-9.999895095825195312e-01,9.999983310699462891e-01,-9.999980330467224121e-01,9.999943375587463379e-01,-9.999645948410034180e-01,-9.999982714653015137e-01,-9.999974966049194336e-01,-9.999974966049194336e-01,9.999837875366210938e-01,-9.999977350234985352e-01,-9.999982714653015137e-01,9.999979734420776367e-01,9.999981522560119629e-01,9.999970793724060059e-01,9.999982714653015137e-01,9.999885559082031250e-01,9.999965429306030273e-01,9.999973773956298828e-01,9.999949932098388672e-01,-9.998522400856018066e-01,-9.999965429306030273e-01,-9.999976754188537598e-01,9.999974370002746582e-01,-9.999984502792358398e-01,-9.999975562095642090e-01,-9.999929070472717285e-01,9.999936223030090332e-01,9.999982714653015137e-01,9.999986290931701660e-01,9.999936819076538086e-01,9.999984502792358398e-01,-9.999980926513671875e-01,9.999982714653015137e-01,-9.999971985816955566e-01,-9.999933242797851562e-01,9.999897480010986328e-01,9.999402761459350586e-01,9.999975562095642090e-01,-9.999898672103881836e-01,-9.999981522560119629e-01,9.999909996986389160e-01,9.999951720237731934e-01,9.994910955429077148e-01,-9.999965429306030273e-01,9.999982714653015137e-01,-9.999960660934448242e-01,9.999974966049194336e-01,9.999825358390808105e-01,-9.999828338623046875e-01,-9.999985098838806152e-01,-9.999541044235229492e-01,-9.999886751174926758e-01,9.999964833259582520e-01,-9.999976754188537598e-01,9.999688863754272461e-01,9.999970197677612305e-01,-9.999977350234985352e-01,9.999970793724060059e-01,9.999883770942687988e-01,-9.999985694885253906e-01,9.999982714653015137e-01,-9.999893903732299805e-01,9.999956488609313965e-01,-9.999982118606567383e-01,9.999520778656005859e-01,9.999161958694458008e-01,-9.999980330467224121e-01,-9.999960660934448242e-01,9.999487996101379395e-01,9.999973177909851074e-01,9.999913573265075684e-01,-9.999978542327880859e-01,9.999974966049194336e-01,-9.999977946281433105e-01,9.999974370002746582e-01,9.999706745147705078e-01,-9.999985694885253906e-01,9.999972581863403320e-01,-9.999983906745910645e-01,9.999978542327880859e-01,9.999923110008239746e-01,9.999973177909851074e-01,9.999983906745910645e-01,-9.999942779541015625e-01,-9.999978542327880859e-01,9.999966621398925781e-01,9.999774098396301270e-01,9.999936223030090332e-01,-9.999858140945434570e-01,9.999953508377075195e-01
9.999983906745910645e-01,-9.999986886978149414e-01,-9.999910593032836914e-01,9.999982714653015137e-01,9.999989271163940430e-01,-9.999988079071044922e-01,9.999960064888000488e-01,9.999992251396179199e-01,-9.999975562095642090e-01,9.999978542327880859e-01,-9.999986290931701660e-01,-9.999990463256835938e-01,9.999982714653015137e-01,9.999984502792358398e-01,9.999858140945434570e-01,9.999972581863403320e-01,9.999976754188537598e-01,-9.999986886978149414e-01,9.999936223030090332e-01,-9.999992251396179199e-01,-9.999990463256835938e-01,9.999904632568359375e-01,9.999985098838806152e-01,9.999984502792358398e-01,9.999895095825195312e-01,9.999991059303283691e-01,-9.999984502792358398e-01,-9.999989271163940430e-01,9.999850392341613770e-01,-9.999957084655761719e-01,-9.999935626983642578e-01,-9.999985098838806152e-01,9.999917149543762207e-01,9.999970793724060059e-01,-9.999973773956298828e-01,-9.999619722366333008e-01,9.999992251396179199e-01,9.999986290931701660e-01,9.999930262565612793e-01,-9.999989271163940430e-01,9.999986290931701660e-01,-9.999961853027343750e-01,9.999766945838928223e-01,9.999988675117492676e-01,9.999983906745910645e-01,9.999983310699462891e-01,-9.999891519546508789e-01,9.999985098838806152e-01,9.999988079071044922e-01,-9.999986290931701660e-01,-9.999988675117492676e-01,-9.999980926513671875e-01,-9.999988675117492676e-01,-9.999923706054687500e-01,-9.999977350234985352e-01,-9.999983310699462891e-01,-9.999965429306030273e-01,9.999022483825683594e-01,9.999976754188537598e-01,9.999984502792358398e-01,-9.999982714653015137e-01,9.999989867210388184e-01,9.999983906745910645e-01,9.999952912330627441e-01,-9.999957084655761719e-01,-9.999988675117492676e-01,-9.999991059303283691e-01,-9.999958276748657227e-01,-9.999989271163940430e-01,9.999987483024597168e-01,-9.999988675117492676e-01,9.999980926513671875e-01,9.999955296516418457e-01,-9.999932050704956055e-01,-9.999604225158691406e-01,-9.999984502792358398e-01,9.999932646751403809e-01,9.999987483024597168e-01,-9.999939799308776855e-01,-9.999967217445373535e-01,-9.996632933616638184e-01,9.999977350234985352e-01,-9.999988675117492676e-01,9.999973177909851074e-01,-9.999983310699462891e-01,-9.999884366989135742e-01,9.999886155128479004e-01,9.999989271163940430e-01,9.999697208404541016e-01,9.999924302101135254e-01,-9.999976754188537598e-01,9.999983906745910645e-01,-9.999794363975524902e-01,-9.999979734420776367e-01,9.999984502792358398e-01,-9.999981522560119629e-01,-9.999922513961791992e-01,9.999991655349731445e-01,-9.999988675117492676e-01,9.999929070472717285e-01,-9.999971389770507812e-01,9.999988079071044922e-01,-9.999683499336242676e-01,-9.999445080757141113e-01,9.999986290931701660e-01,9.999974370002746582e-01,-9.999661445617675781e-01,-9.999982118606567383e-01,-9.999942779541015625e-01,9.999986290931701660e-01,-9.999983906745910645e-01,9.999985098838806152e-01,-9.999982118606567383e-01,-9.999806284904479980e-01,9.999992251396179199e-01,-9.999982714653015137e-01,9.999989271163940430e-01,-9.999985694885253906e-01,-9.999948143959045410e-01,-9.999981522560119629e-01,-9.999989271163940430e-01,9.999961853027343750e-01,9.999985694885253906e-01,-9.999977350234985352e-01,-9.999850392341613770e-01,-9.999957680702209473e-01,9.999907016754150391e-01,-9.999968409538269043e-01
-9.999787211418151855e-01,9.999825954437255859e-01,9.998819828033447266e-01,-9.999775290489196777e-01,-9.999862909317016602e-01,9.999843835830688477e-01,-9.999482631683349609e-01,-9.999876022338867188e-01,9.999675154685974121e-01,-9.999718070030212402e-01,9.999822974205017090e-01,9.999861121177673340e-01,-9.999763965606689453e-01,-9.999802112579345703e-01,-9.998129010200500488e-01,-9.999640583992004395e-01,-9.999687075614929199e-01,9.999827742576599121e-01,-9.999160170555114746e-01,9.999881386756896973e-01,9.999867677688598633e-01,-9.998735189437866211e-01,-9.999806284904479980e-01,-9.999801516532897949e-01,-9.998617768287658691e-01,-9.999872446060180664e-01,9.999802112579345703e-01,9.999862313270568848e-01,-9.998025298118591309e-01,9.999438524246215820e-01,9.999147057533264160e-01,9.999808073043823242e-01,-9.998909831047058105e-01,-9.999616146087646484e-01,9.999660253524780273e-01,9.994992017745971680e-01,-9.999873638153076172e-01,-9.999825358390808105e-01,-9.999077916145324707e-01,9.999859333038330078e-01,-9.999825954437255859e-01,9.999507665634155273e-01,-9.996913075447082520e-01,-9.999852180480957031e-01,-9.999781250953674316e-01,-9.999780654907226562e-01,9.998580217361450195e-01,-9.999791979789733887e-01,-9.999848008155822754e-01,9.999818205833435059e-01,9.999841451644897461e-01,9.999749660491943359e-01,9.999853372573852539e-01,9.998995065689086914e-01,9.999705553054809570e-01,9.999766945838928223e-01,9.999553561210632324e-01,-9.987136125564575195e-01,-9.999699592590332031e-01,-9.999797344207763672e-01,9.999774694442749023e-01,-9.999867677688598633e-01,-9.999789595603942871e-01,-9.999389648437500000e-01,9.999445080757141113e-01,9.999852180480957031e-01,9.999876618385314941e-01,9.999439120292663574e-01,9.999857544898986816e-01,-9.999838471412658691e-01,9.999842047691345215e-01,-9.999754428863525391e-01,-9.999400973320007324e-01,9.999099373817443848e-01,9.994801282882690430e-01,9.999784231185913086e-01,-9.999108910560607910e-01,-9.999841451644897461e-01,9.999206066131591797e-01,9.999571442604064941e-01,9.955843091011047363e-01,-9.999703764915466309e-01,9.999853372573852539e-01,-9.999650120735168457e-01,9.999781250953674316e-01,9.998471736907958984e-01,-9.998497962951660156e-01,-9.999862313270568848e-01,-9.996004700660705566e-01,-9.999002218246459961e-01,9.999688863754272461e-01,-9.999794363975524902e-01,9.997284412384033203e-01,9.999737739562988281e-01,-9.999798536300659180e-01,9.999744296073913574e-01,9.998978972434997559e-01,-9.999870657920837402e-01,9.999848008155822754e-01,-9.999073743820190430e-01,9.999613165855407715e-01,-9.999844431877136230e-01,9.995827078819274902e-01,9.992697834968566895e-01,-9.999824166297912598e-01,-9.999663233757019043e-01,9.995541572570800781e-01,9.999764561653137207e-01,9.999241232872009277e-01,-9.999812245368957520e-01,9.999778270721435547e-01,-9.999806880950927734e-01,9.999780058860778809e-01,9.997435212135314941e-01,-9.999876618385314941e-01,9.999762773513793945e-01,-9.999862313270568848e-01,9.999816417694091797e-01,9.999319314956665039e-01,9.999761581420898438e-01,9.999852180480957031e-01,-9.999499917030334473e-01,-9.999812245368957520e-01,9.999704957008361816e-01,9.998024702072143555e-01,9.999443888664245605e-01,-9.998763799667358398e-01,9.999588131904602051e-01
-9.999978542327880859e-01,9.999982714653015137e-01,9.999886155128479004e-01,-9.999978542327880859e-01,-9.999986290931701660e-01,9.999984502792358398e-01,-9.999949932098388672e-01,-9.999988675117492676e-01,9.999969005584716797e-01,-9.999973177909851074e-01,9.999982714653015137e-01,9.999986886978149414e-01,-9.999976754188537598e-01,-9.999980330467224121e-01,-9.999819397926330566e-01,-9.999964833259582520e-01,-9.999969601631164551e-01,9.999983310699462891e-01,-9.999919533729553223e-01,9.999989271163940430e-01,9.999986886978149414e-01,-9.999879002571105957e-01,-9.999980926513671875e-01,-9.999979138374328613e-01,-9.999867677688598633e-01,-9.999987483024597168e-01,9.999980330467224121e-01,9.999986290931701660e-01,-9.999809861183166504e-01,9.999945759773254395e-01,9.999917149543762207e-01,9.999980926513671875e-01,-9.999894499778747559e-01,-9.999961256980895996e-01,9.999966621398925781e-01,9.999514222145080566e-01,-9.999987483024597168e-01,-9.999982714653015137e-01,-9.999911785125732422e-01,9.999986290931701660e-01,-9.999982714653015137e-01,9.999952316284179688e-01,-9.999703168869018555e-01,-9.999985694885253906e-01,-9.999979138374328613e-01,-9.999979138374328613e-01,9.999862909317016602e-01,-9.999980330467224121e-01,-9.999985098838806152e-01,9.999982118606567383e-01,9.999984502792358398e-01,9.999975562095642090e-01,9.999984502792358398e-01,9.999903440475463867e-01,9.999971389770507812e-01,9.999977946281433105e-01,9.999957084655761719e-01,-9.998754262924194336e-01,-9.999969601631164551e-01,-9.999980330467224121e-01,9.999978542327880859e-01,-9.999986886978149414e-01,-9.999979138374328613e-01,-9.999940395355224609e-01,9.999945759773254395e-01,9.999985694885253906e-01,9.999988079071044922e-01,9.999945759773254395e-01,9.999986290931701660e-01,-9.999983906745910645e-01,9.999984502792358398e-01,-9.999976158142089844e-01,-9.999942779541015625e-01,9.999912977218627930e-01,9.999496936798095703e-01,9.999978542327880859e-01,-9.999914169311523438e-01,-9.999983310699462891e-01,9.999923110008239746e-01,9.999958872795104980e-01,9.995713233947753906e-01,-9.999970793724060059e-01,9.999985694885253906e-01,-9.999966025352478027e-01,9.999978542327880859e-01,9.999852180480957031e-01,-9.999855160713195801e-01,-9.999986290931701660e-01,-9.999613165855407715e-01,-9.999903440475463867e-01,9.999970197677612305e-01,-9.999979734420776367e-01,9.999737739562988281e-01,9.999974370002746582e-01,-9.999980330467224121e-01,9.999975562095642090e-01,9.999902248382568359e-01,-9.999987483024597168e-01,9.999985098838806152e-01,-9.999909996986389160e-01,9.999961853027343750e-01,-9.999984502792358398e-01,9.999596476554870605e-01,9.999293088912963867e-01,-9.999982714653015137e-01,-9.999967217445373535e-01,9.999568462371826172e-01,9.999976754188537598e-01,9.999926686286926270e-01,-9.999982714653015137e-01,9.999978542327880859e-01,-9.999980926513671875e-01,9.999978542327880859e-01,9.999752044677734375e-01,-9.999988079071044922e-01,9.999976754188537598e-01,-9.999986290931701660e-01,9.999982118606567383e-01,9.999934434890747070e-01,9.999977350234985352e-01,9.999985694885253906e-01,-9.999951720237731934e-01,-9.999981522560119629e-01,9.999970793724060059e-01,9.999809265136718750e-01,9.999946355819702148e-01,-9.999880790710449219e-01,9.999959468841552734e-01
9.999983906745910645e-01,-9.999986886978149414e-01,-9.999911785125732422e-01,9.999983906745910645e-01,9.999989867210388184e-01,-9.999988079071044922e-01,9.999961256980895996e-01,9.999992251396179199e-01,-9.999976158142089844e-01,9.999979138374328613e-01,-9.999986886978149414e-01,-9.999989867210388184e-01,9.999982118606567383e-01,9.999985098838806152e-01,9.999861121177673340e-01,9.999973177909851074e-01,9.999977350234985352e-01,-9.999987483024597168e-01,9.999938607215881348e-01,-9.999991655349731445e-01,-9.999990463256835938e-01,9.999906420707702637e-01,9.999985694885253906e-01,9.999985098838806152e-01,9.999897480010986328e-01,9.999991059303283691e-01,-9.999985098838806152e-01,-9.999989271163940430e-01,9.999853372573852539e-01,-9.999957680702209473e-01,-9.999936819076538086e-01,-9.999985694885253906e-01,9.999918937683105469e-01,9.999971389770507812e-01,-9.999974370002746582e-01,-9.999627470970153809e-01,9.999991059303283691e-01,9.999986886978149414e-01,9.999931454658508301e-01,-9.999989271163940430e-01,9.999986886978149414e-01,-9.999964237213134766e-01,9.999771714210510254e-01,9.999988675117492676e-01,9.999983310699462891e-01,9.999983310699462891e-01,-9.999894499778747559e-01,9.999984502792358398e-01,9.999988675117492676e-01,-9.999986290931701660e-01,-9.999988675117492676e-01,-9.999980926513671875e-01,-9.999988675117492676e-01,-9.999926686286926270e-01,-9.999977946281433105e-01,-9.999982118606567383e-01,-9.999966621398925781e-01,9.999043345451354980e-01,9.999976754188537598e-01,9.999984502792358398e-01,-9.999983906745910645e-01,9.999990463256835938e-01,9.999985098838806152e-01,9.999954700469970703e-01,-9.999958276748657227e-01,-9.999989271163940430e-01,-9.999992251396179199e-01,-9.999958872795104980e-01,-9.999989271163940430e-01,9.999988079071044922e-01,-9.999988079071044922e-01,9.999981522560119629e-01,9.999957084655761719e-01,-9.999933242797851562e-01,-9.999613165855407715e-01,-9.999984502792358398e-01,9.999933838844299316e-01,9.999988079071044922e-01,-9.999940991401672363e-01,-9.999968409538269043e-01,-9.996703863143920898e-01,9.999978542327880859e-01,-9.999989867210388184e-01,9.999973773956298828e-01,-9.999984502792358398e-01,-9.999886751174926758e-01,9.999888539314270020e-01,9.999989867210388184e-01,9.999703168869018555e-01,9.999926090240478516e-01,-9.999977350234985352e-01,9.999984502792358398e-01,-9.999798536300659180e-01,-9.999980330467224121e-01,9.999984502792358398e-01,-9.999982118606567383e-01,-9.999925494194030762e-01,9.999992251396179199e-01,-9.999988079071044922e-01,9.999930262565612793e-01,-9.999970793724060059e-01,9.999987483024597168e-01,-9.999690055847167969e-01,-9.999457001686096191e-01,9.999987483024597168e-01,9.999974370002746582e-01,-9.999668598175048828e-01,-9.999982118606567383e-01,-9.999943971633911133e-01,9.999986886978149414e-01,-9.999983310699462891e-01,9.999985694885253906e-01,-9.999983310699462891e-01,-9.999810457229614258e-01,9.999991059303283691e-01,-9.999982118606567383e-01,9.999990463256835938e-01,-9.999986290931701660e-01,-9.999949932098388672e-01,-9.999983310699462891e-01,-9.999989271163940430e-01,9.999962449073791504e-01,9.999985694885253906e-01,-9.999977350234985352e-01,-9.999853372573852539e-01,-9.999959468841552734e-01,9.999908208847045898e-01,-9.999969005584716797e-01
-9.999979734420776367e-01,9.999983310699462891e-01,9.999889135360717773e-01,-9.999978542327880859e-01,-9.999986886978149414e-01,9.999985098838806152e-01,-9.999951720237731934e-01,-9.999988675117492676e-01,9.999969601631164551e-01,-9.999973773956298828e-01,9.999983906745910645e-01,9.999988079071044922e-01,-9.999977350234985352e-01,-9.999980926513671875e-01,-9.999823570251464844e-01,-9.999965429306030273e-01,-9.999970793724060059e-01,9.999984502792358398e-01,-9.999920725822448730e-01,9.999989271163940430e-01,9.999988079071044922e-01,-9.999881982803344727e-01,-9.999981522560119629e-01,-9.999980926513671875e-01,-9.999870657920837402e-01,-9.999988675117492676e-01,9.999980926513671875e-01,9.999986886978149414e-01,-9.999814629554748535e-01,9.999946951866149902e-01,9.999919533729553223e-01,9.999982714653015137e-01,-9.999897480010986328e-01,-9.999963641166687012e-01,9.999967217445373535e-01,9.999526143074035645e-01,-9.999988079071044922e-01,-9.999984502792358398e-01,-9.999913573265075684e-01,9.999986290931701660e-01,-9.999983310699462891e-01,9.999954104423522949e-01,-9.999709129333496094e-01,-9.999985694885253906e-01,-9.999979734420776367e-01,-9.999979734420776367e-01,9.999867081642150879e-01,-9.999980926513671875e-01,-9.999986290931701660e-01,9.999982714653015137e-01,9.999985694885253906e-01,9.999976158142089844e-01,9.999985694885253906e-01,9.999905824661254883e-01,9.999971985816955566e-01,9.999978542327880859e-01,9.999958276748657227e-01,-9.998785257339477539e-01,-9.999971389770507812e-01,-9.999980926513671875e-01,9.999979138374328613e-01,-9.999987483024597168e-01,-9.999979734420776367e-01,-9.999942183494567871e-01,9.999947547912597656e-01,9.999986886978149414e-01,9.999988079071044922e-01,9.999948143959045410e-01,9.999986290931701660e-01,-9.999984502792358398e-01,9.999985694885253906e-01,-9.999976754188537598e-01,-9.999944567680358887e-01,9.999915361404418945e-01,9.999508857727050781e-01,9.999979734420776367e-01,-9.999916553497314453e-01,-9.999985694885253906e-01,9.999926090240478516e-01,9.999960660934448242e-01,9.995815157890319824e-01,-9.999972581863403320e-01,9.999986886978149414e-01,-9.999966621398925781e-01,9.999979734420776367e-01,9.999855756759643555e-01,-9.999859333038330078e-01,-9.999986886978149414e-01,-9.999623298645019531e-01,-9.999905824661254883e-01,9.999970793724060059e-01,-9.999981522560119629e-01,9.999744296073913574e-01,9.999975562095642090e-01,-9.999982118606567383e-01,9.999976158142089844e-01,9.999904632568359375e-01,-9.999988079071044922e-01,9.999985694885253906e-01,-9.999912381172180176e-01,9.999964237213134766e-01,-9.999985098838806152e-01,9.999606013298034668e-01,9.999310970306396484e-01,-9.999983906745910645e-01,-9.999967813491821289e-01,9.999579191207885742e-01,9.999977350234985352e-01,9.999928474426269531e-01,-9.999983310699462891e-01,9.999979138374328613e-01,-9.999982714653015137e-01,9.999979138374328613e-01,9.999759197235107422e-01,-9.999988675117492676e-01,9.999977350234985352e-01,-9.999987483024597168e-01,9.999982714653015137e-01,9.999935626983642578e-01,9.999977946281433105e-01,9.999986886978149414e-01,-9.999952912330627441e-01,-9.999982118606567383e-01,9.999972581863403320e-01,9.999813437461853027e-01,9.999947547912597656e-01,-9.999884366989135742e-01,9.999961853027343750e-01
-9.999920129776000977e-01,9.999934434890747070e-01,9.999555945396423340e-01,-9.999916553497314453e-01,-9.999948740005493164e-01,9.999941587448120117e-01,-9.999806284904479980e-01,-9.999953508377075195e-01,9.999879002571105957e-01,-9.999894499778747559e-01,9.999933242797851562e-01,9.999948740005493164e-01,-9.999911785125732422e-01,-9.999925494194030762e-01,-9.999297261238098145e-01,-9.999865889549255371e-01,-9.999882578849792480e-01,9.999935626983642578e-01,-9.999684691429138184e-01,9.999955892562866211e-01,9.999950528144836426e-01,-9.999524354934692383e-01,-9.999927282333374023e-01,-9.999926686286926270e-01,-9.999479651451110840e-01,-9.999952316284179688e-01,9.999925494194030762e-01,9.999948740005493164e-01,-9.999257922172546387e-01,9.999789595603942871e-01,9.999679327011108398e-01,9.999929070472717285e-01,-9.999589920043945312e-01,-9.999856352806091309e-01,9.999872446060180664e-01,9.998115897178649902e-01,-9.999952912330627441e-01,-9.999934434890747070e-01,-9.999653697013854980e-01,9.999946951866149902e-01,-9.999934434890747070e-01,9.999815821647644043e-01,-9.998838901519775391e-01,-9.999944567680358887e-01,-9.999917745590209961e-01,-9.999917745590209961e-01,9.999465942382812500e-01,-9.999923110008239746e-01,-9.999943375587463379e-01,9.999932050704956055e-01,9.999941587448120117e-01,9.999906420707702637e-01,9.999945163726806641e-01,9.999622702598571777e-01,9.999890327453613281e-01,9.999912977218627930e-01,9.999832510948181152e-01,-9.995160698890686035e-01,-9.999887347221374512e-01,-9.999924302101135254e-01,9.999916553497314453e-01,-9.999950528144836426e-01,-9.999920725822448730e-01,-9.999771118164062500e-01,9.999791979789733887e-01,9.999944567680358887e-01,9.999953508377075195e-01,9.999789595603942871e-01,9.999946355819702148e-01,-9.999940395355224609e-01,9.999940991401672363e-01,-9.999908208847045898e-01,-9.999775886535644531e-01,9.999662041664123535e-01,9.998045563697814941e-01,9.999918937683105469e-01,-9.999665617942810059e-01,-9.999940395355224609e-01,9.999703168869018555e-01,9.999840259552001953e-01,9.983351826667785645e-01,-9.999889731407165527e-01,9.999945759773254395e-01,-9.999868869781494141e-01,9.999917745590209961e-01,9.999424815177917480e-01,-9.999436140060424805e-01,-9.999949336051940918e-01,-9.998498558998107910e-01,-9.999624490737915039e-01,9.999883770942687988e-01,-9.999922513961791992e-01,9.998978972434997559e-01,9.999902248382568359e-01,-9.999925494194030762e-01,9.999904632568359375e-01,9.999616742134094238e-01,-9.999951124191284180e-01,9.999943375587463379e-01,-9.999651908874511719e-01,9.999854564666748047e-01,-9.999941587448120117e-01,9.998431801795959473e-01,9.997254014015197754e-01,-9.999934434890747070e-01,-9.999874830245971680e-01,9.998323321342468262e-01,9.999911785125732422e-01,9.999715685844421387e-01,-9.999930262565612793e-01,9.999917149543762207e-01,-9.999927282333374023e-01,9.999917149543762207e-01,9.999036192893981934e-01,-9.999954104423522949e-01,9.999911785125732422e-01,-9.999948740005493164e-01,9.999931454658508301e-01,9.999744296073913574e-01,9.999911189079284668e-01,9.999945163726806641e-01,-9.999813437461853027e-01,-9.999929666519165039e-01,9.999889135360717773e-01,9.999257326126098633e-01,9.999791979789733887e-01,-9.999536275863647461e-01,9.999845623970031738e-01
9.999989271163940430e-01,-9.999992251396179199e-01,-9.999943971633911133e-01,9.999989271163940430e-01,9.999994039535522461e-01,-9.999992847442626953e-01,9.999974966049194336e-01,9.999994039535522461e-01,-9.999985098838806152e-01,9.999986290931701660e-01,-9.999991655349731445e-01,-9.999994635581970215e-01,9.999988675117492676e-01,9.999991059303283691e-01,9.999911189079284668e-01,9.999982714653015137e-01,9.999985098838806152e-01,-9.999992251396179199e-01,9.999960064888000488e-01,-9.999995231628417969e-01,-9.999994039535522461e-01,9.999939799308776855e-01,9.999991059303283691e-01,9.999989867210388184e-01,9.999933838844299316e-01,9.999994039535522461e-01,-9.999991059303283691e-01,-9.999993443489074707e-01,9.999905824661254883e-01,-9.999971985816955566e-01,-9.999959468841552734e-01,-9.999991059303283691e-01,9.999948143959045410e-01,9.999981522560119629e-01,-9.999983310699462891e-01,-9.999760389328002930e-01,9.999994039535522461e-01,9.999992251396179199e-01,9.999956488609313965e-01,-9.999993443489074707e-01,9.999992251396179199e-01,-9.999976754188537598e-01,9.999852776527404785e-01,9.999993443489074707e-01,9.999989867210388184e-01,9.999989867210388184e-01,-9.999932646751403809e-01,9.999991655349731445e-01,9.999992847442626953e-01,-9.999991655349731445e-01,-9.999993443489074707e-01,-9.999988079071044922e-01,-9.999993443489074707e-01,-9.999952316284179688e-01,-9.999985694885253906e-01,-9.999988675117492676e-01,-9.999978542327880859e-01,9.999385476112365723e-01,9.999985694885253906e-01,9.999991059303283691e-01,-9.999989867210388184e-01,9.999994039535522461e-01,9.999989867210388184e-01,9.999969601631164551e-01,-9.999973177909851074e-01,-9.999993443489074707e-01,-9.999994635581970215e-01,-9.999973773956298828e-01,-9.999992847442626953e-01,9.999993443489074707e-01,-9.999993443489074707e-01,9.999988675117492676e-01,9.999971985816955566e-01,-9.999957084655761719e-01,-9.999752044677734375e-01,-9.999989271163940430e-01,9.999958276748657227e-01,9.999992847442626953e-01,-9.999961853027343750e-01,-9.999979734420776367e-01,-9.997885227203369141e-01,9.999986290931701660e-01,-9.999994039535522461e-01,9.999983310699462891e-01,-9.999989867210388184e-01,-9.999927282333374023e-01,9.999928474426269531e-01,9.999992847442626953e-01,9.999810457229614258e-01,9.999952316284179688e-01,-9.999985694885253906e-01,9.999991655349731445e-01,-9.999870657920837402e-01,-9.999987483024597168e-01,9.999992251396179199e-01,-9.999988079071044922e-01,-9.999951124191284180e-01,9.999994039535522461e-01,-9.999992847442626953e-01,9.999955296516418457e-01,-9.999981522560119629e-01,9.999992847442626953e-01,-9.999800920486450195e-01,-9.999651908874511719e-01,9.999992847442626953e-01,9.999983906745910645e-01,-9.999787807464599609e-01,-9.999989271163940430e-01,-9.999963641166687012e-01,9.999992251396179199e-01,-9.999989271163940430e-01,9.999991059303283691e-01,-9.999989271163940430e-01,-9.999878406524658203e-01,9.999995231628417969e-01,-9.999988675117492676e-01,9.999993443489074707e-01,-9.999990463256835938e-01,-9.999967217445373535e-01,-9.999988675117492676e-01,-9.999993443489074707e-01,9.999976158142089844e-01,9.999991655349731445e-01,-9.999985694885253906e-01,-9.999906420707702637e-01,-9.999973773956298828e-01,9.999940991401672363e-01,-9.999980330467224121e-01
-9.999986290931701660e-01,9.999989867210388184e-01,9.999933838844299316e-01,-9.999986886978149414e-01,-9.999992847442626953e-01,9.999990463256835938e-01,-9.999970793724060059e-01,-9.999993443489074707e-01,9.999981522560119629e-01,-9.999983310699462891e-01,9.999989271163940430e-01,9.999992847442626953e-01,-9.999986886978149414e-01,-9.999988079071044922e-01,-9.999895095825195312e-01,-9.999979734420776367e-01,-9.999981522560119629e-01,9.999991059303283691e-01,-9.999952912330627441e-01,9.999992847442626953e-01,9.999992847442626953e-01,-9.999929666519165039e-01,-9.999988079071044922e-01,-9.999988079071044922e-01,-9.999923110008239746e-01,-9.999993443489074707e-01,9.999988675117492676e-01,9.999991655349731445e-01,-9.999889731407165527e-01,9.999967217445373535e-01,9.999951720237731934e-01,9.999988675117492676e-01,-9.999938607215881348e-01,-9.999977946281433105e-01,9.999980926513671875e-01,9.999721050262451172e-01,-9.999992251396179199e-01,-9.999990463256835938e-01,-9.999948740005493164e-01,9.999991655349731445e-01,-9.999989867210388184e-01,9.999971985816955566e-01,-9.999827742576599121e-01,-9.999991059303283691e-01,-9.999986886978149414e-01,-9.999986886978149414e-01,9.999921321868896484e-01,-9.999988079071044922e-01,-9.999992251396179199e-01,9.999989867210388184e-01,9.999991655349731445e-01,9.999985098838806152e-01,9.999991059303283691e-01,9.999943971633911133e-01,9.999982118606567383e-01,9.999986290931701660e-01,9.999974370002746582e-01,-9.999283552169799805e-01,-9.999982118606567383e-01,-9.999988675117492676e-01,9.999987483024597168e-01,-9.999992251396179199e-01,-9.999988079071044922e-01,-9.999964833259582520e-01,9.999967813491821289e-01,9.999992251396179199e-01,9.999992847442626953e-01,9.999968409538269043e-01,9.999992251396179199e-01,-9.999991655349731445e-01,9.999991655349731445e-01,-9.999986290931701660e-01,-9.999966025352478027e-01,9.999949336051940918e-01,9.999710321426391602e-01,9.999988079071044922e-01,-9.999950528144836426e-01,-9.999990463256835938e-01,9.999955296516418457e-01,9.999975562095642090e-01,9.997534751892089844e-01,-9.999983310699462891e-01,9.999992251396179199e-01,-9.999980330467224121e-01,9.999987483024597168e-01,9.999914765357971191e-01,-9.999915957450866699e-01,-9.999991655349731445e-01,-9.999777078628540039e-01,-9.999944567680358887e-01,9.999982714653015137e-01,-9.999988675117492676e-01,9.999848008155822754e-01,9.999985098838806152e-01,-9.999988079071044922e-01,9.999985694885253906e-01,9.999943375587463379e-01,-9.999992847442626953e-01,9.999992251396179199e-01,-9.999948143959045410e-01,9.999977350234985352e-01,-9.999991655349731445e-01,9.999768137931823730e-01,9.999593496322631836e-01,-9.999990463256835938e-01,-9.999980926513671875e-01,9.999751448631286621e-01,9.999985694885253906e-01,9.999957084655761719e-01,-9.999989271163940430e-01,9.999986886978149414e-01,-9.999988675117492676e-01,9.999986886978149414e-01,9.999857544898986816e-01,-9.999993443489074707e-01,9.999986886978149414e-01,-9.999992847442626953e-01,9.999988675117492676e-01,9.999961853027343750e-01,9.999986290931701660e-01,9.999992251396179199e-01,-9.999970793724060059e-01,-9.999988675117492676e-01,9.999982118606567383e-01,9.999890327453613281e-01,9.999968409538269043e-01,-9.999931454658508301e-01,9.999976158142089844e-01
9.999926686286926270e-01,-9.999939799308776855e-01,-9.999597668647766113e-01,9.999922513961791992e-01,9.999952912330627441e-01,-9.999945759773254395e-01,9.999824166297912598e-01,9.999957680702209473e-01,-9.999889731407165527e-01,9.999903440475463867e-01,-9.999938607215881348e-01,-9.999952912330627441e-01,9.999918937683105469e-01,9.999932646751403809e-01,9.999361634254455566e-01,9.999876618385314941e-01,9.999892711639404297e-01,-9.999940991401672363e-01,9.999714493751525879e-01,-9.999958872795104980e-01,-9.999954104423522949e-01,9.999569058418273926e-01,9.999933242797851562e-01,9.999932646751403809e-01,9.999528527259826660e-01,9.999956488609313965e-01,-9.999932646751403809e-01,-9.999952316284179688e-01,9.999327063560485840e-01,-9.999808669090270996e-01,-9.999710321426391602e-01,-9.999933838844299316e-01,9.999628067016601562e-01,9.999868869781494141e-01,-9.999883770942687988e-01,-9.998293519020080566e-01,9.999956488609313965e-01,9.999939799308776855e-01,9.999686479568481445e-01,-9.999950528144836426e-01,9.999939799308776855e-01,-9.999832510948181152e-01,9.998947978019714355e-01,9.999948740005493164e-01,9.999924898147583008e-01,9.999924898147583008e-01,-9.999515414237976074e-01,9.999929070472717285e-01,9.999948740005493164e-01,-9.999937415122985840e-01,-9.999945163726806641e-01,-9.999913573265075684e-01,-9.999949336051940918e-01,-9.999657869338989258e-01,-9.999899268150329590e-01,-9.999919533729553223e-01,-9.999847412109375000e-01,9.995614886283874512e-01,9.999897480010986328e-01,9.999931454658508301e-01,-9.999923110008239746e-01,9.999954104423522949e-01,9.999928474426269531e-01,9.999790787696838379e-01,-9.999809861183166504e-01,-9.999949336051940918e-01,-9.999957084655761719e-01,-9.999808669090270996e-01,-9.999950528144836426e-01,9.999943971633911133e-01,-9.999945163726806641e-01,9.999915957450866699e-01,9.999796152114868164e-01,-9.999694228172302246e-01,-9.998228549957275391e-01,-9.999926090240478516e-01,9.999697208404541016e-01,9.999945163726806641e-01,-9.999729990959167480e-01,-9.999853968620300293e-01,-9.984915852546691895e-01,9.999899268150329590e-01,-9.999949932098388672e-01,9.999880194664001465e-01,-9.999925494194030762e-01,-9.999478459358215332e-01,9.999487400054931641e-01,9.999952316284179688e-01,9.998638629913330078e-01,9.999659657478332520e-01,-9.999893903732299805e-01,9.999929070472717285e-01,-9.999073743820190430e-01,-9.999909996986389160e-01,9.999930262565612793e-01,-9.999912381172180176e-01,-9.999651908874511719e-01,9.999955296516418457e-01,-9.999948143959045410e-01,9.999685287475585938e-01,-9.999867677688598633e-01,9.999946355819702148e-01,-9.998577833175659180e-01,-9.997512698173522949e-01,9.999939799308776855e-01,9.999884963035583496e-01,-9.998480081558227539e-01,-9.999919533729553223e-01,-9.999741315841674805e-01,9.999935030937194824e-01,-9.999923110008239746e-01,9.999934434890747070e-01,-9.999924302101135254e-01,-9.999125599861145020e-01,9.999957084655761719e-01,-9.999918341636657715e-01,9.999952912330627441e-01,-9.999936819076538086e-01,-9.999767541885375977e-01,-9.999918937683105469e-01,-9.999948740005493164e-01,9.999829530715942383e-01,9.999935030937194824e-01,-9.999898076057434082e-01,-9.999325871467590332e-01,-9.999811053276062012e-01,9.999579191207885742e-01,-9.999858736991882324e-01
-9.999969005584716797e-01,9.999974370002746582e-01,9.999832510948181152e-01,-9.999967813491821289e-01,-9.999980330467224121e-01,9.999976754188537598e-01,-9.999927282333374023e-01,-9.999982118606567383e-01,9.999954700469970703e-01,-9.999960064888000488e-01,9.999974370002746582e-01,9.999979734420776367e-01,-9.999966025352478027e-01,-9.999971389770507812e-01,-9.999732971191406250e-01,-9.999948740005493164e-01,-9.999955296516418457e-01,9.999974966049194336e-01,-9.999880790710449219e-01,9.999982714653015137e-01,9.999980926513671875e-01,-9.999819993972778320e-01,-9.999971985816955566e-01,-9.999970793724060059e-01,-9.999803304672241211e-01,-9.999981522560119629e-01,9.999971389770507812e-01,9.999980330467224121e-01,-9.999719262123107910e-01,9.999920129776000977e-01,9.999879002571105957e-01,9.999971985816955566e-01,-9.999845027923583984e-01,-9.999944567680358887e-01,9.999951720237731934e-01,9.999286532402038574e-01,-9.999981522560119629e-01,-9.999974966049194336e-01,-9.999868869781494141e-01,9.999979138374328613e-01,-9.999974966049194336e-01,9.999929666519165039e-01,-9.999560713768005371e-01,-9.999978542327880859e-01,-9.999969005584716797e-01,-9.999969005584716797e-01,9.999797344207763672e-01,-9.999970793724060059e-01,-9.999977946281433105e-01,9.999973773956298828e-01,9.999977350234985352e-01,9.999963045120239258e-01,9.999978542327880859e-01,9.999856948852539062e-01,9.999958276748657227e-01,9.999966025352478027e-01,9.999936819076538086e-01,-9.998167157173156738e-01,-9.999956488609313965e-01,-9.999970793724060059e-01,9.999968409538269043e-01,-9.999980926513671875e-01,-9.999969601631164551e-01,-9.999912977218627930e-01,9.999921321868896484e-01,9.999978542327880859e-01,9.999982118606567383e-01,9.999920129776000977e-01,9.999979138374328613e-01,-9.999976754188537598e-01,9.999976754188537598e-01,-9.999964237213134766e-01,-9.999915361404418945e-01,9.999871850013732910e-01,9.999258518218994141e-01,9.999969601631164551e-01,-9.999873042106628418e-01,-9.999977350234985352e-01,9.999887347221374512e-01,9.999939799308776855e-01,9.993687868118286133e-01,-9.999957680702209473e-01,9.999978542327880859e-01,-9.999951124191284180e-01,9.999968409538269043e-01,9.999781847000122070e-01,-9.999785423278808594e-01,-9.999980330467224121e-01,-9.999430775642395020e-01,-9.999858140945434570e-01,9.999956488609313965e-01,-9.999971389770507812e-01,9.999613165855407715e-01,9.999961853027343750e-01,-9.999970793724060059e-01,9.999964237213134766e-01,9.999854564666748047e-01,-9.999981522560119629e-01,9.999977350234985352e-01,-9.999867677688598633e-01,9.999945163726806641e-01,-9.999976754188537598e-01,9.999405145645141602e-01,9.998959302902221680e-01,-9.999974370002746582e-01,-9.999952316284179688e-01,9.999363422393798828e-01,9.999966025352478027e-01,9.999892115592956543e-01,-9.999972581863403320e-01,9.999967813491821289e-01,-9.999971985816955566e-01,9.999967217445373535e-01,9.999635219573974609e-01,-9.999982118606567383e-01,9.999965429306030273e-01,-9.999981522560119629e-01,9.999973773956298828e-01,9.999903440475463867e-01,9.999965429306030273e-01,9.999978542327880859e-01,-9.999929070472717285e-01,-9.999971985816955566e-01,9.999958276748657227e-01,9.999718666076660156e-01,9.999920725822448730e-01,-9.999824166297912598e-01,9.999940395355224609e-01
9.999986886978149414e-01,-9.999990463256835938e-01,-9.999931454658508301e-01,9.999986886978149414e-01,9.999992251396179199e-01,-9.999990463256835938e-01,9.999970793724060059e-01,9.999993443489074707e-01,-9.999980926513671875e-01,9.999983310699462891e-01,-9.999989867210388184e-01,-9.999992251396179199e-01,9.999986290931701660e-01,9.999988079071044922e-01,9.999892711639404297e-01,9.999978542327880859e-01,9.999981522560119629e-01,-9.999990463256835938e-01,9.999951720237731934e-01,-9.999992847442626953e-01,-9.999992847442626953e-01,9.999928474426269531e-01,9.999988675117492676e-01,9.999987483024597168e-01,9.999920725822448730e-01,9.999992847442626953e-01,-9.999988675117492676e-01,-9.999992251396179199e-01,9.999886751174926758e-01,-9.999966621398925781e-01,-9.999950528144836426e-01,-9.999988079071044922e-01,9.999937415122985840e-01,9.999977946281433105e-01,-9.999979138374328613e-01,-9.999712109565734863e-01,9.999992847442626953e-01,9.999989867210388184e-01,9.999946951866149902e-01,-9.999992251396179199e-01,9.999989867210388184e-01,-9.999971389770507812e-01,9.999822974205017090e-01,9.999991655349731445e-01,9.999987483024597168e-01,9.999987483024597168e-01,-9.999918341636657715e-01,9.999988079071044922e-01,9.999991655349731445e-01,-9.999988675117492676e-01,-9.999991059303283691e-01,-9.999984502792358398e-01,-9.999991059303283691e-01,-9.999942183494567871e-01,-9.999982714653015137e-01,-9.999986290931701660e-01,-9.999973177909851074e-01,9.999260902404785156e-01,9.999981522560119629e-01,9.999988079071044922e-01,-9.999986886978149414e-01,9.999992847442626953e-01,9.999987483024597168e-01,9.999963641166687012e-01,-9.999966621398925781e-01,-9.999991655349731445e-01,-9.999993443489074707e-01,-9.999967217445373535e-01,-9.999991059303283691e-01,9.999991059303283691e-01,-9.999992251396179199e-01,9.999985098838806152e-01,9.999966025352478027e-01,-9.999948740005493164e-01,-9.999701976776123047e-01,-9.999987483024597168e-01,9.999948740005493164e-01,9.999991059303283691e-01,-9.999954700469970703e-01,-9.999974966049194336e-01,-9.997456669807434082e-01,9.999982714653015137e-01,-9.999992251396179199e-01,9.999979734420776367e-01,-9.999987483024597168e-01,-9.999911785125732422e-01,9.999914169311523438e-01,9.999991655349731445e-01,9.999769926071166992e-01,9.999942779541015625e-01,-9.999982118606567383e-01,9.999988079071044922e-01,-9.999844431877136230e-01,-9.999984502792358398e-01,9.999987483024597168e-01,-9.999985098838806152e-01,-9.999941587448120117e-01,9.999992847442626953e-01,-9.999991655349731445e-01,9.999946355819702148e-01,-9.999976754188537598e-01,9.999991655349731445e-01,-9.999760985374450684e-01,-9.999580383300781250e-01,9.999989867210388184e-01,9.999979138374328613e-01,-9.999743700027465820e-01,-9.999986290931701660e-01,-9.999955892562866211e-01,9.999989271163940430e-01,-9.999986886978149414e-01,9.999988079071044922e-01,-9.999986290931701660e-01,-9.999852776527404785e-01,9.999992251396179199e-01,-9.999986290931701660e-01,9.999992251396179199e-01,-9.999988675117492676e-01,-9.999960660934448242e-01,-9.999986290931701660e-01,-9.999991655349731445e-01,9.999970793724060059e-01,9.999988675117492676e-01,-9.999983906745910645e-01,-9.999886751174926758e-01,-9.999967813491821289e-01,9.999929070472717285e-01,-9.999975562095642090e-01
-9.999672174453735352e-01,9.999731779098510742e-01,9.998187422752380371e-01,-9.999654889106750488e-01,-9.999788403511047363e-01,9.999759793281555176e-01,-9.999205470085144043e-01,-9.999808669090270996e-01,9.999501705169677734e-01,-9.999564290046691895e-01,9.999726414680480957e-01,9.999787211418151855e-01,-9.999636411666870117e-01,-9.999696016311645508e-01,-9.997125267982482910e-01,-9.999447464942932129e-01,-9.999518394470214844e-01,9.999734759330749512e-01,-9.998710155487060547e-01,9.999818801879882812e-01,9.999796748161315918e-01,-9.998056888580322266e-01,-9.999701380729675293e-01,-9.999694228172302246e-01,-9.997874498367309570e-01,-9.999805688858032227e-01,9.999696612358093262e-01,9.999787807464599609e-01,-9.996964931488037109e-01,9.999137520790100098e-01,9.998690485954284668e-01,9.999704957008361816e-01,-9.998325109481811523e-01,-9.999410510063171387e-01,9.999477267265319824e-01,9.992303252220153809e-01,-9.999805688858032227e-01,-9.999731183052062988e-01,-9.998583793640136719e-01,9.999783635139465332e-01,-9.999732375144958496e-01,9.999241828918457031e-01,-9.995255470275878906e-01,-9.999772310256958008e-01,-9.999662041664123535e-01,-9.999662041664123535e-01,9.997818470001220703e-01,-9.999679923057556152e-01,-9.999768137931823730e-01,9.999721646308898926e-01,9.999756813049316406e-01,9.999615550041198730e-01,9.999774694442749023e-01,9.998455643653869629e-01,9.999547004699707031e-01,9.999641180038452148e-01,9.999314546585083008e-01,-9.980242252349853516e-01,-9.999539256095886230e-01,-9.999690055847167969e-01,9.999653697013854980e-01,-9.999796748161315918e-01,-9.999675750732421875e-01,-9.999060630798339844e-01,9.999147057533264160e-01,9.999772310256958008e-01,9.999810457229614258e-01,9.999138116836547852e-01,9.999781250953674316e-01,-9.999752044677734375e-01,9.999755024909973145e-01,-9.999622106552124023e-01,-9.999078512191772461e-01,9.998617768287658691e-01,9.992011785507202148e-01,9.999666810035705566e-01,-9.998630881309509277e-01,-9.999756217002868652e-01,9.998781085014343262e-01,9.999340176582336426e-01,9.932287931442260742e-01,-9.999544620513916016e-01,9.999774694442749023e-01,-9.999461770057678223e-01,9.999663233757019043e-01,9.997650980949401855e-01,-9.997692704200744629e-01,-9.999788403511047363e-01,-9.993860125541687012e-01,-9.998466372489929199e-01,9.999520778656005859e-01,-9.999683499336242676e-01,9.995827078819274902e-01,9.999596476554870605e-01,-9.999690055847167969e-01,9.999606013298034668e-01,9.998431801795959473e-01,-9.999800920486450195e-01,9.999768137931823730e-01,-9.998577833175659180e-01,9.999405145645141602e-01,-9.999760985374450684e-01,9.993587136268615723e-01,9.988781213760375977e-01,-9.999728798866271973e-01,-9.999482631683349609e-01,9.993150234222412109e-01,9.999637603759765625e-01,9.998834729194641113e-01,-9.999712109565734863e-01,9.999658465385437012e-01,-9.999703168869018555e-01,9.999660849571228027e-01,9.996057152748107910e-01,-9.999809265136718750e-01,9.999634623527526855e-01,-9.999787807464599609e-01,9.999719262123107910e-01,9.998954534530639648e-01,9.999633431434631348e-01,9.999772906303405762e-01,-9.999232292175292969e-01,-9.999711513519287109e-01,9.999543428421020508e-01,9.996961951255798340e-01,9.999145269393920898e-01,-9.998100996017456055e-01,9.999366998672485352e-01
-9.999426603317260742e-01,9.999530911445617676e-01,9.996828436851501465e-01,-9.999396204948425293e-01,-9.999631047248840332e-01,9.999578595161437988e-01,-9.998609423637390137e-01,-9.999664425849914551e-01,9.999127388000488281e-01,-9.999237656593322754e-01,9.999521970748901367e-01,9.999625682830810547e-01,-9.999363422393798828e-01,-9.999467134475708008e-01,-9.994969367980957031e-01,-9.999033808708190918e-01,-9.999157786369323730e-01,9.999534487724304199e-01,-9.997740983963012695e-01,9.999681711196899414e-01,9.999644160270690918e-01,-9.996598362922668457e-01,-9.999478459358215332e-01,-9.999464750289916992e-01,-9.996278882026672363e-01,-9.999659061431884766e-01,9.999467134475708008e-01,9.999628067016601562e-01,-9.994689226150512695e-01,9.998492598533630371e-01,9.997708797454833984e-01,9.999483823776245117e-01,-9.997068047523498535e-01,-9.998970031738281250e-01,9.999085664749145508e-01,9.986537098884582520e-01,-9.999659657478332520e-01,-9.999529123306274414e-01,-9.997520446777343750e-01,9.999620914459228516e-01,-9.999530315399169922e-01,9.998674392700195312e-01,-9.991699457168579102e-01,-9.999601244926452637e-01,-9.999407529830932617e-01,-9.999408125877380371e-01,9.996181130409240723e-01,-9.999438524246215820e-01,-9.999593496322631836e-01,9.999511837959289551e-01,9.999573230743408203e-01,9.999327063560485840e-01,9.999604821205139160e-01,9.997296929359436035e-01,9.999206662178039551e-01,9.999371170997619629e-01,9.998800754547119141e-01,-9.965467453002929688e-01,-9.999192953109741211e-01,-9.999456405639648438e-01,9.999392032623291016e-01,-9.999644756317138672e-01,-9.999431967735290527e-01,-9.998357295989990234e-01,9.998507499694824219e-01,9.999600648880004883e-01,9.999667406082153320e-01,9.998492002487182617e-01,9.999616146087646484e-01,-9.999564886093139648e-01,9.999571442604064941e-01,-9.999338984489440918e-01,-9.998387098312377930e-01,9.997580647468566895e-01,9.986026287078857422e-01,9.999416470527648926e-01,-9.997604489326477051e-01,-9.999572038650512695e-01,9.997866153717041016e-01,9.998845458030700684e-01,9.882079362869262695e-01,-9.999202489852905273e-01,9.999605417251586914e-01,-9.999059438705444336e-01,9.999410510063171387e-01,9.995888471603393555e-01,-9.995961189270019531e-01,-9.999629259109497070e-01,-9.989259243011474609e-01,-9.997316002845764160e-01,9.999161958694458008e-01,-9.999445080757141113e-01,9.992697834968566895e-01,9.999293088912963867e-01,-9.999457001686096191e-01,9.999310970306396484e-01,9.997254014015197754e-01,-9.999651908874511719e-01,9.999593496322631836e-01,-9.997512698173522949e-01,9.998959302902221680e-01,-9.999580383300781250e-01,9.988781213760375977e-01,9.980378746986389160e-01,-9.999525547027587891e-01,-9.999094009399414062e-01,9.988015890121459961e-01,9.999365806579589844e-01,9.997962117195129395e-01,-9.999494552612304688e-01,9.999402761459350586e-01,-9.999479651451110840e-01,9.999406337738037109e-01,9.993101358413696289e-01,-9.999665617942810059e-01,9.999361038208007812e-01,-9.999629259109497070e-01,9.999507069587707520e-01,9.998168945312500000e-01,9.999357461929321289e-01,9.999601840972900391e-01,-9.998657703399658203e-01,-9.999493956565856934e-01,9.999201893806457520e-01,9.994683861732482910e-01,9.998505115509033203e-01,-9.996676445007324219e-01,9.998891949653625488e-01
9.999985694885253906e-01,-9.999988675117492676e-01,-9.999923706054687500e-01,9.999986290931701660e-01,9.999991655349731445e-01,-9.999989867210388184e-01,9.999966621398925781e-01,9.999992251396179199e-01,-9.999979138374328613e-01,9.999982118606567383e-01,-9.999988079071044922e-01,-9.999991059303283691e-01,9.999984502792358398e-01,9.999987483024597168e-01,9.999878406524658203e-01,9.999976158142089844e-01,9.999979138374328613e-01,-9.999989271163940430e-01,9.999946355819702148e-01,-9.999992847442626953e-01,-9.999991655349731445e-01,9.999918341636657715e-01,9.999987483024597168e-01,9.999986886978149414e-01,9.999909996986389160e-01,9.999992847442626953e-01,-9.999987483024597168e-01,-9.999991655349731445e-01,9.999871850013732910e-01,-9.999963045120239258e-01,-9.999944567680358887e-01,-9.999987483024597168e-01,9.999929070472717285e-01,9.999974966049194336e-01,-9.999977350234985352e-01,-9.999673366546630859e-01,9.999992251396179199e-01,9.999988675117492676e-01,9.999940395355224609e-01,-9.999991059303283691e-01,9.999989271163940430e-01,-9.999968409538269043e-01,9.999800324440002441e-01,9.999991059303283691e-01,9.999985694885253906e-01,9.999985694885253906e-01,-9.999907016754150391e-01,9.999986886978149414e-01,9.999990463256835938e-01,-9.999988079071044922e-01,-9.999989867210388184e-01,-9.999983310699462891e-01,-9.999991059303283691e-01,-9.999935626983642578e-01,-9.999980330467224121e-01,-9.999985694885253906e-01,-9.999971389770507812e-01,9.999162554740905762e-01,9.999980330467224121e-01,9.999986886978149414e-01,-9.999985694885253906e-01,9.999991655349731445e-01,9.999986886978149414e-01,9.999959468841552734e-01,-9.999962449073791504e-01,-9.999991059303283691e-01,-9.999992251396179199e-01,-9.999964237213134766e-01,-9.999991059303283691e-01,9.999989271163940430e-01,-9.999989867210388184e-01,9.999983906745910645e-01,9.999961853027343750e-01,-9.999941587448120117e-01,-9.999661445617675781e-01,-9.999986290931701660e-01,9.999942183494567871e-01,9.999989271163940430e-01,-9.999948740005493164e-01,-9.999971389770507812e-01,-9.997115135192871094e-01,9.999980330467224121e-01,-9.999992251396179199e-01,9.999976754188537598e-01,-9.999986290931701660e-01,-9.999900460243225098e-01,9.999902248382568359e-01,9.999991655349731445e-01,9.999740123748779297e-01,9.999935030937194824e-01,-9.999980330467224121e-01,9.999986290931701660e-01,-9.999824166297912598e-01,-9.999982714653015137e-01,9.999987483024597168e-01,-9.999983906745910645e-01,-9.999934434890747070e-01,9.999992847442626953e-01,-9.999990463256835938e-01,9.999939799308776855e-01,-9.999974370002746582e-01,9.999989867210388184e-01,-9.999728798866271973e-01,-9.999525547027587891e-01,9.999989271163940430e-01,9.999977946281433105e-01,-9.999710321426391602e-01,-9.999984502792358398e-01,-9.999950528144836426e-01,9.999988079071044922e-01,-9.999986290931701660e-01,9.999987483024597168e-01,-9.999985694885253906e-01,-9.999833703041076660e-01,9.999993443489074707e-01,-9.999984502792358398e-01,9.999991655349731445e-01,-9.999988079071044922e-01,-9.999955892562866211e-01,-9.999985098838806152e-01,-9.999991059303283691e-01,9.999967217445373535e-01,9.999987483024597168e-01,-9.999981522560119629e-01,-9.999871850013732910e-01,-9.999963045120239258e-01,9.999920129776000977e-01,-9.999972581863403320e-01
9.999972581863403320e-01,-9.999977350234985352e-01,-9.999852776527404785e-01,9.999971985816955566e-01,9.999981522560119629e-01,-9.999980330467224121e-01,9.999936223030090332e-01,9.999985098838806152e-01,-9.999960660934448242e-01,9.999964237213134766e-01,-9.999976754188537598e-01,-9.999982714653015137e-01,9.999970197677612305e-01,9.999974966049194336e-01,9.999767541885375977e-01,9.999954700469970703e-01,9.999960660934448242e-01,-9.999977946281433105e-01,9.999896287918090820e-01,-9.999985098838806152e-01,-9.999983310699462891e-01,9.999843239784240723e-01,9.999975562095642090e-01,9.999974370002746582e-01,9.999828934669494629e-01,9.999983906745910645e-01,-9.999975562095642090e-01,-9.999982714653015137e-01,9.999755620956420898e-01,-9.999930858612060547e-01,-9.999893903732299805e-01,-9.999976158142089844e-01,9.999864101409912109e-01,9.999951720237731934e-01,-9.999957084655761719e-01,-9.999377727508544922e-01,9.999985098838806152e-01,9.999977946281433105e-01,9.999886155128479004e-01,-9.999981522560119629e-01,9.999977946281433105e-01,-9.999939203262329102e-01,9.999617338180541992e-01,9.999981522560119629e-01,9.999972581863403320e-01,9.999972581863403320e-01,-9.999823570251464844e-01,9.999973773956298828e-01,9.999980926513671875e-01,-9.999977350234985352e-01,-9.999980330467224121e-01,-9.999967813491821289e-01,-9.999981522560119629e-01,-9.999875426292419434e-01,-9.999963045120239258e-01,-9.999970793724060059e-01,-9.999944567680358887e-01,9.998404383659362793e-01,9.999962449073791504e-01,9.999974370002746582e-01,-9.999971389770507812e-01,9.999983310699462891e-01,9.999972581863403320e-01,9.999923110008239746e-01,-9.999930262565612793e-01,-9.999980330467224121e-01,-9.999984502792358398e-01,-9.999930858612060547e-01,-9.999982118606567383e-01,9.999979734420776367e-01,-9.999979734420776367e-01,9.999969005584716797e-01,9.999926686286926270e-01,-9.999888539314270020e-01,-9.999355077743530273e-01,-9.999972581863403320e-01,9.999889135360717773e-01,9.999979138374328613e-01,-9.999901056289672852e-01,-9.999947547912597656e-01,-9.994505643844604492e-01,9.999963641166687012e-01,-9.999981522560119629e-01,9.999956488609313965e-01,-9.999972581863403320e-01,-9.999811053276062012e-01,9.999814033508300781e-01,9.999981522560119629e-01,9.999504685401916504e-01,9.999876618385314941e-01,-9.999960660934448242e-01,9.999974370002746582e-01,-9.999663233757019043e-01,-9.999967217445373535e-01,9.999974370002746582e-01,-9.999967813491821289e-01,-9.999874830245971680e-01,9.999983906745910645e-01,-9.999980926513671875e-01,9.999884963035583496e-01,-9.999952316284179688e-01,9.999979138374328613e-01,-9.999482631683349609e-01,-9.999094009399414062e-01,9.999977946281433105e-01,9.999958276748657227e-01,-9.999446272850036621e-01,-9.999970197677612305e-01,-9.999905824661254883e-01,9.999976158142089844e-01,-9.999971985816955566e-01,9.999975562095642090e-01,-9.999971389770507812e-01,-9.999682307243347168e-01,9.999984502792358398e-01,-9.999970197677612305e-01,9.999982714653015137e-01,-9.999976158142089844e-01,-9.999915957450866699e-01,-9.999970197677612305e-01,-9.999981522560119629e-01,9.999938011169433594e-01,9.999975562095642090e-01,-9.999962449073791504e-01,-9.999755620956420898e-01,-9.999931454658508301e-01,9.999846816062927246e-01,-9.999948143959045410e-01
-9.999649524688720703e-01,9.999713301658630371e-01,9.998064041137695312e-01,-9.999631047248840332e-01,-9.999774098396301270e-01,9.999742507934570312e-01,-9.999150633811950684e-01,-9.999794960021972656e-01,9.999467134475708008e-01,-9.999534487724304199e-01,9.999707937240600586e-01,9.999771714210510254e-01,-9.999611377716064453e-01,-9.999674558639526367e-01,-9.996928572654724121e-01,-9.999408721923828125e-01,-9.999485611915588379e-01,9.999715685844421387e-01,-9.998620748519897461e-01,9.999805688858032227e-01,9.999781847000122070e-01,-9.997924566268920898e-01,-9.999682307243347168e-01,-9.999673366546630859e-01,-9.997729063034057617e-01,-9.999791383743286133e-01,9.999673962593078613e-01,9.999772906303405762e-01,-9.996757507324218750e-01,9.999078512191772461e-01,9.998601078987121582e-01,9.999685287475585938e-01,-9.998210072517395020e-01,-9.999371170997619629e-01,9.999442100524902344e-01,9.991778731346130371e-01,-9.999791979789733887e-01,-9.999712109565734863e-01,-9.998486638069152832e-01,9.999768137931823730e-01,-9.999712705612182617e-01,9.999189376831054688e-01,-9.994932413101196289e-01,-9.999756217002868652e-01,-9.999638199806213379e-01,-9.999637603759765625e-01,9.997668862342834473e-01,-9.999657273292541504e-01,-9.999752044677734375e-01,9.999701380729675293e-01,9.999740123748779297e-01,9.999588727951049805e-01,9.999758601188659668e-01,9.998350739479064941e-01,9.999514818191528320e-01,9.999615550041198730e-01,9.999267458915710449e-01,-9.978896379470825195e-01,-9.999507069587707520e-01,-9.999668002128601074e-01,9.999629259109497070e-01,-9.999782443046569824e-01,-9.999652504920959473e-01,-9.998996853828430176e-01,9.999088048934936523e-01,9.999756813049316406e-01,9.999796748161315918e-01,9.999078512191772461e-01,9.999765157699584961e-01,-9.999734163284301758e-01,9.999738335609436035e-01,-9.999595880508422852e-01,-9.999014735221862793e-01,9.998522996902465820e-01,9.991466403007507324e-01,9.999643564224243164e-01,-9.998537302017211914e-01,-9.999738335609436035e-01,9.998697042465209961e-01,9.999294877052307129e-01,9.927703142166137695e-01,-9.999513030052185059e-01,9.999759197235107422e-01,-9.999426007270812988e-01,9.999639987945556641e-01,9.997489452362060547e-01,-9.997535347938537598e-01,-9.999773502349853516e-01,-9.993441104888916016e-01,-9.998361468315124512e-01,9.999487996101379395e-01,-9.999661445617675781e-01,9.995541572570800781e-01,9.999568462371826172e-01,-9.999668598175048828e-01,9.999579191207885742e-01,9.998323321342468262e-01,-9.999787807464599609e-01,9.999751448631286621e-01,-9.998480081558227539e-01,9.999363422393798828e-01,-9.999743700027465820e-01,9.993150234222412109e-01,9.988015890121459961e-01,-9.999710321426391602e-01,-9.999446272850036621e-01,9.992682337760925293e-01,9.999611973762512207e-01,9.998754262924194336e-01,-9.999691843986511230e-01,9.999635219573974609e-01,-9.999682903289794922e-01,9.999637007713317871e-01,9.995789527893066406e-01,-9.999795556068420410e-01,9.999610185623168945e-01,-9.999773502349853516e-01,9.999699592590332031e-01,9.998881816864013672e-01,9.999606609344482422e-01,9.999756217002868652e-01,-9.999180436134338379e-01,-9.999690651893615723e-01,9.999512434005737305e-01,9.996754527091979980e-01,9.999086856842041016e-01,-9.997971653938293457e-01,9.999323487281799316e-01
-9.999981522560119629e-01,9.999984502792358398e-01,9.999898076057434082e-01,-9.999980330467224121e-01,-9.999988079071044922e-01,9.999986290931701660e-01,-9.999955892562866211e-01,-9.999989867210388184e-01,9.999972581863403320e-01,-9.999975562095642090e-01,9.999984502792358398e-01,9.999988675117492676e-01,-9.999979138374328613e-01,-9.999982714653015137e-01,-9.999837875366210938e-01,-9.999968409538269043e-01,-9.999973177909851074e-01,9.999985694885253906e-01,-9.999927282333374023e-01,9.999989867210388184e-01,9.999988079071044922e-01,-9.999891519546508789e-01,-9.999982714653015137e-01,-9.999982714653015137e-01,-9.999880194664001465e-01,-9.999988675117492676e-01,9.999983310699462891e-01,9.999986886978149414e-01,-9.999828934669494629e-01,9.999951720237731934e-01,9.999926090240478516e-01,9.999983310699462891e-01,-9.999904632568359375e-01,-9.999965429306030273e-01,9.999970197677612305e-01,9.999564290046691895e-01,-9.999989271163940430e-01,-9.999984502792358398e-01,-9.999920129776000977e-01,9.999987483024597168e-01,-9.999984502792358398e-01,9.999957084655761719e-01,-9.999732375144958496e-01,-9.999986886978149414e-01,-9.999981522560119629e-01,-9.999980330467224121e-01,9.999877214431762695e-01,-9.999982714653015137e-01,-9.999986886978149414e-01,9.999983906745910645e-01,9.999986886978149414e-01,9.999977350234985352e-01,9.999986886978149414e-01,9.999912977218627930e-01,9.999974370002746582e-01,9.999979734420776367e-01,9.999960660934448242e-01,-9.998881816864013672e-01,-9.999973773956298828e-01,-9.999982118606567383e-01,9.999981522560119629e-01,-9.999988079071044922e-01,-9.999981522560119629e-01,-9.999946355819702148e-01,9.999951124191284180e-01,9.999986886978149414e-01,9.999989271163940430e-01,9.999951124191284180e-01,9.999987483024597168e-01,-9.999985694885253906e-01,9.999986886978149414e-01,-9.999978542327880859e-01,-9.999948740005493164e-01,9.999921917915344238e-01,9.999547600746154785e-01,9.999982118606567383e-01,-9.999922513961791992e-01,-9.999986290931701660e-01,9.999931454658508301e-01,9.999963045120239258e-01,9.996151924133300781e-01,-9.999973773956298828e-01,9.999986886978149414e-01,-9.999969005584716797e-01,9.999980926513671875e-01,9.999866485595703125e-01,-9.999870061874389648e-01,-9.999988079071044922e-01,-9.999653100967407227e-01,-9.999912977218627930e-01,9.999973177909851074e-01,-9.999982118606567383e-01,9.999764561653137207e-01,9.999976754188537598e-01,-9.999982118606567383e-01,9.999977350234985352e-01,9.999911785125732422e-01,-9.999989271163940430e-01,9.999985694885253906e-01,-9.999919533729553223e-01,9.999966025352478027e-01,-9.999986290931701660e-01,9.999637603759765625e-01,9.999365806579589844e-01,-9.999984502792358398e-01,-9.999970197677612305e-01,9.999611973762512207e-01,9.999979138374328613e-01,9.999934434890747070e-01,-9.999984502792358398e-01,9.999980330467224121e-01,-9.999982714653015137e-01,9.999980926513671875e-01,9.999778270721435547e-01,-9.999989867210388184e-01,9.999979138374328613e-01,-9.999988079071044922e-01,9.999982714653015137e-01,9.999940991401672363e-01,9.999979138374328613e-01,9.999986886978149414e-01,-9.999956488609313965e-01,-9.999982714653015137e-01,9.999973773956298828e-01,9.999828934669494629e-01,9.999951720237731934e-01,-9.999893903732299805e-01,9.999962449073791504e-01
-9.999939799308776855e-01,9.999951720237731934e-01,9.999670386314392090e-01,-9.999937415122985840e-01,-9.999960064888000488e-01,9.999955892562866211e-01,-9.999855756759643555e-01,-9.999964833259582520e-01,9.999909400939941406e-01,-9.999921321868896484e-01,9.999950528144836426e-01,9.999960660934448242e-01,-9.999933838844299316e-01,-9.999944567680358887e-01,-9.999477863311767578e-01,-9.999899268150329590e-01,-9.999912977218627930e-01,9.999951720237731934e-01,-9.999765753746032715e-01,9.999966621398925781e-01,9.999962449073791504e-01,-9.999647140502929688e-01,-9.999945759773254395e-01,-9.999943971633911133e-01,-9.999613761901855469e-01,-9.999964237213134766e-01,9.999944567680358887e-01,9.999960660934448242e-01,-9.999448657035827637e-01,9.999843835830688477e-01,9.999761581420898438e-01,9.999945759773254395e-01,-9.999695420265197754e-01,-9.999892711639404297e-01,9.999904632568359375e-01,9.998601675033569336e-01,-9.999964237213134766e-01,-9.999951124191284180e-01,-9.999741911888122559e-01,9.999958872795104980e-01,-9.999951124191284180e-01,9.999862909317016602e-01,-9.999138116836547852e-01,-9.999958276748657227e-01,-9.999938607215881348e-01,-9.999938607215881348e-01,9.999603033065795898e-01,-9.999942779541015625e-01,-9.999957680702209473e-01,9.999949336051940918e-01,9.999955892562866211e-01,9.999929070472717285e-01,9.999958872795104980e-01,9.999719858169555664e-01,9.999917149543762207e-01,9.999935030937194824e-01,9.999874830245971680e-01,-9.996407032012939453e-01,-9.999915957450866699e-01,-9.999943971633911133e-01,9.999936819076538086e-01,-9.999962449073791504e-01,-9.999940991401672363e-01,-9.999829530715942383e-01,9.999844431877136230e-01,9.999958872795104980e-01,9.999964833259582520e-01,9.999842643737792969e-01,9.999958276748657227e-01,-9.999954700469970703e-01,9.999955296516418457e-01,-9.999931454658508301e-01,-9.999833106994628906e-01,9.999749660491943359e-01,9.998548626899719238e-01,9.999939799308776855e-01,-9.999751448631286621e-01,-9.999955296516418457e-01,9.999778866767883301e-01,9.999880194664001465e-01,9.987638592720031738e-01,-9.999917149543762207e-01,9.999958872795104980e-01,-9.999902844429016113e-01,9.999939203262329102e-01,9.999572634696960449e-01,-9.999580383300781250e-01,-9.999960064888000488e-01,-9.998884797096252441e-01,-9.999722242355346680e-01,9.999913573265075684e-01,-9.999942779541015625e-01,9.999241232872009277e-01,9.999926686286926270e-01,-9.999943971633911133e-01,9.999928474426269531e-01,9.999715685844421387e-01,-9.999963641166687012e-01,9.999957084655761719e-01,-9.999741315841674805e-01,9.999892115592956543e-01,-9.999955892562866211e-01,9.998834729194641113e-01,9.997962117195129395e-01,-9.999950528144836426e-01,-9.999905824661254883e-01,9.998754262924194336e-01,9.999934434890747070e-01,9.999787807464599609e-01,-9.999947547912597656e-01,9.999938011169433594e-01,-9.999945163726806641e-01,9.999938011169433594e-01,9.999283552169799805e-01,-9.999964833259582520e-01,9.999933838844299316e-01,-9.999960660934448242e-01,9.999948143959045410e-01,9.999810457229614258e-01,9.999933242797851562e-01,9.999958872795104980e-01,-9.999859929084777832e-01,-9.999947547912597656e-01,9.999916553497314453e-01,9.999448060989379883e-01,9.999845027923583984e-01,-9.999654889106750488e-01,9.999885559082031250e-01
9.999983906745910645e-01,-9.999987483024597168e-01,-9.999918341636657715e-01,9.999985098838806152e-01,9.999992251396179199e-01,-9.999989271163940430e-01,9.999963641166687012e-01,9.999992847442626953e-01,-9.999978542327880859e-01,9.999980330467224121e-01,-9.999987483024597168e-01,-9.999991059303283691e-01,9.999984502792358398e-01,9.999986290931701660e-01,9.999870657920837402e-01,9.999974966049194336e-01,9.999977946281433105e-01,-9.999988675117492676e-01,9.999942779541015625e-01,-9.999992251396179199e-01,-9.999991059303283691e-01,9.999912977218627930e-01,9.999986290931701660e-01,9.999986290931701660e-01,9.999905228614807129e-01,9.999991655349731445e-01,-9.999986886978149414e-01,-9.999991059303283691e-01,9.999863505363464355e-01,-9.999960660934448242e-01,-9.999940991401672363e-01,-9.999987483024597168e-01,9.999924898147583008e-01,9.999973773956298828e-01,-9.999976158142089844e-01,-9.999653100967407227e-01,9.999992847442626953e-01,9.999987483024597168e-01,9.999936223030090332e-01,-9.999990463256835938e-01,9.999987483024597168e-01,-9.999966621398925781e-01,9.999787211418151855e-01,9.999989867210388184e-01,9.999985694885253906e-01,9.999985694885253906e-01,-9.999901652336120605e-01,9.999986290931701660e-01,9.999989867210388184e-01,-9.999987483024597168e-01,-9.999989271163940430e-01,-9.999982714653015137e-01,-9.999990463256835938e-01,-9.999931454658508301e-01,-9.999979138374328613e-01,-9.999984502792358398e-01,-9.999969005584716797e-01,9.999107718467712402e-01,9.999979138374328613e-01,9.999985694885253906e-01,-9.999983906745910645e-01,9.999991059303283691e-01,9.999985098838806152e-01,9.999957680702209473e-01,-9.999961256980895996e-01,-9.999989867210388184e-01,-9.999992847442626953e-01,-9.999960660934448242e-01,-9.999990463256835938e-01,9.999988675117492676e-01,-9.999989271163940430e-01,9.999982714653015137e-01,9.999958872795104980e-01,-9.999938607215881348e-01,-9.999638795852661133e-01,-9.999985694885253906e-01,9.999938607215881348e-01,9.999988675117492676e-01,-9.999945163726806641e-01,-9.999970793724060059e-01,-9.996928572654724121e-01,9.999979138374328613e-01,-9.999990463256835938e-01,9.999976158142089844e-01,-9.999985694885253906e-01,-9.999894499778747559e-01,9.999896287918090820e-01,9.999991059303283691e-01,9.999723434448242188e-01,9.999932050704956055e-01,-9.999978542327880859e-01,9.999986290931701660e-01,-9.999812245368957520e-01,-9.999982714653015137e-01,9.999986886978149414e-01,-9.999983310699462891e-01,-9.999930262565612793e-01,9.999992251396179199e-01,-9.999989271163940430e-01,9.999935030937194824e-01,-9.999972581863403320e-01,9.999989271163940430e-01,-9.999712109565734863e-01,-9.999494552612304688e-01,9.999988079071044922e-01,9.999976158142089844e-01,-9.999691843986511230e-01,-9.999984502792358398e-01,-9.999947547912597656e-01,9.999986886978149414e-01,-9.999984502792358398e-01,9.999986290931701660e-01,-9.999984502792358398e-01,-9.999822974205017090e-01,9.999992847442626953e-01,-9.999983310699462891e-01,9.999991059303283691e-01,-9.999986886978149414e-01,-9.999952912330627441e-01,-9.999984502792358398e-01,-9.999990463256835938e-01,9.999964833259582520e-01,9.999986886978149414e-01,-9.999979734420776367e-01,-9.999864101409912109e-01,-9.999961256980895996e-01,9.999915361404418945e-01,-9.999971985816955566e-01
-9.999982118606567383e-01,9.999985694885253906e-01,9.999904036521911621e-01,-9.999981522560119629e-01,-9.999988675117492676e-01,9.999986886978149414e-01,-9.999957680702209473e-01,-9.999989867210388184e-01,9.999973773956298828e-01,-9.999976754188537598e-01,9.999985098838806152e-01,9.999989271163940430e-01,-9.999979138374328613e-01,-9.999983310699462891e-01,-9.999847412109375000e-01,-9.999970197677612305e-01,-9.999974966049194336e-01,9.999985694885253906e-01,-9.999931454658508301e-01,9.999990463256835938e-01,9.999989271163940430e-01,-9.999897480010986328e-01,-9.999983906745910645e-01,-9.999983310699462891e-01,-9.999887347221374512e-01,-9.999988675117492676e-01,9.999984502792358398e-01,9.999988675117492676e-01,-9.999839067459106445e-01,9.999954104423522949e-01,9.999930262565612793e-01,9.999983906745910645e-01,-9.999910593032836914e-01,-9.999968409538269043e-01,9.999971985816955566e-01,9.999590516090393066e-01,-9.999989867210388184e-01,-9.999985694885253906e-01,-9.999924898147583008e-01,9.999987483024597168e-01,-9.999986290931701660e-01,9.999959468841552734e-01,-9.999747872352600098e-01,-9.999987483024597168e-01,-9.999981522560119629e-01,-9.999981522560119629e-01,9.999883174896240234e-01,-9.999983906745910645e-01,-9.999987483024597168e-01,9.999985098838806152e-01,9.999986886978149414e-01,9.999978542327880859e-01,9.999988079071044922e-01,9.999917745590209961e-01,9.999975562095642090e-01,9.999981522560119629e-01,9.999963045120239258e-01,-9.998947381973266602e-01,-9.999974966049194336e-01,-9.999983310699462891e-01,9.999981522560119629e-01,-9.999989271163940430e-01,-9.999981522560119629e-01,-9.999949336051940918e-01,9.999954104423522949e-01,9.999987483024597168e-01,9.999989867210388184e-01,9.999954104423522949e-01,9.999988079071044922e-01,-9.999986290931701660e-01,9.999986886978149414e-01,-9.999979734420776367e-01,-9.999951720237731934e-01,9.999926686286926270e-01,9.999575018882751465e-01,9.999983310699462891e-01,-9.999927282333374023e-01,-9.999986886978149414e-01,9.999935030937194824e-01,9.999964237213134766e-01,9.996376037597656250e-01,-9.999975562095642090e-01,9.999988079071044922e-01,-9.999970197677612305e-01,9.999982714653015137e-01,9.999874234199523926e-01,-9.999877214431762695e-01,-9.999988079071044922e-01,-9.999673366546630859e-01,-9.999918341636657715e-01,9.999974966049194336e-01,-9.999983906745910645e-01,9.999778270721435547e-01,9.999978542327880859e-01,-9.999983310699462891e-01,9.999979138374328613e-01,9.999917149543762207e-01,-9.999989271163940430e-01,9.999986886978149414e-01,-9.999923110008239746e-01,9.999967813491821289e-01,-9.999986886978149414e-01,9.999658465385437012e-01,9.999402761459350586e-01,-9.999986290931701660e-01,-9.999971985816955566e-01,9.999635219573974609e-01,9.999980330467224121e-01,9.999938011169433594e-01,-9.999984502792358398e-01,9.999981522560119629e-01,-9.999983906745910645e-01,9.999981522560119629e-01,9.999791383743286133e-01,-9.999989867210388184e-01,9.999980330467224121e-01,-9.999989271163940430e-01,9.999983906745910645e-01,9.999944567680358887e-01,9.999981522560119629e-01,9.999987483024597168e-01,-9.999958872795104980e-01,-9.999983310699462891e-01,9.999974966049194336e-01,9.999838471412658691e-01,9.999954700469970703e-01,-9.999899864196777344e-01,9.999966025352478027e-01
9.999984502792358398e-01,-9.999986886978149414e-01,-9.999915361404418945e-01,9.999983906745910645e-01,9.999989271163940430e-01,-9.999988079071044922e-01,9.999962449073791504e-01,9.999992847442626953e-01,-9.999977350234985352e-01,9.999980330467224121e-01,-9.999987483024597168e-01,-9.999990463256835938e-01,9.999982714653015137e-01,9.999985694885253906e-01,9.999867081642150879e-01,9.999974370002746582e-01,9.999977350234985352e-01,-9.999987483024597168e-01,9.999940991401672363e-01,-9.999992251396179199e-01,-9.999991059303283691e-01,9.999909996986389160e-01,9.999986290931701660e-01,9.999985694885253906e-01,9.999901652336120605e-01,9.999991655349731445e-01,-9.999986290931701660e-01,-9.999990463256835938e-01,9.999859929084777832e-01,-9.999958276748657227e-01,-9.999938607215881348e-01,-9.999986290931701660e-01,9.999922513961791992e-01,9.999972581863403320e-01,-9.999975562095642090e-01,-9.999642968177795410e-01,9.999991655349731445e-01,9.999987483024597168e-01,9.999934434890747070e-01,-9.999989271163940430e-01,9.999987483024597168e-01,-9.999964237213134766e-01,9.999780654907226562e-01,9.999989271163940430e-01,9.999985098838806152e-01,9.999983906745910645e-01,-9.999899268150329590e-01,9.999985694885253906e-01,9.999989271163940430e-01,-9.999986290931701660e-01,-9.999988675117492676e-01,-9.999982118606567383e-01,-9.999988675117492676e-01,-9.999928474426269531e-01,-9.999978542327880859e-01,-9.999983310699462891e-01,-9.999967813491821289e-01,9.999083280563354492e-01,9.999977946281433105e-01,9.999985694885253906e-01,-9.999984502792358398e-01,9.999991059303283691e-01,9.999983906745910645e-01,9.999955892562866211e-01,-9.999958872795104980e-01,-9.999989271163940430e-01,-9.999991655349731445e-01,-9.999959468841552734e-01,-9.999989867210388184e-01,9.999988079071044922e-01,-9.999989271163940430e-01,9.999982118606567383e-01,9.999958276748657227e-01,-9.999936223030090332e-01,-9.999629855155944824e-01,-9.999984502792358398e-01,9.999936819076538086e-01,9.999988675117492676e-01,-9.999943375587463379e-01,-9.999970197677612305e-01,-9.996844530105590820e-01,9.999978542327880859e-01,-9.999989271163940430e-01,9.999974966049194336e-01,-9.999983906745910645e-01,-9.999890327453613281e-01,9.999892711639404297e-01,9.999989271163940430e-01,9.999716281890869141e-01,9.999929070472717285e-01,-9.999977946281433105e-01,9.999985098838806152e-01,-9.999806880950927734e-01,-9.999980926513671875e-01,9.999985694885253906e-01,-9.999982714653015137e-01,-9.999927282333374023e-01,9.999991059303283691e-01,-9.999988675117492676e-01,9.999934434890747070e-01,-9.999971985816955566e-01,9.999988079071044922e-01,-9.999703168869018555e-01,-9.999479651451110840e-01,9.999987483024597168e-01,9.999975562095642090e-01,-9.999682903289794922e-01,-9.999982714653015137e-01,-9.999945163726806641e-01,9.999986290931701660e-01,-9.999983906745910645e-01,9.999986290931701660e-01,-9.999983906745910645e-01,-9.999817609786987305e-01,9.999991655349731445e-01,-9.999982714653015137e-01,9.999990463256835938e-01,-9.999986886978149414e-01,-9.999951720237731934e-01,-9.999982714653015137e-01,-9.999989271163940430e-01,9.999964237213134766e-01,9.999986290931701660e-01,-9.999978542327880859e-01,-9.999859333038330078e-01,-9.999958872795104980e-01,9.999912977218627930e-01,-9.999970197677612305e-01
-9.999982714653015137e-01,9.999985694885253906e-01,9.999904036521911621e-01,-9.999980330467224121e-01,-9.999988079071044922e-01,9.999986290931701660e-01,-9.999958276748657227e-01,-9.999989867210388184e-01,9.999973177909851074e-01,-9.999976754188537598e-01,9.999984502792358398e-01,9.999988675117492676e-01,-9.999980330467224121e-01,-9.999983906745910645e-01,-9.999848604202270508e-01,-9.999970197677612305e-01,-9.999973773956298828e-01,9.999985694885253906e-01,-9.999932050704956055e-01,9.999991059303283691e-01,9.999988675117492676e-01,-9.999897480010986328e-01,-9.999983310699462891e-01,-9.999983906745910645e-01,-9.999887347221374512e-01,-9.999989271163940430e-01,9.999983906745910645e-01,9.999988079071044922e-01,-9.999840259552001953e-01,9.999954104423522949e-01,9.999930858612060547e-01,9.999983310699462891e-01,-9.999911189079284668e-01,-9.999967813491821289e-01,9.999971389770507812e-01,9.999592900276184082e-01,-9.999989867210388184e-01,-9.999984502792358398e-01,-9.999925494194030762e-01,9.999987483024597168e-01,-9.999985098838806152e-01,9.999959468841552734e-01,-9.999750256538391113e-01,-9.999986886978149414e-01,-9.999982118606567383e-01,-9.999982118606567383e-01,9.999884366989135742e-01,-9.999982714653015137e-01,-9.999986886978149414e-01,9.999985098838806152e-01,9.999986886978149414e-01,9.999979138374328613e-01,9.999987483024597168e-01,9.999918937683105469e-01,9.999974966049194336e-01,9.999980926513671875e-01,9.999963641166687012e-01,-9.998955726623535156e-01,-9.999974966049194336e-01,-9.999982714653015137e-01,9.999981522560119629e-01,-9.999988675117492676e-01,-9.999981522560119629e-01,-9.999949336051940918e-01,9.999953508377075195e-01,9.999986886978149414e-01,9.999989271163940430e-01,9.999954700469970703e-01,9.999987483024597168e-01,-9.999985694885253906e-01,9.999986886978149414e-01,-9.999979734420776367e-01,-9.999952316284179688e-01,9.999927282333374023e-01,9.999577403068542480e-01,9.999980926513671875e-01,-9.999926686286926270e-01,-9.999986290931701660e-01,9.999935626983642578e-01,9.999964833259582520e-01,9.996404647827148438e-01,-9.999975562095642090e-01,9.999988079071044922e-01,-9.999971389770507812e-01,9.999982118606567383e-01,9.999875426292419434e-01,-9.999878406524658203e-01,-9.999988079071044922e-01,-9.999675750732421875e-01,-9.999918341636657715e-01,9.999974370002746582e-01,-9.999982118606567383e-01,9.999780058860778809e-01,9.999978542327880859e-01,-9.999983310699462891e-01,9.999979138374328613e-01,9.999917149543762207e-01,-9.999989271163940430e-01,9.999986886978149414e-01,-9.999924302101135254e-01,9.999967217445373535e-01,-9.999986290931701660e-01,9.999660849571228027e-01,9.999406337738037109e-01,-9.999985694885253906e-01,-9.999971389770507812e-01,9.999637007713317871e-01,9.999980926513671875e-01,9.999938011169433594e-01,-9.999984502792358398e-01,9.999981522560119629e-01,-9.999983906745910645e-01,9.999982118606567383e-01,9.999792575836181641e-01,-9.999989271163940430e-01,9.999979138374328613e-01,-9.999988675117492676e-01,9.999983906745910645e-01,9.999945163726806641e-01,9.999980330467224121e-01,9.999986886978149414e-01,-9.999958872795104980e-01,-9.999983906745910645e-01,9.999975562095642090e-01,9.999840259552001953e-01,9.999954104423522949e-01,-9.999899864196777344e-01,9.999966025352478027e-01
-9.999799132347106934e-01,9.999836087226867676e-01,9.998885989189147949e-01,-9.999788403511047363e-01,-9.999871253967285156e-01,9.999852776527404785e-01,-9.999511241912841797e-01,-9.999883174896240234e-01,9.999694824218750000e-01,-9.999733567237854004e-01,9.999833106994628906e-01,9.999869465827941895e-01,-9.999777078628540039e-01,-9.999814033508300781e-01,-9.998233914375305176e-01,-9.999660849571228027e-01,-9.999704360961914062e-01,9.999837279319763184e-01,-9.999207258224487305e-01,9.999889135360717773e-01,9.999876022338867188e-01,-9.998806118965148926e-01,-9.999818205833435059e-01,-9.999812841415405273e-01,-9.998694062232971191e-01,-9.999881386756896973e-01,9.999813437461853027e-01,9.999870657920837402e-01,-9.998135566711425781e-01,9.999470114707946777e-01,9.999195337295532227e-01,9.999819397926330566e-01,-9.998971223831176758e-01,-9.999638199806213379e-01,9.999678730964660645e-01,9.995267987251281738e-01,-9.999881386756896973e-01,-9.999835491180419922e-01,-9.999129772186279297e-01,9.999867081642150879e-01,-9.999836683273315430e-01,9.999535083770751953e-01,-9.997083544731140137e-01,-9.999859929084777832e-01,-9.999793171882629395e-01,-9.999793767929077148e-01,9.998659491539001465e-01,-9.999803900718688965e-01,-9.999858736991882324e-01,9.999829530715942383e-01,9.999851584434509277e-01,9.999763965606689453e-01,9.999861717224121094e-01,9.999051094055175781e-01,9.999722838401794434e-01,9.999780654907226562e-01,9.999578595161437988e-01,-9.987846016883850098e-01,-9.999717473983764648e-01,-9.999810457229614258e-01,9.999787211418151855e-01,-9.999876022338867188e-01,-9.999800920486450195e-01,-9.999423027038574219e-01,9.999475479125976562e-01,9.999859929084777832e-01,9.999884366989135742e-01,9.999471306800842285e-01,9.999865293502807617e-01,-9.999847412109375000e-01,9.999850392341613770e-01,-9.999768733978271484e-01,-9.999434351921081543e-01,9.999150037765502930e-01,9.995087981224060059e-01,9.999796152114868164e-01,-9.999158382415771484e-01,-9.999849796295166016e-01,9.999250769615173340e-01,9.999595880508422852e-01,9.958269596099853516e-01,-9.999719858169555664e-01,9.999861121177673340e-01,-9.999669790267944336e-01,9.999793767929077148e-01,9.998555779457092285e-01,-9.998581409454345703e-01,-9.999871253967285156e-01,-9.996225833892822266e-01,-9.999058246612548828e-01,9.999706745147705078e-01,-9.999806284904479980e-01,9.997435212135314941e-01,9.999752044677734375e-01,-9.999810457229614258e-01,9.999759197235107422e-01,9.999036192893981934e-01,-9.999878406524658203e-01,9.999857544898986816e-01,-9.999125599861145020e-01,9.999635219573974609e-01,-9.999852776527404785e-01,9.996057152748107910e-01,9.993101358413696289e-01,-9.999833703041076660e-01,-9.999682307243347168e-01,9.995789527893066406e-01,9.999778270721435547e-01,9.999283552169799805e-01,-9.999822974205017090e-01,9.999791383743286133e-01,-9.999817609786987305e-01,9.999792575836181641e-01,9.997577667236328125e-01,-9.999882578849792480e-01,9.999776482582092285e-01,-9.999870657920837402e-01,9.999827146530151367e-01,9.999357461929321289e-01,9.999775290489196777e-01,9.999860525131225586e-01,-9.999528527259826660e-01,-9.999822378158569336e-01,9.999719858169555664e-01,9.998133778572082520e-01,9.999475479125976562e-01,-9.998832941055297852e-01,9.999611377716064453e-01
9.999990463256835938e-01,-9.999992251396179199e-01,-9.999945759773254395e-01,9.999990463256835938e-01,9.999993443489074707e-01,-9.999993443489074707e-01,9.999976158142089844e-01,9.999995231628417969e-01,-9.999985694885253906e-01,9.999987483024597168e-01,-9.999991059303283691e-01,-9.999994635581970215e-01,9.999989271163940430e-01,9.999991059303283691e-01,9.999914169311523438e-01,9.999983310699462891e-01,9.999985694885253906e-01,-9.999993443489074707e-01,9.999961256980895996e-01,-9.999994635581970215e-01,-9.999994635581970215e-01,9.999942779541015625e-01,9.999991655349731445e-01,9.999991059303283691e-01,9.999936819076538086e-01,9.999994635581970215e-01,-9.999991059303283691e-01,-9.999994039535522461e-01,9.999909996986389160e-01,-9.999973177909851074e-01,-9.999960660934448242e-01,-9.999991655349731445e-01,9.999949932098388672e-01,9.999982118606567383e-01,-9.999983906745910645e-01,-9.999769926071166992e-01,9.999995231628417969e-01,9.999992251396179199e-01,9.999958276748657227e-01,-9.999994039535522461e-01,9.999992251396179199e-01,-9.999977350234985352e-01,9.999858736991882324e-01,9.999992847442626953e-01,9.999990463256835938e-01,9.999990463256835938e-01,-9.999935030937194824e-01,9.999992251396179199e-01,9.999993443489074707e-01,-9.999992251396179199e-01,-9.999992847442626953e-01,-9.999987483024597168e-01,-9.999993443489074707e-01,-9.999954700469970703e-01,-9.999986290931701660e-01,-9.999989271163940430e-01,-9.999979138374328613e-01,9.999409317970275879e-01,9.999985098838806152e-01,9.999991059303283691e-01,-9.999989867210388184e-01,9.999994039535522461e-01,9.999991059303283691e-01,9.999970793724060059e-01,-9.999974370002746582e-01,-9.999993443489074707e-01,-9.999994635581970215e-01,-9.999974966049194336e-01,-9.999994039535522461e-01,9.999992847442626953e-01,-9.999992847442626953e-01,9.999988675117492676e-01,9.999973177909851074e-01,-9.999958872795104980e-01,-9.999761581420898438e-01,-9.999990463256835938e-01,9.999959468841552734e-01,9.999992847442626953e-01,-9.999963045120239258e-01,-9.999980330467224121e-01,-9.997966289520263672e-01,9.999986290931701660e-01,-9.999993443489074707e-01,9.999983906745910645e-01,-9.999989867210388184e-01,-9.999930262565612793e-01,9.999930262565612793e-01,9.999994039535522461e-01,9.999817013740539551e-01,9.999954104423522949e-01,-9.999985694885253906e-01,9.999992251396179199e-01,-9.999876618385314941e-01,-9.999988079071044922e-01,9.999991059303283691e-01,-9.999988675117492676e-01,-9.999954104423522949e-01,9.999995231628417969e-01,-9.999993443489074707e-01,9.999957084655761719e-01,-9.999982118606567383e-01,9.999992251396179199e-01,-9.999809265136718750e-01,-9.999665617942810059e-01,9.999993443489074707e-01,9.999984502792358398e-01,-9.999795556068420410e-01,-9.999989867210388184e-01,-9.999964833259582520e-01,9.999992847442626953e-01,-9.999989867210388184e-01,9.999991655349731445e-01,-9.999989271163940430e-01,-9.999882578849792480e-01,9.999994635581970215e-01,-9.999989867210388184e-01,9.999994039535522461e-01,-9.999991059303283691e-01,-9.999968409538269043e-01,-9.999989271163940430e-01,-9.999993443489074707e-01,9.999976754188537598e-01,9.999991655349731445e-01,-9.999986886978149414e-01,-9.999909996986389160e-01,-9.999974370002746582e-01,9.999943375587463379e-01,-9.999980926513671875e-01
-9.999980926513671875e-01,9.999984502792358398e-01,9.999896883964538574e-01,-9.999981522560119629e-01,-9.999986886978149414e-01,9.999986290931701660e-01,-9.999954700469970703e-01,-9.999988675117492676e-01,9.999971985816955566e-01,-9.999974966049194336e-01,9.999984502792358398e-01,9.999988675117492676e-01,-9.999979138374328613e-01,-9.999982714653015137e-01,-9.999836087226867676e-01,-9.999967217445373535e-01,-9.999971985816955566e-01,9.999984502792358398e-01,-9.999927878379821777e-01,9.999989271163940430e-01,9.999988079071044922e-01,-9.999890327453613281e-01,-9.999982714653015137e-01,-9.999982118606567383e-01,-9.999879002571105957e-01,-9.999988675117492676e-01,9.999982714653015137e-01,9.999987483024597168e-01,-9.999828338623046875e-01,9.999950528144836426e-01,9.999924302101135254e-01,9.999983906745910645e-01,-9.999904632568359375e-01,-9.999966025352478027e-01,9.999969601631164551e-01,9.999561905860900879e-01,-9.999988675117492676e-01,-9.999984502792358398e-01,-9.999919533729553223e-01,9.999987483024597168e-01,-9.999985694885253906e-01,9.999957084655761719e-01,-9.999730587005615234e-01,-9.999986290931701660e-01,-9.999980330467224121e-01,-9.999980330467224121e-01,9.999876022338867188e-01,-9.999982714653015137e-01,-9.999987483024597168e-01,9.999983906745910645e-01,9.999985694885253906e-01,9.999977350234985352e-01,9.999986886978149414e-01,9.999912977218627930e-01,9.999973773956298828e-01,9.999979138374328613e-01,9.999961853027343750e-01,-9.998873472213745117e-01,-9.999972581863403320e-01,-9.999982118606567383e-01,9.999979734420776367e-01,-9.999988079071044922e-01,-9.999981522560119629e-01,-9.999945759773254395e-01,9.999951124191284180e-01,9.999986886978149414e-01,9.999989271163940430e-01,9.999951124191284180e-01,9.999986886978149414e-01,-9.999986290931701660e-01,9.999985694885253906e-01,-9.999977946281433105e-01,-9.999947547912597656e-01,9.999921321868896484e-01,9.999545216560363770e-01,9.999980926513671875e-01,-9.999921321868896484e-01,-9.999985098838806152e-01,9.999930858612060547e-01,9.999963045120239258e-01,9.996122717857360840e-01,-9.999973773956298828e-01,9.999987483024597168e-01,-9.999967813491821289e-01,9.999980330467224121e-01,9.999866485595703125e-01,-9.999868869781494141e-01,-9.999986886978149414e-01,-9.999649524688720703e-01,-9.999912977218627930e-01,9.999972581863403320e-01,-9.999982714653015137e-01,9.999762773513793945e-01,9.999976754188537598e-01,-9.999982118606567383e-01,9.999977350234985352e-01,9.999911785125732422e-01,-9.999988675117492676e-01,9.999986886978149414e-01,-9.999918341636657715e-01,9.999965429306030273e-01,-9.999986290931701660e-01,9.999634623527526855e-01,9.999361038208007812e-01,-9.999984502792358398e-01,-9.999970197677612305e-01,9.999610185623168945e-01,9.999979138374328613e-01,9.999933838844299316e-01,-9.999983310699462891e-01,9.999980330467224121e-01,-9.999982714653015137e-01,9.999979138374328613e-01,9.999776482582092285e-01,-9.999989867210388184e-01,9.999979138374328613e-01,-9.999987483024597168e-01,9.999983906745910645e-01,9.999940395355224609e-01,9.999978542327880859e-01,9.999986886978149414e-01,-9.999956488609313965e-01,-9.999983310699462891e-01,9.999974370002746582e-01,9.999827146530151367e-01,9.999951720237731934e-01,-9.999892711639404297e-01,9.999963641166687012e-01
9.999989271163940430e-01,-9.999991655349731445e-01,-9.999940395355224609e-01,9.999988675117492676e-01,9.999993443489074707e-01,-9.999991655349731445e-01,9.999974370002746582e-01,9.999994635581970215e-01,-9.999984502792358398e-01,9.999986290931701660e-01,-9.999991655349731445e-01,-9.999994039535522461e-01,9.999988079071044922e-01,9.999989867210388184e-01,9.999905228614807129e-01,9.999981522560119629e-01,9.999983906745910645e-01,-9.999991655349731445e-01,9.999958276748657227e-01,-9.999994039535522461e-01,-9.999993443489074707e-01,9.999936819076538086e-01,9.999990463256835938e-01,9.999989867210388184e-01,9.999929666519165039e-01,9.999994039535522461e-01,-9.999990463256835938e-01,-9.999993443489074707e-01,9.999900460243225098e-01,-9.999970197677612305e-01,-9.999956488609313965e-01,-9.999990463256835938e-01,9.999944567680358887e-01,9.999980330467224121e-01,-9.999982714653015137e-01,-9.999744892120361328e-01,9.999994039535522461e-01,9.999991655349731445e-01,9.999952912330627441e-01,-9.999992251396179199e-01,9.999992847442626953e-01,-9.999975562095642090e-01,9.999844431877136230e-01,9.999992847442626953e-01,9.999989271163940430e-01,9.999989271163940430e-01,-9.999927878379821777e-01,9.999989867210388184e-01,9.999992847442626953e-01,-9.999991059303283691e-01,-9.999993443489074707e-01,-9.999986886978149414e-01,-9.999992847442626953e-01,-9.999949932098388672e-01,-9.999985694885253906e-01,-9.999988079071044922e-01,-9.999976754188537598e-01,9.999344944953918457e-01,9.999984502792358398e-01,9.999990463256835938e-01,-9.999988079071044922e-01,9.999994635581970215e-01,9.999989271163940430e-01,9.999967813491821289e-01,-9.999970793724060059e-01,-9.999992847442626953e-01,-9.999994039535522461e-01,-9.999971985816955566e-01,-9.999992847442626953e-01,9.999992251396179199e-01,-9.999993443489074707e-01,9.999988079071044922e-01,9.999970197677612305e-01,-9.999955296516418457e-01,-9.999735951423645020e-01,-9.999989271163940430e-01,9.999954700469970703e-01,9.999992251396179199e-01,-9.999959468841552734e-01,-9.999978542327880859e-01,-9.997745156288146973e-01,9.999985694885253906e-01,-9.999992847442626953e-01,9.999982118606567383e-01,-9.999989271163940430e-01,-9.999922513961791992e-01,9.999923706054687500e-01,9.999993443489074707e-01,9.999797344207763672e-01,9.999949336051940918e-01,-9.999983906745910645e-01,9.999989271163940430e-01,-9.999862313270568848e-01,-9.999986290931701660e-01,9.999990463256835938e-01,-9.999987483024597168e-01,-9.999948740005493164e-01,9.999993443489074707e-01,-9.999992847442626953e-01,9.999952912330627441e-01,-9.999981522560119629e-01,9.999992251396179199e-01,-9.999787807464599609e-01,-9.999629259109497070e-01,9.999991655349731445e-01,9.999982714653015137e-01,-9.999773502349853516e-01,-9.999988079071044922e-01,-9.999960660934448242e-01,9.999991059303283691e-01,-9.999989271163940430e-01,9.999990463256835938e-01,-9.999988675117492676e-01,-9.999870657920837402e-01,9.999994039535522461e-01,-9.999987483024597168e-01,9.999994039535522461e-01,-9.999991059303283691e-01,-9.999964833259582520e-01,-9.999988675117492676e-01,-9.999992847442626953e-01,9.999974370002746582e-01,9.999991059303283691e-01,-9.999984502792358398e-01,-9.999899864196777344e-01,-9.999971985816955566e-01,9.999937415122985840e-01,-9.999979138374328613e-01
-9.999984502792358398e-01,9.999988079071044922e-01,9.999919533729553223e-01,-9.999983906745910645e-01,-9.999989867210388184e-01,9.999988675117492676e-01,-9.999964833259582520e-01,-9.999992251396179199e-01,9.999977946281433105e-01,-9.999980926513671875e-01,9.999986886978149414e-01,9.999992251396179199e-01,-9.999983906745910645e-01,-9.999986290931701660e-01,-9.999874234199523926e-01,-9.999974966049194336e-01,-9.999978542327880859e-01,9.999988079071044922e-01,-9.999943375587463379e-01,9.999992251396179199e-01,9.999991655349731445e-01,-9.999914765357971191e-01,-9.999986886978149414e-01,-9.999986290931701660e-01,-9.999907016754150391e-01,-9.999991655349731445e-01,9.999986290931701660e-01,9.999991059303283691e-01,-9.999865889549255371e-01,9.999960660934448242e-01,9.999941587448120117e-01,9.999986290931701660e-01,-9.999926686286926270e-01,-9.999973177909851074e-01,9.999976158142089844e-01,9.999661445617675781e-01,-9.999991655349731445e-01,-9.999988079071044922e-01,-9.999938011169433594e-01,9.999989867210388184e-01,-9.999987483024597168e-01,9.999966025352478027e-01,-9.999791383743286133e-01,-9.999990463256835938e-01,-9.999985098838806152e-01,-9.999985694885253906e-01,9.999903440475463867e-01,-9.999986290931701660e-01,-9.999989867210388184e-01,9.999987483024597168e-01,9.999989271163940430e-01,9.999982118606567383e-01,9.999990463256835938e-01,9.999932646751403809e-01,9.999979734420776367e-01,9.999983310699462891e-01,9.999969601631164551e-01,-9.999131560325622559e-01,-9.999979138374328613e-01,-9.999986290931701660e-01,9.999984502792358398e-01,-9.999991655349731445e-01,-9.999984502792358398e-01,-9.999958276748657227e-01,9.999961853027343750e-01,9.999990463256835938e-01,9.999992251396179199e-01,9.999961853027343750e-01,9.999989867210388184e-01,-9.999988675117492676e-01,9.999989271163940430e-01,-9.999983310699462891e-01,-9.999960064888000488e-01,9.999939203262329102e-01,9.999648332595825195e-01,9.999985098838806152e-01,-9.999939203262329102e-01,-9.999988675117492676e-01,9.999946355819702148e-01,9.999970793724060059e-01,9.997009634971618652e-01,-9.999979734420776367e-01,9.999990463256835938e-01,-9.999976158142089844e-01,9.999985098838806152e-01,9.999896287918090820e-01,-9.999898672103881836e-01,-9.999991059303283691e-01,-9.999729990959167480e-01,-9.999932646751403809e-01,9.999978542327880859e-01,-9.999985694885253906e-01,9.999816417694091797e-01,9.999982118606567383e-01,-9.999986290931701660e-01,9.999982714653015137e-01,9.999931454658508301e-01,-9.999990463256835938e-01,9.999988675117492676e-01,-9.999936819076538086e-01,9.999973773956298828e-01,-9.999988675117492676e-01,9.999719262123107910e-01,9.999507069587707520e-01,-9.999988079071044922e-01,-9.999976158142089844e-01,9.999699592590332031e-01,9.999982714653015137e-01,9.999948143959045410e-01,-9.999986886978149414e-01,9.999983906745910645e-01,-9.999986886978149414e-01,9.999983906745910645e-01,9.999827146530151367e-01,-9.999991059303283691e-01,9.999983906745910645e-01,-9.999991059303283691e-01,9.999987483024597168e-01,9.999954104423522949e-01,9.999983906745910645e-01,9.999990463256835938e-01,-9.999964833259582520e-01,-9.999986886978149414e-01,9.999979734420776367e-01,9.999867081642150879e-01,9.999961853027343750e-01,-9.999916553497314453e-01,9.999971985816955566e-01
-9.999946951866149902e-01,9.999956488609313965e-01,9.999703764915466309e-01,-9.999944567680358887e-01,-9.999964833259582520e-01,9.999960064888000488e-01,-9.999871253967285156e-01,-9.999969005584716797e-01,9.999919533729553223e-01,-9.999929070472717285e-01,9.999955296516418457e-01,9.999965429306030273e-01,-9.999940991401672363e-01,-9.999950528144836426e-01,-9.999530911445617676e-01,-9.999909996986389160e-01,-9.999921321868896484e-01,9.999956488609313965e-01,-9.999789595603942871e-01,9.999969601631164551e-01,9.999966621398925781e-01,-9.999684691429138184e-01,-9.999951720237731934e-01,-9.999950528144836426e-01,-9.999653697013854980e-01,-9.999967813491821289e-01,9.999951124191284180e-01,9.999964833259582520e-01,-9.999505877494812012e-01,9.999859929084777832e-01,9.999786019325256348e-01,9.999951720237731934e-01,-9.999727010726928711e-01,-9.999904036521911621e-01,9.999914169311523438e-01,9.998742938041687012e-01,-9.999969005584716797e-01,-9.999955892562866211e-01,-9.999769330024719238e-01,9.999963045120239258e-01,-9.999957084655761719e-01,9.999876618385314941e-01,-9.999225735664367676e-01,-9.999962449073791504e-01,-9.999945163726806641e-01,-9.999945759773254395e-01,9.999644160270690918e-01,-9.999947547912597656e-01,-9.999962449073791504e-01,9.999954700469970703e-01,9.999959468841552734e-01,9.999937415122985840e-01,9.999962449073791504e-01,9.999749660491943359e-01,9.999926090240478516e-01,9.999941587448120117e-01,9.999888539314270020e-01,-9.996772408485412598e-01,-9.999924898147583008e-01,-9.999949336051940918e-01,9.999943375587463379e-01,-9.999966621398925781e-01,-9.999946951866149902e-01,-9.999846220016479492e-01,9.999859929084777832e-01,9.999963641166687012e-01,9.999968409538269043e-01,9.999860525131225586e-01,9.999963641166687012e-01,-9.999959468841552734e-01,9.999960660934448242e-01,-9.999938607215881348e-01,-9.999849796295166016e-01,9.999774694442749023e-01,9.998696446418762207e-01,9.999945759773254395e-01,-9.999777674674987793e-01,-9.999959468841552734e-01,9.999802112579345703e-01,9.999893307685852051e-01,9.988894462585449219e-01,-9.999925494194030762e-01,9.999962449073791504e-01,-9.999912381172180176e-01,9.999945163726806641e-01,9.999616146087646484e-01,-9.999623298645019531e-01,-9.999964833259582520e-01,-9.998998045921325684e-01,-9.999750256538391113e-01,9.999923110008239746e-01,-9.999948143959045410e-01,9.999319314956665039e-01,9.999934434890747070e-01,-9.999949932098388672e-01,9.999935626983642578e-01,9.999744296073913574e-01,-9.999967217445373535e-01,9.999961853027343750e-01,-9.999767541885375977e-01,9.999903440475463867e-01,-9.999960660934448242e-01,9.998954534530639648e-01,9.998168945312500000e-01,-9.999955892562866211e-01,-9.999915957450866699e-01,9.998881816864013672e-01,9.999940991401672363e-01,9.999810457229614258e-01,-9.999952912330627441e-01,9.999944567680358887e-01,-9.999951720237731934e-01,9.999945163726806641e-01,9.999357461929321289e-01,-9.999968409538269043e-01,9.999940395355224609e-01,-9.999964833259582520e-01,9.999954104423522949e-01,9.999830126762390137e-01,9.999940395355224609e-01,9.999962449073791504e-01,-9.999874234199523926e-01,-9.999952912330627441e-01,9.999925494194030762e-01,9.999504089355468750e-01,9.999861121177673340e-01,-9.999690651893615723e-01,9.999896883964538574e-01
-9.999980926513671875e-01,9.999984502792358398e-01,9.999896287918090820e-01,-9.999980926513671875e-01,-9.999987483024597168e-01,9.999985098838806152e-01,-9.999955296516418457e-01,-9.999989271163940430e-01,9.999971985816955566e-01,-9.999975562095642090e-01,9.999985098838806152e-01,9.999988079071044922e-01,-9.999979138374328613e-01,-9.999983310699462891e-01,-9.999835491180419922e-01,-9.999967813491821289e-01,-9.999973177909851074e-01,9.999985694885253906e-01,-9.999927282333374023e-01,9.999989867210388184e-01,9.999988675117492676e-01,-9.999889731407165527e-01,-9.999982714653015137e-01,-9.999982118606567383e-01,-9.999879598617553711e-01,-9.999988675117492676e-01,9.999983310699462891e-01,9.999987483024597168e-01,-9.999826550483703613e-01,9.999950528144836426e-01,9.999924302101135254e-01,9.999982714653015137e-01,-9.999904036521911621e-01,-9.999966025352478027e-01,9.999969601631164551e-01,9.999558925628662109e-01,-9.999988675117492676e-01,-9.999984502792358398e-01,-9.999919533729553223e-01,9.999987483024597168e-01,-9.999985098838806152e-01,9.999957084655761719e-01,-9.999729990959167480e-01,-9.999986886978149414e-01,-9.999981522560119629e-01,-9.999981522560119629e-01,9.999875426292419434e-01,-9.999982714653015137e-01,-9.999987483024597168e-01,9.999983906745910645e-01,9.999985694885253906e-01,9.999976754188537598e-01,9.999986886978149414e-01,9.999912381172180176e-01,9.999973773956298828e-01,9.999979734420776367e-01,9.999960064888000488e-01,-9.998867511749267578e-01,-9.999973177909851074e-01,-9.999982118606567383e-01,9.999980926513671875e-01,-9.999988079071044922e-01,-9.999980926513671875e-01,-9.999946355819702148e-01,9.999950528144836426e-01,9.999987483024597168e-01,9.999988675117492676e-01,9.999950528144836426e-01,9.999987483024597168e-01,-9.999985694885253906e-01,9.999986886978149414e-01,-9.999977946281433105e-01,-9.999948143959045410e-01,9.999920725822448730e-01,9.999542236328125000e-01,9.999980926513671875e-01,-9.999921917915344238e-01,-9.999985694885253906e-01,9.999930262565612793e-01,9.999963045120239258e-01,9.996098875999450684e-01,-9.999974370002746582e-01,9.999987483024597168e-01,-9.999969005584716797e-01,9.999980330467224121e-01,9.999865889549255371e-01,-9.999868273735046387e-01,-9.999987483024597168e-01,-9.999648928642272949e-01,-9.999912381172180176e-01,9.999973177909851074e-01,-9.999981522560119629e-01,9.999761581420898438e-01,9.999977350234985352e-01,-9.999983310699462891e-01,9.999977946281433105e-01,9.999911189079284668e-01,-9.999988675117492676e-01,9.999986290931701660e-01,-9.999918937683105469e-01,9.999965429306030273e-01,-9.999986290931701660e-01,9.999633431434631348e-01,9.999357461929321289e-01,-9.999985098838806152e-01,-9.999970197677612305e-01,9.999606609344482422e-01,9.999979138374328613e-01,9.999933242797851562e-01,-9.999984502792358398e-01,9.999981522560119629e-01,-9.999982714653015137e-01,9.999980330467224121e-01,9.999775290489196777e-01,-9.999989271163940430e-01,9.999978542327880859e-01,-9.999988675117492676e-01,9.999983906745910645e-01,9.999940395355224609e-01,9.999978542327880859e-01,9.999987483024597168e-01,-9.999955892562866211e-01,-9.999983310699462891e-01,9.999973773956298828e-01,9.999826550483703613e-01,9.999951124191284180e-01,-9.999892115592956543e-01,9.999964237213134766e-01
-9.999988079071044922e-01,9.999991059303283691e-01,9.999935626983642578e-01,-9.999987483024597168e-01,-9.999992847442626953e-01,9.999991655349731445e-01,-9.999971389770507812e-01,-9.999993443489074707e-01,9.999983310699462891e-01,-9.999984502792358398e-01,9.999991059303283691e-01,9.999993443489074707e-01,-9.999986886978149414e-01,-9.999989271163940430e-01,-9.999897480010986328e-01,-9.999980330467224121e-01,-9.999982714653015137e-01,9.999992251396179199e-01,-9.999954104423522949e-01,9.999994039535522461e-01,9.999992847442626953e-01,-9.999931454658508301e-01,-9.999988675117492676e-01,-9.999988675117492676e-01,-9.999924898147583008e-01,-9.999993443489074707e-01,9.999989271163940430e-01,9.999992847442626953e-01,-9.999892711639404297e-01,9.999968409538269043e-01,9.999953508377075195e-01,9.999989271163940430e-01,-9.999940395355224609e-01,-9.999979138374328613e-01,9.999981522560119629e-01,9.999726414680480957e-01,-9.999993443489074707e-01,-9.999991059303283691e-01,-9.999950528144836426e-01,9.999992847442626953e-01,-9.999991059303283691e-01,9.999973773956298828e-01,-9.999832510948181152e-01,-9.999992251396179199e-01,-9.999988079071044922e-01,-9.999988675117492676e-01,9.999922513961791992e-01,-9.999989271163940430e-01,-9.999992251396179199e-01,9.999990463256835938e-01,9.999992847442626953e-01,9.999985098838806152e-01,9.999992251396179199e-01,9.999946355819702148e-01,9.999983906745910645e-01,9.999986886978149414e-01,9.999975562095642090e-01,-9.999298453330993652e-01,-9.999983310699462891e-01,-9.999988675117492676e-01,9.999987483024597168e-01,-9.999992847442626953e-01,-9.999988079071044922e-01,-9.999965429306030273e-01,9.999968409538269043e-01,9.999992251396179199e-01,9.999993443489074707e-01,9.999969005584716797e-01,9.999991655349731445e-01,-9.999991655349731445e-01,9.999991655349731445e-01,-9.999986290931701660e-01,-9.999967813491821289e-01,9.999951124191284180e-01,9.999715685844421387e-01,9.999988079071044922e-01,-9.999951720237731934e-01,-9.999991655349731445e-01,9.999957680702209473e-01,9.999976158142089844e-01,9.997583627700805664e-01,-9.999984502792358398e-01,9.999992251396179199e-01,-9.999980926513671875e-01,9.999988079071044922e-01,9.999916553497314453e-01,-9.999918341636657715e-01,-9.999991655349731445e-01,-9.999782443046569824e-01,-9.999945759773254395e-01,9.999983906745910645e-01,-9.999989271163940430e-01,9.999852180480957031e-01,9.999985694885253906e-01,-9.999989271163940430e-01,9.999986886978149414e-01,9.999945163726806641e-01,-9.999993443489074707e-01,9.999992251396179199e-01,-9.999948740005493164e-01,9.999978542327880859e-01,-9.999991655349731445e-01,9.999772906303405762e-01,9.999601840972900391e-01,-9.999991059303283691e-01,-9.999981522560119629e-01,9.999756217002868652e-01,9.999986886978149414e-01,9.999958872795104980e-01,-9.999990463256835938e-01,9.999987483024597168e-01,-9.999989271163940430e-01,9.999986886978149414e-01,9.999860525131225586e-01,-9.999993443489074707e-01,9.999986886978149414e-01,-9.999992847442626953e-01,9.999990463256835938e-01,9.999962449073791504e-01,9.999987483024597168e-01,9.999992251396179199e-01,-9.999972581863403320e-01,-9.999989867210388184e-01,9.999983906745910645e-01,9.999892711639404297e-01,9.999969005584716797e-01,-9.999933838844299316e-01,9.999977350234985352e-01
9.999960064888000488e-01,-9.999967813491821289e-01,-9.999783039093017578e-01,9.999958276748657227e-01,9.999974370002746582e-01,-9.999970197677612305e-01,9.999905228614807129e-01,9.999977350234985352e-01,-9.999941587448120117e-01,9.999948143959045410e-01,-9.999966025352478027e-01,-9.999973773956298828e-01,9.999955892562866211e-01,9.999964237213134766e-01,9.999655485153198242e-01,9.999933242797851562e-01,9.999942779541015625e-01,-9.999967813491821289e-01,9.999846220016479492e-01,-9.999977946281433105e-01,-9.999975562095642090e-01,9.999768733978271484e-01,9.999963641166687012e-01,9.999961853027343750e-01,9.999746084213256836e-01,9.999976158142089844e-01,-9.999963045120239258e-01,-9.999974370002746582e-01,9.999637007713317871e-01,-9.999896287918090820e-01,-9.999843835830688477e-01,-9.999964237213134766e-01,9.999799132347106934e-01,9.999929666519165039e-01,-9.999937415122985840e-01,-9.999078512191772461e-01,9.999976158142089844e-01,9.999967217445373535e-01,9.999830722808837891e-01,-9.999973773956298828e-01,9.999967217445373535e-01,-9.999909400939941406e-01,9.999432563781738281e-01,9.999971389770507812e-01,9.999959468841552734e-01,9.999959468841552734e-01,-9.999739527702331543e-01,9.999962449073791504e-01,9.999972581863403320e-01,-9.999966025352478027e-01,-9.999970197677612305e-01,-9.999953508377075195e-01,-9.999972581863403320e-01,-9.999816417694091797e-01,-9.999945163726806641e-01,-9.999957084655761719e-01,-9.999918341636657715e-01,9.997635483741760254e-01,9.999943971633911133e-01,9.999963641166687012e-01,-9.999959468841552734e-01,9.999974370002746582e-01,9.999960660934448242e-01,9.999887943267822266e-01,-9.999897480010986328e-01,-9.999972581863403320e-01,-9.999976754188537598e-01,-9.999896883964538574e-01,-9.999973177909851074e-01,9.999969601631164551e-01,-9.999971389770507812e-01,9.999954700469970703e-01,9.999890923500061035e-01,-9.999834895133972168e-01,-9.999044537544250488e-01,-9.999959468841552734e-01,9.999836683273315430e-01,9.999970197677612305e-01,-9.999854564666748047e-01,-9.999921321868896484e-01,-9.991857409477233887e-01,9.999945759773254395e-01,-9.999973177909851074e-01,9.999935030937194824e-01,-9.999960064888000488e-01,-9.999719262123107910e-01,9.999724626541137695e-01,9.999973773956298828e-01,9.999265670776367188e-01,9.999817013740539551e-01,-9.999942779541015625e-01,9.999961853027343750e-01,-9.999499917030334473e-01,-9.999951720237731934e-01,9.999962449073791504e-01,-9.999952912330627441e-01,-9.999813437461853027e-01,9.999976158142089844e-01,-9.999970793724060059e-01,9.999829530715942383e-01,-9.999929070472717285e-01,9.999970793724060059e-01,-9.999232292175292969e-01,-9.998657703399658203e-01,9.999967217445373535e-01,9.999938011169433594e-01,-9.999180436134338379e-01,-9.999956488609313965e-01,-9.999859929084777832e-01,9.999964833259582520e-01,-9.999958872795104980e-01,9.999964237213134766e-01,-9.999958872795104980e-01,-9.999528527259826660e-01,9.999976754188537598e-01,-9.999956488609313965e-01,9.999974370002746582e-01,-9.999964833259582520e-01,-9.999874234199523926e-01,-9.999955892562866211e-01,-9.999972581863403320e-01,9.999907612800598145e-01,9.999964833259582520e-01,-9.999944567680358887e-01,-9.999636411666870117e-01,-9.999898076057434082e-01,9.999774098396301270e-01,-9.999924302101135254e-01
9.999983906745910645e-01,-9.999986886978149414e-01,-9.999917745590209961e-01,9.999984502792358398e-01,9.999989867210388184e-01,-9.999988675117492676e-01,9.999964833259582520e-01,9.999992847442626953e-01,-9.999977350234985352e-01,9.999980330467224121e-01,-9.999986886978149414e-01,-9.999991655349731445e-01,9.999983310699462891e-01,9.999985098838806152e-01,9.999869465827941895e-01,9.999973773956298828e-01,9.999977946281433105e-01,-9.999988079071044922e-01,9.999942183494567871e-01,-9.999992251396179199e-01,-9.999989867210388184e-01,9.999912977218627930e-01,9.999986290931701660e-01,9.999985098838806152e-01,9.999904036521911621e-01,9.999991655349731445e-01,-9.999986290931701660e-01,-9.999991059303283691e-01,9.999863505363464355e-01,-9.999960660934448242e-01,-9.999940395355224609e-01,-9.999986290931701660e-01,9.999923706054687500e-01,9.999973177909851074e-01,-9.999976158142089844e-01,-9.999651908874511719e-01,9.999991655349731445e-01,9.999987483024597168e-01,9.999936223030090332e-01,-9.999989271163940430e-01,9.999987483024597168e-01,-9.999965429306030273e-01,9.999786615371704102e-01,9.999989867210388184e-01,9.999984502792358398e-01,9.999984502792358398e-01,-9.999901056289672852e-01,9.999985098838806152e-01,9.999989271163940430e-01,-9.999986290931701660e-01,-9.999988675117492676e-01,-9.999981522560119629e-01,-9.999989271163940430e-01,-9.999930262565612793e-01,-9.999979138374328613e-01,-9.999983310699462891e-01,-9.999969005584716797e-01,9.999107718467712402e-01,9.999978542327880859e-01,9.999985098838806152e-01,-9.999983906745910645e-01,9.999991059303283691e-01,9.999985098838806152e-01,9.999957084655761719e-01,-9.999960064888000488e-01,-9.999989867210388184e-01,-9.999991655349731445e-01,-9.999960660934448242e-01,-9.999990463256835938e-01,9.999988675117492676e-01,-9.999988675117492676e-01,9.999982714653015137e-01,9.999958276748657227e-01,-9.999938011169433594e-01,-9.999638795852661133e-01,-9.999984502792358398e-01,9.999938607215881348e-01,9.999988079071044922e-01,-9.999944567680358887e-01,-9.999969601631164551e-01,-9.996927380561828613e-01,9.999979138374328613e-01,-9.999989867210388184e-01,9.999975562095642090e-01,-9.999983906745910645e-01,-9.999894499778747559e-01,9.999896287918090820e-01,9.999991059303283691e-01,9.999722838401794434e-01,9.999929666519165039e-01,-9.999978542327880859e-01,9.999985694885253906e-01,-9.999812245368957520e-01,-9.999981522560119629e-01,9.999985694885253906e-01,-9.999982118606567383e-01,-9.999929666519165039e-01,9.999991655349731445e-01,-9.999988675117492676e-01,9.999935030937194824e-01,-9.999971985816955566e-01,9.999988675117492676e-01,-9.999711513519287109e-01,-9.999493956565856934e-01,9.999987483024597168e-01,9.999975562095642090e-01,-9.999690651893615723e-01,-9.999982714653015137e-01,-9.999947547912597656e-01,9.999986886978149414e-01,-9.999983310699462891e-01,9.999986290931701660e-01,-9.999983906745910645e-01,-9.999822378158569336e-01,9.999991655349731445e-01,-9.999983310699462891e-01,9.999991059303283691e-01,-9.999986886978149414e-01,-9.999952912330627441e-01,-9.999983310699462891e-01,-9.999989867210388184e-01,9.999964833259582520e-01,9.999986886978149414e-01,-9.999979138374328613e-01,-9.999862313270568848e-01,-9.999961256980895996e-01,9.999915361404418945e-01,-9.999971389770507812e-01
-9.999976158142089844e-01,9.999980926513671875e-01,9.999871253967285156e-01,-9.999976158142089844e-01,-9.999984502792358398e-01,9.999982714653015137e-01,-9.999943375587463379e-01,-9.999986886978149414e-01,9.999964833259582520e-01,-9.999969601631164551e-01,9.999981522560119629e-01,9.999985694885253906e-01,-9.999973773956298828e-01,-9.999977946281433105e-01,-9.999796152114868164e-01,-9.999960064888000488e-01,-9.999965429306030273e-01,9.999982118606567383e-01,-9.999908804893493652e-01,9.999987483024597168e-01,9.999986290931701660e-01,-9.999862313270568848e-01,-9.999978542327880859e-01,-9.999977350234985352e-01,-9.999850392341613770e-01,-9.999985694885253906e-01,9.999977946281433105e-01,9.999984502792358398e-01,-9.999785423278808594e-01,9.999938607215881348e-01,9.999906420707702637e-01,9.999979138374328613e-01,-9.999881982803344727e-01,-9.999958276748657227e-01,9.999962449073791504e-01,9.999451637268066406e-01,-9.999985694885253906e-01,-9.999981522560119629e-01,-9.999900460243225098e-01,9.999984502792358398e-01,-9.999980926513671875e-01,9.999946355819702148e-01,-9.999662637710571289e-01,-9.999983310699462891e-01,-9.999976158142089844e-01,-9.999976158142089844e-01,9.999845027923583984e-01,-9.999977350234985352e-01,-9.999983310699462891e-01,9.999979734420776367e-01,9.999983310699462891e-01,9.999972581863403320e-01,9.999983906745910645e-01,9.999890327453613281e-01,9.999967217445373535e-01,9.999974966049194336e-01,9.999951124191284180e-01,-9.998593926429748535e-01,-9.999966621398925781e-01,-9.999977350234985352e-01,9.999975562095642090e-01,-9.999985098838806152e-01,-9.999976754188537598e-01,-9.999933242797851562e-01,9.999938607215881348e-01,9.999984502792358398e-01,9.999986290931701660e-01,9.999938607215881348e-01,9.999983906745910645e-01,-9.999983310699462891e-01,9.999983310699462891e-01,-9.999972581863403320e-01,-9.999935626983642578e-01,9.999901652336120605e-01,9.999431371688842773e-01,9.999976754188537598e-01,-9.999902844429016113e-01,-9.999982118606567383e-01,9.999913573265075684e-01,9.999954104423522949e-01,9.995155930519104004e-01,-9.999967217445373535e-01,9.999983906745910645e-01,-9.999961256980895996e-01,9.999976158142089844e-01,9.999833106994628906e-01,-9.999836087226867676e-01,-9.999985694885253906e-01,-9.999563694000244141e-01,-9.999890923500061035e-01,9.999966621398925781e-01,-9.999977350234985352e-01,9.999704957008361816e-01,9.999970793724060059e-01,-9.999977350234985352e-01,9.999972581863403320e-01,9.999889135360717773e-01,-9.999985694885253906e-01,9.999982118606567383e-01,-9.999898076057434082e-01,9.999958276748657227e-01,-9.999983906745910645e-01,9.999543428421020508e-01,9.999201893806457520e-01,-9.999981522560119629e-01,-9.999962449073791504e-01,9.999512434005737305e-01,9.999973773956298828e-01,9.999916553497314453e-01,-9.999979734420776367e-01,9.999974966049194336e-01,-9.999978542327880859e-01,9.999975562095642090e-01,9.999719858169555664e-01,-9.999986886978149414e-01,9.999974370002746582e-01,-9.999984502792358398e-01,9.999979734420776367e-01,9.999925494194030762e-01,9.999973773956298828e-01,9.999983906745910645e-01,-9.999944567680358887e-01,-9.999979138374328613e-01,9.999967217445373535e-01,9.999784231185913086e-01,9.999939203262329102e-01,-9.999865889549255371e-01,9.999955296516418457e-01
-9.999845027923583984e-01,9.999873638153076172e-01,9.999141097068786621e-01,-9.999836683273315430e-01,-9.999900460243225098e-01,9.999885559082031250e-01,-9.999623298645019531e-01,-9.999909400939941406e-01,9.999765157699584961e-01,-9.999794960021972656e-01,9.999870657920837402e-01,9.999899268150329590e-01,-9.999828338623046875e-01,-9.999856948852539062e-01,-9.998638033866882324e-01,-9.999738931655883789e-01,-9.999772310256958008e-01,9.999874830245971680e-01,-9.999388456344604492e-01,9.999914765357971191e-01,9.999903440475463867e-01,-9.999079108238220215e-01,-9.999859333038330078e-01,-9.999855756759643555e-01,-9.998993873596191406e-01,-9.999908208847045898e-01,9.999855756759643555e-01,9.999899864196777344e-01,-9.998562335968017578e-01,9.999591112136840820e-01,9.999379515647888184e-01,9.999860525131225586e-01,-9.999206662178039551e-01,-9.999721646308898926e-01,9.999753236770629883e-01,9.996352791786193848e-01,-9.999908804893493652e-01,-9.999873042106628418e-01,-9.999328851699829102e-01,9.999897480010986328e-01,-9.999874234199523926e-01,9.999641180038452148e-01,-9.997754096984863281e-01,-9.999892115592956543e-01,-9.999840259552001953e-01,-9.999840259552001953e-01,9.998966455459594727e-01,-9.999849796295166016e-01,-9.999890327453613281e-01,9.999868273735046387e-01,9.999885559082031250e-01,9.999817609786987305e-01,9.999893307685852051e-01,9.999268054962158203e-01,9.999786019325256348e-01,9.999830722808837891e-01,9.999675750732421875e-01,-9.990633726119995117e-01,-9.999782443046569824e-01,-9.999853372573852539e-01,9.999836683273315430e-01,-9.999904036521911621e-01,-9.999846816062927246e-01,-9.999555349349975586e-01,9.999595284461975098e-01,9.999892115592956543e-01,9.999909996986389160e-01,9.999591708183288574e-01,9.999896287918090820e-01,-9.999881982803344727e-01,9.999884963035583496e-01,-9.999821186065673828e-01,-9.999564290046691895e-01,9.999344944953918457e-01,9.996214509010314941e-01,9.999842643737792969e-01,-9.999350905418395996e-01,-9.999884366989135742e-01,9.999422430992126465e-01,9.999687671661376953e-01,9.967817664146423340e-01,-9.999785423278808594e-01,9.999893307685852051e-01,-9.999746084213256836e-01,9.999842047691345215e-01,9.998887181282043457e-01,-9.998906850814819336e-01,-9.999899864196777344e-01,-9.997091293334960938e-01,-9.999273419380187988e-01,9.999774098396301270e-01,-9.999850392341613770e-01,9.998024702072143555e-01,9.999809265136718750e-01,-9.999853372573852539e-01,9.999813437461853027e-01,9.999257326126098633e-01,-9.999906420707702637e-01,9.999890327453613281e-01,-9.999325871467590332e-01,9.999718666076660156e-01,-9.999886751174926758e-01,9.996961951255798340e-01,9.994683861732482910e-01,-9.999871850013732910e-01,-9.999755620956420898e-01,9.996754527091979980e-01,9.999828934669494629e-01,9.999448060989379883e-01,-9.999864101409912109e-01,9.999838471412658691e-01,-9.999859333038330078e-01,9.999840259552001953e-01,9.998133778572082520e-01,-9.999909996986389160e-01,9.999827146530151367e-01,-9.999899864196777344e-01,9.999867081642150879e-01,9.999504089355468750e-01,9.999826550483703613e-01,9.999892711639404297e-01,-9.999636411666870117e-01,-9.999862313270568848e-01,9.999784231185913086e-01,9.998561143875122070e-01,9.999595284461975098e-01,-9.999099969863891602e-01,9.999700784683227539e-01
-9.999956488609313965e-01,9.999963045120239258e-01,9.999758005142211914e-01,-9.999954104423522949e-01,-9.999971389770507812e-01,9.999967813491821289e-01,-9.999895095825195312e-01,-9.999974966049194336e-01,9.999934434890747070e-01,-9.999942779541015625e-01,9.999963045120239258e-01,9.999971985816955566e-01,-9.999951720237731934e-01,-9.999960064888000488e-01,-9.999616742134094238e-01,-9.999926686286926270e-01,-9.999936223030090332e-01,9.999964237213134766e-01,-9.999828338623046875e-01,9.999975562095642090e-01,9.999972581863403320e-01,-9.999741315841674805e-01,-9.999960064888000488e-01,-9.999959468841552734e-01,-9.999717473983764648e-01,-9.999973773956298828e-01,9.999959468841552734e-01,9.999971389770507812e-01,-9.999595284461975098e-01,9.999884366989135742e-01,9.999825954437255859e-01,9.999958872795104980e-01,-9.999776482582092285e-01,-9.999921917915344238e-01,9.999930262565612793e-01,9.998974204063415527e-01,-9.999974370002746582e-01,-9.999963641166687012e-01,-9.999811649322509766e-01,9.999970793724060059e-01,-9.999963641166687012e-01,9.999899268150329590e-01,-9.999367594718933105e-01,-9.999968409538269043e-01,-9.999955892562866211e-01,-9.999954700469970703e-01,9.999708533287048340e-01,-9.999958276748657227e-01,-9.999968409538269043e-01,9.999962449073791504e-01,9.999967217445373535e-01,9.999948143959045410e-01,9.999968409538269043e-01,9.999795556068420410e-01,9.999939799308776855e-01,9.999952316284179688e-01,9.999908804893493652e-01,-9.997364282608032227e-01,-9.999938011169433594e-01,-9.999958872795104980e-01,9.999954700469970703e-01,-9.999972581863403320e-01,-9.999957084655761719e-01,-9.999874234199523926e-01,9.999885559082031250e-01,9.999969005584716797e-01,9.999974370002746582e-01,9.999885559082031250e-01,9.999969601631164551e-01,-9.999966621398925781e-01,9.999966621398925781e-01,-9.999949932098388672e-01,-9.999878406524658203e-01,9.999815821647644043e-01,9.998934864997863770e-01,9.999956488609313965e-01,-9.999817609786987305e-01,-9.999967217445373535e-01,9.999837875366210938e-01,9.999912977218627930e-01,9.990925788879394531e-01,-9.999939203262329102e-01,9.999969601631164551e-01,-9.999929666519165039e-01,9.999955296516418457e-01,9.999687671661376953e-01,-9.999693036079406738e-01,-9.999970793724060059e-01,-9.999181628227233887e-01,-9.999795556068420410e-01,9.999936223030090332e-01,-9.999957680702209473e-01,9.999443888664245605e-01,9.999946355819702148e-01,-9.999959468841552734e-01,9.999947547912597656e-01,9.999791979789733887e-01,-9.999973773956298828e-01,9.999968409538269043e-01,-9.999811053276062012e-01,9.999920725822448730e-01,-9.999967813491821289e-01,9.999145269393920898e-01,9.998505115509033203e-01,-9.999963045120239258e-01,-9.999931454658508301e-01,9.999086856842041016e-01,9.999951720237731934e-01,9.999845027923583984e-01,-9.999961256980895996e-01,9.999954700469970703e-01,-9.999958872795104980e-01,9.999954104423522949e-01,9.999475479125976562e-01,-9.999974370002746582e-01,9.999951720237731934e-01,-9.999971985816955566e-01,9.999961853027343750e-01,9.999861121177673340e-01,9.999951124191284180e-01,9.999969005584716797e-01,-9.999898076057434082e-01,-9.999961256980895996e-01,9.999939203262329102e-01,9.999595284461975098e-01,9.999886155128479004e-01,-9.999747276306152344e-01,9.999915957450866699e-01
9.999903440475463867e-01,-9.999920725822448730e-01,-9.999463558197021484e-01,9.999898076057434082e-01,9.999937415122985840e-01,-9.999929070472717285e-01,9.999765753746032715e-01,9.999943971633911133e-01,-9.999853372573852539e-01,9.999872446060180664e-01,-9.999920129776000977e-01,-9.999937415122985840e-01,9.999892711639404297e-01,9.999910593032836914e-01,9.999148249626159668e-01,9.999836683273315430e-01,9.999857544898986816e-01,-9.999922513961791992e-01,9.999618530273437500e-01,-9.999946951866149902e-01,-9.999939799308776855e-01,9.999425411224365234e-01,9.999911785125732422e-01,9.999909996986389160e-01,9.999369978904724121e-01,9.999942183494567871e-01,-9.999910593032836914e-01,-9.999937415122985840e-01,9.999101161956787109e-01,-9.999745488166809082e-01,-9.999611973762512207e-01,-9.999912977218627930e-01,9.999504089355468750e-01,9.999825954437255859e-01,-9.999845623970031738e-01,-9.997719526290893555e-01,9.999942779541015625e-01,9.999920725822448730e-01,9.999580383300781250e-01,-9.999936223030090332e-01,9.999920725822448730e-01,-9.999775886535644531e-01,9.998595714569091797e-01,9.999932646751403809e-01,9.999899864196777344e-01,9.999900460243225098e-01,-9.999353885650634766e-01,9.999905824661254883e-01,9.999931454658508301e-01,-9.999917745590209961e-01,-9.999929070472717285e-01,-9.999886155128479004e-01,-9.999933242797851562e-01,-9.999543428421020508e-01,-9.999865889549255371e-01,-9.999893903732299805e-01,-9.999797344207763672e-01,9.994142651557922363e-01,9.999864101409912109e-01,9.999908208847045898e-01,-9.999898076057434082e-01,9.999939799308776855e-01,9.999904036521911621e-01,9.999722838401794434e-01,-9.999747872352600098e-01,-9.999932646751403809e-01,-9.999944567680358887e-01,-9.999746084213256836e-01,-9.999935030937194824e-01,9.999926686286926270e-01,-9.999928474426269531e-01,9.999889135360717773e-01,9.999728202819824219e-01,-9.999590516090393066e-01,-9.997634291648864746e-01,-9.999902248382568359e-01,9.999595284461975098e-01,9.999927878379821777e-01,-9.999639391899108887e-01,-9.999806284904479980e-01,-9.979857206344604492e-01,9.999865293502807617e-01,-9.999933242797851562e-01,9.999841451644897461e-01,-9.999901056289672852e-01,-9.999304413795471191e-01,9.999316930770874023e-01,9.999938607215881348e-01,9.998182654380798340e-01,9.999545812606811523e-01,-9.999858140945434570e-01,9.999907016754150391e-01,-9.998763799667358398e-01,-9.999880790710449219e-01,9.999908208847045898e-01,-9.999884366989135742e-01,-9.999536275863647461e-01,9.999940991401672363e-01,-9.999931454658508301e-01,9.999579191207885742e-01,-9.999824166297912598e-01,9.999929070472717285e-01,-9.998100996017456055e-01,-9.996676445007324219e-01,9.999920129776000977e-01,9.999846816062927246e-01,-9.997971653938293457e-01,-9.999893903732299805e-01,-9.999654889106750488e-01,9.999915361404418945e-01,-9.999899864196777344e-01,9.999912977218627930e-01,-9.999899864196777344e-01,-9.998832941055297852e-01,9.999943375587463379e-01,-9.999892711639404297e-01,9.999937415122985840e-01,-9.999916553497314453e-01,-9.999690651893615723e-01,-9.999892115592956543e-01,-9.999933838844299316e-01,9.999774098396301270e-01,9.999915361404418945e-01,-9.999865889549255371e-01,-9.999099969863891602e-01,-9.999747276306152344e-01,9.999438524246215820e-01,-9.999813437461853027e-01
-9.999966025352478027e-01,9.999972581863403320e-01,9.999821782112121582e-01,-9.999964237213134766e-01,-9.999979138374328613e-01,9.999975562095642090e-01,-9.999921917915344238e-01,-9.999980926513671875e-01,9.999951124191284180e-01,-9.999957680702209473e-01,9.999972581863403320e-01,9.999979138374328613e-01,-9.999963641166687012e-01,-9.999969601631164551e-01,-9.999716877937316895e-01,-9.999944567680358887e-01,-9.999952316284179688e-01,9.999973177909851074e-01,-9.999873638153076172e-01,9.999981522560119629e-01,9.999979734420776367e-01,-9.999808669090270996e-01,-9.999970197677612305e-01,-9.999969601631164551e-01,-9.999791383743286133e-01,-9.999980330467224121e-01,9.999969601631164551e-01,9.999977946281433105e-01,-9.999700784683227539e-01,9.999914765357971191e-01,9.999871253967285156e-01,9.999970197677612305e-01,-9.999834299087524414e-01,-9.999940991401672363e-01,9.999948740005493164e-01,9.999239444732666016e-01,-9.999980330467224121e-01,-9.999973177909851074e-01,-9.999860525131225586e-01,9.999977946281433105e-01,-9.999973177909851074e-01,9.999925494194030762e-01,-9.999531507492065430e-01,-9.999976754188537598e-01,-9.999967217445373535e-01,-9.999966025352478027e-01,9.999784231185913086e-01,-9.999969005584716797e-01,-9.999976754188537598e-01,9.999971985816955566e-01,9.999975562095642090e-01,9.999961853027343750e-01,9.999977350234985352e-01,9.999848008155822754e-01,9.999954700469970703e-01,9.999964237213134766e-01,9.999932646751403809e-01,-9.998049139976501465e-01,-9.999954104423522949e-01,-9.999969005584716797e-01,9.999965429306030273e-01,-9.999979734420776367e-01,-9.999967813491821289e-01,-9.999907016754150391e-01,9.999914765357971191e-01,9.999977350234985352e-01,9.999980926513671875e-01,9.999915361404418945e-01,9.999977350234985352e-01,-9.999974966049194336e-01,9.999975562095642090e-01,-9.999962449073791504e-01,-9.999909996986389160e-01,9.999862909317016602e-01,9.999211430549621582e-01,9.999966621398925781e-01,-9.999865293502807617e-01,-9.999975562095642090e-01,9.999879598617553711e-01,9.999935030937194824e-01,9.993280172348022461e-01,-9.999955892562866211e-01,9.999977350234985352e-01,-9.999946951866149902e-01,9.999966621398925781e-01,9.999768733978271484e-01,-9.999772906303405762e-01,-9.999978542327880859e-01,-9.999393820762634277e-01,-9.999849200248718262e-01,9.999953508377075195e-01,-9.999968409538269043e-01,9.999588131904602051e-01,9.999959468841552734e-01,-9.999969005584716797e-01,9.999961853027343750e-01,9.999845623970031738e-01,-9.999980330467224121e-01,9.999976158142089844e-01,-9.999858736991882324e-01,9.999940395355224609e-01,-9.999975562095642090e-01,9.999366998672485352e-01,9.998891949653625488e-01,-9.999972581863403320e-01,-9.999948143959045410e-01,9.999323487281799316e-01,9.999962449073791504e-01,9.999885559082031250e-01,-9.999971985816955566e-01,9.999966025352478027e-01,-9.999970197677612305e-01,9.999966025352478027e-01,9.999611377716064453e-01,-9.999980926513671875e-01,9.999963641166687012e-01,-9.999979138374328613e-01,9.999971985816955566e-01,9.999896883964538574e-01,9.999964237213134766e-01,9.999977350234985352e-01,-9.999924302101135254e-01,-9.999971389770507812e-01,9.999955296516418457e-01,9.999700784683227539e-01,9.999915957450866699e-01,-9.999813437461853027e-01,9.999936819076538086e-01
