9.999983310699462891e-01,-9.999985694885253906e-01,-9.999915361404418945e-01,9.999982118606567383e-01,9.999989271163940430e-01,-9.999987483024597168e-01,9.999960064888000488e-01,9.999989867210388184e-01,-9.999973773956298828e-01,9.999977946281433105e-01,-9.999985694885253906e-01,-9.999989271163940430e-01,9.999981522560119629e-01,9.999983906745910645e-01,9.999874234199523926e-01,9.999970793724060059e-01,9.999974370002746582e-01,-9.999986290931701660e-01,9.999933838844299316e-01,-9.999991059303283691e-01,-9.999989867210388184e-01,9.999908804893493652e-01,9.999985098838806152e-01,9.999983310699462891e-01,9.999891519546508789e-01,9.999990463256835938e-01,-9.999983906745910645e-01,-9.999988675117492676e-01,9.999858140945434570e-01,-9.999957084655761719e-01,-9.999931454658508301e-01,-9.999984502792358398e-01,9.999909400939941406e-01,9.999968409538269043e-01,-9.999974370002746582e-01,-9.999390244483947754e-01,9.999990463256835938e-01,9.999986290931701660e-01,9.999926686286926270e-01,-9.999988675117492676e-01,9.999986290931701660e-01,-9.999956488609313965e-01,9.999763965606689453e-01,9.999987483024597168e-01,9.999983310699462891e-01,9.999982714653015137e-01,-9.999910593032836914e-01,9.999983906745910645e-01,9.999988079071044922e-01,-9.999985694885253906e-01,-9.999987483024597168e-01,-9.999979734420776367e-01,-9.999988675117492676e-01,-9.999922513961791992e-01,-9.999977350234985352e-01,-9.999980330467224121e-01,-9.999962449073791504e-01,9.999303221702575684e-01,9.999975562095642090e-01,9.999983906745910645e-01,-9.999982714653015137e-01,9.999989867210388184e-01,9.999983310699462891e-01,9.999952316284179688e-01,-9.999955892562866211e-01,-9.999988079071044922e-01,-9.999991059303283691e-01,-9.999957680702209473e-01,-9.999988675117492676e-01,9.999986886978149414e-01,-9.999987483024597168e-01,9.999979138374328613e-01,9.999946951866149902e-01,-9.999932050704956055e-01,-9.999648928642272949e-01,-9.999983310699462891e-01,9.999929666519165039e-01,9.999986886978149414e-01,-9.999941587448120117e-01,-9.999965429306030273e-01,9.998117685317993164e-01,9.999976754188537598e-01,-9.999987483024597168e-01,9.999974370002746582e-01,-9.999982714653015137e-01,-9.999884366989135742e-01,9.999870657920837402e-01,9.999988675117492676e-01,9.999738931655883789e-01,9.999889135360717773e-01,-9.999973773956298828e-01,9.999982714653015137e-01,-9.999794960021972656e-01,-9.999978542327880859e-01,9.999982714653015137e-01,-9.999980330467224121e-01,-9.999919533729553223e-01,9.999990463256835938e-01,-9.999988079071044922e-01,9.999935626983642578e-01,-9.999969005584716797e-01,9.999986886978149414e-01,-9.999634623527526855e-01,-9.999219775199890137e-01,9.999986290931701660e-01,9.999972581863403320e-01,-9.999709129333496094e-01,-9.999982118606567383e-01,-9.999939203262329102e-01,9.999983906745910645e-01,-9.999982118606567383e-01,9.999983310699462891e-01,-9.999982714653015137e-01,-9.999781250953674316e-01,9.999990463256835938e-01,-9.999980330467224121e-01,9.999988675117492676e-01,-9.999984502792358398e-01,-9.999947547912597656e-01,-9.999980926513671875e-01,-9.999987483024597168e-01,9.999961256980895996e-01,9.999984502792358398e-01,-9.999976754188537598e-01,-9.999859929084777832e-01,-9.999957084655761719e-01,9.999907612800598145e-01,-9.999964237213134766e-01
-9.999985694885253906e-01,9.999988675117492676e-01,9.999930262565612793e-01,-9.999985098838806152e-01,-9.999991655349731445e-01,9.999991655349731445e-01,-9.999966621398925781e-01,-9.999992251396179199e-01,9.999978542327880859e-01,-9.999982118606567383e-01,9.999988079071044922e-01,9.999991655349731445e-01,-9.999984502792358398e-01,-9.999986886978149414e-01,-9.999896287918090820e-01,-9.999976754188537598e-01,-9.999979734420776367e-01,9.999988675117492676e-01,-9.999946951866149902e-01,9.999992847442626953e-01,9.999992251396179199e-01,-9.999926090240478516e-01,-9.999988675117492676e-01,-9.999986886978149414e-01,-9.999911189079284668e-01,-9.999993443489074707e-01,9.999986886978149414e-01,9.999991655349731445e-01,-9.999883770942687988e-01,9.999964833259582520e-01,9.999943971633911133e-01,9.999987483024597168e-01,-9.999926686286926270e-01,-9.999974370002746582e-01,9.999978542327880859e-01,9.999500513076782227e-01,-9.999992251396179199e-01,-9.999988675117492676e-01,-9.999939799308776855e-01,9.999991655349731445e-01,-9.999988675117492676e-01,9.999964833259582520e-01,-9.999806880950927734e-01,-9.999991059303283691e-01,-9.999986290931701660e-01,-9.999985694885253906e-01,9.999926686286926270e-01,-9.999986886978149414e-01,-9.999991059303283691e-01,9.999988079071044922e-01,9.999989867210388184e-01,9.999984502792358398e-01,9.999991059303283691e-01,9.999938607215881348e-01,9.999980926513671875e-01,9.999983906745910645e-01,9.999969005584716797e-01,-9.999429583549499512e-01,-9.999978542327880859e-01,-9.999986886978149414e-01,9.999985694885253906e-01,-9.999992251396179199e-01,-9.999986290931701660e-01,-9.999961256980895996e-01,9.999962449073791504e-01,9.999991059303283691e-01,9.999992251396179199e-01,9.999964833259582520e-01,9.999992251396179199e-01,-9.999989271163940430e-01,9.999989867210388184e-01,-9.999983906745910645e-01,-9.999957084655761719e-01,9.999943375587463379e-01,9.999712705612182617e-01,9.999986886978149414e-01,-9.999942779541015625e-01,-9.999989867210388184e-01,9.999951720237731934e-01,9.999971389770507812e-01,-9.998458623886108398e-01,-9.999980926513671875e-01,9.999991059303283691e-01,-9.999979138374328613e-01,9.999986886978149414e-01,9.999905228614807129e-01,-9.999894499778747559e-01,-9.999991655349731445e-01,-9.999786615371704102e-01,-9.999908208847045898e-01,9.999978542327880859e-01,-9.999986886978149414e-01,9.999831914901733398e-01,9.999982714653015137e-01,-9.999985694885253906e-01,9.999983310699462891e-01,9.999935030937194824e-01,-9.999992251396179199e-01,9.999991059303283691e-01,-9.999948143959045410e-01,9.999974370002746582e-01,-9.999989271163940430e-01,9.999701976776123047e-01,9.999360442161560059e-01,-9.999988675117492676e-01,-9.999978542327880859e-01,9.999762177467346191e-01,9.999985098838806152e-01,9.999951124191284180e-01,-9.999987483024597168e-01,9.999985098838806152e-01,-9.999987483024597168e-01,9.999985694885253906e-01,9.999821782112121582e-01,-9.999992251396179199e-01,9.999983906745910645e-01,-9.999990463256835938e-01,9.999988079071044922e-01,9.999957084655761719e-01,9.999984502792358398e-01,9.999989867210388184e-01,-9.999968409538269043e-01,-9.999987483024597168e-01,9.999980926513671875e-01,9.999884963035583496e-01,9.999963641166687012e-01,-9.999924898147583008e-01,9.999970793724060059e-01
-9.999915361404418945e-01,9.999930262565612793e-01,9.999565482139587402e-01,-9.999908208847045898e-01,-9.999944567680358887e-01,9.999938011169433594e-01,-9.999793767929077148e-01,-9.999949336051940918e-01,9.999867677688598633e-01,-9.999890327453613281e-01,9.999931454658508301e-01,9.999944567680358887e-01,-9.999904036521911621e-01,-9.999921321868896484e-01,-9.999351501464843750e-01,-9.999850392341613770e-01,-9.999872446060180664e-01,9.999929666519165039e-01,-9.999663829803466797e-01,9.999952912330627441e-01,9.999946355819702148e-01,-9.999532699584960938e-01,-9.999923706054687500e-01,-9.999918341636657715e-01,-9.999440908432006836e-01,-9.999949336051940918e-01,9.999919533729553223e-01,9.999944567680358887e-01,-9.999273419380187988e-01,9.999775886535644531e-01,9.999647736549377441e-01,9.999920725822448730e-01,-9.999536871910095215e-01,-9.999840259552001953e-01,9.999868869781494141e-01,9.996866583824157715e-01,-9.999949336051940918e-01,-9.999929666519165039e-01,-9.999621510505676270e-01,9.999942779541015625e-01,-9.999930858612060547e-01,9.999777674674987793e-01,-9.998784065246582031e-01,-9.999940395355224609e-01,-9.999914169311523438e-01,-9.999912977218627930e-01,9.999538660049438477e-01,-9.999918341636657715e-01,-9.999939799308776855e-01,9.999926090240478516e-01,9.999935626983642578e-01,9.999902844429016113e-01,9.999942183494567871e-01,9.999606013298034668e-01,9.999888539314270020e-01,9.999905824661254883e-01,9.999809861183166504e-01,-9.996414184570312500e-01,-9.999874830245971680e-01,-9.999919533729553223e-01,9.999912381172180176e-01,-9.999946355819702148e-01,-9.999915957450866699e-01,-9.999758601188659668e-01,9.999773502349853516e-01,9.999940991401672363e-01,9.999950528144836426e-01,9.999782443046569824e-01,9.999943971633911133e-01,-9.999932646751403809e-01,9.999935626983642578e-01,-9.999899268150329590e-01,-9.999729990959167480e-01,9.999649524688720703e-01,9.998194575309753418e-01,9.999914169311523438e-01,-9.999641180038452148e-01,-9.999935626983642578e-01,9.999697208404541016e-01,9.999822974205017090e-01,-9.990329146385192871e-01,-9.999881386756896973e-01,9.999940395355224609e-01,-9.999870061874389648e-01,9.999912381172180176e-01,9.999408721923828125e-01,-9.999334216117858887e-01,-9.999944567680358887e-01,-9.998656511306762695e-01,-9.999428391456604004e-01,9.999864697456359863e-01,-9.999916553497314453e-01,9.998951554298400879e-01,9.999892711639404297e-01,-9.999915957450866699e-01,9.999896287918090820e-01,9.999589920043945312e-01,-9.999948740005493164e-01,9.999939799308776855e-01,-9.999670982360839844e-01,9.999842643737792969e-01,-9.999937415122985840e-01,9.998124837875366211e-01,9.995988011360168457e-01,-9.999929666519165039e-01,-9.999865293502807617e-01,9.998505711555480957e-01,9.999908208847045898e-01,9.999692440032958984e-01,-9.999923110008239746e-01,9.999913573265075684e-01,-9.999919533729553223e-01,9.999911785125732422e-01,9.998878836631774902e-01,-9.999949932098388672e-01,9.999901652336120605e-01,-9.999944567680358887e-01,9.999924302101135254e-01,9.999731183052062988e-01,9.999901056289672852e-01,9.999939203262329102e-01,-9.999803900718688965e-01,-9.999921917915344238e-01,9.999880194664001465e-01,9.999278187751770020e-01,9.999775290489196777e-01,-9.999528527259826660e-01,9.999821782112121582e-01
9.999982118606567383e-01,-9.999985098838806152e-01,-9.999908208847045898e-01,9.999980330467224121e-01,9.999988079071044922e-01,-9.999986886978149414e-01,9.999956488609313965e-01,9.999988675117492676e-01,-9.999970793724060059e-01,9.999976158142089844e-01,-9.999985098838806152e-01,-9.999988079071044922e-01,9.999979734420776367e-01,9.999982118606567383e-01,9.999862909317016602e-01,9.999969005584716797e-01,9.999971985816955566e-01,-9.999985098838806152e-01,9.999929666519165039e-01,-9.999990463256835938e-01,-9.999988675117492676e-01,9.999901652336120605e-01,9.999983906745910645e-01,9.999981522560119629e-01,9.999881386756896973e-01,9.999989867210388184e-01,-9.999982714653015137e-01,-9.999988079071044922e-01,9.999847412109375000e-01,-9.999952912330627441e-01,-9.999926090240478516e-01,-9.999983310699462891e-01,9.999902248382568359e-01,9.999966621398925781e-01,-9.999971985816955566e-01,-9.999338984489440918e-01,9.999989271163940430e-01,9.999985098838806152e-01,9.999920725822448730e-01,-9.999988079071044922e-01,9.999985098838806152e-01,-9.999952912330627441e-01,9.999744296073913574e-01,9.999986886978149414e-01,9.999981522560119629e-01,9.999981522560119629e-01,-9.999902844429016113e-01,9.999982714653015137e-01,9.999986886978149414e-01,-9.999984502792358398e-01,-9.999985694885253906e-01,-9.999979138374328613e-01,-9.999987483024597168e-01,-9.999917745590209961e-01,-9.999975562095642090e-01,-9.999979138374328613e-01,-9.999959468841552734e-01,9.999244213104248047e-01,9.999972581863403320e-01,9.999982714653015137e-01,-9.999980330467224121e-01,9.999988675117492676e-01,9.999982118606567383e-01,9.999949336051940918e-01,-9.999951720237731934e-01,-9.999987483024597168e-01,-9.999989271163940430e-01,-9.999954104423522949e-01,-9.999988079071044922e-01,9.999985694885253906e-01,-9.999986290931701660e-01,9.999977946281433105e-01,9.999942779541015625e-01,-9.999926686286926270e-01,-9.999620318412780762e-01,-9.999981522560119629e-01,9.999924898147583008e-01,9.999985694885253906e-01,-9.999936223030090332e-01,-9.999961256980895996e-01,9.997961521148681641e-01,9.999974370002746582e-01,-9.999987483024597168e-01,9.999971389770507812e-01,-9.999980926513671875e-01,-9.999874830245971680e-01,9.999859333038330078e-01,9.999988079071044922e-01,9.999717473983764648e-01,9.999879598617553711e-01,-9.999971389770507812e-01,9.999982118606567383e-01,-9.999778866767883301e-01,-9.999977350234985352e-01,9.999982118606567383e-01,-9.999978542327880859e-01,-9.999912977218627930e-01,9.999989271163940430e-01,-9.999986886978149414e-01,9.999930858612060547e-01,-9.999966621398925781e-01,9.999986290931701660e-01,-9.999604225158691406e-01,-9.999154210090637207e-01,9.999983906745910645e-01,9.999971389770507812e-01,-9.999685883522033691e-01,-9.999980330467224121e-01,-9.999935030937194824e-01,9.999983906745910645e-01,-9.999980330467224121e-01,9.999983310699462891e-01,-9.999981522560119629e-01,-9.999763369560241699e-01,9.999989867210388184e-01,-9.999979138374328613e-01,9.999987483024597168e-01,-9.999983906745910645e-01,-9.999943375587463379e-01,-9.999978542327880859e-01,-9.999986290931701660e-01,9.999958276748657227e-01,9.999983310699462891e-01,-9.999973773956298828e-01,-9.999848008155822754e-01,-9.999953508377075195e-01,9.999899864196777344e-01,-9.999961256980895996e-01
9.999989271163940430e-01,-9.999991655349731445e-01,-9.999944567680358887e-01,9.999988079071044922e-01,9.999993443489074707e-01,-9.999993443489074707e-01,9.999973773956298828e-01,9.999994039535522461e-01,-9.999983310699462891e-01,9.999985098838806152e-01,-9.999991655349731445e-01,-9.999993443489074707e-01,9.999988675117492676e-01,9.999990463256835938e-01,9.999918341636657715e-01,9.999980926513671875e-01,9.999984502792358398e-01,-9.999991655349731445e-01,9.999957680702209473e-01,-9.999995231628417969e-01,-9.999993443489074707e-01,9.999940991401672363e-01,9.999991655349731445e-01,9.999989867210388184e-01,9.999929070472717285e-01,9.999994635581970215e-01,-9.999990463256835938e-01,-9.999993443489074707e-01,9.999908208847045898e-01,-9.999971985816955566e-01,-9.999955892562866211e-01,-9.999990463256835938e-01,9.999940395355224609e-01,9.999979734420776367e-01,-9.999983310699462891e-01,-9.999603033065795898e-01,9.999994635581970215e-01,9.999991655349731445e-01,9.999952912330627441e-01,-9.999993443489074707e-01,9.999992847442626953e-01,-9.999971985816955566e-01,9.999846220016479492e-01,9.999992847442626953e-01,9.999989867210388184e-01,9.999988675117492676e-01,-9.999942779541015625e-01,9.999989867210388184e-01,9.999992847442626953e-01,-9.999991059303283691e-01,-9.999992251396179199e-01,-9.999988079071044922e-01,-9.999994039535522461e-01,-9.999950528144836426e-01,-9.999985694885253906e-01,-9.999988079071044922e-01,-9.999975562095642090e-01,9.999546408653259277e-01,9.999983906745910645e-01,9.999990463256835938e-01,-9.999988675117492676e-01,9.999994635581970215e-01,9.999989867210388184e-01,9.999969005584716797e-01,-9.999970793724060059e-01,-9.999993443489074707e-01,-9.999994039535522461e-01,-9.999972581863403320e-01,-9.999993443489074707e-01,9.999992251396179199e-01,-9.999992251396179199e-01,9.999986290931701660e-01,9.999965429306030273e-01,-9.999955296516418457e-01,-9.999772310256958008e-01,-9.999989867210388184e-01,9.999954700469970703e-01,9.999992251396179199e-01,-9.999961256980895996e-01,-9.999977350234985352e-01,9.998773932456970215e-01,9.999985098838806152e-01,-9.999992847442626953e-01,9.999983310699462891e-01,-9.999989271163940430e-01,-9.999925494194030762e-01,9.999915957450866699e-01,9.999993443489074707e-01,9.999830126762390137e-01,9.999927878379821777e-01,-9.999982714653015137e-01,9.999989271163940430e-01,-9.999867677688598633e-01,-9.999986886978149414e-01,9.999988675117492676e-01,-9.999987483024597168e-01,-9.999948143959045410e-01,9.999994635581970215e-01,-9.999992847442626953e-01,9.999958276748657227e-01,-9.999979734420776367e-01,9.999991655349731445e-01,-9.999762773513793945e-01,-9.999491572380065918e-01,9.999991655349731445e-01,9.999982714653015137e-01,-9.999811053276062012e-01,-9.999988079071044922e-01,-9.999961853027343750e-01,9.999991059303283691e-01,-9.999988079071044922e-01,9.999989867210388184e-01,-9.999988675117492676e-01,-9.999858140945434570e-01,9.999994635581970215e-01,-9.999987483024597168e-01,9.999993443489074707e-01,-9.999991059303283691e-01,-9.999965429306030273e-01,-9.999986886978149414e-01,-9.999992847442626953e-01,9.999974966049194336e-01,9.999990463256835938e-01,-9.999984502792358398e-01,-9.999908804893493652e-01,-9.999971389770507812e-01,9.999940395355224609e-01,-9.999976754188537598e-01
-9.999987483024597168e-01,9.999991655349731445e-01,9.999938011169433594e-01,-9.999986886978149414e-01,-9.999993443489074707e-01,9.999991655349731445e-01,-9.999970197677612305e-01,-9.999993443489074707e-01,9.999980926513671875e-01,-9.999983906745910645e-01,9.999990463256835938e-01,9.999993443489074707e-01,-9.999986886978149414e-01,-9.999988675117492676e-01,-9.999907016754150391e-01,-9.999979734420776367e-01,-9.999981522560119629e-01,9.999990463256835938e-01,-9.999951720237731934e-01,9.999994039535522461e-01,9.999992847442626953e-01,-9.999933242797851562e-01,-9.999989271163940430e-01,-9.999988079071044922e-01,-9.999920129776000977e-01,-9.999994039535522461e-01,9.999988675117492676e-01,9.999993443489074707e-01,-9.999896287918090820e-01,9.999968409538269043e-01,9.999950528144836426e-01,9.999989271163940430e-01,-9.999933838844299316e-01,-9.999977350234985352e-01,9.999980926513671875e-01,9.999550580978393555e-01,-9.999994039535522461e-01,-9.999989867210388184e-01,-9.999945759773254395e-01,9.999992251396179199e-01,-9.999991655349731445e-01,9.999968409538269043e-01,-9.999826550483703613e-01,-9.999992251396179199e-01,-9.999988079071044922e-01,-9.999987483024597168e-01,9.999935030937194824e-01,-9.999988675117492676e-01,-9.999991655349731445e-01,9.999989271163940430e-01,9.999991059303283691e-01,9.999985694885253906e-01,9.999992847442626953e-01,9.999944567680358887e-01,9.999984502792358398e-01,9.999986290931701660e-01,9.999972581863403320e-01,-9.999486207962036133e-01,-9.999982118606567383e-01,-9.999988675117492676e-01,9.999987483024597168e-01,-9.999992847442626953e-01,-9.999988079071044922e-01,-9.999964833259582520e-01,9.999967217445373535e-01,9.999992847442626953e-01,9.999994039535522461e-01,9.999968409538269043e-01,9.999992251396179199e-01,-9.999992251396179199e-01,9.999992251396179199e-01,-9.999985694885253906e-01,-9.999960660934448242e-01,9.999949932098388672e-01,9.999742507934570312e-01,9.999988079071044922e-01,-9.999948740005493164e-01,-9.999991059303283691e-01,9.999956488609313965e-01,9.999974370002746582e-01,-9.998612999916076660e-01,-9.999982714653015137e-01,9.999992251396179199e-01,-9.999982118606567383e-01,9.999988079071044922e-01,9.999915361404418945e-01,-9.999904632568359375e-01,-9.999992251396179199e-01,-9.999808669090270996e-01,-9.999918341636657715e-01,9.999980330467224121e-01,-9.999988079071044922e-01,9.999849200248718262e-01,9.999984502792358398e-01,-9.999988079071044922e-01,9.999985694885253906e-01,9.999941587448120117e-01,-9.999994039535522461e-01,9.999991655349731445e-01,-9.999952912330627441e-01,9.999977946281433105e-01,-9.999991655349731445e-01,9.999731779098510742e-01,9.999424219131469727e-01,-9.999990463256835938e-01,-9.999980330467224121e-01,9.999786615371704102e-01,9.999987483024597168e-01,9.999955892562866211e-01,-9.999989867210388184e-01,9.999987483024597168e-01,-9.999988675117492676e-01,9.999987483024597168e-01,9.999840259552001953e-01,-9.999994039535522461e-01,9.999985694885253906e-01,-9.999992251396179199e-01,9.999989867210388184e-01,9.999961853027343750e-01,9.999985098838806152e-01,9.999991655349731445e-01,-9.999972581863403320e-01,-9.999989271163940430e-01,9.999983906745910645e-01,9.999896883964538574e-01,9.999968409538269043e-01,-9.999933242797851562e-01,9.999974370002746582e-01
9.999960064888000488e-01,-9.999966621398925781e-01,-9.999793767929077148e-01,9.999956488609313965e-01,9.999973773956298828e-01,-9.999970197677612305e-01,9.999902248382568359e-01,9.999975562095642090e-01,-9.999937415122985840e-01,9.999947547912597656e-01,-9.999967217445373535e-01,-9.999973177909851074e-01,9.999954700469970703e-01,9.999962449073791504e-01,9.999693036079406738e-01,9.999930262565612793e-01,9.999939799308776855e-01,-9.999966025352478027e-01,9.999841451644897461e-01,-9.999977946281433105e-01,-9.999974370002746582e-01,9.999778270721435547e-01,9.999963045120239258e-01,9.999961256980895996e-01,9.999735355377197266e-01,9.999976158142089844e-01,-9.999961256980895996e-01,-9.999973177909851074e-01,9.999655485153198242e-01,-9.999894499778747559e-01,-9.999833106994628906e-01,-9.999962449073791504e-01,9.999780654907226562e-01,9.999925494194030762e-01,-9.999938607215881348e-01,-9.998513460159301758e-01,9.999975562095642090e-01,9.999966025352478027e-01,9.999820590019226074e-01,-9.999972581863403320e-01,9.999966621398925781e-01,-9.999895095825195312e-01,9.999424219131469727e-01,9.999971985816955566e-01,9.999960064888000488e-01,9.999958872795104980e-01,-9.999781250953674316e-01,9.999960660934448242e-01,9.999971985816955566e-01,-9.999964833259582520e-01,-9.999969601631164551e-01,-9.999954104423522949e-01,-9.999973177909851074e-01,-9.999814629554748535e-01,-9.999946951866149902e-01,-9.999955892562866211e-01,-9.999909400939941406e-01,9.998298883438110352e-01,9.999940991401672363e-01,9.999961256980895996e-01,-9.999958872795104980e-01,9.999974370002746582e-01,9.999960064888000488e-01,9.999886155128479004e-01,-9.999892711639404297e-01,-9.999972581863403320e-01,-9.999976158142089844e-01,-9.999896883964538574e-01,-9.999973177909851074e-01,9.999968409538269043e-01,-9.999968409538269043e-01,9.999951720237731934e-01,9.999871850013732910e-01,-9.999833703041076660e-01,-9.999143481254577637e-01,-9.999960064888000488e-01,9.999830126762390137e-01,9.999969601631164551e-01,-9.999856948852539062e-01,-9.999916553497314453e-01,9.995409250259399414e-01,9.999943971633911133e-01,-9.999971985816955566e-01,9.999938607215881348e-01,-9.999958276748657227e-01,-9.999719262123107910e-01,9.999685287475585938e-01,9.999972581863403320e-01,9.999362826347351074e-01,9.999729394912719727e-01,-9.999937415122985840e-01,9.999960064888000488e-01,-9.999502897262573242e-01,-9.999949336051940918e-01,9.999960064888000488e-01,-9.999951124191284180e-01,-9.999805092811584473e-01,9.999976158142089844e-01,-9.999970793724060059e-01,9.999845027923583984e-01,-9.999926686286926270e-01,9.999969601631164551e-01,-9.999110102653503418e-01,-9.998096823692321777e-01,9.999966025352478027e-01,9.999935626983642578e-01,-9.999290704727172852e-01,-9.999956488609313965e-01,-9.999853968620300293e-01,9.999962449073791504e-01,-9.999959468841552734e-01,9.999961853027343750e-01,-9.999958276748657227e-01,-9.999467730522155762e-01,9.999976754188537598e-01,-9.999954104423522949e-01,9.999973177909851074e-01,-9.999963641166687012e-01,-9.999873042106628418e-01,-9.999952912330627441e-01,-9.999970197677612305e-01,9.999908208847045898e-01,9.999963045120239258e-01,-9.999943375587463379e-01,-9.999657273292541504e-01,-9.999893307685852051e-01,9.999776482582092285e-01,-9.999915361404418945e-01
9.999989867210388184e-01,-9.999992251396179199e-01,-9.999949336051940918e-01,9.999988675117492676e-01,9.999994039535522461e-01,-9.999993443489074707e-01,9.999975562095642090e-01,9.999994039535522461e-01,-9.999983906745910645e-01,9.999986290931701660e-01,-9.999991655349731445e-01,-9.999994039535522461e-01,9.999988675117492676e-01,9.999990463256835938e-01,9.999924302101135254e-01,9.999983310699462891e-01,9.999985098838806152e-01,-9.999992251396179199e-01,9.999960064888000488e-01,-9.999994635581970215e-01,-9.999993443489074707e-01,9.999945759773254395e-01,9.999991655349731445e-01,9.999989867210388184e-01,9.999935030937194824e-01,9.999994635581970215e-01,-9.999991059303283691e-01,-9.999993443489074707e-01,9.999915361404418945e-01,-9.999973773956298828e-01,-9.999958872795104980e-01,-9.999991655349731445e-01,9.999946355819702148e-01,9.999981522560119629e-01,-9.999983906745910645e-01,-9.999638795852661133e-01,9.999994635581970215e-01,9.999992251396179199e-01,9.999956488609313965e-01,-9.999994039535522461e-01,9.999992251396179199e-01,-9.999974966049194336e-01,9.999860525131225586e-01,9.999992847442626953e-01,9.999990463256835938e-01,9.999989867210388184e-01,-9.999946951866149902e-01,9.999989867210388184e-01,9.999993443489074707e-01,-9.999992251396179199e-01,-9.999992251396179199e-01,-9.999988675117492676e-01,-9.999993443489074707e-01,-9.999955296516418457e-01,-9.999986290931701660e-01,-9.999988675117492676e-01,-9.999977350234985352e-01,9.999587535858154297e-01,9.999984502792358398e-01,9.999991059303283691e-01,-9.999990463256835938e-01,9.999994039535522461e-01,9.999991059303283691e-01,9.999971389770507812e-01,-9.999973773956298828e-01,-9.999993443489074707e-01,-9.999994039535522461e-01,-9.999973773956298828e-01,-9.999994039535522461e-01,9.999991655349731445e-01,-9.999992251396179199e-01,9.999987483024597168e-01,9.999968409538269043e-01,-9.999959468841552734e-01,-9.999792575836181641e-01,-9.999990463256835938e-01,9.999958276748657227e-01,9.999992251396179199e-01,-9.999963641166687012e-01,-9.999978542327880859e-01,9.998886585235595703e-01,9.999985694885253906e-01,-9.999992847442626953e-01,9.999985098838806152e-01,-9.999989867210388184e-01,-9.999931454658508301e-01,9.999923706054687500e-01,9.999994039535522461e-01,9.999844431877136230e-01,9.999933242797851562e-01,-9.999984502792358398e-01,9.999989867210388184e-01,-9.999879002571105957e-01,-9.999987483024597168e-01,9.999989867210388184e-01,-9.999988079071044922e-01,-9.999952316284179688e-01,9.999994635581970215e-01,-9.999992251396179199e-01,9.999961853027343750e-01,-9.999981522560119629e-01,9.999992251396179199e-01,-9.999783635139465332e-01,-9.999538064002990723e-01,9.999992251396179199e-01,9.999984502792358398e-01,-9.999827742576599121e-01,-9.999989271163940430e-01,-9.999964237213134766e-01,9.999991655349731445e-01,-9.999989271163940430e-01,9.999991059303283691e-01,-9.999989271163940430e-01,-9.999870061874389648e-01,9.999995231628417969e-01,-9.999988675117492676e-01,9.999993443489074707e-01,-9.999991655349731445e-01,-9.999968409538269043e-01,-9.999987483024597168e-01,-9.999992847442626953e-01,9.999977350234985352e-01,9.999991655349731445e-01,-9.999985098838806152e-01,-9.999916553497314453e-01,-9.999973773956298828e-01,9.999945163726806641e-01,-9.999977946281433105e-01
-9.999973773956298828e-01,9.999978542327880859e-01,9.999867677688598633e-01,-9.999970793724060059e-01,-9.999983310699462891e-01,9.999980926513671875e-01,-9.999937415122985840e-01,-9.999983906745910645e-01,9.999958276748657227e-01,-9.999966621398925781e-01,9.999978542327880859e-01,9.999982714653015137e-01,-9.999969601631164551e-01,-9.999975562095642090e-01,-9.999802708625793457e-01,-9.999955296516418457e-01,-9.999960660934448242e-01,9.999978542327880859e-01,-9.999898672103881836e-01,9.999985694885253906e-01,9.999983906745910645e-01,-9.999858736991882324e-01,-9.999976754188537598e-01,-9.999974370002746582e-01,-9.999830126762390137e-01,-9.999984502792358398e-01,9.999974966049194336e-01,9.999982714653015137e-01,-9.999779462814331055e-01,9.999933242797851562e-01,9.999893307685852051e-01,9.999976158142089844e-01,-9.999859929084777832e-01,-9.999951720237731934e-01,9.999958872795104980e-01,9.999047517776489258e-01,-9.999984502792358398e-01,-9.999978542327880859e-01,-9.999885559082031250e-01,9.999982714653015137e-01,-9.999978542327880859e-01,9.999932646751403809e-01,-9.999631047248840332e-01,-9.999982118606567383e-01,-9.999973773956298828e-01,-9.999972581863403320e-01,9.999861121177673340e-01,-9.999974966049194336e-01,-9.999981522560119629e-01,9.999977350234985352e-01,9.999979138374328613e-01,9.999970197677612305e-01,9.999982118606567383e-01,9.999881982803344727e-01,9.999965429306030273e-01,9.999970793724060059e-01,9.999942183494567871e-01,-9.998911023139953613e-01,-9.999961853027343750e-01,-9.999974966049194336e-01,9.999972581863403320e-01,-9.999983906745910645e-01,-9.999974370002746582e-01,-9.999927282333374023e-01,9.999930262565612793e-01,9.999981522560119629e-01,9.999983906745910645e-01,9.999933838844299316e-01,9.999982714653015137e-01,-9.999979734420776367e-01,9.999980330467224121e-01,-9.999968409538269043e-01,-9.999917745590209961e-01,9.999893307685852051e-01,9.999452829360961914e-01,9.999974370002746582e-01,-9.999891519546508789e-01,-9.999980330467224121e-01,9.999908208847045898e-01,9.999946355819702148e-01,-9.997062683105468750e-01,-9.999962449073791504e-01,9.999982118606567383e-01,-9.999960064888000488e-01,9.999973177909851074e-01,9.999820590019226074e-01,-9.999797940254211426e-01,-9.999983310699462891e-01,-9.999592304229736328e-01,-9.999826550483703613e-01,9.999959468841552734e-01,-9.999974370002746582e-01,9.999681711196899414e-01,9.999967217445373535e-01,-9.999973773956298828e-01,9.999967813491821289e-01,9.999874830245971680e-01,-9.999983906745910645e-01,9.999981522560119629e-01,-9.999899864196777344e-01,9.999952316284179688e-01,-9.999979734420776367e-01,9.999430775642395020e-01,9.998781681060791016e-01,-9.999977946281433105e-01,-9.999959468841552734e-01,9.999546408653259277e-01,9.999971985816955566e-01,9.999906420707702637e-01,-9.999976158142089844e-01,9.999972581863403320e-01,-9.999974966049194336e-01,9.999973177909851074e-01,9.999659061431884766e-01,-9.999984502792358398e-01,9.999969601631164551e-01,-9.999983310699462891e-01,9.999976754188537598e-01,9.999918341636657715e-01,9.999970197677612305e-01,9.999981522560119629e-01,-9.999940991401672363e-01,-9.999976158142089844e-01,9.999962449073791504e-01,9.999781250953674316e-01,9.999932050704956055e-01,-9.999856948852539062e-01,9.999945759773254395e-01
9.999977946281433105e-01,-9.999982118606567383e-01,-9.999890327453613281e-01,9.999976158142089844e-01,9.999985098838806152e-01,-9.999983906745910645e-01,9.999947547912597656e-01,9.999986290931701660e-01,-9.999966621398925781e-01,9.999971389770507812e-01,-9.999982714653015137e-01,-9.999985694885253906e-01,9.999974966049194336e-01,9.999980330467224121e-01,9.999836683273315430e-01,9.999961853027343750e-01,9.999967813491821289e-01,-9.999982118606567383e-01,9.999915361404418945e-01,-9.999988079071044922e-01,-9.999985694885253906e-01,9.999883174896240234e-01,9.999980330467224121e-01,9.999979138374328613e-01,9.999858736991882324e-01,9.999988079071044922e-01,-9.999979138374328613e-01,-9.999985694885253906e-01,9.999817609786987305e-01,-9.999943971633911133e-01,-9.999911785125732422e-01,-9.999980330467224121e-01,9.999883174896240234e-01,9.999960064888000488e-01,-9.999966621398925781e-01,-9.999210834503173828e-01,9.999986886978149414e-01,9.999980926513671875e-01,9.999905228614807129e-01,-9.999985694885253906e-01,9.999982118606567383e-01,-9.999945163726806641e-01,9.999694824218750000e-01,9.999983906745910645e-01,9.999977946281433105e-01,9.999977946281433105e-01,-9.999884366989135742e-01,9.999978542327880859e-01,9.999984502792358398e-01,-9.999981522560119629e-01,-9.999982714653015137e-01,-9.999975562095642090e-01,-9.999985098838806152e-01,-9.999901056289672852e-01,-9.999970793724060059e-01,-9.999976158142089844e-01,-9.999952316284179688e-01,9.999097585678100586e-01,9.999967217445373535e-01,9.999979138374328613e-01,-9.999977350234985352e-01,9.999986290931701660e-01,9.999978542327880859e-01,9.999939799308776855e-01,-9.999942183494567871e-01,-9.999985098838806152e-01,-9.999987483024597168e-01,-9.999945163726806641e-01,-9.999985694885253906e-01,9.999983310699462891e-01,-9.999983906745910645e-01,9.999974370002746582e-01,9.999930858612060547e-01,-9.999911785125732422e-01,-9.999545812606811523e-01,-9.999977946281433105e-01,9.999909400939941406e-01,9.999982714653015137e-01,-9.999924302101135254e-01,-9.999955296516418457e-01,9.997566938400268555e-01,9.999970197677612305e-01,-9.999985098838806152e-01,9.999966025352478027e-01,-9.999977350234985352e-01,-9.999850988388061523e-01,9.999833106994628906e-01,9.999985098838806152e-01,9.999661445617675781e-01,9.999856352806091309e-01,-9.999966025352478027e-01,9.999978542327880859e-01,-9.999735951423645020e-01,-9.999971985816955566e-01,9.999977350234985352e-01,-9.999973773956298828e-01,-9.999896287918090820e-01,9.999986886978149414e-01,-9.999983906745910645e-01,9.999917149543762207e-01,-9.999960064888000488e-01,9.999983310699462891e-01,-9.999528527259826660e-01,-9.998990893363952637e-01,9.999980926513671875e-01,9.999966025352478027e-01,-9.999623894691467285e-01,-9.999976754188537598e-01,-9.999922513961791992e-01,9.999980926513671875e-01,-9.999977350234985352e-01,9.999979734420776367e-01,-9.999976754188537598e-01,-9.999717473983764648e-01,9.999987483024597168e-01,-9.999974966049194336e-01,9.999986290931701660e-01,-9.999979734420776367e-01,-9.999932050704956055e-01,-9.999974370002746582e-01,-9.999983906745910645e-01,9.999949932098388672e-01,9.999979138374328613e-01,-9.999969005584716797e-01,-9.999818801879882812e-01,-9.999943375587463379e-01,9.999880790710449219e-01,-9.999954700469970703e-01
-9.999985694885253906e-01,9.999988079071044922e-01,9.999931454658508301e-01,-9.999985098838806152e-01,-9.999991655349731445e-01,9.999990463256835938e-01,-9.999967217445373535e-01,-9.999991655349731445e-01,9.999978542327880859e-01,-9.999982714653015137e-01,9.999989271163940430e-01,9.999991655349731445e-01,-9.999984502792358398e-01,-9.999987483024597168e-01,-9.999897480010986328e-01,-9.999976754188537598e-01,-9.999979734420776367e-01,9.999988675117492676e-01,-9.999946355819702148e-01,9.999992847442626953e-01,9.999992251396179199e-01,-9.999925494194030762e-01,-9.999987483024597168e-01,-9.999986886978149414e-01,-9.999911785125732422e-01,-9.999992251396179199e-01,9.999986886978149414e-01,9.999990463256835938e-01,-9.999884366989135742e-01,9.999964833259582520e-01,9.999944567680358887e-01,9.999987483024597168e-01,-9.999926090240478516e-01,-9.999974370002746582e-01,9.999978542327880859e-01,9.999504089355468750e-01,-9.999992251396179199e-01,-9.999988675117492676e-01,-9.999940395355224609e-01,9.999991655349731445e-01,-9.999988675117492676e-01,9.999965429306030273e-01,-9.999808073043823242e-01,-9.999991059303283691e-01,-9.999986886978149414e-01,-9.999986290931701660e-01,9.999928474426269531e-01,-9.999986886978149414e-01,-9.999991059303283691e-01,9.999988079071044922e-01,9.999989867210388184e-01,9.999984502792358398e-01,9.999991059303283691e-01,9.999938011169433594e-01,9.999980926513671875e-01,9.999985098838806152e-01,9.999969601631164551e-01,-9.999433755874633789e-01,-9.999979138374328613e-01,-9.999986886978149414e-01,9.999986290931701660e-01,-9.999992251396179199e-01,-9.999986886978149414e-01,-9.999961256980895996e-01,9.999963641166687012e-01,9.999991059303283691e-01,9.999992847442626953e-01,9.999966025352478027e-01,9.999991655349731445e-01,-9.999989271163940430e-01,9.999989271163940430e-01,-9.999983906745910645e-01,-9.999957084655761719e-01,9.999943971633911133e-01,9.999715089797973633e-01,9.999986290931701660e-01,-9.999943375587463379e-01,-9.999989271163940430e-01,9.999952316284179688e-01,9.999970793724060059e-01,-9.998469948768615723e-01,-9.999979734420776367e-01,9.999991059303283691e-01,-9.999979138374328613e-01,9.999985694885253906e-01,9.999906420707702637e-01,-9.999894499778747559e-01,-9.999991655349731445e-01,-9.999787807464599609e-01,-9.999908804893493652e-01,9.999978542327880859e-01,-9.999986886978149414e-01,9.999833703041076660e-01,9.999982714653015137e-01,-9.999985694885253906e-01,9.999983310699462891e-01,9.999934434890747070e-01,-9.999992251396179199e-01,9.999991059303283691e-01,-9.999947547912597656e-01,9.999974966049194336e-01,-9.999989271163940430e-01,9.999703168869018555e-01,9.999365210533142090e-01,-9.999988675117492676e-01,-9.999978542327880859e-01,9.999763965606689453e-01,9.999985098838806152e-01,9.999951124191284180e-01,-9.999988079071044922e-01,9.999986290931701660e-01,-9.999986290931701660e-01,9.999985098838806152e-01,9.999822974205017090e-01,-9.999993443489074707e-01,9.999984502792358398e-01,-9.999991655349731445e-01,9.999988079071044922e-01,9.999957680702209473e-01,9.999983310699462891e-01,9.999989867210388184e-01,-9.999968409538269043e-01,-9.999987483024597168e-01,9.999980926513671875e-01,9.999886155128479004e-01,9.999964833259582520e-01,-9.999924302101135254e-01,9.999970793724060059e-01
-9.999989271163940430e-01,9.999991655349731445e-01,9.999944567680358887e-01,-9.999988079071044922e-01,-9.999993443489074707e-01,9.999993443489074707e-01,-9.999973177909851074e-01,-9.999994039535522461e-01,9.999982714653015137e-01,-9.999985694885253906e-01,9.999991655349731445e-01,9.999994039535522461e-01,-9.999987483024597168e-01,-9.999989867210388184e-01,-9.999917149543762207e-01,-9.999981522560119629e-01,-9.999983310699462891e-01,9.999991059303283691e-01,-9.999957084655761719e-01,9.999994635581970215e-01,9.999994039535522461e-01,-9.999940395355224609e-01,-9.999990463256835938e-01,-9.999989271163940430e-01,-9.999928474426269531e-01,-9.999994039535522461e-01,9.999989867210388184e-01,9.999993443489074707e-01,-9.999907016754150391e-01,9.999971389770507812e-01,9.999955296516418457e-01,9.999990463256835938e-01,-9.999940395355224609e-01,-9.999979734420776367e-01,9.999983310699462891e-01,9.999597072601318359e-01,-9.999994635581970215e-01,-9.999991655349731445e-01,-9.999951720237731934e-01,9.999992847442626953e-01,-9.999991655349731445e-01,9.999970793724060059e-01,-9.999843835830688477e-01,-9.999991655349731445e-01,-9.999989271163940430e-01,-9.999989271163940430e-01,9.999941587448120117e-01,-9.999989867210388184e-01,-9.999992847442626953e-01,9.999992251396179199e-01,9.999992251396179199e-01,9.999987483024597168e-01,9.999992847442626953e-01,9.999949336051940918e-01,9.999985694885253906e-01,9.999988079071044922e-01,9.999974966049194336e-01,-9.999539256095886230e-01,-9.999983906745910645e-01,-9.999989867210388184e-01,9.999988675117492676e-01,-9.999993443489074707e-01,-9.999989271163940430e-01,-9.999968409538269043e-01,9.999970793724060059e-01,9.999992847442626953e-01,9.999994039535522461e-01,9.999971389770507812e-01,9.999992847442626953e-01,-9.999991655349731445e-01,9.999992251396179199e-01,-9.999986290931701660e-01,-9.999964833259582520e-01,9.999955296516418457e-01,9.999769330024719238e-01,9.999989271163940430e-01,-9.999954104423522949e-01,-9.999992251396179199e-01,9.999960660934448242e-01,9.999976158142089844e-01,-9.998756051063537598e-01,-9.999984502792358398e-01,9.999993443489074707e-01,-9.999983310699462891e-01,9.999989271163940430e-01,9.999924302101135254e-01,-9.999914765357971191e-01,-9.999993443489074707e-01,-9.999828338623046875e-01,-9.999926686286926270e-01,9.999982714653015137e-01,-9.999989271163940430e-01,9.999864697456359863e-01,9.999986290931701660e-01,-9.999988675117492676e-01,9.999987483024597168e-01,9.999947547912597656e-01,-9.999994635581970215e-01,9.999992847442626953e-01,-9.999957680702209473e-01,9.999980330467224121e-01,-9.999992251396179199e-01,9.999759197235107422e-01,9.999485015869140625e-01,-9.999991655349731445e-01,-9.999982714653015137e-01,9.999808073043823242e-01,9.999988079071044922e-01,9.999961256980895996e-01,-9.999990463256835938e-01,9.999988079071044922e-01,-9.999989867210388184e-01,9.999988675117492676e-01,9.999856352806091309e-01,-9.999994635581970215e-01,9.999986886978149414e-01,-9.999993443489074707e-01,9.999990463256835938e-01,9.999964833259582520e-01,9.999986290931701660e-01,9.999991655349731445e-01,-9.999974370002746582e-01,-9.999991655349731445e-01,9.999984502792358398e-01,9.999908208847045898e-01,9.999971389770507812e-01,-9.999939799308776855e-01,9.999976754188537598e-01
