5.275970697402954102e-01,1.789153739809989929e-02,-1.691892296075820923e-01,3.099022246897220612e-02,2.537138462066650391e-01,-1.528787612915039062e-01,1.181293204426765442e-01,3.990095257759094238e-01,1.035878062248229980e-01,6.500816345214843750e-02,-8.142188191413879395e-02,-8.126606047153472900e-02,1.154815852642059326e-01,3.090982139110565186e-01,2.858370840549468994e-01,1.676331311464309692e-01,5.985663272440433502e-03,-1.681822724640369415e-02,8.635665476322174072e-02,-6.852914392948150635e-02,-1.391138583421707153e-01,8.976663649082183838e-02,4.395634308457374573e-02,3.066406585276126862e-02,2.635378856211900711e-03,7.071552425622940063e-02,-4.617832228541374207e-02,-2.972977459430694580e-01,9.664528816938400269e-02,-2.190864831209182739e-01,-1.420666575431823730e-01,-1.071475073695182800e-01,9.633880108594894409e-02,7.256295531988143921e-02,-3.488253429532051086e-02,-1.321062296628952026e-01,-1.662214100360870361e-02,7.430292665958404541e-02,-3.460733294486999512e-01,-4.225713908672332764e-01,2.270060032606124878e-01,9.242418408393859863e-02,-7.503187283873558044e-03,2.641992829740047455e-02,4.106302931904792786e-02,-1.347553133964538574e-01,-2.525972127914428711e-01,-1.348826140165328979e-01,4.288924112915992737e-02,8.365058153867721558e-02,-1.210940256714820862e-01,-3.700909018516540527e-02,1.531900614500045776e-01,-4.827129095792770386e-02,-9.880007058382034302e-02,-2.037193328142166138e-01,7.048820704221725464e-02,1.959710009396076202e-02,-6.254766136407852173e-02,-7.240533828735351562e-02,3.373375535011291504e-02,1.016675587743520737e-02,1.410311367362737656e-02,1.388451308012008667e-01,-5.077667068690061569e-03,-4.716176539659500122e-03,-5.924681574106216431e-02,2.328552156686782837e-01,-1.241590082645416260e-01,1.507780551910400391e-01,-2.370991408824920654e-01,-4.292110726237297058e-02,5.137778073549270630e-02,1.896460354328155518e-01,-1.195709556341171265e-01,-2.422259151935577393e-01,-5.690376739948987961e-03,1.672078073024749756e-01,-1.864302456378936768e-01,-1.301181167364120483e-01,1.274593472480773926e-01,2.262545516714453697e-03,-2.448843717575073242e-01,-2.165022306144237518e-03,-3.335844874382019043e-01,-9.073854237794876099e-02,2.820473313331604004e-01,2.506616758182644844e-03,1.105849910527467728e-02,6.711579114198684692e-02,-1.263606995344161987e-01,-3.902562195435166359e-03,6.090041622519493103e-02,-1.214469373226165771e-01,-9.532499313354492188e-02,-2.230739742517471313e-01,2.954061031341552734e-01,-3.429553762543946505e-04,-1.985894441604614258e-01,2.895472645759582520e-01,-9.978993982076644897e-02,2.594822347164154053e-01,-1.060091853141784668e-01,-5.142380669713020325e-02,4.260728135704994202e-02,2.578875720500946045e-01,3.262678906321525574e-02,-2.345870248973369598e-02,-3.176753222942352295e-01,9.780733846127986908e-03,5.626964941620826721e-02,4.897846654057502747e-02,-5.575476959347724915e-02,-2.318774163722991943e-01,1.987950801849365234e-01,-1.821049302816390991e-01,3.832083344459533691e-01,-7.130542397499084473e-02,-3.741701245307922363e-01,1.425768248736858368e-02,-2.467144466936588287e-02,2.163494825363159180e-01,2.135453075170516968e-01,1.170856319367885590e-02,1.269088871777057648e-02,-1.852869689464569092e-01,-7.313512265682220459e-03,1.063722223043441772e-01
1.789153739809989929e-02,1.936851441860198975e-02,-1.185739636421203613e-01,7.735759019851684570e-02,8.110997080802917480e-02,-2.529957331717014313e-02,-6.693934556096792221e-03,3.332271799445152283e-02,1.898502930998802185e-02,3.471655398607254028e-02,1.235265284776687622e-02,-4.912595823407173157e-02,9.136462956666946411e-02,5.215721204876899719e-02,1.149082630872726440e-01,1.099339649081230164e-01,-5.177223938517272472e-04,5.887595936655998230e-02,-5.736789852380752563e-02,-6.396326422691345215e-02,-2.936309762299060822e-02,1.185456961393356323e-01,6.427046656608581543e-02,6.739621050655841827e-03,1.373549830168485641e-02,1.319631487131118774e-01,-1.227863654494285583e-01,-5.801774188876152039e-02,1.022561267018318176e-01,-2.066487073898315430e-02,3.532256931066513062e-02,-1.176481470465660095e-01,8.100944757461547852e-02,6.564039736986160278e-02,-3.778358455747365952e-03,-1.239528208971023560e-01,1.947184279561042786e-02,5.646757781505584717e-02,-7.637517154216766357e-02,-6.336183100938796997e-02,1.027837693691253662e-01,6.150665692985057831e-03,1.113115474581718445e-01,1.591195911169052124e-02,-1.574881956912577152e-03,-8.707224577665328979e-02,-1.206087395548820496e-01,-3.356624767184257507e-02,-1.152085792273283005e-02,2.000055089592933655e-02,-1.285342592746019363e-02,-1.797497831284999847e-02,2.457821369171142578e-02,7.950502447783946991e-03,-2.066385746002197266e-02,-1.232474818825721741e-01,2.855836786329746246e-02,1.105842553079128265e-02,-6.594786792993545532e-02,-6.509186327457427979e-02,1.844505406916141510e-02,6.319976411759853363e-03,4.339103121310472488e-03,3.979489952325820923e-02,4.752960521727800369e-03,-2.631710655987262726e-02,4.493805021047592163e-02,1.184106767177581787e-01,-1.105363592505455017e-01,2.947868406772613525e-02,-8.112679421901702881e-02,-3.065882483497262001e-04,-2.656894177198410034e-02,1.147744432091712952e-01,-2.430946752429008484e-02,-1.041098684072494507e-01,-3.585894824936985970e-03,1.335773169994354248e-01,-8.277866989374160767e-03,-1.064851209521293640e-01,1.160692349076271057e-01,1.440969994291663170e-03,-9.838654845952987671e-02,2.826981013640761375e-03,-8.002178370952606201e-02,-1.199764609336853027e-01,5.581942573189735413e-02,6.106819026172161102e-03,7.741990685462951660e-02,3.426761552691459656e-02,-2.668735012412071228e-02,-2.531882002949714661e-02,-9.192773699760437012e-02,2.463475055992603302e-02,-1.015979126095771790e-01,2.598728053271770477e-03,8.922932296991348267e-02,-1.378145097987726331e-04,-8.225055783987045288e-02,3.087171725928783417e-02,-3.125430643558502197e-02,4.330206289887428284e-02,-1.209791377186775208e-01,-3.479200974106788635e-02,1.307126432657241821e-01,4.534933716058731079e-03,-7.950574159622192383e-02,-1.141341254115104675e-01,-4.002809897065162659e-02,-1.081853453069925308e-02,8.161772042512893677e-02,-4.260070994496345520e-02,-1.046925261616706848e-01,-3.777440637350082397e-02,1.325759887695312500e-01,-1.128625571727752686e-01,5.600643530488014221e-02,3.002449870109558105e-02,-1.174272224307060242e-01,3.642947599291801453e-02,5.731071159243583679e-02,9.362740069627761841e-02,1.136370524764060974e-01,-6.370306015014648438e-02,-8.450946956872940063e-02,-5.468215420842170715e-02,2.982218982651829720e-03,4.937577992677688599e-02
-1.691892296075820923e-01,-1.185739636421203613e-01,7.825284004211425781e-01,-5.554970502853393555e-01,-5.217587351799011230e-01,1.200006082653999329e-01,-2.444429881870746613e-02,-2.614170610904693604e-01,-1.155737563967704773e-01,-2.534916996955871582e-01,-6.473572552204132080e-02,3.529482781887054443e-01,-5.731560587882995605e-01,-4.058310687541961670e-01,-7.373830080032348633e-01,-6.968449354171752930e-01,-5.204933695495128632e-03,-3.261345922946929932e-01,4.062043130397796631e-01,4.696411192417144775e-01,1.935438215732574463e-01,-7.564522027969360352e-01,-4.996550083160400391e-01,2.414161898195743561e-02,-9.566251933574676514e-02,-7.699172496795654297e-01,7.397502660751342773e-01,3.663129210472106934e-01,-6.961510181427001953e-01,2.081302255392074585e-01,-1.877880841493606567e-01,7.511543631553649902e-01,-5.619276762008666992e-01,-4.946961402893066406e-01,3.640117868781089783e-02,7.649058103561401367e-01,-1.295508593320846558e-01,-3.959252238273620605e-01,5.400381684303283691e-01,4.762440025806427002e-01,-6.680363416671752930e-01,-5.391234159469604492e-02,-6.655471324920654297e-01,-1.129865795373916626e-01,7.662601768970489502e-03,6.161869168281555176e-01,7.768113017082214355e-01,2.435685843229293823e-01,4.987516626715660095e-02,-4.940382763743400574e-02,8.394559472799301147e-02,1.154991015791893005e-01,-1.778885722160339355e-01,8.438302204012870789e-03,1.386500746011734009e-01,7.736816406250000000e-01,-2.251681834459304810e-01,-8.015877008438110352e-02,4.012641608715057373e-01,4.505572319030761719e-01,-9.427202492952346802e-02,-9.366397559642791748e-02,-3.296424075961112976e-02,-3.140698969364166260e-01,-3.723502904176712036e-02,1.782933026552200317e-01,-2.533802390098571777e-01,-7.297562360763549805e-01,7.085491418838500977e-01,-1.829119175672531128e-01,6.055637598037719727e-01,4.878073930740356445e-02,1.648270934820175171e-01,-7.547764182090759277e-01,1.707246154546737671e-01,6.762236356735229492e-01,2.321794070303440094e-02,-8.383204936981201172e-01,1.112149730324745178e-01,7.263087034225463867e-01,-7.699710726737976074e-01,-1.064194645732641220e-02,6.494884490966796875e-01,-1.608045399188995361e-02,5.787234306335449219e-01,6.874985098838806152e-01,-4.222933650016784668e-01,-3.954715654253959656e-02,-4.984510838985443115e-01,-2.658769786357879639e-01,1.869397014379501343e-01,1.746756285429000854e-01,5.917254686355590820e-01,-1.486074626445770264e-01,6.829702854156494141e-01,4.950845614075660706e-02,-5.875899791717529297e-01,1.024448545649647713e-03,5.791453719139099121e-01,-2.981590330600738525e-01,2.752248346805572510e-01,-3.551415205001831055e-01,7.643283605575561523e-01,2.477800548076629639e-01,-8.002261519432067871e-01,-1.476927697658538818e-01,5.544461607933044434e-01,7.119805812835693359e-01,2.803256809711456299e-01,7.308302819728851318e-02,-5.354618430137634277e-01,3.799077868461608887e-01,6.761929392814636230e-01,1.427943706512451172e-01,-7.902631759643554688e-01,7.151325345039367676e-01,-4.206238687038421631e-01,-2.411484122276306152e-01,7.702674269676208496e-01,-2.566975355148315430e-01,-3.913809359073638916e-01,-6.594961881637573242e-01,-7.326122522354125977e-01,4.005180001258850098e-01,6.102375984191894531e-01,4.623733460903167725e-01,-4.757073149085044861e-02,-3.858420550823211670e-01
3.099022246897220612e-02,7.735759019851684570e-02,-5.554970502853393555e-01,5.378383398056030273e-01,2.846286594867706299e-01,1.112813409417867661e-02,-3.908887505531311035e-02,9.037458151578903198e-02,5.428236350417137146e-02,1.606297641992568970e-01,-1.533557078801095486e-03,-2.392024397850036621e-01,2.556289732456207275e-01,3.460763394832611084e-01,4.883857667446136475e-01,4.395473301410675049e-01,4.812916275113821030e-03,2.888644933700561523e-01,-3.370435535907745361e-01,-2.871876657009124756e-01,-2.854591012001037598e-01,5.916000604629516602e-01,3.262176811695098877e-01,-3.865841776132583618e-02,7.602337747812271118e-02,5.438901782035827637e-01,-4.944788217544555664e-01,-9.834942966699600220e-02,4.096071124076843262e-01,-3.097181953489780426e-02,1.670673638582229614e-01,-6.060184240341186523e-01,4.577301740646362305e-01,2.899036109447479248e-01,-5.850304849445819855e-03,-5.423961281776428223e-01,1.140195056796073914e-01,2.413473129272460938e-01,-2.134864032268524170e-01,-4.068255424499511719e-01,4.936864078044891357e-01,4.508160054683685303e-02,4.757903218269348145e-01,7.122696936130523682e-02,-5.963375419378280640e-02,-2.904339134693145752e-01,-5.148001313209533691e-01,-2.146707177162170410e-01,-5.623436346650123596e-02,9.570662677288055420e-02,-1.670726574957370758e-02,-6.057343259453773499e-02,1.463835239410400391e-01,-8.222235739231109619e-02,5.176868289709091187e-02,-5.141596198081970215e-01,1.630657315254211426e-01,4.556449130177497864e-02,-2.265671491622924805e-01,-3.496553897857666016e-01,-3.595805261284112930e-03,9.499318897724151611e-02,2.695476636290550232e-02,2.442644685506820679e-01,6.780707836151123047e-02,-1.191418841481208801e-01,1.890554875135421753e-01,5.048886537551879883e-01,-4.908910095691680908e-01,7.074232399463653564e-02,-3.667191565036773682e-01,1.502044349908828735e-01,-1.719395518302917480e-01,5.429108142852783203e-01,-1.063433513045310974e-01,-5.077354311943054199e-01,-9.812658652663230896e-03,6.057559847831726074e-01,-2.156464308500289917e-01,-5.161434412002563477e-01,6.671304702758789062e-01,7.175516337156295776e-03,-3.862422406673431396e-01,1.308142300695180893e-02,-4.111365675926208496e-01,-4.328444302082061768e-01,1.373138129711151123e-01,2.345895580947399139e-02,2.995220720767974854e-01,1.667466312646865845e-01,-8.457570523023605347e-02,-2.198504060506820679e-01,-5.508085489273071289e-01,2.133239358663558960e-01,-5.311738252639770508e-01,3.143585752695798874e-03,3.856218457221984863e-01,-6.510888924822211266e-04,-3.106397986412048340e-01,1.502720564603805542e-01,-1.460784971714019775e-01,1.050309836864471436e-01,-6.118582487106323242e-01,-1.547061800956726074e-01,6.227186918258666992e-01,1.924987137317657471e-01,-5.540255308151245117e-01,-5.443391799926757812e-01,-1.078728735446929932e-01,-5.432166904211044312e-02,5.532085895538330078e-01,-3.695683479309082031e-01,-5.325237512588500977e-01,-4.807570949196815491e-02,5.385809540748596191e-01,-4.561462402343750000e-01,1.529106497764587402e-01,1.399895548820495605e-01,-5.658239126205444336e-01,2.149212509393692017e-01,2.441805005073547363e-01,4.854836165904998779e-01,5.054771900177001953e-01,-2.866803407669067383e-01,-4.080332517623901367e-01,-3.030734062194824219e-01,2.337569743394851685e-02,2.589780688285827637e-01
2.537138462066650391e-01,8.110997080802917480e-02,-5.217587351799011230e-01,2.846286594867706299e-01,4.386296868324279785e-01,-1.784536689519882202e-01,4.178887978196144104e-02,2.966309189796447754e-01,1.017628386616706848e-01,1.625330299139022827e-01,1.948808133602142334e-02,-2.195174694061279297e-01,4.315770864486694336e-01,2.437831759452819824e-01,5.594412088394165039e-01,5.016307830810546875e-01,-5.372555460780858994e-04,2.098416537046432495e-01,-1.921194642782211304e-01,-2.789999246597290039e-01,-1.033849567174911499e-01,4.816768765449523926e-01,2.483396381139755249e-01,4.217696562409400940e-02,5.151791498064994812e-02,5.524260401725769043e-01,-5.142855644226074219e-01,-3.650077879428863525e-01,4.656205773353576660e-01,-2.014092355966567993e-01,7.541967928409576416e-02,-4.721910059452056885e-01,3.399731814861297607e-01,2.728480696678161621e-01,-2.985139004886150360e-02,-5.243524909019470215e-01,6.284790486097335815e-02,2.577242553234100342e-01,-4.830632209777832031e-01,-3.591245412826538086e-01,4.926094114780426025e-01,5.712389573454856873e-02,4.198175668716430664e-01,7.256203144788742065e-02,2.431806176900863647e-02,-4.199236035346984863e-01,-5.848497152328491211e-01,-1.674920469522476196e-01,-1.404023729264736176e-02,1.133957803249359131e-01,-1.097686588764190674e-01,-7.695416361093521118e-02,1.416876912117004395e-01,4.393824189901351929e-02,-1.501876860857009888e-01,-5.701244473457336426e-01,1.258115768432617188e-01,5.184983089566230774e-02,-3.140828311443328857e-01,-2.670278847217559814e-01,9.938346594572067261e-02,2.061642147600650787e-02,2.016564086079597473e-02,2.159965932369232178e-01,1.823298633098602295e-02,-1.073847264051437378e-01,1.600244194269180298e-01,5.500639677047729492e-01,-4.564721882343292236e-01,1.918645054101943970e-01,-4.244720637798309326e-01,-4.985349997878074646e-02,-5.578504130244255066e-02,5.138743519783020020e-01,-1.439833194017410278e-01,-5.036622881889343262e-01,-1.769625581800937653e-02,5.893708467483520508e-01,-7.323498278856277466e-02,-4.628576934337615967e-01,4.773971438407897949e-01,6.186365615576505661e-03,-4.838026165962219238e-01,1.056707091629505157e-02,-4.412811398506164551e-01,-5.229163169860839844e-01,3.579340577125549316e-01,2.540238946676254272e-02,3.207042813301086426e-01,1.623784005641937256e-01,-1.764010787010192871e-01,-6.999222189188003540e-02,-3.040813505649566650e-01,1.523716840893030167e-02,-4.247807264328002930e-01,-6.257459521293640137e-02,4.709410369396209717e-01,-6.707037100568413734e-04,-3.973029255867004395e-01,2.509823441505432129e-01,-1.605379432439804077e-01,3.088307380676269531e-01,-4.959597289562225342e-01,-1.599583774805068970e-01,5.441322922706604004e-01,9.072963893413543701e-02,-2.726944088935852051e-01,-4.495212733745574951e-01,-3.052469193935394287e-01,-3.762006387114524841e-02,2.578570544719696045e-01,-1.171363592147827148e-01,-4.094920456409454346e-01,-2.394160181283950806e-01,6.186717152595520020e-01,-5.332888364791870117e-01,3.685129582881927490e-01,1.050579547882080078e-01,-5.952898859977722168e-01,1.352430731058120728e-01,2.433277815580368042e-01,4.321354627609252930e-01,5.251746773719787598e-01,-2.502421736717224121e-01,-3.116615712642669678e-01,-2.629412412643432617e-01,1.114987861365079880e-02,2.453499883413314819e-01
-1.528787612915039062e-01,-2.529957331717014313e-02,1.200006082653999329e-01,1.112813409417867661e-02,-1.784536689519882202e-01,2.630183696746826172e-01,-4.807216301560401917e-02,-7.949566096067428589e-02,-1.501173824071884155e-01,-7.955317944288253784e-02,2.195437066256999969e-02,6.354521214962005615e-02,-2.207418084144592285e-01,1.217926014214754105e-02,-1.934431940317153931e-01,-1.838967204093933105e-01,-5.868040490895509720e-03,-5.282430350780487061e-02,3.469291701912879944e-02,5.783733725547790527e-02,1.016643270850181580e-01,-9.939071536064147949e-02,7.529475726187229156e-03,-4.363577347248792648e-03,-2.066860347986221313e-02,-2.510772645473480225e-01,1.609035432338714600e-01,1.898888200521469116e-01,-8.844745159149169922e-02,5.922755599021911621e-02,6.425335258245468140e-02,1.612024903297424316e-01,-1.447442024946212769e-01,-5.216595251113176346e-03,6.520222872495651245e-03,1.579677015542984009e-01,-4.649259615689516068e-03,-1.028342619538307190e-01,2.334049642086029053e-01,4.426680877804756165e-02,-2.457202374935150146e-01,-3.230048716068267822e-02,-3.796103224158287048e-02,-1.545878499746322632e-02,7.387226074934005737e-02,1.697837561368942261e-01,2.091771066188812256e-01,3.407058492302894592e-02,-6.754501163959503174e-02,-7.522232085466384888e-02,1.502789258956909180e-01,-9.038969129323959351e-02,-7.281804829835891724e-02,-9.450910985469818115e-02,6.462702900171279907e-02,1.679397374391555786e-01,-1.029176265001296997e-02,-1.556981354951858521e-02,1.685156524181365967e-01,6.428849697113037109e-02,-2.344654127955436707e-02,-2.625425718724727631e-02,-5.135075189173221588e-03,-1.779180318117141724e-01,-1.052129082381725311e-02,5.180814489722251892e-02,-2.239073626697063446e-02,-1.748649477958679199e-01,1.476554572582244873e-01,-7.218893617391586304e-02,1.576005369424819946e-01,-9.102525562047958374e-02,1.046268269419670105e-02,-1.815391927957534790e-01,1.066918298602104187e-01,1.611900031566619873e-01,1.004375703632831573e-02,-1.834495961666107178e-01,2.306654118001461029e-02,1.551439762115478516e-01,-1.145347282290458679e-01,-1.442189328372478485e-03,1.376769989728927612e-01,-7.437834050506353378e-03,1.902233362197875977e-01,2.109425812959671021e-01,-1.464210152626037598e-01,-7.771188858896493912e-03,-1.939285546541213989e-01,-6.011138856410980225e-02,8.629982173442840576e-02,-6.270211655646562576e-03,5.178539827466011047e-02,4.888075217604637146e-02,1.539093255996704102e-01,1.056288834661245346e-02,-1.063132956624031067e-01,2.491890045348554850e-04,1.149037927389144897e-01,-1.926298290491104126e-01,2.195478603243827820e-02,-2.321354299783706665e-01,1.576113402843475342e-01,6.066834181547164917e-02,-2.039203345775604248e-01,8.132557570934295654e-02,5.656554922461509705e-02,1.074727252125740051e-01,2.316363453865051270e-01,1.494257524609565735e-02,-1.332213915884494781e-02,-6.089269742369651794e-02,8.081990480422973633e-02,1.373513191938400269e-01,-1.762520074844360352e-01,2.421188503503799438e-01,-1.450148671865463257e-01,-3.107101423665881157e-03,2.001171261072158813e-01,-3.632429614663124084e-02,-6.922315806150436401e-02,-1.492563933134078979e-01,-1.975903511047363281e-01,1.038720905780792236e-01,1.589952595531940460e-02,1.127855181694030762e-01,-1.209961064159870148e-02,-5.979934707283973694e-02
1.181293204426765442e-01,-6.693934556096792221e-03,-2.444429881870746613e-02,-3.908887505531311035e-02,4.178887978196144104e-02,-4.807216301560401917e-02,1.120976209640502930e-01,9.289962053298950195e-02,1.483877003192901611e-02,2.327852323651313782e-02,-3.805884346365928650e-02,-5.448680836707353592e-03,2.457970194518566132e-02,-2.629636973142623901e-02,3.828793391585350037e-02,2.570313401520252228e-03,6.233267020434141159e-03,-7.697717100381851196e-02,2.113078907132148743e-02,-2.060845121741294861e-02,1.875308714807033539e-02,-2.919120341539382935e-02,-1.098764874041080475e-02,-2.278529666364192963e-02,-3.719202475622296333e-03,-9.729238227009773254e-03,1.609531231224536896e-02,-6.985300779342651367e-02,3.394697234034538269e-02,-1.162203252315521240e-01,-7.933380454778671265e-02,1.428932417184114456e-02,1.640233397483825684e-02,-1.789503917098045349e-02,-1.122042536735534668e-02,2.468092367053031921e-02,-2.002585120499134064e-02,1.831606961786746979e-02,-1.337060630321502686e-01,-4.730081930756568909e-02,5.525031685829162598e-02,2.606205083429813385e-02,-8.157414197921752930e-02,2.248534932732582092e-03,-1.066316477954387665e-02,-5.207994580268859863e-02,-5.767959356307983398e-02,-8.344852365553379059e-03,5.806472525000572205e-02,7.456223829649388790e-04,-4.595803841948509216e-02,3.780501708388328552e-02,2.622337825596332550e-02,1.212567463517189026e-02,-4.670247808098793030e-02,-2.219781279563903809e-02,-6.330202799290418625e-03,3.051366191357374191e-03,-3.464532271027565002e-02,2.095189504325389862e-02,-1.114027667790651321e-02,2.666942030191421509e-02,1.739346073009073734e-03,7.820278406143188477e-02,5.215998273342847824e-03,-1.852097921073436737e-04,-4.679562151432037354e-02,1.411208417266607285e-02,2.690770477056503296e-02,4.295796900987625122e-02,-7.470098137855529785e-02,-3.483707830309867859e-02,5.995933338999748230e-02,1.973182521760463715e-02,-4.177501425147056580e-02,-5.413258075714111328e-02,-2.015326404944062233e-03,2.853211201727390289e-02,-4.332271218299865723e-02,-1.521266344934701920e-02,8.893344202078878880e-04,9.764747119334060699e-06,-2.721137739717960358e-02,-1.865238649770617485e-03,-9.159304946660995483e-02,3.041864745318889618e-02,1.204522848129272461e-01,-1.935401349328458309e-03,-2.213384024798870087e-03,2.374948002398014069e-02,-5.307639017701148987e-02,3.504086658358573914e-02,6.396607309579849243e-02,-6.933963298797607422e-02,-3.186818212270736694e-03,-7.572776824235916138e-02,3.394741564989089966e-02,-9.940506424754858017e-05,-2.295717597007751465e-02,1.348181366920471191e-01,-3.424050286412239075e-02,1.434688717126846313e-01,1.777226664125919342e-02,-1.181503105908632278e-02,2.359100989997386932e-02,7.362876832485198975e-02,2.251377701759338379e-02,5.084519833326339722e-02,-1.229185909032821655e-01,4.266630858182907104e-03,-1.081554666161537170e-01,5.948683246970176697e-03,6.145135685801506042e-02,1.855130866169929504e-02,1.881042867898941040e-02,-5.059462413191795349e-02,9.336899220943450928e-02,9.571767877787351608e-04,-7.322984933853149414e-02,-1.577095314860343933e-02,1.671698130667209625e-02,3.581434860825538635e-02,3.120519779622554779e-02,1.605825498700141907e-02,4.011734575033187866e-02,-5.244149640202522278e-02,1.673235930502414703e-02,5.495968833565711975e-02
3.990095257759094238e-01,3.332271799445152283e-02,-2.614170610904693604e-01,9.037458151578903198e-02,2.966309189796447754e-01,-7.949566096067428589e-02,9.289962053298950195e-02,4.590866863727569580e-01,1.240107044577598572e-02,6.483672559261322021e-02,-3.301183227449655533e-03,-1.158940643072128296e-01,2.132497429847717285e-01,2.352272421121597290e-01,3.460555672645568848e-01,2.600681185722351074e-01,-1.572836074046790600e-03,1.924417912960052490e-02,1.956804096698760986e-02,-1.291964203119277954e-01,7.372220605611801147e-02,1.996898502111434937e-01,1.211115121841430664e-01,2.516478486359119415e-02,5.451572127640247345e-03,1.639894545078277588e-01,-1.883347183465957642e-01,-3.125668168067932129e-01,2.872902750968933105e-01,-2.474448084831237793e-01,-3.912686556577682495e-02,-1.295104622840881348e-01,6.427481770515441895e-02,1.787074506282806396e-01,-4.468996450304985046e-02,-2.419338375329971313e-01,-1.803131191991269588e-03,1.234931796789169312e-01,-4.342912435531616211e-01,-3.572072088718414307e-01,2.221535742282867432e-01,5.815685540437698364e-02,1.460119485855102539e-01,4.300852119922637939e-02,1.605606079101562500e-01,-2.488533854484558105e-01,-3.483405113220214844e-01,-1.128785163164138794e-01,-1.638472895137965679e-03,2.402481064200401306e-02,-5.355849117040634155e-02,-1.170729622244834900e-01,9.806489944458007812e-02,-3.638580441474914551e-02,-1.864747107028961182e-01,-3.295017480850219727e-01,9.569784253835678101e-02,3.304580599069595337e-02,-9.821452200412750244e-02,-1.043524444103240967e-01,9.482207894325256348e-02,-3.010047413408756256e-02,1.094657368957996368e-02,2.658605203032493591e-02,-8.303631097078323364e-03,-2.225724048912525177e-02,6.324523594230413437e-03,2.932642996311187744e-01,-2.047811746597290039e-01,1.524764150381088257e-01,-2.923041582107543945e-01,-2.134508192539215088e-01,5.499542504549026489e-02,2.594583928585052490e-01,-7.315959036350250244e-02,-2.610541284084320068e-01,-9.068172425031661987e-03,2.786769866943359375e-01,-7.623784989118576050e-02,-1.986858993768692017e-01,1.637684404850006104e-01,3.211225615814328194e-03,-3.322665095329284668e-01,-1.215309966937638819e-04,-2.961203157901763916e-01,-2.218735814094543457e-01,3.169708251953125000e-01,1.112196780741214752e-02,4.875848814845085144e-02,9.217262268066406250e-02,-1.434857845306396484e-01,3.933143988251686096e-02,1.564179919660091400e-02,-1.375986337661743164e-01,-1.390943080186843872e-01,-1.711759865283966064e-01,3.548866808414459229e-01,-3.918879374396055937e-04,-2.729178071022033691e-01,2.213688045740127563e-01,-1.407177895307540894e-01,2.537786364555358887e-01,-1.715728044509887695e-01,-7.976815104484558105e-02,1.605553627014160156e-01,1.947440654039382935e-01,4.806629195809364319e-02,-1.543781906366348267e-01,-2.515590786933898926e-01,4.973762203007936478e-03,1.169130206108093262e-02,3.996013104915618896e-02,-1.489340066909790039e-01,-2.096225172281265259e-01,3.617075979709625244e-01,-2.532436847686767578e-01,3.791437149047851562e-01,2.387733012437820435e-02,-4.045618474483489990e-01,1.584130525588989258e-02,7.591162621974945068e-02,2.227043956518173218e-01,2.490303963422775269e-01,-3.639405360445380211e-03,-1.057987809181213379e-01,-1.324120759963989258e-01,-8.308235555887222290e-03,1.491505652666091919e-01
1.035878062248229980e-01,1.898502930998802185e-02,-1.155737563967704773e-01,5.428236350417137146e-02,1.017628386616706848e-01,-1.501173824071884155e-01,1.483877003192901611e-02,1.240107044577598572e-02,1.269732117652893066e-01,6.603580713272094727e-02,-2.922540158033370972e-02,-5.943598970770835876e-02,1.230819523334503174e-01,7.455296814441680908e-02,1.505253463983535767e-01,1.308144778013229370e-01,7.420370820909738541e-03,5.283391848206520081e-02,-5.218097567558288574e-02,-5.098913609981536865e-02,-1.776222139596939087e-01,1.146901547908782959e-01,2.834809385240077972e-02,-1.607654243707656860e-02,2.352515794336795807e-02,1.925080120563507080e-01,-1.141810640692710876e-01,-8.329893648624420166e-02,4.355209320783615112e-02,-3.052660729736089706e-03,-4.215946421027183533e-02,-1.869112104177474976e-01,1.566408127546310425e-01,2.015608362853527069e-02,1.785608037607744336e-04,-1.359202712774276733e-01,1.704532094299793243e-02,7.329630851745605469e-02,-1.051348522305488586e-01,-9.345746785402297974e-02,2.000305205583572388e-01,3.017471358180046082e-02,4.047857224941253662e-02,1.251372601836919785e-02,-9.702804684638977051e-02,-1.010158881545066833e-01,-1.492766290903091431e-01,-5.104168131947517395e-02,4.051304981112480164e-02,4.905539005994796753e-02,-1.037149280309677124e-01,7.005171477794647217e-02,7.455980777740478516e-02,2.441141009330749512e-02,1.195870153605937958e-02,-1.215236932039260864e-01,2.293945290148258209e-02,1.062764879316091537e-02,-9.266614913940429688e-02,-7.817631959915161133e-02,-1.472050696611404419e-02,5.054434388875961304e-02,7.651378400623798370e-03,1.605888158082962036e-01,1.409972645342350006e-02,-4.086990281939506531e-02,1.481712795794010162e-02,1.375771760940551758e-01,-1.336350440979003906e-01,2.586388774216175079e-02,-1.097295656800270081e-01,1.287000477313995361e-01,-4.610420390963554382e-02,1.626487523317337036e-01,-8.063521236181259155e-02,-1.341566741466522217e-01,-5.268676206469535828e-03,1.592812091112136841e-01,-7.198359072208404541e-02,-1.451928913593292236e-01,1.596278548240661621e-01,1.666616415604948997e-03,-8.849340677261352539e-02,5.427740048617124557e-03,-1.569202095270156860e-01,-1.310435980558395386e-01,6.347650289535522461e-02,4.815750289708375931e-03,1.426779180765151978e-01,5.038372799754142761e-02,-4.029953107237815857e-02,-4.723379388451576233e-02,-1.027677133679389954e-01,2.154461853206157684e-02,-1.507409512996673584e-01,-1.601853780448436737e-02,7.049479335546493530e-02,-2.058329555438831449e-04,-8.523371070623397827e-02,1.356262266635894775e-01,-2.050205878913402557e-02,1.323069483041763306e-01,-1.653350889682769775e-01,-4.612468183040618896e-02,1.678006798028945923e-01,-7.306104525923728943e-03,-1.283134520053863525e-01,-1.009491160511970520e-01,-1.364346444606781006e-01,-1.606724038720130920e-02,1.336541473865509033e-01,-3.211628273129463196e-02,-1.026121303439140320e-01,-6.617940962314605713e-02,1.075498610734939575e-01,-1.703642904758453369e-01,8.094438165426254272e-02,-7.176432409323751926e-04,-1.746877878904342651e-01,5.646798014640808105e-02,3.048726357519626617e-02,1.458812355995178223e-01,1.630568802356719971e-01,-8.829703927040100098e-02,-4.857251793146133423e-02,-1.352667957544326782e-01,1.429933775216341019e-02,4.764301329851150513e-02
6.500816345214843750e-02,3.471655398607254028e-02,-2.534916996955871582e-01,1.606297641992568970e-01,1.625330299139022827e-01,-7.955317944288253784e-02,2.327852323651313782e-02,6.483672559261322021e-02,6.603580713272094727e-02,8.853124082088470459e-02,3.594278125092387199e-03,-1.083390787243843079e-01,1.897585541009902954e-01,1.079246997833251953e-01,2.476153969764709473e-01,2.243658602237701416e-01,4.428632091730833054e-03,9.239232540130615234e-02,-1.273630410432815552e-01,-1.380120515823364258e-01,-9.965550154447555542e-02,2.436037808656692505e-01,1.333523392677307129e-01,-1.841664128005504608e-02,3.217222541570663452e-02,2.860072255134582520e-01,-2.440491616725921631e-01,-1.137984097003936768e-01,2.104089111089706421e-01,-6.165498867630958557e-02,3.184615820646286011e-02,-2.699988782405853271e-01,1.985981762409210205e-01,1.264643371105194092e-01,-8.959595113992691040e-03,-2.530779540538787842e-01,3.761412948369979858e-02,1.263556480407714844e-01,-1.849682927131652832e-01,-1.446914225816726685e-01,2.498118579387664795e-01,2.387651056051254272e-02,1.837928593158721924e-01,3.257390856742858887e-02,-3.708717599511146545e-02,-1.998353451490402222e-01,-2.694945037364959717e-01,-7.516847550868988037e-02,7.932058535516262054e-03,2.711580693721771240e-02,-5.707504600286483765e-02,1.733327633701264858e-03,6.779507547616958618e-02,9.730534628033638000e-03,-3.269042819738388062e-02,-2.552643120288848877e-01,6.092504039406776428e-02,2.365409024059772491e-02,-1.374904066324234009e-01,-1.363546401262283325e-01,1.394273433834314346e-02,4.481022059917449951e-02,1.066396478563547134e-02,1.426168084144592285e-01,1.700291410088539124e-02,-5.999725684523582458e-02,6.792302429676055908e-02,2.384877651929855347e-01,-2.262558788061141968e-01,5.453334376215934753e-02,-1.941990703344345093e-01,2.973594516515731812e-02,-5.099048092961311340e-02,2.608593106269836426e-01,-7.122407108545303345e-02,-2.290821522474288940e-01,-7.711439393460750580e-03,2.998277246952056885e-01,-5.369547754526138306e-02,-2.458546310663223267e-01,2.750136256217956543e-01,3.186422400176525116e-03,-1.920889765024185181e-01,5.964261014014482498e-03,-2.041806131601333618e-01,-2.263529598712921143e-01,1.309968680143356323e-01,1.144528016448020935e-02,1.761487275362014771e-01,8.598123490810394287e-02,-6.449174880981445312e-02,-5.693096294999122620e-02,-1.905337423086166382e-01,4.221756011247634888e-02,-2.340528964996337891e-01,-1.520110666751861572e-02,1.694455593824386597e-01,-3.327465674374252558e-04,-1.682027727365493774e-01,1.280351430177688599e-01,-7.777439057826995850e-02,1.437966972589492798e-01,-2.679424583911895752e-01,-7.883347570896148682e-02,3.009923100471496582e-01,3.542802110314369202e-02,-1.983103007078170776e-01,-2.245522439479827881e-01,-1.195312216877937317e-01,-2.434184029698371887e-02,1.735527068376541138e-01,-1.135532557964324951e-01,-2.052763849496841431e-01,-4.090578481554985046e-02,2.619691193103790283e-01,-2.563751637935638428e-01,1.254368871450424194e-01,6.710753589868545532e-02,-2.749121487140655518e-01,8.306110650300979614e-02,1.179476007819175720e-01,2.185214608907699585e-01,2.525594234466552734e-01,-1.327658593654632568e-01,-1.706967204809188843e-01,-1.610188335180282593e-01,1.985619962215423584e-02,1.202872544527053833e-01
-8.142188191413879395e-02,1.235265284776687622e-02,-6.473572552204132080e-02,-1.533557078801095486e-03,1.948808133602142334e-02,2.195437066256999969e-02,-3.805884346365928650e-02,-3.301183227449655533e-03,-2.922540158033370972e-02,3.594278125092387199e-03,8.014099299907684326e-02,-2.366275340318679810e-02,9.930799156427383423e-02,-1.263378746807575226e-02,4.244380071759223938e-02,7.533016055822372437e-02,-5.226358305662870407e-03,2.657775953412055969e-02,-3.045659326016902924e-02,-5.029739812016487122e-02,1.277591139078140259e-01,7.116551697254180908e-02,7.815938442945480347e-02,5.996845196932554245e-03,2.374512609094381332e-03,8.828667551279067993e-02,-1.097417920827865601e-01,-2.895726449787616730e-02,1.285562813282012939e-01,4.985203850083053112e-05,7.371871173381805420e-02,-3.474184125661849976e-02,-3.251504153013229370e-02,1.011258512735366821e-01,-7.849904708564281464e-03,-9.728604555130004883e-02,1.109651476144790649e-02,3.355326503515243530e-02,-4.094122350215911865e-02,6.781445443630218506e-02,-2.529889158904552460e-02,-3.218071907758712769e-02,1.289091110229492188e-01,1.145876757800579071e-02,7.116962224245071411e-02,-1.102863922715187073e-01,-5.786263570189476013e-02,3.165034204721450806e-02,-4.044294357299804688e-02,-7.615658640861511230e-02,3.837729617953300476e-02,-6.478217244148254395e-02,-4.416995123028755188e-02,2.558984234929084778e-02,-7.262919098138809204e-02,-8.615723252296447754e-02,2.088210359215736389e-02,1.016854960471391678e-02,-1.549618225544691086e-02,-2.020203694701194763e-02,5.450308695435523987e-02,-3.039090707898139954e-02,-2.766015008091926575e-03,-8.783699572086334229e-02,-2.422608248889446259e-02,-1.376324892044067383e-02,4.502041265368461609e-02,3.856168314814567566e-02,-8.383158594369888306e-02,-6.852594204246997833e-03,-1.447441708296537399e-02,-1.375406235456466675e-01,-1.694474183022975922e-02,5.289770290255546570e-02,3.511455282568931580e-02,2.016553469002246857e-02,-3.211428178474307060e-03,8.550851047039031982e-02,1.271915584802627563e-01,-5.552117154002189636e-02,1.707110181450843811e-02,9.069394436664879322e-04,-6.001869961619377136e-02,6.499002338387072086e-04,5.820967629551887512e-02,-1.069073677062988281e-01,2.125808782875537872e-02,6.791959982365369797e-03,5.010531842708587646e-02,1.490488089621067047e-02,9.527166374027729034e-03,3.175737336277961731e-02,-2.276188507676124573e-02,-2.453090157359838486e-03,-2.325954660773277283e-02,3.705223649740219116e-02,1.117762085050344467e-02,-2.218534245912451297e-05,-6.872520595788955688e-02,-7.067944109439849854e-02,-3.492807969450950623e-02,-1.527036447077989578e-02,-4.960210993885993958e-02,-1.827635429799556732e-02,6.715614348649978638e-02,-9.788835048675537109e-02,3.163305297493934631e-02,-9.158597886562347412e-02,6.536489725112915039e-02,-5.848449189215898514e-03,6.996240001171827316e-03,3.475308651104569435e-03,-6.674078851938247681e-02,9.078820236027240753e-03,9.276311099529266357e-02,-4.524411633610725403e-02,1.505447644740343094e-02,6.221804395318031311e-02,-1.731884665787220001e-03,3.820518963038921356e-03,4.981345310807228088e-02,-2.510606544092297554e-03,3.331329673528671265e-02,-1.818495243787765503e-02,-1.115731522440910339e-01,1.170547865331172943e-02,2.547133713960647583e-03,1.837440999224781990e-03
-8.126606047153472900e-02,-4.912595823407173157e-02,3.529482781887054443e-01,-2.392024397850036621e-01,-2.195174694061279297e-01,6.354521214962005615e-02,-5.448680836707353592e-03,-1.158940643072128296e-01,-5.943598970770835876e-02,-1.083390787243843079e-01,-2.366275340318679810e-02,1.519116908311843872e-01,-2.476717680692672729e-01,-1.816344410181045532e-01,-3.407007753849029541e-01,-3.110922873020172119e-01,-3.221731167286634445e-03,-1.373828202486038208e-01,1.700458973646163940e-01,1.894446015357971191e-01,9.655119478702545166e-02,-3.495677411556243896e-01,-2.039141505956649780e-01,2.002693153917789459e-02,-4.158202931284904480e-02,-3.727770447731018066e-01,3.360743522644042969e-01,1.476616859436035156e-01,-3.090532422065734863e-01,7.595007866621017456e-02,-7.034932076930999756e-02,3.570873439311981201e-01,-2.423405796289443970e-01,-2.039913386106491089e-01,1.534258201718330383e-02,3.600409030914306641e-01,-5.442845448851585388e-02,-1.684149056673049927e-01,2.420320659875869751e-01,2.153545767068862915e-01,-3.090611398220062256e-01,-2.527739852666854858e-02,-2.865714132785797119e-01,-4.711546748876571655e-02,4.100701306015253067e-03,2.701209783554077148e-01,3.660054504871368408e-01,1.048199534416198730e-01,1.705565862357616425e-02,-1.706030778586864471e-02,4.656197875738143921e-02,4.056445136666297913e-02,-8.092088252305984497e-02,9.602600708603858948e-03,5.334179848432540894e-02,3.592512011528015137e-01,-9.788535535335540771e-02,-3.408003225922584534e-02,1.598480492830276489e-01,1.927643716335296631e-01,-3.452741354703903198e-02,-4.313984513282775879e-02,-1.415984332561492920e-02,-1.364472359418869019e-01,-1.845937781035900116e-02,7.633134722709655762e-02,-1.004120111465454102e-01,-3.264996409416198730e-01,3.195377886295318604e-01,-6.766192615032196045e-02,2.577767372131347656e-01,5.753428209573030472e-03,7.572983205318450928e-02,-3.558072149753570557e-01,7.415419816970825195e-02,2.967016994953155518e-01,9.709773585200309753e-03,-4.088962078094482422e-01,5.858585610985755920e-02,3.336277008056640625e-01,-3.721610903739929199e-01,-4.547803662717342377e-03,2.758781611919403076e-01,-7.463563233613967896e-03,2.553236186504364014e-01,3.158006668090820312e-01,-1.620771586894989014e-01,-1.659747958183288574e-02,-2.154896706342697144e-01,-1.139446422457695007e-01,7.728079706430435181e-02,7.658650726079940796e-02,2.597905397415161133e-01,-5.881969630718231201e-02,3.086094558238983154e-01,1.976609602570533752e-02,-2.464402616024017334e-01,4.353341937530785799e-04,2.428564280271530151e-01,-1.347070187330245972e-01,1.138894557952880859e-01,-1.551742106676101685e-01,3.650422990322113037e-01,1.053012534976005554e-01,-3.919275999069213867e-01,-6.008296087384223938e-02,2.505775988101959229e-01,3.246968686580657959e-01,1.212368831038475037e-01,3.069534711539745331e-02,-2.569318711757659912e-01,1.542433053255081177e-01,3.023223578929901123e-01,6.305231899023056030e-02,-3.729345798492431641e-01,3.293650746345520020e-01,-1.731298416852951050e-01,-9.903822094202041626e-02,3.718694448471069336e-01,-1.110932528972625732e-01,-1.569864600896835327e-01,-2.897638380527496338e-01,-3.314794898033142090e-01,1.630333811044692993e-01,2.577197849750518799e-01,2.009462118148803711e-01,-1.980312727391719818e-02,-1.568826586008071899e-01
