5.372339487075805664e-01,2.544975467026233673e-02,4.231797158718109131e-02,-1.416341364383697510e-01,4.559974074363708496e-01,-4.268629252910614014e-01,1.086958125233650208e-01,5.347036123275756836e-01,8.190405368804931641e-02,5.986127629876136780e-02,-3.682429790496826172e-01,-3.275080025196075439e-01,-1.333122551441192627e-01,3.798842802643775940e-02,8.103547245264053345e-02,3.308042883872985840e-01,4.376779776066541672e-03,-4.588156938552856445e-02,1.364137139171361923e-02,-2.252006232738494873e-01,-2.335856407880783081e-01,-2.612312734127044678e-01,-1.938872933387756348e-01,1.780405640602111816e-01,5.474727973341941833e-02,3.218950927257537842e-01,-1.372884064912796021e-01,-4.988619685173034668e-01,1.582873463630676270e-01,-1.941550374031066895e-01,-1.981983631849288940e-01,-1.745147407054901123e-01,-1.583240628242492676e-01,2.180492728948593140e-01,-1.862000674009323120e-02,-1.563031524419784546e-01,1.993252336978912354e-01,1.581333279609680176e-01,-3.658037781715393066e-01,-4.188660383224487305e-01,2.525005936622619629e-01,1.685586422681808472e-01,-1.099741086363792419e-01,6.460980325937271118e-02,-2.087536267936229706e-02,1.955946981906890869e-01,-1.255444884300231934e-01,2.933873049914836884e-02,1.784647554159164429e-01,-1.204147636890411377e-01,-2.709349691867828369e-01,-3.572335839271545410e-01,2.367403954267501831e-01,-4.367211461067199707e-02,-2.705188468098640442e-02,-2.082230299711227417e-01,2.328776568174362183e-01,5.475744139403104782e-03,4.157742857933044434e-02,2.429367154836654663e-01,-1.228094846010208130e-01,2.343040406703948975e-01,-4.312793258577585220e-03,3.335266113281250000e-01,1.746378988027572632e-01,-6.448193639516830444e-02,-3.893557786941528320e-01,2.223383635282516479e-01,-1.379583179950714111e-01,4.288172423839569092e-01,-3.600988388061523438e-01,2.247327715158462524e-01,-1.141751632094383240e-01,2.741039916872978210e-02,-3.046524822711944580e-01,-2.644907236099243164e-01,6.004323367960751057e-04,1.043843626976013184e-01,1.039589717984199524e-01,-6.950574368238449097e-02,1.640754938125610352e-01,8.608583812019787729e-06,-2.672779262065887451e-01,-4.334337078034877777e-03,-3.883352875709533691e-01,3.594785183668136597e-02,4.290585219860076904e-01,3.211141331121325493e-03,-4.037020727992057800e-02,2.301277667284011841e-01,-1.679724007844924927e-01,3.802963793277740479e-01,9.923759102821350098e-02,-2.533096373081207275e-01,-1.165635660290718079e-01,-3.768309950828552246e-01,1.311222370713949203e-02,-1.426694689143914729e-05,-2.279352098703384399e-01,1.880591958761215210e-01,-4.787309169769287109e-01,5.084235668182373047e-01,-8.566060662269592285e-02,-2.469072639942169189e-01,4.607613664120435715e-03,9.298826009035110474e-02,1.799769699573516846e-01,8.346325904130935669e-02,-5.182827115058898926e-01,1.982183195650577545e-02,-7.379189878702163696e-02,1.511818915605545044e-01,-2.623467298690229654e-04,-8.415292203426361084e-02,1.777570694684982300e-01,-1.688760071992874146e-01,4.129385054111480713e-01,-1.959071755409240723e-01,-2.332286238670349121e-01,-1.267621964216232300e-01,-7.172410935163497925e-02,1.047309264540672302e-01,9.510464221239089966e-02,3.542891144752502441e-01,-1.650800257921218872e-01,2.029635310173034668e-01,4.009439144283533096e-03,2.418488264083862305e-01
2.544975467026233673e-02,1.275794673711061478e-02,-8.996602147817611694e-02,6.153046339750289917e-02,7.052081823348999023e-02,-1.981507800519466400e-02,-5.769198294728994370e-03,5.740305408835411072e-02,7.569772750139236450e-02,7.973564416170120239e-02,-8.202292025089263916e-03,-5.554847046732902527e-02,8.407595753669738770e-02,7.324045896530151367e-02,8.535603433847427368e-02,1.109108924865722656e-01,-1.310937223024666309e-03,7.477156072854995728e-02,-8.640182763338088989e-02,-5.866113677620887756e-02,-3.922564536333084106e-02,4.936603084206581116e-02,6.234205141663551331e-02,-2.470897696912288666e-02,1.791018247604370117e-02,9.898156672716140747e-02,-8.401382714509963989e-02,-6.331848353147506714e-02,9.885647147893905640e-02,-4.878463596105575562e-02,8.126433938741683960e-03,-1.001905798912048340e-01,4.517038539052009583e-02,7.555674761533737183e-02,-3.686994081363081932e-03,-1.076685190200805664e-01,8.426541835069656372e-02,9.605887532234191895e-02,-9.968744963407516479e-02,-6.612816452980041504e-02,8.620344847440719604e-02,3.717439016327261925e-03,8.249661326408386230e-02,5.441946536302566528e-02,-6.918158847838640213e-03,-7.989934831857681274e-02,-8.551091700792312622e-02,-2.723097428679466248e-02,-2.073185704648494720e-02,-1.111322455108165741e-02,2.208678197348490357e-04,-3.174673020839691162e-02,6.294079124927520752e-02,1.706152805127203465e-03,-4.159265011548995972e-02,-1.004533544182777405e-01,4.791188612580299377e-02,3.291159868240356445e-03,-8.824040740728378296e-02,-4.771276563405990601e-02,1.093216706067323685e-02,-2.612632513046264648e-02,2.234112704172730446e-03,3.463789075613021851e-02,8.166556246578693390e-03,-3.317113220691680908e-02,3.924047201871871948e-02,1.058842167258262634e-01,-9.307803213596343994e-02,4.653339833021163940e-02,-9.149207174777984619e-02,-3.235157951712608337e-02,-3.003155812621116638e-02,8.996291458606719971e-02,-6.014711782336235046e-02,-9.650370478630065918e-02,-3.613804874476045370e-04,9.792593121528625488e-02,-1.472461409866809845e-02,-8.662489056587219238e-02,8.760786801576614380e-02,4.766026540892198682e-05,-8.729141205549240112e-02,-1.770072703948244452e-04,-9.971866011619567871e-02,-8.496906608343124390e-02,5.895816162228584290e-02,1.128396601416170597e-03,8.448228240013122559e-02,7.820277661085128784e-02,-8.915831334888935089e-03,-1.059201546013355255e-02,-7.337979972362518311e-02,6.660571089014410973e-04,-8.819659799337387085e-02,-1.484501920640468597e-02,6.899158656597137451e-02,-1.920565750879177358e-07,-8.223275095224380493e-02,9.225106239318847656e-02,-4.491949453949928284e-02,6.928246468305587769e-02,-9.267460554838180542e-02,-9.694129228591918945e-02,9.848622977733612061e-02,-1.778099499642848969e-02,-7.152557373046875000e-02,-9.750121086835861206e-02,-3.872051835060119629e-02,6.312980258371680975e-05,5.661218985915184021e-02,-6.905506551265716553e-02,-8.703207224607467651e-02,-2.207389846444129944e-02,9.584295004606246948e-02,-8.929979056119918823e-02,6.826370954513549805e-02,5.871977657079696655e-02,-9.974762052297592163e-02,5.186444520950317383e-02,8.991546183824539185e-02,7.746276259422302246e-02,7.342634350061416626e-02,-4.500658437609672546e-02,-4.516557604074478149e-02,-4.083427786827087402e-02,-5.463602952659130096e-03,7.630696147680282593e-02
4.231797158718109131e-02,-8.996602147817611694e-02,8.014079928398132324e-01,-7.010542154312133789e-01,-3.996456861495971680e-01,-4.658212140202522278e-02,6.671860069036483765e-02,-2.431163787841796875e-01,-6.359628438949584961e-01,-6.559613943099975586e-01,3.307444974780082703e-02,3.697334527969360352e-01,-6.751330494880676270e-01,-6.906442046165466309e-01,-7.499441504478454590e-01,-7.226402163505554199e-01,1.173486001789569855e-02,-6.360039710998535156e-01,7.677143812179565430e-01,5.180732011795043945e-01,3.272859156131744385e-01,-6.046564579010009766e-01,-6.730660796165466309e-01,2.636130452156066895e-01,-1.625039875507354736e-01,-6.273286938667297363e-01,6.867046952247619629e-01,2.491925209760665894e-01,-7.515091300010681152e-01,3.085827529430389404e-01,-1.158438101410865784e-01,7.748034596443176270e-01,-5.316599607467651367e-01,-6.559734940528869629e-01,2.313585951924324036e-02,7.766332030296325684e-01,-6.419473886489868164e-01,-7.692250013351440430e-01,5.854544043540954590e-01,4.791198968887329102e-01,-6.564157605171203613e-01,-4.019468650221824646e-02,-7.537192702293395996e-01,-4.772247970104217529e-01,9.820886701345443726e-02,7.634974122047424316e-01,7.459725141525268555e-01,2.433105260133743286e-01,1.892117708921432495e-01,1.429006457328796387e-01,-8.059851080179214478e-02,1.059250459074974060e-01,-5.366830825805664062e-01,-1.669803261756896973e-02,2.904125452041625977e-01,7.565571665763854980e-01,-4.613626897335052490e-01,-2.999466843903064728e-02,7.549023628234863281e-01,6.096796393394470215e-01,-1.332629173994064331e-01,2.709700465202331543e-01,-2.574928291141986847e-02,-1.232379823923110962e-01,-4.931156057864427567e-03,2.940492928028106689e-01,-3.983006179332733154e-01,-7.518571019172668457e-01,7.441782951354980469e-01,-1.682194620370864868e-01,6.375041604042053223e-01,3.034533262252807617e-01,3.345590829849243164e-01,-7.811457514762878418e-01,4.275018870830535889e-01,6.933314800262451172e-01,2.982250880450010300e-03,-8.009135723114013672e-01,2.691654860973358154e-01,7.467690110206604004e-01,-7.381258010864257812e-01,-4.936099285259842873e-04,6.760182976722717285e-01,-2.504497999325394630e-03,6.571233272552490234e-01,7.812623977661132812e-01,-2.932750284671783447e-01,-8.077559061348438263e-03,-7.142237424850463867e-01,-6.415607333183288574e-01,6.241082027554512024e-02,2.745828032493591309e-01,7.147358059883117676e-01,-1.902427822351455688e-01,7.373563647270202637e-01,-6.022638455033302307e-02,-5.712317824363708496e-01,-3.571863999241031706e-06,5.992244482040405273e-01,-6.629397273063659668e-01,2.524252235889434814e-01,-3.100087940692901611e-01,7.872627377510070801e-01,7.157939672470092773e-01,-8.256555795669555664e-01,-1.540280878543853760e-02,7.075577974319458008e-01,8.021454215049743652e-01,6.045454740524291992e-02,1.341015659272670746e-02,-5.962836146354675293e-01,7.309020161628723145e-01,7.856405973434448242e-01,-3.617214784026145935e-02,-7.715337872505187988e-01,7.144305706024169922e-01,-3.438797593116760254e-01,-6.409904956817626953e-01,7.536714673042297363e-01,-6.002255082130432129e-01,-7.621786594390869141e-01,-6.876548528671264648e-01,-6.712495684623718262e-01,5.398061871528625488e-01,4.737993478775024414e-01,5.347636938095092773e-01,1.805293187499046326e-02,-5.942022204399108887e-01
-1.416341364383697510e-01,6.153046339750289917e-02,-7.010542154312133789e-01,7.472723722457885742e-01,1.929007321596145630e-01,1.152987256646156311e-01,-4.861686006188392639e-02,1.989692077040672302e-02,6.035593748092651367e-01,4.897986948490142822e-01,-1.441276073455810547e-01,-1.930069029331207275e-01,4.724722504615783691e-01,6.271788477897644043e-01,6.538120508193969727e-01,4.968365132808685303e-01,-8.010012097656726837e-03,4.823805391788482666e-01,-7.083128094673156738e-01,-4.779260158538818359e-01,-4.112656116485595703e-01,5.791018009185791016e-01,6.121711134910583496e-01,-1.836390644311904907e-01,1.503709852695465088e-01,3.920624852180480957e-01,-5.405393838882446289e-01,2.035458385944366455e-02,5.461856722831726074e-01,-1.114063858985900879e-01,5.773515626788139343e-02,-6.949393749237060547e-01,6.419228911399841309e-01,5.837704539299011230e-01,-3.285377053543925285e-03,-5.760909914970397949e-01,4.528993070125579834e-01,6.609261631965637207e-01,-2.955545186996459961e-01,-4.092863798141479492e-01,5.927323698997497559e-01,1.453974694013595581e-01,6.279103159904479980e-01,3.394079804420471191e-01,-2.646868228912353516e-01,-6.430802941322326660e-01,-6.814316511154174805e-01,-1.827921122312545776e-01,-1.247920282185077667e-02,-9.062622487545013428e-02,8.111956715583801270e-02,1.314619034528732300e-01,5.655984282493591309e-01,-2.857152745127677917e-02,-6.667212396860122681e-02,-5.775365829467773438e-01,4.797800183296203613e-01,2.366556227207183838e-02,-6.505143046379089355e-01,-7.217916846275329590e-01,5.964177474379539490e-02,-1.469133794307708740e-01,3.017381019890308380e-02,3.352641686797142029e-02,4.945665225386619568e-02,-2.482689172029495239e-01,2.852994501590728760e-01,5.475789308547973633e-01,-6.142098903656005859e-01,-7.173343747854232788e-02,-4.634840488433837891e-01,-6.918194890022277832e-02,-4.296837151050567627e-01,6.847062110900878906e-01,-4.284459650516510010e-01,-5.232387781143188477e-01,-1.536971307359635830e-03,6.598331928253173828e-01,-4.139294028282165527e-01,-6.606386899948120117e-01,6.833902001380920410e-01,4.371035902295261621e-04,-5.296046137809753418e-01,9.839537553489208221e-03,-4.915300905704498291e-01,-6.957024335861206055e-01,4.962310567498207092e-02,3.784126602113246918e-03,5.801526308059692383e-01,5.245364308357238770e-01,-1.232566088438034058e-01,-4.279340803623199463e-01,-7.256326079368591309e-01,3.291493356227874756e-01,-6.750084161758422852e-01,1.805056631565093994e-01,3.926517665386199951e-01,3.772919853872735985e-06,-3.806242048740386963e-01,4.898379743099212646e-01,-1.082254201173782349e-01,5.683635547757148743e-02,-7.363690733909606934e-01,-5.424463152885437012e-01,7.712701559066772461e-01,2.458217740058898926e-01,-7.889263629913330078e-01,-6.584768295288085938e-01,1.371999830007553101e-01,-2.812652289867401123e-02,6.394590139389038086e-01,-7.500275373458862305e-01,-7.492893338203430176e-01,2.646771669387817383e-01,6.338233947753906250e-01,-6.271549463272094727e-01,6.998419761657714844e-02,5.552837252616882324e-01,-6.001023650169372559e-01,6.458521485328674316e-01,6.103088855743408203e-01,6.963614225387573242e-01,6.397395730018615723e-01,-5.314787030220031738e-01,-4.635744988918304443e-01,-6.039534211158752441e-01,1.583886332809925079e-02,4.448738396167755127e-01
4.559974074363708496e-01,7.052081823348999023e-02,-3.996456861495971680e-01,1.929007321596145630e-01,6.862548589706420898e-01,-3.501507937908172607e-01,5.471252650022506714e-02,7.020856142044067383e-01,3.281397521495819092e-01,4.157339632511138916e-01,-2.513326704502105713e-01,-5.526673793792724609e-01,3.251498639583587646e-01,3.680236339569091797e-01,4.682527482509613037e-01,7.451654672622680664e-01,-3.083944087848067284e-03,3.445705175399780273e-01,-3.766093552112579346e-01,-4.229985475540161133e-01,-2.343270480632781982e-01,7.024687528610229492e-02,1.727630645036697388e-01,-1.773874461650848389e-02,1.191821619868278503e-01,6.803670525550842285e-01,-5.065760016441345215e-01,-6.765075325965881348e-01,6.315792798995971680e-01,-3.997953832149505615e-01,-8.928032964468002319e-02,-5.359089374542236328e-01,2.244022488594055176e-02,5.327923893928527832e-01,-3.969016298651695251e-02,-6.036869287490844727e-01,5.622891783714294434e-01,5.495917797088623047e-01,-7.644879221916198730e-01,-5.966882705688476562e-01,5.272152423858642578e-01,7.857572287321090698e-02,3.300917446613311768e-01,3.472387492656707764e-01,8.282995223999023438e-02,-2.784606516361236572e-01,-4.934965372085571289e-01,-1.250785589218139648e-01,-6.289766728878021240e-02,-2.218056917190551758e-01,-1.984260082244873047e-01,-5.208916664123535156e-01,3.963007032871246338e-01,1.532751251943409443e-03,-3.012132644653320312e-01,-6.405324339866638184e-01,3.916476368904113770e-01,2.220760658383369446e-02,-3.628771305084228516e-01,-1.384218502789735794e-02,1.484344433993101120e-02,-1.974096149206161499e-02,2.676491159945726395e-03,3.496145009994506836e-01,1.066575124859809875e-01,-2.051198035478591919e-01,-7.872983813285827637e-02,6.549500823020935059e-01,-5.194779634475708008e-01,5.781614780426025391e-01,-7.019218206405639648e-01,-1.312818825244903564e-01,-1.540319919586181641e-01,4.450374841690063477e-01,-4.064038097858428955e-01,-6.301770210266113281e-01,-1.633760519325733185e-03,5.607823729515075684e-01,6.147561222314834595e-02,-4.424433708190917969e-01,5.094543695449829102e-01,2.609931107144802809e-04,-6.171889901161193848e-01,-7.613413035869598389e-03,-7.153597474098205566e-01,-3.885434567928314209e-01,6.342346668243408203e-01,9.058281779289245605e-03,3.439126908779144287e-01,5.550765395164489746e-01,-1.290582418441772461e-01,3.156766295433044434e-01,-2.250737994909286499e-01,-2.304911166429519653e-01,-4.676541090011596680e-01,-3.660505414009094238e-01,3.804823756217956543e-01,-9.777085324458312243e-06,-5.876027345657348633e-01,5.571762323379516602e-01,-6.130710840225219727e-01,7.024170160293579102e-01,-4.689878225326538086e-01,-6.430975198745727539e-01,4.180338382720947266e-01,-3.482605516910552979e-02,-1.197950914502143860e-01,-4.041536748409271240e-01,-5.733252167701721191e-01,2.308618091046810150e-02,1.476656943559646606e-01,-1.988815367221832275e-01,-3.962579369544982910e-01,-1.867881417274475098e-01,6.063244342803955078e-01,-4.998451173305511475e-01,6.535606384277343750e-01,1.935484707355499268e-01,-6.411135792732238770e-01,1.186754703521728516e-01,3.928242921829223633e-01,3.762577176094055176e-01,3.753102123737335205e-01,5.812287330627441406e-02,-3.634534180164337158e-01,-3.260189667344093323e-03,-2.186174318194389343e-02,5.491856336593627930e-01
-4.268629252910614014e-01,-1.981507800519466400e-02,-4.658212140202522278e-02,1.152987256646156311e-01,-3.501507937908172607e-01,3.627046942710876465e-01,-7.736268639564514160e-02,-4.098685979843139648e-01,-8.855874091386795044e-02,-3.181518986821174622e-02,2.991689145565032959e-01,2.570580244064331055e-01,1.271065324544906616e-01,-3.623655438423156738e-02,-5.668094009160995483e-02,-2.604361176490783691e-01,-3.937725909054279327e-03,4.013781622052192688e-02,-2.468777634203433990e-02,1.703837811946868896e-01,2.131729423999786377e-01,2.098457813262939453e-01,1.651443690061569214e-01,-1.553212553262710571e-01,-4.409633949398994446e-02,-2.511222362518310547e-01,9.986403584480285645e-02,3.859895467758178711e-01,-1.017600595951080322e-01,1.248747706413269043e-01,1.719739735126495361e-01,1.451497375965118408e-01,1.234673932194709778e-01,-1.629364490509033203e-01,1.350434590131044388e-02,1.178434640169143677e-01,-1.479588598012924194e-01,-1.195691525936126709e-01,2.740178704261779785e-01,3.308274447917938232e-01,-2.099208384752273560e-01,-1.395790725946426392e-01,9.724987298250198364e-02,-3.792943432927131653e-02,2.811189368367195129e-02,-1.681264340877532959e-01,9.362859278917312622e-02,-2.811605297029018402e-02,-1.569176614284515381e-01,9.955050051212310791e-02,2.241692692041397095e-01,2.563647031784057617e-01,-1.969297230243682861e-01,4.041705280542373657e-02,-3.545193467289209366e-04,1.502102017402648926e-01,-1.972408145666122437e-01,-4.013811238110065460e-03,-4.702552407979965210e-02,-1.825651824474334717e-01,1.061394661664962769e-01,-2.020786404609680176e-01,3.406821982935070992e-03,-2.549566030502319336e-01,-1.462145298719406128e-01,4.986562207341194153e-02,3.263963758945465088e-01,-1.633539795875549316e-01,1.117440387606620789e-01,-3.206798732280731201e-01,2.712673246860504150e-01,-2.117215543985366821e-01,1.114767417311668396e-01,-1.907168328762054443e-02,2.465252280235290527e-01,1.926182955503463745e-01,-5.282403435558080673e-04,-7.040518522262573242e-02,-7.289247959852218628e-02,5.771495774388313293e-02,-1.255997568368911743e-01,-5.744404006691183895e-06,2.043960094451904297e-01,2.302247565239667892e-03,3.035829663276672363e-01,-2.992022223770618439e-02,-3.214866220951080322e-01,-2.261108253151178360e-03,4.193510860204696655e-02,-1.778035163879394531e-01,1.330504864454269409e-01,-2.943857610225677490e-01,-7.451649755239486694e-02,1.918025463819503784e-01,8.969330787658691406e-02,2.899781465530395508e-01,2.317988499999046326e-02,1.013464225252391770e-05,1.684062629938125610e-01,-1.403147429227828979e-01,3.684912323951721191e-01,-3.909098505973815918e-01,7.473731786012649536e-02,1.850941479206085205e-01,5.341433454304933548e-03,-7.968648523092269897e-02,-1.425701975822448730e-01,-7.681691646575927734e-02,4.092647731304168701e-01,-1.399999111890792847e-02,3.559909760951995850e-02,-1.333084106445312500e-01,3.148087125737220049e-04,5.935319885611534119e-02,-1.295885592699050903e-01,1.293302774429321289e-01,-3.237417340278625488e-01,1.746165007352828979e-01,1.693890243768692017e-01,9.475533664226531982e-02,7.961993664503097534e-02,-8.920390903949737549e-02,-8.399869501590728760e-02,-2.869068682193756104e-01,1.327228248119354248e-01,-1.569451689720153809e-01,-1.031294651329517365e-02,-1.739223599433898926e-01
1.086958125233650208e-01,-5.769198294728994370e-03,6.671860069036483765e-02,-4.861686006188392639e-02,5.471252650022506714e-02,-7.736268639564514160e-02,5.547339096665382385e-02,8.502087742090225220e-02,-3.057699091732501984e-02,-4.102740436792373657e-02,-1.274820864200592041e-01,-4.039130359888076782e-02,-1.264531612396240234e-01,-2.595150656998157501e-02,-1.974705047905445099e-02,-4.359609913080930710e-03,2.818404464051127434e-03,-9.944244474172592163e-02,4.756193235516548157e-02,-5.992992967367172241e-02,-6.776332110166549683e-02,-9.186878055334091187e-02,-8.732865750789642334e-02,7.371123135089874268e-02,9.544287808239459991e-03,-3.368801670148968697e-03,4.224928561598062515e-03,-5.254140868782997131e-02,-2.675032243132591248e-02,-5.348270758986473083e-03,-6.511079519987106323e-02,-8.914317004382610321e-04,-4.811679199337959290e-02,4.349980130791664124e-02,-8.018101216293871403e-04,4.349729418754577637e-02,-1.370800286531448364e-02,-1.385508570820093155e-02,3.211369039490818977e-03,-9.154533594846725464e-02,1.369404420256614685e-02,7.308556139469146729e-02,-9.478098154067993164e-02,-2.429619617760181427e-02,-3.435360640287399292e-02,1.054282858967781067e-01,7.611451204866170883e-03,4.608574509620666504e-02,1.047406494617462158e-01,-4.325552284717559814e-02,-8.027973771095275879e-02,-6.041833758354187012e-02,5.182278528809547424e-02,-1.906652748584747314e-02,5.085716024041175842e-02,8.158201351761817932e-03,5.762103945016860962e-02,-7.737601408734917641e-04,7.813518494367599487e-02,6.937442719936370850e-02,-5.748895183205604553e-02,1.170439720153808594e-01,-7.436835439875721931e-04,5.944751948118209839e-02,4.608836770057678223e-02,1.808492932468652725e-03,-1.624381393194198608e-01,-2.249764651060104370e-02,2.292614988982677460e-02,5.872205644845962524e-02,-3.649493679404258728e-02,1.055274084210395813e-01,-4.820180311799049377e-02,-4.774795845150947571e-02,-4.447233676910400391e-02,-2.524563751649111509e-04,6.636566249653697014e-04,-2.772398665547370911e-02,1.555595826357603073e-02,2.953622303903102875e-02,5.719374865293502808e-03,-1.468209393351571634e-05,-2.157858014106750488e-02,-5.585093167610466480e-04,-2.935476787388324738e-02,5.548220127820968628e-02,5.508325994014739990e-02,-3.505724016577005386e-04,-7.146596908569335938e-02,2.080184221267700195e-02,-5.492485314607620239e-02,8.992186933755874634e-02,6.206564605236053467e-02,-3.166988492012023926e-02,2.299734763801097870e-02,-7.735877484083175659e-02,-6.935993582010269165e-02,-4.300256932765478268e-06,5.179582629352807999e-03,-3.965992853045463562e-02,-1.094039455056190491e-01,6.967245042324066162e-02,2.379130385816097260e-02,1.889852574095129967e-03,-4.452327638864517212e-02,9.443464875221252441e-02,6.813226640224456787e-02,1.091251820325851440e-01,-8.073406666517257690e-02,2.375071635469794273e-03,-3.186083957552909851e-02,4.765222594141960144e-02,4.883177950978279114e-02,7.128561288118362427e-02,-1.282380521297454834e-02,3.655760316178202629e-03,3.068848513066768646e-02,-9.488275647163391113e-02,3.600902389734983444e-03,-4.833938926458358765e-02,-9.322343021631240845e-02,3.415695391595363617e-04,-2.810527570545673370e-03,1.299940347671508789e-01,-6.007311120629310608e-02,4.980195313692092896e-02,1.423690374940633774e-02,1.677758432924747467e-02
5.347036123275756836e-01,5.740305408835411072e-02,-2.431163787841796875e-01,1.989692077040672302e-02,7.020856142044067383e-01,-4.098685979843139648e-01,8.502087742090225220e-02,7.827945947647094727e-01,1.785396337509155273e-01,3.145210742950439453e-01,-2.427670061588287354e-01,-5.903233885765075684e-01,2.071880698204040527e-01,2.457767277956008911e-01,3.468196690082550049e-01,6.673629283905029297e-01,-4.473444132599979639e-04,2.270303070545196533e-01,-2.097697705030441284e-01,-3.564842343330383301e-01,-1.337852925062179565e-01,-7.320445775985717773e-02,1.871869340538978577e-02,3.002292476594448090e-02,9.586119651794433594e-02,6.296089291572570801e-01,-4.225209057331085205e-01,-7.468695044517517090e-01,5.512397289276123047e-01,-4.126833379268646240e-01,-1.255165934562683105e-01,-3.932324647903442383e-01,-1.785647720098495483e-01,4.514442682266235352e-01,-4.632867500185966492e-02,-4.953480362892150879e-01,5.024048686027526855e-01,4.195671379566192627e-01,-7.486910223960876465e-01,-5.602113008499145508e-01,4.070027470588684082e-01,4.499877244234085083e-02,1.823871135711669922e-01,3.018056154251098633e-01,1.969141513109207153e-01,-1.357487738132476807e-01,-3.608393967151641846e-01,-7.915650308132171631e-02,-6.158532574772834778e-02,-2.766900956630706787e-01,-2.620947957038879395e-01,-6.480906009674072266e-01,2.781281173229217529e-01,3.398949047550559044e-03,-3.243670165538787842e-01,-5.486347675323486328e-01,3.282554149627685547e-01,1.921416260302066803e-02,-1.985174268484115601e-01,1.877174377441406250e-01,4.287596326321363449e-03,3.183310478925704956e-02,-6.239777430891990662e-03,3.594963848590850830e-01,9.346225112676620483e-02,-1.639170348644256592e-01,-1.951963305473327637e-01,5.597986578941345215e-01,-4.077763259410858154e-01,6.721304059028625488e-01,-6.493969559669494629e-01,-1.501991450786590576e-01,-6.063599884510040283e-02,3.066378831863403320e-01,-3.045941889286041260e-01,-5.391030907630920410e-01,-1.376384752802550793e-03,4.441789686679840088e-01,1.904400736093521118e-01,-3.034570515155792236e-01,3.744517266750335693e-01,1.883137301774695516e-04,-5.448477268218994141e-01,-1.188515778630971909e-02,-6.350244283676147461e-01,-2.427803874015808105e-01,7.004501223564147949e-01,9.410253725945949554e-03,2.072626799345016479e-01,4.875920712947845459e-01,-1.021490395069122314e-01,5.076147913932800293e-01,-3.742143511772155762e-02,-3.485562503337860107e-01,-3.184277117252349854e-01,-4.685233831405639648e-01,2.971485555171966553e-01,-1.143102963396813720e-05,-5.543242096900939941e-01,4.570862352848052979e-01,-6.837075352668762207e-01,7.611860036849975586e-01,-3.118068873882293701e-01,-5.603992342948913574e-01,2.356787025928497314e-01,-8.852640539407730103e-02,1.088139787316322327e-01,-2.490694224834442139e-01,-6.785491108894348145e-01,3.548045828938484192e-02,-1.279275305569171906e-02,-1.886667497456073761e-02,-2.286390364170074463e-01,-2.448570877313613892e-01,4.966876208782196045e-01,-3.715795874595642090e-01,7.050794363021850586e-01,6.840310990810394287e-02,-5.385690331459045410e-01,-5.738645419478416443e-02,2.510805130004882812e-01,2.157072126865386963e-01,2.348288595676422119e-01,2.376502603292465210e-01,-3.150286376476287842e-01,1.705064773559570312e-01,-1.802768930792808533e-02,4.988033771514892578e-01
8.190405368804931641e-02,7.569772750139236450e-02,-6.359628438949584961e-01,6.035593748092651367e-01,3.281397521495819092e-01,-8.855874091386795044e-02,-3.057699091732501984e-02,1.785396337509155273e-01,6.688650250434875488e-01,5.144752860069274902e-01,-2.070704400539398193e-01,-3.112941384315490723e-01,4.252567887306213379e-01,6.181120276451110840e-01,6.461579799652099609e-01,6.222677826881408691e-01,-6.592080928385257721e-03,4.144358932971954346e-01,-6.557955145835876465e-01,-5.377578139305114746e-01,-5.086467266082763672e-01,4.433341920375823975e-01,4.893882870674133301e-01,-1.170968264341354370e-01,1.637781411409378052e-01,5.437427759170532227e-01,-5.955391526222229004e-01,-1.818721443414688110e-01,5.621387958526611328e-01,-1.988914161920547485e-01,-4.685910418629646301e-03,-7.733289003372192383e-01,5.152134895324707031e-01,6.117835640907287598e-01,-1.009301375597715378e-02,-6.558454036712646484e-01,5.143856406211853027e-01,6.832250356674194336e-01,-4.206321537494659424e-01,-5.066343545913696289e-01,6.623587012290954590e-01,1.798491328954696655e-01,5.511159896850585938e-01,3.307382464408874512e-01,-2.725224196910858154e-01,-5.581875443458557129e-01,-6.571047306060791016e-01,-1.314941644668579102e-01,7.157482206821441650e-02,-1.293053478002548218e-01,-2.731551975011825562e-02,1.426445599645376205e-02,6.123650074005126953e-01,-5.508214607834815979e-02,-7.423204183578491211e-02,-6.231664419174194336e-01,5.074837803840637207e-01,2.288255654275417328e-02,-6.014174818992614746e-01,-5.698556900024414062e-01,3.056934801861643791e-03,-2.062414772808551788e-02,2.736613713204860687e-02,1.914085149765014648e-01,1.117391735315322876e-01,-2.568227648735046387e-01,1.645931899547576904e-01,6.176182627677917480e-01,-6.655603051185607910e-01,9.866334497928619385e-02,-5.485612154006958008e-01,7.247012690640985966e-04,-4.669416844844818115e-01,6.668748259544372559e-01,-5.062533617019653320e-01,-5.873166918754577637e-01,-1.479085534811019897e-03,6.611608862876892090e-01,-3.024107813835144043e-01,-6.715174317359924316e-01,6.914491653442382812e-01,4.057677579112350941e-04,-5.886275172233581543e-01,8.071653544902801514e-03,-6.035038232803344727e-01,-6.523216366767883301e-01,2.051973640918731689e-01,4.909671843051910400e-03,5.964472889900207520e-01,5.684140324592590332e-01,-1.376302689313888550e-01,-2.732782363891601562e-01,-6.514628529548645020e-01,2.282613515853881836e-01,-6.608543992042541504e-01,4.051951691508293152e-02,3.295657634735107422e-01,7.658280765099334531e-07,-4.639812111854553223e-01,5.268803834915161133e-01,-2.441727668046951294e-01,2.705217897891998291e-01,-7.327764034271240234e-01,-6.061601638793945312e-01,7.549737691879272461e-01,1.397163867950439453e-01,-7.001544237136840820e-01,-6.156338453292846680e-01,-6.966552883386611938e-02,-2.206776104867458344e-02,6.385717391967773438e-01,-6.464586853981018066e-01,-6.977618336677551270e-01,1.783492267131805420e-01,6.292544603347778320e-01,-6.752279996871948242e-01,2.464328259229660034e-01,4.074167609214782715e-01,-6.331616640090942383e-01,5.447882413864135742e-01,5.421497225761413574e-01,6.938853263854980469e-01,6.461822390556335449e-01,-3.703230023384094238e-01,-4.843961894512176514e-01,-5.005032420158386230e-01,1.738884113729000092e-02,5.021871328353881836e-01
5.986127629876136780e-02,7.973564416170120239e-02,-6.559613943099975586e-01,4.897986948490142822e-01,4.157339632511138916e-01,-3.181518986821174622e-02,-4.102740436792373657e-02,3.145210742950439453e-01,5.144752860069274902e-01,5.828016400337219238e-01,3.710016841068863869e-03,-3.614470064640045166e-01,6.066621541976928711e-01,5.451892614364624023e-01,6.263949871063232422e-01,7.260257601737976074e-01,-9.942500852048397064e-03,5.101813673973083496e-01,-6.317268013954162598e-01,-4.377381205558776855e-01,-2.400494068861007690e-01,4.237527251243591309e-01,5.006841421127319336e-01,-2.181604355573654175e-01,1.293609440326690674e-01,6.488247513771057129e-01,-6.233127117156982422e-01,-3.494748473167419434e-01,7.053702473640441895e-01,-3.375822603702545166e-01,1.033860072493553162e-01,-7.007747888565063477e-01,3.364897668361663818e-01,5.638825297355651855e-01,-2.550817653536796570e-02,-7.463027238845825195e-01,5.817544460296630859e-01,6.684259176254272461e-01,-6.387914419174194336e-01,-4.227641522884368896e-01,5.555422902107238770e-01,3.292740439064800739e-04,6.122263669967651367e-01,3.989681005477905273e-01,-3.210462257266044617e-02,-6.372881531715393066e-01,-6.051663160324096680e-01,-1.761838793754577637e-01,-1.638723909854888916e-01,-1.264651864767074585e-01,3.758258000016212463e-02,-2.048013210296630859e-01,4.219682514667510986e-01,2.222551591694355011e-02,-3.009774684906005859e-01,-7.049369812011718750e-01,3.365114629268646240e-01,2.374428324401378632e-02,-6.257724761962890625e-01,-3.912391662597656250e-01,1.028164029121398926e-01,-2.071017324924468994e-01,1.730755157768726349e-02,1.838687658309936523e-01,3.640214446932077408e-03,-2.363931983709335327e-01,3.283347785472869873e-01,7.145859599113464355e-01,-6.556226611137390137e-01,2.617208659648895264e-01,-6.055040359497070312e-01,-3.134809434413909912e-01,-2.232684791088104248e-01,6.539631485939025879e-01,-3.467279076576232910e-01,-6.410622596740722656e-01,-2.662241691723465919e-03,7.103314399719238281e-01,-1.113296672701835632e-01,-6.242049932479858398e-01,6.203333139419555664e-01,3.739625099115073681e-04,-6.024467349052429199e-01,-1.517737982794642448e-03,-6.291922926902770996e-01,-6.376628875732421875e-01,3.567626476287841797e-01,7.819554768502712250e-03,6.278030276298522949e-01,5.498473048210144043e-01,-2.744933776557445526e-02,-1.222706884145736694e-01,-5.376901030540466309e-01,7.426203787326812744e-02,-6.052131056785583496e-01,-3.235961124300956726e-02,4.792664051055908203e-01,1.370041786685760599e-06,-5.639468431472778320e-01,5.925264954566955566e-01,-2.865265309810638428e-01,4.103279113769531250e-01,-6.529236435890197754e-01,-6.624873280525207520e-01,7.144179344177246094e-01,-1.232577860355377197e-01,-5.376214385032653809e-01,-6.988462209701538086e-01,-1.626262217760086060e-01,-3.664819290861487389e-03,4.454674422740936279e-01,-5.598661303520202637e-01,-6.235468983650207520e-01,-6.564702838659286499e-02,6.689453721046447754e-01,-6.171857714653015137e-01,4.106567203998565674e-01,4.716567695140838623e-01,-6.790742278099060059e-01,4.062494337558746338e-01,6.522959470748901367e-01,5.372438430786132812e-01,5.286363363265991211e-01,-3.714501261711120605e-01,-3.716209232807159424e-01,-3.533221781253814697e-01,-2.932083792984485626e-02,5.266686677932739258e-01
-3.682429790496826172e-01,-8.202292025089263916e-03,3.307444974780082703e-02,-1.441276073455810547e-01,-2.513326704502105713e-01,2.991689145565032959e-01,-1.274820864200592041e-01,-2.427670061588287354e-01,-2.070704400539398193e-01,3.710016841068863869e-03,5.746653676033020020e-01,1.701313406229019165e-01,2.735322415828704834e-01,-1.385371834039688110e-01,-1.505600661039352417e-01,-1.453887373208999634e-01,-6.843286100775003433e-03,1.123345419764518738e-01,1.196874827146530151e-01,3.313512504100799561e-01,4.722189009189605713e-01,1.197455748915672302e-01,8.370560407638549805e-02,-2.287900447845458984e-01,-8.737981319427490234e-02,-1.042679920792579651e-01,1.080859601497650146e-01,1.286636888980865479e-01,-3.748903423547744751e-02,-1.151204574853181839e-02,2.580518424510955811e-01,2.616125047206878662e-01,-1.804568469524383545e-01,-3.042582273483276367e-01,-4.946073051542043686e-03,3.423935174942016602e-02,-9.031470865011215210e-02,-2.064402103424072266e-01,3.209457546472549438e-02,4.552642703056335449e-01,-3.410698473453521729e-01,-3.557997047901153564e-01,9.360900521278381348e-02,5.048164748586714268e-04,3.182874321937561035e-01,-1.735109537839889526e-01,2.459395080804824829e-01,-5.383518338203430176e-02,-4.026287496089935303e-01,8.641318231821060181e-02,2.544214129447937012e-01,2.147472277283668518e-02,-4.501312971115112305e-01,1.070128008723258972e-01,-2.327707409858703613e-01,1.326601356267929077e-01,-4.068717956542968750e-01,-5.038070492446422577e-03,7.600390817970037460e-03,1.188796609640121460e-01,2.032510787248611450e-01,-3.568652570247650146e-01,-1.056355237960815430e-02,-2.371723204851150513e-01,-2.439812421798706055e-01,8.425668627023696899e-02,4.632034301757812500e-01,-1.000673919916152954e-01,1.349604129791259766e-01,-1.089957058429718018e-01,2.658865749835968018e-01,-5.162044167518615723e-01,3.660245835781097412e-01,-9.364326298236846924e-02,4.349521994590759277e-01,1.931366026401519775e-01,-2.044716617092490196e-03,-1.039187312126159668e-01,1.996544003486633301e-01,1.524146646261215210e-01,-2.966684103012084961e-01,-7.676034874748438597e-05,2.313353866338729858e-01,-7.300924509763717651e-03,3.040517270565032959e-01,5.405962094664573669e-02,-1.335868537425994873e-01,9.839560370892286301e-04,5.261383950710296631e-02,-2.393263429403305054e-01,2.936936616897583008e-01,-5.555974692106246948e-02,1.259201765060424805e-01,-2.121404372155666351e-02,2.277531027793884277e-01,1.790663152933120728e-01,9.142255038022994995e-02,1.322866410191636533e-05,6.148633360862731934e-02,-9.882763773202896118e-02,3.331376314163208008e-01,-1.823730617761611938e-01,2.316672801971435547e-01,1.715817451477050781e-01,-1.531910598278045654e-01,-4.892610907554626465e-01,1.665306538343429565e-01,-1.024449542164802551e-01,2.208770960569381714e-01,7.192862685769796371e-03,-1.659620255231857300e-01,1.054515540599822998e-01,1.709083765745162964e-01,-3.058934807777404785e-01,-1.803790032863616943e-01,2.414488345384597778e-01,-6.708724051713943481e-02,1.359185278415679932e-01,1.992808878421783447e-01,-1.273911297321319580e-01,9.875233471393585205e-02,-3.230192363262176514e-01,-2.486672848463058472e-01,-2.094961553812026978e-01,3.108272254467010498e-01,7.180951535701751709e-02,-5.293980985879898071e-02,-1.905088126659393311e-01
-3.275080025196075439e-01,-5.554847046732902527e-02,3.697334527969360352e-01,-1.930069029331207275e-01,-5.526673793792724609e-01,2.570580244064331055e-01,-4.039130359888076782e-02,-5.903233885765075684e-01,-3.112941384315490723e-01,-3.614470064640045166e-01,1.701313406229019165e-01,4.818444550037384033e-01,-2.832962572574615479e-01,-3.712761700153350830e-01,-4.571644067764282227e-01,-7.127477526664733887e-01,2.113706199452280998e-03,-2.537458539009094238e-01,3.342653810977935791e-01,4.086308777332305908e-01,2.214449942111968994e-01,-1.037987247109413147e-01,-1.677884459495544434e-01,2.850789204239845276e-02,-1.090007573366165161e-01,-6.238816380500793457e-01,5.133624672889709473e-01,5.696389079093933105e-01,-6.005541682243347168e-01,3.262691795825958252e-01,6.801971793174743652e-02,5.554420351982116699e-01,5.506193265318870544e-03,-5.288887619972229004e-01,3.521834313869476318e-02,5.925949811935424805e-01,-4.931410253047943115e-01,-5.069321990013122559e-01,7.048055529594421387e-01,5.255426764488220215e-01,-4.543071985244750977e-01,-5.613735318183898926e-02,-3.002206087112426758e-01,-2.962607443332672119e-01,-8.763170242309570312e-02,3.089499473571777344e-01,4.452871680259704590e-01,7.047034054994583130e-02,3.908773139119148254e-02,2.659847140312194824e-01,1.783270388841629028e-01,4.550997316837310791e-01,-3.472993075847625732e-01,9.686938486993312836e-03,2.486934810876846313e-01,6.106933355331420898e-01,-3.591184318065643311e-01,-1.930184848606586456e-02,3.023463189601898193e-01,2.916299179196357727e-02,-1.986508443951606750e-02,-1.632858254015445709e-02,-3.130260622128844261e-03,-2.541579008102416992e-01,-5.754679068922996521e-02,1.780515760183334351e-01,7.013542950153350830e-02,-6.053246259689331055e-01,5.036084055900573730e-01,-4.716534614562988281e-01,6.243095397949218750e-01,1.780261844396591187e-01,1.712674200534820557e-01,-4.292846918106079102e-01,2.901234924793243408e-01,5.402693152427673340e-01,1.486369641497731209e-03,-5.556424856185913086e-01,-6.688496470451354980e-02,4.228016138076782227e-01,-4.707156121730804443e-01,-2.578083658590912819e-04,5.702041983604431152e-01,6.285805720835924149e-03,6.208786964416503906e-01,3.900639116764068604e-01,-5.316885709762573242e-01,-7.735274732112884521e-03,-3.372377455234527588e-01,-5.046398043632507324e-01,6.717214733362197876e-02,-2.805607020854949951e-01,2.092894613742828369e-01,1.413504034280776978e-01,3.934365212917327881e-01,2.739103138446807861e-01,-2.645438909530639648e-01,5.511646577360806987e-06,5.292884707450866699e-01,-4.396351277828216553e-01,5.457110404968261719e-01,-6.273974776268005371e-01,4.513939619064331055e-01,5.887187719345092773e-01,-4.076637923717498779e-01,5.315537750720977783e-02,1.170676127076148987e-01,3.753063380718231201e-01,4.520739018917083740e-01,-1.622307486832141876e-02,-2.052401304244995117e-01,2.215616554021835327e-01,3.702893257141113281e-01,8.752300590276718140e-02,-5.548681616783142090e-01,4.575830698013305664e-01,-5.721207261085510254e-01,-1.712060570716857910e-01,5.766929388046264648e-01,-1.115699559450149536e-01,-3.383476436138153076e-01,-3.426060080528259277e-01,-3.540380895137786865e-01,-5.100938305258750916e-02,3.859579563140869141e-01,4.234627261757850647e-02,-3.418991807848215103e-03,-4.717425405979156494e-01
