9.999983310699462891e-01,-9.999986290931701660e-01,-9.999940991401672363e-01,9.999977946281433105e-01,9.999989271163940430e-01,-9.999988675117492676e-01,9.999954700469970703e-01,9.999991059303283691e-01,-9.999962449073791504e-01,9.999983906745910645e-01,-9.999988675117492676e-01,-9.999988675117492676e-01,9.999980926513671875e-01,9.999984502792358398e-01,9.999938011169433594e-01,9.999955892562866211e-01,9.999973773956298828e-01,-9.999982118606567383e-01,9.999926686286926270e-01,-9.999991059303283691e-01,-9.999990463256835938e-01,9.999936819076538086e-01,9.999986886978149414e-01,9.999979138374328613e-01,9.999884963035583496e-01,9.999989867210388184e-01,-9.999982118606567383e-01,-9.999989271163940430e-01,9.999901652336120605e-01,-9.999963045120239258e-01,-9.999917149543762207e-01,-9.999982118606567383e-01,9.999866485595703125e-01,9.999957084655761719e-01,-9.999979734420776367e-01,9.999660849571228027e-01,9.999990463256835938e-01,9.999986290931701660e-01,9.999893903732299805e-01,-9.999989271163940430e-01,9.999987483024597168e-01,-9.998825788497924805e-01,9.999830722808837891e-01,9.999989867210388184e-01,9.999982714653015137e-01,9.999981522560119629e-01,-9.999932050704956055e-01,9.999986290931701660e-01,9.999988079071044922e-01,-9.999985694885253906e-01,-9.999988079071044922e-01,-9.999985098838806152e-01,-9.999988079071044922e-01,-9.999931454658508301e-01,-9.999985098838806152e-01,-9.999981522560119629e-01,-9.999914765357971191e-01,9.999866485595703125e-01,9.999960660934448242e-01,9.999982118606567383e-01,-9.999985098838806152e-01,9.999989271163940430e-01,9.999983906745910645e-01,9.999954700469970703e-01,-9.999946355819702148e-01,-9.999989271163940430e-01,-9.999991059303283691e-01,-9.999960064888000488e-01,-9.999989867210388184e-01,9.999985098838806152e-01,-9.999988675117492676e-01,9.999973773956298828e-01,-4.541409611701965332e-01,-9.999936819076538086e-01,-9.999821782112121582e-01,-9.999984502792358398e-01,9.999918937683105469e-01,9.999987483024597168e-01,-9.999947547912597656e-01,-9.999958276748657227e-01,9.999861121177673340e-01,9.999976754188537598e-01,-9.999989271163940430e-01,9.999982118606567383e-01,-9.999982714653015137e-01,-9.999881982803344727e-01,9.999684691429138184e-01,9.999989867210388184e-01,9.999902248382568359e-01,9.997330307960510254e-01,-9.999954104423522949e-01,9.999983310699462891e-01,-9.999850988388061523e-01,-9.999974966049194336e-01,9.999979734420776367e-01,-9.999977350234985352e-01,-9.999887347221374512e-01,9.999991655349731445e-01,-9.999988079071044922e-01,9.999969005584716797e-01,-9.999967813491821289e-01,9.999989867210388184e-01,9.995403289794921875e-01,9.999403953552246094e-01,9.999986290931701660e-01,9.999969005584716797e-01,-9.999821782112121582e-01,-9.999985098838806152e-01,-9.999937415122985840e-01,9.999985098838806152e-01,-9.999985098838806152e-01,9.999979138374328613e-01,-9.999982714653015137e-01,-9.999412298202514648e-01,9.999990463256835938e-01,-9.999973773956298828e-01,9.999990463256835938e-01,-9.999980926513671875e-01,-9.999953508377075195e-01,-9.999973177909851074e-01,-9.999987483024597168e-01,9.999967217445373535e-01,9.999980330467224121e-01,-9.999974370002746582e-01,-9.999908804893493652e-01,-9.999952316284179688e-01,9.999880790710449219e-01,-9.999939203262329102e-01
-9.999986290931701660e-01,9.999988675117492676e-01,9.999951124191284180e-01,-9.999980926513671875e-01,-9.999992251396179199e-01,9.999989867210388184e-01,-9.999961853027343750e-01,-9.999992251396179199e-01,9.999967813491821289e-01,-9.999986290931701660e-01,9.999990463256835938e-01,9.999990463256835938e-01,-9.999983310699462891e-01,-9.999987483024597168e-01,-9.999948143959045410e-01,-9.999962449073791504e-01,-9.999978542327880859e-01,9.999984502792358398e-01,-9.999939203262329102e-01,9.999992847442626953e-01,9.999991655349731445e-01,-9.999947547912597656e-01,-9.999988079071044922e-01,-9.999982714653015137e-01,-9.999904632568359375e-01,-9.999991655349731445e-01,9.999985694885253906e-01,9.999991059303283691e-01,-9.999917745590209961e-01,9.999968409538269043e-01,9.999929666519165039e-01,9.999985098838806152e-01,-9.999888539314270020e-01,-9.999961853027343750e-01,9.999983310699462891e-01,-9.999718666076660156e-01,-9.999992251396179199e-01,-9.999988079071044922e-01,-9.999911785125732422e-01,9.999991059303283691e-01,-9.999988675117492676e-01,9.999023675918579102e-01,-9.999858140945434570e-01,-9.999991655349731445e-01,-9.999985694885253906e-01,-9.999984502792358398e-01,9.999943375587463379e-01,-9.999988079071044922e-01,-9.999989271163940430e-01,9.999987483024597168e-01,9.999989271163940430e-01,9.999987483024597168e-01,9.999991059303283691e-01,9.999943375587463379e-01,9.999986886978149414e-01,9.999984502792358398e-01,9.999928474426269531e-01,-9.999888539314270020e-01,-9.999967217445373535e-01,-9.999985098838806152e-01,9.999986886978149414e-01,-9.999991655349731445e-01,-9.999986886978149414e-01,-9.999961256980895996e-01,9.999955892562866211e-01,9.999992251396179199e-01,9.999992251396179199e-01,9.999966025352478027e-01,9.999991655349731445e-01,-9.999986886978149414e-01,9.999990463256835938e-01,-9.999977946281433105e-01,4.542394280433654785e-01,9.999947547912597656e-01,9.999851584434509277e-01,9.999986290931701660e-01,-9.999932646751403809e-01,-9.999988675117492676e-01,9.999955296516418457e-01,9.999964237213134766e-01,-9.999883770942687988e-01,-9.999980330467224121e-01,9.999991655349731445e-01,-9.999985098838806152e-01,9.999985694885253906e-01,9.999901652336120605e-01,-9.999737739562988281e-01,-9.999991655349731445e-01,-9.999918937683105469e-01,-9.997783899307250977e-01,9.999960660934448242e-01,-9.999986290931701660e-01,9.999875426292419434e-01,9.999979734420776367e-01,-9.999983310699462891e-01,9.999981522560119629e-01,9.999906420707702637e-01,-9.999992847442626953e-01,9.999990463256835938e-01,-9.999974370002746582e-01,9.999971985816955566e-01,-9.999992251396179199e-01,-9.996182918548583984e-01,-9.999505281448364258e-01,-9.999988079071044922e-01,-9.999973773956298828e-01,9.999852180480957031e-01,9.999986886978149414e-01,9.999947547912597656e-01,-9.999987483024597168e-01,9.999988079071044922e-01,-9.999982714653015137e-01,9.999985098838806152e-01,9.999511241912841797e-01,-9.999992251396179199e-01,9.999977946281433105e-01,-9.999991655349731445e-01,9.999983310699462891e-01,9.999961256980895996e-01,9.999977946281433105e-01,9.999988675117492676e-01,-9.999972581863403320e-01,-9.999983906745910645e-01,9.999977946281433105e-01,9.999923706054687500e-01,9.999960064888000488e-01,-9.999901056289672852e-01,9.999949336051940918e-01
-9.999940991401672363e-01,9.999951124191284180e-01,9.999789595603942871e-01,-9.999919533729553223e-01,-9.999961256980895996e-01,9.999957084655761719e-01,-9.999839067459106445e-01,-9.999964833259582520e-01,9.999864101409912109e-01,-9.999940991401672363e-01,9.999957680702209473e-01,9.999960064888000488e-01,-9.999929070472717285e-01,-9.999945759773254395e-01,-9.999777674674987793e-01,-9.999839663505554199e-01,-9.999905824661254883e-01,9.999934434890747070e-01,-9.999737739562988281e-01,9.999967217445373535e-01,9.999963045120239258e-01,-9.999774098396301270e-01,-9.999951124191284180e-01,-9.999927282333374023e-01,-9.999586343765258789e-01,-9.999963045120239258e-01,9.999936223030090332e-01,9.999960064888000488e-01,-9.999645352363586426e-01,9.999869465827941895e-01,9.999701380729675293e-01,9.999937415122985840e-01,-9.999517202377319336e-01,-9.999843239784240723e-01,9.999929070472717285e-01,-9.998782873153686523e-01,-9.999964237213134766e-01,-9.999949336051940918e-01,-9.999616742134094238e-01,9.999959468841552734e-01,-9.999951720237731934e-01,9.995781779289245605e-01,-9.999389648437500000e-01,-9.999960660934448242e-01,-9.999939203262329102e-01,-9.999936223030090332e-01,9.999756217002868652e-01,-9.999949336051940918e-01,-9.999955892562866211e-01,9.999946355819702148e-01,9.999957084655761719e-01,9.999945759773254395e-01,9.999958872795104980e-01,9.999754428863525391e-01,9.999944567680358887e-01,9.999933838844299316e-01,9.999691843986511230e-01,-9.999516010284423828e-01,-9.999861717224121094e-01,-9.999937415122985840e-01,9.999945163726806641e-01,-9.999962449073791504e-01,-9.999942779541015625e-01,-9.999835491180419922e-01,9.999808073043823242e-01,9.999959468841552734e-01,9.999965429306030273e-01,9.999858140945434570e-01,9.999963641166687012e-01,-9.999943971633911133e-01,9.999957084655761719e-01,-9.999907612800598145e-01,4.526417851448059082e-01,9.999772906303405762e-01,9.999358057975769043e-01,9.999940991401672363e-01,-9.999707341194152832e-01,-9.999954700469970703e-01,9.999808669090270996e-01,9.999848604202270508e-01,-9.999501109123229980e-01,-9.999917745590209961e-01,9.999958872795104980e-01,-9.999935030937194824e-01,9.999939203262329102e-01,9.999573826789855957e-01,-9.998865127563476562e-01,-9.999961256980895996e-01,-9.999647140502929688e-01,-9.990418553352355957e-01,9.999834299087524414e-01,-9.999942183494567871e-01,9.999459981918334961e-01,9.999911785125732422e-01,-9.999926090240478516e-01,9.999920725822448730e-01,9.999595284461975098e-01,-9.999964833259582520e-01,9.999957084655761719e-01,-9.999887347221374512e-01,9.999882578849792480e-01,-9.999960064888000488e-01,-9.983516335487365723e-01,-9.997861385345458984e-01,-9.999952912330627441e-01,-9.999890923500061035e-01,9.999359846115112305e-01,9.999944567680358887e-01,9.999775290489196777e-01,-9.999946951866149902e-01,9.999948143959045410e-01,-9.999926090240478516e-01,9.999939799308776855e-01,9.997888207435607910e-01,-9.999965429306030273e-01,9.999907612800598145e-01,-9.999963045120239258e-01,9.999932050704956055e-01,9.999830722808837891e-01,9.999906420707702637e-01,9.999951720237731934e-01,-9.999880790710449219e-01,-9.999930858612060547e-01,9.999907016754150391e-01,9.999670982360839844e-01,9.999827742576599121e-01,-9.999571442604064941e-01,9.999781250953674316e-01
9.999977946281433105e-01,-9.999980926513671875e-01,-9.999919533729553223e-01,9.999969601631164551e-01,9.999985694885253906e-01,-9.999983906745910645e-01,9.999939203262329102e-01,9.999987483024597168e-01,-9.999948143959045410e-01,9.999976754188537598e-01,-9.999983906745910645e-01,-9.999983906745910645e-01,9.999972581863403320e-01,9.999979138374328613e-01,9.999915361404418945e-01,9.999939203262329102e-01,9.999963045120239258e-01,-9.999974966049194336e-01,9.999900460243225098e-01,-9.999988079071044922e-01,-9.999986290931701660e-01,9.999913573265075684e-01,9.999981522560119629e-01,9.999971389770507812e-01,9.999842047691345215e-01,9.999985098838806152e-01,-9.999976158142089844e-01,-9.999985098838806152e-01,9.999864101409912109e-01,-9.999949336051940918e-01,-9.999885559082031250e-01,-9.999974966049194336e-01,9.999815821647644043e-01,9.999939799308776855e-01,-9.999971985816955566e-01,9.999533891677856445e-01,9.999986886978149414e-01,9.999979734420776367e-01,9.999854564666748047e-01,-9.999984502792358398e-01,9.999981522560119629e-01,-9.998384118080139160e-01,9.999766945838928223e-01,9.999985694885253906e-01,9.999976754188537598e-01,9.999974966049194336e-01,-9.999907016754150391e-01,9.999980330467224121e-01,9.999983906745910645e-01,-9.999979138374328613e-01,-9.999984502792358398e-01,-9.999979138374328613e-01,-9.999983906745910645e-01,-9.999905824661254883e-01,-9.999978542327880859e-01,-9.999974370002746582e-01,-9.999882578849792480e-01,9.999815821647644043e-01,9.999946355819702148e-01,9.999975562095642090e-01,-9.999978542327880859e-01,9.999986290931701660e-01,9.999977946281433105e-01,9.999938011169433594e-01,-9.999926090240478516e-01,-9.999983906745910645e-01,-9.999986886978149414e-01,-9.999946355819702148e-01,-9.999985694885253906e-01,9.999979138374328613e-01,-9.999983906745910645e-01,9.999964237213134766e-01,-4.539231359958648682e-01,-9.999912977218627930e-01,-9.999754428863525391e-01,-9.999977350234985352e-01,9.999888539314270020e-01,9.999982714653015137e-01,-9.999927282333374023e-01,-9.999942183494567871e-01,9.999808669090270996e-01,9.999967813491821289e-01,-9.999984502792358398e-01,9.999974966049194336e-01,-9.999976158142089844e-01,-9.999836683273315430e-01,9.999565482139587402e-01,9.999986290931701660e-01,9.999865889549255371e-01,9.996328353881835938e-01,-9.999937415122985840e-01,9.999977946281433105e-01,-9.999794363975524902e-01,-9.999965429306030273e-01,9.999971985816955566e-01,-9.999969005584716797e-01,-9.999845027923583984e-01,9.999986886978149414e-01,-9.999983310699462891e-01,9.999957084655761719e-01,-9.999955296516418457e-01,9.999985098838806152e-01,9.993680119514465332e-01,9.999181032180786133e-01,9.999981522560119629e-01,9.999958276748657227e-01,-9.999755024909973145e-01,-9.999978542327880859e-01,-9.999914169311523438e-01,9.999979138374328613e-01,-9.999980926513671875e-01,9.999971389770507812e-01,-9.999976754188537598e-01,-9.999191164970397949e-01,9.999986886978149414e-01,-9.999963641166687012e-01,9.999985694885253906e-01,-9.999973773956298828e-01,-9.999935626983642578e-01,-9.999963641166687012e-01,-9.999981522560119629e-01,9.999954700469970703e-01,9.999973177909851074e-01,-9.999964237213134766e-01,-9.999874830245971680e-01,-9.999933838844299316e-01,9.999836683273315430e-01,-9.999915957450866699e-01
9.999989271163940430e-01,-9.999992251396179199e-01,-9.999961256980895996e-01,9.999985694885253906e-01,9.999994039535522461e-01,-9.999992251396179199e-01,9.999970197677612305e-01,9.999994039535522461e-01,-9.999974966049194336e-01,9.999989271163940430e-01,-9.999993443489074707e-01,-9.999992847442626953e-01,9.999987483024597168e-01,9.999990463256835938e-01,9.999958276748657227e-01,9.999971389770507812e-01,9.999982118606567383e-01,-9.999987483024597168e-01,9.999951124191284180e-01,-9.999994635581970215e-01,-9.999994039535522461e-01,9.999958276748657227e-01,9.999992251396179199e-01,9.999986290931701660e-01,9.999923706054687500e-01,9.999994039535522461e-01,-9.999988675117492676e-01,-9.999993443489074707e-01,9.999933838844299316e-01,-9.999976158142089844e-01,-9.999943971633911133e-01,-9.999988079071044922e-01,9.999910593032836914e-01,9.999971389770507812e-01,-9.999987483024597168e-01,9.999773502349853516e-01,9.999994635581970215e-01,9.999991059303283691e-01,9.999929666519165039e-01,-9.999993443489074707e-01,9.999991655349731445e-01,-9.999210834503173828e-01,9.999886751174926758e-01,9.999994635581970215e-01,9.999989271163940430e-01,9.999988675117492676e-01,-9.999954700469970703e-01,9.999991059303283691e-01,9.999992847442626953e-01,-9.999990463256835938e-01,-9.999993443489074707e-01,-9.999989867210388184e-01,-9.999992847442626953e-01,-9.999954104423522949e-01,-9.999989867210388184e-01,-9.999988079071044922e-01,-9.999942779541015625e-01,9.999910593032836914e-01,9.999974370002746582e-01,9.999988675117492676e-01,-9.999989867210388184e-01,9.999993443489074707e-01,9.999989867210388184e-01,9.999969601631164551e-01,-9.999964237213134766e-01,-9.999992847442626953e-01,-9.999994039535522461e-01,-9.999973773956298828e-01,-9.999994039535522461e-01,9.999989867210388184e-01,-9.999993443489074707e-01,9.999982714653015137e-01,-4.543320238590240479e-01,-9.999958276748657227e-01,-9.999880194664001465e-01,-9.999988675117492676e-01,9.999945163726806641e-01,9.999991655349731445e-01,-9.999964833259582520e-01,-9.999971985816955566e-01,9.999907612800598145e-01,9.999985098838806152e-01,-9.999993443489074707e-01,9.999988675117492676e-01,-9.999988675117492676e-01,-9.999920129776000977e-01,9.999788999557495117e-01,9.999993443489074707e-01,9.999935030937194824e-01,9.998208880424499512e-01,-9.999969601631164551e-01,9.999989271163940430e-01,-9.999899864196777344e-01,-9.999983906745910645e-01,9.999987483024597168e-01,-9.999985098838806152e-01,-9.999924302101135254e-01,9.999994635581970215e-01,-9.999992251396179199e-01,9.999979734420776367e-01,-9.999977946281433105e-01,9.999993443489074707e-01,9.996915459632873535e-01,9.999600648880004883e-01,9.999991655349731445e-01,9.999979138374328613e-01,-9.999881386756896973e-01,-9.999989867210388184e-01,-9.999958872795104980e-01,9.999990463256835938e-01,-9.999991655349731445e-01,9.999986886978149414e-01,-9.999989271163940430e-01,-9.999605417251586914e-01,9.999994635581970215e-01,-9.999983310699462891e-01,9.999994039535522461e-01,-9.999986886978149414e-01,-9.999969601631164551e-01,-9.999982118606567383e-01,-9.999991655349731445e-01,9.999977946281433105e-01,9.999987483024597168e-01,-9.999983310699462891e-01,-9.999939203262329102e-01,-9.999968409538269043e-01,9.999920725822448730e-01,-9.999959468841552734e-01
-9.999988675117492676e-01,9.999989867210388184e-01,9.999957084655761719e-01,-9.999983906745910645e-01,-9.999992251396179199e-01,9.999991655349731445e-01,-9.999966025352478027e-01,-9.999993443489074707e-01,9.999971389770507812e-01,-9.999987483024597168e-01,9.999991655349731445e-01,9.999992251396179199e-01,-9.999985098838806152e-01,-9.999989271163940430e-01,-9.999954104423522949e-01,-9.999966621398925781e-01,-9.999980330467224121e-01,9.999986290931701660e-01,-9.999945163726806641e-01,9.999993443489074707e-01,9.999993443489074707e-01,-9.999953508377075195e-01,-9.999990463256835938e-01,-9.999983906745910645e-01,-9.999915361404418945e-01,-9.999992847442626953e-01,9.999986886978149414e-01,9.999992847442626953e-01,-9.999927282333374023e-01,9.999972581863403320e-01,9.999938607215881348e-01,9.999986886978149414e-01,-9.999901056289672852e-01,-9.999967217445373535e-01,9.999985098838806152e-01,-9.999750256538391113e-01,-9.999992847442626953e-01,-9.999989867210388184e-01,-9.999921321868896484e-01,9.999992251396179199e-01,-9.999990463256835938e-01,9.999133348464965820e-01,-9.999874830245971680e-01,-9.999992251396179199e-01,-9.999987483024597168e-01,-9.999986290931701660e-01,9.999950528144836426e-01,-9.999989867210388184e-01,-9.999991059303283691e-01,9.999988675117492676e-01,9.999991655349731445e-01,9.999989271163940430e-01,9.999991655349731445e-01,9.999949336051940918e-01,9.999988675117492676e-01,9.999986290931701660e-01,9.999936223030090332e-01,-9.999901056289672852e-01,-9.999970793724060059e-01,-9.999986886978149414e-01,9.999989271163940430e-01,-9.999992847442626953e-01,-9.999987483024597168e-01,-9.999965429306030273e-01,9.999960064888000488e-01,9.999991655349731445e-01,9.999992251396179199e-01,9.999970197677612305e-01,9.999992847442626953e-01,-9.999989271163940430e-01,9.999992847442626953e-01,-9.999980926513671875e-01,4.542935490608215332e-01,9.999954104423522949e-01,9.999867677688598633e-01,9.999986886978149414e-01,-9.999939799308776855e-01,-9.999989867210388184e-01,9.999960064888000488e-01,9.999969005584716797e-01,-9.999897480010986328e-01,-9.999982714653015137e-01,9.999991655349731445e-01,-9.999986886978149414e-01,9.999986886978149414e-01,9.999912381172180176e-01,-9.999767541885375977e-01,-9.999992251396179199e-01,-9.999928474426269531e-01,-9.998032450675964355e-01,9.999966025352478027e-01,-9.999988079071044922e-01,9.999889135360717773e-01,9.999981522560119629e-01,-9.999984502792358398e-01,9.999982714653015137e-01,9.999917149543762207e-01,-9.999992847442626953e-01,9.999991655349731445e-01,-9.999976158142089844e-01,9.999975562095642090e-01,-9.999992251396179199e-01,-9.996611475944519043e-01,-9.999560713768005371e-01,-9.999990463256835938e-01,-9.999976754188537598e-01,9.999868869781494141e-01,9.999989271163940430e-01,9.999954104423522949e-01,-9.999989271163940430e-01,9.999989867210388184e-01,-9.999984502792358398e-01,9.999986886978149414e-01,9.999566674232482910e-01,-9.999994039535522461e-01,9.999980330467224121e-01,-9.999992847442626953e-01,9.999985694885253906e-01,9.999964833259582520e-01,9.999980330467224121e-01,9.999990463256835938e-01,-9.999975562095642090e-01,-9.999985694885253906e-01,9.999980926513671875e-01,9.999933242797851562e-01,9.999963641166687012e-01,-9.999912381172180176e-01,9.999955296516418457e-01
9.999954700469970703e-01,-9.999961853027343750e-01,-9.999839067459106445e-01,9.999939203262329102e-01,9.999970197677612305e-01,-9.999966025352478027e-01,9.999876022338867188e-01,9.999973177909851074e-01,-9.999895095825195312e-01,9.999954700469970703e-01,-9.999967217445373535e-01,-9.999969601631164551e-01,9.999945759773254395e-01,9.999958872795104980e-01,9.999828934669494629e-01,9.999877214431762695e-01,9.999927282333374023e-01,-9.999948740005493164e-01,9.999797940254211426e-01,-9.999974966049194336e-01,-9.999971985816955566e-01,9.999827146530151367e-01,9.999961256980895996e-01,9.999943375587463379e-01,9.999682903289794922e-01,9.999970793724060059e-01,-9.999951720237731934e-01,-9.999969601631164551e-01,9.999728202819824219e-01,-9.999899864196777344e-01,-9.999771118164062500e-01,-9.999951720237731934e-01,9.999629259109497070e-01,9.999879598617553711e-01,-9.999945759773254395e-01,9.999066591262817383e-01,9.999972581863403320e-01,9.999961256980895996e-01,9.999706149101257324e-01,-9.999968409538269043e-01,9.999962449073791504e-01,-9.996764659881591797e-01,9.999532103538513184e-01,9.999969601631164551e-01,9.999953508377075195e-01,9.999951124191284180e-01,-9.999812841415405273e-01,9.999961256980895996e-01,9.999965429306030273e-01,-9.999959468841552734e-01,-9.999966621398925781e-01,-9.999958276748657227e-01,-9.999967217445373535e-01,-9.999811649322509766e-01,-9.999958276748657227e-01,-9.999949336051940918e-01,-9.999763965606689453e-01,9.999629259109497070e-01,9.999893307685852051e-01,9.999952316284179688e-01,-9.999958276748657227e-01,9.999970197677612305e-01,9.999955892562866211e-01,9.999874830245971680e-01,-9.999852180480957031e-01,-9.999967813491821289e-01,-9.999973773956298828e-01,-9.999891519546508789e-01,-9.999971389770507812e-01,9.999957680702209473e-01,-9.999967217445373535e-01,9.999929070472717285e-01,-4.531250894069671631e-01,-9.999826550483703613e-01,-9.999507665634155273e-01,-9.999955296516418457e-01,9.999774694442749023e-01,9.999964833259582520e-01,-9.999852776527404785e-01,-9.999883770942687988e-01,9.999617338180541992e-01,9.999936223030090332e-01,-9.999967217445373535e-01,9.999949932098388672e-01,-9.999952912330627441e-01,-9.999672770500183105e-01,9.999129772186279297e-01,9.999970197677612305e-01,9.999730587005615234e-01,9.992650747299194336e-01,-9.999873042106628418e-01,9.999955892562866211e-01,-9.999585747718811035e-01,-9.999932050704956055e-01,9.999942779541015625e-01,-9.999938011169433594e-01,-9.999690055847167969e-01,9.999973177909851074e-01,-9.999966621398925781e-01,9.999913573265075684e-01,-9.999909400939941406e-01,9.999969601631164551e-01,9.987353682518005371e-01,9.998360276222229004e-01,9.999963045120239258e-01,9.999915957450866699e-01,-9.999508261680603027e-01,-9.999957084655761719e-01,-9.999827146530151367e-01,9.999959468841552734e-01,-9.999960660934448242e-01,9.999943375587463379e-01,-9.999952912330627441e-01,-9.998380541801452637e-01,9.999972581863403320e-01,-9.999928474426269531e-01,9.999971389770507812e-01,-9.999947547912597656e-01,-9.999870657920837402e-01,-9.999927878379821777e-01,-9.999962449073791504e-01,9.999908208847045898e-01,9.999947547912597656e-01,-9.999929070472717285e-01,-9.999748468399047852e-01,-9.999867081642150879e-01,9.999670982360839844e-01,-9.999832510948181152e-01
9.999991059303283691e-01,-9.999992251396179199e-01,-9.999964833259582520e-01,9.999987483024597168e-01,9.999994039535522461e-01,-9.999993443489074707e-01,9.999973177909851074e-01,9.999994039535522461e-01,-9.999977350234985352e-01,9.999990463256835938e-01,-9.999993443489074707e-01,-9.999992847442626953e-01,9.999988079071044922e-01,9.999991655349731445e-01,9.999963045120239258e-01,9.999973177909851074e-01,9.999984502792358398e-01,-9.999988675117492676e-01,9.999957084655761719e-01,-9.999994635581970215e-01,-9.999994039535522461e-01,9.999962449073791504e-01,9.999992251396179199e-01,9.999986886978149414e-01,9.999931454658508301e-01,9.999994635581970215e-01,-9.999989271163940430e-01,-9.999994635581970215e-01,9.999942183494567871e-01,-9.999977350234985352e-01,-9.999951124191284180e-01,-9.999988675117492676e-01,9.999920725822448730e-01,9.999973773956298828e-01,-9.999988079071044922e-01,9.999800920486450195e-01,9.999994635581970215e-01,9.999992847442626953e-01,9.999937415122985840e-01,-9.999992847442626953e-01,9.999992251396179199e-01,-9.999307990074157715e-01,9.999899268150329590e-01,9.999994635581970215e-01,9.999990463256835938e-01,9.999989271163940430e-01,-9.999960064888000488e-01,9.999992847442626953e-01,9.999992847442626953e-01,-9.999991655349731445e-01,-9.999993443489074707e-01,-9.999991059303283691e-01,-9.999992847442626953e-01,-9.999958872795104980e-01,-9.999991059303283691e-01,-9.999988675117492676e-01,-9.999949336051940918e-01,9.999920725822448730e-01,9.999976158142089844e-01,9.999989271163940430e-01,-9.999991059303283691e-01,9.999993443489074707e-01,9.999989867210388184e-01,9.999972581863403320e-01,-9.999969005584716797e-01,-9.999993443489074707e-01,-9.999994039535522461e-01,-9.999975562095642090e-01,-9.999994039535522461e-01,9.999989867210388184e-01,-9.999993443489074707e-01,9.999983906745910645e-01,-4.543798863887786865e-01,-9.999961256980895996e-01,-9.999894499778747559e-01,-9.999991059303283691e-01,9.999952316284179688e-01,9.999992251396179199e-01,-9.999967813491821289e-01,-9.999974370002746582e-01,9.999917745590209961e-01,9.999986290931701660e-01,-9.999994039535522461e-01,9.999989271163940430e-01,-9.999989271163940430e-01,-9.999930262565612793e-01,9.999813437461853027e-01,9.999994039535522461e-01,9.999942779541015625e-01,9.998428225517272949e-01,-9.999971985816955566e-01,9.999991059303283691e-01,-9.999911785125732422e-01,-9.999985098838806152e-01,9.999987483024597168e-01,-9.999986290931701660e-01,-9.999932646751403809e-01,9.999994635581970215e-01,-9.999993443489074707e-01,9.999980926513671875e-01,-9.999980330467224121e-01,9.999994635581970215e-01,9.997293353080749512e-01,9.999648332595825195e-01,9.999992251396179199e-01,9.999982118606567383e-01,-9.999894499778747559e-01,-9.999991059303283691e-01,-9.999962449073791504e-01,9.999991655349731445e-01,-9.999991655349731445e-01,9.999986886978149414e-01,-9.999990463256835938e-01,-9.999654293060302734e-01,9.999994635581970215e-01,-9.999984502792358398e-01,9.999994039535522461e-01,-9.999988079071044922e-01,-9.999971985816955566e-01,-9.999984502792358398e-01,-9.999992251396179199e-01,9.999980926513671875e-01,9.999988675117492676e-01,-9.999984502792358398e-01,-9.999945759773254395e-01,-9.999971389770507812e-01,9.999929666519165039e-01,-9.999962449073791504e-01
-9.999962449073791504e-01,9.999967813491821289e-01,9.999864101409912109e-01,-9.999948143959045410e-01,-9.999974966049194336e-01,9.999971389770507812e-01,-9.999895095825195312e-01,-9.999977350234985352e-01,9.999910593032836914e-01,-9.999960660934448242e-01,9.999971985816955566e-01,9.999974370002746582e-01,-9.999954104423522949e-01,-9.999964237213134766e-01,-9.999855756759643555e-01,-9.999896287918090820e-01,-9.999938607215881348e-01,9.999956488609313965e-01,-9.999829530715942383e-01,9.999979138374328613e-01,9.999976158142089844e-01,-9.999852776527404785e-01,-9.999967217445373535e-01,-9.999952912330627441e-01,-9.999730587005615234e-01,-9.999976158142089844e-01,9.999958276748657227e-01,9.999974370002746582e-01,-9.999769926071166992e-01,9.999914765357971191e-01,9.999805688858032227e-01,9.999958872795104980e-01,-9.999686479568481445e-01,-9.999898076057434082e-01,9.999954104423522949e-01,-9.999208450317382812e-01,-9.999976754188537598e-01,-9.999967217445373535e-01,-9.999752044677734375e-01,9.999973177909851074e-01,-9.999968409538269043e-01,9.997256994247436523e-01,-9.999603033065795898e-01,-9.999974966049194336e-01,-9.999960064888000488e-01,-9.999958276748657227e-01,9.999840855598449707e-01,-9.999966025352478027e-01,-9.999970793724060059e-01,9.999964237213134766e-01,9.999971389770507812e-01,9.999964833259582520e-01,9.999972581863403320e-01,9.999840259552001953e-01,9.999963641166687012e-01,9.999957084655761719e-01,9.999799728393554688e-01,-9.999685883522033691e-01,-9.999909400939941406e-01,-9.999959468841552734e-01,9.999963641166687012e-01,-9.999974966049194336e-01,-9.999962449073791504e-01,-9.999893903732299805e-01,9.999874830245971680e-01,9.999972581863403320e-01,9.999977350234985352e-01,9.999907612800598145e-01,9.999975562095642090e-01,-9.999964237213134766e-01,9.999971985816955566e-01,-9.999939799308776855e-01,4.533675312995910645e-01,9.999852180480957031e-01,9.999582767486572266e-01,9.999961853027343750e-01,-9.999809861183166504e-01,-9.999969601631164551e-01,9.999874830245971680e-01,9.999901652336120605e-01,-9.999675750732421875e-01,-9.999945759773254395e-01,9.999973177909851074e-01,-9.999957680702209473e-01,9.999960064888000488e-01,9.999722838401794434e-01,-9.999261498451232910e-01,-9.999974966049194336e-01,-9.999770522117614746e-01,-9.993768334388732910e-01,9.999892711639404297e-01,-9.999961256980895996e-01,9.999649524688720703e-01,9.999942183494567871e-01,-9.999952316284179688e-01,9.999947547912597656e-01,9.999737143516540527e-01,-9.999976158142089844e-01,9.999970793724060059e-01,-9.999926090240478516e-01,9.999923110008239746e-01,-9.999973773956298828e-01,-9.989277124404907227e-01,-9.998609423637390137e-01,-9.999968409538269043e-01,-9.999929070472717285e-01,9.999583959579467773e-01,9.999964237213134766e-01,9.999854564666748047e-01,-9.999964833259582520e-01,9.999966621398925781e-01,-9.999952316284179688e-01,9.999960064888000488e-01,9.998627305030822754e-01,-9.999977350234985352e-01,9.999940395355224609e-01,-9.999976158142089844e-01,9.999955892562866211e-01,9.999890327453613281e-01,9.999939799308776855e-01,9.999968409538269043e-01,-9.999923110008239746e-01,-9.999955296516418457e-01,9.999939799308776855e-01,9.999786019325256348e-01,9.999887347221374512e-01,-9.999721646308898926e-01,9.999858736991882324e-01
9.999983906745910645e-01,-9.999986290931701660e-01,-9.999940991401672363e-01,9.999976754188537598e-01,9.999989271163940430e-01,-9.999987483024597168e-01,9.999954700469970703e-01,9.999990463256835938e-01,-9.999960660934448242e-01,9.999982714653015137e-01,-9.999988079071044922e-01,-9.999988675117492676e-01,9.999979734420776367e-01,9.999984502792358398e-01,9.999936819076538086e-01,9.999955296516418457e-01,9.999972581863403320e-01,-9.999980926513671875e-01,9.999926090240478516e-01,-9.999992251396179199e-01,-9.999989867210388184e-01,9.999936223030090332e-01,9.999986290931701660e-01,9.999978542327880859e-01,9.999883174896240234e-01,9.999989271163940430e-01,-9.999981522560119629e-01,-9.999989271163940430e-01,9.999899864196777344e-01,-9.999962449073791504e-01,-9.999914765357971191e-01,-9.999982118606567383e-01,9.999863505363464355e-01,9.999955892562866211e-01,-9.999979138374328613e-01,9.999656081199645996e-01,9.999990463256835938e-01,9.999985098838806152e-01,9.999892711639404297e-01,-9.999988079071044922e-01,9.999986290931701660e-01,-9.998806118965148926e-01,9.999827742576599121e-01,9.999989271163940430e-01,9.999982714653015137e-01,9.999982714653015137e-01,-9.999930858612060547e-01,9.999986290931701660e-01,9.999988079071044922e-01,-9.999984502792358398e-01,-9.999987483024597168e-01,-9.999985098838806152e-01,-9.999988079071044922e-01,-9.999930858612060547e-01,-9.999983906745910645e-01,-9.999980926513671875e-01,-9.999912381172180176e-01,9.999864101409912109e-01,9.999960064888000488e-01,9.999982118606567383e-01,-9.999983906745910645e-01,9.999989271163940430e-01,9.999983906745910645e-01,9.999954104423522949e-01,-9.999945163726806641e-01,-9.999988079071044922e-01,-9.999989867210388184e-01,-9.999960064888000488e-01,-9.999989271163940430e-01,9.999985098838806152e-01,-9.999987483024597168e-01,9.999973773956298828e-01,-4.541319012641906738e-01,-9.999935626983642578e-01,-9.999818205833435059e-01,-9.999983310699462891e-01,9.999917149543762207e-01,9.999986886978149414e-01,-9.999945759773254395e-01,-9.999957680702209473e-01,9.999859333038330078e-01,9.999976158142089844e-01,-9.999988675117492676e-01,9.999982118606567383e-01,-9.999982714653015137e-01,-9.999879598617553711e-01,9.999678134918212891e-01,9.999989271163940430e-01,9.999901056289672852e-01,9.997288584709167480e-01,-9.999953508377075195e-01,9.999983310699462891e-01,-9.999848604202270508e-01,-9.999974966049194336e-01,9.999979138374328613e-01,-9.999977350234985352e-01,-9.999885559082031250e-01,9.999990463256835938e-01,-9.999987483024597168e-01,9.999967217445373535e-01,-9.999967217445373535e-01,9.999989271163940430e-01,9.995332956314086914e-01,9.999395012855529785e-01,9.999986290931701660e-01,9.999967813491821289e-01,-9.999819397926330566e-01,-9.999983906745910645e-01,-9.999937415122985840e-01,9.999985098838806152e-01,-9.999985098838806152e-01,9.999977946281433105e-01,-9.999982714653015137e-01,-9.999402165412902832e-01,9.999990463256835938e-01,-9.999973773956298828e-01,9.999989271163940430e-01,-9.999980330467224121e-01,-9.999952912330627441e-01,-9.999973177909851074e-01,-9.999986290931701660e-01,9.999965429306030273e-01,9.999980330467224121e-01,-9.999974370002746582e-01,-9.999907612800598145e-01,-9.999951720237731934e-01,9.999879598617553711e-01,-9.999938011169433594e-01
-9.999988675117492676e-01,9.999990463256835938e-01,9.999957680702209473e-01,-9.999983906745910645e-01,-9.999993443489074707e-01,9.999991655349731445e-01,-9.999967217445373535e-01,-9.999993443489074707e-01,9.999971985816955566e-01,-9.999988079071044922e-01,9.999992251396179199e-01,9.999992251396179199e-01,-9.999986290931701660e-01,-9.999989271163940430e-01,-9.999954700469970703e-01,-9.999967217445373535e-01,-9.999981522560119629e-01,9.999986886978149414e-01,-9.999946951866149902e-01,9.999994039535522461e-01,9.999993443489074707e-01,-9.999954104423522949e-01,-9.999990463256835938e-01,-9.999984502792358398e-01,-9.999915361404418945e-01,-9.999993443489074707e-01,9.999987483024597168e-01,9.999992847442626953e-01,-9.999927282333374023e-01,9.999972581863403320e-01,9.999938607215881348e-01,9.999987483024597168e-01,-9.999901056289672852e-01,-9.999967217445373535e-01,9.999985694885253906e-01,-9.999749660491943359e-01,-9.999994039535522461e-01,-9.999989867210388184e-01,-9.999921917915344238e-01,9.999992251396179199e-01,-9.999990463256835938e-01,9.999129772186279297e-01,-9.999875426292419434e-01,-9.999993443489074707e-01,-9.999987483024597168e-01,-9.999987483024597168e-01,9.999950528144836426e-01,-9.999990463256835938e-01,-9.999992251396179199e-01,9.999989271163940430e-01,9.999992847442626953e-01,9.999989271163940430e-01,9.999991655349731445e-01,9.999949932098388672e-01,9.999989271163940430e-01,9.999986290931701660e-01,9.999937415122985840e-01,-9.999901056289672852e-01,-9.999971985816955566e-01,-9.999986886978149414e-01,9.999989867210388184e-01,-9.999992251396179199e-01,-9.999988675117492676e-01,-9.999966621398925781e-01,9.999960660934448242e-01,9.999992847442626953e-01,9.999994039535522461e-01,9.999970197677612305e-01,9.999993443489074707e-01,-9.999989271163940430e-01,9.999992251396179199e-01,-9.999980926513671875e-01,4.542918801307678223e-01,9.999954104423522949e-01,9.999867677688598633e-01,9.999988079071044922e-01,-9.999940395355224609e-01,-9.999991059303283691e-01,9.999961256980895996e-01,9.999969005584716797e-01,-9.999898076057434082e-01,-9.999983906745910645e-01,9.999992847442626953e-01,-9.999986886978149414e-01,9.999987483024597168e-01,9.999912977218627930e-01,-9.999766349792480469e-01,-9.999992251396179199e-01,-9.999928474426269531e-01,-9.998024702072143555e-01,9.999966025352478027e-01,-9.999988675117492676e-01,9.999889731407165527e-01,9.999981522560119629e-01,-9.999985098838806152e-01,9.999983310699462891e-01,9.999917149543762207e-01,-9.999994039535522461e-01,9.999991655349731445e-01,-9.999976754188537598e-01,9.999976158142089844e-01,-9.999992847442626953e-01,-9.996598362922668457e-01,-9.999558925628662109e-01,-9.999990463256835938e-01,-9.999977350234985352e-01,9.999868273735046387e-01,9.999989867210388184e-01,9.999954104423522949e-01,-9.999989867210388184e-01,9.999989867210388184e-01,-9.999985694885253906e-01,9.999987483024597168e-01,9.999566078186035156e-01,-9.999994039535522461e-01,9.999981522560119629e-01,-9.999993443489074707e-01,9.999985694885253906e-01,9.999965429306030273e-01,9.999980330467224121e-01,9.999991655349731445e-01,-9.999975562095642090e-01,-9.999985694885253906e-01,9.999981522560119629e-01,9.999933242797851562e-01,9.999964833259582520e-01,-9.999912381172180176e-01,9.999954700469970703e-01
-9.999988675117492676e-01,9.999990463256835938e-01,9.999960064888000488e-01,-9.999983906745910645e-01,-9.999992847442626953e-01,9.999992251396179199e-01,-9.999969601631164551e-01,-9.999992847442626953e-01,9.999974370002746582e-01,-9.999988675117492676e-01,9.999992251396179199e-01,9.999992251396179199e-01,-9.999985694885253906e-01,-9.999989271163940430e-01,-9.999957680702209473e-01,-9.999969601631164551e-01,-9.999982118606567383e-01,9.999986886978149414e-01,-9.999949932098388672e-01,9.999994039535522461e-01,9.999993443489074707e-01,-9.999957084655761719e-01,-9.999991059303283691e-01,-9.999985694885253906e-01,-9.999921917915344238e-01,-9.999992251396179199e-01,9.999987483024597168e-01,9.999992847442626953e-01,-9.999933242797851562e-01,9.999973773956298828e-01,9.999943375587463379e-01,9.999987483024597168e-01,-9.999909400939941406e-01,-9.999969601631164551e-01,9.999985694885253906e-01,-9.999772906303405762e-01,-9.999993443489074707e-01,-9.999991059303283691e-01,-9.999928474426269531e-01,9.999991655349731445e-01,-9.999990463256835938e-01,9.999213814735412598e-01,-9.999885559082031250e-01,-9.999992847442626953e-01,-9.999988079071044922e-01,-9.999986886978149414e-01,9.999953508377075195e-01,-9.999991059303283691e-01,-9.999991059303283691e-01,9.999989271163940430e-01,9.999991655349731445e-01,9.999989271163940430e-01,9.999991059303283691e-01,9.999953508377075195e-01,9.999988675117492676e-01,9.999986886978149414e-01,9.999942183494567871e-01,-9.999909400939941406e-01,-9.999973177909851074e-01,-9.999987483024597168e-01,9.999989271163940430e-01,-9.999992251396179199e-01,-9.999988079071044922e-01,-9.999967813491821289e-01,9.999963641166687012e-01,9.999992847442626953e-01,9.999992251396179199e-01,9.999972581863403320e-01,9.999992847442626953e-01,-9.999988675117492676e-01,9.999992251396179199e-01,-9.999981522560119629e-01,4.543338119983673096e-01,9.999957084655761719e-01,9.999880194664001465e-01,9.999988079071044922e-01,-9.999944567680358887e-01,-9.999989867210388184e-01,9.999962449073791504e-01,9.999970197677612305e-01,-9.999906420707702637e-01,-9.999983310699462891e-01,9.999992847442626953e-01,-9.999987483024597168e-01,9.999987483024597168e-01,9.999920725822448730e-01,-9.999787807464599609e-01,-9.999993443489074707e-01,-9.999935626983642578e-01,-9.998216629028320312e-01,9.999968409538269043e-01,-9.999988079071044922e-01,9.999898672103881836e-01,9.999982118606567383e-01,-9.999985098838806152e-01,9.999983310699462891e-01,9.999923706054687500e-01,-9.999993443489074707e-01,9.999991655349731445e-01,-9.999978542327880859e-01,9.999976754188537598e-01,-9.999992847442626953e-01,-9.996928572654724121e-01,-9.999601244926452637e-01,-9.999990463256835938e-01,-9.999977946281433105e-01,9.999880194664001465e-01,9.999989271163940430e-01,9.999957680702209473e-01,-9.999989271163940430e-01,9.999989867210388184e-01,-9.999985098838806152e-01,9.999988079071044922e-01,9.999606609344482422e-01,-9.999994039535522461e-01,9.999982118606567383e-01,-9.999992847442626953e-01,9.999986290931701660e-01,9.999967813491821289e-01,9.999982118606567383e-01,9.999990463256835938e-01,-9.999976754188537598e-01,-9.999986290931701660e-01,9.999982714653015137e-01,9.999938607215881348e-01,9.999967217445373535e-01,-9.999920129776000977e-01,9.999958872795104980e-01
