9.999981522560119629e-01,-9.999985098838806152e-01,-9.999939799308776855e-01,9.999969005584716797e-01,9.999988675117492676e-01,-9.999986886978149414e-01,9.999941587448120117e-01,9.999990463256835938e-01,-9.999895691871643066e-01,9.999984502792358398e-01,-9.999988079071044922e-01,-9.999989271163940430e-01,9.999977350234985352e-01,9.999983906745910645e-01,9.999955892562866211e-01,9.999919533729553223e-01,9.999973773956298828e-01,-9.999975562095642090e-01,9.999914169311523438e-01,-9.999991059303283691e-01,-9.999989271163940430e-01,9.999943971633911133e-01,9.999985098838806152e-01,9.999966621398925781e-01,9.999892711639404297e-01,9.999988675117492676e-01,-9.999980330467224121e-01,-9.999987483024597168e-01,9.999915957450866699e-01,-9.999967813491821289e-01,-9.999895095825195312e-01,-9.999979138374328613e-01,9.999807476997375488e-01,9.999940395355224609e-01,-9.999978542327880859e-01,9.999535083770751953e-01,9.999988675117492676e-01,9.999983906745910645e-01,9.999791979789733887e-01,-9.999988079071044922e-01,9.999985098838806152e-01,9.999915361404418945e-01,9.999805092811584473e-01,9.999988675117492676e-01,9.999980330467224121e-01,9.999977350234985352e-01,-9.999933242797851562e-01,9.999986290931701660e-01,9.999985098838806152e-01,-9.999984502792358398e-01,-9.999987483024597168e-01,-9.999986290931701660e-01,-9.999986290931701660e-01,-9.999929666519165039e-01,-9.999985694885253906e-01,-9.999979734420776367e-01,9.999757409095764160e-01,9.999947547912597656e-01,9.999931454658508301e-01,9.999981522560119629e-01,-9.999982118606567383e-01,9.999987483024597168e-01,9.999982714653015137e-01,9.999953508377075195e-01,-9.999929070472717285e-01,-9.999988079071044922e-01,-9.999990463256835938e-01,-9.999950528144836426e-01,-9.999989867210388184e-01,9.999980330467224121e-01,-9.999988079071044922e-01,9.999943375587463379e-01,-9.999951124191284180e-01,-9.999935626983642578e-01,-9.999858140945434570e-01,-9.999983906745910645e-01,9.999897480010986328e-01,9.999987483024597168e-01,-9.999924898147583008e-01,-9.999948740005493164e-01,9.999923110008239746e-01,9.999974966049194336e-01,-9.999988079071044922e-01,9.999980330467224121e-01,-9.999982118606567383e-01,-9.999808669090270996e-01,-9.999499320983886719e-01,9.999988675117492676e-01,9.999927282333374023e-01,9.999917149543762207e-01,-9.999922513961791992e-01,9.999982714653015137e-01,-9.999861121177673340e-01,-9.999971985816955566e-01,9.999969601631164551e-01,-9.999977946281433105e-01,-9.999855160713195801e-01,9.999989271163940430e-01,-9.999988079071044922e-01,9.999972581863403320e-01,-9.999967813491821289e-01,9.999988675117492676e-01,9.999551773071289062e-01,9.999571442604064941e-01,9.999986290931701660e-01,9.999946951866149902e-01,-9.999802708625793457e-01,-9.999984502792358398e-01,-9.999939799308776855e-01,9.999984502792358398e-01,-9.999985098838806152e-01,9.999971985816955566e-01,-9.999980330467224121e-01,-9.998683929443359375e-01,9.999989867210388184e-01,-9.999963045120239258e-01,9.999989271163940430e-01,-9.999977350234985352e-01,-9.999952316284179688e-01,-9.999955296516418457e-01,-9.999982714653015137e-01,9.999966621398925781e-01,9.999972581863403320e-01,-9.999966025352478027e-01,-9.999909400939941406e-01,-9.999940991401672363e-01,9.999164342880249023e-01,-9.999885559082031250e-01
-9.999985098838806152e-01,9.999987483024597168e-01,9.999948740005493164e-01,-9.999973177909851074e-01,-9.999989271163940430e-01,9.999988675117492676e-01,-9.999949932098388672e-01,-9.999991655349731445e-01,9.999909400939941406e-01,-9.999986290931701660e-01,9.999989271163940430e-01,9.999990463256835938e-01,-9.999981522560119629e-01,-9.999985694885253906e-01,-9.999960064888000488e-01,-9.999932050704956055e-01,-9.999977350234985352e-01,9.999979138374328613e-01,-9.999926090240478516e-01,9.999992251396179199e-01,9.999991655349731445e-01,-9.999951720237731934e-01,-9.999988079071044922e-01,-9.999970793724060059e-01,-9.999907612800598145e-01,-9.999990463256835938e-01,9.999983906745910645e-01,9.999989271163940430e-01,-9.999927878379821777e-01,9.999972581863403320e-01,9.999909400939941406e-01,9.999982714653015137e-01,-9.999833703041076660e-01,-9.999948740005493164e-01,9.999981522560119629e-01,-9.999600052833557129e-01,-9.999991059303283691e-01,-9.999986290931701660e-01,-9.999820590019226074e-01,9.999989271163940430e-01,-9.999988079071044922e-01,-9.999927878379821777e-01,-9.999833106994628906e-01,-9.999992251396179199e-01,-9.999983310699462891e-01,-9.999980330467224121e-01,9.999942183494567871e-01,-9.999988079071044922e-01,-9.999987483024597168e-01,9.999986290931701660e-01,9.999989271163940430e-01,9.999987483024597168e-01,9.999988675117492676e-01,9.999939799308776855e-01,9.999987483024597168e-01,9.999982118606567383e-01,-9.999790787696838379e-01,-9.999954104423522949e-01,-9.999939799308776855e-01,-9.999983906745910645e-01,9.999985098838806152e-01,-9.999989271163940430e-01,-9.999985098838806152e-01,-9.999959468841552734e-01,9.999938011169433594e-01,9.999989867210388184e-01,9.999991655349731445e-01,9.999957680702209473e-01,9.999991059303283691e-01,-9.999982714653015137e-01,9.999989867210388184e-01,-9.999950528144836426e-01,9.999957084655761719e-01,9.999944567680358887e-01,9.999878406524658203e-01,9.999986290931701660e-01,-9.999911785125732422e-01,-9.999989271163940430e-01,9.999935030937194824e-01,9.999955892562866211e-01,-9.999935030937194824e-01,-9.999977946281433105e-01,9.999989867210388184e-01,-9.999983310699462891e-01,9.999984502792358398e-01,9.999834895133972168e-01,9.999568462371826172e-01,-9.999991059303283691e-01,-9.999938011169433594e-01,-9.999928474426269531e-01,9.999933242797851562e-01,-9.999985098838806152e-01,9.999880790710449219e-01,9.999974966049194336e-01,-9.999973177909851074e-01,9.999980926513671875e-01,9.999874830245971680e-01,-9.999991655349731445e-01,9.999989867210388184e-01,-9.999976158142089844e-01,9.999971985816955566e-01,-9.999990463256835938e-01,-9.999613761901855469e-01,-9.999631047248840332e-01,-9.999988079071044922e-01,-9.999953508377075195e-01,9.999830126762390137e-01,9.999986290931701660e-01,9.999949336051940918e-01,-9.999986886978149414e-01,9.999987483024597168e-01,-9.999975562095642090e-01,9.999984502792358398e-01,9.998866319656372070e-01,-9.999992847442626953e-01,9.999968409538269043e-01,-9.999991059303283691e-01,9.999980926513671875e-01,9.999958872795104980e-01,9.999961256980895996e-01,9.999985098838806152e-01,-9.999971389770507812e-01,-9.999976158142089844e-01,9.999970793724060059e-01,9.999922513961791992e-01,9.999949932098388672e-01,-9.999281764030456543e-01,9.999901652336120605e-01
-9.999939799308776855e-01,9.999948740005493164e-01,9.999797940254211426e-01,-9.999893903732299805e-01,-9.999960064888000488e-01,9.999957084655761719e-01,-9.999805092811584473e-01,-9.999965429306030273e-01,9.999647736549377441e-01,-9.999948143959045410e-01,9.999957680702209473e-01,9.999962449073791504e-01,-9.999924302101135254e-01,-9.999943375587463379e-01,-9.999851584434509277e-01,-9.999731183052062988e-01,-9.999913573265075684e-01,9.999917149543762207e-01,-9.999713301658630371e-01,9.999967217445373535e-01,9.999962449073791504e-01,-9.999811053276062012e-01,-9.999951124191284180e-01,-9.999888539314270020e-01,-9.999638795852661133e-01,-9.999960064888000488e-01,9.999936223030090332e-01,9.999958276748657227e-01,-9.999717473983764648e-01,9.999890327453613281e-01,9.999645948410034180e-01,9.999930262565612793e-01,-9.999349117279052734e-01,-9.999799728393554688e-01,9.999928474426269531e-01,-9.998436570167541504e-01,-9.999962449073791504e-01,-9.999947547912597656e-01,-9.999296665191650391e-01,9.999960064888000488e-01,-9.999951124191284180e-01,-9.999719262123107910e-01,-9.999343156814575195e-01,-9.999962449073791504e-01,-9.999936223030090332e-01,-9.999924302101135254e-01,9.999772310256958008e-01,-9.999955296516418457e-01,-9.999951124191284180e-01,9.999948740005493164e-01,9.999958276748657227e-01,9.999952316284179688e-01,9.999955296516418457e-01,9.999760985374450684e-01,9.999952912330627441e-01,9.999932050704956055e-01,-9.999183416366577148e-01,-9.999821782112121582e-01,-9.999766349792480469e-01,-9.999936819076538086e-01,9.999941587448120117e-01,-9.999958872795104980e-01,-9.999942183494567871e-01,-9.999843835830688477e-01,9.999760389328002930e-01,9.999959468841552734e-01,9.999967217445373535e-01,9.999833703041076660e-01,9.999964833259582520e-01,-9.999934434890747070e-01,9.999959468841552734e-01,-9.999806880950927734e-01,9.999833106994628906e-01,9.999780654907226562e-01,9.999522566795349121e-01,9.999946951866149902e-01,-9.999657273292541504e-01,-9.999957680702209473e-01,9.999746084213256836e-01,9.999827742576599121e-01,-9.999741911888122559e-01,-9.999915361404418945e-01,9.999958872795104980e-01,-9.999935626983642578e-01,9.999941587448120117e-01,9.999353885650634766e-01,9.998315572738647461e-01,-9.999961853027343750e-01,-9.999755620956420898e-01,-9.999721646308898926e-01,9.999738931655883789e-01,-9.999942183494567871e-01,9.999529719352722168e-01,9.999904632568359375e-01,-9.999896883964538574e-01,9.999926686286926270e-01,9.999508857727050781e-01,-9.999964237213134766e-01,9.999958276748657227e-01,-9.999908208847045898e-01,9.999892711639404297e-01,-9.999961256980895996e-01,-9.998493194580078125e-01,-9.998558759689331055e-01,-9.999954104423522949e-01,-9.999821186065673828e-01,9.999336004257202148e-01,9.999946355819702148e-01,9.999797940254211426e-01,-9.999948740005493164e-01,9.999950528144836426e-01,-9.999903440475463867e-01,9.999935626983642578e-01,9.995576143264770508e-01,-9.999966025352478027e-01,9.999877214431762695e-01,-9.999964833259582520e-01,9.999923706054687500e-01,9.999839663505554199e-01,9.999850392341613770e-01,9.999938607215881348e-01,-9.999889731407165527e-01,-9.999907016754150391e-01,9.999886751174926758e-01,9.999697208404541016e-01,9.999800920486450195e-01,-9.997193813323974609e-01,9.999612569808959961e-01
9.999969005584716797e-01,-9.999973177909851074e-01,-9.999893903732299805e-01,9.999944567680358887e-01,9.999979138374328613e-01,-9.999976754188537598e-01,9.999897480010986328e-01,9.999982118606567383e-01,-9.999815821647644043e-01,9.999972581863403320e-01,-9.999977350234985352e-01,-9.999979734420776367e-01,9.999959468841552734e-01,9.999969601631164551e-01,9.999922513961791992e-01,9.999858736991882324e-01,9.999954700469970703e-01,-9.999955892562866211e-01,9.999849200248718262e-01,-9.999981522560119629e-01,-9.999980330467224121e-01,9.999901056289672852e-01,9.999974966049194336e-01,9.999941587448120117e-01,9.999811053276062012e-01,9.999979734420776367e-01,-9.999965429306030273e-01,-9.999978542327880859e-01,9.999852180480957031e-01,-9.999942183494567871e-01,-9.999815225601196289e-01,-9.999962449073791504e-01,9.999659061431884766e-01,9.999895691871643066e-01,-9.999963045120239258e-01,9.999179840087890625e-01,9.999980330467224121e-01,9.999971985816955566e-01,9.999631047248840332e-01,-9.999978542327880859e-01,9.999974966049194336e-01,9.999852180480957031e-01,9.999656081199645996e-01,9.999980330467224121e-01,9.999965429306030273e-01,9.999959468841552734e-01,-9.999881386756896973e-01,9.999976158142089844e-01,9.999973773956298828e-01,-9.999973177909851074e-01,-9.999977946281433105e-01,-9.999974370002746582e-01,-9.999976754188537598e-01,-9.999874234199523926e-01,-9.999974370002746582e-01,-9.999964237213134766e-01,9.999571442604064941e-01,9.999906420707702637e-01,9.999877214431762695e-01,9.999966025352478027e-01,-9.999969005584716797e-01,9.999978542327880859e-01,9.999969005584716797e-01,9.999918341636657715e-01,-9.999874830245971680e-01,-9.999978542327880859e-01,-9.999983310699462891e-01,-9.999912381172180176e-01,-9.999982118606567383e-01,9.999964237213134766e-01,-9.999977946281433105e-01,9.999898076057434082e-01,-9.999912977218627930e-01,-9.999884366989135742e-01,-9.999749660491943359e-01,-9.999971985816955566e-01,9.999820590019226074e-01,9.999977946281433105e-01,-9.999867677688598633e-01,-9.999909400939941406e-01,9.999864697456359863e-01,9.999955296516418457e-01,-9.999978542327880859e-01,9.999965429306030273e-01,-9.999969005584716797e-01,-9.999662041664123535e-01,-9.999116659164428711e-01,9.999980330467224121e-01,9.999871253967285156e-01,9.999853968620300293e-01,-9.999862313270568848e-01,9.999969601631164551e-01,-9.999754428863525391e-01,-9.999949932098388672e-01,9.999945759773254395e-01,-9.999961256980895996e-01,-9.999742507934570312e-01,9.999980330467224121e-01,-9.999977350234985352e-01,9.999951720237731934e-01,-9.999943971633911133e-01,9.999979734420776367e-01,9.999209642410278320e-01,9.999244809150695801e-01,9.999975562095642090e-01,9.999906420707702637e-01,-9.999651908874511719e-01,-9.999971389770507812e-01,-9.999895095825195312e-01,9.999972581863403320e-01,-9.999973773956298828e-01,9.999949336051940918e-01,-9.999966025352478027e-01,-9.997682571411132812e-01,9.999981522560119629e-01,-9.999935626983642578e-01,9.999980926513671875e-01,-9.999959468841552734e-01,-9.999915361404418945e-01,-9.999921321868896484e-01,-9.999967217445373535e-01,9.999942779541015625e-01,9.999951124191284180e-01,-9.999939799308776855e-01,-9.999840259552001953e-01,-9.999895691871643066e-01,9.998530149459838867e-01,-9.999797940254211426e-01
9.999988675117492676e-01,-9.999989271163940430e-01,-9.999960064888000488e-01,9.999979138374328613e-01,9.999992251396179199e-01,-9.999991655349731445e-01,9.999960660934448242e-01,9.999993443489074707e-01,-9.999930262565612793e-01,9.999989271163940430e-01,-9.999992847442626953e-01,-9.999993443489074707e-01,9.999984502792358398e-01,9.999989271163940430e-01,9.999970197677612305e-01,9.999946355819702148e-01,9.999982118606567383e-01,-9.999983310699462891e-01,9.999942779541015625e-01,-9.999994039535522461e-01,-9.999993443489074707e-01,9.999961853027343750e-01,9.999990463256835938e-01,9.999977350234985352e-01,9.999927878379821777e-01,9.999993443489074707e-01,-9.999987483024597168e-01,-9.999992251396179199e-01,9.999943971633911133e-01,-9.999977946281433105e-01,-9.999929666519165039e-01,-9.999986290931701660e-01,9.999871253967285156e-01,9.999960064888000488e-01,-9.999986290931701660e-01,9.999687671661376953e-01,9.999992847442626953e-01,9.999989271163940430e-01,9.999861121177673340e-01,-9.999991655349731445e-01,9.999990463256835938e-01,9.999943971633911133e-01,9.999870061874389648e-01,9.999994039535522461e-01,9.999986886978149414e-01,9.999984502792358398e-01,-9.999955296516418457e-01,9.999991655349731445e-01,9.999990463256835938e-01,-9.999989271163940430e-01,-9.999992251396179199e-01,-9.999991059303283691e-01,-9.999991655349731445e-01,-9.999952316284179688e-01,-9.999991059303283691e-01,-9.999986886978149414e-01,9.999837875366210938e-01,9.999964237213134766e-01,9.999953508377075195e-01,9.999986886978149414e-01,-9.999987483024597168e-01,9.999992847442626953e-01,9.999988079071044922e-01,9.999968409538269043e-01,-9.999952316284179688e-01,-9.999992251396179199e-01,-9.999993443489074707e-01,-9.999967217445373535e-01,-9.999994039535522461e-01,9.999985694885253906e-01,-9.999992251396179199e-01,9.999960660934448242e-01,-9.999966621398925781e-01,-9.999957084655761719e-01,-9.999905824661254883e-01,-9.999989271163940430e-01,9.999930858612060547e-01,9.999992847442626953e-01,-9.999949932098388672e-01,-9.999964833259582520e-01,9.999948740005493164e-01,9.999983906745910645e-01,-9.999992847442626953e-01,9.999986886978149414e-01,-9.999988079071044922e-01,-9.999871253967285156e-01,-9.999665021896362305e-01,9.999992847442626953e-01,9.999951720237731934e-01,9.999944567680358887e-01,-9.999948143959045410e-01,9.999988079071044922e-01,-9.999907016754150391e-01,-9.999981522560119629e-01,9.999979734420776367e-01,-9.999985098838806152e-01,-9.999902844429016113e-01,9.999993443489074707e-01,-9.999991655349731445e-01,9.999981522560119629e-01,-9.999979138374328613e-01,9.999992847442626953e-01,9.999700188636779785e-01,9.999713301658630371e-01,9.999991059303283691e-01,9.999964237213134766e-01,-9.999867677688598633e-01,-9.999989271163940430e-01,-9.999960660934448242e-01,9.999989271163940430e-01,-9.999990463256835938e-01,9.999980330467224121e-01,-9.999987483024597168e-01,-9.999119639396667480e-01,9.999994039535522461e-01,-9.999976158142089844e-01,9.999993443489074707e-01,-9.999984502792358398e-01,-9.999967813491821289e-01,-9.999969601631164551e-01,-9.999987483024597168e-01,9.999977946281433105e-01,9.999982118606567383e-01,-9.999977350234985352e-01,-9.999938607215881348e-01,-9.999959468841552734e-01,9.999440908432006836e-01,-9.999923706054687500e-01
-9.999986886978149414e-01,9.999988675117492676e-01,9.999957084655761719e-01,-9.999976754188537598e-01,-9.999991655349731445e-01,9.999991059303283691e-01,-9.999957084655761719e-01,-9.999992847442626953e-01,9.999924302101135254e-01,-9.999988079071044922e-01,9.999991059303283691e-01,9.999992251396179199e-01,-9.999983310699462891e-01,-9.999988079071044922e-01,-9.999967813491821289e-01,-9.999942183494567871e-01,-9.999980926513671875e-01,9.999980926513671875e-01,-9.999938011169433594e-01,9.999993443489074707e-01,9.999992251396179199e-01,-9.999958872795104980e-01,-9.999988675117492676e-01,-9.999974966049194336e-01,-9.999921321868896484e-01,-9.999991655349731445e-01,9.999985694885253906e-01,9.999990463256835938e-01,-9.999939203262329102e-01,9.999976158142089844e-01,9.999923110008239746e-01,9.999984502792358398e-01,-9.999860525131225586e-01,-9.999957680702209473e-01,9.999984502792358398e-01,-9.999663233757019043e-01,-9.999992251396179199e-01,-9.999988675117492676e-01,-9.999849200248718262e-01,9.999991655349731445e-01,-9.999989271163940430e-01,-9.999939203262329102e-01,-9.999858736991882324e-01,-9.999992251396179199e-01,-9.999985694885253906e-01,-9.999983310699462891e-01,9.999951720237731934e-01,-9.999990463256835938e-01,-9.999989271163940430e-01,9.999988079071044922e-01,9.999990463256835938e-01,9.999989271163940430e-01,9.999990463256835938e-01,9.999948740005493164e-01,9.999989271163940430e-01,9.999985694885253906e-01,-9.999824762344360352e-01,-9.999961256980895996e-01,-9.999949336051940918e-01,-9.999986290931701660e-01,9.999986290931701660e-01,-9.999991059303283691e-01,-9.999986886978149414e-01,-9.999964833259582520e-01,9.999948143959045410e-01,9.999991655349731445e-01,9.999992847442626953e-01,9.999963641166687012e-01,9.999993443489074707e-01,-9.999985098838806152e-01,9.999991655349731445e-01,-9.999958276748657227e-01,9.999963641166687012e-01,9.999952912330627441e-01,9.999898076057434082e-01,9.999989271163940430e-01,-9.999925494194030762e-01,-9.999991059303283691e-01,9.999945163726806641e-01,9.999962449073791504e-01,-9.999944567680358887e-01,-9.999982714653015137e-01,9.999991655349731445e-01,-9.999985694885253906e-01,9.999987483024597168e-01,9.999861121177673340e-01,9.999637603759765625e-01,-9.999991059303283691e-01,-9.999947547912597656e-01,-9.999940395355224609e-01,9.999943971633911133e-01,-9.999987483024597168e-01,9.999899268150329590e-01,9.999979734420776367e-01,-9.999977350234985352e-01,9.999983906745910645e-01,9.999895095825195312e-01,-9.999992847442626953e-01,9.999991059303283691e-01,-9.999979734420776367e-01,9.999976158142089844e-01,-9.999992251396179199e-01,-9.999675750732421875e-01,-9.999690651893615723e-01,-9.999990463256835938e-01,-9.999961256980895996e-01,9.999856352806091309e-01,9.999988079071044922e-01,9.999956488609313965e-01,-9.999988675117492676e-01,9.999989867210388184e-01,-9.999979138374328613e-01,9.999985098838806152e-01,9.999048709869384766e-01,-9.999992847442626953e-01,9.999973177909851074e-01,-9.999992847442626953e-01,9.999983310699462891e-01,9.999964237213134766e-01,9.999966621398925781e-01,9.999986886978149414e-01,-9.999976158142089844e-01,-9.999980330467224121e-01,9.999974370002746582e-01,9.999933838844299316e-01,9.999957084655761719e-01,-9.999396800994873047e-01,9.999916553497314453e-01
9.999941587448120117e-01,-9.999949932098388672e-01,-9.999805092811584473e-01,9.999897480010986328e-01,9.999960660934448242e-01,-9.999957084655761719e-01,9.999812245368957520e-01,9.999966025352478027e-01,-9.999660253524780273e-01,9.999949336051940918e-01,-9.999959468841552734e-01,-9.999962449073791504e-01,9.999926686286926270e-01,9.999944567680358887e-01,9.999856352806091309e-01,9.999740123748779297e-01,9.999915361404418945e-01,-9.999920129776000977e-01,9.999722838401794434e-01,-9.999967217445373535e-01,-9.999963641166687012e-01,9.999817609786987305e-01,9.999952912330627441e-01,9.999892115592956543e-01,9.999651908874511719e-01,9.999961256980895996e-01,-9.999938011169433594e-01,-9.999959468841552734e-01,9.999728202819824219e-01,-9.999894499778747559e-01,-9.999659061431884766e-01,-9.999932646751403809e-01,9.999372959136962891e-01,9.999806284904479980e-01,-9.999930858612060547e-01,9.998494386672973633e-01,9.999963045120239258e-01,9.999949336051940918e-01,9.999322295188903809e-01,-9.999959468841552734e-01,9.999952912330627441e-01,9.999728798866271973e-01,9.999366402626037598e-01,9.999962449073791504e-01,9.999936819076538086e-01,9.999926090240478516e-01,-9.999780654907226562e-01,9.999956488609313965e-01,9.999952316284179688e-01,-9.999949336051940918e-01,-9.999960064888000488e-01,-9.999954104423522949e-01,-9.999956488609313965e-01,-9.999769330024719238e-01,-9.999952912330627441e-01,-9.999933242797851562e-01,9.999212622642517090e-01,9.999828338623046875e-01,9.999774694442749023e-01,9.999939203262329102e-01,-9.999943971633911133e-01,9.999961853027343750e-01,9.999943971633911133e-01,9.999849796295166016e-01,-9.999769330024719238e-01,-9.999960064888000488e-01,-9.999967217445373535e-01,-9.999839663505554199e-01,-9.999964833259582520e-01,9.999935626983642578e-01,-9.999960064888000488e-01,9.999814033508300781e-01,-9.999839663505554199e-01,-9.999787807464599609e-01,-9.999540448188781738e-01,-9.999948740005493164e-01,9.999669194221496582e-01,9.999958276748657227e-01,-9.999755620956420898e-01,-9.999833703041076660e-01,9.999751448631286621e-01,9.999917745590209961e-01,-9.999960660934448242e-01,9.999938011169433594e-01,-9.999943375587463379e-01,-9.999377131462097168e-01,-9.998377561569213867e-01,9.999963641166687012e-01,9.999763965606689453e-01,9.999730587005615234e-01,-9.999748468399047852e-01,9.999944567680358887e-01,-9.999546408653259277e-01,-9.999908208847045898e-01,9.999899864196777344e-01,-9.999928474426269531e-01,-9.999526739120483398e-01,9.999966025352478027e-01,-9.999959468841552734e-01,9.999911189079284668e-01,-9.999896883964538574e-01,9.999963045120239258e-01,9.998548030853271484e-01,9.998612403869628906e-01,9.999955892562866211e-01,9.999827742576599121e-01,-9.999360442161560059e-01,-9.999948740005493164e-01,-9.999805688858032227e-01,9.999949932098388672e-01,-9.999951720237731934e-01,9.999907016754150391e-01,-9.999938011169433594e-01,-9.995740056037902832e-01,9.999966025352478027e-01,-9.999881982803344727e-01,9.999965429306030273e-01,-9.999925494194030762e-01,-9.999845027923583984e-01,-9.999854564666748047e-01,-9.999940991401672363e-01,9.999894499778747559e-01,9.999909996986389160e-01,-9.999890327453613281e-01,-9.999707341194152832e-01,-9.999808073043823242e-01,9.997296929359436035e-01,-9.999626278877258301e-01
9.999990463256835938e-01,-9.999991655349731445e-01,-9.999965429306030273e-01,9.999982118606567383e-01,9.999993443489074707e-01,-9.999992847442626953e-01,9.999966025352478027e-01,9.999994039535522461e-01,-9.999940395355224609e-01,9.999991655349731445e-01,-9.999994039535522461e-01,-9.999994039535522461e-01,9.999987483024597168e-01,9.999991059303283691e-01,9.999974370002746582e-01,9.999955296516418457e-01,9.999985098838806152e-01,-9.999985694885253906e-01,9.999952316284179688e-01,-9.999994039535522461e-01,-9.999994635581970215e-01,9.999968409538269043e-01,9.999992251396179199e-01,9.999980926513671875e-01,9.999939203262329102e-01,9.999993443489074707e-01,-9.999989867210388184e-01,-9.999993443489074707e-01,9.999952912330627441e-01,-9.999981522560119629e-01,-9.999940991401672363e-01,-9.999988675117492676e-01,9.999892115592956543e-01,9.999966025352478027e-01,-9.999988079071044922e-01,9.999739527702331543e-01,9.999993443489074707e-01,9.999990463256835938e-01,9.999883174896240234e-01,-9.999993443489074707e-01,9.999992251396179199e-01,9.999952316284179688e-01,9.999890923500061035e-01,9.999994039535522461e-01,9.999989271163940430e-01,9.999986290931701660e-01,-9.999961256980895996e-01,9.999992847442626953e-01,9.999991059303283691e-01,-9.999991655349731445e-01,-9.999992847442626953e-01,-9.999992251396179199e-01,-9.999992847442626953e-01,-9.999959468841552734e-01,-9.999992251396179199e-01,-9.999989271163940430e-01,9.999864101409912109e-01,9.999970197677612305e-01,9.999960660934448242e-01,9.999988675117492676e-01,-9.999989271163940430e-01,9.999994039535522461e-01,9.999989867210388184e-01,9.999972581863403320e-01,-9.999959468841552734e-01,-9.999992847442626953e-01,-9.999994635581970215e-01,-9.999971985816955566e-01,-9.999995231628417969e-01,9.999988675117492676e-01,-9.999993443489074707e-01,9.999967217445373535e-01,-9.999970793724060059e-01,-9.999963045120239258e-01,-9.999921917915344238e-01,-9.999991655349731445e-01,9.999942183494567871e-01,9.999994039535522461e-01,-9.999957084655761719e-01,-9.999970793724060059e-01,9.999957084655761719e-01,9.999985694885253906e-01,-9.999993443489074707e-01,9.999988675117492676e-01,-9.999990463256835938e-01,-9.999892711639404297e-01,-9.999719858169555664e-01,9.999993443489074707e-01,9.999959468841552734e-01,9.999953508377075195e-01,-9.999955892562866211e-01,9.999991059303283691e-01,-9.999923110008239746e-01,-9.999983906745910645e-01,9.999982714653015137e-01,-9.999986886978149414e-01,-9.999918937683105469e-01,9.999993443489074707e-01,-9.999994039535522461e-01,9.999984502792358398e-01,-9.999982118606567383e-01,9.999994039535522461e-01,9.999749660491943359e-01,9.999761581420898438e-01,9.999992847442626953e-01,9.999970197677612305e-01,-9.999889731407165527e-01,-9.999990463256835938e-01,-9.999966025352478027e-01,9.999991655349731445e-01,-9.999992251396179199e-01,9.999982714653015137e-01,-9.999989271163940430e-01,-9.999263882637023926e-01,9.999994635581970215e-01,-9.999979138374328613e-01,9.999994635581970215e-01,-9.999987483024597168e-01,-9.999971985816955566e-01,-9.999973773956298828e-01,-9.999989867210388184e-01,9.999981522560119629e-01,9.999984502792358398e-01,-9.999980926513671875e-01,-9.999949336051940918e-01,-9.999965429306030273e-01,9.999532699584960938e-01,-9.999935626983642578e-01
-9.999895691871643066e-01,9.999909400939941406e-01,9.999647736549377441e-01,-9.999815821647644043e-01,-9.999930262565612793e-01,9.999924302101135254e-01,-9.999660253524780273e-01,-9.999940395355224609e-01,9.999389648437500000e-01,-9.999909400939941406e-01,9.999925494194030762e-01,9.999933838844299316e-01,-9.999867677688598633e-01,-9.999900460243225098e-01,-9.999743700027465820e-01,-9.999530911445617676e-01,-9.999849200248718262e-01,9.999855160713195801e-01,-9.999501109123229980e-01,9.999942779541015625e-01,9.999933838844299316e-01,-9.999672174453735352e-01,-9.999915361404418945e-01,-9.999806284904479980e-01,-9.999373555183410645e-01,-9.999931454658508301e-01,9.999887943267822266e-01,9.999926090240478516e-01,-9.999509453773498535e-01,9.999809861183166504e-01,9.999387860298156738e-01,9.999877214431762695e-01,-9.998873472213745117e-01,-9.999650716781616211e-01,9.999876022338867188e-01,-9.997292757034301758e-01,-9.999936223030090332e-01,-9.999908804893493652e-01,-9.998782277107238770e-01,9.999930262565612793e-01,-9.999914765357971191e-01,-9.999510645866394043e-01,-9.998862743377685547e-01,-9.999935626983642578e-01,-9.999886751174926758e-01,-9.999867677688598633e-01,9.999603629112243652e-01,-9.999921917915344238e-01,-9.999914169311523438e-01,9.999909996986389160e-01,9.999927878379821777e-01,9.999916553497314453e-01,9.999921917915344238e-01,9.999583363533020020e-01,9.999916553497314453e-01,9.999880194664001465e-01,-9.998586177825927734e-01,-9.999691247940063477e-01,-9.999592304229736328e-01,-9.999892115592956543e-01,9.999897480010986328e-01,-9.999931454658508301e-01,-9.999899268150329590e-01,-9.999728798866271973e-01,9.999585747718811035e-01,9.999930858612060547e-01,9.999940991401672363e-01,9.999709725379943848e-01,9.999938011169433594e-01,-9.999885559082031250e-01,9.999929070472717285e-01,-9.999663829803466797e-01,9.999711513519287109e-01,9.999618530273437500e-01,9.999171495437622070e-01,9.999907612800598145e-01,-9.999405741691589355e-01,-9.999924302101135254e-01,9.999561309814453125e-01,9.999700784683227539e-01,-9.999552965164184570e-01,-9.999852180480957031e-01,9.999927878379821777e-01,-9.999887347221374512e-01,9.999897480010986328e-01,9.998880624771118164e-01,9.997082948684692383e-01,-9.999935030937194824e-01,-9.999574422836303711e-01,-9.999516010284423828e-01,9.999547004699707031e-01,-9.999899864196777344e-01,9.999185204505920410e-01,9.999833703041076660e-01,-9.999819993972778320e-01,9.999873042106628418e-01,9.999148249626159668e-01,-9.999938607215881348e-01,9.999926686286926270e-01,-9.999840259552001953e-01,9.999813437461853027e-01,-9.999933838844299316e-01,-9.997390508651733398e-01,-9.997506141662597656e-01,-9.999920725822448730e-01,-9.999690651893615723e-01,9.998850226402282715e-01,9.999907016754150391e-01,9.999649524688720703e-01,-9.999909400939941406e-01,9.999912977218627930e-01,-9.999832510948181152e-01,9.999887943267822266e-01,9.992345571517944336e-01,-9.999939799308776855e-01,9.999787807464599609e-01,-9.999937415122985840e-01,9.999865889549255371e-01,9.999722242355346680e-01,9.999739527702331543e-01,9.999893903732299805e-01,-9.999808669090270996e-01,-9.999837875366210938e-01,9.999803304672241211e-01,9.999473690986633301e-01,9.999653697013854980e-01,-9.995142817497253418e-01,9.999327659606933594e-01
9.999984502792358398e-01,-9.999986290931701660e-01,-9.999948143959045410e-01,9.999972581863403320e-01,9.999989271163940430e-01,-9.999988079071044922e-01,9.999949336051940918e-01,9.999991655349731445e-01,-9.999909400939941406e-01,9.999985694885253906e-01,-9.999988675117492676e-01,-9.999990463256835938e-01,9.999980330467224121e-01,9.999985694885253906e-01,9.999961256980895996e-01,9.999930858612060547e-01,9.999977350234985352e-01,-9.999978542327880859e-01,9.999926090240478516e-01,-9.999991059303283691e-01,-9.999991655349731445e-01,9.999951720237731934e-01,9.999987483024597168e-01,9.999970197677612305e-01,9.999907016754150391e-01,9.999989867210388184e-01,-9.999983310699462891e-01,-9.999989271163940430e-01,9.999926686286926270e-01,-9.999971389770507812e-01,-9.999909400939941406e-01,-9.999982714653015137e-01,9.999833703041076660e-01,9.999948740005493164e-01,-9.999981522560119629e-01,9.999599456787109375e-01,9.999989867210388184e-01,9.999986290931701660e-01,9.999819993972778320e-01,-9.999989867210388184e-01,9.999987483024597168e-01,9.999927878379821777e-01,9.999832510948181152e-01,9.999991059303283691e-01,9.999983310699462891e-01,9.999979138374328613e-01,-9.999942183494567871e-01,9.999988079071044922e-01,9.999987483024597168e-01,-9.999985694885253906e-01,-9.999988675117492676e-01,-9.999987483024597168e-01,-9.999988079071044922e-01,-9.999938607215881348e-01,-9.999987483024597168e-01,-9.999982118606567383e-01,9.999791383743286133e-01,9.999954104423522949e-01,9.999939799308776855e-01,9.999982714653015137e-01,-9.999983906745910645e-01,9.999989271163940430e-01,9.999983906745910645e-01,9.999959468841552734e-01,-9.999938011169433594e-01,-9.999989867210388184e-01,-9.999991655349731445e-01,-9.999957680702209473e-01,-9.999991059303283691e-01,9.999982118606567383e-01,-9.999989271163940430e-01,9.999950528144836426e-01,-9.999957084655761719e-01,-9.999943375587463379e-01,-9.999877810478210449e-01,-9.999986290931701660e-01,9.999911785125732422e-01,9.999989271163940430e-01,-9.999934434890747070e-01,-9.999955892562866211e-01,9.999933838844299316e-01,9.999977946281433105e-01,-9.999989867210388184e-01,9.999983310699462891e-01,-9.999983906745910645e-01,-9.999834895133972168e-01,-9.999568462371826172e-01,9.999991059303283691e-01,9.999937415122985840e-01,9.999928474426269531e-01,-9.999933242797851562e-01,9.999985098838806152e-01,-9.999879598617553711e-01,-9.999974966049194336e-01,9.999973177909851074e-01,-9.999979734420776367e-01,-9.999874234199523926e-01,9.999990463256835938e-01,-9.999989271163940430e-01,9.999976158142089844e-01,-9.999971985816955566e-01,9.999990463256835938e-01,9.999613761901855469e-01,9.999631047248840332e-01,9.999988079071044922e-01,9.999953508377075195e-01,-9.999830126762390137e-01,-9.999986290931701660e-01,-9.999948143959045410e-01,9.999985694885253906e-01,-9.999986886978149414e-01,9.999974966049194336e-01,-9.999982118606567383e-01,-9.998867511749267578e-01,9.999991655349731445e-01,-9.999968409538269043e-01,9.999990463256835938e-01,-9.999979734420776367e-01,-9.999958276748657227e-01,-9.999961256980895996e-01,-9.999983906745910645e-01,9.999971389770507812e-01,9.999975562095642090e-01,-9.999969601631164551e-01,-9.999922513961791992e-01,-9.999948740005493164e-01,9.999281167984008789e-01,-9.999901056289672852e-01
-9.999988079071044922e-01,9.999989271163940430e-01,9.999957680702209473e-01,-9.999977350234985352e-01,-9.999992847442626953e-01,9.999991059303283691e-01,-9.999959468841552734e-01,-9.999994039535522461e-01,9.999925494194030762e-01,-9.999988675117492676e-01,9.999992251396179199e-01,9.999992251396179199e-01,-9.999983906745910645e-01,-9.999988079071044922e-01,-9.999968409538269043e-01,-9.999942779541015625e-01,-9.999981522560119629e-01,9.999982118606567383e-01,-9.999939203262329102e-01,9.999993443489074707e-01,9.999993443489074707e-01,-9.999960064888000488e-01,-9.999989271163940430e-01,-9.999976158142089844e-01,-9.999923706054687500e-01,-9.999992847442626953e-01,9.999986886978149414e-01,9.999991655349731445e-01,-9.999940395355224609e-01,9.999977350234985352e-01,9.999925494194030762e-01,9.999984502792358398e-01,-9.999862313270568848e-01,-9.999957680702209473e-01,9.999984502792358398e-01,-9.999668598175048828e-01,-9.999991655349731445e-01,-9.999988675117492676e-01,-9.999852180480957031e-01,9.999991655349731445e-01,-9.999989867210388184e-01,-9.999940395355224609e-01,-9.999861121177673340e-01,-9.999993443489074707e-01,-9.999986290931701660e-01,-9.999983906745910645e-01,9.999952316284179688e-01,-9.999991059303283691e-01,-9.999989271163940430e-01,9.999988675117492676e-01,9.999990463256835938e-01,9.999990463256835938e-01,9.999991059303283691e-01,9.999949932098388672e-01,9.999989867210388184e-01,9.999986290931701660e-01,-9.999827146530151367e-01,-9.999961853027343750e-01,-9.999950528144836426e-01,-9.999986886978149414e-01,9.999987483024597168e-01,-9.999992251396179199e-01,-9.999987483024597168e-01,-9.999966621398925781e-01,9.999948740005493164e-01,9.999991059303283691e-01,9.999993443489074707e-01,9.999965429306030273e-01,9.999992847442626953e-01,-9.999985098838806152e-01,9.999991655349731445e-01,-9.999959468841552734e-01,9.999964237213134766e-01,9.999954104423522949e-01,9.999898672103881836e-01,9.999988675117492676e-01,-9.999927282333374023e-01,-9.999991059303283691e-01,9.999946355819702148e-01,9.999963045120239258e-01,-9.999945163726806641e-01,-9.999982714653015137e-01,9.999992847442626953e-01,-9.999986290931701660e-01,9.999988079071044922e-01,9.999863505363464355e-01,9.999642968177795410e-01,-9.999992251396179199e-01,-9.999948740005493164e-01,-9.999940991401672363e-01,9.999944567680358887e-01,-9.999987483024597168e-01,9.999901056289672852e-01,9.999979734420776367e-01,-9.999977946281433105e-01,9.999984502792358398e-01,9.999896883964538574e-01,-9.999992847442626953e-01,9.999992251396179199e-01,-9.999980330467224121e-01,9.999976754188537598e-01,-9.999992251396179199e-01,-9.999682307243347168e-01,-9.999696016311645508e-01,-9.999990463256835938e-01,-9.999961853027343750e-01,9.999859333038330078e-01,9.999988675117492676e-01,9.999957680702209473e-01,-9.999988675117492676e-01,9.999989867210388184e-01,-9.999979138374328613e-01,9.999986290931701660e-01,9.999063014984130859e-01,-9.999992847442626953e-01,9.999973773956298828e-01,-9.999992847442626953e-01,9.999984502792358398e-01,9.999964833259582520e-01,9.999967813491821289e-01,9.999986886978149414e-01,-9.999976754188537598e-01,-9.999979734420776367e-01,9.999975562095642090e-01,9.999935626983642578e-01,9.999957680702209473e-01,-9.999405741691589355e-01,9.999918341636657715e-01
-9.999989271163940430e-01,9.999990463256835938e-01,9.999962449073791504e-01,-9.999979734420776367e-01,-9.999993443489074707e-01,9.999992251396179199e-01,-9.999962449073791504e-01,-9.999994039535522461e-01,9.999933838844299316e-01,-9.999990463256835938e-01,9.999992251396179199e-01,9.999992847442626953e-01,-9.999985694885253906e-01,-9.999989271163940430e-01,-9.999970793724060059e-01,-9.999949336051940918e-01,-9.999983310699462891e-01,9.999983906745910645e-01,-9.999946355819702148e-01,9.999994039535522461e-01,9.999994039535522461e-01,-9.999963045120239258e-01,-9.999991059303283691e-01,-9.999978542327880859e-01,-9.999932050704956055e-01,-9.999992847442626953e-01,9.999987483024597168e-01,9.999992251396179199e-01,-9.999946951866149902e-01,9.999979138374328613e-01,9.999933242797851562e-01,9.999987483024597168e-01,-9.999877214431762695e-01,-9.999961256980895996e-01,9.999986290931701660e-01,-9.999704360961914062e-01,-9.999992251396179199e-01,-9.999990463256835938e-01,-9.999867677688598633e-01,9.999992847442626953e-01,-9.999992251396179199e-01,-9.999946951866149902e-01,-9.999877214431762695e-01,-9.999993443489074707e-01,-9.999987483024597168e-01,-9.999984502792358398e-01,9.999957680702209473e-01,-9.999991655349731445e-01,-9.999991059303283691e-01,9.999990463256835938e-01,9.999992251396179199e-01,9.999992251396179199e-01,9.999991655349731445e-01,9.999955296516418457e-01,9.999991059303283691e-01,9.999986886978149414e-01,-9.999846220016479492e-01,-9.999966025352478027e-01,-9.999956488609313965e-01,-9.999987483024597168e-01,9.999988079071044922e-01,-9.999992847442626953e-01,-9.999988079071044922e-01,-9.999969005584716797e-01,9.999955296516418457e-01,9.999992847442626953e-01,9.999994039535522461e-01,9.999969005584716797e-01,9.999994635581970215e-01,-9.999987483024597168e-01,9.999993443489074707e-01,-9.999963045120239258e-01,9.999968409538269043e-01,9.999958276748657227e-01,9.999910593032836914e-01,9.999990463256835938e-01,-9.999935626983642578e-01,-9.999992847442626953e-01,9.999952316284179688e-01,9.999967217445373535e-01,-9.999951124191284180e-01,-9.999983906745910645e-01,9.999993443489074707e-01,-9.999987483024597168e-01,9.999988675117492676e-01,9.999878406524658203e-01,9.999682903289794922e-01,-9.999992251396179199e-01,-9.999954700469970703e-01,-9.999947547912597656e-01,9.999950528144836426e-01,-9.999989271163940430e-01,9.999911785125732422e-01,9.999982714653015137e-01,-9.999981522560119629e-01,9.999985694885253906e-01,9.999907612800598145e-01,-9.999993443489074707e-01,9.999993443489074707e-01,-9.999982714653015137e-01,9.999979734420776367e-01,-9.999992847442626953e-01,-9.999716281890869141e-01,-9.999729394912719727e-01,-9.999991655349731445e-01,-9.999966025352478027e-01,9.999874830245971680e-01,9.999989867210388184e-01,9.999961256980895996e-01,-9.999990463256835938e-01,9.999991059303283691e-01,-9.999981522560119629e-01,9.999986886978149414e-01,9.999165534973144531e-01,-9.999993443489074707e-01,9.999976754188537598e-01,-9.999993443489074707e-01,9.999985098838806152e-01,9.999968409538269043e-01,9.999970197677612305e-01,9.999988079071044922e-01,-9.999979138374328613e-01,-9.999982118606567383e-01,9.999978542327880859e-01,9.999942183494567871e-01,9.999961853027343750e-01,-9.999469518661499023e-01,9.999926686286926270e-01
