3.668005466461181641e-01,2.153123263269662857e-03,1.046642102301120758e-02,-5.646407976746559143e-02,2.572142779827117920e-01,-2.182022929191589355e-01,9.835211932659149170e-02,3.755092024803161621e-01,5.506126210093498230e-02,3.454528748989105225e-02,-1.395480483770370483e-01,-7.991603761911392212e-02,-1.107462272047996521e-01,-3.658980596810579300e-03,3.235957399010658264e-02,1.232219710946083069e-01,2.553208032622933388e-03,2.377118170261383057e-02,9.248810261487960815e-02,7.342189084738492966e-03,-1.530457753688097000e-02,-4.637676849961280823e-02,-1.438265591859817505e-01,1.054675951600074768e-01,1.196568924933671951e-02,6.332372128963470459e-02,9.079367667436599731e-02,-2.930691540241241455e-01,-4.865239188075065613e-02,-1.007246524095535278e-01,-2.198690623044967651e-01,2.707396401092410088e-03,-4.702675342559814453e-02,-3.527462854981422424e-02,-1.886267215013504028e-02,4.140022676438093185e-03,2.793446648865938187e-03,3.083812259137630463e-02,-2.486391812562942505e-01,-2.747587263584136963e-01,2.596519589424133301e-01,7.703694701194763184e-02,-1.129879504442214966e-01,1.668177312240004539e-03,-4.652758315205574036e-02,1.799682080745697021e-01,-6.304721534252166748e-02,-1.102747619152069092e-01,5.300544947385787964e-02,5.919130146503448486e-02,-1.287135332822799683e-01,-6.692539155483245850e-02,2.444300055503845215e-01,-6.379041075706481934e-02,-4.762656241655349731e-02,-8.801190555095672607e-02,1.063933596014976501e-01,3.590624546632170677e-03,3.404207527637481689e-02,2.115529775619506836e-02,-4.302699491381645203e-02,-8.737398684024810791e-02,1.336480607278645039e-03,1.553569734096527100e-01,9.998806565999984741e-02,3.454731078818440437e-03,-1.439376920461654663e-01,1.579027771949768066e-01,-5.394196510314941406e-02,2.524009644985198975e-01,-1.896899938583374023e-01,2.238246947526931763e-01,6.303630769252777100e-02,3.949104994535446167e-02,-1.746230274438858032e-01,-1.833036839962005615e-01,8.655454148538410664e-04,-1.468671299517154694e-02,-1.072946041822433472e-01,-7.391468435525894165e-02,4.110677912831306458e-02,4.829248791793361306e-05,-9.282149374485015869e-02,-2.284864749526605010e-04,-3.463679552078247070e-01,1.043075546622276306e-01,1.840025633573532104e-01,1.227617729455232620e-03,-1.330094337463378906e-01,7.141384482383728027e-02,-1.687786132097244263e-01,1.013741120696067810e-01,6.958422064781188965e-02,-3.907303884625434875e-02,-9.007912874221801758e-02,-3.017248511314392090e-01,1.008101776242256165e-01,-4.406812877277843654e-05,-1.222023069858551025e-01,2.938646972179412842e-01,-1.830119788646697998e-01,2.155100256204605103e-01,-1.970828510820865631e-02,-4.855156317353248596e-02,-3.092422895133495331e-02,2.113355398178100586e-01,1.062553375959396362e-01,6.741796433925628662e-02,-2.996041774749755859e-01,6.914314348250627518e-03,-7.056400924921035767e-02,1.261181682348251343e-01,-1.726159476675093174e-03,-5.372575670480728149e-02,1.005930826067924500e-01,7.329809945076704025e-03,3.052137196063995361e-01,-1.344589293003082275e-01,-1.855166107416152954e-01,-4.135970026254653931e-02,-1.314758807420730591e-01,1.256296634674072266e-01,1.273237615823745728e-01,1.291841566562652588e-01,1.326356269419193268e-02,8.395898342132568359e-02,7.615841459482908249e-03,7.409988343715667725e-02
2.153123263269662857e-03,1.157273910939693451e-02,-9.467755258083343506e-02,6.726772338151931763e-02,5.855410918593406677e-02,-1.595035078935325146e-03,1.078885979950428009e-02,1.990101300179958344e-02,4.082261025905609131e-02,5.198822170495986938e-02,1.881292439065873623e-03,-4.587440192699432373e-02,7.293977588415145874e-02,7.073293626308441162e-02,9.498094767332077026e-02,9.983839839696884155e-02,-5.588894709944725037e-04,4.609547927975654602e-02,-7.043514400720596313e-02,-7.022180408239364624e-02,-4.601845517754554749e-02,6.363312900066375732e-02,6.025752797722816467e-02,-3.993373364210128784e-03,1.193267200142145157e-02,9.550734609365463257e-02,-9.702519327402114868e-02,-3.957753628492355347e-02,8.750511705875396729e-02,-2.434962056577205658e-02,2.539817802608013153e-02,-1.047822088003158569e-01,6.480748206377029419e-02,7.329930365085601807e-02,-4.624806344509124756e-03,-1.006313636898994446e-01,4.384257644414901733e-02,8.362214267253875732e-02,-7.177513837814331055e-02,-5.765648558735847473e-02,7.477587461471557617e-02,1.525290869176387787e-02,8.832173049449920654e-02,1.850551739335060120e-02,-1.265346910804510117e-02,-8.449666202068328857e-02,-9.165003895759582520e-02,-2.680733799934387207e-02,-2.378251170739531517e-03,1.501716766506433487e-02,-1.040065754204988480e-02,-2.849187143146991730e-02,5.025904625654220581e-02,1.241630967706441879e-02,-1.099865790456533432e-02,-1.076163500547409058e-01,2.329279482364654541e-02,6.186444312334060669e-03,-8.336590230464935303e-02,-7.523991912603378296e-02,3.687824821099638939e-03,7.291592191904783249e-03,2.721540397033095360e-03,3.764209151268005371e-02,5.285479594022035599e-03,-2.743635326623916626e-02,2.467926964163780212e-02,9.207645058631896973e-02,-8.940828591585159302e-02,3.798859566450119019e-02,-7.483680546283721924e-02,-1.377311255782842636e-02,-2.609468623995780945e-02,9.416446089744567871e-02,-2.420804277062416077e-02,-8.265397697687149048e-02,-1.104998169466853142e-03,1.098585501313209534e-01,-9.531646035611629486e-03,-8.675044775009155273e-02,9.706636518239974976e-02,3.548845124896615744e-04,-8.696493506431579590e-02,-9.076424175873398781e-04,-6.748383492231369019e-02,-9.482907503843307495e-02,4.962083324790000916e-02,2.303458284586668015e-03,7.707139104604721069e-02,5.499570071697235107e-02,-1.363737974315881729e-02,-1.924462430179119110e-02,-7.411171495914459229e-02,4.233917966485023499e-02,-8.119634538888931274e-02,-9.892865084111690521e-03,7.049818336963653564e-02,-1.910355967993382365e-05,-7.633501291275024414e-02,4.328552260994911194e-02,-3.593170642852783203e-02,5.022462457418441772e-02,-1.017765849828720093e-01,-7.649305462837219238e-02,1.090599521994590759e-01,6.669966969639062881e-03,-7.234412431716918945e-02,-9.155257046222686768e-02,-3.488418087363243103e-02,-4.093838855624198914e-03,7.285253703594207764e-02,-6.699819117784500122e-02,-8.531843125820159912e-02,-9.690744918771088123e-04,9.967828541994094849e-02,-9.312554448843002319e-02,4.308838397264480591e-02,3.473626077175140381e-02,-9.937975555658340454e-02,4.395627230405807495e-02,6.781032681465148926e-02,7.951169461011886597e-02,8.753980696201324463e-02,-5.167654901742935181e-02,-6.223557144403457642e-02,-6.457787007093429565e-02,1.490190392360091209e-03,5.716229975223541260e-02
1.046642102301120758e-02,-9.467755258083343506e-02,7.821832895278930664e-01,-6.431853175163269043e-01,-4.629913866519927979e-01,-7.838860154151916504e-02,-1.140584573149681091e-01,-1.301981210708618164e-01,-3.032193779945373535e-01,-4.578218460083007812e-01,-1.552458154037594795e-03,4.074437320232391357e-01,-5.659911632537841797e-01,-6.442316770553588867e-01,-7.633569836616516113e-01,-7.365769743919372559e-01,4.567106254398822784e-03,-3.840461969375610352e-01,6.317566633224487305e-01,6.417210698127746582e-01,4.047603011131286621e-01,-5.788595676422119141e-01,-5.915220975875854492e-01,4.692802578210830688e-02,-1.040812730789184570e-01,-6.839627623558044434e-01,7.487096786499023438e-01,2.559549808502197266e-01,-7.163722515106201172e-01,1.876588612794876099e-01,-2.278630286455154419e-01,8.066752552986145020e-01,-5.722619295120239258e-01,-6.774271726608276367e-01,4.002406075596809387e-02,7.586947679519653320e-01,-3.802482187747955322e-01,-6.968990564346313477e-01,5.042979121208190918e-01,5.203868150711059570e-01,-5.657294392585754395e-01,-1.370868831872940063e-01,-7.116478681564331055e-01,-1.676786839962005615e-01,9.069118648767471313e-02,6.800303459167480469e-01,7.667771577835083008e-01,2.388623654842376709e-01,4.019732773303985596e-02,-6.629800051450729370e-02,6.633530557155609131e-02,2.805729508399963379e-01,-4.371822178363800049e-01,-9.563196450471878052e-02,5.995307862758636475e-02,8.104729652404785156e-01,-2.265158146619796753e-01,-5.542993545532226562e-02,6.831690669059753418e-01,6.680027842521667480e-01,-3.546907752752304077e-02,-8.558621257543563843e-02,-2.527988888323307037e-02,-2.985475063323974609e-01,-4.555188119411468506e-02,2.340548038482666016e-01,-2.034543156623840332e-01,-6.985793709754943848e-01,7.206705808639526367e-01,-2.634161710739135742e-01,6.136121153831481934e-01,1.608189791440963745e-01,2.465786337852478027e-01,-7.669447660446166992e-01,1.698182225227355957e-01,6.649418473243713379e-01,8.473966270685195923e-03,-8.398933410644531250e-01,1.331652253866195679e-01,7.146537899971008301e-01,-7.923110723495483398e-01,-3.208289388567209244e-03,6.962159872055053711e-01,8.867918513715267181e-03,5.054280757904052734e-01,7.496120929718017578e-01,-4.053814113140106201e-01,-1.858193986117839813e-02,-6.145336031913757324e-01,-4.812798798084259033e-01,1.081484332680702209e-01,2.025670856237411499e-01,6.431725621223449707e-01,-3.847125768661499023e-01,6.800952553749084473e-01,6.315745413303375244e-02,-6.021682620048522949e-01,1.641436829231679440e-04,6.063082218170166016e-01,-3.211989700794219971e-01,3.443696200847625732e-01,-3.475480973720550537e-01,7.974471449851989746e-01,6.510544419288635254e-01,-8.260303735733032227e-01,-1.638627052307128906e-01,6.260773539543151855e-01,7.188549637794494629e-01,2.181899398565292358e-01,3.479190543293952942e-02,-6.224336028099060059e-01,6.388284564018249512e-01,7.210425734519958496e-01,-8.247437328100204468e-02,-7.685635089874267578e-01,7.407239079475402832e-01,-3.044153451919555664e-01,-3.229475915431976318e-01,7.744784355163574219e-01,-4.039775729179382324e-01,-6.012308001518249512e-01,-6.723979115486145020e-01,-7.151457667350769043e-01,4.516532123088836670e-01,5.898958444595336914e-01,5.834529995918273926e-01,-1.790773682296276093e-02,-5.177663564682006836e-01
-5.646407976746559143e-02,6.726772338151931763e-02,-6.431853175163269043e-01,6.484914422035217285e-01,2.690881490707397461e-01,1.600653976202011108e-01,8.392053097486495972e-02,-2.106823772192001343e-02,2.332225143909454346e-01,3.540204763412475586e-01,-6.061056628823280334e-02,-3.089593052864074707e-01,3.344651758670806885e-01,6.092205047607421875e-01,6.327560544013977051e-01,5.050130486488342285e-01,-4.702116711996495724e-04,3.203667104244232178e-01,-5.751209855079650879e-01,-5.119547247886657715e-01,-4.482761919498443604e-01,4.936154484748840332e-01,5.059581995010375977e-01,-2.735626138746738434e-02,8.145395666360855103e-02,4.356476068496704102e-01,-5.576321482658386230e-01,-1.730369590222835541e-02,5.031281113624572754e-01,-4.395475611090660095e-02,1.753289550542831421e-01,-6.781004667282104492e-01,5.615385174751281738e-01,5.404969453811645508e-01,-1.564080826938152313e-02,-5.636505484580993652e-01,2.813095450401306152e-01,5.261077284812927246e-01,-2.263968288898468018e-01,-4.990386068820953369e-01,4.198973774909973145e-01,1.345816105604171753e-01,5.447192788124084473e-01,1.283743232488632202e-01,-1.129895448684692383e-01,-4.841208755970001221e-01,-6.486893296241760254e-01,-2.076950818300247192e-01,-4.402703791856765747e-02,8.517070859670639038e-02,-1.557928975671529770e-02,-1.808142513036727905e-01,3.754118978977203369e-01,4.883624985814094543e-02,7.450726628303527832e-02,-6.132003068923950195e-01,1.980103105306625366e-01,3.960276022553443909e-02,-5.617659687995910645e-01,-5.811729431152343750e-01,-2.501882240176200867e-02,1.484751701354980469e-01,2.488803118467330933e-02,2.003232240676879883e-01,7.241130620241165161e-02,-1.765809506177902222e-01,1.602741926908493042e-01,4.693701863288879395e-01,-5.402961969375610352e-01,6.059368699789047241e-02,-4.213988184928894043e-01,-1.965797320008277893e-02,-2.661083340644836426e-01,6.437858343124389648e-01,-1.331530958414077759e-01,-5.161121487617492676e-01,-4.155920352786779404e-03,6.599400043487548828e-01,-2.604846656322479248e-01,-5.538232922554016113e-01,7.163155674934387207e-01,2.474772045388817787e-03,-4.840875864028930664e-01,-6.061489693820476532e-03,-3.488512039184570312e-01,-5.897594690322875977e-01,1.721862107515335083e-01,1.008930988609790802e-02,4.604573249816894531e-01,3.456728756427764893e-01,-7.483752071857452393e-02,-2.834966480731964111e-01,-5.729849934577941895e-01,3.773244023323059082e-01,-5.787885189056396484e-01,4.477495793253183365e-03,4.425527751445770264e-01,-1.175827128463424742e-04,-3.738015890121459961e-01,1.679616272449493408e-01,-1.945699751377105713e-01,9.189341217279434204e-02,-6.914306879043579102e-01,-4.728250801563262939e-01,6.902719736099243164e-01,2.742860913276672363e-01,-6.693005561828613281e-01,-5.537333488464355469e-01,-5.304363742470741272e-02,-2.830300293862819672e-02,6.046103239059448242e-01,-6.238033175468444824e-01,-5.897911190986633301e-01,1.797320842742919922e-01,5.708751678466796875e-01,-5.781619548797607422e-01,7.521937042474746704e-02,2.406689673662185669e-01,-6.245801448822021484e-01,3.784676194190979004e-01,4.669073820114135742e-01,5.774007439613342285e-01,5.649495720863342285e-01,-3.761505782604217529e-01,-4.339652657508850098e-01,-5.104692578315734863e-01,2.416152856312692165e-04,3.977423608303070068e-01
2.572142779827117920e-01,5.855410918593406677e-02,-4.629913866519927979e-01,2.690881490707397461e-01,5.106220245361328125e-01,-1.555554270744323730e-01,1.269839406013488770e-01,4.281646609306335449e-01,1.899550855159759521e-01,2.715680897235870361e-01,-6.325534731149673462e-02,-2.837098836898803711e-01,3.188702464103698730e-01,3.087767660617828369e-01,4.963828027248382568e-01,6.105616092681884766e-01,-2.510342514142394066e-03,2.536960840225219727e-01,-2.560515105724334717e-01,-3.313791453838348389e-01,-1.346987187862396240e-01,2.774286568164825439e-01,1.960263252258300781e-01,5.798033252358436584e-02,6.350679695606231689e-02,5.370060801506042480e-01,-4.379210174083709717e-01,-4.514856636524200439e-01,4.569076895713806152e-01,-2.359696030616760254e-01,-1.466193422675132751e-02,-4.868565201759338379e-01,2.293657362461090088e-01,3.496171534061431885e-01,-4.323060810565948486e-02,-5.116876363754272461e-01,2.198447138071060181e-01,4.438163340091705322e-01,-6.150676608085632324e-01,-4.493312239646911621e-01,5.334837436676025391e-01,1.166352257132530212e-01,3.832431733608245850e-01,9.709750115871429443e-02,-3.906799480319023132e-02,-3.312072157859802246e-01,-5.018245577812194824e-01,-2.038620412349700928e-01,1.080574374645948410e-02,1.034883484244346619e-01,-1.423901468515396118e-01,-2.422562390565872192e-01,3.838947415351867676e-01,3.115286678075790405e-02,-1.445014923810958862e-01,-6.268290281295776367e-01,1.893740147352218628e-01,3.517898544669151306e-02,-3.781052529811859131e-01,-3.477779626846313477e-01,1.566085778176784515e-02,-6.366311013698577881e-02,1.227065175771713257e-02,2.646529674530029297e-01,6.178197637200355530e-02,-1.316488534212112427e-01,3.606891259551048279e-02,5.953376889228820801e-01,-4.735464751720428467e-01,4.127753973007202148e-01,-5.358144044876098633e-01,4.784294404089450836e-03,-4.156062752008438110e-02,4.875152111053466797e-01,-2.142661511898040771e-01,-5.346313714981079102e-01,-5.583505611866712570e-03,5.524027347564697266e-01,-6.211456283926963806e-02,-4.786397516727447510e-01,4.813826382160186768e-01,1.808811211958527565e-03,-5.354439020156860352e-01,-5.642288364470005035e-03,-5.844482779502868652e-01,-4.183482527732849121e-01,4.210796654224395752e-01,1.394995860755443573e-02,2.744237780570983887e-01,3.308921158313751221e-01,-1.958312094211578369e-01,3.346188366413116455e-02,-2.778787016868591309e-01,1.386753767728805542e-01,-4.401473701000213623e-01,-2.758738398551940918e-01,4.605047106742858887e-01,-1.275108224945142865e-04,-4.972595274448394775e-01,4.340541958808898926e-01,-3.324601054191589355e-01,4.426690638065338135e-01,-4.965177178382873535e-01,-4.264714121818542480e-01,5.084299445152282715e-01,1.545831412076950073e-01,-2.175525277853012085e-01,-4.272695183753967285e-01,-4.059430062770843506e-01,-1.170181017369031906e-02,2.532550692558288574e-01,-2.007181644439697266e-01,-4.210056364536285400e-01,-8.066909015178680420e-02,6.146682500839233398e-01,-4.508883357048034668e-01,4.760006070137023926e-01,9.687049686908721924e-02,-6.293478012084960938e-01,1.644491255283355713e-01,2.584195733070373535e-01,4.466008245944976807e-01,5.143949985504150391e-01,-1.501960158348083496e-01,-3.124708533287048340e-01,-2.310389876365661621e-01,8.325940929353237152e-03,3.350395858287811279e-01
-2.182022929191589355e-01,-1.595035078935325146e-03,-7.838860154151916504e-02,1.600653976202011108e-01,-1.555554270744323730e-01,2.536005377769470215e-01,-4.306647926568984985e-02,-2.130698412656784058e-01,-8.808049559593200684e-02,-1.012451015412807465e-02,7.067751884460449219e-02,1.856527663767337799e-02,2.271458879113197327e-02,1.339776515960693359e-01,5.838229879736900330e-02,-7.801119238138198853e-02,-1.393212005496025085e-03,7.467676419764757156e-03,-9.102452546358108521e-02,-6.177578121423721313e-02,-1.528958231210708618e-02,1.024535819888114929e-01,1.797758042812347412e-01,-4.855004325509071350e-02,-6.004409864544868469e-03,-1.122239455580711365e-01,-7.701563090085983276e-02,2.284033447504043579e-01,7.348237186670303345e-02,6.803906708955764771e-02,1.466291993856430054e-01,-3.524938225746154785e-02,6.203336268663406372e-02,1.087060496211051941e-01,8.716016076505184174e-03,-2.247542701661586761e-02,5.025828257203102112e-03,-1.369722769595682621e-03,1.814253032207489014e-01,3.231405839323997498e-02,-1.920420378446578979e-01,-2.362402714788913727e-02,1.114175766706466675e-01,1.597678475081920624e-02,7.561402767896652222e-02,-1.286549419164657593e-01,-4.054477438330650330e-02,2.884411998093128204e-02,-8.010198175907135010e-02,-5.140240862965583801e-02,9.945359826087951660e-02,-4.213151335716247559e-02,-1.142019703984260559e-01,1.817093417048454285e-02,4.913893714547157288e-02,1.338938251137733459e-03,-1.938141137361526489e-02,1.275891321711242199e-03,-3.457233682274818420e-02,-8.036825805902481079e-02,2.491442300379276276e-02,7.386825978755950928e-02,3.652467625215649605e-03,-1.598311364650726318e-01,-6.768670678138732910e-02,6.924348417669534683e-04,1.019420027732849121e-01,-8.880758285522460938e-02,1.748300343751907349e-02,-1.880356073379516602e-01,9.695748984813690186e-02,-1.985964626073837280e-01,-5.978459119796752930e-02,3.668473660945892334e-02,1.394661068916320801e-01,7.777792215347290039e-02,5.538440309464931488e-04,5.108791217207908630e-02,-9.656161069869995117e-03,1.577076129615306854e-02,5.286140739917755127e-02,2.446364669594913721e-04,2.552350983023643494e-02,-1.783724990673363209e-03,2.163480371236801147e-01,-9.405593574047088623e-02,-1.258274465799331665e-01,-1.601961441338062286e-03,4.638684168457984924e-02,-2.975464984774589539e-02,9.351348876953125000e-02,-1.031314730644226074e-01,-7.446675747632980347e-02,6.940177828073501587e-02,3.252443671226501465e-02,1.587071418762207031e-01,7.400989066809415817e-03,1.956159758265130222e-05,7.212811708450317383e-02,-2.282397300004959106e-01,7.823174446821212769e-02,-2.179459929466247559e-01,-3.653271123766899109e-02,1.414116099476814270e-02,2.864695899188518524e-02,1.994541287422180176e-02,-1.442507505416870117e-01,-5.507333949208259583e-02,2.536379992961883545e-01,-1.383565831929445267e-03,1.258969157934188843e-01,-1.785510778427124023e-01,-4.259052500128746033e-02,1.066791638731956482e-01,-9.141788817942142487e-03,-1.258261688053607941e-02,-2.042389363050460815e-01,8.936551958322525024e-02,5.141297355294227600e-02,6.626455485820770264e-02,1.024098098278045654e-01,-2.680169977247714996e-02,-3.267187625169754028e-02,-9.203056246042251587e-02,-7.136854529380798340e-02,-8.738841116428375244e-02,-1.243104971945285797e-02,-1.354155782610177994e-02
9.835211932659149170e-02,1.078885979950428009e-02,-1.140584573149681091e-01,8.392053097486495972e-02,1.269839406013488770e-01,-4.306647926568984985e-02,1.042680367827415466e-01,1.268660873174667358e-01,1.912772655487060547e-02,8.337616175413131714e-02,-8.501898497343063354e-02,-6.248000636696815491e-02,2.155761793255805969e-02,3.804865479469299316e-02,8.626200258731842041e-02,1.073148101568222046e-01,-3.630452265497297049e-04,3.909869119524955750e-02,-9.563603252172470093e-02,-8.296315371990203857e-02,-5.746737122535705566e-02,2.584006264805793762e-02,3.512117266654968262e-02,3.048185072839260101e-02,1.703645288944244385e-02,9.361337870359420776e-02,-5.042846873402595520e-02,-8.886991441249847412e-02,1.002119630575180054e-01,-7.426397502422332764e-02,-3.694814071059226990e-02,-9.754630178213119507e-02,1.061592400074005127e-01,8.713694661855697632e-02,-8.395471610128879547e-03,-5.600544810295104980e-02,4.413278400897979736e-02,1.057952120900154114e-01,-1.313019394874572754e-01,-1.456964164972305298e-01,1.625428944826126099e-01,4.443253949284553528e-02,4.294940829277038574e-02,2.050687558948993683e-02,-7.384867221117019653e-02,-2.565368264913558960e-02,-1.365813016891479492e-01,-5.167296156287193298e-02,3.310384228825569153e-02,1.803126931190490723e-02,-3.371685370802879333e-02,-5.218561738729476929e-02,1.308806985616683960e-01,1.553214807063341141e-02,-9.151538833975791931e-03,-1.288984566926956177e-01,4.530134052038192749e-02,7.291709072887897491e-03,-1.015741974115371704e-01,-6.882020086050033569e-02,-1.954067312180995941e-02,-1.012181956321001053e-02,2.738479524850845337e-03,1.377740055322647095e-01,3.745723515748977661e-02,-2.924411930143833160e-02,-4.767483472824096680e-02,1.301563978195190430e-01,-9.714809060096740723e-02,9.974163025617599487e-02,-1.549932658672332764e-01,5.927209183573722839e-02,1.328950165770947933e-03,1.032369360327720642e-01,-8.396456390619277954e-02,-1.592493057250976562e-01,-3.356233937665820122e-04,1.230370774865150452e-01,-6.683660298585891724e-02,-1.053251326084136963e-01,1.347269266843795776e-01,3.255650808569043875e-04,-1.234213262796401978e-01,-1.725707901641726494e-03,-1.749143749475479126e-01,-5.419172346591949463e-02,1.474428921937942505e-01,1.895925845019519329e-03,1.453375536948442459e-02,8.487994968891143799e-02,-8.306265622377395630e-02,4.052396863698959351e-03,-6.578499823808670044e-02,1.589281484484672546e-02,-1.384903639554977417e-01,-9.252470731735229492e-02,1.034801974892616272e-01,-3.869487409247085452e-05,-8.883208036422729492e-02,1.428717523813247681e-01,-1.133296787738800049e-01,1.196501180529594421e-01,-1.046349033713340759e-01,-9.395627677440643311e-02,1.477080583572387695e-01,1.475997418165206909e-01,-7.351870834827423096e-02,-4.571631923317909241e-02,-1.350847780704498291e-01,-2.837570616975426674e-03,-2.430009888485074043e-03,-8.396974951028823853e-02,-8.625925332307815552e-02,3.506830707192420959e-02,1.410738378763198853e-01,-1.128677055239677429e-01,9.061542898416519165e-02,2.248071506619453430e-02,-1.762645244598388672e-01,3.272382915019989014e-02,4.558077454566955566e-02,1.335641592741012573e-01,1.339521110057830811e-01,-4.434271249920129776e-03,-5.950309336185455322e-02,-5.051939934492111206e-02,7.599030621349811554e-03,1.285125017166137695e-01
3.755092024803161621e-01,1.990101300179958344e-02,-1.301981210708618164e-01,-2.106823772192001343e-02,4.281646609306335449e-01,-2.130698412656784058e-01,1.268660873174667358e-01,6.058675646781921387e-01,4.386137239634990692e-03,8.314751088619232178e-02,-5.831230059266090393e-02,-1.609192937612533569e-01,7.671680301427841187e-02,2.828625589609146118e-02,1.861867010593414307e-01,3.485120534896850586e-01,-1.211356371641159058e-03,9.073371440172195435e-02,7.745350152254104614e-02,-6.831701099872589111e-02,1.735266596078872681e-01,5.320174247026443481e-02,-6.716089695692062378e-02,8.886818587779998779e-02,2.184708602726459503e-02,2.558536231517791748e-01,-9.943170845508575439e-02,-4.933904111385345459e-01,2.151795476675033569e-01,-2.355080991983413696e-01,-1.611842960119247437e-01,-9.090152382850646973e-02,-1.188523024320602417e-01,1.029961705207824707e-01,-4.745259135961532593e-02,-2.014268934726715088e-01,6.974859535694122314e-02,1.734747886657714844e-01,-5.689410567283630371e-01,-3.118415772914886475e-01,3.302571773529052734e-01,6.674731522798538208e-02,6.459557265043258667e-02,3.926398605108261108e-02,8.788780122995376587e-02,-3.350094705820083618e-02,-1.980087012052536011e-01,-1.401030272245407104e-01,1.696345396339893341e-02,2.526302635669708252e-02,-1.534939557313919067e-01,-2.403597831726074219e-01,2.439564466476440430e-01,-3.588472679257392883e-02,-2.157115191221237183e-01,-3.267235457897186279e-01,1.510643064975738525e-01,1.852235198020935059e-02,-3.359825164079666138e-02,-5.899285152554512024e-02,2.395484223961830139e-02,-1.758727878332138062e-01,3.707716532517224550e-04,1.147446706891059875e-01,2.984565868973731995e-02,-3.104767762124538422e-02,-9.423969686031341553e-02,3.673785328865051270e-01,-1.953956484794616699e-01,4.307126104831695557e-01,-3.845473825931549072e-01,-9.913367219269275665e-03,1.274514347314834595e-01,1.761675179004669189e-01,-1.369005292654037476e-01,-2.934249639511108398e-01,-2.604203298687934875e-03,1.914883106946945190e-01,1.678954809904098511e-02,-1.979210525751113892e-01,1.119058430194854736e-01,6.802710704505443573e-04,-3.165423274040222168e-01,-3.567067440599203110e-03,-4.667447507381439209e-01,-7.632382959127426147e-02,3.746986389160156250e-01,9.297025389969348907e-03,-5.768322944641113281e-02,1.826099157333374023e-01,-2.040660381317138672e-01,2.354149520397186279e-01,5.726021528244018555e-02,-7.601668685674667358e-02,-1.469627916812896729e-01,-3.865749537944793701e-01,2.868975698947906494e-01,-8.301182242576032877e-05,-3.353854417800903320e-01,3.990564942359924316e-01,-3.239474892616271973e-01,4.221660792827606201e-01,-1.242397502064704895e-01,-1.988407075405120850e-01,9.647967666387557983e-02,1.469984352588653564e-01,1.850800365209579468e-01,-1.157827079296112061e-01,-4.188445210456848145e-01,1.077690254896879196e-02,-8.699615299701690674e-02,1.354801803827285767e-01,-1.198531463742256165e-01,-1.347995549440383911e-01,3.551872372627258301e-01,-1.131594702601432800e-01,5.183522701263427734e-01,-4.709259793162345886e-02,-3.508692383766174316e-01,-4.608077183365821838e-02,-1.858033798635005951e-02,1.688321828842163086e-01,2.293033748865127563e-01,1.161710396409034729e-01,-1.218798682093620300e-01,7.042089849710464478e-02,6.756435148417949677e-03,1.583443582057952881e-01
5.506126210093498230e-02,4.082261025905609131e-02,-3.032193779945373535e-01,2.332225143909454346e-01,1.899550855159759521e-01,-8.808049559593200684e-02,1.912772655487060547e-02,4.386137239634990692e-03,2.653555274009704590e-01,2.025462090969085693e-01,-4.290227219462394714e-02,-1.720831096172332764e-01,2.072432041168212891e-01,2.688085138797760010e-01,3.159483969211578369e-01,3.383596241474151611e-01,1.113929436542093754e-03,1.506802737712860107e-01,-2.779951691627502441e-01,-2.435656338930130005e-01,-3.197533488273620605e-01,2.152853459119796753e-01,1.597971618175506592e-01,-1.777459122240543365e-02,5.166407674551010132e-02,3.573857545852661133e-01,-2.983158230781555176e-01,-1.096762493252754211e-01,2.033081501722335815e-01,-2.067125774919986725e-02,2.682114578783512115e-02,-4.185367524623870850e-01,3.047036528587341309e-01,2.134646326303482056e-01,-6.728177424520254135e-03,-3.343108594417572021e-01,1.591550260782241821e-01,2.903904914855957031e-01,-1.697896420955657959e-01,-2.313740104436874390e-01,3.529563546180725098e-01,7.653044164180755615e-02,2.441057860851287842e-01,5.391417071223258972e-02,-1.464268118143081665e-01,-2.189306467771530151e-01,-3.079546093940734863e-01,-1.101900562644004822e-01,3.911138325929641724e-02,7.419511675834655762e-02,-7.096338272094726562e-02,6.024355534464120865e-03,2.596029639244079590e-01,1.268118154257535934e-02,4.478700086474418640e-02,-3.288899660110473633e-01,9.195334464311599731e-02,1.903995312750339508e-02,-3.042077124118804932e-01,-2.700831294059753418e-01,-3.124541789293289185e-02,6.980115175247192383e-02,1.156179420650005341e-02,2.256123125553131104e-01,9.716879576444625854e-02,-1.046101301908493042e-01,4.584272578358650208e-02,2.992650270462036133e-01,-3.334121704101562500e-01,1.006487011909484863e-01,-2.373928129673004150e-01,1.438493132591247559e-01,-1.538089513778686523e-01,3.440693616867065430e-01,-1.622501164674758911e-01,-3.048579990863800049e-01,-3.101665293797850609e-03,3.518610894680023193e-01,-1.154804378747940063e-01,-3.303495347499847412e-01,3.810724616050720215e-01,1.191108021885156631e-03,-2.470170855522155762e-01,-6.053085671737790108e-04,-2.805869877338409424e-01,-2.933183610439300537e-01,1.132734566926956177e-01,6.220776122063398361e-03,3.069146871566772461e-01,1.961199641227722168e-01,-5.370407178997993469e-02,-1.335031092166900635e-01,-3.086557686328887939e-01,1.998543292284011841e-01,-3.456049859523773193e-01,-2.851771563291549683e-02,1.783273667097091675e-01,-6.576364830834791064e-05,-2.415651232004165649e-01,1.947731077671051025e-01,-1.004726439714431763e-01,1.705915480852127075e-01,-3.975381851196289062e-01,-2.634697854518890381e-01,4.018664658069610596e-01,3.137193992733955383e-02,-3.294751942157745361e-01,-2.984586656093597412e-01,-1.481793671846389771e-01,-2.091860026121139526e-02,3.315833508968353271e-01,-2.489500492811203003e-01,-3.144972026348114014e-01,2.135405316948890686e-02,2.745467424392700195e-01,-3.386319875717163086e-01,1.171839684247970581e-01,7.783689349889755249e-02,-3.487947285175323486e-01,1.841187775135040283e-01,1.967811435461044312e-01,3.398296833038330078e-01,3.239572644233703613e-01,-1.902727335691452026e-01,-1.896645724773406982e-01,-2.607038915157318115e-01,1.723438128829002380e-02,1.951770037412643433e-01
3.454528748989105225e-02,5.198822170495986938e-02,-4.578218460083007812e-01,3.540204763412475586e-01,2.715680897235870361e-01,-1.012451015412807465e-02,8.337616175413131714e-02,8.314751088619232178e-02,2.025462090969085693e-01,2.674486339092254639e-01,-3.661563992500305176e-02,-2.282045334577560425e-01,3.023033738136291504e-01,3.521293103694915771e-01,4.418361186981201172e-01,4.541565477848052979e-01,-1.752509269863367081e-03,2.002779990434646606e-01,-3.721653223037719727e-01,-3.491085767745971680e-01,-2.747898995876312256e-01,2.917421162128448486e-01,2.917298078536987305e-01,-2.033111453056335449e-02,6.154220923781394958e-02,4.344226717948913574e-01,-4.289264976978302002e-01,-1.557857245206832886e-01,4.056614339351654053e-01,-1.033424213528633118e-01,8.856999129056930542e-02,-5.140027999877929688e-01,3.597851395606994629e-01,3.706291913986206055e-01,-2.020009979605674744e-02,-4.466581940650939941e-01,2.104685753583908081e-01,4.039085507392883301e-01,-3.068016171455383301e-01,-3.148670494556427002e-01,3.876451551914215088e-01,8.710335940122604370e-02,3.841261565685272217e-01,8.758912235498428345e-02,-1.044078841805458069e-01,-3.709599077701568604e-01,-4.594450891017913818e-01,-1.358825713396072388e-01,9.404987096786499023e-03,4.111589491367340088e-02,-5.655004829168319702e-02,-1.205642819404602051e-01,2.832758426666259766e-01,4.882622882723808289e-02,-1.364326290786266327e-02,-5.003926753997802734e-01,1.257346123456954956e-01,2.966839633882045746e-02,-4.022247195243835449e-01,-3.652918338775634766e-01,1.141476794146001339e-03,5.061507597565650940e-02,1.374119240790605545e-02,2.336686998605728149e-01,5.676402524113655090e-02,-1.324569433927536011e-01,7.612843066453933716e-02,4.230085015296936035e-01,-4.324373602867126465e-01,1.586651355028152466e-01,-3.665141761302947998e-01,-1.188669260591268539e-02,-1.414117366075515747e-01,4.609566032886505127e-01,-1.373687386512756348e-01,-4.109621942043304443e-01,-4.399005789309740067e-03,5.271985530853271484e-01,-9.931657463312149048e-02,-4.299247860908508301e-01,5.058985352516174316e-01,1.708534662611782551e-03,-3.993194103240966797e-01,-4.111509304493665695e-03,-3.403059542179107666e-01,-4.252207279205322266e-01,2.396236658096313477e-01,9.774464182555675507e-03,3.484446108341217041e-01,2.728199660778045654e-01,-7.998835295438766479e-02,-1.169264316558837891e-01,-3.709532618522644043e-01,2.105681300163269043e-01,-4.288756847381591797e-01,-5.182913690805435181e-02,3.169697523117065430e-01,-9.540488827042281628e-05,-3.413645327091217041e-01,2.240450978279113770e-01,-2.031001746654510498e-01,2.279450893402099609e-01,-5.003970861434936523e-01,-3.650203049182891846e-01,5.457825660705566406e-01,1.116492971777915955e-01,-3.886791169643402100e-01,-4.061459302902221680e-01,-1.664395779371261597e-01,-2.126658521592617035e-02,3.519005477428436279e-01,-3.671742081642150879e-01,-4.192133247852325439e-01,5.375680699944496155e-02,4.611699283123016357e-01,-4.510879516601562500e-01,1.775874048471450806e-01,1.624024212360382080e-01,-4.967507123947143555e-01,2.215303629636764526e-01,3.094114959239959717e-01,4.160943329334259033e-01,4.343415200710296631e-01,-2.356478273868560791e-01,-3.102795183658599854e-01,-3.224086761474609375e-01,1.686547510325908661e-02,3.015710115432739258e-01
-1.395480483770370483e-01,1.881292439065873623e-03,-1.552458154037594795e-03,-6.061056628823280334e-02,-6.325534731149673462e-02,7.067751884460449219e-02,-8.501898497343063354e-02,-5.831230059266090393e-02,-4.290227219462394714e-02,-3.661563992500305176e-02,1.708537787199020386e-01,1.464562397450208664e-02,1.395086944103240967e-01,4.954687785357236862e-03,1.085475552827119827e-02,4.289424046874046326e-02,-3.171649063006043434e-03,-2.357950620353221893e-02,5.786113813519477844e-02,3.433809150010347366e-03,1.514282077550888062e-01,3.674803674221038818e-02,6.186157092452049255e-02,-7.243769615888595581e-02,-9.057644754648208618e-03,4.988439008593559265e-02,-1.080528125166893005e-01,-7.757598068565130234e-03,1.067755669355392456e-01,-7.241992279887199402e-03,1.172881796956062317e-01,2.564547583460807800e-03,-1.262605041265487671e-01,4.296717420220375061e-02,-9.271706454455852509e-03,-9.677348285913467407e-02,9.892394766211509705e-03,-2.048974158242344856e-03,-4.687604680657386780e-02,1.654439717531204224e-01,-1.489857733249664307e-01,-6.663904339075088501e-02,1.020796895027160645e-01,6.507259793579578400e-03,1.509821563959121704e-01,-1.727301478385925293e-01,4.649447649717330933e-02,5.924498289823532104e-02,-5.737347528338432312e-02,-9.384035319089889526e-02,3.564573079347610474e-02,-4.485977441072463989e-02,-1.628567427396774292e-01,2.234043739736080170e-02,-9.443939477205276489e-02,-3.539568558335304260e-02,-3.892425447702407837e-02,3.102150280028581619e-03,4.070214554667472839e-02,1.459198351949453354e-02,8.106388151645660400e-02,-3.251336887478828430e-02,-3.778473008424043655e-03,-1.521541625261306763e-01,-9.301140159368515015e-02,1.427804236300289631e-03,9.106344729661941528e-02,1.253816764801740646e-03,-2.229017764329910278e-02,-2.300315164029598236e-02,5.490725114941596985e-02,-2.764871120452880859e-01,2.101203240454196930e-02,-7.578629069030284882e-03,1.366882920265197754e-01,1.048992946743965149e-01,-2.358247293159365654e-03,4.930532723665237427e-02,1.845224201679229736e-01,7.831967435777187347e-03,-7.340724021196365356e-02,1.596758665982633829e-04,-1.911796256899833679e-02,-9.188061230815947056e-04,1.504155397415161133e-01,-8.665274083614349365e-02,-2.066838368773460388e-02,3.421681234613060951e-03,7.748616486787796021e-02,-1.254968624562025070e-02,1.010918691754341125e-01,6.121780350804328918e-02,3.053766116499900818e-02,-2.806016430258750916e-02,9.916252642869949341e-02,9.131336957216262817e-02,-1.628699153661727905e-02,1.791973045328631997e-05,-4.336133226752281189e-02,-1.247786507010459900e-01,1.617206260561943054e-02,-2.230731537565588951e-03,2.558269351720809937e-02,-5.855825264006853104e-03,-2.989879436790943146e-02,-2.359993904829025269e-01,1.083307936787605286e-01,-8.114844560623168945e-02,1.113071814179420471e-01,1.219957019202411175e-03,1.260684337466955185e-02,4.010972008109092712e-02,-3.152039134874939919e-04,-6.182182207703590393e-02,1.351560652256011963e-02,1.140534598380327225e-02,1.419795677065849304e-02,6.155480816960334778e-02,8.039066195487976074e-02,-2.798912487924098969e-02,5.600214004516601562e-02,-1.033413112163543701e-01,-5.985605344176292419e-02,-3.741834685206413269e-02,-6.622516363859176636e-02,1.404201239347457886e-02,5.463916342705488205e-03,-6.702966988086700439e-02
-7.991603761911392212e-02,-4.587440192699432373e-02,4.074437320232391357e-01,-3.089593052864074707e-01,-2.837098836898803711e-01,1.856527663767337799e-02,-6.248000636696815491e-02,-1.609192937612533569e-01,-1.720831096172332764e-01,-2.282045334577560425e-01,1.464562397450208664e-02,2.304620295763015747e-01,-2.578494846820831299e-01,-3.463065028190612793e-01,-4.174546897411346436e-01,-4.447086155414581299e-01,7.991497404873371124e-04,-1.762176156044006348e-01,2.866415381431579590e-01,3.066617548465728760e-01,1.990761011838912964e-01,-2.836582958698272705e-01,-2.505657076835632324e-01,1.652462407946586609e-02,-5.506389215588569641e-02,-3.936152458190917969e-01,3.814055025577545166e-01,1.979516595602035522e-01,-3.782020807266235352e-01,9.708939492702484131e-02,-4.544096440076828003e-02,4.581063687801361084e-01,-2.597527503967285156e-01,-3.419929146766662598e-01,2.688717283308506012e-02,4.278239905834197998e-01,-1.888364404439926147e-01,-3.634375929832458496e-01,3.418235480785369873e-01,3.272759020328521729e-01,-3.595028519630432129e-01,-8.056791126728057861e-02,-3.360801339149475098e-01,-8.174642175436019897e-02,3.483196347951889038e-02,3.267242610454559326e-01,4.220400750637054443e-01,1.417702585458755493e-01,7.593223825097084045e-03,-8.017010986804962158e-03,7.578552514314651489e-02,1.494785249233245850e-01,-2.704174816608428955e-01,-1.259457785636186600e-02,4.504036530852317810e-02,4.797895550727844238e-01,-1.471110284328460693e-01,-2.922831848263740540e-02,3.175720870494842529e-01,3.266604542732238770e-01,-1.269206032156944275e-02,-1.640900410711765289e-02,-1.233474817126989365e-02,-1.667304188013076782e-01,-5.462798848748207092e-02,1.136151328682899475e-01,-5.741616711020469666e-02,-4.081171154975891113e-01,4.041291177272796631e-01,-1.836849451065063477e-01,3.549514710903167725e-01,4.116901010274887085e-02,1.116110682487487793e-01,-4.335434436798095703e-01,1.106360107660293579e-01,3.726733326911926270e-01,4.010424017906188965e-03,-4.777570366859436035e-01,8.443789184093475342e-02,4.078083336353302002e-01,-4.513001739978790283e-01,-1.652461593039333820e-03,3.764565885066986084e-01,3.790333867073059082e-03,3.423750102519989014e-01,3.771915435791015625e-01,-2.228007465600967407e-01,-9.816304780542850494e-03,-2.846208810806274414e-01,-2.587558329105377197e-01,8.080565929412841797e-02,6.710251420736312866e-02,3.032854199409484863e-01,-1.805479526519775391e-01,3.746899962425231934e-01,1.008240580558776855e-01,-3.022306859493255615e-01,8.985152817331254482e-05,3.473782837390899658e-01,-2.259239107370376587e-01,2.271168678998947144e-01,-2.325159311294555664e-01,4.547919034957885742e-01,3.377224802970886230e-01,-4.537941813468933105e-01,-1.083557903766632080e-01,2.933526635169982910e-01,3.701202571392059326e-01,1.670991629362106323e-01,1.552234962582588196e-02,-3.247418105602264404e-01,2.903101742267608643e-01,3.851639926433563232e-01,-3.527227416634559631e-02,-4.394164681434631348e-01,3.836680948734283447e-01,-2.367020696401596069e-01,-1.230763196945190430e-01,4.690930247306823730e-01,-1.849933713674545288e-01,-2.487514317035675049e-01,-3.783650696277618408e-01,-3.950606882572174072e-01,1.820023208856582642e-01,3.064022660255432129e-01,2.626762688159942627e-01,-1.847879961133003235e-02,-2.582577764987945557e-01
