4.616212248802185059e-01,2.395674772560596466e-02,1.363911479711532593e-01,-2.257990241050720215e-01,3.368814885616302490e-01,-3.567875623703002930e-01,5.927157402038574219e-02,4.101282358169555664e-01,-3.853868460282683372e-03,-5.297069251537322998e-02,-3.163886070251464844e-01,-2.101644277572631836e-01,-1.743018180131912231e-01,-5.239219218492507935e-02,-4.880293831229209900e-02,1.652282774448394775e-01,3.422023262828588486e-03,-5.328715220093727112e-02,1.101085543632507324e-01,-8.846265822649002075e-02,-1.502779722213745117e-01,-2.729736268520355225e-01,-2.380046546459197998e-01,1.667091548442840576e-01,2.416967228055000305e-02,1.786476671695709229e-01,1.266028173267841339e-02,-3.866033852100372314e-01,8.849173784255981445e-03,-7.148276269435882568e-02,-1.657389998435974121e-01,-2.181283012032508850e-02,-1.882983446121215820e-01,8.206304907798767090e-02,-9.946901351213455200e-03,-1.859472133219242096e-02,1.054831668734550476e-01,3.014911152422428131e-02,-2.103815972805023193e-01,-2.714628875255584717e-01,1.270174384117126465e-01,9.220907837152481079e-02,-1.787145733833312988e-01,-1.177338510751724243e-02,-2.559663727879524231e-02,2.851687371730804443e-01,1.401820406317710876e-02,4.822896420955657959e-02,1.011467799544334412e-01,-4.011138528585433960e-02,-1.907896846532821655e-01,-2.609268128871917725e-01,1.294789612293243408e-01,-5.651064589619636536e-02,1.485384628176689148e-02,-4.905437678098678589e-02,1.356913894414901733e-01,4.595246864482760429e-04,1.557924300432205200e-01,2.855996489524841309e-01,-9.093168377876281738e-02,1.824724823236465454e-01,-8.186904713511466980e-03,2.372793108224868774e-01,1.506591141223907471e-01,-1.867840811610221863e-02,-3.617216646671295166e-01,8.356755971908569336e-02,-3.312252834439277649e-02,3.046284317970275879e-01,-2.019561380147933960e-01,2.228099703788757324e-01,-7.161065936088562012e-02,-8.711479604244232178e-02,-2.315486222505569458e-01,-1.107537150382995605e-01,8.665174827910959721e-04,-3.968678042292594910e-02,1.047065705060958862e-01,5.348881706595420837e-02,3.599525615572929382e-02,-6.093298725318163633e-05,-1.117653846740722656e-01,-4.658813588321208954e-03,-2.388445585966110229e-01,1.486343443393707275e-01,3.051304519176483154e-01,1.566854887641966343e-03,-1.415522396564483643e-01,9.508541971445083618e-02,-1.071369647979736328e-01,3.224568068981170654e-01,1.626373082399368286e-01,-1.931099146604537964e-01,-9.120826609432697296e-03,-3.484950661659240723e-01,-7.874351739883422852e-02,-7.440539320668904111e-06,-1.071349531412124634e-01,1.068318039178848267e-01,-3.683036863803863525e-01,3.559732735157012939e-01,2.708728052675724030e-02,-1.037300080060958862e-01,-1.144290566444396973e-01,6.249556690454483032e-02,2.714761197566986084e-01,1.686936020851135254e-01,-3.979820609092712402e-01,1.894370280206203461e-02,-1.387191563844680786e-01,2.401506453752517700e-01,9.160398691892623901e-02,-9.887605905532836914e-02,3.689587488770484924e-02,-2.963538095355033875e-02,2.675479352474212646e-01,-2.591771483421325684e-01,-9.664378315210342407e-02,-1.883636415004730225e-01,-1.789897531270980835e-01,-1.317749032750725746e-03,-2.102321572601795197e-02,3.489654362201690674e-01,-3.428162261843681335e-02,2.384112328290939331e-01,-1.300636120140552521e-02,1.232974603772163391e-01
2.395674772560596466e-02,1.027481257915496826e-02,-6.488901376724243164e-02,3.413714095950126648e-02,7.150247693061828613e-02,-3.390029817819595337e-02,-1.274534314870834351e-02,6.620009988546371460e-02,5.461964756250381470e-02,6.164452061057090759e-02,1.921775168739259243e-03,-5.340665578842163086e-02,6.549294292926788330e-02,5.440436676144599915e-02,6.834298372268676758e-02,9.970501065254211426e-02,-4.333269607741385698e-04,5.688759312033653259e-02,-5.975053831934928894e-02,-4.307842254638671875e-02,-2.854635939002037048e-02,3.622583299875259399e-02,3.460920974612236023e-02,-3.360040858387947083e-02,1.409830804914236069e-02,8.969686925411224365e-02,-7.286124676465988159e-02,-6.851924210786819458e-02,8.089829236268997192e-02,-3.896991908550262451e-02,-1.386512740282341838e-04,-8.105153590440750122e-02,1.265180669724941254e-02,6.074960157275199890e-02,-3.932742867618799210e-03,-8.956231921911239624e-02,7.285425812005996704e-02,7.659870386123657227e-02,-9.383331984281539917e-02,-6.184138357639312744e-02,7.144779711961746216e-02,-2.923870226368308067e-03,6.006593257188796997e-02,4.377285763621330261e-02,2.143946290016174316e-02,-5.630568787455558777e-02,-6.201146543025970459e-02,-2.524207718670368195e-02,-3.180423006415367126e-02,-2.550804987549781799e-03,-5.493045318871736526e-03,-5.047039687633514404e-02,4.186084866523742676e-02,8.894027210772037506e-03,-3.705150634050369263e-02,-8.404055982828140259e-02,3.235036507248878479e-02,2.431552158668637276e-03,-5.960648134350776672e-02,-1.754158176481723785e-02,-3.811543108895421028e-03,-1.650653593242168427e-02,1.420194515958428383e-03,4.021854326128959656e-02,6.374523974955081940e-03,-2.599958144128322601e-02,2.739697881042957306e-02,9.102910012006759644e-02,-7.316606491804122925e-02,6.418705731630325317e-02,-8.168684691190719604e-02,-3.768356889486312866e-02,-1.063726656138896942e-02,6.800896674394607544e-02,-2.075740881264209747e-02,-8.320318162441253662e-02,-2.730939304456114769e-04,7.663772255182266235e-02,4.687675740569829941e-03,-6.629860401153564453e-02,6.382759660482406616e-02,3.408432530704885721e-05,-7.403318583965301514e-02,-9.137652232311666012e-04,-8.784780651330947876e-02,-6.317850947380065918e-02,6.413538753986358643e-02,9.692967287264764309e-04,6.700539588928222656e-02,6.835506856441497803e-02,-1.310445275157690048e-02,9.598907083272933960e-03,-4.841320961713790894e-02,8.779707364737987518e-03,-6.144715473055839539e-02,-1.666694507002830505e-02,5.366264656186103821e-02,5.267148708298918791e-07,-7.572582364082336426e-02,7.330682873725891113e-02,-4.747819900512695312e-02,7.434372603893280029e-02,-7.087009400129318237e-02,-8.530127257108688354e-02,7.150550931692123413e-02,-2.758733928203582764e-02,-3.443012759089469910e-02,-7.406382262706756592e-02,-6.219300255179405212e-02,1.341217197477817535e-03,4.025375097990036011e-02,-4.349007830023765564e-02,-6.357388198375701904e-02,-3.442020714282989502e-02,7.741554826498031616e-02,-6.717924028635025024e-02,7.726099342107772827e-02,3.208309039473533630e-02,-8.311176300048828125e-02,2.944378927350044250e-02,6.478948146104812622e-02,5.227373540401458740e-02,5.370118096470832825e-02,-2.865122072398662567e-02,-3.530207276344299316e-02,-2.253399044275283813e-02,-1.190921012312173843e-02,6.487459689378738403e-02
1.363911479711532593e-01,-6.488901376724243164e-02,7.388316988945007324e-01,-6.304938793182373047e-01,-4.176594018936157227e-01,5.770960822701454163e-02,1.288846880197525024e-01,-3.068341314792633057e-01,-5.563370585441589355e-01,-5.926286578178405762e-01,-8.664976060390472412e-02,3.633155822753906250e-01,-6.185984015464782715e-01,-6.340991258621215820e-01,-7.275326848030090332e-01,-7.365604043006896973e-01,3.971301019191741943e-03,-5.544963479042053223e-01,6.893804073333740234e-01,4.648325741291046143e-01,2.856085300445556641e-01,-5.950945615768432617e-01,-5.510967969894409180e-01,4.081285595893859863e-01,-1.469419300556182861e-01,-6.284417510032653809e-01,6.980724334716796875e-01,2.747281193733215332e-01,-7.256597876548767090e-01,2.469412237405776978e-01,-6.281582266092300415e-02,7.584335803985595703e-01,-3.692542016506195068e-01,-6.274007558822631836e-01,2.775581367313861847e-02,7.496117949485778809e-01,-6.017985939979553223e-01,-7.312863469123840332e-01,6.135953068733215332e-01,4.986480474472045898e-01,-6.310271024703979492e-01,-5.547871347516775131e-03,-6.984444260597229004e-01,-4.338410794734954834e-01,-1.633623838424682617e-01,7.193434834480285645e-01,6.930373907089233398e-01,2.726701498031616211e-01,2.868382632732391357e-01,6.117231771349906921e-02,-3.536376357078552246e-02,2.557082474231719971e-01,-4.413740932941436768e-01,-1.146101579070091248e-01,2.749057412147521973e-01,7.457583546638488770e-01,-3.835438787937164307e-01,-2.572828717529773712e-02,6.595057249069213867e-01,5.159606933593750000e-01,1.838523335754871368e-02,2.080010026693344116e-01,-2.510131150484085083e-02,-1.788604110479354858e-01,2.649457938969135284e-02,2.632243931293487549e-01,-3.876596093177795410e-01,-7.415703535079956055e-01,6.816789507865905762e-01,-3.353084623813629150e-01,6.417825818061828613e-01,3.955816924571990967e-01,1.765543222427368164e-01,-7.345207333564758301e-01,7.849114388227462769e-02,6.947698593139648438e-01,2.562660025432705879e-03,-7.663226127624511719e-01,1.515477001667022705e-01,7.081456780433654785e-01,-6.739923357963562012e-01,-4.398110904730856419e-04,6.607795953750610352e-01,1.642282120883464813e-03,6.495742797851562500e-01,7.450954318046569824e-01,-3.429186046123504639e-01,-7.411705795675516129e-03,-6.817383170127868652e-01,-6.414305567741394043e-01,1.447594463825225830e-01,1.826795488595962524e-01,6.495508551597595215e-01,-3.250170052051544189e-01,6.444435715675354004e-01,-1.342276930809020996e-01,-5.347636938095092773e-01,-8.357884325960185379e-06,6.049238443374633789e-01,-5.715903043746948242e-01,2.549764513969421387e-01,-3.530072569847106934e-01,7.480048537254333496e-01,7.163864970207214355e-01,-7.726491689682006836e-01,5.442839860916137695e-02,5.959612131118774414e-01,7.561537027359008789e-01,2.571335434913635254e-01,7.239919621497392654e-03,-5.729523301124572754e-01,6.762251257896423340e-01,7.366477847099304199e-01,4.844766110181808472e-02,-7.483218312263488770e-01,6.522221565246582031e-01,-4.597145617008209229e-01,-5.232321023941040039e-01,7.245800495147705078e-01,-5.308386683464050293e-01,-7.036076784133911133e-01,-6.054515838623046875e-01,-6.247288584709167480e-01,5.268207788467407227e-01,4.713561534881591797e-01,4.848801791667938232e-01,6.817972660064697266e-02,-5.554426312446594238e-01
-2.257990241050720215e-01,3.413714095950126648e-02,-6.304938793182373047e-01,7.108905911445617676e-01,1.844960749149322510e-01,2.390479855239391327e-02,-7.422326505184173584e-02,5.353873223066329956e-02,5.404377579689025879e-01,4.193784296512603760e-01,-7.489858567714691162e-02,-1.710163503885269165e-01,3.820905387401580811e-01,5.715298652648925781e-01,6.211999058723449707e-01,4.818483889102935791e-01,-1.001070020720362663e-03,3.772549629211425781e-01,-6.428841352462768555e-01,-4.499143958091735840e-01,-4.002074599266052246e-01,5.684041976928710938e-01,5.075810551643371582e-01,-2.949720621109008789e-01,1.399255096912384033e-01,3.714127838611602783e-01,-5.376070737838745117e-01,3.086491115391254425e-02,4.951187074184417725e-01,-4.763267189264297485e-02,9.878912940621376038e-03,-6.677662134170532227e-01,5.417413115501403809e-01,5.532096624374389648e-01,-7.240080740302801132e-03,-5.236064791679382324e-01,3.977572619915008545e-01,6.192788481712341309e-01,-2.877443134784698486e-01,-4.279554784297943115e-01,5.745788216590881348e-01,1.433085799217224121e-01,5.633534789085388184e-01,2.866513431072235107e-01,-7.530549913644790649e-02,-5.826825499534606934e-01,-6.477382183074951172e-01,-2.016235589981079102e-01,-4.062404856085777283e-02,-1.281283795833587646e-02,2.908994257450103760e-02,2.187657728791236877e-02,5.155434608459472656e-01,5.531625822186470032e-02,-4.015753790736198425e-02,-5.512616038322448730e-01,4.374367296695709229e-01,2.020643092691898346e-02,-5.531954765319824219e-01,-6.817862391471862793e-01,-8.924095332622528076e-02,-6.794199347496032715e-02,3.188485279679298401e-02,7.957429438829421997e-02,2.690954506397247314e-02,-2.221558243036270142e-01,2.520852982997894287e-01,5.206915140151977539e-01,-5.394802093505859375e-01,6.589733809232711792e-02,-4.595712423324584961e-01,-1.169294714927673340e-01,-3.088516891002655029e-01,6.345907449722290039e-01,-1.595985591411590576e-01,-5.250062942504882812e-01,-1.076936023309826851e-03,6.064804196357727051e-01,-3.395907580852508545e-01,-6.275106668472290039e-01,6.388958096504211426e-01,3.970822435803711414e-04,-5.001091361045837402e-01,8.270155638456344604e-03,-4.756686687469482422e-01,-6.609091758728027344e-01,7.340782880783081055e-02,3.279722761362791061e-03,5.334335565567016602e-01,5.238580703735351562e-01,-2.254175841808319092e-01,-3.769198656082153320e-01,-6.872794628143310547e-01,4.478106200695037842e-01,-6.026695966720581055e-01,2.653272449970245361e-01,3.573404848575592041e-01,6.245405984373064712e-06,-3.693034648895263672e-01,3.837207555770874023e-01,-9.460602700710296631e-02,5.745673552155494690e-02,-7.043369412422180176e-01,-5.269877314567565918e-01,7.248980998992919922e-01,2.204634398221969604e-01,-7.347896099090576172e-01,-5.890799164772033691e-01,-1.981972344219684601e-02,-2.497931756079196930e-02,6.238747239112854004e-01,-7.175784707069396973e-01,-7.092396020889282227e-01,2.301193922758102417e-01,6.041166186332702637e-01,-5.791096687316894531e-01,1.617014259099960327e-01,4.486084878444671631e-01,-5.526978373527526855e-01,6.123791337013244629e-01,5.432350039482116699e-01,6.460357904434204102e-01,6.106029152870178223e-01,-5.216161608695983887e-01,-4.812276959419250488e-01,-5.765677094459533691e-01,-1.171557046473026276e-02,3.988659083843231201e-01
3.368814885616302490e-01,7.150247693061828613e-02,-4.176594018936157227e-01,1.844960749149322510e-01,6.859745979309082031e-01,-3.702858984470367432e-01,-5.432489514350891113e-02,7.011399865150451660e-01,3.211955130100250244e-01,3.954528570175170898e-01,-1.353792697191238403e-01,-5.336751937866210938e-01,3.662823140621185303e-01,3.889467418193817139e-01,4.897959232330322266e-01,7.577115893363952637e-01,-4.259725101292133331e-04,3.959386348724365234e-01,-3.664139509201049805e-01,-3.723932802677154541e-01,-2.108909636735916138e-01,1.604651212692260742e-01,1.575851887464523315e-01,-1.695492416620254517e-01,1.158751994371414185e-01,6.840551495552062988e-01,-5.274917483329772949e-01,-6.634081602096557617e-01,6.285099983215332031e-01,-3.078168928623199463e-01,-8.864969760179519653e-02,-5.534532070159912109e-01,-4.792447760701179504e-02,5.335621237754821777e-01,-3.926178067922592163e-02,-6.184532046318054199e-01,5.830779075622558594e-01,5.586243867874145508e-01,-7.642425298690795898e-01,-5.915473699569702148e-01,5.290027856826782227e-01,-1.726452028378844261e-03,3.629240989685058594e-01,3.450046479701995850e-01,2.467528879642486572e-01,-3.093845546245574951e-01,-4.670630097389221191e-01,-1.671527773141860962e-01,-2.405233830213546753e-01,-1.411271840333938599e-01,-1.548502743244171143e-01,-5.717520117759704590e-01,3.368227183818817139e-01,5.446526408195495605e-02,-2.976438999176025391e-01,-6.422637701034545898e-01,3.483598828315734863e-01,2.030384540557861328e-02,-3.223083317279815674e-01,1.526268548332154751e-03,-4.080169647932052612e-02,-5.563186481595039368e-02,2.848436124622821808e-03,3.371435999870300293e-01,7.244509458541870117e-02,-2.021611481904983521e-01,-1.180568896234035492e-02,6.701190471649169922e-01,-5.356141924858093262e-01,6.231619715690612793e-01,-6.919344663619995117e-01,-2.468894422054290771e-01,-8.940010517835617065e-02,4.588997960090637207e-01,-1.714878976345062256e-01,-6.239255070686340332e-01,-1.600796240381896496e-03,5.698463916778564453e-01,1.036405116319656372e-01,-4.494583308696746826e-01,4.885056316852569580e-01,2.556958643253892660e-04,-6.113866567611694336e-01,-1.096858270466327667e-02,-7.090127468109130859e-01,-4.095340073108673096e-01,6.304155588150024414e-01,8.501128293573856354e-03,3.711172044277191162e-01,5.662445425987243652e-01,-1.369588822126388550e-01,3.087227344512939453e-01,-2.431012988090515137e-01,-4.082636162638664246e-02,-4.351747334003448486e-01,-2.985996007919311523e-01,3.579283952713012695e-01,-2.701432890717114788e-07,-6.074414849281311035e-01,5.443013906478881836e-01,-5.945983529090881348e-01,6.850278377532958984e-01,-4.908876717090606689e-01,-6.609991192817687988e-01,4.226958155632019043e-01,-1.049986556172370911e-01,-6.064952537417411804e-02,-4.411141872406005859e-01,-6.318256855010986328e-01,2.447308041155338287e-02,2.002799957990646362e-01,-2.086293101310729980e-01,-4.225206375122070312e-01,-2.482461631298065186e-01,6.122677922248840332e-01,-4.653902351856231689e-01,6.792324781417846680e-01,1.574079990386962891e-01,-6.498928070068359375e-01,1.153961047530174255e-01,3.840968310832977295e-01,3.487713038921356201e-01,3.720117807388305664e-01,-1.497580111026763916e-02,-3.482703566551208496e-01,-3.060910850763320923e-02,-7.661159336566925049e-02,5.410428643226623535e-01
-3.567875623703002930e-01,-3.390029817819595337e-02,5.770960822701454163e-02,2.390479855239391327e-02,-3.702858984470367432e-01,3.395077288150787354e-01,-1.722205802798271179e-02,-4.013611972332000732e-01,-1.681245267391204834e-01,-8.353120833635330200e-02,2.646869421005249023e-01,2.645655572414398193e-01,2.461818046867847443e-02,-1.275930404663085938e-01,-1.462318897247314453e-01,-3.362719416618347168e-01,-2.660666592419147491e-03,-6.801048666238784790e-02,7.139625400304794312e-02,1.992607265710830688e-01,2.413690537214279175e-01,8.419780433177947998e-02,8.213316649198532104e-02,-5.998729914426803589e-02,-6.085474416613578796e-02,-3.118940293788909912e-01,1.724289655685424805e-01,3.756618201732635498e-01,-1.742937713861465454e-01,8.853624016046524048e-02,1.447163373231887817e-01,2.445446401834487915e-01,6.191369146108627319e-02,-2.372917383909225464e-01,1.364353671669960022e-02,2.121362537145614624e-01,-2.289164662361145020e-01,-2.154513448476791382e-01,3.184314370155334473e-01,3.627514839172363281e-01,-2.855106890201568604e-01,-9.581552445888519287e-02,-9.159356355667114258e-03,-7.642658799886703491e-02,8.176554925739765167e-03,-6.446987390518188477e-02,1.656447201967239380e-01,7.982232607901096344e-03,-5.605120584368705750e-02,6.380720436573028564e-02,1.694755554199218750e-01,2.554558515548706055e-01,-2.443786859512329102e-01,3.222963958978652954e-02,2.272888459265232086e-02,2.273203134536743164e-01,-2.364558130502700806e-01,-6.343991495668888092e-03,1.162740308791399002e-02,-8.791877329349517822e-02,9.766598790884017944e-02,-1.413236260414123535e-01,3.670696241897530854e-05,-2.371482700109481812e-01,-1.326292604207992554e-01,8.095739036798477173e-02,2.395474761724472046e-01,-2.539443373680114746e-01,2.110491394996643066e-01,-3.166478276252746582e-01,3.251625299453735352e-01,-1.274000555276870728e-01,1.437969058752059937e-01,-1.193519383668899536e-01,2.235325425863265991e-01,2.574902772903442383e-01,-2.447534061502665281e-04,-1.615026295185089111e-01,-3.723715990781784058e-02,1.472811698913574219e-01,-2.099881321191787720e-01,-6.025532275089062750e-05,2.579106986522674561e-01,2.787696430459618568e-03,3.674553632736206055e-01,7.399519532918930054e-02,-3.198038935661315918e-01,-2.780188806354999542e-03,-4.766545817255973816e-02,-2.462106794118881226e-01,1.315580606460571289e-01,-2.155777066946029663e-01,3.929661586880683899e-02,6.240087747573852539e-02,1.680490672588348389e-01,2.478332072496414185e-01,-1.371315214782953262e-02,3.612327418522909284e-06,2.309804260730743408e-01,-2.122911214828491211e-01,3.698228895664215088e-01,-3.747670948505401611e-01,1.912743896245956421e-01,2.679995596408843994e-01,-1.118657514452934265e-01,-5.536237731575965881e-02,-5.610962212085723877e-02,4.226996004581451416e-02,3.915070295333862305e-01,-1.153263449668884277e-02,-6.809261441230773926e-02,-2.709125913679599762e-02,1.208149641752243042e-01,6.064077466726303101e-02,-2.173793762922286987e-01,1.938640475273132324e-01,-3.335820138454437256e-01,1.206694394350051880e-01,2.545031309127807617e-01,1.767524518072605133e-02,1.409241696819663048e-03,-1.694296300411224365e-01,-1.576554775238037109e-01,-1.772255152463912964e-01,1.695898920297622681e-01,-6.749323755502700806e-02,1.378519088029861450e-02,-2.241599857807159424e-01
5.927157402038574219e-02,-1.274534314870834351e-02,1.288846880197525024e-01,-7.422326505184173584e-02,-5.432489514350891113e-02,-1.722205802798271179e-02,5.486546084284782410e-02,-3.130357712507247925e-02,-7.925485074520111084e-02,-1.146331727504730225e-01,-1.187561154365539551e-01,5.050568655133247375e-02,-1.768969893455505371e-01,-8.709829300642013550e-02,-1.091921254992485046e-01,-1.401323676109313965e-01,2.114741830155253410e-03,-1.344672143459320068e-01,1.015558987855911255e-01,1.154090557247400284e-02,-3.044494614005088806e-02,-1.103264912962913513e-01,-1.027692556381225586e-01,1.010769009590148926e-01,-9.595605544745922089e-03,-1.226387992501258850e-01,1.125845909118652344e-01,5.732046812772750854e-02,-1.379822790622711182e-01,6.489777565002441406e-02,-4.645416140556335449e-02,1.044170558452606201e-01,-2.609575167298316956e-02,-5.159219726920127869e-02,6.097035482525825500e-03,1.528898328542709351e-01,-1.010673120617866516e-01,-1.050606518983840942e-01,1.385493129491806030e-01,1.193172484636306763e-02,-6.930172443389892578e-02,5.965505912899971008e-02,-1.458674967288970947e-01,-8.123800158500671387e-02,-8.571314066648483276e-02,1.635856181383132935e-01,8.344998210668563843e-02,6.627769023180007935e-02,1.210849210619926453e-01,-3.480867715552449226e-03,-4.173306748270988464e-02,4.351842775940895081e-02,2.769880462437868118e-03,-3.528207167983055115e-02,9.466038644313812256e-02,1.237537637352943420e-01,8.310733363032341003e-03,-3.832225222140550613e-03,1.355286091566085815e-01,5.779404193162918091e-02,-3.777182474732398987e-02,1.047355383634567261e-01,-1.641450100578367710e-03,-8.682904765009880066e-03,3.680984675884246826e-02,3.298215195536613464e-02,-1.556243300437927246e-01,-1.336756348609924316e-01,1.060808673501014709e-01,-5.314587429165840149e-02,8.164869248867034912e-02,1.500264257192611694e-01,-3.914935141801834106e-02,-1.236794888973236084e-01,-3.883742541074752808e-02,1.059578210115432739e-01,8.928748429752886295e-04,-1.285329014062881470e-01,-1.533497218042612076e-02,1.071289256215095520e-01,-6.974884867668151855e-02,-5.698512904928065836e-05,8.785253763198852539e-02,1.337717403657734394e-03,8.569815754890441895e-02,1.260294616222381592e-01,-5.232226848602294922e-02,-1.598514849320054054e-03,-1.440792977809906006e-01,-7.657986879348754883e-02,-2.911014109849929810e-02,2.799158170819282532e-02,8.998391032218933105e-02,-1.966212689876556396e-02,8.382435142993927002e-02,-4.058752208948135376e-02,-1.245243176817893982e-01,-4.018294475827133283e-06,1.087124571204185486e-01,-1.127099171280860901e-01,-1.135421544313430786e-02,-6.110533699393272400e-02,9.907513111829757690e-02,1.155551299452781677e-01,-1.159048154950141907e-01,1.135807409882545471e-01,7.652450352907180786e-02,1.776121854782104492e-01,3.196839988231658936e-02,-9.652734152041375637e-04,-6.999313086271286011e-02,8.462168276309967041e-02,1.073705777525901794e-01,9.986349940299987793e-02,-1.122074127197265625e-01,8.367159217596054077e-02,-9.212382137775421143e-02,-1.172599568963050842e-01,1.100191473960876465e-01,-6.478518247604370117e-02,-1.570343375205993652e-01,-5.095759034156799316e-02,-6.717360019683837891e-02,1.245863065123558044e-01,1.234805118292570114e-02,5.754430219531059265e-02,2.335630729794502258e-02,-7.145478576421737671e-02
4.101282358169555664e-01,6.620009988546371460e-02,-3.068341314792633057e-01,5.353873223066329956e-02,7.011399865150451660e-01,-4.013611972332000732e-01,-3.130357712507247925e-02,7.655634284019470215e-01,2.110168188810348511e-01,3.222688138484954834e-01,-1.435944586992263794e-01,-5.682893395423889160e-01,2.847934067249298096e-01,3.053132593631744385e-01,3.992411792278289795e-01,6.964716315269470215e-01,5.875957431271672249e-04,3.212507963180541992e-01,-2.454739063978195190e-01,-3.299710452556610107e-01,-1.330133974552154541e-01,5.343094095587730408e-02,5.101514980196952820e-02,-1.185472980141639709e-01,1.002814993262290955e-01,6.472083330154418945e-01,-4.587978422641754150e-01,-7.237356901168823242e-01,5.765711665153503418e-01,-3.165767490863800049e-01,-1.118982359766960144e-01,-4.476722180843353271e-01,-2.013913989067077637e-01,4.832156002521514893e-01,-4.350493103265762329e-02,-5.412006974220275879e-01,5.492069721221923828e-01,4.649459421634674072e-01,-7.524357438087463379e-01,-5.639497637748718262e-01,4.380253255367279053e-01,-3.418362513184547424e-02,2.539661228656768799e-01,3.155753910541534424e-01,3.079313337802886963e-01,-2.029253691434860229e-01,-3.684955537319183350e-01,-1.237786710262298584e-01,-2.435511648654937744e-01,-1.968666911125183105e-01,-1.946508586406707764e-01,-6.585948467254638672e-01,2.534308731555938721e-01,3.857168555259704590e-02,-3.174308538436889648e-01,-5.747399330139160156e-01,3.120307326316833496e-01,1.834805868566036224e-02,-1.983726769685745239e-01,1.598252356052398682e-01,-2.567546069622039795e-02,-2.523340471088886261e-02,-4.769653547555208206e-03,3.329952955245971680e-01,6.500928103923797607e-02,-1.744262874126434326e-01,-1.061203256249427795e-01,5.994692444801330566e-01,-4.667668342590332031e-01,6.735990047454833984e-01,-6.536943912506103516e-01,-2.522224187850952148e-01,-4.086635261774063110e-02,3.592318594455718994e-01,-1.254971027374267578e-01,-5.488961935043334961e-01,-1.422728761099278927e-03,4.904632866382598877e-01,1.933065801858901978e-01,-3.440953493118286133e-01,3.942809402942657471e-01,2.032708434853702784e-04,-5.611846446990966797e-01,-1.442923489958047867e-02,-6.502127051353454590e-01,-2.980122268199920654e-01,6.814911961555480957e-01,8.813329972326755524e-03,2.668440937995910645e-01,5.137202143669128418e-01,-9.583416581153869629e-02,4.624296128749847412e-01,-9.990152716636657715e-02,-1.371480524539947510e-01,-3.287589251995086670e-01,-3.988796174526214600e-01,2.869791090488433838e-01,-2.107258524119970389e-06,-5.813903808593750000e-01,4.831333160400390625e-01,-6.662987470626831055e-01,7.358596324920654297e-01,-3.742980360984802246e-01,-5.986875295639038086e-01,2.869356572628021240e-01,-1.425992995500564575e-01,1.219886690378189087e-01,-3.276108205318450928e-01,-6.879739761352539062e-01,3.415372595191001892e-02,7.741484045982360840e-02,-7.286132872104644775e-02,-2.988695204257965088e-01,-2.831528186798095703e-01,5.316524505615234375e-01,-3.715427219867706299e-01,6.989459395408630371e-01,7.036656141281127930e-02,-5.803253054618835449e-01,-2.498182095587253571e-02,2.771777808666229248e-01,2.301627546548843384e-01,2.632940411567687988e-01,1.322393119335174561e-01,-3.114693462848663330e-01,1.031350269913673401e-01,-7.113975286483764648e-02,5.139294266700744629e-01
-3.853868460282683372e-03,5.461964756250381470e-02,-5.563370585441589355e-01,5.404377579689025879e-01,3.211955130100250244e-01,-1.681245267391204834e-01,-7.925485074520111084e-02,2.110168188810348511e-01,5.968111753463745117e-01,4.381722509860992432e-01,-1.117362156510353088e-01,-2.820883989334106445e-01,3.589663803577423096e-01,5.564813613891601562e-01,6.068677306175231934e-01,6.128762364387512207e-01,-5.667974473908543587e-04,3.336343765258789062e-01,-5.727207660675048828e-01,-4.779575467109680176e-01,-4.676876068115234375e-01,4.419265687465667725e-01,3.760872483253479004e-01,-2.422028481960296631e-01,1.481406688690185547e-01,5.263225436210632324e-01,-5.826491117477416992e-01,-1.804917603731155396e-01,5.079694986343383789e-01,-1.221421286463737488e-01,-3.919579833745956421e-02,-7.389277815818786621e-01,3.864092528820037842e-01,5.677778124809265137e-01,-1.356125809252262115e-02,-6.116678118705749512e-01,4.681336879730224609e-01,6.353623270988464355e-01,-4.224015176296234131e-01,-5.048923492431640625e-01,6.345005035400390625e-01,1.393886357545852661e-01,4.880173504352569580e-01,2.759985625743865967e-01,-6.762686371803283691e-02,-4.978712797164916992e-01,-5.980269312858581543e-01,-1.516294926404953003e-01,-8.605534210801124573e-03,-3.454607352614402771e-02,-4.714889079332351685e-02,-9.883721172809600830e-02,5.325602889060974121e-01,2.312536165118217468e-02,-6.477309018373489380e-02,-5.908555984497070312e-01,4.390664398670196533e-01,1.914363540709018707e-02,-4.851262569427490234e-01,-5.023541450500488281e-01,-1.189932897686958313e-01,2.381949126720428467e-02,2.740664780139923096e-02,2.196103483438491821e-01,8.125461637973785400e-02,-2.271512448787689209e-01,1.561737209558486938e-01,5.958139300346374512e-01,-5.940402150154113770e-01,2.263129502534866333e-01,-5.362749695777893066e-01,-7.796055823564529419e-02,-3.333895802497863770e-01,6.117658615112304688e-01,-2.239401489496231079e-01,-5.783351063728332520e-01,-1.132549019530415535e-03,6.017858982086181641e-01,-2.171226441860198975e-01,-6.243159770965576172e-01,6.246953606605529785e-01,3.559100441634654999e-04,-5.467525720596313477e-01,5.024780984967947006e-03,-5.831912159919738770e-01,-6.119346022605895996e-01,2.288919389247894287e-01,4.416876006871461868e-03,5.479943156242370605e-01,5.569921731948852539e-01,-2.099279165267944336e-01,-2.203489542007446289e-01,-6.005747318267822266e-01,3.528909087181091309e-01,-5.660637021064758301e-01,1.127871870994567871e-01,2.877765297889709473e-01,5.311407676344970241e-06,-4.550462961196899414e-01,4.298705756664276123e-01,-2.242264002561569214e-01,2.707952558994293213e-01,-6.957127451896667480e-01,-5.910133719444274902e-01,6.998909711837768555e-01,7.941363751888275146e-02,-6.114513278007507324e-01,-5.561100244522094727e-01,-2.197632789611816406e-01,-1.715587452054023743e-02,6.090500354766845703e-01,-5.954895615577697754e-01,-6.505112051963806152e-01,1.099435836076736450e-01,5.947667956352233887e-01,-6.067103147506713867e-01,3.349280655384063721e-01,2.881603240966796875e-01,-5.843714475631713867e-01,4.861810505390167236e-01,4.678289592266082764e-01,6.172235012054443359e-01,5.956403017044067383e-01,-3.635344803333282471e-01,-4.681346118450164795e-01,-4.607490301132202148e-01,-2.353081665933132172e-02,4.465082585811614990e-01
-5.297069251537322998e-02,6.164452061057090759e-02,-5.926286578178405762e-01,4.193784296512603760e-01,3.954528570175170898e-01,-8.353120833635330200e-02,-1.146331727504730225e-01,3.222688138484954834e-01,4.381722509860992432e-01,5.259125232696533203e-01,1.470487713813781738e-01,-3.321267664432525635e-01,5.785248279571533203e-01,4.923425316810607910e-01,5.989840626716613770e-01,7.152878046035766602e-01,-4.542121198028326035e-03,4.527041018009185791e-01,-5.444723963737487793e-01,-3.555876612663269043e-01,-1.789390891790390015e-01,4.395990967750549316e-01,4.071218669414520264e-01,-3.494135439395904541e-01,1.109313890337944031e-01,6.241724491119384766e-01,-6.223248243331909180e-01,-3.373332023620605469e-01,6.598970293998718262e-01,-2.733665406703948975e-01,7.870291173458099365e-02,-6.645032167434692383e-01,1.952570825815200806e-01,5.068458914756774902e-01,-2.720064483582973480e-02,-7.122007608413696289e-01,5.359779596328735352e-01,6.123913526535034180e-01,-6.336250901222229004e-01,-3.955768048763275146e-01,5.085753202438354492e-01,-5.433731526136398315e-02,5.706048607826232910e-01,3.635597527027130127e-01,1.855634003877639771e-01,-6.139954924583435059e-01,-5.269019007682800293e-01,-2.048523426055908203e-01,-2.780948877334594727e-01,-4.817708209156990051e-02,3.425351530313491821e-02,-2.947271168231964111e-01,3.009097874164581299e-01,1.003030166029930115e-01,-2.896457314491271973e-01,-6.702233552932739258e-01,2.378591597080230713e-01,1.984266191720962524e-02,-5.369048714637756348e-01,-3.086005747318267822e-01,4.092844668775796890e-03,-1.894032359123229980e-01,1.626483723521232605e-02,1.997013688087463379e-01,-3.636001795530319214e-02,-2.062954604625701904e-01,3.608263432979583740e-01,6.860241889953613281e-01,-5.877242684364318848e-01,3.596634268760681152e-01,-5.697246789932250977e-01,-4.177050590515136719e-01,-8.717075735330581665e-02,6.036479473114013672e-01,-3.270639106631278992e-02,-6.111421585083007812e-01,-2.463203389197587967e-03,6.624084115028381348e-01,-2.117559500038623810e-02,-5.743226408958435059e-01,5.264954566955566406e-01,3.264674451202154160e-04,-5.630108118057250977e-01,-5.193223711103200912e-03,-5.812213420867919922e-01,-6.032748222351074219e-01,3.636651635169982910e-01,6.948686670511960983e-03,6.081836819648742676e-01,5.275104641914367676e-01,-6.211393699049949646e-02,-7.313052564859390259e-02,-4.772259891033172607e-01,2.000530958175659180e-01,-4.922029674053192139e-01,4.998616501688957214e-02,4.436935782432556152e-01,7.289767381735146046e-06,-5.543434619903564453e-01,4.976993501186370850e-01,-2.432526499032974243e-01,4.089041352272033691e-01,-6.006373167037963867e-01,-6.424266099929809570e-01,6.497737169265747070e-01,-2.065631300210952759e-01,-4.232529103755950928e-01,-6.625370383262634277e-01,-2.844646275043487549e-01,-3.149711483274586499e-05,4.281919598579406738e-01,-5.078315138816833496e-01,-5.670296549797058105e-01,-1.478322148323059082e-01,6.246743798255920410e-01,-5.319499969482421875e-01,4.786561727523803711e-01,3.848941326141357422e-01,-6.279459595680236816e-01,3.477824628353118896e-01,5.974844694137573242e-01,4.358684122562408447e-01,4.717884063720703125e-01,-3.882457315921783447e-01,-3.369349539279937744e-01,-3.220674097537994385e-01,-7.704566419124603271e-02,4.702219069004058838e-01
-3.163886070251464844e-01,1.921775168739259243e-03,-8.664976060390472412e-02,-7.489858567714691162e-02,-1.353792697191238403e-01,2.646869421005249023e-01,-1.187561154365539551e-01,-1.435944586992263794e-01,-1.117362156510353088e-01,1.470487713813781738e-01,5.808592438697814941e-01,5.064458772540092468e-02,3.734517693519592285e-01,-2.777307666838169098e-02,-1.112258760258555412e-03,2.493648789823055267e-02,-7.188081741333007812e-03,1.700752079486846924e-01,2.190186828374862671e-02,2.206284850835800171e-01,4.134385585784912109e-01,1.572691798210144043e-01,1.525386273860931396e-01,-2.315629273653030396e-01,-5.974899977445602417e-02,4.062500596046447754e-02,-5.551552772521972656e-02,1.815112307667732239e-02,1.272745281457901001e-01,-1.472617238759994507e-01,2.434322983026504517e-01,9.719102084636688232e-02,-1.683821976184844971e-01,-1.706107705831527710e-01,-1.131770573556423187e-02,-1.280481219291687012e-01,1.879819482564926147e-02,-7.608972489833831787e-02,-1.215310320258140564e-01,3.340722024440765381e-01,-2.300058454275131226e-01,-3.119162619113922119e-01,1.944140344858169556e-01,1.009872779250144958e-01,3.411480188369750977e-01,-3.077871501445770264e-01,1.282046735286712646e-01,-7.962855696678161621e-02,-3.921042084693908691e-01,-8.235179819166660309e-03,2.116538733243942261e-01,-5.202499032020568848e-02,-3.851760625839233398e-01,1.149648055434226990e-01,-2.821039259433746338e-01,-2.813133597373962402e-02,-3.454698622226715088e-01,-1.605944416951388121e-04,-1.408947408199310303e-01,1.013425067067146301e-01,2.118893414735794067e-01,-3.483688235282897949e-01,-8.429711684584617615e-03,-1.577628403902053833e-01,-2.305181026458740234e-01,3.668474406003952026e-02,4.910104572772979736e-01,3.852578997611999512e-02,6.179187912493944168e-03,-2.593223750591278076e-02,1.293228715658187866e-01,-5.476436018943786621e-01,3.227320015430450439e-01,3.603315725922584534e-02,3.901447355747222900e-01,6.261563301086425781e-02,-2.512618200853466988e-03,6.087331101298332214e-02,2.119879126548767090e-01,2.665728889405727386e-02,-1.920948177576065063e-01,-5.630535270029213279e-06,6.921213120222091675e-02,-8.634076453745365143e-03,1.734626442193984985e-01,-7.036986202001571655e-02,-2.539991401135921478e-02,2.213485771790146828e-03,1.923885494470596313e-01,-1.158856078982353210e-01,2.889718115329742432e-01,-6.743197329342365265e-03,7.145812362432479858e-02,-7.231631875038146973e-02,1.320323199033737183e-01,1.514002084732055664e-01,1.860111355781555176e-01,1.014079043670790270e-05,-6.605985760688781738e-02,5.664194002747535706e-03,2.400408536195755005e-01,-2.381591126322746277e-02,1.252696663141250610e-01,2.752033807337284088e-02,-3.277207911014556885e-02,-4.949342012405395508e-01,1.072397828102111816e-01,-2.296788394451141357e-01,1.381579339504241943e-01,7.551227230578660965e-03,-8.098185062408447266e-02,1.932054758071899414e-02,8.109144866466522217e-02,-3.172301054000854492e-01,-4.397472366690635681e-02,1.134270653128623962e-01,4.779384285211563110e-02,2.285678088665008545e-01,5.229824781417846680e-02,-7.369828969240188599e-02,2.302859425544738770e-01,-2.377105802297592163e-01,-1.365015059709548950e-01,-2.321294844150543213e-01,2.079767882823944092e-01,2.238221094012260437e-02,-5.128446221351623535e-02,-6.784135848283767700e-02
-2.101644277572631836e-01,-5.340665578842163086e-02,3.633155822753906250e-01,-1.710163503885269165e-01,-5.336751937866210938e-01,2.645655572414398193e-01,5.050568655133247375e-02,-5.682893395423889160e-01,-2.820883989334106445e-01,-3.321267664432525635e-01,5.064458772540092468e-02,4.474424719810485840e-01,-3.142928481101989746e-01,-3.658668398857116699e-01,-4.546784460544586182e-01,-7.018700242042541504e-01,-6.899625077494420111e-06,-2.830472290515899658e-01,3.007557094097137451e-01,3.391169905662536621e-01,1.728373169898986816e-01,-1.746509820222854614e-01,-1.453116685152053833e-01,1.598705053329467773e-01,-9.977781772613525391e-02,-6.078543663024902344e-01,5.110010504722595215e-01,5.420013666152954102e-01,-5.757874846458435059e-01,2.456645816564559937e-01,6.019302457571029663e-02,5.413164496421813965e-01,7.948282361030578613e-02,-4.985099732875823975e-01,3.406897559762001038e-02,5.843498706817626953e-01,-4.927724599838256836e-01,-4.890917837619781494e-01,6.882809996604919434e-01,4.921760559082031250e-01,-4.359188079833984375e-01,2.192335203289985657e-02,-3.150042891502380371e-01,-2.840630114078521729e-01,-2.327572107315063477e-01,3.253637552261352539e-01,3.968005478382110596e-01,1.054739430546760559e-01,1.946212202310562134e-01,1.795068681240081787e-01,1.298437118530273438e-01,4.941181838512420654e-01,-2.643133699893951416e-01,-4.019411280751228333e-02,2.509542405605316162e-01,5.887895226478576660e-01,-2.936616837978363037e-01,-1.695881225168704987e-02,2.483277320861816406e-01,3.023505909368395805e-03,2.341683954000473022e-02,2.182518132030963898e-02,-2.858931431546807289e-03,-2.361076325178146362e-01,-2.195953950285911560e-02,1.675603538751602173e-01,-4.558266140520572662e-03,-6.007685065269470215e-01,4.901647567749023438e-01,-5.058649778366088867e-01,5.913462638854980469e-01,2.837481200695037842e-01,9.428970515727996826e-02,-4.212309420108795166e-01,5.983003601431846619e-02,5.201418399810791016e-01,1.475623110309243202e-03,-5.392283797264099121e-01,-1.062515974044799805e-01,4.073686897754669189e-01,-4.204102158546447754e-01,-2.366050757700577378e-04,5.370409488677978516e-01,9.328237734735012054e-03,5.909110307693481445e-01,3.919765949249267578e-01,-5.150049328804016113e-01,-7.112672552466392517e-03,-3.491139709949493408e-01,-4.952631890773773193e-01,6.908322870731353760e-02,-2.676784694194793701e-01,2.083687037229537964e-01,-1.265496294945478439e-02,3.312693834304809570e-01,2.068923115730285645e-01,-2.437358945608139038e-01,-1.237924266206391621e-06,5.324234366416931152e-01,-4.008263945579528809e-01,5.020989775657653809e-01,-5.901809930801391602e-01,4.465288817882537842e-01,5.873892903327941895e-01,-3.879993557929992676e-01,1.297716051340103149e-01,4.615171253681182861e-02,3.947871029376983643e-01,4.947803020477294922e-01,-1.789684966206550598e-02,-2.275614291429519653e-01,2.151996642351150513e-01,3.706760108470916748e-01,1.556559950113296509e-01,-5.381450653076171875e-01,3.981672525405883789e-01,-5.890535116195678711e-01,-1.338676512241363525e-01,5.585298538208007812e-01,-9.378240257501602173e-02,-3.210241198539733887e-01,-2.878621220588684082e-01,-3.279652595520019531e-01,1.417105551809072495e-02,3.466595411300659180e-01,5.730923265218734741e-02,4.457732290029525757e-02,-4.417664110660552979e-01
