9.999979734420776367e-01,-9.999979138374328613e-01,-9.999862909317016602e-01,9.999982118606567383e-01,9.999986886978149414e-01,-9.999983310699462891e-01,9.999208450317382812e-01,9.999988675117492676e-01,-9.999966025352478027e-01,9.999960064888000488e-01,-9.999933838844299316e-01,-9.999986886978149414e-01,9.999980330467224121e-01,9.999971985816955566e-01,9.999403357505798340e-01,9.999977350234985352e-01,9.999976754188537598e-01,-9.999976158142089844e-01,9.998447299003601074e-01,-9.999989867210388184e-01,-9.999987483024597168e-01,9.999854564666748047e-01,9.999968409538269043e-01,9.999983310699462891e-01,9.999777674674987793e-01,9.999988675117492676e-01,-9.999981522560119629e-01,-9.999988079071044922e-01,9.999811649322509766e-01,-9.999947547912597656e-01,-9.999973773956298828e-01,-9.999985098838806152e-01,9.999964833259582520e-01,9.999977946281433105e-01,-9.999970197677612305e-01,-9.999949932098388672e-01,9.999988079071044922e-01,9.999985098838806152e-01,9.999928474426269531e-01,-9.999986886978149414e-01,9.999983310699462891e-01,-9.999973773956298828e-01,9.999451637268066406e-01,9.999983906745910645e-01,9.999962449073791504e-01,9.999973177909851074e-01,9.999952316284179688e-01,9.999964833259582520e-01,9.999986886978149414e-01,-9.999984502792358398e-01,-9.999986290931701660e-01,-9.999968409538269043e-01,-9.999983310699462891e-01,-9.999886155128479004e-01,-9.999957680702209473e-01,-9.999973177909851074e-01,-9.999978542327880859e-01,9.999754428863525391e-01,9.999972581863403320e-01,9.999971985816955566e-01,-9.999940395355224609e-01,9.999986886978149414e-01,9.999982118606567383e-01,9.999951720237731934e-01,-9.999932646751403809e-01,-9.999986886978149414e-01,-9.999987483024597168e-01,-9.999922513961791992e-01,-9.999979138374328613e-01,9.999987483024597168e-01,-9.999985098838806152e-01,9.999972581863403320e-01,9.999961853027343750e-01,-9.999868273735046387e-01,9.999121427536010742e-01,-9.999976754188537598e-01,9.999814629554748535e-01,9.999979734420776367e-01,-9.999893903732299805e-01,-9.999974966049194336e-01,9.999547004699707031e-01,9.999976158142089844e-01,-9.999986886978149414e-01,-9.999426603317260742e-01,-9.999983310699462891e-01,-9.999846816062927246e-01,9.999932646751403809e-01,9.999985098838806152e-01,-9.999842047691345215e-01,9.999980926513671875e-01,-9.999982118606567383e-01,9.999982714653015137e-01,-9.999672770500183105e-01,-9.999982714653015137e-01,9.999984502792358398e-01,-9.999972581863403320e-01,9.999294877052307129e-01,9.999987483024597168e-01,-9.999985694885253906e-01,9.999930262565612793e-01,-9.999974966049194336e-01,9.999985098838806152e-01,-9.999893307685852051e-01,-9.999756217002868652e-01,9.999983310699462891e-01,9.999927282333374023e-01,9.999873638153076172e-01,-9.999971389770507812e-01,-9.999941587448120117e-01,9.999983310699462891e-01,-9.999971389770507812e-01,9.999983310699462891e-01,-9.999978542327880859e-01,-9.999926090240478516e-01,9.999989271163940430e-01,-9.999983310699462891e-01,9.999981522560119629e-01,-9.999985694885253906e-01,-9.999791979789733887e-01,-9.999976158142089844e-01,-9.999986290931701660e-01,9.999955892562866211e-01,9.999985098838806152e-01,-9.999974370002746582e-01,9.999832510948181152e-01,-9.999952316284179688e-01,-9.999740123748779297e-01,-9.999976754188537598e-01
-9.999979138374328613e-01,9.999977946281433105e-01,9.999852180480957031e-01,-9.999980330467224121e-01,-9.999986886978149414e-01,9.999982714653015137e-01,-9.999140501022338867e-01,-9.999988079071044922e-01,9.999964237213134766e-01,-9.999957084655761719e-01,9.999930262565612793e-01,9.999986886978149414e-01,-9.999979734420776367e-01,-9.999969601631164551e-01,-9.999352693557739258e-01,-9.999976754188537598e-01,-9.999974370002746582e-01,9.999974966049194336e-01,-9.998313188552856445e-01,9.999989271163940430e-01,9.999986886978149414e-01,-9.999843239784240723e-01,-9.999966621398925781e-01,-9.999982118606567383e-01,-9.999758601188659668e-01,-9.999988675117492676e-01,9.999981522560119629e-01,9.999987483024597168e-01,-9.999796748161315918e-01,9.999942779541015625e-01,9.999972581863403320e-01,9.999985694885253906e-01,-9.999961853027343750e-01,-9.999976754188537598e-01,9.999967217445373535e-01,9.999945163726806641e-01,-9.999988079071044922e-01,-9.999985098838806152e-01,-9.999923110008239746e-01,9.999986886978149414e-01,-9.999982714653015137e-01,9.999971389770507812e-01,-9.999403953552246094e-01,-9.999983906745910645e-01,-9.999960064888000488e-01,-9.999971985816955566e-01,-9.999948143959045410e-01,-9.999961853027343750e-01,-9.999986290931701660e-01,9.999983310699462891e-01,9.999985098838806152e-01,9.999965429306030273e-01,9.999982714653015137e-01,9.999877214431762695e-01,9.999954104423522949e-01,9.999970793724060059e-01,9.999977350234985352e-01,-9.999734163284301758e-01,-9.999971389770507812e-01,-9.999970197677612305e-01,9.999936223030090332e-01,-9.999986886978149414e-01,-9.999980926513671875e-01,-9.999948740005493164e-01,9.999927878379821777e-01,9.999986290931701660e-01,9.999987483024597168e-01,9.999915957450866699e-01,9.999977946281433105e-01,-9.999986886978149414e-01,9.999983310699462891e-01,-9.999970197677612305e-01,-9.999960064888000488e-01,9.999856948852539062e-01,-9.999046325683593750e-01,9.999975562095642090e-01,-9.999799728393554688e-01,-9.999978542327880859e-01,9.999885559082031250e-01,9.999973773956298828e-01,-9.999507665634155273e-01,-9.999974966049194336e-01,9.999986290931701660e-01,9.999377131462097168e-01,9.999982118606567383e-01,9.999834299087524414e-01,-9.999927878379821777e-01,-9.999983906745910645e-01,9.999828934669494629e-01,-9.999979138374328613e-01,9.999981522560119629e-01,-9.999980926513671875e-01,9.999645948410034180e-01,9.999980926513671875e-01,-9.999983310699462891e-01,9.999970793724060059e-01,-9.999234676361083984e-01,-9.999986886978149414e-01,9.999985694885253906e-01,-9.999924302101135254e-01,9.999973773956298828e-01,-9.999983906745910645e-01,9.999884963035583496e-01,9.999735951423645020e-01,-9.999981522560119629e-01,-9.999922513961791992e-01,-9.999862909317016602e-01,9.999969005584716797e-01,9.999938607215881348e-01,-9.999982118606567383e-01,9.999969601631164551e-01,-9.999982714653015137e-01,9.999977350234985352e-01,9.999920725822448730e-01,-9.999989271163940430e-01,9.999982714653015137e-01,-9.999980926513671875e-01,9.999985694885253906e-01,9.999774694442749023e-01,9.999974966049194336e-01,9.999986290931701660e-01,-9.999952912330627441e-01,-9.999983906745910645e-01,9.999973177909851074e-01,-9.999818801879882812e-01,9.999949336051940918e-01,9.999718666076660156e-01,9.999975562095642090e-01
-9.999862909317016602e-01,9.999852180480957031e-01,9.999010562896728516e-01,-9.999873042106628418e-01,-9.999912381172180176e-01,9.999886751174926758e-01,-9.994302392005920410e-01,-9.999921321868896484e-01,9.999760389328002930e-01,-9.999710321426391602e-01,9.999526739120483398e-01,9.999912977218627930e-01,-9.999865889549255371e-01,-9.999802112579345703e-01,-9.995701909065246582e-01,-9.999842047691345215e-01,-9.999833703041076660e-01,9.999836087226867676e-01,-9.988810420036315918e-01,9.999926686286926270e-01,9.999913573265075684e-01,-9.998947978019714355e-01,-9.999782443046569824e-01,-9.999882578849792480e-01,-9.998393654823303223e-01,-9.999925494194030762e-01,9.999876618385314941e-01,9.999916553497314453e-01,-9.998646378517150879e-01,9.999619722366333008e-01,9.999820590019226074e-01,9.999900460243225098e-01,-9.999752044677734375e-01,-9.999844431877136230e-01,9.999786019325256348e-01,9.999632239341735840e-01,-9.999920129776000977e-01,-9.999901056289672852e-01,-9.999488592147827148e-01,9.999908208847045898e-01,-9.999881982803344727e-01,9.999811053276062012e-01,-9.996045827865600586e-01,-9.999893903732299805e-01,-9.999733567237854004e-01,-9.999810457229614258e-01,-9.999654293060302734e-01,-9.999758005142211914e-01,-9.999905228614807129e-01,9.999890327453613281e-01,9.999901652336120605e-01,9.999775290489196777e-01,9.999885559082031250e-01,9.999176263809204102e-01,9.999696612358093262e-01,9.999811053276062012e-01,9.999846220016479492e-01,-9.998226761817932129e-01,-9.999806284904479980e-01,-9.999804496765136719e-01,9.999574422836303711e-01,-9.999912977218627930e-01,-9.999874830245971680e-01,-9.999653100967407227e-01,9.999511241912841797e-01,9.999906420707702637e-01,9.999916553497314453e-01,9.999437928199768066e-01,9.999850988388061523e-01,-9.999914765357971191e-01,9.999891519546508789e-01,-9.999805092811584473e-01,-9.999731183052062988e-01,9.999048709869384766e-01,-9.993668198585510254e-01,9.999839067459106445e-01,-9.998667836189270020e-01,-9.999856948852539062e-01,9.999235272407531738e-01,9.999821782112121582e-01,-9.996733665466308594e-01,-9.999832510948181152e-01,9.999906420707702637e-01,9.995867013931274414e-01,9.999882578849792480e-01,9.998895525932312012e-01,-9.999514222145080566e-01,-9.999893903732299805e-01,9.998859763145446777e-01,-9.999862313270568848e-01,9.999879002571105957e-01,-9.999876022338867188e-01,9.997645616531372070e-01,9.999877810478210449e-01,-9.999890923500061035e-01,9.999809861183166504e-01,-9.994918704032897949e-01,-9.999915361404418945e-01,9.999905824661254883e-01,-9.999502301216125488e-01,9.999822974205017090e-01,-9.999896287918090820e-01,9.999234080314636230e-01,9.998246431350708008e-01,-9.999880790710449219e-01,-9.999476075172424316e-01,-9.999088644981384277e-01,9.999795556068420410e-01,9.999584555625915527e-01,-9.999881386756896973e-01,9.999794960021972656e-01,-9.999886155128479004e-01,9.999845623970031738e-01,9.999471306800842285e-01,-9.999926686286926270e-01,9.999881386756896973e-01,-9.999877214431762695e-01,9.999902248382568359e-01,9.998498558998107910e-01,9.999831914901733398e-01,9.999908208847045898e-01,-9.999682307243347168e-01,-9.999894499778747559e-01,9.999819397926330566e-01,-9.998792409896850586e-01,9.999662041664123535e-01,9.998130798339843750e-01,9.999841451644897461e-01
9.999982118606567383e-01,-9.999980330467224121e-01,-9.999873042106628418e-01,9.999983310699462891e-01,9.999988675117492676e-01,-9.999984502792358398e-01,9.999265670776367188e-01,9.999990463256835938e-01,-9.999968409538269043e-01,9.999962449073791504e-01,-9.999939203262329102e-01,-9.999988675117492676e-01,9.999982714653015137e-01,9.999974966049194336e-01,9.999446272850036621e-01,9.999979138374328613e-01,9.999978542327880859e-01,-9.999977946281433105e-01,9.998558759689331055e-01,-9.999991059303283691e-01,-9.999988079071044922e-01,9.999864697456359863e-01,9.999970793724060059e-01,9.999984502792358398e-01,9.999793767929077148e-01,9.999989867210388184e-01,-9.999983906745910645e-01,-9.999989271163940430e-01,9.999825954437255859e-01,-9.999951124191284180e-01,-9.999976158142089844e-01,-9.999986886978149414e-01,9.999967813491821289e-01,9.999979734420776367e-01,-9.999971985816955566e-01,-9.999952912330627441e-01,9.999988675117492676e-01,9.999986290931701660e-01,9.999934434890747070e-01,-9.999988079071044922e-01,9.999984502792358398e-01,-9.999974966049194336e-01,9.999490976333618164e-01,9.999985098838806152e-01,9.999964833259582520e-01,9.999976158142089844e-01,9.999955296516418457e-01,9.999967813491821289e-01,9.999987483024597168e-01,-9.999985694885253906e-01,-9.999986290931701660e-01,-9.999970793724060059e-01,-9.999985098838806152e-01,-9.999893903732299805e-01,-9.999959468841552734e-01,-9.999975562095642090e-01,-9.999979734420776367e-01,9.999772906303405762e-01,9.999974966049194336e-01,9.999974370002746582e-01,-9.999944567680358887e-01,9.999988079071044922e-01,9.999982714653015137e-01,9.999955892562866211e-01,-9.999937415122985840e-01,-9.999988079071044922e-01,-9.999988675117492676e-01,-9.999926686286926270e-01,-9.999980330467224121e-01,9.999988079071044922e-01,-9.999985098838806152e-01,9.999973773956298828e-01,9.999964833259582520e-01,-9.999876618385314941e-01,9.999184012413024902e-01,-9.999979138374328613e-01,9.999828934669494629e-01,9.999981522560119629e-01,-9.999902248382568359e-01,-9.999977350234985352e-01,9.999579191207885742e-01,9.999977946281433105e-01,-9.999988079071044922e-01,-9.999467730522155762e-01,-9.999984502792358398e-01,-9.999858140945434570e-01,9.999937415122985840e-01,9.999985694885253906e-01,-9.999853372573852539e-01,9.999982118606567383e-01,-9.999983906745910645e-01,9.999983906745910645e-01,-9.999697208404541016e-01,-9.999983906745910645e-01,9.999985098838806152e-01,-9.999974370002746582e-01,9.999345541000366211e-01,9.999988079071044922e-01,-9.999986886978149414e-01,9.999936223030090332e-01,-9.999976754188537598e-01,9.999986290931701660e-01,-9.999901056289672852e-01,-9.999774694442749023e-01,9.999984502792358398e-01,9.999933838844299316e-01,9.999881982803344727e-01,-9.999973177909851074e-01,-9.999946355819702148e-01,9.999984502792358398e-01,-9.999973177909851074e-01,9.999985098838806152e-01,-9.999979734420776367e-01,-9.999932050704956055e-01,9.999991059303283691e-01,-9.999984502792358398e-01,9.999982714653015137e-01,-9.999987483024597168e-01,-9.999806880950927734e-01,-9.999977946281433105e-01,-9.999987483024597168e-01,9.999959468841552734e-01,9.999986290931701660e-01,-9.999975562095642090e-01,9.999843835830688477e-01,-9.999956488609313965e-01,-9.999759793281555176e-01,-9.999978542327880859e-01
9.999986886978149414e-01,-9.999986886978149414e-01,-9.999912381172180176e-01,9.999988675117492676e-01,9.999992847442626953e-01,-9.999989867210388184e-01,9.999496936798095703e-01,9.999992847442626953e-01,-9.999978542327880859e-01,9.999974370002746582e-01,-9.999957680702209473e-01,-9.999992847442626953e-01,9.999987483024597168e-01,9.999982118606567383e-01,9.999621510505676270e-01,9.999985098838806152e-01,9.999985098838806152e-01,-9.999985098838806152e-01,9.999013543128967285e-01,-9.999994039535522461e-01,-9.999991655349731445e-01,9.999907612800598145e-01,9.999980926513671875e-01,9.999988675117492676e-01,9.999858736991882324e-01,9.999994039535522461e-01,-9.999988675117492676e-01,-9.999992847442626953e-01,9.999880194664001465e-01,-9.999966025352478027e-01,-9.999983310699462891e-01,-9.999991655349731445e-01,9.999977946281433105e-01,9.999986290931701660e-01,-9.999980926513671875e-01,-9.999967217445373535e-01,9.999992251396179199e-01,9.999991655349731445e-01,9.999955296516418457e-01,-9.999992251396179199e-01,9.999989271163940430e-01,-9.999983310699462891e-01,9.999650716781616211e-01,9.999991059303283691e-01,9.999976158142089844e-01,9.999983310699462891e-01,9.999970197677612305e-01,9.999977946281433105e-01,9.999992251396179199e-01,-9.999991059303283691e-01,-9.999990463256835938e-01,-9.999979734420776367e-01,-9.999989271163940430e-01,-9.999926686286926270e-01,-9.999973177909851074e-01,-9.999983310699462891e-01,-9.999986886978149414e-01,9.999843835830688477e-01,9.999982714653015137e-01,9.999981522560119629e-01,-9.999961853027343750e-01,9.999991655349731445e-01,9.999988079071044922e-01,9.999970197677612305e-01,-9.999957084655761719e-01,-9.999992251396179199e-01,-9.999992251396179199e-01,-9.999949932098388672e-01,-9.999986886978149414e-01,9.999991655349731445e-01,-9.999991059303283691e-01,9.999982714653015137e-01,9.999976158142089844e-01,-9.999916553497314453e-01,9.999442100524902344e-01,-9.999985694885253906e-01,9.999881982803344727e-01,9.999987483024597168e-01,-9.999932646751403809e-01,-9.999983906745910645e-01,9.999712705612182617e-01,9.999985098838806152e-01,-9.999992251396179199e-01,-9.999635815620422363e-01,-9.999989271163940430e-01,-9.999902844429016113e-01,9.999957084655761719e-01,9.999991059303283691e-01,-9.999899864196777344e-01,9.999987483024597168e-01,-9.999989271163940430e-01,9.999988675117492676e-01,-9.999791979789733887e-01,-9.999989271163940430e-01,9.999991059303283691e-01,-9.999982118606567383e-01,9.999552369117736816e-01,9.999992251396179199e-01,-9.999992251396179199e-01,9.999955892562866211e-01,-9.999983906745910645e-01,9.999991059303283691e-01,-9.999932646751403809e-01,-9.999845623970031738e-01,9.999989271163940430e-01,9.999954104423522949e-01,9.999919533729553223e-01,-9.999981522560119629e-01,-9.999963045120239258e-01,9.999989271163940430e-01,-9.999981522560119629e-01,9.999989271163940430e-01,-9.999986290931701660e-01,-9.999952912330627441e-01,9.999994635581970215e-01,-9.999989867210388184e-01,9.999988079071044922e-01,-9.999991655349731445e-01,-9.999868869781494141e-01,-9.999985098838806152e-01,-9.999991655349731445e-01,9.999971985816955566e-01,9.999992251396179199e-01,-9.999982714653015137e-01,9.999893903732299805e-01,-9.999969601631164551e-01,-9.999834895133972168e-01,-9.999985098838806152e-01
-9.999983310699462891e-01,9.999982714653015137e-01,9.999886751174926758e-01,-9.999984502792358398e-01,-9.999989867210388184e-01,9.999985694885253906e-01,-9.999344348907470703e-01,-9.999991655349731445e-01,9.999971985816955566e-01,-9.999966025352478027e-01,9.999945759773254395e-01,9.999989271163940430e-01,-9.999983310699462891e-01,-9.999976754188537598e-01,-9.999505877494812012e-01,-9.999981522560119629e-01,-9.999980330467224121e-01,9.999980926513671875e-01,-9.998712539672851562e-01,9.999992251396179199e-01,9.999990463256835938e-01,-9.999879002571105957e-01,-9.999973773956298828e-01,-9.999986290931701660e-01,-9.999815821647644043e-01,-9.999991655349731445e-01,9.999985098838806152e-01,9.999991059303283691e-01,-9.999844431877136230e-01,9.999956488609313965e-01,9.999978542327880859e-01,9.999988675117492676e-01,-9.999970197677612305e-01,-9.999982118606567383e-01,9.999974370002746582e-01,9.999958276748657227e-01,-9.999991059303283691e-01,-9.999988079071044922e-01,-9.999940395355224609e-01,9.999989867210388184e-01,-9.999986290931701660e-01,9.999977946281433105e-01,-9.999545216560363770e-01,-9.999986886978149414e-01,-9.999969601631164551e-01,-9.999977946281433105e-01,-9.999959468841552734e-01,-9.999970793724060059e-01,-9.999989271163940430e-01,9.999987483024597168e-01,9.999988675117492676e-01,9.999973773956298828e-01,9.999985694885253906e-01,9.999905228614807129e-01,9.999964833259582520e-01,9.999977946281433105e-01,9.999982118606567383e-01,-9.999796152114868164e-01,-9.999977350234985352e-01,-9.999976754188537598e-01,9.999950528144836426e-01,-9.999990463256835938e-01,-9.999984502792358398e-01,-9.999959468841552734e-01,9.999943971633911133e-01,9.999989271163940430e-01,9.999991059303283691e-01,9.999935626983642578e-01,9.999982714653015137e-01,-9.999989271163940430e-01,9.999987483024597168e-01,-9.999976754188537598e-01,-9.999968409538269043e-01,9.999889731407165527e-01,-9.999271631240844727e-01,9.999981522560119629e-01,-9.999846816062927246e-01,-9.999983310699462891e-01,9.999912381172180176e-01,9.999979138374328613e-01,-9.999623894691467285e-01,-9.999980330467224121e-01,9.999989271163940430e-01,9.999524354934692383e-01,9.999986290931701660e-01,9.999873042106628418e-01,-9.999943375587463379e-01,-9.999987483024597168e-01,9.999869465827941895e-01,-9.999983906745910645e-01,9.999985098838806152e-01,-9.999985694885253906e-01,9.999728798866271973e-01,9.999985694885253906e-01,-9.999986290931701660e-01,9.999977350234985352e-01,-9.999415278434753418e-01,-9.999989867210388184e-01,9.999988079071044922e-01,-9.999942183494567871e-01,9.999979138374328613e-01,-9.999988079071044922e-01,9.999912381172180176e-01,9.999798536300659180e-01,-9.999985098838806152e-01,-9.999939799308776855e-01,-9.999895691871643066e-01,9.999976158142089844e-01,9.999951720237731934e-01,-9.999986290931701660e-01,9.999976158142089844e-01,-9.999986290931701660e-01,9.999982118606567383e-01,9.999938607215881348e-01,-9.999991655349731445e-01,9.999986290931701660e-01,-9.999985098838806152e-01,9.999988079071044922e-01,9.999827742576599121e-01,9.999980330467224121e-01,9.999988675117492676e-01,-9.999963045120239258e-01,-9.999987483024597168e-01,9.999978542327880859e-01,-9.999861717224121094e-01,9.999959468841552734e-01,9.999785423278808594e-01,9.999980330467224121e-01
9.999208450317382812e-01,-9.999140501022338867e-01,-9.994302392005920410e-01,9.999265670776367188e-01,9.999496936798095703e-01,-9.999344348907470703e-01,9.967237114906311035e-01,9.999552965164184570e-01,-9.998615980148315430e-01,9.998327493667602539e-01,-9.997278451919555664e-01,-9.999496936798095703e-01,9.999228119850158691e-01,9.998855590820312500e-01,9.975262880325317383e-01,9.999094605445861816e-01,9.999038577079772949e-01,-9.999054074287414551e-01,9.935814738273620605e-01,-9.999577999114990234e-01,-9.999505281448364258e-01,9.993936419486999512e-01,9.998749494552612305e-01,9.999319314956665039e-01,9.990741610527038574e-01,9.999570250511169434e-01,-9.999291300773620605e-01,-9.999517202377319336e-01,9.992199540138244629e-01,-9.997810125350952148e-01,-9.998963475227355957e-01,-9.999426007270812988e-01,9.998567700386047363e-01,9.999102354049682617e-01,-9.998764991760253906e-01,-9.997875690460205078e-01,9.999538064002990723e-01,9.999428987503051758e-01,9.997053146362304688e-01,-9.999471902847290039e-01,9.999316930770874023e-01,-9.998912811279296875e-01,9.977241158485412598e-01,9.999384284019470215e-01,9.998455047607421875e-01,9.998903274536132812e-01,9.998006820678710938e-01,9.998606443405151367e-01,9.999451041221618652e-01,-9.999366402626037598e-01,-9.999431967735290527e-01,-9.998700618743896484e-01,-9.999342560768127441e-01,-9.995252490043640137e-01,-9.998248815536499023e-01,-9.998906254768371582e-01,-9.999113082885742188e-01,9.989780783653259277e-01,9.998881220817565918e-01,9.998870491981506348e-01,-9.997548460960388184e-01,9.999501705169677734e-01,9.999274015426635742e-01,9.997997879981994629e-01,-9.997183680534362793e-01,-9.999460577964782715e-01,-9.999518990516662598e-01,-9.996760487556457520e-01,-9.999139308929443359e-01,9.999507069587707520e-01,-9.999377727508544922e-01,9.998877048492431641e-01,9.998446106910705566e-01,-9.994516372680664062e-01,9.963589906692504883e-01,-9.999070167541503906e-01,9.992321133613586426e-01,9.999173283576965332e-01,-9.995586872100830078e-01,-9.998971223831176758e-01,9.981195926666259766e-01,9.999027252197265625e-01,-9.999459981918334961e-01,-9.976212978363037109e-01,-9.999316334724426270e-01,-9.993634223937988281e-01,9.997193217277526855e-01,9.999391436576843262e-01,-9.993429183959960938e-01,9.999204277992248535e-01,-9.999299049377441406e-01,9.999284148216247559e-01,-9.986433386802673340e-01,-9.999289512634277344e-01,9.999368786811828613e-01,-9.998905658721923828e-01,9.970767498016357422e-01,9.999512434005737305e-01,-9.999455213546752930e-01,9.997130632400512695e-01,-9.998974800109863281e-01,9.999399781227111816e-01,-9.995588660240173340e-01,-9.989892244338989258e-01,9.999309778213500977e-01,9.996981620788574219e-01,9.994747042655944824e-01,-9.998818635940551758e-01,-9.997605681419372559e-01,9.999315142631530762e-01,-9.998815059661865234e-01,9.999346137046813965e-01,-9.999108314514160156e-01,-9.996958971023559570e-01,9.999569654464721680e-01,-9.999308586120605469e-01,9.999288916587829590e-01,-9.999436140060424805e-01,-9.991344809532165527e-01,-9.999029636383056641e-01,-9.999473094940185547e-01,9.998173117637634277e-01,9.999390244483947754e-01,-9.998958110809326172e-01,9.993045330047607422e-01,-9.998050332069396973e-01,-9.989227056503295898e-01,-9.999082088470458984e-01
9.999988675117492676e-01,-9.999988079071044922e-01,-9.999921321868896484e-01,9.999990463256835938e-01,9.999992847442626953e-01,-9.999991655349731445e-01,9.999552965164184570e-01,9.999993443489074707e-01,-9.999979734420776367e-01,9.999976754188537598e-01,-9.999962449073791504e-01,-9.999992847442626953e-01,9.999988675117492676e-01,9.999984502792358398e-01,9.999662041664123535e-01,9.999987483024597168e-01,9.999986886978149414e-01,-9.999986290931701660e-01,9.999122023582458496e-01,-9.999994635581970215e-01,-9.999993443489074707e-01,9.999917149543762207e-01,9.999982714653015137e-01,9.999991059303283691e-01,9.999874234199523926e-01,9.999994039535522461e-01,-9.999991059303283691e-01,-9.999994039535522461e-01,9.999893307685852051e-01,-9.999969601631164551e-01,-9.999985098838806152e-01,-9.999992847442626953e-01,9.999980330467224121e-01,9.999987483024597168e-01,-9.999982714653015137e-01,-9.999971389770507812e-01,9.999994039535522461e-01,9.999991655349731445e-01,9.999960064888000488e-01,-9.999994039535522461e-01,9.999991059303283691e-01,-9.999983906745910645e-01,9.999690651893615723e-01,9.999991059303283691e-01,9.999978542327880859e-01,9.999985098838806152e-01,9.999972581863403320e-01,9.999979734420776367e-01,9.999992847442626953e-01,-9.999991655349731445e-01,-9.999991655349731445e-01,-9.999980926513671875e-01,-9.999990463256835938e-01,-9.999935626983642578e-01,-9.999974966049194336e-01,-9.999985098838806152e-01,-9.999988079071044922e-01,9.999861121177673340e-01,9.999984502792358398e-01,9.999984502792358398e-01,-9.999966025352478027e-01,9.999992847442626953e-01,9.999989271163940430e-01,9.999973177909851074e-01,-9.999961256980895996e-01,-9.999992847442626953e-01,-9.999992847442626953e-01,-9.999955296516418457e-01,-9.999988079071044922e-01,9.999992847442626953e-01,-9.999991059303283691e-01,9.999983906745910645e-01,9.999978542327880859e-01,-9.999924302101135254e-01,9.999503493309020996e-01,-9.999987483024597168e-01,9.999895095825195312e-01,9.999988675117492676e-01,-9.999939203262329102e-01,-9.999985694885253906e-01,9.999743700027465820e-01,9.999986886978149414e-01,-9.999992847442626953e-01,-9.999675750732421875e-01,-9.999991059303283691e-01,-9.999913573265075684e-01,9.999961256980895996e-01,9.999992251396179199e-01,-9.999910593032836914e-01,9.999989271163940430e-01,-9.999991059303283691e-01,9.999990463256835938e-01,-9.999815225601196289e-01,-9.999991059303283691e-01,9.999991655349731445e-01,-9.999983906745910645e-01,9.999601244926452637e-01,9.999993443489074707e-01,-9.999992251396179199e-01,9.999959468841552734e-01,-9.999985694885253906e-01,9.999992251396179199e-01,-9.999940395355224609e-01,-9.999862909317016602e-01,9.999991059303283691e-01,9.999958872795104980e-01,9.999928474426269531e-01,-9.999982714653015137e-01,-9.999967217445373535e-01,9.999989867210388184e-01,-9.999983906745910645e-01,9.999990463256835938e-01,-9.999986886978149414e-01,-9.999958872795104980e-01,9.999994635581970215e-01,-9.999991059303283691e-01,9.999991059303283691e-01,-9.999991655349731445e-01,-9.999882578849792480e-01,-9.999986886978149414e-01,-9.999992251396179199e-01,9.999974966049194336e-01,9.999992251396179199e-01,-9.999985098838806152e-01,9.999904632568359375e-01,-9.999973177909851074e-01,-9.999853372573852539e-01,-9.999986886978149414e-01
-9.999966025352478027e-01,9.999964237213134766e-01,9.999760389328002930e-01,-9.999968409538269043e-01,-9.999978542327880859e-01,9.999971985816955566e-01,-9.998615980148315430e-01,-9.999979734420776367e-01,9.999941587448120117e-01,-9.999929666519165039e-01,9.999884963035583496e-01,9.999977946281433105e-01,-9.999966025352478027e-01,-9.999951720237731934e-01,-9.998955726623535156e-01,-9.999961256980895996e-01,-9.999959468841552734e-01,9.999959468841552734e-01,-9.997280240058898926e-01,9.999980926513671875e-01,9.999978542327880859e-01,-9.999744892120361328e-01,-9.999946355819702148e-01,-9.999970793724060059e-01,-9.999609589576721191e-01,-9.999981522560119629e-01,9.999969601631164551e-01,9.999979138374328613e-01,-9.999670386314392090e-01,9.999907612800598145e-01,9.999955892562866211e-01,9.999975562095642090e-01,-9.999939799308776855e-01,-9.999961853027343750e-01,9.999948143959045410e-01,9.999910593032836914e-01,-9.999979138374328613e-01,-9.999975562095642090e-01,-9.999875426292419434e-01,9.999977350234985352e-01,-9.999970793724060059e-01,9.999954104423522949e-01,-9.999039173126220703e-01,-9.999973177909851074e-01,-9.999936223030090332e-01,-9.999954700469970703e-01,-9.999915957450866699e-01,-9.999940395355224609e-01,-9.999976754188537598e-01,9.999973177909851074e-01,9.999974966049194336e-01,9.999945163726806641e-01,9.999971389770507812e-01,9.999800324440002441e-01,9.999926090240478516e-01,9.999954104423522949e-01,9.999962449073791504e-01,-9.999569058418273926e-01,-9.999952912330627441e-01,-9.999951720237731934e-01,9.999896287918090820e-01,-9.999978542327880859e-01,-9.999968409538269043e-01,-9.999916553497314453e-01,9.999880790710449219e-01,9.999976754188537598e-01,9.999979138374328613e-01,9.999862909317016602e-01,9.999963045120239258e-01,-9.999978542327880859e-01,9.999973177909851074e-01,-9.999952316284179688e-01,-9.999934434890747070e-01,9.999769330024719238e-01,-9.998461604118347168e-01,9.999960064888000488e-01,-9.999675750732421875e-01,-9.999964833259582520e-01,9.999814629554748535e-01,9.999956488609313965e-01,-9.999206662178039551e-01,-9.999958872795104980e-01,9.999976754188537598e-01,9.998995661735534668e-01,9.999970793724060059e-01,9.999732375144958496e-01,-9.999881982803344727e-01,-9.999974370002746582e-01,9.999723434448242188e-01,-9.999966025352478027e-01,9.999970197677612305e-01,-9.999969601631164551e-01,9.999426603317260742e-01,9.999969601631164551e-01,-9.999972581863403320e-01,9.999953508377075195e-01,-9.998765587806701660e-01,-9.999979138374328613e-01,9.999976158142089844e-01,-9.999878406524658203e-01,9.999956488609313965e-01,-9.999973773956298828e-01,9.999814033508300781e-01,9.999573826789855957e-01,-9.999970793724060059e-01,-9.999873042106628418e-01,-9.999778270721435547e-01,9.999950528144836426e-01,9.999899268150329590e-01,-9.999970793724060059e-01,9.999949932098388672e-01,-9.999971985816955566e-01,9.999960660934448242e-01,9.999872446060180664e-01,-9.999981522560119629e-01,9.999970793724060059e-01,-9.999969005584716797e-01,9.999974966049194336e-01,9.999635219573974609e-01,9.999960064888000488e-01,9.999976754188537598e-01,-9.999923110008239746e-01,-9.999973773956298828e-01,9.999956488609313965e-01,-9.999707341194152832e-01,9.999917149543762207e-01,9.999545216560363770e-01,9.999960660934448242e-01
9.999960064888000488e-01,-9.999957084655761719e-01,-9.999710321426391602e-01,9.999962449073791504e-01,9.999974370002746582e-01,-9.999966025352478027e-01,9.998327493667602539e-01,9.999976754188537598e-01,-9.999929666519165039e-01,9.999915361404418945e-01,-9.999861717224121094e-01,-9.999974370002746582e-01,9.999960064888000488e-01,9.999941587448120117e-01,9.998737573623657227e-01,9.999954104423522949e-01,9.999951720237731934e-01,-9.999951720237731934e-01,9.996712207794189453e-01,-9.999979138374328613e-01,-9.999974370002746582e-01,9.999693036079406738e-01,9.999935626983642578e-01,9.999964833259582520e-01,9.999527931213378906e-01,9.999977946281433105e-01,-9.999963641166687012e-01,-9.999976158142089844e-01,9.999602437019348145e-01,-9.999888539314270020e-01,-9.999947547912597656e-01,-9.999970197677612305e-01,9.999927282333374023e-01,9.999955296516418457e-01,-9.999938011169433594e-01,-9.999892711639404297e-01,9.999976158142089844e-01,9.999970793724060059e-01,9.999850392341613770e-01,-9.999972581863403320e-01,9.999964833259582520e-01,-9.999944567680358887e-01,9.998838901519775391e-01,9.999968409538269043e-01,9.999921321868896484e-01,9.999945163726806641e-01,9.999899268150329590e-01,9.999929070472717285e-01,9.999972581863403320e-01,-9.999967217445373535e-01,-9.999970197677612305e-01,-9.999935030937194824e-01,-9.999966025352478027e-01,-9.999758601188659668e-01,-9.999911189079284668e-01,-9.999945163726806641e-01,-9.999955892562866211e-01,9.999480247497558594e-01,9.999943375587463379e-01,9.999942779541015625e-01,-9.999875426292419434e-01,9.999974370002746582e-01,9.999961256980895996e-01,9.999898672103881836e-01,-9.999856948852539062e-01,-9.999971985816955566e-01,-9.999974370002746582e-01,-9.999836087226867676e-01,-9.999957084655761719e-01,9.999974370002746582e-01,-9.999967813491821289e-01,9.999942779541015625e-01,9.999921321868896484e-01,-9.999721050262451172e-01,9.998140335083007812e-01,-9.999952912330627441e-01,9.999608993530273438e-01,9.999958872795104980e-01,-9.999775886535644531e-01,-9.999947547912597656e-01,9.999040961265563965e-01,9.999950528144836426e-01,-9.999971985816955566e-01,-9.998787045478820801e-01,-9.999966025352478027e-01,-9.999676346778869629e-01,9.999857544898986816e-01,9.999968409538269043e-01,-9.999665617942810059e-01,9.999959468841552734e-01,-9.999963641166687012e-01,9.999963045120239258e-01,-9.999308586120605469e-01,-9.999963641166687012e-01,9.999967217445373535e-01,-9.999944567680358887e-01,9.998508095741271973e-01,9.999974966049194336e-01,-9.999971985816955566e-01,9.999853968620300293e-01,-9.999948143959045410e-01,9.999969005584716797e-01,-9.999775886535644531e-01,-9.999485015869140625e-01,9.999964237213134766e-01,9.999847412109375000e-01,9.999732971191406250e-01,-9.999939799308776855e-01,-9.999878406524658203e-01,9.999964833259582520e-01,-9.999939799308776855e-01,9.999966025352478027e-01,-9.999954700469970703e-01,-9.999846816062927246e-01,9.999978542327880859e-01,-9.999965429306030273e-01,9.999963641166687012e-01,-9.999970793724060059e-01,-9.999559521675109863e-01,-9.999951720237731934e-01,-9.999971985816955566e-01,9.999907016754150391e-01,9.999968409538269043e-01,-9.999946951866149902e-01,9.999645948410034180e-01,-9.999901056289672852e-01,-9.999451041221618652e-01,-9.999953508377075195e-01
-9.999933838844299316e-01,9.999930262565612793e-01,9.999526739120483398e-01,-9.999939203262329102e-01,-9.999957680702209473e-01,9.999945759773254395e-01,-9.997278451919555664e-01,-9.999962449073791504e-01,9.999884963035583496e-01,-9.999861717224121094e-01,9.999774694442749023e-01,9.999958276748657227e-01,-9.999935626983642578e-01,-9.999905228614807129e-01,-9.997947216033935547e-01,-9.999925494194030762e-01,-9.999920725822448730e-01,9.999921917915344238e-01,-9.994654059410095215e-01,9.999964833259582520e-01,9.999958276748657227e-01,-9.999497532844543457e-01,-9.999896883964538574e-01,-9.999943971633911133e-01,-9.999232292175292969e-01,-9.999964833259582520e-01,9.999941587448120117e-01,9.999959468841552734e-01,-9.999352693557739258e-01,9.999818801879882812e-01,9.999913573265075684e-01,9.999952316284179688e-01,-9.999880790710449219e-01,-9.999925494194030762e-01,9.999898076057434082e-01,9.999824762344360352e-01,-9.999961256980895996e-01,-9.999952912330627441e-01,-9.999756217002868652e-01,9.999957084655761719e-01,-9.999944567680358887e-01,9.999909400939941406e-01,-9.998111724853515625e-01,-9.999949336051940918e-01,-9.999872446060180664e-01,-9.999909400939941406e-01,-9.999834895133972168e-01,-9.999884963035583496e-01,-9.999955296516418457e-01,9.999947547912597656e-01,9.999952912330627441e-01,9.999892711639404297e-01,9.999945759773254395e-01,9.999607205390930176e-01,9.999855160713195801e-01,9.999909400939941406e-01,9.999926686286926270e-01,-9.999153614044189453e-01,-9.999907612800598145e-01,-9.999905824661254883e-01,9.999797344207763672e-01,-9.999958872795104980e-01,-9.999940395355224609e-01,-9.999834895133972168e-01,9.999766945838928223e-01,9.999955296516418457e-01,9.999959468841552734e-01,9.999732375144958496e-01,9.999929070472717285e-01,-9.999958872795104980e-01,9.999949336051940918e-01,-9.999906420707702637e-01,-9.999871253967285156e-01,9.999545812606811523e-01,-9.996975660324096680e-01,9.999923110008239746e-01,-9.999362230300903320e-01,-9.999931454658508301e-01,9.999634623527526855e-01,9.999914765357971191e-01,-9.998440742492675781e-01,-9.999920129776000977e-01,9.999955296516418457e-01,9.998027086257934570e-01,9.999943375587463379e-01,9.999473690986633301e-01,-9.999768733978271484e-01,-9.999949932098388672e-01,9.999455213546752930e-01,-9.999934434890747070e-01,9.999940991401672363e-01,-9.999940991401672363e-01,9.998875260353088379e-01,9.999941587448120117e-01,-9.999948143959045410e-01,9.999909400939941406e-01,-9.997573494911193848e-01,-9.999958872795104980e-01,9.999955296516418457e-01,-9.999762177467346191e-01,9.999915361404418945e-01,-9.999951124191284180e-01,9.999634623527526855e-01,9.999161958694458008e-01,-9.999942183494567871e-01,-9.999750256538391113e-01,-9.999564886093139648e-01,9.999902248382568359e-01,9.999802112579345703e-01,-9.999944567680358887e-01,9.999902844429016113e-01,-9.999945759773254395e-01,9.999926090240478516e-01,9.999747872352600098e-01,-9.999964833259582520e-01,9.999942779541015625e-01,-9.999940991401672363e-01,9.999953508377075195e-01,9.999282360076904297e-01,9.999919533729553223e-01,9.999955892562866211e-01,-9.999849200248718262e-01,-9.999949336051940918e-01,9.999913573265075684e-01,-9.999422430992126465e-01,9.999839067459106445e-01,9.999107122421264648e-01,9.999923110008239746e-01
-9.999986886978149414e-01,9.999986886978149414e-01,9.999912977218627930e-01,-9.999988675117492676e-01,-9.999992847442626953e-01,9.999989271163940430e-01,-9.999496936798095703e-01,-9.999992847442626953e-01,9.999977946281433105e-01,-9.999974370002746582e-01,9.999958276748657227e-01,9.999992847442626953e-01,-9.999988079071044922e-01,-9.999982118606567383e-01,-9.999621510505676270e-01,-9.999986290931701660e-01,-9.999984502792358398e-01,9.999985098838806152e-01,-9.999013543128967285e-01,9.999994039535522461e-01,9.999992847442626953e-01,-9.999907612800598145e-01,-9.999980926513671875e-01,-9.999988675117492676e-01,-9.999858736991882324e-01,-9.999992847442626953e-01,9.999988675117492676e-01,9.999992847442626953e-01,-9.999880194664001465e-01,9.999966025352478027e-01,9.999983906745910645e-01,9.999991655349731445e-01,-9.999977946281433105e-01,-9.999986290931701660e-01,9.999982118606567383e-01,9.999967813491821289e-01,-9.999993443489074707e-01,-9.999991655349731445e-01,-9.999955296516418457e-01,9.999992251396179199e-01,-9.999989271163940430e-01,9.999982118606567383e-01,-9.999651908874511719e-01,-9.999991059303283691e-01,-9.999976754188537598e-01,-9.999983310699462891e-01,-9.999969005584716797e-01,-9.999977946281433105e-01,-9.999992251396179199e-01,9.999991059303283691e-01,9.999990463256835938e-01,9.999979734420776367e-01,9.999989271163940430e-01,9.999927878379821777e-01,9.999973177909851074e-01,9.999983310699462891e-01,9.999986886978149414e-01,-9.999843835830688477e-01,-9.999982714653015137e-01,-9.999981522560119629e-01,9.999961853027343750e-01,-9.999992847442626953e-01,-9.999988079071044922e-01,-9.999969005584716797e-01,9.999957084655761719e-01,9.999992251396179199e-01,9.999992251396179199e-01,9.999949932098388672e-01,9.999987483024597168e-01,-9.999991655349731445e-01,9.999991059303283691e-01,-9.999981522560119629e-01,-9.999976158142089844e-01,9.999915957450866699e-01,-9.999442100524902344e-01,9.999985694885253906e-01,-9.999883174896240234e-01,-9.999987483024597168e-01,9.999932646751403809e-01,9.999983906745910645e-01,-9.999712705612182617e-01,-9.999985098838806152e-01,9.999992847442626953e-01,9.999635815620422363e-01,9.999989271163940430e-01,9.999902844429016113e-01,-9.999957084655761719e-01,-9.999991059303283691e-01,9.999899864196777344e-01,-9.999986886978149414e-01,9.999989271163940430e-01,-9.999988675117492676e-01,9.999793171882629395e-01,9.999989271163940430e-01,-9.999991059303283691e-01,9.999983310699462891e-01,-9.999552369117736816e-01,-9.999992847442626953e-01,9.999991059303283691e-01,-9.999955892562866211e-01,9.999983906745910645e-01,-9.999991059303283691e-01,9.999932646751403809e-01,9.999845623970031738e-01,-9.999989271163940430e-01,-9.999954104423522949e-01,-9.999920129776000977e-01,9.999980926513671875e-01,9.999963045120239258e-01,-9.999989271163940430e-01,9.999982714653015137e-01,-9.999989271163940430e-01,9.999986290931701660e-01,9.999952912330627441e-01,-9.999994635581970215e-01,9.999989271163940430e-01,-9.999989271163940430e-01,9.999991655349731445e-01,9.999868273735046387e-01,9.999985694885253906e-01,9.999991655349731445e-01,-9.999971985816955566e-01,-9.999991059303283691e-01,9.999983906745910645e-01,-9.999893307685852051e-01,9.999969005584716797e-01,9.999834895133972168e-01,9.999985098838806152e-01
