3.837629854679107666e-01,3.194303251802921295e-03,5.892636254429817200e-02,-1.288865059614181519e-01,3.029218018054962158e-01,-2.726747691631317139e-01,1.489045564085245132e-02,4.308205246925354004e-01,6.620775908231735229e-02,-9.073215536773204803e-03,-1.959651708602905273e-01,-9.148430824279785156e-02,-8.343362808227539062e-02,-3.027879074215888977e-02,-3.374735638499259949e-02,1.892841160297393799e-01,2.652763156220316887e-03,2.345487661659717560e-02,6.399123370647430420e-02,-1.644389471039175987e-03,-4.995928332209587097e-02,-1.602315008640289307e-01,-1.417484581470489502e-01,7.976648956537246704e-02,1.351728569716215134e-02,1.675040721893310547e-01,3.834893554449081421e-02,-3.546285033226013184e-01,3.412520512938499451e-02,-7.906793802976608276e-02,-2.120007723569869995e-01,-1.053837942890822887e-03,-6.472294032573699951e-02,6.733465939760208130e-03,-1.021417230367660522e-02,-2.302800491452217102e-02,6.407852470874786377e-02,3.870014846324920654e-02,-2.593949735164642334e-01,-2.695737481117248535e-01,2.111250758171081543e-01,8.281820267438888550e-02,-8.247132599353790283e-02,8.386469562537968159e-04,-3.102411888539791107e-02,1.800495088100433350e-01,-1.261051930487155914e-02,-6.565661728382110596e-02,1.182262897491455078e-01,1.867148093879222870e-02,-1.575245410203933716e-01,-1.633292436599731445e-01,2.143777608871459961e-01,-7.626038789749145508e-02,-1.479676645249128342e-02,-1.098537296056747437e-01,1.229521483182907104e-01,3.076824825257062912e-03,6.327724456787109375e-02,1.226589754223823547e-01,-8.130861073732376099e-02,8.787388913333415985e-03,-4.443425219506025314e-03,1.839323341846466064e-01,1.221267357468605042e-01,-9.295132942497730255e-03,-3.131240606307983398e-01,1.520949155092239380e-01,-5.833860859274864197e-02,2.817190289497375488e-01,-2.186654955148696899e-01,2.150859683752059937e-01,3.590771183371543884e-02,-3.988490253686904907e-02,-2.410872727632522583e-01,-1.947148144245147705e-01,4.927362897433340549e-04,-7.222313433885574341e-03,-3.629289194941520691e-02,-4.886393435299396515e-03,6.398028880357742310e-02,-5.782620792160741985e-05,-1.153594031929969788e-01,4.754613910336047411e-04,-3.214481472969055176e-01,1.486029326915740967e-01,2.515127062797546387e-01,2.662892686203122139e-03,-1.182142943143844604e-01,1.175396218895912170e-01,-1.680665761232376099e-01,2.704690396785736084e-01,5.592229217290878296e-02,-1.188071370124816895e-01,-7.364837825298309326e-02,-3.170183300971984863e-01,8.301321417093276978e-02,-1.977799911401234567e-05,-1.005642786622047424e-01,2.005035877227783203e-01,-2.465987652540206909e-01,3.133257031440734863e-01,3.444611793383955956e-03,-1.041246876120567322e-01,-5.688139796257019043e-02,1.063180044293403625e-01,1.402581632137298584e-01,5.489488691091537476e-02,-3.854464590549468994e-01,1.340057048946619034e-02,-1.121913492679595947e-01,1.767024695873260498e-01,-1.900718547403812408e-02,-1.019674763083457947e-01,8.964893221855163574e-02,-5.596693977713584900e-02,2.410618066787719727e-01,-6.433830410242080688e-02,-1.749967187643051147e-01,-8.114226907491683960e-02,-1.367172896862030029e-01,7.559671998023986816e-02,2.629651501774787903e-02,2.319912165403366089e-01,2.222103066742420197e-03,1.573705524206161499e-01,1.360946241766214371e-02,1.552465111017227173e-01
3.194303251802921295e-03,7.324854377657175064e-03,-7.304169237613677979e-02,5.341763049364089966e-02,4.177724197506904602e-02,-1.538214157335460186e-03,2.365474356338381767e-03,1.502505037933588028e-02,5.539222061634063721e-02,5.394975468516349792e-02,-8.982844650745391846e-03,-3.878375515341758728e-02,5.519108846783638000e-02,5.629007518291473389e-02,6.926827877759933472e-02,7.734956592321395874e-02,-1.209883834235370159e-03,5.493996292352676392e-02,-6.776592135429382324e-02,-5.423914268612861633e-02,-4.958041384816169739e-02,5.006415396928787231e-02,5.079143121838569641e-02,-1.274218130856752396e-02,1.055271364748477936e-02,6.552085280418395996e-02,-6.864382326602935791e-02,-1.905644685029983521e-02,6.483513861894607544e-02,-1.097844634205102921e-02,1.374643645249307156e-03,-8.394607901573181152e-02,4.867574572563171387e-02,5.376891791820526123e-02,-1.975544029846787453e-03,-7.668372243642807007e-02,5.088446661829948425e-02,6.731630116701126099e-02,-5.179729685187339783e-02,-4.752089083194732666e-02,6.401667743921279907e-02,1.301035284996032715e-02,6.459574401378631592e-02,2.174947597086429596e-02,-1.259552873671054840e-02,-6.306342780590057373e-02,-6.990606337785720825e-02,-1.508346665650606155e-02,9.885865263640880585e-03,-7.239869330078363419e-03,-1.790259382687509060e-03,-1.126360613852739334e-02,4.513961076736450195e-02,-2.668126253411173820e-04,-8.462225086987018585e-03,-7.989176362752914429e-02,3.190850466489791870e-02,3.083568532019853592e-03,-5.142648145556449890e-02,-5.617801472544670105e-02,-6.404757965356111526e-03,9.582587517797946930e-03,1.645641284994781017e-03,1.745464839041233063e-02,7.341966498643159866e-03,-2.228123694658279419e-02,1.879266649484634399e-02,7.166449725627899170e-02,-7.132232189178466797e-02,4.634412005543708801e-03,-5.898018926382064819e-02,-8.914659731090068817e-03,-3.024438023567199707e-02,7.019884139299392700e-02,-1.567734405398368835e-02,-6.489446014165878296e-02,-3.048858779948204756e-04,7.665734738111495972e-02,-1.178317330777645111e-02,-7.069775462150573730e-02,7.384815067052841187e-02,8.949317270889878273e-05,-6.558167189359664917e-02,-2.496020169928669930e-04,-6.515108793973922729e-02,-6.789843738079071045e-02,2.929198555648326874e-02,9.021433652378618717e-04,5.582433566451072693e-02,5.760259926319122314e-02,-1.351324096322059631e-02,-2.414728514850139618e-02,-5.698588117957115173e-02,2.414040453732013702e-02,-6.749776005744934082e-02,7.777302525937557220e-04,3.471533209085464478e-02,-1.464558181396569125e-06,-5.882410332560539246e-02,6.101124361157417297e-02,-3.287494555115699768e-02,2.921075560152530670e-02,-7.750199735164642334e-02,-6.652314215898513794e-02,8.370518684387207031e-02,6.844686809927225113e-03,-6.513224542140960693e-02,-6.979122757911682129e-02,-9.173718863166868687e-04,-2.333549316972494125e-03,5.603613331913948059e-02,-5.743249878287315369e-02,-6.717455387115478516e-02,3.484723716974258423e-02,7.150957733392715454e-02,-6.903894990682601929e-02,3.952042385935783386e-02,1.870548538863658905e-02,-7.066117972135543823e-02,4.333169758319854736e-02,5.729157105088233948e-02,6.065629050135612488e-02,6.396880745887756348e-02,-3.153230249881744385e-02,-4.775745421648025513e-02,-5.212504789233207703e-02,-2.819731831550598145e-03,4.327540472149848938e-02
5.892636254429817200e-02,-7.304169237613677979e-02,7.814804911613464355e-01,-6.484766006469726562e-01,-3.975007832050323486e-01,-8.755529671907424927e-02,-4.593167081475257874e-02,-1.173960268497467041e-01,-5.447944402694702148e-01,-6.056587100028991699e-01,7.903138548135757446e-02,4.447102248668670654e-01,-5.697766542434692383e-01,-6.574941873550415039e-01,-7.542185187339782715e-01,-7.259435057640075684e-01,1.316088903695344925e-02,-6.005668044090270996e-01,7.214745879173278809e-01,6.334704160690307617e-01,4.828795492649078369e-01,-6.215180158615112305e-01,-6.273072957992553711e-01,1.631840169429779053e-01,-1.182344481348991394e-01,-6.132952570915222168e-01,7.242214679718017578e-01,1.075384467840194702e-01,-7.062739133834838867e-01,9.457255154848098755e-02,-4.042247682809829712e-02,8.225893974304199219e-01,-5.166219472885131836e-01,-6.643580794334411621e-01,2.486042305827140808e-02,7.589454650878906250e-01,-5.609239935874938965e-01,-7.220627069473266602e-01,4.872494339942932129e-01,5.037686824798583984e-01,-6.168529987335205078e-01,-1.312938183546066284e-01,-7.073014974594116211e-01,-2.580761313438415527e-01,8.371394127607345581e-02,7.005338072776794434e-01,7.608009576797485352e-01,1.634640246629714966e-01,-7.826073467731475830e-02,1.870100796222686768e-01,9.936451911926269531e-03,1.585450023412704468e-01,-4.583887457847595215e-01,-3.864547004923224449e-03,1.019593924283981323e-01,7.948130369186401367e-01,-3.953858017921447754e-01,-3.683545812964439392e-02,5.457002520561218262e-01,6.477633714675903320e-01,5.198593810200691223e-02,-1.022096946835517883e-01,-1.866304688155651093e-02,-1.135384589433670044e-01,-3.974904119968414307e-02,2.495126128196716309e-01,-2.055052518844604492e-01,-7.017613053321838379e-01,7.383181452751159668e-01,2.533131837844848633e-02,6.152228116989135742e-01,1.763160377740859985e-01,3.476999402046203613e-01,-7.623804211616516113e-01,6.320745497941970825e-02,6.405074000358581543e-01,3.230083966627717018e-03,-8.045479059219360352e-01,1.388012915849685669e-01,7.444815039634704590e-01,-7.647666335105895996e-01,-1.092777820304036140e-03,6.966460943222045898e-01,3.655769163742661476e-03,6.026651859283447266e-01,7.458248734474182129e-01,-2.876216769218444824e-01,-9.968725033104419708e-03,-5.849777460098266602e-01,-6.408962607383728027e-01,1.268883496522903442e-01,2.658940553665161133e-01,6.241415143013000488e-01,-2.823030352592468262e-01,7.045907974243164062e-01,-6.864463537931442261e-02,-3.808525502681732178e-01,1.228440942213637754e-05,6.181461811065673828e-01,-5.992956757545471191e-01,3.984848260879516602e-01,-2.411887198686599731e-01,7.913669943809509277e-01,6.988843679428100586e-01,-8.327261805534362793e-01,-1.472302079200744629e-01,6.622148752212524414e-01,7.317453622817993164e-01,-8.325713127851486206e-02,2.604878880083560944e-02,-6.125557422637939453e-01,6.763246059417724609e-01,7.274575829505920410e-01,-4.890745282173156738e-01,-7.526409029960632324e-01,7.174173593521118164e-01,-3.740989863872528076e-01,-2.545847296714782715e-01,7.200979590415954590e-01,-5.117385387420654297e-01,-6.495144367218017578e-01,-6.429079771041870117e-01,-6.860182285308837891e-01,3.589226901531219482e-01,6.079697012901306152e-01,6.110396385192871094e-01,2.407613024115562439e-02,-4.657470881938934326e-01
-1.288865059614181519e-01,5.341763049364089966e-02,-6.484766006469726562e-01,6.913251280784606934e-01,1.733300238847732544e-01,1.650627255439758301e-01,5.063395574688911438e-02,-8.757256716489791870e-02,4.652067422866821289e-01,4.877923130989074707e-01,-1.756586283445358276e-01,-3.295431435108184814e-01,3.154143691062927246e-01,5.752325057983398438e-01,6.238840818405151367e-01,4.585294723510742188e-01,-7.047952618449926376e-03,4.718773365020751953e-01,-6.935898065567016602e-01,-5.318709015846252441e-01,-5.275651216506958008e-01,5.777930021286010742e-01,5.371372699737548828e-01,-8.595445007085800171e-02,9.743693470954895020e-02,3.320311307907104492e-01,-5.055094361305236816e-01,1.742239296436309814e-01,4.606471359729766846e-01,9.679852426052093506e-02,4.016192257404327393e-02,-6.982020735740661621e-01,5.895693302154541016e-01,5.496017336845397949e-01,-4.628180060535669327e-03,-5.141770839691162109e-01,3.816114664077758789e-01,5.621742606163024902e-01,-1.574634313583374023e-01,-4.689253270626068115e-01,5.147591233253479004e-01,1.797867566347122192e-01,5.417941212654113770e-01,1.931547522544860840e-01,-2.097307294607162476e-01,-4.893425405025482178e-01,-6.720162034034729004e-01,-1.483332216739654541e-01,9.219258278608322144e-02,-1.198297515511512756e-01,2.328971400856971741e-03,5.194256454706192017e-02,4.640851318836212158e-01,-1.234212517738342285e-02,7.475066930055618286e-02,-5.800037384033203125e-01,3.818686306476593018e-01,2.636823989450931549e-02,-4.479334652423858643e-01,-6.838263869285583496e-01,-1.092471629381179810e-01,1.521177589893341064e-01,2.093341574072837830e-02,5.119034647941589355e-02,7.458578050136566162e-02,-1.973447650671005249e-01,1.078278198838233948e-01,4.533138871192932129e-01,-5.678408145904541016e-01,-2.592484056949615479e-01,-4.111070334911346436e-01,5.666470900177955627e-02,-4.024862647056579590e-01,6.472118496894836426e-01,-9.650141000747680664e-02,-4.729410409927368164e-01,-8.027949370443820953e-04,6.141360402107238770e-01,-3.188436329364776611e-01,-5.932708978652954102e-01,7.050727009773254395e-01,8.754133014008402824e-04,-4.847654700279235840e-01,1.051372382789850235e-03,-4.322727620601654053e-01,-6.101381778717041016e-01,1.541977562010288239e-02,4.277101717889308929e-03,3.988331258296966553e-01,4.759986996650695801e-01,-1.426238417625427246e-01,-4.137923121452331543e-01,-6.071707606315612793e-01,3.266003131866455078e-01,-6.332584619522094727e-01,1.869145333766937256e-01,2.279269099235534668e-01,-5.804169177281437442e-06,-3.693250119686126709e-01,3.974702358245849609e-01,-2.188574075698852539e-01,-5.341740325093269348e-02,-7.208341360092163086e-01,-5.002724528312683105e-01,7.203475236892700195e-01,3.564987778663635254e-01,-7.438604235649108887e-01,-5.429325699806213379e-01,2.531743049621582031e-01,-3.118102811276912689e-02,6.210479736328125000e-01,-6.745497584342956543e-01,-6.527382135391235352e-01,5.613371133804321289e-01,5.753057003021240234e-01,-5.726065039634704590e-01,7.486584782600402832e-02,2.021669298410415649e-01,-5.393813252449035645e-01,5.353289246559143066e-01,5.182111263275146484e-01,6.020203232765197754e-01,5.988669991493225098e-01,-3.476300239562988281e-01,-5.268515348434448242e-01,-5.778614878654479980e-01,-2.479255571961402893e-02,3.151759207248687744e-01
3.029218018054962158e-01,4.177724197506904602e-02,-3.975007832050323486e-01,1.733300238847732544e-01,5.631731748580932617e-01,-2.114323824644088745e-01,3.623922914266586304e-02,5.497893095016479492e-01,2.873406410217285156e-01,3.011706471443176270e-01,-1.334619671106338501e-01,-3.286237716674804688e-01,3.388209044933319092e-01,2.892705798149108887e-01,3.942378163337707520e-01,6.779685616493225098e-01,-6.829820107668638229e-03,3.550826609134674072e-01,-2.997676730155944824e-01,-3.082096874713897705e-01,-1.722791939973831177e-01,1.611807197332382202e-01,1.997658461332321167e-01,-5.096643418073654175e-02,6.959230452775955200e-02,5.834120512008666992e-01,-4.274839758872985840e-01,-5.049024820327758789e-01,5.428276062011718750e-01,-2.199133187532424927e-01,-1.587159633636474609e-01,-4.641987979412078857e-01,1.114254072308540344e-01,3.694002926349639893e-01,-3.234285861253738403e-02,-5.293439030647277832e-01,3.900223970413208008e-01,4.543862640857696533e-01,-6.790524721145629883e-01,-4.516768157482147217e-01,5.028529167175292969e-01,8.311635255813598633e-02,3.494402468204498291e-01,1.474879533052444458e-01,4.337206482887268066e-02,-3.220872282981872559e-01,-4.274039566516876221e-01,-1.320072859525680542e-01,1.040392220020294189e-01,-1.065482199192047119e-01,-1.361731290817260742e-01,-3.569218516349792480e-01,3.451470434665679932e-01,-4.987269639968872070e-02,-1.802147477865219116e-01,-6.229298114776611328e-01,2.741937935352325439e-01,2.479548193514347076e-02,-2.249570935964584351e-01,-1.699301302433013916e-01,-4.030795767903327942e-02,-1.386708114296197891e-03,1.783980638720095158e-03,2.106168866157531738e-01,8.265834301710128784e-02,-1.399271935224533081e-01,-1.023084372282028198e-01,6.065791845321655273e-01,-4.751316606998443604e-01,3.699391186237335205e-01,-5.936882495880126953e-01,-7.772643864154815674e-02,-5.347903445363044739e-02,3.954842388629913330e-01,-1.816629171371459961e-01,-5.459346175193786621e-01,-2.414857037365436554e-03,5.139327645301818848e-01,2.388272248208522797e-02,-4.340916275978088379e-01,4.536807835102081299e-01,5.378474597819149494e-04,-5.456787347793579102e-01,-4.300305619835853577e-03,-6.485696434974670410e-01,-3.180024027824401855e-01,4.955757856369018555e-01,9.985451586544513702e-03,2.446228265762329102e-01,4.771909117698669434e-01,-1.847180426120758057e-01,2.149583399295806885e-01,-2.216708064079284668e-01,-2.444910444319248199e-02,-4.203602373600006104e-01,-3.039483129978179932e-01,3.382003009319305420e-01,-2.480079274391755462e-05,-5.015888810157775879e-01,5.563094615936279297e-01,-4.838746786117553711e-01,5.423130393028259277e-01,-4.207177162170410156e-01,-5.271840095520019531e-01,4.338944852352142334e-01,3.151707351207733154e-02,-1.398160755634307861e-01,-4.200209081172943115e-01,-3.828241229057312012e-01,6.093341391533613205e-03,1.405735164880752563e-01,-1.558391451835632324e-01,-3.994683325290679932e-01,7.418412715196609497e-02,5.624152421951293945e-01,-4.460957050323486328e-01,5.395541787147521973e-01,1.007093414664268494e-01,-5.982366204261779785e-01,1.210491806268692017e-01,2.590596675872802734e-01,3.514294326305389404e-01,3.562364578247070312e-01,3.983500972390174866e-02,-3.017185628414154053e-01,-1.365576684474945068e-01,-1.762423198670148849e-03,4.116043746471405029e-01
-2.726747691631317139e-01,-1.538214157335460186e-03,-8.755529671907424927e-02,1.650627255439758301e-01,-2.114323824644088745e-01,2.440507113933563232e-01,1.771975867450237274e-02,-3.014088273048400879e-01,-5.920824781060218811e-02,3.335912525653839111e-02,8.820445090532302856e-02,5.197054147720336914e-02,3.803860396146774292e-02,6.023628637194633484e-02,6.213657185435295105e-02,-1.399540603160858154e-01,-2.166614169254899025e-03,-2.582799876108765602e-03,-1.026079803705215454e-01,-4.886790364980697632e-02,1.268542255274951458e-03,1.472988426685333252e-01,1.443239450454711914e-01,-4.697756096720695496e-02,-4.660173784941434860e-03,-1.493723541498184204e-01,-4.240455850958824158e-02,2.886499166488647461e-01,3.012040629982948303e-03,5.758533626794815063e-02,1.488991826772689819e-01,-2.915340662002563477e-02,1.056815832853317261e-01,5.962636321783065796e-02,8.480166085064411163e-03,2.047076635062694550e-02,-3.720962628722190857e-02,-5.338928895071148872e-04,2.071217745542526245e-01,1.173080056905746460e-01,-1.272062063217163086e-01,-2.771393209695816040e-02,8.507882803678512573e-02,1.292901672422885895e-02,-4.877590108662843704e-03,-1.361614912748336792e-01,-4.704913496971130371e-02,3.361698240041732788e-02,-7.797927409410476685e-02,-2.246895432472229004e-02,1.163120940327644348e-01,1.063843294978141785e-01,-1.016901880502700806e-01,4.891315475106239319e-02,3.107606247067451477e-02,4.346064105629920959e-02,-4.973051324486732483e-02,-9.990808321163058281e-04,-6.877665966749191284e-02,-1.384413093328475952e-01,3.964085131883621216e-02,1.214690692722797394e-02,5.098963622003793716e-03,-1.288395076990127563e-01,-8.141028881072998047e-02,-4.025723610538989305e-04,1.910715252161026001e-01,-9.541287273168563843e-02,2.303900942206382751e-02,-2.312043011188507080e-01,1.240089759230613708e-01,-1.376147121191024780e-01,-4.915961995720863342e-02,5.484461411833763123e-02,1.542975008487701416e-01,9.730065613985061646e-02,6.447788473451510072e-05,4.042947664856910706e-02,-2.927932329475879669e-02,-1.222071330994367599e-02,1.466393936425447464e-02,8.219798473874107003e-05,5.363414436578750610e-02,-3.672605671454221010e-04,2.042946964502334595e-01,-1.227612718939781189e-01,-1.700781136751174927e-01,-2.271362114697694778e-03,6.439955532550811768e-02,-5.859637260437011719e-02,8.670764416456222534e-02,-2.200825512409210205e-01,-8.140877634286880493e-02,1.059027090668678284e-01,1.241550222039222717e-02,2.304634004831314087e-01,-2.681933157145977020e-02,1.187382531497860327e-05,7.390931993722915649e-02,-1.385763883590698242e-01,1.456131339073181152e-01,-2.531698644161224365e-01,-3.722997009754180908e-02,5.490772053599357605e-02,8.352679014205932617e-02,3.114353865385055542e-02,-1.650462299585342407e-01,-4.326073080301284790e-02,3.055678606033325195e-01,-1.042662095278501511e-02,1.039884164929389954e-01,-1.966565400362014771e-01,-2.774402312934398651e-02,1.400579214096069336e-01,-1.809404976665973663e-02,7.575791794806718826e-03,-2.015433311462402344e-01,6.730599701404571533e-02,8.219186961650848389e-02,9.671133011579513550e-02,1.179907023906707764e-01,-5.844507366418838501e-03,1.928597688674926758e-02,-1.695240437984466553e-01,-4.881706833839416504e-02,-1.446518599987030029e-01,-1.364043634384870529e-02,-7.099839299917221069e-02
1.489045564085245132e-02,2.365474356338381767e-03,-4.593167081475257874e-02,5.063395574688911438e-02,3.623922914266586304e-02,1.771975867450237274e-02,3.275758773088455200e-02,3.865075111389160156e-02,-1.100727636367082596e-02,3.332335129380226135e-02,-4.199666902422904968e-02,-1.823506318032741547e-02,6.932652555406093597e-03,2.404046803712844849e-02,2.973107248544692993e-02,2.405264042317867279e-02,-8.197792340070009232e-04,3.155401349067687988e-02,-5.427743867039680481e-02,-4.047387093305587769e-02,-1.698005199432373047e-02,1.914128474891185760e-02,3.629373386502265930e-02,1.980075147002935410e-03,5.407122895121574402e-03,1.121420226991176605e-02,-2.494816482067108154e-02,-9.970388375222682953e-03,4.446399584412574768e-02,-1.850124076008796692e-02,-6.056261714547872543e-03,-2.801555581390857697e-02,4.405152052640914917e-02,4.853213205933570862e-02,-5.121799185872077942e-04,-1.665242575109004974e-02,2.459015510976314545e-02,3.755431622266769409e-02,-2.318602055311203003e-02,-6.511415541172027588e-02,3.808271139860153198e-02,1.915368437767028809e-02,3.455970808863639832e-02,1.449928525835275650e-02,-1.683150231838226318e-02,-1.584374904632568359e-02,-5.237952992320060730e-02,-1.115953270345926285e-02,1.069912314414978027e-02,3.829542547464370728e-03,6.924011744558811188e-03,-2.885602973401546478e-02,4.387584701180458069e-02,-6.653483724221587181e-04,-1.951967016793787479e-03,-4.866148158907890320e-02,2.876412868499755859e-02,1.634730957448482513e-03,-3.449761867523193359e-02,-3.082168102264404297e-02,-1.610004715621471405e-02,6.635071709752082825e-03,1.011291402392089367e-03,1.728206686675548553e-02,8.652816526591777802e-03,-1.021510362625122070e-02,-2.002448402345180511e-02,3.740691766142845154e-02,-2.934048883616924286e-02,8.550828322768211365e-03,-5.216307938098907471e-02,3.631581086665391922e-03,-8.017424494028091431e-03,2.516613714396953583e-02,-2.856831997632980347e-02,-5.953025072813034058e-02,1.540774974273517728e-04,4.042087495326995850e-02,-3.158941119909286499e-02,-2.604979649186134338e-02,5.341514945030212402e-02,3.480719169601798058e-05,-3.860944882035255432e-02,-4.748969513457268476e-04,-5.185948684811592102e-02,-1.639196835458278656e-02,3.996350988745689392e-02,2.119197015417739749e-04,-2.802093280479311943e-03,3.577088192105293274e-02,-3.235002979636192322e-02,-7.806070614606142044e-03,-3.753403201699256897e-02,8.957400918006896973e-03,-4.544247314333915710e-02,-1.978547312319278717e-02,3.927140310406684875e-02,-3.098064098594477400e-06,-1.620213501155376434e-02,3.703710809350013733e-02,-4.175525903701782227e-02,1.176166348159313202e-02,-3.221242129802703857e-02,-3.576959669589996338e-02,5.187928304076194763e-02,5.904684215784072876e-02,-4.195751249790191650e-02,-2.201587706804275513e-02,-2.172695705667138100e-03,5.364520475268363953e-04,-8.580486173741519451e-04,-4.682195186614990234e-02,-3.441201150417327881e-02,3.812610357999801636e-02,5.411020293831825256e-02,-3.594793006777763367e-02,8.272840641438961029e-03,1.724298670887947083e-02,-5.405438691377639771e-02,2.281924523413181305e-02,2.745571546256542206e-02,4.168384149670600891e-02,3.278721496462821960e-02,1.268444117158651352e-03,-3.054405003786087036e-02,-1.801169663667678833e-02,-5.188882350921630859e-03,5.409984290599822998e-02
4.308205246925354004e-01,1.502505037933588028e-02,-1.173960268497467041e-01,-8.757256716489791870e-02,5.497893095016479492e-01,-3.014088273048400879e-01,3.865075111389160156e-02,7.142442464828491211e-01,7.028567045927047729e-02,9.239519387483596802e-02,-1.290580630302429199e-01,-2.430809438228607178e-01,1.384322643280029297e-01,7.422526925802230835e-02,1.401811689138412476e-01,4.881252944469451904e-01,-1.840748009271919727e-03,1.494417488574981689e-01,-2.235433552414178848e-03,-1.092530786991119385e-01,6.475031375885009766e-02,-7.727009803056716919e-02,-3.879338875412940979e-02,-4.767721053212881088e-03,3.588786721229553223e-02,4.341286420822143555e-01,-1.925956904888153076e-01,-6.191170811653137207e-01,3.782853484153747559e-01,-2.514330446720123291e-01,-2.542559206485748291e-01,-1.563968360424041748e-01,-1.628777682781219482e-01,2.053464800119400024e-01,-3.679339215159416199e-02,-2.902565300464630127e-01,2.504664659500122070e-01,2.361118495464324951e-01,-6.460613012313842773e-01,-3.607302606105804443e-01,3.257534801959991455e-01,3.544106334447860718e-02,8.944637328386306763e-02,7.740952074527740479e-02,1.561699658632278442e-01,-7.198106497526168823e-02,-1.757970452308654785e-01,-9.503024071455001831e-02,9.787188470363616943e-02,-1.354352086782455444e-01,-1.960037946701049805e-01,-4.641700387001037598e-01,2.163500934839248657e-01,-8.413249254226684570e-02,-2.180206030607223511e-01,-3.964041173458099365e-01,2.029712498188018799e-01,1.716525293886661530e-02,2.004972472786903381e-02,1.174215748906135559e-01,-2.398278936743736267e-02,-5.787460505962371826e-02,-8.170670829713344574e-03,1.878698021173477173e-01,7.569471001625061035e-02,-6.281764805316925049e-02,-2.923249900341033936e-01,4.268316924571990967e-01,-2.518868744373321533e-01,5.242947936058044434e-01,-4.924288690090179443e-01,-6.876196712255477905e-02,1.156416460871696472e-01,1.390421092510223389e-01,-1.538333147764205933e-01,-3.797346949577331543e-01,-1.639371388591825962e-03,2.650592029094696045e-01,1.138841435313224792e-01,-1.848479509353637695e-01,1.912297755479812622e-01,2.312473661731928587e-04,-3.788816928863525391e-01,-4.749474115669727325e-03,-5.186417698860168457e-01,-3.235518559813499451e-02,5.505276322364807129e-01,9.233924560248851776e-03,1.109517295844852924e-03,3.388434350490570068e-01,-1.754330545663833618e-01,4.933814704418182373e-01,3.939459845423698425e-02,-1.886053383350372314e-01,-1.793889403343200684e-01,-4.663977921009063721e-01,2.597168087959289551e-01,-2.865391979867126793e-05,-3.686063885688781738e-01,4.187747240066528320e-01,-5.165193080902099609e-01,6.220573782920837402e-01,-1.273141503334045410e-01,-3.485248982906341553e-01,1.053515672683715820e-01,-7.777585182338953018e-03,2.098596394062042236e-01,-1.652620732784271240e-01,-5.720928907394409180e-01,2.463624253869056702e-02,-1.436720043420791626e-01,1.313598752021789551e-01,-1.548804789781570435e-01,-1.005022153258323669e-01,3.533813655376434326e-01,-2.162177115678787231e-01,5.448073744773864746e-01,2.984544262290000916e-02,-4.193162024021148682e-01,-1.134649068117141724e-01,-1.277811243198812008e-03,1.307020783424377441e-01,1.049090400338172913e-01,2.836725413799285889e-01,-1.453833132982254028e-01,1.357964575290679932e-01,2.262205630540847778e-02,3.378708064556121826e-01
6.620775908231735229e-02,5.539222061634063721e-02,-5.447944402694702148e-01,4.652067422866821289e-01,2.873406410217285156e-01,-5.920824781060218811e-02,-1.100727636367082596e-02,7.028567045927047729e-02,5.605563521385192871e-01,4.396306872367858887e-01,-1.564815044403076172e-01,-3.390164971351623535e-01,3.131827414035797119e-01,5.012045502662658691e-01,5.504867434501647949e-01,5.758008360862731934e-01,-5.991654470562934875e-03,4.021519124507904053e-01,-5.700637698173522949e-01,-4.614062905311584473e-01,-5.440085530281066895e-01,4.296641051769256592e-01,3.739999830722808838e-01,-7.435563951730728149e-02,9.604144841432571411e-02,4.863654971122741699e-01,-4.945297837257385254e-01,-5.826147273182868958e-02,4.127561450004577637e-01,2.887100353837013245e-02,-5.935686826705932617e-02,-7.056828737258911133e-01,4.566439092159271240e-01,4.442822933197021484e-01,-9.233689866960048676e-03,-5.622764229774475098e-01,3.900084197521209717e-01,5.292710661888122559e-01,-2.904625535011291504e-01,-4.595339298248291016e-01,5.767353773117065430e-01,1.642093956470489502e-01,4.418352544307708740e-01,1.618380248546600342e-01,-1.967477649450302124e-01,-4.043931365013122559e-01,-5.653734803199768066e-01,-1.366798281669616699e-01,1.587204039096832275e-01,-1.033902242779731750e-01,-7.796024531126022339e-02,2.055779285728931427e-02,4.861926436424255371e-01,-4.854920506477355957e-02,4.949474707245826721e-02,-5.848751068115234375e-01,3.448337316513061523e-01,2.379006892442703247e-02,-3.729189634323120117e-01,-5.115659832954406738e-01,-1.262840926647186279e-01,1.553168743848800659e-01,1.581517606973648071e-02,1.663274168968200684e-01,1.317146867513656616e-01,-1.847663968801498413e-01,1.364664826542139053e-02,5.083329677581787109e-01,-5.844830870628356934e-01,-6.811361014842987061e-02,-4.415867030620574951e-01,1.331699937582015991e-01,-3.620001673698425293e-01,5.837695598602294922e-01,-1.938702762126922607e-01,-4.946299493312835693e-01,-1.298233284614980221e-03,5.590558052062988281e-01,-2.110100835561752319e-01,-5.845596194267272949e-01,6.459062695503234863e-01,7.429517572745680809e-04,-4.802634716033935547e-01,1.724542235024273396e-03,-5.314557552337646484e-01,-5.049524307250976562e-01,1.252111494541168213e-01,5.759740248322486877e-03,4.229539036750793457e-01,4.743613600730895996e-01,-1.423742324113845825e-01,-2.462504655122756958e-01,-5.086590647697448730e-01,2.549231648445129395e-01,-5.924823284149169922e-01,3.352291509509086609e-02,1.729866117238998413e-01,-1.111550682253437117e-05,-4.269984364509582520e-01,4.652835130691528320e-01,-2.666027545928955078e-01,1.641580462455749512e-01,-6.728286147117614746e-01,-5.132732987403869629e-01,6.569584012031555176e-01,1.678438335657119751e-01,-6.015942096710205078e-01,-5.028244256973266602e-01,1.801810413599014282e-02,-2.626632899045944214e-02,5.736576318740844727e-01,-4.831526279449462891e-01,-5.787621140480041504e-01,3.957534730434417725e-01,5.063310265541076660e-01,-5.636129975318908691e-01,2.343590259552001953e-01,1.132000386714935303e-01,-5.434573888778686523e-01,4.163291156291961670e-01,3.819522261619567871e-01,5.637730360031127930e-01,5.452950000762939453e-01,-2.202577441930770874e-01,-4.401523172855377197e-01,-4.549298882484436035e-01,-2.701549325138330460e-03,3.241282403469085693e-01
-9.073215536773204803e-03,5.394975468516349792e-02,-6.056587100028991699e-01,4.877923130989074707e-01,3.011706471443176270e-01,3.335912525653839111e-02,3.332335129380226135e-02,9.239519387483596802e-02,4.396306872367858887e-01,4.573633372783660889e-01,-9.481626749038696289e-02,-3.267965614795684814e-01,4.033445417881011963e-01,4.940610826015472412e-01,5.773062705993652344e-01,6.034343242645263672e-01,-9.594987146556377411e-03,4.206437468528747559e-01,-5.928903222084045410e-01,-4.794339239597320557e-01,-4.254968166351318359e-01,4.430260956287384033e-01,4.423960149288177490e-01,-1.143803596496582031e-01,9.044899046421051025e-02,4.993132054805755615e-01,-5.633518695831298828e-01,-8.421055227518081665e-02,5.360783338546752930e-01,-6.925542652606964111e-02,1.315195229835808277e-03,-7.015706300735473633e-01,4.237644672393798828e-01,5.032690763473510742e-01,-1.457085181027650833e-02,-6.111189723014831543e-01,4.104090034961700439e-01,5.579439401626586914e-01,-3.724953532218933105e-01,-4.190204739570617676e-01,5.151712298393249512e-01,1.159575060009956360e-01,5.152308344841003418e-01,1.820126324892044067e-01,-1.102619916200637817e-01,-5.203757286071777344e-01,-5.971503257751464844e-01,-1.150624528527259827e-01,9.992239624261856079e-02,-1.236349940299987793e-01,-1.367794815450906754e-02,-8.531940728425979614e-02,3.986144661903381348e-01,-1.322533562779426575e-02,-4.016558453440666199e-02,-6.543769240379333496e-01,2.985664010047912598e-01,2.565475180745124817e-02,-4.075839817523956299e-01,-4.910140633583068848e-01,-7.477518916130065918e-02,1.070837154984474182e-01,1.432419847697019577e-02,1.297371238470077515e-01,6.223893910646438599e-02,-1.837411075830459595e-01,1.079680770635604858e-01,5.549286007881164551e-01,-5.905061364173889160e-01,-2.138195745646953583e-02,-4.833087325096130371e-01,-6.484838575124740601e-02,-2.846742570400238037e-01,5.942901372909545898e-01,-1.103703454136848450e-01,-5.209025144577026367e-01,-1.969810342416167259e-03,6.379409432411193848e-01,-1.312185525894165039e-01,-5.937997102737426758e-01,6.454693675041198730e-01,7.685696473345160484e-04,-5.261443257331848145e-01,-1.569059211760759354e-03,-5.101295709609985352e-01,-5.538517832756042480e-01,2.117147743701934814e-01,6.744412239640951157e-03,4.486468434333801270e-01,4.844027459621429443e-01,-1.099039167165756226e-01,-2.174346596002578735e-01,-4.930527508258819580e-01,2.304736971855163574e-01,-5.731775760650634766e-01,3.706206381320953369e-02,2.486640363931655884e-01,-1.081276059267111123e-05,-4.549395442008972168e-01,4.694130718708038330e-01,-2.978364527225494385e-01,1.928927451372146606e-01,-6.538238525390625000e-01,-5.436878800392150879e-01,7.127633094787597656e-01,1.156561523675918579e-01,-5.754652619361877441e-01,-5.587316155433654785e-01,5.331664159893989563e-02,-2.124441973865032196e-02,4.954853355884552002e-01,-5.289896726608276367e-01,-5.672228336334228516e-01,3.844114542007446289e-01,5.782562494277954102e-01,-5.706597566604614258e-01,2.653999626636505127e-01,1.666113883256912231e-01,-5.788655877113342285e-01,3.831349313259124756e-01,4.513467252254486084e-01,5.195386409759521484e-01,5.267913937568664551e-01,-2.425793409347534180e-01,-4.480131566524505615e-01,-4.544239938259124756e-01,-1.404654979705810547e-02,3.684729337692260742e-01
-1.959651708602905273e-01,-8.982844650745391846e-03,7.903138548135757446e-02,-1.756586283445358276e-01,-1.334619671106338501e-01,8.820445090532302856e-02,-4.199666902422904968e-02,-1.290580630302429199e-01,-1.564815044403076172e-01,-9.481626749038696289e-02,3.108289539813995361e-01,9.588935226202011108e-02,1.509560644626617432e-01,-1.044753715395927429e-01,-7.563674449920654297e-02,-6.170064210891723633e-02,-3.161186352372169495e-03,-8.527058362960815430e-02,1.989571750164031982e-01,1.266577690839767456e-01,2.849879562854766846e-01,-4.465138912200927734e-02,-2.226515300571918488e-02,-8.790792524814605713e-02,-3.140687569975852966e-02,-1.860135979950428009e-02,-2.442397736012935638e-02,-9.210027754306793213e-03,2.895326353609561920e-02,-9.589637815952301025e-02,1.578803509473800659e-01,1.382510811090469360e-01,-2.478252500295639038e-01,-1.046931594610214233e-01,-8.704330772161483765e-03,-2.110201492905616760e-02,-5.560110509395599365e-02,-1.042443886399269104e-01,-5.100938677787780762e-02,3.515422344207763672e-01,-2.804268598556518555e-01,-1.728404760360717773e-01,4.151311237365007401e-03,-1.940106041729450226e-02,2.317671328783035278e-01,-1.578094512224197388e-01,1.730779260396957397e-01,8.612236380577087402e-02,-1.541022062301635742e-01,-5.221004784107208252e-02,9.669278562068939209e-02,-6.522282212972640991e-02,-3.539491295814514160e-01,8.077844232320785522e-02,-1.614585667848587036e-01,9.435449540615081787e-02,-2.122480720281600952e-01,-3.196924924850463867e-03,6.542996317148208618e-02,1.629029810428619385e-01,1.641192883253097534e-01,-1.162062138319015503e-01,-6.433818489313125610e-03,-1.458358317613601685e-01,-1.599136888980865479e-01,3.996167331933975220e-02,2.737557291984558105e-01,-7.389677315950393677e-02,9.998613595962524414e-02,4.300470650196075439e-02,1.558225005865097046e-01,-3.971582949161529541e-01,1.635392010211944580e-01,-8.333196491003036499e-02,2.882304489612579346e-01,2.113559842109680176e-01,-2.111927606165409088e-03,-3.301860019564628601e-02,2.904784381389617920e-01,9.360603243112564087e-02,-2.557978928089141846e-01,-8.001160313142463565e-05,7.242896407842636108e-02,-4.549906123429536819e-03,2.709780931472778320e-01,-3.683410957455635071e-02,-5.290631204843521118e-03,1.048102509230375290e-03,7.754697650671005249e-02,-1.270551234483718872e-01,2.050154060125350952e-01,8.052200824022293091e-02,1.808388084173202515e-01,-7.835790514945983887e-02,2.293454855680465698e-01,9.109882265329360962e-02,-3.333340957760810852e-02,1.364549643767531961e-05,3.407496260479092598e-03,-1.500015705823898315e-01,1.239260137081146240e-01,7.175129372626543045e-03,1.818860620260238647e-01,9.732731431722640991e-02,-1.317853182554244995e-01,-3.671497106552124023e-01,2.494413405656814575e-01,-9.929480031132698059e-03,7.014729082584381104e-02,6.121308542788028717e-03,-1.314343661069869995e-01,1.153060272336006165e-01,1.802586764097213745e-01,-1.800680160522460938e-01,-1.101454123854637146e-01,1.432204693555831909e-01,4.080512002110481262e-02,1.813257299363613129e-02,1.738812178373336792e-01,-1.516448110342025757e-01,3.192317858338356018e-02,-2.509807944297790527e-01,-1.589825004339218140e-01,-5.792094022035598755e-02,1.141586005687713623e-01,6.766106188297271729e-02,1.536873402073979378e-03,-1.533982753753662109e-01
-9.148430824279785156e-02,-3.878375515341758728e-02,4.447102248668670654e-01,-3.295431435108184814e-01,-3.286237716674804688e-01,5.197054147720336914e-02,-1.823506318032741547e-02,-2.430809438228607178e-01,-3.390164971351623535e-01,-3.267965614795684814e-01,9.588935226202011108e-02,3.022267520427703857e-01,-2.844828367233276367e-01,-3.825281262397766113e-01,-4.495429694652557373e-01,-5.558590888977050781e-01,5.383409559726715088e-03,-3.142109215259552002e-01,4.015536010265350342e-01,3.572262525558471680e-01,2.865754365921020508e-01,-3.090924918651580811e-01,-2.896840572357177734e-01,7.646426558494567871e-02,-7.279471307992935181e-02,-4.450724422931671143e-01,4.301289319992065430e-01,1.888946890830993652e-01,-4.683507978916168213e-01,6.578846275806427002e-02,7.894688099622726440e-02,5.415010452270507812e-01,-2.383257001638412476e-01,-4.139900803565979004e-01,2.053223922848701477e-02,5.007686614990234375e-01,-3.383525609970092773e-01,-4.473316967487335205e-01,4.271477460861206055e-01,3.908228576183319092e-01,-4.428893625736236572e-01,-9.345134347677230835e-02,-3.621142506599426270e-01,-1.441407650709152222e-01,2.741445787250995636e-02,3.734192550182342529e-01,4.680134952068328857e-01,1.088378205895423889e-01,-9.341216087341308594e-02,1.631909608840942383e-01,8.701715618371963501e-02,1.648623049259185791e-01,-3.389820456504821777e-01,4.114447906613349915e-02,7.019452005624771118e-02,5.607506036758422852e-01,-2.855339944362640381e-01,-2.288612350821495056e-02,2.396499216556549072e-01,3.303995430469512939e-01,5.983922258019447327e-02,-6.544676423072814941e-02,-7.911382243037223816e-03,-1.070581674575805664e-01,-6.532318145036697388e-02,1.429565101861953735e-01,2.940132282674312592e-02,-4.853706657886505127e-01,4.801295399665832520e-01,-8.741027861833572388e-02,4.557202160358428955e-01,4.698436334729194641e-02,1.875761300325393677e-01,-4.718950986862182617e-01,8.427248895168304443e-02,4.317273795604705811e-01,1.643048482947051525e-03,-5.199462771415710449e-01,7.576439529657363892e-02,4.698835015296936035e-01,-5.099199414253234863e-01,-6.291311583481729031e-04,4.649581313133239746e-01,1.668985933065414429e-03,4.831951558589935303e-01,4.062392711639404297e-01,-2.487003207206726074e-01,-7.000532001256942749e-03,-2.913626134395599365e-01,-4.310217797756195068e-01,1.135643497109413147e-01,1.569752022624015808e-02,3.275091350078582764e-01,-1.169973835349082947e-01,4.451611042022705078e-01,7.793262600898742676e-02,-2.055906057357788086e-01,1.356837401544908062e-05,4.119197130203247070e-01,-4.170075058937072754e-01,3.433431684970855713e-01,-2.778002917766571045e-01,5.127389430999755859e-01,4.662613868713378906e-01,-5.084167122840881348e-01,-1.065268889069557190e-01,3.398568034172058105e-01,4.217455685138702393e-01,9.997481852769851685e-02,9.436026215553283691e-03,-3.375769257545471191e-01,3.334307074546813965e-01,4.520011544227600098e-01,-2.743185758590698242e-01,-4.931474924087524414e-01,4.488255083560943604e-01,-3.164329826831817627e-01,-1.217866390943527222e-01,5.077036619186401367e-01,-2.472029030323028564e-01,-2.974507808685302734e-01,-4.018433094024658203e-01,-3.963468372821807861e-01,8.655684441328048706e-02,3.775415122509002686e-01,2.877995967864990234e-01,-5.735646001994609833e-03,-3.098520636558532715e-01
