9.999982714653015137e-01,-9.999986290931701660e-01,-9.999942183494567871e-01,9.999973773956298828e-01,9.999988079071044922e-01,-9.999987483024597168e-01,9.999949336051940918e-01,9.999990463256835938e-01,-9.999944567680358887e-01,9.999983906745910645e-01,-9.999988079071044922e-01,-9.999988675117492676e-01,9.999978542327880859e-01,9.999983906745910645e-01,9.999946951866149902e-01,9.999942183494567871e-01,9.999973177909851074e-01,-9.999977946281433105e-01,9.999922513961791992e-01,-9.999989867210388184e-01,-9.999989867210388184e-01,9.999940991401672363e-01,9.999985694885253906e-01,9.999975562095642090e-01,9.999885559082031250e-01,9.999988675117492676e-01,-9.999981522560119629e-01,-9.999988079071044922e-01,9.999908804893493652e-01,-9.999964833259582520e-01,-9.999908804893493652e-01,-9.999980926513671875e-01,9.999836683273315430e-01,9.999950528144836426e-01,-9.999980330467224121e-01,9.999676346778869629e-01,9.999989867210388184e-01,9.999984502792358398e-01,9.999859333038330078e-01,-9.999987483024597168e-01,9.999985694885253906e-01,9.999828934669494629e-01,9.999835491180419922e-01,9.999988079071044922e-01,9.999981522560119629e-01,9.999979734420776367e-01,-9.999928474426269531e-01,9.999985694885253906e-01,9.999986886978149414e-01,-9.999984502792358398e-01,-9.999988079071044922e-01,-9.999985098838806152e-01,-9.999986886978149414e-01,-9.999930858612060547e-01,-9.999985098838806152e-01,-9.999980330467224121e-01,-9.999773502349853516e-01,9.999913573265075684e-01,9.999951124191284180e-01,9.999982714653015137e-01,-9.999984502792358398e-01,9.999988675117492676e-01,9.999984502792358398e-01,9.999954104423522949e-01,-9.999942779541015625e-01,-9.999988675117492676e-01,-9.999990463256835938e-01,-9.999957084655761719e-01,-9.999989867210388184e-01,9.999982714653015137e-01,-9.999987483024597168e-01,9.999965429306030273e-01,-9.999877810478210449e-01,-9.999935626983642578e-01,-9.999840855598449707e-01,-9.999984502792358398e-01,9.999908208847045898e-01,9.999986290931701660e-01,-9.999940395355224609e-01,-9.999953508377075195e-01,9.999896883964538574e-01,9.999974966049194336e-01,-9.999986886978149414e-01,9.999981522560119629e-01,-9.999982714653015137e-01,-9.999855756759643555e-01,9.998078346252441406e-01,9.999988675117492676e-01,9.999917745590209961e-01,9.999825954437255859e-01,-9.999939203262329102e-01,9.999983310699462891e-01,-9.999857544898986816e-01,-9.999973773956298828e-01,9.999974370002746582e-01,-9.999977350234985352e-01,-9.999876618385314941e-01,9.999990463256835938e-01,-9.999987483024597168e-01,9.999971985816955566e-01,-9.999967813491821289e-01,9.999988675117492676e-01,9.999228715896606445e-01,9.999533891677856445e-01,9.999986290931701660e-01,9.999961853027343750e-01,-9.999821186065673828e-01,-9.999985098838806152e-01,-9.999938607215881348e-01,9.999984502792358398e-01,-9.999985098838806152e-01,9.999975562095642090e-01,-9.999982118606567383e-01,-9.998747110366821289e-01,9.999990463256835938e-01,-9.999970197677612305e-01,9.999989867210388184e-01,-9.999979138374328613e-01,-9.999952316284179688e-01,-9.999967813491821289e-01,-9.999984502792358398e-01,9.999966025352478027e-01,9.999977350234985352e-01,-9.999971389770507812e-01,-9.999913573265075684e-01,-9.999948143959045410e-01,9.999813437461853027e-01,-9.999919533729553223e-01
-9.999986290931701660e-01,9.999988675117492676e-01,9.999951720237731934e-01,-9.999977946281433105e-01,-9.999991059303283691e-01,9.999989867210388184e-01,-9.999958276748657227e-01,-9.999992251396179199e-01,9.999954104423522949e-01,-9.999987483024597168e-01,9.999991059303283691e-01,9.999991059303283691e-01,-9.999982118606567383e-01,-9.999986290931701660e-01,-9.999956488609313965e-01,-9.999951720237731934e-01,-9.999978542327880859e-01,9.999982714653015137e-01,-9.999934434890747070e-01,9.999992251396179199e-01,9.999992251396179199e-01,-9.999951124191284180e-01,-9.999988079071044922e-01,-9.999979734420776367e-01,-9.999904632568359375e-01,-9.999991059303283691e-01,9.999984502792358398e-01,9.999990463256835938e-01,-9.999924302101135254e-01,9.999970793724060059e-01,9.999923706054687500e-01,9.999983906745910645e-01,-9.999864697456359863e-01,-9.999958872795104980e-01,9.999983906745910645e-01,-9.999730587005615234e-01,-9.999992847442626953e-01,-9.999987483024597168e-01,-9.999883770942687988e-01,9.999990463256835938e-01,-9.999988675117492676e-01,-9.999858140945434570e-01,-9.999862313270568848e-01,-9.999991059303283691e-01,-9.999984502792358398e-01,-9.999983906745910645e-01,9.999940395355224609e-01,-9.999988079071044922e-01,-9.999989271163940430e-01,9.999986886978149414e-01,9.999990463256835938e-01,9.999988079071044922e-01,9.999989271163940430e-01,9.999942779541015625e-01,9.999988079071044922e-01,9.999983906745910645e-01,9.999811053276062012e-01,-9.999927878379821777e-01,-9.999958872795104980e-01,-9.999984502792358398e-01,9.999986886978149414e-01,-9.999992251396179199e-01,-9.999986886978149414e-01,-9.999961853027343750e-01,9.999952316284179688e-01,9.999991655349731445e-01,9.999993443489074707e-01,9.999964833259582520e-01,9.999991655349731445e-01,-9.999986290931701660e-01,9.999989867210388184e-01,-9.999971985816955566e-01,9.999898076057434082e-01,9.999946951866149902e-01,9.999868273735046387e-01,9.999986886978149414e-01,-9.999923110008239746e-01,-9.999989271163940430e-01,9.999950528144836426e-01,9.999961256980895996e-01,-9.999914169311523438e-01,-9.999979138374328613e-01,9.999989867210388184e-01,-9.999985098838806152e-01,9.999985694885253906e-01,9.999879598617553711e-01,-9.998399019241333008e-01,-9.999991059303283691e-01,-9.999932050704956055e-01,-9.999855160713195801e-01,9.999950528144836426e-01,-9.999986886978149414e-01,9.999881386756896973e-01,9.999977946281433105e-01,-9.999978542327880859e-01,9.999982118606567383e-01,9.999896883964538574e-01,-9.999992847442626953e-01,9.999990463256835938e-01,-9.999976754188537598e-01,9.999973177909851074e-01,-9.999991059303283691e-01,-9.999356865882873535e-01,-9.999611973762512207e-01,-9.999988675117492676e-01,-9.999969005584716797e-01,9.999850988388061523e-01,9.999986886978149414e-01,9.999948740005493164e-01,-9.999987483024597168e-01,9.999988675117492676e-01,-9.999980926513671875e-01,9.999985694885253906e-01,9.998955726623535156e-01,-9.999992847442626953e-01,9.999974370002746582e-01,-9.999991655349731445e-01,9.999982714653015137e-01,9.999961256980895996e-01,9.999973773956298828e-01,9.999987483024597168e-01,-9.999971985816955566e-01,-9.999980926513671875e-01,9.999976158142089844e-01,9.999928474426269531e-01,9.999956488609313965e-01,-9.999844431877136230e-01,9.999933242797851562e-01
-9.999942183494567871e-01,9.999951720237731934e-01,9.999805688858032227e-01,-9.999911785125732422e-01,-9.999960660934448242e-01,9.999957084655761719e-01,-9.999828934669494629e-01,-9.999966621398925781e-01,9.999811649322509766e-01,-9.999946355819702148e-01,9.999958872795104980e-01,9.999961853027343750e-01,-9.999929666519165039e-01,-9.999945759773254395e-01,-9.999822974205017090e-01,-9.999805092811584473e-01,-9.999911189079284668e-01,9.999927878379821777e-01,-9.999735951423645020e-01,9.999967813491821289e-01,9.999963045120239258e-01,-9.999799132347106934e-01,-9.999952316284179688e-01,-9.999917149543762207e-01,-9.999614953994750977e-01,-9.999962449073791504e-01,9.999937415122985840e-01,9.999959468841552734e-01,-9.999695420265197754e-01,9.999883770942687988e-01,9.999693036079406738e-01,9.999935030937194824e-01,-9.999452233314514160e-01,-9.999831318855285645e-01,9.999933242797851562e-01,-9.998911023139953613e-01,-9.999964237213134766e-01,-9.999948740005493164e-01,-9.999526143074035645e-01,9.999959468841552734e-01,-9.999953508377075195e-01,-9.999421238899230957e-01,-9.999442696571350098e-01,-9.999962449073791504e-01,-9.999939203262329102e-01,-9.999931454658508301e-01,9.999758601188659668e-01,-9.999953508377075195e-01,-9.999955892562866211e-01,9.999947547912597656e-01,9.999958872795104980e-01,9.999950528144836426e-01,9.999958276748657227e-01,9.999766945838928223e-01,9.999950528144836426e-01,9.999935030937194824e-01,9.999235868453979492e-01,-9.999709129333496094e-01,-9.999834299087524414e-01,-9.999939203262329102e-01,9.999945759773254395e-01,-9.999962449073791504e-01,-9.999945163726806641e-01,-9.999845623970031738e-01,9.999803900718688965e-01,9.999960064888000488e-01,9.999966621398925781e-01,9.999854564666748047e-01,9.999965429306030273e-01,-9.999942779541015625e-01,9.999958276748657227e-01,-9.999884366989135742e-01,9.999585151672363281e-01,9.999783039093017578e-01,9.999467134475708008e-01,9.999945759773254395e-01,-9.999688863754272461e-01,-9.999956488609313965e-01,9.999797344207763672e-01,9.999842047691345215e-01,-9.999650120735168457e-01,-9.999918341636657715e-01,9.999958872795104980e-01,-9.999938011169433594e-01,9.999942183494567871e-01,9.999514222145080566e-01,-9.993535876274108887e-01,-9.999963045120239258e-01,-9.999721646308898926e-01,-9.999413490295410156e-01,9.999796152114868164e-01,-9.999943971633911133e-01,9.999519586563110352e-01,9.999910593032836914e-01,-9.999917149543762207e-01,9.999924898147583008e-01,9.999583363533020020e-01,-9.999965429306030273e-01,9.999958872795104980e-01,-9.999904632568359375e-01,9.999889731407165527e-01,-9.999961256980895996e-01,-9.997404217720031738e-01,-9.998430609703063965e-01,-9.999954700469970703e-01,-9.999873638153076172e-01,9.999396800994873047e-01,9.999947547912597656e-01,9.999790191650390625e-01,-9.999949336051940918e-01,9.999951124191284180e-01,-9.999919533729553223e-01,9.999940395355224609e-01,9.995787143707275391e-01,-9.999965429306030273e-01,9.999898076057434082e-01,-9.999964833259582520e-01,9.999930262565612793e-01,9.999840259552001953e-01,9.999892711639404297e-01,9.999949336051940918e-01,-9.999887347221374512e-01,-9.999923706054687500e-01,9.999901652336120605e-01,9.999710321426391602e-01,9.999823570251464844e-01,-9.999369978904724121e-01,9.999729394912719727e-01
9.999973773956298828e-01,-9.999977946281433105e-01,-9.999911785125732422e-01,9.999958276748657227e-01,9.999982118606567383e-01,-9.999980330467224121e-01,9.999922513961791992e-01,9.999984502792358398e-01,-9.999914765357971191e-01,9.999976158142089844e-01,-9.999980926513671875e-01,-9.999982714653015137e-01,9.999967813491821289e-01,9.999975562095642090e-01,9.999919533729553223e-01,9.999911189079284668e-01,9.999959468841552734e-01,-9.999966621398925781e-01,9.999880194664001465e-01,-9.999985694885253906e-01,-9.999983310699462891e-01,9.999908804893493652e-01,9.999977946281433105e-01,9.999961853027343750e-01,9.999825954437255859e-01,9.999982714653015137e-01,-9.999970793724060059e-01,-9.999981522560119629e-01,9.999861121177673340e-01,-9.999947547912597656e-01,-9.999860525131225586e-01,-9.999970197677612305e-01,9.999751448631286621e-01,9.999923706054687500e-01,-9.999969005584716797e-01,9.999506473541259766e-01,9.999983906745910645e-01,9.999976754188537598e-01,9.999786019325256348e-01,-9.999980926513671875e-01,9.999978542327880859e-01,9.999738335609436035e-01,9.999747872352600098e-01,9.999983310699462891e-01,9.999971389770507812e-01,9.999967813491821289e-01,-9.999891519546508789e-01,9.999978542327880859e-01,9.999979734420776367e-01,-9.999976158142089844e-01,-9.999980926513671875e-01,-9.999977350234985352e-01,-9.999980926513671875e-01,-9.999895095825195312e-01,-9.999977350234985352e-01,-9.999970197677612305e-01,-9.999653697013854980e-01,9.999868273735046387e-01,9.999924898147583008e-01,9.999971985816955566e-01,-9.999974370002746582e-01,9.999982714653015137e-01,9.999974966049194336e-01,9.999929666519165039e-01,-9.999910593032836914e-01,-9.999982714653015137e-01,-9.999985694885253906e-01,-9.999934434890747070e-01,-9.999983906745910645e-01,9.999973773956298828e-01,-9.999980926513671875e-01,9.999948143959045410e-01,-9.999812245368957520e-01,-9.999901652336120605e-01,-9.999759793281555176e-01,-9.999975562095642090e-01,9.999859333038330078e-01,9.999980330467224121e-01,-9.999908208847045898e-01,-9.999928474426269531e-01,9.999841451644897461e-01,9.999962449073791504e-01,-9.999980330467224121e-01,9.999971389770507812e-01,-9.999973773956298828e-01,-9.999780654907226562e-01,9.997070431709289551e-01,9.999982118606567383e-01,9.999873638153076172e-01,9.999734759330749512e-01,-9.999907016754150391e-01,9.999974370002746582e-01,-9.999782443046569824e-01,-9.999959468841552734e-01,9.999961256980895996e-01,-9.999965429306030273e-01,-9.999811053276062012e-01,9.999984502792358398e-01,-9.999982118606567383e-01,9.999957680702209473e-01,-9.999949932098388672e-01,9.999982714653015137e-01,9.998824000358581543e-01,9.999288916587829590e-01,9.999979138374328613e-01,9.999942779541015625e-01,-9.999727010726928711e-01,-9.999975562095642090e-01,-9.999905228614807129e-01,9.999976754188537598e-01,-9.999977350234985352e-01,9.999963045120239258e-01,-9.999972581863403320e-01,-9.998091459274291992e-01,9.999985098838806152e-01,-9.999954104423522949e-01,9.999985098838806152e-01,-9.999967813491821289e-01,-9.999927878379821777e-01,-9.999951124191284180e-01,-9.999976158142089844e-01,9.999949336051940918e-01,9.999963641166687012e-01,-9.999955296516418457e-01,-9.999868273735046387e-01,-9.999920129776000977e-01,9.999715089797973633e-01,-9.999876618385314941e-01
9.999988079071044922e-01,-9.999991059303283691e-01,-9.999960660934448242e-01,9.999982118606567383e-01,9.999992847442626953e-01,-9.999992251396179199e-01,9.999965429306030273e-01,9.999993443489074707e-01,-9.999961853027343750e-01,9.999989271163940430e-01,-9.999992251396179199e-01,-9.999992847442626953e-01,9.999985694885253906e-01,9.999989271163940430e-01,9.999963641166687012e-01,9.999959468841552734e-01,9.999982118606567383e-01,-9.999985098838806152e-01,9.999948143959045410e-01,-9.999994039535522461e-01,-9.999992847442626953e-01,9.999960660934448242e-01,9.999991059303283691e-01,9.999983310699462891e-01,9.999922513961791992e-01,9.999992251396179199e-01,-9.999986886978149414e-01,-9.999992251396179199e-01,9.999939203262329102e-01,-9.999976754188537598e-01,-9.999938607215881348e-01,-9.999986886978149414e-01,9.999890327453613281e-01,9.999966025352478027e-01,-9.999986886978149414e-01,9.999784231185913086e-01,9.999993443489074707e-01,9.999989271163940430e-01,9.999905824661254883e-01,-9.999991655349731445e-01,9.999991059303283691e-01,9.999885559082031250e-01,9.999889731407165527e-01,9.999992251396179199e-01,9.999988079071044922e-01,9.999985694885253906e-01,-9.999952912330627441e-01,9.999991059303283691e-01,9.999991655349731445e-01,-9.999989271163940430e-01,-9.999992251396179199e-01,-9.999990463256835938e-01,-9.999992251396179199e-01,-9.999953508377075195e-01,-9.999989271163940430e-01,-9.999986886978149414e-01,-9.999848604202270508e-01,9.999942183494567871e-01,9.999966621398925781e-01,9.999988675117492676e-01,-9.999989271163940430e-01,9.999992251396179199e-01,9.999988675117492676e-01,9.999968409538269043e-01,-9.999960660934448242e-01,-9.999992251396179199e-01,-9.999994635581970215e-01,-9.999969601631164551e-01,-9.999993443489074707e-01,9.999989271163940430e-01,-9.999992251396179199e-01,9.999976158142089844e-01,-9.999918341636657715e-01,-9.999957084655761719e-01,-9.999894499778747559e-01,-9.999989271163940430e-01,9.999938011169433594e-01,9.999991655349731445e-01,-9.999960064888000488e-01,-9.999969005584716797e-01,9.999930262565612793e-01,9.999983906745910645e-01,-9.999991655349731445e-01,9.999987483024597168e-01,-9.999988675117492676e-01,-9.999904036521911621e-01,9.998716115951538086e-01,9.999992251396179199e-01,9.999944567680358887e-01,9.999882578849792480e-01,-9.999958872795104980e-01,9.999988079071044922e-01,-9.999904036521911621e-01,-9.999982118606567383e-01,9.999982714653015137e-01,-9.999983906745910645e-01,-9.999917745590209961e-01,9.999993443489074707e-01,-9.999993443489074707e-01,9.999980926513671875e-01,-9.999977946281433105e-01,9.999991655349731445e-01,9.999484419822692871e-01,9.999688863754272461e-01,9.999991655349731445e-01,9.999973773956298828e-01,-9.999880194664001465e-01,-9.999989271163940430e-01,-9.999958872795104980e-01,9.999989867210388184e-01,-9.999990463256835938e-01,9.999983906745910645e-01,-9.999988079071044922e-01,-9.999163150787353516e-01,9.999993443489074707e-01,-9.999979734420776367e-01,9.999994039535522461e-01,-9.999985098838806152e-01,-9.999967813491821289e-01,-9.999978542327880859e-01,-9.999989867210388184e-01,9.999976754188537598e-01,9.999984502792358398e-01,-9.999980330467224121e-01,-9.999941587448120117e-01,-9.999964237213134766e-01,9.999876022338867188e-01,-9.999946355819702148e-01
-9.999987483024597168e-01,9.999989867210388184e-01,9.999957084655761719e-01,-9.999980330467224121e-01,-9.999992251396179199e-01,9.999989867210388184e-01,-9.999962449073791504e-01,-9.999992847442626953e-01,9.999958872795104980e-01,-9.999988079071044922e-01,9.999992251396179199e-01,9.999992251396179199e-01,-9.999984502792358398e-01,-9.999987483024597168e-01,-9.999961256980895996e-01,-9.999957084655761719e-01,-9.999979138374328613e-01,9.999983906745910645e-01,-9.999942779541015625e-01,9.999992847442626953e-01,9.999992251396179199e-01,-9.999956488609313965e-01,-9.999988675117492676e-01,-9.999981522560119629e-01,-9.999916553497314453e-01,-9.999992251396179199e-01,9.999985694885253906e-01,9.999991655349731445e-01,-9.999933838844299316e-01,9.999974370002746582e-01,9.999933838844299316e-01,9.999985694885253906e-01,-9.999881386756896973e-01,-9.999963045120239258e-01,9.999985098838806152e-01,-9.999762773513793945e-01,-9.999992847442626953e-01,-9.999988675117492676e-01,-9.999897480010986328e-01,9.999991059303283691e-01,-9.999989867210388184e-01,-9.999874234199523926e-01,-9.999878406524658203e-01,-9.999992251396179199e-01,-9.999986886978149414e-01,-9.999985098838806152e-01,9.999948143959045410e-01,-9.999989867210388184e-01,-9.999991059303283691e-01,9.999988079071044922e-01,9.999991655349731445e-01,9.999989271163940430e-01,9.999991655349731445e-01,9.999949336051940918e-01,9.999989271163940430e-01,9.999985694885253906e-01,9.999833703041076660e-01,-9.999935626983642578e-01,-9.999963641166687012e-01,-9.999986886978149414e-01,9.999987483024597168e-01,-9.999992251396179199e-01,-9.999988675117492676e-01,-9.999965429306030273e-01,9.999957680702209473e-01,9.999992847442626953e-01,9.999993443489074707e-01,9.999967813491821289e-01,9.999992847442626953e-01,-9.999987483024597168e-01,9.999991655349731445e-01,-9.999974370002746582e-01,9.999909996986389160e-01,9.999952316284179688e-01,9.999883770942687988e-01,9.999988079071044922e-01,-9.999932646751403809e-01,-9.999989867210388184e-01,9.999955892562866211e-01,9.999965429306030273e-01,-9.999923706054687500e-01,-9.999982118606567383e-01,9.999991655349731445e-01,-9.999986290931701660e-01,9.999987483024597168e-01,9.999894499778747559e-01,-9.998594522476196289e-01,-9.999992251396179199e-01,-9.999939203262329102e-01,-9.999873042106628418e-01,9.999955296516418457e-01,-9.999986886978149414e-01,9.999895095825195312e-01,9.999980330467224121e-01,-9.999980926513671875e-01,9.999983310699462891e-01,9.999908804893493652e-01,-9.999992847442626953e-01,9.999991655349731445e-01,-9.999979138374328613e-01,9.999975562095642090e-01,-9.999992251396179199e-01,-9.999434947967529297e-01,-9.999658465385437012e-01,-9.999990463256835938e-01,-9.999971389770507812e-01,9.999869465827941895e-01,9.999988675117492676e-01,9.999954700469970703e-01,-9.999988675117492676e-01,9.999989271163940430e-01,-9.999980926513671875e-01,9.999986886978149414e-01,9.999083876609802246e-01,-9.999992847442626953e-01,9.999976754188537598e-01,-9.999992847442626953e-01,9.999983906745910645e-01,9.999964833259582520e-01,9.999976158142089844e-01,9.999988079071044922e-01,-9.999975562095642090e-01,-9.999983310699462891e-01,9.999978542327880859e-01,9.999936223030090332e-01,9.999961256980895996e-01,-9.999863505363464355e-01,9.999941587448120117e-01
9.999949336051940918e-01,-9.999958276748657227e-01,-9.999828934669494629e-01,9.999922513961791992e-01,9.999965429306030273e-01,-9.999962449073791504e-01,9.999849796295166016e-01,9.999970197677612305e-01,-9.999834299087524414e-01,9.999953508377075195e-01,-9.999964237213134766e-01,-9.999966621398925781e-01,9.999938011169433594e-01,9.999952912330627441e-01,9.999844431877136230e-01,9.999828338623046875e-01,9.999921917915344238e-01,-9.999936819076538086e-01,9.999767541885375977e-01,-9.999971985816955566e-01,-9.999967217445373535e-01,9.999823570251464844e-01,9.999957680702209473e-01,9.999927282333374023e-01,9.999661445617675781e-01,9.999966621398925781e-01,-9.999944567680358887e-01,-9.999964237213134766e-01,9.999730587005615234e-01,-9.999897480010986328e-01,-9.999729394912719727e-01,-9.999943375587463379e-01,9.999517798423767090e-01,9.999852776527404785e-01,-9.999940991401672363e-01,9.999040961265563965e-01,9.999969601631164551e-01,9.999955296516418457e-01,9.999582767486572266e-01,-9.999964833259582520e-01,9.999959468841552734e-01,9.999491572380065918e-01,9.999510049819946289e-01,9.999967217445373535e-01,9.999945759773254395e-01,9.999940395355224609e-01,-9.999787211418151855e-01,9.999958872795104980e-01,9.999960064888000488e-01,-9.999954104423522949e-01,-9.999963045120239258e-01,-9.999956488609313965e-01,-9.999963045120239258e-01,-9.999794960021972656e-01,-9.999956488609313965e-01,-9.999942779541015625e-01,-9.999328255653381348e-01,9.999743700027465820e-01,9.999853968620300293e-01,9.999946951866149902e-01,-9.999951720237731934e-01,9.999966621398925781e-01,9.999952316284179688e-01,9.999862909317016602e-01,-9.999827742576599121e-01,-9.999966025352478027e-01,-9.999971985816955566e-01,-9.999871850013732910e-01,-9.999969601631164551e-01,9.999949336051940918e-01,-9.999963641166687012e-01,9.999898672103881836e-01,-9.999634623527526855e-01,-9.999809265136718750e-01,-9.999532103538513184e-01,-9.999952316284179688e-01,9.999726414680480957e-01,9.999961256980895996e-01,-9.999821782112121582e-01,-9.999861717224121094e-01,9.999691843986511230e-01,9.999928474426269531e-01,-9.999963641166687012e-01,9.999945163726806641e-01,-9.999949336051940918e-01,-9.999571442604064941e-01,9.994307756423950195e-01,9.999967217445373535e-01,9.999755620956420898e-01,9.999483227729797363e-01,-9.999820590019226074e-01,9.999949932098388672e-01,-9.999577999114990234e-01,-9.999921321868896484e-01,9.999926686286926270e-01,-9.999933838844299316e-01,-9.999632835388183594e-01,9.999969601631164551e-01,-9.999964237213134766e-01,9.999915957450866699e-01,-9.999903440475463867e-01,9.999966025352478027e-01,9.997715353965759277e-01,9.998618960380554199e-01,9.999960660934448242e-01,9.999888539314270020e-01,-9.999468922615051270e-01,-9.999953508377075195e-01,-9.999815821647644043e-01,9.999955296516418457e-01,-9.999957084655761719e-01,9.999929070472717285e-01,-9.999947547912597656e-01,-9.996290206909179688e-01,9.999970793724060059e-01,-9.999911189079284668e-01,9.999969601631164551e-01,-9.999938607215881348e-01,-9.999859333038330078e-01,-9.999905228614807129e-01,-9.999955296516418457e-01,9.999901652336120605e-01,9.999932646751403809e-01,-9.999913573265075684e-01,-9.999745488166809082e-01,-9.999844431877136230e-01,9.999445080757141113e-01,-9.999762177467346191e-01
9.999990463256835938e-01,-9.999992251396179199e-01,-9.999966621398925781e-01,9.999984502792358398e-01,9.999993443489074707e-01,-9.999992847442626953e-01,9.999970197677612305e-01,9.999995231628417969e-01,-9.999967217445373535e-01,9.999992251396179199e-01,-9.999994039535522461e-01,-9.999994039535522461e-01,9.999988675117492676e-01,9.999991059303283691e-01,9.999969601631164551e-01,9.999966025352478027e-01,9.999984502792358398e-01,-9.999988079071044922e-01,9.999954700469970703e-01,-9.999994635581970215e-01,-9.999994635581970215e-01,9.999965429306030273e-01,9.999992251396179199e-01,9.999985694885253906e-01,9.999935626983642578e-01,9.999994039535522461e-01,-9.999988675117492676e-01,-9.999993443489074707e-01,9.999946951866149902e-01,-9.999980926513671875e-01,-9.999948143959045410e-01,-9.999988675117492676e-01,9.999905824661254883e-01,9.999971389770507812e-01,-9.999988675117492676e-01,9.999814629554748535e-01,9.999995231628417969e-01,9.999991655349731445e-01,9.999920129776000977e-01,-9.999993443489074707e-01,9.999993443489074707e-01,9.999902248382568359e-01,9.999905228614807129e-01,9.999994039535522461e-01,9.999989271163940430e-01,9.999988079071044922e-01,-9.999959468841552734e-01,9.999992251396179199e-01,9.999992847442626953e-01,-9.999991655349731445e-01,-9.999994039535522461e-01,-9.999991655349731445e-01,-9.999992251396179199e-01,-9.999960064888000488e-01,-9.999991655349731445e-01,-9.999989271163940430e-01,-9.999870061874389648e-01,9.999950528144836426e-01,9.999971389770507812e-01,9.999989271163940430e-01,-9.999991059303283691e-01,9.999994039535522461e-01,9.999991059303283691e-01,9.999973773956298828e-01,-9.999967217445373535e-01,-9.999994635581970215e-01,-9.999995231628417969e-01,-9.999974966049194336e-01,-9.999994039535522461e-01,9.999990463256835938e-01,-9.999993443489074707e-01,9.999980330467224121e-01,-9.999929070472717285e-01,-9.999963641166687012e-01,-9.999909400939941406e-01,-9.999992251396179199e-01,9.999946951866149902e-01,9.999992847442626953e-01,-9.999966025352478027e-01,-9.999972581863403320e-01,9.999940991401672363e-01,9.999985694885253906e-01,-9.999993443489074707e-01,9.999989271163940430e-01,-9.999990463256835938e-01,-9.999917745590209961e-01,9.998896121978759766e-01,9.999993443489074707e-01,9.999952912330627441e-01,9.999899864196777344e-01,-9.999964833259582520e-01,9.999991059303283691e-01,-9.999917745590209961e-01,-9.999984502792358398e-01,9.999985098838806152e-01,-9.999986886978149414e-01,-9.999929070472717285e-01,9.999994635581970215e-01,-9.999993443489074707e-01,9.999984502792358398e-01,-9.999982118606567383e-01,9.999994039535522461e-01,9.999557137489318848e-01,9.999732971191406250e-01,9.999993443489074707e-01,9.999977946281433105e-01,-9.999897480010986328e-01,-9.999991655349731445e-01,-9.999964833259582520e-01,9.999992847442626953e-01,-9.999992251396179199e-01,9.999986290931701660e-01,-9.999989867210388184e-01,-9.999280571937561035e-01,9.999995231628417969e-01,-9.999983310699462891e-01,9.999995231628417969e-01,-9.999988079071044922e-01,-9.999973177909851074e-01,-9.999981522560119629e-01,-9.999991655349731445e-01,9.999980926513671875e-01,9.999987483024597168e-01,-9.999982714653015137e-01,-9.999949932098388672e-01,-9.999970197677612305e-01,9.999893307685852051e-01,-9.999953508377075195e-01
-9.999944567680358887e-01,9.999954104423522949e-01,9.999811649322509766e-01,-9.999914765357971191e-01,-9.999961853027343750e-01,9.999958872795104980e-01,-9.999834299087524414e-01,-9.999967217445373535e-01,9.999816417694091797e-01,-9.999948740005493164e-01,9.999960064888000488e-01,9.999964237213134766e-01,-9.999931454658508301e-01,-9.999948143959045410e-01,-9.999828338623046875e-01,-9.999810457229614258e-01,-9.999913573265075684e-01,9.999930262565612793e-01,-9.999744296073913574e-01,9.999969005584716797e-01,9.999964237213134766e-01,-9.999805688858032227e-01,-9.999953508377075195e-01,-9.999920129776000977e-01,-9.999625682830810547e-01,-9.999963641166687012e-01,9.999939799308776855e-01,9.999960660934448242e-01,-9.999703764915466309e-01,9.999887943267822266e-01,9.999700188636779785e-01,9.999937415122985840e-01,-9.999467730522155762e-01,-9.999836683273315430e-01,9.999935030937194824e-01,-9.998941421508789062e-01,-9.999966025352478027e-01,-9.999951124191284180e-01,-9.999540448188781738e-01,9.999961256980895996e-01,-9.999955296516418457e-01,-9.999437332153320312e-01,-9.999458193778991699e-01,-9.999963641166687012e-01,-9.999940991401672363e-01,-9.999934434890747070e-01,9.999765157699584961e-01,-9.999955296516418457e-01,-9.999957084655761719e-01,9.999949932098388672e-01,9.999960660934448242e-01,9.999951720237731934e-01,9.999960064888000488e-01,9.999774098396301270e-01,9.999952316284179688e-01,9.999938011169433594e-01,9.999257922172546387e-01,-9.999718070030212402e-01,-9.999838471412658691e-01,-9.999940991401672363e-01,9.999946951866149902e-01,-9.999963641166687012e-01,-9.999947547912597656e-01,-9.999849796295166016e-01,9.999810457229614258e-01,9.999962449073791504e-01,9.999967813491821289e-01,9.999858736991882324e-01,9.999965429306030273e-01,-9.999943971633911133e-01,9.999959468841552734e-01,-9.999887943267822266e-01,9.999596476554870605e-01,9.999788999557495117e-01,9.999483227729797363e-01,9.999947547912597656e-01,-9.999697804450988770e-01,-9.999957680702209473e-01,9.999803900718688965e-01,9.999846220016479492e-01,-9.999660253524780273e-01,-9.999921321868896484e-01,9.999960064888000488e-01,-9.999940395355224609e-01,9.999943971633911133e-01,9.999527931213378906e-01,-9.993717074394226074e-01,-9.999963045120239258e-01,-9.999730587005615234e-01,-9.999429583549499512e-01,9.999801516532897949e-01,-9.999945759773254395e-01,9.999533891677856445e-01,9.999914169311523438e-01,-9.999919533729553223e-01,9.999927282333374023e-01,9.999595880508422852e-01,-9.999966025352478027e-01,9.999960660934448242e-01,-9.999908208847045898e-01,9.999893903732299805e-01,-9.999962449073791504e-01,-9.997478723526000977e-01,-9.998475909233093262e-01,-9.999955892562866211e-01,-9.999877214431762695e-01,9.999414086341857910e-01,9.999948740005493164e-01,9.999796748161315918e-01,-9.999951124191284180e-01,9.999953508377075195e-01,-9.999921917915344238e-01,9.999942183494567871e-01,9.995906352996826172e-01,-9.999967813491821289e-01,9.999901056289672852e-01,-9.999966621398925781e-01,9.999932050704956055e-01,9.999845027923583984e-01,9.999896287918090820e-01,9.999951124191284180e-01,-9.999891519546508789e-01,-9.999925494194030762e-01,9.999905228614807129e-01,9.999719262123107910e-01,9.999828934669494629e-01,-9.999387264251708984e-01,9.999736547470092773e-01
9.999983906745910645e-01,-9.999987483024597168e-01,-9.999946355819702148e-01,9.999976158142089844e-01,9.999989271163940430e-01,-9.999988079071044922e-01,9.999953508377075195e-01,9.999992251396179199e-01,-9.999948740005493164e-01,9.999985694885253906e-01,-9.999989271163940430e-01,-9.999989867210388184e-01,9.999980330467224121e-01,9.999985098838806152e-01,9.999951124191284180e-01,9.999946355819702148e-01,9.999976158142089844e-01,-9.999980330467224121e-01,9.999927878379821777e-01,-9.999991655349731445e-01,-9.999990463256835938e-01,9.999945163726806641e-01,9.999986886978149414e-01,9.999977350234985352e-01,9.999894499778747559e-01,9.999989867210388184e-01,-9.999982714653015137e-01,-9.999988675117492676e-01,9.999915361404418945e-01,-9.999967217445373535e-01,-9.999915361404418945e-01,-9.999982118606567383e-01,9.999849200248718262e-01,9.999954104423522949e-01,-9.999982118606567383e-01,9.999699592590332031e-01,9.999991655349731445e-01,9.999985694885253906e-01,9.999869465827941895e-01,-9.999988675117492676e-01,9.999987483024597168e-01,9.999841451644897461e-01,9.999846220016479492e-01,9.999989867210388184e-01,9.999983310699462891e-01,9.999980926513671875e-01,-9.999934434890747070e-01,9.999987483024597168e-01,9.999987483024597168e-01,-9.999986290931701660e-01,-9.999989271163940430e-01,-9.999986290931701660e-01,-9.999987483024597168e-01,-9.999936819076538086e-01,-9.999986886978149414e-01,-9.999982714653015137e-01,-9.999789595603942871e-01,9.999919533729553223e-01,9.999954700469970703e-01,9.999983906745910645e-01,-9.999984502792358398e-01,9.999989867210388184e-01,9.999985694885253906e-01,9.999957680702209473e-01,-9.999945759773254395e-01,-9.999990463256835938e-01,-9.999992251396179199e-01,-9.999960660934448242e-01,-9.999990463256835938e-01,9.999985098838806152e-01,-9.999988675117492676e-01,9.999967813491821289e-01,-9.999886751174926758e-01,-9.999940395355224609e-01,-9.999854564666748047e-01,-9.999985694885253906e-01,9.999914765357971191e-01,9.999988079071044922e-01,-9.999945163726806641e-01,-9.999957084655761719e-01,9.999904036521911621e-01,9.999976754188537598e-01,-9.999988675117492676e-01,9.999983906745910645e-01,-9.999983906745910645e-01,-9.999867081642150879e-01,9.998214840888977051e-01,9.999989271163940430e-01,9.999924302101135254e-01,9.999838471412658691e-01,-9.999944567680358887e-01,9.999984502792358398e-01,-9.999867677688598633e-01,-9.999974966049194336e-01,9.999976158142089844e-01,-9.999979138374328613e-01,-9.999885559082031250e-01,9.999991059303283691e-01,-9.999989271163940430e-01,9.999973773956298828e-01,-9.999970197677612305e-01,9.999989271163940430e-01,9.999282956123352051e-01,9.999566674232482910e-01,9.999988079071044922e-01,9.999964833259582520e-01,-9.999834299087524414e-01,-9.999985098838806152e-01,-9.999942779541015625e-01,9.999986886978149414e-01,-9.999986290931701660e-01,9.999977350234985352e-01,-9.999983310699462891e-01,-9.998837113380432129e-01,9.999991059303283691e-01,-9.999971389770507812e-01,9.999991059303283691e-01,-9.999980330467224121e-01,-9.999956488609313965e-01,-9.999970197677612305e-01,-9.999986290931701660e-01,9.999968409538269043e-01,9.999979138374328613e-01,-9.999973177909851074e-01,-9.999920129776000977e-01,-9.999951124191284180e-01,9.999827146530151367e-01,-9.999925494194030762e-01
-9.999988079071044922e-01,9.999991059303283691e-01,9.999958872795104980e-01,-9.999980926513671875e-01,-9.999992251396179199e-01,9.999992251396179199e-01,-9.999964237213134766e-01,-9.999994039535522461e-01,9.999960064888000488e-01,-9.999989271163940430e-01,9.999992847442626953e-01,9.999993443489074707e-01,-9.999985694885253906e-01,-9.999989271163940430e-01,-9.999961853027343750e-01,-9.999958276748657227e-01,-9.999982118606567383e-01,9.999985098838806152e-01,-9.999943971633911133e-01,9.999994039535522461e-01,9.999993443489074707e-01,-9.999958276748657227e-01,-9.999990463256835938e-01,-9.999983310699462891e-01,-9.999918937683105469e-01,-9.999992251396179199e-01,9.999986290931701660e-01,9.999991655349731445e-01,-9.999935626983642578e-01,9.999975562095642090e-01,9.999935030937194824e-01,9.999986886978149414e-01,-9.999882578849792480e-01,-9.999964237213134766e-01,9.999986290931701660e-01,-9.999766945838928223e-01,-9.999993443489074707e-01,-9.999989867210388184e-01,-9.999899268150329590e-01,9.999992251396179199e-01,-9.999990463256835938e-01,-9.999877214431762695e-01,-9.999881386756896973e-01,-9.999993443489074707e-01,-9.999987483024597168e-01,-9.999985098838806152e-01,9.999949932098388672e-01,-9.999991059303283691e-01,-9.999991059303283691e-01,9.999988675117492676e-01,9.999992847442626953e-01,9.999989867210388184e-01,9.999991655349731445e-01,9.999951124191284180e-01,9.999989867210388184e-01,9.999987483024597168e-01,9.999837279319763184e-01,-9.999938607215881348e-01,-9.999964833259582520e-01,-9.999987483024597168e-01,9.999988675117492676e-01,-9.999992251396179199e-01,-9.999989271163940430e-01,-9.999967217445373535e-01,9.999958872795104980e-01,9.999992847442626953e-01,9.999994039535522461e-01,9.999969601631164551e-01,9.999993443489074707e-01,-9.999988079071044922e-01,9.999991655349731445e-01,-9.999975562095642090e-01,9.999911785125732422e-01,9.999954104423522949e-01,9.999886155128479004e-01,9.999989867210388184e-01,-9.999934434890747070e-01,-9.999991059303283691e-01,9.999957680702209473e-01,9.999966621398925781e-01,-9.999926090240478516e-01,-9.999982118606567383e-01,9.999991655349731445e-01,-9.999987483024597168e-01,9.999988079071044922e-01,9.999896883964538574e-01,-9.998615384101867676e-01,-9.999992251396179199e-01,-9.999940991401672363e-01,-9.999875426292419434e-01,9.999957084655761719e-01,-9.999988079071044922e-01,9.999897480010986328e-01,9.999981522560119629e-01,-9.999980926513671875e-01,9.999984502792358398e-01,9.999911785125732422e-01,-9.999994039535522461e-01,9.999992847442626953e-01,-9.999979734420776367e-01,9.999976754188537598e-01,-9.999993443489074707e-01,-9.999445080757141113e-01,-9.999664425849914551e-01,-9.999991655349731445e-01,-9.999973177909851074e-01,9.999871850013732910e-01,9.999989271163940430e-01,9.999955892562866211e-01,-9.999989867210388184e-01,9.999990463256835938e-01,-9.999983310699462891e-01,9.999988079071044922e-01,9.999097585678100586e-01,-9.999994039535522461e-01,9.999978542327880859e-01,-9.999994039535522461e-01,9.999985098838806152e-01,9.999966025352478027e-01,9.999977350234985352e-01,9.999988675117492676e-01,-9.999976158142089844e-01,-9.999984502792358398e-01,9.999979138374328613e-01,9.999938011169433594e-01,9.999961853027343750e-01,-9.999866485595703125e-01,9.999942779541015625e-01
-9.999988675117492676e-01,9.999991059303283691e-01,9.999961853027343750e-01,-9.999982714653015137e-01,-9.999992847442626953e-01,9.999992251396179199e-01,-9.999966621398925781e-01,-9.999994039535522461e-01,9.999964237213134766e-01,-9.999989867210388184e-01,9.999993443489074707e-01,9.999992847442626953e-01,-9.999986290931701660e-01,-9.999989271163940430e-01,-9.999964237213134766e-01,-9.999960660934448242e-01,-9.999982714653015137e-01,9.999985694885253906e-01,-9.999949336051940918e-01,9.999994039535522461e-01,9.999993443489074707e-01,-9.999961853027343750e-01,-9.999991059303283691e-01,-9.999983906745910645e-01,-9.999925494194030762e-01,-9.999992847442626953e-01,9.999986886978149414e-01,9.999992847442626953e-01,-9.999939799308776855e-01,9.999977350234985352e-01,9.999940395355224609e-01,9.999987483024597168e-01,-9.999893903732299805e-01,-9.999967813491821289e-01,9.999986886978149414e-01,-9.999788403511047363e-01,-9.999993443489074707e-01,-9.999990463256835938e-01,-9.999908208847045898e-01,9.999991655349731445e-01,-9.999991655349731445e-01,-9.999887943267822266e-01,-9.999892115592956543e-01,-9.999993443489074707e-01,-9.999988079071044922e-01,-9.999986886978149414e-01,9.999954104423522949e-01,-9.999991059303283691e-01,-9.999991655349731445e-01,9.999989867210388184e-01,9.999993443489074707e-01,9.999991059303283691e-01,9.999992251396179199e-01,9.999955296516418457e-01,9.999991059303283691e-01,9.999988079071044922e-01,9.999852180480957031e-01,-9.999943375587463379e-01,-9.999967217445373535e-01,-9.999988675117492676e-01,9.999989271163940430e-01,-9.999992251396179199e-01,-9.999989867210388184e-01,-9.999970197677612305e-01,9.999961256980895996e-01,9.999993443489074707e-01,9.999994635581970215e-01,9.999971389770507812e-01,9.999994039535522461e-01,-9.999988675117492676e-01,9.999992251396179199e-01,-9.999977350234985352e-01,9.999919533729553223e-01,9.999957680702209473e-01,9.999896883964538574e-01,9.999989867210388184e-01,-9.999940395355224609e-01,-9.999992251396179199e-01,9.999960064888000488e-01,9.999969005584716797e-01,-9.999933242797851562e-01,-9.999983310699462891e-01,9.999992251396179199e-01,-9.999988675117492676e-01,9.999989271163940430e-01,9.999906420707702637e-01,-9.998746514320373535e-01,-9.999992251396179199e-01,-9.999946951866149902e-01,-9.999886751174926758e-01,9.999958872795104980e-01,-9.999989271163940430e-01,9.999906420707702637e-01,9.999982714653015137e-01,-9.999982714653015137e-01,9.999984502792358398e-01,9.999919533729553223e-01,-9.999993443489074707e-01,9.999993443489074707e-01,-9.999982118606567383e-01,9.999979138374328613e-01,-9.999992847442626953e-01,-9.999496936798095703e-01,-9.999696612358093262e-01,-9.999991655349731445e-01,-9.999974966049194336e-01,9.999883174896240234e-01,9.999989867210388184e-01,9.999960064888000488e-01,-9.999991655349731445e-01,9.999991059303283691e-01,-9.999983906745910645e-01,9.999989271163940430e-01,9.999182820320129395e-01,-9.999993443489074707e-01,9.999979734420776367e-01,-9.999993443489074707e-01,9.999985694885253906e-01,9.999968409538269043e-01,9.999979138374328613e-01,9.999990463256835938e-01,-9.999977946281433105e-01,-9.999985098838806152e-01,9.999980926513671875e-01,9.999943971633911133e-01,9.999965429306030273e-01,-9.999877810478210449e-01,9.999947547912597656e-01
