9.999977350234985352e-01,-9.999982714653015137e-01,-9.999957084655761719e-01,9.999984502792358398e-01,9.999985098838806152e-01,-9.999976754188537598e-01,-9.999451637268066406e-01,9.999985098838806152e-01,-9.999966025352478027e-01,9.999940991401672363e-01,9.999331831932067871e-01,-9.999978542327880859e-01,9.999983906745910645e-01,-9.999840259552001953e-01,-9.999909996986389160e-01,9.999924898147583008e-01,9.999972581863403320e-01,-9.997009038925170898e-01,9.999927282333374023e-01,-9.999988079071044922e-01,-9.999985098838806152e-01,9.999906420707702637e-01,9.999904632568359375e-01,9.999945163726806641e-01,-9.999974370002746582e-01,9.999987483024597168e-01,-9.999954700469970703e-01,-9.999981522560119629e-01,9.998561739921569824e-01,9.999957084655761719e-01,-9.999982118606567383e-01,-9.999979734420776367e-01,9.999980926513671875e-01,9.999966025352478027e-01,-9.999957680702209473e-01,-9.999895095825195312e-01,9.999980926513671875e-01,9.999986290931701660e-01,9.999960064888000488e-01,-9.999983310699462891e-01,9.999983310699462891e-01,-9.999882578849792480e-01,9.999799132347106934e-01,9.999983906745910645e-01,9.999961256980895996e-01,9.999985694885253906e-01,9.999930262565612793e-01,9.999668002128601074e-01,9.999984502792358398e-01,-9.999985098838806152e-01,-9.999979734420776367e-01,-9.999948740005493164e-01,-9.999977946281433105e-01,9.998981356620788574e-01,-9.999971985816955566e-01,9.999940395355224609e-01,-9.999950528144836426e-01,-9.999957084655761719e-01,9.999980330467224121e-01,-9.999818205833435059e-01,-9.999762773513793945e-01,9.999972581863403320e-01,9.999985098838806152e-01,-9.999871850013732910e-01,9.999972581863403320e-01,-9.999982714653015137e-01,-9.999986886978149414e-01,-9.999905824661254883e-01,-9.999971389770507812e-01,9.999985694885253906e-01,-9.999969005584716797e-01,9.999970793724060059e-01,-9.998347163200378418e-01,-9.999969005584716797e-01,9.999868869781494141e-01,-9.999949336051940918e-01,9.999905228614807129e-01,9.999957680702209473e-01,-9.999967813491821289e-01,-9.999982118606567383e-01,-9.999963045120239258e-01,9.999973773956298828e-01,-9.999971985816955566e-01,9.999943375587463379e-01,-9.999985694885253906e-01,-9.999738335609436035e-01,9.999839663505554199e-01,9.999948740005493164e-01,-9.999880790710449219e-01,9.999986886978149414e-01,-9.999980926513671875e-01,9.999963045120239258e-01,9.999958872795104980e-01,-9.999981522560119629e-01,9.999986290931701660e-01,-9.999974966049194336e-01,-9.999962449073791504e-01,9.999980926513671875e-01,-9.999973773956298828e-01,9.999825954437255859e-01,-9.999979138374328613e-01,9.999961853027343750e-01,-9.999970793724060059e-01,9.999917149543762207e-01,9.999917745590209961e-01,9.999883174896240234e-01,-9.999876618385314941e-01,-9.999922513961791992e-01,-9.999966621398925781e-01,9.999979138374328613e-01,-9.999952316284179688e-01,9.999964237213134766e-01,-9.999960064888000488e-01,-9.999966025352478027e-01,9.999986886978149414e-01,-9.999963641166687012e-01,9.999984502792358398e-01,-9.999965429306030273e-01,9.999977946281433105e-01,-9.999945759773254395e-01,-9.999974966049194336e-01,9.999961853027343750e-01,9.999942779541015625e-01,-9.999976158142089844e-01,9.999951124191284180e-01,-9.999958276748657227e-01,-9.999946951866149902e-01,-9.999983906745910645e-01
-9.999982714653015137e-01,9.999988675117492676e-01,9.999968409538269043e-01,-9.999989271163940430e-01,-9.999989867210388184e-01,9.999983310699462891e-01,9.999603629112243652e-01,-9.999989867210388184e-01,9.999976158142089844e-01,-9.999957084655761719e-01,-9.999517202377319336e-01,9.999983906745910645e-01,-9.999988079071044922e-01,9.999884963035583496e-01,9.999935030937194824e-01,-9.999945759773254395e-01,-9.999980926513671875e-01,9.997838139533996582e-01,-9.999946951866149902e-01,9.999991655349731445e-01,9.999989271163940430e-01,-9.999932050704956055e-01,-9.999932050704956055e-01,-9.999960064888000488e-01,9.999981522560119629e-01,-9.999990463256835938e-01,9.999967217445373535e-01,9.999986290931701660e-01,-9.998959898948669434e-01,-9.999967813491821289e-01,9.999986886978149414e-01,9.999985694885253906e-01,-9.999986886978149414e-01,-9.999976158142089844e-01,9.999969005584716797e-01,9.999925494194030762e-01,-9.999986290931701660e-01,-9.999990463256835938e-01,-9.999971985816955566e-01,9.999988079071044922e-01,-9.999988079071044922e-01,9.999915361404418945e-01,-9.999855160713195801e-01,-9.999987483024597168e-01,-9.999971985816955566e-01,-9.999989271163940430e-01,-9.999950528144836426e-01,-9.999760985374450684e-01,-9.999988675117492676e-01,9.999989867210388184e-01,9.999985694885253906e-01,9.999961256980895996e-01,9.999983906745910645e-01,-9.999264478683471680e-01,9.999979138374328613e-01,-9.999957084655761719e-01,9.999963045120239258e-01,9.999967813491821289e-01,-9.999985694885253906e-01,9.999868869781494141e-01,9.999828338623046875e-01,-9.999980330467224121e-01,-9.999988675117492676e-01,9.999907612800598145e-01,-9.999980330467224121e-01,9.999987483024597168e-01,9.999991059303283691e-01,9.999932646751403809e-01,9.999979734420776367e-01,-9.999989867210388184e-01,9.999977946281433105e-01,-9.999979138374328613e-01,9.998806118965148926e-01,9.999977350234985352e-01,-9.999905228614807129e-01,9.999964237213134766e-01,-9.999931454658508301e-01,-9.999969005584716797e-01,9.999977350234985352e-01,9.999988079071044922e-01,9.999974370002746582e-01,-9.999980330467224121e-01,9.999980330467224121e-01,-9.999958872795104980e-01,9.999989867210388184e-01,9.999811053276062012e-01,-9.999884366989135742e-01,-9.999961853027343750e-01,9.999914169311523438e-01,-9.999991059303283691e-01,9.999986290931701660e-01,-9.999973177909851074e-01,-9.999969601631164551e-01,9.999987483024597168e-01,-9.999989867210388184e-01,9.999982118606567383e-01,9.999973177909851074e-01,-9.999986290931701660e-01,9.999980926513671875e-01,-9.999874234199523926e-01,9.999984502792358398e-01,-9.999973177909851074e-01,9.999978542327880859e-01,-9.999940395355224609e-01,-9.999940395355224609e-01,-9.999915361404418945e-01,9.999910593032836914e-01,9.999943971633911133e-01,9.999976158142089844e-01,-9.999985098838806152e-01,9.999966025352478027e-01,-9.999973177909851074e-01,9.999971389770507812e-01,9.999975562095642090e-01,-9.999990463256835938e-01,9.999973773956298828e-01,-9.999988675117492676e-01,9.999974966049194336e-01,-9.999983310699462891e-01,9.999961256980895996e-01,9.999982118606567383e-01,-9.999973177909851074e-01,-9.999959468841552734e-01,9.999982118606567383e-01,-9.999964237213134766e-01,9.999969601631164551e-01,9.999961256980895996e-01,9.999989271163940430e-01
-9.999957084655761719e-01,9.999968409538269043e-01,9.999915957450866699e-01,-9.999971389770507812e-01,-9.999971389770507812e-01,9.999955296516418457e-01,9.998921155929565430e-01,-9.999971985816955566e-01,9.999935626983642578e-01,-9.999884366989135742e-01,-9.998685717582702637e-01,9.999960064888000488e-01,-9.999968409538269043e-01,9.999687075614929199e-01,9.999823570251464844e-01,-9.999852180480957031e-01,-9.999948143959045410e-01,9.994111657142639160e-01,-9.999856948852539062e-01,9.999976754188537598e-01,9.999971985816955566e-01,-9.999816417694091797e-01,-9.999813437461853027e-01,-9.999893307685852051e-01,9.999950528144836426e-01,-9.999976158142089844e-01,9.999912381172180176e-01,9.999964237213134766e-01,-9.997166991233825684e-01,-9.999915957450866699e-01,9.999966025352478027e-01,9.999960660934448242e-01,-9.999964237213134766e-01,-9.999934434890747070e-01,9.999916553497314453e-01,9.999794363975524902e-01,-9.999963045120239258e-01,-9.999973177909851074e-01,-9.999924302101135254e-01,9.999968409538269043e-01,-9.999967217445373535e-01,9.999769330024719238e-01,-9.999604225158691406e-01,-9.999969005584716797e-01,-9.999926090240478516e-01,-9.999970197677612305e-01,-9.999863505363464355e-01,-9.999347925186157227e-01,-9.999969005584716797e-01,9.999971985816955566e-01,9.999960660934448242e-01,9.999899268150329590e-01,9.999957680702209473e-01,-9.997994899749755859e-01,9.999946951866149902e-01,-9.999881982803344727e-01,9.999904036521911621e-01,9.999915957450866699e-01,-9.999961256980895996e-01,9.999642372131347656e-01,9.999531507492065430e-01,-9.999946951866149902e-01,-9.999970793724060059e-01,9.999749660491943359e-01,-9.999947547912597656e-01,9.999967217445373535e-01,9.999974966049194336e-01,9.999815821647644043e-01,9.999943971633911133e-01,-9.999973177909851074e-01,9.999942183494567871e-01,-9.999943971633911133e-01,9.996744990348815918e-01,9.999940395355224609e-01,-9.999741911888122559e-01,9.999901056289672852e-01,-9.999814033508300781e-01,-9.999917149543762207e-01,9.999937415122985840e-01,9.999967217445373535e-01,9.999929666519165039e-01,-9.999949336051940918e-01,9.999947547912597656e-01,-9.999890327453613281e-01,9.999971985816955566e-01,9.999485015869140625e-01,-9.999683499336242676e-01,-9.999899268150329590e-01,9.999765157699584961e-01,-9.999974370002746582e-01,9.999963045120239258e-01,-9.999929666519165039e-01,-9.999918937683105469e-01,9.999966025352478027e-01,-9.999971985816955566e-01,9.999951720237731934e-01,9.999926686286926270e-01,-9.999962449073791504e-01,9.999948740005493164e-01,-9.999657273292541504e-01,9.999960660934448242e-01,-9.999927878379821777e-01,9.999943375587463379e-01,-9.999837875366210938e-01,-9.999837875366210938e-01,-9.999768733978271484e-01,9.999756813049316406e-01,9.999846816062927246e-01,9.999936223030090332e-01,-9.999960660934448242e-01,9.999906420707702637e-01,-9.999930858612060547e-01,9.999922513961791992e-01,9.999933838844299316e-01,-9.999975562095642090e-01,9.999929666519165039e-01,-9.999969005584716797e-01,9.999935030937194824e-01,-9.999956488609313965e-01,9.999893903732299805e-01,9.999952316284179688e-01,-9.999927878379821777e-01,-9.999887347221374512e-01,9.999954104423522949e-01,-9.999904036521911621e-01,9.999917745590209961e-01,9.999896287918090820e-01,9.999970197677612305e-01
9.999984502792358398e-01,-9.999989271163940430e-01,-9.999971389770507812e-01,9.999991059303283691e-01,9.999992251396179199e-01,-9.999985098838806152e-01,-9.999642372131347656e-01,9.999991059303283691e-01,-9.999978542327880859e-01,9.999960660934448242e-01,9.999565482139587402e-01,-9.999986290931701660e-01,9.999989271163940430e-01,-9.999896287918090820e-01,-9.999941587448120117e-01,9.999951124191284180e-01,9.999982714653015137e-01,-9.998053908348083496e-01,9.999952912330627441e-01,-9.999992847442626953e-01,-9.999991059303283691e-01,9.999939203262329102e-01,9.999938607215881348e-01,9.999963641166687012e-01,-9.999983310699462891e-01,9.999991655349731445e-01,-9.999970197677612305e-01,-9.999988079071044922e-01,9.999063611030578613e-01,9.999971985816955566e-01,-9.999988675117492676e-01,-9.999986886978149414e-01,9.999988079071044922e-01,9.999978542327880859e-01,-9.999972581863403320e-01,-9.999932646751403809e-01,9.999987483024597168e-01,9.999991655349731445e-01,9.999974370002746582e-01,-9.999989271163940430e-01,9.999989271163940430e-01,-9.999923706054687500e-01,9.999868273735046387e-01,9.999989271163940430e-01,9.999974966049194336e-01,9.999990463256835938e-01,9.999955296516418457e-01,9.999784827232360840e-01,9.999989867210388184e-01,-9.999992251396179199e-01,-9.999986886978149414e-01,-9.999966025352478027e-01,-9.999985694885253906e-01,9.999337196350097656e-01,-9.999981522560119629e-01,9.999960660934448242e-01,-9.999967813491821289e-01,-9.999971985816955566e-01,9.999987483024597168e-01,-9.999881982803344727e-01,-9.999845623970031738e-01,9.999982118606567383e-01,9.999989867210388184e-01,-9.999917149543762207e-01,9.999982118606567383e-01,-9.999988675117492676e-01,-9.999991655349731445e-01,-9.999939203262329102e-01,-9.999981522560119629e-01,9.999991059303283691e-01,-9.999979138374328613e-01,9.999980926513671875e-01,-9.998924732208251953e-01,-9.999979734420776367e-01,9.999914765357971191e-01,-9.999966621398925781e-01,9.999938607215881348e-01,9.999971985816955566e-01,-9.999979734420776367e-01,-9.999989271163940430e-01,-9.999976158142089844e-01,9.999983310699462891e-01,-9.999982118606567383e-01,9.999961853027343750e-01,-9.999991059303283691e-01,-9.999829530715942383e-01,9.999895691871643066e-01,9.999965429306030273e-01,-9.999922513961791992e-01,9.999991655349731445e-01,-9.999988675117492676e-01,9.999976158142089844e-01,9.999972581863403320e-01,-9.999988675117492676e-01,9.999992251396179199e-01,-9.999983906745910645e-01,-9.999974966049194336e-01,9.999988079071044922e-01,-9.999982714653015137e-01,9.999886751174926758e-01,-9.999986886978149414e-01,9.999976158142089844e-01,-9.999980926513671875e-01,9.999946355819702148e-01,9.999946355819702148e-01,9.999923706054687500e-01,-9.999919533729553223e-01,-9.999949336051940918e-01,-9.999978542327880859e-01,9.999986886978149414e-01,-9.999969601631164551e-01,9.999976158142089844e-01,-9.999973177909851074e-01,-9.999977946281433105e-01,9.999991655349731445e-01,-9.999976158142089844e-01,9.999989271163940430e-01,-9.999977350234985352e-01,9.999985098838806152e-01,-9.999964237213134766e-01,-9.999984502792358398e-01,9.999975562095642090e-01,9.999962449073791504e-01,-9.999983906745910645e-01,9.999967813491821289e-01,-9.999972581863403320e-01,-9.999965429306030273e-01,-9.999990463256835938e-01
9.999985098838806152e-01,-9.999989867210388184e-01,-9.999971389770507812e-01,9.999992251396179199e-01,9.999990463256835938e-01,-9.999984502792358398e-01,-9.999634027481079102e-01,9.999991059303283691e-01,-9.999977946281433105e-01,9.999959468841552734e-01,9.999554157257080078e-01,-9.999985694885253906e-01,9.999989271163940430e-01,-9.999894499778747559e-01,-9.999939799308776855e-01,9.999950528144836426e-01,9.999982118606567383e-01,-9.998003840446472168e-01,9.999951720237731934e-01,-9.999992251396179199e-01,-9.999990463256835938e-01,9.999938607215881348e-01,9.999937415122985840e-01,9.999963045120239258e-01,-9.999982714653015137e-01,9.999992251396179199e-01,-9.999969601631164551e-01,-9.999988079071044922e-01,9.999039173126220703e-01,9.999971389770507812e-01,-9.999988675117492676e-01,-9.999986886978149414e-01,9.999988675117492676e-01,9.999977946281433105e-01,-9.999970793724060059e-01,-9.999930262565612793e-01,9.999987483024597168e-01,9.999991655349731445e-01,9.999973773956298828e-01,-9.999989867210388184e-01,9.999989271163940430e-01,-9.999922513961791992e-01,9.999865293502807617e-01,9.999989271163940430e-01,9.999974966049194336e-01,9.999991059303283691e-01,9.999954104423522949e-01,9.999780058860778809e-01,9.999989271163940430e-01,-9.999991655349731445e-01,-9.999987483024597168e-01,-9.999966025352478027e-01,-9.999985098838806152e-01,9.999320507049560547e-01,-9.999982118606567383e-01,9.999959468841552734e-01,-9.999967217445373535e-01,-9.999970793724060059e-01,9.999986886978149414e-01,-9.999879002571105957e-01,-9.999841451644897461e-01,9.999981522560119629e-01,9.999991655349731445e-01,-9.999915361404418945e-01,9.999982118606567383e-01,-9.999988675117492676e-01,-9.999991655349731445e-01,-9.999938607215881348e-01,-9.999982118606567383e-01,9.999992251396179199e-01,-9.999980330467224121e-01,9.999980330467224121e-01,-9.998896121978759766e-01,-9.999979734420776367e-01,9.999912977218627930e-01,-9.999966621398925781e-01,9.999937415122985840e-01,9.999971389770507812e-01,-9.999979138374328613e-01,-9.999988675117492676e-01,-9.999976158142089844e-01,9.999982714653015137e-01,-9.999982118606567383e-01,9.999962449073791504e-01,-9.999991059303283691e-01,-9.999825358390808105e-01,9.999893307685852051e-01,9.999965429306030273e-01,-9.999920129776000977e-01,9.999992847442626953e-01,-9.999987483024597168e-01,9.999975562095642090e-01,9.999972581863403320e-01,-9.999988675117492676e-01,9.999992251396179199e-01,-9.999983310699462891e-01,-9.999974966049194336e-01,9.999987483024597168e-01,-9.999982714653015137e-01,9.999884963035583496e-01,-9.999986886978149414e-01,9.999974966049194336e-01,-9.999981522560119629e-01,9.999944567680358887e-01,9.999944567680358887e-01,9.999921917915344238e-01,-9.999918341636657715e-01,-9.999948143959045410e-01,-9.999978542327880859e-01,9.999986290931701660e-01,-9.999967813491821289e-01,9.999976158142089844e-01,-9.999973177909851074e-01,-9.999977946281433105e-01,9.999992251396179199e-01,-9.999975562095642090e-01,9.999989271163940430e-01,-9.999977350234985352e-01,9.999985694885253906e-01,-9.999964237213134766e-01,-9.999984502792358398e-01,9.999974966049194336e-01,9.999961256980895996e-01,-9.999984502792358398e-01,9.999967813491821289e-01,-9.999971985816955566e-01,-9.999964237213134766e-01,-9.999990463256835938e-01
-9.999976754188537598e-01,9.999983310699462891e-01,9.999955296516418457e-01,-9.999985098838806152e-01,-9.999984502792358398e-01,9.999976158142089844e-01,9.999428987503051758e-01,-9.999985098838806152e-01,9.999964237213134766e-01,-9.999938607215881348e-01,-9.999303817749023438e-01,9.999977946281433105e-01,-9.999982118606567383e-01,9.999833703041076660e-01,9.999906420707702637e-01,-9.999920725822448730e-01,-9.999971985816955566e-01,9.996883869171142578e-01,-9.999924302101135254e-01,9.999987483024597168e-01,9.999984502792358398e-01,-9.999903440475463867e-01,-9.999901056289672852e-01,-9.999942779541015625e-01,9.999973773956298828e-01,-9.999986886978149414e-01,9.999953508377075195e-01,9.999980330467224121e-01,-9.998502135276794434e-01,-9.999954700469970703e-01,9.999982118606567383e-01,9.999979138374328613e-01,-9.999980926513671875e-01,-9.999964237213134766e-01,9.999956488609313965e-01,9.999890923500061035e-01,-9.999979138374328613e-01,-9.999985694885253906e-01,-9.999960064888000488e-01,9.999982118606567383e-01,-9.999982714653015137e-01,9.999877810478210449e-01,-9.999790787696838379e-01,-9.999983310699462891e-01,-9.999960660934448242e-01,-9.999985098838806152e-01,-9.999927282333374023e-01,-9.999654889106750488e-01,-9.999982714653015137e-01,9.999984502792358398e-01,9.999979734420776367e-01,9.999945759773254395e-01,9.999976754188537598e-01,-9.998938441276550293e-01,9.999970793724060059e-01,-9.999936819076538086e-01,9.999949336051940918e-01,9.999954700469970703e-01,-9.999979734420776367e-01,9.999811053276062012e-01,9.999752640724182129e-01,-9.999971389770507812e-01,-9.999984502792358398e-01,9.999867677688598633e-01,-9.999971985816955566e-01,9.999982118606567383e-01,9.999985694885253906e-01,9.999902248382568359e-01,9.999970197677612305e-01,-9.999985098838806152e-01,9.999967813491821289e-01,-9.999969601631164551e-01,9.998278021812438965e-01,9.999967217445373535e-01,-9.999863505363464355e-01,9.999947547912597656e-01,-9.999902248382568359e-01,-9.999955892562866211e-01,9.999966025352478027e-01,9.999982714653015137e-01,9.999961853027343750e-01,-9.999972581863403320e-01,9.999970793724060059e-01,-9.999940991401672363e-01,9.999984502792358398e-01,9.999727606773376465e-01,-9.999832510948181152e-01,-9.999946355819702148e-01,9.999876618385314941e-01,-9.999986290931701660e-01,9.999980330467224121e-01,-9.999961853027343750e-01,-9.999957084655761719e-01,9.999981522560119629e-01,-9.999985694885253906e-01,9.999973773956298828e-01,9.999961256980895996e-01,-9.999980330467224121e-01,9.999971985816955566e-01,-9.999818801879882812e-01,9.999978542327880859e-01,-9.999961256980895996e-01,9.999969005584716797e-01,-9.999914169311523438e-01,-9.999913573265075684e-01,-9.999877810478210449e-01,9.999871253967285156e-01,9.999918937683105469e-01,9.999965429306030273e-01,-9.999979138374328613e-01,9.999949932098388672e-01,-9.999963045120239258e-01,9.999958872795104980e-01,9.999964833259582520e-01,-9.999986290931701660e-01,9.999962449073791504e-01,-9.999982714653015137e-01,9.999964833259582520e-01,-9.999976754188537598e-01,9.999943375587463379e-01,9.999974370002746582e-01,-9.999960064888000488e-01,-9.999940395355224609e-01,9.999974966049194336e-01,-9.999949932098388672e-01,9.999956488609313965e-01,9.999945163726806641e-01,9.999984502792358398e-01
-9.999451637268066406e-01,9.999603629112243652e-01,9.998921155929565430e-01,-9.999642372131347656e-01,-9.999634027481079102e-01,9.999428987503051758e-01,9.986316561698913574e-01,-9.999645948410034180e-01,9.999182820320129395e-01,-9.998540282249450684e-01,-9.983332753181457520e-01,9.999479651451110840e-01,-9.999601840972900391e-01,9.996008872985839844e-01,9.997746944427490234e-01,-9.998123645782470703e-01,-9.999339580535888672e-01,9.925779104232788086e-01,-9.998181462287902832e-01,9.999704957008361816e-01,9.999634623527526855e-01,-9.997655749320983887e-01,-9.997612237930297852e-01,-9.998631477355957031e-01,9.999371767044067383e-01,-9.999701976776123047e-01,9.998874664306640625e-01,9.999538660049438477e-01,-9.964156746864318848e-01,-9.998932480812072754e-01,9.999576210975646973e-01,9.999507069587707520e-01,-9.999552965164184570e-01,-9.999157190322875977e-01,9.998949170112609863e-01,9.997376799583435059e-01,-9.999536275863647461e-01,-9.999662637710571289e-01,-9.999036192893981934e-01,9.999594092369079590e-01,-9.999588131904602051e-01,9.997060298919677734e-01,-9.994976520538330078e-01,-9.999600648880004883e-01,-9.999044537544250488e-01,-9.999619126319885254e-01,-9.998251795768737793e-01,-9.991721510887145996e-01,-9.999609589576721191e-01,9.999635815620422363e-01,9.999504089355468750e-01,9.998717308044433594e-01,9.999454617500305176e-01,-9.974604249000549316e-01,9.999328255653381348e-01,-9.998508095741271973e-01,9.998778104782104492e-01,9.998928904533386230e-01,-9.999517798423767090e-01,9.995455145835876465e-01,9.994058609008789062e-01,-9.999322891235351562e-01,-9.999631047248840332e-01,9.996820092201232910e-01,-9.999329447746276855e-01,9.999573826789855957e-01,9.999673962593078613e-01,9.997658729553222656e-01,9.999288916587829590e-01,-9.999650120735168457e-01,9.999262690544128418e-01,-9.999278783798217773e-01,9.958836436271667480e-01,9.999228715896606445e-01,-9.996720552444458008e-01,9.998732805252075195e-01,-9.997627735137939453e-01,-9.998947978019714355e-01,9.999202489852905273e-01,9.999588131904602051e-01,9.999093413352966309e-01,-9.999364018440246582e-01,9.999330639839172363e-01,-9.998603463172912598e-01,9.999650716781616211e-01,9.993456602096557617e-01,-9.995965957641601562e-01,-9.998728036880493164e-01,9.997014999389648438e-01,-9.999672174453735352e-01,9.999534487724304199e-01,-9.999089837074279785e-01,-9.998958706855773926e-01,9.999563694000244141e-01,-9.999641180038452148e-01,9.999384284019470215e-01,9.999077916145324707e-01,-9.999529719352722168e-01,9.999349713325500488e-01,-9.995645284652709961e-01,9.999508261680603027e-01,-9.999084472656250000e-01,9.999281764030456543e-01,-9.997931122779846191e-01,-9.997931718826293945e-01,-9.997067451477050781e-01,9.996910691261291504e-01,9.998056292533874512e-01,9.999180436134338379e-01,-9.999492168426513672e-01,9.998803138732910156e-01,-9.999118447303771973e-01,9.999018311500549316e-01,9.999161362648010254e-01,-9.999698400497436523e-01,9.999105334281921387e-01,-9.999614357948303223e-01,9.999171495437622070e-01,-9.999433159828186035e-01,9.998642802238464355e-01,9.999381899833679199e-01,-9.999080300331115723e-01,-9.998565912246704102e-01,9.999422430992126465e-01,-9.998772144317626953e-01,9.998955130577087402e-01,9.998679161071777344e-01,9.999627470970153809e-01
9.999985098838806152e-01,-9.999989867210388184e-01,-9.999971985816955566e-01,9.999991059303283691e-01,9.999991059303283691e-01,-9.999985098838806152e-01,-9.999645948410034180e-01,9.999991059303283691e-01,-9.999978542327880859e-01,9.999960660934448242e-01,9.999569058418273926e-01,-9.999986290931701660e-01,9.999989867210388184e-01,-9.999896883964538574e-01,-9.999940991401672363e-01,9.999951720237731934e-01,9.999981522560119629e-01,-9.998069405555725098e-01,9.999952316284179688e-01,-9.999991655349731445e-01,-9.999991059303283691e-01,9.999940395355224609e-01,9.999938607215881348e-01,9.999964237213134766e-01,-9.999983310699462891e-01,9.999991655349731445e-01,-9.999969601631164551e-01,-9.999988079071044922e-01,9.999071359634399414e-01,9.999971985816955566e-01,-9.999988079071044922e-01,-9.999986290931701660e-01,9.999988079071044922e-01,9.999977946281433105e-01,-9.999971985816955566e-01,-9.999932646751403809e-01,9.999988079071044922e-01,9.999991655349731445e-01,9.999974966049194336e-01,-9.999989271163940430e-01,9.999989271163940430e-01,-9.999924302101135254e-01,9.999869465827941895e-01,9.999989271163940430e-01,9.999974966049194336e-01,9.999990463256835938e-01,9.999955892562866211e-01,9.999787211418151855e-01,9.999989271163940430e-01,-9.999992251396179199e-01,-9.999986886978149414e-01,-9.999966621398925781e-01,-9.999985694885253906e-01,9.999342560768127441e-01,-9.999981522560119629e-01,9.999960064888000488e-01,-9.999967217445373535e-01,-9.999971389770507812e-01,9.999987483024597168e-01,-9.999882578849792480e-01,-9.999846816062927246e-01,9.999982118606567383e-01,9.999991059303283691e-01,-9.999917745590209961e-01,9.999982714653015137e-01,-9.999988079071044922e-01,-9.999992251396179199e-01,-9.999939799308776855e-01,-9.999981522560119629e-01,9.999991655349731445e-01,-9.999979734420776367e-01,9.999980926513671875e-01,-9.998932480812072754e-01,-9.999980926513671875e-01,9.999915361404418945e-01,-9.999966621398925781e-01,9.999938011169433594e-01,9.999972581863403320e-01,-9.999979138374328613e-01,-9.999989271163940430e-01,-9.999976754188537598e-01,9.999983310699462891e-01,-9.999982714653015137e-01,9.999962449073791504e-01,-9.999991655349731445e-01,-9.999831318855285645e-01,9.999896883964538574e-01,9.999966025352478027e-01,-9.999923110008239746e-01,9.999991655349731445e-01,-9.999988079071044922e-01,9.999976158142089844e-01,9.999972581863403320e-01,-9.999988675117492676e-01,9.999992251396179199e-01,-9.999983906745910645e-01,-9.999976158142089844e-01,9.999987483024597168e-01,-9.999982714653015137e-01,9.999887943267822266e-01,-9.999986886978149414e-01,9.999975562095642090e-01,-9.999980330467224121e-01,9.999946951866149902e-01,9.999947547912597656e-01,9.999924302101135254e-01,-9.999920129776000977e-01,-9.999949932098388672e-01,-9.999979138374328613e-01,9.999986886978149414e-01,-9.999969601631164551e-01,9.999976158142089844e-01,-9.999974370002746582e-01,-9.999977946281433105e-01,9.999991655349731445e-01,-9.999976754188537598e-01,9.999990463256835938e-01,-9.999977946281433105e-01,9.999986290931701660e-01,-9.999965429306030273e-01,-9.999984502792358398e-01,9.999976158142089844e-01,9.999963641166687012e-01,-9.999983906745910645e-01,9.999967813491821289e-01,-9.999971985816955566e-01,-9.999965429306030273e-01,-9.999989867210388184e-01
-9.999966025352478027e-01,9.999976158142089844e-01,9.999935626983642578e-01,-9.999978542327880859e-01,-9.999977946281433105e-01,9.999964237213134766e-01,9.999182820320129395e-01,-9.999978542327880859e-01,9.999951124191284180e-01,-9.999912381172180176e-01,-9.999005198478698730e-01,9.999968409538269043e-01,-9.999976158142089844e-01,9.999762177467346191e-01,9.999865889549255371e-01,-9.999887943267822266e-01,-9.999958872795104980e-01,9.995541572570800781e-01,-9.999890923500061035e-01,9.999980926513671875e-01,9.999977946281433105e-01,-9.999860525131225586e-01,-9.999858736991882324e-01,-9.999918937683105469e-01,9.999961853027343750e-01,-9.999982118606567383e-01,9.999933242797851562e-01,9.999971985816955566e-01,-9.997855424880981445e-01,-9.999936223030090332e-01,9.999973773956298828e-01,9.999970197677612305e-01,-9.999973177909851074e-01,-9.999949932098388672e-01,9.999936819076538086e-01,9.999843835830688477e-01,-9.999971985816955566e-01,-9.999979734420776367e-01,-9.999941587448120117e-01,9.999975562095642090e-01,-9.999974966049194336e-01,9.999825358390808105e-01,-9.999700784683227539e-01,-9.999976158142089844e-01,-9.999943971633911133e-01,-9.999976754188537598e-01,-9.999895691871643066e-01,-9.999506473541259766e-01,-9.999975562095642090e-01,9.999978542327880859e-01,9.999970793724060059e-01,9.999923706054687500e-01,9.999967217445373535e-01,-9.998481869697570801e-01,9.999959468841552734e-01,-9.999911189079284668e-01,9.999927282333374023e-01,9.999936223030090332e-01,-9.999970793724060059e-01,9.999729394912719727e-01,9.999645352363586426e-01,-9.999958872795104980e-01,-9.999977350234985352e-01,9.999810457229614258e-01,-9.999959468841552734e-01,9.999973773956298828e-01,9.999980330467224121e-01,9.999860525131225586e-01,9.999957680702209473e-01,-9.999979138374328613e-01,9.999955296516418457e-01,-9.999957084655761719e-01,9.997534751892089844e-01,9.999954104423522949e-01,-9.999804496765136719e-01,9.999924302101135254e-01,-9.999858736991882324e-01,-9.999937415122985840e-01,9.999952316284179688e-01,9.999974966049194336e-01,9.999946951866149902e-01,-9.999961853027343750e-01,9.999959468841552734e-01,-9.999915957450866699e-01,9.999978542327880859e-01,9.999609589576721191e-01,-9.999760389328002930e-01,-9.999924302101135254e-01,9.999822378158569336e-01,-9.999980330467224121e-01,9.999972581863403320e-01,-9.999945759773254395e-01,-9.999938607215881348e-01,9.999973773956298828e-01,-9.999979138374328613e-01,9.999961853027343750e-01,9.999944567680358887e-01,-9.999971389770507812e-01,9.999959468841552734e-01,-9.999740719795227051e-01,9.999969601631164551e-01,-9.999945759773254395e-01,9.999956488609313965e-01,-9.999876618385314941e-01,-9.999877810478210449e-01,-9.999825358390808105e-01,9.999815225601196289e-01,9.999883174896240234e-01,9.999951720237731934e-01,-9.999969601631164551e-01,9.999928474426269531e-01,-9.999947547912597656e-01,9.999941587448120117e-01,9.999949932098388672e-01,-9.999980926513671875e-01,9.999946951866149902e-01,-9.999976754188537598e-01,9.999949932098388672e-01,-9.999966621398925781e-01,9.999918937683105469e-01,9.999962449073791504e-01,-9.999945163726806641e-01,-9.999914765357971191e-01,9.999964833259582520e-01,-9.999927878379821777e-01,9.999938011169433594e-01,9.999921321868896484e-01,9.999977350234985352e-01
9.999940991401672363e-01,-9.999957084655761719e-01,-9.999884366989135742e-01,9.999960660934448242e-01,9.999959468841552734e-01,-9.999938607215881348e-01,-9.998540282249450684e-01,9.999960660934448242e-01,-9.999912381172180176e-01,9.999843835830688477e-01,9.998221993446350098e-01,-9.999943971633911133e-01,9.999957084655761719e-01,-9.999573826789855957e-01,-9.999759197235107422e-01,9.999799728393554688e-01,9.999929070472717285e-01,-9.992042183876037598e-01,9.999805688858032227e-01,-9.999967217445373535e-01,-9.999959468841552734e-01,9.999749660491943359e-01,9.999746084213256836e-01,9.999853372573852539e-01,-9.999932050704956055e-01,9.999966621398925781e-01,-9.999879598617553711e-01,-9.999951124191284180e-01,9.996169805526733398e-01,9.999885559082031250e-01,-9.999953508377075195e-01,-9.999946951866149902e-01,9.999951720237731934e-01,9.999909996986389160e-01,-9.999887347221374512e-01,-9.999721050262451172e-01,9.999949932098388672e-01,9.999962449073791504e-01,9.999896287918090820e-01,-9.999956488609313965e-01,9.999954700469970703e-01,-9.999687671661376953e-01,9.999463558197021484e-01,9.999956488609313965e-01,9.999897480010986328e-01,9.999958872795104980e-01,9.999813437461853027e-01,9.999116659164428711e-01,9.999958276748657227e-01,-9.999959468841552734e-01,-9.999946355819702148e-01,-9.999861717224121094e-01,-9.999941587448120117e-01,9.997288584709167480e-01,-9.999927282333374023e-01,9.999840259552001953e-01,-9.999868273735046387e-01,-9.999885559082031250e-01,9.999948143959045410e-01,-9.999514818191528320e-01,-9.999365806579589844e-01,9.999926686286926270e-01,9.999958872795104980e-01,-9.999660849571228027e-01,9.999927878379821777e-01,-9.999953508377075195e-01,-9.999963641166687012e-01,-9.999750256538391113e-01,-9.999923110008239746e-01,9.999961256980895996e-01,-9.999920725822448730e-01,9.999921917915344238e-01,-9.995599985122680664e-01,-9.999917149543762207e-01,9.999650120735168457e-01,-9.999864101409912109e-01,9.999746680259704590e-01,9.999887347221374512e-01,-9.999915361404418945e-01,-9.999954700469970703e-01,-9.999903440475463867e-01,9.999931454658508301e-01,-9.999927878379821777e-01,9.999850392341613770e-01,-9.999961256980895996e-01,-9.999302029609680176e-01,9.999570250511169434e-01,9.999862909317016602e-01,-9.999681115150451660e-01,9.999963641166687012e-01,-9.999949932098388672e-01,9.999902248382568359e-01,9.999888539314270020e-01,-9.999952912330627441e-01,9.999961256980895996e-01,-9.999933838844299316e-01,-9.999900460243225098e-01,9.999949932098388672e-01,-9.999929666519165039e-01,9.999535083770751953e-01,-9.999946355819702148e-01,9.999902248382568359e-01,-9.999922513961791992e-01,9.999778866767883301e-01,9.999778866767883301e-01,9.999687075614929199e-01,-9.999670386314392090e-01,-9.999792575836181641e-01,-9.999912977218627930e-01,9.999945163726806641e-01,-9.999871850013732910e-01,9.999905228614807129e-01,-9.999895095825195312e-01,-9.999909996986389160e-01,9.999965429306030273e-01,-9.999904036521911621e-01,9.999958276748657227e-01,-9.999911189079284668e-01,9.999938607215881348e-01,-9.999854564666748047e-01,-9.999933242797851562e-01,9.999901652336120605e-01,9.999847412109375000e-01,-9.999937415122985840e-01,9.999868273735046387e-01,-9.999887943267822266e-01,-9.999859333038330078e-01,-9.999957680702209473e-01
9.999331831932067871e-01,-9.999517202377319336e-01,-9.998685717582702637e-01,9.999565482139587402e-01,9.999554157257080078e-01,-9.999303817749023438e-01,-9.983332753181457520e-01,9.999569058418273926e-01,-9.999005198478698730e-01,9.998221993446350098e-01,9.979699850082397461e-01,-9.999367594718933105e-01,9.999515414237976074e-01,-9.995137453079223633e-01,-9.997254610061645508e-01,9.997714161872863770e-01,9.999195933341979980e-01,-9.909712672233581543e-01,9.997784495353698730e-01,-9.999641180038452148e-01,-9.999555349349975586e-01,9.997143745422363281e-01,9.997089505195617676e-01,9.998333454132080078e-01,-9.999235272407531738e-01,9.999636411666870117e-01,-9.998631477355957031e-01,-9.999439120292663574e-01,9.956362247467041016e-01,9.998700022697448730e-01,-9.999483823776245117e-01,-9.999400377273559570e-01,9.999455809593200684e-01,9.998973011970520020e-01,-9.998719692230224609e-01,-9.996803998947143555e-01,9.999436140060424805e-01,9.999588727951049805e-01,9.998826980590820312e-01,-9.999505281448364258e-01,9.999498724937438965e-01,-9.996418952941894531e-01,9.993881583213806152e-01,9.999513626098632812e-01,9.998835921287536621e-01,9.999536275863647461e-01,9.997870326042175293e-01,9.989915490150451660e-01,9.999526143074035645e-01,-9.999556541442871094e-01,-9.999395608901977539e-01,-9.998437166213989258e-01,-9.999337196350097656e-01,9.969075322151184082e-01,-9.999182224273681641e-01,9.998182058334350586e-01,-9.998512268066406250e-01,-9.998695254325866699e-01,9.999413490295410156e-01,-9.994462132453918457e-01,-9.992762207984924316e-01,9.999175667762756348e-01,9.999550580978393555e-01,-9.996126890182495117e-01,9.999184012413024902e-01,-9.999480843544006348e-01,-9.999603033065795898e-01,-9.997146725654602051e-01,-9.999134540557861328e-01,9.999573826789855957e-01,-9.999102950096130371e-01,9.999122023582458496e-01,-9.949889779090881348e-01,-9.999061226844787598e-01,9.996005892753601074e-01,-9.998456239700317383e-01,9.997109770774841309e-01,9.998719692230224609e-01,-9.999029040336608887e-01,-9.999498128890991211e-01,-9.998895525932312012e-01,9.999226927757263184e-01,-9.999185204505920410e-01,9.998298287391662598e-01,-9.999575614929199219e-01,-9.992029070854187012e-01,9.995085000991821289e-01,9.998452067375183105e-01,-9.996362924575805664e-01,9.999601840972900391e-01,-9.999433159828186035e-01,9.998890757560729980e-01,9.998730421066284180e-01,-9.999468326568603516e-01,9.999563097953796387e-01,-9.999251365661621094e-01,-9.998877644538879395e-01,9.999428391456604004e-01,-9.999208450317382812e-01,9.994695186614990234e-01,-9.999400973320007324e-01,9.998885393142700195e-01,-9.999126195907592773e-01,9.997480511665344238e-01,9.997479915618896484e-01,9.996427893638610840e-01,-9.996237158775329590e-01,-9.997631907463073730e-01,-9.999000430107116699e-01,9.999381303787231445e-01,-9.998543262481689453e-01,9.998927116394042969e-01,-9.998804926872253418e-01,-9.998978972434997559e-01,9.999632835388183594e-01,-9.998909831047058105e-01,9.999530911445617676e-01,-9.998990893363952637e-01,9.999309182167053223e-01,-9.998347163200378418e-01,-9.999247193336486816e-01,9.998879432678222656e-01,9.998253583908081055e-01,-9.999296665191650391e-01,9.998504519462585449e-01,-9.998728036880493164e-01,-9.998390674591064453e-01,-9.999545812606811523e-01
-9.999978542327880859e-01,9.999983906745910645e-01,9.999960064888000488e-01,-9.999986290931701660e-01,-9.999985694885253906e-01,9.999977946281433105e-01,9.999479651451110840e-01,-9.999986290931701660e-01,9.999968409538269043e-01,-9.999943971633911133e-01,-9.999367594718933105e-01,9.999980330467224121e-01,-9.999984502792358398e-01,9.999848008155822754e-01,9.999914765357971191e-01,-9.999929070472717285e-01,-9.999973773956298828e-01,9.997167587280273438e-01,-9.999931454658508301e-01,9.999988079071044922e-01,9.999985694885253906e-01,-9.999911189079284668e-01,-9.999909400939941406e-01,-9.999948143959045410e-01,9.999976158142089844e-01,-9.999988675117492676e-01,9.999957680702209473e-01,9.999982118606567383e-01,-9.998638033866882324e-01,-9.999958872795104980e-01,9.999982714653015137e-01,9.999980926513671875e-01,-9.999983906745910645e-01,-9.999967813491821289e-01,9.999959468841552734e-01,9.999900460243225098e-01,-9.999982118606567383e-01,-9.999986886978149414e-01,-9.999961853027343750e-01,9.999984502792358398e-01,-9.999984502792358398e-01,9.999888539314270020e-01,-9.999809265136718750e-01,-9.999984502792358398e-01,-9.999964237213134766e-01,-9.999985098838806152e-01,-9.999933838844299316e-01,-9.999686479568481445e-01,-9.999985098838806152e-01,9.999986290931701660e-01,9.999980926513671875e-01,9.999951720237731934e-01,9.999979138374328613e-01,-9.999035596847534180e-01,9.999973773956298828e-01,-9.999942779541015625e-01,9.999952912330627441e-01,9.999959468841552734e-01,-9.999980330467224121e-01,9.999827742576599121e-01,9.999775290489196777e-01,-9.999973773956298828e-01,-9.999985098838806152e-01,9.999879002571105957e-01,-9.999974370002746582e-01,9.999983906745910645e-01,9.999987483024597168e-01,9.999910593032836914e-01,9.999972581863403320e-01,-9.999986290931701660e-01,9.999970793724060059e-01,-9.999972581863403320e-01,9.998434782028198242e-01,9.999970197677612305e-01,-9.999876618385314941e-01,9.999952316284179688e-01,-9.999909996986389160e-01,-9.999959468841552734e-01,9.999969601631164551e-01,9.999983906745910645e-01,9.999965429306030273e-01,-9.999974966049194336e-01,9.999973773956298828e-01,-9.999946355819702148e-01,9.999985694885253906e-01,9.999752640724182129e-01,-9.999848604202270508e-01,-9.999951124191284180e-01,9.999887347221374512e-01,-9.999987483024597168e-01,9.999982118606567383e-01,-9.999964833259582520e-01,-9.999960064888000488e-01,9.999983310699462891e-01,-9.999986290931701660e-01,9.999975562095642090e-01,9.999964833259582520e-01,-9.999982118606567383e-01,9.999974966049194336e-01,-9.999835491180419922e-01,9.999980926513671875e-01,-9.999964833259582520e-01,9.999971389770507812e-01,-9.999921917915344238e-01,-9.999921917915344238e-01,-9.999888539314270020e-01,9.999883174896240234e-01,9.999926686286926270e-01,9.999968409538269043e-01,-9.999980330467224121e-01,9.999954700469970703e-01,-9.999965429306030273e-01,9.999962449073791504e-01,9.999967813491821289e-01,-9.999987483024597168e-01,9.999965429306030273e-01,-9.999985098838806152e-01,9.999967217445373535e-01,-9.999977946281433105e-01,9.999948740005493164e-01,9.999976754188537598e-01,-9.999964833259582520e-01,-9.999945759773254395e-01,9.999977350234985352e-01,-9.999954104423522949e-01,9.999958872795104980e-01,9.999949932098388672e-01,9.999985098838806152e-01
