5.650268197059631348e-01,1.212808582931756973e-02,-1.563985794782638550e-01,1.531339883804321289e-01,2.038839459419250488e-01,1.587915234267711639e-02,-2.691297791898250580e-02,4.721539616584777832e-01,3.928284719586372375e-02,1.835693791508674622e-02,-4.312299937009811401e-02,-5.465608462691307068e-02,2.072697430849075317e-01,6.224461793899536133e-01,3.283876180648803711e-01,1.172406524419784546e-01,-9.692641906440258026e-03,1.103420108556747437e-01,1.638777703046798706e-01,2.255373634397983551e-02,-2.969209551811218262e-01,8.584231138229370117e-02,1.995389908552169800e-01,-1.513080596923828125e-01,-1.017174310982227325e-02,-1.568681001663208008e-01,-1.023603081703186035e-01,-2.495823353528976440e-01,-1.740459911525249481e-02,-3.300963342189788818e-01,-1.150009706616401672e-01,-1.182785555720329285e-01,9.775863587856292725e-02,7.449953258037567139e-02,-2.719912864267826080e-02,-2.243895530700683594e-01,-2.430440858006477356e-03,1.002116408199071884e-02,-2.305333316326141357e-01,-4.406345784664154053e-01,8.882259577512741089e-02,1.322064846754074097e-01,7.245710492134094238e-02,3.631093725562095642e-02,4.483551979064941406e-01,-3.765019476413726807e-01,-2.158102095127105713e-01,-1.073713749647140503e-01,-4.910761490464210510e-02,4.651716351509094238e-02,9.375587105751037598e-02,-4.876452311873435974e-02,9.425963461399078369e-02,-1.994159519672393799e-01,2.734918892383575439e-02,-2.128748744726181030e-01,6.936603039503097534e-02,2.894161827862262726e-02,-1.284548342227935791e-01,-6.789754331111907959e-02,9.985149838030338287e-03,7.849510759115219116e-02,3.071309812366962433e-02,-7.989151775836944580e-02,-7.655311375856399536e-02,3.866203129291534424e-02,9.397847950458526611e-02,2.484676986932754517e-01,-1.584384888410568237e-01,3.326156735420227051e-02,-2.111933529376983643e-01,-4.170261323451995850e-01,-1.299468055367469788e-02,9.451478719711303711e-02,-9.531910717487335205e-02,-1.737030893564224243e-01,-9.426418691873550415e-03,1.715387403964996338e-01,-3.307431638240814209e-01,-2.319859266281127930e-01,9.813478589057922363e-02,7.694283500313758850e-03,-2.266697734594345093e-01,9.267391636967658997e-03,-1.889846175909042358e-01,-3.479818627238273621e-02,1.813461929559707642e-01,5.085332086309790611e-04,1.153847109526395798e-02,-8.852185681462287903e-03,-1.450410578399896622e-02,-1.185768395662307739e-01,-5.377041548490524292e-02,-6.290581077337265015e-02,1.837438158690929413e-02,-9.473888576030731201e-02,3.354680836200714111e-01,-1.287009567022323608e-03,-1.821120977401733398e-01,2.748042643070220947e-01,1.469838991761207581e-02,7.921189069747924805e-02,-8.857723325490951538e-02,-1.389510650187730789e-02,-4.669745638966560364e-02,1.781839728355407715e-01,6.210325658321380615e-02,-6.615838408470153809e-02,5.407344084233045578e-03,1.847938075661659241e-02,3.743991255760192871e-01,2.708046697080135345e-02,-7.276499271392822266e-02,-3.566697239875793457e-01,2.302729636430740356e-01,-1.125565171241760254e-01,3.392952084541320801e-01,-1.264494955539703369e-01,-4.419268667697906494e-01,1.463829353451728821e-02,-9.429959952831268311e-02,2.462417781352996826e-01,1.383882313966751099e-01,-1.139455940574407578e-02,4.038130119442939758e-02,-1.890397667884826660e-01,-2.835101075470447540e-02,1.929850131273269653e-01
1.212808582931756973e-02,2.624536864459514618e-02,-1.293114870786666870e-01,4.443969205021858215e-02,6.293582171201705933e-02,5.865060258656740189e-03,-1.863831840455532074e-02,4.693264886736869812e-02,-6.904999725520610809e-03,7.018418051302433014e-03,4.019159078598022461e-02,-2.229757048189640045e-02,8.893714845180511475e-02,4.220498260110616684e-03,9.939678758382797241e-02,6.828302145004272461e-02,1.624740543775260448e-04,1.153676509857177734e-01,-9.838469326496124268e-03,-4.027319326996803284e-02,4.987152665853500366e-02,1.103197708725929260e-01,5.537103489041328430e-02,4.042530804872512817e-02,1.093293447047472000e-02,1.336853802204132080e-01,-1.233198493719100952e-01,-8.823204785585403442e-02,9.783270955085754395e-02,-2.510124631226062775e-02,1.812365837395191193e-02,-1.041503474116325378e-01,8.699860423803329468e-02,4.990905895829200745e-02,7.129535079002380371e-03,-9.782882034778594971e-02,-2.881614957004785538e-03,1.550375483930110931e-02,-4.413500800728797913e-02,-1.028382927179336548e-01,9.373194724321365356e-02,-1.286825910210609436e-02,1.327814310789108276e-01,1.141275651752948761e-02,1.326655875891447067e-02,-6.050960719585418701e-02,-9.335470944643020630e-02,-1.587891578674316406e-02,-4.031248390674591064e-02,1.842144504189491272e-02,5.423219408839941025e-03,-1.552140805870294571e-02,3.995760157704353333e-02,2.681634388864040375e-02,8.195854723453521729e-03,-9.945917874574661255e-02,-2.363597042858600616e-03,9.047778323292732239e-03,-1.083959341049194336e-01,-3.674208745360374451e-02,1.308548846282064915e-03,8.773108012974262238e-03,6.413844879716634750e-03,-3.308021230623126030e-03,-3.120186040177941322e-03,-1.786392368376255035e-02,5.995500087738037109e-02,1.328365951776504517e-01,-1.181466504931449890e-01,1.368703972548246384e-02,-7.370476424694061279e-02,-1.943567767739295959e-02,-2.011253498494625092e-02,8.746198564767837524e-02,-4.441927745938301086e-02,-1.035470813512802124e-01,-3.817388555034995079e-03,9.696212410926818848e-02,4.113255534321069717e-03,-8.470677584409713745e-02,8.289313316345214844e-02,3.347509540617465973e-03,-8.571589738130569458e-02,6.905238144099712372e-03,-9.271427989006042480e-02,-1.203537806868553162e-01,6.423877924680709839e-02,9.018610231578350067e-03,5.895969271659851074e-02,-5.503310821950435638e-03,-2.584176696836948395e-02,-2.810851298272609711e-02,-8.622192591428756714e-02,2.560892701148986816e-02,-7.447230815887451172e-02,-3.091944195330142975e-02,9.718105942010879517e-02,-6.722455145791172981e-04,-9.784930199384689331e-02,3.434496372938156128e-02,1.951497606933116913e-02,3.763255104422569275e-02,-8.395324647426605225e-02,-8.597137406468391418e-03,1.129407957196235657e-01,1.833578571677207947e-02,-4.121500253677368164e-02,-8.053696900606155396e-02,-8.855613414198160172e-04,-1.483203563839197159e-02,4.750483483076095581e-02,-9.229026734828948975e-03,-8.363715559244155884e-02,-8.201710879802703857e-03,1.293948292732238770e-01,-1.135766059160232544e-01,6.902909278869628906e-02,4.568443074822425842e-02,-9.916734695434570312e-02,1.956733874976634979e-02,8.492171019315719604e-02,1.000877916812896729e-01,8.585307002067565918e-02,-4.944859072566032410e-02,-8.981685340404510498e-02,-6.645698845386505127e-02,-3.042185679078102112e-03,6.201929599046707153e-02
-1.563985794782638550e-01,-1.293114870786666870e-01,8.042989969253540039e-01,-3.848578631877899170e-01,-3.043090701103210449e-01,-9.348975867033004761e-02,5.129986256361007690e-02,-3.310984969139099121e-01,6.196236982941627502e-02,-7.556921988725662231e-02,-2.518790662288665771e-01,1.792227029800415039e-01,-5.098131895065307617e-01,-1.827653646469116211e-01,-6.121749281883239746e-01,-4.098787009716033936e-01,-3.187862038612365723e-02,-6.757596135139465332e-01,6.491211801767349243e-02,2.888152301311492920e-01,-2.728120386600494385e-01,-7.125306129455566406e-01,-5.294500589370727539e-01,-1.030993647873401642e-03,-6.958207488059997559e-02,-7.039989829063415527e-01,7.308383584022521973e-01,4.238947629928588867e-01,-6.629247665405273438e-01,2.882622778415679932e-01,-9.126564115285873413e-02,7.029435038566589355e-01,-5.776326060295104980e-01,-4.071101546287536621e-01,-2.267046272754669189e-02,6.719910502433776855e-01,1.062974613159894943e-02,-1.053256019949913025e-01,3.786951601505279541e-01,6.843413114547729492e-01,-6.132469773292541504e-01,4.770868644118309021e-02,-7.327823042869567871e-01,-8.547814190387725830e-02,-2.259633839130401611e-01,5.851310491561889648e-01,6.280146241188049316e-01,1.298082768917083740e-01,2.172438502311706543e-01,2.111234329640865326e-02,-8.596865832805633545e-02,9.235065430402755737e-02,-2.225552201271057129e-01,-4.776627570390701294e-02,-1.180483475327491760e-01,6.706942915916442871e-01,-3.876280784606933594e-02,-6.917513161897659302e-02,6.238352656364440918e-01,2.821069359779357910e-01,8.249737322330474854e-02,-1.596449762582778931e-01,-5.367259681224822998e-02,-1.121850684285163879e-01,1.623823493719100952e-02,1.102605834603309631e-01,-3.413256406784057617e-01,-7.726876139640808105e-01,7.397515773773193359e-01,-2.101912349462509155e-02,5.791660547256469727e-01,2.857556045055389404e-01,1.387917846441268921e-01,-6.366267800331115723e-01,2.911013662815093994e-01,6.058281064033508301e-01,2.319044433534145355e-02,-7.388021349906921387e-01,1.136299669742584229e-01,6.381486058235168457e-01,-6.751063466072082520e-01,-2.709012851119041443e-02,4.904019236564636230e-01,-3.717328235507011414e-02,6.525557041168212891e-01,6.103584766387939453e-01,-4.311589896678924561e-01,-5.409419536590576172e-02,-3.437552452087402344e-01,-6.314788013696670532e-03,1.555134057998657227e-01,2.332462221384048462e-01,6.153178215026855469e-01,-1.507243514060974121e-01,5.002589225769042969e-01,2.035428583621978760e-01,-5.955946445465087891e-01,5.096087697893381119e-03,6.356118321418762207e-01,-3.739814162254333496e-01,-7.901257276535034180e-02,-3.281717598438262939e-01,6.253203153610229492e-01,5.653891339898109436e-02,-7.459440231323242188e-01,-2.806033492088317871e-01,3.910944461822509766e-01,5.327311754226684570e-01,-2.995510213077068329e-02,1.034891754388809204e-01,-4.690257310867309570e-01,2.371844351291656494e-01,5.706620812416076660e-01,-8.896852284669876099e-02,-7.491291165351867676e-01,6.791418194770812988e-01,-4.587357044219970703e-01,-3.943779766559600830e-01,7.271223664283752441e-01,-1.486506015062332153e-01,-6.375085115432739258e-01,-6.940224766731262207e-01,-6.028475165367126465e-01,2.785191237926483154e-01,6.398324370384216309e-01,5.802061557769775391e-01,-1.954649388790130615e-02,-4.864670336246490479e-01
1.531339883804321289e-01,4.443969205021858215e-02,-3.848578631877899170e-01,3.312669396400451660e-01,1.052985638380050659e-01,1.618671864271163940e-01,-3.553061559796333313e-02,2.636979222297668457e-01,-5.178475379943847656e-02,2.922614291310310364e-02,2.239312604069709778e-02,-8.832386881113052368e-02,2.233654409646987915e-01,1.541004329919815063e-01,2.653919160366058350e-01,1.389555633068084717e-01,2.191699482500553131e-02,3.499964773654937744e-01,-3.165442496538162231e-02,-5.625456571578979492e-02,-4.074931517243385315e-02,3.193449079990386963e-01,2.558616697788238525e-01,-1.620693951845169067e-01,5.213284865021705627e-02,2.573620080947875977e-01,-2.777392566204071045e-01,-1.209942623972892761e-01,2.464574426412582397e-01,-1.243795976042747498e-01,2.577178739011287689e-02,-3.920990228652954102e-01,3.762930333614349365e-01,1.159062832593917847e-01,1.562524959444999695e-02,-3.131297826766967773e-01,1.812115870416164398e-02,3.991442173719406128e-02,-1.312635540962219238e-01,-4.884088933467864990e-01,2.494456917047500610e-01,2.466235309839248657e-02,2.996102571487426758e-01,3.708928823471069336e-02,1.569935381412506104e-01,-2.481304705142974854e-01,-2.071771323680877686e-01,-1.128624230623245239e-01,-1.048654913902282715e-01,3.057425655424594879e-02,5.224975571036338806e-02,-1.637577824294567108e-02,2.092878073453903198e-01,-1.338925808668136597e-01,1.650931835174560547e-01,-3.087749779224395752e-01,-6.426495965570211411e-03,2.418460138142108917e-02,-2.245313972234725952e-01,-1.605736911296844482e-01,-1.323870420455932617e-01,1.507791727781295776e-01,3.372767940163612366e-02,5.433076247572898865e-02,-1.413206104189157486e-02,-4.891137406229972839e-02,1.293601095676422119e-01,3.909655511379241943e-01,-3.118946850299835205e-01,-7.935510575771331787e-02,-3.177731037139892578e-01,-7.734450697898864746e-02,-9.130748361349105835e-02,2.558783292770385742e-01,-1.527080386877059937e-01,-3.169064521789550781e-01,5.711208097636699677e-03,3.201542496681213379e-01,-2.608540952205657959e-01,-3.771556019783020020e-01,4.508617222309112549e-01,1.301600411534309387e-02,-1.030911728739738464e-01,2.380918897688388824e-02,-4.073470234870910645e-01,-1.225412264466285706e-01,4.649135842919349670e-02,1.712477765977382660e-02,5.865225195884704590e-02,4.342476371675729752e-03,-4.004537686705589294e-02,-1.754679083824157715e-01,-3.753452301025390625e-01,9.163434058427810669e-02,-2.635725140571594238e-01,-1.752059757709503174e-01,2.624550163745880127e-01,-2.523588715121150017e-03,-2.616967856884002686e-01,2.769387364387512207e-01,6.746221333742141724e-02,1.187210381031036377e-01,-3.106197118759155273e-01,-2.600018307566642761e-02,3.943550288677215576e-01,2.991110086441040039e-01,-3.413360416889190674e-01,-2.560162544250488281e-01,1.393583565950393677e-01,-3.408400341868400574e-02,3.981776535511016846e-01,-1.677241921424865723e-01,-2.954072058200836182e-01,5.728797242045402527e-02,3.266989886760711670e-01,-2.690890133380889893e-01,1.662285327911376953e-01,1.947147697210311890e-01,-4.400265216827392578e-01,9.924034774303436279e-02,2.371879518032073975e-01,3.213832974433898926e-01,2.671235501766204834e-01,-7.971722632646560669e-02,-2.340361028909683228e-01,-2.941474020481109619e-01,1.195830758661031723e-02,3.089711666107177734e-01
2.038839459419250488e-01,6.293582171201705933e-02,-3.043090701103210449e-01,1.052985638380050659e-01,2.635632455348968506e-01,-9.071068838238716125e-03,-3.133430331945419312e-02,2.493053674697875977e-01,-7.412930484861135483e-03,1.878623478114604950e-02,7.070112228393554688e-02,-5.288993194699287415e-02,2.371821999549865723e-01,1.889506578445434570e-01,3.330397009849548340e-01,1.942225545644760132e-01,-1.664719730615615845e-02,2.601284086704254150e-01,3.617931157350540161e-02,-8.381783217191696167e-02,4.216522723436355591e-02,2.529856860637664795e-01,1.190586462616920471e-01,1.361073702573776245e-01,4.952470306307077408e-03,2.148185819387435913e-01,-2.977901697158813477e-01,-3.198444247245788574e-01,2.145358324050903320e-01,-1.967774927616119385e-01,-6.060133222490549088e-03,-1.850245594978332520e-01,1.658486276865005493e-01,9.831430763006210327e-02,8.756726980209350586e-03,-2.423611432313919067e-01,-1.761818863451480865e-02,3.607079386711120605e-02,-2.089606970548629761e-01,-3.224701881408691406e-01,2.378307580947875977e-01,1.890284568071365356e-02,3.068486750125885010e-01,3.717248886823654175e-02,1.625121980905532837e-01,-2.225369215011596680e-01,-3.123071491718292236e-01,-6.499510258436203003e-02,-9.139258414506912231e-02,9.476026147603988647e-02,2.912713401019573212e-02,-6.290654838085174561e-02,8.600499480962753296e-02,3.813382610678672791e-02,-1.966884173452854156e-02,-2.652775049209594727e-01,1.911056600511074066e-02,2.844624593853950500e-02,-3.006787896156311035e-01,-7.820024341344833374e-02,4.842106252908706665e-02,8.889362798072397709e-04,1.931795477867126465e-02,-3.306975588202476501e-02,-3.016065619885921478e-02,-1.447659265249967575e-02,1.760408580303192139e-01,3.552468717098236084e-01,-2.612285017967224121e-01,1.014933660626411438e-01,-2.050462216138839722e-01,-1.936197578907012939e-01,1.061735601979307830e-04,1.930619925260543823e-01,-1.176936402916908264e-01,-3.236726224422454834e-01,-1.788873225450515747e-02,2.313361018896102905e-01,-6.211509928107261658e-02,-2.019512057304382324e-01,1.466802507638931274e-01,7.358974311500787735e-03,-3.337295949459075928e-01,1.594542525708675385e-02,-2.287476807832717896e-01,-3.285616636276245117e-01,2.701755464076995850e-01,1.901103928685188293e-02,1.461193710565567017e-01,-2.471344545483589172e-02,-8.919088542461395264e-02,-6.801942735910415649e-02,-1.238743886351585388e-01,-1.251644827425479889e-02,-1.170545965433120728e-01,-6.057626381516456604e-02,3.709428012371063232e-01,-1.573614659719169140e-03,-2.395136356353759766e-01,1.345495432615280151e-01,3.968376293778419495e-02,1.103408038616180420e-01,-1.532301604747772217e-01,-2.384296432137489319e-02,1.795023977756500244e-01,6.344468146562576294e-02,2.438520314171910286e-03,-1.712630838155746460e-01,-9.227319806814193726e-02,-1.915887184441089630e-02,9.320160746574401855e-02,4.379531741142272949e-02,-1.430063098669052124e-01,-2.040683925151824951e-01,3.840989172458648682e-01,-2.970607280731201172e-01,2.819757759571075439e-01,7.558975485153496265e-04,-3.138389587402343750e-01,2.757288143038749695e-02,1.350675076246261597e-01,2.668581604957580566e-01,1.978014558553695679e-01,-1.220075637102127075e-01,-1.327092945575714111e-01,-1.607705056667327881e-01,-3.069994412362575531e-02,1.737748235464096069e-01
1.587915234267711639e-02,5.865060258656740189e-03,-9.348975867033004761e-02,1.618671864271163940e-01,-9.071068838238716125e-03,2.916653454303741455e-01,-3.388037160038948059e-02,1.434244364500045776e-01,-1.135698109865188599e-01,-2.747206203639507294e-02,-1.872880943119525909e-02,-1.215538755059242249e-02,8.451854810118675232e-03,-1.429340220056474209e-03,2.702754689380526543e-03,-1.607095263898372650e-02,-5.761450622230768204e-03,6.003538146615028381e-02,-2.467161603271961212e-02,-8.892351761460304260e-03,3.683986887335777283e-02,6.026654317975044250e-02,9.553714841604232788e-02,-5.988143011927604675e-02,1.547734718769788742e-02,-6.254792958498001099e-02,-1.183087751269340515e-02,-1.344517990946769714e-02,9.499368071556091309e-02,-6.040561944246292114e-02,6.456107646226882935e-02,-4.358439520001411438e-02,8.104454725980758667e-02,4.062457010149955750e-02,1.912832667585462332e-04,-3.276168927550315857e-02,2.310905978083610535e-02,-4.413886927068233490e-03,3.786673769354820251e-02,-1.594207137823104858e-01,-7.185053080320358276e-02,-6.274750456213951111e-03,1.104043945670127869e-01,8.439960889518260956e-03,7.855853438377380371e-02,7.857257872819900513e-02,4.424873739480972290e-02,-4.738767072558403015e-02,-8.108003437519073486e-02,8.261501789093017578e-03,1.318638473749160767e-01,-7.345293462276458740e-02,1.043630912899971008e-01,-1.786831319332122803e-01,4.351437464356422424e-02,-8.090507984161376953e-02,-1.829918101429939270e-02,-5.337230977602303028e-04,1.670153066515922546e-02,-3.120320662856101990e-02,-1.453912910073995590e-02,3.023074753582477570e-02,7.137856446206569672e-03,-1.241732835769653320e-01,7.974886684678494930e-04,7.235109340399503708e-03,2.110514789819717407e-02,6.301522254943847656e-02,-1.451733987778425217e-03,-4.800385236740112305e-02,-5.778553336858749390e-02,-5.321077257394790649e-02,-6.905646994709968567e-03,-2.424224093556404114e-02,-3.217211458832025528e-03,-5.900856480002403259e-02,1.888144202530384064e-02,-1.821689680218696594e-02,-8.669155091047286987e-02,-1.047377586364746094e-01,1.154045984148979187e-01,1.883245771750807762e-03,3.827416151762008667e-02,2.771123545244336128e-04,-8.009011298418045044e-02,1.342922300100326538e-01,-6.196139752864837646e-02,5.820444202981889248e-04,-1.401805430650711060e-01,-2.378931501880288124e-03,1.487167552113533020e-02,-4.447900876402854919e-02,-8.223232626914978027e-02,3.512071445584297180e-02,-4.496143385767936707e-02,-1.553556770086288452e-01,4.594329744577407837e-02,-2.737393660936504602e-04,-6.494186073541641235e-02,3.177174925804138184e-02,6.471564993262290955e-03,-7.931324094533920288e-02,-6.469950079917907715e-03,-2.182875527068972588e-03,3.972214832901954651e-02,2.237204164266586304e-01,-1.141649335622787476e-01,-6.453815102577209473e-02,2.295937091112136841e-01,1.045650802552700043e-02,7.891827821731567383e-02,-8.519589900970458984e-02,-8.900392800569534302e-02,6.627442687749862671e-02,6.930158287286758423e-02,2.968926541507244110e-02,1.771013811230659485e-02,8.145903795957565308e-02,-4.911452531814575195e-02,2.024435251951217651e-02,1.074070576578378677e-02,2.064303262159228325e-03,1.972323097288608551e-02,5.128755420446395874e-02,-5.789036303758621216e-02,7.962957024574279785e-03,6.146438885480165482e-03,1.474949121475219727e-01
-2.691297791898250580e-02,-1.863831840455532074e-02,5.129986256361007690e-02,-3.553061559796333313e-02,-3.133430331945419312e-02,-3.388037160038948059e-02,6.396108865737915039e-02,-7.454406470060348511e-02,9.034286253154277802e-03,1.358807738870382309e-02,-1.720942556858062744e-02,9.908984415233135223e-03,-8.537305146455764771e-02,-9.845444001257419586e-03,-5.160555988550186157e-02,-3.639582917094230652e-02,4.710140638053417206e-03,-8.042823523283004761e-02,-7.754738442599773407e-03,-3.204020205885171890e-03,-1.933380216360092163e-02,-4.217587411403656006e-02,-2.972916699945926666e-02,-1.392340939491987228e-02,-1.272756420075893402e-02,-4.807275906205177307e-02,5.113807693123817444e-02,7.449533045291900635e-02,-2.213702164590358734e-02,-2.214019745588302612e-02,-6.601930130273103714e-03,5.197502300143241882e-02,-4.443909227848052979e-02,-3.150734305381774902e-02,-3.886682912707328796e-03,6.105356663465499878e-02,-5.337341222912073135e-03,-5.169095471501350403e-03,-1.851933822035789490e-02,6.655887514352798462e-02,-4.260069224983453751e-03,1.524396426975727081e-02,-8.482340723276138306e-02,-3.020622069016098976e-03,-3.641764074563980103e-02,-2.664406038820743561e-02,7.905839942395687103e-03,7.512968033552169800e-03,5.316787585616111755e-02,-1.252194866538047791e-02,-2.475512586534023285e-02,1.646216586232185364e-02,-5.666700005531311035e-02,3.289440646767616272e-02,-5.189571529626846313e-03,5.829453468322753906e-02,2.102182013913989067e-03,-4.407430998980998993e-03,3.092800639569759369e-02,1.684410497546195984e-02,-2.118797414004802704e-02,2.295456361025571823e-03,-2.554322592914104462e-03,9.959168732166290283e-02,8.972767740488052368e-03,9.947706013917922974e-03,-3.299148380756378174e-02,-6.073489412665367126e-02,6.407182663679122925e-02,2.574478089809417725e-02,2.240915410220623016e-02,-7.305286359041929245e-03,3.600196912884712219e-02,-2.029774524271488190e-02,1.900320313870906830e-02,9.285158477723598480e-03,-3.990601282566785812e-03,8.614501915872097015e-03,-1.612162799574434757e-03,6.407169252634048462e-02,-1.161219645291566849e-02,-1.444647437892854214e-03,9.652835316956043243e-03,-7.454814389348030090e-03,2.853462845087051392e-02,2.706001698970794678e-02,3.621617332100868225e-02,-5.737536121159791946e-03,2.815693384036421776e-03,9.167694486677646637e-03,-1.039492711424827576e-02,1.592262461781501770e-02,4.369280114769935608e-02,-2.265575900673866272e-02,3.643804043531417847e-02,4.640618711709976196e-02,-2.651496417820453644e-02,1.886453828774392605e-04,6.618734449148178101e-02,-4.387880209833383560e-03,-2.331071160733699799e-02,3.540105000138282776e-02,3.070559911429882050e-02,3.960330039262771606e-03,-1.745085977017879486e-02,2.330521383555606008e-04,-4.208966158330440521e-03,5.983494594693183899e-02,-9.916928410530090332e-02,1.031280495226383209e-03,-6.221921741962432861e-02,-3.548800200223922729e-02,7.872504740953445435e-02,3.634003549814224243e-02,-6.038976833224296570e-02,3.348062932491302490e-02,-3.114816918969154358e-02,-2.133260481059551239e-02,2.614396810531616211e-02,-9.996185079216957092e-03,1.825482584536075592e-02,-2.889656461775302887e-02,-3.309092298150062561e-02,1.274712500162422657e-03,4.035930708050727844e-02,-2.116512740030884743e-03,6.667951587587594986e-03,-3.438377752900123596e-02
4.721539616584777832e-01,4.693264886736869812e-02,-3.310984969139099121e-01,2.636979222297668457e-01,2.493053674697875977e-01,1.434244364500045776e-01,-7.454406470060348511e-02,5.728177428245544434e-01,-3.920952230691909790e-02,5.868589039891958237e-03,3.479279577732086182e-02,-8.918062597513198853e-02,3.158357143402099609e-01,4.975198507308959961e-01,4.153292179107666016e-01,1.948698163032531738e-01,-1.233557704836130142e-02,2.701031267642974854e-01,1.074630767107009888e-01,-2.400161139667034149e-02,-9.345706552267074585e-02,2.762007713317871094e-01,2.775772809982299805e-01,-1.285535544157028198e-01,1.268640533089637756e-02,2.835964411497116089e-02,-2.614374458789825439e-01,-3.048475086688995361e-01,2.004884779453277588e-01,-3.082051277160644531e-01,-5.534750595688819885e-02,-2.418209761381149292e-01,2.050157189369201660e-01,1.586313992738723755e-01,-1.656441204249858856e-02,-3.547762334346771240e-01,-4.106174746993929148e-04,3.533464297652244568e-02,-2.706223726272583008e-01,-5.576725006103515625e-01,1.620145887136459351e-01,7.435640692710876465e-02,2.748581469058990479e-01,4.996862262487411499e-02,4.715252220630645752e-01,-3.591490685939788818e-01,-3.133482038974761963e-01,-1.164334192872047424e-01,-1.324239522218704224e-01,2.649155817925930023e-02,1.490456610918045044e-01,-8.614388853311538696e-02,1.748232245445251465e-01,-2.273783087730407715e-01,2.635823190212249756e-02,-3.612431883811950684e-01,6.362821161746978760e-02,4.221295565366744995e-02,-2.027121335268020630e-01,-1.172866001725196838e-01,-1.291999244131147861e-03,8.569756150245666504e-02,3.454931452870368958e-02,-2.034000754356384277e-01,-5.806489661335945129e-02,8.890164084732532501e-03,1.598222702741622925e-01,3.773636519908905029e-01,-3.005251288414001465e-01,-2.679112739861011505e-02,-3.162211179733276367e-01,-4.200889170169830322e-01,-4.658974707126617432e-02,2.194015532732009888e-01,-1.240031644701957703e-01,-2.617731690406799316e-01,-4.472944419831037521e-03,2.587688565254211426e-01,-2.910556793212890625e-01,-3.821627497673034668e-01,2.317554503679275513e-01,1.214909460395574570e-02,-2.865381538867950439e-01,2.125069685280323029e-02,-2.994269430637359619e-01,-1.558385193347930908e-01,1.771459728479385376e-01,1.552847493439912796e-02,3.289157897233963013e-02,-8.806147612631320953e-03,-4.200867563486099243e-02,-1.359696537256240845e-01,-1.733762770891189575e-01,-4.501644149422645569e-02,-1.091538667678833008e-01,-1.808196902275085449e-01,4.136890769004821777e-01,-2.097281627357006073e-03,-3.253118693828582764e-01,2.956705987453460693e-01,3.904041275382041931e-02,8.995545655488967896e-02,-2.052965015172958374e-01,-2.904473431408405304e-02,1.469735652208328247e-01,2.414900064468383789e-01,-1.357291266322135925e-02,-2.194223999977111816e-01,1.375823765993118286e-01,3.515203250572085381e-03,3.852308988571166992e-01,1.012302376329898834e-02,-2.256329655647277832e-01,-2.551085352897644043e-01,4.097242057323455811e-01,-2.529284358024597168e-01,3.720905780792236328e-01,8.656970225274562836e-03,-5.047726035118103027e-01,4.318065941333770752e-02,3.223916515707969666e-02,3.340363502502441406e-01,2.111882269382476807e-01,-1.385787269100546837e-03,-1.306091248989105225e-01,-2.319746464490890503e-01,-2.553843520581722260e-02,2.962155938148498535e-01
3.928284719586372375e-02,-6.904999725520610809e-03,6.196236982941627502e-02,-5.178475379943847656e-02,-7.412930484861135483e-03,-1.135698109865188599e-01,9.034286253154277802e-03,-3.920952230691909790e-02,6.271635740995407104e-02,1.180008240044116974e-02,-2.033086493611335754e-02,6.541824899613857269e-03,-6.244247197173535824e-04,5.149770155549049377e-02,-4.382910672575235367e-03,-8.023447357118129730e-03,4.817193839699029922e-03,-3.344310447573661804e-02,2.594104036688804626e-02,3.000998310744762421e-02,-9.900208562612533569e-02,-5.310715734958648682e-02,-3.940471261739730835e-02,-1.725825667381286621e-02,-2.881860360503196716e-03,-1.862747408449649811e-02,3.653744235634803772e-02,2.217862941324710846e-02,-9.848298132419586182e-02,2.878390625119209290e-02,-4.029282554984092712e-02,8.127002045512199402e-03,-1.304304599761962891e-02,-3.771226108074188232e-02,1.417343737557530403e-04,2.024811320006847382e-02,-4.268518183380365372e-03,-4.092331975698471069e-03,7.171495817601680756e-03,3.756242617964744568e-02,1.289216242730617523e-02,2.300738915801048279e-02,-8.420362323522567749e-02,-5.644861143082380295e-03,-1.982682570815086365e-02,-3.369338437914848328e-02,2.091365866363048553e-02,8.139093406498432159e-03,3.805653005838394165e-02,1.145625114440917969e-02,-6.184223666787147522e-02,4.181446507573127747e-02,-2.200915291905403137e-02,4.486625269055366516e-02,1.274430006742477417e-02,4.720612615346908569e-02,-1.218291465193033218e-03,-3.062884788960218430e-03,1.125196553766727448e-02,9.302538819611072540e-03,-1.507594808936119080e-02,8.721055462956428528e-03,-3.179147606715559959e-04,6.231700628995895386e-02,-9.123972617089748383e-03,7.408944074995815754e-04,-1.864388585090637207e-02,-3.042600676417350769e-02,1.921642944216728210e-02,5.993346218019723892e-03,2.342187426984310150e-02,3.261274471879005432e-02,-8.745173923671245575e-03,-1.019329391419887543e-02,-4.344689659774303436e-03,3.283699601888656616e-02,-4.500285256654024124e-03,-1.433838251978158951e-02,-1.858284696936607361e-02,4.041562229394912720e-02,-4.578090459108352661e-02,-8.320567430928349495e-04,2.003458142280578613e-02,5.642540636472404003e-04,2.431592531502246857e-02,-2.883328823372721672e-03,-1.264787465333938599e-02,-3.795581171289086342e-03,4.149680212140083313e-02,-3.525940119288861752e-04,7.769283838570117950e-03,-2.558391715865582228e-04,2.277727238833904266e-02,-2.003004046855494380e-04,2.470814436674118042e-02,4.985085129737854004e-02,-2.969939634203910828e-02,1.267567567992955446e-04,3.442071378231048584e-02,7.655553519725799561e-03,6.635484285652637482e-03,2.540832385420799255e-02,4.688330926001071930e-03,2.852204721421003342e-03,-4.683434590697288513e-02,-6.797662377357482910e-02,2.378509193658828735e-02,4.303367435932159424e-02,-7.672163099050521851e-02,-4.069499846082180738e-04,3.162026777863502502e-02,2.614291943609714508e-02,3.763425350189208984e-02,-4.894503951072692871e-02,-6.726206839084625244e-02,1.574111543595790863e-02,-1.522561069577932358e-02,-5.176112800836563110e-02,8.345234673470258713e-04,-2.567916177213191986e-03,-4.852095618844032288e-02,-3.619245486333966255e-03,-1.047688443213701248e-02,-1.719945110380649567e-02,5.845712497830390930e-02,-1.326259411871433258e-02,-3.139647655189037323e-03,-5.618391558527946472e-02
1.835693791508674622e-02,7.018418051302433014e-03,-7.556921988725662231e-02,2.922614291310310364e-02,1.878623478114604950e-02,-2.747206203639507294e-02,1.358807738870382309e-02,5.868589039891958237e-03,1.180008240044116974e-02,1.703969947993755341e-02,1.703772507607936859e-02,-1.821455731987953186e-02,3.665048256516456604e-02,3.249181061983108521e-02,5.579492822289466858e-02,3.353920578956604004e-02,8.187036961317062378e-03,5.603756383061408997e-02,-5.838042125105857849e-03,-2.499198541045188904e-02,-2.955009229481220245e-03,6.354232877492904663e-02,4.796983301639556885e-02,-2.071743085980415344e-02,5.770216695964336395e-03,7.971497625112533569e-02,-6.701695919036865234e-02,-1.395716611295938492e-02,5.094910413026809692e-02,-2.771055698394775391e-02,-2.847830764949321747e-03,-8.142630755901336670e-02,6.237992644309997559e-02,2.911927178502082825e-02,1.996705541387200356e-03,-6.235575303435325623e-02,-2.677240408957004547e-03,1.032715663313865662e-02,-4.538846760988235474e-02,-6.607758253812789917e-02,7.735251635313034058e-02,5.208610557019710541e-03,4.530391097068786621e-02,7.615550886839628220e-03,1.023011840879917145e-02,-9.525794535875320435e-02,-6.598861515522003174e-02,-1.216373033821582794e-02,-4.684905434260144830e-05,-6.369036622345447540e-03,-1.616732217371463776e-02,8.087052032351493835e-03,8.729912340641021729e-03,2.170506305992603302e-02,2.325812354683876038e-02,-5.211746692657470703e-02,4.573419224470853806e-03,6.053753197193145752e-03,-5.931522697210311890e-02,-2.917860634624958038e-02,-2.782398834824562073e-02,2.777320519089698792e-02,6.020986940711736679e-03,6.420391052961349487e-02,-1.521018333733081818e-03,-1.203563902527093887e-02,2.384669706225395203e-02,7.571496814489364624e-02,-7.258758693933486938e-02,3.573379712179303169e-03,-6.022996455430984497e-02,-2.175965718924999237e-02,-1.272501330822706223e-02,7.046895474195480347e-02,-3.184751793742179871e-02,-6.193756312131881714e-02,-4.303569905459880829e-03,9.961363673210144043e-02,-2.644227817654609680e-02,-5.577787011861801147e-02,8.526854217052459717e-02,2.795408014208078384e-03,-3.945491462945938110e-02,2.976533491164445877e-03,-7.248475402593612671e-02,-6.372170895338058472e-02,4.741343855857849121e-02,3.781408071517944336e-03,5.060571804642677307e-02,4.364700056612491608e-03,-1.712327450513839722e-02,-2.739414758980274200e-02,-6.702553480863571167e-02,1.505966950207948685e-02,-4.791449010372161865e-02,1.796162105165421963e-03,5.152241513133049011e-02,-5.522150895558297634e-04,-4.615627601742744446e-02,5.104431137442588806e-02,5.820455495268106461e-03,5.641811341047286987e-02,-7.205221801996231079e-02,-4.827523604035377502e-03,9.186752140522003174e-02,2.111486531794071198e-02,-5.726356059312820435e-02,-3.813139721751213074e-02,-3.724909201264381409e-02,-1.294156350195407867e-02,6.403607875108718872e-02,-3.825097531080245972e-02,-4.079866036772727966e-02,1.783516071736812592e-02,5.986373871564865112e-02,-7.025533914566040039e-02,3.478517010807991028e-02,3.433175384998321533e-02,-9.430661797523498535e-02,1.727849990129470825e-02,7.520685344934463501e-02,7.787436246871948242e-02,6.176060065627098083e-02,-3.669210523366928101e-02,-5.503495037555694580e-02,-7.922681421041488647e-02,4.993922077119350433e-03,3.597406297922134399e-02
-4.312299937009811401e-02,4.019159078598022461e-02,-2.518790662288665771e-01,2.239312604069709778e-02,7.070112228393554688e-02,-1.872880943119525909e-02,-1.720942556858062744e-02,3.479279577732086182e-02,-2.033086493611335754e-02,1.703772507607936859e-02,1.426684409379959106e-01,-4.902599379420280457e-02,1.430520713329315186e-01,-1.724558509886264801e-02,1.649873107671737671e-01,1.337416470050811768e-01,5.822976119816303253e-03,1.692176610231399536e-01,-2.836193703114986420e-02,-1.203970462083816528e-01,2.296988666057586670e-01,2.282889932394027710e-01,1.488169431686401367e-01,6.502199172973632812e-02,9.318604134023189545e-03,2.892102301120758057e-01,-2.560101151466369629e-01,-1.194746643304824829e-01,2.664670944213867188e-01,-5.386178195476531982e-02,4.312835261225700378e-02,-1.814220100641250610e-01,8.597315847873687744e-02,1.710351854562759399e-01,3.519853635225445032e-04,-1.997100263833999634e-01,-1.493678614497184753e-02,3.550462424755096436e-02,-1.207919418811798096e-01,-1.109160929918289185e-01,1.638812571763992310e-01,-5.798539146780967712e-02,2.544919252395629883e-01,2.295196242630481720e-02,4.357472807168960571e-02,-1.896277219057083130e-01,-2.206602841615676880e-01,8.337978273630142212e-03,-6.237276270985603333e-02,-6.892299652099609375e-02,3.101940453052520752e-02,-4.546749964356422424e-02,-2.313478151336312294e-03,8.464016020298004150e-02,-4.225446656346321106e-02,-1.909885257482528687e-01,3.076495788991451263e-02,2.464191988110542297e-02,-1.724711209535598755e-01,-5.711482092738151550e-02,2.786842174828052521e-02,-1.110570039600133896e-03,6.875419057905673981e-03,-1.900197193026542664e-02,5.781524349004030228e-03,-3.356094285845756531e-02,9.603899717330932617e-02,2.026134431362152100e-01,-2.529455125331878662e-01,1.670371741056442261e-02,-1.240183711051940918e-01,-1.202242895960807800e-01,-3.119831159710884094e-02,2.115889787673950195e-01,-5.096893757581710815e-02,-1.075569167733192444e-01,-1.256455387920141220e-02,2.516552805900573730e-01,1.130023598670959473e-01,-1.505420207977294922e-01,1.402079015970230103e-01,7.298973388969898224e-03,-1.773588061332702637e-01,6.561085116118192673e-03,-1.113266423344612122e-01,-2.687563002109527588e-01,1.648074537515640259e-01,2.021994069218635559e-02,1.381564736366271973e-01,7.541669532656669617e-03,-5.054137855768203735e-02,-1.136283017694950104e-02,-1.260151118040084839e-01,2.130936086177825928e-02,-1.220383048057556152e-01,-1.619517616927623749e-02,1.438787728548049927e-01,-1.227834029123187065e-03,-1.955761015415191650e-01,2.591596916317939758e-02,-2.222233451902866364e-03,9.605395793914794922e-02,-1.702913492918014526e-01,-1.613146252930164337e-02,2.445596754550933838e-01,-2.903721109032630920e-02,-1.443545334041118622e-02,-1.537142544984817505e-01,-9.921362623572349548e-03,-3.507429361343383789e-02,4.290892928838729858e-02,-3.265011683106422424e-02,-1.518449336290359497e-01,6.936354935169219971e-02,2.476774752140045166e-01,-2.175103724002838135e-01,1.228746548295021057e-01,1.324085891246795654e-01,-1.701264381408691406e-01,2.185594476759433746e-02,2.296164929866790771e-01,1.901749521493911743e-01,1.526328772306442261e-01,-6.739740073680877686e-02,-2.478865087032318115e-01,-1.309314370155334473e-01,9.358953684568405151e-03,7.591082900762557983e-02
-5.465608462691307068e-02,-2.229757048189640045e-02,1.792227029800415039e-01,-8.832386881113052368e-02,-5.288993194699287415e-02,-1.215538755059242249e-02,9.908984415233135223e-03,-8.918062597513198853e-02,6.541824899613857269e-03,-1.821455731987953186e-02,-4.902599379420280457e-02,4.299026727676391602e-02,-1.116686165332794189e-01,-7.396122813224792480e-02,-1.374101787805557251e-01,-8.290853351354598999e-02,-1.024157833307981491e-02,-1.397825032472610474e-01,6.289595272392034531e-03,4.956505075097084045e-02,-3.888693824410438538e-02,-1.540714949369430542e-01,-1.242924556136131287e-01,4.238380491733551025e-02,-1.517939567565917969e-02,-1.513312160968780518e-01,1.548649817705154419e-01,6.608953326940536499e-02,-1.388515830039978027e-01,6.072456762194633484e-02,-5.854015238583087921e-03,1.676884144544601440e-01,-1.253613680601119995e-01,-8.835600316524505615e-02,-1.215712865814566612e-03,1.565977334976196289e-01,2.236714120954275131e-03,-2.289930917322635651e-02,8.859433233737945557e-02,1.729127615690231323e-01,-1.252487152814865112e-01,2.571814693510532379e-03,-1.431928873062133789e-01,-1.815447770059108734e-02,-7.655879110097885132e-02,1.650860160589218140e-01,1.372963488101959229e-01,2.723979763686656952e-02,3.931092470884323120e-02,2.191923558712005615e-02,-1.379747595638036728e-02,1.219300925731658936e-02,-4.750648140907287598e-02,6.229926366358995438e-03,-3.163641691207885742e-02,1.442333459854125977e-01,-1.475817989557981491e-02,-1.626594364643096924e-02,1.131273135542869568e-01,6.218630075454711914e-02,3.276899456977844238e-02,-4.730068519711494446e-02,-1.238725800067186356e-02,-2.092988044023513794e-02,5.635235458612442017e-03,2.256453223526477814e-02,-6.187109276652336121e-02,-1.690591573715209961e-01,1.678474098443984985e-01,1.663273386657238007e-02,1.318789571523666382e-01,8.115947991609573364e-02,3.672392666339874268e-02,-1.443708986043930054e-01,5.945076793432235718e-02,1.109195947647094727e-01,4.222069866955280304e-03,-1.821003705263137817e-01,4.668004438281059265e-02,1.547383815050125122e-01,-1.650382131338119507e-01,-6.267171353101730347e-03,8.669524639844894409e-02,-8.461843244731426239e-03,1.452528536319732666e-01,1.228037998080253601e-01,-7.033152133226394653e-02,-1.050539780408143997e-02,-7.147337496280670166e-02,-5.865695420652627945e-03,2.630307897925376892e-02,5.429391190409660339e-02,1.362326145172119141e-01,-2.607647515833377838e-02,1.023367643356323242e-01,4.009600728750228882e-02,-1.192337498068809509e-01,1.125582261011004448e-03,1.362399905920028687e-01,-9.721225500106811523e-02,-1.569007709622383118e-02,-7.800856232643127441e-02,1.453765332698822021e-01,1.218599546700716019e-02,-1.785015612840652466e-01,-6.418696045875549316e-02,8.908232301473617554e-02,1.108607277274131775e-01,-1.740884222090244293e-02,2.066612057387828827e-02,-1.443235129117965698e-01,5.414816737174987793e-02,1.225396916270256042e-01,-2.446139976382255554e-02,-1.620445549488067627e-01,1.442261636257171631e-01,-9.362053126096725464e-02,-8.515557646751403809e-02,1.943008303642272949e-01,-3.380963578820228577e-02,-1.324292570352554321e-01,-1.588455140590667725e-01,-1.237668693065643311e-01,4.445409774780273438e-02,1.378931403160095215e-01,1.374228298664093018e-01,-6.652213633060455322e-03,-9.982383996248245239e-02
