9.999980330467224121e-01,-9.999979138374328613e-01,-9.999886751174926758e-01,9.999983310699462891e-01,9.999988079071044922e-01,-9.999984502792358398e-01,-9.999842047691345215e-01,9.999989271163940430e-01,-9.999967813491821289e-01,9.999960064888000488e-01,-9.999855160713195801e-01,-9.999986886978149414e-01,9.999982714653015137e-01,9.999965429306030273e-01,9.999235868453979492e-01,9.999976754188537598e-01,9.999976754188537598e-01,-9.999963045120239258e-01,-9.998478889465332031e-01,-9.999989867210388184e-01,-9.999986886978149414e-01,9.999858736991882324e-01,9.999962449073791504e-01,9.999981522560119629e-01,-9.999317526817321777e-01,9.999989271163940430e-01,-9.999980926513671875e-01,-9.999986886978149414e-01,9.999888539314270020e-01,-9.999921321868896484e-01,-9.999979138374328613e-01,-9.999986886978149414e-01,9.999970793724060059e-01,9.999977946281433105e-01,-9.999971389770507812e-01,-9.999957084655761719e-01,9.999988079071044922e-01,9.999985694885253906e-01,9.999924898147583008e-01,-9.999986290931701660e-01,9.999983310699462891e-01,-9.999973773956298828e-01,9.999599456787109375e-01,9.999985098838806152e-01,9.999962449073791504e-01,9.999973177909851074e-01,9.999949932098388672e-01,9.999951720237731934e-01,9.999986886978149414e-01,-9.999983906745910645e-01,-9.999986290931701660e-01,-9.999966621398925781e-01,-9.999983310699462891e-01,-9.999853372573852539e-01,-9.999964237213134766e-01,-9.999969005584716797e-01,-9.999977946281433105e-01,-1.066926214843988419e-02,9.999971985816955566e-01,9.999966621398925781e-01,-9.999936223030090332e-01,9.999986886978149414e-01,9.999982714653015137e-01,9.999946951866149902e-01,5.006976723670959473e-01,-9.999986290931701660e-01,-9.999988675117492676e-01,-9.999901056289672852e-01,-9.999975562095642090e-01,9.999988079071044922e-01,-9.999983906745910645e-01,9.999970793724060059e-01,9.999961256980895996e-01,-9.999884366989135742e-01,9.999395608901977539e-01,-9.999975562095642090e-01,9.999831914901733398e-01,9.999975562095642090e-01,-9.999907612800598145e-01,-9.999977350234985352e-01,9.999734163284301758e-01,9.999977350234985352e-01,-9.999985098838806152e-01,-9.999573826789855957e-01,-9.999984502792358398e-01,-9.999875426292419434e-01,9.999919533729553223e-01,9.999983310699462891e-01,-9.999840855598449707e-01,9.999982714653015137e-01,-9.999982714653015137e-01,9.999981522560119629e-01,-9.999498128890991211e-01,-9.999984502792358398e-01,9.999984502792358398e-01,-9.999973177909851074e-01,9.999719858169555664e-01,9.999988079071044922e-01,-9.999986886978149414e-01,9.999946951866149902e-01,-9.999976158142089844e-01,9.999985098838806152e-01,-9.999928474426269531e-01,-9.999585747718811035e-01,9.999981522560119629e-01,9.999780654907226562e-01,9.999874830245971680e-01,-9.999968409538269043e-01,-9.999943971633911133e-01,9.999983310699462891e-01,-9.999967813491821289e-01,9.999980926513671875e-01,-9.999977946281433105e-01,-9.999941587448120117e-01,9.999989867210388184e-01,-9.999983310699462891e-01,9.999982714653015137e-01,-9.999984502792358398e-01,9.999722838401794434e-01,-9.999970793724060059e-01,-9.999985694885253906e-01,9.999953508377075195e-01,9.999983906745910645e-01,-9.999976754188537598e-01,9.999902248382568359e-01,-9.999963641166687012e-01,-9.999863505363464355e-01,-9.999979138374328613e-01
-9.999979138374328613e-01,9.999977350234985352e-01,9.999878406524658203e-01,-9.999982118606567383e-01,-9.999986290931701660e-01,9.999982118606567383e-01,9.999830126762390137e-01,-9.999988675117492676e-01,9.999966025352478027e-01,-9.999957084655761719e-01,9.999843835830688477e-01,9.999986290931701660e-01,-9.999980330467224121e-01,-9.999963045120239258e-01,-9.999178051948547363e-01,-9.999974966049194336e-01,-9.999975562095642090e-01,9.999961256980895996e-01,9.998364448547363281e-01,9.999989271163940430e-01,9.999985694885253906e-01,-9.999849200248718262e-01,-9.999960660934448242e-01,-9.999979734420776367e-01,9.999266862869262695e-01,-9.999989271163940430e-01,9.999979138374328613e-01,9.999986886978149414e-01,-9.999880194664001465e-01,9.999915957450866699e-01,9.999977350234985352e-01,9.999985694885253906e-01,-9.999969601631164551e-01,-9.999976158142089844e-01,9.999969005584716797e-01,9.999954104423522949e-01,-9.999987483024597168e-01,-9.999985694885253906e-01,-9.999918937683105469e-01,9.999985098838806152e-01,-9.999981522560119629e-01,9.999971985816955566e-01,-9.999569058418273926e-01,-9.999983906745910645e-01,-9.999960064888000488e-01,-9.999971985816955566e-01,-9.999946951866149902e-01,-9.999948740005493164e-01,-9.999985098838806152e-01,9.999982714653015137e-01,9.999984502792358398e-01,9.999965429306030273e-01,9.999982118606567383e-01,9.999842643737792969e-01,9.999961853027343750e-01,9.999966025352478027e-01,9.999976754188537598e-01,1.066813990473747253e-02,-9.999970793724060059e-01,-9.999962449073791504e-01,9.999931454658508301e-01,-9.999985694885253906e-01,-9.999980926513671875e-01,-9.999942779541015625e-01,-5.006450414657592773e-01,9.999985098838806152e-01,9.999987483024597168e-01,9.999894499778747559e-01,9.999973773956298828e-01,-9.999986886978149414e-01,9.999983310699462891e-01,-9.999968409538269043e-01,-9.999958872795104980e-01,9.999875426292419434e-01,-9.999349713325500488e-01,9.999973773956298828e-01,-9.999819993972778320e-01,-9.999974370002746582e-01,9.999901652336120605e-01,9.999976158142089844e-01,-9.999713897705078125e-01,-9.999975562095642090e-01,9.999985098838806152e-01,9.999542832374572754e-01,9.999982118606567383e-01,9.999865889549255371e-01,-9.999913573265075684e-01,-9.999982118606567383e-01,9.999828934669494629e-01,-9.999981522560119629e-01,9.999982118606567383e-01,-9.999980330467224121e-01,9.999459385871887207e-01,9.999982118606567383e-01,-9.999983310699462891e-01,9.999971985816955566e-01,-9.999700188636779785e-01,-9.999986886978149414e-01,9.999985694885253906e-01,-9.999943375587463379e-01,9.999975562095642090e-01,-9.999982714653015137e-01,9.999923110008239746e-01,9.999555349349975586e-01,-9.999979734420776367e-01,-9.999763965606689453e-01,-9.999865293502807617e-01,9.999966025352478027e-01,9.999939799308776855e-01,-9.999982118606567383e-01,9.999965429306030273e-01,-9.999980330467224121e-01,9.999976158142089844e-01,9.999936819076538086e-01,-9.999989867210388184e-01,9.999980926513671875e-01,-9.999981522560119629e-01,9.999983310699462891e-01,-9.999700784683227539e-01,9.999969601631164551e-01,9.999985098838806152e-01,-9.999949932098388672e-01,-9.999982714653015137e-01,9.999975562095642090e-01,-9.999894499778747559e-01,9.999961256980895996e-01,9.999853968620300293e-01,9.999977350234985352e-01
-9.999886751174926758e-01,9.999878406524658203e-01,9.999344348907470703e-01,-9.999905824661254883e-01,-9.999928474426269531e-01,9.999906420707702637e-01,9.999085068702697754e-01,-9.999936223030090332e-01,9.999816417694091797e-01,-9.999765157699584961e-01,9.999161958694458008e-01,9.999926090240478516e-01,-9.999902248382568359e-01,-9.999803900718688965e-01,-9.995591044425964355e-01,-9.999868869781494141e-01,-9.999867081642150879e-01,9.999795556068420410e-01,9.991227388381958008e-01,9.999940395355224609e-01,9.999924898147583008e-01,-9.999185204505920410e-01,-9.999785423278808594e-01,-9.999892711639404297e-01,9.996062517166137695e-01,-9.999939799308776855e-01,9.999890327453613281e-01,9.999929666519165039e-01,-9.999356269836425781e-01,9.999545216560363770e-01,9.999879598617553711e-01,9.999920725822448730e-01,-9.999834895133972168e-01,-9.999873042106628418e-01,9.999837875366210938e-01,9.999752044677734375e-01,-9.999931454658508301e-01,-9.999920129776000977e-01,-9.999564290046691895e-01,9.999922513961791992e-01,-9.999904036521911621e-01,9.999848008155822754e-01,-9.997689723968505859e-01,-9.999914765357971191e-01,-9.999782443046569824e-01,-9.999846220016479492e-01,-9.999711513519287109e-01,-9.999721646308898926e-01,-9.999921321868896484e-01,9.999909996986389160e-01,9.999917745590209961e-01,9.999809861183166504e-01,9.999905824661254883e-01,9.999153614044189453e-01,9.999796748161315918e-01,9.999819993972778320e-01,9.999873042106628418e-01,1.059845834970474243e-02,-9.999840259552001953e-01,-9.999802708625793457e-01,9.999629855155944824e-01,-9.999924898147583008e-01,-9.999900460243225098e-01,-9.999693632125854492e-01,-4.973749816417694092e-01,9.999920129776000977e-01,9.999930262565612793e-01,9.999430179595947266e-01,9.999863505363464355e-01,-9.999932050704956055e-01,9.999907612800598145e-01,-9.999828338623046875e-01,-9.999780058860778809e-01,9.999325275421142578e-01,-9.996511936187744141e-01,9.999861121177673340e-01,-9.999027252197265625e-01,-9.999860525131225586e-01,9.999470710754394531e-01,9.999870061874389648e-01,-9.998462200164794922e-01,-9.999867677688598633e-01,9.999920129776000977e-01,9.997543692588806152e-01,9.999904632568359375e-01,9.999279379844665527e-01,-9.999530315399169922e-01,-9.999904036521911621e-01,9.999081492424011230e-01,-9.999902248382568359e-01,9.999900460243225098e-01,-9.999895095825195312e-01,9.997101426124572754e-01,9.999905228614807129e-01,-9.999910593032836914e-01,9.999845027923583984e-01,-9.998382925987243652e-01,-9.999929666519165039e-01,9.999920725822448730e-01,-9.999691843986511230e-01,9.999869465827941895e-01,-9.999909400939941406e-01,9.999588131904602051e-01,9.997611641883850098e-01,-9.999893903732299805e-01,-9.998731613159179688e-01,-9.999275803565979004e-01,9.999819397926330566e-01,9.999672770500183105e-01,-9.999903440475463867e-01,9.999812841415405273e-01,-9.999891519546508789e-01,9.999871850013732910e-01,9.999660253524780273e-01,-9.999939203262329102e-01,9.999897480010986328e-01,-9.999901652336120605e-01,9.999912977218627930e-01,-9.998393058776855469e-01,9.999833106994628906e-01,9.999921917915344238e-01,-9.999727010726928711e-01,-9.999903440475463867e-01,9.999867677688598633e-01,-9.999434351921081543e-01,9.999793767929077148e-01,9.999210238456726074e-01,9.999877214431762695e-01
9.999983310699462891e-01,-9.999982118606567383e-01,-9.999905824661254883e-01,9.999986290931701660e-01,9.999990463256835938e-01,-9.999986290931701660e-01,-9.999869465827941895e-01,9.999991059303283691e-01,-9.999973177909851074e-01,9.999966025352478027e-01,-9.999879598617553711e-01,-9.999989867210388184e-01,9.999985098838806152e-01,9.999971389770507812e-01,9.999368786811828613e-01,9.999980926513671875e-01,9.999980926513671875e-01,-9.999970197677612305e-01,-9.998744130134582520e-01,-9.999991655349731445e-01,-9.999989271163940430e-01,9.999883770942687988e-01,9.999967813491821289e-01,9.999984502792358398e-01,-9.999436736106872559e-01,9.999991655349731445e-01,-9.999983906745910645e-01,-9.999989271163940430e-01,9.999908208847045898e-01,-9.999935030937194824e-01,-9.999981522560119629e-01,-9.999988675117492676e-01,9.999975562095642090e-01,9.999981522560119629e-01,-9.999975562095642090e-01,-9.999964237213134766e-01,9.999991059303283691e-01,9.999989271163940430e-01,9.999938011169433594e-01,-9.999988675117492676e-01,9.999986290931701660e-01,-9.999977946281433105e-01,9.999669194221496582e-01,9.999987483024597168e-01,9.999968409538269043e-01,9.999978542327880859e-01,9.999958872795104980e-01,9.999958276748657227e-01,9.999988675117492676e-01,-9.999986886978149414e-01,-9.999988079071044922e-01,-9.999972581863403320e-01,-9.999985694885253906e-01,-9.999879002571105957e-01,-9.999969601631164551e-01,-9.999973773956298828e-01,-9.999981522560119629e-01,-1.067187450826168060e-02,9.999976754188537598e-01,9.999970793724060059e-01,-9.999947547912597656e-01,9.999989271163940430e-01,9.999985694885253906e-01,9.999955296516418457e-01,5.008203387260437012e-01,-9.999988675117492676e-01,-9.999990463256835938e-01,-9.999918341636657715e-01,-9.999979138374328613e-01,9.999990463256835938e-01,-9.999986886978149414e-01,9.999974966049194336e-01,9.999967813491821289e-01,-9.999903440475463867e-01,9.999499917030334473e-01,-9.999979734420776367e-01,9.999859929084777832e-01,9.999979734420776367e-01,-9.999924302101135254e-01,-9.999980330467224121e-01,9.999780654907226562e-01,9.999980926513671875e-01,-9.999988079071044922e-01,-9.999648332595825195e-01,-9.999986290931701660e-01,-9.999896883964538574e-01,9.999933242797851562e-01,9.999986290931701660e-01,-9.999868869781494141e-01,9.999985694885253906e-01,-9.999985694885253906e-01,9.999983906745910645e-01,-9.999585151672363281e-01,-9.999986290931701660e-01,9.999986886978149414e-01,-9.999977946281433105e-01,9.999769330024719238e-01,9.999989271163940430e-01,-9.999988675117492676e-01,9.999955892562866211e-01,-9.999980926513671875e-01,9.999986886978149414e-01,-9.999940991401672363e-01,-9.999657869338989258e-01,9.999983906745910645e-01,9.999818205833435059e-01,9.999895691871643066e-01,-9.999973177909851074e-01,-9.999954104423522949e-01,9.999986290931701660e-01,-9.999972581863403320e-01,9.999985098838806152e-01,-9.999981522560119629e-01,-9.999951720237731934e-01,9.999991655349731445e-01,-9.999985098838806152e-01,9.999985694885253906e-01,-9.999987483024597168e-01,9.999770522117614746e-01,-9.999975562095642090e-01,-9.999988079071044922e-01,9.999960064888000488e-01,9.999986886978149414e-01,-9.999980926513671875e-01,9.999918937683105469e-01,-9.999970197677612305e-01,-9.999887347221374512e-01,-9.999983310699462891e-01
9.999988079071044922e-01,-9.999986290931701660e-01,-9.999928474426269531e-01,9.999990463256835938e-01,9.999992847442626953e-01,-9.999990463256835938e-01,-9.999901056289672852e-01,9.999993443489074707e-01,-9.999980330467224121e-01,9.999973773956298828e-01,-9.999908804893493652e-01,-9.999992251396179199e-01,9.999988675117492676e-01,9.999978542327880859e-01,9.999518990516662598e-01,9.999985694885253906e-01,9.999985098838806152e-01,-9.999977350234985352e-01,-9.999042153358459473e-01,-9.999994635581970215e-01,-9.999992251396179199e-01,9.999911785125732422e-01,9.999976158142089844e-01,9.999988675117492676e-01,-9.999570846557617188e-01,9.999994635581970215e-01,-9.999988675117492676e-01,-9.999992847442626953e-01,9.999930858612060547e-01,-9.999951124191284180e-01,-9.999986886978149414e-01,-9.999992847442626953e-01,9.999981522560119629e-01,9.999985694885253906e-01,-9.999982118606567383e-01,-9.999972581863403320e-01,9.999992847442626953e-01,9.999992847442626953e-01,9.999952316284179688e-01,-9.999991655349731445e-01,9.999989271163940430e-01,-9.999983906745910645e-01,9.999747872352600098e-01,9.999992251396179199e-01,9.999976754188537598e-01,9.999983906745910645e-01,9.999967813491821289e-01,9.999970197677612305e-01,9.999992847442626953e-01,-9.999990463256835938e-01,-9.999992251396179199e-01,-9.999979734420776367e-01,-9.999989867210388184e-01,-9.999908208847045898e-01,-9.999977350234985352e-01,-9.999980926513671875e-01,-9.999986886978149414e-01,-1.067479513585567474e-02,9.999982118606567383e-01,9.999978542327880859e-01,-9.999959468841552734e-01,9.999993443489074707e-01,9.999989271163940430e-01,9.999967217445373535e-01,5.009573698043823242e-01,-9.999991655349731445e-01,-9.999992847442626953e-01,-9.999939203262329102e-01,-9.999985098838806152e-01,9.999992847442626953e-01,-9.999990463256835938e-01,9.999980926513671875e-01,9.999975562095642090e-01,-9.999926686286926270e-01,9.999618530273437500e-01,-9.999985694885253906e-01,9.999895095825195312e-01,9.999984502792358398e-01,-9.999942183494567871e-01,-9.999985694885253906e-01,9.999831914901733398e-01,9.999986290931701660e-01,-9.999991059303283691e-01,-9.999732971191406250e-01,-9.999989271163940430e-01,-9.999921321868896484e-01,9.999949336051940918e-01,9.999989867210388184e-01,-9.999900460243225098e-01,9.999989867210388184e-01,-9.999989867210388184e-01,9.999988675117492676e-01,-9.999684095382690430e-01,-9.999989867210388184e-01,9.999991655349731445e-01,-9.999982714653015137e-01,9.999824166297912598e-01,9.999992847442626953e-01,-9.999992847442626953e-01,9.999966621398925781e-01,-9.999985694885253906e-01,9.999991655349731445e-01,-9.999955892562866211e-01,-9.999739527702331543e-01,9.999988675117492676e-01,9.999860525131225586e-01,9.999920129776000977e-01,-9.999979734420776367e-01,-9.999964833259582520e-01,9.999989271163940430e-01,-9.999979734420776367e-01,9.999988675117492676e-01,-9.999985694885253906e-01,-9.999962449073791504e-01,9.999994635581970215e-01,-9.999989867210388184e-01,9.999989867210388184e-01,-9.999991059303283691e-01,9.999825358390808105e-01,-9.999981522560119629e-01,-9.999991655349731445e-01,9.999970793724060059e-01,9.999990463256835938e-01,-9.999986290931701660e-01,9.999939203262329102e-01,-9.999977350234985352e-01,-9.999914765357971191e-01,-9.999986886978149414e-01
-9.999984502792358398e-01,9.999982118606567383e-01,9.999906420707702637e-01,-9.999986290931701660e-01,-9.999990463256835938e-01,9.999986290931701660e-01,9.999869465827941895e-01,-9.999991059303283691e-01,9.999973177909851074e-01,-9.999966025352478027e-01,9.999880790710449219e-01,9.999989271163940430e-01,-9.999985694885253906e-01,-9.999971389770507812e-01,-9.999371170997619629e-01,-9.999980926513671875e-01,-9.999980926513671875e-01,9.999970793724060059e-01,9.998746514320373535e-01,9.999992847442626953e-01,9.999989271163940430e-01,-9.999883770942687988e-01,-9.999969005584716797e-01,-9.999984502792358398e-01,9.999438524246215820e-01,-9.999991655349731445e-01,9.999985098838806152e-01,9.999990463256835938e-01,-9.999908804893493652e-01,9.999935030937194824e-01,9.999982714653015137e-01,9.999989271163940430e-01,-9.999976754188537598e-01,-9.999981522560119629e-01,9.999976754188537598e-01,9.999964237213134766e-01,-9.999989867210388184e-01,-9.999989271163940430e-01,-9.999938011169433594e-01,9.999988675117492676e-01,-9.999986290931701660e-01,9.999977946281433105e-01,-9.999669194221496582e-01,-9.999988079071044922e-01,-9.999969005584716797e-01,-9.999978542327880859e-01,-9.999958872795104980e-01,-9.999960660934448242e-01,-9.999989271163940430e-01,9.999986886978149414e-01,9.999988079071044922e-01,9.999972581863403320e-01,9.999987483024597168e-01,9.999880194664001465e-01,9.999970793724060059e-01,9.999973773956298828e-01,9.999981522560119629e-01,1.067189592868089676e-02,-9.999977350234985352e-01,-9.999971389770507812e-01,9.999947547912597656e-01,-9.999989867210388184e-01,-9.999985694885253906e-01,-9.999956488609313965e-01,-5.008213520050048828e-01,9.999988079071044922e-01,9.999990463256835938e-01,9.999918937683105469e-01,9.999980330467224121e-01,-9.999990463256835938e-01,9.999987483024597168e-01,-9.999975562095642090e-01,-9.999968409538269043e-01,9.999904036521911621e-01,-9.999501705169677734e-01,9.999979734420776367e-01,-9.999861121177673340e-01,-9.999980926513671875e-01,9.999924302101135254e-01,9.999980926513671875e-01,-9.999780058860778809e-01,-9.999982118606567383e-01,9.999988079071044922e-01,9.999649524688720703e-01,9.999986290931701660e-01,9.999897480010986328e-01,-9.999933838844299316e-01,-9.999986886978149414e-01,9.999868869781494141e-01,-9.999985694885253906e-01,9.999985694885253906e-01,-9.999985098838806152e-01,9.999586939811706543e-01,9.999986290931701660e-01,-9.999986886978149414e-01,9.999978542327880859e-01,-9.999770522117614746e-01,-9.999990463256835938e-01,9.999988675117492676e-01,-9.999956488609313965e-01,9.999980926513671875e-01,-9.999986886978149414e-01,9.999942183494567871e-01,9.999659061431884766e-01,-9.999984502792358398e-01,-9.999819397926330566e-01,-9.999896287918090820e-01,9.999973773956298828e-01,9.999954104423522949e-01,-9.999986290931701660e-01,9.999972581863403320e-01,-9.999984502792358398e-01,9.999981522560119629e-01,9.999951720237731934e-01,-9.999992847442626953e-01,9.999986290931701660e-01,-9.999985694885253906e-01,9.999988079071044922e-01,-9.999771714210510254e-01,9.999975562095642090e-01,9.999988079071044922e-01,-9.999960660934448242e-01,-9.999986886978149414e-01,9.999980926513671875e-01,-9.999920129776000977e-01,9.999971389770507812e-01,9.999888539314270020e-01,9.999983310699462891e-01
-9.999842047691345215e-01,9.999830126762390137e-01,9.999085068702697754e-01,-9.999869465827941895e-01,-9.999901056289672852e-01,9.999869465827941895e-01,9.998722672462463379e-01,-9.999910593032836914e-01,9.999743700027465820e-01,-9.999671578407287598e-01,9.998829960823059082e-01,9.999897480010986328e-01,-9.999862909317016602e-01,-9.999726414680480957e-01,-9.993845224380493164e-01,-9.999816417694091797e-01,-9.999814629554748535e-01,9.999715089797973633e-01,9.987759590148925781e-01,9.999916553497314453e-01,9.999896287918090820e-01,-9.998861551284790039e-01,-9.999700188636779785e-01,-9.999851584434509277e-01,9.994505047798156738e-01,-9.999916553497314453e-01,9.999846816062927246e-01,9.999903440475463867e-01,-9.999101161956787109e-01,9.999366402626037598e-01,9.999831914901733398e-01,9.999889731407165527e-01,-9.999770522117614746e-01,-9.999822378158569336e-01,9.999772310256958008e-01,9.999652504920959473e-01,-9.999905824661254883e-01,-9.999887943267822266e-01,-9.999392032623291016e-01,9.999892115592956543e-01,-9.999864697456359863e-01,9.999787211418151855e-01,-9.996774792671203613e-01,-9.999880790710449219e-01,-9.999696612358093262e-01,-9.999784827232360840e-01,-9.999597072601318359e-01,-9.999610781669616699e-01,-9.999890923500061035e-01,9.999874234199523926e-01,9.999884366989135742e-01,9.999734759330749512e-01,9.999868869781494141e-01,9.998818635940551758e-01,9.999716281890869141e-01,9.999748468399047852e-01,9.999823570251464844e-01,1.056488417088985443e-02,-9.999777078628540039e-01,-9.999724626541137695e-01,9.999484419822692871e-01,-9.999895691871643066e-01,-9.999861121177673340e-01,-9.999570846557617188e-01,-4.957993328571319580e-01,9.999889731407165527e-01,9.999902844429016113e-01,9.999205470085144043e-01,9.999809861183166504e-01,-9.999904632568359375e-01,9.999871253967285156e-01,-9.999760389328002930e-01,-9.999693036079406738e-01,9.999058246612548828e-01,-9.995132088661193848e-01,9.999806284904479980e-01,-9.998643398284912109e-01,-9.999805092811584473e-01,9.999260902404785156e-01,9.999818801879882812e-01,-9.997853636741638184e-01,-9.999815821647644043e-01,9.999889731407165527e-01,9.996570944786071777e-01,9.999867081642150879e-01,9.998994469642639160e-01,-9.999344348907470703e-01,-9.999865889549255371e-01,9.998717904090881348e-01,-9.999863505363464355e-01,9.999861121177673340e-01,-9.999853372573852539e-01,9.995954036712646484e-01,9.999867081642150879e-01,-9.999876022338867188e-01,9.999785423278808594e-01,-9.997743368148803711e-01,-9.999901652336120605e-01,9.999889135360717773e-01,-9.999568462371826172e-01,9.999817013740539551e-01,-9.999873638153076172e-01,9.999424219131469727e-01,9.996664524078369141e-01,-9.999850988388061523e-01,-9.998229146003723145e-01,-9.998988509178161621e-01,9.999747276306152344e-01,9.999543428421020508e-01,-9.999866485595703125e-01,9.999738335609436035e-01,-9.999848008155822754e-01,9.999820590019226074e-01,9.999526143074035645e-01,-9.999915957450866699e-01,9.999857544898986816e-01,-9.999864101409912109e-01,9.999879002571105957e-01,-9.997757077217102051e-01,9.999766945838928223e-01,9.999889731407165527e-01,-9.999618530273437500e-01,-9.999865293502807617e-01,9.999816417694091797e-01,-9.999210238456726074e-01,9.999713301658630371e-01,9.998897910118103027e-01,9.999828934669494629e-01
9.999989271163940430e-01,-9.999988675117492676e-01,-9.999936223030090332e-01,9.999991059303283691e-01,9.999993443489074707e-01,-9.999991059303283691e-01,-9.999910593032836914e-01,9.999994635581970215e-01,-9.999982714653015137e-01,9.999977350234985352e-01,-9.999918341636657715e-01,-9.999992847442626953e-01,9.999991059303283691e-01,9.999980330467224121e-01,9.999569058418273926e-01,9.999986886978149414e-01,9.999986886978149414e-01,-9.999979734420776367e-01,-9.999141097068786621e-01,-9.999995231628417969e-01,-9.999992847442626953e-01,9.999920129776000977e-01,9.999978542327880859e-01,9.999989271163940430e-01,-9.999615550041198730e-01,9.999995231628417969e-01,-9.999989867210388184e-01,-9.999993443489074707e-01,9.999937415122985840e-01,-9.999955892562866211e-01,-9.999987483024597168e-01,-9.999993443489074707e-01,9.999983906745910645e-01,9.999987483024597168e-01,-9.999983906745910645e-01,-9.999975562095642090e-01,9.999993443489074707e-01,9.999993443489074707e-01,9.999957680702209473e-01,-9.999993443489074707e-01,9.999991059303283691e-01,-9.999985694885253906e-01,9.999774098396301270e-01,9.999992847442626953e-01,9.999979138374328613e-01,9.999985694885253906e-01,9.999971389770507812e-01,9.999972581863403320e-01,9.999993443489074707e-01,-9.999992847442626953e-01,-9.999992251396179199e-01,-9.999980926513671875e-01,-9.999991059303283691e-01,-9.999917745590209961e-01,-9.999979734420776367e-01,-9.999982118606567383e-01,-9.999988079071044922e-01,-1.067577768117189407e-02,9.999983906745910645e-01,9.999980330467224121e-01,-9.999964237213134766e-01,9.999992847442626953e-01,9.999990463256835938e-01,9.999969601631164551e-01,5.010035037994384766e-01,-9.999992847442626953e-01,-9.999993443489074707e-01,-9.999944567680358887e-01,-9.999986290931701660e-01,9.999993443489074707e-01,-9.999991655349731445e-01,9.999982714653015137e-01,9.999977946281433105e-01,-9.999935030937194824e-01,9.999657869338989258e-01,-9.999986886978149414e-01,9.999905824661254883e-01,9.999986886978149414e-01,-9.999948143959045410e-01,-9.999986886978149414e-01,9.999849796295166016e-01,9.999987483024597168e-01,-9.999992847442626953e-01,-9.999760389328002930e-01,-9.999991059303283691e-01,-9.999929666519165039e-01,9.999954104423522949e-01,9.999992251396179199e-01,-9.999910593032836914e-01,9.999991059303283691e-01,-9.999990463256835938e-01,9.999989867210388184e-01,-9.999718070030212402e-01,-9.999992251396179199e-01,9.999991655349731445e-01,-9.999984502792358398e-01,9.999843239784240723e-01,9.999993443489074707e-01,-9.999992847442626953e-01,9.999970197677612305e-01,-9.999986886978149414e-01,9.999991655349731445e-01,-9.999960064888000488e-01,-9.999767541885375977e-01,9.999989271163940430e-01,9.999876022338867188e-01,9.999929070472717285e-01,-9.999982118606567383e-01,-9.999968409538269043e-01,9.999992251396179199e-01,-9.999981522560119629e-01,9.999989867210388184e-01,-9.999988079071044922e-01,-9.999966621398925781e-01,9.999995231628417969e-01,-9.999990463256835938e-01,9.999991059303283691e-01,-9.999992847442626953e-01,9.999843239784240723e-01,-9.999983310699462891e-01,-9.999992847442626953e-01,9.999973773956298828e-01,9.999992251396179199e-01,-9.999986886978149414e-01,9.999945759773254395e-01,-9.999980330467224121e-01,-9.999923110008239746e-01,-9.999988079071044922e-01
-9.999967813491821289e-01,9.999966025352478027e-01,9.999816417694091797e-01,-9.999973177909851074e-01,-9.999980330467224121e-01,9.999973177909851074e-01,9.999743700027465820e-01,-9.999982714653015137e-01,9.999949336051940918e-01,-9.999933838844299316e-01,9.999765753746032715e-01,9.999979734420776367e-01,-9.999971985816955566e-01,-9.999945759773254395e-01,-9.998760819435119629e-01,-9.999962449073791504e-01,-9.999963045120239258e-01,9.999942779541015625e-01,9.997533559799194336e-01,9.999983906745910645e-01,9.999979138374328613e-01,-9.999772310256958008e-01,-9.999939799308776855e-01,-9.999969601631164551e-01,9.998893141746520996e-01,-9.999982714653015137e-01,9.999969005584716797e-01,9.999980330467224121e-01,-9.999819397926330566e-01,9.999873638153076172e-01,9.999964833259582520e-01,9.999977946281433105e-01,-9.999953508377075195e-01,-9.999964833259582520e-01,9.999954104423522949e-01,9.999930262565612793e-01,-9.999980926513671875e-01,-9.999977946281433105e-01,-9.999877810478210449e-01,9.999978542327880859e-01,-9.999972581863403320e-01,9.999957680702209473e-01,-9.999350309371948242e-01,-9.999976158142089844e-01,-9.999939799308776855e-01,-9.999957084655761719e-01,-9.999919533729553223e-01,-9.999921917915344238e-01,-9.999977946281433105e-01,9.999974966049194336e-01,9.999977350234985352e-01,9.999947547912597656e-01,9.999973177909851074e-01,9.999763369560241699e-01,9.999943375587463379e-01,9.999949336051940918e-01,9.999964833259582520e-01,1.065998058766126633e-02,-9.999955892562866211e-01,-9.999945163726806641e-01,9.999896287918090820e-01,-9.999979138374328613e-01,-9.999972581863403320e-01,-9.999914169311523438e-01,-5.002621412277221680e-01,9.999976754188537598e-01,9.999981522560119629e-01,9.999840259552001953e-01,9.999962449073791504e-01,-9.999981522560119629e-01,9.999974370002746582e-01,-9.999952316284179688e-01,-9.999938011169433594e-01,9.999810457229614258e-01,-9.999018311500549316e-01,9.999961256980895996e-01,-9.999727010726928711e-01,-9.999960064888000488e-01,9.999851584434509277e-01,9.999963045120239258e-01,-9.999567866325378418e-01,-9.999962449073791504e-01,9.999976754188537598e-01,9.999309778213500977e-01,9.999973773956298828e-01,9.999797940254211426e-01,-9.999868273735046387e-01,-9.999972581863403320e-01,9.999743103981018066e-01,-9.999973177909851074e-01,9.999971389770507812e-01,-9.999970197677612305e-01,9.999185800552368164e-01,9.999973773956298828e-01,-9.999974966049194336e-01,9.999957084655761719e-01,-9.999546408653259277e-01,-9.999979734420776367e-01,9.999977946281433105e-01,-9.999913573265075684e-01,9.999962449073791504e-01,-9.999974966049194336e-01,9.999885559082031250e-01,9.999328851699829102e-01,-9.999969601631164551e-01,-9.999642968177795410e-01,-9.999796748161315918e-01,9.999949336051940918e-01,9.999908208847045898e-01,-9.999972581863403320e-01,9.999948143959045410e-01,-9.999970197677612305e-01,9.999963641166687012e-01,9.999904632568359375e-01,-9.999983906745910645e-01,9.999971985816955566e-01,-9.999972581863403320e-01,9.999974966049194336e-01,-9.999548792839050293e-01,9.999952912330627441e-01,9.999977946281433105e-01,-9.999924302101135254e-01,-9.999973177909851074e-01,9.999962449073791504e-01,-9.999841451644897461e-01,9.999942183494567871e-01,9.999778270721435547e-01,9.999966025352478027e-01
9.999960064888000488e-01,-9.999957084655761719e-01,-9.999765157699584961e-01,9.999966025352478027e-01,9.999973773956298828e-01,-9.999966025352478027e-01,-9.999671578407287598e-01,9.999977350234985352e-01,-9.999933838844299316e-01,9.999915361404418945e-01,-9.999698996543884277e-01,-9.999973177909851074e-01,9.999964237213134766e-01,9.999929666519165039e-01,9.998414516448974609e-01,9.999952316284179688e-01,9.999952912330627441e-01,-9.999926686286926270e-01,-9.996845126152038574e-01,-9.999977946281433105e-01,-9.999973177909851074e-01,9.999708533287048340e-01,9.999922513961791992e-01,9.999961256980895996e-01,-9.998585581779479980e-01,9.999977946281433105e-01,-9.999960064888000488e-01,-9.999973773956298828e-01,9.999769926071166992e-01,-9.999837279319763184e-01,-9.999955892562866211e-01,-9.999971985816955566e-01,9.999940991401672363e-01,9.999953508377075195e-01,-9.999941587448120117e-01,-9.999911189079284668e-01,9.999974966049194336e-01,9.999970793724060059e-01,9.999843835830688477e-01,-9.999971985816955566e-01,9.999964833259582520e-01,-9.999946355819702148e-01,9.999169111251831055e-01,9.999969601631164551e-01,9.999922513961791992e-01,9.999945759773254395e-01,9.999896287918090820e-01,9.999900460243225098e-01,9.999971985816955566e-01,-9.999968409538269043e-01,-9.999970197677612305e-01,-9.999931454658508301e-01,-9.999966025352478027e-01,-9.999696016311645508e-01,-9.999926090240478516e-01,-9.999935030937194824e-01,-9.999954700469970703e-01,-1.065323781222105026e-02,9.999943375587463379e-01,9.999929070472717285e-01,-9.999867677688598633e-01,9.999973773956298828e-01,9.999963641166687012e-01,9.999889731407165527e-01,4.999457299709320068e-01,-9.999971389770507812e-01,-9.999975562095642090e-01,-9.999796152114868164e-01,-9.999950528144836426e-01,9.999974966049194336e-01,-9.999966621398925781e-01,9.999938011169433594e-01,9.999919533729553223e-01,-9.999758005142211914e-01,9.998744726181030273e-01,-9.999950528144836426e-01,9.999650120735168457e-01,9.999949932098388672e-01,-9.999809265136718750e-01,-9.999952912330627441e-01,9.999446272850036621e-01,9.999952316284179688e-01,-9.999970197677612305e-01,-9.999117255210876465e-01,-9.999965429306030273e-01,-9.999741315841674805e-01,9.999831318855285645e-01,9.999966025352478027e-01,-9.999670386314392090e-01,9.999964237213134766e-01,-9.999963641166687012e-01,9.999961853027343750e-01,-9.998957514762878418e-01,-9.999965429306030273e-01,9.999967813491821289e-01,-9.999944567680358887e-01,9.999418258666992188e-01,9.999974370002746582e-01,-9.999971985816955566e-01,9.999889135360717773e-01,-9.999952316284179688e-01,9.999967813491821289e-01,-9.999852180480957031e-01,-9.999140501022338867e-01,9.999961256980895996e-01,9.999544024467468262e-01,9.999740123748779297e-01,-9.999935030937194824e-01,-9.999882578849792480e-01,9.999964833259582520e-01,-9.999932646751403809e-01,9.999961256980895996e-01,-9.999954104423522949e-01,-9.999878406524658203e-01,9.999978542327880859e-01,-9.999962449073791504e-01,9.999964237213134766e-01,-9.999968409538269043e-01,9.999421834945678711e-01,-9.999939799308776855e-01,-9.999970793724060059e-01,9.999901652336120605e-01,9.999966025352478027e-01,-9.999952912330627441e-01,9.999797940254211426e-01,-9.999926090240478516e-01,-9.999716877937316895e-01,-9.999955892562866211e-01
-9.999855160713195801e-01,9.999843835830688477e-01,9.999161958694458008e-01,-9.999879598617553711e-01,-9.999908804893493652e-01,9.999880790710449219e-01,9.998829960823059082e-01,-9.999918341636657715e-01,9.999765753746032715e-01,-9.999698996543884277e-01,9.998927116394042969e-01,9.999905228614807129e-01,-9.999874830245971680e-01,-9.999749064445495605e-01,-9.994356632232666016e-01,-9.999832510948181152e-01,-9.999830126762390137e-01,9.999739527702331543e-01,9.988775253295898438e-01,9.999923706054687500e-01,9.999905228614807129e-01,-9.998956918716430664e-01,-9.999724030494689941e-01,-9.999864101409912109e-01,9.994961619377136230e-01,-9.999923110008239746e-01,9.999859929084777832e-01,9.999910593032836914e-01,-9.999175667762756348e-01,9.999417662620544434e-01,9.999846220016479492e-01,9.999898672103881836e-01,-9.999788403511047363e-01,-9.999837279319763184e-01,9.999791979789733887e-01,9.999682903289794922e-01,-9.999912977218627930e-01,-9.999897480010986328e-01,-9.999441504478454590e-01,9.999901056289672852e-01,-9.999877214431762695e-01,9.999805688858032227e-01,-9.997042417526245117e-01,-9.999890923500061035e-01,-9.999720454216003418e-01,-9.999803900718688965e-01,-9.999630451202392578e-01,-9.999643564224243164e-01,-9.999899268150329590e-01,9.999884963035583496e-01,9.999894499778747559e-01,9.999756813049316406e-01,9.999879598617553711e-01,9.998917579650878906e-01,9.999740719795227051e-01,9.999769330024719238e-01,9.999837875366210938e-01,1.057470496743917465e-02,-9.999796748161315918e-01,-9.999747872352600098e-01,9.999527335166931152e-01,-9.999904036521911621e-01,-9.999871850013732910e-01,-9.999606609344482422e-01,-4.962602853775024414e-01,9.999899864196777344e-01,9.999910593032836914e-01,9.999272227287292480e-01,9.999825954437255859e-01,-9.999912381172180176e-01,9.999882578849792480e-01,-9.999780654907226562e-01,-9.999717473983764648e-01,9.999136328697204590e-01,-9.995537996292114258e-01,9.999822378158569336e-01,-9.998755455017089844e-01,-9.999821186065673828e-01,9.999321699142456055e-01,9.999833106994628906e-01,-9.998032450675964355e-01,-9.999830722808837891e-01,9.999898672103881836e-01,9.996856451034545898e-01,9.999877810478210449e-01,9.999077320098876953e-01,-9.999399185180664062e-01,-9.999877214431762695e-01,9.998824000358581543e-01,-9.999874830245971680e-01,9.999872446060180664e-01,-9.999865293502807617e-01,9.996290802955627441e-01,9.999878406524658203e-01,-9.999886155128479004e-01,9.999803304672241211e-01,-9.997931122779846191e-01,-9.999909400939941406e-01,9.999898672103881836e-01,-9.999603629112243652e-01,9.999831914901733398e-01,-9.999884366989135742e-01,9.999473094940185547e-01,9.996941685676574707e-01,-9.999864697456359863e-01,-9.998376369476318359e-01,-9.999072551727294922e-01,9.999768733978271484e-01,9.999580979347229004e-01,-9.999877810478210449e-01,9.999760389328002930e-01,-9.999861121177673340e-01,9.999835491180419922e-01,9.999565482139587402e-01,-9.999922513961791992e-01,9.999868869781494141e-01,-9.999874234199523926e-01,9.999889135360717773e-01,-9.997944235801696777e-01,9.999785423278808594e-01,9.999899268150329590e-01,-9.999649524688720703e-01,-9.999877214431762695e-01,9.999830722808837891e-01,-9.999275803565979004e-01,9.999737143516540527e-01,9.998989701271057129e-01,9.999842643737792969e-01
-9.999986886978149414e-01,9.999986290931701660e-01,9.999926090240478516e-01,-9.999989867210388184e-01,-9.999992251396179199e-01,9.999989271163940430e-01,9.999897480010986328e-01,-9.999992847442626953e-01,9.999979734420776367e-01,-9.999973177909851074e-01,9.999905228614807129e-01,9.999992847442626953e-01,-9.999988079071044922e-01,-9.999977350234985352e-01,-9.999502301216125488e-01,-9.999985098838806152e-01,-9.999984502792358398e-01,9.999976754188537598e-01,9.999008774757385254e-01,9.999994635581970215e-01,9.999992251396179199e-01,-9.999908804893493652e-01,-9.999975562095642090e-01,-9.999988079071044922e-01,9.999554753303527832e-01,-9.999994039535522461e-01,9.999987483024597168e-01,9.999991655349731445e-01,-9.999927282333374023e-01,9.999948740005493164e-01,9.999986290931701660e-01,9.999991655349731445e-01,-9.999980926513671875e-01,-9.999985694885253906e-01,9.999981522560119629e-01,9.999971389770507812e-01,-9.999991655349731445e-01,-9.999992251396179199e-01,-9.999951124191284180e-01,9.999992847442626953e-01,-9.999989271163940430e-01,9.999983310699462891e-01,-9.999739527702331543e-01,-9.999991059303283691e-01,-9.999975562095642090e-01,-9.999983310699462891e-01,-9.999967217445373535e-01,-9.999967813491821289e-01,-9.999992847442626953e-01,9.999990463256835938e-01,9.999991059303283691e-01,9.999977946281433105e-01,9.999989271163940430e-01,9.999905824661254883e-01,9.999976754188537598e-01,9.999979734420776367e-01,9.999985694885253906e-01,1.067446917295455933e-02,-9.999981522560119629e-01,-9.999977946281433105e-01,9.999958276748657227e-01,-9.999991655349731445e-01,-9.999988675117492676e-01,-9.999964833259582520e-01,-5.009421110153198242e-01,9.999990463256835938e-01,9.999993443489074707e-01,9.999935626983642578e-01,9.999984502792358398e-01,-9.999992847442626953e-01,9.999989867210388184e-01,-9.999981522560119629e-01,-9.999974966049194336e-01,9.999923706054687500e-01,-9.999605417251586914e-01,9.999983906745910645e-01,-9.999890923500061035e-01,-9.999983906745910645e-01,9.999940395355224609e-01,9.999985098838806152e-01,-9.999826550483703613e-01,-9.999985098838806152e-01,9.999990463256835938e-01,9.999722838401794434e-01,9.999989867210388184e-01,9.999918937683105469e-01,-9.999947547912597656e-01,-9.999989867210388184e-01,9.999896287918090820e-01,-9.999989271163940430e-01,9.999989271163940430e-01,-9.999988079071044922e-01,9.999672174453735352e-01,9.999989867210388184e-01,-9.999989867210388184e-01,9.999982118606567383e-01,-9.999818205833435059e-01,-9.999992251396179199e-01,9.999992251396179199e-01,-9.999964833259582520e-01,9.999985098838806152e-01,-9.999989867210388184e-01,9.999954104423522949e-01,9.999730587005615234e-01,-9.999988079071044922e-01,-9.999856948852539062e-01,-9.999917745590209961e-01,9.999979138374328613e-01,9.999963641166687012e-01,-9.999989271163940430e-01,9.999979138374328613e-01,-9.999988079071044922e-01,9.999985098838806152e-01,9.999961256980895996e-01,-9.999994039535522461e-01,9.999988675117492676e-01,-9.999988675117492676e-01,9.999991655349731445e-01,-9.999819397926330566e-01,9.999980926513671875e-01,9.999990463256835938e-01,-9.999969601631164551e-01,-9.999990463256835938e-01,9.999985098838806152e-01,-9.999936223030090332e-01,9.999977350234985352e-01,9.999911189079284668e-01,9.999986886978149414e-01
