4.502925276756286621e-01,-2.452760003507137299e-02,2.490368485450744629e-01,-2.973994910717010498e-01,1.792933791875839233e-01,-3.725578784942626953e-01,8.037684857845306396e-02,3.340424001216888428e-01,4.220686107873916626e-02,-8.990935236215591431e-02,-1.916255801916122437e-01,-5.307044461369514465e-02,-3.055139482021331787e-01,-1.218247413635253906e-01,-1.188520491123199463e-01,5.761791393160820007e-02,1.269899681210517883e-02,-2.525806427001953125e-01,2.424226999282836914e-01,5.307849030941724777e-03,-1.282655894756317139e-01,-2.868193089962005615e-01,-2.733588516712188721e-01,1.576387882232666016e-01,1.306629623286426067e-03,1.609968021512031555e-02,1.315556168556213379e-01,-1.945392042398452759e-01,-1.296713948249816895e-01,-5.102306604385375977e-02,-1.869064569473266602e-01,7.151815295219421387e-02,-2.229004353284835815e-01,-2.400682121515274048e-02,-9.943692944943904877e-03,1.098420023918151855e-01,-7.476277649402618408e-02,-1.095514744520187378e-01,-1.035191789269447327e-01,-1.353289932012557983e-01,-7.858202792704105377e-03,1.412304937839508057e-01,-2.893536090850830078e-01,-5.010093748569488525e-02,-2.357496647164225578e-03,2.982788681983947754e-01,1.515613943338394165e-01,2.432516030967235565e-02,2.462385296821594238e-01,-1.763179302215576172e-01,-2.663961350917816162e-01,-1.753983646631240845e-01,1.416646242141723633e-01,1.925950124859809875e-02,6.317492574453353882e-02,5.694892629981040955e-02,7.319032400846481323e-02,-4.160249605774879456e-03,2.416523844003677368e-01,2.502718865871429443e-01,-1.597857624292373657e-01,1.937898397445678711e-01,-7.746547460556030273e-03,1.917391568422317505e-01,1.243013218045234680e-01,3.766757249832153320e-02,-4.168823659420013428e-01,-7.353796064853668213e-02,1.043973118066787720e-01,1.882601082324981689e-01,-4.796171188354492188e-02,2.921915054321289062e-01,-6.710557732731103897e-03,-1.392621994018554688e-01,-9.414203464984893799e-02,8.115471899509429932e-02,1.417152932845056057e-03,-1.429664194583892822e-01,1.261186748743057251e-01,7.187521457672119141e-02,-8.412143588066101074e-02,-8.447010623058304191e-05,-4.835293069481849670e-02,-1.037804177030920982e-03,-1.060253530740737915e-01,2.189722657203674316e-01,1.543886065483093262e-01,7.274228846654295921e-05,-1.870167851448059082e-01,3.496247157454490662e-02,-1.571848690509796143e-01,3.605938851833343506e-01,2.718980312347412109e-01,-2.388827055692672729e-01,6.186261028051376343e-02,-3.135001659393310547e-01,-1.410421282052993774e-01,-7.153879323595901951e-06,-7.196691632270812988e-02,-4.031353816390037537e-02,-2.507143020629882812e-01,2.922060787677764893e-01,9.850215911865234375e-02,3.217370808124542236e-02,-2.461890429258346558e-01,1.391613632440567017e-01,2.714934945106506348e-01,2.958101034164428711e-01,-4.058957695960998535e-01,8.110200986266136169e-03,-7.101812213659286499e-02,2.813099026679992676e-01,1.861931234598159790e-01,8.517792075872421265e-02,-1.208220496773719788e-01,7.801447063684463501e-02,2.138619869947433472e-01,-2.028432041406631470e-01,-5.285787396132946014e-03,-1.462967097759246826e-01,-2.676639556884765625e-01,-4.543120041489601135e-02,-1.624765619635581970e-02,3.712912201881408691e-01,-6.198895350098609924e-02,1.836425215005874634e-01,5.853450670838356018e-02,-1.194843798875808716e-01
-2.452760003507137299e-02,1.154181826859712601e-02,-1.005491837859153748e-01,8.760824054479598999e-02,5.345020070672035217e-02,2.009154297411441803e-02,-1.923253759741783142e-02,2.016433514654636383e-02,6.227571144700050354e-02,7.238997519016265869e-02,-5.368210375308990479e-03,-4.852677136659622192e-02,8.301681280136108398e-02,8.026992529630661011e-02,8.819939941167831421e-02,9.000337123870849609e-02,-3.017977811396121979e-03,8.772510290145874023e-02,-9.817232191562652588e-02,-6.035571917891502380e-02,-4.053895920515060425e-02,8.887067437171936035e-02,7.594384998083114624e-02,-2.888088300824165344e-02,1.315654255449771881e-02,7.957823574542999268e-02,-8.870106190443038940e-02,-3.997159004211425781e-02,8.474607765674591064e-02,-9.106211364269256592e-03,2.195529825985431671e-02,-9.903781116008758545e-02,8.013986796140670776e-02,6.583520770072937012e-02,-1.278286334127187729e-03,-9.647582471370697021e-02,7.604076713323593140e-02,8.782369643449783325e-02,-6.022208929061889648e-02,-6.435118615627288818e-02,8.795668184757232666e-02,5.049800500273704529e-03,9.863520413637161255e-02,3.419587388634681702e-02,-6.686825305223464966e-03,-8.913554251194000244e-02,-9.504035860300064087e-02,-3.027595579624176025e-02,-3.399630263447761536e-02,1.052643079310655594e-02,1.541136857122182846e-02,1.213080435991287231e-02,5.497076734900474548e-02,-7.196397054940462112e-03,-2.100560441613197327e-02,-9.858358651399612427e-02,5.051985383033752441e-02,3.976942505687475204e-03,-9.257943928241729736e-02,-8.584797382354736328e-02,3.410265780985355377e-03,-2.621798403561115265e-02,2.663413528352975845e-03,2.006338350474834442e-02,6.228573620319366455e-03,-3.369853273034095764e-02,5.909601971507072449e-02,9.554794430732727051e-02,-9.406272321939468384e-02,2.618258446455001831e-02,-7.586675137281417847e-02,-3.291481733322143555e-02,-4.062795266509056091e-02,8.642305433750152588e-02,-2.043121308088302612e-02,-9.830219298601150513e-02,-3.618485352490097284e-04,9.705977886915206909e-02,-4.256872087717056274e-02,-8.481727540493011475e-02,9.564486145973205566e-02,8.187621278921142220e-05,-7.480415701866149902e-02,-6.880748696858063340e-05,-8.668995648622512817e-02,-9.076301753520965576e-02,3.422430902719497681e-02,9.016605908982455730e-04,8.007363975048065186e-02,6.681970506906509399e-02,-9.628436528146266937e-03,-6.463911384344100952e-02,-9.156424552202224731e-02,5.725270882248878479e-02,-8.763479441404342651e-02,3.554977849125862122e-02,7.068303227424621582e-02,2.788149231491843238e-07,-6.019383668899536133e-02,8.094926923513412476e-02,-2.183867432177066803e-02,2.512600459158420563e-02,-9.587953984737396240e-02,-8.487843722105026245e-02,1.095030456781387329e-01,4.381638485938310623e-03,-9.621671587228775024e-02,-9.981348365545272827e-02,1.191172469407320023e-02,-1.835151109844446182e-03,6.844447553157806396e-02,-8.416427671909332275e-02,-9.506483376026153564e-02,-1.475925929844379425e-02,9.545728564262390137e-02,-8.585662394762039185e-02,3.452111408114433289e-02,4.994058609008789062e-02,-8.754946291446685791e-02,6.720826774835586548e-02,8.642987161874771118e-02,8.150257915258407593e-02,7.452608644962310791e-02,-7.508733868598937988e-02,-4.169876500964164734e-02,-7.069762796163558960e-02,-1.202380657196044922e-02,8.281970769166946411e-02
2.490368485450744629e-01,-1.005491837859153748e-01,8.403787612915039062e-01,-7.642694115638732910e-01,-5.030788183212280273e-01,-2.261466234922409058e-01,1.591588854789733887e-01,-2.431906461715698242e-01,-5.134524106979370117e-01,-6.743077039718627930e-01,5.333190411329269409e-02,4.945139288902282715e-01,-6.897765398025512695e-01,-7.136569619178771973e-01,-7.738381624221801758e-01,-7.267606854438781738e-01,2.772247977554798126e-02,-7.381586432456970215e-01,8.079019188880920410e-01,5.840169787406921387e-01,3.086122870445251465e-01,-7.818130254745483398e-01,-7.109615206718444824e-01,2.870835363864898682e-01,-1.274280697107315063e-01,-6.587857604026794434e-01,7.609890699386596680e-01,3.598150908946990967e-01,-7.555329799652099609e-01,1.000264585018157959e-01,-2.003937661647796631e-01,7.847616076469421387e-01,-6.559183001518249512e-01,-6.426981687545776367e-01,1.862156391143798828e-02,7.891728878021240234e-01,-6.995581388473510742e-01,-7.729821801185607910e-01,5.266879200935363770e-01,5.775120854377746582e-01,-7.258210182189941406e-01,-4.082786291837692261e-02,-8.186846971511840820e-01,-3.406007885932922363e-01,-1.477489620447158813e-02,7.741045951843261719e-01,8.158137202262878418e-01,2.886651158332824707e-01,3.368808627128601074e-01,1.163385342806577682e-02,-1.236928105354309082e-01,-2.575638331472873688e-02,-4.826405644416809082e-01,6.302748620510101318e-02,2.318286597728729248e-01,8.152272701263427734e-01,-5.224779248237609863e-01,-4.051585868000984192e-02,7.713064551353454590e-01,7.422219514846801758e-01,-3.832899034023284912e-02,2.552967071533203125e-01,-2.370264567434787750e-02,-1.546136140823364258e-01,-3.398912400007247925e-02,3.223249614238739014e-01,-4.847803115844726562e-01,-7.903864979743957520e-01,7.888207435607910156e-01,-2.619530856609344482e-01,6.896825432777404785e-01,3.544059991836547852e-01,3.708053231239318848e-01,-7.695496678352355957e-01,1.104445606470108032e-01,8.078471422195434570e-01,3.345023142173886299e-03,-8.240683674812316895e-01,3.780308067798614502e-01,7.429862618446350098e-01,-7.957272529602050781e-01,-8.415041374973952770e-04,6.835903525352478027e-01,2.115304116159677505e-03,7.130590081214904785e-01,7.936241030693054199e-01,-3.623607158660888672e-01,-9.254494681954383850e-03,-6.857103109359741211e-01,-6.407700181007385254e-01,9.631025046110153198e-02,5.051069259643554688e-01,7.569397687911987305e-01,-5.170542001724243164e-01,7.503985762596130371e-01,-3.243048191070556641e-01,-6.539195775985717773e-01,-2.416727227227966068e-07,5.669813156127929688e-01,-6.924526095390319824e-01,2.908002436161041260e-01,-2.474410980939865112e-01,7.937235832214355469e-01,7.448492646217346191e-01,-8.621504902839660645e-01,-9.701038897037506104e-02,7.384042143821716309e-01,8.117243647575378418e-01,-9.970360994338989258e-02,1.309884898364543915e-02,-5.764280557632446289e-01,7.338892221450805664e-01,8.057070970535278320e-01,6.817849725484848022e-02,-8.176862001419067383e-01,7.455542683601379395e-01,-3.357461690902709961e-01,-5.049541592597961426e-01,7.568976879119873047e-01,-6.213921904563903809e-01,-7.476850748062133789e-01,-6.997575163841247559e-01,-6.629033088684082031e-01,6.357691287994384766e-01,4.502806365489959717e-01,6.507867574691772461e-01,1.020732000470161438e-01,-7.458599209785461426e-01
-2.973994910717010498e-01,8.760824054479598999e-02,-7.642694115638732910e-01,7.962688803672790527e-01,3.248827159404754639e-01,3.029887378215789795e-01,-1.291922777891159058e-01,6.781598925590515137e-02,4.759778082370758057e-01,5.995172858238220215e-01,-1.479084193706512451e-01,-3.886764347553253174e-01,5.488239526748657227e-01,6.724618673324584961e-01,6.909927725791931152e-01,5.329543352127075195e-01,-2.357914485037326813e-02,6.586067676544189453e-01,-7.864182591438293457e-01,-5.298061966896057129e-01,-3.810730278491973877e-01,7.397302985191345215e-01,6.730308532714843750e-01,-2.247066646814346313e-01,1.149879023432731628e-01,4.553905725479125977e-01,-6.383991241455078125e-01,-1.192855983972549438e-01,5.864704251289367676e-01,4.673566669225692749e-02,1.562832891941070557e-01,-7.090149521827697754e-01,7.185871005058288574e-01,5.729475617408752441e-01,-1.446636859327554703e-03,-6.220777630805969238e-01,5.631970167160034180e-01,6.696727275848388672e-01,-2.776142060756683350e-01,-5.589200258255004883e-01,6.618517041206359863e-01,1.041803061962127686e-01,7.314947247505187988e-01,2.858714163303375244e-01,-1.281878054141998291e-01,-6.433429718017578125e-01,-7.620524168014526367e-01,-2.566223144531250000e-01,-2.498018145561218262e-01,6.046856567263603210e-02,1.520739793777465820e-01,1.905372738838195801e-01,4.985239207744598389e-01,-8.684536069631576538e-02,-7.715503871440887451e-02,-6.809750199317932129e-01,5.002433657646179199e-01,3.272783011198043823e-02,-6.995487213134765625e-01,-7.654908895492553711e-01,-2.086866833269596100e-02,-1.583614349365234375e-01,2.640242688357830048e-02,8.118372410535812378e-02,3.913047909736633301e-02,-2.792260944843292236e-01,4.042865037918090820e-01,6.322227716445922852e-01,-6.823909282684326172e-01,3.272143751382827759e-02,-5.520809888839721680e-01,-1.800441294908523560e-01,-4.220663905143737793e-01,6.816602349281311035e-01,-1.877786964178085327e-01,-7.054047584533691406e-01,-1.808189554139971733e-03,6.978992223739624023e-01,-5.215707421302795410e-01,-6.340319514274597168e-01,7.603594660758972168e-01,7.133604376576840878e-04,-5.407136082649230957e-01,2.092964248731732368e-03,-5.881868004798889160e-01,-6.816633939743041992e-01,1.507101804018020630e-01,5.268429871648550034e-03,5.523150563240051270e-01,5.273177027702331543e-01,-1.203936189413070679e-01,-5.989290475845336914e-01,-7.621178030967712402e-01,5.685166120529174805e-01,-6.931981444358825684e-01,3.767279386520385742e-01,5.353520512580871582e-01,-4.651978997571859509e-07,-3.782352209091186523e-01,5.582605004310607910e-01,-1.642171591520309448e-01,1.928843371570110321e-02,-7.440692782402038574e-01,-6.078848838806152344e-01,8.046192526817321777e-01,2.600024342536926270e-01,-8.043050169944763184e-01,-7.020035982131958008e-01,2.617507576942443848e-01,-2.047740854322910309e-02,5.903698205947875977e-01,-7.536022067070007324e-01,-7.592499852180480957e-01,6.553051620721817017e-02,7.111856937408447266e-01,-6.593033671379089355e-01,1.037659198045730591e-01,4.439953267574310303e-01,-6.346803307533264160e-01,6.463139057159423828e-01,6.402574181556701660e-01,6.717036962509155273e-01,6.196728348731994629e-01,-6.126183271408081055e-01,-4.170219004154205322e-01,-6.436679959297180176e-01,-9.911292046308517456e-02,6.642825603485107422e-01
1.792933791875839233e-01,5.345020070672035217e-02,-5.030788183212280273e-01,3.248827159404754639e-01,6.322790980339050293e-01,-1.768341064453125000e-01,-6.880085915327072144e-02,5.860042572021484375e-01,3.582551777362823486e-01,4.196505546569824219e-01,-9.241800755262374878e-02,-4.527780115604400635e-01,3.997468948364257812e-01,4.224854707717895508e-01,5.325200557708740234e-01,7.707942128181457520e-01,-1.150000095367431641e-02,4.258075058460235596e-01,-4.440403282642364502e-01,-4.003991484642028809e-01,-1.810135841369628906e-01,3.908503949642181396e-01,3.032057583332061768e-01,-1.318964064121246338e-01,9.068607538938522339e-02,6.642538905143737793e-01,-5.431773662567138672e-01,-5.910109281539916992e-01,6.412522196769714355e-01,-2.155571728944778442e-01,2.383252605795860291e-02,-5.852617025375366211e-01,2.324490398168563843e-01,4.883601963520050049e-01,-3.552556037902832031e-02,-6.529147028923034668e-01,5.332136154174804688e-01,5.626114606857299805e-01,-7.270815372467041016e-01,-5.021488070487976074e-01,5.660734176635742188e-01,6.126884743571281433e-02,4.638405740261077881e-01,2.283493131399154663e-01,1.563850045204162598e-01,-4.657526314258575439e-01,-5.456340909004211426e-01,-2.049878388643264771e-01,-1.267583370208740234e-01,-2.030843943357467651e-01,-1.426874846220016479e-01,-2.767002284526824951e-01,3.978085517883300781e-01,-1.342460513114929199e-02,-2.526857256889343262e-01,-7.024865150451660156e-01,4.218467175960540771e-01,3.080591931939125061e-02,-4.270001053810119629e-01,-3.358006179332733154e-01,-2.485455200076103210e-02,-1.387772858142852783e-01,5.989965517073869705e-03,2.779045104980468750e-01,1.084302291274070740e-01,-2.163507491350173950e-01,1.081085130572319031e-01,6.705663204193115234e-01,-5.763963460922241211e-01,5.094655156135559082e-01,-6.586853265762329102e-01,-2.012707591056823730e-01,-1.700999885797500610e-01,5.334218740463256836e-01,-5.679656565189361572e-02,-6.245895624160766602e-01,-2.408662810921669006e-03,6.346605420112609863e-01,-4.265288263559341431e-02,-5.693729519844055176e-01,5.663233399391174316e-01,5.939401453360915184e-04,-6.355998516082763672e-01,-5.597027484327554703e-03,-7.172735333442687988e-01,-5.191917419433593750e-01,5.143195390701293945e-01,9.834438562393188477e-03,4.307838976383209229e-01,5.667044520378112793e-01,-1.631208360195159912e-01,1.117160078138113022e-02,-3.347802758216857910e-01,9.525441378355026245e-02,-5.459481477737426758e-01,-6.241733953356742859e-02,4.549116790294647217e-01,-3.586452294257469475e-06,-5.948582291603088379e-01,5.901815891265869141e-01,-4.865296483039855957e-01,5.787020921707153320e-01,-5.655032396316528320e-01,-6.402897834777832031e-01,5.346665382385253906e-01,3.315850347280502319e-02,-2.908816933631896973e-01,-5.085893273353576660e-01,-3.703213036060333252e-01,6.896452512592077255e-03,2.988790273666381836e-01,-2.906715869903564453e-01,-5.070933103561401367e-01,-1.033779904246330261e-01,6.343308687210083008e-01,-5.301253795623779297e-01,5.705976486206054688e-01,2.553232908248901367e-01,-6.728333234786987305e-01,2.682108581066131592e-01,4.483882188796997070e-01,4.670223593711853027e-01,4.488113224506378174e-01,-1.797756850719451904e-01,-3.647630810737609863e-01,-2.846434712409973145e-01,-2.440037950873374939e-02,4.920411705970764160e-01
-3.725578784942626953e-01,2.009154297411441803e-02,-2.261466234922409058e-01,3.029887378215789795e-01,-1.768341064453125000e-01,3.668946623802185059e-01,-3.909765928983688354e-02,-3.081282377243041992e-01,-4.176684841513633728e-02,9.203072637319564819e-02,9.014821052551269531e-02,5.589153245091438293e-02,2.083792686462402344e-01,1.352224797010421753e-01,1.222743317484855652e-01,-9.877857565879821777e-02,-1.047559641301631927e-02,1.967611610889434814e-01,-2.304263561964035034e-01,-4.825740680098533630e-02,3.918238729238510132e-02,2.529863715171813965e-01,2.587812840938568115e-01,-1.044658720493316650e-01,2.115213312208652496e-03,-8.606825768947601318e-02,-1.120292320847511292e-01,2.325667142868041992e-01,8.618374168872833252e-02,6.769926100969314575e-02,1.498631089925765991e-01,-7.400981336832046509e-02,2.478070855140686035e-01,6.185806542634963989e-02,1.319132093340158463e-02,-5.302511528134346008e-02,4.130711033940315247e-02,8.932767808437347412e-02,1.725124716758728027e-01,4.278336465358734131e-02,8.910554461181163788e-03,-6.710778176784515381e-02,2.469016313552856445e-01,4.695399478077888489e-02,-5.218253657221794128e-02,-2.314801067113876343e-01,-1.549730300903320312e-01,-2.352502569556236267e-02,-1.856535375118255615e-01,1.525518447160720825e-01,2.313665151596069336e-01,1.766034960746765137e-01,-6.234311312437057495e-02,-2.057652361690998077e-02,-6.422482896596193314e-03,-4.981556162238121033e-02,-3.133472800254821777e-02,2.631360432133078575e-03,-2.034274637699127197e-01,-2.467598468065261841e-01,9.823461621999740601e-02,-1.152423992753028870e-01,9.250389412045478821e-03,-1.708124279975891113e-01,-1.098119243979454041e-01,-2.974459901452064514e-02,3.064810037612915039e-01,3.924550116062164307e-02,-8.107831329107284546e-02,-2.214867621660232544e-01,4.574419558048248291e-02,-2.034284323453903198e-01,-3.471693769097328186e-02,1.102480962872505188e-01,4.301366582512855530e-02,-7.641211152076721191e-02,-5.963463918305933475e-04,1.199489682912826538e-01,-1.772258430719375610e-01,-4.598737135529518127e-02,1.064340174198150635e-01,7.182921399362385273e-05,3.301342576742172241e-02,1.465291948989033699e-03,9.782065451145172119e-02,-1.711852252483367920e-01,-1.477797627449035645e-01,-1.306159188970923424e-03,1.157367601990699768e-01,-3.283866122364997864e-02,9.457857161760330200e-02,-3.438430428504943848e-01,-2.540021836757659912e-01,2.336607873439788818e-01,-6.293195486068725586e-02,2.738853693008422852e-01,1.232831999659538269e-01,2.965393832710105926e-06,9.543368965387344360e-02,-9.074108675122261047e-04,2.051599919795989990e-01,-3.106079697608947754e-01,-9.366458654403686523e-02,-1.008825842291116714e-02,2.169208675622940063e-01,1.563195511698722839e-02,-2.893467843532562256e-01,-2.139821946620941162e-01,3.933891057968139648e-01,-9.423210285604000092e-03,9.597487002611160278e-02,-2.972452044486999512e-01,-1.660602986812591553e-01,5.947050172835588455e-03,1.151984408497810364e-01,-7.554811984300613403e-02,-2.369247823953628540e-01,1.682352125644683838e-01,5.352726439014077187e-04,1.675726473331451416e-01,2.077766209840774536e-01,6.944600492715835571e-02,5.379839986562728882e-02,-3.087620735168457031e-01,7.543318904936313629e-03,-1.881283819675445557e-01,-5.463213101029396057e-02,1.178800016641616821e-01
8.037684857845306396e-02,-1.923253759741783142e-02,1.591588854789733887e-01,-1.291922777891159058e-01,-6.880085915327072144e-02,-3.909765928983688354e-02,6.663557887077331543e-02,-5.372896790504455566e-03,-9.629102796316146851e-02,-9.554851800203323364e-02,-5.409269779920578003e-02,6.976232677698135376e-02,-1.784276068210601807e-01,-1.167436912655830383e-01,-1.300221383571624756e-01,-1.500647366046905518e-01,5.988597404211759567e-03,-1.656292676925659180e-01,1.429115533828735352e-01,5.577624216675758362e-02,7.873544469475746155e-03,-1.512459963560104370e-01,-1.204874515533447266e-01,6.672813743352890015e-02,-1.590915210545063019e-02,-1.455739289522171021e-01,1.372645050287246704e-01,7.540646940469741821e-02,-1.433522403240203857e-01,1.553879864513874054e-02,-5.107830092310905457e-02,1.397532075643539429e-01,-1.039745733141899109e-01,-7.193841040134429932e-02,3.281271317973732948e-03,1.708271205425262451e-01,-1.244192346930503845e-01,-1.346428543329238892e-01,1.184568107128143311e-01,4.009247943758964539e-02,-1.224430426955223083e-01,3.570400923490524292e-02,-1.728925704956054688e-01,-5.121983960270881653e-02,-2.625040151178836823e-02,1.694570779800415039e-01,1.361286193132400513e-01,4.984781518578529358e-02,9.866978973150253296e-02,-3.148819133639335632e-02,-4.161870852112770081e-02,-2.347979880869388580e-02,-3.038772754371166229e-02,1.533700805157423019e-02,5.901256576180458069e-02,1.437142193317413330e-01,-5.100212991237640381e-02,-6.580595858395099640e-03,1.535448133945465088e-01,1.336870938539505005e-01,-5.038105323910713196e-02,8.904504030942916870e-02,-3.101276466622948647e-03,-5.276392214000225067e-03,7.871964946389198303e-03,5.143653601408004761e-02,-1.520445942878723145e-01,-1.550340056419372559e-01,1.472562253475189209e-01,-4.623087495565414429e-02,1.000291332602500916e-01,1.010543629527091980e-01,3.397204726934432983e-02,-1.419658511877059937e-01,-1.790336536942049861e-04,1.404058784246444702e-01,1.015107613056898117e-03,-1.528352499008178711e-01,4.031440988183021545e-02,1.307816952466964722e-01,-1.248188465833663940e-01,-1.202077764901332557e-04,9.758421778678894043e-02,2.610014962556306273e-05,1.122950315475463867e-01,1.599587202072143555e-01,-3.581643849611282349e-02,-1.936139306053519249e-03,-1.497033685445785522e-01,-8.826669305562973022e-02,-2.552946656942367554e-02,1.052652820944786072e-01,1.442340016365051270e-01,-8.566150814294815063e-02,1.192040219902992249e-01,-8.191619068384170532e-02,-1.181857362389564514e-01,-3.477922973615932278e-06,9.344296902418136597e-02,-1.333671957254409790e-01,-3.919101320207118988e-03,-2.946100570261478424e-02,1.398781239986419678e-01,1.299949586391448975e-01,-1.658646166324615479e-01,7.364252209663391113e-02,1.313069462776184082e-01,1.957674026489257812e-01,-3.188371285796165466e-02,1.713992911390960217e-03,-9.295154362916946411e-02,1.116549298167228699e-01,1.557333171367645264e-01,8.749925345182418823e-02,-1.453532427549362183e-01,1.233740821480751038e-01,-5.723822489380836487e-02,-9.427157789468765259e-02,1.191466897726058960e-01,-8.845552802085876465e-02,-1.586479395627975464e-01,-1.005444377660751343e-01,-8.918032050132751465e-02,1.511934697628021240e-01,2.671129442751407623e-02,9.784837812185287476e-02,2.049505338072776794e-02,-1.180800944566726685e-01
3.340424001216888428e-01,2.016433514654636383e-02,-2.431906461715698242e-01,6.781598925590515137e-02,5.860042572021484375e-01,-3.081282377243041992e-01,-5.372896790504455566e-03,6.888281702995300293e-01,2.021553665399551392e-01,2.360036075115203857e-01,-8.924171328544616699e-02,-3.930057883262634277e-01,1.682771146297454834e-01,2.282489985227584839e-01,3.376055657863616943e-01,6.338430047035217285e-01,-1.490029739215970039e-03,1.768342107534408569e-01,-1.695766299962997437e-01,-2.733251452445983887e-01,-6.546231359243392944e-02,1.508503854274749756e-01,7.231326401233673096e-02,-5.727253109216690063e-02,6.343307346105575562e-02,5.306079387664794922e-01,-3.482930958271026611e-01,-5.950591564178466797e-01,4.907717406749725342e-01,-2.339920699596405029e-01,-6.801263988018035889e-02,-3.684746623039245605e-01,-4.022790119051933289e-02,3.760446608066558838e-01,-4.259306564927101135e-02,-4.593310654163360596e-01,3.741541206836700439e-01,3.674777746200561523e-01,-6.952661871910095215e-01,-3.960668742656707764e-01,3.686841130256652832e-01,5.780592560768127441e-02,1.933765113353729248e-01,1.534407436847686768e-01,2.500222623348236084e-01,-2.454066127538681030e-01,-3.189677000045776367e-01,-1.355296075344085693e-01,-1.677506975829601288e-02,-3.415346443653106689e-01,-2.582281529903411865e-01,-4.240060746669769287e-01,2.879330515861511230e-01,7.613722700625658035e-03,-2.426678389310836792e-01,-5.175931453704833984e-01,3.426557183265686035e-01,2.362454868853092194e-02,-1.580364257097244263e-01,-7.901386171579360962e-02,-5.261352658271789551e-02,-6.087497249245643616e-02,-3.620400326326489449e-03,2.595075666904449463e-01,1.109116971492767334e-01,-1.384084671735763550e-01,-1.203161925077438354e-01,4.790920317173004150e-01,-3.709188699722290039e-01,5.499696135520935059e-01,-5.442212224006652832e-01,-1.424664258956909180e-01,-5.366508662700653076e-02,3.450556993484497070e-01,3.992376849055290222e-02,-4.034074246883392334e-01,-1.583935227245092392e-03,4.359532296657562256e-01,1.272248476743698120e-01,-3.881897032260894775e-01,3.461752831935882568e-01,4.435142327565699816e-04,-5.219101309776306152e-01,-7.158625870943069458e-03,-5.686839222908020020e-01,-3.036255240440368652e-01,5.274798274040222168e-01,9.142284281551837921e-03,2.226776480674743652e-01,4.661332368850708008e-01,-1.632677465677261353e-01,3.006142973899841309e-01,-5.674084275960922241e-02,-1.141351535916328430e-01,-3.435714244842529297e-01,-2.359240055084228516e-01,2.803158462047576904e-01,-6.032027158653363585e-06,-5.312820672988891602e-01,4.172877073287963867e-01,-5.555309653282165527e-01,6.535809636116027832e-01,-3.483405113220214844e-01,-4.837085604667663574e-01,2.511955201625823975e-01,2.915648184716701508e-02,1.918848790228366852e-02,-2.495323866605758667e-01,-5.369250178337097168e-01,1.726911216974258423e-02,1.149967461824417114e-01,-3.888103738427162170e-02,-2.693290412425994873e-01,-4.916180297732353210e-02,4.321146607398986816e-01,-3.320277035236358643e-01,6.023313403129577637e-01,1.218100041151046753e-01,-5.160498619079589844e-01,5.940294265747070312e-02,2.160390466451644897e-01,2.701963782310485840e-01,2.704900205135345459e-01,9.547453373670578003e-02,-3.163445293903350830e-01,-7.384983450174331665e-02,2.575609646737575531e-02,2.957915365695953369e-01
4.220686107873916626e-02,6.227571144700050354e-02,-5.134524106979370117e-01,4.759778082370758057e-01,3.582551777362823486e-01,-4.176684841513633728e-02,-9.629102796316146851e-02,2.021553665399551392e-01,5.709669589996337891e-01,4.776207804679870605e-01,-2.139423489570617676e-01,-3.800014555454254150e-01,2.723634839057922363e-01,5.622694492340087891e-01,5.573773384094238281e-01,5.676112174987792969e-01,-9.860572405159473419e-03,3.570671081542968750e-01,-5.500761270523071289e-01,-4.915213584899902344e-01,-5.349463224411010742e-01,4.837913513183593750e-01,3.667994737625122070e-01,-1.032831296324729919e-01,1.086237728595733643e-01,4.792718291282653809e-01,-5.513313412666320801e-01,-2.075039297342300415e-01,3.996559083461761475e-01,2.682535350322723389e-02,-1.884016394615173340e-02,-7.135384678840637207e-01,4.904122352600097656e-01,5.071556568145751953e-01,-5.612726323306560516e-03,-5.476552844047546387e-01,4.459741115570068359e-01,5.198829174041748047e-01,-2.754206955432891846e-01,-5.874707102775573730e-01,6.171076297760009766e-01,1.936843246221542358e-01,4.460166990756988525e-01,1.926555633544921875e-01,-1.428633779287338257e-01,-4.101299643516540527e-01,-5.580884814262390137e-01,-1.572223603725433350e-01,3.137176856398582458e-02,-1.192489787936210632e-01,-7.430623471736907959e-02,1.206286996603012085e-01,5.700333118438720703e-01,-6.635132431983947754e-02,3.469129651784896851e-02,-5.964241623878479004e-01,4.667313694953918457e-01,2.299333177506923676e-02,-4.612698256969451904e-01,-4.932764470577239990e-01,-1.662894487380981445e-01,8.370696008205413818e-02,1.842005923390388489e-02,2.370600104331970215e-01,1.504018753767013550e-01,-2.159984558820724487e-01,6.563297659158706665e-02,5.268960595130920410e-01,-5.980439782142639160e-01,1.319756507873535156e-01,-4.918751418590545654e-01,6.586618721485137939e-02,-4.540297389030456543e-01,5.343911647796630859e-01,-2.138361334800720215e-01,-5.764024853706359863e-01,-5.761253996752202511e-04,5.438666343688964844e-01,-3.175531625747680664e-01,-5.638046860694885254e-01,6.480026841163635254e-01,5.748444818891584873e-04,-4.998045265674591064e-01,2.491815015673637390e-03,-5.951851010322570801e-01,-4.681372642517089844e-01,1.850958764553070068e-01,3.976715262979269028e-03,4.622980356216430664e-01,4.930749535560607910e-01,-1.622728705406188965e-01,-3.153364956378936768e-01,-5.239548683166503906e-01,4.076071083545684814e-01,-5.846583247184753418e-01,1.406626403331756592e-01,2.589444518089294434e-01,-3.009218971783411689e-06,-4.081367850303649902e-01,4.297422766685485840e-01,-2.905136346817016602e-01,2.394469380378723145e-01,-6.503331661224365234e-01,-5.281084775924682617e-01,6.216803789138793945e-01,2.130240797996520996e-01,-5.990529060363769531e-01,-4.414327144622802734e-01,-3.852142021059989929e-02,-2.147671021521091461e-02,6.136311292648315430e-01,-5.060727596282958984e-01,-5.629787445068359375e-01,1.676828861236572266e-01,4.975994527339935303e-01,-5.502806305885314941e-01,2.309031933546066284e-01,1.817776411771774292e-01,-5.591896176338195801e-01,4.696930348873138428e-01,3.332304060459136963e-01,6.011031270027160645e-01,5.566380023956298828e-01,-2.781950533390045166e-01,-4.455839097499847412e-01,-4.757419824600219727e-01,-2.232527360320091248e-02,4.942525923252105713e-01
-8.990935236215591431e-02,7.238997519016265869e-02,-6.743077039718627930e-01,5.995172858238220215e-01,4.196505546569824219e-01,9.203072637319564819e-02,-9.554851800203323364e-02,2.360036075115203857e-01,4.776207804679870605e-01,5.471918582916259766e-01,-1.230748742818832397e-01,-4.080739319324493408e-01,4.655238091945648193e-01,6.136485338211059570e-01,6.574333310127258301e-01,6.691614985466003418e-01,-1.718357950448989868e-02,5.131121277809143066e-01,-6.745042800903320312e-01,-5.263521075248718262e-01,-3.916496336460113525e-01,6.088855862617492676e-01,5.082820057868957520e-01,-1.869661509990692139e-01,1.098095700144767761e-01,5.686838030815124512e-01,-6.650589704513549805e-01,-2.821211814880371094e-01,6.054866909980773926e-01,-6.575085222721099854e-02,8.996050804853439331e-02,-7.617887258529663086e-01,5.372559428215026855e-01,5.862787365913391113e-01,-1.317503303289413452e-02,-6.809599995613098145e-01,5.459441542625427246e-01,6.322945952415466309e-01,-4.311866760253906250e-01,-5.775534510612487793e-01,6.418902873992919922e-01,1.083308383822441101e-01,6.223517060279846191e-01,2.501331865787506104e-01,-4.043731093406677246e-02,-6.021988987922668457e-01,-6.813728809356689453e-01,-1.933176219463348389e-01,-1.291120946407318115e-01,-9.618985652923583984e-02,1.965769194066524506e-02,2.714152447879314423e-02,5.034421086311340332e-01,-4.887966439127922058e-02,-1.063031777739524841e-01,-7.379534840583801270e-01,4.562541842460632324e-01,2.946212701499462128e-02,-5.918061733245849609e-01,-5.791054368019104004e-01,-6.711814552545547485e-02,-6.785076111555099487e-02,1.884630136191844940e-02,1.926765292882919312e-01,8.035486191511154175e-02,-2.472908198833465576e-01,2.516517341136932373e-01,6.642616987228393555e-01,-6.864296793937683105e-01,2.050823569297790527e-01,-5.939699411392211914e-01,-1.786382496356964111e-01,-3.723679482936859131e-01,6.326720118522644043e-01,-1.268445849418640137e-01,-6.952299475669860840e-01,-1.775336684659123421e-03,7.051715850830078125e-01,-2.927129864692687988e-01,-6.405208110809326172e-01,7.258595824241638184e-01,6.660082726739346981e-04,-5.929936170578002930e-01,-8.580471621826291084e-04,-6.548757553100585938e-01,-6.192877292633056641e-01,2.883999347686767578e-01,6.261861883103847504e-03,5.547794699668884277e-01,5.514678359031677246e-01,-1.208632439374923706e-01,-3.674955070018768311e-01,-6.092056035995483398e-01,4.170576632022857666e-01,-6.507387161254882812e-01,1.983068585395812988e-01,4.321788251399993896e-01,-3.382060185685986653e-06,-4.801368415355682373e-01,5.360921621322631836e-01,-3.086127340793609619e-01,2.663768529891967773e-01,-7.116307616233825684e-01,-6.342543959617614746e-01,7.624546885490417480e-01,1.460808515548706055e-01,-6.567943096160888672e-01,-6.198775172233581543e-01,1.869595050811767578e-02,-1.514580752700567245e-02,5.622222423553466797e-01,-6.132678389549255371e-01,-6.603356599807739258e-01,7.704021781682968140e-02,6.659745573997497559e-01,-6.266461610794067383e-01,2.872419655323028564e-01,3.173062801361083984e-01,-6.657027006149291992e-01,4.963921904563903809e-01,5.250539779663085938e-01,6.227398514747619629e-01,5.793289542198181152e-01,-4.112265110015869141e-01,-4.464967250823974609e-01,-5.254490375518798828e-01,-5.435951054096221924e-02,6.001916527748107910e-01
-1.916255801916122437e-01,-5.368210375308990479e-03,5.333190411329269409e-02,-1.479084193706512451e-01,-9.241800755262374878e-02,9.014821052551269531e-02,-5.409269779920578003e-02,-8.924171328544616699e-02,-2.139423489570617676e-01,-1.230748742818832397e-01,3.453651666641235352e-01,9.651743620634078979e-02,1.845910847187042236e-01,-1.506501436233520508e-01,-1.177834346890449524e-01,-4.023535177111625671e-02,-4.945692606270313263e-03,2.797279320657253265e-02,1.482554972171783447e-01,1.942500025033950806e-01,3.986814022064208984e-01,-4.528643190860748291e-02,-2.998751215636730194e-02,-1.002654954791069031e-01,-4.107524454593658447e-02,2.564702741801738739e-02,4.740422219038009644e-02,-7.542411237955093384e-02,5.959907546639442444e-02,-1.231167092919349670e-01,1.364661157131195068e-01,1.941200643777847290e-01,-2.302551269531250000e-01,-1.671909689903259277e-01,-1.144799776375293732e-02,-1.832798682153224945e-02,-3.558290004730224609e-02,-9.108456969261169434e-02,-1.286052167415618896e-01,3.534357249736785889e-01,-2.285651266574859619e-01,-2.469388395547866821e-01,2.064744196832180023e-02,-2.261822670698165894e-02,2.451722621917724609e-01,-1.191905140876770020e-01,1.563164740800857544e-01,4.561249166727066040e-02,-2.213923335075378418e-01,3.674133867025375366e-02,1.238127648830413818e-01,-1.284826248884201050e-01,-3.819350898265838623e-01,4.501449689269065857e-02,-2.019697427749633789e-01,9.907212108373641968e-02,-2.509868741035461426e-01,-1.798958983272314072e-03,3.910119086503982544e-02,1.584864705801010132e-01,2.292570024728775024e-01,-2.280521392822265625e-01,-8.783124387264251709e-03,-1.442610025405883789e-01,-1.389849781990051270e-01,4.584087803959846497e-02,2.649347484111785889e-01,-3.393624722957611084e-02,9.648492932319641113e-02,7.893776148557662964e-02,1.284557580947875977e-01,-3.868749737739562988e-01,2.638743519783020020e-01,-7.963213324546813965e-02,2.617586553096771240e-01,1.395542621612548828e-01,-2.212235471233725548e-03,-4.266000539064407349e-02,2.779881358146667480e-01,1.065482720732688904e-01,-2.479742467403411865e-01,-1.049137426889501512e-04,1.136975660920143127e-01,-4.568856675177812576e-03,2.079702913761138916e-01,-1.585384644567966461e-02,2.891704253852367401e-02,2.258626511320471764e-03,4.524289444088935852e-02,-1.373725384473800659e-01,2.205479145050048828e-01,9.553153067827224731e-02,1.335739940404891968e-01,-1.255679875612258911e-01,2.015532106161117554e-01,3.928142786026000977e-02,2.207926474511623383e-02,7.656823072466067970e-06,1.771938055753707886e-02,-5.750828608870506287e-02,1.419320702552795410e-01,6.943188607692718506e-03,2.032399177551269531e-01,8.595605939626693726e-02,-1.165573000907897949e-01,-4.196178913116455078e-01,2.577307522296905518e-01,-7.445408403873443604e-02,3.752323612570762634e-02,1.284588873386383057e-02,-2.395391762256622314e-01,1.515129804611206055e-01,1.318268477916717529e-01,-2.776747345924377441e-01,-8.298682421445846558e-02,1.437832713127136230e-01,5.341340601444244385e-02,4.909457638859748840e-02,1.476613581180572510e-01,-1.984658390283584595e-01,7.100660353899002075e-02,-2.475692033767700195e-01,-2.215501219034194946e-01,-6.396152824163436890e-02,2.139900922775268555e-01,1.415089815855026245e-01,-9.222906082868576050e-03,-1.114649251103401184e-01
-5.307044461369514465e-02,-4.852677136659622192e-02,4.945139288902282715e-01,-3.886764347553253174e-01,-4.527780115604400635e-01,5.589153245091438293e-02,6.976232677698135376e-02,-3.930057883262634277e-01,-3.800014555454254150e-01,-4.080739319324493408e-01,9.651743620634078979e-02,4.032409787178039551e-01,-3.210601806640625000e-01,-4.807463288307189941e-01,-5.396381616592407227e-01,-6.696107387542724609e-01,9.326782077550888062e-03,-3.498863875865936279e-01,4.604287147521972656e-01,4.257670044898986816e-01,2.780717015266418457e-01,-4.371441304683685303e-01,-3.240507245063781738e-01,1.342474073171615601e-01,-9.124627709388732910e-02,-5.441744923591613770e-01,5.507460236549377441e-01,3.718535900115966797e-01,-5.565469861030578613e-01,9.743316471576690674e-02,-7.637795992195606232e-03,6.354457736015319824e-01,-2.926211655139923096e-01,-5.202441811561584473e-01,2.462667040526866913e-02,6.011999249458312988e-01,-4.604536890983581543e-01,-5.193718075752258301e-01,5.295578241348266602e-01,5.114771127700805664e-01,-5.259332060813903809e-01,-8.901117742061614990e-02,-4.360949099063873291e-01,-2.024206221103668213e-01,-8.424215763807296753e-02,4.686087071895599365e-01,5.343459844589233398e-01,1.547483652830123901e-01,7.210464030504226685e-02,2.366867065429687500e-01,1.036840081214904785e-01,1.356635987758636475e-01,-4.198973476886749268e-01,3.067299351096153259e-02,1.385595500469207764e-01,6.611304879188537598e-01,-4.174261689186096191e-01,-2.654183469712734222e-02,3.933426439762115479e-01,3.784075081348419189e-01,6.721781194210052490e-02,3.953661769628524780e-02,-9.855169802904129028e-03,-1.865687072277069092e-01,-8.641069382429122925e-02,1.974673420190811157e-01,-7.925421744585037231e-02,-5.817345380783081055e-01,5.668480992317199707e-01,-3.063474595546722412e-01,5.604108572006225586e-01,1.682810783386230469e-01,2.665308713912963867e-01,-5.295725464820861816e-01,2.503782510757446289e-02,5.614069700241088867e-01,1.542928861454129219e-03,-6.072911620140075684e-01,1.221102550625801086e-01,5.484172701835632324e-01,-5.815222859382629395e-01,-5.917538655921816826e-04,5.596508979797363281e-01,2.747725695371627808e-03,6.096414923667907715e-01,4.972413182258605957e-01,-3.397118449211120605e-01,-7.003794424235820770e-03,-4.199350178241729736e-01,-5.176138877868652344e-01,1.167828664183616638e-01,9.256169945001602173e-02,3.853345513343811035e-01,-2.290659546852111816e-01,5.181139707565307617e-01,-4.265090078115463257e-02,-3.209879696369171143e-01,3.481855401332722977e-06,4.961877167224884033e-01,-4.540990293025970459e-01,4.041523039340972900e-01,-4.069108366966247559e-01,5.854987502098083496e-01,5.701904296875000000e-01,-5.571294426918029785e-01,-1.035795435309410095e-01,3.834938704967498779e-01,4.627989530563354492e-01,1.794746816158294678e-01,4.329136107116937637e-03,-4.224412143230438232e-01,3.904648721218109131e-01,5.095170140266418457e-01,-7.059609889984130859e-02,-5.617884397506713867e-01,4.989045858383178711e-01,-3.972174823284149170e-01,-2.239367812871932983e-01,5.985028147697448730e-01,-3.230562210083007812e-01,-3.719586431980133057e-01,-4.825965166091918945e-01,-4.560438692569732666e-01,1.934686303138732910e-01,4.250904917716979980e-01,3.511893153190612793e-01,9.286672808229923248e-03,-4.620158076286315918e-01
