3.182768821716308594e-01,9.620715864002704620e-03,-4.996876418590545654e-02,8.292651735246181488e-03,2.595437765121459961e-01,-1.644132137298583984e-01,3.603742644190788269e-02,3.334154188632965088e-01,7.247582823038101196e-02,4.982717335224151611e-02,-1.281861364841461182e-01,-1.070685237646102905e-01,-3.796242550015449524e-02,7.046337425708770752e-02,1.041862368583679199e-01,1.887159496545791626e-01,1.687512267380952835e-03,8.468225598335266113e-02,1.164933852851390839e-02,-4.002240672707557678e-02,-6.859663873910903931e-02,5.508178379386663437e-03,-5.460133776068687439e-02,6.882204115390777588e-02,1.847533881664276123e-02,1.142644137144088745e-01,1.097242534160614014e-02,-2.765804827213287354e-01,2.899746224284172058e-02,-9.721959382295608521e-02,-1.345807909965515137e-01,-6.965916603803634644e-02,1.599027961492538452e-02,3.244095668196678162e-02,-1.568376645445823669e-02,-8.305548876523971558e-02,4.907172545790672302e-02,7.892920076847076416e-02,-2.484614998102188110e-01,-3.093508183956146240e-01,2.593846917152404785e-01,9.384283423423767090e-02,-1.582271046936511993e-02,2.032553032040596008e-02,-2.664193883538246155e-02,1.054199635982513428e-01,-1.080519631505012512e-01,-1.213187500834465027e-01,2.554804459214210510e-02,5.424718558788299561e-02,-1.011304482817649841e-01,-9.706144034862518311e-02,2.354162186384201050e-01,-8.373397588729858398e-02,-4.761079698801040649e-02,-1.552223116159439087e-01,1.209589466452598572e-01,7.036731578409671783e-03,-5.100900772958993912e-03,-6.229768320918083191e-02,-5.913044512271881104e-02,-5.952369794249534607e-02,3.302594181150197983e-03,1.582388579845428467e-01,9.469681978225708008e-02,-1.679470576345920563e-02,-1.113413050770759583e-01,1.988678425550460815e-01,-9.993439167737960815e-02,2.403628230094909668e-01,-2.056918889284133911e-01,1.680275797843933105e-01,2.634689584374427795e-02,9.447147697210311890e-02,-1.732148379087448120e-01,-2.293137162923812866e-01,3.939839662052690983e-04,6.929661333560943604e-02,-1.283364295959472656e-01,-1.126132458448410034e-01,1.349386274814605713e-01,2.721665659919381142e-04,-1.243493929505348206e-01,-8.992836810648441315e-04,-3.405139148235321045e-01,2.098159119486808777e-02,1.608168184757232666e-01,2.801625756546854973e-03,-7.543551921844482422e-02,1.029747650027275085e-01,-1.574460864067077637e-01,7.464894652366638184e-02,-9.356537833809852600e-03,-1.567209511995315552e-02,-1.359875947237014771e-01,-2.501749396324157715e-01,1.596892178058624268e-01,-3.760880281333811581e-05,-1.475328356027603149e-01,2.519680559635162354e-01,-1.551697552204132080e-01,1.944041103124618530e-01,-1.017168760299682617e-01,-9.940003603696823120e-02,3.790979832410812378e-02,1.997196376323699951e-01,-9.652090375311672688e-04,-1.785969547927379608e-02,-2.496004700660705566e-01,3.848164109513163567e-03,2.610594965517520905e-02,5.199834331870079041e-02,-8.136180788278579712e-02,-5.029609054327011108e-02,1.578282564878463745e-01,-7.049512118101119995e-02,2.519988119602203369e-01,-5.758301541209220886e-02,-2.357318997383117676e-01,7.449704222381114960e-03,-6.133930757641792297e-02,1.757342517375946045e-01,1.567652523517608643e-01,6.919258832931518555e-02,-2.781964838504791260e-02,2.446618862450122833e-02,7.594120223075151443e-03,9.979945421218872070e-02
9.620715864002704620e-03,1.111871935427188873e-02,-8.821050077676773071e-02,5.982880666851997375e-02,4.794863983988761902e-02,-8.725886233150959015e-03,-7.277858909219503403e-03,4.319814592599868774e-02,3.481080010533332825e-02,4.708300903439521790e-02,6.044354522600769997e-04,-4.147217795252799988e-02,8.229211717844009399e-02,6.343881785869598389e-02,8.754936605691909790e-02,9.778486192226409912e-02,-2.327369526028633118e-03,5.032980814576148987e-02,-6.693945825099945068e-02,-5.258437618613243103e-02,-4.773985967040061951e-02,5.344383418560028076e-02,6.499332189559936523e-02,-2.613904327154159546e-02,1.194240059703588486e-02,8.857688307762145996e-02,-9.311783313751220703e-02,-5.274913460016250610e-02,8.790513128042221069e-02,-2.381333336234092712e-02,1.883253455162048340e-02,-1.008183956146240234e-01,6.047835573554039001e-02,6.601470708847045898e-02,-4.434857983142137527e-03,-9.834342449903488159e-02,5.157061666250228882e-02,7.801327854394912720e-02,-7.060664892196655273e-02,-4.786656424403190613e-02,7.276258617639541626e-02,1.073069404810667038e-02,8.484134078025817871e-02,1.822530105710029602e-02,5.801938241347670555e-04,-7.852027565240859985e-02,-8.421580493450164795e-02,-1.729389093816280365e-02,-1.713691977784037590e-03,-5.449653137475252151e-03,2.400038018822669983e-02,-1.813578233122825623e-02,3.252433612942695618e-02,-3.633414395153522491e-03,-3.161581233143806458e-02,-1.047473773360252380e-01,2.019314840435981750e-02,5.654077976942062378e-03,-6.056404858827590942e-02,-6.605344265699386597e-02,-6.699081975966691971e-03,6.930868607014417648e-03,1.835906296037137508e-03,1.855288818478584290e-02,-1.567372120916843414e-02,-2.525336481630802155e-02,3.307623416185379028e-02,9.054302424192428589e-02,-8.860436826944351196e-02,2.548163011670112610e-02,-7.701533287763595581e-02,-3.720940649509429932e-02,-1.670502498745918274e-02,8.546318113803863525e-02,-1.832560449838638306e-02,-7.695689052343368530e-02,-9.130541002377867699e-04,1.028909459710121155e-01,-1.267444714903831482e-02,-8.489455282688140869e-02,9.082748740911483765e-02,2.629089576657861471e-04,-8.422447741031646729e-02,-8.356934413313865662e-04,-7.127135992050170898e-02,-8.311922103166580200e-02,5.266937613487243652e-02,2.257794840261340141e-03,6.450359523296356201e-02,5.738852918148040771e-02,-1.340357027947902679e-02,-1.156203076243400574e-02,-6.788261979818344116e-02,2.389957197010517120e-02,-7.649634033441543579e-02,-1.280986797064542770e-02,5.682826414704322815e-02,-1.231192345585441217e-05,-7.714441418647766113e-02,6.321556866168975830e-02,-3.309836983680725098e-02,3.826023265719413757e-02,-9.630706161260604858e-02,-7.599585503339767456e-02,1.050435602664947510e-01,-1.337772794067859650e-02,-6.420698761940002441e-02,-8.653309196233749390e-02,-1.963386312127113342e-03,-3.434312529861927032e-03,5.939937382936477661e-02,-6.264787167310714722e-02,-8.062627911567687988e-02,-2.512454986572265625e-03,9.782907366752624512e-02,-8.611566573381423950e-02,6.144536659121513367e-02,3.502869978547096252e-02,-9.199582785367965698e-02,3.267412260174751282e-02,4.700819775462150574e-02,6.568188965320587158e-02,8.129876106977462769e-02,-4.148777201771736145e-02,-5.183662846684455872e-02,-5.710427835583686829e-02,2.230443758890032768e-03,6.567080318927764893e-02
-4.996876418590545654e-02,-8.821050077676773071e-02,7.413779497146606445e-01,-5.884042978286743164e-01,-3.594699203968048096e-01,-1.621472276747226715e-02,4.338908195495605469e-02,-3.417186439037322998e-01,-2.434938102960586548e-01,-4.110763072967529297e-01,9.447599761188030243e-03,3.672343492507934570e-01,-6.341011524200439453e-01,-5.871921181678771973e-01,-7.260883450508117676e-01,-7.249302268028259277e-01,1.987130381166934967e-02,-4.209603369235992432e-01,5.995563864707946777e-01,4.869119226932525635e-01,3.993348777294158936e-01,-4.964616894721984863e-01,-6.092762947082519531e-01,2.404154688119888306e-01,-1.038418784737586975e-01,-6.374555826187133789e-01,7.296008467674255371e-01,3.702425062656402588e-01,-7.238088846206665039e-01,1.893312036991119385e-01,-1.636244058609008789e-01,7.846689820289611816e-01,-5.271846652030944824e-01,-6.318445205688476562e-01,3.904020041227340698e-02,7.534471750259399414e-01,-4.415744841098785400e-01,-6.586796045303344727e-01,5.111996531486511230e-01,4.475575089454650879e-01,-5.528537034988403320e-01,-9.550475329160690308e-02,-6.882730126380920410e-01,-1.647278070449829102e-01,-2.797734737396240234e-02,6.442456841468811035e-01,7.228573560714721680e-01,1.536448746919631958e-01,3.401443362236022949e-02,1.165551096200942993e-01,-2.207529395818710327e-01,1.908146142959594727e-01,-2.872464060783386230e-01,5.083236098289489746e-02,2.516652643680572510e-01,8.057235479354858398e-01,-2.073397189378738403e-01,-5.043281242251396179e-02,5.037111639976501465e-01,6.038576960563659668e-01,6.372305750846862793e-02,-7.707582414150238037e-02,-1.722007058560848236e-02,-1.203810796141624451e-01,1.472460925579071045e-01,2.137303054332733154e-01,-2.666355967521667480e-01,-6.919849514961242676e-01,7.141680121421813965e-01,-1.605747342109680176e-01,6.366579532623291016e-01,3.486509919166564941e-01,1.617674231529235840e-01,-7.185797691345214844e-01,1.107436567544937134e-01,6.210541129112243652e-01,6.830664351582527161e-03,-8.099798560142517090e-01,1.594502329826354980e-01,6.985379457473754883e-01,-7.564793825149536133e-01,-2.376456046476960182e-03,6.793687939643859863e-01,8.104235865175724030e-03,5.368773341178894043e-01,6.778782606124877930e-01,-4.323745965957641602e-01,-1.861337572336196899e-02,-5.046240091323852539e-01,-5.028322339057922363e-01,1.049585714936256409e-01,1.174412816762924194e-01,5.954856276512145996e-01,-2.255233377218246460e-01,6.435487270355224609e-01,9.293835610151290894e-02,-4.862308204174041748e-01,1.053937376127578318e-04,6.086139678955078125e-01,-4.953787922859191895e-01,3.206585347652435303e-01,-2.478136420249938965e-01,7.691193222999572754e-01,6.404637694358825684e-01,-8.127111792564392090e-01,1.359038706868886948e-02,5.642965435981750488e-01,6.892071962356567383e-01,-6.161674484610557556e-02,2.900071069598197937e-02,-5.295451283454895020e-01,6.070370078086853027e-01,6.859166026115417480e-01,-8.371699601411819458e-02,-7.689167857170104980e-01,7.008731961250305176e-01,-4.572521150112152100e-01,-3.303256630897521973e-01,7.335571050643920898e-01,-3.005596995353698730e-01,-4.061555862426757812e-01,-5.737168788909912109e-01,-6.734039783477783203e-01,3.467709124088287354e-01,5.028925538063049316e-01,5.098105669021606445e-01,-2.596908621490001678e-02,-5.893305540084838867e-01
8.292651735246181488e-03,5.982880666851997375e-02,-5.884042978286743164e-01,6.172286868095397949e-01,1.680884212255477905e-01,9.113597869873046875e-02,-3.285737335681915283e-02,1.445828527212142944e-01,1.965516805648803711e-01,3.211106061935424805e-01,-8.179201930761337280e-02,-2.789322435855865479e-01,3.996060788631439209e-01,5.709854960441589355e-01,5.797435641288757324e-01,4.704060554504394531e-01,-1.310373097658157349e-02,3.318616747856140137e-01,-5.446183681488037109e-01,-3.919799327850341797e-01,-4.550673067569732666e-01,4.177826941013336182e-01,5.253088474273681641e-01,-1.770963221788406372e-01,8.188506960868835449e-02,3.607906103134155273e-01,-5.198985338211059570e-01,-1.080649495124816895e-01,4.967118203639984131e-01,-2.783777378499507904e-02,9.988947212696075439e-02,-6.472990512847900391e-01,5.328716635704040527e-01,5.005419850349426270e-01,-1.607304811477661133e-02,-5.386142134666442871e-01,3.208969533443450928e-01,4.830158948898315430e-01,-2.033325135707855225e-01,-4.459900856018066406e-01,4.085201323032379150e-01,1.068601906299591064e-01,4.997914135456085205e-01,1.232258677482604980e-01,-3.704911097884178162e-02,-4.184562861919403076e-01,-6.116905808448791504e-01,-1.371394395828247070e-01,-3.048979863524436951e-02,-7.001553475856781006e-02,1.915857344865798950e-01,-8.510459959506988525e-02,2.963564991950988770e-01,-6.987344473600387573e-02,-6.763751059770584106e-02,-5.981270670890808105e-01,1.947561949491500854e-01,3.576019406318664551e-02,-3.946998119354248047e-01,-5.287006497383117676e-01,-1.003008484840393066e-01,1.386977881193161011e-01,1.860167458653450012e-02,5.690180137753486633e-02,-7.419193536043167114e-02,-1.580372005701065063e-01,1.983197927474975586e-01,4.500645399093627930e-01,-5.357859134674072266e-01,-4.305224865674972534e-02,-4.412682950496673584e-01,-1.579633951187133789e-01,-2.044503837823867798e-01,5.899178981781005859e-01,-9.910916537046432495e-02,-4.687586128711700439e-01,-2.803022973239421844e-03,6.050547957420349121e-01,-3.043449223041534424e-01,-5.355557799339294434e-01,6.880813241004943848e-01,1.816148869693279266e-03,-4.467199146747589111e-01,-4.242867231369018555e-03,-3.710247874259948730e-01,-4.807334542274475098e-01,1.858751177787780762e-01,1.017990056425333023e-02,3.252111673355102539e-01,3.566959202289581299e-01,-7.326114177703857422e-02,-2.290741503238677979e-01,-5.419290065765380859e-01,2.549349367618560791e-01,-5.516534447669982910e-01,-1.687783189117908478e-02,3.276761174201965332e-01,-7.228439790196716785e-05,-3.588349223136901855e-01,3.115944564342498779e-01,-1.909466683864593506e-01,-2.103368565440177917e-02,-6.617031693458557129e-01,-4.550092518329620361e-01,6.677919030189514160e-01,1.473792940378189087e-01,-6.302549242973327637e-01,-4.970108568668365479e-01,1.847428232431411743e-01,-2.509055100381374359e-02,5.307152271270751953e-01,-6.017771959304809570e-01,-5.614243149757385254e-01,2.006970047950744629e-01,5.628254413604736328e-01,-5.332319140434265137e-01,2.061153501272201538e-01,2.363889962434768677e-01,-5.665923953056335449e-01,2.958323955535888672e-01,2.914597094058990479e-01,4.981588125228881836e-01,5.391424894332885742e-01,-2.933901250362396240e-01,-3.832179009914398193e-01,-4.380783736705780029e-01,1.138436049222946167e-02,4.566200971603393555e-01
2.595437765121459961e-01,4.794863983988761902e-02,-3.594699203968048096e-01,1.680884212255477905e-01,4.254036843776702881e-01,-1.572609394788742065e-01,1.426710467785596848e-02,4.812273085117340088e-01,1.222989410161972046e-01,1.963783353567123413e-01,-5.846113339066505432e-02,-2.288313210010528564e-01,3.075832128524780273e-01,2.165621370077133179e-01,3.896233141422271729e-01,5.408030748367309570e-01,-8.379910141229629517e-03,2.426677942276000977e-01,-1.950917989015579224e-01,-2.032921314239501953e-01,-9.841623902320861816e-02,1.820838898420333862e-01,1.773934215307235718e-01,-4.133994877338409424e-02,5.248594284057617188e-02,4.509139657020568848e-01,-3.525422513484954834e-01,-4.672277569770812988e-01,4.093044102191925049e-01,-2.194104939699172974e-01,-1.749903149902820587e-02,-3.861429691314697266e-01,1.533376723527908325e-01,2.723852694034576416e-01,-3.623178601264953613e-02,-4.360995292663574219e-01,2.252969890832901001e-01,3.519297838211059570e-01,-5.586077570915222168e-01,-3.548238873481750488e-01,4.461628496646881104e-01,8.890696614980697632e-02,3.199572861194610596e-01,8.461866527795791626e-02,4.130205512046813965e-02,-2.603416144847869873e-01,-3.819288313388824463e-01,-1.422492712736129761e-01,1.711431308649480343e-03,-3.541678888723254204e-03,8.956682868301868439e-03,-2.035364806652069092e-01,2.328380942344665527e-01,-5.487475171685218811e-02,-2.207916229963302612e-01,-5.295231342315673828e-01,1.517724841833114624e-01,2.782781794667243958e-02,-2.073535174131393433e-01,-2.556664943695068359e-01,-3.233942016959190369e-02,-6.780831515789031982e-02,5.888401065021753311e-03,1.711778193712234497e-01,-2.137614972889423370e-02,-1.021778881549835205e-01,4.508858174085617065e-02,5.180287361145019531e-01,-3.896019160747528076e-01,3.467524647712707520e-01,-4.678294956684112549e-01,-1.053947284817695618e-01,1.800346188247203827e-02,3.680997788906097412e-01,-1.604730784893035889e-01,-4.475953876972198486e-01,-4.019439686089754105e-03,4.572160243988037109e-01,-4.889983683824539185e-02,-3.909855782985687256e-01,3.869459033012390137e-01,1.157292630523443222e-03,-4.510091245174407959e-01,-5.193757824599742889e-03,-5.267593860626220703e-01,-3.195741772651672363e-01,3.834291696548461914e-01,1.221301779150962830e-02,1.747533231973648071e-01,2.971667647361755371e-01,-1.757753640413284302e-01,9.558386355638504028e-02,-1.923488527536392212e-01,1.427390053868293762e-02,-3.470586240291595459e-01,-2.529307901859283447e-01,3.669424355030059814e-01,-7.587358413729816675e-05,-4.398796260356903076e-01,4.393513500690460205e-01,-2.731574177742004395e-01,3.705631196498870850e-01,-3.921996951103210449e-01,-3.666735291481018066e-01,3.983211219310760498e-01,5.482665449380874634e-02,-1.275369822978973389e-01,-3.500480353832244873e-01,-2.443479448556900024e-01,-5.228976719081401825e-03,1.398890465497970581e-01,-1.270305961370468140e-01,-3.425483107566833496e-01,-1.054920554161071777e-01,5.229792594909667969e-01,-3.586724102497100830e-01,4.760514795780181885e-01,1.039046794176101685e-01,-5.224648118019104004e-01,8.681935071945190430e-02,1.439071148633956909e-01,3.217361867427825928e-01,3.915359675884246826e-01,-7.454466074705123901e-02,-2.189444899559020996e-01,-1.551088541746139526e-01,1.251180749386548996e-02,3.105652630329132080e-01
-1.644132137298583984e-01,-8.725886233150959015e-03,-1.621472276747226715e-02,9.113597869873046875e-02,-1.572609394788742065e-01,1.760963350534439087e-01,-2.566506154835224152e-03,-1.572840213775634766e-01,-9.156966954469680786e-02,-1.917001232504844666e-02,5.123153701424598694e-02,3.523337841033935547e-02,-1.488590799272060394e-02,5.349439755082130432e-02,-9.720444679260253906e-03,-1.174382343888282776e-01,-1.372386701405048370e-03,-4.526004940271377563e-02,-2.844350039958953857e-02,-1.874636113643646240e-02,2.951009944081306458e-02,4.112592339515686035e-02,9.316864609718322754e-02,-3.708875924348831177e-02,-8.635253645479679108e-03,-1.377258896827697754e-01,-7.783408742398023605e-03,1.863978505134582520e-01,2.198351547122001648e-02,5.683340504765510559e-02,6.703138351440429688e-02,2.370359748601913452e-02,1.069082878530025482e-02,6.260415911674499512e-02,5.307017825543880463e-03,4.380256682634353638e-02,-2.462564408779144287e-02,-3.432030975818634033e-02,1.577717810869216919e-01,6.883383542299270630e-02,-1.711058765649795532e-01,-3.456219658255577087e-02,1.910137757658958435e-02,1.041214680299162865e-03,4.840976372361183167e-02,-6.203090399503707886e-02,1.006631995551288128e-03,4.412976279854774475e-02,-4.549795761704444885e-02,-7.699290663003921509e-02,6.339570134878158569e-02,-6.104411557316780090e-03,-9.735967218875885010e-02,1.973013766109943390e-02,3.289584815502166748e-02,4.901193082332611084e-02,-2.564088068902492523e-02,-1.266497187316417694e-03,2.077412791550159454e-02,-9.734183549880981445e-03,2.725021727383136749e-02,4.119165986776351929e-02,6.313342018984258175e-04,-1.323957294225692749e-01,-6.297305226325988770e-02,1.356450933963060379e-02,5.200045183300971985e-02,-1.088969185948371887e-01,4.637666419148445129e-02,-1.610695719718933105e-01,9.038636088371276855e-02,-1.439519226551055908e-01,-2.294145524501800537e-02,-1.180727407336235046e-02,1.273055374622344971e-01,1.070051342248916626e-01,7.608218584209680557e-04,-7.669708225876092911e-03,6.360671017318964005e-03,4.629119858145713806e-02,-1.131424866616725922e-02,8.956394594861194491e-06,5.451058968901634216e-02,-6.554507417604327202e-04,1.941963583230972290e-01,-1.252994593232870102e-02,-8.817031234502792358e-02,-1.977810636162757874e-03,-2.302807755768299103e-02,-4.319885000586509705e-02,7.907097786664962769e-02,-5.468268692493438721e-02,-1.517642661929130554e-02,2.977612055838108063e-02,5.971469357609748840e-02,1.212198287248611450e-01,-5.118978768587112427e-02,1.798682205844670534e-05,8.866164833307266235e-02,-1.652790009975433350e-01,4.085642099380493164e-02,-1.752358824014663696e-01,2.650322020053863525e-02,4.718166962265968323e-02,-1.520292088389396667e-02,1.389148831367492676e-02,-4.772900789976119995e-02,2.171680517494678497e-02,1.966697722673416138e-01,-2.173914544982835650e-04,2.993004769086837769e-02,-1.120337173342704773e-01,1.310648769140243530e-02,1.056368649005889893e-01,-4.987349733710289001e-02,3.409285098314285278e-02,-1.504032313823699951e-01,4.476546868681907654e-02,8.927031606435775757e-02,1.632517017424106598e-02,3.069341741502285004e-02,-6.139333546161651611e-02,-5.565883591771125793e-02,-3.055341541767120361e-02,-4.577729105949401855e-02,-2.649126201868057251e-02,-1.557564130052924156e-03,-2.152322232723236084e-02
3.603742644190788269e-02,-7.277858909219503403e-03,4.338908195495605469e-02,-3.285737335681915283e-02,1.426710467785596848e-02,-2.566506154835224152e-03,6.922487169504165649e-02,3.278400003910064697e-02,-5.571196973323822021e-02,-1.738711446523666382e-02,-6.011069938540458679e-02,2.672439254820346832e-02,-8.767773956060409546e-02,-8.404950797557830811e-02,-6.842713803052902222e-02,-6.691732257604598999e-02,1.697525847703218460e-03,-2.899453416466712952e-02,1.643498800694942474e-02,2.652713283896446228e-02,3.952337801456451416e-02,-5.890863016247749329e-02,-5.978508293628692627e-02,4.562357813119888306e-02,-6.662401370704174042e-03,-6.390514969825744629e-02,9.266204386949539185e-02,8.571549318730831146e-03,-4.850462824106216431e-02,-2.959414944052696228e-02,-2.976196445524692535e-02,8.667476475238800049e-02,-1.173631567507982254e-02,-4.066113010048866272e-02,2.713532652705907822e-03,9.911128878593444824e-02,-3.623057156801223755e-02,-4.037019237875938416e-02,1.266579329967498779e-02,-1.922392472624778748e-02,-9.540124447084963322e-04,1.350205019116401672e-02,-7.359715551137924194e-02,-1.034229807555675507e-02,-4.506075009703636169e-02,8.952017128467559814e-02,3.412315249443054199e-02,-1.963450806215405464e-03,2.207530662417411804e-02,2.942745760083198547e-02,-2.163212560117244720e-02,-1.219611614942550659e-02,1.420550234615802765e-02,8.582634851336479187e-03,2.004401944577693939e-02,6.237842142581939697e-02,-7.353849243372678757e-03,-3.908997401595115662e-03,1.402260642498731613e-02,4.826092347502708435e-02,-1.825014129281044006e-02,-1.386576984077692032e-02,-1.285523991100490093e-03,5.518946051597595215e-02,2.796650677919387817e-02,1.637383550405502319e-02,-6.789138168096542358e-02,-3.814030438661575317e-02,6.869809329509735107e-02,3.339829668402671814e-02,4.137961193919181824e-03,7.004003226757049561e-02,3.332594037055969238e-02,-6.484109908342361450e-02,-2.975285984575748444e-02,-3.089685924351215363e-03,1.031511812470853329e-03,-6.087978556752204895e-02,-2.109656669199466705e-02,6.161478161811828613e-02,-4.375275224447250366e-02,-2.300664345966652036e-04,3.058341704308986664e-02,-4.932693555019795895e-04,-1.530530489981174469e-02,7.751477509737014771e-02,3.055301122367382050e-02,-1.804108731448650360e-03,-8.201032131910324097e-02,-2.434854581952095032e-02,-3.785705193877220154e-02,2.476955018937587738e-02,5.064844712615013123e-02,-3.548443689942359924e-02,2.109885960817337036e-02,-4.148881137371063232e-02,-2.552942838519811630e-03,-2.537516365919145755e-06,4.865097627043724060e-02,9.892445057630538940e-03,-9.765647351741790771e-03,2.498896233737468719e-02,7.307539880275726318e-02,4.268736764788627625e-02,-4.510513693094253540e-02,1.004391610622406006e-01,3.629928082227706909e-02,8.456514775753021240e-02,-6.978274881839752197e-02,3.710310673341155052e-03,-1.091593131422996521e-01,3.181720152497291565e-02,6.377672404050827026e-02,1.936776377260684967e-02,-3.935725986957550049e-02,4.179148748517036438e-02,-3.227658197283744812e-02,-1.822521723806858063e-02,1.457472238689661026e-02,-2.872625924646854401e-02,-3.273400664329528809e-02,-1.202488970011472702e-02,-4.209968075156211853e-02,5.823801085352897644e-02,5.334345996379852295e-02,4.429062828421592712e-02,-3.547875909134745598e-03,7.926374091766774654e-04
3.334154188632965088e-01,4.319814592599868774e-02,-3.417186439037322998e-01,1.445828527212142944e-01,4.812273085117340088e-01,-1.572840213775634766e-01,3.278400003910064697e-02,6.377208828926086426e-01,7.550062239170074463e-02,1.848496794700622559e-01,-5.318906903266906738e-02,-2.680575549602508545e-01,2.639032602310180664e-01,2.100101411342620850e-01,3.962802588939666748e-01,5.666013956069946289e-01,-6.359901279211044312e-03,2.175598740577697754e-01,-1.403635144233703613e-01,-2.028942853212356567e-01,9.102019481360912323e-03,1.982023566961288452e-01,1.413446813821792603e-01,-5.095851793885231018e-02,5.420053750276565552e-02,4.513209760189056396e-01,-3.169513940811157227e-01,-5.488521456718444824e-01,4.414922297000885010e-01,-2.646303772926330566e-01,-6.321573257446289062e-02,-3.476956188678741455e-01,5.377531796693801880e-02,3.207789957523345947e-01,-5.087342113256454468e-02,-4.377663135528564453e-01,2.265146225690841675e-01,3.600520789623260498e-01,-6.679881811141967773e-01,-4.202424585819244385e-01,4.622317552566528320e-01,9.364278614521026611e-02,2.743573784828186035e-01,9.142753481864929199e-02,1.147524639964103699e-01,-2.490279972553253174e-01,-3.808496296405792236e-01,-1.690383702516555786e-01,-4.724182188510894775e-03,-9.050878882408142090e-02,-4.155546799302101135e-02,-2.925311923027038574e-01,2.551915943622589111e-01,-1.062841191887855530e-01,-2.799536883831024170e-01,-5.458743572235107422e-01,2.059028595685958862e-01,3.194322809576988220e-02,-1.244889944791793823e-01,-2.449670881032943726e-01,-2.915499545633792877e-02,-1.220675632357597351e-01,4.317151382565498352e-03,1.624538600444793701e-01,-1.057096850126981735e-02,-9.663694351911544800e-02,-3.019517287611961365e-02,5.448201298713684082e-01,-3.988105356693267822e-01,4.397824704647064209e-01,-5.300861001014709473e-01,-1.481298804283142090e-01,5.740053579211235046e-02,3.864898979663848877e-01,-1.340678334236145020e-01,-4.581750035285949707e-01,-3.903127042576670647e-03,4.626354873180389404e-01,-3.775525093078613281e-02,-3.985349833965301514e-01,3.758140206336975098e-01,1.297635841183364391e-03,-4.768388569355010986e-01,-6.237361114472150803e-03,-5.738735795021057129e-01,-2.985531091690063477e-01,4.492867290973663330e-01,1.423157192766666412e-02,1.069405972957611084e-01,3.389565348625183105e-01,-2.045850753784179688e-01,2.046476602554321289e-01,-1.388043165206909180e-01,-2.435421384871006012e-02,-3.367756903171539307e-01,-3.430941998958587646e-01,3.951454460620880127e-01,-8.701661863597109914e-05,-4.918073117733001709e-01,4.882457852363586426e-01,-3.793135285377502441e-01,4.724179804325103760e-01,-3.722034990787506104e-01,-3.892001509666442871e-01,3.486964404582977295e-01,1.161192357540130615e-01,-2.047712542116641998e-02,-3.321408331394195557e-01,-3.246434926986694336e-01,5.447919829748570919e-04,1.003141775727272034e-01,-8.540772646665573120e-02,-3.458441793918609619e-01,-8.222978562116622925e-02,5.404219031333923340e-01,-3.385693132877349854e-01,5.565245747566223145e-01,1.102005094289779663e-01,-5.581008791923522949e-01,5.157591030001640320e-02,1.020912081003189087e-01,3.348715603351593018e-01,3.755405545234680176e-01,1.128359325230121613e-02,-2.699240744113922119e-01,-1.069734916090965271e-01,3.060362488031387329e-02,3.237673640251159668e-01
7.247582823038101196e-02,3.481080010533332825e-02,-2.434938102960586548e-01,1.965516805648803711e-01,1.222989410161972046e-01,-9.156966954469680786e-02,-5.571196973323822021e-02,7.550062239170074463e-02,2.264516204595565796e-01,1.608653664588928223e-01,-5.127837136387825012e-02,-1.387400180101394653e-01,2.135005146265029907e-01,2.243933975696563721e-01,2.644895315170288086e-01,2.870223224163055420e-01,-4.273622762411832809e-03,1.610796302556991577e-01,-2.461694777011871338e-01,-1.638707071542739868e-01,-3.016716539859771729e-01,1.674683094024658203e-01,1.656110137701034546e-01,-8.228860795497894287e-02,4.621920362114906311e-02,2.875883579254150391e-01,-2.518956661224365234e-01,-1.266722083091735840e-01,1.704840809106826782e-01,-1.157610584050416946e-02,9.846995584666728973e-03,-3.586312830448150635e-01,2.687458992004394531e-01,1.620779335498809814e-01,-3.908853512257337570e-03,-2.932770252227783203e-01,1.647529155015945435e-01,2.387317866086959839e-01,-1.282238960266113281e-01,-1.866654157638549805e-01,3.047855496406555176e-01,6.130801513791084290e-02,2.074929028749465942e-01,4.702829569578170776e-02,-9.371991455554962158e-02,-1.599579304456710815e-01,-2.468398809432983398e-01,-7.226628065109252930e-02,3.637207299470901489e-02,2.368726395070552826e-02,4.481166228652000427e-02,4.852179065346717834e-02,1.942288726568222046e-01,-4.888107627630233765e-02,-1.443795021623373032e-02,-2.832833826541900635e-01,8.086812496185302734e-02,1.497097406536340714e-02,-2.082153558731079102e-01,-2.277576327323913574e-01,-7.132968306541442871e-02,6.858126819133758545e-02,8.350010029971599579e-03,1.328456848859786987e-01,2.554373256862163544e-02,-8.690868318080902100e-02,6.803858280181884766e-02,2.537508606910705566e-01,-2.899150550365447998e-01,3.751312941312789917e-02,-2.178524881601333618e-01,6.940466165542602539e-02,-1.213385984301567078e-01,2.803591489791870117e-01,-1.385294497013092041e-01,-2.548831701278686523e-01,-1.952514168806374073e-03,2.777572274208068848e-01,-1.347701102495193481e-01,-2.819479405879974365e-01,3.286331892013549805e-01,7.818320882506668568e-04,-1.983069926500320435e-01,1.481301442254334688e-04,-2.587520778179168701e-01,-2.125259935855865479e-01,8.634591847658157349e-02,5.357886198908090591e-03,2.338091284036636353e-01,1.787796020507812500e-01,-4.926630482077598572e-02,-1.101116389036178589e-01,-2.726255655288696289e-01,1.361797749996185303e-01,-2.947901189327239990e-01,-3.615790605545043945e-02,1.154939308762550354e-01,-3.832789661828428507e-05,-2.061876356601715088e-01,2.280400991439819336e-01,-6.141961365938186646e-02,8.871936798095703125e-02,-3.464493155479431152e-01,-2.304158359766006470e-01,3.474640846252441406e-01,-2.332038991153240204e-02,-3.042092025279998779e-01,-2.534099221229553223e-01,-1.689954288303852081e-02,-1.716558821499347687e-02,2.886939942836761475e-01,-2.139398157596588135e-01,-2.704125940799713135e-01,2.807063423097133636e-02,2.392155379056930542e-01,-2.855524122714996338e-01,1.390841901302337646e-01,7.632002979516983032e-02,-2.852891385555267334e-01,1.383168697357177734e-01,1.048802509903907776e-01,2.712476849555969238e-01,2.724527716636657715e-01,-1.428133249282836914e-01,-1.286608278751373291e-01,-2.101645320653915405e-01,1.445700414478778839e-02,1.989759355783462524e-01
4.982717335224151611e-02,4.708300903439521790e-02,-4.110763072967529297e-01,3.211106061935424805e-01,1.963783353567123413e-01,-1.917001232504844666e-02,-1.738711446523666382e-02,1.848496794700622559e-01,1.608653664588928223e-01,2.282213717699050903e-01,-3.736925497651100159e-02,-1.980347931385040283e-01,3.357870876789093018e-01,3.155148029327392578e-01,4.053011834621429443e-01,4.226125478744506836e-01,-9.601760655641555786e-03,2.260922938585281372e-01,-3.473254442214965820e-01,-2.600130736827850342e-01,-2.635003626346588135e-01,2.550638318061828613e-01,3.093789815902709961e-01,-1.219420358538627625e-01,5.863635614514350891e-02,3.735549449920654297e-01,-4.020841717720031738e-01,-1.970018595457077026e-01,3.896599709987640381e-01,-9.522502869367599487e-02,6.799639016389846802e-02,-4.727125763893127441e-01,3.214569687843322754e-01,3.309594988822937012e-01,-1.758373156189918518e-02,-4.303281605243682861e-01,2.364123463630676270e-01,3.622884154319763184e-01,-2.799741029739379883e-01,-2.650375664234161377e-01,3.479989171028137207e-01,6.446108222007751465e-02,3.631887733936309814e-01,8.470370620489120483e-02,-2.918830886483192444e-02,-3.322747647762298584e-01,-4.069139361381530762e-01,-8.911214023828506470e-02,3.285074140876531601e-03,-4.257963970303535461e-02,1.052777767181396484e-01,-7.263471931219100952e-02,1.915467232465744019e-01,-3.600119054317474365e-02,-1.092975661158561707e-01,-4.729071855545043945e-01,1.151557788252830505e-01,2.589729987084865570e-02,-2.819261550903320312e-01,-3.251546621322631836e-01,-5.672292783856391907e-02,5.232877284288406372e-02,9.787712246179580688e-03,1.115335077047348022e-01,-4.955433681607246399e-02,-1.172285526990890503e-01,1.174899041652679443e-01,3.940959274768829346e-01,-4.066309332847595215e-01,8.736015856266021729e-02,-3.616833686828613281e-01,-1.219206750392913818e-01,-1.018710508942604065e-01,4.088956117630004883e-01,-9.749136120080947876e-02,-3.636061251163482666e-01,-3.294149646535515785e-03,4.734782278537750244e-01,-1.178069040179252625e-01,-3.969712257385253906e-01,4.630974829196929932e-01,1.235640957020223141e-03,-3.672174513339996338e-01,-3.665423253551125526e-03,-3.323270380496978760e-01,-3.586964905261993408e-01,2.239495068788528442e-01,9.382452815771102905e-03,2.732643783092498779e-01,2.714226245880126953e-01,-7.067913562059402466e-02,-8.028548210859298706e-02,-3.395606577396392822e-01,1.330848187208175659e-01,-3.840448856353759766e-01,-5.975311994552612305e-02,2.456100732088088989e-01,-5.953459913143888116e-05,-3.266782462596893311e-01,2.931158840656280518e-01,-1.652617156505584717e-01,1.421082019805908203e-01,-4.640551209449768066e-01,-3.481054306030273438e-01,5.061450004577636719e-01,1.625851355493068695e-02,-3.555677831172943115e-01,-3.772903382778167725e-01,6.716915406286716461e-03,-1.737321913242340088e-02,3.019902408123016357e-01,-3.412768542766571045e-01,-3.836194574832916260e-01,5.930471420288085938e-02,4.387074410915374756e-01,-4.052947759628295898e-01,2.357704490423202515e-01,1.678497791290283203e-01,-4.403112232685089111e-01,1.692556887865066528e-01,2.022574096918106079e-01,3.389312624931335449e-01,3.829053640365600586e-01,-1.804649084806442261e-01,-2.507079541683197021e-01,-2.803148627281188965e-01,1.585339196026325226e-02,3.226408064365386963e-01
-1.281861364841461182e-01,6.044354522600769997e-04,9.447599761188030243e-03,-8.179201930761337280e-02,-5.846113339066505432e-02,5.123153701424598694e-02,-6.011069938540458679e-02,-5.318906903266906738e-02,-5.127837136387825012e-02,-3.736925497651100159e-02,1.748339533805847168e-01,2.746690623462200165e-02,1.205515339970588684e-01,-1.544928457587957382e-02,-4.054590128362178802e-03,2.664430625736713409e-02,-3.486103145405650139e-03,-3.279639407992362976e-02,9.110556542873382568e-02,2.402087487280368805e-02,1.619796901941299438e-01,1.445415057241916656e-02,3.631469979882240295e-02,-5.836408585309982300e-02,-1.209829095751047134e-02,3.948033601045608521e-02,-9.495965391397476196e-02,-8.384702727198600769e-03,8.607807010412216187e-02,-8.146222680807113647e-03,9.641678631305694580e-02,2.034050971269607544e-02,-1.441703885793685913e-01,1.715816371142864227e-02,-9.118057787418365479e-03,-7.061370462179183960e-02,-2.093031071126461029e-03,-1.495785173028707504e-02,-5.434180423617362976e-02,1.856299042701721191e-01,-1.584123820066452026e-01,-7.891766726970672607e-02,8.212974667549133301e-02,1.598838716745376587e-03,1.525508463382720947e-01,-1.689658910036087036e-01,5.743558704853057861e-02,6.409380584955215454e-02,-5.627240240573883057e-02,-8.778672665357589722e-02,4.147486016154289246e-02,-4.353136569261550903e-02,-1.840173304080963135e-01,4.799105972051620483e-02,-9.827827662229537964e-02,-1.562125701457262039e-02,-5.900053307414054871e-02,1.570093561895191669e-03,5.452948436141014099e-02,4.726260155439376831e-02,9.206797927618026733e-02,-3.741895034909248352e-02,-4.511890001595020294e-03,-1.573963463306427002e-01,-1.066337972879409790e-01,7.153065875172615051e-03,1.022829860448837280e-01,-9.451814927160739899e-03,-4.536195658147335052e-03,-2.496637217700481415e-02,6.433758884668350220e-02,-2.697672545909881592e-01,4.069835692644119263e-02,-2.087275870144367218e-02,1.510102897882461548e-01,1.205631345510482788e-01,-2.208627993240952492e-03,2.990144491195678711e-02,2.003217637538909912e-01,1.928641460835933685e-02,-1.119752228260040283e-01,4.591018296196125448e-05,-2.199369482696056366e-02,-1.215607975609600544e-03,1.522081196308135986e-01,-8.589600771665573120e-02,-4.805441945791244507e-03,2.535550622269511223e-03,7.214456796646118164e-02,-2.480976283550262451e-02,9.885226935148239136e-02,7.078213244676589966e-02,6.510356068611145020e-02,-4.522143676877021790e-02,1.200926974415779114e-01,8.545561134815216064e-02,-2.777490764856338501e-02,1.821518890210427344e-05,-3.672242537140846252e-02,-1.112862750887870789e-01,1.774534583091735840e-02,3.732832614332437515e-03,5.431187525391578674e-02,8.295117877423763275e-03,-5.041255056858062744e-02,-2.413529306650161743e-01,1.574643403291702271e-01,-6.237281486392021179e-02,9.533482044935226440e-02,2.978900680318474770e-03,-2.613483928143978119e-02,6.380414962768554688e-02,3.029556013643741608e-02,-8.345629274845123291e-02,-1.440341584384441376e-03,3.738264739513397217e-02,3.754062950611114502e-02,3.131840750575065613e-02,9.619536995887756348e-02,-4.435650631785392761e-02,4.908135905861854553e-02,-1.383823305368423462e-01,-6.218504905700683594e-02,-2.674513682723045349e-02,-4.285049438476562500e-02,2.707326784729957581e-02,1.671234262175858021e-03,-7.333777844905853271e-02
-1.070685237646102905e-01,-4.147217795252799988e-02,3.672343492507934570e-01,-2.789322435855865479e-01,-2.288313210010528564e-01,3.523337841033935547e-02,2.672439254820346832e-02,-2.680575549602508545e-01,-1.387400180101394653e-01,-1.980347931385040283e-01,2.746690623462200165e-02,2.117547690868377686e-01,-2.880965769290924072e-01,-3.107078075408935547e-01,-3.918339908123016357e-01,-4.315904378890991211e-01,7.332005072385072708e-03,-2.048608958721160889e-01,2.704701125621795654e-01,2.322299182415008545e-01,1.942157298326492310e-01,-2.459833920001983643e-01,-2.615001797676086426e-01,1.077482774853706360e-01,-5.441140756011009216e-02,-3.521620929241180420e-01,3.572763800621032715e-01,2.473107427358627319e-01,-3.733814358711242676e-01,9.921614080667495728e-02,-2.400233969092369080e-02,4.275108277797698975e-01,-2.310761660337448120e-01,-3.185475170612335205e-01,2.487922646105289459e-02,4.183211028575897217e-01,-2.177319377660751343e-01,-3.351047337055206299e-01,3.389571607112884521e-01,2.978618144989013672e-01,-3.406930267810821533e-01,-6.700594723224639893e-02,-3.132090866565704346e-01,-8.125270903110504150e-02,-2.540428377687931061e-02,2.910524606704711914e-01,3.801202774047851562e-01,1.062800213694572449e-01,1.002063509076833725e-02,7.470886409282684326e-02,-5.622224509716033936e-02,1.160929799079895020e-01,-1.997520029544830322e-01,6.871090829372406006e-02,1.327899247407913208e-01,4.666985869407653809e-01,-1.444552689790725708e-01,-2.626756019890308380e-02,2.029072046279907227e-01,2.967731356620788574e-01,4.649948701262474060e-02,-1.468991767615079880e-02,-8.650511503219604492e-03,-8.408795297145843506e-02,3.265663608908653259e-02,1.032981500029563904e-01,-7.794982194900512695e-02,-3.958882391452789307e-01,3.854268491268157959e-01,-1.388356834650039673e-01,3.679679930210113525e-01,1.261364221572875977e-01,7.430467754602432251e-02,-3.956359922885894775e-01,8.195359259843826294e-02,3.473138213157653809e-01,2.951579168438911438e-03,-4.436174035072326660e-01,1.095720604062080383e-01,3.834708034992218018e-01,-4.299983978271484375e-01,-1.233707182109355927e-03,3.535867631435394287e-01,3.513214644044637680e-03,3.546816706657409668e-01,3.218922615051269531e-01,-2.229931503534317017e-01,-9.779363870620727539e-03,-2.099777907133102417e-01,-2.688090503215789795e-01,8.299543708562850952e-02,2.076401934027671814e-02,2.795697450637817383e-01,-1.060467734932899475e-01,3.458722531795501709e-01,1.130342334508895874e-01,-2.465304732322692871e-01,5.903436976950615644e-05,3.406665623188018799e-01,-3.016111552715301514e-01,2.032798379659652710e-01,-1.761204600334167480e-01,4.328438043594360352e-01,3.323838114738464355e-01,-4.294219613075256348e-01,-4.189243167638778687e-02,2.658021748065948486e-01,3.453880250453948975e-01,3.693009167909622192e-02,1.239829789847135544e-02,-2.801226377487182617e-01,2.712825238704681396e-01,3.641658127307891846e-01,-4.409406706690788269e-02,-4.299134910106658936e-01,3.578333258628845215e-01,-2.889044284820556641e-01,-1.391579955816268921e-01,4.372208714485168457e-01,-1.390869021415710449e-01,-1.539741456508636475e-01,-3.221638202667236328e-01,-3.574710190296173096e-01,1.271232515573501587e-01,2.582260370254516602e-01,2.253769636154174805e-01,-2.271628566086292267e-02,-2.884581089019775391e-01
