9.999980926513671875e-01,-9.999979138374328613e-01,-9.999850988388061523e-01,9.999980330467224121e-01,9.999986886978149414e-01,-9.999983310699462891e-01,9.999853968620300293e-01,9.999989271163940430e-01,-9.999966025352478027e-01,9.999961256980895996e-01,-9.999955892562866211e-01,-9.999987483024597168e-01,9.999979138374328613e-01,9.999974966049194336e-01,9.999428391456604004e-01,9.999977350234985352e-01,9.999975562095642090e-01,-9.999980926513671875e-01,9.999605417251586914e-01,-9.999989867210388184e-01,-9.999988079071044922e-01,9.999848008155822754e-01,9.999973773956298828e-01,9.999983906745910645e-01,9.999854564666748047e-01,9.999988079071044922e-01,-9.999983310699462891e-01,-9.999986886978149414e-01,9.999735355377197266e-01,-9.999955296516418457e-01,-9.999969005584716797e-01,-9.999985098838806152e-01,9.999958276748657227e-01,9.999977350234985352e-01,-9.999967813491821289e-01,-9.999938607215881348e-01,9.999988079071044922e-01,9.999985098838806152e-01,9.999928474426269531e-01,-9.999987483024597168e-01,9.999983310699462891e-01,-9.999972581863403320e-01,9.999355673789978027e-01,9.999985098838806152e-01,9.999963045120239258e-01,9.999973773956298828e-01,9.999951720237731934e-01,9.999970793724060059e-01,9.999986886978149414e-01,-9.999983906745910645e-01,-9.999985694885253906e-01,-9.999969601631164551e-01,-9.999983310699462891e-01,-9.999894499778747559e-01,-9.999954700469970703e-01,-9.999975562095642090e-01,-9.999977350234985352e-01,9.999793767929077148e-01,9.999973773956298828e-01,9.999974966049194336e-01,-9.999946951866149902e-01,9.999988079071044922e-01,9.999980926513671875e-01,9.999950528144836426e-01,-9.999950528144836426e-01,-9.999986886978149414e-01,-9.999988079071044922e-01,-9.999927282333374023e-01,-9.999979138374328613e-01,9.999988079071044922e-01,-9.999985098838806152e-01,9.999973773956298828e-01,9.999963641166687012e-01,-9.999869465827941895e-01,9.998738169670104980e-01,-9.999977350234985352e-01,9.999849200248718262e-01,9.999981522560119629e-01,-9.999890923500061035e-01,-9.999972581863403320e-01,9.995220899581909180e-01,9.999974966049194336e-01,-9.999986886978149414e-01,9.999275207519531250e-01,-9.999983310699462891e-01,-9.999822974205017090e-01,9.999931454658508301e-01,9.999986290931701660e-01,-9.999817013740539551e-01,9.999979138374328613e-01,-9.999982714653015137e-01,9.999982714653015137e-01,-9.999698996543884277e-01,-9.999980926513671875e-01,9.999983906745910645e-01,-9.999974370002746582e-01,-9.999492764472961426e-01,9.999986886978149414e-01,-9.999985098838806152e-01,9.999912977218627930e-01,-9.999973773956298828e-01,9.999985694885253906e-01,-9.999865889549255371e-01,-9.999780654907226562e-01,9.999983906745910645e-01,9.999949932098388672e-01,9.999850392341613770e-01,-9.999972581863403320e-01,-9.999941587448120117e-01,9.999983906745910645e-01,-9.999972581863403320e-01,9.999985098838806152e-01,-9.999978542327880859e-01,-9.999911785125732422e-01,9.999989271163940430e-01,-9.999982714653015137e-01,9.999983310699462891e-01,-9.999986886978149414e-01,-9.999882578849792480e-01,-9.999977350234985352e-01,-9.999987483024597168e-01,9.999955892562866211e-01,9.999985098838806152e-01,-9.999972581863403320e-01,9.999764561653137207e-01,-9.999948740005493164e-01,-9.999302029609680176e-01,-9.999976754188537598e-01
-9.999979138374328613e-01,9.999979734420776367e-01,9.999846816062927246e-01,-9.999980330467224121e-01,-9.999988079071044922e-01,9.999984502792358398e-01,-9.999849796295166016e-01,-9.999989271163940430e-01,9.999966025352478027e-01,-9.999960064888000488e-01,9.999955296516418457e-01,9.999986886978149414e-01,-9.999979734420776367e-01,-9.999974370002746582e-01,-9.999409317970275879e-01,-9.999976754188537598e-01,-9.999975562095642090e-01,9.999981522560119629e-01,-9.999591708183288574e-01,9.999989271163940430e-01,9.999988079071044922e-01,-9.999845027923583984e-01,-9.999973177909851074e-01,-9.999983310699462891e-01,-9.999849200248718262e-01,-9.999989271163940430e-01,9.999982714653015137e-01,9.999987483024597168e-01,-9.999728202819824219e-01,9.999954104423522949e-01,9.999969005584716797e-01,9.999985098838806152e-01,-9.999958872795104980e-01,-9.999977350234985352e-01,9.999967813491821289e-01,9.999937415122985840e-01,-9.999988675117492676e-01,-9.999984502792358398e-01,-9.999927282333374023e-01,9.999987483024597168e-01,-9.999982714653015137e-01,9.999972581863403320e-01,-9.999332427978515625e-01,-9.999984502792358398e-01,-9.999962449073791504e-01,-9.999973773956298828e-01,-9.999951124191284180e-01,-9.999970793724060059e-01,-9.999986886978149414e-01,9.999983906745910645e-01,9.999985694885253906e-01,9.999968409538269043e-01,9.999983906745910645e-01,9.999892115592956543e-01,9.999953508377075195e-01,9.999974370002746582e-01,9.999977946281433105e-01,-9.999787807464599609e-01,-9.999973177909851074e-01,-9.999974966049194336e-01,9.999945759773254395e-01,-9.999988675117492676e-01,-9.999981522560119629e-01,-9.999949336051940918e-01,9.999948740005493164e-01,9.999987483024597168e-01,9.999988079071044922e-01,9.999925494194030762e-01,9.999979734420776367e-01,-9.999988079071044922e-01,9.999984502792358398e-01,-9.999973773956298828e-01,-9.999962449073791504e-01,9.999864697456359863e-01,-9.998694658279418945e-01,9.999977946281433105e-01,-9.999843835830688477e-01,-9.999980926513671875e-01,9.999887943267822266e-01,9.999972581863403320e-01,-9.995052814483642578e-01,-9.999974370002746582e-01,9.999986290931701660e-01,-9.999249577522277832e-01,9.999982714653015137e-01,9.999817609786987305e-01,-9.999930858612060547e-01,-9.999986290931701660e-01,9.999810457229614258e-01,-9.999978542327880859e-01,9.999982118606567383e-01,-9.999982118606567383e-01,9.999689459800720215e-01,9.999981522560119629e-01,-9.999983906745910645e-01,9.999973773956298828e-01,9.999475479125976562e-01,-9.999988079071044922e-01,9.999985694885253906e-01,-9.999909400939941406e-01,9.999973773956298828e-01,-9.999985098838806152e-01,9.999861121177673340e-01,9.999772906303405762e-01,-9.999983310699462891e-01,-9.999948143959045410e-01,-9.999845027923583984e-01,9.999971389770507812e-01,9.999940395355224609e-01,-9.999983906745910645e-01,9.999971985816955566e-01,-9.999984502792358398e-01,9.999977946281433105e-01,9.999909400939941406e-01,-9.999989867210388184e-01,9.999982714653015137e-01,-9.999982714653015137e-01,9.999986886978149414e-01,9.999880194664001465e-01,9.999977350234985352e-01,9.999988079071044922e-01,-9.999954700469970703e-01,-9.999986290931701660e-01,9.999972581863403320e-01,-9.999756217002868652e-01,9.999947547912597656e-01,9.999278187751770020e-01,9.999976754188537598e-01
-9.999850988388061523e-01,9.999846816062927246e-01,9.998844265937805176e-01,-9.999854564666748047e-01,-9.999906420707702637e-01,9.999880194664001465e-01,-9.998857378959655762e-01,-9.999917149543762207e-01,9.999738335609436035e-01,-9.999701976776123047e-01,9.999656677246093750e-01,9.999907016754150391e-01,-9.999849796295166016e-01,-9.999804496765136719e-01,-9.995555877685546875e-01,-9.999828934669494629e-01,-9.999818801879882812e-01,9.999853372573852539e-01,-9.996927976608276367e-01,9.999921321868896484e-01,9.999909996986389160e-01,-9.998821020126342773e-01,-9.999796748161315918e-01,-9.999876618385314941e-01,-9.998864531517028809e-01,-9.999918937683105469e-01,9.999873042106628418e-01,9.999909400939941406e-01,-9.997942447662353516e-01,9.999651908874511719e-01,9.999768137931823730e-01,9.999890327453613281e-01,-9.999689459800720215e-01,-9.999828934669494629e-01,9.999752640724182129e-01,9.999521970748901367e-01,-9.999914765357971191e-01,-9.999892115592956543e-01,-9.999451041221618652e-01,9.999903440475463867e-01,-9.999872446060180664e-01,9.999788403511047363e-01,-9.994981884956359863e-01,-9.999884366989135742e-01,-9.999722242355346680e-01,-9.999802708625793457e-01,-9.999623894691467285e-01,-9.999783039093017578e-01,-9.999898672103881836e-01,9.999882578849792480e-01,9.999893903732299805e-01,9.999764561653137207e-01,9.999879002571105957e-01,9.999181628227233887e-01,9.999649524688720703e-01,9.999809861183166504e-01,9.999831318855285645e-01,-9.998388886451721191e-01,-9.999802112579345703e-01,-9.999812841415405273e-01,9.999585747718811035e-01,-9.999909400939941406e-01,-9.999861717224121094e-01,-9.999616742134094238e-01,9.999612569808959961e-01,9.999901056289672852e-01,9.999911785125732422e-01,9.999439120292663574e-01,9.999849796295166016e-01,-9.999906420707702637e-01,9.999886155128479004e-01,-9.999805688858032227e-01,-9.999719262123107910e-01,9.998980164527893066e-01,-9.990178346633911133e-01,9.999833703041076660e-01,-9.998819828033447266e-01,-9.999860525131225586e-01,9.999154210090637207e-01,9.999794960021972656e-01,-9.962868094444274902e-01,-9.999810457229614258e-01,9.999899268150329590e-01,-9.994353055953979492e-01,9.999870657920837402e-01,9.998624920845031738e-01,-9.999471902847290039e-01,-9.999892711639404297e-01,9.998570084571838379e-01,-9.999837279319763184e-01,9.999867677688598633e-01,-9.999867677688598633e-01,9.997658729553222656e-01,9.999860525131225586e-01,-9.999880790710449219e-01,9.999800324440002441e-01,9.996045827865600586e-01,-9.999908804893493652e-01,9.999898672103881836e-01,-9.999318122863769531e-01,9.999798536300659180e-01,-9.999889731407165527e-01,9.998950958251953125e-01,9.998294711112976074e-01,-9.999875426292419434e-01,-9.999607801437377930e-01,-9.998832941055297852e-01,9.999788999557495117e-01,9.999551177024841309e-01,-9.999874830245971680e-01,9.999793171882629395e-01,-9.999883770942687988e-01,9.999833703041076660e-01,9.999315142631530762e-01,-9.999919533729553223e-01,9.999872446060180664e-01,-9.999871253967285156e-01,9.999898076057434082e-01,9.999090433120727539e-01,9.999831914901733398e-01,9.999904632568359375e-01,-9.999660849571228027e-01,-9.999890327453613281e-01,9.999794960021972656e-01,-9.998162984848022461e-01,9.999597072601318359e-01,9.994562864303588867e-01,9.999826550483703613e-01
9.999980330467224121e-01,-9.999980330467224121e-01,-9.999854564666748047e-01,9.999981522560119629e-01,9.999988079071044922e-01,-9.999983906745910645e-01,9.999857544898986816e-01,9.999989271163940430e-01,-9.999966621398925781e-01,9.999962449073791504e-01,-9.999957084655761719e-01,-9.999986886978149414e-01,9.999980926513671875e-01,9.999975562095642090e-01,9.999442696571350098e-01,9.999978542327880859e-01,9.999976158142089844e-01,-9.999981522560119629e-01,9.999614953994750977e-01,-9.999989271163940430e-01,-9.999988079071044922e-01,9.999852776527404785e-01,9.999974370002746582e-01,9.999984502792358398e-01,9.999858140945434570e-01,9.999989867210388184e-01,-9.999982714653015137e-01,-9.999988079071044922e-01,9.999743103981018066e-01,-9.999956488609313965e-01,-9.999970793724060059e-01,-9.999986290931701660e-01,9.999959468841552734e-01,9.999977946281433105e-01,-9.999968409538269043e-01,-9.999940395355224609e-01,9.999988675117492676e-01,9.999985694885253906e-01,9.999930262565612793e-01,-9.999988675117492676e-01,9.999983906745910645e-01,-9.999973177909851074e-01,9.999370574951171875e-01,9.999985694885253906e-01,9.999964833259582520e-01,9.999974370002746582e-01,9.999952912330627441e-01,9.999972581863403320e-01,9.999986886978149414e-01,-9.999984502792358398e-01,-9.999986886978149414e-01,-9.999970197677612305e-01,-9.999984502792358398e-01,-9.999898076057434082e-01,-9.999955892562866211e-01,-9.999974966049194336e-01,-9.999978542327880859e-01,9.999798536300659180e-01,9.999974966049194336e-01,9.999976158142089844e-01,-9.999948143959045410e-01,9.999988675117492676e-01,9.999982714653015137e-01,9.999951720237731934e-01,-9.999951720237731934e-01,-9.999987483024597168e-01,-9.999988675117492676e-01,-9.999929070472717285e-01,-9.999980926513671875e-01,9.999988675117492676e-01,-9.999985694885253906e-01,9.999975562095642090e-01,9.999964237213134766e-01,-9.999871850013732910e-01,9.998769760131835938e-01,-9.999978542327880859e-01,9.999852776527404785e-01,9.999983310699462891e-01,-9.999894499778747559e-01,-9.999973773956298828e-01,9.995337724685668945e-01,9.999976158142089844e-01,-9.999987483024597168e-01,9.999292492866516113e-01,-9.999983310699462891e-01,-9.999827742576599121e-01,9.999933838844299316e-01,9.999986290931701660e-01,-9.999821186065673828e-01,9.999979138374328613e-01,-9.999983310699462891e-01,9.999983310699462891e-01,-9.999707341194152832e-01,-9.999981522560119629e-01,9.999983906745910645e-01,-9.999973773956298828e-01,-9.999504089355468750e-01,9.999988079071044922e-01,-9.999987483024597168e-01,9.999914169311523438e-01,-9.999973773956298828e-01,9.999986290931701660e-01,-9.999868869781494141e-01,-9.999786019325256348e-01,9.999983906745910645e-01,9.999951124191284180e-01,9.999853968620300293e-01,-9.999973177909851074e-01,-9.999943971633911133e-01,9.999983906745910645e-01,-9.999973773956298828e-01,9.999985098838806152e-01,-9.999979138374328613e-01,-9.999914765357971191e-01,9.999989867210388184e-01,-9.999983906745910645e-01,9.999982714653015137e-01,-9.999986886978149414e-01,-9.999886155128479004e-01,-9.999978542327880859e-01,-9.999988079071044922e-01,9.999957084655761719e-01,9.999986290931701660e-01,-9.999973177909851074e-01,9.999770522117614746e-01,-9.999949932098388672e-01,-9.999319314956665039e-01,-9.999977946281433105e-01
9.999986886978149414e-01,-9.999988079071044922e-01,-9.999906420707702637e-01,9.999988079071044922e-01,9.999992847442626953e-01,-9.999990463256835938e-01,9.999908208847045898e-01,9.999993443489074707e-01,-9.999978542327880859e-01,9.999975562095642090e-01,-9.999971985816955566e-01,-9.999992847442626953e-01,9.999987483024597168e-01,9.999983906745910645e-01,9.999641180038452148e-01,9.999985098838806152e-01,9.999984502792358398e-01,-9.999988079071044922e-01,9.999751448631286621e-01,-9.999994039535522461e-01,-9.999992847442626953e-01,9.999905228614807129e-01,9.999983310699462891e-01,9.999990463256835938e-01,9.999909400939941406e-01,9.999992847442626953e-01,-9.999989271163940430e-01,-9.999992251396179199e-01,9.999834299087524414e-01,-9.999971389770507812e-01,-9.999980926513671875e-01,-9.999992847442626953e-01,9.999974370002746582e-01,9.999985098838806152e-01,-9.999980330467224121e-01,-9.999961256980895996e-01,9.999993443489074707e-01,9.999990463256835938e-01,9.999955892562866211e-01,-9.999993443489074707e-01,9.999989271163940430e-01,-9.999982714653015137e-01,9.999594688415527344e-01,9.999991059303283691e-01,9.999977350234985352e-01,9.999982714653015137e-01,9.999969005584716797e-01,9.999982118606567383e-01,9.999992251396179199e-01,-9.999991059303283691e-01,-9.999991655349731445e-01,-9.999980926513671875e-01,-9.999990463256835938e-01,-9.999933838844299316e-01,-9.999971389770507812e-01,-9.999984502792358398e-01,-9.999986886978149414e-01,9.999870061874389648e-01,9.999983906745910645e-01,9.999984502792358398e-01,-9.999966025352478027e-01,9.999994039535522461e-01,9.999988079071044922e-01,9.999969005584716797e-01,-9.999968409538269043e-01,-9.999993443489074707e-01,-9.999993443489074707e-01,-9.999954104423522949e-01,-9.999987483024597168e-01,9.999992847442626953e-01,-9.999991059303283691e-01,9.999983906745910645e-01,9.999977350234985352e-01,-9.999917745590209961e-01,9.999206662178039551e-01,-9.999986290931701660e-01,9.999904036521911621e-01,9.999989271163940430e-01,-9.999932050704956055e-01,-9.999983310699462891e-01,9.996992945671081543e-01,9.999983906745910645e-01,-9.999992251396179199e-01,9.999544620513916016e-01,-9.999989867210388184e-01,-9.999889135360717773e-01,9.999957680702209473e-01,9.999991655349731445e-01,-9.999884963035583496e-01,9.999986886978149414e-01,-9.999989271163940430e-01,9.999989271163940430e-01,-9.999811053276062012e-01,-9.999988675117492676e-01,9.999991059303283691e-01,-9.999983906745910645e-01,-9.999681115150451660e-01,9.999992251396179199e-01,-9.999992251396179199e-01,9.999945163726806641e-01,-9.999983310699462891e-01,9.999992847442626953e-01,-9.999915957450866699e-01,-9.999861717224121094e-01,9.999990463256835938e-01,9.999967813491821289e-01,9.999905824661254883e-01,-9.999983906745910645e-01,-9.999963641166687012e-01,9.999989867210388184e-01,-9.999983310699462891e-01,9.999991059303283691e-01,-9.999986290931701660e-01,-9.999945163726806641e-01,9.999994039535522461e-01,-9.999989271163940430e-01,9.999989271163940430e-01,-9.999992847442626953e-01,-9.999926686286926270e-01,-9.999986290931701660e-01,-9.999992847442626953e-01,9.999971389770507812e-01,9.999991655349731445e-01,-9.999983310699462891e-01,9.999852776527404785e-01,-9.999967813491821289e-01,-9.999560713768005371e-01,-9.999985694885253906e-01
-9.999983310699462891e-01,9.999984502792358398e-01,9.999880194664001465e-01,-9.999983906745910645e-01,-9.999990463256835938e-01,9.999987483024597168e-01,-9.999882578849792480e-01,-9.999991655349731445e-01,9.999973177909851074e-01,-9.999968409538269043e-01,9.999963641166687012e-01,9.999989867210388184e-01,-9.999983906745910645e-01,-9.999980330467224121e-01,-9.999536275863647461e-01,-9.999982118606567383e-01,-9.999980926513671875e-01,9.999984502792358398e-01,-9.999680519104003906e-01,9.999993443489074707e-01,9.999991059303283691e-01,-9.999877810478210449e-01,-9.999978542327880859e-01,-9.999987483024597168e-01,-9.999881982803344727e-01,-9.999992251396179199e-01,9.999985694885253906e-01,9.999991059303283691e-01,-9.999786019325256348e-01,9.999963641166687012e-01,9.999975562095642090e-01,9.999988675117492676e-01,-9.999967217445373535e-01,-9.999980926513671875e-01,9.999974370002746582e-01,9.999950528144836426e-01,-9.999991655349731445e-01,-9.999988675117492676e-01,-9.999942779541015625e-01,9.999990463256835938e-01,-9.999987483024597168e-01,9.999977946281433105e-01,-9.999477267265319824e-01,-9.999988079071044922e-01,-9.999970793724060059e-01,-9.999979138374328613e-01,-9.999960064888000488e-01,-9.999977350234985352e-01,-9.999989271163940430e-01,9.999987483024597168e-01,9.999988079071044922e-01,9.999974966049194336e-01,9.999987483024597168e-01,9.999914765357971191e-01,9.999963045120239258e-01,9.999979734420776367e-01,9.999982118606567383e-01,-9.999833106994628906e-01,-9.999979138374328613e-01,-9.999980330467224121e-01,9.999957084655761719e-01,-9.999991059303283691e-01,-9.999985694885253906e-01,-9.999960660934448242e-01,9.999960064888000488e-01,9.999989867210388184e-01,9.999991059303283691e-01,9.999941587448120117e-01,9.999984502792358398e-01,-9.999991059303283691e-01,9.999988079071044922e-01,-9.999979734420776367e-01,-9.999970197677612305e-01,9.999893307685852051e-01,-9.998975992202758789e-01,9.999982714653015137e-01,-9.999877810478210449e-01,-9.999985098838806152e-01,9.999912381172180176e-01,9.999978542327880859e-01,-9.996122121810913086e-01,-9.999980330467224121e-01,9.999989271163940430e-01,-9.999412894248962402e-01,9.999986886978149414e-01,9.999856948852539062e-01,-9.999945163726806641e-01,-9.999988675117492676e-01,9.999851584434509277e-01,-9.999982714653015137e-01,9.999986290931701660e-01,-9.999986290931701660e-01,9.999756813049316406e-01,9.999985098838806152e-01,-9.999987483024597168e-01,9.999979138374328613e-01,9.999587535858154297e-01,-9.999991059303283691e-01,9.999988675117492676e-01,-9.999929070472717285e-01,9.999978542327880859e-01,-9.999988675117492676e-01,9.999890923500061035e-01,9.999822378158569336e-01,-9.999987483024597168e-01,-9.999960064888000488e-01,-9.999879002571105957e-01,9.999977946281433105e-01,9.999952912330627441e-01,-9.999987483024597168e-01,9.999977946281433105e-01,-9.999988675117492676e-01,9.999983310699462891e-01,9.999929070472717285e-01,-9.999992251396179199e-01,9.999986290931701660e-01,-9.999986290931701660e-01,9.999989867210388184e-01,9.999905228614807129e-01,9.999982118606567383e-01,9.999990463256835938e-01,-9.999963045120239258e-01,-9.999988675117492676e-01,9.999978542327880859e-01,-9.999809265136718750e-01,9.999958872795104980e-01,9.999433755874633789e-01,9.999981522560119629e-01
9.999853968620300293e-01,-9.999849796295166016e-01,-9.998857378959655762e-01,9.999857544898986816e-01,9.999908208847045898e-01,-9.999882578849792480e-01,9.998872280120849609e-01,9.999918341636657715e-01,-9.999742507934570312e-01,9.999705553054809570e-01,-9.999661445617675781e-01,-9.999908804893493652e-01,9.999851584434509277e-01,9.999808669090270996e-01,9.995609521865844727e-01,9.999830722808837891e-01,9.999821186065673828e-01,-9.999855160713195801e-01,9.996964931488037109e-01,-9.999922513961791992e-01,-9.999911189079284668e-01,9.998836517333984375e-01,9.999799728393554688e-01,9.999877810478210449e-01,9.998879432678222656e-01,9.999920725822448730e-01,-9.999875426292419434e-01,-9.999910593032836914e-01,9.997968673706054688e-01,-9.999657273292541504e-01,-9.999771118164062500e-01,-9.999891519546508789e-01,9.999694228172302246e-01,9.999831914901733398e-01,-9.999755620956420898e-01,-9.999529719352722168e-01,9.999915957450866699e-01,9.999893903732299805e-01,9.999457597732543945e-01,-9.999905824661254883e-01,9.999874830245971680e-01,-9.999791383743286133e-01,9.995043873786926270e-01,9.999886751174926758e-01,9.999725222587585449e-01,9.999805688858032227e-01,9.999628663063049316e-01,9.999787211418151855e-01,9.999900460243225098e-01,-9.999884963035583496e-01,-9.999895691871643066e-01,-9.999768137931823730e-01,-9.999880194664001465e-01,-9.999192357063293457e-01,-9.999653697013854980e-01,-9.999813437461853027e-01,-9.999833106994628906e-01,9.998409748077392578e-01,9.999805092811584473e-01,9.999815821647644043e-01,-9.999591708183288574e-01,9.999911189079284668e-01,9.999864101409912109e-01,9.999623298645019531e-01,-9.999617934226989746e-01,-9.999903440475463867e-01,-9.999912977218627930e-01,-9.999446868896484375e-01,-9.999852776527404785e-01,9.999908804893493652e-01,-9.999889135360717773e-01,9.999808669090270996e-01,9.999724626541137695e-01,-9.998993277549743652e-01,9.990298748016357422e-01,-9.999836087226867676e-01,9.998835325241088867e-01,9.999862313270568848e-01,-9.999165534973144531e-01,-9.999797940254211426e-01,9.963317513465881348e-01,9.999812841415405273e-01,-9.999901652336120605e-01,9.994422197341918945e-01,-9.999873042106628418e-01,-9.998642206192016602e-01,9.999478459358215332e-01,9.999893903732299805e-01,-9.998587965965270996e-01,9.999839663505554199e-01,-9.999870061874389648e-01,9.999870061874389648e-01,-9.997687339782714844e-01,-9.999863505363464355e-01,9.999883770942687988e-01,-9.999804496765136719e-01,-9.996094703674316406e-01,9.999909996986389160e-01,-9.999900460243225098e-01,9.999326467514038086e-01,-9.999802708625793457e-01,9.999891519546508789e-01,-9.998964667320251465e-01,-9.998316168785095215e-01,9.999877810478210449e-01,9.999613761901855469e-01,9.998847842216491699e-01,-9.999791383743286133e-01,-9.999557733535766602e-01,9.999877214431762695e-01,-9.999796748161315918e-01,9.999884963035583496e-01,-9.999837279319763184e-01,-9.999324083328247070e-01,9.999920725822448730e-01,-9.999874830245971680e-01,9.999874830245971680e-01,-9.999899268150329590e-01,-9.999102354049682617e-01,-9.999834299087524414e-01,-9.999906420707702637e-01,9.999666213989257812e-01,9.999892115592956543e-01,-9.999798536300659180e-01,9.998186230659484863e-01,-9.999603033065795898e-01,-9.994629621505737305e-01,-9.999828338623046875e-01
9.999989271163940430e-01,-9.999989271163940430e-01,-9.999917149543762207e-01,9.999989271163940430e-01,9.999993443489074707e-01,-9.999991655349731445e-01,9.999918341636657715e-01,9.999995231628417969e-01,-9.999980926513671875e-01,9.999979138374328613e-01,-9.999974966049194336e-01,-9.999993443489074707e-01,9.999989271163940430e-01,9.999986886978149414e-01,9.999679923057556152e-01,9.999987483024597168e-01,9.999986886978149414e-01,-9.999989867210388184e-01,9.999778270721435547e-01,-9.999995231628417969e-01,-9.999994039535522461e-01,9.999915361404418945e-01,9.999986290931701660e-01,9.999992847442626953e-01,9.999918937683105469e-01,9.999994635581970215e-01,-9.999991059303283691e-01,-9.999992847442626953e-01,9.999852180480957031e-01,-9.999974966049194336e-01,-9.999983310699462891e-01,-9.999992251396179199e-01,9.999977350234985352e-01,9.999987483024597168e-01,-9.999982118606567383e-01,-9.999965429306030273e-01,9.999994039535522461e-01,9.999992847442626953e-01,9.999960064888000488e-01,-9.999994039535522461e-01,9.999992251396179199e-01,-9.999984502792358398e-01,9.999638199806213379e-01,9.999992251396179199e-01,9.999979734420776367e-01,9.999984502792358398e-01,9.999973177909851074e-01,9.999985098838806152e-01,9.999992847442626953e-01,-9.999991655349731445e-01,-9.999992847442626953e-01,-9.999982714653015137e-01,-9.999992847442626953e-01,-9.999940991401672363e-01,-9.999974370002746582e-01,-9.999986886978149414e-01,-9.999988675117492676e-01,9.999884963035583496e-01,9.999985694885253906e-01,9.999986290931701660e-01,-9.999969601631164551e-01,9.999994039535522461e-01,9.999990463256835938e-01,9.999973177909851074e-01,-9.999971985816955566e-01,-9.999994039535522461e-01,-9.999994039535522461e-01,-9.999959468841552734e-01,-9.999989271163940430e-01,9.999993443489074707e-01,-9.999992251396179199e-01,9.999986886978149414e-01,9.999980330467224121e-01,-9.999926686286926270e-01,9.999291896820068359e-01,-9.999988079071044922e-01,9.999915361404418945e-01,9.999990463256835938e-01,-9.999939203262329102e-01,-9.999985098838806152e-01,9.997316598892211914e-01,9.999986290931701660e-01,-9.999994039535522461e-01,9.999593496322631836e-01,-9.999991059303283691e-01,-9.999901056289672852e-01,9.999961256980895996e-01,9.999993443489074707e-01,-9.999898076057434082e-01,9.999988675117492676e-01,-9.999991059303283691e-01,9.999992251396179199e-01,-9.999831318855285645e-01,-9.999990463256835938e-01,9.999991655349731445e-01,-9.999985694885253906e-01,-9.999716877937316895e-01,9.999994039535522461e-01,-9.999992847442626953e-01,9.999951124191284180e-01,-9.999985098838806152e-01,9.999993443489074707e-01,-9.999925494194030762e-01,-9.999877214431762695e-01,9.999991655349731445e-01,9.999971389770507812e-01,9.999916553497314453e-01,-9.999984502792358398e-01,-9.999967217445373535e-01,9.999991655349731445e-01,-9.999985098838806152e-01,9.999992847442626953e-01,-9.999988675117492676e-01,-9.999951720237731934e-01,9.999995231628417969e-01,-9.999992251396179199e-01,9.999991059303283691e-01,-9.999992847442626953e-01,-9.999935626983642578e-01,-9.999987483024597168e-01,-9.999994039535522461e-01,9.999975562095642090e-01,9.999992251396179199e-01,-9.999985098838806152e-01,9.999868869781494141e-01,-9.999971389770507812e-01,-9.999608397483825684e-01,-9.999987483024597168e-01
-9.999966025352478027e-01,9.999966025352478027e-01,9.999738335609436035e-01,-9.999966621398925781e-01,-9.999978542327880859e-01,9.999973177909851074e-01,-9.999742507934570312e-01,-9.999980926513671875e-01,9.999940991401672363e-01,-9.999933838844299316e-01,9.999922513961791992e-01,9.999977946281433105e-01,-9.999965429306030273e-01,-9.999956488609313965e-01,-9.998994469642639160e-01,-9.999960660934448242e-01,-9.999958276748657227e-01,9.999966621398925781e-01,-9.999305009841918945e-01,9.999982118606567383e-01,9.999979138374328613e-01,-9.999734163284301758e-01,-9.999954700469970703e-01,-9.999972581863403320e-01,-9.999743700027465820e-01,-9.999981522560119629e-01,9.999970793724060059e-01,9.999978542327880859e-01,-9.999534487724304199e-01,9.999921917915344238e-01,9.999947547912597656e-01,9.999974966049194336e-01,-9.999930262565612793e-01,-9.999960660934448242e-01,9.999943971633911133e-01,9.999893307685852051e-01,-9.999980330467224121e-01,-9.999975562095642090e-01,-9.999876022338867188e-01,9.999978542327880859e-01,-9.999970793724060059e-01,9.999952316284179688e-01,-9.998864531517028809e-01,-9.999973773956298828e-01,-9.999937415122985840e-01,-9.999955296516418457e-01,-9.999915957450866699e-01,-9.999951124191284180e-01,-9.999977350234985352e-01,9.999973177909851074e-01,9.999975562095642090e-01,9.999947547912597656e-01,9.999971985816955566e-01,9.999815821647644043e-01,9.999920725822448730e-01,9.999957084655761719e-01,9.999961256980895996e-01,-9.999635815620422363e-01,-9.999955296516418457e-01,-9.999957680702209473e-01,9.999907016754150391e-01,-9.999979138374328613e-01,-9.999968409538269043e-01,-9.999914169311523438e-01,9.999912381172180176e-01,9.999977946281433105e-01,9.999979734420776367e-01,9.999873638153076172e-01,9.999965429306030273e-01,-9.999979138374328613e-01,9.999973773956298828e-01,-9.999957084655761719e-01,-9.999936819076538086e-01,9.999769926071166992e-01,-9.997777938842773438e-01,9.999960660934448242e-01,-9.999734163284301758e-01,-9.999967813491821289e-01,9.999809861183166504e-01,9.999953508377075195e-01,-9.991577863693237305e-01,-9.999957084655761719e-01,9.999977946281433105e-01,-9.998722076416015625e-01,9.999971389770507812e-01,9.999689459800720215e-01,-9.999880790710449219e-01,-9.999976158142089844e-01,9.999676346778869629e-01,-9.999962449073791504e-01,9.999969601631164551e-01,-9.999970197677612305e-01,9.999470114707946777e-01,9.999968409538269043e-01,-9.999972581863403320e-01,9.999955296516418457e-01,9.999105334281921387e-01,-9.999979138374328613e-01,9.999976754188537598e-01,-9.999846220016479492e-01,9.999954700469970703e-01,-9.999975562095642090e-01,9.999763369560241699e-01,9.999614357948303223e-01,-9.999971985816955566e-01,-9.999911785125732422e-01,-9.999736547470092773e-01,9.999952316284179688e-01,9.999898672103881836e-01,-9.999971985816955566e-01,9.999953508377075195e-01,-9.999974370002746582e-01,9.999961853027343750e-01,9.999845623970031738e-01,-9.999981522560119629e-01,9.999970793724060059e-01,-9.999970793724060059e-01,9.999977350234985352e-01,9.999795556068420410e-01,9.999961853027343750e-01,9.999978542327880859e-01,-9.999923706054687500e-01,-9.999974966049194336e-01,9.999953508377075195e-01,-9.999585151672363281e-01,9.999909996986389160e-01,9.998769760131835938e-01,9.999960064888000488e-01
9.999961256980895996e-01,-9.999960064888000488e-01,-9.999701976776123047e-01,9.999962449073791504e-01,9.999975562095642090e-01,-9.999968409538269043e-01,9.999705553054809570e-01,9.999979138374328613e-01,-9.999933838844299316e-01,9.999923110008239746e-01,-9.999911189079284668e-01,-9.999975562095642090e-01,9.999960660934448242e-01,9.999950528144836426e-01,9.998851418495178223e-01,9.999956488609313965e-01,9.999953508377075195e-01,-9.999961853027343750e-01,9.999206066131591797e-01,-9.999979734420776367e-01,-9.999976158142089844e-01,9.999696016311645508e-01,9.999948143959045410e-01,9.999968409538269043e-01,9.999708533287048340e-01,9.999979138374328613e-01,-9.999966621398925781e-01,-9.999976754188537598e-01,9.999468326568603516e-01,-9.999910593032836914e-01,-9.999940395355224609e-01,-9.999971389770507812e-01,9.999920129776000977e-01,9.999955892562866211e-01,-9.999936223030090332e-01,-9.999877214431762695e-01,9.999977946281433105e-01,9.999971985816955566e-01,9.999859333038330078e-01,-9.999975562095642090e-01,9.999966621398925781e-01,-9.999945163726806641e-01,9.998703002929687500e-01,9.999970197677612305e-01,9.999928474426269531e-01,9.999948143959045410e-01,9.999904036521911621e-01,9.999945163726806641e-01,9.999974370002746582e-01,-9.999970197677612305e-01,-9.999972581863403320e-01,-9.999940395355224609e-01,-9.999968409538269043e-01,-9.999789595603942871e-01,-9.999909996986389160e-01,-9.999951124191284180e-01,-9.999956488609313965e-01,9.999585151672363281e-01,9.999949336051940918e-01,9.999951720237731934e-01,-9.999893903732299805e-01,9.999976754188537598e-01,9.999964237213134766e-01,9.999901652336120605e-01,-9.999900460243225098e-01,-9.999974966049194336e-01,-9.999977946281433105e-01,-9.999856948852539062e-01,-9.999960660934448242e-01,9.999976158142089844e-01,-9.999971389770507812e-01,9.999949932098388672e-01,9.999927878379821777e-01,-9.999737143516540527e-01,9.997463226318359375e-01,-9.999957084655761719e-01,9.999696016311645508e-01,9.999963641166687012e-01,-9.999783039093017578e-01,-9.999946951866149902e-01,9.990382194519042969e-01,9.999951124191284180e-01,-9.999973773956298828e-01,9.998541474342346191e-01,-9.999967217445373535e-01,-9.999644756317138672e-01,9.999864101409912109e-01,9.999971985816955566e-01,-9.999631643295288086e-01,9.999958276748657227e-01,-9.999966025352478027e-01,9.999965429306030273e-01,-9.999395012855529785e-01,-9.999963641166687012e-01,9.999969005584716797e-01,-9.999949336051940918e-01,-9.998978376388549805e-01,9.999975562095642090e-01,-9.999973773956298828e-01,9.999824166297912598e-01,-9.999948740005493164e-01,9.999971985816955566e-01,-9.999730587005615234e-01,-9.999558925628662109e-01,9.999967217445373535e-01,9.999899864196777344e-01,9.999700188636779785e-01,-9.999945163726806641e-01,-9.999884366989135742e-01,9.999967217445373535e-01,-9.999947547912597656e-01,9.999969601631164551e-01,-9.999957680702209473e-01,-9.999823570251464844e-01,9.999979734420776367e-01,-9.999966621398925781e-01,9.999967813491821289e-01,-9.999973773956298828e-01,-9.999766349792480469e-01,-9.999957680702209473e-01,-9.999975562095642090e-01,9.999912977218627930e-01,9.999971985816955566e-01,-9.999948143959045410e-01,9.999526143074035645e-01,-9.999896883964538574e-01,-9.998595714569091797e-01,-9.999955296516418457e-01
-9.999955892562866211e-01,9.999955296516418457e-01,9.999656677246093750e-01,-9.999957084655761719e-01,-9.999971985816955566e-01,9.999963641166687012e-01,-9.999661445617675781e-01,-9.999974966049194336e-01,9.999922513961791992e-01,-9.999911189079284668e-01,9.999898076057434082e-01,9.999971985816955566e-01,-9.999955296516418457e-01,-9.999942779541015625e-01,-9.998679161071777344e-01,-9.999949336051940918e-01,-9.999945759773254395e-01,9.999956488609313965e-01,-9.999086856842041016e-01,9.999976158142089844e-01,9.999973177909851074e-01,-9.999650120735168457e-01,-9.999939799308776855e-01,-9.999963045120239258e-01,-9.999662637710571289e-01,-9.999975562095642090e-01,9.999961853027343750e-01,9.999973177909851074e-01,-9.999387860298156738e-01,9.999896287918090820e-01,9.999931454658508301e-01,9.999966025352478027e-01,-9.999908208847045898e-01,-9.999949336051940918e-01,9.999926686286926270e-01,9.999858140945434570e-01,-9.999973773956298828e-01,-9.999967813491821289e-01,-9.999837279319763184e-01,9.999971985816955566e-01,-9.999962449073791504e-01,9.999937415122985840e-01,-9.998508095741271973e-01,-9.999964237213134766e-01,-9.999917745590209961e-01,-9.999940395355224609e-01,-9.999888539314270020e-01,-9.999935626983642578e-01,-9.999969601631164551e-01,9.999964833259582520e-01,9.999967217445373535e-01,9.999930262565612793e-01,9.999963641166687012e-01,9.999757409095764160e-01,9.999896287918090820e-01,9.999943971633911133e-01,9.999949932098388672e-01,-9.999521970748901367e-01,-9.999941587448120117e-01,-9.999943971633911133e-01,9.999877214431762695e-01,-9.999972581863403320e-01,-9.999958872795104980e-01,-9.999886751174926758e-01,9.999884963035583496e-01,9.999970793724060059e-01,9.999973773956298828e-01,9.999833703041076660e-01,9.999954700469970703e-01,-9.999972581863403320e-01,9.999966025352478027e-01,-9.999942183494567871e-01,-9.999917745590209961e-01,9.999697804450988770e-01,-9.997078180313110352e-01,9.999951124191284180e-01,-9.999649524688720703e-01,-9.999958872795104980e-01,9.999749064445495605e-01,9.999939203262329102e-01,-9.988934993743896484e-01,-9.999943971633911133e-01,9.999969601631164551e-01,-9.998321533203125000e-01,9.999962449073791504e-01,9.999591112136840820e-01,-9.999843239784240723e-01,-9.999967813491821289e-01,9.999574422836303711e-01,-9.999952316284179688e-01,9.999960064888000488e-01,-9.999960064888000488e-01,9.999303817749023438e-01,9.999958872795104980e-01,-9.999963045120239258e-01,9.999940991401672363e-01,9.998824596405029297e-01,-9.999971985816955566e-01,9.999969005584716797e-01,-9.999797940254211426e-01,9.999940395355224609e-01,-9.999967813491821289e-01,9.999690055847167969e-01,9.999493360519409180e-01,-9.999962449073791504e-01,-9.999883770942687988e-01,-9.999653100967407227e-01,9.999938011169433594e-01,9.999867081642150879e-01,-9.999963641166687012e-01,9.999938607215881348e-01,-9.999964833259582520e-01,9.999950528144836426e-01,9.999796748161315918e-01,-9.999976754188537598e-01,9.999961853027343750e-01,-9.999961256980895996e-01,9.999969005584716797e-01,9.999731183052062988e-01,9.999949336051940918e-01,9.999971389770507812e-01,-9.999898672103881836e-01,-9.999966621398925781e-01,9.999939203262329102e-01,-9.999454021453857422e-01,9.999881386756896973e-01,9.998383522033691406e-01,9.999948740005493164e-01
-9.999987483024597168e-01,9.999986886978149414e-01,9.999907016754150391e-01,-9.999986886978149414e-01,-9.999992847442626953e-01,9.999989867210388184e-01,-9.999908804893493652e-01,-9.999993443489074707e-01,9.999977946281433105e-01,-9.999975562095642090e-01,9.999971985816955566e-01,9.999992251396179199e-01,-9.999986886978149414e-01,-9.999983906745910645e-01,-9.999643564224243164e-01,-9.999985098838806152e-01,-9.999984502792358398e-01,9.999987483024597168e-01,-9.999752640724182129e-01,9.999993443489074707e-01,9.999992251396179199e-01,-9.999905228614807129e-01,-9.999983310699462891e-01,-9.999989271163940430e-01,-9.999909400939941406e-01,-9.999992847442626953e-01,9.999989271163940430e-01,9.999992251396179199e-01,-9.999834895133972168e-01,9.999970793724060059e-01,9.999980330467224121e-01,9.999991655349731445e-01,-9.999974966049194336e-01,-9.999985098838806152e-01,9.999978542327880859e-01,9.999960064888000488e-01,-9.999992847442626953e-01,-9.999991059303283691e-01,-9.999955296516418457e-01,9.999992847442626953e-01,-9.999989867210388184e-01,9.999981522560119629e-01,-9.999597072601318359e-01,-9.999989867210388184e-01,-9.999976754188537598e-01,-9.999983310699462891e-01,-9.999968409538269043e-01,-9.999982714653015137e-01,-9.999991059303283691e-01,9.999991059303283691e-01,9.999991059303283691e-01,9.999980926513671875e-01,9.999989867210388184e-01,9.999934434890747070e-01,9.999970793724060059e-01,9.999983906745910645e-01,9.999985694885253906e-01,-9.999871253967285156e-01,-9.999983310699462891e-01,-9.999983906745910645e-01,9.999966621398925781e-01,-9.999992251396179199e-01,-9.999987483024597168e-01,-9.999969005584716797e-01,9.999967813491821289e-01,9.999992251396179199e-01,9.999992251396179199e-01,9.999954700469970703e-01,9.999986886978149414e-01,-9.999992251396179199e-01,9.999991059303283691e-01,-9.999983310699462891e-01,-9.999976754188537598e-01,9.999917149543762207e-01,-9.999211430549621582e-01,9.999985694885253906e-01,-9.999904632568359375e-01,-9.999988079071044922e-01,9.999932646751403809e-01,9.999982118606567383e-01,-9.997016191482543945e-01,-9.999983906745910645e-01,9.999992251396179199e-01,-9.999546408653259277e-01,9.999988675117492676e-01,9.999889135360717773e-01,-9.999957084655761719e-01,-9.999991059303283691e-01,9.999885559082031250e-01,-9.999986886978149414e-01,9.999988675117492676e-01,-9.999989271163940430e-01,9.999812245368957520e-01,9.999988079071044922e-01,-9.999989867210388184e-01,9.999983906745910645e-01,9.999684095382690430e-01,-9.999991655349731445e-01,9.999991059303283691e-01,-9.999945759773254395e-01,9.999982714653015137e-01,-9.999991655349731445e-01,9.999915361404418945e-01,9.999862909317016602e-01,-9.999989271163940430e-01,-9.999967217445373535e-01,-9.999905824661254883e-01,9.999982118606567383e-01,9.999962449073791504e-01,-9.999989271163940430e-01,9.999983310699462891e-01,-9.999991059303283691e-01,9.999985694885253906e-01,9.999944567680358887e-01,-9.999994039535522461e-01,9.999989271163940430e-01,-9.999989867210388184e-01,9.999992251396179199e-01,9.999926090240478516e-01,9.999985694885253906e-01,9.999992847442626953e-01,-9.999971985816955566e-01,-9.999990463256835938e-01,9.999983310699462891e-01,-9.999852180480957031e-01,9.999967217445373535e-01,9.999564290046691895e-01,9.999985098838806152e-01
