9.999984502792358398e-01,-9.999987483024597168e-01,-9.999935626983642578e-01,9.999980330467224121e-01,9.999989271163940430e-01,-9.999988079071044922e-01,9.999959468841552734e-01,9.999992251396179199e-01,-9.999971985816955566e-01,9.999980926513671875e-01,-9.999987483024597168e-01,-9.999989271163940430e-01,9.999980926513671875e-01,9.999985098838806152e-01,9.999916553497314453e-01,9.999966621398925781e-01,9.999974370002746582e-01,-9.999984502792358398e-01,9.999933838844299316e-01,-9.999991059303283691e-01,-9.999989867210388184e-01,9.999927282333374023e-01,9.999985694885253906e-01,9.999982714653015137e-01,9.999888539314270020e-01,9.999989867210388184e-01,-9.999983310699462891e-01,-9.999989271163940430e-01,9.999890923500061035e-01,-9.999959468841552734e-01,-9.999924302101135254e-01,-9.999983906745910645e-01,9.999892711639404297e-01,9.999963641166687012e-01,-9.999977946281433105e-01,9.998770952224731445e-01,9.999990463256835938e-01,9.999986886978149414e-01,9.999919533729553223e-01,-9.999988675117492676e-01,9.999987483024597168e-01,-9.999920725822448730e-01,9.999797940254211426e-01,9.999989271163940430e-01,9.999983906745910645e-01,9.999983906745910645e-01,-9.999934434890747070e-01,9.999985694885253906e-01,9.999988079071044922e-01,-9.999985098838806152e-01,-9.999988675117492676e-01,-9.999982714653015137e-01,-9.999988675117492676e-01,-9.999929666519165039e-01,-9.999983310699462891e-01,-9.999982118606567383e-01,-9.999950528144836426e-01,9.999707341194152832e-01,9.999972581863403320e-01,9.999985098838806152e-01,-9.999983906745910645e-01,9.999989867210388184e-01,9.999983906745910645e-01,9.999954700469970703e-01,-9.999955296516418457e-01,-9.999988675117492676e-01,-9.999991059303283691e-01,-9.999960660934448242e-01,-9.999989271163940430e-01,9.999986886978149414e-01,-9.999987483024597168e-01,9.999978542327880859e-01,9.999905824661254883e-01,-9.999937415122985840e-01,-9.999763369560241699e-01,-9.999983310699462891e-01,9.999927878379821777e-01,9.999987483024597168e-01,-9.999945759773254395e-01,-9.999963045120239258e-01,9.999701380729675293e-01,9.999977350234985352e-01,-9.999989271163940430e-01,9.999979138374328613e-01,-9.999983906745910645e-01,-9.999892115592956543e-01,9.999810457229614258e-01,9.999989271163940430e-01,9.999848008155822754e-01,9.999098777770996094e-01,-9.999967217445373535e-01,9.999983906745910645e-01,-9.999822974205017090e-01,-9.999977946281433105e-01,9.999982118606567383e-01,-9.999978542327880859e-01,-9.999912977218627930e-01,9.999990463256835938e-01,-9.999988675117492676e-01,9.999959468841552734e-01,-9.999967217445373535e-01,9.999988079071044922e-01,-9.999291896820068359e-01,9.993360042572021484e-01,9.999986290931701660e-01,9.999974370002746582e-01,-9.999785423278808594e-01,-9.999983310699462891e-01,-9.999940395355224609e-01,9.999985098838806152e-01,-9.999984502792358398e-01,9.999983906745910645e-01,-9.999983906745910645e-01,-9.999672174453735352e-01,9.999991059303283691e-01,-9.999977946281433105e-01,9.999989867210388184e-01,-9.999984502792358398e-01,-9.999950528144836426e-01,-9.999979138374328613e-01,-9.999988079071044922e-01,9.999965429306030273e-01,9.999984502792358398e-01,-9.999976754188537598e-01,-9.999889731407165527e-01,-9.999954700469970703e-01,9.999904632568359375e-01,-9.999957084655761719e-01
-9.999987483024597168e-01,9.999989867210388184e-01,9.999946355819702148e-01,-9.999982714653015137e-01,-9.999991655349731445e-01,9.999990463256835938e-01,-9.999966025352478027e-01,-9.999992251396179199e-01,9.999977350234985352e-01,-9.999985694885253906e-01,9.999989867210388184e-01,9.999991655349731445e-01,-9.999985098838806152e-01,-9.999987483024597168e-01,-9.999932050704956055e-01,-9.999971389770507812e-01,-9.999979138374328613e-01,9.999987483024597168e-01,-9.999945163726806641e-01,9.999992847442626953e-01,9.999992251396179199e-01,-9.999939203262329102e-01,-9.999988675117492676e-01,-9.999985694885253906e-01,-9.999909400939941406e-01,-9.999992251396179199e-01,9.999986290931701660e-01,9.999991655349731445e-01,-9.999909996986389160e-01,9.999967813491821289e-01,9.999938607215881348e-01,9.999986886978149414e-01,-9.999911785125732422e-01,-9.999970197677612305e-01,9.999981522560119629e-01,-9.998989701271057129e-01,-9.999993443489074707e-01,-9.999988675117492676e-01,-9.999933838844299316e-01,9.999991059303283691e-01,-9.999989867210388184e-01,9.999935030937194824e-01,-9.999834895133972168e-01,-9.999991655349731445e-01,-9.999987483024597168e-01,-9.999985694885253906e-01,9.999945163726806641e-01,-9.999987483024597168e-01,-9.999990463256835938e-01,9.999988675117492676e-01,9.999991655349731445e-01,9.999986886978149414e-01,9.999991655349731445e-01,9.999942183494567871e-01,9.999986290931701660e-01,9.999985098838806152e-01,9.999960064888000488e-01,-9.999760389328002930e-01,-9.999977946281433105e-01,-9.999988079071044922e-01,9.999987483024597168e-01,-9.999992251396179199e-01,-9.999986886978149414e-01,-9.999962449073791504e-01,9.999962449073791504e-01,9.999989867210388184e-01,9.999993443489074707e-01,9.999966621398925781e-01,9.999991655349731445e-01,-9.999988675117492676e-01,9.999990463256835938e-01,-9.999983310699462891e-01,-9.999923110008239746e-01,9.999947547912597656e-01,9.999805688858032227e-01,9.999987483024597168e-01,-9.999940991401672363e-01,-9.999989867210388184e-01,9.999955296516418457e-01,9.999969005584716797e-01,-9.999754428863525391e-01,-9.999980330467224121e-01,9.999991059303283691e-01,-9.999982714653015137e-01,9.999986886978149414e-01,9.999910593032836914e-01,-9.999844431877136230e-01,-9.999991655349731445e-01,-9.999876022338867188e-01,-9.999259710311889648e-01,9.999971985816955566e-01,-9.999986886978149414e-01,9.999854564666748047e-01,9.999982714653015137e-01,-9.999986290931701660e-01,9.999982714653015137e-01,9.999929070472717285e-01,-9.999992251396179199e-01,9.999991059303283691e-01,-9.999966025352478027e-01,9.999973177909851074e-01,-9.999991059303283691e-01,9.999417662620544434e-01,-9.994542002677917480e-01,-9.999988675117492676e-01,-9.999977350234985352e-01,9.999823570251464844e-01,9.999985694885253906e-01,9.999951124191284180e-01,-9.999988079071044922e-01,9.999987483024597168e-01,-9.999985694885253906e-01,9.999986290931701660e-01,9.999731779098510742e-01,-9.999992251396179199e-01,9.999983310699462891e-01,-9.999992251396179199e-01,9.999986290931701660e-01,9.999958276748657227e-01,9.999983906745910645e-01,9.999990463256835938e-01,-9.999970793724060059e-01,-9.999986290931701660e-01,9.999980330467224121e-01,9.999909996986389160e-01,9.999962449073791504e-01,-9.999920725822448730e-01,9.999963641166687012e-01
-9.999935626983642578e-01,9.999946355819702148e-01,9.999732375144958496e-01,-9.999919533729553223e-01,-9.999957084655761719e-01,9.999951124191284180e-01,-9.999834299087524414e-01,-9.999960660934448242e-01,9.999887347221374512e-01,-9.999924302101135254e-01,9.999949932098388672e-01,9.999955892562866211e-01,-9.999924898147583008e-01,-9.999939799308776855e-01,-9.999654889106750488e-01,-9.999861121177673340e-01,-9.999895691871643066e-01,9.999938011169433594e-01,-9.999729990959167480e-01,9.999962449073791504e-01,9.999957680702209473e-01,-9.999702572822570801e-01,-9.999942183494567871e-01,-9.999931454658508301e-01,-9.999544024467468262e-01,-9.999958872795104980e-01,9.999932646751403809e-01,9.999955296516418457e-01,-9.999550580978393555e-01,9.999837279319763184e-01,9.999688863754272461e-01,9.999935030937194824e-01,-9.999557733535766602e-01,-9.999853372573852539e-01,9.999910593032836914e-01,-9.994974732398986816e-01,-9.999960660934448242e-01,-9.999943375587463379e-01,-9.999665617942810059e-01,9.999954104423522949e-01,-9.999946951866149902e-01,9.999675154685974121e-01,-9.999173283576965332e-01,-9.999955892562866211e-01,-9.999935030937194824e-01,-9.999931454658508301e-01,9.999727010726928711e-01,-9.999939203262329102e-01,-9.999951720237731934e-01,9.999942183494567871e-01,9.999951124191284180e-01,9.999932646751403809e-01,9.999955296516418457e-01,9.999711513519287109e-01,9.999929070472717285e-01,9.999927282333374023e-01,9.999800324440002441e-01,-9.998801350593566895e-01,-9.999887347221374512e-01,-9.999937415122985840e-01,9.999936223030090332e-01,-9.999958276748657227e-01,-9.999936223030090332e-01,-9.999814033508300781e-01,9.999815225601196289e-01,9.999953508377075195e-01,9.999961256980895996e-01,9.999837279319763184e-01,9.999957680702209473e-01,-9.999943971633911133e-01,9.999950528144836426e-01,-9.999912977218627930e-01,-9.999616146087646484e-01,9.999739527702331543e-01,9.999029636383056641e-01,9.999933242797851562e-01,-9.999705553054809570e-01,-9.999948740005493164e-01,9.999776482582092285e-01,9.999846816062927246e-01,-9.998776316642761230e-01,-9.999907016754150391e-01,9.999953508377075195e-01,-9.999915361404418945e-01,9.999932646751403809e-01,9.999558925628662109e-01,-9.999220371246337891e-01,-9.999956488609313965e-01,-9.999375939369201660e-01,-9.996315836906433105e-01,9.999865293502807617e-01,-9.999934434890747070e-01,9.999274611473083496e-01,9.999909400939941406e-01,-9.999927282333374023e-01,9.999914169311523438e-01,9.999645948410034180e-01,-9.999960064888000488e-01,9.999952316284179688e-01,-9.999833703041076660e-01,9.999870657920837402e-01,-9.999952316284179688e-01,9.997104406356811523e-01,-9.972896575927734375e-01,-9.999945759773254395e-01,-9.999892711639404297e-01,9.999120235443115234e-01,9.999932646751403809e-01,9.999755620956420898e-01,-9.999940395355224609e-01,9.999938011169433594e-01,-9.999930262565612793e-01,9.999932050704956055e-01,9.998661875724792480e-01,-9.999960064888000488e-01,9.999911785125732422e-01,-9.999958276748657227e-01,9.999933242797851562e-01,9.999796152114868164e-01,9.999914765357971191e-01,9.999951124191284180e-01,-9.999855756759643555e-01,-9.999932646751403809e-01,9.999904632568359375e-01,9.999547600746154785e-01,9.999815225601196289e-01,-9.999606013298034668e-01,9.999821186065673828e-01
9.999980330467224121e-01,-9.999982714653015137e-01,-9.999919533729553223e-01,9.999975562095642090e-01,9.999986290931701660e-01,-9.999985098838806152e-01,9.999949932098388672e-01,9.999988079071044922e-01,-9.999966025352478027e-01,9.999977350234985352e-01,-9.999983906745910645e-01,-9.999986290931701660e-01,9.999976754188537598e-01,9.999982118606567383e-01,9.999898076057434082e-01,9.999958276748657227e-01,9.999967813491821289e-01,-9.999981522560119629e-01,9.999918937683105469e-01,-9.999987483024597168e-01,-9.999986886978149414e-01,9.999911189079284668e-01,9.999981522560119629e-01,9.999978542327880859e-01,9.999865293502807617e-01,9.999986886978149414e-01,-9.999978542327880859e-01,-9.999985694885253906e-01,9.999866485595703125e-01,-9.999951124191284180e-01,-9.999907612800598145e-01,-9.999980330467224121e-01,9.999868273735046387e-01,9.999956488609313965e-01,-9.999972581863403320e-01,9.998512268066406250e-01,9.999988079071044922e-01,9.999983310699462891e-01,9.999900460243225098e-01,-9.999985694885253906e-01,9.999983906745910645e-01,-9.999903440475463867e-01,9.999755024909973145e-01,9.999986290931701660e-01,9.999980330467224121e-01,9.999978542327880859e-01,-9.999918937683105469e-01,9.999980330467224121e-01,9.999985694885253906e-01,-9.999982118606567383e-01,-9.999985098838806152e-01,-9.999979138374328613e-01,-9.999986290931701660e-01,-9.999913573265075684e-01,-9.999977946281433105e-01,-9.999977350234985352e-01,-9.999939799308776855e-01,9.999644756317138672e-01,9.999964833259582520e-01,9.999980926513671875e-01,-9.999980926513671875e-01,9.999986886978149414e-01,9.999979734420776367e-01,9.999944567680358887e-01,-9.999945163726806641e-01,-9.999985098838806152e-01,-9.999988079071044922e-01,-9.999951720237731934e-01,-9.999986290931701660e-01,9.999983310699462891e-01,-9.999985098838806152e-01,9.999973177909851074e-01,9.999886155128479004e-01,-9.999921917915344238e-01,-9.999713897705078125e-01,-9.999979734420776367e-01,9.999912381172180176e-01,9.999983906745910645e-01,-9.999933242797851562e-01,-9.999954104423522949e-01,9.999637603759765625e-01,9.999970793724060059e-01,-9.999985098838806152e-01,9.999974966049194336e-01,-9.999979138374328613e-01,-9.999868869781494141e-01,9.999769330024719238e-01,9.999986290931701660e-01,9.999815225601196289e-01,9.998909235000610352e-01,-9.999959468841552734e-01,9.999980330467224121e-01,-9.999785423278808594e-01,-9.999972581863403320e-01,9.999977350234985352e-01,-9.999973773956298828e-01,-9.999893903732299805e-01,9.999987483024597168e-01,-9.999985694885253906e-01,9.999949932098388672e-01,-9.999960064888000488e-01,9.999985098838806152e-01,-9.999142289161682129e-01,9.991963505744934082e-01,9.999983906745910645e-01,9.999966621398925781e-01,-9.999738931655883789e-01,-9.999978542327880859e-01,-9.999926686286926270e-01,9.999980926513671875e-01,-9.999980330467224121e-01,9.999978542327880859e-01,-9.999979138374328613e-01,-9.999603033065795898e-01,9.999987483024597168e-01,-9.999973773956298828e-01,9.999986886978149414e-01,-9.999979734420776367e-01,-9.999939203262329102e-01,-9.999973773956298828e-01,-9.999983310699462891e-01,9.999956488609313965e-01,9.999979734420776367e-01,-9.999971389770507812e-01,-9.999865293502807617e-01,-9.999944567680358887e-01,9.999883174896240234e-01,-9.999946355819702148e-01
9.999989271163940430e-01,-9.999991655349731445e-01,-9.999957084655761719e-01,9.999986290931701660e-01,9.999994039535522461e-01,-9.999992251396179199e-01,9.999972581863403320e-01,9.999994635581970215e-01,-9.999981522560119629e-01,9.999987483024597168e-01,-9.999992251396179199e-01,-9.999993443489074707e-01,9.999988079071044922e-01,9.999990463256835938e-01,9.999945163726806641e-01,9.999977350234985352e-01,9.999982714653015137e-01,-9.999989867210388184e-01,9.999955892562866211e-01,-9.999993443489074707e-01,-9.999993443489074707e-01,9.999951720237731934e-01,9.999991059303283691e-01,9.999988675117492676e-01,9.999926090240478516e-01,9.999994635581970215e-01,-9.999988675117492676e-01,-9.999992251396179199e-01,9.999928474426269531e-01,-9.999973177909851074e-01,-9.999949336051940918e-01,-9.999989271163940430e-01,9.999928474426269531e-01,9.999975562095642090e-01,-9.999985098838806152e-01,9.999182820320129395e-01,9.999994635581970215e-01,9.999991059303283691e-01,9.999946355819702148e-01,-9.999992847442626953e-01,9.999992847442626953e-01,-9.999947547912597656e-01,9.999865889549255371e-01,9.999992847442626953e-01,9.999989867210388184e-01,9.999988675117492676e-01,-9.999955892562866211e-01,9.999990463256835938e-01,9.999992251396179199e-01,-9.999992251396179199e-01,-9.999993443489074707e-01,-9.999989271163940430e-01,-9.999992847442626953e-01,-9.999952912330627441e-01,-9.999988675117492676e-01,-9.999988079071044922e-01,-9.999967217445373535e-01,9.999806284904479980e-01,9.999981522560119629e-01,9.999990463256835938e-01,-9.999989271163940430e-01,9.999993443489074707e-01,9.999989271163940430e-01,9.999969601631164551e-01,-9.999970197677612305e-01,-9.999992847442626953e-01,-9.999994039535522461e-01,-9.999973773956298828e-01,-9.999993443489074707e-01,9.999991059303283691e-01,-9.999992251396179199e-01,9.999986290931701660e-01,9.999938011169433594e-01,-9.999957680702209473e-01,-9.999842643737792969e-01,-9.999989271163940430e-01,9.999952316284179688e-01,9.999992251396179199e-01,-9.999963045120239258e-01,-9.999974966049194336e-01,9.999801516532897949e-01,9.999983906745910645e-01,-9.999993443489074707e-01,9.999986290931701660e-01,-9.999989271163940430e-01,-9.999928474426269531e-01,9.999874234199523926e-01,9.999992251396179199e-01,9.999898672103881836e-01,9.999402165412902832e-01,-9.999977946281433105e-01,9.999989271163940430e-01,-9.999881386756896973e-01,-9.999985694885253906e-01,9.999988079071044922e-01,-9.999985694885253906e-01,-9.999941587448120117e-01,9.999994039535522461e-01,-9.999993443489074707e-01,9.999972581863403320e-01,-9.999977946281433105e-01,9.999992847442626953e-01,-9.999529123306274414e-01,9.995585083961486816e-01,9.999991655349731445e-01,9.999982118606567383e-01,-9.999856948852539062e-01,-9.999989271163940430e-01,-9.999959468841552734e-01,9.999990463256835938e-01,-9.999989867210388184e-01,9.999988675117492676e-01,-9.999989271163940430e-01,-9.999783039093017578e-01,9.999994039535522461e-01,-9.999986290931701660e-01,9.999993443489074707e-01,-9.999989867210388184e-01,-9.999966621398925781e-01,-9.999985694885253906e-01,-9.999991655349731445e-01,9.999976158142089844e-01,9.999989271163940430e-01,-9.999983906745910645e-01,-9.999926686286926270e-01,-9.999969005584716797e-01,9.999936819076538086e-01,-9.999970197677612305e-01
-9.999988079071044922e-01,9.999990463256835938e-01,9.999951124191284180e-01,-9.999985098838806152e-01,-9.999992251396179199e-01,9.999990463256835938e-01,-9.999968409538269043e-01,-9.999993443489074707e-01,9.999979138374328613e-01,-9.999985098838806152e-01,9.999991059303283691e-01,9.999991655349731445e-01,-9.999985694885253906e-01,-9.999988079071044922e-01,-9.999937415122985840e-01,-9.999974370002746582e-01,-9.999980926513671875e-01,9.999988675117492676e-01,-9.999951124191284180e-01,9.999992847442626953e-01,9.999991655349731445e-01,-9.999945163726806641e-01,-9.999989271163940430e-01,-9.999986290931701660e-01,-9.999916553497314453e-01,-9.999992847442626953e-01,9.999986886978149414e-01,9.999992251396179199e-01,-9.999917745590209961e-01,9.999970197677612305e-01,9.999942779541015625e-01,9.999988079071044922e-01,-9.999919533729553223e-01,-9.999973177909851074e-01,9.999983310699462891e-01,-9.999083876609802246e-01,-9.999992847442626953e-01,-9.999989271163940430e-01,-9.999939203262329102e-01,9.999991059303283691e-01,-9.999990463256835938e-01,9.999940395355224609e-01,-9.999849796295166016e-01,-9.999992251396179199e-01,-9.999988079071044922e-01,-9.999987483024597168e-01,9.999950528144836426e-01,-9.999988675117492676e-01,-9.999991655349731445e-01,9.999989271163940430e-01,9.999991655349731445e-01,9.999988079071044922e-01,9.999992251396179199e-01,9.999946951866149902e-01,9.999986886978149414e-01,9.999986290931701660e-01,9.999963045120239258e-01,-9.999782443046569824e-01,-9.999979138374328613e-01,-9.999989271163940430e-01,9.999988079071044922e-01,-9.999992847442626953e-01,-9.999988079071044922e-01,-9.999966025352478027e-01,9.999966025352478027e-01,9.999991059303283691e-01,9.999993443489074707e-01,9.999970197677612305e-01,9.999992847442626953e-01,-9.999989867210388184e-01,9.999991655349731445e-01,-9.999983906745910645e-01,-9.999929070472717285e-01,9.999951720237731934e-01,9.999824166297912598e-01,9.999987483024597168e-01,-9.999945759773254395e-01,-9.999989867210388184e-01,9.999958872795104980e-01,9.999971985816955566e-01,-9.999777078628540039e-01,-9.999982118606567383e-01,9.999991655349731445e-01,-9.999984502792358398e-01,9.999987483024597168e-01,9.999919533729553223e-01,-9.999858140945434570e-01,-9.999991655349731445e-01,-9.999886751174926758e-01,-9.999328851699829102e-01,9.999974966049194336e-01,-9.999987483024597168e-01,9.999867677688598633e-01,9.999983310699462891e-01,-9.999986886978149414e-01,9.999983906745910645e-01,9.999935030937194824e-01,-9.999992847442626953e-01,9.999991655349731445e-01,-9.999968409538269043e-01,9.999974966049194336e-01,-9.999991059303283691e-01,9.999472498893737793e-01,-9.995055794715881348e-01,-9.999990463256835938e-01,-9.999979138374328613e-01,9.999839663505554199e-01,9.999986886978149414e-01,9.999955296516418457e-01,-9.999988079071044922e-01,9.999988079071044922e-01,-9.999986290931701660e-01,9.999987483024597168e-01,9.999756217002868652e-01,-9.999993443489074707e-01,9.999983906745910645e-01,-9.999992847442626953e-01,9.999986886978149414e-01,9.999962449073791504e-01,9.999983310699462891e-01,9.999990463256835938e-01,-9.999973177909851074e-01,-9.999987483024597168e-01,9.999983310699462891e-01,9.999917149543762207e-01,9.999964833259582520e-01,-9.999928474426269531e-01,9.999966621398925781e-01
9.999959468841552734e-01,-9.999966025352478027e-01,-9.999834299087524414e-01,9.999949932098388672e-01,9.999972581863403320e-01,-9.999968409538269043e-01,9.999896287918090820e-01,9.999975562095642090e-01,-9.999930262565612793e-01,9.999952912330627441e-01,-9.999967217445373535e-01,-9.999971389770507812e-01,9.999952316284179688e-01,9.999961853027343750e-01,9.999786019325256348e-01,9.999913573265075684e-01,9.999935030937194824e-01,-9.999961256980895996e-01,9.999831914901733398e-01,-9.999976158142089844e-01,-9.999973177909851074e-01,9.999815225601196289e-01,9.999963641166687012e-01,9.999957084655761719e-01,9.999717473983764648e-01,9.999973177909851074e-01,-9.999958276748657227e-01,-9.999971389770507812e-01,9.999721646308898926e-01,-9.999899268150329590e-01,-9.999807476997375488e-01,-9.999959468841552734e-01,9.999725818634033203e-01,9.999908804893493652e-01,-9.999944567680358887e-01,9.996879696846008301e-01,9.999975562095642090e-01,9.999963641166687012e-01,9.999792575836181641e-01,-9.999970793724060059e-01,9.999966025352478027e-01,-9.999797940254211426e-01,9.999486804008483887e-01,9.999971985816955566e-01,9.999959468841552734e-01,9.999956488609313965e-01,-9.999830722808837891e-01,9.999961256980895996e-01,9.999968409538269043e-01,-9.999963045120239258e-01,-9.999969005584716797e-01,-9.999957680702209473e-01,-9.999971985816955566e-01,-9.999819993972778320e-01,-9.999955296516418457e-01,-9.999954104423522949e-01,-9.999874830245971680e-01,9.999256134033203125e-01,9.999929666519165039e-01,9.999961256980895996e-01,-9.999960064888000488e-01,9.999972581863403320e-01,9.999958276748657227e-01,9.999883770942687988e-01,-9.999886155128479004e-01,-9.999970793724060059e-01,-9.999975562095642090e-01,-9.999898672103881836e-01,-9.999973177909851074e-01,9.999964833259582520e-01,-9.999969005584716797e-01,9.999946355819702148e-01,9.999761581420898438e-01,-9.999837279319763184e-01,-9.999397993087768555e-01,-9.999958872795104980e-01,9.999817013740539551e-01,9.999967217445373535e-01,-9.999860525131225586e-01,-9.999905228614807129e-01,9.999240040779113770e-01,9.999940991401672363e-01,-9.999970793724060059e-01,9.999948143959045410e-01,-9.999958276748657227e-01,-9.999725818634033203e-01,9.999515414237976074e-01,9.999971985816955566e-01,9.999612569808959961e-01,9.997712969779968262e-01,-9.999915361404418945e-01,9.999959468841552734e-01,-9.999549388885498047e-01,-9.999943375587463379e-01,9.999954700469970703e-01,-9.999946951866149902e-01,-9.999781250953674316e-01,9.999974370002746582e-01,-9.999970197677612305e-01,9.999895691871643066e-01,-9.999918937683105469e-01,9.999969601631164551e-01,-9.998201727867126465e-01,9.983155727386474609e-01,9.999965429306030273e-01,9.999932646751403809e-01,-9.999452829360961914e-01,-9.999958276748657227e-01,-9.999848008155822754e-01,9.999961256980895996e-01,-9.999960660934448242e-01,9.999955892562866211e-01,-9.999957680702209473e-01,-9.999168515205383301e-01,9.999974966049194336e-01,-9.999945163726806641e-01,9.999973773956298828e-01,-9.999958276748657227e-01,-9.999873042106628418e-01,-9.999946355819702148e-01,-9.999968409538269043e-01,9.999909996986389160e-01,9.999958276748657227e-01,-9.999940395355224609e-01,-9.999719858169555664e-01,-9.999885559082031250e-01,9.999755620956420898e-01,-9.999888539314270020e-01
9.999992251396179199e-01,-9.999992251396179199e-01,-9.999960660934448242e-01,9.999988079071044922e-01,9.999994635581970215e-01,-9.999993443489074707e-01,9.999975562095642090e-01,9.999994635581970215e-01,-9.999984502792358398e-01,9.999988675117492676e-01,-9.999992847442626953e-01,-9.999994039535522461e-01,9.999989271163940430e-01,9.999991655349731445e-01,9.999950528144836426e-01,9.999979138374328613e-01,9.999985694885253906e-01,-9.999991655349731445e-01,9.999960064888000488e-01,-9.999994635581970215e-01,-9.999994039535522461e-01,9.999955892562866211e-01,9.999991655349731445e-01,9.999990463256835938e-01,9.999934434890747070e-01,9.999994039535522461e-01,-9.999991655349731445e-01,-9.999992847442626953e-01,9.999934434890747070e-01,-9.999976158142089844e-01,-9.999955296516418457e-01,-9.999991059303283691e-01,9.999935626983642578e-01,9.999979138374328613e-01,-9.999986886978149414e-01,9.999265670776367188e-01,9.999995231628417969e-01,9.999992251396179199e-01,9.999951720237731934e-01,-9.999993443489074707e-01,9.999993443489074707e-01,-9.999952912330627441e-01,9.999879598617553711e-01,9.999994635581970215e-01,9.999992251396179199e-01,9.999989867210388184e-01,-9.999959468841552734e-01,9.999991655349731445e-01,9.999993443489074707e-01,-9.999992847442626953e-01,-9.999994039535522461e-01,-9.999990463256835938e-01,-9.999994039535522461e-01,-9.999957084655761719e-01,-9.999989867210388184e-01,-9.999989271163940430e-01,-9.999970197677612305e-01,9.999825954437255859e-01,9.999984502792358398e-01,9.999992251396179199e-01,-9.999991059303283691e-01,9.999994039535522461e-01,9.999991059303283691e-01,9.999972581863403320e-01,-9.999973177909851074e-01,-9.999993443489074707e-01,-9.999994635581970215e-01,-9.999976754188537598e-01,-9.999994039535522461e-01,9.999992251396179199e-01,-9.999992847442626953e-01,9.999986886978149414e-01,9.999943971633911133e-01,-9.999961256980895996e-01,-9.999858736991882324e-01,-9.999990463256835938e-01,9.999957680702209473e-01,9.999992847442626953e-01,-9.999966621398925781e-01,-9.999977946281433105e-01,9.999821782112121582e-01,9.999985694885253906e-01,-9.999994635581970215e-01,9.999987483024597168e-01,-9.999990463256835938e-01,-9.999935626983642578e-01,9.999887347221374512e-01,9.999993443489074707e-01,9.999909996986389160e-01,9.999461770057678223e-01,-9.999979734420776367e-01,9.999991059303283691e-01,-9.999894499778747559e-01,-9.999987483024597168e-01,9.999989867210388184e-01,-9.999987483024597168e-01,-9.999948740005493164e-01,9.999994635581970215e-01,-9.999994039535522461e-01,9.999975562095642090e-01,-9.999980926513671875e-01,9.999993443489074707e-01,-9.999576807022094727e-01,9.996033906936645508e-01,9.999992251396179199e-01,9.999983906745910645e-01,-9.999871850013732910e-01,-9.999990463256835938e-01,-9.999963641166687012e-01,9.999991655349731445e-01,-9.999991655349731445e-01,9.999989867210388184e-01,-9.999990463256835938e-01,-9.999804496765136719e-01,9.999994635581970215e-01,-9.999987483024597168e-01,9.999994039535522461e-01,-9.999991655349731445e-01,-9.999969005584716797e-01,-9.999988079071044922e-01,-9.999992251396179199e-01,9.999978542327880859e-01,9.999991655349731445e-01,-9.999986886978149414e-01,-9.999933838844299316e-01,-9.999972581863403320e-01,9.999942183494567871e-01,-9.999974370002746582e-01
-9.999971985816955566e-01,9.999977350234985352e-01,9.999887347221374512e-01,-9.999966025352478027e-01,-9.999981522560119629e-01,9.999979138374328613e-01,-9.999930262565612793e-01,-9.999984502792358398e-01,9.999952912330627441e-01,-9.999968409538269043e-01,9.999978542327880859e-01,9.999980330467224121e-01,-9.999967217445373535e-01,-9.999974370002746582e-01,-9.999855160713195801e-01,-9.999941587448120117e-01,-9.999955892562866211e-01,9.999973773956298828e-01,-9.999886751174926758e-01,9.999983310699462891e-01,9.999980926513671875e-01,-9.999874830245971680e-01,-9.999975562095642090e-01,-9.999970793724060059e-01,-9.999808669090270996e-01,-9.999981522560119629e-01,9.999971389770507812e-01,9.999980926513671875e-01,-9.999811053276062012e-01,9.999931454658508301e-01,9.999869465827941895e-01,9.999972581863403320e-01,-9.999814629554748535e-01,-9.999939203262329102e-01,9.999961853027343750e-01,-9.997886419296264648e-01,-9.999982714653015137e-01,-9.999976158142089844e-01,-9.999860525131225586e-01,9.999980926513671875e-01,-9.999977946281433105e-01,9.999863505363464355e-01,-9.999653100967407227e-01,-9.999980926513671875e-01,-9.999972581863403320e-01,-9.999969601631164551e-01,9.999884963035583496e-01,-9.999973773956298828e-01,-9.999979138374328613e-01,9.999974966049194336e-01,9.999979138374328613e-01,9.999970793724060059e-01,9.999980926513671875e-01,9.999878406524658203e-01,9.999969005584716797e-01,9.999967813491821289e-01,9.999915957450866699e-01,-9.999495744705200195e-01,-9.999952316284179688e-01,-9.999973177909851074e-01,9.999972581863403320e-01,-9.999982118606567383e-01,-9.999971985816955566e-01,-9.999921917915344238e-01,9.999922513961791992e-01,9.999980330467224121e-01,9.999983310699462891e-01,9.999931454658508301e-01,9.999982118606567383e-01,-9.999976158142089844e-01,9.999978542327880859e-01,-9.999963045120239258e-01,-9.999838471412658691e-01,9.999889731407165527e-01,9.999592304229736328e-01,9.999971389770507812e-01,-9.999876022338867188e-01,-9.999978542327880859e-01,9.999905228614807129e-01,9.999935626983642578e-01,-9.999485015869140625e-01,-9.999959468841552734e-01,9.999980330467224121e-01,-9.999963045120239258e-01,9.999970793724060059e-01,9.999814033508300781e-01,-9.999671578407287598e-01,-9.999981522560119629e-01,-9.999738335609436035e-01,-9.998450279235839844e-01,9.999942779541015625e-01,-9.999971389770507812e-01,9.999696016311645508e-01,9.999962449073791504e-01,-9.999969005584716797e-01,9.999963641166687012e-01,9.999851584434509277e-01,-9.999982714653015137e-01,9.999979734420776367e-01,-9.999929666519165039e-01,9.999945759773254395e-01,-9.999979734420776367e-01,9.998781681060791016e-01,-9.988581538200378418e-01,-9.999976754188537598e-01,-9.999954104423522949e-01,9.999629855155944824e-01,9.999970793724060059e-01,9.999896883964538574e-01,-9.999974370002746582e-01,9.999973773956298828e-01,-9.999970197677612305e-01,9.999970793724060059e-01,9.999436140060424805e-01,-9.999983310699462891e-01,9.999962449073791504e-01,-9.999982118606567383e-01,9.999971389770507812e-01,9.999913573265075684e-01,9.999963641166687012e-01,9.999978542327880859e-01,-9.999939203262329102e-01,-9.999971389770507812e-01,9.999960064888000488e-01,9.999809861183166504e-01,9.999922513961791992e-01,-9.999834895133972168e-01,9.999924302101135254e-01
9.999980926513671875e-01,-9.999985694885253906e-01,-9.999924302101135254e-01,9.999977350234985352e-01,9.999987483024597168e-01,-9.999985098838806152e-01,9.999952912330627441e-01,9.999988675117492676e-01,-9.999968409538269043e-01,9.999977946281433105e-01,-9.999985694885253906e-01,-9.999986886978149414e-01,9.999977946281433105e-01,9.999982714653015137e-01,9.999902248382568359e-01,9.999960064888000488e-01,9.999970197677612305e-01,-9.999982118606567383e-01,9.999923706054687500e-01,-9.999989271163940430e-01,-9.999988079071044922e-01,9.999915957450866699e-01,9.999984502792358398e-01,9.999980330467224121e-01,9.999871253967285156e-01,9.999988079071044922e-01,-9.999980926513671875e-01,-9.999987483024597168e-01,9.999873042106628418e-01,-9.999954104423522949e-01,-9.999912381172180176e-01,-9.999981522560119629e-01,9.999874830245971680e-01,9.999958872795104980e-01,-9.999974370002746582e-01,9.998576045036315918e-01,9.999989271163940430e-01,9.999984502792358398e-01,9.999905824661254883e-01,-9.999986290931701660e-01,9.999985694885253906e-01,-9.999908208847045898e-01,9.999766945838928223e-01,9.999988079071044922e-01,9.999982118606567383e-01,9.999980330467224121e-01,-9.999922513961791992e-01,9.999983310699462891e-01,9.999986886978149414e-01,-9.999983906745910645e-01,-9.999986886978149414e-01,-9.999980330467224121e-01,-9.999986886978149414e-01,-9.999917745590209961e-01,-9.999979734420776367e-01,-9.999978542327880859e-01,-9.999942779541015625e-01,9.999660849571228027e-01,9.999968409538269043e-01,9.999982714653015137e-01,-9.999981522560119629e-01,9.999987483024597168e-01,9.999981522560119629e-01,9.999947547912597656e-01,-9.999948740005493164e-01,-9.999985694885253906e-01,-9.999988675117492676e-01,-9.999954700469970703e-01,-9.999988079071044922e-01,9.999983906745910645e-01,-9.999985694885253906e-01,9.999974966049194336e-01,9.999891519546508789e-01,-9.999926090240478516e-01,-9.999725818634033203e-01,-9.999980926513671875e-01,9.999917149543762207e-01,9.999985694885253906e-01,-9.999936223030090332e-01,-9.999956488609313965e-01,9.999653100967407227e-01,9.999972581863403320e-01,-9.999986886978149414e-01,9.999976158142089844e-01,-9.999981522560119629e-01,-9.999875426292419434e-01,9.999779462814331055e-01,9.999987483024597168e-01,9.999823570251464844e-01,9.998955726623535156e-01,-9.999960660934448242e-01,9.999980330467224121e-01,-9.999794363975524902e-01,-9.999974370002746582e-01,9.999979138374328613e-01,-9.999974370002746582e-01,-9.999899268150329590e-01,9.999988675117492676e-01,-9.999986290931701660e-01,9.999952912330627441e-01,-9.999961853027343750e-01,9.999986290931701660e-01,-9.999178647994995117e-01,9.992309212684631348e-01,9.999984502792358398e-01,9.999969005584716797e-01,-9.999751448631286621e-01,-9.999980926513671875e-01,-9.999930858612060547e-01,9.999982714653015137e-01,-9.999982118606567383e-01,9.999979734420776367e-01,-9.999980330467224121e-01,-9.999620318412780762e-01,9.999988079071044922e-01,-9.999975562095642090e-01,9.999988079071044922e-01,-9.999980926513671875e-01,-9.999941587448120117e-01,-9.999975562095642090e-01,-9.999985694885253906e-01,9.999958276748657227e-01,9.999980926513671875e-01,-9.999972581863403320e-01,-9.999873042106628418e-01,-9.999946951866149902e-01,9.999889135360717773e-01,-9.999949336051940918e-01
-9.999987483024597168e-01,9.999989867210388184e-01,9.999949932098388672e-01,-9.999983906745910645e-01,-9.999992251396179199e-01,9.999991059303283691e-01,-9.999967217445373535e-01,-9.999992847442626953e-01,9.999978542327880859e-01,-9.999985694885253906e-01,9.999991059303283691e-01,9.999992251396179199e-01,-9.999985098838806152e-01,-9.999988675117492676e-01,-9.999935030937194824e-01,-9.999973177909851074e-01,-9.999980330467224121e-01,9.999988079071044922e-01,-9.999948740005493164e-01,9.999992251396179199e-01,9.999992251396179199e-01,-9.999943375587463379e-01,-9.999988675117492676e-01,-9.999986886978149414e-01,-9.999914169311523438e-01,-9.999991655349731445e-01,9.999986886978149414e-01,9.999992251396179199e-01,-9.999914765357971191e-01,9.999969005584716797e-01,9.999941587448120117e-01,9.999987483024597168e-01,-9.999917149543762207e-01,-9.999971985816955566e-01,9.999982118606567383e-01,-9.999053478240966797e-01,-9.999992847442626953e-01,-9.999989271163940430e-01,-9.999938011169433594e-01,9.999991655349731445e-01,-9.999990463256835938e-01,9.999938011169433594e-01,-9.999844431877136230e-01,-9.999991655349731445e-01,-9.999988079071044922e-01,-9.999986886978149414e-01,9.999948740005493164e-01,-9.999988079071044922e-01,-9.999991059303283691e-01,9.999989271163940430e-01,9.999992251396179199e-01,9.999987483024597168e-01,9.999991655349731445e-01,9.999944567680358887e-01,9.999986290931701660e-01,9.999986290931701660e-01,9.999960660934448242e-01,-9.999775290489196777e-01,-9.999978542327880859e-01,-9.999988079071044922e-01,9.999988079071044922e-01,-9.999992251396179199e-01,-9.999986886978149414e-01,-9.999964833259582520e-01,9.999966025352478027e-01,9.999991655349731445e-01,9.999992847442626953e-01,9.999969005584716797e-01,9.999991655349731445e-01,-9.999989271163940430e-01,9.999991059303283691e-01,-9.999983310699462891e-01,-9.999926686286926270e-01,9.999951124191284180e-01,9.999817013740539551e-01,9.999987483024597168e-01,-9.999944567680358887e-01,-9.999991059303283691e-01,9.999957680702209473e-01,9.999970793724060059e-01,-9.999769926071166992e-01,-9.999981522560119629e-01,9.999991655349731445e-01,-9.999983906745910645e-01,9.999986886978149414e-01,9.999916553497314453e-01,-9.999853372573852539e-01,-9.999992251396179199e-01,-9.999882578849792480e-01,-9.999306201934814453e-01,9.999973773956298828e-01,-9.999986886978149414e-01,9.999862909317016602e-01,9.999982714653015137e-01,-9.999986886978149414e-01,9.999983906745910645e-01,9.999932646751403809e-01,-9.999992847442626953e-01,9.999992251396179199e-01,-9.999967217445373535e-01,9.999974370002746582e-01,-9.999990463256835938e-01,9.999454617500305176e-01,-9.994885325431823730e-01,-9.999989867210388184e-01,-9.999979138374328613e-01,9.999833703041076660e-01,9.999986290931701660e-01,9.999954104423522949e-01,-9.999988675117492676e-01,9.999988079071044922e-01,-9.999986886978149414e-01,9.999988079071044922e-01,9.999748468399047852e-01,-9.999992847442626953e-01,9.999983310699462891e-01,-9.999992251396179199e-01,9.999987483024597168e-01,9.999960064888000488e-01,9.999982714653015137e-01,9.999989867210388184e-01,-9.999971389770507812e-01,-9.999986886978149414e-01,9.999982714653015137e-01,9.999914765357971191e-01,9.999964833259582520e-01,-9.999926090240478516e-01,9.999966025352478027e-01
-9.999989271163940430e-01,9.999991655349731445e-01,9.999955892562866211e-01,-9.999986290931701660e-01,-9.999993443489074707e-01,9.999991655349731445e-01,-9.999971389770507812e-01,-9.999994039535522461e-01,9.999980330467224121e-01,-9.999986886978149414e-01,9.999992251396179199e-01,9.999992251396179199e-01,-9.999987483024597168e-01,-9.999989271163940430e-01,-9.999943375587463379e-01,-9.999976158142089844e-01,-9.999982714653015137e-01,9.999989271163940430e-01,-9.999954700469970703e-01,9.999993443489074707e-01,9.999992847442626953e-01,-9.999949336051940918e-01,-9.999991059303283691e-01,-9.999988675117492676e-01,-9.999924898147583008e-01,-9.999993443489074707e-01,9.999988079071044922e-01,9.999992251396179199e-01,-9.999924898147583008e-01,9.999972581863403320e-01,9.999948740005493164e-01,9.999989271163940430e-01,-9.999927282333374023e-01,-9.999975562095642090e-01,9.999983906745910645e-01,-9.999172091484069824e-01,-9.999993443489074707e-01,-9.999991059303283691e-01,-9.999943971633911133e-01,9.999992251396179199e-01,-9.999991655349731445e-01,9.999946951866149902e-01,-9.999864101409912109e-01,-9.999992847442626953e-01,-9.999989271163940430e-01,-9.999988079071044922e-01,9.999954700469970703e-01,-9.999989867210388184e-01,-9.999992251396179199e-01,9.999990463256835938e-01,9.999992251396179199e-01,9.999988675117492676e-01,9.999992251396179199e-01,9.999951720237731934e-01,9.999987483024597168e-01,9.999986886978149414e-01,9.999966621398925781e-01,-9.999803304672241211e-01,-9.999980926513671875e-01,-9.999989271163940430e-01,9.999989271163940430e-01,-9.999992847442626953e-01,-9.999988675117492676e-01,-9.999968409538269043e-01,9.999968409538269043e-01,9.999991655349731445e-01,9.999993443489074707e-01,9.999972581863403320e-01,9.999992251396179199e-01,-9.999989867210388184e-01,9.999992251396179199e-01,-9.999984502792358398e-01,-9.999936223030090332e-01,9.999956488609313965e-01,9.999840855598449707e-01,9.999988675117492676e-01,-9.999951124191284180e-01,-9.999992251396179199e-01,9.999962449073791504e-01,9.999974370002746582e-01,-9.999799132347106934e-01,-9.999983906745910645e-01,9.999992847442626953e-01,-9.999985694885253906e-01,9.999988675117492676e-01,9.999926686286926270e-01,-9.999871850013732910e-01,-9.999992251396179199e-01,-9.999896883964538574e-01,-9.999393820762634277e-01,9.999977350234985352e-01,-9.999988675117492676e-01,9.999880790710449219e-01,9.999985098838806152e-01,-9.999987483024597168e-01,9.999985098838806152e-01,9.999940991401672363e-01,-9.999992847442626953e-01,9.999992251396179199e-01,-9.999971389770507812e-01,9.999977350234985352e-01,-9.999991655349731445e-01,9.999522566795349121e-01,-9.995532035827636719e-01,-9.999990463256835938e-01,-9.999980926513671875e-01,9.999854564666748047e-01,9.999987483024597168e-01,9.999960064888000488e-01,-9.999989271163940430e-01,9.999989271163940430e-01,-9.999987483024597168e-01,9.999988079071044922e-01,9.999779462814331055e-01,-9.999992847442626953e-01,9.999985098838806152e-01,-9.999992847442626953e-01,9.999988079071044922e-01,9.999964833259582520e-01,9.999985694885253906e-01,9.999991655349731445e-01,-9.999974966049194336e-01,-9.999988079071044922e-01,9.999985098838806152e-01,9.999924898147583008e-01,9.999968409538269043e-01,-9.999935030937194824e-01,9.999970197677612305e-01
