9.999980330467224121e-01,-9.999983310699462891e-01,-9.999861121177673340e-01,9.999980926513671875e-01,9.999988079071044922e-01,-9.999986290931701660e-01,9.999947547912597656e-01,9.999988675117492676e-01,-9.999970197677612305e-01,9.999970793724060059e-01,-9.999980330467224121e-01,-9.999987483024597168e-01,9.999980330467224121e-01,9.999979138374328613e-01,9.999684691429138184e-01,9.999974370002746582e-01,9.999976158142089844e-01,-9.999985098838806152e-01,9.999904632568359375e-01,-9.999990463256835938e-01,-9.999988675117492676e-01,9.999852776527404785e-01,9.999981522560119629e-01,9.999983310699462891e-01,9.999893307685852051e-01,9.999989271163940430e-01,-9.999984502792358398e-01,-9.999988079071044922e-01,9.999772906303405762e-01,-9.999960064888000488e-01,-9.999945163726806641e-01,-9.999985098838806152e-01,9.999935626983642578e-01,9.999973773956298828e-01,-9.999966025352478027e-01,-9.999870657920837402e-01,9.999989271163940430e-01,9.999985098838806152e-01,9.999926686286926270e-01,-9.999987483024597168e-01,9.999984502792358398e-01,-9.999969601631164551e-01,9.999527335166931152e-01,9.999986886978149414e-01,9.999976754188537598e-01,9.999978542327880859e-01,9.999819993972778320e-01,9.999980926513671875e-01,9.999986886978149414e-01,-9.999984502792358398e-01,-9.999987483024597168e-01,-9.999975562095642090e-01,-9.999986290931701660e-01,-9.999907016754150391e-01,-9.999964833259582520e-01,-9.999978542327880859e-01,-9.999971985816955566e-01,9.999104142189025879e-01,9.999977946281433105e-01,9.999980926513671875e-01,-9.999973773956298828e-01,9.999988079071044922e-01,9.999982118606567383e-01,9.999948740005493164e-01,-9.999955892562866211e-01,-9.999987483024597168e-01,-9.999988675117492676e-01,-9.999943375587463379e-01,-9.999985694885253906e-01,9.999987483024597168e-01,-9.999985694885253906e-01,9.999979138374328613e-01,9.999964833259582520e-01,-9.999907612800598145e-01,-9.998325705528259277e-01,-9.999981522560119629e-01,9.999920129776000977e-01,9.999986290931701660e-01,-9.999915957450866699e-01,-9.999968409538269043e-01,-9.999619126319885254e-01,9.999973773956298828e-01,-9.999986886978149414e-01,9.999949336051940918e-01,-9.999982714653015137e-01,-9.999839663505554199e-01,9.999907612800598145e-01,9.999987483024597168e-01,-9.996449351310729980e-01,9.999966621398925781e-01,-9.999980330467224121e-01,9.999983310699462891e-01,-9.999746680259704590e-01,-9.999980330467224121e-01,9.999983906745910645e-01,-9.999978542327880859e-01,-9.999909400939941406e-01,9.999988079071044922e-01,-9.999986886978149414e-01,9.999887347221374512e-01,-9.999971389770507812e-01,9.999985694885253906e-01,-9.999775290489196777e-01,-9.999742507934570312e-01,9.999983906745910645e-01,9.999969005584716797e-01,9.999281764030456543e-01,-9.999976158142089844e-01,-9.999942779541015625e-01,9.999985098838806152e-01,-9.999978542327880859e-01,9.999985098838806152e-01,-9.999980330467224121e-01,-9.999871253967285156e-01,9.999989867210388184e-01,-9.999983310699462891e-01,9.999987483024597168e-01,-9.999985694885253906e-01,-9.999938011169433594e-01,-9.999980926513671875e-01,-9.999988079071044922e-01,9.999955892562866211e-01,9.999985098838806152e-01,-9.999974370002746582e-01,-9.991560578346252441e-01,-9.999953508377075195e-01,9.999849200248718262e-01,-9.999974966049194336e-01
-9.999983310699462891e-01,9.999985694885253906e-01,9.999882578849792480e-01,-9.999983906745910645e-01,-9.999989867210388184e-01,9.999988079071044922e-01,-9.999956488609313965e-01,-9.999990463256835938e-01,9.999974966049194336e-01,-9.999975562095642090e-01,9.999982118606567383e-01,9.999989867210388184e-01,-9.999982714653015137e-01,-9.999982118606567383e-01,-9.999731183052062988e-01,-9.999977946281433105e-01,-9.999979734420776367e-01,9.999987483024597168e-01,-9.999918341636657715e-01,9.999992251396179199e-01,9.999991059303283691e-01,-9.999874830245971680e-01,-9.999983906745910645e-01,-9.999986290931701660e-01,-9.999909996986389160e-01,-9.999991655349731445e-01,9.999986886978149414e-01,9.999991059303283691e-01,-9.999805688858032227e-01,9.999966025352478027e-01,9.999953508377075195e-01,9.999987483024597168e-01,-9.999945163726806641e-01,-9.999976754188537598e-01,9.999970793724060059e-01,9.999889135360717773e-01,-9.999990463256835938e-01,-9.999987483024597168e-01,-9.999936819076538086e-01,9.999990463256835938e-01,-9.999986290931701660e-01,9.999973773956298828e-01,-9.999596476554870605e-01,-9.999988079071044922e-01,-9.999979734420776367e-01,-9.999981522560119629e-01,-9.999846816062927246e-01,-9.999982714653015137e-01,-9.999989271163940430e-01,9.999987483024597168e-01,9.999988675117492676e-01,9.999979138374328613e-01,9.999988675117492676e-01,9.999920129776000977e-01,9.999970197677612305e-01,9.999981522560119629e-01,9.999976158142089844e-01,-9.999237060546875000e-01,-9.999980330467224121e-01,-9.999983906745910645e-01,9.999977350234985352e-01,-9.999989867210388184e-01,-9.999984502792358398e-01,-9.999956488609313965e-01,9.999961853027343750e-01,9.999988675117492676e-01,9.999990463256835938e-01,9.999951720237731934e-01,9.999987483024597168e-01,-9.999989271163940430e-01,9.999988079071044922e-01,-9.999981522560119629e-01,-9.999970197677612305e-01,9.999921321868896484e-01,9.998573660850524902e-01,9.999984502792358398e-01,-9.999930858612060547e-01,-9.999987483024597168e-01,9.999927878379821777e-01,9.999973177909851074e-01,9.999675154685974121e-01,-9.999976754188537598e-01,9.999988675117492676e-01,-9.999956488609313965e-01,9.999985098838806152e-01,9.999863505363464355e-01,-9.999922513961791992e-01,-9.999989271163940430e-01,9.996974468231201172e-01,-9.999971389770507812e-01,9.999983310699462891e-01,-9.999985694885253906e-01,9.999783635139465332e-01,9.999983310699462891e-01,-9.999986290931701660e-01,9.999981522560119629e-01,9.999922513961791992e-01,-9.999991059303283691e-01,9.999989271163940430e-01,-9.999904036521911621e-01,9.999975562095642090e-01,-9.999988079071044922e-01,9.999808669090270996e-01,9.999780654907226562e-01,-9.999986886978149414e-01,-9.999972581863403320e-01,-9.999387860298156738e-01,9.999979138374328613e-01,9.999951124191284180e-01,-9.999987483024597168e-01,9.999982118606567383e-01,-9.999987483024597168e-01,9.999982714653015137e-01,9.999890923500061035e-01,-9.999991059303283691e-01,9.999985694885253906e-01,-9.999989271163940430e-01,9.999988079071044922e-01,9.999948143959045410e-01,9.999982714653015137e-01,9.999989271163940430e-01,-9.999960660934448242e-01,-9.999988079071044922e-01,9.999977946281433105e-01,9.992809891700744629e-01,9.999958872795104980e-01,-9.999870061874389648e-01,9.999978542327880859e-01
-9.999861121177673340e-01,9.999882578849792480e-01,9.998955726623535156e-01,-9.999865293502807617e-01,-9.999914169311523438e-01,9.999898076057434082e-01,-9.999610185623168945e-01,-9.999921917915344238e-01,9.999784231185913086e-01,-9.999788999557495117e-01,9.999853968620300293e-01,9.999913573265075684e-01,-9.999855756759643555e-01,-9.999852776527404785e-01,-9.997611045837402344e-01,-9.999812841415405273e-01,-9.999824166297912598e-01,9.999894499778747559e-01,-9.999276995658874512e-01,9.999926090240478516e-01,9.999916553497314453e-01,-9.998884797096252441e-01,-9.999861121177673340e-01,-9.999884366989135742e-01,-9.999197125434875488e-01,-9.999923110008239746e-01,9.999884963035583496e-01,9.999915361404418945e-01,-9.998277425765991211e-01,9.999702572822570801e-01,9.999591708183288574e-01,9.999888539314270020e-01,-9.999510049819946289e-01,-9.999808669090270996e-01,9.999746084213256836e-01,9.999020099639892578e-01,-9.999921321868896484e-01,-9.999895095825195312e-01,-9.999443292617797852e-01,9.999913573265075684e-01,-9.999884963035583496e-01,9.999772310256958008e-01,-9.996425509452819824e-01,-9.999901652336120605e-01,-9.999825358390808105e-01,-9.999849796295166016e-01,-9.998636245727539062e-01,-9.999855756759643555e-01,-9.999905824661254883e-01,9.999890923500061035e-01,9.999901652336120605e-01,9.999816417694091797e-01,9.999899268150329590e-01,9.999298453330993652e-01,9.999738931655883789e-01,9.999849200248718262e-01,9.999801516532897949e-01,-9.993232488632202148e-01,-9.999834895133972168e-01,-9.999867677688598633e-01,9.999803900718688965e-01,-9.999917149543762207e-01,-9.999865889549255371e-01,-9.999610185623168945e-01,9.999666810035705566e-01,9.999908208847045898e-01,9.999921321868896484e-01,9.999571442604064941e-01,9.999897480010986328e-01,-9.999908208847045898e-01,9.999899268150329590e-01,-9.999848604202270508e-01,-9.999737739562988281e-01,9.999298453330993652e-01,9.987343549728393555e-01,9.999861717224121094e-01,-9.999393224716186523e-01,-9.999896883964538574e-01,9.999366998672485352e-01,9.999763965606689453e-01,9.997118115425109863e-01,-9.999809265136718750e-01,9.999907016754150391e-01,-9.999615550041198730e-01,9.999869465827941895e-01,9.998793005943298340e-01,-9.999308586120605469e-01,-9.999911189079284668e-01,9.973189234733581543e-01,-9.999756813049316406e-01,9.999853968620300293e-01,-9.999874234199523926e-01,9.998080730438232422e-01,9.999852776527404785e-01,-9.999886751174926758e-01,9.999839067459106445e-01,9.999311566352844238e-01,-9.999917745590209961e-01,9.999905824661254883e-01,-9.999151229858398438e-01,9.999787211418151855e-01,-9.999899864196777344e-01,9.998295903205871582e-01,9.998047947883605957e-01,-9.999886751174926758e-01,-9.999767541885375977e-01,-9.994567036628723145e-01,9.999827146530151367e-01,9.999566674232482910e-01,-9.999888539314270020e-01,9.999841451644897461e-01,-9.999890327453613281e-01,9.999855160713195801e-01,9.999029636383056641e-01,-9.999923706054687500e-01,9.999873638153076172e-01,-9.999905824661254883e-01,9.999901056289672852e-01,9.999530911445617676e-01,9.999858140945434570e-01,9.999909996986389160e-01,-9.999666213989257812e-01,-9.999895095825195312e-01,9.999806880950927734e-01,9.936473965644836426e-01,9.999650716781616211e-01,-9.998854398727416992e-01,9.999811649322509766e-01
9.999980926513671875e-01,-9.999983906745910645e-01,-9.999865293502807617e-01,9.999982118606567383e-01,9.999988675117492676e-01,-9.999987483024597168e-01,9.999949932098388672e-01,9.999989867210388184e-01,-9.999971985816955566e-01,9.999973177909851074e-01,-9.999980926513671875e-01,-9.999988675117492676e-01,9.999980926513671875e-01,9.999980926513671875e-01,9.999691843986511230e-01,9.999976158142089844e-01,9.999976754188537598e-01,-9.999986290931701660e-01,9.999907016754150391e-01,-9.999991059303283691e-01,-9.999989867210388184e-01,9.999856352806091309e-01,9.999982118606567383e-01,9.999985098838806152e-01,9.999897480010986328e-01,9.999990463256835938e-01,-9.999985098838806152e-01,-9.999988675117492676e-01,9.999778270721435547e-01,-9.999961256980895996e-01,-9.999947547912597656e-01,-9.999985694885253906e-01,9.999938011169433594e-01,9.999974370002746582e-01,-9.999966621398925781e-01,-9.999873638153076172e-01,9.999989867210388184e-01,9.999985694885253906e-01,9.999928474426269531e-01,-9.999988675117492676e-01,9.999985098838806152e-01,-9.999970197677612305e-01,9.999538660049438477e-01,9.999988079071044922e-01,9.999977946281433105e-01,9.999979138374328613e-01,9.999824762344360352e-01,9.999980926513671875e-01,9.999987483024597168e-01,-9.999985694885253906e-01,-9.999988079071044922e-01,-9.999976754188537598e-01,-9.999986886978149414e-01,-9.999908804893493652e-01,-9.999966025352478027e-01,-9.999979138374328613e-01,-9.999973177909851074e-01,9.999126791954040527e-01,9.999977946281433105e-01,9.999982714653015137e-01,-9.999974966049194336e-01,9.999989271163940430e-01,9.999983310699462891e-01,9.999950528144836426e-01,-9.999957680702209473e-01,-9.999988079071044922e-01,-9.999989867210388184e-01,-9.999944567680358887e-01,-9.999986290931701660e-01,9.999988079071044922e-01,-9.999986886978149414e-01,9.999980330467224121e-01,9.999965429306030273e-01,-9.999909400939941406e-01,-9.998365640640258789e-01,-9.999982118606567383e-01,9.999921917915344238e-01,9.999986290931701660e-01,-9.999917745590209961e-01,-9.999969005584716797e-01,-9.999628663063049316e-01,9.999974370002746582e-01,-9.999986886978149414e-01,9.999950528144836426e-01,-9.999982714653015137e-01,-9.999844431877136230e-01,9.999910593032836914e-01,9.999988079071044922e-01,-9.996532201766967773e-01,9.999968409538269043e-01,-9.999980926513671875e-01,9.999983310699462891e-01,-9.999752640724182129e-01,-9.999982118606567383e-01,9.999985098838806152e-01,-9.999979138374328613e-01,-9.999911189079284668e-01,9.999988675117492676e-01,-9.999987483024597168e-01,9.999890923500061035e-01,-9.999971389770507812e-01,9.999986886978149414e-01,-9.999780654907226562e-01,-9.999748468399047852e-01,9.999985098838806152e-01,9.999970197677612305e-01,9.999298453330993652e-01,-9.999976754188537598e-01,-9.999945163726806641e-01,9.999985098838806152e-01,-9.999979138374328613e-01,9.999985694885253906e-01,-9.999980926513671875e-01,-9.999874830245971680e-01,9.999990463256835938e-01,-9.999983310699462891e-01,9.999988079071044922e-01,-9.999986886978149414e-01,-9.999940395355224609e-01,-9.999980330467224121e-01,-9.999988079071044922e-01,9.999957084655761719e-01,9.999986290931701660e-01,-9.999974966049194336e-01,-9.991757273674011230e-01,-9.999954700469970703e-01,9.999852180480957031e-01,-9.999975562095642090e-01
9.999988079071044922e-01,-9.999989867210388184e-01,-9.999914169311523438e-01,9.999988675117492676e-01,9.999992251396179199e-01,-9.999992251396179199e-01,9.999966621398925781e-01,9.999992847442626953e-01,-9.999980926513671875e-01,9.999982118606567383e-01,-9.999986886978149414e-01,-9.999992251396179199e-01,9.999988079071044922e-01,9.999987483024597168e-01,9.999803900718688965e-01,9.999984502792358398e-01,9.999985098838806152e-01,-9.999991655349731445e-01,9.999940991401672363e-01,-9.999994039535522461e-01,-9.999993443489074707e-01,9.999909400939941406e-01,9.999988675117492676e-01,9.999991059303283691e-01,9.999934434890747070e-01,9.999993443489074707e-01,-9.999991059303283691e-01,-9.999993443489074707e-01,9.999857544898986816e-01,-9.999974966049194336e-01,-9.999966025352478027e-01,-9.999991059303283691e-01,9.999960064888000488e-01,9.999983906745910645e-01,-9.999979138374328613e-01,-9.999919533729553223e-01,9.999992847442626953e-01,9.999990463256835938e-01,9.999953508377075195e-01,-9.999993443489074707e-01,9.999991059303283691e-01,-9.999980926513671875e-01,9.999706745147705078e-01,9.999992251396179199e-01,9.999985098838806152e-01,9.999987483024597168e-01,9.999889135360717773e-01,9.999987483024597168e-01,9.999991655349731445e-01,-9.999991655349731445e-01,-9.999993443489074707e-01,-9.999984502792358398e-01,-9.999992847442626953e-01,-9.999941587448120117e-01,-9.999978542327880859e-01,-9.999986886978149414e-01,-9.999982714653015137e-01,9.999443292617797852e-01,9.999986290931701660e-01,9.999988079071044922e-01,-9.999983310699462891e-01,9.999993443489074707e-01,9.999988675117492676e-01,9.999967217445373535e-01,-9.999971985816955566e-01,-9.999992847442626953e-01,-9.999992847442626953e-01,-9.999963045120239258e-01,-9.999991655349731445e-01,9.999992847442626953e-01,-9.999992251396179199e-01,9.999986886978149414e-01,9.999977946281433105e-01,-9.999942183494567871e-01,-9.998958706855773926e-01,-9.999988675117492676e-01,9.999950528144836426e-01,9.999991655349731445e-01,-9.999948143959045410e-01,-9.999980330467224121e-01,-9.999763369560241699e-01,9.999983310699462891e-01,-9.999991655349731445e-01,9.999967813491821289e-01,-9.999989271163940430e-01,-9.999900460243225098e-01,9.999942779541015625e-01,9.999992251396179199e-01,-9.997791647911071777e-01,9.999979734420776367e-01,-9.999987483024597168e-01,9.999989271163940430e-01,-9.999841451644897461e-01,-9.999987483024597168e-01,9.999991059303283691e-01,-9.999986290931701660e-01,-9.999943375587463379e-01,9.999992847442626953e-01,-9.999992847442626953e-01,9.999929666519165039e-01,-9.999982118606567383e-01,9.999992251396179199e-01,-9.999859333038330078e-01,-9.999839067459106445e-01,9.999991059303283691e-01,9.999980330467224121e-01,9.999553561210632324e-01,-9.999984502792358398e-01,-9.999964237213134766e-01,9.999991059303283691e-01,-9.999986886978149414e-01,9.999991655349731445e-01,-9.999987483024597168e-01,-9.999920725822448730e-01,9.999993443489074707e-01,-9.999989271163940430e-01,9.999993443489074707e-01,-9.999992251396179199e-01,-9.999961853027343750e-01,-9.999987483024597168e-01,-9.999992847442626953e-01,9.999971389770507812e-01,9.999991655349731445e-01,-9.999982714653015137e-01,-9.994750618934631348e-01,-9.999970197677612305e-01,9.999905228614807129e-01,-9.999984502792358398e-01
-9.999986290931701660e-01,9.999988079071044922e-01,9.999898076057434082e-01,-9.999987483024597168e-01,-9.999992251396179199e-01,9.999991655349731445e-01,-9.999961256980895996e-01,-9.999993443489074707e-01,9.999978542327880859e-01,-9.999979734420776367e-01,9.999985694885253906e-01,9.999992251396179199e-01,-9.999985694885253906e-01,-9.999985694885253906e-01,-9.999766945838928223e-01,-9.999981522560119629e-01,-9.999983310699462891e-01,9.999989271163940430e-01,-9.999929666519165039e-01,9.999992847442626953e-01,9.999993443489074707e-01,-9.999892115592956543e-01,-9.999986290931701660e-01,-9.999988675117492676e-01,-9.999923110008239746e-01,-9.999992847442626953e-01,9.999989271163940430e-01,9.999992251396179199e-01,-9.999831914901733398e-01,9.999970793724060059e-01,9.999959468841552734e-01,9.999988675117492676e-01,-9.999952912330627441e-01,-9.999980926513671875e-01,9.999975562095642090e-01,9.999905228614807129e-01,-9.999993443489074707e-01,-9.999989867210388184e-01,-9.999945759773254395e-01,9.999992847442626953e-01,-9.999988675117492676e-01,9.999977350234985352e-01,-9.999650716781616211e-01,-9.999991059303283691e-01,-9.999983906745910645e-01,-9.999985098838806152e-01,-9.999867677688598633e-01,-9.999985694885253906e-01,-9.999991059303283691e-01,9.999989271163940430e-01,9.999991059303283691e-01,9.999982714653015137e-01,9.999991655349731445e-01,9.999931454658508301e-01,9.999974370002746582e-01,9.999983906745910645e-01,9.999980330467224121e-01,-9.999337792396545410e-01,-9.999983906745910645e-01,-9.999986886978149414e-01,9.999981522560119629e-01,-9.999992251396179199e-01,-9.999987483024597168e-01,-9.999962449073791504e-01,9.999967813491821289e-01,9.999991655349731445e-01,9.999993443489074707e-01,9.999958872795104980e-01,9.999989867210388184e-01,-9.999992251396179199e-01,9.999991655349731445e-01,-9.999985098838806152e-01,-9.999974966049194336e-01,9.999931454658508301e-01,9.998761415481567383e-01,9.999986886978149414e-01,-9.999940991401672363e-01,-9.999990463256835938e-01,9.999938011169433594e-01,9.999977350234985352e-01,9.999719858169555664e-01,-9.999979734420776367e-01,9.999991655349731445e-01,-9.999961853027343750e-01,9.999986886978149414e-01,9.999882578849792480e-01,-9.999932646751403809e-01,-9.999991655349731445e-01,9.997374415397644043e-01,-9.999976158142089844e-01,9.999985694885253906e-01,-9.999988079071044922e-01,9.999812841415405273e-01,9.999985694885253906e-01,-9.999989271163940430e-01,9.999983906745910645e-01,9.999932646751403809e-01,-9.999992251396179199e-01,9.999992251396179199e-01,-9.999917149543762207e-01,9.999979138374328613e-01,-9.999990463256835938e-01,9.999833703041076660e-01,9.999809265136718750e-01,-9.999988675117492676e-01,-9.999976754188537598e-01,-9.999468922615051270e-01,9.999982714653015137e-01,9.999958276748657227e-01,-9.999989867210388184e-01,9.999985098838806152e-01,-9.999989867210388184e-01,9.999985694885253906e-01,9.999905824661254883e-01,-9.999994039535522461e-01,9.999987483024597168e-01,-9.999991059303283691e-01,9.999990463256835938e-01,9.999954700469970703e-01,9.999985694885253906e-01,9.999991655349731445e-01,-9.999967217445373535e-01,-9.999989271163940430e-01,9.999982118606567383e-01,9.993757009506225586e-01,9.999965429306030273e-01,-9.999888539314270020e-01,9.999981522560119629e-01
9.999947547912597656e-01,-9.999956488609313965e-01,-9.999610185623168945e-01,9.999949932098388672e-01,9.999966621398925781e-01,-9.999961256980895996e-01,9.999854564666748047e-01,9.999970197677612305e-01,-9.999919533729553223e-01,9.999920725822448730e-01,-9.999945163726806641e-01,-9.999966621398925781e-01,9.999946355819702148e-01,9.999945163726806641e-01,9.999107718467712402e-01,9.999930262565612793e-01,9.999934434890747070e-01,-9.999960064888000488e-01,9.999730587005615234e-01,-9.999971985816955566e-01,-9.999968409538269043e-01,9.999584555625915527e-01,9.999947547912597656e-01,9.999957084655761719e-01,9.999700784683227539e-01,9.999970793724060059e-01,-9.999957084655761719e-01,-9.999967813491821289e-01,9.999356269836425781e-01,-9.999889135360717773e-01,-9.999848008155822754e-01,-9.999958276748657227e-01,9.999818205833435059e-01,9.999928474426269531e-01,-9.999905824661254883e-01,-9.999634027481079102e-01,9.999970197677612305e-01,9.999958872795104980e-01,9.999792575836181641e-01,-9.999967217445373535e-01,9.999957084655761719e-01,-9.999915361404418945e-01,9.998666048049926758e-01,9.999962449073791504e-01,9.999934434890747070e-01,9.999943971633911133e-01,9.999491572380065918e-01,9.999946355819702148e-01,9.999963641166687012e-01,-9.999959468841552734e-01,-9.999962449073791504e-01,-9.999931454658508301e-01,-9.999961853027343750e-01,-9.999737739562988281e-01,-9.999902844429016113e-01,-9.999942779541015625e-01,-9.999924898147583008e-01,9.997473359107971191e-01,9.999937415122985840e-01,9.999949932098388672e-01,-9.999927878379821777e-01,9.999967813491821289e-01,9.999950528144836426e-01,9.999855756759643555e-01,-9.999875426292419434e-01,-9.999965429306030273e-01,-9.999969601631164551e-01,-9.999840259552001953e-01,-9.999960064888000488e-01,9.999965429306030273e-01,-9.999960660934448242e-01,9.999942779541015625e-01,9.999902248382568359e-01,-9.999738335609436035e-01,-9.995272755622863770e-01,-9.999949336051940918e-01,9.999774694442749023e-01,9.999960660934448242e-01,-9.999763369560241699e-01,-9.999911785125732422e-01,-9.998923540115356445e-01,9.999929070472717285e-01,-9.999963641166687012e-01,9.999856948852539062e-01,-9.999951124191284180e-01,-9.999548792839050293e-01,9.999741911888122559e-01,9.999966025352478027e-01,-9.989977478981018066e-01,9.999908804893493652e-01,-9.999945163726806641e-01,9.999953508377075195e-01,-9.999282956123352051e-01,-9.999945163726806641e-01,9.999957680702209473e-01,-9.999939799308776855e-01,-9.999743103981018066e-01,9.999967813491821289e-01,-9.999964237213134766e-01,9.999684095382690430e-01,-9.999919533729553223e-01,9.999960660934448242e-01,-9.999362230300903320e-01,-9.999271035194396973e-01,9.999957680702209473e-01,9.999912977218627930e-01,9.997972249984741211e-01,-9.999935030937194824e-01,-9.999838471412658691e-01,9.999958276748657227e-01,-9.999941587448120117e-01,9.999959468841552734e-01,-9.999945163726806641e-01,-9.999638199806213379e-01,9.999971389770507812e-01,-9.999952912330627441e-01,9.999964237213134766e-01,-9.999961256980895996e-01,-9.999825954437255859e-01,-9.999946355819702148e-01,-9.999966025352478027e-01,9.999874830245971680e-01,9.999960064888000488e-01,-9.999927878379821777e-01,-9.976196289062500000e-01,-9.999868869781494141e-01,9.999572634696960449e-01,-9.999929666519165039e-01
9.999988675117492676e-01,-9.999990463256835938e-01,-9.999921917915344238e-01,9.999989867210388184e-01,9.999992847442626953e-01,-9.999993443489074707e-01,9.999970197677612305e-01,9.999994635581970215e-01,-9.999982714653015137e-01,9.999983906745910645e-01,-9.999988675117492676e-01,-9.999992847442626953e-01,9.999989271163940430e-01,9.999988079071044922e-01,9.999821782112121582e-01,9.999985098838806152e-01,9.999986886978149414e-01,-9.999992251396179199e-01,9.999946355819702148e-01,-9.999994635581970215e-01,-9.999994039535522461e-01,9.999917149543762207e-01,9.999988675117492676e-01,9.999990463256835938e-01,9.999940395355224609e-01,9.999994039535522461e-01,-9.999991655349731445e-01,-9.999993443489074707e-01,9.999871253967285156e-01,-9.999977350234985352e-01,-9.999969005584716797e-01,-9.999992251396179199e-01,9.999963045120239258e-01,9.999984502792358398e-01,-9.999980926513671875e-01,-9.999926686286926270e-01,9.999993443489074707e-01,9.999991655349731445e-01,9.999957680702209473e-01,-9.999994039535522461e-01,9.999991655349731445e-01,-9.999982714653015137e-01,9.999732971191406250e-01,9.999992847442626953e-01,9.999986886978149414e-01,9.999988079071044922e-01,9.999898076057434082e-01,9.999988675117492676e-01,9.999993443489074707e-01,-9.999992251396179199e-01,-9.999992847442626953e-01,-9.999986886978149414e-01,-9.999992847442626953e-01,-9.999946951866149902e-01,-9.999979138374328613e-01,-9.999988079071044922e-01,-9.999983906745910645e-01,9.999492764472961426e-01,9.999986886978149414e-01,9.999990463256835938e-01,-9.999985694885253906e-01,9.999993443489074707e-01,9.999989867210388184e-01,9.999971389770507812e-01,-9.999975562095642090e-01,-9.999992847442626953e-01,-9.999993443489074707e-01,-9.999967813491821289e-01,-9.999991655349731445e-01,9.999993443489074707e-01,-9.999991655349731445e-01,9.999988079071044922e-01,9.999980330467224121e-01,-9.999947547912597656e-01,-9.999052882194519043e-01,-9.999989271163940430e-01,9.999954104423522949e-01,9.999992847442626953e-01,-9.999952316284179688e-01,-9.999982118606567383e-01,-9.999785423278808594e-01,9.999984502792358398e-01,-9.999992847442626953e-01,9.999970197677612305e-01,-9.999990463256835938e-01,-9.999909400939941406e-01,9.999947547912597656e-01,9.999993443489074707e-01,-9.997991919517517090e-01,9.999981522560119629e-01,-9.999988675117492676e-01,9.999991059303283691e-01,-9.999856948852539062e-01,-9.999988675117492676e-01,9.999991655349731445e-01,-9.999986886978149414e-01,-9.999948740005493164e-01,9.999993443489074707e-01,-9.999993443489074707e-01,9.999936819076538086e-01,-9.999983906745910645e-01,9.999992847442626953e-01,-9.999873042106628418e-01,-9.999854564666748047e-01,9.999991655349731445e-01,9.999982118606567383e-01,9.999593496322631836e-01,-9.999986290931701660e-01,-9.999967217445373535e-01,9.999992251396179199e-01,-9.999988079071044922e-01,9.999992251396179199e-01,-9.999988079071044922e-01,-9.999927878379821777e-01,9.999994635581970215e-01,-9.999989867210388184e-01,9.999994039535522461e-01,-9.999992251396179199e-01,-9.999964237213134766e-01,-9.999988675117492676e-01,-9.999993443489074707e-01,9.999974966049194336e-01,9.999992251396179199e-01,-9.999985098838806152e-01,-9.995224475860595703e-01,-9.999972581863403320e-01,9.999914765357971191e-01,-9.999985098838806152e-01
-9.999970197677612305e-01,9.999974966049194336e-01,9.999784231185913086e-01,-9.999971985816955566e-01,-9.999980926513671875e-01,9.999978542327880859e-01,-9.999919533729553223e-01,-9.999982714653015137e-01,9.999955296516418457e-01,-9.999956488609313965e-01,9.999969601631164551e-01,9.999982118606567383e-01,-9.999969005584716797e-01,-9.999968409538269043e-01,-9.999507069587707520e-01,-9.999961256980895996e-01,-9.999963045120239258e-01,9.999976754188537598e-01,-9.999850988388061523e-01,9.999984502792358398e-01,9.999982714653015137e-01,-9.999770522117614746e-01,-9.999970793724060059e-01,-9.999974966049194336e-01,-9.999834895133972168e-01,-9.999983906745910645e-01,9.999976158142089844e-01,9.999980926513671875e-01,-9.999644160270690918e-01,9.999938607215881348e-01,9.999915957450866699e-01,9.999976754188537598e-01,-9.999899268150329590e-01,-9.999958872795104980e-01,9.999948143959045410e-01,9.999797344207763672e-01,-9.999982714653015137e-01,-9.999977350234985352e-01,-9.999884366989135742e-01,9.999982118606567383e-01,-9.999976158142089844e-01,9.999952912330627441e-01,-9.999262690544128418e-01,-9.999979138374328613e-01,-9.999964237213134766e-01,-9.999968409538269043e-01,-9.999719262123107910e-01,-9.999969601631164551e-01,-9.999980330467224121e-01,9.999977350234985352e-01,9.999979138374328613e-01,9.999962449073791504e-01,9.999978542327880859e-01,9.999855756759643555e-01,9.999946355819702148e-01,9.999967813491821289e-01,9.999958276748657227e-01,-9.998604655265808105e-01,-9.999965429306030273e-01,-9.999972581863403320e-01,9.999959468841552734e-01,-9.999981522560119629e-01,-9.999971985816955566e-01,-9.999920129776000977e-01,9.999931454658508301e-01,9.999980926513671875e-01,9.999983310699462891e-01,9.999911785125732422e-01,9.999977946281433105e-01,-9.999980926513671875e-01,9.999978542327880859e-01,-9.999967217445373535e-01,-9.999945163726806641e-01,9.999855756759643555e-01,9.997388124465942383e-01,9.999970197677612305e-01,-9.999874234199523926e-01,-9.999977946281433105e-01,9.999870061874389648e-01,9.999950528144836426e-01,9.999405741691589355e-01,-9.999960064888000488e-01,9.999979734420776367e-01,-9.999919533729553223e-01,9.999971985816955566e-01,9.999750852584838867e-01,-9.999856948852539062e-01,-9.999981522560119629e-01,9.994462132453918457e-01,-9.999949336051940918e-01,9.999969005584716797e-01,-9.999974370002746582e-01,9.999604225158691406e-01,9.999969005584716797e-01,-9.999975562095642090e-01,9.999966025352478027e-01,9.999859333038330078e-01,-9.999982714653015137e-01,9.999980330467224121e-01,-9.999824762344360352e-01,9.999955296516418457e-01,-9.999978542327880859e-01,9.999647736549377441e-01,9.999596476554870605e-01,-9.999975562095642090e-01,-9.999952316284179688e-01,-9.998879432678222656e-01,9.999963045120239258e-01,9.999909996986389160e-01,-9.999976754188537598e-01,9.999966621398925781e-01,-9.999976754188537598e-01,9.999969005584716797e-01,9.999800324440002441e-01,-9.999983310699462891e-01,9.999973773956298828e-01,-9.999980330467224121e-01,9.999979138374328613e-01,9.999903440475463867e-01,9.999969601631164551e-01,9.999981522560119629e-01,-9.999931454658508301e-01,-9.999977350234985352e-01,9.999958276748657227e-01,9.986841082572937012e-01,9.999927282333374023e-01,-9.999764561653137207e-01,9.999960660934448242e-01
9.999970793724060059e-01,-9.999975562095642090e-01,-9.999788999557495117e-01,9.999973177909851074e-01,9.999982118606567383e-01,-9.999979734420776367e-01,9.999920725822448730e-01,9.999983906745910645e-01,-9.999956488609313965e-01,9.999957680702209473e-01,-9.999969601631164551e-01,-9.999982118606567383e-01,9.999970793724060059e-01,9.999969005584716797e-01,9.999514818191528320e-01,9.999961256980895996e-01,9.999964833259582520e-01,-9.999977946281433105e-01,9.999853372573852539e-01,-9.999984502792358398e-01,-9.999982714653015137e-01,9.999774694442749023e-01,9.999971985816955566e-01,9.999976158142089844e-01,9.999837875366210938e-01,9.999983906745910645e-01,-9.999976754188537598e-01,-9.999983310699462891e-01,9.999649524688720703e-01,-9.999940395355224609e-01,-9.999917149543762207e-01,-9.999977946281433105e-01,9.999900460243225098e-01,9.999960660934448242e-01,-9.999948740005493164e-01,-9.999801516532897949e-01,9.999983906745910645e-01,9.999978542327880859e-01,9.999887347221374512e-01,-9.999983310699462891e-01,9.999976158142089844e-01,-9.999953508377075195e-01,9.999272823333740234e-01,9.999980330467224121e-01,9.999963641166687012e-01,9.999969005584716797e-01,9.999723434448242188e-01,9.999970197677612305e-01,9.999980926513671875e-01,-9.999977946281433105e-01,-9.999980926513671875e-01,-9.999961853027343750e-01,-9.999979734420776367e-01,-9.999857544898986816e-01,-9.999946951866149902e-01,-9.999969005584716797e-01,-9.999959468841552734e-01,9.998624324798583984e-01,9.999966025352478027e-01,9.999972581863403320e-01,-9.999960660934448242e-01,9.999982714653015137e-01,9.999973177909851074e-01,9.999921917915344238e-01,-9.999933242797851562e-01,-9.999980926513671875e-01,-9.999983906745910645e-01,-9.999913573265075684e-01,-9.999978542327880859e-01,9.999980926513671875e-01,-9.999979734420776367e-01,9.999969005584716797e-01,9.999946951866149902e-01,-9.999858736991882324e-01,-9.997425079345703125e-01,-9.999971389770507812e-01,9.999876022338867188e-01,9.999979138374328613e-01,-9.999871850013732910e-01,-9.999952912330627441e-01,-9.999414682388305664e-01,9.999960660934448242e-01,-9.999979734420776367e-01,9.999921917915344238e-01,-9.999973773956298828e-01,-9.999754428863525391e-01,9.999859929084777832e-01,9.999981522560119629e-01,-9.994539618492126465e-01,9.999950528144836426e-01,-9.999970793724060059e-01,9.999974370002746582e-01,-9.999609589576721191e-01,-9.999969601631164551e-01,9.999976754188537598e-01,-9.999966621398925781e-01,-9.999861121177673340e-01,9.999982714653015137e-01,-9.999980330467224121e-01,9.999827742576599121e-01,-9.999956488609313965e-01,9.999979734420776367e-01,-9.999653100967407227e-01,-9.999603033065795898e-01,9.999977350234985352e-01,9.999952912330627441e-01,9.998894929885864258e-01,-9.999963641166687012e-01,-9.999912977218627930e-01,9.999977946281433105e-01,-9.999968409538269043e-01,9.999977946281433105e-01,-9.999970197677612305e-01,-9.999803304672241211e-01,9.999984502792358398e-01,-9.999973773956298828e-01,9.999980330467224121e-01,-9.999980330467224121e-01,-9.999905228614807129e-01,-9.999970793724060059e-01,-9.999982714653015137e-01,9.999932050704956055e-01,9.999978542327880859e-01,-9.999960064888000488e-01,-9.987022876739501953e-01,-9.999929070472717285e-01,9.999767541885375977e-01,-9.999961256980895996e-01
-9.999980330467224121e-01,9.999982118606567383e-01,9.999853968620300293e-01,-9.999980926513671875e-01,-9.999986886978149414e-01,9.999985694885253906e-01,-9.999945163726806641e-01,-9.999988675117492676e-01,9.999969601631164551e-01,-9.999969601631164551e-01,9.999978542327880859e-01,9.999986886978149414e-01,-9.999979138374328613e-01,-9.999978542327880859e-01,-9.999664425849914551e-01,-9.999973177909851074e-01,-9.999974966049194336e-01,9.999985098838806152e-01,-9.999898672103881836e-01,9.999989271163940430e-01,9.999988079071044922e-01,-9.999843835830688477e-01,-9.999980330467224121e-01,-9.999983310699462891e-01,-9.999887347221374512e-01,-9.999988675117492676e-01,9.999983310699462891e-01,9.999988079071044922e-01,-9.999758005142211914e-01,9.999958276748657227e-01,9.999942779541015625e-01,9.999983906745910645e-01,-9.999932646751403809e-01,-9.999971985816955566e-01,9.999963641166687012e-01,9.999862909317016602e-01,-9.999988079071044922e-01,-9.999983906745910645e-01,-9.999920725822448730e-01,9.999987483024597168e-01,-9.999982714653015137e-01,9.999967813491821289e-01,-9.999498128890991211e-01,-9.999986886978149414e-01,-9.999975562095642090e-01,-9.999978542327880859e-01,-9.999809265136718750e-01,-9.999979734420776367e-01,-9.999986886978149414e-01,9.999984502792358398e-01,9.999986886978149414e-01,9.999974370002746582e-01,9.999985694885253906e-01,9.999901652336120605e-01,9.999963045120239258e-01,9.999977946281433105e-01,9.999970793724060059e-01,-9.999049901962280273e-01,-9.999975562095642090e-01,-9.999980330467224121e-01,9.999971985816955566e-01,-9.999988079071044922e-01,-9.999980926513671875e-01,-9.999946355819702148e-01,9.999954104423522949e-01,9.999986886978149414e-01,9.999988675117492676e-01,9.999939799308776855e-01,9.999985098838806152e-01,-9.999986886978149414e-01,9.999985694885253906e-01,-9.999977946281433105e-01,-9.999962449073791504e-01,9.999902248382568359e-01,9.998223781585693359e-01,9.999980330467224121e-01,-9.999914765357971191e-01,-9.999985098838806152e-01,9.999911189079284668e-01,9.999966621398925781e-01,9.999596476554870605e-01,-9.999971985816955566e-01,9.999986290931701660e-01,-9.999946355819702148e-01,9.999981522560119629e-01,9.999830722808837891e-01,-9.999902844429016113e-01,-9.999987483024597168e-01,9.996231794357299805e-01,-9.999964237213134766e-01,9.999979138374328613e-01,-9.999983310699462891e-01,9.999731183052062988e-01,9.999979138374328613e-01,-9.999983906745910645e-01,9.999977350234985352e-01,9.999903440475463867e-01,-9.999987483024597168e-01,9.999986290931701660e-01,-9.999880194664001465e-01,9.999969601631164551e-01,-9.999985694885253906e-01,9.999761581420898438e-01,9.999725818634033203e-01,-9.999983906745910645e-01,-9.999966621398925781e-01,-9.999237656593322754e-01,9.999974966049194336e-01,9.999939203262329102e-01,-9.999983906745910645e-01,9.999977350234985352e-01,-9.999984502792358398e-01,9.999978542327880859e-01,9.999864101409912109e-01,-9.999989271163940430e-01,9.999982118606567383e-01,-9.999987483024597168e-01,9.999985694885253906e-01,9.999934434890747070e-01,9.999979734420776367e-01,9.999987483024597168e-01,-9.999952316284179688e-01,-9.999985098838806152e-01,9.999972581863403320e-01,9.991042017936706543e-01,9.999950528144836426e-01,-9.999839067459106445e-01,9.999973177909851074e-01
-9.999987483024597168e-01,9.999989867210388184e-01,9.999913573265075684e-01,-9.999988675117492676e-01,-9.999992251396179199e-01,9.999992251396179199e-01,-9.999966621398925781e-01,-9.999992847442626953e-01,9.999982118606567383e-01,-9.999982118606567383e-01,9.999986886978149414e-01,9.999992251396179199e-01,-9.999986886978149414e-01,-9.999986886978149414e-01,-9.999802112579345703e-01,-9.999984502792358398e-01,-9.999985098838806152e-01,9.999990463256835938e-01,-9.999940395355224609e-01,9.999993443489074707e-01,9.999993443489074707e-01,-9.999908804893493652e-01,-9.999987483024597168e-01,-9.999991059303283691e-01,-9.999933838844299316e-01,-9.999993443489074707e-01,9.999991059303283691e-01,9.999993443489074707e-01,-9.999856948852539062e-01,9.999974966049194336e-01,9.999966025352478027e-01,9.999991059303283691e-01,-9.999959468841552734e-01,-9.999982714653015137e-01,9.999979138374328613e-01,9.999918341636657715e-01,-9.999992847442626953e-01,-9.999991655349731445e-01,-9.999953508377075195e-01,9.999992251396179199e-01,-9.999991059303283691e-01,9.999980926513671875e-01,-9.999704957008361816e-01,-9.999992251396179199e-01,-9.999985098838806152e-01,-9.999987483024597168e-01,-9.999887347221374512e-01,-9.999988079071044922e-01,-9.999991655349731445e-01,9.999991655349731445e-01,9.999992251396179199e-01,9.999984502792358398e-01,9.999992251396179199e-01,9.999940991401672363e-01,9.999977946281433105e-01,9.999985694885253906e-01,9.999982714653015137e-01,-9.999439716339111328e-01,-9.999986290931701660e-01,-9.999988079071044922e-01,9.999983310699462891e-01,-9.999992847442626953e-01,-9.999988675117492676e-01,-9.999967217445373535e-01,9.999972581863403320e-01,9.999991655349731445e-01,9.999992847442626953e-01,9.999963045120239258e-01,9.999991059303283691e-01,-9.999992847442626953e-01,9.999992251396179199e-01,-9.999986290931701660e-01,-9.999977946281433105e-01,9.999942183494567871e-01,9.998952150344848633e-01,9.999987483024597168e-01,-9.999949336051940918e-01,-9.999991655349731445e-01,9.999946951866149902e-01,9.999979138374328613e-01,9.999762177467346191e-01,-9.999983310699462891e-01,9.999991655349731445e-01,-9.999967813491821289e-01,9.999988675117492676e-01,9.999899864196777344e-01,-9.999942183494567871e-01,-9.999992847442626953e-01,9.997778534889221191e-01,-9.999979138374328613e-01,9.999987483024597168e-01,-9.999989271163940430e-01,9.999840259552001953e-01,9.999987483024597168e-01,-9.999991059303283691e-01,9.999985694885253906e-01,9.999943375587463379e-01,-9.999992847442626953e-01,9.999992847442626953e-01,-9.999929070472717285e-01,9.999980926513671875e-01,-9.999992251396179199e-01,9.999858140945434570e-01,9.999838471412658691e-01,-9.999989867210388184e-01,-9.999980330467224121e-01,-9.999550580978393555e-01,9.999984502792358398e-01,9.999963641166687012e-01,-9.999991059303283691e-01,9.999986886978149414e-01,-9.999991059303283691e-01,9.999986886978149414e-01,9.999920129776000977e-01,-9.999993443489074707e-01,9.999989271163940430e-01,-9.999993443489074707e-01,9.999992251396179199e-01,9.999960660934448242e-01,9.999987483024597168e-01,9.999992251396179199e-01,-9.999971985816955566e-01,-9.999990463256835938e-01,9.999982714653015137e-01,9.994717240333557129e-01,9.999969005584716797e-01,-9.999904632568359375e-01,9.999983310699462891e-01
