9.999980330467224121e-01,-9.999982118606567383e-01,-9.999933242797851562e-01,9.999985098838806152e-01,9.999988079071044922e-01,-9.999982118606567383e-01,-9.999916553497314453e-01,9.999988675117492676e-01,-9.999966025352478027e-01,9.999961256980895996e-01,-9.997044801712036133e-01,-9.999983906745910645e-01,9.999985098838806152e-01,9.999934434890747070e-01,-9.999670386314392090e-01,9.999969005584716797e-01,9.999975562095642090e-01,-9.999867677688598633e-01,9.999878406524658203e-01,-9.999988675117492676e-01,-9.999985098838806152e-01,9.999881386756896973e-01,9.999952316284179688e-01,9.999973773956298828e-01,-9.999953508377075195e-01,9.999989271163940430e-01,-9.999974966049194336e-01,-9.999985694885253906e-01,9.999907612800598145e-01,9.999895095825195312e-01,-9.999982714653015137e-01,-9.999985098838806152e-01,9.999979734420776367e-01,9.999976754188537598e-01,-9.999970793724060059e-01,-9.999957084655761719e-01,9.999986290931701660e-01,9.999987483024597168e-01,9.999941587448120117e-01,-9.999985098838806152e-01,9.999982714653015137e-01,-9.999965429306030273e-01,9.999777674674987793e-01,9.999985098838806152e-01,9.999966025352478027e-01,9.999980330467224121e-01,9.999961853027343750e-01,9.999904632568359375e-01,9.999985098838806152e-01,-9.999984502792358398e-01,-9.999981522560119629e-01,-9.999963045120239258e-01,-9.999982118606567383e-01,-9.999705553054809570e-01,-9.999974370002746582e-01,-9.999916553497314453e-01,-9.999973773956298828e-01,-9.999917149543762207e-01,9.999977946281433105e-01,9.999930858612060547e-01,-9.999918341636657715e-01,9.999983310699462891e-01,9.999983906745910645e-01,9.999848008155822754e-01,9.999960064888000488e-01,-9.999985098838806152e-01,-9.999987483024597168e-01,-9.999871253967285156e-01,-9.999971985816955566e-01,9.999986886978149414e-01,-9.999980330467224121e-01,9.999970793724060059e-01,9.999949932098388672e-01,-9.999946355819702148e-01,9.999729394912719727e-01,-9.999971389770507812e-01,9.999915361404418945e-01,9.999964833259582520e-01,-9.999957680702209473e-01,-9.999982714653015137e-01,-9.999872446060180664e-01,9.999977350234985352e-01,-9.999982118606567383e-01,9.999848008155822754e-01,-9.999985098838806152e-01,-9.999852776527404785e-01,9.999881386756896973e-01,9.999974966049194336e-01,-9.999866485595703125e-01,9.999986886978149414e-01,-9.999982118606567383e-01,9.999978542327880859e-01,9.999861717224121094e-01,-9.999984502792358398e-01,9.999984502792358398e-01,-9.999974966049194336e-01,-9.999861121177673340e-01,9.999986886978149414e-01,-9.999983310699462891e-01,9.999944567680358887e-01,-9.999980330467224121e-01,9.999977350234985352e-01,-9.999964237213134766e-01,9.999775290489196777e-01,9.999972581863403320e-01,9.999712109565734863e-01,9.996215701103210449e-01,-9.999960064888000488e-01,-9.999956488609313965e-01,9.999982714653015137e-01,-9.999960064888000488e-01,9.999972581863403320e-01,-9.999973177909851074e-01,-9.999961256980895996e-01,9.999989271163940430e-01,-9.999977946281433105e-01,9.999985098838806152e-01,-9.999979734420776367e-01,9.999960660934448242e-01,-9.999956488609313965e-01,-9.999983906745910645e-01,9.999957680702209473e-01,9.999971985816955566e-01,-9.999979138374328613e-01,9.999941587448120117e-01,-9.999972581863403320e-01,-9.999932646751403809e-01,-9.999982714653015137e-01
-9.999982118606567383e-01,9.999983906745910645e-01,9.999938607215881348e-01,-9.999986886978149414e-01,-9.999989271163940430e-01,9.999983906745910645e-01,9.999923706054687500e-01,-9.999989271163940430e-01,9.999969005584716797e-01,-9.999964237213134766e-01,9.997318983078002930e-01,9.999985098838806152e-01,-9.999985694885253906e-01,-9.999940395355224609e-01,9.999701380729675293e-01,-9.999971389770507812e-01,-9.999977350234985352e-01,9.999880194664001465e-01,-9.999889731407165527e-01,9.999991059303283691e-01,9.999985694885253906e-01,-9.999892711639404297e-01,-9.999956488609313965e-01,-9.999975562095642090e-01,9.999956488609313965e-01,-9.999991059303283691e-01,9.999977350234985352e-01,9.999986886978149414e-01,-9.999915957450866699e-01,-9.999904036521911621e-01,9.999984502792358398e-01,9.999985694885253906e-01,-9.999980926513671875e-01,-9.999978542327880859e-01,9.999973773956298828e-01,9.999960064888000488e-01,-9.999986886978149414e-01,-9.999988675117492676e-01,-9.999946355819702148e-01,9.999986886978149414e-01,-9.999983906745910645e-01,9.999967813491821289e-01,-9.999797344207763672e-01,-9.999985694885253906e-01,-9.999968409538269043e-01,-9.999982118606567383e-01,-9.999965429306030273e-01,-9.999912977218627930e-01,-9.999987483024597168e-01,9.999986290931701660e-01,9.999982714653015137e-01,9.999966025352478027e-01,9.999982714653015137e-01,9.999732375144958496e-01,9.999976158142089844e-01,9.999924302101135254e-01,9.999976158142089844e-01,9.999924302101135254e-01,-9.999979734420776367e-01,-9.999937415122985840e-01,9.999926686286926270e-01,-9.999984502792358398e-01,-9.999985098838806152e-01,-9.999861121177673340e-01,-9.999964237213134766e-01,9.999986886978149414e-01,9.999988079071044922e-01,9.999881982803344727e-01,9.999974370002746582e-01,-9.999988675117492676e-01,9.999982118606567383e-01,-9.999972581863403320e-01,-9.999954104423522949e-01,9.999951124191284180e-01,-9.999753832817077637e-01,9.999973773956298828e-01,-9.999923110008239746e-01,-9.999967813491821289e-01,9.999960660934448242e-01,9.999983906745910645e-01,9.999884366989135742e-01,-9.999979734420776367e-01,9.999983906745910645e-01,-9.999861121177673340e-01,9.999986290931701660e-01,9.999865293502807617e-01,-9.999891519546508789e-01,-9.999977350234985352e-01,9.999879002571105957e-01,-9.999987483024597168e-01,9.999983906745910645e-01,-9.999980330467224121e-01,-9.999874830245971680e-01,9.999985694885253906e-01,-9.999985098838806152e-01,9.999977350234985352e-01,9.999874234199523926e-01,-9.999986886978149414e-01,9.999985098838806152e-01,-9.999948740005493164e-01,9.999982118606567383e-01,-9.999978542327880859e-01,9.999966621398925781e-01,-9.999796152114868164e-01,-9.999974966049194336e-01,-9.999738931655883789e-01,-9.996567368507385254e-01,9.999963641166687012e-01,9.999958872795104980e-01,-9.999984502792358398e-01,9.999963641166687012e-01,-9.999974966049194336e-01,9.999974966049194336e-01,9.999963641166687012e-01,-9.999989867210388184e-01,9.999979138374328613e-01,-9.999985694885253906e-01,9.999980926513671875e-01,-9.999963045120239258e-01,9.999960064888000488e-01,9.999985098838806152e-01,-9.999960064888000488e-01,-9.999974370002746582e-01,9.999980926513671875e-01,-9.999945759773254395e-01,9.999974966049194336e-01,9.999938607215881348e-01,9.999984502792358398e-01
-9.999933242797851562e-01,9.999938607215881348e-01,9.999773502349853516e-01,-9.999950528144836426e-01,-9.999957680702209473e-01,9.999942779541015625e-01,9.999713897705078125e-01,-9.999959468841552734e-01,9.999886155128479004e-01,-9.999870657920837402e-01,9.989934563636779785e-01,9.999948143959045410e-01,-9.999949932098388672e-01,-9.999775886535644531e-01,9.998875260353088379e-01,-9.999896287918090820e-01,-9.999918341636657715e-01,9.999549388885498047e-01,-9.999583959579467773e-01,9.999962449073791504e-01,9.999950528144836426e-01,-9.999595284461975098e-01,-9.999834895133972168e-01,-9.999908804893493652e-01,9.999838471412658691e-01,-9.999963641166687012e-01,9.999912381172180176e-01,9.999954104423522949e-01,-9.999684095382690430e-01,-9.999639391899108887e-01,9.999941587448120117e-01,9.999949932098388672e-01,-9.999929070472717285e-01,-9.999920129776000977e-01,9.999902844429016113e-01,9.999853372573852539e-01,-9.999953508377075195e-01,-9.999955892562866211e-01,-9.999799132347106934e-01,9.999950528144836426e-01,-9.999942183494567871e-01,9.999881386756896973e-01,-9.999240040779113770e-01,-9.999950528144836426e-01,-9.999882578849792480e-01,-9.999935626983642578e-01,-9.999868869781494141e-01,-9.999675154685974121e-01,-9.999953508377075195e-01,9.999948740005493164e-01,9.999940395355224609e-01,9.999874234199523926e-01,9.999939203262329102e-01,9.998995065689086914e-01,9.999911785125732422e-01,9.999715685844421387e-01,9.999911785125732422e-01,9.999715685844421387e-01,-9.999922513961791992e-01,-9.999765753746032715e-01,9.999720454216003418e-01,-9.999943375587463379e-01,-9.999946951866149902e-01,-9.999480247497558594e-01,-9.999867677688598633e-01,9.999950528144836426e-01,9.999957680702209473e-01,9.999559521675109863e-01,9.999907612800598145e-01,-9.999958872795104980e-01,9.999933242797851562e-01,-9.999901652336120605e-01,-9.999830126762390137e-01,9.999818801879882812e-01,-9.999075531959533691e-01,9.999902844429016113e-01,-9.999711513519287109e-01,-9.999881386756896973e-01,9.999855160713195801e-01,9.999940991401672363e-01,9.999564290046691895e-01,-9.999924302101135254e-01,9.999940395355224609e-01,-9.999482035636901855e-01,9.999949932098388672e-01,9.999493956565856934e-01,-9.999592304229736328e-01,-9.999915957450866699e-01,9.999544024467468262e-01,-9.999954104423522949e-01,9.999939799308776855e-01,-9.999926686286926270e-01,-9.999527931213378906e-01,9.999946951866149902e-01,-9.999948143959045410e-01,9.999917149543762207e-01,9.999528527259826660e-01,-9.999953508377075195e-01,9.999943971633911133e-01,-9.999810457229614258e-01,9.999934434890747070e-01,-9.999925494194030762e-01,9.999877810478210449e-01,-9.999231696128845215e-01,-9.999910593032836914e-01,-9.999017119407653809e-01,-9.987113475799560547e-01,9.999863505363464355e-01,9.999852180480957031e-01,-9.999943375587463379e-01,9.999865889549255371e-01,-9.999908804893493652e-01,9.999910593032836914e-01,9.999867081642150879e-01,-9.999963045120239258e-01,9.999923110008239746e-01,-9.999949336051940918e-01,9.999929666519165039e-01,-9.999862909317016602e-01,9.999849796295166016e-01,9.999945759773254395e-01,-9.999855756759643555e-01,-9.999907612800598145e-01,9.999932646751403809e-01,-9.999798536300659180e-01,9.999907016754150391e-01,9.999769926071166992e-01,9.999942779541015625e-01
9.999985098838806152e-01,-9.999986886978149414e-01,-9.999950528144836426e-01,9.999989271163940430e-01,9.999992251396179199e-01,-9.999986886978149414e-01,-9.999938011169433594e-01,9.999991655349731445e-01,-9.999974966049194336e-01,9.999970793724060059e-01,-9.997815489768981934e-01,-9.999988079071044922e-01,9.999988675117492676e-01,9.999952316284179688e-01,-9.999757409095764160e-01,9.999977350234985352e-01,9.999980926513671875e-01,-9.999902248382568359e-01,9.999909400939941406e-01,-9.999992847442626953e-01,-9.999989271163940430e-01,9.999912381172180176e-01,9.999963641166687012e-01,9.999979734420776367e-01,-9.999964237213134766e-01,9.999992251396179199e-01,-9.999980926513671875e-01,-9.999989271163940430e-01,9.999932050704956055e-01,9.999921917915344238e-01,-9.999987483024597168e-01,-9.999988675117492676e-01,9.999984502792358398e-01,9.999983310699462891e-01,-9.999979138374328613e-01,-9.999967813491821289e-01,9.999989271163940430e-01,9.999991655349731445e-01,9.999957084655761719e-01,-9.999989271163940430e-01,9.999987483024597168e-01,-9.999973773956298828e-01,9.999834895133972168e-01,9.999989271163940430e-01,9.999974966049194336e-01,9.999985694885253906e-01,9.999971985816955566e-01,9.999929666519165039e-01,9.999989867210388184e-01,-9.999989271163940430e-01,-9.999986886978149414e-01,-9.999972581863403320e-01,-9.999986886978149414e-01,-9.999782443046569824e-01,-9.999981522560119629e-01,-9.999938011169433594e-01,-9.999980330467224121e-01,-9.999938011169433594e-01,9.999982714653015137e-01,9.999948740005493164e-01,-9.999939203262329102e-01,9.999987483024597168e-01,9.999988079071044922e-01,9.999887347221374512e-01,9.999970793724060059e-01,-9.999989271163940430e-01,-9.999991059303283691e-01,-9.999904632568359375e-01,-9.999979734420776367e-01,9.999991655349731445e-01,-9.999986290931701660e-01,9.999978542327880859e-01,9.999962449073791504e-01,-9.999960064888000488e-01,9.999799728393554688e-01,-9.999978542327880859e-01,9.999937415122985840e-01,9.999973773956298828e-01,-9.999967217445373535e-01,-9.999986886978149414e-01,-9.999906420707702637e-01,9.999984502792358398e-01,-9.999986886978149414e-01,9.999887347221374512e-01,-9.999988675117492676e-01,-9.999890327453613281e-01,9.999911785125732422e-01,9.999982714653015137e-01,-9.999901056289672852e-01,9.999990463256835938e-01,-9.999986886978149414e-01,9.999983906745910645e-01,9.999898076057434082e-01,-9.999989271163940430e-01,9.999988675117492676e-01,-9.999980926513671875e-01,-9.999897480010986328e-01,9.999989867210388184e-01,-9.999988675117492676e-01,9.999958872795104980e-01,-9.999986290931701660e-01,9.999983310699462891e-01,-9.999973177909851074e-01,9.999833703041076660e-01,9.999980330467224121e-01,9.999787807464599609e-01,9.997201561927795410e-01,-9.999969601631164551e-01,-9.999967217445373535e-01,9.999987483024597168e-01,-9.999970197677612305e-01,9.999979734420776367e-01,-9.999979138374328613e-01,-9.999971389770507812e-01,9.999991655349731445e-01,-9.999983310699462891e-01,9.999988079071044922e-01,-9.999984502792358398e-01,9.999969601631164551e-01,-9.999966621398925781e-01,-9.999988079071044922e-01,9.999968409538269043e-01,9.999978542327880859e-01,-9.999985694885253906e-01,9.999956488609313965e-01,-9.999979734420776367e-01,-9.999949932098388672e-01,-9.999987483024597168e-01
9.999988079071044922e-01,-9.999989271163940430e-01,-9.999957680702209473e-01,9.999992251396179199e-01,9.999992251396179199e-01,-9.999989271163940430e-01,-9.999946951866149902e-01,9.999993443489074707e-01,-9.999977946281433105e-01,9.999975562095642090e-01,-9.998100399971008301e-01,-9.999990463256835938e-01,9.999992251396179199e-01,9.999958276748657227e-01,-9.999788999557495117e-01,9.999980330467224121e-01,9.999984502792358398e-01,-9.999915361404418945e-01,9.999921917915344238e-01,-9.999992847442626953e-01,-9.999991059303283691e-01,9.999923706054687500e-01,9.999968409538269043e-01,9.999983310699462891e-01,-9.999969005584716797e-01,9.999994039535522461e-01,-9.999983310699462891e-01,-9.999991059303283691e-01,9.999940991401672363e-01,9.999933242797851562e-01,-9.999989271163940430e-01,-9.999991059303283691e-01,9.999986886978149414e-01,9.999985098838806152e-01,-9.999982714653015137e-01,-9.999972581863403320e-01,9.999990463256835938e-01,9.999992847442626953e-01,9.999962449073791504e-01,-9.999991059303283691e-01,9.999989271163940430e-01,-9.999977946281433105e-01,9.999856948852539062e-01,9.999991059303283691e-01,9.999977946281433105e-01,9.999987483024597168e-01,9.999975562095642090e-01,9.999938607215881348e-01,9.999991655349731445e-01,-9.999991655349731445e-01,-9.999988675117492676e-01,-9.999976158142089844e-01,-9.999988675117492676e-01,-9.999811649322509766e-01,-9.999983906745910645e-01,-9.999946951866149902e-01,-9.999983310699462891e-01,-9.999946355819702148e-01,9.999986886978149414e-01,9.999955892562866211e-01,-9.999948143959045410e-01,9.999989867210388184e-01,9.999990463256835938e-01,9.999902844429016113e-01,9.999974966049194336e-01,-9.999991059303283691e-01,-9.999992251396179199e-01,-9.999916553497314453e-01,-9.999981522560119629e-01,9.999992847442626953e-01,-9.999988079071044922e-01,9.999982118606567383e-01,9.999967217445373535e-01,-9.999965429306030273e-01,9.999825954437255859e-01,-9.999981522560119629e-01,9.999945759773254395e-01,9.999977350234985352e-01,-9.999971985816955566e-01,-9.999988675117492676e-01,-9.999918341636657715e-01,9.999985694885253906e-01,-9.999989271163940430e-01,9.999902248382568359e-01,-9.999991059303283691e-01,-9.999904632568359375e-01,9.999924302101135254e-01,9.999983906745910645e-01,-9.999914169311523438e-01,9.999992847442626953e-01,-9.999989271163940430e-01,9.999986886978149414e-01,9.999911189079284668e-01,-9.999990463256835938e-01,9.999990463256835938e-01,-9.999984502792358398e-01,-9.999911189079284668e-01,9.999991655349731445e-01,-9.999989867210388184e-01,9.999963641166687012e-01,-9.999988079071044922e-01,9.999985098838806152e-01,-9.999977350234985352e-01,9.999855160713195801e-01,9.999982714653015137e-01,9.999814629554748535e-01,9.997567534446716309e-01,-9.999974370002746582e-01,-9.999971985816955566e-01,9.999989271163940430e-01,-9.999974370002746582e-01,9.999982118606567383e-01,-9.999982714653015137e-01,-9.999974966049194336e-01,9.999993443489074707e-01,-9.999986290931701660e-01,9.999992251396179199e-01,-9.999986290931701660e-01,9.999974370002746582e-01,-9.999971985816955566e-01,-9.999990463256835938e-01,9.999972581863403320e-01,9.999982714653015137e-01,-9.999987483024597168e-01,9.999961256980895996e-01,-9.999982118606567383e-01,-9.999956488609313965e-01,-9.999989271163940430e-01
-9.999982118606567383e-01,9.999983906745910645e-01,9.999942779541015625e-01,-9.999986886978149414e-01,-9.999989271163940430e-01,9.999985098838806152e-01,9.999929070472717285e-01,-9.999989867210388184e-01,9.999970197677612305e-01,-9.999966621398925781e-01,9.997493624687194824e-01,9.999986290931701660e-01,-9.999986290931701660e-01,-9.999943971633911133e-01,9.999720454216003418e-01,-9.999973177909851074e-01,-9.999979138374328613e-01,9.999887943267822266e-01,-9.999896883964538574e-01,9.999990463256835938e-01,9.999986886978149414e-01,-9.999898672103881836e-01,-9.999958872795104980e-01,-9.999976754188537598e-01,9.999959468841552734e-01,-9.999991655349731445e-01,9.999977946281433105e-01,9.999987483024597168e-01,-9.999922513961791992e-01,-9.999909996986389160e-01,9.999984502792358398e-01,9.999986290931701660e-01,-9.999982118606567383e-01,-9.999979734420776367e-01,9.999974966049194336e-01,9.999963045120239258e-01,-9.999987483024597168e-01,-9.999988675117492676e-01,-9.999950528144836426e-01,9.999986886978149414e-01,-9.999984502792358398e-01,9.999969005584716797e-01,-9.999810457229614258e-01,-9.999987483024597168e-01,-9.999970197677612305e-01,-9.999982714653015137e-01,-9.999967813491821289e-01,-9.999918937683105469e-01,-9.999987483024597168e-01,9.999986886978149414e-01,9.999983906745910645e-01,9.999966621398925781e-01,9.999983906745910645e-01,9.999750256538391113e-01,9.999977350234985352e-01,9.999929070472717285e-01,9.999977946281433105e-01,9.999929070472717285e-01,-9.999980330467224121e-01,-9.999941587448120117e-01,9.999930262565612793e-01,-9.999985098838806152e-01,-9.999985694885253906e-01,-9.999870657920837402e-01,-9.999965429306030273e-01,9.999986886978149414e-01,9.999988079071044922e-01,9.999889731407165527e-01,9.999975562095642090e-01,-9.999988675117492676e-01,9.999983310699462891e-01,-9.999974370002746582e-01,-9.999957084655761719e-01,9.999954104423522949e-01,-9.999769330024719238e-01,9.999974966049194336e-01,-9.999927878379821777e-01,-9.999970197677612305e-01,9.999963641166687012e-01,9.999985098838806152e-01,9.999891519546508789e-01,-9.999980926513671875e-01,9.999983906745910645e-01,-9.999870061874389648e-01,9.999986290931701660e-01,9.999874234199523926e-01,-9.999898672103881836e-01,-9.999977946281433105e-01,9.999886751174926758e-01,-9.999988079071044922e-01,9.999985098838806152e-01,-9.999982714653015137e-01,-9.999882578849792480e-01,9.999986886978149414e-01,-9.999986290931701660e-01,9.999978542327880859e-01,9.999881982803344727e-01,-9.999987483024597168e-01,9.999985694885253906e-01,-9.999952316284179688e-01,9.999983310699462891e-01,-9.999979734420776367e-01,9.999969601631164551e-01,-9.999809265136718750e-01,-9.999976158142089844e-01,-9.999755620956420898e-01,-9.996790885925292969e-01,9.999966025352478027e-01,9.999962449073791504e-01,-9.999984502792358398e-01,9.999966025352478027e-01,-9.999976754188537598e-01,9.999977350234985352e-01,9.999966025352478027e-01,-9.999991059303283691e-01,9.999980330467224121e-01,-9.999987483024597168e-01,9.999982118606567383e-01,-9.999965429306030273e-01,9.999961853027343750e-01,9.999986290931701660e-01,-9.999963641166687012e-01,-9.999975562095642090e-01,9.999983310699462891e-01,-9.999949932098388672e-01,9.999975562095642090e-01,9.999941587448120117e-01,9.999985098838806152e-01
-9.999916553497314453e-01,9.999923706054687500e-01,9.999713897705078125e-01,-9.999938011169433594e-01,-9.999946951866149902e-01,9.999929070472717285e-01,9.999639391899108887e-01,-9.999948740005493164e-01,9.999856948852539062e-01,-9.999837279319763184e-01,9.987330436706542969e-01,9.999935030937194824e-01,-9.999936819076538086e-01,-9.999718070030212402e-01,9.998584985733032227e-01,-9.999869465827941895e-01,-9.999896883964538574e-01,9.999431967735290527e-01,-9.999476075172424316e-01,9.999954104423522949e-01,9.999937415122985840e-01,-9.999491572380065918e-01,-9.999791979789733887e-01,-9.999884963035583496e-01,9.999796748161315918e-01,-9.999955296516418457e-01,9.999889731407165527e-01,9.999943375587463379e-01,-9.999600648880004883e-01,-9.999547004699707031e-01,9.999927878379821777e-01,9.999936819076538086e-01,-9.999911189079284668e-01,-9.999898076057434082e-01,9.999878406524658203e-01,9.999815821647644043e-01,-9.999942183494567871e-01,-9.999944567680358887e-01,-9.999747276306152344e-01,9.999938011169433594e-01,-9.999927878379821777e-01,9.999850392341613770e-01,-9.999043345451354980e-01,-9.999937415122985840e-01,-9.999852776527404785e-01,-9.999917745590209961e-01,-9.999834299087524414e-01,-9.999590516090393066e-01,-9.999941587448120117e-01,9.999935030937194824e-01,9.999924898147583008e-01,9.999842643737792969e-01,9.999923706054687500e-01,9.998735189437866211e-01,9.999889135360717773e-01,9.999641180038452148e-01,9.999889731407165527e-01,9.999641180038452148e-01,-9.999903440475463867e-01,-9.999703764915466309e-01,9.999646544456481934e-01,-9.999929070472717285e-01,-9.999933242797851562e-01,-9.999345541000366211e-01,-9.999833106994628906e-01,9.999938011169433594e-01,9.999946951866149902e-01,9.999444484710693359e-01,9.999883770942687988e-01,-9.999948143959045410e-01,9.999915957450866699e-01,-9.999877214431762695e-01,-9.999786019325256348e-01,9.999772310256958008e-01,-9.998836517333984375e-01,9.999877810478210449e-01,-9.999635815620422363e-01,-9.999851584434509277e-01,9.999817609786987305e-01,9.999926686286926270e-01,9.999451041221618652e-01,-9.999904632568359375e-01,9.999924898147583008e-01,-9.999346733093261719e-01,9.999936819076538086e-01,9.999362230300903320e-01,-9.999486804008483887e-01,-9.999895095825195312e-01,9.999426007270812988e-01,-9.999942183494567871e-01,9.999924302101135254e-01,-9.999908208847045898e-01,-9.999406933784484863e-01,9.999933242797851562e-01,-9.999935030937194824e-01,9.999896883964538574e-01,9.999407529830932617e-01,-9.999941587448120117e-01,9.999929666519165039e-01,-9.999761581420898438e-01,9.999917149543762207e-01,-9.999905228614807129e-01,9.999847412109375000e-01,-9.999033212661743164e-01,-9.999887943267822266e-01,-9.998762607574462891e-01,-9.983781576156616211e-01,9.999827146530151367e-01,9.999814033508300781e-01,-9.999927878379821777e-01,9.999831914901733398e-01,-9.999884963035583496e-01,9.999887943267822266e-01,9.999831914901733398e-01,-9.999954104423522949e-01,9.999902844429016113e-01,-9.999936223030090332e-01,9.999911785125732422e-01,-9.999827742576599121e-01,9.999811053276062012e-01,9.999931454658508301e-01,-9.999818205833435059e-01,-9.999884963035583496e-01,9.999916553497314453e-01,-9.999746680259704590e-01,9.999883174896240234e-01,9.999709725379943848e-01,9.999927878379821777e-01
9.999988675117492676e-01,-9.999989271163940430e-01,-9.999959468841552734e-01,9.999991655349731445e-01,9.999993443489074707e-01,-9.999989867210388184e-01,-9.999948740005493164e-01,9.999992847442626953e-01,-9.999979734420776367e-01,9.999976158142089844e-01,-9.998205900192260742e-01,-9.999991059303283691e-01,9.999991655349731445e-01,9.999959468841552734e-01,-9.999800920486450195e-01,9.999981522560119629e-01,9.999984502792358398e-01,-9.999919533729553223e-01,9.999927282333374023e-01,-9.999993443489074707e-01,-9.999991655349731445e-01,9.999927878379821777e-01,9.999970793724060059e-01,9.999983310699462891e-01,-9.999971389770507812e-01,9.999994635581970215e-01,-9.999983906745910645e-01,-9.999992251396179199e-01,9.999944567680358887e-01,9.999936819076538086e-01,-9.999989271163940430e-01,-9.999991655349731445e-01,9.999986886978149414e-01,9.999986290931701660e-01,-9.999982118606567383e-01,-9.999974370002746582e-01,9.999992251396179199e-01,9.999992251396179199e-01,9.999963641166687012e-01,-9.999991655349731445e-01,9.999989271163940430e-01,-9.999978542327880859e-01,9.999864697456359863e-01,9.999991655349731445e-01,9.999979138374328613e-01,9.999988675117492676e-01,9.999976754188537598e-01,9.999942183494567871e-01,9.999992251396179199e-01,-9.999991059303283691e-01,-9.999989271163940430e-01,-9.999976754188537598e-01,-9.999989271163940430e-01,-9.999821186065673828e-01,-9.999985098838806152e-01,-9.999949336051940918e-01,-9.999983906745910645e-01,-9.999949932098388672e-01,9.999986290931701660e-01,9.999958276748657227e-01,-9.999950528144836426e-01,9.999989867210388184e-01,9.999991059303283691e-01,9.999907016754150391e-01,9.999976158142089844e-01,-9.999991655349731445e-01,-9.999992847442626953e-01,-9.999921917915344238e-01,-9.999982714653015137e-01,9.999992251396179199e-01,-9.999988079071044922e-01,9.999982118606567383e-01,9.999969005584716797e-01,-9.999966621398925781e-01,9.999835491180419922e-01,-9.999982714653015137e-01,9.999948740005493164e-01,9.999978542327880859e-01,-9.999973177909851074e-01,-9.999989271163940430e-01,-9.999922513961791992e-01,9.999986886978149414e-01,-9.999989271163940430e-01,9.999907612800598145e-01,-9.999991655349731445e-01,-9.999910593032836914e-01,9.999927282333374023e-01,9.999985098838806152e-01,-9.999918937683105469e-01,9.999992251396179199e-01,-9.999989271163940430e-01,9.999986886978149414e-01,9.999915957450866699e-01,-9.999992251396179199e-01,9.999991059303283691e-01,-9.999985098838806152e-01,-9.999915957450866699e-01,9.999992251396179199e-01,-9.999990463256835938e-01,9.999966025352478027e-01,-9.999988675117492676e-01,9.999986290931701660e-01,-9.999977946281433105e-01,9.999863505363464355e-01,9.999982714653015137e-01,9.999824762344360352e-01,9.997702836990356445e-01,-9.999975562095642090e-01,-9.999972581863403320e-01,9.999989867210388184e-01,-9.999976754188537598e-01,9.999983310699462891e-01,-9.999982714653015137e-01,-9.999975562095642090e-01,9.999994039535522461e-01,-9.999986886978149414e-01,9.999991655349731445e-01,-9.999987483024597168e-01,9.999974966049194336e-01,-9.999973773956298828e-01,-9.999990463256835938e-01,9.999973773956298828e-01,9.999982714653015137e-01,-9.999988079071044922e-01,9.999963641166687012e-01,-9.999983310699462891e-01,-9.999958872795104980e-01,-9.999989271163940430e-01
-9.999966025352478027e-01,9.999969005584716797e-01,9.999886155128479004e-01,-9.999974966049194336e-01,-9.999977946281433105e-01,9.999970197677612305e-01,9.999856948852539062e-01,-9.999979734420776367e-01,9.999942183494567871e-01,-9.999934434890747070e-01,9.994963407516479492e-01,9.999973177909851074e-01,-9.999973773956298828e-01,-9.999887943267822266e-01,9.999437332153320312e-01,-9.999947547912597656e-01,-9.999958872795104980e-01,9.999774694442749023e-01,-9.999791383743286133e-01,9.999980926513671875e-01,9.999974966049194336e-01,-9.999797940254211426e-01,-9.999917149543762207e-01,-9.999954104423522949e-01,9.999918341636657715e-01,-9.999981522560119629e-01,9.999957084655761719e-01,9.999976754188537598e-01,-9.999842643737792969e-01,-9.999819993972778320e-01,9.999970197677612305e-01,9.999973773956298828e-01,-9.999963641166687012e-01,-9.999959468841552734e-01,9.999951124191284180e-01,9.999926686286926270e-01,-9.999976158142089844e-01,-9.999977946281433105e-01,-9.999899864196777344e-01,9.999974966049194336e-01,-9.999970197677612305e-01,9.999939203262329102e-01,-9.999619722366333008e-01,-9.999974370002746582e-01,-9.999940991401672363e-01,-9.999966621398925781e-01,-9.999935030937194824e-01,-9.999837875366210938e-01,-9.999976158142089844e-01,9.999973773956298828e-01,9.999969601631164551e-01,9.999937415122985840e-01,9.999969005584716797e-01,9.999497532844543457e-01,9.999955892562866211e-01,9.999857544898986816e-01,9.999955892562866211e-01,9.999857544898986816e-01,-9.999960660934448242e-01,-9.999882578849792480e-01,9.999860525131225586e-01,-9.999971389770507812e-01,-9.999973177909851074e-01,-9.999740123748779297e-01,-9.999933242797851562e-01,9.999974370002746582e-01,9.999977946281433105e-01,9.999779462814331055e-01,9.999953508377075195e-01,-9.999978542327880859e-01,9.999966025352478027e-01,-9.999949932098388672e-01,-9.999914169311523438e-01,9.999909400939941406e-01,-9.999536871910095215e-01,9.999951720237731934e-01,-9.999855756759643555e-01,-9.999939799308776855e-01,9.999926686286926270e-01,9.999970197677612305e-01,9.999782443046569824e-01,-9.999961256980895996e-01,9.999969005584716797e-01,-9.999740719795227051e-01,9.999974370002746582e-01,9.999747872352600098e-01,-9.999796748161315918e-01,-9.999957680702209473e-01,9.999772310256958008e-01,-9.999976158142089844e-01,9.999969601631164551e-01,-9.999963045120239258e-01,-9.999764561653137207e-01,9.999973177909851074e-01,-9.999973177909851074e-01,9.999958276748657227e-01,9.999763965606689453e-01,-9.999976158142089844e-01,9.999971985816955566e-01,-9.999904632568359375e-01,9.999966621398925781e-01,-9.999961853027343750e-01,9.999939203262329102e-01,-9.999615550041198730e-01,-9.999954700469970703e-01,-9.999507665634155273e-01,-9.993550181388854980e-01,9.999930858612060547e-01,9.999924898147583008e-01,-9.999970793724060059e-01,9.999932646751403809e-01,-9.999954700469970703e-01,9.999955296516418457e-01,9.999933242797851562e-01,-9.999981522560119629e-01,9.999960660934448242e-01,-9.999973773956298828e-01,9.999964237213134766e-01,-9.999931454658508301e-01,9.999924898147583008e-01,9.999972581863403320e-01,-9.999927878379821777e-01,-9.999953508377075195e-01,9.999966621398925781e-01,-9.999899268150329590e-01,9.999953508377075195e-01,9.999883770942687988e-01,9.999970793724060059e-01
9.999961256980895996e-01,-9.999964237213134766e-01,-9.999870657920837402e-01,9.999970793724060059e-01,9.999975562095642090e-01,-9.999966621398925781e-01,-9.999837279319763184e-01,9.999976158142089844e-01,-9.999934434890747070e-01,9.999926686286926270e-01,-9.994277358055114746e-01,-9.999969601631164551e-01,9.999970793724060059e-01,9.999871850013732910e-01,-9.999361038208007812e-01,9.999940395355224609e-01,9.999952316284179688e-01,-9.999743103981018066e-01,9.999763369560241699e-01,-9.999978542327880859e-01,-9.999970793724060059e-01,9.999770522117614746e-01,9.999905824661254883e-01,9.999947547912597656e-01,-9.999907612800598145e-01,9.999979138374328613e-01,-9.999950528144836426e-01,-9.999972581863403320e-01,9.999819993972778320e-01,9.999794960021972656e-01,-9.999966025352478027e-01,-9.999970197677612305e-01,9.999959468841552734e-01,9.999954700469970703e-01,-9.999943971633911133e-01,-9.999916553497314453e-01,9.999972581863403320e-01,9.999974370002746582e-01,9.999885559082031250e-01,-9.999971389770507812e-01,9.999966025352478027e-01,-9.999932050704956055e-01,9.999567270278930664e-01,9.999970793724060059e-01,9.999933242797851562e-01,9.999961256980895996e-01,9.999924898147583008e-01,9.999815225601196289e-01,9.999972581863403320e-01,-9.999970197677612305e-01,-9.999964833259582520e-01,-9.999927878379821777e-01,-9.999964833259582520e-01,-9.999427795410156250e-01,-9.999949336051940918e-01,-9.999837875366210938e-01,-9.999949932098388672e-01,-9.999838471412658691e-01,9.999955892562866211e-01,9.999865293502807617e-01,-9.999840259552001953e-01,9.999967217445373535e-01,9.999969601631164551e-01,9.999703764915466309e-01,9.999923110008239746e-01,-9.999971389770507812e-01,-9.999974966049194336e-01,-9.999749064445495605e-01,-9.999946951866149902e-01,9.999975562095642090e-01,-9.999960660934448242e-01,9.999943375587463379e-01,9.999903440475463867e-01,-9.999896883964538574e-01,9.999474883079528809e-01,-9.999945163726806641e-01,9.999835491180419922e-01,9.999932646751403809e-01,-9.999917149543762207e-01,-9.999966025352478027e-01,-9.999752640724182129e-01,9.999957084655761719e-01,-9.999964237213134766e-01,9.999704360961914062e-01,-9.999970197677612305e-01,-9.999712705612182617e-01,9.999768733978271484e-01,9.999952316284179688e-01,-9.999740719795227051e-01,9.999973177909851074e-01,-9.999965429306030273e-01,9.999958276748657227e-01,9.999731183052062988e-01,-9.999969601631164551e-01,9.999969005584716797e-01,-9.999951720237731934e-01,-9.999732375144958496e-01,9.999972581863403320e-01,-9.999967813491821289e-01,9.999891519546508789e-01,-9.999961853027343750e-01,9.999956488609313965e-01,-9.999930262565612793e-01,9.999562501907348633e-01,9.999948740005493164e-01,9.999440908432006836e-01,9.992673397064208984e-01,-9.999923110008239746e-01,-9.999915361404418945e-01,9.999966621398925781e-01,-9.999922513961791992e-01,9.999947547912597656e-01,-9.999948740005493164e-01,-9.999923706054687500e-01,9.999977946281433105e-01,-9.999956488609313965e-01,9.999970793724060059e-01,-9.999958276748657227e-01,9.999921917915344238e-01,-9.999914169311523438e-01,-9.999968409538269043e-01,9.999917149543762207e-01,9.999946951866149902e-01,-9.999960660934448242e-01,9.999884963035583496e-01,-9.999946355819702148e-01,-9.999868869781494141e-01,-9.999966621398925781e-01
-9.997044801712036133e-01,9.997318983078002930e-01,9.989934563636779785e-01,-9.997815489768981934e-01,-9.998100399971008301e-01,9.997493624687194824e-01,9.987330436706542969e-01,-9.998205900192260742e-01,9.994963407516479492e-01,-9.994277358055114746e-01,9.573220014572143555e-01,9.997715950012207031e-01,-9.997775554656982422e-01,-9.990076422691345215e-01,9.950485825538635254e-01,-9.995406866073608398e-01,-9.996395707130432129e-01,9.980081319808959961e-01,-9.981629252433776855e-01,9.998415112495422363e-01,9.997799992561340332e-01,-9.982123970985412598e-01,-9.992650151252746582e-01,-9.995953440666198730e-01,9.992841482162475586e-01,-9.998404979705810547e-01,9.996124505996704102e-01,9.998008012771606445e-01,-9.985963702201843262e-01,-9.984082579612731934e-01,9.997461438179016113e-01,9.997772574424743652e-01,-9.996848106384277344e-01,-9.996396303176879883e-01,9.995688199996948242e-01,9.993497133255004883e-01,-9.997974634170532227e-01,-9.998012185096740723e-01,-9.991078972816467285e-01,9.997813105583190918e-01,-9.997467398643493652e-01,9.994701743125915527e-01,-9.966498017311096191e-01,-9.997802376747131348e-01,-9.994786977767944336e-01,-9.997105002403259277e-01,-9.994149208068847656e-01,-9.985643029212951660e-01,-9.997942447662353516e-01,9.997705221176147461e-01,9.997364878654479980e-01,9.994460344314575195e-01,9.997316598892211914e-01,9.955751895904541016e-01,9.996066689491271973e-01,9.987405538558959961e-01,9.996088147163391113e-01,9.987402558326721191e-01,-9.996576905250549316e-01,-9.989580512046813965e-01,9.987576603889465332e-01,-9.997504353523254395e-01,-9.997649192810058594e-01,-9.977049231529235840e-01,-9.994096755981445312e-01,9.997811913490295410e-01,9.998136162757873535e-01,9.980551600456237793e-01,9.995936155319213867e-01,-9.998171925544738770e-01,9.997053146362304688e-01,-9.995650649070739746e-01,-9.992464184761047363e-01,9.991986155509948730e-01,-9.959276914596557617e-01,9.995701909065246582e-01,-9.987220764160156250e-01,-9.994745254516601562e-01,9.993584752082824707e-01,9.997388720512390137e-01,9.980757236480712891e-01,-9.996638894081115723e-01,9.997352957725524902e-01,-9.977086186408996582e-01,9.997774362564086914e-01,9.977632164955139160e-01,-9.982001185417175293e-01,-9.996283650398254395e-01,9.979870915412902832e-01,-9.997925758361816406e-01,9.997339844703674316e-01,-9.996750354766845703e-01,-9.979163408279418945e-01,9.997658729553222656e-01,-9.997707605361938477e-01,9.996362924575805664e-01,9.979225397109985352e-01,-9.997934103012084961e-01,9.997531175613403320e-01,-9.991611838340759277e-01,9.997084736824035645e-01,-9.996685385704040527e-01,9.994636774063110352e-01,-9.966133236885070801e-01,-9.996050596237182617e-01,-9.956659674644470215e-01,-9.459937214851379395e-01,9.993899464607238770e-01,9.993448853492736816e-01,-9.997456669807434082e-01,9.994057416915893555e-01,-9.995929002761840820e-01,9.996050596237182617e-01,9.994066357612609863e-01,-9.998385906219482422e-01,9.996590614318847656e-01,-9.997759461402893066e-01,9.996886253356933594e-01,-9.993933439254760742e-01,9.993336796760559082e-01,9.997591376304626465e-01,-9.993609189987182617e-01,-9.995943307876586914e-01,9.997067451477050781e-01,-9.991089105606079102e-01,9.995883703231811523e-01,9.989800453186035156e-01,9.997425675392150879e-01
-9.999983906745910645e-01,9.999985098838806152e-01,9.999948143959045410e-01,-9.999988079071044922e-01,-9.999990463256835938e-01,9.999986290931701660e-01,9.999935030937194824e-01,-9.999991059303283691e-01,9.999973177909851074e-01,-9.999969601631164551e-01,9.997715950012207031e-01,9.999987483024597168e-01,-9.999988675117492676e-01,-9.999949336051940918e-01,9.999745488166809082e-01,-9.999976158142089844e-01,-9.999980330467224121e-01,9.999896883964538574e-01,-9.999905228614807129e-01,9.999991059303283691e-01,9.999988675117492676e-01,-9.999908208847045898e-01,-9.999960660934448242e-01,-9.999978542327880859e-01,9.999963045120239258e-01,-9.999992251396179199e-01,9.999979734420776367e-01,9.999988675117492676e-01,-9.999929070472717285e-01,-9.999918341636657715e-01,9.999986290931701660e-01,9.999987483024597168e-01,-9.999983906745910645e-01,-9.999981522560119629e-01,9.999977350234985352e-01,9.999966025352478027e-01,-9.999988079071044922e-01,-9.999989867210388184e-01,-9.999954104423522949e-01,9.999988079071044922e-01,-9.999986290931701660e-01,9.999971389770507812e-01,-9.999827146530151367e-01,-9.999988079071044922e-01,-9.999973177909851074e-01,-9.999985098838806152e-01,-9.999969601631164551e-01,-9.999926686286926270e-01,-9.999988675117492676e-01,9.999988079071044922e-01,9.999985694885253906e-01,9.999970197677612305e-01,9.999985098838806152e-01,9.999772310256958008e-01,9.999979734420776367e-01,9.999934434890747070e-01,9.999979734420776367e-01,9.999935626983642578e-01,-9.999982118606567383e-01,-9.999946355819702148e-01,9.999936223030090332e-01,-9.999986290931701660e-01,-9.999986886978149414e-01,-9.999881982803344727e-01,-9.999968409538269043e-01,9.999988079071044922e-01,9.999989867210388184e-01,9.999898672103881836e-01,9.999978542327880859e-01,-9.999989867210388184e-01,9.999984502792358398e-01,-9.999976754188537598e-01,-9.999960660934448242e-01,9.999958872795104980e-01,-9.999790191650390625e-01,9.999976754188537598e-01,-9.999934434890747070e-01,-9.999971985816955566e-01,9.999965429306030273e-01,9.999985694885253906e-01,9.999900460243225098e-01,-9.999982714653015137e-01,9.999986290931701660e-01,-9.999881386756896973e-01,9.999987483024597168e-01,9.999885559082031250e-01,-9.999907612800598145e-01,-9.999980926513671875e-01,9.999896287918090820e-01,-9.999989271163940430e-01,9.999985098838806152e-01,-9.999983310699462891e-01,-9.999892115592956543e-01,9.999988079071044922e-01,-9.999987483024597168e-01,9.999979734420776367e-01,9.999892711639404297e-01,-9.999989271163940430e-01,9.999986886978149414e-01,-9.999956488609313965e-01,9.999985098838806152e-01,-9.999981522560119629e-01,9.999971389770507812e-01,-9.999825954437255859e-01,-9.999978542327880859e-01,-9.999776482582092285e-01,-9.997073411941528320e-01,9.999968409538269043e-01,9.999964833259582520e-01,-9.999986886978149414e-01,9.999968409538269043e-01,-9.999979734420776367e-01,9.999979138374328613e-01,9.999970197677612305e-01,-9.999991059303283691e-01,9.999982118606567383e-01,-9.999987483024597168e-01,9.999982714653015137e-01,-9.999968409538269043e-01,9.999965429306030273e-01,9.999987483024597168e-01,-9.999966025352478027e-01,-9.999977946281433105e-01,9.999983906745910645e-01,-9.999953508377075195e-01,9.999978542327880859e-01,9.999947547912597656e-01,9.999986886978149414e-01
