4.789436757564544678e-01,1.488608401268720627e-02,-1.244486570358276367e-01,1.650264603085815907e-03,2.023227810859680176e-01,-1.110939607024192810e-01,1.251750737428665161e-01,3.859753608703613281e-01,9.354244172573089600e-02,5.776672065258026123e-02,-8.574862778186798096e-02,-7.041117548942565918e-02,5.905606597661972046e-02,2.128706723451614380e-01,2.349130511283874512e-01,1.497122645378112793e-01,5.806277971714735031e-03,-7.728017400950193405e-03,9.234142303466796875e-02,-2.747301571071147919e-02,-1.275615096092224121e-01,5.668159574270248413e-02,-1.086154952645301819e-02,4.878289625048637390e-02,6.236138753592967987e-03,5.763527005910873413e-02,-9.746452560648322105e-04,-2.347995191812515259e-01,4.389061406254768372e-02,-1.635004729032516479e-01,-1.376784443855285645e-01,-8.476284891366958618e-02,4.921107739210128784e-02,4.026522114872932434e-02,-3.018853440880775452e-02,-1.017448380589485168e-01,-1.475733052939176559e-02,6.136614456772804260e-02,-2.990326583385467529e-01,-3.720779418945312500e-01,2.099946439266204834e-01,9.027728438377380371e-02,-4.594665765762329102e-02,2.080527879297733307e-02,2.420193050056695938e-03,-2.926252782344818115e-02,-2.013749033212661743e-01,-1.192118600010871887e-01,4.057896137237548828e-02,6.958089023828506470e-02,-9.451819956302642822e-02,-3.394831344485282898e-02,1.711459606885910034e-01,-5.673654749989509583e-02,-7.029905915260314941e-02,-1.756681650876998901e-01,5.867080017924308777e-02,1.380921155214309692e-02,-2.204351872205734253e-02,-5.545796453952789307e-02,-1.595659926533699036e-02,-1.243876013904809952e-02,1.043554395437240601e-02,1.238652914762496948e-01,5.271663889288902283e-03,-4.251700360327959061e-03,-1.029714345932006836e-01,1.987530142068862915e-01,-1.174334585666656494e-01,1.598154008388519287e-01,-2.108265310525894165e-01,1.861673593521118164e-02,4.374103620648384094e-02,1.683092266321182251e-01,-1.047423928976058960e-01,-1.857624650001525879e-01,-2.819404471665620804e-03,1.351020187139511108e-01,-1.678868979215621948e-01,-1.019525229930877686e-01,9.492158889770507812e-02,1.496933749876916409e-03,-2.352724820375442505e-01,-3.837850876152515411e-03,-2.912876009941101074e-01,-4.670329019427299500e-02,2.191036045551300049e-01,1.572120236232876778e-03,-4.199628531932830811e-02,7.587501406669616699e-02,-1.182275041937828064e-01,1.497563719749450684e-02,7.809668034315109253e-02,-1.040028482675552368e-01,-8.800699561834335327e-02,-2.398822456598281860e-01,2.190312743186950684e-01,-2.459904644638299942e-04,-1.953464299440383911e-01,2.696915864944458008e-01,-9.489122033119201660e-02,2.370638400316238403e-01,-9.115696698427200317e-02,-5.316416919231414795e-02,2.568272873759269714e-02,2.576820552349090576e-01,5.764060467481613159e-02,2.337094396352767944e-02,-2.764779925346374512e-01,9.070313535630702972e-03,3.313082829117774963e-02,6.174403056502342224e-02,-4.083785414695739746e-02,-1.441896706819534302e-01,1.733771562576293945e-01,-1.341644525527954102e-01,3.449585735797882080e-01,-6.679165363311767578e-02,-3.362066149711608887e-01,1.001324597746133804e-02,-5.833387747406959534e-02,1.920709758996963501e-01,1.948655843734741211e-01,5.475762486457824707e-02,4.095689207315444946e-02,-1.250583976507186890e-01,-1.105276867747306824e-02,5.375698581337928772e-02
1.488608401268720627e-02,2.171871624886989594e-02,-1.287318319082260132e-01,8.743340522050857544e-02,6.658596545457839966e-02,-3.468275768682360649e-03,1.321040652692317963e-02,5.436852201819419861e-02,2.441212721168994904e-02,4.182063788175582886e-02,1.259148307144641876e-02,-5.209616944193840027e-02,1.051082387566566467e-01,6.761004030704498291e-02,1.220712959766387939e-01,1.207184046506881714e-01,-1.537825562991201878e-03,6.708717346191406250e-02,-6.317122280597686768e-02,-5.491278320550918579e-02,-4.316034168004989624e-02,1.212589070200920105e-01,6.655663251876831055e-02,-4.944539163261651993e-03,1.513713411986827850e-02,1.366385221481323242e-01,-1.311069875955581665e-01,-6.065936014056205750e-02,1.129871085286140442e-01,-1.902921870350837708e-02,2.160678803920745850e-02,-1.238579079508781433e-01,8.667904138565063477e-02,6.344427913427352905e-02,-4.818982444703578949e-03,-1.345956027507781982e-01,2.811727859079837799e-02,6.538715958595275879e-02,-8.949503302574157715e-02,-7.180237770080566406e-02,1.059692278504371643e-01,9.043644182384014130e-03,1.162571981549263000e-01,1.771409250795841217e-02,3.486691974103450775e-03,-7.616185396909713745e-02,-1.301128417253494263e-01,-3.257145360112190247e-02,-1.139951311051845551e-02,1.781296916306018829e-02,2.939205057919025421e-02,-1.960249058902263641e-02,3.073121234774589539e-02,-4.077955149114131927e-03,-9.627351537346839905e-03,-1.366646885871887207e-01,2.565518580377101898e-02,1.103039830923080444e-02,-5.858505517244338989e-02,-6.508526206016540527e-02,-1.208344288170337677e-02,1.448576711118221283e-02,4.487020894885063171e-03,1.550788152962923050e-02,-4.705885425209999084e-03,-3.061352483928203583e-02,3.570392355322837830e-02,1.255354434251785278e-01,-1.220919042825698853e-01,2.589268237352371216e-02,-9.635448455810546875e-02,-1.962567493319511414e-02,-2.951884642243385315e-02,1.223442405462265015e-01,-2.747192233800888062e-02,-1.125855669379234314e-01,-2.932311734184622765e-03,1.415153294801712036e-01,-3.594169765710830688e-02,-1.158831268548965454e-01,1.259720474481582642e-01,1.230785856023430824e-03,-9.810978919267654419e-02,2.238289453089237213e-03,-9.495830535888671875e-02,-1.180322319269180298e-01,4.639354720711708069e-02,6.069866474717855453e-03,5.433697625994682312e-02,4.903212562203407288e-02,-2.311972901225090027e-02,-2.344473823904991150e-02,-1.004230976104736328e-01,4.045124351978302002e-02,-1.116567850112915039e-01,3.881774842739105225e-03,6.949938088655471802e-02,-1.227933244081214070e-04,-9.638616442680358887e-02,4.192808642983436584e-02,-2.893932722508907318e-02,3.174322843551635742e-02,-1.340671926736831665e-01,-5.162926390767097473e-02,1.430368423461914062e-01,-3.655711887404322624e-03,-8.010918647050857544e-02,-1.219933256506919861e-01,-1.770696789026260376e-02,-9.721405804157257080e-03,7.541570812463760376e-02,-4.974639788269996643e-02,-1.129283308982849121e-01,-1.395719312131404877e-02,1.391365826129913330e-01,-1.175495907664299011e-01,7.231479138135910034e-02,3.802480176091194153e-02,-1.236991658806800842e-01,3.661832213401794434e-02,5.080182477831840515e-02,9.108333289623260498e-02,1.181229129433631897e-01,-4.953077062964439392e-02,-6.567937135696411133e-02,-6.065774708986282349e-02,5.087124183773994446e-03,6.872203946113586426e-02
-1.244486570358276367e-01,-1.287318319082260132e-01,7.890406847000122070e-01,-5.919266343116760254e-01,-3.880824446678161621e-01,-4.963992163538932800e-02,-1.411774903535842896e-01,-3.777765929698944092e-01,-1.383955329656600952e-01,-2.834057509899139404e-01,-6.223134323954582214e-02,3.542941510677337646e-01,-6.076766252517700195e-01,-4.826641976833343506e-01,-7.375359535217285156e-01,-7.150169014930725098e-01,3.047014353796839714e-03,-3.745113313198089600e-01,4.261081814765930176e-01,3.836977183818817139e-01,2.824916541576385498e-01,-7.474089264869689941e-01,-4.804746508598327637e-01,8.916579186916351318e-02,-1.020627096295356750e-01,-7.568425536155700684e-01,7.438670396804809570e-01,3.423540890216827393e-01,-7.069566845893859863e-01,1.611795574426651001e-01,-1.037916168570518494e-01,7.528485059738159180e-01,-5.587106347084045410e-01,-4.600763022899627686e-01,3.930263966321945190e-02,7.831537127494812012e-01,-1.821459382772445679e-01,-4.285137951374053955e-01,5.583102107048034668e-01,5.015252232551574707e-01,-6.490756273269653320e-01,-6.772335618734359741e-02,-6.643262505531311035e-01,-1.185125857591629028e-01,-2.121151238679885864e-02,5.068373680114746094e-01,7.790213227272033691e-01,2.261918932199478149e-01,5.580993369221687317e-02,-2.943654730916023254e-02,-2.032275050878524780e-01,1.267453581094741821e-01,-2.155818939208984375e-01,9.174713492393493652e-02,4.832199215888977051e-02,7.978892326354980469e-01,-1.979959458112716675e-01,-7.458439469337463379e-02,3.182528316974639893e-01,4.296556711196899414e-01,1.175706014037132263e-01,-1.319336891174316406e-01,-3.186090663075447083e-02,-1.253089159727096558e-01,2.548730187118053436e-02,1.961673498153686523e-01,-1.789587438106536865e-01,-7.324263453483581543e-01,7.377278804779052734e-01,-1.485345661640167236e-01,6.477068662643432617e-01,1.526358127593994141e-01,1.862677782773971558e-01,-7.578585743904113770e-01,1.716954857110977173e-01,6.837317347526550293e-01,1.715560443699359894e-02,-8.336271047592163086e-01,2.866919040679931641e-01,7.357169985771179199e-01,-7.808412313461303711e-01,-8.606909774243831635e-03,6.203182339668273926e-01,-1.180769223719835281e-02,6.152418255805969238e-01,6.427758336067199707e-01,-3.180139660835266113e-01,-3.782738000154495239e-02,-3.090405762195587158e-01,-3.501686155796051025e-01,1.485676914453506470e-01,1.576222926378250122e-01,6.185292601585388184e-01,-2.612730860710144043e-01,7.041885852813720703e-01,3.336738422513008118e-02,-4.330793619155883789e-01,8.490035543218255043e-04,6.330724954605102539e-01,-3.280100226402282715e-01,2.459140568971633911e-01,-2.352664917707443237e-01,7.928932309150695801e-01,3.437474966049194336e-01,-8.138297200202941895e-01,-8.957892656326293945e-02,5.327666401863098145e-01,7.168691158294677734e-01,9.940710663795471191e-02,6.369965523481369019e-02,-4.981470704078674316e-01,4.091625809669494629e-01,7.004842162132263184e-01,-3.024368360638618469e-02,-7.875632643699645996e-01,6.988879442214965820e-01,-4.912419319152832031e-01,-2.744567692279815674e-01,7.607242465019226074e-01,-2.480653524398803711e-01,-3.148190975189208984e-01,-6.216238737106323242e-01,-7.237343192100524902e-01,2.832528352737426758e-01,4.781344532966613770e-01,4.566480219364166260e-01,-5.574569851160049438e-02,-4.729152619838714600e-01
1.650264603085815907e-03,8.743340522050857544e-02,-5.919266343116760254e-01,5.840981006622314453e-01,1.904151290655136108e-01,1.222647204995155334e-01,6.685567647218704224e-02,1.750043481588363647e-01,7.279895991086959839e-02,1.930417418479919434e-01,5.598295945674180984e-03,-2.497063279151916504e-01,3.254629075527191162e-01,4.229319989681243896e-01,5.066612958908081055e-01,4.662520587444305420e-01,-5.162217421457171440e-04,3.106470704078674316e-01,-3.735575377941131592e-01,-2.573606669902801514e-01,-3.485438525676727295e-01,5.974899530410766602e-01,3.533624708652496338e-01,-9.962401539087295532e-02,8.069383352994918823e-02,5.316675901412963867e-01,-5.181943178176879883e-01,-9.727167338132858276e-02,4.533771872520446777e-01,-1.610727980732917786e-02,1.098849996924400330e-01,-6.179137229919433594e-01,4.921166598796844482e-01,2.762529850006103516e-01,-1.086237747222185135e-02,-5.781232714653015137e-01,1.521865576505661011e-01,2.793991267681121826e-01,-2.482845783233642578e-01,-4.448010027408599854e-01,4.800259768962860107e-01,5.994515120983123779e-02,5.001670718193054199e-01,7.941038161516189575e-02,-3.406312689185142517e-02,-2.139526009559631348e-01,-5.436727404594421387e-01,-1.992660611867904663e-01,-5.491637438535690308e-02,7.732318341732025146e-02,1.992826461791992188e-01,-5.295651033520698547e-02,1.772961318492889404e-01,-1.319108307361602783e-01,1.069475635886192322e-01,-5.590666532516479492e-01,1.497997492551803589e-01,4.517089575529098511e-02,-1.834608316421508789e-01,-3.412515223026275635e-01,-1.655204892158508301e-01,1.476112753152847290e-01,2.801944501698017120e-02,1.013109683990478516e-01,1.162462867796421051e-02,-1.375532448291778564e-01,1.468381136655807495e-01,5.114749670028686523e-01,-5.248496532440185547e-01,3.061152249574661255e-02,-4.280492961406707764e-01,5.066031590104103088e-02,-1.866065859794616699e-01,5.576689839363098145e-01,-1.193032637238502502e-01,-5.437464118003845215e-01,-6.693718489259481430e-03,6.102529168128967285e-01,-3.590004444122314453e-01,-5.485906004905700684e-01,6.952291727066040039e-01,6.054379977285861969e-03,-3.606923520565032959e-01,1.089368388056755066e-02,-4.678072035312652588e-01,-3.838062584400177002e-01,7.599439471960067749e-02,2.363127097487449646e-02,1.813388913869857788e-01,2.335239946842193604e-01,-6.426113098859786987e-02,-2.173775732517242432e-01,-5.916662812232971191e-01,3.042247593402862549e-01,-5.665159225463867188e-01,2.334041334688663483e-02,2.760041356086730957e-01,-5.671117105521261692e-04,-3.685819208621978760e-01,1.787477284669876099e-01,-1.315624266862869263e-01,2.275516837835311890e-02,-6.575745940208435059e-01,-2.295179963111877441e-01,6.538050770759582520e-01,1.517358124256134033e-01,-5.715903639793395996e-01,-5.661350488662719727e-01,2.374336309731006622e-02,-5.013984441757202148e-02,5.305861234664916992e-01,-4.122397303581237793e-01,-5.584865212440490723e-01,9.596652537584304810e-02,5.413159728050231934e-01,-4.639475345611572266e-01,2.253988087177276611e-01,1.821865886449813843e-01,-5.604509115219116211e-01,2.166597992181777954e-01,2.182191610336303711e-01,4.645679593086242676e-01,5.138128995895385742e-01,-2.202227264642715454e-01,-3.290909230709075928e-01,-3.349608480930328369e-01,3.800871968269348145e-02,3.663673996925354004e-01
2.023227810859680176e-01,6.658596545457839966e-02,-3.880824446678161621e-01,1.904151290655136108e-01,3.059420585632324219e-01,-8.241859823465347290e-02,9.167110919952392578e-02,3.211714327335357666e-01,8.265492320060729980e-02,1.318980902433395386e-01,1.287763845175504684e-02,-1.612725406885147095e-01,3.535427451133728027e-01,1.721118688583374023e-01,4.234973788261413574e-01,4.046389460563659668e-01,-5.324248224496841431e-03,1.806773245334625244e-01,-1.257077902555465698e-01,-1.572435945272445679e-01,-6.857404857873916626e-02,3.292168378829956055e-01,1.505463719367980957e-01,3.221095725893974304e-02,3.787976875901222229e-02,4.122441709041595459e-01,-3.849333226680755615e-01,-3.075337707996368408e-01,3.621645271778106689e-01,-1.581779271364212036e-01,7.951430976390838623e-03,-3.230427205562591553e-01,2.177580296993255615e-01,1.789716780185699463e-01,-2.705436013638973236e-02,-3.955494165420532227e-01,6.296301633119583130e-02,2.094864547252655029e-01,-4.265631735324859619e-01,-2.637885808944702148e-01,3.690155148506164551e-01,5.069539695978164673e-02,3.031862080097198486e-01,5.676333978772163391e-02,3.824450075626373291e-02,-2.616187036037445068e-01,-4.483847916126251221e-01,-1.144737973809242249e-01,-1.035272236913442612e-02,9.207785129547119141e-02,2.720171213150024414e-02,-7.928260415792465210e-02,1.212200298905372620e-01,1.071043126285076141e-02,-1.077730804681777954e-01,-4.531956613063812256e-01,7.578969746828079224e-02,3.692300990223884583e-02,-2.158265411853790283e-01,-1.798190772533416748e-01,3.818169701844453812e-03,3.363122232258319855e-03,1.259353850036859512e-02,8.433572947978973389e-02,-1.215694751590490341e-02,-8.627229183912277222e-02,8.021801710128784180e-02,4.300598204135894775e-01,-3.587850928306579590e-01,1.716855615377426147e-01,-3.545777797698974609e-01,-1.010597571730613708e-01,-2.648402005434036255e-02,3.816561996936798096e-01,-1.144048273563385010e-01,-3.755259215831756592e-01,-1.143497228622436523e-02,4.377997815608978271e-01,-9.697543829679489136e-02,-3.376441001892089844e-01,3.280380368232727051e-01,3.552286420017480850e-03,-3.828624486923217773e-01,4.741020500659942627e-03,-3.551304936408996582e-01,-3.916140496730804443e-01,2.628933787345886230e-01,1.851163990795612335e-02,1.489318609237670898e-01,1.584603339433670044e-01,-1.348488330841064453e-01,-1.342440303415060043e-02,-1.961921155452728271e-01,1.951417513191699982e-02,-3.140867650508880615e-01,-6.533731520175933838e-02,3.034157752990722656e-01,-4.182614793535321951e-04,-3.418390452861785889e-01,2.275975644588470459e-01,-1.108483448624610901e-01,2.228070497512817383e-01,-3.660975992679595947e-01,-1.643046885728836060e-01,4.054300487041473389e-01,3.547483310103416443e-02,-1.336663216352462769e-01,-3.219650387763977051e-01,-1.918018460273742676e-01,-2.036200836300849915e-02,9.962049126625061035e-02,-5.141596496105194092e-02,-3.004907667636871338e-01,-1.414142549037933350e-01,4.878929257392883301e-01,-3.973657190799713135e-01,3.389320671558380127e-01,8.993284404277801514e-02,-4.510474205017089844e-01,8.132771402597427368e-02,1.466584056615829468e-01,2.929021716117858887e-01,3.902470469474792480e-01,-1.242111548781394958e-01,-1.414495557546615601e-01,-1.674577295780181885e-01,4.202196374535560608e-03,2.060284018516540527e-01
-1.110939607024192810e-01,-3.468275768682360649e-03,-4.963992163538932800e-02,1.222647204995155334e-01,-8.241859823465347290e-02,2.136326134204864502e-01,-2.775027602910995483e-02,-4.028934612870216370e-02,-1.179431751370429993e-01,-2.318453043699264526e-02,3.637955710291862488e-02,-7.619025651365518570e-03,-8.401985466480255127e-02,1.131928190588951111e-01,-2.095453254878520966e-02,-4.142201691865921021e-02,-2.845594892278313637e-03,-2.718142699450254440e-03,-4.538528993725776672e-02,-4.607002437114715576e-02,4.067870229482650757e-02,6.508435308933258057e-02,1.167970821261405945e-01,-3.016206622123718262e-02,-1.544893486425280571e-03,-8.648414164781570435e-02,-7.020066492259502411e-03,1.145600825548171997e-01,6.017800793051719666e-02,1.352125313133001328e-02,8.622288703918457031e-02,-9.731431491672992706e-03,-1.139548886567354202e-02,9.747018665075302124e-02,-2.952027425635606050e-04,-1.394486613571643829e-02,1.786310598254203796e-02,-2.012870274484157562e-02,1.157247200608253479e-01,-6.484183669090270996e-02,-1.103592291474342346e-01,-1.819721981883049011e-02,9.494059532880783081e-02,7.245497778058052063e-03,8.325407654047012329e-02,1.874243654310703278e-02,2.994896657764911652e-02,-9.481413289904594421e-03,-6.847741454839706421e-02,-7.584477216005325317e-02,1.311039179563522339e-01,-1.002667546272277832e-01,-3.727440163493156433e-02,-7.884996384382247925e-02,3.993329405784606934e-02,-2.974390285089612007e-03,3.479281067848205566e-02,4.450888955034315586e-04,8.801513910293579102e-02,-2.308348380029201508e-02,-2.065244689583778381e-02,1.603427529335021973e-02,2.366172848269343376e-03,-1.236517578363418579e-01,-1.634298264980316162e-02,1.350262295454740524e-02,2.675723657011985779e-02,-3.031033091247081757e-02,8.262994699180126190e-03,-5.691120401024818420e-02,3.385351598262786865e-02,-1.115785166621208191e-01,-2.247328124940395355e-02,-1.497194916009902954e-02,6.749463826417922974e-02,1.030175667256116867e-02,4.671680275350809097e-03,7.279863581061363220e-03,-1.750515028834342957e-02,-6.586944684386253357e-03,6.248600408434867859e-02,5.798843340016901493e-04,2.385915257036685944e-02,-3.251599380746483803e-03,5.908835306763648987e-02,7.100818306207656860e-02,-6.996553391218185425e-02,-2.711834094952791929e-04,-7.920906692743301392e-02,-5.807165987789630890e-03,4.799972102046012878e-02,-4.220724478363990784e-02,-7.129544764757156372e-02,8.263783156871795654e-02,9.845463559031486511e-03,1.916153542697429657e-02,1.277875038795173168e-03,3.393772203708067536e-05,3.342677140608429909e-03,-1.323439180850982666e-01,-2.824159525334835052e-02,-1.645846217870712280e-01,-1.804614625871181488e-02,1.060818694531917572e-02,-1.777234114706516266e-02,1.029914319515228271e-01,-7.011213898658752441e-02,-4.441261291503906250e-02,1.739228963851928711e-01,8.771778811933472753e-05,1.137683987617492676e-01,-1.378036141395568848e-01,-5.209199711680412292e-02,1.211516186594963074e-01,-1.138804201036691666e-02,8.555293083190917969e-02,-4.892474040389060974e-02,4.697039723396301270e-02,3.012446500360965729e-02,1.799394190311431885e-02,1.722692884504795074e-02,-1.942976191639900208e-02,-3.810895979404449463e-02,1.988058909773826599e-02,-1.136327683925628662e-01,-7.173052523285150528e-03,3.920690622180700302e-03,3.279992938041687012e-02
1.251750737428665161e-01,1.321040652692317963e-02,-1.411774903535842896e-01,6.685567647218704224e-02,9.167110919952392578e-02,-2.775027602910995483e-02,1.154134348034858704e-01,1.460485160350799561e-01,4.050483182072639465e-02,6.473730504512786865e-02,-4.196189716458320618e-02,-6.089253351092338562e-02,8.932112157344818115e-02,4.131274670362472534e-02,1.470082402229309082e-01,1.156703159213066101e-01,5.777667276561260223e-03,1.287466264329850674e-03,-4.877978935837745667e-02,-6.310208886861801147e-02,-5.625131353735923767e-02,9.854524582624435425e-02,4.096015170216560364e-02,-2.454931475222110748e-02,1.643824763596057892e-02,1.286748945713043213e-01,-9.276816993951797485e-02,-9.053675085306167603e-02,1.185776889324188232e-01,-1.027825400233268738e-01,-5.747516825795173645e-02,-1.276167780160903931e-01,9.578847885131835938e-02,4.143124818801879883e-02,-1.395573932677507401e-02,-1.074938923120498657e-01,1.244374923408031464e-02,7.777110487222671509e-02,-1.908828020095825195e-01,-1.287688612937927246e-01,1.796342432498931885e-01,3.816070780158042908e-02,1.514070387929677963e-02,1.844434998929500580e-02,-3.856202214956283569e-02,-8.277511596679687500e-02,-1.742524802684783936e-01,-5.204830691218376160e-02,4.564503952860832214e-02,1.495124213397502899e-02,-2.555271610617637634e-02,2.202878706157207489e-02,7.590878009796142578e-02,-2.044564858078956604e-02,-3.122191876173019409e-02,-1.518499702215194702e-01,2.762957848608493805e-02,1.278942730277776718e-02,-6.724672019481658936e-02,-5.298075079917907715e-02,-3.924410045146942139e-02,3.532185405492782593e-02,6.502187345176935196e-03,1.135577708482742310e-01,1.391738560050725937e-02,-3.035965748131275177e-02,-2.663091011345386505e-02,1.364481151103973389e-01,-1.084228008985519409e-01,7.026760280132293701e-02,-1.677039265632629395e-01,3.921349067240953445e-03,1.559982355684041977e-02,1.530846059322357178e-01,-6.481089442968368530e-02,-1.510147452354431152e-01,-3.484618384391069412e-03,1.730675399303436279e-01,-9.711746871471405029e-02,-1.329173892736434937e-01,1.467195302248001099e-01,1.353748142719268799e-03,-1.288968622684478760e-01,2.756736357696354389e-04,-1.777502000331878662e-01,-6.619048863649368286e-02,1.414309740066528320e-01,4.019419196993112564e-03,3.096748888492584229e-02,8.019608259201049805e-02,-6.938187032938003540e-02,-1.148677896708250046e-03,-5.202944204211235046e-02,-1.410221774131059647e-02,-1.317574083805084229e-01,-9.000289440155029297e-02,9.214892238378524780e-02,-2.054752403637394309e-04,-1.155064478516578674e-01,1.815667748451232910e-01,-7.015058398246765137e-02,1.686455607414245605e-01,-1.316477209329605103e-01,-6.336989253759384155e-02,1.671216487884521484e-01,9.882363677024841309e-02,-7.965168356895446777e-02,-6.061659008264541626e-02,-1.305071562528610229e-01,-7.634729146957397461e-03,3.066738601773977280e-03,-6.049405410885810852e-02,-6.713871657848358154e-02,2.774627506732940674e-02,1.539127826690673828e-01,-1.560455411672592163e-01,1.419703513383865356e-01,3.074539452791213989e-02,-2.081893831491470337e-01,2.943878620862960815e-02,3.800370171666145325e-02,1.432608217000961304e-01,1.522845774888992310e-01,-2.208642475306987762e-02,-3.215517848730087280e-02,-1.020664498209953308e-01,2.031753212213516235e-02,9.591244906187057495e-02
3.859753608703613281e-01,5.436852201819419861e-02,-3.777765929698944092e-01,1.750043481588363647e-01,3.211714327335357666e-01,-4.028934612870216370e-02,1.460485160350799561e-01,5.237362384796142578e-01,4.382788762450218201e-02,1.190269514918327332e-01,-8.263430558145046234e-03,-1.696194857358932495e-01,2.867590785026550293e-01,2.550088763236999512e-01,4.503779709339141846e-01,3.872292637825012207e-01,-2.108081011101603508e-03,1.043299660086631775e-01,-5.101625248789787292e-02,-1.462031006813049316e-01,-5.907750222831964493e-03,3.063210844993591309e-01,1.492698341608047485e-01,1.663672924041748047e-02,2.837277390062808990e-02,3.120362460613250732e-01,-2.949373424053192139e-01,-3.336534500122070312e-01,3.717881143093109131e-01,-2.351129204034805298e-01,-4.682202637195587158e-02,-2.631994783878326416e-01,1.360549181699752808e-01,2.201188206672668457e-01,-4.595008119940757751e-02,-3.681212663650512695e-01,3.936513140797615051e-02,1.959943622350692749e-01,-5.199579000473022461e-01,-4.084156453609466553e-01,3.506199121475219727e-01,7.375576347112655640e-02,2.216351479291915894e-01,5.987136065959930420e-02,1.172808781266212463e-01,-2.542990148067474365e-01,-4.637643992900848389e-01,-1.451519578695297241e-01,-3.334039822220802307e-03,3.125060349702835083e-02,1.969476975500583649e-02,-1.318949908018112183e-01,1.542108207941055298e-01,-6.613906472921371460e-02,-1.573649346828460693e-01,-4.620984196662902832e-01,1.145103499293327332e-01,3.999658301472663879e-02,-1.240878701210021973e-01,-1.668004989624023438e-01,5.198268219828605652e-03,-1.587082631886005402e-02,1.392318867146968842e-02,4.844723269343376160e-02,-9.565733373165130615e-03,-6.162895634770393372e-02,-5.606087855994701385e-03,4.132201671600341797e-01,-3.427330255508422852e-01,1.975364238023757935e-01,-4.027821123600006104e-01,-1.859964728355407715e-01,1.949767768383026123e-02,3.931620717048645020e-01,-1.049916520714759827e-01,-3.563832044601440430e-01,-9.626209735870361328e-03,4.260038733482360840e-01,-1.465046703815460205e-01,-3.154081404209136963e-01,3.018127083778381348e-01,3.814169438555836678e-03,-4.363082945346832275e-01,-6.457969720941036940e-05,-3.965134620666503906e-01,-3.121510744094848633e-01,3.265385031700134277e-01,1.606326177716255188e-02,5.025137960910797119e-02,1.742141842842102051e-01,-1.643180847167968750e-01,2.880948409438133240e-02,-8.859178423881530762e-02,-6.957817822694778442e-02,-2.743386030197143555e-01,-1.911145001649856567e-01,3.598265051841735840e-01,-4.556736676022410393e-04,-3.862455785274505615e-01,2.984704673290252686e-01,-1.728673726320266724e-01,2.899411320686340332e-01,-3.212586939334869385e-01,-1.583617478609085083e-01,3.220191001892089844e-01,2.008045315742492676e-01,-3.059658408164978027e-02,-2.502856254577636719e-01,-2.465799450874328613e-01,-5.660109221935272217e-03,6.592464447021484375e-02,-2.526802942156791687e-02,-2.633250951766967773e-01,-1.320613473653793335e-01,4.926254153251647949e-01,-3.549969792366027832e-01,4.499352574348449707e-01,7.633078098297119141e-02,-5.317596793174743652e-01,5.534232035279273987e-02,9.233217686414718628e-02,3.136018812656402588e-01,3.714774549007415771e-01,-1.600600406527519226e-02,-1.310176998376846313e-01,-1.797550916671752930e-01,2.536379324737936258e-04,2.014784663915634155e-01
9.354244172573089600e-02,2.441212721168994904e-02,-1.383955329656600952e-01,7.279895991086959839e-02,8.265492320060729980e-02,-1.179431751370429993e-01,4.050483182072639465e-02,4.382788762450218201e-02,1.476019322872161865e-01,8.171496540307998657e-02,-3.099133819341659546e-02,-7.073361426591873169e-02,1.476065814495086670e-01,7.591561973094940186e-02,1.633857190608978271e-01,1.582560092210769653e-01,6.227106321603059769e-03,6.738748401403427124e-02,-7.459590584039688110e-02,-4.236943647265434265e-02,-1.990496665239334106e-01,1.327660232782363892e-01,2.661843784153461456e-02,-3.143733367323875427e-02,2.930232696235179901e-02,2.292512804269790649e-01,-1.348661482334136963e-01,-7.921785861253738403e-02,6.457789242267608643e-02,9.750681929290294647e-03,-5.465291067957878113e-02,-2.183607369661331177e-01,1.716841608285903931e-01,1.683721505105495453e-02,-2.027923241257667542e-03,-1.653210371732711792e-01,3.172515705227851868e-02,9.328675270080566406e-02,-1.242645680904388428e-01,-9.898035973310470581e-02,2.288231849670410156e-01,3.436386212706565857e-02,5.074767395853996277e-02,1.568957790732383728e-02,-1.110946238040924072e-01,-7.645085453987121582e-02,-1.725769788026809692e-01,-5.088767036795616150e-02,4.565819725394248962e-02,4.159740731120109558e-02,-5.461615696549415588e-02,8.362458646297454834e-02,9.663570672273635864e-02,2.566164825111627579e-03,2.873595617711544037e-02,-1.542875915765762329e-01,2.084312587976455688e-02,1.206428464502096176e-02,-8.811491727828979492e-02,-8.454889059066772461e-02,-5.768817663192749023e-02,5.892775580286979675e-02,7.852356880903244019e-03,1.461305171251296997e-01,1.139483135193586349e-02,-5.138155445456504822e-02,-3.867873689159750938e-03,1.571316719055175781e-01,-1.720703244209289551e-01,2.186504565179347992e-02,-1.418839097023010254e-01,1.283120810985565186e-01,-6.020972132682800293e-02,1.925963908433914185e-01,-8.769840002059936523e-02,-1.479047238826751709e-01,-4.532327875494956970e-03,1.891158968210220337e-01,-1.058571040630340576e-01,-1.751873344182968140e-01,1.899660825729370117e-01,1.591470325365662575e-03,-9.832118451595306396e-02,5.345662124454975128e-03,-1.798616349697113037e-01,-1.349182724952697754e-01,5.178381130099296570e-02,5.976039450615644455e-03,1.203827410936355591e-01,8.023739606142044067e-02,-3.819980099797248840e-02,-4.699068516492843628e-02,-1.294256150722503662e-01,4.777677357196807861e-02,-1.872574985027313232e-01,-2.226705476641654968e-02,3.703113272786140442e-02,-2.009301824728026986e-04,-1.157921254634857178e-01,1.599126607179641724e-01,-2.598799206316471100e-02,1.332534700632095337e-01,-2.044526189565658569e-01,-7.476177811622619629e-02,2.116810679435729980e-01,-2.083475142717361450e-02,-1.475104242563247681e-01,-1.205867379903793335e-01,-1.091501489281654358e-01,-1.791633479297161102e-02,1.391119658946990967e-01,-4.896251484751701355e-02,-1.304443925619125366e-01,-1.849885843694210052e-02,1.315404027700424194e-01,-1.968567818403244019e-01,9.414786100387573242e-02,1.428460236638784409e-02,-1.967694163322448730e-01,6.329470872879028320e-02,2.097971178591251373e-02,1.623847335577011108e-01,1.857770532369613647e-01,-7.166696339845657349e-02,-3.466614335775375366e-02,-1.396411806344985962e-01,1.949908025562763214e-02,7.118348777294158936e-02
5.776672065258026123e-02,4.182063788175582886e-02,-2.834057509899139404e-01,1.930417418479919434e-01,1.318980902433395386e-01,-2.318453043699264526e-02,6.473730504512786865e-02,1.190269514918327332e-01,8.171496540307998657e-02,1.076099798083305359e-01,1.532276277430355549e-03,-1.207882165908813477e-01,2.212453037500381470e-01,1.447909623384475708e-01,2.700777947902679443e-01,2.573815882205963135e-01,1.932350918650627136e-03,1.176192462444305420e-01,-1.476570218801498413e-01,-1.214836388826370239e-01,-1.392137110233306885e-01,2.627719938755035400e-01,1.391219347715377808e-01,-4.118572920560836792e-02,3.801547363400459290e-02,3.109075725078582764e-01,-2.691736519336700439e-01,-1.152809038758277893e-01,2.373218536376953125e-01,-4.972407594323158264e-02,6.407825741916894913e-03,-3.001382946968078613e-01,2.140763998031616211e-01,1.275772899389266968e-01,-1.172551047056913376e-02,-2.893263101577758789e-01,5.979426950216293335e-02,1.502031385898590088e-01,-2.120419740676879883e-01,-1.710241138935089111e-01,2.717771232128143311e-01,3.127447515726089478e-02,2.011145353317260742e-01,3.772148489952087402e-02,-3.507224470376968384e-02,-1.677416861057281494e-01,-2.984865903854370117e-01,-7.772039622068405151e-02,6.822789553552865982e-03,2.080500498414039612e-02,3.470380976796150208e-02,-7.031217683106660843e-04,9.168536961078643799e-02,-2.430704422295093536e-02,-5.774545017629861832e-03,-2.977921366691589355e-01,5.903128534555435181e-02,2.449428476393222809e-02,-1.199169233441352844e-01,-1.431717276573181152e-01,-5.590220540761947632e-02,5.942122638225555420e-02,1.131190545856952667e-02,9.383952617645263672e-02,-5.383901880122721195e-04,-7.176267355680465698e-02,4.558675736188888550e-02,2.654365301132202148e-01,-2.691531777381896973e-01,4.961504414677619934e-02,-2.358030080795288086e-01,6.668308051303029060e-04,-6.466645747423171997e-02,2.918931543827056885e-01,-7.805018126964569092e-02,-2.523712515830993652e-01,-6.244163028895854950e-03,3.307162821292877197e-01,-1.188743039965629578e-01,-2.769785821437835693e-01,3.108340203762054443e-01,2.870237454771995544e-03,-2.025384753942489624e-01,5.015827715396881104e-03,-2.394154369831085205e-01,-2.254556417465209961e-01,1.103288158774375916e-01,1.222646888345479965e-02,1.236884221434593201e-01,1.257241815328598022e-01,-5.750204622745513916e-02,-5.676462128758430481e-02,-2.220097631216049194e-01,8.473186194896697998e-02,-2.710342705249786377e-01,-1.840597018599510193e-02,1.285258680582046509e-01,-3.062971518374979496e-04,-2.092697769403457642e-01,1.541218012571334839e-01,-7.925126701593399048e-02,1.203882917761802673e-01,-3.133268058300018311e-01,-1.203145086765289307e-01,3.405579030513763428e-01,2.303877100348472595e-02,-2.111516147851943970e-01,-2.481201440095901489e-01,-6.838600337505340576e-02,-2.379335276782512665e-02,1.764209270477294922e-01,-1.357803940773010254e-01,-2.390077263116836548e-01,1.660403050482273102e-02,2.904346585273742676e-01,-2.764017283916473389e-01,1.614438593387603760e-01,8.473049104213714600e-02,-3.020497560501098633e-01,8.855671435594558716e-02,9.824268519878387451e-02,2.265220284461975098e-01,2.751335203647613525e-01,-1.026086136698722839e-01,-1.408580690622329712e-01,-1.716982573270797729e-01,2.468892559409141541e-02,1.598501503467559814e-01
-8.574862778186798096e-02,1.259148307144641876e-02,-6.223134323954582214e-02,5.598295945674180984e-03,1.287763845175504684e-02,3.637955710291862488e-02,-4.196189716458320618e-02,-8.263430558145046234e-03,-3.099133819341659546e-02,1.532276277430355549e-03,8.337926864624023438e-02,-2.002803981304168701e-02,9.778864681720733643e-02,1.791631057858467102e-02,4.295710101723670959e-02,7.372586429119110107e-02,-6.322329398244619370e-03,3.502416610717773438e-02,-2.416303940117359161e-02,-4.240430891513824463e-02,1.109199523925781250e-01,6.674896180629730225e-02,8.003250509500503540e-02,-1.334698055870831013e-03,1.281928853131830692e-03,7.621593028306961060e-02,-1.142439022660255432e-01,-3.098462708294391632e-02,1.244931146502494812e-01,7.803247426636517048e-04,7.058996707201004028e-02,-2.900766767561435699e-02,-3.166107833385467529e-02,1.062896400690078735e-01,-6.262721028178930283e-03,-9.456603974103927612e-02,1.606089808046817780e-02,3.059573657810688019e-02,-3.298822417855262756e-02,5.924008786678314209e-02,-4.203945025801658630e-02,-3.503184765577316284e-02,1.350877135992050171e-01,1.155799534171819687e-02,8.999663591384887695e-02,-1.237704530358314514e-01,-4.854625836014747620e-02,2.977200224995613098e-02,-4.840373247861862183e-02,-7.509912550449371338e-02,6.492213904857635498e-02,-8.016763627529144287e-02,-5.390902236104011536e-02,2.190354280173778534e-02,-6.143029406666755676e-02,-8.078434318304061890e-02,1.660969480872154236e-02,8.552236482501029968e-03,-8.880066685378551483e-03,-1.938885450363159180e-02,4.817159473896026611e-02,-2.693872526288032532e-02,-2.622355241328477859e-03,-1.091880053281784058e-01,-3.296907246112823486e-02,-1.251066010445356369e-02,4.959665238857269287e-02,3.805921971797943115e-02,-7.755862176418304443e-02,-1.323742140084505081e-02,-6.330530159175395966e-03,-1.634475588798522949e-01,-1.941204071044921875e-02,4.279040172696113586e-02,4.071358963847160339e-02,1.872983016073703766e-02,-2.635989570990204811e-03,7.743956893682479858e-02,1.158466935157775879e-01,-4.805752635002136230e-02,1.283606979995965958e-02,6.734615308232605457e-04,-4.846625402569770813e-02,1.295653200941160321e-04,5.822978913784027100e-02,-1.128533184528350830e-01,1.115574967116117477e-02,5.802722182124853134e-03,4.178974777460098267e-02,1.286837924271821976e-02,1.893403567373752594e-02,2.940935082733631134e-02,-2.522553130984306335e-02,9.101574309170246124e-03,-1.342337392270565033e-02,5.172083154320716858e-02,5.478183738887310028e-03,-6.503579697891836986e-06,-6.433673948049545288e-02,-8.447600901126861572e-02,-2.547145821154117584e-02,-4.226581007242202759e-02,-4.336710646748542786e-02,-2.133922092616558075e-02,5.469062551856040955e-02,-1.065244972705841064e-01,4.222727194428443909e-02,-9.667366743087768555e-02,8.448911458253860474e-02,-3.589618019759654999e-03,1.176375336945056915e-02,-2.925313601735979319e-04,-6.635902076959609985e-02,-4.956921202392550185e-06,8.215211331844329834e-02,-3.213122114539146423e-02,1.865085214376449585e-02,5.857151001691818237e-02,7.048985455185174942e-03,1.814337680116295815e-03,4.631862789392471313e-02,-1.801839657127857208e-02,2.199948765337467194e-02,-1.536290068179368973e-02,-1.013035401701927185e-01,7.850100286304950714e-03,9.914299007505178452e-04,7.945535704493522644e-03
-7.041117548942565918e-02,-5.209616944193840027e-02,3.542941510677337646e-01,-2.497063279151916504e-01,-1.612725406885147095e-01,-7.619025651365518570e-03,-6.089253351092338562e-02,-1.696194857358932495e-01,-7.073361426591873169e-02,-1.207882165908813477e-01,-2.002803981304168701e-02,1.508388221263885498e-01,-2.623021602630615234e-01,-2.113523185253143311e-01,-3.367485105991363525e-01,-3.187784552574157715e-01,-1.781912724254652858e-04,-1.490953564643859863e-01,1.731527298688888550e-01,1.520808786153793335e-01,1.340053081512451172e-01,-3.341193795204162598e-01,-1.924685388803482056e-01,4.671633616089820862e-02,-4.350259527564048767e-02,-3.587931692600250244e-01,3.313689231872558594e-01,1.391327828168869019e-01,-3.112531602382659912e-01,6.077311933040618896e-02,-2.901732921600341797e-02,3.528713583946228027e-01,-2.370764911174774170e-01,-1.867122948169708252e-01,1.723778434097766876e-02,3.651448190212249756e-01,-7.412926107645034790e-02,-1.799501329660415649e-01,2.553969323635101318e-01,2.294604033231735229e-01,-2.987831532955169678e-01,-3.255715593695640564e-02,-2.762319445610046387e-01,-4.880587011575698853e-02,-3.922006580978631973e-03,2.107577174901962280e-01,3.648000657558441162e-01,9.675896167755126953e-02,1.586207374930381775e-02,-5.504240747541189194e-03,-7.008316367864608765e-02,4.236119613051414490e-02,-9.961792826652526855e-02,4.538753256201744080e-02,1.772723905742168427e-02,3.733953833580017090e-01,-8.514803647994995117e-02,-3.136260434985160828e-02,1.219061687588691711e-01,1.794369816780090332e-01,5.595144256949424744e-02,-5.922497063875198364e-02,-1.358520518988370895e-02,-6.138948723673820496e-02,7.878682576119899750e-03,8.229524642229080200e-02,-6.167778000235557556e-02,-3.239471018314361572e-01,3.332141041755676270e-01,-5.598056316375732422e-02,2.821738123893737793e-01,5.014488101005554199e-02,8.055572956800460815e-02,-3.550474941730499268e-01,7.582101970911026001e-02,2.974566221237182617e-01,7.050114218145608902e-03,-4.030228853225708008e-01,1.324574351310729980e-01,3.354870975017547607e-01,-3.749628663063049316e-01,-3.641910618171095848e-03,2.591808736324310303e-01,-5.253884941339492798e-03,2.757588624954223633e-01,2.808478772640228271e-01,-1.234805881977081299e-01,-1.551555190235376358e-02,-1.309265196323394775e-01,-1.497669816017150879e-01,6.299231201410293579e-02,6.589578092098236084e-02,2.653495967388153076e-01,-1.019824147224426270e-01,3.173970878124237061e-01,2.140478044748306274e-02,-1.726594716310501099e-01,3.611318825278431177e-04,2.689526081085205078e-01,-1.533480137586593628e-01,1.042243838310241699e-01,-1.121928095817565918e-01,3.790052235126495361e-01,1.443860828876495361e-01,-3.959324359893798828e-01,-4.216953739523887634e-02,2.355300635099411011e-01,3.166856169700622559e-01,5.057840049266815186e-02,2.625301294028759003e-02,-2.299703508615493774e-01,1.647423654794692993e-01,3.063015937805175781e-01,-1.476621534675359726e-02,-3.660412132740020752e-01,3.174922764301300049e-01,-2.071065455675125122e-01,-1.114719137549400330e-01,3.664515912532806396e-01,-1.051279827952384949e-01,-1.205263510346412659e-01,-2.667215168476104736e-01,-3.241568803787231445e-01,1.096526384353637695e-01,1.942786276340484619e-01,1.994428932666778564e-01,-2.445851452648639679e-02,-1.924069970846176147e-01
