4.987905919551849365e-01,-1.251269038766622543e-02,9.309370070695877075e-02,-1.848114579916000366e-01,1.519860476255416870e-01,-1.655411273241043091e-01,1.410145312547683716e-01,4.067810773849487305e-01,6.177296489477157593e-02,-5.618310999125242233e-03,-1.213022768497467041e-01,4.597363527864217758e-03,-9.115092456340789795e-02,-4.048683494329452515e-02,3.816572204232215881e-02,-3.969341982156038284e-03,5.492968950420618057e-03,-1.091438233852386475e-01,2.128631323575973511e-01,6.230410188436508179e-02,2.623210102319717407e-02,-1.463162004947662354e-01,-1.644113808870315552e-01,9.470868855714797974e-02,-1.265113707631826401e-02,-1.105683594942092896e-01,1.960693001747131348e-01,-2.106655836105346680e-01,-1.168085783720016479e-01,-1.927535384893417358e-01,-1.860325038433074951e-01,1.268861591815948486e-01,-1.269326657056808472e-01,-8.926226943731307983e-02,-2.613626606762409210e-02,1.033817678689956665e-01,-6.957553327083587646e-02,-1.883254759013652802e-02,-2.713948190212249756e-01,-2.237475961446762085e-01,1.232222542166709900e-01,6.861611455678939819e-02,-2.546112537384033203e-01,-1.104152854532003403e-02,-1.062939222902059555e-02,1.178780794143676758e-01,-6.595314480364322662e-03,-5.855509638786315918e-02,8.371866494417190552e-02,5.098851397633552551e-02,-1.541391462087631226e-01,-4.881348460912704468e-03,1.765690296888351440e-01,-4.824661836028099060e-02,-1.227656304836273193e-01,1.073451619595289230e-02,9.318388998508453369e-03,-2.357476158067584038e-03,3.697246545925736427e-03,6.965036690235137939e-02,3.409751132130622864e-02,-6.898107379674911499e-02,-1.695622195256873965e-04,1.097624152898788452e-01,1.975547149777412415e-02,3.749968484044075012e-02,-2.029005140066146851e-01,4.272108897566795349e-02,5.422788485884666443e-02,1.832102984189987183e-01,-1.084857285022735596e-01,1.027639135718345642e-01,1.058658137917518616e-01,-9.319372475147247314e-03,-9.120187163352966309e-02,7.856444455683231354e-03,7.858056051190942526e-05,-7.738949358463287354e-02,-6.141613796353340149e-02,6.286043673753738403e-02,-1.469653695821762085e-01,-6.133065326139330864e-04,-1.457213759422302246e-01,-5.991947837173938751e-03,-2.138776183128356934e-01,1.112731173634529114e-01,2.361141443252563477e-01,-5.305462516844272614e-03,-1.209187880158424377e-01,1.364799495786428452e-02,-1.190472468733787537e-01,1.158555895090103149e-01,2.645926177501678467e-01,-2.275763303041458130e-01,7.037670165300369263e-02,-3.167114257812500000e-01,8.852189034223556519e-02,-6.951676186872646213e-05,-7.342775911092758179e-02,2.739692330360412598e-01,-6.702034920454025269e-02,3.124493956565856934e-01,1.252519339323043823e-01,2.331487089395523071e-02,-1.679801344871520996e-01,2.214057147502899170e-01,2.526519894599914551e-01,2.189634293317794800e-01,-3.384975194931030273e-01,2.277021482586860657e-02,-1.743952035903930664e-01,2.208962887525558472e-01,1.400892138481140137e-01,-1.379429548978805542e-01,1.339418254792690277e-02,-8.817631751298904419e-04,2.897160351276397705e-01,-1.087831854820251465e-01,-1.771157383918762207e-01,-7.278732210397720337e-02,-1.345591992139816284e-01,6.139723584055900574e-02,3.518884629011154175e-02,1.906968057155609131e-01,1.755584031343460083e-01,4.122921824455261230e-02,-2.074752375483512878e-02,-4.989984631538391113e-02
-1.251269038766622543e-02,1.416201796382665634e-02,-9.392139315605163574e-02,7.514044642448425293e-02,4.291229695081710815e-02,-9.305550716817378998e-03,-3.233946859836578369e-02,3.473453456535935402e-03,2.158079296350479126e-02,3.445006161928176880e-02,1.772002130746841431e-02,-4.188528656959533691e-02,7.621862739324569702e-02,7.661472260951995850e-02,9.522457420825958252e-02,9.629808366298675537e-02,1.653212711971718818e-05,3.653604164719581604e-02,-5.616500601172447205e-02,-4.872369766235351562e-02,-4.825690761208534241e-02,9.365754574537277222e-02,5.249524116516113281e-02,-5.797189194709062576e-03,1.117826905101537704e-02,1.058325916528701782e-01,-1.059591248631477356e-01,-1.209074445068836212e-02,8.681322634220123291e-02,2.458654344081878662e-02,2.780811674892902374e-02,-9.722712635993957520e-02,5.605652555823326111e-02,5.811408534646034241e-02,-3.444967092946171761e-03,-1.054197847843170166e-01,2.819941937923431396e-02,5.184653028845787048e-02,-4.944417253136634827e-02,-4.475849121809005737e-02,6.913769245147705078e-02,9.692016988992691040e-03,9.166701138019561768e-02,1.466670166701078415e-02,6.789308972656726837e-03,-6.281102448701858521e-02,-1.014256551861763000e-01,-2.544770948588848114e-02,-1.527946814894676208e-02,4.495488479733467102e-03,-5.223406944423913956e-03,-2.818326465785503387e-02,2.822707407176494598e-03,8.408908732235431671e-03,-4.826192744076251984e-03,-1.089325919747352600e-01,2.657610550522804260e-02,8.189346641302108765e-03,-3.178324550390243530e-02,-5.894998088479042053e-02,3.792384173721075058e-03,8.007809519767761230e-03,3.374473890289664268e-03,1.711563952267169952e-02,2.915756311267614365e-03,-2.377606183290481567e-02,4.980682581663131714e-02,9.519113600254058838e-02,-9.573647379875183105e-02,-6.046009715646505356e-03,-6.509961187839508057e-02,-1.744792982935905457e-02,-3.196609020233154297e-02,9.690583497285842896e-02,-2.497287234291434288e-03,-8.194078505039215088e-02,-2.215712098404765129e-03,1.120848730206489563e-01,-2.987211197614669800e-02,-8.703224360942840576e-02,1.003282442688941956e-01,8.846914279274642467e-04,-6.981935352087020874e-02,1.647074124775826931e-03,-5.765760317444801331e-02,-1.043107435107231140e-01,9.246844798326492310e-03,4.502891562879085541e-03,4.853729903697967529e-02,4.058113321661949158e-02,-7.216955535113811493e-03,-2.578252553939819336e-02,-8.206461369991302490e-02,3.893871977925300598e-02,-8.511560410261154175e-02,2.690991759300231934e-02,5.796550586819648743e-02,-5.861578028998337686e-05,-6.355217844247817993e-02,1.705513149499893188e-02,-2.317634969949722290e-02,-4.113033413887023926e-03,-1.074351146817207336e-01,-4.649902507662773132e-02,1.075827926397323608e-01,-1.234625931829214096e-02,-6.993453949689865112e-02,-9.894520044326782227e-02,1.190077885985374451e-02,-7.462073583155870438e-03,7.700652629137039185e-02,-4.587595164775848389e-02,-9.402196109294891357e-02,-8.407970890402793884e-03,1.067754700779914856e-01,-8.822102844715118408e-02,2.346666902303695679e-02,1.572315208613872528e-02,-9.115869551897048950e-02,3.580165654420852661e-02,5.725304409861564636e-02,6.772403419017791748e-02,9.095064550638198853e-02,-5.416823551058769226e-02,-5.682159960269927979e-02,-4.634344950318336487e-02,-6.840468849986791611e-04,2.495115809142589569e-02
9.309370070695877075e-02,-9.392139315605163574e-02,7.030723690986633301e-01,-6.037774682044982910e-01,-2.647876143455505371e-01,-2.675627171993255615e-02,2.092458307743072510e-01,-3.029696829617023468e-02,-1.248308569192886353e-01,-2.661843895912170410e-01,-1.244690194725990295e-01,3.333836197853088379e-01,-4.791682362556457520e-01,-6.155272722244262695e-01,-6.820776462554931641e-01,-6.651245951652526855e-01,-5.874048918485641479e-03,-2.103597670793533325e-01,4.495752453804016113e-01,4.073773026466369629e-01,3.639711737632751465e-01,-7.012445330619812012e-01,-4.479972124099731445e-01,9.577663242816925049e-02,-8.832357823848724365e-02,-6.928907632827758789e-01,7.193133234977722168e-01,9.073078632354736328e-03,-6.519342660903930664e-01,-1.648511886596679688e-01,-1.933667063713073730e-01,7.101327180862426758e-01,-4.128086566925048828e-01,-5.059909224510192871e-01,3.219857811927795410e-02,7.380260825157165527e-01,-2.149087935686111450e-01,-3.886092603206634521e-01,3.330410718917846680e-01,3.996008932590484619e-01,-4.887641370296478271e-01,-7.965258508920669556e-02,-6.299270987510681152e-01,-1.139679700136184692e-01,-7.143820822238922119e-02,4.703543186187744141e-01,7.224174737930297852e-01,2.062057107686996460e-01,1.106150448322296143e-01,7.413542270660400391e-02,1.204739045351743698e-02,2.359366416931152344e-01,-3.300090134143829346e-02,5.038175731897354126e-03,1.379805058240890503e-02,7.587521672248840332e-01,-2.412696927785873413e-01,-6.382654607295989990e-02,1.673811674118041992e-01,4.539718329906463623e-01,9.041299112141132355e-03,-9.740451723337173462e-02,-2.816474623978137970e-02,-1.277429908514022827e-01,-3.052498027682304382e-02,1.734311133623123169e-01,-3.276305198669433594e-01,-6.482086777687072754e-01,6.876655220985412598e-01,8.437026292085647583e-02,5.091400146484375000e-01,1.583238989114761353e-01,2.498490512371063232e-01,-7.119194269180297852e-01,-8.412441238760948181e-03,5.886421203613281250e-01,1.439556200057268143e-02,-7.945773601531982422e-01,2.770451605319976807e-01,6.630895137786865234e-01,-7.520605325698852539e-01,-7.220455911010503769e-03,5.120295882225036621e-01,-1.016568299382925034e-02,4.377651214599609375e-01,6.737987399101257324e-01,-6.267201900482177734e-02,-3.235600143671035767e-02,-3.265555799007415771e-01,-3.351431787014007568e-01,3.940006718039512634e-02,2.076561152935028076e-01,6.060545444488525391e-01,-3.099269270896911621e-01,6.397080421447753906e-01,-1.622605323791503906e-01,-4.140354990959167480e-01,4.671892966143786907e-04,4.846108257770538330e-01,-1.390657424926757812e-01,2.380402982234954834e-01,4.171820357441902161e-02,7.646633386611938477e-01,3.553749918937683105e-01,-7.430096268653869629e-01,-2.331085130572319031e-02,5.429137349128723145e-01,6.955853700637817383e-01,-1.399760693311691284e-01,5.743400380015373230e-02,-6.015630364418029785e-01,4.485553503036499023e-01,6.885107159614562988e-01,-7.866639643907546997e-02,-7.226687669754028320e-01,6.069456934928894043e-01,-1.760042756795883179e-01,-1.424230784177780151e-01,6.759884357452392578e-01,-2.846481800079345703e-01,-4.186148643493652344e-01,-5.453968048095703125e-01,-6.529226899147033691e-01,3.611762225627899170e-01,4.992362856864929199e-01,4.030702710151672363e-01,-1.540218386799097061e-02,-2.030942589044570923e-01
-1.848114579916000366e-01,7.514044642448425293e-02,-6.037774682044982910e-01,6.545017957687377930e-01,1.377543956041336060e-01,1.101362630724906921e-01,-1.936674565076828003e-01,-1.098342537879943848e-01,9.879632294178009033e-02,2.254353463649749756e-01,8.309406042098999023e-02,-2.830899953842163086e-01,2.965508401393890381e-01,5.968129634857177734e-01,5.609515905380249023e-01,5.060234665870666504e-01,8.588384836912155151e-03,2.117502987384796143e-01,-4.612269103527069092e-01,-3.445670008659362793e-01,-4.422082304954528809e-01,6.397968530654907227e-01,3.987553119659423828e-01,-1.183610707521438599e-01,8.204320818185806274e-02,5.605255961418151855e-01,-5.911084413528442383e-01,1.296214759349822998e-01,4.886465072631835938e-01,2.387939542531967163e-01,1.766335368156433105e-01,-6.683531999588012695e-01,4.662266671657562256e-01,3.987540006637573242e-01,-1.016673538833856583e-02,-6.178370118141174316e-01,1.995459645986557007e-01,3.060056567192077637e-01,-1.025394201278686523e-01,-4.149922430515289307e-01,4.124152362346649170e-01,8.199947327375411987e-02,5.437687635421752930e-01,9.325111657381057739e-02,6.726112216711044312e-03,-2.812207341194152832e-01,-5.911545753479003906e-01,-2.043478488922119141e-01,-1.047101914882659912e-01,-1.707876659929752350e-02,3.511595353484153748e-02,-1.608714610338211060e-01,4.881693422794342041e-02,-4.628218710422515869e-02,1.362555623054504395e-01,-5.994771122932434082e-01,2.111280709505081177e-01,4.832418635487556458e-02,-1.196118667721748352e-01,-4.217409491539001465e-01,-1.047485098242759705e-01,1.545848399400711060e-01,2.962373197078704834e-02,1.304267942905426025e-01,6.169864535331726074e-02,-1.496042013168334961e-01,3.032537400722503662e-01,4.997993707656860352e-01,-5.643501281738281250e-01,-1.520883888006210327e-01,-3.847838938236236572e-01,1.118432730436325073e-02,-2.658291459083557129e-01,6.099515557289123535e-01,-2.472988795489072800e-03,-5.592715144157409668e-01,-7.885311730206012726e-03,6.574636697769165039e-01,-3.799401819705963135e-01,-5.679497122764587402e-01,7.424926161766052246e-01,6.165109109133481979e-03,-3.272693157196044922e-01,1.084800064563751221e-02,-3.760065138339996338e-01,-5.153247714042663574e-01,-1.048392280936241150e-01,2.384665235877037048e-02,2.788462936878204346e-01,2.702730000019073486e-01,-3.369636833667755127e-04,-2.817970812320709229e-01,-6.389347910881042480e-01,3.906439244747161865e-01,-6.009659767150878906e-01,2.107547819614410400e-01,3.215303421020507812e-01,-3.793897340074181557e-04,-3.320399522781372070e-01,4.817884787917137146e-02,-1.564435660839080811e-01,-1.759780943393707275e-01,-7.071897387504577637e-01,-2.900334894657135010e-01,6.564993262290954590e-01,9.545726329088211060e-02,-6.427884101867675781e-01,-6.237261891365051270e-01,2.159598916769027710e-01,-5.452840775251388550e-02,6.455855369567871094e-01,-5.188761949539184570e-01,-6.256266832351684570e-01,1.592549979686737061e-01,5.427965521812438965e-01,-4.681206941604614258e-01,2.334189414978027344e-02,1.220930293202400208e-01,-5.499374866485595703e-01,2.885935604572296143e-01,3.541472256183624268e-01,4.926903247833251953e-01,5.348976254463195801e-01,-3.485997617244720459e-01,-4.320998489856719971e-01,-3.950530588626861572e-01,1.806094683706760406e-02,2.044175565242767334e-01
1.519860476255416870e-01,4.291229695081710815e-02,-2.647876143455505371e-01,1.377543956041336060e-01,2.457768768072128296e-01,-1.257510930299758911e-01,-4.162115603685379028e-02,2.208609431982040405e-01,7.293894141912460327e-02,1.076314896345138550e-01,9.140988811850547791e-03,-1.306941658258438110e-01,2.603605091571807861e-01,1.639546453952789307e-01,3.254338800907135010e-01,3.336679041385650635e-01,-6.424114690162241459e-04,8.349514007568359375e-02,-9.046141058206558228e-02,-1.235681027173995972e-01,-6.806490570306777954e-02,2.304971069097518921e-01,8.666542917490005493e-02,3.660840168595314026e-02,2.764305844902992249e-02,3.193433582782745361e-01,-2.859511971473693848e-01,-1.690818667411804199e-01,2.770212292671203613e-01,-3.778065368533134460e-02,1.840307004749774933e-02,-2.276258319616317749e-01,9.947754442691802979e-02,1.401259303092956543e-01,-2.486169338226318359e-02,-2.985593974590301514e-01,6.061365082859992981e-02,1.731408983469009399e-01,-3.515907824039459229e-01,-1.731632351875305176e-01,2.869518399238586426e-01,5.205161496996879578e-02,2.003920376300811768e-01,4.462388902902603149e-02,3.888771310448646545e-02,-1.925280988216400146e-01,-3.528848886489868164e-01,-9.483166784048080444e-02,-9.764608927071094513e-03,5.432190001010894775e-02,-9.208448976278305054e-02,-9.984686225652694702e-02,5.928065627813339233e-02,3.171956539154052734e-02,-1.145164892077445984e-01,-3.715102076530456543e-01,7.961051911115646362e-02,2.754994668066501617e-02,-1.346767693758010864e-01,-1.526624262332916260e-01,6.348944455385208130e-02,-3.128065913915634155e-02,8.027760311961174011e-03,9.860752522945404053e-02,1.368801668286323547e-02,-6.474984437227249146e-02,9.707278758287429810e-02,3.504664599895477295e-01,-2.783002853393554688e-01,9.047364443540573120e-02,-2.824499905109405518e-01,-5.919838696718215942e-02,-2.752918191254138947e-02,3.037224709987640381e-01,-4.522329568862915039e-02,-2.618108987808227539e-01,-8.896590210497379303e-03,3.423945605754852295e-01,-7.725808024406433105e-02,-2.525203227996826172e-01,2.354478389024734497e-01,2.422776306048035622e-03,-3.188431859016418457e-01,3.060789545997977257e-03,-2.763909697532653809e-01,-3.299624323844909668e-01,1.746747344732284546e-01,1.414919644594192505e-02,1.062751710414886475e-01,1.393988132476806641e-01,-9.619398415088653564e-02,-3.660595975816249847e-04,-1.276242136955261230e-01,-1.476313360035419464e-02,-2.332171797752380371e-01,-3.810519352555274963e-02,2.533529698848724365e-01,-2.197335415985435247e-04,-2.439439296722412109e-01,1.969587951898574829e-01,-1.018693745136260986e-01,1.588103622198104858e-01,-2.791521549224853516e-01,-1.488999128341674805e-01,3.008468449115753174e-01,1.297079771757125854e-02,-8.069062232971191406e-02,-2.389430701732635498e-01,-1.350843757390975952e-01,-1.280059292912483215e-02,9.547613561153411865e-02,-6.632227450609207153e-03,-2.393241524696350098e-01,-1.294062882661819458e-01,4.057033658027648926e-01,-3.171056210994720459e-01,2.079452425241470337e-01,1.890546455979347229e-02,-3.690320253372192383e-01,6.836393475532531738e-02,1.573763340711593628e-01,2.205407023429870605e-01,3.128154873847961426e-01,-1.046794205904006958e-01,-9.226274490356445312e-02,-8.987929672002792358e-02,-1.534764841198921204e-02,6.522297114133834839e-02
-1.655411273241043091e-01,-9.305550716817378998e-03,-2.675627171993255615e-02,1.101362630724906921e-01,-1.257510930299758911e-01,2.738907039165496826e-01,-1.932039111852645874e-02,-1.237896308302879333e-01,-1.472348868846893311e-01,-4.927676171064376831e-02,5.877100676298141479e-02,1.906108669936656952e-02,-1.441740989685058594e-01,1.103200837969779968e-01,-4.958843439817428589e-02,-1.090446561574935913e-01,-3.133394755423069000e-03,-4.176373593509197235e-03,-2.185414917767047882e-02,-3.793834894895553589e-02,4.721904546022415161e-02,3.153314813971519470e-02,1.177137047052383423e-01,-2.216700650751590729e-02,-1.077479217201471329e-02,-1.669429391622543335e-01,2.801652997732162476e-02,1.332576572895050049e-01,6.528801284730434418e-03,3.192780911922454834e-02,8.801971375942230225e-02,3.033980168402194977e-02,-1.305026654154062271e-02,9.922330826520919800e-02,6.907759699970483780e-03,4.072635993361473083e-02,2.858509309589862823e-03,-6.632455438375473022e-02,2.327826321125030518e-01,-7.924384623765945435e-02,-2.173125147819519043e-01,-2.447537332773208618e-02,9.517692029476165771e-02,2.456806600093841553e-03,1.004098132252693176e-01,4.254895076155662537e-02,8.792399615049362183e-02,6.218730472028255463e-03,-9.522710740566253662e-02,-6.879629194736480713e-02,1.636437028646469116e-01,-1.182198673486709595e-01,-6.687274575233459473e-02,-5.462233349680900574e-02,8.616812527179718018e-02,7.276670634746551514e-02,1.763946376740932465e-02,-4.915740806609392166e-03,1.057187840342521667e-01,-1.969811040908098221e-03,-4.368947073817253113e-02,2.825221978127956390e-02,2.258849330246448517e-03,-1.717105060815811157e-01,-2.945197001099586487e-02,2.869382500648498535e-02,4.085254296660423279e-02,-1.047213599085807800e-01,7.287068665027618408e-02,-6.939615309238433838e-02,1.152733489871025085e-01,-1.376652270555496216e-01,-1.562039367854595184e-02,-8.057415485382080078e-02,8.261577785015106201e-02,2.317907288670539856e-02,6.119237281382083893e-03,-6.940283626317977905e-02,1.488391353632323444e-05,6.225690990686416626e-02,1.761548221111297607e-02,5.224300548434257507e-05,9.620784968137741089e-02,-4.359553102403879166e-03,1.461637914180755615e-01,1.053994148969650269e-01,-1.323916614055633545e-01,-4.000155255198478699e-03,-7.819913327693939209e-02,-4.829915240406990051e-02,6.792776286602020264e-02,-5.720157176256179810e-02,-4.499486833810806274e-02,1.233943477272987366e-01,6.904342025518417358e-02,6.700698286294937134e-02,-1.092478539794683456e-02,7.817476580385118723e-05,4.339638352394104004e-02,-2.398205399513244629e-01,4.488175269216299057e-03,-2.573117613792419434e-01,4.238728061318397522e-02,4.584607481956481934e-02,-1.121612265706062317e-01,1.111369878053665161e-01,-6.210176274180412292e-02,8.211102103814482689e-04,2.279507517814636230e-01,3.976006992161273956e-03,1.011443212628364563e-01,-1.613781601190567017e-01,-3.600804600864648819e-03,1.332814246416091919e-01,-1.082747355103492737e-01,1.765107512474060059e-01,-8.835329115390777588e-02,4.578517377376556396e-02,1.194992735981941223e-01,1.197608746588230133e-02,-1.032714545726776123e-02,-6.900959461927413940e-02,-1.068903654813766479e-01,4.432071000337600708e-03,-1.181875616312026978e-01,-2.079288847744464874e-02,2.328663831576704979e-03,2.667499706149101257e-02
1.410145312547683716e-01,-3.233946859836578369e-02,2.092458307743072510e-01,-1.936674565076828003e-01,-4.162115603685379028e-02,-1.932039111852645874e-02,1.411401182413101196e-01,1.113153845071792603e-01,-5.122340098023414612e-02,-6.688677519559860229e-02,-8.885082602500915527e-02,9.039910882711410522e-02,-1.832349151372909546e-01,-2.100847065448760986e-01,-1.965952813625335693e-01,-2.089635431766510010e-01,1.644939882680773735e-03,-1.099563837051391602e-01,1.512374281883239746e-01,1.091182902455329895e-01,1.212429180741310120e-01,-2.361270487308502197e-01,-1.572258621454238892e-01,3.890997916460037231e-02,-2.611650899052619934e-02,-2.504580020904541016e-01,2.662695050239562988e-01,-3.044736757874488831e-02,-1.959133744239807129e-01,-1.327596306800842285e-01,-1.052960976958274841e-01,2.435054033994674683e-01,-1.375941783189773560e-01,-1.696866005659103394e-01,5.958208348602056503e-04,2.618127465248107910e-01,-7.665866613388061523e-02,-1.059528365731239319e-01,5.775068420916795731e-03,5.093175172805786133e-02,-8.451278507709503174e-02,2.050259849056601524e-03,-2.678272426128387451e-01,-3.321223706007003784e-02,-3.620908036828041077e-02,1.702362447977066040e-01,2.001315951347351074e-01,3.651762753725051880e-02,6.991264224052429199e-02,3.391271457076072693e-02,-2.709545753896236420e-02,7.318747043609619141e-02,4.127764701843261719e-02,-2.333213761448860168e-02,-3.169133141636848450e-02,2.243638485670089722e-01,-6.295266747474670410e-02,-1.803432777523994446e-02,3.708525747060775757e-02,1.463039964437484741e-01,-4.230700898915529251e-03,-3.102732636034488678e-02,-7.005062885582447052e-03,2.024491131305694580e-02,7.806592620909214020e-03,5.664044246077537537e-02,-1.507906168699264526e-01,-1.740891635417938232e-01,2.281855493783950806e-01,7.977329939603805542e-02,8.384640514850616455e-02,7.219580560922622681e-02,1.156129390001296997e-01,-2.092081755399703979e-01,-2.848671004176139832e-02,1.426710486412048340e-01,4.290934652090072632e-03,-2.470672130584716797e-01,2.853121608495712280e-02,1.975782960653305054e-01,-2.435781806707382202e-01,-2.115698996931314468e-03,9.841998666524887085e-02,-5.029689986258745193e-03,3.704573214054107666e-02,2.550550699234008789e-01,7.932873815298080444e-02,-1.069994084537029266e-02,-1.445225775241851807e-01,-7.502686232328414917e-02,-3.226917982101440430e-02,8.540248870849609375e-02,2.283591330051422119e-01,-1.447626799345016479e-01,1.878993511199951172e-01,-1.506664305925369263e-01,-8.585038036108016968e-02,8.714023715583607554e-05,1.250540018081665039e-01,6.948156654834747314e-02,3.028226643800735474e-02,1.209035366773605347e-01,2.587193548679351807e-01,9.860912710428237915e-02,-2.362052798271179199e-01,1.008910387754440308e-01,1.939626187086105347e-01,2.681612670421600342e-01,-1.411091238260269165e-01,2.049972303211688995e-02,-2.524532079696655273e-01,1.387452185153961182e-01,2.468013614416122437e-01,-2.619605045765638351e-03,-1.975201666355133057e-01,1.626010984182357788e-01,2.420864067971706390e-02,-5.735884606838226318e-02,1.349178105592727661e-01,-9.734395146369934082e-02,-1.317350268363952637e-01,-1.164229288697242737e-01,-1.704206317663192749e-01,1.533093452453613281e-01,1.838330477476119995e-01,1.213860660791397095e-01,-6.234253523871302605e-04,-4.068782925605773926e-02
4.067810773849487305e-01,3.473453456535935402e-03,-3.029696829617023468e-02,-1.098342537879943848e-01,2.208609431982040405e-01,-1.237896308302879333e-01,1.113153845071792603e-01,5.012167692184448242e-01,-1.628920063376426697e-02,1.426519267261028290e-02,-6.163204833865165710e-02,-4.100299254059791565e-02,5.411589518189430237e-02,-3.715185821056365967e-02,1.423191279172897339e-01,1.268858760595321655e-01,-2.342038496863096952e-04,-7.376626878976821899e-02,1.459080278873443604e-01,1.047854870557785034e-02,1.781923472881317139e-01,-3.179894015192985535e-02,-8.081571757793426514e-02,7.487130165100097656e-02,-8.464875631034374237e-03,7.588266395032405853e-03,3.762938827276229858e-02,-2.475002259016036987e-01,1.072595119476318359e-01,-2.214439511299133301e-01,-1.134399324655532837e-01,8.892382681369781494e-02,-1.543734669685363770e-01,1.998881250619888306e-02,-3.957135230302810669e-02,-2.834961377084255219e-02,-3.943981602787971497e-02,5.446493998169898987e-02,-4.404435753822326660e-01,-1.784017235040664673e-01,1.518121510744094849e-01,4.876665771007537842e-02,-1.089537665247917175e-01,1.222735270857810974e-02,1.047549322247505188e-01,-4.287847131490707397e-02,-1.520936340093612671e-01,-5.764426663517951965e-02,4.801706597208976746e-02,1.008200552314519882e-02,-1.200622543692588806e-01,-9.389563649892807007e-02,1.040155217051506042e-01,-3.659641742706298828e-02,-2.176139056682586670e-01,-1.558011323213577271e-01,4.324921220541000366e-02,1.246894057840108871e-02,-2.491268888115882874e-02,1.732506230473518372e-02,9.607862681150436401e-02,-1.082340180873870850e-01,-1.671963254921138287e-03,3.309166431427001953e-02,6.165334954857826233e-03,1.211241167038679123e-02,-1.190748289227485657e-01,1.552379131317138672e-01,-4.674344137310981750e-02,1.931424885988235474e-01,-2.195944488048553467e-01,-9.622804820537567139e-02,1.234718635678291321e-01,9.255626797676086426e-02,-4.753124341368675232e-02,-5.063365399837493896e-02,-4.208044148981571198e-03,7.711975276470184326e-02,-7.843432016670703888e-03,-2.231351286172866821e-02,-7.417050004005432129e-02,3.014344256371259689e-04,-2.697791457176208496e-01,-4.963717889040708542e-03,-2.201728969812393188e-01,-5.036872625350952148e-02,2.992894053459167480e-01,3.081329865381121635e-03,-1.013782024383544922e-01,6.626945734024047852e-02,-1.431327313184738159e-01,1.598979383707046509e-01,2.148275375366210938e-01,-2.532005608081817627e-01,1.199817284941673279e-02,-2.699046134948730469e-01,1.905822008848190308e-01,-1.302236632909625769e-04,-1.646589487791061401e-01,2.820635139942169189e-01,-1.172138229012489319e-01,3.321145176887512207e-01,3.523462265729904175e-02,-3.981495648622512817e-02,-1.959448494017124176e-02,1.673775315284729004e-01,2.590254843235015869e-01,7.483316212892532349e-02,-3.042013943195343018e-01,2.077241055667400360e-02,-2.126655727624893188e-01,2.083554565906524658e-01,3.435638919472694397e-02,-1.525395214557647705e-01,2.208388894796371460e-01,-1.124378740787506104e-01,3.166807591915130615e-01,-2.868271432816982269e-02,-2.651667296886444092e-01,-6.707753986120223999e-02,-2.258242294192314148e-02,7.910159230232238770e-02,1.007600873708724976e-01,1.511601507663726807e-01,8.997611701488494873e-02,6.330189108848571777e-02,-2.415101975202560425e-02,-1.224302686750888824e-03
6.177296489477157593e-02,2.158079296350479126e-02,-1.248308569192886353e-01,9.879632294178009033e-02,7.293894141912460327e-02,-1.472348868846893311e-01,-5.122340098023414612e-02,-1.628920063376426697e-02,1.726905852556228638e-01,9.647531062364578247e-02,-2.107532136142253876e-02,-8.622448891401290894e-02,1.382555365562438965e-01,1.289564669132232666e-01,1.699236631393432617e-01,1.856524795293807983e-01,8.257975801825523376e-03,3.436846658587455750e-02,-1.075811386108398438e-01,-6.607414036989212036e-02,-2.390849441289901733e-01,1.541633456945419312e-01,2.515530586242675781e-02,-3.844273090362548828e-02,3.325924277305603027e-02,2.602292895317077637e-01,-1.602696925401687622e-01,-2.095414791256189346e-03,7.207047939300537109e-02,8.406996726989746094e-02,-2.917749620974063873e-02,-2.456219494342803955e-01,1.576631665229797363e-01,3.901682794094085693e-02,-2.723963931202888489e-03,-1.907417178153991699e-01,5.075166746973991394e-02,1.115369051694869995e-01,-9.982769936323165894e-02,-7.719687372446060181e-02,2.490894347429275513e-01,4.230473563075065613e-02,5.316371470689773560e-02,1.808376982808113098e-02,-1.091426387429237366e-01,-8.109984546899795532e-02,-1.868622452020645142e-01,-5.724068731069564819e-02,4.434866085648536682e-02,6.762607954442501068e-03,-1.105503588914871216e-01,6.719104200601577759e-02,7.787086069583892822e-02,8.655384182929992676e-03,2.484924718737602234e-02,-1.835753023624420166e-01,4.327353462576866150e-02,1.315967831760644913e-02,-6.965389847755432129e-02,-1.093360111117362976e-01,-3.015527315437793732e-02,5.528176575899124146e-02,7.955580949783325195e-03,1.718983501195907593e-01,3.816284239292144775e-02,-5.698359385132789612e-02,2.659226953983306885e-02,1.683799922466278076e-01,-2.042303979396820068e-01,-3.644331544637680054e-02,-1.407649368047714233e-01,1.497825533151626587e-01,-9.535773843526840210e-02,2.248039692640304565e-01,-5.607131868600845337e-02,-1.362160146236419678e-01,-4.794008098542690277e-03,2.212198674678802490e-01,-1.197732761502265930e-01,-2.042029052972793579e-01,2.156242728233337402e-01,1.693548518233001232e-03,-1.016180366277694702e-01,6.108535453677177429e-03,-1.812915503978729248e-01,-1.771066039800643921e-01,1.269170455634593964e-02,7.061311043798923492e-03,1.466782093048095703e-01,1.016447842121124268e-01,-1.880691945552825928e-02,-6.454704701900482178e-02,-1.586667001247406006e-01,5.716268345713615417e-02,-2.177991420030593872e-01,1.274681836366653442e-02,3.624786436557769775e-02,-1.416889572283253074e-04,-1.048809662461280823e-01,1.537388712167739868e-01,-4.077144712209701538e-02,1.039335578680038452e-01,-2.417467385530471802e-01,-9.851056337356567383e-02,2.432390302419662476e-01,-4.417077824473381042e-02,-1.708596199750900269e-01,-1.540297269821166992e-01,-6.678914278745651245e-02,-2.088054828345775604e-02,1.893071085214614868e-01,-6.404944509267807007e-02,-1.683101207017898560e-01,-1.276444178074598312e-03,1.544561386108398438e-01,-2.251617610454559326e-01,3.509994968771934509e-02,-1.405095867812633514e-02,-2.175887227058410645e-01,8.507078886032104492e-02,6.412532180547714233e-02,1.886959373950958252e-01,2.088780552148818970e-01,-8.711067587137222290e-02,-5.355157330632209778e-02,-1.360411196947097778e-01,1.287204679101705551e-02,1.598892733454704285e-02
-5.618310999125242233e-03,3.445006161928176880e-02,-2.661843895912170410e-01,2.254353463649749756e-01,1.076314896345138550e-01,-4.927676171064376831e-02,-6.688677519559860229e-02,1.426519267261028290e-02,9.647531062364578247e-02,1.213766857981681824e-01,2.041573636233806610e-02,-1.349903941154479980e-01,1.984500288963317871e-01,2.266238927841186523e-01,2.763453423976898193e-01,2.784618437290191650e-01,5.764504894614219666e-03,6.429461389780044556e-02,-1.838318258523941040e-01,-1.504261791706085205e-01,-1.934153437614440918e-01,2.784304618835449219e-01,1.416737139225006104e-01,-5.164143070578575134e-02,4.004525393247604370e-02,3.269030153751373291e-01,-2.925917506217956543e-01,2.473548287525773048e-03,2.447869926691055298e-01,6.717912107706069946e-02,4.126802831888198853e-02,-3.215225636959075928e-01,1.819823086261749268e-01,1.635341197252273560e-01,-1.206192094832658768e-02,-3.075263500213623047e-01,8.343149721622467041e-02,1.641526669263839722e-01,-1.612894982099533081e-01,-1.433775722980499268e-01,2.587212324142456055e-01,4.189090058207511902e-02,2.022862583398818970e-01,4.132682830095291138e-02,-2.356877177953720093e-02,-1.784884184598922729e-01,-3.099794387817382812e-01,-8.286139369010925293e-02,-5.218589212745428085e-03,-2.655790746212005615e-02,-5.167043209075927734e-02,-3.762302547693252563e-02,4.303532093763351440e-02,-1.916448585689067841e-03,-3.568266984075307846e-03,-3.238561153411865234e-01,8.899045735597610474e-02,2.464677952229976654e-02,-7.871569693088531494e-02,-1.747500896453857422e-01,-1.689640060067176819e-02,5.277660116553306580e-02,1.133111864328384399e-02,1.182170882821083069e-01,2.751882933080196381e-02,-7.521664351224899292e-02,1.011957153677940369e-01,2.653726041316986084e-01,-2.916485369205474854e-01,-3.712947294116020203e-02,-2.216384112834930420e-01,8.563988842070102692e-03,-1.032283157110214233e-01,3.190726935863494873e-01,-1.999027840793132782e-02,-2.346336245536804199e-01,-6.285659968852996826e-03,3.579646944999694824e-01,-1.350052058696746826e-01,-2.933554053306579590e-01,3.357061147689819336e-01,2.830248326063156128e-03,-1.945828795433044434e-01,5.407858639955520630e-03,-2.116146236658096313e-01,-2.758294343948364258e-01,3.768238425254821777e-02,1.252425741404294968e-02,1.494049578905105591e-01,1.469409167766571045e-01,-2.535618469119071960e-02,-8.143843710422515869e-02,-2.485824078321456909e-01,1.047276407480239868e-01,-2.896275222301483154e-01,4.461881890892982483e-02,1.350102424621582031e-01,-2.048051246674731374e-04,-1.825066059827804565e-01,1.226153224706649780e-01,-9.603920578956604004e-02,4.989443346858024597e-02,-3.462899029254913330e-01,-1.479175984859466553e-01,3.560905456542968750e-01,-1.252320944331586361e-03,-2.408272922039031982e-01,-2.768000662326812744e-01,5.999091081321239471e-03,-2.566343732178211212e-02,2.479651868343353271e-01,-1.643442213535308838e-01,-2.756140232086181641e-01,4.166103154420852661e-02,3.039414882659912109e-01,-2.880498766899108887e-01,6.527191400527954102e-02,4.220607876777648926e-02,-3.109286129474639893e-01,1.166444644331932068e-01,1.552128940820693970e-01,2.405283600091934204e-01,2.888550162315368652e-01,-1.368460655212402344e-01,-1.687057316303253174e-01,-1.703908592462539673e-01,1.345273666083812714e-02,7.307175546884536743e-02
-1.213022768497467041e-01,1.772002130746841431e-02,-1.244690194725990295e-01,8.309406042098999023e-02,9.140988811850547791e-03,5.877100676298141479e-02,-8.885082602500915527e-02,-6.163204833865165710e-02,-2.107532136142253876e-02,2.041573636233806610e-02,9.933786094188690186e-02,-4.349386319518089294e-02,1.272277235984802246e-01,1.186558157205581665e-01,9.910241514444351196e-02,1.170170232653617859e-01,-4.569757264107465744e-03,5.455528944730758667e-02,-6.503299623727798462e-02,-7.346215099096298218e-02,2.702261134982109070e-02,1.309058368206024170e-01,1.281612366437911987e-01,-2.386358566582202911e-02,7.826409302651882172e-03,1.194628775119781494e-01,-1.710892021656036377e-01,6.379008293151855469e-03,1.611517071723937988e-01,5.768692493438720703e-02,1.004518568515777588e-01,-1.005775704979896545e-01,1.537525095045566559e-02,1.519169360399246216e-01,-5.329346284270286560e-03,-1.562186181545257568e-01,4.039396718144416809e-02,5.118170008063316345e-02,-5.204104352742433548e-03,1.034908276051282883e-02,-4.021601378917694092e-02,-2.619169093668460846e-02,2.005622833967208862e-01,2.172223478555679321e-02,9.268823266029357910e-02,-1.608938276767730713e-01,-9.755228459835052490e-02,7.149287499487400055e-03,-7.220275700092315674e-02,-7.828769087791442871e-02,6.007237359881401062e-02,-9.971150755882263184e-02,-7.443619519472122192e-02,2.484564669430255890e-02,-2.607700973749160767e-02,-1.330004632472991943e-01,3.722530230879783630e-02,1.171459443867206573e-02,6.989290937781333923e-03,-6.798703968524932861e-02,3.727238625288009644e-02,-8.917433209717273712e-03,1.108595053665339947e-03,-9.913095086812973022e-02,-3.446418419480323792e-02,-2.421017549932003021e-02,9.961755573749542236e-02,8.076648414134979248e-02,-1.275876313447952271e-01,-4.923431575298309326e-02,-2.084909938275814056e-02,-1.788499057292938232e-01,-5.255278572440147400e-02,9.440371394157409668e-02,5.923807621002197266e-02,-3.154557943344116211e-02,-2.763565862551331520e-03,1.375066936016082764e-01,7.194016128778457642e-02,-9.364631026983261108e-02,9.669769555330276489e-02,1.206859946250915527e-03,-6.284182518720626831e-02,9.112475672736763954e-04,5.644550547003746033e-02,-1.567918211221694946e-01,-3.293200954794883728e-02,7.098418194800615311e-03,6.721656024456024170e-02,3.156283870339393616e-02,3.729372844099998474e-02,-1.578408107161521912e-02,-9.842026978731155396e-02,6.925490498542785645e-02,-5.879560112953186035e-02,9.775204956531524658e-02,4.132396355271339417e-02,-2.240899993921630085e-05,-8.623485267162322998e-02,-1.088538989424705505e-01,-3.356086835265159607e-02,-1.076848730444908142e-01,-1.147586554288864136e-01,-4.712852835655212402e-02,1.032751426100730896e-01,-9.535304456949234009e-02,-4.295169562101364136e-02,-1.575362980365753174e-01,1.365307420492172241e-01,-8.372968994081020355e-03,1.171635091304779053e-01,-6.848630309104919434e-02,-1.286657452583312988e-01,9.792348369956016541e-03,1.156136393547058105e-01,-5.681704729795455933e-02,-3.322025993838906288e-03,5.627578496932983398e-02,-3.269240632653236389e-02,3.705260157585144043e-02,8.054700493812561035e-02,1.636288501322269440e-02,6.605589389801025391e-02,-7.264560461044311523e-02,-1.504240185022354126e-01,-4.357388243079185486e-02,8.769959822529926896e-05,1.547674927860498428e-02
4.597363527864217758e-03,-4.188528656959533691e-02,3.333836197853088379e-01,-2.830899953842163086e-01,-1.306941658258438110e-01,1.906108669936656952e-02,9.039910882711410522e-02,-4.100299254059791565e-02,-8.622448891401290894e-02,-1.349903941154479980e-01,-4.349386319518089294e-02,1.654290556907653809e-01,-2.282954752445220947e-01,-3.026101887226104736e-01,-3.458683788776397705e-01,-3.375126421451568604e-01,-5.455920938402414322e-03,-7.972174137830734253e-02,2.079306095838546753e-01,1.852975487709045410e-01,1.964686512947082520e-01,-3.455429673194885254e-01,-1.928131580352783203e-01,5.798707529902458191e-02,-4.471160098910331726e-02,-3.685207664966583252e-01,3.518077731132507324e-01,1.392200822010636330e-03,-3.147869706153869629e-01,-7.824267446994781494e-02,-6.337057054042816162e-02,3.731234073638916016e-01,-1.954752057790756226e-01,-2.301077544689178467e-01,1.758273318409919739e-02,3.787432610988616943e-01,-9.875360876321792603e-02,-1.918301731348037720e-01,1.915864199399948120e-01,2.034232765436172485e-01,-2.721647918224334717e-01,-4.621545970439910889e-02,-2.703587412834167480e-01,-5.278468132019042969e-02,-1.787814125418663025e-02,2.225019931793212891e-01,3.762933313846588135e-01,1.022137328982353210e-01,3.141741827130317688e-02,5.096851661801338196e-02,3.881165757775306702e-02,8.975382894277572632e-02,-3.936640173196792603e-02,1.379947643727064133e-02,1.179753057658672333e-02,3.971685767173767090e-01,-1.190563514828681946e-01,-3.098925575613975525e-02,7.087363302707672119e-02,2.140415161848068237e-01,1.184438634663820267e-02,-5.201526358723640442e-02,-1.362751144915819168e-02,-9.116262942552566528e-02,-2.408671379089355469e-02,8.454842120409011841e-02,-1.264788955450057983e-01,-3.173300623893737793e-01,3.512085676193237305e-01,4.398475587368011475e-02,2.609508633613586426e-01,4.338777065277099609e-02,1.214385479688644409e-01,-3.822355866432189941e-01,6.220767274498939514e-03,2.763739228248596191e-01,7.007671054452657700e-03,-4.283235669136047363e-01,1.503074765205383301e-01,3.457853198051452637e-01,-3.989065587520599365e-01,-3.513985546305775642e-03,2.451239079236984253e-01,-5.351793952286243439e-03,2.353774309158325195e-01,3.346471488475799561e-01,-3.501080349087715149e-02,-1.519068051129579544e-02,-1.607239991426467896e-01,-1.719957590103149414e-01,2.605251595377922058e-02,9.209967404603958130e-02,2.867927849292755127e-01,-1.264658272266387939e-01,3.316816389560699463e-01,-5.269184336066246033e-02,-1.817917823791503906e-01,2.383675746386870742e-04,2.359149903059005737e-01,-1.120637506246566772e-01,1.237545013427734375e-01,-2.706548199057579041e-02,4.092229604721069336e-01,1.742372214794158936e-01,-4.007079899311065674e-01,-2.002191916108131409e-02,2.677974700927734375e-01,3.386020958423614502e-01,-3.545790165662765503e-02,2.760916389524936676e-02,-3.074922859668731689e-01,1.997574716806411743e-01,3.401872813701629639e-01,-4.706278070807456970e-02,-3.714965879917144775e-01,3.213285803794860840e-01,-9.382752329111099243e-02,-6.080955639481544495e-02,3.724069893360137939e-01,-1.367713510990142822e-01,-1.844427287578582764e-01,-2.788656055927276611e-01,-3.341709077358245850e-01,1.521176993846893311e-01,2.264209240674972534e-01,2.023081779479980469e-01,-1.127053983509540558e-02,-8.719822019338607788e-02
