5.118900537490844727e-01,-2.561844699084758759e-02,2.078370004892349243e-01,-2.769328057765960693e-01,2.150113731622695923e-01,-3.073531091213226318e-01,1.790596395730972290e-01,3.841460645198822021e-01,7.397412508726119995e-02,-1.558881136588752270e-03,-1.851599514484405518e-01,-3.128713369369506836e-02,-2.688830792903900146e-01,-5.016383528709411621e-02,-6.748381257057189941e-02,6.213954463601112366e-02,6.950661074370145798e-03,-2.189527153968811035e-01,2.200888097286224365e-01,-1.618814282119274139e-02,-1.297422200441360474e-01,-1.806707084178924561e-01,-2.343460917472839355e-01,1.167928278446197510e-01,3.084999741986393929e-03,-1.982240378856658936e-02,1.271393299102783203e-01,-2.939036190509796143e-01,-1.263126730918884277e-01,-1.902237236499786377e-01,-2.071728408336639404e-01,9.926543384790420532e-02,-2.062066495418548584e-01,-3.515306860208511353e-02,-1.354421488940715790e-02,6.938169151544570923e-02,-7.915123552083969116e-02,-9.265389293432235718e-02,-1.465285271406173706e-01,-3.033026754856109619e-01,3.397981822490692139e-02,1.120644062757492065e-01,-2.383952587842941284e-01,-1.609468646347522736e-02,-4.190089926123619080e-02,2.691654562950134277e-01,1.526098549365997314e-01,-3.678292408585548401e-02,1.563919931650161743e-01,-1.456632465124130249e-01,-2.430370301008224487e-01,-1.670344173908233643e-01,2.727420628070831299e-01,-2.160894451662898064e-03,-6.475651264190673828e-02,-7.944170385599136353e-03,6.279257684946060181e-02,-6.552482489496469498e-03,2.708445191383361816e-01,2.047535479068756104e-01,-1.948138624429702759e-01,4.822422191500663757e-02,-4.593886435031890869e-03,2.149218022823333740e-01,4.407979920506477356e-02,4.749114811420440674e-02,-4.135621488094329834e-01,-2.040468715131282806e-02,8.065860718488693237e-02,2.470793426036834717e-01,-1.057278662919998169e-01,2.262566834688186646e-01,6.156848371028900146e-02,-1.223918944597244263e-01,-1.547313183546066284e-01,-1.510841213166713715e-02,2.037005499005317688e-03,-1.376529186964035034e-01,3.905312344431877136e-02,3.866662457585334778e-02,-6.793090701103210449e-02,-1.891472638817504048e-04,-7.241909950971603394e-02,-1.967772142961621284e-03,-1.951394826173782349e-01,2.663673162460327148e-01,2.758297026157379150e-01,-1.503554405644536018e-03,-1.685445010662078857e-01,3.540121763944625854e-02,-1.610348671674728394e-01,3.136591017246246338e-01,2.439818382263183594e-01,-1.942747235298156738e-01,4.446466639637947083e-02,-4.374610781669616699e-01,-3.390304744243621826e-02,-2.786777986329980195e-05,-7.301936298608779907e-02,1.015565767884254456e-01,-3.026138246059417725e-01,3.752481639385223389e-01,1.296519041061401367e-01,3.691063448786735535e-02,-2.184095531702041626e-01,2.297495156526565552e-01,2.500294148921966553e-01,2.662504017353057861e-01,-4.426448643207550049e-01,8.778158575296401978e-03,-4.962598904967308044e-02,2.320308387279510498e-01,2.164136767387390137e-01,1.180396229028701782e-01,-1.004589796066284180e-01,5.874737724661827087e-02,3.222599923610687256e-01,-1.842719316482543945e-01,-6.259126216173171997e-02,-8.410487323999404907e-02,-3.022928237915039062e-01,1.269921939820051193e-02,1.390344090759754181e-02,3.700412809848785400e-01,-4.682321101427078247e-02,1.237282827496528625e-01,4.574933648109436035e-02,-5.342343077063560486e-02
-2.561844699084758759e-02,1.278354972600936890e-02,-1.005481034517288208e-01,8.721524477005004883e-02,4.637870192527770996e-02,1.377126481384038925e-02,-2.622286044061183929e-02,2.475765347480773926e-02,5.148179084062576294e-02,5.664817616343498230e-02,-5.055871326476335526e-03,-4.790708422660827637e-02,8.849631249904632568e-02,7.714716345071792603e-02,8.659011870622634888e-02,9.857940673828125000e-02,-2.090042689815163612e-03,7.496047019958496094e-02,-9.497819840908050537e-02,-5.995944142341613770e-02,-3.509879857301712036e-02,8.610874414443969727e-02,7.557361572980880737e-02,-2.771267853677272797e-02,1.212088298052549362e-02,9.132016450166702271e-02,-9.411813318729400635e-02,-1.806507445871829987e-02,9.131976962089538574e-02,1.279822271317243576e-02,2.953212708234786987e-02,-1.060123071074485779e-01,7.580623030662536621e-02,6.228002160787582397e-02,-2.416060306131839752e-03,-1.014098227024078369e-01,6.784093379974365234e-02,8.771459013223648071e-02,-6.910242140293121338e-02,-4.701513424515724182e-02,9.215875715017318726e-02,9.308991953730583191e-03,1.004750579595565796e-01,2.557827532291412354e-02,-1.434334740042686462e-02,-7.798022776842117310e-02,-9.992031008005142212e-02,-3.069278225302696228e-02,-1.254659239202737808e-02,3.046721220016479492e-02,1.440043095499277115e-02,1.645825244486331940e-02,4.425058513879776001e-02,-2.071557752788066864e-02,-4.630649462342262268e-03,-1.049330309033393860e-01,4.346503689885139465e-02,5.881986580789089203e-03,-7.695820927619934082e-02,-8.871355652809143066e-02,-1.172956777736544609e-03,-5.284584593027830124e-03,2.689269836992025375e-03,1.625727489590644836e-02,2.192115597426891327e-02,-2.967955917119979858e-02,6.355188786983489990e-02,9.916387498378753662e-02,-9.708909690380096436e-02,7.809220813214778900e-03,-7.740010321140289307e-02,-1.831215433776378632e-02,-3.204864263534545898e-02,9.015780687332153320e-02,-2.463690750300884247e-02,-9.648442268371582031e-02,-7.029532571323215961e-04,1.065850630402565002e-01,-4.345826059579849243e-02,-8.715438097715377808e-02,1.031173840165138245e-01,2.077062526950612664e-04,-7.388214766979217529e-02,2.985466853715479374e-04,-8.465031534433364868e-02,-9.528864920139312744e-02,1.815061829984188080e-02,2.107179490849375725e-03,6.695014983415603638e-02,6.513594835996627808e-02,-2.434888482093811035e-02,-5.470743402838706970e-02,-9.454490244388580322e-02,4.922768473625183105e-02,-8.782164007425308228e-02,3.164815157651901245e-02,7.593816518783569336e-02,-4.303427431295858696e-06,-6.972259283065795898e-02,7.108353823423385620e-02,-1.711084507405757904e-02,1.027605216950178146e-02,-1.057095900177955627e-01,-8.442287147045135498e-02,1.154069602489471436e-01,-4.989112261682748795e-03,-9.720090776681900024e-02,-1.041706427931785583e-01,1.686577312648296356e-02,-3.054654225707054138e-03,6.575470417737960815e-02,-7.906839251518249512e-02,-1.033940017223358154e-01,-2.365762740373611450e-02,1.057931929826736450e-01,-8.994743973016738892e-02,3.329616039991378784e-02,4.478059709072113037e-02,-9.340047091245651245e-02,5.058552324771881104e-02,7.821159064769744873e-02,7.682217657566070557e-02,7.962729036808013916e-02,-7.764089107513427734e-02,-5.341051891446113586e-02,-6.450181454420089722e-02,-7.560141850262880325e-03,7.549147307872772217e-02
2.078370004892349243e-01,-1.005481034517288208e-01,7.829329967498779297e-01,-7.066825032234191895e-01,-3.768907785415649414e-01,-1.679583638906478882e-01,1.803090572357177734e-01,-2.302424311637878418e-01,-4.013072252273559570e-01,-4.916666746139526367e-01,6.561326980590820312e-02,4.198703765869140625e-01,-6.507606506347656250e-01,-6.522935628890991211e-01,-7.079874873161315918e-01,-7.206819653511047363e-01,1.687781140208244324e-02,-5.775418877601623535e-01,7.422161102294921875e-01,5.503717064857482910e-01,2.879784107208251953e-01,-7.070036530494689941e-01,-6.499729752540588379e-01,2.437661737203598022e-01,-1.057921275496482849e-01,-6.633075475692749023e-01,7.343686223030090332e-01,1.115028709173202515e-01,-7.233122587203979492e-01,-8.469739556312561035e-02,-2.360290437936782837e-01,7.879175543785095215e-01,-5.963206887245178223e-01,-5.903646349906921387e-01,2.360103465616703033e-02,7.558503746986389160e-01,-5.663360953330993652e-01,-7.087654471397399902e-01,5.106554031372070312e-01,4.302010834217071533e-01,-6.913464665412902832e-01,-8.972577750682830811e-02,-7.606127858161926270e-01,-2.251722663640975952e-01,9.653475880622863770e-02,6.312469244003295898e-01,7.802677750587463379e-01,2.579992115497589111e-01,9.946260601282119751e-02,-1.594535559415817261e-01,-1.107094436883926392e-01,-8.922000229358673096e-02,-3.907638490200042725e-01,1.828126311302185059e-01,3.993989527225494385e-02,7.881891727447509766e-01,-4.026056826114654541e-01,-5.091527104377746582e-02,5.949407219886779785e-01,7.089999914169311523e-01,4.077943041920661926e-02,2.217124216258525848e-02,-2.285672165453433990e-02,-1.238268315792083740e-01,-1.688113957643508911e-01,2.460524737834930420e-01,-4.620671570301055908e-01,-7.395519614219665527e-01,7.498983144760131836e-01,-4.531520605087280273e-02,6.358069777488708496e-01,1.884038001298904419e-01,2.806986570358276367e-01,-7.272627949714660645e-01,1.674366891384124756e-01,7.334644794464111328e-01,5.306451115757226944e-03,-8.106713891029357910e-01,3.735941350460052490e-01,6.994864940643310547e-01,-7.893575429916381836e-01,-1.834612921811640263e-03,6.188012957572937012e-01,-1.573220710270106792e-03,6.377459168434143066e-01,7.341885566711425781e-01,-1.835137009620666504e-01,-1.740077883005142212e-02,-5.349746942520141602e-01,-5.755125880241394043e-01,2.151680290699005127e-01,4.211195111274719238e-01,7.247927188873291016e-01,-4.109367430210113525e-01,6.999983191490173340e-01,-2.425432801246643066e-01,-6.194098591804504395e-01,4.147326762904413044e-05,5.771490335464477539e-01,-5.567397475242614746e-01,2.229825258255004883e-01,-9.289173036813735962e-02,7.922809720039367676e-01,6.860513687133789062e-01,-8.427425026893615723e-01,-5.337293818593025208e-02,7.213885784149169922e-01,7.658069133758544922e-01,-1.518949121236801147e-01,2.516373060643672943e-02,-5.427594184875488281e-01,6.701041460037231445e-01,7.823434472084045410e-01,8.640775829553604126e-02,-7.929846048355102539e-01,7.133027315139770508e-01,-2.705848813056945801e-01,-3.908776342868804932e-01,7.312332391738891602e-01,-4.388288259506225586e-01,-6.136946678161621094e-01,-6.343813538551330566e-01,-6.502612829208374023e-01,5.789839625358581543e-01,5.136036872863769531e-01,5.637077093124389648e-01,5.332183837890625000e-02,-6.394960880279541016e-01
-2.769328057765960693e-01,8.721524477005004883e-02,-7.066825032234191895e-01,7.438196539878845215e-01,2.096976339817047119e-01,2.480351626873016357e-01,-1.844567954540252686e-01,5.593372508883476257e-02,3.471686244010925293e-01,4.213627874851226807e-01,-1.045211777091026306e-01,-3.488745987415313721e-01,5.231328010559082031e-01,6.072714328765869141e-01,6.267021894454956055e-01,5.339677929878234863e-01,-1.232063025236129761e-02,5.258464813232421875e-01,-7.236164808273315430e-01,-4.722204506397247314e-01,-3.312822580337524414e-01,6.627851724624633789e-01,6.124455332756042480e-01,-2.166920900344848633e-01,9.260669350624084473e-02,4.749215841293334961e-01,-5.977658629417419434e-01,1.062287986278533936e-01,5.669995546340942383e-01,2.075469493865966797e-01,2.092362791299819946e-01,-7.161256074905395508e-01,6.416891217231750488e-01,5.079556703567504883e-01,-7.535508368164300919e-03,-5.982482433319091797e-01,4.715918600559234619e-01,6.025345325469970703e-01,-2.747743725776672363e-01,-3.868533074855804443e-01,6.092926859855651855e-01,1.024349704384803772e-01,6.575761437416076660e-01,1.884450167417526245e-01,-1.473648846149444580e-01,-4.846765398979187012e-01,-7.280299067497253418e-01,-2.385245263576507568e-01,-9.917640686035156250e-02,1.905386000871658325e-01,1.468612402677536011e-01,1.808107793331146240e-01,3.578701615333557129e-01,-1.873765587806701660e-01,8.026495575904846191e-02,-6.442865133285522461e-01,3.601511418819427490e-01,4.239666089415550232e-02,-5.576338171958923340e-01,-7.002322077751159668e-01,-5.356505885720252991e-02,3.824442252516746521e-02,2.476161904633045197e-02,5.116919800639152527e-02,1.782770156860351562e-01,-2.164053022861480713e-01,4.348850250244140625e-01,5.834767818450927734e-01,-6.405613422393798828e-01,-1.361897140741348267e-01,-4.895300269126892090e-01,-5.360022559762001038e-02,-3.123137354850769043e-01,6.606495976448059082e-01,-1.409423351287841797e-01,-6.195637583732604980e-01,-3.163709770888090134e-03,6.832851171493530273e-01,-4.715599417686462402e-01,-5.966201424598693848e-01,7.393386363983154297e-01,1.595023786649107933e-03,-4.562680423259735107e-01,3.790459828451275826e-03,-5.059251189231872559e-01,-6.486796140670776367e-01,-1.980248652398586273e-02,1.225096359848976135e-02,4.255553781986236572e-01,4.653119146823883057e-01,-1.863003671169281006e-01,-5.184143185615539551e-01,-7.024530172348022461e-01,4.334118068218231201e-01,-6.475329399108886719e-01,3.325749933719635010e-01,5.052645802497863770e-01,-2.834436236298643053e-05,-4.130969643592834473e-01,4.183650612831115723e-01,-7.470810413360595703e-02,-1.186332479119300842e-01,-7.433770895004272461e-01,-5.630102753639221191e-01,7.691831588745117188e-01,1.643811166286468506e-01,-7.715438604354858398e-01,-6.650402545928955078e-01,2.973438799381256104e-01,-2.630539052188396454e-02,5.463505983352661133e-01,-6.873303055763244629e-01,-7.398404479026794434e-01,5.353249143809080124e-03,6.782675385475158691e-01,-6.173236370086669922e-01,5.891437828540802002e-02,3.566167652606964111e-01,-6.126593947410583496e-01,4.505787789821624756e-01,5.654688477516174316e-01,5.891698002815246582e-01,5.767444372177124023e-01,-5.751258134841918945e-01,-4.342842996120452881e-01,-5.511227846145629883e-01,-6.268589943647384644e-02,5.410617589950561523e-01
2.150113731622695923e-01,4.637870192527770996e-02,-3.768907785415649414e-01,2.096976339817047119e-01,4.697950780391693115e-01,-1.691260486841201782e-01,2.265392802655696869e-03,4.952180385589599609e-01,2.335595190525054932e-01,2.729528248310089111e-01,-1.073419526219367981e-01,-2.691365480422973633e-01,3.296877741813659668e-01,3.008744716644287109e-01,3.771743178367614746e-01,6.123911142349243164e-01,-8.807498030364513397e-03,2.692067921161651611e-01,-3.052110373973846436e-01,-2.873594760894775391e-01,-1.050814315676689148e-01,2.839589416980743408e-01,2.167266011238098145e-01,-6.211499124765396118e-02,5.752911046147346497e-02,5.219127535820007324e-01,-4.089156389236450195e-01,-4.200193285942077637e-01,4.821733534336090088e-01,-1.499529927968978882e-01,2.835945412516593933e-02,-4.159172773361206055e-01,1.622200459241867065e-01,2.978452146053314209e-01,-3.143167123198509216e-02,-5.072444677352905273e-01,3.109947144985198975e-01,4.065461754798889160e-01,-6.219063401222229004e-01,-3.859567940235137939e-01,4.778737723827362061e-01,8.554334938526153564e-02,3.837972283363342285e-01,1.268146783113479614e-01,-1.960021257400512695e-02,-2.920823097229003906e-01,-4.079169631004333496e-01,-1.725073605775833130e-01,1.928855478763580322e-02,4.326428845524787903e-02,-9.619935601949691772e-02,-1.278861463069915771e-01,3.339523673057556152e-01,-8.220282196998596191e-02,-1.638808846473693848e-01,-5.809429883956909180e-01,2.566950619220733643e-01,2.838959544897079468e-02,-2.083746939897537231e-01,-2.790584266185760498e-01,-7.833134382963180542e-02,-7.848341017961502075e-02,5.805706605315208435e-03,2.343566715717315674e-01,1.088402122259140015e-01,-1.188274100422859192e-01,7.062346488237380981e-02,5.449481010437011719e-01,-4.370815157890319824e-01,3.297187089920043945e-01,-5.265707969665527344e-01,-6.965564191341400146e-02,-3.896930441260337830e-02,3.651001155376434326e-01,-2.116675078868865967e-01,-5.202983617782592773e-01,-3.417621599510312080e-03,4.949194192886352539e-01,-9.947445243597030640e-02,-4.148054420948028564e-01,4.491972923278808594e-01,9.037310373969376087e-04,-4.843375682830810547e-01,-1.940119429491460323e-03,-5.923398137092590332e-01,-3.341332674026489258e-01,3.867243528366088867e-01,1.227315701544284821e-02,2.241763770580291748e-01,3.742217421531677246e-01,-2.335263043642044067e-01,3.628095611929893494e-02,-2.755398154258728027e-01,4.546230658888816833e-02,-3.953279554843902588e-01,-1.779124736785888672e-01,4.272334575653076172e-01,-4.377223012852482498e-05,-4.443430006504058838e-01,4.890571832656860352e-01,-3.566729724407196045e-01,4.074274003505706787e-01,-4.098274111747741699e-01,-4.365794360637664795e-01,4.393734633922576904e-01,4.711264371871948242e-02,-2.236211001873016357e-01,-3.965010046958923340e-01,-2.939864993095397949e-01,-2.252981765195727348e-03,1.758603602647781372e-01,-1.733301579952239990e-01,-3.670509755611419678e-01,-1.376451849937438965e-01,5.323379635810852051e-01,-4.116566479206085205e-01,4.759340584278106689e-01,1.334875077009201050e-01,-5.465034842491149902e-01,1.385334283113479614e-01,2.279211878776550293e-01,3.485535681247711182e-01,3.806975185871124268e-01,-1.261704266071319580e-01,-2.841619551181793213e-01,-1.771213263273239136e-01,-8.014912717044353485e-03,3.735601305961608887e-01
-3.073531091213226318e-01,1.377126481384038925e-02,-1.679583638906478882e-01,2.480351626873016357e-01,-1.691260486841201782e-01,2.803235352039337158e-01,-7.871141284704208374e-02,-2.369036674499511719e-01,-3.961259499192237854e-02,3.578381612896919250e-02,6.581246852874755859e-02,-8.948962204158306122e-03,1.064861193299293518e-01,1.241442412137985229e-01,1.159024909138679504e-01,-5.246881768107414246e-02,-2.679394325241446495e-03,8.167727291584014893e-02,-1.773356050252914429e-01,-7.268540561199188232e-02,-1.065628789365291595e-02,1.782517880201339722e-01,1.965719759464263916e-01,-8.224510401487350464e-02,7.017268799245357513e-03,-5.483127757906913757e-02,-1.150297895073890686e-01,2.784157693386077881e-01,9.557703882455825806e-02,1.310265213251113892e-01,1.155550405383110046e-01,-1.322961747646331787e-01,1.718433201313018799e-01,1.342214196920394897e-01,8.276471868157386780e-03,-4.564536735415458679e-02,4.824276268482208252e-02,7.375931739807128906e-02,1.580013483762741089e-01,5.947416648268699646e-02,-1.809385046362876892e-02,-2.904776111245155334e-02,1.448862701654434204e-01,2.578613907098770142e-02,1.440782658755779266e-02,-1.667135804891586304e-01,-1.430656164884567261e-01,7.278906647115945816e-03,-9.169548749923706055e-02,4.302823916077613831e-03,1.437882632017135620e-01,8.581179380416870117e-02,-7.867432385683059692e-02,-2.249093167483806610e-02,7.758104801177978516e-02,-4.470833390951156616e-02,8.987192064523696899e-03,5.742410197854042053e-03,-1.395377367734909058e-01,-1.696726083755493164e-01,6.221520900726318359e-02,3.246507048606872559e-02,6.442575715482234955e-03,-1.558242738246917725e-01,-2.837197110056877136e-02,-3.074532374739646912e-02,1.942909508943557739e-01,4.038523882627487183e-03,-7.578483223915100098e-02,-2.289275079965591431e-01,4.306703433394432068e-02,-1.472645550966262817e-01,-8.841239660978317261e-02,1.247018203139305115e-01,1.311291456222534180e-01,-8.048835210502147675e-03,-1.539966469863429666e-04,1.258035600185394287e-01,-8.814135193824768066e-02,-5.631126463413238525e-02,1.153517067432403564e-01,2.863300614990293980e-04,1.295451913028955460e-02,9.558220044709742069e-04,1.172726303339004517e-01,-1.706449538469314575e-01,-1.743665784597396851e-01,-1.365912903565913439e-04,7.719193398952484131e-02,1.171446498483419418e-02,7.442431151866912842e-02,-2.157606333494186401e-01,-1.700697392225265503e-01,1.588086634874343872e-01,-6.280460208654403687e-02,2.678664624691009521e-01,2.390963025391101837e-02,1.058305770129663870e-05,2.742387726902961731e-02,-1.088657602667808533e-01,1.307054311037063599e-01,-2.680811882019042969e-01,-1.331600397825241089e-01,-3.733971714973449707e-02,1.642751097679138184e-01,2.244605310261249542e-02,-2.254401892423629761e-01,-1.343677341938018799e-01,3.256169557571411133e-01,-8.415477350354194641e-03,1.293059587478637695e-01,-2.568919360637664795e-01,-1.644451916217803955e-01,8.160109072923660278e-02,8.265314996242523193e-02,-6.913140416145324707e-02,-2.258718162775039673e-01,1.256363391876220703e-01,-8.375784382224082947e-03,1.081290990114212036e-01,1.610622256994247437e-01,5.390810966491699219e-02,4.355751350522041321e-02,-1.998567730188369751e-01,-8.056176453828811646e-02,-1.483822613954544067e-01,-2.144288271665573120e-02,5.628804117441177368e-02
1.790596395730972290e-01,-2.622286044061183929e-02,1.803090572357177734e-01,-1.844567954540252686e-01,2.265392802655696869e-03,-7.871141284704208374e-02,1.395309865474700928e-01,8.331718295812606812e-02,-7.803525775671005249e-02,-5.428119376301765442e-02,-7.527822256088256836e-02,5.723630264401435852e-02,-2.233636975288391113e-01,-1.161983832716941833e-01,-1.353757977485656738e-01,-1.311999708414077759e-01,4.158922936767339706e-03,-1.825376302003860474e-01,1.666593700647354126e-01,4.179111868143081665e-02,-3.213617717847228050e-03,-1.673937737941741943e-01,-1.533181220293045044e-01,7.538219541311264038e-02,-1.356977876275777817e-02,-1.490419059991836548e-01,1.566760987043380737e-01,-4.634840786457061768e-02,-1.457946002483367920e-01,-1.118578910827636719e-01,-1.001092344522476196e-01,1.712211668491363525e-01,-1.409436166286468506e-01,-6.081858277320861816e-02,2.716371964197605848e-04,1.712379306554794312e-01,-1.160666272044181824e-01,-1.381748616695404053e-01,6.567850708961486816e-02,-5.679800361394882202e-02,-1.186411902308464050e-01,2.839669212698936462e-02,-2.066725343465805054e-01,-3.489039093255996704e-02,-1.300000119954347610e-02,1.767492145299911499e-01,1.693866699934005737e-01,4.030175879597663879e-02,7.650011777877807617e-02,-1.009382829070091248e-01,-7.751194387674331665e-02,-9.239649027585983276e-02,3.868889063596725464e-02,4.183963686227798462e-02,-9.345126338303089142e-03,1.326206177473068237e-01,-3.778509423136711121e-02,-1.017728820443153381e-02,1.675319820642471313e-01,1.880197823047637939e-01,-8.131293207406997681e-02,3.791565820574760437e-02,-4.683658014982938766e-03,6.569178402423858643e-02,-2.215915359556674957e-02,5.503614991903305054e-02,-2.297867685556411743e-01,-1.456546634435653687e-01,1.597191542387008667e-01,6.724162399768829346e-02,5.536098405718803406e-02,7.880207896232604980e-02,6.120822578668594360e-02,-1.630523055791854858e-01,-1.859935000538825989e-02,1.052049398422241211e-01,1.876474940218031406e-03,-1.740037947893142700e-01,6.501840800046920776e-02,1.262267678976058960e-01,-1.433962136507034302e-01,-3.402657457627356052e-04,6.611318886280059814e-02,-1.879535382613539696e-03,5.305192247033119202e-02,2.226615995168685913e-01,9.923932701349258423e-02,-3.897245274856686592e-03,-1.405405104160308838e-01,-6.924628466367721558e-02,-2.439288794994354248e-02,1.628207862377166748e-01,1.919330507516860962e-01,-1.118164360523223877e-01,1.187378987669944763e-01,-1.872573494911193848e-01,-1.100287511944770813e-01,-8.863013135851360857e-06,8.224039524793624878e-02,-6.766075640916824341e-02,-9.895864874124526978e-02,1.062326058745384216e-01,1.878871917724609375e-01,1.227175667881965637e-01,-1.933529675006866455e-01,1.203955411911010742e-01,1.899974048137664795e-01,2.356042414903640747e-01,-1.542025953531265259e-01,5.874503869563341141e-03,-1.167497187852859497e-01,1.324124038219451904e-01,2.197841256856918335e-01,1.269814968109130859e-01,-1.744651347398757935e-01,1.296809166669845581e-01,3.616506978869438171e-02,-1.084820479154586792e-01,9.424412250518798828e-02,-8.727746456861495972e-02,-2.031161487102508545e-01,-8.056712150573730469e-02,-9.974876791238784790e-02,2.344081997871398926e-01,3.974686935544013977e-02,1.099022999405860901e-01,2.613099291920661926e-02,-8.199587464332580566e-02
3.841460645198822021e-01,2.475765347480773926e-02,-2.302424311637878418e-01,5.593372508883476257e-02,4.952180385589599609e-01,-2.369036674499511719e-01,8.331718295812606812e-02,6.558132767677307129e-01,1.796510070562362671e-01,2.182125002145767212e-01,-1.181199252605438232e-01,-2.649998962879180908e-01,1.745411455631256104e-01,2.434215843677520752e-01,3.140333592891693115e-01,5.537421107292175293e-01,-4.537960048764944077e-03,1.059710532426834106e-01,-1.290280967950820923e-01,-2.582480907440185547e-01,-4.459846764802932739e-02,1.880961209535598755e-01,9.231779724359512329e-02,-3.705767914652824402e-02,4.965363815426826477e-02,4.307042956352233887e-01,-3.122398555278778076e-01,-5.064886808395385742e-01,4.216923713684082031e-01,-2.318121492862701416e-01,-5.484419316053390503e-02,-2.884359061717987061e-01,-3.555784747004508972e-02,3.028582036495208740e-01,-4.361487552523612976e-02,-4.210262894630432129e-01,2.392109930515289307e-01,3.147976994514465332e-01,-6.485105156898498535e-01,-4.455310106277465820e-01,3.696479499340057373e-01,9.662751853466033936e-02,2.236794084310531616e-01,1.126869842410087585e-01,6.568877398967742920e-02,-2.009993344545364380e-01,-2.757296860218048096e-01,-1.583354771137237549e-01,5.982729047536849976e-02,-1.342714577913284302e-01,-1.997757256031036377e-01,-2.635340690612792969e-01,3.588302433490753174e-01,-8.191376179456710815e-02,-2.321187555789947510e-01,-5.126392841339111328e-01,2.664546072483062744e-01,2.505854144692420959e-02,3.519262187182903290e-03,-1.365889608860015869e-01,-1.263043135404586792e-01,-8.092195540666580200e-02,6.680192891508340836e-04,2.269467115402221680e-01,7.292661815881729126e-02,-7.856728136539459229e-02,-1.363239735364913940e-01,4.535652101039886475e-01,-3.436049222946166992e-01,4.118159711360931396e-01,-5.163064002990722656e-01,-1.054900586605072021e-01,2.324640937149524689e-02,2.809205651283264160e-01,-1.572633832693099976e-01,-4.119854271411895752e-01,-2.536137821152806282e-03,3.916457593441009521e-01,-1.132129784673452377e-02,-3.349246978759765625e-01,3.273142278194427490e-01,8.075177902355790138e-04,-4.827708005905151367e-01,-3.894341178238391876e-03,-5.468013882637023926e-01,-1.966829150915145874e-01,4.961497187614440918e-01,1.169525459408760071e-02,9.819285571575164795e-02,3.673169910907745361e-01,-2.481054961681365967e-01,2.610138058662414551e-01,-9.068339318037033081e-02,-8.074125647544860840e-02,-2.863741219043731689e-01,-3.611245453357696533e-01,3.564904332160949707e-01,-5.317864997778087854e-05,-4.540577828884124756e-01,4.397963881492614746e-01,-5.132691264152526855e-01,5.569449067115783691e-01,-2.764624953269958496e-01,-3.738015592098236084e-01,2.512533366680145264e-01,1.281082779169082642e-01,-4.987868014723062515e-03,-2.289022356271743774e-01,-4.552418887615203857e-01,6.496821064502000809e-03,1.029034256935119629e-01,-3.977372869849205017e-02,-2.140223681926727295e-01,-3.877562284469604492e-02,4.232848882675170898e-01,-3.113489747047424316e-01,5.904005765914916992e-01,6.754848361015319824e-02,-4.917063713073730469e-01,5.314108729362487793e-02,6.147641316056251526e-02,2.683358490467071533e-01,3.021538853645324707e-01,9.545122087001800537e-02,-3.196439445018768311e-01,-7.917159795761108398e-02,2.527238801121711731e-02,2.921138405799865723e-01
7.397412508726119995e-02,5.148179084062576294e-02,-4.013072252273559570e-01,3.471686244010925293e-01,2.335595190525054932e-01,-3.961259499192237854e-02,-7.803525775671005249e-02,1.796510070562362671e-01,4.242702722549438477e-01,3.197206556797027588e-01,-1.391066908836364746e-01,-2.729718983173370361e-01,2.508372068405151367e-01,4.368672668933868408e-01,4.381934106349945068e-01,4.916539490222930908e-01,-4.068913869559764862e-03,2.063000053167343140e-01,-4.282794892787933350e-01,-3.666152358055114746e-01,-4.253411293029785156e-01,4.202777445316314697e-01,2.679284512996673584e-01,-1.189555376768112183e-01,7.723642140626907349e-02,4.323882162570953369e-01,-4.358121752738952637e-01,-7.699090242385864258e-02,3.088070154190063477e-01,5.551664531230926514e-02,1.697429828345775604e-02,-5.940716266632080078e-01,3.589630722999572754e-01,3.300745189189910889e-01,-8.757068775594234467e-03,-4.828169345855712891e-01,3.020103573799133301e-01,3.993127346038818359e-01,-2.520767450332641602e-01,-4.331601858139038086e-01,5.181705355644226074e-01,1.278435289859771729e-01,3.514566719532012939e-01,1.154534593224525452e-01,-1.729477345943450928e-01,-2.325170487165451050e-01,-4.245847165584564209e-01,-1.654045581817626953e-01,6.019777059555053711e-02,2.408424392342567444e-02,-5.211126059293746948e-02,1.238205730915069580e-01,4.472148120403289795e-01,-1.507397592067718506e-01,5.649651959538459778e-02,-5.066916346549987793e-01,2.790136337280273438e-01,2.484087832272052765e-02,-2.506310641765594482e-01,-3.840737044811248779e-01,-1.820925474166870117e-01,1.050946786999702454e-01,1.585924066603183746e-02,1.942802369594573975e-01,1.734511256217956543e-01,-1.348718255758285522e-01,7.800905406475067139e-02,4.345534145832061768e-01,-4.848217368125915527e-01,2.346814610064029694e-02,-3.935994505882263184e-01,1.478418409824371338e-01,-2.530686855316162109e-01,4.419577121734619141e-01,-2.003300786018371582e-01,-4.733326137065887451e-01,-1.505768508650362492e-03,4.551420211791992188e-01,-2.710245549678802490e-01,-4.731814265251159668e-01,5.465368032455444336e-01,1.055278000421822071e-03,-3.504872322082519531e-01,3.633344778791069984e-03,-4.925612807273864746e-01,-3.357735574245452881e-01,1.120371967554092407e-01,7.733405102044343948e-03,3.343277573585510254e-01,3.578238189220428467e-01,-1.758649647235870361e-01,-2.219457179307937622e-01,-4.183406233787536621e-01,2.634243369102478027e-01,-4.719963073730468750e-01,1.107931695878505707e-02,2.599758207798004150e-01,-3.170241689076647162e-05,-3.679806888103485107e-01,3.572248220443725586e-01,-1.988447755575180054e-01,1.692129671573638916e-01,-5.453854203224182129e-01,-4.028542041778564453e-01,5.205620527267456055e-01,1.153497025370597839e-01,-4.850045144557952881e-01,-3.791618049144744873e-01,-4.304844886064529419e-02,-2.292780205607414246e-02,4.962512254714965820e-01,-3.838734626770019531e-01,-4.458863735198974609e-01,9.677036851644515991e-02,4.035971164703369141e-01,-4.549619257450103760e-01,2.232068181037902832e-01,1.155783459544181824e-01,-4.808271527290344238e-01,2.948992252349853516e-01,1.886312812566757202e-01,4.686416387557983398e-01,4.275994598865509033e-01,-2.130292505025863647e-01,-3.588232100009918213e-01,-3.670046925544738770e-01,2.945346350315958261e-04,3.410802781581878662e-01
-1.558881136588752270e-03,5.664817616343498230e-02,-4.916666746139526367e-01,4.213627874851226807e-01,2.729528248310089111e-01,3.578381612896919250e-02,-5.428119376301765442e-02,2.182125002145767212e-01,3.197206556797027588e-01,3.419574499130249023e-01,-1.158444136381149292e-01,-2.831284105777740479e-01,3.383419811725616455e-01,4.502686262130737305e-01,4.775470197200775146e-01,5.313893556594848633e-01,-8.275406435132026672e-03,2.814741134643554688e-01,-4.881800413131713867e-01,-3.942245841026306152e-01,-3.077527582645416260e-01,4.524832367897033691e-01,3.583554327487945557e-01,-1.332864612340927124e-01,7.531047612428665161e-02,4.576172232627868652e-01,-4.955765604972839355e-01,-1.027689576148986816e-01,4.507781863212585449e-01,4.314001649618148804e-03,8.034650236368179321e-02,-5.937350988388061523e-01,3.797571063041687012e-01,4.039242565631866455e-01,-1.468054484575986862e-02,-5.270926356315612793e-01,3.412322103977203369e-01,4.571062624454498291e-01,-3.487795889377593994e-01,-4.123590290546417236e-01,5.095027685165405273e-01,1.029103919863700867e-01,4.497527778148651123e-01,1.391799598932266235e-01,-1.166294813156127930e-01,-3.496986925601959229e-01,-5.059558153152465820e-01,-1.662733554840087891e-01,9.088640101253986359e-03,3.540489822626113892e-02,2.308963565155863762e-03,4.579876363277435303e-02,3.855375647544860840e-01,-1.247609332203865051e-01,-4.736050032079219818e-03,-5.824631452560424805e-01,2.843918502330780029e-01,2.981521561741828918e-02,-3.204059898853302002e-01,-4.273826777935028076e-01,-1.258785575628280640e-01,4.618576169013977051e-02,1.495945919305086136e-02,1.670342683792114258e-01,1.345808953046798706e-01,-1.474220305681228638e-01,1.598309129476547241e-01,4.998850822448730469e-01,-5.150327682495117188e-01,6.163268163800239563e-02,-4.588569998741149902e-01,-1.444419659674167633e-02,-2.062596976757049561e-01,4.765661954879760742e-01,-1.637071371078491211e-01,-5.300462245941162109e-01,-2.366565400734543800e-03,5.525994300842285156e-01,-2.491132766008377075e-01,-4.910061955451965332e-01,5.863968133926391602e-01,1.149632968008518219e-03,-4.218999445438385010e-01,1.219682046212255955e-03,-5.059736371040344238e-01,-4.170881807804107666e-01,1.809786707162857056e-01,9.746084921061992645e-03,3.341236114501953125e-01,3.869067430496215820e-01,-1.792354583740234375e-01,-2.203899323940277100e-01,-4.563038945198059082e-01,2.541564404964447021e-01,-4.940643906593322754e-01,4.287643730640411377e-02,3.588665425777435303e-01,-3.679367000586353242e-05,-3.932748734951019287e-01,3.839996755123138428e-01,-2.328909039497375488e-01,1.601558327674865723e-01,-5.617765784263610840e-01,-4.518218636512756348e-01,5.973768830299377441e-01,1.173507198691368103e-01,-5.013981461524963379e-01,-4.587061107158660889e-01,-7.065037265419960022e-03,-1.876424439251422882e-02,4.191250205039978027e-01,-4.429921507835388184e-01,-4.936494231224060059e-01,5.770245566964149475e-02,5.157569646835327148e-01,-4.888162016868591309e-01,2.337725907564163208e-01,1.895397603511810303e-01,-5.386942625045776367e-01,2.885390818119049072e-01,2.889141440391540527e-01,4.661698639392852783e-01,4.474717378616333008e-01,-2.688562273979187012e-01,-3.788247108459472656e-01,-3.686006963253021240e-01,-1.377485040575265884e-02,4.154388904571533203e-01
-1.851599514484405518e-01,-5.055871326476335526e-03,6.561326980590820312e-02,-1.045211777091026306e-01,-1.073419526219367981e-01,6.581246852874755859e-02,-7.527822256088256836e-02,-1.181199252605438232e-01,-1.391066908836364746e-01,-1.158444136381149292e-01,2.158660888671875000e-01,8.280354738235473633e-02,9.724327176809310913e-02,-1.280477494001388550e-01,-1.005024686455726624e-01,-7.557725906372070312e-02,-2.533624647185206413e-03,-1.037525944411754608e-04,1.316430121660232544e-01,1.354891657829284668e-01,2.703743875026702881e-01,-7.443646341562271118e-02,-2.983289584517478943e-02,-3.052756004035472870e-02,-2.720647491514682770e-02,-2.156610786914825439e-02,2.706643193960189819e-02,-3.036738780792802572e-04,1.696389913558959961e-02,-1.197416451759636402e-03,8.975522965192794800e-02,1.450669020414352417e-01,-1.615374237298965454e-01,-8.357595652341842651e-02,-4.364600405097007751e-03,3.396730870008468628e-02,-4.655759036540985107e-02,-7.835888117551803589e-02,-1.710677705705165863e-02,3.029132783412933350e-01,-2.001412957906723022e-01,-1.240447163581848145e-01,2.905047731474041939e-03,-2.607432380318641663e-02,1.680987924337387085e-01,-1.268647164106369019e-01,1.190506517887115479e-01,8.299127966165542603e-02,-9.376108646392822266e-02,-2.114407159388065338e-02,7.378775626420974731e-02,-3.926785290241241455e-02,-2.980660200119018555e-01,5.940179899334907532e-02,-8.980616182088851929e-02,1.117880567908287048e-01,-1.261661499738693237e-01,-2.952571492642164230e-03,2.763287536799907684e-02,9.466630965471267700e-02,1.794061511754989624e-01,-1.062453910708427429e-01,-7.205603644251823425e-03,-1.634717434644699097e-01,-1.095400899648666382e-01,2.469723857939243317e-02,1.421805173158645630e-01,-7.400327175855636597e-02,8.568280935287475586e-02,-4.282611887902021408e-03,1.389943361282348633e-01,-2.734465301036834717e-01,9.721701592206954956e-02,-8.658690750598907471e-02,1.760785728693008423e-01,1.707788258790969849e-01,-1.913418993353843689e-03,-4.869341105222702026e-02,2.112715989351272583e-01,1.160817518830299377e-01,-1.972224414348602295e-01,-1.997351355385035276e-04,7.872384786605834961e-02,-1.683617243543267250e-03,2.223717272281646729e-01,-3.164115548133850098e-02,-5.613371357321739197e-02,1.061242888681590557e-03,1.171485241502523422e-02,-1.035315692424774170e-01,1.590943038463592529e-01,7.164625078439712524e-02,9.324151277542114258e-02,-5.963389948010444641e-02,1.790110021829605103e-01,1.132532134652137756e-01,-6.703171879053115845e-02,2.167455568269360811e-05,5.725461244583129883e-02,-1.335464566946029663e-01,1.158676147460937500e-01,-6.482271105051040649e-02,1.417392492294311523e-01,8.282815665006637573e-02,-1.119615286588668823e-01,-2.840335071086883545e-01,1.887384057044982910e-01,-1.900785416364669800e-02,9.818213433027267456e-02,7.014703936874866486e-03,-1.558088809251785278e-01,1.243975013494491577e-01,7.971324771642684937e-02,-1.599369049072265625e-01,-7.186748832464218140e-02,1.235226318240165710e-01,-5.692539736628532410e-02,2.783141471445560455e-02,1.699515730142593384e-01,-1.159641444683074951e-01,4.468674212694168091e-02,-2.033812254667282104e-01,-1.559788584709167480e-01,-4.217006266117095947e-02,1.097383797168731689e-01,1.121887937188148499e-01,-2.043906133621931076e-03,-1.126725226640701294e-01
-3.128713369369506836e-02,-4.790708422660827637e-02,4.198703765869140625e-01,-3.488745987415313721e-01,-2.691365480422973633e-01,-8.948962204158306122e-03,5.723630264401435852e-02,-2.649998962879180908e-01,-2.729718983173370361e-01,-2.831284105777740479e-01,8.280354738235473633e-02,2.662628591060638428e-01,-3.008100688457489014e-01,-3.973727226257324219e-01,-4.309830367565155029e-01,-5.064901113510131836e-01,6.361588835716247559e-03,-2.377483546733856201e-01,3.920171558856964111e-01,3.310838639736175537e-01,2.211958318948745728e-01,-3.987816572189331055e-01,-2.974329888820648193e-01,1.218129470944404602e-01,-6.493684649467468262e-02,-4.188566803932189941e-01,4.346735775470733643e-01,1.380649656057357788e-01,-4.269825518131256104e-01,-1.918891328386962414e-03,-5.794559046626091003e-02,5.119090676307678223e-01,-2.733474075794219971e-01,-3.628713488578796387e-01,1.978989131748676300e-02,4.866316616535186768e-01,-3.012286126613616943e-01,-4.043835103511810303e-01,3.806321024894714355e-01,3.729422688484191895e-01,-4.451550841331481934e-01,-8.579710870981216431e-02,-3.881002068519592285e-01,-1.255474984645843506e-01,5.122740566730499268e-02,3.145796954631805420e-01,4.424080550670623779e-01,1.565156579017639160e-01,1.867377432063221931e-03,9.937819093465805054e-03,3.071619383990764618e-02,1.835519680753350258e-03,-3.342321813106536865e-01,1.227998211979866028e-01,4.301562532782554626e-02,5.389486551284790039e-01,-2.667480409145355225e-01,-2.809577435255050659e-02,2.300389409065246582e-01,3.666305243968963623e-01,9.854830801486968994e-02,-1.421075966209173203e-02,-1.168286055326461792e-02,-1.211839616298675537e-01,-1.115658879280090332e-01,1.270382106304168701e-01,-1.175670698285102844e-01,-4.592445194721221924e-01,4.592452049255371094e-01,-8.831482380628585815e-02,4.274660348892211914e-01,5.244053900241851807e-02,1.589004844427108765e-01,-4.314965307712554932e-01,1.170026734471321106e-01,4.572148621082305908e-01,2.341065555810928345e-03,-5.007474422454833984e-01,1.954938173294067383e-01,4.368526637554168701e-01,-5.066669583320617676e-01,-1.060292939655482769e-03,3.969914615154266357e-01,-7.190493051894009113e-04,4.635690748691558838e-01,3.768776357173919678e-01,-1.785942912101745605e-01,-9.769747033715248108e-03,-2.667769193649291992e-01,-3.562633991241455078e-01,1.620888561010360718e-01,1.290729343891143799e-01,3.671742975711822510e-01,-1.847100853919982910e-01,4.196209311485290527e-01,-2.330664778128266335e-03,-3.267415463924407959e-01,3.322437623864971101e-05,3.822385966777801514e-01,-3.513692617416381836e-01,2.446752637624740601e-01,-1.891865730285644531e-01,4.940431118011474609e-01,4.098821580410003662e-01,-4.952513873577117920e-01,-9.899517893791198730e-02,3.840315937995910645e-01,4.062033593654632568e-01,4.874478653073310852e-02,1.285689882934093475e-02,-3.532753586769104004e-01,3.463363945484161377e-01,4.364395141601562500e-01,-3.135689347982406616e-02,-4.770489335060119629e-01,4.231993257999420166e-01,-2.659393548965454102e-01,-1.681822836399078369e-01,4.902225434780120850e-01,-2.322539836168289185e-01,-2.439203262329101562e-01,-3.930303156375885010e-01,-3.858786523342132568e-01,2.055077254772186279e-01,3.515222668647766113e-01,2.985776066780090332e-01,6.149981636554002762e-03,-3.476226925849914551e-01
