4.750369191169738770e-01,1.849740277975797653e-03,-7.255415618419647217e-02,-5.474683828651905060e-03,1.611805409193038940e-01,-5.624807253479957581e-02,7.370561361312866211e-02,2.951589226722717285e-01,6.169981509447097778e-02,1.315840799361467361e-02,-5.212943628430366516e-02,-1.407714188098907471e-02,7.437509950250387192e-03,4.371416568756103516e-01,1.806751340627670288e-01,5.567276105284690857e-02,-4.105935804545879364e-03,-5.094807222485542297e-02,1.316173374652862549e-01,-7.832356728613376617e-03,-1.383964419364929199e-01,-8.028623647987842560e-03,8.835600689053535461e-03,4.633202031254768372e-02,-2.348762191832065582e-02,-9.120427072048187256e-02,5.495348572731018066e-02,-2.407212555408477783e-01,1.565637812018394470e-02,-2.105899751186370850e-01,-1.191274672746658325e-01,2.905599027872085571e-02,-3.997703082859516144e-03,4.488801211118698120e-02,-2.549711801111698151e-02,-2.200816012918949127e-02,-2.247482724487781525e-02,-2.735215239226818085e-03,-2.380971014499664307e-01,-3.250438272953033447e-01,6.440793722867965698e-02,8.210361748933792114e-02,-3.558734431862831116e-02,1.554072648286819458e-02,1.176239326596260071e-01,-1.429542750120162964e-01,-1.294588744640350342e-01,-9.690069407224655151e-02,8.849453181028366089e-03,6.921654194593429565e-02,-3.066648542881011963e-02,-8.011141419410705566e-02,2.896528132259845734e-02,-6.868080794811248779e-02,-3.470765054225921631e-02,-5.458843708038330078e-02,5.499106273055076599e-02,9.629138745367527008e-03,-4.650576971471309662e-03,-1.764700748026371002e-02,6.320837140083312988e-02,-1.346512418240308762e-02,1.254335697740316391e-02,5.619709938764572144e-02,-3.956065326929092407e-02,3.775827586650848389e-02,-3.606076166033744812e-02,1.454823315143585205e-01,-2.770337276160717010e-02,1.232338026165962219e-01,-9.929105639457702637e-02,-1.535780727863311768e-01,6.129164248704910278e-02,5.310244858264923096e-02,-5.696042999625205994e-02,-1.780732125043869019e-01,-5.833411589264869690e-03,5.663395300507545471e-02,-1.696072965860366821e-01,2.186947129666805267e-02,1.994093134999275208e-02,1.203645020723342896e-03,-2.029239535331726074e-01,-6.340116262435913086e-03,-1.788106560707092285e-01,-3.485156223177909851e-02,2.404819428920745850e-01,-2.966781845316290855e-03,-5.802936479449272156e-02,1.211545895785093307e-03,-4.900727048516273499e-02,-1.137457229197025299e-02,1.232893988490104675e-01,-1.148149520158767700e-01,3.638346865773200989e-02,-1.096171140670776367e-01,3.002572655677795410e-01,-2.389696164755150676e-04,-7.166609168052673340e-02,1.390969455242156982e-01,-4.403793439269065857e-02,9.949977695941925049e-02,2.137826383113861084e-02,-6.247818935662508011e-03,-1.369646340608596802e-01,1.944458633661270142e-01,1.260183453559875488e-01,3.556710109114646912e-02,-2.311662584543228149e-01,2.370850183069705963e-02,3.782203793525695801e-02,5.099460482597351074e-02,3.022201731801033020e-02,-2.877047359943389893e-01,6.895724684000015259e-02,-3.916922211647033691e-02,2.845419943332672119e-01,-1.294448375701904297e-01,-2.544785141944885254e-01,-2.536658570170402527e-02,-9.801157563924789429e-02,1.164434701204299927e-01,5.028710886836051941e-02,3.652224317193031311e-02,8.016978949308395386e-02,-1.246321648359298706e-01,-2.579802088439464569e-02,5.102716386318206787e-02
1.849740277975797653e-03,2.014885656535625458e-02,-1.095879748463630676e-01,6.118573620915412903e-02,5.894855409860610962e-02,-1.467580907046794891e-02,-9.084226330742239952e-04,3.917955234646797180e-02,9.496076963841915131e-03,2.424064092338085175e-02,4.441055003553628922e-03,-4.316733777523040771e-02,9.890067577362060547e-02,1.701845042407512665e-02,1.113117933273315430e-01,1.028039082884788513e-01,3.381802001968026161e-03,4.198869317770004272e-02,-4.422898963093757629e-02,-5.211954191327095032e-02,-4.040889814496040344e-02,1.192878261208534241e-01,4.290276393294334412e-02,-1.349253766238689423e-02,1.508728973567485809e-02,1.336607187986373901e-01,-1.212196871638298035e-01,-4.312767088413238525e-02,6.994481384754180908e-02,5.758489016443490982e-03,1.688332483172416687e-02,-1.173967272043228149e-01,8.120487630367279053e-02,4.664691537618637085e-02,-4.031772550661116838e-05,-1.192533895373344421e-01,9.389601647853851318e-03,3.379140049219131470e-02,-5.716137588024139404e-02,-7.793927192687988281e-02,1.103926673531532288e-01,3.728417679667472839e-03,1.067266836762428284e-01,1.261296216398477554e-02,-9.180809371173381805e-03,-3.200894594192504883e-02,-1.165996193885803223e-01,-2.953602187335491180e-02,-7.525597233325242996e-03,1.477084308862686157e-02,-1.443026307970285416e-02,1.381565537303686142e-02,3.890178725123405457e-02,-4.026352893561124802e-03,5.472946912050247192e-03,-1.183024048805236816e-01,2.155888825654983521e-02,1.000236906111240387e-02,-4.067452251911163330e-02,-5.017371103167533875e-02,-1.260774675756692886e-02,8.639261126518249512e-03,4.296488594263792038e-03,2.764458581805229187e-02,1.761350035667419434e-02,-2.678306959569454193e-02,2.454365231096744537e-02,1.127460971474647522e-01,-1.090151369571685791e-01,9.861605241894721985e-03,-6.869328767061233521e-02,3.865368291735649109e-02,-2.842166274785995483e-02,1.103532388806343079e-01,-2.212861552834510803e-02,-7.617701590061187744e-02,-3.200439503416419029e-03,1.253667324781417847e-01,-2.975537255406379700e-02,-1.000612676143646240e-01,1.096610575914382935e-01,1.960639143362641335e-03,-6.691007316112518311e-02,5.465953145176172256e-03,-6.771562248468399048e-02,-1.135906502604484558e-01,-6.147840060293674469e-03,7.374278735369443893e-03,6.933642923831939697e-02,2.164581604301929474e-02,-3.505001589655876160e-02,-2.103051543235778809e-02,-8.397780358791351318e-02,2.543226070702075958e-02,-9.667849540710449219e-02,1.263774838298559189e-02,6.539619714021682739e-02,-2.451233740430325270e-04,-9.265593439340591431e-02,2.184517122805118561e-02,-9.637364186346530914e-03,4.209680482745170593e-02,-1.176079586148262024e-01,-1.832845248281955719e-02,1.262622177600860596e-01,2.029248327016830444e-02,-8.193522691726684570e-02,-1.015920639038085938e-01,-2.146570011973381042e-02,-1.464223302900791168e-02,9.054071456193923950e-02,-1.784939877688884735e-02,-1.001628264784812927e-01,-5.291995592415332794e-03,1.316883414983749390e-01,-1.121607869863510132e-01,4.449889063835144043e-02,4.276449233293533325e-02,-1.146827116608619690e-01,3.423403948545455933e-02,5.100121349096298218e-02,8.978181332349777222e-02,1.110678166151046753e-01,-4.727696999907493591e-02,-9.693031013011932373e-02,-3.411076962947845459e-02,-9.633690351620316505e-04,2.015166543424129486e-02
-7.255415618419647217e-02,-1.095879748463630676e-01,7.278475165367126465e-01,-4.082869887351989746e-01,-3.288526535034179688e-01,1.574464887380599976e-02,-9.333370625972747803e-02,-2.817097008228302002e-01,-3.420609980821609497e-02,-1.644963771104812622e-01,-2.853208780288696289e-02,2.801538109779357910e-01,-5.712195038795471191e-01,-2.014241963624954224e-01,-6.649883985519409180e-01,-6.100578904151916504e-01,-2.961297333240509033e-02,-1.664490997791290283e-01,2.879969477653503418e-01,3.671372830867767334e-01,2.226961553096771240e-01,-7.115008831024169922e-01,-3.530720174312591553e-01,1.699530035257339478e-01,-8.637094497680664062e-02,-7.244069576263427734e-01,6.727449297904968262e-01,2.518625259399414062e-01,-5.298434495925903320e-01,7.766851037740707397e-02,-6.070647388696670532e-02,6.924406886100769043e-01,-5.144927501678466797e-01,-3.505049943923950195e-01,1.305533014237880707e-02,6.984534263610839844e-01,-5.597554519772529602e-02,-2.182092964649200439e-01,4.540290236473083496e-01,5.267148017883300781e-01,-6.562811732292175293e-01,-3.556302189826965332e-02,-6.113143563270568848e-01,-8.619697391986846924e-02,2.677049301564693451e-02,3.058638274669647217e-01,7.352910041809082031e-01,1.970209032297134399e-01,1.481344643980264664e-02,1.626358949579298496e-03,4.373712092638015747e-02,-9.303586930036544800e-02,-2.122169882059097290e-01,1.060921922326087952e-01,-4.234200716018676758e-02,6.996629834175109863e-01,-1.713072508573532104e-01,-6.942318379878997803e-02,1.958528757095336914e-01,3.204425871372222900e-01,1.140935271978378296e-01,-1.075466498732566833e-01,-3.130810707807540894e-02,-2.219738215208053589e-01,-1.268964558839797974e-01,1.597495377063751221e-01,-1.004889979958534241e-01,-6.489820480346679688e-01,6.597022414207458496e-01,-5.228437483310699463e-02,4.904105961322784424e-01,-1.340306401252746582e-01,1.462035328149795532e-01,-6.880111098289489746e-01,1.401655226945877075e-01,4.994467496871948242e-01,1.972464658319950104e-02,-7.867571711540222168e-01,2.463665157556533813e-01,6.427620649337768555e-01,-7.109645605087280273e-01,-1.351265143603086472e-02,4.212413430213928223e-01,-2.821060642600059509e-02,4.764772355556488037e-01,5.933421850204467773e-01,-4.380791261792182922e-02,-4.293005540966987610e-02,-3.932246267795562744e-01,-1.618403196334838867e-01,2.259101569652557373e-01,1.312001049518585205e-01,5.059161782264709473e-01,-1.175273135304450989e-01,6.049336194992065430e-01,-3.078153729438781738e-02,-4.271548092365264893e-01,1.694000791758298874e-03,5.973643064498901367e-01,-2.313894182443618774e-01,1.186354681849479675e-01,-3.353551030158996582e-01,6.953012347221374512e-01,1.218299120664596558e-01,-7.459799051284790039e-01,-2.551023662090301514e-01,5.265542268753051758e-01,6.204693317413330078e-01,1.601712405681610107e-01,8.770009875297546387e-02,-5.317171216011047363e-01,2.177881896495819092e-01,5.920611619949340820e-01,-7.315617054700851440e-02,-7.336573004722595215e-01,6.660258769989013672e-01,-3.293018639087677002e-01,-3.216767907142639160e-01,7.351238131523132324e-01,-2.117092609405517578e-01,-3.384885787963867188e-01,-6.091010570526123047e-01,-6.564207673072814941e-01,2.536733448505401611e-01,6.106853485107421875e-01,3.276192545890808105e-01,-1.896988414227962494e-02,-1.974299252033233643e-01
-5.474683828651905060e-03,6.118573620915412903e-02,-4.082869887351989746e-01,4.275935292243957520e-01,1.531072854995727539e-01,6.277244538068771362e-02,-2.829688787460327148e-02,1.704021245241165161e-01,1.099810469895601273e-03,9.147801250219345093e-02,-6.421260535717010498e-02,-1.836225092411041260e-01,2.562152445316314697e-01,1.463594585657119751e-01,4.060634076595306396e-01,3.269236087799072266e-01,2.532186545431613922e-02,1.934592276811599731e-01,-2.088484764099121094e-01,-1.554992049932479858e-01,-3.007171750068664551e-01,4.946435391902923584e-01,1.745709478855133057e-01,-1.745251715183258057e-01,7.544717937707901001e-02,4.422333240509033203e-01,-3.916273415088653564e-01,-1.446465402841567993e-02,1.725174188613891602e-01,1.047648191452026367e-01,2.899543754756450653e-02,-5.182455778121948242e-01,4.000859558582305908e-01,1.463171094655990601e-01,6.065243389457464218e-03,-4.360165297985076904e-01,5.870629847049713135e-02,1.145876049995422363e-01,-9.859597682952880859e-02,-4.494366049766540527e-01,4.524092674255371094e-01,3.969159722328186035e-02,3.335384428501129150e-01,4.489126801490783691e-02,-5.720346048474311829e-02,1.901772990822792053e-02,-4.019185602664947510e-01,-1.856911331415176392e-01,-3.274750709533691406e-02,7.580038160085678101e-02,-5.039719864726066589e-02,7.608307898044586182e-02,2.221103012561798096e-01,-1.670307517051696777e-01,1.567769497632980347e-01,-4.310559928417205811e-01,1.006928831338882446e-01,3.301199153065681458e-02,-4.956421256065368652e-02,-2.380378097295761108e-01,-1.452359408140182495e-01,9.079046547412872314e-02,2.434829249978065491e-02,1.593096703290939331e-01,9.726534783840179443e-02,-1.033204197883605957e-01,5.971497297286987305e-02,4.161835014820098877e-01,-3.854249119758605957e-01,-2.978504076600074768e-02,-2.856058180332183838e-01,2.923344969749450684e-01,-1.509719789028167725e-01,4.339537918567657471e-01,-8.663312345743179321e-02,-3.140924274921417236e-01,-1.618593581952154636e-03,4.658835530281066895e-01,-3.175288140773773193e-01,-4.220831692218780518e-01,5.606520175933837891e-01,8.324054069817066193e-03,-1.480182409286499023e-01,2.225987240672111511e-02,-3.406188488006591797e-01,-2.741690278053283691e-01,-1.904209107160568237e-01,2.300578542053699493e-02,1.713602691888809204e-01,9.397699683904647827e-02,-1.034629270434379578e-01,-1.688668727874755859e-01,-4.397008121013641357e-01,1.858586519956588745e-01,-4.227948784828186035e-01,1.395961176604032516e-02,2.037694454193115234e-01,-1.002385164611041546e-03,-3.013491928577423096e-01,1.433875411748886108e-01,-2.827922068536281586e-02,9.100672602653503418e-02,-5.014221072196960449e-01,-6.438420712947845459e-02,5.038100481033325195e-01,2.762320637702941895e-01,-4.773460030555725098e-01,-3.950529396533966064e-01,1.522940397262573242e-02,-5.580461025238037109e-02,5.255098342895507812e-01,-2.006109654903411865e-01,-4.459386467933654785e-01,6.816958636045455933e-02,4.535864293575286865e-01,-3.599334359169006348e-01,8.584564924240112305e-02,1.759836226701736450e-01,-4.911488890647888184e-01,1.745046377182006836e-01,1.549266576766967773e-01,3.671291470527648926e-01,4.267462491989135742e-01,-1.602134853601455688e-01,-3.801034688949584961e-01,-1.667485386133193970e-01,1.270908280275762081e-03,1.222359612584114075e-01
1.611805409193038940e-01,5.894855409860610962e-02,-3.288526535034179688e-01,1.531072854995727539e-01,2.551235556602478027e-01,-6.395855545997619629e-02,3.054377809166908264e-02,2.243060916662216187e-01,3.312201797962188721e-02,7.082279771566390991e-02,-1.952911145053803921e-03,-1.223941147327423096e-01,2.874812185764312744e-01,1.587010622024536133e-01,3.807317316532135010e-01,3.181531131267547607e-01,3.966664429754018784e-03,1.012163758277893066e-01,-7.749392837285995483e-02,-1.563087105751037598e-01,-1.187690645456314087e-01,3.264026045799255371e-01,1.048988550901412964e-01,1.068758498877286911e-02,2.983977459371089935e-02,3.417461514472961426e-01,-3.400676250457763672e-01,-2.286032289266586304e-01,2.284892201423645020e-01,-9.066020697355270386e-02,1.826484501361846924e-02,-2.908739745616912842e-01,2.097768932580947876e-01,1.406011730432510376e-01,-8.950942195951938629e-03,-3.339126706123352051e-01,1.426289323717355728e-02,9.607954323291778564e-02,-2.739901244640350342e-01,-3.104046583175659180e-01,3.278820514678955078e-01,3.867492824792861938e-02,2.987985908985137939e-01,4.230980575084686279e-02,3.254486620426177979e-02,-1.520480960607528687e-01,-3.823083043098449707e-01,-1.112875342369079590e-01,-1.864176802337169647e-02,8.290722221136093140e-02,-5.048144608736038208e-02,-3.901883726939558983e-03,1.103336066007614136e-01,-5.398175679147243500e-03,-2.157893776893615723e-02,-3.602810800075531006e-01,7.077850401401519775e-02,3.153752908110618591e-02,-1.489710956811904907e-01,-1.386464089155197144e-01,6.904765032231807709e-03,3.073542844504117966e-03,1.478320360183715820e-02,9.227089583873748779e-02,3.698367252945899963e-02,-5.961839482188224792e-02,7.410577684640884399e-02,3.738248348236083984e-01,-2.944423854351043701e-01,9.590006619691848755e-02,-2.304073721170425415e-01,2.614288777112960815e-02,-3.698005154728889465e-02,3.175489008426666260e-01,-7.920067757368087769e-02,-2.964701056480407715e-01,-1.242710929363965988e-02,3.654811680316925049e-01,-1.149496808648109436e-01,-2.639048695564270020e-01,2.881714701652526855e-01,5.490469280630350113e-03,-2.852921187877655029e-01,1.293571945279836655e-02,-2.507305443286895752e-01,-3.633330464363098145e-01,1.003256514668464661e-01,2.014405466616153717e-02,1.859341412782669067e-01,5.774131789803504944e-02,-1.343587934970855713e-01,-4.739464819431304932e-02,-1.657454371452331543e-01,7.709458004683256149e-03,-2.473309934139251709e-01,8.667283691465854645e-03,3.243802785873413086e-01,-7.470587152056396008e-04,-2.859764695167541504e-01,9.865504503250122070e-02,-4.100521653890609741e-02,1.618638187646865845e-01,-3.056206107139587402e-01,-5.485024303197860718e-02,3.050577938556671143e-01,1.123744845390319824e-01,-1.635527312755584717e-01,-2.719655930995941162e-01,-1.623760014772415161e-01,-3.145141527056694031e-02,2.110716253519058228e-01,-7.021587807685136795e-03,-2.556280493736267090e-01,-1.383484601974487305e-01,4.218934476375579834e-01,-3.425776660442352295e-01,2.322254627943038940e-01,6.936873495578765869e-02,-4.010465145111083984e-01,7.862460613250732422e-02,1.322362273931503296e-01,2.822032272815704346e-01,3.286397457122802734e-01,-1.265841275453567505e-01,-2.342026680707931519e-01,-1.115749850869178772e-01,-1.646582409739494324e-02,7.682087272405624390e-02
-5.624807253479957581e-02,-1.467580907046794891e-02,1.574464887380599976e-02,6.277244538068771362e-02,-6.395855545997619629e-02,1.918973624706268311e-01,-1.364791765809059143e-02,2.913359552621841431e-02,-1.040567159652709961e-01,-3.099375963211059570e-02,5.802725441753864288e-03,1.331700943410396576e-02,-1.105385273694992065e-01,1.534664537757635117e-02,-6.922544538974761963e-02,-8.410100638866424561e-02,-3.928252961486577988e-03,-2.300840616226196289e-02,3.263361286371946335e-03,6.363733671605587006e-03,1.033644601702690125e-01,-2.585333585739135742e-02,4.309399798512458801e-02,-1.479621790349483490e-02,-8.515284396708011627e-03,-1.384978592395782471e-01,6.192848831415176392e-02,8.081492036581039429e-02,3.686808422207832336e-02,-2.040293440222740173e-02,3.338457643985748291e-02,7.049515098333358765e-02,-6.474691629409790039e-02,3.248212113976478577e-02,-7.156136445701122284e-03,6.602557003498077393e-02,3.876496572047472000e-03,-2.706985175609588623e-02,7.623118162155151367e-02,-1.827199198305606842e-02,-1.154850050806999207e-01,-1.293448358774185181e-02,-3.400207264348864555e-03,-1.301929587498307228e-03,7.189147919416427612e-02,5.960061401128768921e-02,7.622136175632476807e-02,-2.969310386106371880e-03,-4.261231794953346252e-02,-4.202395677566528320e-02,8.582051843404769897e-02,-8.721062541007995605e-02,-1.699688285589218140e-02,-8.171357214450836182e-02,-2.149350242689251900e-03,3.610987961292266846e-02,4.407633095979690552e-03,-3.629445331171154976e-03,7.297019660472869873e-02,1.674745231866836548e-02,1.096550561487674713e-02,-1.331895962357521057e-02,-1.178374513983726501e-03,-9.609820693731307983e-02,-1.077882014214992523e-02,2.640279196202754974e-02,-4.708726890385150909e-03,-5.680397897958755493e-02,7.626402378082275391e-02,-1.362645905464887619e-02,2.998722344636917114e-02,-1.001515313982963562e-01,2.331364154815673828e-02,-6.956586986780166626e-02,5.054971948266029358e-02,4.447627812623977661e-02,7.710583508014678955e-03,-6.100364401936531067e-02,1.775783603079617023e-03,4.206989705562591553e-02,-2.143964543938636780e-02,-4.365960194263607264e-04,3.726341575384140015e-02,-7.225380279123783112e-03,6.035064533352851868e-02,1.346733570098876953e-01,-2.378531172871589661e-02,-3.984843846410512924e-03,-1.316823512315750122e-01,-7.858912460505962372e-03,3.245946019887924194e-02,3.938438894692808390e-04,1.455176994204521179e-02,2.428898215293884277e-02,6.178769096732139587e-02,-4.959516599774360657e-02,-1.866104267537593842e-02,1.396074512740597129e-04,3.836178407073020935e-02,-5.620916187763214111e-02,-2.402026392519474030e-02,-9.774229675531387329e-02,6.789656728506088257e-02,1.371980831027030945e-02,-7.628171890974044800e-02,1.094107404351234436e-01,1.749665290117263794e-02,4.093869775533676147e-02,1.317954957485198975e-01,1.163436286151409149e-02,-2.554402500391006470e-02,-7.313643395900726318e-02,1.850394904613494873e-02,8.150684088468551636e-02,-3.639341890811920166e-02,1.144260019063949585e-01,-3.901438042521476746e-02,1.411348301917314529e-02,6.070588901638984680e-02,-1.403013151139020920e-02,-1.289072632789611816e-02,-6.456822156906127930e-02,-7.022408396005630493e-02,5.267346277832984924e-02,-1.558276638388633728e-02,5.135969072580337524e-02,2.693532267585396767e-03,3.299645334482192993e-02
7.370561361312866211e-02,-9.084226330742239952e-04,-9.333370625972747803e-02,-2.829688787460327148e-02,3.054377809166908264e-02,-1.364791765809059143e-02,1.208078861236572266e-01,2.680247463285923004e-02,6.619829684495925903e-03,2.500095032155513763e-02,2.696116454899311066e-03,-6.973383016884326935e-03,2.205729112029075623e-02,3.166291490197181702e-02,3.799376636743545532e-02,2.680987864732742310e-02,3.266815096139907837e-03,-7.651647925376892090e-02,-1.371528115123510361e-02,-5.788025259971618652e-02,1.531260553747415543e-02,2.012445218861103058e-02,3.537172079086303711e-02,-1.356454286724328995e-02,-8.494405075907707214e-03,3.103066608309745789e-02,-1.266799587756395340e-02,-5.604689940810203552e-02,1.020326539874076843e-01,-1.406498551368713379e-01,-2.235183306038379669e-02,-1.595444791018962860e-02,3.019601106643676758e-02,2.223451994359493256e-02,-6.682583596557378769e-03,-1.676501892507076263e-02,-9.471749886870384216e-03,2.012970484793186188e-02,-1.493975371122360229e-01,-3.319560736417770386e-02,5.699822306632995605e-02,1.715694926679134369e-02,-2.820495748892426491e-03,8.838426321744918823e-03,-4.097205586731433868e-03,-1.247259899973869324e-01,-9.524235129356384277e-02,-3.299825824797153473e-03,4.799428209662437439e-02,-2.589427493512630463e-02,1.754395291209220886e-02,3.015454299747943878e-02,-3.001917712390422821e-02,1.022828090935945511e-02,-2.378843724727630615e-02,-2.631758525967597961e-02,1.153984479606151581e-02,6.097355391830205917e-03,-4.067635163664817810e-02,-5.272531998343765736e-04,-1.412194501608610153e-02,3.344777971506118774e-02,3.141403431072831154e-03,8.709124475717544556e-02,2.276033908128738403e-02,-1.151697593741118908e-03,-2.270543202757835388e-02,2.473817020654678345e-02,-2.543598972260951996e-02,3.914262354373931885e-02,-6.695761531591415405e-02,-7.821109890937805176e-02,4.542843997478485107e-02,4.599973931908607483e-02,-2.646268531680107117e-02,-9.482388198375701904e-02,-5.435915663838386536e-03,9.303613752126693726e-02,-2.278865687549114227e-02,-3.151437640190124512e-02,5.005012825131416321e-02,6.726158317178487778e-04,-6.532929837703704834e-02,-2.820876194164156914e-03,-7.851406186819076538e-02,-1.756739616394042969e-02,1.549026817083358765e-01,-6.951029063202440739e-04,3.835166245698928833e-02,2.002874389290809631e-02,-4.295641183853149414e-02,1.586958020925521851e-02,1.825065165758132935e-02,-6.222947686910629272e-02,-2.934055775403976440e-02,-2.253136597573757172e-02,7.252541929483413696e-02,-1.960741501534357667e-04,-3.807748481631278992e-02,8.921022713184356689e-02,-3.788450360298156738e-02,1.245479360222816467e-01,-1.724951341748237610e-02,-1.280223950743675232e-02,7.394026964902877808e-02,5.393186211585998535e-02,-1.993978209793567657e-02,-1.403646543622016907e-02,-1.283824890851974487e-01,-1.067570177838206291e-03,-6.435998529195785522e-02,-4.429253563284873962e-02,3.656120970845222473e-02,3.214289247989654541e-02,2.750501781702041626e-02,-7.082842290401458740e-02,8.106800168752670288e-02,2.575578726828098297e-02,-9.513317048549652100e-02,-7.405444979667663574e-03,5.577057600021362305e-02,7.878743857145309448e-02,2.437076158821582794e-02,8.212096290662884712e-04,8.125985041260719299e-03,-9.213297814130783081e-02,1.469422597438097000e-02,6.061685457825660706e-02
2.951589226722717285e-01,3.917955234646797180e-02,-2.817097008228302002e-01,1.704021245241165161e-01,2.243060916662216187e-01,2.913359552621841431e-02,2.680247463285923004e-02,3.883996307849884033e-01,-1.160248089581727982e-02,4.149976745247840881e-02,5.095930304378271103e-03,-1.138158813118934631e-01,2.046481221914291382e-01,3.323156535625457764e-01,3.658776283264160156e-01,2.571343183517456055e-01,1.691270503215491772e-03,3.790067508816719055e-02,-5.012901034206151962e-03,-1.162558570504188538e-01,-3.962732106447219849e-02,2.786224782466888428e-01,1.312332600355148315e-01,-3.484877571463584900e-02,1.209780760109424591e-02,1.796730905771255493e-01,-2.330845594406127930e-01,-2.183373272418975830e-01,2.557084560394287109e-01,-1.360862404108047485e-01,-2.490827254951000214e-02,-1.928786933422088623e-01,1.010759249329566956e-01,1.889598071575164795e-01,-3.005563095211982727e-02,-2.856180369853973389e-01,3.099728608503937721e-03,7.172226160764694214e-02,-3.120283484458923340e-01,-4.011974334716796875e-01,2.230753302574157715e-01,4.771533980965614319e-02,2.252297401428222656e-01,4.249008744955062866e-02,1.754218488931655884e-01,-1.804357618093490601e-01,-3.496576845645904541e-01,-1.218701303005218506e-01,-4.135044291615486145e-02,1.070671807974576950e-02,-3.368977224454283714e-03,-8.968630433082580566e-02,8.939024806022644043e-02,-1.097310185432434082e-01,-5.558530986309051514e-02,-3.274249732494354248e-01,1.075521558523178101e-01,3.428044170141220093e-02,-2.775196172297000885e-02,-1.184675619006156921e-01,3.789616003632545471e-02,-1.286501716822385788e-02,1.544493809342384338e-02,-2.649877034127712250e-02,9.236036799848079681e-03,-2.244492620229721069e-02,2.454227395355701447e-02,3.116289675235748291e-01,-2.446058243513107300e-01,7.106018811464309692e-02,-2.298708558082580566e-01,-1.373282968997955322e-01,-8.790798485279083252e-03,2.836887538433074951e-01,-3.929869830608367920e-02,-2.176873236894607544e-01,-8.053189143538475037e-03,3.110844790935516357e-01,-1.534087955951690674e-01,-2.152818888425827026e-01,2.383605241775512695e-01,5.503404419869184494e-03,-2.915618717670440674e-01,6.185145583003759384e-03,-2.198840528726577759e-01,-2.597728669643402100e-01,1.151112392544746399e-01,1.581401564180850983e-02,5.349824950098991394e-02,5.580003932118415833e-02,-1.049533933401107788e-01,-2.489903382956981659e-02,-6.455751508474349976e-02,-5.574588477611541748e-02,-1.624980866909027100e-01,-5.958480387926101685e-02,3.515602946281433105e-01,-6.578369648195803165e-04,-2.674792408943176270e-01,1.041373685002326965e-01,-7.788254320621490479e-02,1.218941733241081238e-01,-2.308160513639450073e-01,-4.515169933438301086e-02,1.646988689899444580e-01,2.086285501718521118e-01,-3.996252268552780151e-02,-2.152895033359527588e-01,-1.071198359131813049e-01,-7.612716872245073318e-03,1.982718110084533691e-01,-2.047403249889612198e-04,-2.200326919555664062e-01,-1.638097018003463745e-01,3.780401647090911865e-01,-2.404760122299194336e-01,2.836196720600128174e-01,3.812253847718238831e-02,-4.126507341861724854e-01,4.564628750085830688e-02,4.913431778550148010e-02,2.397510260343551636e-01,2.428309172391891479e-01,-1.424174942076206207e-02,-2.070734649896621704e-01,-1.064817383885383606e-01,-2.113410457968711853e-02,8.479322493076324463e-02
6.169981509447097778e-02,9.496076963841915131e-03,-3.420609980821609497e-02,1.099810469895601273e-03,3.312201797962188721e-02,-1.040567159652709961e-01,6.619829684495925903e-03,-1.160248089581727982e-02,7.945194840431213379e-02,2.680061757564544678e-02,-2.351959422230720520e-02,-1.973358355462551117e-02,6.626704335212707520e-02,4.701789095997810364e-02,6.716164201498031616e-02,5.671299993991851807e-02,7.036685012280941010e-03,1.915245316922664642e-02,-8.354975841939449310e-03,-3.309004474431276321e-03,-1.388463079929351807e-01,4.276965931057929993e-02,-1.060618180781602859e-02,-2.126805670559406281e-02,1.152020320296287537e-02,9.647373110055923462e-02,-3.623480722308158875e-02,-3.565171733498573303e-02,-4.604758694767951965e-02,2.861734293401241302e-02,-4.070575907826423645e-02,-9.317019581794738770e-02,8.517197519540786743e-02,-1.664205640554428101e-02,5.798551719635725021e-03,-5.896683782339096069e-02,3.460826817899942398e-03,1.794253662228584290e-02,-3.225680440664291382e-02,-5.178930982947349548e-02,1.053341925144195557e-01,1.985375769436359406e-02,-3.997634164988994598e-03,2.131575252860784531e-03,-6.786701828241348267e-02,-2.280848287045955658e-02,-6.005923822522163391e-02,-2.351565100252628326e-02,2.863673120737075806e-02,3.335682675242424011e-02,-6.472927331924438477e-02,6.790798902511596680e-02,3.599248081445693970e-02,1.192200649529695511e-02,3.987086936831474304e-02,-3.466897830367088318e-02,5.085689015686511993e-03,2.758679213002324104e-03,-2.495179139077663422e-02,-3.067768551409244537e-02,-3.389799967408180237e-02,3.099411167204380035e-02,4.459194839000701904e-03,9.469584375619888306e-02,1.070832926779985428e-02,-2.031392417848110199e-02,-6.761711556464433670e-03,6.122854724526405334e-02,-6.680741161108016968e-02,-9.722427348606288433e-04,-3.633549064397811890e-02,1.035029515624046326e-01,-3.153984248638153076e-02,6.984179466962814331e-02,-4.456378147006034851e-02,-5.181797221302986145e-02,-3.347697202116250992e-03,6.421878933906555176e-02,-6.152866035699844360e-02,-5.060827359557151794e-02,7.082222402095794678e-02,9.630415588617324829e-04,-1.172003988176584244e-02,5.124870222061872482e-03,-7.574294507503509521e-02,-6.217474117875099182e-02,-1.130267698317766190e-02,2.039197366684675217e-03,7.616438716650009155e-02,1.106928102672100067e-02,-1.769465953111648560e-02,-2.838497981429100037e-02,-4.716793447732925415e-02,1.259045116603374481e-02,-6.564536690711975098e-02,1.719994656741619110e-02,1.753948628902435303e-02,-1.647526805754750967e-04,-3.728098422288894653e-02,6.405398249626159668e-02,1.487482432276010513e-02,6.403040885925292969e-02,-7.719579339027404785e-02,-1.043093018233776093e-02,6.429168581962585449e-02,-1.489039231091737747e-02,-6.357632577419281006e-02,-3.601780906319618225e-02,-8.044984936714172363e-02,-9.905768558382987976e-03,9.111210703849792480e-02,8.008280768990516663e-03,-4.215890541672706604e-02,-4.587526619434356689e-02,2.044642530381679535e-02,-7.905187457799911499e-02,2.762696892023086548e-02,-4.871181212365627289e-03,-8.518645167350769043e-02,2.589856460690498352e-02,-7.798521779477596283e-03,7.049769908189773560e-02,6.846464425325393677e-02,-4.091705009341239929e-02,-6.416116375476121902e-03,-7.387168705463409424e-02,9.804895380511879921e-04,-7.361324038356542587e-03
1.315840799361467361e-02,2.424064092338085175e-02,-1.644963771104812622e-01,9.147801250219345093e-02,7.082279771566390991e-02,-3.099375963211059570e-02,2.500095032155513763e-02,4.149976745247840881e-02,2.680061757564544678e-02,4.347778856754302979e-02,-5.386533215641975403e-03,-6.353076547384262085e-02,1.339367181062698364e-01,3.500973060727119446e-02,1.557871103286743164e-01,1.391516476869583130e-01,8.998391218483448029e-03,4.044954106211662292e-02,-7.179521769285202026e-02,-7.564529031515121460e-02,-9.072364121675491333e-02,1.707563847303390503e-01,6.593125313520431519e-02,-4.885574057698249817e-02,2.274119481444358826e-02,1.958039700984954834e-01,-1.575006395578384399e-01,-4.518947005271911621e-02,9.434372931718826294e-02,-1.851552980951964855e-03,3.787808353081345558e-03,-1.853312253952026367e-01,1.400167196989059448e-01,5.887923017144203186e-02,8.785858517512679100e-04,-1.676017194986343384e-01,1.407760195434093475e-02,5.068730562925338745e-02,-9.476142376661300659e-02,-1.214559599757194519e-01,1.775507032871246338e-01,1.300849672406911850e-02,1.216994747519493103e-01,1.779356785118579865e-02,-3.513834998011589050e-02,-6.043209508061408997e-02,-1.761300265789031982e-01,-4.691962525248527527e-02,9.618161246180534363e-03,1.120813470333814621e-02,-2.920198440551757812e-02,4.835645481944084167e-02,5.681341886520385742e-02,-1.842771470546722412e-02,2.770833484828472137e-02,-1.596866548061370850e-01,3.292874619364738464e-02,1.423157565295696259e-02,-4.743088409304618835e-02,-7.558643817901611328e-02,-4.452239349484443665e-02,3.637412190437316895e-02,7.681407500058412552e-03,8.451261371374130249e-02,3.512904047966003418e-02,-4.095342382788658142e-02,1.862188614904880524e-02,1.504185646772384644e-01,-1.550952196121215820e-01,5.000134930014610291e-03,-1.120083257555961609e-01,7.341105490922927856e-02,-4.050150886178016663e-02,1.688712090253829956e-01,-4.216983169317245483e-02,-1.207482516765594482e-01,-4.601111635565757751e-03,1.963003575801849365e-01,-7.447661459445953369e-02,-1.552092134952545166e-01,1.884962320327758789e-01,3.005337901413440704e-03,-7.679130136966705322e-02,7.729575037956237793e-03,-1.229020953178405762e-01,-1.384191215038299561e-01,-6.411296315491199493e-03,9.159663692116737366e-03,1.069854870438575745e-01,3.748795390129089355e-02,-5.242028087377548218e-02,-3.916534036397933960e-02,-1.297654807567596436e-01,3.313939273357391357e-02,-1.530356258153915405e-01,1.619966886937618256e-02,8.171878755092620850e-02,-3.991315606981515884e-04,-1.269669383764266968e-01,6.883717328310012817e-02,-1.743612624704837799e-02,8.884824812412261963e-02,-1.801759153604507446e-01,-2.811653539538383484e-02,2.029004991054534912e-01,5.009910091757774353e-02,-1.502866894006729126e-01,-1.424108296632766724e-01,-5.240945518016815186e-02,-2.225622162222862244e-02,1.435850709676742554e-01,-5.235720053315162659e-02,-1.365795284509658813e-01,1.983368955552577972e-02,1.663360148668289185e-01,-1.682752966880798340e-01,5.977480486035346985e-02,7.045148313045501709e-02,-1.848401427268981934e-01,5.440014228224754333e-02,7.446414232254028320e-02,1.464302688837051392e-01,1.603517383337020874e-01,-6.700754165649414062e-02,-1.307390183210372925e-01,-8.831413835287094116e-02,5.797456949949264526e-03,4.087780788540840149e-02
-5.212943628430366516e-02,4.441055003553628922e-03,-2.853208780288696289e-02,-6.421260535717010498e-02,-1.952911145053803921e-03,5.802725441753864288e-03,2.696116454899311066e-03,5.095930304378271103e-03,-2.351959422230720520e-02,-5.386533215641975403e-03,7.248102128505706787e-02,-3.371985629200935364e-03,6.549001485109329224e-02,-4.885035380721092224e-02,3.328548744320869446e-03,3.534871712327003479e-02,-4.555013496428728104e-03,-2.819414995610713959e-02,-2.964207087643444538e-04,-3.702743723988533020e-02,1.545680612325668335e-01,1.381954643875360489e-02,4.783459752798080444e-02,1.655373349785804749e-02,-7.217893842607736588e-03,3.899994120001792908e-02,-5.335407704114913940e-02,-3.184844180941581726e-02,1.195636391639709473e-01,-2.722057327628135681e-02,3.574737906455993652e-02,2.305776625871658325e-02,-6.855800002813339233e-02,6.973747164011001587e-02,-9.700271300971508026e-03,-3.946658596396446228e-02,-7.296987343579530716e-03,1.291956286877393723e-02,-5.802096799015998840e-02,8.704192191362380981e-02,-4.479161649942398071e-02,-3.154820948839187622e-02,6.891395151615142822e-02,4.960975609719753265e-03,5.844917148351669312e-02,-8.930369466543197632e-02,-3.588390350341796875e-02,4.888118803501129150e-02,-1.540768425911664963e-02,-8.245617896318435669e-02,3.484687209129333496e-02,-3.642158582806587219e-02,-4.909946024417877197e-02,3.748087957501411438e-02,-8.219442516565322876e-02,-3.706597909331321716e-02,1.198418345302343369e-02,7.650854997336864471e-03,-5.523814354091882706e-03,1.618708111345767975e-02,4.656377434730529785e-02,-2.650633454322814941e-02,-5.148234777152538300e-03,-9.113434702157974243e-02,-1.226387266069650650e-02,-2.046255161985754967e-03,1.092729438096284866e-02,-1.784030720591545105e-02,-3.862985223531723022e-02,-5.046068690717220306e-03,3.015737282112240791e-03,-1.272309720516204834e-01,1.149993017315864563e-02,1.824671588838100433e-02,2.916250750422477722e-02,6.899300217628479004e-02,-3.421250730752944946e-03,3.793397173285484314e-02,1.268590986728668213e-01,-1.456906087696552277e-02,-4.291901737451553345e-02,3.723884874489158392e-04,-3.845480829477310181e-02,-1.296695787459611893e-03,7.999978214502334595e-02,-6.531942635774612427e-02,4.197774082422256470e-02,4.595322534441947937e-03,2.563028410077095032e-02,6.192510481923818588e-03,-1.600960036739706993e-03,5.480892211198806763e-02,4.444026201963424683e-02,-4.094492644071578979e-02,1.586296968162059784e-02,1.284269988536834717e-02,-1.338919624686241150e-02,1.898073242045938969e-05,-4.575886949896812439e-02,-5.148915946483612061e-02,-2.843670733273029327e-02,1.288360916078090668e-02,4.527771379798650742e-03,-5.738546606153249741e-03,1.952737383544445038e-02,-9.015507251024246216e-02,7.572859525680541992e-02,-2.941364236176013947e-02,3.515696898102760315e-02,-1.058750087395310402e-03,-7.034712284803390503e-02,3.482427820563316345e-02,-1.600325340405106544e-03,3.695875778794288635e-02,4.497773945331573486e-02,-2.291797101497650146e-02,2.347691729664802551e-02,4.559876769781112671e-02,3.164567053318023682e-02,-1.849912479519844055e-02,3.535561636090278625e-02,-1.917763613164424896e-02,-6.787457503378391266e-03,1.820666901767253876e-02,-5.990245565772056580e-02,2.446405217051506042e-02,6.163158454000949860e-03,-1.483811344951391220e-02
-1.407714188098907471e-02,-4.316733777523040771e-02,2.801538109779357910e-01,-1.836225092411041260e-01,-1.223941147327423096e-01,1.331700943410396576e-02,-6.973383016884326935e-03,-1.138158813118934631e-01,-1.973358355462551117e-02,-6.353076547384262085e-02,-3.371985629200935364e-03,1.168404370546340942e-01,-2.317278534173965454e-01,-7.752728462219238281e-02,-2.799376547336578369e-01,-2.461382299661636353e-01,-1.355704106390476227e-02,-8.516427129507064819e-02,1.175306811928749084e-01,1.254376769065856934e-01,1.142958626151084900e-01,-3.105882108211517334e-01,-1.287875920534133911e-01,8.812907338142395020e-02,-3.979443386197090149e-02,-3.221939206123352051e-01,2.830186486244201660e-01,7.181487232446670532e-02,-1.837300211191177368e-01,-1.891487836837768555e-02,-1.928246952593326569e-02,3.115792274475097656e-01,-2.138558179140090942e-01,-1.293293535709381104e-01,3.182483371347188950e-03,3.046239912509918213e-01,-2.570560574531555176e-02,-8.584179729223251343e-02,1.489326953887939453e-01,2.258715182542800903e-01,-2.795293629169464111e-01,-1.419101748615503311e-02,-2.375566512346267700e-01,-3.239715844392776489e-02,1.224307157099246979e-02,8.964751660823822021e-02,3.012571334838867188e-01,8.285277336835861206e-02,1.135168783366680145e-02,-2.760937437415122986e-03,3.550349920988082886e-02,-4.436346143484115601e-02,-1.025596633553504944e-01,5.558039993047714233e-02,-3.406746312975883484e-02,2.961733639240264893e-01,-6.863377243280410767e-02,-2.706697955727577209e-02,5.546302720904350281e-02,1.348118484020233154e-01,5.807117372751235962e-02,-4.437556490302085876e-02,-1.253358926624059677e-02,-7.785679399967193604e-02,-5.139888823032379150e-02,6.754028052091598511e-02,-3.857477754354476929e-02,-2.626422047615051270e-01,2.735350728034973145e-01,3.805780550464987755e-03,1.895337104797363281e-01,-9.509619325399398804e-02,7.802271842956542969e-02,-2.950542271137237549e-01,5.279503390192985535e-02,1.739831268787384033e-01,6.243683397769927979e-03,-3.325902521610260010e-01,1.156554818153381348e-01,2.742095291614532471e-01,-3.176867365837097168e-01,-5.479168612509965897e-03,1.388406455516815186e-01,-1.344260852783918381e-02,1.845878362655639648e-01,2.453978508710861206e-01,4.780585691332817078e-02,-1.747084595263004303e-02,-1.565547734498977661e-01,-6.404341012239456177e-02,8.091458678245544434e-02,6.323123723268508911e-02,2.195891737937927246e-01,-6.173619627952575684e-02,2.547009885311126709e-01,-2.229562401771545410e-02,-1.443423628807067871e-01,6.596056045964360237e-04,2.322577387094497681e-01,-8.570063114166259766e-02,3.522982448339462280e-02,-1.131697818636894226e-01,3.125795125961303711e-01,4.746552929282188416e-02,-3.298432528972625732e-01,-9.444790333509445190e-02,2.346058934926986694e-01,2.590000331401824951e-01,3.233561664819717407e-02,3.585474938154220581e-02,-2.662572264671325684e-01,7.853687554597854614e-02,2.631094455718994141e-01,-2.865178324282169342e-02,-3.138335943222045898e-01,2.727008163928985596e-01,-1.030585244297981262e-01,-1.272087693214416504e-01,3.121878504753112793e-01,-9.331951290369033813e-02,-1.184280589222908020e-01,-2.353547364473342896e-01,-2.729952931404113770e-01,9.786815941333770752e-02,2.574920952320098877e-01,1.194629669189453125e-01,-4.824123810976743698e-03,-6.188613548874855042e-02
