4.001453518867492676e-01,-1.274197362363338470e-02,2.146768718957901001e-01,-2.818195521831512451e-01,2.809191048145294189e-01,-3.473675549030303955e-01,5.326451733708381653e-02,3.318177461624145508e-01,-4.911187291145324707e-02,-1.064406484365463257e-01,-1.920545101165771484e-01,-1.190309226512908936e-01,-2.503837347030639648e-01,-1.336476206779479980e-01,-1.089820340275764465e-01,1.046559363603591919e-01,1.224460080265998840e-02,-1.441643238067626953e-01,2.045183926820755005e-01,-4.712213948369026184e-02,-8.399355411529541016e-02,-3.203752040863037109e-01,-2.846035361289978027e-01,2.087199985980987549e-01,6.720565725117921829e-03,1.034254655241966248e-01,9.537480771541595459e-02,-3.137739598751068115e-01,-6.390984356403350830e-02,-9.470450878143310547e-02,-1.757308989763259888e-01,4.315127432346343994e-02,-2.054442763328552246e-01,4.840620979666709900e-02,-1.444113254547119141e-02,7.462705671787261963e-02,-5.043896846473217010e-03,-8.425015211105346680e-02,-1.286406517028808594e-01,-1.903089582920074463e-01,9.356333874166011810e-03,7.111594825983047485e-02,-2.472731918096542358e-01,-4.951146990060806274e-02,2.400770783424377441e-02,3.292521238327026367e-01,1.412748694419860840e-01,2.008502930402755737e-02,7.629782706499099731e-02,-1.068700179457664490e-01,-2.488660365343093872e-01,-2.547003030776977539e-01,1.188596338033676147e-01,4.264789819717407227e-02,7.053471356630325317e-02,3.506756201386451721e-02,8.530040830373764038e-02,-2.340610139071941376e-03,1.991179585456848145e-01,2.723355293273925781e-01,-4.996788129210472107e-02,1.505798548460006714e-01,-9.335739538073539734e-03,2.438481748104095459e-01,1.161780059337615967e-01,1.774294488131999969e-02,-3.707366585731506348e-01,1.019916590303182602e-02,8.322839438915252686e-02,3.139096498489379883e-01,-8.948858082294464111e-02,2.612173855304718018e-01,-2.861047349870204926e-02,-1.507793813943862915e-01,-9.214742481708526611e-02,2.437894931063055992e-03,1.310384948737919331e-03,-1.206332221627235413e-01,1.892535984516143799e-01,5.073841288685798645e-02,-5.915565416216850281e-02,-6.869171920698136091e-05,-7.123907655477523804e-02,-4.870458506047725677e-03,-1.671937406063079834e-01,2.006282657384872437e-01,2.126321792602539062e-01,1.005128375254571438e-03,-1.651227623224258423e-01,4.932836443185806274e-02,-9.451328217983245850e-02,3.309979736804962158e-01,2.238689213991165161e-01,-1.427320837974548340e-01,3.777582198381423950e-02,-3.446179628372192383e-01,-1.190719157457351685e-01,-7.303853635676205158e-06,-7.785511016845703125e-02,-2.493457309901714325e-02,-2.780942916870117188e-01,2.884353995323181152e-01,8.384273946285247803e-02,-8.671030402183532715e-03,-2.122679054737091064e-01,1.268555968999862671e-01,2.737922668457031250e-01,2.650203406810760498e-01,-4.019675552845001221e-01,9.936129674315452576e-03,-1.042680442333221436e-01,2.705781161785125732e-01,1.407370269298553467e-01,3.127680718898773193e-02,-8.009835332632064819e-02,8.666185289621353149e-02,2.423112839460372925e-01,-2.051716148853302002e-01,-3.047885000705718994e-02,-1.721674650907516479e-01,-2.617909014225006104e-01,-3.864946216344833374e-02,1.039217878133058548e-02,3.542920053005218506e-01,-7.540690898895263672e-02,2.211917489767074585e-01,4.931200295686721802e-02,-1.351842563599348068e-02
-1.274197362363338470e-02,9.971403516829013824e-03,-8.258798718452453613e-02,7.099966704845428467e-02,3.616014495491981506e-02,8.985421620309352875e-03,-1.684001274406909943e-02,3.114638477563858032e-02,6.614930182695388794e-02,4.973799362778663635e-02,-1.242108456790447235e-02,-3.348471596837043762e-02,7.340744137763977051e-02,6.034617125988006592e-02,7.407274097204208374e-02,7.737854123115539551e-02,-2.082352759316563606e-03,7.070426642894744873e-02,-7.856740057468414307e-02,-4.174181073904037476e-02,-4.626021161675453186e-02,5.858447030186653137e-02,5.712562054395675659e-02,-3.093395382165908813e-02,1.306469365954399109e-02,6.960762292146682739e-02,-6.439809501171112061e-02,-3.095822781324386597e-02,7.008896768093109131e-02,-4.560227971524000168e-03,7.124437484890222549e-03,-8.713123947381973267e-02,5.771799385547637939e-02,4.366309195756912231e-02,-1.697657513432204723e-03,-8.532494306564331055e-02,6.302419304847717285e-02,7.803892344236373901e-02,-6.699479371309280396e-02,-4.842689260840415955e-02,8.156704157590866089e-02,9.751252830028533936e-03,7.831081748008728027e-02,2.722432091832160950e-02,-2.161169052124023438e-02,-5.818840861320495605e-02,-8.181392401456832886e-02,-2.692600712180137634e-02,5.750308744609355927e-03,2.565222233533859253e-02,7.363255601376295090e-03,1.880031824111938477e-02,4.828278720378875732e-02,-9.182423353195190430e-03,-1.511067058891057968e-02,-8.627741038799285889e-02,3.648151457309722900e-02,3.536346368491649628e-03,-7.214132696390151978e-02,-6.664934754371643066e-02,-8.312685415148735046e-03,-1.569827832281589508e-02,2.355325501412153244e-03,1.153363287448883057e-02,1.014111936092376709e-02,-3.025788441300392151e-02,4.910862445831298828e-02,8.392834663391113281e-02,-8.000978082418441772e-02,2.086403220891952515e-02,-7.107130438089370728e-02,-1.268266234546899796e-02,-1.990077085793018341e-02,7.814566045999526978e-02,-3.759620338678359985e-02,-8.471003174781799316e-02,-2.694783615879714489e-04,8.100830018520355225e-02,-4.465465620160102844e-02,-7.356306910514831543e-02,8.329012989997863770e-02,5.996363688609562814e-05,-6.507951766252517700e-02,6.096774595789611340e-04,-7.689806073904037476e-02,-7.642744481563568115e-02,2.863914705812931061e-02,8.813330205157399178e-04,6.295340508222579956e-02,5.423847585916519165e-02,-2.028266899287700653e-02,-3.985465690493583679e-02,-7.913146167993545532e-02,4.051781818270683289e-02,-7.489935308694839478e-02,5.864796228706836700e-03,6.126256659626960754e-02,2.621016506054729689e-07,-5.907509103417396545e-02,7.268153131008148193e-02,-1.385292224586009979e-02,2.898767031729221344e-02,-8.524968475103378296e-02,-7.592421025037765503e-02,9.368699043989181519e-02,-1.831945381127297878e-03,-8.253639936447143555e-02,-8.424753695726394653e-02,-4.464892204850912094e-03,-1.326373661868274212e-03,5.676840245723724365e-02,-6.732957065105438232e-02,-8.258444815874099731e-02,-8.110051974654197693e-03,8.403094112873077393e-02,-7.770287990570068359e-02,3.575495630502700806e-02,3.677115216851234436e-02,-7.950720936059951782e-02,5.227471888065338135e-02,7.410458475351333618e-02,6.796319782733917236e-02,6.110486015677452087e-02,-6.266424059867858887e-02,-2.339269593358039856e-02,-4.001446440815925598e-02,-8.924914523959159851e-03,6.268184632062911987e-02
2.146768718957901001e-01,-8.258798718452453613e-02,7.585613131523132324e-01,-6.898745894432067871e-01,-2.972609400749206543e-01,-1.883565038442611694e-01,1.369919478893280029e-01,-2.652488946914672852e-01,-5.407361984252929688e-01,-4.798781871795654297e-01,8.698052167892456055e-02,3.284782767295837402e-01,-6.444749236106872559e-01,-5.964912176132202148e-01,-6.962534189224243164e-01,-6.426714658737182617e-01,1.985495164990425110e-02,-6.242873668670654297e-01,7.202379703521728516e-01,4.307867884635925293e-01,3.566699326038360596e-01,-6.038852930068969727e-01,-5.927607417106628418e-01,3.279072642326354980e-01,-1.255540102720260620e-01,-5.692979097366333008e-01,6.200947761535644531e-01,2.175261527299880981e-01,-6.739225983619689941e-01,4.382704570889472961e-02,-8.584021031856536865e-02,7.309014797210693359e-01,-5.091531872749328613e-01,-4.875228703022003174e-01,2.044495381414890289e-02,7.313055992126464844e-01,-5.894312262535095215e-01,-7.130463719367980957e-01,5.640159249305725098e-01,4.324884414672851562e-01,-6.710075139999389648e-01,-7.317642867565155029e-02,-7.170717716217041016e-01,-2.752746045589447021e-01,1.325547546148300171e-01,6.108014583587646484e-01,7.484167814254760742e-01,2.429384142160415649e-01,-3.803133964538574219e-02,-1.442870348691940308e-01,-7.787729054689407349e-02,-1.238229200243949890e-01,-4.115837216377258301e-01,8.182311058044433594e-02,1.679739803075790405e-01,7.573588490486145020e-01,-3.752035498619079590e-01,-3.595707565546035767e-02,6.520040631294250488e-01,6.349030137062072754e-01,5.356331169605255127e-02,1.615483313798904419e-01,-2.201626077294349670e-02,-3.777367621660232544e-02,-5.066369101405143738e-02,2.888768911361694336e-01,-4.503167867660522461e-01,-7.123097777366638184e-01,7.127597332000732422e-01,-1.575115621089935303e-01,6.345737576484680176e-01,2.190012186765670776e-01,1.829669624567031860e-01,-7.273666858673095703e-01,2.585031092166900635e-01,7.190490365028381348e-01,2.580229425802826881e-03,-7.541714906692504883e-01,4.153522253036499023e-01,6.717799901962280273e-01,-7.357859015464782715e-01,-6.345474976114928722e-04,6.043690443038940430e-01,-4.611135926097631454e-03,6.206986904144287109e-01,7.278729081153869629e-01,-2.651340365409851074e-01,-8.559629321098327637e-03,-5.820587277412414551e-01,-5.346431732177734375e-01,1.666017472743988037e-01,3.377513587474822998e-01,7.022202610969543457e-01,-4.042572379112243652e-01,6.689106225967407227e-01,-1.001575738191604614e-01,-5.689099431037902832e-01,-2.435783017062931322e-06,5.375717878341674805e-01,-6.141307950019836426e-01,1.776038855314254761e-01,-2.318710982799530029e-01,7.389507889747619629e-01,6.797832250595092773e-01,-8.072780966758728027e-01,-1.825159415602684021e-02,6.971374750137329102e-01,7.455126643180847168e-01,-3.180611506104469299e-02,1.089765504002571106e-02,-5.137976408004760742e-01,6.632239818572998047e-01,7.403163909912109375e-01,-1.767529733479022980e-02,-7.588424086570739746e-01,6.894561648368835449e-01,-2.893501818180084229e-01,-3.977103233337402344e-01,7.019761204719543457e-01,-5.109020471572875977e-01,-6.847513914108276367e-01,-6.032149195671081543e-01,-5.528347492218017578e-01,5.783972144126892090e-01,3.012205958366394043e-01,4.058205783367156982e-01,7.504862546920776367e-02,-5.984138250350952148e-01
-2.818195521831512451e-01,7.099966704845428467e-02,-6.898745894432067871e-01,7.636447548866271973e-01,1.129866465926170349e-01,2.697731554508209229e-01,-8.978531509637832642e-02,7.610509544610977173e-02,5.526133775711059570e-01,4.283451437950134277e-01,-1.962688416242599487e-01,-2.323232442140579224e-01,4.694382548332214355e-01,5.990594625473022461e-01,6.460695266723632812e-01,4.424418210983276367e-01,-1.634692959487438202e-02,4.964774549007415771e-01,-7.036938667297363281e-01,-4.354883432388305664e-01,-4.554720222949981689e-01,6.316333413124084473e-01,5.709525942802429199e-01,-2.659173011779785156e-01,1.221655830740928650e-01,3.515045940876007080e-01,-5.189132094383239746e-01,4.657176882028579712e-02,4.836494624614715576e-01,1.107206270098686218e-01,2.964124642312526703e-02,-6.864304542541503906e-01,6.281602382659912109e-01,4.590713679790496826e-01,1.405380782671272755e-03,-5.581341385841369629e-01,4.520164132118225098e-01,6.370711326599121094e-01,-2.980577945709228516e-01,-4.418251812458038330e-01,6.466593146324157715e-01,1.617287695407867432e-01,6.122368574142456055e-01,2.267815917730331421e-01,-2.912778258323669434e-01,-4.995716214179992676e-01,-7.335140705108642578e-01,-2.004802674055099487e-01,1.659510582685470581e-01,1.627139747142791748e-01,9.768350422382354736e-02,3.232871890068054199e-01,4.817616045475006104e-01,-1.324531883001327515e-01,-1.598278991878032684e-02,-6.195212602615356445e-01,4.146290421485900879e-01,2.972518280148506165e-02,-5.813084840774536133e-01,-7.266393303871154785e-01,-1.361546814441680908e-01,-2.731915377080440521e-02,2.735540457069873810e-02,-4.443755373358726501e-02,9.180718660354614258e-02,-2.590481638908386230e-01,3.583008050918579102e-01,5.384841561317443848e-01,-6.203894019126892090e-01,-8.050559461116790771e-02,-5.041241049766540527e-01,-2.080774493515491486e-02,-2.862521409988403320e-01,6.781627535820007324e-01,-3.045885860919952393e-01,-6.117170453071594238e-01,-1.170947449281811714e-03,6.302996277809143066e-01,-5.790336132049560547e-01,-6.038091778755187988e-01,7.162848711013793945e-01,5.739770713262259960e-04,-4.817105829715728760e-01,1.048545911908149719e-02,-4.910610914230346680e-01,-6.517506837844848633e-01,4.797703400254249573e-02,4.247153643518686295e-03,4.652526378631591797e-01,4.618440270423889160e-01,-2.255067080259323120e-01,-4.866177439689636230e-01,-7.339621782302856445e-01,4.996009171009063721e-01,-6.334147453308105469e-01,2.258817851543426514e-01,4.341464638710021973e-01,2.240697085653664544e-06,-3.617187142372131348e-01,4.859753549098968506e-01,-7.239796966314315796e-02,-1.620857161469757557e-03,-7.210012078285217285e-01,-5.475686192512512207e-01,7.759305834770202637e-01,2.244555801153182983e-01,-7.889887094497680664e-01,-6.250898241996765137e-01,2.057729214429855347e-01,-2.395392581820487976e-02,5.839384198188781738e-01,-7.212278246879577637e-01,-7.200265526771545410e-01,2.090744376182556152e-01,6.517692208290100098e-01,-6.480165719985961914e-01,4.686778783798217773e-02,3.377354145050048828e-01,-5.808541178703308105e-01,5.810130834579467773e-01,5.662283301353454590e-01,6.462867259979248047e-01,5.578014850616455078e-01,-5.678678154945373535e-01,-3.348671197891235352e-01,-4.925862848758697510e-01,-6.056559830904006958e-02,5.183900594711303711e-01
2.809191048145294189e-01,3.616014495491981506e-02,-2.972609400749206543e-01,1.129866465926170349e-01,5.880981087684631348e-01,-2.676277756690979004e-01,-5.732360482215881348e-02,6.415694952011108398e-01,2.236344665288925171e-01,1.891981810331344604e-01,-1.585384458303451538e-01,-3.945585489273071289e-01,2.617596983909606934e-01,2.145489603281021118e-01,3.560133278369903564e-01,6.583567261695861816e-01,-1.616869121789932251e-04,3.193632960319519043e-01,-2.455226927995681763e-01,-2.825445234775543213e-01,-1.794732064008712769e-01,3.242522478103637695e-02,7.040241360664367676e-02,-2.736503072082996368e-02,8.079658448696136475e-02,6.014400124549865723e-01,-3.456824421882629395e-01,-6.136425733566284180e-01,5.280478596687316895e-01,-2.071177810430526733e-01,-1.004110127687454224e-01,-4.443533420562744141e-01,-1.081011816859245300e-02,3.873372972011566162e-01,-4.497958347201347351e-02,-5.055547952651977539e-01,4.338986873626708984e-01,4.092180430889129639e-01,-7.051991820335388184e-01,-4.359205961227416992e-01,4.245110154151916504e-01,3.997343033552169800e-02,2.588342726230621338e-01,1.442088633775711060e-01,1.047585383057594299e-01,-1.406590640544891357e-01,-3.437015712261199951e-01,-1.520314812660217285e-01,-7.790531031787395477e-03,-8.358815312385559082e-02,-2.357130199670791626e-01,-3.605682253837585449e-01,2.945763766765594482e-01,3.176410496234893799e-02,-1.434174180030822754e-01,-5.570740103721618652e-01,2.970840334892272949e-01,2.436538971960544586e-02,-2.193463593721389771e-01,-6.202325969934463501e-02,-6.218647584319114685e-03,-5.712505802512168884e-02,-1.762601546943187714e-03,2.838980853557586670e-01,1.066138967871665955e-01,-1.697216480970382690e-01,-4.981868714094161987e-02,5.791338682174682617e-01,-4.112773239612579346e-01,5.732817649841308594e-01,-5.803239345550537109e-01,-5.027719214558601379e-02,-5.100730434060096741e-02,3.516497015953063965e-01,-1.630905121564865112e-01,-5.061664581298828125e-01,-1.108193770051002502e-03,4.656358659267425537e-01,6.345154345035552979e-02,-4.120721220970153809e-01,4.229200482368469238e-01,3.720977983903139830e-04,-5.271278619766235352e-01,-6.588946096599102020e-03,-6.400721669197082520e-01,-3.194437921047210693e-01,5.062413215637207031e-01,9.328075684607028961e-03,2.373750954866409302e-01,4.267010092735290527e-01,-1.445909589529037476e-01,2.685727775096893311e-01,-1.766653954982757568e-01,2.374209836125373840e-02,-3.904004693031311035e-01,-3.669127821922302246e-01,3.007563054561614990e-01,-6.433931048377417028e-06,-5.240138173103332520e-01,4.204263091087341309e-01,-4.819614887237548828e-01,5.847716927528381348e-01,-4.044369757175445557e-01,-5.302723646163940430e-01,3.198071718215942383e-01,1.072860974818468094e-02,-8.361811190843582153e-02,-2.999160587787628174e-01,-4.968383610248565674e-01,1.502758637070655823e-02,1.396629214286804199e-01,-9.251421689987182617e-02,-3.492622673511505127e-01,-6.433746963739395142e-02,4.900042414665222168e-01,-3.453916311264038086e-01,5.738217234611511230e-01,8.682282269001007080e-02,-5.609095096588134766e-01,7.128991931676864624e-02,2.435509711503982544e-01,2.830872833728790283e-01,3.148541748523712158e-01,1.609663479030132294e-02,-2.601314783096313477e-01,5.678668990731239319e-02,5.534701049327850342e-03,3.825027942657470703e-01
-3.473675549030303955e-01,8.985421620309352875e-03,-1.883565038442611694e-01,2.697731554508209229e-01,-2.676277756690979004e-01,3.409234285354614258e-01,-1.811734214425086975e-02,-3.108536303043365479e-01,1.715349964797496796e-02,8.900126069784164429e-02,1.267397105693817139e-01,1.287929415702819824e-01,1.835673004388809204e-01,1.153495460748672485e-01,9.285955131053924561e-02,-1.408937275409698486e-01,-1.081645023077726364e-02,1.007782071828842163e-01,-1.854516565799713135e-01,2.256298810243606567e-02,6.039823219180107117e-02,2.779775559902191162e-01,2.579669654369354248e-01,-1.655702590942382812e-01,-7.153280079364776611e-03,-1.516153961420059204e-01,-6.543980538845062256e-02,3.190944492816925049e-01,3.200409561395645142e-02,8.440062403678894043e-02,1.507938504219055176e-01,-2.177898585796356201e-02,2.167850136756896973e-01,-2.774885483086109161e-02,1.709742844104766846e-02,-2.178335376083850861e-02,-2.196238934993743896e-02,6.198228895664215088e-02,1.691476255655288696e-01,1.404281705617904663e-01,-1.900900155305862427e-02,-3.407684341073036194e-02,2.043323218822479248e-01,4.070281609892845154e-02,-5.681669339537620544e-02,-2.647006809711456299e-01,-1.313294917345046997e-01,-1.245734095573425293e-02,-4.779999330639839172e-02,1.039786413311958313e-01,2.315728962421417236e-01,2.398952245712280273e-01,-8.242046833038330078e-02,-4.166950657963752747e-02,-3.682073950767517090e-02,-1.344184298068284988e-02,-6.932286918163299561e-02,8.009111625142395496e-04,-1.700957417488098145e-01,-2.519244849681854248e-01,2.639954350888729095e-02,-1.071408316493034363e-01,9.515319950878620148e-03,-2.190345674753189087e-01,-9.902134537696838379e-02,-8.537010289728641510e-03,2.994227707386016846e-01,-3.992473334074020386e-02,-4.704895988106727600e-02,-3.125743865966796875e-01,9.085665643215179443e-02,-1.988912969827651978e-01,1.491820160299539566e-02,1.117291152477264404e-01,6.158246099948883057e-02,4.236984997987747192e-03,-7.835084106773138046e-04,8.887703716754913330e-02,-1.990483403205871582e-01,-2.064711786806583405e-02,5.644981935620307922e-02,3.954225758207030594e-05,7.278402894735336304e-02,4.634826909750699997e-03,1.662443429231643677e-01,-1.546095013618469238e-01,-2.034375518560409546e-01,-1.814662944525480270e-03,1.093748733401298523e-01,-5.664541572332382202e-02,5.569031834602355957e-02,-3.166130483150482178e-01,-1.981213241815567017e-01,1.319085210561752319e-01,-2.978179976344108582e-02,3.102173507213592529e-01,1.117924526333808899e-01,4.777618414664175361e-06,1.021450310945510864e-01,-4.169165156781673431e-03,2.489728480577468872e-01,-2.972421944141387939e-01,-5.906948447227478027e-02,3.232234343886375427e-02,1.845033317804336548e-01,-3.151968494057655334e-02,-2.642486691474914551e-01,-1.998744010925292969e-01,3.853714764118194580e-01,-9.567273780703544617e-03,8.311262726783752441e-02,-2.647901475429534912e-01,-1.148577481508255005e-01,1.519418507814407349e-02,6.455177813768386841e-02,-7.277046144008636475e-02,-2.609444260597229004e-01,1.781572401523590088e-01,3.690213337540626526e-02,1.632614135742187500e-01,2.168626785278320312e-01,4.589909687638282776e-02,-2.978732809424400330e-03,-3.026216924190521240e-01,5.729392915964126587e-02,-2.089725583791732788e-01,-4.714517295360565186e-02,1.466543320566415787e-02
5.326451733708381653e-02,-1.684001274406909943e-02,1.369919478893280029e-01,-8.978531509637832642e-02,-5.732360482215881348e-02,-1.811734214425086975e-02,6.363338977098464966e-02,-4.754356667399406433e-02,-1.014030575752258301e-01,-7.987728714942932129e-02,-5.861352384090423584e-02,5.846092477440834045e-02,-1.808144450187683105e-01,-8.662845939397811890e-02,-1.122781708836555481e-01,-1.538355052471160889e-01,4.790701903402805328e-03,-1.467983126640319824e-01,1.176534146070480347e-01,2.502084150910377502e-02,9.076712653040885925e-03,-1.060222685337066650e-01,-1.008391901850700378e-01,8.798539638519287109e-02,-1.557073276489973068e-02,-1.551838219165802002e-01,1.146825999021530151e-01,8.119996637105941772e-02,-1.458407640457153320e-01,2.602677233517169952e-02,-4.214140772819519043e-02,1.247765645384788513e-01,-4.751433059573173523e-02,-3.906762599945068359e-02,7.044563535600900650e-03,1.756733506917953491e-01,-1.187350526452064514e-01,-1.251448839902877808e-01,1.599626392126083374e-01,9.638046845793724060e-03,-1.078569516539573669e-01,3.368894010782241821e-02,-1.529391855001449585e-01,-4.864648729562759399e-02,-2.666603401303291321e-02,1.470328420400619507e-01,1.122598946094512939e-01,4.944814369082450867e-02,4.271279647946357727e-02,-3.623477369546890259e-02,-2.746616117656230927e-02,-6.511542946100234985e-03,-1.171717140823602676e-02,9.650898166000843048e-03,7.060394436120986938e-02,1.449175328016281128e-01,-2.203921042382717133e-02,-6.525056436657905579e-03,1.297845393419265747e-01,8.755747228860855103e-02,-2.860777452588081360e-02,8.565557748079299927e-02,-1.957077067345380783e-03,-2.847235416993498802e-03,1.083775889128446579e-02,4.792609065771102905e-02,-1.424466371536254883e-01,-1.538675874471664429e-01,1.387733668088912964e-01,-5.689309164881706238e-02,1.075352877378463745e-01,1.046060696244239807e-01,-9.477044455707073212e-03,-1.350021511316299438e-01,1.715507358312606812e-02,1.277906447649002075e-01,1.001369906589388847e-03,-1.465896815061569214e-01,2.757246606051921844e-02,1.191620901226997375e-01,-1.076483502984046936e-01,-9.889500506687909365e-05,9.609887003898620605e-02,-2.739719056989997625e-04,1.096270233392715454e-01,1.416069120168685913e-01,-5.562975630164146423e-02,-2.388813067227602005e-03,-1.428789794445037842e-01,-7.898659259080886841e-02,-1.640370115637779236e-02,4.041779786348342896e-02,1.143359318375587463e-01,-4.036224633455276489e-02,1.032656729221343994e-01,-2.350909076631069183e-02,-1.173380017280578613e-01,-2.581894477771129459e-06,1.152597293257713318e-01,-1.352644413709640503e-01,1.931089092977344990e-03,-7.312342524528503418e-02,1.220640689134597778e-01,1.325994729995727539e-01,-1.427545696496963501e-01,1.114104017615318298e-01,9.793269634246826172e-02,1.863188743591308594e-01,1.048183254897594452e-02,-6.598545587621629238e-04,-7.031506299972534180e-02,8.092060685157775879e-02,1.308317333459854126e-01,8.938384801149368286e-02,-1.356802284717559814e-01,1.141391471028327942e-01,-8.632501214742660522e-02,-8.819892257452011108e-02,1.241721883416175842e-01,-6.158914789557456970e-02,-1.556062847375869751e-01,-6.817193329334259033e-02,-5.905706062912940979e-02,1.281214058399200439e-01,-1.436030142940580845e-03,4.581907019019126892e-02,1.776407100260257721e-02,-9.118395298719406128e-02
3.318177461624145508e-01,3.114638477563858032e-02,-2.652488946914672852e-01,7.610509544610977173e-02,6.415694952011108398e-01,-3.108536303043365479e-01,-4.754356667399406433e-02,7.205067276954650879e-01,1.873404830694198608e-01,1.696992218494415283e-01,-1.668822020292282104e-01,-4.456222355365753174e-01,2.219506651163101196e-01,2.135017961263656616e-01,3.544461429119110107e-01,6.699615716934204102e-01,2.486592158675193787e-03,2.920828163623809814e-01,-1.989388763904571533e-01,-3.024593591690063477e-01,-1.593955308198928833e-01,-6.848335731774568558e-03,2.868346124887466431e-02,-6.480041425675153732e-03,8.372586220502853394e-02,6.094090342521667480e-01,-3.529409766197204590e-01,-6.695796251296997070e-01,5.464363098144531250e-01,-2.294973731040954590e-01,-1.285269260406494141e-01,-4.242098629474639893e-01,-8.517494797706604004e-02,4.331445991992950439e-01,-5.394036322832107544e-02,-4.961707592010498047e-01,4.486550092697143555e-01,3.969385325908660889e-01,-7.279878854751586914e-01,-4.722041785717010498e-01,3.980847299098968506e-01,3.671722114086151123e-02,2.246993929147720337e-01,1.482102572917938232e-01,1.746414750814437866e-01,-1.240158304572105408e-01,-3.210289776325225830e-01,-1.513755023479461670e-01,-1.880677789449691772e-02,-1.629247516393661499e-01,-2.919133901596069336e-01,-4.588349163532257080e-01,2.911140024662017822e-01,4.535789415240287781e-02,-1.595983207225799561e-01,-5.568050742149353027e-01,3.283352553844451904e-01,2.605184912681579590e-02,-1.639613509178161621e-01,-1.006035879254341125e-02,8.446464780718088150e-04,-4.533340781927108765e-02,-4.632292315363883972e-03,2.964302897453308105e-01,1.013291776180267334e-01,-1.709903478622436523e-01,-1.221810355782508850e-01,5.753290653228759766e-01,-4.043441414833068848e-01,6.393508911132812500e-01,-5.998443365097045898e-01,-7.606831192970275879e-02,-4.238716885447502136e-02,3.381092846393585205e-01,-1.228330209851264954e-01,-4.901449084281921387e-01,-1.054377062246203423e-03,4.668848216533660889e-01,1.187963634729385376e-01,-4.027466475963592529e-01,4.027927219867706299e-01,4.007104435004293919e-04,-5.569778680801391602e-01,-8.630913682281970978e-03,-6.415886878967285156e-01,-3.055780529975891113e-01,5.745322704315185547e-01,1.032592076808214188e-02,2.053900808095932007e-01,4.600679278373718262e-01,-1.423354297876358032e-01,3.773786425590515137e-01,-1.239993423223495483e-01,-7.722819223999977112e-03,-3.709488511085510254e-01,-4.376328289508819580e-01,2.800631523132324219e-01,-8.386874469579197466e-06,-5.604775547981262207e-01,3.950747847557067871e-01,-5.739731788635253906e-01,6.484459042549133301e-01,-3.825299143791198730e-01,-5.374514460563659668e-01,2.669214606285095215e-01,3.020325303077697754e-02,-5.191960837692022324e-03,-2.585700452327728271e-01,-5.764840841293334961e-01,2.024226449429988861e-02,1.178442239761352539e-01,-5.107811465859413147e-02,-3.225818574428558350e-01,-4.203537851572036743e-02,4.862523674964904785e-01,-3.192546069622039795e-01,6.377148628234863281e-01,7.093703746795654297e-02,-5.653730630874633789e-01,2.997611276805400848e-02,2.028387933969497681e-01,2.574339509010314941e-01,3.116771578788757324e-01,9.442027658224105835e-02,-3.107889592647552490e-01,1.065253913402557373e-01,2.121572382748126984e-02,3.923733830451965332e-01
-4.911187291145324707e-02,6.614930182695388794e-02,-5.407361984252929688e-01,5.526133775711059570e-01,2.236344665288925171e-01,1.715349964797496796e-02,-1.014030575752258301e-01,1.873404830694198608e-01,6.142627596855163574e-01,3.702381551265716553e-01,-2.338350266218185425e-01,-2.916206419467926025e-01,3.429946899414062500e-01,5.275678038597106934e-01,5.788148641586303711e-01,5.278798937797546387e-01,-8.647770620882511139e-03,3.598267734050750732e-01,-5.658937692642211914e-01,-4.524258673191070557e-01,-5.652268528938293457e-01,4.310046136379241943e-01,3.602063059806823730e-01,-1.566017866134643555e-01,1.264142543077468872e-01,4.684733152389526367e-01,-5.045623183250427246e-01,-1.184126436710357666e-01,4.061422348022460938e-01,5.630844831466674805e-02,-6.226931512355804443e-02,-7.390798330307006836e-01,4.749435484409332275e-01,4.398292601108551025e-01,-5.236072465777397156e-03,-5.713307261466979980e-01,4.400788843631744385e-01,5.770395398139953613e-01,-3.554456830024719238e-01,-4.899061322212219238e-01,6.651458144187927246e-01,1.821920126676559448e-01,4.463503658771514893e-01,1.762900948524475098e-01,-2.886525690555572510e-01,-3.282307386398315430e-01,-6.158452033996582031e-01,-1.497005373239517212e-01,2.436617761850357056e-01,8.850799500942230225e-02,-6.274942308664321899e-02,2.351754903793334961e-01,5.344390869140625000e-01,-1.167440786957740784e-01,4.028398916125297546e-02,-5.984907150268554688e-01,4.160298705101013184e-01,2.535757794976234436e-02,-4.507323503494262695e-01,-5.470334887504577637e-01,-1.658759266138076782e-01,1.122806668281555176e-01,2.205166406929492950e-02,1.276441365480422974e-01,1.671248972415924072e-01,-2.418248802423477173e-01,1.791526675224304199e-01,5.531064867973327637e-01,-6.082668900489807129e-01,8.897629380226135254e-02,-5.139263272285461426e-01,1.277665048837661743e-01,-3.338493108749389648e-01,6.066287159919738770e-01,-3.378790020942687988e-01,-5.887618660926818848e-01,-6.984549108892679214e-04,5.566023588180541992e-01,-4.181214570999145508e-01,-6.011949777603149414e-01,6.726180911064147949e-01,5.185587215237319469e-04,-4.958923757076263428e-01,8.439905010163784027e-03,-5.614898204803466797e-01,-5.454594492912292480e-01,1.425078809261322021e-01,4.555459599941968918e-03,4.531423747539520264e-01,4.612805247306823730e-01,-2.193904072046279907e-01,-3.214619755744934082e-01,-6.167520284652709961e-01,4.418342113494873047e-01,-5.828505754470825195e-01,5.278072133660316467e-02,2.737416326999664307e-01,2.377282498855493031e-06,-4.131072461605072021e-01,4.451282620429992676e-01,-1.811517924070358276e-01,1.904223710298538208e-01,-6.938663125038146973e-01,-5.463204979896545410e-01,6.926781535148620605e-01,1.532427817583084106e-01,-6.705219745635986328e-01,-4.866086244583129883e-01,-2.015283331274986267e-02,-2.493681572377681732e-02,6.102141737937927246e-01,-5.523870587348937988e-01,-6.287703514099121094e-01,2.123692184686660767e-01,5.552394986152648926e-01,-6.141137480735778809e-01,1.934232562780380249e-01,1.584146022796630859e-01,-5.665082931518554688e-01,4.592662155628204346e-01,3.817645311355590820e-01,6.202577352523803711e-01,5.602462887763977051e-01,-3.730927705764770508e-01,-3.616274595260620117e-01,-3.751895725727081299e-01,-1.947424933314323425e-02,4.666504263877868652e-01
-1.064406484365463257e-01,4.973799362778663635e-02,-4.798781871795654297e-01,4.283451437950134277e-01,1.891981810331344604e-01,8.900126069784164429e-02,-7.987728714942932129e-02,1.696992218494415283e-01,3.702381551265716553e-01,3.108476698398590088e-01,-5.861907452344894409e-02,-2.141943424940109253e-01,4.009675681591033936e-01,3.863355517387390137e-01,4.614030718803405762e-01,4.570163786411285400e-01,-1.139917504042387009e-02,3.521644175052642822e-01,-4.653942883014678955e-01,-3.041263222694396973e-01,-2.794005572795867920e-01,3.563425242900848389e-01,3.453589081764221191e-01,-1.958476305007934570e-01,8.356761187314987183e-02,4.104314744472503662e-01,-4.309294521808624268e-01,-1.501484215259552002e-01,4.470011591911315918e-01,-4.527599737048149109e-02,4.588882625102996826e-02,-5.472326278686523438e-01,3.104974031448364258e-01,3.361791372299194336e-01,-1.277923583984375000e-02,-5.159299373626708984e-01,3.734882473945617676e-01,4.686430394649505615e-01,-3.922217488288879395e-01,-2.967700660228729248e-01,4.532528519630432129e-01,5.607090517878532410e-02,4.373975694179534912e-01,1.649743765592575073e-01,-9.771106392145156860e-02,-3.855564892292022705e-01,-4.853142201900482178e-01,-1.270163804292678833e-01,6.455167382955551147e-02,6.177972257137298584e-02,2.084480226039886475e-02,7.432565838098526001e-02,2.907922267913818359e-01,-5.035543814301490784e-02,-8.812790364027023315e-02,-5.322262048721313477e-01,2.363443672657012939e-01,2.135048620402812958e-02,-3.999737501144409180e-01,-3.911917507648468018e-01,-4.918174073100090027e-02,-4.686249047517776489e-02,1.395957358181476593e-02,6.329482048749923706e-02,4.510657861828804016e-02,-1.810060888528823853e-01,2.603236436843872070e-01,4.896971583366394043e-01,-4.864467978477478027e-01,1.193782538175582886e-01,-4.253289401531219482e-01,-1.269784867763519287e-01,-1.448061913251876831e-01,4.842835068702697754e-01,-1.637357473373413086e-01,-4.811652898788452148e-01,-1.472331234253942966e-03,5.127623677253723145e-01,-2.364185601472854614e-01,-4.590280055999755859e-01,5.093609690666198730e-01,4.026688693556934595e-04,-4.053859412670135498e-01,2.536348300054669380e-03,-4.270451664924621582e-01,-4.727725684642791748e-01,1.794779598712921143e-01,5.149859935045242310e-03,3.979574441909790039e-01,3.416756689548492432e-01,-9.716706722974777222e-02,-2.085299193859100342e-01,-4.569495916366577148e-01,2.698887288570404053e-01,-4.336034953594207764e-01,4.635269567370414734e-02,3.130328953266143799e-01,1.938073637575143948e-06,-3.556934893131256104e-01,3.739059865474700928e-01,-1.358131468296051025e-01,1.870587915182113647e-01,-5.085769295692443848e-01,-4.581443369388580322e-01,5.708901286125183105e-01,-1.047106925398111343e-02,-4.825240969657897949e-01,-4.741412103176116943e-01,7.537886500358581543e-03,-9.885012172162532806e-03,3.709305822849273682e-01,-4.365263581275939941e-01,-4.778192639350891113e-01,5.693043395876884460e-02,4.927358031272888184e-01,-4.644749760627746582e-01,1.999111920595169067e-01,2.101873308420181274e-01,-4.726813733577728271e-01,3.112955987453460693e-01,4.131040275096893311e-01,4.036771655082702637e-01,3.706387877464294434e-01,-3.404095768928527832e-01,-2.212911248207092285e-01,-2.579225003719329834e-01,-3.691031038761138916e-02,3.748913407325744629e-01
-1.920545101165771484e-01,-1.242108456790447235e-02,8.698052167892456055e-02,-1.962688416242599487e-01,-1.585384458303451538e-01,1.267397105693817139e-01,-5.861352384090423584e-02,-1.668822020292282104e-01,-2.338350266218185425e-01,-5.861907452344894409e-02,3.969540596008300781e-01,1.284368634223937988e-01,1.732710450887680054e-01,-1.582551598548889160e-01,-1.752301007509231567e-01,-1.237885579466819763e-01,-6.893501617014408112e-03,1.356781739741563797e-02,1.543099433183670044e-01,2.614009082317352295e-01,4.192100465297698975e-01,-2.105817943811416626e-02,1.681838370859622955e-02,-1.384972482919692993e-01,-6.154302135109901428e-02,-5.491523817181587219e-02,6.938508152961730957e-02,1.576917245984077454e-02,5.372641608119010925e-03,-9.787374734878540039e-02,2.063594013452529907e-01,2.870908379554748535e-01,-2.444941997528076172e-01,-2.436347752809524536e-01,-8.563046343624591827e-03,3.901652619242668152e-02,-8.358814567327499390e-02,-1.701449006795883179e-01,-5.059801507741212845e-03,4.207936227321624756e-01,-3.283636569976806641e-01,-2.362163811922073364e-01,2.710202336311340332e-02,-1.594067923724651337e-02,2.849476337432861328e-01,-1.839229613542556763e-01,2.352903038263320923e-01,3.869597613811492920e-02,-2.742776870727539062e-01,-1.381473056972026825e-02,1.703881174325942993e-01,-1.072857230901718140e-01,-4.310222566127777100e-01,6.626447290182113647e-02,-2.050310224294662476e-01,1.577468961477279663e-01,-3.104781210422515869e-01,-5.815857555717229843e-03,3.611567616462707520e-02,1.978588700294494629e-01,1.964448541402816772e-01,-2.605516016483306885e-01,-9.473428130149841309e-03,-1.490106731653213501e-01,-1.956196427345275879e-01,7.862225919961929321e-02,2.645470201969146729e-01,-1.206630542874336243e-01,1.401037275791168213e-01,-3.399523720145225525e-02,2.191371023654937744e-01,-4.508225321769714355e-01,2.586079239845275879e-01,-1.474941670894622803e-01,2.917553484439849854e-01,2.171885967254638672e-01,-2.088651992380619049e-03,-8.806699514389038086e-02,2.572683990001678467e-01,1.914776265621185303e-01,-3.097723126411437988e-01,-1.442837092326954007e-04,1.931592971086502075e-01,-5.634048953652381897e-03,2.950421571731567383e-01,6.147937476634979248e-02,-2.914603054523468018e-02,1.170542323961853981e-03,4.789637029170989990e-02,-1.982395946979522705e-01,2.667854130268096924e-01,8.341961354017257690e-02,1.970022320747375488e-01,-1.900377124547958374e-01,2.524029612541198730e-01,1.106605902314186096e-01,1.707465201616287231e-02,6.569994184246752411e-06,8.343483507633209229e-02,-1.005791723728179932e-01,1.958877742290496826e-01,-4.331282526254653931e-02,2.858510315418243408e-01,1.578938364982604980e-01,-1.907051354646682739e-01,-4.474495649337768555e-01,2.721391320228576660e-01,-5.602065846323966980e-02,1.207203045487403870e-01,1.462845783680677414e-02,-2.556591331958770752e-01,1.706875115633010864e-01,2.192319929599761963e-01,-3.121548295021057129e-01,-1.628193557262420654e-01,2.109904736280441284e-01,-1.639235019683837891e-02,9.326132386922836304e-02,2.134056836366653442e-01,-1.814428418874740601e-01,7.713131606578826904e-02,-3.371501863002777100e-01,-2.971413135528564453e-01,-6.368304044008255005e-02,2.623344361782073975e-01,1.080017238855361938e-01,-2.818606607615947723e-02,-1.635848730802536011e-01
-1.190309226512908936e-01,-3.348471596837043762e-02,3.284782767295837402e-01,-2.323232442140579224e-01,-3.945585489273071289e-01,1.287929415702819824e-01,5.846092477440834045e-02,-4.456222355365753174e-01,-2.916206419467926025e-01,-2.141943424940109253e-01,1.284368634223937988e-01,3.430388867855072021e-01,-2.339175492525100708e-01,-3.146147131919860840e-01,-4.085092544555664062e-01,-5.768816471099853516e-01,8.788058185018599033e-04,-2.465637475252151489e-01,2.906945645809173584e-01,3.254244923591613770e-01,2.651450932025909424e-01,-1.560801565647125244e-01,-1.414714455604553223e-01,6.885758042335510254e-02,-8.675995469093322754e-02,-5.039820671081542969e-01,3.974864780902862549e-01,3.899600505828857422e-01,-4.751706123352050781e-01,1.024101600050926208e-01,8.200524002313613892e-02,5.234095454216003418e-01,-7.797320932149887085e-02,-4.195857048034667969e-01,3.323150426149368286e-02,4.971161186695098877e-01,-3.825555145740509033e-01,-4.162532389163970947e-01,5.581453442573547363e-01,4.144255816936492920e-01,-4.238286614418029785e-01,-6.501019746065139771e-02,-2.684954404830932617e-01,-1.387564986944198608e-01,-3.911766782402992249e-02,2.228391319513320923e-01,3.878200948238372803e-01,1.105148866772651672e-01,-6.614618748426437378e-02,1.193888559937477112e-01,1.853495538234710693e-01,1.924367398023605347e-01,-3.158293962478637695e-01,1.071916054934263229e-02,8.349313586950302124e-02,5.461053252220153809e-01,-3.128705620765686035e-01,-2.268876135349273682e-02,2.159858942031860352e-01,1.842567026615142822e-01,4.142338037490844727e-02,-2.413175813853740692e-02,-4.388265777379274368e-03,-1.696246117353439331e-01,-8.547094464302062988e-02,1.685076057910919189e-01,8.397606201469898224e-03,-5.180546045303344727e-01,4.421757459640502930e-01,-3.714877665042877197e-01,5.052779912948608398e-01,6.273836642503738403e-02,1.367984414100646973e-01,-4.122460484504699707e-01,1.143919155001640320e-01,4.562886059284210205e-01,8.917260565795004368e-04,-4.856479167938232422e-01,4.864921420812606812e-02,4.397995173931121826e-01,-4.606459438800811768e-01,-4.186205042060464621e-04,4.839949905872344971e-01,2.421542070806026459e-03,5.319075584411621094e-01,3.772195875644683838e-01,-3.483453691005706787e-01,-7.102767005562782288e-03,-2.765557169914245605e-01,-4.033203721046447754e-01,1.143125966191291809e-01,-1.218908801674842834e-01,2.674733400344848633e-01,-1.578696966171264648e-01,3.793700039386749268e-01,1.939123570919036865e-01,-2.044304460287094116e-01,2.866395789169473574e-06,4.523486196994781494e-01,-3.239405155181884766e-01,3.859736919403076172e-01,-4.258616864681243896e-01,4.610247910022735596e-01,4.901739060878753662e-01,-3.941717147827148438e-01,-4.583112150430679321e-02,2.162556499242782593e-01,3.092233240604400635e-01,2.898189723491668701e-01,-1.722021261230111122e-03,-2.922003865242004395e-01,2.293052822351455688e-01,3.905901908874511719e-01,-9.117851406335830688e-02,-4.663675129413604736e-01,3.783339262008666992e-01,-4.135153889656066895e-01,-9.125918895006179810e-02,5.089473128318786621e-01,-1.624397933483123779e-01,-2.301597297191619873e-01,-3.387565612792968750e-01,-3.523414433002471924e-01,6.448391079902648926e-02,3.294070661067962646e-01,7.804280519485473633e-02,-1.616621389985084534e-02,-3.534960150718688965e-01
