9.999982118606567383e-01,-9.999985098838806152e-01,-9.999872446060180664e-01,9.999982118606567383e-01,9.999989271163940430e-01,-9.999986886978149414e-01,9.999952912330627441e-01,9.999990463256835938e-01,-9.999972581863403320e-01,9.999973177909851074e-01,-9.999982714653015137e-01,-9.999988675117492676e-01,9.999979734420776367e-01,9.999980330467224121e-01,9.999739527702331543e-01,9.999973177909851074e-01,9.999975562095642090e-01,-9.999986290931701660e-01,9.999918937683105469e-01,-9.999991059303283691e-01,-9.999989867210388184e-01,9.999865293502807617e-01,9.999982714653015137e-01,9.999984502792358398e-01,9.999894499778747559e-01,9.999989271163940430e-01,-9.999984502792358398e-01,-9.999988675117492676e-01,9.999790191650390625e-01,-9.999958276748657227e-01,-9.999942183494567871e-01,-9.999985098838806152e-01,9.999929666519165039e-01,9.999973773956298828e-01,-9.999967813491821289e-01,-9.999836087226867676e-01,9.999989867210388184e-01,9.999985694885253906e-01,9.999927878379821777e-01,-9.999988675117492676e-01,9.999985098838806152e-01,-9.999968409538269043e-01,9.999631643295288086e-01,9.999988079071044922e-01,9.999978542327880859e-01,9.999980926513671875e-01,9.998892545700073242e-01,9.999981522560119629e-01,9.999988079071044922e-01,-9.999984502792358398e-01,-9.999987483024597168e-01,-9.999976754188537598e-01,-9.999988079071044922e-01,-9.999911189079284668e-01,-9.999970197677612305e-01,-9.999980330467224121e-01,-9.999971389770507812e-01,9.998630285263061523e-01,9.999977350234985352e-01,9.999983310699462891e-01,-9.999976158142089844e-01,9.999989271163940430e-01,9.999983310699462891e-01,9.999949336051940918e-01,-9.999957680702209473e-01,-9.999988079071044922e-01,-9.999989271163940430e-01,-9.999946951866149902e-01,-9.999986886978149414e-01,9.999986886978149414e-01,-9.999986886978149414e-01,9.999980330467224121e-01,9.999963045120239258e-01,-9.999915957450866699e-01,-9.999046921730041504e-01,-9.999982118606567383e-01,9.999924898147583008e-01,9.999987483024597168e-01,-9.999924302101135254e-01,-9.999968409538269043e-01,-9.999570250511169434e-01,9.999974966049194336e-01,-9.999988079071044922e-01,9.999959468841552734e-01,-9.999981522560119629e-01,-9.999854564666748047e-01,9.999905228614807129e-01,9.999989271163940430e-01,9.998437166213989258e-01,9.999962449073791504e-01,-9.999979138374328613e-01,9.999983906745910645e-01,-9.999756813049316406e-01,-9.999980330467224121e-01,9.999984502792358398e-01,-9.999979138374328613e-01,-9.999914765357971191e-01,9.999989271163940430e-01,-9.999987483024597168e-01,9.999895095825195312e-01,-9.999970793724060059e-01,9.999987483024597168e-01,-9.999755024909973145e-01,-9.999706745147705078e-01,9.999985098838806152e-01,9.999970793724060059e-01,9.993075132369995117e-01,-9.999977946281433105e-01,-9.999942183494567871e-01,9.999985694885253906e-01,-9.999979734420776367e-01,9.999984502792358398e-01,-9.999981522560119629e-01,-9.999857544898986816e-01,9.999989271163940430e-01,-9.999982714653015137e-01,9.999988675117492676e-01,-9.999986290931701660e-01,-9.999941587448120117e-01,-9.999980926513671875e-01,-9.999988675117492676e-01,9.999956488609313965e-01,9.999985694885253906e-01,-9.999974966049194336e-01,-9.999513030052185059e-01,-9.999955296516418457e-01,9.999871253967285156e-01,-9.999973177909851074e-01
-9.999985098838806152e-01,9.999986886978149414e-01,9.999894499778747559e-01,-9.999986290931701660e-01,-9.999989867210388184e-01,9.999988079071044922e-01,-9.999960064888000488e-01,-9.999991655349731445e-01,9.999976754188537598e-01,-9.999977946281433105e-01,9.999984502792358398e-01,9.999991059303283691e-01,-9.999983906745910645e-01,-9.999984502792358398e-01,-9.999782443046569824e-01,-9.999977946281433105e-01,-9.999979734420776367e-01,9.999988675117492676e-01,-9.999933242797851562e-01,9.999992251396179199e-01,9.999991655349731445e-01,-9.999887347221374512e-01,-9.999985694885253906e-01,-9.999986886978149414e-01,-9.999911785125732422e-01,-9.999991655349731445e-01,9.999986886978149414e-01,9.999991059303283691e-01,-9.999824166297912598e-01,9.999964833259582520e-01,9.999951720237731934e-01,9.999987483024597168e-01,-9.999940395355224609e-01,-9.999977350234985352e-01,9.999973177909851074e-01,9.999863505363464355e-01,-9.999991655349731445e-01,-9.999988079071044922e-01,-9.999939799308776855e-01,9.999991059303283691e-01,-9.999987483024597168e-01,9.999973773956298828e-01,-9.999693036079406738e-01,-9.999989271163940430e-01,-9.999982118606567383e-01,-9.999983906745910645e-01,-9.999074935913085938e-01,-9.999984502792358398e-01,-9.999989867210388184e-01,9.999986886978149414e-01,9.999989271163940430e-01,9.999980330467224121e-01,9.999989867210388184e-01,9.999924898147583008e-01,9.999974370002746582e-01,9.999984502792358398e-01,9.999976158142089844e-01,-9.998854994773864746e-01,-9.999981522560119629e-01,-9.999985098838806152e-01,9.999979734420776367e-01,-9.999990463256835938e-01,-9.999985098838806152e-01,-9.999957084655761719e-01,9.999964833259582520e-01,9.999989867210388184e-01,9.999991655349731445e-01,9.999955296516418457e-01,9.999988675117492676e-01,-9.999989271163940430e-01,9.999988675117492676e-01,-9.999983310699462891e-01,-9.999969005584716797e-01,9.999929070472717285e-01,9.999203681945800781e-01,9.999985098838806152e-01,-9.999937415122985840e-01,-9.999988675117492676e-01,9.999936819076538086e-01,9.999973177909851074e-01,9.999639987945556641e-01,-9.999979138374328613e-01,9.999989867210388184e-01,-9.999966025352478027e-01,9.999984502792358398e-01,9.999879598617553711e-01,-9.999920725822448730e-01,-9.999991059303283691e-01,-9.998694658279418945e-01,-9.999968409538269043e-01,9.999982714653015137e-01,-9.999985694885253906e-01,9.999796748161315918e-01,9.999983310699462891e-01,-9.999987483024597168e-01,9.999983310699462891e-01,9.999929070472717285e-01,-9.999990463256835938e-01,9.999989271163940430e-01,-9.999912381172180176e-01,9.999975562095642090e-01,-9.999989271163940430e-01,9.999794960021972656e-01,9.999755024909973145e-01,-9.999987483024597168e-01,-9.999974966049194336e-01,-9.994213581085205078e-01,9.999980926513671875e-01,9.999951720237731934e-01,-9.999987483024597168e-01,9.999983310699462891e-01,-9.999988079071044922e-01,9.999983310699462891e-01,9.999880790710449219e-01,-9.999992251396179199e-01,9.999984502792358398e-01,-9.999990463256835938e-01,9.999988675117492676e-01,9.999951124191284180e-01,9.999984502792358398e-01,9.999991655349731445e-01,-9.999963045120239258e-01,-9.999988079071044922e-01,9.999978542327880859e-01,9.999593496322631836e-01,9.999961256980895996e-01,-9.999892711639404297e-01,9.999977946281433105e-01
-9.999872446060180664e-01,9.999894499778747559e-01,9.999099969863891602e-01,-9.999875426292419434e-01,-9.999919533729553223e-01,9.999906420707702637e-01,-9.999666213989257812e-01,-9.999929070472717285e-01,9.999806284904479980e-01,-9.999812841415405273e-01,9.999877810478210449e-01,9.999920129776000977e-01,-9.999865889549255371e-01,-9.999871850013732910e-01,-9.998145699501037598e-01,-9.999818205833435059e-01,-9.999831914901733398e-01,9.999901652336120605e-01,-9.999424815177917480e-01,9.999931454658508301e-01,9.999923110008239746e-01,-9.999040961265563965e-01,-9.999877810478210449e-01,-9.999891519546508789e-01,-9.999244809150695801e-01,-9.999928474426269531e-01,9.999892115592956543e-01,9.999920129776000977e-01,-9.998508691787719727e-01,9.999706149101257324e-01,9.999586343765258789e-01,9.999895095825195312e-01,-9.999498724937438965e-01,-9.999812245368957520e-01,9.999772906303405762e-01,9.998835921287536621e-01,-9.999926090240478516e-01,-9.999901652336120605e-01,-9.999486207962036133e-01,9.999920129776000977e-01,-9.999895095825195312e-01,9.999778270721435547e-01,-9.997383952140808105e-01,-9.999910593032836914e-01,-9.999850392341613770e-01,-9.999865293502807617e-01,-9.992135763168334961e-01,-9.999870657920837402e-01,-9.999913573265075684e-01,9.999897480010986328e-01,9.999908804893493652e-01,9.999837279319763184e-01,9.999909996986389160e-01,9.999366998672485352e-01,9.999786615371704102e-01,9.999862909317016602e-01,9.999800324440002441e-01,-9.990270137786865234e-01,-9.999842047691345215e-01,-9.999880194664001465e-01,9.999837279319763184e-01,-9.999923706054687500e-01,-9.999876618385314941e-01,-9.999638795852661133e-01,9.999694824218750000e-01,9.999914169311523438e-01,9.999927878379821777e-01,9.999627470970153809e-01,9.999908804893493652e-01,-9.999912381172180176e-01,9.999907016754150391e-01,-9.999860525131225586e-01,-9.999740719795227051e-01,9.999395608901977539e-01,9.993229508399963379e-01,9.999872446060180664e-01,-9.999465346336364746e-01,-9.999906420707702637e-01,9.999462962150573730e-01,9.999774098396301270e-01,9.996940493583679199e-01,-9.999824762344360352e-01,9.999914765357971191e-01,-9.999706149101257324e-01,9.999876618385314941e-01,9.998964667320251465e-01,-9.999324679374694824e-01,-9.999918937683105469e-01,-9.988905787467956543e-01,-9.999735355377197266e-01,9.999855160713195801e-01,-9.999881982803344727e-01,9.998267292976379395e-01,9.999861717224121094e-01,-9.999893307685852051e-01,9.999853968620300293e-01,9.999396204948425293e-01,-9.999924302101135254e-01,9.999912977218627930e-01,-9.999256134033203125e-01,9.999794960021972656e-01,-9.999907612800598145e-01,9.998258352279663086e-01,9.997914433479309082e-01,-9.999896287918090820e-01,-9.999794960021972656e-01,-9.950984120368957520e-01,9.999847412109375000e-01,9.999588727951049805e-01,-9.999895095825195312e-01,9.999858140945434570e-01,-9.999896883964538574e-01,9.999868869781494141e-01,9.998983740806579590e-01,-9.999929070472717285e-01,9.999878406524658203e-01,-9.999915361404418945e-01,9.999904632568359375e-01,9.999582767486572266e-01,9.999868273735046387e-01,9.999915957450866699e-01,-9.999696612358093262e-01,-9.999900460243225098e-01,9.999824166297912598e-01,9.996547698974609375e-01,9.999681115150451660e-01,-9.999083280563354492e-01,9.999812841415405273e-01
9.999982118606567383e-01,-9.999986290931701660e-01,-9.999875426292419434e-01,9.999983310699462891e-01,9.999988675117492676e-01,-9.999986886978149414e-01,9.999954700469970703e-01,9.999990463256835938e-01,-9.999972581863403320e-01,9.999974370002746582e-01,-9.999982714653015137e-01,-9.999989271163940430e-01,9.999980926513671875e-01,9.999982118606567383e-01,9.999744296073913574e-01,9.999974370002746582e-01,9.999976158142089844e-01,-9.999986290931701660e-01,9.999921917915344238e-01,-9.999991059303283691e-01,-9.999989867210388184e-01,9.999867081642150879e-01,9.999983906745910645e-01,9.999984502792358398e-01,9.999896287918090820e-01,9.999990463256835938e-01,-9.999985694885253906e-01,-9.999989271163940430e-01,9.999794363975524902e-01,-9.999959468841552734e-01,-9.999943375587463379e-01,-9.999986290931701660e-01,9.999930858612060547e-01,9.999974370002746582e-01,-9.999967813491821289e-01,-9.999839663505554199e-01,9.999989867210388184e-01,9.999986886978149414e-01,9.999929070472717285e-01,-9.999988675117492676e-01,9.999985098838806152e-01,-9.999969005584716797e-01,9.999637603759765625e-01,9.999988079071044922e-01,9.999979138374328613e-01,9.999980926513671875e-01,9.998910427093505859e-01,9.999982118606567383e-01,9.999988675117492676e-01,-9.999985694885253906e-01,-9.999988079071044922e-01,-9.999977946281433105e-01,-9.999988079071044922e-01,-9.999912381172180176e-01,-9.999970793724060059e-01,-9.999981522560119629e-01,-9.999972581863403320e-01,9.998651742935180664e-01,9.999978542327880859e-01,9.999983310699462891e-01,-9.999977350234985352e-01,9.999989867210388184e-01,9.999983310699462891e-01,9.999949932098388672e-01,-9.999958872795104980e-01,-9.999988079071044922e-01,-9.999989867210388184e-01,-9.999948143959045410e-01,-9.999986290931701660e-01,9.999988675117492676e-01,-9.999986886978149414e-01,9.999980330467224121e-01,9.999963641166687012e-01,-9.999917745590209961e-01,-9.999061226844787598e-01,-9.999982118606567383e-01,9.999926090240478516e-01,9.999987483024597168e-01,-9.999926686286926270e-01,-9.999969005584716797e-01,-9.999576807022094727e-01,9.999976158142089844e-01,-9.999988675117492676e-01,9.999960064888000488e-01,-9.999982714653015137e-01,-9.999858140945434570e-01,9.999907016754150391e-01,9.999989867210388184e-01,9.998461604118347168e-01,9.999963641166687012e-01,-9.999980330467224121e-01,9.999984502792358398e-01,-9.999760389328002930e-01,-9.999981522560119629e-01,9.999985098838806152e-01,-9.999980330467224121e-01,-9.999917745590209961e-01,9.999989271163940430e-01,-9.999987483024597168e-01,9.999897480010986328e-01,-9.999971389770507812e-01,9.999988079071044922e-01,-9.999759197235107422e-01,-9.999712109565734863e-01,9.999986290931701660e-01,9.999971985816955566e-01,9.993180632591247559e-01,-9.999979138374328613e-01,-9.999943375587463379e-01,9.999985098838806152e-01,-9.999980330467224121e-01,9.999985694885253906e-01,-9.999981522560119629e-01,-9.999860525131225586e-01,9.999990463256835938e-01,-9.999982714653015137e-01,9.999988675117492676e-01,-9.999987483024597168e-01,-9.999943375587463379e-01,-9.999981522560119629e-01,-9.999988675117492676e-01,9.999957680702209473e-01,9.999986886978149414e-01,-9.999975562095642090e-01,-9.999521374702453613e-01,-9.999956488609313965e-01,9.999873042106628418e-01,-9.999974370002746582e-01
9.999989271163940430e-01,-9.999989867210388184e-01,-9.999919533729553223e-01,9.999988675117492676e-01,9.999993443489074707e-01,-9.999991059303283691e-01,9.999970197677612305e-01,9.999994039535522461e-01,-9.999982714653015137e-01,9.999984502792358398e-01,-9.999988675117492676e-01,-9.999993443489074707e-01,9.999988079071044922e-01,9.999988675117492676e-01,9.999837279319763184e-01,9.999982714653015137e-01,9.999985098838806152e-01,-9.999991059303283691e-01,9.999949336051940918e-01,-9.999994039535522461e-01,-9.999994039535522461e-01,9.999914765357971191e-01,9.999989867210388184e-01,9.999991059303283691e-01,9.999934434890747070e-01,9.999994039535522461e-01,-9.999991059303283691e-01,-9.999993443489074707e-01,9.999869465827941895e-01,-9.999973773956298828e-01,-9.999963045120239258e-01,-9.999991059303283691e-01,9.999955892562866211e-01,9.999983310699462891e-01,-9.999979734420776367e-01,-9.999897480010986328e-01,9.999992847442626953e-01,9.999991655349731445e-01,9.999954700469970703e-01,-9.999993443489074707e-01,9.999989867210388184e-01,-9.999980330467224121e-01,9.999769926071166992e-01,9.999992251396179199e-01,9.999985694885253906e-01,9.999988079071044922e-01,9.999306201934814453e-01,9.999988675117492676e-01,9.999992847442626953e-01,-9.999990463256835938e-01,-9.999992251396179199e-01,-9.999985694885253906e-01,-9.999993443489074707e-01,-9.999944567680358887e-01,-9.999980926513671875e-01,-9.999988675117492676e-01,-9.999982118606567383e-01,9.999141693115234375e-01,9.999985694885253906e-01,9.999988675117492676e-01,-9.999984502792358398e-01,9.999993443489074707e-01,9.999989271163940430e-01,9.999967813491821289e-01,-9.999973773956298828e-01,-9.999992847442626953e-01,-9.999994039535522461e-01,-9.999966025352478027e-01,-9.999991655349731445e-01,9.999992847442626953e-01,-9.999992251396179199e-01,9.999987483024597168e-01,9.999976754188537598e-01,-9.999946951866149902e-01,-9.999402761459350586e-01,-9.999988675117492676e-01,9.999953508377075195e-01,9.999992251396179199e-01,-9.999952912330627441e-01,-9.999980926513671875e-01,-9.999730587005615234e-01,9.999984502792358398e-01,-9.999992847442626953e-01,9.999973773956298828e-01,-9.999988675117492676e-01,-9.999908804893493652e-01,9.999940395355224609e-01,9.999993443489074707e-01,9.999021291732788086e-01,9.999976158142089844e-01,-9.999986886978149414e-01,9.999989867210388184e-01,-9.999847412109375000e-01,-9.999988079071044922e-01,9.999991059303283691e-01,-9.999986886978149414e-01,-9.999947547912597656e-01,9.999993443489074707e-01,-9.999992847442626953e-01,9.999934434890747070e-01,-9.999981522560119629e-01,9.999992251396179199e-01,-9.999846816062927246e-01,-9.999817013740539551e-01,9.999991059303283691e-01,9.999981522560119629e-01,9.995661377906799316e-01,-9.999986290931701660e-01,-9.999963045120239258e-01,9.999991059303283691e-01,-9.999987483024597168e-01,9.999991655349731445e-01,-9.999988079071044922e-01,-9.999910593032836914e-01,9.999993443489074707e-01,-9.999988675117492676e-01,9.999993443489074707e-01,-9.999992251396179199e-01,-9.999963045120239258e-01,-9.999988079071044922e-01,-9.999994039535522461e-01,9.999972581863403320e-01,9.999991655349731445e-01,-9.999984502792358398e-01,-9.999696016311645508e-01,-9.999971389770507812e-01,9.999918937683105469e-01,-9.999984502792358398e-01
-9.999986886978149414e-01,9.999988079071044922e-01,9.999906420707702637e-01,-9.999986886978149414e-01,-9.999991059303283691e-01,9.999991059303283691e-01,-9.999964833259582520e-01,-9.999992847442626953e-01,9.999979138374328613e-01,-9.999980330467224121e-01,9.999986290931701660e-01,9.999991059303283691e-01,-9.999985098838806152e-01,-9.999985694885253906e-01,-9.999808073043823242e-01,-9.999980926513671875e-01,-9.999981522560119629e-01,9.999989271163940430e-01,-9.999940395355224609e-01,9.999993443489074707e-01,9.999992251396179199e-01,-9.999900460243225098e-01,-9.999987483024597168e-01,-9.999988675117492676e-01,-9.999921917915344238e-01,-9.999992251396179199e-01,9.999988675117492676e-01,9.999992251396179199e-01,-9.999846220016479492e-01,9.999969005584716797e-01,9.999957084655761719e-01,9.999988079071044922e-01,-9.999947547912597656e-01,-9.999980330467224121e-01,9.999975562095642090e-01,9.999879598617553711e-01,-9.999991655349731445e-01,-9.999989271163940430e-01,-9.999946951866149902e-01,9.999991059303283691e-01,-9.999988079071044922e-01,9.999976158142089844e-01,-9.999728798866271973e-01,-9.999991059303283691e-01,-9.999983310699462891e-01,-9.999985098838806152e-01,-9.999185204505920410e-01,-9.999986290931701660e-01,-9.999991655349731445e-01,9.999988675117492676e-01,9.999991059303283691e-01,9.999982714653015137e-01,9.999992251396179199e-01,9.999935030937194824e-01,9.999977350234985352e-01,9.999985694885253906e-01,9.999979138374328613e-01,-9.998992681503295898e-01,-9.999983310699462891e-01,-9.999986886978149414e-01,9.999982118606567383e-01,-9.999992251396179199e-01,-9.999986886978149414e-01,-9.999962449073791504e-01,9.999967813491821289e-01,9.999991655349731445e-01,9.999992251396179199e-01,9.999961256980895996e-01,9.999989867210388184e-01,-9.999990463256835938e-01,9.999989867210388184e-01,-9.999984502792358398e-01,-9.999972581863403320e-01,9.999936819076538086e-01,9.999299645423889160e-01,9.999986886978149414e-01,-9.999944567680358887e-01,-9.999989867210388184e-01,9.999943971633911133e-01,9.999976158142089844e-01,9.999684095382690430e-01,-9.999981522560119629e-01,9.999991655349731445e-01,-9.999968409538269043e-01,9.999986290931701660e-01,9.999893307685852051e-01,-9.999929070472717285e-01,-9.999992251396179199e-01,-9.998850226402282715e-01,-9.999971389770507812e-01,9.999984502792358398e-01,-9.999987483024597168e-01,9.999820590019226074e-01,9.999984502792358398e-01,-9.999988675117492676e-01,9.999984502792358398e-01,9.999936819076538086e-01,-9.999991655349731445e-01,9.999990463256835938e-01,-9.999921917915344238e-01,9.999977946281433105e-01,-9.999991059303283691e-01,9.999819993972778320e-01,9.999784231185913086e-01,-9.999989271163940430e-01,-9.999977946281433105e-01,-9.994909763336181641e-01,9.999983310699462891e-01,9.999957084655761719e-01,-9.999989271163940430e-01,9.999985098838806152e-01,-9.999988675117492676e-01,9.999985694885253906e-01,9.999894499778747559e-01,-9.999992847442626953e-01,9.999986290931701660e-01,-9.999991655349731445e-01,9.999990463256835938e-01,9.999956488609313965e-01,9.999986290931701660e-01,9.999991655349731445e-01,-9.999967217445373535e-01,-9.999989271163940430e-01,9.999980330467224121e-01,9.999642372131347656e-01,9.999965429306030273e-01,-9.999904632568359375e-01,9.999979138374328613e-01
9.999952912330627441e-01,-9.999960064888000488e-01,-9.999666213989257812e-01,9.999954700469970703e-01,9.999970197677612305e-01,-9.999964833259582520e-01,9.999876618385314941e-01,9.999972581863403320e-01,-9.999928474426269531e-01,9.999930858612060547e-01,-9.999954104423522949e-01,-9.999970197677612305e-01,9.999950528144836426e-01,9.999952316284179688e-01,9.999312162399291992e-01,9.999932050704956055e-01,9.999938011169433594e-01,-9.999963641166687012e-01,9.999787211418151855e-01,-9.999974370002746582e-01,-9.999971985816955566e-01,9.999643564224243164e-01,9.999954700469970703e-01,9.999960064888000488e-01,9.999720454216003418e-01,9.999971985816955566e-01,-9.999960064888000488e-01,-9.999970197677612305e-01,9.999445676803588867e-01,-9.999890327453613281e-01,-9.999846816062927246e-01,-9.999960660934448242e-01,9.999814629554748535e-01,9.999930262565612793e-01,-9.999915957450866699e-01,-9.999567866325378418e-01,9.999971985816955566e-01,9.999963045120239258e-01,9.999809861183166504e-01,-9.999969601631164551e-01,9.999960660934448242e-01,-9.999917745590209961e-01,9.999029636383056641e-01,9.999966621398925781e-01,9.999943971633911133e-01,9.999949336051940918e-01,9.997083544731140137e-01,9.999952316284179688e-01,9.999967217445373535e-01,-9.999961853027343750e-01,-9.999966621398925781e-01,-9.999939799308776855e-01,-9.999966621398925781e-01,-9.999766349792480469e-01,-9.999920725822448730e-01,-9.999949336051940918e-01,-9.999926090240478516e-01,9.996392130851745605e-01,9.999941587448120117e-01,9.999955296516418457e-01,-9.999939799308776855e-01,9.999971389770507812e-01,9.999954104423522949e-01,9.999866485595703125e-01,-9.999887943267822266e-01,-9.999967813491821289e-01,-9.999972581863403320e-01,-9.999861717224121094e-01,-9.999966025352478027e-01,9.999967217445373535e-01,-9.999966025352478027e-01,9.999948143959045410e-01,9.999904036521911621e-01,-9.999776482582092285e-01,-9.997490048408508301e-01,-9.999952912330627441e-01,9.999802112579345703e-01,9.999964833259582520e-01,-9.999801516532897949e-01,-9.999917149543762207e-01,-9.998865723609924316e-01,9.999935030937194824e-01,-9.999967813491821289e-01,9.999890923500061035e-01,-9.999954104423522949e-01,-9.999616742134094238e-01,9.999750256538391113e-01,9.999969601631164551e-01,9.995884299278259277e-01,9.999902248382568359e-01,-9.999946355819702148e-01,9.999956488609313965e-01,-9.999357461929321289e-01,-9.999948143959045410e-01,9.999961256980895996e-01,-9.999946951866149902e-01,-9.999775886535644531e-01,9.999971389770507812e-01,-9.999968409538269043e-01,9.999724030494689941e-01,-9.999924302101135254e-01,9.999965429306030273e-01,-9.999353885650634766e-01,-9.999226331710815430e-01,9.999960660934448242e-01,9.999923110008239746e-01,9.981775879859924316e-01,-9.999943375587463379e-01,-9.999848008155822754e-01,9.999960660934448242e-01,-9.999946355819702148e-01,9.999961256980895996e-01,-9.999951720237731934e-01,-9.999623298645019531e-01,9.999973177909851074e-01,-9.999954104423522949e-01,9.999969005584716797e-01,-9.999964237213134766e-01,-9.999845623970031738e-01,-9.999951124191284180e-01,-9.999968409538269043e-01,9.999887347221374512e-01,9.999963641166687012e-01,-9.999933838844299316e-01,-9.998719096183776855e-01,-9.999881982803344727e-01,9.999660253524780273e-01,-9.999930858612060547e-01
9.999990463256835938e-01,-9.999991655349731445e-01,-9.999929070472717285e-01,9.999990463256835938e-01,9.999994039535522461e-01,-9.999992847442626953e-01,9.999972581863403320e-01,9.999995231628417969e-01,-9.999983906745910645e-01,9.999985694885253906e-01,-9.999990463256835938e-01,-9.999994635581970215e-01,9.999989867210388184e-01,9.999989867210388184e-01,9.999852180480957031e-01,9.999985098838806152e-01,9.999986886978149414e-01,-9.999993443489074707e-01,9.999954700469970703e-01,-9.999995231628417969e-01,-9.999995827674865723e-01,9.999923110008239746e-01,9.999991655349731445e-01,9.999992847442626953e-01,9.999940395355224609e-01,9.999995231628417969e-01,-9.999992847442626953e-01,-9.999994635581970215e-01,9.999881386756896973e-01,-9.999976158142089844e-01,-9.999966621398925781e-01,-9.999992847442626953e-01,9.999960660934448242e-01,9.999985694885253906e-01,-9.999982714653015137e-01,-9.999907016754150391e-01,9.999994635581970215e-01,9.999993443489074707e-01,9.999959468841552734e-01,-9.999994635581970215e-01,9.999992251396179199e-01,-9.999982118606567383e-01,9.999790787696838379e-01,9.999994039535522461e-01,9.999988675117492676e-01,9.999989867210388184e-01,9.999367594718933105e-01,9.999989867210388184e-01,9.999995231628417969e-01,-9.999993443489074707e-01,-9.999994039535522461e-01,-9.999987483024597168e-01,-9.999994039535522461e-01,-9.999949932098388672e-01,-9.999983906745910645e-01,-9.999989271163940430e-01,-9.999983906745910645e-01,9.999217987060546875e-01,9.999988079071044922e-01,9.999991059303283691e-01,-9.999987483024597168e-01,9.999994635581970215e-01,9.999991059303283691e-01,9.999971389770507812e-01,-9.999975562095642090e-01,-9.999994039535522461e-01,-9.999994635581970215e-01,-9.999969601631164551e-01,-9.999992847442626953e-01,9.999994039535522461e-01,-9.999992847442626953e-01,9.999989271163940430e-01,9.999979138374328613e-01,-9.999952316284179688e-01,-9.999456405639648438e-01,-9.999989867210388184e-01,9.999957680702209473e-01,9.999992847442626953e-01,-9.999957680702209473e-01,-9.999982714653015137e-01,-9.999755620956420898e-01,9.999986290931701660e-01,-9.999994039535522461e-01,9.999976754188537598e-01,-9.999990463256835938e-01,-9.999917745590209961e-01,9.999945759773254395e-01,9.999994635581970215e-01,9.999107718467712402e-01,9.999979138374328613e-01,-9.999988675117492676e-01,9.999992251396179199e-01,-9.999861717224121094e-01,-9.999989271163940430e-01,9.999992847442626953e-01,-9.999988675117492676e-01,-9.999952316284179688e-01,9.999994039535522461e-01,-9.999993443489074707e-01,9.999940395355224609e-01,-9.999984502792358398e-01,9.999994039535522461e-01,-9.999860525131225586e-01,-9.999833703041076660e-01,9.999992251396179199e-01,9.999983310699462891e-01,9.996045231819152832e-01,-9.999988079071044922e-01,-9.999966621398925781e-01,9.999992847442626953e-01,-9.999989271163940430e-01,9.999992847442626953e-01,-9.999989867210388184e-01,-9.999918937683105469e-01,9.999995231628417969e-01,-9.999990463256835938e-01,9.999994039535522461e-01,-9.999993443489074707e-01,-9.999967217445373535e-01,-9.999989867210388184e-01,-9.999994635581970215e-01,9.999976158142089844e-01,9.999992251396179199e-01,-9.999985694885253906e-01,-9.999724030494689941e-01,-9.999974966049194336e-01,9.999926686286926270e-01,-9.999985694885253906e-01
-9.999972581863403320e-01,9.999976754188537598e-01,9.999806284904479980e-01,-9.999972581863403320e-01,-9.999982714653015137e-01,9.999979138374328613e-01,-9.999928474426269531e-01,-9.999983906745910645e-01,9.999958276748657227e-01,-9.999960064888000488e-01,9.999973177909851074e-01,9.999982714653015137e-01,-9.999970793724060059e-01,-9.999971985816955566e-01,-9.999600052833557129e-01,-9.999960660934448242e-01,-9.999963045120239258e-01,9.999978542327880859e-01,-9.999876022338867188e-01,9.999985098838806152e-01,9.999983310699462891e-01,-9.999793767929077148e-01,-9.999974370002746582e-01,-9.999976158142089844e-01,-9.999837875366210938e-01,-9.999984502792358398e-01,9.999976754188537598e-01,9.999982714653015137e-01,-9.999678134918212891e-01,9.999936819076538086e-01,9.999911785125732422e-01,9.999976754188537598e-01,-9.999892115592956543e-01,-9.999959468841552734e-01,9.999951124191284180e-01,9.999749064445495605e-01,-9.999983906745910645e-01,-9.999978542327880859e-01,-9.999889135360717773e-01,9.999982714653015137e-01,-9.999977350234985352e-01,9.999952316284179688e-01,-9.999435544013977051e-01,-9.999980330467224121e-01,-9.999967217445373535e-01,-9.999969601631164551e-01,-9.998303651809692383e-01,-9.999971985816955566e-01,-9.999980926513671875e-01,9.999976754188537598e-01,9.999980926513671875e-01,9.999964237213134766e-01,9.999981522560119629e-01,9.999864101409912109e-01,9.999954104423522949e-01,9.999970793724060059e-01,9.999957084655761719e-01,-9.997901916503906250e-01,-9.999965429306030273e-01,-9.999973773956298828e-01,9.999964237213134766e-01,-9.999982118606567383e-01,-9.999973773956298828e-01,-9.999923706054687500e-01,9.999935030937194824e-01,9.999981522560119629e-01,9.999983310699462891e-01,9.999919533729553223e-01,9.999979138374328613e-01,-9.999980926513671875e-01,9.999979734420776367e-01,-9.999969601631164551e-01,-9.999945163726806641e-01,9.999870061874389648e-01,9.998539686203002930e-01,9.999971985816955566e-01,-9.999884963035583496e-01,-9.999980330467224121e-01,9.999884366989135742e-01,9.999951720237731934e-01,9.999340176582336426e-01,-9.999963045120239258e-01,9.999981522560119629e-01,-9.999936819076538086e-01,9.999972581863403320e-01,9.999777078628540039e-01,-9.999854564666748047e-01,-9.999982118606567383e-01,-9.997605681419372559e-01,-9.999942779541015625e-01,9.999968409538269043e-01,-9.999974966049194336e-01,9.999626278877258301e-01,9.999969601631164551e-01,-9.999976754188537598e-01,9.999969005584716797e-01,9.999870061874389648e-01,-9.999983310699462891e-01,9.999980926513671875e-01,-9.999840259552001953e-01,9.999955892562866211e-01,-9.999979734420776367e-01,9.999624490737915039e-01,9.999549984931945801e-01,-9.999977350234985352e-01,-9.999955892562866211e-01,-9.989390373229980469e-01,9.999966621398925781e-01,9.999912381172180176e-01,-9.999977946281433105e-01,9.999969005584716797e-01,-9.999977350234985352e-01,9.999971389770507812e-01,9.999781250953674316e-01,-9.999983310699462891e-01,9.999973177909851074e-01,-9.999981522560119629e-01,9.999978542327880859e-01,9.999909996986389160e-01,9.999971389770507812e-01,9.999982714653015137e-01,-9.999934434890747070e-01,-9.999977946281433105e-01,9.999960660934448242e-01,9.999255537986755371e-01,9.999931454658508301e-01,-9.999802708625793457e-01,9.999959468841552734e-01
9.999973177909851074e-01,-9.999977946281433105e-01,-9.999812841415405273e-01,9.999974370002746582e-01,9.999984502792358398e-01,-9.999980330467224121e-01,9.999930858612060547e-01,9.999985694885253906e-01,-9.999960064888000488e-01,9.999960660934448242e-01,-9.999974370002746582e-01,-9.999983310699462891e-01,9.999971985816955566e-01,9.999973773956298828e-01,9.999614953994750977e-01,9.999961853027343750e-01,9.999964833259582520e-01,-9.999979734420776367e-01,9.999881386756896973e-01,-9.999986290931701660e-01,-9.999984502792358398e-01,9.999800920486450195e-01,9.999974966049194336e-01,9.999977946281433105e-01,9.999844431877136230e-01,9.999985098838806152e-01,-9.999977946281433105e-01,-9.999984502792358398e-01,9.999690055847167969e-01,-9.999938607215881348e-01,-9.999914765357971191e-01,-9.999978542327880859e-01,9.999895691871643066e-01,9.999961256980895996e-01,-9.999953508377075195e-01,-9.999758005142211914e-01,9.999984502792358398e-01,9.999979734420776367e-01,9.999893903732299805e-01,-9.999983310699462891e-01,9.999977946281433105e-01,-9.999954104423522949e-01,9.999455213546752930e-01,9.999982118606567383e-01,9.999968409538269043e-01,9.999971389770507812e-01,9.998363256454467773e-01,9.999973773956298828e-01,9.999982714653015137e-01,-9.999979138374328613e-01,-9.999981522560119629e-01,-9.999966621398925781e-01,-9.999982118606567383e-01,-9.999868869781494141e-01,-9.999956488609313965e-01,-9.999971985816955566e-01,-9.999958872795104980e-01,9.997975826263427734e-01,9.999967813491821289e-01,9.999974966049194336e-01,-9.999966025352478027e-01,9.999985098838806152e-01,9.999974370002746582e-01,9.999926090240478516e-01,-9.999937415122985840e-01,-9.999982118606567383e-01,-9.999985694885253906e-01,-9.999923110008239746e-01,-9.999980926513671875e-01,9.999981522560119629e-01,-9.999981522560119629e-01,9.999971389770507812e-01,9.999946951866149902e-01,-9.999875426292419434e-01,-9.998592138290405273e-01,-9.999973773956298828e-01,9.999889135360717773e-01,9.999981522560119629e-01,-9.999889135360717773e-01,-9.999954104423522949e-01,-9.999364614486694336e-01,9.999964237213134766e-01,-9.999983310699462891e-01,9.999938607215881348e-01,-9.999974370002746582e-01,-9.999784827232360840e-01,9.999859929084777832e-01,9.999983906745910645e-01,9.997690916061401367e-01,9.999945759773254395e-01,-9.999970197677612305e-01,9.999975562095642090e-01,-9.999639987945556641e-01,-9.999971389770507812e-01,9.999977350234985352e-01,-9.999970197677612305e-01,-9.999875426292419434e-01,9.999983906745910645e-01,-9.999982714653015137e-01,9.999845623970031738e-01,-9.999958276748657227e-01,9.999981522560119629e-01,-9.999638199806213379e-01,-9.999566674232482910e-01,9.999977946281433105e-01,9.999957680702209473e-01,9.989764690399169922e-01,-9.999967813491821289e-01,-9.999915361404418945e-01,9.999978542327880859e-01,-9.999970793724060059e-01,9.999979138374328613e-01,-9.999972581863403320e-01,-9.999789595603942871e-01,9.999985098838806152e-01,-9.999974370002746582e-01,9.999983310699462891e-01,-9.999980926513671875e-01,-9.999914169311523438e-01,-9.999973177909851074e-01,-9.999983310699462891e-01,9.999936819076538086e-01,9.999979734420776367e-01,-9.999963045120239258e-01,-9.999282360076904297e-01,-9.999933838844299316e-01,9.999809861183166504e-01,-9.999960660934448242e-01
-9.999982714653015137e-01,9.999984502792358398e-01,9.999877810478210449e-01,-9.999982714653015137e-01,-9.999988675117492676e-01,9.999986290931701660e-01,-9.999954104423522949e-01,-9.999990463256835938e-01,9.999973177909851074e-01,-9.999974370002746582e-01,9.999983310699462891e-01,9.999988675117492676e-01,-9.999981522560119629e-01,-9.999982118606567383e-01,-9.999747872352600098e-01,-9.999974370002746582e-01,-9.999976158142089844e-01,9.999985694885253906e-01,-9.999921917915344238e-01,9.999991059303283691e-01,9.999989271163940430e-01,-9.999869465827941895e-01,-9.999983310699462891e-01,-9.999985098838806152e-01,-9.999897480010986328e-01,-9.999989271163940430e-01,9.999985098838806152e-01,9.999988675117492676e-01,-9.999796152114868164e-01,9.999959468841552734e-01,9.999942779541015625e-01,9.999985694885253906e-01,-9.999932050704956055e-01,-9.999973773956298828e-01,9.999967813491821289e-01,9.999841451644897461e-01,-9.999990463256835938e-01,-9.999986290931701660e-01,-9.999930262565612793e-01,9.999988079071044922e-01,-9.999984502792358398e-01,9.999969601631164551e-01,-9.999642372131347656e-01,-9.999987483024597168e-01,-9.999978542327880859e-01,-9.999980330467224121e-01,-9.998925924301147461e-01,-9.999982118606567383e-01,-9.999988079071044922e-01,9.999985098838806152e-01,9.999987483024597168e-01,9.999977350234985352e-01,9.999987483024597168e-01,9.999913573265075684e-01,9.999970197677612305e-01,9.999980926513671875e-01,9.999972581863403320e-01,-9.998673796653747559e-01,-9.999977946281433105e-01,-9.999982714653015137e-01,9.999976754188537598e-01,-9.999988675117492676e-01,-9.999982714653015137e-01,-9.999951124191284180e-01,9.999958872795104980e-01,9.999987483024597168e-01,9.999989271163940430e-01,9.999948740005493164e-01,9.999986886978149414e-01,-9.999987483024597168e-01,9.999986290931701660e-01,-9.999980926513671875e-01,-9.999964237213134766e-01,9.999917745590209961e-01,9.999076724052429199e-01,9.999981522560119629e-01,-9.999927282333374023e-01,-9.999986290931701660e-01,9.999926686286926270e-01,9.999969005584716797e-01,9.999582767486572266e-01,-9.999975562095642090e-01,9.999988079071044922e-01,-9.999959468841552734e-01,9.999982118606567383e-01,9.999859333038330078e-01,-9.999908208847045898e-01,-9.999988675117492676e-01,-9.998485445976257324e-01,-9.999963641166687012e-01,9.999978542327880859e-01,-9.999983906745910645e-01,9.999763965606689453e-01,9.999980926513671875e-01,-9.999985098838806152e-01,9.999979734420776367e-01,9.999917745590209961e-01,-9.999988675117492676e-01,9.999988079071044922e-01,-9.999898076057434082e-01,9.999970793724060059e-01,-9.999987483024597168e-01,9.999762773513793945e-01,9.999715685844421387e-01,-9.999985694885253906e-01,-9.999970793724060059e-01,-9.993289709091186523e-01,9.999978542327880859e-01,9.999943375587463379e-01,-9.999985694885253906e-01,9.999980330467224121e-01,-9.999985098838806152e-01,9.999980926513671875e-01,9.999861717224121094e-01,-9.999989867210388184e-01,9.999982118606567383e-01,-9.999988079071044922e-01,9.999986886978149414e-01,9.999942183494567871e-01,9.999981522560119629e-01,9.999988675117492676e-01,-9.999958276748657227e-01,-9.999986290931701660e-01,9.999974966049194336e-01,9.999528527259826660e-01,9.999955892562866211e-01,-9.999874234199523926e-01,9.999974370002746582e-01
-9.999988675117492676e-01,9.999991059303283691e-01,9.999920129776000977e-01,-9.999989271163940430e-01,-9.999993443489074707e-01,9.999991059303283691e-01,-9.999970197677612305e-01,-9.999994635581970215e-01,9.999982714653015137e-01,-9.999983310699462891e-01,9.999988675117492676e-01,9.999993443489074707e-01,-9.999986886978149414e-01,-9.999988675117492676e-01,-9.999834895133972168e-01,-9.999982714653015137e-01,-9.999985098838806152e-01,9.999991655349731445e-01,-9.999948740005493164e-01,9.999994039535522461e-01,9.999993443489074707e-01,-9.999914765357971191e-01,-9.999989867210388184e-01,-9.999991059303283691e-01,-9.999933838844299316e-01,-9.999992847442626953e-01,9.999991059303283691e-01,9.999993443489074707e-01,-9.999867677688598633e-01,9.999973177909851074e-01,9.999963641166687012e-01,9.999991059303283691e-01,-9.999955296516418457e-01,-9.999983310699462891e-01,9.999979734420776367e-01,9.999896287918090820e-01,-9.999992847442626953e-01,-9.999991655349731445e-01,-9.999954104423522949e-01,9.999993443489074707e-01,-9.999989867210388184e-01,9.999979734420776367e-01,-9.999767541885375977e-01,-9.999992251396179199e-01,-9.999985694885253906e-01,-9.999988079071044922e-01,-9.999299049377441406e-01,-9.999988079071044922e-01,-9.999992847442626953e-01,9.999991059303283691e-01,9.999993443489074707e-01,9.999986290931701660e-01,9.999993443489074707e-01,9.999943971633911133e-01,9.999980926513671875e-01,9.999988079071044922e-01,9.999982118606567383e-01,-9.999132752418518066e-01,-9.999986886978149414e-01,-9.999989271163940430e-01,9.999985098838806152e-01,-9.999993443489074707e-01,-9.999989271163940430e-01,-9.999967217445373535e-01,9.999973177909851074e-01,9.999992847442626953e-01,9.999992847442626953e-01,9.999965429306030273e-01,9.999991655349731445e-01,-9.999991655349731445e-01,9.999992251396179199e-01,-9.999987483024597168e-01,-9.999976754188537598e-01,9.999946355819702148e-01,9.999397993087768555e-01,9.999988675117492676e-01,-9.999952316284179688e-01,-9.999992251396179199e-01,9.999952316284179688e-01,9.999980330467224121e-01,9.999728202819824219e-01,-9.999983906745910645e-01,9.999992847442626953e-01,-9.999973177909851074e-01,9.999988079071044922e-01,9.999908208847045898e-01,-9.999939799308776855e-01,-9.999994039535522461e-01,-9.999011158943176270e-01,-9.999976158142089844e-01,9.999986886978149414e-01,-9.999989867210388184e-01,9.999846220016479492e-01,9.999987483024597168e-01,-9.999991059303283691e-01,9.999987483024597168e-01,9.999946355819702148e-01,-9.999993443489074707e-01,9.999993443489074707e-01,-9.999933242797851562e-01,9.999981522560119629e-01,-9.999992251396179199e-01,9.999845027923583984e-01,9.999815225601196289e-01,-9.999991059303283691e-01,-9.999981522560119629e-01,-9.995617866516113281e-01,9.999986290931701660e-01,9.999963045120239258e-01,-9.999991059303283691e-01,9.999986886978149414e-01,-9.999990463256835938e-01,9.999988079071044922e-01,9.999910593032836914e-01,-9.999993443489074707e-01,9.999988675117492676e-01,-9.999992847442626953e-01,9.999992251396179199e-01,9.999961256980895996e-01,9.999988675117492676e-01,9.999992847442626953e-01,-9.999971985816955566e-01,-9.999991655349731445e-01,9.999983310699462891e-01,9.999693036079406738e-01,9.999970197677612305e-01,-9.999918341636657715e-01,9.999983310699462891e-01
