9.999980926513671875e-01,-9.999985694885253906e-01,-9.999941587448120117e-01,9.999969601631164551e-01,9.999988079071044922e-01,-9.999987483024597168e-01,9.999943375587463379e-01,9.999990463256835938e-01,-9.999894499778747559e-01,9.999984502792358398e-01,-9.999986886978149414e-01,-9.999988079071044922e-01,9.999977350234985352e-01,9.999982714653015137e-01,9.999953508377075195e-01,9.999925494194030762e-01,9.999974370002746582e-01,-9.999974370002746582e-01,9.999915361404418945e-01,-9.999991059303283691e-01,-9.999987483024597168e-01,9.999946355819702148e-01,9.999985694885253906e-01,9.999967217445373535e-01,9.999890327453613281e-01,9.999988079071044922e-01,-9.999980926513671875e-01,-9.999988079071044922e-01,9.999914169311523438e-01,-9.999966621398925781e-01,-9.999896883964538574e-01,-9.999979138374328613e-01,9.999814629554748535e-01,9.999942183494567871e-01,-9.999979138374328613e-01,9.999548196792602539e-01,9.999988079071044922e-01,9.999984502792358398e-01,9.999812245368957520e-01,-9.999987483024597168e-01,9.999986290931701660e-01,9.999908804893493652e-01,9.999819397926330566e-01,9.999988675117492676e-01,9.999980926513671875e-01,9.999977350234985352e-01,-9.999931454658508301e-01,9.999986886978149414e-01,9.999985694885253906e-01,-9.999984502792358398e-01,-9.999987483024597168e-01,-9.999985694885253906e-01,-9.999986886978149414e-01,-9.999929666519165039e-01,-9.999985694885253906e-01,-9.999979734420776367e-01,9.999628663063049316e-01,9.999940991401672363e-01,9.999930858612060547e-01,9.999982118606567383e-01,-9.999982714653015137e-01,9.999988079071044922e-01,9.999981522560119629e-01,9.999954104423522949e-01,-9.999931454658508301e-01,-9.999987483024597168e-01,-9.999990463256835938e-01,-9.999951720237731934e-01,-9.999988675117492676e-01,9.999980926513671875e-01,-9.999986886978149414e-01,9.999948740005493164e-01,-9.999943971633911133e-01,-9.999934434890747070e-01,-9.999858140945434570e-01,-9.999982714653015137e-01,9.999899864196777344e-01,9.999986886978149414e-01,-9.999930858612060547e-01,-9.999949336051940918e-01,9.999918937683105469e-01,9.999975562095642090e-01,-9.999986886978149414e-01,9.999982118606567383e-01,-9.999982118606567383e-01,-9.999822378158569336e-01,-9.999046325683593750e-01,9.999988675117492676e-01,9.999927878379821777e-01,9.999911785125732422e-01,-9.999927878379821777e-01,9.999982714653015137e-01,-9.999862313270568848e-01,-9.999971389770507812e-01,9.999970197677612305e-01,-9.999977946281433105e-01,-9.999849796295166016e-01,9.999989271163940430e-01,-9.999987483024597168e-01,9.999972581863403320e-01,-9.999966621398925781e-01,9.999988675117492676e-01,9.999526143074035645e-01,9.999569654464721680e-01,9.999986290931701660e-01,9.999951124191284180e-01,-9.999809861183166504e-01,-9.999983310699462891e-01,-9.999941587448120117e-01,9.999984502792358398e-01,-9.999985098838806152e-01,9.999972581863403320e-01,-9.999981522560119629e-01,-9.998583793640136719e-01,9.999989271163940430e-01,-9.999964237213134766e-01,9.999989271163940430e-01,-9.999976158142089844e-01,-9.999952912330627441e-01,-9.999958276748657227e-01,-9.999982118606567383e-01,9.999966621398925781e-01,9.999973177909851074e-01,-9.999967217445373535e-01,-9.999913573265075684e-01,-9.999942183494567871e-01,9.999551177024841309e-01,-9.999892711639404297e-01
-9.999985694885253906e-01,9.999987483024597168e-01,9.999950528144836426e-01,-9.999973773956298828e-01,-9.999990463256835938e-01,9.999989271163940430e-01,-9.999951720237731934e-01,-9.999991655349731445e-01,9.999909400939941406e-01,-9.999986290931701660e-01,9.999988675117492676e-01,9.999990463256835938e-01,-9.999982118606567383e-01,-9.999986290931701660e-01,-9.999960064888000488e-01,-9.999936819076538086e-01,-9.999977946281433105e-01,9.999977946281433105e-01,-9.999927282333374023e-01,9.999992251396179199e-01,9.999991059303283691e-01,-9.999954104423522949e-01,-9.999988079071044922e-01,-9.999972581863403320e-01,-9.999906420707702637e-01,-9.999990463256835938e-01,9.999984502792358398e-01,9.999989867210388184e-01,-9.999926090240478516e-01,9.999971389770507812e-01,9.999912381172180176e-01,9.999982118606567383e-01,-9.999841451644897461e-01,-9.999951124191284180e-01,9.999982714653015137e-01,-9.999612569808959961e-01,-9.999991059303283691e-01,-9.999986290931701660e-01,-9.999839067459106445e-01,9.999989867210388184e-01,-9.999988079071044922e-01,-9.999923110008239746e-01,-9.999844431877136230e-01,-9.999991059303283691e-01,-9.999983310699462891e-01,-9.999981522560119629e-01,9.999942183494567871e-01,-9.999988675117492676e-01,-9.999988079071044922e-01,9.999986886978149414e-01,9.999989867210388184e-01,9.999987483024597168e-01,9.999989867210388184e-01,9.999939799308776855e-01,9.999987483024597168e-01,9.999983310699462891e-01,-9.999681115150451660e-01,-9.999949932098388672e-01,-9.999940395355224609e-01,-9.999985098838806152e-01,9.999986290931701660e-01,-9.999990463256835938e-01,-9.999985098838806152e-01,-9.999960064888000488e-01,9.999942183494567871e-01,9.999989867210388184e-01,9.999992847442626953e-01,9.999959468841552734e-01,9.999990463256835938e-01,-9.999983906745910645e-01,9.999989271163940430e-01,-9.999955892562866211e-01,9.999952316284179688e-01,9.999943971633911133e-01,9.999877810478210449e-01,9.999986290931701660e-01,-9.999914765357971191e-01,-9.999988675117492676e-01,9.999941587448120117e-01,9.999956488609313965e-01,-9.999930262565612793e-01,-9.999979138374328613e-01,9.999989867210388184e-01,-9.999984502792358398e-01,9.999985098838806152e-01,9.999847412109375000e-01,9.999181628227233887e-01,-9.999991059303283691e-01,-9.999938011169433594e-01,-9.999924302101135254e-01,9.999939203262329102e-01,-9.999985098838806152e-01,9.999882578849792480e-01,9.999975562095642090e-01,-9.999975562095642090e-01,9.999980926513671875e-01,9.999871850013732910e-01,-9.999992847442626953e-01,9.999989867210388184e-01,-9.999977350234985352e-01,9.999971389770507812e-01,-9.999990463256835938e-01,-9.999592304229736328e-01,-9.999629855155944824e-01,-9.999988675117492676e-01,-9.999958276748657227e-01,9.999837279319763184e-01,9.999986290931701660e-01,9.999950528144836426e-01,-9.999986886978149414e-01,9.999986886978149414e-01,-9.999976754188537598e-01,9.999983906745910645e-01,9.998781681060791016e-01,-9.999991655349731445e-01,9.999969601631164551e-01,-9.999992251396179199e-01,9.999979734420776367e-01,9.999959468841552734e-01,9.999963641166687012e-01,9.999984502792358398e-01,-9.999971985816955566e-01,-9.999977350234985352e-01,9.999971389770507812e-01,9.999925494194030762e-01,9.999951124191284180e-01,-9.999615550041198730e-01,9.999908208847045898e-01
-9.999941587448120117e-01,9.999950528144836426e-01,9.999806880950927734e-01,-9.999900460243225098e-01,-9.999960064888000488e-01,9.999958276748657227e-01,-9.999814033508300781e-01,-9.999966621398925781e-01,9.999653100967407227e-01,-9.999949932098388672e-01,9.999958276748657227e-01,9.999960660934448242e-01,-9.999926686286926270e-01,-9.999944567680358887e-01,-9.999849200248718262e-01,-9.999753832817077637e-01,-9.999915361404418945e-01,9.999918937683105469e-01,-9.999719858169555664e-01,9.999967813491821289e-01,9.999961256980895996e-01,-9.999822378158569336e-01,-9.999952912330627441e-01,-9.999896287918090820e-01,-9.999637603759765625e-01,-9.999961256980895996e-01,9.999936819076538086e-01,9.999960064888000488e-01,-9.999715685844421387e-01,9.999891519546508789e-01,9.999662041664123535e-01,9.999932050704956055e-01,-9.999387860298156738e-01,-9.999809265136718750e-01,9.999930858612060547e-01,-9.998511075973510742e-01,-9.999963641166687012e-01,-9.999949932098388672e-01,-9.999378323554992676e-01,9.999959468841552734e-01,-9.999953508377075195e-01,-9.999698996543884277e-01,-9.999400377273559570e-01,-9.999962449073791504e-01,-9.999937415122985840e-01,-9.999927878379821777e-01,9.999777674674987793e-01,-9.999955296516418457e-01,-9.999952912330627441e-01,9.999949336051940918e-01,9.999959468841552734e-01,9.999952912330627441e-01,9.999957084655761719e-01,9.999767541885375977e-01,9.999952912330627441e-01,9.999933242797851562e-01,-9.998772740364074707e-01,-9.999805688858032227e-01,-9.999771118164062500e-01,-9.999939799308776855e-01,9.999943971633911133e-01,-9.999961256980895996e-01,-9.999943971633911133e-01,-9.999848008155822754e-01,9.999773502349853516e-01,9.999959468841552734e-01,9.999966621398925781e-01,9.999843239784240723e-01,9.999963641166687012e-01,-9.999938011169433594e-01,9.999960064888000488e-01,-9.999830126762390137e-01,9.999815821647644043e-01,9.999784231185913086e-01,9.999529719352722168e-01,9.999947547912597656e-01,-9.999670982360839844e-01,-9.999957680702209473e-01,9.999771118164062500e-01,9.999832510948181152e-01,-9.999731779098510742e-01,-9.999917745590209961e-01,9.999959468841552734e-01,-9.999937415122985840e-01,9.999943375587463379e-01,9.999411702156066895e-01,9.996852278709411621e-01,-9.999963045120239258e-01,-9.999762773513793945e-01,-9.999708533287048340e-01,9.999761581420898438e-01,-9.999943971633911133e-01,9.999544620513916016e-01,9.999907612800598145e-01,-9.999904036521911621e-01,9.999927282333374023e-01,9.999502897262573242e-01,-9.999965429306030273e-01,9.999958872795104980e-01,-9.999911189079284668e-01,9.999892115592956543e-01,-9.999961853027343750e-01,-9.998431205749511719e-01,-9.998578429222106934e-01,-9.999955296516418457e-01,-9.999837875366210938e-01,9.999372959136962891e-01,9.999948143959045410e-01,9.999807476997375488e-01,-9.999949932098388672e-01,9.999951124191284180e-01,-9.999908804893493652e-01,9.999939203262329102e-01,9.995319247245788574e-01,-9.999965429306030273e-01,9.999885559082031250e-01,-9.999964833259582520e-01,9.999923706054687500e-01,9.999844431877136230e-01,9.999861717224121094e-01,9.999941587448120117e-01,-9.999891519546508789e-01,-9.999911785125732422e-01,9.999892115592956543e-01,9.999715685844421387e-01,9.999811649322509766e-01,-9.998520016670227051e-01,9.999647140502929688e-01
9.999969601631164551e-01,-9.999973773956298828e-01,-9.999900460243225098e-01,9.999947547912597656e-01,9.999979138374328613e-01,-9.999979138374328613e-01,9.999904036521911621e-01,9.999982714653015137e-01,-9.999821186065673828e-01,9.999973177909851074e-01,-9.999977946281433105e-01,-9.999980330467224121e-01,9.999961853027343750e-01,9.999970793724060059e-01,9.999921321868896484e-01,9.999873042106628418e-01,9.999956488609313965e-01,-9.999958276748657227e-01,9.999855160713195801e-01,-9.999983310699462891e-01,-9.999979734420776367e-01,9.999908208847045898e-01,9.999976158142089844e-01,9.999946355819702148e-01,9.999813437461853027e-01,9.999978542327880859e-01,-9.999967813491821289e-01,-9.999979138374328613e-01,9.999853968620300293e-01,-9.999943971633911133e-01,-9.999825954437255859e-01,-9.999964237213134766e-01,9.999685287475585938e-01,9.999901056289672852e-01,-9.999963641166687012e-01,9.999230504035949707e-01,9.999981522560119629e-01,9.999973177909851074e-01,9.999679923057556152e-01,-9.999979138374328613e-01,9.999976158142089844e-01,9.999844431877136230e-01,9.999691843986511230e-01,9.999980926513671875e-01,9.999967217445373535e-01,9.999961853027343750e-01,-9.999884963035583496e-01,9.999977350234985352e-01,9.999975562095642090e-01,-9.999973177909851074e-01,-9.999979734420776367e-01,-9.999976158142089844e-01,-9.999977946281433105e-01,-9.999880194664001465e-01,-9.999975562095642090e-01,-9.999964237213134766e-01,9.999366998672485352e-01,9.999899864196777344e-01,9.999881982803344727e-01,9.999967813491821289e-01,-9.999970793724060059e-01,9.999980330467224121e-01,9.999970793724060059e-01,9.999921917915344238e-01,-9.999883174896240234e-01,-9.999979138374328613e-01,-9.999982714653015137e-01,-9.999918341636657715e-01,-9.999981522560119629e-01,9.999967813491821289e-01,-9.999978542327880859e-01,9.999911785125732422e-01,-9.999905228614807129e-01,-9.999888539314270020e-01,-9.999758005142211914e-01,-9.999972581863403320e-01,9.999830722808837891e-01,9.999977350234985352e-01,-9.999881982803344727e-01,-9.999913573265075684e-01,9.999861717224121094e-01,9.999957680702209473e-01,-9.999978542327880859e-01,9.999967217445373535e-01,-9.999970197677612305e-01,-9.999697208404541016e-01,-9.998376369476318359e-01,9.999980926513671875e-01,9.999877810478210449e-01,9.999849200248718262e-01,-9.999877214431762695e-01,9.999969601631164551e-01,-9.999765753746032715e-01,-9.999952316284179688e-01,9.999949932098388672e-01,-9.999961853027343750e-01,-9.999743700027465820e-01,9.999983310699462891e-01,-9.999978542327880859e-01,9.999954700469970703e-01,-9.999944567680358887e-01,9.999980330467224121e-01,9.999189972877502441e-01,9.999266266822814941e-01,9.999976754188537598e-01,9.999915957450866699e-01,-9.999676346778869629e-01,-9.999972581863403320e-01,-9.999900460243225098e-01,9.999973773956298828e-01,-9.999974370002746582e-01,9.999953508377075195e-01,-9.999967217445373535e-01,-9.997584819793701172e-01,9.999982118606567383e-01,-9.999940395355224609e-01,9.999982118606567383e-01,-9.999960064888000488e-01,-9.999919533729553223e-01,-9.999928474426269531e-01,-9.999970197677612305e-01,9.999943971633911133e-01,9.999955296516418457e-01,-9.999943375587463379e-01,-9.999853968620300293e-01,-9.999903440475463867e-01,9.999236464500427246e-01,-9.999818205833435059e-01
9.999988079071044922e-01,-9.999990463256835938e-01,-9.999960064888000488e-01,9.999979138374328613e-01,9.999992251396179199e-01,-9.999991655349731445e-01,9.999961256980895996e-01,9.999993443489074707e-01,-9.999928474426269531e-01,9.999989271163940430e-01,-9.999991655349731445e-01,-9.999991655349731445e-01,9.999985098838806152e-01,9.999988675117492676e-01,9.999969005584716797e-01,9.999950528144836426e-01,9.999983310699462891e-01,-9.999983310699462891e-01,9.999942779541015625e-01,-9.999994635581970215e-01,-9.999991655349731445e-01,9.999963045120239258e-01,9.999991059303283691e-01,9.999978542327880859e-01,9.999927282333374023e-01,9.999992847442626953e-01,-9.999986886978149414e-01,-9.999992847442626953e-01,9.999942183494567871e-01,-9.999977946281433105e-01,-9.999931454658508301e-01,-9.999985694885253906e-01,9.999874830245971680e-01,9.999960660934448242e-01,-9.999985694885253906e-01,9.999698400497436523e-01,9.999992847442626953e-01,9.999989271163940430e-01,9.999873638153076172e-01,-9.999992251396179199e-01,9.999991059303283691e-01,9.999938607215881348e-01,9.999878406524658203e-01,9.999992847442626953e-01,9.999986886978149414e-01,9.999985694885253906e-01,-9.999954104423522949e-01,9.999991059303283691e-01,9.999992251396179199e-01,-9.999989271163940430e-01,-9.999992251396179199e-01,-9.999991059303283691e-01,-9.999992847442626953e-01,-9.999952912330627441e-01,-9.999991059303283691e-01,-9.999986290931701660e-01,9.999751448631286621e-01,9.999959468841552734e-01,9.999954104423522949e-01,9.999988079071044922e-01,-9.999988675117492676e-01,9.999993443489074707e-01,9.999988675117492676e-01,9.999969601631164551e-01,-9.999954104423522949e-01,-9.999992251396179199e-01,-9.999993443489074707e-01,-9.999967813491821289e-01,-9.999992251396179199e-01,9.999987483024597168e-01,-9.999992251396179199e-01,9.999964833259582520e-01,-9.999961853027343750e-01,-9.999955892562866211e-01,-9.999904632568359375e-01,-9.999989271163940430e-01,9.999932050704956055e-01,9.999992847442626953e-01,-9.999954104423522949e-01,-9.999965429306030273e-01,9.999945163726806641e-01,9.999982714653015137e-01,-9.999992251396179199e-01,9.999988079071044922e-01,-9.999988079071044922e-01,-9.999879598617553711e-01,-9.999358654022216797e-01,9.999992847442626953e-01,9.999951720237731934e-01,9.999941587448120117e-01,-9.999951720237731934e-01,9.999988675117492676e-01,-9.999907612800598145e-01,-9.999980926513671875e-01,9.999980330467224121e-01,-9.999985694885253906e-01,-9.999899268150329590e-01,9.999994039535522461e-01,-9.999992251396179199e-01,9.999981522560119629e-01,-9.999977946281433105e-01,9.999993443489074707e-01,9.999681711196899414e-01,9.999710917472839355e-01,9.999992251396179199e-01,9.999966621398925781e-01,-9.999872446060180664e-01,-9.999989271163940430e-01,-9.999960064888000488e-01,9.999990463256835938e-01,-9.999990463256835938e-01,9.999982118606567383e-01,-9.999987483024597168e-01,-9.999045729637145996e-01,9.999993443489074707e-01,-9.999976754188537598e-01,9.999994039535522461e-01,-9.999984502792358398e-01,-9.999967813491821289e-01,-9.999971985816955566e-01,-9.999988675117492676e-01,9.999977350234985352e-01,9.999981522560119629e-01,-9.999977946281433105e-01,-9.999942779541015625e-01,-9.999961256980895996e-01,9.999698996543884277e-01,-9.999927282333374023e-01
-9.999987483024597168e-01,9.999989271163940430e-01,9.999958276748657227e-01,-9.999979138374328613e-01,-9.999991655349731445e-01,9.999992251396179199e-01,-9.999960064888000488e-01,-9.999994039535522461e-01,9.999924302101135254e-01,-9.999989867210388184e-01,9.999992251396179199e-01,9.999992251396179199e-01,-9.999983906745910645e-01,-9.999988675117492676e-01,-9.999966621398925781e-01,-9.999946951866149902e-01,-9.999983310699462891e-01,9.999982118606567383e-01,-9.999939203262329102e-01,9.999994039535522461e-01,9.999992251396179199e-01,-9.999960660934448242e-01,-9.999990463256835938e-01,-9.999976754188537598e-01,-9.999920725822448730e-01,-9.999992251396179199e-01,9.999987483024597168e-01,9.999992847442626953e-01,-9.999938011169433594e-01,9.999976754188537598e-01,9.999926090240478516e-01,9.999985098838806152e-01,-9.999867081642150879e-01,-9.999958872795104980e-01,9.999985694885253906e-01,-9.999673962593078613e-01,-9.999992251396179199e-01,-9.999989271163940430e-01,-9.999864101409912109e-01,9.999991655349731445e-01,-9.999989867210388184e-01,-9.999933838844299316e-01,-9.999870061874389648e-01,-9.999993443489074707e-01,-9.999986886978149414e-01,-9.999984502792358398e-01,9.999951720237731934e-01,-9.999990463256835938e-01,-9.999990463256835938e-01,9.999989271163940430e-01,9.999992847442626953e-01,9.999990463256835938e-01,9.999992251396179199e-01,9.999949932098388672e-01,9.999989867210388184e-01,9.999986290931701660e-01,-9.999731183052062988e-01,-9.999958276748657227e-01,-9.999950528144836426e-01,-9.999987483024597168e-01,9.999987483024597168e-01,-9.999992251396179199e-01,-9.999988079071044922e-01,-9.999967217445373535e-01,9.999951124191284180e-01,9.999991655349731445e-01,9.999994039535522461e-01,9.999964833259582520e-01,9.999992847442626953e-01,-9.999986886978149414e-01,9.999991655349731445e-01,-9.999963641166687012e-01,9.999959468841552734e-01,9.999953508377075195e-01,9.999898076057434082e-01,9.999988079071044922e-01,-9.999929070472717285e-01,-9.999992251396179199e-01,9.999951124191284180e-01,9.999963641166687012e-01,-9.999942183494567871e-01,-9.999982714653015137e-01,9.999992847442626953e-01,-9.999986886978149414e-01,9.999988079071044922e-01,9.999871253967285156e-01,9.999310374259948730e-01,-9.999993443489074707e-01,-9.999948740005493164e-01,-9.999936819076538086e-01,9.999949336051940918e-01,-9.999987483024597168e-01,9.999901056289672852e-01,9.999979734420776367e-01,-9.999979734420776367e-01,9.999984502792358398e-01,9.999892711639404297e-01,-9.999994039535522461e-01,9.999992251396179199e-01,-9.999980330467224121e-01,9.999976754188537598e-01,-9.999992251396179199e-01,-9.999657273292541504e-01,-9.999688863754272461e-01,-9.999990463256835938e-01,-9.999964237213134766e-01,9.999862909317016602e-01,9.999989271163940430e-01,9.999958276748657227e-01,-9.999989867210388184e-01,9.999989867210388184e-01,-9.999980330467224121e-01,9.999986290931701660e-01,9.998973608016967773e-01,-9.999992847442626953e-01,9.999974966049194336e-01,-9.999993443489074707e-01,9.999983310699462891e-01,9.999965429306030273e-01,9.999970197677612305e-01,9.999987483024597168e-01,-9.999977350234985352e-01,-9.999981522560119629e-01,9.999976158142089844e-01,9.999939203262329102e-01,9.999959468841552734e-01,-9.999675750732421875e-01,9.999923110008239746e-01
9.999943375587463379e-01,-9.999951720237731934e-01,-9.999814033508300781e-01,9.999904036521911621e-01,9.999961256980895996e-01,-9.999960064888000488e-01,9.999820590019226074e-01,9.999967813491821289e-01,-9.999665617942810059e-01,9.999951124191284180e-01,-9.999959468841552734e-01,-9.999963641166687012e-01,9.999930262565612793e-01,9.999946355819702148e-01,9.999854564666748047e-01,9.999762177467346191e-01,9.999918341636657715e-01,-9.999921917915344238e-01,9.999729394912719727e-01,-9.999969005584716797e-01,-9.999963641166687012e-01,9.999828934669494629e-01,9.999955296516418457e-01,9.999899864196777344e-01,9.999650716781616211e-01,9.999962449073791504e-01,-9.999939203262329102e-01,-9.999960064888000488e-01,9.999727010726928711e-01,-9.999895095825195312e-01,-9.999673962593078613e-01,-9.999934434890747070e-01,9.999409914016723633e-01,9.999815821647644043e-01,-9.999934434890747070e-01,9.998562335968017578e-01,9.999964833259582520e-01,9.999950528144836426e-01,9.999399781227111816e-01,-9.999961853027343750e-01,9.999954700469970703e-01,9.999710321426391602e-01,9.999421834945678711e-01,9.999964833259582520e-01,9.999939203262329102e-01,9.999930262565612793e-01,-9.999785423278808594e-01,9.999957680702209473e-01,9.999955296516418457e-01,-9.999951124191284180e-01,-9.999960064888000488e-01,-9.999955296516418457e-01,-9.999959468841552734e-01,-9.999775886535644531e-01,-9.999954700469970703e-01,-9.999935626983642578e-01,9.998815059661865234e-01,9.999812245368957520e-01,9.999779462814331055e-01,9.999940991401672363e-01,-9.999945759773254395e-01,9.999963045120239258e-01,9.999945759773254395e-01,9.999854564666748047e-01,-9.999781250953674316e-01,-9.999961853027343750e-01,-9.999967813491821289e-01,-9.999848604202270508e-01,-9.999966025352478027e-01,9.999940395355224609e-01,-9.999960660934448242e-01,9.999836683273315430e-01,-9.999822378158569336e-01,-9.999791979789733887e-01,-9.999546408653259277e-01,-9.999948740005493164e-01,9.999683499336242676e-01,9.999959468841552734e-01,-9.999778866767883301e-01,-9.999838471412658691e-01,9.999741911888122559e-01,9.999920725822448730e-01,-9.999960064888000488e-01,9.999940395355224609e-01,-9.999944567680358887e-01,-9.999431967735290527e-01,-9.996960759162902832e-01,9.999964237213134766e-01,9.999771118164062500e-01,9.999719262123107910e-01,-9.999771118164062500e-01,9.999945163726806641e-01,-9.999560117721557617e-01,-9.999911189079284668e-01,9.999907016754150391e-01,-9.999929666519165039e-01,-9.999520182609558105e-01,9.999967217445373535e-01,-9.999959468841552734e-01,9.999914169311523438e-01,-9.999895691871643066e-01,9.999964237213134766e-01,9.998485445976257324e-01,9.998627305030822754e-01,9.999957680702209473e-01,9.999843835830688477e-01,-9.999394416809082031e-01,-9.999949932098388672e-01,-9.999814629554748535e-01,9.999951720237731934e-01,-9.999952912330627441e-01,9.999912381172180176e-01,-9.999941587448120117e-01,-9.995481967926025391e-01,9.999966621398925781e-01,-9.999888539314270020e-01,9.999966025352478027e-01,-9.999927282333374023e-01,-9.999850988388061523e-01,-9.999866485595703125e-01,-9.999943971633911133e-01,9.999895095825195312e-01,9.999915957450866699e-01,-9.999895095825195312e-01,-9.999725818634033203e-01,-9.999818801879882812e-01,9.998571276664733887e-01,-9.999659657478332520e-01
9.999990463256835938e-01,-9.999991655349731445e-01,-9.999966621398925781e-01,9.999982714653015137e-01,9.999993443489074707e-01,-9.999994039535522461e-01,9.999967813491821289e-01,9.999994039535522461e-01,-9.999940395355224609e-01,9.999991655349731445e-01,-9.999992251396179199e-01,-9.999992251396179199e-01,9.999987483024597168e-01,9.999991059303283691e-01,9.999973177909851074e-01,9.999958872795104980e-01,9.999986290931701660e-01,-9.999985098838806152e-01,9.999951720237731934e-01,-9.999994039535522461e-01,-9.999993443489074707e-01,9.999968409538269043e-01,9.999992251396179199e-01,9.999982118606567383e-01,9.999938011169433594e-01,9.999992847442626953e-01,-9.999989271163940430e-01,-9.999993443489074707e-01,9.999951124191284180e-01,-9.999980926513671875e-01,-9.999941587448120117e-01,-9.999988079071044922e-01,9.999895095825195312e-01,9.999966621398925781e-01,-9.999987483024597168e-01,9.999745488166809082e-01,9.999993443489074707e-01,9.999991655349731445e-01,9.999893903732299805e-01,-9.999992847442626953e-01,9.999992251396179199e-01,9.999948740005493164e-01,9.999897480010986328e-01,9.999993443489074707e-01,9.999988675117492676e-01,9.999987483024597168e-01,-9.999961256980895996e-01,9.999992847442626953e-01,9.999992251396179199e-01,-9.999991655349731445e-01,-9.999993443489074707e-01,-9.999992251396179199e-01,-9.999994039535522461e-01,-9.999958872795104980e-01,-9.999992251396179199e-01,-9.999988675117492676e-01,9.999790787696838379e-01,9.999966025352478027e-01,9.999960064888000488e-01,9.999989271163940430e-01,-9.999989867210388184e-01,9.999994039535522461e-01,9.999989867210388184e-01,9.999973773956298828e-01,-9.999960660934448242e-01,-9.999992847442626953e-01,-9.999994039535522461e-01,-9.999971985816955566e-01,-9.999993443489074707e-01,9.999988675117492676e-01,-9.999992847442626953e-01,9.999969601631164551e-01,-9.999967217445373535e-01,-9.999962449073791504e-01,-9.999919533729553223e-01,-9.999991655349731445e-01,9.999943971633911133e-01,9.999992847442626953e-01,-9.999960064888000488e-01,-9.999970793724060059e-01,9.999954700469970703e-01,9.999985694885253906e-01,-9.999992847442626953e-01,9.999988675117492676e-01,-9.999989271163940430e-01,-9.999899268150329590e-01,-9.999462366104125977e-01,9.999994039535522461e-01,9.999959468841552734e-01,9.999949932098388672e-01,-9.999959468841552734e-01,9.999989867210388184e-01,-9.999922513961791992e-01,-9.999983906745910645e-01,9.999983310699462891e-01,-9.999987483024597168e-01,-9.999915957450866699e-01,9.999994635581970215e-01,-9.999992251396179199e-01,9.999984502792358398e-01,-9.999981522560119629e-01,9.999994039535522461e-01,9.999732375144958496e-01,9.999756813049316406e-01,9.999992847442626953e-01,9.999971389770507812e-01,-9.999892115592956543e-01,-9.999991655349731445e-01,-9.999966621398925781e-01,9.999991059303283691e-01,-9.999992251396179199e-01,9.999983310699462891e-01,-9.999988675117492676e-01,-9.999200701713562012e-01,9.999994039535522461e-01,-9.999979734420776367e-01,9.999994635581970215e-01,-9.999986290931701660e-01,-9.999973177909851074e-01,-9.999976158142089844e-01,-9.999989867210388184e-01,9.999980926513671875e-01,9.999983906745910645e-01,-9.999981522560119629e-01,-9.999951124191284180e-01,-9.999966621398925781e-01,9.999748468399047852e-01,-9.999939203262329102e-01
-9.999894499778747559e-01,9.999909400939941406e-01,9.999653100967407227e-01,-9.999821186065673828e-01,-9.999928474426269531e-01,9.999924302101135254e-01,-9.999665617942810059e-01,-9.999940395355224609e-01,9.999379515647888184e-01,-9.999907612800598145e-01,9.999924302101135254e-01,9.999932050704956055e-01,-9.999869465827941895e-01,-9.999900460243225098e-01,-9.999729394912719727e-01,-9.999558925628662109e-01,-9.999846220016479492e-01,9.999855756759643555e-01,-9.999497532844543457e-01,9.999942779541015625e-01,9.999932646751403809e-01,-9.999681711196899414e-01,-9.999915361404418945e-01,-9.999813437461853027e-01,-9.999352097511291504e-01,-9.999931454658508301e-01,9.999886751174926758e-01,9.999927282333374023e-01,-9.999492168426513672e-01,9.999805688858032227e-01,9.999394416809082031e-01,9.999877214431762695e-01,-9.998906254768371582e-01,-9.999656081199645996e-01,9.999876022338867188e-01,-9.997335672378540039e-01,-9.999933838844299316e-01,-9.999908804893493652e-01,-9.998887181282043457e-01,9.999929070472717285e-01,-9.999915361404418945e-01,-9.999459385871887207e-01,-9.998929500579833984e-01,-9.999934434890747070e-01,-9.999886751174926758e-01,-9.999868869781494141e-01,9.999600648880004883e-01,-9.999920129776000977e-01,-9.999915361404418945e-01,9.999908804893493652e-01,9.999927878379821777e-01,9.999914765357971191e-01,9.999921917915344238e-01,9.999582767486572266e-01,9.999915957450866699e-01,9.999879598617553711e-01,-9.997804760932922363e-01,-9.999650120735168457e-01,-9.999589920043945312e-01,-9.999890327453613281e-01,9.999898672103881836e-01,-9.999932050704956055e-01,-9.999898672103881836e-01,-9.999728202819824219e-01,9.999594092369079590e-01,9.999929070472717285e-01,9.999940991401672363e-01,9.999718070030212402e-01,9.999936819076538086e-01,-9.999888539314270020e-01,9.999927282333374023e-01,-9.999696016311645508e-01,9.999669194221496582e-01,9.999612569808959961e-01,9.999158382415771484e-01,9.999905228614807129e-01,-9.999411106109619141e-01,-9.999921917915344238e-01,9.999589920043945312e-01,9.999700188636779785e-01,-9.999519586563110352e-01,-9.999850988388061523e-01,9.999927282333374023e-01,-9.999887347221374512e-01,9.999897480010986328e-01,9.998947381973266602e-01,9.994370937347412109e-01,-9.999933838844299316e-01,-9.999572634696960449e-01,-9.999477267265319824e-01,9.999572038650512695e-01,-9.999898076057434082e-01,9.999185800552368164e-01,9.999833703041076660e-01,-9.999827146530151367e-01,9.999870061874389648e-01,9.999109506607055664e-01,-9.999938607215881348e-01,9.999924898147583008e-01,-9.999841451644897461e-01,9.999807476997375488e-01,-9.999933242797851562e-01,-9.997193217277526855e-01,-9.997456073760986328e-01,-9.999919533729553223e-01,-9.999707937240600586e-01,9.998877048492431641e-01,9.999905824661254883e-01,9.999654889106750488e-01,-9.999909996986389160e-01,9.999911785125732422e-01,-9.999836683273315430e-01,9.999890327453613281e-01,9.991630315780639648e-01,-9.999939203262329102e-01,9.999793171882629395e-01,-9.999938011169433594e-01,9.999863505363464355e-01,9.999720454216003418e-01,9.999751448631286621e-01,9.999895095825195312e-01,-9.999806284904479980e-01,-9.999841451644897461e-01,9.999805688858032227e-01,9.999488592147827148e-01,9.999663233757019043e-01,-9.997352361679077148e-01,9.999368190765380859e-01
9.999984502792358398e-01,-9.999986290931701660e-01,-9.999949932098388672e-01,9.999973177909851074e-01,9.999989271163940430e-01,-9.999989867210388184e-01,9.999951124191284180e-01,9.999991655349731445e-01,-9.999907612800598145e-01,9.999986886978149414e-01,-9.999988675117492676e-01,-9.999990463256835938e-01,9.999980330467224121e-01,9.999986290931701660e-01,9.999958276748657227e-01,9.999935626983642578e-01,9.999978542327880859e-01,-9.999978542327880859e-01,9.999926686286926270e-01,-9.999992251396179199e-01,-9.999990463256835938e-01,9.999952912330627441e-01,9.999988079071044922e-01,9.999971985816955566e-01,9.999904036521911621e-01,9.999989867210388184e-01,-9.999983310699462891e-01,-9.999990463256835938e-01,9.999923706054687500e-01,-9.999970793724060059e-01,-9.999910593032836914e-01,-9.999981522560119629e-01,9.999838471412658691e-01,9.999949932098388672e-01,-9.999982714653015137e-01,9.999605417251586914e-01,9.999989867210388184e-01,9.999986290931701660e-01,9.999836683273315430e-01,-9.999988675117492676e-01,9.999987483024597168e-01,9.999920129776000977e-01,9.999842047691345215e-01,9.999991059303283691e-01,9.999983310699462891e-01,9.999981522560119629e-01,-9.999940991401672363e-01,9.999988675117492676e-01,9.999987483024597168e-01,-9.999986886978149414e-01,-9.999989271163940430e-01,-9.999988079071044922e-01,-9.999989867210388184e-01,-9.999938607215881348e-01,-9.999988079071044922e-01,-9.999982118606567383e-01,9.999675154685974121e-01,9.999949336051940918e-01,9.999939203262329102e-01,9.999983906745910645e-01,-9.999985098838806152e-01,9.999990463256835938e-01,9.999985098838806152e-01,9.999960064888000488e-01,-9.999940991401672363e-01,-9.999988675117492676e-01,-9.999992847442626953e-01,-9.999958276748657227e-01,-9.999989867210388184e-01,9.999983310699462891e-01,-9.999988675117492676e-01,9.999955296516418457e-01,-9.999951124191284180e-01,-9.999942779541015625e-01,-9.999876022338867188e-01,-9.999985694885253906e-01,9.999912977218627930e-01,9.999989271163940430e-01,-9.999940395355224609e-01,-9.999955892562866211e-01,9.999929070472717285e-01,9.999978542327880859e-01,-9.999989271163940430e-01,9.999983310699462891e-01,-9.999984502792358398e-01,-9.999844431877136230e-01,-9.999166727066040039e-01,9.999990463256835938e-01,9.999938011169433594e-01,9.999923706054687500e-01,-9.999936819076538086e-01,9.999985098838806152e-01,-9.999879598617553711e-01,-9.999975562095642090e-01,9.999974966049194336e-01,-9.999981522560119629e-01,-9.999868273735046387e-01,9.999991655349731445e-01,-9.999988675117492676e-01,9.999976158142089844e-01,-9.999971985816955566e-01,9.999990463256835938e-01,9.999584555625915527e-01,9.999623298645019531e-01,9.999988079071044922e-01,9.999957084655761719e-01,-9.999833703041076660e-01,-9.999986290931701660e-01,-9.999948740005493164e-01,9.999986290931701660e-01,-9.999986886978149414e-01,9.999975562095642090e-01,-9.999982714653015137e-01,-9.998760223388671875e-01,9.999991655349731445e-01,-9.999969601631164551e-01,9.999991059303283691e-01,-9.999979734420776367e-01,-9.999958872795104980e-01,-9.999963045120239258e-01,-9.999984502792358398e-01,9.999971985816955566e-01,9.999977350234985352e-01,-9.999970793724060059e-01,-9.999924302101135254e-01,-9.999950528144836426e-01,9.999607801437377930e-01,-9.999907016754150391e-01
-9.999986886978149414e-01,9.999988675117492676e-01,9.999958276748657227e-01,-9.999977946281433105e-01,-9.999991655349731445e-01,9.999992251396179199e-01,-9.999959468841552734e-01,-9.999992251396179199e-01,9.999924302101135254e-01,-9.999988675117492676e-01,9.999991059303283691e-01,9.999992251396179199e-01,-9.999983906745910645e-01,-9.999988079071044922e-01,-9.999966621398925781e-01,-9.999946951866149902e-01,-9.999982118606567383e-01,9.999982118606567383e-01,-9.999939203262329102e-01,9.999993443489074707e-01,9.999991655349731445e-01,-9.999960064888000488e-01,-9.999989867210388184e-01,-9.999976754188537598e-01,-9.999921917915344238e-01,-9.999992251396179199e-01,9.999986290931701660e-01,9.999992847442626953e-01,-9.999938607215881348e-01,9.999976754188537598e-01,9.999926090240478516e-01,9.999985098838806152e-01,-9.999867677688598633e-01,-9.999958276748657227e-01,9.999985098838806152e-01,-9.999677538871765137e-01,-9.999992847442626953e-01,-9.999988675117492676e-01,-9.999865889549255371e-01,9.999991059303283691e-01,-9.999989867210388184e-01,-9.999935030937194824e-01,-9.999870657920837402e-01,-9.999992251396179199e-01,-9.999986290931701660e-01,-9.999983906745910645e-01,9.999951720237731934e-01,-9.999991059303283691e-01,-9.999989271163940430e-01,9.999988675117492676e-01,9.999991655349731445e-01,9.999989867210388184e-01,9.999992251396179199e-01,9.999949932098388672e-01,9.999989867210388184e-01,9.999985098838806152e-01,-9.999734759330749512e-01,-9.999957680702209473e-01,-9.999950528144836426e-01,-9.999986886978149414e-01,9.999987483024597168e-01,-9.999992251396179199e-01,-9.999987483024597168e-01,-9.999966621398925781e-01,9.999951124191284180e-01,9.999991059303283691e-01,9.999993443489074707e-01,9.999964237213134766e-01,9.999991655349731445e-01,-9.999985694885253906e-01,9.999991655349731445e-01,-9.999963045120239258e-01,9.999959468841552734e-01,9.999953508377075195e-01,9.999898672103881836e-01,9.999988079071044922e-01,-9.999929070472717285e-01,-9.999991059303283691e-01,9.999950528144836426e-01,9.999962449073791504e-01,-9.999942183494567871e-01,-9.999981522560119629e-01,9.999991655349731445e-01,-9.999986290931701660e-01,9.999987483024597168e-01,9.999873042106628418e-01,9.999317526817321777e-01,-9.999993443489074707e-01,-9.999948143959045410e-01,-9.999936819076538086e-01,9.999948143959045410e-01,-9.999986886978149414e-01,9.999902248382568359e-01,9.999979734420776367e-01,-9.999979138374328613e-01,9.999983906745910645e-01,9.999892115592956543e-01,-9.999992847442626953e-01,9.999991655349731445e-01,-9.999980330467224121e-01,9.999976158142089844e-01,-9.999992251396179199e-01,-9.999660253524780273e-01,-9.999692440032958984e-01,-9.999990463256835938e-01,-9.999964237213134766e-01,9.999864697456359863e-01,9.999988675117492676e-01,9.999958872795104980e-01,-9.999988675117492676e-01,9.999989271163940430e-01,-9.999979734420776367e-01,9.999985694885253906e-01,9.998986124992370605e-01,-9.999992847442626953e-01,9.999974370002746582e-01,-9.999992847442626953e-01,9.999983310699462891e-01,9.999966025352478027e-01,9.999969601631164551e-01,9.999988079071044922e-01,-9.999976158142089844e-01,-9.999980926513671875e-01,9.999976158142089844e-01,9.999939203262329102e-01,9.999958872795104980e-01,-9.999679327011108398e-01,9.999923706054687500e-01
-9.999988079071044922e-01,9.999990463256835938e-01,9.999960660934448242e-01,-9.999980330467224121e-01,-9.999991655349731445e-01,9.999992251396179199e-01,-9.999963641166687012e-01,-9.999992251396179199e-01,9.999932050704956055e-01,-9.999990463256835938e-01,9.999992251396179199e-01,9.999992251396179199e-01,-9.999985098838806152e-01,-9.999989271163940430e-01,-9.999969601631164551e-01,-9.999952316284179688e-01,-9.999983310699462891e-01,9.999983310699462891e-01,-9.999945759773254395e-01,9.999993443489074707e-01,9.999991655349731445e-01,-9.999964237213134766e-01,-9.999991059303283691e-01,-9.999979138374328613e-01,-9.999930262565612793e-01,-9.999992251396179199e-01,9.999987483024597168e-01,9.999992251396179199e-01,-9.999944567680358887e-01,9.999978542327880859e-01,9.999933838844299316e-01,9.999985694885253906e-01,-9.999881386756896973e-01,-9.999961256980895996e-01,9.999986290931701660e-01,-9.999711513519287109e-01,-9.999992847442626953e-01,-9.999990463256835938e-01,-9.999879002571105957e-01,9.999991655349731445e-01,-9.999991059303283691e-01,-9.999940991401672363e-01,-9.999884366989135742e-01,-9.999992251396179199e-01,-9.999986886978149414e-01,-9.999984502792358398e-01,9.999956488609313965e-01,-9.999991655349731445e-01,-9.999990463256835938e-01,9.999990463256835938e-01,9.999992251396179199e-01,9.999991059303283691e-01,9.999992847442626953e-01,9.999953508377075195e-01,9.999991059303283691e-01,9.999986290931701660e-01,-9.999762177467346191e-01,-9.999961853027343750e-01,-9.999955296516418457e-01,-9.999988079071044922e-01,9.999988079071044922e-01,-9.999992847442626953e-01,-9.999988079071044922e-01,-9.999969005584716797e-01,9.999955296516418457e-01,9.999991655349731445e-01,9.999994039535522461e-01,9.999968409538269043e-01,9.999992847442626953e-01,-9.999986886978149414e-01,9.999990463256835938e-01,-9.999966621398925781e-01,9.999963641166687012e-01,9.999957680702209473e-01,9.999908804893493652e-01,9.999988675117492676e-01,-9.999936819076538086e-01,-9.999992251396179199e-01,9.999955892562866211e-01,9.999966025352478027e-01,-9.999948143959045410e-01,-9.999982714653015137e-01,9.999991655349731445e-01,-9.999986886978149414e-01,9.999988079071044922e-01,9.999885559082031250e-01,9.999389648437500000e-01,-9.999993443489074707e-01,-9.999954104423522949e-01,-9.999943375587463379e-01,9.999954104423522949e-01,-9.999988079071044922e-01,9.999911189079284668e-01,9.999981522560119629e-01,-9.999980926513671875e-01,9.999985098838806152e-01,9.999902844429016113e-01,-9.999993443489074707e-01,9.999992251396179199e-01,-9.999981522560119629e-01,9.999977946281433105e-01,-9.999992847442626953e-01,-9.999696612358093262e-01,-9.999725222587585449e-01,-9.999991655349731445e-01,-9.999967217445373535e-01,9.999877810478210449e-01,9.999989271163940430e-01,9.999962449073791504e-01,-9.999990463256835938e-01,9.999989867210388184e-01,-9.999982118606567383e-01,9.999987483024597168e-01,9.999092817306518555e-01,-9.999992847442626953e-01,9.999976754188537598e-01,-9.999993443489074707e-01,9.999985098838806152e-01,9.999969601631164551e-01,9.999971985816955566e-01,9.999988079071044922e-01,-9.999977946281433105e-01,-9.999981522560119629e-01,9.999977350234985352e-01,9.999943971633911133e-01,9.999961853027343750e-01,-9.999712705612182617e-01,9.999930858612060547e-01
