9.152562618255615234e-01,-5.587312951683998108e-02,-3.398996219038963318e-02,-2.489615976810455322e-01,2.328121364116668701e-01,4.246874153614044189e-01,-5.118320584297180176e-01,4.400273561477661133e-01,4.601471126079559326e-01,-3.269757926464080811e-01,3.268359005451202393e-01,2.011458873748779297e-01,4.633007943630218506e-02,7.993772625923156738e-01,4.554669559001922607e-01,-9.247303009033203125e-02,-3.769568204879760742e-01,1.609711199998855591e-01,7.782152295112609863e-01,5.382314324378967285e-01,-3.890002071857452393e-01,-5.709854960441589355e-01,-1.037749722599983215e-01,2.147437036037445068e-01,-4.865457117557525635e-01,-8.411766886711120605e-01,2.953428030014038086e-01,-2.681626081466674805e-01,-6.436579823493957520e-01,-5.056015253067016602e-01,-2.359402030706405640e-01,-2.971244156360626221e-01,2.840161025524139404e-01,-4.347476065158843994e-01,2.206127624958753586e-03,-2.649546861648559570e-01,2.897672653198242188e-01,-2.339222282171249390e-02,-5.094524025917053223e-01,2.322852313518524170e-01,-2.076268494129180908e-01,-4.359779879450798035e-02,-3.020141124725341797e-01,-1.114046052098274231e-01,3.196818232536315918e-01,9.928292781114578247e-02,4.511362910270690918e-01,-3.496393561363220215e-01,-3.988579213619232178e-01,1.681492924690246582e-01,2.275436073541641235e-01,2.234097570180892944e-02,2.368470728397369385e-01,-5.070722699165344238e-01,1.496444791555404663e-01,7.241173833608627319e-02,-4.743538200855255127e-01,-4.997435212135314941e-02,-4.547969996929168701e-01,1.701894998550415039e-01,-2.067570537328720093e-01,3.606211245059967041e-01,-4.749062284827232361e-02,-5.506238937377929688e-01,2.587203383445739746e-01,3.302901387214660645e-01,-1.977692544460296631e-01,-3.023841045796871185e-02,2.587333321571350098e-01,-8.768599480390548706e-02,2.972784340381622314e-01,-5.712108612060546875e-01,1.048333570361137390e-01,2.510598301887512207e-01,-2.089692056179046631e-01,2.103300243616104126e-01,9.887191653251647949e-02,-2.602004706859588623e-01,4.271325469017028809e-02,-6.655053496360778809e-01,-7.710824608802795410e-01,-3.948437049984931946e-02,3.421393036842346191e-01,-2.691107094287872314e-01,-1.975335180759429932e-01,3.820661902427673340e-01,-5.011240243911743164e-01,-3.923234641551971436e-01,-2.862887680530548096e-01,2.033832073211669922e-01,1.282299160957336426e-01,2.413627803325653076e-01,3.141555488109588623e-01,-1.570182889699935913e-01,6.067772507667541504e-01,-7.435134053230285645e-01,6.464079022407531738e-02,1.234267093241214752e-02,-6.422943472862243652e-01,5.299767255783081055e-01,3.915624320507049561e-01,1.498332917690277100e-01,-5.733801797032356262e-02,-8.678232133388519287e-02,-5.401480197906494141e-01,5.237818956375122070e-01,3.956071138381958008e-01,4.901151657104492188e-01,4.062632620334625244e-01,4.474698305130004883e-01,2.020214945077896118e-01,2.112309932708740234e-01,4.936298355460166931e-02,-5.236639380455017090e-01,-4.631592333316802979e-01,-4.559927284717559814e-01,3.008650243282318115e-01,-4.350695610046386719e-01,-2.248789668083190918e-01,-4.673486053943634033e-01,1.290879100561141968e-01,5.521510839462280273e-01,4.080879315733909607e-02,1.546587198972702026e-01,5.153650045394897461e-01,-5.072678625583648682e-02,2.343150526285171509e-01,1.902087926864624023e-01
-5.587312951683998108e-02,5.763670057058334351e-02,-1.524637639522552490e-01,2.404684945940971375e-02,5.892952531576156616e-02,-1.342917829751968384e-01,3.238307312130928040e-02,1.001553088426589966e-01,-8.762282133102416992e-02,1.052598189562559128e-02,-1.662656962871551514e-01,-9.076662361621856689e-02,1.898375153541564941e-01,-8.518455922603607178e-02,9.995540231466293335e-02,1.051641702651977539e-01,1.005378440022468567e-01,-1.147316768765449524e-01,-5.553200468420982361e-02,-8.689920604228973389e-02,-5.553415045142173767e-02,8.760861307382583618e-02,1.327683329582214355e-01,-1.781304776668548584e-01,1.078594997525215149e-01,5.355219170451164246e-02,-6.525998562574386597e-02,2.996905148029327393e-02,1.620172522962093353e-02,-2.034117840230464935e-02,-8.439902216196060181e-02,9.719770401716232300e-02,3.174153342843055725e-02,7.125706970691680908e-02,-1.105664391070604324e-02,-5.814760923385620117e-02,-1.114605888724327087e-01,3.151518478989601135e-02,1.587340384721755981e-01,-1.748832911252975464e-01,4.258335009217262268e-02,1.044296994805335999e-01,4.254055023193359375e-02,4.304799064993858337e-02,7.993122190237045288e-02,-1.753246635198593140e-01,-2.078528851270675659e-01,1.062918752431869507e-01,1.298177689313888550e-01,-3.971522673964500427e-02,2.579949796199798584e-02,1.581632047891616821e-01,-7.603885233402252197e-02,1.475483924150466919e-01,-1.571574248373508453e-02,-3.773011267185211182e-02,1.740786880254745483e-01,5.085328593850135803e-02,1.888986378908157349e-01,-1.885909400880336761e-02,1.243705078959465027e-01,-5.959430336952209473e-02,3.523599728941917419e-02,6.845021992921829224e-02,-4.004350304603576660e-02,-6.691817194223403931e-02,1.562149375677108765e-01,7.326267659664154053e-02,-1.274663060903549194e-01,1.311147361993789673e-01,-2.073716521263122559e-01,-1.048251986503601074e-01,-6.095089763402938843e-02,-1.378614753484725952e-01,1.722170226275920868e-02,-1.303064972162246704e-01,-3.543350100517272949e-02,3.795520588755607605e-02,-1.887456178665161133e-01,1.214405223727226257e-01,6.208121404051780701e-02,1.675315760076045990e-02,-1.205132901668548584e-01,1.049705296754837036e-01,1.441117674112319946e-01,-4.210579767823219299e-02,1.269746869802474976e-01,1.090871244668960571e-01,1.958997845649719238e-01,-8.354482054710388184e-02,-2.667911117896437645e-03,-1.867810636758804321e-01,-1.284016519784927368e-01,8.877470344305038452e-02,-9.104961901903152466e-02,3.307562693953514099e-02,1.360194385051727295e-01,-5.601080134510993958e-03,1.523519009351730347e-01,-4.708183184266090393e-02,-3.363946080207824707e-02,-6.532863713800907135e-03,-5.776825360953807831e-03,-1.260977331548929214e-02,1.986670345067977905e-01,-8.144494891166687012e-02,-1.348484754562377930e-01,-1.000343170017004013e-02,-1.888621449470520020e-01,-1.216383650898933411e-01,7.304707169532775879e-02,6.257107853889465332e-02,4.734690810437314212e-05,3.655936196446418762e-02,1.946490854024887085e-01,-4.378936439752578735e-02,-1.467476338148117065e-01,1.440446227788925171e-01,-1.492760330438613892e-01,8.949287980794906616e-02,-2.262452840805053711e-01,-9.494196623563766479e-02,-4.257839545607566833e-02,-1.563142389059066772e-01,5.297894030809402466e-02,-6.628370285034179688e-02,-7.566171139478683472e-02,6.531089544296264648e-02
-3.398996219038963318e-02,-1.524637639522552490e-01,7.183187603950500488e-01,-2.967561483383178711e-01,-3.044870793819427490e-01,2.703350596129894257e-02,-1.859131157398223877e-01,-2.178061753511428833e-01,1.986145973205566406e-01,-1.224157772958278656e-02,5.234766006469726562e-01,1.165340840816497803e-01,-6.385416984558105469e-01,3.947180137038230896e-02,-3.202149569988250732e-01,-4.170465767383575439e-01,-1.445942372083663940e-01,1.292462088167667389e-02,9.842047840356826782e-02,3.697304725646972656e-01,3.598055541515350342e-01,-4.183896183967590332e-01,-6.195124983787536621e-01,3.371195793151855469e-01,-2.858334481716156006e-01,-7.479751855134963989e-02,4.222781956195831299e-01,2.618468403816223145e-01,-1.690763980150222778e-01,4.324444532394409180e-01,5.510402321815490723e-01,-1.747136861085891724e-01,1.057999953627586365e-01,-1.063316389918327332e-01,-3.105049394071102142e-02,1.034166291356086731e-01,2.484896630048751831e-01,-2.973455190658569336e-02,-4.446912705898284912e-01,6.946688890457153320e-01,9.360083937644958496e-02,-3.255666494369506836e-01,-4.195480644702911377e-01,-1.574029326438903809e-01,-4.873033985495567322e-02,2.580760419368743896e-01,6.081358194351196289e-01,-1.008604839444160461e-01,-2.149024009704589844e-01,-1.597385406494140625e-01,-5.050952434539794922e-01,-4.135473668575286865e-01,5.808738991618156433e-02,-3.334171175956726074e-01,1.870556771755218506e-01,4.468310773372650146e-01,-4.253754615783691406e-01,-8.701132237911224365e-02,-3.177034854888916016e-01,-2.615026012063026428e-02,-7.917959988117218018e-02,6.168323382735252380e-02,-1.097710430622100830e-01,8.571445941925048828e-02,3.776937723159790039e-01,8.042191714048385620e-02,-6.134470105171203613e-01,-5.114185810089111328e-01,1.726449877023696899e-01,-3.097585737705230713e-01,5.817896127700805664e-01,5.468741059303283691e-01,-1.323116123676300049e-01,6.075924634933471680e-01,-7.391355186700820923e-02,5.952073931694030762e-01,8.265361934900283813e-02,9.227930754423141479e-02,5.354010462760925293e-01,-7.319934666156768799e-02,-1.691666245460510254e-01,-2.559690922498703003e-02,5.656905174255371094e-01,-2.643456757068634033e-01,-1.561622917652130127e-01,-2.009910494089126587e-01,-3.331670761108398438e-01,-3.330015540122985840e-01,-3.597354888916015625e-01,3.369139730930328369e-01,1.555611938238143921e-01,5.323464870452880859e-01,2.505635023117065430e-01,-4.883515536785125732e-01,1.532815583050251007e-02,5.200559645891189575e-02,-5.529179573059082031e-01,1.250384654849767685e-02,-4.197171628475189209e-01,-2.643666565418243408e-01,3.014555014669895172e-02,3.162500560283660889e-01,-1.178010180592536926e-01,1.762238293886184692e-01,-5.178228020668029785e-01,1.184083521366119385e-01,4.538940787315368652e-01,8.056666702032089233e-02,2.371628284454345703e-01,2.943045496940612793e-01,-2.151993513107299805e-01,-1.931511424481868744e-02,-1.995841860771179199e-01,8.228452503681182861e-02,-6.214355826377868652e-01,2.409278154373168945e-01,8.201995491981506348e-02,-2.361222505569458008e-01,2.143338471651077271e-01,-1.435522437095642090e-01,5.688176751136779785e-01,4.443168044090270996e-01,-1.176555827260017395e-01,4.788341224193572998e-01,1.381257898174226284e-03,3.501487150788307190e-02,2.171754539012908936e-01,-5.227765440940856934e-01
-2.489615976810455322e-01,2.404684945940971375e-02,-2.967561483383178711e-01,7.544216513633728027e-01,-1.804995350539684296e-02,1.979689449071884155e-01,4.510486125946044922e-01,-3.298088610172271729e-01,-9.418471157550811768e-02,2.166312485933303833e-01,-5.256636142730712891e-01,1.067208945751190186e-01,4.807740449905395508e-01,-1.450795084238052368e-01,-1.695096343755722046e-01,2.345465123653411865e-01,1.456217374652624130e-03,3.919791281223297119e-01,-3.600232005119323730e-01,-5.321469306945800781e-01,-5.237367749214172363e-01,5.152242779731750488e-01,6.821647882461547852e-01,-7.840207219123840332e-02,4.171568453311920166e-01,3.509505093097686768e-01,-5.785091519355773926e-01,-4.379883706569671631e-01,3.832719326019287109e-01,-2.701250910758972168e-01,-4.349717795848846436e-01,-1.874930858612060547e-01,-2.006594985723495483e-01,-5.919983983039855957e-02,1.484565138816833496e-01,1.107423081994056702e-01,-1.616971008479595184e-02,-1.384450346231460571e-01,5.408925414085388184e-01,-6.800289750099182129e-01,-4.963206350803375244e-01,1.778021454811096191e-01,7.422633767127990723e-01,1.148226782679557800e-01,-5.021890401840209961e-01,1.479375809431076050e-01,-3.910797834396362305e-01,-1.090887039899826050e-01,-6.720909848809242249e-03,4.863061904907226562e-01,4.579866528511047363e-01,9.357050806283950806e-02,1.943895071744918823e-01,4.510970711708068848e-01,-7.811351865530014038e-02,-6.039386987686157227e-01,2.454550862312316895e-01,-7.222207635641098022e-02,1.118071228265762329e-01,-7.879000157117843628e-03,-2.354392558336257935e-01,9.193561226129531860e-02,7.859879732131958008e-02,-2.516227588057518005e-02,-7.701026797294616699e-01,-5.037511885166168213e-02,6.061025857925415039e-01,5.642606019973754883e-01,2.991144061088562012e-01,-4.698569327592849731e-02,-4.005126357078552246e-01,-6.344429682940244675e-03,3.638573586940765381e-01,-6.990494132041931152e-01,1.259116679430007935e-01,-7.010325193405151367e-01,-2.962158061563968658e-02,-3.873114287853240967e-01,-3.807407319545745850e-01,-6.688603758811950684e-02,5.578970313072204590e-01,-8.858824148774147034e-03,-5.508078336715698242e-01,1.832712292671203613e-01,-2.114885747432708740e-01,4.468894302845001221e-01,1.741658300161361694e-01,2.941977083683013916e-01,-3.584919869899749756e-02,-2.669182121753692627e-01,-1.214328333735466003e-01,-4.047770798206329346e-01,-3.856413960456848145e-01,7.654759883880615234e-01,-3.554858267307281494e-03,7.011692225933074951e-02,3.444055616855621338e-01,-3.128064097836613655e-03,6.414089202880859375e-01,3.415128886699676514e-01,-2.993299253284931183e-02,-7.010614871978759766e-01,8.458146452903747559e-02,-2.200969755649566650e-01,4.992170333862304688e-01,-1.973086595535278320e-01,-7.266999483108520508e-01,-3.434349298477172852e-01,1.198347210884094238e-01,-2.386695742607116699e-01,2.921849191188812256e-01,-5.545864701271057129e-01,2.148526757955551147e-01,1.861952245235443115e-01,4.928803741931915283e-01,1.054995805025100708e-01,1.559493690729141235e-01,-3.974109888076782227e-02,3.151708841323852539e-01,2.371567636728286743e-01,-3.005048036575317383e-01,-7.741138935089111328e-01,4.911881983280181885e-01,-4.430259764194488525e-01,-4.976294934749603271e-01,3.150383830070495605e-01,-1.354674547910690308e-01,6.317121386528015137e-01
2.328121364116668701e-01,5.892952531576156616e-02,-3.044870793819427490e-01,-1.804995350539684296e-02,7.585424780845642090e-01,8.645016700029373169e-02,2.319899350404739380e-01,-1.551986038684844971e-01,1.104892268776893616e-01,3.375670348759740591e-04,-4.069996252655982971e-02,1.163306832313537598e-01,5.609137937426567078e-03,1.256370246410369873e-01,2.506707906723022461e-01,1.979591399431228638e-01,-9.072335809469223022e-02,2.025848776102066040e-01,1.837466508150100708e-01,-2.087348252534866333e-01,-2.323715761303901672e-02,3.364100679755210876e-02,-3.426182642579078674e-02,2.796470224857330322e-01,-2.223457247018814087e-01,-9.562273509800434113e-03,-3.086793720722198486e-01,-3.032199442386627197e-01,1.115050837397575378e-01,-4.825320839881896973e-01,-4.583010673522949219e-01,1.444306820631027222e-01,-2.993608415126800537e-01,-1.553991883993148804e-01,8.159498125314712524e-02,3.075655698776245117e-01,-1.589197963476181030e-01,-1.984548941254615784e-02,-9.587399661540985107e-02,-1.406242251396179199e-01,2.630050480365753174e-01,1.636535525321960449e-01,1.527012586593627930e-01,4.424733668565750122e-02,-3.155460953712463379e-02,1.499530375003814697e-01,-2.299487292766571045e-01,-2.630339264869689941e-01,4.795150458812713623e-02,3.158568441867828369e-01,1.871852129697799683e-01,-9.512722492218017578e-02,1.847884245216846466e-02,1.826642155647277832e-01,-2.683876454830169678e-01,-2.552638947963714600e-01,-7.974156737327575684e-02,-4.080345481634140015e-02,-3.151375055313110352e-01,1.474274545907974243e-01,-1.012024059891700745e-01,-3.190314024686813354e-02,1.517603988759219646e-03,-5.913316458463668823e-02,-1.839728467166423798e-02,1.177950501441955566e-01,3.017850220203399658e-01,4.774208664894104004e-01,1.177584677934646606e-01,5.541210174560546875e-01,-1.198173779994249344e-02,-2.074632644653320312e-01,3.733204603195190430e-01,-1.699788272380828857e-01,-9.313519112765789032e-03,-3.360491096973419189e-01,-1.729480549693107605e-02,1.253298521041870117e-01,1.001820489764213562e-01,6.237192428670823574e-04,-2.570362687110900879e-01,-2.390377409756183624e-02,-4.429073333740234375e-01,-7.754633575677871704e-02,-1.561598628759384155e-01,-2.973063588142395020e-01,2.422855943441390991e-01,-1.645126752555370331e-02,4.540686309337615967e-02,-2.959099113941192627e-01,-5.205505490303039551e-01,5.110068712383508682e-03,3.808282017707824707e-01,8.050648123025894165e-02,1.006051823496818542e-01,8.265671879053115845e-02,4.589128792285919189e-01,2.951497444882988930e-03,-4.701863974332809448e-02,2.448590099811553955e-01,9.777846932411193848e-02,-7.002325356006622314e-02,2.728601992130279541e-01,-5.421345308423042297e-02,-8.235969394445419312e-02,1.982401497662067413e-02,8.936338871717453003e-02,2.186152935028076172e-01,-1.198856681585311890e-01,3.618428856134414673e-02,-4.361987113952636719e-01,2.210394442081451416e-01,4.655390679836273193e-01,-5.299153327941894531e-01,2.917370796203613281e-01,-3.656255900859832764e-01,3.155752122402191162e-01,-2.445361167192459106e-01,3.321066498756408691e-02,-1.997128576040267944e-01,8.193939924240112305e-02,-5.041106045246124268e-02,1.188777312636375427e-01,-2.132647037506103516e-01,1.362961828708648682e-01,4.727406427264213562e-02,-1.890607625246047974e-01,7.192905247211456299e-02
4.246874153614044189e-01,-1.342917829751968384e-01,2.703350596129894257e-02,1.979689449071884155e-01,8.645016700029373169e-02,8.383745551109313965e-01,-1.252843718975782394e-02,-1.747039258480072021e-01,2.051892131567001343e-01,-7.513706386089324951e-02,2.262434214353561401e-01,3.469310998916625977e-01,-1.747844368219375610e-01,4.075513780117034912e-01,-6.593633443117141724e-02,-1.863567829132080078e-01,-3.795220255851745605e-01,4.526061415672302246e-01,2.404638826847076416e-01,5.669898539781570435e-02,-2.159678041934967041e-01,-1.016393378376960754e-01,4.038556665182113647e-02,4.508155286312103271e-01,-3.046046793460845947e-01,-3.519920706748962402e-01,-7.753769308328628540e-02,-3.956254124641418457e-01,6.660433113574981689e-02,-5.115540027618408203e-01,-1.405530571937561035e-01,-3.571339845657348633e-01,-1.272901594638824463e-01,-2.684411704540252686e-01,7.138327509164810181e-02,1.851660162210464478e-01,3.246441483497619629e-01,-1.201669797301292419e-01,-3.051279783248901367e-01,8.522401750087738037e-02,-4.319493174552917480e-01,-1.590378284454345703e-01,1.764693707227706909e-01,-7.306826114654541016e-02,-2.331272065639495850e-01,4.879451692104339600e-01,3.947217464447021484e-01,-5.315353870391845703e-01,-4.972496032714843750e-01,3.667277693748474121e-01,4.565897881984710693e-01,-3.621145486831665039e-01,3.611520230770111084e-01,-3.904241919517517090e-01,-5.229108408093452454e-02,-2.446996420621871948e-01,-4.755220413208007812e-01,-1.707042008638381958e-01,-5.424287915229797363e-01,1.584902703762054443e-01,-4.598477184772491455e-01,2.894327044486999512e-01,-6.092328578233718872e-02,-3.938138782978057861e-01,-1.423641592264175415e-01,3.138872087001800537e-01,-9.145980328321456909e-02,1.894988864660263062e-01,5.644423961639404297e-01,-2.107725292444229126e-01,3.347764313220977783e-01,-2.068851292133331299e-01,4.384114742279052734e-01,-9.676258079707622528e-03,-3.366100043058395386e-02,-3.961854055523872375e-02,1.071080788969993591e-01,-2.416352331638336182e-01,2.677539587020874023e-01,-5.578567981719970703e-01,-2.115547806024551392e-01,-5.944208428263664246e-02,3.968544676899909973e-02,-3.112272918224334717e-01,-5.295842885971069336e-01,4.819330573081970215e-01,-3.253300786018371582e-01,-2.751406729221343994e-01,-5.512167811393737793e-01,8.222238719463348389e-02,-1.253041923046112061e-01,2.831903100013732910e-01,3.572019338607788086e-01,9.490087628364562988e-02,5.130879282951354980e-01,-4.116091132164001465e-01,-8.216208778321743011e-03,1.606289856135845184e-02,-3.320648372173309326e-01,4.886585175991058350e-01,1.855622231960296631e-01,-2.296103537082672119e-01,1.531529426574707031e-01,-1.138508543372154236e-01,-3.678233623504638672e-01,5.437309145927429199e-01,9.145340323448181152e-02,-9.261032682843506336e-04,5.686613321304321289e-01,3.683978915214538574e-01,-2.844083681702613831e-02,-3.832008838653564453e-01,2.180933058261871338e-01,-2.446869462728500366e-01,-2.422452121973037720e-01,-7.180346548557281494e-02,5.261152982711791992e-01,-4.473920762538909912e-01,3.089025020599365234e-01,-3.421814143657684326e-01,4.045899808406829834e-01,3.405694663524627686e-02,3.357042670249938965e-01,2.345891892910003662e-01,-1.069839671254158020e-01,2.335174083709716797e-01,1.883587241172790527e-01,2.707780897617340088e-01
-5.118320584297180176e-01,3.238307312130928040e-02,-1.859131157398223877e-01,4.510486125946044922e-01,2.319899350404739380e-01,-1.252843718975782394e-02,7.960717678070068359e-01,-4.755187630653381348e-01,-3.031982481479644775e-01,2.877727448940277100e-01,-4.171458780765533447e-01,-1.632313802838325500e-02,6.238134950399398804e-02,-5.486466884613037109e-01,-2.147689163684844971e-01,1.870023757219314575e-01,1.954180598258972168e-01,1.055860370397567749e-01,-5.552822947502136230e-01,-6.124975085258483887e-01,1.037015169858932495e-01,5.460418462753295898e-01,2.000547051429748535e-01,-3.665955364704132080e-02,3.171263635158538818e-01,6.363165378570556641e-01,-4.858081340789794922e-01,-8.709374070167541504e-02,6.356987953186035156e-01,-9.820344299077987671e-02,-1.998228728771209717e-01,2.102417498826980591e-01,-3.757013380527496338e-01,1.310689151287078857e-01,7.881688326597213745e-02,4.121659100055694580e-01,-2.781284749507904053e-01,-2.297226153314113617e-02,3.943415284156799316e-01,-5.050083398818969727e-01,7.566002011299133301e-02,2.173397392034530640e-01,4.720615148544311523e-01,1.302296519279479980e-01,-3.629175722599029541e-01,6.099299341440200806e-02,-5.404105782508850098e-01,-2.573580108582973480e-02,3.089364171028137207e-01,2.143265157938003540e-01,1.171353831887245178e-01,-6.841937452554702759e-02,-3.167514875531196594e-02,4.943506121635437012e-01,-2.242593020200729370e-01,-3.611685037612915039e-01,3.072340190410614014e-01,-2.666928619146347046e-02,1.587197482585906982e-01,-3.446250408887863159e-02,-5.552855879068374634e-02,-1.759857237339019775e-01,6.418864428997039795e-02,3.959587514400482178e-01,-4.064049124717712402e-01,-1.285623461008071899e-01,4.582010507583618164e-01,3.774561583995819092e-01,1.026356667280197144e-01,2.761206626892089844e-01,-3.493083715438842773e-01,2.886564135551452637e-01,2.816991508007049561e-01,-4.535763263702392578e-01,1.608696877956390381e-01,-5.676623582839965820e-01,-7.362911105155944824e-02,1.419198215007781982e-01,-1.350241750478744507e-01,4.071832299232482910e-01,5.913751125335693359e-01,6.719556637108325958e-03,-6.214177012443542480e-01,1.698524951934814453e-01,-8.635481446981430054e-02,-2.068989425897598267e-01,4.652310609817504883e-01,2.944939732551574707e-01,1.859431266784667969e-01,-3.574817478656768799e-01,-4.456281661987304688e-01,-2.642291486263275146e-01,-4.314866289496421814e-02,3.409296572208404541e-01,-3.914009332656860352e-01,4.932529330253601074e-01,3.310490250587463379e-01,-7.530655246227979660e-03,5.961757302284240723e-01,-2.280073676956817508e-04,-2.276732623577117920e-01,-2.914543449878692627e-01,2.205540388822555542e-01,-5.817072466015815735e-02,5.156208276748657227e-01,-2.039245367050170898e-01,-5.038312077522277832e-01,-3.544721007347106934e-01,-3.168007135391235352e-01,-2.936496138572692871e-01,-2.956752777099609375e-01,-3.145361542701721191e-01,3.924114704132080078e-01,1.708804368972778320e-01,5.794249176979064941e-01,2.133467346429824829e-01,1.174476929008960724e-02,1.299050897359848022e-01,2.481997758150100708e-01,2.627334296703338623e-01,-9.228978306055068970e-02,-6.388342380523681641e-01,1.749368906021118164e-01,-2.517262995243072510e-01,-3.900918066501617432e-01,1.412505507469177246e-01,-2.821585536003112793e-01,9.825542569160461426e-02
4.400273561477661133e-01,1.001553088426589966e-01,-2.178061753511428833e-01,-3.298088610172271729e-01,-1.551986038684844971e-01,-1.747039258480072021e-01,-4.755187630653381348e-01,9.509659409523010254e-01,-1.345119029283523560e-01,-3.217281103134155273e-01,-1.361305713653564453e-01,-4.213096201419830322e-01,3.897315263748168945e-01,2.110096663236618042e-01,6.351961493492126465e-01,7.841861248016357422e-02,2.911459505558013916e-01,-6.275709271430969238e-01,3.578615784645080566e-01,5.392287373542785645e-01,-1.794960647821426392e-01,-3.403141796588897705e-01,1.578945294022560120e-02,-6.390174031257629395e-01,6.802166998386383057e-02,-6.274995207786560059e-01,5.434043407440185547e-01,4.055699110031127930e-01,-6.435554027557373047e-01,-1.277422532439231873e-02,-2.973529510200023651e-03,1.847804188728332520e-01,6.896407604217529297e-01,8.626873791217803955e-02,-2.003776729106903076e-01,-6.697533130645751953e-01,-1.699280887842178345e-01,2.483650892972946167e-01,-4.605855792760848999e-02,-8.013550192117691040e-02,4.464143142104148865e-02,2.817722558975219727e-01,-5.848690271377563477e-01,1.343095488846302032e-02,8.070068955421447754e-01,-7.012715935707092285e-01,-5.476791039109230042e-02,4.300896823406219482e-01,2.966629862785339355e-01,-5.075913667678833008e-01,-9.483742713928222656e-02,6.647784113883972168e-01,-2.489230334758758545e-01,-2.777981758117675781e-01,3.913148939609527588e-01,4.123881459236145020e-01,2.395137548446655273e-01,2.626043260097503662e-01,4.544991254806518555e-01,-1.065836623311042786e-01,4.167813062667846680e-01,6.287088245153427124e-02,9.365115314722061157e-02,-4.505927860736846924e-02,4.528995156288146973e-01,-1.149199604988098145e-01,-9.471892565488815308e-02,-4.417455792427062988e-01,-4.368238151073455811e-01,-5.158648639917373657e-02,-3.468862175941467285e-01,-6.089174151420593262e-01,-5.918884277343750000e-01,1.619122028350830078e-01,-1.345375031232833862e-01,2.552890181541442871e-01,-5.137679725885391235e-02,8.909095078706741333e-02,-5.596798658370971680e-01,-4.575664177536964417e-02,-3.461999297142028809e-01,7.063820958137512207e-02,4.306774735450744629e-01,2.491532415151596069e-01,5.631985068321228027e-01,1.976894736289978027e-01,-1.822658330202102661e-01,2.807361632585525513e-02,4.781868755817413330e-01,1.849401742219924927e-01,5.035226941108703613e-01,-3.262018859386444092e-01,-2.537005245685577393e-01,-2.829743027687072754e-01,-5.680010095238685608e-02,-5.370878577232360840e-01,4.940647259354591370e-02,-1.851225085556507111e-02,-2.084989845752716064e-01,3.060564771294593811e-02,7.865314185619354248e-02,5.381853580474853516e-01,-3.419813215732574463e-01,2.039417857304215431e-03,1.286765933036804199e-01,3.383773267269134521e-01,4.773106426000595093e-02,2.458811700344085693e-01,-3.099799454212188721e-01,-7.211131602525711060e-02,5.592771768569946289e-01,4.490870237350463867e-01,-4.022125601768493652e-01,8.943358808755874634e-02,-1.642506420612335205e-01,-1.980535537004470825e-01,-5.761107802391052246e-01,4.389775991439819336e-01,-8.416840434074401855e-01,1.153066009283065796e-01,-5.459427833557128906e-01,4.763806462287902832e-01,-5.481596589088439941e-01,1.890460588037967682e-02,7.598738074302673340e-01,-5.858871936798095703e-01,6.855151802301406860e-02,3.836099430918693542e-02
4.601471126079559326e-01,-8.762282133102416992e-02,1.986145973205566406e-01,-9.418471157550811768e-02,1.104892268776893616e-01,2.051892131567001343e-01,-3.031982481479644775e-01,-1.345119029283523560e-01,6.044545769691467285e-01,-8.595999330282211304e-02,4.478364884853363037e-01,3.665624856948852539e-01,-2.115542888641357422e-01,6.620683670043945312e-01,-5.439617112278938293e-02,-1.250562220811843872e-01,-4.597631990909576416e-01,5.330935120582580566e-01,4.911347031593322754e-01,3.142647147178649902e-01,-3.028398752212524414e-01,-3.364900350570678711e-01,-1.297335028648376465e-01,5.859225988388061523e-01,-4.039345383644104004e-01,-3.528461158275604248e-01,5.176810175180435181e-02,-4.181575179100036621e-01,-3.693259954452514648e-01,-1.350642889738082886e-01,-1.704322993755340576e-01,-4.294119179248809814e-01,-6.806648522615432739e-02,-4.938462078571319580e-01,1.426441818475723267e-01,5.811136588454246521e-02,3.890196084976196289e-01,-1.718067824840545654e-01,-4.475848376750946045e-01,3.867454230785369873e-01,-1.172975450754165649e-01,-2.342024445533752441e-01,7.957976311445236206e-03,-1.187171414494514465e-01,-2.779219448566436768e-01,5.385856628417968750e-01,5.371469855308532715e-01,-3.703206777572631836e-01,-4.505077898502349854e-01,4.154008328914642334e-01,4.260129854083061218e-02,-2.910452783107757568e-01,3.105641603469848633e-01,-2.932631373405456543e-01,3.583008050918579102e-02,-6.390180438756942749e-02,-5.500379204750061035e-01,-1.743855178356170654e-01,-6.933586001396179199e-01,1.406514197587966919e-01,-5.044851899147033691e-01,3.189610540866851807e-01,-9.564798325300216675e-02,-5.242903828620910645e-01,-4.559864848852157593e-02,2.810048758983612061e-01,-2.239769250154495239e-01,1.291563212871551514e-01,3.885557949542999268e-01,-2.580648660659790039e-01,5.612851977348327637e-01,3.568410500884056091e-02,3.231981396675109863e-01,2.661130428314208984e-01,-1.442070901393890381e-01,1.585970669984817505e-01,1.114345416426658630e-01,-4.148558080196380615e-01,3.658892810344696045e-01,-5.714429020881652832e-01,-4.570942819118499756e-01,-6.639252603054046631e-02,1.907867491245269775e-01,-3.077278435230255127e-01,-4.638794958591461182e-01,2.229375988245010376e-01,-4.192788004875183105e-01,-3.275578618049621582e-01,-5.513330101966857910e-01,1.363118886947631836e-01,-8.722732774913311005e-03,4.586029946804046631e-01,2.870466709136962891e-01,-1.508723571896553040e-02,5.231031775474548340e-01,-2.455617636442184448e-01,-1.332831084728240967e-01,1.939579471945762634e-02,-4.815331995487213135e-01,4.109494388103485107e-01,3.247140645980834961e-01,-1.782528012990951538e-01,1.387041341513395309e-02,-5.689715594053268433e-02,-6.959376335144042969e-01,-4.297799244523048401e-02,4.153636991977691650e-01,3.488537371158599854e-01,6.512133479118347168e-01,3.863143622875213623e-01,-8.452897518873214722e-02,6.936980411410331726e-03,9.774852544069290161e-02,-4.883292615413665771e-01,-5.338904261589050293e-01,-3.537786304950714111e-01,6.162298321723937988e-01,-6.333464384078979492e-01,3.928565382957458496e-01,-3.767629265785217285e-01,4.398103356361389160e-01,3.007720410823822021e-01,2.815270721912384033e-01,1.511900275945663452e-01,-4.552174359560012817e-03,2.400326281785964966e-01,1.989181786775588989e-01,1.105594262480735779e-01
-3.269757926464080811e-01,1.052598189562559128e-02,-1.224157772958278656e-02,2.166312485933303833e-01,3.375670348759740591e-04,-7.513706386089324951e-02,2.877727448940277100e-01,-3.217281103134155273e-01,-8.595999330282211304e-02,1.479053646326065063e-01,-1.664878726005554199e-01,1.886201649904251099e-02,3.194638714194297791e-02,-2.566548883914947510e-01,-1.861341893672943115e-01,5.056852474808692932e-02,5.026203393936157227e-02,1.150098815560340881e-01,-2.766880989074707031e-01,-2.946804463863372803e-01,1.455529499799013138e-02,2.423423975706100464e-01,1.380904912948608398e-01,2.202045172452926636e-02,1.622243076562881470e-01,3.781909644603729248e-01,-2.392264008522033691e-01,-6.854524463415145874e-02,3.009566664695739746e-01,5.663380399346351624e-02,-3.180110827088356018e-02,1.855206675827503204e-02,-1.760327219963073730e-01,5.567345768213272095e-02,4.816101863980293274e-02,1.472045779228210449e-01,-5.881220474839210510e-02,-4.393082484602928162e-02,2.257402688264846802e-01,-1.896204203367233276e-01,-2.438673377037048340e-02,3.007199801504611969e-02,3.019081950187683105e-01,4.314849525690078735e-02,-2.782942652702331543e-01,8.610840141773223877e-02,-1.969379931688308716e-01,8.016685955226421356e-03,6.793240457773208618e-02,1.242793425917625427e-01,1.561555266380310059e-02,-6.044583022594451904e-02,5.363691132515668869e-03,2.724759578704833984e-01,-8.333975076675415039e-02,-1.663295179605484009e-01,1.253805756568908691e-01,-2.780313603579998016e-02,7.188757508993148804e-02,-2.042407728731632233e-02,-4.131327942013740540e-02,-6.750793009996414185e-02,1.651147566735744476e-02,1.608720123767852783e-01,-2.647548913955688477e-01,-6.441369652748107910e-02,1.862993836402893066e-01,1.832061260938644409e-01,4.990150034427642822e-02,5.635157600045204163e-02,-1.150021255016326904e-01,2.368455827236175537e-01,1.189568862318992615e-01,-2.173582166433334351e-01,6.740368902683258057e-02,-2.456812709569931030e-01,-2.280564419925212860e-02,-1.114209461957216263e-02,-1.415900141000747681e-02,1.742195188999176025e-01,3.299698233604431152e-01,-4.089910362381488085e-04,-2.669772803783416748e-01,6.222203001379966736e-02,-5.092897638678550720e-02,-7.171162217855453491e-02,1.728080213069915771e-01,1.252043098211288452e-01,2.102405019104480743e-02,-1.198249906301498413e-01,-1.175844669342041016e-01,-9.796556085348129272e-02,-1.101591289043426514e-01,2.224959582090377808e-01,-1.505410075187683105e-01,2.669718861579895020e-01,7.112621515989303589e-02,-1.504341489635407925e-03,3.262251317501068115e-01,-7.099078595638275146e-02,-8.821816742420196533e-02,-2.345742285251617432e-01,6.583312898874282837e-02,-1.362187694758176804e-02,2.300653308629989624e-01,-2.087454497814178467e-01,-2.562357783317565918e-01,-1.572028398513793945e-01,-7.536952197551727295e-02,-1.279554665088653564e-01,-9.252995997667312622e-02,-1.938509196043014526e-01,9.724538773298263550e-02,1.312534064054489136e-01,2.516170442104339600e-01,1.190944612026214600e-01,3.033000044524669647e-02,2.293350920081138611e-02,2.343478351831436157e-01,1.268035918474197388e-01,-2.334953658282756805e-02,-3.601000607013702393e-01,1.397503763437271118e-01,-1.465610712766647339e-01,-3.098931312561035156e-01,1.121352612972259521e-01,-9.049489349126815796e-02,5.213921144604682922e-02
3.268359005451202393e-01,-1.662656962871551514e-01,5.234766006469726562e-01,-5.256636142730712891e-01,-4.069996252655982971e-02,2.262434214353561401e-01,-4.171458780765533447e-01,-1.361305713653564453e-01,4.478364884853363037e-01,-1.664878726005554199e-01,8.332661986351013184e-01,3.050703406333923340e-01,-7.462369799613952637e-01,4.458628594875335693e-01,-1.599242836236953735e-01,-4.106281697750091553e-01,-4.331741929054260254e-01,2.129766345024108887e-01,4.641634821891784668e-01,4.970557093620300293e-01,3.654524981975555420e-01,-5.232520699501037598e-01,-6.539538502693176270e-01,6.425772309303283691e-01,-6.607160568237304688e-01,-3.388921320438385010e-01,3.957847356796264648e-01,-1.172477845102548599e-03,-2.589746713638305664e-01,1.467390656471252441e-01,3.824576139450073242e-01,-2.254713177680969238e-01,-9.275897592306137085e-02,-2.664189934730529785e-01,-6.284490693360567093e-03,1.363028734922409058e-01,4.106414914131164551e-01,-7.747598737478256226e-02,-7.731993794441223145e-01,8.523634672164916992e-01,1.771452575922012329e-01,-4.719096720218658447e-01,-4.077664911746978760e-01,-2.044307887554168701e-01,-3.494324162602424622e-02,4.900874793529510498e-01,7.749698162078857422e-01,-3.391706347465515137e-01,-4.738483428955078125e-01,-3.059278801083564758e-02,-2.522230148315429688e-01,-5.687102675437927246e-01,1.692179143428802490e-01,-6.196541786193847656e-01,-5.311643239110708237e-03,3.441328406333923340e-01,-6.985410451889038086e-01,-1.528795212507247925e-01,-6.697163581848144531e-01,1.231493577361106873e-01,-3.064467310905456543e-01,1.542390435934066772e-01,-1.763757169246673584e-01,-3.332421779632568359e-01,4.592130780220031738e-01,3.039621710777282715e-01,-7.197331190109252930e-01,-3.568028509616851807e-01,2.233067154884338379e-01,-2.796463370323181152e-01,8.481568098068237305e-01,2.083039730787277222e-01,1.028154715895652771e-01,7.415639758110046387e-01,-1.515761315822601318e-01,6.720391511917114258e-01,1.413187533617019653e-01,1.476495712995529175e-02,7.647248506546020508e-01,-3.537983894348144531e-01,-5.724003314971923828e-01,-6.265139579772949219e-02,5.323127508163452148e-01,-4.957745373249053955e-01,-3.623474538326263428e-01,-1.639206260442733765e-01,-4.708654880523681641e-01,-5.415589213371276855e-01,-5.717337131500244141e-01,3.714364469051361084e-01,1.284769084304571152e-02,7.992298007011413574e-01,6.193714141845703125e-01,-5.836826562881469727e-01,4.136042594909667969e-01,-1.015613600611686707e-01,-5.035151243209838867e-01,2.364474721252918243e-02,-7.994182109832763672e-01,-2.863323874771595001e-02,1.965001374483108521e-01,2.894286513328552246e-01,3.422497585415840149e-02,1.495924293994903564e-01,-8.864830732345581055e-01,1.974911689758300781e-01,8.361843228340148926e-01,3.563269078731536865e-01,5.094241499900817871e-01,5.641218423843383789e-01,-4.330650269985198975e-01,1.975059360265731812e-01,-5.000899732112884521e-02,-3.831349611282348633e-01,-7.554143667221069336e-01,-1.104502528905868530e-01,4.518634080886840820e-01,-4.884296953678131104e-01,3.120287060737609863e-01,-5.288992524147033691e-01,7.860385775566101074e-01,6.564773917198181152e-01,-5.130237340927124023e-02,6.133653521537780762e-01,7.902662456035614014e-02,8.767834305763244629e-02,3.208182752132415771e-01,-4.650784432888031006e-01
2.011458873748779297e-01,-9.076662361621856689e-02,1.165340840816497803e-01,1.067208945751190186e-01,1.163306832313537598e-01,3.469310998916625977e-01,-1.632313802838325500e-02,-4.213096201419830322e-01,3.665624856948852539e-01,1.886201649904251099e-02,3.050703406333923340e-01,3.607611656188964844e-01,-2.468551546335220337e-01,3.781728446483612061e-01,-2.144673019647598267e-01,-9.029201418161392212e-02,-3.815290629863739014e-01,6.133884787559509277e-01,1.973586529493331909e-01,-1.886149682104587555e-02,-1.658681333065032959e-01,-5.388318002223968506e-02,-1.240514963865280151e-02,6.278032064437866211e-01,-2.689611911773681641e-01,-4.319322109222412109e-02,-1.908233016729354858e-01,-4.730806648731231689e-01,4.949630051851272583e-02,-2.121248096227645874e-01,-1.363837867975234985e-01,-3.266308307647705078e-01,-3.096918165683746338e-01,-3.004423379898071289e-01,1.342897415161132812e-01,2.271489500999450684e-01,3.015791475772857666e-01,-1.803968250751495361e-01,-2.674414515495300293e-01,2.058650702238082886e-01,-1.776635348796844482e-01,-2.160962224006652832e-01,3.083089292049407959e-01,-6.662097573280334473e-02,-4.752112030982971191e-01,6.328636407852172852e-01,3.612860441207885742e-01,-3.980197310447692871e-01,-4.158012568950653076e-01,4.613735973834991455e-01,2.207014560699462891e-01,-3.997091948986053467e-01,2.906197905540466309e-01,-1.505217999219894409e-01,-1.178974136710166931e-01,-2.573519349098205566e-01,-4.313975870609283447e-01,-1.844358891248703003e-01,-6.443780660629272461e-01,1.304562538862228394e-01,-4.825718998908996582e-01,1.902324557304382324e-01,-7.951167970895767212e-02,-3.724603056907653809e-01,-2.467163205146789551e-01,2.323947250843048096e-01,-7.698751240968704224e-02,2.951052784919738770e-01,4.159850478172302246e-01,-1.717456877231597900e-01,4.657296240329742432e-01,1.150117293000221252e-01,4.622676372528076172e-01,4.510668292641639709e-02,-3.476965799927711487e-02,-4.178772494196891785e-02,8.665016293525695801e-02,-3.070775568485260010e-01,4.359847307205200195e-01,-4.151163995265960693e-01,-1.672496497631072998e-01,-6.221343204379081726e-02,-8.421046286821365356e-02,-2.679611146450042725e-01,-5.186571478843688965e-01,1.965785324573516846e-01,-2.078452110290527344e-01,-2.044745087623596191e-01,-5.696598887443542480e-01,3.135510161519050598e-02,-1.713525205850601196e-01,3.844443559646606445e-01,2.977197170257568359e-01,1.413406729698181152e-01,4.127282798290252686e-01,-5.638346076011657715e-02,-5.031606927514076233e-02,1.719667762517929077e-02,-2.416096031665802002e-01,3.341309726238250732e-01,1.694680303335189819e-01,-3.775112628936767578e-01,1.386702656745910645e-01,-6.490294635295867920e-02,-4.842676818370819092e-01,-2.015426941215991974e-02,2.138946950435638428e-01,1.059456616640090942e-01,6.064212322235107422e-01,2.722678184509277344e-01,-2.287297248840332031e-01,-2.067180871963500977e-01,1.998204439878463745e-01,-3.366504311561584473e-01,-2.369728982448577881e-01,-1.374296545982360840e-01,6.737997531890869141e-01,-5.662752985954284668e-01,5.957171916961669922e-01,-2.906851470470428467e-01,4.990975856781005859e-01,-3.766465932130813599e-02,3.960082828998565674e-01,1.041098758578300476e-01,-3.170703053474426270e-01,3.380935490131378174e-01,1.147606000304222107e-01,1.487492918968200684e-01
