5.351053476333618164e-01,2.703726291656494141e-02,-2.510661482810974121e-01,1.317386031150817871e-01,4.417976438999176025e-01,-4.110510945320129395e-01,1.541803479194641113e-01,5.050380825996398926e-01,3.138119578361511230e-01,2.523626685142517090e-01,-2.526522576808929443e-01,-2.489494383335113525e-01,1.126990467309951782e-01,3.088169991970062256e-01,3.176260590553283691e-01,4.710277915000915527e-01,-1.051128259859979153e-03,1.909094005823135376e-01,-2.110327482223510742e-01,-2.651835978031158447e-01,-2.740659415721893311e-01,1.820922940969467163e-01,1.123662739992141724e-01,6.024214997887611389e-02,5.660346522927284241e-02,3.524535000324249268e-01,-2.310408353805541992e-01,-4.376978874206542969e-01,2.927867472171783447e-01,-2.390609085559844971e-01,-2.226619869470596313e-01,-3.574402630329132080e-01,1.746938973665237427e-01,2.390436232089996338e-01,-2.807581797242164612e-02,-3.575579822063446045e-01,1.896434575319290161e-01,3.144716322422027588e-01,-4.630017578601837158e-01,-5.361256003379821777e-01,4.654175639152526855e-01,1.605392545461654663e-01,1.870629638433456421e-01,8.850783109664916992e-02,-7.536336779594421387e-02,-6.031395494937896729e-02,-3.250341415405273438e-01,-1.871816962957382202e-01,1.295512318611145020e-01,-4.611472133547067642e-03,-2.282614409923553467e-01,-1.660357266664505005e-01,4.854172766208648682e-01,-7.338789105415344238e-02,-1.365552842617034912e-01,-4.585260152816772461e-01,2.646965086460113525e-01,2.060238458216190338e-02,-1.279975324869155884e-01,-2.104654163122177124e-01,-1.572618335485458374e-01,2.638204395771026611e-02,7.559565827250480652e-03,3.196319639682769775e-01,1.767637282609939575e-01,-8.097992092370986938e-02,-2.218175232410430908e-01,4.100044071674346924e-01,-3.437587022781372070e-01,2.817553281784057617e-01,-4.454894661903381348e-01,2.254044860601425171e-01,-7.037767022848129272e-02,3.049054443836212158e-01,-3.437769711017608643e-01,-4.397046267986297607e-01,-8.386716363020241261e-04,3.356800973415374756e-01,-2.533237636089324951e-01,-3.610995113849639893e-01,4.118995368480682373e-01,7.980877999216318130e-04,-3.764826357364654541e-01,-1.364373601973056793e-03,-5.711030364036560059e-01,-1.602247804403305054e-01,3.747743964195251465e-01,7.095078472048044205e-03,9.581795334815979004e-02,3.134336173534393311e-01,-2.851489484310150146e-01,7.820116728544235229e-02,-1.597543358802795410e-01,-1.508156582713127136e-02,-3.705736696720123291e-01,-3.771024048328399658e-01,3.026202023029327393e-01,-5.860813689650967717e-05,-3.552319705486297607e-01,4.440984427928924561e-01,-3.985845446586608887e-01,4.377599954605102539e-01,-3.454339802265167236e-01,-3.308023512363433838e-01,3.075669109821319580e-01,2.827247679233551025e-01,-1.898188740015029907e-01,-1.996814310550689697e-01,-4.613746404647827148e-01,-1.640414353460073471e-03,2.143313586711883545e-01,-9.636869281530380249e-02,-2.465037107467651367e-01,9.525750577449798584e-02,3.835287690162658691e-01,-3.478393554687500000e-01,4.704530239105224609e-01,-2.552356198430061340e-02,-4.889238178730010986e-01,1.349037885665893555e-01,8.109695464372634888e-02,3.881876766681671143e-01,3.695793151855468750e-01,7.553394138813018799e-02,-2.238683402538299561e-01,-1.734949648380279541e-01,2.248121425509452820e-02,2.890934050083160400e-01
2.703726291656494141e-02,9.554456919431686401e-03,-8.117986470460891724e-02,6.147281825542449951e-02,5.271942913532257080e-02,-4.176760092377662659e-02,2.982898149639368057e-03,3.722676262259483337e-02,5.353609472513198853e-02,5.089502781629562378e-02,-1.025925111025571823e-02,-4.102849587798118591e-02,7.503778487443923950e-02,6.297656148672103882e-02,7.621812820434570312e-02,9.049189835786819458e-02,-1.195990480482578278e-03,6.474065780639648438e-02,-7.006567716598510742e-02,-5.450605228543281555e-02,-3.481597453355789185e-02,5.967877805233001709e-02,5.853988975286483765e-02,-9.564721025526523590e-03,1.082717068493366241e-02,8.243966847658157349e-02,-8.275808393955230713e-02,-5.107917636632919312e-02,7.953497022390365601e-02,-2.763506956398487091e-02,-7.624095305800437927e-03,-9.237550944089889526e-02,6.081350520253181458e-02,5.420391261577606201e-02,-3.833516733720898628e-03,-8.926487714052200317e-02,4.847419634461402893e-02,7.723455876111984253e-02,-7.448599487543106079e-02,-4.655389860272407532e-02,7.704414427280426025e-02,1.151646021753549576e-02,8.068405836820602417e-02,1.880213059484958649e-02,-1.207657158374786377e-03,-6.966993957757949829e-02,-8.079582452774047852e-02,-2.202864922583103180e-02,6.037998478859663010e-03,1.829421147704124451e-02,-8.595416322350502014e-03,-8.843619376420974731e-03,4.949771985411643982e-02,9.233186719939112663e-04,-2.190775051712989807e-02,-9.355182945728302002e-02,3.400945290923118591e-02,4.951773677021265030e-03,-7.080947607755661011e-02,-6.671657413244247437e-02,2.687897300347685814e-03,3.262577345594763756e-03,1.843146048486232758e-03,3.018191270530223846e-02,2.041025646030902863e-02,-2.423542737960815430e-02,2.721052616834640503e-02,8.520018309354782104e-02,-8.104729652404785156e-02,2.130314894020557404e-02,-6.966595351696014404e-02,-3.501883242279291153e-03,-2.157887816429138184e-02,7.705124467611312866e-02,-3.827771171927452087e-02,-8.047093451023101807e-02,-6.677926867268979549e-04,9.132551401853561401e-02,-3.757655248045921326e-02,-7.816193997859954834e-02,8.306669443845748901e-02,1.864729129010811448e-04,-6.962979584932327271e-02,-4.696044925367459655e-05,-7.700986415147781372e-02,-7.907995581626892090e-02,4.224026575684547424e-02,1.757778925821185112e-03,5.989416316151618958e-02,5.769187584519386292e-02,-2.328102663159370422e-02,-2.398022077977657318e-02,-7.174016535282135010e-02,2.752483636140823364e-02,-7.340247929096221924e-02,-5.521657411009073257e-03,5.820170789957046509e-02,-6.872669018775923178e-06,-6.339382380247116089e-02,6.591029465198516846e-02,-2.952384948730468750e-02,4.041101410984992981e-02,-8.750292658805847168e-02,-7.282759249210357666e-02,9.769497066736221313e-02,-7.892860448919236660e-04,-7.021249085664749146e-02,-8.501923084259033203e-02,-3.205622732639312744e-02,-2.288228133693337440e-03,5.281817913055419922e-02,-5.536350235342979431e-02,-8.022482693195343018e-02,1.538910437375307083e-03,8.977959305047988892e-02,-7.979913800954818726e-02,5.298000574111938477e-02,2.356797456741333008e-02,-8.381915092468261719e-02,3.614673763513565063e-02,6.518641114234924316e-02,6.925603747367858887e-02,7.561179250478744507e-02,-5.037245899438858032e-02,-3.981196880340576172e-02,-4.942833632230758667e-02,3.333670611027628183e-04,6.260082870721817017e-02
-2.510661482810974121e-01,-8.117986470460891724e-02,7.304080724716186523e-01,-6.128584742546081543e-01,-4.559437930583953857e-01,3.240629732608795166e-01,-6.901258975267410278e-02,-3.445473909378051758e-01,-4.628452956676483154e-01,-4.872469007968902588e-01,1.338873058557510376e-01,3.979233801364898682e-01,-6.095430254936218262e-01,-6.156479716300964355e-01,-6.964683532714843750e-01,-7.314861416816711426e-01,1.011486351490020752e-02,-5.688357949256896973e-01,6.516972780227661133e-01,5.458222031593322754e-01,3.336609303951263428e-01,-5.912973880767822266e-01,-5.835254788398742676e-01,9.749133139848709106e-02,-1.043055579066276550e-01,-6.497202515602111816e-01,7.102630734443664551e-01,4.044312536716461182e-01,-7.056080102920532227e-01,2.588033378124237061e-01,9.257811307907104492e-02,7.822278738021850586e-01,-5.603480935096740723e-01,-5.797075629234313965e-01,3.704413399100303650e-02,7.403310537338256836e-01,-4.436871707439422607e-01,-6.919672489166259766e-01,5.958403348922729492e-01,4.811564981937408447e-01,-6.516042351722717285e-01,-1.229090169072151184e-01,-6.937353014945983887e-01,-1.833098083734512329e-01,-1.485071406932547688e-04,6.111163496971130371e-01,7.342891693115234375e-01,2.116746604442596436e-01,-5.602285265922546387e-02,-8.842647820711135864e-02,8.457630127668380737e-02,1.222062483429908752e-01,-4.834237396717071533e-01,9.343340061604976654e-03,1.871850341558456421e-01,7.905109524726867676e-01,-3.575614094734191895e-01,-4.737716913223266602e-02,6.125507950782775879e-01,6.298818588256835938e-01,5.641467869281768799e-03,-6.072527915239334106e-02,-1.839720085263252258e-02,-2.596459984779357910e-01,-1.796871572732925415e-01,2.212660163640975952e-01,-1.919347196817398071e-01,-7.096377015113830566e-01,7.072341442108154297e-01,-1.501664668321609497e-01,6.339341402053833008e-01,4.666560888290405273e-02,2.208282500505447388e-01,-7.036606669425964355e-01,3.240200281143188477e-01,6.942437887191772461e-01,5.184528883546590805e-03,-7.860267758369445801e-01,3.980722129344940186e-01,6.992332339286804199e-01,-7.479388117790222168e-01,-1.829651999287307262e-03,6.270617842674255371e-01,9.717900538817048073e-04,6.492332816123962402e-01,6.841539144515991211e-01,-3.874818086624145508e-01,-1.546218059957027435e-02,-5.071179866790771484e-01,-5.560559630393981934e-01,2.269411534070968628e-01,2.184254974126815796e-01,6.431824564933776855e-01,-2.652257978916168213e-01,6.666457056999206543e-01,6.598554551601409912e-02,-5.314822793006896973e-01,6.818651309004053473e-05,5.623239874839782715e-01,-5.688340663909912109e-01,3.368354737758636475e-01,-3.342138826847076416e-01,7.594825029373168945e-01,6.578485965728759766e-01,-8.185512423515319824e-01,-1.176406890153884888e-01,6.319147944450378418e-01,7.100554108619689941e-01,2.582114636898040771e-01,2.079228684306144714e-02,-5.095908641815185547e-01,5.768433809280395508e-01,7.120708227157592773e-01,-1.436119973659515381e-01,-7.654334306716918945e-01,7.033609747886657715e-01,-4.458457231521606445e-01,-2.343125343322753906e-01,7.353796958923339844e-01,-3.605760335922241211e-01,-5.808597803115844727e-01,-6.407114267349243164e-01,-6.770984530448913574e-01,4.203511476516723633e-01,4.407508075237274170e-01,4.870562851428985596e-01,-1.191639993339776993e-02,-5.993528366088867188e-01
1.317386031150817871e-01,6.147281825542449951e-02,-6.128584742546081543e-01,6.593601107597351074e-01,2.563925087451934814e-01,-1.583425551652908325e-01,3.480120748281478882e-02,1.368952542543411255e-01,3.763375580310821533e-01,3.980682790279388428e-01,-1.733574122190475464e-01,-3.154926598072052002e-01,4.279754161834716797e-01,5.681232810020446777e-01,5.828562974929809570e-01,5.020936727523803711e-01,-5.037517752498388290e-03,4.760188460350036621e-01,-6.161994934082031250e-01,-4.525712728500366211e-01,-3.886409401893615723e-01,5.247572660446166992e-01,5.314605832099914551e-01,-8.657111972570419312e-02,8.760264515876770020e-02,4.090324044227600098e-01,-5.384628772735595703e-01,-1.423756182193756104e-01,5.050953030586242676e-01,-7.757727056741714478e-02,-8.027382940053939819e-02,-6.812526583671569824e-01,5.911437869071960449e-01,4.844293594360351562e-01,-1.678853109478950500e-02,-5.403607487678527832e-01,3.390780389308929443e-01,5.488114356994628906e-01,-3.115926384925842285e-01,-4.420121610164642334e-01,5.249571800231933594e-01,1.314867436885833740e-01,5.480479001998901367e-01,1.422541737556457520e-01,-5.826909840106964111e-02,-4.264746904373168945e-01,-6.533845663070678711e-01,-1.866937726736068726e-01,3.156772628426551819e-02,1.031806021928787231e-01,-2.894302643835544586e-02,-1.446232572197914124e-02,4.459967315196990967e-01,-2.700937166810035706e-02,-1.954270526766777039e-02,-6.115893721580505371e-01,3.129737079143524170e-01,3.622642904520034790e-02,-5.359464883804321289e-01,-6.052787303924560547e-01,-3.286737948656082153e-02,1.290044933557510376e-01,2.042334340512752533e-02,1.588316708803176880e-01,1.703489869832992554e-01,-1.809714883565902710e-01,1.700128912925720215e-01,5.042174458503723145e-01,-5.536398291587829590e-01,-6.609968841075897217e-02,-4.552040994167327881e-01,8.913581818342208862e-02,-2.589865922927856445e-01,6.055332422256469727e-01,-2.545782923698425293e-01,-5.472174286842346191e-01,-2.196153393015265465e-03,6.093342900276184082e-01,-4.793186783790588379e-01,-5.756635665893554688e-01,6.858909130096435547e-01,1.507152570411562920e-03,-4.179259836673736572e-01,1.795809366740286350e-03,-4.912717342376708984e-01,-5.503571629524230957e-01,1.362604200839996338e-01,9.062145836651325226e-03,3.627844750881195068e-01,4.233621358871459961e-01,-1.801519542932510376e-01,-3.319564461708068848e-01,-6.076903939247131348e-01,3.041741847991943359e-01,-5.913423895835876465e-01,4.630684480071067810e-02,3.762390315532684326e-01,-4.953142706654034555e-05,-3.492295145988464355e-01,3.915666043758392334e-01,-1.713906377553939819e-01,6.503064185380935669e-02,-6.867005228996276855e-01,-5.003240108489990234e-01,7.093133330345153809e-01,2.453861385583877563e-01,-6.980745792388916016e-01,-5.618211030960083008e-01,-3.880260884761810303e-02,-2.143650688230991364e-02,5.304660201072692871e-01,-6.071128845214843750e-01,-6.425546407699584961e-01,2.389018684625625610e-01,6.044824719429016113e-01,-5.670179724693298340e-01,1.961828172206878662e-01,1.970561891794204712e-01,-5.851768851280212402e-01,3.756682574748992920e-01,4.836382269859313965e-01,5.635024905204772949e-01,5.855317711830139160e-01,-4.057970643043518066e-01,-3.694330155849456787e-01,-4.511663317680358887e-01,1.734135730657726526e-04,4.800542294979095459e-01
4.417976438999176025e-01,5.271942913532257080e-02,-4.559437930583953857e-01,2.563925087451934814e-01,5.422627329826354980e-01,-4.381472170352935791e-01,1.196654736995697021e-01,5.454673767089843750e-01,3.387755751609802246e-01,3.318609595298767090e-01,-1.672162711620330811e-01,-3.084832131862640381e-01,3.852511942386627197e-01,3.722140491008758545e-01,4.670794606208801270e-01,6.721847057342529297e-01,-7.061438634991645813e-03,3.757842779159545898e-01,-3.565073609352111816e-01,-3.441036045551300049e-01,-1.769429892301559448e-01,3.077760040760040283e-01,2.673256397247314453e-01,1.101794466376304626e-02,7.002938538789749146e-02,5.712126493453979492e-01,-4.559748172760009766e-01,-5.491359829902648926e-01,5.434516072273254395e-01,-3.148933649063110352e-01,-1.573699116706848145e-01,-5.141986608505249023e-01,2.599287927150726318e-01,3.464343547821044922e-01,-3.949011489748954773e-02,-5.716229677200317383e-01,3.075776398181915283e-01,4.912432134151458740e-01,-6.790941357612609863e-01,-4.676467478275299072e-01,5.702660679817199707e-01,1.222942322492599487e-01,4.331648051738739014e-01,1.305354684591293335e-01,2.626309636980295181e-03,-3.367961347103118896e-01,-4.963058531284332275e-01,-1.962417513132095337e-01,9.231813997030258179e-02,5.826169252395629883e-02,-1.830310970544815063e-01,-2.056917995214462280e-01,4.317580461502075195e-01,-3.159441053867340088e-02,-2.422024458646774292e-01,-6.549230813980102539e-01,2.836481630802154541e-01,3.324451297521591187e-02,-3.260123729705810547e-01,-3.442153334617614746e-01,-5.363795533776283264e-02,-3.660254552960395813e-02,8.036933839321136475e-03,3.166674673557281494e-01,1.688134521245956421e-01,-1.382281482219696045e-01,-2.488918602466583252e-02,6.112971305847167969e-01,-5.094470381736755371e-01,3.534108996391296387e-01,-5.789340138435363770e-01,3.471727669239044189e-02,-5.890005081892013550e-02,4.596416354179382324e-01,-3.461919724941253662e-01,-5.828258395195007324e-01,-3.960357047617435455e-03,5.746684670448303223e-01,-2.256334275007247925e-01,-5.004097819328308105e-01,5.286000370979309082e-01,1.164203626103699207e-03,-5.448930859565734863e-01,-2.726064063608646393e-03,-6.598979830741882324e-01,-4.109654128551483154e-01,4.759075641632080078e-01,1.293326728045940399e-02,2.717298567295074463e-01,4.208293557167053223e-01,-2.787112593650817871e-01,4.382903873920440674e-02,-3.165436983108520508e-01,2.631669677793979645e-02,-4.778372347354888916e-01,-2.918070852756500244e-01,4.655832648277282715e-01,-6.390779162757098675e-05,-4.999420642852783203e-01,5.612242817878723145e-01,-4.077259004116058350e-01,5.084505677223205566e-01,-4.980009198188781738e-01,-4.950774013996124268e-01,5.335140824317932129e-01,1.224739477038383484e-01,-2.803387939929962158e-01,-4.620238542556762695e-01,-4.803581535816192627e-01,-3.983001690357923508e-03,2.202476859092712402e-01,-1.919215917587280273e-01,-4.329633712768554688e-01,-1.566793769598007202e-02,6.152957081794738770e-01,-5.055286288261413574e-01,5.610203146934509277e-01,8.879981189966201782e-02,-6.308966875076293945e-01,1.678649932146072388e-01,3.111713528633117676e-01,4.612463414669036865e-01,4.810427427291870117e-01,-1.159650683403015137e-01,-2.702066302299499512e-01,-2.442177832126617432e-01,1.156522519886493683e-02,4.204662144184112549e-01
-4.110510945320129395e-01,-4.176760092377662659e-02,3.240629732608795166e-01,-1.583425551652908325e-01,-4.381472170352935791e-01,4.379065930843353271e-01,-8.730506896972656250e-02,-4.262280464172363281e-01,-3.560284972190856934e-01,-2.726246416568756104e-01,1.606426388025283813e-01,2.470470368862152100e-01,-2.809289395809173584e-01,-2.896872758865356445e-01,-3.482530713081359863e-01,-5.512139797210693359e-01,4.240467213094234467e-03,-2.901608347892761230e-01,2.795805633068084717e-01,2.623822689056396484e-01,2.259566485881805420e-01,-2.223042100667953491e-01,-1.582078933715820312e-01,-1.594202779233455658e-02,-6.020096689462661743e-02,-4.950422346591949463e-01,3.380402028560638428e-01,4.602085351943969727e-01,-3.643215000629425049e-01,2.309569716453552246e-01,1.593037098646163940e-01,4.289731383323669434e-01,-2.209505289793014526e-01,-2.170360833406448364e-01,2.720464766025543213e-02,4.609166979789733887e-01,-2.423725277185440063e-01,-3.838898241519927979e-01,5.266850590705871582e-01,3.890208601951599121e-01,-5.079410076141357422e-01,-1.105941012501716614e-01,-3.068884611129760742e-01,-9.285885840654373169e-02,5.823932588100433350e-02,2.063090354204177856e-01,3.651831150054931641e-01,1.608838886022567749e-01,-1.169609501957893372e-01,-7.149632275104522705e-02,1.760365664958953857e-01,1.013600602746009827e-01,-3.964228332042694092e-01,3.772900253534317017e-02,1.610983610153198242e-01,5.009186863899230957e-01,-2.308697700500488281e-01,-2.405620925128459930e-02,2.529872953891754150e-01,2.578452825546264648e-01,8.473892509937286377e-02,4.289054311811923981e-03,-6.755810230970382690e-03,-3.128734529018402100e-01,-1.724018305540084839e-01,1.115720421075820923e-01,6.242868304252624512e-02,-4.804332554340362549e-01,4.177109599113464355e-01,-2.894017398357391357e-01,4.531715810298919678e-01,-1.608178913593292236e-01,7.786045968532562256e-02,-3.577868938446044922e-01,3.413270413875579834e-01,4.727766513824462891e-01,2.969617955386638641e-03,-4.203726351261138916e-01,2.006699889898300171e-01,4.106687009334564209e-01,-4.258259832859039307e-01,-8.591178921051323414e-04,4.066277742385864258e-01,6.167921237647533417e-04,5.672357082366943359e-01,2.871645987033843994e-01,-3.603852987289428711e-01,-9.640527889132499695e-03,-2.463640421628952026e-01,-3.324838578701019287e-01,2.294733673334121704e-01,-2.040014415979385376e-02,2.587015032768249512e-01,-3.283753618597984314e-02,4.054109752178192139e-01,2.603897154331207275e-01,-3.203912675380706787e-01,5.091601633466780186e-05,3.905088901519775391e-01,-4.829463958740234375e-01,3.120962381362915039e-01,-4.383203387260437012e-01,4.097459912300109863e-01,3.887585997581481934e-01,-4.260528981685638428e-01,-6.544311344623565674e-02,2.365296036005020142e-01,3.530206084251403809e-01,4.325816333293914795e-01,6.426538806408643723e-03,-2.177509516477584839e-01,1.109473705291748047e-01,3.270895183086395264e-01,1.706396415829658508e-02,-4.443084597587585449e-01,4.066923558712005615e-01,-4.629906713962554932e-01,-2.754782140254974365e-02,4.974755644798278809e-01,-1.416064947843551636e-01,-2.038083374500274658e-01,-3.927090466022491455e-01,-3.868265151977539062e-01,6.999891251325607300e-02,1.837682574987411499e-01,1.989989727735519409e-01,-1.430749613791704178e-02,-3.186813592910766602e-01
1.541803479194641113e-01,2.982898149639368057e-03,-6.901258975267410278e-02,3.480120748281478882e-02,1.196654736995697021e-01,-8.730506896972656250e-02,1.063020303845405579e-01,1.603745222091674805e-01,4.979348555207252502e-02,8.275067806243896484e-02,-1.093497723340988159e-01,-6.339213252067565918e-02,-2.502335421741008759e-02,7.070416212081909180e-02,6.992238759994506836e-02,1.024017333984375000e-01,-7.534098112955689430e-04,1.347684767097234726e-02,-7.666520774364471436e-02,-9.288873523473739624e-02,-8.109664916992187500e-02,4.359102994203567505e-02,2.544133178889751434e-02,2.422401681542396545e-02,1.618000306189060211e-02,6.471730768680572510e-02,-3.840213641524314880e-02,-1.055986955761909485e-01,8.365441113710403442e-02,-1.065318882465362549e-01,-7.461565732955932617e-02,-7.804251462221145630e-02,5.081072449684143066e-02,8.837051689624786377e-02,-6.793755106627941132e-03,-6.628355383872985840e-02,4.102916643023490906e-02,8.211967349052429199e-02,-1.149515956640243530e-01,-1.814848184585571289e-01,1.260954588651657104e-01,5.270633101463317871e-02,1.940061338245868683e-02,2.531301043927669525e-02,-5.034578591585159302e-02,5.934131797403097153e-03,-8.782884478569030762e-02,-4.315477982163429260e-02,5.936918035149574280e-02,-3.307089209556579590e-02,-6.046177446842193604e-02,-6.776512414216995239e-02,1.512747108936309814e-01,-2.002440020442008972e-02,-3.448688611388206482e-02,-1.163902133703231812e-01,7.856234908103942871e-02,4.696835298091173172e-03,-2.079380862414836884e-02,-3.072122484445571899e-02,-8.230791240930557251e-02,2.095649391412734985e-02,1.726034330204129219e-03,1.222788915038108826e-01,4.619403928518295288e-02,-1.534134056419134140e-02,-1.162080690264701843e-01,9.347627311944961548e-02,-7.722686976194381714e-02,9.301570057868957520e-02,-1.425681859254837036e-01,6.843611598014831543e-02,-1.208739448338747025e-02,6.771117448806762695e-02,-1.028249263763427734e-01,-1.330372691154479980e-01,3.058903675992041826e-04,8.956911414861679077e-02,-7.849861681461334229e-02,-8.836115151643753052e-02,1.229270994663238525e-01,1.754461409291252494e-04,-1.102940067648887634e-01,-1.298610004596412182e-03,-1.599842011928558350e-01,-1.578649273142218590e-03,1.529300659894943237e-01,1.098638982512056828e-03,9.528037044219672680e-04,8.938197046518325806e-02,-9.347125887870788574e-02,3.984132409095764160e-02,-3.063471987843513489e-02,-1.061001513153314590e-02,-1.079451516270637512e-01,-1.373810321092605591e-01,7.589647918939590454e-02,-2.167539241781923920e-05,-8.007453382015228271e-02,1.275909096002578735e-01,-1.588388085365295410e-01,1.501015871763229370e-01,-7.269118726253509521e-02,-8.280188590288162231e-02,9.506429731845855713e-02,1.401668488979339600e-01,-4.620091617107391357e-02,-1.142777409404516220e-02,-1.526797115802764893e-01,-3.819482226390391588e-04,2.141625434160232544e-02,-5.977004766464233398e-02,-2.975390292704105377e-02,9.842991083860397339e-02,8.775569498538970947e-02,-9.605767577886581421e-02,1.167027801275253296e-01,-6.751685403287410736e-03,-1.439097225666046143e-01,3.009051829576492310e-02,-1.248265430331230164e-02,1.208751648664474487e-01,8.127023279666900635e-02,7.767983525991439819e-02,-7.097170501947402954e-02,-5.191661044955253601e-02,1.115496363490819931e-02,1.085243225097656250e-01
5.050380825996398926e-01,3.722676262259483337e-02,-3.445473909378051758e-01,1.368952542543411255e-01,5.454673767089843750e-01,-4.262280464172363281e-01,1.603745222091674805e-01,6.634317636489868164e-01,2.557379305362701416e-01,2.710665464401245117e-01,-1.530735492706298828e-01,-2.982653677463531494e-01,2.706002891063690186e-01,3.116845488548278809e-01,3.969176709651947021e-01,6.077566742897033691e-01,-4.968017339706420898e-03,2.577182650566101074e-01,-2.150036692619323730e-01,-2.932957410812377930e-01,-6.460157781839370728e-02,2.501741349697113037e-01,1.748126447200775146e-01,1.801786571741104126e-02,5.922224000096321106e-02,4.886376857757568359e-01,-3.558871150016784668e-01,-5.798527002334594727e-01,5.079281926155090332e-01,-3.460491597652435303e-01,-1.892310231924057007e-01,-3.803469836711883545e-01,8.487386256456375122e-02,3.398580849170684814e-01,-4.906922578811645508e-02,-4.921087324619293213e-01,2.571365535259246826e-01,4.090598523616790771e-01,-6.932783722877502441e-01,-4.815568625926971436e-01,4.760320484638214111e-01,1.141913980245590210e-01,3.101716041564941406e-01,1.210878491401672363e-01,7.622815668582916260e-02,-2.650249600410461426e-01,-3.913157880306243896e-01,-1.884405910968780518e-01,9.316777437925338745e-02,-6.989712268114089966e-02,-2.314998805522918701e-01,-3.046188056468963623e-01,3.996498584747314453e-01,-6.141297519207000732e-02,-3.009102046489715576e-01,-5.839955806732177734e-01,2.860670387744903564e-01,3.102857805788516998e-02,-1.490437537431716919e-01,-2.312008589506149292e-01,-7.431847602128982544e-02,-7.431872189044952393e-02,3.615152556449174881e-03,2.746684849262237549e-01,1.344950795173645020e-01,-1.034002155065536499e-01,-1.538090854883193970e-01,5.391532778739929199e-01,-4.313589632511138916e-01,4.144124388694763184e-01,-5.623900294303894043e-01,-4.136648029088973999e-02,4.508205689489841461e-03,3.831581771373748779e-01,-2.790946960449218750e-01,-4.892056584358215332e-01,-3.387355245649814606e-03,4.910836517810821533e-01,-1.484697014093399048e-01,-4.157774150371551514e-01,4.189528524875640869e-01,1.064966665580868721e-03,-5.268026590347290039e-01,-4.324894864112138748e-03,-6.037867069244384766e-01,-3.033263087272644043e-01,5.304906368255615234e-01,1.289112865924835205e-02,1.528142243623733521e-01,4.004969894886016846e-01,-2.819604873657226562e-01,2.087291777133941650e-01,-1.588052362203598022e-01,-7.513064891099929810e-02,-3.767060637474060059e-01,-4.021138846874237061e-01,4.292873740196228027e-01,-6.590727571165189147e-05,-5.024779438972473145e-01,5.177590250968933105e-01,-5.147112011909484863e-01,5.870187282562255859e-01,-3.731234669685363770e-01,-4.379030168056488037e-01,3.692156374454498291e-01,1.657177656888961792e-01,-8.216728270053863525e-02,-3.387162387371063232e-01,-5.474877953529357910e-01,5.067783873528242111e-03,1.219887360930442810e-01,-7.358539849519729614e-02,-3.128474652767181396e-01,1.382859051227569580e-02,5.319380760192871094e-01,-4.068293571472167969e-01,6.130852699279785156e-01,5.875945463776588440e-02,-5.694660544395446777e-01,8.770783245563507080e-02,1.911758482456207275e-01,3.746879696846008301e-01,3.784978687763214111e-01,5.974404513835906982e-02,-2.865681350231170654e-01,-1.597289294004440308e-01,2.743940800428390503e-02,3.557616174221038818e-01
3.138119578361511230e-01,5.353609472513198853e-02,-4.628452956676483154e-01,3.763375580310821533e-01,3.387755751609802246e-01,-3.560284972190856934e-01,4.979348555207252502e-02,2.557379305362701416e-01,4.827849864959716797e-01,3.622318208217620850e-01,-1.758739054203033447e-01,-2.969889342784881592e-01,3.472958207130432129e-01,4.638722538948059082e-01,4.887745678424835205e-01,5.734983682632446289e-01,-3.411785000935196877e-03,3.443655371665954590e-01,-4.615241587162017822e-01,-3.858644962310791016e-01,-4.301949441432952881e-01,3.957981169223785400e-01,3.139181435108184814e-01,-4.651406407356262207e-02,8.373494446277618408e-02,5.105080008506774902e-01,-4.755479097366333008e-01,-3.104802966117858887e-01,3.984681367874145508e-01,-1.528983861207962036e-01,-1.578958183526992798e-01,-6.476513147354125977e-01,4.320746958255767822e-01,3.440626859664916992e-01,-1.905218884348869324e-02,-5.521976351737976074e-01,2.978829443454742432e-01,4.844453632831573486e-01,-4.012616872787475586e-01,-4.512619078159332275e-01,5.758566856384277344e-01,1.347102969884872437e-01,4.108880162239074707e-01,1.124749407172203064e-01,-1.119783744215965271e-01,-3.095432817935943604e-01,-4.972215890884399414e-01,-1.697157174348831177e-01,1.197120025753974915e-01,6.510937213897705078e-02,-1.372694373130798340e-01,-2.484755823388695717e-04,4.926308989524841309e-01,-4.965689405798912048e-02,-6.102408841252326965e-02,-5.806761384010314941e-01,2.810736298561096191e-01,2.906473539769649506e-02,-3.947177827358245850e-01,-4.237454831600189209e-01,-1.055518537759780884e-01,1.135404706001281738e-01,1.487870700657367706e-02,2.881380617618560791e-01,1.977755874395370483e-01,-1.523890644311904907e-01,8.873268030583858490e-03,5.069729089736938477e-01,-5.301982760429382324e-01,1.036140918731689453e-01,-4.565868079662322998e-01,2.159940302371978760e-01,-2.216660976409912109e-01,5.094556808471679688e-01,-3.390005826950073242e-01,-5.308231711387634277e-01,-2.534905448555946350e-03,5.278324484825134277e-01,-3.461142778396606445e-01,-5.460200309753417969e-01,5.980635285377502441e-01,1.217647106386721134e-03,-4.067349135875701904e-01,2.086461754515767097e-03,-5.699917078018188477e-01,-4.081488549709320068e-01,2.453188598155975342e-01,8.955225348472595215e-03,3.762316107749938965e-01,3.946999311447143555e-01,-1.949632167816162109e-01,-1.703025996685028076e-01,-4.600736498832702637e-01,2.103928625583648682e-01,-5.341895818710327148e-01,-1.275102347135543823e-01,2.859309017658233643e-01,-5.262890772428363562e-05,-3.947557508945465088e-01,4.598315656185150146e-01,-2.479380071163177490e-01,3.006506562232971191e-01,-6.055517792701721191e-01,-4.616056978702545166e-01,6.168338060379028320e-01,1.163683980703353882e-01,-5.133084058761596680e-01,-4.634646475315093994e-01,-2.717313766479492188e-01,-2.032428234815597534e-02,4.811041355133056641e-01,-3.697078227996826172e-01,-4.941982626914978027e-01,1.555124372243881226e-01,4.930908381938934326e-01,-5.286101102828979492e-01,3.490891158580780029e-01,7.830178737640380859e-02,-5.608983039855957031e-01,2.840827703475952148e-01,2.939764559268951416e-01,5.288664102554321289e-01,5.139354467391967773e-01,-2.146702408790588379e-01,-2.997083365917205811e-01,-3.684425950050354004e-01,2.407481148838996887e-02,3.983480632305145264e-01
2.523626685142517090e-01,5.089502781629562378e-02,-4.872469007968902588e-01,3.980682790279388428e-01,3.318609595298767090e-01,-2.726246416568756104e-01,8.275067806243896484e-02,2.710665464401245117e-01,3.622318208217620850e-01,3.481726646423339844e-01,-1.548239588737487793e-01,-2.781037688255310059e-01,3.583116233348846436e-01,4.354162514209747314e-01,4.796830415725708008e-01,5.435161590576171875e-01,-5.567973945289850235e-03,3.466163873672485352e-01,-4.603036344051361084e-01,-3.823406100273132324e-01,-3.169534206390380859e-01,3.841660320758819580e-01,3.512559533119201660e-01,-4.636112600564956665e-02,7.552211731672286987e-02,4.658688306808471680e-01,-4.751773178577423096e-01,-2.942469120025634766e-01,4.635573923587799072e-01,-1.906449198722839355e-01,-1.138460040092468262e-01,-5.918326973915100098e-01,4.035580754280090332e-01,3.832924962043762207e-01,-2.238422818481922150e-02,-5.268860459327697754e-01,2.900505363941192627e-01,4.790551662445068359e-01,-4.243112206459045410e-01,-4.159660339355468750e-01,5.116506814956665039e-01,1.136003956198692322e-01,4.342913925647735596e-01,1.194100156426429749e-01,-6.131735816597938538e-02,-3.582783937454223633e-01,-5.115428566932678223e-01,-1.536267548799514771e-01,8.442316949367523193e-02,4.633146151900291443e-02,-9.664207696914672852e-02,-6.802607327699661255e-02,4.203529059886932373e-01,-2.515411935746669769e-02,-1.005705744028091431e-01,-5.853425264358520508e-01,2.628445625305175781e-01,2.999261952936649323e-02,-3.948133289813995361e-01,-4.118081033229827881e-01,-6.990402191877365112e-02,7.464006543159484863e-02,1.312248036265373230e-02,2.459234148263931274e-01,1.530873477458953857e-01,-1.448120474815368652e-01,4.052766785025596619e-02,5.008972883224487305e-01,-5.006384253501892090e-01,1.178912594914436340e-01,-4.651242196559906006e-01,8.151733875274658203e-02,-1.706818789243698120e-01,4.894776940345764160e-01,-2.795239686965942383e-01,-5.203890800476074219e-01,-2.714200876653194427e-03,5.528246164321899414e-01,-3.064439594745635986e-01,-5.087010860443115234e-01,5.754294395446777344e-01,1.195018994621932507e-03,-4.288995265960693359e-01,-7.964483666000887752e-05,-5.236040949821472168e-01,-4.219380319118499756e-01,2.860980629920959473e-01,9.325494058430194855e-03,3.303379118442535400e-01,3.824861645698547363e-01,-1.870144307613372803e-01,-1.406908780336380005e-01,-4.361788034439086914e-01,1.789319217205047607e-01,-4.990490078926086426e-01,-1.091825067996978760e-01,3.300533294677734375e-01,-5.254386633168905973e-05,-3.802293539047241211e-01,4.284143149852752686e-01,-2.685520946979522705e-01,2.804475426673889160e-01,-5.610858201980590820e-01,-4.518773555755615234e-01,6.126511693000793457e-01,1.399524658918380737e-01,-4.740515947341918945e-01,-4.601924717426300049e-01,-2.384469211101531982e-01,-1.586959883570671082e-02,3.825505971908569336e-01,-3.937962353229522705e-01,-4.762660264968872070e-01,1.542285233736038208e-01,5.280938744544982910e-01,-5.081484913825988770e-01,3.292501270771026611e-01,1.185588389635086060e-01,-5.559166073799133301e-01,2.544933557510375977e-01,3.267473876476287842e-01,4.876433312892913818e-01,4.855185747146606445e-01,-2.161161601543426514e-01,-3.015154302120208740e-01,-3.407067954540252686e-01,1.600266247987747192e-02,4.139934182167053223e-01
-2.526522576808929443e-01,-1.025925111025571823e-02,1.338873058557510376e-01,-1.733574122190475464e-01,-1.672162711620330811e-01,1.606426388025283813e-01,-1.093497723340988159e-01,-1.530735492706298828e-01,-1.758739054203033447e-01,-1.548239588737487793e-01,2.462678104639053345e-01,1.170000061392784119e-01,4.325788095593452454e-02,-1.800767779350280762e-01,-1.439421325922012329e-01,-1.386286616325378418e-01,-1.161419902928173542e-03,-9.788072109222412109e-02,2.072311341762542725e-01,1.569708287715911865e-01,2.863453328609466553e-01,-1.065054535865783691e-01,-7.811660319566726685e-02,-4.986359924077987671e-02,-3.446558117866516113e-02,-7.852789759635925293e-02,4.866069927811622620e-02,8.924744278192520142e-02,-5.549596250057220459e-02,6.082421541213989258e-02,1.463710516691207886e-01,1.973446160554885864e-01,-2.309874743223190308e-01,-1.089787706732749939e-01,-6.995082949288189411e-04,9.068408608436584473e-02,-7.881318777799606323e-02,-1.469219475984573364e-01,6.850834935903549194e-02,3.410451412200927734e-01,-2.747281789779663086e-01,-1.264939755201339722e-01,-4.803938791155815125e-02,-3.761913627386093140e-02,1.640801131725311279e-01,-8.683071285486221313e-02,2.017973512411117554e-01,1.100752577185630798e-01,-9.855256974697113037e-02,-5.404183268547058105e-02,9.471488744020462036e-02,-1.219032797962427139e-03,-3.302851915359497070e-01,5.462156981229782104e-02,-5.470014736056327820e-02,1.727145016193389893e-01,-1.561490744352340698e-01,-7.066155783832073212e-03,1.120076552033424377e-01,1.560696512460708618e-01,1.511243283748626709e-01,-9.476773440837860107e-02,-8.386705070734024048e-03,-2.113510519266128540e-01,-1.358765065670013428e-01,4.198189824819564819e-02,1.461746543645858765e-01,-1.394222378730773926e-01,1.385123133659362793e-01,-3.738605976104736328e-02,1.985287368297576904e-01,-3.094180226325988770e-01,9.960487484931945801e-02,-1.521299779415130615e-01,2.410031706094741821e-01,2.433656752109527588e-01,-1.534107490442693233e-03,-1.132613942027091980e-01,2.795757651329040527e-01,1.822018772363662720e-01,-2.815019190311431885e-01,-3.331204352434724569e-04,1.168750151991844177e-01,-1.307681784965097904e-03,2.925466001033782959e-01,2.158309705555438995e-02,-9.923581033945083618e-02,-2.204559859819710255e-05,-1.413023285567760468e-02,-1.406718194484710693e-01,1.784993857145309448e-01,9.255472570657730103e-02,1.523861587047576904e-01,-6.315065175294876099e-02,2.512138485908508301e-01,1.528144925832748413e-01,-1.180307045578956604e-01,3.195076351403258741e-05,7.966883480548858643e-02,-2.135113179683685303e-01,1.443299651145935059e-01,-1.030791550874710083e-01,2.089229971170425415e-01,1.369031071662902832e-01,-1.985913962125778198e-01,-3.020282685756683350e-01,2.653129994869232178e-01,4.887437075376510620e-02,1.627127528190612793e-01,6.485591176897287369e-03,-1.692509055137634277e-01,1.662684977054595947e-01,1.418542861938476562e-01,-1.670252680778503418e-01,-1.468977183103561401e-01,1.862559467554092407e-01,-1.020258665084838867e-01,2.382007800042629242e-02,2.425589859485626221e-01,-1.368400901556015015e-01,-2.010507136583328247e-02,-2.610872983932495117e-01,-2.055751830339431763e-01,-1.799607276916503906e-02,9.671635925769805908e-02,1.429518908262252808e-01,-3.309510881081223488e-03,-1.784005761146545410e-01
-2.489494383335113525e-01,-4.102849587798118591e-02,3.979233801364898682e-01,-3.154926598072052002e-01,-3.084832131862640381e-01,2.470470368862152100e-01,-6.339213252067565918e-02,-2.982653677463531494e-01,-2.969889342784881592e-01,-2.781037688255310059e-01,1.170000061392784119e-01,2.522692680358886719e-01,-2.978866994380950928e-01,-3.761024773120880127e-01,-4.163701534271240234e-01,-4.901739954948425293e-01,3.588500898331403732e-03,-2.821128666400909424e-01,3.477049171924591064e-01,3.106165528297424316e-01,2.235199213027954102e-01,-3.280857503414154053e-01,-2.826268970966339111e-01,3.999553248286247253e-02,-6.248553469777107239e-02,-3.993493914604187012e-01,3.965371251106262207e-01,2.877343893051147461e-01,-4.163929224014282227e-01,1.615200340747833252e-01,1.136683747172355652e-01,4.896817505359649658e-01,-2.843686938285827637e-01,-3.338913321495056152e-01,2.545036189258098602e-02,4.626201689243316650e-01,-2.437909394502639771e-01,-4.036003947257995605e-01,4.168771207332611084e-01,3.742498159408569336e-01,-4.281388521194458008e-01,-9.608355909585952759e-02,-3.557358980178833008e-01,-1.039235815405845642e-01,3.651372855529189110e-03,3.022438287734985352e-01,4.290710091590881348e-01,1.419349908828735352e-01,-5.996168404817581177e-02,1.425898168236017227e-03,1.123849824070930481e-01,1.011409685015678406e-01,-3.584995865821838379e-01,3.823678940534591675e-02,1.200270429253578186e-01,5.193731188774108887e-01,-2.397157251834869385e-01,-2.699796296656131744e-02,2.822343111038208008e-01,3.394554853439331055e-01,5.148796364665031433e-02,-4.073073342442512512e-02,-1.008264534175395966e-02,-1.790852397680282593e-01,-1.256765276193618774e-01,1.182207167148590088e-01,-6.504173390567302704e-03,-4.396145641803741455e-01,4.267034530639648438e-01,-1.261648982763290405e-01,4.121017754077911377e-01,-3.283366933465003967e-02,1.262824684381484985e-01,-4.233367145061492920e-01,2.139632254838943481e-01,4.299591183662414551e-01,2.380571560934185982e-03,-4.764874577522277832e-01,2.433914691209793091e-01,4.354430139064788818e-01,-4.784683883190155029e-01,-1.067840494215488434e-03,3.799839913845062256e-01,3.773222269956022501e-04,4.617134928703308105e-01,3.602432906627655029e-01,-2.542186379432678223e-01,-8.837304078042507172e-03,-2.473434507846832275e-01,-3.352953791618347168e-01,1.659779995679855347e-01,6.349855661392211914e-02,3.297309875488281250e-01,-1.174705624580383301e-01,4.064991772174835205e-01,1.311828941106796265e-01,-2.882607281208038330e-01,4.584269117913208902e-05,3.552869856357574463e-01,-3.705569505691528320e-01,2.664354741573333740e-01,-2.740382850170135498e-01,4.721089303493499756e-01,3.898193836212158203e-01,-4.823352098464965820e-01,-1.273817718029022217e-01,3.441179096698760986e-01,3.866009414196014404e-01,2.308610081672668457e-01,9.793586097657680511e-03,-3.147158920764923096e-01,2.875180244445800781e-01,4.033576846122741699e-01,-1.190718561410903931e-01,-4.661519825458526611e-01,4.188346862792968750e-01,-3.313128650188446045e-01,-9.659910202026367188e-02,4.838142096996307373e-01,-1.978584676980972290e-01,-2.613917589187622070e-01,-3.992334604263305664e-01,-4.057146608829498291e-01,1.452781260013580322e-01,2.772490978240966797e-01,2.667136788368225098e-01,-1.879417151212692261e-02,-3.310886025428771973e-01
