9.999982118606567383e-01,-9.999985694885253906e-01,-9.999942183494567871e-01,9.999970197677612305e-01,9.999988079071044922e-01,-9.999986886978149414e-01,9.999943375587463379e-01,9.999990463256835938e-01,-9.999901652336120605e-01,9.999984502792358398e-01,-9.999986290931701660e-01,-9.999988675117492676e-01,9.999978542327880859e-01,9.999983310699462891e-01,9.999954700469970703e-01,9.999927878379821777e-01,9.999973773956298828e-01,-9.999976158142089844e-01,9.999915361404418945e-01,-9.999991059303283691e-01,-9.999988675117492676e-01,9.999946951866149902e-01,9.999985694885253906e-01,9.999969601631164551e-01,9.999889731407165527e-01,9.999988079071044922e-01,-9.999981522560119629e-01,-9.999987483024597168e-01,9.999914765357971191e-01,-9.999966025352478027e-01,-9.999898672103881836e-01,-9.999979734420776367e-01,9.999817013740539551e-01,9.999943375587463379e-01,-9.999979138374328613e-01,9.999556541442871094e-01,9.999989867210388184e-01,9.999984502792358398e-01,9.999815225601196289e-01,-9.999988079071044922e-01,9.999985694885253906e-01,9.999907612800598145e-01,9.999819993972778320e-01,9.999988079071044922e-01,9.999980926513671875e-01,9.999978542327880859e-01,-9.999932050704956055e-01,9.999986886978149414e-01,9.999986290931701660e-01,-9.999985098838806152e-01,-9.999986886978149414e-01,-9.999985694885253906e-01,-9.999986886978149414e-01,-9.999929666519165039e-01,-9.999986290931701660e-01,-9.999979734420776367e-01,9.999540448188781738e-01,9.999939203262329102e-01,9.999933242797851562e-01,9.999981522560119629e-01,-9.999982714653015137e-01,9.999989271163940430e-01,9.999983906745910645e-01,9.999954700469970703e-01,-9.999932646751403809e-01,-9.999988675117492676e-01,-9.999991655349731445e-01,-9.999952912330627441e-01,-9.999989867210388184e-01,9.999980926513671875e-01,-9.999986886978149414e-01,9.999950528144836426e-01,-9.999942183494567871e-01,-9.999934434890747070e-01,-9.999856948852539062e-01,-9.999983906745910645e-01,9.999899864196777344e-01,9.999986886978149414e-01,-9.999931454658508301e-01,-9.999949932098388672e-01,9.999917149543762207e-01,9.999975562095642090e-01,-9.999987483024597168e-01,9.999982118606567383e-01,-9.999983310699462891e-01,-9.999824762344360352e-01,-9.999048709869384766e-01,9.999988675117492676e-01,9.999927282333374023e-01,9.999908804893493652e-01,-9.999928474426269531e-01,9.999982714653015137e-01,-9.999861717224121094e-01,-9.999972581863403320e-01,9.999970793724060059e-01,-9.999977946281433105e-01,-9.999853372573852539e-01,9.999989271163940430e-01,-9.999987483024597168e-01,9.999973773956298828e-01,-9.999967813491821289e-01,9.999989271163940430e-01,9.999513030052185059e-01,9.999572038650512695e-01,9.999986886978149414e-01,9.999951124191284180e-01,-9.999809265136718750e-01,-9.999985098838806152e-01,-9.999941587448120117e-01,9.999985694885253906e-01,-9.999985098838806152e-01,9.999971985816955566e-01,-9.999981522560119629e-01,-9.998570680618286133e-01,9.999990463256835938e-01,-9.999964833259582520e-01,9.999988675117492676e-01,-9.999977350234985352e-01,-9.999952912330627441e-01,-9.999959468841552734e-01,-9.999982118606567383e-01,9.999967813491821289e-01,9.999972581863403320e-01,-9.999967217445373535e-01,-9.999913573265075684e-01,-9.999943375587463379e-01,9.999592900276184082e-01,-9.999895095825195312e-01
-9.999985694885253906e-01,9.999986886978149414e-01,9.999950528144836426e-01,-9.999974370002746582e-01,-9.999989271163940430e-01,9.999989271163940430e-01,-9.999951720237731934e-01,-9.999991655349731445e-01,9.999916553497314453e-01,-9.999986290931701660e-01,9.999989271163940430e-01,9.999990463256835938e-01,-9.999982118606567383e-01,-9.999985694885253906e-01,-9.999961256980895996e-01,-9.999937415122985840e-01,-9.999977350234985352e-01,9.999980330467224121e-01,-9.999927878379821777e-01,9.999992251396179199e-01,9.999991059303283691e-01,-9.999954700469970703e-01,-9.999987483024597168e-01,-9.999973177909851074e-01,-9.999905228614807129e-01,-9.999990463256835938e-01,9.999983310699462891e-01,9.999989271163940430e-01,-9.999927282333374023e-01,9.999971389770507812e-01,9.999912977218627930e-01,9.999983310699462891e-01,-9.999843835830688477e-01,-9.999951124191284180e-01,9.999982714653015137e-01,-9.999620318412780762e-01,-9.999991059303283691e-01,-9.999986290931701660e-01,-9.999840855598449707e-01,9.999989867210388184e-01,-9.999988079071044922e-01,-9.999920129776000977e-01,-9.999846816062927246e-01,-9.999991059303283691e-01,-9.999984502792358398e-01,-9.999980926513671875e-01,9.999942183494567871e-01,-9.999988675117492676e-01,-9.999988675117492676e-01,9.999986886978149414e-01,9.999989271163940430e-01,9.999988079071044922e-01,9.999988675117492676e-01,9.999939799308776855e-01,9.999988079071044922e-01,9.999982714653015137e-01,-9.999606609344482422e-01,-9.999948143959045410e-01,-9.999942779541015625e-01,-9.999985098838806152e-01,9.999985098838806152e-01,-9.999991655349731445e-01,-9.999985098838806152e-01,-9.999961256980895996e-01,9.999942183494567871e-01,9.999990463256835938e-01,9.999992847442626953e-01,9.999959468841552734e-01,9.999991059303283691e-01,-9.999983906745910645e-01,9.999989271163940430e-01,-9.999957680702209473e-01,9.999950528144836426e-01,9.999943971633911133e-01,9.999877214431762695e-01,9.999986290931701660e-01,-9.999914765357971191e-01,-9.999989271163940430e-01,9.999941587448120117e-01,9.999957084655761719e-01,-9.999929070472717285e-01,-9.999979734420776367e-01,9.999989867210388184e-01,-9.999983310699462891e-01,9.999985694885253906e-01,9.999850392341613770e-01,9.999185204505920410e-01,-9.999991059303283691e-01,-9.999937415122985840e-01,-9.999923110008239746e-01,9.999938607215881348e-01,-9.999986290931701660e-01,9.999881982803344727e-01,9.999976158142089844e-01,-9.999975562095642090e-01,9.999980926513671875e-01,9.999874830245971680e-01,-9.999991655349731445e-01,9.999989867210388184e-01,-9.999977350234985352e-01,9.999972581863403320e-01,-9.999991655349731445e-01,-9.999582767486572266e-01,-9.999632835388183594e-01,-9.999988675117492676e-01,-9.999958276748657227e-01,9.999836683273315430e-01,9.999986886978149414e-01,9.999950528144836426e-01,-9.999987483024597168e-01,9.999988079071044922e-01,-9.999976158142089844e-01,9.999983906745910645e-01,9.998775720596313477e-01,-9.999991655349731445e-01,9.999969601631164551e-01,-9.999991655349731445e-01,9.999980330467224121e-01,9.999959468841552734e-01,9.999965429306030273e-01,9.999984502792358398e-01,-9.999971985816955566e-01,-9.999977350234985352e-01,9.999971985816955566e-01,9.999926686286926270e-01,9.999952316284179688e-01,-9.999651908874511719e-01,9.999909996986389160e-01
-9.999942183494567871e-01,9.999950528144836426e-01,9.999806880950927734e-01,-9.999901652336120605e-01,-9.999960064888000488e-01,9.999957680702209473e-01,-9.999814033508300781e-01,-9.999966621398925781e-01,9.999673962593078613e-01,-9.999948740005493164e-01,9.999957680702209473e-01,9.999963045120239258e-01,-9.999928474426269531e-01,-9.999944567680358887e-01,-9.999848008155822754e-01,-9.999757409095764160e-01,-9.999914169311523438e-01,9.999920725822448730e-01,-9.999721050262451172e-01,9.999967813491821289e-01,9.999961256980895996e-01,-9.999822378158569336e-01,-9.999952912330627441e-01,-9.999898076057434082e-01,-9.999635219573974609e-01,-9.999961256980895996e-01,9.999937415122985840e-01,9.999959468841552734e-01,-9.999716281890869141e-01,9.999890327453613281e-01,9.999664425849914551e-01,9.999932050704956055e-01,-9.999393224716186523e-01,-9.999809861183166504e-01,9.999931454658508301e-01,-9.998534917831420898e-01,-9.999964833259582520e-01,-9.999948740005493164e-01,-9.999386072158813477e-01,9.999959468841552734e-01,-9.999952912330627441e-01,-9.999692440032958984e-01,-9.999403953552246094e-01,-9.999963045120239258e-01,-9.999937415122985840e-01,-9.999927282333374023e-01,9.999776482582092285e-01,-9.999955296516418457e-01,-9.999953508377075195e-01,9.999949336051940918e-01,9.999958872795104980e-01,9.999952912330627441e-01,9.999956488609313965e-01,9.999767541885375977e-01,9.999953508377075195e-01,9.999933242797851562e-01,-9.998484849929809570e-01,-9.999800324440002441e-01,-9.999775290489196777e-01,-9.999939799308776855e-01,9.999943971633911133e-01,-9.999962449073791504e-01,-9.999943971633911133e-01,-9.999848008155822754e-01,9.999773502349853516e-01,9.999961853027343750e-01,9.999966621398925781e-01,9.999844431877136230e-01,9.999965429306030273e-01,-9.999938607215881348e-01,9.999958872795104980e-01,-9.999835491180419922e-01,9.999808073043823242e-01,9.999784231185913086e-01,9.999526143074035645e-01,9.999947547912597656e-01,-9.999670982360839844e-01,-9.999957680702209473e-01,9.999774098396301270e-01,9.999833703041076660e-01,-9.999727010726928711e-01,-9.999917745590209961e-01,9.999959468841552734e-01,-9.999937415122985840e-01,9.999943375587463379e-01,9.999419450759887695e-01,9.996857643127441406e-01,-9.999961853027343750e-01,-9.999759197235107422e-01,-9.999700188636779785e-01,9.999762177467346191e-01,-9.999943971633911133e-01,9.999542832374572754e-01,9.999907016754150391e-01,-9.999904632568359375e-01,9.999927282333374023e-01,9.999511837959289551e-01,-9.999965429306030273e-01,9.999958872795104980e-01,-9.999911189079284668e-01,9.999892711639404297e-01,-9.999963045120239258e-01,-9.998392462730407715e-01,-9.998585581779479980e-01,-9.999955296516418457e-01,-9.999839067459106445e-01,9.999371170997619629e-01,9.999948143959045410e-01,9.999806880950927734e-01,-9.999949932098388672e-01,9.999951124191284180e-01,-9.999908804893493652e-01,9.999939203262329102e-01,9.995281696319580078e-01,-9.999966621398925781e-01,9.999885559082031250e-01,-9.999963641166687012e-01,9.999924302101135254e-01,9.999844431877136230e-01,9.999865293502807617e-01,9.999942183494567871e-01,-9.999891519546508789e-01,-9.999912977218627930e-01,9.999892711639404297e-01,9.999713897705078125e-01,9.999813437461853027e-01,-9.998656511306762695e-01,9.999652504920959473e-01
9.999970197677612305e-01,-9.999974370002746582e-01,-9.999901652336120605e-01,9.999948740005493164e-01,9.999979138374328613e-01,-9.999978542327880859e-01,9.999904036521911621e-01,9.999982714653015137e-01,-9.999832510948181152e-01,9.999972581863403320e-01,-9.999977350234985352e-01,-9.999980330467224121e-01,9.999962449073791504e-01,9.999971389770507812e-01,9.999921917915344238e-01,9.999876022338867188e-01,9.999955892562866211e-01,-9.999958872795104980e-01,9.999856352806091309e-01,-9.999983310699462891e-01,-9.999980926513671875e-01,9.999908208847045898e-01,9.999975562095642090e-01,9.999947547912597656e-01,9.999812245368957520e-01,9.999980330467224121e-01,-9.999967217445373535e-01,-9.999977946281433105e-01,9.999855160713195801e-01,-9.999942779541015625e-01,-9.999827742576599121e-01,-9.999964833259582520e-01,9.999688267707824707e-01,9.999902248382568359e-01,-9.999964237213134766e-01,9.999245405197143555e-01,9.999982118606567383e-01,9.999973177909851074e-01,9.999684691429138184e-01,-9.999979138374328613e-01,9.999975562095642090e-01,9.999843239784240723e-01,9.999693036079406738e-01,9.999980926513671875e-01,9.999967217445373535e-01,9.999961853027343750e-01,-9.999884963035583496e-01,9.999977350234985352e-01,9.999975562095642090e-01,-9.999973177909851074e-01,-9.999979138374328613e-01,-9.999974966049194336e-01,-9.999977350234985352e-01,-9.999880194664001465e-01,-9.999975562095642090e-01,-9.999964237213134766e-01,9.999219775199890137e-01,9.999896883964538574e-01,9.999884366989135742e-01,9.999968409538269043e-01,-9.999970793724060059e-01,9.999980330467224121e-01,9.999971389770507812e-01,9.999921917915344238e-01,-9.999883770942687988e-01,-9.999980330467224121e-01,-9.999983906745910645e-01,-9.999920129776000977e-01,-9.999981522560119629e-01,9.999967813491821289e-01,-9.999978542327880859e-01,9.999914765357971191e-01,-9.999902248382568359e-01,-9.999889135360717773e-01,-9.999756813049316406e-01,-9.999972581863403320e-01,9.999830722808837891e-01,9.999977350234985352e-01,-9.999882578849792480e-01,-9.999914169311523438e-01,9.999859333038330078e-01,9.999957680702209473e-01,-9.999978542327880859e-01,9.999967217445373535e-01,-9.999970197677612305e-01,-9.999701976776123047e-01,-9.998383522033691406e-01,9.999980926513671875e-01,9.999874830245971680e-01,9.999845027923583984e-01,-9.999877810478210449e-01,9.999970793724060059e-01,-9.999765753746032715e-01,-9.999952316284179688e-01,9.999951124191284180e-01,-9.999961853027343750e-01,-9.999749064445495605e-01,9.999982118606567383e-01,-9.999978542327880859e-01,9.999954700469970703e-01,-9.999945163726806641e-01,9.999980330467224121e-01,9.999172091484069824e-01,9.999272227287292480e-01,9.999977350234985352e-01,9.999916553497314453e-01,-9.999675750732421875e-01,-9.999972581863403320e-01,-9.999900460243225098e-01,9.999973773956298828e-01,-9.999974370002746582e-01,9.999953508377075195e-01,-9.999968409538269043e-01,-9.997571110725402832e-01,9.999982118606567383e-01,-9.999940395355224609e-01,9.999982118606567383e-01,-9.999960660934448242e-01,-9.999919533729553223e-01,-9.999930262565612793e-01,-9.999969601631164551e-01,9.999943971633911133e-01,9.999954700469970703e-01,-9.999943971633911133e-01,-9.999852180480957031e-01,-9.999902844429016113e-01,9.999307990074157715e-01,-9.999821186065673828e-01
9.999988079071044922e-01,-9.999989271163940430e-01,-9.999960064888000488e-01,9.999979138374328613e-01,9.999991655349731445e-01,-9.999990463256835938e-01,9.999960660934448242e-01,9.999992847442626953e-01,-9.999932646751403809e-01,9.999988675117492676e-01,-9.999991059303283691e-01,-9.999991655349731445e-01,9.999985098838806152e-01,9.999988079071044922e-01,9.999968409538269043e-01,9.999949932098388672e-01,9.999980926513671875e-01,-9.999983310699462891e-01,9.999942183494567871e-01,-9.999992847442626953e-01,-9.999991655349731445e-01,9.999962449073791504e-01,9.999989867210388184e-01,9.999977946281433105e-01,9.999925494194030762e-01,9.999991655349731445e-01,-9.999986290931701660e-01,-9.999991059303283691e-01,9.999941587448120117e-01,-9.999976754188537598e-01,-9.999930858612060547e-01,-9.999986290931701660e-01,9.999876022338867188e-01,9.999959468841552734e-01,-9.999985694885253906e-01,9.999701976776123047e-01,9.999992847442626953e-01,9.999988675117492676e-01,9.999874234199523926e-01,-9.999991655349731445e-01,9.999989867210388184e-01,9.999936223030090332e-01,9.999878406524658203e-01,9.999992251396179199e-01,9.999986886978149414e-01,9.999985098838806152e-01,-9.999953508377075195e-01,9.999991059303283691e-01,9.999991059303283691e-01,-9.999988675117492676e-01,-9.999991059303283691e-01,-9.999989867210388184e-01,-9.999991655349731445e-01,-9.999951720237731934e-01,-9.999991059303283691e-01,-9.999985694885253906e-01,9.999690651893615723e-01,9.999958872795104980e-01,9.999953508377075195e-01,9.999987483024597168e-01,-9.999987483024597168e-01,9.999992847442626953e-01,9.999987483024597168e-01,9.999967813491821289e-01,-9.999954104423522949e-01,-9.999992251396179199e-01,-9.999993443489074707e-01,-9.999967813491821289e-01,-9.999992251396179199e-01,9.999986290931701660e-01,-9.999991059303283691e-01,9.999964237213134766e-01,-9.999959468841552734e-01,-9.999955296516418457e-01,-9.999902844429016113e-01,-9.999988675117492676e-01,9.999932050704956055e-01,9.999991655349731445e-01,-9.999952912330627441e-01,-9.999965429306030273e-01,9.999943375587463379e-01,9.999982714653015137e-01,-9.999992251396179199e-01,9.999986886978149414e-01,-9.999987483024597168e-01,-9.999881982803344727e-01,-9.999359846115112305e-01,9.999992251396179199e-01,9.999951124191284180e-01,9.999938011169433594e-01,-9.999951124191284180e-01,9.999987483024597168e-01,-9.999905824661254883e-01,-9.999980926513671875e-01,9.999980330467224121e-01,-9.999983906745910645e-01,-9.999899864196777344e-01,9.999992251396179199e-01,-9.999992251396179199e-01,9.999981522560119629e-01,-9.999977946281433105e-01,9.999992847442626953e-01,9.999671578407287598e-01,9.999712109565734863e-01,9.999990463256835938e-01,9.999966025352478027e-01,-9.999871253967285156e-01,-9.999988675117492676e-01,-9.999960064888000488e-01,9.999989271163940430e-01,-9.999990463256835938e-01,9.999981522560119629e-01,-9.999986886978149414e-01,-9.999037981033325195e-01,9.999992847442626953e-01,-9.999974966049194336e-01,9.999992251396179199e-01,-9.999984502792358398e-01,-9.999966621398925781e-01,-9.999971985816955566e-01,-9.999987483024597168e-01,9.999976754188537598e-01,9.999980926513671875e-01,-9.999977350234985352e-01,-9.999940395355224609e-01,-9.999960064888000488e-01,9.999727010726928711e-01,-9.999928474426269531e-01
-9.999986886978149414e-01,9.999989271163940430e-01,9.999957680702209473e-01,-9.999978542327880859e-01,-9.999990463256835938e-01,9.999992251396179199e-01,-9.999958872795104980e-01,-9.999992847442626953e-01,9.999928474426269531e-01,-9.999988675117492676e-01,9.999991059303283691e-01,9.999992251396179199e-01,-9.999983906745910645e-01,-9.999987483024597168e-01,-9.999966025352478027e-01,-9.999946951866149902e-01,-9.999980926513671875e-01,9.999983310699462891e-01,-9.999938607215881348e-01,9.999993443489074707e-01,9.999992251396179199e-01,-9.999960660934448242e-01,-9.999989271163940430e-01,-9.999976754188537598e-01,-9.999920725822448730e-01,-9.999992251396179199e-01,9.999986290931701660e-01,9.999991655349731445e-01,-9.999938011169433594e-01,9.999975562095642090e-01,9.999926686286926270e-01,9.999985098838806152e-01,-9.999867081642150879e-01,-9.999958276748657227e-01,9.999984502792358398e-01,-9.999678730964660645e-01,-9.999993443489074707e-01,-9.999988675117492676e-01,-9.999865889549255371e-01,9.999991655349731445e-01,-9.999989271163940430e-01,-9.999932646751403809e-01,-9.999870657920837402e-01,-9.999991655349731445e-01,-9.999986290931701660e-01,-9.999984502792358398e-01,9.999951124191284180e-01,-9.999990463256835938e-01,-9.999990463256835938e-01,9.999988675117492676e-01,9.999991655349731445e-01,9.999989271163940430e-01,9.999991059303283691e-01,9.999949336051940918e-01,9.999989271163940430e-01,9.999985098838806152e-01,-9.999668002128601074e-01,-9.999956488609313965e-01,-9.999950528144836426e-01,-9.999987483024597168e-01,9.999986886978149414e-01,-9.999992847442626953e-01,-9.999987483024597168e-01,-9.999966025352478027e-01,9.999951124191284180e-01,9.999991655349731445e-01,9.999994039535522461e-01,9.999965429306030273e-01,9.999992847442626953e-01,-9.999986290931701660e-01,9.999991655349731445e-01,-9.999963641166687012e-01,9.999958276748657227e-01,9.999952912330627441e-01,9.999896287918090820e-01,9.999988079071044922e-01,-9.999927878379821777e-01,-9.999992251396179199e-01,9.999950528144836426e-01,9.999963045120239258e-01,-9.999940991401672363e-01,-9.999981522560119629e-01,9.999991655349731445e-01,-9.999986886978149414e-01,9.999987483024597168e-01,9.999873042106628418e-01,9.999311566352844238e-01,-9.999992251396179199e-01,-9.999946951866149902e-01,-9.999935030937194824e-01,9.999948143959045410e-01,-9.999987483024597168e-01,9.999899864196777344e-01,9.999979138374328613e-01,-9.999978542327880859e-01,9.999983906745910645e-01,9.999893903732299805e-01,-9.999992847442626953e-01,9.999991655349731445e-01,-9.999981522560119629e-01,9.999976754188537598e-01,-9.999993443489074707e-01,-9.999647736549377441e-01,-9.999691843986511230e-01,-9.999990463256835938e-01,-9.999964237213134766e-01,9.999862313270568848e-01,9.999989271163940430e-01,9.999957680702209473e-01,-9.999988675117492676e-01,9.999989271163940430e-01,-9.999979734420776367e-01,9.999986290931701660e-01,9.998965263366699219e-01,-9.999992847442626953e-01,9.999973773956298828e-01,-9.999992847442626953e-01,9.999983310699462891e-01,9.999965429306030273e-01,9.999969601631164551e-01,9.999986886978149414e-01,-9.999976158142089844e-01,-9.999979734420776367e-01,9.999976158142089844e-01,9.999936819076538086e-01,9.999958872795104980e-01,-9.999706149101257324e-01,9.999924302101135254e-01
9.999943375587463379e-01,-9.999951720237731934e-01,-9.999814033508300781e-01,9.999904036521911621e-01,9.999960660934448242e-01,-9.999958872795104980e-01,9.999819397926330566e-01,9.999967813491821289e-01,-9.999685287475585938e-01,9.999949932098388672e-01,-9.999958872795104980e-01,-9.999963641166687012e-01,9.999930262565612793e-01,9.999945759773254395e-01,9.999853372573852539e-01,9.999766349792480469e-01,9.999916553497314453e-01,-9.999922513961791992e-01,9.999730587005615234e-01,-9.999967813491821289e-01,-9.999962449073791504e-01,9.999828338623046875e-01,9.999953508377075195e-01,9.999901056289672852e-01,9.999646544456481934e-01,9.999962449073791504e-01,-9.999939203262329102e-01,-9.999960064888000488e-01,9.999726414680480957e-01,-9.999893903732299805e-01,-9.999676346778869629e-01,-9.999935626983642578e-01,9.999414682388305664e-01,9.999815821647644043e-01,-9.999934434890747070e-01,9.998586773872375488e-01,9.999964833259582520e-01,9.999949932098388672e-01,9.999408125877380371e-01,-9.999960660934448242e-01,9.999954104423522949e-01,9.999703168869018555e-01,9.999424219131469727e-01,9.999964833259582520e-01,9.999939799308776855e-01,9.999929666519165039e-01,-9.999783039093017578e-01,9.999957084655761719e-01,9.999955892562866211e-01,-9.999951124191284180e-01,-9.999959468841552734e-01,-9.999954104423522949e-01,-9.999957680702209473e-01,-9.999775290489196777e-01,-9.999954104423522949e-01,-9.999935626983642578e-01,9.998537302017211914e-01,9.999806284904479980e-01,9.999783635139465332e-01,9.999941587448120117e-01,-9.999945163726806641e-01,9.999964237213134766e-01,9.999945163726806641e-01,9.999852180480957031e-01,-9.999781847000122070e-01,-9.999961853027343750e-01,-9.999967813491821289e-01,-9.999849796295166016e-01,-9.999966621398925781e-01,9.999939799308776855e-01,-9.999959468841552734e-01,9.999842047691345215e-01,-9.999814629554748535e-01,-9.999791979789733887e-01,-9.999542236328125000e-01,-9.999948740005493164e-01,9.999682903289794922e-01,9.999958872795104980e-01,-9.999781250953674316e-01,-9.999839067459106445e-01,9.999736547470092773e-01,9.999921321868896484e-01,-9.999958872795104980e-01,9.999939799308776855e-01,-9.999943971633911133e-01,-9.999438524246215820e-01,-9.996968507766723633e-01,9.999964237213134766e-01,9.999766349792480469e-01,9.999709725379943848e-01,-9.999771118164062500e-01,9.999945163726806641e-01,-9.999558925628662109e-01,-9.999909996986389160e-01,9.999908208847045898e-01,-9.999929070472717285e-01,-9.999528527259826660e-01,9.999965429306030273e-01,-9.999959468841552734e-01,9.999914169311523438e-01,-9.999896287918090820e-01,9.999963641166687012e-01,9.998449683189392090e-01,9.998635053634643555e-01,9.999957680702209473e-01,9.999843239784240723e-01,-9.999393224716186523e-01,-9.999949932098388672e-01,-9.999814033508300781e-01,9.999951720237731934e-01,-9.999952912330627441e-01,9.999912381172180176e-01,-9.999941587448120117e-01,-9.995447993278503418e-01,9.999966621398925781e-01,-9.999889731407165527e-01,9.999966025352478027e-01,-9.999926686286926270e-01,-9.999849796295166016e-01,-9.999869465827941895e-01,-9.999943375587463379e-01,9.999895095825195312e-01,9.999915361404418945e-01,-9.999895691871643066e-01,-9.999724030494689941e-01,-9.999819397926330566e-01,9.998703598976135254e-01,-9.999665021896362305e-01
9.999990463256835938e-01,-9.999991655349731445e-01,-9.999966621398925781e-01,9.999982714653015137e-01,9.999992847442626953e-01,-9.999992847442626953e-01,9.999967813491821289e-01,9.999994635581970215e-01,-9.999944567680358887e-01,9.999991655349731445e-01,-9.999992251396179199e-01,-9.999994039535522461e-01,9.999987483024597168e-01,9.999991059303283691e-01,9.999973773956298828e-01,9.999958872795104980e-01,9.999985098838806152e-01,-9.999986886978149414e-01,9.999951720237731934e-01,-9.999994039535522461e-01,-9.999994039535522461e-01,9.999970197677612305e-01,9.999992251396179199e-01,9.999982118606567383e-01,9.999937415122985840e-01,9.999994039535522461e-01,-9.999989271163940430e-01,-9.999993443489074707e-01,9.999952316284179688e-01,-9.999980926513671875e-01,-9.999942779541015625e-01,-9.999988675117492676e-01,9.999896287918090820e-01,9.999967813491821289e-01,-9.999988079071044922e-01,9.999750256538391113e-01,9.999994635581970215e-01,9.999991655349731445e-01,9.999895095825195312e-01,-9.999993443489074707e-01,9.999992251396179199e-01,9.999947547912597656e-01,9.999899268150329590e-01,9.999993443489074707e-01,9.999989271163940430e-01,9.999988079071044922e-01,-9.999961256980895996e-01,9.999993443489074707e-01,9.999992251396179199e-01,-9.999991655349731445e-01,-9.999992847442626953e-01,-9.999992251396179199e-01,-9.999992847442626953e-01,-9.999959468841552734e-01,-9.999992251396179199e-01,-9.999987483024597168e-01,9.999741315841674805e-01,9.999964237213134766e-01,9.999961256980895996e-01,9.999989271163940430e-01,-9.999991059303283691e-01,9.999994635581970215e-01,9.999991059303283691e-01,9.999973773956298828e-01,-9.999960660934448242e-01,-9.999993443489074707e-01,-9.999994635581970215e-01,-9.999973177909851074e-01,-9.999994039535522461e-01,9.999988675117492676e-01,-9.999992847442626953e-01,9.999970793724060059e-01,-9.999966621398925781e-01,-9.999962449073791504e-01,-9.999918937683105469e-01,-9.999991655349731445e-01,9.999943971633911133e-01,9.999992847442626953e-01,-9.999960660934448242e-01,-9.999970793724060059e-01,9.999953508377075195e-01,9.999985694885253906e-01,-9.999993443489074707e-01,9.999989271163940430e-01,-9.999990463256835938e-01,-9.999901652336120605e-01,-9.999462962150573730e-01,9.999994039535522461e-01,9.999958872795104980e-01,9.999948740005493164e-01,-9.999959468841552734e-01,9.999991059303283691e-01,-9.999921917915344238e-01,-9.999983906745910645e-01,9.999983310699462891e-01,-9.999987483024597168e-01,-9.999916553497314453e-01,9.999993443489074707e-01,-9.999993443489074707e-01,9.999984502792358398e-01,-9.999982118606567383e-01,9.999994039535522461e-01,9.999725818634033203e-01,9.999758601188659668e-01,9.999993443489074707e-01,9.999971985816955566e-01,-9.999892711639404297e-01,-9.999992847442626953e-01,-9.999966621398925781e-01,9.999992847442626953e-01,-9.999992251396179199e-01,9.999984502792358398e-01,-9.999988675117492676e-01,-9.999193549156188965e-01,9.999994635581970215e-01,-9.999980330467224121e-01,9.999994635581970215e-01,-9.999986886978149414e-01,-9.999971985816955566e-01,-9.999976754188537598e-01,-9.999990463256835938e-01,9.999980926513671875e-01,9.999983906745910645e-01,-9.999980330467224121e-01,-9.999951124191284180e-01,-9.999967813491821289e-01,9.999771118164062500e-01,-9.999939799308776855e-01
-9.999901652336120605e-01,9.999916553497314453e-01,9.999673962593078613e-01,-9.999832510948181152e-01,-9.999932646751403809e-01,9.999928474426269531e-01,-9.999685287475585938e-01,-9.999944567680358887e-01,9.999451041221618652e-01,-9.999913573265075684e-01,9.999929666519165039e-01,9.999936819076538086e-01,-9.999878406524658203e-01,-9.999906420707702637e-01,-9.999743700027465820e-01,-9.999590516090393066e-01,-9.999855160713195801e-01,9.999864697456359863e-01,-9.999528527259826660e-01,9.999946951866149902e-01,9.999936819076538086e-01,-9.999701380729675293e-01,-9.999919533729553223e-01,-9.999827146530151367e-01,-9.999384284019470215e-01,-9.999935626983642578e-01,9.999893307685852051e-01,9.999931454658508301e-01,-9.999521374702453613e-01,9.999814629554748535e-01,9.999434351921081543e-01,9.999885559082031250e-01,-9.998977780342102051e-01,-9.999678730964660645e-01,9.999884366989135742e-01,-9.997531771659851074e-01,-9.999939799308776855e-01,-9.999914169311523438e-01,-9.998965859413146973e-01,9.999933242797851562e-01,-9.999920129776000977e-01,-9.999480843544006348e-01,-9.998995065689086914e-01,-9.999939203262329102e-01,-9.999893903732299805e-01,-9.999877214431762695e-01,9.999622106552124023e-01,-9.999924898147583008e-01,-9.999922513961791992e-01,9.999914169311523438e-01,9.999930858612060547e-01,9.999920129776000977e-01,9.999926686286926270e-01,9.999607801437377930e-01,9.999920129776000977e-01,9.999887943267822266e-01,-9.997446537017822266e-01,-9.999662041664123535e-01,-9.999620914459228516e-01,-9.999897480010986328e-01,9.999905228614807129e-01,-9.999936223030090332e-01,-9.999904632568359375e-01,-9.999743700027465820e-01,9.999617934226989746e-01,9.999934434890747070e-01,9.999945163726806641e-01,9.999737143516540527e-01,9.999940991401672363e-01,-9.999896287918090820e-01,9.999931454658508301e-01,-9.999722838401794434e-01,9.999676346778869629e-01,9.999635219573974609e-01,9.999201297760009766e-01,9.999910593032836914e-01,-9.999444484710693359e-01,-9.999929070472717285e-01,9.999618530273437500e-01,9.999718666076660156e-01,-9.999538660049438477e-01,-9.999860525131225586e-01,9.999931454658508301e-01,-9.999894499778747559e-01,9.999903440475463867e-01,9.999019503593444824e-01,9.994705915451049805e-01,-9.999938607215881348e-01,-9.999592900276184082e-01,-9.999491572380065918e-01,9.999599456787109375e-01,-9.999905228614807129e-01,9.999230504035949707e-01,9.999842047691345215e-01,-9.999839663505554199e-01,9.999877810478210449e-01,9.999176859855651855e-01,-9.999942183494567871e-01,9.999931454658508301e-01,-9.999851584434509277e-01,9.999818205833435059e-01,-9.999938011169433594e-01,-9.997290968894958496e-01,-9.997616410255432129e-01,-9.999925494194030762e-01,-9.999728798866271973e-01,9.998939037322998047e-01,9.999912381172180176e-01,9.999673962593078613e-01,-9.999915361404418945e-01,9.999917149543762207e-01,-9.999848008155822754e-01,9.999898076057434082e-01,9.992050528526306152e-01,-9.999942779541015625e-01,9.999806284904479980e-01,-9.999941587448120117e-01,9.999872446060180664e-01,9.999736547470092773e-01,9.999771714210510254e-01,9.999901652336120605e-01,-9.999817013740539551e-01,-9.999853372573852539e-01,9.999818801879882812e-01,9.999515414237976074e-01,9.999684095382690430e-01,-9.997736215591430664e-01,9.999415278434753418e-01
9.999984502792358398e-01,-9.999986290931701660e-01,-9.999948740005493164e-01,9.999972581863403320e-01,9.999988675117492676e-01,-9.999988675117492676e-01,9.999949932098388672e-01,9.999991655349731445e-01,-9.999913573265075684e-01,9.999986290931701660e-01,-9.999988079071044922e-01,-9.999990463256835938e-01,9.999980330467224121e-01,9.999985098838806152e-01,9.999959468841552734e-01,9.999935626983642578e-01,9.999976754188537598e-01,-9.999979138374328613e-01,9.999926090240478516e-01,-9.999991059303283691e-01,-9.999990463256835938e-01,9.999952912330627441e-01,9.999987483024597168e-01,9.999971985816955566e-01,9.999903440475463867e-01,9.999989271163940430e-01,-9.999982118606567383e-01,-9.999988675117492676e-01,9.999924898147583008e-01,-9.999969601631164551e-01,-9.999911189079284668e-01,-9.999981522560119629e-01,9.999839067459106445e-01,9.999949336051940918e-01,-9.999981522560119629e-01,9.999610185623168945e-01,9.999991059303283691e-01,9.999986290931701660e-01,9.999837279319763184e-01,-9.999988675117492676e-01,9.999987483024597168e-01,9.999918341636657715e-01,9.999842047691345215e-01,9.999991059303283691e-01,9.999983310699462891e-01,9.999980330467224121e-01,-9.999940395355224609e-01,9.999988079071044922e-01,9.999988079071044922e-01,-9.999986290931701660e-01,-9.999988675117492676e-01,-9.999987483024597168e-01,-9.999988079071044922e-01,-9.999938607215881348e-01,-9.999987483024597168e-01,-9.999982118606567383e-01,9.999597072601318359e-01,9.999946951866149902e-01,9.999940395355224609e-01,9.999983906745910645e-01,-9.999983906745910645e-01,9.999989867210388184e-01,9.999985098838806152e-01,9.999959468841552734e-01,-9.999940991401672363e-01,-9.999989271163940430e-01,-9.999991655349731445e-01,-9.999958872795104980e-01,-9.999991059303283691e-01,9.999983310699462891e-01,-9.999988675117492676e-01,9.999955892562866211e-01,-9.999949336051940918e-01,-9.999942183494567871e-01,-9.999874830245971680e-01,-9.999985694885253906e-01,9.999912381172180176e-01,9.999989271163940430e-01,-9.999939799308776855e-01,-9.999955892562866211e-01,9.999927282333374023e-01,9.999978542327880859e-01,-9.999989271163940430e-01,9.999983310699462891e-01,-9.999984502792358398e-01,-9.999846816062927246e-01,-9.999166727066040039e-01,9.999990463256835938e-01,9.999936223030090332e-01,9.999920129776000977e-01,-9.999936223030090332e-01,9.999985098838806152e-01,-9.999878406524658203e-01,-9.999974966049194336e-01,9.999974370002746582e-01,-9.999980330467224121e-01,-9.999870657920837402e-01,9.999991059303283691e-01,-9.999988675117492676e-01,9.999976158142089844e-01,-9.999971985816955566e-01,9.999990463256835938e-01,9.999572634696960449e-01,9.999624490737915039e-01,9.999988079071044922e-01,9.999957084655761719e-01,-9.999833703041076660e-01,-9.999985694885253906e-01,-9.999948740005493164e-01,9.999986290931701660e-01,-9.999986886978149414e-01,9.999974966049194336e-01,-9.999983906745910645e-01,-9.998747110366821289e-01,9.999991655349731445e-01,-9.999968409538269043e-01,9.999989867210388184e-01,-9.999979734420776367e-01,-9.999958276748657227e-01,-9.999963641166687012e-01,-9.999984502792358398e-01,9.999970793724060059e-01,9.999975562095642090e-01,-9.999970197677612305e-01,-9.999923706054687500e-01,-9.999950528144836426e-01,9.999642968177795410e-01,-9.999907612800598145e-01
-9.999986290931701660e-01,9.999989271163940430e-01,9.999957680702209473e-01,-9.999977350234985352e-01,-9.999991059303283691e-01,9.999991059303283691e-01,-9.999958872795104980e-01,-9.999992251396179199e-01,9.999929666519165039e-01,-9.999988079071044922e-01,9.999991655349731445e-01,9.999992251396179199e-01,-9.999983906745910645e-01,-9.999986886978149414e-01,-9.999965429306030273e-01,-9.999946951866149902e-01,-9.999979734420776367e-01,9.999982118606567383e-01,-9.999938607215881348e-01,9.999992847442626953e-01,9.999991655349731445e-01,-9.999960660934448242e-01,-9.999989271163940430e-01,-9.999976754188537598e-01,-9.999921321868896484e-01,-9.999991059303283691e-01,9.999986290931701660e-01,9.999990463256835938e-01,-9.999938607215881348e-01,9.999974966049194336e-01,9.999926090240478516e-01,9.999985098838806152e-01,-9.999868869781494141e-01,-9.999958872795104980e-01,9.999985098838806152e-01,-9.999683499336242676e-01,-9.999992847442626953e-01,-9.999988079071044922e-01,-9.999866485595703125e-01,9.999991059303283691e-01,-9.999989271163940430e-01,-9.999932646751403809e-01,-9.999871253967285156e-01,-9.999991655349731445e-01,-9.999986290931701660e-01,-9.999983906745910645e-01,9.999951720237731934e-01,-9.999990463256835938e-01,-9.999989271163940430e-01,9.999988079071044922e-01,9.999990463256835938e-01,9.999989867210388184e-01,9.999989867210388184e-01,9.999948740005493164e-01,9.999989867210388184e-01,9.999985098838806152e-01,-9.999670982360839844e-01,-9.999955296516418457e-01,-9.999951124191284180e-01,-9.999986886978149414e-01,9.999986886978149414e-01,-9.999992251396179199e-01,-9.999987483024597168e-01,-9.999966621398925781e-01,9.999951124191284180e-01,9.999991655349731445e-01,9.999993443489074707e-01,9.999964833259582520e-01,9.999992847442626953e-01,-9.999985694885253906e-01,9.999990463256835938e-01,-9.999963045120239258e-01,9.999958276748657227e-01,9.999952316284179688e-01,9.999896883964538574e-01,9.999987483024597168e-01,-9.999929070472717285e-01,-9.999991059303283691e-01,9.999950528144836426e-01,9.999962449073791504e-01,-9.999940991401672363e-01,-9.999982118606567383e-01,9.999991655349731445e-01,-9.999986290931701660e-01,9.999986886978149414e-01,9.999874234199523926e-01,9.999319911003112793e-01,-9.999991655349731445e-01,-9.999946951866149902e-01,-9.999935030937194824e-01,9.999948143959045410e-01,-9.999987483024597168e-01,9.999901652336120605e-01,9.999979138374328613e-01,-9.999978542327880859e-01,9.999983310699462891e-01,9.999894499778747559e-01,-9.999992251396179199e-01,9.999991655349731445e-01,-9.999980330467224121e-01,9.999976158142089844e-01,-9.999992251396179199e-01,-9.999651312828063965e-01,-9.999694228172302246e-01,-9.999990463256835938e-01,-9.999963641166687012e-01,9.999864101409912109e-01,9.999988675117492676e-01,9.999957680702209473e-01,-9.999988079071044922e-01,9.999989271163940430e-01,-9.999980330467224121e-01,9.999985694885253906e-01,9.998977184295654297e-01,-9.999992847442626953e-01,9.999974370002746582e-01,-9.999991655349731445e-01,9.999983310699462891e-01,9.999964833259582520e-01,9.999969601631164551e-01,9.999986290931701660e-01,-9.999975562095642090e-01,-9.999979734420776367e-01,9.999975562095642090e-01,9.999938011169433594e-01,9.999958872795104980e-01,-9.999708533287048340e-01,9.999923706054687500e-01
-9.999988675117492676e-01,9.999990463256835938e-01,9.999963045120239258e-01,-9.999980330467224121e-01,-9.999991655349731445e-01,9.999992251396179199e-01,-9.999963641166687012e-01,-9.999994039535522461e-01,9.999936819076538086e-01,-9.999990463256835938e-01,9.999992251396179199e-01,9.999992847442626953e-01,-9.999985694885253906e-01,-9.999989271163940430e-01,-9.999970793724060059e-01,-9.999952912330627441e-01,-9.999983310699462891e-01,9.999984502792358398e-01,-9.999945759773254395e-01,9.999994039535522461e-01,9.999992251396179199e-01,-9.999964833259582520e-01,-9.999991059303283691e-01,-9.999979734420776367e-01,-9.999929666519165039e-01,-9.999992847442626953e-01,9.999987483024597168e-01,9.999992251396179199e-01,-9.999945163726806641e-01,9.999978542327880859e-01,9.999935030937194824e-01,9.999986886978149414e-01,-9.999882578849792480e-01,-9.999962449073791504e-01,9.999986290931701660e-01,-9.999716877937316895e-01,-9.999993443489074707e-01,-9.999990463256835938e-01,-9.999881386756896973e-01,9.999992847442626953e-01,-9.999991059303283691e-01,-9.999941587448120117e-01,-9.999884366989135742e-01,-9.999993443489074707e-01,-9.999987483024597168e-01,-9.999986290931701660e-01,9.999956488609313965e-01,-9.999991655349731445e-01,-9.999992251396179199e-01,9.999990463256835938e-01,9.999991655349731445e-01,9.999991059303283691e-01,9.999992251396179199e-01,9.999955296516418457e-01,9.999991059303283691e-01,9.999986886978149414e-01,-9.999706745147705078e-01,-9.999960660934448242e-01,-9.999957084655761719e-01,-9.999988675117492676e-01,9.999989271163940430e-01,-9.999994039535522461e-01,-9.999989271163940430e-01,-9.999970197677612305e-01,9.999957084655761719e-01,9.999993443489074707e-01,9.999994635581970215e-01,9.999969601631164551e-01,9.999994635581970215e-01,-9.999988079071044922e-01,9.999992847442626953e-01,-9.999966621398925781e-01,9.999962449073791504e-01,9.999958276748657227e-01,9.999907612800598145e-01,9.999989867210388184e-01,-9.999936223030090332e-01,-9.999992847442626953e-01,9.999955892562866211e-01,9.999967217445373535e-01,-9.999946951866149902e-01,-9.999984502792358398e-01,9.999993443489074707e-01,-9.999987483024597168e-01,9.999989271163940430e-01,9.999888539314270020e-01,9.999392628669738770e-01,-9.999993443489074707e-01,-9.999953508377075195e-01,-9.999942779541015625e-01,9.999954104423522949e-01,-9.999988675117492676e-01,9.999911785125732422e-01,9.999981522560119629e-01,-9.999981522560119629e-01,9.999985098838806152e-01,9.999906420707702637e-01,-9.999993443489074707e-01,9.999992251396179199e-01,-9.999982714653015137e-01,9.999979734420776367e-01,-9.999994039535522461e-01,-9.999689459800720215e-01,-9.999726414680480957e-01,-9.999991655349731445e-01,-9.999968409538269043e-01,9.999878406524658203e-01,9.999990463256835938e-01,9.999961853027343750e-01,-9.999990463256835938e-01,9.999991059303283691e-01,-9.999982118606567383e-01,9.999988079071044922e-01,9.999085664749145508e-01,-9.999993443489074707e-01,9.999976754188537598e-01,-9.999993443489074707e-01,9.999985098838806152e-01,9.999968409538269043e-01,9.999974370002746582e-01,9.999988675117492676e-01,-9.999978542327880859e-01,-9.999982714653015137e-01,9.999978542327880859e-01,9.999945163726806641e-01,9.999963045120239258e-01,-9.999740123748779297e-01,9.999932050704956055e-01
