9.999981522560119629e-01,-9.999983906745910645e-01,-9.999937415122985840e-01,9.999966025352478027e-01,9.999987483024597168e-01,-9.999986886978149414e-01,9.999938607215881348e-01,9.999989867210388184e-01,-9.999898076057434082e-01,9.999984502792358398e-01,-9.999986290931701660e-01,-9.999988675117492676e-01,9.999975562095642090e-01,9.999982714653015137e-01,9.999956488609313965e-01,9.999914169311523438e-01,9.999973773956298828e-01,-9.999974370002746582e-01,9.999912977218627930e-01,-9.999990463256835938e-01,-9.999988079071044922e-01,9.999939799308776855e-01,9.999985098838806152e-01,9.999965429306030273e-01,9.999895691871643066e-01,9.999988079071044922e-01,-9.999980330467224121e-01,-9.999986886978149414e-01,9.999917745590209961e-01,-9.999966621398925781e-01,-9.999891519546508789e-01,-9.999977350234985352e-01,9.999802112579345703e-01,9.999937415122985840e-01,-9.999977350234985352e-01,9.999507665634155273e-01,9.999987483024597168e-01,9.999983906745910645e-01,9.999761581420898438e-01,-9.999988079071044922e-01,9.999984502792358398e-01,9.999924898147583008e-01,9.999785423278808594e-01,9.999988675117492676e-01,9.999980330467224121e-01,9.999976754188537598e-01,-9.999931454658508301e-01,9.999986290931701660e-01,9.999985098838806152e-01,-9.999983906745910645e-01,-9.999987483024597168e-01,-9.999985098838806152e-01,-9.999986290931701660e-01,-9.999927282333374023e-01,-9.999984502792358398e-01,-9.999978542327880859e-01,9.999816417694091797e-01,9.999952316284179688e-01,9.999929666519165039e-01,9.999981522560119629e-01,-9.999980926513671875e-01,9.999987483024597168e-01,9.999981522560119629e-01,9.999955296516418457e-01,-9.999919533729553223e-01,-9.999987483024597168e-01,-9.999989867210388184e-01,-9.999948143959045410e-01,-9.999988675117492676e-01,9.999979734420776367e-01,-9.999988079071044922e-01,9.999936223030090332e-01,-9.999956488609313965e-01,-9.999933838844299316e-01,-9.999859929084777832e-01,-9.999983906745910645e-01,9.999896287918090820e-01,9.999985694885253906e-01,-9.999916553497314453e-01,-9.999947547912597656e-01,9.999928474426269531e-01,9.999973177909851074e-01,-9.999986886978149414e-01,9.999979138374328613e-01,-9.999982118606567383e-01,-9.999787807464599609e-01,-9.999651312828063965e-01,9.999988675117492676e-01,9.999925494194030762e-01,9.999924302101135254e-01,-9.999915957450866699e-01,9.999982714653015137e-01,-9.999859333038330078e-01,-9.999969005584716797e-01,9.999966621398925781e-01,-9.999977946281433105e-01,-9.999856352806091309e-01,9.999989271163940430e-01,-9.999986886978149414e-01,9.999971985816955566e-01,-9.999968409538269043e-01,9.999988079071044922e-01,9.999575018882751465e-01,9.999580979347229004e-01,9.999985098838806152e-01,9.999945759773254395e-01,-9.999790787696838379e-01,-9.999982714653015137e-01,-9.999939799308776855e-01,9.999983310699462891e-01,-9.999983906745910645e-01,9.999970197677612305e-01,-9.999978542327880859e-01,-9.998943209648132324e-01,9.999988675117492676e-01,-9.999961853027343750e-01,9.999988675117492676e-01,-9.999976158142089844e-01,-9.999952316284179688e-01,-9.999952316284179688e-01,-9.999980926513671875e-01,9.999965429306030273e-01,9.999969601631164551e-01,-9.999964237213134766e-01,-9.999907612800598145e-01,-9.999938011169433594e-01,-9.989012479782104492e-01,-9.999874830245971680e-01
-9.999983906745910645e-01,9.999986886978149414e-01,9.999945759773254395e-01,-9.999971389770507812e-01,-9.999989867210388184e-01,9.999988675117492676e-01,-9.999947547912597656e-01,-9.999991655349731445e-01,9.999912381172180176e-01,-9.999986290931701660e-01,9.999988079071044922e-01,9.999990463256835938e-01,-9.999979734420776367e-01,-9.999984502792358398e-01,-9.999962449073791504e-01,-9.999926090240478516e-01,-9.999977946281433105e-01,9.999977946281433105e-01,-9.999924898147583008e-01,9.999992251396179199e-01,9.999990463256835938e-01,-9.999948740005493164e-01,-9.999988079071044922e-01,-9.999970197677612305e-01,-9.999909996986389160e-01,-9.999989271163940430e-01,9.999983906745910645e-01,9.999988675117492676e-01,-9.999929070472717285e-01,9.999971985816955566e-01,9.999907016754150391e-01,9.999979734420776367e-01,-9.999828934669494629e-01,-9.999946355819702148e-01,9.999980926513671875e-01,-9.999573826789855957e-01,-9.999989867210388184e-01,-9.999985098838806152e-01,-9.999793767929077148e-01,9.999989867210388184e-01,-9.999986886978149414e-01,-9.999935626983642578e-01,-9.999814629554748535e-01,-9.999992251396179199e-01,-9.999983906745910645e-01,-9.999979734420776367e-01,9.999940395355224609e-01,-9.999988675117492676e-01,-9.999987483024597168e-01,9.999986290931701660e-01,9.999989867210388184e-01,9.999987483024597168e-01,9.999988079071044922e-01,9.999936819076538086e-01,9.999987483024597168e-01,9.999981522560119629e-01,-9.999841451644897461e-01,-9.999958872795104980e-01,-9.999939799308776855e-01,-9.999983906745910645e-01,9.999984502792358398e-01,-9.999989867210388184e-01,-9.999984502792358398e-01,-9.999961256980895996e-01,9.999931454658508301e-01,9.999989271163940430e-01,9.999991655349731445e-01,9.999955296516418457e-01,9.999992251396179199e-01,-9.999982714653015137e-01,9.999989271163940430e-01,-9.999946355819702148e-01,9.999961853027343750e-01,9.999944567680358887e-01,9.999878406524658203e-01,9.999986886978149414e-01,-9.999910593032836914e-01,-9.999988079071044922e-01,9.999928474426269531e-01,9.999954700469970703e-01,-9.999938607215881348e-01,-9.999977350234985352e-01,9.999988675117492676e-01,-9.999982714653015137e-01,9.999985694885253906e-01,9.999817013740539551e-01,9.999698400497436523e-01,-9.999991655349731445e-01,-9.999935626983642578e-01,-9.999935030937194824e-01,9.999927282333374023e-01,-9.999985098838806152e-01,9.999877810478210449e-01,9.999973773956298828e-01,-9.999971389770507812e-01,9.999981522560119629e-01,9.999875426292419434e-01,-9.999991059303283691e-01,9.999988675117492676e-01,-9.999976158142089844e-01,9.999973177909851074e-01,-9.999990463256835938e-01,-9.999631643295288086e-01,-9.999637603759765625e-01,-9.999988079071044922e-01,-9.999952912330627441e-01,9.999819397926330566e-01,9.999985694885253906e-01,9.999948740005493164e-01,-9.999985694885253906e-01,9.999986886978149414e-01,-9.999973773956298828e-01,9.999982714653015137e-01,9.999083876609802246e-01,-9.999991655349731445e-01,9.999966621398925781e-01,-9.999991059303283691e-01,9.999979734420776367e-01,9.999959468841552734e-01,9.999959468841552734e-01,9.999982714653015137e-01,-9.999970197677612305e-01,-9.999974370002746582e-01,9.999970197677612305e-01,9.999920129776000977e-01,9.999946951866149902e-01,9.990473389625549316e-01,9.999891519546508789e-01
-9.999937415122985840e-01,9.999945759773254395e-01,9.999785423278808594e-01,-9.999885559082031250e-01,-9.999958872795104980e-01,9.999955296516418457e-01,-9.999792575836181641e-01,-9.999964833259582520e-01,9.999651908874511719e-01,-9.999946951866149902e-01,9.999955892562866211e-01,9.999960064888000488e-01,-9.999920129776000977e-01,-9.999941587448120117e-01,-9.999852180480957031e-01,-9.999707341194152832e-01,-9.999912381172180176e-01,9.999912977218627930e-01,-9.999701380729675293e-01,9.999967217445373535e-01,9.999960660934448242e-01,-9.999796152114868164e-01,-9.999950528144836426e-01,-9.999883770942687988e-01,-9.999641776084899902e-01,-9.999959468841552734e-01,9.999933838844299316e-01,9.999957084655761719e-01,-9.999719262123107910e-01,9.999889731407165527e-01,9.999629855155944824e-01,9.999924898147583008e-01,-9.999318122863769531e-01,-9.999787211418151855e-01,9.999926686286926270e-01,-9.998309612274169922e-01,-9.999961256980895996e-01,-9.999945759773254395e-01,-9.999180436134338379e-01,9.999959468841552734e-01,-9.999949336051940918e-01,-9.999741911888122559e-01,-9.999260306358337402e-01,-9.999961256980895996e-01,-9.999932646751403809e-01,-9.999921917915344238e-01,9.999763369560241699e-01,-9.999954700469970703e-01,-9.999949336051940918e-01,9.999946951866149902e-01,9.999958872795104980e-01,9.999951124191284180e-01,9.999952912330627441e-01,9.999749660491943359e-01,9.999950528144836426e-01,9.999929070472717285e-01,-9.999369382858276367e-01,-9.999836087226867676e-01,-9.999759793281555176e-01,-9.999936819076538086e-01,9.999939203262329102e-01,-9.999960064888000488e-01,-9.999939799308776855e-01,-9.999844431877136230e-01,9.999727606773376465e-01,9.999959468841552734e-01,9.999966025352478027e-01,9.999822378158569336e-01,9.999963641166687012e-01,-9.999931454658508301e-01,9.999958872795104980e-01,-9.999783635139465332e-01,9.999849796295166016e-01,9.999777078628540039e-01,9.999518394470214844e-01,9.999946951866149902e-01,-9.999644756317138672e-01,-9.999954700469970703e-01,9.999712109565734863e-01,9.999819993972778320e-01,-9.999753236770629883e-01,-9.999911785125732422e-01,9.999957084655761719e-01,-9.999932646751403809e-01,9.999940395355224609e-01,9.999271631240844727e-01,9.998801946640014648e-01,-9.999960660934448242e-01,-9.999745488166809082e-01,-9.999738335609436035e-01,9.999711513519287109e-01,-9.999940991401672363e-01,9.999515414237976074e-01,9.999898076057434082e-01,-9.999887943267822266e-01,9.999927878379821777e-01,9.999505281448364258e-01,-9.999963641166687012e-01,9.999956488609313965e-01,-9.999904632568359375e-01,9.999892115592956543e-01,-9.999960660934448242e-01,-9.998539090156555176e-01,-9.998562335968017578e-01,-9.999952912330627441e-01,-9.999814033508300781e-01,9.999282360076904297e-01,9.999944567680358887e-01,9.999795556068420410e-01,-9.999947547912597656e-01,9.999948143959045410e-01,-9.999899268150329590e-01,9.999931454658508301e-01,9.996366500854492188e-01,-9.999964833259582520e-01,9.999871253967285156e-01,-9.999963045120239258e-01,9.999920129776000977e-01,9.999835491180419922e-01,9.999839067459106445e-01,9.999936223030090332e-01,-9.999886751174926758e-01,-9.999901056289672852e-01,9.999879598617553711e-01,9.999681711196899414e-01,9.999789595603942871e-01,9.962297081947326660e-01,9.999569654464721680e-01
9.999966025352478027e-01,-9.999971389770507812e-01,-9.999885559082031250e-01,9.999938011169433594e-01,9.999977946281433105e-01,-9.999976158142089844e-01,9.999887943267822266e-01,9.999982118606567383e-01,-9.999812841415405273e-01,9.999970793724060059e-01,-9.999976158142089844e-01,-9.999979138374328613e-01,9.999957084655761719e-01,9.999967217445373535e-01,9.999920725822448730e-01,9.999841451644897461e-01,9.999952912330627441e-01,-9.999952912330627441e-01,9.999840259552001953e-01,-9.999981522560119629e-01,-9.999979734420776367e-01,9.999890923500061035e-01,9.999973177909851074e-01,9.999936819076538086e-01,9.999806880950927734e-01,9.999978542327880859e-01,-9.999963641166687012e-01,-9.999976158142089844e-01,9.999848604202270508e-01,-9.999940395355224609e-01,-9.999800920486450195e-01,-9.999959468841552734e-01,9.999632835388183594e-01,9.999885559082031250e-01,-9.999960660934448242e-01,9.999088644981384277e-01,9.999979138374328613e-01,9.999970197677612305e-01,9.999558329582214355e-01,-9.999977946281433105e-01,9.999972581863403320e-01,9.999860525131225586e-01,9.999602437019348145e-01,9.999979734420776367e-01,9.999963045120239258e-01,9.999958276748657227e-01,-9.999872446060180664e-01,9.999975562095642090e-01,9.999972581863403320e-01,-9.999971389770507812e-01,-9.999977350234985352e-01,-9.999973177909851074e-01,-9.999974370002746582e-01,-9.999865293502807617e-01,-9.999973773956298828e-01,-9.999960660934448242e-01,9.999660253524780273e-01,9.999911785125732422e-01,9.999871253967285156e-01,9.999966621398925781e-01,-9.999967217445373535e-01,9.999977946281433105e-01,9.999966025352478027e-01,9.999916553497314453e-01,-9.999853372573852539e-01,-9.999977350234985352e-01,-9.999982118606567383e-01,-9.999904632568359375e-01,-9.999980926513671875e-01,9.999962449073791504e-01,-9.999977946281433105e-01,9.999883174896240234e-01,-9.999918937683105469e-01,-9.999879598617553711e-01,-9.999740719795227051e-01,-9.999971389770507812e-01,9.999808669090270996e-01,9.999975562095642090e-01,-9.999845027923583984e-01,-9.999903440475463867e-01,9.999867081642150879e-01,9.999952316284179688e-01,-9.999975562095642090e-01,9.999964237213134766e-01,-9.999967813491821289e-01,-9.999607801437377930e-01,-9.999354481697082520e-01,9.999979734420776367e-01,9.999863505363464355e-01,9.999859333038330078e-01,-9.999846220016479492e-01,9.999967813491821289e-01,-9.999738931655883789e-01,-9.999945163726806641e-01,9.999940395355224609e-01,-9.999961853027343750e-01,-9.999734163284301758e-01,9.999981522560119629e-01,-9.999976754188537598e-01,9.999948740005493164e-01,-9.999942779541015625e-01,9.999979138374328613e-01,9.999212622642517090e-01,9.999225139617919922e-01,9.999974370002746582e-01,9.999900460243225098e-01,-9.999614357948303223e-01,-9.999969601631164551e-01,-9.999890327453613281e-01,9.999970197677612305e-01,-9.999971389770507812e-01,9.999946355819702148e-01,-9.999962449073791504e-01,-9.998043179512023926e-01,9.999980330467224121e-01,-9.999931454658508301e-01,9.999981522560119629e-01,-9.999957084655761719e-01,-9.999911785125732422e-01,-9.999913573265075684e-01,-9.999964833259582520e-01,9.999939203262329102e-01,9.999946355819702148e-01,-9.999934434890747070e-01,-9.999828934669494629e-01,-9.999886155128479004e-01,-9.979660511016845703e-01,-9.999768137931823730e-01
9.999987483024597168e-01,-9.999989867210388184e-01,-9.999958872795104980e-01,9.999977946281433105e-01,9.999992251396179199e-01,-9.999991655349731445e-01,9.999959468841552734e-01,9.999994635581970215e-01,-9.999931454658508301e-01,9.999989867210388184e-01,-9.999991655349731445e-01,-9.999992847442626953e-01,9.999983906745910645e-01,9.999988079071044922e-01,9.999970793724060059e-01,9.999942183494567871e-01,9.999983310699462891e-01,-9.999982714653015137e-01,9.999942183494567871e-01,-9.999994039535522461e-01,-9.999993443489074707e-01,9.999960660934448242e-01,9.999991655349731445e-01,9.999977350234985352e-01,9.999930262565612793e-01,9.999992251396179199e-01,-9.999987483024597168e-01,-9.999991655349731445e-01,9.999946355819702148e-01,-9.999977946281433105e-01,-9.999927878379821777e-01,-9.999984502792358398e-01,9.999868273735046387e-01,9.999958872795104980e-01,-9.999986290931701660e-01,9.999670982360839844e-01,9.999992847442626953e-01,9.999989271163940430e-01,9.999840855598449707e-01,-9.999993443489074707e-01,9.999990463256835938e-01,9.999950528144836426e-01,9.999856352806091309e-01,9.999994039535522461e-01,9.999987483024597168e-01,9.999984502792358398e-01,-9.999954104423522949e-01,9.999992251396179199e-01,9.999991655349731445e-01,-9.999989867210388184e-01,-9.999992847442626953e-01,-9.999991059303283691e-01,-9.999992251396179199e-01,-9.999951720237731934e-01,-9.999992251396179199e-01,-9.999985694885253906e-01,9.999877214431762695e-01,9.999968409538269043e-01,9.999953508377075195e-01,9.999987483024597168e-01,-9.999988675117492676e-01,9.999992251396179199e-01,9.999987483024597168e-01,9.999970197677612305e-01,-9.999946951866149902e-01,-9.999992251396179199e-01,-9.999994635581970215e-01,-9.999966025352478027e-01,-9.999993443489074707e-01,9.999986290931701660e-01,-9.999993443489074707e-01,9.999957680702209473e-01,-9.999971389770507812e-01,-9.999957084655761719e-01,-9.999906420707702637e-01,-9.999989271163940430e-01,9.999930858612060547e-01,9.999991655349731445e-01,-9.999943971633911133e-01,-9.999964237213134766e-01,9.999951720237731934e-01,9.999981522560119629e-01,-9.999991059303283691e-01,9.999986886978149414e-01,-9.999988675117492676e-01,-9.999859333038330078e-01,-9.999766945838928223e-01,9.999992847442626953e-01,9.999951124191284180e-01,9.999949336051940918e-01,-9.999944567680358887e-01,9.999988079071044922e-01,-9.999906420707702637e-01,-9.999979734420776367e-01,9.999977946281433105e-01,-9.999986290931701660e-01,-9.999904036521911621e-01,9.999993443489074707e-01,-9.999992847442626953e-01,9.999980926513671875e-01,-9.999978542327880859e-01,9.999992847442626953e-01,9.999716281890869141e-01,9.999720454216003418e-01,9.999991059303283691e-01,9.999963045120239258e-01,-9.999859333038330078e-01,-9.999988675117492676e-01,-9.999959468841552734e-01,9.999988675117492676e-01,-9.999989867210388184e-01,9.999979734420776367e-01,-9.999986290931701660e-01,-9.999293088912963867e-01,9.999993443489074707e-01,-9.999974966049194336e-01,9.999994039535522461e-01,-9.999984502792358398e-01,-9.999967813491821289e-01,-9.999968409538269043e-01,-9.999987483024597168e-01,9.999976754188537598e-01,9.999981522560119629e-01,-9.999976754188537598e-01,-9.999939203262329102e-01,-9.999958872795104980e-01,-9.992639422416687012e-01,-9.999916553497314453e-01
-9.999986886978149414e-01,9.999988675117492676e-01,9.999955296516418457e-01,-9.999976158142089844e-01,-9.999991655349731445e-01,9.999991059303283691e-01,-9.999956488609313965e-01,-9.999994039535522461e-01,9.999927282333374023e-01,-9.999989271163940430e-01,9.999991059303283691e-01,9.999992251396179199e-01,-9.999982118606567383e-01,-9.999987483024597168e-01,-9.999968409538269043e-01,-9.999938607215881348e-01,-9.999982118606567383e-01,9.999981522560119629e-01,-9.999937415122985840e-01,9.999993443489074707e-01,9.999992847442626953e-01,-9.999957084655761719e-01,-9.999989867210388184e-01,-9.999974966049194336e-01,-9.999924898147583008e-01,-9.999991655349731445e-01,9.999986886978149414e-01,9.999991059303283691e-01,-9.999940991401672363e-01,9.999976754188537598e-01,9.999922513961791992e-01,9.999984502792358398e-01,-9.999858140945434570e-01,-9.999955296516418457e-01,9.999985098838806152e-01,-9.999645948410034180e-01,-9.999991655349731445e-01,-9.999988675117492676e-01,-9.999827742576599121e-01,9.999991655349731445e-01,-9.999989271163940430e-01,-9.999946355819702148e-01,-9.999845027923583984e-01,-9.999993443489074707e-01,-9.999985694885253906e-01,-9.999983310699462891e-01,9.999950528144836426e-01,-9.999992251396179199e-01,-9.999989867210388184e-01,9.999988675117492676e-01,9.999991655349731445e-01,9.999989867210388184e-01,9.999990463256835938e-01,9.999948143959045410e-01,9.999989271163940430e-01,9.999985694885253906e-01,-9.999867081642150879e-01,-9.999964833259582520e-01,-9.999949336051940918e-01,-9.999986290931701660e-01,9.999986886978149414e-01,-9.999991655349731445e-01,-9.999987483024597168e-01,-9.999967813491821289e-01,9.999942779541015625e-01,9.999991655349731445e-01,9.999994039535522461e-01,9.999961853027343750e-01,9.999992847442626953e-01,-9.999985694885253906e-01,9.999991655349731445e-01,-9.999955296516418457e-01,9.999969005584716797e-01,9.999952912330627441e-01,9.999899864196777344e-01,9.999989271163940430e-01,-9.999925494194030762e-01,-9.999991059303283691e-01,9.999939799308776855e-01,9.999963045120239258e-01,-9.999948143959045410e-01,-9.999981522560119629e-01,9.999991655349731445e-01,-9.999985694885253906e-01,9.999988079071044922e-01,9.999848008155822754e-01,9.999749660491943359e-01,-9.999992251396179199e-01,-9.999946951866149902e-01,-9.999945163726806641e-01,9.999939799308776855e-01,-9.999987483024597168e-01,9.999898672103881836e-01,9.999978542327880859e-01,-9.999976158142089844e-01,9.999985694885253906e-01,9.999896287918090820e-01,-9.999992847442626953e-01,9.999991059303283691e-01,-9.999980926513671875e-01,9.999977946281433105e-01,-9.999993443489074707e-01,-9.999695420265197754e-01,-9.999698996543884277e-01,-9.999990463256835938e-01,-9.999960064888000488e-01,9.999849796295166016e-01,9.999987483024597168e-01,9.999957084655761719e-01,-9.999988675117492676e-01,9.999989271163940430e-01,-9.999978542327880859e-01,9.999986290931701660e-01,9.999239444732666016e-01,-9.999993443489074707e-01,9.999973177909851074e-01,-9.999992847442626953e-01,9.999983310699462891e-01,9.999964833259582520e-01,9.999966025352478027e-01,9.999986290931701660e-01,-9.999976158142089844e-01,-9.999979138374328613e-01,9.999974370002746582e-01,9.999933242797851562e-01,9.999955296516418457e-01,9.992080330848693848e-01,9.999909996986389160e-01
9.999938607215881348e-01,-9.999947547912597656e-01,-9.999792575836181641e-01,9.999887943267822266e-01,9.999959468841552734e-01,-9.999956488609313965e-01,9.999798536300659180e-01,9.999966025352478027e-01,-9.999661445617675781e-01,9.999948740005493164e-01,-9.999956488609313965e-01,-9.999961256980895996e-01,9.999922513961791992e-01,9.999942183494567871e-01,9.999856948852539062e-01,9.999713897705078125e-01,9.999914169311523438e-01,-9.999914765357971191e-01,9.999711513519287109e-01,-9.999966025352478027e-01,-9.999961256980895996e-01,9.999802112579345703e-01,9.999951124191284180e-01,9.999886155128479004e-01,9.999651908874511719e-01,9.999960064888000488e-01,-9.999936223030090332e-01,-9.999957680702209473e-01,9.999727606773376465e-01,-9.999892711639404297e-01,-9.999639987945556641e-01,-9.999927282333374023e-01,9.999337792396545410e-01,9.999793767929077148e-01,-9.999927878379821777e-01,9.998360276222229004e-01,9.999961256980895996e-01,9.999946951866149902e-01,9.999204277992248535e-01,-9.999960064888000488e-01,9.999951124191284180e-01,9.999749064445495605e-01,9.999282360076904297e-01,9.999963641166687012e-01,9.999934434890747070e-01,9.999924302101135254e-01,-9.999770522117614746e-01,9.999955296516418457e-01,9.999950528144836426e-01,-9.999948143959045410e-01,-9.999959468841552734e-01,-9.999952912330627441e-01,-9.999954700469970703e-01,-9.999756813049316406e-01,-9.999951124191284180e-01,-9.999930262565612793e-01,9.999388456344604492e-01,9.999840259552001953e-01,9.999767541885375977e-01,9.999938607215881348e-01,-9.999941587448120117e-01,9.999960064888000488e-01,9.999940991401672363e-01,9.999849200248718262e-01,-9.999735951423645020e-01,-9.999959468841552734e-01,-9.999966025352478027e-01,-9.999827146530151367e-01,-9.999963641166687012e-01,9.999933242797851562e-01,-9.999960064888000488e-01,9.999789595603942871e-01,-9.999854564666748047e-01,-9.999783039093017578e-01,-9.999532103538513184e-01,-9.999948143959045410e-01,9.999655485153198242e-01,9.999955892562866211e-01,-9.999721050262451172e-01,-9.999824762344360352e-01,9.999761581420898438e-01,9.999913573265075684e-01,-9.999957680702209473e-01,9.999935030937194824e-01,-9.999941587448120117e-01,-9.999293684959411621e-01,-9.998837709426879883e-01,9.999961853027343750e-01,9.999752044677734375e-01,9.999746680259704590e-01,-9.999721646308898926e-01,9.999942779541015625e-01,-9.999529123306274414e-01,-9.999901056289672852e-01,9.999891519546508789e-01,-9.999929666519165039e-01,-9.999520182609558105e-01,9.999964833259582520e-01,-9.999957680702209473e-01,9.999907612800598145e-01,-9.999896287918090820e-01,9.999961853027343750e-01,9.998583197593688965e-01,9.998605251312255859e-01,9.999954700469970703e-01,9.999818801879882812e-01,-9.999303817749023438e-01,-9.999946355819702148e-01,-9.999801516532897949e-01,9.999948143959045410e-01,-9.999949932098388672e-01,9.999901652336120605e-01,-9.999933242797851562e-01,-9.996475577354431152e-01,9.999964833259582520e-01,-9.999874234199523926e-01,9.999964237213134766e-01,-9.999922513961791992e-01,-9.999840855598449707e-01,-9.999842643737792969e-01,-9.999938011169433594e-01,9.999889135360717773e-01,9.999902844429016113e-01,-9.999882578849792480e-01,-9.999691247940063477e-01,-9.999794363975524902e-01,-9.963434338569641113e-01,-9.999581575393676758e-01
9.999989867210388184e-01,-9.999991655349731445e-01,-9.999964833259582520e-01,9.999982118606567383e-01,9.999994635581970215e-01,-9.999994039535522461e-01,9.999966025352478027e-01,9.999994635581970215e-01,-9.999943971633911133e-01,9.999991655349731445e-01,-9.999993443489074707e-01,-9.999994039535522461e-01,9.999986886978149414e-01,9.999992251396179199e-01,9.999976754188537598e-01,9.999952316284179688e-01,9.999986290931701660e-01,-9.999986290931701660e-01,9.999951720237731934e-01,-9.999995231628417969e-01,-9.999994635581970215e-01,9.999966621398925781e-01,9.999993443489074707e-01,9.999980926513671875e-01,9.999942779541015625e-01,9.999994635581970215e-01,-9.999990463256835938e-01,-9.999994039535522461e-01,9.999954700469970703e-01,-9.999982118606567383e-01,-9.999940991401672363e-01,-9.999988079071044922e-01,9.999890327453613281e-01,9.999964833259582520e-01,-9.999988675117492676e-01,9.999727010726928711e-01,9.999993443489074707e-01,9.999991655349731445e-01,9.999867677688598633e-01,-9.999994635581970215e-01,9.999992251396179199e-01,9.999958872795104980e-01,9.999881386756896973e-01,9.999994635581970215e-01,9.999990463256835938e-01,9.999988079071044922e-01,-9.999961256980895996e-01,9.999992847442626953e-01,9.999992251396179199e-01,-9.999991655349731445e-01,-9.999994039535522461e-01,-9.999992251396179199e-01,-9.999992847442626953e-01,-9.999959468841552734e-01,-9.999993443489074707e-01,-9.999988675117492676e-01,9.999898076057434082e-01,9.999973177909851074e-01,9.999960660934448242e-01,9.999990463256835938e-01,-9.999990463256835938e-01,9.999994039535522461e-01,9.999990463256835938e-01,9.999974966049194336e-01,-9.999955892562866211e-01,-9.999993443489074707e-01,-9.999995231628417969e-01,-9.999970793724060059e-01,-9.999995231628417969e-01,9.999988675117492676e-01,-9.999994039535522461e-01,9.999964237213134766e-01,-9.999975562095642090e-01,-9.999963045120239258e-01,-9.999923110008239746e-01,-9.999991655349731445e-01,9.999942779541015625e-01,9.999992251396179199e-01,-9.999954104423522949e-01,-9.999970197677612305e-01,9.999959468841552734e-01,9.999985694885253906e-01,-9.999993443489074707e-01,9.999989867210388184e-01,-9.999991655349731445e-01,-9.999883174896240234e-01,-9.999806284904479980e-01,9.999994039535522461e-01,9.999960064888000488e-01,9.999958276748657227e-01,-9.999954104423522949e-01,9.999992251396179199e-01,-9.999921321868896484e-01,-9.999983310699462891e-01,9.999981522560119629e-01,-9.999988079071044922e-01,-9.999920129776000977e-01,9.999994635581970215e-01,-9.999993443489074707e-01,9.999984502792358398e-01,-9.999983310699462891e-01,9.999994039535522461e-01,9.999764561653137207e-01,9.999767541885375977e-01,9.999992847442626953e-01,9.999970197677612305e-01,-9.999884963035583496e-01,-9.999991655349731445e-01,-9.999966621398925781e-01,9.999991655349731445e-01,-9.999992251396179199e-01,9.999983310699462891e-01,-9.999989271163940430e-01,-9.999412894248962402e-01,9.999994635581970215e-01,-9.999979138374328613e-01,9.999995231628417969e-01,-9.999986886978149414e-01,-9.999973177909851074e-01,-9.999974370002746582e-01,-9.999989271163940430e-01,9.999981522560119629e-01,9.999984502792358398e-01,-9.999981522560119629e-01,-9.999949336051940918e-01,-9.999965429306030273e-01,-9.993880391120910645e-01,-9.999930262565612793e-01
-9.999898076057434082e-01,9.999912381172180176e-01,9.999651908874511719e-01,-9.999812841415405273e-01,-9.999931454658508301e-01,9.999927282333374023e-01,-9.999661445617675781e-01,-9.999943971633911133e-01,9.999434351921081543e-01,-9.999913573265075684e-01,9.999927282333374023e-01,9.999935626983642578e-01,-9.999869465827941895e-01,-9.999902844429016113e-01,-9.999759793281555176e-01,-9.999521970748901367e-01,-9.999855756759643555e-01,9.999857544898986816e-01,-9.999515414237976074e-01,9.999945163726806641e-01,9.999935626983642578e-01,-9.999668598175048828e-01,-9.999918341636657715e-01,-9.999809861183166504e-01,-9.999418258666992188e-01,-9.999932646751403809e-01,9.999890923500061035e-01,9.999928474426269531e-01,-9.999543428421020508e-01,9.999820590019226074e-01,9.999397993087768555e-01,9.999879002571105957e-01,-9.998891949653625488e-01,-9.999654293060302734e-01,9.999878406524658203e-01,-9.997258186340332031e-01,-9.999937415122985840e-01,-9.999911785125732422e-01,-9.998672008514404297e-01,9.999932050704956055e-01,-9.999918341636657715e-01,-9.999578595161437988e-01,-9.998800754547119141e-01,-9.999937415122985840e-01,-9.999890923500061035e-01,-9.999872446060180664e-01,9.999615550041198730e-01,-9.999924898147583008e-01,-9.999917149543762207e-01,9.999912977218627930e-01,9.999930858612060547e-01,9.999921321868896484e-01,9.999923706054687500e-01,9.999592900276184082e-01,9.999919533729553223e-01,9.999883174896240234e-01,-9.998977184295654297e-01,-9.999732375144958496e-01,-9.999610781669616699e-01,-9.999896883964538574e-01,9.999901056289672852e-01,-9.999934434890747070e-01,-9.999901056289672852e-01,-9.999745488166809082e-01,9.999556541442871094e-01,9.999932646751403809e-01,9.999943971633911133e-01,9.999711513519287109e-01,9.999939203262329102e-01,-9.999887943267822266e-01,9.999930858612060547e-01,-9.999647140502929688e-01,9.999755620956420898e-01,9.999636411666870117e-01,9.999217391014099121e-01,9.999912381172180176e-01,-9.999423027038574219e-01,-9.999926090240478516e-01,9.999532699584960938e-01,9.999706149101257324e-01,-9.999599456787109375e-01,-9.999855756759643555e-01,9.999929666519165039e-01,-9.999890923500061035e-01,9.999902248382568359e-01,9.998818635940551758e-01,9.998058080673217773e-01,-9.999937415122985840e-01,-9.999584555625915527e-01,-9.999574422836303711e-01,9.999530911445617676e-01,-9.999903440475463867e-01,9.999212026596069336e-01,9.999834299087524414e-01,-9.999817609786987305e-01,9.999883174896240234e-01,9.999197125434875488e-01,-9.999940991401672363e-01,9.999929666519165039e-01,-9.999844431877136230e-01,9.999824762344360352e-01,-9.999936819076538086e-01,-9.997631311416625977e-01,-9.997668862342834473e-01,-9.999923110008239746e-01,-9.999697804450988770e-01,9.998835921287536621e-01,9.999909996986389160e-01,9.999667406082153320e-01,-9.999914169311523438e-01,9.999915361404418945e-01,-9.999835491180419922e-01,9.999887943267822266e-01,9.994109869003295898e-01,-9.999940991401672363e-01,9.999788999557495117e-01,-9.999939799308776855e-01,9.999871850013732910e-01,9.999733567237854004e-01,9.999738335609436035e-01,9.999895095825195312e-01,-9.999815821647644043e-01,-9.999837875366210938e-01,9.999803304672241211e-01,9.999483227729797363e-01,9.999656081199645996e-01,9.939034581184387207e-01,9.999300241470336914e-01
9.999984502792358398e-01,-9.999986290931701660e-01,-9.999946951866149902e-01,9.999970793724060059e-01,9.999989867210388184e-01,-9.999989271163940430e-01,9.999948740005493164e-01,9.999991655349731445e-01,-9.999913573265075684e-01,9.999986886978149414e-01,-9.999988079071044922e-01,-9.999990463256835938e-01,9.999979734420776367e-01,9.999985098838806152e-01,9.999963045120239258e-01,9.999926090240478516e-01,9.999977946281433105e-01,-9.999978542327880859e-01,9.999925494194030762e-01,-9.999992251396179199e-01,-9.999991655349731445e-01,9.999949336051940918e-01,9.999988079071044922e-01,9.999971389770507812e-01,9.999911189079284668e-01,9.999989867210388184e-01,-9.999984502792358398e-01,-9.999989271163940430e-01,9.999930858612060547e-01,-9.999972581863403320e-01,-9.999908804893493652e-01,-9.999980330467224121e-01,9.999831914901733398e-01,9.999947547912597656e-01,-9.999981522560119629e-01,9.999582171440124512e-01,9.999989867210388184e-01,9.999986290931701660e-01,9.999797940254211426e-01,-9.999990463256835938e-01,9.999987483024597168e-01,9.999936223030090332e-01,9.999818205833435059e-01,9.999991059303283691e-01,9.999983310699462891e-01,9.999980330467224121e-01,-9.999942183494567871e-01,9.999989271163940430e-01,9.999988079071044922e-01,-9.999986290931701660e-01,-9.999989867210388184e-01,-9.999988079071044922e-01,-9.999988079071044922e-01,-9.999938011169433594e-01,-9.999987483024597168e-01,-9.999983310699462891e-01,9.999844431877136230e-01,9.999960064888000488e-01,9.999940991401672363e-01,9.999983906745910645e-01,-9.999985098838806152e-01,9.999989867210388184e-01,9.999985098838806152e-01,9.999960660934448242e-01,-9.999931454658508301e-01,-9.999989867210388184e-01,-9.999991655349731445e-01,-9.999955892562866211e-01,-9.999991059303283691e-01,9.999982714653015137e-01,-9.999989867210388184e-01,9.999946355819702148e-01,-9.999963641166687012e-01,-9.999944567680358887e-01,-9.999880790710449219e-01,-9.999986290931701660e-01,9.999912381172180176e-01,9.999988079071044922e-01,-9.999929070472717285e-01,-9.999955296516418457e-01,9.999939203262329102e-01,9.999977946281433105e-01,-9.999988675117492676e-01,9.999983310699462891e-01,-9.999985694885253906e-01,-9.999820590019226074e-01,-9.999704360961914062e-01,9.999992251396179199e-01,9.999936819076538086e-01,9.999935626983642578e-01,-9.999928474426269531e-01,9.999985098838806152e-01,-9.999880194664001465e-01,-9.999974370002746582e-01,9.999971985816955566e-01,-9.999982118606567383e-01,-9.999877810478210449e-01,9.999991655349731445e-01,-9.999989271163940430e-01,9.999976158142089844e-01,-9.999973177909851074e-01,9.999991059303283691e-01,9.999639391899108887e-01,9.999644756317138672e-01,9.999987483024597168e-01,9.999954104423522949e-01,-9.999822974205017090e-01,-9.999986290931701660e-01,-9.999949336051940918e-01,9.999986886978149414e-01,-9.999986290931701660e-01,9.999974370002746582e-01,-9.999982714653015137e-01,-9.999101758003234863e-01,9.999991655349731445e-01,-9.999967217445373535e-01,9.999991655349731445e-01,-9.999980330467224121e-01,-9.999960064888000488e-01,-9.999959468841552734e-01,-9.999983906745910645e-01,9.999971389770507812e-01,9.999974966049194336e-01,-9.999970197677612305e-01,-9.999921321868896484e-01,-9.999948143959045410e-01,-9.990656971931457520e-01,-9.999893307685852051e-01
-9.999986290931701660e-01,9.999988079071044922e-01,9.999955892562866211e-01,-9.999976158142089844e-01,-9.999991655349731445e-01,9.999991059303283691e-01,-9.999956488609313965e-01,-9.999993443489074707e-01,9.999927282333374023e-01,-9.999988079071044922e-01,9.999990463256835938e-01,9.999992251396179199e-01,-9.999983310699462891e-01,-9.999986886978149414e-01,-9.999969005584716797e-01,-9.999938607215881348e-01,-9.999981522560119629e-01,9.999981522560119629e-01,-9.999938011169433594e-01,9.999992847442626953e-01,9.999992251396179199e-01,-9.999957680702209473e-01,-9.999989271163940430e-01,-9.999974966049194336e-01,-9.999925494194030762e-01,-9.999991059303283691e-01,9.999986290931701660e-01,9.999990463256835938e-01,-9.999941587448120117e-01,9.999976158142089844e-01,9.999922513961791992e-01,9.999982714653015137e-01,-9.999859929084777832e-01,-9.999955892562866211e-01,9.999983310699462891e-01,-9.999651312828063965e-01,-9.999990463256835938e-01,-9.999988079071044922e-01,-9.999830722808837891e-01,9.999991655349731445e-01,-9.999988675117492676e-01,-9.999945759773254395e-01,-9.999848008155822754e-01,-9.999992251396179199e-01,-9.999985694885253906e-01,-9.999982714653015137e-01,9.999950528144836426e-01,-9.999989867210388184e-01,-9.999989271163940430e-01,9.999988675117492676e-01,9.999991655349731445e-01,9.999989271163940430e-01,9.999991059303283691e-01,9.999947547912597656e-01,9.999989271163940430e-01,9.999985098838806152e-01,-9.999869465827941895e-01,-9.999964833259582520e-01,-9.999949336051940918e-01,-9.999986290931701660e-01,9.999986886978149414e-01,-9.999991059303283691e-01,-9.999986886978149414e-01,-9.999967217445373535e-01,9.999943375587463379e-01,9.999991655349731445e-01,9.999993443489074707e-01,9.999963045120239258e-01,9.999992847442626953e-01,-9.999985098838806152e-01,9.999990463256835938e-01,-9.999955296516418457e-01,9.999967813491821289e-01,9.999953508377075195e-01,9.999901056289672852e-01,9.999988079071044922e-01,-9.999927282333374023e-01,-9.999989867210388184e-01,9.999940991401672363e-01,9.999961256980895996e-01,-9.999948740005493164e-01,-9.999980330467224121e-01,9.999990463256835938e-01,-9.999985694885253906e-01,9.999987483024597168e-01,9.999850392341613770e-01,9.999753236770629883e-01,-9.999992251396179199e-01,-9.999946355819702148e-01,-9.999946355819702148e-01,9.999939799308776855e-01,-9.999986886978149414e-01,9.999899864196777344e-01,9.999977946281433105e-01,-9.999976158142089844e-01,9.999985098838806152e-01,9.999896883964538574e-01,-9.999992847442626953e-01,9.999990463256835938e-01,-9.999980330467224121e-01,9.999977350234985352e-01,-9.999991655349731445e-01,-9.999700188636779785e-01,-9.999704957008361816e-01,-9.999989867210388184e-01,-9.999960064888000488e-01,9.999851584434509277e-01,9.999988079071044922e-01,9.999956488609313965e-01,-9.999988079071044922e-01,9.999988079071044922e-01,-9.999977946281433105e-01,9.999985694885253906e-01,9.999251365661621094e-01,-9.999992251396179199e-01,9.999971985816955566e-01,-9.999992847442626953e-01,9.999982714653015137e-01,9.999964833259582520e-01,9.999966621398925781e-01,9.999985694885253906e-01,-9.999975562095642090e-01,-9.999978542327880859e-01,9.999974966049194336e-01,9.999934434890747070e-01,9.999955296516418457e-01,9.992222189903259277e-01,9.999910593032836914e-01
-9.999988675117492676e-01,9.999990463256835938e-01,9.999960064888000488e-01,-9.999979138374328613e-01,-9.999992847442626953e-01,9.999992251396179199e-01,-9.999961256980895996e-01,-9.999994039535522461e-01,9.999935626983642578e-01,-9.999990463256835938e-01,9.999992251396179199e-01,9.999992847442626953e-01,-9.999985098838806152e-01,-9.999988675117492676e-01,-9.999972581863403320e-01,-9.999946355819702148e-01,-9.999983310699462891e-01,9.999983906745910645e-01,-9.999944567680358887e-01,9.999994039535522461e-01,9.999992847442626953e-01,-9.999961853027343750e-01,-9.999992251396179199e-01,-9.999978542327880859e-01,-9.999934434890747070e-01,-9.999992847442626953e-01,9.999987483024597168e-01,9.999992251396179199e-01,-9.999948740005493164e-01,9.999979138374328613e-01,9.999932050704956055e-01,9.999985694885253906e-01,-9.999876022338867188e-01,-9.999960660934448242e-01,9.999986290931701660e-01,-9.999690651893615723e-01,-9.999992251396179199e-01,-9.999990463256835938e-01,-9.999849796295166016e-01,9.999992847442626953e-01,-9.999991059303283691e-01,-9.999952316284179688e-01,-9.999865293502807617e-01,-9.999994039535522461e-01,-9.999987483024597168e-01,-9.999985694885253906e-01,9.999955892562866211e-01,-9.999992251396179199e-01,-9.999991059303283691e-01,9.999990463256835938e-01,9.999993443489074707e-01,9.999991655349731445e-01,9.999991655349731445e-01,9.999954104423522949e-01,9.999991059303283691e-01,9.999986886978149414e-01,-9.999883770942687988e-01,-9.999969005584716797e-01,-9.999955296516418457e-01,-9.999988079071044922e-01,9.999988675117492676e-01,-9.999992847442626953e-01,-9.999988079071044922e-01,-9.999970793724060059e-01,9.999949336051940918e-01,9.999992847442626953e-01,9.999994635581970215e-01,9.999966621398925781e-01,9.999994635581970215e-01,-9.999987483024597168e-01,9.999993443489074707e-01,-9.999959468841552734e-01,9.999971985816955566e-01,9.999958872795104980e-01,9.999912381172180176e-01,9.999990463256835938e-01,-9.999935030937194824e-01,-9.999991059303283691e-01,9.999947547912597656e-01,9.999966621398925781e-01,-9.999954700469970703e-01,-9.999982714653015137e-01,9.999991655349731445e-01,-9.999987483024597168e-01,9.999989271163940430e-01,9.999865889549255371e-01,9.999780654907226562e-01,-9.999993443489074707e-01,-9.999952912330627441e-01,-9.999952316284179688e-01,9.999946951866149902e-01,-9.999989271163940430e-01,9.999911189079284668e-01,9.999980926513671875e-01,-9.999979138374328613e-01,9.999986290931701660e-01,9.999909400939941406e-01,-9.999993443489074707e-01,9.999991655349731445e-01,-9.999982118606567383e-01,9.999979734420776367e-01,-9.999993443489074707e-01,-9.999732375144958496e-01,-9.999736547470092773e-01,-9.999991655349731445e-01,-9.999965429306030273e-01,9.999868869781494141e-01,9.999989271163940430e-01,9.999961853027343750e-01,-9.999991059303283691e-01,9.999991059303283691e-01,-9.999980926513671875e-01,9.999987483024597168e-01,9.999333620071411133e-01,-9.999993443489074707e-01,9.999976754188537598e-01,-9.999993443489074707e-01,9.999984502792358398e-01,9.999969601631164551e-01,9.999970197677612305e-01,9.999987483024597168e-01,-9.999979138374328613e-01,-9.999982714653015137e-01,9.999977350234985352e-01,9.999942779541015625e-01,9.999960660934448242e-01,9.993067383766174316e-01,9.999921321868896484e-01
