9.999981522560119629e-01,-9.999984502792358398e-01,-9.999865889549255371e-01,9.999983310699462891e-01,9.999988079071044922e-01,-9.999986290931701660e-01,9.999949932098388672e-01,9.999989271163940430e-01,-9.999970793724060059e-01,9.999971985816955566e-01,-9.999980330467224121e-01,-9.999989271163940430e-01,9.999981522560119629e-01,9.999980926513671875e-01,9.999704360961914062e-01,9.999975562095642090e-01,9.999976754188537598e-01,-9.999985694885253906e-01,9.999909996986389160e-01,-9.999990463256835938e-01,-9.999988675117492676e-01,9.999856352806091309e-01,9.999982118606567383e-01,9.999984502792358398e-01,9.999893903732299805e-01,9.999989867210388184e-01,-9.999984502792358398e-01,-9.999988675117492676e-01,9.999778866767883301e-01,-9.999958872795104980e-01,-9.999944567680358887e-01,-9.999985098838806152e-01,9.999933242797851562e-01,9.999973773956298828e-01,-9.999966621398925781e-01,-9.999859333038330078e-01,9.999989867210388184e-01,9.999985694885253906e-01,9.999926686286926270e-01,-9.999988675117492676e-01,9.999984502792358398e-01,-9.999970197677612305e-01,9.999566674232482910e-01,9.999986290931701660e-01,9.999977350234985352e-01,9.999980330467224121e-01,9.999740719795227051e-01,9.999980926513671875e-01,9.999988079071044922e-01,-9.999985098838806152e-01,-9.999986886978149414e-01,-9.999975562095642090e-01,-9.999985694885253906e-01,-9.999909400939941406e-01,-9.999966621398925781e-01,-9.999979734420776367e-01,-9.999973773956298828e-01,9.998900294303894043e-01,9.999978542327880859e-01,9.999982714653015137e-01,-9.999974966049194336e-01,9.999988675117492676e-01,9.999983310699462891e-01,9.999948740005493164e-01,-9.999955892562866211e-01,-9.999987483024597168e-01,-9.999989867210388184e-01,-9.999945163726806641e-01,-9.999986290931701660e-01,9.999987483024597168e-01,-9.999986290931701660e-01,9.999979734420776367e-01,9.999964237213134766e-01,-9.999909996986389160e-01,-9.998663663864135742e-01,-9.999981522560119629e-01,9.999921917915344238e-01,9.999986290931701660e-01,-9.999920129776000977e-01,-9.999967813491821289e-01,-9.999614357948303223e-01,9.999974370002746582e-01,-9.999986886978149414e-01,9.999952316284179688e-01,-9.999982714653015137e-01,-9.999845623970031738e-01,9.999907612800598145e-01,9.999987483024597168e-01,6.635934710502624512e-01,9.999966025352478027e-01,-9.999979734420776367e-01,9.999983310699462891e-01,-9.999750852584838867e-01,-9.999980330467224121e-01,9.999985098838806152e-01,-9.999979138374328613e-01,-9.999911785125732422e-01,9.999989867210388184e-01,-9.999988079071044922e-01,9.999890327453613281e-01,-9.999970197677612305e-01,9.999986886978149414e-01,-9.999768137931823730e-01,-9.999731183052062988e-01,9.999985098838806152e-01,9.999969601631164551e-01,9.998917579650878906e-01,-9.999977350234985352e-01,-9.999942183494567871e-01,9.999985098838806152e-01,-9.999979138374328613e-01,9.999985098838806152e-01,-9.999980926513671875e-01,-9.999864101409912109e-01,9.999989867210388184e-01,-9.999982714653015137e-01,9.999988079071044922e-01,-9.999987483024597168e-01,-9.999939203262329102e-01,-9.999980926513671875e-01,-9.999988079071044922e-01,9.999957084655761719e-01,9.999985694885253906e-01,-9.999973773956298828e-01,-9.998723268508911133e-01,-9.999954700469970703e-01,9.999859333038330078e-01,-9.999974966049194336e-01
-9.999984502792358398e-01,9.999986886978149414e-01,9.999886751174926758e-01,-9.999985098838806152e-01,-9.999989867210388184e-01,9.999988675117492676e-01,-9.999957084655761719e-01,-9.999991655349731445e-01,9.999975562095642090e-01,-9.999976754188537598e-01,9.999983310699462891e-01,9.999991059303283691e-01,-9.999983906745910645e-01,-9.999983906745910645e-01,-9.999750852584838867e-01,-9.999978542327880859e-01,-9.999979734420776367e-01,9.999988079071044922e-01,-9.999924302101135254e-01,9.999992251396179199e-01,9.999989867210388184e-01,-9.999879002571105957e-01,-9.999983906745910645e-01,-9.999986886978149414e-01,-9.999910593032836914e-01,-9.999991655349731445e-01,9.999986290931701660e-01,9.999991059303283691e-01,-9.999813437461853027e-01,9.999965429306030273e-01,9.999952912330627441e-01,9.999986886978149414e-01,-9.999942779541015625e-01,-9.999977946281433105e-01,9.999971389770507812e-01,9.999880790710449219e-01,-9.999991655349731445e-01,-9.999988079071044922e-01,-9.999938607215881348e-01,9.999991059303283691e-01,-9.999986290931701660e-01,9.999973773956298828e-01,-9.999634027481079102e-01,-9.999988079071044922e-01,-9.999979734420776367e-01,-9.999982118606567383e-01,-9.999780654907226562e-01,-9.999983310699462891e-01,-9.999989271163940430e-01,9.999987483024597168e-01,9.999988675117492676e-01,9.999979734420776367e-01,9.999987483024597168e-01,9.999923110008239746e-01,9.999971985816955566e-01,9.999983310699462891e-01,9.999976754188537598e-01,-9.999073147773742676e-01,-9.999981522560119629e-01,-9.999985098838806152e-01,9.999979138374328613e-01,-9.999991059303283691e-01,-9.999985098838806152e-01,-9.999955892562866211e-01,9.999962449073791504e-01,9.999989867210388184e-01,9.999991655349731445e-01,9.999952912330627441e-01,9.999988079071044922e-01,-9.999988675117492676e-01,9.999988675117492676e-01,-9.999983310699462891e-01,-9.999969005584716797e-01,9.999924302101135254e-01,9.998872876167297363e-01,9.999984502792358398e-01,-9.999934434890747070e-01,-9.999988675117492676e-01,9.999932646751403809e-01,9.999973177909851074e-01,9.999674558639526367e-01,-9.999978542327880859e-01,9.999989271163940430e-01,-9.999960064888000488e-01,9.999985098838806152e-01,9.999870061874389648e-01,-9.999921917915344238e-01,-9.999990463256835938e-01,-6.637334823608398438e-01,-9.999971389770507812e-01,9.999983310699462891e-01,-9.999985098838806152e-01,9.999790191650390625e-01,9.999983310699462891e-01,-9.999987483024597168e-01,9.999982118606567383e-01,9.999924898147583008e-01,-9.999992251396179199e-01,9.999989271163940430e-01,-9.999907612800598145e-01,9.999974966049194336e-01,-9.999988675117492676e-01,9.999804496765136719e-01,9.999773502349853516e-01,-9.999986290931701660e-01,-9.999973773956298828e-01,-9.999087452888488770e-01,9.999980926513671875e-01,9.999951720237731934e-01,-9.999987483024597168e-01,9.999982118606567383e-01,-9.999987483024597168e-01,9.999983906745910645e-01,9.999885559082031250e-01,-9.999991655349731445e-01,9.999985694885253906e-01,-9.999989271163940430e-01,9.999988675117492676e-01,9.999948740005493164e-01,9.999983906745910645e-01,9.999989271163940430e-01,-9.999961256980895996e-01,-9.999987483024597168e-01,9.999977946281433105e-01,9.998923540115356445e-01,9.999960064888000488e-01,-9.999879598617553711e-01,9.999978542327880859e-01
-9.999865889549255371e-01,9.999886751174926758e-01,9.999005198478698730e-01,-9.999868869781494141e-01,-9.999915957450866699e-01,9.999901056289672852e-01,-9.999630451202392578e-01,-9.999923706054687500e-01,9.999793171882629395e-01,-9.999796748161315918e-01,9.999862909317016602e-01,9.999916553497314453e-01,-9.999858736991882324e-01,-9.999859333038330078e-01,-9.997809529304504395e-01,-9.999815821647644043e-01,-9.999827146530151367e-01,9.999896883964538574e-01,-9.999334812164306641e-01,9.999927878379821777e-01,9.999918937683105469e-01,-9.998936057090759277e-01,-9.999867677688598633e-01,-9.999886751174926758e-01,-9.999213218688964844e-01,-9.999924898147583008e-01,9.999887347221374512e-01,9.999917149543762207e-01,-9.998358488082885742e-01,9.999701380729675293e-01,9.999586343765258789e-01,9.999889731407165527e-01,-9.999502897262573242e-01,-9.999809861183166504e-01,9.999754428863525391e-01,9.998955726623535156e-01,-9.999924302101135254e-01,-9.999897480010986328e-01,-9.999457597732543945e-01,9.999916553497314453e-01,-9.999888539314270020e-01,9.999774694442749023e-01,-9.996791481971740723e-01,-9.999904632568359375e-01,-9.999834299087524414e-01,-9.999855160713195801e-01,-9.998076558113098145e-01,-9.999861121177673340e-01,-9.999909400939941406e-01,9.999893903732299805e-01,9.999904036521911621e-01,9.999824166297912598e-01,9.999902248382568359e-01,9.999321699142456055e-01,9.999756813049316406e-01,9.999855160713195801e-01,9.999802112579345703e-01,-9.991860985755920410e-01,-9.999837875366210938e-01,-9.999873638153076172e-01,9.999817609786987305e-01,-9.999919533729553223e-01,-9.999868869781494141e-01,-9.999618530273437500e-01,9.999674558639526367e-01,9.999910593032836914e-01,9.999924898147583008e-01,9.999593496322631836e-01,9.999901652336120605e-01,-9.999908804893493652e-01,9.999902844429016113e-01,-9.999852776527404785e-01,-9.999738335609436035e-01,9.999334216117858887e-01,9.990104436874389648e-01,9.999865293502807617e-01,-9.999420642852783203e-01,-9.999901056289672852e-01,9.999404549598693848e-01,9.999766945838928223e-01,9.997144341468811035e-01,-9.999815225601196289e-01,9.999909996986389160e-01,-9.999651312828063965e-01,9.999871850013732910e-01,9.998855590820312500e-01,-9.999315738677978516e-01,-9.999913573265075684e-01,-6.579225659370422363e-01,-9.999750852584838867e-01,9.999854564666748047e-01,-9.999876022338867188e-01,9.998153448104858398e-01,9.999855160713195801e-01,-9.999889135360717773e-01,9.999844431877136230e-01,9.999346733093261719e-01,-9.999921321868896484e-01,9.999908804893493652e-01,-9.999186992645263672e-01,9.999789595603942871e-01,-9.999902248382568359e-01,9.998278617858886719e-01,9.998008012771606445e-01,-9.999889731407165527e-01,-9.999777674674987793e-01,-9.991990327835083008e-01,9.999834299087524414e-01,9.999571442604064941e-01,-9.999890923500061035e-01,9.999847412109375000e-01,-9.999893307685852051e-01,9.999859929084777832e-01,9.998992681503295898e-01,-9.999925494194030762e-01,9.999875426292419434e-01,-9.999908208847045898e-01,9.999902844429016113e-01,9.999550580978393555e-01,9.999862909317016602e-01,9.999912381172180176e-01,-9.999676346778869629e-01,-9.999896883964538574e-01,9.999812245368957520e-01,9.990549087524414062e-01,9.999662041664123535e-01,-9.998949170112609863e-01,9.999812245368957520e-01
9.999983310699462891e-01,-9.999985098838806152e-01,-9.999868869781494141e-01,9.999983310699462891e-01,9.999988675117492676e-01,-9.999986886978149414e-01,9.999951124191284180e-01,9.999989867210388184e-01,-9.999972581863403320e-01,9.999972581863403320e-01,-9.999981522560119629e-01,-9.999989271163940430e-01,9.999982118606567383e-01,9.999980926513671875e-01,9.999711513519287109e-01,9.999974966049194336e-01,9.999976754188537598e-01,-9.999986290931701660e-01,9.999912977218627930e-01,-9.999991059303283691e-01,-9.999989271163940430e-01,9.999859929084777832e-01,9.999982118606567383e-01,9.999985098838806152e-01,9.999896287918090820e-01,9.999990463256835938e-01,-9.999985098838806152e-01,-9.999989271163940430e-01,9.999783635139465332e-01,-9.999960064888000488e-01,-9.999945759773254395e-01,-9.999985098838806152e-01,9.999933838844299316e-01,9.999974966049194336e-01,-9.999967217445373535e-01,-9.999862909317016602e-01,9.999990463256835938e-01,9.999986290931701660e-01,9.999928474426269531e-01,-9.999989271163940430e-01,9.999985098838806152e-01,-9.999969601631164551e-01,9.999576807022094727e-01,9.999987483024597168e-01,9.999977946281433105e-01,9.999980926513671875e-01,9.999746084213256836e-01,9.999981522560119629e-01,9.999988675117492676e-01,-9.999985694885253906e-01,-9.999988079071044922e-01,-9.999977350234985352e-01,-9.999986290931701660e-01,-9.999910593032836914e-01,-9.999967217445373535e-01,-9.999980330467224121e-01,-9.999974370002746582e-01,9.998925924301147461e-01,9.999979138374328613e-01,9.999982714653015137e-01,-9.999976158142089844e-01,9.999989271163940430e-01,9.999983310699462891e-01,9.999949932098388672e-01,-9.999957084655761719e-01,-9.999988675117492676e-01,-9.999990463256835938e-01,-9.999946355819702148e-01,-9.999986886978149414e-01,9.999988079071044922e-01,-9.999987483024597168e-01,9.999980330467224121e-01,9.999964833259582520e-01,-9.999912977218627930e-01,-9.998694658279418945e-01,-9.999982118606567383e-01,9.999923706054687500e-01,9.999986886978149414e-01,-9.999922513961791992e-01,-9.999969005584716797e-01,-9.999623894691467285e-01,9.999974966049194336e-01,-9.999988079071044922e-01,9.999954104423522949e-01,-9.999983906745910645e-01,-9.999849200248718262e-01,9.999909996986389160e-01,9.999988675117492676e-01,6.636143922805786133e-01,9.999967813491821289e-01,-9.999980330467224121e-01,9.999982714653015137e-01,-9.999756813049316406e-01,-9.999980330467224121e-01,9.999985098838806152e-01,-9.999979734420776367e-01,-9.999914169311523438e-01,9.999989867210388184e-01,-9.999987483024597168e-01,9.999893307685852051e-01,-9.999970793724060059e-01,9.999986886978149414e-01,-9.999773502349853516e-01,-9.999738335609436035e-01,9.999984502792358398e-01,9.999970197677612305e-01,9.998943805694580078e-01,-9.999978542327880859e-01,-9.999943971633911133e-01,9.999985098838806152e-01,-9.999980330467224121e-01,9.999985694885253906e-01,-9.999981522560119629e-01,-9.999868273735046387e-01,9.999990463256835938e-01,-9.999983310699462891e-01,9.999988675117492676e-01,-9.999987483024597168e-01,-9.999940991401672363e-01,-9.999981522560119629e-01,-9.999988675117492676e-01,9.999958276748657227e-01,9.999986290931701660e-01,-9.999974370002746582e-01,-9.998753070831298828e-01,-9.999955296516418457e-01,9.999862909317016602e-01,-9.999974966049194336e-01
9.999988079071044922e-01,-9.999989867210388184e-01,-9.999915957450866699e-01,9.999988675117492676e-01,9.999992251396179199e-01,-9.999991059303283691e-01,9.999967813491821289e-01,9.999992251396179199e-01,-9.999981522560119629e-01,9.999982714653015137e-01,-9.999987483024597168e-01,-9.999993443489074707e-01,9.999988079071044922e-01,9.999987483024597168e-01,9.999816417694091797e-01,9.999984502792358398e-01,9.999985098838806152e-01,-9.999991655349731445e-01,9.999943971633911133e-01,-9.999993443489074707e-01,-9.999992847442626953e-01,9.999909996986389160e-01,9.999988079071044922e-01,9.999991059303283691e-01,9.999933838844299316e-01,9.999993443489074707e-01,-9.999989867210388184e-01,-9.999992251396179199e-01,9.999862313270568848e-01,-9.999974370002746582e-01,-9.999963641166687012e-01,-9.999989867210388184e-01,9.999957680702209473e-01,9.999983906745910645e-01,-9.999979138374328613e-01,-9.999911189079284668e-01,9.999994039535522461e-01,9.999990463256835938e-01,9.999954104423522949e-01,-9.999993443489074707e-01,9.999991059303283691e-01,-9.999980926513671875e-01,9.999729990959167480e-01,9.999991655349731445e-01,9.999984502792358398e-01,9.999986886978149414e-01,9.999837875366210938e-01,9.999987483024597168e-01,9.999992847442626953e-01,-9.999991655349731445e-01,-9.999991059303283691e-01,-9.999983906745910645e-01,-9.999991059303283691e-01,-9.999943375587463379e-01,-9.999978542327880859e-01,-9.999987483024597168e-01,-9.999983310699462891e-01,9.999315142631530762e-01,9.999986290931701660e-01,9.999989271163940430e-01,-9.999984502792358398e-01,9.999992847442626953e-01,9.999988079071044922e-01,9.999966621398925781e-01,-9.999971389770507812e-01,-9.999991655349731445e-01,-9.999994039535522461e-01,-9.999964237213134766e-01,-9.999991059303283691e-01,9.999992847442626953e-01,-9.999992251396179199e-01,9.999986886978149414e-01,9.999977350234985352e-01,-9.999943971633911133e-01,-9.999167323112487793e-01,-9.999988079071044922e-01,9.999950528144836426e-01,9.999992251396179199e-01,-9.999949932098388672e-01,-9.999980330467224121e-01,-9.999760389328002930e-01,9.999983906745910645e-01,-9.999991655349731445e-01,9.999969601631164551e-01,-9.999988675117492676e-01,-9.999903440475463867e-01,9.999941587448120117e-01,9.999992251396179199e-01,6.639308333396911621e-01,9.999978542327880859e-01,-9.999986886978149414e-01,9.999988079071044922e-01,-9.999845027923583984e-01,-9.999987483024597168e-01,9.999991059303283691e-01,-9.999986886978149414e-01,-9.999944567680358887e-01,9.999993443489074707e-01,-9.999992847442626953e-01,9.999930858612060547e-01,-9.999980926513671875e-01,9.999991059303283691e-01,-9.999855756759643555e-01,-9.999833106994628906e-01,9.999991059303283691e-01,9.999979734420776367e-01,9.999325871467590332e-01,-9.999985098838806152e-01,-9.999962449073791504e-01,9.999989867210388184e-01,-9.999986886978149414e-01,9.999991655349731445e-01,-9.999987483024597168e-01,-9.999915361404418945e-01,9.999993443489074707e-01,-9.999988675117492676e-01,9.999991655349731445e-01,-9.999992251396179199e-01,-9.999961853027343750e-01,-9.999987483024597168e-01,-9.999992847442626953e-01,9.999972581863403320e-01,9.999990463256835938e-01,-9.999983310699462891e-01,-9.999205470085144043e-01,-9.999970197677612305e-01,9.999911785125732422e-01,-9.999983310699462891e-01
-9.999986290931701660e-01,9.999988675117492676e-01,9.999901056289672852e-01,-9.999986886978149414e-01,-9.999991059303283691e-01,9.999989271163940430e-01,-9.999962449073791504e-01,-9.999992847442626953e-01,9.999978542327880859e-01,-9.999980330467224121e-01,9.999985098838806152e-01,9.999992251396179199e-01,-9.999986886978149414e-01,-9.999985098838806152e-01,-9.999782443046569824e-01,-9.999981522560119629e-01,-9.999982714653015137e-01,9.999989867210388184e-01,-9.999933838844299316e-01,9.999993443489074707e-01,9.999991059303283691e-01,-9.999894499778747559e-01,-9.999986886978149414e-01,-9.999988675117492676e-01,-9.999921917915344238e-01,-9.999992251396179199e-01,9.999988675117492676e-01,9.999992251396179199e-01,-9.999836087226867676e-01,9.999969601631164551e-01,9.999958872795104980e-01,9.999988079071044922e-01,-9.999949932098388672e-01,-9.999980926513671875e-01,9.999974966049194336e-01,9.999895691871643066e-01,-9.999992847442626953e-01,-9.999989867210388184e-01,-9.999946355819702148e-01,9.999992251396179199e-01,-9.999988675117492676e-01,9.999977946281433105e-01,-9.999681115150451660e-01,-9.999989867210388184e-01,-9.999982118606567383e-01,-9.999985694885253906e-01,-9.999808073043823242e-01,-9.999985098838806152e-01,-9.999991059303283691e-01,9.999989271163940430e-01,9.999991059303283691e-01,9.999982118606567383e-01,9.999989867210388184e-01,9.999932646751403809e-01,9.999975562095642090e-01,9.999985098838806152e-01,9.999979734420776367e-01,-9.999189972877502441e-01,-9.999983310699462891e-01,-9.999986886978149414e-01,9.999981522560119629e-01,-9.999992251396179199e-01,-9.999986886978149414e-01,-9.999961853027343750e-01,9.999966025352478027e-01,9.999991655349731445e-01,9.999993443489074707e-01,9.999958872795104980e-01,9.999990463256835938e-01,-9.999990463256835938e-01,9.999990463256835938e-01,-9.999985098838806152e-01,-9.999973773956298828e-01,9.999933838844299316e-01,9.999014735221862793e-01,9.999986290931701660e-01,-9.999942779541015625e-01,-9.999990463256835938e-01,9.999941587448120117e-01,9.999975562095642090e-01,9.999716281890869141e-01,-9.999981522560119629e-01,9.999991655349731445e-01,-9.999964833259582520e-01,9.999986886978149414e-01,9.999885559082031250e-01,-9.999932050704956055e-01,-9.999991655349731445e-01,-6.638286113739013672e-01,-9.999975562095642090e-01,9.999985098838806152e-01,-9.999986886978149414e-01,9.999815821647644043e-01,9.999985098838806152e-01,-9.999988675117492676e-01,9.999985098838806152e-01,9.999934434890747070e-01,-9.999993443489074707e-01,9.999991059303283691e-01,-9.999918937683105469e-01,9.999977946281433105e-01,-9.999990463256835938e-01,9.999828338623046875e-01,9.999802112579345703e-01,-9.999988079071044922e-01,-9.999976754188537598e-01,-9.999202489852905273e-01,9.999983310699462891e-01,9.999957084655761719e-01,-9.999989271163940430e-01,9.999984502792358398e-01,-9.999989271163940430e-01,9.999985694885253906e-01,9.999899864196777344e-01,-9.999992847442626953e-01,9.999986886978149414e-01,-9.999991059303283691e-01,9.999991655349731445e-01,9.999955296516418457e-01,9.999986290931701660e-01,9.999991655349731445e-01,-9.999967217445373535e-01,-9.999989271163940430e-01,9.999979734420776367e-01,9.999059438705444336e-01,9.999966025352478027e-01,-9.999895691871643066e-01,9.999980926513671875e-01
9.999949932098388672e-01,-9.999957084655761719e-01,-9.999630451202392578e-01,9.999951124191284180e-01,9.999967813491821289e-01,-9.999962449073791504e-01,9.999862313270568848e-01,9.999971389770507812e-01,-9.999921917915344238e-01,9.999925494194030762e-01,-9.999948740005493164e-01,-9.999968409538269043e-01,9.999947547912597656e-01,9.999947547912597656e-01,9.999185204505920410e-01,9.999930858612060547e-01,9.999935626983642578e-01,-9.999960064888000488e-01,9.999752640724182129e-01,-9.999972581863403320e-01,-9.999969601631164551e-01,9.999604821205139160e-01,9.999949932098388672e-01,9.999957680702209473e-01,9.999707937240600586e-01,9.999970793724060059e-01,-9.999958276748657227e-01,-9.999968409538269043e-01,9.999389052391052246e-01,-9.999887943267822266e-01,-9.999847412109375000e-01,-9.999958872795104980e-01,9.999815225601196289e-01,9.999927878379821777e-01,-9.999908804893493652e-01,-9.999611377716064453e-01,9.999971985816955566e-01,9.999961256980895996e-01,9.999798536300659180e-01,-9.999968409538269043e-01,9.999958276748657227e-01,-9.999916553497314453e-01,9.998806118965148926e-01,9.999963045120239258e-01,9.999937415122985840e-01,9.999946355819702148e-01,9.999283552169799805e-01,9.999948143959045410e-01,9.999966621398925781e-01,-9.999959468841552734e-01,-9.999963641166687012e-01,-9.999934434890747070e-01,-9.999961853027343750e-01,-9.999749064445495605e-01,-9.999909400939941406e-01,-9.999945759773254395e-01,-9.999927282333374023e-01,9.996971487998962402e-01,9.999939799308776855e-01,9.999953508377075195e-01,-9.999932050704956055e-01,9.999969601631164551e-01,9.999951124191284180e-01,9.999858140945434570e-01,-9.999879002571105957e-01,-9.999966025352478027e-01,-9.999971985816955566e-01,-9.999849200248718262e-01,-9.999963045120239258e-01,9.999964833259582520e-01,-9.999963045120239258e-01,9.999944567680358887e-01,9.999902844429016113e-01,-9.999752640724182129e-01,-9.996317028999328613e-01,-9.999949932098388672e-01,9.999784827232360840e-01,9.999962449073791504e-01,-9.999778866767883301e-01,-9.999912977218627930e-01,-9.998937249183654785e-01,9.999930858612060547e-01,-9.999966025352478027e-01,9.999870657920837402e-01,-9.999952912330627441e-01,-9.999574422836303711e-01,9.999745488166809082e-01,9.999967217445373535e-01,6.620303392410278320e-01,9.999907612800598145e-01,-9.999945163726806641e-01,9.999953508377075195e-01,-9.999312758445739746e-01,-9.999946355819702148e-01,9.999958872795104980e-01,-9.999942183494567871e-01,-9.999756813049316406e-01,9.999970793724060059e-01,-9.999965429306030273e-01,9.999698400497436523e-01,-9.999920725822448730e-01,9.999961853027343750e-01,-9.999359250068664551e-01,-9.999259114265441895e-01,9.999958872795104980e-01,9.999917149543762207e-01,9.997019767761230469e-01,-9.999938607215881348e-01,-9.999841451644897461e-01,9.999959468841552734e-01,-9.999943375587463379e-01,9.999959468841552734e-01,-9.999948143959045410e-01,-9.999625682830810547e-01,9.999971985816955566e-01,-9.999952912330627441e-01,9.999965429306030273e-01,-9.999963045120239258e-01,-9.999833106994628906e-01,-9.999948740005493164e-01,-9.999966025352478027e-01,9.999879598617553711e-01,9.999960064888000488e-01,-9.999929666519165039e-01,-9.996482729911804199e-01,-9.999874830245971680e-01,9.999609589576721191e-01,-9.999930262565612793e-01
9.999989271163940430e-01,-9.999991655349731445e-01,-9.999923706054687500e-01,9.999989867210388184e-01,9.999992251396179199e-01,-9.999992847442626953e-01,9.999971389770507812e-01,9.999994039535522461e-01,-9.999983310699462891e-01,9.999984502792358398e-01,-9.999988675117492676e-01,-9.999994039535522461e-01,9.999989867210388184e-01,9.999988675117492676e-01,9.999832510948181152e-01,9.999985694885253906e-01,9.999986290931701660e-01,-9.999991655349731445e-01,9.999949336051940918e-01,-9.999994039535522461e-01,-9.999993443489074707e-01,9.999918937683105469e-01,9.999989271163940430e-01,9.999990463256835938e-01,9.999939799308776855e-01,9.999994039535522461e-01,-9.999991655349731445e-01,-9.999994039535522461e-01,9.999874830245971680e-01,-9.999976158142089844e-01,-9.999967813491821289e-01,-9.999991059303283691e-01,9.999961256980895996e-01,9.999985098838806152e-01,-9.999980926513671875e-01,-9.999918937683105469e-01,9.999994635581970215e-01,9.999991655349731445e-01,9.999958872795104980e-01,-9.999994039535522461e-01,9.999991655349731445e-01,-9.999982714653015137e-01,9.999755024909973145e-01,9.999992251396179199e-01,9.999986290931701660e-01,9.999988079071044922e-01,9.999852180480957031e-01,9.999989271163940430e-01,9.999994039535522461e-01,-9.999992251396179199e-01,-9.999992847442626953e-01,-9.999986290931701660e-01,-9.999992251396179199e-01,-9.999948143959045410e-01,-9.999980926513671875e-01,-9.999988675117492676e-01,-9.999984502792358398e-01,9.999375939369201660e-01,9.999987483024597168e-01,9.999991655349731445e-01,-9.999985694885253906e-01,9.999993443489074707e-01,9.999989867210388184e-01,9.999969601631164551e-01,-9.999974966049194336e-01,-9.999993443489074707e-01,-9.999995231628417969e-01,-9.999968409538269043e-01,-9.999991655349731445e-01,9.999992847442626953e-01,-9.999992847442626953e-01,9.999988079071044922e-01,9.999979734420776367e-01,-9.999949336051940918e-01,-9.999241828918457031e-01,-9.999989271163940430e-01,9.999955296516418457e-01,9.999992847442626953e-01,-9.999954700469970703e-01,-9.999980926513671875e-01,-9.999781847000122070e-01,9.999985694885253906e-01,-9.999992847442626953e-01,9.999971985816955566e-01,-9.999989271163940430e-01,-9.999911785125732422e-01,9.999947547912597656e-01,9.999992847442626953e-01,6.639804244041442871e-01,9.999980330467224121e-01,-9.999988675117492676e-01,9.999989867210388184e-01,-9.999858736991882324e-01,-9.999988675117492676e-01,9.999991655349731445e-01,-9.999988079071044922e-01,-9.999949932098388672e-01,9.999994635581970215e-01,-9.999993443489074707e-01,9.999936819076538086e-01,-9.999982714653015137e-01,9.999992847442626953e-01,-9.999868273735046387e-01,-9.999848008155822754e-01,9.999992251396179199e-01,9.999982714653015137e-01,9.999386668205261230e-01,-9.999986886978149414e-01,-9.999966025352478027e-01,9.999992251396179199e-01,-9.999987483024597168e-01,9.999992251396179199e-01,-9.999988675117492676e-01,-9.999923110008239746e-01,9.999994039535522461e-01,-9.999989867210388184e-01,9.999993443489074707e-01,-9.999992847442626953e-01,-9.999964237213134766e-01,-9.999989271163940430e-01,-9.999992847442626953e-01,9.999974370002746582e-01,9.999991655349731445e-01,-9.999984502792358398e-01,-9.999275803565979004e-01,-9.999973773956298828e-01,9.999919533729553223e-01,-9.999985694885253906e-01
-9.999970793724060059e-01,9.999975562095642090e-01,9.999793171882629395e-01,-9.999972581863403320e-01,-9.999981522560119629e-01,9.999978542327880859e-01,-9.999921917915344238e-01,-9.999983310699462891e-01,9.999956488609313965e-01,-9.999957680702209473e-01,9.999970197677612305e-01,9.999982118606567383e-01,-9.999971389770507812e-01,-9.999969601631164551e-01,-9.999544024467468262e-01,-9.999960660934448242e-01,-9.999963641166687012e-01,9.999978542327880859e-01,-9.999860525131225586e-01,9.999983906745910645e-01,9.999982118606567383e-01,-9.999778270721435547e-01,-9.999971389770507812e-01,-9.999976158142089844e-01,-9.999836087226867676e-01,-9.999983906745910645e-01,9.999975562095642090e-01,9.999982714653015137e-01,-9.999657869338989258e-01,9.999938011169433594e-01,9.999914169311523438e-01,9.999976158142089844e-01,-9.999896883964538574e-01,-9.999958276748657227e-01,9.999948740005493164e-01,9.999782443046569824e-01,-9.999983906745910645e-01,-9.999977946281433105e-01,-9.999887347221374512e-01,9.999980926513671875e-01,-9.999976158142089844e-01,9.999952912330627441e-01,-9.999332427978515625e-01,-9.999979734420776367e-01,-9.999964237213134766e-01,-9.999969601631164551e-01,-9.999598860740661621e-01,-9.999970793724060059e-01,-9.999982118606567383e-01,9.999977350234985352e-01,9.999979734420776367e-01,9.999961853027343750e-01,9.999977946281433105e-01,9.999859333038330078e-01,9.999949336051940918e-01,9.999969005584716797e-01,9.999958872795104980e-01,-9.998306035995483398e-01,-9.999965429306030273e-01,-9.999972581863403320e-01,9.999961256980895996e-01,-9.999982714653015137e-01,-9.999972581863403320e-01,-9.999919533729553223e-01,9.999931454658508301e-01,9.999980926513671875e-01,9.999983906745910645e-01,9.999914765357971191e-01,9.999978542327880859e-01,-9.999980926513671875e-01,9.999978542327880859e-01,-9.999967813491821289e-01,-9.999944567680358887e-01,9.999861717224121094e-01,9.997941255569458008e-01,9.999971389770507812e-01,-9.999879598617553711e-01,-9.999978542327880859e-01,9.999876618385314941e-01,9.999950528144836426e-01,9.999405741691589355e-01,-9.999960660934448242e-01,9.999980926513671875e-01,-9.999927878379821777e-01,9.999973177909851074e-01,9.999761581420898438e-01,-9.999858140945434570e-01,-9.999981522560119629e-01,-6.631115078926086426e-01,-9.999948143959045410e-01,9.999969005584716797e-01,-9.999973177909851074e-01,9.999615550041198730e-01,9.999968409538269043e-01,-9.999976754188537598e-01,9.999967217445373535e-01,9.999863505363464355e-01,-9.999983310699462891e-01,9.999980330467224121e-01,-9.999830722808837891e-01,9.999955296516418457e-01,-9.999978542327880859e-01,9.999641180038452148e-01,9.999585151672363281e-01,-9.999976754188537598e-01,-9.999953508377075195e-01,-9.998334050178527832e-01,9.999964833259582520e-01,9.999910593032836914e-01,-9.999976158142089844e-01,9.999967813491821289e-01,-9.999977350234985352e-01,9.999970197677612305e-01,9.999790787696838379e-01,-9.999984502792358398e-01,9.999973773956298828e-01,-9.999980926513671875e-01,9.999979138374328613e-01,9.999907016754150391e-01,9.999970793724060059e-01,9.999981522560119629e-01,-9.999932646751403809e-01,-9.999977350234985352e-01,9.999959468841552734e-01,9.998034238815307617e-01,9.999929070472717285e-01,-9.999781847000122070e-01,9.999958872795104980e-01
9.999971985816955566e-01,-9.999976754188537598e-01,-9.999796748161315918e-01,9.999972581863403320e-01,9.999982714653015137e-01,-9.999980330467224121e-01,9.999925494194030762e-01,9.999984502792358398e-01,-9.999957680702209473e-01,9.999958872795104980e-01,-9.999971389770507812e-01,-9.999983310699462891e-01,9.999970793724060059e-01,9.999970793724060059e-01,9.999552965164184570e-01,9.999963045120239258e-01,9.999964833259582520e-01,-9.999979138374328613e-01,9.999864101409912109e-01,-9.999985098838806152e-01,-9.999983310699462891e-01,9.999783039093017578e-01,9.999972581863403320e-01,9.999976754188537598e-01,9.999839663505554199e-01,9.999984502792358398e-01,-9.999976754188537598e-01,-9.999982714653015137e-01,9.999665021896362305e-01,-9.999939203262329102e-01,-9.999915957450866699e-01,-9.999977350234985352e-01,9.999898672103881836e-01,9.999960660934448242e-01,-9.999949932098388672e-01,-9.999787211418151855e-01,9.999985098838806152e-01,9.999979138374328613e-01,9.999889731407165527e-01,-9.999982714653015137e-01,9.999976754188537598e-01,-9.999954104423522949e-01,9.999344348907470703e-01,9.999980330467224121e-01,9.999966025352478027e-01,9.999970197677612305e-01,9.999606013298034668e-01,9.999971389770507812e-01,9.999980926513671875e-01,-9.999978542327880859e-01,-9.999979734420776367e-01,-9.999964237213134766e-01,-9.999979734420776367e-01,-9.999862909317016602e-01,-9.999950528144836426e-01,-9.999970793724060059e-01,-9.999960660934448242e-01,9.998337030410766602e-01,9.999967217445373535e-01,9.999974370002746582e-01,-9.999961853027343750e-01,9.999983310699462891e-01,9.999973773956298828e-01,9.999922513961791992e-01,-9.999933838844299316e-01,-9.999981522560119629e-01,-9.999985098838806152e-01,-9.999917149543762207e-01,-9.999979734420776367e-01,9.999981522560119629e-01,-9.999980330467224121e-01,9.999969601631164551e-01,9.999947547912597656e-01,-9.999864101409912109e-01,-9.997978806495666504e-01,-9.999973177909851074e-01,9.999881982803344727e-01,9.999979734420776367e-01,-9.999879598617553711e-01,-9.999952316284179688e-01,-9.999417662620544434e-01,9.999961853027343750e-01,-9.999980330467224121e-01,9.999929070472717285e-01,-9.999974370002746582e-01,-9.999766945838928223e-01,9.999860525131225586e-01,9.999982118606567383e-01,6.631358861923217773e-01,9.999949932098388672e-01,-9.999969601631164551e-01,9.999973773956298828e-01,-9.999623298645019531e-01,-9.999970197677612305e-01,9.999977946281433105e-01,-9.999968409538269043e-01,-9.999867081642150879e-01,9.999984502792358398e-01,-9.999982118606567383e-01,9.999834299087524414e-01,-9.999957084655761719e-01,9.999979734420776367e-01,-9.999648928642272949e-01,-9.999593496322631836e-01,9.999977350234985352e-01,9.999955296516418457e-01,9.998363256454467773e-01,-9.999965429306030273e-01,-9.999912977218627930e-01,9.999977946281433105e-01,-9.999968409538269043e-01,9.999978542327880859e-01,-9.999970793724060059e-01,-9.999794960021972656e-01,9.999984502792358398e-01,-9.999974370002746582e-01,9.999980926513671875e-01,-9.999980926513671875e-01,-9.999908804893493652e-01,-9.999971389770507812e-01,-9.999981522560119629e-01,9.999935030937194824e-01,9.999978542327880859e-01,-9.999961256980895996e-01,-9.998068809509277344e-01,-9.999930858612060547e-01,9.999786615371704102e-01,-9.999962449073791504e-01
-9.999980330467224121e-01,9.999983310699462891e-01,9.999862909317016602e-01,-9.999981522560119629e-01,-9.999987483024597168e-01,9.999985098838806152e-01,-9.999948740005493164e-01,-9.999988675117492676e-01,9.999970197677612305e-01,-9.999971389770507812e-01,9.999980926513671875e-01,9.999988079071044922e-01,-9.999980330467224121e-01,-9.999979138374328613e-01,-9.999697804450988770e-01,-9.999974370002746582e-01,-9.999974966049194336e-01,9.999985694885253906e-01,-9.999908208847045898e-01,9.999990463256835938e-01,9.999988079071044922e-01,-9.999852180480957031e-01,-9.999981522560119629e-01,-9.999983310699462891e-01,-9.999891519546508789e-01,-9.999988675117492676e-01,9.999983310699462891e-01,9.999988675117492676e-01,-9.999772906303405762e-01,9.999958872795104980e-01,9.999942183494567871e-01,9.999983906745910645e-01,-9.999931454658508301e-01,-9.999972581863403320e-01,9.999965429306030273e-01,9.999855160713195801e-01,-9.999989271163940430e-01,-9.999984502792358398e-01,-9.999925494194030762e-01,9.999987483024597168e-01,-9.999984502792358398e-01,9.999968409538269043e-01,-9.999557137489318848e-01,-9.999985694885253906e-01,-9.999976158142089844e-01,-9.999979734420776367e-01,-9.999734163284301758e-01,-9.999980330467224121e-01,-9.999988079071044922e-01,9.999983906745910645e-01,9.999986290931701660e-01,9.999974966049194336e-01,9.999984502792358398e-01,9.999906420707702637e-01,9.999966025352478027e-01,9.999979734420776367e-01,9.999971985816955566e-01,-9.998876452445983887e-01,-9.999977350234985352e-01,-9.999982118606567383e-01,9.999974370002746582e-01,-9.999988079071044922e-01,-9.999981522560119629e-01,-9.999946951866149902e-01,9.999954700469970703e-01,9.999987483024597168e-01,9.999989867210388184e-01,9.999943375587463379e-01,9.999986290931701660e-01,-9.999987483024597168e-01,9.999986290931701660e-01,-9.999979138374328613e-01,-9.999963641166687012e-01,9.999908208847045898e-01,9.998634457588195801e-01,9.999980926513671875e-01,-9.999918937683105469e-01,-9.999986290931701660e-01,9.999917745590209961e-01,9.999967217445373535e-01,9.999606013298034668e-01,-9.999973773956298828e-01,9.999986886978149414e-01,-9.999951124191284180e-01,9.999982118606567383e-01,9.999842643737792969e-01,-9.999905228614807129e-01,-9.999987483024597168e-01,-6.635739803314208984e-01,-9.999964833259582520e-01,9.999979138374328613e-01,-9.999981522560119629e-01,9.999745488166809082e-01,9.999979734420776367e-01,-9.999984502792358398e-01,9.999977946281433105e-01,9.999909400939941406e-01,-9.999989271163940430e-01,9.999986886978149414e-01,-9.999887943267822266e-01,9.999969601631164551e-01,-9.999986290931701660e-01,9.999762773513793945e-01,9.999725222587585449e-01,-9.999984502792358398e-01,-9.999969005584716797e-01,-9.998894333839416504e-01,9.999976754188537598e-01,9.999940395355224609e-01,-9.999983906745910645e-01,9.999978542327880859e-01,-9.999985098838806152e-01,9.999980330467224121e-01,9.999861121177673340e-01,-9.999989271163940430e-01,9.999982714653015137e-01,-9.999987483024597168e-01,9.999986290931701660e-01,9.999937415122985840e-01,9.999980926513671875e-01,9.999986886978149414e-01,-9.999955296516418457e-01,-9.999984502792358398e-01,9.999971985816955566e-01,9.998695850372314453e-01,9.999953508377075195e-01,-9.999855160713195801e-01,9.999973773956298828e-01
-9.999989271163940430e-01,9.999991059303283691e-01,9.999916553497314453e-01,-9.999989271163940430e-01,-9.999993443489074707e-01,9.999992251396179199e-01,-9.999968409538269043e-01,-9.999994039535522461e-01,9.999982118606567383e-01,-9.999983310699462891e-01,9.999988079071044922e-01,9.999994039535522461e-01,-9.999988675117492676e-01,-9.999988079071044922e-01,-9.999815225601196289e-01,-9.999985098838806152e-01,-9.999985694885253906e-01,9.999991655349731445e-01,-9.999943971633911133e-01,9.999994039535522461e-01,9.999993443489074707e-01,-9.999909996986389160e-01,-9.999988675117492676e-01,-9.999991059303283691e-01,-9.999934434890747070e-01,-9.999994635581970215e-01,9.999991059303283691e-01,9.999993443489074707e-01,-9.999861121177673340e-01,9.999974370002746582e-01,9.999965429306030273e-01,9.999991059303283691e-01,-9.999958276748657227e-01,-9.999983310699462891e-01,9.999979734420776367e-01,9.999911785125732422e-01,-9.999994635581970215e-01,-9.999991655349731445e-01,-9.999954104423522949e-01,9.999994039535522461e-01,-9.999991059303283691e-01,9.999981522560119629e-01,-9.999728798866271973e-01,-9.999992251396179199e-01,-9.999985098838806152e-01,-9.999987483024597168e-01,-9.999837279319763184e-01,-9.999988079071044922e-01,-9.999993443489074707e-01,9.999992251396179199e-01,9.999993443489074707e-01,9.999985098838806152e-01,9.999992251396179199e-01,9.999943375587463379e-01,9.999979734420776367e-01,9.999988079071044922e-01,9.999983906745910645e-01,-9.999310374259948730e-01,-9.999986886978149414e-01,-9.999989867210388184e-01,9.999985098838806152e-01,-9.999993443489074707e-01,-9.999989271163940430e-01,-9.999967217445373535e-01,9.999971985816955566e-01,9.999993443489074707e-01,9.999994635581970215e-01,9.999964833259582520e-01,9.999992847442626953e-01,-9.999993443489074707e-01,9.999992847442626953e-01,-9.999987483024597168e-01,-9.999977350234985352e-01,9.999944567680358887e-01,9.999161958694458008e-01,9.999988675117492676e-01,-9.999951124191284180e-01,-9.999991655349731445e-01,9.999951124191284180e-01,9.999979734420776367e-01,9.999759197235107422e-01,-9.999985098838806152e-01,9.999992847442626953e-01,-9.999970197677612305e-01,9.999989867210388184e-01,9.999904036521911621e-01,-9.999942183494567871e-01,-9.999992847442626953e-01,-6.639263033866882324e-01,-9.999979734420776367e-01,9.999987483024597168e-01,-9.999989271163940430e-01,9.999843835830688477e-01,9.999988079071044922e-01,-9.999992251396179199e-01,9.999987483024597168e-01,9.999944567680358887e-01,-9.999995231628417969e-01,9.999993443489074707e-01,-9.999931454658508301e-01,9.999982118606567383e-01,-9.999992251396179199e-01,9.999854564666748047e-01,9.999832510948181152e-01,-9.999991059303283691e-01,-9.999980926513671875e-01,-9.999321699142456055e-01,9.999986886978149414e-01,9.999963045120239258e-01,-9.999991059303283691e-01,9.999987483024597168e-01,-9.999991059303283691e-01,9.999988079071044922e-01,9.999915361404418945e-01,-9.999994039535522461e-01,9.999989271163940430e-01,-9.999993443489074707e-01,9.999992251396179199e-01,9.999961256980895996e-01,9.999988675117492676e-01,9.999992847442626953e-01,-9.999973177909851074e-01,-9.999991655349731445e-01,9.999983906745910645e-01,9.999198913574218750e-01,9.999970793724060059e-01,-9.999911785125732422e-01,9.999984502792358398e-01
