9.990561008453369141e-01,-9.178133010864257812e-01,-8.878345489501953125e-01,2.175230067223310471e-03,-9.107328653335571289e-01,7.722260355949401855e-01,9.057075381278991699e-01,-9.152406454086303711e-01,7.654824256896972656e-01,7.320798635482788086e-01,-3.848163187503814697e-01,9.465715885162353516e-01,9.826375842094421387e-01,4.049755930900573730e-01,-8.962601423263549805e-01,-9.719254970550537109e-01,7.301248311996459961e-01,9.708790779113769531e-01,3.189765512943267822e-01,1.394720375537872314e-01,-9.009789228439331055e-01,-9.314450025558471680e-01,9.144223332405090332e-01,8.631039857864379883e-01,8.986613750457763672e-01,5.980987548828125000e-01,8.973839879035949707e-01,9.320918321609497070e-01,8.641923069953918457e-01,9.284339547157287598e-01,6.904061436653137207e-01,-9.233408570289611816e-01,9.607862830162048340e-01,-7.013953328132629395e-01,-9.314391016960144043e-01,-9.306496977806091309e-01,-6.516774892807006836e-01,9.561147689819335938e-01,-8.190982341766357422e-01,-8.395481705665588379e-01,-9.651944041252136230e-01,1.943138986825942993e-01,6.161175966262817383e-01,7.286314964294433594e-01,4.573813080787658691e-01,-8.972292542457580566e-01,-9.311645030975341797e-01,8.758468031883239746e-01,9.382138848304748535e-01,-8.816745281219482422e-01,8.516836762428283691e-01,9.035378694534301758e-01,-6.122974157333374023e-01,4.404451549053192139e-01,9.309217929840087891e-01,8.766423463821411133e-01,8.470776677131652832e-01,9.332714676856994629e-01,9.673499464988708496e-01,6.643324494361877441e-01,9.315487146377563477e-01,-8.151450753211975098e-01,-1.618553549051284790e-01,5.358172059059143066e-01,-4.986455440521240234e-01,-9.491759538650512695e-01,9.556039571762084961e-01,-2.832102775573730469e-01,-9.008379578590393066e-01,9.534627795219421387e-01,-9.485290646553039551e-01,6.974271535873413086e-01,-9.350553750991821289e-01,-9.846251606941223145e-01,-9.145687222480773926e-01,8.515683412551879883e-01,-9.233424067497253418e-01,9.301391243934631348e-01,8.881887793540954590e-01,-7.497164011001586914e-01,-8.966541886329650879e-01,8.014891743659973145e-01,-9.784966111183166504e-01,-9.113492369651794434e-01,-6.829646825790405273e-01,9.280450344085693359e-01,3.378117829561233521e-02,4.837667346000671387e-01,-9.814653396606445312e-01,-7.909617424011230469e-01,9.651697874069213867e-01,-9.047233462333679199e-01,-9.508929848670959473e-01,9.629490971565246582e-01,-9.396653771400451660e-01,-8.629714250564575195e-01,-9.650422334671020508e-01,-8.685626387596130371e-01,9.596684575080871582e-01,9.643889665603637695e-01,-8.800907731056213379e-01,8.865992426872253418e-01,9.230381846427917480e-01,8.976131677627563477e-01,9.170944094657897949e-01,9.777198433876037598e-01,-9.235272407531738281e-01,-9.481655955314636230e-01,-7.998270988464355469e-01,-9.320687055587768555e-01,-3.449638783931732178e-01,2.496214956045150757e-01,-4.951454102993011475e-01,7.605172991752624512e-01,-8.747150897979736328e-01,9.152729511260986328e-01,9.160359501838684082e-01,-9.146134257316589355e-01,6.119157075881958008e-01,8.958058357238769531e-01,-9.180649518966674805e-01,7.876321673393249512e-01,9.740176200866699219e-01,-6.258873343467712402e-01,9.314680695533752441e-01,9.762079119682312012e-01,-9.428536891937255859e-01,-3.783183693885803223e-01
-9.178133010864257812e-01,9.983315467834472656e-01,7.253017425537109375e-01,-3.355221152305603027e-01,7.748915553092956543e-01,-8.715997338294982910e-01,-7.708610296249389648e-01,8.353486061096191406e-01,-6.024602651596069336e-01,-7.784285545349121094e-01,6.212610602378845215e-01,-9.720676541328430176e-01,-8.937754631042480469e-01,-5.909813642501831055e-01,9.575135707855224609e-01,9.259232878684997559e-01,-6.278860569000244141e-01,-9.345102906227111816e-01,-9.489486366510391235e-02,1.929380893707275391e-01,9.016172289848327637e-01,8.025730252265930176e-01,-9.686768651008605957e-01,-8.396718502044677734e-01,-8.701689243316650391e-01,-3.511805534362792969e-01,-7.530065178871154785e-01,-7.852476835250854492e-01,-8.942146897315979004e-01,-7.895631194114685059e-01,-4.964275956153869629e-01,9.589880704879760742e-01,-8.500544428825378418e-01,7.907457351684570312e-01,8.226982951164245605e-01,8.343076109886169434e-01,3.822552561759948730e-01,-8.681293129920959473e-01,6.186890602111816406e-01,6.716860532760620117e-01,9.290304780006408691e-01,-1.025064140558242798e-01,-8.405677080154418945e-01,-5.214306116104125977e-01,-1.490816920995712280e-01,7.577695250511169434e-01,8.289966583251953125e-01,-7.109348773956298828e-01,-9.134273529052734375e-01,7.457069754600524902e-01,-7.978998422622680664e-01,-7.189758419990539551e-01,3.516567945480346680e-01,-6.675817370414733887e-01,-8.019328713417053223e-01,-7.234794497489929199e-01,-6.962987780570983887e-01,-8.146690726280212402e-01,-8.897228240966796875e-01,-5.522142052650451660e-01,-8.290067911148071289e-01,6.203582286834716797e-01,1.277017444372177124e-01,-2.610182762145996094e-01,7.448039054870605469e-01,8.406334519386291504e-01,-9.350810050964355469e-01,5.036243796348571777e-02,7.615889906883239746e-01,-8.688005208969116211e-01,8.160646557807922363e-01,-7.071642875671386719e-01,7.830838561058044434e-01,8.771630525588989258e-01,7.931727766990661621e-01,-9.531492590904235840e-01,8.099842071533203125e-01,-8.111578822135925293e-01,-9.118688106536865234e-01,9.009706974029541016e-01,7.473301291465759277e-01,-5.965424776077270508e-01,9.104316830635070801e-01,9.724331498146057129e-01,8.638135194778442383e-01,-7.495939731597900391e-01,1.306265443563461304e-01,-5.725721120834350586e-01,9.086409211158752441e-01,5.797162652015686035e-01,-9.100205302238464355e-01,7.224726080894470215e-01,8.148027658462524414e-01,-9.285130500793457031e-01,8.542391061782836914e-01,9.647988080978393555e-01,8.801208734512329102e-01,6.765378713607788086e-01,-9.488453865051269531e-01,-9.123272895812988281e-01,9.282374382019042969e-01,-7.493701577186584473e-01,-8.121497631072998047e-01,-7.649659514427185059e-01,-7.839219570159912109e-01,-8.984172940254211426e-01,8.169572949409484863e-01,9.414247870445251465e-01,5.883549451828002930e-01,7.951572537422180176e-01,1.995080858469009399e-01,-3.441265821456909180e-01,2.145286500453948975e-01,-5.394013524055480957e-01,7.130208015441894531e-01,-7.909330725669860840e-01,-9.674967527389526367e-01,9.530122876167297363e-01,-7.282947897911071777e-01,-7.404171824455261230e-01,7.862229943275451660e-01,-5.866770744323730469e-01,-9.291245341300964355e-01,3.746527433395385742e-01,-8.029369711875915527e-01,-8.807783722877502441e-01,8.456823229789733887e-01,1.548111438751220703e-01
-8.878345489501953125e-01,7.253017425537109375e-01,9.986672997474670410e-01,3.553155958652496338e-01,9.764006733894348145e-01,-4.809621572494506836e-01,-9.886757731437683105e-01,9.622396230697631836e-01,-7.202461361885070801e-01,-5.647450089454650879e-01,1.441894005984067917e-02,-8.075653910636901855e-01,-9.418506622314453125e-01,-9.314726293087005615e-02,7.068611979484558105e-01,9.135432839393615723e-01,-9.037685394287109375e-01,-9.123106002807617188e-01,-5.152047276496887207e-01,-3.881364464759826660e-01,7.109360694885253906e-01,9.837844967842102051e-01,-7.713801264762878418e-01,-8.457208871841430664e-01,-8.449156284332275391e-01,-8.748109936714172363e-01,-9.895358085632324219e-01,-9.695311784744262695e-01,-8.470222949981689453e-01,-9.665104746818542480e-01,-8.529003858566284180e-01,7.422587275505065918e-01,-9.717527627944946289e-01,3.634858131408691406e-01,9.771363139152526855e-01,9.758721590042114258e-01,8.900895118713378906e-01,-9.476644396781921387e-01,9.574804306030273438e-01,9.628560543060302734e-01,8.962264060974121094e-01,-4.055988043546676636e-02,-3.840930163860321045e-01,-9.388430118560791016e-01,-7.295985817909240723e-01,9.916114807128906250e-01,9.752339720726013184e-01,-9.942276477813720703e-01,-8.834540247917175293e-01,9.758444428443908691e-01,-6.306903362274169922e-01,-9.854761958122253418e-01,8.748121261596679688e-01,-7.988822460174560547e-02,-9.777855277061462402e-01,-9.911944270133972168e-01,-9.594539403915405273e-01,-9.710690379142761230e-01,-9.176136851310729980e-01,-5.929619669914245605e-01,-9.724679589271545410e-01,9.794906377792358398e-01,4.243058562278747559e-01,-8.142401576042175293e-01,2.083340287208557129e-01,9.750466346740722656e-01,-8.915534615516662598e-01,6.587340831756591797e-01,9.871333241462707520e-01,-9.613319635391235352e-01,9.806797504425048828e-01,-5.442939400672912598e-01,9.757045507431030273e-01,9.414908289909362793e-01,9.796218872070312500e-01,-7.065320014953613281e-01,9.833367466926574707e-01,-9.781724214553833008e-01,-8.366159796714782715e-01,4.664537310600280762e-01,9.204292297363281250e-01,-9.768648743629455566e-01,9.327298998832702637e-01,7.147211432456970215e-01,3.563239574432373047e-01,-9.654875993728637695e-01,-4.175312519073486328e-01,-1.020414754748344421e-01,9.336969852447509766e-01,9.622293710708618164e-01,-9.299242496490478516e-01,9.788226485252380371e-01,9.276158809661865234e-01,-8.818097710609436035e-01,9.691253900527954102e-01,6.186296343803405762e-01,9.555162787437438965e-01,9.867796301841735840e-01,-8.831569552421569824e-01,-9.287195801734924316e-01,7.801124453544616699e-01,-9.901223182678222656e-01,-9.828564524650573730e-01,-9.879370927810668945e-01,-9.921855330467224121e-01,-9.384387135505676270e-01,9.788606166839599609e-01,8.783656954765319824e-01,9.600921869277954102e-01,9.862687587738037109e-01,6.734644770622253418e-01,-1.723293215036392212e-01,6.946580410003662109e-01,-9.508196711540222168e-01,9.951262474060058594e-01,-9.894488453865051270e-01,-7.985493540763854980e-01,7.796397805213928223e-01,-6.440604925155639648e-01,-9.644763469696044922e-01,9.871819019317626953e-01,-9.715588688850402832e-01,-9.122450351715087891e-01,8.757142424583435059e-01,-9.234948158264160156e-01,-9.539848566055297852e-01,9.688662290573120117e-01,7.218568325042724609e-01
2.175230067223310471e-03,-3.355221152305603027e-01,3.553155958652496338e-01,9.965427517890930176e-01,2.922824621200561523e-01,5.192161202430725098e-01,-2.957425415515899658e-01,1.359444409608840942e-01,-2.488553971052169800e-01,3.592952787876129150e-01,-8.039882779121398926e-01,2.317292541265487671e-01,-7.799162715673446655e-02,6.940159797668457031e-01,-3.578935563564300537e-01,-3.291517123579978943e-02,-3.363038003444671631e-01,3.084038197994232178e-02,-5.558670759201049805e-01,-8.972869515419006348e-01,-2.717459201812744141e-01,2.403766959905624390e-01,2.872888445854187012e-01,5.281614605337381363e-03,7.728629559278488159e-02,-6.872947216033935547e-01,-2.931771278381347656e-01,-2.437232136726379395e-01,1.321648657321929932e-01,-2.428944706916809082e-01,-4.336905181407928467e-01,-3.165507018566131592e-01,-1.572288274765014648e-01,-4.804312884807586670e-01,1.775525212287902832e-01,1.613981425762176514e-01,7.034610509872436523e-01,-8.640594035387039185e-02,5.057383179664611816e-01,4.290921986103057861e-01,-5.035282671451568604e-02,5.231071263551712036e-02,6.621344089508056641e-01,-5.740289092063903809e-01,-8.121574521064758301e-01,2.922090590000152588e-01,1.713186055421829224e-01,-3.749289512634277344e-01,4.609028249979019165e-02,2.906602919101715088e-01,1.654488444328308105e-01,-3.776137530803680420e-01,7.156096696853637695e-01,8.063807487487792969e-01,-2.383124679327011108e-01,-3.304537236690521240e-01,-3.757317960262298584e-01,-1.843802630901336670e-01,-4.305002465844154358e-02,-5.698966979980468750e-02,-1.706875115633010864e-01,4.782863855361938477e-01,3.087882995605468750e-01,-7.302676439285278320e-01,-7.935635447502136230e-01,1.674895137548446655e-01,6.091715022921562195e-02,7.929316759109497070e-01,2.810310721397399902e-01,-1.012387648224830627e-01,2.277521193027496338e-01,2.432379722595214844e-01,2.593449056148529053e-01,1.126729995012283325e-01,2.234579920768737793e-01,3.628850579261779785e-01,2.085659652948379517e-01,-2.080528289079666138e-01,1.666790992021560669e-01,-5.912051796913146973e-01,1.936841905117034912e-01,-4.950904250144958496e-01,3.349453955888748169e-02,-3.205957412719726562e-01,-6.872022747993469238e-01,-3.139239847660064697e-01,-7.251657247543334961e-01,6.004379391670227051e-01,3.765538707375526428e-02,5.310329794883728027e-01,-7.507469505071640015e-03,3.535445630550384521e-01,1.738084107637405396e-01,8.129044622182846069e-02,1.292924880981445312e-01,-4.813309311866760254e-01,9.212648868560791016e-02,4.137401580810546875e-01,9.466349333524703979e-02,-4.233503714203834534e-03,-2.531352341175079346e-01,-2.894787192344665527e-01,-2.076205909252166748e-01,-2.776626646518707275e-01,-2.732912600040435791e-01,-5.197501555085182190e-02,1.970595419406890869e-01,-1.171384230256080627e-01,4.750573933124542236e-01,2.551557123661041260e-01,5.768599510192871094e-01,1.809075772762298584e-01,7.497179508209228516e-01,-5.476408004760742188e-01,3.635312318801879883e-01,-2.445422559976577759e-01,2.544420063495635986e-01,-2.699770927429199219e-01,2.421528398990631104e-01,-3.106388449668884277e-01,2.586818933486938477e-01,-5.055643320083618164e-01,3.295991197228431702e-02,6.816977858543395996e-01,-2.222380042076110840e-01,-1.245404034852981567e-01,1.402133554220199585e-01,6.744233965873718262e-01
-9.107328653335571289e-01,7.748915553092956543e-01,9.764006733894348145e-01,2.922824621200561523e-01,9.971252679824829102e-01,-5.052294731140136719e-01,-9.791527390480041504e-01,9.454040527343750000e-01,-7.158043980598449707e-01,-5.319479703903198242e-01,4.002754017710685730e-02,-8.307914137840270996e-01,-9.508458971977233887e-01,-1.617905199527740479e-01,7.149649262428283691e-01,9.205219745635986328e-01,-8.515748381614685059e-01,-9.302551150321960449e-01,-5.299932956695556641e-01,-3.563854396343231201e-01,7.028760313987731934e-01,9.800996184349060059e-01,-8.038939833641052246e-01,-8.743721246719360352e-01,-8.096196055412292480e-01,-8.119735717773437500e-01,-9.692562818527221680e-01,-9.442822337150573730e-01,-8.556886315345764160e-01,-9.637610912322998047e-01,-7.636716365814208984e-01,7.702876925468444824e-01,-9.671812057495117188e-01,4.123343527317047119e-01,9.679800868034362793e-01,9.683068990707397461e-01,8.498855829238891602e-01,-9.329253435134887695e-01,9.583515524864196777e-01,9.736485481262207031e-01,9.259874820709228516e-01,3.892244398593902588e-02,-4.354482591152191162e-01,-9.177250862121582031e-01,-6.817464828491210938e-01,9.723603129386901855e-01,9.641448855400085449e-01,-9.769962430000305176e-01,-8.947669863700866699e-01,9.676989912986755371e-01,-6.347358822822570801e-01,-9.716252088546752930e-01,8.378300666809082031e-01,-1.596531271934509277e-01,-9.770792722702026367e-01,-9.686375260353088379e-01,-9.617738723754882812e-01,-9.613028168678283691e-01,-9.309990406036376953e-01,-5.527620315551757812e-01,-9.631803035736083984e-01,9.477212429046630859e-01,4.577720165252685547e-01,-7.347702980041503906e-01,2.425187677145004272e-01,9.680803418159484863e-01,-9.122487902641296387e-01,6.041958332061767578e-01,9.710485935211181641e-01,-9.572709202766418457e-01,9.757713675498962402e-01,-5.199298858642578125e-01,9.579079747200012207e-01,9.494035243988037109e-01,9.634065032005310059e-01,-7.397214174270629883e-01,9.702699780464172363e-01,-9.592815041542053223e-01,-8.468444347381591797e-01,5.039956569671630859e-01,8.794020414352416992e-01,-9.452424049377441406e-01,9.367528557777404785e-01,7.779201865196228027e-01,4.029362201690673828e-01,-9.554043412208557129e-01,-3.896223306655883789e-01,-1.333468705415725708e-01,9.455082416534423828e-01,9.417254328727722168e-01,-9.343503713607788086e-01,9.488452672958374023e-01,9.267668724060058594e-01,-9.037732481956481934e-01,9.610038995742797852e-01,6.532664895057678223e-01,9.574123620986938477e-01,9.650240540504455566e-01,-9.061076045036315918e-01,-9.295114278793334961e-01,7.800000905990600586e-01,-9.666231274604797363e-01,-9.739357233047485352e-01,-9.769187569618225098e-01,-9.771753549575805664e-01,-9.413829445838928223e-01,9.648180007934570312e-01,8.822377920150756836e-01,9.128686189651489258e-01,9.711622595787048340e-01,6.353963017463684082e-01,-1.830547153949737549e-01,6.805674433708190918e-01,-9.252061843872070312e-01,9.773678183555603027e-01,-9.758534431457519531e-01,-8.298832178115844727e-01,7.835960388183593750e-01,-6.314551830291748047e-01,-9.335424304008483887e-01,9.811226725578308105e-01,-9.372619986534118652e-01,-9.183311462402343750e-01,8.231697678565979004e-01,-9.546496272087097168e-01,-9.619854092597961426e-01,9.581159949302673340e-01,6.256423592567443848e-01
7.722260355949401855e-01,-8.715997338294982910e-01,-4.809621572494506836e-01,5.192161202430725098e-01,-5.052294731140136719e-01,9.901346564292907715e-01,5.194780230522155762e-01,-6.181544065475463867e-01,4.401935636997222900e-01,8.316886425018310547e-01,-7.844675183296203613e-01,8.497585654258728027e-01,7.117977142333984375e-01,6.381530165672302246e-01,-9.216852784156799316e-01,-7.631273269653320312e-01,3.754236996173858643e-01,7.416158318519592285e-01,-2.048710733652114868e-01,-3.623736202716827393e-01,-8.963025212287902832e-01,-5.593626499176025391e-01,8.406891822814941406e-01,6.052774190902709961e-01,7.923670411109924316e-01,9.523013234138488770e-02,5.171081423759460449e-01,6.075544357299804688e-01,7.046934962272644043e-01,5.925435423851013184e-01,3.713018298149108887e-01,-8.915646672248840332e-01,6.473492980003356934e-01,-8.404415845870971680e-01,-6.048765182495117188e-01,-6.077552437782287598e-01,-1.036059930920600891e-01,6.994400024414062500e-01,-3.190887868404388428e-01,-3.672380745410919189e-01,-7.459129691123962402e-01,3.109339177608489990e-01,7.975028157234191895e-01,2.090005576610565186e-01,-7.430583983659744263e-02,-5.165764689445495605e-01,-6.074837446212768555e-01,4.465451836585998535e-01,7.120276689529418945e-01,-5.089574456214904785e-01,8.509759902954101562e-01,4.828989505767822266e-01,-4.177971184253692627e-02,7.319608330726623535e-01,5.760155916213989258e-01,4.765051901340484619e-01,4.050915837287902832e-01,6.120617985725402832e-01,7.183303833007812500e-01,5.546811819076538086e-01,6.145305633544921875e-01,-3.666360676288604736e-01,1.891829371452331543e-01,5.827562138438224792e-02,-8.208664655685424805e-01,-6.298889517784118652e-01,7.303357124328613281e-01,2.523431777954101562e-01,-5.233094692230224609e-01,6.660172343254089355e-01,-6.026870608329772949e-01,7.420412898063659668e-01,-5.932972431182861328e-01,-7.050093412399291992e-01,-5.668032169342041016e-01,8.256434202194213867e-01,-5.846096873283386230e-01,6.145181655883789062e-01,7.445812821388244629e-01,-8.943247795104980469e-01,-6.195075511932373047e-01,3.360773921012878418e-01,-7.343916296958923340e-01,-8.450583815574645996e-01,-9.065847396850585938e-01,5.618996024131774902e-01,-4.574357271194458008e-01,7.979046106338500977e-01,-7.251899838447570801e-01,-2.918639779090881348e-01,7.312726974487304688e-01,-5.214148759841918945e-01,-6.602216362953186035e-01,7.554852962493896484e-01,-6.388344764709472656e-01,-9.387525916099548340e-01,-6.891219019889831543e-01,-4.362376034259796143e-01,7.644545435905456543e-01,7.343400716781616211e-01,-8.339809179306030273e-01,5.086734294891357422e-01,5.761470198631286621e-01,5.181534886360168457e-01,5.426301956176757812e-01,7.337989807128906250e-01,-5.923627614974975586e-01,-7.924168109893798828e-01,-3.664699196815490723e-01,-5.773403644561767578e-01,1.145917549729347229e-01,1.996030211448669434e-01,1.324828341603279114e-02,2.832637727260589600e-01,-4.534119069576263428e-01,5.563293695449829102e-01,8.124781250953674316e-01,-8.620010018348693848e-01,5.635508298873901367e-01,5.470343828201293945e-01,-5.415954589843750000e-01,3.134789466857910156e-01,7.662294507026672363e-01,-9.137826412916183472e-02,5.586150288581848145e-01,6.785841584205627441e-01,-6.377068758010864258e-01,5.844822898507118225e-02
9.057075381278991699e-01,-7.708610296249389648e-01,-9.886757731437683105e-01,-2.957425415515899658e-01,-9.791527390480041504e-01,5.194780230522155762e-01,9.988119006156921387e-01,-9.731253981590270996e-01,7.324303388595581055e-01,6.021810770034790039e-01,-8.273965120315551758e-02,8.453465700149536133e-01,9.498173594474792480e-01,1.333894580602645874e-01,-7.387959361076354980e-01,-9.251857399940490723e-01,9.071415662765502930e-01,9.325284361839294434e-01,4.981124401092529297e-01,3.180270195007324219e-01,-7.286183238029479980e-01,-9.840620160102844238e-01,8.173012137413024902e-01,8.813557624816894531e-01,8.535347580909729004e-01,8.302543163299560547e-01,9.731107950210571289e-01,9.545315504074096680e-01,8.748725056648254395e-01,9.538784027099609375e-01,8.365210890769958496e-01,-7.629821300506591797e-01,9.716127514839172363e-01,-4.281965792179107666e-01,-9.713250398635864258e-01,-9.777005910873413086e-01,-8.622281551361083984e-01,9.521225094795227051e-01,-9.475754499435424805e-01,-9.621029496192932129e-01,-9.149181246757507324e-01,3.456398099660873413e-02,4.611127972602844238e-01,9.300315380096435547e-01,6.665844321250915527e-01,-9.812508225440979004e-01,-9.705223441123962402e-01,9.850521683692932129e-01,9.202197790145874023e-01,-9.587271809577941895e-01,6.527994275093078613e-01,9.692701697349548340e-01,-8.430321216583251953e-01,1.479085087776184082e-01,9.868799448013305664e-01,9.742566347122192383e-01,9.494812488555908203e-01,9.575895071029663086e-01,9.139705300331115723e-01,6.044145822525024414e-01,9.680247902870178223e-01,-9.588304162025451660e-01,-4.059905409812927246e-01,7.566957473754882812e-01,-2.622663974761962891e-01,-9.734911918640136719e-01,9.226282835006713867e-01,-6.052389144897460938e-01,-9.744445085525512695e-01,9.662362933158874512e-01,-9.776510596275329590e-01,5.153413414955139160e-01,-9.644731283187866211e-01,-9.483082294464111328e-01,-9.698241949081420898e-01,7.470837235450744629e-01,-9.798756837844848633e-01,9.783110618591308594e-01,8.642965555191040039e-01,-5.298131704330444336e-01,-8.949943780899047852e-01,9.463392496109008789e-01,-9.495238661766052246e-01,-7.688612341880798340e-01,-4.247064590454101562e-01,9.449593424797058105e-01,4.175059199333190918e-01,1.058835387229919434e-01,-9.430493116378784180e-01,-9.498087167739868164e-01,9.390311241149902344e-01,-9.623222351074218750e-01,-9.126039147377014160e-01,8.993472456932067871e-01,-9.729831814765930176e-01,-6.591082215309143066e-01,-9.596355557441711426e-01,-9.622378945350646973e-01,9.048646092414855957e-01,9.379616379737854004e-01,-8.021432161331176758e-01,9.810715317726135254e-01,9.774390459060668945e-01,9.788562655448913574e-01,9.875431656837463379e-01,9.467567801475524902e-01,-9.806414842605590820e-01,-8.976639509201049805e-01,-9.262353777885437012e-01,-9.831604361534118652e-01,-6.767260432243347168e-01,2.359738349914550781e-01,-6.480496525764465332e-01,9.172801971435546875e-01,-9.831325411796569824e-01,9.852775931358337402e-01,8.413475751876831055e-01,-8.103603720664978027e-01,6.815145611763000488e-01,9.505330920219421387e-01,-9.817937016487121582e-01,9.570010900497436523e-01,9.259229898452758789e-01,-8.563659191131591797e-01,9.411772489547729492e-01,9.649434685707092285e-01,-9.660105109214782715e-01,-6.594641208648681641e-01
-9.152406454086303711e-01,8.353486061096191406e-01,9.622396230697631836e-01,1.359444409608840942e-01,9.454040527343750000e-01,-6.181544065475463867e-01,-9.731253981590270996e-01,9.992659091949462891e-01,-7.085588574409484863e-01,-7.113124132156372070e-01,2.311684191226959229e-01,-9.095116853713989258e-01,-9.592114686965942383e-01,-2.542442381381988525e-01,8.328536748886108398e-01,9.631013274192810059e-01,-9.078530669212341309e-01,-9.659351110458374023e-01,-3.984758555889129639e-01,-1.467851549386978149e-01,8.145772814750671387e-01,9.755448102951049805e-01,-8.861172199249267578e-01,-9.168771505355834961e-01,-9.210252165794372559e-01,-7.614916563034057617e-01,-9.600389003753662109e-01,-9.551343917846679688e-01,-9.377451539039611816e-01,-9.469289183616638184e-01,-8.220761418342590332e-01,8.465276360511779785e-01,-9.745131731033325195e-01,4.861487746238708496e-01,9.755336642265319824e-01,9.882389307022094727e-01,7.683567404747009277e-01,-9.774842858314514160e-01,8.751003146171569824e-01,8.961439728736877441e-01,9.442329406738281250e-01,-5.398112908005714417e-02,-5.884419679641723633e-01,-8.577420711517333984e-01,-5.458308458328247070e-01,9.671716094017028809e-01,9.775487780570983887e-01,-9.576884508132934570e-01,-9.593116641044616699e-01,9.476292729377746582e-01,-6.655674576759338379e-01,-9.302669763565063477e-01,7.514985203742980957e-01,-2.603689134120941162e-01,-9.722905158996582031e-01,-9.600747823715209961e-01,-9.167990684509277344e-01,-9.643500447273254395e-01,-9.351302385330200195e-01,-6.098675131797790527e-01,-9.818886518478393555e-01,9.183717370033264160e-01,3.826606869697570801e-01,-6.803422570228576660e-01,4.277289509773254395e-01,9.800180196762084961e-01,-9.603116512298583984e-01,5.167924761772155762e-01,9.578608870506286621e-01,-9.865742325782775879e-01,9.659174084663391113e-01,-6.269324421882629395e-01,9.597904682159423828e-01,9.479607343673706055e-01,9.663006663322448730e-01,-8.480250239372253418e-01,9.842342138290405273e-01,-9.824376702308654785e-01,-9.360471367835998535e-01,6.440681219100952148e-01,9.144105315208435059e-01,-9.018265008926391602e-01,9.703661799430847168e-01,8.175079226493835449e-01,5.438408851623535156e-01,-9.155166149139404297e-01,-3.189536929130554199e-01,-2.004313766956329346e-01,9.612757563591003418e-01,8.908033370971679688e-01,-9.729263186454772949e-01,9.387826323509216309e-01,9.108147025108337402e-01,-9.430453777313232422e-01,9.851577281951904297e-01,7.607458829879760742e-01,9.765121936798095703e-01,9.231442213058471680e-01,-9.508894681930541992e-01,-9.714195728302001953e-01,8.886721134185791016e-01,-9.757121801376342773e-01,-9.771580100059509277e-01,-9.707493185997009277e-01,-9.718564748764038086e-01,-9.632619619369506836e-01,9.903119206428527832e-01,9.585251808166503906e-01,8.983530402183532715e-01,9.774006009101867676e-01,6.058602333068847656e-01,-2.942190170288085938e-01,5.363557934761047363e-01,-8.557579517364501953e-01,9.554600715637207031e-01,-9.776030778884887695e-01,-9.093272686004638672e-01,8.979662656784057617e-01,-7.952161431312561035e-01,-9.465152621269226074e-01,9.719107747077941895e-01,-9.101098775863647461e-01,-9.613718986511230469e-01,7.763702869415283203e-01,-9.041256904602050781e-01,-9.675103425979614258e-01,9.784556627273559570e-01,6.305353641510009766e-01
7.654824256896972656e-01,-6.024602651596069336e-01,-7.202461361885070801e-01,-2.488553971052169800e-01,-7.158043980598449707e-01,4.401935636997222900e-01,7.324303388595581055e-01,-7.085588574409484863e-01,9.866287112236022949e-01,5.008251070976257324e-01,-2.144048213958740234e-01,6.595351099967956543e-01,7.565382122993469238e-01,2.189602255821228027e-01,-5.881070494651794434e-01,-7.030466198921203613e-01,5.866439938545227051e-01,7.186087369918823242e-01,4.519769549369812012e-01,3.356813788414001465e-01,-6.549394130706787109e-01,-7.506482005119323730e-01,5.911775827407836914e-01,6.855170130729675293e-01,6.496973633766174316e-01,5.877225995063781738e-01,7.084027528762817383e-01,7.566560506820678711e-01,5.242547988891601562e-01,7.131468653678894043e-01,6.142278313636779785e-01,-6.004912853240966797e-01,7.429339885711669922e-01,-5.499404668807983398e-01,-6.891706585884094238e-01,-7.069755196571350098e-01,-6.722913980484008789e-01,7.194240689277648926e-01,-7.243477106094360352e-01,-6.876562237739562988e-01,-6.537522673606872559e-01,3.461764454841613770e-01,2.649364471435546875e-01,6.694890260696411133e-01,4.835725724697113037e-01,-7.091905474662780762e-01,-7.113624215126037598e-01,7.364535331726074219e-01,7.307769060134887695e-01,-6.592943072319030762e-01,5.849192738533020020e-01,7.637347579002380371e-01,-6.089404821395874023e-01,1.244639977812767029e-01,7.164367437362670898e-01,7.026797533035278320e-01,7.193692922592163086e-01,6.985812783241271973e-01,6.938140392303466797e-01,5.623885989189147949e-01,7.060928940773010254e-01,-6.944321990013122559e-01,2.757667750120162964e-02,5.258092880249023438e-01,-1.973102688789367676e-01,-7.264528274536132812e-01,7.233043909072875977e-01,-3.004412949085235596e-01,-7.051038742065429688e-01,7.178070545196533203e-01,-7.460399866104125977e-01,5.099244713783264160e-01,-7.531579136848449707e-01,-7.630749940872192383e-01,-7.084658741950988770e-01,5.461627244949340820e-01,-7.128578424453735352e-01,7.162995338439941406e-01,5.545324683189392090e-01,-4.715473651885986328e-01,-7.250128984451293945e-01,6.721202731132507324e-01,-7.533741593360900879e-01,-5.756893754005432129e-01,-3.939248621463775635e-01,7.571183443069458008e-01,1.810071468353271484e-01,2.628572583198547363e-01,-7.355355024337768555e-01,-7.478365302085876465e-01,7.097803950309753418e-01,-7.477059960365295410e-01,-7.572150230407714844e-01,6.927016377449035645e-01,-7.076290845870971680e-01,-5.203552246093750000e-01,-7.143761515617370605e-01,-7.207732200622558594e-01,6.953760385513305664e-01,7.090821862220764160e-01,-5.356355905532836914e-01,7.090907096862792969e-01,7.070665955543518066e-01,6.974521875381469727e-01,7.335418462753295898e-01,7.110340595245361328e-01,-7.269558906555175781e-01,-6.700611710548400879e-01,-7.107733488082885742e-01,-7.562593221664428711e-01,-2.588397562503814697e-01,4.377700984477996826e-01,-6.172409057617187500e-01,6.013488769531250000e-01,-7.117494344711303711e-01,7.020902037620544434e-01,5.978474020957946777e-01,-6.273540258407592773e-01,3.206854462623596191e-01,7.594493627548217773e-01,-7.366006970405578613e-01,6.842654347419738770e-01,7.106861472129821777e-01,-6.478030681610107422e-01,7.797158956527709961e-01,7.681264281272888184e-01,-7.211450338363647461e-01,-3.784225881099700928e-01
7.320798635482788086e-01,-7.784285545349121094e-01,-5.647450089454650879e-01,3.592952787876129150e-01,-5.319479703903198242e-01,8.316886425018310547e-01,6.021810770034790039e-01,-7.113124132156372070e-01,5.008251070976257324e-01,9.887474179267883301e-01,-6.731091737747192383e-01,8.375819921493530273e-01,7.063542604446411133e-01,5.735694169998168945e-01,-8.887577056884765625e-01,-7.656795978546142578e-01,5.349920392036437988e-01,7.389808297157287598e-01,-2.374775893986225128e-02,-3.334603607654571533e-01,-8.827713727951049805e-01,-6.238456368446350098e-01,8.143553733825683594e-01,6.466740369796752930e-01,8.486935496330261230e-01,2.675834000110626221e-01,5.711808800697326660e-01,6.650183796882629395e-01,7.493188381195068359e-01,6.037861704826354980e-01,5.937665700912475586e-01,-8.217883110046386719e-01,6.756306290626525879e-01,-7.053527235984802246e-01,-6.506283879280090332e-01,-6.698504686355590820e-01,-2.635309994220733643e-01,7.574014067649841309e-01,-3.799729645252227783e-01,-3.994853794574737549e-01,-7.246569991111755371e-01,4.484171569347381592e-01,7.315278053283691406e-01,3.634787201881408691e-01,2.988263964653015137e-02,-5.885593295097351074e-01,-6.479791402816772461e-01,5.435025095939636230e-01,7.654799818992614746e-01,-5.545847415924072266e-01,7.581089138984680176e-01,5.337703227996826172e-01,-1.776390820741653442e-01,5.648874044418334961e-01,6.302363872528076172e-01,5.592517256736755371e-01,4.415769577026367188e-01,6.396715641021728516e-01,6.847065091133117676e-01,6.965126395225524902e-01,6.580615043640136719e-01,-4.775691926479339600e-01,1.278859078884124756e-01,2.392543107271194458e-01,-7.556287050247192383e-01,-6.700652241706848145e-01,7.571555376052856445e-01,8.164700120687484741e-02,-5.689052343368530273e-01,7.066419720649719238e-01,-6.407003402709960938e-01,6.340999603271484375e-01,-6.392275691032409668e-01,-6.944351792335510254e-01,-6.135964989662170410e-01,7.855607867240905762e-01,-6.496849656105041504e-01,6.950284242630004883e-01,7.961404323577880859e-01,-8.200008869171142578e-01,-7.007308602333068848e-01,4.301149845123291016e-01,-7.509987950325012207e-01,-7.409566044807434082e-01,-7.935822606086730957e-01,5.724685788154602051e-01,-2.138092517852783203e-01,5.831145644187927246e-01,-7.192242741584777832e-01,-4.075944423675537109e-01,7.399830818176269531e-01,-5.898942947387695312e-01,-6.474831104278564453e-01,7.694896459579467773e-01,-6.811978816986083984e-01,-8.492196202278137207e-01,-7.004556655883789062e-01,-5.035736560821533203e-01,7.552837729454040527e-01,7.451721429824829102e-01,-8.394932150840759277e-01,6.069340705871582031e-01,6.235725283622741699e-01,5.907745957374572754e-01,6.016254425048828125e-01,7.355701327323913574e-01,-6.739839315414428711e-01,-8.050555586814880371e-01,-5.027385354042053223e-01,-6.485391259193420410e-01,-1.473039537668228149e-01,1.912547051906585693e-01,3.358619287610054016e-02,3.563152551651000977e-01,-5.371001958847045898e-01,6.164303421974182129e-01,8.041598796844482422e-01,-8.819460868835449219e-01,7.064415216445922852e-01,6.224248409271240234e-01,-6.015279293060302734e-01,4.578062891960144043e-01,7.628215551376342773e-01,-3.155860900878906250e-01,5.291981697082519531e-01,6.862819194793701172e-01,-6.726416349411010742e-01,-1.633764505386352539e-01
-3.848163187503814697e-01,6.212610602378845215e-01,1.441894005984067917e-02,-8.039882779121398926e-01,4.002754017710685730e-02,-7.844675183296203613e-01,-8.273965120315551758e-02,2.311684191226959229e-01,-2.144048213958740234e-01,-6.731091737747192383e-01,9.967930912971496582e-01,-5.633906722068786621e-01,-3.001640737056732178e-01,-6.695613265037536621e-01,6.806243658065795898e-01,3.820605576038360596e-01,-3.254401683807373047e-02,-3.800248801708221436e-01,5.100592374801635742e-01,7.013545036315917969e-01,6.626274585723876953e-01,1.176467090845108032e-01,-5.740533471107482910e-01,-3.150886297225952148e-01,-4.570774734020233154e-01,3.820116519927978516e-01,-5.271223187446594238e-02,-1.584543883800506592e-01,-3.635036051273345947e-01,-1.203604042530059814e-01,3.011870756745338440e-02,5.967901945114135742e-01,-2.126816362142562866e-01,8.105755448341369629e-01,1.521452069282531738e-01,1.799077540636062622e-01,-3.590940833091735840e-01,-2.888932228088378906e-01,-1.569246053695678711e-01,-1.061119884252548218e-01,3.475433886051177979e-01,-3.449220955371856689e-01,-7.881247401237487793e-01,2.437132298946380615e-01,5.738265514373779297e-01,5.470020323991775513e-02,1.729451268911361694e-01,1.170902792364358902e-02,-4.176223278045654297e-01,1.315391249954700470e-02,-5.457153320312500000e-01,-9.622023440897464752e-03,-3.947363197803497314e-01,-7.846339344978332520e-01,-1.283403187990188599e-01,-8.998926728963851929e-03,4.231007769703865051e-02,-1.511093378067016602e-01,-2.936063706874847412e-01,-3.084377646446228027e-01,-1.780023872852325439e-01,-1.177835091948509216e-01,-4.752853512763977051e-01,4.204075932502746582e-01,8.838370442390441895e-01,2.005408853292465210e-01,-4.034501314163208008e-01,-6.463019847869873047e-01,6.023050472140312195e-02,-2.538739740848541260e-01,1.453113406896591187e-01,-5.398025512695312500e-01,1.449172496795654297e-01,2.824882268905639648e-01,1.225775256752967834e-01,-6.183138489723205566e-01,1.419098377227783203e-01,-1.706345528364181519e-01,-4.208897054195404053e-01,8.517686724662780762e-01,1.806070059537887573e-01,1.581737697124481201e-01,3.539320230484008789e-01,5.886808037757873535e-01,8.928893804550170898e-01,-6.925548613071441650e-02,6.351552605628967285e-01,-7.570129036903381348e-01,3.228280246257781982e-01,-1.655581593513488770e-01,-3.432374596595764160e-01,6.584434956312179565e-02,2.031356245279312134e-01,-4.027830958366394043e-01,2.183015942573547363e-01,7.389437556266784668e-01,2.671075761318206787e-01,-6.009728834033012390e-02,-4.160519242286682129e-01,-3.516594469547271729e-01,5.110114216804504395e-01,-5.710219964385032654e-02,-1.304108798503875732e-01,-5.477418377995491028e-02,-9.850623458623886108e-02,-3.104064166545867920e-01,1.659101098775863647e-01,4.485952556133270264e-01,-1.131436750292778015e-01,1.420306712388992310e-01,-4.545662999153137207e-01,-4.524188637733459473e-01,-4.023801684379577637e-01,2.395708411931991577e-01,-2.071345783770084381e-02,-1.056481748819351196e-01,-5.307037830352783203e-01,5.961208343505859375e-01,-3.867686092853546143e-01,-1.063306555151939392e-01,9.085908532142639160e-02,1.504703909158706665e-01,-3.902583420276641846e-01,-3.268499076366424561e-01,-1.554372757673263550e-01,-2.701000571250915527e-01,2.132158726453781128e-01,-4.515285491943359375e-01
9.465715885162353516e-01,-9.720676541328430176e-01,-8.075653910636901855e-01,2.317292541265487671e-01,-8.307914137840270996e-01,8.497585654258728027e-01,8.453465700149536133e-01,-9.095116853713989258e-01,6.595351099967956543e-01,8.375819921493530273e-01,-5.633906722068786621e-01,9.993566274642944336e-01,9.377906322479248047e-01,5.212783813476562500e-01,-9.662882685661315918e-01,-9.674455523490905762e-01,7.119178175926208496e-01,9.696960449218750000e-01,1.802275329828262329e-01,-1.429148167371749878e-01,-9.343327879905700684e-01,-8.673418760299682617e-01,9.843852519989013672e-01,9.022023081779479980e-01,9.198463559150695801e-01,4.568124413490295410e-01,8.239667415618896484e-01,8.535312414169311523e-01,9.314088821411132812e-01,8.515746593475341797e-01,6.187914013862609863e-01,-9.706317186355590820e-01,9.077770709991455078e-01,-7.537695169448852539e-01,-8.831647038459777832e-01,-8.993352651596069336e-01,-4.887549281120300293e-01,9.266429543495178223e-01,-6.808871626853942871e-01,-7.261364459991455078e-01,-9.595665931701660156e-01,1.402759999036788940e-01,8.136334419250488281e-01,6.126933097839355469e-01,2.282877862453460693e-01,-8.293624520301818848e-01,-8.881428837776184082e-01,7.934039235115051270e-01,9.611956477165222168e-01,-8.069075942039489746e-01,8.037527799606323242e-01,7.881063222885131836e-01,-4.554773569107055664e-01,5.923532843589782715e-01,8.750618696212768555e-01,8.037474751472473145e-01,7.500359416007995605e-01,8.748476505279541016e-01,9.172268509864807129e-01,6.269334554672241211e-01,8.900086283683776855e-01,-7.069962620735168457e-01,-1.701269447803497314e-01,3.691575527191162109e-01,-7.076119184494018555e-01,-9.035115242004394531e-01,9.694038033485412598e-01,-1.428592354059219360e-01,-8.307731151580810547e-01,9.276288151741027832e-01,-8.741376399993896484e-01,7.158984541893005371e-01,-8.575108647346496582e-01,-9.230007529258728027e-01,-8.596956133842468262e-01,9.532487392425537109e-01,-8.777007460594177246e-01,8.833422064781188965e-01,9.580328464508056641e-01,-8.824338316917419434e-01,-8.250153064727783203e-01,6.860451102256774902e-01,-9.590155482292175293e-01,-9.625175595283508301e-01,-8.244863748550415039e-01,8.075250983238220215e-01,-2.302647568285465240e-02,5.114753842353820801e-01,-9.475826621055603027e-01,-6.727777123451232910e-01,9.555994868278503418e-01,-8.018637895584106445e-01,-8.576998114585876465e-01,9.679703116416931152e-01,-9.123569726943969727e-01,-9.486694335937500000e-01,-9.296867847442626953e-01,-7.531741261482238770e-01,9.733223319053649902e-01,9.556576013565063477e-01,-9.422413110733032227e-01,8.296239376068115234e-01,8.725544810295104980e-01,8.356242179870605469e-01,8.505342602729797363e-01,9.419623017311096191e-01,-8.860716819763183594e-01,-9.783256053924560547e-01,-6.865000724792480469e-01,-8.690252900123596191e-01,-3.067385852336883545e-01,3.474437892436981201e-01,-2.831240296363830566e-01,6.252284049987792969e-01,-7.919479608535766602e-01,8.622727394104003906e-01,9.857922196388244629e-01,-9.802994132041931152e-01,7.824500203132629395e-01,8.113586902618408203e-01,-8.548284769058227539e-01,6.875818371772766113e-01,9.668391942977905273e-01,-4.917631149291992188e-01,8.481680750846862793e-01,9.239457249641418457e-01,-9.048780202865600586e-01,-2.794646024703979492e-01
