4.551468193531036377e-01,-1.393556781113147736e-02,1.704017966985702515e-01,-2.516586482524871826e-01,2.732620239257812500e-01,-3.726854920387268066e-01,1.077508628368377686e-01,3.692440092563629150e-01,2.747800573706626892e-02,-4.260272905230522156e-02,-2.440320402383804321e-01,-1.145011186599731445e-01,-1.971373111009597778e-01,-9.110195934772491455e-02,-1.000737324357032776e-01,1.383107155561447144e-01,7.833926007151603699e-03,-1.849998682737350464e-01,1.576741933822631836e-01,-5.458703637123107910e-02,-1.525391787290573120e-01,-2.705764174461364746e-01,-2.041587829589843750e-01,1.236597746610641479e-01,1.228377409279346466e-02,9.239108860492706299e-02,8.636170625686645508e-02,-3.198508322238922119e-01,-3.363924846053123474e-02,-6.701951473951339722e-02,-1.770020425319671631e-01,2.264261431992053986e-02,-1.714081168174743652e-01,8.363625966012477875e-03,-1.336829271167516708e-02,2.506496384739875793e-02,1.824448816478252411e-02,-3.507879003882408142e-02,-1.775597333908081055e-01,-2.386905699968338013e-01,4.014364629983901978e-02,1.001304462552070618e-01,-2.088338583707809448e-01,-2.531643398106098175e-02,-3.529976820573210716e-03,2.990230321884155273e-01,6.813964992761611938e-02,1.691509410738945007e-02,1.795183867216110229e-01,-1.367549598217010498e-01,-2.171796113252639771e-01,-2.057002186775207520e-01,1.650793254375457764e-01,1.346653793007135391e-02,4.631544649600982666e-02,-2.454008348286151886e-02,1.290852427482604980e-01,-4.186387232039123774e-04,2.184853553771972656e-01,2.507559955120086670e-01,-1.321488469839096069e-01,2.039160728454589844e-01,-6.991647183895111084e-03,1.841046512126922607e-01,7.869518548250198364e-02,1.042269729077816010e-02,-3.763000369071960449e-01,3.057408519089221954e-02,4.301311075687408447e-02,2.398635149002075195e-01,-1.488852798938751221e-01,2.482981830835342407e-01,-2.073793485760688782e-02,-1.236109882593154907e-01,-1.380438953638076782e-01,-5.379358306527137756e-02,1.237002084963023663e-03,-1.054626479744911194e-01,9.035229682922363281e-02,-1.059962809085845947e-02,1.737330853939056396e-02,-5.101011265651322901e-05,-8.073411136865615845e-02,-6.283791735768318176e-04,-2.438281625509262085e-01,2.105419933795928955e-01,2.486240863800048828e-01,1.839251257479190826e-03,-1.811461895704269409e-01,8.165183663368225098e-02,-1.469273120164871216e-01,3.298056125640869141e-01,1.856156289577484131e-01,-1.798111945390701294e-01,-3.547814267221838236e-04,-3.312244713306427002e-01,-9.582950174808502197e-02,-8.163299753505270928e-06,-8.513668924570083618e-02,5.972579121589660645e-02,-3.452011048793792725e-01,2.789368629455566406e-01,2.556101605296134949e-02,-5.724603310227394104e-02,-1.564643681049346924e-01,1.055684760212898254e-01,2.228506952524185181e-01,2.356338351964950562e-01,-3.878890573978424072e-01,9.987967088818550110e-03,-7.012996822595596313e-02,2.519989907741546631e-01,1.153546720743179321e-01,5.745211616158485413e-02,-4.343334212899208069e-02,3.168517723679542542e-02,2.921160161495208740e-01,-1.906476169824600220e-01,-4.784554615616798401e-02,-1.417538225650787354e-01,-2.217850238084793091e-01,-4.106609150767326355e-02,1.767715439200401306e-02,3.405975103378295898e-01,-1.000989228487014771e-01,1.852206289768218994e-01,4.973727464675903320e-02,4.159367457032203674e-02
-1.393556781113147736e-02,1.328931748867034912e-02,-1.010254919528961182e-01,8.489579707384109497e-02,5.065719410777091980e-02,-3.802230581641197205e-03,-2.783070318400859833e-02,3.945442661643028259e-02,8.018123358488082886e-02,7.182502001523971558e-02,-1.328908745199441910e-02,-4.204373434185981750e-02,8.581722527742385864e-02,7.844028621912002563e-02,9.840507805347442627e-02,1.015671193599700928e-01,-1.573304645717144012e-03,7.608189433813095093e-02,-9.640238434076309204e-02,-5.765423551201820374e-02,-6.086002290248870850e-02,8.199162036180496216e-02,6.997412443161010742e-02,-2.859374321997165680e-02,1.736018806695938110e-02,9.103140234947204590e-02,-9.332672506570816040e-02,-2.754433825612068176e-02,8.400616049766540527e-02,6.128161679953336716e-03,-1.928931451402604580e-04,-1.145939156413078308e-01,7.285647094249725342e-02,7.316029816865921021e-02,-1.978872809559106827e-03,-1.039532497525215149e-01,7.590092718601226807e-02,9.998289495706558228e-02,-7.369471341371536255e-02,-6.596266478300094604e-02,1.019225195050239563e-01,1.520644593983888626e-02,9.249219298362731934e-02,3.574249148368835449e-02,-2.670981362462043762e-02,-8.289054036140441895e-02,-1.000316366553306580e-01,-3.833352401852607727e-02,1.345301512628793716e-03,2.003728784620761871e-02,-1.631392166018486023e-03,2.471946179866790771e-02,6.561369448900222778e-02,-1.363958697766065598e-02,-4.356137476861476898e-03,-1.060300245881080627e-01,4.461393505334854126e-02,4.209595266729593277e-03,-9.236640483140945435e-02,-8.220006525516510010e-02,-4.311728756874799728e-03,-1.907899044454097748e-02,3.123536007478833199e-03,2.179682627320289612e-02,2.167711034417152405e-02,-3.852565959095954895e-02,4.887345433235168457e-02,1.019949764013290405e-01,-1.016375869512557983e-01,3.184704482555389404e-02,-8.433071523904800415e-02,-1.102636568248271942e-02,-3.733089566230773926e-02,9.819333255290985107e-02,-3.841526433825492859e-02,-9.923790395259857178e-02,-3.426297917030751705e-04,1.050245240330696106e-01,-4.288367554545402527e-02,-9.122356027364730835e-02,1.000492423772811890e-01,8.235291170421987772e-05,-8.806327730417251587e-02,2.367251727264374495e-04,-8.820543438196182251e-02,-9.934475272893905640e-02,2.422546409070491791e-02,1.068748533725738525e-03,8.996229618787765503e-02,7.041526585817337036e-02,-3.174491599202156067e-02,-4.047912359237670898e-02,-9.444718807935714722e-02,4.474243149161338806e-02,-9.188017994165420532e-02,1.055325102061033249e-02,6.783228367567062378e-02,-3.196985289832809940e-07,-7.948803901672363281e-02,8.238917589187622070e-02,-1.391464378684759140e-02,5.470223724842071533e-02,-1.042768880724906921e-01,-9.446164965629577637e-02,1.155436187982559204e-01,8.830446749925613403e-03,-9.924989193677902222e-02,-9.845559298992156982e-02,-1.794529519975185394e-02,-2.563250018283724785e-03,8.194196969270706177e-02,-8.844259381294250488e-02,-1.023297682404518127e-01,-6.594283971935510635e-03,1.039962321519851685e-01,-9.890557825565338135e-02,3.280096873641014099e-02,6.219617277383804321e-02,-1.030919477343559265e-01,6.992347538471221924e-02,8.834484964609146118e-02,9.181506186723709106e-02,8.554716408252716064e-02,-7.895316928625106812e-02,-3.897251188755035400e-02,-7.033707201480865479e-02,-3.583026817068457603e-03,7.691647112369537354e-02
1.704017966985702515e-01,-1.010254919528961182e-01,7.756571769714355469e-01,-6.793142557144165039e-01,-3.948087692260742188e-01,-3.886478394269943237e-02,2.065903842449188232e-01,-3.132018446922302246e-01,-5.582606196403503418e-01,-5.769713521003723145e-01,8.282113075256347656e-02,3.479312062263488770e-01,-6.539872884750366211e-01,-6.235710382461547852e-01,-7.490727305412292480e-01,-7.087709903717041016e-01,1.319354306906461716e-02,-5.976648330688476562e-01,7.321037054061889648e-01,4.753424823284149170e-01,3.921805024147033691e-01,-6.680456399917602539e-01,-6.043714880943298340e-01,2.526319026947021484e-01,-1.382784098386764526e-01,-6.457148194313049316e-01,7.106429338455200195e-01,1.984516978263854980e-01,-6.784712672233581543e-01,-3.688833862543106079e-02,-1.538212317973375320e-02,7.846791148185729980e-01,-5.367564558982849121e-01,-6.114413738250732422e-01,2.059039473533630371e-02,7.470828294754028320e-01,-6.104593276977539062e-01,-7.519949674606323242e-01,5.463440418243408203e-01,4.918801486492156982e-01,-7.131690382957458496e-01,-9.888093173503875732e-02,-7.231958508491516113e-01,-3.040055632591247559e-01,1.522731333971023560e-01,6.744770407676696777e-01,7.611069679260253906e-01,3.105297684669494629e-01,3.004814125597476959e-02,-1.063487902283668518e-01,1.041478128172457218e-03,-1.329102665185928345e-01,-4.699747264385223389e-01,1.005460917949676514e-01,7.160457968711853027e-02,7.758880257606506348e-01,-3.725965023040771484e-01,-3.597464784979820251e-02,6.994748711585998535e-01,6.343860030174255371e-01,3.673453582450747490e-03,1.912885159254074097e-01,-2.397528477013111115e-02,-1.245375797152519226e-01,-1.326846629381179810e-01,3.105167746543884277e-01,-3.936173021793365479e-01,-7.418484687805175781e-01,7.478370666503906250e-01,-2.549841105937957764e-01,6.441477537155151367e-01,1.738025546073913574e-01,2.718045711517333984e-01,-7.501297593116760254e-01,2.405496388673782349e-01,7.267224788665771484e-01,2.872514305636286736e-03,-7.947284579277038574e-01,3.335011899471282959e-01,6.902267932891845703e-01,-7.375296354293823242e-01,-6.997017771936953068e-04,6.770825982093811035e-01,-4.010273260064423084e-04,6.233831048011779785e-01,7.634949684143066406e-01,-2.131031900644302368e-01,-9.173409081995487213e-03,-6.734824180603027344e-01,-5.764198899269104004e-01,2.390189617872238159e-01,2.821639776229858398e-01,7.015428543090820312e-01,-3.499989807605743408e-01,6.906370520591735840e-01,-9.342096000909805298e-02,-5.665972828865051270e-01,1.659494500927394256e-06,6.117485761642456055e-01,-6.176359653472900391e-01,1.526883095502853394e-01,-4.020872116088867188e-01,7.532171010971069336e-01,7.092663049697875977e-01,-8.209385871887207031e-01,-9.108850359916687012e-02,6.885907649993896484e-01,7.415512204170227051e-01,1.118682324886322021e-01,1.709638349711894989e-02,-5.874183177947998047e-01,6.907137036323547363e-01,7.628738880157470703e-01,1.814223267138004303e-02,-7.861698865890502930e-01,7.283456325531005859e-01,-2.475107163190841675e-01,-5.511103272438049316e-01,7.599042654037475586e-01,-5.544309616088867188e-01,-7.002420425415039062e-01,-6.700687408447265625e-01,-6.406643986701965332e-01,6.098273396492004395e-01,3.535436391830444336e-01,5.619119405746459961e-01,2.628465183079242706e-02,-6.207090020179748535e-01
-2.516586482524871826e-01,8.489579707384109497e-02,-6.793142557144165039e-01,7.326593995094299316e-01,1.856404840946197510e-01,1.549191921949386597e-01,-1.790848672389984131e-01,8.437452465295791626e-02,5.134839415550231934e-01,4.756307005882263184e-01,-1.781041920185089111e-01,-2.335839867591857910e-01,4.606122374534606934e-01,5.809117555618286133e-01,6.593412160873413086e-01,4.661552608013153076e-01,-9.099362418055534363e-03,5.054938793182373047e-01,-6.988777518272399902e-01,-4.204795658588409424e-01,-4.300213754177093506e-01,6.454102396965026855e-01,5.396230220794677734e-01,-1.756964325904846191e-01,1.215135753154754639e-01,4.016960859298706055e-01,-5.593937635421752930e-01,8.869470655918121338e-02,4.549287855625152588e-01,1.698745340108871460e-01,-1.662570051848888397e-02,-6.924982070922851562e-01,6.378924846649169922e-01,5.376312136650085449e-01,1.966773066669702530e-03,-5.315791964530944824e-01,4.395374357700347900e-01,6.297253966331481934e-01,-2.438208460807800293e-01,-4.481364488601684570e-01,6.477522253990173340e-01,1.588513851165771484e-01,5.988137722015380859e-01,2.330898791551589966e-01,-2.759248912334442139e-01,-5.350418686866760254e-01,-6.976658105850219727e-01,-2.656953334808349609e-01,4.391135275363922119e-02,1.569559574127197266e-01,4.728009179234504700e-02,3.253951072692871094e-01,4.838178753852844238e-01,-1.232332065701484680e-01,8.121746778488159180e-02,-5.935432910919189453e-01,3.636991679668426514e-01,2.760513313114643097e-02,-6.463295817375183105e-01,-7.089223265647888184e-01,-5.071027576923370361e-02,-1.015406847000122070e-01,2.738927118480205536e-02,4.972380772233009338e-02,1.809416264295578003e-01,-2.612678706645965576e-01,3.054084181785583496e-01,5.332766771316528320e-01,-6.180209517478942871e-01,-1.068627461791038513e-02,-4.605049490928649902e-01,2.855934575200080872e-02,-3.406896293163299561e-01,6.663970947265625000e-01,-2.778598964214324951e-01,-5.769023299217224121e-01,-1.396324019879102707e-03,6.434449553489685059e-01,-4.716450273990631104e-01,-5.658859610557556152e-01,6.726667881011962891e-01,5.851259338669478893e-04,-5.036553144454956055e-01,5.219215527176856995e-03,-4.559032618999481201e-01,-6.689516901969909668e-01,-4.238063842058181763e-02,3.838190110400319099e-03,5.518718957901000977e-01,4.509143829345703125e-01,-2.588228285312652588e-01,-4.464683532714843750e-01,-7.018164396286010742e-01,4.313117265701293945e-01,-6.333673000335693359e-01,2.143057286739349365e-01,4.232460260391235352e-01,-3.485181650830782019e-06,-4.010981321334838867e-01,4.507674276828765869e-01,8.852643892168998718e-03,1.332028061151504517e-01,-6.902468204498291016e-01,-5.329566001892089844e-01,7.537497878074645996e-01,2.874459326267242432e-01,-7.697315216064453125e-01,-6.121442317962646484e-01,9.723734855651855469e-02,-2.557297609746456146e-02,5.955559015274047852e-01,-7.186565995216369629e-01,-7.127113938331604004e-01,1.434299349784851074e-01,6.458396911621093750e-01,-6.279984712600708008e-01,-3.434287011623382568e-02,4.656610190868377686e-01,-6.160953640937805176e-01,6.054219007492065430e-01,5.805186629295349121e-01,6.727039217948913574e-01,5.873392820358276367e-01,-5.923798084259033203e-01,-3.146788775920867920e-01,-5.898796916007995605e-01,-3.069082647562026978e-02,4.853616356849670410e-01
2.732620239257812500e-01,5.065719410777091980e-02,-3.948087692260742188e-01,1.856404840946197510e-01,5.731477737426757812e-01,-3.142660856246948242e-01,-4.727547988295555115e-02,6.302466988563537598e-01,3.168855905532836914e-01,3.213256597518920898e-01,-1.584564298391342163e-01,-3.497880697250366211e-01,3.750582039356231689e-01,2.819814980030059814e-01,4.163917005062103271e-01,7.091438174247741699e-01,-3.841944504529237747e-03,2.869843840599060059e-01,-3.345093727111816406e-01,-2.999825477600097656e-01,-2.480375468730926514e-01,1.940873563289642334e-01,2.160574197769165039e-01,-9.804341942071914673e-02,8.944212645292282104e-02,6.095024943351745605e-01,-4.295943975448608398e-01,-5.446596145629882812e-01,5.609974265098571777e-01,-1.112566664814949036e-01,-1.034555807709693909e-01,-5.022227168083190918e-01,9.510728716850280762e-02,3.927216529846191406e-01,-3.774353489279747009e-02,-5.732442736625671387e-01,4.570134878158569336e-01,5.014533400535583496e-01,-7.067584395408630371e-01,-4.699223637580871582e-01,4.844505488872528076e-01,7.370851188898086548e-02,3.528968393802642822e-01,1.925550699234008789e-01,3.140717744827270508e-02,-2.676513493061065674e-01,-4.511246383190155029e-01,-1.967036277055740356e-01,3.493630886077880859e-02,-7.962218672037124634e-02,-1.907492578029632568e-01,-2.414706945419311523e-01,3.501439094543457031e-01,-2.771230600774288177e-02,-1.269230097532272339e-01,-6.222249269485473633e-01,3.045862019062042236e-01,2.548963762819766998e-02,-2.680831551551818848e-01,-1.350735574960708618e-01,-4.929046332836151123e-02,-5.176397040486335754e-02,3.976542968302965164e-03,2.222046703100204468e-01,8.505541831254959106e-02,-1.883160173892974854e-01,8.246461860835552216e-03,6.111854910850524902e-01,-4.778409600257873535e-01,4.959144890308380127e-01,-6.218216419219970703e-01,-7.865071296691894531e-02,-8.317778259515762329e-02,4.056444168090820312e-01,-1.863154172897338867e-01,-5.680838227272033691e-01,-1.611899700947105885e-03,5.134726762771606445e-01,-2.396239340305328369e-02,-4.818100929260253906e-01,4.968485534191131592e-01,4.121465899515897036e-04,-5.642228722572326660e-01,-3.589751431718468666e-03,-6.705726981163024902e-01,-3.618028163909912109e-01,4.640147686004638672e-01,1.023595966398715973e-02,3.018477261066436768e-01,4.576463401317596436e-01,-2.260136008262634277e-01,2.167044281959533691e-01,-2.582408785820007324e-01,-2.479565888643264771e-02,-4.352608025074005127e-01,-2.781082391738891602e-01,3.590222895145416260e-01,-4.474883098737336695e-06,-5.452265143394470215e-01,5.200826525688171387e-01,-4.506046473979949951e-01,6.113309860229492188e-01,-4.738807678222656250e-01,-5.858441591262817383e-01,4.280400574207305908e-01,7.172488607466220856e-03,-1.804180741310119629e-01,-3.781493902206420898e-01,-4.863123595714569092e-01,7.455701008439064026e-03,2.331708520650863647e-01,-1.815392076969146729e-01,-4.096229374408721924e-01,-9.167961776256561279e-02,5.597042441368103027e-01,-4.530157744884490967e-01,5.384680628776550293e-01,2.359239310026168823e-01,-5.958845019340515137e-01,1.498289257287979126e-01,3.381905257701873779e-01,3.345175385475158691e-01,3.821113109588623047e-01,-1.018604785203933716e-01,-2.749232947826385498e-01,-1.249276772141456604e-01,2.334385737776756287e-02,4.576264321804046631e-01
-3.726854920387268066e-01,-3.802230581641197205e-03,-3.886478394269943237e-02,1.549191921949386597e-01,-3.142660856246948242e-01,3.661271929740905762e-01,-4.219673201441764832e-02,-3.932026922702789307e-01,-1.287922710180282593e-01,-4.580383002758026123e-02,1.733107864856719971e-01,1.675115227699279785e-01,3.478273376822471619e-02,-1.694213948212563992e-03,-1.977202855050563812e-02,-2.843647599220275879e-01,-4.661437589675188065e-03,6.215378269553184509e-02,-4.052596166729927063e-02,9.053011238574981689e-02,1.721575409173965454e-01,1.406769305467605591e-01,1.067062020301818848e-01,-4.951746761798858643e-02,-3.015719912946224213e-02,-2.425933927297592163e-01,4.487219080328941345e-02,3.613268136978149414e-01,-9.657710045576095581e-02,5.844830349087715149e-02,1.496598124504089355e-01,1.164579242467880249e-01,1.159117817878723145e-01,-6.914602220058441162e-02,1.868574880063533783e-02,1.414721757173538208e-01,-1.267310082912445068e-01,-9.254680573940277100e-02,3.038169741630554199e-01,2.451873123645782471e-01,-1.530476361513137817e-01,-7.110894471406936646e-02,7.005731761455535889e-02,-2.057867683470249176e-02,-6.260090507566928864e-03,-1.426131725311279297e-01,4.172779247164726257e-02,2.756054885685443878e-02,-1.428089439868927002e-01,1.148587390780448914e-01,2.027692496776580811e-01,1.775104999542236328e-01,-1.862950623035430908e-01,2.517657820135354996e-03,-2.256528532598167658e-04,1.569655537605285645e-01,-1.517869085073471069e-01,-5.489584989845752716e-03,-9.457207471132278442e-02,-1.532838344573974609e-01,1.047496870160102844e-01,-1.296521127223968506e-01,4.520392976701259613e-03,-1.859999746084213257e-01,-7.995991408824920654e-02,3.866824880242347717e-02,2.422527223825454712e-01,-1.705105900764465332e-01,9.577722847461700439e-02,-2.884456813335418701e-01,2.407028824090957642e-01,-1.597599685192108154e-01,4.008586704730987549e-02,-1.647262275218963623e-02,1.346634775400161743e-01,1.634704470634460449e-01,-2.899203682318329811e-04,-3.990556299686431885e-02,-7.192595303058624268e-02,1.326955407857894897e-01,-1.182073876261711121e-01,-6.214518361957743764e-05,1.776275634765625000e-01,6.736793438903987408e-04,3.273114562034606934e-01,-5.927303060889244080e-02,-2.677440941333770752e-01,-3.960013855248689651e-03,2.762907557189464569e-02,-1.625096648931503296e-01,1.311854273080825806e-01,-2.789134681224822998e-01,-6.558284908533096313e-02,1.240942552685737610e-01,9.893588721752166748e-02,2.836658954620361328e-01,1.331735309213399887e-02,5.600541953754145652e-06,1.959632784128189087e-01,-1.736037880182266235e-01,3.269042670726776123e-01,-3.555809557437896729e-01,1.015705093741416931e-01,1.812984049320220947e-01,6.976463366299867630e-03,-6.281370297074317932e-03,-1.219676434993743896e-01,-6.218473240733146667e-02,3.945148885250091553e-01,-7.259274367243051529e-03,-2.535635232925415039e-02,-1.551542878150939941e-01,1.493733283132314682e-02,5.823208950459957123e-03,-8.014282584190368652e-02,8.559393882751464844e-02,-3.473651409149169922e-01,8.951704204082489014e-02,1.603771448135375977e-01,7.179486006498336792e-02,8.248658478260040283e-02,-4.479841515421867371e-02,-9.335020929574966431e-02,-2.085037678480148315e-01,1.195836290717124939e-01,-1.004114300012588501e-01,-4.476156830787658691e-02,-1.230414137244224548e-01
1.077508628368377686e-01,-2.783070318400859833e-02,2.065903842449188232e-01,-1.790848672389984131e-01,-4.727547988295555115e-02,-4.219673201441764832e-02,9.847682714462280273e-02,-2.222531475126743317e-03,-1.507840901613235474e-01,-1.238854303956031799e-01,-5.418418347835540771e-02,5.207049846649169922e-02,-2.174769192934036255e-01,-1.508255898952484131e-01,-1.883196085691452026e-01,-1.718703359365463257e-01,4.919825121760368347e-03,-1.992684900760650635e-01,1.863995194435119629e-01,6.286206841468811035e-02,5.973698571324348450e-02,-1.918556988239288330e-01,-1.528504043817520142e-01,7.762199640274047852e-02,-2.527054399251937866e-02,-1.679830551147460938e-01,1.780686378479003906e-01,1.752502098679542542e-02,-1.562358736991882324e-01,-1.940611749887466431e-02,-3.947271406650543213e-02,1.996295899152755737e-01,-1.454139947891235352e-01,-1.020151302218437195e-01,2.037419704720377922e-03,2.057447135448455811e-01,-1.378632634878158569e-01,-1.796379834413528442e-01,1.216019168496131897e-01,4.515203461050987244e-02,-1.726607680320739746e-01,8.757739327847957611e-03,-2.161195278167724609e-01,-6.731602549552917480e-02,2.580542489886283875e-02,2.134713232517242432e-01,1.779100149869918823e-01,8.101018518209457397e-02,5.930294096469879150e-02,-7.608000189065933228e-02,-3.966442123055458069e-02,-8.358258008956909180e-02,-6.135434657335281372e-02,2.763051539659500122e-02,3.184882923960685730e-02,1.792689561843872070e-01,-3.930292651057243347e-02,-7.649414241313934326e-03,2.080849558115005493e-01,1.853274255990982056e-01,-3.639567270874977112e-02,1.023907735943794250e-01,-5.938512273132801056e-03,-4.265383351594209671e-03,-1.787922158837318420e-02,6.964983046054840088e-02,-1.861279904842376709e-01,-1.835385710000991821e-01,1.904405057430267334e-01,-2.663057297468185425e-02,1.162275075912475586e-01,8.123769611120223999e-02,4.501532018184661865e-02,-1.962918341159820557e-01,3.884617239236831665e-02,1.639665514230728149e-01,1.101678237318992615e-03,-2.027361840009689331e-01,7.618367671966552734e-02,1.549785733222961426e-01,-1.580952405929565430e-01,-1.435216545360162854e-04,1.359979212284088135e-01,-6.416243268176913261e-04,1.105600148439407349e-01,2.201879769563674927e-01,2.087339991703629494e-03,-1.959578366950154305e-03,-2.046699374914169312e-01,-1.011801064014434814e-01,1.271174196153879166e-02,1.268879324197769165e-01,1.968202143907546997e-01,-9.608018398284912109e-02,1.555754542350769043e-01,-8.472001552581787109e-02,-1.529853492975234985e-01,-2.541603407735237852e-06,1.324851959943771362e-01,-1.496329158544540405e-01,-6.113283336162567139e-02,-5.182071030139923096e-02,1.829371899366378784e-01,1.579467207193374634e-01,-2.210353463888168335e-01,4.876707494258880615e-02,2.002742737531661987e-01,2.455057203769683838e-01,-2.347164973616600037e-02,5.232747178524732590e-03,-1.541035622358322144e-01,1.749073266983032227e-01,2.054866105318069458e-01,8.512055128812789917e-02,-1.923940777778625488e-01,1.764187216758728027e-01,-2.416074462234973907e-02,-1.492615938186645508e-01,1.694271862506866455e-01,-1.387711316347122192e-01,-2.082671225070953369e-01,-1.555069386959075928e-01,-1.382069438695907593e-01,2.174648642539978027e-01,1.647195219993591309e-02,1.456947922706604004e-01,1.914923079311847687e-02,-1.187200024724006653e-01
3.692440092563629150e-01,3.945442661643028259e-02,-3.132018446922302246e-01,8.437452465295791626e-02,6.302466988563537598e-01,-3.932026922702789307e-01,-2.222531475126743317e-03,7.382442951202392578e-01,2.610370516777038574e-01,2.873197197914123535e-01,-1.635383963584899902e-01,-3.999391496181488037e-01,3.039769530296325684e-01,2.415728569030761719e-01,3.604323565959930420e-01,6.957987546920776367e-01,-1.157994032837450504e-03,1.854343414306640625e-01,-2.397876381874084473e-01,-3.072894513607025146e-01,-2.059964537620544434e-01,1.143902465701103210e-01,1.510623246431350708e-01,-9.247878193855285645e-02,8.864657580852508545e-02,6.021213531494140625e-01,-3.956381976604461670e-01,-6.372741460800170898e-01,5.670082569122314453e-01,-1.486295759677886963e-01,-1.453579366207122803e-01,-4.349909126758575439e-01,-4.290272668004035950e-02,4.004202485084533691e-01,-4.920396208763122559e-02,-5.394088625907897949e-01,4.582660496234893799e-01,4.536156356334686279e-01,-7.425919771194458008e-01,-4.851823449134826660e-01,4.168566167354583740e-01,6.206862255930900574e-02,2.639037072658538818e-01,1.872659027576446533e-01,1.182697266340255737e-01,-2.055101543664932251e-01,-3.859522044658660889e-01,-1.695909500122070312e-01,6.259491294622421265e-02,-2.077062129974365234e-01,-2.622042894363403320e-01,-3.857963979244232178e-01,3.261978328227996826e-01,-1.868553273379802704e-02,-1.617652773857116699e-01,-5.912102460861206055e-01,3.323149085044860840e-01,2.627975866198539734e-02,-1.465749293565750122e-01,-9.577931836247444153e-03,-6.303042173385620117e-02,-6.361143663525581360e-03,-1.081412890926003456e-03,2.288801521062850952e-01,6.044727936387062073e-02,-1.758877933025360107e-01,-1.048294678330421448e-01,5.784655809402465820e-01,-4.343195557594299316e-01,5.883772969245910645e-01,-6.363573074340820312e-01,-1.138328388333320618e-01,-5.156705901026725769e-02,3.508578538894653320e-01,-1.285099387168884277e-01,-5.230599641799926758e-01,-1.486769295297563076e-03,4.676900506019592285e-01,6.367250531911849976e-02,-4.564320445060729980e-01,4.442354738712310791e-01,4.193966742604970932e-04,-5.656441450119018555e-01,-5.387713667005300522e-03,-6.651828289031982422e-01,-2.835178673267364502e-01,5.717343091964721680e-01,1.173778157681226730e-02,2.284123301506042480e-01,4.839144349098205566e-01,-2.162310630083084106e-01,3.925324082374572754e-01,-1.492945104837417603e-01,-1.043300032615661621e-01,-3.780261278152465820e-01,-3.868108987808227539e-01,3.023582398891448975e-01,-5.620589035970624536e-06,-5.672863125801086426e-01,4.897833466529846191e-01,-5.960505604743957520e-01,6.955043673515319824e-01,-4.124224483966827393e-01,-5.738779306411743164e-01,3.254390060901641846e-01,-1.822714880108833313e-02,-3.037751279771327972e-02,-2.861499488353729248e-01,-6.025417447090148926e-01,1.453009247779846191e-02,1.682413965463638306e-01,-8.293949812650680542e-02,-3.285703957080841064e-01,-5.653598532080650330e-02,5.041704177856445312e-01,-3.949078917503356934e-01,6.414940953254699707e-01,1.930956840515136719e-01,-5.580394268035888672e-01,5.318772792816162109e-02,2.506633400917053223e-01,2.570354342460632324e-01,3.282062709331512451e-01,4.176498204469680786e-02,-3.349170982837677002e-01,-3.706815093755722046e-02,5.164488777518272400e-02,4.575911164283752441e-01
2.747800573706626892e-02,8.018123358488082886e-02,-5.582606196403503418e-01,5.134839415550231934e-01,3.168855905532836914e-01,-1.287922710180282593e-01,-1.507840901613235474e-01,2.610370516777038574e-01,6.183090209960937500e-01,4.638317823410034180e-01,-2.426687777042388916e-01,-3.122017383575439453e-01,3.668517172336578369e-01,5.407237410545349121e-01,6.068078875541687012e-01,6.002320051193237305e-01,-4.227028228342533112e-03,3.317465186119079590e-01,-5.801649093627929688e-01,-4.541934430599212646e-01,-5.807967782020568848e-01,4.766870141029357910e-01,3.747640848159790039e-01,-1.243485584855079651e-01,1.317919194698333740e-01,5.333642959594726562e-01,-5.645965337753295898e-01,-1.212472692131996155e-01,4.099247753620147705e-01,1.209425330162048340e-01,-1.219073981046676636e-01,-7.625129222869873047e-01,4.869669675827026367e-01,5.125237107276916504e-01,-7.190241478383541107e-03,-5.888999104499816895e-01,4.574809372425079346e-01,6.076356172561645508e-01,-3.548092544078826904e-01,-5.435209870338439941e-01,6.929647326469421387e-01,1.963528990745544434e-01,4.513365328311920166e-01,2.011143267154693604e-01,-2.807256579399108887e-01,-3.853305876255035400e-01,-6.178017258644104004e-01,-2.117472141981124878e-01,1.951774805784225464e-01,4.047598317265510559e-02,-1.076054871082305908e-01,2.338132709264755249e-01,5.703753232955932617e-01,-1.215842217206954956e-01,1.111403405666351318e-01,-6.194222569465637207e-01,4.017820060253143311e-01,2.543757855892181396e-02,-5.009484887123107910e-01,-5.116624832153320312e-01,-1.428307592868804932e-01,7.377783209085464478e-02,2.238560095429420471e-02,1.967817395925521851e-01,2.295514047145843506e-01,-2.522861063480377197e-01,1.047772392630577087e-01,5.756276249885559082e-01,-6.374348402023315430e-01,1.554819345474243164e-01,-5.249134898185729980e-01,1.578554213047027588e-01,-3.785764575004577637e-01,6.065796017646789551e-01,-3.354745209217071533e-01,-5.974801778793334961e-01,-1.021614181809127331e-03,5.899023413658142090e-01,-3.444758355617523193e-01,-6.036162972450256348e-01,6.669387221336364746e-01,5.522586870938539505e-04,-5.485371947288513184e-01,5.260736215859651566e-03,-5.856475830078125000e-01,-5.549641251564025879e-01,1.089892163872718811e-01,5.168653558939695358e-03,5.311385989189147949e-01,4.911232292652130127e-01,-2.839495837688446045e-01,-2.405073940753936768e-01,-5.899832844734191895e-01,3.470819294452667236e-01,-6.076497435569763184e-01,3.033529780805110931e-02,2.778464555740356445e-01,-7.062133136059856042e-06,-4.879038631916046143e-01,4.696870446205139160e-01,-1.743594408035278320e-01,3.580875694751739502e-01,-6.914402246475219727e-01,-5.765416622161865234e-01,6.895642876625061035e-01,1.945248395204544067e-01,-6.444808244705200195e-01,-4.779139459133148193e-01,-1.586902141571044922e-01,-2.463445439934730530e-02,6.355835199356079102e-01,-5.517361760139465332e-01,-6.329678297042846680e-01,1.539879441261291504e-01,5.733003020286560059e-01,-6.311192512512207031e-01,1.858072280883789062e-01,2.951335608959197998e-01,-6.257250308990478516e-01,4.893922507762908936e-01,4.110045135021209717e-01,6.476390957832336426e-01,5.995066761970520020e-01,-3.838794231414794922e-01,-3.785613477230072021e-01,-4.853945374488830566e-01,1.467303372919559479e-02,4.873604178428649902e-01
-4.260272905230522156e-02,7.182502001523971558e-02,-5.769713521003723145e-01,4.756307005882263184e-01,3.213256597518920898e-01,-4.580383002758026123e-02,-1.238854303956031799e-01,2.873197197914123535e-01,4.638317823410034180e-01,4.490605294704437256e-01,-1.077501475811004639e-01,-2.827930152416229248e-01,4.656586647033691406e-01,4.686372578144073486e-01,5.825880765914916992e-01,6.271362900733947754e-01,-8.054336532950401306e-03,3.645002543926239014e-01,-5.632666349411010742e-01,-3.967847526073455811e-01,-3.886698782444000244e-01,4.608624279499053955e-01,4.069167375564575195e-01,-1.774851977825164795e-01,1.108525320887565613e-01,5.568326115608215332e-01,-5.769123435020446777e-01,-1.873623579740524292e-01,5.253964066505432129e-01,1.164099574089050293e-02,-2.445703372359275818e-02,-7.012487649917602539e-01,3.887964487075805664e-01,4.868032634258270264e-01,-1.586472988128662109e-02,-6.287258267402648926e-01,4.603289961814880371e-01,6.007835268974304199e-01,-4.652112424373626709e-01,-4.328190982341766357e-01,5.960098505020141602e-01,1.010527089238166809e-01,5.014317035675048828e-01,2.137350738048553467e-01,-1.499847322702407837e-01,-4.761393368244171143e-01,-5.913101434707641602e-01,-1.964652240276336670e-01,7.046911120414733887e-02,3.175476193428039551e-02,-5.080508068203926086e-02,8.585921674966812134e-02,4.218723475933074951e-01,-7.813344150781631470e-02,-2.206439152359962463e-02,-6.568480134010314941e-01,2.991326749324798584e-01,2.544065564870834351e-02,-5.024672150611877441e-01,-4.393697977066040039e-01,-5.653375759720802307e-02,-4.861778020858764648e-02,1.734588108956813812e-02,1.571852713823318481e-01,1.253875046968460083e-01,-2.301117926836013794e-01,2.164941281080245972e-01,6.116334795951843262e-01,-6.101712584495544434e-01,2.255378216505050659e-01,-5.372219681739807129e-01,-7.035172730684280396e-02,-2.404158562421798706e-01,5.802549719810485840e-01,-2.140940725803375244e-01,-5.955631136894226074e-01,-1.760365325026214123e-03,6.348446607589721680e-01,-2.266451567411422729e-01,-5.660058259963989258e-01,6.184887290000915527e-01,5.162992747500538826e-04,-5.496655106544494629e-01,6.395480595529079437e-04,-5.474559068679809570e-01,-5.626317262649536133e-01,1.949779093265533447e-01,6.745297927409410477e-03,5.291425585746765137e-01,4.519401490688323975e-01,-1.961253732442855835e-01,-1.707644164562225342e-01,-5.302724838256835938e-01,2.631677687168121338e-01,-5.449184775352478027e-01,1.841513998806476593e-02,3.558256924152374268e-01,-3.871986791637027636e-06,-4.935931563377380371e-01,4.733655452728271484e-01,-1.875562220811843872e-01,3.900564908981323242e-01,-6.217575669288635254e-01,-5.851223468780517578e-01,6.885559558868408203e-01,5.759758874773979187e-02,-5.578816533088684082e-01,-5.314102768898010254e-01,-1.379663944244384766e-01,-1.523745898157358170e-02,4.932598471641540527e-01,-5.268847942352294922e-01,-5.837505459785461426e-01,5.605240538716316223e-02,6.076737642288208008e-01,-5.920549631118774414e-01,2.331679761409759521e-01,3.494009375572204590e-01,-6.254321336746215820e-01,3.942960202693939209e-01,4.825931787490844727e-01,5.400443077087402344e-01,5.103071331977844238e-01,-3.959625065326690674e-01,-3.138554692268371582e-01,-4.064533114433288574e-01,-1.667325035668909550e-03,4.827648997306823730e-01
-2.440320402383804321e-01,-1.328908745199441910e-02,8.282113075256347656e-02,-1.781041920185089111e-01,-1.584564298391342163e-01,1.733107864856719971e-01,-5.418418347835540771e-02,-1.635383963584899902e-01,-2.426687777042388916e-01,-1.077501475811004639e-01,4.395625591278076172e-01,1.189041584730148315e-01,1.686869859695434570e-01,-1.540626287460327148e-01,-1.493738889694213867e-01,-1.084023043513298035e-01,-7.325112819671630859e-03,4.286884516477584839e-02,1.764869391918182373e-01,2.273006588220596313e-01,4.322372674942016602e-01,-3.545638546347618103e-02,-8.316242136061191559e-03,-1.108781024813652039e-01,-5.864228680729866028e-02,-3.447786346077919006e-02,5.470725521445274353e-02,-3.136249259114265442e-02,3.998805955052375793e-02,-1.401138901710510254e-01,2.173657864332199097e-01,2.528189122676849365e-01,-2.654632031917572021e-01,-2.128117382526397705e-01,-1.055590994656085968e-02,1.374210417270660400e-02,-6.960178911685943604e-02,-1.639211773872375488e-01,-4.563851654529571533e-02,4.256371855735778809e-01,-3.109424710273742676e-01,-2.456350773572921753e-01,3.731236606836318970e-02,-2.185406722128391266e-02,2.827808260917663574e-01,-1.739917397499084473e-01,2.279380857944488525e-01,6.376810371875762939e-02,-2.907598614692687988e-01,6.617428734898567200e-03,1.488516330718994141e-01,-1.489607691764831543e-01,-4.372407793998718262e-01,6.869968026876449585e-02,-2.425109446048736572e-01,1.389968246221542358e-01,-2.987971901893615723e-01,-4.947701934725046158e-03,5.901324376463890076e-02,1.859922707080841064e-01,2.155169844627380371e-01,-2.620080709457397461e-01,-1.055367942899465561e-02,-1.474050879478454590e-01,-2.161323130130767822e-01,7.271390408277511597e-02,3.131625652313232422e-01,-8.563845604658126831e-02,1.357204467058181763e-01,2.617837488651275635e-02,1.948838979005813599e-01,-4.805566668510437012e-01,2.648993730545043945e-01,-1.275203078985214233e-01,3.171975314617156982e-01,1.976570487022399902e-01,-2.081831917166709900e-03,-6.708459556102752686e-02,2.777121663093566895e-01,1.795914173126220703e-01,-3.060361444950103760e-01,-1.337939320364966989e-04,1.593375056982040405e-01,-6.525670178234577179e-03,3.013362288475036621e-01,3.264570236206054688e-02,1.961724646389484406e-02,1.596754183992743492e-03,1.918823830783367157e-02,-1.856507062911987305e-01,3.030567765235900879e-01,7.176801562309265137e-02,1.774609237909317017e-01,-1.268644779920578003e-01,2.639540731906890869e-01,1.058090254664421082e-01,3.069084696471691132e-02,1.206759861815953627e-05,7.590645551681518555e-02,-1.142335757613182068e-01,1.802906394004821777e-01,-6.811894476413726807e-02,2.704848051071166992e-01,1.468981653451919556e-01,-1.786280721426010132e-01,-4.559822976589202881e-01,2.874526381492614746e-01,-7.220886647701263428e-02,1.245724260807037354e-01,1.267415843904018402e-02,-2.490851879119873047e-01,1.626638174057006836e-01,1.986101120710372925e-01,-3.122960329055786133e-01,-1.395882815122604370e-01,1.959703266620635986e-01,2.055085636675357819e-02,4.492434859275817871e-02,2.134689837694168091e-01,-2.171418070793151855e-01,5.395295843482017517e-02,-3.128698170185089111e-01,-2.689696252346038818e-01,-5.610279366374015808e-02,2.363660633563995361e-01,1.489896178245544434e-01,-3.148745372891426086e-02,-1.555346399545669556e-01
-1.145011186599731445e-01,-4.204373434185981750e-02,3.479312062263488770e-01,-2.335839867591857910e-01,-3.497880697250366211e-01,1.675115227699279785e-01,5.207049846649169922e-02,-3.999391496181488037e-01,-3.122017383575439453e-01,-2.827930152416229248e-01,1.189041584730148315e-01,2.807228267192840576e-01,-2.668403685092926025e-01,-3.120217919349670410e-01,-3.916559219360351562e-01,-5.457817912101745605e-01,1.867846585810184479e-03,-1.746665239334106445e-01,3.138110935688018799e-01,2.961405813694000244e-01,2.760879099369049072e-01,-2.414718419313430786e-01,-2.111919373273849487e-01,9.817998856306076050e-02,-8.269842714071273804e-02,-4.556845724582672119e-01,4.000380933284759521e-01,2.931838333606719971e-01,-4.274133145809173584e-01,1.583727449178695679e-02,9.607365727424621582e-02,4.967031776905059814e-01,-1.350290775299072266e-01,-3.799751996994018555e-01,2.484384365379810333e-02,4.725814163684844971e-01,-3.489911854267120361e-01,-4.242876470088958740e-01,4.753943681716918945e-01,3.920674622058868408e-01,-4.194972813129425049e-01,-7.948026806116104126e-02,-2.788795530796051025e-01,-1.508063822984695435e-01,2.068704366683959961e-02,2.656452357769012451e-01,3.995077908039093018e-01,1.294082552194595337e-01,-8.488501608371734619e-02,1.161506623029708862e-01,1.438523530960083008e-01,9.465612471103668213e-02,-3.225413262844085693e-01,4.928376898169517517e-02,4.202545061707496643e-02,5.119513273239135742e-01,-2.773311138153076172e-01,-2.035538665950298309e-02,2.325447052717208862e-01,1.861966699361801147e-01,6.477414071559906006e-02,-2.242628112435340881e-02,-7.077345158904790878e-03,-1.315516978502273560e-01,-8.371710032224655151e-02,1.594367921352386475e-01,-1.897837384603917599e-03,-4.702709317207336426e-01,4.305041134357452393e-01,-2.880080342292785645e-01,4.656768739223480225e-01,5.095994099974632263e-02,1.522257626056671143e-01,-3.879635632038116455e-01,1.196397393941879272e-01,4.344232082366943359e-01,1.070522353984415531e-03,-4.518159925937652588e-01,7.833930104970932007e-02,4.247518479824066162e-01,-4.426742494106292725e-01,-3.953780687879770994e-04,4.505617916584014893e-01,8.641238091513514519e-04,4.866640865802764893e-01,3.437385559082031250e-01,-2.680539488792419434e-01,-6.750899832695722580e-03,-2.990837395191192627e-01,-3.785440027713775635e-01,1.600184142589569092e-01,-9.021355956792831421e-02,2.737432420253753662e-01,-9.334776550531387329e-02,3.676837086677551270e-01,1.282791942358016968e-01,-2.037764787673950195e-01,4.261507001501740888e-06,4.242984056472778320e-01,-3.518676161766052246e-01,3.226440846920013428e-01,-4.333800673484802246e-01,4.407875537872314453e-01,4.661592543125152588e-01,-4.092799127101898193e-01,-4.639325663447380066e-02,2.412299811840057373e-01,3.038145303726196289e-01,2.752935290336608887e-01,3.017841838300228119e-03,-3.105697929859161377e-01,2.567622661590576172e-01,3.763185143470764160e-01,-6.301477551460266113e-02,-4.393972158432006836e-01,3.986921608448028564e-01,-3.349429666996002197e-01,-1.960798949003219604e-01,4.763964712619781494e-01,-1.906985938549041748e-01,-2.567319571971893311e-01,-3.389390707015991211e-01,-3.475315868854522705e-01,1.193411722779273987e-01,3.034127056598663330e-01,1.970656961202621460e-01,-3.368014097213745117e-02,-3.611262738704681396e-01
