3.313273191452026367e-01,2.623658860102295876e-03,5.182106513530015945e-03,-4.809097200632095337e-02,2.411885261535644531e-01,-1.737863421440124512e-01,5.650650337338447571e-02,3.227888345718383789e-01,6.202049553394317627e-02,2.239816263318061829e-02,-1.397457420825958252e-01,-7.758972048759460449e-02,-9.301275759935379028e-02,2.231474407017230988e-02,3.448822721838951111e-02,1.303538680076599121e-01,3.425554838031530380e-03,4.614537954330444336e-02,4.568039625883102417e-02,-3.630069084465503693e-03,-4.913599416613578796e-02,-4.879324883222579956e-02,-8.658476173877716064e-02,9.237722307443618774e-02,9.926998056471347809e-03,6.301535665988922119e-02,8.234179764986038208e-02,-2.537146508693695068e-01,-1.658681593835353851e-02,-9.328410774469375610e-02,-1.394503712654113770e-01,2.090867375954985619e-03,-1.030045468360185623e-02,-1.856512762606143951e-02,-1.200665254145860672e-02,-1.168060209602117538e-02,1.654654555022716522e-02,2.964095585048198700e-02,-2.163094282150268555e-01,-2.671329379081726074e-01,2.124389708042144775e-01,1.025926172733306885e-01,-6.175784394145011902e-02,9.450158104300498962e-03,-4.831559211015701294e-02,1.582728475332260132e-01,-4.841532185673713684e-02,-1.051108166575431824e-01,3.481174260377883911e-02,5.696958303451538086e-02,-1.253012865781784058e-01,-9.453882277011871338e-02,2.157345116138458252e-01,-7.655108720064163208e-02,-2.998671866953372955e-02,-8.877193182706832886e-02,1.066084802150726318e-01,3.130341880023479462e-03,3.958347067236900330e-02,-1.365276705473661423e-02,-6.582748889923095703e-02,-4.946263134479522705e-02,2.014423487707972527e-03,1.743484735488891602e-01,1.000394299626350403e-01,-3.302508848719298840e-04,-1.597792804241180420e-01,1.411044448614120483e-01,-3.920752182602882385e-02,2.349247485399246216e-01,-1.639450639486312866e-01,1.979177892208099365e-01,4.221419617533683777e-02,2.704427763819694519e-02,-1.892143785953521729e-01,-1.690229326486587524e-01,8.492535562254488468e-04,7.023062556982040405e-03,-1.267721951007843018e-01,-5.838944017887115479e-02,7.288841903209686279e-02,8.861286914907395840e-05,-8.270979672670364380e-02,-5.126268370077013969e-04,-3.005505502223968506e-01,7.472947239875793457e-02,1.511202007532119751e-01,1.339041278697550297e-03,-1.166179105639457703e-01,6.852202862501144409e-02,-1.497392952442169189e-01,9.056894481182098389e-02,4.453168436884880066e-02,-5.979762971401214600e-02,-8.661401271820068359e-02,-2.569400370121002197e-01,1.301710456609725952e-01,-3.457596903899684548e-05,-1.002600267529487610e-01,2.268487513065338135e-01,-1.286612451076507568e-01,1.979215592145919800e-01,-3.131451085209846497e-02,-5.276951193809509277e-02,-3.573927655816078186e-02,2.164927572011947632e-01,4.336853325366973877e-02,4.667802527546882629e-02,-2.758746147155761719e-01,6.745158694684505463e-03,-2.658127807080745697e-02,9.746218472719192505e-02,-2.153225615620613098e-02,-5.820770189166069031e-02,1.005927175283432007e-01,-2.963894046843051910e-02,2.278599590063095093e-01,-6.808713823556900024e-02,-1.779242455959320068e-01,-1.287688966840505600e-02,-8.748432993888854980e-02,1.255453824996948242e-01,9.922967106103897095e-02,1.065574884414672852e-01,1.459847670048475266e-02,3.611223399639129639e-02,3.438755404204130173e-03,6.235576793551445007e-02
2.623658860102295876e-03,1.482345256954431534e-02,-1.080835461616516113e-01,7.235442101955413818e-02,5.652529746294021606e-02,3.337873844429850578e-03,-3.368091536685824394e-03,4.227018728852272034e-02,4.565878957509994507e-02,5.276269838213920593e-02,-1.004005223512649536e-02,-4.694264009594917297e-02,9.195070713758468628e-02,7.457731664180755615e-02,1.026447862386703491e-01,1.132293045520782471e-01,-2.453783061355352402e-03,7.154817879199981689e-02,-8.521214872598648071e-02,-7.033006101846694946e-02,-7.092259079217910767e-02,6.763335317373275757e-02,7.857732474803924561e-02,-2.269282005727291107e-02,1.364866737276315689e-02,1.012853458523750305e-01,-1.058051437139511108e-01,-6.123353540897369385e-02,1.012106612324714661e-01,-1.660935021936893463e-02,3.073788620531558990e-02,-1.179086565971374512e-01,8.399949967861175537e-02,7.881619036197662354e-02,-4.087829962372779846e-03,-1.112732812762260437e-01,6.673153489828109741e-02,8.748914301395416260e-02,-7.104273140430450439e-02,-6.590084731578826904e-02,8.445893228054046631e-02,1.722963526844978333e-02,1.032209768891334534e-01,2.176832593977451324e-02,-2.383006550371646881e-02,-9.179876744747161865e-02,-9.889001399278640747e-02,-2.354427985846996307e-02,-4.956395830959081650e-03,4.838529974222183228e-03,1.940925605595111847e-02,-1.896835863590240479e-02,3.223653882741928101e-02,-2.279717591591179371e-04,-1.951873861253261566e-02,-1.206765174865722656e-01,2.113810367882251740e-02,6.191626656800508499e-03,-6.899807602167129517e-02,-8.159878849983215332e-02,-1.161559112370014191e-02,6.703444290906190872e-03,2.414981834590435028e-03,4.104040190577507019e-02,-1.424217130988836288e-02,-2.931529656052589417e-02,2.722763828933238983e-02,1.077099516987800598e-01,-1.047103554010391235e-01,4.135438799858093262e-02,-9.022124856710433960e-02,-3.745699301362037659e-02,-2.326416224241256714e-02,9.642438590526580811e-02,-3.553684800863265991e-02,-9.628424048423767090e-02,-9.043371537700295448e-04,1.201153025031089783e-01,-2.882618643343448639e-02,-9.595737606287002563e-02,1.093536242842674255e-01,2.858159423340111971e-04,-9.780243784189224243e-02,-1.391575555317103863e-03,-8.617922663688659668e-02,-9.830471128225326538e-02,6.629236787557601929e-02,2.402723766863346100e-03,7.272560149431228638e-02,6.788422912359237671e-02,-1.548478193581104279e-02,-2.841151505708694458e-02,-8.341527730226516724e-02,4.068280011415481567e-02,-9.138311445713043213e-02,-1.323970034718513489e-02,7.024075090885162354e-02,-1.477126897952985018e-05,-8.887033164501190186e-02,6.916519999504089355e-02,-3.431110456585884094e-02,4.927708953619003296e-02,-1.132102385163307190e-01,-8.645411580801010132e-02,1.227571219205856323e-01,1.187965087592601776e-02,-8.204328268766403198e-02,-9.686768054962158203e-02,-1.151750329881906509e-02,-4.382286686450242996e-03,7.200981676578521729e-02,-7.851273566484451294e-02,-9.664674848318099976e-02,3.184247994795441628e-03,1.109455525875091553e-01,-1.013204529881477356e-01,6.245576962828636169e-02,5.154156684875488281e-02,-1.082890033721923828e-01,4.063222557306289673e-02,6.612598896026611328e-02,8.028031140565872192e-02,9.258536994457244873e-02,-5.596361309289932251e-02,-5.656446143984794617e-02,-8.310853689908981323e-02,5.533416988328099251e-04,8.202201873064041138e-02
5.182106513530015945e-03,-1.080835461616516113e-01,7.872377634048461914e-01,-6.186145544052124023e-01,-3.959476351737976074e-01,-1.101303771138191223e-01,7.378110662102699280e-03,-3.063862025737762451e-01,-3.000294864177703857e-01,-4.131866395473480225e-01,9.209210425615310669e-02,3.752321302890777588e-01,-6.366043686866760254e-01,-6.119356751441955566e-01,-7.543889284133911133e-01,-7.453254461288452148e-01,1.881862059235572815e-02,-5.449464917182922363e-01,6.587101817131042480e-01,5.777170062065124512e-01,5.203384160995483398e-01,-5.589326620101928711e-01,-6.480003595352172852e-01,1.854426860809326172e-01,-1.065504625439643860e-01,-6.526929736137390137e-01,7.394486069679260254e-01,3.985950350761413574e-01,-7.365897297859191895e-01,1.137003749608993530e-01,-2.386890947818756104e-01,8.066383004188537598e-01,-6.291265487670898438e-01,-6.634134054183959961e-01,3.290424868464469910e-02,7.593287825584411621e-01,-5.148551464080810547e-01,-6.688995361328125000e-01,4.582036733627319336e-01,5.335952639579772949e-01,-5.787477493286132812e-01,-1.384125649929046631e-01,-7.392227649688720703e-01,-1.762860566377639771e-01,1.618275493383407593e-01,6.647430062294006348e-01,7.490482330322265625e-01,1.890839189291000366e-01,5.886186659336090088e-02,2.503016777336597443e-02,-1.623278111219406128e-01,1.859263479709625244e-01,-2.591923177242279053e-01,1.981419883668422699e-02,1.349858194589614868e-01,8.189600110054016113e-01,-1.982517987489700317e-01,-4.965626448392868042e-02,5.154539942741394043e-01,6.557237505912780762e-01,9.508848935365676880e-02,-6.559777259826660156e-02,-2.012237347662448883e-02,-2.786016762256622314e-01,1.243361905217170715e-01,2.231430113315582275e-01,-1.916131228208541870e-01,-7.328799962997436523e-01,7.465934753417968750e-01,-2.716786563396453857e-01,6.631838083267211914e-01,3.167181313037872314e-01,1.951541304588317871e-01,-7.279251813888549805e-01,2.337954193353652954e-01,6.875791549682617188e-01,6.047087255865335464e-03,-8.280692696571350098e-01,2.703754007816314697e-01,7.093311548233032227e-01,-7.889161705970764160e-01,-2.324401866644620895e-03,7.047228813171386719e-01,1.186473015695810318e-02,5.849408507347106934e-01,7.104181647300720215e-01,-4.950794279575347900e-01,-1.789402589201927185e-02,-5.125765800476074219e-01,-5.357066392898559570e-01,1.132532730698585510e-01,2.352585345506668091e-01,6.429526805877685547e-01,-3.345682322978973389e-01,6.786867380142211914e-01,9.477562457323074341e-02,-5.472410321235656738e-01,1.138376392191275954e-04,6.328853368759155273e-01,-4.916528463363647461e-01,3.005987405776977539e-01,-3.051123321056365967e-01,7.944312691688537598e-01,6.585035920143127441e-01,-8.274348974227905273e-01,-1.915533542633056641e-01,6.171057820320129395e-01,6.947715878486633301e-01,1.995797641575336456e-02,3.306958451867103577e-02,-5.664947628974914551e-01,6.500219702720642090e-01,7.251302599906921387e-01,-1.173837780952453613e-01,-7.755529880523681641e-01,7.294594645500183105e-01,-4.254626631736755371e-01,-4.239458441734313965e-01,7.599036097526550293e-01,-3.322500586509704590e-01,-5.122596621513366699e-01,-6.195919513702392578e-01,-6.911336183547973633e-01,4.227754175662994385e-01,4.944274127483367920e-01,6.501749157905578613e-01,-9.273144416511058807e-03,-6.486049890518188477e-01
-4.809097200632095337e-02,7.235442101955413818e-02,-6.186145544052124023e-01,6.309278011322021484e-01,1.760459691286087036e-01,1.726495474576950073e-01,-9.659707546234130859e-03,9.385769814252853394e-02,2.229936867952346802e-01,3.086284101009368896e-01,-1.336074620485305786e-01,-2.708089947700500488e-01,3.864216208457946777e-01,5.796511173248291016e-01,5.851585268974304199e-01,4.683812260627746582e-01,-1.219727378338575363e-02,4.088712036609649658e-01,-5.733573436737060547e-01,-4.474274516105651855e-01,-5.210492014884948730e-01,4.499388635158538818e-01,5.510544776916503906e-01,-1.297384947538375854e-01,8.012153953313827515e-02,3.531741797924041748e-01,-5.154023766517639160e-01,-1.127641350030899048e-01,4.954957962036132812e-01,3.713478893041610718e-02,1.607526242733001709e-01,-6.482213735580444336e-01,5.920912623405456543e-01,5.151777267456054688e-01,-1.028180494904518127e-02,-5.201742053031921387e-01,3.602982163429260254e-01,4.682502746582031250e-01,-1.295053064823150635e-01,-4.870818853378295898e-01,4.034685492515563965e-01,1.332793980836868286e-01,5.414575338363647461e-01,1.268205493688583374e-01,-1.764850467443466187e-01,-4.289254546165466309e-01,-6.146672964096069336e-01,-1.543940603733062744e-01,-5.417338758707046509e-02,2.629368798807263374e-03,1.513928920030593872e-01,-7.768578827381134033e-02,2.599938809871673584e-01,-4.101604223251342773e-02,2.400930039584636688e-02,-5.935810804367065430e-01,1.788075268268585205e-01,3.364668413996696472e-02,-3.974533379077911377e-01,-5.565375685691833496e-01,-1.115815714001655579e-01,1.228120028972625732e-01,2.026541717350482941e-02,1.572360843420028687e-01,-6.506781280040740967e-02,-1.582354158163070679e-01,1.447188705205917358e-01,4.745063781738281250e-01,-5.464468002319335938e-01,2.619679272174835205e-02,-4.391500055789947510e-01,-1.381015181541442871e-01,-2.254132479429244995e-01,5.762237310409545898e-01,-1.814818680286407471e-01,-5.056056976318359375e-01,-2.078633289784193039e-03,6.102586984634399414e-01,-3.747129142284393311e-01,-5.169717073440551758e-01,6.967110633850097656e-01,1.712134690023958683e-03,-4.528362452983856201e-01,-6.971272174268960953e-03,-3.880870938301086426e-01,-4.948270320892333984e-01,2.216550558805465698e-01,9.113133884966373444e-03,3.164803385734558105e-01,3.615429699420928955e-01,-6.965681910514831543e-02,-3.166141808032989502e-01,-5.680043101310729980e-01,3.365350365638732910e-01,-5.571953654289245605e-01,-1.071290392428636551e-02,3.602501153945922852e-01,-7.586642459500581026e-05,-3.569629490375518799e-01,2.783587872982025146e-01,-1.655641049146652222e-01,9.695708751678466797e-03,-6.659041047096252441e-01,-4.468660056591033936e-01,6.659656763076782227e-01,2.922897934913635254e-01,-6.560421586036682129e-01,-4.820930957794189453e-01,1.434636116027832031e-01,-2.751128561794757843e-02,5.439022779464721680e-01,-6.191174387931823730e-01,-5.800799727439880371e-01,2.193448990583419800e-01,5.525482296943664551e-01,-5.364502668380737305e-01,1.532033979892730713e-01,3.027685582637786865e-01,-5.699039697647094727e-01,3.075603842735290527e-01,3.608765304088592529e-01,5.118334889411926270e-01,5.354230999946594238e-01,-3.484373688697814941e-01,-3.690945804119110107e-01,-5.254566073417663574e-01,-1.840852317400276661e-03,4.888242781162261963e-01
2.411885261535644531e-01,5.652529746294021606e-02,-3.959476351737976074e-01,1.760459691286087036e-01,4.438995420932769775e-01,-1.211818978190422058e-01,4.411587491631507874e-02,4.760055840015411377e-01,1.555812060832977295e-01,2.017277926206588745e-01,-1.043045595288276672e-01,-2.316904664039611816e-01,3.114112615585327148e-01,2.227009683847427368e-01,4.009386599063873291e-01,5.641059279441833496e-01,-7.648375350981950760e-03,2.943567037582397461e-01,-2.457671910524368286e-01,-2.449896186590194702e-01,-1.775465905666351318e-01,2.004800587892532349e-01,2.048629969358444214e-01,-1.926017552614212036e-02,5.374871566891670227e-02,4.702250361442565918e-01,-3.545678555965423584e-01,-4.837556779384613037e-01,4.360955655574798584e-01,-1.948118954896926880e-01,2.212222293019294739e-02,-4.055067002773284912e-01,2.282922416925430298e-01,2.898545861244201660e-01,-3.290623798966407776e-02,-4.438258111476898193e-01,2.619766294956207275e-01,3.588580489158630371e-01,-5.542318820953369141e-01,-3.907522261142730713e-01,4.610143899917602539e-01,1.166385635733604431e-01,3.536665737628936768e-01,9.132275730371475220e-02,-5.916829779744148254e-02,-2.807158231735229492e-01,-3.996154665946960449e-01,-1.534757763147354126e-01,-1.214454416185617447e-03,2.608500048518180847e-02,-2.556606940925121307e-02,-2.057570964097976685e-01,2.152098268270492554e-01,-3.958737105131149292e-02,-1.679294556379318237e-01,-5.486647486686706543e-01,1.471280306577682495e-01,2.761292457580566406e-02,-2.058471739292144775e-01,-2.800975739955902100e-01,-5.744222924113273621e-02,-5.883361026644706726e-02,6.954341661185026169e-03,2.688067555427551270e-01,-1.008309423923492432e-02,-1.077270284295082092e-01,-1.169195678085088730e-02,5.414167046546936035e-01,-4.115777015686035156e-01,4.025141894817352295e-01,-4.950405657291412354e-01,-9.190211445093154907e-02,5.275919567793607712e-03,3.685905933380126953e-01,-2.302698791027069092e-01,-4.773003458976745605e-01,-3.758867969736456871e-03,4.848299026489257812e-01,-1.053767129778862000e-01,-4.021897912025451660e-01,4.182844460010528564e-01,1.130185555666685104e-03,-4.752781093120574951e-01,-7.001113146543502808e-03,-5.543642044067382812e-01,-3.445392847061157227e-01,4.284250438213348389e-01,1.194859389215707779e-02,1.825805455446243286e-01,3.179535269737243652e-01,-1.771818995475769043e-01,4.906482249498367310e-02,-2.143709659576416016e-01,4.100290313363075256e-02,-3.732329905033111572e-01,-2.546402812004089355e-01,3.936380445957183838e-01,-8.191796950995922089e-05,-4.561034440994262695e-01,4.507406055927276611e-01,-2.614670991897583008e-01,4.196299612522125244e-01,-4.109755158424377441e-01,-3.785454034805297852e-01,4.218173921108245850e-01,1.550502628087997437e-01,-1.659438759088516235e-01,-3.504517376422882080e-01,-3.031100928783416748e-01,-6.824668496847152710e-03,1.506194174289703369e-01,-1.608817428350448608e-01,-3.630656599998474121e-01,-8.489236980676651001e-02,5.379155278205871582e-01,-3.940235376358032227e-01,4.689502120018005371e-01,1.613327562808990479e-01,-5.465148091316223145e-01,1.038830727338790894e-01,2.006999999284744263e-01,3.442998230457305908e-01,3.923563063144683838e-01,-9.978912770748138428e-02,-2.096426934003829956e-01,-2.492958456277847290e-01,5.227268673479557037e-03,3.466261327266693115e-01
-1.737863421440124512e-01,3.337873844429850578e-03,-1.101303771138191223e-01,1.726495474576950073e-01,-1.211818978190422058e-01,1.905242204666137695e-01,-1.334650814533233643e-02,-1.349712461233139038e-01,-5.749399214982986450e-02,2.747042104601860046e-02,4.548181220889091492e-02,-8.964290842413902283e-03,6.048661097884178162e-02,1.330628246068954468e-01,8.722325414419174194e-02,-2.590114623308181763e-02,-3.558522555977106094e-03,1.635471917688846588e-02,-1.023380607366561890e-01,-8.445762097835540771e-02,-3.514668345451354980e-02,1.126882433891296387e-01,1.640315651893615723e-01,-6.127194687724113464e-02,4.326781723648309708e-03,-5.985245853662490845e-02,-1.047517284750938416e-01,1.505023688077926636e-01,1.048225536942481995e-01,5.461433902382850647e-02,8.881440758705139160e-02,-8.597368746995925903e-02,8.448864519596099854e-02,1.429519653320312500e-01,1.842478057369589806e-03,-5.412498861551284790e-02,3.203438222408294678e-02,4.264424741268157959e-02,1.177177429199218750e-01,4.855201113969087601e-03,-9.811753779649734497e-02,-2.559304237365722656e-02,1.060226410627365112e-01,1.967407576739788055e-02,3.565762192010879517e-02,-1.419135034084320068e-01,-9.100481122732162476e-02,2.156417630612850189e-02,-5.388130247592926025e-02,-7.840146869421005249e-02,8.742212504148483276e-02,-1.776665449142456055e-02,-6.389278173446655273e-02,1.432215888053178787e-02,2.018800191581249237e-02,-5.573564022779464722e-02,-1.721403328701853752e-03,4.289629869163036346e-03,-4.254544526338577271e-02,-8.948000520467758179e-02,2.041692472994327545e-02,4.497859254479408264e-02,3.075516782701015472e-03,-1.154351681470870972e-01,-7.578438520431518555e-02,-1.230059377849102020e-02,8.595087379217147827e-02,-1.722772419452667236e-02,-4.746965691447257996e-02,-1.412781924009323120e-01,1.781609840691089630e-02,-1.774000525474548340e-01,-5.172854661941528320e-02,8.447658270597457886e-02,1.109145879745483398e-01,2.029584906995296478e-02,1.410001132171601057e-04,9.732619673013687134e-02,-2.304780483245849609e-02,-3.835473954677581787e-02,9.200290590524673462e-02,2.802464587148278952e-04,-2.390773035585880280e-02,-1.895009074360132217e-03,1.233936250209808350e-01,-9.647120535373687744e-02,-4.777878895401954651e-02,-1.830584369599819183e-05,3.735890984535217285e-02,1.588084362447261810e-02,6.792597472667694092e-02,-8.904258906841278076e-02,-1.002410277724266052e-01,8.550432324409484863e-02,-2.374485507607460022e-02,1.165612116456031799e-01,1.664432464167475700e-03,7.332449058594647795e-06,1.718113385140895844e-02,-1.177225261926651001e-01,7.917873561382293701e-03,-1.546946913003921509e-01,-8.282171189785003662e-02,-2.731146663427352905e-02,9.684403985738754272e-02,2.634347975254058838e-02,-1.293963789939880371e-01,-6.413002312183380127e-02,2.107735723257064819e-01,-4.783353768289089203e-03,1.093515008687973022e-01,-1.881073117256164551e-01,-7.961899042129516602e-02,1.225809752941131592e-01,4.364084079861640930e-02,-4.750890284776687622e-02,-1.114484220743179321e-01,8.466921001672744751e-02,-4.855751991271972656e-03,5.555882677435874939e-02,8.250173926353454590e-02,1.522469613701105118e-02,3.115941211581230164e-02,-8.465078473091125488e-02,-1.078512445092201233e-01,-9.057120233774185181e-02,1.047817408107221127e-03,4.906728118658065796e-02
5.650650337338447571e-02,-3.368091536685824394e-03,7.378110662102699280e-03,-9.659707546234130859e-03,4.411587491631507874e-02,-1.334650814533233643e-02,6.720491498708724976e-02,7.185963541269302368e-02,-3.938018158078193665e-02,5.062374286353588104e-03,-5.947643518447875977e-02,1.767792273312807083e-03,-5.647573620080947876e-02,-5.148750916123390198e-02,-2.595876343548297882e-02,-1.486769970506429672e-02,1.064555603079497814e-03,-1.180026400834321976e-02,-9.895506314933300018e-03,1.153930556029081345e-03,2.347439154982566833e-02,-3.494274243712425232e-02,-3.313952311873435974e-02,3.062923811376094818e-02,-4.159507807344198227e-04,-1.996416971087455750e-02,5.347429960966110229e-02,-2.559384703636169434e-02,-2.263386035338044167e-03,-4.951099306344985962e-02,-2.983597479760646820e-02,3.902534767985343933e-02,4.869459196925163269e-03,-2.556791994720697403e-03,-7.270008209161460400e-04,5.190631002187728882e-02,-1.303167082369327545e-02,-1.470193732529878616e-03,-3.699682652950286865e-02,-4.853727295994758606e-02,3.890130296349525452e-02,2.326068654656410217e-02,-4.020757600665092468e-02,-1.145544229075312614e-03,-3.488578274846076965e-02,5.568361282348632812e-02,-6.101933307945728302e-03,-1.206085830926895142e-02,2.405605651438236237e-02,1.165179908275604248e-02,-1.675873063504695892e-02,-3.015424311161041260e-02,3.992595151066780090e-02,-1.569389831274747849e-03,-1.970602432265877724e-03,7.476711180061101913e-03,1.118625793606042862e-02,-7.672811625525355339e-04,-4.826569464057683945e-03,1.948629505932331085e-02,-2.452619560062885284e-02,-1.050501316785812378e-02,-5.159024731256067753e-04,6.620340794324874878e-02,2.567188255488872528e-02,4.674513358622789383e-03,-6.601598113775253296e-02,5.811775103211402893e-03,2.467468567192554474e-02,5.066619440913200378e-02,-4.054407402873039246e-02,5.369805544614791870e-02,2.684799022972583771e-02,-2.169043198227882385e-02,-3.910475969314575195e-02,-3.598655760288238525e-02,6.223394884727895260e-04,-9.546845220029354095e-03,-2.703680284321308136e-02,1.590652577579021454e-02,2.146614948287606239e-03,-8.155267278198152781e-05,-1.020417176187038422e-02,-8.495036163367331028e-04,-5.706541612744331360e-02,4.090595617890357971e-02,5.952269956469535828e-02,-5.769618437625467777e-04,-5.564042180776596069e-02,8.190128952264785767e-03,-4.707793891429901123e-02,3.209871053695678711e-02,2.658725343644618988e-02,-3.392190113663673401e-02,-1.765442080795764923e-02,-5.826216191053390503e-02,2.409008145332336426e-02,-1.150684329331852496e-05,5.678679328411817551e-03,4.866344109177589417e-02,-3.534068167209625244e-02,5.486641451716423035e-02,2.715748921036720276e-02,3.361084964126348495e-03,2.207573736086487770e-03,9.929031878709793091e-02,1.404406782239675522e-02,4.531691968441009521e-02,-7.976491749286651611e-02,2.727691782638430595e-03,-8.033499121665954590e-02,7.945731282234191895e-03,2.545926533639431000e-02,2.257163077592849731e-02,1.115590147674083710e-02,-1.244142767973244190e-04,8.047380484640598297e-03,-3.149147378280758858e-03,-3.518406301736831665e-02,-1.487583760172128677e-02,-1.774355396628379822e-02,2.271001599729061127e-02,-4.543294664472341537e-03,5.198993533849716187e-02,2.259620837867259979e-02,1.809810474514961243e-02,1.791663453332148492e-05,2.893260680139064789e-02
3.227888345718383789e-01,4.227018728852272034e-02,-3.063862025737762451e-01,9.385769814252853394e-02,4.760055840015411377e-01,-1.349712461233139038e-01,7.185963541269302368e-02,6.218014359474182129e-01,7.989460229873657227e-02,1.560500562191009521e-01,-9.255092591047286987e-02,-2.389201372861862183e-01,2.167485952377319336e-01,1.644581556320190430e-01,3.396537005901336670e-01,5.284401774406433105e-01,-4.165996331721544266e-03,2.228875309228897095e-01,-1.307510882616043091e-01,-1.929287910461425781e-01,-2.906089276075363159e-02,1.639623343944549561e-01,1.182550936937332153e-01,-8.355558849871158600e-03,4.537666216492652893e-02,4.134894311428070068e-01,-2.557124793529510498e-01,-5.372494459152221680e-01,4.143304526805877686e-01,-2.361041009426116943e-01,-4.109961539506912231e-02,-2.917343974113464355e-01,7.726976275444030762e-02,2.785970270633697510e-01,-4.507568106055259705e-02,-3.832286894321441650e-01,2.189987301826477051e-01,3.122867345809936523e-01,-6.432897448539733887e-01,-4.076668024063110352e-01,4.234234690666198730e-01,1.121230274438858032e-01,2.488017231225967407e-01,8.443092554807662964e-02,3.223582357168197632e-02,-2.139200717210769653e-01,-3.352377712726593018e-01,-1.625505238771438599e-01,-3.865060862153768539e-03,-6.101743876934051514e-02,-8.897893130779266357e-02,-2.920921742916107178e-01,2.106651067733764648e-01,-8.424929529428482056e-02,-2.246370166540145874e-01,-4.990072548389434814e-01,1.852613687515258789e-01,2.759736217558383942e-02,-7.207382470369338989e-02,-2.087660729885101318e-01,-4.850639030337333679e-02,-1.128971576690673828e-01,3.584073390811681747e-03,2.335050106048583984e-01,3.101859008893370628e-03,-8.227703720331192017e-02,-1.066887229681015015e-01,5.032677054405212402e-01,-3.511948287487030029e-01,4.762276113033294678e-01,-5.030033588409423828e-01,-1.202499717473983765e-01,6.853497773408889771e-02,3.251977860927581787e-01,-1.846655011177062988e-01,-4.214051663875579834e-01,-3.240486374124884605e-03,4.174557626247406006e-01,-6.793596595525741577e-02,-3.531217873096466064e-01,3.305336534976959229e-01,1.073754392564296722e-03,-4.504399895668029785e-01,-7.339847739785909653e-03,-5.515589714050292969e-01,-2.645754218101501465e-01,4.611612558364868164e-01,1.251147035509347916e-02,6.788472831249237061e-02,3.163633346557617188e-01,-1.986329704523086548e-01,1.851066797971725464e-01,-9.547366201877593994e-02,-4.204580187797546387e-02,-2.998248338699340820e-01,-3.442332148551940918e-01,3.841942548751831055e-01,-8.443227125098928809e-05,-4.589360654354095459e-01,4.630345106124877930e-01,-3.402257263660430908e-01,4.985226094722747803e-01,-3.166585266590118408e-01,-3.478181660175323486e-01,2.905631065368652344e-01,2.005709707736968994e-01,3.174981800839304924e-03,-2.741803228855133057e-01,-3.908797800540924072e-01,2.762863645330071449e-03,5.430312454700469971e-02,-5.620646104216575623e-02,-2.972126007080078125e-01,-8.106237649917602539e-02,4.979766011238098145e-01,-3.109742701053619385e-01,5.345041751861572266e-01,1.304963380098342896e-01,-5.147925615310668945e-01,4.143247380852699280e-02,1.191558018326759338e-01,2.944348752498626709e-01,3.176785111427307129e-01,2.681760303676128387e-02,-2.188096046447753906e-01,-1.539708077907562256e-01,1.890355348587036133e-02,3.011935353279113770e-01
6.202049553394317627e-02,4.565878957509994507e-02,-3.000294864177703857e-01,2.229936867952346802e-01,1.555812060832977295e-01,-5.749399214982986450e-02,-3.938018158078193665e-02,7.989460229873657227e-02,2.615441977977752686e-01,1.738056242465972900e-01,-9.036768972873687744e-02,-1.525973975658416748e-01,2.279238551855087280e-01,2.500105202198028564e-01,3.011290132999420166e-01,3.295136392116546631e-01,-4.036520142108201981e-03,2.199852913618087769e-01,-2.935339510440826416e-01,-2.146008461713790894e-01,-3.593214452266693115e-01,2.021595239639282227e-01,1.995784938335418701e-01,-6.295034289360046387e-02,5.055314302444458008e-02,3.228553235530853271e-01,-2.772392630577087402e-01,-1.588916629552841187e-01,2.006478011608123779e-01,8.048074319958686829e-03,4.253297671675682068e-02,-4.011907279491424561e-01,3.280822038650512695e-01,1.932211965322494507e-01,-2.780050504952669144e-03,-3.185634016990661621e-01,2.063986510038375854e-01,2.602460086345672607e-01,-1.245828047394752502e-01,-2.474354207515716553e-01,3.420055806636810303e-01,8.782151341438293457e-02,2.597568333148956299e-01,5.616614595055580139e-02,-1.767226457595825195e-01,-1.857755780220031738e-01,-2.820722758769989014e-01,-9.225177764892578125e-02,2.920263446867465973e-02,6.061614677309989929e-02,2.435998618602752686e-02,4.392005875706672668e-02,2.010501772165298462e-01,-3.951360285282135010e-02,2.582431398332118988e-02,-3.237109482288360596e-01,8.499893546104431152e-02,1.604470424354076385e-02,-2.284452468156814575e-01,-2.682023346424102783e-01,-8.912790566682815552e-02,6.573417037725448608e-02,1.013877894729375839e-02,2.095315456390380859e-01,3.273071721196174622e-02,-9.661786258220672607e-02,3.612381219863891602e-02,3.052297532558441162e-01,-3.325926363468170166e-01,9.370762854814529419e-02,-2.563695013523101807e-01,8.471437543630599976e-02,-1.393430083990097046e-01,3.026481270790100098e-01,-2.017708569765090942e-01,-3.133079409599304199e-01,-1.808336353860795498e-03,3.212015032768249512e-01,-1.852703094482421875e-01,-3.092981576919555664e-01,3.765542209148406982e-01,8.300715708173811436e-04,-2.374710738658905029e-01,-1.375943771563470364e-03,-3.112498521804809570e-01,-2.472808212041854858e-01,1.346281915903091431e-01,5.600379779934883118e-03,2.508564591407775879e-01,2.075289189815521240e-01,-6.080750003457069397e-02,-1.566785275936126709e-01,-3.081855177879333496e-01,1.829793304204940796e-01,-3.352280855178833008e-01,-5.192463099956512451e-02,1.591149419546127319e-01,-4.810584869119338691e-05,-2.401296496391296387e-01,2.482108175754547119e-01,-6.813528388738632202e-02,1.332332044839859009e-01,-3.881231546401977539e-01,-2.569487690925598145e-01,3.890382051467895508e-01,6.615145504474639893e-02,-3.475454449653625488e-01,-2.736239135265350342e-01,-5.694893002510070801e-02,-1.953283883631229401e-02,3.197642862796783447e-01,-2.503253817558288574e-01,-3.118256628513336182e-01,4.279992729425430298e-02,2.703592777252197266e-01,-3.253479599952697754e-01,1.407185047864913940e-01,1.233432590961456299e-01,-3.348938524723052979e-01,1.579988151788711548e-01,1.529870629310607910e-01,3.131434619426727295e-01,3.018490076065063477e-01,-1.774819046258926392e-01,-1.373255997896194458e-01,-2.854954600334167480e-01,8.171229623258113861e-03,2.469313591718673706e-01
2.239816263318061829e-02,5.276269838213920593e-02,-4.131866395473480225e-01,3.086284101009368896e-01,2.017277926206588745e-01,2.747042104601860046e-02,5.062374286353588104e-03,1.560500562191009521e-01,1.738056242465972900e-01,2.096444517374038696e-01,-7.618454098701477051e-02,-1.844622641801834106e-01,3.069009482860565186e-01,3.004959225654602051e-01,3.895186483860015869e-01,4.074601829051971436e-01,-8.156011812388896942e-03,2.658157348632812500e-01,-3.535019159317016602e-01,-2.826060950756072998e-01,-3.028839230537414551e-01,2.611708343029022217e-01,3.041139543056488037e-01,-8.270597457885742188e-02,5.482041463255882263e-02,3.559172451496124268e-01,-3.753237724304199219e-01,-1.998918652534484863e-01,3.706884980201721191e-01,-5.499762296676635742e-02,9.856553375720977783e-02,-4.525134861469268799e-01,3.514381051063537598e-01,3.213772475719451904e-01,-1.324746478348970413e-02,-3.985576331615447998e-01,2.513856887817382812e-01,3.338517546653747559e-01,-2.335286587476730347e-01,-2.931293547153472900e-01,3.361598551273345947e-01,8.239137381315231323e-02,3.690037429332733154e-01,8.308953046798706055e-02,-1.208869516849517822e-01,-3.182978928089141846e-01,-3.903075158596038818e-01,-9.856217354536056519e-02,-7.687443401664495468e-03,6.113974377512931824e-03,6.710679084062576294e-02,-6.689520180225372314e-02,1.637325882911682129e-01,-1.720229536294937134e-02,-4.454354569315910339e-02,-4.506002962589263916e-01,1.009600460529327393e-01,2.327587269246578217e-02,-2.637622654438018799e-01,-3.252818286418914795e-01,-6.820910423994064331e-02,4.189472272992134094e-02,1.033447030931711197e-02,1.832216084003448486e-01,-3.389522060751914978e-02,-1.115211099386215210e-01,6.636841595172882080e-02,3.928304910659790039e-01,-3.949247300624847412e-01,1.378785371780395508e-01,-3.515067994594573975e-01,-9.429723024368286133e-02,-1.077208966016769409e-01,3.763160109519958496e-01,-1.525645256042480469e-01,-3.766032755374908447e-01,-2.633042633533477783e-03,4.542731940746307373e-01,-1.602990478277206421e-01,-3.689947426319122314e-01,4.510178565979003906e-01,1.102061709389090538e-03,-3.563327491283416748e-01,-5.199723411351442337e-03,-3.394311666488647461e-01,-3.495764434337615967e-01,2.423885464668273926e-01,8.230261504650115967e-03,2.532433867454528809e-01,2.647184729576110840e-01,-7.086259871721267700e-02,-1.277569681406021118e-01,-3.346422612667083740e-01,1.712666004896163940e-01,-3.743625879287719727e-01,-6.028889864683151245e-02,2.572729587554931641e-01,-5.987785334582440555e-05,-3.158456087112426758e-01,2.681363523006439209e-01,-1.433780491352081299e-01,1.674849539995193481e-01,-4.447925090789794922e-01,-3.267253339290618896e-01,4.821526408195495605e-01,1.186221912503242493e-01,-3.576738834381103516e-01,-3.464540839195251465e-01,-3.847613930702209473e-02,-1.764516904950141907e-02,2.934231758117675781e-01,-3.357608318328857422e-01,-3.752715289592742920e-01,6.970034539699554443e-02,4.120680689811706543e-01,-3.912570178508758545e-01,2.006282657384872437e-01,1.996674090623855591e-01,-4.286221861839294434e-01,1.688029766082763672e-01,2.359326779842376709e-01,3.364218473434448242e-01,3.591405749320983887e-01,-1.986651718616485596e-01,-2.239312380552291870e-01,-3.307795226573944092e-01,5.910999607294797897e-03,3.290361166000366211e-01
-1.397457420825958252e-01,-1.004005223512649536e-02,9.209210425615310669e-02,-1.336074620485305786e-01,-1.043045595288276672e-01,4.548181220889091492e-02,-5.947643518447875977e-02,-9.255092591047286987e-02,-9.036768972873687744e-02,-7.618454098701477051e-02,1.825263798236846924e-01,6.527538597583770752e-02,6.179079413414001465e-02,-8.099836111068725586e-02,-7.971402257680892944e-02,-6.032098829746246338e-02,-2.163612516596913338e-03,-8.098228275775909424e-02,1.541031748056411743e-01,8.229082822799682617e-02,2.060101181268692017e-01,-3.467156365513801575e-02,-3.284799307584762573e-02,-4.165419936180114746e-02,-2.245086245238780975e-02,-3.512264788150787354e-02,-2.144666947424411774e-02,4.142548888921737671e-02,3.261517500504851341e-03,6.018909625709056854e-03,7.076372206211090088e-02,1.091925129294395447e-01,-1.957633942365646362e-01,-5.199110507965087891e-02,-5.630375817418098450e-03,6.086862180382013321e-03,-5.280155315995216370e-02,-8.066374063491821289e-02,-5.165551323443651199e-03,2.377365231513977051e-01,-2.195533961057662964e-01,-1.033069118857383728e-01,-3.977667074650526047e-03,-1.574807614088058472e-02,1.733203232288360596e-01,-1.001463681459426880e-01,1.307042688131332397e-01,8.072739839553833008e-02,-5.280468612909317017e-02,-7.945927232503890991e-02,3.112729266285896301e-02,-1.961046457290649414e-02,-2.172949761152267456e-01,5.345522984862327576e-02,-8.375755697488784790e-02,7.835975289344787598e-02,-8.287853747606277466e-02,-3.302596509456634521e-03,9.883777797222137451e-02,1.105062365531921387e-01,1.042242646217346191e-01,-4.674231633543968201e-02,-6.566600408405065536e-03,-1.935595124959945679e-01,-9.446092694997787476e-02,2.865027636289596558e-02,1.014158278703689575e-01,-9.165003150701522827e-02,7.793363928794860840e-02,-5.541090294718742371e-02,1.350981444120407104e-01,-2.426882535219192505e-01,6.216717511415481567e-02,-9.190169721841812134e-02,1.886832565069198608e-01,1.838314980268478394e-01,-1.578977331519126892e-03,-6.560143083333969116e-02,2.275078743696212769e-01,9.441519528627395630e-02,-1.969214081764221191e-01,-1.933344319695606828e-04,5.421471968293190002e-02,-1.616422086954116821e-04,2.201725542545318604e-01,-1.220196019858121872e-02,-6.187796965241432190e-02,7.332903333008289337e-04,1.920986734330654144e-02,-7.915249466896057129e-02,1.083083152770996094e-01,8.844053000211715698e-02,1.214492470026016235e-01,-6.883081048727035522e-02,1.900865584611892700e-01,1.065518632531166077e-01,-8.357412368059158325e-02,3.353452484589070082e-05,3.279625996947288513e-02,-1.637938767671585083e-01,4.913638532161712646e-02,-4.436857253313064575e-02,1.394472718238830566e-01,7.530567795038223267e-02,-1.387698501348495483e-01,-2.631575763225555420e-01,2.145477980375289917e-01,7.653752341866493225e-03,1.037686094641685486e-01,5.800635553896427155e-03,-8.636328577995300293e-02,1.195017397403717041e-01,1.057295054197311401e-01,-9.070761501789093018e-02,-8.664492517709732056e-02,1.168643906712532043e-01,-8.643464185297489166e-03,-1.598822139203548431e-02,1.815617978572845459e-01,-7.524365186691284180e-02,1.693509868346154690e-03,-1.988192647695541382e-01,-1.298418641090393066e-01,7.013090420514345169e-03,7.556246127933263779e-03,1.014520972967147827e-01,1.022385433316230774e-03,-1.352616846561431885e-01
-7.758972048759460449e-02,-4.694264009594917297e-02,3.752321302890777588e-01,-2.708089947700500488e-01,-2.316904664039611816e-01,-8.964290842413902283e-03,1.767792273312807083e-03,-2.389201372861862183e-01,-1.525973975658416748e-01,-1.844622641801834106e-01,6.527538597583770752e-02,1.986781507730484009e-01,-2.668943405151367188e-01,-2.996264398097991943e-01,-3.771294951438903809e-01,-4.185726642608642578e-01,6.200016941875219345e-03,-2.414306253194808960e-01,2.854604721069335938e-01,2.542662918567657471e-01,2.416617870330810547e-01,-2.507357895374298096e-01,-2.664272189140319824e-01,7.249727100133895874e-02,-5.096423253417015076e-02,-3.370356857776641846e-01,3.359734416007995605e-01,2.447348237037658691e-01,-3.637428283691406250e-01,6.139283999800682068e-02,-5.827375501394271851e-02,4.122380614280700684e-01,-2.728571891784667969e-01,-3.109412789344787598e-01,2.030749432742595673e-02,3.917846083641052246e-01,-2.334077358245849609e-01,-3.122237026691436768e-01,2.956316471099853516e-01,3.188956975936889648e-01,-3.270756602287292480e-01,-8.463125675916671753e-02,-3.269505202770233154e-01,-8.078758418560028076e-02,6.450303643941879272e-02,2.846794128417968750e-01,3.684726953506469727e-01,1.120490208268165588e-01,1.928381063044071198e-02,3.127969801425933838e-02,-2.456470392644405365e-02,1.119555383920669556e-01,-1.700368225574493408e-01,4.759308323264122009e-02,7.377198338508605957e-02,4.492793381214141846e-01,-1.300225257873535156e-01,-2.392682805657386780e-02,1.881807148456573486e-01,2.996926605701446533e-01,5.982416123151779175e-02,-1.274842768907546997e-02,-9.237397462129592896e-03,-1.516006439924240112e-01,2.458994090557098389e-02,9.905350208282470703e-02,-3.057423047721385956e-02,-3.943280875682830811e-01,3.755768537521362305e-01,-1.804406493902206421e-01,3.598606586456298828e-01,1.065148562192916870e-01,8.029762655496597290e-02,-3.680460155010223389e-01,1.343142390251159668e-01,3.574327230453491211e-01,2.412797650322318077e-03,-4.313892424106597900e-01,1.507893800735473633e-01,3.610553443431854248e-01,-4.220416545867919922e-01,-1.115618273615837097e-03,3.500611484050750732e-01,5.049945320934057236e-03,3.582831025123596191e-01,3.187977373600006104e-01,-2.438994944095611572e-01,-8.723825216293334961e-03,-1.951832920312881470e-01,-2.645235061645507812e-01,8.105096220970153809e-02,6.724026799201965332e-02,2.788054943084716797e-01,-1.370299756526947021e-01,3.391515016555786133e-01,1.112804561853408813e-01,-2.587043046951293945e-01,5.940725168329663575e-05,3.305608928203582764e-01,-2.791171073913574219e-01,1.793143451213836670e-01,-1.991949528455734253e-01,4.185249805450439453e-01,3.153752088546752930e-01,-4.117659032344818115e-01,-1.348312199115753174e-01,2.753922343254089355e-01,3.193086981773376465e-01,7.738959789276123047e-02,1.281662378460168839e-02,-2.728682458400726318e-01,2.736828327178955078e-01,3.577873408794403076e-01,-5.434960499405860901e-02,-4.097574949264526367e-01,3.519818782806396484e-01,-2.577073574066162109e-01,-1.738508045673370361e-01,4.267672300338745117e-01,-1.426306217908859253e-01,-1.905476003885269165e-01,-3.172667324542999268e-01,-3.366965055465698242e-01,1.464339196681976318e-01,2.347751706838607788e-01,2.838225662708282471e-01,-1.216050516813993454e-02,-2.986514866352081299e-01
