5.055485963821411133e-01,3.009880334138870239e-02,-2.266197204589843750e-01,7.152505218982696533e-02,2.571548521518707275e-01,-1.269584745168685913e-01,1.409836113452911377e-01,4.096335470676422119e-01,1.207871809601783752e-01,9.816489368677139282e-02,-8.939731121063232422e-02,-1.189445480704307556e-01,1.202571988105773926e-01,2.634431421756744385e-01,3.262408971786499023e-01,2.476055920124053955e-01,7.637952920049428940e-03,6.817841529846191406e-02,2.995648793876171112e-02,-9.315920621156692505e-02,-1.784321516752243042e-01,1.389243900775909424e-01,4.661631584167480469e-02,4.957617819309234619e-02,2.107238397002220154e-02,1.793862581253051758e-01,-9.455534815788269043e-02,-2.891891896724700928e-01,1.299934983253479004e-01,-1.901727020740509033e-01,-1.357042342424392700e-01,-1.982639878988265991e-01,1.301001906394958496e-01,1.043610274791717529e-01,-3.499494120478630066e-02,-2.093285769224166870e-01,1.378205418586730957e-02,1.230066493153572083e-01,-3.645362555980682373e-01,-4.165307283401489258e-01,2.990573346614837646e-01,9.839783608913421631e-02,4.231210425496101379e-02,3.478090465068817139e-02,-3.402502462267875671e-02,-9.862547367811203003e-02,-3.008861243724822998e-01,-1.532092392444610596e-01,3.479235991835594177e-02,7.833019644021987915e-02,-1.065432578325271606e-01,-4.484326019883155823e-02,2.213623821735382080e-01,-4.823455959558486938e-02,-4.885020852088928223e-02,-2.863870263099670410e-01,8.199658989906311035e-02,2.199198305606842041e-02,-1.118715852499008179e-01,-1.192777231335639954e-01,-2.616673707962036133e-02,-5.058877286501228809e-04,1.355759426951408386e-02,2.015807330608367920e-01,3.647016361355781555e-02,-3.238895535469055176e-02,-9.958399832248687744e-02,2.887940108776092529e-01,-2.232233732938766479e-01,2.035971432924270630e-01,-2.897929847240447998e-01,4.624486714601516724e-02,1.004960667341947556e-02,2.800047099590301514e-01,-1.426654905080795288e-01,-2.634372711181640625e-01,-4.252454265952110291e-03,2.591653466224670410e-01,-2.113958299160003662e-01,-2.042125463485717773e-01,2.075356990098953247e-01,2.440008334815502167e-03,-3.040032982826232910e-01,-3.574975766241550446e-03,-3.625145852565765381e-01,-1.405087262392044067e-01,2.617513537406921387e-01,5.287958774715662003e-03,2.310595102608203888e-02,1.288242340087890625e-01,-1.343598663806915283e-01,-1.350134052336215973e-02,-1.516614947468042374e-02,-5.710337311029434204e-02,-1.988453865051269531e-01,-2.807396352291107178e-01,2.678290009498596191e-01,-3.164952795486897230e-04,-2.735819220542907715e-01,3.408683836460113525e-01,-1.371698528528213501e-01,2.980447113513946533e-01,-2.095285058021545410e-01,-1.058030501008033752e-01,1.535343080759048462e-01,3.009275496006011963e-01,-3.831838443875312805e-02,-6.583798676729202271e-02,-3.190113306045532227e-01,-1.618116766621824354e-05,1.121458783745765686e-01,4.208603873848915100e-03,-1.378011256456375122e-01,-1.255433559417724609e-01,2.780797779560089111e-01,-2.238609641790390015e-01,3.881051838397979736e-01,-3.558292984962463379e-02,-4.378933608531951904e-01,4.761073738336563110e-02,3.114818222820758820e-02,2.856004834175109863e-01,3.021253049373626709e-01,5.987781565636396408e-03,-7.880505174398422241e-03,-1.860407739877700806e-01,1.944610121427103877e-04,9.676845371723175049e-02
3.009880334138870239e-02,2.205651625990867615e-02,-1.340165883302688599e-01,8.857787400484085083e-02,7.401962578296661377e-02,-9.865887463092803955e-03,1.333796326071023941e-02,4.635071009397506714e-02,2.732955291867256165e-02,4.431444779038429260e-02,6.357840262353420258e-03,-5.312024056911468506e-02,1.029304042458534241e-01,8.608197420835494995e-02,1.227008998394012451e-01,1.238259151577949524e-01,-1.358976820483803749e-03,7.870922982692718506e-02,-6.968195736408233643e-02,-6.483723968267440796e-02,-6.027113273739814758e-02,1.205199882388114929e-01,7.306262105703353882e-02,-4.659194033592939377e-03,1.480013318359851837e-02,1.376227438449859619e-01,-1.314253807067871094e-01,-7.738726586103439331e-02,1.169006675481796265e-01,-3.342300653457641602e-02,1.664556190371513367e-02,-1.266109645366668701e-01,9.222590178251266479e-02,6.604426354169845581e-02,-4.742815159261226654e-03,-1.354021430015563965e-01,3.305032476782798767e-02,6.998709589242935181e-02,-8.935397118330001831e-02,-8.239682763814926147e-02,1.083232760429382324e-01,1.255803462117910385e-02,1.223882064223289490e-01,1.900642551481723785e-02,-1.360287796705961227e-02,-8.397170901298522949e-02,-1.321016401052474976e-01,-3.876343369483947754e-02,-1.246959529817104340e-02,2.738174051046371460e-02,2.144333347678184509e-02,-1.508328225463628769e-02,3.342975676059722900e-02,-2.958114724606275558e-03,2.353941788896918297e-03,-1.385090500116348267e-01,2.468196675181388855e-02,1.089250668883323669e-02,-7.546870410442352295e-02,-7.062701135873794556e-02,-1.139788981527090073e-02,1.656319200992584229e-02,4.837249405682086945e-03,4.277826100587844849e-02,4.758225753903388977e-03,-3.068571537733078003e-02,3.018296323716640472e-02,1.290760040283203125e-01,-1.236428245902061462e-01,3.626958280801773071e-02,-9.720547497272491455e-02,-1.881559565663337708e-02,-2.954289130866527557e-02,1.209761649370193481e-01,-3.599146008491516113e-02,-1.189949139952659607e-01,-2.798920497298240662e-03,1.439220458269119263e-01,-4.893270507454872131e-02,-1.187122315168380737e-01,1.300304830074310303e-01,1.175143173895776272e-03,-9.837675839662551880e-02,1.556025585159659386e-03,-1.026105657219886780e-01,-1.212638840079307556e-01,5.783990025520324707e-02,5.619556643068790436e-03,6.532533466815948486e-02,5.125128850340843201e-02,-2.038280293345451355e-02,-3.395847603678703308e-02,-1.046045199036598206e-01,4.098270460963249207e-02,-1.132970526814460754e-01,-7.882905192673206329e-03,8.343389630317687988e-02,-1.110423327190801501e-04,-9.689148515462875366e-02,6.380599737167358398e-02,-3.036473877727985382e-02,4.493309184908866882e-02,-1.344522386789321899e-01,-5.753526464104652405e-02,1.446499377489089966e-01,1.458874903619289398e-02,-8.744145184755325317e-02,-1.242980435490608215e-01,-2.999982424080371857e-02,-9.043005295097827911e-03,8.090936392545700073e-02,-5.653663724660873413e-02,-1.146563738584518433e-01,-2.780573442578315735e-02,1.379436850547790527e-01,-1.219809502363204956e-01,7.344289869070053101e-02,3.538939356803894043e-02,-1.268132627010345459e-01,3.893074393272399902e-02,7.784599810838699341e-02,9.873277693986892700e-02,1.192995533347129822e-01,-5.816535651683807373e-02,-5.544872209429740906e-02,-7.465554028749465942e-02,6.069676484912633896e-03,7.430832087993621826e-02
-2.266197204589843750e-01,-1.340165883302688599e-01,8.136151432991027832e-01,-6.105706691741943359e-01,-4.426853060722351074e-01,-6.816280074417591095e-03,-1.399423480033874512e-01,-3.222481608390808105e-01,-1.621721237897872925e-01,-3.045482933521270752e-01,-2.173767425119876862e-02,3.682152926921844482e-01,-5.978084802627563477e-01,-5.936196446418762207e-01,-7.484898567199707031e-01,-7.371068596839904785e-01,1.630696118809282780e-03,-4.650761485099792480e-01,4.777624905109405518e-01,4.589487910270690918e-01,3.981105983257293701e-01,-7.529573440551757812e-01,-5.279757976531982422e-01,8.278652280569076538e-02,-1.025297120213508606e-01,-7.673760652542114258e-01,7.533347606658935547e-01,4.551758766174316406e-01,-7.266752719879150391e-01,2.526187598705291748e-01,-7.574069499969482422e-02,7.739869356155395508e-01,-6.010522842407226562e-01,-4.893474578857421875e-01,3.888826072216033936e-02,7.943430542945861816e-01,-2.183646559715270996e-01,-4.653199911117553711e-01,5.516628026962280273e-01,5.653252601623535156e-01,-6.647513508796691895e-01,-9.169337898492813110e-02,-7.034777402877807617e-01,-1.284866631031036377e-01,9.400798380374908447e-02,5.562698841094970703e-01,7.908368110656738281e-01,2.714408934116363525e-01,6.658569723367691040e-02,-9.225308895111083984e-02,-1.490489989519119263e-01,1.032146140933036804e-01,-2.422542273998260498e-01,7.721121609210968018e-02,-3.919121250510215759e-02,8.095210790634155273e-01,-1.953689754009246826e-01,-7.446733862161636353e-02,4.453985691070556641e-01,4.766158163547515869e-01,1.133115142583847046e-01,-1.470955610275268555e-01,-3.459991887211799622e-02,-3.127725720405578613e-01,-4.234609752893447876e-02,2.007287144660949707e-01,-1.441181749105453491e-01,-7.553375363349914551e-01,7.540603876113891602e-01,-2.208317071199417114e-01,6.571854948997497559e-01,1.352305561304092407e-01,1.967338919639587402e-01,-7.615762948989868164e-01,2.298977673053741455e-01,7.200964689254760742e-01,1.644466258585453033e-02,-8.449470400810241699e-01,3.765023946762084961e-01,7.559930086135864258e-01,-8.020144104957580566e-01,-8.366769179701805115e-03,6.284210681915283203e-01,-7.580453064292669296e-03,6.579164862632751465e-01,6.736708283424377441e-01,-3.904477655887603760e-01,-3.542530909180641174e-02,-3.935182988643646240e-01,-3.713188171386718750e-01,1.295543015003204346e-01,2.330363839864730835e-01,6.537959575653076172e-01,-2.795214354991912842e-01,7.233702540397644043e-01,1.126915365457534790e-01,-5.292449593544006348e-01,7.781354943290352821e-04,6.460257768630981445e-01,-4.637875556945800781e-01,2.617314159870147705e-01,-3.204724490642547607e-01,8.047446608543395996e-01,3.887405395507812500e-01,-8.232242465019226074e-01,-2.163611650466918945e-01,5.832149386405944824e-01,7.351691126823425293e-01,1.841640770435333252e-01,6.099456921219825745e-02,-5.455238819122314453e-01,4.642446637153625488e-01,7.229030728340148926e-01,5.387225747108459473e-02,-7.841492891311645508e-01,7.238662242889404297e-01,-4.993716478347778320e-01,-2.568718492984771729e-01,7.766764163970947266e-01,-2.709102034568786621e-01,-5.036882162094116211e-01,-6.692818999290466309e-01,-7.382983565330505371e-01,3.479068577289581299e-01,4.221675097942352295e-01,5.538332462310791016e-01,-6.342883408069610596e-02,-5.091676115989685059e-01
7.152505218982696533e-02,8.857787400484085083e-02,-6.105706691741943359e-01,5.830610990524291992e-01,2.270695567131042480e-01,9.903607517480850220e-02,7.149742543697357178e-02,1.278321146965026855e-01,8.221010863780975342e-02,2.022831588983535767e-01,-2.057867497205734253e-02,-2.519024908542633057e-01,3.035589456558227539e-01,4.961000382900238037e-01,5.064119100570678711e-01,4.741656184196472168e-01,1.107084171962924302e-04,3.516513109207153320e-01,-4.036237001419067383e-01,-3.097838163375854492e-01,-4.132761955261230469e-01,5.919787883758544922e-01,3.824519217014312744e-01,-9.516527503728866577e-02,7.745713740587234497e-02,5.245754718780517578e-01,-5.194011926651000977e-01,-1.807109415531158447e-01,4.707803130149841309e-01,-9.617222100496292114e-02,8.450505882501602173e-02,-6.208565235137939453e-01,5.095174908638000488e-01,2.907437980175018311e-01,-9.731194004416465759e-03,-5.715842843055725098e-01,1.716746985912322998e-01,2.954704165458679199e-01,-2.369070649147033691e-01,-4.865552484989166260e-01,4.820234477519989014e-01,7.785788178443908691e-02,5.270469188690185547e-01,8.497716486454010010e-02,-1.070940196514129639e-01,-2.544706463813781738e-01,-5.493633747100830078e-01,-2.250109761953353882e-01,-6.022989377379417419e-02,1.192895546555519104e-01,1.693597733974456787e-01,-3.940711542963981628e-02,1.866848170757293701e-01,-1.205397173762321472e-01,1.615936905145645142e-01,-5.596287250518798828e-01,1.420759260654449463e-01,4.419673979282379150e-02,-2.705822288990020752e-01,-3.608230054378509521e-01,-1.616533696651458740e-01,1.633793860673904419e-01,2.948625572025775909e-02,2.216682136058807373e-01,5.720913410186767578e-02,-1.351665109395980835e-01,1.206458359956741333e-01,5.202916264533996582e-01,-5.202318429946899414e-01,7.730540633201599121e-02,-4.213579595088958740e-01,4.226550087332725525e-02,-1.834651678800582886e-01,5.421409606933593750e-01,-1.575906723737716675e-01,-5.697299242019653320e-01,-6.329196039587259293e-03,6.113809943199157715e-01,-4.131222069263458252e-01,-5.582022666931152344e-01,6.985989809036254883e-01,5.698203574866056442e-03,-3.536945283412933350e-01,7.475758902728557587e-03,-4.964249432086944580e-01,-4.007879197597503662e-01,1.292457878589630127e-01,2.111765183508396149e-02,2.440838217735290527e-01,2.394678890705108643e-01,-5.212139710783958435e-02,-2.656291723251342773e-01,-5.966265797615051270e-01,3.037211596965789795e-01,-5.643660426139831543e-01,-2.444960549473762512e-02,3.438417017459869385e-01,-5.066421581432223320e-04,-3.690184950828552246e-01,2.647793591022491455e-01,-1.344937086105346680e-01,7.937930524349212646e-02,-6.493962407112121582e-01,-2.532090842723846436e-01,6.496579647064208984e-01,2.331747561693191528e-01,-5.891768932342529297e-01,-5.692250728607177734e-01,-2.633607201278209686e-02,-4.614025726914405823e-02,5.401514768600463867e-01,-4.439900517463684082e-01,-5.562208294868469238e-01,3.247996419668197632e-02,5.239774584770202637e-01,-4.817038476467132568e-01,2.287883311510086060e-01,1.686881333589553833e-01,-5.657957196235656738e-01,2.253209501504898071e-01,3.459284901618957520e-01,4.926841855049133301e-01,5.087208151817321777e-01,-2.573241293430328369e-01,-2.811151146888732910e-01,-4.033752381801605225e-01,4.323923215270042419e-02,3.949913382530212402e-01
2.571548521518707275e-01,7.401962578296661377e-02,-4.426853060722351074e-01,2.270695567131042480e-01,3.471224606037139893e-01,-1.059402376413345337e-01,9.312932193279266357e-02,3.176861703395843506e-01,9.989209473133087158e-02,1.532021164894104004e-01,-7.176045794039964676e-03,-1.829432547092437744e-01,3.732543289661407471e-01,2.555862665176391602e-01,4.619434773921966553e-01,4.515886008739471436e-01,-4.569293931126594543e-03,2.490734308958053589e-01,-1.661828458309173584e-01,-2.037713378667831421e-01,-1.436479240655899048e-01,3.615956902503967285e-01,1.912840902805328369e-01,3.491991013288497925e-02,4.281362146139144897e-02,4.611826241016387939e-01,-4.191431403160095215e-01,-3.712998926639556885e-01,4.025085568428039551e-01,-1.985863447189331055e-01,-1.827962114475667477e-03,-3.754285871982574463e-01,2.661723196506500244e-01,2.074524760246276855e-01,-2.860765904188156128e-02,-4.422930777072906494e-01,8.887345343828201294e-02,2.456333488225936890e-01,-4.519664943218231201e-01,-3.204933404922485352e-01,4.115562140941619873e-01,6.372906267642974854e-02,3.566716313362121582e-01,6.584507226943969727e-02,-2.191841043531894684e-02,-2.988318204879760742e-01,-4.922356307506561279e-01,-1.480394452810287476e-01,-1.834878697991371155e-02,1.285851001739501953e-01,3.099254798144102097e-03,-7.125093787908554077e-02,1.491726785898208618e-01,1.027275156229734421e-02,-6.531789153814315796e-02,-5.024776458740234375e-01,8.453620970249176025e-02,3.961004689335823059e-02,-2.876462340354919434e-01,-2.225118726491928101e-01,2.821026137098670006e-04,1.022103801369667053e-02,1.504559721797704697e-02,1.831810176372528076e-01,2.277217805385589600e-02,-9.712620824575424194e-02,6.941509246826171875e-02,4.785468280315399170e-01,-4.072767794132232666e-01,2.159740030765533447e-01,-3.898302912712097168e-01,-8.214288949966430664e-02,-4.106208682060241699e-02,4.219966828823089600e-01,-1.522134840488433838e-01,-4.250204265117645264e-01,-1.136402413249015808e-02,4.910661280155181885e-01,-1.567493677139282227e-01,-3.827146589756011963e-01,3.877429068088531494e-01,3.800519509240984917e-03,-4.141888320446014404e-01,3.135712817311286926e-03,-4.070827066898345947e-01,-4.326392710208892822e-01,3.060040473937988281e-01,1.887906342744827271e-02,1.929514557123184204e-01,1.838793307542800903e-01,-1.335924267768859863e-01,-5.603119358420372009e-02,-2.495877146720886230e-01,4.135405272245407104e-02,-3.621450066566467285e-01,-1.135413870215415955e-01,3.636715710163116455e-01,-4.143822588957846165e-04,-3.730750083923339844e-01,3.149726986885070801e-01,-1.289017200469970703e-01,2.748880982398986816e-01,-4.157750308513641357e-01,-2.004615515470504761e-01,4.578477144241333008e-01,1.053411215543746948e-01,-1.947464644908905029e-01,-3.661089241504669189e-01,-2.405336946249008179e-01,-2.182612009346485138e-02,1.553999483585357666e-01,-9.053502976894378662e-02,-3.480248451232910156e-01,-1.795368492603302002e-01,5.305203795433044434e-01,-4.410968124866485596e-01,3.608528673648834229e-01,9.299443662166595459e-02,-5.015769600868225098e-01,1.026226356625556946e-01,2.487851977348327637e-01,3.495986461639404297e-01,4.367182850837707520e-01,-1.664583832025527954e-01,-1.302368044853210449e-01,-2.263084501028060913e-01,8.673172444105148315e-03,2.373445481061935425e-01
-1.269584745168685913e-01,-9.865887463092803955e-03,-6.816280074417591095e-03,9.903607517480850220e-02,-1.059402376413345337e-01,2.328085452318191528e-01,-3.446572646498680115e-02,-6.524833291769027710e-02,-1.354295313358306885e-01,-4.000104963779449463e-02,3.936761990189552307e-02,1.055153366178274155e-02,-1.250631064176559448e-01,8.986533433198928833e-02,-5.759850889444351196e-02,-8.495934307575225830e-02,-2.826370764523744583e-03,-3.567785024642944336e-02,-2.322857454419136047e-02,-3.089299798011779785e-02,5.089309439063072205e-02,3.492557629942893982e-02,1.009426563978195190e-01,-3.163336589932441711e-02,-7.357905153185129166e-03,-1.442775279283523560e-01,2.822017669677734375e-02,1.397570073604583740e-01,2.105864137411117554e-02,1.902662403881549835e-02,8.624217659235000610e-02,3.240346908569335938e-02,-4.052015766501426697e-02,7.885388284921646118e-02,2.412157831713557243e-03,3.243744000792503357e-02,7.032589055597782135e-03,-4.740152880549430847e-02,1.615033298730850220e-01,-4.620816186070442200e-02,-1.564782857894897461e-01,-1.952118612825870514e-02,6.017031148076057434e-02,2.005573827773332596e-03,9.642797708511352539e-02,4.537333920598030090e-02,7.544177025556564331e-02,2.199064474552869797e-03,-7.162436097860336304e-02,-8.241645246744155884e-02,1.381536871194839478e-01,-1.046036109328269958e-01,-5.532492324709892273e-02,-7.776249200105667114e-02,4.220397025346755981e-02,4.413609951734542847e-02,2.343005873262882233e-02,-3.434166545048356056e-03,1.146539673209190369e-01,6.198100163601338863e-04,-2.070177718997001648e-02,1.787497848272323608e-02,1.460092724300920963e-03,-1.511159539222717285e-01,-2.305252104997634888e-02,2.589486911892890930e-02,2.500671334564685822e-02,-7.209455221891403198e-02,5.772866681218147278e-02,-7.508637756109237671e-02,7.602327316999435425e-02,-1.256256699562072754e-01,-1.274376735091209412e-02,-6.357876956462860107e-02,8.533919602632522583e-02,4.209219664335250854e-02,5.543418228626251221e-03,-4.737645015120506287e-02,-2.263933187350630760e-03,3.052575699985027313e-02,1.503383275121450424e-02,1.556022616568952799e-04,6.253969669342041016e-02,-3.661214374005794525e-03,9.223785251379013062e-02,1.078124120831489563e-01,-9.487580507993698120e-02,-2.397618722170591354e-03,-9.252020716667175293e-02,-2.812743000686168671e-02,5.832205712795257568e-02,-3.923636302351951599e-02,-3.605278581380844116e-02,7.525235414505004883e-02,5.719821155071258545e-02,3.538601845502853394e-02,-1.784176006913185120e-02,7.240401464514434338e-05,3.437207639217376709e-02,-1.705701500177383423e-01,-1.227098610252141953e-02,-1.975696533918380737e-01,3.075108863413333893e-02,3.259674832224845886e-02,-7.626250386238098145e-02,9.579654037952423096e-02,-3.960005566477775574e-02,-4.409738350659608841e-03,2.032911330461502075e-01,3.494182368740439415e-03,9.327628463506698608e-02,-1.272332072257995605e-01,-1.234366185963153839e-02,1.240651831030845642e-01,-6.490068137645721436e-02,1.262520104646682739e-01,-7.297540456056594849e-02,3.343879058957099915e-02,7.776808738708496094e-02,6.473652087152004242e-03,-6.515141110867261887e-03,-5.502338334918022156e-02,-8.371542394161224365e-02,3.603348508477210999e-02,-1.005000397562980652e-01,8.989818394184112549e-03,8.549568592570722103e-04,1.520598959177732468e-02
1.409836113452911377e-01,1.333796326071023941e-02,-1.399423480033874512e-01,7.149742543697357178e-02,9.312932193279266357e-02,-3.446572646498680115e-02,1.123184412717819214e-01,1.346959620714187622e-01,4.281461238861083984e-02,6.596360355615615845e-02,-5.128835141658782959e-02,-6.235083565115928650e-02,7.513218373060226440e-02,6.227324903011322021e-02,1.421156674623489380e-01,1.154884248971939087e-01,6.460885051637887955e-03,2.235571481287479401e-02,-5.489219352602958679e-02,-7.233550399541854858e-02,-7.309675961732864380e-02,9.043543040752410889e-02,4.257015511393547058e-02,-1.549047976732254028e-02,1.706594228744506836e-02,1.297124475240707397e-01,-8.356690406799316406e-02,-9.698838740587234497e-02,1.122350394725799561e-01,-1.057207733392715454e-01,-5.979989469051361084e-02,-1.317260265350341797e-01,1.025975197553634644e-01,4.762243852019309998e-02,-1.391462143510580063e-02,-1.062742248177528381e-01,1.718916185200214386e-02,8.050353080034255981e-02,-1.813047081232070923e-01,-1.359152644872665405e-01,1.785368025302886963e-01,3.946019709110260010e-02,2.208029851317405701e-02,1.839536242187023163e-02,-5.925787240266799927e-02,-8.074253052473068237e-02,-1.677604317665100098e-01,-5.894623696804046631e-02,4.277525842189788818e-02,2.206137403845787048e-02,-4.047169536352157593e-02,2.185956388711929321e-02,8.743505924940109253e-02,-1.501094363629817963e-02,-1.074848417192697525e-02,-1.499844938516616821e-01,3.033817186951637268e-02,1.202083099633455276e-02,-8.851465582847595215e-02,-6.098536401987075806e-02,-3.678615391254425049e-02,3.232468292117118835e-02,6.445001810789108276e-03,1.449408829212188721e-01,3.069569915533065796e-02,-3.079597093164920807e-02,-3.718484565615653992e-02,1.354526430368423462e-01,-1.133837327361106873e-01,8.363271504640579224e-02,-1.656118631362915039e-01,2.923154830932617188e-02,8.924825116991996765e-03,1.550487279891967773e-01,-7.277484238147735596e-02,-1.479401737451553345e-01,-2.859756117686629295e-03,1.736732721328735352e-01,-1.107329353690147400e-01,-1.300622075796127319e-01,1.509736925363540649e-01,1.303383731283247471e-03,-1.278287619352340698e-01,-5.817114724777638912e-04,-1.769329011440277100e-01,-6.773110479116439819e-02,1.429788917303085327e-01,3.473964054137468338e-03,3.507287800312042236e-02,8.395622670650482178e-02,-6.475948542356491089e-02,-1.152880862355232239e-02,-6.219455227255821228e-02,-3.528267610818147659e-03,-1.407515853643417358e-01,-1.116550937294960022e-01,9.812258183956146240e-02,-1.843217469286173582e-04,-1.140806227922439575e-01,1.960754990577697754e-01,-7.694668322801589966e-02,1.766038686037063599e-01,-1.362017393112182617e-01,-6.841029971837997437e-02,1.672590225934982300e-01,1.301916390657424927e-01,-9.339701384305953979e-02,-5.950449407100677490e-02,-1.478823721408843994e-01,-7.560185622423887253e-03,2.066898718476295471e-02,-6.992658972740173340e-02,-7.338492572307586670e-02,2.967623062431812286e-02,1.505067646503448486e-01,-1.484073400497436523e-01,1.342454254627227783e-01,2.469147183001041412e-02,-2.096342593431472778e-01,3.388453274965286255e-02,6.419686228036880493e-02,1.539149582386016846e-01,1.561388671398162842e-01,-2.866582013666629791e-02,-2.494621090590953827e-02,-1.062980294227600098e-01,2.126181684434413910e-02,8.828780800104141235e-02
4.096335470676422119e-01,4.635071009397506714e-02,-3.222481608390808105e-01,1.278321146965026855e-01,3.176861703395843506e-01,-6.524833291769027710e-02,1.346959620714187622e-01,5.041092038154602051e-01,3.108602948486804962e-02,1.023012772202491760e-01,-2.598800137639045715e-02,-1.494094729423522949e-01,2.363379895687103271e-01,2.319638878107070923e-01,3.988541662693023682e-01,3.465653061866760254e-01,-1.293892157264053822e-03,1.168905496597290039e-01,-2.603586763143539429e-02,-1.387991458177566528e-01,-1.099709304980933666e-03,2.379326820373535156e-01,1.211619973182678223e-01,4.014386981725692749e-02,2.088747918605804443e-02,2.639155387878417969e-01,-2.347654700279235840e-01,-3.479695022106170654e-01,3.248973786830902100e-01,-2.495416253805160522e-01,-6.401636451482772827e-02,-2.053859680891036987e-01,9.953430294990539551e-02,1.964349895715713501e-01,-4.507825896143913269e-02,-3.129651844501495361e-01,3.501989692449569702e-02,1.785795688629150391e-01,-4.958503246307373047e-01,-3.726934194564819336e-01,3.062444627285003662e-01,7.168557494878768921e-02,1.824167966842651367e-01,5.349348485469818115e-02,8.214786648750305176e-02,-2.280201315879821777e-01,-4.079987108707427979e-01,-1.423810869455337524e-01,-4.742523655295372009e-03,4.958133026957511902e-02,-3.047895990312099457e-02,-1.265240311622619629e-01,1.559804081916809082e-01,-4.596158117055892944e-02,-1.366906464099884033e-01,-4.138805866241455078e-01,1.002633348107337952e-01,3.434239327907562256e-02,-1.530763506889343262e-01,-1.496127843856811523e-01,2.604930102825164795e-02,-4.001552984118461609e-02,1.111552119255065918e-02,1.011558994650840759e-01,2.248820103704929352e-02,-4.925490543246269226e-02,-3.308062627911567688e-02,3.683074116706848145e-01,-2.963980734348297119e-01,2.291428744792938232e-01,-3.638890087604522705e-01,-1.566285043954849243e-01,3.442675247788429260e-02,3.422634601593017578e-01,-1.113451346755027771e-01,-3.079902827739715576e-01,-7.915498688817024231e-03,3.685351312160491943e-01,-1.418719291687011719e-01,-2.604442238807678223e-01,2.411318868398666382e-01,3.036219859495759010e-03,-4.020134508609771729e-01,-2.685319166630506516e-03,-3.562791943550109863e-01,-2.793979346752166748e-01,3.324088454246520996e-01,1.265889871865510941e-02,4.447115585207939148e-02,1.582026183605194092e-01,-1.563768386840820312e-01,3.223948553204536438e-02,-4.876630380749702454e-02,-8.728177845478057861e-02,-2.297581434249877930e-01,-2.359483391046524048e-01,3.567895293235778809e-01,-3.592029388528317213e-04,-3.479654490947723389e-01,3.255386948585510254e-01,-1.694302856922149658e-01,3.159376084804534912e-01,-2.604709267616271973e-01,-1.486849933862686157e-01,2.624142765998840332e-01,2.416738271713256836e-01,-3.165411064401268959e-03,-1.943778395652770996e-01,-2.826973795890808105e-01,1.912977313622832298e-04,2.945174463093280792e-02,5.092789418995380402e-03,-2.187144458293914795e-01,-1.538063585758209229e-01,4.488201141357421875e-01,-3.065254390239715576e-01,4.179884195327758789e-01,5.352331697940826416e-02,-4.808645546436309814e-01,3.903422132134437561e-02,1.359059512615203857e-01,2.848774492740631104e-01,3.297345340251922607e-01,-1.182372309267520905e-02,-7.495298981666564941e-02,-1.523940563201904297e-01,-3.837296506389975548e-03,1.619444489479064941e-01
1.207871809601783752e-01,2.732955291867256165e-02,-1.621721237897872925e-01,8.221010863780975342e-02,9.989209473133087158e-02,-1.354295313358306885e-01,4.281461238861083984e-02,3.108602948486804962e-02,1.633985489606857300e-01,9.243614971637725830e-02,-4.046904668211936951e-02,-7.974346727132797241e-02,1.553855389356613159e-01,1.099367812275886536e-01,1.764304190874099731e-01,1.794153004884719849e-01,6.752228364348411560e-03,9.676372259855270386e-02,-9.408992528915405273e-02,-6.583686918020248413e-02,-2.243247777223587036e-01,1.411331743001937866e-01,3.974596038460731506e-02,-2.793722599744796753e-02,3.164751827716827393e-02,2.552552521228790283e-01,-1.485912948846817017e-01,-1.102632731199264526e-01,8.339282125234603882e-02,-1.170859392732381821e-02,-6.120463088154792786e-02,-2.411977499723434448e-01,1.925163567066192627e-01,3.170140087604522705e-02,-2.680520061403512955e-03,-1.839917600154876709e-01,4.252785444259643555e-02,1.096660867333412170e-01,-1.344945728778839111e-01,-1.180706620216369629e-01,2.489077448844909668e-01,3.898520395159721375e-02,7.610984891653060913e-02,1.893777586519718170e-02,-1.420946568250656128e-01,-1.010262966156005859e-01,-1.901411265134811401e-01,-6.265637278556823730e-02,4.612129554152488708e-02,5.236809328198432922e-02,-7.044205814599990845e-02,9.070940315723419189e-02,1.110812351107597351e-01,8.839637041091918945e-03,4.903274774551391602e-02,-1.729342341423034668e-01,2.431745268404483795e-02,1.324133481830358505e-02,-1.286976337432861328e-01,-1.017266064882278442e-01,-5.559008568525314331e-02,6.285959482192993164e-02,8.512917906045913696e-03,1.992560327053070068e-01,3.124441578984260559e-02,-5.676837265491485596e-02,-1.439116895198822021e-02,1.758969575166702271e-01,-1.950029134750366211e-01,4.282372817397117615e-02,-1.557132154703140259e-01,1.424151808023452759e-01,-6.848180294036865234e-02,2.114725559949874878e-01,-1.069125905632972717e-01,-1.669810861349105835e-01,-4.665228538215160370e-03,2.148215770721435547e-01,-1.265060752630233765e-01,-1.946101784706115723e-01,2.134416550397872925e-01,1.683965674601495266e-03,-1.106758713722229004e-01,4.437843803316354752e-03,-2.001500427722930908e-01,-1.571264117956161499e-01,7.421624660491943359e-02,6.111696362495422363e-03,1.470892429351806641e-01,9.305875003337860107e-02,-3.597943112254142761e-02,-6.347803026437759399e-02,-1.503612250089645386e-01,5.607597157359123230e-02,-2.123604565858840942e-01,-4.620961844921112061e-02,5.793783813714981079e-02,-1.961657399078831077e-04,-1.282287240028381348e-01,1.994147300720214844e-01,-3.595265746116638184e-02,1.634030938148498535e-01,-2.266230136156082153e-01,-9.136336296796798706e-02,2.379121035337448120e-01,8.568814955651760101e-03,-1.707203686237335205e-01,-1.389987766742706299e-01,-1.388678103685379028e-01,-1.886537857353687286e-02,1.584402769804000854e-01,-6.554020196199417114e-02,-1.490364968776702881e-01,-3.008213080465793610e-02,1.446915417909622192e-01,-2.168309688568115234e-01,1.005909442901611328e-01,1.424585375934839249e-02,-2.186655104160308838e-01,7.304844260215759277e-02,6.996939331293106079e-02,1.903378367424011230e-01,2.062645107507705688e-01,-8.972312510013580322e-02,-2.933593094348907471e-02,-1.653919219970703125e-01,2.366875484585762024e-02,8.210870623588562012e-02
9.816489368677139282e-02,4.431444779038429260e-02,-3.045482933521270752e-01,2.022831588983535767e-01,1.532021164894104004e-01,-4.000104963779449463e-02,6.596360355615615845e-02,1.023012772202491760e-01,9.243614971637725830e-02,1.169870048761367798e-01,-1.330079976469278336e-02,-1.280162632465362549e-01,2.201966643333435059e-01,1.955126971006393433e-01,2.800604403018951416e-01,2.743179202079772949e-01,2.495443448424339294e-03,1.525578498840332031e-01,-1.675577163696289062e-01,-1.502908915281295776e-01,-1.810934990644454956e-01,2.673931717872619629e-01,1.571090817451477051e-01,-3.706416487693786621e-02,3.887657448649406433e-02,3.253358900547027588e-01,-2.772501111030578613e-01,-1.573562920093536377e-01,2.529569566249847412e-01,-8.289308100938796997e-02,-3.591050393879413605e-03,-3.175780773162841797e-01,2.342562079429626465e-01,1.422818452119827271e-01,-1.221921853721141815e-02,-3.016774356365203857e-01,7.317740470170974731e-02,1.658880710601806641e-01,-2.166015952825546265e-01,-2.013358026742935181e-01,2.853160798549652100e-01,3.959365934133529663e-02,2.256956696510314941e-01,4.167910665273666382e-02,-7.595267891883850098e-02,-1.919409781694412231e-01,-3.113073706626892090e-01,-9.471201896667480469e-02,3.639688482508063316e-03,4.096696153283119202e-02,1.442277710884809494e-02,6.166419945657253265e-03,1.047544404864311218e-01,-1.889635622501373291e-02,2.412277646362781525e-02,-3.123707473278045654e-01,6.059983745217323303e-02,2.496019378304481506e-02,-1.676103621721267700e-01,-1.620336025953292847e-01,-5.345132201910018921e-02,6.384103000164031982e-02,1.229699514806270599e-02,1.624479889869689941e-01,2.453884296119213104e-02,-7.462415844202041626e-02,3.155945613980293274e-02,2.828795909881591797e-01,-2.849173843860626221e-01,7.792838662862777710e-02,-2.449581474065780640e-01,9.491419419646263123e-03,-6.983401626348495483e-02,3.012009859085083008e-01,-1.002967804670333862e-01,-2.734048664569854736e-01,-6.069461815059185028e-03,3.488544225692749023e-01,-1.509899646043777466e-01,-2.916263639926910400e-01,3.300708234310150146e-01,2.850068965926766396e-03,-2.115273177623748779e-01,3.457196056842803955e-03,-2.625354230403900146e-01,-2.440479993820190430e-01,1.392013281583786011e-01,1.165217533707618713e-02,1.531291157007217407e-01,1.363883614540100098e-01,-5.211251601576805115e-02,-8.228998631238937378e-02,-2.404893934726715088e-01,9.211141616106033325e-02,-2.877748608589172363e-01,-5.077967420220375061e-02,1.634671092033386230e-01,-2.860980748664587736e-04,-2.189027070999145508e-01,2.064677029848098755e-01,-8.872058987617492676e-02,1.543703228235244751e-01,-3.273187279701232910e-01,-1.384085863828659058e-01,3.558371365070343018e-01,7.132671028375625610e-02,-2.348899841308593750e-01,-2.617150545120239258e-01,-1.032107546925544739e-01,-2.324402704834938049e-02,1.989215165376663208e-01,-1.566107124090194702e-01,-2.535836100578308105e-01,-9.734574705362319946e-03,2.975295186042785645e-01,-2.927724123001098633e-01,1.680504679679870605e-01,7.967305928468704224e-02,-3.206800222396850586e-01,9.790897369384765625e-02,1.657588630914688110e-01,2.549391686916351318e-01,2.893917858600616455e-01,-1.253140270709991455e-01,-1.245015934109687805e-01,-2.066674679517745972e-01,2.807664684951305389e-02,1.728889793157577515e-01
-8.939731121063232422e-02,6.357840262353420258e-03,-2.173767425119876862e-02,-2.057867497205734253e-02,-7.176045794039964676e-03,3.936761990189552307e-02,-5.128835141658782959e-02,-2.598800137639045715e-02,-4.046904668211936951e-02,-1.330079976469278336e-02,8.052655309438705444e-02,-1.866680569946765900e-03,6.877543032169342041e-02,5.526382941752672195e-03,5.711250007152557373e-03,3.483037278056144714e-02,-6.437413860112428665e-03,1.596173271536827087e-02,-1.180643797852098942e-03,-2.215369045734405518e-02,1.108234748244285583e-01,3.197309002280235291e-02,6.122920289635658264e-02,-2.201378345489501953e-03,-4.252960439771413803e-03,2.792634814977645874e-02,-7.514867186546325684e-02,-1.429302431643009186e-02,8.604998141527175903e-02,8.470871485769748688e-03,6.749849766492843628e-02,1.195118669420480728e-02,-5.771377310156822205e-02,8.220497518777847290e-02,-4.269572906196117401e-03,-5.285609140992164612e-02,8.515098132193088531e-03,8.623322471976280212e-03,-1.785791129805147648e-03,7.220610231161117554e-02,-7.944921404123306274e-02,-3.667433559894561768e-02,9.966757148504257202e-02,6.520941853523254395e-03,9.017775952816009521e-02,-9.658993780612945557e-02,-5.188764072954654694e-03,3.854467719793319702e-02,-4.871275275945663452e-02,-7.408533990383148193e-02,5.885166302323341370e-02,-7.288426160812377930e-02,-6.996026635169982910e-02,2.055612392723560333e-02,-5.778090655803680420e-02,-3.677409514784812927e-02,6.081412080675363541e-03,4.749302752315998077e-03,1.690257154405117035e-02,7.355464040301740170e-04,5.193974450230598450e-02,-3.238562867045402527e-02,-3.636036068201065063e-03,-1.181676238775253296e-01,-3.742326050996780396e-02,-1.546320272609591484e-03,4.383930563926696777e-02,2.597267040982842445e-03,-3.584014251828193665e-02,-2.334101125597953796e-02,2.700098603963851929e-02,-1.673514693975448608e-01,-8.716300129890441895e-03,-1.735568279400467873e-03,5.214051157236099243e-02,4.762455821037292480e-02,-1.686422852799296379e-03,2.789592929184436798e-02,1.246274486184120178e-01,-8.532578125596046448e-03,-2.829222194850444794e-02,2.449607709422707558e-04,-1.784368418157100677e-02,-4.374760319478809834e-04,8.473033457994461060e-02,-7.497172057628631592e-02,-3.391253063455224037e-03,3.812660928815603256e-03,2.210265025496482849e-02,-6.556954700499773026e-03,2.969490364193916321e-02,3.226419165730476379e-02,4.838540684431791306e-03,-3.679042682051658630e-03,2.950309962034225464e-02,5.661971867084503174e-02,-1.029712893068790436e-02,3.386432217666879296e-05,-3.220502659678459167e-02,-9.767550230026245117e-02,-1.167114078998565674e-02,-5.963164567947387695e-02,2.797245513647794724e-03,-3.908856306225061417e-03,3.294404828920960426e-03,-1.080312654376029968e-01,6.750726699829101562e-02,-5.982412770390510559e-02,9.476756304502487183e-02,7.966333942022174597e-05,-7.072356529533863068e-03,1.655418053269386292e-02,-2.983150072395801544e-02,-1.123843248933553696e-02,3.724957630038261414e-02,5.226072855293750763e-03,-1.580224721692502499e-03,4.279628023505210876e-02,4.875540733337402344e-02,-1.038120035082101822e-02,3.010695986449718475e-02,-4.988089576363563538e-02,-1.834713853895664215e-02,-3.336122492328286171e-03,-7.703322917222976685e-02,2.519750967621803284e-02,-2.784205367788672447e-03,-1.119301654398441315e-02
-1.189445480704307556e-01,-5.312024056911468506e-02,3.682152926921844482e-01,-2.519024908542633057e-01,-1.829432547092437744e-01,1.055153366178274155e-02,-6.235083565115928650e-02,-1.494094729423522949e-01,-7.974346727132797241e-02,-1.280162632465362549e-01,-1.866680569946765900e-03,1.552413702011108398e-01,-2.516556978225708008e-01,-2.629551887512207031e-01,-3.404060006141662598e-01,-3.285374641418457031e-01,-1.054688938893377781e-03,-1.815654188394546509e-01,1.888304650783538818e-01,1.815654188394546509e-01,1.805980652570724487e-01,-3.301152288913726807e-01,-2.085323482751846313e-01,4.216009005904197693e-02,-4.294537380337715149e-02,-3.617635667324066162e-01,3.300522863864898682e-01,1.856135129928588867e-01,-3.199557065963745117e-01,1.009572744369506836e-01,-1.368671748787164688e-02,3.618147373199462891e-01,-2.523162364959716797e-01,-1.982934921979904175e-01,1.767198741436004639e-02,3.677812218666076660e-01,-8.674109727144241333e-02,-1.926139593124389648e-01,2.552113533020019531e-01,2.607732117176055908e-01,-3.052024543285369873e-01,-4.263241216540336609e-02,-2.924865484237670898e-01,-5.220366269350051880e-02,4.257641360163688660e-02,2.328436374664306641e-01,3.699598312377929688e-01,1.146659106016159058e-01,1.907130330801010132e-02,-2.775432169437408447e-02,-4.339100047945976257e-02,3.417723625898361206e-02,-1.121011003851890564e-01,3.924416005611419678e-02,-1.623171195387840271e-02,3.798034787178039551e-01,-8.414883911609649658e-02,-3.101760707795619965e-02,1.720879077911376953e-01,1.954673528671264648e-01,5.249898508191108704e-02,-6.339804828166961670e-02,-1.447539404034614563e-02,-1.394631862640380859e-01,-2.118478901684284210e-02,8.251290023326873779e-02,-4.222026094794273376e-02,-3.346347510814666748e-01,3.392784297466278076e-01,-8.813532441854476929e-02,2.850126624107360840e-01,4.287706315517425537e-02,8.226673305034637451e-02,-3.550813496112823486e-01,9.916703402996063232e-02,3.142832517623901367e-01,6.632069591432809830e-03,-4.113325774669647217e-01,1.673537045717239380e-01,3.435511589050292969e-01,-3.851433992385864258e-01,-3.504053456708788872e-03,2.616665661334991455e-01,-3.192610107362270355e-03,2.966012358665466309e-01,2.923946380615234375e-01,-1.551967710256576538e-01,-1.423145644366741180e-02,-1.615116745233535767e-01,-1.577454060316085815e-01,5.587414652109146118e-02,9.339127689599990845e-02,2.753868997097015381e-01,-1.053193584084510803e-01,3.247371315956115723e-01,6.054093316197395325e-02,-2.100744247436523438e-01,3.284248232375830412e-04,2.736907601356506348e-01,-2.127382755279541016e-01,1.128927543759346008e-01,-1.510056555271148682e-01,3.821016252040863037e-01,1.609705686569213867e-01,-3.990288674831390381e-01,-1.000500917434692383e-01,2.545860707759857178e-01,3.200888037681579590e-01,8.951523900032043457e-02,2.449782006442546844e-02,-2.479072213172912598e-01,1.835743784904479980e-01,3.120696246623992920e-01,1.727635972201824188e-02,-3.627505600452423096e-01,3.278023898601531982e-01,-2.121264338493347168e-01,-1.020530685782432556e-01,3.785642087459564209e-01,-1.123023778200149536e-01,-1.951618492603302002e-01,-2.921002507209777832e-01,-3.306176066398620605e-01,1.314821392297744751e-01,1.690980941057205200e-01,2.368633151054382324e-01,-2.770530432462692261e-02,-2.027824372053146362e-01
