5.062123537063598633e-01,-2.237296663224697113e-03,-1.699463836848735809e-02,-7.931153476238250732e-02,1.679279953241348267e-01,-1.238353997468948364e-01,1.243010163307189941e-01,3.670092225074768066e-01,7.503796368837356567e-02,2.117656730115413666e-02,-9.928776323795318604e-02,-1.989033818244934082e-02,-6.906477734446525574e-03,2.037692517042160034e-01,1.357314139604568481e-01,4.601681604981422424e-02,5.676082801073789597e-03,-8.667024224996566772e-02,1.601242721080780029e-01,1.392783131450414658e-02,-9.829372167587280273e-02,-5.066992715001106262e-02,-6.387263536453247070e-02,4.201225936412811279e-02,-1.222239714115858078e-02,-8.045821636915206909e-02,9.597841650247573853e-02,-2.282550185918807983e-01,-3.650282695889472961e-02,-1.921688020229339600e-01,-1.644194871187210083e-01,4.151159152388572693e-02,-2.326911315321922302e-02,-2.418924123048782349e-02,-2.766029164195060730e-02,2.256351895630359650e-02,-4.236384853720664978e-02,5.468537565320730209e-03,-2.530892789363861084e-01,-3.550617396831512451e-01,1.221048459410667419e-01,9.373711049556732178e-02,-1.418483555316925049e-01,6.899545434862375259e-03,2.888888306915760040e-02,-4.896508995443582535e-03,-9.854906052350997925e-02,-9.156270325183868408e-02,5.591309070587158203e-02,7.677271962165832520e-02,-1.064479798078536987e-01,-1.637396216392517090e-02,1.291025429964065552e-01,-5.245353281497955322e-02,-8.905639499425888062e-02,-6.298279017210006714e-02,2.543012984097003937e-02,4.632225260138511658e-03,1.251767110079526901e-02,1.150774676352739334e-02,1.078499574214220047e-02,-1.378186978399753571e-02,8.181234821677207947e-03,9.505478292703628540e-02,-1.158742513507604599e-02,2.764343656599521637e-02,-1.256925761699676514e-01,1.118078827857971191e-01,8.704011328518390656e-03,1.357262134552001953e-01,-1.320805400609970093e-01,-2.687194012105464935e-02,8.971203863620758057e-02,4.159465804696083069e-02,-8.649711310863494873e-02,-1.208936795592308044e-01,-1.578281400725245476e-03,2.348333364352583885e-03,-1.536150574684143066e-01,1.767576788552105427e-03,-3.720344230532646179e-02,3.263723338022828102e-04,-1.563291102647781372e-01,-5.336247850209474564e-03,-2.515875995159149170e-01,4.306643083691596985e-02,2.263151258230209351e-01,-3.965240903198719025e-03,-7.716230303049087524e-02,2.566521242260932922e-02,-9.993203729391098022e-02,3.616728261113166809e-02,1.801342219114303589e-01,-1.666294634342193604e-01,3.440051153302192688e-02,-2.265016436576843262e-01,1.963270604610443115e-01,-1.671689387876540422e-04,-1.089950501918792725e-01,2.389348298311233521e-01,-5.512268096208572388e-02,2.216984480619430542e-01,4.682648181915283203e-02,-7.510028779506683350e-03,-1.175912916660308838e-01,2.437556833028793335e-01,1.613813936710357666e-01,1.227076277136802673e-01,-2.774732112884521484e-01,2.204284630715847015e-02,-6.090549379587173462e-02,1.250072866678237915e-01,7.105511426925659180e-02,-2.029025703668594360e-01,5.607060343027114868e-02,-5.804754048585891724e-02,3.187754154205322266e-01,-1.111255362629890442e-01,-2.420329153537750244e-01,-3.178918734192848206e-02,-9.264496713876724243e-02,1.036877930164337158e-01,8.167199045419692993e-02,9.979490935802459717e-02,1.209911555051803589e-01,-8.871002495288848877e-02,-1.798856630921363831e-02,3.319104388356208801e-02
-2.237296663224697113e-03,1.991287991404533386e-02,-1.173873692750930786e-01,8.384519815444946289e-02,6.464788317680358887e-02,-1.458571385592222214e-02,-9.172570891678333282e-03,4.940943419933319092e-02,2.092617005109786987e-02,3.541011735796928406e-02,1.564497314393520355e-02,-5.054119974374771118e-02,1.019643843173980713e-01,3.788583725690841675e-02,1.179699674248695374e-01,1.129129603505134583e-01,-6.499787559732794762e-04,5.901778861880302429e-02,-5.741967260837554932e-02,-4.982144013047218323e-02,-2.129288017749786377e-02,1.183582618832588196e-01,6.222472339868545532e-02,-3.823013976216316223e-03,1.499418169260025024e-02,1.323925554752349854e-01,-1.264056712388992310e-01,-3.809083253145217896e-02,1.024170517921447754e-01,1.445730868726968765e-02,2.275507710874080658e-02,-1.170990839600563049e-01,7.997862994670867920e-02,6.363798677921295166e-02,-4.282064270228147507e-03,-1.275869607925415039e-01,2.138659358024597168e-02,5.742188170552253723e-02,-7.880884408950805664e-02,-5.478272214531898499e-02,9.800110012292861938e-02,3.300124080851674080e-03,1.057553514838218689e-01,1.538410782814025879e-02,1.175144221633672714e-02,-7.576582580804824829e-02,-1.233036518096923828e-01,-2.617047354578971863e-02,-1.173178013414144516e-02,1.146369799971580505e-02,3.727089846506714821e-03,-1.364251505583524704e-02,2.907318994402885437e-02,3.407523268833756447e-03,-1.803219318389892578e-02,-1.280077993869781494e-01,3.187307715415954590e-02,1.122989505529403687e-02,-4.305140674114227295e-02,-6.189503148198127747e-02,2.991345245391130447e-03,7.241238839924335480e-03,3.727869130671024323e-03,2.346048364415764809e-03,-3.577104536816477776e-03,-2.963688038289546967e-02,4.659558087587356567e-02,1.157534420490264893e-01,-1.148936003446578979e-01,7.643862627446651459e-03,-8.835878968238830566e-02,-7.644068100489675999e-04,-3.174001723527908325e-02,1.193260326981544495e-01,-2.031294815242290497e-02,-9.998506307601928711e-02,-3.135999897494912148e-03,1.334072351455688477e-01,-1.357181835919618607e-02,-1.063465774059295654e-01,1.180934458971023560e-01,1.317855669185519218e-03,-9.444094449281692505e-02,3.390513826161623001e-03,-7.581556588411331177e-02,-1.147785857319831848e-01,2.301606349647045135e-02,6.407714448869228363e-03,5.606275424361228943e-02,4.224745556712150574e-02,-2.474502846598625183e-02,-1.686748862266540527e-02,-9.400068968534469604e-02,4.355799779295921326e-02,-1.054814979434013367e-01,7.811855990439653397e-03,6.349522620439529419e-02,-1.325625198660418391e-04,-8.699498325586318970e-02,1.310029998421669006e-02,-2.940346486866474152e-02,1.745091751217842102e-02,-1.279803365468978882e-01,-4.122937470674514771e-02,1.345291435718536377e-01,-1.044654753059148788e-02,-7.879893481731414795e-02,-1.149273961782455444e-01,-7.381402887403964996e-03,-1.058973465114831924e-02,7.578664273023605347e-02,-4.062101244926452637e-02,-1.089888289570808411e-01,3.016265574842691422e-03,1.346868127584457397e-01,-1.085549071431159973e-01,5.049154162406921387e-02,3.630613163113594055e-02,-1.147287562489509583e-01,3.642809763550758362e-02,2.692242898046970367e-02,8.484488725662231445e-02,1.134799271821975708e-01,-5.441607907414436340e-02,-8.265598118305206299e-02,-3.806110471487045288e-02,3.339212154969573021e-03,4.999336227774620056e-02
-1.699463836848735809e-02,-1.173873692750930786e-01,7.559341788291931152e-01,-5.719531774520874023e-01,-3.860850930213928223e-01,2.872407436370849609e-02,4.128133878111839294e-04,-3.586178123950958252e-01,-1.175367012619972229e-01,-2.460806518793106079e-01,-8.444545418024063110e-02,3.483791947364807129e-01,-6.061534285545349121e-01,-3.017361164093017578e-01,-7.281265258789062500e-01,-6.874635815620422363e-01,-3.185876412317156792e-03,-3.144364356994628906e-01,3.928601145744323730e-01,3.591006696224212646e-01,1.362929642200469971e-01,-7.415028810501098633e-01,-4.672491550445556641e-01,9.238218516111373901e-02,-1.011230051517486572e-01,-7.511380910873413086e-01,7.376298308372497559e-01,2.073846012353897095e-01,-6.770991683006286621e-01,-4.310015588998794556e-02,-1.054659485816955566e-01,7.305156588554382324e-01,-5.238090753555297852e-01,-4.673967957496643066e-01,3.733681887388229370e-02,7.624323368072509766e-01,-1.391817480325698853e-01,-3.841778934001922607e-01,5.228064656257629395e-01,4.107707440853118896e-01,-6.209967136383056641e-01,-3.195234388113021851e-02,-6.192325353622436523e-01,-1.053231582045555115e-01,-8.154504001140594482e-02,5.241819024085998535e-01,7.654610872268676758e-01,1.847172975540161133e-01,5.402451381087303162e-02,1.504730526357889175e-02,-4.050316289067268372e-02,8.539168536663055420e-02,-2.020162194967269897e-01,4.918120801448822021e-02,1.180671304464340210e-01,7.761250138282775879e-01,-2.412072718143463135e-01,-7.771088182926177979e-02,2.180262356996536255e-01,4.105922579765319824e-01,1.612915843725204468e-02,-9.074197709560394287e-02,-2.752432040870189667e-02,-3.804017230868339539e-02,2.374530583620071411e-02,1.918755173683166504e-01,-2.539981901645660400e-01,-6.945621967315673828e-01,7.095180153846740723e-01,-2.507178112864494324e-02,6.163026094436645508e-01,5.305854603648185730e-02,1.956175863742828369e-01,-7.516412138938903809e-01,1.297979652881622314e-01,6.290727257728576660e-01,1.906292326748371124e-02,-8.193020820617675781e-01,1.387299746274948120e-01,7.044159770011901855e-01,-7.591699361801147461e-01,-9.363246150314807892e-03,6.085523962974548340e-01,-1.937668211758136749e-02,5.265621542930603027e-01,6.327302455902099609e-01,-1.836452484130859375e-01,-4.047752916812896729e-02,-3.291208446025848389e-01,-3.101127147674560547e-01,1.646367311477661133e-01,1.129027903079986572e-01,5.847097635269165039e-01,-2.716396450996398926e-01,6.773193478584289551e-01,8.443753235042095184e-03,-4.023700654506683350e-01,9.406777098774909973e-04,5.885382294654846191e-01,-1.526334881782531738e-01,2.512904107570648193e-01,-1.560204774141311646e-01,7.742991447448730469e-01,2.800104022026062012e-01,-7.958930730819702148e-01,-3.953647986054420471e-02,5.262803435325622559e-01,6.948785185813903809e-01,3.205372765660285950e-02,6.934279203414916992e-02,-4.941395521163940430e-01,3.504790067672729492e-01,6.810012459754943848e-01,-1.345782279968261719e-01,-7.842730283737182617e-01,6.701265573501586914e-01,-3.652030527591705322e-01,-2.738385796546936035e-01,7.361247539520263672e-01,-2.469032257795333862e-01,-1.643209904432296753e-01,-5.898457765579223633e-01,-7.090227007865905762e-01,3.162562251091003418e-01,5.864636301994323730e-01,3.245578706264495850e-01,-4.594855010509490967e-02,-3.697060346603393555e-01
-7.931153476238250732e-02,8.384519815444946289e-02,-5.719531774520874023e-01,5.873901844024658203e-01,2.048411369323730469e-01,6.313762813806533813e-02,-5.056129768490791321e-02,1.691383719444274902e-01,6.601690500974655151e-02,1.724623888731002808e-01,2.379484847187995911e-02,-2.570124268531799316e-01,3.407045304775238037e-01,3.016998469829559326e-01,5.219756960868835449e-01,4.674589335918426514e-01,3.361480776220560074e-03,3.020765185356140137e-01,-3.581224083900451660e-01,-2.382589280605316162e-01,-2.551271021366119385e-01,6.138073205947875977e-01,3.430272042751312256e-01,-8.981974422931671143e-02,8.508794009685516357e-02,5.599679350852966309e-01,-5.302951931953430176e-01,5.193392280489206314e-04,4.305578172206878662e-01,1.525746732950210571e-01,1.195172592997550964e-01,-6.231055259704589844e-01,4.764313101768493652e-01,2.986463308334350586e-01,-9.765667840838432312e-03,-5.849710702896118164e-01,1.288811266422271729e-01,2.596766650676727295e-01,-2.270548939704895020e-01,-3.822907805442810059e-01,4.788574576377868652e-01,3.072808869183063507e-02,4.775998294353485107e-01,7.266195863485336304e-02,5.254912190139293671e-03,-2.378071844577789307e-01,-5.454221367835998535e-01,-1.786613464355468750e-01,-6.150780245661735535e-02,4.866339638829231262e-02,7.160312682390213013e-02,-3.520324826240539551e-02,1.756223887205123901e-01,-1.037061661481857300e-01,6.265100836753845215e-02,-5.550833344459533691e-01,1.921546757221221924e-01,4.931188374757766724e-02,-1.166675761342048645e-01,-3.474313914775848389e-01,-8.705653250217437744e-02,1.035050526261329651e-01,2.513725124299526215e-02,5.091121792793273926e-02,1.806009933352470398e-02,-1.419675797224044800e-01,2.104368954896926880e-01,4.997483491897583008e-01,-5.342225432395935059e-01,-4.508372768759727478e-02,-4.188182055950164795e-01,1.488543599843978882e-01,-2.085359692573547363e-01,5.818165540695190430e-01,-9.100113064050674438e-02,-5.075626969337463379e-01,-8.369135670363903046e-03,6.181129217147827148e-01,-2.474346756935119629e-01,-5.306725502014160156e-01,6.964552402496337891e-01,6.898822262883186340e-03,-3.841124475002288818e-01,1.689240150153636932e-02,-3.992455899715423584e-01,-4.074550867080688477e-01,-2.217617444694042206e-02,2.690316922962665558e-02,2.016632109880447388e-01,2.144467085599899292e-01,-7.829151302576065063e-02,-1.877476572990417480e-01,-5.863095521926879883e-01,3.238195776939392090e-01,-5.717338919639587402e-01,3.768719360232353210e-02,2.684230208396911621e-01,-6.549205863848328590e-04,-3.480482399463653564e-01,5.880020931363105774e-02,-1.472932100296020508e-01,-3.042460046708583832e-02,-6.637834906578063965e-01,-1.937069892883300781e-01,6.544802784919738770e-01,1.170243099331855774e-01,-5.779068470001220703e-01,-5.701463818550109863e-01,6.027174741029739380e-02,-5.704125016927719116e-02,5.524290800094604492e-01,-3.766897022724151611e-01,-5.734057426452636719e-01,1.637000143527984619e-01,5.642188787460327148e-01,-4.474777281284332275e-01,1.379832774400711060e-01,1.838706135749816895e-01,-5.572214126586914062e-01,2.252218127250671387e-01,1.058823242783546448e-01,4.638346135616302490e-01,5.249620079994201660e-01,-2.556728124618530273e-01,-4.293873608112335205e-01,-2.365511357784271240e-01,2.707405015826225281e-02,2.777590751647949219e-01
1.679279953241348267e-01,6.464788317680358887e-02,-3.860850930213928223e-01,2.048411369323730469e-01,3.138482272624969482e-01,-1.210514158010482788e-01,3.772949054837226868e-02,3.220863640308380127e-01,8.237185329198837280e-02,1.252492368221282959e-01,1.974777691066265106e-02,-1.695455610752105713e-01,3.703721761703491211e-01,1.072947680950164795e-01,4.416081905364990234e-01,4.033961594104766846e-01,-1.521798782050609589e-03,1.495082229375839233e-01,-1.238940283656120300e-01,-1.619735062122344971e-01,-2.389559336006641388e-02,3.507225513458251953e-01,1.581018269062042236e-01,1.445493195205926895e-02,4.051480814814567566e-02,4.198380410671234131e-01,-4.032689929008483887e-01,-2.548140883445739746e-01,3.602950572967529297e-01,-7.453213632106781006e-02,6.268337368965148926e-03,-3.329928517341613770e-01,2.304413020610809326e-01,1.905060857534408569e-01,-2.708864584565162659e-02,-4.005045294761657715e-01,4.621338844299316406e-02,2.006399929523468018e-01,-4.212239682674407959e-01,-2.492326050996780396e-01,3.739156723022460938e-01,4.234451428055763245e-02,2.865985631942749023e-01,5.389625579118728638e-02,7.003493607044219971e-02,-2.928804457187652588e-01,-4.628202617168426514e-01,-1.035549044609069824e-01,-4.829599056392908096e-03,7.488481700420379639e-02,-4.452659189701080322e-02,-5.161175131797790527e-02,1.254464834928512573e-01,3.043419681489467621e-02,-1.383066922426223755e-01,-4.594151377677917480e-01,9.774425625801086426e-02,4.035788401961326599e-02,-1.816434264183044434e-01,-1.819091439247131348e-01,4.245959594845771790e-02,2.361963037401437759e-03,1.253973785787820816e-02,5.077373608946800232e-02,-1.349670812487602234e-02,-8.960844576358795166e-02,1.178410351276397705e-01,4.302567839622497559e-01,-3.520787060260772705e-01,1.078794002532958984e-01,-3.577142655849456787e-01,-6.106956303119659424e-02,-3.528353944420814514e-02,3.981925249099731445e-01,-1.019492000341415405e-01,-3.788532018661499023e-01,-1.297062356024980545e-02,4.442387819290161133e-01,-5.577252805233001709e-02,-3.451214730739593506e-01,3.359690308570861816e-01,4.135675262659788132e-03,-3.819660544395446777e-01,9.312858805060386658e-03,-3.418003916740417480e-01,-3.990753889083862305e-01,2.085730582475662231e-01,2.052102051675319672e-02,1.751103550195693970e-01,1.504764556884765625e-01,-1.459090709686279297e-01,-3.335169283673167229e-03,-1.996171325445175171e-01,3.539719060063362122e-02,-3.181541264057159424e-01,-4.832996428012847900e-02,3.027870059013366699e-01,-4.990809247829020023e-04,-3.328012228012084961e-01,1.536851078271865845e-01,-1.165303215384483337e-01,1.922120153903961182e-01,-3.784668147563934326e-01,-1.436008661985397339e-01,4.129779636859893799e-01,2.006274834275245667e-02,-1.553259491920471191e-01,-3.261484205722808838e-01,-1.644520759582519531e-01,-2.480292320251464844e-02,1.216427013278007507e-01,-4.183753579854965210e-02,-3.085710108280181885e-01,-8.938734978437423706e-02,4.975704252719879150e-01,-4.097556769847869873e-01,2.953502237796783447e-01,9.187714010477066040e-02,-4.619266092777252197e-01,9.042579680681228638e-02,8.725267648696899414e-02,2.975254952907562256e-01,4.035146832466125488e-01,-1.499776542186737061e-01,-2.087768018245697021e-01,-1.283758729696273804e-01,4.911294672638177872e-03,1.861690729856491089e-01
-1.238353997468948364e-01,-1.458571385592222214e-02,2.872407436370849609e-02,6.313762813806533813e-02,-1.210514158010482788e-01,2.231520563364028931e-01,-4.034622386097908020e-02,-7.733020186424255371e-02,-1.318653225898742676e-01,-5.129229649901390076e-02,2.993584796786308289e-02,2.854938246309757233e-02,-1.510058492422103882e-01,8.270741999149322510e-02,-1.054717153310775757e-01,-1.115588173270225525e-01,-4.939648788422346115e-03,-1.613064482808113098e-02,-8.161841891705989838e-03,-3.176836064085364342e-03,7.216138392686843872e-02,-1.670007407665252686e-02,6.524849683046340942e-02,-2.515495754778385162e-03,-1.167537737637758255e-02,-1.598298996686935425e-01,7.963966578245162964e-02,1.406886875629425049e-01,-1.013272721320390701e-02,2.226992137730121613e-02,8.494611829519271851e-02,7.265695929527282715e-02,-7.556600123643875122e-02,5.344266071915626526e-02,3.701113630086183548e-03,6.706406176090240479e-02,6.702745798975229263e-03,-5.990141630172729492e-02,1.765741854906082153e-01,-1.117837987840175629e-02,-1.768565773963928223e-01,-2.843876928091049194e-02,4.371261224150657654e-02,-3.605713602155447006e-03,6.842797994613647461e-02,8.745275437831878662e-02,1.179270744323730469e-01,8.845177479088306427e-03,-6.888503581285476685e-02,-7.226283848285675049e-02,1.265216022729873657e-01,-9.969721734523773193e-02,-5.939323827624320984e-02,-8.124901354312896729e-02,5.349271371960639954e-02,8.622822165489196777e-02,1.669179089367389679e-02,-7.242249324917793274e-03,1.133850738406181335e-01,1.528476923704147339e-02,-1.053735241293907166e-02,-9.895347990095615387e-03,-1.385980984196066856e-03,-1.269971579313278198e-01,-8.650760166347026825e-03,3.310943767428398132e-02,5.233296193182468414e-03,-1.042915731668472290e-01,7.063571363687515259e-02,-4.791675508022308350e-02,9.817455708980560303e-02,-9.071557968854904175e-02,-6.934330798685550690e-03,-9.384568035602569580e-02,8.167462050914764404e-02,8.698540925979614258e-02,6.888197734951972961e-03,-8.146991580724716187e-02,9.832262992858886719e-03,7.944671809673309326e-02,-1.899318955838680267e-02,-3.145870578009635210e-04,6.935343891382217407e-02,-5.874662194401025772e-03,1.328880786895751953e-01,1.349991261959075928e-01,-8.892261981964111328e-02,-3.914537373930215836e-03,-1.247340738773345947e-01,-3.837242349982261658e-02,6.619229912757873535e-02,-2.844372019171714783e-02,-1.240230444818735123e-02,5.608465522527694702e-02,7.575923949480056763e-02,1.316836848855018616e-02,-3.508712723851203918e-02,1.383334893034771085e-04,6.322324275970458984e-02,-1.481002122163772583e-01,-6.958055309951305389e-03,-1.844952106475830078e-01,6.831268966197967529e-02,3.889830410480499268e-02,-1.073875278234481812e-01,9.885772317647933960e-02,-1.117855403572320938e-02,2.511942386627197266e-02,1.736779808998107910e-01,6.710387300699949265e-03,5.743861943483352661e-02,-1.013934537768363953e-01,1.380138564854860306e-02,1.037853136658668518e-01,-9.178151190280914307e-02,1.679834574460983276e-01,-9.332526475191116333e-02,2.058485150337219238e-02,1.158627122640609741e-01,-8.096113801002502441e-03,-6.285788957029581070e-03,-7.655511796474456787e-02,-1.163789182901382446e-01,5.225382745265960693e-02,-5.163017287850379944e-02,4.114625602960586548e-02,-5.231960210949182510e-03,-1.997624151408672333e-02
1.243010163307189941e-01,-9.172570891678333282e-03,4.128133878111839294e-04,-5.056129768490791321e-02,3.772949054837226868e-02,-4.034622386097908020e-02,1.073188185691833496e-01,9.776490926742553711e-02,1.236725598573684692e-02,1.733902283012866974e-02,-4.960828647017478943e-02,1.036861678585410118e-03,-3.789865877479314804e-03,-4.079198464751243591e-02,1.614348962903022766e-02,-1.302093453705310822e-02,6.450335495173931122e-03,-8.466472476720809937e-02,3.274543210864067078e-02,-7.980900816619396210e-03,6.020127329975366592e-03,-4.309832677245140076e-02,-3.223356604576110840e-02,-2.073498070240020752e-02,-4.282535985112190247e-03,-3.076589293777942657e-02,3.670811653137207031e-02,-6.095643714070320129e-02,6.562612019479274750e-03,-1.144307106733322144e-01,-8.281278610229492188e-02,2.893062867224216461e-02,-4.484537057578563690e-03,-3.653420880436897278e-02,-9.560095146298408508e-03,4.717587307095527649e-02,-2.229792438447475433e-02,7.168583106249570847e-03,-1.164549961686134338e-01,-5.081210285425186157e-02,5.646419897675514221e-02,3.191516175866127014e-02,-1.080498397350311279e-01,-4.768842482008039951e-04,-2.277060225605964661e-02,-2.491190098226070404e-02,-3.445363417267799377e-02,-1.071535423398017883e-02,5.944238975644111633e-02,9.164012037217617035e-03,-4.939947277307510376e-02,4.128772392868995667e-02,3.100964426994323730e-02,-6.010326324030756950e-04,-4.513605684041976929e-02,-5.908433813601732254e-03,-1.420958433300256729e-02,6.657640915364027023e-04,-2.199685014784336090e-02,2.956619299948215485e-02,-1.293550617992877960e-02,2.035971730947494507e-02,1.538144773803651333e-03,8.444061875343322754e-02,8.765430189669132233e-03,5.630287807434797287e-03,-5.914869531989097595e-02,7.326406892389059067e-03,4.432624205946922302e-02,4.700800403952598572e-02,-5.943350866436958313e-02,-2.137881889939308167e-02,6.453168392181396484e-02,-3.268303116783499718e-04,-3.705605491995811462e-02,-4.115642979741096497e-02,-1.184393186122179031e-03,5.246883723884820938e-03,-4.636746644973754883e-02,-3.976225387305021286e-03,-2.105055376887321472e-02,-1.889726991066709161e-04,-1.745143346488475800e-02,-2.160766394808888435e-03,-9.108139574527740479e-02,4.978160187602043152e-02,1.178978830575942993e-01,-2.771990140900015831e-03,-1.425152271986007690e-02,1.959666982293128967e-02,-4.955643787980079651e-02,3.323687613010406494e-02,7.782299071550369263e-02,-7.857595384120941162e-02,1.545541919767856598e-02,-8.322581648826599121e-02,2.904436923563480377e-02,-7.578445365652441978e-05,-1.152465119957923889e-02,1.340579837560653687e-01,-2.545093186199665070e-02,1.444490402936935425e-01,3.709621727466583252e-02,-5.224010907113552094e-03,-2.249174052849411964e-03,7.947911322116851807e-02,4.037643224000930786e-02,7.447694242000579834e-02,-1.178505271673202515e-01,5.739369429647922516e-03,-1.147547885775566101e-01,2.041268348693847656e-02,7.230802625417709351e-02,2.860646927729249001e-03,3.406659932807087898e-03,-4.204572364687919617e-02,8.515495806932449341e-02,-1.295588072389364243e-02,-6.610326468944549561e-02,-2.043037675321102142e-02,4.286702023819088936e-04,2.681997232139110565e-02,1.805311255156993866e-02,3.063986077904701233e-02,5.658958852291107178e-02,-3.640354797244071960e-02,1.306644175201654434e-02,4.097118228673934937e-02
3.670092225074768066e-01,4.940943419933319092e-02,-3.586178123950958252e-01,1.691383719444274902e-01,3.220863640308380127e-01,-7.733020186424255371e-02,9.776490926742553711e-02,5.218699574470520020e-01,4.180944710969924927e-02,1.051470264792442322e-01,-1.360594178549945354e-03,-1.646968871355056763e-01,2.957188189029693604e-01,2.160143703222274780e-01,4.433717429637908936e-01,3.655432760715484619e-01,5.576437688432633877e-04,5.579995363950729370e-02,-3.473009914159774780e-02,-1.458513289690017700e-01,4.536065086722373962e-02,3.028137981891632080e-01,1.520784795284271240e-01,-4.773285705596208572e-03,2.529322542250156403e-02,2.879401445388793945e-01,-2.970503270626068115e-01,-2.952470779418945312e-01,3.653612732887268066e-01,-1.779874265193939209e-01,-5.122735351324081421e-02,-2.426324933767318726e-01,1.299000233411788940e-01,2.198274731636047363e-01,-4.617299512028694153e-02,-3.478880524635314941e-01,1.958446577191352844e-02,1.769105941057205200e-01,-5.098339915275573730e-01,-4.013352394104003906e-01,3.329066634178161621e-01,6.747822463512420654e-02,1.982765793800354004e-01,5.502178519964218140e-02,1.609098613262176514e-01,-2.904297411441802979e-01,-4.571267068386077881e-01,-1.273324042558670044e-01,4.124961793422698975e-03,1.699279248714447021e-02,-3.363062441349029541e-02,-1.052029505372047424e-01,1.418995708227157593e-01,-5.109661817550659180e-02,-1.950388848781585693e-01,-4.459879100322723389e-01,1.260607391595840454e-01,4.160830006003379822e-02,-8.871357142925262451e-02,-1.523577719926834106e-01,5.069054290652275085e-02,-1.347447838634252548e-02,1.367893069982528687e-02,2.834735438227653503e-03,-2.041769772768020630e-02,-5.651371181011199951e-02,2.520253881812095642e-02,3.966767191886901855e-01,-3.107950389385223389e-01,1.312606632709503174e-01,-3.879736363887786865e-01,-1.830581128597259521e-01,2.303346805274486542e-02,3.755369782447814941e-01,-8.982242643833160400e-02,-3.461852371692657471e-01,-1.095103938132524490e-02,4.049032032489776611e-01,-1.055409088730812073e-01,-3.024419546127319336e-01,2.778070569038391113e-01,4.123395308852195740e-03,-4.208241403102874756e-01,3.484355285763740540e-03,-3.813516497611999512e-01,-3.032883703708648682e-01,2.907593548297882080e-01,1.677297800779342651e-02,6.893651932477951050e-02,1.547873020172119141e-01,-1.665305197238922119e-01,4.091507568955421448e-02,-6.841313838958740234e-02,-7.521521300077438354e-02,-2.470977902412414551e-01,-1.665600240230560303e-01,3.598427474498748779e-01,-5.156825645826756954e-04,-3.612390160560607910e-01,2.238266319036483765e-01,-1.660822927951812744e-01,2.567624151706695557e-01,-2.998494803905487061e-01,-1.304111033678054810e-01,2.961298525333404541e-01,1.741881519556045532e-01,-1.937402598559856415e-02,-2.404608577489852905e-01,-2.184685617685317993e-01,-5.832823459059000015e-03,6.363605707883834839e-02,-1.228315057232975960e-03,-2.464956790208816528e-01,-1.144494116306304932e-01,4.762890040874481201e-01,-3.537724018096923828e-01,4.142590165138244629e-01,6.903912127017974854e-02,-5.229371190071105957e-01,5.264612659811973572e-02,3.679887577891349792e-02,2.950891554355621338e-01,3.555544614791870117e-01,-2.664243802428245544e-02,-1.706962287425994873e-01,-1.441234499216079712e-01,-7.937838672660291195e-04,1.902372688055038452e-01
7.503796368837356567e-02,2.092617005109786987e-02,-1.175367012619972229e-01,6.601690500974655151e-02,8.237185329198837280e-02,-1.318653225898742676e-01,1.236725598573684692e-02,4.180944710969924927e-02,1.350459754467010498e-01,7.044148445129394531e-02,-2.659158781170845032e-02,-6.555429100990295410e-02,1.418613940477371216e-01,4.275169223546981812e-02,1.572409719228744507e-01,1.414458751678466797e-01,7.672753185033798218e-03,4.851283505558967590e-02,-5.953858792781829834e-02,-3.478072583675384521e-02,-1.746749281883239746e-01,1.258402615785598755e-01,2.566670440137386322e-02,-3.544676303863525391e-02,2.719213441014289856e-02,2.070251703262329102e-01,-1.275718808174133301e-01,-5.346668139100074768e-02,4.732924699783325195e-02,4.607734829187393188e-02,-5.680659040808677673e-02,-2.000046372413635254e-01,1.591891497373580933e-01,1.453789789229631424e-02,-1.214374671690165997e-03,-1.478648185729980469e-01,2.086748182773590088e-02,7.923505455255508423e-02,-1.115388199687004089e-01,-8.518485724925994873e-02,2.100766003131866455e-01,2.955140918493270874e-02,2.904284559190273285e-02,1.251399144530296326e-02,-8.983868360519409180e-02,-8.221156150102615356e-02,-1.597876101732254028e-01,-4.222738742828369141e-02,4.352685436606407166e-02,3.599091619253158569e-02,-8.379235118627548218e-02,8.645051717758178711e-02,8.833647519350051880e-02,1.184507925063371658e-02,1.252644322812557220e-02,-1.388709992170333862e-01,2.606493234634399414e-02,1.171859446913003922e-02,-6.247448548674583435e-02,-7.629355788230895996e-02,-3.815031051635742188e-02,5.306271091103553772e-02,7.240411825478076935e-03,1.188952028751373291e-01,5.517929792404174805e-03,-4.722430184483528137e-02,1.277387607842683792e-02,1.407257020473480225e-01,-1.483176648616790771e-01,-7.569038774818181992e-03,-1.263038665056228638e-01,1.347984969615936279e-01,-5.620975419878959656e-02,1.766254603862762451e-01,-7.602983713150024414e-02,-1.323271095752716064e-01,-4.763891454786062241e-03,1.675801128149032593e-01,-7.836303859949111938e-02,-1.590297073125839233e-01,1.697945892810821533e-01,1.631000079214572906e-03,-8.657924085855484009e-02,6.870575714856386185e-03,-1.618483662605285645e-01,-1.245432347059249878e-01,2.358016930520534515e-02,5.848953966051340103e-03,1.215656325221061707e-01,6.628334522247314453e-02,-4.059021174907684326e-02,-3.829252347350120544e-02,-1.121796444058418274e-01,4.541062191128730774e-02,-1.642663478851318359e-01,-1.290013920515775681e-02,3.324392437934875488e-02,-2.119166456395760179e-04,-9.857930988073348999e-02,1.173824146389961243e-01,-2.183730714023113251e-02,1.101832240819931030e-01,-1.838091909885406494e-01,-5.763953924179077148e-02,1.864563226699829102e-01,-2.930290438234806061e-02,-1.357052326202392578e-01,-1.065465286374092102e-01,-8.871193230152130127e-02,-1.732178032398223877e-02,1.330973654985427856e-01,-3.230259567499160767e-02,-1.169253513216972351e-01,-7.671936880797147751e-03,1.202948242425918579e-01,-1.814263612031936646e-01,7.200990617275238037e-02,1.082195900380611420e-02,-1.802231073379516602e-01,5.973447486758232117e-02,-1.048367284238338470e-02,1.436171382665634155e-01,1.723150461912155151e-01,-7.511880248785018921e-02,-5.401929840445518494e-02,-1.151202470064163208e-01,1.588365808129310608e-02,5.227154120802879333e-02
2.117656730115413666e-02,3.541011735796928406e-02,-2.460806518793106079e-01,1.724623888731002808e-01,1.252492368221282959e-01,-5.129229649901390076e-02,1.733902283012866974e-02,1.051470264792442322e-01,7.044148445129394531e-02,8.946452289819717407e-02,7.957411929965019226e-03,-1.109957396984100342e-01,2.093448787927627563e-01,7.084955275058746338e-02,2.501263022422790527e-01,2.281595766544342041e-01,4.188148304820060730e-03,8.819940686225891113e-02,-1.265032887458801270e-01,-1.060972362756729126e-01,-8.617132902145385742e-02,2.433097809553146362e-01,1.257361024618148804e-01,-4.308019950985908508e-02,3.519125655293464661e-02,2.846436798572540283e-01,-2.497913986444473267e-01,-6.746266782283782959e-02,2.065397053956985474e-01,1.592669449746608734e-02,3.737810067832469940e-03,-2.689816951751708984e-01,1.907524913549423218e-01,1.187507435679435730e-01,-1.012373063713312149e-02,-2.580390870571136475e-01,4.157629981637001038e-02,1.269280612468719482e-01,-1.869061887264251709e-01,-1.280428469181060791e-01,2.429642826318740845e-01,1.945827901363372803e-02,1.642198264598846436e-01,3.106267191469669342e-02,-1.267125923186540604e-02,-1.676810979843139648e-01,-2.723237574100494385e-01,-5.941969901323318481e-02,8.516386151313781738e-03,7.923703640699386597e-03,-2.075496874749660492e-02,1.503385696560144424e-02,8.119603991508483887e-02,-6.296894047409296036e-03,-2.888708747923374176e-02,-2.658084332942962646e-01,6.672290712594985962e-02,2.379561588168144226e-02,-8.245791494846343994e-02,-1.271784752607345581e-01,-2.119462005794048309e-02,4.537585005164146423e-02,9.391107596457004547e-03,6.141599640250205994e-02,-1.064630341716110706e-03,-6.609762459993362427e-02,6.741739064455032349e-02,2.311370670795440674e-01,-2.344320714473724365e-01,5.064708180725574493e-03,-2.086404263973236084e-01,3.057206422090530396e-02,-6.162543594837188721e-02,2.677724957466125488e-01,-6.092953681945800781e-02,-2.169373929500579834e-01,-6.566819734871387482e-03,2.959671318531036377e-01,-6.559070199728012085e-02,-2.467048913240432739e-01,2.760941982269287109e-01,2.902012085542082787e-03,-1.812274307012557983e-01,7.337287999689579010e-03,-1.961996257305145264e-01,-2.069759666919708252e-01,6.110121309757232666e-02,1.214330270886421204e-02,1.266491562128067017e-01,1.043693497776985168e-01,-6.050512939691543579e-02,-3.900912776589393616e-02,-1.930267214775085449e-01,8.101864159107208252e-02,-2.395263910293579102e-01,-6.780902855098247528e-03,1.104386225342750549e-01,-3.192627336829900742e-04,-1.778444796800613403e-01,8.964651077985763550e-02,-7.339191436767578125e-02,8.981358259916305542e-02,-2.805850803852081299e-01,-9.213899821043014526e-02,3.058951795101165771e-01,3.306549973785877228e-03,-1.942888498306274414e-01,-2.211228162050247192e-01,-4.305819049477577209e-02,-2.391197904944419861e-02,1.611430495977401733e-01,-1.061511039733886719e-01,-2.144401967525482178e-01,4.592964425683021545e-02,2.663424313068389893e-01,-2.491954267024993896e-01,1.126554980874061584e-01,7.893685251474380493e-02,-2.688089311122894287e-01,8.233536779880523682e-02,4.611013457179069519e-02,1.984548568725585938e-01,2.516840100288391113e-01,-1.080702692270278931e-01,-1.667651981115341187e-01,-1.214232146739959717e-01,2.027883566915988922e-02,1.201847344636917114e-01
-9.928776323795318604e-02,1.564497314393520355e-02,-8.444545418024063110e-02,2.379484847187995911e-02,1.974777691066265106e-02,2.993584796786308289e-02,-4.960828647017478943e-02,-1.360594178549945354e-03,-2.659158781170845032e-02,7.957411929965019226e-03,8.580432832241058350e-02,-3.172303363680839539e-02,1.128687635064125061e-01,1.691997400484979153e-03,6.320343911647796631e-02,9.376642853021621704e-02,-5.781318992376327515e-03,4.473734274506568909e-02,-4.099341481924057007e-02,-5.126957595348358154e-02,1.234755218029022217e-01,9.110732376575469971e-02,9.181391447782516479e-02,4.819351015612483025e-04,5.464619025588035583e-03,1.075919046998023987e-01,-1.323621571063995361e-01,-2.056213468313217163e-02,1.432774066925048828e-01,2.461117692291736603e-02,7.495368272066116333e-02,-5.486773699522018433e-02,-1.707820780575275421e-02,1.189689859747886658e-01,-7.014358416199684143e-03,-1.197762191295623779e-01,1.798564754426479340e-02,4.042293876409530640e-02,-4.265094548463821411e-02,6.640118360519409180e-02,-2.137858606874942780e-02,-3.806733340024948120e-02,1.528761982917785645e-01,1.361897122114896774e-02,8.473925292491912842e-02,-1.256541311740875244e-01,-7.425224781036376953e-02,2.723672240972518921e-02,-4.783267155289649963e-02,-7.899092882871627808e-02,5.216564983129501343e-02,-7.424123585224151611e-02,-4.237796738743782043e-02,2.362487837672233582e-02,-6.430840492248535156e-02,-1.037534251809120178e-01,2.975276112556457520e-02,1.141045149415731430e-02,-9.878110140562057495e-03,-3.267427533864974976e-02,4.910958558320999146e-02,-2.745080925524234772e-02,-2.494391752406954765e-03,-1.092726588249206543e-01,-2.720186114311218262e-02,-1.987029239535331726e-02,6.035383418202400208e-02,5.290891602635383606e-02,-1.048617437481880188e-01,-1.889000833034515381e-02,-2.547361701726913452e-02,-1.386584341526031494e-01,-2.999422885477542877e-02,7.335872203111648560e-02,3.675068542361259460e-02,1.080656610429286957e-02,-3.234121249988675117e-03,1.066243201494216919e-01,1.202085688710212708e-01,-6.963299214839935303e-02,4.252484068274497986e-02,1.045186654664576054e-03,-6.752716749906539917e-02,1.222471240907907486e-03,5.891513451933860779e-02,-1.290108859539031982e-01,-1.061797142028808594e-03,7.570815272629261017e-03,5.040763318538665771e-02,2.272678911685943604e-02,1.083239819854497910e-02,2.838544361293315887e-02,-4.552048444747924805e-02,2.370178513228893280e-02,-4.265820980072021484e-02,4.798582196235656738e-02,9.432379156351089478e-03,-3.425075192353688180e-05,-8.150316029787063599e-02,-8.809878677129745483e-02,-3.554353863000869751e-02,-4.157884791493415833e-02,-7.546102255582809448e-02,-2.705765888094902039e-02,8.804427087306976318e-02,-1.066157892346382141e-01,1.371019612997770309e-02,-1.158472374081611633e-01,8.690338581800460815e-02,-7.356699556112289429e-03,2.894472144544124603e-02,-1.095437537878751755e-02,-9.008071571588516235e-02,2.846618369221687317e-02,1.091231107711791992e-01,-5.061415955424308777e-02,1.291088853031396866e-02,6.972966343164443970e-02,-1.367763523012399673e-02,1.173295732587575912e-02,3.929148614406585693e-02,2.547828480601310730e-03,4.703336954116821289e-02,-2.821469865739345551e-02,-1.266870647668838501e-01,1.076670829206705093e-02,2.832026453688740730e-03,7.006115280091762543e-03
-1.989033818244934082e-02,-5.054119974374771118e-02,3.483791947364807129e-01,-2.570124268531799316e-01,-1.695455610752105713e-01,2.854938246309757233e-02,1.036861678585410118e-03,-1.646968871355056763e-01,-6.555429100990295410e-02,-1.109957396984100342e-01,-3.172303363680839539e-02,1.559847593307495117e-01,-2.785142660140991211e-01,-1.368382722139358521e-01,-3.484351038932800293e-01,-3.194423019886016846e-01,-2.690316177904605865e-03,-1.352182328701019287e-01,1.710406541824340820e-01,1.490209400653839111e-01,7.734874635934829712e-02,-3.509506285190582275e-01,-1.965529471635818481e-01,5.079559981822967529e-02,-4.578191041946411133e-02,-3.744892179965972900e-01,3.475282788276672363e-01,8.597258478403091431e-02,-3.078768253326416016e-01,-2.941945195198059082e-02,-3.458479419350624084e-02,3.577131927013397217e-01,-2.363028526306152344e-01,-1.977809220552444458e-01,1.642400212585926056e-02,3.706327378749847412e-01,-6.038577482104301453e-02,-1.707330048084259033e-01,2.460824102163314819e-01,1.932404190301895142e-01,-2.983973026275634766e-01,-1.797518692910671234e-02,-2.674272656440734863e-01,-4.562128707766532898e-02,-3.035513870418071747e-02,2.319905608892440796e-01,3.732037842273712158e-01,8.325883001089096069e-02,1.672175154089927673e-02,8.833215571939945221e-03,-3.867512568831443787e-03,2.491203136742115021e-02,-9.716353565454483032e-02,2.636969648301601410e-02,4.705804958939552307e-02,3.752209246158599854e-01,-1.075266227126121521e-01,-3.430882468819618225e-02,8.825214207172393799e-02,1.822026073932647705e-01,1.435119844973087311e-02,-4.498374834656715393e-02,-1.243755314499139786e-02,-2.597851492464542389e-02,7.584107574075460434e-03,8.581168204545974731e-02,-1.029620915651321411e-01,-3.179736137390136719e-01,3.336300849914550781e-01,-2.348332898691296577e-03,2.790062129497528076e-01,5.109048914164304733e-03,9.082541614770889282e-02,-3.684164285659790039e-01,6.176644191145896912e-02,2.839526832103729248e-01,8.358037099242210388e-03,-4.083182513713836670e-01,7.436196506023406982e-02,3.340190351009368896e-01,-3.783228099346160889e-01,-4.159247502684593201e-03,2.656404376029968262e-01,-9.220551699399948120e-03,2.437863349914550781e-01,2.940136492252349854e-01,-6.773461401462554932e-02,-1.762026920914649963e-02,-1.511749476194381714e-01,-1.391298472881317139e-01,7.276020199060440063e-02,5.190097168087959290e-02,2.664217054843902588e-01,-1.148827522993087769e-01,3.200063109397888184e-01,4.856932442635297775e-03,-1.690496206283569336e-01,4.203570715617388487e-04,2.574715018272399902e-01,-8.053097873926162720e-02,1.087469160556793213e-01,-7.940689474344253540e-02,3.859349787235260010e-01,1.243532672524452209e-01,-4.029602408409118652e-01,-1.576112397015094757e-02,2.482161670923233032e-01,3.242170214653015137e-01,2.129811234772205353e-02,3.050658479332923889e-02,-2.416626811027526855e-01,1.482205092906951904e-01,3.155034780502319336e-01,-5.818471312522888184e-02,-3.806125223636627197e-01,3.186580240726470947e-01,-1.580564826726913452e-01,-1.173699051141738892e-01,3.647051155567169189e-01,-1.113331392407417297e-01,-6.326960772275924683e-02,-2.638731598854064941e-01,-3.327074646949768066e-01,1.340403854846954346e-01,2.545846104621887207e-01,1.505721509456634521e-01,-2.075548283755779266e-02,-1.583523303270339966e-01
