9.999983310699462891e-01,-9.999986290931701660e-01,-9.999941587448120117e-01,9.999976754188537598e-01,9.999988675117492676e-01,-9.999986886978149414e-01,9.999954700469970703e-01,9.999991059303283691e-01,-9.999960064888000488e-01,9.999982118606567383e-01,-9.999987483024597168e-01,-9.999988675117492676e-01,9.999978542327880859e-01,9.999983906745910645e-01,9.999938607215881348e-01,9.999954700469970703e-01,9.999973177909851074e-01,-9.999980926513671875e-01,9.999926090240478516e-01,-9.999991059303283691e-01,-9.999988675117492676e-01,9.999938011169433594e-01,9.999985694885253906e-01,9.999979138374328613e-01,9.999884366989135742e-01,9.999989271163940430e-01,-9.999982118606567383e-01,-9.999988675117492676e-01,9.999901652336120605e-01,-9.999963641166687012e-01,-9.999915957450866699e-01,-9.999982118606567383e-01,9.999864697456359863e-01,9.999955296516418457e-01,-9.999979734420776367e-01,9.999663829803466797e-01,9.999989867210388184e-01,9.999984502792358398e-01,9.999892115592956543e-01,-9.999988675117492676e-01,9.999986290931701660e-01,-9.996560811996459961e-01,9.999833106994628906e-01,9.999988675117492676e-01,9.999982714653015137e-01,9.999981522560119629e-01,-9.999930262565612793e-01,9.999985694885253906e-01,9.999987483024597168e-01,-9.999984502792358398e-01,-9.999988675117492676e-01,-9.999984502792358398e-01,-9.999988079071044922e-01,-9.999932050704956055e-01,-9.999984502792358398e-01,-9.999982118606567383e-01,-9.999908804893493652e-01,9.999869465827941895e-01,9.999960064888000488e-01,9.999982118606567383e-01,-9.999984502792358398e-01,9.999989867210388184e-01,9.999983906745910645e-01,9.999954104423522949e-01,-9.999945759773254395e-01,-9.999988079071044922e-01,-9.999991059303283691e-01,-9.999960064888000488e-01,-9.999989867210388184e-01,9.999983906745910645e-01,-9.999988675117492676e-01,9.999973773956298828e-01,-9.998552799224853516e-01,-9.999936819076538086e-01,-9.999824166297912598e-01,-9.999983310699462891e-01,9.999918341636657715e-01,9.999987483024597168e-01,-9.999945759773254395e-01,-9.999957084655761719e-01,9.999865293502807617e-01,9.999975562095642090e-01,-9.999988079071044922e-01,9.999980330467224121e-01,-9.999982714653015137e-01,-9.999881386756896973e-01,9.999679923057556152e-01,9.999989271163940430e-01,9.999903440475463867e-01,9.998579621315002441e-01,-9.999952912330627441e-01,9.999983310699462891e-01,-9.999850988388061523e-01,-9.999974966049194336e-01,9.999978542327880859e-01,-9.999977350234985352e-01,-9.999884366989135742e-01,9.999990463256835938e-01,-9.999987483024597168e-01,9.999968409538269043e-01,-9.999966621398925781e-01,9.999988675117492676e-01,9.996599555015563965e-01,9.999427795410156250e-01,9.999985694885253906e-01,9.999970197677612305e-01,-9.999824166297912598e-01,-9.999983906745910645e-01,-9.999938607215881348e-01,9.999985098838806152e-01,-9.999985098838806152e-01,9.999979138374328613e-01,-9.999982714653015137e-01,-9.999412894248962402e-01,9.999990463256835938e-01,-9.999973177909851074e-01,9.999989271163940430e-01,-9.999980330467224121e-01,-9.999952912330627441e-01,-9.999973177909851074e-01,-9.999986290931701660e-01,9.999966025352478027e-01,9.999980330467224121e-01,-9.999973773956298828e-01,-9.999908804893493652e-01,-9.999952316284179688e-01,9.999879598617553711e-01,-9.999939203262329102e-01
-9.999986290931701660e-01,9.999988079071044922e-01,9.999951124191284180e-01,-9.999980926513671875e-01,-9.999991059303283691e-01,9.999989271163940430e-01,-9.999961853027343750e-01,-9.999992251396179199e-01,9.999965429306030273e-01,-9.999986290931701660e-01,9.999989867210388184e-01,9.999990463256835938e-01,-9.999982118606567383e-01,-9.999986290931701660e-01,-9.999948740005493164e-01,-9.999961853027343750e-01,-9.999976754188537598e-01,9.999984502792358398e-01,-9.999938607215881348e-01,9.999992847442626953e-01,9.999991655349731445e-01,-9.999947547912597656e-01,-9.999987483024597168e-01,-9.999982714653015137e-01,-9.999904036521911621e-01,-9.999991655349731445e-01,9.999985098838806152e-01,9.999991059303283691e-01,-9.999917149543762207e-01,9.999968409538269043e-01,9.999929666519165039e-01,9.999985098838806152e-01,-9.999887347221374512e-01,-9.999961853027343750e-01,9.999983310699462891e-01,-9.999720454216003418e-01,-9.999991059303283691e-01,-9.999988079071044922e-01,-9.999909996986389160e-01,9.999991059303283691e-01,-9.999988079071044922e-01,9.997137784957885742e-01,-9.999861121177673340e-01,-9.999990463256835938e-01,-9.999985694885253906e-01,-9.999984502792358398e-01,9.999942183494567871e-01,-9.999987483024597168e-01,-9.999989867210388184e-01,9.999987483024597168e-01,9.999990463256835938e-01,9.999986886978149414e-01,9.999991059303283691e-01,9.999942183494567871e-01,9.999986886978149414e-01,9.999984502792358398e-01,9.999923110008239746e-01,-9.999890923500061035e-01,-9.999966621398925781e-01,-9.999984502792358398e-01,9.999986886978149414e-01,-9.999991655349731445e-01,-9.999985694885253906e-01,-9.999961256980895996e-01,9.999954700469970703e-01,9.999991059303283691e-01,9.999991655349731445e-01,9.999966025352478027e-01,9.999991059303283691e-01,-9.999986290931701660e-01,9.999989867210388184e-01,-9.999977350234985352e-01,9.998794794082641602e-01,9.999947547912597656e-01,9.999853968620300293e-01,9.999986290931701660e-01,-9.999930858612060547e-01,-9.999989271163940430e-01,9.999955296516418457e-01,9.999963045120239258e-01,-9.999886751174926758e-01,-9.999979138374328613e-01,9.999989867210388184e-01,-9.999983310699462891e-01,9.999985098838806152e-01,9.999900460243225098e-01,-9.999732971191406250e-01,-9.999991655349731445e-01,-9.999919533729553223e-01,-9.998816847801208496e-01,9.999958872795104980e-01,-9.999985694885253906e-01,9.999876022338867188e-01,9.999979138374328613e-01,-9.999982118606567383e-01,9.999981522560119629e-01,9.999904632568359375e-01,-9.999992251396179199e-01,9.999989271163940430e-01,-9.999973773956298828e-01,9.999971389770507812e-01,-9.999991059303283691e-01,-9.997170567512512207e-01,-9.999523162841796875e-01,-9.999988675117492676e-01,-9.999973773956298828e-01,9.999853968620300293e-01,9.999986886978149414e-01,9.999948143959045410e-01,-9.999987483024597168e-01,9.999987483024597168e-01,-9.999982714653015137e-01,9.999985694885253906e-01,9.999510645866394043e-01,-9.999992251396179199e-01,9.999977946281433105e-01,-9.999991655349731445e-01,9.999982714653015137e-01,9.999960064888000488e-01,9.999976754188537598e-01,9.999988675117492676e-01,-9.999970793724060059e-01,-9.999983310699462891e-01,9.999977350234985352e-01,9.999923706054687500e-01,9.999960660934448242e-01,-9.999899268150329590e-01,9.999947547912597656e-01
-9.999941587448120117e-01,9.999951124191284180e-01,9.999790787696838379e-01,-9.999918937683105469e-01,-9.999960064888000488e-01,9.999956488609313965e-01,-9.999839067459106445e-01,-9.999964833259582520e-01,9.999856948852539062e-01,-9.999940991401672363e-01,9.999957680702209473e-01,9.999959468841552734e-01,-9.999929666519165039e-01,-9.999945163726806641e-01,-9.999780654907226562e-01,-9.999836683273315430e-01,-9.999904632568359375e-01,9.999933242797851562e-01,-9.999737143516540527e-01,9.999966621398925781e-01,9.999962449073791504e-01,-9.999778270721435547e-01,-9.999950528144836426e-01,-9.999926090240478516e-01,-9.999586939811706543e-01,-9.999963045120239258e-01,9.999936223030090332e-01,9.999960064888000488e-01,-9.999646544456481934e-01,9.999870061874389648e-01,9.999701976776123047e-01,9.999937415122985840e-01,-9.999514818191528320e-01,-9.999841451644897461e-01,9.999929070472717285e-01,-9.998797178268432617e-01,-9.999963641166687012e-01,-9.999948740005493164e-01,-9.999613165855407715e-01,9.999960064888000488e-01,-9.999951720237731934e-01,9.987721443176269531e-01,-9.999401569366455078e-01,-9.999960660934448242e-01,-9.999939203262329102e-01,-9.999935030937194824e-01,9.999754428863525391e-01,-9.999949336051940918e-01,-9.999956488609313965e-01,9.999946355819702148e-01,9.999957084655761719e-01,9.999945163726806641e-01,9.999959468841552734e-01,9.999755620956420898e-01,9.999945163726806641e-01,9.999933838844299316e-01,9.999674558639526367e-01,-9.999531507492065430e-01,-9.999858736991882324e-01,-9.999937415122985840e-01,9.999944567680358887e-01,-9.999961853027343750e-01,-9.999943971633911133e-01,-9.999836087226867676e-01,9.999806284904479980e-01,9.999959468841552734e-01,9.999965429306030273e-01,9.999859333038330078e-01,9.999963045120239258e-01,-9.999943971633911133e-01,9.999957084655761719e-01,-9.999907612800598145e-01,9.994831085205078125e-01,9.999774694442749023e-01,9.999372363090515137e-01,9.999942183494567871e-01,-9.999707937240600586e-01,-9.999955296516418457e-01,9.999806880950927734e-01,9.999847412109375000e-01,-9.999517202377319336e-01,-9.999917149543762207e-01,9.999958276748657227e-01,-9.999934434890747070e-01,9.999939799308776855e-01,9.999573826789855957e-01,-9.998854994773864746e-01,-9.999961853027343750e-01,-9.999655485153198242e-01,-9.994925856590270996e-01,9.999831914901733398e-01,-9.999941587448120117e-01,9.999466538429260254e-01,9.999911189079284668e-01,-9.999924898147583008e-01,9.999921321868896484e-01,9.999589920043945312e-01,-9.999963641166687012e-01,9.999957084655761719e-01,-9.999887943267822266e-01,9.999881982803344727e-01,-9.999959468841552734e-01,-9.987860918045043945e-01,-9.997953176498413086e-01,-9.999952912330627441e-01,-9.999891519546508789e-01,9.999371170997619629e-01,9.999943971633911133e-01,9.999777674674987793e-01,-9.999947547912597656e-01,9.999948143959045410e-01,-9.999926686286926270e-01,9.999940991401672363e-01,9.997903704643249512e-01,-9.999964237213134766e-01,9.999906420707702637e-01,-9.999961853027343750e-01,9.999932050704956055e-01,9.999831318855285645e-01,9.999905228614807129e-01,9.999951720237731934e-01,-9.999880790710449219e-01,-9.999931454658508301e-01,9.999907016754150391e-01,9.999675154685974121e-01,9.999828338623046875e-01,-9.999569654464721680e-01,9.999778866767883301e-01
9.999976754188537598e-01,-9.999980926513671875e-01,-9.999918937683105469e-01,9.999969005584716797e-01,9.999984502792358398e-01,-9.999983310699462891e-01,9.999938607215881348e-01,9.999986290931701660e-01,-9.999945163726806641e-01,9.999976754188537598e-01,-9.999983906745910645e-01,-9.999984502792358398e-01,9.999971389770507812e-01,9.999978542327880859e-01,9.999915361404418945e-01,9.999936819076538086e-01,9.999963045120239258e-01,-9.999973773956298828e-01,9.999898672103881836e-01,-9.999986886978149414e-01,-9.999985098838806152e-01,9.999914169311523438e-01,9.999981522560119629e-01,9.999971389770507812e-01,9.999841451644897461e-01,9.999986290931701660e-01,-9.999975562095642090e-01,-9.999985098838806152e-01,9.999863505363464355e-01,-9.999949932098388672e-01,-9.999884366989135742e-01,-9.999975562095642090e-01,9.999813437461853027e-01,9.999939203262329102e-01,-9.999971985816955566e-01,9.999535083770751953e-01,9.999986886978149414e-01,9.999980926513671875e-01,9.999851584434509277e-01,-9.999985098838806152e-01,9.999980926513671875e-01,-9.995242357254028320e-01,9.999769330024719238e-01,9.999985098838806152e-01,9.999976158142089844e-01,9.999975562095642090e-01,-9.999905228614807129e-01,9.999980330467224121e-01,9.999983310699462891e-01,-9.999979138374328613e-01,-9.999983906745910645e-01,-9.999978542327880859e-01,-9.999984502792358398e-01,-9.999905824661254883e-01,-9.999978542327880859e-01,-9.999974966049194336e-01,-9.999873638153076172e-01,9.999819397926330566e-01,9.999946355819702148e-01,9.999975562095642090e-01,-9.999978542327880859e-01,9.999986290931701660e-01,9.999977946281433105e-01,9.999937415122985840e-01,-9.999926090240478516e-01,-9.999985098838806152e-01,-9.999986886978149414e-01,-9.999945759773254395e-01,-9.999985694885253906e-01,9.999977946281433105e-01,-9.999983906745910645e-01,9.999963641166687012e-01,-9.997997283935546875e-01,-9.999913573265075684e-01,-9.999756813049316406e-01,-9.999977350234985352e-01,9.999886751174926758e-01,9.999982118606567383e-01,-9.999925494194030762e-01,-9.999940991401672363e-01,9.999813437461853027e-01,9.999967217445373535e-01,-9.999984502792358398e-01,9.999973177909851074e-01,-9.999976754188537598e-01,-9.999835491180419922e-01,9.999556541442871094e-01,9.999985098838806152e-01,9.999866485595703125e-01,9.998034834861755371e-01,-9.999935030937194824e-01,9.999977946281433105e-01,-9.999794363975524902e-01,-9.999966025352478027e-01,9.999971389770507812e-01,-9.999970197677612305e-01,-9.999841451644897461e-01,9.999986290931701660e-01,-9.999983310699462891e-01,9.999957084655761719e-01,-9.999954104423522949e-01,9.999983906745910645e-01,9.995294809341430664e-01,9.999207258224487305e-01,9.999981522560119629e-01,9.999958276748657227e-01,-9.999758005142211914e-01,-9.999978542327880859e-01,-9.999913573265075684e-01,9.999979734420776367e-01,-9.999980330467224121e-01,9.999971985816955566e-01,-9.999977350234985352e-01,-9.999186992645263672e-01,9.999986886978149414e-01,-9.999963045120239258e-01,9.999985694885253906e-01,-9.999973773956298828e-01,-9.999935030937194824e-01,-9.999963045120239258e-01,-9.999982118606567383e-01,9.999953508377075195e-01,9.999973177909851074e-01,-9.999963641166687012e-01,-9.999874830245971680e-01,-9.999933242797851562e-01,9.999834299087524414e-01,-9.999914169311523438e-01
9.999988675117492676e-01,-9.999991059303283691e-01,-9.999960064888000488e-01,9.999984502792358398e-01,9.999994039535522461e-01,-9.999992251396179199e-01,9.999970197677612305e-01,9.999994039535522461e-01,-9.999973773956298828e-01,9.999989271163940430e-01,-9.999993443489074707e-01,-9.999992847442626953e-01,9.999986290931701660e-01,9.999989867210388184e-01,9.999959468841552734e-01,9.999969005584716797e-01,9.999982118606567383e-01,-9.999988079071044922e-01,9.999951124191284180e-01,-9.999994635581970215e-01,-9.999994039535522461e-01,9.999958872795104980e-01,9.999992251396179199e-01,9.999986290931701660e-01,9.999923706054687500e-01,9.999994039535522461e-01,-9.999988675117492676e-01,-9.999992847442626953e-01,9.999933838844299316e-01,-9.999975562095642090e-01,-9.999943971633911133e-01,-9.999988079071044922e-01,9.999909400939941406e-01,9.999970197677612305e-01,-9.999987483024597168e-01,9.999774694442749023e-01,9.999994635581970215e-01,9.999991059303283691e-01,9.999927282333374023e-01,-9.999993443489074707e-01,9.999991655349731445e-01,-9.997689127922058105e-01,9.999888539314270020e-01,9.999992847442626953e-01,9.999989271163940430e-01,9.999988675117492676e-01,-9.999954104423522949e-01,9.999991059303283691e-01,9.999992847442626953e-01,-9.999990463256835938e-01,-9.999992251396179199e-01,-9.999989867210388184e-01,-9.999993443489074707e-01,-9.999954700469970703e-01,-9.999989867210388184e-01,-9.999988079071044922e-01,-9.999939203262329102e-01,9.999912977218627930e-01,9.999973773956298828e-01,9.999988079071044922e-01,-9.999989867210388184e-01,9.999994039535522461e-01,9.999989271163940430e-01,9.999969005584716797e-01,-9.999964237213134766e-01,-9.999993443489074707e-01,-9.999994635581970215e-01,-9.999973177909851074e-01,-9.999993443489074707e-01,9.999989867210388184e-01,-9.999993443489074707e-01,9.999982118606567383e-01,-9.999027252197265625e-01,-9.999957680702209473e-01,-9.999882578849792480e-01,-9.999989867210388184e-01,9.999945759773254395e-01,9.999992847442626953e-01,-9.999964237213134766e-01,-9.999970793724060059e-01,9.999909400939941406e-01,9.999983906745910645e-01,-9.999993443489074707e-01,9.999987483024597168e-01,-9.999989271163940430e-01,-9.999920129776000977e-01,9.999786019325256348e-01,9.999993443489074707e-01,9.999935030937194824e-01,9.999045133590698242e-01,-9.999967813491821289e-01,9.999989271163940430e-01,-9.999899864196777344e-01,-9.999983906745910645e-01,9.999986290931701660e-01,-9.999985694885253906e-01,-9.999923110008239746e-01,9.999993443489074707e-01,-9.999992251396179199e-01,9.999978542327880859e-01,-9.999977350234985352e-01,9.999993443489074707e-01,9.997716546058654785e-01,9.999615550041198730e-01,9.999991655349731445e-01,9.999979734420776367e-01,-9.999881982803344727e-01,-9.999989867210388184e-01,-9.999958872795104980e-01,9.999990463256835938e-01,-9.999990463256835938e-01,9.999986886978149414e-01,-9.999989271163940430e-01,-9.999605417251586914e-01,9.999994635581970215e-01,-9.999983310699462891e-01,9.999993443489074707e-01,-9.999986886978149414e-01,-9.999969005584716797e-01,-9.999982714653015137e-01,-9.999992251396179199e-01,9.999977350234985352e-01,9.999987483024597168e-01,-9.999982118606567383e-01,-9.999939203262329102e-01,-9.999967813491821289e-01,9.999919533729553223e-01,-9.999958872795104980e-01
-9.999986886978149414e-01,9.999989271163940430e-01,9.999956488609313965e-01,-9.999983310699462891e-01,-9.999992251396179199e-01,9.999990463256835938e-01,-9.999966025352478027e-01,-9.999992251396179199e-01,9.999970197677612305e-01,-9.999986886978149414e-01,9.999990463256835938e-01,9.999991059303283691e-01,-9.999984502792358398e-01,-9.999988079071044922e-01,-9.999954104423522949e-01,-9.999964833259582520e-01,-9.999979138374328613e-01,9.999985098838806152e-01,-9.999945163726806641e-01,9.999993443489074707e-01,9.999991655349731445e-01,-9.999954104423522949e-01,-9.999989271163940430e-01,-9.999983906745910645e-01,-9.999914765357971191e-01,-9.999991655349731445e-01,9.999986886978149414e-01,9.999992251396179199e-01,-9.999927282333374023e-01,9.999973177909851074e-01,9.999937415122985840e-01,9.999986886978149414e-01,-9.999899864196777344e-01,-9.999966025352478027e-01,9.999985098838806152e-01,-9.999752044677734375e-01,-9.999992847442626953e-01,-9.999988675117492676e-01,-9.999920129776000977e-01,9.999991059303283691e-01,-9.999989271163940430e-01,9.997465014457702637e-01,-9.999876618385314941e-01,-9.999992251396179199e-01,-9.999986290931701660e-01,-9.999986290931701660e-01,9.999948740005493164e-01,-9.999988675117492676e-01,-9.999991059303283691e-01,9.999988675117492676e-01,9.999991655349731445e-01,9.999988079071044922e-01,9.999992847442626953e-01,9.999949932098388672e-01,9.999988079071044922e-01,9.999986290931701660e-01,9.999933242797851562e-01,-9.999903440475463867e-01,-9.999970197677612305e-01,-9.999986290931701660e-01,9.999988675117492676e-01,-9.999992847442626953e-01,-9.999987483024597168e-01,-9.999964833259582520e-01,9.999959468841552734e-01,9.999991655349731445e-01,9.999993443489074707e-01,9.999970793724060059e-01,9.999991655349731445e-01,-9.999987483024597168e-01,9.999990463256835938e-01,-9.999979734420776367e-01,9.998931884765625000e-01,9.999952912330627441e-01,9.999870657920837402e-01,9.999986886978149414e-01,-9.999939799308776855e-01,-9.999989867210388184e-01,9.999959468841552734e-01,9.999967813491821289e-01,-9.999899864196777344e-01,-9.999982714653015137e-01,9.999991655349731445e-01,-9.999985694885253906e-01,9.999986886978149414e-01,9.999911785125732422e-01,-9.999763369560241699e-01,-9.999992251396179199e-01,-9.999929070472717285e-01,-9.998951554298400879e-01,9.999963641166687012e-01,-9.999986886978149414e-01,9.999889135360717773e-01,9.999981522560119629e-01,-9.999984502792358398e-01,9.999982714653015137e-01,9.999914765357971191e-01,-9.999992847442626953e-01,9.999990463256835938e-01,-9.999976754188537598e-01,9.999975562095642090e-01,-9.999992251396179199e-01,-9.997493624687194824e-01,-9.999577403068542480e-01,-9.999990463256835938e-01,-9.999977350234985352e-01,9.999870657920837402e-01,9.999988079071044922e-01,9.999954104423522949e-01,-9.999989271163940430e-01,9.999988675117492676e-01,-9.999984502792358398e-01,9.999987483024597168e-01,9.999566674232482910e-01,-9.999992847442626953e-01,9.999980330467224121e-01,-9.999991655349731445e-01,9.999985694885253906e-01,9.999964833259582520e-01,9.999979138374328613e-01,9.999990463256835938e-01,-9.999974966049194336e-01,-9.999985694885253906e-01,9.999980330467224121e-01,9.999932050704956055e-01,9.999963641166687012e-01,-9.999911189079284668e-01,9.999953508377075195e-01
9.999954700469970703e-01,-9.999961853027343750e-01,-9.999839067459106445e-01,9.999938607215881348e-01,9.999970197677612305e-01,-9.999966025352478027e-01,9.999876022338867188e-01,9.999973177909851074e-01,-9.999889731407165527e-01,9.999954700469970703e-01,-9.999966025352478027e-01,-9.999969601631164551e-01,9.999945759773254395e-01,9.999958276748657227e-01,9.999831318855285645e-01,9.999874830245971680e-01,9.999927282333374023e-01,-9.999948740005493164e-01,9.999797344207763672e-01,-9.999974370002746582e-01,-9.999970793724060059e-01,9.999828934669494629e-01,9.999962449073791504e-01,9.999943971633911133e-01,9.999682307243347168e-01,9.999970793724060059e-01,-9.999951720237731934e-01,-9.999968409538269043e-01,9.999728202819824219e-01,-9.999901056289672852e-01,-9.999770522117614746e-01,-9.999951720237731934e-01,9.999626874923706055e-01,9.999878406524658203e-01,-9.999945759773254395e-01,9.999073743820190430e-01,9.999971985816955566e-01,9.999960064888000488e-01,9.999702572822570801e-01,-9.999968409538269043e-01,9.999962449073791504e-01,-9.990535378456115723e-01,9.999538660049438477e-01,9.999969601631164551e-01,9.999954104423522949e-01,9.999951124191284180e-01,-9.999811649322509766e-01,9.999960064888000488e-01,9.999966025352478027e-01,-9.999958872795104980e-01,-9.999966621398925781e-01,-9.999957680702209473e-01,-9.999967813491821289e-01,-9.999812841415405273e-01,-9.999957680702209473e-01,-9.999949932098388672e-01,-9.999750256538391113e-01,9.999639987945556641e-01,9.999890923500061035e-01,9.999951720237731934e-01,-9.999957680702209473e-01,9.999971389770507812e-01,9.999956488609313965e-01,9.999874234199523926e-01,-9.999850392341613770e-01,-9.999967813491821289e-01,-9.999974370002746582e-01,-9.999891519546508789e-01,-9.999971389770507812e-01,9.999957084655761719e-01,-9.999967217445373535e-01,9.999928474426269531e-01,-9.996016621589660645e-01,-9.999825954437255859e-01,-9.999515414237976074e-01,-9.999955892562866211e-01,9.999774694442749023e-01,9.999964833259582520e-01,-9.999851584434509277e-01,-9.999881982803344727e-01,9.999627470970153809e-01,9.999936223030090332e-01,-9.999968409538269043e-01,9.999949336051940918e-01,-9.999954104423522949e-01,-9.999671578407287598e-01,9.999117255210876465e-01,9.999971389770507812e-01,9.999734759330749512e-01,9.996089339256286621e-01,-9.999870061874389648e-01,9.999955296516418457e-01,-9.999589920043945312e-01,-9.999931454658508301e-01,9.999942779541015625e-01,-9.999939203262329102e-01,-9.999684691429138184e-01,9.999971985816955566e-01,-9.999966621398925781e-01,9.999914169311523438e-01,-9.999908804893493652e-01,9.999969601631164551e-01,9.990643262863159180e-01,9.998422861099243164e-01,9.999964237213134766e-01,9.999915957450866699e-01,-9.999515414237976074e-01,-9.999957680702209473e-01,-9.999828934669494629e-01,9.999960064888000488e-01,-9.999959468841552734e-01,9.999943971633911133e-01,-9.999954700469970703e-01,-9.998384118080139160e-01,9.999973177909851074e-01,-9.999927878379821777e-01,9.999971389770507812e-01,-9.999947547912597656e-01,-9.999870061874389648e-01,-9.999927878379821777e-01,-9.999963641166687012e-01,9.999908208847045898e-01,9.999946951866149902e-01,-9.999928474426269531e-01,-9.999750852584838867e-01,-9.999868273735046387e-01,9.999668598175048828e-01,-9.999830126762390137e-01
9.999991059303283691e-01,-9.999992251396179199e-01,-9.999964833259582520e-01,9.999986290931701660e-01,9.999994039535522461e-01,-9.999992251396179199e-01,9.999973177909851074e-01,9.999994039535522461e-01,-9.999976158142089844e-01,9.999990463256835938e-01,-9.999993443489074707e-01,-9.999992847442626953e-01,9.999986886978149414e-01,9.999990463256835938e-01,9.999963045120239258e-01,9.999971985816955566e-01,9.999983906745910645e-01,-9.999988079071044922e-01,9.999956488609313965e-01,-9.999994635581970215e-01,-9.999993443489074707e-01,9.999963045120239258e-01,9.999992251396179199e-01,9.999986886978149414e-01,9.999932050704956055e-01,9.999993443489074707e-01,-9.999989271163940430e-01,-9.999992847442626953e-01,9.999940991401672363e-01,-9.999977946281433105e-01,-9.999949932098388672e-01,-9.999989271163940430e-01,9.999920129776000977e-01,9.999973773956298828e-01,-9.999988079071044922e-01,9.999802112579345703e-01,9.999993443489074707e-01,9.999991655349731445e-01,9.999936223030090332e-01,-9.999993443489074707e-01,9.999991655349731445e-01,-9.997975826263427734e-01,9.999901652336120605e-01,9.999994039535522461e-01,9.999989867210388184e-01,9.999989271163940430e-01,-9.999958872795104980e-01,9.999991059303283691e-01,9.999992847442626953e-01,-9.999991655349731445e-01,-9.999993443489074707e-01,-9.999991655349731445e-01,-9.999993443489074707e-01,-9.999959468841552734e-01,-9.999991655349731445e-01,-9.999988079071044922e-01,-9.999945759773254395e-01,9.999921917915344238e-01,9.999976158142089844e-01,9.999988675117492676e-01,-9.999991059303283691e-01,9.999994039535522461e-01,9.999991059303283691e-01,9.999971985816955566e-01,-9.999967813491821289e-01,-9.999994635581970215e-01,-9.999994635581970215e-01,-9.999975562095642090e-01,-9.999993443489074707e-01,9.999989867210388184e-01,-9.999993443489074707e-01,9.999984502792358398e-01,-9.999147057533264160e-01,-9.999962449073791504e-01,-9.999896883964538574e-01,-9.999991059303283691e-01,9.999951720237731934e-01,9.999992251396179199e-01,-9.999966621398925781e-01,-9.999973773956298828e-01,9.999920725822448730e-01,9.999985098838806152e-01,-9.999993443489074707e-01,9.999988079071044922e-01,-9.999990463256835938e-01,-9.999929666519165039e-01,9.999811649322509766e-01,9.999993443489074707e-01,9.999943375587463379e-01,9.999163746833801270e-01,-9.999970793724060059e-01,9.999991059303283691e-01,-9.999912381172180176e-01,-9.999985098838806152e-01,9.999986886978149414e-01,-9.999986886978149414e-01,-9.999932646751403809e-01,9.999993443489074707e-01,-9.999992251396179199e-01,9.999981522560119629e-01,-9.999980330467224121e-01,9.999993443489074707e-01,9.997998476028442383e-01,9.999663233757019043e-01,9.999991655349731445e-01,9.999981522560119629e-01,-9.999895691871643066e-01,-9.999991059303283691e-01,-9.999961853027343750e-01,9.999991655349731445e-01,-9.999991059303283691e-01,9.999987483024597168e-01,-9.999990463256835938e-01,-9.999653697013854980e-01,9.999994635581970215e-01,-9.999983310699462891e-01,9.999993443489074707e-01,-9.999988079071044922e-01,-9.999971985816955566e-01,-9.999983906745910645e-01,-9.999992251396179199e-01,9.999979138374328613e-01,9.999989271163940430e-01,-9.999984502792358398e-01,-9.999945759773254395e-01,-9.999971985816955566e-01,9.999929070472717285e-01,-9.999961853027343750e-01
-9.999960064888000488e-01,9.999965429306030273e-01,9.999856948852539062e-01,-9.999945163726806641e-01,-9.999973773956298828e-01,9.999970197677612305e-01,-9.999889731407165527e-01,-9.999976158142089844e-01,9.999902248382568359e-01,-9.999959468841552734e-01,9.999970197677612305e-01,9.999972581863403320e-01,-9.999951124191284180e-01,-9.999962449073791504e-01,-9.999849796295166016e-01,-9.999888539314270020e-01,-9.999935030937194824e-01,9.999954104423522949e-01,-9.999819993972778320e-01,9.999977946281433105e-01,9.999974370002746582e-01,-9.999848008155822754e-01,-9.999965429306030273e-01,-9.999949932098388672e-01,-9.999718070030212402e-01,-9.999973773956298828e-01,9.999956488609313965e-01,9.999973177909851074e-01,-9.999758005142211914e-01,9.999911189079284668e-01,9.999796152114868164e-01,9.999957084655761719e-01,-9.999668002128601074e-01,-9.999892711639404297e-01,9.999951124191284180e-01,-9.999177455902099609e-01,-9.999974966049194336e-01,-9.999964237213134766e-01,-9.999736547470092773e-01,9.999971985816955566e-01,-9.999966621398925781e-01,9.991592764854431152e-01,-9.999589920043945312e-01,-9.999973177909851074e-01,-9.999958276748657227e-01,-9.999955892562866211e-01,9.999832510948181152e-01,-9.999964833259582520e-01,-9.999969005584716797e-01,9.999963045120239258e-01,9.999971389770507812e-01,9.999961853027343750e-01,9.999972581863403320e-01,9.999833106994628906e-01,9.999961853027343750e-01,9.999955296516418457e-01,9.999777078628540039e-01,-9.999679327011108398e-01,-9.999903440475463867e-01,-9.999956488609313965e-01,9.999961853027343750e-01,-9.999974370002746582e-01,-9.999960660934448242e-01,-9.999887943267822266e-01,9.999867081642150879e-01,9.999971389770507812e-01,9.999977350234985352e-01,9.999902844429016113e-01,9.999974370002746582e-01,-9.999961256980895996e-01,9.999970793724060059e-01,-9.999936819076538086e-01,9.996461272239685059e-01,9.999845623970031738e-01,9.999570250511169434e-01,9.999959468841552734e-01,-9.999800920486450195e-01,-9.999967813491821289e-01,9.999867677688598633e-01,9.999895691871643066e-01,-9.999669790267944336e-01,-9.999943375587463379e-01,9.999970793724060059e-01,-9.999954104423522949e-01,9.999958872795104980e-01,9.999707937240600586e-01,-9.999216198921203613e-01,-9.999973773956298828e-01,-9.999764561653137207e-01,-9.996526241302490234e-01,9.999884963035583496e-01,-9.999960064888000488e-01,9.999634623527526855e-01,9.999939203262329102e-01,-9.999948740005493164e-01,9.999946951866149902e-01,9.999720454216003418e-01,-9.999976158142089844e-01,9.999970197677612305e-01,-9.999923110008239746e-01,9.999918937683105469e-01,-9.999971985816955566e-01,-9.991688132286071777e-01,-9.998598694801330566e-01,-9.999967217445373535e-01,-9.999925494194030762e-01,9.999569654464721680e-01,9.999962449073791504e-01,9.999848008155822754e-01,-9.999963641166687012e-01,9.999964237213134766e-01,-9.999949932098388672e-01,9.999959468841552734e-01,9.998564720153808594e-01,-9.999975562095642090e-01,9.999935626983642578e-01,-9.999974966049194336e-01,9.999954104423522949e-01,9.999885559082031250e-01,9.999935030937194824e-01,9.999966621398925781e-01,-9.999918341636657715e-01,-9.999952912330627441e-01,9.999936223030090332e-01,9.999777674674987793e-01,9.999882578849792480e-01,-9.999706149101257324e-01,9.999848604202270508e-01
9.999982118606567383e-01,-9.999986290931701660e-01,-9.999940991401672363e-01,9.999976754188537598e-01,9.999989271163940430e-01,-9.999986886978149414e-01,9.999954700469970703e-01,9.999990463256835938e-01,-9.999959468841552734e-01,9.999983310699462891e-01,-9.999987483024597168e-01,-9.999988079071044922e-01,9.999979734420776367e-01,9.999984502792358398e-01,9.999938011169433594e-01,9.999954104423522949e-01,9.999972581863403320e-01,-9.999980926513671875e-01,9.999925494194030762e-01,-9.999991059303283691e-01,-9.999989271163940430e-01,9.999937415122985840e-01,9.999985694885253906e-01,9.999979138374328613e-01,9.999883174896240234e-01,9.999989867210388184e-01,-9.999981522560119629e-01,-9.999988675117492676e-01,9.999899268150329590e-01,-9.999961853027343750e-01,-9.999914765357971191e-01,-9.999982118606567383e-01,9.999862909317016602e-01,9.999954700469970703e-01,-9.999979734420776367e-01,9.999660253524780273e-01,9.999989867210388184e-01,9.999985098838806152e-01,9.999890923500061035e-01,-9.999988675117492676e-01,9.999986290931701660e-01,-9.996523261070251465e-01,9.999830722808837891e-01,9.999988675117492676e-01,9.999982714653015137e-01,9.999981522560119629e-01,-9.999929666519165039e-01,9.999985694885253906e-01,9.999988079071044922e-01,-9.999984502792358398e-01,-9.999987483024597168e-01,-9.999984502792358398e-01,-9.999988675117492676e-01,-9.999930858612060547e-01,-9.999984502792358398e-01,-9.999980926513671875e-01,-9.999908208847045898e-01,9.999867677688598633e-01,9.999960064888000488e-01,9.999980926513671875e-01,-9.999983906745910645e-01,9.999989867210388184e-01,9.999983906745910645e-01,9.999952912330627441e-01,-9.999945163726806641e-01,-9.999988675117492676e-01,-9.999991059303283691e-01,-9.999959468841552734e-01,-9.999989271163940430e-01,9.999983906745910645e-01,-9.999988079071044922e-01,9.999972581863403320e-01,-9.998536705970764160e-01,-9.999936223030090332e-01,-9.999822974205017090e-01,-9.999983310699462891e-01,9.999917149543762207e-01,9.999986290931701660e-01,-9.999945163726806641e-01,-9.999956488609313965e-01,9.999862909317016602e-01,9.999976158142089844e-01,-9.999988079071044922e-01,9.999980926513671875e-01,-9.999982714653015137e-01,-9.999880194664001465e-01,9.999675750732421875e-01,9.999989271163940430e-01,9.999902844429016113e-01,9.998563528060913086e-01,-9.999951720237731934e-01,9.999983310699462891e-01,-9.999849200248718262e-01,-9.999974370002746582e-01,9.999978542327880859e-01,-9.999977350234985352e-01,-9.999884366989135742e-01,9.999989867210388184e-01,-9.999986886978149414e-01,9.999967813491821289e-01,-9.999966025352478027e-01,9.999988675117492676e-01,9.996563196182250977e-01,9.999420046806335449e-01,9.999986290931701660e-01,9.999969005584716797e-01,-9.999822378158569336e-01,-9.999983906745910645e-01,-9.999936819076538086e-01,9.999985694885253906e-01,-9.999985098838806152e-01,9.999979138374328613e-01,-9.999982714653015137e-01,-9.999406337738037109e-01,9.999990463256835938e-01,-9.999973177909851074e-01,9.999988675117492676e-01,-9.999980330467224121e-01,-9.999952316284179688e-01,-9.999972581863403320e-01,-9.999986290931701660e-01,9.999965429306030273e-01,9.999980926513671875e-01,-9.999973177909851074e-01,-9.999908804893493652e-01,-9.999951720237731934e-01,9.999878406524658203e-01,-9.999938607215881348e-01
-9.999987483024597168e-01,9.999989867210388184e-01,9.999957680702209473e-01,-9.999983906745910645e-01,-9.999993443489074707e-01,9.999990463256835938e-01,-9.999966025352478027e-01,-9.999993443489074707e-01,9.999970197677612305e-01,-9.999987483024597168e-01,9.999991655349731445e-01,9.999992251396179199e-01,-9.999984502792358398e-01,-9.999988675117492676e-01,-9.999955296516418457e-01,-9.999966025352478027e-01,-9.999980330467224121e-01,9.999985694885253906e-01,-9.999945759773254395e-01,9.999994039535522461e-01,9.999992847442626953e-01,-9.999954104423522949e-01,-9.999990463256835938e-01,-9.999984502792358398e-01,-9.999915361404418945e-01,-9.999993443489074707e-01,9.999987483024597168e-01,9.999992847442626953e-01,-9.999926090240478516e-01,9.999973177909851074e-01,9.999938607215881348e-01,9.999986886978149414e-01,-9.999899864196777344e-01,-9.999967217445373535e-01,9.999985098838806152e-01,-9.999752640724182129e-01,-9.999992847442626953e-01,-9.999989867210388184e-01,-9.999920129776000977e-01,9.999992251396179199e-01,-9.999990463256835938e-01,9.997457861900329590e-01,-9.999876618385314941e-01,-9.999992251396179199e-01,-9.999988079071044922e-01,-9.999986290931701660e-01,9.999949336051940918e-01,-9.999989271163940430e-01,-9.999992251396179199e-01,9.999989271163940430e-01,9.999992847442626953e-01,9.999988675117492676e-01,9.999992847442626953e-01,9.999950528144836426e-01,9.999988675117492676e-01,9.999986886978149414e-01,9.999932646751403809e-01,-9.999904036521911621e-01,-9.999970197677612305e-01,-9.999986886978149414e-01,9.999988675117492676e-01,-9.999993443489074707e-01,-9.999988079071044922e-01,-9.999964833259582520e-01,9.999960660934448242e-01,9.999991655349731445e-01,9.999994039535522461e-01,9.999969601631164551e-01,9.999992847442626953e-01,-9.999988079071044922e-01,9.999992847442626953e-01,-9.999980330467224121e-01,9.998930096626281738e-01,9.999953508377075195e-01,9.999871253967285156e-01,9.999988675117492676e-01,-9.999940395355224609e-01,-9.999991059303283691e-01,9.999960660934448242e-01,9.999969005584716797e-01,-9.999900460243225098e-01,-9.999982714653015137e-01,9.999992847442626953e-01,-9.999986290931701660e-01,9.999987483024597168e-01,9.999912381172180176e-01,-9.999764561653137207e-01,-9.999992251396179199e-01,-9.999929070472717285e-01,-9.998949766159057617e-01,9.999964833259582520e-01,-9.999988675117492676e-01,9.999890923500061035e-01,9.999981522560119629e-01,-9.999984502792358398e-01,9.999983310699462891e-01,9.999915361404418945e-01,-9.999992847442626953e-01,9.999991655349731445e-01,-9.999976754188537598e-01,9.999974966049194336e-01,-9.999992847442626953e-01,-9.997488260269165039e-01,-9.999576807022094727e-01,-9.999990463256835938e-01,-9.999977946281433105e-01,9.999870061874389648e-01,9.999989271163940430e-01,9.999954700469970703e-01,-9.999989867210388184e-01,9.999989867210388184e-01,-9.999985098838806152e-01,9.999988079071044922e-01,9.999566078186035156e-01,-9.999994039535522461e-01,9.999980330467224121e-01,-9.999992847442626953e-01,9.999985694885253906e-01,9.999965429306030273e-01,9.999980330467224121e-01,9.999991655349731445e-01,-9.999974966049194336e-01,-9.999986290931701660e-01,9.999980330467224121e-01,9.999933242797851562e-01,9.999963641166687012e-01,-9.999911785125732422e-01,9.999954104423522949e-01
-9.999988675117492676e-01,9.999990463256835938e-01,9.999959468841552734e-01,-9.999984502792358398e-01,-9.999992847442626953e-01,9.999991059303283691e-01,-9.999969601631164551e-01,-9.999992847442626953e-01,9.999972581863403320e-01,-9.999988079071044922e-01,9.999992251396179199e-01,9.999992251396179199e-01,-9.999985694885253906e-01,-9.999989271163940430e-01,-9.999958872795104980e-01,-9.999969005584716797e-01,-9.999980926513671875e-01,9.999987483024597168e-01,-9.999950528144836426e-01,9.999993443489074707e-01,9.999992251396179199e-01,-9.999957680702209473e-01,-9.999991059303283691e-01,-9.999986290931701660e-01,-9.999923110008239746e-01,-9.999993443489074707e-01,9.999988079071044922e-01,9.999992847442626953e-01,-9.999933838844299316e-01,9.999974966049194336e-01,9.999943375587463379e-01,9.999987483024597168e-01,-9.999909400939941406e-01,-9.999970197677612305e-01,9.999986290931701660e-01,-9.999776482582092285e-01,-9.999993443489074707e-01,-9.999991059303283691e-01,-9.999927878379821777e-01,9.999992847442626953e-01,-9.999991655349731445e-01,9.997703433036804199e-01,-9.999888539314270020e-01,-9.999992251396179199e-01,-9.999988675117492676e-01,-9.999987483024597168e-01,9.999953508377075195e-01,-9.999991059303283691e-01,-9.999992847442626953e-01,9.999989867210388184e-01,9.999993443489074707e-01,9.999989271163940430e-01,9.999993443489074707e-01,9.999953508377075195e-01,9.999989271163940430e-01,9.999986886978149414e-01,9.999939203262329102e-01,-9.999912381172180176e-01,-9.999972581863403320e-01,-9.999987483024597168e-01,9.999988675117492676e-01,-9.999994039535522461e-01,-9.999989271163940430e-01,-9.999969005584716797e-01,9.999963045120239258e-01,9.999992847442626953e-01,9.999994039535522461e-01,9.999972581863403320e-01,9.999992847442626953e-01,-9.999988675117492676e-01,9.999992251396179199e-01,-9.999982714653015137e-01,9.999032616615295410e-01,9.999957084655761719e-01,9.999882578849792480e-01,9.999988079071044922e-01,-9.999945163726806641e-01,-9.999992251396179199e-01,9.999963641166687012e-01,9.999970197677612305e-01,-9.999909400939941406e-01,-9.999984502792358398e-01,9.999993443489074707e-01,-9.999986886978149414e-01,9.999988079071044922e-01,9.999920129776000977e-01,-9.999786615371704102e-01,-9.999992251396179199e-01,-9.999934434890747070e-01,-9.999051094055175781e-01,9.999967217445373535e-01,-9.999988675117492676e-01,9.999899864196777344e-01,9.999982118606567383e-01,-9.999985694885253906e-01,9.999985098838806152e-01,9.999923706054687500e-01,-9.999992847442626953e-01,9.999991655349731445e-01,-9.999978542327880859e-01,9.999976754188537598e-01,-9.999991655349731445e-01,-9.997729063034057617e-01,-9.999616742134094238e-01,-9.999991655349731445e-01,-9.999978542327880859e-01,9.999882578849792480e-01,9.999989271163940430e-01,9.999958276748657227e-01,-9.999990463256835938e-01,9.999991059303283691e-01,-9.999986886978149414e-01,9.999988675117492676e-01,9.999607205390930176e-01,-9.999994039535522461e-01,9.999980926513671875e-01,-9.999992847442626953e-01,9.999986290931701660e-01,9.999967813491821289e-01,9.999982118606567383e-01,9.999991655349731445e-01,-9.999977350234985352e-01,-9.999987483024597168e-01,9.999981522560119629e-01,9.999938607215881348e-01,9.999968409538269043e-01,-9.999919533729553223e-01,9.999958872795104980e-01
