4.975090622901916504e-01,-1.502449065446853638e-02,4.464558511972427368e-02,-1.778674661181867123e-03,1.339039355516433716e-01,-3.112904354929924011e-02,1.643105410039424896e-02,2.708032131195068359e-01,4.995597153902053833e-02,-2.741194330155849457e-03,-5.810913816094398499e-02,2.149301813915371895e-03,-6.126309186220169067e-02,5.103873610496520996e-01,1.517189145088195801e-01,-2.517514163628220558e-03,-8.167847059667110443e-03,-8.785212039947509766e-02,1.650143414735794067e-01,3.091678023338317871e-02,-1.806378364562988281e-01,-8.508650213479995728e-02,-1.297648157924413681e-02,1.520138699561357498e-02,-3.221861273050308228e-02,-2.299536615610122681e-01,8.679268509149551392e-02,-2.154203206300735474e-01,-6.698298454284667969e-02,-2.453427612781524658e-01,-1.184495016932487488e-01,1.100307777523994446e-01,-7.520839571952819824e-02,3.556583076715469360e-02,-3.001167625188827515e-02,2.934212796390056610e-02,-2.560550160706043243e-02,-2.470281347632408142e-02,-1.402882337570190430e-01,-2.600046098232269287e-01,-4.207646474242210388e-02,1.046505272388458252e-01,-8.922246098518371582e-02,1.096087694168090820e-02,2.394084483385086060e-01,-1.346424669027328491e-01,-3.738140314817428589e-02,-8.112213015556335449e-02,-8.225262165069580078e-03,5.188971012830734253e-02,-5.847928579896688461e-03,-1.362235546112060547e-01,1.555704278871417046e-03,-7.072398066520690918e-02,-3.094427101314067841e-02,-7.653898093849420547e-03,4.054462909698486328e-02,5.244175903499126434e-03,-9.177987230941653252e-04,8.415099233388900757e-03,9.614948928356170654e-02,-1.842093653976917267e-02,1.223703194409608841e-02,-3.588575636968016624e-04,-6.516134738922119141e-02,6.419959664344787598e-02,-2.484541758894920349e-02,7.100743800401687622e-02,6.122848391532897949e-02,1.161775067448616028e-01,-2.405437268316745758e-02,-2.702420055866241455e-01,6.259884685277938843e-02,-2.928897552192211151e-02,-1.844196580350399017e-02,-9.054501354694366455e-02,-4.480665549635887146e-03,-1.547680608928203583e-02,-1.646125316619873047e-01,6.221111491322517395e-02,-7.804194092750549316e-02,4.091256414540112019e-04,-1.355059742927551270e-01,-1.066430006176233292e-02,-7.524985820055007935e-02,-3.652046201750636101e-03,1.907070130109786987e-01,-9.387374855577945709e-03,-7.193010300397872925e-02,-1.563407480716705322e-02,-5.531754344701766968e-03,-1.232540328055620193e-02,1.693724989891052246e-01,-1.230020374059677124e-01,1.306005567312240601e-01,-5.610847845673561096e-02,2.697854042053222656e-01,8.105163828986405861e-07,-1.187393907457590103e-02,6.361341476440429688e-02,-2.519830316305160522e-02,2.101445011794567108e-02,9.528008848428726196e-02,5.993824917823076248e-03,-2.616818249225616455e-01,1.562110781669616699e-01,2.078547924757003784e-01,8.746109902858734131e-02,-1.497194468975067139e-01,3.692135959863662720e-02,6.700725108385086060e-02,6.780023872852325439e-02,7.979275286197662354e-02,-3.407510519027709961e-01,1.401432696729898453e-02,5.177018791437149048e-02,2.464300394058227539e-01,-1.916929930448532104e-01,-1.959104686975479126e-01,-3.897730261087417603e-02,-1.582342982292175293e-01,5.024234578013420105e-02,-1.359246298670768738e-02,4.980963468551635742e-02,1.204258501529693604e-01,-7.648419588804244995e-02,-2.973885275423526764e-02,1.945238374173641205e-02
-1.502449065446853638e-02,2.625730633735656738e-02,-1.337327063083648682e-01,6.076756864786148071e-02,6.400720775127410889e-02,1.815288141369819641e-02,3.317506518214941025e-03,5.700192973017692566e-02,2.485948381945490837e-03,2.012529596686363220e-02,1.654370501637458801e-02,-3.901704400777816772e-02,1.167787760496139526e-01,7.918473333120346069e-03,1.141744926571846008e-01,1.107706204056739807e-01,-4.173566994722932577e-04,1.052292659878730774e-01,-3.612218052148818970e-02,-5.855302140116691589e-02,-1.544385403394699097e-02,1.363148242235183716e-01,7.077259570360183716e-02,1.247314829379320145e-02,1.370613090693950653e-02,1.520257890224456787e-01,-1.373604536056518555e-01,-8.074743673205375671e-03,8.934975415468215942e-02,2.048233710229396820e-02,3.516765683889389038e-02,-1.255095005035400391e-01,8.286871016025543213e-02,5.312301591038703918e-02,3.697496606037020683e-03,-1.276248544454574585e-01,7.511283271014690399e-03,2.808312140405178070e-02,-7.476188242435455322e-02,-9.953820705413818359e-02,1.233896091580390930e-01,-9.399483911693096161e-03,1.322286576032638550e-01,1.287317555397748947e-02,-1.388560701161623001e-02,-9.059481322765350342e-02,-1.290225088596343994e-01,-2.115121856331825256e-02,-1.784619316458702087e-02,2.000576630234718323e-02,5.267376545816659927e-03,-3.286012215539813042e-03,3.191502764821052551e-02,-1.358848996460437775e-02,-2.219310961663722992e-02,-1.253655701875686646e-01,3.116255998611450195e-02,1.025544479489326477e-02,-7.796359807252883911e-02,-4.577999189496040344e-02,1.847779611125588417e-03,1.219391007907688618e-03,5.174444522708654404e-03,1.882054284214973450e-02,-1.436467282474040985e-03,-2.568987198173999786e-02,5.224821344017982483e-02,1.344344615936279297e-01,-1.297875344753265381e-01,-2.074306132271885872e-03,-7.467702031135559082e-02,3.138956800103187561e-02,-2.954023517668247223e-02,1.180880889296531677e-01,-2.718602307140827179e-02,-8.857702463865280151e-02,-5.069968290627002716e-03,1.310325115919113159e-01,-2.467404305934906006e-02,-1.043113172054290771e-01,1.184166446328163147e-01,2.619657665491104126e-03,-1.021129563450813293e-01,8.065186440944671631e-03,-8.647164702415466309e-02,-1.234095990657806396e-01,5.762202665209770203e-02,1.018276903778314590e-02,6.176331639289855957e-02,1.197740808129310608e-02,-3.564241155982017517e-02,-2.560838870704174042e-02,-1.050269603729248047e-01,4.668686911463737488e-02,-9.790176898241043091e-02,-4.086757544428110123e-03,7.394565641880035400e-02,-4.395442374516278505e-04,-9.339631348848342896e-02,1.875570788979530334e-02,-6.499538198113441467e-03,2.585189044475555420e-02,-1.243533268570899963e-01,-1.327167078852653503e-02,1.418278962373733521e-01,9.186374954879283905e-03,-8.111214637756347656e-02,-1.122574955224990845e-01,-2.497124858200550079e-02,-1.855772733688354492e-02,9.000692516565322876e-02,-1.352230552583932877e-02,-1.073298081755638123e-01,1.094921398907899857e-02,1.492130309343338013e-01,-1.292769163846969604e-01,5.601041391491889954e-02,4.186316207051277161e-02,-1.215894296765327454e-01,3.132446110248565674e-02,8.665357530117034912e-02,1.006713733077049255e-01,1.169501394033432007e-01,-4.600859805941581726e-02,-1.128780394792556763e-01,-3.001971356570720673e-02,-5.206603091210126877e-03,3.914900496602058411e-02
4.464558511972427368e-02,-1.337327063083648682e-01,7.738586068153381348e-01,-4.022091627120971680e-01,-3.275995850563049316e-01,-2.021391987800598145e-01,-9.260944277048110962e-02,-3.608649969100952148e-01,1.053728256374597549e-02,-1.328451782464981079e-01,-9.809550642967224121e-02,2.495514154434204102e-01,-6.289458274841308594e-01,-1.345555931329727173e-01,-6.579571962356567383e-01,-6.271864175796508789e-01,-1.372850034385919571e-02,-5.450394749641418457e-01,2.185576558113098145e-01,3.857270181179046631e-01,8.267631381750106812e-02,-7.574414610862731934e-01,-5.089260339736938477e-01,5.613633617758750916e-02,-7.624579966068267822e-02,-7.603588700294494629e-01,7.330418825149536133e-01,-4.373818635940551758e-02,-5.824311375617980957e-01,-4.072497040033340454e-02,-1.920353919267654419e-01,7.108508348464965820e-01,-5.007647275924682617e-01,-3.909460604190826416e-01,-6.191169377416372299e-03,7.208555340766906738e-01,-4.269703850150108337e-02,-1.681786328554153442e-01,5.146967768669128418e-01,6.093178391456604004e-01,-6.820070147514343262e-01,3.883202373981475830e-02,-6.864590048789978027e-01,-8.296129852533340454e-02,2.455084584653377533e-02,6.301690340042114258e-01,7.465188503265380859e-01,1.403578817844390869e-01,7.892293483018875122e-02,-2.224657125771045685e-02,-6.041864678263664246e-02,3.140449523925781250e-02,-1.584879010915756226e-01,1.557858288288116455e-01,1.221144422888755798e-01,7.183206081390380859e-01,-2.164828926324844360e-01,-6.745276600122451782e-02,3.964958786964416504e-01,2.864440679550170898e-01,2.651741541922092438e-02,-5.789935588836669922e-02,-3.611877560615539551e-02,-1.818318068981170654e-01,-9.843624196946620941e-03,1.450782865285873413e-01,-2.684478163719177246e-01,-7.180743813514709473e-01,7.149516940116882324e-01,3.953930363059043884e-02,4.966536164283752441e-01,-7.502942532300949097e-02,1.571018546819686890e-01,-7.067078351974487305e-01,1.466428637504577637e-01,5.081849098205566406e-01,2.835167199373245239e-02,-7.860084176063537598e-01,2.065205425024032593e-01,6.478146314620971680e-01,-7.210065126419067383e-01,-1.778756268322467804e-02,5.675382018089294434e-01,-4.090340062975883484e-02,5.493993163108825684e-01,6.226989626884460449e-01,-3.756504952907562256e-01,-5.632323771715164185e-02,-3.359785377979278564e-01,-1.005398258566856384e-01,2.150598764419555664e-01,1.644875705242156982e-01,5.995445251464843750e-01,-2.566055953502655029e-01,5.929347872734069824e-01,5.720349401235580444e-02,-4.464440047740936279e-01,2.861520741134881973e-03,5.792541503906250000e-01,-1.722449064254760742e-01,8.649412542581558228e-02,-2.038410305976867676e-01,7.152128219604492188e-01,8.142776787281036377e-02,-7.724903821945190430e-01,-1.984526067972183228e-01,5.190356373786926270e-01,6.460840702056884766e-01,1.477964967489242554e-01,1.092615872621536255e-01,-5.574259161949157715e-01,1.959848701953887939e-01,6.262570619583129883e-01,-1.918890774250030518e-01,-7.781963348388671875e-01,7.035661339759826660e-01,-3.548373579978942871e-01,-3.075639903545379639e-01,7.388641834259033203e-01,-1.926123797893524170e-01,-5.744276642799377441e-01,-6.382168531417846680e-01,-6.805015802383422852e-01,2.424228191375732422e-01,6.870691180229187012e-01,2.734184861183166504e-01,8.622651919722557068e-03,-2.708096504211425781e-01
-1.778674661181867123e-03,6.076756864786148071e-02,-4.022091627120971680e-01,3.720832765102386475e-01,1.292768567800521851e-01,1.798554807901382446e-01,1.913696993142366409e-03,2.301531732082366943e-01,-2.272583544254302979e-02,6.306573748588562012e-02,-3.152519091963768005e-02,-1.375509500503540039e-01,2.677119672298431396e-01,1.311607211828231812e-01,3.339136838912963867e-01,2.747665047645568848e-01,1.188192237168550491e-02,3.418472707271575928e-01,-1.319840699434280396e-01,-1.330552250146865845e-01,-2.059003412723541260e-01,4.414062500000000000e-01,2.495133131742477417e-01,-1.155515685677528381e-01,5.881340801715850830e-02,3.826318681240081787e-01,-3.445849120616912842e-01,1.152518764138221741e-01,2.063232213258743286e-01,9.786573052406311035e-02,7.700982689857482910e-02,-4.478796720504760742e-01,3.422976434230804443e-01,1.345530748367309570e-01,1.221723854541778564e-02,-3.840604424476623535e-01,4.558099806308746338e-02,7.662201672792434692e-02,-1.605269312858581543e-01,-4.615253806114196777e-01,3.917281627655029297e-01,4.805635195225477219e-03,3.343082964420318604e-01,3.771767392754554749e-02,-2.043242007493972778e-02,-2.297148257493972778e-01,-3.486542105674743652e-01,-1.329045295715332031e-01,-5.308471992611885071e-02,6.674688309431076050e-02,3.301374241709709167e-02,-2.470172708854079247e-03,1.678957641124725342e-01,-2.134709656238555908e-01,5.123111605644226074e-02,-3.720360100269317627e-01,1.154966503381729126e-01,2.676025405526161194e-02,-1.343475133180618286e-01,-1.830622702836990356e-01,-7.774844765663146973e-02,6.655693054199218750e-02,2.523742057383060455e-02,1.161429733037948608e-01,-8.870211313478648663e-04,-7.663191109895706177e-02,1.166524961590766907e-01,4.085862934589385986e-01,-3.668646812438964844e-01,-7.865289598703384399e-02,-2.684983313083648682e-01,1.907679289579391479e-01,-1.252748370170593262e-01,3.721197247505187988e-01,-8.892618119716644287e-02,-2.862089276313781738e-01,-4.311851691454648972e-03,4.055206179618835449e-01,-2.889877557754516602e-01,-3.693432211875915527e-01,5.127058029174804688e-01,9.337145835161209106e-03,-2.274789959192276001e-01,2.569302543997764587e-02,-3.604472577571868896e-01,-1.989442259073257446e-01,4.999388009309768677e-02,2.552915550768375397e-02,8.024431020021438599e-02,4.963153973221778870e-02,-7.599879801273345947e-02,-1.576520651578903198e-01,-4.217884242534637451e-01,2.036037892103195190e-01,-3.438265919685363770e-01,-6.545978784561157227e-02,1.921369433403015137e-01,-1.504429616034030914e-03,-2.348830699920654297e-01,1.453853249549865723e-01,-2.001116424798965454e-02,3.389882668852806091e-02,-4.279939830303192139e-01,-3.617351874709129333e-02,4.564979076385498047e-01,2.358907014131546021e-01,-4.063683748245239258e-01,-3.571609854698181152e-01,6.280492991209030151e-03,-5.316891521215438843e-02,4.631783068180084229e-01,-1.649430990219116211e-01,-3.834054768085479736e-01,1.014027968049049377e-01,4.178318679332733154e-01,-3.322706520557403564e-01,1.202738508582115173e-01,1.469726264476776123e-01,-4.521653056144714355e-01,1.339464187622070312e-01,2.276723682880401611e-01,3.193126618862152100e-01,3.632772266864776611e-01,-9.977674484252929688e-02,-3.456521034240722656e-01,-1.428436040878295898e-01,-9.780743159353733063e-03,1.828811913728713989e-01
1.339039355516433716e-01,6.400720775127410889e-02,-3.275995850563049316e-01,1.292768567800521851e-01,2.509698569774627686e-01,2.373419329524040222e-02,3.209289535880088806e-02,2.480834722518920898e-01,1.318687945604324341e-02,5.025565996766090393e-02,2.561499178409576416e-02,-9.281513094902038574e-02,2.750912606716156006e-01,1.677746772766113281e-01,3.523959219455718994e-01,2.930883169174194336e-01,-9.327372536063194275e-03,2.297113090753555298e-01,-3.310739621520042419e-02,-1.502969712018966675e-01,-6.087126582860946655e-02,3.119054138660430908e-01,1.493453830480575562e-01,8.439964056015014648e-02,1.617118529975414276e-02,3.051611483097076416e-01,-3.347714841365814209e-01,-1.399026662111282349e-01,2.360215783119201660e-01,-8.321704715490341187e-02,5.163197964429855347e-02,-2.463526427745819092e-01,1.661126762628555298e-01,1.365068703889846802e-01,-3.408598131500184536e-04,-2.989498972892761230e-01,3.518152516335248947e-03,6.496569514274597168e-02,-2.824365198612213135e-01,-3.246768712997436523e-01,3.040924966335296631e-01,1.623621210455894470e-02,3.167160749435424805e-01,3.892479091882705688e-02,5.554816126823425293e-02,-2.827013731002807617e-01,-3.637697100639343262e-01,-7.887092232704162598e-02,-4.377508163452148438e-02,9.045413136482238770e-02,1.115792524069547653e-02,-6.528677046298980713e-02,6.686097383499145508e-02,-2.339871414005756378e-02,-9.337702393531799316e-02,-3.263685703277587891e-01,8.494544029235839844e-02,2.842606045305728912e-02,-2.393484562635421753e-01,-1.034459769725799561e-01,5.888900160789489746e-02,-1.881492882966995239e-02,1.596657000482082367e-02,5.409162119030952454e-02,-1.917063631117343903e-02,-3.848305717110633850e-02,1.424727141857147217e-01,3.737754225730895996e-01,-2.875348031520843506e-01,7.335934787988662720e-02,-2.033077031373977661e-01,-5.005146190524101257e-02,-2.238828875124454498e-02,2.790013849735260010e-01,-7.779742032289505005e-02,-2.993960678577423096e-01,-1.729311980307102203e-02,3.235980272293090820e-01,-9.443623572587966919e-02,-2.302524596452713013e-01,2.468165159225463867e-01,6.115899421274662018e-03,-3.440555930137634277e-01,1.606599800288677216e-02,-2.519600987434387207e-01,-3.586696088314056396e-01,2.712654471397399902e-01,2.279972657561302185e-02,1.499405354261398315e-01,2.046059444546699524e-02,-1.166857704520225525e-01,-5.260324850678443909e-02,-1.730951666831970215e-01,4.075964540243148804e-02,-1.898446083068847656e-01,-1.407680753618478775e-02,3.329641222953796387e-01,-1.084618153981864452e-03,-2.420741766691207886e-01,6.647442281246185303e-02,-2.486621774733066559e-02,9.368343651294708252e-02,-2.588123381137847900e-01,-3.377547487616539001e-02,2.648662626743316650e-01,6.673826277256011963e-02,-1.037034466862678528e-01,-2.506779730319976807e-01,-1.607058495283126831e-01,-3.199649974703788757e-02,1.745267510414123535e-01,1.655611023306846619e-02,-2.180994749069213867e-01,-1.274165958166122437e-01,4.105603694915771484e-01,-3.333943486213684082e-01,2.481825798749923706e-01,2.678493596613407135e-02,-3.701832592487335205e-01,5.473582446575164795e-02,1.885283291339874268e-01,2.708232104778289795e-01,2.871379256248474121e-01,-1.089147403836250305e-01,-2.241733074188232422e-01,-8.837767690420150757e-02,-2.820265665650367737e-02,1.142074167728424072e-01
-3.112904354929924011e-02,1.815288141369819641e-02,-2.021391987800598145e-01,1.798554807901382446e-01,2.373419329524040222e-02,2.175538092851638794e-01,1.577601395547389984e-02,1.258341819047927856e-01,-8.552688360214233398e-02,1.230480428785085678e-02,1.176771894097328186e-02,-5.855203047394752502e-02,7.078898698091506958e-02,6.091281026601791382e-02,1.169954389333724976e-01,8.759820461273193359e-02,1.960400026291608810e-03,9.863851219415664673e-02,-6.374934315681457520e-02,-8.779518306255340576e-02,3.154648840427398682e-02,1.923776865005493164e-01,1.667024046182632446e-01,-5.928963050246238708e-02,1.607745885848999023e-02,9.823505580425262451e-02,-1.384873688220977783e-01,7.222550362348556519e-02,1.855196505784988403e-01,-2.675472758710384369e-02,6.671136617660522461e-02,-1.526059657335281372e-01,9.777139872312545776e-02,1.192988902330398560e-01,-5.724196322262287140e-03,-1.485463529825210571e-01,1.987406797707080841e-02,2.719277143478393555e-02,-7.092161476612091064e-02,-1.984338760375976562e-01,9.522324055433273315e-02,-1.331517007201910019e-02,1.754906177520751953e-01,2.054144069552421570e-02,5.866195634007453918e-02,-1.026394441723823547e-01,-1.385978907346725464e-01,-5.195302143692970276e-02,-4.778211563825607300e-02,-3.159034624695777893e-02,9.571459889411926270e-02,-6.708181649446487427e-02,4.811641201376914978e-02,-1.422124356031417847e-01,-5.729008000344038010e-03,-1.692733764648437500e-01,6.031000241637229919e-02,1.398545317351818085e-02,-1.998735964298248291e-02,-6.934646517038345337e-02,-1.112363021820783615e-02,1.943705044686794281e-02,9.409628808498382568e-03,-1.865568011999130249e-02,1.653793151490390301e-03,-1.680328324437141418e-02,4.256026819348335266e-02,1.476553827524185181e-01,-1.303337216377258301e-01,-2.787477523088455200e-02,-1.150669753551483154e-01,-4.714859649538993835e-02,-2.527645230293273926e-02,1.386339664459228516e-01,-3.676958149299025536e-03,-9.478487819433212280e-02,2.090079942718148232e-03,1.839175373315811157e-01,-8.901761472225189209e-02,-1.553106606006622314e-01,2.209185212850570679e-01,4.294546786695718765e-03,-1.043010279536247253e-01,2.990011824294924736e-03,-1.112487912178039551e-01,-2.046941407024860382e-02,5.063813179731369019e-02,9.881262667477130890e-03,-3.847329318523406982e-02,2.723051235079765320e-02,-2.626366913318634033e-02,-4.917686060070991516e-02,-1.562390178442001343e-01,7.715533673763275146e-02,-1.154037564992904663e-01,-6.928265839815139771e-02,9.058770537376403809e-02,-5.849593435414135456e-04,-1.166958734393119812e-01,3.043086454272270203e-02,-4.322165250778198242e-02,-1.488912291824817657e-02,-1.509363502264022827e-01,-1.306695770472288132e-02,1.797441542148590088e-01,1.835643649101257324e-01,-1.557597815990447998e-01,-1.467313021421432495e-01,7.609197497367858887e-02,-1.637797616422176361e-02,1.549834609031677246e-01,-1.268532127141952515e-01,-1.575118452310562134e-01,1.165088266134262085e-01,1.910037547349929810e-01,-9.659346938133239746e-02,5.871769413352012634e-02,1.022840812802314758e-01,-1.803521066904067993e-01,4.553824290633201599e-02,1.224115043878555298e-01,1.119618266820907593e-01,1.273229122161865234e-01,-3.178909420967102051e-03,-1.886383444070816040e-01,-4.524584859609603882e-02,5.171242635697126389e-03,1.135661602020263672e-01
1.643105410039424896e-02,3.317506518214941025e-03,-9.260944277048110962e-02,1.913696993142366409e-03,3.209289535880088806e-02,1.577601395547389984e-02,8.870730549097061157e-02,1.272461470216512680e-02,1.187851186841726303e-03,2.686513029038906097e-02,9.334443137049674988e-03,-1.996049098670482635e-02,3.042481839656829834e-02,1.211208850145339966e-02,6.480581313371658325e-02,4.630920290946960449e-02,8.051540702581405640e-03,-1.950934901833534241e-02,-2.105709724128246307e-02,-6.599140912294387817e-02,5.393580067902803421e-03,6.135322153568267822e-02,4.599355161190032959e-02,-2.635716274380683899e-02,-2.854410791769623756e-03,6.992538273334503174e-02,-6.116832047700881958e-02,1.585214212536811829e-02,8.644878864288330078e-02,-7.800854742527008057e-02,1.079430337995290756e-02,-5.764854699373245239e-02,4.430682584643363953e-02,4.040005803108215332e-02,-4.070960916578769684e-03,-4.869903624057769775e-02,-7.159183733165264130e-03,1.723320409655570984e-02,-1.218853518366813660e-01,-5.350952595472335815e-02,8.121494948863983154e-02,1.438122335821390152e-02,1.833522506058216095e-02,1.044780109077692032e-02,-1.032778434455394745e-02,-1.426856964826583862e-01,-1.113334223628044128e-01,-9.343868121504783630e-03,3.256430849432945251e-02,-1.617416366934776306e-02,-2.862227382138371468e-03,1.482624746859073639e-02,-2.419502101838588715e-02,1.750828698277473450e-02,-2.587655559182167053e-02,-5.924985185265541077e-02,1.144977938383817673e-02,7.169901393353939056e-03,-5.411899834871292114e-02,-1.722693815827369690e-02,-2.059484831988811493e-02,2.614137902855873108e-02,4.659098107367753983e-03,1.048481315374374390e-01,2.694883942604064941e-02,-7.778021041303873062e-03,1.100822817534208298e-02,5.546542629599571228e-02,-4.412982240319252014e-02,2.374954335391521454e-02,-6.864329427480697632e-02,-5.519240722060203552e-02,2.615785598754882812e-02,7.911569625139236450e-02,-1.616370864212512970e-02,-9.112564474344253540e-02,-6.033985875546932220e-03,1.228945627808570862e-01,-2.064328081905841827e-02,-5.094896629452705383e-02,7.850441336631774902e-02,1.776724704541265965e-03,-5.674527585506439209e-02,-6.421888829208910465e-04,-7.798255980014801025e-02,-6.871332973241806030e-02,1.190597712993621826e-01,1.533459522761404514e-03,6.203787773847579956e-02,1.974184997379779816e-02,-4.733519628643989563e-02,-4.968262743204832077e-03,-2.428757585585117340e-02,-1.855001226067543030e-02,-4.881506040692329407e-02,-8.159707067534327507e-04,7.551420480012893677e-02,-3.736587823368608952e-04,-5.694895982742309570e-02,4.931097477674484253e-02,-2.538451366126537323e-02,9.434705972671508789e-02,-6.068947911262512207e-02,-9.868045337498188019e-03,1.011016741394996643e-01,5.729570612311363220e-02,-6.221500784158706665e-02,-3.009397909045219421e-02,-1.010709032416343689e-01,-9.636617265641689301e-03,3.612781176343560219e-03,-5.516741797327995300e-02,-6.510239094495773315e-03,5.732522532343864441e-02,6.194208189845085144e-02,-8.783612400293350220e-02,5.258851125836372375e-02,3.543189913034439087e-02,-1.171873211860656738e-01,8.841466158628463745e-03,1.106710210442543030e-01,9.352195262908935547e-02,6.297124922275543213e-02,-2.881749719381332397e-02,-4.911404848098754883e-02,-7.548549026250839233e-02,9.235375560820102692e-03,3.755756467580795288e-02
2.708032131195068359e-01,5.700192973017692566e-02,-3.608649969100952148e-01,2.301531732082366943e-01,2.480834722518920898e-01,1.258341819047927856e-01,1.272461470216512680e-02,4.484302401542663574e-01,-2.224877662956714630e-02,4.109523817896842957e-02,2.866014651954174042e-02,-1.235221251845359802e-01,2.789994180202484131e-01,3.727538585662841797e-01,4.230838418006896973e-01,3.101904988288879395e-01,-8.636975660920143127e-03,2.236827909946441650e-01,-4.434925038367509842e-03,-1.425242722034454346e-01,-5.173765495419502258e-02,3.691942095756530762e-01,2.360574305057525635e-01,-1.975785195827484131e-02,1.529568340629339218e-02,2.401605397462844849e-01,-3.314543962478637695e-01,-1.145890802145004272e-01,3.077585399150848389e-01,-1.190559864044189453e-01,2.765178494155406952e-02,-2.622075378894805908e-01,1.405381709337234497e-01,2.224439084529876709e-01,-2.027893625199794769e-02,-3.652991652488708496e-01,6.533535663038492203e-03,6.843195110559463501e-02,-3.438779115676879883e-01,-4.840328693389892578e-01,2.856770455837249756e-01,2.830266766250133514e-02,3.297280073165893555e-01,4.854298382997512817e-02,2.241606712341308594e-01,-3.568096458911895752e-01,-4.101696014404296875e-01,-1.127095595002174377e-01,-7.451333105564117432e-02,1.878380589187145233e-02,7.479942589998245239e-02,-1.372830718755722046e-01,8.929406106472015381e-02,-1.719578951597213745e-01,-1.089335530996322632e-01,-3.946629464626312256e-01,1.483831405639648438e-01,3.962052986025810242e-02,-1.481587886810302734e-01,-1.293528974056243896e-01,7.025101035833358765e-02,-1.014843676239252090e-02,2.174453809857368469e-02,-5.400649458169937134e-02,-4.130130261182785034e-02,-2.332294732332229614e-02,1.149927154183387756e-01,3.943594694137573242e-01,-3.310272395610809326e-01,1.654994115233421326e-02,-2.580693066120147705e-01,-1.849013268947601318e-01,-3.892804309725761414e-02,3.385054469108581543e-01,-5.602600052952766418e-02,-2.504129707813262939e-01,-1.362946629524230957e-02,3.768432438373565674e-01,-1.908831298351287842e-01,-2.975548207759857178e-01,3.114570975303649902e-01,8.542789146304130554e-03,-3.833387196063995361e-01,1.544142980128526688e-02,-2.800361514091491699e-01,-3.177838325500488281e-01,2.575668692588806152e-01,2.451325394213199615e-02,6.947940587997436523e-02,3.710544854402542114e-02,-9.955585002899169922e-02,-6.447545439004898071e-02,-1.753001213073730469e-01,1.244801934808492661e-02,-1.896241903305053711e-01,-6.992600113153457642e-02,3.835739493370056152e-01,-1.262970152311027050e-03,-2.891480624675750732e-01,9.812085330486297607e-02,-5.961852893233299255e-02,6.720898300409317017e-02,-2.989681959152221680e-01,-3.744016960263252258e-02,2.468144744634628296e-01,1.818812936544418335e-01,-6.998016685247421265e-02,-2.978006899356842041e-01,-8.078683167695999146e-02,-2.071353048086166382e-02,2.962152063846588135e-01,-5.265682935714721680e-03,-2.820258736610412598e-01,-1.365128159523010254e-01,4.710125625133514404e-01,-3.197879195213317871e-01,3.187171220779418945e-01,3.579406067728996277e-02,-4.866162836551666260e-01,5.881809815764427185e-02,1.458638161420822144e-01,3.034835159778594971e-01,2.931144833564758301e-01,-1.756691560149192810e-02,-2.829939424991607666e-01,-1.169600114226341248e-01,-3.087863139808177948e-02,1.527217030525207520e-01
4.995597153902053833e-02,2.485948381945490837e-03,1.053728256374597549e-02,-2.272583544254302979e-02,1.318687945604324341e-02,-8.552688360214233398e-02,1.187851186841726303e-03,-2.224877662956714630e-02,6.549476087093353271e-02,1.496211532503366470e-02,-1.651403121650218964e-02,-3.437748877331614494e-03,3.231136500835418701e-02,4.054580256342887878e-02,3.211414441466331482e-02,1.874424330890178680e-02,6.230187602341175079e-03,1.190454978495836258e-02,1.566111482679843903e-02,1.421029772609472275e-02,-1.094104945659637451e-01,-3.290735185146331787e-03,-2.059629000723361969e-02,-1.435315422713756561e-02,5.149378441274166107e-03,4.092300683259963989e-02,-2.113015390932559967e-03,-4.546846263110637665e-03,-7.209910452365875244e-02,3.381960839033126831e-02,-3.308174014091491699e-02,-4.461737349629402161e-02,4.178615659475326538e-02,-2.209689840674400330e-02,4.501405172049999237e-03,-1.686371490359306335e-02,-2.110481727868318558e-03,1.995381433516740799e-03,-6.472438108175992966e-03,-2.049802616238594055e-02,5.037599802017211914e-02,1.806111074984073639e-02,-3.795547038316726685e-02,-2.090893220156431198e-03,-4.465930908918380737e-02,-3.760973736643791199e-02,-1.400174573063850403e-02,-6.912224460393190384e-03,2.278423309326171875e-02,2.599769644439220428e-02,-6.288183480501174927e-02,4.181336984038352966e-02,1.145710796117782593e-02,2.734323777258396149e-02,2.401881478726863861e-02,4.312003962695598602e-03,-5.123977549374103546e-03,-8.653573459014296532e-04,-1.678864657878875732e-02,-9.287354536354541779e-03,-2.101321332156658173e-02,1.916664279997348785e-02,2.800018759444355965e-03,7.236053794622421265e-02,-5.567200947552919388e-03,-8.645770139992237091e-03,-3.074104664847254753e-03,2.461437322199344635e-02,-2.229254133999347687e-02,-3.882640972733497620e-03,-5.659980233758687973e-03,6.638597697019577026e-02,-2.026678062975406647e-02,2.633584104478359222e-02,-2.534123323857784271e-02,-1.585276983678340912e-02,-2.814540872350335121e-03,1.652197912335395813e-02,-3.373950347304344177e-02,-3.632146166637539864e-03,1.232431828975677490e-02,3.952105762436985970e-04,9.728915989398956299e-03,3.598833922296762466e-03,-3.342755511403083801e-02,-3.429180383682250977e-02,-7.931415922939777374e-03,-5.483646527864038944e-04,5.314553529024124146e-02,2.859727828763425350e-05,-3.557386575266718864e-03,-1.735615730285644531e-02,-1.327910088002681732e-02,1.167852059006690979e-02,-1.978846266865730286e-02,1.921298913657665253e-02,1.362495357170701027e-03,-1.027713660732842982e-04,-5.416873376816511154e-03,2.954881452023983002e-02,1.628994196653366089e-02,3.459011018276214600e-02,-3.109131380915641785e-02,-1.444916939362883568e-03,4.583720583468675613e-03,-3.299142047762870789e-02,-2.253396064043045044e-02,6.430291105061769485e-03,-6.112447381019592285e-02,-4.908311180770397186e-03,6.473608314990997314e-02,1.598491147160530090e-02,-6.448779255151748657e-03,-4.078389704227447510e-02,-2.050516940653324127e-02,-2.883782982826232910e-02,7.780926302075386047e-03,-2.429575845599174500e-02,-4.125099256634712219e-02,1.072428654879331589e-02,-1.872007735073566437e-02,3.272436186671257019e-02,2.909290418028831482e-02,-3.096883185207843781e-02,1.538129802793264389e-02,-4.430667310953140259e-02,-2.329118084162473679e-03,-2.585032023489475250e-02
-2.741194330155849457e-03,2.012529596686363220e-02,-1.328451782464981079e-01,6.306573748588562012e-02,5.025565996766090393e-02,1.230480428785085678e-02,2.686513029038906097e-02,4.109523817896842957e-02,1.496211532503366470e-02,2.865700051188468933e-02,6.118499673902988434e-03,-4.127993807196617126e-02,1.055742949247360229e-01,2.302814461290836334e-02,1.139012202620506287e-01,1.003323644399642944e-01,5.913783330470323563e-03,8.528920263051986694e-02,-3.750623390078544617e-02,-5.946797132492065430e-02,-5.005012080073356628e-02,1.318702250719070435e-01,7.493400573730468750e-02,-2.399191446602344513e-02,1.424253080040216446e-02,1.511616706848144531e-01,-1.228428035974502563e-01,2.169621735811233521e-02,7.580177485942840576e-02,1.380878034979104996e-02,2.162388525903224945e-02,-1.414216607809066772e-01,1.013645157217979431e-01,5.058073997497558594e-02,3.087915247306227684e-03,-1.244597658514976501e-01,6.729498039931058884e-03,2.793845161795616150e-02,-8.698026835918426514e-02,-1.110652983188629150e-01,1.362244486808776855e-01,1.574801979586482048e-03,9.553278982639312744e-02,1.261336263269186020e-02,-2.689984627068042755e-02,-1.218498721718788147e-01,-1.353200078010559082e-01,-2.581767737865447998e-02,1.018981332890689373e-03,1.051699183881282806e-02,-1.146469637751579285e-02,1.575995422899723053e-02,2.821554802358150482e-02,-1.845639199018478394e-02,-6.106776185333728790e-03,-1.167951673269271851e-01,3.045411035418510437e-02,9.986380115151405334e-03,-6.607056409120559692e-02,-4.965983703732490540e-02,-2.257773838937282562e-02,2.208959497511386871e-02,7.006535306572914124e-03,7.075177878141403198e-02,6.349959410727024078e-03,-2.695487067103385925e-02,3.913157433271408081e-02,1.264226585626602173e-01,-1.228033751249313354e-01,-9.638779796659946442e-03,-8.633583039045333862e-02,3.976418823003768921e-02,-2.834848873317241669e-02,1.291632503271102905e-01,-3.218301758170127869e-02,-9.505816549062728882e-02,-5.110763944685459137e-03,1.503149569034576416e-01,-5.229725688695907593e-02,-1.097331494092941284e-01,1.437826156616210938e-01,2.998444018885493279e-03,-7.958365976810455322e-02,7.476253435015678406e-03,-1.068397164344787598e-01,-1.059561967849731445e-01,5.650290101766586304e-02,8.228593505918979645e-03,7.092455029487609863e-02,1.821923442184925079e-02,-3.816055133938789368e-02,-3.520208224654197693e-02,-1.103716865181922913e-01,4.564071446657180786e-02,-1.067470014095306396e-01,-2.629914786666631699e-03,6.749737262725830078e-02,-5.138935521245002747e-04,-8.914767950773239136e-02,4.522653669118881226e-02,-9.729240089654922485e-03,5.137858912348747253e-02,-1.360087394714355469e-01,-1.358830463141202927e-02,1.551062315702438354e-01,3.452654182910919189e-02,-1.139037311077117920e-01,-1.019502952694892883e-01,-4.745121300220489502e-02,-1.989130675792694092e-02,1.151474118232727051e-01,-4.119729623198509216e-02,-1.002108529210090637e-01,3.743618354201316833e-02,1.271266341209411621e-01,-1.304398626089096069e-01,5.013644695281982422e-02,4.856994003057479858e-02,-1.479067057371139526e-01,3.643653914332389832e-02,9.713415056467056274e-02,1.165755167603492737e-01,1.220933198928833008e-01,-5.004880204796791077e-02,-1.098345369100570679e-01,-6.495400518178939819e-02,2.581233566161245108e-04,4.066757112741470337e-02
-5.810913816094398499e-02,1.654370501637458801e-02,-9.809550642967224121e-02,-3.152519091963768005e-02,2.561499178409576416e-02,1.176771894097328186e-02,9.334443137049674988e-03,2.866014651954174042e-02,-1.651403121650218964e-02,6.118499673902988434e-03,7.611632347106933594e-02,-2.430497109889984131e-02,1.066915616393089294e-01,-3.723933175206184387e-02,6.181704625487327576e-02,8.773068338632583618e-02,-2.867340110242366791e-03,2.847317233681678772e-02,-2.086027152836322784e-02,-6.950955092906951904e-02,1.427225768566131592e-01,8.710081130266189575e-02,8.199296891689300537e-02,2.144882455468177795e-02,-1.046535791829228401e-03,1.183744594454765320e-01,-1.147157400846481323e-01,-1.819625124335289001e-02,1.497777253389358521e-01,-6.003016140311956406e-03,4.437972605228424072e-02,-4.810244962573051453e-02,-1.979164779186248779e-02,9.962747991085052490e-02,-7.255977019667625427e-03,-9.913527220487594604e-02,-4.462780896574258804e-03,2.369971387088298798e-02,-9.024904668331146240e-02,1.891072280704975128e-02,3.261419385671615601e-02,-3.742299973964691162e-02,1.172344535589218140e-01,1.060203276574611664e-02,3.316443413496017456e-02,-1.123043894767761230e-01,-1.087455227971076965e-01,3.127250447869300842e-02,-1.898010820150375366e-02,-6.845768541097640991e-02,3.411100059747695923e-02,-2.600366249680519104e-02,-3.028575517237186432e-02,2.831426821649074554e-02,-8.495761454105377197e-02,-9.542928636074066162e-02,3.263537213206291199e-02,1.319725904613733292e-02,-3.909450396895408630e-02,-9.506500326097011566e-03,3.700526058673858643e-02,-2.103667519986629486e-02,-2.263302914798259735e-03,-6.652437150478363037e-02,1.459796214476227760e-03,-1.484575308859348297e-02,3.370791301131248474e-02,4.633006080985069275e-02,-1.044861674308776855e-01,-8.431741036474704742e-03,-3.679402545094490051e-02,-9.112676978111267090e-02,-5.740959197282791138e-03,8.692350238561630249e-02,1.175216026604175568e-02,2.099753916263580322e-02,-5.924161057919263840e-03,1.059480383992195129e-01,1.016714498400688171e-01,-6.765782833099365234e-02,2.484987303614616394e-02,1.924808719195425510e-03,-8.064726740121841431e-02,2.064729109406471252e-03,2.338939532637596130e-02,-1.228427365422248840e-01,6.773710995912551880e-02,9.397319518029689789e-03,5.912922695279121399e-02,1.470769196748733521e-02,-2.388720959424972534e-02,3.317549824714660645e-02,-1.573887839913368225e-02,-9.403782896697521210e-03,-4.020614176988601685e-02,6.261772476136684418e-03,2.430479601025581360e-02,-2.146272454410791397e-04,-9.560542553663253784e-02,-3.562100604176521301e-02,-2.895902469754219055e-02,2.719574980437755585e-02,-6.641808152198791504e-02,-1.126930397003889084e-02,9.523122012615203857e-02,-6.699095666408538818e-02,2.589274011552333832e-02,-7.825267314910888672e-02,1.297063101083040237e-02,-1.175138074904680252e-02,-1.588809862732887268e-02,1.620443724095821381e-02,-5.839657038450241089e-02,5.914394184947013855e-02,1.091735959053039551e-01,-8.767645061016082764e-02,4.777041077613830566e-02,6.483050435781478882e-02,-4.074218869209289551e-02,-4.988553700968623161e-05,8.688097447156906128e-02,5.088587105274200439e-02,5.589161440730094910e-02,-6.229274440556764603e-03,-1.168039217591285706e-01,-1.384318806231021881e-03,4.606316797435283661e-03,1.538730924949049950e-03
2.149301813915371895e-03,-3.901704400777816772e-02,2.495514154434204102e-01,-1.375509500503540039e-01,-9.281513094902038574e-02,-5.855203047394752502e-02,-1.996049098670482635e-02,-1.235221251845359802e-01,-3.437748877331614494e-03,-4.127993807196617126e-02,-2.430497109889984131e-02,8.141018450260162354e-02,-2.019471675157546997e-01,-6.283704191446304321e-02,-2.167559415102005005e-01,-1.921364516019821167e-01,-6.581654306501150131e-03,-1.702046394348144531e-01,6.487046927213668823e-02,1.059660166501998901e-01,4.576664417982101440e-02,-2.570716440677642822e-01,-1.595064699649810791e-01,4.435462877154350281e-02,-2.607671730220317841e-02,-2.618281841278076172e-01,2.340348809957504272e-01,-3.131386637687683105e-02,-1.721489131450653076e-01,-3.135266155004501343e-02,-4.714573547244071960e-02,2.489365488290786743e-01,-1.605094969272613525e-01,-1.192959472537040710e-01,-1.096145831979811192e-03,2.453993558883666992e-01,-1.436871662735939026e-02,-5.216778442263603210e-02,1.546927243471145630e-01,2.171694338321685791e-01,-2.247491180896759033e-01,8.660013787448406219e-03,-2.092538326978683472e-01,-2.489630132913589478e-02,-1.770224655047059059e-03,2.099518030881881714e-01,2.480921298265457153e-01,4.653904587030410767e-02,2.354015223681926727e-02,1.298815594054758549e-03,-9.643200784921646118e-03,4.437411669641733170e-03,-5.754542723298072815e-02,6.659263372421264648e-02,2.707369439303874969e-02,2.340161353349685669e-01,-7.244465500116348267e-02,-2.145084366202354431e-02,1.000657975673675537e-01,9.287359565496444702e-02,1.902701519429683685e-02,-2.560746856033802032e-02,-1.191478129476308823e-02,-5.194845050573348999e-02,-8.213018300011754036e-04,4.614192992448806763e-02,-7.393791526556015015e-02,-2.320805042982101440e-01,2.376018315553665161e-01,3.228574991226196289e-02,1.572721451520919800e-01,-3.600974008440971375e-02,5.973935872316360474e-02,-2.389257550239562988e-01,4.500519484281539917e-02,1.399036496877670288e-01,7.729296572506427765e-03,-2.697764039039611816e-01,8.531451225280761719e-02,2.155388146638870239e-01,-2.583288848400115967e-01,-5.779396276921033859e-03,1.609266400337219238e-01,-1.387450005859136581e-02,1.740602850914001465e-01,1.912446469068527222e-01,-8.408723026514053345e-02,-1.721512712538242340e-02,-9.898134320974349976e-02,-3.312345221638679504e-02,5.920377746224403381e-02,5.741715058684349060e-02,1.982911974191665649e-01,-8.102180808782577515e-02,1.877211332321166992e-01,1.774389296770095825e-02,-1.237866058945655823e-01,9.009179193526506424e-04,1.767608672380447388e-01,-6.321643292903900146e-02,2.439986355602741241e-02,-6.015935912728309631e-02,2.488595694303512573e-01,2.509011328220367432e-02,-2.714339792728424072e-01,-6.662919372320175171e-02,1.770782023668289185e-01,2.074454724788665771e-01,3.200130164623260498e-02,3.312105685472488403e-02,-2.182781845331192017e-01,6.079976260662078857e-02,2.080412209033966064e-01,-6.186155602335929871e-02,-2.599208056926727295e-01,2.275327295064926147e-01,-1.019927933812141418e-01,-9.643105417490005493e-02,2.638505697250366211e-01,-6.408889591693878174e-02,-1.618309617042541504e-01,-1.996208578348159790e-01,-2.158645689487457275e-01,6.434857100248336792e-02,2.252496778964996338e-01,9.304647147655487061e-02,2.555746585130691528e-03,-7.896242290735244751e-02
