5.071574449539184570e-01,1.041585858911275864e-02,-1.297337412834167480e-01,-2.824902767315506935e-03,1.985923349857330322e-01,-1.210596039891242981e-01,1.073883175849914551e-01,3.561744987964630127e-01,8.168992400169372559e-02,4.179013147950172424e-02,-7.069375365972518921e-02,-4.478155449032783508e-02,5.745315179228782654e-02,3.423965275287628174e-01,2.182041257619857788e-01,1.140238717198371887e-01,8.044881979003548622e-04,-3.280230611562728882e-02,1.012042090296745300e-01,-4.758817702531814575e-02,-1.331130117177963257e-01,4.649984836578369141e-02,2.928553894162178040e-02,3.943964466452598572e-02,-9.520896710455417633e-03,2.420487813651561737e-03,1.236866693943738937e-02,-2.479037493467330933e-01,6.044187769293785095e-02,-2.137209326028823853e-01,-1.333080232143402100e-01,-3.896093368530273438e-02,3.984577581286430359e-02,5.034736171364784241e-02,-2.829623408615589142e-02,-7.713433355093002319e-02,-1.961690187454223633e-02,3.382396697998046875e-02,-2.980755269527435303e-01,-3.672433793544769287e-01,1.655645668506622314e-01,8.778134733438491821e-02,-2.406952343881130219e-02,2.131924591958522797e-02,4.789177700877189636e-02,-1.134610548615455627e-01,-1.902362108230590820e-01,-1.156591176986694336e-01,3.797915205359458923e-02,6.873675435781478882e-02,-8.142732083797454834e-02,-3.591693192720413208e-02,9.362450242042541504e-02,-7.794378697872161865e-02,-7.765223830938339233e-02,-1.266164332628250122e-01,6.534378975629806519e-02,1.379004120826721191e-02,-1.314891502261161804e-02,-4.254925623536109924e-02,2.607280947268009186e-02,3.364883014000952244e-04,1.290523912757635117e-02,1.100375428795814514e-01,-1.544714532792568207e-02,1.584625244140625000e-02,-6.288887560367584229e-02,1.870803833007812500e-01,-9.253778308629989624e-02,1.399865299463272095e-01,-1.784415543079376221e-01,-8.457271009683609009e-02,6.006971374154090881e-02,1.236291900277137756e-01,-9.912486374378204346e-02,-2.009856849908828735e-01,-5.771173164248466492e-03,1.183873116970062256e-01,-1.894640326499938965e-01,-5.251460894942283630e-02,8.040902018547058105e-02,1.649415818974375725e-03,-2.451949268579483032e-01,-4.022397100925445557e-03,-2.665515840053558350e-01,-4.412878677248954773e-02,2.883101999759674072e-01,5.399378133006393909e-04,-2.449578605592250824e-02,3.543052822351455688e-02,-9.294946491718292236e-02,-3.586918814107775688e-03,8.177652955055236816e-02,-1.350477337837219238e-01,-3.556835278868675232e-02,-1.766602396965026855e-01,2.991946637630462646e-01,-3.068786172661930323e-04,-1.379783153533935547e-01,2.515871822834014893e-01,-7.850959897041320801e-02,2.112591266632080078e-01,-4.157099872827529907e-02,-2.740420214831829071e-02,-3.600681945681571960e-02,2.246770858764648438e-01,7.650566101074218750e-02,9.508915245532989502e-03,-2.802743315696716309e-01,1.455436646938323975e-02,3.273007646203041077e-02,4.753156006336212158e-02,-6.883644498884677887e-03,-2.488908767700195312e-01,1.340968757867813110e-01,-1.292749196290969849e-01,3.428884446620941162e-01,-8.754400163888931274e-02,-3.281590044498443604e-01,-7.105636410415172577e-03,-4.538760706782341003e-02,1.768483519554138184e-01,1.258781552314758301e-01,3.800715878605842590e-02,5.163654312491416931e-02,-1.690866053104400635e-01,-1.780190877616405487e-02,8.198092877864837646e-02
1.041585858911275864e-02,1.623469218611717224e-02,-1.029190272092819214e-01,7.276983559131622314e-02,6.073764711618423462e-02,-3.489280864596366882e-02,-6.350364536046981812e-03,3.302296623587608337e-02,1.299489103257656097e-02,3.054230287671089172e-02,1.009000930935144424e-02,-4.388219863176345825e-02,8.723502606153488159e-02,5.326424911618232727e-02,1.043978184461593628e-01,9.632546454668045044e-02,8.650767849758267403e-04,6.665968149900436401e-02,-4.779611527919769287e-02,-5.575788393616676331e-02,-2.794271893799304962e-02,1.071351096034049988e-01,5.683122575283050537e-02,-9.940011426806449890e-03,1.275631599128246307e-02,1.196289956569671631e-01,-1.127390787005424500e-01,-3.430268913507461548e-02,8.518940210342407227e-02,4.639839753508567810e-03,7.345109712332487106e-03,-1.047218590974807739e-01,7.698338478803634644e-02,5.423799529671669006e-02,-2.994454698637127876e-03,-1.116102933883666992e-01,1.442320924252271652e-02,4.407174512743949890e-02,-6.471464782953262329e-02,-6.629854440689086914e-02,9.256191551685333252e-02,3.910445142537355423e-03,9.968870133161544800e-02,1.371517963707447052e-02,1.489761285483837128e-03,-7.540033012628555298e-02,-1.098026707768440247e-01,-2.871140465140342712e-02,-7.022330537438392639e-03,1.356579829007387161e-02,-2.606173045933246613e-02,-4.124709870666265488e-03,3.210203722119331360e-02,4.685655236244201660e-03,-1.438350789248943329e-02,-1.129418313503265381e-01,2.577254176139831543e-02,9.958332404494285583e-03,-4.236841201782226562e-02,-5.810226127505302429e-02,-2.819711575284600258e-03,1.051164045929908752e-02,3.918760456144809723e-03,2.594687603414058685e-02,4.480759613215923309e-03,-2.478374727070331573e-02,3.395309299230575562e-02,1.053820997476577759e-01,-1.003721281886100769e-01,1.341501530259847641e-02,-7.570492476224899292e-02,9.013601578772068024e-03,-2.383866906166076660e-02,1.039944961667060852e-01,-2.670889906585216522e-02,-9.249899536371231079e-02,-3.011926077306270599e-03,1.186676472425460815e-01,-2.589490078389644623e-02,-9.259741753339767456e-02,1.047808453440666199e-01,1.442442648112773895e-03,-7.925554364919662476e-02,3.341920208185911179e-03,-7.054164260625839233e-02,-1.046631634235382080e-01,3.828472644090652466e-02,5.713388323783874512e-03,5.645720660686492920e-02,2.935106307268142700e-02,-2.493624389171600342e-02,-2.028654143214225769e-02,-8.618417382240295410e-02,2.781126461923122406e-02,-9.151101112365722656e-02,7.770939264446496964e-03,7.037448883056640625e-02,-1.516320189693942666e-04,-6.564675271511077881e-02,4.585834592580795288e-02,-2.687490917742252350e-02,3.755555301904678345e-02,-1.095141023397445679e-01,-2.696744911372661591e-02,1.158976703882217407e-01,6.225135177373886108e-03,-7.351727038621902466e-02,-9.922142326831817627e-02,-1.917975954711437225e-02,-1.041894778609275818e-02,7.644362747669219971e-02,-3.627721965312957764e-02,-9.332598000764846802e-02,-2.353063598275184631e-02,1.208989694714546204e-01,-9.994760900735855103e-02,5.613540858030319214e-02,2.565559931099414825e-02,-1.021437048912048340e-01,3.458837792277336121e-02,5.792056396603584290e-02,8.082216978073120117e-02,1.036816984415054321e-01,-5.397273972630500793e-02,-8.330456167459487915e-02,-4.595259204506874084e-02,1.816898467950522900e-03,4.527606070041656494e-02
-1.297337412834167480e-01,-1.029190272092819214e-01,7.565923929214477539e-01,-5.483105182647705078e-01,-4.070598781108856201e-01,1.968206316232681274e-01,-3.768128529191017151e-02,-2.818847298622131348e-01,-7.599817961454391479e-02,-2.398067265748977661e-01,-5.727308243513107300e-02,3.344713449478149414e-01,-5.831274986267089844e-01,-4.512538611888885498e-01,-7.171502709388732910e-01,-6.589247584342956543e-01,-1.400833111256361008e-02,-4.038940966129302979e-01,3.702679872512817383e-01,4.444118738174438477e-01,1.940498501062393188e-01,-7.405478358268737793e-01,-4.868485927581787109e-01,1.544503569602966309e-01,-9.233998507261276245e-02,-7.518503069877624512e-01,7.241297364234924316e-01,2.158695310354232788e-01,-6.546320915222167969e-01,5.551534891128540039e-02,3.682253416627645493e-03,7.223300933837890625e-01,-5.645531415939331055e-01,-4.425730109214782715e-01,3.169200196862220764e-02,7.440834045410156250e-01,-1.039867922663688660e-01,-3.314586281776428223e-01,5.197381973266601562e-01,5.245543718338012695e-01,-6.540662050247192383e-01,-4.204913973808288574e-02,-6.458219289779663086e-01,-1.058902293443679810e-01,-1.675437763333320618e-02,5.921096205711364746e-01,7.708411216735839844e-01,2.240638434886932373e-01,1.636951602995395660e-02,-3.802694845944643021e-03,1.678783297538757324e-01,1.319190207868814468e-02,-2.334643155336380005e-01,4.930886998772621155e-02,1.018015667796134949e-01,7.609931230545043945e-01,-2.220079600811004639e-01,-7.778119295835494995e-02,2.480846792459487915e-01,4.291153252124786377e-01,6.436353921890258789e-02,-1.343911588191986084e-01,-3.252423927187919617e-02,-2.367172837257385254e-01,-4.221765697002410889e-02,1.765882968902587891e-01,-1.895121932029724121e-01,-6.979562640190124512e-01,6.962393522262573242e-01,-7.532875984907150269e-02,6.119392514228820801e-01,3.829807275906205177e-03,1.518707424402236938e-01,-7.368445396423339844e-01,2.027123123407363892e-01,6.574658155441284180e-01,2.099907025694847107e-02,-8.217234611511230469e-01,2.563787102699279785e-01,6.916213035583496094e-01,-7.586020231246948242e-01,-1.140464935451745987e-02,5.754258632659912109e-01,-2.063379995524883270e-02,5.643923282623291016e-01,6.310665011405944824e-01,-3.457077145576477051e-01,-3.911788761615753174e-02,-3.810226619243621826e-01,-2.452477067708969116e-01,1.871134191751480103e-01,1.518855839967727661e-01,5.916987657546997070e-01,-1.672011762857437134e-01,6.616085767745971680e-01,6.891688331961631775e-03,-5.126344561576843262e-01,1.211987109854817390e-03,4.937407374382019043e-01,-4.429521858692169189e-01,2.571624815464019775e-01,-3.494170904159545898e-01,7.419723868370056152e-01,2.067668437957763672e-01,-7.801883220672607422e-01,-1.641148179769515991e-01,5.495956540107727051e-01,6.802480816841125488e-01,1.477741152048110962e-01,7.423443347215652466e-02,-5.298867225646972656e-01,3.638935089111328125e-01,6.395691633224487305e-01,6.043510884046554565e-02,-7.753267884254455566e-01,6.937207579612731934e-01,-4.544491469860076904e-01,-2.310335785150527954e-01,7.443630099296569824e-01,-2.570754885673522949e-01,-4.278876185417175293e-01,-6.284520626068115234e-01,-7.091390490531921387e-01,3.483556210994720459e-01,6.188513040542602539e-01,4.467518627643585205e-01,-3.952005133032798767e-02,-3.971296548843383789e-01
-2.824902767315506935e-03,7.276983559131622314e-02,-5.483105182647705078e-01,5.894488692283630371e-01,2.298970520496368408e-01,-7.066968083381652832e-02,-5.614117160439491272e-02,1.365494579076766968e-01,3.765553981065750122e-02,1.680911034345626831e-01,-1.516248844563961029e-02,-2.584915757179260254e-01,3.182700276374816895e-01,3.807368576526641846e-01,5.249118208885192871e-01,4.479768872261047363e-01,1.631686277687549591e-02,3.956467211246490479e-01,-3.275818228721618652e-01,-2.773113250732421875e-01,-3.104782104492187500e-01,6.212269663810729980e-01,3.358466625213623047e-01,-1.633945256471633911e-01,8.657991886138916016e-02,5.737156271934509277e-01,-5.344135761260986328e-01,-4.090388538315892220e-04,3.786740303039550781e-01,1.329016685485839844e-01,1.442423462867736816e-02,-6.336662769317626953e-01,5.139245986938476562e-01,2.720732688903808594e-01,-6.220985669642686844e-03,-5.704495310783386230e-01,1.034235060214996338e-01,2.241897433996200562e-01,-2.021911442279815674e-01,-4.858031570911407471e-01,5.244973301887512207e-01,3.961139544844627380e-02,4.820835590362548828e-01,7.087630033493041992e-02,-4.135468229651451111e-02,-2.811073064804077148e-01,-5.440727472305297852e-01,-2.210952788591384888e-01,-3.908339515328407288e-02,7.853184640407562256e-02,-1.271570920944213867e-01,1.637887023389339447e-02,2.336585968732833862e-01,-1.059078723192214966e-01,7.620460540056228638e-02,-5.632052421569824219e-01,1.707033962011337280e-01,4.926332458853721619e-02,-1.255648583173751831e-01,-3.721037805080413818e-01,-1.245596483349800110e-01,1.304524540901184082e-01,2.887252159416675568e-02,1.960635036230087280e-01,6.518419831991195679e-02,-1.378301829099655151e-01,1.545442938804626465e-01,5.265662670135498047e-01,-5.162987112998962402e-01,-1.290198415517807007e-02,-4.194261729717254639e-01,2.240267843008041382e-01,-1.848893612623214722e-01,5.749272704124450684e-01,-1.436720490455627441e-01,-5.221287608146667480e-01,-7.542881183326244354e-03,6.147049665451049805e-01,-3.470797240734100342e-01,-5.360032320022583008e-01,6.944380402565002441e-01,8.601118810474872589e-03,-3.217588961124420166e-01,1.978162117302417755e-02,-4.430102705955505371e-01,-4.150592982769012451e-01,4.362862184643745422e-02,2.610540017485618591e-02,2.266281843185424805e-01,1.745913326740264893e-01,-9.645985811948776245e-02,-2.155312001705169678e-01,-5.995657444000244141e-01,2.657045125961303711e-01,-5.594931840896606445e-01,2.930832840502262115e-02,3.242779672145843506e-01,-8.551682112738490105e-04,-2.813910543918609619e-01,2.836993038654327393e-01,-1.440066397190093994e-01,1.075429320335388184e-01,-6.474930644035339355e-01,-1.422936171293258667e-01,6.392191052436828613e-01,2.224552631378173828e-01,-5.879212021827697754e-01,-5.507364869117736816e-01,-8.607833879068493843e-04,-6.095055118203163147e-02,6.038058996200561523e-01,-3.632178604602813721e-01,-5.701160430908203125e-01,6.262482143938541412e-03,5.735892653465270996e-01,-4.664574265480041504e-01,1.958450824022293091e-01,1.485691815614700317e-01,-5.701497793197631836e-01,2.418235093355178833e-01,2.850704491138458252e-01,4.808241426944732666e-01,5.518343448638916016e-01,-2.851648032665252686e-01,-4.793286025524139404e-01,-2.980133295059204102e-01,2.145882882177829742e-02,2.873948812484741211e-01
1.985923349857330322e-01,6.073764711618423462e-02,-4.070598781108856201e-01,2.298970520496368408e-01,3.112153708934783936e-01,-1.752307713031768799e-01,3.452235832810401917e-02,2.476899921894073486e-01,6.039283424615859985e-02,1.229297220706939697e-01,1.656816713511943817e-02,-1.665448546409606934e-01,3.476880192756652832e-01,2.479444146156311035e-01,4.451154768466949463e-01,3.890407681465148926e-01,1.184398890472948551e-03,2.130680531263351440e-01,-1.365434676408767700e-01,-2.213239818811416626e-01,-8.720767498016357422e-02,3.826630115509033203e-01,1.948195546865463257e-01,-5.491522606462240219e-03,3.783452883362770081e-02,4.292815923690795898e-01,-4.094922244548797607e-01,-2.304842770099639893e-01,3.528342545032501221e-01,-1.017455011606216431e-01,-1.517541985958814621e-02,-3.562847673892974854e-01,2.709128260612487793e-01,2.041596323251724243e-01,-2.128362096846103668e-02,-4.131344258785247803e-01,3.902150690555572510e-02,1.732654869556427002e-01,-3.770591318607330322e-01,-3.206322789192199707e-01,3.839682936668395996e-01,4.245093464851379395e-02,3.419372737407684326e-01,5.700657889246940613e-02,3.869374096393585205e-02,-3.327091336250305176e-01,-4.677619040012359619e-01,-1.296604871749877930e-01,-3.327591810375452042e-03,7.624132931232452393e-02,-1.218480616807937622e-01,-3.057554550468921661e-02,1.297079920768737793e-01,1.818856038153171539e-02,-1.045195609331130981e-01,-4.499858915805816650e-01,1.034227907657623291e-01,4.074998199939727783e-02,-1.890285760164260864e-01,-2.080313861370086670e-01,1.709454134106636047e-02,2.638199925422668457e-02,1.638552173972129822e-02,1.374426186084747314e-01,1.594048365950584412e-02,-8.258782327175140381e-02,1.100869774818420410e-01,4.363036751747131348e-01,-3.673759102821350098e-01,1.186877191066741943e-01,-3.394632935523986816e-01,-3.321040421724319458e-02,-3.861441835761070251e-02,4.026425480842590332e-01,-1.283563822507858276e-01,-4.036267697811126709e-01,-1.425100397318601608e-02,4.643613994121551514e-01,-1.237028166651725769e-01,-3.407317399978637695e-01,3.756555616855621338e-01,5.354517605155706406e-03,-3.812690079212188721e-01,1.018326450139284134e-02,-3.392338454723358154e-01,-4.109013378620147705e-01,2.707021534442901611e-01,2.082204259932041168e-02,2.089047878980636597e-01,1.161445602774620056e-01,-1.412303000688552856e-01,-4.901051893830299377e-02,-2.467055022716522217e-01,1.884610392153263092e-02,-3.277709484100341797e-01,-2.119990624487400055e-02,3.749358355998992920e-01,-6.370517658069729805e-04,-2.836336791515350342e-01,2.545289397239685059e-01,-1.229536235332489014e-01,2.360199540853500366e-01,-3.844003081321716309e-01,-1.077462062239646912e-01,4.100856184959411621e-01,8.008164912462234497e-02,-2.126037031412124634e-01,-3.462490439414978027e-01,-1.923959404230117798e-01,-3.086610883474349976e-02,2.113354951143264771e-01,-8.885344862937927246e-02,-3.125843405723571777e-01,-1.770642697811126709e-01,4.962449967861175537e-01,-4.168599843978881836e-01,3.202922344207763672e-01,7.015433907508850098e-02,-4.695049226284027100e-01,1.084920540452003479e-01,2.184502780437469482e-01,3.373800218105316162e-01,4.067771732807159424e-01,-1.832055300474166870e-01,-2.637122571468353271e-01,-2.015856057405471802e-01,-4.462602373678237200e-05,1.948007047176361084e-01
-1.210596039891242981e-01,-3.489280864596366882e-02,1.968206316232681274e-01,-7.066968083381652832e-02,-1.752307713031768799e-01,2.661093473434448242e-01,-2.668689563870429993e-02,-5.851297825574874878e-02,-1.428188234567642212e-01,-9.509424865245819092e-02,5.577209405601024628e-03,9.063940495252609253e-02,-2.521550655364990234e-01,-9.043531119823455811e-02,-2.460515648126602173e-01,-2.387983947992324829e-01,-6.243100389838218689e-03,-1.282251179218292236e-01,8.609045296907424927e-02,1.019383966922760010e-01,1.524632722139358521e-01,-1.962510496377944946e-01,-5.656595900654792786e-02,2.456235699355602264e-02,-3.025113977491855621e-02,-3.304495811462402344e-01,2.328054308891296387e-01,1.410839706659317017e-01,-1.345605701208114624e-01,8.429392240941524506e-03,6.114239990711212158e-02,2.488597035408020020e-01,-2.021927535533905029e-01,-5.140187591314315796e-02,2.778579015284776688e-03,2.441480904817581177e-01,-2.122687920928001404e-02,-1.136850714683532715e-01,2.240778356790542603e-01,1.072530820965766907e-01,-2.942994236946105957e-01,-2.897962555289268494e-02,-1.317697912454605103e-01,-2.557675726711750031e-02,7.635820657014846802e-02,2.122510671615600586e-01,2.709405720233917236e-01,5.475591868162155151e-02,-5.268482118844985962e-02,-5.751420557498931885e-02,1.502674371004104614e-01,-9.500397741794586182e-02,-8.678909391164779663e-02,-6.372605264186859131e-02,3.553982079029083252e-02,2.291293591260910034e-01,-4.146986082196235657e-02,-2.122383937239646912e-02,1.453584283590316772e-01,1.159911528229713440e-01,1.949994079768657684e-02,-4.745019972324371338e-02,-8.880570530891418457e-03,-1.791964173316955566e-01,-2.023441344499588013e-02,6.691624224185943604e-02,-4.623744264245033264e-02,-2.317371070384979248e-01,2.374506294727325439e-01,-4.247557744383811951e-02,1.894777268171310425e-01,-1.067819520831108093e-01,5.027238279581069946e-02,-2.532739639282226562e-01,1.167808622121810913e-01,2.160152196884155273e-01,1.164753455668687820e-02,-2.720918655395507812e-01,7.405471056699752808e-02,2.160172462463378906e-01,-2.183402180671691895e-01,-2.796048996970057487e-03,1.822277754545211792e-01,-1.061564404517412186e-02,2.160193324089050293e-01,2.727581858634948730e-01,-1.392490267753601074e-01,-1.179525814950466156e-02,-2.187097668647766113e-01,-7.142353802919387817e-02,8.027047663927078247e-02,3.197745606303215027e-02,1.496744900941848755e-01,2.122340723872184753e-03,2.257296741008758545e-01,-2.579780854284763336e-02,-1.427279561758041382e-01,3.860395809169858694e-04,1.379336416721343994e-01,-2.160070240497589111e-01,4.074148461222648621e-02,-2.134712338447570801e-01,2.469986975193023682e-01,6.834162771701812744e-02,-2.841164767742156982e-01,7.593546062707901001e-02,1.463259160518646240e-01,1.957400888204574585e-01,1.831220090389251709e-01,2.552944794297218323e-02,-1.308900564908981323e-01,8.511344902217388153e-03,1.592448800802230835e-01,1.212930530309677124e-01,-2.377972751855850220e-01,2.940929234027862549e-01,-1.596214175224304199e-01,-2.273879945278167725e-02,2.596793472766876221e-01,-7.200554758310317993e-02,-1.140764951705932617e-01,-2.137570381164550781e-01,-2.483745813369750977e-01,1.333623975515365601e-01,1.022437736392021179e-01,1.626839488744735718e-01,-8.887840434908866882e-03,-8.183218538761138916e-02
1.073883175849914551e-01,-6.350364536046981812e-03,-3.768128529191017151e-02,-5.614117160439491272e-02,3.452235832810401917e-02,-2.668689563870429993e-02,1.150021702051162720e-01,6.339976191520690918e-02,7.901391014456748962e-03,1.836335659027099609e-02,-2.053850144147872925e-02,4.933979827910661697e-03,6.149987224489450455e-03,-7.238704129122197628e-04,1.509620342403650284e-02,-2.705598017200827599e-03,1.988991629332304001e-03,-8.657694607973098755e-02,1.085611246526241302e-02,-3.220564126968383789e-02,2.751050516963005066e-02,-2.793869189918041229e-02,1.580497249960899353e-03,-5.270523484796285629e-03,-8.704569190740585327e-03,-1.766242273151874542e-02,2.559344097971916199e-02,-6.128528341650962830e-02,5.212716385722160339e-02,-1.465797871351242065e-01,-4.782619327306747437e-02,2.596137300133705139e-02,-3.869684180244803429e-03,-7.306444924324750900e-03,-8.168043568730354309e-03,2.633942663669586182e-02,-1.569693163037300110e-02,1.119295321404933929e-02,-1.280580163002014160e-01,-2.248226106166839600e-02,3.828027844429016113e-02,2.213438414037227631e-02,-6.156090274453163147e-02,3.793107578530907631e-03,-8.266263641417026520e-03,-6.937699764966964722e-02,-4.737428203225135803e-02,-3.815277013927698135e-04,5.273339524865150452e-02,-1.659948006272315979e-02,-4.702067933976650238e-03,2.822792343795299530e-02,-9.883074089884757996e-03,1.944253745023161173e-04,-4.463500902056694031e-02,-3.814994706772267818e-04,-2.726444741711020470e-03,2.171642845496535301e-03,-3.200615942478179932e-02,2.562080137431621552e-02,-4.991063848137855530e-03,2.218509651720523834e-02,1.421768218278884888e-03,7.791005074977874756e-02,1.022067572921514511e-02,6.704213563352823257e-03,-3.866233304142951965e-02,1.113958191126585007e-03,1.666350290179252625e-02,4.618506133556365967e-02,-5.509821698069572449e-02,-7.532735913991928101e-02,5.906618759036064148e-02,6.164332851767539978e-03,-3.083113208413124084e-02,-4.885653033852577209e-02,-3.233786905184388161e-03,3.393048420548439026e-02,-2.004305459558963776e-02,-3.457196988165378571e-03,-2.903760876506567001e-03,-1.187873276649042964e-04,-5.099302530288696289e-02,-3.408502787351608276e-03,-6.988742947578430176e-02,3.012369759380817413e-02,1.527971029281616211e-01,-2.233406528830528259e-03,1.274945028126239777e-02,1.464980933815240860e-02,-4.130708053708076477e-02,3.092649765312671661e-02,6.663317978382110596e-02,-8.459310978651046753e-02,5.700821988284587860e-03,-5.768309161067008972e-02,5.334942787885665894e-02,-9.131937986239790916e-05,-2.037942223250865936e-02,1.110983788967132568e-01,-3.394810482859611511e-02,1.363319456577301025e-01,3.151876106858253479e-02,-7.732161786407232285e-03,1.911481283605098724e-02,5.121084302663803101e-02,2.838527970016002655e-02,3.908606618642807007e-02,-1.205422580242156982e-01,4.538169130682945251e-03,-1.113241091370582581e-01,-9.064511395990848541e-03,7.436009496450424194e-02,1.071224175393581390e-02,1.483945874497294426e-03,-4.623514786362648010e-02,8.388179540634155273e-02,3.458125516772270203e-03,-6.652296334505081177e-02,-2.197032421827316284e-02,2.257718518376350403e-02,4.311650991439819336e-02,-1.434159203199669719e-04,2.419904805719852448e-02,4.957440122961997986e-02,-6.743981689214706421e-02,1.251476071774959564e-02,5.006833747029304504e-02
3.561744987964630127e-01,3.302296623587608337e-02,-2.818847298622131348e-01,1.365494579076766968e-01,2.476899921894073486e-01,-5.851297825574874878e-02,6.339976191520690918e-02,4.153446257114410400e-01,-1.565538463182747364e-03,6.231074035167694092e-02,9.610778652131557465e-03,-1.159289404749870300e-01,1.955398470163345337e-01,3.207822442054748535e-01,3.431001901626586914e-01,2.578536570072174072e-01,-1.765231601893901825e-03,6.389773637056350708e-02,-3.462050342932343483e-03,-1.409249752759933472e-01,3.200944885611534119e-02,2.374986857175827026e-01,1.539290547370910645e-01,-7.145117036998271942e-03,7.128765340894460678e-03,1.721960604190826416e-01,-2.019890546798706055e-01,-2.307856529951095581e-01,2.924053668975830078e-01,-1.833966076374053955e-01,-5.049145221710205078e-02,-1.548429429531097412e-01,8.315982669591903687e-02,1.987153142690658569e-01,-3.870744258165359497e-02,-2.635196447372436523e-01,5.460699088871479034e-03,1.043702661991119385e-01,-3.847194314002990723e-01,-3.724986910820007324e-01,2.149115800857543945e-01,5.144720524549484253e-02,1.909949481487274170e-01,4.509215429425239563e-02,1.629702299833297729e-01,-2.548055052757263184e-01,-3.479152321815490723e-01,-1.166350618004798889e-01,-1.414471492171287537e-02,-7.526351255364716053e-04,-4.516250267624855042e-02,-1.090620607137680054e-01,8.774077147245407104e-02,-7.756952941417694092e-02,-1.442252993583679199e-01,-3.244543969631195068e-01,1.130916774272918701e-01,3.359204903244972229e-02,-4.254222288727760315e-02,-1.233491003513336182e-01,5.226742476224899292e-02,-1.330706570297479630e-02,1.294326502829790115e-02,1.115521416068077087e-03,-8.015315979719161987e-03,-2.210808917880058289e-02,1.199017837643623352e-02,2.982670366764068604e-01,-2.372186779975891113e-01,1.102320104837417603e-01,-2.775084674358367920e-01,-2.007128000259399414e-01,2.760680019855499268e-02,2.734887897968292236e-01,-6.816489249467849731e-02,-2.614078521728515625e-01,-8.783493191003799438e-03,3.037023246288299561e-01,-1.253069043159484863e-01,-1.998201161623001099e-01,2.107422798871994019e-01,3.945702221244573593e-03,-3.435623347759246826e-01,9.553487761877477169e-04,-2.678171992301940918e-01,-2.263117134571075439e-01,2.810368537902832031e-01,1.253186259418725967e-02,3.278241306543350220e-02,8.416974544525146484e-02,-1.153946667909622192e-01,1.012340188026428223e-02,-4.650082066655158997e-02,-9.688276052474975586e-02,-1.553605645895004272e-01,-1.220987960696220398e-01,3.606586158275604248e-01,-4.651581984944641590e-04,-2.463343143463134766e-01,2.158210724592208862e-01,-1.361443102359771729e-01,1.990364640951156616e-01,-2.008909136056900024e-01,-6.922048330307006836e-02,1.637757569551467896e-01,1.927979588508605957e-01,1.977456035092473030e-03,-1.866731494665145874e-01,-1.743195503950119019e-01,3.152240533381700516e-04,9.452034533023834229e-02,-1.223094575107097626e-02,-1.799755543470382690e-01,-1.868647485971450806e-01,3.613184988498687744e-01,-2.456207871437072754e-01,3.566514551639556885e-01,2.578089386224746704e-02,-4.112568795680999756e-01,3.392098098993301392e-02,9.064640849828720093e-02,2.341780215501785278e-01,2.384331524372100830e-01,-8.974444121122360229e-03,-1.528280079364776611e-01,-1.497113108634948730e-01,-1.196448691189289093e-02,1.474656164646148682e-01
8.168992400169372559e-02,1.299489103257656097e-02,-7.599817961454391479e-02,3.765553981065750122e-02,6.039283424615859985e-02,-1.428188234567642212e-01,7.901391014456748962e-03,-1.565538463182747364e-03,1.069739982485771179e-01,4.959378018975257874e-02,-2.781797386705875397e-02,-3.959942236542701721e-02,9.362491965293884277e-02,7.922386378049850464e-02,1.061076074838638306e-01,9.192936867475509644e-02,6.640103179961442947e-03,5.643947049975395203e-02,-3.497039154171943665e-02,-2.831593342125415802e-02,-1.682867854833602905e-01,8.331518620252609253e-02,1.389601733535528183e-02,-2.722593396902084351e-02,1.799237541854381561e-02,1.475173085927963257e-01,-7.572615891695022583e-02,-4.181944578886032104e-02,2.463798038661479950e-03,2.932681888341903687e-02,-6.053338199853897095e-02,-1.436271071434020996e-01,1.255220472812652588e-01,-4.837781190872192383e-03,3.681317204609513283e-03,-9.865111857652664185e-02,1.195216830819845200e-02,4.469837993383407593e-02,-6.414163857698440552e-02,-7.893771678209304810e-02,1.584689468145370483e-01,2.506463788449764252e-02,1.983319595456123352e-02,7.680132053792476654e-03,-9.000299125909805298e-02,-6.565382331609725952e-02,-1.051814928650856018e-01,-3.867068141698837280e-02,3.868217766284942627e-02,4.061575233936309814e-02,-9.578004479408264160e-02,8.088624477386474609e-02,6.314980983734130859e-02,1.030183304101228714e-02,2.695146575570106506e-02,-7.868146896362304688e-02,1.631121896207332611e-02,6.553134415298700333e-03,-4.623454809188842773e-02,-5.873283371329307556e-02,-4.002619534730911255e-02,4.762459918856620789e-02,6.334865931421518326e-03,1.283315569162368774e-01,1.052818074822425842e-02,-3.101958148181438446e-02,3.215190954506397247e-03,9.918487817049026489e-02,-1.059638410806655884e-01,2.914674114435911179e-03,-7.810311764478683472e-02,1.232059150934219360e-01,-4.119552671909332275e-02,1.176333129405975342e-01,-7.160434126853942871e-02,-1.012892574071884155e-01,-4.126978106796741486e-03,1.122181415557861328e-01,-8.572305738925933838e-02,-9.958813339471817017e-02,1.228260099887847900e-01,1.295763533562421799e-03,-5.269916728138923645e-02,5.501784849911928177e-03,-1.221034228801727295e-01,-8.877370506525039673e-02,3.618718683719635010e-02,3.290797583758831024e-03,1.021694540977478027e-01,3.161929920315742493e-02,-2.602101676166057587e-02,-4.217275977134704590e-02,-8.506686240434646606e-02,2.067436464130878448e-02,-1.129211783409118652e-01,2.360612852498888969e-03,4.125740006566047668e-02,-1.829039247240871191e-04,-4.640261828899383545e-02,1.280675977468490601e-01,-6.233539432287216187e-03,1.007757410407066345e-01,-1.234701052308082581e-01,-2.835619263350963593e-02,1.189523935317993164e-01,-1.725578494369983673e-02,-1.033154949545860291e-01,-7.112719118595123291e-02,-9.473345428705215454e-02,-1.314777974039316177e-02,1.174499690532684326e-01,-2.109264582395553589e-02,-7.205770909786224365e-02,-5.766144022345542908e-02,6.291086226701736450e-02,-1.286221742630004883e-01,6.119580566883087158e-02,-9.804252535104751587e-03,-1.273796558380126953e-01,4.486619681119918823e-02,1.683131232857704163e-02,1.109235659241676331e-01,1.149728447198867798e-01,-6.387919932603836060e-02,-2.797408960759639740e-02,-1.144237369298934937e-01,7.182737346738576889e-03,3.142176568508148193e-02
4.179013147950172424e-02,3.054230287671089172e-02,-2.398067265748977661e-01,1.680911034345626831e-01,1.229297220706939697e-01,-9.509424865245819092e-02,1.836335659027099609e-02,6.231074035167694092e-02,4.959378018975257874e-02,8.182228356599807739e-02,4.050685558468103409e-03,-1.019441634416580200e-01,1.861377805471420288e-01,1.316105425357818604e-01,2.331161648035049438e-01,2.070815712213516235e-01,6.365108769387006760e-03,1.250572055578231812e-01,-1.205869168043136597e-01,-1.290547847747802734e-01,-1.042721495032310486e-01,2.418491840362548828e-01,1.324151754379272461e-01,-5.637083947658538818e-02,3.137543424963951111e-02,2.751161456108093262e-01,-2.366366982460021973e-01,-5.793707445263862610e-02,1.883703172206878662e-01,-5.180974956601858139e-03,-1.724008470773696899e-02,-2.590428888797760010e-01,2.001383006572723389e-01,1.114224940538406372e-01,-6.031711120158433914e-03,-2.458451688289642334e-01,3.268191218376159668e-02,1.040081158280372620e-01,-1.598765701055526733e-01,-1.621923744678497314e-01,2.381532788276672363e-01,1.868679188191890717e-02,1.829791814088821411e-01,3.053223155438899994e-02,-2.920447476208209991e-02,-1.831004619598388672e-01,-2.587115764617919922e-01,-7.021655887365341187e-02,1.203526463359594345e-02,1.400256901979446411e-02,-7.488121837377548218e-02,2.944145724177360535e-02,8.171509951353073120e-02,-7.827942259609699249e-03,-1.390201039612293243e-02,-2.451780438423156738e-01,6.156751140952110291e-02,2.244951203465461731e-02,-8.460993319749832153e-02,-1.332110762596130371e-01,-3.703842684626579285e-02,5.542784556746482849e-02,1.059427484869956970e-02,1.137331053614616394e-01,1.983058452606201172e-02,-5.895280465483665466e-02,5.326569825410842896e-02,2.232326418161392212e-01,-2.252475470304489136e-01,1.726329699158668518e-02,-1.895193606615066528e-01,4.574915394186973572e-02,-5.319951474666595459e-02,2.497268766164779663e-01,-7.691335678100585938e-02,-2.196074575185775757e-01,-6.808033213019371033e-03,2.860457599163055420e-01,-9.869599342346191406e-02,-2.291684597730636597e-01,2.722328007221221924e-01,3.421357832849025726e-03,-1.626830548048019409e-01,7.552975323051214218e-03,-1.923194378614425659e-01,-2.030552029609680176e-01,9.764889627695083618e-02,1.135200820863246918e-02,1.389957815408706665e-01,7.675848156213760376e-02,-5.925637856125831604e-02,-5.611748248338699341e-02,-2.004362046718597412e-01,5.475625023245811462e-02,-2.267449200153350830e-01,5.216748453676700592e-03,1.430556625127792358e-01,-3.840975114144384861e-04,-1.390466541051864624e-01,1.607339084148406982e-01,-6.965436786413192749e-02,1.273826211690902710e-01,-2.602171599864959717e-01,-6.472225487232208252e-02,2.881623208522796631e-01,3.787834942340850830e-02,-2.031433582305908203e-01,-2.169187963008880615e-01,-6.686183810234069824e-02,-2.511358447372913361e-02,1.847012639045715332e-01,-1.140593290328979492e-01,-1.987387537956237793e-01,-1.736206933856010437e-02,2.495322972536087036e-01,-2.401420921087265015e-01,1.266658604145050049e-01,6.400976330041885376e-02,-2.554310560226440430e-01,8.510120958089828491e-02,1.280205249786376953e-01,2.062535732984542847e-01,2.374364435672760010e-01,-1.174179390072822571e-01,-1.792650967836380005e-01,-1.544034332036972046e-01,1.482757180929183960e-02,1.199372410774230957e-01
-7.069375365972518921e-02,1.009000930935144424e-02,-5.727308243513107300e-02,-1.516248844563961029e-02,1.656816713511943817e-02,5.577209405601024628e-03,-2.053850144147872925e-02,9.610778652131557465e-03,-2.781797386705875397e-02,4.050685558468103409e-03,7.712107151746749878e-02,-2.140263281762599945e-02,1.036099940538406372e-01,-2.638833224773406982e-02,4.049692302942276001e-02,7.047728449106216431e-02,-4.130453336983919144e-03,1.603977195918560028e-02,-2.116379886865615845e-02,-4.926544055342674255e-02,1.403185576200485229e-01,5.728919059038162231e-02,7.045572251081466675e-02,-1.661574002355337143e-03,7.890409324318170547e-04,8.168375492095947266e-02,-1.019940227270126343e-01,-3.073010966181755066e-02,1.316571682691574097e-01,-6.785475183278322220e-03,4.717143997550010681e-02,-2.171947807073593140e-02,-3.335534781217575073e-02,9.388373047113418579e-02,-9.140896610915660858e-03,-8.640928566455841064e-02,3.786753164604306221e-03,2.996268123388290405e-02,-5.892449989914894104e-02,6.532338261604309082e-02,-2.573356777429580688e-02,-3.257218748331069946e-02,1.116224229335784912e-01,1.016083918511867523e-02,7.341665774583816528e-02,-1.121674478054046631e-01,-6.138003244996070862e-02,3.667001053690910339e-02,-2.880210615694522858e-02,-8.089053630828857422e-02,2.682280540466308594e-02,-5.279469490051269531e-02,-3.535227105021476746e-02,3.261024504899978638e-02,-8.027018606662750244e-02,-8.230934292078018188e-02,1.771247386932373047e-02,1.023601554334163666e-02,-1.403016597032546997e-02,-1.045957673341035843e-02,4.557687044143676758e-02,-2.471707575023174286e-02,-3.447573632001876831e-03,-9.158276766538619995e-02,-2.071925252676010132e-02,-1.308265142142772675e-02,3.238204121589660645e-02,2.680599130690097809e-02,-7.217277586460113525e-02,-1.140229403972625732e-02,-1.994032040238380432e-02,-1.342195868492126465e-01,-5.929507780820131302e-03,5.046112462878227234e-02,2.807339467108249664e-02,2.641749009490013123e-02,-3.368203993886709213e-03,7.759959995746612549e-02,1.215726137161254883e-01,-5.228065326809883118e-02,4.418272059410810471e-03,8.599830325692892075e-04,-5.326076596975326538e-02,5.717126186937093735e-04,5.691275745630264282e-02,-1.020893454551696777e-01,2.719959616661071777e-02,6.487857550382614136e-03,4.346071556210517883e-02,1.583424210548400879e-02,-1.079421344911679626e-04,4.400528594851493835e-02,-4.899451509118080139e-03,-1.518565881997346878e-02,-1.805242151021957397e-02,2.703850716352462769e-02,1.384498667903244495e-03,-2.994432179548311979e-05,-6.608024239540100098e-02,-4.775984212756156921e-02,-3.518936783075332642e-02,4.099927376955747604e-03,-3.896895423531532288e-02,-1.600149646401405334e-02,6.294752657413482666e-02,-9.463236480951309204e-02,4.171880707144737244e-02,-7.526677101850509644e-02,5.777062848210334778e-02,-4.815975669771432877e-03,-2.119521237909793854e-02,1.485505606979131699e-02,-4.847123101353645325e-02,2.362404763698577881e-02,8.894658088684082031e-02,-4.686811193823814392e-02,2.813694626092910767e-02,5.974754318594932556e-02,3.583621466532349586e-03,-9.621958597563207150e-04,5.421451851725578308e-02,-7.331025321036577225e-03,3.123188577592372894e-02,-7.412388455122709274e-03,-1.000172346830368042e-01,1.437538862228393555e-02,5.165874026715755463e-03,3.983164671808481216e-03
-4.478155449032783508e-02,-4.388219863176345825e-02,3.344713449478149414e-01,-2.584915757179260254e-01,-1.665448546409606934e-01,9.063940495252609253e-02,4.933979827910661697e-03,-1.159289404749870300e-01,-3.959942236542701721e-02,-1.019441634416580200e-01,-2.140263281762599945e-02,1.478222906589508057e-01,-2.522108256816864014e-01,-2.046614736318588257e-01,-3.302230238914489746e-01,-2.925005853176116943e-01,-7.174280937761068344e-03,-1.880293339490890503e-01,1.624009311199188232e-01,1.764340996742248535e-01,1.057188659906387329e-01,-3.520916700363159180e-01,-2.021988332271575928e-01,7.975269854068756104e-02,-4.277042672038078308e-02,-3.667967021465301514e-01,3.359408080577850342e-01,7.082168757915496826e-02,-2.800875604152679443e-01,-1.388349477201700211e-02,4.021781962364912033e-03,3.508118093013763428e-01,-2.550950646400451660e-01,-1.837678849697113037e-01,1.195008307695388794e-02,3.556065261363983154e-01,-4.745911806821823120e-02,-1.418868005275726318e-01,2.090850323438644409e-01,2.418798357248306274e-01,-3.002005517482757568e-01,-1.790915057063102722e-02,-2.859072387218475342e-01,-4.425451159477233887e-02,-5.863038823008537292e-03,2.469780147075653076e-01,3.576929271221160889e-01,9.962318837642669678e-02,1.057206373661756516e-02,-3.009054576978087425e-03,8.306656032800674438e-02,-6.405676831491291523e-04,-1.096441075205802917e-01,2.907339110970497131e-02,2.756971493363380432e-02,3.556600809097290039e-01,-9.826690703630447388e-02,-3.317323327064514160e-02,9.049021452665328979e-02,1.922540217638015747e-01,3.674640879034996033e-02,-6.040502712130546570e-02,-1.420180220156908035e-02,-9.577856212854385376e-02,-2.065087482333183289e-02,7.850826531648635864e-02,-8.063023537397384644e-02,-3.121687769889831543e-01,3.190082013607025146e-01,-1.313457265496253967e-02,2.579942047595977783e-01,-2.970338426530361176e-02,8.106156438589096069e-02,-3.490991592407226562e-01,8.481651544570922852e-02,2.860641479492187500e-01,8.195267058908939362e-03,-3.941314220428466797e-01,1.254587471485137939e-01,3.193133473396301270e-01,-3.746126592159271240e-01,-4.986389074474573135e-03,2.303601801395416260e-01,-1.027313712984323502e-02,2.435256540775299072e-01,2.896470129489898682e-01,-1.040333509445190430e-01,-1.693601533770561218e-02,-1.645896732807159424e-01,-1.052630767226219177e-01,7.241399586200714111e-02,7.561881840229034424e-02,2.816472351551055908e-01,-8.449245244264602661e-02,3.057111203670501709e-01,-7.774138823151588440e-03,-2.040767669677734375e-01,5.127897020429372787e-04,2.041644006967544556e-01,-1.840119510889053345e-01,1.021358594298362732e-01,-1.326909512281417847e-01,3.646266162395477295e-01,8.833894133567810059e-02,-3.824506700038909912e-01,-6.536722183227539062e-02,2.642841935157775879e-01,3.169361948966979980e-01,4.504236951470375061e-02,3.262296319007873535e-02,-2.776389718055725098e-01,1.540517657995223999e-01,3.026463389396667480e-01,2.563353814184665680e-02,-3.658576905727386475e-01,3.122113645076751709e-01,-1.740344464778900146e-01,-9.693059325218200684e-02,3.483626246452331543e-01,-1.180365160107612610e-01,-1.733851432800292969e-01,-2.717933356761932373e-01,-3.234489560127258301e-01,1.485004425048828125e-01,2.782970964908599854e-01,1.874741762876510620e-01,-1.520704291760921478e-02,-1.594892591238021851e-01
