3.835290372371673584e-01,-5.722487810999155045e-03,1.327591985464096069e-01,-2.327087670564651489e-01,3.377285301685333252e-01,-3.813041448593139648e-01,2.086623013019561768e-02,4.029324948787689209e-01,-2.100181765854358673e-02,-6.201410293579101562e-02,-1.831934005022048950e-01,-1.930154561996459961e-01,-1.827827990055084229e-01,-6.534862518310546875e-02,-6.838767975568771362e-02,1.943923085927963257e-01,6.492845714092254639e-03,-7.200144976377487183e-02,1.299408376216888428e-01,-5.306047573685646057e-02,-9.802583605051040649e-02,-2.690406441688537598e-01,-2.059286236763000488e-01,1.759914010763168335e-01,1.378666982054710388e-02,2.013838887214660645e-01,6.767014414072036743e-02,-3.708774149417877197e-01,5.396042391657829285e-02,-1.051607504487037659e-01,-1.856760233640670776e-01,-2.756843809038400650e-03,-1.956383287906646729e-01,3.871249407529830933e-02,-1.840507052838802338e-02,-2.267979457974433899e-02,7.762624323368072510e-02,7.554629817605018616e-03,-2.524538040161132812e-01,-1.874288469552993774e-01,7.849184423685073853e-02,4.485171660780906677e-02,-1.855214834213256836e-01,-1.611793041229248047e-02,3.379224613308906555e-02,2.930766344070434570e-01,6.313019245862960815e-02,-2.174300700426101685e-02,6.806857883930206299e-02,-1.125319674611091614e-01,-2.775015234947204590e-01,-2.898613810539245605e-01,1.256307512521743774e-01,-1.560358796268701553e-02,4.652731120586395264e-03,-3.076415695250034332e-02,1.072210446000099182e-01,2.054431010037660599e-03,1.584228128194808960e-01,2.520830929279327393e-01,-5.785768106579780579e-02,1.466611474752426147e-01,-8.179259486496448517e-03,2.602540254592895508e-01,1.068119406700134277e-01,-5.217790603637695312e-03,-3.390082120895385742e-01,1.131632253527641296e-01,9.139168076217174530e-03,3.781525194644927979e-01,-1.780491173267364502e-01,2.292176634073257446e-01,-1.916654221713542938e-02,-8.048040419816970825e-02,-1.506101042032241821e-01,-7.544043660163879395e-02,8.213266846723854542e-04,-4.121937230229377747e-02,1.528471559286117554e-01,-2.660885825753211975e-02,2.855769917368888855e-02,-3.043698598048649728e-05,-1.412681043148040771e-01,-4.891152493655681610e-03,-2.255883365869522095e-01,1.514853388071060181e-01,3.048987984657287598e-01,2.488461090251803398e-03,-1.199614852666854858e-01,8.856483548879623413e-02,-6.144574657082557678e-02,3.296047449111938477e-01,1.534283161163330078e-01,-1.669858098030090332e-01,-1.856493577361106873e-02,-3.844150304794311523e-01,-7.649745047092437744e-02,-1.293418699788162485e-05,-1.009174585342407227e-01,1.016181781888008118e-01,-3.185274302959442139e-01,3.742944002151489258e-01,2.737898938357830048e-02,-9.364286065101623535e-02,-1.481480151414871216e-01,3.695604577660560608e-02,2.480492293834686279e-01,1.844536513090133667e-01,-4.304690957069396973e-01,1.459980010986328125e-02,-1.179836317896842957e-01,2.342844009399414062e-01,9.553147107362747192e-02,-2.844664081931114197e-02,-5.000942037440836430e-04,-1.845178194344043732e-02,3.155700564384460449e-01,-1.620696932077407837e-01,-8.200953155755996704e-02,-1.588733941316604614e-01,-2.067564427852630615e-01,-2.078335173428058624e-02,-4.920102190226316452e-03,3.337536752223968506e-01,-5.073038488626480103e-02,2.078346759080886841e-01,4.027533158659934998e-02,5.765272676944732666e-02
-5.722487810999155045e-03,1.215098518878221512e-02,-9.226509928703308105e-02,7.838214933872222900e-02,4.589959233999252319e-02,5.563708837144076824e-04,-1.375963352620601654e-02,3.139324858784675598e-02,7.701831310987472534e-02,6.567569077014923096e-02,-2.194470725953578949e-02,-3.510212898254394531e-02,8.196780085563659668e-02,7.002057880163192749e-02,8.701082319021224976e-02,8.680293709039688110e-02,-2.194503322243690491e-03,8.226896077394485474e-02,-8.927652239799499512e-02,-5.553974211215972900e-02,-5.852095782756805420e-02,6.356956809759140015e-02,6.123878061771392822e-02,-2.950642816722393036e-02,1.538442075252532959e-02,7.634332031011581421e-02,-8.022426068782806396e-02,-4.293059930205345154e-02,7.900822162628173828e-02,-1.733244583010673523e-02,1.284701563417911530e-02,-1.001498848199844360e-01,6.867447495460510254e-02,6.250268220901489258e-02,-1.939482404850423336e-03,-9.527976065874099731e-02,6.779640167951583862e-02,8.606703579425811768e-02,-7.219563424587249756e-02,-6.696529686450958252e-02,8.939332515001296997e-02,1.708569750189781189e-02,9.086478501558303833e-02,3.490679338574409485e-02,-2.716680429875850677e-02,-7.570291310548782349e-02,-9.043980389833450317e-02,-2.463788911700248718e-02,2.011796459555625916e-03,2.204398065805435181e-02,1.292136032134294510e-02,1.477943640202283859e-02,5.856927484273910522e-02,8.377364836633205414e-03,-9.047456085681915283e-03,-9.993865340948104858e-02,4.206033796072006226e-02,3.617408685386180878e-03,-8.139300346374511719e-02,-6.844416260719299316e-02,-1.102047041058540344e-02,-2.085014991462230682e-02,2.488249447196722031e-03,2.781394869089126587e-02,4.602105822414159775e-03,-3.311510011553764343e-02,5.509950593113899231e-02,9.228982776403427124e-02,-8.812387287616729736e-02,2.592462114989757538e-02,-7.833557575941085815e-02,-2.818695828318595886e-02,-2.377072907984256744e-02,8.538485318422317505e-02,-4.770521819591522217e-02,-9.617163985967636108e-02,-2.979070995934307575e-04,9.250963479280471802e-02,-3.973201289772987366e-02,-7.827508449554443359e-02,9.116567671298980713e-02,6.191270222188904881e-05,-7.425280660390853882e-02,4.731478693429380655e-04,-8.907958865165710449e-02,-8.737066388130187988e-02,3.164145350456237793e-02,8.813634049147367477e-04,7.227957993745803833e-02,6.343196332454681396e-02,-2.886931225657463074e-02,-4.285120591521263123e-02,-8.241675794124603271e-02,5.341187119483947754e-02,-8.330710977315902710e-02,8.246967568993568420e-03,7.511088252067565918e-02,8.576469099352834746e-07,-7.357253879308700562e-02,7.493150979280471802e-02,-1.963764615356922150e-02,2.850162051618099213e-02,-9.444843977689743042e-02,-8.549970388412475586e-02,1.046379879117012024e-01,1.181766670197248459e-02,-9.102232009172439575e-02,-9.501454234123229980e-02,-1.204925496131181717e-02,-1.902572810649871826e-03,6.762279570102691650e-02,-7.736548036336898804e-02,-9.003225713968276978e-02,-7.078501861542463303e-03,9.449654817581176758e-02,-8.263597637414932251e-02,4.157182946801185608e-02,3.994466364383697510e-02,-9.178292751312255859e-02,6.157226487994194031e-02,8.326314389705657959e-02,7.745917141437530518e-02,7.695128023624420166e-02,-6.693237274885177612e-02,-4.103863984346389771e-02,-6.057177484035491943e-02,-1.174974441528320312e-02,7.352090626955032349e-02
1.327591985464096069e-01,-9.226509928703308105e-02,7.766829133033752441e-01,-6.994215846061706543e-01,-3.483751714229583740e-01,-9.395089000463485718e-02,9.966672211885452271e-02,-2.308228462934494019e-01,-5.935376286506652832e-01,-5.828986167907714844e-01,1.828249990940093994e-01,3.245201408863067627e-01,-6.347382068634033203e-01,-6.457079648971557617e-01,-7.410840392112731934e-01,-6.587073206901550293e-01,1.837108284235000610e-02,-6.488520503044128418e-01,7.467457652091979980e-01,5.390309095382690430e-01,4.573821723461151123e-01,-6.075952053070068359e-01,-5.929428339004516602e-01,2.819573879241943359e-01,-1.411731541156768799e-01,-5.676705241203308105e-01,6.918567419052124023e-01,2.822628319263458252e-01,-6.793200373649597168e-01,1.405113935470581055e-01,-1.195192188024520874e-01,7.795195579528808594e-01,-5.672290921211242676e-01,-6.158881783485412598e-01,1.977070048451423645e-02,7.411375641822814941e-01,-5.866026282310485840e-01,-7.258922457695007324e-01,5.371152162551879883e-01,5.619165301322937012e-01,-6.837854981422424316e-01,-1.478577107191085815e-01,-7.416028380393981934e-01,-3.221574723720550537e-01,1.909453868865966797e-01,6.772676706314086914e-01,7.628911733627319336e-01,2.005775421857833862e-01,-2.885040454566478729e-02,-8.028929680585861206e-02,-9.572029113769531250e-02,-8.756755292415618896e-02,-4.906521737575531006e-01,-6.918668001890182495e-02,8.089806884527206421e-02,7.918478250503540039e-01,-4.186032116413116455e-01,-3.414465487003326416e-02,6.698940992355346680e-01,6.206982135772705078e-01,8.479046821594238281e-02,1.576354056596755981e-01,-2.260103076696395874e-02,-1.923453211784362793e-01,-1.041592285037040710e-02,2.954880297183990479e-01,-4.314775168895721436e-01,-7.177843451499938965e-01,7.285659909248352051e-01,-1.871977746486663818e-01,6.425735354423522949e-01,2.965614497661590576e-01,2.372567951679229736e-01,-7.383938431739807129e-01,3.412757217884063721e-01,7.418510913848876953e-01,2.428848529234528542e-03,-7.817013859748840332e-01,3.614028394222259521e-01,6.770550012588500977e-01,-7.510864138603210449e-01,-6.251106387935578823e-04,6.361441612243652344e-01,-3.147685434669256210e-03,6.602010130882263184e-01,7.555704712867736816e-01,-2.595058381557464600e-01,-7.613081485033035278e-03,-6.170378327369689941e-01,-5.798462629318237305e-01,2.293730974197387695e-01,3.462386429309844971e-01,6.948804259300231934e-01,-5.087013840675354004e-01,6.903688907623291016e-01,-1.090808883309364319e-01,-6.099244356155395508e-01,-9.133503226621542126e-06,6.058019995689392090e-01,-5.761736631393432617e-01,2.274538427591323853e-01,-2.002122849225997925e-01,7.607725858688354492e-01,6.986466646194458008e-01,-8.247930407524108887e-01,-1.621692776679992676e-01,7.137676477432250977e-01,7.519931197166442871e-01,3.125859051942825317e-02,1.716675981879234314e-02,-5.862897038459777832e-01,6.988155841827392578e-01,7.507841587066650391e-01,-7.887890934944152832e-02,-7.737834453582763672e-01,6.882504820823669434e-01,-3.018990457057952881e-01,-3.890208303928375244e-01,7.410946488380432129e-01,-5.705132484436035156e-01,-6.882855296134948730e-01,-6.490563750267028809e-01,-6.454191207885742188e-01,5.612695813179016113e-01,4.550880491733551025e-01,5.713182687759399414e-01,8.647074550390243530e-02,-6.347208619117736816e-01
-2.327087670564651489e-01,7.838214933872222900e-02,-6.994215846061706543e-01,7.714623212814331055e-01,1.432033181190490723e-01,2.107471227645874023e-01,-5.748119577765464783e-02,9.115103632211685181e-03,5.899155735969543457e-01,5.005388855934143066e-01,-2.662233114242553711e-01,-1.939859539270401001e-01,4.664397239685058594e-01,6.116176247596740723e-01,6.815362572669982910e-01,4.380833506584167480e-01,-1.445657759904861450e-02,5.298012495040893555e-01,-7.118684649467468262e-01,-5.040495991706848145e-01,-5.157984495162963867e-01,6.348818540573120117e-01,5.537976622581481934e-01,-2.249469906091690063e-01,1.317690014839172363e-01,3.245940506458282471e-01,-5.768159627914428711e-01,-2.660159021615982056e-03,4.620473384857177734e-01,2.744822576642036438e-02,7.202211767435073853e-02,-7.113629579544067383e-01,6.781696677207946777e-01,5.542389154434204102e-01,3.666938282549381256e-03,-5.491200685501098633e-01,4.264815151691436768e-01,6.292153000831604004e-01,-2.461691349744796753e-01,-5.214845538139343262e-01,6.419703364372253418e-01,2.239867150783538818e-01,6.393609046936035156e-01,2.568369805812835693e-01,-3.407350480556488037e-01,-5.873173475265502930e-01,-7.303318977355957031e-01,-1.617110520601272583e-01,1.398273110389709473e-01,1.366968303918838501e-01,1.345214992761611938e-01,3.139319717884063721e-01,5.263487696647644043e-01,2.118010818958282471e-02,7.676477730274200439e-02,-6.337346434593200684e-01,4.305925965309143066e-01,2.713016979396343231e-02,-6.132081747055053711e-01,-7.291371822357177734e-01,-1.424844413995742798e-01,-5.860923603177070618e-02,2.751182764768600464e-02,8.074413239955902100e-02,5.656108632683753967e-02,-2.590520679950714111e-01,3.734690546989440918e-01,5.240892171859741211e-01,-6.127414107322692871e-01,-6.821553409099578857e-02,-4.823922216892242432e-01,-9.886449575424194336e-02,-3.229915201663970947e-01,6.788101792335510254e-01,-3.606347739696502686e-01,-6.157068014144897461e-01,-1.130647957324981689e-03,6.453443169593811035e-01,-5.419890880584716797e-01,-5.892518758773803711e-01,7.036960124969482422e-01,5.471225013025105000e-04,-4.852689206600189209e-01,9.217785671353340149e-03,-5.053718686103820801e-01,-6.853244304656982422e-01,1.299249287694692612e-02,3.108092118054628372e-03,4.968131482601165771e-01,4.820147454738616943e-01,-2.898765206336975098e-01,-5.128530263900756836e-01,-7.260810136795043945e-01,5.994922518730163574e-01,-6.406866312026977539e-01,2.702140212059020996e-01,4.841823577880859375e-01,8.022883775993250310e-06,-4.136274456977844238e-01,4.292526841163635254e-01,-7.615822553634643555e-02,-6.618300080299377441e-02,-7.302898764610290527e-01,-5.408774018287658691e-01,7.871387600898742676e-01,3.627926111221313477e-01,-8.035535216331481934e-01,-6.343483924865722656e-01,1.651099026203155518e-01,-3.130648285150527954e-02,6.391439437866210938e-01,-7.446831464767456055e-01,-7.288815379142761230e-01,2.580469250679016113e-01,6.533634066581726074e-01,-6.166703701019287109e-01,3.364958986639976501e-02,3.343244194984436035e-01,-6.053599715232849121e-01,6.356142759323120117e-01,5.812266469001770020e-01,6.802991032600402832e-01,6.354162693023681641e-01,-5.848239064216613770e-01,-4.482960700988769531e-01,-6.277252435684204102e-01,-6.592660397291183472e-02,5.225766897201538086e-01
3.377285301685333252e-01,4.589959233999252319e-02,-3.483751714229583740e-01,1.432033181190490723e-01,6.445437073707580566e-01,-3.808120787143707275e-01,-5.983628332614898682e-02,6.644538640975952148e-01,2.808703482151031494e-01,2.752136588096618652e-01,-2.332529127597808838e-01,-4.578257799148559570e-01,2.621313929557800293e-01,3.069720268249511719e-01,3.839762508869171143e-01,6.958656311035156250e-01,-4.089316353201866150e-03,3.543002903461456299e-01,-3.099225759506225586e-01,-3.525159955024719238e-01,-2.819809913635253906e-01,5.892356485128402710e-02,1.265898942947387695e-01,-6.560707930475473404e-03,9.402719885110855103e-02,6.476162075996398926e-01,-3.771237134933471680e-01,-6.655652523040771484e-01,5.849268436431884766e-01,-2.496454566717147827e-01,-1.123638376593589783e-01,-4.855986237525939941e-01,4.105501249432563782e-02,4.314099848270416260e-01,-4.463214799761772156e-02,-5.496159791946411133e-01,4.813803732395172119e-01,4.718121886253356934e-01,-7.363362312316894531e-01,-5.162911415100097656e-01,4.792000055313110352e-01,7.338884472846984863e-02,2.877112627029418945e-01,1.918939203023910522e-01,4.999304190278053284e-02,-1.522264778614044189e-01,-3.983917236328125000e-01,-1.552007496356964111e-01,1.083763409405946732e-02,-1.373870372772216797e-01,-2.666731774806976318e-01,-3.947131633758544922e-01,3.623739182949066162e-01,4.404296353459358215e-02,-1.325890123844146729e-01,-5.851039886474609375e-01,3.457309603691101074e-01,2.555555105209350586e-02,-2.275591343641281128e-01,-4.978874325752258301e-02,-5.915615335106849670e-02,-8.717988617718219757e-03,-6.394802039721980691e-05,3.937866389751434326e-01,8.308045566082000732e-02,-1.836067289113998413e-01,-8.285111933946609497e-02,6.272810697555541992e-01,-4.586790502071380615e-01,6.186098456382751465e-01,-6.336205601692199707e-01,-6.820932775735855103e-02,-9.122173488140106201e-02,3.853131830692291260e-01,-2.921124398708343506e-01,-5.551427006721496582e-01,-1.135339727625250816e-03,5.007781386375427246e-01,5.735551193356513977e-02,-4.583360254764556885e-01,4.903049767017364502e-01,3.705880662892013788e-04,-5.803924202919006348e-01,-6.610255688428878784e-03,-6.802934408187866211e-01,-3.299066126346588135e-01,5.710550546646118164e-01,9.374898858368396759e-03,2.640095055103302002e-01,4.689288139343261719e-01,-1.481792181730270386e-01,2.569279670715332031e-01,-2.153197526931762695e-01,5.528898164629936218e-02,-4.320573210716247559e-01,-4.147458672523498535e-01,3.194060027599334717e-01,-6.292130819929298013e-06,-5.413129925727844238e-01,4.929982125759124756e-01,-5.459107160568237305e-01,6.215682029724121094e-01,-4.375406205654144287e-01,-5.822368264198303223e-01,3.509171307086944580e-01,3.150412440299987793e-02,-1.079766377806663513e-01,-3.245792984962463379e-01,-5.530326962471008301e-01,1.545063592493534088e-02,1.691159904003143311e-01,-1.331480890512466431e-01,-3.608297109603881836e-01,-6.652662158012390137e-02,5.236018300056457520e-01,-4.277823567390441895e-01,6.195423007011413574e-01,9.186452627182006836e-02,-5.842367410659790039e-01,1.082492992281913757e-01,2.420367449522018433e-01,3.153894841670989990e-01,3.412871360778808594e-01,4.842083528637886047e-02,-3.233837187290191650e-01,-5.758367851376533508e-02,-9.508552029728889465e-03,4.574876427650451660e-01
-3.813041448593139648e-01,5.563708837144076824e-04,-9.395089000463485718e-02,2.107471227645874023e-01,-3.808120787143707275e-01,4.277478456497192383e-01,7.243847940117120743e-03,-4.383055567741394043e-01,-5.184875056147575378e-02,2.254836633801460266e-02,1.726041138172149658e-01,2.514379322528839111e-01,1.443393826484680176e-01,8.910618722438812256e-03,1.602481491863727570e-02,-2.871811389923095703e-01,-6.430788431316614151e-03,3.550913557410240173e-02,-9.397899359464645386e-02,8.974399417638778687e-02,1.441638022661209106e-01,2.349428683519363403e-01,1.905187368392944336e-01,-1.583522707223892212e-01,-2.769046090543270111e-02,-2.960713505744934082e-01,-2.324067754670977592e-03,4.234912991523742676e-01,-1.148370578885078430e-01,1.075386777520179749e-01,1.971742063760757446e-01,8.730431646108627319e-02,1.988503634929656982e-01,-8.401626348495483398e-02,2.361558191478252411e-02,1.104100644588470459e-01,-1.347026526927947998e-01,-6.737477332353591919e-02,3.341263830661773682e-01,2.186766564846038818e-01,-1.409941017627716064e-01,-3.904925659298896790e-02,1.504528671503067017e-01,-2.685598330572247505e-03,-4.524372890591621399e-02,-2.444005757570266724e-01,-2.073713392019271851e-02,2.828512527048587799e-02,-7.877426594495773315e-02,1.497180908918380737e-01,3.105373680591583252e-01,3.057754337787628174e-01,-1.579166650772094727e-01,1.327801123261451721e-02,5.464140325784683228e-03,9.953621774911880493e-02,-1.493722349405288696e-01,-5.141236353665590286e-03,-1.318841874599456787e-01,-2.268380969762802124e-01,6.133298203349113464e-02,-1.504768282175064087e-01,7.861044257879257202e-03,-2.888019084930419922e-01,-1.107699573040008545e-01,3.026593476533889771e-02,3.251061439514160156e-01,-1.866776049137115479e-01,6.515363603830337524e-02,-4.275808334350585938e-01,2.353730946779251099e-01,-2.084113955497741699e-01,5.018751323223114014e-02,7.418510504066944122e-03,1.567284911870956421e-01,1.224767565727233887e-01,-5.003648111596703529e-04,-2.699495851993560791e-02,-1.639125943183898926e-01,1.055280715227127075e-01,-8.565657585859298706e-02,-3.712987017934210598e-05,2.018293291330337524e-01,4.844569601118564606e-03,2.888498604297637939e-01,-8.490037918090820312e-02,-3.395101428031921387e-01,-3.621821757405996323e-03,5.427286401391029358e-02,-1.456761658191680908e-01,4.863425344228744507e-02,-3.432997465133666992e-01,-1.120934933423995972e-01,1.283977180719375610e-01,6.836350262165069580e-02,3.962584137916564941e-01,7.908043265342712402e-02,1.031416559271747246e-05,1.661161780357360840e-01,-1.476174592971801758e-01,3.626050651073455811e-01,-4.335284531116485596e-01,4.666075110435485840e-02,1.637435704469680786e-01,9.164112806320190430e-02,1.117405761033296585e-02,-2.235988825559616089e-01,-1.275196969509124756e-01,4.729405045509338379e-01,-1.286063902080059052e-02,5.125070735812187195e-02,-2.114267498254776001e-01,-4.319977760314941406e-02,2.077997475862503052e-02,-4.885191470384597778e-02,6.965252757072448730e-02,-3.821772933006286621e-01,1.610864698886871338e-01,1.376182287931442261e-01,1.338976621627807617e-01,1.821365654468536377e-01,-1.950356550514698029e-02,-4.252851381897926331e-02,-3.190984129905700684e-01,1.032868325710296631e-01,-1.828894168138504028e-01,-4.797215387225151062e-02,-9.307561069726943970e-02
2.086623013019561768e-02,-1.375963352620601654e-02,9.966672211885452271e-02,-5.748119577765464783e-02,-5.983628332614898682e-02,7.243847940117120743e-03,4.531802609562873840e-02,-4.966611787676811218e-02,-8.675291389226913452e-02,-7.538156956434249878e-02,-3.713561221957206726e-02,5.771920084953308105e-02,-1.345250308513641357e-01,-7.700156420469284058e-02,-9.557413309812545776e-02,-1.345917880535125732e-01,2.890301635488867760e-03,-1.042859256267547607e-01,8.636781573295593262e-02,4.256801307201385498e-02,2.175292186439037323e-02,-7.359693199396133423e-02,-6.763087213039398193e-02,6.034562736749649048e-02,-1.516601443290710449e-02,-1.336630135774612427e-01,1.106631755828857422e-01,8.601943403482437134e-02,-1.229484453797340393e-01,3.969993814826011658e-02,-3.102049790322780609e-02,1.129341274499893188e-01,-2.663045935332775116e-02,-6.178001686930656433e-02,7.269057445228099823e-03,1.466860026121139526e-01,-9.492242336273193359e-02,-9.749934822320938110e-02,1.370625644922256470e-01,3.574299812316894531e-02,-8.340369164943695068e-02,1.886924542486667633e-02,-1.147028356790542603e-01,-4.369968175888061523e-02,-2.610369771718978882e-02,1.199057400226593018e-01,8.333400636911392212e-02,2.584313973784446716e-02,3.204223141074180603e-02,3.036912996321916580e-03,-1.308644190430641174e-02,2.118257433176040649e-02,-2.110428176820278168e-02,-1.523516792804002762e-02,4.845506697893142700e-02,1.278392821550369263e-01,-2.716369926929473877e-02,-4.950103349983692169e-03,8.972986042499542236e-02,4.563886672258377075e-02,-1.810668595135211945e-02,5.756383389234542847e-02,-9.074336267076432705e-04,-2.420909143984317780e-02,1.858361624181270599e-02,3.798237442970275879e-02,-9.455090761184692383e-02,-1.252243816852569580e-01,1.138204485177993774e-01,-6.051168218255043030e-02,9.183505922555923462e-02,1.015823930501937866e-01,-1.335197594016790390e-04,-1.053508445620536804e-01,9.110311046242713928e-03,1.018040776252746582e-01,7.596274372190237045e-04,-1.222713291645050049e-01,-1.053236983716487885e-02,9.552120417356491089e-02,-8.454784005880355835e-02,-8.245460776379331946e-05,8.810799568891525269e-02,2.708577085286378860e-04,9.760820120573043823e-02,1.117900907993316650e-01,-5.549312755465507507e-02,-1.936474931426346302e-03,-1.163060590624809265e-01,-7.490251958370208740e-02,-1.178435515612363815e-02,5.966185592114925385e-03,7.036995142698287964e-02,-4.079905524849891663e-02,7.765336334705352783e-02,-5.257920362055301666e-03,-8.711113035678863525e-02,-3.770519015233730897e-06,1.120335385203361511e-01,-9.143975377082824707e-02,2.802393771708011627e-02,-7.375439256429672241e-02,9.710228443145751953e-02,1.133000776171684265e-01,-1.075173616409301758e-01,7.686434686183929443e-02,6.329731643199920654e-02,1.396653354167938232e-01,3.167758136987686157e-02,-4.139553930144757032e-04,-6.787195801734924316e-02,6.018454208970069885e-02,9.648671001195907593e-02,5.799145251512527466e-02,-1.075309813022613525e-01,8.570250123739242554e-02,-8.691409975290298462e-02,-5.816083773970603943e-02,1.052503064274787903e-01,-4.392131790518760681e-02,-1.099667251110076904e-01,-5.311174690723419189e-02,-6.192334368824958801e-02,7.656357437372207642e-02,3.559061139822006226e-02,4.976592957973480225e-02,1.294668018817901611e-02,-7.930558174848556519e-02
4.029324948787689209e-01,3.139324858784675598e-02,-2.308228462934494019e-01,9.115103632211685181e-03,6.644538640975952148e-01,-4.383055567741394043e-01,-4.966611787676811218e-02,7.382283806800842285e-01,1.509177535772323608e-01,1.837477535009384155e-01,-1.944195330142974854e-01,-4.744506180286407471e-01,1.799900978803634644e-01,2.149305492639541626e-01,2.799058556556701660e-01,6.445995569229125977e-01,-7.936856127344071865e-04,2.737233638763427734e-01,-1.737039983272552490e-01,-2.792522311210632324e-01,-1.685886979103088379e-01,-5.487104505300521851e-02,2.713336795568466187e-02,3.272807970643043518e-02,7.481005787849426270e-02,6.073527932167053223e-01,-2.892917990684509277e-01,-7.122443318367004395e-01,5.461775660514831543e-01,-2.685149013996124268e-01,-1.401495039463043213e-01,-3.540363907814025879e-01,-1.161689460277557373e-01,3.725574016571044922e-01,-5.309508740901947021e-02,-4.654821455478668213e-01,4.386460781097412109e-01,3.738308846950531006e-01,-7.360355854034423828e-01,-4.593566954135894775e-01,3.629697263240814209e-01,2.860468067228794098e-02,1.804945170879364014e-01,1.635638624429702759e-01,1.687245368957519531e-01,-5.470356345176696777e-02,-2.813947796821594238e-01,-1.417497843503952026e-01,-3.560175746679306030e-02,-2.156637012958526611e-01,-3.233406841754913330e-01,-5.261688828468322754e-01,2.697039246559143066e-01,4.479534551501274109e-02,-1.739414930343627930e-01,-4.963881373405456543e-01,3.030849993228912354e-01,2.358438260853290558e-02,-9.823430329561233521e-02,9.838613867759704590e-02,-2.712911926209926605e-02,-1.074968464672565460e-02,-6.727873347699642181e-03,3.774776458740234375e-01,6.157835200428962708e-02,-1.467908769845962524e-01,-1.849135309457778931e-01,5.547381043434143066e-01,-3.660528361797332764e-01,6.808820962905883789e-01,-5.856952071189880371e-01,-9.094913303852081299e-02,-1.945228874683380127e-02,2.765167355537414551e-01,-2.075646221637725830e-01,-4.576519131660461426e-01,-1.017700764350593090e-03,4.122510254383087158e-01,1.756619215011596680e-01,-3.599825799465179443e-01,3.718896508216857910e-01,3.094613784924149513e-04,-5.322108864784240723e-01,-9.641617536544799805e-03,-6.077431440353393555e-01,-2.175024598836898804e-01,6.248669624328613281e-01,9.963586926460266113e-03,1.584045737981796265e-01,4.240164458751678467e-01,-9.791301190853118896e-02,4.233199954032897949e-01,-6.949821859598159790e-02,-7.039703428745269775e-02,-3.222385644912719727e-01,-5.137116312980651855e-01,2.492055892944335938e-01,-8.059059837250970304e-06,-5.081861615180969238e-01,4.271417856216430664e-01,-6.026821136474609375e-01,6.818940043449401855e-01,-3.108429312705993652e-01,-5.136625170707702637e-01,1.917406469583511353e-01,-1.331977266818284988e-02,7.771660387516021729e-02,-2.130313515663146973e-01,-6.364300847053527832e-01,2.663753926753997803e-02,3.707664087414741516e-02,1.068515609949827194e-02,-2.393689155578613281e-01,-1.118456870317459106e-01,4.377087354660034180e-01,-3.192981779575347900e-01,6.658455729484558105e-01,5.166636034846305847e-02,-5.030416846275329590e-01,-2.234829217195510864e-02,1.406079232692718506e-01,1.859850585460662842e-01,2.284782081842422485e-01,1.898031681776046753e-01,-2.794470787048339844e-01,7.715773582458496094e-02,7.352810353040695190e-03,3.945566415786743164e-01
-2.100181765854358673e-02,7.701831310987472534e-02,-5.935376286506652832e-01,5.899155735969543457e-01,2.808703482151031494e-01,-5.184875056147575378e-02,-8.675291389226913452e-02,1.509177535772323608e-01,6.636913418769836426e-01,4.697209000587463379e-01,-2.914458513259887695e-01,-2.961848378181457520e-01,3.756853044033050537e-01,5.804439187049865723e-01,6.357815265655517578e-01,5.583922266960144043e-01,-1.043140236288309097e-02,4.387993514537811279e-01,-6.160557866096496582e-01,-5.214552283287048340e-01,-6.176081895828247070e-01,4.672426581382751465e-01,3.913017213344573975e-01,-1.351350247859954834e-01,1.397136002779006958e-01,4.821211695671081543e-01,-5.749138593673706055e-01,-1.910216510295867920e-01,4.460832476615905762e-01,-3.273706883192062378e-02,-2.673002891242504120e-02,-7.703569531440734863e-01,5.363767147064208984e-01,5.327104926109313965e-01,-5.088804755359888077e-03,-6.052069664001464844e-01,4.577086269855499268e-01,6.152047514915466309e-01,-3.579589426517486572e-01,-5.617978572845458984e-01,6.872358322143554688e-01,2.256483435630798340e-01,5.142282843589782715e-01,2.247110754251480103e-01,-3.310783505439758301e-01,-4.465307593345642090e-01,-6.487077474594116211e-01,-1.342374384403228760e-01,2.077991515398025513e-01,5.640399456024169922e-02,-3.628327697515487671e-02,2.028826773166656494e-01,5.744426846504211426e-01,2.946762135252356529e-03,9.318554401397705078e-02,-6.389176845550537109e-01,4.462383091449737549e-01,2.532183751463890076e-02,-5.090611577033996582e-01,-5.620808005332946777e-01,-1.738557219505310059e-01,7.069915533065795898e-02,2.282045409083366394e-02,2.529336512088775635e-01,1.180533766746520996e-01,-2.544651329517364502e-01,2.193303257226943970e-01,5.828255414962768555e-01,-6.302081346511840820e-01,1.249309852719306946e-01,-5.325400233268737793e-01,2.379888109862804413e-02,-3.624359369277954102e-01,6.413527131080627441e-01,-4.170122444629669189e-01,-6.275535225868225098e-01,-9.644444799050688744e-04,6.104243397712707520e-01,-3.947151899337768555e-01,-6.237937211990356445e-01,6.984233856201171875e-01,5.134370294399559498e-04,-5.327257513999938965e-01,7.355362642556428909e-03,-5.973201990127563477e-01,-6.105337738990783691e-01,1.531431674957275391e-01,4.311773926019668579e-03,5.050054788589477539e-01,5.015978217124938965e-01,-2.589032649993896484e-01,-3.505745530128479004e-01,-6.378313899040222168e-01,5.279635787010192871e-01,-6.191418766975402832e-01,8.111852407455444336e-02,3.574513196945190430e-01,3.936581379093695432e-06,-4.701626896858215332e-01,4.503290057182312012e-01,-2.031363695859909058e-01,1.534586846828460693e-01,-7.239841222763061523e-01,-5.784699320793151855e-01,7.310370802879333496e-01,2.399888783693313599e-01,-6.942877769470214844e-01,-5.414573550224304199e-01,-6.679612398147583008e-02,-2.952084317803382874e-02,6.511377692222595215e-01,-6.011611223220825195e-01,-6.529167890548706055e-01,2.276438474655151367e-01,5.955979824066162109e-01,-6.304306983947753906e-01,2.131699174642562866e-01,1.783766001462936401e-01,-6.097461581230163574e-01,5.227221250534057617e-01,4.301249682903289795e-01,6.578784584999084473e-01,6.331176161766052246e-01,-4.052464067935943604e-01,-4.611378014087677002e-01,-5.138428211212158203e-01,-2.905441634356975555e-02,5.139525532722473145e-01
-6.201410293579101562e-02,6.567569077014923096e-02,-5.828986167907714844e-01,5.005388855934143066e-01,2.752136588096618652e-01,2.254836633801460266e-02,-7.538156956434249878e-02,1.837477535009384155e-01,4.697209000587463379e-01,4.351765215396881104e-01,-1.215878352522850037e-01,-2.488266676664352417e-01,4.804207980632781982e-01,4.859370589256286621e-01,5.697671771049499512e-01,5.595490932464599609e-01,-1.327571924775838852e-02,4.548183083534240723e-01,-5.701776742935180664e-01,-4.149702489376068115e-01,-3.815772235393524170e-01,4.124904572963714600e-01,4.064546227455139160e-01,-1.985561400651931763e-01,1.052081659436225891e-01,4.943366646766662598e-01,-5.512496232986450195e-01,-2.495378255844116211e-01,5.426882505416870117e-01,-1.303371638059616089e-01,8.453667163848876953e-02,-6.665313839912414551e-01,4.040312469005584717e-01,4.732494354248046875e-01,-1.517507713288068771e-02,-6.215999722480773926e-01,4.377985298633575439e-01,5.609683394432067871e-01,-4.600613415241241455e-01,-4.323409497737884521e-01,5.371025800704956055e-01,1.041739284992218018e-01,5.491994023323059082e-01,2.279124408960342407e-01,-1.438151299953460693e-01,-5.119669437408447266e-01,-5.751787424087524414e-01,-1.269929111003875732e-01,4.629983752965927124e-02,3.718861564993858337e-02,4.211776331067085266e-02,4.624143987894058228e-02,3.800664246082305908e-01,4.902695119380950928e-02,-5.761663615703582764e-02,-6.536918878555297852e-01,2.930060923099517822e-01,2.366735599935054779e-02,-4.895671606063842773e-01,-4.384968876838684082e-01,-6.983391940593719482e-02,-7.612340897321701050e-02,1.602479442954063416e-02,1.886434257030487061e-01,1.491290330886840820e-02,-2.135505229234695435e-01,3.058658540248870850e-01,5.884955525398254395e-01,-5.776779651641845703e-01,1.780006438493728638e-01,-5.082669854164123535e-01,-2.207207679748535156e-01,-1.878082454204559326e-01,5.698857903480529785e-01,-2.549289166927337646e-01,-5.893401503562927246e-01,-1.758051803335547447e-03,6.255947351455688477e-01,-2.228473275899887085e-01,-5.355908870697021484e-01,6.057316660881042480e-01,4.481171781662851572e-04,-4.991237223148345947e-01,1.660103909671306610e-03,-5.399625897407531738e-01,-5.771991610527038574e-01,2.209481149911880493e-01,5.642676260322332382e-03,4.918673634529113770e-01,4.248756170272827148e-01,-1.456232368946075439e-01,-2.445485740900039673e-01,-5.209633708000183105e-01,3.697822988033294678e-01,-5.250051617622375488e-01,5.087397620081901550e-02,4.191537797451019287e-01,6.029296855558641255e-06,-4.664315879344940186e-01,4.243558645248413086e-01,-1.903300583362579346e-01,2.022258639335632324e-01,-6.052611470222473145e-01,-5.562401413917541504e-01,6.800836920738220215e-01,6.523159146308898926e-02,-5.690749287605285645e-01,-5.781861543655395508e-01,-5.124542489647865295e-02,-1.388248521834611893e-02,4.670282304286956787e-01,-5.275896191596984863e-01,-5.602384805679321289e-01,7.060244679450988770e-02,5.940799713134765625e-01,-5.382905006408691406e-01,2.610628604888916016e-01,2.460569739341735840e-01,-5.855656266212463379e-01,3.959878683090209961e-01,5.010387897491455078e-01,4.932168424129486084e-01,4.935124218463897705e-01,-3.907024264335632324e-01,-3.434371650218963623e-01,-4.079008400440216064e-01,-5.547601729631423950e-02,4.698446691036224365e-01
-1.831934005022048950e-01,-2.194470725953578949e-02,1.828249990940093994e-01,-2.662233114242553711e-01,-2.332529127597808838e-01,1.726041138172149658e-01,-3.713561221957206726e-02,-1.944195330142974854e-01,-2.914458513259887695e-01,-1.215878352522850037e-01,4.226142764091491699e-01,1.754789352416992188e-01,1.059252545237541199e-01,-2.259545177221298218e-01,-2.509264647960662842e-01,-2.173947840929031372e-01,-2.874382771551609039e-03,-8.946628868579864502e-02,2.371911406517028809e-01,2.973566055297851562e-01,4.575105011463165283e-01,-8.103672415018081665e-02,-4.310335963964462280e-02,-1.251397728919982910e-01,-7.484705001115798950e-02,-1.355806887149810791e-01,1.335967779159545898e-01,9.653178602457046509e-02,-9.383235871791839600e-02,-5.869461223483085632e-02,2.025838047266006470e-01,3.555671572685241699e-01,-2.898505926132202148e-01,-2.884578108787536621e-01,-5.883535835891962051e-03,1.309974789619445801e-01,-1.523645371198654175e-01,-2.641203999519348145e-01,8.303801715373992920e-02,4.486566781997680664e-01,-4.077607989311218262e-01,-2.418884485960006714e-01,-5.873655527830123901e-02,-5.553175881505012512e-02,3.012406826019287109e-01,-7.580645382404327393e-02,3.198193609714508057e-01,6.995586305856704712e-02,-2.552082538604736328e-01,-1.641170307993888855e-02,1.856102049350738525e-01,-8.815713226795196533e-02,-4.617819190025329590e-01,5.169376358389854431e-02,-1.974469423294067383e-01,2.356760054826736450e-01,-3.468226492404937744e-01,-9.591974318027496338e-03,1.151150241494178772e-01,2.542017400264739990e-01,1.947685480117797852e-01,-2.257252484560012817e-01,-1.091234106570482254e-02,-2.184414416551589966e-01,-1.886564344167709351e-01,1.064765825867652893e-01,2.117398232221603394e-01,-2.196014821529388428e-01,2.106135934591293335e-01,-1.051992326974868774e-01,2.965351641178131104e-01,-3.970136940479278564e-01,2.728007137775421143e-01,-2.322177886962890625e-01,3.726812005043029785e-01,3.038025498390197754e-01,-1.591030973941087723e-03,-1.872487217187881470e-01,2.992065250873565674e-01,2.714894115924835205e-01,-3.963174223899841309e-01,-1.816874428186565638e-04,2.660060226917266846e-01,-5.255296826362609863e-03,3.683708608150482178e-01,1.543797850608825684e-01,-8.869893848896026611e-02,1.567138824611902237e-04,-2.218753099441528320e-02,-2.527261972427368164e-01,2.811025977134704590e-01,1.141213178634643555e-01,2.800873816013336182e-01,-2.322678714990615845e-01,3.270376622676849365e-01,1.101974323391914368e-01,-6.161247938871383667e-02,1.150942171079805121e-05,1.384249627590179443e-01,-1.965516060590744019e-01,2.248887419700622559e-01,-8.219493925571441650e-02,3.655827343463897705e-01,2.411841452121734619e-01,-2.776006758213043213e-01,-4.453901052474975586e-01,3.232843577861785889e-01,3.918870165944099426e-02,1.636188328266143799e-01,1.525060646235942841e-02,-2.823248505592346191e-01,2.293785810470581055e-01,2.923176884651184082e-01,-2.902345955371856689e-01,-2.512520551681518555e-01,2.956890463829040527e-01,-7.151014357805252075e-02,4.683297872543334961e-02,2.924772799015045166e-01,-2.339651584625244141e-01,1.318179885856807232e-03,-3.949201107025146484e-01,-3.367216289043426514e-01,-5.118072498589754105e-03,2.902625501155853271e-01,1.761133372783660889e-01,-2.638760581612586975e-02,-2.314805686473846436e-01
-1.930154561996459961e-01,-3.510212898254394531e-02,3.245201408863067627e-01,-1.939859539270401001e-01,-4.578257799148559570e-01,2.514379322528839111e-01,5.771920084953308105e-02,-4.744506180286407471e-01,-2.961848378181457520e-01,-2.488266676664352417e-01,1.754789352416992188e-01,3.825320601463317871e-01,-1.994787603616714478e-01,-3.443730175495147705e-01,-3.889487385749816895e-01,-6.009835600852966309e-01,2.380180172622203827e-03,-2.502274215221405029e-01,2.895564138889312744e-01,3.545359671115875244e-01,3.085147440433502197e-01,-1.268300861120223999e-01,-1.390683948993682861e-01,2.672411501407623291e-02,-8.956327289342880249e-02,-5.315693020820617676e-01,3.889284729957580566e-01,4.721082746982574463e-01,-5.020819902420043945e-01,1.558160185813903809e-01,9.573343396186828613e-02,5.108449459075927734e-01,-6.895916163921356201e-02,-4.361685514450073242e-01,3.419939428567886353e-02,5.027444362640380859e-01,-3.904424309730529785e-01,-4.264054894447326660e-01,5.880821347236633301e-01,4.571985304355621338e-01,-4.241760969161987305e-01,-8.030392974615097046e-02,-2.535093724727630615e-01,-1.620642542839050293e-01,-2.306192368268966675e-02,2.010384947061538696e-01,3.790851533412933350e-01,9.964265674352645874e-02,-5.897518992424011230e-02,1.831064820289611816e-01,2.276622503995895386e-01,2.652207016944885254e-01,-3.370151519775390625e-01,-2.088302932679653168e-02,6.828215718269348145e-02,5.380336642265319824e-01,-3.275930881500244141e-01,-2.178503759205341339e-02,1.860843747854232788e-01,1.196642369031906128e-01,6.522940099239349365e-02,-5.366670340299606323e-02,-3.157761180773377419e-03,-2.772354781627655029e-01,-5.803106725215911865e-02,1.619235277175903320e-01,6.887220591306686401e-02,-5.353191494941711426e-01,4.376700520515441895e-01,-4.443124830722808838e-01,5.257573127746582031e-01,8.171921968460083008e-02,1.488538980484008789e-01,-3.941237926483154297e-01,1.953875720500946045e-01,4.616102278232574463e-01,8.521992713212966919e-04,-4.830795824527740479e-01,-6.052060052752494812e-04,4.410093128681182861e-01,-4.700610935688018799e-01,-3.779256076086312532e-04,5.051715970039367676e-01,3.663987852632999420e-03,5.507792830467224121e-01,3.481947779655456543e-01,-4.082895219326019287e-01,-7.021503522992134094e-03,-2.663460969924926758e-01,-4.106571972370147705e-01,1.000318899750709534e-01,-1.642061769962310791e-01,2.402931302785873413e-01,-1.508504897356033325e-01,3.723723590373992920e-01,2.567630112171173096e-01,-2.000749409198760986e-01,2.120819090123404749e-06,4.526752233505249023e-01,-3.435374200344085693e-01,4.470172822475433350e-01,-4.662785530090332031e-01,4.407114088535308838e-01,5.043618679046630859e-01,-3.625083565711975098e-01,-5.669613182544708252e-02,1.649047881364822388e-01,2.883099615573883057e-01,3.752826750278472900e-01,-4.181126132607460022e-03,-2.684732377529144287e-01,2.022134661674499512e-01,3.517395853996276855e-01,-7.771959155797958374e-02,-4.574909210205078125e-01,3.932791054248809814e-01,-4.655927419662475586e-01,-7.274889200925827026e-02,5.024105310440063477e-01,-1.482585072517395020e-01,-1.916272789239883423e-01,-3.205006718635559082e-01,-3.403006494045257568e-01,-5.613928660750389099e-03,3.645722568035125732e-01,1.291985064744949341e-01,-1.361848879605531693e-02,-3.791458308696746826e-01
