4.606546759605407715e-01,-4.529807716608047485e-03,-1.913828402757644653e-02,-4.406876116991043091e-02,1.730210781097412109e-01,-1.423252820968627930e-01,1.460496485233306885e-01,4.064080417156219482e-01,9.886983782052993774e-02,9.712351113557815552e-02,-1.438892781734466553e-01,-6.553004682064056396e-02,-1.192043870687484741e-01,7.535124570131301880e-02,1.289537549018859863e-01,1.285355836153030396e-01,-4.983179387636482716e-04,-6.698134541511535645e-02,5.754680931568145752e-02,-4.700019583106040955e-02,-1.317187696695327759e-01,-1.187755633145570755e-02,-7.382038980722427368e-02,6.353362649679183960e-02,1.472007483243942261e-02,5.221559107303619385e-02,5.143925547599792480e-02,-1.911084502935409546e-01,1.049720495939254761e-02,-1.520627588033676147e-01,-1.091517731547355652e-01,-1.758255995810031891e-02,-1.843252778053283691e-02,7.816184312105178833e-02,-1.831213198602199554e-02,-3.431736305356025696e-02,-2.996036782860755920e-03,5.690044164657592773e-02,-2.341177016496658325e-01,-3.720820248126983643e-01,2.082466036081314087e-01,1.032893657684326172e-01,-1.155765578150749207e-01,2.665988169610500336e-02,-6.843294948339462280e-02,9.743309766054153442e-02,-9.975888580083847046e-02,-1.144131273031234741e-01,7.678317278623580933e-02,-7.330089062452316284e-02,-1.568774580955505371e-01,-1.063768565654754639e-01,2.877707183361053467e-01,-6.825673580169677734e-02,-6.606853753328323364e-02,-1.565339416265487671e-01,8.692996203899383545e-02,5.016823764890432358e-03,8.136333525180816650e-02,-2.618671581149101257e-02,-1.008609384298324585e-01,-4.130279272794723511e-02,3.381306072697043419e-03,2.362819164991378784e-01,2.608522213995456696e-02,6.098706275224685669e-03,-2.761926054954528809e-01,1.362562477588653564e-01,-1.265505403280258179e-01,1.551111340522766113e-01,-2.220773696899414062e-01,9.374194592237472534e-02,3.256616368889808655e-02,1.105591431260108948e-01,-1.186374872922897339e-01,-1.661217212677001953e-01,7.417565793730318546e-04,7.392997294664382935e-02,-1.368232071399688721e-01,-5.516516789793968201e-02,1.079481616616249084e-01,3.133974678348749876e-04,-1.601306200027465820e-01,-2.519170753657817841e-03,-2.835727035999298096e-01,5.058470740914344788e-02,2.648986876010894775e-01,6.969016394577920437e-04,-9.736666083335876465e-02,1.090325489640235901e-01,-1.673271059989929199e-01,1.181324720382690430e-01,1.302378177642822266e-01,-1.464325785636901855e-01,-1.022651493549346924e-01,-2.602081000804901123e-01,1.307189017534255981e-01,-8.279448957182466984e-05,-1.055627837777137756e-01,2.462986409664154053e-01,-1.994108259677886963e-01,3.012254238128662109e-01,-3.232066705822944641e-02,-6.596381962299346924e-02,1.242403499782085419e-02,2.788478136062622070e-01,7.772021740674972534e-02,1.180200874805450439e-01,-2.963211834430694580e-01,6.026640534400939941e-03,-3.042041091248393059e-03,2.292236685752868652e-02,2.867262251675128937e-02,3.350276872515678406e-02,1.158347576856613159e-01,-1.046928465366363525e-01,2.672891616821289062e-01,-4.539389535784721375e-02,-2.579216063022613525e-01,-2.698677359148859978e-03,-1.389181762933731079e-01,1.434112042188644409e-01,1.453638821840286255e-01,1.867758780717849731e-01,-4.944397509098052979e-02,-2.261166274547576904e-02,3.441513981670141220e-03,5.875765532255172729e-02
-4.529807716608047485e-03,1.596703752875328064e-02,-1.166221126914024353e-01,8.242534101009368896e-02,7.072827219963073730e-02,2.142205834388732910e-02,1.302144769579172134e-02,1.063425187021493912e-02,2.921337261795997620e-02,6.167851388454437256e-02,5.149290431290864944e-03,-4.174828529357910156e-02,9.125666320323944092e-02,8.308929949998855591e-02,1.048841103911399841e-01,1.152969375252723694e-01,-2.094310708343982697e-03,5.530019477009773254e-02,-9.147059172391891479e-02,-7.458300888538360596e-02,-4.961363971233367920e-02,8.450792729854583740e-02,8.293583244085311890e-02,2.124982886016368866e-02,1.024052686989307404e-02,1.085723713040351868e-01,-1.165243685245513916e-01,-4.676308110356330872e-02,1.081238761544227600e-01,-4.362357780337333679e-02,6.515579670667648315e-02,-1.186457425355911255e-01,8.263926953077316284e-02,8.308843523263931274e-02,-3.804379608482122421e-03,-1.158907115459442139e-01,5.394637212157249451e-02,8.668667078018188477e-02,-8.072763681411743164e-02,-5.530342832207679749e-02,8.785721659660339355e-02,1.737987250089645386e-02,1.116071194410324097e-01,2.580124512314796448e-02,-9.187983348965644836e-03,-9.541235119104385376e-02,-1.103095710277557373e-01,-2.987164631485939026e-02,-2.060135640203952789e-02,5.422971211373806000e-03,3.280285373330116272e-02,-4.779933765530586243e-02,-6.483643315732479095e-03,1.108513399958610535e-02,-6.456656381487846375e-03,-1.233090236783027649e-01,3.404933959245681763e-02,7.417846005409955978e-03,-6.587503850460052490e-02,-6.965705007314682007e-02,9.828478097915649414e-03,6.346242967993021011e-03,3.546812105923891068e-03,4.863795638084411621e-02,-4.935363307595252991e-03,-2.718854881823062897e-02,5.479087308049201965e-02,1.071090623736381531e-01,-1.028182059526443481e-01,3.142381459474563599e-02,-8.081725984811782837e-02,-4.677658155560493469e-02,-2.957532182335853577e-02,1.043055951595306396e-01,-5.423649214208126068e-03,-9.803981333971023560e-02,-1.816981122829020023e-03,1.292048692703247070e-01,-3.003065008670091629e-03,-1.026080623269081116e-01,1.146955788135528564e-01,5.086159217171370983e-04,-1.006020084023475647e-01,-9.774736827239394188e-04,-8.661463111639022827e-02,-1.112226918339729309e-01,6.353921443223953247e-02,2.965957857668399811e-03,8.117911964654922485e-02,7.452517002820968628e-02,-1.725204847753047943e-02,-4.339788481593132019e-02,-8.294095844030380249e-02,2.897598780691623688e-02,-9.766466915607452393e-02,1.355735212564468384e-02,8.879581838846206665e-02,-2.945837695733644068e-05,-8.813695609569549561e-02,4.216105490922927856e-02,-3.716323524713516235e-02,1.576209813356399536e-02,-1.239121556282043457e-01,-8.447219431400299072e-02,1.261644065380096436e-01,2.062710560858249664e-02,-9.628960490226745605e-02,-1.113071665167808533e-01,-2.524733357131481171e-02,-5.883089266717433929e-03,8.244861662387847900e-02,-8.171270787715911865e-02,-1.051740720868110657e-01,-1.526005659252405167e-02,1.175196543335914612e-01,-1.015627682209014893e-01,5.879113078117370605e-02,3.734800592064857483e-02,-1.082602515816688538e-01,4.757439345121383667e-02,6.940329074859619141e-02,8.662831783294677734e-02,1.019718647003173828e-01,-7.084769755601882935e-02,-7.377675920724868774e-02,-8.682087063789367676e-02,-1.520309946499764919e-03,5.986433476209640503e-02
-1.913828402757644653e-02,-1.166221126914024353e-01,8.276188373565673828e-01,-6.684634685516357422e-01,-5.226314067840576172e-01,-2.301428765058517456e-01,-1.637685447931289673e-01,-1.258205324411392212e-01,-2.045101672410964966e-01,-5.088630318641662598e-01,4.498016554862260818e-03,3.412572145462036133e-01,-6.149088144302368164e-01,-6.685962080955505371e-01,-7.632822394371032715e-01,-7.611652612686157227e-01,1.636931486427783966e-02,-3.927725851535797119e-01,7.020468115806579590e-01,6.244626641273498535e-01,4.181973040103912354e-01,-6.640224456787109375e-01,-6.780837774276733398e-01,-1.585373133420944214e-01,-8.441735059022903442e-02,-6.981912851333618164e-01,7.706985473632812500e-01,2.968234717845916748e-01,-7.693413496017456055e-01,3.639793395996093750e-01,-4.937459230422973633e-01,8.135975599288940430e-01,-6.334512829780578613e-01,-6.925312876701354980e-01,3.254877403378486633e-02,7.799085974693298340e-01,-4.184712171554565430e-01,-6.821511387825012207e-01,5.495601892471313477e-01,5.012796521186828613e-01,-6.351444721221923828e-01,-1.558844447135925293e-01,-7.459730505943298340e-01,-2.123206555843353271e-01,7.993148267269134521e-02,6.791256666183471680e-01,8.040030598640441895e-01,2.497072666883468628e-01,1.512799113988876343e-01,7.373686134815216064e-02,-2.449154555797576904e-01,4.108475148677825928e-01,-4.281649366021156311e-03,-5.866986513137817383e-02,2.839242480695247650e-02,8.245136737823486328e-01,-3.036734461784362793e-01,-6.046129763126373291e-02,4.787997007369995117e-01,5.635325908660888672e-01,-4.189505800604820251e-02,-7.133003324270248413e-02,-2.906259521842002869e-02,-4.121257066726684570e-01,3.919960185885429382e-02,2.071336954832077026e-01,-3.392212092876434326e-01,-7.307654619216918945e-01,7.500434517860412598e-01,-2.019095867872238159e-01,6.448659300804138184e-01,3.780727386474609375e-01,2.506216764450073242e-01,-7.756295800209045410e-01,2.289262227714061737e-02,7.215989232063293457e-01,1.269246172159910202e-02,-8.644493222236633301e-01,9.132216125726699829e-02,7.549952864646911621e-01,-8.248712420463562012e-01,-4.158114083111286163e-03,7.351866364479064941e-01,8.805112913250923157e-03,6.194139719009399414e-01,7.596699595451354980e-01,-5.280053615570068359e-01,-2.196846902370452881e-02,-5.787791609764099121e-01,-6.105225682258605957e-01,1.511166542768478394e-01,3.386655151844024658e-01,6.266078948974609375e-01,-2.002249062061309814e-01,7.363670468330383301e-01,-8.150745183229446411e-02,-6.720917820930480957e-01,2.462105185259133577e-04,6.393822431564331055e-01,-3.374291062355041504e-01,3.596399426460266113e-01,-1.261173635721206665e-01,8.386471271514892578e-01,6.674712300300598145e-01,-8.454841375350952148e-01,-3.090255558490753174e-01,6.936512589454650879e-01,7.377744317054748535e-01,1.908721476793289185e-01,4.549658298492431641e-02,-6.224937438964843750e-01,6.821672916412353516e-01,7.607987523078918457e-01,2.808940596878528595e-03,-7.923615574836730957e-01,7.473881244659423828e-01,-4.297108650207519531e-01,-3.176364302635192871e-01,7.801964282989501953e-01,-3.849366903305053711e-01,-5.023365020751953125e-01,-6.919723153114318848e-01,-7.492734789848327637e-01,4.898331165313720703e-01,6.218993067741394043e-01,6.889746189117431641e-01,-1.691590150585398078e-04,-5.051808953285217285e-01
-4.406876116991043091e-02,8.242534101009368896e-02,-6.684634685516357422e-01,6.512722969055175781e-01,3.040054142475128174e-01,2.534042596817016602e-01,1.257962882518768311e-01,-1.352571044117212296e-02,1.315485835075378418e-01,3.666555881500244141e-01,-5.790280550718307495e-02,-2.442321628332138062e-01,3.807371556758880615e-01,5.867589712142944336e-01,5.902105569839477539e-01,5.102518200874328613e-01,-9.117079898715019226e-03,3.350603580474853516e-01,-6.040384173393249512e-01,-4.641317427158355713e-01,-4.184698462486267090e-01,5.231837034225463867e-01,5.531293749809265137e-01,1.358087509870529175e-01,6.211773678660392761e-02,4.284064173698425293e-01,-5.489822626113891602e-01,-5.402201041579246521e-02,5.410369634628295898e-01,-1.587225645780563354e-01,3.532481789588928223e-01,-6.676067709922790527e-01,5.775174498558044434e-01,5.058808922767639160e-01,-1.214173063635826111e-02,-5.671774148941040039e-01,2.975947558879852295e-01,4.804016053676605225e-01,-2.685628533363342285e-01,-4.533174037933349609e-01,4.574493765830993652e-01,1.379076689481735229e-01,5.670230388641357422e-01,1.513440459966659546e-01,-1.035600826144218445e-01,-4.361353218555450439e-01,-6.535851359367370605e-01,-2.031742334365844727e-01,-1.283221840858459473e-01,8.881601504981517792e-03,2.088760584592819214e-01,-2.677163481712341309e-01,3.708538413047790527e-02,2.510451152920722961e-02,9.132716059684753418e-02,-6.084617376327514648e-01,2.435087412595748901e-01,4.133631289005279541e-02,-3.832695186138153076e-01,-4.530116319656372070e-01,-1.933290623128414154e-02,1.178753152489662170e-01,2.612190134823322296e-02,2.612960934638977051e-01,-6.451721768826246262e-03,-1.498920619487762451e-01,2.790977060794830322e-01,4.938640594482421875e-01,-5.358857512474060059e-01,3.534414619207382202e-02,-4.335799217224121094e-01,-1.683068275451660156e-01,-2.499673366546630859e-01,6.168133020401000977e-01,-2.642769366502761841e-02,-5.517809391021728516e-01,-6.556638982146978378e-03,6.617061495780944824e-01,-2.257545888423919678e-01,-5.646555423736572266e-01,7.152082920074462891e-01,3.011185675859451294e-03,-5.093024373054504395e-01,-5.521941930055618286e-03,-4.284019172191619873e-01,-5.570565462112426758e-01,2.759770750999450684e-01,1.272051502019166946e-02,3.731205463409423828e-01,4.141594171524047852e-01,-9.796317666769027710e-02,-3.666734397411346436e-01,-5.565425753593444824e-01,2.324122339487075806e-01,-5.992141366004943848e-01,1.134459450840950012e-01,4.827892184257507324e-01,-1.657518441788852215e-04,-3.860870897769927979e-01,1.898479312658309937e-01,-1.972234696149826050e-01,-9.238409996032714844e-02,-7.094871401786804199e-01,-4.584082067012786865e-01,6.867495179176330566e-01,3.511005640029907227e-01,-6.953946948051452637e-01,-5.563799738883972168e-01,-4.161141067743301392e-02,-3.481943160295486450e-02,5.721895098686218262e-01,-6.139010787010192871e-01,-6.101410984992980957e-01,7.161485403776168823e-02,5.846227407455444336e-01,-5.526979565620422363e-01,1.894300878047943115e-01,2.248037159442901611e-01,-5.970658659934997559e-01,3.305509686470031738e-01,3.792146146297454834e-01,5.573796629905700684e-01,5.768495202064514160e-01,-3.895629942417144775e-01,-4.314701557159423828e-01,-5.485552549362182617e-01,-1.111514866352081299e-02,3.800216317176818848e-01
1.730210781097412109e-01,7.072827219963073730e-02,-5.226314067840576172e-01,3.040054142475128174e-01,4.674730002880096436e-01,1.894513703882694244e-02,1.070027276873588562e-01,3.149842023849487305e-01,1.124711185693740845e-01,2.969967424869537354e-01,5.139333661645650864e-04,-2.169479876756668091e-01,4.036833941936492920e-01,3.438120186328887939e-01,5.358630418777465820e-01,6.282184720039367676e-01,-1.134380791336297989e-02,2.371601313352584839e-01,-3.312072455883026123e-01,-3.322612643241882324e-01,-1.276578158140182495e-01,3.622254431247711182e-01,3.156266510486602783e-01,1.334250569343566895e-01,4.599424079060554504e-02,5.521858930587768555e-01,-5.389512181282043457e-01,-3.989449441432952881e-01,5.480648875236511230e-01,-3.199461698532104492e-01,2.610900700092315674e-01,-4.864780306816101074e-01,2.757022380828857422e-01,4.035139679908752441e-01,-3.340616077184677124e-02,-5.580446720123291016e-01,2.410755902528762817e-01,4.182129204273223877e-01,-5.898934006690979004e-01,-3.628147840499877930e-01,4.751011729240417480e-01,1.048312187194824219e-01,4.901885688304901123e-01,1.313060969114303589e-01,1.736614853143692017e-02,-4.345795512199401855e-01,-5.395800471305847168e-01,-1.826003789901733398e-01,-8.213191479444503784e-02,1.723471097648143768e-02,8.291330933570861816e-02,-3.354793488979339600e-01,3.944476693868637085e-02,3.748516738414764404e-02,-1.402320116758346558e-01,-6.684544086456298828e-01,1.866091042757034302e-01,3.746886923909187317e-02,-2.558268308639526367e-01,-3.108409643173217773e-01,5.371866002678871155e-02,-5.041541531682014465e-02,1.438550930470228195e-02,2.759152054786682129e-01,-3.657882660627365112e-02,-1.171583160758018494e-01,1.665233522653579712e-01,5.945181846618652344e-01,-5.025281906127929688e-01,2.990133762359619141e-01,-4.888563156127929688e-01,-2.632773518562316895e-01,-4.499568045139312744e-02,4.980607330799102783e-01,-5.574210733175277710e-02,-5.160387158393859863e-01,-9.261593222618103027e-03,6.284968852996826172e-01,1.652514189481735229e-02,-4.722077846527099609e-01,5.106149911880493164e-01,2.382625592872500420e-03,-5.639239549636840820e-01,-6.839628331363201141e-03,-5.432057380676269531e-01,-5.198817849159240723e-01,4.377104341983795166e-01,1.589388214051723480e-02,3.125470578670501709e-01,3.889228701591491699e-01,-1.726060658693313599e-01,-6.613849848508834839e-02,-2.492297887802124023e-01,1.783290319144725800e-02,-4.401371181011199951e-01,-7.381470501422882080e-02,5.110567212104797363e-01,-1.676513493293896317e-04,-4.948013722896575928e-01,3.100713789463043213e-01,-2.723586857318878174e-01,2.541233599185943604e-01,-5.352724194526672363e-01,-4.211094975471496582e-01,5.432230234146118164e-01,1.547974050045013428e-01,-2.963679730892181396e-01,-4.840922057628631592e-01,-2.780431509017944336e-01,-1.782477833330631256e-02,2.736199796199798584e-01,-2.727024853229522705e-01,-4.556685090065002441e-01,-1.393866240978240967e-01,6.508848071098327637e-01,-4.771337211132049561e-01,4.626108407974243164e-01,1.569605320692062378e-01,-6.058831214904785156e-01,1.777078062295913696e-01,2.889482975006103516e-01,3.943951427936553955e-01,5.106857419013977051e-01,-2.385336905717849731e-01,-3.563003540039062500e-01,-3.431172668933868408e-01,-1.568164676427841187e-02,2.811211645603179932e-01
-1.423252820968627930e-01,2.142205834388732910e-02,-2.301428765058517456e-01,2.534042596817016602e-01,1.894513703882694244e-02,2.386236488819122314e-01,8.311932906508445740e-03,-8.506730198860168457e-02,-5.564743652939796448e-02,7.157585024833679199e-02,5.345601588487625122e-02,-7.002022862434387207e-02,1.053237393498420715e-01,2.414432317018508911e-01,1.884244233369827271e-01,1.166221946477890015e-01,-3.145471913740038872e-03,7.502179592847824097e-02,-1.784843802452087402e-01,-1.725714355707168579e-01,-5.822415649890899658e-02,2.164075523614883423e-01,2.393038272857666016e-01,8.516407571732997894e-03,1.239126641303300858e-02,4.113594815135002136e-02,-2.040481567382812500e-01,6.615602970123291016e-02,2.100428789854049683e-01,-3.270620480179786682e-02,1.451387852430343628e-01,-2.117515504360198975e-01,1.376144140958786011e-01,2.212212830781936646e-01,-5.305444821715354919e-03,-1.858429908752441406e-01,8.212997019290924072e-02,1.182670071721076965e-01,-6.423484534025192261e-03,-1.139115467667579651e-01,-1.015107147395610809e-03,1.150274835526943207e-02,2.164808064699172974e-01,4.884501919150352478e-02,7.907133549451828003e-02,-1.953248530626296997e-01,-1.893162727355957031e-01,-3.593957051634788513e-02,-1.011601462960243225e-01,-7.993467897176742554e-02,1.250373870134353638e-01,-1.373619139194488525e-01,-7.018904387950897217e-02,-6.400895304977893829e-03,3.098764643073081970e-02,-1.829145401716232300e-01,7.821810990571975708e-02,1.348540466278791428e-02,-7.638289034366607666e-02,-1.310406774282455444e-01,2.458785288035869598e-02,4.729353263974189758e-02,8.133130148053169250e-03,-7.632362842559814453e-02,-3.304181993007659912e-02,-3.333768993616104126e-02,1.475688368082046509e-01,1.023298427462577820e-01,-1.292023807764053345e-01,-4.899342358112335205e-02,-6.831040233373641968e-02,-2.042354345321655273e-01,-7.960160076618194580e-02,1.778121441602706909e-01,9.549427777528762817e-02,-1.126572340726852417e-01,-1.117437845095992088e-03,2.116020768880844116e-01,-2.762128785252571106e-02,-1.666965782642364502e-01,2.150305807590484619e-01,1.042949501425027847e-03,-1.239492595195770264e-01,-2.608721377328038216e-03,-2.792858518660068512e-03,-1.742793768644332886e-01,1.980231702327728271e-02,3.346108365803956985e-03,9.599433094263076782e-02,9.869979321956634521e-02,3.231416270136833191e-02,-1.226188465952873230e-01,-1.820005029439926147e-01,1.220967769622802734e-01,-1.260439008474349976e-01,9.586152434349060059e-02,1.273867189884185791e-01,-2.866739305318333209e-05,-1.073262840509414673e-01,-8.370865881443023682e-02,-5.596216022968292236e-02,-1.551704406738281250e-01,-2.163835465908050537e-01,-1.123317405581474304e-01,1.817328482866287231e-01,1.064388900995254517e-01,-2.196055203676223755e-01,-1.880178600549697876e-01,1.368783265352249146e-01,-9.542458690702915192e-03,2.211424410343170166e-01,-2.501822113990783691e-01,-2.011943608522415161e-01,8.890645205974578857e-02,1.587958335876464844e-01,-1.174798458814620972e-01,2.192551735788583755e-03,9.379216283559799194e-02,-1.276576370000839233e-01,1.001080796122550964e-01,1.312444508075714111e-01,1.345551460981369019e-01,1.309481263160705566e-01,-1.332699656486511230e-01,-1.990269869565963745e-01,-1.662862747907638550e-01,5.207666661590337753e-03,1.012854129076004028e-01
1.460496485233306885e-01,1.302144769579172134e-02,-1.637685447931289673e-01,1.257962882518768311e-01,1.070027276873588562e-01,8.311932906508445740e-03,1.344210654497146606e-01,1.448144316673278809e-01,3.739329800009727478e-02,1.262717992067337036e-01,-9.916566312313079834e-02,-6.179426237940788269e-02,3.005002625286579132e-02,1.113129630684852600e-01,1.482197195291519165e-01,1.270089149475097656e-01,-2.630089409649372101e-03,3.328338265419006348e-02,-1.430960148572921753e-01,-1.197075247764587402e-01,-1.418630182743072510e-01,6.941882520914077759e-02,9.863542020320892334e-02,5.191533640027046204e-02,1.880786940455436707e-02,9.848396480083465576e-02,-8.097016811370849609e-02,-4.475698247551918030e-02,1.439357101917266846e-01,-1.163135766983032227e-01,4.250540956854820251e-02,-1.344067901372909546e-01,1.463589668273925781e-01,1.506651937961578369e-01,-7.670274935662746429e-03,-9.594926238059997559e-02,5.650951340794563293e-02,1.267823129892349243e-01,-1.412066966295242310e-01,-2.143924236297607422e-01,1.710678637027740479e-01,6.640908867120742798e-02,6.132801994681358337e-02,4.128957912325859070e-02,-9.115353971719741821e-02,-6.376652419567108154e-02,-1.875984221696853638e-01,-6.882147490978240967e-02,2.492392249405384064e-02,-4.682379588484764099e-02,-9.730057790875434875e-03,-8.663158118724822998e-02,1.076966524124145508e-01,7.355801295489072800e-03,-4.839702509343624115e-03,-1.823360919952392578e-01,6.436004489660263062e-02,1.009343378245830536e-02,-7.398644834756851196e-02,-9.612297266721725464e-02,-4.672613739967346191e-02,1.485382765531539917e-02,5.268851760774850845e-03,1.959306001663208008e-01,-2.848716976586729288e-04,-2.956620417535305023e-02,-7.703192532062530518e-02,1.408627331256866455e-01,-1.541960686445236206e-01,5.141334980726242065e-02,-1.956666707992553711e-01,-1.335490681231021881e-02,-2.663596905767917633e-02,1.639882773160934448e-01,-5.134014412760734558e-02,-1.814047247171401978e-01,-9.525580098852515221e-04,1.868731826543807983e-01,-9.830772131681442261e-02,-1.251314580440521240e-01,2.044550627470016479e-01,6.536291912198066711e-04,-1.755199283361434937e-01,-2.818219829350709915e-03,-1.775087565183639526e-01,-9.506302326917648315e-02,2.101916223764419556e-01,2.401811536401510239e-03,1.786639727652072906e-02,1.291355341672897339e-01,-9.316089749336242676e-02,-2.554647438228130341e-02,-6.867373734712600708e-02,-3.618243336677551270e-02,-1.808019727468490601e-01,-7.234995812177658081e-02,1.482214182615280151e-01,-7.129924779292196035e-05,-8.777100592851638794e-02,1.459501534700393677e-01,-1.257387101650238037e-01,1.182360723614692688e-01,-1.501643210649490356e-01,-1.181581765413284302e-01,1.991825550794601440e-01,2.211156934499740601e-01,-1.365964859724044800e-01,-4.677166789770126343e-02,-1.399005502462387085e-01,-5.501682870090007782e-03,5.747776105999946594e-02,-1.551094204187393188e-01,-9.795758128166198730e-02,6.878281384706497192e-02,1.743717193603515625e-01,-1.824492663145065308e-01,9.566326439380645752e-02,5.598817393183708191e-02,-2.368339598178863525e-01,5.965788662433624268e-02,3.001271001994609833e-02,1.711284667253494263e-01,1.756953448057174683e-01,7.359287701547145844e-03,-9.279621392488479614e-02,-1.274290531873703003e-01,2.809796947985887527e-03,1.325746476650238037e-01
4.064080417156219482e-01,1.063425187021493912e-02,-1.258205324411392212e-01,-1.352571044117212296e-02,3.149842023849487305e-01,-8.506730198860168457e-02,1.448144316673278809e-01,5.691566467285156250e-01,-3.752558492124080658e-03,1.159040480852127075e-01,-5.525990575551986694e-02,-1.107595041394233704e-01,3.217137604951858521e-02,7.244496047496795654e-02,2.423872798681259155e-01,3.039240539073944092e-01,-5.144848488271236420e-03,-1.470749266445636749e-02,4.466747120022773743e-02,-9.198455512523651123e-02,9.140469133853912354e-02,7.955497503280639648e-02,-8.019975386559963226e-03,6.512095779180526733e-02,1.461292896419763565e-02,1.954770237207412720e-01,-1.178679317235946655e-01,-3.618673682212829590e-01,2.334452718496322632e-01,-2.834660112857818604e-01,-9.513262659311294556e-03,-4.763690009713172913e-02,-9.029367566108703613e-02,1.896697878837585449e-01,-3.782119601964950562e-02,-1.842382848262786865e-01,4.872260242700576782e-02,1.501993089914321899e-01,-4.970456957817077637e-01,-3.424447178840637207e-01,2.390867471694946289e-01,7.969350367784500122e-02,4.668948426842689514e-02,6.068202853202819824e-02,9.413731098175048828e-02,-9.724454581737518311e-02,-2.059095799922943115e-01,-1.301052868366241455e-01,1.489171013236045837e-02,-1.017890423536300659e-01,-1.023367270827293396e-01,-2.830682098865509033e-01,1.669362783432006836e-01,-5.004575848579406738e-02,-2.102696895599365234e-01,-3.417542874813079834e-01,1.202342808246612549e-01,1.700433157384395599e-02,5.878543481230735779e-02,-7.034604996442794800e-02,-9.780471213161945343e-03,-1.259417831897735596e-01,1.635926077142357826e-03,1.680230051279067993e-01,-2.668586000800132751e-02,-1.427766308188438416e-02,-1.766082495450973511e-01,2.990413904190063477e-01,-2.113315612077713013e-01,2.962637841701507568e-01,-3.491420149803161621e-01,-1.656711250543594360e-01,1.177641004323959351e-01,1.931010037660598755e-01,-5.023662745952606201e-02,-2.412658035755157471e-01,-3.032655222341418266e-03,2.320717126131057739e-01,1.685085007920861244e-03,-1.314501613378524780e-01,1.402697712182998657e-01,8.463411359116435051e-04,-3.143584132194519043e-01,-5.713718943297863007e-03,-3.657810688018798828e-01,-1.183214336633682251e-01,3.837243616580963135e-01,7.393191568553447723e-03,-4.453459009528160095e-02,2.014791220426559448e-01,-1.976577639579772949e-01,2.148192226886749268e-01,1.473399996757507324e-01,-1.954221874475479126e-01,-1.218938082456588745e-01,-2.714565694332122803e-01,2.851517796516418457e-01,-1.119801454478874803e-04,-2.718147933483123779e-01,2.817906141281127930e-01,-2.841448485851287842e-01,4.003254771232604980e-01,-9.571725875139236450e-02,-1.707041859626770020e-01,9.633769094944000244e-02,2.177720665931701660e-01,1.534480601549148560e-01,-4.597176611423492432e-02,-3.438304960727691650e-01,1.049024332314729691e-02,-7.348363101482391357e-02,4.143319278955459595e-02,-7.052791118621826172e-02,-5.818112567067146301e-02,3.280679583549499512e-01,-1.646377593278884888e-01,4.257425367832183838e-01,3.518052399158477783e-02,-3.632069528102874756e-01,-1.766780763864517212e-02,-2.028017491102218628e-02,1.381921917200088501e-01,1.965007483959197998e-01,1.417858898639678955e-01,-1.509808897972106934e-01,-2.405703254044055939e-02,-5.030107218772172928e-03,1.093121320009231567e-01
9.886983782052993774e-02,2.921337261795997620e-02,-2.045101672410964966e-01,1.315485835075378418e-01,1.124711185693740845e-01,-5.564743652939796448e-02,3.739329800009727478e-02,-3.752558492124080658e-03,2.053743004798889160e-01,1.632183492183685303e-01,-5.535695701837539673e-02,-8.839951455593109131e-02,1.337588578462600708e-01,1.867074668407440186e-01,1.949782520532608032e-01,2.182102501392364502e-01,-2.144142985343933105e-03,6.923720985651016235e-02,-2.085902839899063110e-01,-1.438868790864944458e-01,-2.916067838668823242e-01,1.456969231367111206e-01,1.190450042486190796e-01,3.245621174573898315e-02,3.128683194518089294e-02,2.471981197595596313e-01,-1.747676879167556763e-01,-5.373486503958702087e-02,1.261889487504959106e-01,-4.596636071801185608e-02,6.811085343360900879e-02,-2.927406430244445801e-01,2.382235974073410034e-01,1.372142136096954346e-01,-4.081389633938670158e-04,-2.123789191246032715e-01,1.081929355859756470e-01,1.775168627500534058e-01,-9.684361517429351807e-02,-1.673034131526947021e-01,2.676064074039459229e-01,6.630663573741912842e-02,1.336170583963394165e-01,4.310618340969085693e-02,-1.565839350223541260e-01,-1.149840280413627625e-01,-2.066041976213455200e-01,-7.135084271430969238e-02,2.886652573943138123e-02,-1.829630509018898010e-02,-8.902949630282819271e-04,2.032555826008319855e-02,1.036736518144607544e-01,-5.950202234089374542e-03,5.829832702875137329e-02,-2.056805044412612915e-01,7.166954874992370605e-02,1.221902761608362198e-02,-1.166854873299598694e-01,-1.400576829910278320e-01,-5.038494616746902466e-02,6.123146042227745056e-02,8.837522007524967194e-03,2.380882352590560913e-01,3.918241336941719055e-02,-5.926025658845901489e-02,-1.314794411882758141e-03,1.835960298776626587e-01,-2.487591058015823364e-01,1.108235307037830353e-02,-1.656949669122695923e-01,7.985102385282516479e-02,-1.306291818618774414e-01,2.334080636501312256e-01,-8.303498476743698120e-02,-2.031567990779876709e-01,-2.797769615426659584e-03,2.393393367528915405e-01,-8.911252021789550781e-02,-2.308086007833480835e-01,2.750336229801177979e-01,9.771249024197459221e-04,-1.716776937246322632e-01,4.799682355951517820e-04,-2.153261601924896240e-01,-1.666711270809173584e-01,1.327742636203765869e-01,4.007910378277301788e-03,1.976123750209808350e-01,1.620050370693206787e-01,-4.376801103353500366e-02,-1.271148771047592163e-01,-1.888764202594757080e-01,5.582351982593536377e-02,-2.597573101520538330e-01,1.076800050213932991e-03,1.152425110340118408e-01,-7.017565076239407063e-05,-1.461165696382522583e-01,1.580088734626770020e-01,-7.726062089204788208e-02,9.854819625616073608e-02,-2.790091037750244141e-01,-1.693559437990188599e-01,2.828010022640228271e-01,7.094971090555191040e-02,-2.516723275184631348e-01,-1.668973416090011597e-01,-1.122839525341987610e-01,-1.816560328006744385e-02,2.458676248788833618e-01,-1.837524622678756714e-01,-1.986031085252761841e-01,1.766731590032577515e-02,1.582859605550765991e-01,-2.550191283226013184e-01,8.793649822473526001e-02,4.236152023077011108e-02,-2.413296550512313843e-01,1.203577816486358643e-01,5.441583693027496338e-02,2.436303198337554932e-01,2.275110483169555664e-01,-1.012987494468688965e-01,-1.209222003817558289e-01,-2.253750860691070557e-01,1.147800590842962265e-02,1.188959777355194092e-01
9.712351113557815552e-02,6.167851388454437256e-02,-5.088630318641662598e-01,3.666555881500244141e-01,2.969967424869537354e-01,7.157585024833679199e-02,1.262717992067337036e-01,1.159040480852127075e-01,1.632183492183685303e-01,3.086464703083038330e-01,-5.162179097533226013e-02,-1.924710124731063843e-01,3.245708644390106201e-01,3.877763748168945312e-01,4.635848701000213623e-01,4.842297434806823730e-01,-8.615561760962009430e-03,1.916009634733200073e-01,-4.218262135982513428e-01,-3.443065881729125977e-01,-3.139496445655822754e-01,3.461860418319702148e-01,3.552768528461456299e-01,9.116857498884201050e-02,5.157426372170448303e-02,4.484127759933471680e-01,-4.495823681354522705e-01,-1.674614697694778442e-01,4.616489410400390625e-01,-2.158926725387573242e-01,2.398924231529235840e-01,-5.264455080032348633e-01,3.961307704448699951e-01,4.063528776168823242e-01,-1.756962388753890991e-02,-4.729623496532440186e-01,2.280900031328201294e-01,3.888516128063201904e-01,-3.521121740341186523e-01,-3.462306857109069824e-01,4.264528155326843262e-01,1.075839027762413025e-01,4.052906930446624756e-01,1.168262436985969543e-01,-1.088687404990196228e-01,-3.738450706005096436e-01,-5.069099068641662598e-01,-1.484087109565734863e-01,-4.227044060826301575e-02,-6.423298269510269165e-02,9.264761954545974731e-02,-1.991780251264572144e-01,7.176361232995986938e-02,2.514140494167804718e-02,-5.943538155406713486e-03,-5.426679253578186035e-01,1.712119430303573608e-01,3.290345147252082825e-02,-2.549027204513549805e-01,-3.081032037734985352e-01,-1.158214639872312546e-02,4.762518778443336487e-02,1.618350856006145477e-02,3.220093548297882080e-01,-6.340718828141689301e-03,-1.151480227708816528e-01,1.064620986580848694e-01,4.471557736396789551e-01,-4.789143502712249756e-01,1.129380911588668823e-01,-4.083969593048095703e-01,-1.538917273283004761e-01,-1.483005732297897339e-01,4.875371158123016357e-01,-5.260723456740379333e-02,-4.488213360309600830e-01,-6.681631319224834442e-03,5.780348777770996094e-01,-8.859210461378097534e-02,-4.588018953800201416e-01,5.567656755447387695e-01,2.272644778713583946e-03,-4.543493986129760742e-01,-4.502198193222284317e-03,-4.096474349498748779e-01,-4.365252256393432617e-01,3.534636795520782471e-01,1.154314912855625153e-02,3.117513656616210938e-01,3.533829450607299805e-01,-1.115542799234390259e-01,-1.779336929321289062e-01,-3.405749797821044922e-01,7.670119404792785645e-02,-4.772929847240447998e-01,4.648515954613685608e-03,3.820308744907379150e-01,-1.512557064415886998e-04,-3.598448932170867920e-01,2.475432306528091431e-01,-2.263495624065399170e-01,1.423636674880981445e-01,-5.458803176879882812e-01,-3.749991357326507568e-01,5.807281136512756348e-01,2.227227687835693359e-01,-4.416721463203430176e-01,-4.103259742259979248e-01,-1.720768511295318604e-01,-2.625373750925064087e-02,3.670560717582702637e-01,-4.060017466545104980e-01,-4.378032088279724121e-01,2.537684328854084015e-02,4.994705319404602051e-01,-4.879585504531860352e-01,2.534730732440948486e-01,1.673292070627212524e-01,-5.378850102424621582e-01,2.146300226449966431e-01,2.327831834554672241e-01,4.348835647106170654e-01,4.717270135879516602e-01,-2.267366051673889160e-01,-3.347845375537872314e-01,-4.087516069412231445e-01,5.581427831202745438e-03,2.927204668521881104e-01
-1.438892781734466553e-01,5.149290431290864944e-03,4.498016554862260818e-03,-5.790280550718307495e-02,5.139333661645650864e-04,5.345601588487625122e-02,-9.916566312313079834e-02,-5.525990575551986694e-02,-5.535695701837539673e-02,-5.162179097533226013e-02,1.570132523775100708e-01,-2.849386364687234163e-04,1.094912961125373840e-01,-6.469368934631347656e-03,1.834685215726494789e-03,5.955618247389793396e-02,-1.948312157765030861e-03,-3.923182375729084015e-03,6.650421768426895142e-02,1.946003409102559090e-03,1.792186796665191650e-01,4.817802086472511292e-02,2.174667641520500183e-02,-4.878192767500877380e-02,-8.212503977119922638e-03,5.607760697603225708e-02,-1.082872152328491211e-01,-7.272215187549591064e-02,7.218810170888900757e-02,-9.497649967670440674e-03,6.468601524829864502e-02,2.136593218892812729e-03,-1.179952174425125122e-01,2.422252297401428223e-02,-7.887348532676696777e-03,-8.465509861707687378e-02,1.363837439566850662e-02,-7.429962977766990662e-03,-4.890259727835655212e-02,1.495197862386703491e-01,-1.077144443988800049e-01,-6.388480961322784424e-02,1.015753820538520813e-01,9.956761496141552925e-04,1.684250384569168091e-01,-1.384803056716918945e-01,4.544179141521453857e-02,4.394745454192161560e-02,-6.879277527332305908e-02,-4.620007425546646118e-02,6.130093708634376526e-02,-5.160780251026153564e-02,-1.539164781570434570e-01,9.087150916457176208e-03,-7.717657834291458130e-02,-2.674545347690582275e-02,-1.568189635872840881e-02,2.755791414529085159e-03,3.497981280088424683e-02,2.383598126471042633e-02,9.289743751287460327e-02,-4.457997530698776245e-02,-3.151784883812069893e-03,-1.744023263454437256e-01,-3.682343661785125732e-02,5.753738223575055599e-04,1.291270554065704346e-01,2.107490040361881256e-02,-4.115836054552346468e-04,3.024725802242755890e-02,6.326284259557723999e-02,-2.034651488065719604e-01,3.214779496192932129e-02,-2.754247002303600311e-02,1.013983711600303650e-01,6.828196346759796143e-02,-2.242534421384334564e-03,1.823773607611656189e-02,1.827313750982284546e-01,-1.463255845010280609e-02,-8.046861737966537476e-02,1.421182678313925862e-04,7.795611862093210220e-03,-2.795350155793130398e-04,8.400548994541168213e-02,-6.578949838876724243e-02,-5.907030403614044189e-02,3.093428444117307663e-03,8.008055388927459717e-02,-1.104978378862142563e-02,7.718437165021896362e-02,4.752160981297492981e-02,1.709884591400623322e-02,3.041186928749084473e-02,8.791656047105789185e-02,6.276867538690567017e-02,-1.585469581186771393e-02,2.573418714746367186e-05,-7.522706687450408936e-02,-1.099853068590164185e-01,1.027254480868577957e-02,-3.874696418642997742e-02,1.513991318643093109e-02,-3.312016371637582779e-03,-4.731729626655578613e-02,-2.141024470329284668e-01,1.100535690784454346e-01,-1.010526567697525024e-01,1.050868481397628784e-01,1.116444705985486507e-03,1.740953302942216396e-03,6.290746480226516724e-02,-2.408712357282638550e-02,-7.084015756845474243e-02,1.307879108935594559e-02,5.876901373267173767e-02,4.750989004969596863e-02,1.574690826237201691e-02,8.155588805675506592e-02,-2.799277566373348236e-02,5.663063004612922668e-02,-8.350798487663269043e-02,-5.299481377005577087e-02,-6.161362677812576294e-02,-6.196152418851852417e-02,3.712615743279457092e-02,6.343016400933265686e-03,-5.111194029450416565e-02
-6.553004682064056396e-02,-4.174828529357910156e-02,3.412572145462036133e-01,-2.442321628332138062e-01,-2.169479876756668091e-01,-7.002022862434387207e-02,-6.179426237940788269e-02,-1.107595041394233704e-01,-8.839951455593109131e-02,-1.924710124731063843e-01,-2.849386364687234163e-04,1.398937702178955078e-01,-2.223235666751861572e-01,-2.822478115558624268e-01,-3.342076539993286133e-01,-3.510589599609375000e-01,5.887425970286130905e-03,-1.257110089063644409e-01,2.502661943435668945e-01,2.325609773397445679e-01,1.594501584768295288e-01,-2.609574198722839355e-01,-2.411945015192031860e-01,-5.494724586606025696e-02,-3.242783620953559875e-02,-2.994342446327209473e-01,3.228621184825897217e-01,1.456007063388824463e-01,-3.270011246204376221e-01,1.493600010871887207e-01,-1.638887822628021240e-01,3.493443727493286133e-01,-2.191557437181472778e-01,-2.858871519565582275e-01,1.656856574118137360e-02,3.470565974712371826e-01,-1.534017175436019897e-01,-2.588936984539031982e-01,2.681767046451568604e-01,2.446249872446060181e-01,-2.645683884620666504e-01,-6.599012762308120728e-02,-2.908028066158294678e-01,-8.195739239454269409e-02,8.373211137950420380e-03,2.702072858810424805e-01,3.402324318885803223e-01,1.061896905303001404e-01,5.341840907931327820e-02,5.737267807126045227e-02,-6.543919444084167480e-02,1.739226281642913818e-01,-3.324686735868453979e-02,5.145675095263868570e-05,2.997177653014659882e-02,3.878910541534423828e-01,-1.294093281030654907e-01,-2.357142977416515350e-02,1.410071700811386108e-01,2.072075456380844116e-01,-7.070125080645084381e-03,-1.449749153107404709e-02,-1.094287261366844177e-02,-1.554533988237380981e-01,1.121894549578428268e-02,7.376435399055480957e-02,-9.071707725524902344e-02,-3.160656392574310303e-01,3.234359920024871826e-01,-9.747827053070068359e-02,2.720287144184112549e-01,1.546537727117538452e-01,8.705522119998931885e-02,-3.336774408817291260e-01,9.724241681396961212e-03,2.959423661231994629e-01,4.669280257076025009e-03,-3.927990198135375977e-01,3.735927864909172058e-02,3.157145380973815918e-01,-3.621881902217864990e-01,-1.620921655558049679e-03,3.128385841846466064e-01,3.361348761245608330e-03,2.772111296653747559e-01,3.044516146183013916e-01,-2.218898087739944458e-01,-8.554320782423019409e-03,-2.074747830629348755e-01,-2.407969981431961060e-01,6.883384287357330322e-02,9.752118587493896484e-02,2.092327177524566650e-01,-5.617274343967437744e-02,2.963589727878570557e-01,4.181916359812021255e-03,-2.691537141799926758e-01,9.951085667125880718e-05,2.739797532558441162e-01,-1.466581523418426514e-01,1.644252538681030273e-01,-8.910219371318817139e-02,3.681515455245971680e-01,2.548259198665618896e-01,-3.588007092475891113e-01,-1.295603215694427490e-01,2.579386830329895020e-01,2.942779064178466797e-01,9.766579419374465942e-02,1.532631274312734604e-02,-2.599467933177947998e-01,2.509441375732421875e-01,3.039550781250000000e-01,-1.059258705936372280e-03,-3.516443073749542236e-01,3.056626021862030029e-01,-2.125167250633239746e-01,-1.091671064496040344e-01,3.594349324703216553e-01,-1.380533576011657715e-01,-1.598021388053894043e-01,-2.796960771083831787e-01,-3.099706172943115234e-01,1.509469896554946899e-01,2.523925602436065674e-01,2.601185739040374756e-01,-3.100521862506866455e-03,-1.807713508605957031e-01
