5.485135316848754883e-01,-8.085329085588455200e-03,-4.770026728510856628e-02,4.407168552279472351e-02,1.732483804225921631e-01,-2.784505113959312439e-02,-5.245401524007320404e-03,3.578114211559295654e-01,7.072170078754425049e-02,2.044920623302459717e-02,-5.734613537788391113e-02,-3.274060785770416260e-02,6.765240430831909180e-02,5.919665694236755371e-01,2.567828595638275146e-01,7.618394494056701660e-02,-4.106692969799041748e-03,-1.405538525432348251e-02,1.691574454307556152e-01,-1.234983559697866440e-02,-3.078774213790893555e-01,1.092826761305332184e-02,1.139695197343826294e-01,-8.378048241138458252e-02,-1.942159421741962433e-02,-1.747674643993377686e-01,-3.885255381464958191e-02,-1.929793953895568848e-01,-6.433986872434616089e-02,-3.016657233238220215e-01,-1.332158595323562622e-01,-3.721904382109642029e-02,-1.518187858164310455e-02,8.152561634778976440e-02,-3.419259563088417053e-02,-1.096205785870552063e-01,-1.499156001955270767e-02,-6.081631407141685486e-03,-1.793130636215209961e-01,-3.847224414348602295e-01,2.929038554430007935e-02,1.209363266825675964e-01,-7.316909730434417725e-03,2.407227642834186554e-02,3.486911654472351074e-01,-2.883857190608978271e-01,-1.256836801767349243e-01,-9.124691784381866455e-02,-1.112135872244834900e-02,5.814834497869014740e-03,5.883188918232917786e-02,-9.971344470977783203e-02,4.133329167962074280e-02,-1.372458189725875854e-01,-2.525138854980468750e-02,-1.352196931838989258e-01,7.511482387781143188e-02,1.644466817378997803e-02,-6.734211742877960205e-02,-2.533745206892490387e-02,7.506573200225830078e-02,4.195213690400123596e-02,2.215357124805450439e-02,-2.442923001945018768e-02,-9.116847813129425049e-02,5.440260097384452820e-02,2.536135539412498474e-02,1.331097632646560669e-01,-5.089953169226646423e-02,6.178614124655723572e-02,-8.328166604042053223e-02,-3.696433305740356445e-01,1.152475550770759583e-02,5.311034992337226868e-02,-4.224991053342819214e-02,-6.568602472543716431e-02,-9.615703485906124115e-03,1.060681864619255066e-01,-2.188682854175567627e-01,-1.218314841389656067e-01,3.529686946421861649e-03,4.244063980877399445e-03,-2.026576250791549683e-01,-4.099897574633359909e-03,-1.244654431939125061e-01,-3.255750983953475952e-02,2.085710614919662476e-01,-6.532138679176568985e-03,1.758682355284690857e-02,-7.337303832173347473e-04,-6.387859582901000977e-03,-6.405914574861526489e-02,9.335082769393920898e-02,-9.927196055650711060e-02,7.802177965641021729e-02,-7.149466127157211304e-02,2.696568369865417480e-01,-4.694235976785421371e-04,-1.131262704730033875e-01,1.662917286157608032e-01,-3.120986372232437134e-02,5.277934297919273376e-02,-8.018976077437400818e-03,-2.583897905424237251e-03,-1.660189479589462280e-01,1.402834653854370117e-01,1.664167791604995728e-01,9.394476190209388733e-03,-6.858237832784652710e-02,2.349144406616687775e-02,2.816334068775177002e-01,5.332027375698089600e-02,1.131152641028165817e-02,-3.453028202056884766e-01,1.132192090153694153e-01,-2.941418252885341644e-02,3.400161564350128174e-01,-1.911481469869613647e-01,-3.373237252235412598e-01,-4.884280264377593994e-03,-1.102278977632522583e-01,1.442897021770477295e-01,9.205004572868347168e-02,4.099689051508903503e-02,3.796653822064399719e-02,-1.588137000799179077e-01,-2.700172364711761475e-02,7.233375310897827148e-02
-8.085329085588455200e-03,2.495939843356609344e-02,-1.336896419525146484e-01,4.384696856141090393e-02,6.675595045089721680e-02,-4.358012974262237549e-02,-2.591832727193832397e-02,2.507357858121395111e-02,6.847953773103654385e-04,1.229638326913118362e-02,4.724135622382164001e-02,-2.665212377905845642e-02,9.939289093017578125e-02,1.845638453960418701e-02,1.001764014363288879e-01,9.301379323005676270e-02,-1.293704845011234283e-03,1.198553666472434998e-01,-1.845528557896614075e-02,-5.274150520563125610e-02,3.946962952613830566e-02,1.173629015684127808e-01,6.990014016628265381e-02,4.271718859672546387e-02,7.071244996041059494e-03,1.459969133138656616e-01,-1.244932785630226135e-01,-1.032270714640617371e-01,9.848004579544067383e-02,-1.456730812788009644e-02,7.800272665917873383e-03,-1.057173982262611389e-01,7.799620926380157471e-02,5.367235466837882996e-02,5.911069456487894058e-03,-1.073226630687713623e-01,3.324108663946390152e-03,2.249997109174728394e-02,-7.378312945365905762e-02,-7.921901345252990723e-02,1.155820265412330627e-01,-1.636342704296112061e-02,1.392453312873840332e-01,1.273837778717279434e-02,-4.820640664547681808e-03,-8.530697226524353027e-02,-1.205848604440689087e-01,-2.021171897649765015e-02,-3.407586738467216492e-02,2.593126147985458374e-02,9.091082611121237278e-04,7.355268113315105438e-03,2.513455227017402649e-03,1.850127801299095154e-02,2.877954102586954832e-04,-9.925969690084457397e-02,2.048796042799949646e-02,1.189021393656730652e-02,-1.162672564387321472e-01,-4.454157873988151550e-02,3.000793978571891785e-02,-6.901679094880819321e-03,5.484132561832666397e-03,4.361460357904434204e-02,1.124704349786043167e-02,-2.282575145363807678e-02,6.901801377534866333e-02,1.364299654960632324e-01,-1.261981129646301270e-01,4.644196480512619019e-02,-6.717961281538009644e-02,-9.923790581524372101e-03,-1.782765239477157593e-02,9.501233696937561035e-02,-4.429411888122558594e-02,-1.064668595790863037e-01,-7.086486555635929108e-03,1.177920401096343994e-01,5.595060531049966812e-03,-8.801247924566268921e-02,9.941479563713073730e-02,2.807024633511900902e-03,-9.516851603984832764e-02,6.093362346291542053e-03,-8.299732208251953125e-02,-1.336869895458221436e-01,8.570373058319091797e-02,1.038883440196514130e-02,7.041433453559875488e-02,-1.177204074338078499e-03,-2.836650609970092773e-02,-2.862070128321647644e-02,-1.015658006072044373e-01,3.614753857254981995e-02,-6.914754211902618408e-02,1.271337084472179413e-02,9.485898166894912720e-02,-4.872711724601686001e-04,-7.484267652034759521e-02,4.818710684776306152e-02,1.296950876712799072e-02,3.867882490158081055e-02,-9.274643659591674805e-02,-9.654166176915168762e-03,1.277381330728530884e-01,-1.819999143481254578e-02,-4.743387922644615173e-02,-1.001239791512489319e-01,-2.587918005883693695e-02,-1.737058721482753754e-02,5.013898387551307678e-02,-1.189742935821413994e-03,-9.480299800634384155e-02,-4.220196977257728577e-02,1.389245092868804932e-01,-1.238358095288276672e-01,6.640116870403289795e-02,5.323211476206779480e-02,-1.034385859966278076e-01,1.659902185201644897e-02,1.012367308139801025e-01,1.008852049708366394e-01,9.977491945028305054e-02,-8.332502841949462891e-02,-9.309456497430801392e-02,-6.137112155556678772e-02,-2.188527025282382965e-03,6.544899940490722656e-02
-4.770026728510856628e-02,-1.336896419525146484e-01,8.237464427947998047e-01,-3.536548018455505371e-01,-3.833775222301483154e-01,2.181463837623596191e-01,9.397371858358383179e-02,-1.954663693904876709e-01,-4.346335772424936295e-03,-1.100153028964996338e-01,-3.022176027297973633e-01,2.050924450159072876e-01,-5.955660343170166016e-01,-2.723322510719299316e-01,-6.615015864372253418e-01,-5.924683809280395508e-01,-1.805681362748146057e-02,-6.884433031082153320e-01,1.105942577123641968e-01,3.879033625125885010e-01,-1.683329492807388306e-01,-7.548728585243225098e-01,-5.916440486907958984e-01,-7.795672118663787842e-02,-5.067323148250579834e-02,-7.802191972732543945e-01,7.582028508186340332e-01,5.398009419441223145e-01,-6.539476513862609863e-01,2.048044651746749878e-01,-2.307246811687946320e-02,7.239004969596862793e-01,-5.575914382934570312e-01,-4.359896779060363770e-01,-1.977918483316898346e-02,7.158451080322265625e-01,-2.020782046020030975e-02,-1.475088000297546387e-01,5.478597283363342285e-01,6.155890822410583496e-01,-7.090138792991638184e-01,6.839925795793533325e-02,-7.681686878204345703e-01,-9.256956726312637329e-02,-7.057255506515502930e-02,6.840946674346923828e-01,7.563360929489135742e-01,1.558641940355300903e-01,1.859619915485382080e-01,-4.631300270557403564e-02,-3.967965021729469299e-02,-4.107381403446197510e-02,-9.234149940311908722e-03,-5.390566587448120117e-02,-4.868426173925399780e-02,6.856453418731689453e-01,-1.661593019962310791e-01,-8.403548598289489746e-02,6.878526210784912109e-01,3.231576383113861084e-01,-1.154719069600105286e-01,-5.838639289140701294e-02,-4.735114797949790955e-02,-3.836913704872131348e-01,-4.897116497159004211e-02,1.386783868074417114e-01,-4.083265960216522217e-01,-7.894144058227539062e-01,7.647535204887390137e-01,-2.428144067525863647e-01,5.172996520996093750e-01,1.994533687829971313e-01,1.239115968346595764e-01,-6.874979734420776367e-01,2.811425328254699707e-01,6.284174323081970215e-01,4.409856721758842468e-02,-8.032742142677307129e-01,5.706820264458656311e-02,6.688477396965026855e-01,-7.098606824874877930e-01,-2.305446378886699677e-02,5.980889797210693359e-01,-3.271951898932456970e-02,6.224232912063598633e-01,7.301355600357055664e-01,-5.706018209457397461e-01,-6.001175567507743835e-02,-4.837611019611358643e-01,-2.871615625917911530e-02,1.753707528114318848e-01,2.336226105690002441e-01,6.477804780006408691e-01,-2.229796350002288818e-01,4.914399981498718262e-01,-1.322686579078435898e-02,-6.052656769752502441e-01,3.746023634448647499e-03,5.511892437934875488e-01,-4.354148805141448975e-01,-3.526219353079795837e-02,-3.409569561481475830e-01,6.698660254478454590e-01,6.522297114133834839e-02,-7.790175676345825195e-01,-5.096936225891113281e-02,4.044852852821350098e-01,6.561000347137451172e-01,1.517991572618484497e-01,1.190650463104248047e-01,-4.911120235919952393e-01,1.655401438474655151e-01,6.296825408935546875e-01,1.137848123908042908e-01,-7.810971140861511230e-01,7.312985658645629883e-01,-5.031026005744934082e-01,-3.991994261741638184e-01,7.470130324363708496e-01,-1.384996324777603149e-01,-6.928955912590026855e-01,-7.122975587844848633e-01,-6.880786418914794922e-01,4.891891479492187500e-01,6.741008758544921875e-01,5.701888799667358398e-01,-1.081237569451332092e-02,-4.725861251354217529e-01
4.407168552279472351e-02,4.384696856141090393e-02,-3.536548018455505371e-01,2.902493178844451904e-01,1.196916177868843079e-01,-8.378063328564167023e-03,-7.039812952280044556e-02,1.308743357658386230e-01,-2.170182764530181885e-02,4.033580049872398376e-02,4.417224228382110596e-02,-8.941053599119186401e-02,1.975659430027008057e-01,1.518974304199218750e-01,2.497387677431106567e-01,1.955973207950592041e-01,1.129113882780075073e-02,3.414823412895202637e-01,-6.419349461793899536e-02,-9.695892781019210815e-02,-6.463895738124847412e-02,3.313288390636444092e-01,2.387193143367767334e-01,-7.247122377157211304e-02,3.995461761951446533e-02,3.103583455085754395e-01,-2.772284150123596191e-01,-1.658641248941421509e-01,2.172872871160507202e-01,-4.700241237878799438e-02,-1.139605883508920670e-02,-3.584114909172058105e-01,3.079752624034881592e-01,1.126406937837600708e-01,1.622721180319786072e-02,-2.948432862758636475e-01,3.042837418615818024e-02,5.401021614670753479e-02,-1.499050408601760864e-01,-3.733170628547668457e-01,3.068579435348510742e-01,-4.506064113229513168e-03,3.202009201049804688e-01,3.461240977048873901e-02,4.196907952427864075e-02,-2.343779951333999634e-01,-2.710454165935516357e-01,-1.165009066462516785e-01,-8.680829405784606934e-02,6.097556650638580322e-02,2.802050113677978516e-02,2.825802937150001526e-02,8.733796328306198120e-02,-1.079321429133415222e-01,1.225552186369895935e-01,-2.701956927776336670e-01,6.400696188211441040e-02,2.732369303703308105e-02,-2.440280765295028687e-01,-1.644186228513717651e-01,-1.312680449336767197e-02,6.738181412220001221e-02,2.540042437613010406e-02,1.777548044919967651e-01,1.517311763018369675e-02,-6.011247634887695312e-02,1.450982242822647095e-01,3.651267290115356445e-01,-3.095088303089141846e-01,3.753943741321563721e-02,-2.313151359558105469e-01,2.104626782238483429e-02,-8.112967759370803833e-02,2.610051631927490234e-01,-1.279065161943435669e-01,-2.902227640151977539e-01,-6.969549227505922318e-03,3.298476934432983398e-01,-1.877631843090057373e-01,-3.289994299411773682e-01,4.309892952442169189e-01,9.385632351040840149e-03,-1.662043482065200806e-01,1.828229054808616638e-02,-3.281907141208648682e-01,-2.086539864540100098e-01,1.221360191702842712e-01,2.106656506657600403e-02,1.061951667070388794e-01,1.026918459683656693e-02,-4.073841869831085205e-02,-1.530878394842147827e-01,-3.655243515968322754e-01,1.335337460041046143e-01,-2.283313423395156860e-01,-2.814175002276897430e-02,2.216250151395797729e-01,-1.555233495309948921e-03,-1.594393402338027954e-01,2.373493015766143799e-01,3.959769383072853088e-02,7.740962505340576172e-02,-3.000065386295318604e-01,-2.378608845174312592e-02,3.812265396118164062e-01,1.405963748693466187e-01,-3.031094968318939209e-01,-2.884541451930999756e-01,3.176898881793022156e-02,-4.272675886750221252e-02,3.371353149414062500e-01,-1.203489452600479126e-01,-2.965064644813537598e-01,-3.889636695384979248e-02,3.368256688117980957e-01,-2.774245738983154297e-01,1.473078280687332153e-01,1.673563122749328613e-01,-3.682113885879516602e-01,8.590841293334960938e-02,2.485079318284988403e-01,2.741180360317230225e-01,2.846351563930511475e-01,-1.721441000699996948e-01,-2.469977587461471558e-01,-2.355584800243377686e-01,6.067011505365371704e-03,2.528755664825439453e-01
1.732483804225921631e-01,6.675595045089721680e-02,-3.833775222301483154e-01,1.196916177868843079e-01,2.836490273475646973e-01,-1.327947676181793213e-01,-5.326476320624351501e-02,2.065910696983337402e-01,1.669419184327125549e-02,4.076140001416206360e-02,1.060280278325080872e-01,-7.963494211435317993e-02,2.873984873294830322e-01,2.432500422000885010e-01,3.758420050144195557e-01,2.892172336578369141e-01,-1.060531474649906158e-02,3.137161731719970703e-01,9.447228163480758667e-03,-1.564081758260726929e-01,3.195389360189437866e-02,3.204016089439392090e-01,2.008510828018188477e-01,1.343047916889190674e-01,2.841743873432278633e-03,3.285288512706756592e-01,-3.582027852535247803e-01,-3.842624425888061523e-01,2.711250782012939453e-01,-1.879991292953491211e-01,-2.694075927138328552e-02,-2.631134688854217529e-01,1.902697384357452393e-01,1.617533266544342041e-01,4.856339190155267715e-03,-3.127167820930480957e-01,-2.047069137915968895e-03,6.090348213911056519e-02,-3.125932514667510986e-01,-3.404592275619506836e-01,3.378548920154571533e-01,4.501750692725181580e-03,3.793056905269622803e-01,4.571597278118133545e-02,1.132590770721435547e-01,-3.347267806529998779e-01,-4.037907719612121582e-01,-8.955732733011245728e-02,-9.005144983530044556e-02,9.730024635791778564e-02,1.783961057662963867e-02,-2.258347719907760620e-02,4.278918728232383728e-03,2.174102701246738434e-02,-2.983540482819080353e-02,-3.183470964431762695e-01,7.963021099567413330e-02,3.912293165922164917e-02,-3.675536215305328369e-01,-1.221035718917846680e-01,1.285775899887084961e-01,-2.151866443455219269e-02,2.168619446456432343e-02,1.247169449925422668e-01,1.196242123842239380e-02,-3.786045312881469727e-02,2.133937478065490723e-01,4.252389669418334961e-01,-3.408154547214508057e-01,1.888639032840728760e-01,-2.200726717710494995e-01,-1.840942651033401489e-01,-1.295567583292722702e-02,2.687123119831085205e-01,-1.402327567338943481e-01,-3.590534329414367676e-01,-2.592730335891246796e-02,3.577553033828735352e-01,-5.363810062408447266e-02,-2.607180178165435791e-01,2.570208311080932617e-01,8.316877298057079315e-03,-3.670285344123840332e-01,1.437783055007457733e-02,-2.766284942626953125e-01,-4.070203304290771484e-01,3.577484488487243652e-01,2.612818777561187744e-02,2.038519233465194702e-01,-7.890678010880947113e-03,-1.059405058622360229e-01,-8.702633529901504517e-02,-2.109606415033340454e-01,3.058053739368915558e-02,-1.477424800395965576e-01,3.130468726158142090e-02,4.047349989414215088e-01,-1.457171980291604996e-03,-2.368100434541702271e-01,1.932308971881866455e-01,2.249898947775363922e-02,1.432042717933654785e-01,-2.309249192476272583e-01,-2.919967286288738251e-02,2.812239527702331543e-01,2.097200369462370872e-03,-4.621214419603347778e-02,-2.638829052448272705e-01,-1.492929607629776001e-01,-3.565853461623191833e-02,1.599238067865371704e-01,3.796609491109848022e-02,-2.293741255998611450e-01,-2.803201079368591309e-01,4.452837407588958740e-01,-3.698928654193878174e-01,3.143230676651000977e-01,6.294625997543334961e-02,-4.005848467350006104e-01,3.237236291170120239e-02,2.541438341140747070e-01,3.253877758979797363e-01,2.938019931316375732e-01,-2.251734286546707153e-01,-2.128441333770751953e-01,-2.100047618150711060e-01,-2.110694721341133118e-02,2.137757986783981323e-01
-2.784505113959312439e-02,-4.358012974262237549e-02,2.181463837623596191e-01,-8.378063328564167023e-03,-1.327947676181793213e-01,2.883810400962829590e-01,3.781352192163467407e-02,2.137350663542747498e-02,-1.056854948401451111e-01,-4.921748861670494080e-02,-8.567773550748825073e-02,5.139299482107162476e-02,-2.389355450868606567e-01,-6.340123713016510010e-02,-2.180607169866561890e-01,-1.982772946357727051e-01,-1.087575778365135193e-02,-2.256289422512054443e-01,1.005937252193689346e-02,8.195658773183822632e-02,3.079427406191825867e-02,-1.957009732723236084e-01,-9.076531976461410522e-02,-4.552609100937843323e-02,-1.772515475749969482e-02,-3.453962802886962891e-01,2.358592152595520020e-01,1.894114911556243896e-01,-9.060838073492050171e-02,-2.811514772474765778e-02,4.734635725617408752e-02,2.498090416193008423e-01,-1.764074862003326416e-01,-7.637035101652145386e-02,-1.616412773728370667e-02,2.236202657222747803e-01,3.918170463293790817e-03,-4.722283780574798584e-02,1.670188605785369873e-01,1.232669353485107422e-01,-2.866376042366027832e-01,1.127144694328308105e-02,-1.859467476606369019e-01,-1.896338537335395813e-02,6.470164656639099121e-02,2.463584840297698975e-01,2.563260793685913086e-01,2.083867229521274567e-02,1.098460610955953598e-02,-4.750136286020278931e-02,1.103067398071289062e-01,-1.012619361281394958e-01,1.224878150969743729e-02,-1.247661635279655457e-01,-1.767072640359401703e-02,1.628552228212356567e-01,-3.457355871796607971e-02,-2.293140441179275513e-02,2.340182960033416748e-01,8.361855149269104004e-02,-1.641631685197353363e-02,-1.861004158854484558e-02,-1.163326296955347061e-02,-1.853439062833786011e-01,-1.336918491870164871e-02,5.814015865325927734e-02,-1.186481341719627380e-01,-2.518359422683715820e-01,2.648772299289703369e-01,-7.128524035215377808e-02,1.297956109046936035e-01,-5.673280358314514160e-02,5.860842764377593994e-02,-2.244896292686462402e-01,1.118124723434448242e-01,1.802328974008560181e-01,2.114445343613624573e-02,-2.487189173698425293e-01,-8.356367237865924835e-03,1.649401187896728516e-01,-1.676865816116333008e-01,-5.878550466150045395e-03,1.528204679489135742e-01,-1.750938780605792999e-02,1.790874451398849487e-01,3.196797668933868408e-01,-1.491581052541732788e-01,-1.799462176859378815e-02,-2.512645125389099121e-01,-2.547955373302102089e-03,5.714233592152595520e-02,6.091605871915817261e-02,1.818016171455383301e-01,-5.487802624702453613e-02,1.528977304697036743e-01,-8.337817341089248657e-02,-1.526075005531311035e-01,1.066067721694707870e-03,1.379222571849822998e-01,-1.452873200178146362e-01,-4.443831741809844971e-02,-1.533107310533523560e-01,2.200189977884292603e-01,2.059403434395790100e-02,-2.547877728939056396e-01,1.484813839197158813e-01,8.528949320316314697e-02,1.688720583915710449e-01,1.590357422828674316e-01,4.229671508073806763e-02,-1.601757556200027466e-01,-4.068480804562568665e-02,1.614050269126892090e-01,1.090004667639732361e-01,-2.054880261421203613e-01,2.730832397937774658e-01,-1.317814886569976807e-01,-7.368066161870956421e-02,2.309935390949249268e-01,-3.857601061463356018e-02,-1.843278557062149048e-01,-2.328095436096191406e-01,-2.136605381965637207e-01,1.967652887105941772e-01,1.488881260156631470e-01,1.866938620805740356e-01,5.332960281521081924e-03,-5.802633985877037048e-02
-5.245401524007320404e-03,-2.591832727193832397e-02,9.397371858358383179e-02,-7.039812952280044556e-02,-5.326476320624351501e-02,3.781352192163467407e-02,9.450876712799072266e-02,-6.266541779041290283e-02,-2.746345475316047668e-03,3.577206982299685478e-03,-3.326013311743736267e-02,2.472990751266479492e-02,-1.244089975953102112e-01,-3.155146539211273193e-02,-8.685354143381118774e-02,-8.468975126743316650e-02,6.734910421073436737e-03,-1.479991376399993896e-01,6.882578134536743164e-03,8.504617027938365936e-03,-8.562881499528884888e-03,-9.947342425584793091e-02,-6.217574328184127808e-02,-2.788271382451057434e-02,-1.494464464485645294e-02,-1.196563467383384705e-01,1.016314551234245300e-01,1.116412281990051270e-01,-5.086323246359825134e-02,-4.443014040589332581e-02,7.071122992783784866e-03,9.528192132711410522e-02,-6.955828517675399780e-02,-3.905133157968521118e-02,-7.917338982224464417e-03,1.101638749241828918e-01,-1.315126661211252213e-02,-1.814126595854759216e-02,1.115795783698558807e-02,7.864192873239517212e-02,-8.195237070322036743e-02,2.455252408981323242e-02,-1.418751925230026245e-01,-8.459450677037239075e-03,-2.084969915449619293e-02,1.360348518937826157e-02,7.135338336229324341e-02,2.530645020306110382e-02,6.186014786362648010e-02,-3.680652007460594177e-02,-6.975222844630479813e-03,5.539944395422935486e-04,-4.184477776288986206e-02,3.614054620265960693e-02,-1.679879985749721527e-02,9.073818475008010864e-02,-2.637021988630294800e-02,-1.051604934036731720e-02,7.526360452175140381e-02,4.719461873173713684e-02,-4.120772704482078552e-02,1.806112937629222870e-02,-4.202075768262147903e-03,3.534109517931938171e-02,5.899128038436174393e-03,2.475565299391746521e-02,-6.385648995637893677e-02,-1.236778944730758667e-01,1.238184049725532532e-01,-7.042722310870885849e-03,4.286755993962287903e-02,-3.538860008120536804e-02,4.880212992429733276e-02,-6.386121362447738647e-02,3.934459015727043152e-02,5.599959194660186768e-02,1.991989556699991226e-03,-5.491124093532562256e-02,1.590875536203384399e-02,9.197669476270675659e-02,-8.396364748477935791e-02,-2.199802314862608910e-03,5.447730422019958496e-02,-1.009502075612545013e-02,5.102633312344551086e-02,9.204231202602386475e-02,1.766124623827636242e-03,-1.189816277474164963e-02,-2.267426997423171997e-02,9.241949766874313354e-03,-1.958124572411179543e-03,3.430212661623954773e-02,1.108582392334938049e-01,-5.347270891070365906e-02,5.634514987468719482e-02,-1.090540736913681030e-02,-5.305044725537300110e-02,2.886799920815974474e-04,5.225840210914611816e-02,-2.700849808752536774e-02,-3.052517957985401154e-02,3.422991186380386353e-02,8.115179836750030518e-02,7.148193195462226868e-03,-8.203475177288055420e-02,4.497990384697914124e-02,3.019547462463378906e-02,1.091448515653610229e-01,-6.611405313014984131e-02,1.160487532615661621e-02,-9.197771549224853516e-02,-4.200504720211029053e-02,1.272943168878555298e-01,8.860646933317184448e-02,-1.301499903202056885e-01,9.010414779186248779e-02,-4.089303687214851379e-02,-4.006518796086311340e-02,5.887415260076522827e-02,-1.917544752359390259e-02,-2.599543705582618713e-02,-5.361763015389442444e-02,-8.317749202251434326e-02,6.401872634887695312e-02,7.856545597314834595e-02,1.463350653648376465e-02,8.109670132398605347e-03,-5.388709157705307007e-02
3.578114211559295654e-01,2.507357858121395111e-02,-1.954663693904876709e-01,1.308743357658386230e-01,2.065910696983337402e-01,2.137350663542747498e-02,-6.266541779041290283e-02,4.153189361095428467e-01,-1.916799135506153107e-02,4.603798501193523407e-03,3.917209431529045105e-02,-6.216460093855857849e-02,1.716446578502655029e-01,4.245805740356445312e-01,2.970148622989654541e-01,1.706035584211349487e-01,-1.737328432500362396e-02,1.344711780548095703e-01,8.632422983646392822e-02,-5.737828090786933899e-02,-3.561841696500778198e-02,1.844177395105361938e-01,1.798913031816482544e-01,-1.793932914733886719e-02,-1.170877646654844284e-02,5.625651217997074127e-03,-1.763589233160018921e-01,-2.659941315650939941e-01,1.698329746723175049e-01,-2.430769056081771851e-01,-7.159658521413803101e-02,-9.027332812547683716e-02,1.911052688956260681e-02,1.419762372970581055e-01,-2.547692693769931793e-02,-2.184659987688064575e-01,-3.987680189311504364e-03,2.954124473035335541e-02,-2.568656504154205322e-01,-3.697109222412109375e-01,1.169715747237205505e-01,4.309016466140747070e-02,1.968069225549697876e-01,3.667910024523735046e-02,3.415558934211730957e-01,-2.600710093975067139e-01,-2.505321502685546875e-01,-8.609673380851745605e-02,-8.208955079317092896e-02,2.646857406944036484e-03,1.154192462563514709e-01,-1.023732796311378479e-01,3.490130603313446045e-02,-1.646035462617874146e-01,-6.303181499242782593e-02,-2.443234920501708984e-01,1.051309555768966675e-01,3.308567404747009277e-02,-1.397008597850799561e-01,-6.794509291648864746e-02,1.221297904849052429e-01,-1.106601394712924957e-02,1.856472901999950409e-02,-1.114221140742301941e-01,-3.446337208151817322e-02,1.919679902493953705e-02,1.018545851111412048e-01,2.338101118803024292e-01,-1.859667450189590454e-01,6.540122628211975098e-02,-1.554524451494216919e-01,-3.605840802192687988e-01,-1.488198526203632355e-03,1.487044841051101685e-01,-5.439298599958419800e-02,-1.410230547189712524e-01,-1.169852633029222488e-02,1.917204856872558594e-01,-1.451827883720397949e-01,-2.151819169521331787e-01,1.179381832480430603e-01,6.025937385857105255e-03,-2.758480012416839600e-01,5.901120137423276901e-03,-1.543756872415542603e-01,-1.677061915397644043e-01,2.308046966791152954e-01,1.252305600792169571e-02,2.095434814691543579e-02,-6.331620970740914345e-04,-3.941170871257781982e-02,-5.132010951638221741e-02,-3.260524943470954895e-02,-7.662279903888702393e-02,-5.806739907711744308e-03,-4.420156776905059814e-02,3.151137232780456543e-01,-7.850653491914272308e-04,-1.719064116477966309e-01,1.588462740182876587e-01,-1.842131093144416809e-02,4.070955514907836914e-02,-9.552236646413803101e-02,-1.757531240582466125e-02,3.162948414683341980e-02,9.481059759855270386e-02,1.232366859912872314e-01,-1.553311496973037720e-01,1.704140938818454742e-02,8.335171267390251160e-03,1.887192279100418091e-01,7.515086978673934937e-02,-1.294630318880081177e-01,-3.008647263050079346e-01,3.096674382686614990e-01,-1.714464575052261353e-01,3.102977871894836426e-01,-4.655332118272781372e-02,-3.346222341060638428e-01,4.180062678642570972e-04,2.911914698779582977e-02,1.875499933958053589e-01,1.364250928163528442e-01,4.934324417263269424e-03,-9.628976881504058838e-02,-1.190203502774238586e-01,-2.440346404910087585e-02,1.627331823110580444e-01
7.072170078754425049e-02,6.847953773103654385e-04,-4.346335772424936295e-03,-2.170182764530181885e-02,1.669419184327125549e-02,-1.056854948401451111e-01,-2.746345475316047668e-03,-1.916799135506153107e-02,6.926441937685012817e-02,1.889205351471900940e-02,-1.009642519056797028e-02,-6.650211755186319351e-03,4.311431199312210083e-02,7.787188887596130371e-02,4.863453656435012817e-02,2.400339022278785706e-02,9.086507372558116913e-03,1.770760677754878998e-02,2.626447193324565887e-02,4.759044852107763290e-03,-1.167407780885696411e-01,5.017227886128239334e-05,2.676936564967036247e-03,-3.024270944297313690e-02,5.901981145143508911e-03,3.945637121796607971e-02,-1.732866279780864716e-02,-1.561567839235067368e-02,-6.743533164262771606e-02,1.180225331336259842e-02,-4.394648596644401550e-02,-6.514447182416915894e-02,4.577645286917686462e-02,-3.240284277126193047e-03,2.744420431554317474e-03,-3.272439539432525635e-02,-3.278325777500867844e-03,1.664480194449424744e-03,-1.124848052859306335e-02,-4.430834576487541199e-02,5.400615930557250977e-02,2.267330326139926910e-02,-2.622498013079166412e-02,-2.188010403187945485e-04,-1.773468405008316040e-02,-7.775793224573135376e-02,-2.308692224323749542e-02,-7.444976363331079483e-03,2.152261324226856232e-02,1.074345968663692474e-02,-5.879040062427520752e-02,4.031616076827049255e-02,7.061840500682592392e-03,3.402740135788917542e-02,2.802114747464656830e-02,-8.341614156961441040e-03,-7.550160516984760761e-04,8.117597899399697781e-04,-2.888707816600799561e-02,-1.268106885254383087e-02,-2.219294942915439606e-02,3.074495308101177216e-02,4.687271080911159515e-03,7.577901333570480347e-02,-1.810960471630096436e-02,-7.368748076260089874e-03,2.962982049211859703e-03,3.467497974634170532e-02,-3.369091451168060303e-02,-7.913841982372105122e-04,-1.336691807955503464e-02,2.845410257577896118e-02,-2.353805862367153168e-02,3.717227280139923096e-02,-2.852824516594409943e-02,-9.982902556657791138e-03,-4.292673896998167038e-03,3.784620761871337891e-02,-3.323793411254882812e-02,-2.286919951438903809e-02,1.426020450890064240e-02,1.214909018017351627e-03,-1.582787022925913334e-03,3.289590356871485710e-03,-4.083659872412681580e-02,-3.887980431318283081e-02,8.599918335676193237e-03,-1.194807584397494793e-03,7.115676999092102051e-02,1.654904568567872047e-03,7.335930713452398777e-04,-2.475686930119991302e-02,-1.670695282518863678e-02,1.283333729952573776e-02,-1.905262656509876251e-02,1.628570444881916046e-02,1.255653426051139832e-02,-2.020366955548524857e-04,-1.967615820467472076e-02,4.944258183240890503e-02,1.447794493287801743e-02,4.552574828267097473e-02,-4.326329752802848816e-02,-1.164260203950107098e-03,6.366210989654064178e-03,-3.534137830138206482e-02,-1.625400595366954803e-02,4.447634331881999969e-03,-5.840226262807846069e-02,-7.138645276427268982e-03,1.018377542495727539e-01,8.579605259001255035e-03,-9.694228880107402802e-03,-4.423318430781364441e-02,-1.663550920784473419e-02,-2.982233837246894836e-02,3.503170609474182129e-02,-2.387013658881187439e-02,-6.893058121204376221e-02,1.292533334344625473e-02,-7.533412426710128784e-03,4.814084619283676147e-02,4.420583695173263550e-02,-3.668279945850372314e-02,2.131096320226788521e-03,-7.089113444089889526e-02,-1.578240538947284222e-03,-1.796569302678108215e-02
2.044920623302459717e-02,1.229638326913118362e-02,-1.100153028964996338e-01,4.033580049872398376e-02,4.076140001416206360e-02,-4.921748861670494080e-02,3.577206982299685478e-03,4.603798501193523407e-03,1.889205351471900940e-02,2.233955264091491699e-02,2.650895714759826660e-02,-2.642935141921043396e-02,6.746179610490798950e-02,5.428812652826309204e-02,8.779779076576232910e-02,6.729020923376083374e-02,7.750660646706819534e-03,8.180746436119079590e-02,-1.063245628029108047e-02,-4.614837467670440674e-02,-2.236635982990264893e-02,9.354653209447860718e-02,7.169677317142486572e-02,-1.516075059771537781e-02,8.091388270258903503e-03,1.143598258495330811e-01,-9.428907930850982666e-02,-4.819686338305473328e-02,6.170045211911201477e-02,-2.592687308788299561e-02,-9.431315585970878601e-03,-1.176259741187095642e-01,8.722870796918869019e-02,4.667196422815322876e-02,3.084362717345356941e-03,-9.238743036985397339e-02,1.291384687647223473e-03,1.715263165533542633e-02,-6.872253865003585815e-02,-9.568964689970016479e-02,1.054582893848419189e-01,3.073428990319371223e-03,7.912100106477737427e-02,1.064997166395187378e-02,-4.247511737048625946e-03,-1.220298260450363159e-01,-1.017481237649917603e-01,-2.172856964170932770e-02,-6.967931985855102539e-03,3.252688096836209297e-03,-1.586024090647697449e-02,2.125952579081058502e-02,1.862315577454864979e-03,1.671738550066947937e-02,2.211690694093704224e-02,-7.930176705121994019e-02,1.635214500129222870e-02,9.131825529038906097e-03,-8.783055096864700317e-02,-4.240216687321662903e-02,-8.462300524115562439e-03,2.636575140058994293e-02,7.556061726063489914e-03,8.979656547307968140e-02,2.693394431844353676e-03,-1.817514002323150635e-02,4.229013621807098389e-02,1.076745688915252686e-01,-9.913837164640426636e-02,2.461726032197475433e-02,-6.964433193206787109e-02,-1.308252103626728058e-02,-1.824780553579330444e-02,9.622252732515335083e-02,-4.065512865781784058e-02,-8.397871255874633789e-02,-5.915665067732334137e-03,1.260403394699096680e-01,-2.633599936962127686e-02,-9.025342017412185669e-02,1.107503920793533325e-01,3.191271331161260605e-03,-6.200265139341354370e-02,3.997341264039278030e-03,-9.605237096548080444e-02,-9.466618299484252930e-02,7.040848582983016968e-02,5.366418510675430298e-03,7.830939441919326782e-02,6.788861472159624100e-03,-2.147064357995986938e-02,-3.867299482226371765e-02,-8.880878239870071411e-02,3.051216527819633484e-02,-6.798925250768661499e-02,3.065043594688177109e-03,7.249711453914642334e-02,-5.353527958504855633e-04,-6.587846577167510986e-02,7.473420351743698120e-02,5.380196962505578995e-03,6.405821442604064941e-02,-9.751033037900924683e-02,-7.664341013878583908e-03,1.177639588713645935e-01,1.458749920129776001e-02,-7.521635293960571289e-02,-7.074560225009918213e-02,-4.258438572287559509e-02,-1.685499213635921478e-02,9.875302016735076904e-02,-3.769458085298538208e-02,-6.897488236427307129e-02,-7.080370560288429260e-04,8.700174838304519653e-02,-9.734082221984863281e-02,6.230349093675613403e-02,4.538328945636749268e-02,-1.279674172401428223e-01,2.324068360030651093e-02,9.295827150344848633e-02,1.047976166009902954e-01,9.563145786523818970e-02,-6.579416245222091675e-02,-8.199481666088104248e-02,-1.009531766176223755e-01,3.746837610378861427e-03,5.300370603799819946e-02
-5.734613537788391113e-02,4.724135622382164001e-02,-3.022176027297973633e-01,4.417224228382110596e-02,1.060280278325080872e-01,-8.567773550748825073e-02,-3.326013311743736267e-02,3.917209431529045105e-02,-1.009642519056797028e-02,2.650895714759826660e-02,1.638466268777847290e-01,-6.422721594572067261e-02,2.182604372501373291e-01,2.787042781710624695e-02,2.073581069707870483e-01,2.064661383628845215e-01,1.982763176783919334e-03,2.121884077787399292e-01,-4.156765341758728027e-02,-1.482400894165039062e-01,2.014800906181335449e-01,2.690237164497375488e-01,2.016539126634597778e-01,6.353072822093963623e-02,8.148207329213619232e-03,3.328633308410644531e-01,-2.874076366424560547e-01,-1.763409525156021118e-01,2.885639071464538574e-01,-4.049303382635116577e-02,3.480764105916023254e-02,-2.270696610212326050e-01,1.099780574440956116e-01,1.885693669319152832e-01,1.230038178618997335e-04,-2.560401260852813721e-01,-1.937220338732004166e-03,5.278435721993446350e-02,-1.939931958913803101e-01,-1.217638403177261353e-01,2.133271098136901855e-01,-5.929252877831459045e-02,2.998957037925720215e-01,2.913693897426128387e-02,2.671264111995697021e-02,-2.560277879238128662e-01,-2.855709195137023926e-01,-4.063526168465614319e-03,-6.730999052524566650e-02,-4.455767944455146790e-02,2.759481407701969147e-02,7.106174598447978497e-04,-4.285727441310882568e-02,6.639185547828674316e-02,-5.231006070971488953e-02,-2.304477095603942871e-01,6.299576163291931152e-02,3.192973881959915161e-02,-2.175383716821670532e-01,-8.300754427909851074e-02,7.003061473369598389e-02,-1.470589637756347656e-02,8.137247525155544281e-03,4.477984830737113953e-02,2.436440624296665192e-02,-4.639728739857673645e-02,1.320560872554779053e-01,2.501351237297058105e-01,-2.933876812458038330e-01,7.008575648069381714e-02,-1.443974226713180542e-01,-1.177347302436828613e-01,-3.556475043296813965e-02,2.449990957975387573e-01,-6.210774555802345276e-02,-1.455672085285186768e-01,-1.678230613470077515e-02,2.997498810291290283e-01,1.016340777277946472e-01,-2.057496458292007446e-01,1.883422881364822388e-01,7.288197521120309830e-03,-2.110394537448883057e-01,8.798246271908283234e-03,-1.265433281660079956e-01,-3.073628544807434082e-01,2.003503292798995972e-01,2.325577102601528168e-02,1.791709810495376587e-01,1.342784892767667770e-02,-5.747501179575920105e-02,-2.789037860929965973e-02,-1.801601946353912354e-01,4.876384511590003967e-02,-1.446131318807601929e-01,1.907650940120220184e-02,1.712604016065597534e-01,-1.082173897884786129e-03,-2.058547437191009521e-01,7.744264602661132812e-02,-6.275638937950134277e-03,1.125178113579750061e-01,-2.141730636358261108e-01,-2.260401658713817596e-02,2.973887324333190918e-01,-7.150820642709732056e-02,-5.063254758715629578e-02,-2.206820100545883179e-01,-2.934139035642147064e-02,-4.026765003800392151e-02,9.434787929058074951e-02,-1.913909614086151123e-02,-1.993650794029235840e-01,1.337878778576850891e-02,2.921067774295806885e-01,-2.621625065803527832e-01,1.515582352876663208e-01,1.594777852296829224e-01,-2.220082581043243408e-01,2.619862928986549377e-02,2.553730309009552002e-01,2.298857420682907104e-01,2.053491026163101196e-01,-1.369189918041229248e-01,-2.719130516052246094e-01,-1.492868959903717041e-01,6.783243268728256226e-03,1.095821559429168701e-01
-3.274060785770416260e-02,-2.665212377905845642e-02,2.050924450159072876e-01,-8.941053599119186401e-02,-7.963494211435317993e-02,5.139299482107162476e-02,2.472990751266479492e-02,-6.216460093855857849e-02,-6.650211755186319351e-03,-2.642935141921043396e-02,-6.422721594572067261e-02,5.142564699053764343e-02,-1.385429799556732178e-01,-9.739939868450164795e-02,-1.641584634780883789e-01,-1.319642066955566406e-01,-6.977233570069074631e-03,-1.615573614835739136e-01,1.864837110042572021e-02,7.987578958272933960e-02,-1.806857436895370483e-02,-1.850868165493011475e-01,-1.454824507236480713e-01,1.668946444988250732e-02,-1.336259115487337112e-02,-1.954852342605590820e-01,1.802491098642349243e-01,1.101120784878730774e-01,-1.489732414484024048e-01,4.447292163968086243e-02,8.069388568401336670e-03,1.915588527917861938e-01,-1.282751262187957764e-01,-1.032378971576690674e-01,-1.747812144458293915e-03,1.818455010652542114e-01,-4.526271484792232513e-03,-3.376986086368560791e-02,1.258987933397293091e-01,1.719531267881393433e-01,-1.673707962036132812e-01,9.991942904889583588e-03,-1.793183386325836182e-01,-2.108561433851718903e-02,-3.929136320948600769e-02,1.936839520931243896e-01,1.874957829713821411e-01,3.680627793073654175e-02,3.989593312144279480e-02,5.843519233167171478e-03,-6.921944208443164825e-03,-1.124747563153505325e-02,-8.652901276946067810e-03,5.214873701333999634e-03,-1.709457859396934509e-02,1.628042012453079224e-01,-4.398462548851966858e-02,-2.025342173874378204e-02,1.466146111488342285e-01,7.617999613285064697e-02,-1.511254440993070602e-02,-2.540622279047966003e-02,-1.185677014291286469e-02,-7.947335392236709595e-02,-4.871249664574861526e-03,3.077948279678821564e-02,-8.331438153982162476e-02,-1.944058537483215332e-01,1.912560313940048218e-01,-3.416294604539871216e-02,1.232388466596603394e-01,5.848174542188644409e-02,3.670496866106987000e-02,-1.697813421487808228e-01,6.162098795175552368e-02,1.292842775583267212e-01,9.113110601902008057e-03,-2.130776196718215942e-01,3.161913529038429260e-02,1.762228310108184814e-01,-1.879536956548690796e-01,-5.729929078370332718e-03,1.260315477848052979e-01,-8.078495971858501434e-03,1.480886489152908325e-01,1.723077595233917236e-01,-1.151062101125717163e-01,-1.293425913900136948e-02,-1.088405624032020569e-01,-9.916577488183975220e-03,3.227189555764198303e-02,5.851730331778526306e-02,1.547724008560180664e-01,-4.623132944107055664e-02,1.113849207758903503e-01,1.643806113861501217e-03,-1.332787722349166870e-01,8.846928249113261700e-04,1.292376965284347534e-01,-1.130388528108596802e-01,-6.859960965812206268e-03,-7.991421967744827271e-02,1.671571284532546997e-01,1.487660594284534454e-02,-2.024346292018890381e-01,-1.937310025095939636e-02,9.642856568098068237e-02,1.513983905315399170e-01,1.820491626858711243e-02,2.601031586527824402e-02,-1.595011502504348755e-01,3.991019353270530701e-02,1.476905345916748047e-01,1.984534971415996552e-02,-1.924547553062438965e-01,1.742399334907531738e-01,-1.176883280277252197e-01,-9.039612859487533569e-02,2.117819190025329590e-01,-3.527391329407691956e-02,-1.543751060962677002e-01,-1.731849312782287598e-01,-1.603248864412307739e-01,9.478746354579925537e-02,1.645471751689910889e-01,1.451432257890701294e-01,-3.905039513483643532e-03,-1.046883016824722290e-01
