5.005671977996826172e-01,2.953521674498915672e-03,-7.127907127141952515e-02,-1.287053991109132767e-02,1.730186939239501953e-01,-6.933654099702835083e-02,8.682768791913986206e-02,3.324427902698516846e-01,6.558835506439208984e-02,1.896841637790203094e-02,-6.120866164565086365e-02,-2.304882183670997620e-02,2.198643796145915985e-02,3.778619468212127686e-01,2.090254575014114380e-01,6.600970029830932617e-02,-2.268203999847173691e-03,-6.055548787117004395e-02,1.331158280372619629e-01,-1.269549131393432617e-02,-1.310011744499206543e-01,-1.213984913192689419e-03,1.487117726355791092e-02,4.023253172636032104e-02,-2.051289193332195282e-02,-7.937914133071899414e-02,5.305856093764305115e-02,-2.500572204589843750e-01,1.958426274359226227e-02,-2.203156203031539917e-01,-1.363032162189483643e-01,2.322406508028507233e-02,4.378122743219137192e-03,3.912507370114326477e-02,-2.766873314976692200e-02,-2.941142395138740540e-02,-2.591979689896106720e-02,4.518563393503427505e-03,-2.635434269905090332e-01,-3.240391612052917480e-01,8.613224327564239502e-02,8.550207316875457764e-02,-4.388979077339172363e-02,1.648352108895778656e-02,1.023412495851516724e-01,-1.187858730554580688e-01,-1.471773386001586914e-01,-1.047143116593360901e-01,1.836019009351730347e-02,7.271319627761840820e-02,-4.071547836065292358e-02,-6.474094837903976440e-02,5.563950911164283752e-02,-7.803857326507568359e-02,-4.552546888589859009e-02,-7.197856903076171875e-02,5.338462814688682556e-02,1.086759753525257111e-02,-7.302996236830949783e-03,-1.874767988920211792e-02,4.745099693536758423e-02,-7.755008991807699203e-03,1.246235053986310959e-02,6.386707723140716553e-02,-2.963858097791671753e-02,3.354193270206451416e-02,-5.032002925872802734e-02,1.405352354049682617e-01,-2.667333744466304779e-02,1.251090466976165771e-01,-1.238334551453590393e-01,-1.422464102506637573e-01,6.775604933500289917e-02,6.815922260284423828e-02,-7.274775952100753784e-02,-1.622310131788253784e-01,-5.053943488746881485e-03,5.537247285246849060e-02,-1.859435737133026123e-01,1.384135335683822632e-03,2.617590874433517456e-02,1.236183801665902138e-03,-1.971737146377563477e-01,-5.765265785157680511e-03,-2.008393406867980957e-01,-1.942633651196956635e-02,2.465951889753341675e-01,-2.640453632920980453e-03,-5.719627812504768372e-02,9.197982028126716614e-03,-6.851524859666824341e-02,-6.510596722364425659e-03,1.067721918225288391e-01,-1.213443428277969360e-01,2.745451591908931732e-02,-1.438324302434921265e-01,2.971718013286590576e-01,-2.500049595255404711e-04,-9.189879149198532104e-02,1.805678009986877441e-01,-4.891885817050933838e-02,1.340597867965698242e-01,1.357446797192096710e-02,-1.026360783725976944e-02,-1.157439947128295898e-01,2.122932672500610352e-01,1.138022318482398987e-01,4.148840531706809998e-02,-2.429220676422119141e-01,2.266551740467548370e-02,2.285928837954998016e-02,5.827721953392028809e-02,2.850879170000553131e-02,-2.697189152240753174e-01,8.253212273120880127e-02,-6.625274568796157837e-02,3.073700368404388428e-01,-1.148963943123817444e-01,-2.566983401775360107e-01,-2.493517845869064331e-02,-9.418949484825134277e-02,1.186005547642707825e-01,7.053858786821365356e-02,4.457621276378631592e-02,8.509148657321929932e-02,-1.349566727876663208e-01,-2.306761592626571655e-02,6.633368134498596191e-02
2.953521674498915672e-03,2.508099377155303955e-02,-1.364766061305999756e-01,8.801041543483734131e-02,5.686796084046363831e-02,6.701636593788862228e-03,9.419934824109077454e-03,3.940015286207199097e-02,8.713839575648307800e-03,3.133274987339973450e-02,1.494094077497720718e-02,-4.792219772934913635e-02,9.964632242918014526e-02,6.559130549430847168e-02,1.189017295837402344e-01,1.156596764922142029e-01,4.061487561557441950e-04,7.146522402763366699e-02,-5.916975438594818115e-02,-7.715714722871780396e-02,-5.105744302272796631e-02,1.374637335538864136e-01,7.129050046205520630e-02,7.683058734983205795e-03,1.685293577611446381e-02,1.526585966348648071e-01,-1.350523978471755981e-01,-5.209679901599884033e-02,9.196129441261291504e-02,-1.080876402556896210e-02,3.834112733602523804e-02,-1.371562927961349487e-01,1.040524914860725403e-01,6.600236892700195312e-02,6.554025458171963692e-04,-1.388368308544158936e-01,1.872616074979305267e-02,4.341453686356544495e-02,-6.034662202000617981e-02,-1.001298949122428894e-01,1.242300868034362793e-01,1.904768403619527817e-03,1.352732926607131958e-01,1.579673774540424347e-02,-5.272767040878534317e-03,-7.396288216114044189e-02,-1.318582296371459961e-01,-3.702653571963310242e-02,-1.282189600169658661e-02,2.080788835883140564e-02,3.173556551337242126e-02,-1.288916915655136108e-03,3.864773362874984741e-02,-1.153961289674043655e-02,1.881064102053642273e-02,-1.349654644727706909e-01,2.803138829767704010e-02,1.025483757257461548e-02,-8.369589596986770630e-02,-6.778569519519805908e-02,-8.831873536109924316e-03,1.510266587138175964e-02,6.028542295098304749e-03,2.305842377245426178e-02,1.670610159635543823e-02,-2.784626744687557220e-02,3.151660040020942688e-02,1.346960514783859253e-01,-1.337262541055679321e-01,2.607499994337558746e-02,-8.561638742685317993e-02,2.596316672861576080e-02,-3.603677824139595032e-02,1.267499476671218872e-01,-3.407916799187660217e-02,-1.144400238990783691e-01,-3.361541777849197388e-03,1.474136263132095337e-01,-4.498235881328582764e-02,-1.142133772373199463e-01,1.325123608112335205e-01,2.129525644704699516e-03,-9.590616822242736816e-02,4.399754572659730911e-03,-9.194426983594894409e-02,-1.191652417182922363e-01,6.274690479040145874e-02,7.407187018543481827e-03,6.674382835626602173e-02,2.840696275234222412e-02,-2.958614937961101532e-02,-3.282987326383590698e-02,-1.196162998676300049e-01,6.689745187759399414e-02,-1.181197836995124817e-01,-3.992206417024135590e-03,8.221908658742904663e-02,-2.518488036002963781e-04,-9.225247055292129517e-02,3.404034301638603210e-02,-2.307245694100856781e-02,3.898717090487480164e-02,-1.373141258955001831e-01,-2.471005357801914215e-02,1.485586762428283691e-01,1.634411886334419250e-02,-9.828706830739974976e-02,-1.269208192825317383e-01,-3.057188726961612701e-02,-1.556540001183748245e-02,1.089703366160392761e-01,-5.468828976154327393e-02,-1.187535449862480164e-01,4.654885269701480865e-03,1.478814780712127686e-01,-1.185335516929626465e-01,6.591510772705078125e-02,4.324382543563842773e-02,-1.368823051452636719e-01,4.068189486861228943e-02,4.721637442708015442e-02,1.083194687962532043e-01,1.272792816162109375e-01,-5.099240317940711975e-02,-1.033986732363700867e-01,-5.420840904116630554e-02,-1.027253689244389534e-03,6.995685398578643799e-02
-7.127907127141952515e-02,-1.364766061305999756e-01,7.984289526939392090e-01,-5.494099855422973633e-01,-3.077188432216644287e-01,-1.048756316304206848e-01,-1.412132680416107178e-01,-2.750206887722015381e-01,-3.300040215253829956e-02,-2.035150825977325439e-01,-8.295013755559921265e-02,3.014837801456451416e-01,-5.654609203338623047e-01,-4.484275579452514648e-01,-6.884502768516540527e-01,-6.617805361747741699e-01,-1.048780325800180435e-02,-3.449474275112152100e-01,3.712837100028991699e-01,5.025514960289001465e-01,2.814049720764160156e-01,-7.667115926742553711e-01,-5.044769048690795898e-01,3.391465172171592712e-02,-9.760276973247528076e-02,-7.762987613677978516e-01,7.200963497161865234e-01,2.994896173477172852e-01,-6.074779629707336426e-01,1.633638590574264526e-01,-1.813069880008697510e-01,7.542791962623596191e-01,-6.191363930702209473e-01,-4.463285207748413086e-01,7.028607185930013657e-03,7.595477104187011719e-01,-1.101691648364067078e-01,-2.703006267547607422e-01,4.398253560066223145e-01,6.126379370689392090e-01,-7.028387784957885742e-01,-2.395902387797832489e-02,-7.186262011528015137e-01,-1.017069742083549500e-01,1.302084047347307205e-02,5.223054885864257812e-01,7.682589888572692871e-01,2.369903177022933960e-01,4.645706340670585632e-02,-4.137601703405380249e-02,-2.259913980960845947e-01,-3.931661136448383331e-03,-2.190985977649688721e-01,1.490010470151901245e-01,-1.218108013272285461e-01,7.543560862541198730e-01,-1.987312138080596924e-01,-6.778022646903991699e-02,4.587366282939910889e-01,4.139765202999114990e-01,9.012111276388168335e-02,-1.440060883760452271e-01,-4.040519893169403076e-02,-1.856476515531539917e-01,-1.126811653375625610e-01,1.635148227214813232e-01,-1.385283321142196655e-01,-7.299237251281738281e-01,7.425029277801513672e-01,-1.453207731246948242e-01,5.735438466072082520e-01,-6.973255425691604614e-02,1.905099153518676758e-01,-7.402846217155456543e-01,2.149796485900878906e-01,6.703892946243286133e-01,1.965389400720596313e-02,-8.313673734664916992e-01,3.346822559833526611e-01,6.993870735168457031e-01,-7.747275233268737793e-01,-1.384697202593088150e-02,5.700860619544982910e-01,-2.204855717718601227e-02,5.957644581794738770e-01,5.945517420768737793e-01,-4.445141255855560303e-01,-4.204573854804039001e-02,-3.708860278129577637e-01,-1.971356719732284546e-01,1.874208301305770874e-01,1.982534080743789673e-01,6.603646874427795410e-01,-3.715403378009796143e-01,6.892405152320861816e-01,7.257822901010513306e-02,-5.017929077148437500e-01,1.648023724555969238e-03,5.727373361587524414e-01,-3.031837940216064453e-01,1.919518113136291504e-01,-3.046034574508666992e-01,7.573455572128295898e-01,1.569951921701431274e-01,-8.004791736602783203e-01,-2.109221816062927246e-01,5.916478633880615234e-01,7.132164239883422852e-01,1.978019177913665771e-01,9.118925034999847412e-02,-6.002843976020812988e-01,4.249021112918853760e-01,6.698375940322875977e-01,-1.299876123666763306e-01,-7.755517363548278809e-01,6.833867430686950684e-01,-4.426739215850830078e-01,-3.152149617671966553e-01,7.865835428237915039e-01,-2.455918639898300171e-01,-3.001804351806640625e-01,-6.734796166419982910e-01,-7.194557189941406250e-01,2.708843052387237549e-01,6.344267725944519043e-01,4.316498041152954102e-01,-1.881010457873344421e-02,-4.948805868625640869e-01
-1.287053991109132767e-02,8.801041543483734131e-02,-5.494099855422973633e-01,5.346364974975585938e-01,1.461001485586166382e-01,1.465537697076797485e-01,2.151836454868316650e-02,1.468105167150497437e-01,4.026244860142469406e-03,1.250622868537902832e-01,-1.169790700078010559e-02,-2.064815163612365723e-01,2.491237074136734009e-01,3.464564383029937744e-01,4.364193379878997803e-01,3.973165154457092285e-01,1.128503493964672089e-02,3.215389549732208252e-01,-2.874194681644439697e-01,-2.810413241386413574e-01,-3.483405113220214844e-01,5.841631889343261719e-01,3.068552017211914062e-01,-6.245257705450057983e-02,8.378978073596954346e-02,5.506362318992614746e-01,-4.637216031551361084e-01,-6.136323884129524231e-02,2.879922688007354736e-01,2.696561813354492188e-02,1.375996172428131104e-01,-6.111109852790832520e-01,5.033406615257263184e-01,2.398673593997955322e-01,1.177134457975625992e-02,-5.301643610000610352e-01,1.000304371118545532e-01,1.590565145015716553e-01,-1.148119717836380005e-01,-5.253174304962158203e-01,5.253757238388061523e-01,2.692673914134502411e-02,4.978230893611907959e-01,5.966620147228240967e-02,-5.953051522374153137e-02,-1.664349883794784546e-01,-4.783991277217864990e-01,-2.164599299430847168e-01,-5.539795011281967163e-02,9.993436932563781738e-02,1.600686758756637573e-01,1.706364378333091736e-02,2.121126949787139893e-01,-1.841244101524353027e-01,2.176576107740402222e-01,-5.032543540000915527e-01,1.346391290426254272e-01,3.488846495747566223e-02,-2.532263398170471191e-01,-3.204857409000396729e-01,-1.219757869839668274e-01,1.198537573218345642e-01,3.182874247431755066e-02,1.501480787992477417e-01,9.954926371574401855e-02,-1.116227582097053528e-01,9.554871916770935059e-02,5.228671431541442871e-01,-5.196567773818969727e-01,4.434417188167572021e-02,-3.568358123302459717e-01,2.550634443759918213e-01,-1.893524527549743652e-01,5.179230570793151855e-01,-1.413021385669708252e-01,-4.892876446247100830e-01,-4.367340356111526489e-03,5.763224959373474121e-01,-3.727513849735260010e-01,-4.894087612628936768e-01,6.586705446243286133e-01,9.239846840500831604e-03,-2.942922711372375488e-01,1.831194572150707245e-02,-4.444613158702850342e-01,-3.138722181320190430e-01,1.258549541234970093e-01,2.448535151779651642e-02,1.817439496517181396e-01,1.241420730948448181e-01,-8.243100345134735107e-02,-2.234485596418380737e-01,-5.907872319221496582e-01,3.693016767501831055e-01,-5.292229652404785156e-01,-5.281608179211616516e-02,2.872882485389709473e-01,-1.056538312695920467e-03,-3.078486621379852295e-01,1.812711954116821289e-01,-8.806522935628890991e-02,7.906071096658706665e-02,-5.977432727813720703e-01,-9.401879459619522095e-02,6.153626441955566406e-01,2.504783868789672852e-01,-5.569441914558410645e-01,-5.274304747581481934e-01,-4.384754970669746399e-02,-6.404849141836166382e-02,6.022355556488037109e-01,-3.666387200355529785e-01,-5.335237383842468262e-01,1.212220117449760437e-01,5.294911265373229980e-01,-3.982112407684326172e-01,1.782671511173248291e-01,1.839685887098312378e-01,-5.895675420761108398e-01,2.058966159820556641e-01,1.535090506076812744e-01,4.699959456920623779e-01,5.057686567306518555e-01,-1.856521368026733398e-01,-4.184791445732116699e-01,-2.582800388336181641e-01,3.008760046213865280e-03,3.345173895359039307e-01
1.730186939239501953e-01,5.686796084046363831e-02,-3.077188432216644287e-01,1.461001485586166382e-01,2.266647964715957642e-01,-2.918483689427375793e-02,6.458102166652679443e-02,2.122976928949356079e-01,2.729058079421520233e-02,7.159538567066192627e-02,1.848861575126647949e-02,-1.039787232875823975e-01,2.455541342496871948e-01,2.107372432947158813e-01,3.358664512634277344e-01,2.841711938381195068e-01,-4.197810310870409012e-03,1.255879849195480347e-01,-7.354534417390823364e-02,-1.768519431352615356e-01,-9.277348220348358154e-02,2.778354883193969727e-01,1.293441504240036011e-01,6.908299773931503296e-02,2.242624945938587189e-02,2.980965673923492432e-01,-2.943831086158752441e-01,-2.372940778732299805e-01,2.328585237264633179e-01,-1.432907581329345703e-01,4.534792155027389526e-02,-2.451172769069671631e-01,1.991554796695709229e-01,1.438719183206558228e-01,-9.277601726353168488e-03,-2.949488461017608643e-01,2.245802618563175201e-02,9.812710434198379517e-02,-2.696938812732696533e-01,-2.873254418373107910e-01,2.880776524543762207e-01,3.292487561702728271e-02,2.786645293235778809e-01,4.081815853714942932e-02,4.564597830176353455e-02,-2.228090912103652954e-01,-3.470026254653930664e-01,-1.022308617830276489e-01,-1.748562976717948914e-02,9.069442003965377808e-02,4.375589266419410706e-02,-3.766099363565444946e-02,8.577590435743331909e-02,-2.241782611235976219e-03,-1.657083816826343536e-02,-3.232394754886627197e-01,6.382945924997329712e-02,2.623624354600906372e-02,-2.252738028764724731e-01,-1.349171698093414307e-01,2.553689293563365936e-02,6.764561869204044342e-03,1.457767281681299210e-02,6.692647933959960938e-02,2.639411017298698425e-02,-4.596335813403129578e-02,7.097560912370681763e-02,3.413122296333312988e-01,-2.692144513130187988e-01,1.333420425653457642e-01,-2.287218123674392700e-01,-3.602720797061920166e-02,-2.283059246838092804e-02,2.781748175621032715e-01,-9.532310068607330322e-02,-3.141283094882965088e-01,-1.130420714616775513e-02,3.254903554916381836e-01,-1.138527989387512207e-01,-2.264569550752639771e-01,2.471026629209518433e-01,4.402177408337593079e-03,-3.053328394889831543e-01,7.226223126053810120e-03,-2.568289339542388916e-01,-3.116608560085296631e-01,2.627854645252227783e-01,1.567613892257213593e-02,1.437669545412063599e-01,5.900110676884651184e-02,-1.134563311934471130e-01,-4.433139786124229431e-02,-1.787579357624053955e-01,6.157109886407852173e-02,-2.233185768127441406e-01,-4.033875092864036560e-02,3.188717961311340332e-01,-5.985840107314288616e-04,-2.351278215646743774e-01,1.240784674882888794e-01,-6.278358399868011475e-02,1.532896012067794800e-01,-2.616576850414276123e-01,-5.773672461509704590e-02,2.723364830017089844e-01,8.053561300039291382e-02,-1.306216865777969360e-01,-2.475860118865966797e-01,-1.862302273511886597e-01,-2.351453714072704315e-02,1.569430977106094360e-01,-5.237148329615592957e-02,-2.171106338500976562e-01,-1.189600005745887756e-01,3.770905435085296631e-01,-2.998450994491577148e-01,2.618443667888641357e-01,4.601490870118141174e-02,-3.651081025600433350e-01,6.350294500589370728e-02,1.012774705886840820e-01,2.577139437198638916e-01,2.940096259117126465e-01,-1.050324589014053345e-01,-1.732427924871444702e-01,-1.270472258329391479e-01,-1.575804874300956726e-02,1.677292138338088989e-01
-6.933654099702835083e-02,6.701636593788862228e-03,-1.048756316304206848e-01,1.465537697076797485e-01,-2.918483689427375793e-02,1.969833076000213623e-01,-1.434278953820466995e-02,4.348266869783401489e-02,-9.575878828763961792e-02,-4.865549504756927490e-03,1.614989154040813446e-02,-3.178480640053749084e-02,-3.590226545929908752e-02,6.835497915744781494e-02,2.623178437352180481e-02,1.661367341876029968e-02,-1.085017691366374493e-03,3.487154841423034668e-02,-5.887223035097122192e-02,-5.750454589724540710e-02,4.007463529706001282e-02,1.059439182281494141e-01,1.122650802135467529e-01,-2.705632336437702179e-02,8.864309638738632202e-03,7.601757068186998367e-03,-5.420522019267082214e-02,5.935808643698692322e-02,1.069898530840873718e-01,-8.791567757725715637e-03,6.927882134914398193e-02,-6.676622480154037476e-02,3.694504126906394958e-02,9.382003545761108398e-02,-4.413302522152662277e-03,-6.261806190013885498e-02,2.297704108059406281e-02,8.445364423096179962e-03,4.251253232359886169e-02,-1.029734313488006592e-01,-2.751107327640056610e-03,-1.282276399433612823e-02,1.144017651677131653e-01,1.179442461580038071e-02,5.525847896933555603e-02,1.384844537824392319e-02,-3.587763383984565735e-02,-3.672045096755027771e-02,-5.398483201861381531e-02,-3.852946683764457703e-02,1.098317131400108337e-01,-7.781302928924560547e-02,1.638872735202312469e-02,-1.029891297221183777e-01,2.943875081837177277e-02,-7.735225558280944824e-02,3.599417582154273987e-02,5.502582527697086334e-03,2.755049429833889008e-02,-4.832566156983375549e-02,-8.012103848159313202e-03,7.038052659481763840e-03,4.335599020123481750e-03,-6.616034358739852905e-02,9.766943752765655518e-03,-1.513406401500105858e-03,1.652619987726211548e-02,5.592782050371170044e-02,-5.493640899658203125e-02,-1.309861149638891220e-02,-3.792675584554672241e-02,-5.346699059009552002e-02,-2.135370485484600067e-02,4.925816506147384644e-02,2.666909806430339813e-02,-4.388013854622840881e-02,4.787181969732046127e-03,7.794981449842453003e-02,-4.351681098341941833e-02,-6.658649444580078125e-02,1.144487038254737854e-01,1.686295378021895885e-03,-2.972361259162425995e-02,-2.150375163182616234e-03,-1.982086524367332458e-02,4.081097990274429321e-02,-1.041330397129058838e-02,2.910189330577850342e-03,-6.884464621543884277e-02,1.753680780529975891e-02,1.317514851689338684e-02,-3.785086423158645630e-02,-1.012232527136802673e-01,8.370441943407058716e-02,-5.378766357898712158e-02,-4.345572739839553833e-02,3.607500344514846802e-02,-1.018574475892819464e-04,-4.402903094887733459e-02,-3.733692318201065063e-02,-4.263124242424964905e-02,-7.549124211072921753e-02,-6.842756271362304688e-02,-6.472609471529722214e-03,6.838488578796386719e-02,1.341168433427810669e-01,-9.336482733488082886e-02,-8.372688293457031250e-02,1.179419681429862976e-01,-4.829007200896739960e-03,1.021519750356674194e-01,-1.311282366514205933e-01,-9.875957667827606201e-02,1.050659567117691040e-01,8.427508175373077393e-02,1.713898032903671265e-02,-3.677912056446075439e-03,6.509719043970108032e-02,-6.289014965295791626e-02,2.846556715667247772e-02,3.104957379400730133e-02,3.902708366513252258e-02,4.126674681901931763e-02,9.090180508792400360e-03,-1.246448606252670288e-01,-3.656931919977068901e-03,4.141384270042181015e-03,7.629804313182830811e-02
8.682768791913986206e-02,9.419934824109077454e-03,-1.412132680416107178e-01,2.151836454868316650e-02,6.458102166652679443e-02,-1.434278953820466995e-02,1.257522404193878174e-01,6.797280907630920410e-02,1.362106762826442719e-02,4.514347761869430542e-02,-2.420437987893819809e-03,-3.540133312344551086e-02,8.228179812431335449e-02,5.339312180876731873e-02,1.149227693676948547e-01,8.294971287250518799e-02,5.152566358447074890e-03,-4.338541254401206970e-02,-4.124825820326805115e-02,-9.269497543573379517e-02,-1.341456826776266098e-02,8.428175747394561768e-02,6.456019729375839233e-02,-2.332623116672039032e-02,2.813290571793913841e-03,1.010399237275123596e-01,-8.287607878446578979e-02,-8.597166091203689575e-02,1.336055696010589600e-01,-1.454157531261444092e-01,-2.491042576730251312e-02,-8.520496636629104614e-02,8.556402474641799927e-02,4.795244708657264709e-02,-7.970320992171764374e-03,-8.337708562612533569e-02,-2.316218568012118340e-03,4.520676657557487488e-02,-1.830080002546310425e-01,-9.356682747602462769e-02,1.274070441722869873e-01,2.362446486949920654e-02,4.419460147619247437e-02,1.683701016008853912e-02,-6.585735827684402466e-03,-1.553441733121871948e-01,-1.641402542591094971e-01,-2.749879658222198486e-02,4.664257168769836426e-02,-9.842242114245891571e-03,1.552441529929637909e-02,3.587899357080459595e-02,8.849799633026123047e-03,-5.283343605697154999e-03,-1.523011736571788788e-02,-1.031582579016685486e-01,1.986549049615859985e-02,1.144004985690116882e-02,-8.871037513017654419e-02,-3.241063654422760010e-02,-2.744039706885814667e-02,4.712649062275886536e-02,6.546961143612861633e-03,1.033017188310623169e-01,2.809963747859001160e-02,-1.718768291175365448e-02,-1.297824457287788391e-02,9.158438444137573242e-02,-7.801968604326248169e-02,5.261042341589927673e-02,-1.210450753569602966e-01,-6.217250972986221313e-02,3.112790733575820923e-02,1.112255007028579712e-01,-5.415202304720878601e-02,-1.413920968770980835e-01,-6.100832484662532806e-03,1.576934009790420532e-01,-6.452287733554840088e-02,-9.687829017639160156e-02,1.168570220470428467e-01,1.657361048273742199e-03,-9.867540746927261353e-02,-7.831618859199807048e-05,-1.338336318731307983e-01,-6.133344024419784546e-02,1.764210015535354614e-01,2.780166920274496078e-03,7.098189741373062134e-02,3.819417953491210938e-02,-6.571159511804580688e-02,1.451686606742441654e-03,-3.643260523676872253e-02,-2.601857669651508331e-02,-8.602871000766754150e-02,-3.238999098539352417e-02,1.087392270565032959e-01,-3.102233749814331532e-04,-8.383646607398986816e-02,1.335630416870117188e-01,-4.984212666749954224e-02,1.585403531789779663e-01,-8.427774161100387573e-02,-2.726939320564270020e-02,1.418652385473251343e-01,6.789952516555786133e-02,-6.993347406387329102e-02,-6.260613352060317993e-02,-1.350135654211044312e-01,-8.081022650003433228e-03,-1.286137569695711136e-02,-6.934224069118499756e-02,-2.246143482625484467e-02,3.626338392496109009e-02,1.062599197030067444e-01,-1.409541666507720947e-01,1.199060454964637756e-01,5.079517513513565063e-02,-1.624411344528198242e-01,1.431889180094003677e-02,7.486899942159652710e-02,1.205310896039009094e-01,9.736832976341247559e-02,-2.664634957909584045e-02,-4.247194156050682068e-02,-1.219877973198890686e-01,1.672323793172836304e-02,1.091176122426986694e-01
3.324427902698516846e-01,3.940015286207199097e-02,-2.750206887722015381e-01,1.468105167150497437e-01,2.122976928949356079e-01,4.348266869783401489e-02,6.797280907630920410e-02,3.971760571002960205e-01,-1.300812512636184692e-02,4.419204592704772949e-02,2.296173572540283203e-02,-1.017122641205787659e-01,1.795800924301147461e-01,3.583067357540130615e-01,3.426417410373687744e-01,2.410502731800079346e-01,-5.111303646117448807e-03,4.581279307603836060e-02,2.031331649050116539e-03,-1.415847837924957275e-01,-1.185743603855371475e-02,2.420903295278549194e-01,1.589132696390151978e-01,1.944509521126747131e-02,4.971618764102458954e-03,1.545592099428176880e-01,-1.969190984964370728e-01,-2.458815276622772217e-01,2.694668173789978027e-01,-2.020554095506668091e-01,-6.010516546666622162e-03,-1.549585461616516113e-01,9.579902887344360352e-02,1.961112171411514282e-01,-3.195547312498092651e-02,-2.600823044776916504e-01,7.214098703116178513e-03,7.730967551469802856e-02,-3.373130857944488525e-01,-3.812902867794036865e-01,2.005736231803894043e-01,4.498542472720146179e-02,2.152797430753707886e-01,4.263202473521232605e-02,1.829448938369750977e-01,-2.426707446575164795e-01,-3.364686667919158936e-01,-1.159578412771224976e-01,-3.465829417109489441e-02,1.104064658284187317e-02,7.660177350044250488e-02,-1.144572198390960693e-01,7.157553732395172119e-02,-1.065952852368354797e-01,-6.475646793842315674e-02,-3.054516315460205078e-01,1.057105511426925659e-01,3.109668567776679993e-02,-9.374708682298660278e-02,-1.146353036165237427e-01,5.544120818376541138e-02,-1.031539961695671082e-02,1.520331203937530518e-02,-4.014727473258972168e-02,3.508865367621183395e-03,-1.190844643861055374e-02,1.320679951459169388e-02,2.914353907108306885e-01,-2.317149937152862549e-01,1.080166846513748169e-01,-2.397920042276382446e-01,-2.017206102609634399e-01,9.748880751430988312e-03,2.594329118728637695e-01,-5.886678397655487061e-02,-2.464358955621719360e-01,-8.235353976488113403e-03,2.869544327259063721e-01,-1.501888781785964966e-01,-1.910436749458312988e-01,2.044347971677780151e-01,4.618955310434103012e-03,-3.238438665866851807e-01,1.381323672831058502e-03,-2.416340559720993042e-01,-2.192156165838241577e-01,2.746165990829467773e-01,1.257792674005031586e-02,2.379734255373477936e-02,5.986065417528152466e-02,-9.807293862104415894e-02,-1.551197934895753860e-02,-7.772477716207504272e-02,-2.860308066010475159e-02,-1.460437029600143433e-01,-1.170230880379676819e-01,3.590190112590789795e-01,-5.557718686759471893e-04,-2.422103434801101685e-01,1.421378999948501587e-01,-1.037785187363624573e-01,1.378762274980545044e-01,-1.961586624383926392e-01,-4.970296099781990051e-02,1.485096961259841919e-01,1.898477971553802490e-01,-8.883087895810604095e-03,-1.968040317296981812e-01,-1.520052552223205566e-01,-1.482914318330585957e-03,1.392373144626617432e-01,-2.863034419715404510e-02,-1.840475797653198242e-01,-1.495334655046463013e-01,3.512633740901947021e-01,-2.204227596521377563e-01,3.322522640228271484e-01,2.586119249463081360e-02,-3.935416042804718018e-01,2.966444566845893860e-02,2.974051237106323242e-02,2.292637377977371216e-01,2.224433720111846924e-01,1.023681275546550751e-02,-1.559792011976242065e-01,-1.318758130073547363e-01,-2.000993117690086365e-02,1.640926003456115723e-01
6.558835506439208984e-02,8.713839575648307800e-03,-3.300040215253829956e-02,4.026244860142469406e-03,2.729058079421520233e-02,-9.575878828763961792e-02,1.362106762826442719e-02,-1.300812512636184692e-02,8.273497968912124634e-02,2.864518947899341583e-02,-2.402459643781185150e-02,-1.628344319760799408e-02,5.413367599248886108e-02,5.780975148081779480e-02,5.958084017038345337e-02,4.778325930237770081e-02,5.381938070058822632e-03,2.424357645213603973e-02,-7.373403292149305344e-03,-6.234642583876848221e-03,-1.415567249059677124e-01,3.418897092342376709e-02,-8.954906836152076721e-03,-9.512354619801044464e-03,1.083151903003454208e-02,8.649369329214096069e-02,-2.581786178052425385e-02,-3.706709668040275574e-02,-4.492698609828948975e-02,1.961766369640827179e-02,-4.157974198460578918e-02,-8.645925670862197876e-02,8.345478773117065430e-02,-2.054008655250072479e-02,6.218997761607170105e-03,-4.924156889319419861e-02,4.710237961262464523e-03,1.784250698983669281e-02,-2.765348739922046661e-02,-5.320138856768608093e-02,1.027504652738571167e-01,2.006107568740844727e-02,-3.406602656468749046e-03,1.611423911526799202e-03,-7.251911610364913940e-02,-3.000370785593986511e-02,-5.286671593785285950e-02,-2.447214163839817047e-02,3.029269725084304810e-02,3.920223191380500793e-02,-5.026184767484664917e-02,6.553315371274948120e-02,3.724661096930503845e-02,9.608772583305835724e-03,4.461341723799705505e-02,-2.669163979589939117e-02,2.236090600490570068e-03,1.394870341755449772e-03,-4.162451997399330139e-02,-2.998718433082103729e-02,-3.384895622730255127e-02,3.494954481720924377e-02,4.756967071443796158e-03,9.351824969053268433e-02,7.685305550694465637e-03,-1.723965629935264587e-02,-7.534930016845464706e-03,5.664077773690223694e-02,-5.882040783762931824e-02,7.324840873479843140e-03,-3.732050582766532898e-02,1.016436293721199036e-01,-2.871548011898994446e-02,6.369594484567642212e-02,-5.140367150306701660e-02,-6.026452034711837769e-02,-2.785860560834407806e-03,5.431170761585235596e-02,-6.963097304105758667e-02,-4.625441879034042358e-02,6.584668904542922974e-02,7.410068647004663944e-04,-1.417169906198978424e-02,4.010546021163463593e-03,-7.957730442285537720e-02,-4.661908373236656189e-02,2.047489210963249207e-02,9.655724861659109592e-04,6.799336522817611694e-02,1.155020389705896378e-02,-1.417823228985071182e-02,-3.072721883654594421e-02,-4.826916754245758057e-02,2.640959993004798889e-02,-6.179340928792953491e-02,4.242153372615575790e-03,1.679926551878452301e-02,-1.362233015242964029e-04,-2.412112616002559662e-02,7.542343437671661377e-02,1.261505205184221268e-02,6.465932726860046387e-02,-6.891540437936782837e-02,-1.109099667519330978e-02,5.691684037446975708e-02,-1.845575310289859772e-02,-6.009952351450920105e-02,-2.947416715323925018e-02,-8.389816433191299438e-02,-8.397472091019153595e-03,8.167864382266998291e-02,-3.334177890792489052e-03,-3.377261385321617126e-02,-4.149013757705688477e-02,1.019142568111419678e-02,-7.322743535041809082e-02,3.416891023516654968e-02,-1.375175826251506805e-02,-7.908616960048675537e-02,2.444975078105926514e-02,-1.826014369726181030e-02,6.612102687358856201e-02,6.372230499982833862e-02,-3.709156438708305359e-02,9.348311461508274078e-03,-7.922200858592987061e-02,1.964132767170667648e-03,1.439202297478914261e-02
1.896841637790203094e-02,3.133274987339973450e-02,-2.035150825977325439e-01,1.250622868537902832e-01,7.159538567066192627e-02,-4.865549504756927490e-03,4.514347761869430542e-02,4.419204592704772949e-02,2.864518947899341583e-02,5.591944232583045959e-02,8.144820109009742737e-03,-7.055682688951492310e-02,1.383028179407119751e-01,1.000329032540321350e-01,1.709138900041580200e-01,1.589573323726654053e-01,4.657187033444643021e-03,7.848965376615524292e-02,-9.299360960721969604e-02,-1.145081818103790283e-01,-1.033502742648124695e-01,1.948961764574050903e-01,1.049287393689155579e-01,-1.619180291891098022e-02,2.527589723467826843e-02,2.248580753803253174e-01,-1.799621880054473877e-01,-6.592634320259094238e-02,1.291528940200805664e-01,-3.354776278138160706e-02,2.912097238004207611e-02,-2.122589200735092163e-01,1.717632263898849487e-01,8.508095145225524902e-02,1.509646070189774036e-03,-1.946363747119903564e-01,2.581213042140007019e-02,6.610889732837677002e-02,-1.066092774271965027e-01,-1.515180617570877075e-01,2.016475200653076172e-01,1.145213749259710312e-02,1.641037613153457642e-01,2.259566634893417358e-02,-3.215548396110534668e-02,-1.253334283828735352e-01,-2.025000452995300293e-01,-5.705828592181205750e-02,5.393825937062501907e-03,2.071594074368476868e-02,3.366861864924430847e-02,2.984924986958503723e-02,5.800665915012359619e-02,-2.609889954328536987e-02,4.314565658569335938e-02,-1.856010407209396362e-01,4.037549346685409546e-02,1.479147747159004211e-02,-1.177635192871093750e-01,-9.850054979324340820e-02,-3.840018063783645630e-02,4.740275442600250244e-02,1.016893796622753143e-02,8.186096698045730591e-02,3.247326239943504333e-02,-4.285722970962524414e-02,2.782822959125041962e-02,1.840413510799407959e-01,-1.891239732503890991e-01,3.250290825963020325e-02,-1.394867002964019775e-01,5.251545459032058716e-02,-4.759196937084197998e-02,1.936041861772537231e-01,-6.380898505449295044e-02,-1.786049604415893555e-01,-5.150242708623409271e-03,2.286192774772644043e-01,-9.673248231410980225e-02,-1.773008555173873901e-01,2.184915393590927124e-01,3.193706041201949120e-03,-1.210515424609184265e-01,6.222508847713470459e-03,-1.601901054382324219e-01,-1.457959115505218506e-01,1.023696884512901306e-01,9.243358857929706573e-03,1.080021932721138000e-01,4.816236346960067749e-02,-4.840932413935661316e-02,-5.312304571270942688e-02,-1.746093034744262695e-01,8.976253867149353027e-02,-1.828620731830596924e-01,-9.488850831985473633e-03,1.085609346628189087e-01,-4.083792155142873526e-04,-1.268186718225479126e-01,9.439996629953384399e-02,-3.785518556833267212e-02,9.397271275520324707e-02,-2.064089030027389526e-01,-3.831640630960464478e-02,2.350884526968002319e-01,4.127392917871475220e-02,-1.702037602663040161e-01,-1.760816276073455811e-01,-7.139781117439270020e-02,-2.357943356037139893e-02,1.603729575872421265e-01,-1.034261211752891541e-01,-1.590319722890853882e-01,3.378709033131599426e-02,1.921767592430114746e-01,-1.845014244318008423e-01,9.633132815361022949e-02,7.124360650777816772e-02,-2.173154801130294800e-01,6.257180124521255493e-02,7.082790136337280273e-02,1.725853681564331055e-01,1.862046718597412109e-01,-7.389728724956512451e-02,-1.376015394926071167e-01,-1.199824884533882141e-01,7.127114571630954742e-03,1.178127229213714600e-01
-6.120866164565086365e-02,1.494094077497720718e-02,-8.295013755559921265e-02,-1.169790700078010559e-02,1.848861575126647949e-02,1.614989154040813446e-02,-2.420437987893819809e-03,2.296173572540283203e-02,-2.402459643781185150e-02,8.144820109009742737e-03,7.919494062662124634e-02,-2.702892012894153595e-02,1.194550842046737671e-01,-1.411439478397369385e-02,5.564425513148307800e-02,8.707239478826522827e-02,-3.770540235564112663e-03,1.216197945177555084e-02,-3.028497658669948578e-02,-6.796862930059432983e-02,1.263487786054611206e-01,8.035693317651748657e-02,8.247406035661697388e-02,7.552763912826776505e-03,2.344209235161542892e-03,1.063692942261695862e-01,-1.178496181964874268e-01,-4.496044293045997620e-02,1.522967964410781860e-01,-1.956230588257312775e-02,5.532266199588775635e-02,-4.538485780358314514e-02,-1.414584089070558548e-02,1.011154502630233765e-01,-9.198747575283050537e-03,-1.063166707754135132e-01,4.324948415160179138e-03,3.326311707496643066e-02,-7.415942847728729248e-02,3.372964262962341309e-02,7.538523059338331223e-03,-3.101591579616069794e-02,1.222401559352874756e-01,1.229317300021648407e-02,6.220330670475959778e-02,-1.209452375769615173e-01,-9.036762267351150513e-02,3.146006911993026733e-02,-2.477025613188743591e-02,-7.824145257472991943e-02,4.980381205677986145e-02,-4.016907885670661926e-02,-2.740782685577869415e-02,2.217472717165946960e-02,-6.936662644147872925e-02,-1.023155748844146729e-01,2.478060685098171234e-02,1.217991858720779419e-02,-3.462199494242668152e-02,-1.741549931466579437e-02,3.785310313105583191e-02,-1.873729936778545380e-02,-2.221795730292797089e-03,-8.577840775251388550e-02,-7.336832582950592041e-03,-1.595463603734970093e-02,2.538770809769630432e-02,4.399549588561058044e-02,-9.557065367698669434e-02,-1.925684278830885887e-03,-3.532913327217102051e-02,-1.185449361801147461e-01,-1.080866344273090363e-02,7.449963688850402832e-02,1.726602762937545776e-02,1.105916686356067657e-02,-4.197008907794952393e-03,1.037693098187446594e-01,1.037117615342140198e-01,-7.134421914815902710e-02,2.570722997188568115e-02,1.381172449328005314e-03,-7.271468639373779297e-02,1.080945949070155621e-03,3.587774187326431274e-02,-1.174166128039360046e-01,5.209845677018165588e-02,8.052684366703033447e-03,5.251375585794448853e-02,1.968167908489704132e-02,-9.698852896690368652e-03,3.695101663470268250e-02,-2.375356294214725494e-02,-3.904400859028100967e-03,-4.055501520633697510e-02,1.543250493705272675e-02,1.390633918344974518e-02,-9.579186007613316178e-05,-8.654323965311050415e-02,-3.711070492863655090e-02,-3.932372480630874634e-02,2.187673747539520264e-02,-6.162882223725318909e-02,-1.692455820739269257e-02,8.832778036594390869e-02,-8.371572941541671753e-02,2.442660927772521973e-02,-8.819252252578735352e-02,4.030251130461692810e-02,-8.246786892414093018e-03,-5.306234117597341537e-03,5.839433986693620682e-03,-6.308469176292419434e-02,4.210846498608589172e-02,1.120981723070144653e-01,-7.259973883628845215e-02,4.527778178453445435e-02,7.022982090711593628e-02,-2.874753996729850769e-02,3.231184091418981552e-03,5.426433682441711426e-02,2.330392785370349884e-02,5.067129433155059814e-02,-4.027691204100847244e-03,-1.177177876234054565e-01,1.140129825216718018e-04,5.143043585121631622e-03,1.778950542211532593e-02
-2.304882183670997620e-02,-4.792219772934913635e-02,3.014837801456451416e-01,-2.064815163612365723e-01,-1.039787232875823975e-01,-3.178480640053749084e-02,-3.540133312344551086e-02,-1.017122641205787659e-01,-1.628344319760799408e-02,-7.055682688951492310e-02,-2.702892012894153595e-02,1.095289215445518494e-01,-1.994137465953826904e-01,-1.711975187063217163e-01,-2.572726309299468994e-01,-2.399233132600784302e-01,-4.390178713947534561e-03,-1.302269250154495239e-01,1.312586516141891479e-01,1.660017669200897217e-01,1.137230619788169861e-01,-3.022922873497009277e-01,-1.732425987720489502e-01,2.282679453492164612e-02,-3.659635037183761597e-02,-3.165214061737060547e-01,2.715507745742797852e-01,9.166385233402252197e-02,-2.126525789499282837e-01,3.381022065877914429e-02,-6.112706288695335388e-02,3.037031292915344238e-01,-2.284907698631286621e-01,-1.539902389049530029e-01,1.907790778204798698e-03,3.012804687023162842e-01,-4.048709943890571594e-02,-9.535223990678787231e-02,1.454949826002120972e-01,2.382324337959289551e-01,-2.694591879844665527e-01,-8.612911216914653778e-03,-2.701641321182250977e-01,-3.502866625785827637e-02,1.169049763120710850e-03,1.755785048007965088e-01,2.952579557895660400e-01,8.551441133022308350e-02,1.881001144647598267e-02,-1.247276458889245987e-02,-7.296808063983917236e-02,-4.219682887196540833e-03,-8.400198072195053101e-02,6.099884212017059326e-02,-5.133075267076492310e-02,2.893268167972564697e-01,-7.322984933853149414e-02,-2.397036552429199219e-02,1.477305144071578979e-01,1.504740715026855469e-01,3.676157444715499878e-02,-5.177470669150352478e-02,-1.436061691492795944e-02,-5.732367187738418579e-02,-4.027503728866577148e-02,5.902751535177230835e-02,-4.633573442697525024e-02,-2.742659747600555420e-01,2.878467738628387451e-01,-3.725935891270637512e-02,2.007194012403488159e-01,-4.245761781930923462e-02,7.796844840049743652e-02,-2.876472771167755127e-01,7.364577800035476685e-02,2.395217716693878174e-01,6.322067696601152420e-03,-3.334479033946990967e-01,1.285692602396011353e-01,2.645002901554107666e-01,-3.157306015491485596e-01,-4.971720278263092041e-03,1.901500821113586426e-01,-8.887376636266708374e-03,2.132141590118408203e-01,2.213100045919418335e-01,-1.270750612020492554e-01,-1.502330042421817780e-02,-1.305381208658218384e-01,-6.976167112588882446e-02,5.995760113000869751e-02,7.533901184797286987e-02,2.575592696666717529e-01,-1.357528567314147949e-01,2.613521218299865723e-01,2.156345173716545105e-02,-1.662826091051101685e-01,5.768177798017859459e-04,1.988556236028671265e-01,-1.049139797687530518e-01,6.276634335517883301e-02,-9.849566221237182617e-02,3.053685426712036133e-01,5.517994239926338196e-02,-3.289333283901214600e-01,-7.005433738231658936e-02,2.278424948453903198e-01,2.752805948257446289e-01,5.745596438646316528e-02,3.218770027160644531e-02,-2.542746961116790771e-01,1.444282680749893188e-01,2.586905360221862793e-01,-4.415956884622573853e-02,-3.053182661533355713e-01,2.511745095252990723e-01,-1.441153883934020996e-01,-1.095360368490219116e-01,3.162568807601928711e-01,-9.072650969028472900e-02,-9.476330131292343140e-02,-2.426874190568923950e-01,-2.674876451492309570e-01,8.920783549547195435e-02,2.307818382978439331e-01,1.495028138160705566e-01,-4.853177350014448166e-03,-1.663052290678024292e-01
