9.311161637306213379e-01,-1.900274455547332764e-01,1.636537611484527588e-01,-1.619921252131462097e-02,-3.589504063129425049e-01,-3.891333937644958496e-01,-7.108185887336730957e-01,2.093414962291717529e-01,4.609283506870269775e-01,-4.285575151443481445e-01,4.302533566951751709e-01,1.410080194473266602e-01,-3.430036008358001709e-01,5.975966453552246094e-01,-1.289760172367095947e-01,3.173742890357971191e-01,-4.203563630580902100e-01,-3.439970612525939941e-01,5.714950561523437500e-01,6.872630119323730469e-01,-3.612322807312011719e-01,-5.196087360382080078e-01,1.605085730552673340e-01,1.104525998234748840e-01,-4.079715907573699951e-01,-2.402818500995635986e-01,4.046324789524078369e-01,4.343467950820922852e-02,-6.048765778541564941e-01,-4.276059567928314209e-01,-4.126951396465301514e-01,2.978846430778503418e-01,-1.558696329593658447e-01,-1.137356683611869812e-01,2.977704107761383057e-01,-1.991789489984512329e-01,3.248834311962127686e-01,-3.604923486709594727e-01,-4.228119254112243652e-01,3.999418914318084717e-01,2.714985013008117676e-01,-2.693377733230590820e-01,-3.048482835292816162e-01,-3.943648636341094971e-01,2.269553095102310181e-01,1.206737197935581207e-02,-3.078272193670272827e-02,-3.572629988193511963e-01,-3.589849546551704407e-02,1.279241889715194702e-01,2.461059093475341797e-01,-1.308859586715698242e-01,-3.452737033367156982e-01,-5.250451713800430298e-02,-1.182767748832702637e-01,4.032653868198394775e-01,-3.891756534576416016e-01,5.949018523097038269e-03,-3.486553132534027100e-01,-5.053532868623733521e-02,4.247335791587829590e-01,3.901605680584907532e-02,-1.760379821062088013e-01,-6.663316395133733749e-03,3.315439820289611816e-01,4.091250896453857422e-01,2.497482746839523315e-01,-8.977631479501724243e-02,2.428500652313232422e-01,3.427881300449371338e-01,3.854510486125946045e-01,-1.743474602699279785e-01,3.199635446071624756e-01,4.191830158233642578e-01,1.527577787637710571e-01,-1.756389439105987549e-01,1.038936674594879150e-01,-2.478299140930175781e-01,-5.306728482246398926e-01,5.867223069071769714e-02,-4.750312566757202148e-01,-1.091806218028068542e-01,1.975315958261489868e-01,-3.743445873260498047e-01,3.850027620792388916e-01,-2.736357152462005615e-01,3.410402536392211914e-01,-4.203172624111175537e-01,2.611855268478393555e-01,4.673280715942382812e-01,3.433401882648468018e-01,3.491269946098327637e-01,-4.364670813083648682e-01,-2.537696063518524170e-01,4.826829433441162109e-01,-5.543888807296752930e-01,3.722286522388458252e-01,5.692573636770248413e-02,-2.921993434429168701e-01,-1.944123953580856323e-01,4.400617480278015137e-01,3.066241741180419922e-01,8.632135391235351562e-02,-5.360625311732292175e-02,-4.462364912033081055e-01,-1.214198917150497437e-01,4.825856387615203857e-01,4.153394997119903564e-01,-2.508102357387542725e-01,4.041466116905212402e-01,-1.833829432725906372e-01,3.898788392543792725e-01,-4.652820527553558350e-01,-2.607498131692409515e-02,-5.094322562217712402e-01,-4.567945301532745361e-01,1.920342296361923218e-01,1.535778045654296875e-01,-5.971682071685791016e-01,-3.931770920753479004e-01,-6.986921429634094238e-01,5.339462161064147949e-01,-2.209074646234512329e-01,2.159937657415866852e-02,4.984394311904907227e-01,-3.097399771213531494e-01,4.522021114826202393e-01,-1.379015594720840454e-01
-1.900274455547332764e-01,7.523745298385620117e-01,-6.578311324119567871e-01,-7.850409746170043945e-01,6.171251535415649414e-01,1.576152592897415161e-01,4.157120287418365479e-01,2.257103770971298218e-01,-6.166101694107055664e-01,3.746993541717529297e-01,-3.207606077194213867e-01,-8.140645027160644531e-01,1.894118487834930420e-01,-3.710585236549377441e-01,8.246487379074096680e-01,-5.398546457290649414e-01,6.666093468666076660e-01,-3.857001662254333496e-01,-4.998622238636016846e-01,-5.149211883544921875e-01,7.873762249946594238e-01,5.620026960968971252e-02,-8.264541029930114746e-01,-7.569379210472106934e-01,4.020804464817047119e-01,-3.031180202960968018e-01,2.922151088714599609e-01,7.842398881912231445e-01,-2.445793151855468750e-01,2.532819807529449463e-01,5.660092234611511230e-01,1.128493398427963257e-01,6.307463049888610840e-01,7.516093850135803223e-01,-6.699730157852172852e-01,-1.296270340681076050e-01,-7.471117973327636719e-01,6.128526926040649414e-01,3.334418833255767822e-01,-3.601268231868743896e-01,1.353405714035034180e-01,6.719610095024108887e-01,-6.234368681907653809e-01,4.880763292312622070e-01,7.139709591865539551e-01,-8.199771046638488770e-01,-5.051244497299194336e-01,6.165602803230285645e-01,-3.365639150142669678e-01,-8.133524656295776367e-01,-5.111126303672790527e-01,7.146910429000854492e-01,-1.545012891292572021e-01,-6.922091245651245117e-01,-4.145702123641967773e-01,1.688811928033828735e-01,7.058639526367187500e-01,7.411920428276062012e-01,6.371699571609497070e-01,6.647119522094726562e-01,7.721037417650222778e-02,-6.574699282646179199e-01,3.454176187515258789e-01,6.416845917701721191e-01,3.833112418651580811e-01,-5.305699110031127930e-01,-6.765121817588806152e-01,-6.008383631706237793e-01,-5.926688909530639648e-01,-3.201098442077636719e-01,-5.428849458694458008e-01,-4.051924645900726318e-01,-5.288227796554565430e-01,-2.405732274055480957e-01,-7.362465262413024902e-01,4.365556836128234863e-01,-6.704382896423339844e-01,8.458188176155090332e-01,3.279374241828918457e-01,5.086644291877746582e-01,2.399010062217712402e-01,6.283014416694641113e-01,4.123598635196685791e-01,5.183874368667602539e-01,2.456880360841751099e-01,1.388355195522308350e-01,5.453547928482294083e-03,4.613029062747955322e-01,2.865938544273376465e-01,-4.803813099861145020e-01,1.526671648025512695e-01,-3.693200945854187012e-01,7.416008114814758301e-01,-2.169020771980285645e-01,-5.746099948883056641e-01,6.249692440032958984e-01,-5.034528374671936035e-01,-9.613921493291854858e-02,-6.335864663124084473e-01,-3.812489807605743408e-01,-6.054066419601440430e-01,3.064256310462951660e-01,3.854939937591552734e-01,6.842560172080993652e-01,3.053928017616271973e-01,7.348663210868835449e-01,-2.230625152587890625e-01,-5.434615015983581543e-01,-3.532570898532867432e-01,-5.296172499656677246e-01,-1.276140008121728897e-02,-2.957250475883483887e-01,6.724994778633117676e-01,5.022916197776794434e-01,2.958021461963653564e-01,3.566253483295440674e-01,-8.688863515853881836e-01,3.296446800231933594e-01,-1.863110363483428955e-01,4.763887226581573486e-01,2.025765329599380493e-01,-7.040897756814956665e-02,-5.496792793273925781e-01,7.786570489406585693e-02,5.340877547860145569e-02,-3.653274476528167725e-01,-5.522050261497497559e-01,-3.769158720970153809e-01
1.636537611484527588e-01,-6.578311324119567871e-01,9.467810988426208496e-01,7.321646213531494141e-01,-7.309776544570922852e-01,-5.548328161239624023e-01,-4.443424046039581299e-01,-6.214070320129394531e-01,7.942619323730468750e-01,-6.872892975807189941e-01,6.663130521774291992e-01,6.648942828178405762e-01,-6.157626509666442871e-01,6.605917811393737793e-01,-6.606950759887695312e-01,7.588785290718078613e-01,-8.053067922592163086e-01,-5.581519752740859985e-02,7.368428111076354980e-01,3.610161244869232178e-01,-5.591227412223815918e-01,-4.578323364257812500e-01,6.710673570632934570e-01,8.644947409629821777e-01,-7.530210614204406738e-01,5.927495360374450684e-01,2.858334966003894806e-02,-5.800710320472717285e-01,7.981522381305694580e-02,-4.747415184974670410e-01,-7.674891352653503418e-01,3.808081746101379395e-01,-8.816129565238952637e-01,-5.521919727325439453e-01,7.582232356071472168e-01,4.166285395622253418e-01,6.559860706329345703e-01,-7.972878813743591309e-01,-7.061438560485839844e-01,7.226134538650512695e-01,2.974284887313842773e-01,-7.532790303230285645e-01,3.358457386493682861e-01,-7.498042583465576172e-01,-4.235097467899322510e-01,7.131838798522949219e-01,-1.084558945149183273e-02,-8.413065075874328613e-01,5.839448571205139160e-01,7.212797999382019043e-01,3.380948901176452637e-01,-8.673336505889892578e-01,-3.364069163799285889e-01,7.885553240776062012e-01,-1.997973769903182983e-02,2.466087192296981812e-01,-8.292680382728576660e-01,-4.989398121833801270e-01,-8.864599466323852539e-01,-6.563006043434143066e-01,3.446638882160186768e-01,2.892739474773406982e-01,-5.256620645523071289e-01,-2.718314528465270996e-01,8.018989861011505127e-02,7.852209210395812988e-01,8.361524343490600586e-01,1.862496584653854370e-01,8.193141818046569824e-01,7.454435229301452637e-01,8.178833127021789551e-01,6.073516011238098145e-01,8.245672583580017090e-01,6.241047978401184082e-01,7.718158960342407227e-01,-7.570386528968811035e-01,5.129302144050598145e-01,-7.400779724121093750e-01,-1.277916133403778076e-01,-1.525211799889802933e-02,-6.443237066268920898e-01,-6.350740194320678711e-01,-3.429751694202423096e-01,-7.775743007659912109e-01,2.169296145439147949e-01,-6.080889105796813965e-01,4.795138835906982422e-01,-7.634338140487670898e-01,2.168879806995391846e-01,7.217184305191040039e-01,-2.138231098651885986e-01,7.030879855155944824e-01,-7.378684878349304199e-01,-2.318786978721618652e-01,7.831264138221740723e-01,-7.779157161712646484e-01,8.276478648185729980e-01,1.482234001159667969e-01,3.795438408851623535e-01,-6.057507172226905823e-02,7.861511707305908203e-01,1.721302419900894165e-01,6.470286101102828979e-02,-5.475441813468933105e-01,-6.733103394508361816e-01,-7.188138961791992188e-01,5.853810310363769531e-01,8.015265464782714844e-01,-1.688197404146194458e-01,7.872477173805236816e-01,-4.995002150535583496e-01,6.856281161308288574e-01,-6.394445896148681641e-01,-3.071068227291107178e-01,-6.059271097183227539e-01,-7.101813554763793945e-01,8.185206055641174316e-01,7.865451276302337646e-02,-1.778849065303802490e-01,-7.682053446769714355e-01,-4.310272037982940674e-01,4.528705179691314697e-01,1.787701100111007690e-01,1.344806998968124390e-01,3.881313800811767578e-01,-6.819632649421691895e-02,7.606630921363830566e-01,-9.803344309329986572e-02
-1.619921252131462097e-02,-7.850409746170043945e-01,7.321646213531494141e-01,9.707601070404052734e-01,-5.530110597610473633e-01,-5.430951714515686035e-02,-2.760726213455200195e-01,-4.025487899780273438e-01,5.685321092605590820e-01,-3.603444099426269531e-01,2.597551047801971436e-01,8.965622782707214355e-01,-1.793813854455947876e-01,3.042846620082855225e-01,-8.025162816047668457e-01,6.295010447502136230e-01,-6.696547865867614746e-01,4.498246014118194580e-01,4.476065337657928467e-01,3.452626168727874756e-01,-8.213527202606201172e-01,-2.769300248473882675e-03,9.035618901252746582e-01,8.969273567199707031e-01,-4.247156083583831787e-01,3.053545951843261719e-01,-4.492495954036712646e-01,-9.075844287872314453e-01,5.110081434249877930e-01,-4.401772916316986084e-01,-6.209290623664855957e-01,-1.009812429547309875e-01,-6.978095173835754395e-01,-8.485583066940307617e-01,7.921267151832580566e-01,4.130266904830932617e-01,7.144991159439086914e-01,-6.422065496444702148e-01,-3.362384140491485596e-01,3.443962633609771729e-01,-2.191090285778045654e-01,-6.608548760414123535e-01,7.675666213035583496e-01,-5.235714912414550781e-01,-8.067899346351623535e-01,9.500994086265563965e-01,4.591918289661407471e-01,-6.838579773902893066e-01,5.751059055328369141e-01,9.312983155250549316e-01,6.749428510665893555e-01,-8.086934089660644531e-01,1.574101001024246216e-01,9.099330306053161621e-01,4.115746915340423584e-01,-2.557827532291412354e-01,-7.569591403007507324e-01,-8.397793769836425781e-01,-7.170208692550659180e-01,-7.221006751060485840e-01,-1.817760616540908813e-01,7.142380475997924805e-01,-4.373915791511535645e-01,-6.982774138450622559e-01,-4.464643597602844238e-01,5.485398173332214355e-01,8.308417201042175293e-01,6.700897216796875000e-01,7.300663590431213379e-01,4.038932919502258301e-01,5.288980603218078613e-01,4.425931870937347412e-01,6.179476380348205566e-01,1.899685710668563843e-01,8.191845417022705078e-01,-6.767946481704711914e-01,7.840556502342224121e-01,-9.066644310951232910e-01,-3.576540648937225342e-01,-4.958250820636749268e-01,-2.166069149971008301e-01,-8.434917330741882324e-01,-6.419004201889038086e-01,-5.802586078643798828e-01,-2.990227937698364258e-01,-1.414669454097747803e-01,-4.014015197753906250e-03,-4.695950150489807129e-01,-2.662441134452819824e-01,3.975553512573242188e-01,-4.109675884246826172e-01,3.271157741546630859e-01,-6.603401303291320801e-01,2.748438715934753418e-01,5.801464915275573730e-01,-5.651466250419616699e-01,5.625557899475097656e-01,1.227264776825904846e-01,7.611415386199951172e-01,4.337835013866424561e-01,6.719861030578613281e-01,-3.478112518787384033e-01,-3.898431062698364258e-01,-8.692756891250610352e-01,-2.623288631439208984e-01,-7.039389610290527344e-01,1.371057331562042236e-01,5.510933399200439453e-01,3.279661238193511963e-01,5.520657896995544434e-01,-4.923265054821968079e-02,3.146542012691497803e-01,-5.649841427803039551e-01,-6.072993278503417969e-01,-2.019613981246948242e-01,-3.625288307666778564e-01,9.210975170135498047e-01,-3.557268679141998291e-01,2.711946666240692139e-01,-5.239955782890319824e-01,-3.669353574514389038e-02,-3.212970495223999023e-02,6.011563539505004883e-01,-2.218703627586364746e-01,-5.237011983990669250e-02,3.784625530242919922e-01,5.385156273841857910e-01,4.340948462486267090e-01
-3.589504063129425049e-01,6.171251535415649414e-01,-7.309776544570922852e-01,-5.530110597610473633e-01,9.694372415542602539e-01,6.671947836875915527e-01,6.361113190650939941e-01,5.744754076004028320e-01,-8.492113947868347168e-01,7.999490499496459961e-01,-8.172348141670227051e-01,-5.588814020156860352e-01,7.197372317314147949e-01,-8.000180721282958984e-01,6.428244709968566895e-01,-7.876986861228942871e-01,8.817473053932189941e-01,2.513887286186218262e-01,-8.230245113372802734e-01,-5.051119327545166016e-01,4.455952346324920654e-01,5.990335345268249512e-01,-6.703122258186340332e-01,-7.270542979240417480e-01,8.053789734840393066e-01,-5.621640086174011230e-01,-2.041481584310531616e-01,4.067270755767822266e-01,7.626728713512420654e-02,4.308979511260986328e-01,7.976167798042297363e-01,-5.021810531616210938e-01,8.469566702842712402e-01,3.537970185279846191e-01,-7.408661842346191406e-01,-2.033045589923858643e-01,-7.593800425529479980e-01,8.531744480133056641e-01,7.774103283882141113e-01,-8.119414448738098145e-01,-3.741312325000762939e-01,8.876175284385681152e-01,-1.911774873733520508e-01,8.321661949157714844e-01,2.629133462905883789e-01,-5.699249505996704102e-01,1.466864999383687973e-02,8.504076004028320312e-01,-1.888453811407089233e-01,-5.411942601203918457e-01,-2.985245585441589355e-01,8.562377691268920898e-01,4.064814746379852295e-01,-5.274007916450500488e-01,1.371962428092956543e-01,-4.019927978515625000e-01,8.322522640228271484e-01,3.787722587585449219e-01,8.153173923492431641e-01,6.604871749877929688e-01,-4.980003833770751953e-01,-1.450683921575546265e-01,5.856924653053283691e-01,1.501672565937042236e-01,-1.881110966205596924e-01,-8.615212440490722656e-01,-7.097904086112976074e-01,-4.971320554614067078e-02,-7.914205193519592285e-01,-6.967770457267761230e-01,-8.868148922920227051e-01,-3.894082307815551758e-01,-8.162171840667724609e-01,-7.578558325767517090e-01,-7.432891726493835449e-01,6.533997058868408203e-01,-5.220138430595397949e-01,6.699190139770507812e-01,3.575400263071060181e-02,-1.079766973853111267e-01,7.404411435127258301e-01,5.445019602775573730e-01,1.665393859148025513e-01,8.319214582443237305e-01,-3.888191580772399902e-01,6.360266208648681641e-01,-5.773769617080688477e-01,8.240681886672973633e-01,-2.678065598011016846e-01,-8.603599071502685547e-01,-1.554884016513824463e-01,-8.407643437385559082e-01,8.364259600639343262e-01,3.831108212471008301e-01,-8.754520416259765625e-01,8.843811154365539551e-01,-7.866470217704772949e-01,-1.577029228210449219e-01,-9.470219910144805908e-02,2.848871648311614990e-01,-7.841867804527282715e-01,-3.044858872890472412e-01,-1.955539584159851074e-01,4.117956757545471191e-01,8.023068904876708984e-01,6.490536332130432129e-01,-7.374863028526306152e-01,-8.603026866912841797e-01,2.375092357397079468e-01,-8.455051183700561523e-01,5.517846345901489258e-01,-6.720358729362487793e-01,8.215062618255615234e-01,3.574008494615554810e-02,7.727509737014770508e-01,7.820038795471191406e-01,-7.547275424003601074e-01,-3.273085057735443115e-01,3.072253763675689697e-01,8.141462802886962891e-01,6.278904676437377930e-01,-6.089457869529724121e-01,-7.202818989753723145e-02,-4.531247913837432861e-01,-4.575164318084716797e-01,2.328557074069976807e-01,-8.856709003448486328e-01,2.233261018991470337e-01
-3.891333937644958496e-01,1.576152592897415161e-01,-5.548328161239624023e-01,-5.430951714515686035e-02,6.671947836875915527e-01,9.881527423858642578e-01,6.111633777618408203e-01,5.969088673591613770e-01,-7.657883763313293457e-01,8.632068634033203125e-01,-9.401588439941406250e-01,-8.648460730910301208e-03,9.372320771217346191e-01,-8.961971998214721680e-01,1.457288563251495361e-01,-6.366661787033081055e-01,6.680060029029846191e-01,7.657359242439270020e-01,-8.250985741615295410e-01,-4.081236422061920166e-01,-5.257058888673782349e-02,9.287651181221008301e-01,-5.972477048635482788e-02,-3.439182937145233154e-01,8.551252484321594238e-01,-6.657591462135314941e-01,-7.562208175659179688e-01,-1.835246235132217407e-01,5.972524881362915039e-01,3.523573875427246094e-01,6.912006139755249023e-01,-8.697761893272399902e-01,6.290805935859680176e-01,-1.287908852100372314e-01,-4.313817918300628662e-01,-1.876437664031982422e-01,-3.271171450614929199e-01,6.926178932189941406e-01,8.988262414932250977e-01,-9.170069694519042969e-01,-8.657164573669433594e-01,5.874816179275512695e-01,4.810814857482910156e-01,7.696809768676757812e-01,-3.437139689922332764e-01,-1.921694539487361908e-02,6.179851293563842773e-01,6.839273571968078613e-01,-2.079244405031204224e-01,-4.178019240498542786e-02,2.671146988868713379e-01,5.210360288619995117e-01,8.677957653999328613e-01,-1.424327045679092407e-01,5.800348520278930664e-01,-8.844223022460937500e-01,5.795006155967712402e-01,-2.133198827505111694e-01,6.631734371185302734e-01,2.556128501892089844e-01,-9.195140004158020020e-01,4.199757277965545654e-01,4.790049195289611816e-01,-4.608778953552246094e-01,-7.669908404350280762e-01,-7.768350839614868164e-01,-4.268463551998138428e-01,5.649430751800537109e-01,-5.934693217277526855e-01,-8.268602490425109863e-01,-8.376240730285644531e-01,-4.411133825778961182e-01,-7.287912964820861816e-01,-9.578121900558471680e-01,-2.818798422813415527e-01,4.694992899894714355e-01,4.909696057438850403e-02,1.663440018892288208e-01,-1.027876362204551697e-01,-6.601558327674865723e-01,9.254535436630249023e-01,8.124036341905593872e-02,-3.470151126384735107e-01,7.401654720306396484e-01,-8.584469556808471680e-01,9.428874254226684570e-01,-8.982768058776855469e-01,8.476219773292541504e-01,-8.186258077621459961e-01,-8.611467480659484863e-01,-3.526037931442260742e-01,-9.157570600509643555e-01,5.258791446685791016e-01,8.514745235443115234e-01,-7.193585634231567383e-01,7.449197173118591309e-01,-7.607774734497070312e-01,-1.320992708206176758e-01,4.457985460758209229e-01,7.369400262832641602e-01,-6.358968019485473633e-01,-8.317019939422607422e-01,-7.079684734344482422e-01,-1.388940960168838501e-01,9.415168762207031250e-01,3.541520535945892334e-01,-9.556711316108703613e-01,-8.029354214668273926e-01,7.663563489913940430e-01,-7.833954095840454102e-01,8.769657611846923828e-01,-8.718472719192504883e-01,5.167057514190673828e-01,-3.035362660884857178e-01,9.481363296508789062e-01,8.639948964118957520e-01,-2.797417938709259033e-01,-7.310476899147033691e-01,7.539552450180053711e-01,7.889529466629028320e-01,8.503758311271667480e-01,-9.509961009025573730e-01,5.730402469635009766e-01,-6.180520057678222656e-01,-8.312280178070068359e-01,7.391237616539001465e-01,-7.859716415405273438e-01,7.764697074890136719e-01
-7.108185887336730957e-01,4.157120287418365479e-01,-4.443424046039581299e-01,-2.760726213455200195e-01,6.361113190650939941e-01,6.111633777618408203e-01,8.930565118789672852e-01,1.125233620405197144e-01,-7.662100791931152344e-01,6.816244125366210938e-01,-7.035290598869323730e-01,-3.796815574169158936e-01,5.979208350181579590e-01,-8.112634420394897461e-01,4.419952034950256348e-01,-5.920605063438415527e-01,7.216703891754150391e-01,3.361550867557525635e-01,-8.078039288520812988e-01,-7.968444228172302246e-01,4.857800006866455078e-01,6.435141563415527344e-01,-4.131213724613189697e-01,-4.614184796810150146e-01,6.864197254180908203e-01,-1.828329265117645264e-01,-3.864706456661224365e-01,1.653360873460769653e-01,4.813053011894226074e-01,4.471622705459594727e-01,7.163248658180236816e-01,-4.265330433845520020e-01,5.088227987289428711e-01,3.177490532398223877e-01,-5.965952873229980469e-01,-3.869587555527687073e-02,-5.906705260276794434e-01,6.662973761558532715e-01,6.811136603355407715e-01,-6.951667666435241699e-01,-4.514827430248260498e-01,6.011534929275512695e-01,1.479448825120925903e-01,6.648436784744262695e-01,2.366276690736413002e-03,-3.161751627922058105e-01,2.812708355486392975e-02,6.729803085327148438e-01,-1.668983548879623413e-01,-3.771673440933227539e-01,-2.504328191280364990e-01,4.840025305747985840e-01,4.548109471797943115e-01,-2.004764229059219360e-01,9.624485671520233154e-02,-4.911656975746154785e-01,6.983385086059570312e-01,2.022507190704345703e-01,6.598278880119323730e-01,3.563957810401916504e-01,-5.294771194458007812e-01,-1.424439102411270142e-01,3.803614079952239990e-01,1.046574041247367859e-01,-3.427979648113250732e-01,-6.966616511344909668e-01,-5.359697341918945312e-01,4.547483287751674652e-03,-5.212371945381164551e-01,-5.961828827857971191e-01,-7.110914587974548340e-01,-1.638452708721160889e-01,-6.308025717735290527e-01,-6.732096076011657715e-01,-4.186857044696807861e-01,3.810351490974426270e-01,-3.092267811298370361e-01,4.974092543125152588e-01,4.457781016826629639e-01,-7.127682119607925415e-02,6.828660368919372559e-01,3.378078639507293701e-01,-9.257522225379943848e-02,6.615664958953857422e-01,-4.524907171726226807e-01,5.313520431518554688e-01,-5.024586915969848633e-01,7.038602232933044434e-01,-3.327212631702423096e-01,-7.222470045089721680e-01,-2.725273370742797852e-01,-6.411851644515991211e-01,7.164020538330078125e-01,3.692184090614318848e-01,-7.517649531364440918e-01,8.102569580078125000e-01,-6.368945837020874023e-01,-1.099374368786811829e-01,1.346157044172286987e-01,2.371318489313125610e-01,-7.196906805038452148e-01,-3.651874661445617676e-01,-1.577431112527847290e-01,2.473455667495727539e-01,7.093703150749206543e-01,4.563248455524444580e-01,-7.079457640647888184e-01,-7.123209238052368164e-01,2.868116796016693115e-01,-6.982365250587463379e-01,3.994828462600708008e-01,-6.499127745628356934e-01,7.295005917549133301e-01,1.851522624492645264e-01,7.369603514671325684e-01,7.221624255180358887e-01,-5.001962780952453613e-01,-2.509035468101501465e-01,5.770903825759887695e-01,6.708491444587707520e-01,8.172772526741027832e-01,-6.847679615020751953e-01,1.615145653486251831e-01,-1.703084558248519897e-01,-5.985287427902221680e-01,3.266770243644714355e-01,-7.470406889915466309e-01,1.925656944513320923e-01
2.093414962291717529e-01,2.257103770971298218e-01,-6.214070320129394531e-01,-4.025487899780273438e-01,5.744754076004028320e-01,5.969088673591613770e-01,1.125233620405197144e-01,9.501963257789611816e-01,-5.343828201293945312e-01,5.618704557418823242e-01,-6.522343754768371582e-01,-2.092360854148864746e-01,6.928900480270385742e-01,-5.390418767929077148e-01,3.316774666309356689e-01,-4.785518348217010498e-01,5.421712994575500488e-01,3.380880057811737061e-01,-4.918360710144042969e-01,5.531461909413337708e-02,3.126037493348121643e-02,5.367542505264282227e-01,-3.240021467208862305e-01,-5.814705491065979004e-01,6.388998031616210938e-01,-7.584486007690429688e-01,-2.379049360752105713e-01,1.704273968935012817e-01,-1.530894339084625244e-01,2.838489711284637451e-01,5.285009145736694336e-01,-5.688356757164001465e-01,6.632074713706970215e-01,5.342613533139228821e-02,-4.236517548561096191e-01,-4.037074148654937744e-01,-2.991161942481994629e-01,5.675644874572753906e-01,6.504743695259094238e-01,-7.025339603424072266e-01,-4.185247421264648438e-01,5.718144774436950684e-01,-8.002261072397232056e-02,5.748293399810791016e-01,1.181313470005989075e-01,-3.299103975296020508e-01,3.327429592609405518e-01,6.287935376167297363e-01,-2.754982709884643555e-01,-2.620237171649932861e-01,6.236785650253295898e-02,6.801607012748718262e-01,4.964852035045623779e-01,-5.130641460418701172e-01,2.989273071289062500e-01,-4.590649902820587158e-01,5.552080869674682617e-01,8.140894770622253418e-02,6.438356041908264160e-01,3.655540049076080322e-01,-5.095549225807189941e-01,1.546425223350524902e-01,4.133216142654418945e-01,-2.171812355518341064e-01,-2.848668992519378662e-01,-5.903568863868713379e-01,-5.136297345161437988e-01,2.112888395786285400e-01,-6.782596707344055176e-01,-6.597434282302856445e-01,-6.881470084190368652e-01,-6.375650167465209961e-01,-6.653660535812377930e-01,-6.350527405738830566e-01,-4.298431575298309326e-01,5.979074835777282715e-01,-1.397587060928344727e-01,2.766672670841217041e-01,-4.103415608406066895e-01,-3.936532437801361084e-01,6.128001213073730469e-01,2.616278529167175293e-01,7.006604224443435669e-02,5.969243645668029785e-01,-4.341754615306854248e-01,6.928899288177490234e-01,-6.036123633384704590e-01,6.302461028099060059e-01,-4.570277333259582520e-01,-5.856178402900695801e-01,-4.443933442234992981e-02,-7.156566977500915527e-01,4.215494394302368164e-01,5.147434473037719727e-01,-5.371888875961303711e-01,5.317730307579040527e-01,-6.273063421249389648e-01,-1.075859293341636658e-01,-3.573710843920707703e-02,3.976668119430541992e-01,-4.858099520206451416e-01,-4.274346530437469482e-01,-4.616768062114715576e-01,1.193512380123138428e-01,6.440374255180358887e-01,3.627456724643707275e-01,-5.752060413360595703e-01,-6.137611269950866699e-01,4.339654445648193359e-01,-6.038872599601745605e-01,6.764951348304748535e-01,-5.496357679367065430e-01,3.376595079898834229e-01,-1.990151405334472656e-01,5.988320708274841309e-01,5.999128818511962891e-01,-4.569979012012481689e-01,-4.316826164722442627e-01,1.998158246278762817e-01,5.971931815147399902e-01,2.654683589935302734e-01,-4.931321442127227783e-01,1.330250650644302368e-01,-3.874349594116210938e-01,-3.929998874664306641e-01,3.472309708595275879e-01,-6.138172745704650879e-01,4.768773317337036133e-01
4.609283506870269775e-01,-6.166101694107055664e-01,7.942619323730468750e-01,5.685321092605590820e-01,-8.492113947868347168e-01,-7.657883763313293457e-01,-7.662100791931152344e-01,-5.343828201293945312e-01,9.616877436637878418e-01,-8.520584106445312500e-01,8.620586991310119629e-01,5.748128294944763184e-01,-7.676438093185424805e-01,8.899142146110534668e-01,-6.414587497711181641e-01,8.401471972465515137e-01,-9.275591969490051270e-01,-2.859981656074523926e-01,9.248173832893371582e-01,6.716520786285400391e-01,-5.433002710342407227e-01,-7.012687921524047852e-01,6.118203401565551758e-01,7.603553533554077148e-01,-8.737962841987609863e-01,5.761422514915466309e-01,3.091556429862976074e-01,-3.994822502136230469e-01,-2.638038098812103271e-01,-4.825740158557891846e-01,-8.898491263389587402e-01,5.279406309127807617e-01,-8.361794352531433105e-01,-4.558821916580200195e-01,8.151643872261047363e-01,2.351143211126327515e-01,7.537084221839904785e-01,-9.050630927085876465e-01,-8.508286476135253906e-01,8.794060349464416504e-01,4.980200529098510742e-01,-8.546267747879028320e-01,6.602219492197036743e-02,-8.814743161201477051e-01,-2.266951054334640503e-01,5.675016641616821289e-01,-8.294412493705749512e-02,-8.962792158126831055e-01,3.988339304924011230e-01,5.951381325721740723e-01,2.202042043209075928e-01,-8.298952579498291016e-01,-5.075320005416870117e-01,5.644494295120239258e-01,-1.031551584601402283e-01,5.002453923225402832e-01,-8.992405533790588379e-01,-3.771631717681884766e-01,-9.038207530975341797e-01,-6.380272507667541504e-01,5.769248008728027344e-01,1.869542002677917480e-01,-5.896027088165283203e-01,-1.436322778463363647e-01,2.856753468513488770e-01,9.067502617835998535e-01,7.879801988601684570e-01,3.226490318775177002e-02,8.185444474220275879e-01,8.073638081550598145e-01,9.409806728363037109e-01,5.142226815223693848e-01,8.690164685249328613e-01,8.226769566535949707e-01,6.937904357910156250e-01,-6.647487282752990723e-01,4.804078340530395508e-01,-6.967110633850097656e-01,-2.520906925201416016e-01,1.120003610849380493e-01,-8.121365904808044434e-01,-5.676717162132263184e-01,-7.266823202371597290e-02,-8.809250593185424805e-01,4.492327570915222168e-01,-7.322321534156799316e-01,6.210873723030090332e-01,-9.041227102279663086e-01,3.971758484840393066e-01,8.948948979377746582e-01,1.325174123048782349e-01,8.614981174468994141e-01,-8.699090480804443359e-01,-4.329933822154998779e-01,9.065789580345153809e-01,-9.406837224960327148e-01,8.732808232307434082e-01,1.646405458450317383e-01,9.166324883699417114e-02,-2.563958764076232910e-01,8.912287950515747070e-01,3.818992674350738525e-01,2.102929651737213135e-01,-4.271657466888427734e-01,-8.641882538795471191e-01,-7.338272929191589355e-01,8.080417513847351074e-01,9.290745854377746582e-01,-3.134701550006866455e-01,9.046192169189453125e-01,-5.936984419822692871e-01,8.144012093544006348e-01,-8.261979222297668457e-01,-2.110249698162078857e-01,-8.545472621917724609e-01,-8.632854223251342773e-01,7.584563493728637695e-01,2.796334922313690186e-01,-4.344144165515899658e-01,-8.811920285224914551e-01,-7.547929883003234863e-01,7.179489731788635254e-01,-4.375609010457992554e-02,3.013656735420227051e-01,5.866174697875976562e-01,-2.910037040710449219e-01,9.257141351699829102e-01,-2.586527168750762939e-01
-4.285575151443481445e-01,3.746993541717529297e-01,-6.872892975807189941e-01,-3.603444099426269531e-01,7.999490499496459961e-01,8.632068634033203125e-01,6.816244125366210938e-01,5.618704557418823242e-01,-8.520584106445312500e-01,8.820673227310180664e-01,-9.457316398620605469e-01,-3.112320899963378906e-01,9.299291372299194336e-01,-9.543892145156860352e-01,3.621353209018707275e-01,-7.577945590019226074e-01,8.124469518661499023e-01,5.713514089584350586e-01,-9.178967475891113281e-01,-4.952510297298431396e-01,2.507226765155792236e-01,8.314020633697509766e-01,-3.861614465713500977e-01,-6.149616241455078125e-01,9.396389722824096680e-01,-5.644737482070922852e-01,-4.969786405563354492e-01,1.348163485527038574e-01,3.448641598224639893e-01,5.711327195167541504e-01,8.610929250717163086e-01,-7.828182578086853027e-01,8.054948449134826660e-01,1.557835042476654053e-01,-6.152243614196777344e-01,-3.578853011131286621e-01,-5.069348812103271484e-01,7.867837548255920410e-01,9.569319486618041992e-01,-9.581286907196044922e-01,-6.893014311790466309e-01,7.032130956649780273e-01,1.721488535404205322e-01,8.094839453697204590e-01,-8.076585829257965088e-02,-3.394823670387268066e-01,3.967463374137878418e-01,8.676207661628723145e-01,-3.207430541515350342e-01,-3.540110290050506592e-01,-1.279343664646148682e-01,7.242937684059143066e-01,7.420260310173034668e-01,-4.015959501266479492e-01,4.113668799400329590e-01,-6.969280242919921875e-01,7.832731008529663086e-01,7.700545340776443481e-02,8.599818944931030273e-01,3.858908414840698242e-01,-7.525002956390380859e-01,1.355225890874862671e-01,4.870145916938781738e-01,-1.427791118621826172e-01,-5.702317953109741211e-01,-8.801889419555664062e-01,-6.677579879760742188e-01,2.724964618682861328e-01,-7.813780903816223145e-01,-8.898733854293823242e-01,-9.276120066642761230e-01,-3.620467483997344971e-01,-8.985408544540405273e-01,-9.427980780601501465e-01,-5.085906386375427246e-01,6.752519607543945312e-01,-2.055256515741348267e-01,4.649455845355987549e-01,8.505026996135711670e-02,-4.176654517650604248e-01,9.482664465904235840e-01,3.205790817737579346e-01,-1.677300035953521729e-02,8.321775794029235840e-01,-7.038887143135070801e-01,8.854163289070129395e-01,-8.324677348136901855e-01,9.037532806396484375e-01,-6.278569102287292480e-01,-8.823863863945007324e-01,-1.138357669115066528e-01,-9.278974533081054688e-01,6.647873520851135254e-01,6.729431152343750000e-01,-8.964372277259826660e-01,8.950383663177490234e-01,-8.964622616767883301e-01,-1.364499032497406006e-01,1.970884650945663452e-01,5.339288711547851562e-01,-7.997829914093017578e-01,-6.481533050537109375e-01,-4.975319504737854004e-01,1.872936487197875977e-01,9.621197581291198730e-01,4.579854905605316162e-01,-9.351609349250793457e-01,-9.007476568222045898e-01,6.051059365272521973e-01,-8.920625448226928711e-01,8.190301060676574707e-01,-8.799345493316650391e-01,6.386096477508544922e-01,-4.115565493702888489e-02,9.256796240806579590e-01,9.430468678474426270e-01,-5.645262002944946289e-01,-5.674764513969421387e-01,6.652542352676391602e-01,8.620865941047668457e-01,8.188401460647583008e-01,-8.621169328689575195e-01,3.234517574310302734e-01,-4.874119758605957031e-01,-7.996383309364318848e-01,5.683553814888000488e-01,-8.966551423072814941e-01,5.213884711265563965e-01
4.302533566951751709e-01,-3.207606077194213867e-01,6.663130521774291992e-01,2.597551047801971436e-01,-8.172348141670227051e-01,-9.401588439941406250e-01,-7.035290598869323730e-01,-6.522343754768371582e-01,8.620586991310119629e-01,-9.457316398620605469e-01,9.918648004531860352e-01,2.047857642173767090e-01,-9.668852686882019043e-01,9.624602198600769043e-01,-3.155847191810607910e-01,7.726027369499206543e-01,-8.178602457046508789e-01,-6.795873045921325684e-01,9.168388247489929199e-01,4.810817837715148926e-01,-1.368177086114883423e-01,-9.162562489509582520e-01,2.957241237163543701e-01,5.399435758590698242e-01,-9.476366043090820312e-01,6.367269158363342285e-01,6.282268166542053223e-01,-7.508797571063041687e-03,-4.246413409709930420e-01,-5.167068243026733398e-01,-8.339815139770507812e-01,8.489750027656555176e-01,-7.731471061706542969e-01,-3.394031152129173279e-02,6.093733906745910645e-01,3.112348616123199463e-01,4.930623769760131836e-01,-8.260111212730407715e-01,-9.663063883781433105e-01,9.820722937583923340e-01,7.784442901611328125e-01,-7.376595735549926758e-01,-2.851257026195526123e-01,-8.889577388763427734e-01,1.807195693254470825e-01,2.304351031780242920e-01,-4.820997714996337891e-01,-8.428058624267578125e-01,2.602744698524475098e-01,2.362889796495437622e-01,-1.011742930859327316e-02,-6.979880332946777344e-01,-8.137493133544921875e-01,3.141726255416870117e-01,-5.050197839736938477e-01,8.060109019279479980e-01,-7.557550668716430664e-01,3.382058814167976379e-02,-8.114640116691589355e-01,-3.889957070350646973e-01,8.586586117744445801e-01,-2.603779733180999756e-01,-5.826809406280517578e-01,2.914824187755584717e-01,6.531302332878112793e-01,9.045270085334777832e-01,6.098147630691528320e-01,-3.990609943866729736e-01,7.577158212661743164e-01,8.895171284675598145e-01,9.410474896430969238e-01,4.172425568103790283e-01,8.683426380157470703e-01,9.837749600410461426e-01,4.757011830806732178e-01,-6.355509757995605469e-01,1.404007971286773682e-01,-3.654982149600982666e-01,2.825035154819488525e-02,5.412313342094421387e-01,-9.697935581207275391e-01,-2.719576954841613770e-01,1.586050242185592651e-01,-8.777463436126708984e-01,7.931898832321166992e-01,-9.358535408973693848e-01,8.945718407630920410e-01,-9.421653747558593750e-01,7.254387140274047852e-01,9.393093585968017578e-01,2.658657431602478027e-01,9.765121936798095703e-01,-6.562659144401550293e-01,-7.828686237335205078e-01,8.706952929496765137e-01,-8.823077082633972168e-01,8.739302754402160645e-01,1.606826931238174438e-01,-3.164185881614685059e-01,-6.556914448738098145e-01,7.850032448768615723e-01,7.406818270683288574e-01,6.238182187080383301e-01,-6.714428216218948364e-02,-9.886550307273864746e-01,-4.306417703628540039e-01,9.767012596130371094e-01,9.129168391227722168e-01,-6.875834465026855469e-01,9.071269035339355469e-01,-8.701686263084411621e-01,9.073423147201538086e-01,-6.590268611907958984e-01,1.977568864822387695e-01,-9.746904373168945312e-01,-9.494756460189819336e-01,4.790537357330322266e-01,6.819805502891540527e-01,-7.104708552360534668e-01,-9.050815105438232422e-01,-8.623360395431518555e-01,9.263839125633239746e-01,-4.238067567348480225e-01,5.943797230720520020e-01,8.235997557640075684e-01,-6.675584912300109863e-01,9.169544577598571777e-01,-6.532006263732910156e-01
1.410080194473266602e-01,-8.140645027160644531e-01,6.648942828178405762e-01,8.965622782707214355e-01,-5.588814020156860352e-01,-8.648460730910301208e-03,-3.796815574169158936e-01,-2.092360854148864746e-01,5.748128294944763184e-01,-3.112320899963378906e-01,2.047857642173767090e-01,9.383231401443481445e-01,-7.145705074071884155e-02,2.770735919475555420e-01,-8.571205735206604004e-01,5.811505317687988281e-01,-6.558203101158142090e-01,5.306335091590881348e-01,4.414714872837066650e-01,4.690380990505218506e-01,-9.010478854179382324e-01,6.057025492191314697e-02,9.289146661758422852e-01,8.473806977272033691e-01,-3.501186370849609375e-01,1.957083493471145630e-01,-4.789700806140899658e-01,-9.227008223533630371e-01,4.019860625267028809e-01,-3.299608826637268066e-01,-5.639971494674682617e-01,-2.218921482563018799e-01,-6.325377225875854492e-01,-8.967791199684143066e-01,7.687887549400329590e-01,2.245988398790359497e-01,7.861779928207397461e-01,-6.050774455070495605e-01,-2.484930753707885742e-01,2.676660418510437012e-01,-2.819697260856628418e-01,-6.588616967201232910e-01,7.752938866615295410e-01,-4.788904488086700439e-01,-8.413410186767578125e-01,9.359607100486755371e-01,6.089523434638977051e-01,-6.083213090896606445e-01,4.449152052402496338e-01,9.416450262069702148e-01,6.798475384712219238e-01,-7.334174513816833496e-01,2.666417658329010010e-01,8.139536380767822266e-01,5.019237995147705078e-01,-3.282976746559143066e-01,-7.202979326248168945e-01,-8.842901587486267090e-01,-6.491394639015197754e-01,-7.395131587982177734e-01,-2.462192177772521973e-01,8.011219501495361328e-01,-3.866655826568603516e-01,-8.048543930053710938e-01,-5.199326872825622559e-01,5.008062124252319336e-01,7.650898694992065430e-01,7.685801386833190918e-01,6.051859259605407715e-01,3.014435768127441406e-01,4.762763977050781250e-01,3.489406704902648926e-01,5.154957771301269531e-01,1.195084750652313232e-01,8.108113408088684082e-01,-5.465753078460693359e-01,8.174362182617187500e-01,-9.308485984802246094e-01,-4.281864762306213379e-01,-6.262301206588745117e-01,-1.422650516033172607e-01,-8.141289949417114258e-01,-6.316890716552734375e-01,-5.139944553375244141e-01,-3.808187246322631836e-01,-2.262837439775466919e-02,-1.030005440115928650e-01,-4.032813906669616699e-01,-3.994204401969909668e-01,3.715080022811889648e-01,-3.231642842292785645e-01,2.482620626688003540e-01,-7.330414056777954102e-01,3.815376460552215576e-01,5.605431199073791504e-01,-5.585431456565856934e-01,4.771385788917541504e-01,1.089421734213829041e-01,7.787404060363769531e-01,5.091773867607116699e-01,6.379718184471130371e-01,-4.483714699745178223e-01,-5.312793254852294922e-01,-8.617565035820007324e-01,-2.057007104158401489e-01,-7.671408653259277344e-01,8.850249648094177246e-02,5.042002797126770020e-01,4.581972658634185791e-01,4.901977479457855225e-01,1.031729131937026978e-01,2.411985248327255249e-01,-6.485059261322021484e-01,-6.770516037940979004e-01,-1.565980911254882812e-01,-3.029219508171081543e-01,9.141725301742553711e-01,-4.624002575874328613e-01,3.069480359554290771e-01,-4.540800452232360840e-01,-8.774464577436447144e-02,-7.105189561843872070e-02,6.913433670997619629e-01,-2.774825692176818848e-01,-1.237182691693305969e-01,4.780875444412231445e-01,4.935750961303710938e-01,5.444483757019042969e-01
