9.999983310699462891e-01,-9.999986290931701660e-01,-9.999940395355224609e-01,9.999978542327880859e-01,9.999989867210388184e-01,-9.999987483024597168e-01,9.999955892562866211e-01,9.999991059303283691e-01,-9.999970197677612305e-01,9.999982714653015137e-01,-9.999987483024597168e-01,-9.999989867210388184e-01,9.999979138374328613e-01,9.999984502792358398e-01,9.999933242797851562e-01,9.999959468841552734e-01,9.999974370002746582e-01,-9.999982118606567383e-01,9.999929666519165039e-01,-9.999991059303283691e-01,-9.999989271163940430e-01,9.999930858612060547e-01,9.999986886978149414e-01,9.999981522560119629e-01,9.999886155128479004e-01,9.999989271163940430e-01,-9.999982118606567383e-01,-9.999989271163940430e-01,9.999899268150329590e-01,-9.999960660934448242e-01,-9.999918937683105469e-01,-9.999982714653015137e-01,9.999874234199523926e-01,9.999959468841552734e-01,-9.999979734420776367e-01,9.999570846557617188e-01,9.999991655349731445e-01,9.999985694885253906e-01,9.999904632568359375e-01,-9.999988675117492676e-01,9.999987483024597168e-01,-9.999753832817077637e-01,9.999818801879882812e-01,9.999988675117492676e-01,9.999983310699462891e-01,9.999982118606567383e-01,-9.999934434890747070e-01,9.999985098838806152e-01,9.999988079071044922e-01,-9.999985694885253906e-01,-9.999988675117492676e-01,-9.999983906745910645e-01,-9.999989271163940430e-01,-9.999930858612060547e-01,-9.999983906745910645e-01,-9.999981522560119629e-01,-9.999933838844299316e-01,9.999824762344360352e-01,9.999965429306030273e-01,9.999982714653015137e-01,-9.999985098838806152e-01,9.999989271163940430e-01,9.999983310699462891e-01,9.999954104423522949e-01,-9.999951720237731934e-01,-9.999989271163940430e-01,-9.999991059303283691e-01,-9.999959468841552734e-01,-9.999989867210388184e-01,9.999985694885253906e-01,-9.999988675117492676e-01,9.999976158142089844e-01,9.999735355377197266e-01,-9.999936223030090332e-01,-9.999805688858032227e-01,-9.999983310699462891e-01,9.999921917915344238e-01,9.999988079071044922e-01,-9.999946355819702148e-01,-9.999958872795104980e-01,9.999835491180419922e-01,9.999976158142089844e-01,-9.999988079071044922e-01,9.999982118606567383e-01,-9.999982714653015137e-01,-9.999887943267822266e-01,9.999755024909973145e-01,9.999989867210388184e-01,9.999890327453613281e-01,-9.992821216583251953e-01,-9.999958276748657227e-01,9.999984502792358398e-01,-9.999843239784240723e-01,-9.999976158142089844e-01,9.999980926513671875e-01,-9.999977350234985352e-01,-9.999895095825195312e-01,9.999990463256835938e-01,-9.999988079071044922e-01,9.999965429306030273e-01,-9.999966621398925781e-01,9.999987483024597168e-01,-9.997018575668334961e-01,9.999135732650756836e-01,9.999985694885253906e-01,9.999970793724060059e-01,-9.999812245368957520e-01,-9.999983906745910645e-01,-9.999937415122985840e-01,9.999985098838806152e-01,-9.999985098838806152e-01,9.999980330467224121e-01,-9.999983310699462891e-01,-9.999489784240722656e-01,9.999990463256835938e-01,-9.999974966049194336e-01,9.999990463256835938e-01,-9.999981522560119629e-01,-9.999951124191284180e-01,-9.999974966049194336e-01,-9.999987483024597168e-01,9.999966025352478027e-01,9.999981522560119629e-01,-9.999973773956298828e-01,-9.999905228614807129e-01,-9.999952912330627441e-01,9.999893903732299805e-01,-9.999945759773254395e-01
-9.999986290931701660e-01,9.999989271163940430e-01,9.999951720237731934e-01,-9.999982118606567383e-01,-9.999992251396179199e-01,9.999990463256835938e-01,-9.999963641166687012e-01,-9.999992251396179199e-01,9.999974966049194336e-01,-9.999985694885253906e-01,9.999990463256835938e-01,9.999991655349731445e-01,-9.999983906745910645e-01,-9.999988079071044922e-01,-9.999945163726806641e-01,-9.999966025352478027e-01,-9.999977946281433105e-01,9.999986290931701660e-01,-9.999942183494567871e-01,9.999993443489074707e-01,9.999991655349731445e-01,-9.999943971633911133e-01,-9.999989271163940430e-01,-9.999983906745910645e-01,-9.999906420707702637e-01,-9.999992847442626953e-01,9.999985694885253906e-01,9.999992251396179199e-01,-9.999917745590209961e-01,9.999967813491821289e-01,9.999934434890747070e-01,9.999986886978149414e-01,-9.999896287918090820e-01,-9.999966025352478027e-01,9.999983906745910645e-01,-9.999647140502929688e-01,-9.999992847442626953e-01,-9.999988675117492676e-01,-9.999920725822448730e-01,9.999991059303283691e-01,-9.999989271163940430e-01,9.999797344207763672e-01,-9.999850988388061523e-01,-9.999992251396179199e-01,-9.999986290931701660e-01,-9.999986290931701660e-01,9.999946355819702148e-01,-9.999988079071044922e-01,-9.999991059303283691e-01,9.999987483024597168e-01,9.999991655349731445e-01,9.999987483024597168e-01,9.999991059303283691e-01,9.999943971633911133e-01,9.999986886978149414e-01,9.999984502792358398e-01,9.999945163726806641e-01,-9.999855756759643555e-01,-9.999971985816955566e-01,-9.999985694885253906e-01,9.999986886978149414e-01,-9.999991655349731445e-01,-9.999986886978149414e-01,-9.999961853027343750e-01,9.999960064888000488e-01,9.999992251396179199e-01,9.999992847442626953e-01,9.999966621398925781e-01,9.999991655349731445e-01,-9.999988079071044922e-01,9.999990463256835938e-01,-9.999979734420776367e-01,-9.999783039093017578e-01,9.999947547912597656e-01,9.999840259552001953e-01,9.999986290931701660e-01,-9.999936819076538086e-01,-9.999991059303283691e-01,9.999955892562866211e-01,9.999966025352478027e-01,-9.999864697456359863e-01,-9.999980926513671875e-01,9.999991059303283691e-01,-9.999983906745910645e-01,9.999985694885253906e-01,9.999907612800598145e-01,-9.999799132347106934e-01,-9.999992847442626953e-01,-9.999909996986389160e-01,9.994090795516967773e-01,9.999964833259582520e-01,-9.999987483024597168e-01,9.999871253967285156e-01,9.999979734420776367e-01,-9.999984502792358398e-01,9.999981522560119629e-01,9.999913573265075684e-01,-9.999992251396179199e-01,9.999991655349731445e-01,-9.999971985816955566e-01,9.999972581863403320e-01,-9.999991059303283691e-01,9.997547268867492676e-01,-9.999288916587829590e-01,-9.999988675117492676e-01,-9.999976158142089844e-01,9.999846816062927246e-01,9.999986886978149414e-01,9.999948740005493164e-01,-9.999988675117492676e-01,9.999988675117492676e-01,-9.999983906745910645e-01,9.999986886978149414e-01,9.999580383300781250e-01,-9.999993443489074707e-01,9.999979734420776367e-01,-9.999992251396179199e-01,9.999985694885253906e-01,9.999959468841552734e-01,9.999979734420776367e-01,9.999989867210388184e-01,-9.999971985816955566e-01,-9.999984502792358398e-01,9.999979138374328613e-01,9.999921917915344238e-01,9.999960660934448242e-01,-9.999913573265075684e-01,9.999955892562866211e-01
-9.999940395355224609e-01,9.999951720237731934e-01,9.999782443046569824e-01,-9.999922513961791992e-01,-9.999959468841552734e-01,9.999956488609313965e-01,-9.999839663505554199e-01,-9.999964237213134766e-01,9.999890327453613281e-01,-9.999937415122985840e-01,9.999955296516418457e-01,9.999959468841552734e-01,-9.999928474426269531e-01,-9.999945163726806641e-01,-9.999752044677734375e-01,-9.999850988388061523e-01,-9.999904036521911621e-01,9.999937415122985840e-01,-9.999742507934570312e-01,9.999966025352478027e-01,9.999960660934448242e-01,-9.999750852584838867e-01,-9.999949336051940918e-01,-9.999930262565612793e-01,-9.999583363533020020e-01,-9.999961853027343750e-01,9.999936223030090332e-01,9.999960064888000488e-01,-9.999633431434631348e-01,9.999858736991882324e-01,9.999703168869018555e-01,9.999939203262329102e-01,-9.999536871910095215e-01,-9.999849796295166016e-01,9.999926090240478516e-01,-9.998430609703063965e-01,-9.999963045120239258e-01,-9.999948740005493164e-01,-9.999647140502929688e-01,9.999959468841552734e-01,-9.999951124191284180e-01,9.999099373817443848e-01,-9.999336004257202148e-01,-9.999959468841552734e-01,-9.999938607215881348e-01,-9.999935626983642578e-01,9.999760985374450684e-01,-9.999947547912597656e-01,-9.999955892562866211e-01,9.999945759773254395e-01,9.999955892562866211e-01,9.999942183494567871e-01,9.999958872795104980e-01,9.999746084213256836e-01,9.999941587448120117e-01,9.999933242797851562e-01,9.999757409095764160e-01,-9.999356269836425781e-01,-9.999873638153076172e-01,-9.999938011169433594e-01,9.999943375587463379e-01,-9.999961256980895996e-01,-9.999942779541015625e-01,-9.999832510948181152e-01,9.999821186065673828e-01,9.999957680702209473e-01,9.999963641166687012e-01,9.999855160713195801e-01,9.999960660934448242e-01,-9.999945759773254395e-01,9.999956488609313965e-01,-9.999912977218627930e-01,-9.999030828475952148e-01,9.999766349792480469e-01,9.999287128448486328e-01,9.999940395355224609e-01,-9.999713897705078125e-01,-9.999954700469970703e-01,9.999800324440002441e-01,9.999850392341613770e-01,-9.999393820762634277e-01,-9.999915957450866699e-01,9.999957680702209473e-01,-9.999930858612060547e-01,9.999938011169433594e-01,9.999586939811706543e-01,-9.999102354049682617e-01,-9.999960660934448242e-01,-9.999598264694213867e-01,9.973795413970947266e-01,9.999846220016479492e-01,-9.999941587448120117e-01,9.999426603317260742e-01,9.999912977218627930e-01,-9.999929070472717285e-01,9.999918937683105469e-01,9.999616146087646484e-01,-9.999963045120239258e-01,9.999957084655761719e-01,-9.999877214431762695e-01,9.999880194664001465e-01,-9.999958276748657227e-01,9.989106655120849609e-01,-9.996840357780456543e-01,-9.999951124191284180e-01,-9.999894499778747559e-01,9.999312758445739746e-01,9.999942183494567871e-01,9.999767541885375977e-01,-9.999946951866149902e-01,9.999946355819702148e-01,-9.999928474426269531e-01,9.999940395355224609e-01,9.998133182525634766e-01,-9.999964833259582520e-01,9.999910593032836914e-01,-9.999961853027343750e-01,9.999933838844299316e-01,9.999822974205017090e-01,9.999910593032836914e-01,9.999952912330627441e-01,-9.999875426292419434e-01,-9.999932050704956055e-01,9.999908804893493652e-01,9.999653697013854980e-01,9.999827146530151367e-01,-9.999611973762512207e-01,9.999801516532897949e-01
9.999978542327880859e-01,-9.999982118606567383e-01,-9.999922513961791992e-01,9.999971389770507812e-01,9.999985694885253906e-01,-9.999983906745910645e-01,9.999942183494567871e-01,9.999986290931701660e-01,-9.999960064888000488e-01,9.999976754188537598e-01,-9.999982714653015137e-01,-9.999985694885253906e-01,9.999973773956298828e-01,9.999980330467224121e-01,9.999911189079284668e-01,9.999946355819702148e-01,9.999964237213134766e-01,-9.999976754188537598e-01,9.999908208847045898e-01,-9.999988675117492676e-01,-9.999985694885253906e-01,9.999910593032836914e-01,9.999981522560119629e-01,9.999974370002746582e-01,9.999852180480957031e-01,9.999986290931701660e-01,-9.999976158142089844e-01,-9.999985098838806152e-01,9.999868869781494141e-01,-9.999948740005493164e-01,-9.999894499778747559e-01,-9.999977350234985352e-01,9.999834895133972168e-01,9.999946355819702148e-01,-9.999973177909851074e-01,9.999440908432006836e-01,9.999986886978149414e-01,9.999980330467224121e-01,9.999874830245971680e-01,-9.999984502792358398e-01,9.999982714653015137e-01,-9.999678730964660645e-01,9.999763369560241699e-01,9.999984502792358398e-01,9.999977350234985352e-01,9.999976158142089844e-01,-9.999914765357971191e-01,9.999980926513671875e-01,9.999983906745910645e-01,-9.999980330467224121e-01,-9.999983310699462891e-01,-9.999979138374328613e-01,-9.999985098838806152e-01,-9.999909400939941406e-01,-9.999977946281433105e-01,-9.999974966049194336e-01,-9.999912977218627930e-01,9.999771714210510254e-01,9.999954700469970703e-01,9.999977350234985352e-01,-9.999979734420776367e-01,9.999985098838806152e-01,9.999978542327880859e-01,9.999940395355224609e-01,-9.999936223030090332e-01,-9.999985098838806152e-01,-9.999986886978149414e-01,-9.999948143959045410e-01,-9.999985694885253906e-01,9.999980330467224121e-01,-9.999983906745910645e-01,9.999968409538269043e-01,9.999654889106750488e-01,-9.999916553497314453e-01,-9.999746084213256836e-01,-9.999977946281433105e-01,9.999898076057434082e-01,9.999983310699462891e-01,-9.999929070472717285e-01,-9.999945759773254395e-01,9.999785423278808594e-01,9.999969005584716797e-01,-9.999984502792358398e-01,9.999974966049194336e-01,-9.999977946281433105e-01,-9.999852776527404785e-01,9.999681115150451660e-01,9.999986290931701660e-01,9.999857544898986816e-01,-9.990653395652770996e-01,-9.999943971633911133e-01,9.999978542327880859e-01,-9.999796152114868164e-01,-9.999968409538269043e-01,9.999974966049194336e-01,-9.999970197677612305e-01,-9.999863505363464355e-01,9.999986886978149414e-01,-9.999984502792358398e-01,9.999956488609313965e-01,-9.999956488609313965e-01,9.999983906745910645e-01,-9.996118545532226562e-01,9.998874664306640625e-01,9.999981522560119629e-01,9.999960660934448242e-01,-9.999755620956420898e-01,-9.999978542327880859e-01,-9.999916553497314453e-01,9.999980330467224121e-01,-9.999979734420776367e-01,9.999974370002746582e-01,-9.999977946281433105e-01,-9.999334216117858887e-01,9.999986886978149414e-01,-9.999966621398925781e-01,9.999986290931701660e-01,-9.999975562095642090e-01,-9.999936223030090332e-01,-9.999967813491821289e-01,-9.999982118606567383e-01,9.999955296516418457e-01,9.999974966049194336e-01,-9.999966025352478027e-01,-9.999876022338867188e-01,-9.999938607215881348e-01,9.999860525131225586e-01,-9.999929070472717285e-01
9.999989867210388184e-01,-9.999992251396179199e-01,-9.999959468841552734e-01,9.999985694885253906e-01,9.999994039535522461e-01,-9.999992251396179199e-01,9.999970197677612305e-01,9.999994039535522461e-01,-9.999979734420776367e-01,9.999988675117492676e-01,-9.999992251396179199e-01,-9.999992847442626953e-01,9.999986886978149414e-01,9.999990463256835938e-01,9.999954700469970703e-01,9.999972581863403320e-01,9.999983310699462891e-01,-9.999988675117492676e-01,9.999953508377075195e-01,-9.999994039535522461e-01,-9.999993443489074707e-01,9.999954104423522949e-01,9.999992251396179199e-01,9.999986886978149414e-01,9.999924302101135254e-01,9.999993443489074707e-01,-9.999988079071044922e-01,-9.999994039535522461e-01,9.999932646751403809e-01,-9.999973773956298828e-01,-9.999945759773254395e-01,-9.999989271163940430e-01,9.999915957450866699e-01,9.999973177909851074e-01,-9.999986886978149414e-01,9.999714493751525879e-01,9.999994635581970215e-01,9.999992251396179199e-01,9.999935626983642578e-01,-9.999993443489074707e-01,9.999992847442626953e-01,-9.999836683273315430e-01,9.999880194664001465e-01,9.999992847442626953e-01,9.999988675117492676e-01,9.999988079071044922e-01,-9.999956488609313965e-01,9.999990463256835938e-01,9.999993443489074707e-01,-9.999990463256835938e-01,-9.999992251396179199e-01,-9.999989867210388184e-01,-9.999992847442626953e-01,-9.999953508377075195e-01,-9.999989271163940430e-01,-9.999987483024597168e-01,-9.999955892562866211e-01,9.999883174896240234e-01,9.999977350234985352e-01,9.999989271163940430e-01,-9.999989867210388184e-01,9.999993443489074707e-01,9.999989271163940430e-01,9.999969005584716797e-01,-9.999966621398925781e-01,-9.999992847442626953e-01,-9.999994039535522461e-01,-9.999973177909851074e-01,-9.999992847442626953e-01,9.999991655349731445e-01,-9.999993443489074707e-01,9.999983906745910645e-01,9.999824166297912598e-01,-9.999957680702209473e-01,-9.999871253967285156e-01,-9.999988675117492676e-01,9.999948740005493164e-01,9.999992251396179199e-01,-9.999964237213134766e-01,-9.999972581863403320e-01,9.999890327453613281e-01,9.999984502792358398e-01,-9.999992847442626953e-01,9.999987483024597168e-01,-9.999988675117492676e-01,-9.999926090240478516e-01,9.999837279319763184e-01,9.999994039535522461e-01,9.999927282333374023e-01,-9.995214343070983887e-01,-9.999971985816955566e-01,9.999989867210388184e-01,-9.999896287918090820e-01,-9.999984502792358398e-01,9.999987483024597168e-01,-9.999985098838806152e-01,-9.999930262565612793e-01,9.999993443489074707e-01,-9.999992251396179199e-01,9.999977946281433105e-01,-9.999977946281433105e-01,9.999992847442626953e-01,-9.998012185096740723e-01,9.999423623085021973e-01,9.999991655349731445e-01,9.999980330467224121e-01,-9.999874830245971680e-01,-9.999989271163940430e-01,-9.999957680702209473e-01,9.999990463256835938e-01,-9.999991655349731445e-01,9.999987483024597168e-01,-9.999989271163940430e-01,-9.999659657478332520e-01,9.999994039535522461e-01,-9.999983310699462891e-01,9.999994039535522461e-01,-9.999988079071044922e-01,-9.999967217445373535e-01,-9.999983310699462891e-01,-9.999991655349731445e-01,9.999977350234985352e-01,9.999986886978149414e-01,-9.999983310699462891e-01,-9.999936819076538086e-01,-9.999967813491821289e-01,9.999929070472717285e-01,-9.999964237213134766e-01
-9.999987483024597168e-01,9.999990463256835938e-01,9.999956488609313965e-01,-9.999983906745910645e-01,-9.999992251396179199e-01,9.999991655349731445e-01,-9.999967217445373535e-01,-9.999993443489074707e-01,9.999977350234985352e-01,-9.999986290931701660e-01,9.999991655349731445e-01,9.999992251396179199e-01,-9.999984502792358398e-01,-9.999988675117492676e-01,-9.999949932098388672e-01,-9.999969601631164551e-01,-9.999980330467224121e-01,9.999986886978149414e-01,-9.999947547912597656e-01,9.999993443489074707e-01,9.999991655349731445e-01,-9.999948740005493164e-01,-9.999989867210388184e-01,-9.999985694885253906e-01,-9.999915957450866699e-01,-9.999992847442626953e-01,9.999986886978149414e-01,9.999992251396179199e-01,-9.999926090240478516e-01,9.999970793724060059e-01,9.999939203262329102e-01,9.999988079071044922e-01,-9.999906420707702637e-01,-9.999969005584716797e-01,9.999985694885253906e-01,-9.999683499336242676e-01,-9.999994039535522461e-01,-9.999989271163940430e-01,-9.999929070472717285e-01,9.999992251396179199e-01,-9.999990463256835938e-01,9.999818801879882812e-01,-9.999865889549255371e-01,-9.999992251396179199e-01,-9.999987483024597168e-01,-9.999986886978149414e-01,9.999951720237731934e-01,-9.999989271163940430e-01,-9.999991655349731445e-01,9.999988079071044922e-01,9.999991655349731445e-01,9.999988079071044922e-01,9.999992251396179199e-01,9.999948740005493164e-01,9.999988079071044922e-01,9.999985694885253906e-01,9.999951124191284180e-01,-9.999870061874389648e-01,-9.999973773956298828e-01,-9.999987483024597168e-01,9.999988675117492676e-01,-9.999991655349731445e-01,-9.999987483024597168e-01,-9.999965429306030273e-01,9.999963045120239258e-01,9.999991655349731445e-01,9.999992251396179199e-01,9.999970197677612305e-01,9.999992847442626953e-01,-9.999988675117492676e-01,9.999992251396179199e-01,-9.999982118606567383e-01,-9.999804496765136719e-01,9.999952316284179688e-01,9.999855756759643555e-01,9.999987483024597168e-01,-9.999942183494567871e-01,-9.999991059303283691e-01,9.999959468841552734e-01,9.999969005584716797e-01,-9.999877810478210449e-01,-9.999981522560119629e-01,9.999991655349731445e-01,-9.999985098838806152e-01,9.999987483024597168e-01,9.999917149543762207e-01,-9.999818801879882812e-01,-9.999992251396179199e-01,-9.999918341636657715e-01,9.994693398475646973e-01,9.999968409538269043e-01,-9.999988675117492676e-01,9.999884366989135742e-01,9.999982118606567383e-01,-9.999986290931701660e-01,9.999982714653015137e-01,9.999922513961791992e-01,-9.999992251396179199e-01,9.999991655349731445e-01,-9.999974370002746582e-01,9.999974966049194336e-01,-9.999992251396179199e-01,9.997797012329101562e-01,-9.999361038208007812e-01,-9.999990463256835938e-01,-9.999977946281433105e-01,9.999860525131225586e-01,9.999988079071044922e-01,9.999952912330627441e-01,-9.999988675117492676e-01,9.999989271163940430e-01,-9.999985098838806152e-01,9.999988079071044922e-01,9.999622106552124023e-01,-9.999992847442626953e-01,9.999981522560119629e-01,-9.999992847442626953e-01,9.999986290931701660e-01,9.999962449073791504e-01,9.999980330467224121e-01,9.999991059303283691e-01,-9.999974966049194336e-01,-9.999985694885253906e-01,9.999980330467224121e-01,9.999930262565612793e-01,9.999964237213134766e-01,-9.999921321868896484e-01,9.999960064888000488e-01
9.999955892562866211e-01,-9.999963641166687012e-01,-9.999839663505554199e-01,9.999942183494567871e-01,9.999970197677612305e-01,-9.999967217445373535e-01,9.999881386756896973e-01,9.999973177909851074e-01,-9.999918937683105469e-01,9.999952912330627441e-01,-9.999966621398925781e-01,-9.999971389770507812e-01,9.999947547912597656e-01,9.999958872795104980e-01,9.999817013740539551e-01,9.999890923500061035e-01,9.999929666519165039e-01,-9.999953508377075195e-01,9.999811053276062012e-01,-9.999974966049194336e-01,-9.999970793724060059e-01,9.999815225601196289e-01,9.999961853027343750e-01,9.999948740005493164e-01,9.999694824218750000e-01,9.999971985816955566e-01,-9.999952316284179688e-01,-9.999969601631164551e-01,9.999729394912719727e-01,-9.999895691871643066e-01,-9.999781847000122070e-01,-9.999954700469970703e-01,9.999659061431884766e-01,9.999889731407165527e-01,-9.999945163726806641e-01,9.998845458030700684e-01,9.999972581863403320e-01,9.999960064888000488e-01,9.999740719795227051e-01,-9.999969601631164551e-01,9.999963641166687012e-01,-9.999337792396545410e-01,9.999512434005737305e-01,9.999970197677612305e-01,9.999954700469970703e-01,9.999952912330627441e-01,-9.999824166297912598e-01,9.999960660934448242e-01,9.999966621398925781e-01,-9.999958276748657227e-01,-9.999967217445373535e-01,-9.999956488609313965e-01,-9.999969005584716797e-01,-9.999813437461853027e-01,-9.999956488609313965e-01,-9.999950528144836426e-01,-9.999821186065673828e-01,9.999526739120483398e-01,9.999906420707702637e-01,9.999954104423522949e-01,-9.999957680702209473e-01,9.999971389770507812e-01,9.999957084655761719e-01,9.999876022338867188e-01,-9.999868869781494141e-01,-9.999968409538269043e-01,-9.999974370002746582e-01,-9.999892711639404297e-01,-9.999971389770507812e-01,9.999959468841552734e-01,-9.999967217445373535e-01,9.999935626983642578e-01,9.999287724494934082e-01,-9.999827742576599121e-01,-9.999476671218872070e-01,-9.999955296516418457e-01,9.999790191650390625e-01,9.999966025352478027e-01,-9.999853372573852539e-01,-9.999889731407165527e-01,9.999554753303527832e-01,9.999937415122985840e-01,-9.999968409538269043e-01,9.999948143959045410e-01,-9.999954104423522949e-01,-9.999696612358093262e-01,9.999340176582336426e-01,9.999971985816955566e-01,9.999704957008361816e-01,-9.980737566947937012e-01,-9.999886155128479004e-01,9.999956488609313965e-01,-9.999578595161437988e-01,-9.999935626983642578e-01,9.999946951866149902e-01,-9.999940395355224609e-01,-9.999718070030212402e-01,9.999973177909851074e-01,-9.999967813491821289e-01,9.999909400939941406e-01,-9.999911785125732422e-01,9.999967813491821289e-01,-9.991994500160217285e-01,9.997679591178894043e-01,9.999962449073791504e-01,9.999921321868896484e-01,-9.999495148658752441e-01,-9.999956488609313965e-01,-9.999828934669494629e-01,9.999958872795104980e-01,-9.999958872795104980e-01,9.999947547912597656e-01,-9.999955892562866211e-01,-9.998627901077270508e-01,9.999973177909851074e-01,-9.999934434890747070e-01,9.999971985816955566e-01,-9.999951124191284180e-01,-9.999870061874389648e-01,-9.999934434890747070e-01,-9.999964833259582520e-01,9.999907612800598145e-01,9.999950528144836426e-01,-9.999932050704956055e-01,-9.999745488166809082e-01,-9.999873042106628418e-01,9.999715089797973633e-01,-9.999853968620300293e-01
9.999991059303283691e-01,-9.999992251396179199e-01,-9.999964237213134766e-01,9.999986290931701660e-01,9.999994039535522461e-01,-9.999993443489074707e-01,9.999973177909851074e-01,9.999994635581970215e-01,-9.999982118606567383e-01,9.999989271163940430e-01,-9.999992847442626953e-01,-9.999994039535522461e-01,9.999988675117492676e-01,9.999991655349731445e-01,9.999960064888000488e-01,9.999974966049194336e-01,9.999984502792358398e-01,-9.999989867210388184e-01,9.999957680702209473e-01,-9.999994635581970215e-01,-9.999994039535522461e-01,9.999958872795104980e-01,9.999992251396179199e-01,9.999988675117492676e-01,9.999932646751403809e-01,9.999994039535522461e-01,-9.999988675117492676e-01,-9.999993443489074707e-01,9.999940395355224609e-01,-9.999976754188537598e-01,-9.999952316284179688e-01,-9.999990463256835938e-01,9.999926090240478516e-01,9.999975562095642090e-01,-9.999987483024597168e-01,9.999747276306152344e-01,9.999995231628417969e-01,9.999992251396179199e-01,9.999943375587463379e-01,-9.999993443489074707e-01,9.999992251396179199e-01,-9.999854564666748047e-01,9.999893307685852051e-01,9.999994039535522461e-01,9.999990463256835938e-01,9.999989271163940430e-01,-9.999960660934448242e-01,9.999991655349731445e-01,9.999992847442626953e-01,-9.999991655349731445e-01,-9.999993443489074707e-01,-9.999991059303283691e-01,-9.999992847442626953e-01,-9.999959468841552734e-01,-9.999989867210388184e-01,-9.999988675117492676e-01,-9.999960064888000488e-01,9.999895691871643066e-01,9.999979734420776367e-01,9.999989867210388184e-01,-9.999991059303283691e-01,9.999994039535522461e-01,9.999991059303283691e-01,9.999972581863403320e-01,-9.999970793724060059e-01,-9.999993443489074707e-01,-9.999994635581970215e-01,-9.999976158142089844e-01,-9.999994039535522461e-01,9.999990463256835938e-01,-9.999993443489074707e-01,9.999985694885253906e-01,9.999843835830688477e-01,-9.999961853027343750e-01,-9.999886155128479004e-01,-9.999989867210388184e-01,9.999954104423522949e-01,9.999992847442626953e-01,-9.999967217445373535e-01,-9.999975562095642090e-01,9.999902248382568359e-01,9.999985694885253906e-01,-9.999993443489074707e-01,9.999988079071044922e-01,-9.999990463256835938e-01,-9.999933242797851562e-01,9.999855160713195801e-01,9.999994039535522461e-01,9.999935626983642578e-01,-9.995761513710021973e-01,-9.999974370002746582e-01,9.999991059303283691e-01,-9.999907612800598145e-01,-9.999986290931701660e-01,9.999988079071044922e-01,-9.999986886978149414e-01,-9.999938011169433594e-01,9.999993443489074707e-01,-9.999993443489074707e-01,9.999979734420776367e-01,-9.999980330467224121e-01,9.999992847442626953e-01,-9.998240470886230469e-01,9.999489784240722656e-01,9.999991655349731445e-01,9.999981522560119629e-01,-9.999889135360717773e-01,-9.999991059303283691e-01,-9.999961853027343750e-01,9.999991655349731445e-01,-9.999991655349731445e-01,9.999988079071044922e-01,-9.999991655349731445e-01,-9.999698996543884277e-01,9.999994635581970215e-01,-9.999984502792358398e-01,9.999994039535522461e-01,-9.999989271163940430e-01,-9.999970197677612305e-01,-9.999985098838806152e-01,-9.999992847442626953e-01,9.999979734420776367e-01,9.999988675117492676e-01,-9.999984502792358398e-01,-9.999943971633911133e-01,-9.999970793724060059e-01,9.999936223030090332e-01,-9.999968409538269043e-01
-9.999970197677612305e-01,9.999974966049194336e-01,9.999890327453613281e-01,-9.999960064888000488e-01,-9.999979734420776367e-01,9.999977350234985352e-01,-9.999918937683105469e-01,-9.999982118606567383e-01,9.999943971633911133e-01,-9.999967813491821289e-01,9.999977350234985352e-01,9.999979734420776367e-01,-9.999962449073791504e-01,-9.999971985816955566e-01,-9.999874234199523926e-01,-9.999924898147583008e-01,-9.999951124191284180e-01,9.999967217445373535e-01,-9.999870061874389648e-01,9.999982714653015137e-01,9.999980926513671875e-01,-9.999873042106628418e-01,-9.999973773956298828e-01,-9.999963641166687012e-01,-9.999789595603942871e-01,-9.999980330467224121e-01,9.999967217445373535e-01,9.999979734420776367e-01,-9.999814629554748535e-01,9.999928474426269531e-01,9.999849796295166016e-01,9.999968409538269043e-01,-9.999766349792480469e-01,-9.999924302101135254e-01,9.999962449073791504e-01,-9.999205470085144043e-01,-9.999981522560119629e-01,-9.999973177909851074e-01,-9.999821782112121582e-01,9.999979138374328613e-01,-9.999975562095642090e-01,9.999544024467468262e-01,-9.999663829803466797e-01,-9.999979734420776367e-01,-9.999967813491821289e-01,-9.999967217445373535e-01,9.999879002571105957e-01,-9.999972581863403320e-01,-9.999977946281433105e-01,9.999971985816955566e-01,9.999977350234985352e-01,9.999970197677612305e-01,9.999978542327880859e-01,9.999871850013732910e-01,9.999969005584716797e-01,9.999966025352478027e-01,9.999877214431762695e-01,-9.999673962593078613e-01,-9.999936819076538086e-01,-9.999967813491821289e-01,9.999970793724060059e-01,-9.999980330467224121e-01,-9.999969601631164551e-01,-9.999914765357971191e-01,9.999909400939941406e-01,9.999978542327880859e-01,9.999982118606567383e-01,9.999926090240478516e-01,9.999980926513671875e-01,-9.999971985816955566e-01,9.999977350234985352e-01,-9.999955892562866211e-01,-9.999510645866394043e-01,9.999880790710449219e-01,9.999638795852661133e-01,9.999969601631164551e-01,-9.999855160713195801e-01,-9.999977350234985352e-01,9.999899268150329590e-01,9.999924302101135254e-01,-9.999694228172302246e-01,-9.999957680702209473e-01,9.999978542327880859e-01,-9.999964237213134766e-01,9.999968409538269043e-01,9.999790787696838379e-01,-9.999545812606811523e-01,-9.999980330467224121e-01,-9.999797344207763672e-01,9.986725449562072754e-01,9.999921917915344238e-01,-9.999969601631164551e-01,9.999710321426391602e-01,9.999955892562866211e-01,-9.999963045120239258e-01,9.999958872795104980e-01,9.999805688858032227e-01,-9.999981522560119629e-01,9.999978542327880859e-01,-9.999937415122985840e-01,9.999939203262329102e-01,-9.999977946281433105e-01,9.994485378265380859e-01,-9.998401403427124023e-01,-9.999974966049194336e-01,-9.999946951866149902e-01,9.999651312828063965e-01,9.999969601631164551e-01,9.999882578849792480e-01,-9.999973177909851074e-01,9.999972581863403320e-01,-9.999962449073791504e-01,9.999970197677612305e-01,9.999054670333862305e-01,-9.999981522560119629e-01,9.999954700469970703e-01,-9.999980926513671875e-01,9.999965429306030273e-01,9.999909996986389160e-01,9.999954104423522949e-01,9.999976158142089844e-01,-9.999937415122985840e-01,-9.999965429306030273e-01,9.999954104423522949e-01,9.999824762344360352e-01,9.999912381172180176e-01,-9.999803900718688965e-01,9.999899268150329590e-01
9.999982714653015137e-01,-9.999985694885253906e-01,-9.999937415122985840e-01,9.999976754188537598e-01,9.999988675117492676e-01,-9.999986290931701660e-01,9.999952912330627441e-01,9.999989271163940430e-01,-9.999967813491821289e-01,9.999981522560119629e-01,-9.999986290931701660e-01,-9.999988079071044922e-01,9.999978542327880859e-01,9.999983906745910645e-01,9.999928474426269531e-01,9.999957084655761719e-01,9.999971389770507812e-01,-9.999981522560119629e-01,9.999926090240478516e-01,-9.999991059303283691e-01,-9.999988079071044922e-01,9.999927282333374023e-01,9.999985098838806152e-01,9.999979138374328613e-01,9.999880194664001465e-01,9.999988079071044922e-01,-9.999980330467224121e-01,-9.999988079071044922e-01,9.999893307685852051e-01,-9.999958872795104980e-01,-9.999913573265075684e-01,-9.999982118606567383e-01,9.999866485595703125e-01,9.999956488609313965e-01,-9.999977946281433105e-01,9.999548196792602539e-01,9.999989867210388184e-01,9.999985098838806152e-01,9.999898672103881836e-01,-9.999988079071044922e-01,9.999986886978149414e-01,-9.999740719795227051e-01,9.999809265136718750e-01,9.999988079071044922e-01,9.999981522560119629e-01,9.999981522560119629e-01,-9.999930262565612793e-01,9.999983310699462891e-01,9.999986886978149414e-01,-9.999983906745910645e-01,-9.999986886978149414e-01,-9.999983310699462891e-01,-9.999988079071044922e-01,-9.999926686286926270e-01,-9.999982714653015137e-01,-9.999980330467224121e-01,-9.999929070472717285e-01,9.999814629554748535e-01,9.999963045120239258e-01,9.999982118606567383e-01,-9.999983310699462891e-01,9.999988079071044922e-01,9.999983310699462891e-01,9.999951124191284180e-01,-9.999948740005493164e-01,-9.999986886978149414e-01,-9.999990463256835938e-01,-9.999958276748657227e-01,-9.999988675117492676e-01,9.999983906745910645e-01,-9.999986886978149414e-01,9.999974370002746582e-01,9.999721646308898926e-01,-9.999932646751403809e-01,-9.999794960021972656e-01,-9.999981522560119629e-01,9.999917149543762207e-01,9.999986886978149414e-01,-9.999942779541015625e-01,-9.999956488609313965e-01,9.999825954437255859e-01,9.999975562095642090e-01,-9.999986886978149414e-01,9.999978542327880859e-01,-9.999982118606567383e-01,-9.999880790710449219e-01,9.999741911888122559e-01,9.999988675117492676e-01,9.999884963035583496e-01,-9.992443919181823730e-01,-9.999954700469970703e-01,9.999982714653015137e-01,-9.999835491180419922e-01,-9.999974370002746582e-01,9.999979138374328613e-01,-9.999975562095642090e-01,-9.999888539314270020e-01,9.999988675117492676e-01,-9.999987483024597168e-01,9.999963641166687012e-01,-9.999964833259582520e-01,9.999986886978149414e-01,-9.996861219406127930e-01,9.999090433120727539e-01,9.999985694885253906e-01,9.999968409538269043e-01,-9.999802708625793457e-01,-9.999982118606567383e-01,-9.999932050704956055e-01,9.999983310699462891e-01,-9.999984502792358398e-01,9.999979138374328613e-01,-9.999983310699462891e-01,-9.999461770057678223e-01,9.999989867210388184e-01,-9.999973177909851074e-01,9.999989271163940430e-01,-9.999980330467224121e-01,-9.999947547912597656e-01,-9.999973177909851074e-01,-9.999985694885253906e-01,9.999963641166687012e-01,9.999979138374328613e-01,-9.999972581863403320e-01,-9.999900460243225098e-01,-9.999949932098388672e-01,9.999888539314270020e-01,-9.999942779541015625e-01
-9.999987483024597168e-01,9.999990463256835938e-01,9.999955296516418457e-01,-9.999982714653015137e-01,-9.999992251396179199e-01,9.999991655349731445e-01,-9.999966621398925781e-01,-9.999992847442626953e-01,9.999977350234985352e-01,-9.999986290931701660e-01,9.999990463256835938e-01,9.999992251396179199e-01,-9.999985098838806152e-01,-9.999988675117492676e-01,-9.999949336051940918e-01,-9.999969005584716797e-01,-9.999980330467224121e-01,9.999986886978149414e-01,-9.999946951866149902e-01,9.999993443489074707e-01,9.999991655349731445e-01,-9.999948143959045410e-01,-9.999989867210388184e-01,-9.999985098838806152e-01,-9.999914169311523438e-01,-9.999992847442626953e-01,9.999985694885253906e-01,9.999992251396179199e-01,-9.999924302101135254e-01,9.999970793724060059e-01,9.999939203262329102e-01,9.999986886978149414e-01,-9.999905228614807129e-01,-9.999969005584716797e-01,9.999984502792358398e-01,-9.999678730964660645e-01,-9.999994039535522461e-01,-9.999989271163940430e-01,-9.999927878379821777e-01,9.999992251396179199e-01,-9.999991655349731445e-01,9.999815821647644043e-01,-9.999864101409912109e-01,-9.999991059303283691e-01,-9.999986886978149414e-01,-9.999986886978149414e-01,9.999951124191284180e-01,-9.999988675117492676e-01,-9.999991059303283691e-01,9.999988675117492676e-01,9.999991059303283691e-01,9.999988079071044922e-01,9.999991059303283691e-01,9.999948143959045410e-01,9.999988079071044922e-01,9.999986290931701660e-01,9.999949336051940918e-01,-9.999867677688598633e-01,-9.999974370002746582e-01,-9.999986886978149414e-01,9.999988079071044922e-01,-9.999992251396179199e-01,-9.999987483024597168e-01,-9.999964237213134766e-01,9.999963045120239258e-01,9.999991655349731445e-01,9.999992251396179199e-01,9.999969601631164551e-01,9.999991655349731445e-01,-9.999988675117492676e-01,9.999991059303283691e-01,-9.999981522560119629e-01,-9.999802112579345703e-01,9.999952316284179688e-01,9.999853968620300293e-01,9.999986886978149414e-01,-9.999940395355224609e-01,-9.999991059303283691e-01,9.999959468841552734e-01,9.999969005584716797e-01,-9.999876022338867188e-01,-9.999982714653015137e-01,9.999991655349731445e-01,-9.999984502792358398e-01,9.999986886978149414e-01,9.999914765357971191e-01,-9.999816417694091797e-01,-9.999992251396179199e-01,-9.999917745590209961e-01,9.994626045227050781e-01,9.999967813491821289e-01,-9.999987483024597168e-01,9.999881982803344727e-01,9.999981522560119629e-01,-9.999985694885253906e-01,9.999982714653015137e-01,9.999921321868896484e-01,-9.999992251396179199e-01,9.999991655349731445e-01,-9.999974370002746582e-01,9.999974370002746582e-01,-9.999991059303283691e-01,9.997769594192504883e-01,-9.999353289604187012e-01,-9.999990463256835938e-01,-9.999977350234985352e-01,9.999858736991882324e-01,9.999987483024597168e-01,9.999951720237731934e-01,-9.999988675117492676e-01,9.999988079071044922e-01,-9.999985098838806152e-01,9.999987483024597168e-01,9.999616742134094238e-01,-9.999992847442626953e-01,9.999980330467224121e-01,-9.999992847442626953e-01,9.999986290931701660e-01,9.999962449073791504e-01,9.999981522560119629e-01,9.999989867210388184e-01,-9.999973773956298828e-01,-9.999985098838806152e-01,9.999979734420776367e-01,9.999929070472717285e-01,9.999964237213134766e-01,-9.999919533729553223e-01,9.999959468841552734e-01
-9.999989867210388184e-01,9.999991655349731445e-01,9.999959468841552734e-01,-9.999985694885253906e-01,-9.999992847442626953e-01,9.999992251396179199e-01,-9.999971389770507812e-01,-9.999994039535522461e-01,9.999979734420776367e-01,-9.999988079071044922e-01,9.999992251396179199e-01,9.999994039535522461e-01,-9.999986886978149414e-01,-9.999990463256835938e-01,-9.999955296516418457e-01,-9.999972581863403320e-01,-9.999982118606567383e-01,9.999988079071044922e-01,-9.999952912330627441e-01,9.999994635581970215e-01,9.999993443489074707e-01,-9.999953508377075195e-01,-9.999992251396179199e-01,-9.999987483024597168e-01,-9.999924302101135254e-01,-9.999993443489074707e-01,9.999988079071044922e-01,9.999994039535522461e-01,-9.999933242797851562e-01,9.999973773956298828e-01,9.999945759773254395e-01,9.999989271163940430e-01,-9.999915957450866699e-01,-9.999971985816955566e-01,9.999986886978149414e-01,-9.999713301658630371e-01,-9.999994635581970215e-01,-9.999992251396179199e-01,-9.999935626983642578e-01,9.999993443489074707e-01,-9.999992847442626953e-01,9.999836087226867676e-01,-9.999879598617553711e-01,-9.999994039535522461e-01,-9.999988675117492676e-01,-9.999988079071044922e-01,9.999957084655761719e-01,-9.999990463256835938e-01,-9.999993443489074707e-01,9.999990463256835938e-01,9.999993443489074707e-01,9.999989867210388184e-01,9.999993443489074707e-01,9.999953508377075195e-01,9.999989271163940430e-01,9.999988079071044922e-01,9.999955892562866211e-01,-9.999882578849792480e-01,-9.999977350234985352e-01,-9.999989271163940430e-01,9.999989867210388184e-01,-9.999993443489074707e-01,-9.999989271163940430e-01,-9.999969601631164551e-01,9.999966621398925781e-01,9.999993443489074707e-01,9.999994039535522461e-01,9.999973773956298828e-01,9.999993443489074707e-01,-9.999991655349731445e-01,9.999992251396179199e-01,-9.999984502792358398e-01,-9.999822974205017090e-01,9.999957084655761719e-01,9.999870657920837402e-01,9.999988675117492676e-01,-9.999948740005493164e-01,-9.999992847442626953e-01,9.999963045120239258e-01,9.999971985816955566e-01,-9.999890327453613281e-01,-9.999984502792358398e-01,9.999992847442626953e-01,-9.999986886978149414e-01,9.999988675117492676e-01,9.999924302101135254e-01,-9.999836683273315430e-01,-9.999994039535522461e-01,-9.999926686286926270e-01,9.995200037956237793e-01,9.999971389770507812e-01,-9.999989867210388184e-01,9.999895691871643066e-01,9.999984502792358398e-01,-9.999987483024597168e-01,9.999985098838806152e-01,9.999929666519165039e-01,-9.999992847442626953e-01,9.999992251396179199e-01,-9.999977946281433105e-01,9.999977946281433105e-01,-9.999991655349731445e-01,9.998007416725158691e-01,-9.999422430992126465e-01,-9.999991655349731445e-01,-9.999980330467224121e-01,9.999874830245971680e-01,9.999989271163940430e-01,9.999957680702209473e-01,-9.999991655349731445e-01,9.999991655349731445e-01,-9.999986886978149414e-01,9.999989271163940430e-01,9.999659061431884766e-01,-9.999994635581970215e-01,9.999983310699462891e-01,-9.999994039535522461e-01,9.999987483024597168e-01,9.999966025352478027e-01,9.999983310699462891e-01,9.999991655349731445e-01,-9.999977350234985352e-01,-9.999987483024597168e-01,9.999983310699462891e-01,9.999937415122985840e-01,9.999967813491821289e-01,-9.999929070472717285e-01,9.999963045120239258e-01
