4.390570819377899170e-01,-4.061352461576461792e-03,5.921157822012901306e-02,-1.269094347953796387e-01,2.848937511444091797e-01,-3.330240249633789062e-01,3.618197143077850342e-02,4.245459437370300293e-01,1.691372543573379517e-01,3.028750978410243988e-02,-2.141335904598236084e-01,-1.724315434694290161e-01,-1.456292122602462769e-01,2.104021236300468445e-02,6.874542683362960815e-02,2.632879912853240967e-01,6.539934314787387848e-03,-1.281523108482360840e-01,3.159813582897186279e-02,-1.450775563716888428e-01,-2.355203032493591309e-01,-1.266290694475173950e-01,-1.176939085125923157e-01,6.138594821095466614e-02,3.224137797951698303e-02,1.901263892650604248e-01,-3.287084400653839111e-02,-3.051027357578277588e-01,4.667753726243972778e-02,-1.104451492428779602e-01,-1.435301303863525391e-01,-1.213618367910385132e-01,-6.322389841079711914e-02,1.400457173585891724e-01,-1.252470444887876511e-02,-8.885711431503295898e-02,9.412338584661483765e-02,7.315987348556518555e-02,-2.542122900485992432e-01,-2.997285425662994385e-01,1.752277165651321411e-01,1.886480897665023804e-01,-1.230248957872390747e-01,2.661255560815334320e-02,-6.251506973057985306e-03,1.311578899621963501e-01,-4.747715592384338379e-02,-4.881902411580085754e-02,2.198646068572998047e-01,-2.025761902332305908e-01,-2.774136662483215332e-01,-1.560081839561462402e-01,2.770043909549713135e-01,-4.389640688896179199e-02,5.363200604915618896e-02,-1.427684128284454346e-01,2.151139080524444580e-01,4.597328603267669678e-03,7.990177720785140991e-02,7.665301114320755005e-02,-1.534349322319030762e-01,1.485431045293807983e-01,-2.222720067948102951e-03,2.660403251647949219e-01,1.808398813009262085e-01,-3.556895628571510315e-02,-3.542227745056152344e-01,1.286812722682952881e-01,-9.589488059282302856e-02,2.560206055641174316e-01,-2.449854016304016113e-01,2.278470247983932495e-01,-1.060863137245178223e-01,2.657707035541534424e-02,-1.527680009603500366e-01,-1.595261991024017334e-01,1.036861212924122810e-03,4.076744988560676575e-02,-6.127691827714443207e-03,-1.007314845919609070e-01,1.467091292142868042e-01,6.061009480617940426e-05,-1.656469851732254028e-01,1.059666159562766552e-03,-2.983404695987701416e-01,4.424869641661643982e-02,2.351834625005722046e-01,2.395749324932694435e-03,-3.675017878413200378e-02,1.809632629156112671e-01,-1.908974349498748779e-01,2.713140845298767090e-01,7.371448725461959839e-02,-1.371314972639083862e-01,-1.171598359942436218e-01,-2.333392947912216187e-01,-3.088980156462639570e-04,-1.250316290679620579e-05,-1.799723207950592041e-01,1.172745376825332642e-01,-3.024686276912689209e-01,3.603609800338745117e-01,-9.978069365024566650e-02,-1.504089683294296265e-01,-1.142134331166744232e-02,1.813539117574691772e-01,6.683383136987686157e-02,1.105921939015388489e-01,-4.086236953735351562e-01,4.750341176986694336e-03,7.184203714132308960e-02,9.611012786626815796e-02,-2.103285118937492371e-02,1.376466453075408936e-01,6.522235274314880371e-02,-1.390074640512466431e-01,2.418098896741867065e-01,-4.516305774450302124e-02,-1.949791610240936279e-01,-2.541061863303184509e-02,-1.004078462719917297e-01,1.308029294013977051e-01,1.073742210865020752e-01,2.461377978324890137e-01,-1.548072099685668945e-01,5.118173360824584961e-02,6.179398298263549805e-02,9.002848714590072632e-02
-4.061352461576461792e-03,9.511158801615238190e-03,-8.962117880582809448e-02,7.598929852247238159e-02,4.747918620705604553e-02,1.089070271700620651e-02,6.908662617206573486e-03,9.223110042512416840e-03,5.975174531340599060e-02,7.114290446043014526e-02,-8.369514718651771545e-03,-3.999023884534835815e-02,7.758219540119171143e-02,7.656089216470718384e-02,7.763119041919708252e-02,7.677247375249862671e-02,-2.745155710726976395e-03,7.232119888067245483e-02,-8.698511868715286255e-02,-5.653550103306770325e-02,-4.607926681637763977e-02,7.327482849359512329e-02,7.522889971733093262e-02,-1.934145949780941010e-02,1.178153324872255325e-02,6.501466780900955200e-02,-7.956710457801818848e-02,-2.487094327807426453e-02,7.880864292383193970e-02,-2.565876394510269165e-02,3.060504421591758728e-02,-9.118187427520751953e-02,7.286599278450012207e-02,6.143426895141601562e-02,-1.245371648110449314e-03,-8.592242002487182617e-02,6.754469871520996094e-02,7.783525437116622925e-02,-5.302947759628295898e-02,-5.795004963874816895e-02,7.435827702283859253e-02,1.061861310154199600e-02,8.767289668321609497e-02,3.135408088564872742e-02,-6.082700565457344055e-03,-8.462821692228317261e-02,-8.436164259910583496e-02,-1.865306869149208069e-02,-1.086042169481515884e-02,-5.237306002527475357e-03,1.855584606528282166e-02,-8.994059637188911438e-03,5.216551199555397034e-02,6.136839278042316437e-03,-3.544655814766883850e-02,-8.861695975065231323e-02,4.197027161717414856e-02,3.176965750753879547e-03,-8.393020927906036377e-02,-7.423369586467742920e-02,8.784057572484016418e-03,-1.021041907370090485e-02,2.555034821853041649e-03,1.756004802882671356e-02,-8.045071735978126526e-03,-2.986193075776100159e-02,4.998512566089630127e-02,8.355819433927536011e-02,-8.324091881513595581e-02,9.542935527861118317e-03,-6.385089457035064697e-02,-3.973551094532012939e-02,-4.157463833689689636e-02,7.807182520627975464e-02,-1.996346376836299896e-02,-8.190479874610900879e-02,-3.729023737832903862e-04,8.871731907129287720e-02,-2.667638845741748810e-02,-7.763858139514923096e-02,8.262299746274948120e-02,7.394171552732586861e-05,-7.368744164705276489e-02,-6.590255652554333210e-04,-7.568804919719696045e-02,-8.301828801631927490e-02,3.554410859942436218e-02,6.245886906981468201e-04,7.344464957714080811e-02,6.018047779798507690e-02,-8.167157880961894989e-03,-5.489151552319526672e-02,-7.777532935142517090e-02,3.742035850882530212e-02,-7.888768613338470459e-02,1.210769731551408768e-02,5.954287201166152954e-02,1.455744751410747995e-07,-5.513580515980720520e-02,6.898799538612365723e-02,-2.579156495630741119e-02,2.944887988269329071e-02,-8.548989892005920410e-02,-7.407058775424957275e-02,9.710995852947235107e-02,6.443663500249385834e-03,-8.781874924898147583e-02,-8.779073506593704224e-02,1.018020603805780411e-02,-1.457284204661846161e-03,6.553979963064193726e-02,-7.577553391456604004e-02,-8.017086982727050781e-02,8.110140450298786163e-03,8.639658987522125244e-02,-7.527204602956771851e-02,3.779777511954307556e-02,3.757270798087120056e-02,-7.867734879255294800e-02,6.227993592619895935e-02,8.207297325134277344e-02,7.084944844245910645e-02,7.392274588346481323e-02,-6.562269479036331177e-02,-4.217974841594696045e-02,-7.126049697399139404e-02,-1.194144506007432938e-02,6.930689513683319092e-02
5.921157822012901306e-02,-8.962117880582809448e-02,8.344569802284240723e-01,-7.454128861427307129e-01,-4.982348978519439697e-01,-1.540254950523376465e-01,-9.641360491514205933e-02,-1.623218953609466553e-01,-5.428360700607299805e-01,-7.131603360176086426e-01,8.759352564811706543e-02,4.590461850166320801e-01,-7.133266329765319824e-01,-7.408249974250793457e-01,-7.629624009132385254e-01,-6.984869241714477539e-01,2.812939323484897614e-02,-6.855558156967163086e-01,8.009731173515319824e-01,6.015816926956176758e-01,3.961116075515747070e-01,-7.417432665824890137e-01,-7.518155574798583984e-01,2.246187627315521240e-01,-1.269199699163436890e-01,-6.058094501495361328e-01,7.619330883026123047e-01,2.548209428787231445e-01,-7.743226885795593262e-01,2.941031455993652344e-01,-3.152335286140441895e-01,8.022640347480773926e-01,-6.577817201614379883e-01,-6.615877151489257812e-01,1.998870261013507843e-02,7.836536765098571777e-01,-6.897228360176086426e-01,-7.644334435462951660e-01,5.248622894287109375e-01,5.821636915206909180e-01,-6.908042430877685547e-01,-1.037954315543174744e-01,-8.080770969390869141e-01,-3.479536473751068115e-01,-2.229413576424121857e-02,8.006075620651245117e-01,8.089139461517333984e-01,1.990869790315628052e-01,1.226449832320213318e-01,1.747348010540008545e-01,-1.668170541524887085e-01,1.918532550334930420e-01,-5.058903098106384277e-01,-6.290058046579360962e-02,4.049963951110839844e-01,8.166666626930236816e-01,-4.919755458831787109e-01,-3.637398406863212585e-02,7.723113894462585449e-01,7.194672822952270508e-01,-1.012504398822784424e-01,1.166239678859710693e-01,-2.503408864140510559e-02,-1.514582484960556030e-01,1.052394807338714600e-01,3.173108994960784912e-01,-4.499139785766601562e-01,-7.738829255104064941e-01,7.788310647010803223e-01,-1.217189356684684753e-01,6.559391021728515625e-01,4.499885737895965576e-01,4.214903116226196289e-01,-7.714599370956420898e-01,1.223388165235519409e-01,7.659672498703002930e-01,3.796911798417568207e-03,-8.334240317344665527e-01,2.613253593444824219e-01,7.507227659225463867e-01,-7.740684747695922852e-01,-8.373448508791625500e-04,7.314437031745910645e-01,8.319296874105930328e-03,6.948874592781066895e-01,8.007301092147827148e-01,-4.093788266181945801e-01,-7.402956020087003708e-03,-6.949570775032043457e-01,-6.438665986061096191e-01,9.114146977663040161e-02,4.641935527324676514e-01,7.252038717269897461e-01,-3.658208549022674561e-01,7.503591179847717285e-01,-1.198095232248306274e-01,-6.282427310943603516e-01,1.390449938298843335e-06,5.755787491798400879e-01,-6.616663932800292969e-01,3.594538271427154541e-01,-3.151531219482421875e-01,7.913092374801635742e-01,7.300510406494140625e-01,-8.540343046188354492e-01,-1.234768703579902649e-01,7.467212677001953125e-01,8.039606809616088867e-01,-9.088725596666336060e-02,1.060531754046678543e-02,-6.121321320533752441e-01,7.351554632186889648e-01,7.755112648010253906e-01,-1.641091704368591309e-01,-8.208581209182739258e-01,7.245923280715942383e-01,-3.949340581893920898e-01,-4.390042126178741455e-01,7.562347054481506348e-01,-6.352559328079223633e-01,-7.770465612411499023e-01,-6.776340603828430176e-01,-7.138940095901489258e-01,6.203272938728332520e-01,5.057690739631652832e-01,7.054609060287475586e-01,1.091223806142807007e-01,-7.095397114753723145e-01
-1.269094347953796387e-01,7.598929852247238159e-02,-7.454128861427307129e-01,7.808418869972229004e-01,3.041353523731231689e-01,2.444018423557281494e-01,8.831378072500228882e-02,-1.956892758607864380e-02,4.929507970809936523e-01,6.200898289680480957e-01,-1.778961271047592163e-01,-3.444719612598419189e-01,5.460833907127380371e-01,6.968701481819152832e-01,6.720268130302429199e-01,4.798349440097808838e-01,-2.360174991190433502e-02,5.968904495239257812e-01,-7.654857635498046875e-01,-5.388374328613281250e-01,-4.486282467842102051e-01,6.966369152069091797e-01,6.919109225273132324e-01,-1.553340703248977661e-01,1.124567165970802307e-01,3.723207712173461914e-01,-6.259095072746276855e-01,3.231544746086001396e-03,5.939367413520812988e-01,-1.190726310014724731e-01,2.421844005584716797e-01,-7.126012444496154785e-01,7.159106135368347168e-01,5.898760557174682617e-01,-1.518162200227379799e-03,-5.998265743255615234e-01,5.326297283172607422e-01,6.511860489845275879e-01,-2.557418644428253174e-01,-5.530802011489868164e-01,6.216238141059875488e-01,1.628472656011581421e-01,7.035827636718750000e-01,2.836804986000061035e-01,-1.216614544391632080e-01,-6.645197868347167969e-01,-7.455196380615234375e-01,-1.713517606258392334e-01,-5.527560040354728699e-02,-8.300682902336120605e-02,1.851804405450820923e-01,1.349995005875825882e-02,5.166206955909729004e-01,1.544108055531978607e-02,-2.143081575632095337e-01,-6.644843220710754395e-01,4.732344150543212891e-01,2.846263907849788666e-02,-6.998986601829528809e-01,-7.474203705787658691e-01,3.486378863453865051e-02,-3.919530659914016724e-02,2.743029035627841949e-02,7.419082522392272949e-02,-6.575661897659301758e-02,-2.679497003555297852e-01,3.547603487968444824e-01,5.931255817413330078e-01,-6.606018543243408203e-01,-1.133287623524665833e-01,-5.007016658782958984e-01,-2.555139362812042236e-01,-4.690143465995788574e-01,6.766387820243835449e-01,-2.008315324783325195e-01,-6.451905965805053711e-01,-2.133481437340378761e-03,6.997756958007812500e-01,-4.296148717403411865e-01,-6.246202588081359863e-01,7.300627827644348145e-01,6.965081556700170040e-04,-5.753511786460876465e-01,-3.112771781161427498e-03,-5.476582646369934082e-01,-6.796888709068298340e-01,1.862884312868118286e-01,3.165182657539844513e-03,5.511955022811889648e-01,5.154020190238952637e-01,-1.122708544135093689e-01,-5.668168663978576660e-01,-7.347689867019653320e-01,4.383813142776489258e-01,-6.825290322303771973e-01,2.057109326124191284e-01,4.935403764247894287e-01,-1.509168441771180369e-06,-3.627402186393737793e-01,5.080458521842956543e-01,-2.197659313678741455e-01,7.527172565460205078e-02,-7.270743250846862793e-01,-5.749902129173278809e-01,7.878387570381164551e-01,2.962281405925750732e-01,-8.049008250236511230e-01,-6.785346269607543945e-01,2.560089528560638428e-01,-1.878483407199382782e-02,6.133965253829956055e-01,-7.497970461845397949e-01,-7.232785224914550781e-01,2.645653486251831055e-01,6.991329789161682129e-01,-6.313328146934509277e-01,1.368153095245361328e-01,3.709593117237091064e-01,-6.207851767539978027e-01,6.468791961669921875e-01,6.516300439834594727e-01,6.596466898918151855e-01,6.507559418678283691e-01,-5.887751579284667969e-01,-4.578131437301635742e-01,-6.760396957397460938e-01,-1.029052287340164185e-01,6.117942929267883301e-01
2.848937511444091797e-01,4.747918620705604553e-02,-4.982348978519439697e-01,3.041353523731231689e-01,6.130025982856750488e-01,-2.050662636756896973e-01,8.012685179710388184e-02,5.433629751205444336e-01,3.723551928997039795e-01,4.340661466121673584e-01,-1.069239079952239990e-01,-4.303773641586303711e-01,4.417539834976196289e-01,4.166074693202972412e-01,5.196274518966674805e-01,7.633106112480163574e-01,-1.232722960412502289e-02,3.711991608142852783e-01,-4.549491703510284424e-01,-4.138117730617523193e-01,-2.443224936723709106e-01,3.441801965236663818e-01,3.579512536525726318e-01,-1.306596100330352783e-01,8.963578939437866211e-02,6.452103853225708008e-01,-5.267027020454406738e-01,-5.474680662155151367e-01,6.480822563171386719e-01,-3.461578190326690674e-01,1.128524318337440491e-01,-5.836669802665710449e-01,2.424930036067962646e-01,4.909250736236572266e-01,-3.494272008538246155e-02,-6.492822766304016113e-01,5.406158566474914551e-01,5.514974594116210938e-01,-7.343896031379699707e-01,-5.047963857650756836e-01,5.317734479904174805e-01,1.072370111942291260e-01,4.553625285625457764e-01,2.363581806421279907e-01,1.537695229053497314e-01,-4.774624407291412354e-01,-5.408610105514526367e-01,-1.624859422445297241e-01,4.504510667175054550e-03,-2.876289486885070801e-01,-1.153488606214523315e-01,-3.943235874176025391e-01,4.041914641857147217e-01,3.924972563982009888e-02,-3.400607109069824219e-01,-6.979472637176513672e-01,3.988009393215179443e-01,2.809048630297183990e-02,-4.147695600986480713e-01,-3.142652511596679688e-01,2.143368870019912720e-02,-6.024843081831932068e-02,7.068390026688575745e-03,2.818486094474792480e-01,2.919827960431575775e-02,-2.146693766117095947e-01,9.254176914691925049e-02,6.698618531227111816e-01,-5.681826472282409668e-01,4.304666221141815186e-01,-6.559754610061645508e-01,-2.707481980323791504e-01,-1.916426271200180054e-01,5.163068175315856934e-01,-7.699079066514968872e-02,-6.225740313529968262e-01,-2.524382434785366058e-03,6.213784813880920410e-01,2.683659084141254425e-03,-5.710606575012207031e-01,5.633701682090759277e-01,5.571660003624856472e-04,-6.286748051643371582e-01,-7.673035375773906708e-03,-7.136535048484802246e-01,-5.174154639244079590e-01,5.291164517402648926e-01,9.107157588005065918e-03,4.308049380779266357e-01,5.589151382446289062e-01,-1.604524850845336914e-01,4.388913884758949280e-02,-3.159325718879699707e-01,-2.921845065429806709e-03,-5.405664443969726562e-01,-1.700748503208160400e-01,4.462216198444366455e-01,-8.782549230090808123e-06,-5.855574607849121094e-01,5.716323256492614746e-01,-4.912920296192169189e-01,5.999397039413452148e-01,-5.615045428276062012e-01,-6.303243637084960938e-01,5.375989079475402832e-01,4.351738095283508301e-02,-3.140157461166381836e-01,-5.040177106857299805e-01,-3.642518222332000732e-01,8.747139014303684235e-03,3.140409290790557861e-01,-3.015669882297515869e-01,-4.892039000988006592e-01,6.683080643415451050e-02,6.318576335906982422e-01,-5.375182628631591797e-01,5.718733668327331543e-01,2.632395923137664795e-01,-6.687386035919189453e-01,2.706666886806488037e-01,4.844633638858795166e-01,4.338151514530181885e-01,4.646695554256439209e-01,-1.746326237916946411e-01,-3.754687309265136719e-01,-3.291132748126983643e-01,-1.915102824568748474e-02,4.941063523292541504e-01
-3.330240249633789062e-01,1.089070271700620651e-02,-1.540254950523376465e-01,2.444018423557281494e-01,-2.050662636756896973e-01,3.292656540870666504e-01,3.393335500732064247e-03,-3.449487984180450439e-01,-6.545181572437286377e-02,6.533273309469223022e-02,7.791541516780853271e-02,9.309323132038116455e-02,1.242091432213783264e-01,1.112729087471961975e-01,6.360438466072082520e-02,-1.769677847623825073e-01,-7.521505467593669891e-03,1.381537020206451416e-01,-1.465154290199279785e-01,-9.597400203347206116e-03,5.052115023136138916e-02,1.965862363576889038e-01,1.932307928800582886e-01,-4.250188171863555908e-02,-6.050344090908765793e-03,-1.655524224042892456e-01,-6.517845392227172852e-02,2.980646193027496338e-01,2.545091509819030762e-02,8.201289921998977661e-02,1.227904558181762695e-01,-2.665957994759082794e-02,1.905297338962554932e-01,2.560846693813800812e-02,1.350849028676748276e-02,1.745459623634815216e-02,-2.566039934754371643e-02,2.809034287929534912e-02,2.336056828498840332e-01,8.253202587366104126e-02,-5.069987103343009949e-02,-6.782690435647964478e-02,1.756223589181900024e-01,1.857451535761356354e-02,-5.346788465976715088e-02,-1.735367178916931152e-01,-8.650532364845275879e-02,1.705657504498958588e-02,-1.386291235685348511e-01,1.237367466092109680e-01,2.235749661922454834e-01,1.467835009098052979e-01,-8.239195495843887329e-02,1.986639574170112610e-02,-1.377084013074636459e-02,1.349464897066354752e-02,-6.688665598630905151e-02,-7.151305326260626316e-04,-1.486459076404571533e-01,-1.864490211009979248e-01,8.352901786565780640e-02,-6.719008088111877441e-02,7.513364311307668686e-03,-1.914011389017105103e-01,-1.327736675739288330e-01,-4.075031727552413940e-03,2.518262863159179688e-01,-4.107721522450447083e-02,-1.468306221067905426e-02,-2.642026543617248535e-01,1.218883022665977478e-01,-1.665079742670059204e-01,-2.598960511386394501e-02,6.535653769969940186e-02,6.166355684399604797e-02,2.703723870217800140e-02,-4.361684550531208515e-04,6.790309399366378784e-02,-1.145469173789024353e-01,6.377527024596929550e-03,2.702588401734828949e-02,4.398087185109034181e-05,4.436673223972320557e-02,-4.444354854058474302e-04,1.653628945350646973e-01,-1.114820241928100586e-01,-1.674169600009918213e-01,-2.598608843982219696e-03,6.645012646913528442e-02,-7.149226963520050049e-02,9.916008263826370239e-02,-3.054081797599792480e-01,-1.778664886951446533e-01,1.929795444011688232e-01,-9.709642268717288971e-03,2.173794060945510864e-01,5.316581577062606812e-02,5.839852292410796508e-06,1.232395842671394348e-01,-6.877185404300689697e-02,1.866126656532287598e-01,-3.083042502403259277e-01,-3.171772137284278870e-02,5.372236296534538269e-02,1.303791701793670654e-01,2.509855851531028748e-02,-2.149679809808731079e-01,-1.337528377771377563e-01,3.797325789928436279e-01,-9.015905670821666718e-03,6.764325499534606934e-02,-2.315938919782638550e-01,-8.716781437397003174e-02,1.974020153284072876e-02,4.948554188013076782e-02,5.154952872544527054e-03,-2.246498465538024902e-01,7.802121341228485107e-02,5.973206460475921631e-02,1.339481174945831299e-01,1.340293586254119873e-01,2.736126817762851715e-02,3.356120362877845764e-02,-2.448269277811050415e-01,7.187189068645238876e-03,-1.507511734962463379e-01,-5.580487102270126343e-02,2.741769514977931976e-02
3.618197143077850342e-02,6.908662617206573486e-03,-9.641360491514205933e-02,8.831378072500228882e-02,8.012685179710388184e-02,3.393335500732064247e-03,3.759203106164932251e-02,6.854299455881118774e-02,4.426896944642066956e-02,8.179797977209091187e-02,-5.187160149216651917e-02,-5.776325985789299011e-02,5.378110706806182861e-02,7.672980427742004395e-02,9.140493720769882202e-02,9.473172575235366821e-02,-2.159155905246734619e-03,5.734429508447647095e-02,-1.044441089034080505e-01,-8.862967789173126221e-02,-6.127379834651947021e-02,6.764630973339080811e-02,7.633725553750991821e-02,-1.694355346262454987e-02,1.605531387031078339e-02,6.768459826707839966e-02,-8.256079256534576416e-02,-4.246667772531509399e-02,1.020670756697654724e-01,-4.544338956475257874e-02,2.348575368523597717e-02,-9.878866374492645264e-02,7.970837503671646118e-02,1.000245139002799988e-01,-2.556617837399244308e-03,-8.621735870838165283e-02,7.883072644472122192e-02,9.429672360420227051e-02,-8.018501847982406616e-02,-1.102597042918205261e-01,9.063684940338134766e-02,3.933580592274665833e-02,7.882459461688995361e-02,4.034310579299926758e-02,-8.921453729271888733e-03,-7.251223921775817871e-02,-1.087623238563537598e-01,-2.620224468410015106e-02,1.773808710277080536e-02,-3.475661575794219971e-02,-3.371207276359200478e-03,-4.245702922344207764e-02,9.192160516977310181e-02,2.963090082630515099e-03,-3.251013159751892090e-02,-1.162002831697463989e-01,7.649135589599609375e-02,4.082069266587495804e-03,-8.025676012039184570e-02,-8.005112409591674805e-02,-1.443192828446626663e-02,6.058257538825273514e-03,2.643040381371974945e-03,4.380083084106445312e-02,1.058980450034141541e-02,-3.502346947789192200e-02,9.261551313102245331e-04,9.835044294595718384e-02,-9.196708351373672485e-02,3.069833666086196899e-02,-1.078124716877937317e-01,-2.194356732070446014e-02,-4.985601082444190979e-02,8.482088148593902588e-02,-3.576073050498962402e-02,-1.119246929883956909e-01,-8.265070209745317698e-05,1.054071635007858276e-01,-4.536749422550201416e-02,-8.874484151601791382e-02,1.168315783143043518e-01,8.713766146684065461e-05,-9.969948977231979370e-02,-9.833201766014099121e-04,-1.142205744981765747e-01,-8.190779387950897217e-02,7.158790528774261475e-02,7.965920376591384411e-04,5.464956909418106079e-02,8.930727839469909668e-02,-4.475307837128639221e-02,-2.698670513927936554e-02,-7.689100503921508789e-02,2.053327858448028564e-02,-1.049730777740478516e-01,-1.420963741838932037e-02,7.681731879711151123e-02,-3.786714387388201430e-06,-6.848298758268356323e-02,8.341479301452636719e-02,-7.731305807828903198e-02,6.264165788888931274e-02,-1.002126112580299377e-01,-9.677089005708694458e-02,1.122292429208755493e-01,6.912671774625778198e-02,-9.381406009197235107e-02,-7.293108105659484863e-02,-2.016235888004302979e-02,-2.032079009950393811e-06,5.605510622262954712e-02,-8.934029936790466309e-02,-8.789563924074172974e-02,5.790529027581214905e-02,1.119402572512626648e-01,-9.540728479623794556e-02,4.871714860200881958e-02,4.952826723456382751e-02,-1.151003390550613403e-01,6.612081080675125122e-02,8.384479582309722900e-02,9.239672869443893433e-02,8.654830604791641235e-02,-3.474951162934303284e-02,-7.476269453763961792e-02,-7.077604532241821289e-02,-6.916136015206575394e-03,9.359771013259887695e-02
4.245459437370300293e-01,9.223110042512416840e-03,-1.623218953609466553e-01,-1.956892758607864380e-02,5.433629751205444336e-01,-3.449487984180450439e-01,6.854299455881118774e-02,6.944505572319030762e-01,1.755128204822540283e-01,1.750485002994537354e-01,-9.950495511293411255e-02,-3.666031956672668457e-01,1.320005059242248535e-01,1.455685198307037354e-01,2.754158377647399902e-01,5.954115390777587891e-01,3.502491745166480541e-04,5.397996678948402405e-02,-1.162607744336128235e-01,-2.546621859073638916e-01,-9.294351935386657715e-02,5.382695794105529785e-02,4.355859383940696716e-02,-6.955155730247497559e-02,5.661230534315109253e-02,4.955778121948242188e-01,-2.719027101993560791e-01,-5.907248854637145996e-01,4.237385094165802002e-01,-3.141233623027801514e-01,-4.248879477381706238e-02,-2.977818548679351807e-01,-9.447565674781799316e-02,3.346387743949890137e-01,-4.137561470270156860e-02,-3.967877626419067383e-01,3.409639596939086914e-01,3.007811605930328369e-01,-6.765016913414001465e-01,-3.755074441432952881e-01,2.967458367347717285e-01,9.816777706146240234e-02,1.018412932753562927e-01,1.383674591779708862e-01,2.496884912252426147e-01,-1.645634621381759644e-01,-2.499544769525527954e-01,-1.067575663328170776e-01,9.501650929450988770e-02,-4.012675583362579346e-01,-2.886129021644592285e-01,-4.858645498752593994e-01,2.663457989692687988e-01,3.663768060505390167e-03,-2.407922893762588501e-01,-4.479196369647979736e-01,3.141647577285766602e-01,1.978704705834388733e-02,-6.464920938014984131e-02,5.244489759206771851e-03,-4.304075986146926880e-02,4.204974044114351273e-03,-5.059376824647188187e-03,2.785215675830841064e-01,9.911672025918960571e-02,-1.178382858633995056e-01,-1.985616087913513184e-01,4.286415874958038330e-01,-3.090599775314331055e-01,5.284572839736938477e-01,-5.252837538719177246e-01,-1.375274211168289185e-01,-4.048500210046768188e-02,2.605195939540863037e-01,2.826417423784732819e-02,-3.735109269618988037e-01,-1.115037943236529827e-03,3.429157435894012451e-01,1.550472676753997803e-01,-3.296464085578918457e-01,3.013976514339447021e-01,3.423211164772510529e-04,-4.340056478977203369e-01,-6.298735272139310837e-03,-5.281439423561096191e-01,-2.252472192049026489e-01,5.157627463340759277e-01,8.770161308348178864e-03,1.608089059591293335e-01,4.210840761661529541e-01,-1.676802635192871094e-01,3.930819034576416016e-01,1.400225237011909485e-02,-2.092269808053970337e-01,-2.777800858020782471e-01,-3.065844178199768066e-01,2.292893379926681519e-01,-1.416420036548515782e-05,-4.849303364753723145e-01,3.547678887844085693e-01,-5.364624857902526855e-01,6.553096175193786621e-01,-2.837747335433959961e-01,-4.301305115222930908e-01,1.840614676475524902e-01,3.644607588648796082e-02,6.681060045957565308e-02,-1.677808463573455811e-01,-5.690311193466186523e-01,1.949410140514373779e-02,7.715355604887008667e-02,9.408525191247463226e-03,-2.026917636394500732e-01,8.799318224191665649e-02,3.539162874221801758e-01,-3.065529167652130127e-01,5.570073127746582031e-01,1.332648694515228271e-01,-4.571421146392822266e-01,1.245214836671948433e-03,1.643651127815246582e-01,1.962424814701080322e-01,2.088128477334976196e-01,1.703701615333557129e-01,-2.926647663116455078e-01,-4.022170603275299072e-02,5.594033747911453247e-02,2.746931612491607666e-01
1.691372543573379517e-01,5.975174531340599060e-02,-5.428360700607299805e-01,4.929507970809936523e-01,3.723551928997039795e-01,-6.545181572437286377e-02,4.426896944642066956e-02,1.755128204822540283e-01,5.953584313392639160e-01,5.170359015464782715e-01,-2.160688191652297974e-01,-3.786717653274536133e-01,3.485614359378814697e-01,5.908297896385192871e-01,5.804842114448547363e-01,5.784562826156616211e-01,-1.325411256402730942e-02,3.320009410381317139e-01,-5.883013606071472168e-01,-5.275682806968688965e-01,-5.720952153205871582e-01,4.748417735099792480e-01,4.438054859638214111e-01,-1.053176000714302063e-01,1.129264533519744873e-01,4.753510951995849609e-01,-5.656747221946716309e-01,-1.751269549131393433e-01,4.726936519145965576e-01,-1.540373563766479492e-01,8.305465430021286011e-02,-7.287693023681640625e-01,5.163677930831909180e-01,5.478115677833557129e-01,-7.355438545346260071e-03,-5.858755707740783691e-01,4.810192584991455078e-01,5.553807020187377930e-01,-3.344658315181732178e-01,-5.916638374328613281e-01,6.165257692337036133e-01,2.338656336069107056e-01,4.655619561672210693e-01,2.176189273595809937e-01,-1.209650561213493347e-01,-4.795152246952056885e-01,-5.889348983764648438e-01,-1.252857148647308350e-01,1.549253612756729126e-01,-2.219334393739700317e-01,-5.104237049818038940e-02,-2.004238590598106384e-02,5.886170268058776855e-01,-2.817875333130359650e-02,-9.188472479581832886e-02,-6.222506165504455566e-01,4.742883145809173584e-01,2.281666733324527740e-02,-5.074124932289123535e-01,-5.157058835029602051e-01,-8.768688887357711792e-02,1.154546812176704407e-01,2.006662264466285706e-02,2.635360062122344971e-01,9.290099889039993286e-02,-2.297095060348510742e-01,6.685505062341690063e-02,5.556951761245727539e-01,-6.281751394271850586e-01,6.393621861934661865e-02,-5.117719769477844238e-01,-4.905145242810249329e-02,-4.873975515365600586e-01,5.663151144981384277e-01,-2.388485819101333618e-01,-5.961015820503234863e-01,-1.158683095127344131e-03,5.872377157211303711e-01,-2.829831540584564209e-01,-5.910955071449279785e-01,6.720633506774902344e-01,5.768069531768560410e-04,-5.391973853111267090e-01,-3.507570072542876005e-04,-6.045600771903991699e-01,-5.192657113075256348e-01,2.569090127944946289e-01,3.700480563566088676e-03,5.032993555068969727e-01,5.125392079353332520e-01,-1.563318073749542236e-01,-2.986836135387420654e-01,-5.482675433158874512e-01,3.099094331264495850e-01,-6.091532111167907715e-01,4.120917990803718567e-02,2.832135558128356934e-01,-5.055294423073064536e-06,-4.146178960800170898e-01,4.427405595779418945e-01,-3.284280896186828613e-01,3.129276037216186523e-01,-6.629882454872131348e-01,-5.487021803855895996e-01,6.659728288650512695e-01,2.162030935287475586e-01,-6.369451284408569336e-01,-4.822341799736022949e-01,-5.575269460678100586e-02,-1.902187988162040710e-02,6.272557973861694336e-01,-5.406848788261413574e-01,-5.769902467727661133e-01,3.096323907375335693e-01,5.394644141197204590e-01,-6.028952002525329590e-01,2.558059990406036377e-01,2.096768021583557129e-01,-5.923682451248168945e-01,4.801141321659088135e-01,4.202477037906646729e-01,6.185969710350036621e-01,5.840253829956054688e-01,-3.027628660202026367e-01,-4.625416100025177002e-01,-5.221650600433349609e-01,-2.232774905860424042e-02,5.197145342826843262e-01
3.028750978410243988e-02,7.114290446043014526e-02,-7.131603360176086426e-01,6.200898289680480957e-01,4.340661466121673584e-01,6.533273309469223022e-02,8.179797977209091187e-02,1.750485002994537354e-01,5.170359015464782715e-01,6.139635443687438965e-01,-1.191351115703582764e-01,-4.021340906620025635e-01,5.652412772178649902e-01,6.578412055969238281e-01,6.783638596534729004e-01,6.685797572135925293e-01,-2.100108936429023743e-02,5.117017626762390137e-01,-7.121158242225646973e-01,-5.580095052719116211e-01,-4.351008236408233643e-01,6.078517436981201172e-01,6.071955561637878418e-01,-1.793469935655593872e-01,1.140253543853759766e-01,5.606705546379089355e-01,-6.880782842636108398e-01,-2.284286469221115112e-01,6.758983135223388672e-01,-2.516442835330963135e-01,2.200576663017272949e-01,-7.805854082107543945e-01,5.708476305007934570e-01,6.165780425071716309e-01,-1.552089583128690720e-02,-7.186183929443359375e-01,5.876870155334472656e-01,6.671727895736694336e-01,-4.763050079345703125e-01,-5.687585473060607910e-01,6.298071742057800293e-01,1.389261186122894287e-01,6.634935140609741211e-01,2.800220847129821777e-01,-1.840452477335929871e-02,-6.842411160469055176e-01,-7.108479738235473633e-01,-1.502882689237594604e-01,-4.745744634419679642e-03,-2.018354386091232300e-01,7.472205907106399536e-02,-1.425200253725051880e-01,5.133898854255676270e-01,3.110248409211635590e-02,-2.766382694244384766e-01,-7.619105577468872070e-01,4.455465376377105713e-01,2.902178280055522919e-02,-6.491601467132568359e-01,-6.025475859642028809e-01,2.330482564866542816e-02,-2.160289883613586426e-02,2.100495249032974243e-02,1.985737383365631104e-01,-2.701002359390258789e-02,-2.642605602741241455e-01,2.882929146289825439e-01,6.922598481178283691e-01,-7.130686044692993164e-01,1.142053082585334778e-01,-5.982164740562438965e-01,-3.163346946239471436e-01,-4.086343646049499512e-01,6.726228594779968262e-01,-1.413267701864242554e-01,-6.961600184440612793e-01,-2.606763271614909172e-03,7.497525215148925781e-01,-2.245686352252960205e-01,-6.771990060806274414e-01,7.316938638687133789e-01,6.911677774041891098e-04,-6.500179171562194824e-01,-5.533440038561820984e-03,-6.573962569236755371e-01,-6.805026531219482422e-01,3.535190224647521973e-01,5.815379321575164795e-03,6.103914380073547363e-01,5.739593505859375000e-01,-1.057936251163482666e-01,-3.666205108165740967e-01,-6.252796649932861328e-01,3.136625885963439941e-01,-6.791986823081970215e-01,7.541204243898391724e-02,4.654256999492645264e-01,-4.165412519796518609e-06,-5.034733414649963379e-01,5.532737374305725098e-01,-3.471775054931640625e-01,3.319042325019836426e-01,-7.273977398872375488e-01,-6.537836790084838867e-01,7.966880202293395996e-01,1.319652348756790161e-01,-6.948246955871582031e-01,-6.726488471031188965e-01,2.399310842156410217e-02,-1.252617035061120987e-02,5.880720615386962891e-01,-6.476764082908630371e-01,-6.693261265754699707e-01,2.236322164535522461e-01,7.113193869590759277e-01,-6.610857248306274414e-01,3.396956622600555420e-01,3.299419283866882324e-01,-6.934511065483093262e-01,5.286720395088195801e-01,6.304106712341308594e-01,6.253672242164611816e-01,6.344157457351684570e-01,-4.586189687252044678e-01,-4.735783338546752930e-01,-6.023884415626525879e-01,-6.749755144119262695e-02,6.138583421707153320e-01
-2.141335904598236084e-01,-8.369514718651771545e-03,8.759352564811706543e-02,-1.778961271047592163e-01,-1.069239079952239990e-01,7.791541516780853271e-02,-5.187160149216651917e-02,-9.950495511293411255e-02,-2.160688191652297974e-01,-1.191351115703582764e-01,3.129558563232421875e-01,1.032892540097236633e-01,1.144302189350128174e-01,-1.569660454988479614e-01,-1.421618163585662842e-01,-6.934972107410430908e-02,-1.728257164359092712e-03,1.935641281306743622e-03,1.847364157438278198e-01,2.019212096929550171e-01,3.686293661594390869e-01,-6.310106068849563599e-02,-6.333742290735244751e-02,-6.682421267032623291e-02,-4.251442104578018188e-02,5.535437725484371185e-03,5.580251663923263550e-02,-4.803675413131713867e-02,1.594786881469190121e-03,-4.467323794960975647e-02,9.569036960601806641e-02,1.924177855253219604e-01,-2.517777979373931885e-01,-1.845701187849044800e-01,-1.061665546149015427e-02,2.393946610391139984e-02,-6.781335175037384033e-02,-1.276612877845764160e-01,-6.357832998037338257e-02,3.420585095882415771e-01,-2.503741681575775146e-01,-2.491023242473602295e-01,-9.302320890128612518e-03,-3.882513195276260376e-02,2.154575735330581665e-01,-6.078367680311203003e-02,1.883911043405532837e-01,6.015570089221000671e-02,-2.184316664934158325e-01,3.975246101617813110e-02,1.167450398206710815e-01,-1.069017574191093445e-01,-3.718311488628387451e-01,7.216026633977890015e-02,-1.660943031311035156e-01,1.191164702177047729e-01,-2.628264725208282471e-01,-3.516609314829111099e-03,9.105356037616729736e-02,1.983743458986282349e-01,1.719238609075546265e-01,-1.737344264984130859e-01,-9.391284547746181488e-03,-1.631353944540023804e-01,-1.586721688508987427e-01,5.815003812313079834e-02,2.333297133445739746e-01,-7.217813283205032349e-02,1.275704801082611084e-01,7.195468991994857788e-02,1.605669111013412476e-01,-3.209534287452697754e-01,2.579233050346374512e-01,-1.061986312270164490e-01,2.797592282295227051e-01,1.885107904672622681e-01,-1.806944492273032665e-03,-7.752071321010589600e-02,3.044846355915069580e-01,1.225869581103324890e-01,-2.790102660655975342e-01,-9.671149746282026172e-05,1.128254383802413940e-01,-4.993039648979902267e-03,2.237313836812973022e-01,2.990332245826721191e-02,-7.177986670285463333e-03,1.609904807992279530e-03,8.920605294406414032e-03,-1.444747000932693481e-01,2.071539610624313354e-01,1.049028411507606506e-01,1.849026381969451904e-01,-1.037274897098541260e-01,2.221117764711380005e-01,2.593666128814220428e-02,-2.928871288895606995e-02,1.057089684763923287e-05,1.319490186870098114e-02,-9.344211965799331665e-02,1.284964829683303833e-01,-2.361910603940486908e-02,2.149500250816345215e-01,1.114162057638168335e-01,-1.651464253664016724e-01,-3.949373066425323486e-01,2.840635478496551514e-01,-1.765033975243568420e-02,4.957093670964241028e-02,1.104222983121871948e-02,-2.215588688850402832e-01,1.752904653549194336e-01,1.747736781835556030e-01,-2.685291469097137451e-01,-1.180569231510162354e-01,1.971499174833297729e-01,6.562875956296920776e-02,-1.267112791538238525e-02,1.769779622554779053e-01,-1.895306855440139771e-01,3.820457728579640388e-03,-2.763145267963409424e-01,-2.033571451902389526e-01,-1.934942789375782013e-02,1.818177103996276855e-01,1.389930546283721924e-01,-1.391342002898454666e-02,-1.525940746068954468e-01
-1.724315434694290161e-01,-3.999023884534835815e-02,4.590461850166320801e-01,-3.444719612598419189e-01,-4.303773641586303711e-01,9.309323132038116455e-02,-5.776325985789299011e-02,-3.666031956672668457e-01,-3.786717653274536133e-01,-4.021340906620025635e-01,1.032892540097236633e-01,3.796731829643249512e-01,-3.338230252265930176e-01,-4.557462334632873535e-01,-5.110167860984802246e-01,-6.403543353080749512e-01,9.886923246085643768e-03,-2.640504837036132812e-01,4.407370388507843018e-01,4.288501143455505371e-01,3.111953139305114746e-01,-3.741491734981536865e-01,-3.447717428207397461e-01,1.261404603719711304e-01,-8.812068402767181396e-02,-5.060402750968933105e-01,5.138217210769653320e-01,3.314131200313568115e-01,-5.548210740089416504e-01,2.343137413263320923e-01,-7.546359300613403320e-02,6.030998826026916504e-01,-2.707378268241882324e-01,-5.153707265853881836e-01,2.488199062645435333e-02,5.804439187049865723e-01,-4.510803520679473877e-01,-4.937268197536468506e-01,5.412580966949462891e-01,4.927804470062255859e-01,-4.711790680885314941e-01,-1.260865479707717896e-01,-3.914681375026702881e-01,-2.033644020557403564e-01,-9.501975029706954956e-02,4.593174159526824951e-01,5.045536160469055176e-01,1.128180846571922302e-01,-5.968117713928222656e-02,3.278121352195739746e-01,1.014083027839660645e-01,2.531748116016387939e-01,-4.145201742649078369e-01,-2.650502836331725121e-03,2.162155807018280029e-01,6.310354471206665039e-01,-3.955217301845550537e-01,-2.371486835181713104e-02,3.647117912769317627e-01,3.366812765598297119e-01,1.984954811632633209e-02,-2.020259574055671692e-02,-9.699660353362560272e-03,-2.019081711769104004e-01,-3.521564230322837830e-02,1.893324404954910278e-01,-3.708263114094734192e-02,-5.576364398002624512e-01,5.410802960395812988e-01,-2.416632920503616333e-01,5.444126725196838379e-01,2.268349528312683105e-01,2.754640579223632812e-01,-4.983763396739959717e-01,3.830869495868682861e-02,5.317567586898803711e-01,1.647337689064443111e-03,-5.779604911804199219e-01,7.009623199701309204e-02,5.257211923599243164e-01,-5.562961101531982422e-01,-5.371898878365755081e-04,5.413388609886169434e-01,4.618300125002861023e-03,5.798541903495788574e-01,4.780565798282623291e-01,-3.697791993618011475e-01,-6.343611516058444977e-03,-4.053351879119873047e-01,-4.973482787609100342e-01,1.123647540807723999e-01,3.294900059700012207e-02,3.465858995914459229e-01,-1.190296486020088196e-01,4.894286096096038818e-01,6.013336032629013062e-02,-2.932040989398956299e-01,7.475717211491428316e-06,4.719886481761932373e-01,-4.127832055091857910e-01,4.162825942039489746e-01,-4.507628977298736572e-01,5.485739707946777344e-01,5.411754250526428223e-01,-5.336005687713623047e-01,-1.070553958415985107e-01,3.707007765769958496e-01,4.314720332622528076e-01,2.026937454938888550e-01,1.780625549145042896e-03,-4.075812399387359619e-01,3.749825656414031982e-01,4.650028049945831299e-01,-2.188553363084793091e-01,-5.360624194145202637e-01,4.997558295726776123e-01,-3.951764404773712158e-01,-2.234328091144561768e-01,5.763447880744934082e-01,-2.961397767066955566e-01,-3.864108026027679443e-01,-4.448617696762084961e-01,-4.431924521923065186e-01,1.611731201410293579e-01,4.228521883487701416e-01,3.589755892753601074e-01,-2.401140285655856133e-03,-4.434346556663513184e-01
