9.983128309249877930e-01,6.180825829505920410e-01,-9.504173398017883301e-01,1.628603786230087280e-01,-9.387776851654052734e-01,9.313139915466308594e-01,9.305287003517150879e-01,-9.374198317527770996e-01,-8.129830956459045410e-01,9.309529662132263184e-01,-9.733800888061523438e-01,8.183175921440124512e-01,9.779961109161376953e-01,8.263736963272094727e-01,-3.555451929569244385e-01,-9.490771889686584473e-01,6.773045063018798828e-01,9.485087394714355469e-01,-8.893606662750244141e-01,-9.214416742324829102e-01,-9.619507789611816406e-01,-7.526944875717163086e-01,8.474631905555725098e-01,7.731631398200988770e-01,9.209600090980529785e-01,-6.517088413238525391e-01,9.498208165168762207e-01,9.791464209556579590e-01,-9.497159123420715332e-01,1.434386223554611206e-01,9.259576797485351562e-01,-9.611225724220275879e-01,9.651423692703247070e-01,-1.872609257698059082e-01,-9.639326930046081543e-01,-9.746516942977905273e-01,-5.660758018493652344e-01,9.785455465316772461e-01,8.956168293952941895e-01,-9.736118316650390625e-01,-9.597287774085998535e-01,-1.923705935478210449e-01,9.298161864280700684e-01,9.339318275451660156e-01,-2.865173816680908203e-01,-9.121092557907104492e-01,-9.445613622665405273e-01,9.262638688087463379e-01,3.938439190387725830e-01,7.552672028541564941e-01,9.421478509902954102e-01,9.881691336631774902e-01,2.944979071617126465e-01,-9.280470013618469238e-01,-9.362652301788330078e-01,9.196599125862121582e-01,9.345507025718688965e-01,7.527129650115966797e-01,-7.518154978752136230e-01,-5.572431087493896484e-01,9.974557906389236450e-02,-8.520167469978332520e-01,9.456683397293090820e-01,-1.433069165796041489e-02,-6.456454992294311523e-01,-9.728891253471374512e-01,7.968441843986511230e-01,-4.368098378181457520e-01,-9.598065614700317383e-01,9.727344512939453125e-01,-9.717753529548645020e-01,9.740316271781921387e-01,-9.718974828720092773e-01,-9.778904318809509277e-01,-9.391585588455200195e-01,-2.153413146734237671e-01,-9.150117039680480957e-01,8.680452108383178711e-01,-6.369089484214782715e-01,-3.793159499764442444e-02,1.574903726577758789e-01,7.375395298004150391e-01,-9.820787906646728516e-01,6.812303066253662109e-01,-3.056924641132354736e-01,9.799029827117919922e-01,5.543264150619506836e-01,9.889457821846008301e-01,-9.642636179924011230e-01,-9.508227705955505371e-01,9.730676412582397461e-01,-9.835048317909240723e-01,-9.925638437271118164e-01,9.523538947105407715e-01,-9.456343054771423340e-01,-6.986884474754333496e-01,-9.888040423393249512e-01,-9.311951398849487305e-01,6.179021596908569336e-01,9.766097068786621094e-01,-9.366124868392944336e-01,6.853675246238708496e-01,9.583480954170227051e-01,9.053598046302795410e-01,9.771147966384887695e-01,9.703878760337829590e-01,-9.677100777626037598e-01,-9.708748459815979004e-01,-8.274208903312683105e-01,-9.747592210769653320e-01,9.542086720466613770e-01,-9.796519875526428223e-01,9.655650258064270020e-01,8.852295875549316406e-01,-9.378724694252014160e-01,9.728347063064575195e-01,8.641009330749511719e-01,-9.760229587554931641e-01,8.568649291992187500e-01,8.902791142463684082e-01,-9.443197250366210938e-01,8.382548689842224121e-01,9.700059890747070312e-01,-8.623563051223754883e-01,-5.928222555667161942e-03,9.546026587486267090e-01,-9.782620072364807129e-01,9.342590719461441040e-02
6.180825829505920410e-01,9.961196780204772949e-01,-7.958159446716308594e-01,-6.408562660217285156e-01,-6.751867532730102539e-01,4.297729134559631348e-01,8.010876774787902832e-01,-7.207991480827331543e-01,-8.816244602203369141e-01,8.213642239570617676e-01,-5.897887945175170898e-01,1.080519929528236389e-01,4.589132368564605713e-01,3.980225324630737305e-01,4.529302418231964111e-01,-8.013196587562561035e-01,9.413797259330749512e-01,4.041510224342346191e-01,-8.709758520126342773e-01,-6.279331445693969727e-01,-4.488145709037780762e-01,-9.606522917747497559e-01,1.993260085582733154e-01,1.500375270843505859e-01,8.094519972801208496e-01,1.660178899765014648e-01,7.788941264152526855e-01,6.807968616485595703e-01,-7.633405923843383789e-01,-1.306209415197372437e-01,8.250753283500671387e-01,-4.533063471317291260e-01,7.734612822532653809e-01,6.243008971214294434e-01,-7.573899030685424805e-01,-6.347295045852661133e-01,-9.556846022605895996e-01,7.040452957153320312e-01,3.594041168689727783e-01,-5.519257783889770508e-01,-4.357568621635437012e-01,4.223483800888061523e-01,4.356670081615447998e-01,8.051390051841735840e-01,4.862807393074035645e-01,-8.551799654960632324e-01,-7.839614152908325195e-01,8.222293257713317871e-01,-3.931112587451934814e-01,7.886631041765213013e-02,7.670382857322692871e-01,6.737037897109985352e-01,-1.177672818303108215e-01,-7.969243526458740234e-01,-6.750635504722595215e-01,8.335570096969604492e-01,7.663283348083496094e-01,9.560570120811462402e-01,-5.140308737754821777e-01,1.572293043136596680e-01,6.718795299530029297e-01,-8.983076810836791992e-01,8.022333979606628418e-01,7.400971651077270508e-01,1.328700929880142212e-01,-7.200055122375488281e-01,1.183265224099159241e-01,-9.085545539855957031e-01,-7.684844732284545898e-01,5.386872887611389160e-01,-7.100455760955810547e-01,5.478472113609313965e-01,-7.214661240577697754e-01,-4.961428940296173096e-01,-8.087859749794006348e-01,-7.660197019577026367e-01,-8.478252887725830078e-01,9.016888737678527832e-01,-6.006307601928710938e-01,7.432003021240234375e-01,-5.810952782630920410e-01,9.671454429626464844e-01,-5.624132156372070312e-01,9.792422056198120117e-01,5.183153748512268066e-01,7.356361150741577148e-01,9.339985251426696777e-01,5.723780989646911621e-01,-4.260957241058349609e-01,-7.919012904167175293e-01,6.876985430717468262e-01,-6.307481527328491211e-01,-6.610565781593322754e-01,4.212788045406341553e-01,-7.546016573905944824e-01,7.528369128704071045e-02,-6.691628098487854004e-01,-8.014751076698303223e-01,-1.911468207836151123e-01,5.512205362319946289e-01,-7.894652485847473145e-01,9.697297215461730957e-01,6.843927502632141113e-01,8.654285073280334473e-01,6.218561530113220215e-01,7.279516458511352539e-01,-6.705982685089111328e-01,-6.964420676231384277e-01,-9.342671632766723633e-01,-7.041480541229248047e-01,3.917810916900634766e-01,-6.942718625068664551e-01,5.610696077346801758e-01,8.678270578384399414e-01,-7.841706275939941406e-01,6.823922991752624512e-01,2.371130883693695068e-01,-5.629442334175109863e-01,4.069688022136688232e-01,8.926596045494079590e-01,-7.690550088882446289e-01,9.173562526702880859e-01,4.655907750129699707e-01,-8.501532673835754395e-01,5.023910999298095703e-01,4.265783727169036865e-01,-5.857945680618286133e-01,-6.272303462028503418e-01
-9.504173398017883301e-01,-7.958159446716308594e-01,9.968648552894592285e-01,7.677166163921356201e-02,9.583678245544433594e-01,-8.623359799385070801e-01,-9.908905625343322754e-01,9.713850021362304688e-01,9.280728101730346680e-01,-9.898626804351806641e-01,9.444319009780883789e-01,-6.682841181755065918e-01,-8.831664919853210449e-01,-7.122731804847717285e-01,1.212267503142356873e-01,9.870131611824035645e-01,-8.531868457794189453e-01,-8.655202984809875488e-01,9.724766612052917480e-01,9.444744586944580078e-01,8.608355522155761719e-01,8.971144556999206543e-01,-7.338322997093200684e-01,-6.684342026710510254e-01,-9.786038398742675781e-01,4.394094049930572510e-01,-9.921454787254333496e-01,-9.571231603622436523e-01,9.537340998649597168e-01,1.572391763329505920e-02,-9.893512725830078125e-01,8.673399090766906738e-01,-9.911845922470092773e-01,-7.221996784210205078e-02,9.915360808372497559e-01,9.660574793815612793e-01,7.385923266410827637e-01,-9.849643707275390625e-01,-8.152155876159667969e-01,9.327268004417419434e-01,8.807802200317382812e-01,7.537661492824554443e-02,-8.777576088905334473e-01,-9.922912716865539551e-01,9.828166663646697998e-02,9.869924783706665039e-01,9.843558669090270996e-01,-9.870309829711914062e-01,-2.036796063184738159e-01,-6.100041866302490234e-01,-9.436131715774536133e-01,-9.748355150222778320e-01,-1.437851935625076294e-01,9.811137914657592773e-01,9.355972409248352051e-01,-9.781748652458190918e-01,-9.777693152427673340e-01,-8.754680156707763672e-01,7.793600559234619141e-01,4.089143276214599609e-01,-3.038290143013000488e-01,9.616528153419494629e-01,-9.892781376838684082e-01,-2.308347225189208984e-01,4.685892462730407715e-01,9.834925532341003418e-01,-6.668679714202880859e-01,6.406641602516174316e-01,9.918749928474426270e-01,-9.304972290992736816e-01,9.835375547409057617e-01,-9.173121452331542969e-01,9.833496809005737305e-01,9.127507805824279785e-01,9.890097379684448242e-01,3.679179251194000244e-01,9.853771328926086426e-01,-9.667479991912841797e-01,6.367411017417907715e-01,-2.090109288692474365e-01,3.487143665552139282e-02,-8.805596828460693359e-01,9.399564266204833984e-01,-8.436992764472961426e-01,7.559538632631301880e-02,-9.816277027130126953e-01,-7.615033984184265137e-01,-9.435706138610839844e-01,8.743626475334167480e-01,9.840306639671325684e-01,-9.784411787986755371e-01,9.504305124282836914e-01,9.641833901405334473e-01,-8.734433650970458984e-01,9.879523515701293945e-01,4.965345263481140137e-01,9.754156470298767090e-01,9.777612090110778809e-01,-4.211880564689636230e-01,-9.377077817916870117e-01,9.902100563049316406e-01,-8.535073399543762207e-01,-9.740373492240905762e-01,-9.811777472496032715e-01,-9.634485244750976562e-01,-9.766138792037963867e-01,9.723616838455200195e-01,9.810954332351684570e-01,9.390405416488647461e-01,9.830710291862487793e-01,-8.540945053100585938e-01,9.793127179145812988e-01,-9.374648332595825195e-01,-9.601156711578369141e-01,9.845602512359619141e-01,-9.789005517959594727e-01,-7.622895836830139160e-01,9.339863657951354980e-01,-8.258215785026550293e-01,-9.715119004249572754e-01,9.715480208396911621e-01,-9.394033551216125488e-01,-8.947612047195434570e-01,9.380102753639221191e-01,-1.032573729753494263e-01,-8.753367662429809570e-01,9.471536874771118164e-01,1.602281332015991211e-01
1.628603786230087280e-01,-6.408562660217285156e-01,7.677166163921356201e-02,9.958944916725158691e-01,-8.802797645330429077e-02,3.719828724861145020e-01,-8.646748214960098267e-02,-1.609969325363636017e-02,2.934260070323944092e-01,-1.226022467017173767e-01,-1.898062527179718018e-01,6.655195951461791992e-01,3.479239940643310547e-01,2.110016047954559326e-01,-8.926810026168823242e-01,9.904933720827102661e-02,-5.003705024719238281e-01,4.134325981140136719e-01,2.291875034570693970e-01,-1.458728611469268799e-01,-3.353288769721984863e-01,4.819611907005310059e-01,5.944798588752746582e-01,6.153306365013122559e-01,-1.279682070016860962e-01,-8.341524600982666016e-01,-6.474120914936065674e-02,5.469236522912979126e-02,7.864825427532196045e-02,2.051489651203155518e-01,-1.323851644992828369e-01,-3.569058179855346680e-01,-4.819338768720626831e-02,-9.625228047370910645e-01,2.347385324537754059e-02,-1.503313332796096802e-01,6.354683637619018555e-01,5.943784862756729126e-02,4.229103028774261475e-01,-2.536110281944274902e-01,-3.875415325164794922e-01,-7.883909344673156738e-01,3.840823173522949219e-01,-1.012334749102592468e-01,-9.386671185493469238e-01,1.928508132696151733e-01,8.009867370128631592e-02,-1.348460167646408081e-01,9.022369384765625000e-01,6.519985795021057129e-01,-8.871380984783172607e-02,9.825684875249862671e-02,4.039476513862609863e-01,1.117279008030891418e-01,-2.340251766145229340e-02,-1.662601232528686523e-01,-6.336308270692825317e-02,-4.994347989559173584e-01,-1.546937972307205200e-01,-7.714137434959411621e-01,-7.657738924026489258e-01,3.037593960762023926e-01,-1.008895933628082275e-01,-9.544234275817871094e-01,-8.282099962234497070e-01,-3.038841299712657928e-02,6.392831802368164062e-01,7.379559874534606934e-01,4.055727273225784302e-02,2.703325152397155762e-01,-4.606859013438224792e-02,2.387953996658325195e-01,-2.287161163985729218e-02,-3.186363577842712402e-01,1.131609082221984863e-01,7.671458125114440918e-01,1.811380982398986816e-01,-2.962040603160858154e-01,1.945626735687255859e-01,-9.653568863868713379e-01,9.350208640098571777e-01,-5.107817053794860840e-01,-2.439153194427490234e-01,-5.738679170608520508e-01,-9.612429738044738770e-01,5.421949550509452820e-03,-5.933726429939270020e-01,2.238896489143371582e-01,-3.872169852256774902e-01,7.354855537414550781e-02,7.576519250869750977e-02,-1.366899162530899048e-01,-1.132147982716560364e-01,3.978970348834991455e-01,2.393787354230880737e-02,-7.352936863899230957e-01,-1.088528856635093689e-01,1.179909929633140564e-01,8.424520492553710938e-01,2.524236440658569336e-01,8.082006126642227173e-02,-5.534476637840270996e-01,7.090164721012115479e-02,-2.156861275434494019e-01,1.676329374313354492e-01,1.357687730342149734e-02,-1.056065559387207031e-01,-6.830764561891555786e-02,3.785943984985351562e-01,-5.515917763113975525e-02,4.204480350017547607e-01,-7.341820746660232544e-02,2.394663095474243164e-01,-2.412807494401931763e-01,7.615070790052413940e-02,8.825486153364181519e-02,5.627807974815368652e-01,-2.343943715095520020e-01,3.697275221347808838e-01,-2.732755243778228760e-01,6.163607537746429443e-02,-3.513863086700439453e-01,3.526681065559387207e-01,2.314440906047821045e-01,-6.646038293838500977e-01,3.812139034271240234e-01,-2.051675915718078613e-01,8.782486319541931152e-01
-9.387776851654052734e-01,-6.751867532730102539e-01,9.583678245544433594e-01,-8.802797645330429077e-02,9.934140443801879883e-01,-9.078959822654724121e-01,-9.578116536140441895e-01,9.458420276641845703e-01,8.930547833442687988e-01,-9.390575289726257324e-01,9.327451586723327637e-01,-7.510628700256347656e-01,-9.023751616477966309e-01,-6.742793917655944824e-01,2.473879456520080566e-01,9.321825504302978516e-01,-7.520679831504821777e-01,-9.019048213958740234e-01,9.178372621536254883e-01,9.637078046798706055e-01,8.623036146163940430e-01,7.909410595893859863e-01,-8.304929733276367188e-01,-7.558308839797973633e-01,-9.172745347023010254e-01,5.653543472290039062e-01,-9.504442214965820312e-01,-9.212365150451660156e-01,8.920105695724487305e-01,1.808492466807365417e-02,-9.455391764640808105e-01,8.991345167160034180e-01,-9.429793357849121094e-01,6.516092270612716675e-02,9.584301710128784180e-01,9.606009721755981445e-01,6.050847172737121582e-01,-9.604756236076354980e-01,-8.584710359573364258e-01,9.506843090057373047e-01,9.245399236679077148e-01,2.746307253837585449e-01,-9.346199631690979004e-01,-9.462483525276184082e-01,2.532039880752563477e-01,9.268973469734191895e-01,9.404516220092773438e-01,-9.327609539031982422e-01,-3.349237143993377686e-01,-6.752521395683288574e-01,-8.952957391738891602e-01,-9.535886645317077637e-01,-2.446793913841247559e-01,9.343420267105102539e-01,9.000780582427978516e-01,-9.124383926391601562e-01,-9.493358135223388672e-01,-7.647470831871032715e-01,7.712657451629638672e-01,5.308157801628112793e-01,-1.375122815370559692e-01,8.899918794631958008e-01,-9.320516586303710938e-01,-6.833449751138687134e-02,6.029219627380371094e-01,9.499605298042297363e-01,-7.498000264167785645e-01,5.052530765533447266e-01,9.515091180801391602e-01,-9.434720277786254883e-01,9.604088068008422852e-01,-9.136158823966979980e-01,9.492015242576599121e-01,9.322778582572937012e-01,9.317005276679992676e-01,2.352809011936187744e-01,9.215229749679565430e-01,-8.956929445266723633e-01,5.467630028724670410e-01,-6.244203075766563416e-02,-1.421983391046524048e-01,-7.726399302482604980e-01,9.499858021736145020e-01,-7.171831130981445312e-01,2.196647822856903076e-01,-9.531950354576110840e-01,-6.553919911384582520e-01,-9.522913098335266113e-01,9.094130396842956543e-01,9.366921186447143555e-01,-9.594230651855468750e-01,9.231308102607727051e-01,9.471062421798706055e-01,-9.120622277259826660e-01,9.515693783760070801e-01,6.080455183982849121e-01,9.641743898391723633e-01,9.156327247619628906e-01,-5.308709144592285156e-01,-9.443985223770141602e-01,9.596953392028808594e-01,-7.385947108268737793e-01,-9.602748155593872070e-01,-9.160620570182800293e-01,-9.567146301269531250e-01,-9.549353718757629395e-01,9.676381945610046387e-01,9.616820812225341797e-01,8.470020890235900879e-01,9.558590054512023926e-01,-8.913168311119079590e-01,9.722381830215454102e-01,-9.554208517074584961e-01,-9.078487157821655273e-01,9.429163336753845215e-01,-9.633710980415344238e-01,-8.446432948112487793e-01,9.280974864959716797e-01,-8.948478102684020996e-01,-8.953083753585815430e-01,9.226933121681213379e-01,-8.361237049102783203e-01,-9.221577644348144531e-01,8.485649228096008301e-01,7.007464021444320679e-02,-9.035264849662780762e-01,9.433234333992004395e-01,5.895256996154785156e-03
9.313139915466308594e-01,4.297729134559631348e-01,-8.623359799385070801e-01,3.719828724861145020e-01,-9.078959822654724121e-01,9.963715672492980957e-01,8.618854880332946777e-01,-8.630653619766235352e-01,-6.983779072761535645e-01,8.420473337173461914e-01,-9.391342401504516602e-01,9.153138995170593262e-01,9.591574668884277344e-01,7.181583642959594727e-01,-4.915793836116790771e-01,-8.386673331260681152e-01,5.553175210952758789e-01,9.753939509391784668e-01,-7.547025680541992188e-01,-9.083150029182434082e-01,-9.274777173995971680e-01,-5.981978178024291992e-01,9.233852624893188477e-01,8.964305520057678223e-01,8.219254016876220703e-01,-7.687602639198303223e-01,8.578656315803527832e-01,8.853598833084106445e-01,-8.490457534790039062e-01,1.722121238708496094e-02,8.288017511367797852e-01,-9.464421868324279785e-01,8.664007782936096191e-01,-3.860801160335540771e-01,-8.729610443115234375e-01,-9.275080561637878418e-01,-4.137898981571197510e-01,9.078503251075744629e-01,8.855037093162536621e-01,-9.754700064659118652e-01,-9.654638767242431641e-01,-4.052192866802215576e-01,9.689431190490722656e-01,8.535802960395812988e-01,-5.129604935646057129e-01,-7.970795631408691406e-01,-8.601701259613037109e-01,8.258064389228820801e-01,5.980271100997924805e-01,8.921315670013427734e-01,8.327974677085876465e-01,9.289900064468383789e-01,3.553868234157562256e-01,-8.391643166542053223e-01,-8.552992939949035645e-01,7.946520447731018066e-01,8.519858717918395996e-01,5.479483008384704590e-01,-8.256363868713378906e-01,-7.291103005409240723e-01,-1.089757606387138367e-01,-7.328386306762695312e-01,8.493139147758483887e-01,-2.378842830657958984e-01,-7.944395542144775391e-01,-8.835957050323486328e-01,9.207403659820556641e-01,-2.062468379735946655e-01,-8.698448538780212402e-01,9.622930288314819336e-01,-9.257140755653381348e-01,9.152218103408813477e-01,-8.835222721099853516e-01,-9.648603796958923340e-01,-8.292449712753295898e-01,-1.899106428027153015e-02,-7.968024611473083496e-01,7.377251386642456055e-01,-5.884195566177368164e-01,-2.481533586978912354e-01,4.089338779449462891e-01,5.498753190040588379e-01,-9.656897783279418945e-01,5.050208568572998047e-01,-5.231025815010070801e-01,8.857721090316772461e-01,4.444693922996520996e-01,9.460802078247070312e-01,-9.751383662223815918e-01,-8.685432672500610352e-01,8.981967568397521973e-01,-9.230935573577880859e-01,-9.246025681495666504e-01,9.779332280158996582e-01,-8.767457604408264160e-01,-7.733886837959289551e-01,-9.250261187553405762e-01,-8.131444454193115234e-01,7.633494138717651367e-01,9.556338191032409668e-01,-8.567975163459777832e-01,5.116234421730041504e-01,9.026440978050231934e-01,7.803758382797241211e-01,9.420670866966247559e-01,9.097402095794677734e-01,-9.285410642623901367e-01,-9.063910245895385742e-01,-6.817234754562377930e-01,-9.046134948730468750e-01,9.715686440467834473e-01,-9.136683940887451172e-01,9.636328816413879395e-01,7.375142574310302734e-01,-8.386870026588439941e-01,9.169125556945800781e-01,9.504640698432922363e-01,-9.497534036636352539e-01,8.667309880256652832e-01,7.483347058296203613e-01,-8.638873100280761719e-01,6.855908036231994629e-01,9.753360748291015625e-01,-7.690690159797668457e-01,-1.603671014308929443e-01,9.766430854797363281e-01,-9.365763068199157715e-01,2.939915060997009277e-01
9.305287003517150879e-01,8.010876774787902832e-01,-9.908905625343322754e-01,-8.646748214960098267e-02,-9.578116536140441895e-01,8.618854880332946777e-01,9.974097609519958496e-01,-9.695721268653869629e-01,-9.285764694213867188e-01,9.910609722137451172e-01,-9.350883960723876953e-01,6.590521931648254395e-01,8.615905046463012695e-01,6.690142154693603516e-01,-9.369756281375885010e-02,-9.771886467933654785e-01,8.739557266235351562e-01,8.573766946792602539e-01,-9.660963416099548340e-01,-9.520956277847290039e-01,-8.366691470146179199e-01,-9.032865166664123535e-01,7.268342971801757812e-01,6.803603768348693848e-01,9.756081104278564453e-01,-4.165425002574920654e-01,9.860057830810546875e-01,9.363351464271545410e-01,-9.399580955505371094e-01,-7.060888409614562988e-02,9.881816506385803223e-01,-8.455826640129089355e-01,9.809775948524475098e-01,8.837600052356719971e-02,-9.816251993179321289e-01,-9.583539962768554688e-01,-7.557293176651000977e-01,9.755077958106994629e-01,7.988842725753784180e-01,-9.296310544013977051e-01,-8.691631555557250977e-01,-8.338890224695205688e-02,8.778865337371826172e-01,9.932389855384826660e-01,-1.048771664500236511e-01,-9.846041202545166016e-01,-9.807898402214050293e-01,9.863227009773254395e-01,2.081692218780517578e-01,6.170844435691833496e-01,9.233906269073486328e-01,9.630519747734069824e-01,1.207662969827651978e-01,-9.766333699226379395e-01,-9.190853238105773926e-01,9.713743925094604492e-01,9.753327965736389160e-01,8.625309467315673828e-01,-8.179674148559570312e-01,-4.224234819412231445e-01,3.187406659126281738e-01,-9.652329087257385254e-01,9.839214086532592773e-01,2.407708019018173218e-01,-4.619890749454498291e-01,-9.710701107978820801e-01,6.686745285987854004e-01,-6.402824521064758301e-01,-9.839835166931152344e-01,9.245259165763854980e-01,-9.801712036132812500e-01,8.976795077323913574e-01,-9.720470309257507324e-01,-8.991829752922058105e-01,-9.815718531608581543e-01,-3.657013475894927979e-01,-9.811019897460937500e-01,9.639136195182800293e-01,-6.378489732742309570e-01,2.226291447877883911e-01,-2.406124025583267212e-02,8.780514597892761230e-01,-9.296624660491943359e-01,8.490060567855834961e-01,-7.456733286380767822e-02,9.641473889350891113e-01,7.957797050476074219e-01,9.250053763389587402e-01,-8.608219027519226074e-01,-9.810987114906311035e-01,9.672638177871704102e-01,-9.369662404060363770e-01,-9.502474069595336914e-01,8.667458891868591309e-01,-9.883289933204650879e-01,-4.656514823436737061e-01,-9.630462527275085449e-01,-9.678422808647155762e-01,4.140120744705200195e-01,9.279119372367858887e-01,-9.889297485351562500e-01,8.592323064804077148e-01,9.687815308570861816e-01,9.772571921348571777e-01,9.568666219711303711e-01,9.664210677146911621e-01,-9.714065790176391602e-01,-9.746201038360595703e-01,-9.389973878860473633e-01,-9.752830862998962402e-01,8.392220735549926758e-01,-9.675183892250061035e-01,9.342480897903442383e-01,9.492684006690979004e-01,-9.806144833564758301e-01,9.732115864753723145e-01,7.598549723625183105e-01,-9.264879822731018066e-01,8.243595957756042480e-01,9.644465446472167969e-01,-9.692251682281494141e-01,9.376131296157836914e-01,8.851420879364013672e-01,-9.455974698066711426e-01,1.053499206900596619e-01,8.673290610313415527e-01,-9.360369443893432617e-01,-1.792454570531845093e-01
-9.374198317527770996e-01,-7.207991480827331543e-01,9.713850021362304688e-01,-1.609969325363636017e-02,9.458420276641845703e-01,-8.630653619766235352e-01,-9.695721268653869629e-01,9.981118440628051758e-01,8.789582252502441406e-01,-9.702735543251037598e-01,9.652390480041503906e-01,-7.217211723327636719e-01,-8.857548832893371582e-01,-7.185222506523132324e-01,2.219000756740570068e-01,9.736773371696472168e-01,-8.201044201850891113e-01,-8.941702842712402344e-01,9.487282037734985352e-01,9.687440395355224609e-01,8.816298842430114746e-01,8.511216640472412109e-01,-7.879086136817932129e-01,-7.297884821891784668e-01,-9.736674427986145020e-01,4.962094128131866455e-01,-9.825844764709472656e-01,-9.529042840003967285e-01,9.087327122688293457e-01,-1.504306029528379440e-02,-9.754901528358459473e-01,8.780941367149353027e-01,-9.733783006668090820e-01,-9.037684649229049683e-03,9.751964807510375977e-01,9.756205677986145020e-01,6.509552001953125000e-01,-9.778611063957214355e-01,-8.862244486808776855e-01,9.297834038734436035e-01,9.024712443351745605e-01,1.678538918495178223e-01,-9.060118794441223145e-01,-9.723641276359558105e-01,2.154030799865722656e-01,9.603847265243530273e-01,9.656032919883728027e-01,-9.758809804916381836e-01,-3.169966340065002441e-01,-6.555342078208923340e-01,-8.804512619972229004e-01,-9.590607285499572754e-01,-9.317784011363983154e-02,9.730126261711120605e-01,9.299119710922241211e-01,-9.680348634719848633e-01,-9.672946333885192871e-01,-8.164470791816711426e-01,7.909479737281799316e-01,5.073100924491882324e-01,-3.217014074325561523e-01,9.332724213600158691e-01,-9.613515138626098633e-01,-1.651778966188430786e-01,5.463773608207702637e-01,9.751985073089599609e-01,-7.218179106712341309e-01,6.067105531692504883e-01,9.733546376228332520e-01,-9.482575654983520508e-01,9.646911621093750000e-01,-9.430525302886962891e-01,9.818860888481140137e-01,9.270625114440917969e-01,9.679388999938964844e-01,2.128911465406417847e-01,9.639466404914855957e-01,-9.339436292648315430e-01,5.374037623405456543e-01,-1.193874627351760864e-01,-5.648421123623847961e-02,-8.310432434082031250e-01,9.450833201408386230e-01,-7.890346646308898926e-01,1.587172448635101318e-01,-9.485133886337280273e-01,-7.213459610939025879e-01,-9.440436959266662598e-01,8.907635211944580078e-01,9.588995575904846191e-01,-9.858217239379882812e-01,9.567162990570068359e-01,9.513203501701354980e-01,-8.975242376327514648e-01,9.886426925659179688e-01,5.351358056068420410e-01,9.643948078155517578e-01,9.460675716400146484e-01,-5.120798349380493164e-01,-9.503459930419921875e-01,9.758130311965942383e-01,-8.144928812980651855e-01,-9.863432049751281738e-01,-9.551864266395568848e-01,-9.654086828231811523e-01,-9.416928291320800781e-01,9.785307049751281738e-01,9.877436757087707520e-01,8.996471762657165527e-01,9.794082641601562500e-01,-8.722121119499206543e-01,9.676678776741027832e-01,-9.483839273452758789e-01,-9.209822416305541992e-01,9.818207621574401855e-01,-9.831069111824035645e-01,-8.098544478416442871e-01,9.555907845497131348e-01,-8.911749124526977539e-01,-9.331135153770446777e-01,9.556321501731872559e-01,-9.097898006439208984e-01,-9.095069766044616699e-01,9.087023138999938965e-01,3.214274719357490540e-02,-9.021982550621032715e-01,9.622020125389099121e-01,1.627519577741622925e-01
-8.129830956459045410e-01,-8.816244602203369141e-01,9.280728101730346680e-01,2.934260070323944092e-01,8.930547833442687988e-01,-6.983779072761535645e-01,-9.285764694213867188e-01,8.789582252502441406e-01,9.950278997421264648e-01,-9.192940592765808105e-01,7.968450784683227539e-01,-4.312046170234680176e-01,-7.046416401863098145e-01,-4.990019798278808594e-01,-1.113181859254837036e-01,9.098652005195617676e-01,-9.005978703498840332e-01,-6.770727038383483887e-01,9.646590352058410645e-01,8.485883474349975586e-01,6.737039685249328613e-01,9.172474741935729980e-01,-5.500582456588745117e-01,-4.439777731895446777e-01,-9.101366996765136719e-01,2.108380496501922607e-01,-9.122983813285827637e-01,-8.377067446708679199e-01,8.501673340797424316e-01,7.758421450853347778e-02,-9.384903907775878906e-01,7.002214789390563965e-01,-9.000771641731262207e-01,-3.248746693134307861e-01,9.137399792671203613e-01,8.392630219459533691e-01,8.026233911514282227e-01,-8.755849003791809082e-01,-6.480932831764221191e-01,7.891456484794616699e-01,7.210793495178222656e-01,-3.517436236143112183e-02,-7.254974246025085449e-01,-9.207717776298522949e-01,-1.453168839216232300e-01,9.413148760795593262e-01,9.061033129692077637e-01,-9.129883050918579102e-01,5.911909788846969604e-02,-3.501521944999694824e-01,-8.829761743545532227e-01,-8.510796427726745605e-01,-1.023661196231842041e-01,9.053827524185180664e-01,8.198356032371520996e-01,-9.164977669715881348e-01,-9.088153839111328125e-01,-9.211994409561157227e-01,6.089121103286743164e-01,1.748568713665008545e-01,-4.432931840419769287e-01,9.464371800422668457e-01,-9.056217074394226074e-01,-4.408662617206573486e-01,2.380127012729644775e-01,8.810701966285705566e-01,-4.284690916538238525e-01,7.792379856109619141e-01,9.049933552742004395e-01,-7.753809690475463867e-01,8.756572604179382324e-01,-7.592151165008544922e-01,8.783130645751953125e-01,7.503042817115783691e-01,9.145241379737854004e-01,5.298226475715637207e-01,9.308945536613464355e-01,-9.534670114517211914e-01,5.460878014564514160e-01,-4.385490417480468750e-01,2.257489562034606934e-01,-9.281381368637084961e-01,7.875123023986816406e-01,-8.839735388755798340e-01,-1.768137961626052856e-01,-8.930416107177734375e-01,-8.253599405288696289e-01,-8.062649965286254883e-01,6.950986981391906738e-01,8.895306587219238281e-01,-8.709086775779724121e-01,8.065286874771118164e-01,8.388239145278930664e-01,-6.919999122619628906e-01,8.960149884223937988e-01,3.058356940746307373e-01,8.636325001716613770e-01,9.049537181854248047e-01,-1.556543260812759399e-01,-7.847086191177368164e-01,9.317870140075683594e-01,-9.024723172187805176e-01,-8.732153773307800293e-01,-9.387398958206176758e-01,-8.298633098602294922e-01,-8.974373936653137207e-01,8.575155735015869141e-01,8.736660480499267578e-01,9.291955828666687012e-01,8.695510625839233398e-01,-6.635745167732238770e-01,8.852773308753967285e-01,-7.956394553184509277e-01,-9.676552414894104004e-01,9.127644896507263184e-01,-8.720173239707946777e-01,-5.672901868820190430e-01,7.702192068099975586e-01,-7.046066522598266602e-01,-9.437670111656188965e-01,8.703790903091430664e-01,-9.101194143295288086e-01,-7.207242250442504883e-01,8.612182140350341797e-01,-1.636415570974349976e-01,-6.869094967842102051e-01,8.001635074615478516e-01,3.435904979705810547e-01
9.309529662132263184e-01,8.213642239570617676e-01,-9.898626804351806641e-01,-1.226022467017173767e-01,-9.390575289726257324e-01,8.420473337173461914e-01,9.910609722137451172e-01,-9.702735543251037598e-01,-9.192940592765808105e-01,9.971277117729187012e-01,-9.355546832084655762e-01,6.395470499992370605e-01,8.568223714828491211e-01,7.006618380546569824e-01,-7.887909561395645142e-02,-9.885273575782775879e-01,8.856003284454345703e-01,8.444741368293762207e-01,-9.707101583480834961e-01,-9.301446676254272461e-01,-8.460524678230285645e-01,-9.195012450218200684e-01,6.957838535308837891e-01,6.489591002464294434e-01,9.873939752578735352e-01,-3.836146295070648193e-01,9.864771962165832520e-01,9.465878605842590332e-01,-9.518941044807434082e-01,-4.746996611356735229e-02,9.909830689430236816e-01,-8.437550663948059082e-01,9.869201779365539551e-01,1.119885444641113281e-01,-9.796721935272216797e-01,-9.503828287124633789e-01,-7.798967361450195312e-01,9.735491275787353516e-01,7.891139984130859375e-01,-9.136667847633361816e-01,-8.514882922172546387e-01,-1.335657294839620590e-02,8.519566655158996582e-01,9.932627677917480469e-01,-6.700160354375839233e-02,-9.880653023719787598e-01,-9.793128371238708496e-01,9.914607405662536621e-01,1.730595827102661133e-01,6.000038981437683105e-01,9.333668947219848633e-01,9.615231156349182129e-01,1.069045886397361755e-01,-9.818075895309448242e-01,-9.302147626876831055e-01,9.808046817779541016e-01,9.679628014564514160e-01,8.830678462982177734e-01,-8.007820844650268555e-01,-3.808071315288543701e-01,3.532850444316864014e-01,-9.708939790725708008e-01,9.895868301391601562e-01,2.832972407341003418e-01,-4.310898184776306152e-01,-9.721893072128295898e-01,6.416512727737426758e-01,-6.648052334785461426e-01,-9.846497178077697754e-01,9.120304584503173828e-01,-9.769385457038879395e-01,8.986085653305053711e-01,-9.732717275619506836e-01,-8.890049457550048828e-01,-9.864316582679748535e-01,-3.982972800731658936e-01,-9.869114756584167480e-01,9.736288189888000488e-01,-6.711186170578002930e-01,2.522379159927368164e-01,-6.890843808650970459e-02,8.949546813964843750e-01,-9.225337505340576172e-01,8.732479810714721680e-01,-3.826043009757995605e-02,9.661629796028137207e-01,8.034800291061401367e-01,9.192603230476379395e-01,-8.495802283287048340e-01,-9.871764779090881348e-01,9.655175209045410156e-01,-9.450955986976623535e-01,-9.521542191505432129e-01,8.510775566101074219e-01,-9.871499538421630859e-01,-4.371388554573059082e-01,-9.582917690277099609e-01,-9.719046950340270996e-01,3.889798820018768311e-01,9.185529947280883789e-01,-9.840289354324340820e-01,8.773742914199829102e-01,9.617415070533752441e-01,9.834122061729431152e-01,9.492465853691101074e-01,9.651409387588500977e-01,-9.646447896957397461e-01,-9.723152518272399902e-01,-9.561376571655273438e-01,-9.743300080299377441e-01,8.281094431877136230e-01,-9.642335772514343262e-01,9.216334223747253418e-01,9.511642456054687500e-01,-9.792090058326721191e-01,9.679944515228271484e-01,7.302176356315612793e-01,-9.256348609924316406e-01,7.977188229560852051e-01,9.765220880508422852e-01,-9.735183715820312500e-01,9.580053687095642090e-01,8.742129206657409668e-01,-9.636918902397155762e-01,1.445449143648147583e-01,8.563125729560852051e-01,-9.290956854820251465e-01,-2.128452509641647339e-01
-9.733800888061523438e-01,-5.897887945175170898e-01,9.444319009780883789e-01,-1.898062527179718018e-01,9.327451586723327637e-01,-9.391342401504516602e-01,-9.350883960723876953e-01,9.652390480041503906e-01,7.968450784683227539e-01,-9.355546832084655762e-01,9.983918070793151855e-01,-8.400419354438781738e-01,-9.579896926879882812e-01,-7.969937920570373535e-01,3.865814507007598877e-01,9.477629065513610840e-01,-7.076137661933898926e-01,-9.637432694435119629e-01,8.822861313819885254e-01,9.479116797447204590e-01,9.580661058425903320e-01,7.506602406501770020e-01,-8.697271347045898438e-01,-8.085656166076660156e-01,-9.406543374061584473e-01,6.470370292663574219e-01,-9.543485045433044434e-01,-9.696467518806457520e-01,9.180317521095275879e-01,-5.984873697161674500e-02,-9.308935403823852539e-01,9.411147236824035645e-01,-9.577113986015319824e-01,1.949198991060256958e-01,9.562352299690246582e-01,9.816535115242004395e-01,5.424052476882934570e-01,-9.768914580345153809e-01,-9.273194074630737305e-01,9.737533330917358398e-01,9.574202895164489746e-01,2.452198415994644165e-01,-9.476742148399353027e-01,-9.401351809501647949e-01,3.576110899448394775e-01,9.085125923156738281e-01,9.417616128921508789e-01,-9.329501986503601074e-01,-4.666935205459594727e-01,-7.886720299720764160e-01,-8.941623568534851074e-01,-9.774276614189147949e-01,-2.186955809593200684e-01,9.407397508621215820e-01,9.459787011146545410e-01,-9.206762909889221191e-01,-9.354931712150573730e-01,-7.173272371292114258e-01,7.971422672271728516e-01,6.147415041923522949e-01,-1.439864486455917358e-01,8.600893020629882812e-01,-9.394512772560119629e-01,1.689114607870578766e-02,6.779741048812866211e-01,9.662057757377624512e-01,-8.318147659301757812e-01,4.421119093894958496e-01,9.530280232429504395e-01,-9.829555153846740723e-01,9.733237624168395996e-01,-9.711707234382629395e-01,9.713025093078613281e-01,9.774856567382812500e-01,9.330439567565917969e-01,1.116738021373748779e-01,9.125108718872070312e-01,-8.653168082237243652e-01,6.047142744064331055e-01,7.066172361373901367e-02,-2.130672335624694824e-01,-7.197939157485961914e-01,9.840674400329589844e-01,-6.757411956787109375e-01,3.425312936305999756e-01,-9.503898024559020996e-01,-5.834677219390869141e-01,-9.801701307296752930e-01,9.629872441291809082e-01,9.397265911102294922e-01,-9.790520071983337402e-01,9.887326955795288086e-01,9.750371575355529785e-01,-9.628815650939941406e-01,9.636663198471069336e-01,6.822575330734252930e-01,9.768521189689636230e-01,9.147732257843017578e-01,-6.616617441177368164e-01,-9.846260547637939453e-01,9.408619403839111328e-01,-6.909535527229309082e-01,-9.745843410491943359e-01,-8.984684348106384277e-01,-9.839746952056884766e-01,-9.531525373458862305e-01,9.779441952705383301e-01,9.800484776496887207e-01,8.227141499519348145e-01,9.757975339889526367e-01,-9.508876204490661621e-01,9.707316756248474121e-01,-9.813315868377685547e-01,-8.588936328887939453e-01,9.431241154670715332e-01,-9.810810685157775879e-01,-8.926296234130859375e-01,9.921177625656127930e-01,-8.913722038269042969e-01,-8.750872611999511719e-01,9.413696527481079102e-01,-8.386130928993225098e-01,-9.699823260307312012e-01,8.703597187995910645e-01,8.927632868289947510e-02,-9.709674715995788574e-01,9.835827350616455078e-01,-4.519024118781089783e-02
8.183175921440124512e-01,1.080519929528236389e-01,-6.682841181755065918e-01,6.655195951461791992e-01,-7.510628700256347656e-01,9.153138995170593262e-01,6.590521931648254395e-01,-7.217211723327636719e-01,-4.312046170234680176e-01,6.395470499992370605e-01,-8.400419354438781738e-01,9.984913468360900879e-01,9.087966084480285645e-01,6.929075717926025391e-01,-7.686903476715087891e-01,-6.560201048851013184e-01,2.595303952693939209e-01,9.451879858970642090e-01,-5.312595963478088379e-01,-7.852318882942199707e-01,-8.900079727172851562e-01,-3.091165423393249512e-01,9.617930054664611816e-01,9.588741660118103027e-01,6.287688612937927246e-01,-9.216466546058654785e-01,6.782617568969726562e-01,7.495539188385009766e-01,-6.581469178199768066e-01,1.534853428602218628e-01,6.258451938629150391e-01,-9.055345058441162109e-01,6.920385956764221191e-01,-6.667068004608154297e-01,-6.994121670722961426e-01,-8.127264380455017090e-01,-8.969882130622863770e-02,7.615483403205871582e-01,8.989322185516357422e-01,-8.716148138046264648e-01,-9.206430912017822266e-01,-5.990201234817504883e-01,9.182836413383483887e-01,6.535478830337524414e-01,-7.705343365669250488e-01,-5.767261981964111328e-01,-6.663849949836730957e-01,6.286818385124206543e-01,8.291900157928466797e-01,9.613053202629089355e-01,6.298347115516662598e-01,7.900468111038208008e-01,3.749432563781738281e-01,-6.446992754936218262e-01,-7.114039659500122070e-01,5.992492437362670898e-01,6.672396063804626465e-01,2.666660249233245850e-01,-7.157478332519531250e-01,-8.865488767623901367e-01,-3.307847082614898682e-01,-4.797558188438415527e-01,6.544849276542663574e-01,-5.335905551910400391e-01,-9.459964036941528320e-01,-7.371948361396789551e-01,9.735155701637268066e-01,8.996649086475372314e-02,-6.969468593597412109e-01,8.817542195320129395e-01,-7.585876584053039551e-01,8.531311750411987305e-01,-7.372359037399291992e-01,-9.018783569335937500e-01,-6.397981047630310059e-01,3.013177812099456787e-01,-5.876499414443969727e-01,4.888875782489776611e-01,-3.743768632411956787e-01,-5.621293783187866211e-01,6.641764640808105469e-01,2.631738483905792236e-01,-8.739798069000244141e-01,2.055228650569915771e-01,-7.763299345970153809e-01,7.180920839309692383e-01,1.390355825424194336e-01,8.505145311355590820e-01,-9.314639568328857422e-01,-6.792654991149902344e-01,7.653766870498657227e-01,-8.089429736137390137e-01,-7.943748831748962402e-01,9.355657100677490234e-01,-7.085400223731994629e-01,-8.875331282615661621e-01,-7.898505330085754395e-01,-6.246845722198486328e-01,9.426359534263610840e-01,8.708614110946655273e-01,-6.606276035308837891e-01,2.198863178491592407e-01,7.618356943130493164e-01,5.590401291847229004e-01,8.269444704055786133e-01,7.239037752151489258e-01,-7.901514768600463867e-01,-7.677593231201171875e-01,-4.171129465103149414e-01,-7.607874870300292969e-01,9.421167373657226562e-01,-7.619900107383728027e-01,8.608682751655578613e-01,5.036728382110595703e-01,-6.577941775321960449e-01,7.788652777671813965e-01,9.694852232933044434e-01,-8.683542013168334961e-01,8.456139564514160156e-01,5.101127028465270996e-01,-6.847863197326660156e-01,4.437265694141387939e-01,9.197546243667602539e-01,-5.460364818572998047e-01,-3.712919056415557861e-01,9.325260519981384277e-01,-8.448649048805236816e-01,5.267893671989440918e-01
