9.999983310699462891e-01,-9.999986290931701660e-01,-9.999914169311523438e-01,9.999982118606567383e-01,9.999989271163940430e-01,-9.999986886978149414e-01,9.999959468841552734e-01,9.999989271163940430e-01,-9.999973177909851074e-01,9.999977350234985352e-01,-9.999986290931701660e-01,-9.999989271163940430e-01,9.999981522560119629e-01,9.999984502792358398e-01,9.999867677688598633e-01,9.999970793724060059e-01,9.999974966049194336e-01,-9.999986290931701660e-01,9.999933242797851562e-01,-9.999991059303283691e-01,-9.999989271163940430e-01,9.999907016754150391e-01,9.999985098838806152e-01,9.999983310699462891e-01,9.999890923500061035e-01,9.999990463256835938e-01,-9.999983906745910645e-01,-9.999988675117492676e-01,9.999855160713195801e-01,-9.999956488609313965e-01,-9.999932050704956055e-01,-9.999984502792358398e-01,9.999911189079284668e-01,9.999969601631164551e-01,-9.999974966049194336e-01,-9.999483823776245117e-01,9.999990463256835938e-01,9.999986290931701660e-01,9.999926090240478516e-01,-9.999988675117492676e-01,9.999986290931701660e-01,-9.999958872795104980e-01,9.999765157699584961e-01,9.999988675117492676e-01,9.999982714653015137e-01,9.999982714653015137e-01,-9.999905228614807129e-01,9.999982714653015137e-01,9.999988079071044922e-01,-9.999985694885253906e-01,-9.999987483024597168e-01,-9.999980926513671875e-01,-9.999988675117492676e-01,-9.999923110008239746e-01,-9.999976754188537598e-01,-9.999981522560119629e-01,-9.999963045120239258e-01,9.999207258224487305e-01,9.999974966049194336e-01,9.999983310699462891e-01,-9.999982714653015137e-01,9.999988675117492676e-01,9.999983310699462891e-01,9.999952912330627441e-01,-9.999955296516418457e-01,-9.999988079071044922e-01,-9.999991059303283691e-01,-9.999957680702209473e-01,-9.999988675117492676e-01,9.999988079071044922e-01,-9.999988079071044922e-01,9.999980330467224121e-01,9.999949336051940918e-01,-9.999930262565612793e-01,-9.999635815620422363e-01,-9.999982714653015137e-01,9.999929666519165039e-01,9.999987483024597168e-01,-9.999940991401672363e-01,-9.999965429306030273e-01,9.996591210365295410e-01,9.999976158142089844e-01,-9.999987483024597168e-01,9.999973773956298828e-01,-9.999982714653015137e-01,-9.999884366989135742e-01,9.999876618385314941e-01,9.999989271163940430e-01,9.999728798866271973e-01,9.999902844429016113e-01,-9.999974370002746582e-01,9.999983906745910645e-01,-9.999796152114868164e-01,-9.999979138374328613e-01,9.999983906745910645e-01,-9.999979734420776367e-01,-9.999920129776000977e-01,9.999989867210388184e-01,-9.999988079071044922e-01,9.999935030937194824e-01,-9.999970197677612305e-01,9.999986886978149414e-01,-9.999648332595825195e-01,-9.999298453330993652e-01,9.999985098838806152e-01,9.999973773956298828e-01,-9.999699592590332031e-01,-9.999981522560119629e-01,-9.999940991401672363e-01,9.999985098838806152e-01,-9.999982118606567383e-01,9.999984502792358398e-01,-9.999983906745910645e-01,-9.999787211418151855e-01,9.999990463256835938e-01,-9.999980926513671875e-01,9.999988675117492676e-01,-9.999984502792358398e-01,-9.999947547912597656e-01,-9.999980926513671875e-01,-9.999988675117492676e-01,9.999961256980895996e-01,9.999985098838806152e-01,-9.999975562095642090e-01,-9.999855756759643555e-01,-9.999956488609313965e-01,9.999907612800598145e-01,-9.999966025352478027e-01
-9.999986290931701660e-01,9.999989271163940430e-01,9.999930262565612793e-01,-9.999985098838806152e-01,-9.999991655349731445e-01,9.999990463256835938e-01,-9.999967813491821289e-01,-9.999992251396179199e-01,9.999979138374328613e-01,-9.999982118606567383e-01,9.999988675117492676e-01,9.999991655349731445e-01,-9.999984502792358398e-01,-9.999988079071044922e-01,-9.999892711639404297e-01,-9.999976158142089844e-01,-9.999980330467224121e-01,9.999988675117492676e-01,-9.999946355819702148e-01,9.999992847442626953e-01,9.999992847442626953e-01,-9.999924302101135254e-01,-9.999988079071044922e-01,-9.999986886978149414e-01,-9.999911785125732422e-01,-9.999992251396179199e-01,9.999986886978149414e-01,9.999990463256835938e-01,-9.999881982803344727e-01,9.999963641166687012e-01,9.999945163726806641e-01,9.999987483024597168e-01,-9.999927282333374023e-01,-9.999974966049194336e-01,9.999979138374328613e-01,9.999577403068542480e-01,-9.999992251396179199e-01,-9.999988675117492676e-01,-9.999939203262329102e-01,9.999991655349731445e-01,-9.999988675117492676e-01,9.999966621398925781e-01,-9.999807476997375488e-01,-9.999991059303283691e-01,-9.999985694885253906e-01,-9.999986886978149414e-01,9.999923110008239746e-01,-9.999986886978149414e-01,-9.999991059303283691e-01,9.999988079071044922e-01,9.999989867210388184e-01,9.999983906745910645e-01,9.999991059303283691e-01,9.999936819076538086e-01,9.999980330467224121e-01,9.999985694885253906e-01,9.999970793724060059e-01,-9.999350309371948242e-01,-9.999979734420776367e-01,-9.999986886978149414e-01,9.999985694885253906e-01,-9.999991655349731445e-01,-9.999987483024597168e-01,-9.999960660934448242e-01,9.999963641166687012e-01,9.999991059303283691e-01,9.999992251396179199e-01,9.999965429306030273e-01,9.999992251396179199e-01,-9.999989867210388184e-01,9.999990463256835938e-01,-9.999983906745910645e-01,-9.999958276748657227e-01,9.999943971633911133e-01,9.999702572822570801e-01,9.999986290931701660e-01,-9.999942779541015625e-01,-9.999990463256835938e-01,9.999951124191284180e-01,9.999971985816955566e-01,-9.997206330299377441e-01,-9.999980926513671875e-01,9.999991059303283691e-01,-9.999979138374328613e-01,9.999986886978149414e-01,9.999905228614807129e-01,-9.999898672103881836e-01,-9.999991655349731445e-01,-9.999777674674987793e-01,-9.999920129776000977e-01,9.999978542327880859e-01,-9.999986886978149414e-01,9.999832510948181152e-01,9.999982714653015137e-01,-9.999987483024597168e-01,9.999984502792358398e-01,9.999934434890747070e-01,-9.999992251396179199e-01,9.999991059303283691e-01,-9.999946951866149902e-01,9.999975562095642090e-01,-9.999989271163940430e-01,9.999712705612182617e-01,9.999424815177917480e-01,-9.999988675117492676e-01,-9.999978542327880859e-01,9.999755024909973145e-01,9.999985098838806152e-01,9.999952316284179688e-01,-9.999987483024597168e-01,9.999985694885253906e-01,-9.999988079071044922e-01,9.999986886978149414e-01,9.999825954437255859e-01,-9.999992251396179199e-01,9.999984502792358398e-01,-9.999991655349731445e-01,9.999988079071044922e-01,9.999957680702209473e-01,9.999984502792358398e-01,9.999992251396179199e-01,-9.999969005584716797e-01,-9.999987483024597168e-01,9.999980926513671875e-01,9.999882578849792480e-01,9.999963641166687012e-01,-9.999924302101135254e-01,9.999971985816955566e-01
-9.999914169311523438e-01,9.999930262565612793e-01,9.999549388885498047e-01,-9.999907612800598145e-01,-9.999943971633911133e-01,9.999936819076538086e-01,-9.999791979789733887e-01,-9.999949336051940918e-01,9.999865889549255371e-01,-9.999887943267822266e-01,9.999930858612060547e-01,9.999943971633911133e-01,-9.999904036521911621e-01,-9.999921321868896484e-01,-9.999311566352844238e-01,-9.999849796295166016e-01,-9.999872446060180664e-01,9.999927282333374023e-01,-9.999657273292541504e-01,9.999951720237731934e-01,9.999946951866149902e-01,-9.999514818191528320e-01,-9.999923110008239746e-01,-9.999917745590209961e-01,-9.999431967735290527e-01,-9.999948143959045410e-01,9.999918937683105469e-01,9.999943375587463379e-01,-9.999246001243591309e-01,9.999774098396301270e-01,9.999645352363586426e-01,9.999920725822448730e-01,-9.999536275863647461e-01,-9.999839663505554199e-01,9.999867081642150879e-01,9.997299313545227051e-01,-9.999949336051940918e-01,-9.999928474426269531e-01,-9.999618530273437500e-01,9.999943375587463379e-01,-9.999929070472717285e-01,9.999782443046569824e-01,-9.998769760131835938e-01,-9.999940395355224609e-01,-9.999912381172180176e-01,-9.999911785125732422e-01,9.999506473541259766e-01,-9.999915957450866699e-01,-9.999939203262329102e-01,9.999926686286926270e-01,9.999936223030090332e-01,9.999901056289672852e-01,9.999941587448120117e-01,9.999597072601318359e-01,9.999884366989135742e-01,9.999905824661254883e-01,9.999809861183166504e-01,-9.995851516723632812e-01,-9.999873042106628418e-01,-9.999917745590209961e-01,9.999911189079284668e-01,-9.999946951866149902e-01,-9.999915361404418945e-01,-9.999753832817077637e-01,9.999770522117614746e-01,9.999940395355224609e-01,9.999949932098388672e-01,9.999777674674987793e-01,9.999942779541015625e-01,-9.999933838844299316e-01,9.999936223030090332e-01,-9.999898672103881836e-01,-9.999734759330749512e-01,9.999639987945556641e-01,9.998100399971008301e-01,9.999912977218627930e-01,-9.999635815620422363e-01,-9.999935030937194824e-01,9.999689459800720215e-01,9.999822974205017090e-01,-9.982182383537292480e-01,-9.999880790710449219e-01,9.999940395355224609e-01,-9.999866485595703125e-01,9.999911189079284668e-01,9.999394416809082031e-01,-9.999353289604187012e-01,-9.999945163726806641e-01,-9.998579025268554688e-01,-9.999487400054931641e-01,9.999867677688598633e-01,-9.999916553497314453e-01,9.998927712440490723e-01,9.999892115592956543e-01,-9.999916553497314453e-01,9.999895691871643066e-01,9.999579787254333496e-01,-9.999947547912597656e-01,9.999938607215881348e-01,-9.999659657478332520e-01,9.999840855598449707e-01,-9.999936819076538086e-01,9.998162388801574707e-01,9.996329545974731445e-01,-9.999928474426269531e-01,-9.999864101409912109e-01,9.998427033424377441e-01,9.999905824661254883e-01,9.999691247940063477e-01,-9.999923110008239746e-01,9.999911785125732422e-01,-9.999920129776000977e-01,9.999911785125732422e-01,9.998886585235595703e-01,-9.999948740005493164e-01,9.999901056289672852e-01,-9.999944567680358887e-01,9.999923706054687500e-01,9.999725818634033203e-01,9.999902248382568359e-01,9.999940991401672363e-01,-9.999800324440002441e-01,-9.999923110008239746e-01,9.999879002571105957e-01,9.999248981475830078e-01,9.999772310256958008e-01,-9.999516606330871582e-01,9.999823570251464844e-01
9.999982118606567383e-01,-9.999985098838806152e-01,-9.999907612800598145e-01,9.999980926513671875e-01,9.999988079071044922e-01,-9.999986290931701660e-01,9.999957084655761719e-01,9.999988675117492676e-01,-9.999971985816955566e-01,9.999976754188537598e-01,-9.999985098838806152e-01,-9.999988079071044922e-01,9.999979734420776367e-01,9.999984502792358398e-01,9.999859333038330078e-01,9.999968409538269043e-01,9.999973773956298828e-01,-9.999984502792358398e-01,9.999929666519165039e-01,-9.999990463256835938e-01,-9.999989271163940430e-01,9.999899864196777344e-01,9.999983906745910645e-01,9.999982118606567383e-01,9.999883770942687988e-01,9.999989271163940430e-01,-9.999982714653015137e-01,-9.999987483024597168e-01,9.999845623970031738e-01,-9.999953508377075195e-01,-9.999927282333374023e-01,-9.999983310699462891e-01,9.999904632568359375e-01,9.999966621398925781e-01,-9.999973177909851074e-01,-9.999446272850036621e-01,9.999989271163940430e-01,9.999984502792358398e-01,9.999921917915344238e-01,-9.999988079071044922e-01,9.999985098838806152e-01,-9.999955296516418457e-01,9.999747276306152344e-01,9.999987483024597168e-01,9.999981522560119629e-01,9.999982714653015137e-01,-9.999898076057434082e-01,9.999981522560119629e-01,9.999986290931701660e-01,-9.999984502792358398e-01,-9.999985694885253906e-01,-9.999979138374328613e-01,-9.999987483024597168e-01,-9.999917149543762207e-01,-9.999974966049194336e-01,-9.999981522560119629e-01,-9.999960064888000488e-01,9.999149441719055176e-01,9.999973177909851074e-01,9.999982714653015137e-01,-9.999981522560119629e-01,9.999988675117492676e-01,9.999982118606567383e-01,9.999949336051940918e-01,-9.999952316284179688e-01,-9.999987483024597168e-01,-9.999989271163940430e-01,-9.999954700469970703e-01,-9.999988079071044922e-01,9.999986886978149414e-01,-9.999986290931701660e-01,9.999978542327880859e-01,9.999945759773254395e-01,-9.999925494194030762e-01,-9.999610185623168945e-01,-9.999981522560119629e-01,9.999924302101135254e-01,9.999986290931701660e-01,-9.999935626983642578e-01,-9.999963045120239258e-01,9.996341466903686523e-01,9.999974966049194336e-01,-9.999986886978149414e-01,9.999971985816955566e-01,-9.999981522560119629e-01,-9.999874830245971680e-01,9.999867677688598633e-01,9.999988079071044922e-01,9.999709129333496094e-01,9.999895095825195312e-01,-9.999973177909851074e-01,9.999982714653015137e-01,-9.999780654907226562e-01,-9.999977946281433105e-01,9.999982714653015137e-01,-9.999977946281433105e-01,-9.999914169311523438e-01,9.999989271163940430e-01,-9.999987483024597168e-01,9.999930262565612793e-01,-9.999967813491821289e-01,9.999986886978149414e-01,-9.999622702598571777e-01,-9.999247193336486816e-01,9.999985098838806152e-01,9.999970793724060059e-01,-9.999677538871765137e-01,-9.999980330467224121e-01,-9.999936223030090332e-01,9.999983906745910645e-01,-9.999980330467224121e-01,9.999983310699462891e-01,-9.999982714653015137e-01,-9.999771714210510254e-01,9.999988675117492676e-01,-9.999979138374328613e-01,9.999987483024597168e-01,-9.999983906745910645e-01,-9.999943375587463379e-01,-9.999979734420776367e-01,-9.999988079071044922e-01,9.999958872795104980e-01,9.999983906745910645e-01,-9.999974370002746582e-01,-9.999846220016479492e-01,-9.999952316284179688e-01,9.999899864196777344e-01,-9.999963045120239258e-01
9.999989271163940430e-01,-9.999991655349731445e-01,-9.999943971633911133e-01,9.999988079071044922e-01,9.999993443489074707e-01,-9.999992251396179199e-01,9.999974370002746582e-01,9.999994039535522461e-01,-9.999983310699462891e-01,9.999985694885253906e-01,-9.999991655349731445e-01,-9.999994039535522461e-01,9.999988079071044922e-01,9.999991655349731445e-01,9.999914765357971191e-01,9.999980926513671875e-01,9.999984502792358398e-01,-9.999991655349731445e-01,9.999957680702209473e-01,-9.999994039535522461e-01,-9.999994635581970215e-01,9.999939799308776855e-01,9.999990463256835938e-01,9.999989867210388184e-01,9.999930262565612793e-01,9.999994635581970215e-01,-9.999989867210388184e-01,-9.999993443489074707e-01,9.999906420707702637e-01,-9.999971389770507812e-01,-9.999955892562866211e-01,-9.999990463256835938e-01,9.999941587448120117e-01,9.999980330467224121e-01,-9.999983310699462891e-01,-9.999665021896362305e-01,9.999994635581970215e-01,9.999992847442626953e-01,9.999952912330627441e-01,-9.999994039535522461e-01,9.999991655349731445e-01,-9.999973177909851074e-01,9.999847412109375000e-01,9.999992847442626953e-01,9.999988675117492676e-01,9.999989271163940430e-01,-9.999938607215881348e-01,9.999989271163940430e-01,9.999993443489074707e-01,-9.999991059303283691e-01,-9.999992251396179199e-01,-9.999988079071044922e-01,-9.999992847442626953e-01,-9.999949932098388672e-01,-9.999984502792358398e-01,-9.999988079071044922e-01,-9.999976754188537598e-01,9.999485611915588379e-01,9.999983310699462891e-01,9.999989867210388184e-01,-9.999989271163940430e-01,9.999993443489074707e-01,9.999989867210388184e-01,9.999969005584716797e-01,-9.999971389770507812e-01,-9.999992847442626953e-01,-9.999994635581970215e-01,-9.999972581863403320e-01,-9.999993443489074707e-01,9.999992847442626953e-01,-9.999992251396179199e-01,9.999987483024597168e-01,9.999966621398925781e-01,-9.999954700469970703e-01,-9.999764561653137207e-01,-9.999989867210388184e-01,9.999954104423522949e-01,9.999992251396179199e-01,-9.999960660934448242e-01,-9.999977350234985352e-01,9.997785091400146484e-01,9.999983906745910645e-01,-9.999992847442626953e-01,9.999983310699462891e-01,-9.999988675117492676e-01,-9.999924898147583008e-01,9.999920129776000977e-01,9.999994039535522461e-01,9.999824166297912598e-01,9.999937415122985840e-01,-9.999983310699462891e-01,9.999989271163940430e-01,-9.999867081642150879e-01,-9.999986886978149414e-01,9.999989867210388184e-01,-9.999986886978149414e-01,-9.999948740005493164e-01,9.999994635581970215e-01,-9.999992847442626953e-01,9.999957680702209473e-01,-9.999979734420776367e-01,9.999992251396179199e-01,-9.999772906303405762e-01,-9.999544024467468262e-01,9.999991655349731445e-01,9.999983906745910645e-01,-9.999805688858032227e-01,-9.999988675117492676e-01,-9.999960660934448242e-01,9.999991059303283691e-01,-9.999988675117492676e-01,9.999991655349731445e-01,-9.999988675117492676e-01,-9.999861717224121094e-01,9.999994039535522461e-01,-9.999987483024597168e-01,9.999993443489074707e-01,-9.999991059303283691e-01,-9.999965429306030273e-01,-9.999987483024597168e-01,-9.999993443489074707e-01,9.999975562095642090e-01,9.999990463256835938e-01,-9.999984502792358398e-01,-9.999907016754150391e-01,-9.999970197677612305e-01,9.999939799308776855e-01,-9.999978542327880859e-01
-9.999986886978149414e-01,9.999990463256835938e-01,9.999936819076538086e-01,-9.999986290931701660e-01,-9.999992251396179199e-01,9.999991655349731445e-01,-9.999970197677612305e-01,-9.999992251396179199e-01,9.999980926513671875e-01,-9.999983906745910645e-01,9.999990463256835938e-01,9.999992251396179199e-01,-9.999986290931701660e-01,-9.999988675117492676e-01,-9.999903440475463867e-01,-9.999978542327880859e-01,-9.999981522560119629e-01,9.999989867210388184e-01,-9.999951124191284180e-01,9.999993443489074707e-01,9.999992847442626953e-01,-9.999930858612060547e-01,-9.999988675117492676e-01,-9.999988079071044922e-01,-9.999920129776000977e-01,-9.999992847442626953e-01,9.999988079071044922e-01,9.999992251396179199e-01,-9.999893903732299805e-01,9.999966621398925781e-01,9.999949932098388672e-01,9.999988079071044922e-01,-9.999933838844299316e-01,-9.999977946281433105e-01,9.999980926513671875e-01,9.999619722366333008e-01,-9.999992847442626953e-01,-9.999989271163940430e-01,-9.999945759773254395e-01,9.999993443489074707e-01,-9.999990463256835938e-01,9.999969601631164551e-01,-9.999827146530151367e-01,-9.999991059303283691e-01,-9.999986886978149414e-01,-9.999988079071044922e-01,9.999929666519165039e-01,-9.999987483024597168e-01,-9.999990463256835938e-01,9.999989867210388184e-01,9.999990463256835938e-01,9.999985694885253906e-01,9.999992251396179199e-01,9.999943375587463379e-01,9.999983310699462891e-01,9.999986290931701660e-01,9.999972581863403320e-01,-9.999416470527648926e-01,-9.999980926513671875e-01,-9.999988079071044922e-01,9.999987483024597168e-01,-9.999992847442626953e-01,-9.999988079071044922e-01,-9.999963641166687012e-01,9.999967217445373535e-01,9.999991655349731445e-01,9.999993443489074707e-01,9.999969005584716797e-01,9.999992251396179199e-01,-9.999991059303283691e-01,9.999991059303283691e-01,-9.999984502792358398e-01,-9.999961853027343750e-01,9.999948740005493164e-01,9.999731779098510742e-01,9.999986886978149414e-01,-9.999948143959045410e-01,-9.999991059303283691e-01,9.999955892562866211e-01,9.999973773956298828e-01,-9.997488260269165039e-01,-9.999981522560119629e-01,9.999991059303283691e-01,-9.999980926513671875e-01,9.999987483024597168e-01,9.999914765357971191e-01,-9.999909400939941406e-01,-9.999992251396179199e-01,-9.999800324440002441e-01,-9.999927878379821777e-01,9.999980926513671875e-01,-9.999988079071044922e-01,9.999849200248718262e-01,9.999984502792358398e-01,-9.999988675117492676e-01,9.999985098838806152e-01,9.999940991401672363e-01,-9.999992847442626953e-01,9.999991655349731445e-01,-9.999951124191284180e-01,9.999977946281433105e-01,-9.999991655349731445e-01,9.999741315841674805e-01,9.999483227729797363e-01,-9.999989271163940430e-01,-9.999980330467224121e-01,9.999778866767883301e-01,9.999986290931701660e-01,9.999956488609313965e-01,-9.999988079071044922e-01,9.999986886978149414e-01,-9.999988675117492676e-01,9.999988079071044922e-01,9.999843239784240723e-01,-9.999993443489074707e-01,9.999985098838806152e-01,-9.999991655349731445e-01,9.999988675117492676e-01,9.999960660934448242e-01,9.999985694885253906e-01,9.999992847442626953e-01,-9.999971389770507812e-01,-9.999988675117492676e-01,9.999981522560119629e-01,9.999894499778747559e-01,9.999966621398925781e-01,-9.999932050704956055e-01,9.999974966049194336e-01
9.999959468841552734e-01,-9.999967813491821289e-01,-9.999791979789733887e-01,9.999957084655761719e-01,9.999974370002746582e-01,-9.999970197677612305e-01,9.999904632568359375e-01,9.999976158142089844e-01,-9.999939203262329102e-01,9.999948740005493164e-01,-9.999967813491821289e-01,-9.999974370002746582e-01,9.999955892562866211e-01,9.999963641166687012e-01,9.999682903289794922e-01,9.999930262565612793e-01,9.999941587448120117e-01,-9.999966621398925781e-01,9.999841451644897461e-01,-9.999977350234985352e-01,-9.999975562095642090e-01,9.999776482582092285e-01,9.999964237213134766e-01,9.999961256980895996e-01,9.999737739562988281e-01,9.999976158142089844e-01,-9.999961853027343750e-01,-9.999973773956298828e-01,9.999652504920959473e-01,-9.999895095825195312e-01,-9.999836683273315430e-01,-9.999963045120239258e-01,9.999786615371704102e-01,9.999926686286926270e-01,-9.999939799308776855e-01,-9.998753666877746582e-01,9.999976754188537598e-01,9.999966621398925781e-01,9.999823570251464844e-01,-9.999973773956298828e-01,9.999967813491821289e-01,-9.999899864196777344e-01,9.999431967735290527e-01,9.999971985816955566e-01,9.999959468841552734e-01,9.999959468841552734e-01,-9.999772310256958008e-01,9.999960660934448242e-01,9.999971389770507812e-01,-9.999966025352478027e-01,-9.999970793724060059e-01,-9.999954700469970703e-01,-9.999973177909851074e-01,-9.999814629554748535e-01,-9.999946951866149902e-01,-9.999957084655761719e-01,-9.999912381172180176e-01,9.998084902763366699e-01,9.999942183494567871e-01,9.999961256980895996e-01,-9.999958872795104980e-01,9.999975562095642090e-01,9.999960064888000488e-01,9.999887347221374512e-01,-9.999893903732299805e-01,-9.999972581863403320e-01,-9.999976754188537598e-01,-9.999898076057434082e-01,-9.999973177909851074e-01,9.999969601631164551e-01,-9.999970793724060059e-01,9.999953508377075195e-01,9.999877214431762695e-01,-9.999834299087524414e-01,-9.999122619628906250e-01,-9.999960064888000488e-01,9.999831914901733398e-01,9.999970793724060059e-01,-9.999857544898986816e-01,-9.999917745590209961e-01,9.991765022277832031e-01,9.999944567680358887e-01,-9.999971985816955566e-01,9.999938607215881348e-01,-9.999959468841552734e-01,-9.999721050262451172e-01,9.999701976776123047e-01,9.999973773956298828e-01,9.999343752861022949e-01,9.999763965606689453e-01,-9.999939203262329102e-01,9.999960660934448242e-01,-9.999505281448364258e-01,-9.999950528144836426e-01,9.999961853027343750e-01,-9.999951720237731934e-01,-9.999806284904479980e-01,9.999976158142089844e-01,-9.999971389770507812e-01,9.999843239784240723e-01,-9.999926090240478516e-01,9.999970197677612305e-01,-9.999151229858398438e-01,-9.998305439949035645e-01,9.999966621398925781e-01,9.999937415122985840e-01,-9.999273419380187988e-01,-9.999956488609313965e-01,-9.999857544898986816e-01,9.999963641166687012e-01,-9.999958276748657227e-01,9.999963641166687012e-01,-9.999959468841552734e-01,-9.999485015869140625e-01,9.999976158142089844e-01,-9.999954700469970703e-01,9.999973773956298828e-01,-9.999964237213134766e-01,-9.999874234199523926e-01,-9.999955296516418457e-01,-9.999972581863403320e-01,9.999908208847045898e-01,9.999963641166687012e-01,-9.999943971633911133e-01,-9.999652504920959473e-01,-9.999894499778747559e-01,9.999776482582092285e-01,-9.999918341636657715e-01
9.999989271163940430e-01,-9.999992251396179199e-01,-9.999949336051940918e-01,9.999988675117492676e-01,9.999994039535522461e-01,-9.999992251396179199e-01,9.999976158142089844e-01,9.999994039535522461e-01,-9.999983906745910645e-01,9.999986290931701660e-01,-9.999992251396179199e-01,-9.999994039535522461e-01,9.999988675117492676e-01,9.999991655349731445e-01,9.999922513961791992e-01,9.999982714653015137e-01,9.999985098838806152e-01,-9.999991059303283691e-01,9.999960660934448242e-01,-9.999994039535522461e-01,-9.999994039535522461e-01,9.999944567680358887e-01,9.999991655349731445e-01,9.999989867210388184e-01,9.999935626983642578e-01,9.999994635581970215e-01,-9.999989867210388184e-01,-9.999993443489074707e-01,9.999915361404418945e-01,-9.999973773956298828e-01,-9.999959468841552734e-01,-9.999991655349731445e-01,9.999946951866149902e-01,9.999981522560119629e-01,-9.999985694885253906e-01,-9.999696016311645508e-01,9.999994635581970215e-01,9.999991059303283691e-01,9.999957084655761719e-01,-9.999994039535522461e-01,9.999991655349731445e-01,-9.999974966049194336e-01,9.999860525131225586e-01,9.999992847442626953e-01,9.999990463256835938e-01,9.999989867210388184e-01,-9.999943375587463379e-01,9.999989867210388184e-01,9.999993443489074707e-01,-9.999992251396179199e-01,-9.999992251396179199e-01,-9.999988675117492676e-01,-9.999993443489074707e-01,-9.999954700469970703e-01,-9.999986290931701660e-01,-9.999989271163940430e-01,-9.999977946281433105e-01,9.999532699584960938e-01,9.999984502792358398e-01,9.999991059303283691e-01,-9.999989867210388184e-01,9.999993443489074707e-01,9.999991059303283691e-01,9.999970793724060059e-01,-9.999973177909851074e-01,-9.999993443489074707e-01,-9.999994039535522461e-01,-9.999974370002746582e-01,-9.999994039535522461e-01,9.999992847442626953e-01,-9.999992847442626953e-01,9.999987483024597168e-01,9.999969601631164551e-01,-9.999958872795104980e-01,-9.999784827232360840e-01,-9.999990463256835938e-01,9.999958276748657227e-01,9.999992847442626953e-01,-9.999963641166687012e-01,-9.999979138374328613e-01,9.997986555099487305e-01,9.999985694885253906e-01,-9.999992847442626953e-01,9.999984502792358398e-01,-9.999989867210388184e-01,-9.999932050704956055e-01,9.999926090240478516e-01,9.999994039535522461e-01,9.999839663505554199e-01,9.999942183494567871e-01,-9.999984502792358398e-01,9.999991059303283691e-01,-9.999879002571105957e-01,-9.999987483024597168e-01,9.999991059303283691e-01,-9.999988079071044922e-01,-9.999952912330627441e-01,9.999994039535522461e-01,-9.999992251396179199e-01,9.999961256980895996e-01,-9.999981522560119629e-01,9.999992251396179199e-01,-9.999792575836181641e-01,-9.999585747718811035e-01,9.999991059303283691e-01,9.999983310699462891e-01,-9.999822378158569336e-01,-9.999989271163940430e-01,-9.999964237213134766e-01,9.999991655349731445e-01,-9.999989271163940430e-01,9.999991059303283691e-01,-9.999989867210388184e-01,-9.999874234199523926e-01,9.999994039535522461e-01,-9.999988079071044922e-01,9.999993443489074707e-01,-9.999991655349731445e-01,-9.999967813491821289e-01,-9.999988079071044922e-01,-9.999994039535522461e-01,9.999977350234985352e-01,9.999990463256835938e-01,-9.999985098838806152e-01,-9.999914765357971191e-01,-9.999973177909851074e-01,9.999944567680358887e-01,-9.999979734420776367e-01
-9.999973177909851074e-01,9.999979138374328613e-01,9.999865889549255371e-01,-9.999971985816955566e-01,-9.999983310699462891e-01,9.999980926513671875e-01,-9.999939203262329102e-01,-9.999983906745910645e-01,9.999959468841552734e-01,-9.999966025352478027e-01,9.999978542327880859e-01,9.999982714653015137e-01,-9.999970197677612305e-01,-9.999976754188537598e-01,-9.999796152114868164e-01,-9.999955296516418457e-01,-9.999961256980895996e-01,9.999978542327880859e-01,-9.999898076057434082e-01,9.999985694885253906e-01,9.999984502792358398e-01,-9.999855160713195801e-01,-9.999976754188537598e-01,-9.999974966049194336e-01,-9.999831318855285645e-01,-9.999985098838806152e-01,9.999975562095642090e-01,9.999982714653015137e-01,-9.999777078628540039e-01,9.999932646751403809e-01,9.999895691871643066e-01,9.999976158142089844e-01,-9.999862313270568848e-01,-9.999952912330627441e-01,9.999960660934448242e-01,9.999197125434875488e-01,-9.999985098838806152e-01,-9.999978542327880859e-01,-9.999886751174926758e-01,9.999983906745910645e-01,-9.999978542327880859e-01,9.999935030937194824e-01,-9.999634027481079102e-01,-9.999982118606567383e-01,-9.999973177909851074e-01,-9.999973177909851074e-01,9.999852776527404785e-01,-9.999973773956298828e-01,-9.999981522560119629e-01,9.999977946281433105e-01,9.999980330467224121e-01,9.999970197677612305e-01,9.999982118606567383e-01,9.999880790710449219e-01,9.999964237213134766e-01,9.999971389770507812e-01,9.999943971633911133e-01,-9.998767375946044922e-01,-9.999961853027343750e-01,-9.999974966049194336e-01,9.999973177909851074e-01,-9.999983906745910645e-01,-9.999974966049194336e-01,-9.999926686286926270e-01,9.999932050704956055e-01,9.999981522560119629e-01,9.999985098838806152e-01,9.999933242797851562e-01,9.999982714653015137e-01,-9.999980926513671875e-01,9.999980330467224121e-01,-9.999969601631164551e-01,-9.999921321868896484e-01,9.999893307685852051e-01,9.999434947967529297e-01,9.999973773956298828e-01,-9.999892115592956543e-01,-9.999980330467224121e-01,9.999907612800598145e-01,9.999946951866149902e-01,-9.994699358940124512e-01,-9.999963641166687012e-01,9.999982118606567383e-01,-9.999960660934448242e-01,9.999973177909851074e-01,9.999820590019226074e-01,-9.999808073043823242e-01,-9.999983310699462891e-01,-9.999577403068542480e-01,-9.999847412109375000e-01,9.999959468841552734e-01,-9.999974370002746582e-01,9.999682903289794922e-01,9.999967217445373535e-01,-9.999975562095642090e-01,9.999968409538269043e-01,9.999875426292419434e-01,-9.999983906745910645e-01,9.999981522560119629e-01,-9.999899268150329590e-01,9.999953508377075195e-01,-9.999980926513671875e-01,9.999453425407409668e-01,9.998909831047058105e-01,-9.999978542327880859e-01,-9.999959468841552734e-01,9.999532699584960938e-01,9.999971389770507812e-01,9.999908804893493652e-01,-9.999976754188537598e-01,9.999972581863403320e-01,-9.999976754188537598e-01,9.999973177909851074e-01,9.999668598175048828e-01,-9.999983906745910645e-01,9.999970197677612305e-01,-9.999983310699462891e-01,9.999976754188537598e-01,9.999918341636657715e-01,9.999970197677612305e-01,9.999982714653015137e-01,-9.999941587448120117e-01,-9.999976754188537598e-01,9.999963641166687012e-01,9.999777078628540039e-01,9.999932050704956055e-01,-9.999856352806091309e-01,9.999947547912597656e-01
9.999977350234985352e-01,-9.999982118606567383e-01,-9.999887943267822266e-01,9.999976754188537598e-01,9.999985694885253906e-01,-9.999983906745910645e-01,9.999948740005493164e-01,9.999986290931701660e-01,-9.999966025352478027e-01,9.999971389770507812e-01,-9.999982118606567383e-01,-9.999985694885253906e-01,9.999974966049194336e-01,9.999979734420776367e-01,9.999828934669494629e-01,9.999961853027343750e-01,9.999968409538269043e-01,-9.999980926513671875e-01,9.999914765357971191e-01,-9.999988079071044922e-01,-9.999986886978149414e-01,9.999878406524658203e-01,9.999980330467224121e-01,9.999978542327880859e-01,9.999858140945434570e-01,9.999986886978149414e-01,-9.999979138374328613e-01,-9.999985694885253906e-01,9.999811649322509766e-01,-9.999942779541015625e-01,-9.999911785125732422e-01,-9.999978542327880859e-01,9.999883770942687988e-01,9.999960064888000488e-01,-9.999967217445373535e-01,-9.999326467514038086e-01,9.999986886978149414e-01,9.999982118606567383e-01,9.999904632568359375e-01,-9.999985694885253906e-01,9.999982118606567383e-01,-9.999945759773254395e-01,9.999693036079406738e-01,9.999985098838806152e-01,9.999976754188537598e-01,9.999977350234985352e-01,-9.999876022338867188e-01,9.999977350234985352e-01,9.999983310699462891e-01,-9.999980926513671875e-01,-9.999982714653015137e-01,-9.999974966049194336e-01,-9.999985098838806152e-01,-9.999899864196777344e-01,-9.999970197677612305e-01,-9.999976158142089844e-01,-9.999952316284179688e-01,9.998965263366699219e-01,9.999967217445373535e-01,9.999979138374328613e-01,-9.999977350234985352e-01,9.999986290931701660e-01,9.999978542327880859e-01,9.999938607215881348e-01,-9.999942183494567871e-01,-9.999984502792358398e-01,-9.999986290931701660e-01,-9.999943971633911133e-01,-9.999985694885253906e-01,9.999983310699462891e-01,-9.999983906745910645e-01,9.999973773956298828e-01,9.999933838844299316e-01,-9.999908804893493652e-01,-9.999526143074035645e-01,-9.999977946281433105e-01,9.999908804893493652e-01,9.999983906745910645e-01,-9.999921321868896484e-01,-9.999954700469970703e-01,9.995552897453308105e-01,9.999968409538269043e-01,-9.999983906745910645e-01,9.999966025352478027e-01,-9.999977350234985352e-01,-9.999849200248718262e-01,9.999839067459106445e-01,9.999985694885253906e-01,9.999645352363586426e-01,9.999872446060180664e-01,-9.999966025352478027e-01,9.999978542327880859e-01,-9.999732971191406250e-01,-9.999972581863403320e-01,9.999978542327880859e-01,-9.999972581863403320e-01,-9.999894499778747559e-01,9.999986886978149414e-01,-9.999984502792358398e-01,9.999914765357971191e-01,-9.999959468841552734e-01,9.999983906745910645e-01,-9.999541640281677246e-01,-9.999083876609802246e-01,9.999982118606567383e-01,9.999964833259582520e-01,-9.999607205390930176e-01,-9.999975562095642090e-01,-9.999922513961791992e-01,9.999979138374328613e-01,-9.999976754188537598e-01,9.999980330467224121e-01,-9.999977350234985352e-01,-9.999722838401794434e-01,9.999986290931701660e-01,-9.999974966049194336e-01,9.999985098838806152e-01,-9.999980926513671875e-01,-9.999931454658508301e-01,-9.999974370002746582e-01,-9.999985694885253906e-01,9.999949932098388672e-01,9.999980330467224121e-01,-9.999969601631164551e-01,-9.999812245368957520e-01,-9.999942183494567871e-01,9.999879598617553711e-01,-9.999955892562866211e-01
-9.999986290931701660e-01,9.999988675117492676e-01,9.999930858612060547e-01,-9.999985098838806152e-01,-9.999991655349731445e-01,9.999990463256835938e-01,-9.999967813491821289e-01,-9.999992251396179199e-01,9.999978542327880859e-01,-9.999982118606567383e-01,9.999988675117492676e-01,9.999991655349731445e-01,-9.999983906745910645e-01,-9.999987483024597168e-01,-9.999892711639404297e-01,-9.999976158142089844e-01,-9.999980330467224121e-01,9.999988675117492676e-01,-9.999946355819702148e-01,9.999992847442626953e-01,9.999992251396179199e-01,-9.999923110008239746e-01,-9.999987483024597168e-01,-9.999986290931701660e-01,-9.999911189079284668e-01,-9.999992251396179199e-01,9.999986886978149414e-01,9.999990463256835938e-01,-9.999882578849792480e-01,9.999963045120239258e-01,9.999944567680358887e-01,9.999987483024597168e-01,-9.999927878379821777e-01,-9.999974370002746582e-01,9.999979138374328613e-01,9.999577403068542480e-01,-9.999992251396179199e-01,-9.999988675117492676e-01,-9.999940395355224609e-01,9.999992251396179199e-01,-9.999988675117492676e-01,9.999965429306030273e-01,-9.999808073043823242e-01,-9.999991059303283691e-01,-9.999986290931701660e-01,-9.999986886978149414e-01,9.999921917915344238e-01,-9.999986886978149414e-01,-9.999991059303283691e-01,9.999988079071044922e-01,9.999989271163940430e-01,9.999985098838806152e-01,9.999991059303283691e-01,9.999937415122985840e-01,9.999980330467224121e-01,9.999985098838806152e-01,9.999970793724060059e-01,-9.999351501464843750e-01,-9.999979138374328613e-01,-9.999986886978149414e-01,9.999985694885253906e-01,-9.999992251396179199e-01,-9.999986290931701660e-01,-9.999961256980895996e-01,9.999963641166687012e-01,9.999991059303283691e-01,9.999992251396179199e-01,9.999964237213134766e-01,9.999991655349731445e-01,-9.999989867210388184e-01,9.999990463256835938e-01,-9.999982714653015137e-01,-9.999958276748657227e-01,9.999942779541015625e-01,9.999703168869018555e-01,9.999986290931701660e-01,-9.999942183494567871e-01,-9.999989867210388184e-01,9.999950528144836426e-01,9.999971985816955566e-01,-9.997209310531616211e-01,-9.999980926513671875e-01,9.999989867210388184e-01,-9.999979138374328613e-01,9.999985694885253906e-01,9.999904632568359375e-01,-9.999899268150329590e-01,-9.999991655349731445e-01,-9.999777674674987793e-01,-9.999919533729553223e-01,9.999978542327880859e-01,-9.999986886978149414e-01,9.999832510948181152e-01,9.999982714653015137e-01,-9.999986886978149414e-01,9.999983310699462891e-01,9.999934434890747070e-01,-9.999992251396179199e-01,9.999991059303283691e-01,-9.999946951866149902e-01,9.999974370002746582e-01,-9.999990463256835938e-01,9.999712705612182617e-01,9.999425411224365234e-01,-9.999988675117492676e-01,-9.999978542327880859e-01,9.999755024909973145e-01,9.999985098838806152e-01,9.999951720237731934e-01,-9.999988079071044922e-01,9.999985098838806152e-01,-9.999987483024597168e-01,9.999985694885253906e-01,9.999825954437255859e-01,-9.999991655349731445e-01,9.999983310699462891e-01,-9.999991655349731445e-01,9.999988079071044922e-01,9.999957084655761719e-01,9.999984502792358398e-01,9.999991059303283691e-01,-9.999968409538269043e-01,-9.999986886978149414e-01,9.999979734420776367e-01,9.999882578849792480e-01,9.999963045120239258e-01,-9.999924302101135254e-01,9.999971985816955566e-01
-9.999989271163940430e-01,9.999991655349731445e-01,9.999943971633911133e-01,-9.999988079071044922e-01,-9.999994039535522461e-01,9.999992251396179199e-01,-9.999974370002746582e-01,-9.999994039535522461e-01,9.999982714653015137e-01,-9.999985694885253906e-01,9.999991655349731445e-01,9.999993443489074707e-01,-9.999986886978149414e-01,-9.999991059303283691e-01,-9.999913573265075684e-01,-9.999980926513671875e-01,-9.999983310699462891e-01,9.999991655349731445e-01,-9.999957084655761719e-01,9.999993443489074707e-01,9.999993443489074707e-01,-9.999939203262329102e-01,-9.999990463256835938e-01,-9.999989271163940430e-01,-9.999928474426269531e-01,-9.999994039535522461e-01,9.999989271163940430e-01,9.999993443489074707e-01,-9.999904632568359375e-01,9.999970793724060059e-01,9.999955296516418457e-01,9.999990463256835938e-01,-9.999940991401672363e-01,-9.999980330467224121e-01,9.999983906745910645e-01,9.999659657478332520e-01,-9.999994635581970215e-01,-9.999991655349731445e-01,-9.999951720237731934e-01,9.999994039535522461e-01,-9.999991655349731445e-01,9.999973177909851074e-01,-9.999844431877136230e-01,-9.999991655349731445e-01,-9.999988675117492676e-01,-9.999988675117492676e-01,9.999936819076538086e-01,-9.999989271163940430e-01,-9.999992847442626953e-01,9.999992251396179199e-01,9.999992251396179199e-01,9.999987483024597168e-01,9.999992847442626953e-01,9.999949336051940918e-01,9.999984502792358398e-01,9.999988675117492676e-01,9.999976158142089844e-01,-9.999477863311767578e-01,-9.999982714653015137e-01,-9.999989271163940430e-01,9.999989271163940430e-01,-9.999993443489074707e-01,-9.999989867210388184e-01,-9.999968409538269043e-01,9.999970793724060059e-01,9.999993443489074707e-01,9.999994039535522461e-01,9.999971985816955566e-01,9.999992847442626953e-01,-9.999992847442626953e-01,9.999993443489074707e-01,-9.999986886978149414e-01,-9.999967217445373535e-01,9.999954104423522949e-01,9.999760389328002930e-01,9.999989271163940430e-01,-9.999953508377075195e-01,-9.999992251396179199e-01,9.999960064888000488e-01,9.999977350234985352e-01,-9.997753500938415527e-01,-9.999983906745910645e-01,9.999991655349731445e-01,-9.999982714653015137e-01,9.999989271163940430e-01,9.999923706054687500e-01,-9.999918937683105469e-01,-9.999993443489074707e-01,-9.999821186065673828e-01,-9.999935626983642578e-01,9.999982714653015137e-01,-9.999989271163940430e-01,9.999865889549255371e-01,9.999986886978149414e-01,-9.999989867210388184e-01,9.999986886978149414e-01,9.999946951866149902e-01,-9.999994635581970215e-01,9.999991655349731445e-01,-9.999957084655761719e-01,9.999980330467224121e-01,-9.999991655349731445e-01,9.999768733978271484e-01,9.999538660049438477e-01,-9.999991655349731445e-01,-9.999982714653015137e-01,9.999802112579345703e-01,9.999988079071044922e-01,9.999960064888000488e-01,-9.999990463256835938e-01,9.999988079071044922e-01,-9.999990463256835938e-01,9.999989271163940430e-01,9.999861121177673340e-01,-9.999992847442626953e-01,9.999987483024597168e-01,-9.999993443489074707e-01,9.999991059303283691e-01,9.999966025352478027e-01,9.999987483024597168e-01,9.999993443489074707e-01,-9.999974370002746582e-01,-9.999990463256835938e-01,9.999984502792358398e-01,9.999905228614807129e-01,9.999970197677612305e-01,-9.999939203262329102e-01,9.999977350234985352e-01
