5.295439362525939941e-01,2.392682619392871857e-02,3.444057703018188477e-02,-1.287677139043807983e-01,4.515926837921142578e-01,-4.204506576061248779e-01,1.146879270672798157e-01,5.346900820732116699e-01,8.260022103786468506e-02,6.893851608037948608e-02,-3.600153923034667969e-01,-3.261374533176422119e-01,-1.224783658981323242e-01,4.463027045130729675e-02,7.234647125005722046e-02,3.315583169460296631e-01,4.467928782105445862e-03,-3.552925586700439453e-02,1.026953756809234619e-02,-2.108776569366455078e-01,-2.255325913429260254e-01,-2.502878606319427490e-01,-1.718376576900482178e-01,1.684653609991073608e-01,5.312557518482208252e-02,3.224214315414428711e-01,-1.312218308448791504e-01,-4.941856563091278076e-01,1.642533838748931885e-01,-1.807697266340255737e-01,-1.891901642084121704e-01,-1.698916256427764893e-01,-1.449991166591644287e-01,2.064754217863082886e-01,-1.912009716033935547e-02,-1.583060026168823242e-01,1.990018635988235474e-01,1.621410250663757324e-01,-3.753042519092559814e-01,-4.033988118171691895e-01,2.534826993942260742e-01,1.634313762187957764e-01,-9.588991105556488037e-02,6.482640653848648071e-02,-2.400033921003341675e-02,1.798249781131744385e-01,-1.345585882663726807e-01,2.626225911080837250e-02,1.927872449159622192e-01,-1.104658320546150208e-01,-2.634562551975250244e-01,-3.484751284122467041e-01,2.332969605922698975e-01,-3.639268130064010620e-02,-3.445244953036308289e-02,-2.106350213289260864e-01,2.328995466232299805e-01,5.900059826672077179e-03,2.948684804141521454e-02,2.218277752399444580e-01,-1.288282871246337891e-01,2.317700386047363281e-01,-3.981267567723989487e-03,3.209165930747985840e-01,1.666370779275894165e-01,-6.529167294502258301e-02,-3.761298358440399170e-01,2.252612859010696411e-01,-1.375991255044937134e-01,4.232908785343170166e-01,-3.619122207164764404e-01,2.240362167358398438e-01,-1.065156832337379456e-01,3.279351443052291870e-02,-3.011696338653564453e-01,-2.661275267601013184e-01,5.604311008937656879e-04,1.062503904104232788e-01,8.950591832399368286e-02,-7.694417238235473633e-02,1.644355803728103638e-01,1.863695251813624054e-05,-2.648610472679138184e-01,-4.011932294815778732e-03,-3.940573334693908691e-01,3.564364835619926453e-02,4.243646264076232910e-01,3.308031475171446800e-03,-4.069441556930541992e-02,2.342910617589950562e-01,-1.675727814435958862e-01,3.670194447040557861e-01,7.953207939863204956e-02,-2.519005537033081055e-01,-1.221163123846054077e-01,-3.685813844203948975e-01,2.090246975421905518e-02,-6.383204890880733728e-06,-2.217729538679122925e-01,2.030960023403167725e-01,-4.713498055934906006e-01,5.063557624816894531e-01,-9.564300626516342163e-02,-2.522648274898529053e-01,9.004304185509681702e-03,8.203502744436264038e-02,1.642999053001403809e-01,7.556670904159545898e-02,-5.107818245887756348e-01,1.980186067521572113e-02,-6.977862864732742310e-02,1.452116668224334717e-01,-9.947647340595722198e-03,-9.129035472869873047e-02,1.822004318237304688e-01,-1.668812334537506104e-01,4.162047505378723145e-01,-1.798548102378845215e-01,-2.346216738224029541e-01,-1.157584935426712036e-01,-5.975687503814697266e-02,1.029050573706626892e-01,9.606709331274032593e-02,3.420502245426177979e-01,-1.619436740875244141e-01,1.887028068304061890e-01,2.678996417671442032e-03,2.360721230506896973e-01
2.392682619392871857e-02,1.466090977191925049e-02,-1.018548607826232910e-01,7.312662154436111450e-02,7.209821790456771851e-02,-1.002479437738656998e-02,-7.422011811286211014e-03,5.655079707503318787e-02,8.578476309776306152e-02,8.702339231967926025e-02,-1.414782647043466568e-02,-5.661093816161155701e-02,9.177649021148681641e-02,8.362573385238647461e-02,9.603840112686157227e-02,1.186617612838745117e-01,-1.604732009582221508e-03,8.190773427486419678e-02,-9.806884825229644775e-02,-7.026831805706024170e-02,-5.270342156291007996e-02,5.905622243881225586e-02,7.301427423954010010e-02,-2.706703171133995056e-02,2.062298171222209930e-02,1.050379276275634766e-01,-9.352327883243560791e-02,-6.329566240310668945e-02,1.064648404717445374e-01,-4.995426163077354431e-02,1.530889514833688736e-02,-1.125734224915504456e-01,5.844388157129287720e-02,8.621660619974136353e-02,-3.441724460572004318e-03,-1.174057424068450928e-01,9.141182154417037964e-02,1.057933941483497620e-01,-1.016951426863670349e-01,-7.581242918968200684e-02,9.478226304054260254e-02,9.029244072735309601e-03,9.343352168798446655e-02,6.122881174087524414e-02,-1.895317435264587402e-02,-9.165535867214202881e-02,-9.625727683305740356e-02,-2.841353602707386017e-02,-1.475667580962181091e-02,-1.290230546146631241e-02,3.968337085098028183e-03,-2.000906690955162048e-02,7.315856218338012695e-02,-4.330140072852373123e-03,-3.638266026973724365e-02,-1.100342348217964172e-01,5.570441856980323792e-02,3.611115040257573128e-03,-9.781984984874725342e-02,-6.114005297422409058e-02,1.035940181463956833e-02,-2.562005072832107544e-02,2.920760074630379677e-03,3.689413145184516907e-02,1.025147084146738052e-02,-3.692258894443511963e-02,4.487802460789680481e-02,1.143939644098281860e-01,-1.042873561382293701e-01,4.328341782093048096e-02,-9.873258322477340698e-02,-3.365952149033546448e-02,-4.030727222561836243e-02,9.952063858509063721e-02,-6.877880543470382690e-02,-1.049686148762702942e-01,-3.696802596095949411e-04,1.086439043283462524e-01,-2.472358383238315582e-02,-9.636307507753372192e-02,9.955301135778427124e-02,5.438248990685679018e-05,-9.576308727264404297e-02,9.937748109223321080e-05,-1.065480783581733704e-01,-9.530721604824066162e-02,6.015938520431518555e-02,1.164918998256325722e-03,9.347410500049591064e-02,8.496998250484466553e-02,-1.123985461890697479e-02,-2.134552597999572754e-02,-8.616816997528076172e-02,8.669611066579818726e-03,-9.851999580860137939e-02,-1.126244477927684784e-02,7.515066862106323242e-02,-2.555122478042903822e-07,-8.842534571886062622e-02,9.904900938272476196e-02,-4.678594321012496948e-02,7.072633504867553711e-02,-1.040281951427459717e-01,-1.041682958602905273e-01,1.115348786115646362e-01,-1.079385820776224136e-02,-8.685851097106933594e-02,-1.072247549891471863e-01,-2.935846149921417236e-02,-7.546601118519902229e-04,6.988615542650222778e-02,-8.231771737337112427e-02,-9.874185919761657715e-02,-1.257574465125799179e-02,1.053223162889480591e-01,-1.001786962151527405e-01,6.568916887044906616e-02,6.806299835443496704e-02,-1.091652289032936096e-01,6.254506856203079224e-02,9.880616515874862671e-02,8.900922536849975586e-02,8.367592096328735352e-02,-5.373252555727958679e-02,-5.406547337770462036e-02,-5.324387550354003906e-02,-5.256877280771732330e-03,8.475926518440246582e-02
3.444057703018188477e-02,-1.018548607826232910e-01,8.145552873611450195e-01,-7.125675678253173828e-01,-4.018085598945617676e-01,-1.179299727082252502e-01,7.654622197151184082e-02,-2.397269159555435181e-01,-6.522578001022338867e-01,-6.637247204780578613e-01,7.850309461355209351e-02,3.624111115932464600e-01,-6.815017461776733398e-01,-7.047959566116333008e-01,-7.661395668983459473e-01,-7.265092730522155762e-01,1.341461855918169022e-02,-6.428952813148498535e-01,7.821221947669982910e-01,5.651446580886840820e-01,3.938322067260742188e-01,-6.210187673568725586e-01,-6.899930834770202637e-01,2.598067820072174072e-01,-1.715692430734634399e-01,-6.321040391921997070e-01,7.035333514213562012e-01,2.549152672290802002e-01,-7.503148913383483887e-01,3.126800656318664551e-01,-1.666676998138427734e-01,7.904111146926879883e-01,-5.661086440086364746e-01,-6.804091930389404297e-01,2.049897983670234680e-02,7.840210795402526855e-01,-6.549148559570312500e-01,-7.757908105850219727e-01,5.663051605224609375e-01,5.201427936553955078e-01,-6.662418842315673828e-01,-7.568209618330001831e-02,-7.672509551048278809e-01,-5.027716755867004395e-01,1.775906234979629517e-01,7.751260995864868164e-01,7.566423416137695312e-01,2.356292158365249634e-01,1.399375200271606445e-01,1.502741575241088867e-01,-1.037013903260231018e-01,2.736235037446022034e-02,-5.618890523910522461e-01,3.692886978387832642e-02,2.358581274747848511e-01,7.655580043792724609e-01,-4.797683954238891602e-01,-3.033002465963363647e-02,7.614618539810180664e-01,6.317291855812072754e-01,-1.246131807565689087e-01,2.516008615493774414e-01,-2.850408479571342468e-02,-1.464448571205139160e-01,-2.442119643092155457e-02,3.017607629299163818e-01,-4.073855280876159668e-01,-7.576026916503906250e-01,7.621960043907165527e-01,-1.528956294059753418e-01,6.459593176841735840e-01,3.006632328033447266e-01,3.799595534801483154e-01,-7.849990725517272949e-01,4.603103697299957275e-01,7.048375606536865234e-01,2.865507267415523529e-03,-8.096714615821838379e-01,3.096832633018493652e-01,7.531612515449523926e-01,-7.561622262001037598e-01,-5.058714887127280235e-04,6.888192892074584961e-01,-3.642313648015260696e-03,6.600299477577209473e-01,7.882158756256103516e-01,-3.023022711277008057e-01,-7.982031442224979401e-03,-7.237110733985900879e-01,-6.450187563896179199e-01,7.423125952482223511e-02,3.129983544349670410e-01,7.314559221267700195e-01,-2.230643182992935181e-01,7.482959628105163574e-01,-6.321956962347030640e-02,-5.837738513946533203e-01,2.826088575602625497e-06,6.149214506149291992e-01,-6.666542887687683105e-01,2.638518810272216797e-01,-3.188735842704772949e-01,7.940679788589477539e-01,7.167869806289672852e-01,-8.367683887481689453e-01,-5.727762356400489807e-02,7.296029925346374512e-01,8.040823340415954590e-01,1.808456378057599068e-03,1.722535677254199982e-02,-6.259416937828063965e-01,7.487965822219848633e-01,7.946961522102355957e-01,-9.113267809152603149e-02,-7.771712541580200195e-01,7.329280376434326172e-01,-3.155288398265838623e-01,-6.556844711303710938e-01,7.641012668609619141e-01,-6.185460686683654785e-01,-7.657421827316284180e-01,-7.053307890892028809e-01,-6.855728030204772949e-01,5.512688159942626953e-01,4.989288151264190674e-01,5.676578283309936523e-01,2.008172683417797089e-02,-6.208175420761108398e-01
-1.287677139043807983e-01,7.312662154436111450e-02,-7.125675678253173828e-01,7.452304959297180176e-01,2.032732516527175903e-01,1.738732159137725830e-01,-5.819439888000488281e-02,2.657871879637241364e-02,6.096356511116027832e-01,4.938416481018066406e-01,-1.805960834026336670e-01,-1.894523948431015015e-01,4.810868203639984131e-01,6.307101845741271973e-01,6.659588813781738281e-01,5.059400796890258789e-01,-9.365779347717761993e-03,4.881572723388671875e-01,-7.184802293777465820e-01,-5.130491256713867188e-01,-4.556798040866851807e-01,5.828499794006347656e-01,6.170478463172912598e-01,-1.767759919166564941e-01,1.559213697910308838e-01,4.007498621940612793e-01,-5.541681051254272461e-01,5.077563226222991943e-03,5.466375946998596191e-01,-1.211497634649276733e-01,9.932308644056320190e-02,-7.080485224723815918e-01,6.573827862739562988e-01,6.031593680381774902e-01,-1.164040644653141499e-03,-5.844882726669311523e-01,4.667318761348724365e-01,6.640166044235229492e-01,-2.834388315677642822e-01,-4.466012716293334961e-01,6.003155112266540527e-01,1.718735694885253906e-01,6.376754641532897949e-01,3.609427511692047119e-01,-3.237229883670806885e-01,-6.493715643882751465e-01,-6.855155825614929199e-01,-1.770167946815490723e-01,1.837855763733386993e-02,-9.435553103685379028e-02,1.029749289155006409e-01,1.905558556318283081e-01,5.787406563758850098e-01,-7.425019890069961548e-02,-2.398041449487209320e-02,-5.879151225090026855e-01,4.865863025188446045e-01,2.366811409592628479e-02,-6.549509763717651367e-01,-7.235672473907470703e-01,5.665004998445510864e-02,-1.346659809350967407e-01,3.177875280380249023e-02,5.783348903059959412e-02,6.819602847099304199e-02,-2.521657645702362061e-01,2.918803691864013672e-01,5.561071634292602539e-01,-6.295334100723266602e-01,-7.692784816026687622e-02,-4.732111990451812744e-01,-7.274554669857025146e-02,-4.564533233642578125e-01,6.827773451805114746e-01,-4.534976482391357422e-01,-5.354323983192443848e-01,-1.442163484171032906e-03,6.684541106224060059e-01,-4.348649978637695312e-01,-6.599896550178527832e-01,6.939417123794555664e-01,4.402875201776623726e-04,-5.425242185592651367e-01,1.020083576440811157e-02,-4.983313977718353271e-01,-6.953217983245849609e-01,6.512764841318130493e-02,3.703765571117401123e-03,5.873552560806274414e-01,5.240109562873840332e-01,-1.315079033374786377e-01,-4.489998519420623779e-01,-7.264053821563720703e-01,3.469561338424682617e-01,-6.820934414863586426e-01,1.705891489982604980e-01,4.069589078426361084e-01,-3.891390861099353060e-06,-4.010171890258789062e-01,4.952075481414794922e-01,-1.229097694158554077e-01,7.516365498304367065e-02,-7.364851236343383789e-01,-5.443280935287475586e-01,7.769445180892944336e-01,2.754426598548889160e-01,-7.948977351188659668e-01,-6.599934697151184082e-01,1.797123402357101440e-01,-3.017937391996383667e-02,6.505036354064941406e-01,-7.547391653060913086e-01,-7.517949938774108887e-01,2.987242043018341064e-01,6.382102966308593750e-01,-6.385099291801452637e-01,4.959303513169288635e-02,5.621204972267150879e-01,-6.143934726715087891e-01,6.478005051612854004e-01,6.131052970886230469e-01,7.048540115356445312e-01,6.434649229049682617e-01,-5.341298580169677734e-01,-4.753149151802062988e-01,-6.166940927505493164e-01,9.953652508556842804e-03,4.707025885581970215e-01
4.515926837921142578e-01,7.209821790456771851e-02,-4.018085598945617676e-01,2.032732516527175903e-01,6.744956970214843750e-01,-3.097718954086303711e-01,5.739748850464820862e-02,6.953825950622558594e-01,3.280563354492187500e-01,4.156911075115203857e-01,-2.667377591133117676e-01,-5.399854779243469238e-01,3.261496424674987793e-01,3.723934292793273926e-01,4.592967629432678223e-01,7.393782734870910645e-01,-3.594726556912064552e-03,3.452917933464050293e-01,-3.771051168441772461e-01,-4.286428391933441162e-01,-2.611455619335174561e-01,8.061727881431579590e-02,1.913518905639648438e-01,-2.111635170876979828e-02,1.196471378207206726e-01,6.741005182266235352e-01,-5.008223056793212891e-01,-6.694592833518981934e-01,6.285468339920043945e-01,-3.815405070781707764e-01,-5.867396667599678040e-02,-5.322346687316894531e-01,4.870758205652236938e-02,5.283911228179931641e-01,-3.855808451771736145e-02,-6.002791523933410645e-01,5.563395023345947266e-01,5.470265746116638184e-01,-7.579846382141113281e-01,-5.966912508010864258e-01,5.225827097892761230e-01,9.134751558303833008e-02,3.378899097442626953e-01,3.499228656291961670e-01,4.158442094922065735e-02,-2.887646555900573730e-01,-4.985468685626983643e-01,-1.185525953769683838e-01,-1.768977567553520203e-02,-2.162517160177230835e-01,-1.845917403697967529e-01,-4.728245437145233154e-01,4.008391797542572021e-01,-1.831266283988952637e-02,-2.751398086547851562e-01,-6.382604241371154785e-01,3.960611820220947266e-01,2.231159992516040802e-02,-3.635413348674774170e-01,-3.961557149887084961e-02,1.107714488171041012e-03,-5.514110904186964035e-03,4.020561464130878448e-03,3.452742397785186768e-01,1.072152331471443176e-01,-2.045447230339050293e-01,-7.000598311424255371e-02,6.506558656692504883e-01,-5.185973644256591797e-01,5.617923140525817871e-01,-7.001308798789978027e-01,-1.246837601065635681e-01,-1.670403927564620972e-01,4.420084953308105469e-01,-4.126966893672943115e-01,-6.276003718376159668e-01,-1.550586777739226818e-03,5.575138330459594727e-01,2.949935570359230042e-02,-4.424798786640167236e-01,5.121836066246032715e-01,2.687597298063337803e-04,-6.118278503417968750e-01,-6.606809329241514206e-03,-7.120493650436401367e-01,-3.838381767272949219e-01,6.281512379646301270e-01,8.971845731139183044e-03,3.362689912319183350e-01,5.513706207275390625e-01,-1.336541920900344849e-01,2.864780128002166748e-01,-2.446099966764450073e-01,-2.142603397369384766e-01,-4.676941633224487305e-01,-3.535012602806091309e-01,3.817009329795837402e-01,-6.980436410231050104e-06,-5.772393941879272461e-01,5.603126287460327148e-01,-6.082187294960021973e-01,6.981735825538635254e-01,-4.729182422161102295e-01,-6.384090781211853027e-01,4.200668632984161377e-01,-2.139048837125301361e-02,-1.413661092519760132e-01,-4.009516537189483643e-01,-5.360192060470581055e-01,2.111326716840267181e-02,1.625682264566421509e-01,-2.076202481985092163e-01,-4.003295600414276123e-01,-1.607208549976348877e-01,6.045788526535034180e-01,-5.000218152999877930e-01,6.369892358779907227e-01,2.055962830781936646e-01,-6.362288594245910645e-01,1.308262944221496582e-01,3.933907449245452881e-01,3.759523332118988037e-01,3.749766945838928223e-01,4.994199424982070923e-02,-3.699376881122589111e-01,-2.941078320145606995e-02,-2.146524190902709961e-02,5.457624197006225586e-01
-4.204506576061248779e-01,-1.002479437738656998e-02,-1.179299727082252502e-01,1.738732159137725830e-01,-3.097718954086303711e-01,3.657057583332061768e-01,-8.750478923320770264e-02,-3.869546949863433838e-01,-2.562292665243148804e-02,1.959943957626819611e-02,2.800324261188507080e-01,2.247717678546905518e-01,1.789204031229019165e-01,2.520440146327018738e-02,2.423489652574062347e-02,-1.855325549840927124e-01,-5.096671171486377716e-03,8.720575273036956787e-02,-9.785368293523788452e-02,1.037851944565773010e-01,1.634739190340042114e-01,2.547051906585693359e-01,2.082187831401824951e-01,-1.678991466760635376e-01,-2.704405039548873901e-02,-1.890651434659957886e-01,2.696563303470611572e-02,3.587785661220550537e-01,-3.268181905150413513e-02,8.861891180276870728e-02,1.772934049367904663e-01,5.671957135200500488e-02,1.683818250894546509e-01,-8.457534015178680420e-02,1.237530540674924850e-02,4.022778570652008057e-02,-8.858305215835571289e-02,-4.549651220440864563e-02,2.247172296047210693e-01,2.652215361595153809e-01,-1.443556696176528931e-01,-1.247133836150169373e-01,1.563255935907363892e-01,3.894996363669633865e-03,9.742668829858303070e-03,-2.288452982902526855e-01,2.649742551147937775e-02,-4.416406527161598206e-02,-1.732621639966964722e-01,7.750762999057769775e-02,2.247486114501953125e-01,2.493837624788284302e-01,-1.359969377517700195e-01,2.942285314202308655e-02,-1.052624545991420746e-02,7.538843899965286255e-02,-1.502382606267929077e-01,-1.748291193507611752e-03,-1.085734888911247253e-01,-2.286301106214523315e-01,1.187285929918289185e-01,-2.163864970207214355e-01,5.814223084598779678e-03,-2.301281541585922241e-01,-1.346060782670974731e-01,2.382590994238853455e-02,3.477284014225006104e-01,-9.059981256723403931e-02,3.616889193654060364e-02,-3.043331801891326904e-01,2.085216343402862549e-01,-2.320157587528228760e-01,6.657903641462326050e-02,5.255407840013504028e-02,1.977001577615737915e-01,1.253607571125030518e-01,-7.117100176401436329e-04,9.324650280177593231e-03,-9.171952307224273682e-02,-9.179697372019290924e-03,-4.896164312958717346e-02,3.074530832236632705e-05,1.356917768716812134e-01,2.563016023486852646e-03,2.407024949789047241e-01,-1.055858805775642395e-01,-2.909415960311889648e-01,-1.696189865469932556e-03,1.091835275292396545e-01,-1.203132271766662598e-01,1.234846264123916626e-01,-3.138635754585266113e-01,-1.304088085889816284e-01,2.121881842613220215e-01,2.073458023369312286e-02,2.894074916839599609e-01,6.505252420902252197e-02,4.071467628818936646e-06,1.085953637957572937e-01,-9.062980860471725464e-02,3.362413048744201660e-01,-3.579318225383758545e-01,1.910850522108376026e-03,1.191198080778121948e-01,8.874271064996719360e-02,-6.051510199904441833e-02,-2.072966247797012329e-01,-1.483328789472579956e-01,4.033648967742919922e-01,-1.578144915401935577e-02,9.567435830831527710e-02,-2.022368609905242920e-01,-7.093156129121780396e-02,7.900280505418777466e-02,-5.610061436891555786e-02,5.507493391633033752e-02,-2.984212338924407959e-01,2.174413800239562988e-01,9.463264793157577515e-02,1.430927217006683350e-01,1.411847919225692749e-01,-1.615870743989944458e-02,-1.826563663780689240e-02,-3.246736228466033936e-01,8.144091069698333740e-02,-1.984571069478988647e-01,-9.687416255474090576e-03,-1.133232936263084412e-01
1.146879270672798157e-01,-7.422011811286211014e-03,7.654622197151184082e-02,-5.819439888000488281e-02,5.739748850464820862e-02,-8.750478923320770264e-02,6.214773282408714294e-02,9.272530674934387207e-02,-3.902283310890197754e-02,-4.466464370489120483e-02,-1.275461167097091675e-01,-4.440290108323097229e-02,-1.356567889451980591e-01,-3.239201009273529053e-02,-3.091430291533470154e-02,-7.577798329293727875e-03,3.274212824180722237e-03,-1.083411350846290588e-01,5.866636708378791809e-02,-5.093705281615257263e-02,-5.899317935109138489e-02,-1.021346524357795715e-01,-9.417925029993057251e-02,7.769317924976348877e-02,7.850688882172107697e-03,-5.223343148827552795e-03,1.098270155489444733e-02,-5.683336406946182251e-02,-3.048125095665454865e-02,-2.349945250898599625e-03,-7.118536531925201416e-02,7.646159734576940536e-03,-6.006253510713577271e-02,3.585291281342506409e-02,-1.392731908708810806e-03,5.065566301345825195e-02,-1.798009127378463745e-02,-2.019430510699748993e-02,1.894192973850294948e-04,-8.615128695964813232e-02,9.111848659813404083e-03,7.158309966325759888e-02,-1.034943312406539917e-01,-2.972691878676414490e-02,-2.704379148781299591e-02,1.141358464956283569e-01,1.351161859929561615e-02,4.989874735474586487e-02,1.107720062136650085e-01,-4.401894286274909973e-02,-8.545742183923721313e-02,-7.262549549341201782e-02,4.530303180217742920e-02,-1.350605487823486328e-02,4.663055017590522766e-02,1.319103967398405075e-02,5.534395202994346619e-02,-8.979019476100802422e-04,8.606094866991043091e-02,7.999800145626068115e-02,-6.192579492926597595e-02,1.242666766047477722e-01,-1.260964549146592617e-03,5.802930518984794617e-02,4.436675459146499634e-02,4.127901978790760040e-03,-1.727903932332992554e-01,-2.766744978725910187e-02,3.101877309381961823e-02,6.476595252752304077e-02,-3.487863019108772278e-02,1.096556931734085083e-01,-4.109261184930801392e-02,-5.563984811305999756e-02,-3.904909640550613403e-02,5.163402296602725983e-03,6.893117097206413746e-04,-3.496177867054939270e-02,2.313277870416641235e-02,3.522038832306861877e-02,-3.300666576251387596e-03,-1.621097908355295658e-05,-1.791787706315517426e-02,-8.270218968391418457e-04,-2.919929288327693939e-02,6.593942642211914062e-02,5.847316235303878784e-02,-3.450165677350014448e-04,-8.092847466468811035e-02,1.968932896852493286e-02,-5.532277747988700867e-02,1.020979359745979309e-01,7.147383689880371094e-02,-4.009997099637985229e-02,3.063805028796195984e-02,-8.462446928024291992e-02,-7.637212425470352173e-02,-2.976496716655674390e-06,8.283321745693683624e-03,-4.208807647228240967e-02,-1.150911673903465271e-01,7.635992020368576050e-02,3.039167821407318115e-02,4.034908488392829895e-03,-5.609640106558799744e-02,8.894651383161544800e-02,8.140079677104949951e-02,1.199961304664611816e-01,-9.112196415662765503e-02,3.277125069871544838e-03,-4.220920801162719727e-02,6.055999919772148132e-02,5.792767181992530823e-02,6.542242318391799927e-02,-1.876762881875038147e-02,1.275840774178504944e-02,3.809863701462745667e-02,-1.038164198398590088e-01,8.719896897673606873e-03,-5.728112533688545227e-02,-1.014958694577217102e-01,-9.658947587013244629e-03,-1.017909683287143707e-02,1.423027962446212769e-01,-5.747333914041519165e-02,5.876987054944038391e-02,1.408337615430355072e-02,1.109717227518558502e-02
5.346900820732116699e-01,5.655079707503318787e-02,-2.397269159555435181e-01,2.657871879637241364e-02,6.953825950622558594e-01,-3.869546949863433838e-01,9.272530674934387207e-02,7.835090756416320801e-01,1.735489815473556519e-01,3.157434761524200439e-01,-2.502857148647308350e-01,-5.855230093002319336e-01,2.069824337959289551e-01,2.478817999362945557e-01,3.313075900077819824e-01,6.613986492156982422e-01,-6.101304898038506508e-04,2.275730818510055542e-01,-2.044051587581634521e-01,-3.510780632495880127e-01,-1.469998359680175781e-01,-6.699549406766891479e-02,3.559667244553565979e-02,2.448095194995403290e-02,9.494116902351379395e-02,6.250704526901245117e-01,-4.124151766300201416e-01,-7.450574636459350586e-01,5.510119795799255371e-01,-3.950183689594268799e-01,-1.036793515086174011e-01,-3.822807073593139648e-01,-1.606779098510742188e-01,4.400624632835388184e-01,-4.656014591455459595e-02,-4.900020062923431396e-01,4.957577586174011230e-01,4.158950746059417725e-01,-7.520992159843444824e-01,-5.507204532623291016e-01,3.999091982841491699e-01,4.947960376739501953e-02,1.869588941335678101e-01,3.017864227294921875e-01,1.730691343545913696e-01,-1.426007747650146484e-01,-3.641934990882873535e-01,-7.403254508972167969e-02,-2.093298546969890594e-02,-2.723655104637145996e-01,-2.557394206523895264e-01,-6.233719587326049805e-01,2.766539752483367920e-01,-5.081832874566316605e-03,-3.142989873886108398e-01,-5.442484617233276367e-01,3.314490616321563721e-01,1.953678578138351440e-02,-1.966297775506973267e-01,1.678809970617294312e-01,-1.003907434642314911e-02,4.383513331413269043e-02,-5.520660430192947388e-03,3.521771430969238281e-01,8.863250911235809326e-02,-1.630075126886367798e-01,-1.897560507059097290e-01,5.549275279045104980e-01,-4.013305008411407471e-01,6.669380068778991699e-01,-6.483262777328491211e-01,-1.454658508300781250e-01,-6.318137794733047485e-02,3.034271299839019775e-01,-3.046853542327880859e-01,-5.349307060241699219e-01,-1.337339985184371471e-03,4.375745952129364014e-01,1.668645143508911133e-01,-3.028530776500701904e-01,3.719334602355957031e-01,1.972701429622247815e-04,-5.374959111213684082e-01,-1.117135491222143173e-02,-6.328297853469848633e-01,-2.355335950851440430e-01,6.993250846862792969e-01,9.495574049651622772e-03,1.953626424074172974e-01,4.871307313442230225e-01,-1.046419739723205566e-01,4.904512763023376465e-01,-5.387875437736511230e-02,-3.442694246768951416e-01,-3.152108192443847656e-01,-4.606778323650360107e-01,2.978604435920715332e-01,-7.290580924745881930e-06,-5.423390269279479980e-01,4.632491171360015869e-01,-6.827689409255981445e-01,7.604793310165405273e-01,-3.136909306049346924e-01,-5.581954121589660645e-01,2.320015728473663330e-01,-8.810800313949584961e-02,9.467960894107818604e-02,-2.441400885581970215e-01,-6.605067849159240723e-01,3.473245725035667419e-02,-6.208287551999092102e-03,-2.063624560832977295e-02,-2.290864288806915283e-01,-2.334459722042083740e-01,4.943135976791381836e-01,-3.671897351741790771e-01,7.032226324081420898e-01,7.802272588014602661e-02,-5.302472114562988281e-01,-4.983712360262870789e-02,2.510712742805480957e-01,2.087556719779968262e-01,2.304220050573348999e-01,2.354495078325271606e-01,-3.183552920818328857e-01,1.513056010007858276e-01,-1.729345321655273438e-02,4.901364147663116455e-01
8.260022103786468506e-02,8.578476309776306152e-02,-6.522578001022338867e-01,6.096356511116027832e-01,3.280563354492187500e-01,-2.562292665243148804e-02,-3.902283310890197754e-02,1.735489815473556519e-01,6.764690876007080078e-01,5.216206312179565430e-01,-2.362356185913085938e-01,-3.014527559280395508e-01,4.382492601871490479e-01,6.241896152496337891e-01,6.530610918998718262e-01,6.233288645744323730e-01,-7.943414151668548584e-03,4.254693686962127686e-01,-6.695356369018554688e-01,-5.633072257041931152e-01,-5.475732088088989258e-01,4.567594826221466064e-01,5.073044896125793457e-01,-1.163142845034599304e-01,1.682008653879165649e-01,5.457925200462341309e-01,-6.029429435729980469e-01,-1.846630424261093140e-01,5.588796138763427734e-01,-1.988186985254287720e-01,4.086634889245033264e-02,-7.801098227500915527e-01,5.433239340782165527e-01,6.218498349189758301e-01,-7.727118209004402161e-03,-6.597207188606262207e-01,5.240296721458435059e-01,6.845240592956542969e-01,-4.021500349044799805e-01,-5.308710932731628418e-01,6.672815084457397461e-01,2.024778127670288086e-01,5.688913464546203613e-01,3.506153225898742676e-01,-3.334789574146270752e-01,-5.723676085472106934e-01,-6.634601950645446777e-01,-1.282486617565155029e-01,1.052744761109352112e-01,-1.255105733871459961e-01,8.305871597258374095e-05,8.348379284143447876e-02,6.225129365921020508e-01,-9.424410760402679443e-02,-3.361533582210540771e-02,-6.287568211555480957e-01,5.122873783111572266e-01,2.294887043535709381e-02,-6.119431853294372559e-01,-5.859935283660888672e-01,-1.715763472020626068e-03,-1.288531627506017685e-02,2.926458790898323059e-02,2.051082998514175415e-01,1.244986429810523987e-01,-2.605628669261932373e-01,1.816341727972030640e-01,6.211386322975158691e-01,-6.775072216987609863e-01,8.267399668693542480e-02,-5.515850782394409180e-01,-2.390291774645447731e-03,-4.908106625080108643e-01,6.655661463737487793e-01,-5.282746553421020508e-01,-5.949400663375854492e-01,-1.408484880812466145e-03,6.667165160179138184e-01,-3.321275413036346436e-01,-6.733985543251037598e-01,7.006439566612243652e-01,4.125604464206844568e-04,-5.954004526138305664e-01,8.788063190877437592e-03,-6.048416495323181152e-01,-6.520539522171020508e-01,2.086817473173141479e-01,4.789092577993869781e-03,6.044848561286926270e-01,5.654504299163818359e-01,-1.444284915924072266e-01,-3.083001673221588135e-01,-6.632468700408935547e-01,2.516234517097473145e-01,-6.700413227081298828e-01,4.208841919898986816e-02,3.464276790618896484e-01,-2.842387630153098144e-06,-4.760703742504119873e-01,5.349359512329101562e-01,-2.461841404438018799e-01,2.766795754432678223e-01,-7.347195744514465332e-01,-6.044170260429382324e-01,7.618877887725830078e-01,1.650153994560241699e-01,-7.172452807426452637e-01,-6.201059222221374512e-01,-1.670883968472480774e-02,-2.467368729412555695e-02,6.539786458015441895e-01,-6.572756767272949219e-01,-7.042183876037597656e-01,2.103423029184341431e-01,6.304534077644348145e-01,-6.833505034446716309e-01,2.192553877830505371e-01,4.245199561119079590e-01,-6.428041458129882812e-01,5.573612451553344727e-01,5.494701862335205078e-01,7.022706866264343262e-01,6.504297256469726562e-01,-3.852572739124298096e-01,-4.925075471401214600e-01,-5.245230793952941895e-01,1.146428007632493973e-02,5.216780304908752441e-01
6.893851608037948608e-02,8.702339231967926025e-02,-6.637247204780578613e-01,4.938416481018066406e-01,4.156911075115203857e-01,1.959943957626819611e-02,-4.466464370489120483e-02,3.157434761524200439e-01,5.216206312179565430e-01,5.858864784240722656e-01,-3.085532970726490021e-02,-3.556871712207794189e-01,6.083203554153442383e-01,5.522681474685668945e-01,6.330000162124633789e-01,7.282736897468566895e-01,-1.109685935080051422e-02,5.114579200744628906e-01,-6.402026414871215820e-01,-4.717372655868530273e-01,-2.903065383434295654e-01,4.309750795364379883e-01,5.110409855842590332e-01,-2.148346453905105591e-01,1.345515400171279907e-01,6.528491973876953125e-01,-6.327691078186035156e-01,-3.573054969310760498e-01,7.043479681015014648e-01,-3.386371135711669922e-01,1.427737325429916382e-01,-7.096732854843139648e-01,3.614615797996520996e-01,5.799399018287658691e-01,-2.387205883860588074e-02,-7.508896589279174805e-01,5.887446403503417969e-01,6.699616312980651855e-01,-6.271543502807617188e-01,-4.532158672809600830e-01,5.582354664802551270e-01,2.492874301970005035e-02,6.206563115119934082e-01,4.145996868610382080e-01,-8.900289982557296753e-02,-6.448327302932739258e-01,-6.121153831481933594e-01,-1.677716970443725586e-01,-1.208264902234077454e-01,-1.321061402559280396e-01,5.165094882249832153e-02,-1.477748006582260132e-01,4.387013614177703857e-01,-1.607959903776645660e-02,-2.615805268287658691e-01,-7.116574645042419434e-01,3.478232324123382568e-01,2.384402602910995483e-02,-6.259894371032714844e-01,-4.057233333587646484e-01,9.282299131155014038e-02,-1.890898942947387695e-01,1.904518157243728638e-02,2.005380541086196899e-01,1.606725715100765228e-02,-2.397945225238800049e-01,3.319689333438873291e-01,7.175340652465820312e-01,-6.679660677909851074e-01,2.529501616954803467e-01,-6.131302118301391602e-01,-3.110627233982086182e-01,-2.527720630168914795e-01,6.511265039443969727e-01,-3.699346780776977539e-01,-6.496916413307189941e-01,-2.554588019847869873e-03,7.148679494857788086e-01,-1.392181068658828735e-01,-6.250562071800231934e-01,6.341344118118286133e-01,3.797484096139669418e-04,-6.093998551368713379e-01,-6.661286461167037487e-04,-6.309179663658142090e-01,-6.371523737907409668e-01,3.661042451858520508e-01,7.774116005748510361e-03,6.291092038154602051e-01,5.490787625312805176e-01,-3.561092168092727661e-02,-1.469242721796035767e-01,-5.490666031837463379e-01,9.297548979520797729e-02,-6.106163263320922852e-01,-3.157254680991172791e-02,4.863472878932952881e-01,-2.362645773246185854e-06,-5.714260935783386230e-01,5.940364599227905273e-01,-2.974891662597656250e-01,4.207541942596435547e-01,-6.545986533164978027e-01,-6.608552336692810059e-01,7.208650112152099609e-01,-9.523639082908630371e-02,-5.544401407241821289e-01,-6.961095929145812988e-01,-1.200596690177917480e-01,-6.058947183191776276e-03,4.653015136718750000e-01,-5.704029798507690430e-01,-6.266873478889465332e-01,-2.641200646758079529e-02,6.710113883018493652e-01,-6.296293735504150391e-01,3.906161785125732422e-01,4.803139865398406982e-01,-6.849281787872314453e-01,4.154894948005676270e-01,6.516052484512329102e-01,5.467311143875122070e-01,5.342016220092773438e-01,-3.737960755825042725e-01,-3.894361257553100586e-01,-3.752562999725341797e-01,-2.976503595709800720e-02,5.451880097389221191e-01
-3.600153923034667969e-01,-1.414782647043466568e-02,7.850309461355209351e-02,-1.805960834026336670e-01,-2.667377591133117676e-01,2.800324261188507080e-01,-1.275461167097091675e-01,-2.502857148647308350e-01,-2.362356185913085938e-01,-3.085532970726490021e-02,5.752124190330505371e-01,1.836150139570236206e-01,2.356315553188323975e-01,-1.724461168050765991e-01,-1.783151179552078247e-01,-1.781898438930511475e-01,-6.468419916927814484e-03,8.092629909515380859e-02,1.568472534418106079e-01,3.451212346553802490e-01,4.825056791305541992e-01,8.734200894832611084e-02,3.956969454884529114e-02,-2.162028402090072632e-01,-9.354198724031448364e-02,-1.310668885707855225e-01,1.364375799894332886e-01,1.337684541940689087e-01,-7.013924419879913330e-02,-9.563729166984558105e-03,2.418832778930664062e-01,2.984227538108825684e-01,-2.114163190126419067e-01,-3.266059756278991699e-01,-4.515250213444232941e-03,6.947572529315948486e-02,-1.195542737841606140e-01,-2.412679642438888550e-01,5.318002030253410339e-02,4.691973626613616943e-01,-3.733958899974822998e-01,-3.605337142944335938e-01,4.816439002752304077e-02,-2.161545865237712860e-02,3.361901342868804932e-01,-1.255496889352798462e-01,2.826432287693023682e-01,-4.468037933111190796e-02,-4.104531705379486084e-01,8.447622507810592651e-02,2.369112521409988403e-01,5.199991166591644287e-03,-4.692309498786926270e-01,1.089320555329322815e-01,-2.267275154590606689e-01,1.681384146213531494e-01,-4.250718057155609131e-01,-6.404773797839879990e-03,5.153464525938034058e-02,1.565770655870437622e-01,2.019691467285156250e-01,-3.494094908237457275e-01,-1.212738268077373505e-02,-2.351897358894348145e-01,-2.433241009712219238e-01,9.703601151704788208e-02,4.368541836738586426e-01,-1.345909684896469116e-01,1.703716069459915161e-01,-1.059336736798286438e-01,2.918725907802581787e-01,-5.026423931121826172e-01,3.783114552497863770e-01,-1.288580894470214844e-01,4.515442550182342529e-01,2.221581935882568359e-01,-1.929544028826057911e-03,-1.426183879375457764e-01,2.208083420991897583e-01,1.895358711481094360e-01,-3.256405293941497803e-01,-1.061568837030790746e-04,2.618801891803741455e-01,-7.469537667930126190e-03,3.376303315162658691e-01,8.526727557182312012e-02,-1.405114382505416870e-01,7.327568018808960915e-04,1.804342865943908691e-02,-2.685136198997497559e-01,2.973753213882446289e-01,-2.905443310737609863e-02,1.657903194427490234e-01,-3.667075932025909424e-02,2.641365826129913330e-01,1.758151352405548096e-01,6.313683092594146729e-02,1.017534214042825624e-05,9.002313762903213501e-02,-1.372309476137161255e-01,3.391773402690887451e-01,-1.977257877588272095e-01,2.730607986450195312e-01,2.056164145469665527e-01,-1.924337297677993774e-01,-4.878657460212707520e-01,2.066987603902816772e-01,-6.278754025697708130e-02,2.059195786714553833e-01,8.132046088576316833e-03,-1.960913091897964478e-01,1.395008116960525513e-01,2.123542129993438721e-01,-3.090288937091827393e-01,-2.147239744663238525e-01,2.678818106651306152e-01,-7.502689212560653687e-02,9.889899939298629761e-02,2.379858791828155518e-01,-1.588241010904312134e-01,5.824356153607368469e-02,-3.514993488788604736e-01,-2.779501676559448242e-01,-1.772986352443695068e-01,3.284093439579010010e-01,1.069472953677177429e-01,-4.761124774813652039e-02,-2.149275690317153931e-01
-3.261374533176422119e-01,-5.661093816161155701e-02,3.624111115932464600e-01,-1.894523948431015015e-01,-5.399854779243469238e-01,2.247717678546905518e-01,-4.440290108323097229e-02,-5.855230093002319336e-01,-3.014527559280395508e-01,-3.556871712207794189e-01,1.836150139570236206e-01,4.710670113563537598e-01,-2.771209478378295898e-01,-3.651329278945922852e-01,-4.374870061874389648e-01,-6.967480778694152832e-01,2.424158388748764992e-03,-2.479917109012603760e-01,3.256654441356658936e-01,4.068511724472045898e-01,2.384681850671768188e-01,-1.035394296050071716e-01,-1.752537637948989868e-01,2.803631126880645752e-02,-1.074287295341491699e-01,-6.118508577346801758e-01,4.985166490077972412e-01,5.644007921218872070e-01,-5.883390307426452637e-01,3.102774620056152344e-01,4.283188283443450928e-02,5.384963750839233398e-01,-8.083765394985675812e-03,-5.147591233253479004e-01,3.444393351674079895e-02,5.784810781478881836e-01,-4.829599857330322266e-01,-4.932397007942199707e-01,6.916154623031616211e-01,5.209495425224304199e-01,-4.417523741722106934e-01,-6.454382091760635376e-02,-2.988977432250976562e-01,-2.952262163162231445e-01,-5.618536844849586487e-02,3.071147203445434570e-01,4.402575194835662842e-01,6.260813027620315552e-02,6.450542132370173931e-04,2.605324089527130127e-01,1.675347536802291870e-01,4.163210988044738770e-01,-3.422053754329681396e-01,2.594108693301677704e-02,2.272576540708541870e-01,5.986641645431518555e-01,-3.567427396774291992e-01,-1.913221366703510284e-02,2.931794524192810059e-01,3.916399925947189331e-02,-7.485969457775354385e-03,-2.985580079257488251e-02,-3.788100089877843857e-03,-2.509618103504180908e-01,-5.719105899333953857e-02,1.744216829538345337e-01,6.702215969562530518e-02,-5.915560126304626465e-01,4.933796226978302002e-01,-4.598280787467956543e-01,6.160793304443359375e-01,1.711704283952713013e-01,1.753329485654830933e-01,-4.146381616592407227e-01,2.930804193019866943e-01,5.305920243263244629e-01,1.402768655680119991e-03,-5.412079691886901855e-01,-4.785071685910224915e-02,4.123350977897644043e-01,-4.628469645977020264e-01,-2.593998506199568510e-04,5.584485530853271484e-01,5.675664637237787247e-03,6.096448898315429688e-01,3.733236193656921387e-01,-5.273804664611816406e-01,-7.648721802979707718e-03,-3.214164972305297852e-01,-4.936689138412475586e-01,6.965225189924240112e-02,-2.631663084030151367e-01,2.140552103519439697e-01,1.345870196819305420e-01,3.845643997192382812e-01,2.693344950675964355e-01,-2.625591158866882324e-01,5.229607722867513075e-06,5.163116455078125000e-01,-4.370157122611999512e-01,5.423050522804260254e-01,-6.245380640029907227e-01,4.418261051177978516e-01,5.750801563262939453e-01,-3.958567380905151367e-01,4.583260416984558105e-02,1.233972907066345215e-01,3.608168065547943115e-01,4.217598438262939453e-01,-1.517372578382492065e-02,-2.057449668645858765e-01,2.159345448017120361e-01,3.615047037601470947e-01,7.077637314796447754e-02,-5.420603156089782715e-01,4.479425847530364990e-01,-5.563652515411376953e-01,-1.734601259231567383e-01,5.634121894836425781e-01,-1.125357672572135925e-01,-3.292081058025360107e-01,-3.313318192958831787e-01,-3.425737619400024414e-01,-5.281760916113853455e-02,3.847504556179046631e-01,5.447646230459213257e-02,-2.109954599291086197e-03,-4.659532308578491211e-01
