3.945507109165191650e-01,4.959141835570335388e-03,6.774247437715530396e-02,-1.768382340669631958e-01,3.658509850502014160e-01,-3.950452506542205811e-01,1.258936431258916855e-02,4.421445429325103760e-01,3.994832932949066162e-02,-1.441437657922506332e-02,-2.213842570781707764e-01,-2.283154278993606567e-01,-1.316509395837783813e-01,-9.381495416164398193e-03,-9.562225081026554108e-03,2.582437098026275635e-01,4.919716622680425644e-03,-2.373020723462104797e-02,5.609427765011787415e-02,-1.053165048360824585e-01,-1.525774747133255005e-01,-2.268856614828109741e-01,-1.659636944532394409e-01,1.536337882280349731e-01,2.772511728107929230e-02,2.670481801033020020e-01,5.650439765304327011e-03,-4.056127667427062988e-01,1.146673932671546936e-01,-1.139247938990592957e-01,-1.896612644195556641e-01,-8.680491894483566284e-02,-1.491859406232833862e-01,9.336312860250473022e-02,-1.933318376541137695e-02,-9.301658719778060913e-02,1.313438713550567627e-01,7.441743463277816772e-02,-3.043900728225708008e-01,-2.523150742053985596e-01,1.640494465827941895e-01,6.431145220994949341e-02,-1.211194843053817749e-01,1.028208807110786438e-02,1.792401191778481007e-03,2.522375285625457764e-01,-1.798237860202789307e-02,-3.101055696606636047e-02,9.393629431724548340e-02,-1.076187565922737122e-01,-2.685125172138214111e-01,-2.869351208209991455e-01,1.815335899591445923e-01,-2.516629546880722046e-02,-3.263238584622740746e-03,-1.106596216559410095e-01,1.518108397722244263e-01,4.980027675628662109e-03,1.071761250495910645e-01,2.173943370580673218e-01,-8.278080821037292480e-02,1.613866388797760010e-01,-6.178186275064945221e-03,2.782863378524780273e-01,1.164061799645423889e-01,-3.209064155817031860e-02,-3.291408121585845947e-01,1.775969713926315308e-01,-6.930758804082870483e-02,3.955996632575988770e-01,-2.488075345754623413e-01,2.228019088506698608e-01,-4.647219553589820862e-02,-2.138021029531955719e-02,-2.030991613864898682e-01,-1.526734530925750732e-01,6.732466863468289375e-04,2.298184297978878021e-02,1.212292611598968506e-01,-8.267024904489517212e-02,1.045632213354110718e-01,1.175811303255613893e-05,-1.973516047000885010e-01,-4.053622949868440628e-03,-2.960903346538543701e-01,9.924335777759552002e-02,3.331010937690734863e-01,3.238954581320285797e-03,-6.979772448539733887e-02,1.431461721658706665e-01,-8.933369815349578857e-02,3.154407441616058350e-01,9.647184610366821289e-02,-1.357089430093765259e-01,-8.546958863735198975e-02,-3.879289627075195312e-01,-2.810692228376865387e-02,-8.751419954933226109e-06,-1.602507531642913818e-01,1.638827472925186157e-01,-3.469314575195312500e-01,4.114862978458404541e-01,-4.298038780689239502e-02,-1.657127887010574341e-01,-6.844296306371688843e-02,4.468078538775444031e-02,1.877579391002655029e-01,1.193448528647422791e-01,-4.457847476005554199e-01,1.432399731129407883e-02,-7.395177334547042847e-02,1.811391264200210571e-01,2.642416954040527344e-02,-3.508693352341651917e-02,6.978861987590789795e-02,-9.544995427131652832e-02,3.451636731624603271e-01,-1.361088305711746216e-01,-1.525452882051467896e-01,-1.190099343657493591e-01,-1.566885560750961304e-01,3.838178142905235291e-02,3.761829063296318054e-02,3.101972639560699463e-01,-8.556273579597473145e-02,1.552763283252716064e-01,2.773834206163883209e-02,1.320096552371978760e-01
4.959141835570335388e-03,1.116520818322896957e-02,-8.805114030838012695e-02,7.163173705339431763e-02,5.348252877593040466e-02,-9.816607460379600525e-03,-1.235856860876083374e-02,3.385886177420616150e-02,7.288414984941482544e-02,6.623123586177825928e-02,-2.168976701796054840e-02,-3.895646333694458008e-02,7.679804414510726929e-02,6.907413899898529053e-02,8.362652361392974854e-02,8.726644515991210938e-02,-2.134175272658467293e-03,8.028131723403930664e-02,-8.493404090404510498e-02,-5.574006214737892151e-02,-5.659346655011177063e-02,5.707537010312080383e-02,5.884724482893943787e-02,-2.474320493638515472e-02,1.495433319360017776e-02,7.663161307573318481e-02,-7.751659303903579712e-02,-4.987527057528495789e-02,7.962355017662048340e-02,-2.756557799875736237e-02,1.249196473509073257e-02,-9.588550031185150146e-02,6.350748986005783081e-02,6.362232565879821777e-02,-2.401783596724271774e-03,-9.295795857906341553e-02,6.633478403091430664e-02,8.389349281787872314e-02,-7.524988800287246704e-02,-6.707501411437988281e-02,8.446844667196273804e-02,1.534851733595132828e-02,8.606437593698501587e-02,3.579439595341682434e-02,-1.959636807441711426e-02,-7.291848212480545044e-02,-8.506903052330017090e-02,-2.502280101180076599e-02,-4.604950081557035446e-03,1.420776639133691788e-02,6.526489276438951492e-03,1.459078048355877399e-03,5.789172649383544922e-02,1.137080043554306030e-02,-1.101227197796106339e-02,-9.657972306013107300e-02,4.184451326727867126e-02,3.508633235469460487e-03,-7.850249111652374268e-02,-6.259706616401672363e-02,-8.161288686096668243e-03,-2.205730043351650238e-02,2.194246510043740273e-03,3.890201449394226074e-02,4.770631901919841766e-03,-3.171197697520256042e-02,4.581384733319282532e-02,9.133706241846084595e-02,-8.428676426410675049e-02,3.591612353920936584e-02,-7.733947783708572388e-02,-2.934571541845798492e-02,-2.347596362233161926e-02,8.184598386287689209e-02,-4.651197046041488647e-02,-9.310009330511093140e-02,-2.876688085962086916e-04,9.019355475902557373e-02,-3.070252388715744019e-02,-7.693666964769363403e-02,8.798176050186157227e-02,5.939423135714605451e-05,-7.450196146965026855e-02,1.184608699986711144e-04,-8.843270689249038696e-02,-8.351051807403564453e-02,3.859622403979301453e-02,8.697429439052939415e-04,7.069799304008483887e-02,6.225989758968353271e-02,-2.513523772358894348e-02,-3.635756671428680420e-02,-7.694966346025466919e-02,4.819910228252410889e-02,-8.033536374568939209e-02,5.375635810196399689e-04,7.171916216611862183e-02,3.354893749474285869e-07,-7.196383923292160034e-02,7.321901619434356689e-02,-2.680008485913276672e-02,3.402953967452049255e-02,-8.976263552904129028e-02,-8.306512981653213501e-02,9.886227548122406006e-02,1.180362049490213394e-02,-8.346164971590042114e-02,-9.055106341838836670e-02,-2.103758789598941803e-02,-1.481526996940374374e-03,6.387358158826828003e-02,-7.204874604940414429e-02,-8.415754139423370361e-02,-8.326710201799869537e-03,9.089359641075134277e-02,-7.925265282392501831e-02,4.745262488722801208e-02,3.707924112677574158e-02,-8.956122398376464844e-02,5.768657848238945007e-02,7.921739667654037476e-02,7.440067082643508911e-02,7.513920962810516357e-02,-5.899737402796745300e-02,-4.286986589431762695e-02,-5.704788863658905029e-02,-1.031455490738153458e-02,7.072539627552032471e-02
6.774247437715530396e-02,-8.805114030838012695e-02,7.839297056198120117e-01,-6.989284753799438477e-01,-4.018279016017913818e-01,-3.228887170553207397e-02,9.282928705215454102e-02,-2.244394123554229736e-01,-5.951772332191467285e-01,-6.201126575469970703e-01,1.843592077493667603e-01,3.566451072692871094e-01,-6.298549771308898926e-01,-6.690396070480346680e-01,-7.528930306434631348e-01,-6.732189655303955078e-01,1.905321329832077026e-02,-6.660398244857788086e-01,7.521224021911621094e-01,5.614967346191406250e-01,4.659768044948577881e-01,-6.040109395980834961e-01,-6.140834689140319824e-01,2.588686048984527588e-01,-1.437654346227645874e-01,-5.730133056640625000e-01,7.043032050132751465e-01,3.217050433158874512e-01,-6.976988911628723145e-01,2.292563915252685547e-01,-1.330694258213043213e-01,7.839224934577941895e-01,-5.728530883789062500e-01,-6.455485820770263672e-01,2.252210676670074463e-02,7.480298280715942383e-01,-5.910525918006896973e-01,-7.359914779663085938e-01,5.566908121109008789e-01,5.787630081176757812e-01,-6.734625101089477539e-01,-1.427022814750671387e-01,-7.493144869804382324e-01,-3.459314703941345215e-01,1.424516886472702026e-01,6.964133977890014648e-01,7.613302469253540039e-01,2.118745297193527222e-01,3.298643603920936584e-02,-2.609517611563205719e-02,-6.405714154243469238e-02,-4.540887661278247833e-03,-5.061320662498474121e-01,-1.031129434704780579e-01,9.320273250341415405e-02,7.958992719650268555e-01,-4.334018528461456299e-01,-3.441821783781051636e-02,6.863672733306884766e-01,6.225696802139282227e-01,6.017340719699859619e-02,1.839583665132522583e-01,-2.193497121334075928e-02,-2.839480936527252197e-01,-5.845928099006414413e-03,2.967720329761505127e-01,-3.922806680202484131e-01,-7.291720509529113770e-01,7.290149927139282227e-01,-2.457034289836883545e-01,6.452659964561462402e-01,3.232995867729187012e-01,2.519206106662750244e-01,-7.471559643745422363e-01,3.393315970897674561e-01,7.434349060058593750e-01,2.456759568303823471e-03,-7.946718335151672363e-01,3.182382881641387939e-01,6.922909021377563477e-01,-7.575824856758117676e-01,-6.298861699178814888e-04,6.534286737442016602e-01,-6.469494546763598919e-04,6.680190563201904297e-01,7.660720944404602051e-01,-2.995297908782958984e-01,-7.478268351405858994e-03,-6.342938542366027832e-01,-5.890278816223144531e-01,2.089268416166305542e-01,3.391589820384979248e-01,6.961212754249572754e-01,-5.084348917007446289e-01,6.952943801879882812e-01,-7.826525717973709106e-02,-6.133126616477966309e-01,-6.202560598467243835e-06,6.097827553749084473e-01,-5.754748582839965820e-01,2.715221941471099854e-01,-2.173690944910049438e-01,7.642165422439575195e-01,7.001711130142211914e-01,-8.273114562034606934e-01,-1.837026029825210571e-01,7.114803791046142578e-01,7.590733766555786133e-01,7.685177028179168701e-02,1.609000936150550842e-02,-5.991991162300109863e-01,7.059323191642761230e-01,7.493782639503479004e-01,-8.279385417699813843e-02,-7.788727283477783203e-01,6.885273456573486328e-01,-3.363288938999176025e-01,-3.897962272167205811e-01,7.486770153045654297e-01,-5.798976421356201172e-01,-6.975728273391723633e-01,-6.595353484153747559e-01,-6.666195392608642578e-01,5.471078753471374512e-01,4.911881983280181885e-01,5.866458415985107422e-01,7.917266339063644409e-02,-6.317734718322753906e-01
-1.768382340669631958e-01,7.163173705339431763e-02,-6.989284753799438477e-01,7.664795517921447754e-01,1.929772496223449707e-01,1.600911319255828857e-01,-4.939092695713043213e-02,-4.525456577539443970e-03,5.800757408142089844e-01,5.214416384696960449e-01,-2.624850571155548096e-01,-2.134701311588287354e-01,4.521149098873138428e-01,6.203760504722595215e-01,6.833505034446716309e-01,4.456054270267486572e-01,-1.460896432399749756e-02,5.419893860816955566e-01,-7.061256766319274902e-01,-5.127058625221252441e-01,-5.131635665893554688e-01,6.216680407524108887e-01,5.640506148338317871e-01,-1.972712725400924683e-01,1.314606666564941406e-01,3.211172521114349365e-01,-5.776616930961608887e-01,-3.770364448428153992e-02,4.758735895156860352e-01,-5.199949443340301514e-02,8.510702103376388550e-02,-7.052229046821594238e-01,6.785148978233337402e-01,5.728569030761718750e-01,1.114849932491779327e-03,-5.460025668144226074e-01,4.207800328731536865e-01,6.300299167633056641e-01,-2.608535885810852051e-01,-5.227809548377990723e-01,6.209508180618286133e-01,2.162404358386993408e-01,6.386225223541259766e-01,2.706843912601470947e-01,-2.907864451408386230e-01,-6.060388088226318359e-01,-7.182978987693786621e-01,-1.711838543415069580e-01,7.757420092821121216e-02,9.148681908845901489e-02,1.039224863052368164e-01,2.410095930099487305e-01,5.290794372558593750e-01,5.671407654881477356e-02,6.968682259321212769e-02,-6.277492642402648926e-01,4.353837668895721436e-01,2.688277885317802429e-02,-6.273466944694519043e-01,-7.301576733589172363e-01,-1.088315621018409729e-01,-9.025014936923980713e-02,2.652676217257976532e-02,1.613017022609710693e-01,5.266767367720603943e-02,-2.554102540016174316e-01,3.376595973968505859e-01,5.284569859504699707e-01,-5.989054441452026367e-01,-1.656455919146537781e-02,-4.738347530364990234e-01,-1.231804341077804565e-01,-3.304519355297088623e-01,6.803477406501770020e-01,-3.499293625354766846e-01,-6.053384542465209961e-01,-1.135816099122166634e-03,6.533281803131103516e-01,-5.011982321739196777e-01,-5.985032320022583008e-01,6.998033523559570312e-01,5.444428534246981144e-04,-4.947423338890075684e-01,6.727618165314197540e-03,-5.056021809577941895e-01,-6.924508213996887207e-01,4.480288922786712646e-02,2.823074115440249443e-03,5.069125294685363770e-01,4.809596538543701172e-01,-2.676202356815338135e-01,-5.077676177024841309e-01,-7.201807498931884766e-01,5.961495637893676758e-01,-6.383169889450073242e-01,2.406596988439559937e-01,4.810518026351928711e-01,7.026388630038127303e-06,-4.064143300056457520e-01,4.197396337985992432e-01,-1.113435700535774231e-01,-5.623580142855644226e-02,-7.269102931022644043e-01,-5.324994325637817383e-01,7.826102375984191895e-01,3.838613331317901611e-01,-7.990931272506713867e-01,-6.346693038940429688e-01,1.272481530904769897e-01,-3.018787875771522522e-02,6.436303853988647461e-01,-7.441028952598571777e-01,-7.215295433998107910e-01,2.670757472515106201e-01,6.511208415031433105e-01,-6.013257503509521484e-01,6.083473935723304749e-02,3.294278383255004883e-01,-6.067284345626831055e-01,6.371673345565795898e-01,5.869315862655639648e-01,6.824656128883361816e-01,6.495574712753295898e-01,-5.738102793693542480e-01,-4.727397859096527100e-01,-6.290441751480102539e-01,-5.527905747294425964e-02,5.032537579536437988e-01
3.658509850502014160e-01,5.348252877593040466e-02,-4.018279016017913818e-01,1.929772496223449707e-01,6.657617688179016113e-01,-4.090418815612792969e-01,-6.155232712626457214e-02,6.639041900634765625e-01,3.290683031082153320e-01,3.343919813632965088e-01,-2.615844011306762695e-01,-4.895190298557281494e-01,3.010276257991790771e-01,3.643353879451751709e-01,4.314554035663604736e-01,7.245621085166931152e-01,-6.289982236921787262e-03,3.974631428718566895e-01,-3.727640509605407715e-01,-3.999192118644714355e-01,-3.269413709640502930e-01,1.014013588428497314e-01,1.778455078601837158e-01,-1.913828030228614807e-02,1.047383025288581848e-01,6.764937639236450195e-01,-4.279423654079437256e-01,-6.828575134277343750e-01,6.210237741470336914e-01,-2.940893769264221191e-01,-1.026598587632179260e-01,-5.406230092048645020e-01,9.129551053047180176e-02,4.780864417552947998e-01,-4.452051222324371338e-02,-5.921642780303955078e-01,5.151414275169372559e-01,5.198282003402709961e-01,-7.525361180305480957e-01,-5.654662251472473145e-01,5.321485400199890137e-01,8.688274025917053223e-02,3.450659215450286865e-01,2.256126552820205688e-01,4.081103578209877014e-02,-1.972055882215499878e-01,-4.586287438869476318e-01,-1.647601872682571411e-01,3.016675182152539492e-04,-1.536653637886047363e-01,-2.563371956348419189e-01,-4.173592925071716309e-01,4.087208807468414307e-01,4.923230782151222229e-02,-1.442409902811050415e-01,-6.324769854545593262e-01,3.815333545207977295e-01,2.747421897947788239e-02,-2.764632999897003174e-01,-8.305332064628601074e-02,-7.248885929584503174e-02,-7.756161969155073166e-03,1.706773182377219200e-03,4.388586282730102539e-01,8.204951882362365723e-02,-2.027456760406494141e-01,-8.740255981683731079e-02,6.614622473716735840e-01,-5.132744908332824707e-01,6.320231556892395020e-01,-6.713421344757080078e-01,-9.045185148715972900e-02,-1.200793758034706116e-01,4.276092052459716797e-01,-3.308764398097991943e-01,-6.045190691947937012e-01,-1.262957463040947914e-03,5.420013070106506348e-01,4.505651071667671204e-02,-4.960255324840545654e-01,5.415315032005310059e-01,3.952925908379256725e-04,-6.144149303436279297e-01,-6.687626708298921585e-03,-7.144170999526977539e-01,-3.694176077842712402e-01,5.929051041603088379e-01,9.613023139536380768e-03,3.092811703681945801e-01,5.054315924644470215e-01,-1.595566272735595703e-01,2.312905192375183105e-01,-2.619642913341522217e-01,8.102020621299743652e-02,-4.772001504898071289e-01,-4.110822975635528564e-01,3.584696650505065918e-01,-4.554340193863026798e-06,-5.759165287017822266e-01,5.323798656463623047e-01,-5.667205452919006348e-01,6.314316391944885254e-01,-4.834111928939819336e-01,-6.224414706230163574e-01,4.098130166530609131e-01,5.009214952588081360e-02,-1.593936830759048462e-01,-3.773376941680908203e-01,-5.635765194892883301e-01,1.512075215578079224e-02,2.103211283683776855e-01,-1.853867769241333008e-01,-4.082395136356353760e-01,-7.544337213039398193e-02,5.688926577568054199e-01,-4.853855967521667480e-01,6.352544426918029785e-01,1.182943508028984070e-01,-6.238419413566589355e-01,1.509524136781692505e-01,2.861610054969787598e-01,3.626609444618225098e-01,3.794637918472290039e-01,2.912528067827224731e-02,-3.610175848007202148e-01,-1.215328052639961243e-01,-2.056558616459369659e-02,5.126003026962280273e-01
-3.950452506542205811e-01,-9.816607460379600525e-03,-3.228887170553207397e-02,1.600911319255828857e-01,-4.090418815612792969e-01,4.445174336433410645e-01,1.502237468957901001e-02,-4.771417379379272461e-01,-1.080549061298370361e-01,-2.400670014321804047e-02,2.071938812732696533e-01,2.867429852485656738e-01,9.374280273914337158e-02,-4.369804635643959045e-02,-3.846140578389167786e-02,-3.473545014858245850e-01,-4.688240122050046921e-03,-1.174333784729242325e-02,-2.394177578389644623e-02,1.375876516103744507e-01,1.926117539405822754e-01,1.945319473743438721e-01,1.510896980762481689e-01,-1.369196474552154541e-01,-4.038562998175621033e-02,-3.582103252410888672e-01,5.703326687216758728e-02,4.604301154613494873e-01,-1.746023595333099365e-01,1.211764588952064514e-01,2.004746049642562866e-01,1.651445180177688599e-01,1.576288491487503052e-01,-1.350922584533691406e-01,2.460123971104621887e-02,1.769965291023254395e-01,-1.853604912757873535e-01,-1.299442797899246216e-01,3.849985301494598389e-01,2.804563641548156738e-01,-2.208918184041976929e-01,-5.527552217245101929e-02,8.682686835527420044e-02,-2.924405969679355621e-02,-1.954456046223640442e-02,-2.058886587619781494e-01,5.593012273311614990e-02,3.649109974503517151e-02,-9.782278537750244141e-02,1.486441344022750854e-01,2.996717393398284912e-01,3.102892637252807617e-01,-2.085574120283126831e-01,2.170922793447971344e-02,1.706996001303195953e-02,1.754208207130432129e-01,-1.904328614473342896e-01,-7.889487780630588531e-03,-8.437249064445495605e-02,-1.997924596071243286e-01,8.427014946937561035e-02,-1.632045358419418335e-01,6.141997873783111572e-03,-3.064090013504028320e-01,-1.156538799405097961e-01,5.495726689696311951e-02,3.186627924442291260e-01,-2.469309270381927490e-01,1.394794434309005737e-01,-4.453192353248596191e-01,3.023066222667694092e-01,-1.962636709213256836e-01,7.348325103521347046e-02,-4.572545364499092102e-02,2.042829692363739014e-01,1.954870074987411499e-01,-3.425586619414389133e-04,-8.653020113706588745e-02,-1.396757066249847412e-01,1.559104323387145996e-01,-1.556524634361267090e-01,-7.298151467693969607e-05,2.541744112968444824e-01,4.150955472141504288e-03,3.551396131515502930e-01,-3.829589113593101501e-02,-3.696477115154266357e-01,-4.355366807430982590e-03,8.220767602324485779e-03,-1.962310224771499634e-01,7.230740040540695190e-02,-3.342286944389343262e-01,-6.198756769299507141e-02,1.038670465350151062e-01,1.287121772766113281e-01,4.011622965335845947e-01,3.240435943007469177e-02,7.728407581453211606e-06,2.229751199483871460e-01,-2.069126814603805542e-01,3.901607096195220947e-01,-4.710053205490112305e-01,1.103067994117736816e-01,2.316916733980178833e-01,1.803640462458133698e-02,6.681716535240411758e-03,-1.711020618677139282e-01,-6.414678692817687988e-02,4.899612367153167725e-01,-1.321541611105203629e-02,1.384755969047546387e-02,-1.635839343070983887e-01,1.985024847090244293e-02,3.426889702677726746e-02,-1.155765652656555176e-01,1.423512548208236694e-01,-4.130526185035705566e-01,1.348578035831451416e-01,2.025326490402221680e-01,9.882415831089019775e-02,1.343004405498504639e-01,-7.135726511478424072e-02,-7.928061485290527344e-02,-3.008995950222015381e-01,1.348514109849929810e-01,-1.325354278087615967e-01,-3.500368446111679077e-02,-1.658843159675598145e-01
1.258936431258916855e-02,-1.235856860876083374e-02,9.282928705215454102e-02,-4.939092695713043213e-02,-6.155232712626457214e-02,1.502237468957901001e-02,4.167584329843521118e-02,-4.594480618834495544e-02,-7.900305092334747314e-02,-7.485122233629226685e-02,-3.933821618556976318e-02,5.741250142455101013e-02,-1.261776685714721680e-01,-7.403853535652160645e-02,-8.865392953157424927e-02,-1.264707893133163452e-01,2.954743569716811180e-03,-9.884276241064071655e-02,7.926094532012939453e-02,3.959388658404350281e-02,1.811173558235168457e-02,-6.731840223073959351e-02,-6.625237315893173218e-02,5.471776798367500305e-02,-1.354624610394239426e-02,-1.250663846731185913e-01,1.029890924692153931e-01,8.547289669513702393e-02,-1.168855652213096619e-01,4.826267436146736145e-02,-3.170890361070632935e-02,1.024571359157562256e-01,-2.155828662216663361e-02,-5.811302736401557922e-02,7.122500333935022354e-03,1.377535015344619751e-01,-8.820341527462005615e-02,-9.067346155643463135e-02,1.309581995010375977e-01,3.307639434933662415e-02,-7.257306575775146484e-02,2.117049135267734528e-02,-1.070684343576431274e-01,-4.371844232082366943e-02,-3.284325078129768372e-02,1.131131723523139954e-01,7.409039884805679321e-02,2.547053806483745575e-02,4.009211435914039612e-02,9.959990158677101135e-03,-9.615449234843254089e-03,3.157851472496986389e-02,-1.745034568011760712e-02,-1.766680739820003510e-02,4.974623396992683411e-02,1.177055835723876953e-01,-2.358841709792613983e-02,-4.543788731098175049e-03,8.264895528554916382e-02,3.922886773943901062e-02,-1.964139379560947418e-02,5.768996849656105042e-02,-6.475996924564242363e-04,-3.213182464241981506e-02,2.102258987724781036e-02,3.425216302275657654e-02,-8.556055277585983276e-02,-1.174766421318054199e-01,1.047089397907257080e-01,-6.417079269886016846e-02,8.460182696580886841e-02,1.017258092761039734e-01,-1.751021249219775200e-03,-9.699864685535430908e-02,5.718720611184835434e-03,9.378410130739212036e-02,7.316039409488439560e-04,-1.137247905135154724e-01,-1.873281039297580719e-02,8.866229653358459473e-02,-7.691193372011184692e-02,-7.539943180745467544e-05,8.319588005542755127e-02,5.872832261957228184e-04,8.990762382745742798e-02,1.029624417424201965e-01,-5.922081694006919861e-02,-1.804501051083207130e-03,-1.093523129820823669e-01,-6.807462126016616821e-02,-1.695762388408184052e-02,2.789978636428713799e-03,6.294371187686920166e-02,-3.296288475394248962e-02,6.945640593767166138e-02,-1.203834079205989838e-03,-8.082617074251174927e-02,-1.836148044276342262e-06,1.034480035305023193e-01,-8.514139801263809204e-02,3.005928918719291687e-02,-7.191184908151626587e-02,8.689457178115844727e-02,1.039482802152633667e-01,-9.730870276689529419e-02,7.525770366191864014e-02,5.403841659426689148e-02,1.305799335241317749e-01,3.547539561986923218e-02,-7.114904583431780338e-04,-6.166959553956985474e-02,5.417204275727272034e-02,8.502885699272155762e-02,5.942014604806900024e-02,-9.884381294250488281e-02,7.870597392320632935e-02,-8.745228499174118042e-02,-5.447945371270179749e-02,9.573714435100555420e-02,-3.951639682054519653e-02,-1.024555563926696777e-01,-4.645304009318351746e-02,-5.764301866292953491e-02,6.768675148487091064e-02,3.426637500524520874e-02,4.639399051666259766e-02,1.201741117984056473e-02,-7.280800491571426392e-02
4.421445429325103760e-01,3.385886177420616150e-02,-2.244394123554229736e-01,-4.525456577539443970e-03,6.639041900634765625e-01,-4.771417379379272461e-01,-4.594480618834495544e-02,7.466986775398254395e-01,1.492776274681091309e-01,1.939916014671325684e-01,-2.105372548103332520e-01,-4.874242246150970459e-01,1.782011389732360840e-01,2.153531461954116821e-01,2.661194205284118652e-01,6.350193023681640625e-01,-1.694371458142995834e-03,2.672654688358306885e-01,-1.796752512454986572e-01,-2.817779183387756348e-01,-1.724224388599395752e-01,-6.506122648715972900e-02,2.856737375259399414e-02,3.489683568477630615e-02,7.472913712263107300e-02,6.106252074241638184e-01,-2.851727604866027832e-01,-7.217020392417907715e-01,5.390410423278808594e-01,-2.942021489143371582e-01,-1.452013850212097168e-01,-3.497113287448883057e-01,-1.222536042332649231e-01,3.650986254215240479e-01,-5.234990268945693970e-02,-4.596367180347442627e-01,4.380400776863098145e-01,3.697289526462554932e-01,-7.302713394165039062e-01,-4.670937061309814453e-01,3.721040487289428711e-01,2.734611183404922485e-02,1.798695921897888184e-01,1.719346493482589722e-01,1.709842383861541748e-01,-3.510424494743347168e-02,-2.863659262657165527e-01,-1.362698525190353394e-01,-3.770663589239120483e-02,-2.316751629114151001e-01,-3.197210133075714111e-01,-5.607430934906005859e-01,2.753193676471710205e-01,3.545256331562995911e-02,-1.894591748714447021e-01,-4.913443028926849365e-01,3.055304586887359619e-01,2.333593927323818207e-02,-9.036673605442047119e-02,1.283475607633590698e-01,-4.071047902107238770e-02,8.113150484859943390e-03,-7.021124940365552902e-03,3.989253938198089600e-01,6.078001856803894043e-02,-1.451328396797180176e-01,-2.210450917482376099e-01,5.441731214523315430e-01,-3.716498911380767822e-01,6.904193162918090820e-01,-5.891108512878417969e-01,-8.733735978603363037e-02,-2.072456665337085724e-02,2.603364288806915283e-01,-2.272700667381286621e-01,-4.602544009685516357e-01,-1.001565251499414444e-03,3.942895829677581787e-01,1.944566071033477783e-01,-3.458361029624938965e-01,3.682338297367095947e-01,2.870071330107748508e-04,-5.231739282608032227e-01,-9.819456376135349274e-03,-6.040669679641723633e-01,-1.920158714056015015e-01,6.388477087020874023e-01,9.995074942708015442e-03,1.542878746986389160e-01,4.212790727615356445e-01,-9.422615915536880493e-02,4.415376484394073486e-01,-5.702980607748031616e-02,-9.803257137537002563e-02,-3.172714412212371826e-01,-5.315344333648681641e-01,2.478295117616653442e-01,-6.942292202438693494e-06,-5.077901482582092285e-01,4.390667676925659180e-01,-6.116436123847961426e-01,6.977605819702148438e-01,-2.974368035793304443e-01,-5.126391053199768066e-01,1.847344338893890381e-01,-2.584149502217769623e-02,9.497408568859100342e-02,-2.089752256870269775e-01,-6.553853750228881836e-01,2.894455939531326294e-02,1.759771816432476044e-02,2.348487265408039093e-02,-2.286209315061569214e-01,-1.439652144908905029e-01,4.290847778320312500e-01,-3.316709101200103760e-01,6.711512804031372070e-01,5.085469409823417664e-02,-4.931836426258087158e-01,-3.435580432415008545e-02,1.311168819665908813e-01,1.771356016397476196e-01,2.059158384799957275e-01,2.234736382961273193e-01,-2.715281844139099121e-01,6.692134588956832886e-02,-1.180156366899609566e-03,4.131633043289184570e-01
3.994832932949066162e-02,7.288414984941482544e-02,-5.951772332191467285e-01,5.800757408142089844e-01,3.290683031082153320e-01,-1.080549061298370361e-01,-7.900305092334747314e-02,1.492776274681091309e-01,6.571568846702575684e-01,4.909137487411499023e-01,-2.942744493484497070e-01,-3.178281784057617188e-01,3.661243021488189697e-01,5.882852077484130859e-01,6.334471702575683594e-01,5.688101649284362793e-01,-1.090466789901256561e-02,4.547244906425476074e-01,-6.170162558555603027e-01,-5.297562479972839355e-01,-6.146085262298583984e-01,4.505695998668670654e-01,4.003850519657135010e-01,-1.120979189872741699e-01,1.397988945245742798e-01,4.880144894123077393e-01,-5.755622386932373047e-01,-2.329666018486022949e-01,4.658001065254211426e-01,-1.077053695917129517e-01,-1.781768165528774261e-02,-7.665191888809204102e-01,5.345136523246765137e-01,5.501245260238647461e-01,-7.362447213381528854e-03,-6.056048870086669922e-01,4.568926393985748291e-01,6.194167733192443848e-01,-3.783834874629974365e-01,-5.685193538665771484e-01,6.770150065422058105e-01,2.182009667158126831e-01,5.188747048377990723e-01,2.383229434490203857e-01,-2.904016971588134766e-01,-4.601629674434661865e-01,-6.421403884887695312e-01,-1.404357701539993286e-01,1.556526720523834229e-01,1.742828637361526489e-02,-5.831998959183692932e-02,1.292036026716232300e-01,5.787534713745117188e-01,2.987954579293727875e-02,8.049584925174713135e-02,-6.370606422424316406e-01,4.522471427917480469e-01,2.521756105124950409e-02,-5.243011713027954102e-01,-5.533366799354553223e-01,-1.492644548416137695e-01,4.812828823924064636e-02,2.187269367277622223e-02,3.264902830123901367e-01,1.142012625932693481e-01,-2.522687315940856934e-01,1.784194558858871460e-01,5.892350077629089355e-01,-6.238534450531005859e-01,1.753177046775817871e-01,-5.320584774017333984e-01,2.911664545536041260e-03,-3.674409389495849609e-01,6.393557190895080566e-01,-4.179767966270446777e-01,-6.244382858276367188e-01,-9.880658471956849098e-04,6.168681979179382324e-01,-3.520158231258392334e-01,-6.304671168327331543e-01,6.970180273056030273e-01,5.046862643212080002e-04,-5.425914525985717773e-01,5.252047907561063766e-03,-6.050372123718261719e-01,-6.115346550941467285e-01,1.881822645664215088e-01,4.194575361907482147e-03,5.142008066177368164e-01,5.026801228523254395e-01,-2.401866465806961060e-01,-3.375791311264038086e-01,-6.284998059272766113e-01,5.143260359764099121e-01,-6.206130385398864746e-01,4.705176874995231628e-02,3.581959307193756104e-01,3.149587882944615558e-06,-4.681296944618225098e-01,4.525116980075836182e-01,-2.383830696344375610e-01,1.722144782543182373e-01,-7.183766365051269531e-01,-5.762941241264343262e-01,7.283314466476440430e-01,2.507989704608917236e-01,-6.849456429481506348e-01,-5.467418432235717773e-01,-1.079421639442443848e-01,-2.726445533335208893e-02,6.462108492851257324e-01,-5.954423546791076660e-01,-6.447619795799255371e-01,2.186152338981628418e-01,5.957272052764892578e-01,-6.234955191612243652e-01,2.430834174156188965e-01,1.749846786260604858e-01,-6.135679483413696289e-01,5.198526382446289062e-01,4.374219477176666260e-01,6.576861739158630371e-01,6.378124356269836426e-01,-3.848846852779388428e-01,-4.769850671291351318e-01,-5.169985890388488770e-01,-2.429621107876300812e-02,5.089601278305053711e-01
-1.441437657922506332e-02,6.623123586177825928e-02,-6.201126575469970703e-01,5.214416384696960449e-01,3.343919813632965088e-01,-2.400670014321804047e-02,-7.485122233629226685e-02,1.939916014671325684e-01,4.909137487411499023e-01,4.833454489707946777e-01,-1.261996775865554810e-01,-2.852730751037597656e-01,5.043933391571044922e-01,5.285564064979553223e-01,6.071565151214599609e-01,6.040540337562561035e-01,-1.449691876769065857e-02,4.975533485412597656e-01,-6.049507260322570801e-01,-4.506528675556182861e-01,-3.995625078678131104e-01,4.260099828243255615e-01,4.409447610378265381e-01,-1.929318904876708984e-01,1.116001084446907043e-01,5.288267731666564941e-01,-5.890111923217773438e-01,-3.009896576404571533e-01,5.922664999961853027e-01,-2.045269161462783813e-01,1.002514809370040894e-01,-7.021019458770751953e-01,4.257965385913848877e-01,5.219322443008422852e-01,-1.830265671014785767e-02,-6.621287465095520020e-01,4.640021324157714844e-01,5.992555618286132812e-01,-5.077098011970520020e-01,-4.685674607753753662e-01,5.545886158943176270e-01,1.022517681121826172e-01,5.868719816207885742e-01,2.569694221019744873e-01,-1.116471141576766968e-01,-5.572692155838012695e-01,-6.014922857284545898e-01,-1.419591903686523438e-01,-1.290196320042014122e-03,5.760521162301301956e-04,2.367679588496685028e-02,-2.024076879024505615e-02,4.084348976612091064e-01,7.701468467712402344e-02,-7.458975911140441895e-02,-6.933273077011108398e-01,3.158579170703887939e-01,2.506516128778457642e-02,-5.301735401153564453e-01,-4.589419364929199219e-01,-5.354728922247886658e-02,-1.043357998132705688e-01,1.607491821050643921e-02,2.644810378551483154e-01,1.025779824703931808e-02,-2.246424257755279541e-01,2.913827300071716309e-01,6.310410499572753906e-01,-6.075645685195922852e-01,2.360973507165908813e-01,-5.394623875617980957e-01,-2.578396797180175781e-01,-2.026251107454299927e-01,6.043038368225097656e-01,-2.653205096721649170e-01,-6.232249140739440918e-01,-1.890729414299130440e-03,6.706392765045166016e-01,-1.948869675397872925e-01,-5.731992721557617188e-01,6.412018537521362305e-01,4.699530836660414934e-04,-5.392069816589355469e-01,-1.789144153008237481e-04,-5.784491896629333496e-01,-6.153761148452758789e-01,2.661081552505493164e-01,5.921830423176288605e-03,5.303960442543029785e-01,4.528883397579193115e-01,-1.363264769315719604e-01,-2.458405047655105591e-01,-5.434700250625610352e-01,3.813405632972717285e-01,-5.560783147811889648e-01,2.785145863890647888e-02,4.465141594409942627e-01,3.691935717142769136e-06,-4.954389929771423340e-01,4.487223327159881592e-01,-2.343763858079910278e-01,2.305482327938079834e-01,-6.355722546577453613e-01,-5.873771905899047852e-01,7.162129878997802734e-01,7.979372888803482056e-02,-5.915860533714294434e-01,-6.181740760803222656e-01,-9.251473098993301392e-02,-1.301274914294481277e-02,4.940650165081024170e-01,-5.564058423042297363e-01,-5.847236514091491699e-01,6.640938669443130493e-02,6.308957338333129883e-01,-5.644838809967041016e-01,3.059792220592498779e-01,2.611052393913269043e-01,-6.237874627113342285e-01,4.194202721118927002e-01,5.380384922027587891e-01,5.233883261680603027e-01,5.326154828071594238e-01,-3.968781828880310059e-01,-3.839719295501708984e-01,-4.372228682041168213e-01,-5.479267612099647522e-02,4.940349757671356201e-01
-2.213842570781707764e-01,-2.168976701796054840e-02,1.843592077493667603e-01,-2.624850571155548096e-01,-2.615844011306762695e-01,2.071938812732696533e-01,-3.933821618556976318e-02,-2.105372548103332520e-01,-2.942744493484497070e-01,-1.261996775865554810e-01,4.445136189460754395e-01,1.910511106252670288e-01,1.153009459376335144e-01,-2.294024676084518433e-01,-2.476254701614379883e-01,-2.306967824697494507e-01,-2.935567870736122131e-03,-9.657333046197891235e-02,2.432054877281188965e-01,3.066539466381072998e-01,4.647535085678100586e-01,-6.704393029212951660e-02,-3.971314802765846252e-02,-1.374470740556716919e-01,-7.738906145095825195e-02,-1.521117687225341797e-01,1.366179734468460083e-01,1.288913190364837646e-01,-1.100863814353942871e-01,-3.078002296388149261e-02,2.105722129344940186e-01,3.624967634677886963e-01,-2.891927361488342285e-01,-3.007504045963287354e-01,-4.690256901085376740e-03,1.344567090272903442e-01,-1.592093259096145630e-01,-2.722103893756866455e-01,1.012209206819534302e-01,4.610328376293182373e-01,-4.231756925582885742e-01,-2.459946125745773315e-01,-6.189511343836784363e-02,-5.955724045634269714e-02,2.946592867374420166e-01,-7.438536733388900757e-02,3.291540443897247314e-01,7.008612155914306641e-02,-2.498567253351211548e-01,-2.172587905079126358e-03,1.972794234752655029e-01,-5.497025698423385620e-02,-4.736261963844299316e-01,4.823898896574974060e-02,-1.939137578010559082e-01,2.420628219842910767e-01,-3.601669967174530029e-01,-1.000342704355716705e-02,1.256788969039916992e-01,2.424402385950088501e-01,1.903329789638519287e-01,-2.306001037359237671e-01,-1.062644366174936295e-02,-2.502360045909881592e-01,-1.962522715330123901e-01,1.094151884317398071e-01,2.471300363540649414e-01,-2.275563627481460571e-01,2.165487855672836304e-01,-1.321902275085449219e-01,3.090952634811401367e-01,-4.008305370807647705e-01,2.803827822208404541e-01,-2.317544221878051758e-01,3.908242881298065186e-01,3.105214834213256836e-01,-1.604368910193443298e-03,-1.926064640283584595e-01,2.874918580055236816e-01,2.795326411724090576e-01,-4.026973843574523926e-01,-1.783181360224261880e-04,2.765596508979797363e-01,-4.713069647550582886e-03,3.845781981945037842e-01,1.525469869375228882e-01,-1.094774603843688965e-01,5.408652577898465097e-05,-2.844033390283584595e-02,-2.629298269748687744e-01,2.837058305740356445e-01,9.800068289041519165e-02,2.750599384307861328e-01,-2.241247594356536865e-01,3.379176557064056396e-01,1.368606984615325928e-01,-6.369251757860183716e-02,5.311470886226743460e-06,1.463908553123474121e-01,-2.102209329605102539e-01,2.503333687782287598e-01,-1.075842157006263733e-01,3.688915371894836426e-01,2.514113485813140869e-01,-2.802076637744903564e-01,-4.518428742885589600e-01,3.179126679897308350e-01,4.232311621308326721e-02,1.917757391929626465e-01,1.343900989741086960e-02,-2.754582464694976807e-01,2.218854725360870361e-01,2.972943186759948730e-01,-2.837547659873962402e-01,-2.573138475418090820e-01,3.026133775711059570e-01,-9.031684696674346924e-02,5.146332457661628723e-02,3.046419024467468262e-01,-2.301058620214462280e-01,1.708544150460511446e-04,-4.001589715480804443e-01,-3.343142271041870117e-01,-2.432026900351047516e-02,2.972670793533325195e-01,1.785515248775482178e-01,-2.716996148228645325e-02,-2.427451908588409424e-01
-2.283154278993606567e-01,-3.895646333694458008e-02,3.566451072692871094e-01,-2.134701311588287354e-01,-4.895190298557281494e-01,2.867429852485656738e-01,5.741250142455101013e-02,-4.874242246150970459e-01,-3.178281784057617188e-01,-2.852730751037597656e-01,1.910511106252670288e-01,4.081450998783111572e-01,-2.242166101932525635e-01,-3.748165667057037354e-01,-4.124048948287963867e-01,-6.286450624465942383e-01,3.901822958141565323e-03,-2.828131616115570068e-01,3.266735076904296875e-01,3.794863522052764893e-01,3.267352581024169922e-01,-1.425244957208633423e-01,-1.684100478887557983e-01,2.972676977515220642e-02,-9.483014792203903198e-02,-5.604261755943298340e-01,4.175487458705902100e-01,5.069636106491088867e-01,-5.362990498542785645e-01,2.008853852748870850e-01,8.942884951829910278e-02,5.421451330184936523e-01,-8.973708003759384155e-02,-4.635253548622131348e-01,3.509449586272239685e-02,5.329397320747375488e-01,-4.123846292495727539e-01,-4.572028815746307373e-01,6.166528463363647461e-01,4.889468252658843994e-01,-4.545541107654571533e-01,-8.210187405347824097e-02,-2.906141579151153564e-01,-1.843872517347335815e-01,-3.058179095387458801e-02,2.249233275651931763e-01,4.131956994533538818e-01,1.059557721018791199e-01,-3.855282813310623169e-02,2.003891617059707642e-01,2.247225940227508545e-01,3.053127527236938477e-01,-3.615971207618713379e-01,-2.831536345183849335e-02,8.528213202953338623e-02,5.708884596824645996e-01,-3.464111387729644775e-01,-2.291016094386577606e-02,2.170393913984298706e-01,1.252724826335906982e-01,6.698382645845413208e-02,-4.860297217965126038e-02,-3.591763321310281754e-03,-3.183258175849914551e-01,-5.325828492641448975e-02,1.716878116130828857e-01,8.402922004461288452e-02,-5.631327629089355469e-01,4.700390398502349854e-01,-4.721823930740356445e-01,5.547373294830322266e-01,1.020080074667930603e-01,1.597173511981964111e-01,-4.149044156074523926e-01,2.181318998336791992e-01,4.946609437465667725e-01,9.610936394892632961e-04,-5.095325112342834473e-01,-1.189853250980377197e-02,4.632423818111419678e-01,-4.999091923236846924e-01,-3.846981853712350130e-04,5.303148627281188965e-01,4.310222342610359192e-03,5.818749666213989258e-01,3.665081262588500977e-01,-4.385184347629547119e-01,-7.277992554008960724e-03,-2.928000688552856445e-01,-4.319537281990051270e-01,9.994528442621231079e-02,-1.634427458047866821e-01,2.579424679279327393e-01,-1.511188447475433350e-01,3.984192609786987305e-01,2.708842456340789795e-01,-2.255259603261947632e-01,1.539699383101833519e-06,4.768848717212677002e-01,-3.744125962257385254e-01,4.709591567516326904e-01,-4.899462461471557617e-01,4.632962346076965332e-01,5.325679779052734375e-01,-3.949210941791534424e-01,-5.962700024247169495e-02,1.830607354640960693e-01,3.237081766128540039e-01,3.997683525085449219e-01,-5.653900094330310822e-03,-2.798751592636108398e-01,2.228260040283203125e-01,3.744397461414337158e-01,-5.671821162104606628e-02,-4.878035485744476318e-01,4.261229634284973145e-01,-4.927893280982971191e-01,-8.791273087263107300e-02,5.300124883651733398e-01,-1.641791015863418579e-01,-2.203789055347442627e-01,-3.416373431682586670e-01,-3.568815588951110840e-01,-7.053089328110218048e-03,3.827860653400421143e-01,1.612984091043472290e-01,-6.219256203621625900e-03,-4.146699905395507812e-01
