9.999979734420776367e-01,-9.999983310699462891e-01,-9.999936223030090332e-01,9.999964833259582520e-01,9.999986886978149414e-01,-9.999985694885253906e-01,9.999935626983642578e-01,9.999989271163940430e-01,-9.999887943267822266e-01,9.999983310699462891e-01,-9.999986290931701660e-01,-9.999987483024597168e-01,9.999975562095642090e-01,9.999982118606567383e-01,9.999956488609313965e-01,9.999905824661254883e-01,9.999973177909851074e-01,-9.999971985816955566e-01,9.999908804893493652e-01,-9.999990463256835938e-01,-9.999988675117492676e-01,9.999939203262329102e-01,9.999985098838806152e-01,9.999962449073791504e-01,9.999898076057434082e-01,9.999986886978149414e-01,-9.999978542327880859e-01,-9.999987483024597168e-01,9.999919533729553223e-01,-9.999965429306030273e-01,-9.999887347221374512e-01,-9.999977350234985352e-01,9.999789595603942871e-01,9.999934434890747070e-01,-9.999977946281433105e-01,9.999520182609558105e-01,9.999987483024597168e-01,9.999983906745910645e-01,9.999733567237854004e-01,-9.999987483024597168e-01,9.999984502792358398e-01,9.999922513961791992e-01,9.999777674674987793e-01,9.999988079071044922e-01,9.999979734420776367e-01,9.999975562095642090e-01,-9.999930262565612793e-01,9.999986290931701660e-01,9.999983310699462891e-01,-9.999983906745910645e-01,-9.999986290931701660e-01,-9.999985694885253906e-01,-9.999985694885253906e-01,-9.999923706054687500e-01,-9.999985098838806152e-01,-9.999977350234985352e-01,9.999860525131225586e-01,9.999954104423522949e-01,9.999922513961791992e-01,9.999980330467224121e-01,-9.999981522560119629e-01,9.999986886978149414e-01,9.999980330467224121e-01,9.999954700469970703e-01,-9.999912977218627930e-01,-9.999987483024597168e-01,-9.999989271163940430e-01,-9.999945759773254395e-01,-9.999988079071044922e-01,9.999978542327880859e-01,-9.999986886978149414e-01,9.999929070472717285e-01,-9.999958872795104980e-01,-9.999933838844299316e-01,-9.999858140945434570e-01,-9.999982714653015137e-01,9.999894499778747559e-01,9.999986886978149414e-01,-9.999909996986389160e-01,-9.999945759773254395e-01,9.999929666519165039e-01,9.999973177909851074e-01,-9.999985694885253906e-01,9.999979138374328613e-01,-9.999981522560119629e-01,-9.999769330024719238e-01,-9.999718070030212402e-01,9.999988675117492676e-01,9.999924302101135254e-01,9.999930262565612793e-01,-9.999908208847045898e-01,9.999982118606567383e-01,-9.999859333038330078e-01,-9.999967813491821289e-01,9.999966025352478027e-01,-9.999978542327880859e-01,-9.999847412109375000e-01,9.999988675117492676e-01,-9.999986290931701660e-01,9.999971389770507812e-01,-9.999967217445373535e-01,9.999987483024597168e-01,9.999589323997497559e-01,9.999584555625915527e-01,9.999985694885253906e-01,9.999939203262329102e-01,-9.999786615371704102e-01,-9.999983310699462891e-01,-9.999936223030090332e-01,9.999983906745910645e-01,-9.999984502792358398e-01,9.999967813491821289e-01,-9.999979138374328613e-01,-9.999045729637145996e-01,9.999988675117492676e-01,-9.999958276748657227e-01,9.999989271163940430e-01,-9.999974966049194336e-01,-9.999951124191284180e-01,-9.999947547912597656e-01,-9.999979734420776367e-01,9.999966025352478027e-01,9.999969005584716797e-01,-9.999962449073791504e-01,-9.999908208847045898e-01,-9.999936819076538086e-01,-9.999169707298278809e-01,-9.999863505363464355e-01
-9.999983310699462891e-01,9.999985098838806152e-01,9.999944567680358887e-01,-9.999969601631164551e-01,-9.999989867210388184e-01,9.999987483024597168e-01,-9.999945163726806641e-01,-9.999990463256835938e-01,9.999903440475463867e-01,-9.999985694885253906e-01,9.999988079071044922e-01,9.999989867210388184e-01,-9.999979734420776367e-01,-9.999985694885253906e-01,-9.999963045120239258e-01,-9.999918937683105469e-01,-9.999977350234985352e-01,9.999975562095642090e-01,-9.999921917915344238e-01,9.999991655349731445e-01,9.999990463256835938e-01,-9.999947547912597656e-01,-9.999986886978149414e-01,-9.999967813491821289e-01,-9.999912977218627930e-01,-9.999989271163940430e-01,9.999982714653015137e-01,9.999988675117492676e-01,-9.999930262565612793e-01,9.999970793724060059e-01,9.999903440475463867e-01,9.999980330467224121e-01,-9.999818801879882812e-01,-9.999943971633911133e-01,9.999981522560119629e-01,-9.999586939811706543e-01,-9.999990463256835938e-01,-9.999985694885253906e-01,-9.999769330024719238e-01,9.999989271163940430e-01,-9.999986886978149414e-01,-9.999933242797851562e-01,-9.999809265136718750e-01,-9.999991059303283691e-01,-9.999982118606567383e-01,-9.999979138374328613e-01,9.999939799308776855e-01,-9.999988079071044922e-01,-9.999986290931701660e-01,9.999986290931701660e-01,9.999988079071044922e-01,9.999987483024597168e-01,9.999987483024597168e-01,9.999935626983642578e-01,9.999987483024597168e-01,9.999980926513671875e-01,-9.999879598617553711e-01,-9.999960064888000488e-01,-9.999933242797851562e-01,-9.999983310699462891e-01,9.999984502792358398e-01,-9.999989271163940430e-01,-9.999983310699462891e-01,-9.999960064888000488e-01,9.999924302101135254e-01,9.999989867210388184e-01,9.999990463256835938e-01,9.999954104423522949e-01,9.999991059303283691e-01,-9.999982118606567383e-01,9.999988675117492676e-01,-9.999938607215881348e-01,9.999964237213134766e-01,9.999942779541015625e-01,9.999878406524658203e-01,9.999986290931701660e-01,-9.999908208847045898e-01,-9.999988675117492676e-01,9.999921917915344238e-01,9.999952912330627441e-01,-9.999940395355224609e-01,-9.999977350234985352e-01,9.999988079071044922e-01,-9.999982714653015137e-01,9.999983310699462891e-01,9.999802112579345703e-01,9.999756813049316406e-01,-9.999990463256835938e-01,-9.999935626983642578e-01,-9.999939799308776855e-01,9.999921321868896484e-01,-9.999984502792358398e-01,9.999878406524658203e-01,9.999973773956298828e-01,-9.999969601631164551e-01,9.999981522560119629e-01,9.999867677688598633e-01,-9.999991059303283691e-01,9.999988675117492676e-01,-9.999974966049194336e-01,9.999971389770507812e-01,-9.999990463256835938e-01,-9.999645948410034180e-01,-9.999641776084899902e-01,-9.999988079071044922e-01,-9.999948143959045410e-01,9.999815225601196289e-01,9.999985694885253906e-01,9.999945163726806641e-01,-9.999986290931701660e-01,9.999986290931701660e-01,-9.999973177909851074e-01,9.999982118606567383e-01,9.999178051948547363e-01,-9.999991059303283691e-01,9.999965429306030273e-01,-9.999989867210388184e-01,9.999979138374328613e-01,9.999958276748657227e-01,9.999954700469970703e-01,9.999982714653015137e-01,-9.999970793724060059e-01,-9.999973177909851074e-01,9.999966621398925781e-01,9.999921321868896484e-01,9.999945163726806641e-01,9.999284148216247559e-01,9.999883174896240234e-01
-9.999936223030090332e-01,9.999944567680358887e-01,9.999781250953674316e-01,-9.999882578849792480e-01,-9.999957680702209473e-01,9.999953508377075195e-01,-9.999781847000122070e-01,-9.999963641166687012e-01,9.999619722366333008e-01,-9.999946951866149902e-01,9.999955296516418457e-01,9.999959468841552734e-01,-9.999918937683105469e-01,-9.999939799308776855e-01,-9.999855756759643555e-01,-9.999681115150451660e-01,-9.999911785125732422e-01,9.999908208847045898e-01,-9.999691247940063477e-01,9.999966025352478027e-01,9.999960660934448242e-01,-9.999794960021972656e-01,-9.999949336051940918e-01,-9.999874234199523926e-01,-9.999654889106750488e-01,-9.999958276748657227e-01,9.999932646751403809e-01,9.999956488609313965e-01,-9.999725222587585449e-01,9.999886751174926758e-01,9.999617338180541992e-01,9.999924898147583008e-01,-9.999281764030456543e-01,-9.999778270721435547e-01,9.999925494194030762e-01,-9.998365044593811035e-01,-9.999959468841552734e-01,-9.999945163726806641e-01,-9.999088048934936523e-01,9.999958872795104980e-01,-9.999948143959045410e-01,-9.999735951423645020e-01,-9.999243021011352539e-01,-9.999961256980895996e-01,-9.999930858612060547e-01,-9.999918937683105469e-01,9.999765157699584961e-01,-9.999954104423522949e-01,-9.999946355819702148e-01,9.999946355819702148e-01,9.999957084655761719e-01,9.999951124191284180e-01,9.999951720237731934e-01,9.999744296073913574e-01,9.999951124191284180e-01,9.999926686286926270e-01,-9.999526143074035645e-01,-9.999843835830688477e-01,-9.999738335609436035e-01,-9.999934434890747070e-01,9.999938607215881348e-01,-9.999958872795104980e-01,-9.999938607215881348e-01,-9.999844431877136230e-01,9.999704957008361816e-01,9.999959468841552734e-01,9.999963641166687012e-01,9.999817609786987305e-01,9.999962449073791504e-01,-9.999929070472717285e-01,9.999957084655761719e-01,-9.999757409095764160e-01,9.999864697456359863e-01,9.999774694442749023e-01,9.999518394470214844e-01,9.999945759773254395e-01,-9.999638795852661133e-01,-9.999954700469970703e-01,9.999694824218750000e-01,9.999815225601196289e-01,-9.999763369560241699e-01,-9.999909996986389160e-01,9.999956488609313965e-01,-9.999932050704956055e-01,9.999938607215881348e-01,9.999214410781860352e-01,9.999039173126220703e-01,-9.999960660934448242e-01,-9.999744892120361328e-01,-9.999762177467346191e-01,9.999689459800720215e-01,-9.999939203262329102e-01,9.999521374702453613e-01,9.999893903732299805e-01,-9.999881386756896973e-01,9.999927878379821777e-01,9.999478459358215332e-01,-9.999963045120239258e-01,9.999955296516418457e-01,-9.999904632568359375e-01,9.999890923500061035e-01,-9.999961256980895996e-01,-9.998598098754882812e-01,-9.998584389686584473e-01,-9.999952912330627441e-01,-9.999794363975524902e-01,9.999268054962158203e-01,9.999943971633911133e-01,9.999785423278808594e-01,-9.999947547912597656e-01,9.999947547912597656e-01,-9.999892711639404297e-01,9.999930858612060547e-01,9.996746778488159180e-01,-9.999964237213134766e-01,9.999864697456359863e-01,-9.999962449073791504e-01,9.999918937683105469e-01,9.999833703041076660e-01,9.999822974205017090e-01,9.999932646751403809e-01,-9.999885559082031250e-01,-9.999895095825195312e-01,9.999873042106628418e-01,9.999689459800720215e-01,9.999783635139465332e-01,9.997166395187377930e-01,9.999533891677856445e-01
9.999964833259582520e-01,-9.999969601631164551e-01,-9.999882578849792480e-01,9.999935626983642578e-01,9.999977350234985352e-01,-9.999974966049194336e-01,9.999882578849792480e-01,9.999980926513671875e-01,-9.999794960021972656e-01,9.999970793724060059e-01,-9.999975562095642090e-01,-9.999979138374328613e-01,9.999956488609313965e-01,9.999967813491821289e-01,9.999921917915344238e-01,9.999827146530151367e-01,9.999952316284179688e-01,-9.999949932098388672e-01,9.999832510948181152e-01,-9.999981522560119629e-01,-9.999979138374328613e-01,9.999889731407165527e-01,9.999971985816955566e-01,9.999932646751403809e-01,9.999812841415405273e-01,9.999977350234985352e-01,-9.999963045120239258e-01,-9.999976158142089844e-01,9.999851584434509277e-01,-9.999939799308776855e-01,-9.999793171882629395e-01,-9.999959468841552734e-01,9.999611377716064453e-01,9.999880194664001465e-01,-9.999960064888000488e-01,9.999113678932189941e-01,9.999978542327880859e-01,9.999969601631164551e-01,9.999507069587707520e-01,-9.999977946281433105e-01,9.999972581863403320e-01,9.999856948852539062e-01,9.999589920043945312e-01,9.999979734420776367e-01,9.999961853027343750e-01,9.999956488609313965e-01,-9.999872446060180664e-01,9.999974966049194336e-01,9.999970793724060059e-01,-9.999970197677612305e-01,-9.999975562095642090e-01,-9.999973177909851074e-01,-9.999973177909851074e-01,-9.999861121177673340e-01,-9.999973773956298828e-01,-9.999959468841552734e-01,9.999743103981018066e-01,9.999915361404418945e-01,9.999858736991882324e-01,9.999964833259582520e-01,-9.999966025352478027e-01,9.999977350234985352e-01,9.999966025352478027e-01,9.999916553497314453e-01,-9.999840259552001953e-01,-9.999977946281433105e-01,-9.999980926513671875e-01,-9.999901056289672852e-01,-9.999979734420776367e-01,9.999962449073791504e-01,-9.999976754188537598e-01,9.999868273735046387e-01,-9.999925494194030762e-01,-9.999879002571105957e-01,-9.999739527702331543e-01,-9.999970197677612305e-01,9.999804496765136719e-01,9.999976158142089844e-01,-9.999834895133972168e-01,-9.999899268150329590e-01,9.999871850013732910e-01,9.999951720237731934e-01,-9.999976158142089844e-01,9.999962449073791504e-01,-9.999966025352478027e-01,-9.999575018882751465e-01,-9.999479651451110840e-01,9.999979138374328613e-01,9.999861717224121094e-01,9.999872446060180664e-01,-9.999831914901733398e-01,9.999967217445373535e-01,-9.999741315841674805e-01,-9.999943375587463379e-01,9.999936819076538086e-01,-9.999960064888000488e-01,-9.999718070030212402e-01,9.999979734420776367e-01,-9.999975562095642090e-01,9.999948143959045410e-01,-9.999941587448120117e-01,9.999978542327880859e-01,9.999240040779113770e-01,9.999233484268188477e-01,9.999974966049194336e-01,9.999889135360717773e-01,-9.999603629112243652e-01,-9.999970197677612305e-01,-9.999883770942687988e-01,9.999970793724060059e-01,-9.999970793724060059e-01,9.999941587448120117e-01,-9.999961853027343750e-01,-9.998238086700439453e-01,9.999980330467224121e-01,-9.999926686286926270e-01,9.999980926513671875e-01,-9.999955892562866211e-01,-9.999910593032836914e-01,-9.999904036521911621e-01,-9.999963045120239258e-01,9.999938011169433594e-01,9.999943375587463379e-01,-9.999931454658508301e-01,-9.999831914901733398e-01,-9.999882578849792480e-01,-9.998465180397033691e-01,-9.999747872352600098e-01
9.999986886978149414e-01,-9.999989867210388184e-01,-9.999957680702209473e-01,9.999977350234985352e-01,9.999992847442626953e-01,-9.999991655349731445e-01,9.999957680702209473e-01,9.999993443489074707e-01,-9.999926090240478516e-01,9.999989271163940430e-01,-9.999991655349731445e-01,-9.999992847442626953e-01,9.999984502792358398e-01,9.999988675117492676e-01,9.999971389770507812e-01,9.999938011169433594e-01,9.999982714653015137e-01,-9.999982118606567383e-01,9.999939799308776855e-01,-9.999994635581970215e-01,-9.999993443489074707e-01,9.999959468841552734e-01,9.999990463256835938e-01,9.999976754188537598e-01,9.999932646751403809e-01,9.999992251396179199e-01,-9.999986886978149414e-01,-9.999992847442626953e-01,9.999946355819702148e-01,-9.999977946281433105e-01,-9.999926090240478516e-01,-9.999985694885253906e-01,9.999861717224121094e-01,9.999957680702209473e-01,-9.999985694885253906e-01,9.999682903289794922e-01,9.999992847442626953e-01,9.999989867210388184e-01,9.999822974205017090e-01,-9.999993443489074707e-01,9.999990463256835938e-01,9.999949336051940918e-01,9.999853372573852539e-01,9.999992847442626953e-01,9.999987483024597168e-01,9.999983906745910645e-01,-9.999954104423522949e-01,9.999991655349731445e-01,9.999989867210388184e-01,-9.999989867210388184e-01,-9.999991059303283691e-01,-9.999991059303283691e-01,-9.999992251396179199e-01,-9.999950528144836426e-01,-9.999992251396179199e-01,-9.999985694885253906e-01,9.999907612800598145e-01,9.999969601631164551e-01,9.999948740005493164e-01,9.999986886978149414e-01,-9.999988079071044922e-01,9.999992251396179199e-01,9.999988079071044922e-01,9.999969601631164551e-01,-9.999942779541015625e-01,-9.999993443489074707e-01,-9.999993443489074707e-01,-9.999964237213134766e-01,-9.999992847442626953e-01,9.999986886978149414e-01,-9.999992251396179199e-01,9.999953508377075195e-01,-9.999973177909851074e-01,-9.999957084655761719e-01,-9.999906420707702637e-01,-9.999989271163940430e-01,9.999929666519165039e-01,9.999992847442626953e-01,-9.999939799308776855e-01,-9.999964237213134766e-01,9.999954700469970703e-01,9.999983310699462891e-01,-9.999991655349731445e-01,9.999986290931701660e-01,-9.999988079071044922e-01,-9.999847412109375000e-01,-9.999813437461853027e-01,9.999992847442626953e-01,9.999950528144836426e-01,9.999954700469970703e-01,-9.999939799308776855e-01,9.999988079071044922e-01,-9.999907016754150391e-01,-9.999979734420776367e-01,9.999977350234985352e-01,-9.999985694885253906e-01,-9.999898672103881836e-01,9.999993443489074707e-01,-9.999991655349731445e-01,9.999980926513671875e-01,-9.999978542327880859e-01,9.999993443489074707e-01,9.999728202819824219e-01,9.999725222587585449e-01,9.999992251396179199e-01,9.999959468841552734e-01,-9.999858736991882324e-01,-9.999989867210388184e-01,-9.999957680702209473e-01,9.999990463256835938e-01,-9.999990463256835938e-01,9.999979138374328613e-01,-9.999986886978149414e-01,-9.999367594718933105e-01,9.999993443489074707e-01,-9.999973177909851074e-01,9.999994039535522461e-01,-9.999983906745910645e-01,-9.999968409538269043e-01,-9.999964833259582520e-01,-9.999986886978149414e-01,9.999977350234985352e-01,9.999979734420776367e-01,-9.999974966049194336e-01,-9.999938607215881348e-01,-9.999958276748657227e-01,-9.999450445175170898e-01,-9.999911189079284668e-01
-9.999985694885253906e-01,9.999987483024597168e-01,9.999953508377075195e-01,-9.999974966049194336e-01,-9.999991655349731445e-01,9.999991059303283691e-01,-9.999954104423522949e-01,-9.999992847442626953e-01,9.999919533729553223e-01,-9.999988675117492676e-01,9.999991059303283691e-01,9.999992251396179199e-01,-9.999982714653015137e-01,-9.999987483024597168e-01,-9.999968409538269043e-01,-9.999933242797851562e-01,-9.999981522560119629e-01,9.999979138374328613e-01,-9.999935626983642578e-01,9.999993443489074707e-01,9.999992251396179199e-01,-9.999957084655761719e-01,-9.999988675117492676e-01,-9.999973177909851074e-01,-9.999927878379821777e-01,-9.999990463256835938e-01,9.999985098838806152e-01,9.999991059303283691e-01,-9.999942183494567871e-01,9.999976158142089844e-01,9.999918937683105469e-01,9.999983906745910645e-01,-9.999850392341613770e-01,-9.999953508377075195e-01,9.999983906745910645e-01,-9.999657869338989258e-01,-9.999991059303283691e-01,-9.999988675117492676e-01,-9.999809861183166504e-01,9.999991655349731445e-01,-9.999989271163940430e-01,-9.999944567680358887e-01,-9.999842047691345215e-01,-9.999992251396179199e-01,-9.999985694885253906e-01,-9.999982118606567383e-01,9.999949932098388672e-01,-9.999991059303283691e-01,-9.999988079071044922e-01,9.999988675117492676e-01,9.999990463256835938e-01,9.999989867210388184e-01,9.999989867210388184e-01,9.999945759773254395e-01,9.999989271163940430e-01,9.999984502792358398e-01,-9.999901652336120605e-01,-9.999966025352478027e-01,-9.999944567680358887e-01,-9.999986290931701660e-01,9.999986886978149414e-01,-9.999991655349731445e-01,-9.999986886978149414e-01,-9.999967217445373535e-01,9.999937415122985840e-01,9.999992847442626953e-01,9.999992251396179199e-01,9.999960064888000488e-01,9.999992847442626953e-01,-9.999985098838806152e-01,9.999991655349731445e-01,-9.999948740005493164e-01,9.999970197677612305e-01,9.999952912330627441e-01,9.999898672103881836e-01,9.999988675117492676e-01,-9.999924898147583008e-01,-9.999991059303283691e-01,9.999936223030090332e-01,9.999960660934448242e-01,-9.999950528144836426e-01,-9.999982118606567383e-01,9.999991059303283691e-01,-9.999984502792358398e-01,9.999986290931701660e-01,9.999835491180419922e-01,9.999799132347106934e-01,-9.999992251396179199e-01,-9.999945759773254395e-01,-9.999950528144836426e-01,9.999934434890747070e-01,-9.999986886978149414e-01,9.999899268150329590e-01,9.999977350234985352e-01,-9.999975562095642090e-01,9.999984502792358398e-01,9.999890327453613281e-01,-9.999992847442626953e-01,9.999991059303283691e-01,-9.999979734420776367e-01,9.999976158142089844e-01,-9.999992251396179199e-01,-9.999707341194152832e-01,-9.999704957008361816e-01,-9.999990463256835938e-01,-9.999955892562866211e-01,9.999847412109375000e-01,9.999988079071044922e-01,9.999954700469970703e-01,-9.999988675117492676e-01,9.999988675117492676e-01,-9.999977350234985352e-01,9.999985098838806152e-01,9.999319911003112793e-01,-9.999992847442626953e-01,9.999970197677612305e-01,-9.999992847442626953e-01,9.999982714653015137e-01,9.999964833259582520e-01,9.999961256980895996e-01,9.999985694885253906e-01,-9.999974966049194336e-01,-9.999977350234985352e-01,9.999972581863403320e-01,9.999934434890747070e-01,9.999954104423522949e-01,9.999408125877380371e-01,9.999902844429016113e-01
9.999935626983642578e-01,-9.999945163726806641e-01,-9.999781847000122070e-01,9.999882578849792480e-01,9.999957680702209473e-01,-9.999954104423522949e-01,9.999783039093017578e-01,9.999964833259582520e-01,-9.999622106552124023e-01,9.999946355819702148e-01,-9.999955892562866211e-01,-9.999960064888000488e-01,9.999918937683105469e-01,9.999940395355224609e-01,9.999856352806091309e-01,9.999681711196899414e-01,9.999911785125732422e-01,-9.999907612800598145e-01,9.999692440032958984e-01,-9.999966025352478027e-01,-9.999959468841552734e-01,9.999796152114868164e-01,9.999948740005493164e-01,9.999874830245971680e-01,9.999656081199645996e-01,9.999958872795104980e-01,-9.999932050704956055e-01,-9.999956488609313965e-01,9.999727010726928711e-01,-9.999888539314270020e-01,-9.999619722366333008e-01,-9.999925494194030762e-01,9.999285340309143066e-01,9.999780058860778809e-01,-9.999924898147583008e-01,9.998374581336975098e-01,9.999960660934448242e-01,9.999945759773254395e-01,9.999093413352966309e-01,-9.999958872795104980e-01,9.999948740005493164e-01,9.999737739562988281e-01,9.999247193336486816e-01,9.999961256980895996e-01,9.999931454658508301e-01,9.999919533729553223e-01,-9.999765753746032715e-01,9.999954700469970703e-01,9.999946951866149902e-01,-9.999945163726806641e-01,-9.999956488609313965e-01,-9.999951720237731934e-01,-9.999951720237731934e-01,-9.999745488166809082e-01,-9.999951124191284180e-01,-9.999927282333374023e-01,9.999529123306274414e-01,9.999844431877136230e-01,9.999740123748779297e-01,9.999935030937194824e-01,-9.999939203262329102e-01,9.999958276748657227e-01,9.999938607215881348e-01,9.999845623970031738e-01,-9.999705553054809570e-01,-9.999958872795104980e-01,-9.999964833259582520e-01,-9.999818801879882812e-01,-9.999962449073791504e-01,9.999930858612060547e-01,-9.999956488609313965e-01,9.999759197235107422e-01,-9.999865293502807617e-01,-9.999775886535644531e-01,-9.999520778656005859e-01,-9.999945163726806641e-01,9.999640583992004395e-01,9.999955296516418457e-01,-9.999696612358093262e-01,-9.999815821647644043e-01,9.999764561653137207e-01,9.999911189079284668e-01,-9.999955892562866211e-01,9.999932050704956055e-01,-9.999938011169433594e-01,-9.999219179153442383e-01,-9.999044537544250488e-01,9.999961853027343750e-01,9.999746084213256836e-01,9.999763965606689453e-01,-9.999691247940063477e-01,9.999939799308776855e-01,-9.999523758888244629e-01,-9.999894499778747559e-01,9.999881982803344727e-01,-9.999928474426269531e-01,-9.999480843544006348e-01,9.999963045120239258e-01,-9.999955892562866211e-01,9.999905228614807129e-01,-9.999892711639404297e-01,9.999960660934448242e-01,9.998607039451599121e-01,9.998593330383300781e-01,9.999953508377075195e-01,9.999795556068420410e-01,-9.999272227287292480e-01,-9.999944567680358887e-01,-9.999786019325256348e-01,9.999946951866149902e-01,-9.999947547912597656e-01,9.999892711639404297e-01,-9.999931454658508301e-01,-9.996766448020935059e-01,9.999963641166687012e-01,-9.999865293502807617e-01,9.999963045120239258e-01,-9.999918937683105469e-01,-9.999834895133972168e-01,-9.999823570251464844e-01,-9.999933242797851562e-01,9.999884963035583496e-01,9.999895691871643066e-01,-9.999874830245971680e-01,-9.999691843986511230e-01,-9.999784231185913086e-01,-9.997184276580810547e-01,-9.999537467956542969e-01
9.999989271163940430e-01,-9.999990463256835938e-01,-9.999963641166687012e-01,9.999980926513671875e-01,9.999993443489074707e-01,-9.999992847442626953e-01,9.999964833259582520e-01,9.999994039535522461e-01,-9.999938607215881348e-01,9.999991059303283691e-01,-9.999992251396179199e-01,-9.999994039535522461e-01,9.999986886978149414e-01,9.999991059303283691e-01,9.999976754188537598e-01,9.999948143959045410e-01,9.999985694885253906e-01,-9.999983906745910645e-01,9.999949932098388672e-01,-9.999994635581970215e-01,-9.999994635581970215e-01,9.999966621398925781e-01,9.999992251396179199e-01,9.999980330467224121e-01,9.999944567680358887e-01,9.999993443489074707e-01,-9.999988079071044922e-01,-9.999993443489074707e-01,9.999955296516418457e-01,-9.999981522560119629e-01,-9.999938011169433594e-01,-9.999987483024597168e-01,9.999884963035583496e-01,9.999964237213134766e-01,-9.999988675117492676e-01,9.999738335609436035e-01,9.999993443489074707e-01,9.999991655349731445e-01,9.999852776527404785e-01,-9.999993443489074707e-01,9.999992251396179199e-01,9.999957680702209473e-01,9.999877810478210449e-01,9.999994039535522461e-01,9.999988675117492676e-01,9.999986290931701660e-01,-9.999961853027343750e-01,9.999992847442626953e-01,9.999991059303283691e-01,-9.999990463256835938e-01,-9.999992847442626953e-01,-9.999992847442626953e-01,-9.999992847442626953e-01,-9.999958276748657227e-01,-9.999991655349731445e-01,-9.999988079071044922e-01,9.999923110008239746e-01,9.999973773956298828e-01,9.999957084655761719e-01,9.999989271163940430e-01,-9.999990463256835938e-01,9.999993443489074707e-01,9.999990463256835938e-01,9.999974966049194336e-01,-9.999951720237731934e-01,-9.999993443489074707e-01,-9.999994039535522461e-01,-9.999969601631164551e-01,-9.999994039535522461e-01,9.999988079071044922e-01,-9.999992847442626953e-01,9.999959468841552734e-01,-9.999977350234985352e-01,-9.999963045120239258e-01,-9.999921917915344238e-01,-9.999991655349731445e-01,9.999941587448120117e-01,9.999992847442626953e-01,-9.999951124191284180e-01,-9.999969601631164551e-01,9.999961256980895996e-01,9.999986290931701660e-01,-9.999992251396179199e-01,9.999988079071044922e-01,-9.999989271163940430e-01,-9.999874234199523926e-01,-9.999845027923583984e-01,9.999994039535522461e-01,9.999958872795104980e-01,9.999961256980895996e-01,-9.999949932098388672e-01,9.999991059303283691e-01,-9.999922513961791992e-01,-9.999982714653015137e-01,9.999980926513671875e-01,-9.999988079071044922e-01,-9.999915957450866699e-01,9.999994635581970215e-01,-9.999993443489074707e-01,9.999984502792358398e-01,-9.999981522560119629e-01,9.999994039535522461e-01,9.999775886535644531e-01,9.999772906303405762e-01,9.999991655349731445e-01,9.999965429306030273e-01,-9.999882578849792480e-01,-9.999991655349731445e-01,-9.999964237213134766e-01,9.999991655349731445e-01,-9.999991655349731445e-01,9.999982118606567383e-01,-9.999989271163940430e-01,-9.999478459358215332e-01,9.999994635581970215e-01,-9.999977350234985352e-01,9.999994635581970215e-01,-9.999986290931701660e-01,-9.999973177909851074e-01,-9.999970197677612305e-01,-9.999988675117492676e-01,9.999981522560119629e-01,9.999982714653015137e-01,-9.999979138374328613e-01,-9.999949336051940918e-01,-9.999963641166687012e-01,-9.999545812606811523e-01,-9.999925494194030762e-01
-9.999887943267822266e-01,9.999903440475463867e-01,9.999619722366333008e-01,-9.999794960021972656e-01,-9.999926090240478516e-01,9.999919533729553223e-01,-9.999622106552124023e-01,-9.999938607215881348e-01,9.999341368675231934e-01,-9.999907612800598145e-01,9.999921917915344238e-01,9.999931454658508301e-01,-9.999858140945434570e-01,-9.999895691871643066e-01,-9.999748468399047852e-01,-9.999445080757141113e-01,-9.999846220016479492e-01,9.999839067459106445e-01,-9.999464154243469238e-01,9.999941587448120117e-01,9.999930262565612793e-01,-9.999643564224243164e-01,-9.999911189079284668e-01,-9.999781847000122070e-01,-9.999399185180664062e-01,-9.999927878379821777e-01,9.999881982803344727e-01,9.999923110008239746e-01,-9.999521374702453613e-01,9.999803900718688965e-01,9.999336600303649902e-01,9.999868273735046387e-01,-9.998753666877746582e-01,-9.999614953994750977e-01,9.999870061874389648e-01,-9.997165203094482422e-01,-9.999931454658508301e-01,-9.999904632568359375e-01,-9.998419880867004395e-01,9.999927878379821777e-01,-9.999909996986389160e-01,-9.999541044235229492e-01,-9.998687505722045898e-01,-9.999933838844299316e-01,-9.999879598617553711e-01,-9.999859333038330078e-01,9.999591112136840820e-01,-9.999920725822448730e-01,-9.999908208847045898e-01,9.999905824661254883e-01,9.999924302101135254e-01,9.999915361404418945e-01,9.999915957450866699e-01,9.999555349349975586e-01,9.999914169311523438e-01,9.999873042106628418e-01,-9.999179244041442871e-01,-9.999729990959167480e-01,-9.999545812606811523e-01,-9.999886751174926758e-01,9.999892711639404297e-01,-9.999928474426269531e-01,-9.999892711639404297e-01,-9.999730587005615234e-01,9.999486207962036133e-01,9.999928474426269531e-01,9.999938607215881348e-01,9.999682307243347168e-01,9.999934434890747070e-01,-9.999877214431762695e-01,9.999926686286926270e-01,-9.999578595161437988e-01,9.999764561653137207e-01,9.999608993530273438e-01,9.999164938926696777e-01,9.999905824661254883e-01,-9.999372363090515137e-01,-9.999921917915344238e-01,9.999470114707946777e-01,9.999677538871765137e-01,-9.999588727951049805e-01,-9.999843835830688477e-01,9.999923706054687500e-01,-9.999880790710449219e-01,9.999892711639404297e-01,9.998638629913330078e-01,9.998335242271423340e-01,-9.999932646751403809e-01,-9.999555945396423340e-01,-9.999587535858154297e-01,9.999459385871887207e-01,-9.999895691871643066e-01,9.999169707298278809e-01,9.999815821647644043e-01,-9.999794363975524902e-01,9.999874830245971680e-01,9.999095201492309570e-01,-9.999936223030090332e-01,9.999922513961791992e-01,-9.999834299087524414e-01,9.999812245368957520e-01,-9.999932050704956055e-01,-9.997570514678955078e-01,-9.997546672821044922e-01,-9.999917745590209961e-01,-9.999643564224243164e-01,9.998730421066284180e-01,9.999902844429016113e-01,9.999626874923706055e-01,-9.999907612800598145e-01,9.999908804893493652e-01,-9.999812245368957520e-01,9.999880194664001465e-01,9.994361400604248047e-01,-9.999937415122985840e-01,9.999764561653137207e-01,-9.999936223030090332e-01,9.999859333038330078e-01,9.999712109565734863e-01,9.999693036079406738e-01,9.999883174896240234e-01,-9.999800324440002441e-01,-9.999817609786987305e-01,9.999780654907226562e-01,9.999459981918334961e-01,9.999623298645019531e-01,9.995089173316955566e-01,9.999191761016845703e-01
9.999983310699462891e-01,-9.999985694885253906e-01,-9.999946951866149902e-01,9.999970793724060059e-01,9.999989271163940430e-01,-9.999988675117492676e-01,9.999946355819702148e-01,9.999991059303283691e-01,-9.999907612800598145e-01,9.999986290931701660e-01,-9.999988675117492676e-01,-9.999991059303283691e-01,9.999979734420776367e-01,9.999985098838806152e-01,9.999964237213134766e-01,9.999921321868896484e-01,9.999978542327880859e-01,-9.999976754188537598e-01,9.999925494194030762e-01,-9.999992251396179199e-01,-9.999990463256835938e-01,9.999949336051940918e-01,9.999987483024597168e-01,9.999969005584716797e-01,9.999915957450866699e-01,9.999989867210388184e-01,-9.999982118606567383e-01,-9.999989867210388184e-01,9.999934434890747070e-01,-9.999971985816955566e-01,-9.999907016754150391e-01,-9.999981522560119629e-01,9.999825954437255859e-01,9.999946355819702148e-01,-9.999981522560119629e-01,9.999603033065795898e-01,9.999991059303283691e-01,9.999986290931701660e-01,9.999779462814331055e-01,-9.999989867210388184e-01,9.999987483024597168e-01,9.999936223030090332e-01,9.999816417694091797e-01,9.999991059303283691e-01,9.999983310699462891e-01,9.999980330467224121e-01,-9.999942779541015625e-01,9.999988675117492676e-01,9.999986290931701660e-01,-9.999986886978149414e-01,-9.999988079071044922e-01,-9.999988079071044922e-01,-9.999988079071044922e-01,-9.999936819076538086e-01,-9.999988079071044922e-01,-9.999980926513671875e-01,9.999885559082031250e-01,9.999960660934448242e-01,9.999936223030090332e-01,9.999983906745910645e-01,-9.999985098838806152e-01,9.999989271163940430e-01,9.999985098838806152e-01,9.999960660934448242e-01,-9.999928474426269531e-01,-9.999990463256835938e-01,-9.999991059303283691e-01,-9.999955296516418457e-01,-9.999990463256835938e-01,9.999982714653015137e-01,-9.999989271163940430e-01,9.999940991401672363e-01,-9.999966025352478027e-01,-9.999945163726806641e-01,-9.999882578849792480e-01,-9.999985694885253906e-01,9.999912381172180176e-01,9.999988675117492676e-01,-9.999926090240478516e-01,-9.999955296516418457e-01,9.999942779541015625e-01,9.999978542327880859e-01,-9.999988675117492676e-01,9.999983310699462891e-01,-9.999983906745910645e-01,-9.999809861183166504e-01,-9.999766945838928223e-01,9.999989867210388184e-01,9.999938011169433594e-01,9.999942183494567871e-01,-9.999923706054687500e-01,9.999984502792358398e-01,-9.999883174896240234e-01,-9.999973773956298828e-01,9.999970793724060059e-01,-9.999982118606567383e-01,-9.999873042106628418e-01,9.999991655349731445e-01,-9.999988675117492676e-01,9.999975562095642090e-01,-9.999972581863403320e-01,9.999991059303283691e-01,9.999660253524780273e-01,9.999656677246093750e-01,9.999988079071044922e-01,9.999948740005493164e-01,-9.999822974205017090e-01,-9.999986290931701660e-01,-9.999947547912597656e-01,9.999987483024597168e-01,-9.999986886978149414e-01,9.999973177909851074e-01,-9.999982714653015137e-01,-9.999210834503173828e-01,9.999991655349731445e-01,-9.999965429306030273e-01,9.999991655349731445e-01,-9.999980330467224121e-01,-9.999959468841552734e-01,-9.999956488609313965e-01,-9.999982714653015137e-01,9.999970793724060059e-01,9.999973773956298828e-01,-9.999967813491821289e-01,-9.999923706054687500e-01,-9.999946951866149902e-01,-9.999313354492187500e-01,-9.999887347221374512e-01
-9.999986290931701660e-01,9.999988079071044922e-01,9.999955296516418457e-01,-9.999975562095642090e-01,-9.999991655349731445e-01,9.999991059303283691e-01,-9.999955892562866211e-01,-9.999992251396179199e-01,9.999921917915344238e-01,-9.999988675117492676e-01,9.999991655349731445e-01,9.999992251396179199e-01,-9.999983906745910645e-01,-9.999988079071044922e-01,-9.999969601631164551e-01,-9.999934434890747070e-01,-9.999980926513671875e-01,9.999979734420776367e-01,-9.999937415122985840e-01,9.999993443489074707e-01,9.999992251396179199e-01,-9.999957680702209473e-01,-9.999988675117492676e-01,-9.999973773956298828e-01,-9.999929666519165039e-01,-9.999991655349731445e-01,9.999986290931701660e-01,9.999991655349731445e-01,-9.999943971633911133e-01,9.999976754188537598e-01,9.999921321868896484e-01,9.999984502792358398e-01,-9.999853968620300293e-01,-9.999954104423522949e-01,9.999984502792358398e-01,-9.999666213989257812e-01,-9.999991655349731445e-01,-9.999988675117492676e-01,-9.999815225601196289e-01,9.999991655349731445e-01,-9.999989271163940430e-01,-9.999945759773254395e-01,-9.999846220016479492e-01,-9.999992847442626953e-01,-9.999985694885253906e-01,-9.999982714653015137e-01,9.999951720237731934e-01,-9.999991059303283691e-01,-9.999988675117492676e-01,9.999988675117492676e-01,9.999990463256835938e-01,9.999990463256835938e-01,9.999990463256835938e-01,9.999948143959045410e-01,9.999989867210388184e-01,9.999983906745910645e-01,-9.999904036521911621e-01,-9.999967217445373535e-01,-9.999946355819702148e-01,-9.999986290931701660e-01,9.999986290931701660e-01,-9.999992251396179199e-01,-9.999987483024597168e-01,-9.999967813491821289e-01,9.999939799308776855e-01,9.999992847442626953e-01,9.999993443489074707e-01,9.999961256980895996e-01,9.999992847442626953e-01,-9.999985694885253906e-01,9.999991059303283691e-01,-9.999949932098388672e-01,9.999971389770507812e-01,9.999954104423522949e-01,9.999901652336120605e-01,9.999988079071044922e-01,-9.999926686286926270e-01,-9.999991059303283691e-01,9.999938011169433594e-01,9.999961853027343750e-01,-9.999951124191284180e-01,-9.999981522560119629e-01,9.999991655349731445e-01,-9.999985098838806152e-01,9.999986886978149414e-01,9.999840259552001953e-01,9.999804496765136719e-01,-9.999992251396179199e-01,-9.999947547912597656e-01,-9.999951720237731934e-01,9.999936819076538086e-01,-9.999986886978149414e-01,9.999901652336120605e-01,9.999977946281433105e-01,-9.999975562095642090e-01,9.999985098838806152e-01,9.999893307685852051e-01,-9.999992847442626953e-01,9.999990463256835938e-01,-9.999980330467224121e-01,9.999976754188537598e-01,-9.999992251396179199e-01,-9.999715685844421387e-01,-9.999712705612182617e-01,-9.999991059303283691e-01,-9.999957084655761719e-01,9.999851584434509277e-01,9.999988675117492676e-01,9.999955892562866211e-01,-9.999989867210388184e-01,9.999988675117492676e-01,-9.999977946281433105e-01,9.999985694885253906e-01,9.999338388442993164e-01,-9.999992847442626953e-01,9.999971985816955566e-01,-9.999992847442626953e-01,9.999983310699462891e-01,9.999964833259582520e-01,9.999963641166687012e-01,9.999986290931701660e-01,-9.999976158142089844e-01,-9.999978542327880859e-01,9.999973177909851074e-01,9.999936223030090332e-01,9.999955892562866211e-01,9.999423623085021973e-01,9.999905228614807129e-01
-9.999987483024597168e-01,9.999989867210388184e-01,9.999959468841552734e-01,-9.999979138374328613e-01,-9.999992847442626953e-01,9.999992251396179199e-01,-9.999960064888000488e-01,-9.999994039535522461e-01,9.999931454658508301e-01,-9.999991059303283691e-01,9.999992251396179199e-01,9.999992847442626953e-01,-9.999985694885253906e-01,-9.999989867210388184e-01,-9.999972581863403320e-01,-9.999941587448120117e-01,-9.999984502792358398e-01,9.999983310699462891e-01,-9.999943971633911133e-01,9.999994039535522461e-01,9.999994039535522461e-01,-9.999962449073791504e-01,-9.999991059303283691e-01,-9.999977350234985352e-01,-9.999937415122985840e-01,-9.999992847442626953e-01,9.999987483024597168e-01,9.999993443489074707e-01,-9.999949932098388672e-01,9.999979734420776367e-01,9.999930858612060547e-01,9.999986886978149414e-01,-9.999870657920837402e-01,-9.999960660934448242e-01,9.999986886978149414e-01,-9.999703764915466309e-01,-9.999993443489074707e-01,-9.999990463256835938e-01,-9.999834895133972168e-01,9.999993443489074707e-01,-9.999991059303283691e-01,-9.999952316284179688e-01,-9.999862909317016602e-01,-9.999993443489074707e-01,-9.999988079071044922e-01,-9.999985098838806152e-01,9.999956488609313965e-01,-9.999992847442626953e-01,-9.999991059303283691e-01,9.999990463256835938e-01,9.999991655349731445e-01,9.999992847442626953e-01,9.999992847442626953e-01,9.999953508377075195e-01,9.999992251396179199e-01,9.999986290931701660e-01,-9.999913573265075684e-01,-9.999971389770507812e-01,-9.999952912330627441e-01,-9.999988675117492676e-01,9.999988675117492676e-01,-9.999992847442626953e-01,-9.999988675117492676e-01,-9.999971389770507812e-01,9.999946355819702148e-01,9.999993443489074707e-01,9.999994039535522461e-01,9.999966621398925781e-01,9.999993443489074707e-01,-9.999986886978149414e-01,9.999992847442626953e-01,-9.999955892562866211e-01,9.999974370002746582e-01,9.999960064888000488e-01,9.999912977218627930e-01,9.999990463256835938e-01,-9.999934434890747070e-01,-9.999992251396179199e-01,9.999944567680358887e-01,9.999966621398925781e-01,-9.999957680702209473e-01,-9.999983310699462891e-01,9.999992251396179199e-01,-9.999987483024597168e-01,9.999988675117492676e-01,9.999857544898986816e-01,9.999825954437255859e-01,-9.999993443489074707e-01,-9.999953508377075195e-01,-9.999957680702209473e-01,9.999944567680358887e-01,-9.999989271163940430e-01,9.999912977218627930e-01,9.999980330467224121e-01,-9.999979138374328613e-01,9.999986886978149414e-01,9.999905824661254883e-01,-9.999993443489074707e-01,9.999991655349731445e-01,-9.999982714653015137e-01,9.999980330467224121e-01,-9.999993443489074707e-01,-9.999747276306152344e-01,-9.999744296073913574e-01,-9.999992847442626953e-01,-9.999962449073791504e-01,9.999868273735046387e-01,9.999990463256835938e-01,9.999960660934448242e-01,-9.999991059303283691e-01,9.999991059303283691e-01,-9.999980330467224121e-01,9.999988079071044922e-01,9.999409914016723633e-01,-9.999993443489074707e-01,9.999974966049194336e-01,-9.999993443489074707e-01,9.999985098838806152e-01,9.999969601631164551e-01,9.999967217445373535e-01,9.999987483024597168e-01,-9.999979138374328613e-01,-9.999982118606567383e-01,9.999976158142089844e-01,9.999943971633911133e-01,9.999960064888000488e-01,9.999486804008483887e-01,9.999915957450866699e-01
