9.999982714653015137e-01,-9.999985098838806152e-01,-9.999942779541015625e-01,9.999971985816955566e-01,9.999988675117492676e-01,-9.999987483024597168e-01,9.999946951866149902e-01,9.999990463256835938e-01,-9.999940395355224609e-01,9.999983906745910645e-01,-9.999987483024597168e-01,-9.999989271163940430e-01,9.999978542327880859e-01,9.999982714653015137e-01,9.999949932098388672e-01,9.999938011169433594e-01,9.999972581863403320e-01,-9.999976754188537598e-01,9.999919533729553223e-01,-9.999991059303283691e-01,-9.999988675117492676e-01,9.999940395355224609e-01,9.999985694885253906e-01,9.999973177909851074e-01,9.999885559082031250e-01,9.999988079071044922e-01,-9.999980926513671875e-01,-9.999988079071044922e-01,9.999912977218627930e-01,-9.999966025352478027e-01,-9.999906420707702637e-01,-9.999980330467224121e-01,9.999831914901733398e-01,9.999948143959045410e-01,-9.999979734420776367e-01,9.999647140502929688e-01,9.999988675117492676e-01,9.999984502792358398e-01,9.999846220016479492e-01,-9.999988079071044922e-01,9.999985694885253906e-01,9.999870061874389648e-01,9.999834895133972168e-01,9.999988675117492676e-01,9.999981522560119629e-01,9.999979734420776367e-01,-9.999930262565612793e-01,9.999986290931701660e-01,9.999986290931701660e-01,-9.999983906745910645e-01,-9.999987483024597168e-01,-9.999985098838806152e-01,-9.999986886978149414e-01,-9.999931454658508301e-01,-9.999985098838806152e-01,-9.999980330467224121e-01,-9.999680519104003906e-01,9.999923706054687500e-01,9.999946951866149902e-01,9.999980926513671875e-01,-9.999983310699462891e-01,9.999989271163940430e-01,9.999983310699462891e-01,9.999954104423522949e-01,-9.999938607215881348e-01,-9.999988079071044922e-01,-9.999990463256835938e-01,-9.999955296516418457e-01,-9.999989867210388184e-01,9.999981522560119629e-01,-9.999987483024597168e-01,9.999962449073791504e-01,-9.999899268150329590e-01,-9.999935030937194824e-01,-9.999846816062927246e-01,-9.999983906745910645e-01,9.999905228614807129e-01,9.999986290931701660e-01,-9.999938011169433594e-01,-9.999951124191284180e-01,9.999901056289672852e-01,9.999974370002746582e-01,-9.999986886978149414e-01,9.999980330467224121e-01,-9.999982714653015137e-01,-9.999845027923583984e-01,9.263501167297363281e-01,9.999988675117492676e-01,9.999918341636657715e-01,9.999866485595703125e-01,-9.999936223030090332e-01,9.999983310699462891e-01,-9.999859333038330078e-01,-9.999972581863403320e-01,9.999974370002746582e-01,-9.999977946281433105e-01,-9.999870061874389648e-01,9.999990463256835938e-01,-9.999987483024597168e-01,9.999971985816955566e-01,-9.999966621398925781e-01,9.999988675117492676e-01,9.999337792396545410e-01,9.999551177024841309e-01,9.999986290931701660e-01,9.999959468841552734e-01,-9.999812841415405273e-01,-9.999983906745910645e-01,-9.999939203262329102e-01,9.999984502792358398e-01,-9.999985098838806152e-01,9.999974966049194336e-01,-9.999982118606567383e-01,-9.998825192451477051e-01,9.999989867210388184e-01,-9.999969005584716797e-01,9.999989867210388184e-01,-9.999978542327880859e-01,-9.999953508377075195e-01,-9.999964833259582520e-01,-9.999984502792358398e-01,9.999966621398925781e-01,9.999976158142089844e-01,-9.999969005584716797e-01,-9.999911189079284668e-01,-9.999945759773254395e-01,9.999750852584838867e-01,-9.999914169311523438e-01
-9.999985098838806152e-01,9.999987483024597168e-01,9.999952316284179688e-01,-9.999976754188537598e-01,-9.999990463256835938e-01,9.999989271163940430e-01,-9.999955892562866211e-01,-9.999992251396179199e-01,9.999949336051940918e-01,-9.999985694885253906e-01,9.999988675117492676e-01,9.999991059303283691e-01,-9.999982118606567383e-01,-9.999986290931701660e-01,-9.999957680702209473e-01,-9.999947547912597656e-01,-9.999977946281433105e-01,9.999981522560119629e-01,-9.999933838844299316e-01,9.999991655349731445e-01,9.999989867210388184e-01,-9.999949932098388672e-01,-9.999987483024597168e-01,-9.999977350234985352e-01,-9.999904632568359375e-01,-9.999989867210388184e-01,9.999983906745910645e-01,9.999990463256835938e-01,-9.999927282333374023e-01,9.999971389770507812e-01,9.999920725822448730e-01,9.999983310699462891e-01,-9.999858736991882324e-01,-9.999955892562866211e-01,9.999982714653015137e-01,-9.999703168869018555e-01,-9.999990463256835938e-01,-9.999986290931701660e-01,-9.999871253967285156e-01,9.999990463256835938e-01,-9.999987483024597168e-01,-9.999889731407165527e-01,-9.999860525131225586e-01,-9.999991059303283691e-01,-9.999984502792358398e-01,-9.999983906745910645e-01,9.999941587448120117e-01,-9.999988079071044922e-01,-9.999988675117492676e-01,9.999985694885253906e-01,9.999989867210388184e-01,9.999986886978149414e-01,9.999988079071044922e-01,9.999941587448120117e-01,9.999987483024597168e-01,9.999982714653015137e-01,9.999731779098510742e-01,-9.999935626983642578e-01,-9.999954700469970703e-01,-9.999984502792358398e-01,9.999986290931701660e-01,-9.999992251396179199e-01,-9.999986290931701660e-01,-9.999960660934448242e-01,9.999948143959045410e-01,9.999990463256835938e-01,9.999991059303283691e-01,9.999961853027343750e-01,9.999991655349731445e-01,-9.999984502792358398e-01,9.999989271163940430e-01,-9.999967813491821289e-01,9.999914765357971191e-01,9.999945759773254395e-01,9.999870657920837402e-01,9.999985694885253906e-01,-9.999920725822448730e-01,-9.999988675117492676e-01,9.999948740005493164e-01,9.999959468841552734e-01,-9.999917745590209961e-01,-9.999978542327880859e-01,9.999989271163940430e-01,-9.999984502792358398e-01,9.999985098838806152e-01,9.999870061874389648e-01,-9.265460968017578125e-01,-9.999991059303283691e-01,-9.999930858612060547e-01,-9.999886751174926758e-01,9.999946951866149902e-01,-9.999985694885253906e-01,9.999881982803344727e-01,9.999976754188537598e-01,-9.999977946281433105e-01,9.999981522560119629e-01,9.999890923500061035e-01,-9.999992847442626953e-01,9.999989271163940430e-01,-9.999976754188537598e-01,9.999971389770507812e-01,-9.999991059303283691e-01,-9.999444484710693359e-01,-9.999623298645019531e-01,-9.999988079071044922e-01,-9.999964833259582520e-01,9.999843835830688477e-01,9.999985694885253906e-01,9.999949336051940918e-01,-9.999987483024597168e-01,9.999986886978149414e-01,-9.999979138374328613e-01,9.999985098838806152e-01,9.999012947082519531e-01,-9.999991655349731445e-01,9.999973177909851074e-01,-9.999991655349731445e-01,9.999982118606567383e-01,9.999959468841552734e-01,9.999970793724060059e-01,9.999986886978149414e-01,-9.999971985816955566e-01,-9.999979734420776367e-01,9.999973773956298828e-01,9.999924898147583008e-01,9.999954104423522949e-01,-9.999790787696838379e-01,9.999927282333374023e-01
-9.999942779541015625e-01,9.999952316284179688e-01,9.999812245368957520e-01,-9.999908804893493652e-01,-9.999961256980895996e-01,9.999958276748657227e-01,-9.999825954437255859e-01,-9.999967217445373535e-01,9.999802708625793457e-01,-9.999947547912597656e-01,9.999958276748657227e-01,9.999963641166687012e-01,-9.999929666519165039e-01,-9.999946951866149902e-01,-9.999834299087524414e-01,-9.999794363975524902e-01,-9.999914169311523438e-01,9.999924302101135254e-01,-9.999735355377197266e-01,9.999968409538269043e-01,9.999963641166687012e-01,-9.999803304672241211e-01,-9.999953508377075195e-01,-9.999912977218627930e-01,-9.999625682830810547e-01,-9.999962449073791504e-01,9.999938607215881348e-01,9.999960064888000488e-01,-9.999713301658630371e-01,9.999888539314270020e-01,9.999693036079406738e-01,9.999935626983642578e-01,-9.999445080757141113e-01,-9.999827742576599121e-01,9.999934434890747070e-01,-9.998834133148193359e-01,-9.999964833259582520e-01,-9.999949932098388672e-01,-9.999491572380065918e-01,9.999961256980895996e-01,-9.999952912330627441e-01,-9.999568462371826172e-01,-9.999455213546752930e-01,-9.999963641166687012e-01,-9.999939799308776855e-01,-9.999933242797851562e-01,9.999770522117614746e-01,-9.999955296516418457e-01,-9.999956488609313965e-01,9.999947547912597656e-01,9.999960064888000488e-01,9.999951720237731934e-01,9.999958276748657227e-01,9.999772310256958008e-01,9.999951720237731934e-01,9.999935626983642578e-01,9.998943805694580078e-01,-9.999747872352600098e-01,-9.999824762344360352e-01,-9.999940991401672363e-01,9.999946355819702148e-01,-9.999963641166687012e-01,-9.999945163726806641e-01,-9.999849200248718262e-01,9.999797344207763672e-01,9.999960660934448242e-01,9.999967217445373535e-01,9.999853968620300293e-01,9.999964833259582520e-01,-9.999942779541015625e-01,9.999960660934448242e-01,-9.999877810478210449e-01,9.999667406082153320e-01,9.999787211418151855e-01,9.999493360519409180e-01,9.999946951866149902e-01,-9.999687075614929199e-01,-9.999957084655761719e-01,9.999797940254211426e-01,9.999840855598449707e-01,-9.999675154685974121e-01,-9.999919533729553223e-01,9.999959468841552734e-01,-9.999938607215881348e-01,9.999943375587463379e-01,9.999486804008483887e-01,-9.235606193542480469e-01,-9.999963641166687012e-01,-9.999729394912719727e-01,-9.999554157257080078e-01,9.999790191650390625e-01,-9.999945163726806641e-01,9.999534487724304199e-01,9.999909996986389160e-01,-9.999916553497314453e-01,9.999929070472717285e-01,9.999570250511169434e-01,-9.999966025352478027e-01,9.999959468841552734e-01,-9.999909996986389160e-01,9.999892115592956543e-01,-9.999962449073791504e-01,-9.997817277908325195e-01,-9.998520016670227051e-01,-9.999955296516418457e-01,-9.999866485595703125e-01,9.999383687973022461e-01,9.999948740005493164e-01,9.999799728393554688e-01,-9.999950528144836426e-01,9.999952316284179688e-01,-9.999918937683105469e-01,9.999940991401672363e-01,9.996123313903808594e-01,-9.999967217445373535e-01,9.999896883964538574e-01,-9.999966025352478027e-01,9.999930262565612793e-01,9.999843239784240723e-01,9.999889135360717773e-01,9.999948740005493164e-01,-9.999890923500061035e-01,-9.999921917915344238e-01,9.999898672103881836e-01,9.999706745147705078e-01,9.999821186065673828e-01,-9.999176859855651855e-01,9.999715089797973633e-01
9.999971985816955566e-01,-9.999976754188537598e-01,-9.999908804893493652e-01,9.999955892562866211e-01,9.999982118606567383e-01,-9.999980330467224121e-01,9.999914765357971191e-01,9.999983906745910645e-01,-9.999904632568359375e-01,9.999974370002746582e-01,-9.999979734420776367e-01,-9.999981522560119629e-01,9.999965429306030273e-01,9.999973773956298828e-01,9.999920129776000977e-01,9.999900460243225098e-01,9.999958276748657227e-01,-9.999964237213134766e-01,9.999871850013732910e-01,-9.999984502792358398e-01,-9.999983310699462891e-01,9.999904632568359375e-01,9.999976158142089844e-01,9.999957680702209473e-01,9.999818801879882812e-01,9.999982118606567383e-01,-9.999969601631164551e-01,-9.999980926513671875e-01,9.999861121177673340e-01,-9.999946951866149902e-01,-9.999850988388061523e-01,-9.999968409538269043e-01,9.999732375144958496e-01,9.999916553497314453e-01,-9.999967217445373535e-01,9.999435544013977051e-01,9.999982118606567383e-01,9.999975562095642090e-01,9.999754428863525391e-01,-9.999980926513671875e-01,9.999977350234985352e-01,9.999791979789733887e-01,9.999736547470092773e-01,9.999983310699462891e-01,9.999970197677612305e-01,9.999967813491821289e-01,-9.999888539314270020e-01,9.999977946281433105e-01,9.999979138374328613e-01,-9.999973773956298828e-01,-9.999980330467224121e-01,-9.999976158142089844e-01,-9.999979734420776367e-01,-9.999889135360717773e-01,-9.999976158142089844e-01,-9.999968409538269043e-01,-9.999487400054931641e-01,9.999877810478210449e-01,9.999915361404418945e-01,9.999970793724060059e-01,-9.999973773956298828e-01,9.999983310699462891e-01,9.999973177909851074e-01,9.999926686286926270e-01,-9.999901652336120605e-01,-9.999979734420776367e-01,-9.999984502792358398e-01,-9.999929070472717285e-01,-9.999983906745910645e-01,9.999971985816955566e-01,-9.999980330467224121e-01,9.999939799308776855e-01,-9.999839067459106445e-01,-9.999896287918090820e-01,-9.999755024909973145e-01,-9.999973773956298828e-01,9.999848604202270508e-01,9.999978542327880859e-01,-9.999902248382568359e-01,-9.999923110008239746e-01,9.999843239784240723e-01,9.999959468841552734e-01,-9.999980330467224121e-01,9.999970197677612305e-01,-9.999971985816955566e-01,-9.999752044677734375e-01,9.256231188774108887e-01,9.999982118606567383e-01,9.999868273735046387e-01,9.999785423278808594e-01,-9.999898672103881836e-01,9.999973177909851074e-01,-9.999774098396301270e-01,-9.999956488609313965e-01,9.999959468841552734e-01,-9.999964833259582520e-01,-9.999792575836181641e-01,9.999984502792358398e-01,-9.999980330467224121e-01,9.999956488609313965e-01,-9.999947547912597656e-01,9.999981522560119629e-01,9.998942017555236816e-01,9.999282956123352051e-01,9.999977946281433105e-01,9.999935626983642578e-01,-9.999701976776123047e-01,-9.999973773956298828e-01,-9.999902844429016113e-01,9.999975562095642090e-01,-9.999976754188537598e-01,9.999960064888000488e-01,-9.999970793724060059e-01,-9.998123049736022949e-01,9.999983906745910645e-01,-9.999950528144836426e-01,9.999983906745910645e-01,-9.999965429306030273e-01,-9.999924302101135254e-01,-9.999945759773254395e-01,-9.999974966049194336e-01,9.999947547912597656e-01,9.999961853027343750e-01,-9.999951124191284180e-01,-9.999858736991882324e-01,-9.999913573265075684e-01,9.999601244926452637e-01,-9.999861717224121094e-01
9.999988675117492676e-01,-9.999990463256835938e-01,-9.999961256980895996e-01,9.999982118606567383e-01,9.999993443489074707e-01,-9.999992847442626953e-01,9.999964833259582520e-01,9.999993443489074707e-01,-9.999960660934448242e-01,9.999989867210388184e-01,-9.999992847442626953e-01,-9.999993443489074707e-01,9.999985694885253906e-01,9.999989867210388184e-01,9.999966621398925781e-01,9.999958872795104980e-01,9.999982118606567383e-01,-9.999985098838806152e-01,9.999946951866149902e-01,-9.999994039535522461e-01,-9.999992847442626953e-01,9.999959468841552734e-01,9.999992251396179199e-01,9.999983310699462891e-01,9.999924898147583008e-01,9.999993443489074707e-01,-9.999988079071044922e-01,-9.999993443489074707e-01,9.999942779541015625e-01,-9.999977946281433105e-01,-9.999938607215881348e-01,-9.999987483024597168e-01,9.999887943267822266e-01,9.999964833259582520e-01,-9.999986290931701660e-01,9.999763369560241699e-01,9.999993443489074707e-01,9.999990463256835938e-01,9.999896883964538574e-01,-9.999993443489074707e-01,9.999991059303283691e-01,9.999913573265075684e-01,9.999889731407165527e-01,9.999994039535522461e-01,9.999987483024597168e-01,9.999986886978149414e-01,-9.999954104423522949e-01,9.999992251396179199e-01,9.999992251396179199e-01,-9.999989271163940430e-01,-9.999992847442626953e-01,-9.999991655349731445e-01,-9.999992251396179199e-01,-9.999954104423522949e-01,-9.999991655349731445e-01,-9.999987483024597168e-01,-9.999786019325256348e-01,9.999948740005493164e-01,9.999963641166687012e-01,9.999988675117492676e-01,-9.999989271163940430e-01,9.999994039535522461e-01,9.999989271163940430e-01,9.999969601631164551e-01,-9.999959468841552734e-01,-9.999992251396179199e-01,-9.999994635581970215e-01,-9.999969601631164551e-01,-9.999994039535522461e-01,9.999988079071044922e-01,-9.999993443489074707e-01,9.999975562095642090e-01,-9.999933838844299316e-01,-9.999957084655761719e-01,-9.999897480010986328e-01,-9.999989867210388184e-01,9.999936223030090332e-01,9.999991655349731445e-01,-9.999959468841552734e-01,-9.999967217445373535e-01,9.999934434890747070e-01,9.999983310699462891e-01,-9.999992251396179199e-01,9.999988079071044922e-01,-9.999989271163940430e-01,-9.999895691871643066e-01,9.267509579658508301e-01,9.999994039535522461e-01,9.999945759773254395e-01,9.999909996986389160e-01,-9.999958276748657227e-01,9.999989271163940430e-01,-9.999906420707702637e-01,-9.999981522560119629e-01,9.999983906745910645e-01,-9.999986290931701660e-01,-9.999913573265075684e-01,9.999995231628417969e-01,-9.999992847442626953e-01,9.999982118606567383e-01,-9.999978542327880859e-01,9.999993443489074707e-01,9.999557137489318848e-01,9.999700784683227539e-01,9.999991655349731445e-01,9.999973177909851074e-01,-9.999874830245971680e-01,-9.999989271163940430e-01,-9.999959468841552734e-01,9.999990463256835938e-01,-9.999991655349731445e-01,9.999983906745910645e-01,-9.999988675117492676e-01,-9.999212026596069336e-01,9.999994635581970215e-01,-9.999979734420776367e-01,9.999994039535522461e-01,-9.999986290931701660e-01,-9.999968409538269043e-01,-9.999977350234985352e-01,-9.999989867210388184e-01,9.999977946281433105e-01,9.999985098838806152e-01,-9.999979734420776367e-01,-9.999940991401672363e-01,-9.999963045120239258e-01,9.999833703041076660e-01,-9.999942779541015625e-01
-9.999987483024597168e-01,9.999989271163940430e-01,9.999958276748657227e-01,-9.999980330467224121e-01,-9.999992847442626953e-01,9.999991059303283691e-01,-9.999960660934448242e-01,-9.999992847442626953e-01,9.999957084655761719e-01,-9.999988079071044922e-01,9.999991655349731445e-01,9.999992251396179199e-01,-9.999984502792358398e-01,-9.999988079071044922e-01,-9.999963045120239258e-01,-9.999954700469970703e-01,-9.999980926513671875e-01,9.999983906745910645e-01,-9.999941587448120117e-01,9.999993443489074707e-01,9.999993443489074707e-01,-9.999957084655761719e-01,-9.999989271163940430e-01,-9.999980330467224121e-01,-9.999917745590209961e-01,-9.999992251396179199e-01,9.999986290931701660e-01,9.999991655349731445e-01,-9.999936819076538086e-01,9.999974966049194336e-01,9.999932050704956055e-01,9.999985694885253906e-01,-9.999878406524658203e-01,-9.999961256980895996e-01,9.999985694885253906e-01,-9.999743103981018066e-01,-9.999992847442626953e-01,-9.999988675117492676e-01,-9.999887943267822266e-01,9.999991655349731445e-01,-9.999989867210388184e-01,-9.999904632568359375e-01,-9.999880194664001465e-01,-9.999992251396179199e-01,-9.999986290931701660e-01,-9.999985098838806152e-01,9.999949932098388672e-01,-9.999989867210388184e-01,-9.999991655349731445e-01,9.999987483024597168e-01,9.999992251396179199e-01,9.999989867210388184e-01,9.999990463256835938e-01,9.999950528144836426e-01,9.999989867210388184e-01,9.999985694885253906e-01,9.999766349792480469e-01,-9.999945163726806641e-01,-9.999961853027343750e-01,-9.999986886978149414e-01,9.999988675117492676e-01,-9.999993443489074707e-01,-9.999988079071044922e-01,-9.999966025352478027e-01,9.999955892562866211e-01,9.999991655349731445e-01,9.999993443489074707e-01,9.999967217445373535e-01,9.999992847442626953e-01,-9.999986886978149414e-01,9.999991655349731445e-01,-9.999972581863403320e-01,9.999926686286926270e-01,9.999952912330627441e-01,9.999888539314270020e-01,9.999988079071044922e-01,-9.999930858612060547e-01,-9.999991059303283691e-01,9.999955296516418457e-01,9.999964237213134766e-01,-9.999928474426269531e-01,-9.999982118606567383e-01,9.999991655349731445e-01,-9.999986886978149414e-01,9.999988079071044922e-01,9.999886751174926758e-01,-9.266797900199890137e-01,-9.999992251396179199e-01,-9.999940991401672363e-01,-9.999902248382568359e-01,9.999953508377075195e-01,-9.999987483024597168e-01,9.999897480010986328e-01,9.999979734420776367e-01,-9.999980926513671875e-01,9.999983906745910645e-01,9.999905824661254883e-01,-9.999992847442626953e-01,9.999991655349731445e-01,-9.999980330467224121e-01,9.999975562095642090e-01,-9.999992251396179199e-01,-9.999517202377319336e-01,-9.999673366546630859e-01,-9.999990463256835938e-01,-9.999970197677612305e-01,9.999864101409912109e-01,9.999988675117492676e-01,9.999955892562866211e-01,-9.999988675117492676e-01,9.999989271163940430e-01,-9.999982714653015137e-01,9.999986886978149414e-01,9.999144077301025391e-01,-9.999994039535522461e-01,9.999977350234985352e-01,-9.999993443489074707e-01,9.999984502792358398e-01,9.999964833259582520e-01,9.999974966049194336e-01,9.999988675117492676e-01,-9.999975562095642090e-01,-9.999982714653015137e-01,9.999977350234985352e-01,9.999935030937194824e-01,9.999960064888000488e-01,-9.999818801879882812e-01,9.999936819076538086e-01
9.999946951866149902e-01,-9.999955892562866211e-01,-9.999825954437255859e-01,9.999914765357971191e-01,9.999964833259582520e-01,-9.999960660934448242e-01,9.999838471412658691e-01,9.999969601631164551e-01,-9.999817013740539551e-01,9.999951720237731934e-01,-9.999961256980895996e-01,-9.999965429306030273e-01,9.999935030937194824e-01,9.999951124191284180e-01,9.999846816062927246e-01,9.999809265136718750e-01,9.999920129776000977e-01,-9.999930858612060547e-01,9.999754428863525391e-01,-9.999970793724060059e-01,-9.999966025352478027e-01,9.999817609786987305e-01,9.999955892562866211e-01,9.999918937683105469e-01,9.999652504920959473e-01,9.999965429306030273e-01,-9.999943375587463379e-01,-9.999963045120239258e-01,9.999734163284301758e-01,-9.999896883964538574e-01,-9.999715089797973633e-01,-9.999940395355224609e-01,9.999484419822692871e-01,9.999840259552001953e-01,-9.999938011169433594e-01,9.998919367790222168e-01,9.999967217445373535e-01,9.999953508377075195e-01,9.999528527259826660e-01,-9.999963641166687012e-01,9.999957084655761719e-01,9.999600648880004883e-01,9.999495148658752441e-01,9.999966025352478027e-01,9.999943375587463379e-01,9.999937415122985840e-01,-9.999787211418151855e-01,9.999958276748657227e-01,9.999959468841552734e-01,-9.999951720237731934e-01,-9.999961853027343750e-01,-9.999955296516418457e-01,-9.999961256980895996e-01,-9.999787807464599609e-01,-9.999955892562866211e-01,-9.999940395355224609e-01,-9.999020695686340332e-01,9.999766349792480469e-01,9.999837279319763184e-01,9.999945163726806641e-01,-9.999949932098388672e-01,9.999966621398925781e-01,9.999949932098388672e-01,9.999859333038330078e-01,-9.999811649322509766e-01,-9.999963641166687012e-01,-9.999969601631164551e-01,-9.999863505363464355e-01,-9.999967813491821289e-01,9.999946355819702148e-01,-9.999962449073791504e-01,9.999886155128479004e-01,-9.999692440032958984e-01,-9.999802112579345703e-01,-9.999530315399169922e-01,-9.999951124191284180e-01,9.999709725379943848e-01,9.999960064888000488e-01,-9.999812841415405273e-01,-9.999852776527404785e-01,9.999699592590332031e-01,9.999925494194030762e-01,-9.999961256980895996e-01,9.999943375587463379e-01,-9.999947547912597656e-01,-9.999524354934692383e-01,9.238508939743041992e-01,9.999966025352478027e-01,9.999748468399047852e-01,9.999587535858154297e-01,-9.999806284904479980e-01,9.999949336051940918e-01,-9.999568462371826172e-01,-9.999915957450866699e-01,9.999921917915344238e-01,-9.999933242797851562e-01,-9.999601840972900391e-01,9.999969005584716797e-01,-9.999963045120239258e-01,9.999916553497314453e-01,-9.999899864196777344e-01,9.999964833259582520e-01,9.997975230216979980e-01,9.998627305030822754e-01,9.999958276748657227e-01,9.999876618385314941e-01,-9.999428391456604004e-01,-9.999951720237731934e-01,-9.999813437461853027e-01,9.999954104423522949e-01,-9.999955892562866211e-01,9.999925494194030762e-01,-9.999944567680358887e-01,-9.996404051780700684e-01,9.999969601631164551e-01,-9.999904632568359375e-01,9.999968409538269043e-01,-9.999934434890747070e-01,-9.999855756759643555e-01,-9.999897480010986328e-01,-9.999952316284179688e-01,9.999899268150329590e-01,9.999927282333374023e-01,-9.999906420707702637e-01,-9.999728202819824219e-01,-9.999833106994628906e-01,9.999237060546875000e-01,-9.999734759330749512e-01
9.999990463256835938e-01,-9.999992251396179199e-01,-9.999967217445373535e-01,9.999983906745910645e-01,9.999993443489074707e-01,-9.999992847442626953e-01,9.999969601631164551e-01,9.999994635581970215e-01,-9.999965429306030273e-01,9.999991655349731445e-01,-9.999993443489074707e-01,-9.999994635581970215e-01,9.999987483024597168e-01,9.999991059303283691e-01,9.999970793724060059e-01,9.999963641166687012e-01,9.999983906745910645e-01,-9.999986886978149414e-01,9.999954104423522949e-01,-9.999994039535522461e-01,-9.999994039535522461e-01,9.999965429306030273e-01,9.999991059303283691e-01,9.999984502792358398e-01,9.999936223030090332e-01,9.999992847442626953e-01,-9.999989271163940430e-01,-9.999994039535522461e-01,9.999950528144836426e-01,-9.999980330467224121e-01,-9.999946951866149902e-01,-9.999988675117492676e-01,9.999904036521911621e-01,9.999969601631164551e-01,-9.999988079071044922e-01,9.999797344207763672e-01,9.999993443489074707e-01,9.999990463256835938e-01,9.999911189079284668e-01,-9.999993443489074707e-01,9.999992251396179199e-01,9.999925494194030762e-01,9.999905228614807129e-01,9.999994635581970215e-01,9.999989271163940430e-01,9.999988079071044922e-01,-9.999959468841552734e-01,9.999992251396179199e-01,9.999993443489074707e-01,-9.999991655349731445e-01,-9.999993443489074707e-01,-9.999992251396179199e-01,-9.999992251396179199e-01,-9.999960064888000488e-01,-9.999992251396179199e-01,-9.999988675117492676e-01,-9.999816417694091797e-01,9.999956488609313965e-01,9.999968409538269043e-01,9.999989867210388184e-01,-9.999991059303283691e-01,9.999994635581970215e-01,9.999989867210388184e-01,9.999973177909851074e-01,-9.999964237213134766e-01,-9.999992847442626953e-01,-9.999994635581970215e-01,-9.999974370002746582e-01,-9.999994039535522461e-01,9.999990463256835938e-01,-9.999993443489074707e-01,9.999978542327880859e-01,-9.999942779541015625e-01,-9.999962449073791504e-01,-9.999911785125732422e-01,-9.999991059303283691e-01,9.999945759773254395e-01,9.999992847442626953e-01,-9.999963641166687012e-01,-9.999971985816955566e-01,9.999943971633911133e-01,9.999985098838806152e-01,-9.999992847442626953e-01,9.999989271163940430e-01,-9.999990463256835938e-01,-9.999911189079284668e-01,9.268708825111389160e-01,9.999994039535522461e-01,9.999953508377075195e-01,9.999923110008239746e-01,-9.999963045120239258e-01,9.999989867210388184e-01,-9.999918937683105469e-01,-9.999983310699462891e-01,9.999985098838806152e-01,-9.999987483024597168e-01,-9.999925494194030762e-01,9.999994635581970215e-01,-9.999993443489074707e-01,9.999983906745910645e-01,-9.999980926513671875e-01,9.999994039535522461e-01,9.999622106552124023e-01,9.999743700027465820e-01,9.999992847442626953e-01,9.999976754188537598e-01,-9.999893307685852051e-01,-9.999990463256835938e-01,-9.999964833259582520e-01,9.999991655349731445e-01,-9.999992251396179199e-01,9.999986290931701660e-01,-9.999989867210388184e-01,-9.999327659606933594e-01,9.999994635581970215e-01,-9.999981522560119629e-01,9.999994039535522461e-01,-9.999987483024597168e-01,-9.999973177909851074e-01,-9.999979138374328613e-01,-9.999991655349731445e-01,9.999980926513671875e-01,9.999985694885253906e-01,-9.999982118606567383e-01,-9.999948740005493164e-01,-9.999968409538269043e-01,9.999858736991882324e-01,-9.999950528144836426e-01
-9.999940395355224609e-01,9.999949336051940918e-01,9.999802708625793457e-01,-9.999904632568359375e-01,-9.999960660934448242e-01,9.999957084655761719e-01,-9.999817013740539551e-01,-9.999965429306030273e-01,9.999792575836181641e-01,-9.999945759773254395e-01,9.999957084655761719e-01,9.999960660934448242e-01,-9.999926090240478516e-01,-9.999944567680358887e-01,-9.999825954437255859e-01,-9.999784231185913086e-01,-9.999909996986389160e-01,9.999921917915344238e-01,-9.999722838401794434e-01,9.999966621398925781e-01,9.999961853027343750e-01,-9.999794363975524902e-01,-9.999950528144836426e-01,-9.999908208847045898e-01,-9.999606609344482422e-01,-9.999960660934448242e-01,9.999935626983642578e-01,9.999958872795104980e-01,-9.999700188636779785e-01,9.999883770942687988e-01,9.999676942825317383e-01,9.999931454658508301e-01,-9.999417066574096680e-01,-9.999819397926330566e-01,9.999930858612060547e-01,-9.998776316642761230e-01,-9.999963045120239258e-01,-9.999947547912597656e-01,-9.999466538429260254e-01,9.999959468841552734e-01,-9.999950528144836426e-01,-9.999548196792602539e-01,-9.999427795410156250e-01,-9.999961853027343750e-01,-9.999935626983642578e-01,-9.999929070472717285e-01,9.999759793281555176e-01,-9.999952316284179688e-01,-9.999953508377075195e-01,9.999945759773254395e-01,9.999958276748657227e-01,9.999949336051940918e-01,9.999956488609313965e-01,9.999760985374450684e-01,9.999949932098388672e-01,9.999932646751403809e-01,9.998889565467834473e-01,-9.999735355377197266e-01,-9.999815821647644043e-01,-9.999938011169433594e-01,9.999943375587463379e-01,-9.999961853027343750e-01,-9.999943375587463379e-01,-9.999841451644897461e-01,9.999787807464599609e-01,9.999959468841552734e-01,9.999966025352478027e-01,9.999845623970031738e-01,9.999964237213134766e-01,-9.999939799308776855e-01,9.999957680702209473e-01,-9.999870657920837402e-01,9.999650716781616211e-01,9.999775886535644531e-01,9.999467134475708008e-01,9.999944567680358887e-01,-9.999670982360839844e-01,-9.999955296516418457e-01,9.999787807464599609e-01,9.999833106994628906e-01,-9.999659061431884766e-01,-9.999915361404418945e-01,9.999957084655761719e-01,-9.999935626983642578e-01,9.999940395355224609e-01,9.999461174011230469e-01,-9.233610033988952637e-01,-9.999963045120239258e-01,-9.999715685844421387e-01,-9.999532699584960938e-01,9.999780058860778809e-01,-9.999942183494567871e-01,9.999511241912841797e-01,9.999905824661254883e-01,-9.999911785125732422e-01,9.999924302101135254e-01,9.999549388885498047e-01,-9.999964237213134766e-01,9.999957084655761719e-01,-9.999905228614807129e-01,9.999886751174926758e-01,-9.999960064888000488e-01,-9.997707009315490723e-01,-9.998445510864257812e-01,-9.999952316284179688e-01,-9.999859929084777832e-01,9.999352693557739258e-01,9.999945163726806641e-01,9.999789595603942871e-01,-9.999948143959045410e-01,9.999949932098388672e-01,-9.999914765357971191e-01,9.999938011169433594e-01,9.995929002761840820e-01,-9.999965429306030273e-01,9.999890923500061035e-01,-9.999964833259582520e-01,9.999926686286926270e-01,9.999836087226867676e-01,9.999883770942687988e-01,9.999946355819702148e-01,-9.999886751174926758e-01,-9.999917745590209961e-01,9.999893903732299805e-01,9.999690651893615723e-01,9.999812245368957520e-01,-9.999135732650756836e-01,9.999700784683227539e-01
9.999983906745910645e-01,-9.999985694885253906e-01,-9.999947547912597656e-01,9.999974370002746582e-01,9.999989867210388184e-01,-9.999988079071044922e-01,9.999951720237731934e-01,9.999991655349731445e-01,-9.999945759773254395e-01,9.999985694885253906e-01,-9.999988079071044922e-01,-9.999989867210388184e-01,9.999980330467224121e-01,9.999985098838806152e-01,9.999954104423522949e-01,9.999943375587463379e-01,9.999974966049194336e-01,-9.999978542327880859e-01,9.999926686286926270e-01,-9.999990463256835938e-01,-9.999989271163940430e-01,9.999945759773254395e-01,9.999986886978149414e-01,9.999975562095642090e-01,9.999896287918090820e-01,9.999989271163940430e-01,-9.999982714653015137e-01,-9.999988675117492676e-01,9.999920725822448730e-01,-9.999969005584716797e-01,-9.999914765357971191e-01,-9.999982118606567383e-01,9.999846816062927246e-01,9.999951720237731934e-01,-9.999981522560119629e-01,9.999677538871765137e-01,9.999991059303283691e-01,9.999986290931701660e-01,9.999859929084777832e-01,-9.999989271163940430e-01,9.999986290931701660e-01,9.999880194664001465e-01,9.999848604202270508e-01,9.999991655349731445e-01,9.999982118606567383e-01,9.999982118606567383e-01,-9.999936819076538086e-01,9.999987483024597168e-01,9.999987483024597168e-01,-9.999984502792358398e-01,-9.999988675117492676e-01,-9.999986290931701660e-01,-9.999988079071044922e-01,-9.999938011169433594e-01,-9.999986290931701660e-01,-9.999982118606567383e-01,-9.999707937240600586e-01,9.999930262565612793e-01,9.999951720237731934e-01,9.999982714653015137e-01,-9.999985098838806152e-01,9.999990463256835938e-01,9.999985098838806152e-01,9.999958276748657227e-01,-9.999943971633911133e-01,-9.999989271163940430e-01,-9.999990463256835938e-01,-9.999959468841552734e-01,-9.999991059303283691e-01,9.999983906745910645e-01,-9.999988079071044922e-01,9.999966025352478027e-01,-9.999907612800598145e-01,-9.999940991401672363e-01,-9.999860525131225586e-01,-9.999985098838806152e-01,9.999912977218627930e-01,9.999987483024597168e-01,-9.999943375587463379e-01,-9.999955296516418457e-01,9.999910593032836914e-01,9.999976754188537598e-01,-9.999988079071044922e-01,9.999982714653015137e-01,-9.999983906745910645e-01,-9.999857544898986816e-01,9.264579415321350098e-01,9.999990463256835938e-01,9.999924898147583008e-01,9.999877214431762695e-01,-9.999942183494567871e-01,9.999983906745910645e-01,-9.999871850013732910e-01,-9.999974966049194336e-01,9.999976754188537598e-01,-9.999979734420776367e-01,-9.999881982803344727e-01,9.999992251396179199e-01,-9.999988675117492676e-01,9.999974370002746582e-01,-9.999969601631164551e-01,9.999989271163940430e-01,9.999396800994873047e-01,9.999591112136840820e-01,9.999987483024597168e-01,9.999962449073791504e-01,-9.999829530715942383e-01,-9.999984502792358398e-01,-9.999943971633911133e-01,9.999986290931701660e-01,-9.999986886978149414e-01,9.999977946281433105e-01,-9.999983310699462891e-01,-9.998928308486938477e-01,9.999991059303283691e-01,-9.999970793724060059e-01,9.999991059303283691e-01,-9.999980330467224121e-01,-9.999956488609313965e-01,-9.999969005584716797e-01,-9.999985694885253906e-01,9.999969601631164551e-01,9.999977946281433105e-01,-9.999971389770507812e-01,-9.999918937683105469e-01,-9.999949932098388672e-01,9.999772906303405762e-01,-9.999922513961791992e-01
-9.999987483024597168e-01,9.999988675117492676e-01,9.999958276748657227e-01,-9.999979734420776367e-01,-9.999992847442626953e-01,9.999991655349731445e-01,-9.999961256980895996e-01,-9.999993443489074707e-01,9.999957084655761719e-01,-9.999988079071044922e-01,9.999990463256835938e-01,9.999992251396179199e-01,-9.999984502792358398e-01,-9.999988079071044922e-01,-9.999963641166687012e-01,-9.999955296516418457e-01,-9.999980926513671875e-01,9.999983310699462891e-01,-9.999942183494567871e-01,9.999992847442626953e-01,9.999991655349731445e-01,-9.999957084655761719e-01,-9.999989271163940430e-01,-9.999980926513671875e-01,-9.999917745590209961e-01,-9.999991655349731445e-01,9.999986290931701660e-01,9.999991655349731445e-01,-9.999936819076538086e-01,9.999975562095642090e-01,9.999933242797851562e-01,9.999985694885253906e-01,-9.999879598617553711e-01,-9.999960660934448242e-01,9.999985098838806152e-01,-9.999746084213256836e-01,-9.999991655349731445e-01,-9.999989271163940430e-01,-9.999889731407165527e-01,9.999992251396179199e-01,-9.999988675117492676e-01,-9.999905824661254883e-01,-9.999880790710449219e-01,-9.999992251396179199e-01,-9.999985694885253906e-01,-9.999985098838806152e-01,9.999949932098388672e-01,-9.999990463256835938e-01,-9.999991059303283691e-01,9.999988079071044922e-01,9.999991655349731445e-01,9.999988675117492676e-01,9.999990463256835938e-01,9.999950528144836426e-01,9.999989271163940430e-01,9.999985098838806152e-01,9.999769926071166992e-01,-9.999945163726806641e-01,-9.999961256980895996e-01,-9.999986886978149414e-01,9.999988079071044922e-01,-9.999992251396179199e-01,-9.999988079071044922e-01,-9.999966621398925781e-01,9.999955296516418457e-01,9.999991655349731445e-01,9.999992251396179199e-01,9.999967813491821289e-01,9.999992847442626953e-01,-9.999986886978149414e-01,9.999991655349731445e-01,-9.999972581863403320e-01,9.999926686286926270e-01,9.999953508377075195e-01,9.999889135360717773e-01,9.999988079071044922e-01,-9.999930858612060547e-01,-9.999989867210388184e-01,9.999955296516418457e-01,9.999964833259582520e-01,-9.999928474426269531e-01,-9.999981522560119629e-01,9.999990463256835938e-01,-9.999986290931701660e-01,9.999987483024597168e-01,9.999888539314270020e-01,-9.266937375068664551e-01,-9.999992251396179199e-01,-9.999940991401672363e-01,-9.999903440475463867e-01,9.999954700469970703e-01,-9.999988079071044922e-01,9.999899268150329590e-01,9.999980330467224121e-01,-9.999981522560119629e-01,9.999983906745910645e-01,9.999906420707702637e-01,-9.999992847442626953e-01,9.999992847442626953e-01,-9.999979734420776367e-01,9.999976158142089844e-01,-9.999992251396179199e-01,-9.999524950981140137e-01,-9.999678134918212891e-01,-9.999990463256835938e-01,-9.999969601631164551e-01,9.999865293502807617e-01,9.999988079071044922e-01,9.999955892562866211e-01,-9.999989271163940430e-01,9.999988675117492676e-01,-9.999983310699462891e-01,9.999986290931701660e-01,9.999155998229980469e-01,-9.999992847442626953e-01,9.999977350234985352e-01,-9.999992847442626953e-01,9.999983906745910645e-01,9.999964237213134766e-01,9.999974966049194336e-01,9.999988079071044922e-01,-9.999976158142089844e-01,-9.999982714653015137e-01,9.999976754188537598e-01,9.999936223030090332e-01,9.999959468841552734e-01,-9.999821186065673828e-01,9.999938011169433594e-01
-9.999989271163940430e-01,9.999991059303283691e-01,9.999963641166687012e-01,-9.999981522560119629e-01,-9.999993443489074707e-01,9.999992251396179199e-01,-9.999965429306030273e-01,-9.999994635581970215e-01,9.999960660934448242e-01,-9.999989867210388184e-01,9.999992251396179199e-01,9.999992847442626953e-01,-9.999986886978149414e-01,-9.999989271163940430e-01,-9.999966621398925781e-01,-9.999960064888000488e-01,-9.999982714653015137e-01,9.999985694885253906e-01,-9.999948740005493164e-01,9.999994039535522461e-01,9.999994039535522461e-01,-9.999961853027343750e-01,-9.999991059303283691e-01,-9.999983310699462891e-01,-9.999927282333374023e-01,-9.999992847442626953e-01,9.999987483024597168e-01,9.999992847442626953e-01,-9.999943375587463379e-01,9.999978542327880859e-01,9.999939203262329102e-01,9.999986886978149414e-01,-9.999891519546508789e-01,-9.999965429306030273e-01,9.999987483024597168e-01,-9.999770522117614746e-01,-9.999993443489074707e-01,-9.999990463256835938e-01,-9.999901056289672852e-01,9.999993443489074707e-01,-9.999991059303283691e-01,-9.999915361404418945e-01,-9.999892711639404297e-01,-9.999993443489074707e-01,-9.999988079071044922e-01,-9.999987483024597168e-01,9.999954700469970703e-01,-9.999992251396179199e-01,-9.999992847442626953e-01,9.999989867210388184e-01,9.999993443489074707e-01,9.999991059303283691e-01,9.999992251396179199e-01,9.999955892562866211e-01,9.999992251396179199e-01,9.999988079071044922e-01,9.999792575836181641e-01,-9.999950528144836426e-01,-9.999964833259582520e-01,-9.999988079071044922e-01,9.999989271163940430e-01,-9.999994039535522461e-01,-9.999989271163940430e-01,-9.999969601631164551e-01,9.999960064888000488e-01,9.999992847442626953e-01,9.999994039535522461e-01,9.999971389770507812e-01,9.999993443489074707e-01,-9.999988675117492676e-01,9.999992251396179199e-01,-9.999975562095642090e-01,9.999934434890747070e-01,9.999958276748657227e-01,9.999900460243225098e-01,9.999989867210388184e-01,-9.999938607215881348e-01,-9.999992251396179199e-01,9.999959468841552734e-01,9.999968409538269043e-01,-9.999936819076538086e-01,-9.999983906745910645e-01,9.999991655349731445e-01,-9.999988675117492676e-01,9.999989271163940430e-01,9.999899864196777344e-01,-9.267757534980773926e-01,-9.999994039535522461e-01,-9.999947547912597656e-01,-9.999912977218627930e-01,9.999958872795104980e-01,-9.999989271163940430e-01,9.999909400939941406e-01,9.999983310699462891e-01,-9.999983906745910645e-01,9.999985694885253906e-01,9.999916553497314453e-01,-9.999995231628417969e-01,9.999993443489074707e-01,-9.999982714653015137e-01,9.999978542327880859e-01,-9.999994039535522461e-01,-9.999570250511169434e-01,-9.999709725379943848e-01,-9.999992847442626953e-01,-9.999973177909851074e-01,9.999879002571105957e-01,9.999989867210388184e-01,9.999960064888000488e-01,-9.999990463256835938e-01,9.999992251396179199e-01,-9.999985694885253906e-01,9.999988079071044922e-01,9.999235868453979492e-01,-9.999993443489074707e-01,9.999980330467224121e-01,-9.999994635581970215e-01,9.999986290931701660e-01,9.999969601631164551e-01,9.999977946281433105e-01,9.999990463256835938e-01,-9.999979138374328613e-01,-9.999984502792358398e-01,9.999979734420776367e-01,9.999942183494567871e-01,9.999964237213134766e-01,-9.999838471412658691e-01,9.999944567680358887e-01
