9.999982714653015137e-01,-9.999985694885253906e-01,-9.999928474426269531e-01,9.999980926513671875e-01,9.999988675117492676e-01,-9.999987483024597168e-01,9.999960064888000488e-01,9.999989867210388184e-01,-9.999971985816955566e-01,9.999980330467224121e-01,-9.999987483024597168e-01,-9.999989867210388184e-01,9.999980926513671875e-01,9.999985098838806152e-01,9.999903440475463867e-01,9.999966621398925781e-01,9.999974370002746582e-01,-9.999984502792358398e-01,9.999935030937194824e-01,-9.999991059303283691e-01,-9.999989271163940430e-01,9.999923110008239746e-01,9.999985694885253906e-01,9.999983310699462891e-01,9.999889731407165527e-01,9.999990463256835938e-01,-9.999983310699462891e-01,-9.999989271163940430e-01,9.999880194664001465e-01,-9.999958872795104980e-01,-9.999927878379821777e-01,-9.999984502792358398e-01,9.999898672103881836e-01,9.999964237213134766e-01,-9.999976754188537598e-01,9.993990063667297363e-01,9.999989271163940430e-01,9.999986290931701660e-01,9.999922513961791992e-01,-9.999988079071044922e-01,9.999986886978149414e-01,-9.999939799308776855e-01,9.999788403511047363e-01,9.999988079071044922e-01,9.999982714653015137e-01,9.999982714653015137e-01,-9.999929070472717285e-01,9.999983906745910645e-01,9.999987483024597168e-01,-9.999984502792358398e-01,-9.999987483024597168e-01,-9.999982118606567383e-01,-9.999988675117492676e-01,-9.999926686286926270e-01,-9.999979734420776367e-01,-9.999980926513671875e-01,-9.999957084655761719e-01,9.999622702598571777e-01,9.999973177909851074e-01,9.999983310699462891e-01,-9.999983906745910645e-01,9.999989867210388184e-01,9.999983310699462891e-01,9.999953508377075195e-01,-9.999954104423522949e-01,-9.999987483024597168e-01,-9.999991059303283691e-01,-9.999960064888000488e-01,-9.999988675117492676e-01,9.999985694885253906e-01,-9.999987483024597168e-01,9.999979734420776367e-01,9.999926686286926270e-01,-9.999933838844299316e-01,-9.999732375144958496e-01,-9.999983310699462891e-01,9.999928474426269531e-01,9.999986886978149414e-01,-9.999944567680358887e-01,-9.999963641166687012e-01,9.999550580978393555e-01,9.999977946281433105e-01,-9.999988675117492676e-01,9.999977946281433105e-01,-9.999982118606567383e-01,-9.999890923500061035e-01,9.999828338623046875e-01,9.999988675117492676e-01,9.999815821647644043e-01,9.999650120735168457e-01,-9.999969005584716797e-01,9.999982714653015137e-01,-9.999815821647644043e-01,-9.999978542327880859e-01,9.999981522560119629e-01,-9.999978542327880859e-01,-9.999918341636657715e-01,9.999990463256835938e-01,-9.999988079071044922e-01,9.999952912330627441e-01,-9.999968409538269043e-01,9.999987483024597168e-01,-9.999477863311767578e-01,-9.996658563613891602e-01,9.999986290931701660e-01,9.999972581863403320e-01,-9.999763965606689453e-01,-9.999982118606567383e-01,-9.999939799308776855e-01,9.999984502792358398e-01,-9.999983310699462891e-01,9.999982714653015137e-01,-9.999982118606567383e-01,-9.999701976776123047e-01,9.999991059303283691e-01,-9.999978542327880859e-01,9.999988675117492676e-01,-9.999983906745910645e-01,-9.999949336051940918e-01,-9.999979734420776367e-01,-9.999987483024597168e-01,9.999962449073791504e-01,9.999983906745910645e-01,-9.999975562095642090e-01,-9.999876022338867188e-01,-9.999955296516418457e-01,9.999907612800598145e-01,-9.999960064888000488e-01
-9.999985694885253906e-01,9.999988675117492676e-01,9.999940991401672363e-01,-9.999984502792358398e-01,-9.999990463256835938e-01,9.999989271163940430e-01,-9.999966621398925781e-01,-9.999992251396179199e-01,9.999976754188537598e-01,-9.999982714653015137e-01,9.999988675117492676e-01,9.999991655349731445e-01,-9.999984502792358398e-01,-9.999987483024597168e-01,-9.999919533729553223e-01,-9.999972581863403320e-01,-9.999978542327880859e-01,9.999987483024597168e-01,-9.999946355819702148e-01,9.999992251396179199e-01,9.999992251396179199e-01,-9.999936819076538086e-01,-9.999987483024597168e-01,-9.999986290931701660e-01,-9.999909996986389160e-01,-9.999991059303283691e-01,9.999986290931701660e-01,9.999990463256835938e-01,-9.999901652336120605e-01,9.999965429306030273e-01,9.999940395355224609e-01,9.999986886978149414e-01,-9.999917745590209961e-01,-9.999971389770507812e-01,9.999980926513671875e-01,-9.995067715644836426e-01,-9.999992251396179199e-01,-9.999988675117492676e-01,-9.999935030937194824e-01,9.999990463256835938e-01,-9.999988079071044922e-01,9.999950528144836426e-01,-9.999825358390808105e-01,-9.999990463256835938e-01,-9.999985694885253906e-01,-9.999985098838806152e-01,9.999941587448120117e-01,-9.999987483024597168e-01,-9.999991059303283691e-01,9.999987483024597168e-01,9.999990463256835938e-01,9.999985694885253906e-01,9.999991655349731445e-01,9.999940991401672363e-01,9.999983310699462891e-01,9.999984502792358398e-01,9.999964237213134766e-01,-9.999690651893615723e-01,-9.999977350234985352e-01,-9.999986886978149414e-01,9.999986290931701660e-01,-9.999992251396179199e-01,-9.999986290931701660e-01,-9.999961853027343750e-01,9.999961256980895996e-01,9.999989867210388184e-01,9.999992847442626953e-01,9.999966621398925781e-01,9.999991059303283691e-01,-9.999988675117492676e-01,9.999989271163940430e-01,-9.999983310699462891e-01,-9.999939799308776855e-01,9.999946951866149902e-01,9.999780058860778809e-01,9.999985694885253906e-01,-9.999942183494567871e-01,-9.999989271163940430e-01,9.999954104423522949e-01,9.999969005584716797e-01,-9.999631047248840332e-01,-9.999981522560119629e-01,9.999991059303283691e-01,-9.999982118606567383e-01,9.999985098838806152e-01,9.999911189079284668e-01,-9.999859333038330078e-01,-9.999991655349731445e-01,-9.999849200248718262e-01,-9.999713897705078125e-01,9.999974370002746582e-01,-9.999985694885253906e-01,9.999848008155822754e-01,9.999982118606567383e-01,-9.999985098838806152e-01,9.999982714653015137e-01,9.999932050704956055e-01,-9.999991059303283691e-01,9.999991059303283691e-01,-9.999961256980895996e-01,9.999973177909851074e-01,-9.999991059303283691e-01,9.999571442604064941e-01,9.997258186340332031e-01,-9.999988675117492676e-01,-9.999977350234985352e-01,9.999806284904479980e-01,9.999985098838806152e-01,9.999950528144836426e-01,-9.999986886978149414e-01,9.999986290931701660e-01,-9.999985694885253906e-01,9.999985098838806152e-01,9.999755620956420898e-01,-9.999991655349731445e-01,9.999982118606567383e-01,-9.999991059303283691e-01,9.999986886978149414e-01,9.999958276748657227e-01,9.999982714653015137e-01,9.999989867210388184e-01,-9.999969005584716797e-01,-9.999986886978149414e-01,9.999979734420776367e-01,9.999899268150329590e-01,9.999963045120239258e-01,-9.999923706054687500e-01,9.999966621398925781e-01
-9.999928474426269531e-01,9.999940991401672363e-01,9.999688267707824707e-01,-9.999917745590209961e-01,-9.999951720237731934e-01,9.999947547912597656e-01,-9.999823570251464844e-01,-9.999957680702209473e-01,9.999881982803344727e-01,-9.999913573265075684e-01,9.999944567680358887e-01,9.999951720237731934e-01,-9.999918341636657715e-01,-9.999935030937194824e-01,-9.999574422836303711e-01,-9.999859929084777832e-01,-9.999889135360717773e-01,9.999935030937194824e-01,-9.999712705612182617e-01,9.999960064888000488e-01,9.999954700469970703e-01,-9.999660253524780273e-01,-9.999936223030090332e-01,-9.999927282333374023e-01,-9.999515414237976074e-01,-9.999955296516418457e-01,9.999927282333374023e-01,9.999951720237731934e-01,-9.999470114707946777e-01,9.999818205833435059e-01,9.999683499336242676e-01,9.999931454658508301e-01,-9.999555945396423340e-01,-9.999849796295166016e-01,9.999898672103881836e-01,-9.973581433296203613e-01,-9.999957084655761719e-01,-9.999939799308776855e-01,-9.999657273292541504e-01,9.999949932098388672e-01,-9.999940991401672363e-01,9.999735355377197266e-01,-9.999064207077026367e-01,-9.999950528144836426e-01,-9.999927878379821777e-01,-9.999926090240478516e-01,9.999685287475585938e-01,-9.999932646751403809e-01,-9.999947547912597656e-01,9.999935626983642578e-01,9.999947547912597656e-01,9.999923110008239746e-01,9.999950528144836426e-01,9.999681711196899414e-01,9.999917149543762207e-01,9.999920129776000977e-01,9.999810457229614258e-01,-9.998338222503662109e-01,-9.999882578849792480e-01,-9.999930858612060547e-01,9.999929070472717285e-01,-9.999955296516418457e-01,-9.999929666519165039e-01,-9.999797940254211426e-01,9.999801516532897949e-01,9.999948740005493164e-01,9.999957680702209473e-01,9.999823570251464844e-01,9.999952912330627441e-01,-9.999940991401672363e-01,9.999946355819702148e-01,-9.999911189079284668e-01,-9.999676942825317383e-01,9.999712705612182617e-01,9.998822212219238281e-01,9.999926686286926270e-01,-9.999688267707824707e-01,-9.999945163726806641e-01,9.999756813049316406e-01,9.999841451644897461e-01,-9.998023509979248047e-01,-9.999900460243225098e-01,9.999949336051940918e-01,-9.999904036521911621e-01,9.999924302101135254e-01,9.999521374702453613e-01,-9.999242424964904785e-01,-9.999954104423522949e-01,-9.999188184738159180e-01,-9.998460412025451660e-01,9.999865889549255371e-01,-9.999928474426269531e-01,9.999186992645263672e-01,9.999904036521911621e-01,-9.999923706054687500e-01,9.999908804893493652e-01,9.999638795852661133e-01,-9.999956488609313965e-01,9.999948740005493164e-01,-9.999795556068420410e-01,9.999861121177673340e-01,-9.999948143959045410e-01,9.997702240943908691e-01,9.985302090644836426e-01,-9.999940991401672363e-01,-9.999883770942687988e-01,9.998961091041564941e-01,9.999926686286926270e-01,9.999735355377197266e-01,-9.999935626983642578e-01,9.999930262565612793e-01,-9.999927282333374023e-01,9.999925494194030762e-01,9.998691082000732422e-01,-9.999957680702209473e-01,9.999909400939941406e-01,-9.999954104423522949e-01,9.999930858612060547e-01,9.999776482582092285e-01,9.999911785125732422e-01,9.999948143959045410e-01,-9.999840259552001953e-01,-9.999929070472717285e-01,9.999897480010986328e-01,9.999457597732543945e-01,9.999803900718688965e-01,-9.999591112136840820e-01,9.999823570251464844e-01
9.999980926513671875e-01,-9.999984502792358398e-01,-9.999917745590209961e-01,9.999978542327880859e-01,9.999987483024597168e-01,-9.999985694885253906e-01,9.999953508377075195e-01,9.999989271163940430e-01,-9.999968409538269043e-01,9.999977350234985352e-01,-9.999985098838806152e-01,-9.999988079071044922e-01,9.999978542327880859e-01,9.999983906745910645e-01,9.999889135360717773e-01,9.999962449073791504e-01,9.999971389770507812e-01,-9.999982714653015137e-01,9.999924302101135254e-01,-9.999989867210388184e-01,-9.999988675117492676e-01,9.999911189079284668e-01,9.999983310699462891e-01,9.999981522560119629e-01,9.999873042106628418e-01,9.999989271163940430e-01,-9.999980926513671875e-01,-9.999988079071044922e-01,9.999861121177673340e-01,-9.999952316284179688e-01,-9.999916553497314453e-01,-9.999981522560119629e-01,9.999884366989135742e-01,9.999960064888000488e-01,-9.999973177909851074e-01,9.993027448654174805e-01,9.999988675117492676e-01,9.999983906745910645e-01,9.999910593032836914e-01,-9.999986886978149414e-01,9.999984502792358398e-01,-9.999931454658508301e-01,9.999754428863525391e-01,9.999986886978149414e-01,9.999980926513671875e-01,9.999980330467224121e-01,-9.999917745590209961e-01,9.999982118606567383e-01,9.999986290931701660e-01,-9.999983310699462891e-01,-9.999986290931701660e-01,-9.999979734420776367e-01,-9.999988079071044922e-01,-9.999916553497314453e-01,-9.999977350234985352e-01,-9.999979138374328613e-01,-9.999949932098388672e-01,9.999563097953796387e-01,9.999968409538269043e-01,9.999981522560119629e-01,-9.999981522560119629e-01,9.999988675117492676e-01,9.999981522560119629e-01,9.999946951866149902e-01,-9.999947547912597656e-01,-9.999986290931701660e-01,-9.999988675117492676e-01,-9.999954104423522949e-01,-9.999987483024597168e-01,9.999985098838806152e-01,-9.999985694885253906e-01,9.999976754188537598e-01,9.999915361404418945e-01,-9.999924898147583008e-01,-9.999690055847167969e-01,-9.999980926513671875e-01,9.999918341636657715e-01,9.999985694885253906e-01,-9.999936223030090332e-01,-9.999958872795104980e-01,9.999479055404663086e-01,9.999974370002746582e-01,-9.999987483024597168e-01,9.999974966049194336e-01,-9.999980330467224121e-01,-9.999874830245971680e-01,9.999801516532897949e-01,9.999987483024597168e-01,9.999787211418151855e-01,9.999594688415527344e-01,-9.999964237213134766e-01,9.999980926513671875e-01,-9.999787211418151855e-01,-9.999974966049194336e-01,9.999979734420776367e-01,-9.999975562095642090e-01,-9.999905228614807129e-01,9.999989271163940430e-01,-9.999986290931701660e-01,9.999946355819702148e-01,-9.999963045120239258e-01,9.999986290931701660e-01,-9.999395608901977539e-01,-9.996123909950256348e-01,9.999984502792358398e-01,9.999969005584716797e-01,-9.999727010726928711e-01,-9.999980330467224121e-01,-9.999931454658508301e-01,9.999982714653015137e-01,-9.999981522560119629e-01,9.999980926513671875e-01,-9.999980330467224121e-01,-9.999654889106750488e-01,9.999989271163940430e-01,-9.999975562095642090e-01,9.999986886978149414e-01,-9.999981522560119629e-01,-9.999940991401672363e-01,-9.999976754188537598e-01,-9.999986290931701660e-01,9.999958276748657227e-01,9.999981522560119629e-01,-9.999973177909851074e-01,-9.999858140945434570e-01,-9.999948740005493164e-01,9.999893307685852051e-01,-9.999954104423522949e-01
9.999988675117492676e-01,-9.999990463256835938e-01,-9.999951720237731934e-01,9.999987483024597168e-01,9.999992251396179199e-01,-9.999992251396179199e-01,9.999972581863403320e-01,9.999993443489074707e-01,-9.999980926513671875e-01,9.999986290931701660e-01,-9.999992251396179199e-01,-9.999993443489074707e-01,9.999987483024597168e-01,9.999990463256835938e-01,9.999936223030090332e-01,9.999977946281433105e-01,9.999983310699462891e-01,-9.999989867210388184e-01,9.999956488609313965e-01,-9.999993443489074707e-01,-9.999992847442626953e-01,9.999949336051940918e-01,9.999989867210388184e-01,9.999988675117492676e-01,9.999927282333374023e-01,9.999993443489074707e-01,-9.999988675117492676e-01,-9.999992251396179199e-01,9.999919533729553223e-01,-9.999972581863403320e-01,-9.999952316284179688e-01,-9.999989271163940430e-01,9.999933838844299316e-01,9.999977350234985352e-01,-9.999983906745910645e-01,9.996028542518615723e-01,9.999994039535522461e-01,9.999990463256835938e-01,9.999948740005493164e-01,-9.999992251396179199e-01,9.999990463256835938e-01,-9.999958276748657227e-01,9.999858736991882324e-01,9.999992251396179199e-01,9.999988675117492676e-01,9.999988079071044922e-01,-9.999952316284179688e-01,9.999989271163940430e-01,9.999992847442626953e-01,-9.999991059303283691e-01,-9.999992251396179199e-01,-9.999988079071044922e-01,-9.999992847442626953e-01,-9.999952316284179688e-01,-9.999985694885253906e-01,-9.999987483024597168e-01,-9.999971389770507812e-01,9.999750852584838867e-01,9.999980926513671875e-01,9.999989271163940430e-01,-9.999988675117492676e-01,9.999992847442626953e-01,9.999988079071044922e-01,9.999968409538269043e-01,-9.999969005584716797e-01,-9.999991655349731445e-01,-9.999994039535522461e-01,-9.999973177909851074e-01,-9.999992847442626953e-01,9.999991655349731445e-01,-9.999992251396179199e-01,9.999986290931701660e-01,9.999951124191284180e-01,-9.999956488609313965e-01,-9.999822974205017090e-01,-9.999988079071044922e-01,9.999952912330627441e-01,9.999991059303283691e-01,-9.999961853027343750e-01,-9.999976158142089844e-01,9.999704360961914062e-01,9.999985098838806152e-01,-9.999992847442626953e-01,9.999985098838806152e-01,-9.999988079071044922e-01,-9.999928474426269531e-01,9.999886751174926758e-01,9.999993443489074707e-01,9.999878406524658203e-01,9.999768733978271484e-01,-9.999979138374328613e-01,9.999988675117492676e-01,-9.999878406524658203e-01,-9.999985694885253906e-01,9.999986886978149414e-01,-9.999985694885253906e-01,-9.999945759773254395e-01,9.999994039535522461e-01,-9.999992847442626953e-01,9.999967813491821289e-01,-9.999978542327880859e-01,9.999991655349731445e-01,-9.999654889106750488e-01,-9.997792243957519531e-01,9.999990463256835938e-01,9.999981522560119629e-01,-9.999843239784240723e-01,-9.999988079071044922e-01,-9.999958276748657227e-01,9.999989867210388184e-01,-9.999988675117492676e-01,9.999988675117492676e-01,-9.999987483024597168e-01,-9.999803304672241211e-01,9.999994039535522461e-01,-9.999986290931701660e-01,9.999992847442626953e-01,-9.999988675117492676e-01,-9.999966025352478027e-01,-9.999985694885253906e-01,-9.999991655349731445e-01,9.999974966049194336e-01,9.999988675117492676e-01,-9.999983310699462891e-01,-9.999918341636657715e-01,-9.999969601631164551e-01,9.999938607215881348e-01,-9.999973177909851074e-01
-9.999987483024597168e-01,9.999989271163940430e-01,9.999947547912597656e-01,-9.999985694885253906e-01,-9.999992251396179199e-01,9.999990463256835938e-01,-9.999969005584716797e-01,-9.999993443489074707e-01,9.999979734420776367e-01,-9.999985098838806152e-01,9.999991059303283691e-01,9.999992251396179199e-01,-9.999986886978149414e-01,-9.999988675117492676e-01,-9.999928474426269531e-01,-9.999975562095642090e-01,-9.999980926513671875e-01,9.999988675117492676e-01,-9.999951720237731934e-01,9.999993443489074707e-01,9.999992847442626953e-01,-9.999942779541015625e-01,-9.999989271163940430e-01,-9.999987483024597168e-01,-9.999918937683105469e-01,-9.999992847442626953e-01,9.999988079071044922e-01,9.999991655349731445e-01,-9.999910593032836914e-01,9.999969005584716797e-01,9.999946951866149902e-01,9.999988079071044922e-01,-9.999925494194030762e-01,-9.999974370002746582e-01,9.999982714653015137e-01,-9.995540380477905273e-01,-9.999992847442626953e-01,-9.999989867210388184e-01,-9.999942183494567871e-01,9.999992251396179199e-01,-9.999989271163940430e-01,9.999955296516418457e-01,-9.999842643737792969e-01,-9.999992251396179199e-01,-9.999988079071044922e-01,-9.999987483024597168e-01,9.999946951866149902e-01,-9.999988675117492676e-01,-9.999991655349731445e-01,9.999988675117492676e-01,9.999992251396179199e-01,9.999986886978149414e-01,9.999992251396179199e-01,9.999946355819702148e-01,9.999985098838806152e-01,9.999985694885253906e-01,9.999967813491821289e-01,-9.999721646308898926e-01,-9.999979734420776367e-01,-9.999987483024597168e-01,9.999988079071044922e-01,-9.999992847442626953e-01,-9.999988079071044922e-01,-9.999964833259582520e-01,9.999966025352478027e-01,9.999991655349731445e-01,9.999992251396179199e-01,9.999969601631164551e-01,9.999992847442626953e-01,-9.999990463256835938e-01,9.999991655349731445e-01,-9.999984502792358398e-01,-9.999945759773254395e-01,9.999951124191284180e-01,9.999801516532897949e-01,9.999987483024597168e-01,-9.999946951866149902e-01,-9.999990463256835938e-01,9.999958276748657227e-01,9.999973177909851074e-01,-9.999666213989257812e-01,-9.999983310699462891e-01,9.999992251396179199e-01,-9.999984502792358398e-01,9.999986290931701660e-01,9.999919533729553223e-01,-9.999872446060180664e-01,-9.999992847442626953e-01,-9.999864697456359863e-01,-9.999741315841674805e-01,9.999976754188537598e-01,-9.999987483024597168e-01,9.999863505363464355e-01,9.999983906745910645e-01,-9.999986290931701660e-01,9.999984502792358398e-01,9.999939203262329102e-01,-9.999992847442626953e-01,9.999991655349731445e-01,-9.999964237213134766e-01,9.999976158142089844e-01,-9.999991655349731445e-01,9.999613761901855469e-01,9.997521042823791504e-01,-9.999990463256835938e-01,-9.999979138374328613e-01,9.999824762344360352e-01,9.999987483024597168e-01,9.999955296516418457e-01,-9.999988079071044922e-01,9.999987483024597168e-01,-9.999986886978149414e-01,9.999986886978149414e-01,9.999780058860778809e-01,-9.999993443489074707e-01,9.999984502792358398e-01,-9.999992847442626953e-01,9.999988079071044922e-01,9.999961853027343750e-01,9.999983906745910645e-01,9.999990463256835938e-01,-9.999973177909851074e-01,-9.999988079071044922e-01,9.999982714653015137e-01,9.999908804893493652e-01,9.999965429306030273e-01,-9.999931454658508301e-01,9.999969601631164551e-01
9.999960064888000488e-01,-9.999966621398925781e-01,-9.999823570251464844e-01,9.999953508377075195e-01,9.999972581863403320e-01,-9.999969005584716797e-01,9.999899864196777344e-01,9.999976754188537598e-01,-9.999933242797851562e-01,9.999951720237731934e-01,-9.999968409538269043e-01,-9.999972581863403320e-01,9.999954104423522949e-01,9.999963641166687012e-01,9.999759793281555176e-01,9.999920725822448730e-01,9.999937415122985840e-01,-9.999963641166687012e-01,9.999837279319763184e-01,-9.999977350234985352e-01,-9.999974370002746582e-01,9.999808669090270996e-01,9.999963641166687012e-01,9.999959468841552734e-01,9.999726414680480957e-01,9.999975562095642090e-01,-9.999960064888000488e-01,-9.999972581863403320e-01,9.999700784683227539e-01,-9.999898076057434082e-01,-9.999820590019226074e-01,-9.999960660934448242e-01,9.999749064445495605e-01,9.999915361404418945e-01,-9.999942779541015625e-01,9.985021948814392090e-01,9.999974966049194336e-01,9.999965429306030273e-01,9.999806880950927734e-01,-9.999971389770507812e-01,9.999966621398925781e-01,-9.999850392341613770e-01,9.999470710754394531e-01,9.999971985816955566e-01,9.999960064888000488e-01,9.999958276748657227e-01,-9.999822974205017090e-01,9.999961256980895996e-01,9.999970197677612305e-01,-9.999963641166687012e-01,-9.999969601631164551e-01,-9.999957084655761719e-01,-9.999973177909851074e-01,-9.999820590019226074e-01,-9.999952912330627441e-01,-9.999955296516418457e-01,-9.999892711639404297e-01,9.999058246612548828e-01,9.999933838844299316e-01,9.999960660934448242e-01,-9.999960064888000488e-01,9.999974966049194336e-01,9.999960064888000488e-01,9.999885559082031250e-01,-9.999887943267822266e-01,-9.999971389770507812e-01,-9.999976158142089844e-01,-9.999900460243225098e-01,-9.999973773956298828e-01,9.999967217445373535e-01,-9.999969005584716797e-01,9.999950528144836426e-01,9.999818205833435059e-01,-9.999837875366210938e-01,-9.999333024024963379e-01,-9.999959468841552734e-01,9.999824166297912598e-01,9.999969005584716797e-01,-9.999861121177673340e-01,-9.999910593032836914e-01,9.998880624771118164e-01,9.999944567680358887e-01,-9.999971985816955566e-01,9.999945759773254395e-01,-9.999957680702209473e-01,-9.999729394912719727e-01,9.999570846557617188e-01,9.999974370002746582e-01,9.999539852142333984e-01,9.999127984046936035e-01,-9.999924898147583008e-01,9.999959468841552734e-01,-9.999539852142333984e-01,-9.999945759773254395e-01,9.999957084655761719e-01,-9.999948740005493164e-01,-9.999795556068420410e-01,9.999975562095642090e-01,-9.999971389770507812e-01,9.999883770942687988e-01,-9.999921917915344238e-01,9.999970793724060059e-01,-9.998698830604553223e-01,-9.991672039031982422e-01,9.999967217445373535e-01,9.999933838844299316e-01,-9.999412298202514648e-01,-9.999958276748657227e-01,-9.999850392341613770e-01,9.999963045120239258e-01,-9.999960660934448242e-01,9.999959468841552734e-01,-9.999957680702209473e-01,-9.999258518218994141e-01,9.999976158142089844e-01,-9.999948740005493164e-01,9.999973773956298828e-01,-9.999960660934448242e-01,-9.999873638153076172e-01,-9.999950528144836426e-01,-9.999970197677612305e-01,9.999909996986389160e-01,9.999960064888000488e-01,-9.999942779541015625e-01,-9.999693036079406738e-01,-9.999889135360717773e-01,9.999768733978271484e-01,-9.999899864196777344e-01
9.999989867210388184e-01,-9.999992251396179199e-01,-9.999957680702209473e-01,9.999989271163940430e-01,9.999993443489074707e-01,-9.999993443489074707e-01,9.999976754188537598e-01,9.999995231628417969e-01,-9.999983906745910645e-01,9.999988079071044922e-01,-9.999993443489074707e-01,-9.999994635581970215e-01,9.999989271163940430e-01,9.999991655349731445e-01,9.999942779541015625e-01,9.999980926513671875e-01,9.999984502792358398e-01,-9.999991655349731445e-01,9.999961853027343750e-01,-9.999995231628417969e-01,-9.999994635581970215e-01,9.999954700469970703e-01,9.999991655349731445e-01,9.999990463256835938e-01,9.999935626983642578e-01,9.999995231628417969e-01,-9.999991655349731445e-01,-9.999994039535522461e-01,9.999928474426269531e-01,-9.999975562095642090e-01,-9.999957680702209473e-01,-9.999991059303283691e-01,9.999939799308776855e-01,9.999979138374328613e-01,-9.999986290931701660e-01,9.996414780616760254e-01,9.999995231628417969e-01,9.999993443489074707e-01,9.999954104423522949e-01,-9.999993443489074707e-01,9.999992251396179199e-01,-9.999964833259582520e-01,9.999874830245971680e-01,9.999993443489074707e-01,9.999991059303283691e-01,9.999989867210388184e-01,-9.999958276748657227e-01,9.999991059303283691e-01,9.999993443489074707e-01,-9.999991655349731445e-01,-9.999994039535522461e-01,-9.999989867210388184e-01,-9.999994635581970215e-01,-9.999957084655761719e-01,-9.999988079071044922e-01,-9.999989271163940430e-01,-9.999974966049194336e-01,9.999775886535644531e-01,9.999983906745910645e-01,9.999991059303283691e-01,-9.999991059303283691e-01,9.999994635581970215e-01,9.999991059303283691e-01,9.999972581863403320e-01,-9.999972581863403320e-01,-9.999994039535522461e-01,-9.999995231628417969e-01,-9.999976158142089844e-01,-9.999994635581970215e-01,9.999993443489074707e-01,-9.999992847442626953e-01,9.999988675117492676e-01,9.999957084655761719e-01,-9.999960660934448242e-01,-9.999840855598449707e-01,-9.999991655349731445e-01,9.999957680702209473e-01,9.999992847442626953e-01,-9.999966621398925781e-01,-9.999979138374328613e-01,9.999732971191406250e-01,9.999986886978149414e-01,-9.999994635581970215e-01,9.999987483024597168e-01,-9.999989867210388184e-01,-9.999936223030090332e-01,9.999897480010986328e-01,9.999994039535522461e-01,9.999890327453613281e-01,9.999791979789733887e-01,-9.999982714653015137e-01,9.999991059303283691e-01,-9.999890923500061035e-01,-9.999987483024597168e-01,9.999989867210388184e-01,-9.999987483024597168e-01,-9.999951720237731934e-01,9.999995231628417969e-01,-9.999993443489074707e-01,9.999971389770507812e-01,-9.999982118606567383e-01,9.999993443489074707e-01,-9.999690651893615723e-01,-9.998008608818054199e-01,9.999993443489074707e-01,9.999983906745910645e-01,-9.999859929084777832e-01,-9.999990463256835938e-01,-9.999963641166687012e-01,9.999991655349731445e-01,-9.999991059303283691e-01,9.999990463256835938e-01,-9.999990463256835938e-01,-9.999822974205017090e-01,9.999995231628417969e-01,-9.999987483024597168e-01,9.999994039535522461e-01,-9.999991059303283691e-01,-9.999970197677612305e-01,-9.999988079071044922e-01,-9.999994039535522461e-01,9.999977946281433105e-01,9.999991059303283691e-01,-9.999985694885253906e-01,-9.999927878379821777e-01,-9.999973177909851074e-01,9.999945759773254395e-01,-9.999976754188537598e-01
-9.999971985816955566e-01,9.999976754188537598e-01,9.999881982803344727e-01,-9.999968409538269043e-01,-9.999980926513671875e-01,9.999979734420776367e-01,-9.999933242797851562e-01,-9.999983906745910645e-01,9.999954700469970703e-01,-9.999966025352478027e-01,9.999977946281433105e-01,9.999982714653015137e-01,-9.999968409538269043e-01,-9.999974966049194336e-01,-9.999839663505554199e-01,-9.999946355819702148e-01,-9.999957680702209473e-01,9.999975562095642090e-01,-9.999890327453613281e-01,9.999984502792358398e-01,9.999982714653015137e-01,-9.999871850013732910e-01,-9.999974966049194336e-01,-9.999973177909851074e-01,-9.999816417694091797e-01,-9.999983310699462891e-01,9.999972581863403320e-01,9.999980926513671875e-01,-9.999799132347106934e-01,9.999931454658508301e-01,9.999880194664001465e-01,9.999973773956298828e-01,-9.999831914901733398e-01,-9.999943375587463379e-01,9.999961256980895996e-01,-9.989976286888122559e-01,-9.999983310699462891e-01,-9.999976754188537598e-01,-9.999870657920837402e-01,9.999980330467224121e-01,-9.999976754188537598e-01,9.999899864196777344e-01,-9.999645948410034180e-01,-9.999981522560119629e-01,-9.999972581863403320e-01,-9.999970793724060059e-01,9.999881386756896973e-01,-9.999974370002746582e-01,-9.999979138374328613e-01,9.999974966049194336e-01,9.999979734420776367e-01,9.999970197677612305e-01,9.999981522560119629e-01,9.999879598617553711e-01,9.999968409538269043e-01,9.999969601631164551e-01,9.999927282333374023e-01,-9.999369978904724121e-01,-9.999955892562866211e-01,-9.999973773956298828e-01,9.999972581863403320e-01,-9.999982714653015137e-01,-9.999973177909851074e-01,-9.999923706054687500e-01,9.999923706054687500e-01,9.999980926513671875e-01,9.999983906745910645e-01,9.999933838844299316e-01,9.999981522560119629e-01,-9.999977946281433105e-01,9.999979138374328613e-01,-9.999966025352478027e-01,-9.999877810478210449e-01,9.999890923500061035e-01,9.999552965164184570e-01,9.999973177909851074e-01,-9.999881386756896973e-01,-9.999978542327880859e-01,9.999908208847045898e-01,9.999939799308776855e-01,-9.999250769615173340e-01,-9.999961853027343750e-01,9.999980926513671875e-01,-9.999963045120239258e-01,9.999970793724060059e-01,9.999818801879882812e-01,-9.999712705612182617e-01,-9.999982118606567383e-01,-9.999693036079406738e-01,-9.999417066574096680e-01,9.999949336051940918e-01,-9.999971985816955566e-01,9.999692440032958984e-01,9.999963045120239258e-01,-9.999970197677612305e-01,9.999965429306030273e-01,9.999863505363464355e-01,-9.999984502792358398e-01,9.999981522560119629e-01,-9.999922513961791992e-01,9.999947547912597656e-01,-9.999980330467224121e-01,9.999129176139831543e-01,9.994426965713500977e-01,-9.999977350234985352e-01,-9.999955892562866211e-01,9.999606013298034668e-01,9.999971985816955566e-01,9.999899864196777344e-01,-9.999974966049194336e-01,9.999973773956298828e-01,-9.999972581863403320e-01,9.999971985816955566e-01,9.999503493309020996e-01,-9.999983906745910645e-01,9.999965429306030273e-01,-9.999982714653015137e-01,9.999973773956298828e-01,9.999915361404418945e-01,9.999965429306030273e-01,9.999979734420776367e-01,-9.999939799308776855e-01,-9.999973177909851074e-01,9.999960660934448242e-01,9.999794960021972656e-01,9.999924898147583008e-01,-9.999846816062927246e-01,9.999934434890747070e-01
9.999980330467224121e-01,-9.999982714653015137e-01,-9.999913573265075684e-01,9.999977350234985352e-01,9.999986290931701660e-01,-9.999985098838806152e-01,9.999951720237731934e-01,9.999988079071044922e-01,-9.999966025352478027e-01,9.999975562095642090e-01,-9.999984502792358398e-01,-9.999987483024597168e-01,9.999977350234985352e-01,9.999980926513671875e-01,9.999882578849792480e-01,9.999960064888000488e-01,9.999969005584716797e-01,-9.999982118606567383e-01,9.999921321868896484e-01,-9.999988675117492676e-01,-9.999987483024597168e-01,9.999907016754150391e-01,9.999981522560119629e-01,9.999979734420776367e-01,9.999867677688598633e-01,9.999988079071044922e-01,-9.999979138374328613e-01,-9.999986886978149414e-01,9.999853968620300293e-01,-9.999949932098388672e-01,-9.999912977218627930e-01,-9.999980926513671875e-01,9.999878406524658203e-01,9.999958872795104980e-01,-9.999971985816955566e-01,9.992730021476745605e-01,9.999987483024597168e-01,9.999983310699462891e-01,9.999905824661254883e-01,-9.999985694885253906e-01,9.999982714653015137e-01,-9.999927282333374023e-01,9.999743700027465820e-01,9.999985694885253906e-01,9.999980330467224121e-01,9.999979138374328613e-01,-9.999913573265075684e-01,9.999981522560119629e-01,9.999985694885253906e-01,-9.999982118606567383e-01,-9.999985098838806152e-01,-9.999978542327880859e-01,-9.999986290931701660e-01,-9.999912381172180176e-01,-9.999976158142089844e-01,-9.999977946281433105e-01,-9.999948143959045410e-01,9.999543428421020508e-01,9.999966621398925781e-01,9.999980926513671875e-01,-9.999980330467224121e-01,9.999987483024597168e-01,9.999979734420776367e-01,9.999943971633911133e-01,-9.999944567680358887e-01,-9.999985098838806152e-01,-9.999988675117492676e-01,-9.999951720237731934e-01,-9.999986886978149414e-01,9.999983310699462891e-01,-9.999985098838806152e-01,9.999974966049194336e-01,9.999911189079284668e-01,-9.999921321868896484e-01,-9.999675750732421875e-01,-9.999979734420776367e-01,9.999914169311523438e-01,9.999983906745910645e-01,-9.999933242797851562e-01,-9.999956488609313965e-01,9.999455809593200684e-01,9.999973177909851074e-01,-9.999986290931701660e-01,9.999973177909851074e-01,-9.999977946281433105e-01,-9.999868869781494141e-01,9.999791383743286133e-01,9.999986290931701660e-01,9.999777674674987793e-01,9.999576210975646973e-01,-9.999962449073791504e-01,9.999979138374328613e-01,-9.999777078628540039e-01,-9.999973177909851074e-01,9.999978542327880859e-01,-9.999973773956298828e-01,-9.999901056289672852e-01,9.999988079071044922e-01,-9.999985694885253906e-01,9.999943375587463379e-01,-9.999960660934448242e-01,9.999985098838806152e-01,-9.999368190765380859e-01,-9.995958209037780762e-01,9.999983310699462891e-01,9.999967813491821289e-01,-9.999715685844421387e-01,-9.999979734420776367e-01,-9.999927282333374023e-01,9.999982118606567383e-01,-9.999980926513671875e-01,9.999980330467224121e-01,-9.999978542327880859e-01,-9.999639391899108887e-01,9.999988079071044922e-01,-9.999973773956298828e-01,9.999986886978149414e-01,-9.999980926513671875e-01,-9.999938607215881348e-01,-9.999974966049194336e-01,-9.999984502792358398e-01,9.999955892562866211e-01,9.999980330467224121e-01,-9.999971389770507812e-01,-9.999850988388061523e-01,-9.999946355819702148e-01,9.999887943267822266e-01,-9.999951720237731934e-01
-9.999987483024597168e-01,9.999988675117492676e-01,9.999944567680358887e-01,-9.999985098838806152e-01,-9.999992251396179199e-01,9.999991059303283691e-01,-9.999968409538269043e-01,-9.999993443489074707e-01,9.999977946281433105e-01,-9.999984502792358398e-01,9.999990463256835938e-01,9.999992847442626953e-01,-9.999985098838806152e-01,-9.999988079071044922e-01,-9.999924302101135254e-01,-9.999974966049194336e-01,-9.999980926513671875e-01,9.999988675117492676e-01,-9.999948740005493164e-01,9.999993443489074707e-01,9.999992251396179199e-01,-9.999939799308776855e-01,-9.999988675117492676e-01,-9.999987483024597168e-01,-9.999915361404418945e-01,-9.999992847442626953e-01,9.999986886978149414e-01,9.999991655349731445e-01,-9.999905824661254883e-01,9.999968409538269043e-01,9.999943971633911133e-01,9.999987483024597168e-01,-9.999922513961791992e-01,-9.999973773956298828e-01,9.999981522560119629e-01,-9.995293021202087402e-01,-9.999992847442626953e-01,-9.999989271163940430e-01,-9.999939203262329102e-01,9.999991655349731445e-01,-9.999989271163940430e-01,9.999952912330627441e-01,-9.999834299087524414e-01,-9.999991655349731445e-01,-9.999986886978149414e-01,-9.999986886978149414e-01,9.999943971633911133e-01,-9.999988675117492676e-01,-9.999991059303283691e-01,9.999988079071044922e-01,9.999991059303283691e-01,9.999986290931701660e-01,9.999992847442626953e-01,9.999943375587463379e-01,9.999984502792358398e-01,9.999985694885253906e-01,9.999966025352478027e-01,-9.999704957008361816e-01,-9.999979734420776367e-01,-9.999987483024597168e-01,9.999987483024597168e-01,-9.999992251396179199e-01,-9.999987483024597168e-01,-9.999963641166687012e-01,9.999964237213134766e-01,9.999991655349731445e-01,9.999992847442626953e-01,9.999967813491821289e-01,9.999992251396179199e-01,-9.999989867210388184e-01,9.999992251396179199e-01,-9.999983906745910645e-01,-9.999943375587463379e-01,9.999949336051940918e-01,9.999790787696838379e-01,9.999986886978149414e-01,-9.999944567680358887e-01,-9.999989867210388184e-01,9.999956488609313965e-01,9.999971389770507812e-01,-9.999648332595825195e-01,-9.999982118606567383e-01,9.999991655349731445e-01,-9.999983906745910645e-01,9.999986290931701660e-01,9.999915957450866699e-01,-9.999865293502807617e-01,-9.999992251396179199e-01,-9.999856948852539062e-01,-9.999725818634033203e-01,9.999975562095642090e-01,-9.999987483024597168e-01,9.999855756759643555e-01,9.999982714653015137e-01,-9.999986290931701660e-01,9.999983906745910645e-01,9.999935626983642578e-01,-9.999992847442626953e-01,9.999992251396179199e-01,-9.999963045120239258e-01,9.999974966049194336e-01,-9.999991059303283691e-01,9.999591112136840820e-01,9.997382760047912598e-01,-9.999989271163940430e-01,-9.999979138374328613e-01,9.999815821647644043e-01,9.999986886978149414e-01,9.999952912330627441e-01,-9.999988079071044922e-01,9.999986886978149414e-01,-9.999986290931701660e-01,9.999986290931701660e-01,9.999767541885375977e-01,-9.999992847442626953e-01,9.999983906745910645e-01,-9.999991059303283691e-01,9.999987483024597168e-01,9.999959468841552734e-01,9.999984502792358398e-01,9.999991059303283691e-01,-9.999971389770507812e-01,-9.999987483024597168e-01,9.999981522560119629e-01,9.999903440475463867e-01,9.999964833259582520e-01,-9.999927282333374023e-01,9.999969005584716797e-01
-9.999989867210388184e-01,9.999991655349731445e-01,9.999951720237731934e-01,-9.999988079071044922e-01,-9.999993443489074707e-01,9.999992251396179199e-01,-9.999972581863403320e-01,-9.999994635581970215e-01,9.999982714653015137e-01,-9.999987483024597168e-01,9.999992847442626953e-01,9.999994039535522461e-01,-9.999988079071044922e-01,-9.999991655349731445e-01,-9.999936223030090332e-01,-9.999979138374328613e-01,-9.999983906745910645e-01,9.999990463256835938e-01,-9.999957084655761719e-01,9.999994039535522461e-01,9.999994039535522461e-01,-9.999949336051940918e-01,-9.999991059303283691e-01,-9.999989867210388184e-01,-9.999926090240478516e-01,-9.999994635581970215e-01,9.999989867210388184e-01,9.999992847442626953e-01,-9.999919533729553223e-01,9.999972581863403320e-01,9.999951720237731934e-01,9.999989867210388184e-01,-9.999933838844299316e-01,-9.999977350234985352e-01,9.999985098838806152e-01,-9.995976090431213379e-01,-9.999994635581970215e-01,-9.999992251396179199e-01,-9.999948740005493164e-01,9.999992847442626953e-01,-9.999991655349731445e-01,9.999960660934448242e-01,-9.999858140945434570e-01,-9.999992847442626953e-01,-9.999989867210388184e-01,-9.999988675117492676e-01,9.999952912330627441e-01,-9.999990463256835938e-01,-9.999992251396179199e-01,9.999991059303283691e-01,9.999993443489074707e-01,9.999988675117492676e-01,9.999994039535522461e-01,9.999952316284179688e-01,9.999987483024597168e-01,9.999988079071044922e-01,9.999970793724060059e-01,-9.999748468399047852e-01,-9.999982118606567383e-01,-9.999989271163940430e-01,9.999989867210388184e-01,-9.999994039535522461e-01,-9.999989271163940430e-01,-9.999969005584716797e-01,9.999969601631164551e-01,9.999993443489074707e-01,9.999994635581970215e-01,9.999973773956298828e-01,9.999993443489074707e-01,-9.999991655349731445e-01,9.999993443489074707e-01,-9.999988079071044922e-01,-9.999951720237731934e-01,9.999956488609313965e-01,9.999821186065673828e-01,9.999989271163940430e-01,-9.999953508377075195e-01,-9.999992251396179199e-01,9.999962449073791504e-01,9.999976158142089844e-01,-9.999700188636779785e-01,-9.999985694885253906e-01,9.999993443489074707e-01,-9.999986290931701660e-01,9.999989271163940430e-01,9.999928474426269531e-01,-9.999884963035583496e-01,-9.999994039535522461e-01,-9.999877810478210449e-01,-9.999766349792480469e-01,9.999979734420776367e-01,-9.999989867210388184e-01,9.999877810478210449e-01,9.999986290931701660e-01,-9.999988675117492676e-01,9.999986886978149414e-01,9.999945759773254395e-01,-9.999994635581970215e-01,9.999993443489074707e-01,-9.999968409538269043e-01,9.999979138374328613e-01,-9.999992251396179199e-01,9.999651312828063965e-01,9.997764229774475098e-01,-9.999992251396179199e-01,-9.999983310699462891e-01,9.999842643737792969e-01,9.999989271163940430e-01,9.999960660934448242e-01,-9.999990463256835938e-01,9.999989867210388184e-01,-9.999988675117492676e-01,9.999988675117492676e-01,9.999801516532897949e-01,-9.999994635581970215e-01,9.999986290931701660e-01,-9.999993443489074707e-01,9.999989867210388184e-01,9.999966621398925781e-01,9.999986290931701660e-01,9.999992251396179199e-01,-9.999975562095642090e-01,-9.999989867210388184e-01,9.999984502792358398e-01,9.999918341636657715e-01,9.999969601631164551e-01,-9.999938607215881348e-01,9.999973773956298828e-01
