4.191322922706604004e-01,-1.659407466650009155e-02,1.499018818140029907e-01,-1.932460516691207886e-01,2.204609811305999756e-01,-2.376548945903778076e-01,9.486632049083709717e-02,3.427197933197021484e-01,2.478522993624210358e-02,-3.148209303617477417e-02,-1.621584296226501465e-01,-2.269298210740089417e-02,-2.107981890439987183e-01,-8.679407089948654175e-02,-1.002123579382896423e-01,1.877432502806186676e-02,3.400575602427124977e-03,-6.060957908630371094e-02,1.555323600769042969e-01,7.318777590990066528e-02,2.445108257234096527e-02,-1.610163748264312744e-01,-2.070332765579223633e-01,1.227454915642738342e-01,-5.118735134601593018e-03,-3.440443426370620728e-02,2.166528403759002686e-01,-2.603017091751098633e-01,-1.171294525265693665e-01,-1.420647203922271729e-01,-1.901053041219711304e-01,1.528711915016174316e-01,-1.314567923545837402e-01,-1.164653077721595764e-01,-8.681841194629669189e-03,1.135632693767547607e-01,-5.690189823508262634e-02,-7.069363445043563843e-02,-1.845857650041580200e-01,-2.232429832220077515e-01,1.121978089213371277e-01,8.613330125808715820e-02,-2.062666863203048706e-01,-1.499001495540142059e-02,-4.155261069536209106e-02,2.905638515949249268e-01,8.532086014747619629e-02,-7.544586807489395142e-02,7.008194923400878906e-02,1.901949010789394379e-02,-1.640608906745910645e-01,-1.032205894589424133e-01,2.224175333976745605e-01,-8.347921073436737061e-02,-4.022521525621414185e-02,4.147885739803314209e-02,7.908143848180770874e-02,-4.709588363766670227e-03,1.536327898502349854e-01,1.242207288742065430e-01,-7.774142920970916748e-02,-5.401431769132614136e-02,-2.505702199414372444e-03,1.741263121366500854e-01,9.871949255466461182e-02,3.751313313841819763e-02,-2.577316462993621826e-01,2.301037497818470001e-02,8.405265957117080688e-02,2.227458953857421875e-01,-9.701760113239288330e-02,2.528739273548126221e-01,8.280234783887863159e-02,-1.091549471020698547e-01,-1.927533447742462158e-01,-5.814658477902412415e-02,1.711480435915291309e-03,-1.406846642494201660e-01,-6.812348961830139160e-02,5.406238138675689697e-02,-5.730457231402397156e-02,-3.054488624911755323e-04,1.806263229809701443e-03,3.262188693042844534e-04,-2.322017997503280640e-01,2.139010727405548096e-01,1.652240753173828125e-01,-9.725244017317891121e-04,-2.044076770544052124e-01,-4.940112121403217316e-03,-1.517745852470397949e-01,1.803333014249801636e-01,1.893388926982879639e-01,-1.666820943355560303e-01,1.471597328782081604e-02,-3.196453452110290527e-01,5.561275780200958252e-02,-1.936757507792208344e-05,-4.970876965671777725e-03,1.994260251522064209e-01,-1.467935442924499512e-01,2.133414000272750854e-01,1.302696317434310913e-01,4.215831309556961060e-02,-1.848540902137756348e-01,1.922944039106369019e-01,1.838549971580505371e-01,1.854076683521270752e-01,-3.347642719745635986e-01,1.375474408268928528e-02,-1.527013629674911499e-01,2.297098785638809204e-01,1.338795572519302368e-01,-6.805625557899475098e-02,-3.582170233130455017e-02,6.206620112061500549e-02,2.184315323829650879e-01,-1.384562849998474121e-01,-6.415288150310516357e-02,-8.296678215265274048e-02,-2.005394101142883301e-01,2.486810833215713501e-02,-2.174520306289196014e-02,2.484849542379379272e-01,8.933735638856887817e-02,1.348713487386703491e-01,7.868521846830844879e-03,-1.004427764564752579e-02
-1.659407466650009155e-02,1.465324964374303818e-02,-1.063733622431755066e-01,7.315476983785629272e-02,5.758042633533477783e-02,4.437657073140144348e-03,-3.185892011970281601e-03,3.161182999610900879e-02,5.018517374992370605e-02,5.190783366560935974e-02,-8.046552538871765137e-03,-4.747317731380462646e-02,8.614625781774520874e-02,6.618700176477432251e-02,1.019353494048118591e-01,1.122524216771125793e-01,-4.556169151328504086e-04,6.301543116569519043e-02,-8.751796931028366089e-02,-7.000350952148437500e-02,-6.669316440820693970e-02,7.982051372528076172e-02,6.710100173950195312e-02,-2.054538019001483917e-02,1.330985035747289658e-02,1.002421751618385315e-01,-1.049450486898422241e-01,-4.607471451163291931e-02,9.484627842903137207e-02,2.419080352410674095e-03,1.783289574086666107e-02,-1.198667585849761963e-01,8.182777464389801025e-02,7.103427499532699585e-02,-3.793585579842329025e-03,-1.086396053433418274e-01,6.095914542675018311e-02,8.964233845472335815e-02,-6.813490390777587891e-02,-5.992284417152404785e-02,9.193524718284606934e-02,1.972143165767192841e-02,1.008605957031250000e-01,2.187906019389629364e-02,-2.279861271381378174e-02,-8.864523470401763916e-02,-1.005160659551620483e-01,-2.707450278103351593e-02,1.382627640850841999e-03,1.585796289145946503e-02,2.084485720843076706e-03,2.922293730080127716e-03,2.431288175284862518e-02,1.082352609955705702e-04,-9.392126463353633881e-03,-1.177216768264770508e-01,2.307391539216041565e-02,6.352665834128856659e-03,-6.960158795118331909e-02,-8.342314511537551880e-02,-1.439781673252582550e-02,1.099800411611795425e-02,2.659377641975879669e-03,3.803877159953117371e-02,1.658581197261810303e-02,-2.977052517235279083e-02,2.910890243947505951e-02,1.051461324095726013e-01,-1.020470410585403442e-01,3.291331604123115540e-02,-8.450352400541305542e-02,-1.948557421565055847e-02,-2.577882818877696991e-02,9.563155472278594971e-02,-2.244066074490547180e-02,-9.746641665697097778e-02,-8.594206883572041988e-04,1.184488832950592041e-01,-3.400006890296936035e-02,-9.613689780235290527e-02,1.061085909605026245e-01,2.802653762046247721e-04,-9.229103475809097290e-02,-7.496069883927702904e-04,-8.608110249042510986e-02,-1.030485257506370544e-01,4.484775289893150330e-02,2.149312291294336319e-03,8.017341047525405884e-02,6.810037791728973389e-02,-2.556402236223220825e-02,-3.734606504440307617e-02,-8.267573267221450806e-02,3.738280758261680603e-02,-8.924572169780731201e-02,1.450139191001653671e-02,7.024116069078445435e-02,-1.237686683452920988e-05,-9.100780636072158813e-02,6.254384666681289673e-02,-2.374956011772155762e-02,5.389561876654624939e-02,-1.134510561823844910e-01,-8.628647774457931519e-02,1.206321120262145996e-01,1.912302710115909576e-02,-8.489646017551422119e-02,-9.661818295717239380e-02,-1.943324133753776550e-02,-4.550488665699958801e-03,7.287397235631942749e-02,-7.572516798973083496e-02,-1.005026921629905701e-01,7.939024944789707661e-04,1.083484813570976257e-01,-9.936924278736114502e-02,5.382027104496955872e-02,5.165892839431762695e-02,-1.058008745312690735e-01,4.611131176352500916e-02,8.122844249010086060e-02,8.427342027425765991e-02,8.864493668079376221e-02,-6.616357713937759399e-02,-5.486543476581573486e-02,-8.612424880266189575e-02,-2.359623787924647331e-03,6.884301453828811646e-02
1.499018818140029907e-01,-1.063733622431755066e-01,7.739271521568298340e-01,-6.093232035636901855e-01,-4.082024395465850830e-01,-1.123629733920097351e-01,2.144897822290658951e-03,-2.324565351009368896e-01,-3.371151983737945557e-01,-4.038657248020172119e-01,7.856230437755584717e-02,3.765695691108703613e-01,-5.932655930519104004e-01,-5.523046851158142090e-01,-7.463212609291076660e-01,-7.396872639656066895e-01,2.950121182948350906e-03,-4.687541723251342773e-01,6.659423708915710449e-01,5.699915289878845215e-01,4.869237244129180908e-01,-6.380251646041870117e-01,-5.632377862930297852e-01,1.677201241254806519e-01,-1.034819409251213074e-01,-6.487737298011779785e-01,7.348051071166992188e-01,2.878891825675964355e-01,-6.980816125869750977e-01,-2.721100486814975739e-02,-1.333066076040267944e-01,8.120048046112060547e-01,-6.093419194221496582e-01,-6.148008704185485840e-01,3.051785938441753387e-02,7.418572902679443359e-01,-4.649099707603454590e-01,-6.743347644805908203e-01,4.420076310634613037e-01,4.885083734989166260e-01,-6.279933452606201172e-01,-1.588637083768844604e-01,-7.211265563964843750e-01,-1.759689450263977051e-01,1.532674580812454224e-01,6.440472602844238281e-01,7.499517798423767090e-01,2.141198217868804932e-01,4.735274240374565125e-03,-5.746663734316825867e-02,-2.298252657055854797e-02,1.466568652540445328e-02,-1.998281329870223999e-01,1.531728729605674744e-02,5.716134980320930481e-02,8.035992980003356934e-01,-2.100428193807601929e-01,-5.045125260949134827e-02,5.152283906936645508e-01,6.551807522773742676e-01,1.194998845458030701e-01,-9.909837692975997925e-02,-2.162623405456542969e-02,-2.598377466201782227e-01,-1.178007870912551880e-01,2.252470254898071289e-01,-1.951140463352203369e-01,-7.172257304191589355e-01,7.294954657554626465e-01,-2.090134471654891968e-01,6.260200142860412598e-01,1.829345524311065674e-01,2.110760360956192017e-01,-7.179601192474365234e-01,1.317472904920578003e-01,6.916186809539794922e-01,5.757067352533340454e-03,-8.188397884368896484e-01,3.021144866943359375e-01,7.052142024040222168e-01,-7.684091925621032715e-01,-2.250000601634383202e-03,6.703383326530456543e-01,6.578375119715929031e-03,5.856903791427612305e-01,7.325486540794372559e-01,-3.345730304718017578e-01,-1.584224961698055267e-02,-5.678366422653198242e-01,-5.349665880203247070e-01,1.952999383211135864e-01,2.935204505920410156e-01,6.271581053733825684e-01,-3.003226816654205322e-01,6.625643968582153320e-01,-1.175017803907394409e-01,-5.421569943428039551e-01,9.554807911626994610e-05,6.471341848373413086e-01,-4.412252306938171387e-01,2.208348959684371948e-01,-3.511678874492645264e-01,7.906635403633117676e-01,6.518084406852722168e-01,-8.173896074295043945e-01,-2.442471086978912354e-01,6.246961355209350586e-01,6.871881484985351562e-01,9.355395287275314331e-02,3.405918180942535400e-02,-5.600741505622863770e-01,6.245542168617248535e-01,7.368153929710388184e-01,-9.942372888326644897e-02,-7.599593997001647949e-01,7.150401473045349121e-01,-3.618381917476654053e-01,-4.222338795661926270e-01,7.467988729476928711e-01,-3.711954057216644287e-01,-6.178892850875854492e-01,-6.379224061965942383e-01,-6.633095145225524902e-01,4.901036918163299561e-01,4.766102135181427002e-01,6.603523492813110352e-01,1.274676527827978134e-02,-5.500394105911254883e-01
-1.932460516691207886e-01,7.315476983785629272e-02,-6.093232035636901855e-01,6.366578936576843262e-01,1.668371111154556274e-01,1.953634172677993774e-01,-2.145398221909999847e-02,4.468422383069992065e-03,2.479741275310516357e-01,3.011656105518341064e-01,-1.111301183700561523e-01,-2.706091105937957764e-01,3.542366027832031250e-01,5.381219387054443359e-01,5.848355293273925781e-01,4.564447999000549316e-01,2.454481436870992184e-04,3.609655499458312988e-01,-5.850025415420532227e-01,-4.430697262287139893e-01,-4.933407008647918701e-01,5.227933526039123535e-01,4.953713417053222656e-01,-1.273189783096313477e-01,7.821590453386306763e-02,3.483686149120330811e-01,-5.228374004364013672e-01,2.864549169316887856e-03,4.478264749050140381e-01,1.600763350725173950e-01,9.811190515756607056e-02,-6.613603234291076660e-01,5.888952016830444336e-01,4.819692671298980713e-01,-7.737045176327228546e-03,-4.973337948322296143e-01,3.239426016807556152e-01,4.746728539466857910e-01,-9.733662754297256470e-02,-4.329901337623596191e-01,4.412865042686462402e-01,1.442626416683197021e-01,5.344392657279968262e-01,1.257998049259185791e-01,-1.621578782796859741e-01,-4.242420196533203125e-01,-6.183231472969055176e-01,-1.696974486112594604e-01,-2.538731880486011505e-02,6.590860337018966675e-02,6.615346670150756836e-02,6.033251807093620300e-02,2.015610635280609131e-01,-2.667436748743057251e-02,9.153935313224792480e-02,-5.718059539794921875e-01,1.799000352621078491e-01,3.443276137113571167e-02,-4.151358008384704590e-01,-5.739868879318237305e-01,-1.196431890130043030e-01,1.511579453945159912e-01,2.172393165528774261e-02,1.262431293725967407e-01,1.105546653270721436e-01,-1.633509546518325806e-01,1.713087111711502075e-01,4.518245756626129150e-01,-5.302653908729553223e-01,-3.993745893239974976e-02,-3.888128995895385742e-01,-4.114876687526702881e-02,-2.438464909791946411e-01,5.742210149765014648e-01,-8.905600011348724365e-02,-5.011439919471740723e-01,-2.019696636125445366e-03,5.993378758430480957e-01,-3.887109458446502686e-01,-5.178880095481872559e-01,6.717670559883117676e-01,1.681147026829421520e-03,-4.076937139034271240e-01,-2.819086425006389618e-03,-3.726217150688171387e-01,-5.409954190254211426e-01,6.431060284376144409e-02,7.564350031316280365e-03,3.800565600395202637e-01,3.602387011051177979e-01,-1.235679909586906433e-01,-3.782521784305572510e-01,-5.700592994689941406e-01,3.335932791233062744e-01,-5.419144630432128906e-01,1.787228137254714966e-01,3.461014926433563232e-01,-5.820576188853010535e-05,-3.756995797157287598e-01,2.135659903287887573e-01,-7.918531447649002075e-02,3.445953130722045898e-02,-6.688578128814697266e-01,-4.402456879615783691e-01,6.583330035209655762e-01,3.220724761486053467e-01,-6.698586344718933105e-01,-4.885650873184204102e-01,1.254080832004547119e-01,-2.957295998930931091e-02,5.539135932922363281e-01,-6.159116029739379883e-01,-6.054641604423522949e-01,2.116349041461944580e-01,5.353432297706604004e-01,-5.183516740798950195e-01,7.682887464761734009e-02,3.094013035297393799e-01,-5.464596748352050781e-01,3.496780693531036377e-01,4.585768878459930420e-01,5.240209102630615234e-01,5.202190876007080078e-01,-4.263846874237060547e-01,-3.652548491954803467e-01,-5.421442985534667969e-01,-1.878753490746021271e-02,4.046759307384490967e-01
2.204609811305999756e-01,5.758042633533477783e-02,-4.082024395465850830e-01,1.668371111154556274e-01,4.970302283763885498e-01,-1.566640436649322510e-01,7.041336596012115479e-02,4.914061129093170166e-01,1.989660859107971191e-01,2.178903669118881226e-01,-1.260666102170944214e-01,-2.485599517822265625e-01,3.036609590053558350e-01,1.929100751876831055e-01,4.156207442283630371e-01,6.042173504829406738e-01,-1.260305289179086685e-03,2.616423666477203369e-01,-2.786984145641326904e-01,-2.679024040699005127e-01,-1.831439137458801270e-01,2.536968886852264404e-01,1.588354557752609253e-01,-1.118480600416660309e-02,5.649256706237792969e-02,5.031611323356628418e-01,-3.672815859317779541e-01,-4.859957396984100342e-01,4.582886993885040283e-01,-1.556395590305328369e-01,-4.181566089391708374e-02,-4.361891150474548340e-01,2.264795750379562378e-01,2.752630412578582764e-01,-3.363463655114173889e-02,-4.681746959686279297e-01,2.587948143482208252e-01,3.974170088768005371e-01,-5.963315963745117188e-01,-4.103118479251861572e-01,5.163591504096984863e-01,1.361164599657058716e-01,3.559911549091339111e-01,1.003364846110343933e-01,-7.628988474607467651e-02,-2.735078632831573486e-01,-4.269545376300811768e-01,-1.774024516344070435e-01,4.756931588053703308e-02,5.662603303790092468e-02,-1.171465516090393066e-01,-1.326947659254074097e-01,2.194873988628387451e-01,-4.797057062387466431e-02,-1.487419307231903076e-01,-5.787494778633117676e-01,1.654810458421707153e-01,2.986354567110538483e-02,-2.025457173585891724e-01,-2.852158248424530029e-01,-9.126444905996322632e-02,-3.680193796753883362e-02,7.645672652870416641e-03,3.001860082149505615e-01,1.208764389157295227e-01,-1.152521595358848572e-01,-4.401672631502151489e-02,5.650669932365417480e-01,-4.294485151767730713e-01,3.971092998981475830e-01,-5.266281962394714355e-01,-1.370860263705253601e-02,-5.307838786393404007e-03,3.776849806308746338e-01,-2.124634385108947754e-01,-5.129862427711486816e-01,-3.831677138805389404e-03,5.091232657432556152e-01,-1.328454315662384033e-01,-4.277863800525665283e-01,4.403430819511413574e-01,1.143709407187998295e-03,-5.013527274131774902e-01,-4.975207149982452393e-03,-6.010234951972961426e-01,-3.705412447452545166e-01,4.155612289905548096e-01,1.175362337380647659e-02,2.275229543447494507e-01,3.425570428371429443e-01,-2.434142082929611206e-01,3.749507293105125427e-02,-2.038500458002090454e-01,-8.817287161946296692e-03,-3.963266909122467041e-01,-1.861921399831771851e-01,4.256384670734405518e-01,-7.702188304392620921e-05,-4.881527423858642578e-01,4.816891551017761230e-01,-2.717361748218536377e-01,4.968652129173278809e-01,-4.246386289596557617e-01,-4.085435271263122559e-01,4.441588521003723145e-01,1.929887086153030396e-01,-1.796821504831314087e-01,-3.593844175338745117e-01,-3.944777846336364746e-01,-7.039905991405248642e-03,1.466152220964431763e-01,-1.441401988267898560e-01,-3.800148665904998779e-01,-9.760653972625732422e-02,5.568675398826599121e-01,-4.341589808464050293e-01,4.894687235355377197e-01,1.721010506153106689e-01,-5.786964893341064453e-01,1.233760267496109009e-01,2.664233148097991943e-01,3.849214017391204834e-01,3.879280388355255127e-01,-1.080821305513381958e-01,-2.095659375190734863e-01,-2.851874828338623047e-01,-5.686189513653516769e-03,3.289760351181030273e-01
-2.376548945903778076e-01,4.437657073140144348e-03,-1.123629733920097351e-01,1.953634172677993774e-01,-1.566640436649322510e-01,2.277061939239501953e-01,-3.503438457846641541e-02,-1.900171190500259399e-01,-6.108541786670684814e-02,1.993153803050518036e-02,6.901104003190994263e-02,-3.521344391629099846e-03,5.982254445552825928e-02,1.407188028097152710e-01,9.215854853391647339e-02,-4.553880915045738220e-02,-1.257783733308315277e-03,1.605092175304889679e-02,-1.039677336812019348e-01,-7.952611148357391357e-02,-3.228204324841499329e-02,1.306006759405136108e-01,1.750546544790267944e-01,-6.827468425035476685e-02,3.357228357344865799e-03,-7.447944581508636475e-02,-1.139318346977233887e-01,2.094889730215072632e-01,8.488650619983673096e-02,9.757661074399948120e-02,9.832674264907836914e-02,-9.347987174987792969e-02,9.397234022617340088e-02,1.462451517581939697e-01,3.679055254906415939e-03,-4.229647293686866760e-02,2.399747073650360107e-02,3.520906716585159302e-02,1.599746048450469971e-01,3.394971415400505066e-02,-1.015199795365333557e-01,-2.893059700727462769e-02,1.131675615906715393e-01,1.781772449612617493e-02,4.779412224888801575e-02,-1.567290276288986206e-01,-8.953395485877990723e-02,2.572744525969028473e-02,-6.788931041955947876e-02,-6.428590416908264160e-02,9.678563475608825684e-02,1.083884481340646744e-02,-9.292981773614883423e-02,2.392358891665935516e-02,4.431551694869995117e-02,-4.117342084646224976e-02,-9.221996180713176727e-03,4.007797222584486008e-03,-5.917802080512046814e-02,-1.063894554972648621e-01,3.382434323430061340e-02,4.980999976396560669e-02,3.877628827467560768e-03,-1.468672305345535278e-01,-6.344513595104217529e-02,-1.362377312034368515e-02,1.207184940576553345e-01,-3.334058076143264771e-02,-4.216785728931427002e-02,-1.762214750051498413e-01,5.262275785207748413e-02,-1.855504959821701050e-01,-6.214911118149757385e-02,8.932916820049285889e-02,1.464533954858779907e-01,3.205431252717971802e-02,1.773986296029761434e-04,9.395798295736312866e-02,-2.597638405859470367e-02,-3.246005252003669739e-02,8.198468387126922607e-02,2.871420583687722683e-04,2.524118637666106224e-03,-1.005890895612537861e-03,1.532690972089767456e-01,-1.132013127207756042e-01,-1.100575774908065796e-01,-5.379711510613560677e-04,5.187090486288070679e-02,7.148155476897954941e-03,8.143290132284164429e-02,-1.204958856105804443e-01,-1.193506121635437012e-01,1.180230677127838135e-01,-1.180134061723947525e-02,1.741374731063842773e-01,-1.511175371706485748e-02,1.002883982437197119e-05,2.315308339893817902e-02,-1.649873703718185425e-01,4.948829859495162964e-02,-1.896655708551406860e-01,-9.125694632530212402e-02,-1.696028187870979309e-02,9.447225928306579590e-02,2.300240471959114075e-02,-1.483886986970901489e-01,-7.192661613225936890e-02,2.573420405387878418e-01,-6.309831514954566956e-03,1.334596276283264160e-01,-2.112106531858444214e-01,-9.546194225549697876e-02,1.316286176443099976e-01,3.447741270065307617e-02,-2.916101180016994476e-02,-1.608851552009582520e-01,9.070110321044921875e-02,1.387492381036281586e-02,6.960460543632507324e-02,1.010338142514228821e-01,1.134988293051719666e-02,3.163595125079154968e-02,-1.262666732072830200e-01,-1.119479387998580933e-01,-9.338710457086563110e-02,-1.343071926385164261e-03,2.581565082073211670e-02
9.486632049083709717e-02,-3.185892011970281601e-03,2.144897822290658951e-03,-2.145398221909999847e-02,7.041336596012115479e-02,-3.503438457846641541e-02,7.681385427713394165e-02,1.094268560409545898e-01,-2.596356905996799469e-02,1.523154228925704956e-02,-7.369234412908554077e-02,-8.633380755782127380e-03,-5.678527057170867920e-02,-4.489820823073387146e-02,-1.668506860733032227e-02,9.254817850887775421e-03,1.806516374927014112e-04,-1.380985043942928314e-02,-1.223204005509614944e-02,-1.029060967266559601e-02,1.248008757829666138e-02,-3.293116018176078796e-02,-3.451878577470779419e-02,3.066132590174674988e-02,1.889390638098120689e-03,-2.499733120203018188e-03,4.715275764465332031e-02,-6.208658963441848755e-02,1.589342579245567322e-02,-7.428900152444839478e-02,-4.163037985563278198e-02,2.896858565509319305e-02,1.310231047682464123e-03,9.051446802914142609e-03,-2.452865708619356155e-03,3.426700457930564880e-02,-4.618518985807895660e-03,1.094746310263872147e-02,-6.795594841241836548e-02,-7.656060904264450073e-02,5.218648910522460938e-02,2.892404422163963318e-02,-3.994189947843551636e-02,2.736233174800872803e-03,-3.952367231249809265e-02,5.644922330975532532e-02,-1.262119878083467484e-02,-1.745303347706794739e-02,3.423332050442695618e-02,-2.930438378825783730e-03,-3.054035268723964691e-02,-4.285362362861633301e-02,6.515664607286453247e-02,-1.138799544423818588e-02,-1.405549608170986176e-02,-1.301806978881359100e-02,2.307579293847084045e-02,8.132013317663222551e-05,4.886760376393795013e-03,2.279486507177352905e-02,-3.775631636381149292e-02,-9.518800303339958191e-03,-6.621226784773170948e-04,8.654720336198806763e-02,2.738234400749206543e-02,3.232555696740746498e-03,-9.116908907890319824e-02,2.235736511647701263e-02,1.077420357614755630e-02,7.251948118209838867e-02,-6.827715784311294556e-02,5.841665342450141907e-02,2.733520790934562683e-02,-1.530699897557497025e-02,-5.766499042510986328e-02,-5.135308206081390381e-02,5.270197871141135693e-04,2.238728571683168411e-03,-2.852553501725196838e-02,-1.234463561559095979e-04,1.885991357266902924e-02,-5.494210563483648002e-05,-3.192504867911338806e-02,-1.043542521074414253e-03,-8.363535255193710327e-02,4.387923330068588257e-02,9.516378492116928101e-02,-1.214726216858252883e-04,-5.103797838091850281e-02,2.074299007654190063e-02,-5.898308753967285156e-02,4.954070597887039185e-02,3.265447914600372314e-02,-4.837004467844963074e-02,-3.009404428303241730e-02,-8.867191523313522339e-02,3.610889241099357605e-02,-1.357893870590487495e-05,-9.640999138355255127e-03,7.825771719217300415e-02,-6.713462620973587036e-02,8.834877610206604004e-02,2.197322435677051544e-02,-1.024422049522399902e-02,1.217430364340543747e-02,1.034267991781234741e-01,2.161150798201560974e-02,4.431093484163284302e-02,-1.101925671100616455e-01,2.980417571961879730e-03,-7.731264084577560425e-02,1.157084666192531586e-02,2.688999474048614502e-02,2.584097534418106079e-02,2.232760190963745117e-02,-1.915376074612140656e-02,4.141421988606452942e-02,-3.750769421458244324e-03,-5.568915978074073792e-02,-1.670194230973720551e-02,-2.833216451108455658e-02,3.572512790560722351e-02,2.340797334909439087e-03,7.467068731784820557e-02,1.307077240198850632e-02,1.233057957142591476e-02,2.916520694270730019e-03,4.642186686396598816e-02
3.427197933197021484e-01,3.161182999610900879e-02,-2.324565351009368896e-01,4.468422383069992065e-03,4.914061129093170166e-01,-1.900171190500259399e-01,1.094268560409545898e-01,6.291742324829101562e-01,8.969666808843612671e-02,1.312381029129028320e-01,-1.093669161200523376e-01,-2.139607369899749756e-01,1.512783914804458618e-01,8.121857792139053345e-02,2.718392312526702881e-01,4.857548475265502930e-01,3.116535663139075041e-04,1.321660578250885010e-01,-8.771345019340515137e-02,-1.616725623607635498e-01,1.242906413972377777e-02,1.377636641263961792e-01,1.946241781115531921e-02,1.450676284730434418e-02,3.729905933141708374e-02,3.749243021011352539e-01,-1.924696266651153564e-01,-5.331611633300781250e-01,3.803426325321197510e-01,-2.272114902734756470e-01,-1.120047569274902344e-01,-2.243352085351943970e-01,-1.520288788015022874e-04,2.118634879589080811e-01,-4.299833625555038452e-02,-3.316000699996948242e-01,1.714499592781066895e-01,2.773317098617553711e-01,-6.418048143386840820e-01,-3.829389214515686035e-01,3.905109763145446777e-01,1.125939637422561646e-01,1.723331063985824585e-01,7.712091505527496338e-02,3.008185699582099915e-02,-1.437327116727828979e-01,-2.722317874431610107e-01,-1.580300629138946533e-01,4.926807060837745667e-02,-5.791397765278816223e-02,-1.791441589593887329e-01,-2.384010106325149536e-01,2.020559757947921753e-01,-9.074702858924865723e-02,-2.155235260725021362e-01,-4.435296952724456787e-01,1.758897602558135986e-01,2.435349114239215851e-02,-1.664005336351692677e-03,-1.288585513830184937e-01,-7.401847839355468750e-02,-9.949574619531631470e-02,1.369607634842395782e-03,2.430537492036819458e-01,9.468307346105575562e-02,-6.434379518032073975e-02,-1.766375005245208740e-01,4.476880729198455811e-01,-2.920616269111633301e-01,4.528124034404754639e-01,-4.788796603679656982e-01,-5.329922586679458618e-02,8.396646380424499512e-02,2.490928918123245239e-01,-1.598621308803558350e-01,-3.752758204936981201e-01,-2.854734659194946289e-03,3.513006865978240967e-01,-5.152313038706779480e-02,-2.971803843975067139e-01,2.664701640605926514e-01,8.309346740134060383e-04,-4.205328822135925293e-01,-5.182047374546527863e-03,-5.275768041610717773e-01,-2.007227689027786255e-01,4.566127061843872070e-01,1.089551579207181931e-02,5.153235793113708496e-02,2.843483090400695801e-01,-2.384012043476104736e-01,2.268854975700378418e-01,-2.292590681463479996e-03,-1.422794610261917114e-01,-2.476542294025421143e-01,-3.160757124423980713e-01,3.622504174709320068e-01,-7.193525379989296198e-05,-4.160652160644531250e-01,4.552379548549652100e-01,-3.540546000003814697e-01,5.454589724540710449e-01,-2.295144945383071899e-01,-3.103191256523132324e-01,2.181421071290969849e-01,2.010999768972396851e-01,7.192015647888183594e-02,-2.012762129306793213e-01,-4.824235141277313232e-01,6.800502073019742966e-03,-1.968624629080295563e-02,3.139195218682289124e-02,-2.138276696205139160e-01,-9.945175796747207642e-02,4.308628141880035400e-01,-2.828472554683685303e-01,5.359981060028076172e-01,1.001068279147148132e-01,-4.635663032531738281e-01,1.141903456300497055e-02,1.047728955745697021e-01,2.555369734764099121e-01,2.358462959527969360e-01,9.729263931512832642e-02,-1.712368130683898926e-01,-1.207432523369789124e-01,1.214144844561815262e-02,2.400808036327362061e-01
2.478522993624210358e-02,5.018517374992370605e-02,-3.371151983737945557e-01,2.479741275310516357e-01,1.989660859107971191e-01,-6.108541786670684814e-02,-2.596356905996799469e-02,8.969666808843612671e-02,3.032328188419342041e-01,1.996082365512847900e-01,-1.017541661858558655e-01,-1.838574409484863281e-01,2.224436700344085693e-01,2.613892555236816406e-01,3.492459058761596680e-01,3.850142657756805420e-01,2.033285796642303467e-03,2.038827091455459595e-01,-3.352092802524566650e-01,-2.543287873268127441e-01,-3.869587481021881104e-01,2.818823754787445068e-01,1.803373694419860840e-01,-6.362131237983703613e-02,5.696059390902519226e-02,3.613341152667999268e-01,-3.169265091419219971e-01,-1.447552144527435303e-01,2.178038358688354492e-01,5.244378745555877686e-02,-9.802313521504402161e-03,-4.631221592426300049e-01,3.491326868534088135e-01,2.089488506317138672e-01,-4.888585302978754044e-03,-3.594100177288055420e-01,2.127388566732406616e-01,3.083881139755249023e-01,-1.594625860452651978e-01,-2.910004854202270508e-01,4.115840792655944824e-01,1.135472208261489868e-01,2.817050218582153320e-01,6.702387332916259766e-02,-1.843046993017196655e-01,-1.995518952608108521e-01,-3.350690007209777832e-01,-1.205447539687156677e-01,6.022998690605163574e-02,7.622127234935760498e-02,-4.130853340029716492e-02,1.022454947233200073e-01,2.153666466474533081e-01,-4.985611885786056519e-02,5.033604800701141357e-02,-3.738728165626525879e-01,1.146078556776046753e-01,1.968413405120372772e-02,-2.386049777269363403e-01,-3.035839200019836426e-01,-1.246925517916679382e-01,9.448410570621490479e-02,1.220740284770727158e-02,2.251228243112564087e-01,1.400979161262512207e-01,-1.089508831501007080e-01,2.054489776492118835e-02,3.443613052368164062e-01,-3.712997734546661377e-01,8.966325223445892334e-02,-2.896364331245422363e-01,1.496323496103286743e-01,-1.590306609869003296e-01,3.452628850936889648e-01,-1.774273663759231567e-01,-3.654731214046478271e-01,-1.884431112557649612e-03,3.659940063953399658e-01,-2.191297113895416260e-01,-3.641500771045684814e-01,4.220491647720336914e-01,9.555215365253388882e-04,-2.679896354675292969e-01,2.163921744795516133e-04,-3.674181103706359863e-01,-3.007238805294036865e-01,1.042669489979743958e-01,5.724654998630285263e-03,3.022949099540710449e-01,2.463587522506713867e-01,-1.166630834341049194e-01,-1.843018382787704468e-01,-3.272107243537902832e-01,1.771222949028015137e-01,-3.738374412059783936e-01,1.774349063634872437e-02,1.868102103471755981e-01,-4.647313107852824032e-05,-2.992655634880065918e-01,2.672792375087738037e-01,-6.736714392900466919e-02,1.988870501518249512e-01,-4.382082223892211914e-01,-2.974804341793060303e-01,4.315035641193389893e-01,1.210015192627906799e-01,-3.802534937858581543e-01,-3.012311756610870361e-01,-1.120927333831787109e-01,-2.161470241844654083e-02,3.573651611804962158e-01,-2.718355953693389893e-01,-3.602009713649749756e-01,5.631318315863609314e-02,3.057142794132232666e-01,-3.699291050434112549e-01,1.595970243215560913e-01,1.391974687576293945e-01,-3.839559853076934814e-01,1.982170790433883667e-01,2.165236473083496094e-01,3.710065484046936035e-01,3.302632272243499756e-01,-2.058209627866744995e-01,-1.722424477338790894e-01,-3.384580910205841064e-01,2.009458607062697411e-03,2.417847365140914917e-01
-3.148209303617477417e-02,5.190783366560935974e-02,-4.038657248020172119e-01,3.011656105518341064e-01,2.178903669118881226e-01,1.993153803050518036e-02,1.523154228925704956e-02,1.312381029129028320e-01,1.996082365512847900e-01,2.117540985345840454e-01,-8.054351806640625000e-02,-1.898449659347534180e-01,2.728757560253143311e-01,2.667243480682373047e-01,3.878613710403442383e-01,4.100401699542999268e-01,-6.004494498483836651e-04,2.251513451337814331e-01,-3.632701933383941650e-01,-2.863887250423431396e-01,-2.964736223220825195e-01,3.072515428066253662e-01,2.520785629749298096e-01,-7.253610342741012573e-02,5.474646016955375671e-02,3.565365374088287354e-01,-3.704694807529449463e-01,-1.528851389884948730e-01,3.444915711879730225e-01,4.141794517636299133e-03,3.825792297720909119e-02,-4.624838531017303467e-01,3.426339924335479736e-01,2.945929467678070068e-01,-1.227521989494562149e-02,-3.882010579109191895e-01,2.290542721748352051e-01,3.450031280517578125e-01,-2.314601093530654907e-01,-2.870393395423889160e-01,3.748082518577575684e-01,9.782112389802932739e-02,3.515139222145080566e-01,8.409468829631805420e-02,-1.246352791786193848e-01,-2.972372472286224365e-01,-3.959043025970458984e-01,-1.138832420110702515e-01,2.648053318262100220e-02,4.080760106444358826e-02,-7.285314146429300308e-03,1.544831506907939911e-02,1.517734378576278687e-01,-1.977378129959106445e-02,-6.383875850588083267e-03,-4.427575170993804932e-01,1.131836846470832825e-01,2.388396486639976501e-02,-2.607620358467102051e-01,-3.263792097568511963e-01,-9.180566668510437012e-02,6.394372880458831787e-02,1.123492605984210968e-02,1.864929944276809692e-01,8.907426893711090088e-02,-1.130787730216979980e-01,5.306574329733848572e-02,3.848059475421905518e-01,-3.864071071147918701e-01,1.134619265794754028e-01,-3.398807048797607422e-01,-1.021407637745141983e-02,-1.179890781641006470e-01,3.718077242374420166e-01,-1.135310977697372437e-01,-3.885353207588195801e-01,-2.437189454212784767e-03,4.466621279716491699e-01,-1.814935505390167236e-01,-3.755064606666564941e-01,4.435810148715972900e-01,1.075812731869518757e-03,-3.402963876724243164e-01,-2.636221004649996758e-03,-3.538453280925750732e-01,-3.622166514396667480e-01,1.745004057884216309e-01,7.240602280944585800e-03,2.850363850593566895e-01,2.699024081230163574e-01,-1.188626289367675781e-01,-1.532519310712814331e-01,-3.248574435710906982e-01,1.510587930679321289e-01,-3.719758689403533936e-01,3.178229555487632751e-02,2.568669617176055908e-01,-5.158681597094982862e-05,-3.304976522922515869e-01,2.548951208591461182e-01,-1.154846251010894775e-01,2.080932557582855225e-01,-4.437936544418334961e-01,-3.288390338420867920e-01,4.769034385681152344e-01,1.551604121923446655e-01,-3.635087311267852783e-01,-3.385390937328338623e-01,-8.814696967601776123e-02,-1.832845062017440796e-02,2.951548695564270020e-01,-3.232907056808471680e-01,-3.833662867546081543e-01,6.922691315412521362e-02,3.994966149330139160e-01,-3.914394080638885498e-01,1.780948191881179810e-01,1.967731565237045288e-01,-4.262548685073852539e-01,1.907313764095306396e-01,2.832666337490081787e-01,3.589703142642974854e-01,3.446919023990631104e-01,-2.202815562486648560e-01,-2.200245708227157593e-01,-3.456820547580718994e-01,-3.554062452167272568e-03,2.852471768856048584e-01
-1.621584296226501465e-01,-8.046552538871765137e-03,7.856230437755584717e-02,-1.111301183700561523e-01,-1.260666102170944214e-01,6.901104003190994263e-02,-7.369234412908554077e-02,-1.093669161200523376e-01,-1.017541661858558655e-01,-8.054351806640625000e-02,1.996516585350036621e-01,6.846137344837188721e-02,8.874916285276412964e-02,-7.368573546409606934e-02,-7.503317296504974365e-02,-6.477960944175720215e-02,-3.154542297124862671e-03,-5.701733380556106567e-02,1.481595039367675781e-01,8.641058951616287231e-02,2.090941071510314941e-01,-4.155814647674560547e-02,-8.814579807221889496e-03,-4.601646959781646729e-02,-2.226972021162509918e-02,-3.074201941490173340e-02,-2.752514369785785675e-02,4.993966594338417053e-02,1.401853282004594803e-02,1.274759136140346527e-02,1.008628904819488525e-01,1.043519899249076843e-01,-1.825502067804336548e-01,-4.311069101095199585e-02,-5.364684853702783585e-03,3.301966935396194458e-04,-4.353707656264305115e-02,-8.101320266723632812e-02,6.341824308037757874e-03,2.578200697898864746e-01,-2.197563946247100830e-01,-1.102498769760131836e-01,1.243012305349111557e-02,-1.649899221956729889e-02,1.730226278305053711e-01,-1.234222128987312317e-01,1.274668574333190918e-01,8.599619567394256592e-02,-7.201173901557922363e-02,-7.123917341232299805e-02,5.934247002005577087e-02,-3.229708597064018250e-02,-2.374298870563507080e-01,5.871317163109779358e-02,-8.601080626249313354e-02,7.731387019157409668e-02,-9.171486645936965942e-02,-3.249445697292685509e-03,7.796348631381988525e-02,9.678386151790618896e-02,1.251588612794876099e-01,-6.072424724698066711e-02,-6.372556556016206741e-03,-1.994802206754684448e-01,-1.261115670204162598e-01,2.554752677679061890e-02,1.315304338932037354e-01,-8.314497768878936768e-02,7.010339200496673584e-02,-5.155334994196891785e-02,1.396583765745162964e-01,-2.787097692489624023e-01,6.163920462131500244e-02,-8.039628714323043823e-02,1.906483322381973267e-01,1.829022765159606934e-01,-1.634487765841186047e-03,-5.127286165952682495e-02,2.254914790391921997e-01,9.924758225679397583e-02,-1.945475041866302490e-01,-1.641320995986461639e-04,5.378658697009086609e-02,-8.701542974449694157e-04,2.321467548608779907e-01,-1.650221832096576691e-02,-6.175208464264869690e-02,1.045269309543073177e-03,1.196916773915290833e-02,-7.974967360496520996e-02,1.349808424711227417e-01,7.809372991323471069e-02,9.730111062526702881e-02,-3.854945302009582520e-02,1.878876388072967529e-01,1.041668951511383057e-01,-8.421324938535690308e-02,2.730945197981782258e-05,3.932267427444458008e-02,-1.712966710329055786e-01,6.066224351525306702e-02,-7.732877880334854126e-02,1.245576143264770508e-01,7.343234121799468994e-02,-1.279033869504928589e-01,-2.735752165317535400e-01,1.956753283739089966e-01,-8.247577585279941559e-03,1.334648579359054565e-01,4.906136542558670044e-03,-7.835835963487625122e-02,1.030613332986831665e-01,8.893459290266036987e-02,-9.381464868783950806e-02,-7.569263875484466553e-02,1.214228570461273193e-01,-2.506513893604278564e-02,-4.683049861341714859e-03,1.786763966083526611e-01,-7.915611565113067627e-02,4.385014530271291733e-03,-1.994061172008514404e-01,-1.221676021814346313e-01,-1.888630352914333344e-02,1.073157694190740585e-02,1.022336035966873169e-01,2.987753599882125854e-03,-1.282395422458648682e-01
-2.269298210740089417e-02,-4.747317731380462646e-02,3.765695691108703613e-01,-2.706091105937957764e-01,-2.485599517822265625e-01,-3.521344391629099846e-03,-8.633380755782127380e-03,-2.139607369899749756e-01,-1.838574409484863281e-01,-1.898449659347534180e-01,6.846137344837188721e-02,2.059474140405654907e-01,-2.457388639450073242e-01,-2.776710391044616699e-01,-3.862982094287872314e-01,-4.298665225505828857e-01,-5.268575041554868221e-04,-2.051980048418045044e-01,3.049547672271728516e-01,2.658395767211914062e-01,2.451729923486709595e-01,-3.021988570690155029e-01,-2.263338416814804077e-01,6.767293810844421387e-02,-5.182647332549095154e-02,-3.445399403572082520e-01,3.450168073177337646e-01,2.016911208629608154e-01,-3.533383607864379883e-01,3.184925299137830734e-03,-7.180642336606979370e-03,4.339722394943237305e-01,-2.713434398174285889e-01,-2.943565249443054199e-01,1.927686668932437897e-02,3.936097621917724609e-01,-2.185174077749252319e-01,-3.305790126323699951e-01,2.949717044830322266e-01,3.186347186565399170e-01,-3.642777800559997559e-01,-9.977903217077255249e-02,-3.221468031406402588e-01,-8.457344770431518555e-02,6.924243271350860596e-02,2.769725024700164795e-01,3.826189339160919189e-01,1.271566748619079590e-01,-1.350079942494630814e-02,1.633807667531073093e-03,4.359462484717369080e-02,3.371163830161094666e-02,-1.586471349000930786e-01,4.785612970590591431e-02,3.956257551908493042e-02,4.540886878967285156e-01,-1.388865560293197632e-01,-2.496567741036415100e-02,1.882148236036300659e-01,3.070984780788421631e-01,8.347021788358688354e-02,-3.858366236090660095e-02,-1.026147138327360153e-02,-1.529998630285263062e-01,-8.806046098470687866e-02,1.030584946274757385e-01,-1.993113942444324493e-02,-3.928902149200439453e-01,3.775860965251922607e-01,-1.490306109189987183e-01,3.545713126659393311e-01,3.934115171432495117e-02,9.421612322330474854e-02,-3.710758686065673828e-01,9.529750049114227295e-02,3.723881840705871582e-01,2.355354605242609978e-03,-4.360702335834503174e-01,1.717617809772491455e-01,3.730404973030090332e-01,-4.243384003639221191e-01,-1.106953248381614685e-03,3.457895815372467041e-01,2.710438799113035202e-03,3.729551136493682861e-01,3.441207110881805420e-01,-1.874941438436508179e-01,-7.942242547869682312e-03,-2.358877807855606079e-01,-2.736376225948333740e-01,1.265670508146286011e-01,9.340860694646835327e-02,2.729658782482147217e-01,-1.146685779094696045e-01,3.435977399349212646e-01,1.975961402058601379e-02,-2.645543515682220459e-01,5.233090632827952504e-05,3.494233787059783936e-01,-2.666133940219879150e-01,1.565392762422561646e-01,-2.400241047143936157e-01,4.256811738014221191e-01,3.250850737094879150e-01,-4.170530140399932861e-01,-1.669277697801589966e-01,2.896792888641357422e-01,3.204811513423919678e-01,1.216832846403121948e-01,1.371148508042097092e-02,-2.812266647815704346e-01,2.690078318119049072e-01,3.713155686855316162e-01,-5.470231175422668457e-02,-4.068713188171386719e-01,3.646964728832244873e-01,-2.404762655496597290e-01,-1.789900660514831543e-01,4.315773248672485352e-01,-1.671976000070571899e-01,-2.459573745727539062e-01,-3.414453864097595215e-01,-3.278058171272277832e-01,1.698788404464721680e-01,2.363904714584350586e-01,3.106048405170440674e-01,-2.265219343826174736e-03,-2.624661922454833984e-01
