9.999980330467224121e-01,-9.999979138374328613e-01,-9.999868869781494141e-01,9.999982714653015137e-01,9.999986886978149414e-01,-9.999985098838806152e-01,-9.999088644981384277e-01,9.999989867210388184e-01,-9.999966621398925781e-01,9.999960064888000488e-01,-9.999920725822448730e-01,-9.999988079071044922e-01,9.999981522560119629e-01,9.999970793724060059e-01,9.999392628669738770e-01,9.999977946281433105e-01,9.999976754188537598e-01,-9.999974370002746582e-01,-2.446637451648712158e-01,-9.999989867210388184e-01,-9.999987483024597168e-01,9.999855756759643555e-01,9.999968409538269043e-01,9.999983906745910645e-01,9.999690651893615723e-01,9.999989271163940430e-01,-9.999983310699462891e-01,-9.999988079071044922e-01,9.999840259552001953e-01,-9.999943971633911133e-01,-9.999976158142089844e-01,-9.999986290931701660e-01,9.999967217445373535e-01,9.999978542327880859e-01,-9.999970793724060059e-01,-9.999951720237731934e-01,9.999989271163940430e-01,9.999985098838806152e-01,9.999927878379821777e-01,-9.999987483024597168e-01,9.999983310699462891e-01,-9.999973773956298828e-01,9.999493956565856934e-01,9.999985098838806152e-01,9.999961853027343750e-01,9.999973177909851074e-01,9.999950528144836426e-01,9.999962449073791504e-01,9.999987483024597168e-01,-9.999985098838806152e-01,-9.999986886978149414e-01,-9.999967813491821289e-01,-9.999983906745910645e-01,-9.999879598617553711e-01,-9.999960064888000488e-01,-9.999972581863403320e-01,-9.999979138374328613e-01,9.999694228172302246e-01,9.999971985816955566e-01,9.999970793724060059e-01,-9.999940395355224609e-01,9.999988079071044922e-01,9.999982118606567383e-01,9.999952316284179688e-01,-9.999911189079284668e-01,-9.999987483024597168e-01,-9.999988079071044922e-01,-9.999917149543762207e-01,-9.999979138374328613e-01,9.999988079071044922e-01,-9.999984502792358398e-01,9.999971985816955566e-01,9.999961853027343750e-01,-9.999870657920837402e-01,9.999219775199890137e-01,-9.999977350234985352e-01,9.999809861183166504e-01,9.999979734420776367e-01,-9.999895095825195312e-01,-9.999976158142089844e-01,9.999660253524780273e-01,9.999976754188537598e-01,-9.999986886978149414e-01,-9.999590516090393066e-01,-9.999983310699462891e-01,-9.999858140945434570e-01,9.999930262565612793e-01,9.999984502792358398e-01,-9.999845027923583984e-01,9.999981522560119629e-01,-9.999983906745910645e-01,9.999983310699462891e-01,-9.999658465385437012e-01,-9.999982714653015137e-01,9.999985694885253906e-01,-9.999973177909851074e-01,9.999604821205139160e-01,9.999988079071044922e-01,-9.999987483024597168e-01,9.999936819076538086e-01,-9.999976158142089844e-01,9.999986290931701660e-01,-9.999905824661254883e-01,-9.999738335609436035e-01,9.999982714653015137e-01,9.999908208847045898e-01,9.999879598617553711e-01,-9.999970793724060059e-01,-9.999942779541015625e-01,9.999983310699462891e-01,-9.999970197677612305e-01,9.999983310699462891e-01,-9.999977946281433105e-01,-9.999930858612060547e-01,9.999989867210388184e-01,-9.999982714653015137e-01,9.999983310699462891e-01,-9.999986886978149414e-01,-9.999639987945556641e-01,-9.999974966049194336e-01,-9.999986886978149414e-01,9.999955892562866211e-01,9.999984502792358398e-01,-9.999975562095642090e-01,9.999858736991882324e-01,-9.999957084655761719e-01,-9.999793767929077148e-01,-9.999977946281433105e-01
-9.999979138374328613e-01,9.999976754188537598e-01,9.999855160713195801e-01,-9.999980926513671875e-01,-9.999986290931701660e-01,9.999982118606567383e-01,9.999002218246459961e-01,-9.999987483024597168e-01,9.999963641166687012e-01,-9.999956488609313965e-01,9.999912977218627930e-01,9.999986290931701660e-01,-9.999979734420776367e-01,-9.999967813491821289e-01,-9.999335408210754395e-01,-9.999975562095642090e-01,-9.999974370002746582e-01,9.999971985816955566e-01,2.446317672729492188e-01,9.999988079071044922e-01,9.999985694885253906e-01,-9.999843239784240723e-01,-9.999964237213134766e-01,-9.999981522560119629e-01,-9.999659657478332520e-01,-9.999988675117492676e-01,9.999980330467224121e-01,9.999986886978149414e-01,-9.999825358390808105e-01,9.999938011169433594e-01,9.999973177909851074e-01,9.999984502792358398e-01,-9.999963641166687012e-01,-9.999976158142089844e-01,9.999966621398925781e-01,9.999947547912597656e-01,-9.999987483024597168e-01,-9.999983906745910645e-01,-9.999920725822448730e-01,9.999985694885253906e-01,-9.999981522560119629e-01,9.999971389770507812e-01,-9.999446272850036621e-01,-9.999983310699462891e-01,-9.999958872795104980e-01,-9.999970197677612305e-01,-9.999945759773254395e-01,-9.999960064888000488e-01,-9.999986290931701660e-01,9.999982714653015137e-01,9.999985694885253906e-01,9.999964833259582520e-01,9.999982118606567383e-01,9.999868273735046387e-01,9.999956488609313965e-01,9.999969601631164551e-01,9.999976158142089844e-01,-9.999663233757019043e-01,-9.999969601631164551e-01,-9.999967813491821289e-01,9.999933838844299316e-01,-9.999986290931701660e-01,-9.999980926513671875e-01,-9.999947547912597656e-01,9.999902844429016113e-01,9.999986290931701660e-01,9.999986886978149414e-01,9.999909400939941406e-01,9.999976754188537598e-01,-9.999986290931701660e-01,9.999983310699462891e-01,-9.999969005584716797e-01,-9.999958872795104980e-01,9.999857544898986816e-01,-9.999145865440368652e-01,9.999974966049194336e-01,-9.999791979789733887e-01,-9.999976754188537598e-01,9.999884963035583496e-01,9.999973177909851074e-01,-9.999627470970153809e-01,-9.999974370002746582e-01,9.999985694885253906e-01,9.999551773071289062e-01,9.999981522560119629e-01,9.999844431877136230e-01,-9.999923706054687500e-01,-9.999983310699462891e-01,9.999828338623046875e-01,-9.999979138374328613e-01,9.999982118606567383e-01,-9.999982118606567383e-01,9.999625682830810547e-01,9.999981522560119629e-01,-9.999982118606567383e-01,9.999970793724060059e-01,-9.999567866325378418e-01,-9.999986290931701660e-01,9.999985098838806152e-01,-9.999930858612060547e-01,9.999973773956298828e-01,-9.999983906745910645e-01,9.999895691871643066e-01,9.999712109565734863e-01,-9.999980330467224121e-01,-9.999898672103881836e-01,-9.999867677688598633e-01,9.999967813491821289e-01,9.999936223030090332e-01,-9.999981522560119629e-01,9.999967217445373535e-01,-9.999982118606567383e-01,9.999975562095642090e-01,9.999924898147583008e-01,-9.999988675117492676e-01,9.999981522560119629e-01,-9.999980926513671875e-01,9.999984502792358398e-01,9.999606013298034668e-01,9.999971985816955566e-01,9.999985694885253906e-01,-9.999951124191284180e-01,-9.999983310699462891e-01,9.999973177909851074e-01,-9.999844431877136230e-01,9.999952912330627441e-01,9.999775290489196777e-01,9.999975562095642090e-01
-9.999868869781494141e-01,9.999855160713195801e-01,9.999097585678100586e-01,-9.999881386756896973e-01,-9.999915957450866699e-01,9.999890923500061035e-01,9.993748664855957031e-01,-9.999924898147583008e-01,9.999775290489196777e-01,-9.999721050262451172e-01,9.999453425407409668e-01,9.999915957450866699e-01,-9.999876022338867188e-01,-9.999800920486450195e-01,-9.995833635330200195e-01,-9.999850392341613770e-01,-9.999840855598449707e-01,9.999827742576599121e-01,2.426976263523101807e-01,9.999929070472717285e-01,9.999916553497314453e-01,-9.999007582664489746e-01,-9.999781847000122070e-01,-9.999884963035583496e-01,-9.997866749763488770e-01,-9.999927878379821777e-01,9.999880194664001465e-01,9.999920129776000977e-01,-9.998903274536132812e-01,9.999610185623168945e-01,9.999837279319763184e-01,9.999905228614807129e-01,-9.999775886535644531e-01,-9.999850392341613770e-01,9.999800324440002441e-01,9.999669194221496582e-01,-9.999923110008239746e-01,-9.999904632568359375e-01,-9.999504089355468750e-01,9.999911785125732422e-01,-9.999887347221374512e-01,9.999821782112121582e-01,-9.996529817581176758e-01,-9.999898076057434082e-01,-9.999741315841674805e-01,-9.999816417694091797e-01,-9.999665021896362305e-01,-9.999747276306152344e-01,-9.999908804893493652e-01,9.999894499778747559e-01,9.999905824661254883e-01,9.999781250953674316e-01,9.999890923500061035e-01,9.999167919158935547e-01,9.999722242355346680e-01,9.999812841415405273e-01,9.999853372573852539e-01,-9.997889995574951172e-01,-9.999811649322509766e-01,-9.999802112579345703e-01,9.999584555625915527e-01,-9.999916553497314453e-01,-9.999880790710449219e-01,-9.999666810035705566e-01,9.999385476112365723e-01,9.999910593032836914e-01,9.999919533729553223e-01,9.999433159828186035e-01,9.999854564666748047e-01,-9.999918341636657715e-01,9.999895691871643066e-01,-9.999809265136718750e-01,-9.999741315841674805e-01,9.999104738235473633e-01,-9.994642734527587891e-01,9.999843835830688477e-01,-9.998694658279418945e-01,-9.999856948852539062e-01,9.999277591705322266e-01,9.999834299087524414e-01,-9.997665286064147949e-01,-9.999840855598449707e-01,9.999910593032836914e-01,9.997191429138183594e-01,9.999886155128479004e-01,9.999024868011474609e-01,-9.999521970748901367e-01,-9.999896287918090820e-01,9.998924732208251953e-01,-9.999872446060180664e-01,9.999884366989135742e-01,-9.999880790710449219e-01,9.997653961181640625e-01,9.999884366989135742e-01,-9.999895691871643066e-01,9.999817609786987305e-01,-9.997286200523376465e-01,-9.999918341636657715e-01,9.999909400939941406e-01,-9.999567270278930664e-01,9.999834895133972168e-01,-9.999900460243225098e-01,9.999346137046813965e-01,9.998194575309753418e-01,-9.999883770942687988e-01,-9.999368786811828613e-01,-9.999167919158935547e-01,9.999799728393554688e-01,9.999604821205139160e-01,-9.999886751174926758e-01,9.999797344207763672e-01,-9.999887943267822266e-01,9.999850988388061523e-01,9.999526739120483398e-01,-9.999929070472717285e-01,9.999883770942687988e-01,-9.999881982803344727e-01,9.999905228614807129e-01,9.997530579566955566e-01,9.999832510948181152e-01,9.999911189079284668e-01,-9.999691843986511230e-01,-9.999896883964538574e-01,9.999831914901733398e-01,-9.999029040336608887e-01,9.999701976776123047e-01,9.998582601547241211e-01,9.999849200248718262e-01
9.999982714653015137e-01,-9.999980926513671875e-01,-9.999881386756896973e-01,9.999984502792358398e-01,9.999988079071044922e-01,-9.999985694885253906e-01,-9.999182224273681641e-01,9.999989867210388184e-01,-9.999970197677612305e-01,9.999964237213134766e-01,-9.999927878379821777e-01,-9.999988675117492676e-01,9.999982714653015137e-01,9.999972581863403320e-01,9.999455213546752930e-01,9.999980330467224121e-01,9.999978542327880859e-01,-9.999976158142089844e-01,-2.446984201669692993e-01,-9.999991059303283691e-01,-9.999988079071044922e-01,9.999870657920837402e-01,9.999970793724060059e-01,9.999984502792358398e-01,9.999721646308898926e-01,9.999989867210388184e-01,-9.999983906745910645e-01,-9.999988675117492676e-01,9.999855756759643555e-01,-9.999949336051940918e-01,-9.999977946281433105e-01,-9.999986886978149414e-01,9.999969601631164551e-01,9.999979138374328613e-01,-9.999973773956298828e-01,-9.999957084655761719e-01,9.999989867210388184e-01,9.999986886978149414e-01,9.999935030937194824e-01,-9.999988079071044922e-01,9.999985098838806152e-01,-9.999975562095642090e-01,9.999545812606811523e-01,9.999985694885253906e-01,9.999964833259582520e-01,9.999974966049194336e-01,9.999955892562866211e-01,9.999966621398925781e-01,9.999988079071044922e-01,-9.999986290931701660e-01,-9.999988079071044922e-01,-9.999970197677612305e-01,-9.999985694885253906e-01,-9.999891519546508789e-01,-9.999963045120239258e-01,-9.999974370002746582e-01,-9.999980330467224121e-01,9.999724626541137695e-01,9.999974370002746582e-01,9.999973177909851074e-01,-9.999945759773254395e-01,9.999989271163940430e-01,9.999983906745910645e-01,9.999956488609313965e-01,-9.999919533729553223e-01,-9.999988079071044922e-01,-9.999988675117492676e-01,-9.999924898147583008e-01,-9.999981522560119629e-01,9.999988675117492676e-01,-9.999986290931701660e-01,9.999973773956298828e-01,9.999965429306030273e-01,-9.999883174896240234e-01,9.999299049377441406e-01,-9.999978542327880859e-01,9.999828934669494629e-01,9.999980926513671875e-01,-9.999905228614807129e-01,-9.999977946281433105e-01,9.999696016311645508e-01,9.999978542327880859e-01,-9.999988079071044922e-01,-9.999632239341735840e-01,-9.999983906745910645e-01,-9.999872446060180664e-01,9.999937415122985840e-01,9.999986290931701660e-01,-9.999858736991882324e-01,9.999982118606567383e-01,-9.999984502792358398e-01,9.999983906745910645e-01,-9.999693632125854492e-01,-9.999984502792358398e-01,9.999986290931701660e-01,-9.999975562095642090e-01,9.999644756317138672e-01,9.999988675117492676e-01,-9.999988079071044922e-01,9.999943375587463379e-01,-9.999977946281433105e-01,9.999986886978149414e-01,-9.999914169311523438e-01,-9.999763369560241699e-01,9.999983906745910645e-01,9.999917149543762207e-01,9.999891519546508789e-01,-9.999973773956298828e-01,-9.999948740005493164e-01,9.999983906745910645e-01,-9.999973177909851074e-01,9.999985098838806152e-01,-9.999979138374328613e-01,-9.999937415122985840e-01,9.999991059303283691e-01,-9.999984502792358398e-01,9.999984502792358398e-01,-9.999987483024597168e-01,-9.999676942825317383e-01,-9.999977946281433105e-01,-9.999988079071044922e-01,9.999960064888000488e-01,9.999986290931701660e-01,-9.999977946281433105e-01,9.999873042106628418e-01,-9.999960064888000488e-01,-9.999814629554748535e-01,-9.999979734420776367e-01
9.999986886978149414e-01,-9.999986290931701660e-01,-9.999915957450866699e-01,9.999988079071044922e-01,9.999991655349731445e-01,-9.999989867210388184e-01,-9.999421238899230957e-01,9.999991655349731445e-01,-9.999978542327880859e-01,9.999973177909851074e-01,-9.999948740005493164e-01,-9.999992847442626953e-01,9.999987483024597168e-01,9.999980330467224121e-01,9.999613761901855469e-01,9.999985098838806152e-01,9.999984502792358398e-01,-9.999982714653015137e-01,-2.447871714830398560e-01,-9.999992847442626953e-01,-9.999991655349731445e-01,9.999907612800598145e-01,9.999978542327880859e-01,9.999989271163940430e-01,9.999802708625793457e-01,9.999992847442626953e-01,-9.999988079071044922e-01,-9.999992251396179199e-01,9.999898076057434082e-01,-9.999962449073791504e-01,-9.999983906745910645e-01,-9.999990463256835938e-01,9.999977946281433105e-01,9.999985098838806152e-01,-9.999980330467224121e-01,-9.999969005584716797e-01,9.999992251396179199e-01,9.999990463256835938e-01,9.999953508377075195e-01,-9.999991059303283691e-01,9.999988079071044922e-01,-9.999982118606567383e-01,9.999678134918212891e-01,9.999991059303283691e-01,9.999974370002746582e-01,9.999981522560119629e-01,9.999967813491821289e-01,9.999974966049194336e-01,9.999991655349731445e-01,-9.999989271163940430e-01,-9.999992847442626953e-01,-9.999978542327880859e-01,-9.999989271163940430e-01,-9.999921917915344238e-01,-9.999973177909851074e-01,-9.999981522560119629e-01,-9.999985694885253906e-01,9.999804496765136719e-01,9.999981522560119629e-01,9.999981522560119629e-01,-9.999960064888000488e-01,9.999992847442626953e-01,9.999988675117492676e-01,9.999969005584716797e-01,-9.999943375587463379e-01,-9.999992251396179199e-01,-9.999992251396179199e-01,-9.999946951866149902e-01,-9.999986290931701660e-01,9.999991655349731445e-01,-9.999991059303283691e-01,9.999980926513671875e-01,9.999975562095642090e-01,-9.999916553497314453e-01,9.999504089355468750e-01,-9.999984502792358398e-01,9.999878406524658203e-01,9.999985694885253906e-01,-9.999932646751403809e-01,-9.999983310699462891e-01,9.999784231185913086e-01,9.999983906745910645e-01,-9.999991059303283691e-01,-9.999739527702331543e-01,-9.999988079071044922e-01,-9.999909996986389160e-01,9.999954700469970703e-01,9.999989867210388184e-01,-9.999899864196777344e-01,9.999986886978149414e-01,-9.999989271163940430e-01,9.999988079071044922e-01,-9.999782443046569824e-01,-9.999988675117492676e-01,9.999989867210388184e-01,-9.999982118606567383e-01,9.999749064445495605e-01,9.999991655349731445e-01,-9.999991059303283691e-01,9.999959468841552734e-01,-9.999983310699462891e-01,9.999991059303283691e-01,-9.999938607215881348e-01,-9.999832510948181152e-01,9.999988079071044922e-01,9.999939799308776855e-01,9.999921917915344238e-01,-9.999981522560119629e-01,-9.999961853027343750e-01,9.999988675117492676e-01,-9.999979734420776367e-01,9.999988675117492676e-01,-9.999985098838806152e-01,-9.999954700469970703e-01,9.999992847442626953e-01,-9.999988675117492676e-01,9.999988675117492676e-01,-9.999990463256835938e-01,-9.999771118164062500e-01,-9.999983310699462891e-01,-9.999992251396179199e-01,9.999970197677612305e-01,9.999991059303283691e-01,-9.999984502792358398e-01,9.999909400939941406e-01,-9.999971985816955566e-01,-9.999868869781494141e-01,-9.999985098838806152e-01
-9.999985098838806152e-01,9.999982118606567383e-01,9.999890923500061035e-01,-9.999985694885253906e-01,-9.999989867210388184e-01,9.999987483024597168e-01,9.999243021011352539e-01,-9.999991655349731445e-01,9.999973177909851074e-01,-9.999966025352478027e-01,9.999935030937194824e-01,9.999990463256835938e-01,-9.999984502792358398e-01,-9.999976158142089844e-01,-9.999495744705200195e-01,-9.999982714653015137e-01,-9.999980330467224121e-01,9.999978542327880859e-01,2.447210997343063354e-01,9.999992847442626953e-01,9.999989867210388184e-01,-9.999880194664001465e-01,-9.999973773956298828e-01,-9.999986886978149414e-01,-9.999743103981018066e-01,-9.999991655349731445e-01,9.999986290931701660e-01,9.999991655349731445e-01,-9.999867677688598633e-01,9.999954104423522949e-01,9.999981522560119629e-01,9.999988675117492676e-01,-9.999972581863403320e-01,-9.999981522560119629e-01,9.999976158142089844e-01,9.999960660934448242e-01,-9.999992251396179199e-01,-9.999988675117492676e-01,-9.999939799308776855e-01,9.999989867210388184e-01,-9.999986290931701660e-01,9.999977946281433105e-01,-9.999580383300781250e-01,-9.999988079071044922e-01,-9.999968409538269043e-01,-9.999977350234985352e-01,-9.999959468841552734e-01,-9.999969005584716797e-01,-9.999989271163940430e-01,9.999988079071044922e-01,9.999989867210388184e-01,9.999973177909851074e-01,9.999987483024597168e-01,9.999899268150329590e-01,9.999966025352478027e-01,9.999976754188537598e-01,9.999983310699462891e-01,-9.999744892120361328e-01,-9.999976754188537598e-01,-9.999975562095642090e-01,9.999950528144836426e-01,-9.999991059303283691e-01,-9.999986290931701660e-01,-9.999960064888000488e-01,9.999926686286926270e-01,9.999990463256835938e-01,9.999991655349731445e-01,9.999931454658508301e-01,9.999983310699462891e-01,-9.999990463256835938e-01,9.999988079071044922e-01,-9.999976754188537598e-01,-9.999968409538269043e-01,9.999892115592956543e-01,-9.999352097511291504e-01,9.999980926513671875e-01,-9.999842047691345215e-01,-9.999982714653015137e-01,9.999912977218627930e-01,9.999980330467224121e-01,-9.999718666076660156e-01,-9.999981522560119629e-01,9.999989271163940430e-01,9.999660253524780273e-01,9.999986290931701660e-01,9.999883174896240234e-01,-9.999942183494567871e-01,-9.999988079071044922e-01,9.999870061874389648e-01,-9.999984502792358398e-01,9.999986886978149414e-01,-9.999986290931701660e-01,9.999717473983764648e-01,9.999985694885253906e-01,-9.999987483024597168e-01,9.999978542327880859e-01,-9.999672174453735352e-01,-9.999990463256835938e-01,9.999989271163940430e-01,-9.999948740005493164e-01,9.999980330467224121e-01,-9.999988675117492676e-01,9.999920725822448730e-01,9.999782443046569824e-01,-9.999985694885253906e-01,-9.999923706054687500e-01,-9.999900460243225098e-01,9.999976158142089844e-01,9.999952316284179688e-01,-9.999986290931701660e-01,9.999974966049194336e-01,-9.999986886978149414e-01,9.999982118606567383e-01,9.999942779541015625e-01,-9.999992847442626953e-01,9.999985694885253906e-01,-9.999986290931701660e-01,9.999989271163940430e-01,9.999702572822570801e-01,9.999979138374328613e-01,9.999989867210388184e-01,-9.999962449073791504e-01,-9.999987483024597168e-01,9.999979734420776367e-01,-9.999882578849792480e-01,9.999964237213134766e-01,9.999829530715942383e-01,9.999981522560119629e-01
-9.999088644981384277e-01,9.999002218246459961e-01,9.993748664855957031e-01,-9.999182224273681641e-01,-9.999421238899230957e-01,9.999243021011352539e-01,9.956802129745483398e-01,-9.999485015869140625e-01,9.998438358306884766e-01,-9.998065233230590820e-01,9.996213912963867188e-01,9.999418854713439941e-01,-9.999137520790100098e-01,-9.998615980148315430e-01,-9.971176981925964355e-01,-9.998960494995117188e-01,-9.998899102210998535e-01,9.998801350593566895e-01,2.298618108034133911e-01,9.999513626098632812e-01,9.999423623085021973e-01,-9.993122816085815430e-01,-9.998477101325988770e-01,-9.999201297760009766e-01,-9.985216259956359863e-01,-9.999507069587707520e-01,9.999167919158935547e-01,9.999444484710693359e-01,-9.992396235466003418e-01,9.997295737266540527e-01,9.998879432678222656e-01,9.999346137046813965e-01,-9.998447299003601074e-01,-9.998970031738281250e-01,9.998614788055419922e-01,9.997708797454833984e-01,-9.999465942382812500e-01,-9.999344348907470703e-01,-9.996559619903564453e-01,9.999386668205261230e-01,-9.999215006828308105e-01,9.998767375946044922e-01,-9.975978136062622070e-01,-9.999295473098754883e-01,-9.998209476470947266e-01,-9.998726844787597656e-01,-9.997683763504028320e-01,-9.998249411582946777e-01,-9.999365806579589844e-01,9.999269247055053711e-01,9.999346733093261719e-01,9.998486042022705078e-01,9.999243617057800293e-01,9.994231462478637695e-01,9.998071193695068359e-01,9.998698830604553223e-01,9.998981356620788574e-01,-9.985383749008178711e-01,-9.998696446418762207e-01,-9.998626112937927246e-01,9.997118711471557617e-01,-9.999420046806335449e-01,-9.999172687530517578e-01,-9.997688531875610352e-01,9.995737671852111816e-01,9.999375343322753906e-01,9.999442696571350098e-01,9.996078610420227051e-01,9.998980164527893066e-01,-9.999437332153320312e-01,9.999275803565979004e-01,-9.998675584793090820e-01,-9.998204112052917480e-01,9.993795752525329590e-01,-9.962957501411437988e-01,9.998911619186401367e-01,-9.990954399108886719e-01,-9.999005794525146484e-01,9.994996190071105957e-01,9.998850226402282715e-01,-9.983814358711242676e-01,-9.998896121978759766e-01,9.999377131462097168e-01,9.980555772781372070e-01,9.999215006828308105e-01,9.993236064910888672e-01,-9.996685981750488281e-01,-9.999282360076904297e-01,9.992548823356628418e-01,-9.999120235443115234e-01,9.999195933341979980e-01,-9.999172091484069824e-01,9.983744025230407715e-01,9.999195933341979980e-01,-9.999275803565979004e-01,9.998734593391418457e-01,-9.981201291084289551e-01,-9.999436140060424805e-01,9.999370574951171875e-01,-9.997001290321350098e-01,9.998851418495178223e-01,-9.999302029609680176e-01,9.995465874671936035e-01,9.987485408782958984e-01,-9.999192953109741211e-01,-9.995624423027038574e-01,-9.994232654571533203e-01,9.998615980148315430e-01,9.997264742851257324e-01,-9.999212622642517090e-01,9.998595118522644043e-01,-9.999220371246337891e-01,9.998973011970520020e-01,9.996717572212219238e-01,-9.999505877494812012e-01,9.999198913574218750e-01,-9.999180436134338379e-01,9.999340176582336426e-01,9.982891678810119629e-01,9.998834729194641113e-01,9.999386668205261230e-01,-9.997867345809936523e-01,-9.999282360076904297e-01,9.998837709426879883e-01,-9.993269443511962891e-01,9.997923970222473145e-01,9.990172982215881348e-01,9.998953938484191895e-01
9.999989867210388184e-01,-9.999987483024597168e-01,-9.999924898147583008e-01,9.999989867210388184e-01,9.999991655349731445e-01,-9.999991655349731445e-01,-9.999485015869140625e-01,9.999993443489074707e-01,-9.999980330467224121e-01,9.999976754188537598e-01,-9.999955296516418457e-01,-9.999994039535522461e-01,9.999989867210388184e-01,9.999982118606567383e-01,9.999656081199645996e-01,9.999987483024597168e-01,9.999986886978149414e-01,-9.999984502792358398e-01,-2.448108047246932983e-01,-9.999994635581970215e-01,-9.999992847442626953e-01,9.999918341636657715e-01,9.999981522560119629e-01,9.999991059303283691e-01,9.999824762344360352e-01,9.999993443489074707e-01,-9.999990463256835938e-01,-9.999992847442626953e-01,9.999909400939941406e-01,-9.999967217445373535e-01,-9.999986290931701660e-01,-9.999992847442626953e-01,9.999981522560119629e-01,9.999986886978149414e-01,-9.999983310699462891e-01,-9.999972581863403320e-01,9.999993443489074707e-01,9.999991655349731445e-01,9.999958872795104980e-01,-9.999992847442626953e-01,9.999989867210388184e-01,-9.999984502792358398e-01,9.999714493751525879e-01,9.999992251396179199e-01,9.999978542327880859e-01,9.999984502792358398e-01,9.999971389770507812e-01,9.999978542327880859e-01,9.999993443489074707e-01,-9.999991655349731445e-01,-9.999992847442626953e-01,-9.999981522560119629e-01,-9.999991655349731445e-01,-9.999931454658508301e-01,-9.999977350234985352e-01,-9.999984502792358398e-01,-9.999987483024597168e-01,9.999826550483703613e-01,9.999983310699462891e-01,9.999983310699462891e-01,-9.999964237213134766e-01,9.999994039535522461e-01,9.999990463256835938e-01,9.999973177909851074e-01,-9.999949336051940918e-01,-9.999994039535522461e-01,-9.999992847442626953e-01,-9.999952912330627441e-01,-9.999987483024597168e-01,9.999992847442626953e-01,-9.999991655349731445e-01,9.999983906745910645e-01,9.999978542327880859e-01,-9.999926686286926270e-01,9.999558329582214355e-01,-9.999986290931701660e-01,9.999892115592956543e-01,9.999988079071044922e-01,-9.999939799308776855e-01,-9.999986290931701660e-01,9.999808073043823242e-01,9.999985694885253906e-01,-9.999992251396179199e-01,-9.999768137931823730e-01,-9.999991059303283691e-01,-9.999919533729553223e-01,9.999958872795104980e-01,9.999991655349731445e-01,-9.999911785125732422e-01,9.999988675117492676e-01,-9.999991059303283691e-01,9.999990463256835938e-01,-9.999806880950927734e-01,-9.999991059303283691e-01,9.999991059303283691e-01,-9.999984502792358398e-01,9.999777674674987793e-01,9.999992847442626953e-01,-9.999992847442626953e-01,9.999963641166687012e-01,-9.999986290931701660e-01,9.999992251396179199e-01,-9.999946355819702148e-01,-9.999851584434509277e-01,9.999991059303283691e-01,9.999947547912597656e-01,9.999931454658508301e-01,-9.999983310699462891e-01,-9.999966025352478027e-01,9.999991059303283691e-01,-9.999983310699462891e-01,9.999991059303283691e-01,-9.999986886978149414e-01,-9.999959468841552734e-01,9.999993443489074707e-01,-9.999991059303283691e-01,9.999990463256835938e-01,-9.999992251396179199e-01,-9.999796748161315918e-01,-9.999985098838806152e-01,-9.999992251396179199e-01,9.999974370002746582e-01,9.999991655349731445e-01,-9.999985098838806152e-01,9.999920129776000977e-01,-9.999974966049194336e-01,-9.999882578849792480e-01,-9.999986886978149414e-01
-9.999966621398925781e-01,9.999963641166687012e-01,9.999775290489196777e-01,-9.999970197677612305e-01,-9.999978542327880859e-01,9.999973177909851074e-01,9.998438358306884766e-01,-9.999980330467224121e-01,9.999943971633911133e-01,-9.999931454658508301e-01,9.999863505363464355e-01,9.999978542327880859e-01,-9.999968409538269043e-01,-9.999949932098388672e-01,-9.998958706855773926e-01,-9.999961853027343750e-01,-9.999960064888000488e-01,9.999957084655761719e-01,2.444225251674652100e-01,9.999982118606567383e-01,9.999978542327880859e-01,-9.999752640724182129e-01,-9.999945163726806641e-01,-9.999971985816955566e-01,-9.999467730522155762e-01,-9.999982118606567383e-01,9.999970793724060059e-01,9.999979734420776367e-01,-9.999726414680480957e-01,9.999903440475463867e-01,9.999958872795104980e-01,9.999976158142089844e-01,-9.999943971633911133e-01,-9.999962449073791504e-01,9.999949932098388672e-01,9.999917745590209961e-01,-9.999980330467224121e-01,-9.999975562095642090e-01,-9.999875426292419434e-01,9.999977350234985352e-01,-9.999970793724060059e-01,9.999955296516418457e-01,-9.999132752418518066e-01,-9.999974370002746582e-01,-9.999934434890747070e-01,-9.999954104423522949e-01,-9.999915957450866699e-01,-9.999936819076538086e-01,-9.999977350234985352e-01,9.999973177909851074e-01,9.999976754188537598e-01,9.999944567680358887e-01,9.999973177909851074e-01,9.999792575836181641e-01,9.999931454658508301e-01,9.999952316284179688e-01,9.999963045120239258e-01,-9.999471902847290039e-01,-9.999952912330627441e-01,-9.999950528144836426e-01,9.999896287918090820e-01,-9.999979138374328613e-01,-9.999969601631164551e-01,-9.999917149543762207e-01,9.999848008155822754e-01,9.999977946281433105e-01,9.999979138374328613e-01,9.999858736991882324e-01,9.999963641166687012e-01,-9.999979734420776367e-01,9.999973773956298828e-01,-9.999951720237731934e-01,-9.999936223030090332e-01,9.999777078628540039e-01,-9.998662471771240234e-01,9.999960064888000488e-01,-9.999673962593078613e-01,-9.999963641166687012e-01,9.999819397926330566e-01,9.999959468841552734e-01,-9.999417066574096680e-01,-9.999959468841552734e-01,9.999977350234985352e-01,9.999298453330993652e-01,9.999971389770507812e-01,9.999756813049316406e-01,-9.999880790710449219e-01,-9.999973773956298828e-01,9.999731183052062988e-01,-9.999967217445373535e-01,9.999970793724060059e-01,-9.999969601631164551e-01,9.999413490295410156e-01,9.999970793724060059e-01,-9.999972581863403320e-01,9.999954700469970703e-01,-9.999321699142456055e-01,-9.999979138374328613e-01,9.999976754188537598e-01,-9.999892115592956543e-01,9.999959468841552734e-01,-9.999975562095642090e-01,9.999836683273315430e-01,9.999548792839050293e-01,-9.999970793724060059e-01,-9.999841451644897461e-01,-9.999792575836181641e-01,9.999949932098388672e-01,9.999901652336120605e-01,-9.999971389770507812e-01,9.999948740005493164e-01,-9.999971389770507812e-01,9.999961256980895996e-01,9.999881982803344727e-01,-9.999982118606567383e-01,9.999970793724060059e-01,-9.999970793724060059e-01,9.999976158142089844e-01,9.999381899833679199e-01,9.999957680702209473e-01,9.999977350234985352e-01,-9.999921917915344238e-01,-9.999973773956298828e-01,9.999958276748657227e-01,-9.999758005142211914e-01,9.999926686286926270e-01,9.999646544456481934e-01,9.999961853027343750e-01
9.999960064888000488e-01,-9.999956488609313965e-01,-9.999721050262451172e-01,9.999964237213134766e-01,9.999973177909851074e-01,-9.999966025352478027e-01,-9.998065233230590820e-01,9.999976754188537598e-01,-9.999931454658508301e-01,9.999914169311523438e-01,-9.999831914901733398e-01,-9.999974370002746582e-01,9.999961256980895996e-01,9.999938011169433594e-01,9.998710751533508301e-01,9.999954104423522949e-01,9.999951124191284180e-01,-9.999946355819702148e-01,-2.442840784788131714e-01,-9.999978542327880859e-01,-9.999973773956298828e-01,9.999693036079406738e-01,9.999932050704956055e-01,9.999964833259582520e-01,9.999339580535888672e-01,9.999977946281433105e-01,-9.999962449073791504e-01,-9.999975562095642090e-01,9.999660253524780273e-01,-9.999880194664001465e-01,-9.999949932098388672e-01,-9.999970197677612305e-01,9.999930858612060547e-01,9.999954104423522949e-01,-9.999938011169433594e-01,-9.999898672103881836e-01,9.999975562095642090e-01,9.999970197677612305e-01,9.999846816062927246e-01,-9.999971985816955566e-01,9.999964237213134766e-01,-9.999945163726806641e-01,9.998925328254699707e-01,9.999968409538269043e-01,9.999920129776000977e-01,9.999943971633911133e-01,9.999896883964538574e-01,9.999921917915344238e-01,9.999971985816955566e-01,-9.999967813491821289e-01,-9.999971389770507812e-01,-9.999933838844299316e-01,-9.999966621398925781e-01,-9.999743700027465820e-01,-9.999915361404418945e-01,-9.999942183494567871e-01,-9.999955296516418457e-01,9.999347329139709473e-01,9.999942183494567871e-01,9.999938607215881348e-01,-9.999871850013732910e-01,9.999974370002746582e-01,9.999962449073791504e-01,9.999897480010986328e-01,-9.999810457229614258e-01,-9.999972581863403320e-01,-9.999974966049194336e-01,-9.999824762344360352e-01,-9.999955892562866211e-01,9.999975562095642090e-01,-9.999967217445373535e-01,9.999940991401672363e-01,9.999920725822448730e-01,-9.999724626541137695e-01,9.998341798782348633e-01,-9.999951720237731934e-01,9.999596476554870605e-01,9.999956488609313965e-01,-9.999777078628540039e-01,-9.999949336051940918e-01,9.999276995658874512e-01,9.999951720237731934e-01,-9.999971985816955566e-01,-9.999130368232727051e-01,-9.999964833259582520e-01,-9.999699592590332031e-01,9.999852180480957031e-01,9.999967813491821289e-01,-9.999667406082153320e-01,9.999960064888000488e-01,-9.999963641166687012e-01,9.999963641166687012e-01,-9.999274015426635742e-01,-9.999963641166687012e-01,9.999967217445373535e-01,-9.999944567680358887e-01,9.999160170555114746e-01,9.999974370002746582e-01,-9.999972581863403320e-01,9.999866485595703125e-01,-9.999949336051940918e-01,9.999969601631164551e-01,-9.999798536300659180e-01,-9.999440908432006836e-01,9.999963641166687012e-01,9.999805092811584473e-01,9.999743103981018066e-01,-9.999939203262329102e-01,-9.999877810478210449e-01,9.999965429306030273e-01,-9.999937415122985840e-01,9.999966025352478027e-01,-9.999954700469970703e-01,-9.999853968620300293e-01,9.999978542327880859e-01,-9.999964833259582520e-01,9.999964237213134766e-01,-9.999970197677612305e-01,-9.999234676361083984e-01,-9.999948740005493164e-01,-9.999973177909851074e-01,9.999905824661254883e-01,9.999967813491821289e-01,-9.999948143959045410e-01,9.999699592590332031e-01,-9.999908804893493652e-01,-9.999561905860900879e-01,-9.999953508377075195e-01
-9.999920725822448730e-01,9.999912977218627930e-01,9.999453425407409668e-01,-9.999927878379821777e-01,-9.999948740005493164e-01,9.999935030937194824e-01,9.996213912963867188e-01,-9.999955296516418457e-01,9.999863505363464355e-01,-9.999831914901733398e-01,9.999669790267944336e-01,9.999949932098388672e-01,-9.999924898147583008e-01,-9.999879002571105957e-01,-9.997476935386657715e-01,-9.999909400939941406e-01,-9.999903440475463867e-01,9.999895691871643066e-01,2.436011135578155518e-01,9.999957680702209473e-01,9.999948740005493164e-01,-9.999399185180664062e-01,-9.999867081642150879e-01,-9.999930262565612793e-01,-9.998708367347717285e-01,-9.999957084655761719e-01,9.999927282333374023e-01,9.999951720237731934e-01,-9.999335408210754395e-01,9.999765157699584961e-01,9.999901652336120605e-01,9.999942779541015625e-01,-9.999863505363464355e-01,-9.999909996986389160e-01,9.999879002571105957e-01,9.999800324440002441e-01,-9.999953508377075195e-01,-9.999942779541015625e-01,-9.999700188636779785e-01,9.999946355819702148e-01,-9.999931454658508301e-01,9.999892711639404297e-01,-9.997898340225219727e-01,-9.999938607215881348e-01,-9.999843835830688477e-01,-9.999889135360717773e-01,-9.999797344207763672e-01,-9.999847412109375000e-01,-9.999945759773254395e-01,9.999936223030090332e-01,9.999943971633911133e-01,9.999868273735046387e-01,9.999933838844299316e-01,9.999496936798095703e-01,9.999832510948181152e-01,9.999886751174926758e-01,9.999911785125732422e-01,-9.998721480369567871e-01,-9.999885559082031250e-01,-9.999880194664001465e-01,9.999748468399047852e-01,-9.999949932098388672e-01,-9.999927878379821777e-01,-9.999798536300659180e-01,9.999627470970153809e-01,9.999946355819702148e-01,9.999951720237731934e-01,9.999657273292541504e-01,9.999911189079284668e-01,-9.999951124191284180e-01,9.999936819076538086e-01,-9.999884366989135742e-01,-9.999843239784240723e-01,9.999457597732543945e-01,-9.996755123138427734e-01,9.999905228614807129e-01,-9.999208450317382812e-01,-9.999913573265075684e-01,9.999563097953796387e-01,9.999899864196777344e-01,-9.998584985733032227e-01,-9.999902844429016113e-01,9.999945759773254395e-01,9.998298883438110352e-01,9.999931454658508301e-01,9.999408721923828125e-01,-9.999709725379943848e-01,-9.999937415122985840e-01,9.999348521232604980e-01,-9.999923110008239746e-01,9.999929666519165039e-01,-9.999927878379821777e-01,9.998578429222106934e-01,9.999929666519165039e-01,-9.999936819076538086e-01,9.999889731407165527e-01,-9.998356699943542480e-01,-9.999951124191284180e-01,9.999945163726806641e-01,-9.999739527702331543e-01,9.999899864196777344e-01,-9.999939203262329102e-01,9.999604821205139160e-01,9.998905658721923828e-01,-9.999929666519165039e-01,-9.999617338180541992e-01,-9.999495744705200195e-01,9.999879002571105957e-01,9.999761581420898438e-01,-9.999931454658508301e-01,9.999877810478210449e-01,-9.999932050704956055e-01,9.999910593032836914e-01,9.999712705612182617e-01,-9.999957084655761719e-01,9.999930262565612793e-01,-9.999928474426269531e-01,9.999943375587463379e-01,9.998503923416137695e-01,9.999898672103881836e-01,9.999946355819702148e-01,-9.999814033508300781e-01,-9.999937415122985840e-01,9.999898672103881836e-01,-9.999410510063171387e-01,9.999819397926330566e-01,9.999141097068786621e-01,9.999908804893493652e-01
-9.999988079071044922e-01,9.999986290931701660e-01,9.999915957450866699e-01,-9.999988675117492676e-01,-9.999992847442626953e-01,9.999990463256835938e-01,9.999418854713439941e-01,-9.999994039535522461e-01,9.999978542327880859e-01,-9.999974370002746582e-01,9.999949932098388672e-01,9.999993443489074707e-01,-9.999988079071044922e-01,-9.999980926513671875e-01,-9.999611973762512207e-01,-9.999985694885253906e-01,-9.999985098838806152e-01,9.999983906745910645e-01,2.447859644889831543e-01,9.999994635581970215e-01,9.999992847442626953e-01,-9.999908208847045898e-01,-9.999979734420776367e-01,-9.999989867210388184e-01,-9.999803304672241211e-01,-9.999993443489074707e-01,9.999989271163940430e-01,9.999994039535522461e-01,-9.999898672103881836e-01,9.999964237213134766e-01,9.999984502792358398e-01,9.999991655349731445e-01,-9.999979138374328613e-01,-9.999986886978149414e-01,9.999980926513671875e-01,9.999969601631164551e-01,-9.999993443489074707e-01,-9.999991655349731445e-01,-9.999954104423522949e-01,9.999992251396179199e-01,-9.999989271163940430e-01,9.999983310699462891e-01,-9.999676942825317383e-01,-9.999992251396179199e-01,-9.999975562095642090e-01,-9.999983906745910645e-01,-9.999968409538269043e-01,-9.999976158142089844e-01,-9.999992847442626953e-01,9.999991655349731445e-01,9.999992847442626953e-01,9.999979138374328613e-01,9.999991059303283691e-01,9.999922513961791992e-01,9.999974370002746582e-01,9.999982118606567383e-01,9.999986886978149414e-01,-9.999804496765136719e-01,-9.999982118606567383e-01,-9.999981522560119629e-01,9.999960660934448242e-01,-9.999993443489074707e-01,-9.999989271163940430e-01,-9.999969601631164551e-01,9.999943971633911133e-01,9.999992847442626953e-01,9.999992847442626953e-01,9.999947547912597656e-01,9.999986886978149414e-01,-9.999993443489074707e-01,9.999990463256835938e-01,-9.999982118606567383e-01,-9.999975562095642090e-01,9.999917745590209961e-01,-9.999502301216125488e-01,9.999985098838806152e-01,-9.999879002571105957e-01,-9.999986290931701660e-01,9.999933242797851562e-01,9.999984502792358398e-01,-9.999783635139465332e-01,-9.999985098838806152e-01,9.999992251396179199e-01,9.999738931655883789e-01,9.999989271163940430e-01,9.999910593032836914e-01,-9.999955892562866211e-01,-9.999991059303283691e-01,9.999899864196777344e-01,-9.999988079071044922e-01,9.999989867210388184e-01,-9.999989271163940430e-01,9.999781847000122070e-01,9.999989867210388184e-01,-9.999990463256835938e-01,9.999983906745910645e-01,-9.999748468399047852e-01,-9.999992847442626953e-01,9.999991655349731445e-01,-9.999960660934448242e-01,9.999985098838806152e-01,-9.999991059303283691e-01,9.999940395355224609e-01,9.999832510948181152e-01,-9.999989867210388184e-01,-9.999940395355224609e-01,-9.999922513961791992e-01,9.999980926513671875e-01,9.999963045120239258e-01,-9.999989867210388184e-01,9.999982118606567383e-01,-9.999989867210388184e-01,9.999986290931701660e-01,9.999955892562866211e-01,-9.999993443489074707e-01,9.999989867210388184e-01,-9.999989271163940430e-01,9.999992847442626953e-01,9.999771118164062500e-01,9.999985098838806152e-01,9.999992847442626953e-01,-9.999970793724060059e-01,-9.999992251396179199e-01,9.999983906745910645e-01,-9.999910593032836914e-01,9.999973177909851074e-01,9.999868273735046387e-01,9.999985694885253906e-01
