4.414232969284057617e-01,-7.069867104291915894e-03,9.836511313915252686e-02,-1.661152094602584839e-01,2.735906839370727539e-01,-3.433235585689544678e-01,3.395256772637367249e-02,4.220365583896636963e-01,1.362005323171615601e-01,-5.111869890242815018e-03,-2.142995595932006836e-01,-1.513014882802963257e-01,-1.697227507829666138e-01,-2.487609162926673889e-02,2.420821227133274078e-02,2.296923249959945679e-01,7.499835453927516937e-03,-1.608956456184387207e-01,6.894493103027343750e-02,-1.138382479548454285e-01,-2.127814441919326782e-01,-1.643812507390975952e-01,-1.527056396007537842e-01,6.648101657629013062e-02,2.641397714614868164e-02,1.668173819780349731e-01,9.262440726161003113e-03,-3.075059950351715088e-01,1.157532446086406708e-02,-9.823668003082275391e-02,-1.626103371381759644e-01,-7.514852285385131836e-02,-9.548410773277282715e-02,9.799721837043762207e-02,-1.177550759166479111e-02,-4.810184612870216370e-02,6.672155112028121948e-02,3.826820850372314453e-02,-2.359633743762969971e-01,-2.727217674255371094e-01,1.433383375406265259e-01,1.795317828655242920e-01,-1.609520018100738525e-01,1.134302839636802673e-02,-1.150766108185052872e-02,1.817152947187423706e-01,-1.008828915655612946e-02,-4.086449369788169861e-02,2.241813391447067261e-01,-1.874484717845916748e-01,-2.771979868412017822e-01,-1.477884203195571899e-01,2.473930418491363525e-01,-4.943950846791267395e-02,7.015975564718246460e-02,-9.927445650100708008e-02,1.913039535284042358e-01,3.144487040117383003e-03,1.237784102559089661e-01,1.225043088197708130e-01,-1.545658260583877563e-01,1.567886620759963989e-01,-3.310766536742448807e-03,2.556259930133819580e-01,1.790789514780044556e-01,-2.196234278380870819e-02,-3.683258891105651855e-01,9.482515603303909302e-02,-5.429971590638160706e-02,2.558874487876892090e-01,-2.187652438879013062e-01,2.489542514085769653e-01,-7.779788970947265625e-02,-1.808870211243629456e-02,-1.563273072242736816e-01,-1.282632648944854736e-01,1.156447571702301502e-03,-7.790555711835622787e-03,5.861051846295595169e-03,-6.779714673757553101e-02,1.066549196839332581e-01,1.757695645210333169e-05,-1.306367665529251099e-01,1.595478039234876633e-03,-2.743103802204132080e-01,9.064445644617080688e-02,2.288610339164733887e-01,2.232100581750273705e-03,-7.418181002140045166e-02,1.493762731552124023e-01,-1.876723170280456543e-01,2.934602797031402588e-01,1.088836565613746643e-01,-1.598996371030807495e-01,-7.978405803442001343e-02,-2.490415573120117188e-01,-2.374224364757537842e-02,-8.835223525238689035e-06,-1.534481346607208252e-01,9.903889894485473633e-02,-2.914274334907531738e-01,3.483382761478424072e-01,-5.694305896759033203e-02,-1.186306178569793701e-01,-5.627895891666412354e-02,1.664459258317947388e-01,1.106316149234771729e-01,1.504842787981033325e-01,-4.143995940685272217e-01,5.909614730626344681e-03,2.894426509737968445e-02,1.381396055221557617e-01,1.732784882187843323e-02,1.188087686896324158e-01,2.567763254046440125e-02,-1.045756116509437561e-01,2.344722300767898560e-01,-6.318488717079162598e-02,-1.556660979986190796e-01,-5.960615724325180054e-02,-1.381265223026275635e-01,8.777906000614166260e-02,6.797213852405548096e-02,2.715459465980529785e-01,-1.236818507313728333e-01,8.475610613822937012e-02,6.496038287878036499e-02,6.818918138742446899e-02
-7.069867104291915894e-03,1.016752142459154129e-02,-9.266849607229232788e-02,7.861141115427017212e-02,4.732931405305862427e-02,1.181736309081315994e-02,4.420323763042688370e-03,1.056135352700948715e-02,6.373437494039535522e-02,7.370187342166900635e-02,-9.117715992033481598e-03,-4.118920117616653442e-02,7.997934520244598389e-02,7.964307814836502075e-02,8.177816867828369141e-02,8.039465546607971191e-02,-2.635266399011015892e-03,7.279782742261886597e-02,-8.991057425737380981e-02,-5.915031582117080688e-02,-5.095859244465827942e-02,7.603645324707031250e-02,7.740058004856109619e-02,-2.293393574655056000e-02,1.267776452004909515e-02,6.756915897130966187e-02,-8.325204998254776001e-02,-2.166808396577835083e-02,8.105178177356719971e-02,-2.344478107988834381e-02,2.885611355304718018e-02,-9.601993113756179810e-02,7.546770572662353516e-02,6.513693928718566895e-02,-1.256863120943307877e-03,-8.975134789943695068e-02,6.991395354270935059e-02,8.150582760572433472e-02,-5.429292842745780945e-02,-6.066002696752548218e-02,7.827601581811904907e-02,1.305845286697149277e-02,8.990690112113952637e-02,3.280999138951301575e-02,-8.477285504341125488e-03,-8.752191066741943359e-02,-8.759812265634536743e-02,-1.997713744640350342e-02,-5.984074901789426804e-03,-5.808688234537839890e-03,1.806924864649772644e-02,-5.262291990220546722e-03,5.515126138925552368e-02,4.356057383120059967e-03,-3.241949155926704407e-02,-9.265139698982238770e-02,4.341229051351547241e-02,3.320868127048015594e-03,-8.614865690469741821e-02,-7.682009786367416382e-02,6.129940506070852280e-03,-9.158812463283538818e-03,2.692733425647020340e-03,1.808699034154415131e-02,-5.552725866436958313e-03,-3.142252191901206970e-02,5.073339864611625671e-02,8.693087100982666016e-02,-8.721611648797988892e-02,9.907998144626617432e-03,-6.691886484622955322e-02,-3.968719393014907837e-02,-4.382602497935295105e-02,8.177740871906280518e-02,-2.299667894840240479e-02,-8.487253636121749878e-02,-3.763049317058175802e-04,9.283772110939025879e-02,-2.974007464945316315e-02,-8.040924370288848877e-02,8.628398180007934570e-02,7.730589277343824506e-05,-7.693772763013839722e-02,-6.253253086470067501e-04,-7.784499228000640869e-02,-8.672391623258590698e-02,3.386646881699562073e-02,6.598362233489751816e-04,7.705016434192657471e-02,6.296179443597793579e-02,-1.055185589939355850e-02,-5.515965819358825684e-02,-8.120198547840118408e-02,4.130490869283676147e-02,-8.204185962677001953e-02,1.342877279967069626e-02,6.079982593655586243e-02,4.741365273730480112e-07,-5.919451639056205750e-02,7.043400406837463379e-02,-2.559244632720947266e-02,3.214089572429656982e-02,-8.964226394891738892e-02,-7.728376239538192749e-02,1.009547561407089233e-01,7.879272103309631348e-03,-9.121774137020111084e-02,-9.028224647045135498e-02,8.731578476727008820e-03,-1.758363447152078152e-03,7.003127038478851318e-02,-7.936546206474304199e-02,-8.403591066598892212e-02,1.185048557817935944e-02,8.987989276647567749e-02,-7.900802046060562134e-02,3.704589605331420898e-02,4.230121150612831116e-02,-8.288271725177764893e-02,6.501512974500656128e-02,8.464078605175018311e-02,7.468995451927185059e-02,7.706162333488464355e-02,-6.815370917320251465e-02,-4.454746842384338379e-02,-7.456870377063751221e-02,-1.155968382954597473e-02,7.141395658254623413e-02
9.836511313915252686e-02,-9.266849607229232788e-02,8.307346701622009277e-01,-7.412958145141601562e-01,-4.724301099777221680e-01,-1.656587719917297363e-01,-6.748101860284805298e-02,-1.571688950061798096e-01,-5.508728027343750000e-01,-7.081998586654663086e-01,8.656425029039382935e-02,4.450644552707672119e-01,-7.113810777664184570e-01,-7.372335195541381836e-01,-7.647362351417541504e-01,-6.947635412216186523e-01,2.605220116674900055e-02,-6.696759462356567383e-01,7.969740033149719238e-01,5.977503061294555664e-01,4.165436327457427979e-01,-7.379293441772460938e-01,-7.465789318084716797e-01,2.523926794528961182e-01,-1.292405426502227783e-01,-5.992680788040161133e-01,7.614110112190246582e-01,2.081756591796875000e-01,-7.646801471710205078e-01,2.570794820785522461e-01,-2.888888716697692871e-01,8.042117953300476074e-01,-6.562254428863525391e-01,-6.636660099029541016e-01,1.891754195094108582e-02,7.817590236663818359e-01,-6.826169490814208984e-01,-7.633990049362182617e-01,5.104917287826538086e-01,5.754283070564270020e-01,-6.915404796600341797e-01,-1.186031475663185120e-01,-8.018312454223632812e-01,-3.471507728099822998e-01,4.370272625237703323e-03,7.965596318244934082e-01,8.047067523002624512e-01,2.032442092895507812e-01,7.552848756313323975e-02,1.635317653417587280e-01,-1.643060892820358276e-01,1.425381451845169067e-01,-5.045286417007446289e-01,-4.476818814873695374e-02,3.591740131378173828e-01,8.147838115692138672e-01,-4.799995422363281250e-01,-3.611711785197257996e-02,7.652530074119567871e-01,7.135962247848510742e-01,-7.595357298851013184e-02,1.070649027824401855e-01,-2.537980303168296814e-02,-1.434318572282791138e-01,8.198621124029159546e-02,3.182608485221862793e-01,-4.500473439693450928e-01,-7.696295976638793945e-01,7.783246636390686035e-01,-1.151609122753143311e-01,6.503801345825195312e-01,4.365495145320892334e-01,4.199909865856170654e-01,-7.711001038551330566e-01,1.475494056940078735e-01,7.592570185661315918e-01,3.709815675392746925e-03,-8.336334824562072754e-01,2.810514867305755615e-01,7.435283660888671875e-01,-7.712731957435607910e-01,-8.292662096209824085e-04,7.275170683860778809e-01,7.691540755331516266e-03,6.810394525527954102e-01,8.007706403732299805e-01,-3.719516694545745850e-01,-7.394538726657629013e-03,-6.981306672096252441e-01,-6.395414471626281738e-01,1.071002930402755737e-01,4.549407958984375000e-01,7.265344262123107910e-01,-3.907427191734313965e-01,7.464354634284973145e-01,-1.318337768316268921e-01,-6.194053888320922852e-01,-2.908541773649631068e-06,5.830307006835937500e-01,-6.486704349517822266e-01,3.351960778236389160e-01,-3.168503344058990479e-01,7.911121249198913574e-01,7.256023287773132324e-01,-8.520287275314331055e-01,-1.264979392290115356e-01,7.461643815040588379e-01,7.983188033103942871e-01,-8.309835940599441528e-02,1.312870252877473831e-02,-6.211571693420410156e-01,7.366462945938110352e-01,7.757195830345153809e-01,-1.856605857610702515e-01,-8.181202411651611328e-01,7.232868075370788574e-01,-3.662019670009613037e-01,-4.702367484569549561e-01,7.573758959770202637e-01,-6.339693069458007812e-01,-7.735598683357238770e-01,-6.789673566818237305e-01,-7.111349105834960938e-01,6.248409152030944824e-01,5.024307370185852051e-01,7.054020166397094727e-01,1.033802926540374756e-01,-6.997701525688171387e-01
-1.661152094602584839e-01,7.861141115427017212e-02,-7.412958145141601562e-01,7.796196937561035156e-01,2.741213738918304443e-01,2.590869963169097900e-01,6.150333955883979797e-02,-3.167021647095680237e-02,5.003945231437683105e-01,6.136103868484497070e-01,-1.747470051050186157e-01,-3.298052251338958740e-01,5.414475798606872559e-01,6.950482130050659180e-01,6.748952269554138184e-01,4.708625972270965576e-01,-2.166140824556350708e-02,5.843313336372375488e-01,-7.602670788764953613e-01,-5.345698595046997070e-01,-4.608463048934936523e-01,6.957004070281982422e-01,6.855593323707580566e-01,-1.770592182874679565e-01,1.142508909106254578e-01,3.612830638885498047e-01,-6.248070597648620605e-01,5.332602187991142273e-02,5.786541700363159180e-01,-8.576436340808868408e-02,2.210549116134643555e-01,-7.134714722633361816e-01,7.164608836174011230e-01,5.920921564102172852e-01,-1.486728724557906389e-04,-5.947414040565490723e-01,5.224422216415405273e-01,6.491160988807678223e-01,-2.348886281251907349e-01,-5.422924757003784180e-01,6.221137046813964844e-01,1.737117618322372437e-01,6.962544322013854980e-01,2.815349698066711426e-01,-1.432880610227584839e-01,-6.634798049926757812e-01,-7.405736446380615234e-01,-1.744906753301620483e-01,-1.641624420881271362e-02,-7.031660526990890503e-02,1.850959211587905884e-01,6.095085293054580688e-02,5.140341520309448242e-01,1.202692510560154915e-03,-1.743011027574539185e-01,-6.585336327552795410e-01,4.620086848735809326e-01,2.817507460713386536e-02,-6.986861824989318848e-01,-7.480755448341369629e-01,1.595582067966461182e-02,-3.456032648682594299e-02,2.780744433403015137e-02,6.506438553333282471e-02,-4.030450433492660522e-02,-2.687111496925354004e-01,3.574942648410797119e-01,5.845415592193603516e-01,-6.588683128356933594e-01,-1.232978478074073792e-01,-4.894048869609832764e-01,-2.415828257799148560e-01,-4.693180322647094727e-01,6.788742542266845703e-01,-2.184992581605911255e-01,-6.339116096496582031e-01,-2.074441406875848770e-03,6.996720433235168457e-01,-4.447722136974334717e-01,-6.153824329376220703e-01,7.237970232963562012e-01,6.931331008672714233e-04,-5.681127905845642090e-01,-2.593230921775102615e-03,-5.279811024665832520e-01,-6.842243075370788574e-01,1.430618315935134888e-01,3.017163602635264397e-03,5.581679344177246094e-01,5.096458792686462402e-01,-1.259078234434127808e-01,-5.640600323677062988e-01,-7.362551689147949219e-01,4.645702838897705078e-01,-6.787008643150329590e-01,2.234954684972763062e-01,4.834855198860168457e-01,1.306922399635368492e-06,-3.689409196376800537e-01,4.911221861839294434e-01,-1.907673776149749756e-01,7.210795581340789795e-02,-7.262499928474426270e-01,-5.668780207633972168e-01,7.856042981147766113e-01,3.011538684368133545e-01,-8.056125640869140625e-01,-6.732822656631469727e-01,2.534916698932647705e-01,-2.122870273888111115e-02,6.223837137222290039e-01,-7.524792551994323730e-01,-7.245048880577087402e-01,2.839499711990356445e-01,6.940391063690185547e-01,-6.277695298194885254e-01,1.027522236108779907e-01,3.967090547084808350e-01,-6.199115514755249023e-01,6.484987735748291016e-01,6.500942707061767578e-01,6.654664278030395508e-01,6.488780379295349121e-01,-5.970978736877441406e-01,-4.532762467861175537e-01,-6.775431036949157715e-01,-9.837774187326431274e-02,5.962902307510375977e-01
2.735906839370727539e-01,4.732931405305862427e-02,-4.724301099777221680e-01,2.741213738918304443e-01,6.006390452384948730e-01,-2.124758064746856689e-01,6.448477506637573242e-02,5.518684387207031250e-01,3.595311343669891357e-01,4.106495976448059082e-01,-1.116133183240890503e-01,-4.136369824409484863e-01,4.273259639739990234e-01,3.849189579486846924e-01,4.944448173046112061e-01,7.518481016159057617e-01,-1.058728061616420746e-02,3.372920155525207520e-01,-4.308241605758666992e-01,-3.943010866641998291e-01,-2.523832917213439941e-01,3.149566650390625000e-01,3.330804109573364258e-01,-1.448507905006408691e-01,8.795041590929031372e-02,6.349298954010009766e-01,-5.024114847183227539e-01,-5.335564017295837402e-01,6.287599802017211914e-01,-3.194536566734313965e-01,8.208724856376647949e-02,-5.619571208953857422e-01,2.196556776762008667e-01,4.683646857738494873e-01,-3.443509712815284729e-02,-6.290629506111145020e-01,5.236856937408447266e-01,5.332465767860412598e-01,-7.272982001304626465e-01,-4.934014678001403809e-01,5.163307189941406250e-01,1.143832504749298096e-01,4.280453026294708252e-01,2.282300591468811035e-01,1.338369995355606079e-01,-4.402985572814941406e-01,-5.180241465568542480e-01,-1.610237807035446167e-01,3.869714215397834778e-02,-2.767331600189208984e-01,-1.216028779745101929e-01,-3.672952353954315186e-01,3.901340663433074951e-01,2.400467172265052795e-02,-3.026197552680969238e-01,-6.784942746162414551e-01,3.799528777599334717e-01,2.717079594731330872e-02,-3.773096203804016113e-01,-2.765671014785766602e-01,1.446236739866435528e-03,-4.438705369830131531e-02,6.504000164568424225e-03,2.750633060932159424e-01,3.817937150597572327e-02,-2.072296291589736938e-01,7.640589773654937744e-02,6.542494893074035645e-01,-5.461180806159973145e-01,4.330023527145385742e-01,-6.472951769828796387e-01,-2.493973821401596069e-01,-1.734412014484405518e-01,4.870339930057525635e-01,-9.933683276176452637e-02,-6.069017052650451660e-01,-2.370862988755106926e-03,5.945252180099487305e-01,-2.815809333696961403e-03,-5.501633286476135254e-01,5.437551140785217285e-01,5.231630639173090458e-04,-6.113936305046081543e-01,-6.946832872927188873e-03,-7.024961113929748535e-01,-4.850249588489532471e-01,5.152788758277893066e-01,9.156828746199607849e-03,4.059967994689941406e-01,5.399805307388305664e-01,-1.701837480068206787e-01,7.209651917219161987e-02,-2.950628101825714111e-01,-8.167715743184089661e-03,-5.172513127326965332e-01,-1.828839480876922607e-01,4.281357824802398682e-01,-3.734969595825532451e-06,-5.776706933975219727e-01,5.585697889328002930e-01,-4.815332889556884766e-01,6.038112640380859375e-01,-5.385664105415344238e-01,-6.150393486022949219e-01,5.106678009033203125e-01,3.670045733451843262e-02,-2.857776880264282227e-01,-4.749273955821990967e-01,-3.809514045715332031e-01,8.299495093524456024e-03,2.944927811622619629e-01,-2.758749723434448242e-01,-4.664212465286254883e-01,6.951175630092620850e-02,6.109228730201721191e-01,-5.207943320274353027e-01,5.612720847129821777e-01,2.710174024105072021e-01,-6.518965363502502441e-01,2.467545419931411743e-01,4.567184150218963623e-01,4.065314531326293945e-01,4.393236935138702393e-01,-1.558249443769454956e-01,-3.572258353233337402e-01,-3.075183629989624023e-01,-1.278845872730016708e-02,4.822841882705688477e-01
-3.433235585689544678e-01,1.181736309081315994e-02,-1.656587719917297363e-01,2.590869963169097900e-01,-2.124758064746856689e-01,3.389548063278198242e-01,-4.824205534532666206e-04,-3.528618812561035156e-01,-5.305537953972816467e-02,7.561565935611724854e-02,8.319482207298278809e-02,8.997569978237152100e-02,1.294504553079605103e-01,1.285591721534729004e-01,8.022232353687286377e-02,-1.715088337659835815e-01,-7.514569442719221115e-03,1.497558206319808960e-01,-1.564043909311294556e-01,-1.797656714916229248e-02,4.694098979234695435e-02,2.109203636646270752e-01,2.037723064422607422e-01,-4.468280076980590820e-02,-4.383011255413293839e-03,-1.636660695075988770e-01,-7.955408841371536255e-02,3.134419620037078857e-01,3.153613209724426270e-02,8.240607380867004395e-02,1.308302879333496094e-01,-4.114569723606109619e-02,2.017508149147033691e-01,4.127408936619758606e-02,1.361273322254419327e-02,6.330425851047039032e-03,-2.117384411394596100e-02,3.762197867035865784e-02,2.364411503076553345e-01,8.128220587968826294e-02,-4.195316135883331299e-02,-6.553516536951065063e-02,1.871396750211715698e-01,2.253111079335212708e-02,-5.094809457659721375e-02,-1.960244476795196533e-01,-9.604560583829879761e-02,1.485669426620006561e-02,-1.390524059534072876e-01,1.210256516933441162e-01,2.241151481866836548e-01,1.509255468845367432e-01,-7.548025250434875488e-02,2.266466245055198669e-02,-1.604063622653484344e-02,2.416938310489058495e-03,-6.278727948665618896e-02,-3.667105629574507475e-04,-1.682701110839843750e-01,-2.079190164804458618e-01,8.459487557411193848e-02,-7.456798851490020752e-02,7.881863042712211609e-03,-1.903167814016342163e-01,-1.267611384391784668e-01,-8.177368901669979095e-03,2.595753371715545654e-01,-3.500605747103691101e-02,-2.757754549384117126e-02,-2.687526643276214600e-01,1.207730546593666077e-01,-1.735132187604904175e-01,-3.668485581874847412e-02,8.339779078960418701e-02,6.701377034187316895e-02,2.387273870408535004e-02,-4.803016781806945801e-04,8.564020693302154541e-02,-1.179024130105972290e-01,-9.339270764030516148e-05,3.592252358794212341e-02,5.993678496452048421e-05,3.668226301670074463e-02,-6.870337529107928276e-04,1.685773134231567383e-01,-1.322796642780303955e-01,-1.792237460613250732e-01,-2.662631683051586151e-03,8.343503624200820923e-02,-6.339737772941589355e-02,9.869365394115447998e-02,-3.157592415809631348e-01,-1.895560324192047119e-01,2.069983631372451782e-01,-2.051851339638233185e-02,2.316808253526687622e-01,5.834565311670303345e-02,4.404001629154663533e-06,1.148757562041282654e-01,-7.134809345006942749e-02,1.929400265216827393e-01,-3.096283376216888428e-01,-4.522820189595222473e-02,4.803164303302764893e-02,1.445754915475845337e-01,3.129269927740097046e-02,-2.310407310724258423e-01,-1.474737823009490967e-01,3.857756257057189941e-01,-9.889881126582622528e-03,8.514159917831420898e-02,-2.476256936788558960e-01,-1.004784628748893738e-01,2.878515236079692841e-02,6.008876487612724304e-02,-2.887325594201683998e-03,-2.341653704643249512e-01,8.647002279758453369e-02,4.825268685817718506e-02,1.474821716547012329e-01,1.488198786973953247e-01,4.568422585725784302e-02,4.683943465352058411e-02,-2.574863433837890625e-01,-2.075378317385911942e-03,-1.622972041368484497e-01,-5.661134794354438782e-02,2.528757601976394653e-02
3.395256772637367249e-02,4.420323763042688370e-03,-6.748101860284805298e-02,6.150333955883979797e-02,6.448477506637573242e-02,-4.824205534532666206e-04,3.292189165949821472e-02,6.428288668394088745e-02,2.499000914394855499e-02,5.806590989232063293e-02,-4.748307541012763977e-02,-4.267648607492446899e-02,3.291209787130355835e-02,4.866655543446540833e-02,6.418859213590621948e-02,7.005726546049118042e-02,-1.198523910716176033e-03,3.473927453160285950e-02,-7.587527483701705933e-02,-6.742894649505615234e-02,-4.521306976675987244e-02,4.248727858066558838e-02,5.174446105957031250e-02,-1.357360370457172394e-02,1.210025697946548462e-02,4.841713607311248779e-02,-5.569685623049736023e-02,-3.419742360711097717e-02,7.595587521791458130e-02,-3.537678718566894531e-02,1.264287624508142471e-02,-6.780904531478881836e-02,5.583308637142181396e-02,7.592233270406723022e-02,-2.095026196911931038e-03,-5.849002301692962646e-02,5.717718601226806641e-02,6.924418359994888306e-02,-6.372030079364776611e-02,-8.747014403343200684e-02,6.651826947927474976e-02,3.446096926927566528e-02,5.125501006841659546e-02,2.984305843710899353e-02,-9.572337381541728973e-03,-4.409153386950492859e-02,-8.016695082187652588e-02,-2.054232545197010040e-02,2.246201038360595703e-02,-2.724552899599075317e-02,-7.165147922933101654e-03,-3.586694970726966858e-02,7.182954996824264526e-02,6.820812122896313667e-04,-1.962305419147014618e-02,-8.632550388574600220e-02,5.869394540786743164e-02,3.023702884092926979e-03,-5.373016744852066040e-02,-5.367730557918548584e-02,-1.673291996121406555e-02,7.992085069417953491e-03,1.813621376641094685e-03,3.748168051242828369e-02,1.359666325151920319e-02,-2.548397332429885864e-02,-1.044792402535676956e-02,7.221379131078720093e-02,-6.400751322507858276e-02,2.932860702276229858e-02,-8.617773652076721191e-02,-8.857099339365959167e-03,-3.335140272974967957e-02,5.808112025260925293e-02,-3.269682079553604126e-02,-8.532125502824783325e-02,1.279109255847288296e-05,7.533977180719375610e-02,-3.593394160270690918e-02,-6.308752298355102539e-02,8.763901144266128540e-02,6.037440834916196764e-05,-7.447847723960876465e-02,-7.459327462129294872e-04,-8.969453722238540649e-02,-5.441546440124511719e-02,5.809466913342475891e-02,6.327323499135673046e-04,3.236653283238410950e-02,6.789719313383102417e-02,-4.211650416254997253e-02,-9.787669405341148376e-03,-5.171050131320953369e-02,9.282629936933517456e-03,-7.839792221784591675e-02,-1.897746697068214417e-02,5.857125669717788696e-02,-2.721196324273478240e-06,-5.167721956968307495e-02,6.310989707708358765e-02,-6.523650884628295898e-02,5.359827354550361633e-02,-7.129330933094024658e-02,-7.257245481014251709e-02,8.045003563165664673e-02,6.130393594503402710e-02,-6.416962295770645142e-02,-4.561333358287811279e-02,-2.416386827826499939e-02,3.947985533159226179e-04,3.234080225229263306e-02,-6.264073401689529419e-02,-6.144028902053833008e-02,5.085691064596176147e-02,8.337857574224472046e-02,-7.026199996471405029e-02,3.604832664132118225e-02,3.967216610908508301e-02,-8.886840939521789551e-02,4.454270377755165100e-02,5.899091064929962158e-02,6.721805781126022339e-02,6.094412133097648621e-02,-1.685749180614948273e-02,-5.633162334561347961e-02,-4.688898473978042603e-02,-3.495295997709035873e-03,7.085399329662322998e-02
4.220365583896636963e-01,1.056135352700948715e-02,-1.571688950061798096e-01,-3.167021647095680237e-02,5.518684387207031250e-01,-3.528618812561035156e-01,6.428288668394088745e-02,7.024920582771301270e-01,1.717502176761627197e-01,1.693640351295471191e-01,-1.071237847208976746e-01,-3.636796176433563232e-01,1.371470689773559570e-01,1.300524175167083740e-01,2.625266015529632568e-01,5.960320234298706055e-01,6.516121211461722851e-04,3.817906603217124939e-02,-1.135650798678398132e-01,-2.498052865266799927e-01,-1.057409718632698059e-01,4.216362908482551575e-02,3.884236514568328857e-02,-8.271209150552749634e-02,5.713527649641036987e-02,5.005609393119812012e-01,-2.634533643722534180e-01,-5.987102389335632324e-01,4.248516261577606201e-01,-3.037225008010864258e-01,-6.061222404241561890e-02,-2.913666665554046631e-01,-1.008117124438285828e-01,3.223616480827331543e-01,-4.156532138586044312e-02,-3.922902047634124756e-01,3.429979085922241211e-01,2.987669110298156738e-01,-6.811913251876831055e-01,-3.786518573760986328e-01,2.951048910617828369e-01,1.021759659051895142e-01,9.606928378343582153e-02,1.381585896015167236e-01,2.341177761554718018e-01,-1.436217874288558960e-01,-2.465427666902542114e-01,-1.071490645408630371e-01,1.140545681118965149e-01,-3.973460793495178223e-01,-2.870414555072784424e-01,-4.752488434314727783e-01,2.618163824081420898e-01,-6.617908366024494171e-03,-2.242477238178253174e-01,-4.435741305351257324e-01,3.100414574146270752e-01,1.972516998648643494e-02,-4.400499910116195679e-02,2.933627553284168243e-02,-5.280947312712669373e-02,1.875277981162071228e-02,-5.088312085717916489e-03,2.757422626018524170e-01,9.453822672367095947e-02,-1.171245574951171875e-01,-2.018533945083618164e-01,4.301455020904541016e-01,-3.032470047473907471e-01,5.342866182327270508e-01,-5.306859612464904785e-01,-1.309545338153839111e-01,-3.120294958353042603e-02,2.449735999107360840e-01,6.130709312856197357e-03,-3.773127198219299316e-01,-1.084451330825686455e-03,3.305372297763824463e-01,1.485319137573242188e-01,-3.292663693428039551e-01,2.993062138557434082e-01,3.256658674217760563e-04,-4.324449598789215088e-01,-5.803194362670183182e-03,-5.365318059921264648e-01,-2.063793092966079712e-01,5.269442796707153320e-01,9.022988379001617432e-03,1.492037177085876465e-01,4.163114428520202637e-01,-1.726982593536376953e-01,4.048524498939514160e-01,1.775073818862438202e-02,-2.139881849288940430e-01,-2.710072100162506104e-01,-3.231044113636016846e-01,2.267134189605712891e-01,-9.474646503804251552e-06,-4.835700690746307373e-01,3.627373576164245605e-01,-5.446414351463317871e-01,6.615167260169982910e-01,-2.761779725551605225e-01,-4.315741956233978271e-01,1.770212650299072266e-01,2.546986564993858337e-02,7.659835368394851685e-02,-1.584701389074325562e-01,-5.779752135276794434e-01,1.953746750950813293e-02,6.678823381662368774e-02,1.940496079623699188e-02,-1.952029764652252197e-01,8.535714447498321533e-02,3.494429290294647217e-01,-3.055680692195892334e-01,5.656180977821350098e-01,1.409676223993301392e-01,-4.517020285129547119e-01,-9.817542508244514465e-03,1.531939655542373657e-01,1.788450330495834351e-01,1.981099992990493774e-01,1.751430630683898926e-01,-2.861991524696350098e-01,-3.512076660990715027e-02,5.787251889705657959e-02,2.869454026222229004e-01
1.362005323171615601e-01,6.373437494039535522e-02,-5.508728027343750000e-01,5.003945231437683105e-01,3.595311343669891357e-01,-5.305537953972816467e-02,2.499000914394855499e-02,1.717502176761627197e-01,6.021884679794311523e-01,5.192954540252685547e-01,-2.168284654617309570e-01,-3.721011579036712646e-01,3.608070909976959229e-01,5.916727185249328613e-01,5.880129337310791016e-01,5.797945857048034668e-01,-1.239827182143926620e-02,3.270781934261322021e-01,-5.953667759895324707e-01,-5.281260013580322266e-01,-5.855321288108825684e-01,4.828288853168487549e-01,4.481132924556732178e-01,-1.288867145776748657e-01,1.157905459403991699e-01,4.768279790878295898e-01,-5.709601044654846191e-01,-1.451448947191238403e-01,4.709160923957824707e-01,-1.306917220354080200e-01,6.675723195075988770e-02,-7.360575199127197266e-01,5.246356129646301270e-01,5.492712259292602539e-01,-6.482396274805068970e-03,-5.908634066581726074e-01,4.834195077419281006e-01,5.647447109222412109e-01,-3.274157345294952393e-01,-5.897791385650634766e-01,6.275764107704162598e-01,2.413392215967178345e-01,4.698856770992279053e-01,2.207763046026229858e-01,-1.423204988241195679e-01,-4.806286692619323730e-01,-5.968554019927978516e-01,-1.309992522001266479e-01,1.840869635343551636e-01,-2.100693136453628540e-01,-4.372448474168777466e-02,1.710102893412113190e-02,5.883195400238037109e-01,-4.327753186225891113e-02,-6.656795740127563477e-02,-6.260210871696472168e-01,4.694018959999084473e-01,2.315427735447883606e-02,-5.089656114578247070e-01,-5.182856917381286621e-01,-1.004726812243461609e-01,1.207680031657218933e-01,2.076588198542594910e-02,2.544135451316833496e-01,1.062840595841407776e-01,-2.344648987054824829e-01,7.958869636058807373e-02,5.610212087631225586e-01,-6.345447897911071777e-01,5.895505100488662720e-02,-5.139811038970947266e-01,-4.467104375362396240e-02,-4.851059913635253906e-01,5.729330182075500488e-01,-2.610246241092681885e-01,-5.999704003334045410e-01,-1.189915928989648819e-03,5.935075879096984863e-01,-3.013471961021423340e-01,-5.942690968513488770e-01,6.755011677742004395e-01,5.793193122372031212e-04,-5.426914095878601074e-01,1.514423493063077331e-04,-6.012290120124816895e-01,-5.284985899925231934e-01,2.356520295143127441e-01,3.779909806326031685e-03,5.135169625282287598e-01,5.132506489753723145e-01,-1.690624058246612549e-01,-3.022216558456420898e-01,-5.590139627456665039e-01,3.291019499301910400e-01,-6.126549243927001953e-01,5.171502381563186646e-02,2.852102220058441162e-01,-6.675099371022952255e-07,-4.264476299285888672e-01,4.447430670261383057e-01,-3.111670017242431641e-01,3.157817125320434570e-01,-6.696546673774719238e-01,-5.527890324592590332e-01,6.735069751739501953e-01,2.162866443395614624e-01,-6.437888741493225098e-01,-4.869127571582794189e-01,-5.664170160889625549e-02,-2.060688845813274384e-02,6.328475475311279297e-01,-5.488553643226623535e-01,-5.877125263214111328e-01,3.189274668693542480e-01,5.469512939453125000e-01,-6.112839579582214355e-01,2.403161227703094482e-01,2.370776981115341187e-01,-5.987516641616821289e-01,4.863983094692230225e-01,4.279296398162841797e-01,6.241669058799743652e-01,5.868793129920959473e-01,-3.204340040683746338e-01,-4.593829214572906494e-01,-5.332654714584350586e-01,-2.139015309512615204e-02,5.233129262924194336e-01
-5.111869890242815018e-03,7.370187342166900635e-02,-7.081998586654663086e-01,6.136103868484497070e-01,4.106495976448059082e-01,7.561565935611724854e-02,5.806590989232063293e-02,1.693640351295471191e-01,5.192954540252685547e-01,6.072133779525756836e-01,-1.147856563329696655e-01,-3.878733813762664795e-01,5.677800178527832031e-01,6.481369733810424805e-01,6.758170723915100098e-01,6.635246872901916504e-01,-1.944791525602340698e-02,4.951755106449127197e-01,-7.069667577743530273e-01,-5.496089458465576172e-01,-4.467670619487762451e-01,6.028246283531188965e-01,6.007655262947082520e-01,-2.039483487606048584e-01,1.151728779077529907e-01,5.561280250549316406e-01,-6.849645972251892090e-01,-1.910374313592910767e-01,6.656010746955871582e-01,-2.224125266075134277e-01,1.996288746595382690e-01,-7.793673872947692871e-01,5.673406124114990234e-01,6.111020445823669434e-01,-1.459969487041234970e-02,-7.157887220382690430e-01,5.801501870155334473e-01,6.655198931694030762e-01,-4.639113843441009521e-01,-5.560291409492492676e-01,6.292026042938232422e-01,1.462055146694183350e-01,6.563026905059814453e-01,2.783341407775878906e-01,-4.039748385548591614e-02,-6.777554154396057129e-01,-7.045561671257019043e-01,-1.525756269693374634e-01,3.117113374173641205e-02,-1.880758106708526611e-01,7.683914154767990112e-02,-1.017874628305435181e-01,5.054255723953247070e-01,1.601081527769565582e-02,-2.418801486492156982e-01,-7.573100328445434570e-01,4.291076660156250000e-01,2.872871421277523041e-02,-6.403178572654724121e-01,-5.935121774673461914e-01,5.912814289331436157e-03,-1.558812614530324936e-02,2.119850553572177887e-02,1.898335963487625122e-01,-1.094781048595905304e-02,-2.641851603984832764e-01,2.941018640995025635e-01,6.880035996437072754e-01,-7.099433541297912598e-01,1.098263636231422424e-01,-5.916472077369689941e-01,-3.073342144489288330e-01,-4.007871747016906738e-01,6.688531637191772461e-01,-1.615831255912780762e-01,-6.884248256683349609e-01,-2.569874981418251991e-03,7.469953894615173340e-01,-2.374304980039596558e-01,-6.688044071197509766e-01,7.248021364212036133e-01,6.797117530368268490e-04,-6.433606743812561035e-01,-5.007510539144277573e-03,-6.428168416023254395e-01,-6.785206198692321777e-01,3.228324055671691895e-01,5.839435849338769913e-03,6.134545207023620605e-01,5.654895901679992676e-01,-1.164319813251495361e-01,-3.591430187225341797e-01,-6.250380873680114746e-01,3.306759595870971680e-01,-6.717277765274047852e-01,8.445818722248077393e-02,4.572780728340148926e-01,6.807201771152904257e-07,-5.092231631278991699e-01,5.427895188331604004e-01,-3.236907422542572021e-01,3.333850204944610596e-01,-7.236545085906982422e-01,-6.483393907546997070e-01,7.936621308326721191e-01,1.261618584394454956e-01,-6.916702985763549805e-01,-6.666984558105468750e-01,1.948091201484203339e-02,-1.431808061897754669e-02,5.893066525459289551e-01,-6.461182236671447754e-01,-6.678399443626403809e-01,2.344417870044708252e-01,7.067477703094482422e-01,-6.587061285972595215e-01,3.160231709480285645e-01,3.551327884197235107e-01,-6.914110779762268066e-01,5.244647860527038574e-01,6.276285052299499512e-01,6.211027503013610840e-01,6.267504692077636719e-01,-4.659314155578613281e-01,-4.638573527336120605e-01,-6.014404892921447754e-01,-6.367370486259460449e-02,6.047109365463256836e-01
-2.142995595932006836e-01,-9.117715992033481598e-03,8.656425029039382935e-02,-1.747470051050186157e-01,-1.116133183240890503e-01,8.319482207298278809e-02,-4.748307541012763977e-02,-1.071237847208976746e-01,-2.168284654617309570e-01,-1.147856563329696655e-01,3.188421428203582764e-01,1.040943339467048645e-01,1.153983846306800842e-01,-1.522091478109359741e-01,-1.426365971565246582e-01,-7.411704212427139282e-02,-2.282995264977216721e-03,8.765436708927154541e-03,1.832362413406372070e-01,2.029557973146438599e-01,3.684469461441040039e-01,-6.085963547229766846e-02,-5.677453055977821350e-02,-6.245021894574165344e-02,-4.360657185316085815e-02,1.475713914260268211e-03,5.459940060973167419e-02,-4.723953083157539368e-02,4.706809297204017639e-03,-4.776597023010253906e-02,1.071337908506393433e-01,1.946707218885421753e-01,-2.501468062400817871e-01,-1.850701570510864258e-01,-1.066202670335769653e-02,2.372889593243598938e-02,-6.863401085138320923e-02,-1.308392584323883057e-01,-5.963315814733505249e-02,3.454526066780090332e-01,-2.564070224761962891e-01,-2.509054243564605713e-01,-3.487435868009924889e-03,-3.786294162273406982e-02,2.189226448535919189e-01,-6.758815050125122070e-02,1.908318698406219482e-01,6.181507930159568787e-02,-2.301991879940032959e-01,3.952543437480926514e-02,1.193229034543037415e-01,-1.135967299342155457e-01,-3.747055530548095703e-01,7.721254974603652954e-02,-1.740096062421798706e-01,1.195973232388496399e-01,-2.661948204040527344e-01,-3.713076002895832062e-03,8.842033892869949341e-02,1.942051947116851807e-01,1.747708916664123535e-01,-1.783663183450698853e-01,-9.428674355149269104e-03,-1.637855619192123413e-01,-1.696707606315612793e-01,5.964548140764236450e-02,2.374373972415924072e-01,-7.409240305423736572e-02,1.280687004327774048e-01,6.598507612943649292e-02,1.645763665437698364e-01,-3.303988277912139893e-01,2.559947967529296875e-01,-1.070070564746856689e-01,2.865945994853973389e-01,1.908117234706878662e-01,-1.800299854949116707e-03,-7.674607634544372559e-02,3.036040961742401123e-01,1.256699413061141968e-01,-2.792614102363586426e-01,-9.862754086498171091e-05,1.143139600753784180e-01,-5.222804378718137741e-03,2.300523221492767334e-01,3.095028363168239594e-02,-4.736196715384721756e-03,1.560254138894379139e-03,6.755376234650611877e-03,-1.477625072002410889e-01,2.152225524187088013e-01,9.909713268280029297e-02,1.827758103609085083e-01,-1.041053906083106995e-01,2.246705889701843262e-01,2.997409366071224213e-02,-2.702180109918117523e-02,8.218595212383661419e-06,2.090985141694545746e-02,-9.740584343671798706e-02,1.300602555274963379e-01,-3.306118398904800415e-02,2.169573307037353516e-01,1.144860908389091492e-01,-1.655461490154266357e-01,-3.966371715068817139e-01,2.795864343643188477e-01,-2.106411010026931763e-02,5.993763729929924011e-02,1.106073427945375443e-02,-2.179659456014633179e-01,1.708232611417770386e-01,1.774101257324218750e-01,-2.716285884380340576e-01,-1.189015582203865051e-01,1.994295716285705566e-01,6.497092545032501221e-02,-1.605989411473274231e-02,1.811410635709762573e-01,-1.871763914823532104e-01,5.147312302142381668e-03,-2.791667580604553223e-01,-2.027789056301116943e-01,-2.037287689745426178e-02,1.806975156068801880e-01,1.389049738645553589e-01,-1.603239960968494415e-02,-1.536377966403961182e-01
-1.513014882802963257e-01,-4.118920117616653442e-02,4.450644552707672119e-01,-3.298052251338958740e-01,-4.136369824409484863e-01,8.997569978237152100e-02,-4.267648607492446899e-02,-3.636796176433563232e-01,-3.721011579036712646e-01,-3.878733813762664795e-01,1.040943339467048645e-01,3.650582134723663330e-01,-3.292685449123382568e-01,-4.357576370239257812e-01,-4.954726099967956543e-01,-6.265318989753723145e-01,8.744181133806705475e-03,-2.417935878038406372e-01,4.279428422451019287e-01,4.148734807968139648e-01,3.182514607906341553e-01,-3.597868680953979492e-01,-3.318712413311004639e-01,1.409005671739578247e-01,-8.750494569540023804e-02,-4.959663152694702148e-01,4.984043240547180176e-01,3.091515898704528809e-01,-5.385181903839111328e-01,2.099129259586334229e-01,-5.421270802617073059e-02,5.887194871902465820e-01,-2.609222531318664551e-01,-4.980705380439758301e-01,2.401858568191528320e-02,5.654535889625549316e-01,-4.391190111637115479e-01,-4.835832118988037109e-01,5.269810557365417480e-01,4.801619648933410645e-01,-4.640892148017883301e-01,-1.307480484247207642e-01,-3.761409223079681396e-01,-1.989098787307739258e-01,-7.509050518274307251e-02,4.360851645469665527e-01,4.914163053035736084e-01,1.126809865236282349e-01,-8.644343167543411255e-02,3.145278096199035645e-01,9.909997135400772095e-02,2.225451469421386719e-01,-4.019109904766082764e-01,1.086922921240329742e-02,1.867763996124267578e-01,6.147662997245788574e-01,-3.799316585063934326e-01,-2.316833846271038055e-02,3.427593410015106201e-01,3.156097233295440674e-01,3.321854397654533386e-02,-3.000353462994098663e-02,-9.646424092352390289e-03,-1.923292726278305054e-01,-4.261108487844467163e-02,1.857600808143615723e-01,-3.546799719333648682e-02,-5.456708073616027832e-01,5.272818803787231445e-01,-2.372760027647018433e-01,5.344325304031372070e-01,2.132103443145751953e-01,2.629085183143615723e-01,-4.808373451232910156e-01,5.834453925490379333e-02,5.194906592369079590e-01,1.581095741130411625e-03,-5.603001713752746582e-01,7.989822328090667725e-02,5.111308097839355469e-01,-5.416926145553588867e-01,-5.149809876456856728e-04,5.280454754829406738e-01,4.006313160061836243e-03,5.653783082962036133e-01,4.602600932121276855e-01,-3.516187667846679688e-01,-6.333297118544578552e-03,-3.934884667396545410e-01,-4.818826615810394287e-01,1.197529435157775879e-01,2.204118296504020691e-02,3.379804491996765137e-01,-1.225814819335937500e-01,4.732983708381652832e-01,6.120821088552474976e-02,-2.819426357746124268e-01,3.431679033383261412e-06,4.670311808586120605e-01,-4.024293124675750732e-01,4.006451070308685303e-01,-4.481739401817321777e-01,5.334987640380859375e-01,5.291619300842285156e-01,-5.176002979278564453e-01,-1.008943021297454834e-01,3.566807806491851807e-01,4.143550097942352295e-01,2.070079594850540161e-01,2.596888225525617599e-03,-3.958778679370880127e-01,3.623121380805969238e-01,4.533180594444274902e-01,-2.201538980007171631e-01,-5.223783254623413086e-01,4.902426302433013916e-01,-3.793658912181854248e-01,-2.355951815843582153e-01,5.631994605064392090e-01,-2.844146788120269775e-01,-3.717183768749237061e-01,-4.284993708133697510e-01,-4.266038835048675537e-01,1.591585427522659302e-01,4.081410467624664307e-01,3.503041565418243408e-01,-5.401793401688337326e-03,-4.355875253677368164e-01
