4.309417605400085449e-01,2.342587709426879883e-02,1.191302239894866943e-01,-2.081087976694107056e-01,3.294672667980194092e-01,-3.503127396106719971e-01,4.298635199666023254e-02,3.962053358554840088e-01,-1.324812619714066386e-04,-5.489890649914741516e-02,-2.996674180030822754e-01,-2.063679844141006470e-01,-1.541024297475814819e-01,-5.105062574148178101e-02,-4.486341029405593872e-02,1.691724956035614014e-01,3.327924991026520729e-03,-2.707144059240818024e-02,9.622886031866073608e-02,-7.086950540542602539e-02,-1.419305801391601562e-01,-2.533141076564788818e-01,-2.140602618455886841e-01,1.472407281398773193e-01,2.341192401945590973e-02,1.798910349607467651e-01,1.360373944044113159e-02,-3.747376203536987305e-01,1.154415495693683624e-02,-6.039043515920639038e-02,-1.622783392667770386e-01,-2.107872441411018372e-02,-1.670285761356353760e-01,7.125867158174514771e-02,-9.521080181002616882e-03,-2.187399566173553467e-02,1.078691333532333374e-01,3.756815567612648010e-02,-2.076889872550964355e-01,-2.478313297033309937e-01,1.284643560647964478e-01,7.944451272487640381e-02,-1.564313024282455444e-01,-1.197035890072584152e-02,-2.633767761290073395e-02,2.651206254959106445e-01,6.603092886507511139e-03,3.699762746691703796e-02,8.664656430482864380e-02,-2.676511555910110474e-02,-1.834135502576828003e-01,-2.446015179157257080e-01,1.232759952545166016e-01,-4.529391601681709290e-02,1.726718433201313019e-02,-4.875543341040611267e-02,1.334676593542098999e-01,8.436576463282108307e-04,1.393205225467681885e-01,2.577505409717559814e-01,-8.383408933877944946e-02,1.628448963165283203e-01,-8.622549474239349365e-03,2.290743887424468994e-01,1.436029672622680664e-01,-2.157488092780113220e-02,-3.404195606708526611e-01,8.754342049360275269e-02,-3.492352738976478577e-02,2.955861985683441162e-01,-1.990453004837036133e-01,2.154912948608398438e-01,-6.644576787948608398e-02,-7.898944616317749023e-02,-2.296965271234512329e-01,-1.087634488940238953e-01,7.892852881923317909e-04,-3.453543037176132202e-02,9.584902226924896240e-02,4.111902788281440735e-02,3.682779893279075623e-02,-5.646277713822200894e-05,-1.091434955596923828e-01,-4.466967657208442688e-03,-2.372335791587829590e-01,1.366630643606185913e-01,2.831236124038696289e-01,1.553466310724616051e-03,-1.271312832832336426e-01,9.731587767601013184e-02,-9.850139915943145752e-02,2.993328273296356201e-01,1.421172171831130981e-01,-1.788747906684875488e-01,-1.843130774796009064e-02,-3.366011679172515869e-01,-7.077462226152420044e-02,-5.004923878004774451e-06,-1.030124723911285400e-01,1.257800310850143433e-01,-3.463697135448455811e-01,3.375898897647857666e-01,1.678411103785037994e-02,-1.083493605256080627e-01,-1.014131084084510803e-01,5.491833761334419250e-02,2.505895495414733887e-01,1.521130055189132690e-01,-3.837108016014099121e-01,1.811883039772510529e-02,-1.294358968734741211e-01,2.296422272920608521e-01,7.391269505023956299e-02,-1.056749522686004639e-01,4.079529643058776855e-02,-2.935927174985408783e-02,2.534667849540710449e-01,-2.286513298749923706e-01,-9.981189668178558350e-02,-1.715509891510009766e-01,-1.637327224016189575e-01,3.353103064000606537e-03,-1.767806895077228546e-02,3.226218819618225098e-01,-2.653155848383903503e-02,2.190998345613479614e-01,-1.427409239113330841e-02,1.212918758392333984e-01
2.342587709426879883e-02,1.048640534281730652e-02,-6.680547446012496948e-02,3.516778722405433655e-02,7.148973643779754639e-02,-3.246293589472770691e-02,-1.443619467318058014e-02,6.587543338537216187e-02,5.616949871182441711e-02,6.263288855552673340e-02,1.595515059307217598e-03,-5.338406935334205627e-02,6.691291928291320801e-02,5.670955032110214233e-02,7.036077231168746948e-02,1.010498553514480591e-01,-4.559659282676875591e-04,5.833624675869941711e-02,-6.132644414901733398e-02,-4.485026374459266663e-02,-3.243967518210411072e-02,3.869501128792762756e-02,3.706335276365280151e-02,-3.690591081976890564e-02,1.448833476752042770e-02,9.049861133098602295e-02,-7.485588639974594116e-02,-6.795804202556610107e-02,8.190430700778961182e-02,-3.917110711336135864e-02,3.138955216854810715e-03,-8.328478038311004639e-02,1.441992819309234619e-02,6.273493170738220215e-02,-3.876474220305681229e-03,-9.118449687957763672e-02,7.400756329298019409e-02,7.784320414066314697e-02,-9.398718923330307007e-02,-6.431233137845993042e-02,7.251192629337310791e-02,-2.244360744953155518e-03,6.232002004981040955e-02,4.506301507353782654e-02,2.175409160554409027e-02,-5.884956568479537964e-02,-6.309811025857925415e-02,-2.528730593621730804e-02,-3.135441243648529053e-02,-3.662211354821920395e-03,-4.638939630240201950e-03,-4.970262944698333740e-02,4.246016591787338257e-02,8.638114668428897858e-03,-3.646950423717498779e-02,-8.582378178834915161e-02,3.261725977063179016e-02,2.433200832456350327e-03,-5.943051353096961975e-02,-1.949351653456687927e-02,-6.962125189602375031e-03,-1.489966269582509995e-02,1.567990053445100784e-03,4.216571152210235596e-02,5.470456089824438095e-03,-2.662265114486217499e-02,2.782122977077960968e-02,9.248056262731552124e-02,-7.488778978586196899e-02,6.471839547157287598e-02,-8.285342901945114136e-02,-4.103383049368858337e-02,-1.204970292747020721e-02,6.914258748292922974e-02,-1.591654680669307709e-02,-8.455935120582580566e-02,-2.669063687790185213e-04,7.836830615997314453e-02,3.451627911999821663e-03,-6.796225905418395996e-02,6.533752381801605225e-02,3.441508670221082866e-05,-7.529307901859283447e-02,-9.369176696054637432e-04,-8.885980397462844849e-02,-6.517613679170608521e-02,6.553702056407928467e-02,9.524775668978691101e-04,6.894216686487197876e-02,6.973183900117874146e-02,-1.472119521349668503e-02,7.204744499176740646e-03,-5.007511749863624573e-02,1.194383110851049423e-02,-6.166096031665802002e-02,-1.464415434747934341e-02,5.460909381508827209e-02,6.439452704398718197e-07,-7.712232321500778198e-02,7.304964959621429443e-02,-4.770554974675178528e-02,7.476551830768585205e-02,-7.256006449460983276e-02,-8.664615452289581299e-02,7.331222295761108398e-02,-2.648141421377658844e-02,-3.643476963043212891e-02,-7.530273497104644775e-02,-6.173404678702354431e-02,1.266946434043347836e-03,4.354146122932434082e-02,-4.567713662981987000e-02,-6.516245007514953613e-02,-3.320948034524917603e-02,7.889385521411895752e-02,-6.840888410806655884e-02,7.816367596387863159e-02,3.238498419523239136e-02,-8.440360426902770996e-02,3.155139088630676270e-02,6.569698452949523926e-02,5.309779569506645203e-02,5.502742156386375427e-02,-3.060989826917648315e-02,-3.709276393055915833e-02,-2.706978470087051392e-02,-1.357753667980432510e-02,6.601913273334503174e-02
1.191302239894866943e-01,-6.680547446012496948e-02,7.378473877906799316e-01,-6.230900287628173828e-01,-4.171166419982910156e-01,4.259932786226272583e-02,1.310181319713592529e-01,-3.102417886257171631e-01,-5.588784217834472656e-01,-5.978103876113891602e-01,-7.188764959573745728e-02,3.585300743579864502e-01,-6.146587133407592773e-01,-6.436906456947326660e-01,-7.320443987846374512e-01,-7.358428835868835449e-01,4.199390299618244171e-03,-5.472896099090576172e-01,6.880764365196228027e-01,4.864605069160461426e-01,3.197825849056243896e-01,-5.990876555442810059e-01,-5.536751747131347656e-01,4.248361885547637939e-01,-1.487760692834854126e-01,-6.261959671974182129e-01,7.053743600845336914e-01,2.740078270435333252e-01,-7.255043983459472656e-01,2.542885243892669678e-01,-9.629822522401809692e-02,7.664688825607299805e-01,-3.674443066120147705e-01,-6.424076557159423828e-01,2.717324346303939819e-02,7.522235512733459473e-01,-6.039903163909912109e-01,-7.297519445419311523e-01,6.101419925689697266e-01,5.290126204490661621e-01,-6.325172781944274902e-01,-1.930112019181251526e-02,-6.984583735466003418e-01,-4.428724348545074463e-01,-1.641662269830703735e-01,7.204957008361816406e-01,6.915087699890136719e-01,2.633017003536224365e-01,2.692359089851379395e-01,7.685142010450363159e-02,-4.108335450291633606e-02,2.561476528644561768e-01,-4.441179037094116211e-01,-1.019945070147514343e-01,2.707715034484863281e-01,7.522990703582763672e-01,-3.817062973976135254e-01,-2.513178065419197083e-02,6.416066288948059082e-01,5.106724500656127930e-01,5.612415447831153870e-02,1.789724230766296387e-01,-2.661855891346931458e-02,-2.017917186021804810e-01,3.186089545488357544e-02,2.636487483978271484e-01,-3.760200738906860352e-01,-7.440647482872009277e-01,6.865751147270202637e-01,-3.430225849151611328e-01,6.472159624099731445e-01,4.210945963859558105e-01,1.876455694437026978e-01,-7.312482595443725586e-01,2.840378507971763611e-02,7.022400498390197754e-01,2.424325328320264816e-03,-7.688382267951965332e-01,1.580074280500411987e-01,7.062679529190063477e-01,-6.789908409118652344e-01,-4.321811429690569639e-04,6.647808551788330078e-01,2.014275174587965012e-03,6.526606082916259766e-01,7.447937130928039551e-01,-3.685706257820129395e-01,-7.210242561995983124e-03,-6.796737313270568848e-01,-6.441181302070617676e-01,1.668767482042312622e-01,1.892548054456710815e-01,6.451522707939147949e-01,-3.423317074775695801e-01,6.349882483482360840e-01,-1.466812491416931152e-01,-5.378355979919433594e-01,-7.645632649655453861e-06,6.133257746696472168e-01,-5.526910424232482910e-01,2.694030702114105225e-01,-3.643317520618438721e-01,7.475820183753967285e-01,7.171416878700256348e-01,-7.716145515441894531e-01,4.029734805226325989e-02,5.935041904449462891e-01,7.500144243240356445e-01,2.578670084476470947e-01,7.117503322660923004e-03,-5.852228403091430664e-01,6.795113086700439453e-01,7.325924038887023926e-01,3.445560857653617859e-02,-7.504439353942871094e-01,6.556670069694519043e-01,-4.716241955757141113e-01,-4.990319311618804932e-01,7.259622216224670410e-01,-5.320521593093872070e-01,-6.974635124206542969e-01,-6.024314761161804199e-01,-6.253213882446289062e-01,5.246908664703369141e-01,4.854595661163330078e-01,5.058531165122985840e-01,8.495284616947174072e-02,-5.620954632759094238e-01
-2.081087976694107056e-01,3.516778722405433655e-02,-6.230900287628173828e-01,7.040724754333496094e-01,1.756551265716552734e-01,4.163989424705505371e-02,-6.798920780420303345e-02,4.987589642405509949e-02,5.376778244972229004e-01,4.201814532279968262e-01,-9.354278445243835449e-02,-1.567916274070739746e-01,3.696732521057128906e-01,5.741214156150817871e-01,6.173025965690612793e-01,4.696834683418273926e-01,-1.213992130942642689e-03,3.603758811950683594e-01,-6.374527215957641602e-01,-4.663162827491760254e-01,-4.259186387062072754e-01,5.659613609313964844e-01,5.039288997650146484e-01,-3.017786443233489990e-01,1.399047672748565674e-01,3.578347563743591309e-01,-5.352022647857666016e-01,3.985253348946571350e-02,4.859261810779571533e-01,-5.012116581201553345e-02,3.897035866975784302e-02,-6.675783395767211914e-01,5.413867831230163574e-01,5.607579946517944336e-01,-6.193924695253372192e-03,-5.165097117424011230e-01,3.915350735187530518e-01,6.108170151710510254e-01,-2.727928161621093750e-01,-4.524472057819366455e-01,5.722149610519409180e-01,1.593520790338516235e-01,5.560826659202575684e-01,2.902534306049346924e-01,-8.270545303821563721e-02,-5.759546160697937012e-01,-6.427036523818969727e-01,-1.907888203859329224e-01,-1.653981581330299377e-02,-2.101243101060390472e-02,3.562213853001594543e-02,2.996187098324298859e-02,5.182872414588928223e-01,4.068830609321594238e-02,-3.352691978216171265e-02,-5.499349236488342285e-01,4.339106380939483643e-01,1.937742717564105988e-02,-5.301066637039184570e-01,-6.778017282485961914e-01,-1.240574494004249573e-01,-4.005683213472366333e-02,3.338368609547615051e-02,9.556865692138671875e-02,2.394520491361618042e-02,-2.192051112651824951e-01,2.368306368589401245e-01,5.151786804199218750e-01,-5.361592769622802734e-01,6.550631672143936157e-02,-4.581241011619567871e-01,-1.356945782899856567e-01,-3.173002302646636963e-01,6.237053871154785156e-01,-1.216071918606758118e-01,-5.283182263374328613e-01,-9.160483605228364468e-04,6.011068224906921387e-01,-3.511938154697418213e-01,-6.171751618385314941e-01,6.404067277908325195e-01,3.863842575810849667e-04,-4.950528442859649658e-01,8.212785236537456512e-03,-4.721755385398864746e-01,-6.522404551506042480e-01,9.066095203161239624e-02,3.033352550119161606e-03,5.205860733985900879e-01,5.187021493911743164e-01,-2.487279176712036133e-01,-3.855938017368316650e-01,-6.814278364181518555e-01,4.605395495891571045e-01,-5.910142064094543457e-01,2.796616554260253906e-01,3.579682111740112305e-01,4.584664111462188885e-06,-3.694816827774047852e-01,3.574757575988769531e-01,-1.023085191845893860e-01,5.849608778953552246e-02,-6.989099979400634766e-01,-5.189088582992553711e-01,7.190703749656677246e-01,2.392362952232360840e-01,-7.331750392913818359e-01,-5.750299096107482910e-01,-1.273273397237062454e-02,-2.512644417583942413e-02,6.273785829544067383e-01,-7.174938917160034180e-01,-7.011815905570983887e-01,2.475838661193847656e-01,5.994589924812316895e-01,-5.775541663169860840e-01,1.641723364591598511e-01,4.204276502132415771e-01,-5.463345646858215332e-01,6.100196838378906250e-01,5.313768982887268066e-01,6.423168778419494629e-01,6.060963869094848633e-01,-5.170361399650573730e-01,-4.893273711204528809e-01,-5.867412686347961426e-01,-2.447989769279956818e-02,3.996763825416564941e-01
3.294672667980194092e-01,7.148973643779754639e-02,-4.171166419982910156e-01,1.756551265716552734e-01,6.820287108421325684e-01,-3.609218001365661621e-01,-7.105278223752975464e-02,6.986186504364013672e-01,3.141247630119323730e-01,3.855184614658355713e-01,-1.325703263282775879e-01,-5.303657650947570801e-01,3.696401715278625488e-01,3.853045701980590820e-01,4.846448302268981934e-01,7.563801407814025879e-01,-4.897273029200732708e-04,4.061814844608306885e-01,-3.615465760231018066e-01,-3.636991977691650391e-01,-2.228461205959320068e-01,1.664010882377624512e-01,1.671566665172576904e-01,-1.909243166446685791e-01,1.143025606870651245e-01,6.811694502830505371e-01,-5.230482816696166992e-01,-6.607372760772705078e-01,6.229980587959289551e-01,-3.016873896121978760e-01,-6.706079095602035522e-02,-5.474410653114318848e-01,-4.681703075766563416e-02,5.269336700439453125e-01,-3.861156105995178223e-02,-6.140992045402526855e-01,5.809147953987121582e-01,5.524037480354309082e-01,-7.603317499160766602e-01,-5.868637561798095703e-01,5.205090045928955078e-01,-6.978000048547983170e-03,3.678973913192749023e-01,3.439986109733581543e-01,2.506158649921417236e-01,-3.124167621135711670e-01,-4.586468935012817383e-01,-1.649091392755508423e-01,-2.409247159957885742e-01,-1.448242813348770142e-01,-1.500481218099594116e-01,-5.661710500717163086e-01,3.228496015071868896e-01,5.514688044786453247e-02,-2.903245091438293457e-01,-6.373250484466552734e-01,3.395393192768096924e-01,1.988508738577365875e-02,-3.075276315212249756e-01,1.156316022388637066e-03,-5.848559737205505371e-02,-4.802685976028442383e-02,2.492086263373494148e-03,3.464371860027313232e-01,6.278052926063537598e-02,-2.012130618095397949e-01,-1.407604198902845383e-02,6.666659116744995117e-01,-5.312013030052185059e-01,6.247753500938415527e-01,-6.876518130302429199e-01,-2.644988000392913818e-01,-8.829323947429656982e-02,4.505046904087066650e-01,-1.313422322273254395e-01,-6.162182092666625977e-01,-1.539823831990361214e-03,5.650072693824768066e-01,1.032239198684692383e-01,-4.469231963157653809e-01,4.796864986419677734e-01,2.460862742736935616e-04,-6.057175993919372559e-01,-1.139432191848754883e-02,-7.037647366523742676e-01,-4.058617353439331055e-01,6.315635442733764648e-01,8.294781669974327087e-03,3.708552420139312744e-01,5.627778172492980957e-01,-1.381917446851730347e-01,2.996161580085754395e-01,-2.393951267004013062e-01,-2.687994018197059631e-02,-4.222265779972076416e-01,-2.923413217067718506e-01,3.542608022689819336e-01,1.743634925333026331e-06,-6.043246984481811523e-01,5.414850711822509766e-01,-5.923501849174499512e-01,6.835585832595825195e-01,-4.851114451885223389e-01,-6.581730842590332031e-01,4.158983230590820312e-01,-1.059301346540451050e-01,-5.498648434877395630e-02,-4.360184073448181152e-01,-6.270846724510192871e-01,2.472216449677944183e-02,2.047708332538604736e-01,-2.020756900310516357e-01,-4.187658131122589111e-01,-2.494635879993438721e-01,6.063645482063293457e-01,-4.551232755184173584e-01,6.771178245544433594e-01,1.563293486833572388e-01,-6.447350978851318359e-01,1.155278086662292480e-01,3.774482607841491699e-01,3.355110287666320801e-01,3.624351024627685547e-01,-1.775809191167354584e-02,-3.446378409862518311e-01,-5.118231102824211121e-02,-8.863126486539840698e-02,5.369009375572204590e-01
-3.503127396106719971e-01,-3.246293589472770691e-02,4.259932786226272583e-02,4.163989424705505371e-02,-3.609218001365661621e-01,3.372964262962341309e-01,-9.085493162274360657e-03,-3.950534760951995850e-01,-1.494531333446502686e-01,-6.343789398670196533e-02,2.616967856884002686e-01,2.572807669639587402e-01,3.267497196793556213e-02,-1.070849522948265076e-01,-1.235519722104072571e-01,-3.189189732074737549e-01,-2.736718161031603813e-03,-6.794308871030807495e-02,5.509534105658531189e-02,1.756373941898345947e-01,2.301164418458938599e-01,9.351884573698043823e-02,8.593970537185668945e-02,-5.599014088511466980e-02,-5.623216181993484497e-02,-2.977633774280548096e-01,1.500186920166015625e-01,3.709523379802703857e-01,-1.543134003877639771e-01,7.717376947402954102e-02,1.403409391641616821e-01,2.175497114658355713e-01,6.824380904436111450e-02,-2.125154882669448853e-01,1.294153276830911636e-02,1.907549649477005005e-01,-2.163068354129791260e-01,-1.958542317152023315e-01,3.032450973987579346e-01,3.386233747005462646e-01,-2.665950059890747070e-01,-8.626616746187210083e-02,6.824090960435569286e-04,-6.513449549674987793e-02,1.021856721490621567e-02,-7.923489809036254883e-02,1.459887623786926270e-01,4.510409198701381683e-03,-5.629701539874076843e-02,5.692182108759880066e-02,1.684927791357040405e-01,2.469050586223602295e-01,-2.238735258579254150e-01,3.009178303182125092e-02,1.491511240601539612e-02,2.053015083074569702e-01,-2.235693931579589844e-01,-5.770846270024776459e-03,-7.975826971232891083e-03,-9.695217013359069824e-02,9.959252923727035522e-02,-1.409622579813003540e-01,1.384294591844081879e-03,-2.354251742362976074e-01,-1.278076916933059692e-01,7.539006322622299194e-02,2.461465895175933838e-01,-2.357308566570281982e-01,1.913326382637023926e-01,-3.127006590366363525e-01,3.090278208255767822e-01,-1.279787570238113403e-01,1.345488876104354858e-01,-9.679760038852691650e-02,2.108688652515411377e-01,2.370362132787704468e-01,-2.957271935883909464e-04,-1.396137624979019165e-01,-4.083320125937461853e-02,1.302294284105300903e-01,-1.881324201822280884e-01,-4.675079253502190113e-05,2.376707792282104492e-01,3.038896014913916588e-03,3.505359590053558350e-01,5.300723761320114136e-02,-3.078208863735198975e-01,-2.607729751616716385e-03,-3.240261226892471313e-02,-2.301489412784576416e-01,1.240082234144210815e-01,-2.152407318353652954e-01,2.534621395170688629e-02,6.433296948671340942e-02,1.488003581762313843e-01,2.516860961914062500e-01,-2.157372422516345978e-03,2.185978246416198090e-06,2.146187573671340942e-01,-2.074849158525466919e-01,3.596615791320800781e-01,-3.641969859600067139e-01,1.705164611339569092e-01,2.512849867343902588e-01,-9.011639654636383057e-02,-4.931591823697090149e-02,-7.404781132936477661e-02,2.302525751292705536e-02,3.844724893569946289e-01,-1.202814839780330658e-02,-5.109356716275215149e-02,-4.926304146647453308e-02,1.042197421193122864e-01,6.754532456398010254e-02,-1.959222853183746338e-01,1.715808659791946411e-01,-3.194654285907745361e-01,1.233081296086311340e-01,2.352342307567596436e-01,3.016961365938186646e-02,1.923067122697830200e-02,-1.475274413824081421e-01,-1.352048516273498535e-01,-1.853439956903457642e-01,1.515695303678512573e-01,-7.199394702911376953e-02,1.706718467175960541e-02,-2.110368758440017700e-01
4.298635199666023254e-02,-1.443619467318058014e-02,1.310181319713592529e-01,-6.798920780420303345e-02,-7.105278223752975464e-02,-9.085493162274360657e-03,5.424320325255393982e-02,-5.156816542148590088e-02,-8.317467570304870605e-02,-1.220340058207511902e-01,-1.120096966624259949e-01,6.388635188341140747e-02,-1.785242408514022827e-01,-9.472654759883880615e-02,-1.182295829057693481e-01,-1.567949652671813965e-01,2.097990829497575760e-03,-1.341001242399215698e-01,1.029192954301834106e-01,2.524027414619922638e-02,-2.025141566991806030e-02,-1.080232188105583191e-01,-9.932863712310791016e-02,1.029952615499496460e-01,-1.219193823635578156e-02,-1.383425146341323853e-01,1.255453974008560181e-01,7.641696929931640625e-02,-1.505345404148101807e-01,7.526704668998718262e-02,-4.811250418424606323e-02,1.170524656772613525e-01,-1.527153700590133667e-02,-6.703772395849227905e-02,7.031293120235204697e-03,1.660285592079162598e-01,-1.130099818110466003e-01,-1.132337525486946106e-01,1.571729928255081177e-01,3.240001201629638672e-02,-7.753440737724304199e-02,5.713245645165443420e-02,-1.459240168333053589e-01,-8.830997347831726074e-02,-9.321669489145278931e-02,1.645092070102691650e-01,8.790586888790130615e-02,6.381674110889434814e-02,1.212132498621940613e-01,7.149102631956338882e-03,-3.646231815218925476e-02,6.246460974216461182e-02,-2.973880618810653687e-03,-3.244393691420555115e-02,1.007441133260726929e-01,1.378857344388961792e-01,2.585792448371648788e-03,-4.025937058031558990e-03,1.325090974569320679e-01,4.551473259925842285e-02,-3.098631463944911957e-02,9.608560055494308472e-02,-1.739077968522906303e-03,-2.126377075910568237e-02,3.534335643053054810e-02,3.610934689640998840e-02,-1.474673897027969360e-01,-1.468648165464401245e-01,1.169945001602172852e-01,-7.134068757295608521e-02,9.729640930891036987e-02,1.584708988666534424e-01,-3.500066325068473816e-02,-1.291518658399581909e-01,-4.525082185864448547e-02,1.181058585643768311e-01,8.866761927492916584e-04,-1.388200223445892334e-01,-2.297190949320793152e-02,1.122196614742279053e-01,-7.767929136753082275e-02,-5.917494127061218023e-05,1.015255823731422424e-01,1.813327893614768982e-03,1.004626005887985229e-01,1.301638633012771606e-01,-7.508321106433868408e-02,-1.742816995829343796e-03,-1.486114263534545898e-01,-8.782148361206054688e-02,-2.460540831089019775e-02,1.360446773469448090e-02,8.561171591281890869e-02,-1.711092516779899597e-02,8.543511480093002319e-02,-3.017886728048324585e-02,-1.266596317291259766e-01,-3.219865675418986939e-06,1.236790493130683899e-01,-1.163247749209403992e-01,9.777089580893516541e-03,-8.441221714019775391e-02,1.044706329703330994e-01,1.285536140203475952e-01,-1.193193495273590088e-01,1.156964153051376343e-01,6.753550469875335693e-02,1.800169795751571655e-01,5.038330331444740295e-02,-1.863354351371526718e-03,-7.302009314298629761e-02,8.460186421871185303e-02,1.081925630569458008e-01,1.022174060344696045e-01,-1.225782632827758789e-01,9.176138788461685181e-02,-1.127188503742218018e-01,-1.088695824146270752e-01,1.220915913581848145e-01,-6.005642935633659363e-02,-1.575226783752441406e-01,-5.273232236504554749e-02,-7.156917452812194824e-02,1.145473122596740723e-01,2.298089303076267242e-02,5.645796656608581543e-02,2.711069211363792419e-02,-8.314602077007293701e-02
3.962053358554840088e-01,6.587543338537216187e-02,-3.102417886257171631e-01,4.987589642405509949e-02,6.986186504364013672e-01,-3.950534760951995850e-01,-5.156816542148590088e-02,7.625622749328613281e-01,2.055825740098953247e-01,3.108086884021759033e-01,-1.390880495309829712e-01,-5.669575929641723633e-01,2.912606894969940186e-01,3.012804388999938965e-01,3.953245282173156738e-01,6.976583600044250488e-01,5.947654717601835728e-04,3.384408950805664062e-01,-2.444043606519699097e-01,-3.170388340950012207e-01,-1.427594870328903198e-01,6.261906772851943970e-02,6.476016342639923096e-02,-1.412674337625503540e-01,9.899225085973739624e-02,6.466723680496215820e-01,-4.540506005287170410e-01,-7.207092642784118652e-01,5.728566646575927734e-01,-3.068363368511199951e-01,-9.545864164829254150e-02,-4.425110816955566406e-01,-1.950152814388275146e-01,4.748857021331787109e-01,-4.283969476819038391e-02,-5.376388430595397949e-01,5.483039617538452148e-01,4.623667895793914795e-01,-7.502334117889404297e-01,-5.535330176353454590e-01,4.321599304676055908e-01,-4.207795858383178711e-02,2.629796266555786133e-01,3.133426308631896973e-01,3.101836144924163818e-01,-2.080322504043579102e-01,-3.636921644210815430e-01,-1.249330267310142517e-01,-2.476937919855117798e-01,-1.967370510101318359e-01,-1.909460127353668213e-01,-6.518157720565795898e-01,2.403424084186553955e-01,4.287374392151832581e-02,-3.087056279182434082e-01,-5.697993040084838867e-01,3.059539198875427246e-01,1.812713406980037689e-02,-1.891799867153167725e-01,1.533971130847930908e-01,-3.857119753956794739e-02,-2.308763936161994934e-02,-5.369703285396099091e-03,3.398234844207763672e-01,5.578151717782020569e-02,-1.747837364673614502e-01,-1.057346314191818237e-01,5.975325107574462891e-01,-4.631918370723724365e-01,6.736912131309509277e-01,-6.501587033271789551e-01,-2.631285488605499268e-01,-3.955592960119247437e-02,3.545879125595092773e-01,-9.264415502548217773e-02,-5.408171415328979492e-01,-1.383624156005680561e-03,4.872655570507049561e-01,1.916317939758300781e-01,-3.459062874317169189e-01,3.868448138236999512e-01,1.960330555448308587e-04,-5.569507479667663574e-01,-1.476959697902202606e-02,-6.467365026473999023e-01,-2.976862788200378418e-01,6.763477921485900879e-01,8.623847737908363342e-03,2.698859274387359619e-01,5.125057697296142578e-01,-9.407620877027511597e-02,4.506861269474029541e-01,-1.011813804507255554e-01,-1.216685399413108826e-01,-3.206266760826110840e-01,-3.936449885368347168e-01,2.837281227111816406e-01,9.868446113614481874e-07,-5.768443942070007324e-01,4.882782101631164551e-01,-6.617820858955383301e-01,7.315911054611206055e-01,-3.722782433032989502e-01,-5.984466075897216797e-01,2.836928665637969971e-01,-1.442475020885467529e-01,1.228962615132331848e-01,-3.265320062637329102e-01,-6.830626130104064941e-01,3.425075113773345947e-02,8.329329639673233032e-02,-6.827098876237869263e-02,-3.003833293914794922e-01,-2.864247560501098633e-01,5.279008746147155762e-01,-3.624107241630554199e-01,6.937103867530822754e-01,7.767719775438308716e-02,-5.775140523910522461e-01,-2.068657241761684418e-02,2.741607427597045898e-01,2.199379503726959229e-01,2.559338510036468506e-01,1.256917417049407959e-01,-3.067256510257720947e-01,7.941916584968566895e-02,-8.158531785011291504e-02,5.096783041954040527e-01
-1.324812619714066386e-04,5.616949871182441711e-02,-5.588784217834472656e-01,5.376778244972229004e-01,3.141247630119323730e-01,-1.494531333446502686e-01,-8.317467570304870605e-02,2.055825740098953247e-01,5.970967411994934082e-01,4.434714913368225098e-01,-1.169149875640869141e-01,-2.710824608802795410e-01,3.623628914356231689e-01,5.617166757583618164e-01,6.070211529731750488e-01,6.070798039436340332e-01,-9.124081698246300220e-04,3.336474597454071045e-01,-5.750452280044555664e-01,-4.859233498573303223e-01,-4.859386086463928223e-01,4.506473243236541748e-01,3.854760229587554932e-01,-2.618814706802368164e-01,1.479687392711639404e-01,5.197521448135375977e-01,-5.835108160972595215e-01,-1.730941534042358398e-01,5.048001408576965332e-01,-1.251025944948196411e-01,-6.915055215358734131e-03,-7.387163043022155762e-01,3.921297490596771240e-01,5.712679028511047363e-01,-1.279986929148435593e-02,-6.107372045516967773e-01,4.679489731788635254e-01,6.313402056694030762e-01,-4.133757948875427246e-01,-5.196616053581237793e-01,6.332301497459411621e-01,1.454575657844543457e-01,4.947881698608398438e-01,2.836831510066986084e-01,-6.851363182067871094e-02,-5.038700103759765625e-01,-5.960259437561035156e-01,-1.486036777496337891e-01,1.252901391126215458e-03,-3.706714138388633728e-02,-3.583443164825439453e-02,-8.987188339233398438e-02,5.287199020385742188e-01,1.615424454212188721e-02,-6.324059516191482544e-02,-5.932788252830505371e-01,4.315077662467956543e-01,1.865207962691783905e-02,-4.722615182399749756e-01,-5.053834915161132812e-01,-1.473028808832168579e-01,3.770158812403678894e-02,2.856107242405414581e-02,2.343528121709823608e-01,7.325566560029983521e-02,-2.267986685037612915e-01,1.563754081726074219e-01,5.962229371070861816e-01,-5.944820046424865723e-01,2.277697324752807617e-01,-5.367178916931152344e-01,-1.073609739542007446e-01,-3.357840478420257568e-01,6.064075827598571777e-01,-1.832855939865112305e-01,-5.839302539825439453e-01,-1.055436092428863049e-03,6.016008257865905762e-01,-2.273843288421630859e-01,-6.207622289657592773e-01,6.263805627822875977e-01,3.491771058179438114e-04,-5.439034104347229004e-01,4.785350989550352097e-03,-5.816715955734252930e-01,-6.108223795890808105e-01,2.422567903995513916e-01,4.261321853846311569e-03,5.471177101135253906e-01,5.548501014709472656e-01,-2.262628525495529175e-01,-2.359117120504379272e-01,-6.019126772880554199e-01,3.691563606262207031e-01,-5.581058263778686523e-01,1.303291916847229004e-01,2.974440157413482666e-01,5.723635240428848192e-06,-4.585995376110076904e-01,4.162718653678894043e-01,-2.238471359014511108e-01,2.707044780254364014e-01,-6.937281489372253418e-01,-5.884547829627990723e-01,6.997218132019042969e-01,8.623111248016357422e-02,-6.147921085357666016e-01,-5.535031557083129883e-01,-2.120894193649291992e-01,-1.731507293879985809e-02,6.152063012123107910e-01,-5.994220376014709473e-01,-6.488447189331054688e-01,1.153522878885269165e-01,5.941201448440551758e-01,-6.062902212142944336e-01,3.380345702171325684e-01,2.778584063053131104e-01,-5.824974179267883301e-01,4.907707273960113525e-01,4.670049548149108887e-01,6.125685572624206543e-01,5.920085906982421875e-01,-3.720706105232238770e-01,-4.711912572383880615e-01,-4.801555573940277100e-01,-3.882694244384765625e-02,4.501029849052429199e-01
-5.489890649914741516e-02,6.263288855552673340e-02,-5.978103876113891602e-01,4.201814532279968262e-01,3.855184614658355713e-01,-6.343789398670196533e-02,-1.220340058207511902e-01,3.108086884021759033e-01,4.434714913368225098e-01,5.324872732162475586e-01,1.468631625175476074e-01,-3.229940533638000488e-01,5.827450156211853027e-01,5.043861269950866699e-01,6.057841181755065918e-01,7.096051573753356934e-01,-4.832458216696977615e-03,4.532437026500701904e-01,-5.479292273521423340e-01,-3.680886328220367432e-01,-2.044332176446914673e-01,4.532766938209533691e-01,4.190088212490081787e-01,-3.695469200611114502e-01,1.118080466985702515e-01,6.175255775451660156e-01,-6.292716264724731445e-01,-3.248493075370788574e-01,6.583879590034484863e-01,-2.770448625087738037e-01,1.099722087383270264e-01,-6.702840924263000488e-01,2.031725049018859863e-01,5.155512094497680664e-01,-2.640441618859767914e-02,-7.138774991035461426e-01,5.354654788970947266e-01,6.098574995994567871e-01,-6.230590939521789551e-01,-4.117949604988098145e-01,5.063149929046630859e-01,-4.690890386700630188e-02,5.793670415878295898e-01,3.720537424087524414e-01,1.890159100294113159e-01,-6.261219978332519531e-01,-5.259032845497131348e-01,-2.019590139389038086e-01,-2.714001536369323730e-01,-5.820673704147338867e-02,4.538986459374427795e-02,-2.849759459495544434e-01,2.985978722572326660e-01,9.460977464914321899e-02,-2.862454950809478760e-01,-6.740636825561523438e-01,2.312672883272171021e-01,1.944478787481784821e-02,-5.288022756576538086e-01,-3.151950836181640625e-01,-2.104813233017921448e-02,-1.750668436288833618e-01,1.768655143678188324e-02,2.110981643199920654e-01,-4.500429332256317139e-02,-2.069608122110366821e-01,3.649862110614776611e-01,6.851113438606262207e-01,-5.918589830398559570e-01,3.561250567436218262e-01,-5.670902729034423828e-01,-4.444086253643035889e-01,-9.380837529897689819e-02,6.038425564765930176e-01,1.256229635328054428e-02,-6.133514642715454102e-01,-2.399503020569682121e-03,6.657013893127441406e-01,-2.931208722293376923e-02,-5.755852460861206055e-01,5.292760729789733887e-01,3.236582560930401087e-04,-5.635559558868408203e-01,-5.328874569386243820e-03,-5.761495828628540039e-01,-6.099292635917663574e-01,3.734252452850341797e-01,6.726921536028385162e-03,6.142737269401550293e-01,5.270724296569824219e-01,-7.537063211202621460e-02,-9.077506512403488159e-02,-4.798769056797027588e-01,2.195975035429000854e-01,-4.845848679542541504e-01,7.086267322301864624e-02,4.502221941947937012e-01,7.116127108020009473e-06,-5.582759976387023926e-01,4.803992509841918945e-01,-2.399274110794067383e-01,4.057285785675048828e-01,-6.009837985038757324e-01,-6.396182775497436523e-01,6.521623730659484863e-01,-1.971126943826675415e-01,-4.313773214817047119e-01,-6.637925505638122559e-01,-2.733390033245086670e-01,-6.137996679171919823e-04,4.457856118679046631e-01,-5.185932517051696777e-01,-5.667011737823486328e-01,-1.368746608495712280e-01,6.258050203323364258e-01,-5.339670181274414062e-01,4.801999628543853760e-01,3.778640329837799072e-01,-6.264275312423706055e-01,3.582167923450469971e-01,5.991325378417968750e-01,4.335724413394927979e-01,4.746057689189910889e-01,-4.003181755542755127e-01,-3.454072475433349609e-01,-3.508806824684143066e-01,-9.041680395603179932e-02,4.717435836791992188e-01
-2.996674180030822754e-01,1.595515059307217598e-03,-7.188764959573745728e-02,-9.354278445243835449e-02,-1.325703263282775879e-01,2.616967856884002686e-01,-1.120096966624259949e-01,-1.390880495309829712e-01,-1.169149875640869141e-01,1.468631625175476074e-01,5.802887678146362305e-01,4.633812233805656433e-02,3.623232245445251465e-01,-3.040735609829425812e-02,-3.601298201829195023e-03,2.121247164905071259e-02,-7.143248803913593292e-03,1.527979671955108643e-01,3.623919934034347534e-02,2.122070044279098511e-01,4.110303223133087158e-01,1.424274891614913940e-01,1.337869316339492798e-01,-2.171675115823745728e-01,-6.038188189268112183e-02,3.979821130633354187e-02,-5.706558376550674438e-02,1.157262641936540604e-02,1.255653351545333862e-01,-1.582845449447631836e-01,2.408193349838256836e-01,9.856443852186203003e-02,-1.889376491308212280e-01,-1.660513281822204590e-01,-1.165792718529701233e-02,-1.258445680141448975e-01,1.395598147064447403e-02,-8.520988374948501587e-02,-1.251697838306427002e-01,3.247370719909667969e-01,-2.392471730709075928e-01,-3.070070445537567139e-01,1.769890934228897095e-01,1.000140011310577393e-01,3.507991135120391846e-01,-2.959161996841430664e-01,1.399479508399963379e-01,-7.148476690053939819e-02,-3.905787467956542969e-01,-2.343886904418468475e-02,2.081157118082046509e-01,-6.602323055267333984e-02,-3.891911506652832031e-01,1.098370626568794250e-01,-2.853851020336151123e-01,-2.518958412110805511e-02,-3.519774973392486572e-01,-5.332361324690282345e-04,-1.332834064960479736e-01,1.276888996362686157e-01,2.146146148443222046e-01,-3.385223746299743652e-01,-8.404654450714588165e-03,-1.560644358396530151e-01,-2.278491407632827759e-01,4.031470417976379395e-02,4.842098355293273926e-01,3.125616535544395447e-02,9.989130310714244843e-03,-2.345743402838706970e-02,1.345253735780715942e-01,-5.411909818649291992e-01,3.228949606418609619e-01,3.125835955142974854e-02,3.963361680507659912e-01,6.979722529649734497e-02,-2.485867356881499290e-03,5.554716661572456360e-02,2.281166613101959229e-01,3.628467395901679993e-02,-2.002501487731933594e-01,-9.535575372865423560e-06,6.852721422910690308e-02,-8.933450095355510712e-03,1.799026280641555786e-01,-6.374781578779220581e-02,-1.336845196783542633e-02,2.149733249098062515e-03,1.870685815811157227e-01,-1.217968612909317017e-01,2.917523086071014404e-01,1.256177574396133423e-02,9.339771419763565063e-02,-8.720038831233978271e-02,1.441342383623123169e-01,1.416926234960556030e-01,1.769510060548782349e-01,9.193349796987604350e-06,-6.628600507974624634e-02,-1.024987082928419113e-02,2.302544564008712769e-01,-1.216127164661884308e-02,1.382823437452316284e-01,3.446634486317634583e-02,-4.591813683509826660e-02,-4.958044588565826416e-01,1.260616332292556763e-01,-2.211309671401977539e-01,1.295597702264785767e-01,8.250514976680278778e-03,-8.663807809352874756e-02,2.817283011972904205e-02,1.001675203442573547e-01,-3.165237307548522949e-01,-5.022510886192321777e-02,1.176188960671424866e-01,5.629582330584526062e-02,2.084427177906036377e-01,5.817540362477302551e-02,-8.775207400321960449e-02,2.208341509103775024e-01,-2.483628541231155396e-01,-1.406202763319015503e-01,-2.133709341287612915e-01,2.065650820732116699e-01,3.453644365072250366e-02,-4.984169825911521912e-02,-7.294328510761260986e-02
-2.063679844141006470e-01,-5.338406935334205627e-02,3.585300743579864502e-01,-1.567916274070739746e-01,-5.303657650947570801e-01,2.572807669639587402e-01,6.388635188341140747e-02,-5.669575929641723633e-01,-2.710824608802795410e-01,-3.229940533638000488e-01,4.633812233805656433e-02,4.448820650577545166e-01,-3.161056339740753174e-01,-3.582092523574829102e-01,-4.447973072528839111e-01,-6.968468427658081055e-01,7.633314089616760612e-05,-2.899854481220245361e-01,2.918410301208496094e-01,3.271787464618682861e-01,1.771811395883560181e-01,-1.755456477403640747e-01,-1.493750363588333130e-01,1.759255975484848022e-01,-9.719602763652801514e-02,-6.033360958099365234e-01,5.025370717048645020e-01,5.422388315200805664e-01,-5.683701038360595703e-01,2.421764731407165527e-01,4.167671129107475281e-02,5.287327170372009277e-01,8.438384532928466797e-02,-4.873355925083160400e-01,3.366130217909812927e-02,5.765647888183593750e-01,-4.893426001071929932e-01,-4.778739809989929199e-01,6.840142607688903809e-01,4.851384460926055908e-01,-4.239176213741302490e-01,2.882314659655094147e-02,-3.162913620471954346e-01,-2.828041017055511475e-01,-2.389105111360549927e-01,3.237028717994689941e-01,3.844258487224578857e-01,1.036951392889022827e-01,1.976315528154373169e-01,1.816659122705459595e-01,1.253051757812500000e-01,4.919909536838531494e-01,-2.456279247999191284e-01,-4.114597663283348083e-02,2.476896345615386963e-01,5.809640884399414062e-01,-2.813371121883392334e-01,-1.650795899331569672e-02,2.307153344154357910e-01,-4.263433627784252167e-03,3.626783192157745361e-02,1.754499971866607666e-02,-2.259289380162954330e-03,-2.439370602369308472e-01,-1.279511116445064545e-02,1.652512252330780029e-01,-2.814158797264099121e-03,-5.945434570312500000e-01,4.821258187294006348e-01,-5.097685456275939941e-01,5.848707556724548340e-01,3.000742197036743164e-01,8.814756572246551514e-02,-4.087282717227935791e-01,2.488602697849273682e-02,5.107609033584594727e-01,1.436177408322691917e-03,-5.306333899497985840e-01,-1.102834716439247131e-01,3.993497788906097412e-01,-4.074475467205047607e-01,-2.251289261039346457e-04,5.287564992904663086e-01,9.861662052571773529e-03,5.828293561935424805e-01,3.835301995277404785e-01,-5.182021856307983398e-01,-6.962319370359182358e-03,-3.450670540332794189e-01,-4.882472455501556396e-01,6.806910037994384766e-02,-2.651156187057495117e-01,1.983557343482971191e-01,-1.841089688241481781e-02,3.140856027603149414e-01,2.047246247529983521e-01,-2.411610931158065796e-01,-3.496326598906307481e-06,5.287127494812011719e-01,-3.943813443183898926e-01,4.996407032012939453e-01,-5.902324318885803223e-01,4.344025552272796631e-01,5.812302827835083008e-01,-3.748376667499542236e-01,1.350377053022384644e-01,3.314139321446418762e-02,3.864031136035919189e-01,4.920664429664611816e-01,-1.855603232979774475e-02,-2.233481258153915405e-01,2.023391425609588623e-01,3.606218695640563965e-01,1.626720428466796875e-01,-5.288097858428955078e-01,3.842481374740600586e-01,-5.884404182434082031e-01,-1.302646994590759277e-01,5.500444769859313965e-01,-8.815087378025054932e-02,-3.125624656677246094e-01,-2.691563069820404053e-01,-3.132970631122589111e-01,1.275456883013248444e-02,3.381999731063842773e-01,6.809783726930618286e-02,5.560432374477386475e-02,-4.369120299816131592e-01
