3.316137790679931641e-01,-1.050648931413888931e-02,1.032856702804565430e-01,-1.685490608215332031e-01,2.389584034681320190e-01,-2.424944788217544556e-01,7.899249345064163208e-02,3.019675910472869873e-01,2.425881475210189819e-02,-1.470916252583265305e-02,-1.752393096685409546e-01,-3.839676827192306519e-02,-1.173125952482223511e-01,-9.810703992843627930e-02,-8.177540451288223267e-02,1.115528047084808350e-01,5.773924291133880615e-03,-2.654390595853328705e-02,1.151511371135711670e-01,4.336175695061683655e-02,-3.744071349501609802e-02,-1.468949317932128906e-01,-1.566636860370635986e-01,1.075776591897010803e-01,4.859213717281818390e-03,8.120372891426086426e-02,1.029924079775810242e-01,-2.588795423507690430e-01,-4.923690855503082275e-02,-2.569231949746608734e-02,-1.298088282346725464e-01,5.303328856825828552e-02,-1.148578599095344543e-01,-8.643714338541030884e-02,-9.379389695823192596e-03,4.480417072772979736e-02,-1.111366145778447390e-04,-3.177295252680778503e-02,-1.595476865768432617e-01,-2.272027730941772461e-01,1.327211260795593262e-01,7.624187320470809937e-02,-9.983097761869430542e-02,-9.029115550220012665e-03,-8.510959893465042114e-02,2.270280420780181885e-01,5.046281591057777405e-02,-6.342678517103195190e-02,8.174810558557510376e-02,4.783718660473823547e-02,-1.670925915241241455e-01,-1.030166968703269958e-01,1.835454851388931274e-01,-2.742575667798519135e-02,-3.528434410691261292e-02,-4.354853555560112000e-02,7.498597353696823120e-02,-9.755493374541401863e-04,1.487067341804504395e-01,1.042535603046417236e-01,-8.572894334793090820e-02,-1.095263939350843430e-02,-3.548331325873732567e-03,1.706365793943405151e-01,4.429742693901062012e-02,1.235757395625114441e-02,-2.606658339500427246e-01,8.002155274152755737e-02,3.091616369783878326e-02,2.233645170927047729e-01,-1.244082972407341003e-01,2.334938347339630127e-01,5.881096795201301575e-02,-7.654543220996856689e-02,-1.715524345636367798e-01,-6.415616720914840698e-02,9.567352244630455971e-04,-5.600728467106819153e-02,8.137114346027374268e-03,-1.265985704958438873e-02,4.914299119263887405e-03,-9.783024870557710528e-05,-9.540178626775741577e-02,-9.024175815284252167e-04,-2.565504312515258789e-01,1.617917567491531372e-01,1.362643539905548096e-01,1.391628058627247810e-03,-1.611069738864898682e-01,5.716110020875930786e-02,-1.549064069986343384e-01,2.105575054883956909e-01,1.469852030277252197e-01,-1.292060762643814087e-01,-3.331035003066062927e-02,-3.315921723842620850e-01,5.014903470873832703e-02,-1.614999382582027465e-05,-7.995133101940155029e-02,1.921027302742004395e-01,-2.042233943939208984e-01,2.067874222993850708e-01,3.619080036878585815e-02,-2.499281987547874451e-02,-1.283985078334808350e-01,1.556781679391860962e-01,1.566942334175109863e-01,1.249123141169548035e-01,-3.058962225914001465e-01,1.019389927387237549e-02,-7.889516651630401611e-02,2.018854767084121704e-01,6.357105821371078491e-02,-7.934111356735229492e-02,3.785299137234687805e-02,5.218607187271118164e-02,2.366015464067459106e-01,-1.247042715549468994e-01,-9.060817956924438477e-02,-4.147804155945777893e-02,-1.341698616743087769e-01,-4.779104143381118774e-03,4.275775328278541565e-02,1.919655799865722656e-01,-2.727635763585567474e-02,1.395732462406158447e-01,9.792246855795383453e-03,-2.329492708668112755e-03
-1.050648931413888931e-02,9.113911539316177368e-03,-7.507877051830291748e-02,6.564553827047348022e-02,3.395415470004081726e-02,2.234207699075341225e-03,-9.747451171278953552e-03,3.117617778480052948e-02,4.536682367324829102e-02,4.570846632122993469e-02,3.924713470041751862e-03,-3.945070877671241760e-02,6.700872629880905151e-02,6.192341074347496033e-02,7.956833392381668091e-02,7.972425222396850586e-02,-1.324322656728327274e-03,3.066299855709075928e-02,-6.912408769130706787e-02,-5.083145946264266968e-02,-4.110206291079521179e-02,5.858140066266059875e-02,4.605727642774581909e-02,-2.808968164026737213e-02,9.661021642386913300e-03,6.505436450242996216e-02,-7.795933634042739868e-02,-2.207984402775764465e-02,6.875484436750411987e-02,-1.153219956904649734e-02,4.552396945655345917e-03,-8.782415091991424561e-02,5.033114552497863770e-02,5.505308881402015686e-02,-2.673706039786338806e-03,-8.337018638849258423e-02,5.123185738921165466e-02,6.812666356563568115e-02,-6.026828289031982422e-02,-4.089429974555969238e-02,6.610020995140075684e-02,1.797939464449882507e-02,6.812633574008941650e-02,1.995385996997356415e-02,1.015294063836336136e-02,-5.921390280127525330e-02,-7.547633349895477295e-02,-1.993908546864986420e-02,6.285552517510950565e-04,3.116103820502758026e-03,9.728196077048778534e-03,-2.870046766474843025e-03,4.353286698460578918e-02,-3.339021932333707809e-03,-1.766414381563663483e-02,-8.570691198110580444e-02,2.573155239224433899e-02,3.846466774120926857e-03,-6.616736948490142822e-02,-6.255503743886947632e-02,-2.450594329275190830e-04,1.369930338114500046e-03,2.006752649322152138e-03,1.850617676973342896e-02,1.174955721944570541e-02,-2.256216295063495636e-02,4.823459684848785400e-02,7.663668692111968994e-02,-7.782907038927078247e-02,2.353674918413162231e-02,-6.210362166166305542e-02,-2.249603532254695892e-02,-2.250057831406593323e-02,7.582943141460418701e-02,-4.702815786004066467e-03,-7.539093494415283203e-02,-5.182513850741088390e-04,8.271554112434387207e-02,-3.605939075350761414e-02,-6.734935939311981201e-02,7.710090279579162598e-02,1.269327767658978701e-04,-6.140731647610664368e-02,-7.544687832705676556e-05,-5.969484522938728333e-02,-7.737161219120025635e-02,3.385358303785324097e-02,1.233955612406134605e-03,6.162092834711074829e-02,5.767874047160148621e-02,-1.503808144479990005e-02,-1.995679922401905060e-02,-6.818613409996032715e-02,3.593929111957550049e-02,-6.663809716701507568e-02,1.606248877942562103e-02,4.621918871998786926e-02,-3.541150817909510806e-06,-5.935931950807571411e-02,4.223777726292610168e-02,-1.309741660952568054e-02,4.072784632444381714e-02,-8.412352949380874634e-02,-6.800062954425811768e-02,9.169580042362213135e-02,-3.844082588329911232e-03,-6.975675374269485474e-02,-7.623086869716644287e-02,-1.421196945011615753e-02,-2.746224403381347656e-03,5.451780557632446289e-02,-6.360040605068206787e-02,-7.737180590629577637e-02,1.139589399099349976e-02,7.937324047088623047e-02,-7.585664093494415283e-02,3.362495452165603638e-02,3.954686224460601807e-02,-7.697100937366485596e-02,3.070782311260700226e-02,5.011152476072311401e-02,6.478717178106307983e-02,6.657302379608154297e-02,-5.462130159139633179e-02,-3.969806060194969177e-02,-4.176659137010574341e-02,2.043501241132616997e-03,5.355375260114669800e-02
1.032856702804565430e-01,-7.507877051830291748e-02,6.947829127311706543e-01,-6.214396357536315918e-01,-3.369464278221130371e-01,-5.837371572852134705e-02,3.825465962290763855e-02,-3.368121981620788574e-01,-3.669589161872863770e-01,-4.450837373733520508e-01,-1.141531975008547306e-03,3.966104388236999512e-01,-5.605863332748413086e-01,-5.944893956184387207e-01,-7.138007879257202148e-01,-6.918809413909912109e-01,1.098945550620555878e-02,-2.507466971874237061e-01,6.394637227058410645e-01,5.109075903892517090e-01,3.453971445560455322e-01,-5.739462971687316895e-01,-4.537312686443328857e-01,2.665564417839050293e-01,-9.547433257102966309e-02,-5.605495572090148926e-01,6.962027549743652344e-01,1.922530531883239746e-01,-6.661061644554138184e-01,1.230589374899864197e-01,-1.094982214272022247e-02,7.658961415290832520e-01,-4.291278719902038574e-01,-5.945247411727905273e-01,3.056680783629417419e-02,7.230375409126281738e-01,-4.866029322147369385e-01,-6.415740847587585449e-01,5.456573963165283203e-01,4.391025602817535400e-01,-5.935690402984619141e-01,-1.724467724561691284e-01,-6.169697642326354980e-01,-1.974894553422927856e-01,-1.231744885444641113e-01,5.485106706619262695e-01,7.036008834838867188e-01,1.860915273427963257e-01,-1.466927491128444672e-02,7.771035283803939819e-02,-7.285471260547637939e-02,1.056833043694496155e-01,-4.314098656177520752e-01,4.313233494758605957e-02,1.921599358320236206e-01,7.688995003700256348e-01,-2.987671196460723877e-01,-3.847168013453483582e-02,5.626790523529052734e-01,5.783208012580871582e-01,2.512889727950096130e-02,-2.764353342354297638e-02,-1.800205558538436890e-02,-1.640716195106506348e-01,-8.036147058010101318e-02,2.108433246612548828e-01,-3.722931444644927979e-01,-6.766003966331481934e-01,6.980141997337341309e-01,-2.321492880582809448e-01,6.055556535720825195e-01,2.339329868555068970e-01,2.118571102619171143e-01,-6.983494162559509277e-01,2.602055436000227928e-03,6.653769612312316895e-01,4.453533794730901718e-03,-7.609868049621582031e-01,3.282474875450134277e-01,6.416509151458740234e-01,-7.159594297409057617e-01,-1.286452868953347206e-03,6.034404039382934570e-01,2.081064973026514053e-03,5.479145050048828125e-01,6.798216700553894043e-01,-3.596079945564270020e-01,-1.189848501235246658e-02,-5.293448567390441895e-01,-5.781348347663879395e-01,1.532678008079528809e-01,1.214622482657432556e-01,5.973376631736755371e-01,-3.229591846466064453e-01,6.279698610305786133e-01,-9.327782690525054932e-02,-4.247649013996124268e-01,3.791667404584586620e-05,5.605094432830810547e-01,-4.061279892921447754e-01,2.391215860843658447e-01,-4.006498157978057861e-01,7.404817342758178711e-01,6.405642628669738770e-01,-7.963903546333312988e-01,-5.256388708949089050e-02,5.908408761024475098e-01,6.675444841384887695e-01,1.369404196739196777e-01,2.340854518115520477e-02,-5.017231702804565430e-01,6.106634140014648438e-01,6.951726078987121582e-01,-2.065550237894058228e-01,-7.258403897285461426e-01,6.747722625732421875e-01,-3.357928693294525146e-01,-3.758100569248199463e-01,7.072103619575500488e-01,-2.978286445140838623e-01,-4.408189058303833008e-01,-6.013115644454956055e-01,-6.120640039443969727e-01,4.386303722858428955e-01,4.720522463321685791e-01,3.969893753528594971e-01,-3.035791777074337006e-02,-5.242035984992980957e-01
-1.685490608215332031e-01,6.564553827047348022e-02,-6.214396357536315918e-01,7.038198709487915039e-01,1.410698890686035156e-01,1.502080559730529785e-01,-2.848721109330654144e-02,1.453515440225601196e-01,3.504928946495056152e-01,4.024771153926849365e-01,-7.066212594509124756e-02,-3.325532972812652588e-01,3.921918570995330811e-01,5.937842130661010742e-01,6.481052637100219727e-01,4.699054956436157227e-01,-6.542694289237260818e-03,2.063920348882675171e-01,-6.613018512725830078e-01,-4.727289378643035889e-01,-4.408841729164123535e-01,5.764614939689636230e-01,4.562225639820098877e-01,-2.320749908685684204e-01,8.606247603893280029e-02,3.300671577453613281e-01,-5.482099056243896484e-01,7.785414904356002808e-02,4.839321970939636230e-01,3.979702293872833252e-02,7.540954742580652237e-03,-6.934332847595214844e-01,5.500645637512207031e-01,5.365333557128906250e-01,-1.321425195783376694e-02,-5.439864993095397949e-01,3.819082081317901611e-01,5.460870265960693359e-01,-2.683373391628265381e-01,-4.265788495540618896e-01,5.181229710578918457e-01,2.096602767705917358e-01,4.909541904926300049e-01,1.653544902801513672e-01,8.223748765885829926e-03,-3.849752545356750488e-01,-6.735394001007080078e-01,-1.742233335971832275e-01,3.145528212189674377e-02,-4.741116240620613098e-02,9.867161512374877930e-02,4.353665560483932495e-02,4.376539885997772217e-01,-5.646551027894020081e-02,-3.758519515395164490e-02,-6.074798107147216797e-01,2.918303310871124268e-01,3.160735592246055603e-02,-5.144668221473693848e-01,-6.265765428543090820e-01,-8.568388223648071289e-02,1.055584028363227844e-01,2.212481573224067688e-02,8.456729352474212646e-02,1.128898561000823975e-01,-1.864590793848037720e-01,3.162261843681335449e-01,4.899431467056274414e-01,-5.899373292922973633e-01,-1.459730789065361023e-02,-4.576444029808044434e-01,-6.615608185529708862e-02,-2.859496772289276123e-01,6.472602486610412598e-01,-8.675874210894107819e-03,-5.536532402038574219e-01,-2.172688022255897522e-03,6.158593893051147461e-01,-4.870163798332214355e-01,-5.340433120727539062e-01,6.865127086639404297e-01,1.163843786343932152e-03,-4.384403526782989502e-01,1.318885129876434803e-03,-4.077211320400238037e-01,-5.960138440132141113e-01,1.299873292446136475e-01,6.940094754099845886e-03,4.145804345607757568e-01,4.747163057327270508e-01,-1.510023325681686401e-01,-2.971272170543670654e-01,-6.191873550415039062e-01,3.705979287624359131e-01,-5.928553938865661621e-01,2.197100818157196045e-01,3.134779334068298340e-01,-2.930201844719704241e-05,-3.884047865867614746e-01,2.566600441932678223e-01,-9.334128350019454956e-02,1.569303870201110840e-01,-7.101099491119384766e-01,-5.120543241500854492e-01,7.246311902999877930e-01,2.278630733489990234e-01,-7.084515690803527832e-01,-5.333208441734313965e-01,4.965937882661819458e-02,-2.884671650826931000e-02,5.484321713447570801e-01,-6.693213582038879395e-01,-6.632731556892395020e-01,3.508657515048980713e-01,5.905902981758117676e-01,-6.080460548400878906e-01,9.424842149019241333e-02,3.492752015590667725e-01,-5.831400156021118164e-01,3.481306135654449463e-01,3.916683793067932129e-01,5.996847748756408691e-01,5.621480941772460938e-01,-4.417048394680023193e-01,-4.200099706649780273e-01,-4.574576020240783691e-01,1.338792964816093445e-02,4.368358552455902100e-01
2.389584034681320190e-01,3.395415470004081726e-02,-3.369464278221130371e-01,1.410698890686035156e-01,5.299712419509887695e-01,-2.251009196043014526e-01,3.950053453445434570e-02,5.875328183174133301e-01,1.919814199209213257e-01,2.424593567848205566e-01,-9.522028267383575439e-02,-2.891360819339752197e-01,3.148181736469268799e-01,2.094450443983078003e-01,3.577822148799896240e-01,6.544511914253234863e-01,-4.003192763775587082e-03,1.491912454366683960e-01,-2.428695857524871826e-01,-2.414457201957702637e-01,-9.681379795074462891e-02,1.827878206968307495e-01,9.527132660150527954e-02,-7.945740222930908203e-02,6.015967950224876404e-02,5.520527958869934082e-01,-3.944748938083648682e-01,-5.119892954826354980e-01,4.816467463970184326e-01,-2.052065879106521606e-01,-1.099078431725502014e-01,-4.259027242660522461e-01,2.519287727773189545e-02,2.851465046405792236e-01,-3.703086823225021362e-02,-4.964540898799896240e-01,3.312094509601593018e-01,3.883561491966247559e-01,-6.729692816734313965e-01,-4.171451032161712646e-01,4.929848909378051758e-01,1.151896789669990540e-01,3.276110589504241943e-01,1.179576888680458069e-01,9.304512292146682739e-02,-2.355943322181701660e-01,-3.666177690029144287e-01,-1.566019505262374878e-01,6.221445277333259583e-02,-3.531163930892944336e-02,-1.222753003239631653e-01,-2.648017704486846924e-01,3.624134659767150879e-01,-4.580431059002876282e-02,-2.464229017496109009e-01,-5.924633741378784180e-01,2.338713556528091431e-01,2.481460943818092346e-02,-2.014733999967575073e-01,-1.827699542045593262e-01,-3.649013489484786987e-02,-6.399472057819366455e-02,2.410340122878551483e-03,2.805566787719726562e-01,5.833518132567405701e-02,-1.167835891246795654e-01,1.515249628573656082e-02,5.762288570404052734e-01,-4.246215522289276123e-01,4.967037439346313477e-01,-5.539900064468383789e-01,-6.145988032221794128e-02,3.563228528946638107e-03,3.570650815963745117e-01,-1.321495175361633301e-01,-4.954021275043487549e-01,-3.146127332001924515e-03,4.953064322471618652e-01,-4.508285969495773315e-02,-4.419709742069244385e-01,4.268189072608947754e-01,6.746964063495397568e-04,-5.230987071990966797e-01,-4.120906814932823181e-03,-6.225410699844360352e-01,-2.974711954593658447e-01,4.644441008567810059e-01,1.117600966244935989e-02,2.229503989219665527e-01,4.341521859169006348e-01,-2.110215872526168823e-01,2.525048851966857910e-01,-1.771037578582763672e-01,1.809441857039928436e-02,-4.000379443168640137e-01,-3.172841072082519531e-01,3.444694578647613525e-01,-4.024980444228276610e-05,-4.844222068786621094e-01,4.983378946781158447e-01,-4.140698909759521484e-01,5.753580331802368164e-01,-4.013924300670623779e-01,-4.641271829605102539e-01,4.046874344348907471e-01,2.530345320701599121e-02,-9.590969234704971313e-02,-3.766171634197235107e-01,-4.622894227504730225e-01,1.867578481324017048e-03,1.393796503543853760e-01,-1.098315566778182983e-01,-3.546143770217895508e-01,-6.116129085421562195e-02,5.441140532493591309e-01,-3.592073917388916016e-01,5.436474084854125977e-01,1.200593113899230957e-01,-5.616627335548400879e-01,7.972773164510726929e-02,1.536817699670791626e-01,3.089468181133270264e-01,3.707004189491271973e-01,-5.342459678649902344e-02,-3.054695725440979004e-01,-3.174978122115135193e-02,3.650256991386413574e-02,3.386121094226837158e-01
-2.424944788217544556e-01,2.234207699075341225e-03,-5.837371572852134705e-02,1.502080559730529785e-01,-2.251009196043014526e-01,2.311741411685943604e-01,-2.407997101545333862e-02,-2.530921697616577148e-01,-6.975121796131134033e-02,-5.362265743315219879e-03,9.052592515945434570e-02,5.225275456905364990e-02,1.607611030340194702e-02,7.252422720193862915e-02,3.893794864416122437e-02,-1.682737171649932861e-01,-3.113401820883154869e-03,-8.224728517234325409e-03,-7.684383541345596313e-02,-3.047646768391132355e-02,1.907136105000972748e-02,9.538111090660095215e-02,1.265150010585784912e-01,-5.315737798810005188e-02,-9.062615223228931427e-03,-1.697098314762115479e-01,-2.312902733683586121e-02,2.653126120567321777e-01,-1.676875515840947628e-03,4.357831180095672607e-02,9.721415489912033081e-02,4.560262896120548248e-03,1.087175384163856506e-01,7.302466779947280884e-02,1.041600946336984634e-02,4.582354798913002014e-02,-4.278569296002388000e-02,-1.572844386100769043e-02,2.041622549295425415e-01,1.372906267642974854e-01,-1.465797275304794312e-01,-3.782618790864944458e-02,3.561210632324218750e-02,7.527099223807454109e-04,3.723028674721717834e-02,-1.117786392569541931e-01,-3.096629679203033447e-02,4.941364377737045288e-02,-6.645650416612625122e-02,-4.296679794788360596e-02,1.298639625310897827e-01,7.513212412595748901e-02,-1.325984299182891846e-01,2.634948305785655975e-02,5.795294046401977539e-02,7.509337365627288818e-02,-5.647360160946846008e-02,-1.456364290788769722e-03,-7.353956252336502075e-02,-7.648679614067077637e-02,4.561929032206535339e-02,2.844168245792388916e-02,3.425085684284567833e-03,-1.565649807453155518e-01,-4.604072123765945435e-02,5.285606719553470612e-03,1.473274081945419312e-01,-1.200297772884368896e-01,3.041138872504234314e-02,-2.281280905008316040e-01,1.279506087303161621e-01,-1.536449044942855835e-01,-4.291140660643577576e-02,2.339184097945690155e-02,1.362729966640472412e-01,8.224372565746307373e-02,2.065348817268386483e-04,-6.754692876711487770e-04,-4.462714120745658875e-02,6.234480440616607666e-02,-1.763491518795490265e-02,2.757031688815914094e-05,1.021856516599655151e-01,5.304421065375208855e-04,2.348698228597640991e-01,-7.759761065244674683e-02,-1.362975239753723145e-01,-2.662840532138943672e-03,4.033919423818588257e-02,-7.627067714929580688e-02,1.010939404368400574e-01,-1.762489378452301025e-01,-8.468601852655410767e-02,8.612519502639770508e-02,5.276247113943099976e-02,2.536543011665344238e-01,-4.463320225477218628e-02,1.211407652590423822e-05,1.113116741180419922e-01,-2.026526182889938354e-01,1.622327715158462524e-01,-2.267288118600845337e-01,6.590785458683967590e-03,6.555400788784027100e-02,4.967090487480163574e-02,-2.105137333273887634e-03,-1.292113959789276123e-01,-1.982641965150833130e-02,2.766549289226531982e-01,-6.433929782360792160e-03,4.032589867711067200e-02,-1.721820682287216187e-01,-1.899842545390129089e-02,1.136286929249763489e-01,-5.634442716836929321e-02,-5.690537858754396439e-03,-2.368821799755096436e-01,8.470869064331054688e-02,9.876077622175216675e-02,3.656937181949615479e-02,7.867217063903808594e-02,-1.013306528329849243e-02,-4.477037116885185242e-02,-1.139789596199989319e-01,1.642284728586673737e-02,-1.116259917616844177e-01,-1.430129073560237885e-02,-1.578457280993461609e-02
7.899249345064163208e-02,-9.747451171278953552e-03,3.825465962290763855e-02,-2.848721109330654144e-02,3.950053453445434570e-02,-2.407997101545333862e-02,7.261100411415100098e-02,6.635773181915283203e-02,-4.438501596450805664e-02,-2.123023150488734245e-03,-9.139361232519149780e-02,6.648285780102014542e-04,-1.029487252235412598e-01,-3.134851157665252686e-02,-5.021876469254493713e-02,-3.124228492379188538e-02,2.658550860360264778e-03,-4.060331359505653381e-02,2.111168392002582550e-02,1.854807924246415496e-04,-1.930263824760913849e-02,-4.264526069164276123e-02,-3.255311772227287292e-02,4.607402160763740540e-02,1.504646643297746778e-04,-5.032557249069213867e-02,6.252580136060714722e-02,-1.454093772917985916e-02,-3.335723653435707092e-02,2.013363875448703766e-03,-4.918990284204483032e-02,3.916178643703460693e-02,-1.884356141090393066e-02,-6.145068909972906113e-03,-3.158303443342447281e-04,7.141168415546417236e-02,-2.585217170417308807e-02,-3.061484917998313904e-02,1.889584772288799286e-02,-9.812623262405395508e-02,1.331008225679397583e-02,3.106071427464485168e-02,-6.314728409051895142e-02,-6.639122497290372849e-03,-5.295319855213165283e-02,1.008944287896156311e-01,1.869038306176662445e-02,-7.006933446973562241e-03,3.450159355998039246e-02,-1.271541044116020203e-02,-4.224688932299613953e-02,-4.058937355875968933e-02,6.812869757413864136e-02,-6.687300745397806168e-03,9.611143730580806732e-03,1.525747030973434448e-02,3.088459931313991547e-02,-1.731238560751080513e-03,7.247292250394821167e-02,4.255780205130577087e-02,-5.641982331871986389e-02,2.506045065820217133e-02,-6.263463874347507954e-04,3.849752247333526611e-02,-3.848664346151053905e-05,1.326264999806880951e-02,-1.267259865999221802e-01,-2.222229726612567902e-02,4.697967320680618286e-02,2.762580290436744690e-02,-2.183330431580543518e-02,8.417828381061553955e-02,1.038163527846336365e-02,-4.594501852989196777e-02,-4.336626827716827393e-02,3.239643294364213943e-03,1.078503322787582874e-03,-3.916394710540771484e-02,-1.772922836244106293e-02,1.358816679567098618e-02,4.543625283986330032e-03,-4.750878360937349498e-05,-7.979086600244045258e-03,-6.846886826679110527e-04,-5.012387409806251526e-02,9.336290508508682251e-02,2.971601299941539764e-02,-8.943976718001067638e-04,-9.764506667852401733e-02,4.982366692274808884e-03,-5.091064423322677612e-02,4.686381295323371887e-02,5.285082384943962097e-02,-2.866366319358348846e-02,-1.955000450834631920e-03,-1.086618080735206604e-01,-1.599660329520702362e-02,-7.060641564748948440e-06,1.706662960350513458e-02,2.669941820204257965e-02,-8.298866450786590576e-02,2.087684720754623413e-02,3.158406913280487061e-02,2.076018974184989929e-02,-5.034240707755088806e-02,1.256635338068008423e-01,3.348194062709808350e-02,9.235008060932159424e-02,-4.942492768168449402e-02,2.840211382135748863e-03,-3.395193815231323242e-02,2.559817023575305939e-02,4.873496294021606445e-02,5.663889646530151367e-02,-1.649850420653820038e-02,4.255198687314987183e-02,2.665789425373077393e-02,-4.920774325728416443e-02,-3.836725372821092606e-03,-2.522067632526159286e-03,-7.192513346672058105e-02,-4.746951628476381302e-03,-2.460179151967167854e-03,9.623745828866958618e-02,-3.514035791158676147e-02,3.086473047733306885e-02,3.307236824184656143e-03,3.025952959433197975e-03
3.019675910472869873e-01,3.117617778480052948e-02,-3.368121981620788574e-01,1.453515440225601196e-01,5.875328183174133301e-01,-2.530921697616577148e-01,6.635773181915283203e-02,6.940590739250183105e-01,1.736644059419631958e-01,2.446615248918533325e-01,-1.182355880737304688e-01,-3.279986977577209473e-01,2.982207536697387695e-01,2.260264307260513306e-01,3.732573390007019043e-01,6.671209335327148438e-01,-1.934945816174149513e-03,1.360408514738082886e-01,-2.149157971143722534e-01,-2.490202337503433228e-01,-6.331340223550796509e-02,1.904631704092025757e-01,8.520971238613128662e-02,-7.822696864604949951e-02,6.392221152782440186e-02,5.517427921295166016e-01,-3.843473196029663086e-01,-5.628044605255126953e-01,5.193944573402404785e-01,-2.030499577522277832e-01,-1.405164599418640137e-01,-4.112377762794494629e-01,-2.732402272522449493e-02,3.283073604106903076e-01,-4.613532871007919312e-02,-4.937773048877716064e-01,3.481147289276123047e-01,4.048064053058624268e-01,-7.170065045356750488e-01,-4.885020256042480469e-01,5.033489465713500977e-01,1.335631608963012695e-01,3.233329951763153076e-01,1.299144923686981201e-01,1.350226849317550659e-01,-2.206882089376449585e-01,-3.838784694671630859e-01,-1.831572949886322021e-01,6.346805393695831299e-02,-9.435093402862548828e-02,-1.668133139610290527e-01,-3.442503809928894043e-01,3.965486586093902588e-01,-5.417725816369056702e-02,-2.938917279243469238e-01,-6.133234500885009766e-01,2.818711102008819580e-01,2.810211107134819031e-02,-1.422703564167022705e-01,-1.867725998163223267e-01,-4.564715549349784851e-02,-8.059423416852951050e-02,1.335455919615924358e-03,2.734407186508178711e-01,4.604183882474899292e-02,-1.205714344978332520e-01,-5.436260253190994263e-02,5.940745472908020020e-01,-4.333603680133819580e-01,5.503341555595397949e-01,-6.033000349998474121e-01,-7.838314771652221680e-02,2.625950053334236145e-02,3.772485256195068359e-01,-1.085921227931976318e-01,-4.972732067108154297e-01,-3.131033387035131454e-03,5.103102922439575195e-01,-4.746411368250846863e-02,-4.533035159111022949e-01,4.331696927547454834e-01,7.742989691905677319e-04,-5.770015716552734375e-01,-5.281831137835979462e-03,-6.605551838874816895e-01,-3.006114661693572998e-01,5.150673985481262207e-01,1.267222873866558075e-02,1.689203083515167236e-01,4.845384061336517334e-01,-2.482360750436782837e-01,3.570355772972106934e-01,-1.358870714902877808e-01,-2.313339896500110626e-02,-4.106597304344177246e-01,-3.997375071048736572e-01,3.782618343830108643e-01,-4.549001096165739000e-05,-5.377404689788818359e-01,5.342152118682861328e-01,-5.084629058837890625e-01,6.304078698158264160e-01,-4.065888524055480957e-01,-4.938250780105590820e-01,3.647072613239288330e-01,9.885876625776290894e-02,-3.877452388405799866e-02,-3.614839017391204834e-01,-5.405094027519226074e-01,6.797306705266237259e-03,1.244059279561042786e-01,-8.714646846055984497e-02,-3.655131161212921143e-01,-3.939532488584518433e-02,5.777816176414489746e-01,-3.547267317771911621e-01,6.193773746490478516e-01,1.273681372404098511e-01,-5.935695767402648926e-01,7.038187980651855469e-02,1.442451477050781250e-01,3.113426566123962402e-01,3.922847211360931396e-01,3.169453470036387444e-03,-3.711998462677001953e-01,-1.235526427626609802e-02,4.560038819909095764e-02,3.495588898658752441e-01
2.425881475210189819e-02,4.536682367324829102e-02,-3.669589161872863770e-01,3.504928946495056152e-01,1.919814199209213257e-01,-6.975121796131134033e-02,-4.438501596450805664e-02,1.736644059419631958e-01,3.799986243247985840e-01,2.806813716888427734e-01,-7.497166842222213745e-02,-2.477754056453704834e-01,2.636440992355346680e-01,3.683869540691375732e-01,4.241268038749694824e-01,4.464038312435150146e-01,-1.611825078725814819e-03,1.038908660411834717e-01,-4.005162119865417480e-01,-3.020439147949218750e-01,-4.010463356971740723e-01,3.321073651313781738e-01,2.026545852422714233e-01,-1.338122934103012085e-01,6.727456301450729370e-02,3.739737570285797119e-01,-3.934157192707061768e-01,-8.169360458850860596e-02,2.747983634471893311e-01,2.469840459525585175e-02,-6.207502260804176331e-02,-5.593682527542114258e-01,3.147105276584625244e-01,2.817766070365905762e-01,-1.064667478203773499e-02,-4.393002390861511230e-01,2.789127528667449951e-01,3.730444908142089844e-01,-2.609273493289947510e-01,-3.381015658378601074e-01,4.695420265197753906e-01,1.588262021541595459e-01,2.867217063903808594e-01,9.698352962732315063e-02,-5.874611809849739075e-02,-1.971460580825805664e-01,-4.097387790679931641e-01,-1.265485733747482300e-01,9.256678074598312378e-02,-2.339363330975174904e-03,-1.409361232072114944e-02,6.239677220582962036e-02,3.947285115718841553e-01,-6.507634371519088745e-02,-2.651265449821949005e-02,-4.608014822006225586e-01,2.072622328996658325e-01,1.988986134529113770e-02,-3.100316524505615234e-01,-3.575161397457122803e-01,-9.930200129747390747e-02,9.775373339653015137e-02,1.403467729687690735e-02,1.681416034698486328e-01,1.218903362751007080e-01,-1.302119493484497070e-01,1.367748081684112549e-01,4.032549560070037842e-01,-4.498372375965118408e-01,9.442920982837677002e-02,-3.461572527885437012e-01,1.013502702116966248e-01,-2.176671475172042847e-01,4.425524473190307617e-01,-1.048016846179962158e-01,-4.103208184242248535e-01,-1.740017556585371494e-03,4.180712699890136719e-01,-2.759985029697418213e-01,-4.353825747966766357e-01,4.848708510398864746e-01,7.539980579167604446e-04,-3.300933837890625000e-01,2.050365554168820381e-03,-4.096742272377014160e-01,-3.595308363437652588e-01,1.263832300901412964e-01,5.572852212935686111e-03,3.317184150218963623e-01,3.574866056442260742e-01,-1.269444227218627930e-01,-1.386193335056304932e-01,-3.890306055545806885e-01,2.430761903524398804e-01,-4.383361041545867920e-01,1.371200755238533020e-02,1.583203673362731934e-01,-2.188863618357572705e-05,-3.360261619091033936e-01,2.803886234760284424e-01,-1.170563399791717529e-01,2.462616860866546631e-01,-5.349517464637756348e-01,-3.824270367622375488e-01,5.047857165336608887e-01,5.961216241121292114e-02,-4.537450075149536133e-01,-3.595038652420043945e-01,-1.162186190485954285e-01,-2.216785587370395660e-02,4.442983269691467285e-01,-3.502780795097351074e-01,-4.442051351070404053e-01,1.696081012487411499e-01,3.888808488845825195e-01,-4.258508980274200439e-01,1.938911527395248413e-01,1.440470367670059204e-01,-4.429858922958374023e-01,2.258894592523574829e-01,1.746447831392288208e-01,4.259386360645294189e-01,4.161009788513183594e-01,-2.414859384298324585e-01,-2.841855287551879883e-01,-2.713441252708435059e-01,2.603197097778320312e-02,2.709340155124664307e-01
-1.470916252583265305e-02,4.570846632122993469e-02,-4.450837373733520508e-01,4.024771153926849365e-01,2.424593567848205566e-01,-5.362265743315219879e-03,-2.123023150488734245e-03,2.446615248918533325e-01,2.806813716888427734e-01,3.080802857875823975e-01,-5.952596664428710938e-02,-2.688635289669036865e-01,3.203491866588592529e-01,3.923251926898956299e-01,4.715627431869506836e-01,4.961040019989013672e-01,-5.076998844742774963e-03,1.335428953170776367e-01,-4.426449537277221680e-01,-3.454456329345703125e-01,-3.072068989276885986e-01,3.627096712589263916e-01,2.692515552043914795e-01,-1.545434147119522095e-01,6.814441829919815063e-02,3.928431272506713867e-01,-4.601786732673645020e-01,-1.290875971317291260e-01,4.158461391925811768e-01,-6.122452020645141602e-02,-3.558025136590003967e-02,-5.679292082786560059e-01,2.991650402545928955e-01,3.802147507667541504e-01,-1.784507930278778076e-02,-4.904438555240631104e-01,3.149648308753967285e-01,4.233513474464416504e-01,-3.613800108432769775e-01,-3.611875474452972412e-01,4.558334350585937500e-01,1.422192156314849854e-01,3.668539822101593018e-01,1.226572021842002869e-01,1.651107333600521088e-02,-3.038222491741180420e-01,-4.730136692523956299e-01,-1.266615539789199829e-01,5.572498589754104614e-02,-4.750077426433563232e-02,1.552063412964344025e-02,-4.833333939313888550e-02,3.684620261192321777e-01,-4.519105702638626099e-02,-9.866011887788772583e-02,-5.475261807441711426e-01,2.202560454607009888e-01,2.391589246690273285e-02,-3.456012010574340820e-01,-3.697555959224700928e-01,-6.983073800802230835e-02,5.816528946161270142e-02,1.270085200667381287e-02,1.583679467439651489e-01,7.596183568239212036e-02,-1.376193761825561523e-01,1.711780577898025513e-01,4.656181931495666504e-01,-4.779132306575775146e-01,1.587160676717758179e-01,-4.244723916053771973e-01,-5.158560723066329956e-02,-1.692848056554794312e-01,4.722212255001068115e-01,-5.718652158975601196e-02,-4.674724936485290527e-01,-2.281683497130870819e-03,5.146572589874267578e-01,-2.421261966228485107e-01,-4.613780081272125244e-01,5.278250575065612793e-01,8.351866854354739189e-04,-4.075950682163238525e-01,-6.464752368628978729e-04,-4.316547513008117676e-01,-4.124131202697753906e-01,2.317290604114532471e-01,7.115377113223075867e-03,3.359477818012237549e-01,3.992099463939666748e-01,-1.302423328161239624e-01,-8.536764979362487793e-02,-3.985014855861663818e-01,2.263391613960266113e-01,-4.559870958328247070e-01,1.710249693132936954e-03,2.400069236755371094e-01,-2.868402771127875894e-05,-3.748655617237091064e-01,3.008409440517425537e-01,-1.931376755237579346e-01,2.933788597583770752e-01,-5.401512384414672852e-01,-4.331426024436950684e-01,5.676323175430297852e-01,7.963635027408599854e-02,-4.365226328372955322e-01,-4.172552824020385742e-01,-1.208403408527374268e-01,-1.772198826074600220e-02,3.782617747783660889e-01,-4.070993363857269287e-01,-4.667979776859283447e-01,1.801539361476898193e-01,4.867128133773803711e-01,-4.550405144691467285e-01,2.383909076452255249e-01,2.027969658374786377e-01,-5.055093169212341309e-01,2.148158103227615356e-01,2.314928919076919556e-01,4.282851815223693848e-01,4.308161735534667969e-01,-2.449596971273422241e-01,-3.345804512500762939e-01,-2.647027969360351562e-01,2.540864050388336182e-02,3.448541760444641113e-01
-1.752393096685409546e-01,3.924713470041751862e-03,-1.141531975008547306e-03,-7.066212594509124756e-02,-9.522028267383575439e-02,9.052592515945434570e-02,-9.139361232519149780e-02,-1.182355880737304688e-01,-7.497166842222213745e-02,-5.952596664428710938e-02,2.480827569961547852e-01,5.250712111592292786e-02,1.666169762611389160e-01,-2.707211300730705261e-02,-7.802468026056885719e-04,-7.772114593535661697e-03,-6.203630939126014709e-03,2.553264610469341278e-02,9.868229925632476807e-02,5.308881402015686035e-02,2.260517328977584839e-01,-3.737474791705608368e-03,2.926857955753803253e-02,-7.158584892749786377e-02,-1.865741796791553497e-02,3.623261675238609314e-02,-7.852981984615325928e-02,-1.315130572766065598e-02,8.922297507524490356e-02,-8.438823372125625610e-02,1.288866996765136719e-01,6.573370099067687988e-02,-1.315504163503646851e-01,3.414771519601345062e-03,-5.276854615658521652e-03,-7.204962521791458130e-02,-6.670470349490642548e-03,-2.078429050743579865e-02,-5.749080702662467957e-02,2.825637459754943848e-01,-1.904182583093643188e-01,-1.367149949073791504e-01,8.513208478689193726e-02,-7.318191928789019585e-04,2.006963640451431274e-01,-2.450073957443237305e-01,7.860642671585083008e-02,6.960570812225341797e-02,-1.130445078015327454e-01,-6.149083003401756287e-02,9.501032531261444092e-02,-4.276411235332489014e-02,-2.776428163051605225e-01,5.513838678598403931e-02,-9.183467179536819458e-02,3.493108972907066345e-02,-1.222777441143989563e-01,1.374075800413265824e-04,-3.700242564082145691e-02,6.180405244231224060e-02,1.630599498748779297e-01,-9.643431752920150757e-02,-5.059821531176567078e-03,-1.429068595170974731e-01,-9.021886438131332397e-02,1.063718926161527634e-02,2.086194753646850586e-01,-2.595700323581695557e-02,1.010198332369327545e-02,-1.433641836047172546e-02,9.848299622535705566e-02,-3.449824452400207520e-01,7.766046375036239624e-02,-2.181724831461906433e-02,1.851672530174255371e-01,1.051526367664337158e-01,-2.334186807274818420e-03,2.931186743080615997e-02,2.132053226232528687e-01,6.479953974485397339e-02,-1.552957147359848022e-01,-4.516354965744540095e-05,3.965830802917480469e-02,-2.099897246807813644e-03,2.078488320112228394e-01,-1.088038086891174316e-01,7.759451866149902344e-03,1.610702602192759514e-03,1.187477707862854004e-01,-7.422941923141479492e-02,1.641631573438644409e-01,4.180296137928962708e-02,4.547492787241935730e-02,-3.279579058289527893e-02,1.457930207252502441e-01,1.583101004362106323e-01,-5.032732617110013962e-03,1.622171657800208777e-05,3.920961171388626099e-03,-1.308294683694839478e-01,1.047610267996788025e-01,-3.155272081494331360e-02,1.012341007590293884e-01,3.343475982546806335e-02,-3.005919046700000763e-02,-3.107214272022247314e-01,1.512249559164047241e-01,-1.030100286006927490e-01,1.009274572134017944e-01,3.997639752924442291e-03,-8.996346592903137207e-02,4.604755714535713196e-02,5.421191081404685974e-02,-1.458849161863327026e-01,-3.795265033841133118e-02,3.999288752675056458e-02,-2.029441855847835541e-02,6.598430126905441284e-02,1.041231080889701843e-01,-8.682565391063690186e-02,9.437648206949234009e-02,-1.378340572118759155e-01,-1.096858009696006775e-01,-7.963115721940994263e-02,8.399783819913864136e-02,3.012568317353725433e-02,-1.463774708099663258e-03,-5.550460517406463623e-02
-3.839676827192306519e-02,-3.945070877671241760e-02,3.966104388236999512e-01,-3.325532972812652588e-01,-2.891360819339752197e-01,5.225275456905364990e-02,6.648285780102014542e-04,-3.279986977577209473e-01,-2.477754056453704834e-01,-2.688635289669036865e-01,5.250712111592292786e-02,2.732939422130584717e-01,-2.976370155811309814e-01,-3.460549414157867432e-01,-4.374576807022094727e-01,-5.224917531013488770e-01,3.081966424360871315e-03,-1.181798055768013000e-01,3.623731136322021484e-01,2.983636558055877686e-01,2.259455770254135132e-01,-3.200758397579193115e-01,-2.136748731136322021e-01,1.374382525682449341e-01,-6.335346400737762451e-02,-4.078013896942138672e-01,4.218549132347106934e-01,2.009823918342590332e-01,-4.274637699127197266e-01,6.587933748960494995e-02,5.954572930932044983e-02,5.177099704742431641e-01,-1.972034871578216553e-01,-3.548817336559295654e-01,2.431772835552692413e-02,4.790245592594146729e-01,-3.012416362762451172e-01,-3.993588089942932129e-01,4.349909424781799316e-01,3.596686720848083496e-01,-4.403189718723297119e-01,-1.275412142276763916e-01,-3.312917351722717285e-01,-1.166923269629478455e-01,-6.013790890574455261e-02,2.786860764026641846e-01,4.340058267116546631e-01,1.312181651592254639e-01,-4.769288748502731323e-02,8.246643841266632080e-02,3.152644261717796326e-02,1.078078821301460266e-01,-3.455364108085632324e-01,4.969253391027450562e-02,1.383353471755981445e-01,5.453816056251525879e-01,-2.283854335546493530e-01,-2.421393990516662598e-02,2.654362022876739502e-01,3.183286190032958984e-01,5.374802649021148682e-02,-2.366886474192142487e-02,-9.460500441491603851e-03,-1.463520228862762451e-01,-6.312708556652069092e-02,1.267595142126083374e-01,-1.127682775259017944e-01,-4.697235524654388428e-01,4.503210783004760742e-01,-2.183357179164886475e-01,4.379082024097442627e-01,6.625547260046005249e-02,1.236333400011062622e-01,-4.466081857681274414e-01,3.658201172947883606e-02,4.333740174770355225e-01,2.400827826932072639e-03,-5.010563135147094727e-01,1.844185739755630493e-01,4.445767104625701904e-01,-4.827518165111541748e-01,-8.132630609907209873e-04,4.239469766616821289e-01,1.355997286736965179e-03,4.543867707252502441e-01,3.853945136070251465e-01,-2.547158598899841309e-01,-8.095063269138336182e-03,-2.813615202903747559e-01,-4.012744128704071045e-01,1.361600607633590698e-01,-2.219883538782596588e-02,3.148140907287597656e-01,-1.596767306327819824e-01,4.200546145439147949e-01,7.141451537609100342e-02,-2.400026917457580566e-01,2.868018782464787364e-05,3.997974991798400879e-01,-3.218252658843994141e-01,2.459489703178405762e-01,-3.489522933959960938e-01,5.020955204963684082e-01,4.268653094768524170e-01,-4.925361573696136475e-01,-7.488487660884857178e-02,3.190025687217712402e-01,3.920142948627471924e-01,1.945206224918365479e-01,1.152228657156229019e-02,-3.181212842464447021e-01,3.134754300117492676e-01,4.348386526107788086e-01,-1.337143778800964355e-01,-4.880629479885101318e-01,4.091078639030456543e-01,-3.080109655857086182e-01,-1.804554015398025513e-01,5.022292137145996094e-01,-1.725340634584426880e-01,-1.994824707508087158e-01,-3.789202868938446045e-01,-3.956742882728576660e-01,1.771240979433059692e-01,3.354004919528961182e-01,2.033890038728713989e-01,-3.176521882414817810e-02,-3.075755536556243896e-01
