9.999977946281433105e-01,-9.999983906745910645e-01,-9.999953508377075195e-01,9.999986290931701660e-01,9.999984502792358398e-01,-9.999978542327880859e-01,-9.999791383743286133e-01,9.999985098838806152e-01,-9.999967217445373535e-01,9.999949336051940918e-01,9.999239444732666016e-01,-9.999979734420776367e-01,9.999983310699462891e-01,-9.999691843986511230e-01,-9.999895691871643066e-01,9.999938607215881348e-01,9.999973177909851074e-01,-9.998863935470581055e-01,9.999925494194030762e-01,-9.999987483024597168e-01,-9.999985098838806152e-01,9.999902248382568359e-01,9.999923110008239746e-01,9.999951124191284180e-01,-9.999973773956298828e-01,9.999988079071044922e-01,-9.999958276748657227e-01,-9.999982714653015137e-01,9.999634623527526855e-01,9.999952912330627441e-01,-9.999982714653015137e-01,-9.999980926513671875e-01,9.999981522560119629e-01,9.999967813491821289e-01,-9.999961256980895996e-01,-9.999917745590209961e-01,9.999982118606567383e-01,9.999986290931701660e-01,9.999958872795104980e-01,-9.999982714653015137e-01,9.999983310699462891e-01,-9.999920129776000977e-01,9.999800920486450195e-01,9.999983906745910645e-01,9.999962449073791504e-01,9.999983310699462891e-01,9.999942779541015625e-01,9.999774694442749023e-01,9.999983906745910645e-01,-9.999984502792358398e-01,-9.999980330467224121e-01,-9.999949336051940918e-01,-9.999977946281433105e-01,9.998278617858886719e-01,-9.999973177909851074e-01,9.999923110008239746e-01,-9.999958276748657227e-01,-9.999954104423522949e-01,9.999980330467224121e-01,-9.999688863754272461e-01,-9.999811053276062012e-01,9.999975562095642090e-01,9.999983906745910645e-01,-9.999838471412658691e-01,9.999971985816955566e-01,-9.999982118606567383e-01,-9.999987483024597168e-01,-9.999899268150329590e-01,-9.999972581863403320e-01,9.999986290931701660e-01,-9.999971389770507812e-01,9.999971389770507812e-01,9.999611377716064453e-01,-9.999966025352478027e-01,9.999859333038330078e-01,-9.999954104423522949e-01,9.999921321868896484e-01,9.999959468841552734e-01,-9.999966025352478027e-01,-9.999983310699462891e-01,-9.999960064888000488e-01,9.999974370002746582e-01,-9.999974966049194336e-01,9.999937415122985840e-01,-9.999985694885253906e-01,-9.999769330024719238e-01,9.999851584434509277e-01,9.999956488609313965e-01,-9.999877214431762695e-01,9.999986886978149414e-01,-9.999980330467224121e-01,9.999966621398925781e-01,9.999951720237731934e-01,-9.999981522560119629e-01,9.999984502792358398e-01,-9.999974966049194336e-01,-9.999958276748657227e-01,9.999982118606567383e-01,-9.999976158142089844e-01,9.999874234199523926e-01,-9.999980330467224121e-01,9.999966025352478027e-01,-9.999972581863403320e-01,9.999908804893493652e-01,9.999936223030090332e-01,9.999869465827941895e-01,-9.999852776527404785e-01,-9.999932050704956055e-01,-9.999964833259582520e-01,9.999980330467224121e-01,-9.999952316284179688e-01,9.999964833259582520e-01,-9.999963641166687012e-01,-9.999965429306030273e-01,9.999988079071044922e-01,-9.999966621398925781e-01,9.999984502792358398e-01,-9.999970197677612305e-01,9.999974966049194336e-01,-9.999948740005493164e-01,-9.999976754188537598e-01,9.999961853027343750e-01,9.999948740005493164e-01,-9.999977350234985352e-01,9.999950528144836426e-01,-9.999963641166687012e-01,-9.999946355819702148e-01,-9.999985098838806152e-01
-9.999983906745910645e-01,9.999988079071044922e-01,9.999965429306030273e-01,-9.999989271163940430e-01,-9.999989271163940430e-01,9.999983906745910645e-01,9.999844431877136230e-01,-9.999989271163940430e-01,9.999975562095642090e-01,-9.999962449073791504e-01,-9.999434351921081543e-01,9.999985098838806152e-01,-9.999988079071044922e-01,9.999771118164062500e-01,9.999922513961791992e-01,-9.999954104423522949e-01,-9.999979734420776367e-01,9.999153017997741699e-01,-9.999944567680358887e-01,9.999991655349731445e-01,9.999989271163940430e-01,-9.999926686286926270e-01,-9.999941587448120117e-01,-9.999963641166687012e-01,9.999979734420776367e-01,-9.999991655349731445e-01,9.999969005584716797e-01,9.999986886978149414e-01,-9.999728202819824219e-01,-9.999964833259582520e-01,9.999987483024597168e-01,9.999985694885253906e-01,-9.999986290931701660e-01,-9.999976754188537598e-01,9.999971389770507812e-01,9.999938011169433594e-01,-9.999986886978149414e-01,-9.999990463256835938e-01,-9.999969601631164551e-01,9.999986886978149414e-01,-9.999987483024597168e-01,9.999940395355224609e-01,-9.999852180480957031e-01,-9.999988079071044922e-01,-9.999972581863403320e-01,-9.999988079071044922e-01,-9.999958276748657227e-01,-9.999831914901733398e-01,-9.999988079071044922e-01,9.999988079071044922e-01,9.999985098838806152e-01,9.999961256980895996e-01,9.999983906745910645e-01,-9.998716115951538086e-01,9.999979734420776367e-01,-9.999942779541015625e-01,9.999968409538269043e-01,9.999965429306030273e-01,-9.999985098838806152e-01,9.999768733978271484e-01,9.999859333038330078e-01,-9.999980926513671875e-01,-9.999988079071044922e-01,9.999879598617553711e-01,-9.999979138374328613e-01,9.999987483024597168e-01,9.999992251396179199e-01,9.999926090240478516e-01,9.999978542327880859e-01,-9.999990463256835938e-01,9.999978542327880859e-01,-9.999978542327880859e-01,-9.999710917472839355e-01,9.999975562095642090e-01,-9.999895691871643066e-01,9.999964833259582520e-01,-9.999942183494567871e-01,-9.999969601631164551e-01,9.999974966049194336e-01,9.999987483024597168e-01,9.999970793724060059e-01,-9.999981522560119629e-01,9.999980926513671875e-01,-9.999954104423522949e-01,9.999989271163940430e-01,9.999827146530151367e-01,-9.999890327453613281e-01,-9.999966621398925781e-01,9.999908208847045898e-01,-9.999990463256835938e-01,9.999986290931701660e-01,-9.999974966049194336e-01,-9.999964237213134766e-01,9.999986290931701660e-01,-9.999989271163940430e-01,9.999981522560119629e-01,9.999968409538269043e-01,-9.999986886978149414e-01,9.999983310699462891e-01,-9.999906420707702637e-01,9.999985098838806152e-01,-9.999974370002746582e-01,9.999979138374328613e-01,-9.999932646751403809e-01,-9.999952316284179688e-01,-9.999903440475463867e-01,9.999890923500061035e-01,9.999949336051940918e-01,9.999973773956298828e-01,-9.999985694885253906e-01,9.999964237213134766e-01,-9.999973773956298828e-01,9.999973773956298828e-01,9.999974370002746582e-01,-9.999991655349731445e-01,9.999974966049194336e-01,-9.999988675117492676e-01,9.999977350234985352e-01,-9.999982118606567383e-01,9.999961853027343750e-01,9.999982714653015137e-01,-9.999971985816955566e-01,-9.999961256980895996e-01,9.999983310699462891e-01,-9.999963045120239258e-01,9.999972581863403320e-01,9.999960064888000488e-01,9.999988675117492676e-01
-9.999953508377075195e-01,9.999965429306030273e-01,9.999902844429016113e-01,-9.999969005584716797e-01,-9.999969005584716797e-01,9.999954104423522949e-01,9.999553561210632324e-01,-9.999970197677612305e-01,9.999931454658508301e-01,-9.999893307685852051e-01,-9.998376965522766113e-01,9.999957084655761719e-01,-9.999966025352478027e-01,9.999343156814575195e-01,9.999777674674987793e-01,-9.999868273735046387e-01,-9.999943375587463379e-01,9.997574687004089355e-01,-9.999840259552001953e-01,9.999974966049194336e-01,9.999969601631164551e-01,-9.999791979789733887e-01,-9.999833703041076660e-01,-9.999897480010986328e-01,9.999942779541015625e-01,-9.999974370002746582e-01,9.999912381172180176e-01,9.999961256980895996e-01,-9.999219775199890137e-01,-9.999900460243225098e-01,9.999964833259582520e-01,9.999959468841552734e-01,-9.999959468841552734e-01,-9.999932646751403809e-01,9.999918341636657715e-01,9.999822974205017090e-01,-9.999961853027343750e-01,-9.999971389770507812e-01,-9.999911785125732422e-01,9.999965429306030273e-01,-9.999964237213134766e-01,9.999829530715942383e-01,-9.999575614929199219e-01,-9.999966025352478027e-01,-9.999920725822448730e-01,-9.999966621398925781e-01,-9.999877810478210449e-01,-9.999518394470214844e-01,-9.999966621398925781e-01,9.999967217445373535e-01,9.999957680702209473e-01,9.999891519546508789e-01,9.999954700469970703e-01,-9.996321201324462891e-01,9.999942779541015625e-01,-9.999836087226867676e-01,9.999911785125732422e-01,9.999902248382568359e-01,-9.999958276748657227e-01,9.999334812164306641e-01,9.999596476554870605e-01,-9.999946951866149902e-01,-9.999967813491821289e-01,9.999652504920959473e-01,-9.999941587448120117e-01,9.999964237213134766e-01,9.999973177909851074e-01,9.999784827232360840e-01,9.999940991401672363e-01,-9.999971389770507812e-01,9.999941587448120117e-01,-9.999939203262329102e-01,-9.999170303344726562e-01,9.999930858612060547e-01,-9.999700188636779785e-01,9.999904036521911621e-01,-9.999831318855285645e-01,-9.999913573265075684e-01,9.999928474426269531e-01,9.999964833259582520e-01,9.999915957450866699e-01,-9.999946951866149902e-01,9.999946951866149902e-01,-9.999868273735046387e-01,9.999969601631164551e-01,9.999505281448364258e-01,-9.999685287475585938e-01,-9.999905824661254883e-01,9.999735355377197266e-01,-9.999971985816955566e-01,9.999958872795104980e-01,-9.999930262565612793e-01,-9.999898076057434082e-01,9.999961853027343750e-01,-9.999967813491821289e-01,9.999946951866149902e-01,9.999911189079284668e-01,-9.999961853027343750e-01,9.999949336051940918e-01,-9.999731183052062988e-01,9.999957680702209473e-01,-9.999927878379821777e-01,9.999940991401672363e-01,-9.999805688858032227e-01,-9.999862909317016602e-01,-9.999721050262451172e-01,9.999685287475585938e-01,9.999854564666748047e-01,9.999927282333374023e-01,-9.999958872795104980e-01,9.999899268150329590e-01,-9.999924898147583008e-01,9.999923110008239746e-01,9.999926090240478516e-01,-9.999974370002746582e-01,9.999929666519165039e-01,-9.999967217445373535e-01,9.999936819076538086e-01,-9.999948740005493164e-01,9.999891519546508789e-01,9.999951720237731934e-01,-9.999920129776000977e-01,-9.999890923500061035e-01,9.999953508377075195e-01,-9.999895691871643066e-01,9.999923110008239746e-01,9.999885559082031250e-01,9.999967813491821289e-01
9.999986290931701660e-01,-9.999989271163940430e-01,-9.999969005584716797e-01,9.999991059303283691e-01,9.999991059303283691e-01,-9.999985694885253906e-01,-9.999862313270568848e-01,9.999991059303283691e-01,-9.999979138374328613e-01,9.999966025352478027e-01,9.999495148658752441e-01,-9.999986886978149414e-01,9.999989867210388184e-01,-9.999796152114868164e-01,-9.999930858612060547e-01,9.999958872795104980e-01,9.999982118606567383e-01,-9.999245405197143555e-01,9.999951124191284180e-01,-9.999992847442626953e-01,-9.999991655349731445e-01,9.999934434890747070e-01,9.999948740005493164e-01,9.999967813491821289e-01,-9.999983310699462891e-01,9.999992847442626953e-01,-9.999972581863403320e-01,-9.999988079071044922e-01,9.999758005142211914e-01,9.999968409538269043e-01,-9.999989271163940430e-01,-9.999988079071044922e-01,9.999988675117492676e-01,9.999979138374328613e-01,-9.999974370002746582e-01,-9.999945163726806641e-01,9.999988675117492676e-01,9.999992847442626953e-01,9.999971985816955566e-01,-9.999989271163940430e-01,9.999989271163940430e-01,-9.999948143959045410e-01,9.999868273735046387e-01,9.999989271163940430e-01,9.999974966049194336e-01,9.999989271163940430e-01,9.999961256980895996e-01,9.999850392341613770e-01,9.999989867210388184e-01,-9.999990463256835938e-01,-9.999986886978149414e-01,-9.999966025352478027e-01,-9.999985694885253906e-01,9.998855590820312500e-01,-9.999982118606567383e-01,9.999948740005493164e-01,-9.999973177909851074e-01,-9.999969601631164551e-01,9.999987483024597168e-01,-9.999794363975524902e-01,-9.999875426292419434e-01,9.999983310699462891e-01,9.999990463256835938e-01,-9.999892711639404297e-01,9.999981522560119629e-01,-9.999989867210388184e-01,-9.999992847442626953e-01,-9.999933838844299316e-01,-9.999980926513671875e-01,9.999992251396179199e-01,-9.999981522560119629e-01,9.999980926513671875e-01,9.999742507934570312e-01,-9.999978542327880859e-01,9.999907016754150391e-01,-9.999969601631164551e-01,9.999947547912597656e-01,9.999972581863403320e-01,-9.999977350234985352e-01,-9.999989867210388184e-01,-9.999974370002746582e-01,9.999983310699462891e-01,-9.999983310699462891e-01,9.999958872795104980e-01,-9.999992251396179199e-01,-9.999847412109375000e-01,9.999902248382568359e-01,9.999971389770507812e-01,-9.999918341636657715e-01,9.999992847442626953e-01,-9.999987483024597168e-01,9.999977946281433105e-01,9.999967813491821289e-01,-9.999988675117492676e-01,9.999991059303283691e-01,-9.999983310699462891e-01,-9.999972581863403320e-01,9.999988079071044922e-01,-9.999983906745910645e-01,9.999916553497314453e-01,-9.999986886978149414e-01,9.999977946281433105e-01,-9.999980926513671875e-01,9.999939799308776855e-01,9.999957680702209473e-01,9.999913573265075684e-01,-9.999902844429016113e-01,-9.999954700469970703e-01,-9.999976754188537598e-01,9.999988079071044922e-01,-9.999968409538269043e-01,9.999976754188537598e-01,-9.999976158142089844e-01,-9.999977946281433105e-01,9.999992847442626953e-01,-9.999977350234985352e-01,9.999989867210388184e-01,-9.999980330467224121e-01,9.999983906745910645e-01,-9.999966025352478027e-01,-9.999984502792358398e-01,9.999975562095642090e-01,9.999965429306030273e-01,-9.999985098838806152e-01,9.999967217445373535e-01,-9.999975562095642090e-01,-9.999963641166687012e-01,-9.999991655349731445e-01
9.999984502792358398e-01,-9.999989271163940430e-01,-9.999969005584716797e-01,9.999991059303283691e-01,9.999991059303283691e-01,-9.999985694885253906e-01,-9.999861121177673340e-01,9.999991059303283691e-01,-9.999978542327880859e-01,9.999966025352478027e-01,9.999493956565856934e-01,-9.999986886978149414e-01,9.999989271163940430e-01,-9.999794960021972656e-01,-9.999930858612060547e-01,9.999958872795104980e-01,9.999982118606567383e-01,-9.999244809150695801e-01,9.999950528144836426e-01,-9.999991655349731445e-01,-9.999991059303283691e-01,9.999934434890747070e-01,9.999948143959045410e-01,9.999966621398925781e-01,-9.999982118606567383e-01,9.999992847442626953e-01,-9.999971389770507812e-01,-9.999987483024597168e-01,9.999757409095764160e-01,9.999968409538269043e-01,-9.999988675117492676e-01,-9.999987483024597168e-01,9.999988079071044922e-01,9.999978542327880859e-01,-9.999973773956298828e-01,-9.999944567680358887e-01,9.999988079071044922e-01,9.999992847442626953e-01,9.999971985816955566e-01,-9.999988675117492676e-01,9.999988675117492676e-01,-9.999946951866149902e-01,9.999867081642150879e-01,9.999989271163940430e-01,9.999974966049194336e-01,9.999988675117492676e-01,9.999961256980895996e-01,9.999849200248718262e-01,9.999989271163940430e-01,-9.999990463256835938e-01,-9.999986290931701660e-01,-9.999964833259582520e-01,-9.999985098838806152e-01,9.998853206634521484e-01,-9.999982118606567383e-01,9.999948740005493164e-01,-9.999971985816955566e-01,-9.999969601631164551e-01,9.999986886978149414e-01,-9.999793767929077148e-01,-9.999874234199523926e-01,9.999983310699462891e-01,9.999989271163940430e-01,-9.999892115592956543e-01,9.999980926513671875e-01,-9.999988675117492676e-01,-9.999992847442626953e-01,-9.999932646751403809e-01,-9.999982118606567383e-01,9.999991059303283691e-01,-9.999980330467224121e-01,9.999980926513671875e-01,9.999741911888122559e-01,-9.999977350234985352e-01,9.999907016754150391e-01,-9.999969005584716797e-01,9.999947547912597656e-01,9.999972581863403320e-01,-9.999977350234985352e-01,-9.999989271163940430e-01,-9.999973177909851074e-01,9.999983310699462891e-01,-9.999983310699462891e-01,9.999958276748657227e-01,-9.999991059303283691e-01,-9.999845623970031738e-01,9.999901056289672852e-01,9.999970197677612305e-01,-9.999918341636657715e-01,9.999991655349731445e-01,-9.999986886978149414e-01,9.999977946281433105e-01,9.999967217445373535e-01,-9.999988675117492676e-01,9.999991059303283691e-01,-9.999983310699462891e-01,-9.999971985816955566e-01,9.999987483024597168e-01,-9.999983906745910645e-01,9.999915957450866699e-01,-9.999986290931701660e-01,9.999977350234985352e-01,-9.999980926513671875e-01,9.999939799308776855e-01,9.999957084655761719e-01,9.999912977218627930e-01,-9.999902248382568359e-01,-9.999954700469970703e-01,-9.999976754188537598e-01,9.999986290931701660e-01,-9.999968409538269043e-01,9.999976158142089844e-01,-9.999976158142089844e-01,-9.999976754188537598e-01,9.999992847442626953e-01,-9.999977350234985352e-01,9.999989867210388184e-01,-9.999978542327880859e-01,9.999983906745910645e-01,-9.999964833259582520e-01,-9.999984502792358398e-01,9.999974966049194336e-01,9.999965429306030273e-01,-9.999985098838806152e-01,9.999966025352478027e-01,-9.999974966049194336e-01,-9.999963641166687012e-01,-9.999990463256835938e-01
-9.999978542327880859e-01,9.999983906745910645e-01,9.999954104423522949e-01,-9.999985694885253906e-01,-9.999985694885253906e-01,9.999977946281433105e-01,9.999793767929077148e-01,-9.999986290931701660e-01,9.999967813491821289e-01,-9.999949932098388672e-01,-9.999247193336486816e-01,9.999980330467224121e-01,-9.999984502792358398e-01,9.999695420265197754e-01,9.999896287918090820e-01,-9.999939203262329102e-01,-9.999972581863403320e-01,9.998875260353088379e-01,-9.999926090240478516e-01,9.999988675117492676e-01,9.999985694885253906e-01,-9.999902844429016113e-01,-9.999922513961791992e-01,-9.999951720237731934e-01,9.999973177909851074e-01,-9.999988079071044922e-01,9.999959468841552734e-01,9.999981522560119629e-01,-9.999638199806213379e-01,-9.999952912330627441e-01,9.999983310699462891e-01,9.999981522560119629e-01,-9.999982118606567383e-01,-9.999968409538269043e-01,9.999960660934448242e-01,9.999917745590209961e-01,-9.999982714653015137e-01,-9.999986886978149414e-01,-9.999958872795104980e-01,9.999983906745910645e-01,-9.999983310699462891e-01,9.999921321868896484e-01,-9.999803304672241211e-01,-9.999984502792358398e-01,-9.999963045120239258e-01,-9.999983310699462891e-01,-9.999944567680358887e-01,-9.999776482582092285e-01,-9.999985098838806152e-01,9.999984502792358398e-01,9.999980330467224121e-01,9.999949932098388672e-01,9.999978542327880859e-01,-9.998294711112976074e-01,9.999973177909851074e-01,-9.999923706054687500e-01,9.999958872795104980e-01,9.999955296516418457e-01,-9.999979138374328613e-01,9.999691843986511230e-01,9.999814033508300781e-01,-9.999974966049194336e-01,-9.999984502792358398e-01,9.999839663505554199e-01,-9.999971389770507812e-01,9.999982714653015137e-01,9.999988079071044922e-01,9.999900460243225098e-01,9.999971985816955566e-01,-9.999986290931701660e-01,9.999972581863403320e-01,-9.999971389770507812e-01,-9.999615550041198730e-01,9.999967217445373535e-01,-9.999860525131225586e-01,9.999954700469970703e-01,-9.999920725822448730e-01,-9.999960064888000488e-01,9.999966621398925781e-01,9.999983906745910645e-01,9.999960660934448242e-01,-9.999974370002746582e-01,9.999974966049194336e-01,-9.999939203262329102e-01,9.999986290931701660e-01,9.999770522117614746e-01,-9.999852776527404785e-01,-9.999956488609313965e-01,9.999878406524658203e-01,-9.999986886978149414e-01,9.999981522560119629e-01,-9.999967813491821289e-01,-9.999952316284179688e-01,9.999982714653015137e-01,-9.999984502792358398e-01,9.999974966049194336e-01,9.999958872795104980e-01,-9.999982118606567383e-01,9.999976158142089844e-01,-9.999875426292419434e-01,9.999979138374328613e-01,-9.999966025352478027e-01,9.999971985816955566e-01,-9.999909996986389160e-01,-9.999935626983642578e-01,-9.999870657920837402e-01,9.999853968620300293e-01,9.999931454658508301e-01,9.999966025352478027e-01,-9.999980926513671875e-01,9.999952912330627441e-01,-9.999965429306030273e-01,9.999963641166687012e-01,9.999966025352478027e-01,-9.999988079071044922e-01,9.999966025352478027e-01,-9.999984502792358398e-01,9.999969601631164551e-01,-9.999976158142089844e-01,9.999949336051940918e-01,9.999977350234985352e-01,-9.999962449073791504e-01,-9.999949336051940918e-01,9.999977946281433105e-01,-9.999951124191284180e-01,9.999963641166687012e-01,9.999947547912597656e-01,9.999985098838806152e-01
-9.999791383743286133e-01,9.999844431877136230e-01,9.999553561210632324e-01,-9.999862313270568848e-01,-9.999861121177673340e-01,9.999793767929077148e-01,9.997957348823547363e-01,-9.999865889549255371e-01,9.999687075614929199e-01,-9.999511241912841797e-01,-9.992569684982299805e-01,9.999807476997375488e-01,-9.999848008155822754e-01,9.996994137763977051e-01,9.998983144760131836e-01,-9.999396204948425293e-01,-9.999741315841674805e-01,9.988902211189270020e-01,-9.999268054962158203e-01,9.999887943267822266e-01,9.999859333038330078e-01,-9.999048113822937012e-01,-9.999234676361083984e-01,-9.999530911445617676e-01,9.999738931655883789e-01,-9.999886155128479004e-01,9.999597668647766113e-01,9.999831318855285645e-01,-9.996432662010192871e-01,-9.999542832374572754e-01,9.999834895133972168e-01,9.999818205833435059e-01,-9.999822974205017090e-01,-9.999692440032958984e-01,9.999627470970153809e-01,9.999188184738159180e-01,-9.999829530715942383e-01,-9.999870061874389648e-01,-9.999595880508422852e-01,9.999843835830688477e-01,-9.999839067459106445e-01,9.999219179153442383e-01,-9.998058676719665527e-01,-9.999846816062927246e-01,-9.999638199806213379e-01,-9.999848604202270508e-01,-9.999440312385559082e-01,-9.997794628143310547e-01,-9.999852776527404785e-01,9.999856352806091309e-01,9.999808669090270996e-01,9.999502897262573242e-01,9.999794960021972656e-01,-9.983175992965698242e-01,9.999740719795227051e-01,-9.999247789382934570e-01,9.999594092369079590e-01,9.999554753303527832e-01,-9.999809265136718750e-01,9.996954202651977539e-01,9.998151659965515137e-01,-9.999756217002868652e-01,-9.999855756759643555e-01,9.998410344123840332e-01,-9.999735951423645020e-01,9.999839067459106445e-01,9.999875426292419434e-01,9.999012351036071777e-01,9.999725222587585449e-01,-9.999867081642150879e-01,9.999732971191406250e-01,-9.999722242355346680e-01,-9.996205568313598633e-01,9.999682903289794922e-01,-9.998629689216613770e-01,9.999558925628662109e-01,-9.999226927757263184e-01,-9.999604225158691406e-01,9.999673366546630859e-01,9.999840259552001953e-01,9.999614357948303223e-01,-9.999757409095764160e-01,9.999756217002868652e-01,-9.999395608901977539e-01,9.999863505363464355e-01,9.997732043266296387e-01,-9.998555183410644531e-01,-9.999572038650512695e-01,9.998786449432373047e-01,-9.999873042106628418e-01,9.999820590019226074e-01,-9.999679327011108398e-01,-9.999534487724304199e-01,9.999833703041076660e-01,-9.999858736991882324e-01,9.999760389328002930e-01,9.999592900276184082e-01,-9.999827742576599121e-01,9.999767541885375977e-01,-9.998766779899597168e-01,9.999809861183166504e-01,-9.999669790267944336e-01,9.999725818634033203e-01,-9.999111890792846680e-01,-9.999374747276306152e-01,-9.998720884323120117e-01,9.998557567596435547e-01,9.999331235885620117e-01,9.999670386314392090e-01,-9.999811649322509766e-01,9.999539256095886230e-01,-9.999660849571228027e-01,9.999647736549377441e-01,9.999665617942810059e-01,-9.999885559082031250e-01,9.999676346778869629e-01,-9.999852776527404785e-01,9.999710321426391602e-01,-9.999769330024719238e-01,9.999504685401916504e-01,9.999778270721435547e-01,-9.999635219573974609e-01,-9.999498128890991211e-01,9.999786019325256348e-01,-9.999523758888244629e-01,9.999646544456481934e-01,9.999474883079528809e-01,9.999854564666748047e-01
9.999985098838806152e-01,-9.999989271163940430e-01,-9.999970197677612305e-01,9.999991059303283691e-01,9.999991059303283691e-01,-9.999986290931701660e-01,-9.999865889549255371e-01,9.999990463256835938e-01,-9.999979734420776367e-01,9.999967217445373535e-01,9.999511837959289551e-01,-9.999986290931701660e-01,9.999990463256835938e-01,-9.999802112579345703e-01,-9.999932646751403809e-01,9.999960064888000488e-01,9.999982714653015137e-01,-9.999271035194396973e-01,9.999952316284179688e-01,-9.999992251396179199e-01,-9.999991059303283691e-01,9.999936819076538086e-01,9.999949932098388672e-01,9.999969005584716797e-01,-9.999982714653015137e-01,9.999992847442626953e-01,-9.999972581863403320e-01,-9.999988079071044922e-01,9.999765157699584961e-01,9.999969005584716797e-01,-9.999989271163940430e-01,-9.999988079071044922e-01,9.999988079071044922e-01,9.999979734420776367e-01,-9.999974370002746582e-01,-9.999946951866149902e-01,9.999989271163940430e-01,9.999991655349731445e-01,9.999973177909851074e-01,-9.999989867210388184e-01,9.999989271163940430e-01,-9.999948740005493164e-01,9.999871850013732910e-01,9.999989271163940430e-01,9.999976158142089844e-01,9.999990463256835938e-01,9.999963045120239258e-01,9.999854564666748047e-01,9.999991059303283691e-01,-9.999989867210388184e-01,-9.999986290931701660e-01,-9.999966621398925781e-01,-9.999985694885253906e-01,9.998894333839416504e-01,-9.999982714653015137e-01,9.999949932098388672e-01,-9.999973177909851074e-01,-9.999969601631164551e-01,9.999987483024597168e-01,-9.999800920486450195e-01,-9.999879598617553711e-01,9.999983906745910645e-01,9.999989867210388184e-01,-9.999896883964538574e-01,9.999981522560119629e-01,-9.999989271163940430e-01,-9.999992847442626953e-01,-9.999936223030090332e-01,-9.999981522560119629e-01,9.999991655349731445e-01,-9.999982118606567383e-01,9.999981522560119629e-01,9.999750256538391113e-01,-9.999979138374328613e-01,9.999909996986389160e-01,-9.999969601631164551e-01,9.999949336051940918e-01,9.999973773956298828e-01,-9.999977946281433105e-01,-9.999989271163940430e-01,-9.999974370002746582e-01,9.999983906745910645e-01,-9.999983906745910645e-01,9.999960064888000488e-01,-9.999992251396179199e-01,-9.999851584434509277e-01,9.999904632568359375e-01,9.999971389770507812e-01,-9.999920725822448730e-01,9.999992251396179199e-01,-9.999988079071044922e-01,9.999977946281433105e-01,9.999968409538269043e-01,-9.999988079071044922e-01,9.999989867210388184e-01,-9.999983310699462891e-01,-9.999973177909851074e-01,9.999988675117492676e-01,-9.999984502792358398e-01,9.999918937683105469e-01,-9.999986886978149414e-01,9.999977946281433105e-01,-9.999981522560119629e-01,9.999940991401672363e-01,9.999958872795104980e-01,9.999915957450866699e-01,-9.999905228614807129e-01,-9.999956488609313965e-01,-9.999976754188537598e-01,9.999986886978149414e-01,-9.999969601631164551e-01,9.999977350234985352e-01,-9.999976754188537598e-01,-9.999977350234985352e-01,9.999992847442626953e-01,-9.999977946281433105e-01,9.999990463256835938e-01,-9.999979734420776367e-01,9.999983906745910645e-01,-9.999966025352478027e-01,-9.999985098838806152e-01,9.999976158142089844e-01,9.999966621398925781e-01,-9.999985694885253906e-01,9.999968409538269043e-01,-9.999975562095642090e-01,-9.999964833259582520e-01,-9.999991059303283691e-01
-9.999967217445373535e-01,9.999975562095642090e-01,9.999931454658508301e-01,-9.999979138374328613e-01,-9.999978542327880859e-01,9.999967813491821289e-01,9.999687075614929199e-01,-9.999979734420776367e-01,9.999952316284179688e-01,-9.999924898147583008e-01,-9.998855590820312500e-01,9.999970197677612305e-01,-9.999976158142089844e-01,9.999537467956542969e-01,9.999843835830688477e-01,-9.999908208847045898e-01,-9.999959468841552734e-01,9.998290538787841797e-01,-9.999887347221374512e-01,9.999982714653015137e-01,9.999978542327880859e-01,-9.999853968620300293e-01,-9.999883174896240234e-01,-9.999927878379821777e-01,9.999960064888000488e-01,-9.999982118606567383e-01,9.999938011169433594e-01,9.999972581863403320e-01,-9.999449849128723145e-01,-9.999929666519165039e-01,9.999974966049194336e-01,9.999972581863403320e-01,-9.999972581863403320e-01,-9.999953508377075195e-01,9.999942779541015625e-01,9.999876022338867188e-01,-9.999973773956298828e-01,-9.999980330467224121e-01,-9.999938607215881348e-01,9.999975562095642090e-01,-9.999975562095642090e-01,9.999880790710449219e-01,-9.999701380729675293e-01,-9.999976158142089844e-01,-9.999944567680358887e-01,-9.999975562095642090e-01,-9.999914765357971191e-01,-9.999660253524780273e-01,-9.999976754188537598e-01,9.999977350234985352e-01,9.999970197677612305e-01,9.999923706054687500e-01,9.999967813491821289e-01,-9.997407197952270508e-01,9.999959468841552734e-01,-9.999884366989135742e-01,9.999937415122985840e-01,9.999931454658508301e-01,-9.999970197677612305e-01,9.999531507492065430e-01,9.999716877937316895e-01,-9.999961853027343750e-01,-9.999977350234985352e-01,9.999756813049316406e-01,-9.999959468841552734e-01,9.999974966049194336e-01,9.999981522560119629e-01,9.999848008155822754e-01,9.999958276748657227e-01,-9.999979734420776367e-01,9.999958872795104980e-01,-9.999957680702209473e-01,-9.999415874481201172e-01,9.999951124191284180e-01,-9.999789595603942871e-01,9.999932050704956055e-01,-9.999881386756896973e-01,-9.999939203262329102e-01,9.999950528144836426e-01,9.999975562095642090e-01,9.999941587448120117e-01,-9.999961853027343750e-01,9.999961853027343750e-01,-9.999907016754150391e-01,9.999979138374328613e-01,9.999651312828063965e-01,-9.999778270721435547e-01,-9.999935030937194824e-01,9.999814033508300781e-01,-9.999980330467224121e-01,9.999971985816955566e-01,-9.999951720237731934e-01,-9.999928474426269531e-01,9.999973773956298828e-01,-9.999977946281433105e-01,9.999962449073791504e-01,9.999938607215881348e-01,-9.999973773956298828e-01,9.999964833259582520e-01,-9.999810457229614258e-01,9.999970197677612305e-01,-9.999949336051940918e-01,9.999958872795104980e-01,-9.999863505363464355e-01,-9.999904036521911621e-01,-9.999803900718688965e-01,9.999778270721435547e-01,9.999898076057434082e-01,9.999948740005493164e-01,-9.999970793724060059e-01,9.999929070472717285e-01,-9.999948143959045410e-01,9.999945759773254395e-01,9.999948740005493164e-01,-9.999982118606567383e-01,9.999949932098388672e-01,-9.999976754188537598e-01,9.999955892562866211e-01,-9.999964833259582520e-01,9.999923706054687500e-01,9.999965429306030273e-01,-9.999944567680358887e-01,-9.999922513961791992e-01,9.999966621398925781e-01,-9.999926686286926270e-01,9.999946355819702148e-01,9.999919533729553223e-01,9.999977946281433105e-01
9.999949336051940918e-01,-9.999962449073791504e-01,-9.999893307685852051e-01,9.999966025352478027e-01,9.999966025352478027e-01,-9.999949932098388672e-01,-9.999511241912841797e-01,9.999967217445373535e-01,-9.999924898147583008e-01,9.999883174896240234e-01,9.998219609260559082e-01,-9.999954104423522949e-01,9.999963045120239258e-01,-9.999279379844665527e-01,-9.999756217002868652e-01,9.999855756759643555e-01,9.999938011169433594e-01,-9.997339844703674316e-01,9.999825358390808105e-01,-9.999971985816955566e-01,-9.999965429306030273e-01,9.999772310256958008e-01,9.999817609786987305e-01,9.999886751174926758e-01,-9.999938011169433594e-01,9.999971389770507812e-01,-9.999904036521911621e-01,-9.999959468841552734e-01,9.999145269393920898e-01,9.999890923500061035e-01,-9.999960064888000488e-01,-9.999956488609313965e-01,9.999957680702209473e-01,9.999926090240478516e-01,-9.999911189079284668e-01,-9.999805688858032227e-01,9.999959468841552734e-01,9.999969005584716797e-01,9.999903440475463867e-01,-9.999960660934448242e-01,9.999960660934448242e-01,-9.999813437461853027e-01,9.999533891677856445e-01,9.999963045120239258e-01,9.999913573265075684e-01,9.999963045120239258e-01,9.999865889549255371e-01,9.999471306800842285e-01,9.999964237213134766e-01,-9.999964833259582520e-01,-9.999953508377075195e-01,-9.999880790710449219e-01,-9.999951124191284180e-01,9.995966553688049316e-01,-9.999938011169433594e-01,9.999819993972778320e-01,-9.999902844429016113e-01,-9.999893903732299805e-01,9.999954700469970703e-01,-9.999269843101501465e-01,-9.999556541442871094e-01,9.999941587448120117e-01,9.999964833259582520e-01,-9.999619126319885254e-01,9.999935626983642578e-01,-9.999960660934448242e-01,-9.999969601631164551e-01,-9.999763965606689453e-01,-9.999935030937194824e-01,9.999968409538269043e-01,-9.999936223030090332e-01,9.999933242797851562e-01,9.999090433120727539e-01,-9.999924302101135254e-01,9.999671578407287598e-01,-9.999894499778747559e-01,9.999814629554748535e-01,9.999904632568359375e-01,-9.999921917915344238e-01,-9.999961256980895996e-01,-9.999908208847045898e-01,9.999942183494567871e-01,-9.999941587448120117e-01,9.999855756759643555e-01,-9.999966621398925781e-01,-9.999456405639648438e-01,9.999653100967407227e-01,9.999897480010986328e-01,-9.999709725379943848e-01,9.999969005584716797e-01,-9.999956488609313965e-01,9.999923110008239746e-01,9.999887943267822266e-01,-9.999959468841552734e-01,9.999964833259582520e-01,-9.999942779541015625e-01,-9.999903440475463867e-01,9.999957680702209473e-01,-9.999944567680358887e-01,9.999704957008361816e-01,-9.999954104423522949e-01,9.999921321868896484e-01,-9.999933838844299316e-01,9.999787807464599609e-01,9.999849200248718262e-01,9.999694228172302246e-01,-9.999654293060302734e-01,-9.999839067459106445e-01,-9.999921321868896484e-01,9.999954700469970703e-01,-9.999889731407165527e-01,9.999918937683105469e-01,-9.999916553497314453e-01,-9.999920129776000977e-01,9.999971985816955566e-01,-9.999921917915344238e-01,9.999964237213134766e-01,-9.999930858612060547e-01,9.999944567680358887e-01,-9.999881386756896973e-01,-9.999946951866149902e-01,9.999912381172180176e-01,9.999879598617553711e-01,-9.999948143959045410e-01,9.999886155128479004e-01,-9.999915361404418945e-01,-9.999875426292419434e-01,-9.999964237213134766e-01
9.999239444732666016e-01,-9.999434351921081543e-01,-9.998376965522766113e-01,9.999495148658752441e-01,9.999493956565856934e-01,-9.999247193336486816e-01,-9.992569684982299805e-01,9.999511837959289551e-01,-9.998855590820312500e-01,9.998219609260559082e-01,9.973019361495971680e-01,-9.999297261238098145e-01,9.999446272850036621e-01,-9.989075064659118652e-01,-9.996302127838134766e-01,9.997804760932922363e-01,9.999057054519653320e-01,-9.959737658500671387e-01,9.997338056564331055e-01,-9.999590516090393066e-01,-9.999483227729797363e-01,9.996538162231445312e-01,9.997214078903198242e-01,9.998294115066528320e-01,-9.999045729637145996e-01,9.999585747718811035e-01,-9.998537302017211914e-01,-9.999384880065917969e-01,9.987034201622009277e-01,9.998338818550109863e-01,-9.999400377273559570e-01,-9.999333620071411133e-01,9.999355673789978027e-01,9.998877644538879395e-01,-9.998645782470703125e-01,-9.997045397758483887e-01,9.999377727508544922e-01,9.999526143074035645e-01,9.998530149459838867e-01,-9.999429583549499512e-01,9.999412298202514648e-01,-9.997160434722900391e-01,9.992939233779907227e-01,9.999442100524902344e-01,9.998681545257568359e-01,9.999448060989379883e-01,9.997965097427368164e-01,9.991978406906127930e-01,9.999462962150573730e-01,-9.999477267265319824e-01,-9.999301433563232422e-01,-9.998190402984619141e-01,-9.999252557754516602e-01,9.939060211181640625e-01,-9.999054074287414551e-01,9.997263550758361816e-01,-9.998523592948913574e-01,-9.998381733894348145e-01,9.999304413795471191e-01,-9.988924860954284668e-01,-9.993273019790649414e-01,9.999112486839294434e-01,9.999473690986633301e-01,-9.994217157363891602e-01,9.999036788940429688e-01,-9.999414086341857910e-01,-9.999541640281677246e-01,-9.996409416198730469e-01,-9.998999834060668945e-01,9.999512434005737305e-01,-9.999026656150817871e-01,9.998988509178161621e-01,9.986208081245422363e-01,-9.998845458030700684e-01,9.995015263557434082e-01,-9.998397827148437500e-01,9.997189044952392578e-01,9.998559951782226562e-01,-9.998808503150939941e-01,-9.999418258666992188e-01,-9.998596906661987305e-01,9.999116063117980957e-01,-9.999111294746398926e-01,9.997802972793579102e-01,-9.999503493309020996e-01,-9.991747736930847168e-01,9.994746446609497070e-01,9.998440146446228027e-01,-9.995586872100830078e-01,9.999534487724304199e-01,-9.999346137046813965e-01,9.998832345008850098e-01,9.998309016227722168e-01,-9.999393224716186523e-01,9.999483823776245117e-01,-9.999126791954040527e-01,-9.998519420623779297e-01,9.999369382858276367e-01,-9.999153017997741699e-01,9.995515346527099609e-01,-9.999307394027709961e-01,9.998800754547119141e-01,-9.998998641967773438e-01,9.996773004531860352e-01,9.997726678848266602e-01,9.995344877243041992e-01,-9.994751214981079102e-01,-9.997571110725402832e-01,-9.998802542686462402e-01,9.999313354492187500e-01,-9.998323917388916016e-01,9.998764991760253906e-01,-9.998717308044433594e-01,-9.998784661293029785e-01,9.999582171440124512e-01,-9.998825192451477051e-01,9.999459385871887207e-01,-9.998943209648132324e-01,9.999155402183532715e-01,-9.998199343681335449e-01,-9.999191164970397949e-01,9.998670816421508789e-01,9.998170733451843262e-01,-9.999218583106994629e-01,9.998267889022827148e-01,-9.998714923858642578e-01,-9.998087286949157715e-01,-9.999465942382812500e-01
-9.999979734420776367e-01,9.999985098838806152e-01,9.999957084655761719e-01,-9.999986886978149414e-01,-9.999986886978149414e-01,9.999980330467224121e-01,9.999807476997375488e-01,-9.999986290931701660e-01,9.999970197677612305e-01,-9.999954104423522949e-01,-9.999297261238098145e-01,9.999981522560119629e-01,-9.999985694885253906e-01,9.999715685844421387e-01,9.999903440475463867e-01,-9.999943375587463379e-01,-9.999974966049194336e-01,9.998950958251953125e-01,-9.999930858612060547e-01,9.999988675117492676e-01,9.999986290931701660e-01,-9.999909400939941406e-01,-9.999927878379821777e-01,-9.999955296516418457e-01,9.999974966049194336e-01,-9.999988675117492676e-01,9.999961256980895996e-01,9.999982714653015137e-01,-9.999662637710571289e-01,-9.999957084655761719e-01,9.999984502792358398e-01,9.999982714653015137e-01,-9.999983310699462891e-01,-9.999970793724060059e-01,9.999963045120239258e-01,9.999923706054687500e-01,-9.999983906745910645e-01,-9.999987483024597168e-01,-9.999961256980895996e-01,9.999985098838806152e-01,-9.999983906745910645e-01,9.999926686286926270e-01,-9.999816417694091797e-01,-9.999985098838806152e-01,-9.999965429306030273e-01,-9.999985694885253906e-01,-9.999946951866149902e-01,-9.999791383743286133e-01,-9.999985694885253906e-01,9.999986290931701660e-01,9.999980330467224121e-01,9.999952912330627441e-01,9.999979138374328613e-01,-9.998410344123840332e-01,9.999974370002746582e-01,-9.999927878379821777e-01,9.999961256980895996e-01,9.999958276748657227e-01,-9.999980926513671875e-01,9.999712705612182617e-01,9.999826550483703613e-01,-9.999976754188537598e-01,-9.999986290931701660e-01,9.999850988388061523e-01,-9.999973177909851074e-01,9.999984502792358398e-01,9.999988675117492676e-01,9.999907016754150391e-01,9.999973773956298828e-01,-9.999988079071044922e-01,9.999974370002746582e-01,-9.999972581863403320e-01,-9.999641776084899902e-01,9.999969601631164551e-01,-9.999870061874389648e-01,9.999957680702209473e-01,-9.999927282333374023e-01,-9.999961853027343750e-01,9.999968409538269043e-01,9.999984502792358398e-01,9.999963045120239258e-01,-9.999976158142089844e-01,9.999976754188537598e-01,-9.999942779541015625e-01,9.999986886978149414e-01,9.999786615371704102e-01,-9.999864101409912109e-01,-9.999959468841552734e-01,9.999885559082031250e-01,-9.999987483024597168e-01,9.999982714653015137e-01,-9.999969601631164551e-01,-9.999955296516418457e-01,9.999983310699462891e-01,-9.999985694885253906e-01,9.999976158142089844e-01,9.999962449073791504e-01,-9.999983310699462891e-01,9.999978542327880859e-01,-9.999883770942687988e-01,9.999980926513671875e-01,-9.999968409538269043e-01,9.999974370002746582e-01,-9.999915957450866699e-01,-9.999940395355224609e-01,-9.999879598617553711e-01,9.999864101409912109e-01,9.999936223030090332e-01,9.999967813491821289e-01,-9.999982118606567383e-01,9.999955892562866211e-01,-9.999966621398925781e-01,9.999966025352478027e-01,9.999967217445373535e-01,-9.999988079071044922e-01,9.999968409538269043e-01,-9.999985694885253906e-01,9.999971985816955566e-01,-9.999977946281433105e-01,9.999952912330627441e-01,9.999977946281433105e-01,-9.999964833259582520e-01,-9.999952316284179688e-01,9.999979138374328613e-01,-9.999954700469970703e-01,9.999966025352478027e-01,9.999951124191284180e-01,9.999985694885253906e-01
