3.758634328842163086e-01,2.378515899181365967e-03,-2.274082042276859283e-02,-6.740923225879669189e-02,2.846486568450927734e-01,-2.656726241111755371e-01,1.069649532437324524e-01,3.899149596691131592e-01,1.211088523268699646e-01,7.977350056171417236e-02,-1.903698146343231201e-01,-1.119174957275390625e-01,-6.969060003757476807e-02,5.013638362288475037e-02,6.697823107242584229e-02,2.384460866451263428e-01,3.175345016643404961e-03,-8.259190246462821960e-03,-6.521434988826513290e-03,-7.876484096050262451e-02,-1.374551355838775635e-01,-2.746717818081378937e-02,-7.614284753799438477e-02,8.007192611694335938e-02,2.241863496601581573e-02,1.682068109512329102e-01,-1.370980963110923767e-02,-3.023019731044769287e-01,6.235684081912040710e-02,-9.104740619659423828e-02,-1.278479695320129395e-01,-8.855804055929183960e-02,-1.846709847450256348e-02,4.557708650827407837e-02,-1.494377758353948593e-02,-9.878621250391006470e-02,7.032271474599838257e-02,8.200471103191375732e-02,-2.672993540763854980e-01,-3.302866816520690918e-01,2.365376651287078857e-01,1.184617131948471069e-01,-4.153684712946414948e-03,2.901708148419857025e-02,-1.060171350836753845e-01,1.498542726039886475e-01,-7.291166484355926514e-02,-1.037984788417816162e-01,9.892299771308898926e-02,-7.285421248525381088e-03,-1.857292205095291138e-01,-1.000562459230422974e-01,2.926058769226074219e-01,-3.342521935701370239e-02,-4.367196187376976013e-02,-1.908397078514099121e-01,1.408566534519195557e-01,5.524636711925268173e-03,6.526544690132141113e-02,-4.997563548386096954e-03,-1.365150064229965210e-01,-1.889573642984032631e-03,1.161777108791284263e-04,2.475059330463409424e-01,8.206651359796524048e-02,-1.959440298378467560e-02,-2.625008821487426758e-01,1.910012960433959961e-01,-1.045890301465988159e-01,2.710672914981842041e-01,-2.427195310592651367e-01,2.207016348838806152e-01,8.750906214118003845e-03,5.405944958329200745e-02,-2.204913794994354248e-01,-2.074542492628097534e-01,5.667588557116687298e-04,7.560033351182937622e-02,-4.189137741923332214e-02,-1.239262744784355164e-01,1.435399651527404785e-01,1.549191074445843697e-04,-1.816941350698471069e-01,-1.317392685450613499e-03,-3.519801795482635498e-01,4.903854802250862122e-02,2.238265722990036011e-01,3.008756320923566818e-03,-6.240972876548767090e-02,1.557062417268753052e-01,-1.876319646835327148e-01,1.696853339672088623e-01,3.471690416336059570e-02,-9.617287665605545044e-02,-1.392037719488143921e-01,-3.313626348972320557e-01,1.288215219974517822e-01,-2.664443854882847518e-05,-1.808535754680633545e-01,2.550934553146362305e-01,-2.651034593582153320e-01,3.075923621654510498e-01,-9.764251112937927246e-02,-1.319660842418670654e-01,2.352872304618358612e-02,2.108855396509170532e-01,3.063638694584369659e-02,2.481223642826080322e-02,-3.634772598743438721e-01,4.339354112744331360e-03,3.513228148221969604e-02,7.923530787229537964e-02,-3.911154344677925110e-02,-4.235004540532827377e-03,1.435831934213638306e-01,-9.577611088752746582e-02,3.089121580123901367e-01,-5.840352550148963928e-02,-2.318966388702392578e-01,1.313752029091119766e-02,-9.509143978357315063e-02,1.396280378103256226e-01,1.539954990148544312e-01,1.533900499343872070e-01,-1.111872047185897827e-01,3.111669793725013733e-02,2.481314167380332947e-02,1.021631285548210144e-01
2.378515899181365967e-03,9.717372246086597443e-03,-8.537256717681884766e-02,6.694572418928146362e-02,4.855607077479362488e-02,-1.056495681405067444e-02,3.471090691164135933e-03,2.495944127440452576e-02,5.116225033998489380e-02,5.350322648882865906e-02,-1.206165365874767303e-02,-4.004810005426406860e-02,6.519524753093719482e-02,6.627330929040908813e-02,7.911892235279083252e-02,8.747696131467819214e-02,-1.719239982776343822e-03,4.428921267390251160e-02,-7.885834574699401855e-02,-5.667184665799140930e-02,-4.771170392632484436e-02,6.517362594604492188e-02,5.692671984434127808e-02,-8.407741785049438477e-03,1.067893300205469131e-02,7.778370380401611328e-02,-8.012069016695022583e-02,-2.882454544305801392e-02,7.998473942279815674e-02,-1.537410728633403778e-02,1.813805662095546722e-02,-9.399731457233428955e-02,6.187037751078605652e-02,6.113758683204650879e-02,-2.519261324778199196e-03,-8.718406409025192261e-02,5.574478581547737122e-02,7.398873567581176758e-02,-6.340582668781280518e-02,-5.079445615410804749e-02,7.474273443222045898e-02,1.572582125663757324e-02,8.246533572673797607e-02,2.250190824270248413e-02,-2.581461146473884583e-02,-6.202949211001396179e-02,-8.171745389699935913e-02,-2.278674207627773285e-02,-1.226191176101565361e-03,3.267224645242094994e-03,-1.676227780990302563e-03,2.110286150127649307e-03,4.981381073594093323e-02,2.541652880609035492e-03,-2.341063227504491806e-03,-9.119960665702819824e-02,3.410438820719718933e-02,4.316246602684259415e-03,-6.927180290222167969e-02,-7.141356170177459717e-02,-5.863945931196212769e-03,-2.977821859531104565e-04,1.858955132775008678e-03,4.577634111046791077e-02,8.280716836452484131e-03,-2.374224364757537842e-02,2.259775251150131226e-02,8.355178683996200562e-02,-8.299226313829421997e-02,2.420490235090255737e-02,-6.791904568672180176e-02,-7.959447801113128662e-03,-2.899629808962345123e-02,7.806925475597381592e-02,-3.217549249529838562e-02,-8.001977950334548950e-02,-5.377009510993957520e-04,9.212356805801391602e-02,-8.235679939389228821e-03,-7.664343714714050293e-02,8.724658936262130737e-02,1.535785850137472153e-04,-7.401715219020843506e-02,-4.753978864755481482e-04,-7.320646196603775024e-02,-8.286605775356292725e-02,3.805838525295257568e-02,1.407559262588620186e-03,6.332422047853469849e-02,5.974344536662101746e-02,-1.587844640016555786e-02,-3.527209162712097168e-02,-7.090122252702713013e-02,1.553492806851863861e-02,-7.725662738084793091e-02,2.800795948132872581e-03,6.054214760661125183e-02,-4.832557806366821751e-06,-6.322944164276123047e-02,5.858667939901351929e-02,-2.809490449726581573e-02,4.347029328346252441e-02,-8.791611343622207642e-02,-7.263135164976119995e-02,9.847529977560043335e-02,1.529268827289342880e-02,-7.811155170202255249e-02,-8.327178657054901123e-02,-1.979181542992591858e-02,-2.809035358950495720e-03,5.941862985491752625e-02,-6.683648377656936646e-02,-8.148702234029769897e-02,-6.744052283465862274e-03,8.630301803350448608e-02,-8.028239756822586060e-02,3.981903940439224243e-02,3.627616912126541138e-02,-8.213751018047332764e-02,4.092992097139358521e-02,5.718928202986717224e-02,7.042692601680755615e-02,7.275280356407165527e-02,-5.143123492598533630e-02,-5.200623348355293274e-02,-5.493511259555816650e-02,6.306983996182680130e-04,5.839698016643524170e-02
-2.274082042276859283e-02,-8.537256717681884766e-02,7.705163359642028809e-01,-6.508786082267761230e-01,-4.526894986629486084e-01,5.310590565204620361e-02,-7.670196145772933960e-02,-2.676843702793121338e-01,-4.494286775588989258e-01,-5.262830257415771484e-01,1.465350687503814697e-01,4.062067568302154541e-01,-5.485788583755493164e-01,-6.511836051940917969e-01,-7.313927412033081055e-01,-7.325152754783630371e-01,1.533547695726156235e-02,-3.832899332046508789e-01,7.193986177444458008e-01,5.839009881019592285e-01,4.331726729869842529e-01,-6.458014845848083496e-01,-5.714007019996643066e-01,8.756240457296371460e-02,-1.065445393323898315e-01,-6.489217877388000488e-01,7.147783041000366211e-01,2.320961803197860718e-01,-7.308030724525451660e-01,1.559099256992340088e-01,-1.545911431312561035e-01,8.033226728439331055e-01,-5.609244108200073242e-01,-6.477812528610229492e-01,2.789148129522800446e-02,7.471178770065307617e-01,-5.333982110023498535e-01,-6.943869590759277344e-01,5.430073738098144531e-01,5.217576026916503906e-01,-6.575231552124023438e-01,-1.623762100934982300e-01,-7.263004779815673828e-01,-2.261216640472412109e-01,2.298995405435562134e-01,5.678918957710266113e-01,7.538648247718811035e-01,2.228767573833465576e-01,6.234938278794288635e-03,6.771156191825866699e-02,3.171332553029060364e-02,2.976920269429683685e-02,-4.922817051410675049e-01,-9.376027621328830719e-03,2.434862218797206879e-02,7.931765317916870117e-01,-3.765598833560943604e-01,-4.341509193181991577e-02,6.083220839500427246e-01,6.709970831871032715e-01,8.447711169719696045e-02,-1.419395674020051956e-02,-1.794950477778911591e-02,-4.271505475044250488e-01,-6.588100641965866089e-02,2.260716259479522705e-01,-1.400669664144515991e-01,-7.217041254043579102e-01,7.415514588356018066e-01,-2.166507989168167114e-01,6.453714370727539062e-01,9.802545607089996338e-02,2.898198962211608887e-01,-7.270457148551940918e-01,2.723968029022216797e-01,7.059348821640014648e-01,4.518653731793165207e-03,-8.099598884582519531e-01,9.187384694814682007e-02,7.081236243247985840e-01,-7.811992168426513672e-01,-1.570549909956753254e-03,6.884772777557373047e-01,5.519513506442308426e-03,6.392247080802917480e-01,7.300345897674560547e-01,-3.855216503143310547e-01,-1.338165439665317535e-02,-5.597571134567260742e-01,-6.032086610794067383e-01,1.643898040056228638e-01,3.018271028995513916e-01,6.448157429695129395e-01,-1.421932280063629150e-01,7.081170082092285156e-01,1.320906332693994045e-03,-5.718181729316711426e-01,5.183029497857205570e-05,5.948929190635681152e-01,-5.374686121940612793e-01,3.537142872810363770e-01,-4.062901139259338379e-01,7.722378373146057129e-01,6.807769536972045898e-01,-8.338656425476074219e-01,-2.462575286626815796e-01,6.748528480529785156e-01,7.188091874122619629e-01,1.804778128862380981e-01,2.589198574423789978e-02,-5.630599260330200195e-01,6.560575962066650391e-01,7.359645962715148926e-01,-4.824454709887504578e-02,-7.637331485748291016e-01,7.254224419593811035e-01,-3.672405481338500977e-01,-3.654730618000030518e-01,7.409350872039794922e-01,-4.069222509860992432e-01,-5.217271447181701660e-01,-6.619099974632263184e-01,-6.730881929397583008e-01,4.342346489429473877e-01,5.709566473960876465e-01,5.457180738449096680e-01,-1.733873225748538971e-02,-5.789349079132080078e-01
-6.740923225879669189e-02,6.694572418928146362e-02,-6.508786082267761230e-01,6.843606829643249512e-01,2.337873429059982300e-01,7.038646191358566284e-02,5.042784288525581360e-02,6.334490329027175903e-02,3.671017885208129883e-01,4.250268936157226562e-01,-1.830607652664184570e-01,-3.101023435592651367e-01,3.577212691307067871e-01,5.828641057014465332e-01,6.106390953063964844e-01,4.887827336788177490e-01,-9.679439477622509003e-03,3.080307543277740479e-01,-6.775497794151306152e-01,-4.774630665779113770e-01,-4.595724344253540039e-01,5.836133360862731934e-01,5.175599455833435059e-01,-7.597045600414276123e-02,8.730170130729675293e-02,3.967989981174468994e-01,-5.254192352294921875e-01,4.238305985927581787e-02,5.273172855377197266e-01,1.336311083287000656e-02,1.265356689691543579e-01,-6.938324570655822754e-01,5.957219600677490234e-01,5.312601923942565918e-01,-8.808844722807407379e-03,-5.334233045578002930e-01,3.960808217525482178e-01,5.462808012962341309e-01,-2.483374625444412231e-01,-4.577088654041290283e-01,5.388730764389038086e-01,1.700059473514556885e-01,5.661846399307250977e-01,1.746610105037689209e-01,-2.653195858001708984e-01,-3.785277903079986572e-01,-6.700821518898010254e-01,-1.919215321540832520e-01,-2.720005111768841743e-03,-2.106455713510513306e-02,1.493614912033081055e-02,8.888959884643554688e-02,4.431020617485046387e-01,-2.643427066504955292e-02,1.031009554862976074e-01,-6.016761064529418945e-01,3.227025270462036133e-01,3.278185799717903137e-02,-5.176712274551391602e-01,-6.433506011962890625e-01,-1.096099466085433960e-01,8.669745177030563354e-02,2.014244161546230316e-02,2.845580279827117920e-01,8.770110458135604858e-02,-1.822004318237304688e-01,1.185348704457283020e-01,5.080791115760803223e-01,-5.884425640106201172e-01,-3.324581310153007507e-02,-4.576496183872222900e-01,4.666572064161300659e-02,-3.182762563228607178e-01,6.244243979454040527e-01,-2.151157408952713013e-01,-5.475818514823913574e-01,-1.930322148837149143e-03,6.382988691329956055e-01,-2.526638507843017578e-01,-5.615942478179931641e-01,7.054136395454406738e-01,1.283541438169777393e-03,-4.868600368499755859e-01,-1.702496199868619442e-03,-4.656249582767486572e-01,-5.978751778602600098e-01,1.338259130716323853e-01,7.430537603795528412e-03,4.005487859249114990e-01,4.499276876449584961e-01,-1.389658302068710327e-01,-4.157819449901580811e-01,-6.088587045669555664e-01,1.921814978122711182e-01,-6.195489764213562012e-01,1.220969557762145996e-01,4.116428494453430176e-01,-3.776993617066182196e-05,-3.788926005363464355e-01,3.560968339443206787e-01,-1.739288419485092163e-01,1.398233920335769653e-01,-6.956923604011535645e-01,-5.095290541648864746e-01,7.258923053741455078e-01,3.483388423919677734e-01,-7.277342677116394043e-01,-5.557383298873901367e-01,2.900285460054874420e-02,-2.671951055526733398e-02,5.502080321311950684e-01,-6.602806448936462402e-01,-6.599698066711425781e-01,1.696256697177886963e-01,5.995074510574340820e-01,-5.984500646591186523e-01,1.034738421440124512e-01,3.104375898838043213e-01,-5.801732540130615234e-01,4.072982966899871826e-01,4.356828629970550537e-01,5.891585350036621094e-01,5.589907169342041016e-01,-4.098594486713409424e-01,-4.615834653377532959e-01,-5.214191079139709473e-01,-1.348340301774442196e-03,4.424791336059570312e-01
2.846486568450927734e-01,4.855607077479362488e-02,-4.526894986629486084e-01,2.337873429059982300e-01,5.366845130920410156e-01,-2.693242728710174561e-01,1.144073531031608582e-01,5.227417945861816406e-01,2.803100943565368652e-01,3.232761621475219727e-01,-1.543173044919967651e-01,-3.005610108375549316e-01,3.327502310276031494e-01,3.305503427982330322e-01,4.464547336101531982e-01,6.867176890373229980e-01,-8.539004251360893250e-03,2.315208166837692261e-01,-3.676814734935760498e-01,-3.368603587150573730e-01,-2.021854817867279053e-01,2.917324602603912354e-01,2.185679376125335693e-01,8.367172442376613617e-03,6.789264827966690063e-02,5.877889990806579590e-01,-4.523443877696990967e-01,-4.869512617588043213e-01,5.484267473220825195e-01,-2.384201735258102417e-01,2.221806207671761513e-03,-5.026249885559082031e-01,2.003844678401947021e-01,3.745437264442443848e-01,-3.444128856062889099e-02,-5.624571442604064941e-01,3.579217195510864258e-01,4.583500027656555176e-01,-6.720700263977050781e-01,-4.626142978668212891e-01,5.339912176132202148e-01,1.283111274242401123e-01,4.424337148666381836e-01,1.456028819084167480e-01,-1.174029856920242310e-01,-2.941654026508331299e-01,-4.619291126728057861e-01,-1.809524446725845337e-01,4.708530008792877197e-02,-4.321629181504249573e-02,-1.542853862047195435e-01,-1.722696721553802490e-01,4.063854813575744629e-01,8.949728682637214661e-03,-1.361548155546188354e-01,-6.490880846977233887e-01,2.785563468933105469e-01,2.903690002858638763e-02,-2.876498103141784668e-01,-3.180106282234191895e-01,-8.621405810117721558e-02,-6.992715597152709961e-02,4.945874214172363281e-03,4.189578890800476074e-01,6.584706902503967285e-02,-1.348347365856170654e-01,-6.961806863546371460e-02,6.127638816833496094e-01,-4.999310076236724854e-01,4.460569918155670166e-01,-5.849439501762390137e-01,-1.620724610984325409e-02,-6.837950646877288818e-02,4.318180680274963379e-01,-2.896882891654968262e-01,-5.722213983535766602e-01,-3.368353238329291344e-03,5.691454410552978516e-01,4.120171070098876953e-02,-4.906150698661804199e-01,5.186731219291687012e-01,9.089763625524938107e-04,-5.651180148124694824e-01,-5.683382041752338409e-03,-6.518387794494628906e-01,-4.063608050346374512e-01,4.702099263668060303e-01,1.177853904664516449e-02,2.896280288696289062e-01,4.503349363803863525e-01,-2.122620344161987305e-01,6.824769824743270874e-02,-2.794506847858428955e-01,-5.147166922688484192e-02,-4.732880890369415283e-01,-2.839972078800201416e-01,4.514833986759185791e-01,-4.792151958099566400e-05,-5.108366012573242188e-01,5.305300951004028320e-01,-4.261416792869567871e-01,5.534505844116210938e-01,-4.776987135410308838e-01,-5.023989081382751465e-01,5.104577541351318359e-01,1.600561887025833130e-01,-2.563762068748474121e-01,-4.491878747940063477e-01,-4.507668018341064453e-01,-4.655257333070039749e-03,2.282005548477172852e-01,-2.220055311918258667e-01,-4.218956828117370605e-01,-9.709567576646804810e-02,5.934308767318725586e-01,-4.666875302791595459e-01,5.284216403961181641e-01,1.646327227354049683e-01,-6.148622632026672363e-01,1.633521169424057007e-01,2.349866926670074463e-01,4.164004921913146973e-01,4.516223669052124023e-01,-1.064497679471969604e-01,-3.595273792743682861e-01,-1.994929015636444092e-01,2.895759604871273041e-02,4.006727635860443115e-01
-2.656726241111755371e-01,-1.056495681405067444e-02,5.310590565204620361e-02,7.038646191358566284e-02,-2.693242728710174561e-01,2.615003883838653564e-01,-4.935349896550178528e-02,-3.069982528686523438e-01,-1.425355523824691772e-01,-8.265451341867446899e-02,9.620642662048339844e-02,1.017538756132125854e-01,-5.268211662769317627e-02,-3.427680954337120056e-02,-7.480110973119735718e-02,-2.729899883270263672e-01,5.546295142266899347e-05,-5.235987156629562378e-02,2.881421521306037903e-02,5.962679162621498108e-02,8.148526400327682495e-02,5.983540788292884827e-03,5.368078500032424927e-02,-4.337183013558387756e-02,-2.123530209064483643e-02,-2.523715794086456299e-01,7.766254991292953491e-02,3.136547207832336426e-01,-1.032954677939414978e-01,1.010412722826004028e-01,7.283250242471694946e-02,1.099925339221954346e-01,1.728384196758270264e-02,-2.301098033785820007e-02,1.438645459711551666e-02,1.659562289714813232e-01,-1.017624586820602417e-01,-1.112921312451362610e-01,3.021916151046752930e-01,1.955864876508712769e-01,-2.269759029150009155e-01,-6.280447542667388916e-02,-6.482240557670593262e-02,-2.993464656174182892e-02,6.818648427724838257e-02,-2.880349196493625641e-02,7.252208888530731201e-02,7.663022726774215698e-02,-7.126504927873611450e-02,-2.364464849233627319e-02,1.352325677871704102e-01,6.661038845777511597e-02,-1.945807635784149170e-01,8.742528967559337616e-03,6.559442728757858276e-02,1.911393553018569946e-01,-9.887588024139404297e-02,-6.732257083058357239e-03,1.517765410244464874e-02,1.710897311568260193e-02,7.105412334203720093e-02,3.724575415253639221e-02,1.151402131654322147e-03,-2.267983853816986084e-01,-6.440567970275878906e-02,3.279740735888481140e-02,1.286270767450332642e-01,-2.152659744024276733e-01,1.373265832662582397e-01,-2.726822495460510254e-01,2.195989340543746948e-01,-1.321377605199813843e-01,-1.209745369851589203e-02,-7.603466510772705078e-02,1.903446465730667114e-01,2.012290358543395996e-01,9.069616207852959633e-04,-1.112326830625534058e-01,-3.151355311274528503e-02,1.439642608165740967e-01,-1.220721080899238586e-01,-1.576693466631695628e-04,1.777575910091400146e-01,1.137325889430940151e-03,3.102625608444213867e-01,2.986487559974193573e-02,-2.078716903924942017e-01,-4.303711932152509689e-03,-5.231820419430732727e-02,-1.479312628507614136e-01,1.219706460833549500e-01,-1.290667355060577393e-01,1.054091285914182663e-02,7.293011993169784546e-02,1.376645863056182861e-01,2.398148328065872192e-01,-1.275997757911682129e-01,1.922002047649584711e-05,1.903026998043060303e-01,-2.585281729698181152e-01,1.965366154909133911e-01,-3.009732961654663086e-01,1.075475662946701050e-01,1.524821519851684570e-01,-7.935954630374908447e-02,-2.816024050116539001e-02,-2.633579261600971222e-02,8.001963794231414795e-02,3.207697570323944092e-01,-2.035263925790786743e-03,-2.839290909469127655e-02,-8.242204785346984863e-02,6.531142443418502808e-02,9.810022264719009399e-02,-1.509737521409988403e-01,1.129748150706291199e-01,-2.948532998561859131e-01,2.639147639274597168e-02,2.056906074285507202e-01,-4.627425689250230789e-03,1.886416412889957428e-02,-1.171682700514793396e-01,-1.342771947383880615e-01,-6.256485730409622192e-02,6.834426522254943848e-02,-2.224376238882541656e-02,-1.959632337093353271e-02,-1.039620935916900635e-01
1.069649532437324524e-01,3.471090691164135933e-03,-7.670196145772933960e-02,5.042784288525581360e-02,1.144073531031608582e-01,-4.935349896550178528e-02,8.692637830972671509e-02,1.467514038085937500e-01,2.939994819462299347e-02,7.644847780466079712e-02,-1.000331416726112366e-01,-6.353168934583663940e-02,-2.492001280188560486e-02,6.448104977607727051e-02,7.070754468441009521e-02,1.072356849908828735e-01,-2.379629877395927906e-04,2.661818871274590492e-03,-8.235761523246765137e-02,-9.288462251424789429e-02,-7.746813446283340454e-02,4.571036994457244873e-02,3.124840557575225830e-02,2.091058343648910522e-02,1.587983593344688416e-02,7.006543874740600586e-02,-5.188543349504470825e-02,-8.483233302831649780e-02,8.547420054674148560e-02,-6.107085570693016052e-02,-3.728907555341720581e-02,-8.637996017932891846e-02,5.099216848611831665e-02,9.335645288228988647e-02,-5.797956138849258423e-03,-6.512698531150817871e-02,5.383127927780151367e-02,7.844474911689758301e-02,-1.039614751935005188e-01,-1.761943250894546509e-01,1.192511767148971558e-01,5.588382855057716370e-02,4.221465066075325012e-02,2.751326002180576324e-02,-6.526521593332290649e-02,1.256710011512041092e-02,-9.153717011213302612e-02,-4.122273623943328857e-02,4.267079010605812073e-02,-3.117518685758113861e-02,-4.972931370139122009e-02,-5.328582599759101868e-02,1.457427442073822021e-01,-7.691239472478628159e-03,-8.890203200280666351e-03,-1.234437152743339539e-01,8.135467022657394409e-02,4.530552774667739868e-03,-2.199135161936283112e-02,-4.348124936223030090e-02,-7.522323727607727051e-02,1.640438102185726166e-02,1.587707200087606907e-03,1.187282949686050415e-01,2.667455188930034637e-02,-1.917770132422447205e-02,-1.059132143855094910e-01,1.009392961859703064e-01,-7.804860919713973999e-02,9.669245779514312744e-02,-1.388837248086929321e-01,5.881319567561149597e-02,-1.919179782271385193e-02,6.603784114122390747e-02,-8.824484050273895264e-02,-1.316359937191009521e-01,3.577672177925705910e-04,9.164139628410339355e-02,-3.486922755837440491e-02,-9.241557121276855469e-02,1.241927593946456909e-01,1.576170325279235840e-04,-1.095516607165336609e-01,-1.451703254133462906e-03,-1.596685498952865601e-01,-1.605494134128093719e-02,1.224695965647697449e-01,1.213541720062494278e-03,1.349906087853014469e-03,9.871018677949905396e-02,-8.003320544958114624e-02,2.990784496068954468e-02,-4.253949597477912903e-02,-6.764201447367668152e-03,-1.068237349390983582e-01,-1.190351918339729309e-01,7.359910011291503906e-02,-1.665395939198788255e-05,-8.286958932876586914e-02,1.133946031332015991e-01,-1.423878520727157593e-01,1.240116283297538757e-01,-8.431893587112426758e-02,-8.852543681859970093e-02,9.354725480079650879e-02,1.395967453718185425e-01,-5.741227790713310242e-02,-2.288965880870819092e-02,-1.174528971314430237e-01,-7.139269728213548660e-04,3.785677999258041382e-02,-6.514857709407806396e-02,-5.230089649558067322e-02,7.203966379165649414e-02,9.921071678400039673e-02,-8.319607377052307129e-02,1.016043201088905334e-01,1.148512121289968491e-02,-1.374702155590057373e-01,3.779794648289680481e-02,-9.993642568588256836e-03,1.071586459875106812e-01,9.231081604957580566e-02,4.751967638731002808e-02,-9.843624383211135864e-02,-3.677169978618621826e-02,1.235162187367677689e-02,1.045742258429527283e-01
3.899149596691131592e-01,2.495944127440452576e-02,-2.676843702793121338e-01,6.334490329027175903e-02,5.227417945861816406e-01,-3.069982528686523438e-01,1.467514038085937500e-01,6.505932807922363281e-01,1.571231484413146973e-01,2.122374475002288818e-01,-1.519140899181365967e-01,-2.619680464267730713e-01,1.759306341409683228e-01,2.044075578451156616e-01,3.051097691059112549e-01,5.679622292518615723e-01,-3.264763858169317245e-03,1.129736676812171936e-01,-1.583315134048461914e-01,-2.288130223751068115e-01,-5.803088843822479248e-02,1.535771489143371582e-01,7.116468995809555054e-02,3.428602963685989380e-02,4.914734140038490295e-02,4.564189016819000244e-01,-2.859614193439483643e-01,-5.368637442588806152e-01,4.363434016704559326e-01,-2.414625585079193115e-01,-7.493079453706741333e-02,-2.988536953926086426e-01,-1.083927787840366364e-02,2.899280190467834473e-01,-4.181373864412307739e-02,-4.104968011379241943e-01,2.591225504875183105e-01,3.226029574871063232e-01,-6.591400504112243652e-01,-4.454053044319152832e-01,4.028246998786926270e-01,1.132261082530021667e-01,2.565655708312988281e-01,1.121993064880371094e-01,-1.711811311542987823e-02,-1.497004479169845581e-01,-3.013253808021545410e-01,-1.640657782554626465e-01,5.764735862612724304e-02,-1.250850111246109009e-01,-2.203752100467681885e-01,-2.769034504890441895e-01,3.512569069862365723e-01,-1.174146123230457306e-02,-1.966116577386856079e-01,-5.193729400634765625e-01,2.595004737377166748e-01,2.369987219572067261e-02,-6.094873696565628052e-02,-1.500474661588668823e-01,-9.370318055152893066e-02,-1.001445055007934570e-01,-1.016425667330622673e-03,3.407150506973266602e-01,4.317937418818473816e-02,-8.524306118488311768e-02,-2.194466739892959595e-01,4.886968433856964111e-01,-3.485838174819946289e-01,5.011479258537292480e-01,-5.257905125617980957e-01,-2.990707196295261383e-02,3.069006651639938354e-02,2.899146974086761475e-01,-2.209779769182205200e-01,-4.302979707717895508e-01,-2.310665324330329895e-03,4.068480432033538818e-01,8.613889664411544800e-02,-3.506205081939697266e-01,3.461461067199707031e-01,6.909998483024537563e-04,-4.790897071361541748e-01,-6.287534255534410477e-03,-5.715031623840332031e-01,-2.259536832571029663e-01,4.859922826290130615e-01,1.093387603759765625e-02,9.795136749744415283e-02,3.875598907470703125e-01,-2.246238887310028076e-01,2.822419703006744385e-01,-7.139955461025238037e-02,-1.526002883911132812e-01,-3.178010582923889160e-01,-4.182825386524200439e-01,3.696901798248291016e-01,-4.740648000733926892e-05,-4.598959386348724365e-01,4.662964344024658203e-01,-4.990649819374084473e-01,5.806053876876831055e-01,-2.997282445430755615e-01,-3.930293023586273193e-01,2.686595022678375244e-01,1.943376362323760986e-01,-5.409939214587211609e-03,-2.599647343158721924e-01,-5.389765501022338867e-01,7.693077437579631805e-03,7.482002675533294678e-02,-3.369442373514175415e-02,-2.511014640331268311e-01,-7.514686137437820435e-02,4.659204781055450439e-01,-3.021315336227416992e-01,5.768698453903198242e-01,8.768127858638763428e-02,-5.053433179855346680e-01,5.031435936689376831e-02,7.934915274381637573e-02,2.734670042991638184e-01,3.183438777923583984e-01,9.364005923271179199e-02,-3.135487437248229980e-01,-4.659523814916610718e-02,4.303698614239692688e-02,2.956702709197998047e-01
1.211088523268699646e-01,5.116225033998489380e-02,-4.494286775588989258e-01,3.671017885208129883e-01,2.803100943565368652e-01,-1.425355523824691772e-01,2.939994819462299347e-02,1.571231484413146973e-01,4.300536811351776123e-01,3.370102047920227051e-01,-1.625398546457290649e-01,-2.634502053260803223e-01,2.514779269695281982e-01,4.201630055904388428e-01,4.544189274311065674e-01,5.140518546104431152e-01,-4.984646569937467575e-03,1.815899610519409180e-01,-4.702023565769195557e-01,-3.600788414478302002e-01,-4.529409706592559814e-01,3.906957805156707764e-01,2.689763605594635010e-01,-3.419375419616699219e-02,7.577257603406906128e-02,4.596090316772460938e-01,-4.236114621162414551e-01,-1.388327628374099731e-01,3.623137772083282471e-01,-3.119944222271442413e-02,1.977058127522468567e-02,-6.103216409683227539e-01,3.917344212532043457e-01,3.458376228809356689e-01,-1.017980463802814484e-02,-4.893752932548522949e-01,3.160780966281890869e-01,4.217259883880615234e-01,-2.951278686523437500e-01,-4.151635169982910156e-01,5.246101617813110352e-01,1.509433984756469727e-01,3.931516408920288086e-01,1.206151694059371948e-01,-2.613850235939025879e-01,-2.250024378299713135e-01,-4.552716314792633057e-01,-1.550536304712295532e-01,7.691095769405364990e-02,-1.646308414638042450e-02,-9.122836589813232422e-02,9.049627929925918579e-02,4.470082223415374756e-01,-3.800394758582115173e-02,6.775103509426116943e-02,-5.136594176292419434e-01,2.599472999572753906e-01,2.329681441187858582e-02,-3.422747552394866943e-01,-4.204030036926269531e-01,-1.426489651203155518e-01,8.181602507829666138e-02,1.359761226922273636e-02,3.516263365745544434e-01,1.161106303334236145e-01,-1.402049660682678223e-01,-1.928387396037578583e-02,4.603635370731353760e-01,-5.023716688156127930e-01,1.137961894273757935e-01,-4.012525975704193115e-01,1.803383827209472656e-01,-2.560589313507080078e-01,4.711877703666687012e-01,-2.705441117286682129e-01,-4.726782441139221191e-01,-1.784647931344807148e-03,4.927278459072113037e-01,-1.270677298307418823e-01,-4.940093457698822021e-01,5.628238916397094727e-01,9.310218156315386295e-04,-4.085153639316558838e-01,-1.954636827576905489e-04,-4.968417882919311523e-01,-4.070407748222351074e-01,1.763973683118820190e-01,6.708402186632156372e-03,3.642760515213012695e-01,3.794048130512237549e-01,-1.338124275207519531e-01,-2.225728631019592285e-01,-4.226436614990234375e-01,1.276195347309112549e-01,-5.048220157623291016e-01,-5.708606168627738953e-02,2.664112448692321777e-01,-3.232249582652002573e-05,-3.712829053401947021e-01,3.756256103515625000e-01,-2.082320451736450195e-01,2.890685498714447021e-01,-5.687212347984313965e-01,-4.238099753856658936e-01,5.653984546661376953e-01,1.802741885185241699e-01,-5.124607086181640625e-01,-4.143087863922119141e-01,-1.717684566974639893e-01,-2.315553091466426849e-02,4.855306148529052734e-01,-3.922522366046905518e-01,-4.764273464679718018e-01,7.931854575872421265e-02,4.331898093223571777e-01,-4.833289980888366699e-01,2.335380315780639648e-01,1.479170024394989014e-01,-4.961217939853668213e-01,2.866342663764953613e-01,2.162408232688903809e-01,4.846342504024505615e-01,4.575893282890319824e-01,-2.234408408403396606e-01,-3.566264510154724121e-01,-3.583780229091644287e-01,2.467330917716026306e-02,3.232679367065429688e-01
7.977350056171417236e-02,5.350322648882865906e-02,-5.262830257415771484e-01,4.250268936157226562e-01,3.232761621475219727e-01,-8.265451341867446899e-02,7.644847780466079712e-02,2.122374475002288818e-01,3.370102047920227051e-01,3.642334938049316406e-01,-1.500463336706161499e-01,-2.776747047901153564e-01,3.122347593307495117e-01,4.421886801719665527e-01,5.008734464645385742e-01,5.544655323028564453e-01,-8.622039109468460083e-03,2.204016745090484619e-01,-5.155584812164306641e-01,-4.017344713211059570e-01,-3.662823438644409180e-01,4.200921356678009033e-01,3.429301679134368896e-01,-4.194702580571174622e-02,7.550387829542160034e-02,4.753298461437225342e-01,-4.860920011997222900e-01,-1.733660101890563965e-01,4.917401075363159180e-01,-1.079176440834999084e-01,6.057625636458396912e-02,-6.155678629875183105e-01,3.949629068374633789e-01,4.340404570102691650e-01,-1.655465923249721527e-02,-5.336092114448547363e-01,3.477271199226379395e-01,4.711698889732360840e-01,-3.864706754684448242e-01,-4.282001852989196777e-01,5.089458823204040527e-01,1.354634612798690796e-01,4.719159007072448730e-01,1.445490419864654541e-01,-2.078350484371185303e-01,-3.299997746944427490e-01,-5.233030319213867188e-01,-1.536817997694015503e-01,3.993593528866767883e-02,-4.706342145800590515e-02,-5.562423169612884521e-02,-3.018700750544667244e-03,4.137483537197113037e-01,-7.603986654430627823e-03,8.422072045505046844e-03,-5.930424332618713379e-01,2.692467570304870605e-01,2.728925272822380066e-02,-3.873048126697540283e-01,-4.430712461471557617e-01,-1.108734980225563049e-01,4.040938243269920349e-02,1.248537842184305191e-02,3.439816832542419434e-01,7.219582051038742065e-02,-1.479102224111557007e-01,1.787362992763519287e-02,5.165486335754394531e-01,-5.282295942306518555e-01,1.636139303445816040e-01,-4.699573814868927002e-01,3.129313141107559204e-02,-2.131591588258743286e-01,5.016012191772460938e-01,-2.363886833190917969e-01,-5.261817574501037598e-01,-2.365567954257130623e-03,5.813638567924499512e-01,-8.670449256896972656e-02,-5.139164328575134277e-01,6.004418134689331055e-01,1.015566755086183548e-03,-4.806677401065826416e-01,-2.986386884003877640e-03,-5.131043791770935059e-01,-4.678166806697845459e-01,2.692733705043792725e-01,8.175087161362171173e-03,3.667517006397247314e-01,4.137378036975860596e-01,-1.381018161773681641e-01,-1.939090788364410400e-01,-4.376667141914367676e-01,1.046897396445274353e-01,-5.240477919578552246e-01,-5.828715860843658447e-02,3.523320853710174561e-01,-3.865389953716658056e-05,-4.047994315624237061e-01,3.929620087146759033e-01,-2.698567807674407959e-01,3.175579309463500977e-01,-5.751627683639526367e-01,-4.690867364406585693e-01,6.291086077690124512e-01,2.075771689414978027e-01,-5.095034241676330566e-01,-4.723205268383026123e-01,-1.689928174018859863e-01,-1.925005018711090088e-02,4.190942645072937012e-01,-4.502809643745422363e-01,-5.023340582847595215e-01,7.846977561712265015e-02,5.306815505027770996e-01,-5.141342282295227051e-01,2.660790085792541504e-01,2.070082873106002808e-01,-5.542297959327697754e-01,2.792982161045074463e-01,2.852472960948944092e-01,4.891959428787231445e-01,4.771273136138916016e-01,-2.390135377645492554e-01,-3.964013755321502686e-01,-3.623082041740417480e-01,1.988164149224758148e-02,3.933696448802947998e-01
-1.903698146343231201e-01,-1.206165365874767303e-02,1.465350687503814697e-01,-1.830607652664184570e-01,-1.543173044919967651e-01,9.620642662048339844e-02,-1.000331416726112366e-01,-1.519140899181365967e-01,-1.625398546457290649e-01,-1.500463336706161499e-01,2.515262067317962646e-01,1.174640804529190063e-01,8.069248497486114502e-02,-1.610568463802337646e-01,-1.456922739744186401e-01,-1.442869603633880615e-01,-2.141006058081984520e-03,-3.766917064785957336e-02,2.218711525201797485e-01,1.625602543354034424e-01,2.991998791694641113e-01,-1.236686259508132935e-01,-7.190101593732833862e-02,-4.864212498068809509e-02,-3.542150929570198059e-02,-8.408789336681365967e-02,4.923012852668762207e-02,2.971568517386913300e-02,-5.332627892494201660e-02,-1.792122237384319305e-02,8.532339334487915039e-02,2.127572149038314819e-01,-2.293101698160171509e-01,-1.197734996676445007e-01,-1.909380895085632801e-03,7.881019264459609985e-02,-9.479030966758728027e-02,-1.412993520498275757e-01,3.983844444155693054e-02,3.510028421878814697e-01,-2.895472645759582520e-01,-1.524329632520675659e-01,-6.147797778248786926e-02,-4.218798503279685974e-02,2.348503768444061279e-01,-1.325942873954772949e-01,2.054840475320816040e-01,1.101138070225715637e-01,-9.969132393598556519e-02,-3.787054494023323059e-02,9.600374102592468262e-02,-4.978845641016960144e-02,-3.455680310726165771e-01,5.491552129387855530e-02,-1.010769978165626526e-01,1.785086244344711304e-01,-1.709124147891998291e-01,-6.776016205549240112e-03,8.510126918554306030e-02,1.753229796886444092e-01,1.783741712570190430e-01,-9.141574054956436157e-02,-8.341195061802864075e-03,-2.327817231416702271e-01,-1.155345290899276733e-01,4.653945565223693848e-02,1.783282011747360229e-01,-1.512984633445739746e-01,1.521695703268051147e-01,-4.819873347878456116e-02,2.049298733472824097e-01,-3.166581988334655762e-01,1.237687468528747559e-01,-1.528654098510742188e-01,2.348725497722625732e-01,2.439242005348205566e-01,-1.659484114497900009e-03,-1.242959722876548767e-01,2.193890661001205444e-01,1.817905306816101074e-01,-2.883231043815612793e-01,-3.031412488780915737e-04,1.412166804075241089e-01,-1.111150369979441166e-03,3.003653287887573242e-01,3.509085625410079956e-02,-6.883802264928817749e-02,-2.476713561918586493e-04,-3.702283604070544243e-03,-1.618635803461074829e-01,1.752615869045257568e-01,1.072199195623397827e-01,1.669037491083145142e-01,-4.958101361989974976e-02,2.545833587646484375e-01,1.358985006809234619e-01,-1.135839670896530151e-01,2.556560684752184898e-05,9.985768049955368042e-02,-2.051404267549514771e-01,1.425167024135589600e-01,-1.076253578066825867e-01,2.339730858802795410e-01,1.464176476001739502e-01,-1.964631080627441406e-01,-3.331028223037719727e-01,2.751438915729522705e-01,3.867359086871147156e-02,1.354773789644241333e-01,8.754101581871509552e-03,-1.914342492818832397e-01,1.746816635131835938e-01,1.738417595624923706e-01,-1.519517451524734497e-01,-1.577371805906295776e-01,1.858613342046737671e-01,-7.089795172214508057e-02,-1.229159627109766006e-02,2.404969930648803711e-01,-1.482567787170410156e-01,3.208013949915766716e-03,-2.620896399021148682e-01,-2.122694551944732666e-01,-1.340694958344101906e-03,1.540982276201248169e-01,1.386868357658386230e-01,-8.244988508522510529e-03,-1.626030951738357544e-01
-1.119174957275390625e-01,-4.004810005426406860e-02,4.062067568302154541e-01,-3.101023435592651367e-01,-3.005610108375549316e-01,1.017538756132125854e-01,-6.353168934583663940e-02,-2.619680464267730713e-01,-2.634502053260803223e-01,-2.776747047901153564e-01,1.174640804529190063e-01,2.450518608093261719e-01,-2.389905154705047607e-01,-3.523444235324859619e-01,-4.088250100612640381e-01,-4.903410673141479492e-01,5.291994661092758179e-03,-1.594984382390975952e-01,3.737935125827789307e-01,3.092684745788574219e-01,2.539748251438140869e-01,-3.319967687129974365e-01,-2.470696866512298584e-01,3.106736205518245697e-02,-6.064843386411666870e-02,-4.024327993392944336e-01,3.827547729015350342e-01,1.956176757812500000e-01,-4.218923747539520264e-01,9.031508862972259521e-02,-2.285088598728179932e-02,4.858332574367523193e-01,-2.529557347297668457e-01,-3.570654988288879395e-01,2.031140029430389404e-02,4.480481743812561035e-01,-2.810369431972503662e-01,-3.810209035873413086e-01,3.896749615669250488e-01,3.715819716453552246e-01,-4.170862436294555664e-01,-1.104262247681617737e-01,-3.616513609886169434e-01,-1.187515780329704285e-01,1.272304505109786987e-01,2.555573582649230957e-01,4.158488810062408447e-01,1.364382654428482056e-01,-3.079235740005970001e-02,8.383724093437194824e-02,8.874245733022689819e-02,5.072554200887680054e-02,-3.434858620166778564e-01,1.911719329655170441e-02,3.004194982349872589e-02,5.074062943458557129e-01,-2.404721081256866455e-01,-2.370245754718780518e-02,2.519583404064178467e-01,3.390986323356628418e-01,8.876245468854904175e-02,-1.072378363460302353e-02,-8.405507542192935944e-03,-2.669373750686645508e-01,-5.617062747478485107e-02,1.162768974900245667e-01,3.398701921105384827e-02,-4.387300610542297363e-01,4.292545914649963379e-01,-1.817301511764526367e-01,4.122115075588226318e-01,-7.529116235673427582e-03,1.481773108243942261e-01,-4.133540391921997070e-01,1.739069223403930664e-01,4.194230735301971436e-01,2.000503242015838623e-03,-4.808353483676910400e-01,4.578584805130958557e-02,4.232747256755828857e-01,-4.782629013061523438e-01,-8.636108832433819771e-04,4.145343899726867676e-01,2.863271860405802727e-03,4.480288326740264893e-01,3.739210367202758789e-01,-2.434207797050476074e-01,-7.721658796072006226e-03,-2.612348198890686035e-01,-3.568548262119293213e-01,1.245522424578666687e-01,7.493636012077331543e-02,3.059185445308685303e-01,-4.371076822280883789e-02,4.128872156143188477e-01,1.054483801126480103e-01,-2.908149063587188721e-01,3.363044015713967383e-05,3.678933382034301758e-01,-3.405164182186126709e-01,2.730721235275268555e-01,-3.162710666656494141e-01,4.646718800067901611e-01,3.931270241737365723e-01,-4.717653691768646240e-01,-1.807934790849685669e-01,3.435346782207489014e-01,3.728025555610656738e-01,1.992149055004119873e-01,1.172109413892030716e-02,-3.198928833007812500e-01,3.131951391696929932e-01,4.029469192028045654e-01,-5.514250323176383972e-02,-4.507401585578918457e-01,4.050393700599670410e-01,-2.837231159210205078e-01,-1.614707261323928833e-01,4.707923233509063721e-01,-2.032019793987274170e-01,-2.042243033647537231e-01,-3.827102482318878174e-01,-3.796395957469940186e-01,1.425980031490325928e-01,3.442251980304718018e-01,2.622467279434204102e-01,-2.523585595190525055e-02,-3.012090921401977539e-01
