3.566720783710479736e-01,6.265062838792800903e-03,-2.247564122080802917e-02,-2.712165005505084991e-02,2.714363634586334229e-01,-2.065632939338684082e-01,9.778728336095809937e-02,3.741126954555511475e-01,6.402990967035293579e-02,4.746405780315399170e-02,-1.367590576410293579e-01,-9.438820928335189819e-02,-8.897032588720321655e-02,2.301506325602531433e-02,6.856346875429153442e-02,1.542128771543502808e-01,2.393224276602268219e-03,4.889932274818420410e-02,6.606993079185485840e-02,-1.744679920375347137e-02,-2.658190391957759857e-02,-1.866407133638858795e-02,-1.237260550260543823e-01,1.108243763446807861e-01,1.533722318708896637e-02,9.304393827915191650e-02,5.643680319190025330e-02,-3.003748953342437744e-01,-2.243480645120143890e-02,-1.081290245056152344e-01,-2.027155607938766479e-01,-3.084404021501541138e-02,-2.539634704589843750e-02,-1.110687199980020523e-02,-1.931083202362060547e-02,-3.206416592001914978e-02,1.798890344798564911e-02,5.697066709399223328e-02,-2.642644643783569336e-01,-2.972844541072845459e-01,2.741068303585052490e-01,8.230357617139816284e-02,-7.625870406627655029e-02,8.159071207046508789e-03,-4.780010506510734558e-02,1.557305604219436646e-01,-9.181279689073562622e-02,-1.217774078249931335e-01,4.452703893184661865e-02,7.654815167188644409e-02,-1.276488155126571655e-01,-8.223724365234375000e-02,2.556478977203369141e-01,-6.055960059165954590e-02,-4.716803506016731262e-02,-1.228657290339469910e-01,1.155849546194076538e-01,5.341929383575916290e-03,-4.136639181524515152e-04,-1.006388850510120392e-02,-4.123602807521820068e-02,-8.601073920726776123e-02,2.553797326982021332e-03,1.619893610477447510e-01,1.028324589133262634e-01,-5.749318748712539673e-03,-1.228621602058410645e-01,1.856114417314529419e-01,-7.815945148468017578e-02,2.671255767345428467e-01,-2.081646323204040527e-01,2.218827605247497559e-01,5.169358476996421814e-02,7.049270719289779663e-02,-1.811677217483520508e-01,-2.121936678886413574e-01,5.688492674380540848e-04,1.925021782517433167e-02,-1.105277091264724731e-01,-9.711053222417831421e-02,7.584029436111450195e-02,1.594687491888180375e-04,-1.150838881731033325e-01,-5.649324157275259495e-04,-3.621157705783843994e-01,6.783191859722137451e-02,1.870857179164886475e-01,1.943805138580501080e-03,-1.062845289707183838e-01,8.627501130104064941e-02,-1.722703427076339722e-01,8.926662057638168335e-02,3.896864131093025208e-02,-1.596979424357414246e-02,-1.143727526068687439e-01,-2.985572516918182373e-01,1.296614855527877808e-01,-4.598195664584636688e-05,-1.399549692869186401e-01,2.988387644290924072e-01,-1.843202859163284302e-01,2.158464640378952026e-01,-5.595996603369712830e-02,-7.285027205944061279e-02,3.463143715634942055e-03,2.141202390193939209e-01,7.333047688007354736e-02,2.859972044825553894e-02,-3.061532676219940186e-01,5.634059663861989975e-03,-3.807663917541503906e-02,1.018566936254501343e-01,-3.331347182393074036e-02,-6.119135022163391113e-02,1.333137005567550659e-01,-2.161380834877490997e-02,3.010599017143249512e-01,-1.220802068710327148e-01,-2.165869474411010742e-01,-2.392060309648513794e-02,-1.028416454792022705e-01,1.511847078800201416e-01,1.532101780176162720e-01,1.045860871672630310e-01,-4.196729511022567749e-03,6.587453931570053101e-02,6.745950784534215927e-03,9.130450338125228882e-02
6.265062838792800903e-03,1.227271556854248047e-02,-9.739089757204055786e-02,6.787759065628051758e-02,6.216373294591903687e-02,-4.584163427352905273e-03,1.759127527475357056e-02,2.216147631406784058e-02,4.242522642016410828e-02,5.410028994083404541e-02,3.264526603743433952e-03,-4.758954793214797974e-02,7.488064467906951904e-02,7.240211218595504761e-02,9.760449081659317017e-02,1.033452674746513367e-01,-1.002198434434831142e-03,4.236656799912452698e-02,-7.134716212749481201e-02,-7.064379006624221802e-02,-4.883210361003875732e-02,6.401857733726501465e-02,5.950330942869186401e-02,-1.568536623381078243e-03,1.228702347725629807e-02,9.789860993623733521e-02,-9.919489175081253052e-02,-4.488283768296241760e-02,8.968158811330795288e-02,-2.892213873565196991e-02,2.502682246267795563e-02,-1.083155721426010132e-01,6.528911739587783813e-02,7.380327582359313965e-02,-4.988016095012426376e-03,-1.038827598094940186e-01,4.533946141600608826e-02,8.575420081615447998e-02,-7.540153712034225464e-02,-5.866267532110214233e-02,7.860772311687469482e-02,1.578790880739688873e-02,9.043534100055694580e-02,1.919185370206832886e-02,-1.462533976882696152e-02,-8.509743958711624146e-02,-9.449145942926406860e-02,-2.710174210369586945e-02,-1.764272106811404228e-03,1.371581200510263443e-02,-7.161729969084262848e-03,-2.715376578271389008e-02,5.012740939855575562e-02,1.278112735599279404e-02,-1.362839248031377792e-02,-1.103321760892868042e-01,2.264335006475448608e-02,6.359372287988662720e-03,-8.510923385620117188e-02,-7.637487351894378662e-02,2.578815678134560585e-03,5.368611309677362442e-03,2.741665812209248543e-03,4.106981307268142700e-02,6.441311910748481750e-03,-2.781756781041622162e-02,3.212728351354598999e-02,9.510788321495056152e-02,-9.223996102809906006e-02,4.286476597189903259e-02,-7.726965844631195068e-02,-1.637725345790386200e-02,-2.373323217034339905e-02,9.685399383306503296e-02,-2.430463209748268127e-02,-8.547108620405197144e-02,-1.136924023739993572e-03,1.123617291450500488e-01,-6.397343706339597702e-03,-9.060128778219223022e-02,9.922357648611068726e-02,3.543163184076547623e-04,-9.056635200977325439e-02,-9.787705494090914726e-04,-7.012704759836196899e-02,-9.735117107629776001e-02,5.263816565275192261e-02,2.317448845133185387e-03,7.866606861352920532e-02,5.630235001444816589e-02,-1.621445640921592712e-02,-2.072435617446899414e-02,-7.485111057758331299e-02,3.898898884654045105e-02,-8.393021672964096069e-02,-9.638685733079910278e-03,7.315700501203536987e-02,-1.906150282593443990e-05,-8.076877146959304810e-02,5.291726440191268921e-02,-3.816228732466697693e-02,5.270918086171150208e-02,-1.044390872120857239e-01,-7.866170257329940796e-02,1.118560060858726501e-01,4.707470536231994629e-03,-7.322497665882110596e-02,-9.351073205471038818e-02,-3.978291153907775879e-02,-4.306585062295198441e-03,7.360856235027313232e-02,-6.859842687845230103e-02,-8.683793991804122925e-02,-8.309608325362205505e-03,1.022643670439720154e-01,-9.521111845970153809e-02,5.229197442531585693e-02,3.007954731583595276e-02,-1.017617583274841309e-01,4.304191842675209045e-02,6.742174178361892700e-02,8.231671154499053955e-02,9.060316532850265503e-02,-5.342831462621688843e-02,-6.396336853504180908e-02,-6.292783468961715698e-02,2.396572614088654518e-03,5.793726444244384766e-02
-2.247564122080802917e-02,-9.739089757204055786e-02,7.817506790161132812e-01,-6.325123906135559082e-01,-4.761665463447570801e-01,-5.153782293200492859e-02,-1.718479990959167480e-01,-1.475635021924972534e-01,-3.064223527908325195e-01,-4.636807143688201904e-01,-1.222941838204860687e-02,4.107868373394012451e-01,-5.651211738586425781e-01,-6.375057697296142578e-01,-7.625489830970764160e-01,-7.408066987991333008e-01,8.098985999822616577e-03,-3.378902375698089600e-01,6.251881122589111328e-01,6.286257505416870117e-01,4.108189344406127930e-01,-5.664471983909606934e-01,-5.677209496498107910e-01,2.689648978412151337e-02,-1.043605282902717590e-01,-6.840355992317199707e-01,7.443822622299194336e-01,2.935046851634979248e-01,-7.160902023315429688e-01,2.245746403932571411e-01,-2.156498879194259644e-01,8.089419007301330566e-01,-5.596092343330383301e-01,-6.694006919860839844e-01,4.241058230400085449e-02,7.612432241439819336e-01,-3.818721771240234375e-01,-6.966010332107543945e-01,5.210987925529479980e-01,5.115479230880737305e-01,-5.806964635848999023e-01,-1.367645710706710815e-01,-7.078347206115722656e-01,-1.688403934240341187e-01,1.075597032904624939e-01,6.685155630111694336e-01,7.675438523292541504e-01,2.332043945789337158e-01,3.184692934155464172e-02,-4.663922637701034546e-02,3.930969163775444031e-02,2.608568966388702393e-01,-4.226578772068023682e-01,-9.312136471271514893e-02,8.392964303493499756e-02,8.091077208518981934e-01,-2.164725959300994873e-01,-5.551085248589515686e-02,6.778184175491333008e-01,6.606854796409606934e-01,-2.389097027480602264e-02,-6.601917743682861328e-02,-2.459220029413700104e-02,-3.213832974433898926e-01,-5.294627696275711060e-02,2.308963090181350708e-01,-2.566210031509399414e-01,-7.018365263938903809e-01,7.232720255851745605e-01,-3.001198768615722656e-01,6.190001964569091797e-01,1.781166791915893555e-01,2.185190320014953613e-01,-7.668648958206176758e-01,1.643841266632080078e-01,6.657160520553588867e-01,8.527375757694244385e-03,-8.382070064544677734e-01,1.006848737597465515e-01,7.232913970947265625e-01,-7.891108989715576172e-01,-3.114337567239999771e-03,7.037729024887084961e-01,9.279869496822357178e-03,5.115167498588562012e-01,7.475693225860595703e-01,-4.237939417362213135e-01,-1.829984784126281738e-02,-6.085110902786254883e-01,-4.807916581630706787e-01,1.264618486166000366e-01,2.047308534383773804e-01,6.333465576171875000e-01,-3.436151444911956787e-01,6.823624372482299805e-01,6.020946800708770752e-02,-6.035482287406921387e-01,1.585783611517399549e-04,6.233098506927490234e-01,-3.983265757560729980e-01,3.582989871501922607e-01,-3.643233180046081543e-01,7.958163619041442871e-01,6.515347361564636230e-01,-8.262419700622558594e-01,-1.427950263023376465e-01,6.153533458709716797e-01,7.149327397346496582e-01,2.565692067146301270e-01,3.577739745378494263e-02,-6.110582351684570312e-01,6.364592313766479492e-01,7.155245542526245117e-01,-2.338819764554500580e-02,-7.678602933883666992e-01,7.395694851875305176e-01,-3.708128333091735840e-01,-2.779775261878967285e-01,7.720991373062133789e-01,-3.828284442424774170e-01,-5.796836018562316895e-01,-6.750764846801757812e-01,-7.169016599655151367e-01,4.495530724525451660e-01,5.917806625366210938e-01,5.535316467285156250e-01,-2.693332545459270477e-02,-5.119975209236145020e-01
-2.712165005505084991e-02,6.787759065628051758e-02,-6.325123906135559082e-01,6.328602433204650879e-01,2.753955721855163574e-01,1.345641463994979858e-01,1.272620856761932373e-01,-8.457851596176624298e-03,2.314420789480209351e-01,3.522169291973114014e-01,-5.409752950072288513e-02,-3.060941994190216064e-01,3.245313167572021484e-01,5.962573885917663574e-01,6.203698515892028809e-01,4.998499751091003418e-01,-3.288330975919961929e-03,2.768746018409729004e-01,-5.603601336479187012e-01,-4.918006360530853271e-01,-4.488745033740997314e-01,4.738180041313171387e-01,4.779452681541442871e-01,-1.211686246097087860e-02,8.020850270986557007e-02,4.243069887161254883e-01,-5.407332777976989746e-01,-4.652800410985946655e-02,4.925789535045623779e-01,-6.821001321077346802e-02,1.580422520637512207e-01,-6.716750264167785645e-01,5.450798869132995605e-01,5.222627520561218262e-01,-1.714973710477352142e-02,-5.552288293838500977e-01,2.762978672981262207e-01,5.151860117912292480e-01,-2.348869144916534424e-01,-4.863246679306030273e-01,4.289775490760803223e-01,1.328778117895126343e-01,5.271875262260437012e-01,1.266199648380279541e-01,-1.250549852848052979e-01,-4.607627391815185547e-01,-6.421461701393127441e-01,-1.996665298938751221e-01,-3.536465391516685486e-02,6.656333059072494507e-02,5.241310223937034607e-03,-1.566584706306457520e-01,3.608977496623992920e-01,4.416276142001152039e-02,5.708687007427215576e-02,-6.015094518661499023e-01,1.878020316362380981e-01,3.894181549549102783e-02,-5.444492101669311523e-01,-5.639145374298095703e-01,-3.439397364854812622e-02,1.315365433692932129e-01,2.395034581422805786e-02,2.134530246257781982e-01,8.049611002206802368e-02,-1.701475530862808228e-01,1.972163021564483643e-01,4.635553359985351562e-01,-5.343148708343505859e-01,8.370676636695861816e-02,-4.185619056224822998e-01,-3.082240559160709381e-02,-2.398623079061508179e-01,6.341896653175354004e-01,-1.272589415311813354e-01,-5.083037018775939941e-01,-4.075673408806324005e-03,6.474398374557495117e-01,-2.359251230955123901e-01,-5.546216964721679688e-01,7.054728865623474121e-01,2.353110117837786674e-03,-4.825748503208160400e-01,-6.131825502961874008e-03,-3.485446274280548096e-01,-5.752494931221008301e-01,1.820096522569656372e-01,9.567024186253547668e-03,4.425611793994903564e-01,3.381059765815734863e-01,-8.883904665708541870e-02,-2.832714021205902100e-01,-5.549319982528686523e-01,3.376688063144683838e-01,-5.738188624382019043e-01,7.372407242655754089e-03,4.345517456531524658e-01,-1.112248719437047839e-04,-3.830884695053100586e-01,2.260861992835998535e-01,-2.030013203620910645e-01,1.004764735698699951e-01,-6.810299158096313477e-01,-4.625659584999084473e-01,6.818785071372985840e-01,2.571497261524200439e-01,-6.549095511436462402e-01,-5.353798270225524902e-01,-7.833696901798248291e-02,-2.864962443709373474e-02,5.857206583023071289e-01,-6.142128705978393555e-01,-5.746265649795532227e-01,1.357379853725433350e-01,5.606160163879394531e-01,-5.664809942245483398e-01,1.315351277589797974e-01,1.979272663593292236e-01,-6.130149364471435547e-01,3.553412258625030518e-01,4.381527900695800781e-01,5.726229548454284668e-01,5.586780309677124023e-01,-3.676549494266510010e-01,-4.267008304595947266e-01,-4.773470759391784668e-01,7.048168219625949860e-03,3.850865364074707031e-01
2.714363634586334229e-01,6.216373294591903687e-02,-4.761665463447570801e-01,2.753955721855163574e-01,5.252478718757629395e-01,-1.629547029733657837e-01,1.592597216367721558e-01,4.346662759780883789e-01,1.957405507564544678e-01,2.806011736392974854e-01,-5.686802789568901062e-02,-2.927060127258300781e-01,3.257484734058380127e-01,3.176062405109405518e-01,5.092247724533081055e-01,6.236461997032165527e-01,-4.488524049520492554e-03,2.400936484336853027e-01,-2.632033824920654297e-01,-3.359080553054809570e-01,-1.471827030181884766e-01,2.824760675430297852e-01,1.928304731845855713e-01,7.357378304004669189e-02,6.528542935848236084e-02,5.471755862236022949e-01,-4.477834403514862061e-01,-4.733228385448455811e-01,4.657292068004608154e-01,-2.580549716949462891e-01,-1.261317078024148941e-02,-5.022399425506591797e-01,2.323914766311645508e-01,3.543343544006347656e-01,-4.447886720299720764e-02,-5.254211425781250000e-01,2.283237278461456299e-01,4.537491798400878906e-01,-6.246623992919921875e-01,-4.568358957767486572e-01,5.462408065795898438e-01,1.197805032134056091e-01,3.961620032787322998e-01,1.006435677409172058e-01,-4.930822923779487610e-02,-3.312945365905761719e-01,-5.129082798957824707e-01,-2.070407122373580933e-01,1.020748820155858994e-02,1.014919653534889221e-01,-1.255513727664947510e-01,-2.414021342992782593e-01,3.818591237068176270e-01,3.262916952371597290e-02,-1.539689004421234131e-01,-6.364697217941284180e-01,1.876610815525054932e-01,3.592815622687339783e-02,-3.907365798950195312e-01,-3.563708662986755371e-01,1.119397208094596863e-02,-7.359530031681060791e-02,1.253588963299989700e-02,2.820040285587310791e-01,6.869169324636459351e-02,-1.340514421463012695e-01,7.617709040641784668e-02,6.072188615798950195e-01,-4.839447438716888428e-01,4.390603303909301758e-01,-5.440804958343505859e-01,-4.606134258210659027e-03,-3.224713727831840515e-02,4.989827275276184082e-01,-2.149119973182678223e-01,-5.493797659873962402e-01,-5.685670766979455948e-03,5.614472031593322754e-01,-4.705858230590820312e-02,-4.937902390956878662e-01,4.925397038459777832e-01,1.808500383049249649e-03,-5.470563769340515137e-01,-6.020603235810995102e-03,-5.937895774841308594e-01,-4.313394725322723389e-01,4.305115342140197754e-01,1.401441171765327454e-02,2.830124497413635254e-01,3.369244039058685303e-01,-2.079141288995742798e-01,2.404176630079746246e-02,-2.849165201187133789e-01,1.287417858839035034e-01,-4.527847468852996826e-01,-2.724525630474090576e-01,4.751529693603515625e-01,-1.242399739567190409e-04,-5.130580663681030273e-01,4.754361510276794434e-01,-3.406468927860260010e-01,4.475444853305816650e-01,-5.087666511535644531e-01,-4.375540614128112793e-01,5.188055038452148438e-01,1.481609642505645752e-01,-2.248796522617340088e-01,-4.404596686363220215e-01,-4.286063313484191895e-01,-1.278303749859333038e-02,2.592689692974090576e-01,-2.105098068714141846e-01,-4.311094284057617188e-01,-1.188840717077255249e-01,6.239597201347351074e-01,-4.595284461975097656e-01,5.067206025123596191e-01,7.612325251102447510e-02,-6.386528015136718750e-01,1.618973016738891602e-01,2.601383924484252930e-01,4.605319797992706299e-01,5.267566442489624023e-01,-1.620617508888244629e-01,-3.216516077518463135e-01,-2.220935970544815063e-01,1.309783663600683212e-02,3.406523466110229492e-01
-2.065632939338684082e-01,-4.584163427352905273e-03,-5.153782293200492859e-02,1.345641463994979858e-01,-1.629547029733657837e-01,2.378035783767700195e-01,-3.887683525681495667e-02,-2.069912701845169067e-01,-9.420026093721389771e-02,-1.952526904642581940e-02,6.855842471122741699e-02,2.870765142142772675e-02,7.570359390228986740e-03,1.090966314077377319e-01,2.841804921627044678e-02,-9.902857244014739990e-02,-1.539421617053449154e-03,-1.446218881756067276e-02,-6.914857774972915649e-02,-4.110133275389671326e-02,-2.670407760888338089e-03,7.811538875102996826e-02,1.588506996631622314e-01,-5.136737599968910217e-02,-8.409837260842323303e-03,-1.313057541847229004e-01,-4.844893515110015869e-02,2.256375849246978760e-01,5.448927730321884155e-02,6.977247446775436401e-02,1.297481358051300049e-01,-9.161238558590412140e-03,4.216537624597549438e-02,8.927565813064575195e-02,8.554348722100257874e-03,4.962831735610961914e-03,-6.157916504889726639e-03,-2.072613686323165894e-02,1.860349774360656738e-01,5.213993042707443237e-02,-1.970643997192382812e-01,-2.797552943229675293e-02,8.020146936178207397e-02,1.084328349679708481e-02,7.436367124319076538e-02,-1.069663390517234802e-01,-1.842238381505012512e-02,3.819689527153968811e-02,-7.165360450744628906e-02,-6.723988801240921021e-02,9.669619053602218628e-02,-2.765049040317535400e-02,-1.225487589836120605e-01,1.472648978233337402e-02,4.524379596114158630e-02,2.755531668663024902e-02,-2.626254595816135406e-02,4.745175465359352529e-05,-6.276058964431285858e-03,-5.422821640968322754e-02,2.409026399254798889e-02,6.831589341163635254e-02,2.490813145413994789e-03,-1.597415953874588013e-01,-6.717459112405776978e-02,7.648416329175233841e-03,8.758448809385299683e-02,-1.073048636317253113e-01,3.456966951489448547e-02,-1.921942830085754395e-01,1.077179238200187683e-01,-1.957387626171112061e-01,-4.746255651116371155e-02,1.219835411757230759e-02,1.432259529829025269e-01,9.873457998037338257e-02,7.208543829619884491e-04,2.517931908369064331e-02,-3.191999858245253563e-03,3.192246332764625549e-02,2.574033290147781372e-02,1.493609306635335088e-04,4.192440584301948547e-02,-1.452597323805093765e-03,2.247787266969680786e-01,-6.454129517078399658e-02,-1.235160902142524719e-01,-2.031869255006313324e-03,2.315653860569000244e-02,-4.005687683820724487e-02,9.371121972799301147e-02,-9.034334868192672729e-02,-4.887073487043380737e-02,4.669762402772903442e-02,4.958299919962882996e-02,1.556526571512222290e-01,-1.478251162916421890e-02,2.391462294326629490e-05,8.257968723773956299e-02,-2.221665531396865845e-01,7.531625777482986450e-02,-2.111810594797134399e-01,-8.011961355805397034e-03,3.196398913860321045e-02,3.408191027119755745e-03,1.384465303272008896e-02,-1.146249175071716309e-01,-2.387635037302970886e-02,2.514933347702026367e-01,-5.478403181768953800e-04,9.544607996940612793e-02,-1.566798686981201172e-01,-1.851670257747173309e-02,1.068748235702514648e-01,-3.282656148076057434e-02,8.806138299405574799e-03,-1.938146203756332397e-01,7.697995752096176147e-02,7.480100542306900024e-02,4.927299916744232178e-02,7.797633111476898193e-02,-4.546270519495010376e-02,-5.236475169658660889e-02,-7.207533717155456543e-02,-5.804467201232910156e-02,-6.852392107248306274e-02,-1.030972786247730255e-02,-2.624920941889286041e-02
9.778728336095809937e-02,1.759127527475357056e-02,-1.718479990959167480e-01,1.272620856761932373e-01,1.592597216367721558e-01,-3.887683525681495667e-02,1.199214085936546326e-01,1.389839500188827515e-01,3.998026251792907715e-02,1.137443184852600098e-01,-8.253351598978042603e-02,-9.012040495872497559e-02,6.031898409128189087e-02,8.023797720670700073e-02,1.453869193792343140e-01,1.655895262956619263e-01,-1.050427905283868313e-03,6.171214208006858826e-02,-1.401197612285614014e-01,-1.250013113021850586e-01,-8.172968029975891113e-02,6.756708770990371704e-02,6.898017227649688721e-02,3.282834216952323914e-02,2.403968572616577148e-02,1.475419551134109497e-01,-1.072838827967643738e-01,-1.135955080389976501e-01,1.522928923368453979e-01,-9.505340456962585449e-02,-2.067869156599044800e-02,-1.593537181615829468e-01,1.417375206947326660e-01,1.328653693199157715e-01,-1.114821061491966248e-02,-1.175375208258628845e-01,7.028517872095108032e-02,1.557242274284362793e-01,-1.733363419771194458e-01,-1.811115741729736328e-01,2.043650895357131958e-01,5.339603498578071594e-02,9.724108129739761353e-02,3.207691386342048645e-02,-8.298933506011962891e-02,-7.339694350957870483e-02,-1.914348304271697998e-01,-6.767641007900238037e-02,3.010515868663787842e-02,2.522918768227100372e-02,-3.344342857599258423e-02,-7.082460075616836548e-02,1.560938060283660889e-01,1.975768990814685822e-02,-1.834522373974323273e-02,-1.926907747983932495e-01,6.063394621014595032e-02,1.091391034424304962e-02,-1.517718136310577393e-01,-1.154940277338027954e-01,-2.118610590696334839e-02,-7.584695704281330109e-03,4.433458670973777771e-03,1.594758033752441406e-01,3.991273045539855957e-02,-4.505622386932373047e-02,-2.272155694663524628e-02,1.827701479196548462e-01,-1.478872001171112061e-01,1.277632415294647217e-01,-1.990980505943298340e-01,4.890878871083259583e-02,-1.210164278745651245e-02,1.608802974224090576e-01,-9.537128359079360962e-02,-2.070595622062683105e-01,-9.317674557678401470e-04,1.888470649719238281e-01,-6.827589124441146851e-02,-1.567867696285247803e-01,1.949863880872726440e-01,5.245041684247553349e-04,-1.744014918804168701e-01,-2.452742541208863258e-03,-2.127740085124969482e-01,-1.115328893065452576e-01,1.736972481012344360e-01,3.198537509888410568e-03,5.838316306471824646e-02,1.173069030046463013e-01,-9.283756464719772339e-02,-8.672256022691726685e-03,-1.102813035249710083e-01,3.955426067113876343e-02,-1.857191622257232666e-01,-9.684143960475921631e-02,1.457432508468627930e-01,-4.830487523577176034e-05,-1.341944187879562378e-01,1.777716428041458130e-01,-1.347633898258209229e-01,1.449968814849853516e-01,-1.667038798332214355e-01,-1.396403908729553223e-01,2.131345272064208984e-01,1.518961787223815918e-01,-1.193405687808990479e-01,-1.024170070886611938e-01,-1.585219651460647583e-01,-5.335777066648006439e-03,4.236491397023200989e-02,-1.275051236152648926e-01,-1.368086338043212891e-01,2.863164618611335754e-02,2.000149786472320557e-01,-1.675636917352676392e-01,1.180547997355461121e-01,3.922025114297866821e-02,-2.351572811603546143e-01,5.753694847226142883e-02,8.470425754785537720e-02,1.811248213052749634e-01,1.833721548318862915e-01,-3.416775912046432495e-02,-9.769030660390853882e-02,-8.529647439718246460e-02,9.733718819916248322e-03,1.620187163352966309e-01
3.741126954555511475e-01,2.216147631406784058e-02,-1.475635021924972534e-01,-8.457851596176624298e-03,4.346662759780883789e-01,-2.069912701845169067e-01,1.389839500188827515e-01,6.059763431549072266e-01,8.371465839445590973e-03,9.129483252763748169e-02,-5.752822384238243103e-02,-1.706675887107849121e-01,8.224477618932723999e-02,4.027175903320312500e-02,2.018745094537734985e-01,3.632641732692718506e-01,-1.505037187598645687e-03,9.268797188997268677e-02,6.349185854196548462e-02,-8.158306777477264404e-02,1.653410494327545166e-01,6.383319944143295288e-02,-6.074584648013114929e-02,9.617279469966888428e-02,2.413478493690490723e-02,2.721996307373046875e-01,-1.135317981243133545e-01,-4.988108575344085693e-01,2.305997610092163086e-01,-2.449236959218978882e-01,-1.559401452541351318e-01,-1.105602979660034180e-01,-1.108025833964347839e-01,1.201302334666252136e-01,-4.804067313671112061e-02,-2.161092609167098999e-01,7.893831282854080200e-02,1.871303617954254150e-01,-5.743833184242248535e-01,-3.250865340232849121e-01,3.393691480159759521e-01,6.978470832109451294e-02,8.027876168489456177e-02,4.254535213112831116e-02,8.079654723405838013e-02,-4.235780611634254456e-02,-2.116080373525619507e-01,-1.455810964107513428e-01,1.367417443543672562e-02,2.332544326782226562e-02,-1.504159122705459595e-01,-2.512518167495727539e-01,2.478514611721038818e-01,-3.553979471325874329e-02,-2.151286453008651733e-01,-3.435288071632385254e-01,1.558318585157394409e-01,1.946488954126834869e-02,-5.055436864495277405e-02,-7.234134525060653687e-02,2.521750330924987793e-02,-1.792432069778442383e-01,8.472936460748314857e-04,1.296077966690063477e-01,3.519388288259506226e-02,-3.556337580084800720e-02,-7.977929711341857910e-02,3.810615539550781250e-01,-2.082496285438537598e-01,4.462160766124725342e-01,-3.932578265666961670e-01,-1.076785847544670105e-02,1.245708912611007690e-01,1.917954832315444946e-01,-1.390267610549926758e-01,-3.099615573883056641e-01,-2.666328102350234985e-03,2.106986492872238159e-01,2.074222639203071594e-02,-2.118929475545883179e-01,1.324906647205352783e-01,7.280316203832626343e-04,-3.239112198352813721e-01,-3.830817062407732010e-03,-4.758316278457641602e-01,-9.256011247634887695e-02,3.796269297599792480e-01,9.570829570293426514e-03,-4.613682627677917480e-02,1.917385011911392212e-01,-2.081182748079299927e-01,2.297984957695007324e-01,4.398486390709877014e-02,-6.786073744297027588e-02,-1.621835380792617798e-01,-3.843944966793060303e-01,2.982878983020782471e-01,-7.908001134637743235e-05,-3.415154516696929932e-01,4.105280637741088867e-01,-3.329270184040069580e-01,4.240533411502838135e-01,-1.422146558761596680e-01,-2.123002558946609497e-01,1.140198037028312683e-01,1.524818688631057739e-01,1.735711991786956787e-01,-1.344277560710906982e-01,-4.288845956325531006e-01,9.830026887357234955e-03,-7.598457485437393188e-02,1.203615739941596985e-01,-1.383412778377532959e-01,-1.460619419813156128e-01,3.693245649337768555e-01,-1.271495819091796875e-01,5.139983892440795898e-01,-4.587711393833160400e-02,-3.688024878501892090e-01,-4.071735590696334839e-02,-7.800060790032148361e-03,1.853148043155670166e-01,2.421001940965652466e-01,1.052818596363067627e-01,-1.367344111204147339e-01,6.686837226152420044e-02,1.098808273673057556e-02,1.706645190715789795e-01
6.402990967035293579e-02,4.242522642016410828e-02,-3.064223527908325195e-01,2.314420789480209351e-01,1.957405507564544678e-01,-9.420026093721389771e-02,3.998026251792907715e-02,8.371465839445590973e-03,2.653381526470184326e-01,2.045773565769195557e-01,-3.662423044443130493e-02,-1.738306879997253418e-01,2.095385789871215820e-01,2.681775689125061035e-01,3.188452422618865967e-01,3.422156572341918945e-01,-4.327648202888667583e-04,1.365639716386795044e-01,-2.775876224040985107e-01,-2.402651160955429077e-01,-3.218746185302734375e-01,2.144135832786560059e-01,1.536103636026382446e-01,-9.133749641478061676e-03,5.172387138009071350e-02,3.575374186038970947e-01,-2.992528378963470459e-01,-1.238871738314628601e-01,2.044460028409957886e-01,-3.568343818187713623e-02,2.683747559785842896e-02,-4.210286736488342285e-01,3.015206456184387207e-01,2.088246792554855347e-01,-7.496970240026712418e-03,-3.395276069641113281e-01,1.608811169862747192e-01,2.915446162223815918e-01,-1.770454645156860352e-01,-2.272289842367172241e-01,3.567965924739837646e-01,7.634042948484420776e-02,2.464042901992797852e-01,5.508733540773391724e-02,-1.507662385702133179e-01,-2.146824896335601807e-01,-3.109463155269622803e-01,-1.089410930871963501e-01,3.976904228329658508e-02,7.157667726278305054e-02,-5.716520920395851135e-02,1.343477796763181686e-02,2.518866956233978271e-01,1.205115485936403275e-02,3.584219515323638916e-02,-3.293253183364868164e-01,8.806602656841278076e-02,1.919596083462238312e-02,-3.053100705146789551e-01,-2.695936858654022217e-01,-3.516701608896255493e-02,6.211428716778755188e-02,1.146007981151342392e-02,2.315050959587097168e-01,1.004308685660362244e-01,-1.040008664131164551e-01,7.354554533958435059e-02,3.021502792835235596e-01,-3.349851369857788086e-01,1.149646118283271790e-01,-2.395331710577011108e-01,1.329425722360610962e-01,-1.437674164772033691e-01,3.461044728755950928e-01,-1.594353020191192627e-01,-3.076481521129608154e-01,-3.149375785142183304e-03,3.517875373363494873e-01,-1.029989570379257202e-01,-3.352581858634948730e-01,3.810867071151733398e-01,1.162347150966525078e-03,-2.526459991931915283e-01,-8.069481700658798218e-04,-2.809053063392639160e-01,-2.963951528072357178e-01,1.172294244170188904e-01,6.144182756543159485e-03,3.070504963397979736e-01,1.956087201833724976e-01,-6.063574925065040588e-02,-1.381514668464660645e-01,-3.082217872142791748e-01,1.868725270032882690e-01,-3.466778099536895752e-01,-2.392096444964408875e-02,1.834661215543746948e-01,-6.520492752315476537e-05,-2.507477402687072754e-01,2.228987812995910645e-01,-1.018232330679893494e-01,1.720336675643920898e-01,-3.994856178760528564e-01,-2.647681236267089844e-01,4.042222201824188232e-01,2.221389114856719971e-02,-3.304101824760437012e-01,-3.002911806106567383e-01,-1.606505960226058960e-01,-2.139344811439514160e-02,3.310501873493194580e-01,-2.504509687423706055e-01,-3.136248886585235596e-01,-4.049372859299182892e-03,2.760706543922424316e-01,-3.394540846347808838e-01,1.428307890892028809e-01,6.142005324363708496e-02,-3.475874066352844238e-01,1.777475327253341675e-01,1.928047686815261841e-01,3.421535789966583252e-01,3.261432647705078125e-01,-1.947675496339797974e-01,-1.894155442714691162e-01,-2.496268451213836670e-01,1.985036954283714294e-02,1.930665969848632812e-01
4.746405780315399170e-02,5.410028994083404541e-02,-4.636807143688201904e-01,3.522169291973114014e-01,2.806011736392974854e-01,-1.952526904642581940e-02,1.137443184852600098e-01,9.129483252763748169e-02,2.045773565769195557e-01,2.721247076988220215e-01,-2.962482906877994537e-02,-2.315097153186798096e-01,3.057261407375335693e-01,3.516145944595336914e-01,4.480890631675720215e-01,4.620103240013122559e-01,-3.669891972094774246e-03,1.813012808561325073e-01,-3.729224205017089844e-01,-3.466561734676361084e-01,-2.783981263637542725e-01,2.921234071254730225e-01,2.835363149642944336e-01,-8.383255451917648315e-03,6.204281374812126160e-02,4.379984140396118164e-01,-4.323371052742004395e-01,-1.766868084669113159e-01,4.094533920288085938e-01,-1.251661628484725952e-01,8.739767223596572876e-02,-5.201860666275024414e-01,3.547853529453277588e-01,3.682307004928588867e-01,-2.136068791151046753e-02,-4.557320773601531982e-01,2.135441750288009644e-01,4.080543220043182373e-01,-3.193509280681610107e-01,-3.119638264179229736e-01,3.970693349838256836e-01,8.749645203351974487e-02,3.889093399047851562e-01,8.949188143014907837e-02,-1.128907799720764160e-01,-3.683220446109771729e-01,-4.646322429180145264e-01,-1.346645951271057129e-01,1.142130605876445770e-02,3.631690517067909241e-02,-4.012480005621910095e-02,-1.131757646799087524e-01,2.753829956054687500e-01,4.790716618299484253e-02,-2.718496322631835938e-02,-5.047281980514526367e-01,1.217866167426109314e-01,2.994311600923538208e-02,-4.047143757343292236e-01,-3.657331168651580811e-01,-5.966310389339923859e-03,4.138702154159545898e-02,1.365038286894559860e-02,2.438702285289764404e-01,5.903702229261398315e-02,-1.323024481534957886e-01,1.102465689182281494e-01,4.293390214443206787e-01,-4.364575445652008057e-01,1.802378296852111816e-01,-3.725004196166992188e-01,-2.332532405853271484e-02,-1.286859214305877686e-01,4.662098288536071777e-01,-1.346584111452102661e-01,-4.158719778060913086e-01,-4.481878597289323807e-03,5.310800075531005859e-01,-8.205607533454895020e-02,-4.387456178665161133e-01,5.083916783332824707e-01,1.675423001870512962e-03,-4.091745615005493164e-01,-4.458206240087747574e-03,-3.449839353561401367e-01,-4.308272898197174072e-01,2.481737136840820312e-01,9.744822047650814056e-03,3.496696352958679199e-01,2.744067013263702393e-01,-8.969113230705261230e-02,-1.206711456179618835e-01,-3.697423934936523438e-01,1.937107741832733154e-01,-4.322693645954132080e-01,-4.905420169234275818e-02,3.234865069389343262e-01,-9.333980415249243379e-05,-3.555894196033477783e-01,2.658784985542297363e-01,-2.077617049217224121e-01,2.349024116992950439e-01,-5.051487088203430176e-01,-3.692551851272583008e-01,5.515940189361572266e-01,9.982609748840332031e-02,-3.885890543460845947e-01,-4.103045165538787842e-01,-1.869314461946487427e-01,-2.196393907070159912e-02,3.504469692707061768e-01,-3.701789677143096924e-01,-4.188545942306518555e-01,2.106144465506076813e-02,4.658726453781127930e-01,-4.550832509994506836e-01,2.132988125085830688e-01,1.417143493890762329e-01,-4.988687932491302490e-01,2.138820141553878784e-01,3.041836619377136230e-01,4.211378395557403564e-01,4.388385415077209473e-01,-2.390378117561340332e-01,-3.123009204864501953e-01,-3.105976581573486328e-01,2.072495035827159882e-02,3.006702363491058350e-01
-1.367590576410293579e-01,3.264526603743433952e-03,-1.222941838204860687e-02,-5.409752950072288513e-02,-5.686802789568901062e-02,6.855842471122741699e-02,-8.253351598978042603e-02,-5.752822384238243103e-02,-3.662423044443130493e-02,-2.962482906877994537e-02,1.734220087528228760e-01,9.980039671063423157e-03,1.503250747919082642e-01,1.615691930055618286e-02,2.190626040101051331e-02,5.345424264669418335e-02,-3.433749778196215630e-03,-2.116255648434162140e-02,5.232410877943038940e-02,-2.850305289030075073e-03,1.413084864616394043e-01,4.179519042372703552e-02,7.115333527326583862e-02,-7.457612454891204834e-02,-7.816990837454795837e-03,5.925229191780090332e-02,-1.209080293774604797e-01,-9.084631688892841339e-03,1.178029552102088928e-01,-8.549349382519721985e-03,1.213212385773658752e-01,-1.063083484768867493e-02,-1.199619546532630920e-01,5.132462456822395325e-02,-9.839558042585849762e-03,-1.081551536917686462e-01,1.481120381504297256e-02,7.089671213179826736e-03,-5.332955345511436462e-02,1.609041243791580200e-01,-1.408102065324783325e-01,-6.529837101697921753e-02,1.129817739129066467e-01,8.798768743872642517e-03,1.510790139436721802e-01,-1.875918358564376831e-01,3.544365614652633667e-02,5.729855597019195557e-02,-5.724164471030235291e-02,-9.551563113927841187e-02,3.606189414858818054e-02,-4.676924273371696472e-02,-1.585018783807754517e-01,2.648064121603965759e-02,-9.599450975656509399e-02,-4.793892055749893188e-02,-3.914064541459083557e-02,3.795343684032559395e-03,3.322222456336021423e-02,6.689705420285463333e-03,8.177527040243148804e-02,-3.008554875850677490e-02,-3.508392954245209694e-03,-1.487201899290084839e-01,-9.452863037586212158e-02,-1.397666404955089092e-03,9.531341493129730225e-02,1.032480690628290176e-02,-3.365564718842506409e-02,-2.376983314752578735e-02,4.765310138463973999e-02,-2.823916375637054443e-01,1.858757063746452332e-02,3.941948059946298599e-03,1.367633789777755737e-01,9.724466502666473389e-02,-2.487320452928543091e-03,6.263960897922515869e-02,1.836556941270828247e-01,-2.887622686102986336e-03,-6.425113976001739502e-02,1.995422207983210683e-04,-3.061410412192344666e-02,-1.045047654770314693e-03,1.447375714778900146e-01,-9.941496700048446655e-02,-1.406286004930734634e-02,3.593635279685258865e-03,8.813355863094329834e-02,-6.900945212692022324e-03,1.004930883646011353e-01,5.800493806600570679e-02,2.492833137512207031e-02,-2.777495048940181732e-02,8.996488898992538452e-02,9.202547371387481689e-02,-8.526144549250602722e-03,1.648470424697734416e-05,-5.149483680725097656e-02,-1.199221014976501465e-01,1.245521754026412964e-02,3.850464476272463799e-03,1.476888451725244522e-02,-1.433363649994134903e-02,-1.825004070997238159e-02,-2.370030879974365234e-01,1.029636040329933167e-01,-9.114518761634826660e-02,1.094555258750915527e-01,8.410731097683310509e-04,2.156209759414196014e-02,3.227212652564048767e-02,-8.618274703621864319e-03,-6.361260265111923218e-02,2.463640645146369934e-02,8.875705534592270851e-04,2.187864482402801514e-02,6.380789726972579956e-02,7.005489617586135864e-02,-2.299553342163562775e-02,6.368134915828704834e-02,-9.514631330966949463e-02,-4.844439029693603516e-02,-4.357116669416427612e-02,-7.363204658031463623e-02,5.093606188893318176e-03,5.255784839391708374e-03,-6.254219263792037964e-02
-9.438820928335189819e-02,-4.758954793214797974e-02,4.107868373394012451e-01,-3.060941994190216064e-01,-2.927060127258300781e-01,2.870765142142772675e-02,-9.012040495872497559e-02,-1.706675887107849121e-01,-1.738306879997253418e-01,-2.315097153186798096e-01,9.980039671063423157e-03,2.335107624530792236e-01,-2.582804262638092041e-01,-3.447221219539642334e-01,-4.219003617763519287e-01,-4.508665204048156738e-01,2.450889907777309418e-03,-1.598886996507644653e-01,2.851612865924835205e-01,3.032421171665191650e-01,2.016981095075607300e-01,-2.822888791561126709e-01,-2.399838715791702271e-01,3.653845284134149551e-03,-5.541764572262763977e-02,-3.959863781929016113e-01,3.815065920352935791e-01,2.181293964385986328e-01,-3.791417479515075684e-01,1.169809401035308838e-01,-4.211182147264480591e-02,4.619342386722564697e-01,-2.530900835990905762e-01,-3.382274508476257324e-01,2.789369039237499237e-02,4.340223073959350586e-01,-1.909932047128677368e-01,-3.658875524997711182e-01,3.535766601562500000e-01,3.264617323875427246e-01,-3.692407011985778809e-01,-8.158273994922637939e-02,-3.375162780284881592e-01,-8.311443775892257690e-02,4.323427006602287292e-02,3.202086687088012695e-01,4.256170392036437988e-01,1.417634636163711548e-01,5.803907755762338638e-03,-5.065083038061857224e-03,6.277985870838165283e-02,1.432427912950515747e-01,-2.647666633129119873e-01,-1.085161976516246796e-02,5.663439631462097168e-02,4.825280010700225830e-01,-1.443733721971511841e-01,-2.936340309679508209e-02,3.183582425117492676e-01,3.260459899902343750e-01,-6.120394449681043625e-03,-6.714371033012866974e-03,-1.223517861217260361e-02,-1.777307093143463135e-01,-5.847939476370811462e-02,1.130733117461204529e-01,-8.723726868629455566e-02,-4.135355353355407715e-01,4.062358140945434570e-01,-2.054775059223175049e-01,3.604857921600341797e-01,4.715125262737274170e-02,9.939078241586685181e-02,-4.370599389076232910e-01,1.095417216420173645e-01,3.781056106090545654e-01,4.045890644192695618e-03,-4.790170490741729736e-01,7.030954211950302124e-02,4.142202138900756836e-01,-4.528430104255676270e-01,-1.615146989934146404e-03,3.834203779697418213e-01,4.065970890223979950e-03,3.484776318073272705e-01,3.800138235092163086e-01,-2.303293645381927490e-01,-9.759443812072277069e-03,-2.826088666915893555e-01,-2.596765458583831787e-01,9.109192341566085815e-02,6.947982311248779297e-02,3.005317449569702148e-01,-1.649119108915328979e-01,3.774930238723754883e-01,1.000887751579284668e-01,-3.082601726055145264e-01,8.652071846881881356e-05,3.583030700683593750e-01,-2.652680277824401855e-01,2.315149158239364624e-01,-2.388874888420104980e-01,4.579038321971893311e-01,3.406084775924682617e-01,-4.569000005722045898e-01,-1.002621054649353027e-01,2.913148403167724609e-01,3.722480535507202148e-01,1.882709860801696777e-01,1.604656130075454712e-02,-3.222368657588958740e-01,2.905882000923156738e-01,3.841405212879180908e-01,-4.450105596333742142e-03,-4.428280591964721680e-01,3.857994973659515381e-01,-2.677048742771148682e-01,-1.026775687932968140e-01,4.711011648178100586e-01,-1.770187914371490479e-01,-2.421506941318511963e-01,-3.832478523254394531e-01,-3.989463150501251221e-01,1.837990581989288330e-01,3.065294921398162842e-01,2.494464516639709473e-01,-2.216559462249279022e-02,-2.571278512477874756e-01
