7.024803161621093750e-01,8.908738940954208374e-02,-4.148429036140441895e-01,1.395661681890487671e-01,3.598209321498870850e-01,-8.066485635936260223e-03,8.296686410903930664e-02,6.032128930091857910e-01,5.232337489724159241e-02,2.961216866970062256e-02,-7.972954772412776947e-03,-1.263819336891174316e-01,6.057348847389221191e-01,3.994638025760650635e-01,5.277643799781799316e-01,1.537723690271377563e-01,6.438511889427900314e-03,3.579704761505126953e-01,2.316162884235382080e-01,6.112452968955039978e-02,-1.161262020468711853e-01,1.063857227563858032e-01,3.288536369800567627e-01,-3.060734570026397705e-01,3.750561177730560303e-02,-1.617820560932159424e-01,-1.946250945329666138e-01,-3.960880935192108154e-01,-1.227092742919921875e-01,-5.586902499198913574e-01,-2.474511563777923584e-01,-3.849920332431793213e-01,3.149432539939880371e-01,3.478391468524932861e-02,-4.500363767147064209e-02,-4.451694488525390625e-01,-6.161037832498550415e-02,7.958111912012100220e-02,-3.283542096614837646e-01,-6.757559180259704590e-01,3.179301619529724121e-01,1.309940516948699951e-01,1.475226879119873047e-02,6.481700390577316284e-02,6.153861880302429199e-01,-5.765461325645446777e-01,-4.333229660987854004e-01,-6.553348153829574585e-02,-6.791963428258895874e-02,2.051675878465175629e-02,1.381143927574157715e-01,1.497498154640197754e-01,3.834800422191619873e-01,-1.300815492868423462e-01,-2.443994395434856415e-02,-3.135837912559509277e-01,8.837481588125228882e-02,6.098825484514236450e-02,5.473899468779563904e-02,-1.272127479314804077e-01,-5.418437533080577850e-03,1.473729610443115234e-01,6.831679493188858032e-02,-1.614686846733093262e-01,-2.515468373894691467e-02,-5.720113869756460190e-03,2.877028584480285645e-01,4.451065957546234131e-01,-3.647690117359161377e-01,8.659389615058898926e-02,-5.403100252151489258e-01,-4.679892659187316895e-01,-1.132994443178176880e-01,2.038870006799697876e-01,-1.724891513586044312e-01,-4.117688238620758057e-01,-2.793137729167938232e-02,2.966701388359069824e-01,-4.365963637828826904e-01,-5.567564368247985840e-01,-1.161621790379285812e-02,2.005125582218170166e-02,-2.636815905570983887e-01,4.499651119112968445e-02,-2.935816347599029541e-01,-3.240596270188689232e-03,-3.951479122042655945e-02,2.687415294349193573e-02,2.681959271430969238e-01,-3.143154084682464600e-02,-7.858555763959884644e-02,-3.450597226619720459e-01,-1.555540859699249268e-01,1.155671030282974243e-01,-8.687452226877212524e-02,-2.390100806951522827e-01,3.807889819145202637e-01,-5.137435626238584518e-03,-3.828213512897491455e-01,5.469303131103515625e-01,8.301635086536407471e-02,1.604983210563659668e-01,-1.515734642744064331e-01,-7.984334602952003479e-03,3.632209599018096924e-01,2.365372776985168457e-01,-1.023514047265052795e-01,-2.856247313320636749e-02,-2.493514120578765869e-01,-3.344365209341049194e-02,5.215902924537658691e-01,3.246597573161125183e-02,-8.715148270130157471e-02,-5.498017668724060059e-01,3.735337853431701660e-01,-3.903979361057281494e-01,3.241211771965026855e-01,-2.077561318874359131e-01,-6.777047514915466309e-01,4.045773297548294067e-02,-2.448359727859497070e-01,5.395073294639587402e-01,3.286162018775939941e-01,-1.767303645610809326e-01,2.169951945543289185e-01,3.254369646310806274e-02,1.941617019474506378e-02,3.261959254741668701e-01
8.908738940954208374e-02,3.815634548664093018e-02,-1.267368048429489136e-01,-5.465032067149877548e-03,1.038343459367752075e-01,-5.099638551473617554e-02,3.283263940829783678e-04,1.996859908103942871e-02,1.794328726828098297e-02,1.019962225109338760e-02,4.007592424750328064e-02,-2.591718174517154694e-02,9.481789171695709229e-02,-2.238314971327781677e-02,1.167986318469047546e-01,4.517647251486778259e-02,2.794849453493952751e-03,1.302079707384109497e-01,1.513895299285650253e-02,-3.297878056764602661e-02,6.989660859107971191e-02,6.809370219707489014e-02,2.662297151982784271e-02,5.112377181649208069e-02,2.309568226337432861e-02,1.009138375520706177e-01,-1.181835979223251343e-01,-1.338919401168823242e-01,4.280785843729972839e-02,-8.269838243722915649e-02,-3.999327123165130615e-02,-1.072444096207618713e-01,5.952376127243041992e-02,4.124158993363380432e-02,1.152513665147125721e-03,-8.608050644397735596e-02,-2.643116563558578491e-02,2.150329388678073883e-02,1.249455939978361130e-02,-1.235999166965484619e-01,1.323364526033401489e-01,-1.747936941683292389e-02,1.079680770635604858e-01,1.259674225002527237e-02,4.317741096019744873e-02,-4.341115802526473999e-02,-1.073462814092636108e-01,-4.897211212664842606e-03,-4.334980621933937073e-02,7.282172329723834991e-03,-3.946999553591012955e-03,-1.199502777308225632e-02,9.360910952091217041e-02,6.685458868741989136e-02,-4.187076166272163391e-02,-8.469390869140625000e-02,1.400661189109086990e-02,8.902747184038162231e-03,-4.168131947517395020e-02,-2.424735389649868011e-02,3.671539947390556335e-02,-1.952967047691345215e-02,1.038671284914016724e-02,-8.281952701508998871e-03,-2.120256423950195312e-02,-1.787593401968479156e-02,7.217246294021606445e-02,1.476962864398956299e-01,-1.174715608358383179e-01,6.199717894196510315e-02,-6.524699181318283081e-02,-1.054406538605690002e-02,-3.169174119830131531e-02,7.372108846902847290e-02,-4.071097820997238159e-02,-1.147751137614250183e-01,-1.026956178247928619e-02,8.534834533929824829e-02,2.048608101904392242e-02,-9.499749541282653809e-02,-9.790534153580665588e-03,3.993858117610216141e-03,-1.022530496120452881e-01,8.293013088405132294e-03,-7.749885320663452148e-02,-1.144741326570510864e-01,2.367366664111614227e-02,1.492646150290966034e-02,1.009134203195571899e-01,-1.928615011274814606e-02,-4.334461688995361328e-02,-4.859605804085731506e-02,-6.819780450314283371e-03,3.943476453423500061e-02,-5.688933283090591431e-02,-7.944498211145401001e-03,7.627880573272705078e-02,-9.879404678940773010e-04,-8.591487258672714233e-02,3.909500688314437866e-02,1.569164544343948364e-02,-3.236174816265702248e-03,-3.002979606389999390e-02,2.897963160648941994e-03,1.056961640715599060e-01,-1.162968575954437256e-02,-1.639398513361811638e-03,-2.425401844084262848e-02,-8.960688114166259766e-02,-2.489317767322063446e-02,2.660140581429004669e-02,3.021979518234729767e-02,-3.641940280795097351e-02,-1.185484156012535095e-01,1.397022753953933716e-01,-1.262879371643066406e-01,1.070628389716148376e-01,-3.594819083809852600e-02,-7.885067164897918701e-02,1.257096417248249054e-02,2.530774846673011780e-02,1.044282987713813782e-01,1.113240867853164673e-01,-7.922726869583129883e-02,-5.554449930787086487e-02,3.147647529840469360e-02,1.720381667837500572e-03,2.594513073563575745e-02
-4.148429036140441895e-01,-1.267368048429489136e-01,7.704689502716064453e-01,-1.254243105649948120e-01,-2.656608819961547852e-01,-5.178662016987800598e-02,-1.258473247289657593e-01,-1.143131554126739502e-01,3.767289221286773682e-02,-8.786090463399887085e-02,-3.008703291416168213e-01,1.872076243162155151e-01,-3.309184312820434570e-01,2.521263659000396729e-01,-5.127530694007873535e-01,-1.680082976818084717e-01,-7.604780793190002441e-02,-6.174409389495849609e-01,-1.323489844799041748e-02,2.681507468223571777e-01,-5.406651496887207031e-01,-4.437783062458038330e-01,-2.062514573335647583e-01,-7.332357764244079590e-02,-1.283834576606750488e-01,-4.988435804843902588e-01,6.063076257705688477e-01,5.398517847061157227e-01,-4.664615094661712646e-01,5.601367354393005371e-01,5.860474705696105957e-02,6.780565977096557617e-01,-4.110034108161926270e-01,-3.944719433784484863e-01,1.772630587220191956e-02,5.306960344314575195e-01,1.349049508571624756e-01,-1.218654960393905640e-01,1.031981781125068665e-01,6.636163592338562012e-01,-6.386107206344604492e-01,9.998757392168045044e-02,-4.392738044261932373e-01,-7.456164807081222534e-02,-3.156711757183074951e-01,4.523329138755798340e-01,5.574666261672973633e-01,4.129851981997489929e-02,1.943300664424896240e-01,1.465846449136734009e-01,-3.417359665036201477e-02,2.313988804817199707e-01,-4.705083668231964111e-01,-2.135531604290008545e-01,1.386979520320892334e-01,4.440396428108215332e-01,-9.955156594514846802e-02,-6.115031614899635315e-02,-7.745520025491714478e-02,2.552343606948852539e-01,-1.925588846206665039e-01,3.149570524692535400e-02,-6.933404505252838135e-02,-1.752598732709884644e-01,-5.598413199186325073e-02,1.000304743647575378e-01,-3.703963458538055420e-01,-7.096671462059020996e-01,6.545595526695251465e-01,-2.197267711162567139e-01,4.955123066902160645e-01,1.928818821907043457e-01,1.920471489429473877e-01,-5.607890486717224121e-01,2.368432134389877319e-01,5.303722620010375977e-01,5.717571079730987549e-02,-6.971443891525268555e-01,-5.621634423732757568e-02,4.966336488723754883e-01,-3.550107479095458984e-01,-3.185074031352996826e-02,4.751203656196594238e-01,-3.694216907024383545e-02,4.717077612876892090e-01,4.876566231250762939e-01,-2.016992419958114624e-01,-8.584284037351608276e-02,-5.518240928649902344e-01,4.007173329591751099e-02,2.321420460939407349e-01,3.455779850482940674e-01,3.047256171703338623e-01,-3.212032616138458252e-01,3.550000190734863281e-01,9.666512906551361084e-02,-3.908365368843078613e-01,7.765041664242744446e-03,4.153764843940734863e-01,-1.790773570537567139e-01,-4.516482353210449219e-02,-1.798975616693496704e-01,1.840439587831497192e-01,-2.297812700271606445e-02,-7.338943481445312500e-01,-9.829842299222946167e-02,2.661086618900299072e-01,1.829760968685150146e-01,5.522060394287109375e-01,1.607134342193603516e-01,-2.959001064300537109e-01,1.659256666898727417e-01,2.417829334735870361e-01,4.260497987270355225e-01,-7.235991358757019043e-01,6.069836616516113281e-01,-3.353574275970458984e-01,4.723063670098781586e-03,5.457407236099243164e-01,-8.847045898437500000e-02,-3.966145515441894531e-01,-6.344760656356811523e-01,-6.123331189155578613e-01,3.246400654315948486e-01,3.563424050807952881e-01,-1.810591369867324829e-01,-1.044313386082649231e-01,-2.537447512149810791e-01
1.395661681890487671e-01,-5.465032067149877548e-03,-1.254243105649948120e-01,2.025362402200698853e-01,2.407612744718790054e-03,1.105090305209159851e-01,5.326063930988311768e-02,1.071918010711669922e-01,-3.327641263604164124e-02,2.038497291505336761e-02,-7.918830960988998413e-02,-4.262930154800415039e-02,1.000067964196205139e-01,-4.381399974226951599e-02,4.821187257766723633e-02,-7.586455903947353363e-03,1.890091039240360260e-02,1.709272861480712891e-01,-2.136058360338211060e-02,3.279599547386169434e-02,-3.518807888031005859e-02,6.111566349864006042e-02,7.377289980649948120e-02,-1.693609058856964111e-01,5.287845805287361145e-02,-8.034085854887962341e-03,-2.859876118600368500e-02,1.737122982740402222e-02,1.943193376064300537e-02,-1.147157400846481323e-01,-2.200605720281600952e-02,-1.909649372100830078e-01,2.121079862117767334e-01,-4.679783433675765991e-02,2.163495635613799095e-03,-1.132261231541633606e-01,-3.732384182512760162e-03,2.487477473914623260e-02,-3.551787883043289185e-02,-2.742303013801574707e-01,1.081229820847511292e-01,2.146323956549167633e-02,-1.509407348930835724e-02,1.427774783223867416e-02,1.053472533822059631e-01,-8.002312481403350830e-02,-4.045550525188446045e-02,-5.392736569046974182e-02,3.772712778300046921e-03,8.805465884506702423e-03,1.420020498335361481e-02,5.482924729585647583e-02,2.146424800157546997e-01,-1.170085519552230835e-01,7.561708986759185791e-02,-9.418654441833496094e-02,-3.873764770105481148e-03,5.224143387749791145e-04,8.597328513860702515e-02,-8.916067332029342651e-02,-1.406457126140594482e-01,1.169833019375801086e-01,2.319872193038463593e-02,5.697526782751083374e-02,-1.763530448079109192e-02,-2.141488716006278992e-02,4.355682060122489929e-02,1.114097386598587036e-01,-4.451766982674598694e-02,-1.002106070518493652e-01,-1.835553497076034546e-01,2.707358077168464661e-02,-4.347427189350128174e-02,6.458736956119537354e-02,-5.084994807839393616e-02,-1.478556543588638306e-01,1.223887130618095398e-02,7.234516739845275879e-02,-2.055265605449676514e-01,-2.229513674974441528e-01,2.420253008604049683e-01,6.013699807226657867e-03,4.767301678657531738e-02,1.492028217762708664e-02,-2.018358558416366577e-01,1.218307092785835266e-01,-1.455290168523788452e-01,1.228186418302357197e-03,9.124348871409893036e-03,5.839605350047349930e-03,-1.916833221912384033e-02,-1.535285562276840210e-01,-1.489164829254150391e-01,5.648688971996307373e-02,-1.110557764768600464e-01,-1.140812039375305176e-01,-3.923916723579168320e-03,-1.857141847722232342e-03,-2.914494834840297699e-02,2.167181074619293213e-01,2.874950878322124481e-02,2.589354291558265686e-02,-7.558897882699966431e-02,2.159998053684830666e-03,2.374122738838195801e-01,2.275425940752029419e-01,-2.599408328533172607e-01,-3.778957948088645935e-02,-2.192129194736480713e-02,-1.642768643796443939e-02,2.157834321260452271e-01,-1.213727667927742004e-01,-3.733682632446289062e-02,-7.215205696411430836e-04,9.062682092189788818e-02,-8.066691458225250244e-02,3.624606877565383911e-02,1.310928165912628174e-02,-1.537686437368392944e-01,5.627093091607093811e-02,3.260556235909461975e-02,1.002887785434722900e-01,1.264012604951858521e-01,1.659389236010611057e-03,1.658188179135322571e-02,1.510695926845073700e-02,2.726227790117263794e-02,1.389236152172088623e-01
3.598209321498870850e-01,1.038343459367752075e-01,-2.656608819961547852e-01,2.407612744718790054e-03,5.397214889526367188e-01,-1.065499037504196167e-01,4.250108823180198669e-02,2.106415778398513794e-01,4.795286431908607483e-02,1.276167389005422592e-02,-1.179575081914663315e-02,-3.226494416594505310e-02,3.219943642616271973e-01,1.504548341035842896e-01,4.051297903060913086e-01,1.503606736660003662e-01,-3.664867952466011047e-02,2.840815186500549316e-01,1.138875409960746765e-01,-3.255102038383483887e-02,-8.927275426685810089e-03,1.247086524963378906e-01,3.586027398705482483e-02,2.035953700542449951e-01,7.395337801426649094e-03,2.503066882491111755e-02,-2.629279792308807373e-01,-4.634618461132049561e-01,3.388651832938194275e-02,-3.331663012504577637e-01,-1.815801411867141724e-01,-1.005128845572471619e-01,1.131631508469581604e-01,-3.954124823212623596e-02,9.494763799011707306e-03,-1.606356203556060791e-01,-6.908152997493743896e-02,4.120543599128723145e-02,-1.396020799875259399e-01,-3.679590821266174316e-01,2.510104179382324219e-01,6.039002537727355957e-02,2.738820314407348633e-01,4.098982736468315125e-02,1.940471827983856201e-01,-1.108558848500251770e-01,-3.853385746479034424e-01,-3.625172376632690430e-02,-9.319653362035751343e-02,1.520555764436721802e-01,5.006332695484161377e-02,-1.008298527449369431e-02,2.178133428096771240e-01,1.911984682083129883e-01,-1.175491958856582642e-01,-2.373833805322647095e-01,2.699049003422260284e-02,2.450125291943550110e-02,-2.484771907329559326e-01,1.121853478252887726e-02,7.519083470106124878e-02,-4.378911852836608887e-02,2.488520927727222443e-02,-1.522750407457351685e-01,-1.388354897499084473e-01,4.002501256763935089e-03,2.395479977130889893e-01,3.649414181709289551e-01,-1.515367478132247925e-01,2.367838025093078613e-01,-1.931464672088623047e-01,-1.661499738693237305e-01,4.212545230984687805e-02,4.998911544680595398e-02,-9.762337803840637207e-02,-4.435963928699493408e-01,-3.400537371635437012e-02,6.718862801790237427e-02,-5.560017749667167664e-02,-2.425800412893295288e-01,-1.901540905237197876e-01,4.018458072096109390e-03,-4.200988113880157471e-01,2.286807447671890259e-02,-2.284575253725051880e-01,-2.934440970420837402e-01,1.577494889497756958e-01,2.073961310088634491e-02,1.956966072320938110e-01,-7.885213196277618408e-02,-1.713032722473144531e-01,-9.104816615581512451e-02,1.989260166883468628e-01,-3.665995597839355469e-02,-5.591972544789314270e-02,-9.834420680999755859e-02,4.247744083404541016e-01,-1.619778457097709179e-03,-2.577365934848785400e-01,1.872619837522506714e-01,5.002767965197563171e-02,-1.140320487320423126e-02,1.822088030166924000e-03,-1.338668819516897202e-02,9.243621677160263062e-02,6.671143323183059692e-02,1.032522916793823242e-01,-1.865160837769508362e-02,-2.206925898790359497e-01,-1.498263049870729446e-02,-5.936942622065544128e-02,2.314275652170181274e-01,3.090121038258075714e-02,-4.331123530864715576e-01,3.932423889636993408e-01,-3.071724772453308105e-01,4.544930756092071533e-01,-2.651691436767578125e-01,-2.318726330995559692e-01,4.438100848346948624e-03,-1.160332933068275452e-01,2.279914617538452148e-01,1.986982077360153198e-01,-1.981408447027206421e-01,5.827136337757110596e-02,6.924977060407400131e-03,-7.054929435253143311e-02,1.263083070516586304e-01
-8.066485635936260223e-03,-5.099638551473617554e-02,-5.178662016987800598e-02,1.105090305209159851e-01,-1.065499037504196167e-01,3.024574816226959229e-01,6.719736009836196899e-02,6.728032976388931274e-02,-1.088200360536575317e-01,2.993932226672768593e-03,-1.653798483312129974e-02,-1.366630545817315578e-03,-9.182161837816238403e-02,-9.137027896940708160e-03,-6.701148301362991333e-02,-4.957107827067375183e-02,1.023500226438045502e-02,-8.916981518268585205e-02,-2.445692010223865509e-02,-4.086739569902420044e-02,3.672616928815841675e-02,2.331673353910446167e-02,6.072540581226348877e-02,-9.075298905372619629e-02,-2.510352805256843567e-02,-1.369518488645553589e-01,5.327923968434333801e-02,7.168459147214889526e-02,1.373375058174133301e-01,-1.162103191018104553e-01,9.578552097082138062e-02,1.838239468634128571e-02,-5.154269747436046600e-03,4.800785705447196960e-02,-1.402863580733537674e-02,1.554781012237071991e-02,1.869367994368076324e-02,-1.413045544177293777e-02,-1.379990875720977783e-01,-4.146699607372283936e-02,-1.204543709754943848e-01,2.906048856675624847e-02,-2.712759189307689667e-02,6.419610232114791870e-03,6.349039822816848755e-02,-9.470139443874359131e-02,1.218712981790304184e-02,-2.482444606721401215e-02,9.418563917279243469e-03,-5.837737023830413818e-02,1.249109804630279541e-01,-9.002719074487686157e-02,-4.471515119075775146e-02,-1.576859652996063232e-01,4.184672981500625610e-02,-4.513881169259548187e-03,3.258077893406152725e-03,3.846525447443127632e-03,1.370225250720977783e-01,-2.214161120355129242e-02,-3.125789389014244080e-02,4.225816205143928528e-02,2.777339890599250793e-03,2.589745633304119110e-02,4.618663340806961060e-02,2.914971671998500824e-02,-1.326117757707834244e-02,-5.890052765607833862e-02,7.049569487571716309e-02,-5.685954540967941284e-02,-5.913532897830009460e-02,-1.692173480987548828e-01,6.213451176881790161e-02,-2.543744072318077087e-02,2.042249217629432678e-02,1.069898996502161026e-02,5.733620841056108475e-03,6.973007321357727051e-02,-6.095688417553901672e-02,1.024790201336145401e-02,1.912482827901840210e-01,1.573432702571153641e-03,1.370256487280130386e-02,-1.015530899167060852e-02,-1.209184899926185608e-02,1.373241990804672241e-01,7.709798216819763184e-02,-6.459061987698078156e-03,-1.108867824077606201e-01,2.906720899045467377e-02,-7.833218201994895935e-03,-1.437358651310205460e-02,-5.079046264290809631e-02,-2.429636428132653236e-03,4.690546542406082153e-02,-8.490929752588272095e-02,5.267867818474769592e-02,-5.113814258947968483e-04,9.828693233430385590e-03,-4.682431928813457489e-03,-3.367797657847404480e-02,6.119640916585922241e-02,5.123183131217956543e-02,-2.643114654347300529e-03,2.705653011798858643e-02,1.899286955595016479e-01,-1.115223914384841919e-01,-4.932370968163013458e-03,4.366169497370719910e-02,1.520906947553157806e-02,3.621140867471694946e-02,-1.619680523872375488e-01,3.007037192583084106e-02,1.244806200265884399e-01,2.200356870889663696e-02,9.095554798841476440e-02,-5.083797499537467957e-02,7.751334458589553833e-02,-5.815729126334190369e-02,-5.508721340447664261e-03,1.014624536037445068e-01,-2.267219685018062592e-02,-5.147820711135864258e-02,9.861962497234344482e-02,1.454422529786825180e-02,-2.765889838337898254e-02,2.501968666911125183e-02,1.161670461297035217e-01
8.296686410903930664e-02,3.283263940829783678e-04,-1.258473247289657593e-01,5.326063930988311768e-02,4.250108823180198669e-02,6.719736009836196899e-02,1.110289692878723145e-01,3.535446897149085999e-02,-1.948945596814155579e-02,2.898729406297206879e-02,2.615638263523578644e-02,-2.834961935877799988e-02,-7.787337992340326309e-03,-1.187926158308982849e-02,6.432335823774337769e-02,3.926907200366258621e-03,2.329744957387447357e-02,3.781905025243759155e-02,7.995353080332279205e-03,-4.351174458861351013e-02,5.704683810472488403e-02,4.218821600079536438e-02,-7.604295853525400162e-03,-7.304900325834751129e-03,-7.246342720463871956e-04,2.157436311244964600e-02,-5.231512710452079773e-02,-4.745891317725181580e-02,9.225954860448837280e-02,-1.499037146568298340e-01,1.375166140496730804e-02,-1.031467393040657043e-01,1.153349280357360840e-01,3.076913394033908844e-02,-2.313224831596016884e-03,-5.241432413458824158e-02,-2.205204218626022339e-02,1.381763257086277008e-02,-1.231096014380455017e-01,-1.227256730198860168e-01,7.147032767534255981e-02,4.273062571883201599e-02,-4.063422605395317078e-02,1.098420377820730209e-02,6.841572374105453491e-02,-1.751525849103927612e-01,-9.329741448163986206e-02,-1.475109718739986420e-02,2.648376487195491791e-02,-8.682711981236934662e-03,-3.054869733750820160e-02,-8.674264699220657349e-02,2.872440591454505920e-02,8.010938018560409546e-02,3.081540390849113464e-02,-2.062008343636989594e-02,2.841869601979851723e-03,9.743963368237018585e-03,1.758667081594467163e-02,-5.556831508874893188e-02,2.375532500445842743e-02,3.152108192443847656e-02,1.556460000574588776e-02,1.390163302421569824e-01,5.613017454743385315e-02,-5.947874160483479500e-04,6.492682546377182007e-02,1.057128533720970154e-01,-5.221708491444587708e-02,6.976073980331420898e-02,-1.253848820924758911e-01,-8.013857156038284302e-02,3.099501365795731544e-03,1.065735667943954468e-01,-5.042774975299835205e-02,-1.394872963428497314e-01,-1.745372824370861053e-02,1.815849393606185913e-01,-5.895910412073135376e-02,-2.519517578184604645e-02,1.114525273442268372e-01,5.761174950748682022e-03,-1.085262894630432129e-01,3.014791524037718773e-03,-1.078516319394111633e-01,-9.801466763019561768e-02,1.152632087469100952e-01,4.954512696713209152e-03,1.127144843339920044e-01,1.188688096590340137e-03,-5.427998676896095276e-02,-7.234738022089004517e-02,-9.893619269132614136e-02,6.702106446027755737e-02,-4.981476813554763794e-02,-3.828782588243484497e-02,1.456369161605834961e-01,-1.765607739798724651e-03,-2.139868587255477905e-02,1.937684789299964905e-02,9.168001823127269745e-03,1.464566141366958618e-01,-2.288540825247764587e-02,-4.581539251375943422e-04,1.424797326326370239e-01,6.315544247627258301e-02,-9.339898824691772461e-02,-4.991380963474512100e-03,-2.142562121152877808e-01,-2.070208452641963959e-02,3.857009485363960266e-02,-1.075997203588485718e-01,7.633766625076532364e-03,-4.663880541920661926e-02,8.768748492002487183e-02,-7.472924143075942993e-02,-2.494594268500804901e-02,-2.561753802001476288e-02,-1.824865490198135376e-01,1.191369444131851196e-02,8.754775673151016235e-02,1.538897156715393066e-01,5.886536091566085815e-02,-5.130964890122413635e-02,4.458793252706527710e-02,-1.334428321570158005e-02,1.800803653895854950e-02,6.280903518199920654e-02
6.032128930091857910e-01,1.996859908103942871e-02,-1.143131554126739502e-01,1.071918010711669922e-01,2.106415778398513794e-01,6.728032976388931274e-02,3.535446897149085999e-02,7.301065325736999512e-01,3.911095112562179565e-02,-1.589950546622276306e-02,-1.157136932015419006e-01,-6.524226814508438110e-02,5.263139009475708008e-01,6.111657023429870605e-01,3.473886251449584961e-01,8.759066462516784668e-02,-2.440591156482696533e-02,4.330823943018913269e-02,2.735610902309417725e-01,1.983253508806228638e-01,-3.543033301830291748e-01,-6.736214458942413330e-02,3.369761705398559570e-01,-4.795229732990264893e-01,-3.701188787817955017e-02,-4.911637604236602783e-01,9.980882704257965088e-02,-1.478804647922515869e-01,-3.198617696762084961e-01,-3.978828489780426025e-01,-2.430616617202758789e-01,-9.407494962215423584e-02,9.815495461225509644e-02,-9.393421560525894165e-02,-6.196225434541702271e-02,-2.791809737682342529e-01,3.868381027132272720e-04,3.336495906114578247e-02,-4.172685146331787109e-01,-4.406279623508453369e-01,5.803801119327545166e-03,1.989340484142303467e-01,-2.382602095603942871e-01,4.260458797216415405e-02,6.368628740310668945e-01,-5.197626948356628418e-01,-2.501875758171081543e-01,-4.711863398551940918e-02,1.768721640110015869e-02,1.914197579026222229e-02,2.156140357255935669e-01,2.779141366481781006e-01,1.642491072416305542e-01,-3.771687150001525879e-01,2.378138341009616852e-02,-1.487092822790145874e-01,7.974164187908172607e-02,5.401816591620445251e-02,1.457746326923370361e-01,-2.736903168261051178e-02,-9.083368629217147827e-02,1.959284842014312744e-01,4.503632709383964539e-02,-3.420692384243011475e-01,-1.182470750063657761e-02,5.460406094789505005e-02,1.337208598852157593e-01,1.113331913948059082e-01,-1.182815805077552795e-01,-7.320031523704528809e-02,-4.160758852958679199e-01,-5.775220394134521484e-01,-3.331930935382843018e-02,-1.426908466964960098e-02,-6.721603870391845703e-02,-1.304769515991210938e-01,-4.338204860687255859e-03,4.079671204090118408e-02,-5.470335483551025391e-01,-4.124203920364379883e-01,-1.532433182001113892e-01,9.861981496214866638e-03,-5.679892376065254211e-02,3.224755451083183289e-02,-5.414253473281860352e-02,2.897279858589172363e-01,-1.246593445539474487e-01,-9.180271998047828674e-03,9.769829921424388885e-03,7.001069840043783188e-03,3.718265891075134277e-02,-2.213583141565322876e-01,-4.095794633030891418e-02,-4.924806579947471619e-02,1.186505109071731567e-01,-2.387979924678802490e-01,2.397422194480895996e-01,-2.414591843262314796e-03,-2.619655430316925049e-01,5.602943897247314453e-01,5.478823930025100708e-02,1.383586078882217407e-01,-7.608795166015625000e-02,-2.398132719099521637e-02,5.479153245687484741e-02,2.373222410678863525e-01,4.360105842351913452e-02,4.691600799560546875e-02,3.008854202926158905e-02,4.854330793023109436e-02,4.901669025421142578e-01,1.003599762916564941e-01,5.867619067430496216e-03,-3.999182581901550293e-01,7.349048554897308350e-02,-1.297924816608428955e-01,1.656417101621627808e-01,-1.806008666753768921e-01,-5.451954007148742676e-01,-1.158846914768218994e-02,-4.759752750396728516e-01,3.170793354511260986e-01,3.532019257545471191e-02,3.307035937905311584e-02,4.206518828868865967e-01,-5.045045539736747742e-02,-6.569098681211471558e-03,2.856904566287994385e-01
5.232337489724159241e-02,1.794328726828098297e-02,3.767289221286773682e-02,-3.327641263604164124e-02,4.795286431908607483e-02,-1.088200360536575317e-01,-1.948945596814155579e-02,3.911095112562179565e-02,5.330453440546989441e-02,-3.154210280627012253e-03,-2.118096500635147095e-02,-2.298186736879870296e-04,7.602529227733612061e-02,8.128168433904647827e-02,4.057531431317329407e-02,1.839211210608482361e-02,-6.479178089648485184e-03,1.497616525739431381e-02,3.688420355319976807e-02,4.830025881528854370e-02,-8.719412237405776978e-02,-3.791952133178710938e-02,7.258240366354584694e-04,-2.196722477674484253e-02,2.992162248119711876e-03,-2.212191559374332428e-02,1.553115621209144592e-02,-1.438271906226873398e-02,-1.134537458419799805e-01,2.250360138714313507e-02,-5.884033441543579102e-02,-3.814924973994493484e-03,1.908748410642147064e-02,-4.949129745364189148e-02,1.689904136583209038e-03,-1.300704851746559143e-02,-2.370242029428482056e-03,3.935536835342645645e-03,2.088097669184207916e-02,-9.848909452557563782e-03,2.813001722097396851e-02,1.846702583134174347e-02,-4.851359501481056213e-02,-1.659995061345398426e-03,2.296723984181880951e-02,-1.054084114730358124e-02,1.076110987924039364e-03,3.621772862970829010e-03,1.188735198229551315e-02,3.644185885787010193e-02,-4.421464726328849792e-02,7.004343718290328979e-02,2.102717570960521698e-02,2.617021650075912476e-02,4.505514632910490036e-03,9.816667065024375916e-03,-3.112986218184232712e-03,2.334084856556728482e-04,-4.674122110009193420e-02,9.110175073146820068e-03,-8.999218232929706573e-03,1.476634852588176727e-02,2.603365341201424599e-03,-2.374840341508388519e-02,-1.776493899524211884e-02,-2.926679560914635658e-03,7.816450670361518860e-03,1.706360466778278351e-02,-1.106332894414663315e-02,1.673462800681591034e-02,-7.681474089622497559e-03,2.093661017715930939e-02,-2.384048700332641602e-02,-8.460510522127151489e-03,-1.125018484890460968e-02,-1.103744283318519592e-02,-5.696280277334153652e-04,-4.039589688181877136e-02,-4.862731322646141052e-02,-2.375434525310993195e-02,-9.360165894031524658e-02,-4.991386085748672485e-04,1.452124305069446564e-02,5.856631789356470108e-03,6.997370161116123199e-03,-4.161866672802716494e-04,-5.243547260761260986e-02,-2.469814848154783249e-03,3.247638046741485596e-02,-1.015305798500776291e-02,1.579534076154232025e-02,-1.409801375120878220e-02,5.579552147537469864e-03,5.345554673112928867e-04,8.798756171017885208e-04,1.083406899124383926e-02,-6.929778028279542923e-03,1.222531573148444295e-04,-1.056738290935754776e-02,5.253945291042327881e-02,2.180182933807373047e-02,-2.653079805895686150e-03,-2.748588100075721741e-02,-1.547960680909454823e-03,-2.704965695738792419e-02,-4.623035341501235962e-02,3.783877566456794739e-02,1.897723227739334106e-02,-1.150583103299140930e-02,2.586635062471032143e-03,3.934310004115104675e-02,5.760245025157928467e-02,-4.104946739971637726e-03,-7.429867982864379883e-02,-4.037439078092575073e-02,-3.115021809935569763e-02,5.986499134451150894e-03,-4.804303497076034546e-02,-3.062483482062816620e-02,1.228659763000905514e-03,-1.042298153042793274e-01,2.841702289879322052e-02,5.281791090965270996e-03,-3.497946262359619141e-02,6.356813013553619385e-02,-6.198630668222904205e-03,-1.185853034257888794e-02,-2.290374226868152618e-02
2.961216866970062256e-02,1.019962225109338760e-02,-8.786090463399887085e-02,2.038497291505336761e-02,1.276167389005422592e-02,2.993932226672768593e-03,2.898729406297206879e-02,-1.589950546622276306e-02,-3.154210280627012253e-03,1.542103849351406097e-02,3.356894105672836304e-02,-2.176391333341598511e-02,1.252788305282592773e-02,-5.805425718426704407e-02,4.070339351892471313e-02,1.001824159175157547e-02,1.432326808571815491e-02,7.072366029024124146e-02,-1.007683761417865753e-02,-3.269949927926063538e-02,7.191710174083709717e-02,4.697136208415031433e-02,1.923357718624174595e-03,1.137367635965347290e-02,1.765060052275657654e-02,8.363881707191467285e-02,-6.549014151096343994e-02,-3.888487070798873901e-02,6.164983659982681274e-02,-5.334613099694252014e-02,4.382440354675054550e-03,-9.440760314464569092e-02,6.855134665966033936e-02,4.010982438921928406e-02,1.320921233855187893e-03,-5.097102001309394836e-02,-1.568797789514064789e-02,1.340294349938631058e-02,-5.145987030118703842e-03,-7.412555068731307983e-02,8.085726946592330933e-02,-9.772583842277526855e-03,2.847695723176002502e-02,6.196274422109127045e-03,1.424463372677564621e-02,-5.591075867414474487e-02,-4.672701656818389893e-02,-4.966284614056348801e-03,-9.057962335646152496e-03,-1.624159142374992371e-02,-2.537073381245136261e-02,-3.794994577765464783e-02,5.217465758323669434e-02,4.796630516648292542e-02,1.581847755005583167e-05,-3.415014222264289856e-02,4.303005989640951157e-03,4.247069358825683594e-03,1.062319986522197723e-02,-3.815368562936782837e-02,1.596188731491565704e-02,2.537678694352507591e-03,8.204022422432899475e-03,6.759762018918991089e-02,1.876846514642238617e-02,-1.473703607916831970e-02,3.659029304981231689e-02,8.310785889625549316e-02,-6.950917094945907593e-02,2.655616030097007751e-02,-5.582402274012565613e-02,8.183732628822326660e-03,-2.532011270523071289e-02,7.838846743106842041e-02,-3.076644428074359894e-02,-6.632177531719207764e-02,-6.952324882149696350e-03,1.016400903463363647e-01,6.552161648869514465e-03,-4.066383093595504761e-02,6.935640424489974976e-02,3.838419448584318161e-03,-4.460772871971130371e-02,3.699238179251551628e-03,-6.401629000902175903e-02,-7.062060385942459106e-02,2.506915293633937836e-02,8.716854266822338104e-03,7.728910446166992188e-02,-2.727102022618055344e-03,-2.726409584283828735e-02,-4.390040412545204163e-02,-6.110909953713417053e-02,5.062124878168106079e-02,-5.471755936741828918e-02,-4.138803575187921524e-03,3.752750530838966370e-02,-1.000479445792734623e-03,-2.445648796856403351e-02,5.503519438207149506e-03,6.965330801904201508e-03,4.067317768931388855e-02,-2.804994024336338043e-02,3.878622315824031830e-03,1.105421707034111023e-01,9.057576768100261688e-03,-5.795533210039138794e-02,-1.941201463341712952e-02,-9.704468399286270142e-02,-2.234806492924690247e-02,3.361626714468002319e-02,-4.599762707948684692e-02,-2.641567960381507874e-02,-2.763900160789489746e-02,7.297937572002410889e-02,-6.791297346353530884e-02,4.085364751517772675e-03,4.669126588851213455e-03,-6.846747547388076782e-02,1.509434171020984650e-02,6.985654681921005249e-02,8.047583699226379395e-02,7.138141989707946777e-02,-4.237224161624908447e-02,-4.072748124599456787e-02,1.748786494135856628e-02,1.580308564007282257e-02,1.919278874993324280e-02
-7.972954772412776947e-03,4.007592424750328064e-02,-3.008703291416168213e-01,-7.918830960988998413e-02,-1.179575081914663315e-02,-1.653798483312129974e-02,2.615638263523578644e-02,-1.157136932015419006e-01,-2.118096500635147095e-02,3.356894105672836304e-02,2.621594667434692383e-01,-6.428077071905136108e-02,-2.384591661393642426e-02,-2.344286441802978516e-01,1.294782608747482300e-01,5.560224503278732300e-02,4.233898222446441650e-02,1.537995785474777222e-01,-3.257223963737487793e-02,-1.878152191638946533e-01,4.254851937294006348e-01,1.986612379550933838e-01,8.385510183870792389e-03,1.493388265371322632e-01,3.153383359313011169e-02,3.702397346496582031e-01,-2.744556069374084473e-01,-1.844370216131210327e-01,3.129000067710876465e-01,-1.270705610513687134e-01,5.411979183554649353e-02,-2.389650344848632812e-01,2.695446088910102844e-02,2.837899625301361084e-01,-9.900433942675590515e-03,-1.558756232261657715e-01,-5.930409207940101624e-02,3.921302780508995056e-02,6.661544088274240494e-03,-8.068457990884780884e-02,2.341659665107727051e-01,-1.050620079040527344e-01,2.076072394847869873e-01,1.783597096800804138e-02,1.770246401429176331e-02,-1.616003364324569702e-01,-1.831194162368774414e-01,3.245504200458526611e-02,-8.200364559888839722e-02,-1.471118479967117310e-01,-2.684980444610118866e-02,-2.095852345228195190e-01,3.419953957200050354e-02,1.871519088745117188e-01,-1.116367429494857788e-01,-1.083909422159194946e-01,5.019382014870643616e-02,2.586936205625534058e-02,5.632864311337471008e-02,-8.349101990461349487e-02,2.095920741558074951e-01,-1.113591194152832031e-01,1.106369961053133011e-02,1.229320019483566284e-01,9.348767995834350586e-02,-4.485262557864189148e-02,1.037854328751564026e-01,2.297753095626831055e-01,-3.089560270309448242e-01,1.247174292802810669e-01,-6.996369361877441406e-02,-5.837029963731765747e-02,-7.999274879693984985e-02,2.909981310367584229e-01,-6.460882723331451416e-02,-6.522631645202636719e-02,-3.495098650455474854e-02,3.794496953487396240e-01,2.485807687044143677e-01,-2.749167382717132568e-02,1.050009578466415405e-01,1.216981001198291779e-02,-2.161202132701873779e-01,1.920583075843751431e-03,-5.021807551383972168e-02,-3.641364276409149170e-01,2.069447636604309082e-01,4.337240383028984070e-02,2.786442935466766357e-01,-2.625777618959546089e-03,-8.321398496627807617e-02,-3.092029131948947906e-02,-1.005746871232986450e-01,1.341933459043502808e-01,-1.157707422971725464e-01,7.716315239667892456e-02,1.127054393291473389e-01,-2.507262397557497025e-03,-1.179190352559089661e-01,-1.565660536289215088e-01,-1.696717366576194763e-02,9.817720949649810791e-02,-4.199397936463356018e-02,1.476252917200326920e-02,2.789324522018432617e-01,-1.590330749750137329e-01,2.120701223611831665e-02,-8.504730463027954102e-02,-2.833883464336395264e-01,-7.792266458272933960e-02,-1.912540569901466370e-02,-6.553460657596588135e-02,-1.152902022004127502e-01,-9.337932616472244263e-02,2.807783484458923340e-01,-2.102777510881423950e-01,1.841010898351669312e-02,7.876973599195480347e-02,-1.277789026498794556e-01,6.053701508790254593e-03,3.016482293605804443e-01,2.262097597122192383e-01,1.925377398729324341e-01,-1.103699803352355957e-01,-2.744453847408294678e-01,9.470174461603164673e-02,5.977230519056320190e-02,-1.674819737672805786e-02
-1.263819336891174316e-01,-2.591718174517154694e-02,1.872076243162155151e-01,-4.262930154800415039e-02,-3.226494416594505310e-02,-1.366630545817315578e-03,-2.834961935877799988e-02,-6.524226814508438110e-02,-2.298186736879870296e-04,-2.176391333341598511e-02,-6.428077071905136108e-02,5.394930019974708557e-02,-1.080175489187240601e-01,4.219700768589973450e-02,-1.249491721391677856e-01,-3.584655001759529114e-02,-2.366745285689830780e-02,-1.552917212247848511e-01,-1.210617925971746445e-02,3.691376373171806335e-02,-1.130652725696563721e-01,-9.309139847755432129e-02,-6.699294596910476685e-02,5.260741338133811951e-02,-3.621194511651992798e-02,-1.133742779493331909e-01,1.235328987240791321e-01,9.466333687305450439e-02,-7.700480520725250244e-02,1.297631412744522095e-01,2.779033221304416656e-02,2.020400315523147583e-01,-1.209496334195137024e-01,-8.444330096244812012e-02,8.427881635725498199e-03,1.479769200086593628e-01,2.959309890866279602e-02,-3.304216638207435608e-02,3.042550384998321533e-02,1.968315839767456055e-01,-1.642729490995407104e-01,1.622963324189186096e-02,-5.140530318021774292e-02,-1.727569289505481720e-02,-1.138537600636482239e-01,1.560414135456085205e-01,1.188445761799812317e-01,1.023913919925689697e-02,3.267988190054893494e-02,4.692440107464790344e-02,8.969250135123729706e-03,2.010276913642883301e-02,-1.309668719768524170e-01,-1.594794355332851410e-02,1.453395746648311615e-02,9.828521311283111572e-02,-2.587058767676353455e-02,-1.662573590874671936e-02,-5.455933511257171631e-02,7.471297681331634521e-02,-2.078993991017341614e-02,-2.084304392337799072e-02,-1.980820856988430023e-02,-4.529488459229469299e-02,-2.746210247278213501e-02,2.768254652619361877e-02,-7.904352992773056030e-02,-1.699971556663513184e-01,1.722997426986694336e-01,-1.777656748890876770e-02,1.468715518712997437e-01,5.297552421689033508e-02,6.918810307979583740e-02,-1.510424017906188965e-01,6.134351342916488647e-02,1.075998246669769287e-01,1.052485220134258270e-02,-1.906509101390838623e-01,3.584731370210647583e-02,1.547144055366516113e-01,-1.033806279301643372e-01,-8.829516358673572540e-03,6.903501600027084351e-02,-1.200687047094106674e-02,1.102502718567848206e-01,8.516585081815719604e-02,5.551547277718782425e-03,-1.881695538759231567e-02,-1.420446932315826416e-01,2.775586908683180809e-03,3.653002157807350159e-02,1.059923171997070312e-01,1.114697977900505066e-01,-8.651565015316009521e-02,9.030431509017944336e-02,2.533973753452301025e-02,-6.044561415910720825e-02,2.092357724905014038e-03,9.525419026613235474e-02,-8.823884278535842896e-02,-1.803361624479293823e-02,-6.231069564819335938e-02,6.897665560245513916e-02,-5.995722953230142593e-03,-2.226150929927825928e-01,-2.921121381223201752e-02,8.889317512512207031e-02,4.124338924884796143e-02,1.361911743879318237e-01,3.864096477627754211e-02,-1.445835679769515991e-01,5.347555130720138550e-02,7.125021517276763916e-02,1.040702313184738159e-01,-1.554041504859924316e-01,1.515533924102783203e-01,-4.042649641633033752e-02,-1.045915950089693069e-02,1.804545372724533081e-01,-2.777576446533203125e-02,-7.124793529510498047e-02,-1.828859001398086548e-01,-1.499899923801422119e-01,6.743552535772323608e-02,6.390710175037384033e-02,-4.372389987111091614e-02,-3.434427082538604736e-02,-6.289014965295791626e-02
