3.707832694053649902e-01,-1.182385254651308060e-02,1.139252632856369019e-01,-1.476756483316421509e-01,2.128542065620422363e-01,-2.084703445434570312e-01,7.658101618289947510e-02,3.165898323059082031e-01,2.727142535150051117e-02,-2.313985675573348999e-02,-1.433322578668594360e-01,-3.189263492822647095e-02,-1.807791888713836670e-01,-6.442551314830780029e-02,-7.147432863712310791e-02,3.535926714539527893e-02,4.465729929506778717e-03,-3.238936886191368103e-02,1.291203051805496216e-01,6.327924877405166626e-02,1.816087402403354645e-02,-1.333696544170379639e-01,-1.765503883361816406e-01,1.158759370446205139e-01,-2.824828960001468658e-03,-1.869513094425201416e-02,1.878359168767929077e-01,-2.389273196458816528e-01,-1.021460220217704773e-01,-1.141178458929061890e-01,-1.746714115142822266e-01,1.197974458336830139e-01,-9.879621118307113647e-02,-1.013977602124214172e-01,-8.765631355345249176e-03,9.272050857543945312e-02,-4.505204409360885620e-02,-4.970129951834678650e-02,-1.809103488922119141e-01,-2.127541601657867432e-01,1.351514309644699097e-01,8.959589153528213501e-02,-1.673960983753204346e-01,-1.058446429669857025e-02,-3.547697886824607849e-02,2.575595676898956299e-01,5.290506035089492798e-02,-8.048950880765914917e-02,5.365486443042755127e-02,4.272266477346420288e-02,-1.491433084011077881e-01,-8.929358422756195068e-02,2.006993591785430908e-01,-7.756536453962326050e-02,-2.958823926746845245e-02,2.031642943620681763e-02,8.341184258460998535e-02,-2.881434280425310135e-03,1.136928647756576538e-01,8.353591710329055786e-02,-6.376039981842041016e-02,-5.299909040331840515e-02,-1.060610404238104820e-03,1.606937497854232788e-01,1.058208048343658447e-01,2.821148559451103210e-02,-2.123375087976455688e-01,4.683607816696166992e-02,6.072568893432617188e-02,2.146169096231460571e-01,-9.734676033258438110e-02,2.389096766710281372e-01,7.348021864891052246e-02,-7.701719552278518677e-02,-1.786443889141082764e-01,-7.962030172348022461e-02,1.489436370320618153e-03,-1.080277562141418457e-01,-8.492913097143173218e-02,3.097929432988166809e-02,-3.501523658633232117e-02,-2.125604078173637390e-04,-7.464777212589979172e-03,5.242470651865005493e-04,-2.383984476327896118e-01,1.755461245775222778e-01,1.340356171131134033e-01,-6.349247996695339680e-04,-1.852026581764221191e-01,7.017774973064661026e-03,-1.447684913873672485e-01,1.440638154745101929e-01,1.457399725914001465e-01,-1.322423666715621948e-01,-1.861762604676187038e-03,-2.774226963520050049e-01,7.145380228757858276e-02,-2.282496825500857085e-05,-2.326001040637493134e-02,1.930326819419860840e-01,-1.158555671572685242e-01,1.926625967025756836e-01,9.055275470018386841e-02,2.436724863946437836e-02,-1.535786539316177368e-01,1.932938992977142334e-01,1.427717655897140503e-01,1.474664509296417236e-01,-3.022165596485137939e-01,1.193257141858339310e-02,-1.204682290554046631e-01,1.925190836191177368e-01,8.844990283250808716e-02,-7.421652227640151978e-02,-2.675367286428809166e-03,5.113025009632110596e-02,2.036410272121429443e-01,-1.194506883621215820e-01,-8.307033777236938477e-02,-6.151640415191650391e-02,-1.622032225131988525e-01,4.501907154917716980e-02,6.447508931159973145e-03,1.902100592851638794e-01,7.632021605968475342e-02,1.124174967408180237e-01,3.861952573060989380e-03,-4.016517661511898041e-03
-1.182385254651308060e-02,1.524829305708408356e-02,-1.092916950583457947e-01,7.471930980682373047e-02,5.554683133959770203e-02,6.414357107132673264e-03,-4.108382388949394226e-03,3.634685650467872620e-02,4.903406649827957153e-02,5.180972442030906677e-02,-1.070978865027427673e-02,-4.780511930584907532e-02,8.923169970512390137e-02,7.093274593353271484e-02,1.041652709245681763e-01,1.143392696976661682e-01,-1.256029936484992504e-03,6.856758892536163330e-02,-8.851931244134902954e-02,-7.103153318166732788e-02,-7.296012341976165771e-02,7.761316746473312378e-02,7.466968148946762085e-02,-2.155168168246746063e-02,1.371260080486536026e-02,1.022519096732139587e-01,-1.063671559095382690e-01,-5.178960412740707397e-02,9.857542812824249268e-02,1.478394959121942520e-03,2.487635612487792969e-02,-1.210882216691970825e-01,8.547221124172210693e-02,7.571689039468765259e-02,-3.813875373452901840e-03,-1.110401898622512817e-01,6.587887555360794067e-02,8.879075944423675537e-02,-6.711206585168838501e-02,-6.501179933547973633e-02,8.971622586250305176e-02,1.936117373406887054e-02,1.037596240639686584e-01,2.184457331895828247e-02,-2.883922308683395386e-02,-8.998183161020278931e-02,-1.012296527624130249e-01,-2.599748037755489349e-02,-1.540040015242993832e-03,1.208294089883565903e-02,8.341605775058269501e-03,-4.834127612411975861e-03,2.690672315657138824e-02,-6.487840437330305576e-05,-1.063264906406402588e-02,-1.209824457764625549e-01,2.203807234764099121e-02,6.315634120255708694e-03,-6.524924933910369873e-02,-8.474307507276535034e-02,-1.545278355479240417e-02,8.821600116789340973e-03,2.591755706816911697e-03,4.092324897646903992e-02,2.261443762108683586e-03,-3.006862662732601166e-02,2.586400881409645081e-02,1.081158071756362915e-01,-1.055457741022109985e-01,3.746053203940391541e-02,-8.896367996931076050e-02,-2.610934898257255554e-02,-2.602189034223556519e-02,9.756097942590713501e-02,-2.917715348303318024e-02,-9.870293736457824707e-02,-8.657992584630846977e-04,1.212020888924598694e-01,-3.515783697366714478e-02,-9.679475426673889160e-02,1.103662773966789246e-01,2.879765233956277370e-04,-9.632524847984313965e-02,-1.094027305953204632e-03,-8.715891093015670776e-02,-1.024625450372695923e-01,5.466954037547111511e-02,2.300320891663432121e-03,7.706124335527420044e-02,6.955784559249877930e-02,-2.002416364848613739e-02,-3.563592955470085144e-02,-8.537881821393966675e-02,4.215738177299499512e-02,-9.220877289772033691e-02,1.757438993081450462e-03,6.942605972290039062e-02,-1.368471293972106650e-05,-9.106774628162384033e-02,6.512176990509033203e-02,-2.850328944623470306e-02,5.111793801188468933e-02,-1.160544902086257935e-01,-8.714248239994049072e-02,1.237304210662841797e-01,1.949435658752918243e-02,-8.573675155639648438e-02,-9.688044339418411255e-02,-1.489187311381101608e-02,-4.739891272038221359e-03,7.476953417062759399e-02,-7.897930592298507690e-02,-1.008590757846832275e-01,4.315908998250961304e-03,1.106361076235771179e-01,-1.019826307892799377e-01,5.610814690589904785e-02,5.370427668094635010e-02,-1.086324378848075867e-01,4.428937286138534546e-02,7.484281063079833984e-02,8.383875340223312378e-02,9.143744409084320068e-02,-6.240924075245857239e-02,-5.624043941497802734e-02,-8.705327659845352173e-02,-1.011878135614097118e-03,7.768120616674423218e-02
1.139252632856369019e-01,-1.092916950583457947e-01,7.818514108657836914e-01,-6.174581646919250488e-01,-3.847240805625915527e-01,-1.294265985488891602e-01,1.054820045828819275e-02,-2.624101936817169189e-01,-3.199836015701293945e-01,-3.973566889762878418e-01,9.617318958044052124e-02,3.744341433048248291e-01,-6.074930429458618164e-01,-5.783601999282836914e-01,-7.512046694755554199e-01,-7.413500547409057617e-01,9.143966250121593475e-03,-5.083777308464050293e-01,6.653997898101806641e-01,5.707994699478149414e-01,5.217866301536560059e-01,-6.229825615882873535e-01,-6.143370270729064941e-01,1.724579036235809326e-01,-1.049107611179351807e-01,-6.499740481376647949e-01,7.327688336372375488e-01,3.243104219436645508e-01,-7.121441960334777832e-01,-2.383739128708839417e-02,-1.872945129871368408e-01,8.098135590553283691e-01,-6.252248883247375488e-01,-6.373520493507385254e-01,3.036044165492057800e-02,7.466855049133300781e-01,-4.970778524875640869e-01,-6.652920842170715332e-01,4.270320832729339600e-01,5.181393623352050781e-01,-6.043906807899475098e-01,-1.529279649257659912e-01,-7.310623526573181152e-01,-1.734286397695541382e-01,1.961925774812698364e-01,6.435871720314025879e-01,7.490888833999633789e-01,2.036970704793930054e-01,3.001428581774234772e-02,-2.899867855012416840e-02,-7.278931140899658203e-02,7.552798837423324585e-02,-2.140346169471740723e-01,1.734842173755168915e-02,6.630874425172805786e-02,8.106245994567871094e-01,-2.009321898221969604e-01,-4.960635304450988770e-02,4.748761951923370361e-01,6.598566174507141113e-01,1.236134395003318787e-01,-7.986700534820556641e-02,-2.093872614204883575e-02,-2.737916707992553711e-01,-4.763939417898654938e-03,2.243457287549972534e-01,-1.725489199161529541e-01,-7.251059412956237793e-01,7.403664588928222656e-01,-2.395136654376983643e-01,6.458607912063598633e-01,2.309281229972839355e-01,2.103052437305450439e-01,-7.228010892868041992e-01,1.803977489471435547e-01,6.911508440971374512e-01,5.681143607944250107e-03,-8.230853676795959473e-01,3.098684251308441162e-01,7.028968334197998047e-01,-7.821310162544250488e-01,-2.287994837388396263e-03,6.866679787635803223e-01,9.292734786868095398e-03,5.831912755966186523e-01,7.219036817550659180e-01,-4.030210673809051514e-01,-1.678828522562980652e-02,-5.366071462631225586e-01,-5.387455224990844727e-01,1.483033597469329834e-01,2.803905904293060303e-01,6.398500800132751465e-01,-3.355025947093963623e-01,6.723905205726623535e-01,-1.919412426650524139e-02,-5.304896235466003418e-01,1.046245160978287458e-04,6.384130716323852539e-01,-4.543697237968444824e-01,2.525324225425720215e-01,-3.195854723453521729e-01,7.959981560707092285e-01,6.519523859024047852e-01,-8.215079307556152344e-01,-2.445174902677536011e-01,6.241292953491210938e-01,6.834737062454223633e-01,5.157484486699104309e-02,3.497159853577613831e-02,-5.688394308090209961e-01,6.394566297531127930e-01,7.341554760932922363e-01,-1.230859905481338501e-01,-7.641263604164123535e-01,7.218211293220520020e-01,-3.738464713096618652e-01,-4.323495626449584961e-01,7.525190114974975586e-01,-3.524006009101867676e-01,-5.668135285377502441e-01,-6.295953989028930664e-01,-6.740989089012145996e-01,4.590717852115631104e-01,4.820044338703155518e-01,6.605662703514099121e-01,2.835937775671482086e-03,-6.113044023513793945e-01
-1.476756483316421509e-01,7.471930980682373047e-02,-6.174581646919250488e-01,6.380050182342529297e-01,1.593486219644546509e-01,1.973955035209655762e-01,-2.018231526017189026e-02,4.468559473752975464e-02,2.378177791833877563e-01,2.976811528205871582e-01,-1.296871900558471680e-01,-2.707305848598480225e-01,3.644429445266723633e-01,5.602652430534362793e-01,5.875623822212219238e-01,4.627984762191772461e-01,-4.838551394641399384e-03,3.879973292350769043e-01,-5.829689502716064453e-01,-4.455702304840087891e-01,-5.215998291969299316e-01,5.062688589096069336e-01,5.326946973800659180e-01,-1.256302446126937866e-01,7.937192916870117188e-02,3.519971966743469238e-01,-5.171855092048645020e-01,-3.897792845964431763e-02,4.680870473384857178e-01,1.490125805139541626e-01,1.321204900741577148e-01,-6.568133831024169922e-01,5.957063436508178711e-01,4.991365671157836914e-01,-8.138542063534259796e-03,-5.068259835243225098e-01,3.491666316986083984e-01,4.671174883842468262e-01,-9.193471074104309082e-02,-4.679505527019500732e-01,4.234860241413116455e-01,1.419666409492492676e-01,5.418311953544616699e-01,1.249445527791976929e-01,-1.989732980728149414e-01,-4.181804656982421875e-01,-6.172384023666381836e-01,-1.637913882732391357e-01,-3.886696323752403259e-02,4.334999620914459229e-02,9.477867931127548218e-02,8.875555358827114105e-03,2.205925583839416504e-01,-3.386386111378669739e-02,7.831300050020217896e-02,-5.836198925971984863e-01,1.778796166181564331e-01,3.381806984543800354e-02,-3.770532906055450439e-01,-5.701577067375183105e-01,-1.280274242162704468e-01,1.337868869304656982e-01,2.108212001621723175e-02,1.443426311016082764e-01,2.683258429169654846e-02,-1.613538861274719238e-01,1.433888226747512817e-01,4.648774564266204834e-01,-5.434572696685791016e-01,-6.479171570390462875e-03,-4.163964390754699707e-01,-7.644951343536376953e-02,-2.410911917686462402e-01,5.766434669494628906e-01,-1.353971213102340698e-01,-5.066177248954772949e-01,-1.895102905109524727e-03,6.061164140701293945e-01,-3.998109996318817139e-01,-5.129238367080688477e-01,6.889398097991943359e-01,1.703271525911986828e-03,-4.315249025821685791e-01,-4.993853159248828888e-03,-3.791549205780029297e-01,-5.193367004394531250e-01,1.353770643472671509e-01,8.342402055859565735e-03,3.447197675704956055e-01,3.646026551723480225e-01,-9.169723838567733765e-02,-3.594869971275329590e-01,-5.754718780517578125e-01,3.508920371532440186e-01,-5.524432063102722168e-01,8.749177306890487671e-02,3.444170653820037842e-01,-6.628885603277012706e-05,-3.656128644943237305e-01,2.360959351062774658e-01,-1.201174333691596985e-01,1.448245160281658173e-02,-6.719149351119995117e-01,-4.422945678234100342e-01,6.623118519783020020e-01,3.250585794448852539e-01,-6.658287644386291504e-01,-4.796995520591735840e-01,1.383906155824661255e-01,-2.971056662499904633e-02,5.554252266883850098e-01,-6.195446252822875977e-01,-5.973443388938903809e-01,2.262468636035919189e-01,5.409688353538513184e-01,-5.282348394393920898e-01,9.895367175340652466e-02,3.145540952682495117e-01,-5.584010481834411621e-01,3.286226987838745117e-01,4.103589653968811035e-01,5.200657248497009277e-01,5.262962579727172852e-01,-3.898628652095794678e-01,-3.667998909950256348e-01,-5.390744209289550781e-01,-1.102919876575469971e-02,4.572491645812988281e-01
2.128542065620422363e-01,5.554683133959770203e-02,-3.847240805625915527e-01,1.593486219644546509e-01,4.507386386394500732e-01,-1.298478096723556519e-01,5.469390004873275757e-02,4.735322594642639160e-01,1.683918088674545288e-01,1.947817802429199219e-01,-1.164771839976310730e-01,-2.297825962305068970e-01,2.899217903614044189e-01,1.886194050312042236e-01,3.891396820545196533e-01,5.639567375183105469e-01,-3.437962615862488747e-03,2.661724686622619629e-01,-2.496285289525985718e-01,-2.400104254484176636e-01,-1.775356680154800415e-01,2.197397202253341675e-01,1.706643551588058472e-01,-1.065777987241744995e-02,5.249053239822387695e-02,4.696676135063171387e-01,-3.388122022151947021e-01,-4.696641266345977783e-01,4.284398853778839111e-01,-1.436977833509445190e-01,-1.130411680787801743e-02,-3.995020687580108643e-01,2.175849825143814087e-01,2.655082046985626221e-01,-3.186188638210296631e-02,-4.327004551887512207e-01,2.526927590370178223e-01,3.579028546810150146e-01,-5.553420186042785645e-01,-3.872825801372528076e-01,4.726351201534271240e-01,1.254855245351791382e-01,3.380823731422424316e-01,9.039376676082611084e-02,-8.236332982778549194e-02,-2.558138966560363770e-01,-3.947647213935852051e-01,-1.599930524826049805e-01,2.343625389039516449e-02,4.592669755220413208e-02,-8.030316233634948730e-02,-1.563885957002639771e-01,1.998067051172256470e-01,-4.248362779617309570e-02,-1.419361531734466553e-01,-5.415471792221069336e-01,1.489908248186111450e-01,2.744828909635543823e-02,-1.733752042055130005e-01,-2.708188295364379883e-01,-7.805865257978439331e-02,-4.912215471267700195e-02,6.837387569248676300e-03,2.811551690101623535e-01,5.564364418387413025e-02,-1.066446453332901001e-01,-4.165200144052505493e-02,5.358096957206726074e-01,-4.027663171291351318e-01,3.933054506778717041e-01,-4.960987865924835205e-01,-4.132651910185813904e-02,2.743292599916458130e-03,3.546068370342254639e-01,-2.146442085504531860e-01,-4.771147668361663818e-01,-3.605304984375834465e-03,4.768884479999542236e-01,-1.228248700499534607e-01,-3.958790004253387451e-01,4.104123413562774658e-01,1.087500015273690224e-03,-4.724121987819671631e-01,-5.856644827872514725e-03,-5.613547563552856445e-01,-3.421447575092315674e-01,4.081448614597320557e-01,1.146494131535291672e-02,1.882497668266296387e-01,3.196854591369628906e-01,-2.006369382143020630e-01,4.192918911576271057e-02,-1.972122192382812500e-01,1.501510012894868851e-02,-3.683033585548400879e-01,-2.149198651313781738e-01,3.901786804199218750e-01,-7.934274617582559586e-05,-4.563713073730468750e-01,4.505350887775421143e-01,-2.518914937973022461e-01,4.475350081920623779e-01,-3.997191786766052246e-01,-3.759084939956665039e-01,4.112620055675506592e-01,1.805643737316131592e-01,-1.593856513500213623e-01,-3.334363400936126709e-01,-3.421011865139007568e-01,-6.777868140488862991e-03,1.363111734390258789e-01,-1.408198028802871704e-01,-3.564553558826446533e-01,-8.754307776689529419e-02,5.280860662460327148e-01,-3.969890475273132324e-01,4.611021280288696289e-01,1.639862060546875000e-01,-5.429216623306274414e-01,1.064811795949935913e-01,2.214459329843521118e-01,3.478139042854309082e-01,3.708430230617523193e-01,-9.639554470777511597e-02,-1.962710767984390259e-01,-2.579983174800872803e-01,-6.900480366311967373e-04,3.287433981895446777e-01
-2.084703445434570312e-01,6.414357107132673264e-03,-1.294265985488891602e-01,1.973955035209655762e-01,-1.298478096723556519e-01,2.101706266403198242e-01,-2.424860373139381409e-02,-1.555341929197311401e-01,-5.065027251839637756e-02,3.229998052120208740e-02,5.283660441637039185e-02,-1.522111706435680389e-02,7.294365763664245605e-02,1.517569869756698608e-01,1.079071164131164551e-01,-1.627760380506515503e-02,-2.583211520686745644e-03,2.820842713117599487e-02,-1.182387843728065491e-01,-9.552807360887527466e-02,-4.882646352052688599e-02,1.391217559576034546e-01,1.842219829559326172e-01,-6.756006926298141479e-02,6.316555198282003403e-03,-5.029358714818954468e-02,-1.274053752422332764e-01,1.746235787868499756e-01,1.119157448410987854e-01,8.171953260898590088e-02,9.654216468334197998e-02,-1.104619055986404419e-01,1.033280864357948303e-01,1.598824560642242432e-01,2.126050880178809166e-03,-6.803676486015319824e-02,4.002358764410018921e-02,5.350473523139953613e-02,1.314014941453933716e-01,3.974101040512323380e-03,-8.438912779092788696e-02,-2.444616518914699554e-02,1.269237697124481201e-01,2.240534685552120209e-02,3.392438217997550964e-02,-1.640003770589828491e-01,-1.079877987504005432e-01,1.831624098122119904e-02,-6.001725792884826660e-02,-7.033680379390716553e-02,9.074259549379348755e-02,-3.470313502475619316e-03,-7.197670638561248779e-02,1.812210865318775177e-02,3.184263408184051514e-02,-6.984411925077438354e-02,-4.118235083296895027e-04,5.177119746804237366e-03,-5.702032521367073059e-02,-1.121648848056793213e-01,2.173671498894691467e-02,4.787871241569519043e-02,3.888148814439773560e-03,-1.246000379323959351e-01,-6.819586455821990967e-02,-1.782009936869144440e-02,1.042288690805435181e-01,-7.692943327128887177e-03,-6.387963145971298218e-02,-1.521492898464202881e-01,1.901851221919059753e-02,-1.840548515319824219e-01,-6.275698542594909668e-02,1.045458316802978516e-01,1.231473311781883240e-01,8.609742857515811920e-03,6.595700688194483519e-05,1.159805133938789368e-01,-3.295663371682167053e-02,-5.081650614738464355e-02,1.079479083418846130e-01,3.325312572997063398e-04,-2.718492969870567322e-02,-1.688920892775058746e-03,1.238628029823303223e-01,-1.207884922623634338e-01,-6.972104310989379883e-02,9.785868314793333411e-05,5.615718290209770203e-02,2.412945963442325592e-02,7.025314122438430786e-02,-1.110829263925552368e-01,-1.247954443097114563e-01,1.112040132284164429e-01,-3.486458212137222290e-02,1.434924304485321045e-01,3.628397127613425255e-03,6.714424671372398734e-06,5.841514095664024353e-03,-1.323372125625610352e-01,1.954522728919982910e-02,-1.653646379709243774e-01,-1.076431348919868469e-01,-3.687210381031036377e-02,1.167588382959365845e-01,3.091182373464107513e-02,-1.533008217811584473e-01,-8.315570652484893799e-02,2.303408235311508179e-01,-6.442996673285961151e-03,1.356982886791229248e-01,-2.120408266782760620e-01,-1.043430343270301819e-01,1.309603601694107056e-01,5.632708966732025146e-02,-5.526860803365707397e-02,-1.285313516855239868e-01,9.618870913982391357e-02,-1.392579264938831329e-02,6.956252455711364746e-02,1.030718758702278137e-01,2.852102182805538177e-02,4.622348770499229431e-02,-1.131692677736282349e-01,-1.208093911409378052e-01,-1.059293746948242188e-01,-1.350348175037652254e-04,5.220253393054008484e-02
7.658101618289947510e-02,-4.108382388949394226e-03,1.054820045828819275e-02,-2.018231526017189026e-02,5.469390004873275757e-02,-2.424860373139381409e-02,7.178872823715209961e-02,8.940855413675308228e-02,-3.660370036959648132e-02,6.738684140145778656e-03,-6.456569582223892212e-02,-5.598441930487751961e-04,-6.069049611687660217e-02,-5.376469716429710388e-02,-2.747537568211555481e-02,-8.981245569884777069e-03,7.071731379255652428e-04,-1.623193733394145966e-02,-5.797208286821842194e-03,3.162707434967160225e-04,2.424676716327667236e-02,-4.021683335304260254e-02,-3.795612230896949768e-02,3.163530305027961731e-02,-1.340159506071358919e-04,-1.656563207507133484e-02,5.686590448021888733e-02,-4.219259694218635559e-02,2.409115666523575783e-03,-6.330404430627822876e-02,-3.641145676374435425e-02,4.109118878841400146e-02,-1.877212896943092346e-03,-8.905077702365815639e-04,-1.475990400649607182e-03,5.041642487049102783e-02,-1.257272344082593918e-02,2.611014861031435430e-05,-5.110356211662292480e-02,-5.702924728393554688e-02,4.088293388485908508e-02,2.537801116704940796e-02,-4.545827955007553101e-02,-5.331077845767140388e-04,-3.429586812853813171e-02,6.098004430532455444e-02,-4.037910606712102890e-03,-1.299515459686517715e-02,2.836299501359462738e-02,3.847308224067091942e-03,-2.278028801083564758e-02,-3.736970946192741394e-02,4.963119700551033020e-02,-6.341390311717987061e-03,-8.424562402069568634e-03,3.900379640981554985e-03,1.561664603650569916e-02,-6.400892161764204502e-04,2.294940175488591194e-03,2.562421560287475586e-02,-2.846387960016727448e-02,-1.093894988298416138e-02,-7.426202064380049706e-04,7.422816753387451172e-02,2.554165944457054138e-02,5.444940645247697830e-03,-7.925418019294738770e-02,8.917325176298618317e-03,2.386534400284290314e-02,6.006421148777008057e-02,-4.963938519358634949e-02,5.603969842195510864e-02,2.948826178908348083e-02,-2.404914796352386475e-02,-4.657026752829551697e-02,-3.766961768269538879e-02,6.010042852722108364e-04,-9.674376808106899261e-03,-2.471982687711715698e-02,1.276155561208724976e-02,3.324459539726376534e-03,-8.336614700965583324e-05,-1.603914052248001099e-02,-9.199953638017177582e-04,-6.638726592063903809e-02,4.730211570858955383e-02,7.497222721576690674e-02,-4.497493209782987833e-04,-5.859946459531784058e-02,1.076007448136806488e-02,-5.116854980587959290e-02,4.330340400338172913e-02,3.498500585556030273e-02,-4.464014619588851929e-02,-1.833263970911502838e-02,-7.358366996049880981e-02,2.684909477829933167e-02,-1.231553960678866133e-05,2.166190883144736290e-03,6.110537797212600708e-02,-4.737431555986404419e-02,6.980452686548233032e-02,3.113539889454841614e-02,1.162993139587342739e-03,4.676930548157542944e-04,9.902749210596084595e-02,2.322226762771606445e-02,4.966741427779197693e-02,-9.358455240726470947e-02,3.222110914066433907e-03,-8.429936319589614868e-02,1.476900186389684677e-02,3.103348053991794586e-02,2.178130671381950378e-02,1.240830495953559875e-02,-3.967018332332372665e-03,2.209058031439781189e-02,-5.690914578735828400e-03,-4.020426049828529358e-02,-1.847771555185317993e-02,-2.634307928383350372e-02,2.400825358927249908e-02,-5.837703589349985123e-03,6.561078131198883057e-02,2.161426655948162079e-02,1.974639855325222015e-02,1.398004009388387203e-03,3.391717746853828430e-02
3.165898323059082031e-01,3.634685650467872620e-02,-2.624101936817169189e-01,4.468559473752975464e-02,4.735322594642639160e-01,-1.555341929197311401e-01,8.940855413675308228e-02,6.208087205886840820e-01,8.044303208589553833e-02,1.349157392978668213e-01,-1.028743907809257507e-01,-2.212288975715637207e-01,1.739165633916854858e-01,1.106213554739952087e-01,2.961485087871551514e-01,4.993445873260498047e-01,-7.885775412432849407e-04,1.704041510820388794e-01,-1.050670966506004333e-01,-1.666468530893325806e-01,-9.917583316564559937e-03,1.501144617795944214e-01,6.218611449003219604e-02,6.869504693895578384e-03,3.979388996958732605e-02,3.859735429286956787e-01,-2.114713340997695923e-01,-5.271202921867370605e-01,3.896950781345367432e-01,-2.043978422880172729e-01,-8.009715378284454346e-02,-2.485689222812652588e-01,3.666309267282485962e-02,2.343388795852661133e-01,-4.308819398283958435e-02,-3.450224995613098145e-01,1.910790652036666870e-01,2.852574586868286133e-01,-6.364522576332092285e-01,-3.882479965686798096e-01,4.023745656013488770e-01,1.146019920706748962e-01,2.035518437623977661e-01,7.777792215347290039e-02,1.926241442561149597e-02,-1.658929586410522461e-01,-2.975777983665466309e-01,-1.583871692419052124e-01,2.336859516799449921e-02,-5.234009027481079102e-02,-1.430849581956863403e-01,-2.528350055217742920e-01,1.917885988950729370e-01,-8.666268736124038696e-02,-2.063137292861938477e-01,-4.622015953063964844e-01,1.777299940586090088e-01,2.541157044470310211e-02,-1.677287369966506958e-02,-1.654153764247894287e-01,-6.496620923280715942e-02,-1.042270809412002563e-01,2.372398972511291504e-03,2.372825443744659424e-01,5.479817092418670654e-02,-7.118874043226242065e-02,-1.506077051162719727e-01,4.691229462623596191e-01,-3.123405575752258301e-01,4.597432911396026611e-01,-4.844539165496826172e-01,-7.634810358285903931e-02,7.788473367691040039e-02,2.785240411758422852e-01,-1.667599976062774658e-01,-3.903433978557586670e-01,-2.954014111310243607e-03,3.765007257461547852e-01,-6.685816496610641479e-02,-3.183076381683349609e-01,2.897511422634124756e-01,9.299950907006859779e-04,-4.294853508472442627e-01,-6.098077632486820221e-03,-5.351482629776000977e-01,-2.279060631990432739e-01,4.482582807540893555e-01,1.146823540329933167e-02,4.908214882016181946e-02,2.962222397327423096e-01,-2.147834002971649170e-01,2.010630518198013306e-01,-4.360722005367279053e-02,-9.461124986410140991e-02,-2.657689750194549561e-01,-3.207544386386871338e-01,3.639327287673950195e-01,-7.968357385834679008e-05,-4.317969083786010742e-01,4.527214765548706055e-01,-3.318340182304382324e-01,5.191327929496765137e-01,-2.660113871097564697e-01,-3.207106292247772217e-01,2.436958551406860352e-01,2.092875242233276367e-01,4.240580275654792786e-02,-2.271561622619628906e-01,-4.337620139122009277e-01,4.839934874325990677e-03,1.076148170977830887e-02,-7.015032228082418442e-03,-2.506729960441589355e-01,-9.069345146417617798e-02,4.594826400279998779e-01,-2.893203794956207275e-01,5.275043845176696777e-01,1.153945177793502808e-01,-4.819849431514739990e-01,2.555905468761920929e-02,1.098573431372642517e-01,2.668818235397338867e-01,2.673497498035430908e-01,6.180694699287414551e-02,-1.867170482873916626e-01,-1.370455473661422729e-01,1.377776451408863068e-02,2.661342024803161621e-01
2.727142535150051117e-02,4.903406649827957153e-02,-3.199836015701293945e-01,2.378177791833877563e-01,1.683918088674545288e-01,-5.065027251839637756e-02,-3.660370036959648132e-02,8.044303208589553833e-02,2.817218899726867676e-01,1.807467341423034668e-01,-1.000368297100067139e-01,-1.661391854286193848e-01,2.223770320415496826e-01,2.518909275531768799e-01,3.238957822322845459e-01,3.549481332302093506e-01,-3.962727787438780069e-04,2.152060419321060181e-01,-3.162566423416137695e-01,-2.311816960573196411e-01,-3.789719939231872559e-01,2.476667910814285278e-01,1.927525401115417480e-01,-6.132770329713821411e-02,5.347952991724014282e-02,3.420405089855194092e-01,-2.926293015480041504e-01,-1.433655917644500732e-01,2.038054019212722778e-01,5.893871933221817017e-02,2.033592015504837036e-02,-4.310928881168365479e-01,3.427380621433258057e-01,1.969268918037414551e-01,-3.128435229882597923e-03,-3.342148959636688232e-01,2.130945175886154175e-01,2.790259718894958496e-01,-1.281751990318298340e-01,-2.696793675422668457e-01,3.760586977005004883e-01,1.022191867232322693e-01,2.721858620643615723e-01,6.008606031537055969e-02,-1.985359042882919312e-01,-1.847596317529678345e-01,-3.069277405738830566e-01,-1.064262166619300842e-01,4.364179447293281555e-02,7.642620056867599487e-02,-1.324588339775800705e-02,8.303637802600860596e-02,2.000229209661483765e-01,-4.383448511362075806e-02,5.053247883915901184e-02,-3.462323546409606934e-01,9.688960015773773193e-02,1.758535951375961304e-02,-2.180476337671279907e-01,-2.886171638965606689e-01,-1.117900237441062927e-01,7.693477720022201538e-02,1.118440181016921997e-02,2.193366736173629761e-01,8.605173230171203613e-02,-1.028694808483123779e-01,2.191198803484439850e-02,3.247645199298858643e-01,-3.529858887195587158e-01,9.190771728754043579e-02,-2.724676728248596191e-01,1.261220574378967285e-01,-1.517008394002914429e-01,3.222177028656005859e-01,-1.908009201288223267e-01,-3.394995629787445068e-01,-1.759683480486273766e-03,3.425595760345458984e-01,-2.118680775165557861e-01,-3.320504724979400635e-01,4.001917839050292969e-01,8.911814657039940357e-04,-2.509446144104003906e-01,-6.277865031734108925e-04,-3.376417756080627441e-01,-2.734584510326385498e-01,1.132961660623550415e-01,5.645004101097583771e-03,2.731558382511138916e-01,2.271752655506134033e-01,-8.403023332357406616e-02,-1.780958473682403564e-01,-3.213066160678863525e-01,1.891679763793945312e-01,-3.550014495849609375e-01,-1.581948436796665192e-02,1.673951894044876099e-01,-4.554388215183280408e-05,-2.674385309219360352e-01,2.526201009750366211e-01,-6.263630092144012451e-02,1.594331413507461548e-01,-4.147771596908569336e-01,-2.742107510566711426e-01,4.096340239048004150e-01,1.035196259617805481e-01,-3.662756681442260742e-01,-2.830785512924194336e-01,-7.918502390384674072e-02,-2.116713114082813263e-02,3.395466208457946777e-01,-2.618096470832824707e-01,-3.384211361408233643e-01,5.345674976706504822e-02,2.850081920623779297e-01,-3.461600542068481445e-01,1.383598893880844116e-01,1.361809819936752319e-01,-3.582028448581695557e-01,1.769451797008514404e-01,1.833679676055908203e-01,3.409659862518310547e-01,3.137550652027130127e-01,-1.947629898786544800e-01,-1.506364643573760986e-01,-3.139097392559051514e-01,4.280817694962024689e-03,2.482617497444152832e-01
-2.313985675573348999e-02,5.180972442030906677e-02,-3.973566889762878418e-01,2.976811528205871582e-01,1.947817802429199219e-01,3.229998052120208740e-02,6.738684140145778656e-03,1.349157392978668213e-01,1.807467341423034668e-01,1.983568817377090454e-01,-8.031132072210311890e-02,-1.800702065229415894e-01,2.772699594497680664e-01,2.708196640014648438e-01,3.765625059604644775e-01,3.950230777263641357e-01,-3.401801921427249908e-03,2.393295019865036011e-01,-3.496932387351989746e-01,-2.735592126846313477e-01,-2.984920442104339600e-01,2.842580080032348633e-01,2.720488309860229492e-01,-7.331673800945281982e-02,5.292905122041702271e-02,3.453067243099212646e-01,-3.581911325454711914e-01,-1.607663333415985107e-01,3.431291282176971436e-01,7.502344436943531036e-03,6.814463436603546143e-02,-4.434454441070556641e-01,3.402014672756195068e-01,2.961879670619964600e-01,-1.170214265584945679e-02,-3.774661421775817871e-01,2.363177686929702759e-01,3.243390321731567383e-01,-2.126090526580810547e-01,-2.828116714954376221e-01,3.449138402938842773e-01,8.926200121641159058e-02,3.503388464450836182e-01,7.962998747825622559e-02,-1.374818682670593262e-01,-2.918820977210998535e-01,-3.804981112480163574e-01,-1.035592257976531982e-01,9.418716654181480408e-03,2.997454442083835602e-02,2.068133093416690826e-02,-1.295091118663549423e-02,1.439096778631210327e-01,-1.720107905566692352e-02,-1.072440948337316513e-02,-4.318876564502716064e-01,1.013790592551231384e-01,2.263927273452281952e-02,-2.361067831516265869e-01,-3.187359273433685303e-01,-8.413118869066238403e-02,4.937860742211341858e-02,1.046733930706977844e-02,1.813454627990722656e-01,2.998703904449939728e-02,-1.090572997927665710e-01,4.912877082824707031e-02,3.771097958087921143e-01,-3.800397515296936035e-01,1.213878542184829712e-01,-3.353584706783294678e-01,-4.135442897677421570e-02,-1.123442351818084717e-01,3.617033958435058594e-01,-1.276834160089492798e-01,-3.713886439800262451e-01,-2.364357234910130501e-03,4.366587102413177490e-01,-1.761454194784164429e-01,-3.570378422737121582e-01,4.351176619529724121e-01,1.054844935424625874e-03,-3.367465138435363770e-01,-3.838474396616220474e-03,-3.346394896507263184e-01,-3.459398448467254639e-01,1.954041719436645508e-01,7.469452451914548874e-03,2.579323649406433105e-01,2.604627609252929688e-01,-8.854062110185623169e-02,-1.440662592649459839e-01,-3.226578831672668457e-01,1.646543443202972412e-01,-3.624511659145355225e-01,-9.483717381954193115e-03,2.427999824285507202e-01,-5.367896665120497346e-05,-3.122514188289642334e-01,2.469939887523651123e-01,-1.201369911432266235e-01,1.774948984384536743e-01,-4.330456554889678955e-01,-3.152542412281036377e-01,4.646798372268676758e-01,1.447789371013641357e-01,-3.516573607921600342e-01,-3.272104859352111816e-01,-5.805114284157752991e-02,-1.808023825287818909e-02,2.870664298534393311e-01,-3.200892210006713867e-01,-3.703793585300445557e-01,7.287771254777908325e-02,3.911841511726379395e-01,-3.787091970443725586e-01,1.718930602073669434e-01,1.974104940891265869e-01,-4.136438369750976562e-01,1.741144210100173950e-01,2.523974776268005371e-01,3.366569280624389648e-01,3.383243083953857422e-01,-2.056278139352798462e-01,-2.123757600784301758e-01,-3.312239348888397217e-01,3.470912051852792501e-04,3.014736175537109375e-01
-1.433322578668594360e-01,-1.070978865027427673e-02,9.617318958044052124e-02,-1.296871900558471680e-01,-1.164771839976310730e-01,5.283660441637039185e-02,-6.456569582223892212e-02,-1.028743907809257507e-01,-1.000368297100067139e-01,-8.031132072210311890e-02,1.911697834730148315e-01,7.015915960073471069e-02,6.974992156028747559e-02,-8.187294006347656250e-02,-8.559131622314453125e-02,-7.124908268451690674e-02,-2.903527347370982170e-03,-7.476680725812911987e-02,1.600928008556365967e-01,8.896635472774505615e-02,2.130284309387207031e-01,-4.618741944432258606e-02,-2.868097275495529175e-02,-4.223711788654327393e-02,-2.337762527167797089e-02,-4.168121144175529480e-02,-1.835180446505546570e-02,4.580096155405044556e-02,1.863232348114252090e-03,-1.121726003475487232e-03,8.237287402153015137e-02,1.171848475933074951e-01,-1.975574046373367310e-01,-5.296878516674041748e-02,-5.384092219173908234e-03,8.917791768908500671e-03,-5.453857779502868652e-02,-8.732875436544418335e-02,9.790264302864670753e-04,2.524475455284118652e-01,-2.276741862297058105e-01,-1.103634908795356750e-01,-5.812406074255704880e-03,-1.752435788512229919e-02,1.812680363655090332e-01,-1.087336242198944092e-01,1.377854198217391968e-01,8.507827669382095337e-02,-6.168070062994956970e-02,-7.864189147949218750e-02,4.563503712415695190e-02,-2.977768145501613617e-02,-2.256305217742919922e-01,5.663225054740905762e-02,-8.810321241617202759e-02,8.699982613325119019e-02,-8.891387283802032471e-02,-3.801313461735844612e-03,8.946473151445388794e-02,1.122837215662002563e-01,1.167354136705398560e-01,-5.382877215743064880e-02,-6.749589927494525909e-03,-2.002925574779510498e-01,-1.109117120504379272e-01,2.989916875958442688e-02,1.168234124779701233e-01,-9.695059061050415039e-02,8.403163403272628784e-02,-5.527916923165321350e-02,1.447593569755554199e-01,-2.619041502475738525e-01,6.523586809635162354e-02,-9.403377771377563477e-02,1.923525631427764893e-01,1.913412064313888550e-01,-1.553472829982638359e-03,-6.959353387355804443e-02,2.332568913698196411e-01,1.038346663117408752e-01,-2.051354646682739258e-01,-2.050596813205629587e-04,6.195573136210441589e-02,-4.524132236838340759e-04,2.340961694717407227e-01,-5.551627371460199356e-03,-6.379984319210052490e-02,7.010700646787881851e-04,1.142140757292509079e-02,-8.577761799097061157e-02,1.206787228584289551e-01,8.911268413066864014e-02,1.177595406770706177e-01,-5.914977565407752991e-02,1.969240009784698486e-01,1.036658138036727905e-01,-8.818983286619186401e-02,3.182595537509769201e-05,4.356189817190170288e-02,-1.724329441785812378e-01,5.360138788819313049e-02,-6.397905945777893066e-02,1.426542401313781738e-01,8.135195076465606689e-02,-1.440023183822631836e-01,-2.722783982753753662e-01,2.133884131908416748e-01,6.502272561192512512e-03,1.171944364905357361e-01,5.894125904887914658e-03,-8.909355849027633667e-02,1.183442696928977966e-01,1.082138344645500183e-01,-9.267771244049072266e-02,-9.055793285369873047e-02,1.279285401105880737e-01,-1.602764055132865906e-02,-1.855943910777568817e-02,1.902012825012207031e-01,-8.055385947227478027e-02,-3.386683296412229538e-03,-2.063271552324295044e-01,-1.329967081546783447e-01,1.620219671167433262e-03,1.257658749818801880e-02,1.116680726408958435e-01,2.580961212515830994e-03,-1.409242451190948486e-01
-3.189263492822647095e-02,-4.780511930584907532e-02,3.744341433048248291e-01,-2.707305848598480225e-01,-2.297825962305068970e-01,-1.522111706435680389e-02,-5.598441930487751961e-04,-2.212288975715637207e-01,-1.661391854286193848e-01,-1.800702065229415894e-01,7.015915960073471069e-02,1.992276906967163086e-01,-2.510645091533660889e-01,-2.834083437919616699e-01,-3.779997527599334717e-01,-4.198136627674102783e-01,2.106014406308531761e-03,-2.227923870086669922e-01,2.947846651077270508e-01,2.550889849662780762e-01,2.495212256908416748e-01,-2.824421226978302002e-01,-2.477941513061523438e-01,6.755256652832031250e-02,-5.068174377083778381e-02,-3.375824689865112305e-01,3.344517648220062256e-01,2.128218859434127808e-01,-3.534189760684967041e-01,1.084072166122496128e-03,-3.462799265980720520e-02,4.190817475318908691e-01,-2.736191451549530029e-01,-2.975220382213592529e-01,1.899137906730175018e-02,3.862403333187103271e-01,-2.274812012910842896e-01,-3.141038715839385986e-01,2.815818190574645996e-01,3.174517154693603516e-01,-3.419915437698364258e-01,-9.314599633216857910e-02,-3.239617943763732910e-01,-8.070529252290725708e-02,8.379776030778884888e-02,2.725253701210021973e-01,3.722835779190063477e-01,1.187226846814155579e-01,3.153901547193527222e-03,9.641367010772228241e-03,1.660846732556819916e-02,6.170579046010971069e-02,-1.529947519302368164e-01,4.655104875564575195e-02,4.347450658679008484e-02,4.471895992755889893e-01,-1.312776058912277222e-01,-2.404834702610969543e-02,1.681002974510192871e-01,3.036617040634155273e-01,7.721914350986480713e-02,-2.412181533873081207e-02,-9.682401083409786224e-03,-1.518671959638595581e-01,-3.257511183619499207e-02,1.002444997429847717e-01,-1.719346456229686737e-02,-3.907995820045471191e-01,3.745544850826263428e-01,-1.628382056951522827e-01,3.545970022678375244e-01,6.542138010263442993e-02,8.872994035482406616e-02,-3.656203746795654297e-01,1.126834899187088013e-01,3.618354499340057373e-01,2.291243290528655052e-03,-4.302683472633361816e-01,1.700067967176437378e-01,3.606958687305450439e-01,-4.209023416042327881e-01,-1.101987669244408607e-03,3.453623354434967041e-01,3.904923098161816597e-03,3.610047698020935059e-01,3.297425806522369385e-01,-2.084327489137649536e-01,-8.250924758613109589e-03,-2.095496356487274170e-01,-2.679964005947113037e-01,9.888751059770584106e-02,8.701169490814208984e-02,2.765505313873291016e-01,-1.319169998168945312e-01,3.385466337203979492e-01,6.134719401597976685e-02,-2.539427578449249268e-01,5.565723768086172640e-05,3.360289931297302246e-01,-2.647675573825836182e-01,1.608999222517013550e-01,-2.129922956228256226e-01,4.206451773643493652e-01,3.151905238628387451e-01,-4.099027514457702637e-01,-1.598543822765350342e-01,2.815943062305450439e-01,3.129285871982574463e-01,9.463738650083541870e-02,1.369833294302225113e-02,-2.761705517768859863e-01,2.697114944458007812e-01,3.638463616371154785e-01,-5.807117000222206116e-02,-4.036819338798522949e-01,3.546336293220520020e-01,-2.379154562950134277e-01,-1.798359900712966919e-01,4.245662391185760498e-01,-1.535218507051467896e-01,-2.166001647710800171e-01,-3.249927461147308350e-01,-3.265464305877685547e-01,1.592556238174438477e-01,2.310843169689178467e-01,2.984372377395629883e-01,-6.127174012362957001e-03,-2.821461260318756104e-01
