4.649365842342376709e-01,8.963770233094692230e-03,-7.594864815473556519e-02,-5.901188030838966370e-02,1.958654671907424927e-01,-1.381918787956237793e-01,1.183393225073814392e-01,3.737190067768096924e-01,8.777149021625518799e-02,6.168327480554580688e-02,-8.081939816474914551e-02,-6.844837963581085205e-02,-2.456366550177335739e-03,1.301592886447906494e-01,1.762628704309463501e-01,1.489431113004684448e-01,3.726279363036155701e-03,-2.704188600182533264e-02,9.974338114261627197e-02,-5.804642662405967712e-02,-4.739131778478622437e-02,1.319414190948009491e-02,-5.269184708595275879e-02,9.844604134559631348e-02,9.143887087702751160e-03,7.560438662767410278e-02,2.151690982282161713e-02,-2.110310941934585571e-01,4.078867286443710327e-02,-1.806407123804092407e-01,-1.114370077848434448e-01,-5.829971283674240112e-02,-1.129979267716407776e-02,6.780926883220672607e-02,-3.142789751291275024e-02,-9.130383282899856567e-02,-1.129535026848316193e-02,6.924944370985031128e-02,-3.029713034629821777e-01,-2.906537950038909912e-01,2.023818939924240112e-01,7.382714748382568359e-02,-7.138001918792724609e-02,1.634375378489494324e-02,-8.876426145434379578e-03,-2.261925302445888519e-02,-1.465940475463867188e-01,-9.891366958618164062e-02,4.779743030667304993e-02,5.052446387708187103e-03,-1.311792433261871338e-01,-6.532913446426391602e-02,2.144636660814285278e-01,-4.262075945734977722e-02,-1.319759637117385864e-01,-1.669383049011230469e-01,6.454841047525405884e-02,9.702222421765327454e-03,-5.060995742678642273e-02,-3.515959531068801880e-02,1.359077822417020798e-02,-6.366729736328125000e-02,4.845798015594482422e-03,1.602578312158584595e-01,3.319511935114860535e-02,-9.696029592305421829e-04,-1.420339494943618774e-01,1.748196035623550415e-01,-1.349553316831588745e-01,1.937538087368011475e-01,-1.939109414815902710e-01,6.901776045560836792e-02,3.425571322441101074e-02,1.698570698499679565e-01,-9.175927937030792236e-02,-1.183790042996406555e-01,-2.023842884227633476e-03,1.387766301631927490e-01,-7.236621528863906860e-02,-8.107423782348632812e-02,5.349459871649742126e-02,9.325471473857760429e-04,-2.613613009452819824e-01,-5.715963430702686310e-03,-2.537550926208496094e-01,-4.030695185065269470e-02,2.674362361431121826e-01,1.526300562545657158e-03,-4.039530828595161438e-02,9.782617539167404175e-02,-1.294549256563186646e-01,7.172005623579025269e-02,1.054534167051315308e-01,-1.374989300966262817e-01,-9.937875717878341675e-02,-2.963940799236297607e-01,1.732280701398849487e-01,-1.417523308191448450e-04,-1.867306232452392578e-01,2.644419074058532715e-01,-1.479200422763824463e-01,3.105796277523040771e-01,-6.980082392692565918e-02,-6.078304350376129150e-02,2.899063006043434143e-02,2.404918521642684937e-01,1.071045473217964172e-01,4.590003937482833862e-02,-3.286377191543579102e-01,7.121459580957889557e-03,-3.559726988896727562e-03,8.008497953414916992e-02,-2.412641979753971100e-02,-5.706822872161865234e-02,1.692891865968704224e-01,-1.108606532216072083e-01,3.382657766342163086e-01,-6.676098704338073730e-02,-3.114070594310760498e-01,-4.571503028273582458e-03,-5.877330154180526733e-02,1.909985393285751343e-01,1.852330565452575684e-01,1.209243237972259521e-01,3.324114158749580383e-02,-6.258884072303771973e-02,-1.733270287513732910e-02,4.474228189792484045e-04
8.963770233094692230e-03,1.978175155818462372e-02,-1.248659044504165649e-01,8.803652226924896240e-02,6.182990223169326782e-02,-8.402866311371326447e-03,1.991697587072849274e-03,4.957016184926033020e-02,2.158470451831817627e-02,4.621939361095428467e-02,6.970087066292762756e-03,-5.212112888693809509e-02,1.075898930430412292e-01,7.606209069490432739e-02,1.166768372058868408e-01,1.207511946558952332e-01,-6.992331473156809807e-04,5.999664589762687683e-02,-8.094225078821182251e-02,-6.942525506019592285e-02,-4.590805247426033020e-02,1.097659692168235779e-01,7.206656783819198608e-02,-1.532280072569847107e-02,1.391318626701831818e-02,1.260615885257720947e-01,-1.280468255281448364e-01,-5.377997830510139465e-02,1.084962263703346252e-01,-1.646777428686618805e-02,1.237122341990470886e-02,-1.234395727515220642e-01,9.298772364854812622e-02,6.346249580383300781e-02,-5.133841186761856079e-03,-1.289298236370086670e-01,3.704111650586128235e-02,7.854810357093811035e-02,-8.620653301477432251e-02,-7.961542159318923950e-02,1.039857119321823120e-01,1.474394556134939194e-02,1.160324290394783020e-01,1.823988370597362518e-02,7.216431666165590286e-03,-8.755447715520858765e-02,-1.266831904649734497e-01,-3.217505291104316711e-02,-1.109413616359233856e-02,2.444024756550788879e-02,1.196470111608505249e-02,4.439221229404211044e-03,4.561210051178932190e-02,-5.741592962294816971e-03,-2.324168942868709564e-02,-1.375336796045303345e-01,2.397217601537704468e-02,9.871579706668853760e-03,-7.907504588365554810e-02,-6.535732001066207886e-02,-9.305291809141635895e-03,2.084450796246528625e-02,4.209613893181085587e-03,1.908633485436439514e-02,6.132107228040695190e-03,-3.108058497309684753e-02,4.247397556900978088e-02,1.211809739470481873e-01,-1.162723153829574585e-01,9.898962453007698059e-03,-9.604392200708389282e-02,-1.357388962060213089e-02,-3.075704351067543030e-02,1.144330725073814392e-01,-2.668565139174461365e-02,-1.122777685523033142e-01,-1.983625115826725960e-03,1.344128847122192383e-01,-4.655392840504646301e-02,-1.147251427173614502e-01,1.200752258300781250e-01,8.651604293845593929e-04,-8.788983523845672607e-02,1.875105197541415691e-03,-1.047420278191566467e-01,-1.104161068797111511e-01,3.646677732467651367e-02,4.791534040123224258e-03,6.068528816103935242e-02,6.286903470754623413e-02,-2.474270574748516083e-02,-2.570711076259613037e-02,-1.013898625969886780e-01,3.955456987023353577e-02,-1.057415828108787537e-01,6.650587078183889389e-03,6.315278261899948120e-02,-7.137690408853814006e-05,-9.716419130563735962e-02,7.895802706480026245e-02,-1.838243380188941956e-02,5.718338117003440857e-02,-1.315552294254302979e-01,-6.856524944305419922e-02,1.389340162277221680e-01,9.666615165770053864e-03,-8.629767596721649170e-02,-1.208235323429107666e-01,-2.462946996092796326e-02,-7.478799670934677124e-03,8.133165538311004639e-02,-5.837229266762733459e-02,-1.174850091338157654e-01,1.862363656982779503e-03,1.326180398464202881e-01,-1.188024207949638367e-01,6.263139098882675171e-02,4.735496267676353455e-02,-1.194881573319435120e-01,4.100862890481948853e-02,6.266450136899948120e-02,9.472874552011489868e-02,1.158074066042900085e-01,-5.839836224913597107e-02,-4.947061464190483093e-02,-7.346241176128387451e-02,1.348287914879620075e-03,8.514496684074401855e-02
-7.594864815473556519e-02,-1.248659044504165649e-01,7.952032685279846191e-01,-6.213876605033874512e-01,-3.718217611312866211e-01,-1.648247987031936646e-02,-5.526629090309143066e-02,-3.453496396541595459e-01,-1.249457299709320068e-01,-3.298364877700805664e-01,-3.314967826008796692e-02,3.759110569953918457e-01,-6.385311484336853027e-01,-5.690893530845642090e-01,-7.400843501091003418e-01,-7.432140111923217773e-01,-3.276201605331152678e-04,-3.520187437534332275e-01,5.801612138748168945e-01,5.218277573585510254e-01,3.268861472606658936e-01,-7.320133447647094727e-01,-5.364638566970825195e-01,1.501263976097106934e-01,-1.011622250080108643e-01,-7.415263056755065918e-01,7.700198292732238770e-01,3.061107695102691650e-01,-7.092406153678894043e-01,1.438957750797271729e-01,-6.058997288346290588e-02,7.814288735389709473e-01,-6.127039790153503418e-01,-5.012459158897399902e-01,4.168686643242835999e-02,7.930244803428649902e-01,-2.571918964385986328e-01,-5.420050621032714844e-01,5.373646020889282227e-01,5.659083127975463867e-01,-6.628217101097106934e-01,-1.080890148878097534e-01,-7.053146362304687500e-01,-1.282540112733840942e-01,-5.559538304805755615e-02,5.860880017280578613e-01,7.894141077995300293e-01,2.340202182531356812e-01,6.374177336692810059e-02,-6.154637038707733154e-02,-9.700083732604980469e-02,-2.356498129665851593e-02,-3.403893709182739258e-01,1.001030132174491882e-01,1.460786759853363037e-01,8.275765180587768555e-01,-2.027882039546966553e-01,-6.975615769624710083e-02,4.881699681282043457e-01,4.555417895317077637e-01,9.979171305894851685e-02,-1.772119998931884766e-01,-3.119145892560482025e-02,-1.485560536384582520e-01,-5.062107741832733154e-02,2.103037238121032715e-01,-2.401571720838546753e-01,-7.411342263221740723e-01,7.436828613281250000e-01,-4.341394454240798950e-02,6.601237058639526367e-01,1.044073402881622314e-01,2.206189930438995361e-01,-7.512381076812744141e-01,1.646211296319961548e-01,7.097346186637878418e-01,1.185822021216154099e-02,-8.294051885604858398e-01,3.639470636844635010e-01,7.559322118759155273e-01,-7.829425930976867676e-01,-6.403949577361345291e-03,5.874103903770446777e-01,-1.110589969903230667e-02,6.802322268486022949e-01,6.425762176513671875e-01,-2.618604898452758789e-01,-3.178128600120544434e-02,-3.847651481628417969e-01,-4.671525955200195312e-01,1.599929779767990112e-01,1.838904470205307007e-01,6.637263894081115723e-01,-2.842103838920593262e-01,7.067536711692810059e-01,-9.911890374496579170e-04,-4.070692360401153564e-01,5.156268598511815071e-04,6.588421463966369629e-01,-5.501976013183593750e-01,1.965352445840835571e-01,-4.003398716449737549e-01,8.139722943305969238e-01,4.795596301555633545e-01,-8.253821134567260742e-01,-1.718684434890747070e-01,5.844296813011169434e-01,7.453073859214782715e-01,1.434979289770126343e-01,5.396327748894691467e-02,-5.776193141937255859e-01,4.969487786293029785e-01,7.548161745071411133e-01,-1.531689912080764771e-01,-7.882496714591979980e-01,7.337917089462280273e-01,-4.421646893024444580e-01,-3.445595204830169678e-01,7.614876627922058105e-01,-2.955879569053649902e-01,-4.120730757713317871e-01,-6.632330417633056641e-01,-7.414800524711608887e-01,3.565706014633178711e-01,4.076094627380371094e-01,5.548143386840820312e-01,-3.175264969468116760e-02,-6.014957427978515625e-01
-5.901188030838966370e-02,8.803652226924896240e-02,-6.213876605033874512e-01,6.340791583061218262e-01,1.893760859966278076e-01,1.187225058674812317e-01,2.828736603260040283e-02,1.460976749658584595e-01,6.268452852964401245e-02,2.347303330898284912e-01,-3.084286116063594818e-03,-2.783310115337371826e-01,3.931861519813537598e-01,4.964137375354766846e-01,5.533872246742248535e-01,5.022667646408081055e-01,3.746675327420234680e-03,2.853550612926483154e-01,-5.093785524368286133e-01,-3.741123676300048828e-01,-3.754259943962097168e-01,6.066197752952575684e-01,4.201608598232269287e-01,-1.527542620897293091e-01,7.923267781734466553e-02,5.098937153816223145e-01,-5.723795890808105469e-01,-8.692151308059692383e-02,4.750921726226806641e-01,5.347757833078503609e-04,4.258889704942703247e-02,-6.600688099861145020e-01,5.643153786659240723e-01,3.130762279033660889e-01,-1.358696538954973221e-02,-5.904429554939270020e-01,2.000578939914703369e-01,3.712160289287567139e-01,-2.344951182603836060e-01,-5.137522220611572266e-01,4.986016154289245605e-01,1.006558388471603394e-01,5.431559681892395020e-01,9.037343412637710571e-02,1.650081248953938484e-03,-3.044222891330718994e-01,-5.951717495918273926e-01,-2.058754861354827881e-01,-6.287931650876998901e-02,1.216564327478408813e-01,1.203361600637435913e-01,5.555791035294532776e-02,2.813708186149597168e-01,-1.222860738635063171e-01,4.563094303011894226e-02,-6.056147813796997070e-01,1.521858572959899902e-01,4.586822167038917542e-02,-3.377979695796966553e-01,-3.688483834266662598e-01,-1.783660650253295898e-01,2.187138348817825317e-01,2.929522842168807983e-02,9.049630165100097656e-02,6.232140585780143738e-02,-1.551451832056045532e-01,2.100261747837066650e-01,5.197293758392333984e-01,-5.194348692893981934e-01,-6.252697855234146118e-02,-4.540763795375823975e-01,7.021895796060562134e-02,-2.063305974006652832e-01,5.653867125511169434e-01,-1.304145604372024536e-01,-5.972587466239929199e-01,-3.978843335062265396e-03,6.034066081047058105e-01,-4.485314488410949707e-01,-5.886768102645874023e-01,7.052427530288696289e-01,4.665667191147804260e-03,-3.254579603672027588e-01,1.103658694773912430e-02,-5.292651653289794922e-01,-3.954011201858520508e-01,3.014796413481235504e-03,1.965959370136260986e-02,2.688826024532318115e-01,3.226395547389984131e-01,-8.893979340791702271e-02,-2.485769093036651611e-01,-6.223235130310058594e-01,3.425272107124328613e-01,-5.781236290931701660e-01,7.977192848920822144e-02,2.705358564853668213e-01,-3.611606953199952841e-04,-4.161032736301422119e-01,3.479714691638946533e-01,-7.473848015069961548e-02,1.414698064327239990e-01,-6.877384781837463379e-01,-3.365213274955749512e-01,6.627186536788940430e-01,2.156500220298767090e-01,-6.294852495193481445e-01,-5.906537771224975586e-01,1.751294918358325958e-02,-4.351825267076492310e-02,5.711484551429748535e-01,-4.981582462787628174e-01,-6.147969365119934082e-01,1.981091350317001343e-01,5.479446053504943848e-01,-5.220040678977966309e-01,1.965730190277099609e-01,2.602005600929260254e-01,-5.581504106521606445e-01,2.668230831623077393e-01,3.065101206302642822e-01,5.108668208122253418e-01,5.438877344131469727e-01,-3.085516989231109619e-01,-3.032867908477783203e-01,-4.545833468437194824e-01,2.712004259228706360e-02,4.925004243850708008e-01
1.958654671907424927e-01,6.182990223169326782e-02,-3.718217611312866211e-01,1.893760859966278076e-01,3.024950325489044189e-01,-9.760301560163497925e-02,4.554739966988563538e-02,3.278364539146423340e-01,6.042555719614028931e-02,1.419001221656799316e-01,-2.742968499660491943e-03,-1.627072095870971680e-01,3.354526758193969727e-01,1.970162391662597656e-01,3.951701223850250244e-01,4.123282432556152344e-01,-4.865154623985290527e-03,1.808879226446151733e-01,-1.673043668270111084e-01,-1.976598948240280151e-01,-5.113793909549713135e-02,2.908435165882110596e-01,1.634644120931625366e-01,2.899281866848468781e-02,3.557103127241134644e-02,3.889633417129516602e-01,-3.643958866596221924e-01,-2.839697897434234619e-01,3.552088141441345215e-01,-1.491630077362060547e-01,8.591488003730773926e-03,-3.131995499134063721e-01,2.172494381666183472e-01,1.921835541725158691e-01,-2.862029895186424255e-02,-3.879854679107666016e-01,9.468174725770950317e-02,2.492267340421676636e-01,-4.258988797664642334e-01,-2.854954898357391357e-01,3.582081198692321777e-01,6.075296923518180847e-02,3.162469863891601562e-01,5.914971232414245605e-02,5.209694430232048035e-02,-2.768719792366027832e-01,-4.218887984752655029e-01,-1.181717514991760254e-01,-2.165139652788639069e-02,1.070628836750984192e-01,-1.971115171909332275e-02,-4.577425122261047363e-02,1.729836165904998779e-01,-1.989696873351931572e-03,-1.635836213827133179e-01,-4.608155488967895508e-01,7.932598888874053955e-02,3.235219046473503113e-02,-2.686156928539276123e-01,-1.862908303737640381e-01,2.461158856749534607e-02,-1.050079800188541412e-02,1.064917352050542831e-02,9.575078636407852173e-02,2.268308214843273163e-02,-8.529048413038253784e-02,9.463114291429519653e-02,4.278404712677001953e-01,-3.589901626110076904e-01,1.482616961002349854e-01,-3.539936840534210205e-01,-7.169599086046218872e-02,-3.471820056438446045e-02,3.647099137306213379e-01,-1.062866523861885071e-01,-3.598557412624359131e-01,-7.838833145797252655e-03,4.246536195278167725e-01,-1.031193584203720093e-01,-3.248960673809051514e-01,3.094634711742401123e-01,2.516447566449642181e-03,-3.805157244205474854e-01,2.496871631592512131e-03,-3.805035054683685303e-01,-3.767634928226470947e-01,2.503648698329925537e-01,1.532873883843421936e-02,1.435302346944808960e-01,2.015525698661804199e-01,-1.444228589534759521e-01,-7.591427769511938095e-03,-2.023693770170211792e-01,9.417236782610416412e-03,-3.025755882263183594e-01,-8.686695992946624756e-02,2.944764196872711182e-01,-2.438716765027493238e-04,-3.475674688816070557e-01,3.218785822391510010e-01,-9.840287268161773682e-02,2.970274686813354492e-01,-3.587723076343536377e-01,-2.149595171213150024e-01,3.911714851856231689e-01,8.218374103307723999e-02,-1.414307206869125366e-01,-3.263480067253112793e-01,-2.266804724931716919e-01,-1.350992079824209213e-02,1.277860999107360840e-01,-6.662014126777648926e-02,-3.232926726341247559e-01,-9.462002664804458618e-02,4.823561906814575195e-01,-3.824942111968994141e-01,3.216977417469024658e-01,1.117130666971206665e-01,-4.448249936103820801e-01,8.887614309787750244e-02,1.769527494907379150e-01,3.030279576778411865e-01,3.844597339630126953e-01,-1.250884830951690674e-01,-9.643241763114929199e-02,-1.755318492650985718e-01,-1.637017913162708282e-02,2.322588264942169189e-01
-1.381918787956237793e-01,-8.402866311371326447e-03,-1.648247987031936646e-02,1.187225058674812317e-01,-9.760301560163497925e-02,2.280236333608627319e-01,-1.735505834221839905e-02,-7.267244905233383179e-02,-1.276523619890213013e-01,-3.590004146099090576e-02,3.813125193119049072e-02,1.459115766920149326e-03,-9.251169115304946899e-02,9.889408200979232788e-02,-1.185388583689928055e-02,-8.016639947891235352e-02,9.085093042813241482e-04,-3.289104625582695007e-02,-1.971659064292907715e-02,-2.780189737677574158e-02,3.031050041317939758e-02,5.081229284405708313e-02,9.673707187175750732e-02,-4.554528743028640747e-02,-5.933614913374185562e-03,-1.449284255504608154e-01,6.300949491560459137e-03,1.277171522378921509e-01,1.710399612784385681e-02,3.826175630092620850e-02,4.324649274349212646e-02,9.335318580269813538e-03,-1.189821679145097733e-02,7.152730226516723633e-02,2.572905505076050758e-03,2.988208644092082977e-02,-2.749567618593573570e-03,-4.504173621535301208e-02,1.585747897624969482e-01,-6.390033662319183350e-02,-1.436876803636550903e-01,-8.858169429004192352e-03,4.453811794519424438e-02,3.176802769303321838e-03,9.427806735038757324e-02,4.204425215721130371e-02,4.286044836044311523e-02,-2.516675740480422974e-03,-7.004042714834213257e-02,-6.215565651655197144e-02,1.056996807456016541e-01,-9.690524637699127197e-02,-4.437645524740219116e-02,-5.258877202868461609e-02,6.820219755172729492e-02,3.345004841685295105e-02,1.732918061316013336e-02,-1.694519654847681522e-03,9.323421120643615723e-02,-6.194994319230318069e-03,-3.940001875162124634e-02,4.272048547863960266e-02,2.963155508041381836e-03,-1.514839529991149902e-01,-2.830494381487369537e-02,1.861830800771713257e-02,3.101020678877830505e-02,-7.120300829410552979e-02,7.193052023649215698e-02,-8.043126016855239868e-02,6.637690216302871704e-02,-1.085376664996147156e-01,-8.602341637015342712e-03,-4.509048536419868469e-02,7.600861042737960815e-02,2.007159590721130371e-02,4.575698170810937881e-03,-4.736131429672241211e-02,-3.979328647255897522e-02,2.010226063430309296e-02,2.649939805269241333e-02,2.067672321572899818e-04,8.092967420816421509e-02,-1.926680328324437141e-03,8.930924534797668457e-02,8.958836644887924194e-02,-1.281022876501083374e-01,-2.601970918476581573e-03,-6.542841345071792603e-02,-2.851345390081405640e-02,5.056860670447349548e-02,-4.420870169997215271e-02,-3.433107584714889526e-02,9.850770235061645508e-02,5.168474838137626648e-02,5.559153482317924500e-02,-1.769799925386905670e-02,3.658717469079419971e-05,2.980782464146614075e-02,-1.591684669256210327e-01,2.603787928819656372e-03,-1.950539499521255493e-01,1.538044214248657227e-02,3.165157884359359741e-02,-7.134690880775451660e-02,1.039941534399986267e-01,-5.835799500346183777e-02,7.479725405573844910e-03,2.029069811105728149e-01,2.554894890636205673e-03,9.029672294855117798e-02,-1.311128735542297363e-01,-1.245048269629478455e-02,1.225325986742973328e-01,-6.329718977212905884e-02,1.046877205371856689e-01,-7.726147025823593140e-02,3.971361741423606873e-02,7.290773838758468628e-02,1.757729426026344299e-02,2.604018663987517357e-03,-5.199148505926132202e-02,-6.619512289762496948e-02,3.141977591440081596e-03,-1.081772074103355408e-01,-2.008128352463245392e-02,8.208567276597023010e-03,2.270698174834251404e-02
1.183393225073814392e-01,1.991697587072849274e-03,-5.526629090309143066e-02,2.828736603260040283e-02,4.554739966988563538e-02,-1.735505834221839905e-02,8.372083306312561035e-02,1.116063147783279419e-01,1.139772310853004456e-02,3.908479958772659302e-02,-5.088534951210021973e-02,-3.034606575965881348e-02,-1.093424670398235321e-02,3.210369125008583069e-02,5.496859550476074219e-02,4.485308378934860229e-02,3.117328975349664688e-03,-1.897013001143932343e-02,-2.501986548304557800e-02,-5.076780170202255249e-02,-3.659215196967124939e-02,2.794692665338516235e-02,2.535106847062706947e-03,1.051423791795969009e-02,8.622319437563419342e-03,3.798686340451240540e-02,-8.065758273005485535e-03,-3.567897155880928040e-02,4.069037735462188721e-02,-8.427052199840545654e-02,-3.650531917810440063e-02,-5.150407925248146057e-02,3.351860120892524719e-02,2.258573845028877258e-02,-9.454939514398574829e-03,-3.414355590939521790e-02,6.844151765108108521e-03,3.927836194634437561e-02,-1.043354421854019165e-01,-1.016392856836318970e-01,1.075870692729949951e-01,3.102068975567817688e-02,-2.573288604617118835e-02,8.102664723992347717e-03,-3.634131699800491333e-02,-1.224048994481563568e-02,-7.153175026178359985e-02,-3.917580842971801758e-02,3.738410025835037231e-02,1.963375369086861610e-03,-2.816787548363208771e-02,9.367264807224273682e-03,8.161343634128570557e-02,-2.824003435671329498e-02,-3.191164135932922363e-02,-7.170984148979187012e-02,2.634394727647304535e-02,3.987920470535755157e-03,-3.659876435995101929e-02,-2.071672491729259491e-02,-2.650515548884868622e-02,7.869985885918140411e-03,3.249233821406960487e-03,9.640605002641677856e-02,2.548414096236228943e-02,-8.123942650854587555e-03,-4.494899883866310120e-02,6.566697359085083008e-02,-5.354276672005653381e-02,5.966581031680107117e-02,-9.760794788599014282e-02,4.549528658390045166e-02,1.407334208488464355e-02,7.641551643610000610e-02,-3.945420309901237488e-02,-7.810154557228088379e-02,-4.803873016498982906e-04,8.298448473215103149e-02,-7.141322642564773560e-02,-5.461952835321426392e-02,7.397335767745971680e-02,4.569139273371547461e-04,-8.953064680099487305e-02,-1.568780746310949326e-03,-1.167382597923278809e-01,1.161793060600757599e-02,1.142600476741790771e-01,6.906948401592671871e-04,-1.756967790424823761e-02,5.647074058651924133e-02,-5.102786421775817871e-02,5.031929817050695419e-03,-1.472774706780910492e-02,-2.427551709115505219e-02,-7.582210749387741089e-02,-1.017907485365867615e-01,5.790614336729049683e-02,-7.226874731713905931e-05,-5.502479150891304016e-02,1.289157867431640625e-01,-6.608937680721282959e-02,1.285348832607269287e-01,-5.776550248265266418e-02,-3.646747022867202759e-02,7.255665212869644165e-02,1.186877414584159851e-01,-3.297498449683189392e-02,-6.803708383813500404e-04,-1.177272051572799683e-01,-2.342680469155311584e-03,-4.118237993679940701e-04,-4.517485201358795166e-02,-1.954193226993083954e-02,5.429224297404289246e-02,7.575342059135437012e-02,-6.525845080614089966e-02,9.516027569770812988e-02,-3.391066100448369980e-03,-1.306689530611038208e-01,1.123580057173967361e-02,3.377423854544758797e-03,9.835147857666015625e-02,8.309873938560485840e-02,2.791926451027393341e-02,1.352648250758647919e-03,-4.313759133219718933e-02,6.785755045711994171e-03,4.320757463574409485e-02
3.737190067768096924e-01,4.957016184926033020e-02,-3.453496396541595459e-01,1.460976749658584595e-01,3.278364539146423340e-01,-7.267244905233383179e-02,1.116063147783279419e-01,5.349544882774353027e-01,1.796805113554000854e-02,1.324808001518249512e-01,-2.220284193754196167e-02,-1.735194027423858643e-01,2.527761161327362061e-01,2.253514677286148071e-01,4.131133854389190674e-01,4.022593200206756592e-01,-2.918337006121873856e-03,1.011222302913665771e-01,-7.905995845794677734e-02,-1.938767284154891968e-01,5.167921632528305054e-02,2.612284421920776367e-01,1.342526674270629883e-01,4.261657968163490295e-02,2.949385717511177063e-02,3.134539127349853516e-01,-2.772532105445861816e-01,-3.171167373657226562e-01,3.738912940025329590e-01,-2.430237382650375366e-01,-3.745665401220321655e-02,-2.469963431358337402e-01,1.117304861545562744e-01,2.459446936845779419e-01,-4.797317460179328918e-02,-3.633213043212890625e-01,6.739316880702972412e-02,2.381577789783477783e-01,-5.422715544700622559e-01,-3.834529221057891846e-01,3.512797057628631592e-01,7.500555366277694702e-02,2.168297022581100464e-01,6.143045052886009216e-02,1.204367429018020630e-01,-2.674204409122467041e-01,-4.249305129051208496e-01,-1.420682221651077271e-01,-7.891364395618438721e-03,1.736867055296897888e-02,-4.989286139607429504e-02,-1.255552023649215698e-01,2.186688482761383057e-01,-6.197929009795188904e-02,-2.404602169990539551e-01,-4.732018113136291504e-01,1.190092414617538452e-01,3.455189988017082214e-02,-1.914150714874267578e-01,-1.654816418886184692e-01,3.801525756716728210e-02,-5.861376225948333740e-02,9.706038981676101685e-03,8.685196191072463989e-02,2.871098741888999939e-02,-6.229167804121971130e-02,-8.618514984846115112e-03,4.165458381175994873e-01,-3.551773130893707275e-01,2.111019492149353027e-01,-4.068574905395507812e-01,-1.370853036642074585e-01,1.492588035762310028e-02,3.902139663696289062e-01,-9.270478785037994385e-02,-3.259764313697814941e-01,-7.002546917647123337e-03,4.278602302074432373e-01,-1.070377752184867859e-01,-2.949710786342620850e-01,2.712418735027313232e-01,2.675122348591685295e-03,-4.586860835552215576e-01,-2.344907959923148155e-03,-4.064059853553771973e-01,-3.137134015560150146e-01,3.577393889427185059e-01,1.398156117647886276e-02,4.951535165309906006e-02,2.252751737833023071e-01,-1.854681372642517090e-01,7.131016254425048828e-02,-8.307018131017684937e-02,-9.485863149166107178e-02,-2.751742303371429443e-01,-2.381919175386428833e-01,3.441254794597625732e-01,-2.750482526607811451e-04,-3.904027342796325684e-01,3.827114999294281006e-01,-1.960552483797073364e-01,4.035774767398834229e-01,-3.088825643062591553e-01,-2.089180052280426025e-01,3.209255039691925049e-01,2.278468459844589233e-01,-1.331601291894912720e-02,-2.441338002681732178e-01,-3.203594684600830078e-01,-1.830423949286341667e-03,6.010638922452926636e-02,-2.702362835407257080e-02,-2.740432918071746826e-01,-5.658147856593132019e-02,5.003563761711120605e-01,-3.459390401840209961e-01,4.410124123096466064e-01,9.515292942523956299e-02,-5.248880982398986816e-01,5.246328189969062805e-02,1.181335896253585815e-01,3.253830373287200928e-01,3.716737031936645508e-01,8.382100611925125122e-03,-9.703887253999710083e-02,-1.526872515678405762e-01,-1.905474066734313965e-02,1.991327553987503052e-01
8.777149021625518799e-02,2.158470451831817627e-02,-1.249457299709320068e-01,6.268452852964401245e-02,6.042555719614028931e-02,-1.276523619890213013e-01,1.139772310853004456e-02,1.796805113554000854e-02,1.596731841564178467e-01,8.861187100410461426e-02,-3.460712358355522156e-02,-6.860513985157012939e-02,1.291379183530807495e-01,8.993498235940933228e-02,1.271050125360488892e-01,1.568956226110458374e-01,4.722874145954847336e-03,5.445260554552078247e-02,-1.105451136827468872e-01,-7.667894661426544189e-02,-2.112532109022140503e-01,1.136780306696891785e-01,2.962915040552616119e-02,-3.315272927284240723e-02,2.873021923005580902e-02,2.239904552698135376e-01,-1.260057687759399414e-01,-5.619997903704643250e-02,4.951551929116249084e-02,9.782003238797187805e-03,-4.372766986489295959e-02,-2.171068191528320312e-01,1.689279377460479736e-01,2.605115063488483429e-02,-1.473354990594089031e-03,-1.613790839910507202e-01,4.904952645301818848e-02,1.089091002941131592e-01,-9.278662502765655518e-02,-9.538758546113967896e-02,2.246724665164947510e-01,3.499973937869071960e-02,6.373991817235946655e-02,1.377618499100208282e-02,-1.146988719701766968e-01,-8.787138015031814575e-02,-1.458107382059097290e-01,-4.519693180918693542e-02,4.992100223898887634e-02,2.447973378002643585e-02,-6.128271296620368958e-02,1.237066835165023804e-01,1.270096451044082642e-01,-1.129912771284580231e-02,8.144591934978961945e-03,-1.481623500585556030e-01,2.523873187601566315e-02,9.687901474535465240e-03,-1.128660961985588074e-01,-8.029142022132873535e-02,-4.762575402855873108e-02,6.197271868586540222e-02,6.515345536172389984e-03,1.582909673452377319e-01,3.770877048373222351e-02,-4.954871535301208496e-02,-7.423536852002143860e-03,1.431960016489028931e-01,-1.822609752416610718e-01,-4.715557675808668137e-03,-1.273720562458038330e-01,1.532259732484817505e-01,-8.059663325548171997e-02,1.771817356348037720e-01,-8.500491082668304443e-02,-1.319316923618316650e-01,-2.912415191531181335e-03,1.788993179798126221e-01,-9.987203031778335571e-02,-1.768859028816223145e-01,1.807169616222381592e-01,1.092486432753503323e-03,-8.822286128997802734e-02,4.518154077231884003e-03,-1.836988925933837891e-01,-1.089904010295867920e-01,4.668040573596954346e-02,4.760066978633403778e-03,1.323385238647460938e-01,1.012459099292755127e-01,-2.779477834701538086e-02,-5.525676906108856201e-02,-1.436378806829452515e-01,4.762609302997589111e-02,-1.912450492382049561e-01,-2.435341849923133850e-02,8.860281668603420258e-03,-1.072116938303224742e-04,-1.120674759149551392e-01,1.900731772184371948e-01,-2.408943697810173035e-02,1.614156663417816162e-01,-2.035911977291107178e-01,-9.543292969465255737e-02,2.115244716405868530e-01,-1.355001237243413925e-02,-1.516797840595245361e-01,-1.284808069467544556e-01,-1.116615682840347290e-01,-1.711833849549293518e-02,1.665208339691162109e-01,-6.655637919902801514e-02,-1.427887827157974243e-01,2.353293448686599731e-02,1.163322478532791138e-01,-1.905793100595474243e-01,7.344466447830200195e-02,1.950867287814617157e-02,-1.809687018394470215e-01,6.988833099603652954e-02,3.415356576442718506e-02,1.771035939455032349e-01,1.798665374517440796e-01,-6.392160058021545410e-02,-2.179175801575183868e-02,-1.414108872413635254e-01,1.556271035224199295e-02,8.431290090084075928e-02
6.168327480554580688e-02,4.621939361095428467e-02,-3.298364877700805664e-01,2.347303330898284912e-01,1.419001221656799316e-01,-3.590004146099090576e-02,3.908479958772659302e-02,1.324808001518249512e-01,8.861187100410461426e-02,1.427014917135238647e-01,-1.065343618392944336e-02,-1.478658169507980347e-01,2.571685910224914551e-01,2.146540880203247070e-01,3.025647997856140137e-01,3.150967061519622803e-01,2.317144535481929779e-03,1.234804466366767883e-01,-2.324851900339126587e-01,-2.024218291044235229e-01,-1.763040423393249512e-01,2.910151183605194092e-01,1.842644214630126953e-01,-6.296864151954650879e-02,4.348843544721603394e-02,3.471011519432067871e-01,-3.187279403209686279e-01,-1.151319891214370728e-01,2.757682204246520996e-01,-6.035482138395309448e-02,-7.949960854602977633e-05,-3.622552156448364258e-01,2.636878192424774170e-01,1.742391139268875122e-01,-1.550468523055315018e-02,-3.419844508171081543e-01,1.003714427351951599e-01,2.168033868074417114e-01,-2.344914227724075317e-01,-2.329907268285751343e-01,3.210513889789581299e-01,5.024590715765953064e-02,2.566528916358947754e-01,4.709145426750183105e-02,-2.576177380979061127e-02,-2.323569953441619873e-01,-3.419225215911865234e-01,-9.364582598209381104e-02,5.157117731869220734e-03,2.148810587823390961e-02,7.300445344299077988e-03,5.238441005349159241e-02,1.612524241209030151e-01,-4.216218739748001099e-02,-5.163808539509773254e-02,-3.672473132610321045e-01,7.742962986230850220e-02,2.629952132701873779e-02,-1.972469389438629150e-01,-1.737868040800094604e-01,-5.379543825984001160e-02,7.988525182008743286e-02,1.249134913086891174e-02,1.188025921583175659e-01,3.295529633760452271e-02,-8.554372191429138184e-02,6.738595664501190186e-02,3.116057813167572021e-01,-3.255338966846466064e-01,1.984111778438091278e-02,-2.796080708503723145e-01,1.859735883772373199e-02,-9.216763079166412354e-02,3.331746459007263184e-01,-8.503551781177520752e-02,-2.993783950805664062e-01,-4.830980673432350159e-03,3.852093517780303955e-01,-1.610783189535140991e-01,-3.335723280906677246e-01,3.615299761295318604e-01,2.489636186510324478e-03,-2.316167503595352173e-01,4.849949851632118225e-03,-3.119303882122039795e-01,-2.471146881580352783e-01,1.190206632018089294e-01,1.195254828780889511e-02,1.621436774730682373e-01,1.941325813531875610e-01,-6.861329078674316406e-02,-7.551079243421554565e-02,-2.789468467235565186e-01,1.018276289105415344e-01,-3.196891546249389648e-01,-2.102673798799514771e-02,1.387509554624557495e-01,-2.133186644641682506e-04,-2.590084075927734375e-01,2.690489292144775391e-01,-8.521943539381027222e-02,2.072685062885284424e-01,-3.766707479953765869e-01,-1.917455941438674927e-01,3.998223245143890381e-01,6.933115422725677490e-02,-2.625292241573333740e-01,-3.041261136531829834e-01,-9.840160608291625977e-02,-2.375853061676025391e-02,2.475250363349914551e-01,-1.950692683458328247e-01,-3.110533356666564941e-01,7.742644846439361572e-02,3.403329253196716309e-01,-3.322331905364990234e-01,1.744682341814041138e-01,1.208909153938293457e-01,-3.560320734977722168e-01,1.193702816963195801e-01,1.461859047412872314e-01,2.940643131732940674e-01,3.298318684101104736e-01,-1.313524246215820312e-01,-1.407050043344497681e-01,-2.301105707883834839e-01,1.864152587950229645e-02,2.304082661867141724e-01
-8.081939816474914551e-02,6.970087066292762756e-03,-3.314967826008796692e-02,-3.084286116063594818e-03,-2.742968499660491943e-03,3.813125193119049072e-02,-5.088534951210021973e-02,-2.220284193754196167e-02,-3.460712358355522156e-02,-1.065343618392944336e-02,7.120563834905624390e-02,-6.078222300857305527e-03,7.812919467687606812e-02,2.013918198645114899e-02,2.370551042258739471e-02,3.962129354476928711e-02,-3.839720971882343292e-03,2.031340636312961578e-02,1.936750049935653806e-04,-1.753879524767398834e-02,8.580891788005828857e-02,3.612500429153442383e-02,6.382848322391510010e-02,-2.225893177092075348e-02,-2.831947524100542068e-03,2.847183868288993835e-02,-7.714159786701202393e-02,-1.827609166502952576e-02,7.917179912328720093e-02,1.605238020420074463e-02,5.269985646009445190e-02,-4.696186166256666183e-03,-3.020890802145004272e-02,7.449094951152801514e-02,-3.991749603301286697e-03,-5.486410111188888550e-02,1.049431040883064270e-02,1.366242393851280212e-02,-7.047492545098066330e-03,4.822960123419761658e-02,-6.839273124933242798e-02,-2.975276298820972443e-02,9.676249325275421143e-02,7.528858259320259094e-03,8.977524936199188232e-02,-9.797899425029754639e-02,-1.603928767144680023e-02,2.871329151093959808e-02,-4.813091084361076355e-02,-5.819073691964149475e-02,4.746188968420028687e-02,-5.573391541838645935e-02,-6.724321842193603516e-02,2.036973088979721069e-02,-4.203104600310325623e-02,-4.145792871713638306e-02,1.726876245811581612e-03,4.767795093357563019e-03,1.074284408241510391e-02,-7.318595889955759048e-03,4.648767411708831787e-02,-1.998129487037658691e-02,-2.170943655073642731e-03,-1.088831424713134766e-01,-3.510036692023277283e-02,-4.980270750820636749e-03,4.845293238759040833e-02,1.312035042792558670e-02,-3.230996802449226379e-02,-2.926203235983848572e-02,1.847575791180133820e-02,-1.584785133600234985e-01,-9.118518792092800140e-03,4.158306401222944260e-03,4.877688735723495483e-02,3.037825413048267365e-02,-1.371058751828968525e-03,3.200765326619148254e-02,9.546318650245666504e-02,-1.765856705605983734e-02,-1.776696927845478058e-02,2.583902387414127588e-04,-6.129540037363767624e-03,1.361847680527716875e-04,6.352433562278747559e-02,-7.975210249423980713e-02,-1.843592710793018341e-02,3.041656222194433212e-03,2.783187665045261383e-02,-2.657280070707201958e-03,3.062559291720390320e-02,2.292443439364433289e-02,-6.339661311358213425e-03,9.819403290748596191e-03,2.807556279003620148e-02,5.878626927733421326e-02,-8.858970366418361664e-03,1.553961010358761996e-05,-3.547470644116401672e-02,-7.226213812828063965e-02,-8.472935296595096588e-04,-5.558491125702857971e-02,-7.832970470190048218e-03,-9.283301420509815216e-03,8.816681802272796631e-03,-9.020271152257919312e-02,4.501381143927574158e-02,-6.087500229477882385e-02,9.061233699321746826e-02,3.753280325327068567e-04,1.162325311452150345e-02,1.046273112297058105e-02,-3.668856993317604065e-02,-1.887804828584194183e-02,3.429194912314414978e-02,-2.273465273901820183e-03,-2.733284374698996544e-03,4.343055933713912964e-02,3.300188109278678894e-02,-4.067038651555776596e-03,3.383080288767814636e-02,-4.089801758527755737e-02,-6.843676324933767319e-03,-2.395285479724407196e-02,-6.773928552865982056e-02,8.153806440532207489e-03,-5.534461233764886856e-04,4.431504756212234497e-03
-6.844837963581085205e-02,-5.212112888693809509e-02,3.759110569953918457e-01,-2.783310115337371826e-01,-1.627072095870971680e-01,1.459115766920149326e-03,-3.034606575965881348e-02,-1.735194027423858643e-01,-6.860513985157012939e-02,-1.478658169507980347e-01,-6.078222300857305527e-03,1.704791039228439331e-01,-2.801398336887359619e-01,-2.714770734310150146e-01,-3.561191856861114502e-01,-3.545280694961547852e-01,-1.808114117011427879e-03,-1.389147937297821045e-01,2.437178939580917358e-01,2.255742549896240234e-01,1.618351936340332031e-01,-3.390447199344635010e-01,-2.252565473318099976e-01,7.044611871242523193e-02,-4.551895707845687866e-02,-3.601674735546112061e-01,3.583052456378936768e-01,1.293481141328811646e-01,-3.250415027141571045e-01,6.258997321128845215e-02,-8.063868619501590729e-03,3.926705420017242432e-01,-2.749907672405242920e-01,-2.216071337461471558e-01,2.032597735524177551e-02,3.897572457790374756e-01,-1.091777980327606201e-01,-2.372694313526153564e-01,2.600041925907135010e-01,2.883107662200927734e-01,-3.242467939853668213e-01,-5.403282493352890015e-02,-3.058593869209289551e-01,-5.548028275370597839e-02,-2.011187560856342316e-02,2.609496414661407471e-01,3.861626684665679932e-01,1.087651699781417847e-01,1.990723051130771637e-02,-9.029341861605644226e-03,-2.403356507420539856e-02,-1.351570710539817810e-02,-1.711946874856948853e-01,5.777401477098464966e-02,6.420323997735977173e-02,4.191918373107910156e-01,-9.591403603553771973e-02,-3.070309944450855255e-02,1.972383707761764526e-01,1.988411992788314819e-01,5.277653783559799194e-02,-8.004255592823028564e-02,-1.412532012909650803e-02,-7.793936133384704590e-02,-2.787064760923385620e-02,9.050551056861877441e-02,-8.060073852539062500e-02,-3.471601009368896484e-01,3.577870726585388184e-01,-1.827076449990272522e-02,3.063853979110717773e-01,2.779972739517688751e-02,1.005060821771621704e-01,-3.729496598243713379e-01,7.600098103284835815e-02,3.275251686573028564e-01,4.801575094461441040e-03,-4.247719645500183105e-01,1.743624061346054077e-01,3.690725862979888916e-01,-3.967015445232391357e-01,-2.885877853259444237e-03,2.629341483116149902e-01,-4.643341992050409317e-03,3.336496651172637939e-01,2.832338213920593262e-01,-1.113750040531158447e-01,-1.343356072902679443e-02,-1.642522364854812622e-01,-2.115749567747116089e-01,7.293641567230224609e-02,7.867123186588287354e-02,2.984967529773712158e-01,-1.160676106810569763e-01,3.384932279586791992e-01,2.253331430256366730e-02,-1.697850972414016724e-01,2.329921553609892726e-04,3.034720122814178467e-01,-2.683891355991363525e-01,9.838101267814636230e-02,-1.987519264221191406e-01,4.150312542915344238e-01,2.102091461420059204e-01,-4.197485446929931641e-01,-9.791959822177886963e-02,2.722990214824676514e-01,3.432236015796661377e-01,7.759819179773330688e-02,2.322318032383918762e-02,-2.871146798133850098e-01,2.149565368890762329e-01,3.564813435077667236e-01,-8.161910623311996460e-02,-3.860249221324920654e-01,3.510550260543823242e-01,-2.065990865230560303e-01,-1.437121629714965820e-01,3.950100541114807129e-01,-1.313493400812149048e-01,-1.625673919916152954e-01,-3.161014318466186523e-01,-3.574753999710083008e-01,1.361543387174606323e-01,1.798612773418426514e-01,2.530716061592102051e-01,-1.591764762997627258e-02,-2.543672621250152588e-01
