4.270757436752319336e-01,2.025581151247024536e-02,-1.489165052771568298e-02,-9.532642364501953125e-02,4.053333103656768799e-01,-4.213777780532836914e-01,1.225451100617647171e-02,4.901469349861145020e-01,1.226560845971107483e-01,5.520662292838096619e-02,-2.880883812904357910e-01,-2.777251899242401123e-01,-5.052442476153373718e-02,6.247073039412498474e-02,6.836252659559249878e-02,3.375304937362670898e-01,4.055783152580261230e-03,5.369619652628898621e-02,-4.298672825098037720e-02,-1.766227036714553833e-01,-2.241608500480651855e-01,-1.680146157741546631e-01,-1.099439561367034912e-01,1.123915538191795349e-01,4.790715873241424561e-02,3.515478074550628662e-01,-9.108402580022811890e-02,-4.575170576572418213e-01,1.895638704299926758e-01,-1.294885277748107910e-01,-1.836401820182800293e-01,-1.970042437314987183e-01,-6.787007302045822144e-02,1.734857559204101562e-01,-2.007882483303546906e-02,-1.831202059984207153e-01,1.998011320829391479e-01,1.610575765371322632e-01,-3.744660913944244385e-01,-3.386418521404266357e-01,2.823098599910736084e-01,1.021885126829147339e-01,-2.304393798112869263e-02,4.897480830550193787e-02,-2.923467755317687988e-02,1.778179258108139038e-01,-1.309207379817962646e-01,-4.026903584599494934e-02,1.278185248374938965e-01,-8.670215308666229248e-02,-2.452205419540405273e-01,-2.899376451969146729e-01,2.633997499942779541e-01,-3.083392046391963959e-02,-2.625286392867565155e-02,-2.240048795938491821e-01,2.147240638732910156e-01,8.611747063696384430e-03,1.252436079084873199e-02,1.550037264823913574e-01,-1.210371479392051697e-01,1.756633073091506958e-01,-3.372277365997433662e-03,3.190340101718902588e-01,1.423375755548477173e-01,-7.131546735763549805e-02,-3.321565687656402588e-01,2.572832405567169189e-01,-1.674930006265640259e-01,4.138434529304504395e-01,-3.470830321311950684e-01,2.215710133314132690e-01,-8.908715099096298218e-02,5.111956223845481873e-02,-2.749349474906921387e-01,-2.569801211357116699e-01,5.009758751839399338e-04,1.087855324149131775e-01,6.939508020877838135e-02,-1.425126641988754272e-01,1.970002651214599609e-01,6.973177369218319654e-05,-2.649050056934356689e-01,-3.130959812551736832e-03,-3.948220908641815186e-01,2.413949370384216309e-02,3.698443770408630371e-01,4.165731836110353470e-03,4.825775977224111557e-03,2.237720042467117310e-01,-1.475638598203659058e-01,2.869923710823059082e-01,1.411677151918411255e-02,-9.435720741748809814e-02,-1.812615990638732910e-01,-3.760015666484832764e-01,4.745918139815330505e-02,-8.046964467212092131e-06,-2.382228821516036987e-01,2.476933747529983521e-01,-3.847952783107757568e-01,4.580782055854797363e-01,-1.415616571903228760e-01,-2.607899606227874756e-01,4.129238426685333252e-02,6.796997040510177612e-02,9.945484250783920288e-02,2.522088214755058289e-02,-4.709092974662780762e-01,1.443508733063936234e-02,-1.448878645896911621e-02,1.084133461117744446e-01,-7.571677118539810181e-02,-7.069446146488189697e-02,1.753165125846862793e-01,-1.896164119243621826e-01,3.862569034099578857e-01,-8.978173136711120605e-02,-2.515827417373657227e-01,-5.609894543886184692e-02,-5.984915420413017273e-02,1.144733130931854248e-01,1.055501699447631836e-01,2.654602825641632080e-01,-1.378644704818725586e-01,6.843407452106475830e-02,2.164794830605387688e-03,2.283233404159545898e-01
2.025581151247024536e-02,1.115220412611961365e-02,-9.068345278501510620e-02,6.678193062543869019e-02,6.627269834280014038e-02,-1.846466399729251862e-02,-1.503769215196371078e-02,3.595707193017005920e-02,6.932509690523147583e-02,6.937716901302337646e-02,-2.055373787879943848e-02,-4.729170724749565125e-02,7.552593201398849487e-02,7.669498026371002197e-02,8.460495620965957642e-02,9.491205215454101562e-02,-1.967566553503274918e-03,8.165487647056579590e-02,-8.717634528875350952e-02,-6.611783802509307861e-02,-5.846557393670082092e-02,5.636843293905258179e-02,6.242083013057708740e-02,-2.662750892341136932e-02,1.582486927509307861e-02,8.290009945631027222e-02,-8.087451010942459106e-02,-5.935148894786834717e-02,8.563440293073654175e-02,-3.756637498736381531e-02,1.851241476833820343e-02,-9.806139022111892700e-02,6.359378993511199951e-02,7.302870601415634155e-02,-2.818727865815162659e-03,-9.682861715555191040e-02,7.127243280410766602e-02,8.727326244115829468e-02,-7.960886508226394653e-02,-7.602571696043014526e-02,8.372209966182708740e-02,1.371062267571687698e-02,8.727404475212097168e-02,4.255535826086997986e-02,-9.095540270209312439e-03,-7.521994411945343018e-02,-8.475241065025329590e-02,-2.970189042389392853e-02,-1.318846363574266434e-02,6.113957148045301437e-03,-1.357761677354574203e-03,-1.089964993298053741e-02,6.472447514533996582e-02,4.878805950284004211e-03,-1.769209280610084534e-02,-9.826547652482986450e-02,4.586016014218330383e-02,3.678541397675871849e-03,-8.162633329629898071e-02,-6.292831152677536011e-02,-8.432945236563682556e-03,-2.046667411923408508e-02,2.335287397727370262e-03,5.890040472149848938e-02,1.626696065068244934e-02,-3.274654969573020935e-02,2.864422276616096497e-02,9.702053666114807129e-02,-8.873753249645233154e-02,5.433833599090576172e-02,-8.159687370061874390e-02,-3.023452311754226685e-02,-3.170904889702796936e-02,8.159004896879196167e-02,-4.747868701815605164e-02,-9.558251500129699707e-02,-2.537180844228714705e-04,9.376552700996398926e-02,-2.543428540229797363e-02,-8.205008506774902344e-02,9.096825122833251953e-02,6.221928197192028165e-05,-8.051458746194839478e-02,-4.770466184709221125e-04,-9.255322813987731934e-02,-8.313277363777160645e-02,4.879469424486160278e-02,8.720178739167749882e-04,7.889123260974884033e-02,6.566034257411956787e-02,-2.333195134997367859e-02,-3.395153954625129700e-02,-7.865793257951736450e-02,4.685622081160545349e-02,-8.262798190116882324e-02,-4.165283404290676117e-03,6.971397995948791504e-02,-4.553957637654093560e-07,-7.566667348146438599e-02,7.675362378358840942e-02,-3.916842117905616760e-02,4.591704159975051880e-02,-8.905059099197387695e-02,-8.428926020860671997e-02,9.772263467311859131e-02,1.301962137222290039e-02,-8.025690913200378418e-02,-9.024246037006378174e-02,-2.763297036290168762e-02,-9.323520935140550137e-04,6.691370159387588501e-02,-7.179512083530426025e-02,-8.482516556978225708e-02,-1.397893764078617096e-02,9.114002436399459839e-02,-8.306773751974105835e-02,5.616587772965431213e-02,4.562207311391830444e-02,-9.276621788740158081e-02,5.950041487812995911e-02,8.213349431753158569e-02,7.838838547468185425e-02,7.524786144495010376e-02,-5.419611930847167969e-02,-4.984921962022781372e-02,-6.169907748699188232e-02,-1.181223895400762558e-02,7.313639670610427856e-02
-1.489165052771568298e-02,-9.068345278501510620e-02,8.201014995574951172e-01,-7.152772545814514160e-01,-4.778318405151367188e-01,-1.244459301233291626e-02,1.240065544843673706e-01,-1.700226366519927979e-01,-5.956749320030212402e-01,-6.644104123115539551e-01,1.620712876319885254e-01,4.040919542312622070e-01,-6.426556706428527832e-01,-7.350579500198364258e-01,-7.837239503860473633e-01,-7.028248906135559082e-01,1.895424909889698029e-02,-7.067974805831909180e-01,7.847779989242553711e-01,6.352677345275878906e-01,4.914359748363494873e-01,-6.471334099769592285e-01,-6.721765995025634766e-01,2.891311347484588623e-01,-1.533214449882507324e-01,-5.830518603324890137e-01,7.371059656143188477e-01,3.446159660816192627e-01,-7.207052707672119141e-01,3.081396222114562988e-01,-2.168964594602584839e-01,8.005709052085876465e-01,-6.217877864837646484e-01,-7.035685777664184570e-01,2.252152003347873688e-02,7.667503952980041504e-01,-6.229892969131469727e-01,-7.634686827659606934e-01,5.408331155776977539e-01,6.319317817687988281e-01,-6.690250635147094727e-01,-1.326818317174911499e-01,-7.889036536216735840e-01,-4.197261333465576172e-01,6.433538347482681274e-02,7.485712766647338867e-01,7.728664875030517578e-01,2.660528719425201416e-01,1.382031291723251343e-01,1.738647744059562683e-02,-3.720536082983016968e-02,4.185147210955619812e-02,-5.592740178108215332e-01,-5.420036613941192627e-02,1.361076384782791138e-01,7.975164651870727539e-01,-4.720880091190338135e-01,-3.606442734599113464e-02,7.409406304359436035e-01,6.709057688713073730e-01,5.145466327667236328e-02,2.109057158231735229e-01,-2.541354484856128693e-02,-4.446616768836975098e-01,-1.012260317802429199e-01,3.114343285560607910e-01,-2.996748387813568115e-01,-7.552629709243774414e-01,7.578874230384826660e-01,-3.469628095626831055e-01,6.450790762901306152e-01,3.475949764251708984e-01,3.403756618499755859e-01,-7.677583694458007812e-01,3.358005881309509277e-01,7.546512484550476074e-01,2.271944424137473106e-03,-8.214088678359985352e-01,3.101838529109954834e-01,7.364165186882019043e-01,-7.806638479232788086e-01,-6.646582041867077351e-04,6.883038282394409180e-01,4.025929607450962067e-03,6.754184365272521973e-01,7.925821542739868164e-01,-3.304629027843475342e-01,-6.838781759142875671e-03,-7.088652253150939941e-01,-6.102076172828674316e-01,2.024219930171966553e-01,3.901570141315460205e-01,7.363469004631042480e-01,-5.450129508972167969e-01,7.178210020065307617e-01,-1.040170863270759583e-01,-6.226299405097961426e-01,6.572260531356732827e-07,6.291228532791137695e-01,-5.954458713531494141e-01,3.251768648624420166e-01,-2.421375513076782227e-01,7.784017324447631836e-01,6.969051361083984375e-01,-8.409678339958190918e-01,-2.285559475421905518e-01,7.352524995803833008e-01,7.842208743095397949e-01,7.065750658512115479e-02,1.539795007556676865e-02,-6.568326950073242188e-01,7.420948147773742676e-01,7.745036482810974121e-01,-4.778737947344779968e-02,-7.869803905487060547e-01,7.132290005683898926e-01,-3.617855608463287354e-01,-4.979200065135955811e-01,7.636988759040832520e-01,-6.353774666786193848e-01,-7.484032511711120605e-01,-7.076908349990844727e-01,-7.006803154945373535e-01,5.735495686531066895e-01,5.516898036003112793e-01,6.564687490463256836e-01,9.726604819297790527e-02,-6.410247087478637695e-01
-9.532642364501953125e-02,6.678193062543869019e-02,-7.152772545814514160e-01,7.515962719917297363e-01,2.707666158676147461e-01,1.360942423343658447e-01,-7.532990723848342896e-02,-4.961896315217018127e-02,5.450923442840576172e-01,5.229086875915527344e-01,-2.313267737627029419e-01,-2.399830520153045654e-01,4.349910914897918701e-01,6.543874740600585938e-01,6.841747760772705078e-01,4.706479310989379883e-01,-1.364935468882322311e-02,5.526714324951171875e-01,-7.101805806159973145e-01,-5.554964542388916016e-01,-5.093705654144287109e-01,6.180909276008605957e-01,5.885912775993347168e-01,-2.010492533445358276e-01,1.327407509088516235e-01,3.250731229782104492e-01,-5.833243727684020996e-01,-6.683407723903656006e-02,4.975994229316711426e-01,-1.239983886480331421e-01,1.479557752609252930e-01,-7.017633318901062012e-01,6.866865158081054688e-01,6.100279092788696289e-01,-1.829831671784631908e-05,-5.476725697517395020e-01,4.303357601165771484e-01,6.369587779045104980e-01,-2.454039454460144043e-01,-5.470016598701477051e-01,5.901244282722473145e-01,1.987170428037643433e-01,6.528176069259643555e-01,3.141547143459320068e-01,-2.048223614692687988e-01,-6.365448236465454102e-01,-7.018911838531494141e-01,-2.093669921159744263e-01,-1.966856978833675385e-02,3.991854190826416016e-02,6.656997650861740112e-02,1.785320043563842773e-01,5.469167232513427734e-01,1.442041527479887009e-02,3.806718066334724426e-02,-6.116963028907775879e-01,4.508991837501525879e-01,2.725378423929214478e-02,-6.536585092544555664e-01,-7.397678494453430176e-01,-7.983981072902679443e-02,-1.117799356579780579e-01,2.806472405791282654e-02,2.939986884593963623e-01,1.351253539323806763e-01,-2.538941204547882080e-01,2.306767553091049194e-01,5.444861650466918945e-01,-6.039807200431823730e-01,8.832361549139022827e-02,-4.562253355979919434e-01,-1.451499313116073608e-01,-3.923344612121582031e-01,6.750448346138000488e-01,-3.310548663139343262e-01,-5.907942652702331543e-01,-9.127601515501737595e-04,6.707432866096496582e-01,-4.548625051975250244e-01,-6.283599734306335449e-01,7.011152505874633789e-01,5.551034118980169296e-04,-5.192685127258300781e-01,1.920967479236423969e-03,-5.026008486747741699e-01,-6.967662572860717773e-01,7.468349486589431763e-02,2.043959451839327812e-03,5.632854700088500977e-01,4.770973324775695801e-01,-2.397686839103698730e-01,-5.225294828414916992e-01,-7.196050882339477539e-01,5.967670083045959473e-01,-6.366965174674987793e-01,2.320767641067504883e-01,4.607723355293273926e-01,-8.439355951850302517e-07,-4.093302488327026367e-01,4.191962778568267822e-01,-1.649705022573471069e-01,-2.191331237554550171e-02,-7.153593897819519043e-01,-5.124672651290893555e-01,7.729883790016174316e-01,4.119541645050048828e-01,-7.928477525711059570e-01,-6.368374824523925781e-01,1.264799684286117554e-01,-2.731876820325851440e-02,6.621457338333129883e-01,-7.457807660102844238e-01,-7.182387709617614746e-01,2.445886582136154175e-01,6.379514932632446289e-01,-5.947563052177429199e-01,8.498269319534301758e-02,4.017144143581390381e-01,-6.088513135910034180e-01,6.474651694297790527e-01,6.115328669548034668e-01,7.000287175178527832e-01,6.503969430923461914e-01,-5.689503550529479980e-01,-5.044894218444824219e-01,-6.520941853523254395e-01,-6.256468594074249268e-02,4.833840429782867432e-01
4.053333103656768799e-01,6.627269834280014038e-02,-4.778318405151367188e-01,2.707666158676147461e-01,6.922276616096496582e-01,-4.079121649265289307e-01,-6.842042505741119385e-02,6.354328989982604980e-01,3.746658265590667725e-01,4.108747839927673340e-01,-2.931859195232391357e-01,-5.346336364746093750e-01,3.706858456134796143e-01,4.485602378845214844e-01,4.996251463890075684e-01,7.607734799385070801e-01,-6.929859053343534470e-03,4.671009182929992676e-01,-4.641652405261993408e-01,-4.851881265640258789e-01,-3.780915439128875732e-01,1.854770928621292114e-01,2.603841423988342285e-01,-8.196673542261123657e-02,1.218324974179267883e-01,7.091242074966430664e-01,-5.143170356750488281e-01,-6.914564371109008789e-01,6.672482490539550781e-01,-3.329552710056304932e-01,-4.297105222940444946e-02,-6.130803823471069336e-01,1.900424212217330933e-01,5.570112466812133789e-01,-4.258229210972785950e-02,-6.480591893196105957e-01,5.650951862335205078e-01,5.832548737525939941e-01,-7.599450945854187012e-01,-6.381884217262268066e-01,5.995694994926452637e-01,1.066952645778656006e-01,4.382953643798828125e-01,2.926448583602905273e-01,5.535403266549110413e-02,-2.914166748523712158e-01,-5.435550212860107422e-01,-1.912264972925186157e-01,-2.645289339125156403e-02,-1.519032865762710571e-01,-2.280738353729248047e-01,-4.241061210632324219e-01,4.859379529953002930e-01,1.643693260848522186e-02,-1.907574832439422607e-01,-6.997036337852478027e-01,4.352451860904693604e-01,3.015468269586563110e-02,-3.776347339153289795e-01,-1.674652099609375000e-01,-1.040244996547698975e-01,-9.731547906994819641e-03,5.884550046175718307e-03,5.271441936492919922e-01,1.405683010816574097e-01,-2.347352802753448486e-01,-1.271136403083801270e-01,7.059395313262939453e-01,-5.862622857093811035e-01,6.575160026550292969e-01,-7.227394580841064453e-01,-1.154584214091300964e-01,-1.909056305885314941e-01,4.812498986721038818e-01,-3.628366291522979736e-01,-6.709521412849426270e-01,-1.273052883334457874e-03,6.034712195396423340e-01,-5.998729728162288666e-03,-5.402065515518188477e-01,6.061944961547851562e-01,4.425946390256285667e-04,-6.562221050262451172e-01,-7.972083054482936859e-03,-7.571618556976318359e-01,-4.330439269542694092e-01,6.096548438072204590e-01,9.678607806563377380e-03,3.982931375503540039e-01,5.632156729698181152e-01,-2.016612142324447632e-01,1.588583290576934814e-01,-3.474321365356445312e-01,1.334846168756484985e-01,-5.446874499320983887e-01,-3.526490926742553711e-01,4.190057218074798584e-01,-5.545022304431768134e-06,-6.229262351989746094e-01,5.864225625991821289e-01,-5.935642123222351074e-01,6.424244642257690430e-01,-5.507931113243103027e-01,-6.698610782623291016e-01,4.936954677104949951e-01,9.218280017375946045e-02,-2.447878420352935791e-01,-4.554904699325561523e-01,-5.439088344573974609e-01,1.476228702813386917e-02,2.825087308883666992e-01,-2.714605331420898438e-01,-4.900286793708801270e-01,-1.244757771492004395e-01,6.393389701843261719e-01,-5.588793754577636719e-01,6.448348164558410645e-01,2.208505272865295410e-01,-6.814676523208618164e-01,2.341998070478439331e-01,3.907819390296936035e-01,4.353809058666229248e-01,4.359719455242156982e-01,-3.151549398899078369e-02,-4.258643984794616699e-01,-2.432231605052947998e-01,-5.463201180100440979e-02,5.804536342620849609e-01
-4.213777780532836914e-01,-1.846466399729251862e-02,-1.244459301233291626e-02,1.360942423343658447e-01,-4.079121649265289307e-01,4.595125019550323486e-01,5.932869855314493179e-03,-5.066319704055786133e-01,-1.315595507621765137e-01,-4.453931376338005066e-02,2.517697215080261230e-01,3.040713965892791748e-01,5.456344038248062134e-02,-5.525955557823181152e-02,-5.053432658314704895e-02,-3.606706261634826660e-01,-4.958157427608966827e-03,-3.857719153165817261e-02,1.328828185796737671e-02,1.578714996576309204e-01,2.084169238805770874e-01,1.773932427167892456e-01,1.352883428335189819e-01,-1.084181517362594604e-01,-4.739387705922126770e-02,-3.867436647415161133e-01,9.370887279510498047e-02,4.820252358913421631e-01,-1.933925449848175049e-01,1.183006986975669861e-01,1.984566599130630493e-01,1.963317543268203735e-01,1.256330609321594238e-01,-1.576753407716751099e-01,2.369218505918979645e-02,1.989289820194244385e-01,-2.055331319570541382e-01,-1.515726596117019653e-01,4.063490033149719238e-01,3.118933737277984619e-01,-2.740263938903808594e-01,-7.530984282493591309e-02,4.378571361303329468e-02,-4.174831882119178772e-02,-5.157066509127616882e-03,-1.861737668514251709e-01,1.049447879195213318e-01,2.794897370040416718e-02,-1.267615854740142822e-01,1.268032044172286987e-01,2.697770893573760986e-01,3.168974220752716064e-01,-2.378922402858734131e-01,3.290211409330368042e-02,4.219739884138107300e-02,2.188646197319030762e-01,-2.124774456024169922e-01,-8.862207643687725067e-03,-4.482847452163696289e-02,-1.920848041772842407e-01,1.148676052689552307e-01,-1.828252226114273071e-01,5.337540991604328156e-03,-3.095113635063171387e-01,-1.295957565307617188e-01,6.943342089653015137e-02,3.428035378456115723e-01,-2.595256567001342773e-01,1.725162863731384277e-01,-4.349787235260009766e-01,3.440939188003540039e-01,-2.058813869953155518e-01,8.458279073238372803e-02,-5.099215358495712280e-02,2.384977340698242188e-01,2.344475388526916504e-01,-3.137558815069496632e-04,-1.020677909255027771e-01,-1.147189810872077942e-01,1.490529179573059082e-01,-1.763393729925155640e-01,-7.639575051143765450e-05,2.621077597141265869e-01,3.329057944938540459e-03,3.896790146827697754e-01,-3.015603870153427124e-02,-3.803494572639465332e-01,-4.780762828886508942e-03,-8.981133811175823212e-03,-2.267244160175323486e-01,1.112972870469093323e-01,-3.349701464176177979e-01,-4.169049113988876343e-02,1.095341518521308899e-01,1.599723994731903076e-01,3.900156915187835693e-01,-2.259234199300408363e-03,6.689704605378210545e-06,2.502906620502471924e-01,-2.430275976657867432e-01,3.992299437522888184e-01,-4.947669208049774170e-01,1.358828246593475342e-01,2.656931579113006592e-01,-1.570410840213298798e-02,3.305421909317374229e-03,-1.501424461603164673e-01,-3.039985522627830505e-02,5.001730322837829590e-01,-1.555089186877012253e-02,1.669020392000675201e-02,-1.498167365789413452e-01,5.695088952779769897e-02,8.726137876510620117e-02,-1.560002565383911133e-01,1.757948100566864014e-01,-4.223116338253021240e-01,1.095526218414306641e-01,2.337913662195205688e-01,8.431017398834228516e-02,8.694483339786529541e-02,-8.307012170553207397e-02,-8.298178017139434814e-02,-2.966331839561462402e-01,1.408606618642807007e-01,-9.208590537309646606e-02,-1.181904133409261703e-02,-2.134606987237930298e-01
1.225451100617647171e-02,-1.503769215196371078e-02,1.240065544843673706e-01,-7.532990723848342896e-02,-6.842042505741119385e-02,5.932869855314493179e-03,4.946616291999816895e-02,-2.555601298809051514e-02,-9.347899258136749268e-02,-9.557814151048660278e-02,-4.454468935728073120e-02,5.976924300193786621e-02,-1.479044705629348755e-01,-1.022414639592170715e-01,-1.112432703375816345e-01,-1.366227716207504272e-01,3.862305544316768646e-03,-1.274468898773193359e-01,1.078986003994941711e-01,5.911415815353393555e-02,3.252735733985900879e-02,-9.569617360830307007e-02,-9.732048213481903076e-02,6.737650930881500244e-02,-1.586154848337173462e-02,-1.264247000217437744e-01,1.172630786895751953e-01,7.941535115242004395e-02,-1.271963417530059814e-01,5.638962984085083008e-02,-5.300879478454589844e-02,1.200350001454353333e-01,-5.704078078269958496e-02,-7.542727142572402954e-02,5.877370480448007584e-03,1.541240364313125610e-01,-9.966064244508743286e-02,-1.098823696374893188e-01,1.272354722023010254e-01,5.264073610305786133e-02,-8.405807614326477051e-02,2.199402265250682831e-02,-1.363259106874465942e-01,-6.105720624327659607e-02,-3.285558521747589111e-02,1.412314176559448242e-01,9.447642415761947632e-02,4.220683872699737549e-02,6.067244708538055420e-02,8.740149496588855982e-05,-1.707160100340843201e-02,1.667082495987415314e-02,-3.667097538709640503e-02,-1.138855144381523132e-02,5.418226495385169983e-02,1.306391507387161255e-01,-3.064756281673908234e-02,-5.075635854154825211e-03,1.126792803406715393e-01,7.830005884170532227e-02,-1.898383162915706635e-02,7.283064723014831543e-02,-1.967069925740361214e-03,-5.327993631362915039e-02,8.271836675703525543e-03,4.022729769349098206e-02,-9.735887497663497925e-02,-1.334383785724639893e-01,1.235926449298858643e-01,-6.797821819782257080e-02,9.068961441516876221e-02,1.097870096564292908e-01,1.366250962018966675e-02,-1.170671880245208740e-01,1.540252845734357834e-02,1.124672517180442810e-01,7.443195790983736515e-04,-1.324556171894073486e-01,2.858160994946956635e-03,1.072340309619903564e-01,-9.861730039119720459e-02,-8.464464190183207393e-05,9.492193162441253662e-02,8.714155410416424274e-04,9.846740961074829102e-02,1.253482550382614136e-01,-5.784405767917633057e-02,-1.642181770876049995e-03,-1.321857571601867676e-01,-7.438614219427108765e-02,-1.277512218803167343e-02,4.061579331755638123e-02,9.805655479431152344e-02,-5.285539478063583374e-02,8.902111649513244629e-02,-2.158555947244167328e-02,-1.002547591924667358e-01,-1.916971541504608467e-06,1.075179427862167358e-01,-1.007812693715095520e-01,2.489294670522212982e-02,-5.840970575809478760e-02,1.060222834348678589e-01,1.099753901362419128e-01,-1.238651350140571594e-01,6.066685914993286133e-02,9.032323956489562988e-02,1.565344631671905518e-01,1.996037364006042480e-02,4.046789836138486862e-04,-8.969825506210327148e-02,8.527100831270217896e-02,1.093038395047187805e-01,6.818898022174835205e-02,-1.159389764070510864e-01,9.809601306915283203e-02,-8.371563255786895752e-02,-8.226909488439559937e-02,1.096769347786903381e-01,-6.997602432966232300e-02,-1.319667994976043701e-01,-7.475654780864715576e-02,-7.934692502021789551e-02,9.933233261108398438e-02,4.397616162896156311e-02,7.536023110151290894e-02,1.865611970424652100e-02,-8.329335600137710571e-02
4.901469349861145020e-01,3.595707193017005920e-02,-1.700226366519927979e-01,-4.961896315217018127e-02,6.354328989982604980e-01,-5.066319704055786133e-01,-2.555601298809051514e-02,7.614713311195373535e-01,1.038426682353019714e-01,1.782207787036895752e-01,-2.304725795984268188e-01,-4.974367022514343262e-01,1.711304783821105957e-01,1.724756211042404175e-01,2.151702046394348145e-01,5.916767120361328125e-01,1.587573206052184105e-04,2.360538095235824585e-01,-1.510756760835647583e-01,-2.629558444023132324e-01,-1.384440511465072632e-01,-9.327746927738189697e-02,-2.690926892682909966e-03,9.098490700125694275e-03,7.038174569606781006e-02,5.961620211601257324e-01,-2.677205204963684082e-01,-7.242396473884582520e-01,5.029913783073425293e-01,-2.944448888301849365e-01,-1.390518993139266968e-01,-3.066770434379577637e-01,-1.468185931444168091e-01,3.323290944099426270e-01,-5.065215751528739929e-02,-4.224528372287750244e-01,4.153346121311187744e-01,3.278102576732635498e-01,-7.165951132774353027e-01,-4.474112689495086670e-01,3.592720031738281250e-01,2.094277739524841309e-02,1.501563638448715210e-01,1.752794981002807617e-01,1.977497935295104980e-01,8.523468277417123318e-04,-2.648641467094421387e-01,-1.159841120243072510e-01,-2.466614358127117157e-02,-2.295880615711212158e-01,-3.019025921821594238e-01,-5.992383956909179688e-01,2.626102566719055176e-01,5.997400265187025070e-03,-2.399068772792816162e-01,-4.666258096694946289e-01,2.900139093399047852e-01,2.160322293639183044e-02,-7.057882845401763916e-02,1.806979924440383911e-01,-7.350130379199981689e-02,4.142439737915992737e-02,-8.409038186073303223e-03,4.109176993370056152e-01,8.086337894201278687e-02,-1.361408978700637817e-01,-2.948343455791473389e-01,4.972970485687255859e-01,-3.403017222881317139e-01,6.864038109779357910e-01,-5.838487744331359863e-01,-6.770974397659301758e-02,-9.065154008567333221e-03,2.025119066238403320e-01,-2.167544066905975342e-01,-4.379768669605255127e-01,-8.534567896276712418e-04,3.381915092468261719e-01,2.064016163349151611e-01,-2.756351530551910400e-01,3.219534456729888916e-01,2.367942652199417353e-04,-4.770326018333435059e-01,-1.031724177300930023e-02,-5.764942765235900879e-01,-1.302628368139266968e-01,6.490831971168518066e-01,1.009060256183147430e-02,1.247761473059654236e-01,4.078895747661590576e-01,-1.119484230875968933e-01,4.754306972026824951e-01,-1.714972220361232758e-02,-1.570725440979003906e-01,-2.843031287193298340e-01,-5.260369181632995605e-01,2.370007187128067017e-01,-6.211297204572474584e-06,-4.869596362113952637e-01,4.339712262153625488e-01,-6.143928170204162598e-01,7.202057838439941406e-01,-2.526953220367431641e-01,-4.902607798576354980e-01,1.417711675167083740e-01,-5.544836074113845825e-02,1.498556882143020630e-01,-1.736606210470199585e-01,-6.751960515975952148e-01,3.360531851649284363e-02,-4.047434404492378235e-02,7.003945857286453247e-02,-1.910291910171508789e-01,-2.292226552963256836e-01,4.032099545001983643e-01,-3.113948106765747070e-01,6.694546341896057129e-01,6.654499471187591553e-02,-4.559268951416015625e-01,-7.054942846298217773e-02,1.206603348255157471e-01,1.261846721172332764e-01,1.470354944467544556e-01,2.753924429416656494e-01,-2.463631927967071533e-01,6.590022146701812744e-02,-2.339739724993705750e-02,4.127494096755981445e-01
1.226560845971107483e-01,6.932509690523147583e-02,-5.956749320030212402e-01,5.450923442840576172e-01,3.746658265590667725e-01,-1.315595507621765137e-01,-9.347899258136749268e-02,1.038426682353019714e-01,6.151065230369567871e-01,4.755442142486572266e-01,-2.757116854190826416e-01,-3.240592777729034424e-01,3.451999425888061523e-01,5.979182124137878418e-01,6.046466827392578125e-01,5.682500600814819336e-01,-9.266635403037071228e-03,4.536038637161254883e-01,-6.153540611267089844e-01,-5.533922910690307617e-01,-5.959081053733825684e-01,4.332031011581420898e-01,4.118950366973876953e-01,-1.176301836967468262e-01,1.369749754667282104e-01,4.801424443721771240e-01,-5.640885829925537109e-01,-2.507926523685455322e-01,4.643242061138153076e-01,-1.556840687990188599e-01,3.608059138059616089e-02,-7.474888563156127930e-01,5.411033630371093750e-01,5.685637593269348145e-01,-6.240748800337314606e-03,-5.857102870941162109e-01,4.477042555809020996e-01,6.058378815650939941e-01,-3.448134660720825195e-01,-5.811755657196044922e-01,6.455975174903869629e-01,2.053304463624954224e-01,5.290762186050415039e-01,2.623324990272521973e-01,-2.262645661830902100e-01,-4.705635905265808105e-01,-6.174336671829223633e-01,-1.583264023065567017e-01,8.800794184207916260e-02,-7.944522425532341003e-03,-7.141499221324920654e-02,8.088135719299316406e-02,5.867549180984497070e-01,-1.612359657883644104e-02,4.860351607203483582e-02,-6.068392992019653320e-01,4.520767033100128174e-01,2.427414804697036743e-02,-5.457120537757873535e-01,-5.506265759468078613e-01,-1.346277445554733276e-01,4.376006498932838440e-02,2.287130989134311676e-02,4.248633384704589844e-01,1.908287256956100464e-01,-2.438611686229705811e-01,6.335932761430740356e-02,5.787287950515747070e-01,-6.155393123626708984e-01,2.441741377115249634e-01,-5.033038258552551270e-01,6.796264555305242538e-03,-4.149377644062042236e-01,6.029308438301086426e-01,-4.075720608234405518e-01,-5.983058214187622070e-01,-6.912138196639716625e-04,6.074023246765136719e-01,-3.110523223876953125e-01,-6.267453432083129883e-01,6.773081421852111816e-01,4.834661667700856924e-04,-5.369843840599060059e-01,1.694057020358741283e-03,-5.917307138442993164e-01,-5.872707962989807129e-01,1.964187771081924438e-01,3.310106461867690086e-03,5.478174686431884766e-01,4.831950068473815918e-01,-2.235111743211746216e-01,-3.467368781566619873e-01,-6.138994097709655762e-01,4.914700686931610107e-01,-6.074211597442626953e-01,4.462109878659248352e-02,3.290672600269317627e-01,-2.852375246220617555e-06,-4.537603855133056641e-01,4.450691938400268555e-01,-2.683545053005218506e-01,1.954126656055450439e-01,-6.849295496940612793e-01,-5.409478545188903809e-01,7.054798007011413574e-01,2.666636109352111816e-01,-6.693993806838989258e-01,-5.386893749237060547e-01,-9.915369749069213867e-02,-2.289813570678234100e-02,6.384719014167785645e-01,-5.777721405029296875e-01,-6.316505670547485352e-01,1.657010614871978760e-01,5.651726722717285156e-01,-6.044303178787231445e-01,2.460390925407409668e-01,2.310813367366790771e-01,-5.977627635002136230e-01,5.170205235481262207e-01,4.608544707298278809e-01,6.561573743820190430e-01,6.092115044593811035e-01,-3.664434254169464111e-01,-4.794588983058929443e-01,-5.376021265983581543e-01,-4.085182026028633118e-02,4.863278269767761230e-01
5.520662292838096619e-02,6.937716901302337646e-02,-6.644104123115539551e-01,5.229086875915527344e-01,4.108747839927673340e-01,-4.453931376338005066e-02,-9.557814151048660278e-02,1.782207787036895752e-01,4.755442142486572266e-01,5.264501571655273438e-01,-1.029292866587638855e-01,-3.300319314002990723e-01,5.333359837532043457e-01,5.860115885734558105e-01,6.352776885032653809e-01,6.506778001785278320e-01,-1.449064910411834717e-02,5.434748530387878418e-01,-6.459863781929016113e-01,-5.173516869544982910e-01,-3.981807827949523926e-01,4.585355818271636963e-01,4.918981790542602539e-01,-2.251163125038146973e-01,1.183890849351882935e-01,5.632036924362182617e-01,-6.292260885238647461e-01,-3.479034006595611572e-01,6.408423185348510742e-01,-2.780122756958007812e-01,1.685905307531356812e-01,-7.207493185997009277e-01,4.557519555091857910e-01,5.847259163856506348e-01,-2.035718224942684174e-02,-6.975826621055603027e-01,5.033478736877441406e-01,6.321175098419189453e-01,-5.279809236526489258e-01,-5.232594609260559082e-01,5.525453090667724609e-01,8.532760292291641235e-02,6.357071995735168457e-01,3.159834742546081543e-01,-4.043736681342124939e-02,-6.127530932426452637e-01,-6.149919629096984863e-01,-1.810120940208435059e-01,-8.663809299468994141e-02,-3.567775711417198181e-02,6.825775839388370514e-03,-8.502567559480667114e-02,4.489059150218963623e-01,4.433891922235488892e-02,-1.278418600559234619e-01,-7.149099707603454590e-01,3.392420113086700439e-01,2.668393403291702271e-02,-5.849615931510925293e-01,-4.893169999122619629e-01,-4.589968547224998474e-02,-1.339957714080810547e-01,1.790813170373439789e-02,3.883185386657714844e-01,7.345640659332275391e-02,-2.370032221078872681e-01,2.212584614753723145e-01,6.729612946510314941e-01,-6.447610855102539062e-01,3.372732996940612793e-01,-5.615386366844177246e-01,-2.984530329704284668e-01,-2.530598044395446777e-01,6.189715862274169922e-01,-2.564881443977355957e-01,-6.502879261970520020e-01,-1.834177412092685699e-03,7.091423273086547852e-01,-1.692517846822738647e-01,-6.114695668220520020e-01,6.657640933990478516e-01,4.947593552060425282e-04,-5.786203145980834961e-01,-4.154711030423641205e-03,-6.043208241462707520e-01,-6.402818560600280762e-01,3.125731945037841797e-01,5.935210734605789185e-03,6.029319167137145996e-01,4.792522788047790527e-01,-1.286433786153793335e-01,-2.653662860393524170e-01,-5.715572834014892578e-01,3.933726847171783447e-01,-5.810126066207885742e-01,3.378293663263320923e-02,4.667656421661376953e-01,-4.725141309336322593e-07,-5.304597616195678711e-01,4.793425500392913818e-01,-2.910599708557128906e-01,2.792662382125854492e-01,-6.432226896286010742e-01,-5.983760356903076172e-01,7.330101132392883301e-01,9.411293268203735352e-02,-6.019009947776794434e-01,-6.553539037704467773e-01,-1.048092022538185120e-01,-1.021836604923009872e-02,5.264891386032104492e-01,-5.832902193069458008e-01,-6.098189353942871094e-01,1.674550026655197144e-02,6.510482430458068848e-01,-5.916466712951660156e-01,3.490648269653320312e-01,3.495826721191406250e-01,-6.519499421119689941e-01,4.553805291652679443e-01,6.006802916526794434e-01,5.591277480125427246e-01,5.497567057609558105e-01,-4.098658859729766846e-01,-4.313827157020568848e-01,-4.935806989669799805e-01,-7.360134273767471313e-02,5.174812078475952148e-01
-2.880883812904357910e-01,-2.055373787879943848e-02,1.620712876319885254e-01,-2.313267737627029419e-01,-2.931859195232391357e-01,2.517697215080261230e-01,-4.454468935728073120e-02,-2.304725795984268188e-01,-2.757116854190826416e-01,-1.029292866587638855e-01,4.858843088150024414e-01,2.064355313777923584e-01,1.461144834756851196e-01,-2.181582152843475342e-01,-2.151362299919128418e-01,-2.322150170803070068e-01,-5.235423799604177475e-03,-7.489835470914840698e-02,2.285535931587219238e-01,3.172109127044677734e-01,4.646665453910827637e-01,-2.740778028964996338e-02,-1.744551025331020355e-02,-1.465632021427154541e-01,-8.036103099584579468e-02,-1.659024953842163086e-01,1.379617452621459961e-01,1.635657399892807007e-01,-1.092656254768371582e-01,-1.732875779271125793e-02,2.204776406288146973e-01,3.525661826133728027e-01,-2.725984454154968262e-01,-3.117905855178833008e-01,-3.911184612661600113e-03,1.147955730557441711e-01,-1.575844585895538330e-01,-2.618353962898254395e-01,9.507524222135543823e-02,4.676810801029205322e-01,-4.315892457962036133e-01,-2.658255100250244141e-01,-5.397692695260047913e-02,-5.582629144191741943e-02,2.769867181777954102e-01,-8.934161812067031860e-02,3.238240778446197510e-01,5.622084811329841614e-02,-2.669306993484497070e-01,1.567337661981582642e-02,2.084891945123672485e-01,-9.048824198544025421e-03,-4.815198779106140137e-01,7.073184847831726074e-02,-1.832214742898941040e-01,2.312186062335968018e-01,-3.807106912136077881e-01,-9.943027980625629425e-03,1.295669972896575928e-01,2.016231119632720947e-01,1.970616728067398071e-01,-2.678247988224029541e-01,-1.043563988059759140e-02,-2.881699800491333008e-01,-2.391047924757003784e-01,1.100153625011444092e-01,3.521611392498016357e-01,-2.140483409166336060e-01,2.129156142473220825e-01,-1.675259470939636230e-01,3.125208020210266113e-01,-4.319113492965698242e-01,3.071599900722503662e-01,-1.959159076213836670e-01,4.122191667556762695e-01,2.940490245819091797e-01,-1.781255123205482960e-03,-1.805229336023330688e-01,2.584826052188873291e-01,2.661412060260772705e-01,-3.821792900562286377e-01,-1.724059547996148467e-04,2.765516042709350586e-01,-3.776527009904384613e-03,3.923274874687194824e-01,1.236789748072624207e-01,-1.260152906179428101e-01,1.655013911658897996e-04,-4.200201109051704407e-02,-2.719778716564178467e-01,2.979905605316162109e-01,5.601391941308975220e-02,2.387721538543701172e-01,-1.937239319086074829e-01,3.354185819625854492e-01,1.692534387111663818e-01,-3.885506093502044678e-02,8.571199032303411514e-06,1.531903296709060669e-01,-2.130526751279830933e-01,2.903970181941986084e-01,-1.557054370641708374e-01,3.485821783542633057e-01,2.478714734315872192e-01,-2.530588209629058838e-01,-4.609833955764770508e-01,2.781205773353576660e-01,2.015944756567478180e-02,2.197563648223876953e-01,9.134613908827304840e-03,-2.442949265241622925e-01,1.830304563045501709e-01,2.871229946613311768e-01,-2.567772567272186279e-01,-2.452424317598342896e-01,2.917832732200622559e-01,-1.061380729079246521e-01,5.040022358298301697e-02,3.046576082706451416e-01,-2.058697044849395752e-01,1.649248180910944939e-03,-3.827165961265563965e-01,-3.060066699981689453e-01,-7.072655856609344482e-02,3.009549975395202637e-01,1.813692748546600342e-01,-1.887940056622028351e-02,-2.467162013053894043e-01
-2.777251899242401123e-01,-4.729170724749565125e-02,4.040919542312622070e-01,-2.399830520153045654e-01,-5.346336364746093750e-01,3.040713965892791748e-01,5.976924300193786621e-02,-4.974367022514343262e-01,-3.240592777729034424e-01,-3.300319314002990723e-01,2.064355313777923584e-01,4.472173750400543213e-01,-2.772477567195892334e-01,-4.158146083354949951e-01,-4.446563422679901123e-01,-6.701913475990295410e-01,4.096898715943098068e-03,-3.372850418090820312e-01,3.838192820549011230e-01,4.296519756317138672e-01,3.340595662593841553e-01,-1.799509376287460327e-01,-2.131186425685882568e-01,7.126837223768234253e-02,-1.035265997052192688e-01,-6.034597754478454590e-01,4.735026657581329346e-01,5.502094626426696777e-01,-5.846894979476928711e-01,2.434119880199432373e-01,4.569534584879875183e-02,5.816338658332824707e-01,-1.333443820476531982e-01,-5.128484368324279785e-01,3.554958850145339966e-02,5.769429206848144531e-01,-4.508759379386901855e-01,-4.965371787548065186e-01,6.505101919174194336e-01,5.418618917465209961e-01,-4.947036504745483398e-01,-8.182500302791595459e-02,-3.583969473838806152e-01,-2.309963703155517578e-01,-6.417503952980041504e-02,2.813129723072052002e-01,4.621142446994781494e-01,1.222597509622573853e-01,-2.711502835154533386e-03,2.044655680656433105e-01,2.052225470542907715e-01,3.483987450599670410e-01,-4.035480022430419922e-01,-4.733230452984571457e-03,1.395261287689208984e-01,6.224888563156127930e-01,-3.746263682842254639e-01,-2.456034906208515167e-02,2.849318981170654297e-01,1.507941186428070068e-01,8.264252543449401855e-02,-3.759316354990005493e-02,-5.124104209244251251e-03,-3.886955678462982178e-01,-9.095315635204315186e-02,1.893318742513656616e-01,1.320471912622451782e-01,-6.026873588562011719e-01,5.175425410270690918e-01,-5.222296714782714844e-01,6.008608937263488770e-01,1.297142803668975830e-01,1.918852925300598145e-01,-4.333331882953643799e-01,2.290387600660324097e-01,5.435400009155273438e-01,1.019570627249777317e-03,-5.504962801933288574e-01,-1.019268669188022614e-02,4.825608134269714355e-01,-5.328464508056640625e-01,-3.972783742938190699e-04,5.640706419944763184e-01,6.169432774186134338e-03,6.257035732269287109e-01,3.943513035774230957e-01,-4.748433530330657959e-01,-7.618626579642295837e-03,-3.504040539264678955e-01,-4.707333445549011230e-01,1.229169592261314392e-01,-1.460181921720504761e-01,2.904883325099945068e-01,-1.539217084646224976e-01,4.369131028652191162e-01,2.543106973171234131e-01,-2.684956192970275879e-01,3.005357939400710166e-06,5.198404788970947266e-01,-4.237226545810699463e-01,5.072017908096313477e-01,-5.334224700927734375e-01,4.930607378482818604e-01,5.673106312751770020e-01,-4.387597143650054932e-01,-6.750911474227905273e-02,2.101563513278961182e-01,3.789283931255340576e-01,4.127167463302612305e-01,-8.760787546634674072e-03,-2.964485883712768555e-01,2.544623911380767822e-01,4.178511202335357666e-01,1.497004646807909012e-02,-5.388375520706176758e-01,4.664789438247680664e-01,-5.284683704376220703e-01,-1.608698219060897827e-01,5.730420351028442383e-01,-1.971107423305511475e-01,-2.991739809513092041e-01,-3.714273869991302490e-01,-3.745107352733612061e-01,1.027276925742626190e-02,4.150269925594329834e-01,2.263680249452590942e-01,2.260255254805088043e-02,-4.638291895389556885e-01
