4.024062752723693848e-01,1.705720834434032440e-02,4.704560339450836182e-02,-1.211672723293304443e-01,3.346722424030303955e-01,-4.059832096099853516e-01,5.373020842671394348e-02,4.558445811271667480e-01,9.015891700983047485e-02,2.590140514075756073e-02,-2.875372469425201416e-01,-2.425218373537063599e-01,-9.172767400741577148e-02,2.213085070252418518e-02,1.961313188076019287e-02,2.584384381771087646e-01,5.882076453417539597e-03,-3.643170464783906937e-03,1.351079437881708145e-02,-1.406998485326766968e-01,-2.142870575189590454e-01,-1.839655935764312744e-01,-1.437328904867172241e-01,1.110653728246688843e-01,3.911394998431205750e-02,2.834894955158233643e-01,-5.668975785374641418e-02,-4.034484624862670898e-01,1.186038553714752197e-01,-8.157843351364135742e-02,-1.881193965673446655e-01,-1.391956061124801636e-01,-9.807711094617843628e-02,1.282067447900772095e-01,-1.585280336439609528e-02,-1.134642362594604492e-01,1.490200161933898926e-01,9.818538278341293335e-02,-2.996083796024322510e-01,-2.938015162944793701e-01,2.303002029657363892e-01,1.293791532516479492e-01,-7.241152226924896240e-02,2.275129966437816620e-02,-2.481427229940891266e-02,1.966009587049484253e-01,-9.007109701633453369e-02,-8.670953102409839630e-03,1.615873575210571289e-01,-7.086769491434097290e-02,-2.184991091489791870e-01,-2.708801031112670898e-01,2.182793468236923218e-01,-2.385728619992733002e-02,-2.982083149254322052e-02,-1.624944806098937988e-01,1.851820051670074463e-01,5.579085554927587509e-03,5.707159265875816345e-02,1.851005256175994873e-01,-1.448890864849090576e-01,2.051423341035842896e-01,-3.574256785213947296e-03,2.728544771671295166e-01,1.281719505786895752e-01,-5.234257131814956665e-02,-3.396298587322235107e-01,1.817267388105392456e-01,-1.101799309253692627e-01,3.498650491237640381e-01,-2.931908071041107178e-01,2.352633029222488403e-01,-7.602688670158386230e-02,-5.242953542619943619e-03,-2.442324757575988770e-01,-1.993942558765411377e-01,6.120572797954082489e-04,4.526671022176742554e-02,5.554159358143806458e-02,-7.107776403427124023e-02,1.298364698886871338e-01,3.050321174669079483e-05,-2.059305012226104736e-01,-2.036341698840260506e-03,-3.265630602836608887e-01,6.675554811954498291e-02,3.358438909053802490e-01,3.313196357339620590e-03,-4.015158116817474365e-02,1.846573054790496826e-01,-1.607766598463058472e-01,2.988041937351226807e-01,5.227497965097427368e-02,-1.259323060512542725e-01,-1.268070042133331299e-01,-3.305259048938751221e-01,1.143594644963741302e-02,-8.754755072004627436e-06,-1.801456809043884277e-01,1.825166940689086914e-01,-3.359819650650024414e-01,4.180027842521667480e-01,-9.125135838985443115e-02,-1.991758197546005249e-01,-1.613710820674896240e-02,6.621886044740676880e-02,1.406174302101135254e-01,8.252629637718200684e-02,-4.425024986267089844e-01,1.434316486120223999e-02,-4.838903993368148804e-02,1.460827291011810303e-01,-2.046873047947883606e-02,-7.696083188056945801e-02,1.234806701540946960e-01,-1.377038508653640747e-01,3.394025266170501709e-01,-1.174103617668151855e-01,-1.898534595966339111e-01,-8.431594073772430420e-02,-9.321855008602142334e-02,5.859618633985519409e-02,7.303827255964279175e-02,2.858486175537109375e-01,-1.070062443614006042e-01,8.608522266149520874e-02,1.466143061406910419e-03,1.799698173999786377e-01
1.705720834434032440e-02,1.286008488386869431e-02,-9.861934185028076172e-02,7.273102551698684692e-02,7.698980718851089478e-02,-1.498113106936216354e-02,-1.676349900662899017e-02,4.483716562390327454e-02,7.059329748153686523e-02,7.810698449611663818e-02,-1.750142872333526611e-02,-5.989952012896537781e-02,8.325288444757461548e-02,8.477008342742919922e-02,9.271110594272613525e-02,1.074497550725936890e-01,-1.983903348445892334e-03,8.977628499269485474e-02,-9.605310857295989990e-02,-7.404647767543792725e-02,-5.689052864909172058e-02,6.753058731555938721e-02,6.811276823282241821e-02,-3.981197997927665710e-02,1.824262924492359161e-02,9.407398849725723267e-02,-9.122833609580993652e-02,-6.800415366888046265e-02,9.631905704736709595e-02,-3.775104135274887085e-02,1.814438775181770325e-02,-1.062967404723167419e-01,6.499304622411727905e-02,8.258127421140670776e-02,-3.399826819077134132e-03,-1.082520857453346252e-01,8.327876776456832886e-02,9.495139122009277344e-02,-9.069462120532989502e-02,-8.507221192121505737e-02,9.189743548631668091e-02,8.647347800433635712e-03,9.478449076414108276e-02,5.157662555575370789e-02,3.819709876552224159e-03,-8.629599213600158691e-02,-9.199984371662139893e-02,-3.476303443312644958e-02,-2.128433063626289368e-02,2.841698238626122475e-03,4.043172521051019430e-04,-1.786245964467525482e-02,7.254854589700698853e-02,-5.161267239600419998e-03,-3.206112235784530640e-02,-1.071253046393394470e-01,5.305231362581253052e-02,4.102927166968584061e-03,-8.970366418361663818e-02,-6.732459366321563721e-02,-1.277935318648815155e-02,-2.620686963200569153e-02,2.474182983860373497e-03,6.546302884817123413e-02,2.309398911893367767e-02,-3.656660020351409912e-02,2.880796790122985840e-02,1.081112325191497803e-01,-9.937239438295364380e-02,6.575106829404830933e-02,-9.228454530239105225e-02,-3.861091658473014832e-02,-3.656085580587387085e-02,8.848886936902999878e-02,-3.719224780797958374e-02,-1.048515737056732178e-01,-2.926941670011729002e-04,1.031718626618385315e-01,-2.866485156118869781e-02,-9.084971249103546143e-02,9.900797903537750244e-02,6.571184349013492465e-05,-8.848810940980911255e-02,-6.656910991296172142e-04,-1.020298004150390625e-01,-9.029197692871093750e-02,5.611813813447952271e-02,1.037635840475559235e-03,8.972116559743881226e-02,7.560699433088302612e-02,-2.795342728495597839e-02,-3.221423178911209106e-02,-8.667799085378646851e-02,5.071010813117027283e-02,-9.122360497713088989e-02,3.186545800417661667e-03,7.316987216472625732e-02,1.270848493106768728e-08,-8.476807922124862671e-02,8.785303682088851929e-02,-4.733799025416374207e-02,5.848032981157302856e-02,-9.679579734802246094e-02,-9.138339757919311523e-02,1.061452403664588928e-01,7.538491394370794296e-03,-8.532857149839401245e-02,-9.891217947006225586e-02,-3.131615370512008667e-02,-7.046617101877927780e-04,7.231463491916656494e-02,-7.816197723150253296e-02,-9.315492957830429077e-02,-2.197998948395252228e-02,9.991390258073806763e-02,-9.087285399436950684e-02,6.657975167036056519e-02,5.991534516215324402e-02,-1.011560112237930298e-01,6.342863291501998901e-02,9.178052842617034912e-02,8.518344163894653320e-02,7.914869487285614014e-02,-5.618652328848838806e-02,-5.847554281353950500e-02,-6.674312055110931396e-02,-1.232546102255582809e-02,8.124059438705444336e-02
4.704560339450836182e-02,-9.861934185028076172e-02,8.350912928581237793e-01,-7.360866069793701172e-01,-5.224758982658386230e-01,-8.401896804571151733e-02,1.446287184953689575e-01,-1.885838508605957031e-01,-5.718745589256286621e-01,-6.828553676605224609e-01,1.159486249089241028e-01,4.629921615123748779e-01,-6.630095839500427246e-01,-7.508266568183898926e-01,-7.963504195213317871e-01,-7.247473001480102539e-01,1.853324472904205322e-02,-7.322182655334472656e-01,8.029391169548034668e-01,6.445748805999755859e-01,4.408386647701263428e-01,-7.012306451797485352e-01,-6.923112273216247559e-01,3.871295154094696045e-01,-1.634633541107177734e-01,-5.993798971176147461e-01,7.532826662063598633e-01,3.533703684806823730e-01,-7.368965744972229004e-01,2.786661088466644287e-01,-2.112862467765808105e-01,7.977466583251953125e-01,-6.224638819694519043e-01,-7.148554325103759766e-01,2.416570857167243958e-02,7.841224670410156250e-01,-6.601132154464721680e-01,-7.717450857162475586e-01,5.538330674171447754e-01,6.421638131141662598e-01,-6.793918609619140625e-01,-7.140871137380599976e-02,-8.065315485000610352e-01,-4.751527011394500732e-01,-4.807486757636070251e-02,7.881433963775634766e-01,7.766504287719726562e-01,3.037369847297668457e-01,2.250095009803771973e-01,2.915419079363346100e-02,-7.076181471347808838e-02,5.948366224765777588e-02,-5.809484124183654785e-01,4.501239210367202759e-02,2.403474003076553345e-01,7.946641445159912109e-01,-4.939000606536865234e-01,-3.739354759454727173e-02,7.644424438476562500e-01,6.894387602806091309e-01,7.171699404716491699e-02,2.759191393852233887e-01,-2.587361261248588562e-02,-4.502830803394317627e-01,-1.563624143600463867e-01,3.235569894313812256e-01,-3.040514588356018066e-01,-7.712551355361938477e-01,7.749484777450561523e-01,-3.903945088386535645e-01,6.533225774765014648e-01,3.942515850067138672e-01,3.666410744190216064e-01,-7.753403186798095703e-01,2.120933532714843750e-01,7.588079571723937988e-01,2.460736548528075218e-03,-8.314706683158874512e-01,3.351082801818847656e-01,7.566994428634643555e-01,-7.870109081268310547e-01,-6.482748431153595448e-04,6.946972012519836426e-01,5.276652984321117401e-03,6.822797060012817383e-01,8.029329180717468262e-01,-3.301146030426025391e-01,-7.376787718385457993e-03,-7.431942224502563477e-01,-6.316583156585693359e-01,2.277311086654663086e-01,3.932321071624755859e-01,7.588759660720825195e-01,-5.651636123657226562e-01,7.331622838973999023e-01,-1.877463907003402710e-01,-6.173679828643798828e-01,-2.166833382943877950e-06,6.472142934799194336e-01,-6.395301222801208496e-01,3.454805016517639160e-01,-2.814147770404815674e-01,7.849547266960144043e-01,6.934854984283447266e-01,-8.484119772911071777e-01,-1.944019794464111328e-01,7.465573549270629883e-01,8.013044595718383789e-01,5.371209233999252319e-02,1.446825731545686722e-02,-6.690775752067565918e-01,7.595285177230834961e-01,7.922850847244262695e-01,1.577007956802845001e-02,-7.941113710403442383e-01,7.194773554801940918e-01,-3.909733295440673828e-01,-6.093132495880126953e-01,7.659204602241516113e-01,-6.503962278366088867e-01,-7.765663862228393555e-01,-7.243227958679199219e-01,-6.971405148506164551e-01,5.883832573890686035e-01,5.716854333877563477e-01,6.692579984664916992e-01,9.772824496030807495e-02,-6.503762006759643555e-01
-1.211672723293304443e-01,7.273102551698684692e-02,-7.360866069793701172e-01,7.552414536476135254e-01,3.453267216682434082e-01,1.710257232189178467e-01,-1.010359674692153931e-01,-2.490680664777755737e-03,5.228106379508972168e-01,5.381634235382080078e-01,-1.989120244979858398e-01,-3.058606088161468506e-01,4.615452587604522705e-01,6.703835725784301758e-01,6.976159214973449707e-01,5.220527052879333496e-01,-1.336790248751640320e-02,5.824473500251770020e-01,-7.326359152793884277e-01,-5.729175209999084473e-01,-4.662266671657562256e-01,6.465201377868652344e-01,6.024511456489562988e-01,-2.757764756679534912e-01,1.438238471746444702e-01,3.730051517486572266e-01,-6.125065088272094727e-01,-1.073987036943435669e-01,5.399429798126220703e-01,-1.199676468968391418e-01,1.376992464065551758e-01,-7.119517922401428223e-01,6.787579059600830078e-01,6.313335895538330078e-01,-4.575204569846391678e-03,-5.879552960395812988e-01,4.822701513767242432e-01,6.583238840103149414e-01,-2.917548120021820068e-01,-5.661017894744873047e-01,6.081156134605407715e-01,1.492575556039810181e-01,6.760569810867309570e-01,3.619310259819030762e-01,-1.030287295579910278e-01,-6.716912388801574707e-01,-7.066063880920410156e-01,-2.408536672592163086e-01,-9.231971949338912964e-02,1.419843267649412155e-02,7.823082804679870605e-02,1.340756118297576904e-01,5.732606053352355957e-01,-7.403532415628433228e-02,-5.281508713960647583e-02,-6.284345984458923340e-01,4.790197312831878662e-01,2.918646857142448425e-02,-6.762534976005554199e-01,-7.406538128852844238e-01,-9.139644354581832886e-02,-1.694930642843246460e-01,2.790076285600662231e-02,3.171229958534240723e-01,1.865901798009872437e-01,-2.673933207988739014e-01,2.154412716627120972e-01,5.834079384803771973e-01,-6.342131495475769043e-01,1.615526527166366577e-01,-4.851673245429992676e-01,-1.901340633630752563e-01,-4.177758693695068359e-01,6.815997362136840820e-01,-2.410019785165786743e-01,-6.064278483390808105e-01,-1.102110720239579678e-03,6.981784701347351074e-01,-4.454222023487091064e-01,-6.615594029426574707e-01,7.166340351104736328e-01,5.480489926412701607e-04,-5.481367707252502441e-01,3.360789560247212648e-04,-5.344747304916381836e-01,-7.060067057609558105e-01,1.018262058496475220e-01,2.917889738455414772e-03,6.068025231361389160e-01,5.117708444595336914e-01,-2.513864040374755859e-01,-5.014791488647460938e-01,-7.289347052574157715e-01,5.996676683425903320e-01,-6.595124006271362305e-01,2.636269927024841309e-01,4.559886455535888672e-01,1.353996935904433485e-06,-4.505389630794525146e-01,4.802492558956146240e-01,-2.142733782529830933e-01,5.374759435653686523e-02,-7.240123152732849121e-01,-5.291270613670349121e-01,7.830290198326110840e-01,3.728471100330352783e-01,-7.938495874404907227e-01,-6.631230115890502930e-01,1.152369156479835510e-01,-2.485482394695281982e-02,6.666257977485656738e-01,-7.515596747398376465e-01,-7.382436394691467285e-01,1.817338466644287109e-01,6.582514643669128418e-01,-6.096363067626953125e-01,1.446397751569747925e-01,4.920932054519653320e-01,-6.277786493301391602e-01,6.496301293373107910e-01,6.410316824913024902e-01,7.170729041099548340e-01,6.429942846298217773e-01,-5.638918876647949219e-01,-5.278494954109191895e-01,-6.572086811065673828e-01,-6.499395519495010376e-02,5.053613781929016113e-01
3.346722424030303955e-01,7.698980718851089478e-02,-5.224758982658386230e-01,3.453267216682434082e-01,6.932835578918457031e-01,-3.403015136718750000e-01,-5.010557547211647034e-02,6.242746114730834961e-01,3.929682672023773193e-01,4.677097797393798828e-01,-2.814930677413940430e-01,-5.791693329811096191e-01,4.095637202262878418e-01,5.059698820114135742e-01,5.553899407386779785e-01,7.811040878295898438e-01,-6.520730908960103989e-03,4.996965229511260986e-01,-5.142128467559814453e-01,-5.325623750686645508e-01,-3.938288092613220215e-01,2.851451933383941650e-01,3.096520006656646729e-01,-1.772490441799163818e-01,1.362640261650085449e-01,7.183408737182617188e-01,-5.800114274024963379e-01,-6.757139563560485840e-01,6.895526647567749023e-01,-2.909740507602691650e-01,-3.211659938097000122e-02,-6.598095893859863281e-01,2.296006977558135986e-01,6.077445745468139648e-01,-4.064157232642173767e-02,-6.825231313705444336e-01,6.038079261779785156e-01,6.130394935607910156e-01,-7.546917796134948730e-01,-6.786320805549621582e-01,6.357843875885009766e-01,1.061951965093612671e-01,4.884492456912994385e-01,3.444073796272277832e-01,1.179828047752380371e-01,-3.879212141036987305e-01,-5.974465608596801758e-01,-2.063673883676528931e-01,-5.317408964037895203e-02,-1.507322639226913452e-01,-1.773189455270767212e-01,-4.134587943553924561e-01,5.243687033653259277e-01,-3.344949707388877869e-02,-2.704599201679229736e-01,-7.339075803756713867e-01,4.733157455921173096e-01,3.141722083091735840e-02,-4.321073591709136963e-01,-2.310550212860107422e-01,-1.508878022432327271e-01,-2.925330027937889099e-02,8.716557174921035767e-03,5.273399353027343750e-01,1.706650257110595703e-01,-2.560533583164215088e-01,-9.993487596511840820e-02,7.302845716476440430e-01,-6.316250562667846680e-01,6.526356935501098633e-01,-7.488842010498046875e-01,-1.673877537250518799e-01,-2.351925075054168701e-01,5.219301581382751465e-01,-2.789984941482543945e-01,-7.054111957550048828e-01,-1.471365918405354023e-03,6.454222202301025391e-01,-7.527844607830047607e-02,-5.697851777076721191e-01,6.408834457397460938e-01,4.623800341505557299e-04,-6.786695122718811035e-01,-7.920714095234870911e-03,-7.723607420921325684e-01,-4.918112158775329590e-01,6.031141281127929688e-01,9.764085523784160614e-03,4.587707519531250000e-01,6.065020561218261719e-01,-2.553529739379882812e-01,1.213403120636940002e-01,-4.134741425514221191e-01,1.839675307273864746e-01,-5.830544829368591309e-01,-2.322273701429367065e-01,4.379728734493255615e-01,-6.611823664570692927e-06,-6.438288092613220215e-01,6.073489189147949219e-01,-5.908592939376831055e-01,6.479743123054504395e-01,-6.028926968574523926e-01,-6.846334338188171387e-01,5.499432086944580078e-01,9.675665199756622314e-02,-3.061472475528717041e-01,-4.987635314464569092e-01,-5.067729353904724121e-01,1.264218334108591080e-02,3.416983783245086670e-01,-3.385001420974731445e-01,-5.402224659919738770e-01,-1.494238376617431641e-01,6.829094886779785156e-01,-5.934668183326721191e-01,6.494345068931579590e-01,3.121286034584045410e-01,-7.107311487197875977e-01,2.869043052196502686e-01,4.582835733890533447e-01,4.769652187824249268e-01,4.834767878055572510e-01,-8.315656334161758423e-02,-4.792597889900207520e-01,-3.104951381683349609e-01,-6.203036382794380188e-02,6.075666546821594238e-01
-4.059832096099853516e-01,-1.498113106936216354e-02,-8.401896804571151733e-02,1.710257232189178467e-01,-3.403015136718750000e-01,4.544118940830230713e-01,-4.320215061306953430e-02,-4.878485202789306641e-01,-9.604945033788681030e-02,-1.197308022528886795e-02,2.597278654575347900e-01,2.737862169742584229e-01,1.046115979552268982e-01,-7.466491311788558960e-03,2.656482858583331108e-03,-2.818528413772583008e-01,-7.120043504983186722e-03,2.756346017122268677e-02,-5.150530114769935608e-02,1.218558624386787415e-01,1.993689388036727905e-01,2.041368633508682251e-01,1.797541528940200806e-01,-1.128146871924400330e-01,-3.844407200813293457e-02,-3.212456107139587402e-01,5.689931288361549377e-02,4.383035004138946533e-01,-1.218113377690315247e-01,7.152798771858215332e-02,2.100284248590469360e-01,1.366245746612548828e-01,1.693767011165618896e-01,-1.129613593220710754e-01,1.987470500171184540e-02,1.250394284725189209e-01,-1.534417867660522461e-01,-8.412227034568786621e-02,3.373869359493255615e-01,2.728154063224792480e-01,-2.218387573957443237e-01,-1.042620614171028137e-01,1.019713357090950012e-01,-1.248567737638950348e-02,-9.083676151931285858e-03,-2.163240015506744385e-01,6.147726252675056458e-02,-9.247336536645889282e-03,-1.690732985734939575e-01,1.168544888496398926e-01,2.484614253044128418e-01,3.103585541248321533e-01,-1.921963393688201904e-01,2.238160558044910431e-02,4.626546800136566162e-02,1.582188308238983154e-01,-1.847329586744308472e-01,-5.663885269314050674e-03,-1.004488170146942139e-01,-2.375104278326034546e-01,1.441701203584671021e-01,-2.229746431112289429e-01,6.015757564455270767e-03,-2.642383873462677002e-01,-1.118289306759834290e-01,4.924552515149116516e-02,3.630196452140808105e-01,-1.816143393516540527e-01,1.109329313039779663e-01,-3.759833574295043945e-01,2.952537238597869873e-01,-2.240870147943496704e-01,6.831059604883193970e-02,1.276537869125604630e-02,2.060945332050323486e-01,1.774113029241561890e-01,-4.573618643917143345e-04,-3.319298103451728821e-02,-1.079610586166381836e-01,7.027567923069000244e-02,-1.053092554211616516e-01,-3.355416265549138188e-05,2.041633576154708862e-01,2.272888086736202240e-03,3.251049816608428955e-01,-8.122491836547851562e-02,-3.555898368358612061e-01,-4.002172499895095825e-03,4.687456414103507996e-02,-1.896665543317794800e-01,1.294685751199722290e-01,-3.640690743923187256e-01,-9.166182577610015869e-02,1.508453041315078735e-01,9.969657659530639648e-02,3.549684882164001465e-01,3.727568313479423523e-02,6.815588221797952428e-06,1.937835514545440674e-01,-1.736458986997604370e-01,3.590182065963745117e-01,-4.661777317523956299e-01,8.097419142723083496e-02,2.052783519029617310e-01,4.958396777510643005e-02,4.752812441438436508e-03,-2.059987634420394897e-01,-9.874971956014633179e-02,4.849450588226318359e-01,-1.626165583729743958e-02,5.932386219501495361e-02,-1.978317052125930786e-01,-6.381469313055276871e-03,9.406198561191558838e-02,-1.027936562895774841e-01,1.211623474955558777e-01,-3.828298449516296387e-01,1.463913768529891968e-01,1.713460385799407959e-01,1.223069280385971069e-01,1.299973279237747192e-01,-1.897446997463703156e-02,-4.759700596332550049e-02,-3.338235318660736084e-01,1.117803081870079041e-01,-1.181522831320762634e-01,-1.154262945055961609e-02,-1.677282452583312988e-01
5.373020842671394348e-02,-1.676349900662899017e-02,1.446287184953689575e-01,-1.010359674692153931e-01,-5.010557547211647034e-02,-4.320215061306953430e-02,6.358116120100021362e-02,1.153667271137237549e-02,-8.684419095516204834e-02,-1.027988493442535400e-01,-7.715860754251480103e-02,4.387412965297698975e-02,-1.750409752130508423e-01,-1.055629849433898926e-01,-1.178905889391899109e-01,-1.222742348909378052e-01,5.085795186460018158e-03,-1.546427309513092041e-01,1.268164515495300293e-01,4.507910087704658508e-02,2.668924164026975632e-03,-1.305604577064514160e-01,-1.230241134762763977e-01,9.619305282831192017e-02,-1.298874709755182266e-02,-1.057888045907020569e-01,1.113563776016235352e-01,4.863093048334121704e-02,-1.227482557296752930e-01,4.900272935628890991e-02,-7.451023161411285400e-02,1.068279296159744263e-01,-8.168896287679672241e-02,-6.384722888469696045e-02,3.904700046405196190e-03,1.527340710163116455e-01,-9.928417205810546875e-02,-1.100100651383399963e-01,1.082191914319992065e-01,3.325435146689414978e-02,-7.527020573616027832e-02,4.830701649188995361e-02,-1.586148738861083984e-01,-7.187756896018981934e-02,-4.595241695642471313e-02,1.699148714542388916e-01,9.705216437578201294e-02,6.018846854567527771e-02,9.976489096879959106e-02,-2.444981597363948822e-02,-4.792505502700805664e-02,-1.678016409277915955e-02,-2.612318284809589386e-02,1.657653250731527805e-03,6.743694841861724854e-02,1.195114329457283020e-01,-1.593863591551780701e-02,-4.957715980708599091e-03,1.400265991687774658e-01,1.125563085079193115e-01,-3.248870372772216797e-02,1.170689314603805542e-01,-2.500185510143637657e-03,-3.665225952863693237e-02,5.154918413609266281e-03,3.908212110400199890e-02,-1.451094001531600952e-01,-1.290473192930221558e-01,1.230641752481460571e-01,-4.376611113548278809e-02,7.279855012893676758e-02,1.349889189004898071e-01,4.232808016240596771e-03,-1.263544708490371704e-01,-9.685966186225414276e-03,1.103955358266830444e-01,8.560521528124809265e-04,-1.337526887655258179e-01,2.735507301986217499e-02,1.079258024692535400e-01,-9.747935831546783447e-02,-7.406676013488322496e-05,7.733640819787979126e-02,6.514791166409850121e-04,7.919669896364212036e-02,1.383116543292999268e-01,-2.813888713717460632e-02,-1.444414490833878517e-03,-1.458026468753814697e-01,-6.145917996764183044e-02,-1.728209853172302246e-02,8.367349952459335327e-02,1.236454769968986511e-01,-6.804472953081130981e-02,9.391650557518005371e-02,-6.810556352138519287e-02,-1.201032996177673340e-01,-4.164317942922934890e-06,9.331078082323074341e-02,-1.096017584204673767e-01,-1.204793993383646011e-02,-1.968322880566120148e-02,1.055556461215019226e-01,9.500573575496673584e-02,-1.393973082304000854e-01,6.969189643859863281e-02,1.216534823179244995e-01,1.823025494813919067e-01,-2.183379046618938446e-02,1.513419207185506821e-03,-9.517797082662582397e-02,1.096566170454025269e-01,1.231971234083175659e-01,8.693690598011016846e-02,-1.153908371925354004e-01,9.561597555875778198e-02,-5.410187691450119019e-02,-1.216790974140167236e-01,1.019628122448921204e-01,-8.784135431051254272e-02,-1.609926074743270874e-01,-8.382122218608856201e-02,-7.547233998775482178e-02,1.437477469444274902e-01,2.729425765573978424e-02,8.509841561317443848e-02,2.171117998659610748e-02,-7.584371417760848999e-02
4.558445811271667480e-01,4.483716562390327454e-02,-1.885838508605957031e-01,-2.490680664777755737e-03,6.242746114730834961e-01,-4.878485202789306641e-01,1.153667271137237549e-02,7.726111412048339844e-01,1.235708221793174744e-01,2.292983829975128174e-01,-2.363375872373580933e-01,-5.376260280609130859e-01,1.996859610080718994e-01,2.114379107952117920e-01,2.553189992904663086e-01,6.038513779640197754e-01,9.220621432177722454e-04,2.475414872169494629e-01,-1.775027960538864136e-01,-3.024831116199493408e-01,-1.650268286466598511e-01,-2.517770603299140930e-02,2.247855626046657562e-02,-5.934971198439598083e-02,8.102446049451828003e-02,6.112594604492187500e-01,-3.217960298061370850e-01,-7.302907705307006836e-01,5.177752971649169922e-01,-2.650175988674163818e-01,-1.336611956357955933e-01,-3.442724049091339111e-01,-1.379094123840332031e-01,3.725190460681915283e-01,-4.926534742116928101e-02,-4.457347691059112549e-01,4.410559833049774170e-01,3.459835946559906006e-01,-7.228671908378601074e-01,-4.822231233119964600e-01,3.897146284580230713e-01,3.736554086208343506e-02,1.767664700746536255e-01,2.092092782258987427e-01,2.373786866664886475e-01,-6.463979929685592651e-02,-3.112044334411621094e-01,-1.127194762229919434e-01,-1.305714994668960571e-02,-2.321279942989349365e-01,-2.699328064918518066e-01,-6.119138002395629883e-01,2.837110161781311035e-01,-3.067730925977230072e-03,-3.064440786838531494e-01,-5.006785988807678223e-01,3.164647817611694336e-01,2.231577411293983459e-02,-1.010778024792671204e-01,1.535747200250625610e-01,-1.237016543745994568e-01,5.826808139681816101e-02,-6.825946271419525146e-03,4.171139597892761230e-01,8.646263927221298218e-02,-1.537497788667678833e-01,-2.778153419494628906e-01,5.126332044601440430e-01,-3.725662827491760254e-01,6.841011643409729004e-01,-6.158668994903564453e-01,-1.033431813120841980e-01,-3.002281486988067627e-02,2.333420366048812866e-01,-1.666950881481170654e-01,-4.723966419696807861e-01,-1.041877549141645432e-03,3.631085157394409180e-01,1.559640914201736450e-01,-2.834199368953704834e-01,3.441637456417083740e-01,2.551577345002442598e-04,-4.945921301841735840e-01,-1.019434165209531784e-02,-5.916324257850646973e-01,-1.731660068035125732e-01,6.683290004730224609e-01,1.042016968131065369e-02,1.619424968957901001e-01,4.453216195106506348e-01,-1.641169190406799316e-01,4.746240377426147461e-01,-5.906271189451217651e-02,-1.350508332252502441e-01,-3.087346553802490234e-01,-4.447148442268371582e-01,2.603332102298736572e-01,-9.946068530553020537e-06,-5.036399960517883301e-01,4.369354546070098877e-01,-6.173015832901000977e-01,7.357283830642700195e-01,-2.939474284648895264e-01,-5.121691226959228516e-01,1.799207478761672974e-01,-6.196425855159759521e-02,1.242782250046730042e-01,-1.959755122661590576e-01,-6.772849559783935547e-01,3.309675678610801697e-02,-6.753502879291772842e-03,3.235122188925743103e-02,-2.185096740722656250e-01,-2.525889575481414795e-01,4.380791485309600830e-01,-3.414048254489898682e-01,6.822561621665954590e-01,1.137985363602638245e-01,-4.827928543090820312e-01,-4.295237734913825989e-02,1.665478795766830444e-01,1.404973119497299194e-01,1.862678527832031250e-01,2.526597678661346436e-01,-2.874684631824493408e-01,2.095452323555946350e-02,-3.069470822811126709e-02,4.407837986946105957e-01
9.015891700983047485e-02,7.059329748153686523e-02,-5.718745589256286621e-01,5.228106379508972168e-01,3.929682672023773193e-01,-9.604945033788681030e-02,-8.684419095516204834e-02,1.235708221793174744e-01,5.708749294281005859e-01,4.592348635196685791e-01,-2.502434551715850830e-01,-3.473674952983856201e-01,3.304108679294586182e-01,5.737096071243286133e-01,5.786046385765075684e-01,5.669916868209838867e-01,-7.654368877410888672e-03,4.382310509681701660e-01,-6.001011133193969727e-01,-5.379690527915954590e-01,-5.471798181533813477e-01,4.378972649574279785e-01,3.880300521850585938e-01,-1.658800840377807617e-01,1.377703696489334106e-01,4.800287187099456787e-01,-5.585685372352600098e-01,-2.521669268608093262e-01,4.552955329418182373e-01,-1.223801523447036743e-01,1.789434440433979034e-02,-7.244783639907836914e-01,5.078495144844055176e-01,5.548596382141113281e-01,-7.164201233536005020e-03,-5.759783983230590820e-01,4.526965618133544922e-01,5.802782177925109863e-01,-3.407873213291168213e-01,-5.712493658065795898e-01,6.293912529945373535e-01,1.775911003351211548e-01,5.117793679237365723e-01,2.729040384292602539e-01,-1.514986008405685425e-01,-4.770764410495758057e-01,-5.883867740631103516e-01,-1.581811010837554932e-01,5.551770329475402832e-02,-1.823097467422485352e-02,-4.826109483838081360e-02,5.698093399405479431e-02,5.805186629295349121e-01,-8.505062758922576904e-02,-1.433600112795829773e-02,-5.819734334945678711e-01,4.514472484588623047e-01,2.326821722090244293e-02,-5.292418003082275391e-01,-5.250094532966613770e-01,-1.567775607109069824e-01,1.600155606865882874e-02,2.207104489207267761e-02,4.101684093475341797e-01,2.216039001941680908e-01,-2.363665550947189331e-01,3.746703639626502991e-02,5.655126571655273438e-01,-6.019929647445678711e-01,2.626251578330993652e-01,-4.922721385955810547e-01,-9.326154366135597229e-03,-4.223380982875823975e-01,5.634214878082275391e-01,-3.147253394126892090e-01,-5.748021602630615234e-01,-6.893774843774735928e-04,5.893360972404479980e-01,-3.002351522445678711e-01,-6.076943278312683105e-01,6.489298939704895020e-01,4.392210976220667362e-04,-5.194838643074035645e-01,1.337623107247054577e-03,-5.827831029891967773e-01,-5.575549006462097168e-01,1.905587762594223022e-01,3.353069070726633072e-03,5.459435582160949707e-01,4.807279706001281738e-01,-2.370574176311492920e-01,-3.171356916427612305e-01,-5.890337228775024414e-01,4.651071429252624512e-01,-5.884985923767089844e-01,8.648661524057388306e-02,2.895505428314208984e-01,1.377026137561188079e-06,-4.469929337501525879e-01,4.525769948959350586e-01,-2.773203849792480469e-01,2.347667217254638672e-01,-6.567792296409606934e-01,-5.114581584930419922e-01,6.809499859809875488e-01,2.302208244800567627e-01,-6.473996639251708984e-01,-5.231851339340209961e-01,-9.140110015869140625e-02,-2.053168043494224548e-02,6.153129339218139648e-01,-5.531366467475891113e-01,-6.114510893821716309e-01,1.139312088489532471e-01,5.458956956863403320e-01,-5.776420831680297852e-01,2.622738182544708252e-01,2.711581885814666748e-01,-5.719110369682312012e-01,4.885904192924499512e-01,4.567495286464691162e-01,6.342162489891052246e-01,5.713918805122375488e-01,-3.343439996242523193e-01,-4.746914505958557129e-01,-5.188275575637817383e-01,-4.164118692278862000e-02,4.693982601165771484e-01
2.590140514075756073e-02,7.810698449611663818e-02,-6.828553676605224609e-01,5.381634235382080078e-01,4.677097797393798828e-01,-1.197308022528886795e-02,-1.027988493442535400e-01,2.292983829975128174e-01,4.592348635196685791e-01,5.605357885360717773e-01,-7.995212823152542114e-02,-3.999926745891571045e-01,5.586363673210144043e-01,6.063140034675598145e-01,6.583293080329895020e-01,6.953608393669128418e-01,-1.382993254810571671e-02,5.762594342231750488e-01,-6.701540946960449219e-01,-5.436821579933166504e-01,-3.638441562652587891e-01,5.118700861930847168e-01,5.064670443534851074e-01,-3.033954501152038574e-01,1.299605816602706909e-01,6.044483184814453125e-01,-6.639859080314636230e-01,-3.863973319530487061e-01,6.746398806571960449e-01,-2.649196982383728027e-01,1.587829887866973877e-01,-7.327177524566650391e-01,4.439953267574310303e-01,6.148289442062377930e-01,-2.355932630598545074e-02,-7.319062948226928711e-01,5.599741339683532715e-01,6.497406363487243652e-01,-5.692712664604187012e-01,-5.586579442024230957e-01,5.800108313560485840e-01,4.428292810916900635e-02,6.568046212196350098e-01,3.651685714721679688e-01,4.964370653033256531e-02,-6.519447565078735352e-01,-6.304295063018798828e-01,-2.093466669321060181e-01,-1.449847221374511719e-01,-5.392254143953323364e-02,2.364429458975791931e-02,-1.275708973407745361e-01,4.804195165634155273e-01,-2.607917413115501404e-02,-2.207224071025848389e-01,-7.328460216522216797e-01,3.730599582195281982e-01,2.844495698809623718e-02,-6.082935333251953125e-01,-4.930074512958526611e-01,-7.333372533321380615e-02,-1.749002933502197266e-01,1.808327250182628632e-02,4.107168614864349365e-01,1.147664338350296021e-01,-2.527231872081756592e-01,2.142713814973831177e-01,7.083146572113037109e-01,-6.780793070793151855e-01,3.968216776847839355e-01,-6.003094315528869629e-01,-3.410307765007019043e-01,-2.739632725715637207e-01,6.305058002471923828e-01,-1.654158979654312134e-01,-6.772674322128295898e-01,-2.010830678045749664e-03,7.300913333892822266e-01,-1.811243146657943726e-01,-6.372988224029541016e-01,6.802655458450317383e-01,4.945188411511480808e-04,-6.028125882148742676e-01,-5.423577968031167984e-03,-6.365099549293518066e-01,-6.543924212455749512e-01,3.416888117790222168e-01,6.796589586883783340e-03,6.405500173568725586e-01,5.249201655387878418e-01,-1.601273864507675171e-01,-2.430382668972015381e-01,-5.915598869323730469e-01,4.044190347194671631e-01,-6.061266064643859863e-01,8.227725327014923096e-02,4.709403514862060547e-01,8.746608841647685040e-07,-5.707589387893676758e-01,5.328588485717773438e-01,-3.315468132495880127e-01,3.461150527000427246e-01,-6.603513956069946289e-01,-6.139732599258422852e-01,7.444766163825988770e-01,6.109798699617385864e-02,-6.018638014793395996e-01,-6.781408786773681641e-01,-1.219104453921318054e-01,-8.180995471775531769e-03,5.361499786376953125e-01,-5.952929854393005371e-01,-6.344967484474182129e-01,-4.015536978840827942e-02,6.763588786125183105e-01,-6.095499396324157715e-01,4.035027921199798584e-01,4.335905611515045166e-01,-6.720571517944335938e-01,4.630752801895141602e-01,6.351599693298339844e-01,5.751649141311645508e-01,5.529439449310302734e-01,-4.060630202293395996e-01,-4.685054421424865723e-01,-5.057421922683715820e-01,-7.580655068159103394e-02,5.474027991294860840e-01
-2.875372469425201416e-01,-1.750142872333526611e-02,1.159486249089241028e-01,-1.989120244979858398e-01,-2.814930677413940430e-01,2.597278654575347900e-01,-7.715860754251480103e-02,-2.363375872373580933e-01,-2.502434551715850830e-01,-7.995212823152542114e-02,5.035493373870849609e-01,2.084591686725616455e-01,1.863863319158554077e-01,-1.981065869331359863e-01,-1.821057498455047607e-01,-2.038664519786834717e-01,-7.547292392700910568e-03,-2.088120952248573303e-02,1.871694922447204590e-01,3.148183822631835938e-01,4.719991087913513184e-01,-9.959827875718474388e-04,1.424279063940048218e-02,-1.458855569362640381e-01,-8.146386593580245972e-02,-1.465633809566497803e-01,1.413308382034301758e-01,1.502287834882736206e-01,-8.082680404186248779e-02,-4.724859073758125305e-02,2.400841712951660156e-01,3.300003111362457275e-01,-2.390553206205368042e-01,-3.020791411399841309e-01,-3.700922941789031029e-03,8.425693213939666748e-02,-1.386516839265823364e-01,-2.270166277885437012e-01,6.232587993144989014e-02,4.529729485511779785e-01,-4.019826352596282959e-01,-3.035834133625030518e-01,-1.886412687599658966e-02,-4.152970016002655029e-02,2.543690502643585205e-01,-9.519109129905700684e-02,2.939105033874511719e-01,2.249979041516780853e-02,-3.049142956733703613e-01,3.742727264761924744e-02,2.049100697040557861e-01,1.250185817480087280e-02,-4.674814641475677490e-01,8.720577508211135864e-02,-1.700176596641540527e-01,2.027556300163269043e-01,-3.864082098007202148e-01,-8.563019335269927979e-03,9.002435952425003052e-02,1.619829833507537842e-01,2.267038375139236450e-01,-3.029668927192687988e-01,-1.041913498193025589e-02,-2.700411081314086914e-01,-2.431331872940063477e-01,1.020925268530845642e-01,4.034837782382965088e-01,-1.752560287714004517e-01,1.860370188951492310e-01,-1.572881489992141724e-01,2.908586263656616211e-01,-4.389793574810028076e-01,3.264389634132385254e-01,-1.470344811677932739e-01,3.829873502254486084e-01,2.514575123786926270e-01,-1.892116852104663849e-03,-1.535552442073822021e-01,2.398594468832015991e-01,2.312190979719161987e-01,-3.388163447380065918e-01,-1.566893624840304255e-04,2.628057003021240234e-01,-4.064660053700208664e-03,3.648531436920166016e-01,9.169762581586837769e-02,-1.247151345014572144e-01,5.206335335969924927e-04,-2.646657638251781464e-02,-2.686005234718322754e-01,3.094858527183532715e-01,1.549241878092288971e-02,1.935934722423553467e-01,-1.645442247390747070e-01,3.004593551158905029e-01,1.602757871150970459e-01,1.164620462805032730e-02,1.034479100781027228e-05,1.388711184263229370e-01,-1.763378232717514038e-01,3.013402223587036133e-01,-1.799438297748565674e-01,3.148143589496612549e-01,2.184266299009323120e-01,-2.070433199405670166e-01,-4.616834521293640137e-01,2.344904690980911255e-01,-2.471915259957313538e-02,2.182734608650207520e-01,8.147668093442916870e-03,-2.261240631341934204e-01,1.468437463045120239e-01,2.473905980587005615e-01,-2.566667199134826660e-01,-2.182480543851852417e-01,2.602767646312713623e-01,-1.106789186596870422e-01,7.169721275568008423e-02,2.711858451366424561e-01,-1.783052235841751099e-01,3.016221895813941956e-02,-3.456726074218750000e-01,-2.844645380973815918e-01,-1.162452995777130127e-01,3.071115911006927490e-01,1.762909889221191406e-01,-1.736332289874553680e-02,-2.227138876914978027e-01
-2.425218373537063599e-01,-5.989952012896537781e-02,4.629921615123748779e-01,-3.058606088161468506e-01,-5.791693329811096191e-01,2.737862169742584229e-01,4.387412965297698975e-02,-5.376260280609130859e-01,-3.473674952983856201e-01,-3.999926745891571045e-01,2.084591686725616455e-01,5.181350111961364746e-01,-3.358605206012725830e-01,-4.768974184989929199e-01,-5.144070386886596680e-01,-7.338352799415588379e-01,4.100615158677101135e-03,-3.929541409015655518e-01,4.478310346603393555e-01,4.914414882659912109e-01,3.522578179836273193e-01,-2.666160762310028076e-01,-2.604549527168273926e-01,1.566549390554428101e-01,-1.210726648569107056e-01,-6.583977937698364258e-01,5.594598650932312012e-01,5.853947997093200684e-01,-6.445338129997253418e-01,2.316800057888031006e-01,3.855413943529129028e-02,6.491336226463317871e-01,-1.598588526248931885e-01,-5.820074677467346191e-01,3.719532489776611328e-02,6.451132297515869141e-01,-5.213911533355712891e-01,-5.480886697769165039e-01,6.977438926696777344e-01,6.096710562705993652e-01,-5.545467138290405273e-01,-7.912560552358627319e-02,-4.245556294918060303e-01,-2.889300882816314697e-01,-1.280215680599212646e-01,3.788981735706329346e-01,5.302056670188903809e-01,1.411037892103195190e-01,2.460431680083274841e-02,2.138167917728424072e-01,1.718508899211883545e-01,3.781328797340393066e-01,-4.545766115188598633e-01,3.378239274024963379e-02,2.266857624053955078e-01,6.901531219482421875e-01,-4.262215197086334229e-01,-2.706467732787132263e-02,3.473222553730010986e-01,1.958349645137786865e-01,1.270883530378341675e-01,-1.490437146276235580e-02,-7.122693583369255066e-03,-4.151162505149841309e-01,-1.163356825709342957e-01,2.179338335990905762e-01,1.153964027762413025e-01,-6.639232635498046875e-01,5.862632393836975098e-01,-5.614343881607055664e-01,6.680958271026611328e-01,1.907200515270233154e-01,2.286901772022247314e-01,-4.833201766014099121e-01,1.647975444793701172e-01,6.104302406311035156e-01,1.301227835938334465e-03,-6.158508062362670898e-01,3.045825473964214325e-02,5.292236804962158203e-01,-5.843930840492248535e-01,-4.285479953978210688e-04,6.193287372589111328e-01,6.898264866322278976e-03,6.826168298721313477e-01,4.605239033699035645e-01,-5.119425058364868164e-01,-8.407607674598693848e-03,-4.217776954174041748e-01,-5.429731607437133789e-01,1.778039634227752686e-01,-1.388394832611083984e-01,3.514047861099243164e-01,-1.892077326774597168e-01,4.921657145023345947e-01,1.822801679372787476e-01,-3.074874281883239746e-01,3.805959977398742922e-06,5.791908502578735352e-01,-4.801072776317596436e-01,5.408216118812561035e-01,-5.895459055900573730e-01,5.588734149932861328e-01,6.147247552871704102e-01,-5.072027444839477539e-01,-6.031011044979095459e-02,2.603999376296997070e-01,4.412274658679962158e-01,4.202106595039367676e-01,-9.044775739312171936e-03,-3.478864431381225586e-01,3.142324984073638916e-01,4.795332849025726318e-01,5.818026885390281677e-02,-6.117446422576904297e-01,5.189750790596008301e-01,-5.812357664108276367e-01,-2.460650950670242310e-01,6.324366927146911621e-01,-2.410884797573089600e-01,-3.807290196418762207e-01,-4.166178405284881592e-01,-4.283741116523742676e-01,4.487353190779685974e-02,4.791317284107208252e-01,2.860472798347473145e-01,3.483884409070014954e-02,-5.205810070037841797e-01
