4.374845921993255615e-01,1.065122429281473160e-02,-1.255564242601394653e-01,-9.847313165664672852e-03,4.007072448730468750e-01,-3.076311051845550537e-01,8.717956393957138062e-02,4.521789848804473877e-01,2.067648172378540039e-01,1.771782636642456055e-01,-2.357436120510101318e-01,-1.903965920209884644e-01,2.632680349051952362e-02,1.869862526655197144e-01,1.788787692785263062e-01,3.626759052276611328e-01,4.240752023179084063e-04,1.230037137866020203e-01,-7.261379063129425049e-02,-1.629812419414520264e-01,-2.260772138833999634e-01,-5.050457641482353210e-02,3.848528861999511719e-02,7.803583145141601562e-02,4.106236249208450317e-02,2.715228199958801270e-01,-1.740139126777648926e-01,-3.727767467498779297e-01,2.051796019077301025e-01,-1.263398677110671997e-01,-1.097555533051490784e-01,-2.296651005744934082e-01,6.771081686019897461e-02,2.043526917695999146e-01,-1.975390501320362091e-02,-2.072712481021881104e-01,1.594593822956085205e-01,1.934512406587600708e-01,-3.359192907810211182e-01,-4.284728765487670898e-01,3.044916093349456787e-01,1.186936795711517334e-01,9.508372843265533447e-02,6.645926833152770996e-02,-3.819803893566131592e-02,-7.874091714620590210e-02,-1.618547737598419189e-01,-9.548395872116088867e-02,8.080270141363143921e-02,-9.436934441328048706e-02,-1.657831072807312012e-01,-2.240729779005050659e-01,3.599183261394500732e-01,2.340151555836200714e-02,-9.990189969539642334e-02,-3.358429074287414551e-01,1.909039169549942017e-01,1.084136869758367538e-02,-2.273895032703876495e-02,-3.734060376882553101e-02,-1.187559813261032104e-01,4.911299794912338257e-02,1.852361019700765610e-04,2.850110232830047607e-01,8.591698482632637024e-03,-5.682123824954032898e-02,-2.859711647033691406e-01,2.995519340038299561e-01,-2.010853141546249390e-01,3.166257739067077637e-01,-3.273644745349884033e-01,8.529689162969589233e-02,-5.363726243376731873e-02,1.499474197626113892e-01,-2.785074114799499512e-01,-2.721807658672332764e-01,-2.081165584968402982e-04,2.258570343255996704e-01,-3.640495240688323975e-02,-2.192687392234802246e-01,2.480356544256210327e-01,2.761266077868640423e-04,-3.299984037876129150e-01,-3.776990808546543121e-03,-4.573417305946350098e-01,-5.841298401355743408e-02,3.249011635780334473e-01,4.178349860012531281e-03,3.208834677934646606e-02,2.683196663856506348e-01,-1.947874426841735840e-01,2.271290570497512817e-01,-8.354073390364646912e-03,-5.577319860458374023e-02,-2.292851060628890991e-01,-3.779905736446380615e-01,1.544600725173950195e-01,-2.278759893670212477e-05,-2.731657028198242188e-01,2.841147780418395996e-01,-3.786593377590179443e-01,3.821410536766052246e-01,-2.038013339042663574e-01,-2.564636468887329102e-01,1.243272423744201660e-01,2.165061384439468384e-01,-6.597061641514301300e-03,-5.999475345015525818e-02,-4.108793735504150391e-01,5.545896012336015701e-03,1.194245815277099609e-01,5.253729876130819321e-03,-1.241777762770652771e-01,-2.219911850988864899e-02,2.721922099590301514e-01,-1.754512190818786621e-01,3.908940255641937256e-01,-4.043966531753540039e-02,-3.506167531013488770e-01,6.466983258724212646e-02,-4.733843263238668442e-03,2.001189142465591431e-01,2.715051472187042236e-01,1.593656241893768311e-01,-2.310356795787811279e-01,-5.435027927160263062e-02,2.076994255185127258e-02,2.052099406719207764e-01
1.065122429281473160e-02,1.106499880552291870e-02,-9.509610384702682495e-02,7.248383760452270508e-02,5.115155875682830811e-02,-1.051949523389339447e-02,-1.079852972179651260e-02,2.784008905291557312e-02,6.140216812491416931e-02,6.059759482741355896e-02,-4.965475760400295258e-03,-4.397594556212425232e-02,8.226882666349411011e-02,6.638813018798828125e-02,8.635354042053222656e-02,9.373003989458084106e-02,-3.146955743432044983e-03,8.669283241033554077e-02,-8.676627278327941895e-02,-5.316581949591636658e-02,-4.530929401516914368e-02,6.560730189085006714e-02,6.587453186511993408e-02,-2.311462908983230591e-02,1.129883620887994766e-02,8.194471895694732666e-02,-7.888350635766983032e-02,-5.566666647791862488e-02,8.123835921287536621e-02,-2.302625030279159546e-02,3.222361952066421509e-02,-9.353385865688323975e-02,6.974835693836212158e-02,5.765130743384361267e-02,-2.519952366128563881e-03,-9.565331041812896729e-02,6.550960242748260498e-02,8.256074786186218262e-02,-7.383667677640914917e-02,-4.969108849763870239e-02,8.033373206853866577e-02,5.685699637979269028e-03,9.093356877565383911e-02,2.964692190289497375e-02,-1.106089539825916290e-02,-8.731540292501449585e-02,-8.937178552150726318e-02,-2.582501061260700226e-02,-1.667296513915061951e-02,9.523607790470123291e-03,1.001441944390535355e-02,1.062226574867963791e-02,3.834206238389015198e-02,3.437731647863984108e-04,-1.971038058400154114e-02,-9.346638619899749756e-02,3.219122439622879028e-02,4.477239213883876801e-03,-7.640858739614486694e-02,-7.658334821462631226e-02,1.047826255671679974e-03,-1.627465710043907166e-02,1.801556791178882122e-03,4.195455089211463928e-02,2.022428670898079872e-03,-2.819982543587684631e-02,4.576848447322845459e-02,8.971669524908065796e-02,-9.030736237764358521e-02,3.390486165881156921e-02,-7.494967430830001831e-02,-3.673136979341506958e-02,-2.398857660591602325e-02,8.300634473562240601e-02,-4.604311659932136536e-02,-8.788491785526275635e-02,-5.390190635807812214e-04,9.470266103744506836e-02,-3.432284295558929443e-02,-7.924734801054000854e-02,9.125422686338424683e-02,1.017083923215977848e-04,-7.152324169874191284e-02,-2.856911742128431797e-04,-7.571126520633697510e-02,-8.897361159324645996e-02,3.998882696032524109e-02,1.391862169839441776e-03,7.036627084016799927e-02,6.108382344245910645e-02,-1.022375002503395081e-02,-3.462184220552444458e-02,-7.727887481451034546e-02,2.587301656603813171e-02,-8.029133081436157227e-02,1.591076515614986420e-02,6.519450992345809937e-02,-2.013982111748191528e-06,-6.659986823797225952e-02,8.187618851661682129e-02,-2.081955596804618835e-02,4.551506415009498596e-02,-8.915970474481582642e-02,-8.010648190975189209e-02,1.063683927059173584e-01,1.601071096956729889e-03,-8.165191113948822021e-02,-9.348432719707489014e-02,-2.163787372410297394e-02,-1.889773877337574959e-03,5.658408254384994507e-02,-7.253886759281158447e-02,-8.632197976112365723e-02,-2.801207080483436584e-02,9.042227268218994141e-02,-8.665498346090316772e-02,4.524679481983184814e-02,4.646852985024452209e-02,-8.550107479095458984e-02,4.244515672326087952e-02,7.973755896091461182e-02,7.616042345762252808e-02,7.057884335517883301e-02,-6.536705046892166138e-02,-2.956657484173774719e-02,-6.015116721391677856e-02,-2.506489166989922523e-03,7.070107758045196533e-02
-1.255564242601394653e-01,-9.509610384702682495e-02,8.257526755332946777e-01,-6.838967800140380859e-01,-4.930230975151062012e-01,8.210475742816925049e-02,3.672283142805099487e-02,-2.976324856281280518e-01,-5.619169473648071289e-01,-6.288470029830932617e-01,1.018020659685134888e-01,4.684495329856872559e-01,-6.613855957984924316e-01,-6.813198328018188477e-01,-7.851588726043701172e-01,-7.738852500915527344e-01,2.788391709327697754e-02,-7.316260337829589844e-01,7.602664232254028320e-01,5.840953588485717773e-01,4.439243674278259277e-01,-6.464537382125854492e-01,-6.728578805923461914e-01,2.120986431837081909e-01,-1.189967617392539978e-01,-6.844682097434997559e-01,7.285998463630676270e-01,4.699828028678894043e-01,-7.392742037773132324e-01,2.247023433446884155e-01,-2.756737470626831055e-01,8.118909597396850586e-01,-6.190195083618164062e-01,-6.528352499008178711e-01,3.002192266285419464e-02,7.994257211685180664e-01,-6.353587508201599121e-01,-7.605363130569458008e-01,6.061297059059143066e-01,5.379773378372192383e-01,-7.052463293075561523e-01,-7.635702937841415405e-02,-7.790518999099731445e-01,-3.004323840141296387e-01,7.815680652856826782e-02,7.711773514747619629e-01,8.002964258193969727e-01,2.395191341638565063e-01,1.363386958837509155e-01,7.238321006298065186e-02,-6.309205293655395508e-02,-8.767892606556415558e-03,-4.268797934055328369e-01,-1.720999553799629211e-02,2.070927172899246216e-01,8.092796802520751953e-01,-3.832569122314453125e-01,-4.568913578987121582e-02,6.525496840476989746e-01,6.973289847373962402e-01,3.685311228036880493e-02,9.098301827907562256e-02,-1.760335080325603485e-02,-3.998551964759826660e-01,2.783353254199028015e-02,2.740096747875213623e-01,-3.085019588470458984e-01,-7.615522742271423340e-01,7.930848002433776855e-01,-3.146023154258728027e-01,7.027249932289123535e-01,3.595015406608581543e-01,2.727335989475250244e-01,-7.711222171783447266e-01,4.038197696208953857e-01,7.479194402694702148e-01,4.610197618603706360e-03,-8.300610780715942383e-01,3.219694197177886963e-01,7.480287551879882812e-01,-8.084624409675598145e-01,-1.131503493525087833e-03,6.945940256118774414e-01,4.697917960584163666e-03,6.669533848762512207e-01,7.766819596290588379e-01,-4.189542829990386963e-01,-1.320106070488691330e-02,-6.307216286659240723e-01,-6.408576369285583496e-01,1.102272346615791321e-01,2.604548335075378418e-01,6.794257760047912598e-01,-2.577458024024963379e-01,7.391611337661743164e-01,-8.019909262657165527e-02,-5.735858082771301270e-01,2.310290619789157063e-05,6.405143737792968750e-01,-7.146408557891845703e-01,3.379677832126617432e-01,-4.387294352054595947e-01,7.901312112808227539e-01,7.400370240211486816e-01,-8.667121529579162598e-01,-1.330419182777404785e-01,6.755166649818420410e-01,7.656884789466857910e-01,2.118429392576217651e-01,1.841327175498008728e-02,-5.688471794128417969e-01,7.019466757774353027e-01,7.637994885444641113e-01,1.020433232188224792e-01,-7.889782786369323730e-01,7.679025530815124512e-01,-4.498336613178253174e-01,-4.320237338542938232e-01,7.666912674903869629e-01,-4.450833201408386230e-01,-6.837227344512939453e-01,-7.102503180503845215e-01,-6.822726130485534668e-01,5.261070728302001953e-01,4.408676922321319580e-01,6.203154325485229492e-01,5.462974775582551956e-03,-6.731162667274475098e-01
-9.847313165664672852e-03,7.248383760452270508e-02,-6.838967800140380859e-01,6.953809857368469238e-01,2.439384311437606812e-01,4.544897377490997314e-02,-2.894212678074836731e-02,5.373384058475494385e-02,4.469234645366668701e-01,4.791125655174255371e-01,-1.476745605468750000e-01,-3.247199356555938721e-01,4.492453038692474365e-01,5.531020164489746094e-01,6.271786093711853027e-01,5.093385577201843262e-01,-1.968534104526042938e-02,5.883454084396362305e-01,-7.078236341476440430e-01,-4.493487775325775146e-01,-4.453198015689849854e-01,5.791018605232238770e-01,5.561066269874572754e-01,-1.512438803911209106e-01,9.095136076211929321e-02,4.095704853534698486e-01,-4.921409189701080322e-01,-1.668287664651870728e-01,4.983186423778533936e-01,-2.654802426695823669e-02,2.258955687284469604e-01,-6.742618083953857422e-01,6.306617259979248047e-01,4.857866764068603516e-01,-7.477355655282735825e-03,-5.638483166694641113e-01,4.407497048377990723e-01,5.810774564743041992e-01,-2.983090579509735107e-01,-4.383516609668731689e-01,5.677065849304199219e-01,1.056510210037231445e-01,6.099752187728881836e-01,2.201563715934753418e-01,-1.843281090259552002e-01,-5.516316890716552734e-01,-6.935486197471618652e-01,-1.971554458141326904e-01,-8.916868269443511963e-02,7.616811897605657578e-03,8.926421403884887695e-02,1.851603835821151733e-01,3.751510977745056152e-01,-1.443847734481096268e-02,-1.636763662099838257e-02,-5.849514007568359375e-01,3.215153813362121582e-01,3.220676258206367493e-02,-5.343722105026245117e-01,-6.755770444869995117e-01,-7.590705901384353638e-02,-1.131618488579988480e-02,1.904302276670932770e-02,2.478524148464202881e-01,2.256745472550392151e-02,-2.093232721090316772e-01,2.550247907638549805e-01,5.158984661102294922e-01,-6.115363240242004395e-01,2.814385481178760529e-02,-4.838581979274749756e-01,-1.275642365217208862e-01,-2.956039011478424072e-01,6.305505037307739258e-01,-3.235663175582885742e-01,-5.675826668739318848e-01,-2.074325457215309143e-03,6.268129348754882812e-01,-4.353793859481811523e-01,-5.769542455673217773e-01,7.103434205055236816e-01,8.404445834457874298e-04,-4.640818238258361816e-01,1.546635030535981059e-04,-4.681562781333923340e-01,-6.221697330474853516e-01,1.345942318439483643e-01,6.882086861878633499e-03,4.360597729682922363e-01,4.454953968524932861e-01,-1.014854758977890015e-01,-4.099341332912445068e-01,-6.285610795021057129e-01,2.756968140602111816e-01,-6.323846578598022461e-01,2.146767675876617432e-01,3.951901793479919434e-01,-1.348971454717684537e-05,-3.858172297477722168e-01,5.114071369171142578e-01,-1.297406852245330811e-01,1.335440129041671753e-01,-6.920306682586669922e-01,-5.281420946121215820e-01,7.502548694610595703e-01,2.634852826595306396e-01,-7.345430254936218262e-01,-5.929991006851196289e-01,2.685159444808959961e-02,-2.227327972650527954e-02,5.325146317481994629e-01,-6.708636879920959473e-01,-6.615306138992309570e-01,5.322564020752906799e-02,5.974490046501159668e-01,-6.108848452568054199e-01,1.526583135128021240e-01,3.469642400741577148e-01,-5.671007633209228516e-01,4.398964643478393555e-01,5.541383624076843262e-01,6.163365244865417480e-01,5.478370189666748047e-01,-4.875938594341278076e-01,-3.182940185070037842e-01,-5.556368827819824219e-01,-1.976359263062477112e-02,4.928810596466064453e-01
4.007072448730468750e-01,5.115155875682830811e-02,-4.930230975151062012e-01,2.439384311437606812e-01,6.185694932937622070e-01,-2.998091876506805420e-01,4.052223265171051025e-02,5.983164310455322266e-01,3.496361374855041504e-01,4.002141356468200684e-01,-1.616341620683670044e-01,-3.695302009582519531e-01,4.071912765502929688e-01,4.121260344982147217e-01,5.028089284896850586e-01,7.278568744659423828e-01,-1.454896014183759689e-02,4.593777060508728027e-01,-3.756183683872222900e-01,-3.581287264823913574e-01,-2.408801913261413574e-01,2.173333317041397095e-01,3.149396479129791260e-01,-5.959081277251243591e-02,8.034408837556838989e-02,6.189343929290771484e-01,-5.200836062431335449e-01,-6.272245645523071289e-01,6.051811575889587402e-01,-2.987234294414520264e-01,4.464272782206535339e-02,-5.313588976860046387e-01,2.465317994356155396e-01,4.627384543418884277e-01,-3.852782025933265686e-02,-5.998840332031250000e-01,4.401986598968505859e-01,5.232239961624145508e-01,-7.024101018905639648e-01,-5.234704613685607910e-01,5.492687225341796875e-01,7.430990040302276611e-02,4.664651453495025635e-01,1.933866292238235474e-01,4.133318364620208740e-02,-4.955965280532836914e-01,-4.884673357009887695e-01,-1.754427105188369751e-01,-3.528532758355140686e-02,-1.151317059993743896e-01,-1.025183200836181641e-01,-2.900570929050445557e-01,3.897152543067932129e-01,3.461596742272377014e-02,-2.727645337581634521e-01,-6.981407999992370605e-01,2.904794216156005859e-01,3.141169622540473938e-02,-3.246293663978576660e-01,-2.900984883308410645e-01,-4.568229615688323975e-02,-8.713462203741073608e-02,3.597792237997055054e-03,4.124251902103424072e-01,-2.844729460775852203e-02,-1.671207249164581299e-01,-3.634995222091674805e-02,6.605489850044250488e-01,-5.365350842475891113e-01,5.273950695991516113e-01,-6.354053020477294922e-01,-2.424678504467010498e-01,-7.218339294195175171e-02,4.712041020393371582e-01,-3.705829977989196777e-01,-5.926256775856018066e-01,-3.322089556604623795e-03,6.194862723350524902e-01,-6.202703714370727539e-02,-5.172646045684814453e-01,5.453631877899169922e-01,7.111234008334577084e-04,-6.180442571640014648e-01,-7.219461724162101746e-03,-6.942855119705200195e-01,-4.335087239742279053e-01,5.536898970603942871e-01,1.161087397485971451e-02,3.417937159538269043e-01,5.193188190460205078e-01,-1.850395351648330688e-01,1.789947152137756348e-01,-2.781024277210235596e-01,1.320073101669549942e-02,-4.917123019695281982e-01,-3.109231889247894287e-01,4.479963183403015137e-01,-3.036311863979790360e-05,-5.597823858261108398e-01,5.983499884605407715e-01,-4.984256327152252197e-01,6.123301386833190918e-01,-4.923199713230133057e-01,-5.836570262908935547e-01,5.192730426788330078e-01,1.029546633362770081e-01,-2.180183827877044678e-01,-4.676641821861267090e-01,-5.108847022056579590e-01,3.997491206973791122e-03,2.437944561243057251e-01,-2.565438151359558105e-01,-4.422602355480194092e-01,-1.839015483856201172e-01,6.367374658584594727e-01,-4.933638870716094971e-01,6.008520722389221191e-01,1.937842965126037598e-01,-6.672652959823608398e-01,1.704835146665573120e-01,3.399888277053833008e-01,4.330039322376251221e-01,4.788572788238525391e-01,-9.536106139421463013e-02,-3.488202989101409912e-01,-2.509634792804718018e-01,1.606230810284614563e-02,4.971361160278320312e-01
-3.076311051845550537e-01,-1.051949523389339447e-02,8.210475742816925049e-02,4.544897377490997314e-02,-2.998091876506805420e-01,2.702525854110717773e-01,-2.668947540223598480e-02,-3.231035172939300537e-01,-1.875098347663879395e-01,-1.238677650690078735e-01,1.259066462516784668e-01,1.429369449615478516e-01,-5.907038599252700806e-02,-1.204658597707748413e-01,-1.213285997509956360e-01,-2.977053225040435791e-01,2.994183159898966551e-04,-1.065671220421791077e-01,3.991684317588806152e-02,9.341184049844741821e-02,1.485142409801483154e-01,3.905717283487319946e-02,-6.720291450619697571e-03,-3.700893744826316833e-02,-3.028728254139423370e-02,-2.581998407840728760e-01,1.385627090930938721e-01,3.064126670360565186e-01,-1.455705761909484863e-01,9.318859130144119263e-02,7.783862203359603882e-02,1.709519773721694946e-01,-2.465160749852657318e-02,-1.094799637794494629e-01,1.549333427101373672e-02,1.861884444952011108e-01,-1.321518272161483765e-01,-1.476998925209045410e-01,2.817996144294738770e-01,2.556505501270294189e-01,-2.351635843515396118e-01,-5.985504016280174255e-02,-7.253262400627136230e-02,-4.427126795053482056e-02,1.206842716783285141e-02,7.497395575046539307e-02,9.717427194118499756e-02,6.532885879278182983e-02,-5.867578089237213135e-02,5.348708108067512512e-02,1.256011277437210083e-01,1.421478390693664551e-01,-2.312472164630889893e-01,-1.239963993430137634e-02,8.761710673570632935e-02,2.385433465242385864e-01,-1.228250265121459961e-01,-8.211692795157432556e-03,2.988883852958679199e-02,1.434937398880720139e-02,6.919603794813156128e-02,-1.283365860581398010e-02,9.555160067975521088e-04,-2.199128568172454834e-01,-1.858759112656116486e-02,4.640521481633186340e-02,1.677610725164413452e-01,-2.349770665168762207e-01,1.633102744817733765e-01,-2.620575129985809326e-01,2.340703159570693970e-01,-5.713919922709465027e-02,3.600681945681571960e-02,-1.165619939565658569e-01,2.076442688703536987e-01,1.950822174549102783e-01,7.118983194231987000e-04,-1.624465286731719971e-01,-7.591275032609701157e-03,1.738130450248718262e-01,-1.618311107158660889e-01,-1.920331123983487487e-04,2.293529510498046875e-01,2.337776124477386475e-03,3.345935046672821045e-01,5.585138127207756042e-02,-2.335062921047210693e-01,-3.854190232232213020e-03,-7.398847490549087524e-02,-1.945824325084686279e-01,1.135994493961334229e-01,-1.706903427839279175e-01,1.376503240317106247e-02,3.710818290710449219e-02,1.642429828643798828e-01,2.646235823631286621e-01,-9.494619071483612061e-02,1.488801808591233566e-05,2.136221230030059814e-01,-2.316493391990661621e-01,2.543568611145019531e-01,-3.093607127666473389e-01,1.511409729719161987e-01,1.966793984174728394e-01,-9.644875675439834595e-02,-4.928197711706161499e-02,-1.927701197564601898e-02,7.787460833787918091e-02,3.245040178298950195e-01,-3.167489776387810707e-03,-8.755613118410110474e-02,-4.170351848006248474e-02,9.065373986959457397e-02,7.292193919420242310e-02,-1.828484088182449341e-01,1.309404075145721436e-01,-3.088934719562530518e-01,3.270599618554115295e-02,2.440641522407531738e-01,-2.994515560567378998e-02,-4.141890443861484528e-03,-1.365962922573089600e-01,-1.809615790843963623e-01,-9.479381144046783447e-02,1.338026672601699829e-01,2.499773167073726654e-02,-1.944571360945701599e-02,-1.391678154468536377e-01
8.717956393957138062e-02,-1.079852972179651260e-02,3.672283142805099487e-02,-2.894212678074836731e-02,4.052223265171051025e-02,-2.668947540223598480e-02,8.587771654129028320e-02,6.835769861936569214e-02,-2.221571840345859528e-02,2.275479212403297424e-02,-9.827125817537307739e-02,-1.198813971132040024e-02,-1.170461624860763550e-01,2.363046072423458099e-02,-2.189673855900764465e-02,-2.308021485805511475e-02,3.705851500853896141e-03,-7.524339109659194946e-02,2.982269786298274994e-02,-4.083558544516563416e-02,-6.443557143211364746e-02,-5.600731819868087769e-02,-1.362451910972595215e-02,5.124672502279281616e-02,4.292874597012996674e-03,-5.071362480521202087e-02,1.502796355634927750e-02,9.434678591787815094e-03,-1.834356412291526794e-02,-8.544865995645523071e-03,-6.284741312265396118e-02,2.508827485144138336e-03,-1.175881642848253250e-02,5.297881737351417542e-02,-9.724189294502139091e-04,5.686793103814125061e-02,-2.762594260275363922e-02,-1.993192173540592194e-02,3.713868558406829834e-02,-1.201146468520164490e-01,-1.128494623117148876e-03,4.705169051885604858e-02,-6.469760835170745850e-02,-5.070989951491355896e-03,-2.650514058768749237e-02,5.604824796319007874e-02,2.057674340903759003e-02,1.095399446785449982e-02,5.539442598819732666e-02,-7.516812533140182495e-02,-4.075437784194946289e-02,-8.165388554334640503e-02,9.985116869211196899e-02,1.902162283658981323e-02,8.785383775830268860e-03,-9.335454553365707397e-03,3.848027437925338745e-02,-1.604796736501157284e-03,6.951911002397537231e-02,4.982334747910499573e-02,-7.102938741445541382e-02,8.005483448505401611e-02,8.477923256577923894e-05,3.375747054815292358e-02,-1.692033931612968445e-02,1.188341248780488968e-02,-1.588780879974365234e-01,-2.215806208550930023e-02,3.421779349446296692e-02,1.409278996288776398e-02,-1.958320476114749908e-02,5.815404653549194336e-02,-2.227279730141162872e-02,-2.954212762415409088e-02,-2.412432059645652771e-02,1.096297428011894226e-02,9.958799928426742554e-04,-1.590706035494804382e-02,-2.087050583213567734e-03,-1.437395927496254444e-03,1.042509637773036957e-02,2.357358061999548227e-05,-3.397619351744651794e-02,-1.395493745803833008e-03,-4.347157478332519531e-02,7.512374967336654663e-02,5.549125373363494873e-02,-1.250674016773700714e-03,-7.081949710845947266e-02,2.696632407605648041e-02,-5.015122517943382263e-02,6.465592235326766968e-02,5.562407523393630981e-02,-7.100948132574558258e-03,-3.435203572735190392e-03,-1.216379702091217041e-01,-4.624221101403236389e-02,-6.929921255505178124e-06,2.762997755780816078e-03,-2.244334109127521515e-02,-1.148925647139549255e-01,3.072547726333141327e-02,1.301885768771171570e-02,9.466893970966339111e-03,-4.502642899751663208e-02,1.328558176755905151e-01,3.479410335421562195e-02,1.042152717709541321e-01,-4.591580480337142944e-02,7.082979427650570869e-04,1.276143919676542282e-02,3.978812135756015778e-03,5.617830902338027954e-02,1.269480884075164795e-01,-1.434977073222398758e-02,3.234496340155601501e-02,3.829518705606460571e-02,-6.377312541007995605e-02,-1.966883800923824310e-02,1.133284252136945724e-02,-9.583383053541183472e-02,4.374347161501646042e-03,3.082466498017311096e-02,1.263652294874191284e-01,-9.646550565958023071e-02,-1.337802736088633537e-03,9.938879869878292084e-03,5.468603689223527908e-03
4.521789848804473877e-01,2.784008905291557312e-02,-2.976324856281280518e-01,5.373384058475494385e-02,5.983164310455322266e-01,-3.231035172939300537e-01,6.835769861936569214e-02,6.956555843353271484e-01,1.774997562170028687e-01,2.564972639083862305e-01,-1.306346058845520020e-01,-3.072333037853240967e-01,2.788370549678802490e-01,2.585688531398773193e-01,3.363287150859832764e-01,6.030076742172241211e-01,-8.501842617988586426e-03,2.994762063026428223e-01,-1.510592997074127197e-01,-2.290527224540710449e-01,-4.918584600090980530e-02,4.829354211688041687e-02,1.581331044435501099e-01,-1.895238272845745087e-02,5.511208251118659973e-02,5.073874592781066895e-01,-3.776519000530242920e-01,-6.311056613922119141e-01,5.190343856811523438e-01,-3.131265342235565186e-01,-3.032611869275569916e-02,-3.137204945087432861e-01,2.268155477941036224e-02,3.680380284786224365e-01,-4.488651454448699951e-02,-4.430446624755859375e-01,3.327574431896209717e-01,3.709053099155426025e-01,-6.867653727531433105e-01,-4.382297396659851074e-01,3.865105807781219482e-01,4.205050319433212280e-02,2.941555380821228027e-01,1.435965746641159058e-01,1.569212526082992554e-01,-3.443831205368041992e-01,-3.062609434127807617e-01,-1.389245092868804932e-01,-2.825765125453472137e-02,-1.682905107736587524e-01,-1.530769914388656616e-01,-4.365059137344360352e-01,2.855032086372375488e-01,3.565034270286560059e-02,-3.213044106960296631e-01,-5.625544190406799316e-01,2.327723205089569092e-01,2.540003508329391479e-02,-1.378301233053207397e-01,-9.335613250732421875e-02,-9.851773269474506378e-03,-1.210964396595954895e-01,-3.770869690924882889e-03,3.302978277206420898e-01,-5.373261496424674988e-02,-1.098226457834243774e-01,-1.585551500320434570e-01,5.362137556076049805e-01,-3.662945032119750977e-01,5.754824280738830566e-01,-5.467219352722167969e-01,-2.580121159553527832e-01,5.080270767211914062e-02,3.064466416835784912e-01,-2.593243420124053955e-01,-4.413949847221374512e-01,-2.877702005207538605e-03,4.642013013362884521e-01,7.179529219865798950e-02,-3.470742702484130859e-01,3.439913690090179443e-01,5.249592941254377365e-04,-5.289198756217956543e-01,-8.628935553133487701e-03,-5.917239189147949219e-01,-2.626790404319763184e-01,5.712319016456604004e-01,1.110201422125101089e-02,1.718749105930328369e-01,4.341546595096588135e-01,-1.810786873102188110e-01,3.961518406867980957e-01,-6.469316035509109497e-02,-1.163410022854804993e-01,-3.127313554286956787e-01,-4.369673132896423340e-01,3.845317065715789795e-01,-2.954890805995091796e-05,-4.871286451816558838e-01,4.699609875679016113e-01,-5.398736596107482910e-01,6.297622919082641602e-01,-2.900856435298919678e-01,-4.609149396419525146e-01,2.798303365707397461e-01,7.724703848361968994e-02,5.285350978374481201e-02,-3.010430037975311279e-01,-5.874508619308471680e-01,1.732712797820568085e-02,4.280766472220420837e-02,-4.330693185329437256e-02,-2.663294672966003418e-01,-2.111600786447525024e-01,5.135397911071777344e-01,-3.154262900352478027e-01,6.127390861511230469e-01,1.213774159550666809e-01,-5.432225465774536133e-01,1.912804692983627319e-02,1.915720552206039429e-01,2.479200661182403564e-01,3.213814198970794678e-01,9.290670603513717651e-02,-2.921841442584991455e-01,-6.288053095340728760e-02,2.590112201869487762e-02,3.774455189704895020e-01
2.067648172378540039e-01,6.140216812491416931e-02,-5.619169473648071289e-01,4.469234645366668701e-01,3.496361374855041504e-01,-1.875098347663879395e-01,-2.221571840345859528e-02,1.774997562170028687e-01,5.659630894660949707e-01,4.611959755420684814e-01,-1.826408505439758301e-01,-3.403402268886566162e-01,3.553484380245208740e-01,5.329899191856384277e-01,5.621978640556335449e-01,5.975511670112609863e-01,-1.307992730289697647e-02,4.676987528800964355e-01,-5.527242422103881836e-01,-4.198257327079772949e-01,-5.493966937065124512e-01,4.058846831321716309e-01,3.969221711158752441e-01,-8.444081991910934448e-02,9.448377043008804321e-02,5.063110589981079102e-01,-4.948550164699554443e-01,-2.990432381629943848e-01,4.161719977855682373e-01,-5.271771177649497986e-02,9.572887420654296875e-02,-7.042082548141479492e-01,5.000012516975402832e-01,4.241381883621215820e-01,-1.246646977961063385e-02,-5.770849585533142090e-01,4.071338474750518799e-01,5.300620198249816895e-01,-3.500665128231048584e-01,-5.011116266250610352e-01,6.014229655265808105e-01,1.294569671154022217e-01,4.833521842956542969e-01,1.812382787466049194e-01,-1.904150396585464478e-01,-4.719335734844207764e-01,-5.590377449989318848e-01,-1.670513302087783813e-01,1.750814542174339294e-02,-6.465698033571243286e-02,-3.787561878561973572e-02,1.043099835515022278e-01,4.783289134502410889e-01,-6.746257422491908073e-04,-3.423739224672317505e-02,-5.940468907356262207e-01,3.120962977409362793e-01,2.722892537713050842e-02,-4.007059335708618164e-01,-4.979892075061798096e-01,-1.407595425844192505e-01,7.670988142490386963e-02,1.504225470125675201e-02,3.535793423652648926e-01,3.257828578352928162e-02,-1.869865059852600098e-01,5.481906235218048096e-02,5.336577892303466797e-01,-5.932865142822265625e-01,1.633011251688003540e-01,-4.818280637264251709e-01,-2.438814146444201469e-03,-3.121733963489532471e-01,5.662072896957397461e-01,-3.875064253807067871e-01,-5.281789898872375488e-01,-1.927557634189724922e-03,5.770565867424011230e-01,-2.914665937423706055e-01,-5.936580896377563477e-01,6.526374816894531250e-01,7.758581195957958698e-04,-4.935509562492370605e-01,-6.103473133407533169e-04,-5.640422701835632324e-01,-5.003996491432189941e-01,2.218486964702606201e-01,6.760525982826948166e-03,4.381321966648101807e-01,4.613650441169738770e-01,-1.188156232237815857e-01,-2.247162163257598877e-01,-4.837284088134765625e-01,2.334048748016357422e-01,-5.903680324554443359e-01,-2.066475711762905121e-02,2.602499723434448242e-01,-1.683750087977387011e-05,-4.466877281665802002e-01,5.213100910186767578e-01,-2.555787265300750732e-01,3.110234737396240234e-01,-6.612528562545776367e-01,-5.220794081687927246e-01,6.505440473556518555e-01,1.753672063350677490e-01,-5.774359107017517090e-01,-4.783373773097991943e-01,-1.832262128591537476e-01,-2.230139076709747314e-02,5.759423971176147461e-01,-4.831413328647613525e-01,-5.406260490417480469e-01,4.422996193170547485e-02,5.136632323265075684e-01,-5.549519062042236328e-01,3.264663517475128174e-01,1.751138269901275635e-01,-5.695725679397583008e-01,3.746113479137420654e-01,3.621675968170166016e-01,5.738040208816528320e-01,5.610569715499877930e-01,-2.859545946121215820e-01,-3.629687130451202393e-01,-4.787342846393585205e-01,1.270394586026668549e-02,4.305679500102996826e-01
1.771782636642456055e-01,6.059759482741355896e-02,-6.288470029830932617e-01,4.791125655174255371e-01,4.002141356468200684e-01,-1.238677650690078735e-01,2.275479212403297424e-02,2.564972639083862305e-01,4.611959755420684814e-01,4.841443300247192383e-01,-1.579128056764602661e-01,-3.513181805610656738e-01,4.149048030376434326e-01,5.469298362731933594e-01,6.025949716567993164e-01,6.558732390403747559e-01,-1.667687110602855682e-02,4.993789196014404297e-01,-5.875071287155151367e-01,-4.551058113574981689e-01,-4.546174407005310059e-01,4.184284210205078125e-01,4.593762457370758057e-01,-1.104039847850799561e-01,9.320326894521713257e-02,5.387936234474182129e-01,-5.665434598922729492e-01,-3.586244285106658936e-01,5.529948472976684570e-01,-1.540144383907318115e-01,1.312858462333679199e-01,-7.121029496192932129e-01,4.803813397884368896e-01,5.154163241386413574e-01,-1.961939595639705658e-02,-6.335126161575317383e-01,4.381362199783325195e-01,5.766362547874450684e-01,-4.594666659832000732e-01,-5.180615186691284180e-01,5.817641019821166992e-01,9.996562451124191284e-02,5.494481921195983887e-01,2.051639556884765625e-01,-1.118983030319213867e-01,-5.737860202789306641e-01,-6.110733747482299805e-01,-1.585795283317565918e-01,-2.484473958611488342e-02,-1.052567064762115479e-01,-1.214717398397624493e-03,-1.763549260795116425e-02,4.331611096858978271e-01,2.078031934797763824e-02,-1.182049661874771118e-01,-6.877937316894531250e-01,3.068876266479492188e-01,3.050286509096622467e-02,-4.325594902038574219e-01,-4.906213879585266113e-01,-1.056540459394454956e-01,2.791453152894973755e-02,1.333762239664793015e-02,3.486335873603820801e-01,-1.627327129244804382e-02,-1.908971518278121948e-01,8.768142759799957275e-02,6.026085019111633301e-01,-6.225460767745971680e-01,2.383852899074554443e-01,-5.582643747329711914e-01,-1.734880506992340088e-01,-2.488912642002105713e-01,5.894198417663574219e-01,-3.478311300277709961e-01,-5.882434844970703125e-01,-2.461079275235533714e-03,6.728230118751525879e-01,-2.381061911582946777e-01,-6.136388182640075684e-01,6.901396512985229492e-01,8.243849151767790318e-04,-5.624696612358093262e-01,-3.524350700899958611e-03,-5.906447172164916992e-01,-5.456330180168151855e-01,3.366235792636871338e-01,8.176995441317558289e-03,4.479150176048278809e-01,4.956672191619873047e-01,-1.137264370918273926e-01,-1.634426563978195190e-01,-4.859581291675567627e-01,2.069698423147201538e-01,-5.984195470809936523e-01,-4.289259761571884155e-02,3.435378372669219971e-01,-2.167644561268389225e-05,-4.846341609954833984e-01,5.526521801948547363e-01,-3.313752412796020508e-01,3.711488544940948486e-01,-6.571027636528015137e-01,-5.738589167594909668e-01,7.169992923736572266e-01,1.691352725028991699e-01,-5.526314377784729004e-01,-5.336152315139770508e-01,-1.968266218900680542e-01,-1.643447764217853546e-02,5.001865625381469727e-01,-5.325723886489868164e-01,-5.529508590698242188e-01,3.384476900100708008e-02,6.078506112098693848e-01,-5.831793546676635742e-01,3.759405314922332764e-01,2.325977832078933716e-01,-6.380376815795898438e-01,3.444623351097106934e-01,4.155401885509490967e-01,5.661768317222595215e-01,5.595407485961914062e-01,-2.814392745494842529e-01,-3.960175812244415283e-01,-4.692097902297973633e-01,9.136785753071308136e-03,5.024118423461914062e-01
-2.357436120510101318e-01,-4.965475760400295258e-03,1.018020659685134888e-01,-1.476745605468750000e-01,-1.616341620683670044e-01,1.259066462516784668e-01,-9.827125817537307739e-02,-1.306346058845520020e-01,-1.826408505439758301e-01,-1.579128056764602661e-01,3.023282289505004883e-01,1.091069132089614868e-01,1.123361587524414062e-01,-1.714331060647964478e-01,-1.188132092356681824e-01,-1.015470996499061584e-01,-3.053668420761823654e-03,-6.696383655071258545e-02,1.721866279840469360e-01,1.558671593666076660e-01,3.388695716857910156e-01,-3.124292753636837006e-02,-7.374049723148345947e-02,-9.084451198577880859e-02,-3.528381139039993286e-02,-2.947326935827732086e-02,3.788814693689346313e-02,3.335313498973846436e-02,-1.089846063405275345e-02,-4.984742775559425354e-02,9.687152504920959473e-02,1.952787190675735474e-01,-2.305671721696853638e-01,-1.399478018283843994e-01,-4.502340685576200485e-03,2.628474310040473938e-02,-6.405413150787353516e-02,-1.155873537063598633e-01,-2.875657565891742706e-02,3.740759789943695068e-01,-2.482499927282333374e-01,-1.627520322799682617e-01,-2.889384701848030090e-02,-3.541181981563568115e-02,2.078000158071517944e-01,-4.969080910086631775e-02,1.641951948404312134e-01,7.411827147006988525e-02,-1.163279041647911072e-01,1.617502979934215546e-02,9.036258608102798462e-02,-1.487955357879400253e-02,-3.714383244514465332e-01,4.819985944777727127e-03,-9.703697264194488525e-02,1.475294083356857300e-01,-1.816761940717697144e-01,-3.805732587352395058e-03,4.124623909592628479e-02,1.425705850124359131e-01,1.855456531047821045e-01,-1.556729227304458618e-01,-6.990946363657712936e-03,-1.930754631757736206e-01,-5.350917950272560120e-02,4.026018455624580383e-02,2.492047548294067383e-01,-9.871557354927062988e-02,1.053771451115608215e-01,-9.233320131897926331e-03,1.611462384462356567e-01,-2.867833077907562256e-01,1.610904484987258911e-01,-1.097691804170608521e-01,2.619826197624206543e-01,1.723211109638214111e-01,-1.886289101094007492e-03,-9.101223200559616089e-02,2.353174984455108643e-01,1.551296114921569824e-01,-2.562644183635711670e-01,-1.817636948544532061e-04,1.465119421482086182e-01,-9.138849563896656036e-04,2.782621085643768311e-01,1.905707642436027527e-03,-5.753972008824348450e-02,1.216641394421458244e-03,3.336952254176139832e-02,-1.535845994949340820e-01,1.832395941019058228e-01,6.554283946752548218e-02,1.111459434032440186e-01,-7.001026719808578491e-02,2.285853028297424316e-01,1.600817441940307617e-01,-3.070292621850967407e-02,1.650179183343425393e-05,6.901914626359939575e-02,-1.456442028284072876e-01,1.746969223022460938e-01,-5.788040906190872192e-02,2.094997763633728027e-01,1.196813955903053284e-01,-1.318765431642532349e-01,-3.721542954444885254e-01,2.356860488653182983e-01,-2.732941322028636932e-02,1.094776988029479980e-01,7.582804653793573380e-03,-2.086502909660339355e-01,1.401381343603134155e-01,1.273786723613739014e-01,-1.882820129394531250e-01,-1.281530261039733887e-01,1.299936920404434204e-01,-7.047977298498153687e-02,4.760624840855598450e-02,1.989754438400268555e-01,-1.742828339338302612e-01,3.155126050114631653e-02,-2.256326377391815186e-01,-2.316080480813980103e-01,-6.759091466665267944e-02,1.917102336883544922e-01,1.446070373058319092e-01,-3.720277687534689903e-03,-1.339940428733825684e-01
-1.903965920209884644e-01,-4.397594556212425232e-02,4.684495329856872559e-01,-3.247199356555938721e-01,-3.695302009582519531e-01,1.429369449615478516e-01,-1.198813971132040024e-02,-3.072333037853240967e-01,-3.403402268886566162e-01,-3.513181805610656738e-01,1.091069132089614868e-01,2.978199720382690430e-01,-3.271925151348114014e-01,-4.133736491203308105e-01,-4.692825078964233398e-01,-5.658504366874694824e-01,1.138657610863447189e-02,-3.835963904857635498e-01,4.003932476043701172e-01,3.284266591072082520e-01,2.897399663925170898e-01,-2.965718805789947510e-01,-3.235489130020141602e-01,8.095927536487579346e-02,-7.099248468875885010e-02,-4.552502334117889404e-01,4.411427974700927734e-01,3.543619811534881592e-01,-4.749054908752441406e-01,1.353686302900314331e-01,-7.623819261789321899e-02,5.354765653610229492e-01,-2.962624728679656982e-01,-4.093834757804870605e-01,2.368500642478466034e-02,5.148701667785644531e-01,-3.472331464290618896e-01,-4.515853822231292725e-01,4.582646489143371582e-01,4.134853184223175049e-01,-4.523813426494598389e-01,-6.593460589647293091e-02,-4.130615890026092529e-01,-1.607026159763336182e-01,1.945740170776844025e-02,4.523381888866424561e-01,4.628498852252960205e-01,1.325865834951400757e-01,3.213213756680488586e-02,1.292590051889419556e-01,4.509828984737396240e-02,9.530742466449737549e-02,-3.252312541007995605e-01,-1.469865534454584122e-02,1.455929577350616455e-01,5.703226923942565918e-01,-2.540839612483978271e-01,-2.571064978837966919e-02,2.859773337841033936e-01,3.462794721126556396e-01,5.962060391902923584e-02,1.411931496113538742e-02,-7.517748046666383743e-03,-2.615914940834045410e-01,2.426435053348541260e-02,1.458097696304321289e-01,-2.443891204893589020e-02,-5.012794137001037598e-01,4.842331111431121826e-01,-2.588332295417785645e-01,4.704791903495788574e-01,1.755729168653488159e-01,1.539145410060882568e-01,-4.646837115287780762e-01,2.442300468683242798e-01,4.520891904830932617e-01,2.253530081361532211e-03,-5.440236330032348633e-01,1.333239078521728516e-01,4.782725572586059570e-01,-5.184253454208374023e-01,-6.726791034452617168e-04,4.758206009864807129e-01,3.782275365665555000e-03,4.989551901817321777e-01,4.266524612903594971e-01,-3.074977099895477295e-01,-7.816266268491744995e-03,-3.200390636920928955e-01,-4.137521088123321533e-01,9.590204060077667236e-02,1.361486315727233887e-02,3.183319866657257080e-01,-1.067171171307563782e-01,4.481185674667358398e-01,1.041554138064384460e-01,-2.838254868984222412e-01,1.779649937816429883e-05,4.244487881660461426e-01,-4.503410756587982178e-01,3.214977681636810303e-01,-3.675783574581146240e-01,5.032543540000915527e-01,4.695132076740264893e-01,-5.161893963813781738e-01,-1.204350814223289490e-01,3.336207866668701172e-01,4.157870709896087646e-01,2.410071194171905518e-01,7.019767072051763535e-03,-3.456592261791229248e-01,3.446725904941558838e-01,4.266113936901092529e-01,1.584540307521820068e-02,-5.054781436920166016e-01,4.390839934349060059e-01,-3.731044232845306396e-01,-1.786761283874511719e-01,5.253286957740783691e-01,-2.259311825037002563e-01,-3.101347982883453369e-01,-4.137995839118957520e-01,-4.242667257785797119e-01,1.634516716003417969e-01,3.256416916847229004e-01,3.182758688926696777e-01,-1.598114520311355591e-02,-3.795200586318969727e-01
