5.101684927940368652e-01,7.137709762901067734e-03,-1.554824411869049072e-01,2.636122703552246094e-02,2.098042666912078857e-01,-2.165437936782836914e-01,1.690689325332641602e-01,4.154748320579528809e-01,1.461342126131057739e-01,1.346173584461212158e-01,-1.575707495212554932e-01,-9.072498977184295654e-02,9.613676927983760834e-03,1.670632660388946533e-01,1.721623241901397705e-01,1.717253923416137695e-01,-4.818942397832870483e-03,3.914184123277664185e-02,-2.830043062567710876e-02,-7.782211154699325562e-02,-1.527974903583526611e-01,2.850929275155067444e-02,5.648488923907279968e-02,3.917395696043968201e-02,2.033766731619834900e-02,1.103118062019348145e-01,1.999441720545291901e-02,-2.161831557750701904e-01,1.331837326288223267e-01,-2.009497135877609253e-01,-1.169255301356315613e-01,-7.090742141008377075e-02,7.748185098171234131e-02,1.190149039030075073e-01,-2.443227358162403107e-02,-1.072761043906211853e-01,2.841310761868953705e-02,1.417722553014755249e-01,-3.131932914257049561e-01,-3.780077695846557617e-01,2.622047960758209229e-01,8.532731235027313232e-02,-3.485555946826934814e-02,3.872660174965858459e-02,-8.661403506994247437e-02,1.556025352329015732e-02,-2.243252992630004883e-01,-1.262056231498718262e-01,8.429420739412307739e-02,-6.735037267208099365e-02,-1.177079007029533386e-01,-1.030996590852737427e-01,2.859132289886474609e-01,-8.293122053146362305e-02,-1.197717562317848206e-01,-2.086738646030426025e-01,1.137955337762832642e-01,1.377881038933992386e-02,-3.071523644030094147e-02,-8.149033039808273315e-02,-6.533256173133850098e-02,-2.955458872020244598e-02,4.867610987275838852e-03,2.561753392219543457e-01,-8.292517624795436859e-03,-1.386641897261142731e-02,-2.268394231796264648e-01,1.996908485889434814e-01,-2.169692069292068481e-01,1.439536064863204956e-01,-2.771453261375427246e-01,6.783214956521987915e-02,8.217974565923213959e-03,2.013040184974670410e-01,-1.857754886150360107e-01,-2.106097042560577393e-01,-1.673264196142554283e-03,1.926099658012390137e-01,-1.770168989896774292e-01,-1.210375428199768066e-01,1.993098258972167969e-01,7.920895586721599102e-04,-2.830461561679840088e-01,-3.101601963862776756e-03,-3.211883902549743652e-01,-1.342358905822038651e-02,3.645269274711608887e-01,3.344342578202486038e-03,-5.681556090712547302e-02,1.364977508783340454e-01,-1.791616082191467285e-01,7.880534231662750244e-02,5.136847868561744690e-02,-1.675738394260406494e-01,-1.823168843984603882e-01,-3.148959279060363770e-01,2.074407935142517090e-01,-1.206144079333171248e-04,-1.186063364148139954e-01,3.431327641010284424e-01,-2.337152510881423950e-01,3.390033543109893799e-01,-1.058216020464897156e-01,-1.179212033748626709e-01,1.410484462976455688e-01,2.627995312213897705e-01,1.216824050061404705e-03,1.931980997323989868e-02,-3.292003273963928223e-01,5.995777435600757599e-03,-4.497111309319734573e-03,-2.033601701259613037e-02,-4.277058318257331848e-02,-5.849875975400209427e-03,2.167595773935317993e-01,-2.077494263648986816e-01,2.884083688259124756e-01,5.639857263304293156e-04,-3.642733097076416016e-01,1.720052398741245270e-02,-4.646311700344085693e-02,2.160525470972061157e-01,2.062915265560150146e-01,1.575506329536437988e-01,-9.824190288782119751e-03,-1.037084832787513733e-01,-8.575050160288810730e-03,1.374443471431732178e-01
7.137709762901067734e-03,1.239722501486539841e-02,-9.116902947425842285e-02,6.569797545671463013e-02,6.025427207350730896e-02,-2.354991436004638672e-02,-2.188671147450804710e-03,3.709514439105987549e-02,4.080746695399284363e-02,4.775130376219749451e-02,7.411659695208072662e-03,-4.563907161355018616e-02,8.717750757932662964e-02,6.306853145360946655e-02,9.409458935260772705e-02,1.008916795253753662e-01,-3.067626385018229485e-04,5.555123090744018555e-02,-6.411951035261154175e-02,-6.244193390011787415e-02,-3.291418775916099548e-02,8.188516646623611450e-02,6.303862482309341431e-02,-3.903904557228088379e-02,1.161930523812770844e-02,1.009989306330680847e-01,-1.070382595062255859e-01,-6.057928130030632019e-02,8.344226330518722534e-02,-3.222861140966415405e-02,3.721425542607903481e-03,-1.046114116907119751e-01,6.049143150448799133e-02,5.558476224541664124e-02,-5.479427985846996307e-03,-1.061345338821411133e-01,3.664508089423179626e-02,7.537106424570083618e-02,-7.489147782325744629e-02,-5.614123865962028503e-02,8.686871826648712158e-02,1.227073464542627335e-02,9.151475131511688232e-02,1.796679757535457611e-02,1.597786322236061096e-02,-7.879672199487686157e-02,-9.365942329168319702e-02,-2.586091682314872742e-02,-2.475538989529013634e-03,1.101311482489109039e-02,5.777104757726192474e-03,-1.431681308895349503e-02,4.011677578091621399e-02,-3.467724425718188286e-03,-2.674177475273609161e-02,-1.132889017462730408e-01,2.777164056897163391e-02,7.346969097852706909e-03,-6.042540073394775391e-02,-5.231637507677078247e-02,-1.008400041610002518e-02,1.592637225985527039e-02,3.085135016590356827e-03,1.952523738145828247e-02,4.390447866171598434e-03,-2.487663179636001587e-02,4.715630039572715759e-02,9.593500941991806030e-02,-8.967148512601852417e-02,3.061647713184356689e-02,-7.508705556392669678e-02,-2.450402639806270599e-02,-2.145944163203239441e-02,9.019024670124053955e-02,-3.416195139288902283e-02,-8.779150992631912231e-02,-1.649735495448112488e-03,1.086100116372108459e-01,-1.731569133698940277e-02,-9.461227059364318848e-02,9.347531199455261230e-02,5.489983595907688141e-04,-7.269147783517837524e-02,9.398601832799613476e-04,-8.661768585443496704e-02,-8.717545121908187866e-02,4.074060544371604919e-02,3.335338784381747246e-03,7.736849784851074219e-02,6.368863582611083984e-02,-2.477678470313549042e-02,-1.789655722677707672e-02,-7.856635749340057373e-02,4.653193056583404541e-02,-8.194492757320404053e-02,-8.482295088469982147e-03,6.233133748173713684e-02,-3.666970951599068940e-05,-8.101060986518859863e-02,6.529442220926284790e-02,-3.241172432899475098e-02,5.772846937179565430e-02,-1.069430261850357056e-01,-6.932885199785232544e-02,1.073798388242721558e-01,-2.316441014409065247e-02,-6.970666348934173584e-02,-9.730628877878189087e-02,-1.208158303052186966e-02,-5.789780523627996445e-03,7.484482228755950928e-02,-5.243593454360961914e-02,-9.153911471366882324e-02,1.136204809881746769e-03,1.053404584527015686e-01,-8.814977109432220459e-02,6.456945091485977173e-02,2.696607634425163269e-02,-9.342471510171890259e-02,3.881872445344924927e-02,6.069923564791679382e-02,7.777912169694900513e-02,9.391303360462188721e-02,-6.250395625829696655e-02,-6.748154014348983765e-02,-5.209133401513099670e-02,6.045921240001916885e-03,5.536917969584465027e-02
-1.554824411869049072e-01,-9.116902947425842285e-02,7.657679319381713867e-01,-6.121894121170043945e-01,-4.343619644641876221e-01,1.557489782571792603e-01,-8.263611793518066406e-02,-3.330716788768768311e-01,-3.395170867443084717e-01,-4.413239657878875732e-01,3.490172699093818665e-02,3.866532742977142334e-01,-6.161739230155944824e-01,-5.936179161071777344e-01,-7.166106700897216797e-01,-7.081252336502075195e-01,2.741253469139337540e-03,-4.363958239555358887e-01,6.057581305503845215e-01,5.471591353416442871e-01,3.760704994201660156e-01,-6.370229125022888184e-01,-6.172121167182922363e-01,3.238689303398132324e-01,-1.031046509742736816e-01,-6.807104945182800293e-01,7.156345844268798828e-01,3.826052844524383545e-01,-6.860155463218688965e-01,2.904184162616729736e-01,-8.967987261712551117e-03,7.773628234863281250e-01,-5.675902962684631348e-01,-5.572283864021301270e-01,4.516795277595520020e-02,7.447029948234558105e-01,-3.014440536499023438e-01,-6.421879529953002930e-01,5.410333275794982910e-01,5.530502200126647949e-01,-6.719522476196289062e-01,-1.243756562471389771e-01,-6.483705043792724609e-01,-1.592622548341751099e-01,-5.141479894518852234e-02,6.015350222587585449e-01,7.717757225036621094e-01,2.331626564264297485e-01,-1.226838678121566772e-02,5.178599804639816284e-02,-3.476841002702713013e-02,1.405639499425888062e-01,-3.993531763553619385e-01,6.182545796036720276e-02,1.778122782707214355e-01,8.106095790863037109e-01,-2.689338028430938721e-01,-6.420138478279113770e-02,4.882261157035827637e-01,4.677693843841552734e-01,1.330743283033370972e-01,-1.866299211978912354e-01,-2.704902179539203644e-02,-2.613619267940521240e-01,-1.139552239328622818e-02,2.022804021835327148e-01,-2.551754415035247803e-01,-6.876963973045349121e-01,7.166826725006103516e-01,-1.569714099168777466e-01,6.526147723197937012e-01,1.996365487575531006e-01,2.117850184440612793e-01,-7.443989515304565430e-01,2.955740392208099365e-01,6.908947825431823730e-01,1.146349776536226273e-02,-8.285875320434570312e-01,2.765067219734191895e-01,7.407319545745849609e-01,-7.928373813629150391e-01,-4.756061825901269913e-03,6.074116230010986328e-01,-6.169659551233053207e-03,6.607547402381896973e-01,6.364784240722656250e-01,-4.154009222984313965e-01,-2.533332630991935730e-02,-5.450000166893005371e-01,-5.539460778236389160e-01,2.234844118356704712e-01,1.656608879566192627e-01,6.274778842926025391e-01,-3.164564967155456543e-01,7.033841609954833984e-01,1.171359643340110779e-01,-5.127934813499450684e-01,3.288256702944636345e-04,5.767734646797180176e-01,-5.762062668800354004e-01,3.473909795284271240e-01,-4.750019311904907227e-01,7.986468076705932617e-01,5.845701098442077637e-01,-8.261451721191406250e-01,-2.547007054090499878e-02,6.157014966011047363e-01,6.770113706588745117e-01,1.134307757019996643e-01,4.670235514640808105e-02,-5.942539572715759277e-01,5.694338083267211914e-01,7.082294225692749023e-01,-1.542204618453979492e-01,-7.696395516395568848e-01,7.324526906013488770e-01,-4.600057005882263184e-01,-2.759515941143035889e-01,7.700527310371398926e-01,-3.409698605537414551e-01,-4.685323238372802734e-01,-6.831176877021789551e-01,-7.405170202255249023e-01,4.217901527881622314e-01,5.658279061317443848e-01,5.115452408790588379e-01,-6.516830623149871826e-02,-5.368699431419372559e-01
2.636122703552246094e-02,6.569797545671463013e-02,-6.121894121170043945e-01,6.328579187393188477e-01,2.411272078752517700e-01,-1.326962187886238098e-02,4.055281728506088257e-02,1.262959837913513184e-01,2.404658198356628418e-01,3.271910846233367920e-01,-6.738603115081787109e-02,-2.926982939243316650e-01,4.080981612205505371e-01,5.395225286483764648e-01,5.805125236511230469e-01,4.859960675239562988e-01,3.768169088289141655e-03,3.732934892177581787e-01,-5.338742733001708984e-01,-4.102914929389953613e-01,-4.227708280086517334e-01,5.212286114692687988e-01,5.111255645751953125e-01,-2.419555783271789551e-01,8.047560602426528931e-02,4.416766166687011719e-01,-5.465311408042907715e-01,-1.238164007663726807e-01,4.536032676696777344e-01,-8.235990256071090698e-02,1.523737423121929169e-02,-6.634886860847473145e-01,5.530755519866943359e-01,3.960824608802795410e-01,-1.968754082918167114e-02,-5.582717061042785645e-01,2.225659340620040894e-01,4.623916447162628174e-01,-2.477830052375793457e-01,-5.030984878540039062e-01,4.865539073944091797e-01,1.178056001663208008e-01,4.945356547832489014e-01,1.163131892681121826e-01,7.927916012704372406e-04,-3.803778588771820068e-01,-6.202836036682128906e-01,-2.030634433031082153e-01,-1.836658082902431488e-02,3.266726061701774597e-02,3.855057433247566223e-02,-8.351602405309677124e-02,3.296367228031158447e-01,-4.317753389477729797e-02,8.951617404818534851e-03,-6.146986484527587891e-01,2.011306881904602051e-01,4.485746845602989197e-02,-3.999218344688415527e-01,-4.045205414295196533e-01,-1.594891101121902466e-01,2.241866588592529297e-01,2.557208202779293060e-02,1.679568290710449219e-01,2.585168182849884033e-02,-1.552018970251083374e-01,2.290980666875839233e-01,4.703205823898315430e-01,-5.013294816017150879e-01,-5.565274506807327271e-03,-4.429745972156524658e-01,-2.618888951838016510e-02,-2.261787354946136475e-01,6.014548540115356445e-01,-2.107598334550857544e-01,-5.404099822044372559e-01,-4.888613242655992508e-03,6.246719360351562500e-01,-3.748251199722290039e-01,-5.811283588409423828e-01,7.004060149192810059e-01,3.615597728639841080e-03,-3.685739636421203613e-01,5.866737104952335358e-03,-4.689711034297943115e-01,-4.760923981666564941e-01,1.359875649213790894e-01,1.532193925231695175e-02,4.001647531986236572e-01,3.925625681877136230e-01,-1.485869288444519043e-01,-2.471435219049453735e-01,-5.698381066322326660e-01,3.498767614364624023e-01,-5.730487108230590820e-01,5.167551804333925247e-03,3.518281579017639160e-01,-2.293714933330193162e-04,-3.629883527755737305e-01,3.542727231979370117e-01,-1.654879003763198853e-01,1.851166188716888428e-01,-6.920993924140930176e-01,-4.169330298900604248e-01,6.642807722091674805e-01,1.446179151535034180e-01,-6.583320498466491699e-01,-5.143068432807922363e-01,3.831218555569648743e-02,-3.808104619383811951e-02,5.972957611083984375e-01,-5.490234494209289551e-01,-5.978289246559143066e-01,1.902334392070770264e-01,5.620466470718383789e-01,-5.514308810234069824e-01,2.077474296092987061e-01,2.142060995101928711e-01,-5.872297883033752441e-01,3.195322453975677490e-01,3.786368966102600098e-01,5.422639250755310059e-01,5.918054580688476562e-01,-3.762526512145996094e-01,-4.289692938327789307e-01,-4.322288036346435547e-01,4.498761892318725586e-02,4.107619524002075195e-01
2.098042666912078857e-01,6.025427207350730896e-02,-4.343619644641876221e-01,2.411272078752517700e-01,4.284340143203735352e-01,-1.908811628818511963e-01,2.564921416342258453e-02,4.003000259399414062e-01,1.785511374473571777e-01,2.349881529808044434e-01,2.546678856015205383e-02,-2.394431829452514648e-01,4.245807528495788574e-01,2.803077697753906250e-01,4.992296397686004639e-01,5.629343986511230469e-01,-5.126647651195526123e-03,2.638532817363739014e-01,-2.236430495977401733e-01,-2.929969429969787598e-01,-4.650678485631942749e-02,3.784412741661071777e-01,2.568069398403167725e-01,-1.479544043540954590e-01,5.171532928943634033e-02,5.235295891761779785e-01,-5.111246705055236816e-01,-4.492869377136230469e-01,4.637561738491058350e-01,-2.703113555908203125e-01,-1.754803955554962158e-02,-4.440148472785949707e-01,1.930407434701919556e-01,2.866052389144897461e-01,-4.295634478330612183e-02,-5.370589494705200195e-01,1.707517802715301514e-01,3.836244344711303711e-01,-5.564317107200622559e-01,-3.477860391139984131e-01,4.737502038478851318e-01,7.213517278432846069e-02,4.308405518531799316e-01,9.633221477270126343e-02,1.423013210296630859e-01,-3.872021436691284180e-01,-4.894519150257110596e-01,-1.587605029344558716e-01,-4.819159861654043198e-03,5.575869977474212646e-02,-1.286125183105468750e-02,-1.650565713644027710e-01,2.401461601257324219e-01,-3.885972127318382263e-02,-2.451799958944320679e-01,-6.189230680465698242e-01,1.640505790710449219e-01,3.922203555703163147e-02,-2.650463879108428955e-01,-2.415592074394226074e-01,-1.595825888216495514e-02,-1.092629507184028625e-02,1.297850627452135086e-02,1.151315793395042419e-01,1.288432907313108444e-02,-1.110211834311485291e-01,1.752656102180480957e-01,5.505897402763366699e-01,-4.631884098052978516e-01,2.876459062099456787e-01,-4.496321380138397217e-01,-1.764323860406875610e-01,-3.120797872543334961e-02,4.529982507228851318e-01,-1.974602639675140381e-01,-4.692987203598022461e-01,-9.537685662508010864e-03,5.568839907646179199e-01,-3.925406560301780701e-02,-4.498522877693176270e-01,4.211264848709106445e-01,2.684738487005233765e-03,-4.711982011795043945e-01,1.927958219312131405e-03,-5.262670516967773438e-01,-4.371378123760223389e-01,3.410080969333648682e-01,1.830177940428256989e-02,3.248295485973358154e-01,3.348813056945800781e-01,-1.993533968925476074e-01,1.628057658672332764e-02,-2.699320912361145020e-01,1.175117343664169312e-01,-3.811725378036499023e-01,-1.733061373233795166e-01,4.142466783523559570e-01,-2.033547061728313565e-04,-4.675742685794830322e-01,4.120103716850280762e-01,-2.479986846446990967e-01,4.193842113018035889e-01,-4.810651838779449463e-01,-3.567741215229034424e-01,4.862758517265319824e-01,-7.835016399621963501e-02,-1.955981254577636719e-01,-4.577092528343200684e-01,-2.031047344207763672e-01,-1.849871501326560974e-02,2.537269294261932373e-01,-1.380194425582885742e-01,-4.150527715682983398e-01,-8.051074296236038208e-02,6.080565452575683594e-01,-4.329700469970703125e-01,4.788535535335540771e-01,1.099611222743988037e-01,-5.437259674072265625e-01,1.455219089984893799e-01,2.735640704631805420e-01,3.762405216693878174e-01,4.802328944206237793e-01,-2.267133146524429321e-01,-3.161552548408508301e-01,-1.997831463813781738e-01,1.114318426698446274e-02,2.619975507259368896e-01
-2.165437936782836914e-01,-2.354991436004638672e-02,1.557489782571792603e-01,-1.326962187886238098e-02,-1.908811628818511963e-01,2.800500690937042236e-01,-5.570351704955101013e-02,-1.875209212303161621e-01,-2.168332785367965698e-01,-1.420305669307708740e-01,6.226355209946632385e-02,8.590731769800186157e-02,-1.927828341722488403e-01,-5.437843129038810730e-02,-1.515451073646545410e-01,-2.432025820016860962e-01,3.636153182014822960e-03,-1.130326762795448303e-01,1.195582002401351929e-01,8.484927564859390259e-02,1.344206482172012329e-01,-7.980380207300186157e-02,-4.714158177375793457e-02,4.620138183236122131e-02,-2.941234409809112549e-02,-3.054639697074890137e-01,1.486739516258239746e-01,2.218265980482101440e-01,-1.462333500385284424e-01,1.214150711894035339e-01,5.617013573646545410e-02,1.872040033340454102e-01,-1.338664591312408447e-01,-4.655323177576065063e-02,1.188112609088420868e-02,2.029714435338973999e-01,-7.591967284679412842e-02,-1.851764619350433350e-01,2.746506929397583008e-01,1.130655184388160706e-01,-3.138725161552429199e-01,-3.913523256778717041e-02,-9.967517852783203125e-02,-3.144140541553497314e-02,1.022023707628250122e-01,1.208253875374794006e-01,2.035623490810394287e-01,5.840248242020606995e-02,-8.960133790969848633e-02,-2.274790033698081970e-02,7.151006162166595459e-02,-4.868699982762336731e-02,-1.656665802001953125e-01,6.192279048264026642e-03,1.006036624312400818e-01,2.263372689485549927e-01,-6.000804156064987183e-02,-1.413320936262607574e-02,1.388205736875534058e-01,8.681559562683105469e-02,3.810112178325653076e-02,-5.430328659713268280e-03,-3.391936188563704491e-03,-2.285280376672744751e-01,-1.999970525503158569e-02,5.590753257274627686e-02,2.847315743565559387e-02,-2.302515208721160889e-01,2.510837614536285400e-01,-1.201590448617935181e-01,2.286684960126876831e-01,-9.056461602449417114e-02,3.350912034511566162e-02,-2.003639191389083862e-01,1.806185394525527954e-01,1.989251673221588135e-01,5.439644213765859604e-03,-2.364646196365356445e-01,4.269472509622573853e-02,1.937351822853088379e-01,-1.913764327764511108e-01,-8.419198566116392612e-04,2.214656621217727661e-01,-2.469283062964677811e-03,2.878458499908447266e-01,1.488614529371261597e-01,-2.387970536947250366e-01,-7.421160116791725159e-03,-1.586765795946121216e-01,-1.541046351194381714e-01,1.057442873716354370e-01,-1.713868416845798492e-02,1.039721816778182983e-01,3.587825968861579895e-02,2.275607585906982422e-01,1.308142989873886108e-01,-1.234903410077095032e-01,1.009335974231362343e-04,1.555075794458389282e-01,-3.145730495452880859e-01,1.186600998044013977e-01,-3.108484447002410889e-01,1.979966014623641968e-01,1.624244749546051025e-01,-2.674588859081268311e-01,8.048852533102035522e-02,8.199572563171386719e-02,1.595889329910278320e-01,2.320856302976608276e-01,1.096023526042699814e-02,-5.630215257406234741e-02,8.992518298327922821e-03,1.307478398084640503e-01,6.384848058223724365e-02,-2.280427068471908569e-01,2.528355121612548828e-01,-2.122407704591751099e-01,-2.133953198790550232e-02,2.628808319568634033e-01,-5.164914205670356750e-02,-6.399076431989669800e-02,-1.998705416917800903e-01,-2.180496305227279663e-01,4.371592774987220764e-02,3.650994226336479187e-02,1.061796918511390686e-01,-8.626542054116725922e-03,-1.232098564505577087e-01
1.690689325332641602e-01,-2.188671147450804710e-03,-8.263611793518066406e-02,4.055281728506088257e-02,2.564921416342258453e-02,-5.570351704955101013e-02,1.381113231182098389e-01,1.169470474123954773e-01,2.615308947861194611e-02,6.522548198699951172e-02,-1.176998615264892578e-01,-7.548740133643150330e-03,-2.502192743122577667e-02,2.728003449738025665e-02,1.288395375013351440e-02,-1.830618712119758129e-03,-2.503675175830721855e-03,1.311129610985517502e-02,-7.578424364328384399e-02,-2.928958833217620850e-02,-9.652967005968093872e-02,-4.054391011595726013e-02,5.536162108182907104e-02,4.146998003125190735e-02,7.142864167690277100e-03,-7.632410153746604919e-03,5.923076346516609192e-02,6.176727358251810074e-03,6.542773544788360596e-02,-8.706106990575790405e-02,-1.745522767305374146e-02,2.715883776545524597e-03,8.977475762367248535e-02,4.849665611982345581e-02,-2.439476316794753075e-03,2.612964250147342682e-02,3.294927766546607018e-03,5.147494748234748840e-02,-7.489269971847534180e-02,-1.205171868205070496e-01,7.795217633247375488e-02,3.307789936661720276e-02,-4.281023517251014709e-02,1.297952327877283096e-02,-1.142636314034461975e-01,1.786001957952976227e-02,-9.119578450918197632e-02,-2.847374416887760162e-02,5.708442255854606628e-02,-4.452025145292282104e-02,-2.855120040476322174e-02,-2.436510846018791199e-02,9.137664735317230225e-02,4.560504108667373657e-03,-1.421223673969507217e-02,-3.860703483223915100e-02,2.466948144137859344e-02,3.238223725929856300e-03,-5.157807096838951111e-02,-2.981114387512207031e-02,-3.912291303277015686e-02,1.689298450946807861e-02,8.043257985264062881e-04,1.616259366273880005e-01,-2.464367449283599854e-02,-3.589847125113010406e-03,-1.245358139276504517e-01,2.667384035885334015e-02,-5.817642435431480408e-02,6.041622254997491837e-04,-1.103689000010490417e-01,3.467858210206031799e-02,3.997369203716516495e-03,6.055944785475730896e-02,-7.096973061561584473e-02,-6.898215413093566895e-02,1.454335724702104926e-04,7.386143505573272705e-02,-1.063900142908096313e-01,-1.640765368938446045e-02,9.650455415248870850e-02,8.895572682376950979e-05,-1.048444062471389771e-01,-2.080110134556889534e-03,-8.135996758937835693e-02,1.831976510584354401e-02,1.895751208066940308e-01,-4.555264604277908802e-04,-7.048603892326354980e-02,4.035763815045356750e-02,-7.083773612976074219e-02,1.537290867418050766e-02,1.020992454141378403e-02,-1.020476892590522766e-01,-8.807529509067535400e-02,-1.074319332838058472e-01,6.510663032531738281e-02,-4.667503890232183039e-05,3.312755003571510315e-02,1.341394186019897461e-01,-8.354704082012176514e-02,1.125522106885910034e-01,-1.682604290544986725e-02,-3.240134939551353455e-02,9.742699563503265381e-02,1.813171356916427612e-01,-5.540645122528076172e-02,5.270072072744369507e-02,-1.382023245096206665e-01,1.958809792995452881e-03,-6.157700344920158386e-02,-7.762413471937179565e-02,1.722375117242336273e-02,5.848746001720428467e-02,6.349040567874908447e-02,-1.031091138720512390e-01,2.285610139369964600e-02,3.135599941015243530e-02,-1.376997679471969604e-01,4.569218959659337997e-03,-1.220697071403264999e-02,8.141184598207473755e-02,6.641000509262084961e-02,8.646684885025024414e-02,3.779381886124610901e-02,-5.611306801438331604e-02,-5.276357405818998814e-04,9.370847791433334351e-02
4.154748320579528809e-01,3.709514439105987549e-02,-3.330716788768768311e-01,1.262959837913513184e-01,4.003000259399414062e-01,-1.875209212303161621e-01,1.169470474123954773e-01,5.917301177978515625e-01,1.071412637829780579e-01,1.931264996528625488e-01,-2.516734786331653595e-02,-2.032347619533538818e-01,2.585238814353942871e-01,2.360477894544601440e-01,3.997760415077209473e-01,4.478425979614257812e-01,-7.784612011164426804e-03,1.391058713197708130e-01,-9.229516983032226562e-02,-2.161365002393722534e-01,5.067418515682220459e-02,2.578729093074798584e-01,1.825482845306396484e-01,-9.195221215486526489e-02,3.625470027327537537e-02,3.580034375190734863e-01,-2.957571744918823242e-01,-4.406833052635192871e-01,4.285080134868621826e-01,-3.381991982460021973e-01,-6.860736012458801270e-02,-2.442367821931838989e-01,4.400905594229698181e-02,2.964077293872833252e-01,-5.366686359047889709e-02,-3.888604640960693359e-01,1.123636960983276367e-01,3.101983666419982910e-01,-6.028106212615966797e-01,-4.044827222824096680e-01,3.844398856163024902e-01,7.309337705373764038e-02,2.397375553846359253e-01,8.604959398508071899e-02,1.571705788373947144e-01,-2.777389287948608398e-01,-4.100759923458099365e-01,-1.587244123220443726e-01,2.429875545203685760e-02,-8.491782844066619873e-02,-5.663964152336120605e-02,-2.404833287000656128e-01,2.605224847793579102e-01,-1.019014343619346619e-01,-3.038676679134368896e-01,-5.036825537681579590e-01,1.814856380224227905e-01,3.529879823327064514e-02,-1.096177101135253906e-01,-1.696972697973251343e-01,-7.235270924866199493e-03,-8.086055517196655273e-02,7.763301953673362732e-03,1.265364289283752441e-01,-1.538467407226562500e-02,-6.408403813838958740e-02,-3.577755391597747803e-02,4.497352242469787598e-01,-3.975862264633178711e-01,3.029200732707977295e-01,-4.531435668468475342e-01,-2.279704809188842773e-01,4.036319255828857422e-02,3.767075240612030029e-01,-1.716434806585311890e-01,-3.690916299819946289e-01,-7.536443881690502167e-03,4.484444856643676758e-01,-4.815206676721572876e-02,-3.157244622707366943e-01,3.108865022659301758e-01,2.166341757401823997e-03,-4.831635057926177979e-01,-2.223232993856072426e-03,-4.744710326194763184e-01,-2.764319479465484619e-01,4.626252949237823486e-01,1.487622316926717758e-02,1.247247532010078430e-01,2.925697863101959229e-01,-2.277614623308181763e-01,1.443506926298141479e-01,-6.383001804351806641e-02,-8.089587092399597168e-02,-2.810814678668975830e-01,-3.227364420890808105e-01,4.020843505859375000e-01,-1.958838256541639566e-04,-3.927988409996032715e-01,4.316737055778503418e-01,-3.474197685718536377e-01,4.913164079189300537e-01,-2.997891604900360107e-01,-2.875162363052368164e-01,3.249673843383789062e-01,8.968512713909149170e-02,7.508558686822652817e-03,-2.680938839912414551e-01,-3.144856989383697510e-01,-5.264567444100975990e-04,6.969401240348815918e-02,-4.752929136157035828e-02,-2.553728222846984863e-01,-4.864848777651786804e-02,5.158463120460510254e-01,-3.415796160697937012e-01,5.099122524261474609e-01,9.273330122232437134e-02,-5.281804203987121582e-01,5.587335303425788879e-02,1.326451301574707031e-01,3.077636063098907471e-01,3.577402234077453613e-01,1.149832364171743393e-02,-2.311659157276153564e-01,-1.291563808917999268e-01,2.104208571836352348e-03,2.269590944051742554e-01
1.461342126131057739e-01,4.080746695399284363e-02,-3.395170867443084717e-01,2.404658198356628418e-01,1.785511374473571777e-01,-2.168332785367965698e-01,2.615308947861194611e-02,1.071412637829780579e-01,3.135890066623687744e-01,2.320139259099960327e-01,-6.360062211751937866e-02,-1.723623424768447876e-01,2.981947660446166992e-01,2.697353661060333252e-01,3.215706944465637207e-01,3.556674122810363770e-01,6.364394357660785317e-05,1.964511424303054810e-01,-3.043618500232696533e-01,-2.168514281511306763e-01,-3.449641764163970947e-01,2.681182622909545898e-01,2.256997823715209961e-01,-1.566307693719863892e-01,5.646647140383720398e-02,4.074557721614837646e-01,-3.225671648979187012e-01,-1.690584123134613037e-01,2.384898364543914795e-01,-7.499323785305023193e-02,-5.136792734265327454e-02,-4.440554082393646240e-01,3.400309383869171143e-01,1.742991060018539429e-01,-1.026699971407651901e-02,-3.735436797142028809e-01,1.430666446685791016e-01,3.038096725940704346e-01,-2.257971912622451782e-01,-2.567492127418518066e-01,4.202708899974822998e-01,7.041998952627182007e-02,2.412929832935333252e-01,6.108259409666061401e-02,-1.192099303007125854e-01,-2.276477664709091187e-01,-3.662701249122619629e-01,-1.079246699810028076e-01,7.149085402488708496e-02,-6.842072587460279465e-03,-4.914674907922744751e-02,6.945341080427169800e-02,2.570301890373229980e-01,-3.806553408503532410e-02,-2.661299519240856171e-02,-3.835669755935668945e-01,1.119239106774330139e-01,2.576049603521823883e-02,-2.319243103265762329e-01,-2.110177129507064819e-01,-1.090233027935028076e-01,1.275142729282379150e-01,1.288188807666301727e-02,2.475001960992813110e-01,3.507085517048835754e-02,-1.020307391881942749e-01,5.280331522226333618e-02,3.208908140659332275e-01,-3.896317183971405029e-01,3.001067414879798889e-02,-3.025936782360076904e-01,1.013736799359321594e-01,-1.523578763008117676e-01,3.822557926177978516e-01,-2.136488109827041626e-01,-3.280025422573089600e-01,-5.391821730881929398e-03,4.113489687442779541e-01,-1.831620782613754272e-01,-3.884746730327606201e-01,4.328633546829223633e-01,2.000981476157903671e-03,-2.489801049232482910e-01,5.728591699153184891e-03,-3.652699291706085205e-01,-2.637842893600463867e-01,1.784703284502029419e-01,1.032232120633125305e-02,3.079368472099304199e-01,2.561394274234771729e-01,-9.666749835014343262e-02,-1.132768839597702026e-01,-3.240928947925567627e-01,1.382653266191482544e-01,-3.968313634395599365e-01,-6.359262019395828247e-02,1.536692827939987183e-01,-1.522055972600355744e-04,-2.376202791929244995e-01,3.529810011386871338e-01,-1.292234808206558228e-01,2.847991585731506348e-01,-4.398334920406341553e-01,-2.701993286609649658e-01,4.692430496215820312e-01,-4.367742687463760376e-02,-3.536951243877410889e-01,-3.130040764808654785e-01,-1.154235303401947021e-01,-2.735693939030170441e-02,3.443961143493652344e-01,-2.426148205995559692e-01,-3.352115154266357422e-01,5.579621717333793640e-02,3.295961320400238037e-01,-4.095856547355651855e-01,1.917313784360885620e-01,8.970990777015686035e-02,-3.950947523117065430e-01,1.738479137420654297e-01,1.610062271356582642e-01,3.668548464775085449e-01,3.811121881008148193e-01,-1.825172752141952515e-01,-1.999349743127822876e-01,-2.760452926158905029e-01,3.854329884052276611e-02,2.370366007089614868e-01
1.346173584461212158e-01,4.775130376219749451e-02,-4.413239657878875732e-01,3.271910846233367920e-01,2.349881529808044434e-01,-1.420305669307708740e-01,6.522548198699951172e-02,1.931264996528625488e-01,2.320139259099960327e-01,2.576094269752502441e-01,-5.327264592051506042e-02,-2.070124298334121704e-01,3.476321697235107422e-01,3.227118849754333496e-01,4.070440530776977539e-01,4.191430211067199707e-01,-1.659657573327422142e-03,2.343584150075912476e-01,-3.488926291465759277e-01,-2.857579588890075684e-01,-2.696714997291564941e-01,3.328579664230346680e-01,3.214937150478363037e-01,-1.697070300579071045e-01,5.903801321983337402e-02,4.250887930393218994e-01,-4.075546860694885254e-01,-2.076533883810043335e-01,3.819520473480224609e-01,-1.561214774847030640e-01,-1.415485516190528870e-02,-4.772159159183502197e-01,3.485501408576965332e-01,2.822615504264831543e-01,-2.197836898267269135e-02,-4.405641555786132812e-01,1.635229438543319702e-01,3.595203161239624023e-01,-3.226636052131652832e-01,-3.252352178096771240e-01,4.258359670639038086e-01,7.591741532087326050e-02,3.373427987098693848e-01,8.417043834924697876e-02,-3.202391788363456726e-02,-3.219398856163024902e-01,-4.626430869102478027e-01,-1.283570677042007446e-01,3.763056546449661255e-02,-3.153643757104873657e-02,-8.528012782335281372e-03,-4.146347939968109131e-02,2.517638802528381348e-01,-3.321557492017745972e-02,-8.769925683736801147e-02,-4.969744682312011719e-01,1.433476358652114868e-01,3.394668549299240112e-02,-2.717609703540802002e-01,-2.525742053985595703e-01,-9.099971503019332886e-02,1.116559728980064392e-01,1.447974331676959991e-02,2.080845534801483154e-01,8.642417378723621368e-03,-1.119854673743247986e-01,9.569412469863891602e-02,3.973633050918579102e-01,-4.332663714885711670e-01,7.443469017744064331e-02,-3.828362524509429932e-01,-4.949306696653366089e-02,-1.254759430885314941e-01,4.452608227729797363e-01,-1.938492208719253540e-01,-4.002874195575714111e-01,-6.251944229006767273e-03,5.162664055824279785e-01,-1.783028244972229004e-01,-4.398303031921386719e-01,4.999988973140716553e-01,2.503536408767104149e-03,-3.434116244316101074e-01,3.812804352492094040e-03,-4.063254296779632568e-01,-3.417237699031829834e-01,2.583564221858978271e-01,1.327068079262971878e-02,3.021056652069091797e-01,3.051220774650573730e-01,-1.325131654739379883e-01,-9.300535917282104492e-02,-3.511461615562438965e-01,1.449907869100570679e-01,-4.308544993400573730e-01,-8.439092338085174561e-02,2.618592977523803711e-01,-1.852904533734545112e-04,-3.040710389614105225e-01,3.690489232540130615e-01,-1.937486082315444946e-01,3.062244653701782227e-01,-4.938183724880218506e-01,-3.201481997966766357e-01,5.391222238540649414e-01,2.324206754565238953e-02,-3.778939247131347656e-01,-3.775444924831390381e-01,-1.061132326722145081e-01,-2.630523033440113068e-02,3.392072916030883789e-01,-3.118732869625091553e-01,-3.969041705131530762e-01,8.668281137943267822e-02,4.598966538906097412e-01,-4.579146206378936768e-01,2.524368464946746826e-01,1.435104310512542725e-01,-4.857295751571655273e-01,1.870783716440200806e-01,2.332027107477188110e-01,4.025064408779144287e-01,4.461573064327239990e-01,-2.071289420127868652e-01,-2.814543545246124268e-01,-2.921709418296813965e-01,3.726273775100708008e-02,3.001148998737335205e-01
-1.575707495212554932e-01,7.411659695208072662e-03,3.490172699093818665e-02,-6.738603115081787109e-02,2.546678856015205383e-02,6.226355209946632385e-02,-1.176998615264892578e-01,-2.516734786331653595e-02,-6.360062211751937866e-02,-5.327264592051506042e-02,1.679370552301406860e-01,-1.380514074116945267e-02,9.089581668376922607e-02,-2.519316039979457855e-02,2.630348503589630127e-02,7.725232839584350586e-02,-6.280743982642889023e-04,-2.254480309784412384e-02,8.871690928936004639e-02,-1.505681127309799194e-02,2.092866152524948120e-01,7.663311064243316650e-02,-1.978445611894130707e-02,-7.245503365993499756e-02,-6.578730884939432144e-03,7.194259762763977051e-02,-1.321105211973190308e-01,-1.010866835713386536e-01,5.465196818113327026e-02,-7.348812185227870941e-03,4.041728004813194275e-02,-1.399563997983932495e-02,-1.500549018383026123e-01,3.192326053977012634e-02,-1.149085722863674164e-02,-9.607241302728652954e-02,1.263681240379810333e-02,-1.111560501158237457e-02,-5.263362824916839600e-02,1.277703046798706055e-01,-7.110726088285446167e-02,-4.830036312341690063e-02,1.102384552359580994e-01,9.638973278924822807e-04,2.022945582866668701e-01,-1.282477527856826782e-01,5.234608054161071777e-02,3.748551756143569946e-02,-6.960936635732650757e-02,-2.467488497495651245e-02,5.604042857885360718e-02,-4.221816360950469971e-02,-1.192842349410057068e-01,-8.164467290043830872e-03,-8.522231876850128174e-02,-4.585239291191101074e-02,-5.642306525260210037e-03,3.159717191010713577e-03,5.857847630977630615e-02,3.283976763486862183e-02,7.773873209953308105e-02,-6.004422158002853394e-02,-2.276793122291564941e-03,-1.990267187356948853e-01,4.951521288603544235e-03,-1.282746321521699429e-03,1.402451992034912109e-01,4.139481857419013977e-02,-4.422157071530818939e-03,6.697971373796463013e-02,5.158172547817230225e-02,-1.985874474048614502e-01,3.263880684971809387e-02,-3.066704049706459045e-02,9.230475127696990967e-02,4.364297911524772644e-02,-2.414077520370483398e-03,7.990118116140365601e-03,2.006493657827377319e-01,-2.126575820147991180e-02,-9.670615196228027344e-02,2.367925917496904731e-04,2.205315232276916504e-02,8.205990307033061981e-04,5.189405754208564758e-02,-6.988144665956497192e-02,-8.266972750425338745e-02,4.005827941000461578e-03,9.088094532489776611e-02,4.751378728542476892e-04,6.188695877790451050e-02,5.214232578873634338e-02,3.819997422397136688e-03,7.347987592220306396e-02,8.533094823360443115e-02,6.443963199853897095e-02,-1.356090139597654343e-02,2.338495869480539113e-05,-1.147439554333686829e-01,-1.028202697634696960e-01,2.500792499631643295e-03,-2.714734897017478943e-02,3.796572098508477211e-03,-6.252189632505178452e-03,-5.668765306472778320e-02,-2.329454571008682251e-01,1.330710202455520630e-01,-1.105298623442649841e-01,1.151511073112487793e-01,-9.655959438532590866e-04,1.897947303950786591e-02,8.730183541774749756e-02,-3.555824980139732361e-02,-5.909347906708717346e-02,2.280695550143718719e-02,7.481078803539276123e-02,7.581827044486999512e-02,-3.201550338417291641e-03,8.819355070590972900e-02,-2.539431676268577576e-02,4.024809598922729492e-02,-7.045803964138031006e-02,-4.205783456563949585e-02,-7.772559672594070435e-02,-1.014111116528511047e-01,6.816592067480087280e-02,7.991651073098182678e-03,-6.692607700824737549e-02
-9.072498977184295654e-02,-4.563907161355018616e-02,3.866532742977142334e-01,-2.926982939243316650e-01,-2.394431829452514648e-01,8.590731769800186157e-02,-7.548740133643150330e-03,-2.032347619533538818e-01,-1.723623424768447876e-01,-2.070124298334121704e-01,-1.380514074116945267e-02,2.045435309410095215e-01,-3.263539671897888184e-01,-3.143613040447235107e-01,-4.066820442676544189e-01,-4.147996008396148682e-01,8.023642585612833500e-04,-2.051609605550765991e-01,2.633449137210845947e-01,2.633900940418243408e-01,1.586425751447677612e-01,-3.485928773880004883e-01,-2.830349504947662354e-01,1.772972196340560913e-01,-5.009958148002624512e-02,-3.880979120731353760e-01,4.134696722030639648e-01,2.330469787120819092e-01,-3.602272868156433105e-01,1.371223926544189453e-01,1.067125331610441208e-02,4.337360560894012451e-01,-2.459124624729156494e-01,-2.737479507923126221e-01,2.716996707022190094e-02,4.409109950065612793e-01,-1.487143635749816895e-01,-3.179686367511749268e-01,3.198047280311584473e-01,2.991442978382110596e-01,-3.562934696674346924e-01,-6.000836938619613647e-02,-3.423785269260406494e-01,-7.907287776470184326e-02,-7.772564888000488281e-02,3.185098767280578613e-01,4.103486835956573486e-01,1.227048784494400024e-01,6.557390559464693069e-03,2.906125597655773163e-02,-4.562753718346357346e-03,8.406109362840652466e-02,-2.036110162734985352e-01,5.279045179486274719e-02,1.113302037119865417e-01,4.797814786434173584e-01,-1.422892212867736816e-01,-3.274550661444664001e-02,2.053926736116409302e-01,2.259446233510971069e-01,5.834518373012542725e-02,-7.228508591651916504e-02,-1.343014184385538101e-02,-8.713723719120025635e-02,-1.423373911529779434e-02,9.814515709877014160e-02,-1.351469457149505615e-01,-3.839601278305053711e-01,3.869574368000030518e-01,-1.032714173197746277e-01,3.323518633842468262e-01,1.175752431154251099e-01,9.907785058021545410e-02,-4.037927985191345215e-01,1.378519535064697266e-01,3.563432395458221436e-01,5.915885791182518005e-03,-4.649373590946197510e-01,1.143320128321647644e-01,4.077619314193725586e-01,-4.224255979061126709e-01,-2.443175064399838448e-03,3.066021502017974854e-01,-3.348584286868572235e-03,3.646267950534820557e-01,3.339564502239227295e-01,-1.820382326841354370e-01,-1.331580523401498795e-02,-2.891765236854553223e-01,-2.780858576297760010e-01,1.088414713740348816e-01,6.439862400293350220e-02,3.038685023784637451e-01,-1.657582968473434448e-01,3.507179319858551025e-01,6.869928538799285889e-02,-2.532807886600494385e-01,1.612833730177953839e-04,3.323411643505096436e-01,-2.904987633228302002e-01,1.795160323381423950e-01,-2.555325627326965332e-01,4.512078464031219482e-01,2.910491228103637695e-01,-4.404151439666748047e-01,2.509852871298789978e-02,2.865966558456420898e-01,3.767478764057159424e-01,4.899201914668083191e-02,2.171697281301021576e-02,-3.336461782455444336e-01,2.431574761867523193e-01,3.819430470466613770e-01,-5.316155403852462769e-02,-4.353184998035430908e-01,3.726744055747985840e-01,-2.785151004791259766e-01,-1.225805431604385376e-01,4.227606356143951416e-01,-1.637506932020187378e-01,-2.219686061143875122e-01,-3.421611487865447998e-01,-3.931188583374023438e-01,2.078917026519775391e-01,3.041307926177978516e-01,2.357805073261260986e-01,-3.156563267111778259e-02,-2.389531582593917847e-01
