9.999981522560119629e-01,-9.999985694885253906e-01,-9.999892711639404297e-01,9.999980926513671875e-01,9.999988675117492676e-01,-9.999986290931701660e-01,9.999957084655761719e-01,9.999990463256835938e-01,-9.999972581863403320e-01,9.999974966049194336e-01,-9.999983906745910645e-01,-9.999988079071044922e-01,9.999980926513671875e-01,9.999983310699462891e-01,9.999809265136718750e-01,9.999971985816955566e-01,9.999974966049194336e-01,-9.999985694885253906e-01,9.999929666519165039e-01,-9.999989867210388184e-01,-9.999988675117492676e-01,9.999884963035583496e-01,9.999983906745910645e-01,9.999983310699462891e-01,9.999891519546508789e-01,9.999989867210388184e-01,-9.999983310699462891e-01,-9.999988079071044922e-01,9.999819993972778320e-01,-9.999955892562866211e-01,-9.999936819076538086e-01,-9.999983906745910645e-01,9.999920129776000977e-01,9.999971389770507812e-01,-9.999970793724060059e-01,-9.999750256538391113e-01,9.999989271163940430e-01,9.999985098838806152e-01,9.999927282333374023e-01,-9.999988079071044922e-01,9.999985098838806152e-01,-9.999964237213134766e-01,9.999726414680480957e-01,9.999986886978149414e-01,9.999981522560119629e-01,9.999980926513671875e-01,-9.999797940254211426e-01,9.999981522560119629e-01,9.999986886978149414e-01,-9.999984502792358398e-01,-9.999986290931701660e-01,-9.999977946281433105e-01,-9.999986290931701660e-01,-9.999916553497314453e-01,-9.999972581863403320e-01,-9.999980926513671875e-01,-9.999967217445373535e-01,9.998512864112854004e-01,9.999976158142089844e-01,9.999982714653015137e-01,-9.999979138374328613e-01,9.999988675117492676e-01,9.999982714653015137e-01,9.999949336051940918e-01,-9.999955892562866211e-01,-9.999988079071044922e-01,-9.999989271163940430e-01,-9.999953508377075195e-01,-9.999987483024597168e-01,9.999986886978149414e-01,-9.999986290931701660e-01,9.999980330467224121e-01,9.999958276748657227e-01,-9.999924302101135254e-01,-9.999441504478454590e-01,-9.999982118606567383e-01,9.999927878379821777e-01,9.999986290931701660e-01,-9.999933242797851562e-01,-9.999966621398925781e-01,-9.999322295188903809e-01,9.999974370002746582e-01,-9.999987483024597168e-01,9.999966025352478027e-01,-9.999982714653015137e-01,-9.999869465827941895e-01,9.999892711639404297e-01,9.999988675117492676e-01,9.999492168426513672e-01,9.999948143959045410e-01,-9.999976754188537598e-01,9.999982714653015137e-01,-9.999771118164062500e-01,-9.999979138374328613e-01,9.999984502792358398e-01,-9.999979138374328613e-01,-9.999920129776000977e-01,9.999988675117492676e-01,-9.999988079071044922e-01,9.999911785125732422e-01,-9.999969005584716797e-01,9.999987483024597168e-01,-9.999718070030212402e-01,-9.999598264694213867e-01,9.999984502792358398e-01,9.999972581863403320e-01,-9.999375939369201660e-01,-9.999979734420776367e-01,-9.999940991401672363e-01,9.999985098838806152e-01,-9.999980330467224121e-01,9.999984502792358398e-01,-9.999980926513671875e-01,-9.999824166297912598e-01,9.999989271163940430e-01,-9.999982118606567383e-01,9.999988079071044922e-01,-9.999985694885253906e-01,-9.999943971633911133e-01,-9.999980330467224121e-01,-9.999987483024597168e-01,9.999958276748657227e-01,9.999984502792358398e-01,-9.999974966049194336e-01,-9.999778270721435547e-01,-9.999955296516418457e-01,9.999889731407165527e-01,-9.999970197677612305e-01
-9.999985694885253906e-01,9.999988079071044922e-01,9.999911785125732422e-01,-9.999985694885253906e-01,-9.999992251396179199e-01,9.999989271163940430e-01,-9.999964833259582520e-01,-9.999993443489074707e-01,9.999977946281433105e-01,-9.999980330467224121e-01,9.999987483024597168e-01,9.999991059303283691e-01,-9.999984502792358398e-01,-9.999986290931701660e-01,-9.999844431877136230e-01,-9.999977946281433105e-01,-9.999979734420776367e-01,9.999988675117492676e-01,-9.999943375587463379e-01,9.999991655349731445e-01,9.999991655349731445e-01,-9.999905228614807129e-01,-9.999986886978149414e-01,-9.999987483024597168e-01,-9.999911189079284668e-01,-9.999992251396179199e-01,9.999987483024597168e-01,9.999991655349731445e-01,-9.999853372573852539e-01,9.999963641166687012e-01,9.999948143959045410e-01,9.999987483024597168e-01,-9.999935030937194824e-01,-9.999977350234985352e-01,9.999976158142089844e-01,9.999796152114868164e-01,-9.999992251396179199e-01,-9.999988675117492676e-01,-9.999940991401672363e-01,9.999991059303283691e-01,-9.999988079071044922e-01,9.999970793724060059e-01,-9.999776482582092285e-01,-9.999990463256835938e-01,-9.999984502792358398e-01,-9.999986290931701660e-01,9.999834895133972168e-01,-9.999985694885253906e-01,-9.999990463256835938e-01,9.999988079071044922e-01,9.999989271163940430e-01,9.999982714653015137e-01,9.999990463256835938e-01,9.999932050704956055e-01,9.999977946281433105e-01,9.999984502792358398e-01,9.999973773956298828e-01,-9.998779892921447754e-01,-9.999980926513671875e-01,-9.999986886978149414e-01,9.999983906745910645e-01,-9.999990463256835938e-01,-9.999986886978149414e-01,-9.999959468841552734e-01,9.999963641166687012e-01,9.999991059303283691e-01,9.999992251396179199e-01,9.999961256980895996e-01,9.999991059303283691e-01,-9.999989867210388184e-01,9.999989271163940430e-01,-9.999983906745910645e-01,-9.999966025352478027e-01,9.999938011169433594e-01,9.999541640281677246e-01,9.999985694885253906e-01,-9.999940991401672363e-01,-9.999989271163940430e-01,9.999945759773254395e-01,9.999972581863403320e-01,9.999444484710693359e-01,-9.999980330467224121e-01,9.999991059303283691e-01,-9.999973773956298828e-01,9.999985694885253906e-01,9.999894499778747559e-01,-9.999912381172180176e-01,-9.999992251396179199e-01,-9.999583363533020020e-01,-9.999957680702209473e-01,9.999981522560119629e-01,-9.999985694885253906e-01,9.999812841415405273e-01,9.999983310699462891e-01,-9.999988079071044922e-01,9.999984502792358398e-01,9.999934434890747070e-01,-9.999992847442626953e-01,9.999990463256835938e-01,-9.999928474426269531e-01,9.999975562095642090e-01,-9.999989271163940430e-01,9.999769926071166992e-01,9.999671578407287598e-01,-9.999988079071044922e-01,-9.999977946281433105e-01,9.999487996101379395e-01,9.999984502792358398e-01,9.999952316284179688e-01,-9.999987483024597168e-01,9.999984502792358398e-01,-9.999988079071044922e-01,9.999986290931701660e-01,9.999856352806091309e-01,-9.999992251396179199e-01,9.999985098838806152e-01,-9.999991059303283691e-01,9.999988675117492676e-01,9.999954700469970703e-01,9.999984502792358398e-01,9.999991059303283691e-01,-9.999966025352478027e-01,-9.999988675117492676e-01,9.999980330467224121e-01,9.999818801879882812e-01,9.999963641166687012e-01,-9.999909996986389160e-01,9.999976158142089844e-01
-9.999892711639404297e-01,9.999911785125732422e-01,9.999329447746276855e-01,-9.999890327453613281e-01,-9.999932646751403809e-01,9.999921321868896484e-01,-9.999737143516540527e-01,-9.999938011169433594e-01,9.999841451644897461e-01,-9.999850988388061523e-01,9.999905824661254883e-01,9.999930858612060547e-01,-9.999883174896240234e-01,-9.999897480010986328e-01,-9.998811483383178711e-01,-9.999832510948181152e-01,-9.999848008155822754e-01,9.999915957450866699e-01,-9.999567866325378418e-01,9.999940991401672363e-01,9.999934434890747070e-01,-9.999278783798217773e-01,-9.999900460243225098e-01,-9.999904632568359375e-01,-9.999324679374694824e-01,-9.999937415122985840e-01,9.999904036521911621e-01,9.999932050704956055e-01,-9.998874664306640625e-01,9.999728202819824219e-01,9.999604821205139160e-01,9.999907016754150391e-01,-9.999506473541259766e-01,-9.999823570251464844e-01,9.999819397926330566e-01,9.998438358306884766e-01,-9.999937415122985840e-01,-9.999914169311523438e-01,-9.999551177024841309e-01,9.999929666519165039e-01,-9.999912381172180176e-01,9.999786019325256348e-01,-9.998288154602050781e-01,-9.999924898147583008e-01,-9.999884366989135742e-01,-9.999889731407165527e-01,9.998740553855895996e-01,-9.999893307685852051e-01,-9.999925494194030762e-01,9.999910593032836914e-01,9.999920725822448730e-01,9.999869465827941895e-01,9.999924302101135254e-01,9.999482035636901855e-01,9.999836087226867676e-01,9.999883174896240234e-01,9.999803900718688965e-01,-9.990723133087158203e-01,-9.999858140945434570e-01,-9.999899864196777344e-01,9.999879002571105957e-01,-9.999934434890747070e-01,-9.999893903732299805e-01,-9.999691247940063477e-01,9.999729394912719727e-01,9.999926686286926270e-01,9.999938011169433594e-01,9.999707937240600586e-01,9.999925494194030762e-01,-9.999922513961791992e-01,9.999920725822448730e-01,-9.999880194664001465e-01,-9.999743700027465820e-01,9.999526739120483398e-01,9.996513724327087402e-01,9.999891519546508789e-01,-9.999554157257080078e-01,-9.999920725822448730e-01,9.999588131904602051e-01,9.999795556068420410e-01,9.995772838592529297e-01,-9.999850988388061523e-01,9.999926686286926270e-01,-9.999799132347106934e-01,9.999892115592956543e-01,9.999189972877502441e-01,-9.999333024024963379e-01,-9.999932050704956055e-01,-9.996837377548217773e-01,-9.999674558639526367e-01,9.999859929084777832e-01,-9.999898076057434082e-01,9.998574852943420410e-01,9.999874830245971680e-01,-9.999904632568359375e-01,9.999874830245971680e-01,9.999501109123229980e-01,-9.999935030937194824e-01,9.999924898147583008e-01,-9.999452233314514160e-01,9.999814629554748535e-01,-9.999921917915344238e-01,9.998239278793334961e-01,9.997502565383911133e-01,-9.999911785125732422e-01,-9.999832510948181152e-01,9.996105432510375977e-01,9.999877214431762695e-01,9.999631643295288086e-01,-9.999908208847045898e-01,9.999884366989135742e-01,-9.999908208847045898e-01,9.999890327453613281e-01,9.998903274536132812e-01,-9.999938607215881348e-01,9.999888539314270020e-01,-9.999929666519165039e-01,9.999913573265075684e-01,9.999653697013854980e-01,9.999884963035583496e-01,9.999926090240478516e-01,-9.999745488166809082e-01,-9.999910593032836914e-01,9.999850988388061523e-01,9.998620748519897461e-01,9.999727606773376465e-01,-9.999315142631530762e-01,9.999818205833435059e-01
9.999980926513671875e-01,-9.999985694885253906e-01,-9.999890327453613281e-01,9.999982118606567383e-01,9.999988675117492676e-01,-9.999986290931701660e-01,9.999957084655761719e-01,9.999989867210388184e-01,-9.999972581863403320e-01,9.999974966049194336e-01,-9.999984502792358398e-01,-9.999988675117492676e-01,9.999980926513671875e-01,9.999983310699462891e-01,9.999805688858032227e-01,9.999971985816955566e-01,9.999974966049194336e-01,-9.999985098838806152e-01,9.999929666519165039e-01,-9.999989867210388184e-01,-9.999989867210388184e-01,9.999881386756896973e-01,9.999983310699462891e-01,9.999983906745910645e-01,9.999889731407165527e-01,9.999989867210388184e-01,-9.999983906745910645e-01,-9.999988675117492676e-01,9.999816417694091797e-01,-9.999954700469970703e-01,-9.999935626983642578e-01,-9.999984502792358398e-01,9.999918937683105469e-01,9.999970793724060059e-01,-9.999970197677612305e-01,-9.999744892120361328e-01,9.999989867210388184e-01,9.999985694885253906e-01,9.999925494194030762e-01,-9.999988079071044922e-01,9.999985098838806152e-01,-9.999963641166687012e-01,9.999720454216003418e-01,9.999987483024597168e-01,9.999979734420776367e-01,9.999981522560119629e-01,-9.999793767929077148e-01,9.999982118606567383e-01,9.999987483024597168e-01,-9.999984502792358398e-01,-9.999986886978149414e-01,-9.999977946281433105e-01,-9.999986886978149414e-01,-9.999915361404418945e-01,-9.999972581863403320e-01,-9.999980330467224121e-01,-9.999967217445373535e-01,9.998481273651123047e-01,9.999976158142089844e-01,9.999982714653015137e-01,-9.999979734420776367e-01,9.999988675117492676e-01,9.999983310699462891e-01,9.999949932098388672e-01,-9.999955892562866211e-01,-9.999988079071044922e-01,-9.999989867210388184e-01,-9.999952316284179688e-01,-9.999988079071044922e-01,9.999986886978149414e-01,-9.999986886978149414e-01,9.999980330467224121e-01,9.999957680702209473e-01,-9.999922513961791992e-01,-9.999428391456604004e-01,-9.999982118606567383e-01,9.999926090240478516e-01,9.999986886978149414e-01,-9.999931454658508301e-01,-9.999966025352478027e-01,-9.999307990074157715e-01,9.999975562095642090e-01,-9.999986886978149414e-01,9.999966621398925781e-01,-9.999982118606567383e-01,-9.999867677688598633e-01,9.999890923500061035e-01,9.999988675117492676e-01,9.999481439590454102e-01,9.999946951866149902e-01,-9.999976754188537598e-01,9.999983310699462891e-01,-9.999766349792480469e-01,-9.999979138374328613e-01,9.999983906745910645e-01,-9.999979734420776367e-01,-9.999918341636657715e-01,9.999989271163940430e-01,-9.999988079071044922e-01,9.999910593032836914e-01,-9.999968409538269043e-01,9.999986886978149414e-01,-9.999713301658630371e-01,-9.999590516090393066e-01,9.999984502792358398e-01,9.999971985816955566e-01,-9.999361634254455566e-01,-9.999979734420776367e-01,-9.999939799308776855e-01,9.999984502792358398e-01,-9.999980926513671875e-01,9.999983906745910645e-01,-9.999981522560119629e-01,-9.999821186065673828e-01,9.999989271163940430e-01,-9.999981522560119629e-01,9.999987483024597168e-01,-9.999985694885253906e-01,-9.999943375587463379e-01,-9.999979734420776367e-01,-9.999988079071044922e-01,9.999957680702209473e-01,9.999985098838806152e-01,-9.999974370002746582e-01,-9.999774694442749023e-01,-9.999955296516418457e-01,9.999887347221374512e-01,-9.999970793724060059e-01
9.999988675117492676e-01,-9.999992251396179199e-01,-9.999932646751403809e-01,9.999988675117492676e-01,9.999993443489074707e-01,-9.999992251396179199e-01,9.999973773956298828e-01,9.999994635581970215e-01,-9.999983310699462891e-01,9.999984502792358398e-01,-9.999991059303283691e-01,-9.999993443489074707e-01,9.999988675117492676e-01,9.999989867210388184e-01,9.999879598617553711e-01,9.999983906745910645e-01,9.999984502792358398e-01,-9.999991655349731445e-01,9.999955892562866211e-01,-9.999994039535522461e-01,-9.999993443489074707e-01,9.999927878379821777e-01,9.999989867210388184e-01,9.999990463256835938e-01,9.999932646751403809e-01,9.999994635581970215e-01,-9.999990463256835938e-01,-9.999993443489074707e-01,9.999885559082031250e-01,-9.999971985816955566e-01,-9.999960660934448242e-01,-9.999991059303283691e-01,9.999949932098388672e-01,9.999981522560119629e-01,-9.999982714653015137e-01,-9.999842643737792969e-01,9.999994039535522461e-01,9.999991655349731445e-01,9.999954700469970703e-01,-9.999993443489074707e-01,9.999992251396179199e-01,-9.999977946281433105e-01,9.999826550483703613e-01,9.999993443489074707e-01,9.999988079071044922e-01,9.999989271163940430e-01,-9.999871850013732910e-01,9.999989867210388184e-01,9.999992847442626953e-01,-9.999991059303283691e-01,-9.999992251396179199e-01,-9.999986290931701660e-01,-9.999991655349731445e-01,-9.999947547912597656e-01,-9.999983906745910645e-01,-9.999988079071044922e-01,-9.999980926513671875e-01,9.999056458473205566e-01,9.999985098838806152e-01,9.999990463256835938e-01,-9.999987483024597168e-01,9.999993443489074707e-01,9.999989867210388184e-01,9.999969005584716797e-01,-9.999971985816955566e-01,-9.999992847442626953e-01,-9.999994039535522461e-01,-9.999970793724060059e-01,-9.999994039535522461e-01,9.999993443489074707e-01,-9.999992251396179199e-01,9.999988079071044922e-01,9.999973773956298828e-01,-9.999951720237731934e-01,-9.999645352363586426e-01,-9.999988675117492676e-01,9.999954700469970703e-01,9.999992251396179199e-01,-9.999958872795104980e-01,-9.999979734420776367e-01,-9.999570846557617188e-01,9.999983906745910645e-01,-9.999992847442626953e-01,9.999979734420776367e-01,-9.999989271163940430e-01,-9.999918341636657715e-01,9.999933242797851562e-01,9.999994039535522461e-01,9.999678134918212891e-01,9.999967217445373535e-01,-9.999986290931701660e-01,9.999989867210388184e-01,-9.999855160713195801e-01,-9.999987483024597168e-01,9.999991655349731445e-01,-9.999988079071044922e-01,-9.999949336051940918e-01,9.999994635581970215e-01,-9.999993443489074707e-01,9.999944567680358887e-01,-9.999980926513671875e-01,9.999992251396179199e-01,-9.999821782112121582e-01,-9.999746084213256836e-01,9.999991655349731445e-01,9.999982714653015137e-01,-9.999604225158691406e-01,-9.999988079071044922e-01,-9.999961853027343750e-01,9.999991059303283691e-01,-9.999988079071044922e-01,9.999991059303283691e-01,-9.999989271163940430e-01,-9.999888539314270020e-01,9.999994039535522461e-01,-9.999988675117492676e-01,9.999993443489074707e-01,-9.999991655349731445e-01,-9.999964237213134766e-01,-9.999988079071044922e-01,-9.999992847442626953e-01,9.999973773956298828e-01,9.999991059303283691e-01,-9.999984502792358398e-01,-9.999859929084777832e-01,-9.999971985816955566e-01,9.999930262565612793e-01,-9.999982118606567383e-01
-9.999986290931701660e-01,9.999989271163940430e-01,9.999921321868896484e-01,-9.999986290931701660e-01,-9.999992251396179199e-01,9.999989867210388184e-01,-9.999968409538269043e-01,-9.999992847442626953e-01,9.999980926513671875e-01,-9.999982118606567383e-01,9.999988079071044922e-01,9.999992251396179199e-01,-9.999986290931701660e-01,-9.999988079071044922e-01,-9.999860525131225586e-01,-9.999980330467224121e-01,-9.999980926513671875e-01,9.999989271163940430e-01,-9.999949336051940918e-01,9.999992847442626953e-01,9.999992847442626953e-01,-9.999915361404418945e-01,-9.999987483024597168e-01,-9.999988675117492676e-01,-9.999919533729553223e-01,-9.999992847442626953e-01,9.999988079071044922e-01,9.999992251396179199e-01,-9.999868273735046387e-01,9.999967813491821289e-01,9.999953508377075195e-01,9.999988675117492676e-01,-9.999941587448120117e-01,-9.999979734420776367e-01,9.999977946281433105e-01,9.999817013740539551e-01,-9.999992847442626953e-01,-9.999989867210388184e-01,-9.999946951866149902e-01,9.999992251396179199e-01,-9.999989271163940430e-01,9.999974370002746582e-01,-9.999800324440002441e-01,-9.999991655349731445e-01,-9.999985694885253906e-01,-9.999986886978149414e-01,9.999851584434509277e-01,-9.999986290931701660e-01,-9.999990463256835938e-01,9.999988675117492676e-01,9.999989867210388184e-01,9.999983310699462891e-01,9.999991655349731445e-01,9.999939203262329102e-01,9.999980330467224121e-01,9.999985098838806152e-01,9.999976754188537598e-01,-9.998910427093505859e-01,-9.999983310699462891e-01,-9.999987483024597168e-01,9.999984502792358398e-01,-9.999992847442626953e-01,-9.999988079071044922e-01,-9.999962449073791504e-01,9.999967813491821289e-01,9.999991655349731445e-01,9.999992847442626953e-01,9.999965429306030273e-01,9.999990463256835938e-01,-9.999991059303283691e-01,9.999991059303283691e-01,-9.999985694885253906e-01,-9.999968409538269043e-01,9.999944567680358887e-01,9.999590516090393066e-01,9.999986290931701660e-01,-9.999946951866149902e-01,-9.999991059303283691e-01,9.999951720237731934e-01,9.999975562095642090e-01,9.999503493309020996e-01,-9.999982118606567383e-01,9.999991059303283691e-01,-9.999976158142089844e-01,9.999986886978149414e-01,9.999905228614807129e-01,-9.999921917915344238e-01,-9.999992251396179199e-01,-9.999628067016601562e-01,-9.999961256980895996e-01,9.999983310699462891e-01,-9.999988079071044922e-01,9.999833106994628906e-01,9.999985098838806152e-01,-9.999988675117492676e-01,9.999985098838806152e-01,9.999941587448120117e-01,-9.999992847442626953e-01,9.999991655349731445e-01,-9.999935626983642578e-01,9.999977946281433105e-01,-9.999989867210388184e-01,9.999793767929077148e-01,9.999706149101257324e-01,-9.999988675117492676e-01,-9.999980330467224121e-01,9.999542236328125000e-01,9.999985098838806152e-01,9.999957680702209473e-01,-9.999989271163940430e-01,9.999985694885253906e-01,-9.999988675117492676e-01,9.999986886978149414e-01,9.999871850013732910e-01,-9.999992251396179199e-01,9.999985694885253906e-01,-9.999991059303283691e-01,9.999989867210388184e-01,9.999959468841552734e-01,9.999985694885253906e-01,9.999991655349731445e-01,-9.999969005584716797e-01,-9.999988675117492676e-01,9.999980926513671875e-01,9.999837875366210938e-01,9.999967217445373535e-01,-9.999918937683105469e-01,9.999977946281433105e-01
9.999957084655761719e-01,-9.999964833259582520e-01,-9.999737143516540527e-01,9.999957084655761719e-01,9.999973773956298828e-01,-9.999968409538269043e-01,9.999896883964538574e-01,9.999976158142089844e-01,-9.999937415122985840e-01,9.999942183494567871e-01,-9.999962449073791504e-01,-9.999972581863403320e-01,9.999954700469970703e-01,9.999960064888000488e-01,9.999533891677856445e-01,9.999935030937194824e-01,9.999940991401672363e-01,-9.999966621398925781e-01,9.999831318855285645e-01,-9.999976754188537598e-01,-9.999974370002746582e-01,9.999717473983764648e-01,9.999961256980895996e-01,9.999963045120239258e-01,9.999735355377197266e-01,9.999976158142089844e-01,-9.999961853027343750e-01,-9.999972581863403320e-01,9.999558925628662109e-01,-9.999893903732299805e-01,-9.999845027923583984e-01,-9.999963045120239258e-01,9.999806880950927734e-01,9.999931454658508301e-01,-9.999930262565612793e-01,-9.999387264251708984e-01,9.999975562095642090e-01,9.999966025352478027e-01,9.999824166297912598e-01,-9.999973177909851074e-01,9.999966025352478027e-01,-9.999915957450866699e-01,9.999328255653381348e-01,9.999970197677612305e-01,9.999954700469970703e-01,9.999957084655761719e-01,-9.999505281448364258e-01,9.999958872795104980e-01,9.999970197677612305e-01,-9.999964833259582520e-01,-9.999968409538269043e-01,-9.999948740005493164e-01,-9.999969601631164551e-01,-9.999797344207763672e-01,-9.999935626983642578e-01,-9.999954104423522949e-01,-9.999923706054687500e-01,9.996355175971984863e-01,9.999944567680358887e-01,9.999961256980895996e-01,-9.999953508377075195e-01,9.999974370002746582e-01,9.999959468841552734e-01,9.999879002571105957e-01,-9.999893903732299805e-01,-9.999971389770507812e-01,-9.999975562095642090e-01,-9.999885559082031250e-01,-9.999970793724060059e-01,9.999970197677612305e-01,-9.999968409538269043e-01,9.999953508377075195e-01,9.999900460243225098e-01,-9.999815821647644043e-01,-9.998631477355957031e-01,-9.999957084655761719e-01,9.999825954437255859e-01,9.999968409538269043e-01,-9.999839067459106445e-01,-9.999920129776000977e-01,-9.998340606689453125e-01,9.999941587448120117e-01,-9.999970793724060059e-01,9.999921917915344238e-01,-9.999958276748657227e-01,-9.999683499336242676e-01,9.999739527702331543e-01,9.999973177909851074e-01,9.998757839202880859e-01,9.999873042106628418e-01,-9.999945759773254395e-01,9.999960064888000488e-01,-9.999439716339111328e-01,-9.999951124191284180e-01,9.999963045120239258e-01,-9.999951720237731934e-01,-9.999805092811584473e-01,9.999974966049194336e-01,-9.999970793724060059e-01,9.999785423278808594e-01,-9.999927282333374023e-01,9.999969601631164551e-01,-9.999308586120605469e-01,-9.999018907546997070e-01,9.999964833259582520e-01,9.999935030937194824e-01,-9.998470544815063477e-01,-9.999952316284179688e-01,-9.999855756759643555e-01,9.999963045120239258e-01,-9.999955296516418457e-01,9.999963641166687012e-01,-9.999957680702209473e-01,-9.999570250511169434e-01,9.999975562095642090e-01,-9.999957084655761719e-01,9.999971985816955566e-01,-9.999965429306030273e-01,-9.999864101409912109e-01,-9.999954700469970703e-01,-9.999970793724060059e-01,9.999899864196777344e-01,9.999964237213134766e-01,-9.999941587448120117e-01,-9.999458193778991699e-01,-9.999893307685852051e-01,9.999731183052062988e-01,-9.999928474426269531e-01
9.999990463256835938e-01,-9.999993443489074707e-01,-9.999938011169433594e-01,9.999989867210388184e-01,9.999994635581970215e-01,-9.999992847442626953e-01,9.999976158142089844e-01,9.999995231628417969e-01,-9.999985098838806152e-01,9.999985694885253906e-01,-9.999991655349731445e-01,-9.999994635581970215e-01,9.999989271163940430e-01,9.999991059303283691e-01,9.999890923500061035e-01,9.999984502792358398e-01,9.999985694885253906e-01,-9.999992251396179199e-01,9.999960064888000488e-01,-9.999994635581970215e-01,-9.999994635581970215e-01,9.999934434890747070e-01,9.999991059303283691e-01,9.999992847442626953e-01,9.999937415122985840e-01,9.999995231628417969e-01,-9.999991655349731445e-01,-9.999994039535522461e-01,9.999895691871643066e-01,-9.999974370002746582e-01,-9.999964237213134766e-01,-9.999992847442626953e-01,9.999954104423522949e-01,9.999983310699462891e-01,-9.999982714653015137e-01,-9.999856352806091309e-01,9.999995231628417969e-01,9.999992251396179199e-01,9.999958276748657227e-01,-9.999994039535522461e-01,9.999992251396179199e-01,-9.999979734420776367e-01,9.999842643737792969e-01,9.999993443489074707e-01,9.999989271163940430e-01,9.999989867210388184e-01,-9.999883174896240234e-01,9.999990463256835938e-01,9.999993443489074707e-01,-9.999992251396179199e-01,-9.999992847442626953e-01,-9.999987483024597168e-01,-9.999993443489074707e-01,-9.999952912330627441e-01,-9.999985694885253906e-01,-9.999989271163940430e-01,-9.999982714653015137e-01,9.999138712882995605e-01,9.999986886978149414e-01,9.999991059303283691e-01,-9.999989271163940430e-01,9.999994039535522461e-01,9.999990463256835938e-01,9.999970793724060059e-01,-9.999974966049194336e-01,-9.999994039535522461e-01,-9.999994635581970215e-01,-9.999973177909851074e-01,-9.999993443489074707e-01,9.999992847442626953e-01,-9.999992847442626953e-01,9.999989271163940430e-01,9.999976158142089844e-01,-9.999957084655761719e-01,-9.999676346778869629e-01,-9.999989867210388184e-01,9.999958872795104980e-01,9.999994039535522461e-01,-9.999962449073791504e-01,-9.999982118606567383e-01,-9.999607205390930176e-01,9.999985694885253906e-01,-9.999993443489074707e-01,9.999982118606567383e-01,-9.999989867210388184e-01,-9.999924898147583008e-01,9.999938011169433594e-01,9.999994635581970215e-01,9.999706745147705078e-01,9.999970197677612305e-01,-9.999987483024597168e-01,9.999992251396179199e-01,-9.999867677688598633e-01,-9.999988079071044922e-01,9.999991655349731445e-01,-9.999988675117492676e-01,-9.999953508377075195e-01,9.999995231628417969e-01,-9.999994039535522461e-01,9.999949336051940918e-01,-9.999982714653015137e-01,9.999994039535522461e-01,-9.999837875366210938e-01,-9.999768733978271484e-01,9.999992251396179199e-01,9.999984502792358398e-01,-9.999638199806213379e-01,-9.999989271163940430e-01,-9.999966621398925781e-01,9.999991655349731445e-01,-9.999989271163940430e-01,9.999991655349731445e-01,-9.999990463256835938e-01,-9.999898672103881836e-01,9.999994635581970215e-01,-9.999989271163940430e-01,9.999994039535522461e-01,-9.999992251396179199e-01,-9.999967217445373535e-01,-9.999989271163940430e-01,-9.999993443489074707e-01,9.999976158142089844e-01,9.999992847442626953e-01,-9.999985694885253906e-01,-9.999871850013732910e-01,-9.999974370002746582e-01,9.999936223030090332e-01,-9.999983906745910645e-01
-9.999972581863403320e-01,9.999977946281433105e-01,9.999841451644897461e-01,-9.999972581863403320e-01,-9.999983310699462891e-01,9.999980926513671875e-01,-9.999937415122985840e-01,-9.999985098838806152e-01,9.999961853027343750e-01,-9.999964237213134766e-01,9.999976158142089844e-01,9.999983310699462891e-01,-9.999971985816955566e-01,-9.999974966049194336e-01,-9.999718666076660156e-01,-9.999958276748657227e-01,-9.999962449073791504e-01,9.999979138374328613e-01,-9.999896883964538574e-01,9.999985098838806152e-01,9.999983906745910645e-01,-9.999828338623046875e-01,-9.999976158142089844e-01,-9.999976754188537598e-01,-9.999839663505554199e-01,-9.999985098838806152e-01,9.999976158142089844e-01,9.999983310699462891e-01,-9.999732375144958496e-01,9.999935626983642578e-01,9.999907016754150391e-01,9.999977350234985352e-01,-9.999882578849792480e-01,-9.999958276748657227e-01,9.999957084655761719e-01,9.999629259109497070e-01,-9.999985098838806152e-01,-9.999979138374328613e-01,-9.999892711639404297e-01,9.999982118606567383e-01,-9.999978542327880859e-01,9.999949336051940918e-01,-9.999594092369079590e-01,-9.999982118606567383e-01,-9.999971389770507812e-01,-9.999973177909851074e-01,9.999700784683227539e-01,-9.999973773956298828e-01,-9.999980926513671875e-01,9.999977946281433105e-01,9.999979734420776367e-01,9.999968409538269043e-01,9.999980926513671875e-01,9.999877214431762695e-01,9.999960660934448242e-01,9.999971985816955566e-01,9.999953508377075195e-01,-9.997796416282653809e-01,-9.999966025352478027e-01,-9.999975562095642090e-01,9.999970793724060059e-01,-9.999983310699462891e-01,-9.999974370002746582e-01,-9.999926090240478516e-01,9.999935626983642578e-01,9.999982118606567383e-01,9.999984502792358398e-01,9.999932050704956055e-01,9.999982118606567383e-01,-9.999981522560119629e-01,9.999980926513671875e-01,-9.999971389770507812e-01,-9.999939203262329102e-01,9.999887943267822266e-01,9.999172091484069824e-01,9.999973177909851074e-01,-9.999893903732299805e-01,-9.999980926513671875e-01,9.999902248382568359e-01,9.999951720237731934e-01,9.998996257781982422e-01,-9.999964237213134766e-01,9.999981522560119629e-01,-9.999952316284179688e-01,9.999973177909851074e-01,9.999808073043823242e-01,-9.999842047691345215e-01,-9.999983310699462891e-01,-9.999248385429382324e-01,-9.999922513961791992e-01,9.999966025352478027e-01,-9.999974966049194336e-01,9.999660849571228027e-01,9.999969601631164551e-01,-9.999976754188537598e-01,9.999969601631164551e-01,9.999881982803344727e-01,-9.999984502792358398e-01,9.999982118606567383e-01,-9.999869465827941895e-01,9.999955892562866211e-01,-9.999979734420776367e-01,9.999582767486572266e-01,9.999406933784484863e-01,-9.999977946281433105e-01,-9.999958276748657227e-01,9.999075531959533691e-01,9.999969601631164551e-01,9.999912977218627930e-01,-9.999977946281433105e-01,9.999971389770507812e-01,-9.999977350234985352e-01,9.999973177909851074e-01,9.999740123748779297e-01,-9.999985098838806152e-01,9.999972581863403320e-01,-9.999983310699462891e-01,9.999979138374328613e-01,9.999917745590209961e-01,9.999971985816955566e-01,9.999982714653015137e-01,-9.999938607215881348e-01,-9.999978542327880859e-01,9.999964237213134766e-01,9.999672174453735352e-01,9.999935030937194824e-01,-9.999837279319763184e-01,9.999956488609313965e-01
9.999974966049194336e-01,-9.999980330467224121e-01,-9.999850988388061523e-01,9.999974966049194336e-01,9.999984502792358398e-01,-9.999982118606567383e-01,9.999942183494567871e-01,9.999985694885253906e-01,-9.999964237213134766e-01,9.999966025352478027e-01,-9.999978542327880859e-01,-9.999984502792358398e-01,9.999973773956298828e-01,9.999976754188537598e-01,9.999735355377197266e-01,9.999961853027343750e-01,9.999966025352478027e-01,-9.999982118606567383e-01,9.999904036521911621e-01,-9.999986886978149414e-01,-9.999985694885253906e-01,9.999840259552001953e-01,9.999977350234985352e-01,9.999978542327880859e-01,9.999849796295166016e-01,9.999985694885253906e-01,-9.999978542327880859e-01,-9.999985694885253906e-01,9.999749660491943359e-01,-9.999939203262329102e-01,-9.999912977218627930e-01,-9.999979734420776367e-01,9.999890327453613281e-01,9.999960064888000488e-01,-9.999960660934448242e-01,-9.999651908874511719e-01,9.999985694885253906e-01,9.999980330467224121e-01,9.999900460243225098e-01,-9.999984502792358398e-01,9.999980330467224121e-01,-9.999952316284179688e-01,9.999619126319885254e-01,9.999983906745910645e-01,9.999973773956298828e-01,9.999975562095642090e-01,-9.999719858169555664e-01,9.999976754188537598e-01,9.999983906745910645e-01,-9.999979734420776367e-01,-9.999982118606567383e-01,-9.999971389770507812e-01,-9.999983310699462891e-01,-9.999885559082031250e-01,-9.999963045120239258e-01,-9.999973773956298828e-01,-9.999955892562866211e-01,9.997931122779846191e-01,9.999967813491821289e-01,9.999977350234985352e-01,-9.999972581863403320e-01,9.999985098838806152e-01,9.999976754188537598e-01,9.999930262565612793e-01,-9.999939799308776855e-01,-9.999983310699462891e-01,-9.999986290931701660e-01,-9.999935030937194824e-01,-9.999983310699462891e-01,9.999983310699462891e-01,-9.999983310699462891e-01,9.999973773956298828e-01,9.999942779541015625e-01,-9.999894499778747559e-01,-9.999222755432128906e-01,-9.999975562095642090e-01,9.999900460243225098e-01,9.999983310699462891e-01,-9.999908208847045898e-01,-9.999954104423522949e-01,-9.999057650566101074e-01,9.999966621398925781e-01,-9.999984502792358398e-01,9.999955892562866211e-01,-9.999976158142089844e-01,-9.999819397926330566e-01,9.999852776527404785e-01,9.999985098838806152e-01,9.999294877052307129e-01,9.999928474426269531e-01,-9.999968409538269043e-01,9.999976754188537598e-01,-9.999682903289794922e-01,-9.999971389770507812e-01,9.999979138374328613e-01,-9.999971389770507812e-01,-9.999889135360717773e-01,9.999986290931701660e-01,-9.999983906745910645e-01,9.999878406524658203e-01,-9.999958872795104980e-01,9.999982118606567383e-01,-9.999607801437377930e-01,-9.999443292617797852e-01,9.999979734420776367e-01,9.999961853027343750e-01,-9.999131560325622559e-01,-9.999971985816955566e-01,-9.999919533729553223e-01,9.999979138374328613e-01,-9.999974370002746582e-01,9.999979138374328613e-01,-9.999975562095642090e-01,-9.999756217002868652e-01,9.999986290931701660e-01,-9.999975562095642090e-01,9.999985098838806152e-01,-9.999981522560119629e-01,-9.999923110008239746e-01,-9.999973773956298828e-01,-9.999983310699462891e-01,9.999942183494567871e-01,9.999979734420776367e-01,-9.999966025352478027e-01,-9.999693036079406738e-01,-9.999939203262329102e-01,9.999847412109375000e-01,-9.999960064888000488e-01
-9.999983906745910645e-01,9.999987483024597168e-01,9.999905824661254883e-01,-9.999984502792358398e-01,-9.999991059303283691e-01,9.999988079071044922e-01,-9.999962449073791504e-01,-9.999991655349731445e-01,9.999976158142089844e-01,-9.999978542327880859e-01,9.999985694885253906e-01,9.999990463256835938e-01,-9.999983310699462891e-01,-9.999984502792358398e-01,-9.999832510948181152e-01,-9.999976158142089844e-01,-9.999977946281433105e-01,9.999987483024597168e-01,-9.999939203262329102e-01,9.999991059303283691e-01,9.999991059303283691e-01,-9.999898672103881836e-01,-9.999985098838806152e-01,-9.999986290931701660e-01,-9.999904632568359375e-01,-9.999991655349731445e-01,9.999985694885253906e-01,9.999991059303283691e-01,-9.999842047691345215e-01,9.999961256980895996e-01,9.999944567680358887e-01,9.999986886978149414e-01,-9.999930858612060547e-01,-9.999974966049194336e-01,9.999974370002746582e-01,9.999781250953674316e-01,-9.999991655349731445e-01,-9.999987483024597168e-01,-9.999936223030090332e-01,9.999990463256835938e-01,-9.999986886978149414e-01,9.999968409538269043e-01,-9.999760985374450684e-01,-9.999988675117492676e-01,-9.999983310699462891e-01,-9.999983906745910645e-01,9.999822974205017090e-01,-9.999983906745910645e-01,-9.999988675117492676e-01,9.999986290931701660e-01,9.999988079071044922e-01,9.999980330467224121e-01,9.999988079071044922e-01,9.999927282333374023e-01,9.999976754188537598e-01,9.999982118606567383e-01,9.999971985816955566e-01,-9.998696446418762207e-01,-9.999978542327880859e-01,-9.999985098838806152e-01,9.999981522560119629e-01,-9.999991059303283691e-01,-9.999985694885253906e-01,-9.999955892562866211e-01,9.999961256980895996e-01,9.999989271163940430e-01,9.999990463256835938e-01,9.999958872795104980e-01,9.999988675117492676e-01,-9.999988675117492676e-01,9.999988675117492676e-01,-9.999982714653015137e-01,-9.999962449073791504e-01,9.999933838844299316e-01,9.999509453773498535e-01,9.999984502792358398e-01,-9.999936819076538086e-01,-9.999988675117492676e-01,9.999942183494567871e-01,9.999970793724060059e-01,9.999406337738037109e-01,-9.999977946281433105e-01,9.999989271163940430e-01,-9.999971389770507812e-01,9.999984502792358398e-01,9.999886155128479004e-01,-9.999906420707702637e-01,-9.999990463256835938e-01,-9.999554753303527832e-01,-9.999954104423522949e-01,9.999979734420776367e-01,-9.999985694885253906e-01,9.999800324440002441e-01,9.999982118606567383e-01,-9.999986290931701660e-01,9.999982118606567383e-01,9.999930262565612793e-01,-9.999991059303283691e-01,9.999989271163940430e-01,-9.999921917915344238e-01,9.999972581863403320e-01,-9.999988675117492676e-01,9.999753236770629883e-01,9.999648332595825195e-01,-9.999986886978149414e-01,-9.999975562095642090e-01,9.999451637268066406e-01,9.999982714653015137e-01,9.999948143959045410e-01,-9.999986290931701660e-01,9.999983310699462891e-01,-9.999986290931701660e-01,9.999984502792358398e-01,9.999846220016479492e-01,-9.999990463256835938e-01,9.999983906745910645e-01,-9.999989271163940430e-01,9.999987483024597168e-01,9.999951720237731934e-01,9.999982714653015137e-01,9.999989271163940430e-01,-9.999963641166687012e-01,-9.999986290931701660e-01,9.999978542327880859e-01,9.999806284904479980e-01,9.999961256980895996e-01,-9.999904036521911621e-01,9.999973773956298828e-01
-9.999988079071044922e-01,9.999991059303283691e-01,9.999930858612060547e-01,-9.999988675117492676e-01,-9.999993443489074707e-01,9.999992251396179199e-01,-9.999972581863403320e-01,-9.999994635581970215e-01,9.999983310699462891e-01,-9.999984502792358398e-01,9.999990463256835938e-01,9.999993443489074707e-01,-9.999988675117492676e-01,-9.999989271163940430e-01,-9.999877810478210449e-01,-9.999982714653015137e-01,-9.999983906745910645e-01,9.999991655349731445e-01,-9.999954700469970703e-01,9.999994039535522461e-01,9.999994039535522461e-01,-9.999926686286926270e-01,-9.999989867210388184e-01,-9.999991655349731445e-01,-9.999930262565612793e-01,-9.999994635581970215e-01,9.999990463256835938e-01,9.999993443489074707e-01,-9.999884963035583496e-01,9.999971389770507812e-01,9.999960064888000488e-01,9.999992251396179199e-01,-9.999949336051940918e-01,-9.999981522560119629e-01,9.999980926513671875e-01,9.999839663505554199e-01,-9.999994039535522461e-01,-9.999992847442626953e-01,-9.999953508377075195e-01,9.999993443489074707e-01,-9.999991059303283691e-01,9.999978542327880859e-01,-9.999823570251464844e-01,-9.999992847442626953e-01,-9.999988079071044922e-01,-9.999989271163940430e-01,9.999870061874389648e-01,-9.999988675117492676e-01,-9.999992847442626953e-01,9.999991059303283691e-01,9.999992251396179199e-01,9.999986290931701660e-01,9.999992847442626953e-01,9.999946355819702148e-01,9.999982714653015137e-01,9.999987483024597168e-01,9.999979734420776367e-01,-9.999041557312011719e-01,-9.999985098838806152e-01,-9.999989867210388184e-01,9.999987483024597168e-01,-9.999993443489074707e-01,-9.999989271163940430e-01,-9.999967813491821289e-01,9.999971389770507812e-01,9.999992847442626953e-01,9.999994039535522461e-01,9.999970197677612305e-01,9.999992847442626953e-01,-9.999992251396179199e-01,9.999992847442626953e-01,-9.999988079071044922e-01,-9.999973177909851074e-01,9.999951124191284180e-01,9.999639987945556641e-01,9.999988675117492676e-01,-9.999954104423522949e-01,-9.999992251396179199e-01,9.999957680702209473e-01,9.999979138374328613e-01,9.999563694000244141e-01,-9.999984502792358398e-01,9.999992847442626953e-01,-9.999979734420776367e-01,9.999989271163940430e-01,9.999917149543762207e-01,-9.999931454658508301e-01,-9.999994039535522461e-01,-9.999673366546630859e-01,-9.999966621398925781e-01,9.999986290931701660e-01,-9.999989271163940430e-01,9.999853372573852539e-01,9.999986886978149414e-01,-9.999990463256835938e-01,9.999987483024597168e-01,9.999948740005493164e-01,-9.999993443489074707e-01,9.999993443489074707e-01,-9.999943375587463379e-01,9.999980330467224121e-01,-9.999992251396179199e-01,9.999819397926330566e-01,9.999742507934570312e-01,-9.999991059303283691e-01,-9.999982714653015137e-01,9.999597668647766113e-01,9.999986886978149414e-01,9.999962449073791504e-01,-9.999991059303283691e-01,9.999988675117492676e-01,-9.999991059303283691e-01,9.999989271163940430e-01,9.999886751174926758e-01,-9.999994039535522461e-01,9.999989271163940430e-01,-9.999994039535522461e-01,9.999991655349731445e-01,9.999963641166687012e-01,9.999988079071044922e-01,9.999992847442626953e-01,-9.999973177909851074e-01,-9.999991059303283691e-01,9.999984502792358398e-01,9.999857544898986816e-01,9.999971985816955566e-01,-9.999929666519165039e-01,9.999982118606567383e-01
