9.514030814170837402e-01,-4.506079852581024170e-01,4.745838344097137451e-01,-4.580674692988395691e-03,-6.395347118377685547e-01,-5.151773691177368164e-01,7.476561237126588821e-03,1.906414143741130829e-02,6.832888126373291016e-01,-6.567255854606628418e-01,6.584162116050720215e-01,3.977736830711364746e-01,-5.676040053367614746e-01,8.317233920097351074e-01,-1.921356022357940674e-01,3.918090164661407471e-01,-6.505491733551025391e-01,-3.218670189380645752e-01,7.928057909011840820e-01,5.816184282302856445e-01,-3.395451009273529053e-01,-7.211291790008544922e-01,2.912199497222900391e-01,4.170139729976654053e-01,-6.557372212409973145e-01,-2.892898619174957275e-01,5.008401870727539062e-01,-3.031957447528839111e-01,-6.488918066024780273e-01,-4.785556793212890625e-01,-4.111177325248718262e-01,3.948080241680145264e-01,-4.197725951671600342e-01,-3.144748806953430176e-01,3.491174280643463135e-01,-7.026527523994445801e-01,4.372559189796447754e-01,-6.090348362922668457e-01,-6.611635088920593262e-01,6.256194114685058594e-01,-1.693515665829181671e-02,-4.934605062007904053e-01,-2.342578470706939697e-01,-6.145541071891784668e-01,2.419870905578136444e-02,-2.186212921515107155e-03,4.038545489311218262e-01,-5.542527437210083008e-01,-4.607507288455963135e-01,2.579054534435272217e-01,4.806736856698989868e-02,-4.144240617752075195e-01,-2.297495603561401367e-01,1.521889716386795044e-01,-2.071377635002136230e-01,4.937883615493774414e-01,-6.507570147514343262e-01,-3.105248212814331055e-01,-5.808392763137817383e-01,-3.540610373020172119e-01,4.751554131507873535e-01,7.254852354526519775e-02,-3.153510093688964844e-01,7.838880270719528198e-02,2.264751493930816650e-01,6.730045676231384277e-01,4.160676598548889160e-01,-6.247961521148681641e-02,3.753239512443542480e-01,5.274634957313537598e-01,6.326150894165039062e-01,-6.657115817070007324e-01,5.438273549079895020e-01,6.383188366889953613e-01,4.596643149852752686e-01,-1.395954191684722900e-01,3.567935824394226074e-01,-4.396007657051086426e-01,-2.518012523651123047e-01,-2.925380505621433258e-02,-7.204934954643249512e-01,-1.581982225179672241e-01,2.333320863544940948e-02,-6.080333590507507324e-01,4.373343586921691895e-01,-4.191829562187194824e-01,5.217217803001403809e-01,-6.672604680061340332e-01,1.759928613901138306e-01,6.906258463859558105e-01,4.162472784519195557e-01,6.006624698638916016e-01,-6.022191643714904785e-01,-3.025990724563598633e-01,7.146781682968139648e-01,-7.985731363296508789e-01,5.927865505218505859e-01,7.965999841690063477e-02,-3.088624775409698486e-01,-1.057002916932106018e-01,6.259442567825317383e-01,3.705941438674926758e-01,-2.384939789772033691e-01,-6.440539658069610596e-02,-6.888841986656188965e-01,-4.149225950241088867e-01,6.753951907157897949e-01,6.782640814781188965e-01,-2.041372209787368774e-01,6.643344759941101074e-01,-2.009202837944030762e-01,4.416911602020263672e-01,-5.090799927711486816e-01,4.383203685283660889e-01,-7.438588738441467285e-01,-6.915060877799987793e-01,5.080355405807495117e-01,-4.534735977649688721e-01,-5.925214290618896484e-01,-6.464140415191650391e-01,-7.833815217018127441e-01,6.789322495460510254e-01,2.787107825279235840e-01,2.107947170734405518e-01,5.934798717498779297e-01,-2.763544321060180664e-01,6.735010147094726562e-01,-2.264360040426254272e-01
-4.506079852581024170e-01,5.850953459739685059e-01,-5.273752808570861816e-01,-5.908716917037963867e-01,6.545248627662658691e-01,2.078640758991241455e-01,-2.036729902029037476e-01,3.867259919643402100e-01,-6.706479191780090332e-01,3.481635153293609619e-01,-4.690244495868682861e-01,-6.815364956855773926e-01,3.690756261348724365e-01,-5.786117911338806152e-01,6.967967152595520020e-01,-3.830510973930358887e-01,6.578607559204101562e-01,-3.134925663471221924e-01,-5.634644627571105957e-01,-2.905396223068237305e-01,6.526386141777038574e-01,3.472050428390502930e-01,-7.247207164764404297e-01,-7.193787693977355957e-01,5.161483287811279297e-01,-1.239992678165435791e-01,1.012010220438241959e-02,7.268582582473754883e-01,4.912663996219635010e-02,3.571997880935668945e-01,5.001470446586608887e-01,4.223046079277992249e-02,5.956668257713317871e-01,6.525505781173706055e-01,-5.361792445182800293e-01,3.941331803798675537e-01,-6.143380403518676758e-01,5.742654204368591309e-01,5.012345314025878906e-01,-4.967971742153167725e-01,3.477218449115753174e-01,6.064109802246093750e-01,-4.230488836765289307e-01,4.886026680469512939e-01,6.366636157035827637e-01,-5.987809300422668457e-01,-7.017071247100830078e-01,6.783900260925292969e-01,2.202072739601135254e-01,-6.864770054817199707e-01,-3.205463588237762451e-01,6.856583356857299805e-01,-2.996114790439605713e-01,-6.216637492179870605e-01,-1.995458900928497314e-01,2.368154702708125114e-03,7.054121494293212891e-01,6.184926629066467285e-01,7.185959219932556152e-01,4.749089181423187256e-01,1.080713979899883270e-02,-4.938513040542602539e-01,2.816270291805267334e-01,3.442560732364654541e-01,4.069357514381408691e-01,-5.726387500762939453e-01,-6.286269426345825195e-01,-4.629846811294555664e-01,-6.044300198554992676e-01,-3.695161640644073486e-01,-6.200688481330871582e-01,9.443710744380950928e-02,-6.442556381225585938e-01,-3.966989815235137939e-01,-6.078348159790039062e-01,4.986076056957244873e-01,-4.654494225978851318e-01,7.481899261474609375e-01,1.847580075263977051e-01,4.561792612075805664e-01,3.915480673313140869e-01,3.085886240005493164e-01,4.418341517448425293e-01,5.618007779121398926e-01,1.608350872993469238e-01,1.726469248533248901e-01,-1.792376339435577393e-01,5.371329784393310547e-01,3.832679390907287598e-01,-5.341620445251464844e-01,-1.683466583490371704e-01,-5.274718999862670898e-01,7.450967431068420410e-01,-1.811116188764572144e-01,-6.581338047981262207e-01,7.311112284660339355e-01,-5.817941427230834961e-01,-7.155817747116088867e-02,-3.812103271484375000e-01,-3.664369881153106689e-01,-6.070568561553955078e-01,2.015739083290100098e-01,5.268962383270263672e-01,3.894294500350952148e-01,4.747256338596343994e-01,6.517083644866943359e-01,-3.159895241260528564e-01,-6.282012462615966797e-01,-3.385614454746246338e-01,-5.765325427055358887e-01,-6.473982334136962891e-02,-9.218721836805343628e-02,4.928504228591918945e-01,-1.464643180370330811e-01,4.898157715797424316e-01,4.233256876468658447e-01,-8.214245438575744629e-01,6.785678267478942871e-01,-1.380431205034255981e-01,5.358468890190124512e-01,2.327169328927993774e-01,-2.116698920726776123e-01,-7.226117253303527832e-01,-3.541413228958845139e-03,4.393562208861112595e-03,-3.403288722038269043e-01,-6.309866309165954590e-01,-1.650362610816955566e-01
4.745838344097137451e-01,-5.273752808570861816e-01,9.509505033493041992e-01,2.584918141365051270e-01,-8.069000840187072754e-01,-7.121329307556152344e-01,6.815129518508911133e-01,-6.740288734436035156e-01,7.495396733283996582e-01,-7.092127799987792969e-01,8.356612324714660645e-01,5.193003416061401367e-01,-8.408604264259338379e-01,7.869467735290527344e-01,-3.920124769210815430e-01,4.324082732200622559e-01,-7.501900196075439453e-01,-2.651062607765197754e-01,7.969473004341125488e-01,-2.390904352068901062e-02,-1.200681701302528381e-01,-7.412713766098022461e-01,3.462714254856109619e-01,7.882531285285949707e-01,-8.440521955490112305e-01,3.994315564632415771e-01,3.959305584430694580e-01,-4.841777980327606201e-01,-3.233385086059570312e-01,-2.900892198085784912e-01,-3.110808730125427246e-01,5.936253070831298828e-01,-8.391814231872558594e-01,-3.604708313941955566e-01,4.094780683517456055e-01,-4.964496791362762451e-01,4.127070903778076172e-01,-7.662949562072753906e-01,-8.593973517417907715e-01,8.686351180076599121e-01,1.570421159267425537e-01,-7.001069784164428711e-01,-4.980211704969406128e-02,-7.730762362480163574e-01,-2.746772468090057373e-01,2.265189886093139648e-01,2.469597011804580688e-01,-7.835396528244018555e-01,-1.744977533817291260e-01,4.148880541324615479e-01,-1.427913755178451538e-01,-8.103545904159545898e-01,-3.085430860519409180e-01,5.855069160461425781e-01,-3.420997560024261475e-01,5.351846814155578613e-01,-7.977786660194396973e-01,-4.649288356304168701e-01,-8.407394289970397949e-01,-6.375480890274047852e-01,5.526988506317138672e-01,-5.757510662078857422e-02,-4.832380414009094238e-01,2.722511589527130127e-01,1.954651474952697754e-01,8.068448305130004883e-01,6.135675907135009766e-01,-1.206513941287994385e-01,6.234692931175231934e-01,8.140661716461181641e-01,8.873841166496276855e-01,-2.570417225360870361e-01,8.075411915779113770e-01,8.175158500671386719e-01,7.368741035461425781e-01,-3.968116641044616699e-01,4.246427118778228760e-01,-4.531142711639404297e-01,3.178223073482513428e-01,2.041986286640167236e-01,-8.040790557861328125e-01,-2.452020794153213501e-01,-1.520821899175643921e-01,-7.903821468353271484e-01,4.298899173736572266e-01,-7.782683372497558594e-01,7.534844875335693359e-01,-8.432959318161010742e-01,1.907553076744079590e-01,8.141932487487792969e-01,1.254017800092697144e-01,8.590076565742492676e-01,-6.605292558670043945e-01,-4.200484752655029297e-01,7.350658774375915527e-01,-7.446646690368652344e-01,7.864584922790527344e-01,1.134461238980293274e-01,-5.635329708456993103e-02,-2.185808122158050537e-01,6.318745613098144531e-01,4.158277511596679688e-01,-1.358166635036468506e-01,-4.974829778075218201e-02,-8.352671265602111816e-01,-6.900748014450073242e-01,7.450557351112365723e-01,8.068443536758422852e-01,-3.445798158645629883e-01,8.169218897819519043e-01,-6.103460788726806641e-01,5.681540966033935547e-01,-3.464694321155548096e-01,6.111902594566345215e-01,-7.799149751663208008e-01,-7.606288790702819824e-01,7.097824811935424805e-01,-5.748172402381896973e-01,-2.943427264690399170e-01,-8.141555190086364746e-01,-3.939609527587890625e-01,6.893715262413024902e-01,5.006539821624755859e-01,3.762247562408447266e-01,5.112855434417724609e-01,-1.782024502754211426e-01,7.912630438804626465e-01,-4.876978397369384766e-01
-4.580674692988395691e-03,-5.908716917037963867e-01,2.584918141365051270e-01,9.516820311546325684e-01,-3.019256293773651123e-01,3.239398598670959473e-01,2.631470859050750732e-01,-4.739006459712982178e-01,3.496381342411041260e-01,5.371367186307907104e-02,-3.977548331022262573e-03,7.866514921188354492e-01,6.891395896673202515e-02,1.031276434659957886e-01,-7.749637961387634277e-01,4.320813715457916260e-01,-4.454354047775268555e-01,7.710211873054504395e-01,1.306973248720169067e-01,-4.081411287188529968e-02,-8.074762225151062012e-01,1.522283256053924561e-01,8.657302260398864746e-01,6.719571948051452637e-01,-1.876853555440902710e-01,2.155366353690624237e-02,-5.598436594009399414e-01,-8.761288523674011230e-01,5.542089343070983887e-01,-4.915451705455780029e-01,-6.071169972419738770e-01,-4.260438084602355957e-01,-4.361044466495513916e-01,-8.326326608657836914e-01,7.286954522132873535e-01,6.920976936817169189e-02,5.798428654670715332e-01,-3.625114858150482178e-01,-1.002370268106460571e-01,7.827813178300857544e-02,-7.042214274406433105e-01,-4.227708578109741211e-01,8.708332180976867676e-01,-2.703758776187896729e-01,-9.143527150154113770e-01,9.312280416488647461e-01,7.062874436378479004e-01,-5.624127984046936035e-01,5.428262799978256226e-02,8.901588320732116699e-01,7.150794267654418945e-01,-5.820246934890747070e-01,6.439256668090820312e-01,8.262054324150085449e-01,4.785371720790863037e-01,-5.139560103416442871e-01,-4.971548020839691162e-01,-7.941766381263732910e-01,-5.545128583908081055e-01,-4.266456961631774902e-01,-5.324776768684387207e-01,7.981781363487243652e-01,-2.211078107357025146e-01,-7.112329602241516113e-01,-8.155371546745300293e-01,2.914915084838867188e-01,7.334168553352355957e-01,8.394483327865600586e-01,6.884096860885620117e-01,1.493404358625411987e-01,2.576214373111724854e-01,2.454104721546173096e-01,4.976263046264648438e-01,-9.726299345493316650e-02,5.606568455696105957e-01,-8.105853796005249023e-01,5.854052901268005371e-01,-8.127090334892272949e-01,-3.379727005958557129e-01,-7.075697779655456543e-01,7.400872558355331421e-02,-4.958764016628265381e-01,-7.990294694900512695e-01,-3.866083621978759766e-01,-6.611017584800720215e-01,2.411479800939559937e-01,-2.201114594936370850e-01,-1.986112296581268311e-01,-7.343277931213378906e-01,9.124360233545303345e-02,-2.072449773550033569e-01,1.114608198404312134e-01,-4.971717298030853271e-01,6.504185795783996582e-01,4.019053280353546143e-01,-3.702244758605957031e-01,4.042044878005981445e-01,6.321088969707489014e-02,8.384006023406982422e-01,7.583343982696533203e-01,5.381487011909484863e-01,-6.603479385375976562e-01,-7.398355603218078613e-01,-7.812129259109497070e-01,-8.669598959386348724e-03,-4.512329995632171631e-01,-2.384356111288070679e-01,3.315397500991821289e-01,6.579665541648864746e-01,2.929773926734924316e-01,3.283115327358245850e-01,-2.297230213880538940e-01,-2.455710470676422119e-01,-2.574463784694671631e-01,3.447024896740913391e-02,-6.186587363481521606e-02,7.370192408561706543e-01,-7.181476354598999023e-01,6.289809346199035645e-01,-2.898521721363067627e-01,3.456847965717315674e-01,-3.488238453865051270e-01,8.161981701850891113e-01,-4.216806590557098389e-01,-4.109002351760864258e-01,7.103251218795776367e-01,3.137862086296081543e-01,6.035369634628295898e-01
-6.395347118377685547e-01,6.545248627662658691e-01,-8.069000840187072754e-01,-3.019256293773651123e-01,9.734116196632385254e-01,6.751223206520080566e-01,-5.225132107734680176e-01,6.167519092559814453e-01,-8.710172772407531738e-01,8.044252991676330566e-01,-8.964022994041442871e-01,-6.394975781440734863e-01,8.303600549697875977e-01,-8.845241665840148926e-01,5.420779585838317871e-01,-5.878455042839050293e-01,9.003372192382812500e-01,2.187600731849670410e-01,-8.711397051811218262e-01,-1.693577915430068970e-01,2.690982818603515625e-01,7.787989974021911621e-01,-5.532331466674804688e-01,-8.119821548461914062e-01,8.746313452720642090e-01,-3.228963911533355713e-01,-3.822115063667297363e-01,5.784325599670410156e-01,3.372719585895538330e-01,3.417050540447235107e-01,4.415968358516693115e-01,-5.256757140159606934e-01,8.597783446311950684e-01,4.199854135513305664e-01,-5.551848411560058594e-01,6.777470707893371582e-01,-6.666958928108215332e-01,8.824024200439453125e-01,8.792847394943237305e-01,-8.994912505149841309e-01,6.195357535034418106e-03,8.864672780036926270e-01,-5.471190437674522400e-02,8.736704587936401367e-01,3.619504868984222412e-01,-3.080836534500122070e-01,-4.913337230682373047e-01,8.719815611839294434e-01,5.150855183601379395e-01,-4.778552949428558350e-01,1.102032884955406189e-02,8.783674836158752441e-01,1.270358860492706299e-01,-5.361509919166564941e-01,2.707154452800750732e-01,-4.802602231502532959e-01,8.869756460189819336e-01,5.889127850532531738e-01,8.529317975044250488e-01,7.627297043800354004e-01,-4.911499619483947754e-01,-6.045870855450630188e-02,5.627273321151733398e-01,-1.321337223052978516e-01,-4.991500452160835266e-02,-9.045183658599853516e-01,-6.515570878982543945e-01,-1.061228103935718536e-02,-6.768101453781127930e-01,-7.187704443931579590e-01,-9.418806433677673340e-01,4.531135261058807373e-01,-8.613991141319274902e-01,-8.443697094917297363e-01,-8.226689100265502930e-01,4.418738484382629395e-01,-6.047046184539794922e-01,6.125747561454772949e-01,-2.219752967357635498e-01,-4.146858677268028259e-02,8.187230229377746582e-01,3.194911777973175049e-01,2.267173528671264648e-01,8.817164301872253418e-01,-3.909828662872314453e-01,6.538730263710021973e-01,-6.988603472709655762e-01,8.936889171600341797e-01,-3.830792009830474854e-02,-9.033144116401672363e-01,-3.873685300350189209e-01,-9.231786131858825684e-01,8.411309719085693359e-01,3.427858054637908936e-01,-8.893324136734008789e-01,8.954685926437377930e-01,-7.906641960144042969e-01,-1.303811818361282349e-01,9.277893602848052979e-02,1.757610142230987549e-01,-7.480899095535278320e-01,-3.230341672897338867e-01,2.339858114719390869e-01,1.509117782115936279e-01,8.891816139221191406e-01,7.661553621292114258e-01,-7.781389951705932617e-01,-9.049527049064636230e-01,1.695989668369293213e-01,-8.978837728500366211e-01,4.723636507987976074e-01,-4.389389157295227051e-01,6.131334900856018066e-01,-6.646410822868347168e-01,8.638294339179992676e-01,8.237405419349670410e-01,-8.116645216941833496e-01,5.284565687179565430e-01,2.381543070077896118e-01,8.764325380325317383e-01,5.306949615478515625e-01,-6.798387169837951660e-01,-6.384218335151672363e-01,-4.707031548023223877e-01,-4.294228255748748779e-01,1.181715503334999084e-01,-9.382461309432983398e-01,3.662914335727691650e-01
-5.151773691177368164e-01,2.078640758991241455e-01,-7.121329307556152344e-01,3.239398598670959473e-01,6.751223206520080566e-01,9.840336441993713379e-01,-4.376910030841827393e-01,3.819147944450378418e-01,-6.449052691459655762e-01,8.241164684295654297e-01,-8.875967264175415039e-01,-7.717394828796386719e-02,8.999263048171997070e-01,-7.840225696563720703e-01,-3.173564001917839050e-02,-2.715829908847808838e-01,5.581622123718261719e-01,7.354246973991394043e-01,-7.746804356575012207e-01,-1.614554375410079956e-01,-3.315507471561431885e-01,9.016286730766296387e-01,1.351875811815261841e-01,-3.745080530643463135e-01,7.560197114944458008e-01,-4.727471470832824707e-01,-8.138720393180847168e-01,-2.469153329730033875e-02,7.464325428009033203e-01,-6.965410709381103516e-02,3.290400654077529907e-02,-8.362837433815002441e-01,5.701812505722045898e-01,-1.159165874123573303e-01,-3.522258251905441284e-02,6.380069255828857422e-01,-1.730578094720840454e-01,6.308019161224365234e-01,8.234314322471618652e-01,-8.600778579711914062e-01,-6.065177321434020996e-01,5.384429097175598145e-01,6.019001603126525879e-01,6.817555427551269531e-01,-2.556372582912445068e-01,3.372213840484619141e-01,1.305845081806182861e-01,4.689411818981170654e-01,3.332096040248870850e-01,1.174177974462509155e-01,6.476133465766906738e-01,4.816552400588989258e-01,6.837981343269348145e-01,-5.477097257971763611e-02,6.141871213912963867e-01,-8.880065679550170898e-01,5.283061265945434570e-01,2.018590457737445831e-02,5.012887120246887207e-01,4.624384045600891113e-01,-8.911969661712646484e-01,5.219163298606872559e-01,4.126244783401489258e-01,-6.835426688194274902e-01,-6.694754958152770996e-01,-6.800810694694519043e-01,-1.698556095361709595e-01,5.954371094703674316e-01,-2.126764953136444092e-01,-7.164126634597778320e-01,-7.702330350875854492e-01,4.355419278144836426e-01,-5.328431725502014160e-01,-9.254359006881713867e-01,-3.930597901344299316e-01,-1.006215810775756836e-01,-1.295052915811538696e-01,1.518152374774217606e-02,-4.872604608535766602e-01,-6.043341159820556641e-01,8.678421974182128906e-01,-4.010109975934028625e-02,-3.599027991294860840e-01,6.057007908821105957e-01,-8.482246398925781250e-01,9.262641072273254395e-01,-8.739793300628662109e-01,7.728999853134155273e-01,-6.574470996856689453e-01,-8.186003565788269043e-01,-4.070315659046173096e-01,-8.367496728897094727e-01,4.534279108047485352e-01,8.174114823341369629e-01,-5.411667227745056152e-01,5.731518268585205078e-01,-5.543375015258789062e-01,-8.718925714492797852e-02,5.957650542259216309e-01,6.965164542198181152e-01,-3.858002126216888428e-01,-8.236151337623596191e-01,-3.330094218254089355e-01,-4.356445968151092529e-01,8.833873271942138672e-01,5.312922000885009766e-01,-9.373234510421752930e-01,-6.796473264694213867e-01,6.995398402214050293e-01,-6.889379620552062988e-01,7.976703643798828125e-01,-7.375854849815368652e-01,3.183269500732421875e-01,-7.951553463935852051e-01,8.805678486824035645e-01,7.609675526618957520e-01,-2.914472520351409912e-01,9.063926339149475098e-02,6.571872234344482422e-01,6.845765113830566406e-01,7.263703346252441406e-01,-9.339542388916015625e-01,-1.359568443149328232e-02,-6.739927530288696289e-01,-7.488825321197509766e-01,6.288407444953918457e-01,-6.697396039962768555e-01,8.468360900878906250e-01
7.476561237126588821e-03,-2.036729902029037476e-01,6.815129518508911133e-01,2.631470859050750732e-01,-5.225132107734680176e-01,-4.376910030841827393e-01,8.783569931983947754e-01,-7.379335165023803711e-01,3.368496596813201904e-01,-3.906856179237365723e-01,5.428687334060668945e-01,2.884564399719238281e-01,-6.519328951835632324e-01,4.133296608924865723e-01,-1.717751473188400269e-01,2.524484097957611084e-01,-4.127680957317352295e-01,-1.904409527778625488e-01,4.203898012638092041e-01,-4.736641347408294678e-01,1.206352338194847107e-01,-3.994866311550140381e-01,2.162048965692520142e-01,6.146683096885681152e-01,-5.937647819519042969e-01,4.389005601406097412e-01,1.136927828192710876e-01,-3.459284305572509766e-01,1.090681999921798706e-01,-2.520010471343994141e-01,-1.602201908826828003e-01,5.498327016830444336e-01,-6.819465160369873047e-01,-1.255763918161392212e-01,1.770101338624954224e-01,-5.320238322019577026e-02,8.584574609994888306e-02,-4.278683960437774658e-01,-6.202879548072814941e-01,5.976811051368713379e-01,1.158268973231315613e-01,-4.135319590568542480e-01,8.465481549501419067e-02,-4.405852556228637695e-01,-2.287689596414566040e-01,2.016050070524215698e-01,-4.804749786853790283e-02,-5.555012822151184082e-01,5.385965108871459961e-02,2.632098793983459473e-01,-4.807682707905769348e-02,-6.373692154884338379e-01,-2.661456167697906494e-01,5.364180207252502441e-01,-3.923632204532623291e-01,3.110253810882568359e-01,-5.012021064758300781e-01,-2.569793462753295898e-01,-6.046862006187438965e-01,-3.486874699592590332e-01,3.269181251525878906e-01,-1.888417601585388184e-01,-3.045857846736907959e-01,2.993771433830261230e-01,1.216587498784065247e-01,5.043270587921142578e-01,4.309353530406951904e-01,-1.555330008268356323e-01,5.817437171936035156e-01,6.343669891357421875e-01,5.975894927978515625e-01,-1.183431521058082581e-01,6.359307169914245605e-01,5.464919805526733398e-01,5.037036538124084473e-01,-4.485868215560913086e-01,1.985413879156112671e-01,-2.165059447288513184e-01,4.946545958518981934e-01,3.347095847129821777e-01,-5.264112353324890137e-01,-1.361503303050994873e-01,-2.330759316682815552e-01,-5.055919885635375977e-01,2.678288817405700684e-01,-6.322838664054870605e-01,6.029832363128662109e-01,-5.338681936264038086e-01,1.575671285390853882e-01,4.638607800006866455e-01,-1.883835196495056152e-01,5.975782275199890137e-01,-2.614885568618774414e-01,-3.364662230014801025e-01,4.368610382080078125e-01,-3.558331727981567383e-01,5.488525032997131348e-01,6.729311496019363403e-02,1.285618264228105545e-02,-2.217870056629180908e-01,3.130888044834136963e-01,3.090963065624237061e-01,8.320096880197525024e-02,-1.345655322074890137e-02,-5.442099571228027344e-01,-3.340052366256713867e-01,4.452079236507415771e-01,4.883970618247985840e-01,-3.619652390480041504e-01,5.231196880340576172e-01,-6.696020960807800293e-01,3.552702069282531738e-01,9.415932744741439819e-02,5.099841356277465820e-01,-4.318097829818725586e-01,-4.781178534030914307e-01,4.948822557926177979e-01,-2.942325472831726074e-01,-4.512297734618186951e-02,-5.286483764648437500e-01,5.611775070428848267e-02,3.781831860542297363e-01,3.504403829574584961e-01,3.575821220874786377e-01,3.102129995822906494e-01,-1.738181412220001221e-01,4.794302582740783691e-01,-4.250019490718841553e-01
1.906414143741130829e-02,3.867259919643402100e-01,-6.740288734436035156e-01,-4.739006459712982178e-01,6.167519092559814453e-01,3.819147944450378418e-01,-7.379335165023803711e-01,9.556549191474914551e-01,-4.903287589550018311e-01,3.556899726390838623e-01,-5.404095649719238281e-01,-4.924762248992919922e-01,5.588101148605346680e-01,-4.097583889961242676e-01,5.465162396430969238e-01,-2.951412498950958252e-01,5.635248422622680664e-01,-5.582096427679061890e-02,-4.075890183448791504e-01,3.784513771533966064e-01,1.302606761455535889e-01,3.934615850448608398e-01,-4.926230609416961670e-01,-7.585452198982238770e-01,5.465651750564575195e-01,-5.963351726531982422e-01,-1.089594792574644089e-02,5.349735021591186523e-01,-2.045968174934387207e-01,1.049420386552810669e-01,1.859401464462280273e-01,-2.996322512626647949e-01,7.018834352493286133e-01,3.398145735263824463e-01,-4.170347154140472412e-01,2.181165963411331177e-01,-4.071523845195770264e-01,5.704503059387207031e-01,5.397606492042541504e-01,-6.163924336433410645e-01,1.161360442638397217e-01,6.469443440437316895e-01,-3.291232585906982422e-01,5.528813600540161133e-01,5.494144558906555176e-01,-4.454935789108276367e-01,-3.021594882011413574e-01,6.521614789962768555e-01,1.870535314083099365e-01,-4.695535898208618164e-01,2.274398691952228546e-02,7.824673652648925781e-01,-1.787736825644969940e-02,-7.019582390785217285e-01,9.899993240833282471e-02,-1.891210526227951050e-01,6.155450344085693359e-01,5.013957023620605469e-01,6.635810732841491699e-01,5.920591950416564941e-01,-2.090502828359603882e-01,-8.549901843070983887e-02,4.070113003253936768e-01,-9.683283418416976929e-02,1.781452447175979614e-01,-5.374096632003784180e-01,-5.525494217872619629e-01,-1.329440176486968994e-01,-6.527510881423950195e-01,-5.376309752464294434e-01,-6.652990579605102539e-01,-1.319920271635055542e-01,-6.518882513046264648e-01,-4.828557968139648438e-01,-6.426849365234375000e-01,5.376288294792175293e-01,-4.216254055500030518e-01,4.206032454967498779e-01,-5.053096413612365723e-01,-5.712153390049934387e-02,4.110301136970520020e-01,2.772991359233856201e-01,3.336488306522369385e-01,5.896307229995727539e-01,-6.929708272218704224e-02,4.809127151966094971e-01,-4.397690296173095703e-01,5.563104152679443359e-01,1.217911317944526672e-01,-5.096786022186279297e-01,-8.115968108177185059e-02,-6.201651096343994141e-01,5.667462944984436035e-01,1.149118170142173767e-01,-4.960671067237854004e-01,4.564013779163360596e-01,-5.116577744483947754e-01,-9.045609831809997559e-02,-2.451581209897994995e-01,6.227743253111839294e-02,-4.332182407379150391e-01,-4.402633383870124817e-02,1.479330509901046753e-01,1.540147662162780762e-01,5.205866694450378418e-01,5.804592967033386230e-01,-3.500936031341552734e-01,-5.531290769577026367e-01,4.179171100258827209e-02,-5.454927682876586914e-01,4.135426282882690430e-01,-1.347186416387557983e-01,2.643119096755981445e-01,-4.631698429584503174e-01,4.436167180538177490e-01,4.254291951656341553e-01,-6.433605551719665527e-01,4.296984970569610596e-01,-2.361661195755004883e-01,5.445917844772338867e-01,-1.145888119935989380e-01,-2.652547657489776611e-01,-6.106319427490234375e-01,-1.802547574043273926e-01,-2.582412958145141602e-02,-1.268309205770492554e-01,-5.902383327484130859e-01,2.572658956050872803e-01
6.832888126373291016e-01,-6.706479191780090332e-01,7.495396733283996582e-01,3.496381342411041260e-01,-8.710172772407531738e-01,-6.449052691459655762e-01,3.368496596813201904e-01,-4.903287589550018311e-01,9.413020610809326172e-01,-7.453520894050598145e-01,8.296539783477783203e-01,6.940894722938537598e-01,-7.381464838981628418e-01,8.892853856086730957e-01,-5.720373392105102539e-01,6.188305616378784180e-01,-8.898308873176574707e-01,-1.043706312775611877e-01,8.860165476799011230e-01,3.789698183536529541e-01,-4.331724047660827637e-01,-7.520999908447265625e-01,5.713579654693603516e-01,8.014881610870361328e-01,-8.394669890403747559e-01,2.595489621162414551e-01,3.632915616035461426e-01,-6.331741809844970703e-01,-4.243274629116058350e-01,-3.467901647090911865e-01,-5.737393498420715332e-01,3.800903558731079102e-01,-7.871327400207519531e-01,-5.727608203887939453e-01,6.320191621780395508e-01,-6.539116501808166504e-01,6.975336670875549316e-01,-8.578821420669555664e-01,-8.288343548774719238e-01,8.434217572212219238e-01,-1.451386511325836182e-02,-8.198824524879455566e-01,5.449727550148963928e-02,-8.241034150123596191e-01,-4.120920598506927490e-01,3.631968796253204346e-01,5.455380678176879883e-01,-8.342864513397216797e-01,-3.946776986122131348e-01,5.698440074920654297e-01,-6.857930682599544525e-03,-8.185713291168212891e-01,-7.673189789056777954e-02,5.655836462974548340e-01,-1.301004737615585327e-01,4.220150709152221680e-01,-8.821839690208435059e-01,-6.313352584838867188e-01,-8.631300330162048340e-01,-7.089097499847412109e-01,4.053812026977539062e-01,2.142200767993927002e-01,-5.054158568382263184e-01,-1.287004910409450531e-02,-3.382079768925905228e-03,8.676523566246032715e-01,6.966637372970581055e-01,1.412723809480667114e-01,6.388965249061584473e-01,7.088977098464965820e-01,8.976585268974304199e-01,-3.713832497596740723e-01,8.314533233642578125e-01,7.869192361831665039e-01,7.514096498489379883e-01,-4.512596130371093750e-01,5.885025858879089355e-01,-6.908408999443054199e-01,5.391249898821115494e-03,-1.021367907524108887e-01,-7.757045626640319824e-01,-3.447648286819458008e-01,-2.518534958362579346e-01,-8.381309509277343750e-01,2.999100983142852783e-01,-5.891799330711364746e-01,5.887843966484069824e-01,-8.602182865142822266e-01,1.587029732763767242e-02,8.409783244132995605e-01,3.429717719554901123e-01,8.379443883895874023e-01,-8.655635714530944824e-01,-2.315398752689361572e-01,8.774161934852600098e-01,-9.049553275108337402e-01,8.106346726417541504e-01,1.212883815169334412e-01,1.314971782267093658e-02,-3.304957225918769836e-02,8.232293128967285156e-01,2.507320940494537354e-01,-3.501307666301727295e-01,-2.467050999402999878e-01,-8.489822745323181152e-01,-8.499504923820495605e-01,7.282696366310119629e-01,9.079666733741760254e-01,-7.546786218881607056e-02,8.631626367568969727e-01,-3.427273333072662354e-01,4.910828471183776855e-01,-6.299774646759033203e-01,4.605892598628997803e-01,-8.436440825462341309e-01,-8.033110499382019043e-01,8.246003389358520508e-01,-6.284794807434082031e-01,-2.336669415235519409e-01,-8.415529727935791016e-01,-6.127849817276000977e-01,6.435043811798095703e-01,6.238963007926940918e-01,2.870075106620788574e-01,4.300603568553924561e-01,-4.223624244332313538e-02,8.846533298492431641e-01,-2.360877245664596558e-01
-6.567255854606628418e-01,3.481635153293609619e-01,-7.092127799987792969e-01,5.371367186307907104e-02,8.044252991676330566e-01,8.241164684295654297e-01,-3.906856179237365723e-01,3.556899726390838623e-01,-7.453520894050598145e-01,8.021435737609863281e-01,-9.201996922492980957e-01,-3.311903476715087891e-01,9.169173836708068848e-01,-9.120309352874755859e-01,1.620860397815704346e-01,-4.213070869445800781e-01,6.921218037605285645e-01,5.375123620033264160e-01,-8.793528079986572266e-01,-2.054804712533950806e-01,-2.483993396162986755e-02,8.533526062965393066e-01,-1.871362924575805664e-01,-5.854682922363281250e-01,8.708740472793579102e-01,-2.531916499137878418e-01,-5.803200006484985352e-01,2.627955973148345947e-01,5.921959280967712402e-01,2.543399035930633545e-01,3.284595310688018799e-01,-7.407640218734741211e-01,7.140510082244873047e-01,1.469230949878692627e-01,-2.549055516719818115e-01,5.658326148986816406e-01,-3.410254120826721191e-01,6.775697469711303711e-01,9.141154885292053223e-01,-9.076747894287109375e-01,-3.372649550437927246e-01,6.155143380165100098e-01,3.317852318286895752e-01,6.889040470123291016e-01,-3.010217659175395966e-02,4.608883708715438843e-02,-1.362647712230682373e-01,6.683779358863830566e-01,3.271889090538024902e-01,-1.696662902832031250e-01,2.586580812931060791e-01,6.304410696029663086e-01,4.502029716968536377e-01,-2.359741926193237305e-01,4.898388385772705078e-01,-6.888234615325927734e-01,7.158489227294921875e-01,2.478134632110595703e-01,7.147882580757141113e-01,4.511456787586212158e-01,-6.981031298637390137e-01,2.365170270204544067e-01,3.858754932880401611e-01,-3.757352232933044434e-01,-4.389849901199340820e-01,-7.909336090087890625e-01,-4.140956103801727295e-01,3.102084696292877197e-01,-4.287370443344116211e-01,-7.710628509521484375e-01,-8.630312681198120117e-01,6.083558797836303711e-01,-7.327712774276733398e-01,-9.306809306144714355e-01,-5.359824299812316895e-01,1.765471696853637695e-01,-2.805143296718597412e-01,3.077912926673889160e-01,-2.579606175422668457e-01,-3.322742283344268799e-01,9.300243854522705078e-01,1.076071634888648987e-01,-3.613563627004623413e-02,7.000585794448852539e-01,-6.799006462097167969e-01,8.260042667388916016e-01,-8.333876132965087891e-01,8.268214464187622070e-01,-3.980084359645843506e-01,-8.307113051414489746e-01,-2.778331339359283447e-01,-8.735198974609375000e-01,5.867345929145812988e-01,6.174994111061096191e-01,-7.721583247184753418e-01,7.702699303627014160e-01,-7.142856717109680176e-01,-8.779765665531158447e-02,4.161945283412933350e-01,4.416576623916625977e-01,-5.712347030639648438e-01,-6.462352275848388672e-01,-7.396248728036880493e-02,-9.458332508802413940e-02,9.474173784255981445e-01,5.757466554641723633e-01,-9.292659759521484375e-01,-8.007797598838806152e-01,5.018081068992614746e-01,-7.956027388572692871e-01,6.775138378143310547e-01,-6.614987254142761230e-01,3.755604922771453857e-01,-6.507249474525451660e-01,9.060728549957275391e-01,8.755167126655578613e-01,-5.568390488624572754e-01,2.691180109977722168e-01,5.799930691719055176e-01,7.707484960556030273e-01,7.089959979057312012e-01,-8.700549602508544922e-01,-2.698271274566650391e-01,-5.857823491096496582e-01,-7.375910282135009766e-01,4.503656625747680664e-01,-7.867036461830139160e-01,5.927667617797851562e-01
6.584162116050720215e-01,-4.690244495868682861e-01,8.356612324714660645e-01,-3.977548331022262573e-03,-8.964022994041442871e-01,-8.875967264175415039e-01,5.428687334060668945e-01,-5.404095649719238281e-01,8.296539783477783203e-01,-9.201996922492980957e-01,9.891518354415893555e-01,4.014896452426910400e-01,-9.690697193145751953e-01,9.371333122253417969e-01,-2.579118013381958008e-01,4.929499030113220215e-01,-8.155656456947326660e-01,-5.466873645782470703e-01,9.250533580780029297e-01,1.744061857461929321e-01,2.378236316144466400e-02,-9.357994198799133301e-01,2.333116084337234497e-01,6.726902127265930176e-01,-9.276887774467468262e-01,3.684637844562530518e-01,6.549406647682189941e-01,-3.116439282894134521e-01,-5.742204189300537109e-01,-2.396341413259506226e-01,-3.174086213111877441e-01,7.777785658836364746e-01,-7.921926975250244141e-01,-1.794756203889846802e-01,3.487400412559509277e-01,-6.800937652587890625e-01,4.393115341663360596e-01,-8.474444746971130371e-01,-9.601619243621826172e-01,9.794419407844543457e-01,3.259821832180023193e-01,-7.738637924194335938e-01,-3.045062124729156494e-01,-8.810302615165710449e-01,-4.212215915322303772e-02,-1.455173362046480179e-02,1.931895762681961060e-01,-7.663658857345581055e-01,-4.522379934787750244e-01,2.075322568416595459e-01,-3.135600090026855469e-01,-7.496902346611022949e-01,-4.786318540573120117e-01,3.287903070449829102e-01,-5.087196230888366699e-01,7.677990198135375977e-01,-8.098283410072326660e-01,-3.394434452056884766e-01,-7.740843892097473145e-01,-6.584113240242004395e-01,7.686914205551147461e-01,-2.535502612590789795e-01,-5.551000833511352539e-01,4.547186493873596191e-01,4.140414893627166748e-01,8.997936248779296875e-01,4.874719083309173584e-01,-3.216410577297210693e-01,5.286673903465270996e-01,8.262532353401184082e-01,9.493491053581237793e-01,-5.444151163101196289e-01,7.991437911987304688e-01,9.801318049430847168e-01,6.804975271224975586e-01,-2.123004794120788574e-01,4.121923744678497314e-01,-3.494670987129211426e-01,3.632866442203521729e-01,3.693913519382476807e-01,-9.533672332763671875e-01,-1.627262830734252930e-01,6.000997498631477356e-02,-8.510132431983947754e-01,6.964693069458007812e-01,-8.811435699462890625e-01,8.926864862442016602e-01,-9.407001137733459473e-01,4.073740839958190918e-01,9.474704861640930176e-01,3.941187560558319092e-01,9.693222641944885254e-01,-6.853786110877990723e-01,-6.561773419380187988e-01,8.115375041961669922e-01,-8.298709988594055176e-01,7.707487344741821289e-01,1.244195327162742615e-01,-4.008036553859710693e-01,-4.734666943550109863e-01,6.595461368560791016e-01,6.528421044349670410e-01,7.139218598604202271e-02,1.409095823764801025e-01,-9.847570657730102539e-01,-6.664060354232788086e-01,9.526587128639221191e-01,8.861601948738098145e-01,-5.142207145690917969e-01,9.017646908760070801e-01,-7.228849530220031738e-01,6.804141402244567871e-01,-4.843833744525909424e-01,8.034453392028808594e-01,-9.647063016891479492e-01,-9.098144769668579102e-01,6.175278425216674805e-01,-3.522604703903198242e-01,-5.396671295166015625e-01,-8.930423259735107422e-01,-7.007116675376892090e-01,9.016098976135253906e-01,3.463632166385650635e-01,6.209235787391662598e-01,7.023381590843200684e-01,-4.545364379882812500e-01,9.009205102920532227e-01,-6.652781367301940918e-01
3.977736830711364746e-01,-6.815364956855773926e-01,5.193003416061401367e-01,7.866514921188354492e-01,-6.394975781440734863e-01,-7.717394828796386719e-02,2.884564399719238281e-01,-4.924762248992919922e-01,6.940894722938537598e-01,-3.311903476715087891e-01,4.014896452426910400e-01,8.629483580589294434e-01,-3.046200275421142578e-01,5.313190221786499023e-01,-7.846887707710266113e-01,5.613275170326232910e-01,-7.254325747489929199e-01,4.732820987701416016e-01,5.425443053245544434e-01,1.801004856824874878e-01,-7.966870665550231934e-01,-2.600669860839843750e-01,8.919764757156372070e-01,8.527486324310302734e-01,-5.505039691925048828e-01,5.681210756301879883e-02,-2.129355072975158691e-01,-9.051787257194519043e-01,1.458868086338043213e-01,-5.447894930839538574e-01,-6.981445550918579102e-01,-1.039788052439689636e-01,-6.817049384117126465e-01,-8.368444442749023438e-01,7.518612742424011230e-01,-2.772755622863769531e-01,7.111495137214660645e-01,-6.305165290832519531e-01,-4.794994592666625977e-01,4.626373052597045898e-01,-4.901495873928070068e-01,-6.584483385086059570e-01,6.256188154220581055e-01,-5.552799105644226074e-01,-8.035248517990112305e-01,8.050380945205688477e-01,7.651038765907287598e-01,-7.830653786659240723e-01,-1.645647585391998291e-01,8.878973722457885742e-01,5.360811352729797363e-01,-7.733541131019592285e-01,4.018236696720123291e-01,8.138599991798400879e-01,2.205420881509780884e-01,-1.616057157516479492e-01,-7.697921395301818848e-01,-8.055724501609802246e-01,-8.131976127624511719e-01,-5.686827898025512695e-01,-1.844096183776855469e-01,6.487002372741699219e-01,-3.541925251483917236e-01,-5.249951481819152832e-01,-5.561563968658447266e-01,6.197834014892578125e-01,8.309947252273559570e-01,6.600599884986877441e-01,7.522237300872802734e-01,4.528311491012573242e-01,6.102864146232604980e-01,-9.541595727205276489e-02,7.475168704986572266e-01,3.147267699241638184e-01,7.220280766487121582e-01,-7.749119400978088379e-01,6.248515844345092773e-01,-8.952103257179260254e-01,-2.617988884449005127e-01,-5.548575520515441895e-01,-3.472735583782196045e-01,-4.604409337043762207e-01,-7.040960192680358887e-01,-6.509898900985717773e-01,-3.027000725269317627e-01,-9.850187599658966064e-02,1.458591073751449585e-01,-5.439376235008239746e-01,-5.125416517257690430e-01,4.648574888706207275e-01,1.169698871672153473e-02,4.715621471405029297e-01,-7.669371366500854492e-01,3.439277112483978271e-01,7.387930154800415039e-01,-7.164699435234069824e-01,6.774449348449707031e-01,9.249757975339889526e-02,5.586553812026977539e-01,5.080277323722839355e-01,7.594231963157653809e-01,-3.362681865692138672e-01,-6.769070029258728027e-01,-6.147113442420959473e-01,-4.297268986701965332e-01,-6.998982429504394531e-01,2.034963518381118774e-01,6.722046732902526855e-01,4.193746447563171387e-01,6.136214733123779297e-01,8.107416331768035889e-02,9.305690973997116089e-02,-4.652469754219055176e-01,2.549380622804164886e-02,-3.848063647747039795e-01,-4.642016291618347168e-01,9.195658564567565918e-01,-7.881975173950195312e-01,2.835269570350646973e-01,-5.968879461288452148e-01,-1.095888763666152954e-01,8.273987472057342529e-02,8.656280636787414551e-01,-1.553235948085784912e-01,-3.852417320013046265e-02,4.464340209960937500e-01,6.391313076019287109e-01,3.229714930057525635e-01
