4.831312596797943115e-01,2.075488911941647530e-03,-4.663916304707527161e-02,-6.150522828102111816e-02,1.712572723627090454e-01,-1.139297559857368469e-01,1.188318431377410889e-01,3.528319895267486572e-01,7.751200348138809204e-02,2.899232134222984314e-02,-9.023690223693847656e-02,-3.136118128895759583e-02,3.585192607715725899e-03,1.954084187746047974e-01,1.600504517555236816e-01,7.246156036853790283e-02,5.031089764088392258e-03,-6.009454280138015747e-02,1.402558535337448120e-01,7.056979462504386902e-03,-9.755752235651016235e-02,-2.134117484092712402e-02,-5.130142346024513245e-02,5.382436141371726990e-02,-6.908049341291189194e-03,-3.953588008880615234e-02,7.537442445755004883e-02,-2.164478152990341187e-01,-1.790429092943668365e-02,-1.689595431089401245e-01,-1.502845883369445801e-01,6.771603133529424667e-03,-1.085187029093503952e-02,-3.240775084123015404e-03,-2.703897096216678619e-02,-1.096992287784814835e-02,-3.476335108280181885e-02,1.664794608950614929e-02,-2.525374293327331543e-01,-3.491515815258026123e-01,1.359420716762542725e-01,8.832547068595886230e-02,-1.158904582262039185e-01,1.054059993475675583e-02,1.314961351454257965e-02,1.121129840612411499e-03,-1.193537563085556030e-01,-9.584023058414459229e-02,4.751372337341308594e-02,6.871333718299865723e-02,-1.047095060348510742e-01,-2.308356948196887970e-02,1.382634639739990234e-01,-5.207964405417442322e-02,-7.819279283285140991e-02,-8.717866241931915283e-02,3.684155642986297607e-02,6.699586287140846252e-03,1.557870861142873764e-02,-7.402898278087377548e-03,-6.233810563571751118e-04,-2.027862705290317535e-02,8.053380995988845825e-03,1.025217548012733459e-01,-7.862061262130737305e-03,1.930123753845691681e-02,-1.190388277173042297e-01,1.298965960741043091e-01,-3.072837367653846741e-02,1.418886929750442505e-01,-1.454213857650756836e-01,-4.671195056289434433e-03,7.385799288749694824e-02,7.516711205244064331e-02,-8.721079677343368530e-02,-1.302736848592758179e-01,-1.753648044541478157e-03,3.956395387649536133e-02,-1.409103423357009888e-01,-1.768178120255470276e-02,5.565460305660963058e-04,6.398048135451972485e-04,-1.894087940454483032e-01,-5.343181081116199493e-03,-2.437538355588912964e-01,2.251124568283557892e-02,2.127455025911331177e-01,-2.347235335037112236e-03,-7.125389575958251953e-02,3.710183873772621155e-02,-1.030316054821014404e-01,3.227409720420837402e-02,1.536018699407577515e-01,-1.466792821884155273e-01,-2.181157469749450684e-04,-2.297089993953704834e-01,1.963279843330383301e-01,-1.801900943974032998e-04,-1.349875628948211670e-01,2.340450584888458252e-01,-6.877116858959197998e-02,2.171973735094070435e-01,1.070227567106485367e-02,-1.721891947090625763e-02,-8.014713972806930542e-02,2.466078400611877441e-01,1.320941895246505737e-01,1.006823107600212097e-01,-2.701494991779327393e-01,1.759225875139236450e-02,-3.290741518139839172e-02,1.030240654945373535e-01,4.213377833366394043e-02,-1.723343878984451294e-01,8.359086513519287109e-02,-6.571664661169052124e-02,3.167286515235900879e-01,-9.642483294010162354e-02,-2.601136565208435059e-01,-1.890764944255352020e-02,-9.386681765317916870e-02,1.258399635553359985e-01,1.079068705439567566e-01,8.760551363229751587e-02,9.192989021539688110e-02,-9.291569143533706665e-02,-1.805998757481575012e-02,2.269915118813514709e-02
2.075488911941647530e-03,2.042044512927532196e-02,-1.191188469529151917e-01,8.600935339927673340e-02,5.934041365981101990e-02,-1.407129038125276566e-02,6.585883675143122673e-04,5.963646993041038513e-02,2.262590639293193817e-02,3.776762634515762329e-02,1.030276902019977570e-02,-5.151572078466415405e-02,1.048606112599372864e-01,4.058437049388885498e-02,1.182972192764282227e-01,1.154251694679260254e-01,-5.619575385935604572e-04,6.114580482244491577e-02,-5.898398905992507935e-02,-4.452316462993621826e-02,-3.454486280679702759e-02,1.183914467692375183e-01,5.882174521684646606e-02,-1.177002489566802979e-02,1.554245594888925552e-02,1.326795965433120728e-01,-1.273115724325180054e-01,-4.031877964735031128e-02,1.022288277745246887e-01,1.218265667557716370e-02,1.597754843533039093e-02,-1.181704849004745483e-01,8.140533417463302612e-02,5.333238095045089722e-02,-4.756509326398372650e-03,-1.296526938676834106e-01,2.366231568157672882e-02,6.078416854143142700e-02,-8.470294624567031860e-02,-5.895730853080749512e-02,1.026453748345375061e-01,5.827668588608503342e-03,1.056562066078186035e-01,1.560061052441596985e-02,8.116951212286949158e-03,-6.314572691917419434e-02,-1.256103217601776123e-01,-2.806130237877368927e-02,-7.874110713601112366e-03,1.593779772520065308e-02,1.382129080593585968e-02,-1.872074557468295097e-03,3.317013382911682129e-02,-3.711455501616001129e-03,-1.460572984069585800e-02,-1.317847520112991333e-01,2.879198454320430756e-02,1.104742288589477539e-02,-3.999880701303482056e-02,-6.105815246701240540e-02,-9.589844383299350739e-03,1.148306112736463547e-02,3.891892498359084129e-03,-1.420374261215329170e-03,-4.947375506162643433e-03,-3.090270049870014191e-02,3.893445804715156555e-02,1.181553378701210022e-01,-1.168672665953636169e-01,9.946240112185478210e-03,-9.333917498588562012e-02,-1.181834377348423004e-03,-3.068151883780956268e-02,1.202489361166954041e-01,-2.352339774370193481e-02,-1.023595035076141357e-01,-2.873135032132267952e-03,1.347761601209640503e-01,-3.433968871831893921e-02,-1.102860793471336365e-01,1.197716742753982544e-01,1.238144584931433201e-03,-9.166894853115081787e-02,3.395166713744401932e-03,-8.479053527116775513e-02,-1.117166504263877869e-01,2.319429814815521240e-02,6.349721923470497131e-03,4.444456472992897034e-02,4.766574129462242126e-02,-2.459899894893169403e-02,-1.779221370816230774e-02,-9.737114608287811279e-02,4.370336234569549561e-02,-1.071599423885345459e-01,7.316993083804845810e-03,5.336297675967216492e-02,-1.279554999200627208e-04,-8.960031718015670776e-02,3.456539288163185120e-02,-2.681315690279006958e-02,2.110736444592475891e-02,-1.310707330703735352e-01,-4.615765437483787537e-02,1.379291266202926636e-01,-1.063891034573316574e-02,-7.758560031652450562e-02,-1.157722622156143188e-01,-8.516430854797363281e-03,-1.032210141420364380e-02,7.317800074815750122e-02,-3.798764199018478394e-02,-1.107023805379867554e-01,-3.412980004213750362e-04,1.364761739969253540e-01,-1.122526302933692932e-01,5.801032483577728271e-02,3.695498406887054443e-02,-1.169234961271286011e-01,3.589493036270141602e-02,3.095992095768451691e-02,8.277866244316101074e-02,1.151585280895233154e-01,-4.870488494634628296e-02,-7.296951115131378174e-02,-3.712090104818344116e-02,4.677488002926111221e-03,5.896318331360816956e-02
-4.663916304707527161e-02,-1.191188469529151917e-01,7.536898255348205566e-01,-5.747094750404357910e-01,-3.439029753208160400e-01,2.163847163319587708e-02,-6.551219522953033447e-02,-4.190454781055450439e-01,-1.263145059347152710e-01,-2.571607530117034912e-01,-4.700830951333045959e-02,3.487528562545776367e-01,-6.109197735786437988e-01,-3.154130280017852783e-01,-7.216802239418029785e-01,-6.901041865348815918e-01,-3.205184126272797585e-03,-3.261779844760894775e-01,3.949902057647705078e-01,3.162045776844024658e-01,2.229050397872924805e-01,-7.328589558601379395e-01,-4.335668683052062988e-01,1.373151242733001709e-01,-1.033803448081016541e-01,-7.426092624664306641e-01,7.295984029769897461e-01,2.158323973417282104e-01,-6.644650697708129883e-01,-3.159666061401367188e-02,-6.047706678509712219e-02,7.270209789276123047e-01,-5.218534469604492188e-01,-3.921194672584533691e-01,3.962227702140808105e-02,7.629730701446533203e-01,-1.515153646469116211e-01,-3.984339833259582520e-01,5.458938479423522949e-01,4.320794641971588135e-01,-6.359885931015014648e-01,-4.790880531072616577e-02,-6.080678105354309082e-01,-1.050406396389007568e-01,-5.332760885357856750e-02,4.318467676639556885e-01,7.661481499671936035e-01,1.950499862432479858e-01,2.887962386012077332e-02,-1.518557779490947723e-02,-1.040361076593399048e-01,7.545030210167169571e-03,-2.292822152376174927e-01,9.412588179111480713e-02,9.049787372350692749e-02,7.830879092216491699e-01,-2.179102897644042969e-01,-7.496499270200729370e-02,1.914511919021606445e-01,3.988080918788909912e-01,1.020191386342048645e-01,-1.142523884773254395e-01,-2.801664173603057861e-02,-1.220149081200361252e-02,3.243313729763031006e-02,1.964741051197052002e-01,-1.981146931648254395e-01,-6.979004740715026855e-01,7.122290730476379395e-01,-4.299874231219291687e-02,6.334658861160278320e-01,4.836504533886909485e-02,1.863049268722534180e-01,-7.477600574493408203e-01,1.478412449359893799e-01,6.335063576698303223e-01,1.694869808852672577e-02,-8.151960372924804688e-01,2.739573121070861816e-01,7.104631066322326660e-01,-7.572433352470397949e-01,-8.654092438519001007e-03,5.887951850891113281e-01,-1.909806951880455017e-02,5.658127069473266602e-01,6.039293408393859863e-01,-1.803759783506393433e-01,-3.947203978896141052e-02,-2.429156452417373657e-01,-3.409555554389953613e-01,1.615758687257766724e-01,1.165059432387351990e-01,5.933312773704528809e-01,-2.700169384479522705e-01,6.780449151992797852e-01,1.497447211295366287e-02,-3.312268853187561035e-01,8.908942691050469875e-04,5.965569019317626953e-01,-2.896735966205596924e-01,2.322865873575210571e-01,-1.762984991073608398e-01,7.782890200614929199e-01,3.075006008148193359e-01,-7.992777228355407715e-01,-4.213011264801025391e-02,5.116348266601562500e-01,6.860046982765197754e-01,4.139677435159683228e-02,6.663653254508972168e-02,-4.748809039592742920e-01,3.279403150081634521e-01,6.802949905395507812e-01,-1.128090620040893555e-01,-7.836645245552062988e-01,6.775683760643005371e-01,-4.093203544616699219e-01,-2.697439789772033691e-01,7.382552027702331543e-01,-2.399322986602783203e-01,-1.817674189805984497e-01,-5.705518722534179688e-01,-7.085013389587402344e-01,2.722553610801696777e-01,5.224325060844421387e-01,3.089212775230407715e-01,-5.293752625584602356e-02,-4.157526195049285889e-01
-6.150522828102111816e-02,8.600935339927673340e-02,-5.747094750404357910e-01,5.996741652488708496e-01,1.697250902652740479e-01,6.600680202245712280e-02,1.278766663745045662e-03,2.216361761093139648e-01,7.250443845987319946e-02,1.843274384737014771e-01,-3.637386718764901161e-03,-2.623631954193115234e-01,3.566459119319915771e-01,3.129107058048248291e-01,5.187171101570129395e-01,4.726789891719818115e-01,4.220299422740936279e-03,3.063654601573944092e-01,-3.683705031871795654e-01,-2.134555578231811523e-01,-3.213395774364471436e-01,6.138641834259033203e-01,3.294968903064727783e-01,-1.377001851797103882e-01,8.786417543888092041e-02,5.496373772621154785e-01,-5.306819081306457520e-01,-3.786758519709110260e-03,4.235793948173522949e-01,1.470134407281875610e-01,8.479378372430801392e-02,-6.250428557395935059e-01,4.883696734905242920e-01,2.409143894910812378e-01,-1.224923226982355118e-02,-5.905948281288146973e-01,1.389270871877670288e-01,2.759564518928527832e-01,-2.489094585180282593e-01,-4.039129316806793213e-01,4.944635331630706787e-01,4.481958597898483276e-02,4.735955595970153809e-01,7.326488196849822998e-02,-1.195160113275051117e-02,-1.632004082202911377e-01,-5.524406433105468750e-01,-1.862423419952392578e-01,-4.025771096348762512e-02,7.014458626508712769e-02,1.233268529176712036e-01,3.248694539070129395e-02,2.012300491333007812e-01,-1.382164508104324341e-01,7.977323234081268311e-02,-5.706226825714111328e-01,1.753131598234176636e-01,4.828432574868202209e-02,-9.760764986276626587e-02,-3.409490287303924561e-01,-1.575253009796142578e-01,1.321290433406829834e-01,2.615773677825927734e-02,2.102872915565967560e-02,7.648294791579246521e-03,-1.483018398284912109e-01,1.709538996219635010e-01,5.048732757568359375e-01,-5.345517396926879883e-01,-4.445327073335647583e-02,-4.416162073612213135e-01,1.481512039899826050e-01,-2.036390155553817749e-01,5.810641050338745117e-01,-1.063851043581962585e-01,-5.179724097251892090e-01,-6.861617788672447205e-03,6.130775809288024902e-01,-3.616663515567779541e-01,-5.507987141609191895e-01,6.999021768569946289e-01,6.472312379628419876e-03,-3.563240468502044678e-01,1.747841015458106995e-02,-4.430815577507019043e-01,-3.762941956520080566e-01,-3.309524059295654297e-02,2.672114968299865723e-02,1.402499824762344360e-01,2.418881505727767944e-01,-7.662148028612136841e-02,-1.948969811201095581e-01,-6.028498411178588867e-01,3.306075334548950195e-01,-5.762425065040588379e-01,3.870432078838348389e-02,2.076625078916549683e-01,-6.298005464486777782e-04,-3.575826585292816162e-01,1.626885235309600830e-01,-1.311251521110534668e-01,-1.952063478529453278e-02,-6.755524873733520508e-01,-2.171513140201568604e-01,6.641954183578491211e-01,1.157172918319702148e-01,-5.787911415100097656e-01,-5.694482326507568359e-01,6.564089655876159668e-02,-5.602538958191871643e-02,5.449652671813964844e-01,-3.639272749423980713e-01,-5.796784162521362305e-01,1.577066481113433838e-01,5.655239820480346680e-01,-4.656488597393035889e-01,1.727862209081649780e-01,1.876067519187927246e-01,-5.581178069114685059e-01,2.241163104772567749e-01,1.277353465557098389e-01,4.483887851238250732e-01,5.318602323532104492e-01,-2.260597944259643555e-01,-3.854082226753234863e-01,-2.306266278028488159e-01,3.583801165223121643e-02,3.301802873611450195e-01
1.712572723627090454e-01,5.934041365981101990e-02,-3.439029753208160400e-01,1.697250902652740479e-01,2.768241465091705322e-01,-1.097466051578521729e-01,6.037767231464385986e-02,3.209767937660217285e-01,7.454199343919754028e-02,1.141358986496925354e-01,5.488215479999780655e-03,-1.491173058748245239e-01,3.347733914852142334e-01,9.330944716930389404e-02,3.933385610580444336e-01,3.681073486804962158e-01,-2.632889663800597191e-03,1.442730128765106201e-01,-1.028040573000907898e-01,-1.237724944949150085e-01,-3.961002081632614136e-02,3.005383014678955078e-01,1.208816692233085632e-01,1.185917854309082031e-02,3.529642894864082336e-02,3.729662001132965088e-01,-3.541606664657592773e-01,-2.483118921518325806e-01,3.201465606689453125e-01,-8.175385743379592896e-02,-1.106345746666193008e-02,-2.835249304771423340e-01,1.904274076223373413e-01,1.416028589010238647e-01,-2.590451203286647797e-02,-3.562773168087005615e-01,4.503842070698738098e-02,1.843363642692565918e-01,-4.002613425254821777e-01,-2.243299931287765503e-01,3.389027416706085205e-01,4.289329424500465393e-02,2.543106675148010254e-01,4.852016642689704895e-02,5.355054512619972229e-02,-2.235455960035324097e-01,-4.143957793712615967e-01,-9.599500894546508789e-02,2.534415107220411301e-03,8.466194570064544678e-02,-1.575275696814060211e-02,-2.649041824042797089e-02,1.182470545172691345e-01,1.407963875681161880e-02,-1.216765046119689941e-01,-4.146444201469421387e-01,7.717167586088180542e-02,3.506014496088027954e-02,-1.569162458181381226e-01,-1.553905308246612549e-01,1.307091023772954941e-02,-2.217153087258338928e-03,1.058433577418327332e-02,3.680999577045440674e-02,-1.501007191836833954e-02,-8.041187375783920288e-02,8.353932946920394897e-02,3.917002975940704346e-01,-3.185875713825225830e-01,1.224451139569282532e-01,-3.279978930950164795e-01,-6.249896809458732605e-02,-2.076893299818038940e-02,3.501725196838378906e-01,-9.919418394565582275e-02,-3.379610180854797363e-01,-1.107226032763719559e-02,3.949113786220550537e-01,-8.741319924592971802e-02,-3.021236956119537354e-01,2.868339121341705322e-01,3.342772368341684341e-03,-3.505285680294036865e-01,7.357311900705099106e-03,-3.174891173839569092e-01,-3.562193512916564941e-01,2.004746347665786743e-01,1.804968342185020447e-02,1.185225173830986023e-01,1.446093320846557617e-01,-1.343470066785812378e-01,4.788183607161045074e-03,-1.679615080356597900e-01,1.763786748051643372e-02,-2.780949771404266357e-01,-5.230060964822769165e-02,2.543814182281494141e-01,-4.179308889433741570e-04,-3.083090186119079590e-01,1.959218829870223999e-01,-9.810958057641983032e-02,1.891580820083618164e-01,-3.308521211147308350e-01,-1.395027637481689453e-01,3.634650707244873047e-01,1.617635786533355713e-02,-1.104892268776893616e-01,-2.827554941177368164e-01,-1.650380343198776245e-01,-1.978052593767642975e-02,7.685825973749160767e-02,-1.384522579610347748e-02,-2.697411477565765381e-01,-1.068117320537567139e-01,4.513971507549285889e-01,-3.663641810417175293e-01,2.924192547798156738e-01,7.905521988868713379e-02,-4.144795536994934082e-01,7.210040837526321411e-02,8.492481708526611328e-02,2.551724314689636230e-01,3.580342531204223633e-01,-1.144005060195922852e-01,-1.480957716703414917e-01,-1.003115177154541016e-01,3.088412340730428696e-03,1.753361672163009644e-01
-1.139297559857368469e-01,-1.407129038125276566e-02,2.163847163319587708e-02,6.600680202245712280e-02,-1.097466051578521729e-01,2.108370363712310791e-01,-3.553899005055427551e-02,-6.555910408496856689e-02,-1.294412761926651001e-01,-4.654932394623756409e-02,3.017508052289485931e-02,2.252203039824962616e-02,-1.357640027999877930e-01,8.015329390764236450e-02,-8.957184106111526489e-02,-1.031797751784324646e-01,-3.329124301671981812e-03,-2.582934126257896423e-02,-8.151440881192684174e-03,-1.387991756200790405e-02,7.422502338886260986e-02,-7.903233170509338379e-03,7.237397134304046631e-02,-1.236691232770681381e-02,-1.058958470821380615e-02,-1.550695151090621948e-01,6.553350389003753662e-02,1.321086436510086060e-01,1.802406390197575092e-03,1.463869307190179825e-02,7.819023728370666504e-02,6.423451751470565796e-02,-6.437464058399200439e-02,6.145381927490234375e-02,2.222937997430562973e-03,5.933764576911926270e-02,3.771549789234995842e-03,-5.353277921676635742e-02,1.577516049146652222e-01,-2.153109200298786163e-02,-1.640358716249465942e-01,-2.475590445101261139e-02,4.195489734411239624e-02,-2.446169732138514519e-03,7.880392670631408691e-02,6.269833445549011230e-02,1.019920110702514648e-01,7.938883267343044281e-03,-6.470528244972229004e-02,-7.613082230091094971e-02,1.155679896473884583e-01,-1.002083122730255127e-01,-5.410247296094894409e-02,-7.239524275064468384e-02,4.172836244106292725e-02,7.079005241394042969e-02,1.821373775601387024e-02,-5.819852929562330246e-03,1.045257076621055603e-01,1.289813686162233353e-02,-6.558947265148162842e-03,-2.371323294937610626e-03,-6.992748822085559368e-04,-1.259333193302154541e-01,-1.151720993220806122e-02,3.030008263885974884e-02,7.142181042581796646e-03,-9.510628134012222290e-02,7.137037813663482666e-02,-5.380086600780487061e-02,8.551088720560073853e-02,-9.911073744297027588e-02,-4.112178925424814224e-03,-8.319825679063796997e-02,7.861588895320892334e-02,7.449380308389663696e-02,6.230481900274753571e-03,-7.190778106451034546e-02,1.026370655745267868e-02,6.408426910638809204e-02,-1.386573724448680878e-02,-1.727410271996632218e-04,6.904762983322143555e-02,-5.051176063716411591e-03,1.142942756414413452e-01,1.286588609218597412e-01,-8.210098743438720703e-02,-3.480060724541544914e-03,-1.091767027974128723e-01,-3.414093330502510071e-02,5.860656499862670898e-02,-2.515827119350433350e-02,-1.212805137038230896e-02,5.405174195766448975e-02,7.091661542654037476e-02,1.257617678493261337e-02,-2.893788367509841919e-02,1.116727580665610731e-04,5.546518415212631226e-02,-1.479305773973464966e-01,-1.069904211908578873e-02,-1.726796776056289673e-01,5.944416299462318420e-02,3.683283925056457520e-02,-9.638483822345733643e-02,1.008318588137626648e-01,-1.471097860485315323e-02,2.017333358526229858e-02,1.687376648187637329e-01,6.187754683196544647e-03,5.860032513737678528e-02,-9.970027208328247070e-02,1.025523804128170013e-02,1.083610281348228455e-01,-7.979742437601089478e-02,1.500406861305236816e-01,-8.238060027360916138e-02,2.404884062707424164e-02,1.007937192916870117e-01,-5.348781589418649673e-03,-6.246041739359498024e-04,-7.085038721561431885e-02,-1.018743440508842468e-01,4.750349745154380798e-02,-6.561771035194396973e-02,3.095114603638648987e-02,-2.298343926668167114e-03,-8.672513067722320557e-03
1.188318431377410889e-01,6.585883675143122673e-04,-6.551219522953033447e-02,1.278766663745045662e-03,6.037767231464385986e-02,-3.553899005055427551e-02,1.061834990978240967e-01,1.185375824570655823e-01,2.536810748279094696e-02,3.765119239687919617e-02,-4.503696411848068237e-02,-2.650268189609050751e-02,3.831316903233528137e-02,-1.116522867232561111e-02,7.614751905202865601e-02,4.488223046064376831e-02,5.967480130493640900e-03,-4.799599945545196533e-02,-3.237421857193112373e-03,-2.963790856301784515e-02,-1.990436017513275146e-02,2.342868596315383911e-02,1.484449836425483227e-03,-2.181967720389366150e-02,5.265986546874046326e-03,4.302868619561195374e-02,-2.086353115737438202e-02,-6.578039377927780151e-02,5.721952021121978760e-02,-9.708132594823837280e-02,-7.191243022680282593e-02,-4.319775849580764771e-02,3.672931715846061707e-02,-1.427210634574294090e-03,-1.126721967011690140e-02,-2.386479265987873077e-02,-7.661969866603612900e-03,3.672338277101516724e-02,-1.476461291313171387e-01,-8.300290256738662720e-02,1.106618195772171021e-01,3.298788890242576599e-02,-5.637621879577636719e-02,7.965564727783203125e-03,-3.132190182805061340e-02,-4.796117171645164490e-02,-9.809573739767074585e-02,-2.767873182892799377e-02,5.362538620829582214e-02,8.827484212815761566e-03,-4.340306296944618225e-02,3.844354301691055298e-02,5.060158669948577881e-02,-1.185661833733320236e-02,-4.053663462400436401e-02,-7.024326175451278687e-02,8.087998256087303162e-03,6.398860830813646317e-03,-3.033683262765407562e-02,-7.472553290426731110e-03,-2.533373050391674042e-02,2.504929341375827789e-02,3.605480305850505829e-03,9.246990829706192017e-02,9.091406129300594330e-03,-1.035882811993360519e-02,-4.123727232217788696e-02,6.432075798511505127e-02,-2.817209810018539429e-02,5.174781382083892822e-02,-1.073806807398796082e-01,-5.565274506807327271e-03,4.157318919897079468e-02,7.031650841236114502e-02,-4.768844321370124817e-02,-8.903451263904571533e-02,-2.355193253606557846e-03,8.364894986152648926e-02,-6.406455487012863159e-02,-5.984337255358695984e-02,5.697550624608993530e-02,5.587408668361604214e-04,-7.488384842872619629e-02,-7.990754675120115280e-04,-1.232559457421302795e-01,4.979356890544295311e-04,1.235980167984962463e-01,5.019781528972089291e-04,3.560477169230580330e-03,4.637495428323745728e-02,-5.896569043397903442e-02,1.928841881453990936e-02,2.072464488446712494e-02,-4.974512010812759399e-02,-5.130331963300704956e-02,-8.616759628057479858e-02,5.675932765007019043e-02,-1.416389277437701821e-04,-5.949507281184196472e-02,1.509792357683181763e-01,-4.725689813494682312e-02,1.519891619682312012e-01,-3.896655142307281494e-02,-2.941347099840641022e-02,7.327337563037872314e-02,8.483585715293884277e-02,-1.411342620849609375e-02,1.568829827010631561e-02,-1.195119544863700867e-01,-8.144090534187853336e-04,-6.034164130687713623e-02,-1.595151238143444061e-02,9.994513355195522308e-03,1.986207626760005951e-02,7.122001796960830688e-02,-9.128836542367935181e-02,1.077879816293716431e-01,6.909416057169437408e-03,-1.309684216976165771e-01,2.495285356417298317e-03,2.920318162068724632e-03,8.006187528371810913e-02,7.704516500234603882e-02,6.718764547258615494e-03,1.041491236537694931e-02,-6.121322140097618103e-02,1.540108490735292435e-02,5.907725915312767029e-02
3.528319895267486572e-01,5.963646993041038513e-02,-4.190454781055450439e-01,2.216361761093139648e-01,3.209767937660217285e-01,-6.555910408496856689e-02,1.185375824570655823e-01,5.426943302154541016e-01,5.533066019415855408e-02,1.292330622673034668e-01,-8.672552183270454407e-03,-1.913999319076538086e-01,3.333141505718231201e-01,2.369496226310729980e-01,4.926447868347167969e-01,4.211192131042480469e-01,4.196568334009498358e-04,1.042368784546852112e-01,-7.609903067350387573e-02,-1.477167904376983643e-01,-1.866593025624752045e-02,3.610515892505645752e-01,1.714717596769332886e-01,-2.245121262967586517e-02,3.661399334669113159e-02,3.558821082115173340e-01,-3.472804427146911621e-01,-2.927559614181518555e-01,4.041192233562469482e-01,-1.545622795820236206e-01,-5.422753840684890747e-02,-3.113392293453216553e-01,1.719807684421539307e-01,2.241651266813278198e-01,-4.691807553172111511e-02,-4.138559699058532715e-01,4.102051258087158203e-02,2.111915647983551025e-01,-5.355683565139770508e-01,-4.261126518249511719e-01,3.864931166172027588e-01,7.170724868774414062e-02,2.462285757064819336e-01,6.282553821802139282e-02,1.329982578754425049e-01,-2.659647166728973389e-01,-5.082767009735107422e-01,-1.465175896883010864e-01,4.901424515992403030e-03,2.701525203883647919e-02,2.532044309191405773e-04,-7.788874208927154541e-02,1.699839830398559570e-01,-7.704278081655502319e-02,-1.704244911670684814e-01,-5.040228366851806641e-01,1.363734602928161621e-01,4.533860087394714355e-02,-8.448045700788497925e-02,-1.858389079570770264e-01,-2.049244940280914307e-03,-4.897557082585990429e-04,1.549503020942211151e-02,3.838741686195135117e-03,-2.124852500855922699e-02,-7.590837776660919189e-02,2.114814706146717072e-02,4.475144743919372559e-01,-3.804456591606140137e-01,1.425288468599319458e-01,-4.346517920494079590e-01,-1.556822806596755981e-01,-1.172542615677230060e-04,4.379055798053741455e-01,-1.056871414184570312e-01,-3.888355791568756104e-01,-1.090158428996801376e-02,4.736235439777374268e-01,-1.705106645822525024e-01,-3.580114543437957764e-01,3.525949716567993164e-01,4.523808136582374573e-03,-4.618681967258453369e-01,4.491992294788360596e-03,-4.214248955249786377e-01,-3.379866182804107666e-01,2.798692286014556885e-01,1.945064961910247803e-02,5.328686162829399109e-02,1.928799599409103394e-01,-1.719021499156951904e-01,2.380903996527194977e-02,-1.359605938196182251e-01,-3.766379132866859436e-02,-3.130182325839996338e-01,-1.663229018449783325e-01,3.438586890697479248e-01,-5.489386967383325100e-04,-4.100120663642883301e-01,2.881846725940704346e-01,-1.773093640804290771e-01,2.630078196525573730e-01,-3.751011788845062256e-01,-1.651598811149597168e-01,3.715589642524719238e-01,1.771798133850097656e-01,-7.301025837659835815e-02,-2.937805354595184326e-01,-2.136318087577819824e-01,-1.230209413915872574e-02,1.114714965224266052e-01,-3.373783081769943237e-02,-3.080869317054748535e-01,-9.345871955156326294e-02,5.314667820930480957e-01,-3.959360420703887939e-01,4.417220950126647949e-01,9.285202622413635254e-02,-5.714840888977050781e-01,7.488570362329483032e-02,5.145603045821189880e-02,3.338043391704559326e-01,4.102976918220520020e-01,-3.729435056447982788e-02,-1.917300075292587280e-01,-1.603265553712844849e-01,4.770735744386911392e-03,2.210730463266372681e-01
7.751200348138809204e-02,2.262590639293193817e-02,-1.263145059347152710e-01,7.250443845987319946e-02,7.454199343919754028e-02,-1.294412761926651001e-01,2.536810748279094696e-02,5.533066019415855408e-02,1.416724771261215210e-01,7.604842633008956909e-02,-3.295221179723739624e-02,-6.945769488811492920e-02,1.492563039064407349e-01,4.445261135697364807e-02,1.607315093278884888e-01,1.508198231458663940e-01,7.375662215054035187e-03,5.559614300727844238e-02,-6.772916764020919800e-02,-2.917108312249183655e-02,-1.915767937898635864e-01,1.326052993535995483e-01,2.234395407140254974e-02,-4.389359802007675171e-02,2.924555912613868713e-02,2.196476161479949951e-01,-1.322778910398483276e-01,-5.367526784539222717e-02,4.912422597408294678e-02,4.798815771937370300e-02,-6.290978938341140747e-02,-2.110089063644409180e-01,1.640284955501556396e-01,2.955242060124874115e-03,-1.996913691982626915e-03,-1.588301360607147217e-01,2.583351545035839081e-02,8.666836470365524292e-02,-1.196463555097579956e-01,-8.854959905147552490e-02,2.214564830064773560e-01,3.166503831744194031e-02,3.247248381376266479e-02,1.347172725945711136e-02,-1.018092334270477295e-01,-6.160384789109230042e-02,-1.683837473392486572e-01,-4.522545635700225830e-02,4.946868121623992920e-02,3.952591493725776672e-02,-7.069804519414901733e-02,1.065679416060447693e-01,9.725799411535263062e-02,2.795971231535077095e-04,1.934094913303852081e-02,-1.494571864604949951e-01,2.478026598691940308e-02,1.212995219975709915e-02,-5.778002738952636719e-02,-7.866995781660079956e-02,-5.719956383109092712e-02,5.771185830235481262e-02,7.414589636027812958e-03,1.178025901317596436e-01,5.316554568707942963e-03,-5.075959116220474243e-02,2.802449511364102364e-03,1.477783322334289551e-01,-1.626282483339309692e-01,-3.628996200859546661e-03,-1.381091028451919556e-01,1.417571753263473511e-01,-5.912099406123161316e-02,1.866922974586486816e-01,-8.129104226827621460e-02,-1.371278762817382812e-01,-4.523072391748428345e-03,1.787959039211273193e-01,-1.051157116889953613e-01,-1.695454567670822144e-01,1.818399280309677124e-01,1.606940058991312981e-03,-9.071357548236846924e-02,6.965966429561376572e-03,-1.715094447135925293e-01,-1.228902116417884827e-01,2.372345514595508575e-02,6.254948675632476807e-03,1.071225851774215698e-01,7.717687636613845825e-02,-4.046829417347908020e-02,-4.078691452741622925e-02,-1.232729181647300720e-01,4.891488328576087952e-02,-1.767232716083526611e-01,-1.577649824321269989e-02,2.010994590818881989e-02,-2.108500484609976411e-04,-1.074468567967414856e-01,1.492803245782852173e-01,-2.246132865548133850e-02,1.176905557513237000e-01,-1.973314583301544189e-01,-6.697279214859008789e-02,2.018401175737380981e-01,-3.089030832052230835e-02,-1.422567963600158691e-01,-1.121957525610923767e-01,-9.106424450874328613e-02,-1.825041882693767548e-02,1.364603787660598755e-01,-3.426021710038185120e-02,-1.258000731468200684e-01,-5.130091682076454163e-03,1.287648975849151611e-01,-1.911496073007583618e-01,8.100177347660064697e-02,1.367237698286771774e-02,-1.881672739982604980e-01,6.183146312832832336e-02,-7.614639587700366974e-03,1.488878279924392700e-01,1.802815943956375122e-01,-6.942643970251083374e-02,-4.523119330406188965e-02,-1.140498891472816467e-01,1.824976317584514618e-02,6.270881742238998413e-02
2.899232134222984314e-02,3.776762634515762329e-02,-2.571607530117034912e-01,1.843274384737014771e-01,1.141358986496925354e-01,-4.654932394623756409e-02,3.765119239687919617e-02,1.292330622673034668e-01,7.604842633008956909e-02,9.667299687862396240e-02,-3.209976712241768837e-03,-1.161902025341987610e-01,2.183355689048767090e-01,8.246550709009170532e-02,2.563805580139160156e-01,2.396306246519088745e-01,3.980514593422412872e-03,9.859935194253921509e-02,-1.347145587205886841e-01,-9.632384777069091797e-02,-1.196663603186607361e-01,2.518441379070281982e-01,1.218858212232589722e-01,-5.818742141127586365e-02,3.768626600503921509e-02,2.938665449619293213e-01,-2.561830580234527588e-01,-6.970901787281036377e-02,2.095574438571929932e-01,1.644749380648136139e-02,-7.909254170954227448e-03,-2.811237275600433350e-01,1.977464109659194946e-01,1.006859242916107178e-01,-1.121046766638755798e-02,-2.715361416339874268e-01,4.865853488445281982e-02,1.367609202861785889e-01,-1.989937573671340942e-01,-1.415686905384063721e-01,2.583194077014923096e-01,2.455315552651882172e-02,1.697926968336105347e-01,3.248968720436096191e-02,-2.415071055293083191e-02,-1.378891617059707642e-01,-2.832664251327514648e-01,-6.578869372606277466e-02,1.549963932484388351e-02,1.687023788690567017e-02,2.069077687337994576e-03,4.065167531371116638e-02,9.374680370092391968e-02,-2.467929571866989136e-02,-1.857179589569568634e-02,-2.806679308414459229e-01,6.365101039409637451e-02,2.398994378745555878e-02,-7.403552532196044922e-02,-1.301735341548919678e-01,-5.139728263020515442e-02,5.406797677278518677e-02,9.942766278982162476e-03,5.367841199040412903e-02,-3.892169333994388580e-03,-7.035899907350540161e-02,5.261545628309249878e-02,2.423994243144989014e-01,-2.496377825736999512e-01,1.070977561175823212e-02,-2.243268340826034546e-01,3.515224531292915344e-02,-6.371980160474777222e-02,2.786545753479003906e-01,-6.830336898565292358e-02,-2.262671291828155518e-01,-6.046113092452287674e-03,3.079512417316436768e-01,-1.133500263094902039e-01,-2.602677941322326660e-01,2.904188334941864014e-01,2.820025896653532982e-03,-1.835115700960159302e-01,7.478211075067520142e-03,-2.155762165784835815e-01,-2.028478980064392090e-01,6.027843803167343140e-02,1.245524361729621887e-02,1.009599715471267700e-01,1.193226501345634460e-01,-6.013339385390281677e-02,-4.373362660408020020e-02,-2.084919363260269165e-01,8.669887483119964600e-02,-2.525365054607391357e-01,-9.445943869650363922e-03,9.183636307716369629e-02,-3.147231764160096645e-04,-1.893454492092132568e-01,1.368106007575988770e-01,-7.140766084194183350e-02,9.632827341556549072e-02,-2.973501086235046387e-01,-1.054203361272811890e-01,3.212690353393554688e-01,4.818217363208532333e-03,-2.000982612371444702e-01,-2.285347431898117065e-01,-4.459548369050025940e-02,-2.434593066573143005e-02,1.658814549446105957e-01,-1.067956015467643738e-01,-2.263866811990737915e-01,4.280899837613105774e-02,2.773472368717193604e-01,-2.608481645584106445e-01,1.300954520702362061e-01,8.125223964452743530e-02,-2.804498076438903809e-01,8.451128005981445312e-02,5.149976909160614014e-02,2.016660273075103760e-01,2.616007626056671143e-01,-9.788943082094192505e-02,-1.524612903594970703e-01,-1.207837834954261780e-01,2.312567271292209625e-02,1.387589573860168457e-01
-9.023690223693847656e-02,1.030276902019977570e-02,-4.700830951333045959e-02,-3.637386718764901161e-03,5.488215479999780655e-03,3.017508052289485931e-02,-4.503696411848068237e-02,-8.672552183270454407e-03,-3.295221179723739624e-02,-3.209976712241768837e-03,7.893078774213790894e-02,-1.564867421984672546e-02,8.523616194725036621e-02,-5.918388720601797104e-03,2.961084060370922089e-02,6.149221956729888916e-02,-5.636698566377162933e-03,2.786732092499732971e-02,-1.823884248733520508e-02,-3.410590067505836487e-02,1.229848414659500122e-01,5.187267810106277466e-02,6.827193498611450195e-02,1.504510582890361547e-04,3.139985492452979088e-04,6.442721188068389893e-02,-9.813785552978515625e-02,-1.956754550337791443e-02,1.127038076519966125e-01,1.305389404296875000e-02,6.504431366920471191e-02,-1.433151494711637497e-02,-4.160330817103385925e-02,9.573496133089065552e-02,-5.898836068809032440e-03,-7.918895781040191650e-02,1.127451192587614059e-02,2.367532625794410706e-02,-2.531708963215351105e-02,7.710451632738113403e-02,-4.870258271694183350e-02,-3.723114356398582458e-02,1.229193657636642456e-01,8.884252980351448059e-03,8.799335360527038574e-02,-1.086783632636070251e-01,-3.657734021544456482e-02,3.379133716225624084e-02,-4.430753737688064575e-02,-7.513552904129028320e-02,5.420735105872154236e-02,-7.108325511217117310e-02,-5.221452936530113220e-02,2.467245608568191528e-02,-6.174074858427047729e-02,-6.636802107095718384e-02,1.591803506016731262e-02,7.663697469979524612e-03,-2.514347666874527931e-03,-1.197132654488086700e-02,5.049259588122367859e-02,-3.010586276650428772e-02,-3.489700146019458771e-03,-1.132178157567977905e-01,-2.760000713169574738e-02,-1.052785106003284454e-02,4.563398659229278564e-02,2.315680496394634247e-02,-6.593607366085052490e-02,-1.695687137544155121e-02,1.192876603454351425e-03,-1.464502662420272827e-01,-1.697310246527194977e-02,3.294272720813751221e-02,4.180177673697471619e-02,3.638045117259025574e-02,-2.346073975786566734e-03,6.282208859920501709e-02,1.186212822794914246e-01,-3.568800538778305054e-02,-1.546174869872629642e-03,5.583675228990614414e-04,-3.698848932981491089e-02,2.763849915936589241e-04,7.278139144182205200e-02,-1.017983108758926392e-01,-1.399960368871688843e-03,5.431306082755327225e-03,3.243295848369598389e-02,9.339448995888233185e-03,1.730385050177574158e-02,3.519549593329429626e-02,-1.483315322548151016e-02,7.403408642858266830e-03,-4.930763971060514450e-03,4.796425253152847290e-02,-7.348862476646900177e-03,7.082224328769370914e-06,-5.496913939714431763e-02,-8.707907050848007202e-02,-2.241980843245983124e-02,-4.511415213346481323e-02,-3.198187425732612610e-02,-1.539940759539604187e-02,4.241159558296203613e-02,-1.057334393262863159e-01,4.862425103783607483e-02,-8.182857930660247803e-02,8.384723216295242310e-02,-3.119831671938300133e-03,-1.021248754113912582e-03,1.009939797222614288e-02,-5.516446381807327271e-02,1.128507126122713089e-02,7.000049948692321777e-02,-2.005886100232601166e-02,5.204153712838888168e-03,5.511003360152244568e-02,1.986538432538509369e-02,-1.939651090651750565e-03,3.616854548454284668e-02,-2.732858806848526001e-02,1.238286960870027542e-02,-1.087286695837974548e-02,-9.537662565708160400e-02,2.514260634779930115e-02,9.842196013778448105e-04,-3.070742357522249222e-03
-3.136118128895759583e-02,-5.151572078466415405e-02,3.487528562545776367e-01,-2.623631954193115234e-01,-1.491173058748245239e-01,2.252203039824962616e-02,-2.650268189609050751e-02,-1.913999319076538086e-01,-6.945769488811492920e-02,-1.161902025341987610e-01,-1.564867421984672546e-02,1.571867614984512329e-01,-2.803960144519805908e-01,-1.467795222997665405e-01,-3.446247279644012451e-01,-3.219917416572570801e-01,-2.689479151740670204e-03,-1.417816430330276489e-01,1.737073361873626709e-01,1.308153867721557617e-01,1.192650571465492249e-01,-3.481336534023284912e-01,-1.842467933893203735e-01,7.135052978992462158e-02,-4.717284068465232849e-02,-3.693944513797760010e-01,3.433235287666320801e-01,8.693435043096542358e-02,-3.003516197204589844e-01,-2.759488858282566071e-02,-1.609153486788272858e-02,3.585506081581115723e-01,-2.373701483011245728e-01,-1.662376970052719116e-01,1.738131605088710785e-02,3.731722235679626465e-01,-6.671066582202911377e-02,-1.773186922073364258e-01,2.542678415775299072e-01,2.061246037483215332e-01,-3.066173493862152100e-01,-2.484976314008235931e-02,-2.636762559413909912e-01,-4.570478573441505432e-02,-1.717650704085826874e-02,1.859239339828491211e-01,3.733115494251251221e-01,8.865805715322494507e-02,6.824453361332416534e-03,-3.148331074044108391e-03,-3.353082016110420227e-02,-9.111915715038776398e-03,-1.104948297142982483e-01,4.845112934708595276e-02,3.297027945518493652e-02,3.811764419078826904e-01,-9.840183705091476440e-02,-3.317767754197120667e-02,7.400132715702056885e-02,1.785510778427124023e-01,5.389355495572090149e-02,-5.608159676194190979e-02,-1.277775596827268600e-02,-1.298746932297945023e-02,1.176456641405820847e-02,8.812210708856582642e-02,-7.847560197114944458e-02,-3.205869793891906738e-01,3.373721539974212646e-01,-8.547944016754627228e-03,2.888869643211364746e-01,1.767073292285203934e-03,8.894822746515274048e-02,-3.675639331340789795e-01,6.911159306764602661e-02,2.862402498722076416e-01,7.313645444810390472e-03,-4.067178666591644287e-01,1.359585076570510864e-01,3.400776386260986328e-01,-3.807821273803710938e-01,-3.878122195601463318e-03,2.550425827503204346e-01,-9.093902073800563812e-03,2.635720968246459961e-01,2.769898176193237305e-01,-6.292229890823364258e-02,-1.725762896239757538e-02,-1.119299456477165222e-01,-1.534599214792251587e-01,7.016177475452423096e-02,5.558162555098533630e-02,2.753661274909973145e-01,-1.177841350436210632e-01,3.225271701812744141e-01,7.731561083346605301e-03,-1.363488286733627319e-01,3.990309487562626600e-04,2.628002166748046875e-01,-1.394114792346954346e-01,1.010244786739349365e-01,-8.469022065401077271e-02,3.921514749526977539e-01,1.368638277053833008e-01,-4.062564373016357422e-01,-1.849208585917949677e-02,2.444884479045867920e-01,3.209448456764221191e-01,2.159846201539039612e-02,2.963841892778873444e-02,-2.380498647689819336e-01,1.415528357028961182e-01,3.183087706565856934e-01,-5.153645575046539307e-02,-3.798886835575103760e-01,3.221585452556610107e-01,-1.768201142549514771e-01,-1.162755340337753296e-01,3.658455312252044678e-01,-1.097190380096435547e-01,-7.025884836912155151e-02,-2.556813061237335205e-01,-3.336278498172760010e-01,1.150220632553100586e-01,2.266096919775009155e-01,1.447413265705108643e-01,-2.410222403705120087e-02,-1.791978031396865845e-01
