8.569448590278625488e-01,1.093019768595695496e-01,-3.029491305351257324e-01,-7.147365063428878784e-02,4.269796311855316162e-01,1.555232852697372437e-01,-1.359158754348754883e-01,6.504527926445007324e-01,2.283995449542999268e-01,-1.616224199533462524e-01,-2.156285941600799561e-01,-1.108283083885908127e-02,6.020479798316955566e-01,6.398755908012390137e-01,6.197032928466796875e-01,2.014723867177963257e-01,-1.238616853952407837e-01,-3.018568095285445452e-04,5.887616872787475586e-01,3.339194357395172119e-01,-6.180915236473083496e-01,-3.059031665325164795e-01,3.854098916053771973e-01,-2.207423448562622070e-01,-1.326232999563217163e-01,-7.165009975433349609e-01,1.330398619174957275e-01,-2.853178083896636963e-01,-4.611683189868927002e-01,-6.148110628128051758e-01,-5.791608095169067383e-01,-2.682646177709102631e-02,2.763883173465728760e-01,-3.173633515834808350e-01,-1.904436759650707245e-02,-2.585172951221466064e-01,-2.088533248752355576e-03,3.749452903866767883e-02,-1.864604055881500244e-01,-3.735021352767944336e-01,-8.836248517036437988e-02,2.835684716701507568e-01,-1.091611981391906738e-01,4.474608600139617920e-02,4.609028697013854980e-01,-2.457904368638992310e-01,-1.465429365634918213e-01,-7.327209413051605225e-02,-2.626500278711318970e-02,1.882870048284530640e-01,3.814156353473663330e-01,5.582372546195983887e-01,1.135754734277725220e-01,-2.027578651905059814e-01,5.764815211296081543e-02,-1.593334674835205078e-01,4.719366188510321081e-05,6.257326900959014893e-02,-8.400209248065948486e-02,1.338171958923339844e-01,-9.795726835727691650e-02,2.548452019691467285e-01,5.903069302439689636e-02,-4.320932030677795410e-01,-3.019963949918746948e-02,1.415717601776123047e-01,2.401453107595443726e-01,2.636955678462982178e-01,5.327962338924407959e-02,1.162682399153709412e-01,-2.929101288318634033e-01,-7.394793629646301270e-01,9.513188153505325317e-02,-2.407654374837875366e-01,-1.203136816620826721e-01,-3.155859410762786865e-01,5.118407774716615677e-03,-2.665930688381195068e-01,-4.988968074321746826e-01,-5.800266861915588379e-01,-5.484474301338195801e-01,1.639529597014188766e-03,-4.062199965119361877e-02,5.127844214439392090e-02,1.676435209810733795e-02,4.448035955429077148e-01,-2.209730446338653564e-01,-3.343862295150756836e-02,1.083857640624046326e-01,-8.419517427682876587e-02,4.775398597121238708e-02,-2.371002286672592163e-01,8.062510192394256592e-02,5.368318781256675720e-02,3.212751150131225586e-01,-6.756677627563476562e-01,4.929997622966766357e-01,-2.782559953629970551e-03,-3.153794109821319580e-01,6.574562788009643555e-01,2.172275334596633911e-01,3.555345535278320312e-02,-2.373848296701908112e-02,-1.146007180213928223e-01,-5.663851276040077209e-02,4.080252051353454590e-01,3.333841636776924133e-02,3.227603733539581299e-01,8.706025034189224243e-02,8.632786571979522705e-02,3.268868327140808105e-01,2.014788389205932617e-01,9.550143033266067505e-02,-4.399414956569671631e-01,-3.833018988370895386e-02,-5.184862017631530762e-01,1.001017987728118896e-01,-1.250144541263580322e-01,-5.031115412712097168e-01,-1.077214926481246948e-01,-4.640381038188934326e-01,3.095899820327758789e-01,-1.975649036467075348e-02,-2.568356394767761230e-01,5.727053880691528320e-01,-2.342737019062042236e-01,-2.109943516552448273e-02,5.250601768493652344e-01
1.093019768595695496e-01,3.397952020168304443e-02,-6.849037855863571167e-02,-5.296981334686279297e-02,8.297189325094223022e-02,-6.570757180452346802e-02,-1.505738589912652969e-02,1.010708808898925781e-01,3.753573447465896606e-02,-1.709405519068241119e-02,-1.838948391377925873e-02,-2.232000976800918579e-02,1.029354706406593323e-01,8.605684340000152588e-02,9.952739626169204712e-02,4.171176999807357788e-02,-2.594283083453774452e-03,-3.786618635058403015e-02,8.870342373847961426e-02,4.124822840094566345e-02,-7.206916809082031250e-02,-4.901837185025215149e-02,6.261820346117019653e-02,-4.922990128397941589e-02,-1.436250470578670502e-02,-8.764103055000305176e-02,1.185806654393672943e-02,-3.765070065855979919e-02,-6.980119645595550537e-02,-7.073172181844711304e-02,-7.595109939575195312e-02,1.316270884126424789e-02,4.146175086498260498e-02,-2.870636992156505585e-02,-8.725286461412906647e-03,-5.287433788180351257e-02,-2.930347807705402374e-02,1.636140421032905579e-02,7.871643174439668655e-04,-3.840824961662292480e-02,4.199943691492080688e-02,3.556003794074058533e-02,-3.219876065850257874e-02,8.873700164258480072e-03,8.940176665782928467e-02,-7.419916987419128418e-02,-5.329286307096481323e-02,2.234006114304065704e-02,1.132681407034397125e-02,4.740673117339611053e-03,6.103668361902236938e-03,8.926150202751159668e-02,-9.792330674827098846e-03,3.878350183367729187e-02,-4.424333106726408005e-03,4.312648437917232513e-03,3.008253872394561768e-02,1.881296187639236450e-02,1.202782709151506424e-02,1.131318137049674988e-02,3.859155252575874329e-02,1.266322564333677292e-02,9.944181889295578003e-03,-4.317675903439521790e-02,4.604930989444255829e-03,5.789077375084161758e-03,5.075012519955635071e-02,6.555288285017013550e-02,-4.798638075590133667e-02,8.651922643184661865e-02,-5.779638886451721191e-02,-1.134969964623451233e-01,-2.380926348268985748e-02,-1.861649192869663239e-02,-9.380437433719635010e-03,-5.610357969999313354e-02,-6.545838434249162674e-03,-3.789032343775033951e-03,-7.293218374252319336e-02,-6.192990019917488098e-02,-1.080693900585174561e-01,3.459315514191985130e-03,-2.054968848824501038e-02,1.705775037407875061e-02,4.758182913064956665e-02,-1.069846656173467636e-02,3.553644986823201180e-03,7.126938551664352417e-03,6.600292026996612549e-02,-2.418002858757972717e-02,1.422530878335237503e-02,-5.112607404589653015e-02,-1.211759820580482483e-02,-6.006882991641759872e-03,1.936754584312438965e-02,-5.718721449375152588e-02,7.607584446668624878e-02,-9.928090730682015419e-04,-3.245124593377113342e-02,5.682330206036567688e-02,2.452995814383029938e-02,2.518200688064098358e-02,-2.112276665866374969e-02,-4.812049213796854019e-03,1.280085183680057526e-03,-1.642970740795135498e-02,3.456248342990875244e-02,7.325385510921478271e-02,-4.217679053544998169e-02,-9.743765927851200104e-03,3.695788979530334473e-02,6.376325339078903198e-02,4.324848705437034369e-04,-6.679312884807586670e-02,1.648850925266742706e-02,-9.972006827592849731e-02,-1.682901568710803986e-02,-1.645430456846952438e-03,-1.101220548152923584e-01,-7.989071309566497803e-03,-1.085738241672515869e-01,7.295344769954681396e-02,-9.419188834726810455e-03,-8.372261375188827515e-02,9.807038307189941406e-02,-4.281502962112426758e-02,-4.789923783391714096e-03,3.967701643705368042e-02
-3.029491305351257324e-01,-6.849037855863571167e-02,7.858574986457824707e-01,-2.992374300956726074e-01,-2.602174580097198486e-01,-3.183155134320259094e-02,-5.414999127388000488e-01,-7.421447336673736572e-02,2.637939155101776123e-01,-1.096413508057594299e-01,5.273194313049316406e-01,2.439227402210235596e-01,-5.603355169296264648e-01,2.142744809389114380e-01,-3.782668709754943848e-01,-3.003200888633728027e-01,-1.834913045167922974e-01,1.220101490616798401e-01,8.791605383157730103e-02,3.429870009422302246e-01,6.533669680356979370e-02,-3.013915419578552246e-01,-5.557630062103271484e-01,4.489122927188873291e-01,-3.156818449497222900e-01,-6.070990487933158875e-02,3.112159967422485352e-01,4.142668545246124268e-01,-4.039892852306365967e-01,6.232616901397705078e-01,1.958390176296234131e-01,2.326668426394462585e-02,-2.071037590503692627e-01,-1.573188900947570801e-01,4.582873731851577759e-02,4.526521563529968262e-01,3.614818155765533447e-01,-1.792348623275756836e-01,-4.236609637737274170e-01,7.475478053092956543e-01,7.362136989831924438e-02,-2.265142053365707397e-01,-3.132700622081756592e-01,-1.326914429664611816e-01,-2.720601558685302734e-01,4.826184809207916260e-01,7.559509277343750000e-01,-1.062194257974624634e-01,-7.374711334705352783e-02,1.416295319795608521e-01,-2.239421308040618896e-01,-2.373684346675872803e-01,-4.859385639429092407e-02,-4.230925440788269043e-01,1.984669417142868042e-01,2.778207659721374512e-01,-5.236825942993164062e-01,-1.161258816719055176e-01,-5.218036770820617676e-01,1.172573938965797424e-01,-1.810278296470642090e-01,7.175829261541366577e-02,-1.096430495381355286e-01,-1.926451176404953003e-01,3.987354934215545654e-01,7.379790395498275757e-02,-6.978631615638732910e-01,-5.458250045776367188e-01,-4.936737008392810822e-03,-4.960802495479583740e-01,6.875438690185546875e-01,4.705278575420379639e-01,7.496414333581924438e-02,4.907158017158508301e-01,-1.801327615976333618e-01,6.113649010658264160e-01,9.565605223178863525e-02,-2.334633469581604004e-01,5.155127644538879395e-01,2.906562387943267822e-01,-2.016645073890686035e-01,-4.115058854222297668e-02,6.030923128128051758e-01,-2.142161428928375244e-01,-1.723467707633972168e-01,9.762480854988098145e-02,-3.654693067073822021e-01,-2.609696090221405029e-01,-5.261377096176147461e-01,2.594655156135559082e-01,-2.854829840362071991e-02,5.852374434471130371e-01,2.859616875648498535e-01,-3.085600137710571289e-01,2.614242732524871826e-01,1.722806841135025024e-01,-3.920860290527343750e-01,1.365151628851890564e-02,-4.483853578567504883e-01,-3.985887467861175537e-01,3.137544170022010803e-02,2.257688157260417938e-02,-8.747124113142490387e-03,4.436966776847839355e-02,-6.850844621658325195e-01,1.043208241462707520e-01,4.511793255805969238e-01,1.544894874095916748e-01,5.141241550445556641e-01,2.913775444030761719e-01,-2.824446260929107666e-01,4.852809384465217590e-02,-1.748975217342376709e-01,-8.002406358718872070e-02,-6.966741681098937988e-01,1.361735910177230835e-01,5.948224663734436035e-02,-2.399695962667465210e-01,3.078071773052215576e-01,-1.754234731197357178e-01,5.667107701301574707e-01,2.820298671722412109e-01,-2.017022073268890381e-01,3.897466063499450684e-01,-5.106401816010475159e-02,2.912767231464385986e-01,-3.085430653300136328e-04,-3.773459792137145996e-01
-7.147365063428878784e-02,-5.296981334686279297e-02,-2.992374300956726074e-01,6.508103609085083008e-01,-1.146429255604743958e-01,2.305345088243484497e-01,4.427479803562164307e-01,-3.729629814624786377e-01,-1.677548885345458984e-01,1.601335257291793823e-01,-5.043181180953979492e-01,-6.182686612010002136e-02,3.281985223293304443e-01,-2.946785092353820801e-01,-8.025735616683959961e-02,8.158383518457412720e-02,9.717860817909240723e-02,2.736990153789520264e-01,-3.486571013927459717e-01,-3.763954341411590576e-01,-2.251805514097213745e-01,3.166742026805877686e-01,4.756705462932586670e-01,-2.076584547758102417e-01,3.926288187503814697e-01,2.705283761024475098e-01,-3.273354768753051758e-01,-3.603515625000000000e-01,4.508560299873352051e-01,-3.020942211151123047e-01,-8.726143836975097656e-02,-2.629556655883789062e-01,1.924386173486709595e-01,5.609402805566787720e-02,4.277529194951057434e-02,-2.173772752285003662e-01,-1.019338294863700867e-01,3.723490983247756958e-02,5.189895033836364746e-01,-6.141270399093627930e-01,-4.326062202453613281e-01,8.197937160730361938e-02,5.292172431945800781e-01,6.833169609308242798e-02,-2.127381712198257446e-01,-7.305692136287689209e-02,-3.546399176120758057e-01,-6.255952268838882446e-02,-1.156390309333801270e-01,9.467717260122299194e-02,1.644434928894042969e-01,-4.242626950144767761e-02,2.089191526174545288e-01,3.075885772705078125e-01,-4.570141062140464783e-02,-3.350672721862792969e-01,2.287407517433166504e-01,-1.678599603474140167e-02,3.091639280319213867e-01,-1.119175925850868225e-01,-1.520177870988845825e-01,3.400113061070442200e-02,6.347966194152832031e-02,2.526687979698181152e-01,-6.085251569747924805e-01,-7.985807955265045166e-02,5.154587626457214355e-01,3.587607145309448242e-01,4.086420536041259766e-01,1.943112351000308990e-02,-4.140413105487823486e-01,6.792495399713516235e-02,6.560700386762619019e-02,-5.385417342185974121e-01,1.532758325338363647e-01,-4.794603884220123291e-01,-3.041046299040317535e-02,-5.520246922969818115e-02,-3.433741927146911621e-01,-2.717975974082946777e-01,5.433000922203063965e-01,1.307605952024459839e-02,-3.353827893733978271e-01,1.193428188562393188e-01,-1.502301841974258423e-01,2.081517577171325684e-01,8.950478583574295044e-02,1.767663657665252686e-01,8.864457905292510986e-02,-1.409887373447418213e-01,7.744838297367095947e-02,-3.857294321060180664e-01,-3.546077907085418701e-01,5.744956135749816895e-01,-2.350603044033050537e-01,-5.705544352531433105e-02,1.291426131501793861e-03,-4.998769611120223999e-03,5.859027504920959473e-01,2.695876657962799072e-01,-1.131115574389696121e-02,-3.744812905788421631e-01,-1.179702952504158020e-02,-4.894686490297317505e-02,5.970932245254516602e-01,1.163049880415201187e-02,-7.142429351806640625e-01,-4.011886715888977051e-01,-1.248853653669357300e-01,-1.937232315540313721e-01,3.620552718639373779e-01,-4.679401218891143799e-01,9.588743746280670166e-02,3.360411822795867920e-01,4.462104737758636475e-01,2.177160978317260742e-01,1.109860986471176147e-01,6.724480539560317993e-02,1.864756345748901367e-01,2.254436612129211426e-01,-2.548388242721557617e-01,-6.261423230171203613e-01,4.140152633190155029e-01,-1.989948898553848267e-01,-3.390238881111145020e-01,-5.487644299864768982e-02,2.083080634474754333e-02,3.703582882881164551e-01
4.269796311855316162e-01,8.297189325094223022e-02,-2.602174580097198486e-01,-1.146429255604743958e-01,7.476517558097839355e-01,6.295638531446456909e-02,9.895095974206924438e-02,5.839606001973152161e-02,1.580777168273925781e-01,-2.332134358584880829e-02,-1.331606060266494751e-01,1.088263466954231262e-01,1.217111125588417053e-01,2.675175368785858154e-01,3.671296834945678711e-01,1.815569847822189331e-01,-1.284262239933013916e-01,1.940989941358566284e-01,2.654943168163299561e-01,-8.628430217504501343e-02,-1.813933104276657104e-01,4.122998565435409546e-02,-3.294316679239273071e-02,2.895284593105316162e-01,-1.993356049060821533e-01,-1.572471410036087036e-01,-2.708343565464019775e-01,-3.814487755298614502e-01,-6.231939792633056641e-02,-4.452190101146697998e-01,-4.478473961353302002e-01,1.989473700523376465e-01,-1.556677371263504028e-01,-2.488180845975875854e-01,8.533363789319992065e-02,1.821808218955993652e-01,-8.706738054752349854e-02,-2.269232645630836487e-02,-1.846900433301925659e-01,-2.161993384361267090e-01,2.876728773117065430e-01,1.800743043422698975e-01,1.469262838363647461e-01,3.162542358040809631e-02,4.078060854226350784e-03,1.258356571197509766e-01,-2.635544538497924805e-01,-1.897247433662414551e-01,4.232379049062728882e-02,3.911720514297485352e-01,2.437474876642227173e-01,3.958389163017272949e-02,3.361473232507705688e-02,6.006934493780136108e-02,-1.894846558570861816e-01,-2.704803049564361572e-01,-1.199636980891227722e-01,-2.372086979448795319e-02,-3.630478978157043457e-01,2.190160453319549561e-01,-1.465376615524291992e-01,1.002125814557075500e-02,1.587107894010841846e-03,-1.834156662225723267e-01,-4.995630308985710144e-02,1.354843378067016602e-01,2.410614192485809326e-01,4.849024116992950439e-01,8.068854361772537231e-02,3.746555149555206299e-01,-8.161974139511585236e-03,-2.635245025157928467e-01,3.955060541629791260e-01,-2.271933406591415405e-01,-1.330218166112899780e-01,-4.147780537605285645e-01,-1.715253666043281555e-02,-1.676121167838573456e-02,3.186983987689018250e-02,-6.490846723318099976e-02,-3.904888033866882324e-01,-2.150064520537853241e-02,-4.551056921482086182e-01,-4.738862439990043640e-02,-2.380732148885726929e-01,-1.500457078218460083e-01,2.227654755115509033e-01,-2.841961756348609924e-02,1.609510928392410278e-02,-2.162028402090072632e-01,-3.912211358547210693e-01,3.476589545607566833e-02,4.100115001201629639e-01,5.891467630863189697e-02,2.014038562774658203e-01,-1.333553642034530640e-01,5.797329545021057129e-01,2.030875533819198608e-03,-1.986280083656311035e-01,2.689481079578399658e-01,1.000063940882682800e-01,-2.726977691054344177e-02,2.719146907329559326e-01,-6.244519725441932678e-02,-1.724895685911178589e-01,9.698842465877532959e-02,1.896273046731948853e-01,2.468659877777099609e-01,-3.671850264072418213e-02,6.386287510395050049e-02,-3.643558025360107422e-01,3.566757142543792725e-01,3.679573535919189453e-01,-5.581966638565063477e-01,2.666444778442382812e-01,-4.216480255126953125e-01,4.184921681880950928e-01,-3.905246853828430176e-01,-4.649657756090164185e-02,-1.651079654693603516e-01,3.807684406638145447e-02,5.702605098485946655e-02,2.391293272376060486e-02,-2.273781895637512207e-01,2.238476276397705078e-01,-3.889278322458267212e-02,-2.074213773012161255e-01,2.239708453416824341e-01
1.555232852697372437e-01,-6.570757180452346802e-02,-3.183155134320259094e-02,2.305345088243484497e-01,6.295638531446456909e-02,7.024303674697875977e-01,-2.032810589298605919e-04,-2.881431765854358673e-02,-1.250323206186294556e-01,-1.990071311593055725e-02,-1.112156510353088379e-01,1.210715696215629578e-01,-3.593102097511291504e-02,8.723018318414688110e-02,1.540776528418064117e-02,-6.860908120870590210e-02,-7.588652521371841431e-02,1.985259801149368286e-01,-2.639498747885227203e-02,-1.039489358663558960e-01,-1.457987278699874878e-01,8.371720463037490845e-02,6.621104478836059570e-02,1.635062992572784424e-01,-6.553128361701965332e-02,-1.891659051179885864e-01,-8.359379321336746216e-02,-1.383355110883712769e-01,1.145092919468879700e-01,-2.976874113082885742e-01,-6.048619747161865234e-02,-6.041857600212097168e-02,-5.573115497827529907e-02,-1.010567322373390198e-02,3.321530297398567200e-02,1.498099565505981445e-01,1.217725723981857300e-01,-6.730961799621582031e-02,-1.111136376857757568e-01,-1.595428735017776489e-01,-3.347995579242706299e-01,4.880421236157417297e-02,1.819991022348403931e-01,-4.388638481032103300e-04,-1.160406842827796936e-01,1.889310032129287720e-01,1.014364808797836304e-01,-2.410361021757125854e-01,-1.493848711252212524e-01,1.833331137895584106e-01,4.120840430259704590e-01,-1.345625519752502441e-01,1.114392131567001343e-01,-3.342145383358001709e-01,-1.114800805225968361e-03,-2.213841825723648071e-01,-1.957131922245025635e-01,-5.358709394931793213e-02,-1.905726939439773560e-01,9.546407312154769897e-02,-2.425200045108795166e-01,7.975063472986221313e-02,-5.447030067443847656e-03,-1.072837486863136292e-01,-6.497552245855331421e-02,1.072266846895217896e-01,2.179103717207908630e-02,6.568644940853118896e-02,3.491382598876953125e-01,-1.607991307973861694e-01,4.683934152126312256e-02,-1.836688667535781860e-01,3.160189390182495117e-01,-2.291585803031921387e-01,-3.574512898921966553e-02,-1.019089445471763611e-01,3.126931190490722656e-02,-8.340089023113250732e-02,2.652767114341259003e-02,-1.212048009037971497e-01,7.452801614999771118e-02,-1.759311929345130920e-02,-5.931930616497993469e-02,-8.142623305320739746e-02,-2.785771787166595459e-01,3.891616761684417725e-01,-4.701983556151390076e-02,-5.226285755634307861e-02,-2.703332006931304932e-01,-2.676467876881361008e-03,-1.329464763402938843e-01,3.079642355442047119e-02,1.718425452709197998e-01,1.682406663894653320e-01,2.426995635032653809e-01,-2.745222747325897217e-01,1.220096200704574585e-01,2.832065103575587273e-03,-1.350259482860565186e-01,1.641581505537033081e-01,2.905841730535030365e-02,-1.266710013151168823e-01,2.113058269023895264e-01,-5.579055473208427429e-02,-7.788300514221191406e-02,5.454245209693908691e-01,-1.761998385190963745e-01,-1.345356702804565430e-01,2.559571564197540283e-01,1.053273454308509827e-01,4.690223839133977890e-03,-2.416571080684661865e-01,1.387192457914352417e-01,-4.214118421077728271e-02,4.652012884616851807e-02,9.232653677463531494e-02,2.466200739145278931e-01,-9.488043189048767090e-02,1.179004907608032227e-01,-6.949164718389511108e-02,1.937331855297088623e-01,-1.584888398647308350e-01,8.508048951625823975e-02,1.499969810247421265e-01,-3.706800192594528198e-02,2.113745175302028656e-02,-2.260520681738853455e-02,2.851648926734924316e-01
-1.359158754348754883e-01,-1.505738589912652969e-02,-5.414999127388000488e-01,4.427479803562164307e-01,9.895095974206924438e-02,-2.032810589298605919e-04,8.059310913085937500e-01,-2.900840342044830322e-01,-4.051744341850280762e-01,2.276085019111633301e-01,-4.987080991268157959e-01,-2.592246532440185547e-01,1.632546037435531616e-01,-6.191782355308532715e-01,8.152703940868377686e-02,1.495913267135620117e-01,3.027230203151702881e-01,-1.822282373905181885e-01,-4.166725277900695801e-01,-4.727911353111267090e-01,2.413259148597717285e-01,3.605909645557403564e-01,2.109469324350357056e-01,-3.647545874118804932e-01,3.922924697399139404e-01,4.005571007728576660e-01,-2.845905125141143799e-01,-1.476839780807495117e-01,6.111928224563598633e-01,-3.165311515331268311e-01,1.176876947283744812e-01,-2.283492311835289001e-02,2.171411365270614624e-01,1.932480633258819580e-01,-3.203359991312026978e-02,-2.611298263072967529e-01,-4.173574447631835938e-01,1.764916330575942993e-01,4.568307101726531982e-01,-6.018097400665283203e-01,-5.064203403890132904e-03,1.885234266519546509e-01,2.236480116844177246e-01,1.070119589567184448e-01,6.941864639520645142e-02,-4.074471294879913330e-01,-6.997560262680053711e-01,1.118404194712638855e-01,2.332402318716049194e-01,-1.917049139738082886e-01,-1.596666127443313599e-01,-7.996793836355209351e-02,2.508117351680994034e-03,6.065641641616821289e-01,-1.008082330226898193e-01,-9.408893436193466187e-02,4.887332916259765625e-01,7.759351283311843872e-02,5.444500446319580078e-01,-2.355958968400955200e-01,2.035103291273117065e-01,-1.520492881536483765e-01,9.573498368263244629e-02,6.046583056449890137e-01,-3.116961121559143066e-01,-1.562809497117996216e-01,5.915115475654602051e-01,3.383941054344177246e-01,1.770955771207809448e-01,4.910401105880737305e-01,-5.939097404479980469e-01,5.955910310149192810e-02,-1.115479320287704468e-01,-3.026444911956787109e-01,2.266575247049331665e-01,-5.271647572517395020e-01,-1.043093502521514893e-01,4.412992596626281738e-01,-3.594161570072174072e-01,9.054356068372726440e-02,5.462144613265991211e-01,4.271176457405090332e-02,-5.737190246582031250e-01,1.990581303834915161e-01,1.357681602239608765e-01,-3.897940218448638916e-01,4.739545285701751709e-01,2.541570663452148438e-01,5.380868315696716309e-01,-2.243472188711166382e-01,-4.591980949044227600e-02,-4.988491833209991455e-01,-3.214148879051208496e-01,2.241229563951492310e-01,-5.818701982498168945e-01,1.917832642793655396e-01,2.019157111644744873e-01,-1.427287794649600983e-02,6.698562502861022949e-01,1.265766620635986328e-01,-1.388985961675643921e-01,1.224756836891174316e-01,-1.522142812609672546e-02,2.110668085515499115e-02,7.670247554779052734e-01,-1.726102232933044434e-01,-5.865967869758605957e-01,-2.895340621471405029e-01,-7.073509693145751953e-01,-3.356071412563323975e-01,7.200035452842712402e-02,-2.632503211498260498e-01,2.062919437885284424e-01,3.645733594894409180e-01,6.505630016326904297e-01,2.079325765371322632e-01,-1.941083371639251709e-01,2.666944563388824463e-01,-1.259704530239105225e-01,2.903651297092437744e-01,-3.098198473453521729e-01,-3.863677680492401123e-01,1.531960219144821167e-01,-2.575264275074005127e-01,-1.053335294127464294e-01,-2.170501649379730225e-01,-1.581823453307151794e-02,2.303232066333293915e-02
6.504527926445007324e-01,1.010708808898925781e-01,-7.421447336673736572e-02,-3.729629814624786377e-01,5.839606001973152161e-02,-2.881431765854358673e-02,-2.900840342044830322e-01,9.266320466995239258e-01,1.197159588336944580e-01,-2.492965161800384521e-01,1.104780063033103943e-01,-1.727381795644760132e-01,3.681687414646148682e-01,5.285181999206542969e-01,5.502730011940002441e-01,5.047945305705070496e-02,1.293168216943740845e-02,-4.924756288528442383e-01,6.524510383605957031e-01,6.711257696151733398e-01,-2.964663207530975342e-01,-5.776569247245788574e-01,1.280277520418167114e-01,-4.726957380771636963e-01,-2.198596298694610596e-01,-8.154391050338745117e-01,6.118776798248291016e-01,2.833233475685119629e-01,-6.442480087280273438e-01,-2.184992432594299316e-01,-2.405804842710494995e-01,3.253259509801864624e-02,4.112579822540283203e-01,-1.913629770278930664e-01,-1.593285650014877319e-01,-3.416535258293151855e-01,-1.642925664782524109e-02,1.166415140032768250e-01,-3.862159252166748047e-01,5.274798255413770676e-03,7.473208010196685791e-02,2.189234644174575806e-01,-6.374987959861755371e-01,1.158394734375178814e-03,7.734562158584594727e-01,-4.943573474884033203e-01,6.606525927782058716e-02,1.810828298330307007e-01,1.916606575250625610e-01,-2.716910541057586670e-01,-1.136341234087012708e-05,6.707730889320373535e-01,-9.881220012903213501e-02,-3.344883918762207031e-01,2.970551550388336182e-01,3.526745438575744629e-01,7.408202439546585083e-02,1.532061696052551270e-01,1.341592818498611450e-01,-2.981016226112842560e-02,2.014674991369247437e-01,2.491751015186309814e-01,5.263137817382812500e-02,-3.436189889907836914e-01,4.356597065925598145e-01,6.346864253282546997e-02,-1.352115571498870850e-01,-2.860040068626403809e-01,-2.710953950881958008e-01,9.823771193623542786e-03,-2.386876642704010010e-01,-6.726058721542358398e-01,-3.360747098922729492e-01,2.775239944458007812e-01,-8.690700680017471313e-02,1.693419963121414185e-01,9.527964517474174500e-03,-5.626654997467994690e-02,-4.960011839866638184e-01,-3.745523691177368164e-01,-5.744396448135375977e-01,2.760341577231884003e-02,4.086566865444183350e-01,7.584868371486663818e-02,4.169369339942932129e-01,3.140861690044403076e-01,-3.901780843734741211e-01,-9.889303147792816162e-02,2.689075767993927002e-01,1.438822299242019653e-01,2.989707589149475098e-01,-1.774743050336837769e-01,-3.929968178272247314e-02,-4.401833415031433105e-01,1.704055815935134888e-01,-5.490314960479736328e-01,1.718484610319137573e-01,-6.921065971255302429e-03,-4.546901881694793701e-01,4.128773212432861328e-01,1.473176926374435425e-01,4.840604960918426514e-01,-2.906550467014312744e-01,-3.120091184973716736e-02,-1.118495240807533264e-01,3.923282921314239502e-01,2.479345798492431641e-01,4.703430533409118652e-01,-5.688679590821266174e-02,1.099693179130554199e-01,3.905193805694580078e-01,2.735322117805480957e-01,-2.298678755760192871e-01,-2.174681872129440308e-01,-4.007665216922760010e-01,-3.860309123992919922e-01,-4.162634909152984619e-01,2.608734965324401855e-01,-7.783888578414916992e-01,-7.421681284904479980e-02,-4.888226985931396484e-01,7.179177999496459961e-01,-4.414868354797363281e-01,-1.301057729870080948e-02,7.918626666069030762e-01,-3.231959640979766846e-01,1.340557634830474854e-01,1.083511114120483398e-01
2.283995449542999268e-01,3.753573447465896606e-02,2.637939155101776123e-01,-1.677548885345458984e-01,1.580777168273925781e-01,-1.250323206186294556e-01,-4.051744341850280762e-01,1.197159588336944580e-01,4.150654673576354980e-01,-9.884491562843322754e-02,1.341760903596878052e-01,1.960591226816177368e-01,9.030716866254806519e-02,5.400865077972412109e-01,3.028439171612262726e-02,7.244527805596590042e-03,-2.314846664667129517e-01,3.349636197090148926e-01,2.966646254062652588e-01,2.753731906414031982e-01,-4.447914361953735352e-01,-1.771827340126037598e-01,-1.357232965528964996e-02,3.098737299442291260e-01,-1.800496429204940796e-01,-2.468704134225845337e-01,3.115885518491268158e-02,-1.513146609067916870e-01,-4.526576101779937744e-01,6.907075643539428711e-02,-3.586531877517700195e-01,-3.145892173051834106e-02,-7.396361231803894043e-02,-3.231509327888488770e-01,9.307841211557388306e-02,1.580114960670471191e-01,2.172302752733230591e-01,-1.145407408475875854e-01,-1.895261704921722412e-01,1.921938359737396240e-01,5.370455980300903320e-02,-3.201754391193389893e-02,1.853539049625396729e-02,-4.426122456789016724e-02,-1.665811985731124878e-01,3.597554564476013184e-01,3.198980689048767090e-01,-1.269716024398803711e-01,-1.364457309246063232e-01,3.654534220695495605e-01,1.121563166379928589e-01,1.331353336572647095e-01,1.064231395721435547e-01,-2.324483394622802734e-01,2.552064694464206696e-02,-1.033207699656486511e-01,-3.118918240070343018e-01,-7.506149262189865112e-02,-4.773169755935668945e-01,1.862846165895462036e-01,-3.223135769367218018e-01,1.647425591945648193e-01,-4.059350490570068359e-02,-4.171469509601593018e-01,-4.679858684539794922e-02,1.108815670013427734e-01,-1.740398406982421875e-01,6.083912774920463562e-02,3.687111288309097290e-02,-2.407223731279373169e-01,3.096024096012115479e-01,3.801778191700577736e-03,1.935602575540542603e-01,-4.052713629789650440e-04,-1.727215796709060669e-01,3.974625840783119202e-02,5.596420913934707642e-02,-4.277677536010742188e-01,1.061309948563575745e-01,-2.089887708425521851e-01,-4.041672945022583008e-01,-3.334601968526840210e-02,1.988175064325332642e-01,-9.085509926080703735e-02,-2.328927665948867798e-01,2.906416058540344238e-01,-2.847538292407989502e-01,-1.244696900248527527e-01,-3.255284130573272705e-01,1.513262372463941574e-02,-4.429063946008682251e-02,2.483424097299575806e-01,2.189924865961074829e-01,4.837064817547798157e-02,3.461252450942993164e-01,-1.633007824420928955e-01,3.290243819355964661e-02,8.960979059338569641e-03,-3.412521481513977051e-01,1.452001631259918213e-01,1.627583503723144531e-01,-2.419056147336959839e-01,1.656646467745304108e-02,-5.475782230496406555e-02,-5.002344846725463867e-01,2.422204706817865372e-03,2.958174347877502441e-01,2.140233814716339111e-01,4.977684319019317627e-01,1.760888844728469849e-01,-5.331429466605186462e-02,1.839007437229156494e-01,8.503117598593235016e-03,-3.808349668979644775e-01,-3.624916374683380127e-01,-3.217697143554687500e-01,3.436537683010101318e-01,-3.471193015575408936e-01,1.577999144792556763e-01,-1.515448093414306641e-01,9.078183770179748535e-02,1.347092837095260620e-01,4.379840195178985596e-02,-2.210924401879310608e-02,8.394788950681686401e-02,9.562348574399948120e-02,-5.367470532655715942e-02,1.667778044939041138e-01
-1.616224199533462524e-01,-1.709405519068241119e-02,-1.096413508057594299e-01,1.601335257291793823e-01,-2.332134358584880829e-02,-1.990071311593055725e-02,2.276085019111633301e-01,-2.492965161800384521e-01,-9.884491562843322754e-02,8.719709515571594238e-02,-1.245343834161758423e-01,-3.533704951405525208e-02,-7.045753300189971924e-03,-2.508941590785980225e-01,-7.786662131547927856e-02,2.330467477440834045e-02,6.322565674781799316e-02,4.482256248593330383e-02,-1.975060701370239258e-01,-2.121789455413818359e-01,1.052233129739761353e-01,1.706107109785079956e-01,5.339363962411880493e-02,-2.200862951576709747e-02,1.304588019847869873e-01,2.633459568023681641e-01,-1.589708924293518066e-01,-8.626377582550048828e-02,2.633982300758361816e-01,-2.218509465456008911e-02,7.779869437217712402e-02,-2.304502576589584351e-02,-4.517109598964452744e-03,8.012534677982330322e-02,1.422331947833299637e-02,-2.909258566796779633e-02,-8.099772781133651733e-02,2.042979188263416290e-02,1.898491233587265015e-01,-1.519120931625366211e-01,-3.121236711740493774e-02,-1.015572459436953068e-03,1.904122978448867798e-01,2.323549427092075348e-02,-1.270274966955184937e-01,-1.846557483077049255e-02,-1.724493950605392456e-01,1.078423392027616501e-02,8.952885866165161133e-03,-1.411219406872987747e-02,-4.166717082262039185e-02,-1.109639182686805725e-01,1.868055574595928192e-02,2.070770561695098877e-01,-6.416758149862289429e-02,-7.385665178298950195e-02,1.074886843562126160e-01,-3.986087162047624588e-03,1.366170793771743774e-01,-5.262400954961776733e-02,1.777194254100322723e-02,-6.866581737995147705e-02,1.375558227300643921e-02,1.947863698005676270e-01,-1.717700511217117310e-01,-4.879115894436836243e-02,1.632076054811477661e-01,1.220949962735176086e-01,6.785201281309127808e-02,9.409967809915542603e-02,-1.087555438280105591e-01,1.403666436672210693e-01,7.947575300931930542e-03,-1.211732029914855957e-01,6.584125012159347534e-02,-1.476492285728454590e-01,-2.319064922630786896e-02,9.161167591810226440e-02,-6.566852331161499023e-03,7.231354713439941406e-02,2.468502223491668701e-01,6.211549974977970123e-03,-1.940854787826538086e-01,3.697827458381652832e-02,-1.881161704659461975e-02,-1.387286335229873657e-01,1.497079432010650635e-01,7.419570535421371460e-02,8.233026415109634399e-02,-6.314627826213836670e-02,-2.667782269418239594e-02,-9.402657300233840942e-02,-9.890239685773849487e-02,1.409461945295333862e-01,-1.601057201623916626e-01,1.319285184144973755e-01,-4.956028424203395844e-03,-2.125920727849006653e-03,2.582990527153015137e-01,-5.050134286284446716e-02,-5.165040865540504456e-02,-7.420001178979873657e-02,2.400647848844528198e-02,1.072273682802915573e-02,2.359458059072494507e-01,-1.283894330263137817e-01,-2.005706280469894409e-01,-1.377651393413543701e-01,-1.620587259531021118e-01,-9.428832679986953735e-02,-2.047578804194927216e-02,-1.134221851825714111e-01,5.914390087127685547e-02,1.416717320680618286e-01,2.314580380916595459e-01,1.084192842245101929e-01,1.600855961441993713e-02,3.011677414178848267e-02,1.262337267398834229e-01,8.136994391679763794e-02,-6.771189626306295395e-03,-2.394861280918121338e-01,1.089256331324577332e-01,-6.044229865074157715e-02,-1.909171342849731445e-01,-1.086065662093460560e-03,-1.275777537375688553e-02,-8.203863166272640228e-03
-2.156285941600799561e-01,-1.838948391377925873e-02,5.273194313049316406e-01,-5.043181180953979492e-01,-1.331606060266494751e-01,-1.112156510353088379e-01,-4.987080991268157959e-01,1.104780063033103943e-01,1.341760903596878052e-01,-1.245343834161758423e-01,5.779127478599548340e-01,1.353854238986968994e-01,-5.486962199211120605e-01,1.789092421531677246e-01,-1.810446679592132568e-01,-1.908742934465408325e-01,-1.201221868395805359e-01,-1.279139816761016846e-01,1.596328020095825195e-01,2.967936694622039795e-01,3.051469624042510986e-01,-2.346682250499725342e-01,-5.741150379180908203e-01,3.631599247455596924e-01,-3.531042933464050293e-01,-9.018797427415847778e-02,2.913649976253509521e-01,4.232687056064605713e-01,-3.428258895874023438e-01,5.220030546188354492e-01,2.524044215679168701e-01,1.887575387954711914e-01,-2.816359400749206543e-01,-5.953703541308641434e-03,-1.423915941268205643e-02,3.388514220714569092e-01,2.144351601600646973e-01,-1.026271060109138489e-01,-4.793475270271301270e-01,7.721512317657470703e-01,2.641372680664062500e-01,-1.915407180786132812e-01,-4.288807213306427002e-01,-9.686641395092010498e-02,-4.997803270816802979e-02,2.996751070022583008e-01,5.649933218955993652e-01,-2.352454466745257378e-03,2.005480788648128510e-02,-5.324698984622955322e-02,-1.832432448863983154e-01,-1.743083298206329346e-01,-1.644868850708007812e-01,-3.873576223850250244e-01,6.716357916593551636e-02,3.115496635437011719e-01,-3.450955748558044434e-01,-4.188631102442741394e-02,-3.923836350440979004e-01,9.745239466428756714e-02,4.431378841400146484e-02,-4.212846606969833374e-02,-9.217774868011474609e-02,-1.984533965587615967e-01,5.551766157150268555e-01,6.891108304262161255e-02,-6.554400324821472168e-01,-5.069575309753417969e-01,-2.699531614780426025e-01,-2.553025186061859131e-01,6.101580858230590820e-01,2.095904052257537842e-01,-2.143689431250095367e-03,5.692942142486572266e-01,-1.379226893186569214e-01,6.279941797256469727e-01,5.636871233582496643e-02,-1.696250215172767639e-02,5.411223769187927246e-01,3.806239068508148193e-01,-3.255311250686645508e-01,-2.442527189850807190e-02,4.677385389804840088e-01,-1.705579310655593872e-01,2.694698423147201538e-02,-1.332252472639083862e-01,-1.566933840513229370e-01,-2.031683027744293213e-01,-3.033072948455810547e-01,2.071698158979415894e-01,-6.326752901077270508e-02,5.223252773284912109e-01,3.420516550540924072e-01,-4.943432509899139404e-01,2.444842606782913208e-01,1.871430128812789917e-01,-2.274028956890106201e-01,8.954861201345920563e-03,-5.269346833229064941e-01,-4.494538009166717529e-01,-2.184902131557464600e-02,2.266666889190673828e-01,3.419197350740432739e-02,5.999016761779785156e-02,-6.838456392288208008e-01,-3.933060448616743088e-03,6.543048620223999023e-01,2.354255169630050659e-01,3.210776150226593018e-01,2.257051467895507812e-01,-4.008695185184478760e-01,2.761150896549224854e-01,-1.398783028125762939e-01,-1.715144664049148560e-01,-5.601863861083984375e-01,1.246993709355592728e-02,-4.428337886929512024e-02,-9.214748442173004150e-02,1.134763509035110474e-01,-2.093633413314819336e-01,5.088615417480468750e-01,4.501183032989501953e-01,-3.253343999385833740e-01,3.429943919181823730e-01,7.349966466426849365e-02,1.778522580862045288e-01,4.439287353307008743e-03,-4.360604584217071533e-01
-1.108283083885908127e-02,-2.232000976800918579e-02,2.439227402210235596e-01,-6.182686612010002136e-02,1.088263466954231262e-01,1.210715696215629578e-01,-2.592246532440185547e-01,-1.727381795644760132e-01,1.960591226816177368e-01,-3.533704951405525208e-02,1.353854238986968994e-01,2.244079411029815674e-01,-1.795973330736160278e-01,2.299288660287857056e-01,-1.312251240015029907e-01,-5.124172940850257874e-02,-1.936228573322296143e-01,3.780684173107147217e-01,5.266736820340156555e-02,1.270978711545467377e-03,-1.338174939155578613e-01,3.797545656561851501e-02,-1.561363786458969116e-01,4.707756638526916504e-01,-1.592789590358734131e-01,1.968653127551078796e-02,-1.264285743236541748e-01,-1.537130177021026611e-01,-1.099194288253784180e-01,8.188646286725997925e-02,-1.188010498881340027e-01,2.077296748757362366e-02,-2.613582909107208252e-01,-1.384654641151428223e-01,9.752585738897323608e-02,2.960099875926971436e-01,2.064704149961471558e-01,-1.358397752046585083e-01,-1.705127209424972534e-01,2.076014429330825806e-01,8.939973195083439350e-04,-9.311733394861221313e-02,1.947850584983825684e-01,-4.252112284302711487e-02,-3.577548563480377197e-01,4.852642416954040527e-01,2.925399839878082275e-01,-1.946481764316558838e-01,-1.590273529291152954e-01,3.324874937534332275e-01,2.027769535779953003e-01,-1.606827825307846069e-01,7.906988263130187988e-02,-2.468054294586181641e-01,-6.968500465154647827e-02,-1.751541644334793091e-01,-3.204615414142608643e-01,-1.018284931778907776e-01,-4.755353331565856934e-01,1.782143712043762207e-01,-2.912426590919494629e-01,3.562332689762115479e-02,-5.799735337495803833e-02,-2.496924251317977905e-01,-4.823234677314758301e-02,1.046354174613952637e-01,-1.907143741846084595e-01,5.282567813992500305e-02,9.750637412071228027e-02,-2.323509901762008667e-01,3.969271183013916016e-01,1.475525945425033569e-01,3.176699876785278320e-01,-3.714076429605484009e-02,-1.238352358341217041e-01,6.919308751821517944e-02,4.839934408664703369e-02,-2.567822933197021484e-01,3.540405631065368652e-01,2.837947569787502289e-02,-1.499986797571182251e-01,-3.711948916316032410e-02,2.760422416031360626e-02,-1.327434480190277100e-01,-3.244102299213409424e-01,1.586767435073852539e-01,-8.446010202169418335e-02,-1.046528741717338562e-01,-4.155322611331939697e-01,1.358393672853708267e-02,-1.767512559890747070e-01,3.220886588096618652e-01,2.989400029182434082e-01,8.297355473041534424e-02,3.007984161376953125e-01,-6.603926420211791992e-03,6.556434091180562973e-03,9.573930874466896057e-03,-2.450927346944808960e-01,-6.034133583307266235e-02,5.728342011570930481e-02,-2.708770036697387695e-01,1.757566332817077637e-01,-3.204503282904624939e-02,-4.380437135696411133e-01,6.348972022533416748e-02,2.205364555120468140e-01,3.391733020544052124e-02,4.580197632312774658e-01,1.583718359470367432e-01,-2.708564400672912598e-01,7.198052108287811279e-02,9.447304159402847290e-02,-2.513543367385864258e-01,-1.501796990633010864e-01,-7.605870068073272705e-02,4.305621981620788574e-01,-3.420147001743316650e-01,3.952292799949645996e-01,-1.546857506036758423e-01,3.883320987224578857e-01,-8.365552127361297607e-02,8.447413891553878784e-02,1.115005910396575928e-01,-1.762373447418212891e-01,1.852636188268661499e-01,-8.071946352720260620e-02,7.560430467128753662e-02
