9.955493211746215820e-01,6.259127855300903320e-01,-8.596482872962951660e-01,-2.815906107425689697e-01,-1.513561904430389404e-01,9.470092058181762695e-01,8.475279211997985840e-01,-6.890678405761718750e-01,-8.313262462615966797e-01,9.348088502883911133e-01,-9.697666764259338379e-01,3.233304321765899658e-01,9.562853574752807617e-01,-9.014916419982910156e-01,-7.519117742776870728e-02,-7.907917499542236328e-01,1.867229640483856201e-01,8.520852923393249512e-01,-8.756051659584045410e-01,-8.121001720428466797e-01,-7.894489765167236328e-01,-1.228028014302253723e-01,7.109575271606445312e-01,5.414345264434814453e-01,9.591869711875915527e-01,-8.208136558532714844e-01,8.191957473754882812e-01,3.475786447525024414e-01,-8.710038661956787109e-01,-4.957011938095092773e-01,8.928775787353515625e-01,-8.953164219856262207e-01,9.344143271446228027e-01,-3.793500661849975586e-01,-8.730430006980895996e-01,-9.646750688552856445e-01,-5.850361585617065430e-01,9.301841259002685547e-01,9.494536519050598145e-01,-9.667870402336120605e-01,-9.264493584632873535e-01,1.866486966609954834e-01,8.415244221687316895e-01,9.029546976089477539e-01,-5.153444409370422363e-01,-7.604733109474182129e-01,4.301738142967224121e-01,8.920127153396606445e-01,-3.695127367973327637e-01,5.566723942756652832e-01,6.785094141960144043e-01,9.733902215957641602e-01,7.601645588874816895e-01,-7.348890304565429688e-01,-7.809335589408874512e-01,8.306389451026916504e-01,7.890809774398803711e-01,4.547337070107460022e-02,7.634148597717285156e-01,6.481339335441589355e-01,-8.111751675605773926e-01,-2.208434194326400757e-01,8.740959763526916504e-01,-5.635927915573120117e-01,-7.433534860610961914e-01,-9.226953387260437012e-01,5.947767496109008789e-01,6.466805338859558105e-01,-9.307788610458374023e-01,9.169270396232604980e-01,-9.505839943885803223e-01,8.903466463088989258e-01,-9.389612078666687012e-01,-9.656845331192016602e-01,-8.693391084671020508e-01,2.367746829986572266e-01,-7.243764996528625488e-01,6.445904970169067383e-01,-8.279787302017211914e-01,-6.182571053504943848e-01,8.800035119056701660e-01,5.172793269157409668e-01,-9.484941363334655762e-01,8.578459620475769043e-01,-6.225620508193969727e-01,9.769405722618103027e-01,5.324242115020751953e-01,9.698726534843444824e-01,-9.114769697189331055e-01,-9.472780227661132812e-01,9.284788370132446289e-01,-9.612210988998413086e-01,-9.829105138778686523e-01,9.461207985877990723e-01,-8.857120275497436523e-01,7.683305740356445312e-01,-9.833522439002990723e-01,-8.618775010108947754e-01,3.360689282417297363e-01,9.607400894165039062e-01,-8.805743455886840820e-01,-2.908134460449218750e-01,-4.741751849651336670e-01,7.817455530166625977e-01,9.647107720375061035e-01,6.726171970367431641e-01,-9.560655355453491211e-01,-9.482275843620300293e-01,2.859420776367187500e-01,-9.542011022567749023e-01,9.566494822502136230e-01,-9.504347443580627441e-01,8.754037618637084961e-01,7.098514437675476074e-01,-7.329658269882202148e-01,9.222496747970581055e-01,8.339532613754272461e-01,-9.406011104583740234e-01,8.176478743553161621e-01,8.256325125694274902e-01,-8.870201706886291504e-01,-2.913871407508850098e-02,9.018711447715759277e-01,-8.939970135688781738e-01,-8.211160898208618164e-01,9.029184579849243164e-01,-9.625853896141052246e-01,1.774989217519760132e-01
6.259127855300903320e-01,9.835257530212402344e-01,-9.084678888320922852e-01,-8.780215382575988770e-01,-4.374801218509674072e-01,5.183364152908325195e-01,8.634288311004638672e-01,-8.149392604827880859e-01,-8.941034078598022461e-01,7.775149941444396973e-01,-6.177556514739990234e-01,-4.968661069869995117e-01,4.091126918792724609e-01,-4.777513444423675537e-01,6.669272184371948242e-01,-9.273471832275390625e-01,8.541753888130187988e-01,2.287755012512207031e-01,-8.559818267822265625e-01,-8.242657184600830078e-01,-9.668257087469100952e-02,-8.099431395530700684e-01,1.204061694443225861e-02,-1.683308929204940796e-01,7.134176492691040039e-01,-1.192401573061943054e-01,9.021206498146057129e-01,7.577615976333618164e-01,-8.795424699783325195e-01,-8.149266839027404785e-01,8.512179255485534668e-01,-2.974034249782562256e-01,8.319701552391052246e-01,4.241707921028137207e-01,-8.838717937469482422e-01,-6.800811886787414551e-01,-9.511046409606933594e-01,8.234113454818725586e-01,5.352289676666259766e-01,-5.949661135673522949e-01,-3.853833973407745361e-01,7.951105237007141113e-01,3.602129817008972168e-01,8.352574110031127930e-01,2.483695745468139648e-01,-9.581030607223510742e-01,-3.493428826332092285e-01,8.508829474449157715e-01,-8.751528263092041016e-01,-1.612494885921478271e-01,8.453865051269531250e-01,7.373868227005004883e-01,3.175815045833587646e-01,-9.301577806472778320e-01,-9.376768469810485840e-01,8.744379878044128418e-01,9.026309847831726074e-01,7.264830470085144043e-01,2.464287132024765015e-01,9.564469456672668457e-01,-2.832752764225006104e-01,-8.680275678634643555e-01,8.536323904991149902e-01,2.409533560276031494e-01,-3.349504247307777405e-02,-8.276092410087585449e-01,-1.489838212728500366e-01,-1.193796545267105103e-01,-8.196615576744079590e-01,3.825526535511016846e-01,-7.598395347595214844e-01,4.342736303806304932e-01,-7.914368510246276855e-01,-5.213549733161926270e-01,-9.011062979698181152e-01,-5.028305649757385254e-01,-9.596203565597534180e-01,9.561041593551635742e-01,-6.186366081237792969e-01,1.690645515918731689e-01,2.793774902820587158e-01,9.475511908531188965e-01,-6.047521829605102539e-01,8.984839320182800293e-01,1.398164927959442139e-01,7.059046626091003418e-01,9.566155076026916504e-01,7.023366093635559082e-01,-3.078338801860809326e-01,-7.513864040374755859e-01,8.028711676597595215e-01,-6.686075329780578613e-01,-6.032329201698303223e-01,4.638851881027221680e-01,-8.323771357536315918e-01,8.440682888031005859e-01,-6.872676014900207520e-01,-7.999312877655029297e-01,-4.668177664279937744e-01,5.271576642990112305e-01,-8.542875051498413086e-01,5.090544819831848145e-01,2.941330075263977051e-01,9.399506449699401855e-01,6.297014951705932617e-01,9.322822690010070801e-01,-6.200125813484191895e-01,-7.781861424446105957e-01,-5.355383157730102539e-01,-7.520533800125122070e-01,4.496823549270629883e-01,-7.601625323295593262e-01,8.542145490646362305e-01,9.155363440513610840e-01,-7.948980331420898438e-01,8.075333237648010254e-01,2.115419507026672363e-01,-4.244597852230072021e-01,3.734086155891418457e-01,9.235162734985351562e-01,-5.111613273620605469e-01,6.558685302734375000e-01,3.118875026702880859e-01,-7.473104596138000488e-01,-2.683643698692321777e-01,3.224260509014129639e-01,-6.225795149803161621e-01,-5.637366175651550293e-01
-8.596482872962951660e-01,-9.084678888320922852e-01,9.947438836097717285e-01,6.636081337928771973e-01,3.549098968505859375e-01,-8.010669946670532227e-01,-9.688794612884521484e-01,8.772311210632324219e-01,9.738137125968933105e-01,-9.494122266769409180e-01,8.720958232879638672e-01,1.382913887500762939e-01,-7.175622582435607910e-01,7.625542283058166504e-01,-3.711027204990386963e-01,9.593494534492492676e-01,-6.305122971534729004e-01,-5.797339677810668945e-01,9.689003825187683105e-01,9.300318360328674316e-01,4.325772523880004883e-01,5.403879880905151367e-01,-3.814774155616760254e-01,-1.854143887758255005e-01,-9.211022853851318359e-01,4.750542342662811279e-01,-9.676580429077148438e-01,-6.036859750747680664e-01,9.438441395759582520e-01,7.888924479484558105e-01,-9.723140597343444824e-01,6.303958892822265625e-01,-9.730663895606994629e-01,-6.239968165755271912e-02,9.754809141159057617e-01,9.016802310943603516e-01,8.828470110893249512e-01,-9.685828089714050293e-01,-8.138067126274108887e-01,8.520070314407348633e-01,7.008786201477050781e-01,-5.554668903350830078e-01,-6.715849041938781738e-01,-9.695470929145812988e-01,1.326978504657745361e-01,9.589411616325378418e-01,-1.292539946734905243e-02,-9.705332517623901367e-01,6.912643909454345703e-01,-1.980273276567459106e-01,-8.188817501068115234e-01,-9.320489168167114258e-01,-5.846127867698669434e-01,9.293242692947387695e-01,9.593257904052734375e-01,-9.394043087959289551e-01,-9.476793408393859863e-01,-4.435984790325164795e-01,-5.331693291664123535e-01,-8.986539840698242188e-01,6.057922840118408203e-01,6.495842337608337402e-01,-9.625707864761352539e-01,1.384199708700180054e-01,4.095424711704254150e-01,9.640381932258605957e-01,-2.256540507078170776e-01,-2.602712810039520264e-01,9.650198817253112793e-01,-6.987393498420715332e-01,9.469933509826660156e-01,-7.039726376533508301e-01,9.496018886566162109e-01,8.040866851806640625e-01,9.821183085441589355e-01,1.645722538232803345e-01,9.428045153617858887e-01,-9.025501608848571777e-01,7.928106188774108887e-01,2.220128178596496582e-01,-6.247239708900451660e-01,-8.264688849449157715e-01,8.532835245132446289e-01,-9.772672057151794434e-01,2.442856132984161377e-01,-9.108794331550598145e-01,-8.561118245124816895e-01,-9.146131873130798340e-01,6.443562507629394531e-01,9.372470974922180176e-01,-9.577966928482055664e-01,8.913455605506896973e-01,8.377590775489807129e-01,-7.628064751625061035e-01,9.668480157852172852e-01,-9.247915148735046387e-01,9.065039157867431641e-01,9.292618036270141602e-01,1.065172478556632996e-01,-8.106319308280944824e-01,9.646218419075012207e-01,-1.611301749944686890e-01,5.686032399535179138e-02,-9.597474336624145508e-01,-8.756088614463806152e-01,-9.065600633621215820e-01,8.673350811004638672e-01,9.515609145164489746e-01,1.784551590681076050e-01,9.351789951324462891e-01,-7.520158886909484863e-01,9.428697228431701660e-01,-9.769328236579895020e-01,-9.017096161842346191e-01,8.517667055130004883e-01,-9.612239599227905273e-01,-5.673691034317016602e-01,7.348602414131164551e-01,-6.681745648384094238e-01,-9.738974571228027344e-01,7.225156426429748535e-01,-3.592444658279418945e-01,-6.388615369796752930e-01,9.089718461036682129e-01,6.018399000167846680e-01,-6.556057333946228027e-01,8.639874458312988281e-01,2.677034437656402588e-01
-2.815906107425689697e-01,-8.780215382575988770e-01,6.636081337928771973e-01,9.941064715385437012e-01,3.942762613296508789e-01,-1.209022700786590576e-01,-5.903919935226440430e-01,5.936911702156066895e-01,6.460341811180114746e-01,-4.563726484775543213e-01,2.506409585475921631e-01,7.924388051033020020e-01,-1.678289473056793213e-02,9.869284927845001221e-02,-8.552688360214233398e-01,7.401612401008605957e-01,-9.267570376396179199e-01,1.845004260540008545e-01,5.895156264305114746e-01,5.504347085952758789e-01,-2.701728641986846924e-01,9.512134790420532227e-01,3.995968699455261230e-01,5.538418292999267578e-01,-3.816246688365936279e-01,-2.619239389896392822e-01,-7.176942229270935059e-01,-8.530723452568054199e-01,6.784472465515136719e-01,6.581319570541381836e-01,-5.746300220489501953e-01,-1.133049800992012024e-01,-5.447496175765991211e-01,-7.436219453811645508e-01,6.472177505493164062e-01,3.398097455501556396e-01,8.228903412818908691e-01,-5.325982570648193359e-01,-1.676222383975982666e-01,2.197057157754898071e-01,-1.708867959678173065e-02,-9.196386933326721191e-01,5.256186425685882568e-02,-5.598799586296081543e-01,-6.133419871330261230e-01,8.050249814987182617e-01,7.041326165199279785e-01,-5.859946012496948242e-01,9.295414090156555176e-01,5.364453196525573730e-01,-7.062456607818603516e-01,-4.108451902866363525e-01,6.565646827220916748e-02,8.196402192115783691e-01,7.481098175048828125e-01,-6.918323636054992676e-01,-7.340108156204223633e-01,-9.284184575080871582e-01,3.121118061244487762e-03,-8.353370428085327148e-01,-1.204577535390853882e-01,9.588118195533752441e-01,-6.160098314285278320e-01,-5.938763618469238281e-01,-3.822690844535827637e-01,5.472285747528076172e-01,5.298147797584533691e-01,5.146085619926452637e-01,5.331019163131713867e-01,2.319488860666751862e-02,4.374058246612548828e-01,-9.773944318294525146e-02,5.144729018211364746e-01,1.321739554405212402e-01,6.709874868392944336e-01,6.930975317955017090e-01,8.283546566963195801e-01,-8.750889301300048828e-01,3.114201128482818604e-01,-5.390644669532775879e-01,1.279900074005126953e-01,-9.389200806617736816e-01,2.465563863515853882e-01,-6.727143526077270508e-01,-5.248630642890930176e-01,-3.644624650478363037e-01,-8.857434391975402832e-01,-3.687579631805419922e-01,-8.883035182952880859e-02,4.199444651603698730e-01,-5.153599977493286133e-01,3.213456273078918457e-01,2.437312304973602295e-01,-6.650484353303909302e-02,5.613195896148681641e-01,-6.061869263648986816e-01,3.366514444351196289e-01,5.769358873367309570e-01,7.767795324325561523e-01,-1.420691758394241333e-01,6.136617660522460938e-01,-8.109096288681030273e-01,-6.277710795402526855e-01,-7.782713174819946289e-01,-2.578492760658264160e-01,-7.997381091117858887e-01,2.432021796703338623e-01,4.661903977394104004e-01,8.049282431602478027e-01,4.374699294567108154e-01,-5.692428722977638245e-02,4.337761700153350830e-01,-5.785338282585144043e-01,-7.826871871948242188e-01,6.455665230751037598e-01,-5.155860185623168945e-01,1.990393549203872681e-01,2.867841906845569611e-02,2.065391279757022858e-02,-7.300743460655212402e-01,2.783186733722686768e-01,-8.852136135101318359e-01,9.904816746711730957e-02,4.240309000015258789e-01,-1.220594942569732666e-01,7.747562974691390991e-02,2.832560241222381592e-01,8.322612643241882324e-01
-1.513561904430389404e-01,-4.374801218509674072e-01,3.549098968505859375e-01,3.942762613296508789e-01,9.493324160575866699e-01,-1.956236660480499268e-01,-4.304477870464324951e-01,3.379310369491577148e-01,4.787974059581756592e-01,-2.890585064888000488e-01,1.383006572723388672e-01,2.939392328262329102e-01,-2.667706832289695740e-02,1.901087909936904907e-01,-5.198704600334167480e-01,2.883188426494598389e-01,-4.919199943542480469e-01,1.806490123271942139e-02,3.452033102512359619e-01,4.451669156551361084e-01,-2.915921807289123535e-01,3.658567368984222412e-01,-2.665111608803272247e-02,9.755072742700576782e-02,-2.036852836608886719e-01,-2.469608746469020844e-02,-3.035785555839538574e-01,-1.526616513729095459e-01,2.331573665142059326e-01,4.481336176395416260e-01,-3.520739078521728516e-01,1.777918078005313873e-02,-2.547669112682342529e-01,-3.755148947238922119e-01,3.788585662841796875e-01,2.130251824855804443e-01,4.631829559803009033e-01,-3.107322156429290771e-01,-1.148045957088470459e-01,2.205830067396163940e-01,1.200854256749153137e-01,-2.249695807695388794e-01,-2.178934067487716675e-01,-3.174693584442138672e-01,-1.867710947990417480e-01,3.883161246776580811e-01,1.902260482311248779e-01,-3.097961843013763428e-01,4.788519144058227539e-01,1.867895424365997314e-01,-3.581981956958770752e-01,-2.055951356887817383e-01,-2.367514073848724365e-01,3.102751672267913818e-01,4.366284906864166260e-01,-1.920010745525360107e-01,-4.294464886188507080e-01,-3.457309603691101074e-01,-6.424298882484436035e-02,-3.409915268421173096e-01,1.761433780193328857e-01,5.152523517608642578e-01,-3.113938868045806885e-01,-2.149896174669265747e-01,-5.536334589123725891e-02,2.909756600856781006e-01,1.316123008728027344e-01,1.288282126188278198e-01,3.023200631141662598e-01,-8.043447881937026978e-02,2.844206392765045166e-01,8.276259899139404297e-02,2.389000803232192993e-01,1.321006268262863159e-01,3.008119165897369385e-01,4.380583167076110840e-01,3.471567928791046143e-01,-3.933976888656616211e-01,5.168389156460762024e-02,-2.188162207603454590e-01,-1.087079755961894989e-03,-4.024305045604705811e-01,2.626274824142456055e-01,-3.318075239658355713e-01,-1.371048092842102051e-01,-2.698687911033630371e-01,-4.638190865516662598e-01,-2.468004077672958374e-01,3.860443457961082458e-02,2.445686012506484985e-01,-2.479207813739776611e-01,1.446715444326400757e-01,1.243650317192077637e-01,-1.271840035915374756e-01,2.738265395164489746e-01,-3.866707682609558105e-01,2.172586470842361450e-01,2.933735251426696777e-01,3.477799892425537109e-01,-1.180031374096870422e-01,3.523082137107849121e-01,-2.887995243072509766e-01,-2.310684621334075928e-01,-3.556165993213653564e-01,-2.071265578269958496e-01,-4.925601184368133545e-01,2.194226682186126709e-01,2.837063670158386230e-01,3.297884464263916016e-01,2.522646486759185791e-01,-7.881189882755279541e-02,3.182539343833923340e-01,-3.387872874736785889e-01,-4.670649170875549316e-01,1.936491727828979492e-01,-3.118303418159484863e-01,-3.054753132164478302e-02,2.438130788505077362e-02,-1.843081265687942505e-01,-3.634204268455505371e-01,-2.136804163455963135e-02,-1.428579390048980713e-01,-6.259290128946304321e-02,1.897419840097427368e-01,9.239203482866287231e-02,-2.407011017203330994e-02,1.732137501239776611e-01,2.517469227313995361e-01
9.470092058181762695e-01,5.183364152908325195e-01,-8.010669946670532227e-01,-1.209022700786590576e-01,-1.956236660480499268e-01,9.973831772804260254e-01,8.309366703033447266e-01,-6.722283363342285156e-01,-8.026128411293029785e-01,9.154736995697021484e-01,-9.707559347152709961e-01,4.580541551113128662e-01,9.631409645080566406e-01,-9.592514038085937500e-01,-1.830189079046249390e-01,-6.933221220970153809e-01,1.055760905146598816e-01,9.338947534561157227e-01,-8.300063610076904297e-01,-8.164379596710205078e-01,-7.926455736160278320e-01,4.239569231867790222e-02,8.367463946342468262e-01,7.018617987632751465e-01,9.357048869132995605e-01,-8.605935573577880859e-01,7.215167284011840820e-01,1.255925595760345459e-01,-7.475388646125793457e-01,-5.165430903434753418e-01,8.547939658164978027e-01,-9.494315385818481445e-01,8.736111521720886230e-01,-5.065144300460815430e-01,-8.035160899162292480e-01,-9.460019469261169434e-01,-5.311110615730285645e-01,8.837177753448486328e-01,9.614799022674560547e-01,-9.836727380752563477e-01,-9.642175436019897461e-01,2.061484381556510925e-02,9.499456286430358887e-01,8.627395629882812500e-01,-6.669235825538635254e-01,-6.492325663566589355e-01,5.849655866622924805e-01,8.437227606773376465e-01,-2.021175473928451538e-01,7.092540264129638672e-01,5.627167820930480957e-01,9.360816478729248047e-01,8.791519403457641602e-01,-6.121244430541992188e-01,-7.077200412750244141e-01,7.045412063598632812e-01,7.047754526138305664e-01,-1.444516032934188843e-01,7.503101229667663574e-01,5.377663373947143555e-01,-9.252365231513977051e-01,-1.144776567816734314e-01,8.132101297378540039e-01,-6.787466406822204590e-01,-8.530456423759460449e-01,-8.616850376129150391e-01,7.366346120834350586e-01,7.708035707473754883e-01,-8.866890668869018555e-01,9.604319930076599121e-01,-9.341653585433959961e-01,8.591820597648620605e-01,-8.754192590713500977e-01,-9.839072823524475098e-01,-7.870918512344360352e-01,3.285455703735351562e-01,-6.062932014465332031e-01,5.156000256538391113e-01,-8.188742399215698242e-01,-7.343767285346984863e-01,9.486755132675170898e-01,3.642822802066802979e-01,-9.740428924560546875e-01,7.861707806587219238e-01,-7.569409012794494629e-01,9.502472877502441406e-01,4.522724151611328125e-01,9.445150494575500488e-01,-9.527158141136169434e-01,-9.350130558013916016e-01,8.718668222427368164e-01,-9.549382328987121582e-01,-9.412356615066528320e-01,9.835816025733947754e-01,-8.495098948478698730e-01,7.734831571578979492e-01,-9.554245471954345703e-01,-8.042151331901550293e-01,4.733103513717651367e-01,9.804059863090515137e-01,-8.144391179084777832e-01,-4.424657821655273438e-01,-5.955448746681213379e-01,6.757390499114990234e-01,9.752770066261291504e-01,5.892316102981567383e-01,-9.761074185371398926e-01,-9.141337871551513672e-01,4.133672714233398438e-01,-9.148653745651245117e-01,9.789785146713256836e-01,-9.286236763000488281e-01,8.517643213272094727e-01,5.860521793365478516e-01,-6.078773736953735352e-01,8.828245997428894043e-01,9.277579784393310547e-01,-9.693091511726379395e-01,9.045385122299194336e-01,7.326380014419555664e-01,-7.914742231369018555e-01,-2.340526729822158813e-01,9.575365781784057617e-01,-8.892300724983215332e-01,-9.101335406303405762e-01,9.577403664588928223e-01,-9.470295310020446777e-01,3.182903230190277100e-01
8.475279211997985840e-01,8.634288311004638672e-01,-9.688794612884521484e-01,-5.903919935226440430e-01,-4.304477870464324951e-01,8.309366703033447266e-01,9.926362633705139160e-01,-8.964776992797851562e-01,-9.767579436302185059e-01,9.570568203926086426e-01,-8.799384832382202148e-01,-7.021572440862655640e-02,7.282323837280273438e-01,-8.176858425140380859e-01,3.325701355934143066e-01,-9.053587317466735840e-01,5.980607271194458008e-01,6.338357329368591309e-01,-9.683133363723754883e-01,-9.771500229835510254e-01,-4.092286527156829834e-01,-4.627012014389038086e-01,4.613103866577148438e-01,2.843834161758422852e-01,9.241307973861694336e-01,-5.050684213638305664e-01,9.272068738937377930e-01,4.750225841999053955e-01,-8.904728293418884277e-01,-7.836325168609619141e-01,9.770775437355041504e-01,-6.667022705078125000e-01,9.532029628753662109e-01,1.216061692684888840e-02,-9.636625051498413086e-01,-9.160582423210144043e-01,-8.669815659523010254e-01,9.621275663375854492e-01,8.352835178375244141e-01,-8.820680379867553711e-01,-7.465992569923400879e-01,4.578958749771118164e-01,7.551212906837463379e-01,9.679912924766540527e-01,-2.223433256149291992e-01,-9.232543706893920898e-01,8.734869956970214844e-02,9.740225672721862793e-01,-6.177521944046020508e-01,2.794414162635803223e-01,7.370961308479309082e-01,9.237430691719055176e-01,6.526938676834106445e-01,-8.632477521896362305e-01,-9.384862780570983887e-01,8.844725489616394043e-01,9.425370097160339355e-01,3.474588990211486816e-01,5.230931043624877930e-01,8.281235098838806152e-01,-6.668709516525268555e-01,-6.148998141288757324e-01,9.439573884010314941e-01,-2.094478309154510498e-01,-4.760893881320953369e-01,-9.494857788085937500e-01,3.175112605094909668e-01,3.290953040122985840e-01,-9.604507684707641602e-01,7.424985170364379883e-01,-9.540307521820068359e-01,7.060611844062805176e-01,-9.369770884513854980e-01,-8.296964168548583984e-01,-9.511222839355468750e-01,-1.222038120031356812e-01,-8.990143537521362305e-01,8.473849296569824219e-01,-7.562481760978698730e-01,-2.817097008228302002e-01,6.690219044685363770e-01,7.644832730293273926e-01,-8.836765885353088379e-01,9.602339267730712891e-01,-3.268464803695678711e-01,9.098640084266662598e-01,8.439005613327026367e-01,9.168891906738281250e-01,-6.807040572166442871e-01,-9.410101175308227539e-01,9.429396390914916992e-01,-8.898882269859313965e-01,-8.311161994934082031e-01,8.021965622901916504e-01,-9.691148996353149414e-01,9.497177004814147949e-01,-9.048072099685668945e-01,-9.064472913742065430e-01,-2.641776949167251587e-02,8.351576328277587891e-01,-9.576233625411987305e-01,8.595641702413558960e-02,-1.139396876096725464e-01,9.275534152984619141e-01,8.993837833404541016e-01,8.515959382057189941e-01,-8.999773263931274414e-01,-9.525901675224304199e-01,-1.072375327348709106e-01,-9.382693171501159668e-01,7.768958210945129395e-01,-9.489424824714660645e-01,9.818719029426574707e-01,8.670029640197753906e-01,-8.284955024719238281e-01,9.631092548370361328e-01,6.340921521186828613e-01,-7.625466585159301758e-01,7.522193789482116699e-01,9.414671659469604492e-01,-6.824585795402526855e-01,2.535545825958251953e-01,6.896792650222778320e-01,-9.148343801498413086e-01,-6.782473325729370117e-01,7.017441987991333008e-01,-8.828402757644653320e-01,-2.108923047780990601e-01
-6.890678405761718750e-01,-8.149392604827880859e-01,8.772311210632324219e-01,5.936911702156066895e-01,3.379310369491577148e-01,-6.722283363342285156e-01,-8.964776992797851562e-01,9.869885444641113281e-01,8.765640258789062500e-01,-8.447192907333374023e-01,7.639017105102539062e-01,1.757502406835556030e-01,-5.740920305252075195e-01,7.189382314682006836e-01,-3.130474090576171875e-01,8.740454316139221191e-01,-6.118128895759582520e-01,-5.007216930389404297e-01,9.175974726676940918e-01,9.194852709770202637e-01,2.902314662933349609e-01,5.026332139968872070e-01,-3.387806415557861328e-01,-1.565376222133636475e-01,-8.285366296768188477e-01,3.400988876819610596e-01,-8.706427812576293945e-01,-5.153347849845886230e-01,7.585596442222595215e-01,6.905142664909362793e-01,-8.963711261749267578e-01,5.400247573852539062e-01,-8.584950566291809082e-01,-1.368148922920227051e-01,8.770385384559631348e-01,8.087633848190307617e-01,7.938072085380554199e-01,-8.496825695037841797e-01,-7.416378259658813477e-01,7.212122082710266113e-01,6.182811856269836426e-01,-4.309383928775787354e-01,-6.385467052459716797e-01,-8.699822425842285156e-01,1.332004666328430176e-01,8.672992587089538574e-01,2.857380360364913940e-02,-8.878639340400695801e-01,6.192796230316162109e-01,-1.201580464839935303e-01,-6.010478734970092773e-01,-7.942025661468505859e-01,-4.649583995342254639e-01,7.998048067092895508e-01,8.294416666030883789e-01,-8.514888882637023926e-01,-8.754736185073852539e-01,-4.174348115921020508e-01,-4.641444087028503418e-01,-7.549501061439514160e-01,4.566584527492523193e-01,6.253879666328430176e-01,-8.386400341987609863e-01,7.052116096019744873e-02,3.571684956550598145e-01,8.602672219276428223e-01,-1.852190643548965454e-01,-1.720837652683258057e-01,8.475050330162048340e-01,-6.014388799667358398e-01,8.246464133262634277e-01,-6.753369569778442383e-01,8.555328249931335449e-01,7.035611867904663086e-01,8.659172058105468750e-01,1.227653101086616516e-01,8.666200637817382812e-01,-8.398876190185546875e-01,5.386383533477783203e-01,1.449413150548934937e-01,-5.393286347389221191e-01,-7.628160715103149414e-01,7.277511954307556152e-01,-8.726211190223693848e-01,1.908883750438690186e-01,-7.637304663658142090e-01,-8.052322864532470703e-01,-8.022764325141906738e-01,5.374534130096435547e-01,8.146166801452636719e-01,-8.778045773506164551e-01,7.376465201377868652e-01,7.020832300186157227e-01,-6.499649882316589355e-01,9.083581566810607910e-01,-8.431069254875183105e-01,7.723294496536254883e-01,7.961823344230651855e-01,9.253037720918655396e-02,-7.101935148239135742e-01,8.845639824867248535e-01,-2.031894922256469727e-01,-8.382433652877807617e-02,-8.737213611602783203e-01,-7.754465937614440918e-01,-7.627714872360229492e-01,7.806640863418579102e-01,8.572487235069274902e-01,1.985314786434173584e-01,8.368812203407287598e-01,-6.373802423477172852e-01,8.436286449432373047e-01,-8.796229958534240723e-01,-8.310459256172180176e-01,8.392412662506103516e-01,-8.792187571525573730e-01,-4.965235292911529541e-01,6.336618661880493164e-01,-7.018491625785827637e-01,-8.685927987098693848e-01,5.136360526084899902e-01,-3.214676380157470703e-01,-5.292688012123107910e-01,7.838100790977478027e-01,6.049995422363281250e-01,-5.651223063468933105e-01,7.698656320571899414e-01,3.834100067615509033e-01
-8.313262462615966797e-01,-8.941034078598022461e-01,9.738137125968933105e-01,6.460341811180114746e-01,4.787974059581756592e-01,-8.026128411293029785e-01,-9.767579436302185059e-01,8.765640258789062500e-01,9.922461509704589844e-01,-9.407482147216796875e-01,8.489124774932861328e-01,1.368894279003143311e-01,-6.903398633003234863e-01,7.718757987022399902e-01,-3.916528224945068359e-01,9.293816685676574707e-01,-6.486733555793762207e-01,-5.740349888801574707e-01,9.640857577323913574e-01,9.522987604141235352e-01,3.700351119041442871e-01,5.206052660942077637e-01,-3.954155445098876953e-01,-2.031745165586471558e-01,-9.041627049446105957e-01,4.565199613571166992e-01,-9.307538866996765137e-01,-5.355936288833618164e-01,9.048567414283752441e-01,8.051359057426452637e-01,-9.695688486099243164e-01,6.209394931793212891e-01,-9.477826356887817383e-01,-8.387913554906845093e-02,9.695279598236083984e-01,8.844885230064392090e-01,8.913605809211730957e-01,-9.549971818923950195e-01,-7.932575941085815430e-01,8.489826321601867676e-01,6.995300650596618652e-01,-5.236909389495849609e-01,-6.956955194473266602e-01,-9.598588347434997559e-01,1.370544433593750000e-01,9.378839135169982910e-01,-2.928841300308704376e-02,-9.548777341842651367e-01,6.964144110679626465e-01,-2.036566138267517090e-01,-8.116329312324523926e-01,-9.091899991035461426e-01,-6.304015517234802246e-01,8.916390538215637207e-01,9.580379128456115723e-01,-8.877133131027221680e-01,-9.445295333862304688e-01,-4.232895374298095703e-01,-5.267464518547058105e-01,-8.717594146728515625e-01,6.194413900375366211e-01,6.637966036796569824e-01,-9.459828138351440430e-01,1.343019902706146240e-01,4.084309935569763184e-01,9.469118714332580566e-01,-2.317218482494354248e-01,-2.609744369983673096e-01,9.538679718971252441e-01,-6.847779154777526855e-01,9.395981431007385254e-01,-6.568229198455810547e-01,9.258235096931457520e-01,7.939289808273315430e-01,9.548992514610290527e-01,2.044555693864822388e-01,9.160296320915222168e-01,-8.803604841232299805e-01,7.459004521369934082e-01,2.081314623355865479e-01,-6.135788559913635254e-01,-8.057285547256469727e-01,8.588086962699890137e-01,-9.615642428398132324e-01,2.515562474727630615e-01,-9.026652574539184570e-01,-8.588816523551940918e-01,-9.013355970382690430e-01,6.341794133186340332e-01,9.213368892669677734e-01,-9.319273829460144043e-01,8.695986270904541016e-01,8.098354935646057129e-01,-7.548865079879760742e-01,9.513372778892517090e-01,-9.340384006500244141e-01,8.859219551086425781e-01,9.090889096260070801e-01,1.108355298638343811e-01,-7.959213256835937500e-01,9.536416530609130859e-01,-1.473738551139831543e-01,4.987379536032676697e-02,-9.394164681434631348e-01,-8.690029382705688477e-01,-9.102253913879394531e-01,8.634424209594726562e-01,9.398061037063598633e-01,1.780505031347274780e-01,9.202224612236022949e-01,-7.378935217857360840e-01,9.400635361671447754e-01,-9.684169888496398926e-01,-8.980976939201354980e-01,8.004484772682189941e-01,-9.545168876647949219e-01,-5.676141381263732910e-01,7.139440178871154785e-01,-6.848039627075195312e-01,-9.553941488265991211e-01,6.557968258857727051e-01,-3.073929250240325928e-01,-6.393024325370788574e-01,8.929539322853088379e-01,6.166259646415710449e-01,-6.462344527244567871e-01,8.468073010444641113e-01,2.536167800426483154e-01
9.348088502883911133e-01,7.775149941444396973e-01,-9.494122266769409180e-01,-4.563726484775543213e-01,-2.890585064888000488e-01,9.154736995697021484e-01,9.570568203926086426e-01,-8.447192907333374023e-01,-9.407482147216796875e-01,9.841374754905700684e-01,-9.564093351364135742e-01,1.169512942433357239e-01,8.583715558052062988e-01,-8.857640624046325684e-01,1.358138322830200195e-01,-8.859338760375976562e-01,4.296782016754150391e-01,7.691922783851623535e-01,-9.608359932899475098e-01,-9.361202716827392578e-01,-6.028753519058227539e-01,-3.110049962997436523e-01,5.940047502517700195e-01,4.332672655582427979e-01,9.782167077064514160e-01,-6.529222130775451660e-01,9.018092155456542969e-01,4.061358273029327393e-01,-9.019404053688049316e-01,-6.899366378784179688e-01,9.737997055053710938e-01,-8.035562038421630859e-01,9.765822887420654297e-01,-1.844595521688461304e-01,-9.483435153961181641e-01,-9.705403447151184082e-01,-7.718116641044616699e-01,9.780943989753723145e-01,9.197617769241333008e-01,-9.503379464149475098e-01,-8.547434210777282715e-01,3.439678251743316650e-01,8.270664215087890625e-01,9.724934697151184082e-01,-3.832158148288726807e-01,-8.676541447639465332e-01,2.685682475566864014e-01,9.702254533767700195e-01,-5.092557072639465332e-01,4.368707835674285889e-01,7.182412743568420410e-01,9.797335863113403320e-01,7.344123721122741699e-01,-8.228636980056762695e-01,-8.958467245101928711e-01,8.858966231346130371e-01,8.906525969505310059e-01,1.983455866575241089e-01,6.378635764122009277e-01,7.738789319992065430e-01,-7.642720937728881836e-01,-4.465051889419555664e-01,9.353737831115722656e-01,-3.852318227291107178e-01,-6.249069571495056152e-01,-9.675618410110473633e-01,4.658425450325012207e-01,4.971207976341247559e-01,-9.813193082809448242e-01,8.459571003913879395e-01,-9.882578253746032715e-01,8.244624137878417969e-01,-9.687356948852539062e-01,-9.253771305084228516e-01,-9.438707232475280762e-01,4.352564737200737000e-02,-8.422290086746215820e-01,7.721838951110839844e-01,-8.214570283889770508e-01,-4.561029970645904541e-01,8.009982109069824219e-01,6.615679860115051270e-01,-9.450611472129821777e-01,9.452580809593200684e-01,-4.856893420219421387e-01,9.702197313308715820e-01,7.264240384101867676e-01,9.727950692176818848e-01,-8.106753826141357422e-01,-9.832590222358703613e-01,9.682186841964721680e-01,-9.592940211296081543e-01,-9.245582222938537598e-01,8.974447846412658691e-01,-9.703776240348815918e-01,9.096042513847351074e-01,-9.700527787208557129e-01,-8.924716711044311523e-01,1.537948548793792725e-01,9.292763471603393555e-01,-9.476615786552429199e-01,-9.832488745450973511e-02,-2.946684658527374268e-01,8.859384655952453613e-01,9.677907228469848633e-01,7.826303839683532715e-01,-9.633029699325561523e-01,-9.834460020065307617e-01,7.892677932977676392e-02,-9.793008565902709961e-01,8.918232917785644531e-01,-9.816274046897888184e-01,9.697855710983276367e-01,8.022356629371643066e-01,-8.005191087722778320e-01,9.746245741844177246e-01,7.560301423072814941e-01,-8.795598745346069336e-01,8.210104703903198242e-01,9.134238362312316895e-01,-7.758492231369018555e-01,1.238410025835037231e-01,8.150449991226196289e-01,-9.514788985252380371e-01,-7.776023149490356445e-01,8.232811689376831055e-01,-9.477953910827636719e-01,-3.381202369928359985e-02
-9.697666764259338379e-01,-6.177556514739990234e-01,8.720958232879638672e-01,2.506409585475921631e-01,1.383006572723388672e-01,-9.707559347152709961e-01,-8.799384832382202148e-01,7.639017105102539062e-01,8.489124774932861328e-01,-9.564093351364135742e-01,9.976266622543334961e-01,-3.418792188167572021e-01,-9.529737830162048340e-01,9.519751667976379395e-01,9.847068786621093750e-02,7.916731238365173340e-01,-2.017788141965866089e-01,-8.916461467742919922e-01,9.012223482131958008e-01,8.588015437126159668e-01,7.753576040267944336e-01,8.761917799711227417e-02,-7.523717880249023438e-01,-5.910127162933349609e-01,-9.819496870040893555e-01,8.133790493011474609e-01,-8.287952542304992676e-01,-2.881971001625061035e-01,8.306191563606262207e-01,5.443643927574157715e-01,-9.132814407348632812e-01,9.146909117698669434e-01,-9.392091631889343262e-01,4.048237502574920654e-01,8.763712644577026367e-01,9.841354489326477051e-01,6.003475189208984375e-01,-9.382073879241943359e-01,-9.836032986640930176e-01,9.841944575309753418e-01,9.446437954902648926e-01,-1.437286734580993652e-01,-9.028048515319824219e-01,-9.239725470542907715e-01,5.776991844177246094e-01,7.510063052177429199e-01,-4.617277085781097412e-01,-9.105238914489746094e-01,3.132233619689941406e-01,-6.036260128021240234e-01,-6.097065210342407227e-01,-9.763113856315612793e-01,-7.819289565086364746e-01,7.215602397918701172e-01,7.782461643218994141e-01,-8.250589370727539062e-01,-7.943978309631347656e-01,3.696557134389877319e-03,-7.635483145713806152e-01,-6.290665864944458008e-01,8.552699089050292969e-01,2.223642617464065552e-01,-8.822122216224670410e-01,5.869557261466979980e-01,7.860963940620422363e-01,9.280984401702880859e-01,-6.415961980819702148e-01,-6.751165986061096191e-01,9.384945631027221680e-01,-9.413025379180908203e-01,9.691112041473388672e-01,-9.108040928840637207e-01,9.451221823692321777e-01,9.848777651786804199e-01,8.707544207572937012e-01,-2.879702746868133545e-01,7.210873961448669434e-01,-6.378084421157836914e-01,8.258528113365173340e-01,6.548464298248291016e-01,-9.184442162513732910e-01,-4.967913329601287842e-01,9.698846936225891113e-01,-8.647546768188476562e-01,6.674804091453552246e-01,-9.701059460639953613e-01,-5.455773472785949707e-01,-9.803858399391174316e-01,9.258975386619567871e-01,9.660527110099792480e-01,-9.432605504989624023e-01,9.745070338249206543e-01,9.650762081146240234e-01,-9.699860811233520508e-01,9.226594567298889160e-01,-8.154820799827575684e-01,9.854779243469238281e-01,8.710187077522277832e-01,-3.769880533218383789e-01,-9.879850745201110840e-01,8.919615745544433594e-01,3.117395341396331787e-01,4.826515913009643555e-01,-7.797681689262390137e-01,-9.909409284591674805e-01,-6.554189920425415039e-01,9.873494505882263184e-01,9.629604220390319824e-01,-3.092415034770965576e-01,9.664636254310607910e-01,-9.697162508964538574e-01,9.630157947540283203e-01,-9.099857211112976074e-01,-6.888330578804016113e-01,7.415392398834228516e-01,-9.408643841743469238e-01,-8.807325363159179688e-01,9.665573239326477051e-01,-8.913205862045288086e-01,-8.231405019760131836e-01,8.424412012100219727e-01,7.952469587326049805e-02,-9.150285720825195312e-01,9.162750840187072754e-01,8.831025958061218262e-01,-9.310591220855712891e-01,9.806230068206787109e-01,-1.625523418188095093e-01
3.233304321765899658e-01,-4.968661069869995117e-01,1.382913887500762939e-01,7.924388051033020020e-01,2.939392328262329102e-01,4.580541551113128662e-01,-7.021572440862655640e-02,1.757502406835556030e-01,1.368894279003143311e-01,1.169512942433357239e-01,-3.418792188167572021e-01,9.970812797546386719e-01,5.659687519073486328e-01,-4.630209803581237793e-01,-9.064502120018005371e-01,2.569485306739807129e-01,-8.077453374862670898e-01,7.097977995872497559e-01,5.245538800954818726e-02,4.359760880470275879e-02,-7.304535508155822754e-01,8.806871175765991211e-01,8.263974785804748535e-01,8.976417183876037598e-01,2.078581899404525757e-01,-7.527557015419006348e-01,-2.054934501647949219e-01,-6.440634131431579590e-01,1.373531371355056763e-01,3.687985241413116455e-01,-2.044170536100864410e-02,-6.626836657524108887e-01,2.568268962204456329e-02,-9.698836207389831543e-01,1.094960495829582214e-01,-2.560185492038726807e-01,4.659512341022491455e-01,3.938125446438789368e-02,4.202092587947845459e-01,-3.745943903923034668e-01,-5.783887505531311035e-01,-8.054727911949157715e-01,5.721459388732910156e-01,2.658321463968604803e-04,-9.351028800010681152e-01,3.382499516010284424e-01,9.573113918304443359e-01,-2.709401957690715790e-02,7.101128697395324707e-01,8.863611817359924316e-01,-3.119797110557556152e-01,1.904510557651519775e-01,5.325059294700622559e-01,3.496084809303283691e-01,2.604666650295257568e-01,-1.753833740949630737e-01,-2.294154465198516846e-01,-9.001749157905578613e-01,4.780629277229309082e-01,-4.534743130207061768e-01,-6.291123032569885254e-01,8.103380799293518066e-01,-7.594231516122817993e-02,-9.469371438026428223e-01,-8.266852498054504395e-01,-1.713696122169494629e-02,8.984308838844299316e-01,9.089153409004211426e-01,-5.150074884295463562e-02,5.831843018531799316e-01,-1.515275537967681885e-01,4.551773667335510254e-01,-7.271299511194229126e-02,-4.589038193225860596e-01,1.352470517158508301e-01,8.602216243743896484e-01,3.781431615352630615e-01,-4.734146296977996826e-01,-1.785989701747894287e-01,-9.196571111679077148e-01,6.709061264991760254e-01,-6.164902448654174805e-01,-3.529854416847229004e-01,-1.365736424922943115e-01,-9.087448120117187500e-01,2.334472984075546265e-01,-5.395444631576538086e-01,2.303365170955657959e-01,-6.493732333183288574e-01,-1.691856533288955688e-01,5.186527222394943237e-02,-2.719422280788421631e-01,-3.506901562213897705e-01,5.156878232955932617e-01,7.556895725429058075e-03,-1.095669120550155640e-01,-2.622826397418975830e-01,4.854598641395568848e-02,9.779619574546813965e-01,4.474399983882904053e-01,6.505355983972549438e-02,-9.808315038681030273e-01,-9.222501516342163086e-01,-2.888761460781097412e-01,3.337772786617279053e-01,-4.010601341724395752e-01,-3.440212607383728027e-01,-1.190165132284164429e-01,9.811483025550842285e-01,-1.526673585176467896e-01,5.310111045837402344e-01,-1.464916467666625977e-01,-3.507615998387336731e-02,-3.594118356704711914e-01,2.012128978967666626e-01,4.888783022761344910e-02,7.149320244789123535e-01,-5.491540431976318359e-01,5.213314890861511230e-01,-2.188429534435272217e-01,-3.009645640850067139e-01,-8.923082351684570312e-01,6.512781381607055664e-01,-1.287489682435989380e-01,-6.283189058303833008e-01,6.360186934471130371e-01,-3.185710608959197998e-01,9.201112389564514160e-01
