9.999980330467224121e-01,-9.999978542327880859e-01,-9.999876618385314941e-01,9.999983310699462891e-01,9.999987483024597168e-01,-9.999984502792358398e-01,-9.999710917472839355e-01,9.999988675117492676e-01,-9.999967217445373535e-01,9.999959468841552734e-01,-9.999901056289672852e-01,-9.999988079071044922e-01,9.999982118606567383e-01,9.999968409538269043e-01,9.999362230300903320e-01,9.999977350234985352e-01,9.999976754188537598e-01,-9.999970793724060059e-01,-9.998104572296142578e-01,-9.999990463256835938e-01,-9.999988675117492676e-01,9.999858140945434570e-01,9.999965429306030273e-01,9.999982118606567383e-01,9.999370574951171875e-01,9.999989867210388184e-01,-9.999981522560119629e-01,-9.999988675117492676e-01,9.999864101409912109e-01,-9.999937415122985840e-01,-9.999977946281433105e-01,-9.999986886978149414e-01,9.999969601631164551e-01,9.999977946281433105e-01,-9.999970793724060059e-01,-9.999953508377075195e-01,9.999989271163940430e-01,9.999985694885253906e-01,9.999926090240478516e-01,-9.999986886978149414e-01,9.999983310699462891e-01,-9.999973177909851074e-01,9.999539256095886230e-01,9.999985694885253906e-01,9.999961853027343750e-01,9.999972581863403320e-01,9.999951124191284180e-01,9.999958872795104980e-01,9.999986290931701660e-01,-9.999985098838806152e-01,-9.999985694885253906e-01,-9.999967217445373535e-01,-9.999983906745910645e-01,-9.999869465827941895e-01,-9.999961853027343750e-01,-9.999970793724060059e-01,-9.999977946281433105e-01,9.999518990516662598e-01,9.999972581863403320e-01,9.999967813491821289e-01,-9.999938011169433594e-01,9.999988079071044922e-01,9.999982118606567383e-01,9.999951124191284180e-01,-9.999852776527404785e-01,-9.999987483024597168e-01,-9.999988675117492676e-01,-9.999912381172180176e-01,-9.999977350234985352e-01,9.999988675117492676e-01,-9.999984502792358398e-01,9.999970793724060059e-01,9.999961256980895996e-01,-9.999873638153076172e-01,9.999300241470336914e-01,-9.999976158142089844e-01,9.999814629554748535e-01,9.999977350234985352e-01,-9.999898672103881836e-01,-9.999976158142089844e-01,9.999716281890869141e-01,9.999976754188537598e-01,-9.999986290931701660e-01,-9.999634027481079102e-01,-9.999983310699462891e-01,-9.999867677688598633e-01,9.999926686286926270e-01,9.999985098838806152e-01,-9.999842047691345215e-01,9.999982118606567383e-01,-9.999981522560119629e-01,9.999982118606567383e-01,-9.999628067016601562e-01,-9.999983906745910645e-01,9.999984502792358398e-01,-9.999972581863403320e-01,9.999702572822570801e-01,9.999988675117492676e-01,-9.999986290931701660e-01,9.999941587448120117e-01,-9.999976754188537598e-01,9.999984502792358398e-01,-9.999915957450866699e-01,-9.999701380729675293e-01,9.999982118606567383e-01,9.999874830245971680e-01,9.999880790710449219e-01,-9.999969601631164551e-01,-9.999942779541015625e-01,9.999983906745910645e-01,-9.999969005584716797e-01,9.999983310699462891e-01,-9.999978542327880859e-01,-9.999935030937194824e-01,9.999990463256835938e-01,-9.999983906745910645e-01,9.999982714653015137e-01,-9.999985694885253906e-01,-9.997259974479675293e-01,-9.999973773956298828e-01,-9.999987483024597168e-01,9.999953508377075195e-01,9.999983906745910645e-01,-9.999976754188537598e-01,9.999881982803344727e-01,-9.999960660934448242e-01,-9.999829530715942383e-01,-9.999977946281433105e-01
-9.999978542327880859e-01,9.999976754188537598e-01,9.999864101409912109e-01,-9.999981522560119629e-01,-9.999985694885253906e-01,9.999982118606567383e-01,9.999682307243347168e-01,-9.999986886978149414e-01,9.999964237213134766e-01,-9.999954700469970703e-01,9.999889731407165527e-01,9.999986290931701660e-01,-9.999980330467224121e-01,-9.999965429306030273e-01,-9.999302625656127930e-01,-9.999974966049194336e-01,-9.999973773956298828e-01,9.999967217445373535e-01,9.997926950454711914e-01,9.999988079071044922e-01,9.999986290931701660e-01,-9.999843239784240723e-01,-9.999961256980895996e-01,-9.999979734420776367e-01,-9.999310970306396484e-01,-9.999988675117492676e-01,9.999979734420776367e-01,9.999986886978149414e-01,-9.999851584434509277e-01,9.999931454658508301e-01,9.999974966049194336e-01,9.999985098838806152e-01,-9.999966025352478027e-01,-9.999976158142089844e-01,9.999967217445373535e-01,9.999949336051940918e-01,-9.999986886978149414e-01,-9.999984502792358398e-01,-9.999918341636657715e-01,9.999984502792358398e-01,-9.999981522560119629e-01,9.999970197677612305e-01,-9.999495148658752441e-01,-9.999983310699462891e-01,-9.999958276748657227e-01,-9.999969005584716797e-01,-9.999945759773254395e-01,-9.999954700469970703e-01,-9.999984502792358398e-01,9.999982714653015137e-01,9.999983906745910645e-01,9.999964237213134766e-01,9.999982118606567383e-01,9.999856948852539062e-01,9.999958276748657227e-01,9.999968409538269043e-01,9.999976158142089844e-01,-9.999473690986633301e-01,-9.999968409538269043e-01,-9.999964833259582520e-01,9.999932646751403809e-01,-9.999986290931701660e-01,-9.999979734420776367e-01,-9.999945759773254395e-01,9.999837875366210938e-01,9.999985098838806152e-01,9.999986886978149414e-01,9.999904036521911621e-01,9.999974370002746582e-01,-9.999986886978149414e-01,9.999982714653015137e-01,-9.999968409538269043e-01,-9.999957680702209473e-01,9.999861717224121094e-01,-9.999234080314636230e-01,9.999973177909851074e-01,-9.999796748161315918e-01,-9.999974966049194336e-01,9.999887943267822266e-01,9.999973773956298828e-01,-9.999688863754272461e-01,-9.999974370002746582e-01,9.999985098838806152e-01,9.999598860740661621e-01,9.999981522560119629e-01,9.999854564666748047e-01,-9.999919533729553223e-01,-9.999982714653015137e-01,9.999827146530151367e-01,-9.999980330467224121e-01,9.999980330467224121e-01,-9.999980330467224121e-01,9.999593496322631836e-01,9.999981522560119629e-01,-9.999983310699462891e-01,9.999970197677612305e-01,-9.999672770500183105e-01,-9.999985694885253906e-01,9.999984502792358398e-01,-9.999936223030090332e-01,9.999973773956298828e-01,-9.999983310699462891e-01,9.999907612800598145e-01,9.999672174453735352e-01,-9.999980926513671875e-01,-9.999861717224121094e-01,-9.999868869781494141e-01,9.999966621398925781e-01,9.999936819076538086e-01,-9.999981522560119629e-01,9.999966025352478027e-01,-9.999980926513671875e-01,9.999975562095642090e-01,9.999929070472717285e-01,-9.999988675117492676e-01,9.999980926513671875e-01,-9.999980926513671875e-01,9.999983310699462891e-01,9.997002482414245605e-01,9.999970197677612305e-01,9.999985694885253906e-01,-9.999949932098388672e-01,-9.999982714653015137e-01,9.999973773956298828e-01,-9.999869465827941895e-01,9.999956488609313965e-01,9.999813437461853027e-01,9.999974966049194336e-01
-9.999876618385314941e-01,9.999864101409912109e-01,9.999198317527770996e-01,-9.999892711639404297e-01,-9.999922513961791992e-01,9.999897480010986328e-01,9.998136162757873535e-01,-9.999929666519165039e-01,9.999793171882629395e-01,-9.999737143516540527e-01,9.999355673789978027e-01,9.999920725822448730e-01,-9.999887943267822266e-01,-9.999800920486450195e-01,-9.995896220207214355e-01,-9.999858736991882324e-01,-9.999851584434509277e-01,9.999816417694091797e-01,9.987807273864746094e-01,9.999935030937194824e-01,9.999921321868896484e-01,-9.999077320098876953e-01,-9.999780654907226562e-01,-9.999889135360717773e-01,-9.995948672294616699e-01,-9.999934434890747070e-01,9.999883770942687988e-01,9.999925494194030762e-01,-9.999123811721801758e-01,9.999596476554870605e-01,9.999857544898986816e-01,9.999912381172180176e-01,-9.999802708625793457e-01,-9.999859929084777832e-01,9.999816417694091797e-01,9.999706745147705078e-01,-9.999926686286926270e-01,-9.999911785125732422e-01,-9.999523162841796875e-01,9.999915361404418945e-01,-9.999894499778747559e-01,9.999833703041076660e-01,-9.997031688690185547e-01,-9.999905228614807129e-01,-9.999756217002868652e-01,-9.999826550483703613e-01,-9.999683499336242676e-01,-9.999737739562988281e-01,-9.999914169311523438e-01,9.999900460243225098e-01,9.999909996986389160e-01,9.999791383743286133e-01,9.999897480010986328e-01,9.999157786369323730e-01,9.999753236770629883e-01,9.999815821647644043e-01,9.999862313270568848e-01,-9.996904730796813965e-01,-9.999822974205017090e-01,-9.999800920486450195e-01,9.999601244926452637e-01,-9.999920129776000977e-01,-9.999889135360717773e-01,-9.999680519104003906e-01,9.999043941497802734e-01,9.999914765357971191e-01,9.999923706054687500e-01,9.999431371688842773e-01,9.999856948852539062e-01,-9.999924898147583008e-01,9.999901056289672852e-01,-9.999815821647644043e-01,-9.999756813049316406e-01,9.999184012413024902e-01,-9.995495676994323730e-01,9.999850988388061523e-01,-9.998803734779357910e-01,-9.999856948852539062e-01,9.999341368675231934e-01,9.999848604202270508e-01,-9.998166561126708984e-01,-9.999852776527404785e-01,9.999914765357971191e-01,9.997641444206237793e-01,9.999894499778747559e-01,9.999147653579711914e-01,-9.999527335166931152e-01,-9.999900460243225098e-01,9.998983144760131836e-01,-9.999884963035583496e-01,9.999890923500061035e-01,-9.999886155128479004e-01,9.997608065605163574e-01,9.999893307685852051e-01,-9.999901652336120605e-01,9.999827742576599121e-01,-9.998074769973754883e-01,-9.999923110008239746e-01,9.999912977218627930e-01,-9.999625682830810547e-01,9.999849796295166016e-01,-9.999904036521911621e-01,9.999454617500305176e-01,9.998075366020202637e-01,-9.999888539314270020e-01,-9.999186396598815918e-01,-9.999232888221740723e-01,9.999807476997375488e-01,9.999631047248840332e-01,-9.999893903732299805e-01,9.999802708625793457e-01,-9.999889135360717773e-01,9.999859929084777832e-01,9.999582171440124512e-01,-9.999932646751403809e-01,9.999890327453613281e-01,-9.999889731407165527e-01,9.999908208847045898e-01,9.982386231422424316e-01,9.999833106994628906e-01,9.999916553497314453e-01,-9.999704360961914062e-01,-9.999899864196777344e-01,9.999847412109375000e-01,-9.999232292175292969e-01,9.999743103981018066e-01,9.998901486396789551e-01,9.999859929084777832e-01
9.999983310699462891e-01,-9.999981522560119629e-01,-9.999892711639404297e-01,9.999985098838806152e-01,9.999988675117492676e-01,-9.999985694885253906e-01,-9.999749064445495605e-01,9.999989867210388184e-01,-9.999972581863403320e-01,9.999964237213134766e-01,-9.999913573265075684e-01,-9.999989271163940430e-01,9.999984502792358398e-01,9.999971985816955566e-01,9.999448657035827637e-01,9.999980926513671875e-01,9.999978542327880859e-01,-9.999974370002746582e-01,-9.998361468315124512e-01,-9.999991655349731445e-01,-9.999989867210388184e-01,9.999877214431762695e-01,9.999970197677612305e-01,9.999984502792358398e-01,9.999455809593200684e-01,9.999991655349731445e-01,-9.999983310699462891e-01,-9.999989867210388184e-01,9.999882578849792480e-01,-9.999945163726806641e-01,-9.999980330467224121e-01,-9.999988079071044922e-01,9.999973177909851074e-01,9.999980926513671875e-01,-9.999974370002746582e-01,-9.999958872795104980e-01,9.999990463256835938e-01,9.999986886978149414e-01,9.999935030937194824e-01,-9.999988079071044922e-01,9.999984502792358398e-01,-9.999976754188537598e-01,9.999601244926452637e-01,9.999987483024597168e-01,9.999966621398925781e-01,9.999975562095642090e-01,9.999957680702209473e-01,9.999964237213134766e-01,9.999987483024597168e-01,-9.999986290931701660e-01,-9.999986886978149414e-01,-9.999970793724060059e-01,-9.999985694885253906e-01,-9.999887347221374512e-01,-9.999966025352478027e-01,-9.999974966049194336e-01,-9.999982118606567383e-01,9.999583363533020020e-01,9.999975562095642090e-01,9.999971985816955566e-01,-9.999946355819702148e-01,9.999989271163940430e-01,9.999984502792358398e-01,9.999957084655761719e-01,-9.999871850013732910e-01,-9.999988079071044922e-01,-9.999989867210388184e-01,-9.999923706054687500e-01,-9.999979138374328613e-01,9.999990463256835938e-01,-9.999986290931701660e-01,9.999974370002746582e-01,9.999966025352478027e-01,-9.999889731407165527e-01,9.999394416809082031e-01,-9.999979734420776367e-01,9.999839663505554199e-01,9.999979734420776367e-01,-9.999912381172180176e-01,-9.999979138374328613e-01,9.999753832817077637e-01,9.999979734420776367e-01,-9.999988675117492676e-01,-9.999683499336242676e-01,-9.999985694885253906e-01,-9.999884963035583496e-01,9.999936819076538086e-01,9.999986290931701660e-01,-9.999863505363464355e-01,9.999984502792358398e-01,-9.999984502792358398e-01,9.999983906745910645e-01,-9.999678730964660645e-01,-9.999986290931701660e-01,9.999985694885253906e-01,-9.999975562095642090e-01,9.999741911888122559e-01,9.999988675117492676e-01,-9.999987483024597168e-01,9.999949932098388672e-01,-9.999979138374328613e-01,9.999986886978149414e-01,-9.999926686286926270e-01,-9.999740719795227051e-01,9.999984502792358398e-01,9.999890923500061035e-01,9.999897480010986328e-01,-9.999973773956298828e-01,-9.999949932098388672e-01,9.999985694885253906e-01,-9.999973177909851074e-01,9.999985098838806152e-01,-9.999980926513671875e-01,-9.999943971633911133e-01,9.999991655349731445e-01,-9.999985098838806152e-01,9.999985098838806152e-01,-9.999987483024597168e-01,-9.997631907463073730e-01,-9.999976754188537598e-01,-9.999989271163940430e-01,9.999958276748657227e-01,9.999986290931701660e-01,-9.999979138374328613e-01,9.999896883964538574e-01,-9.999964833259582520e-01,-9.999852776527404785e-01,-9.999979734420776367e-01
9.999987483024597168e-01,-9.999985694885253906e-01,-9.999922513961791992e-01,9.999988675117492676e-01,9.999991655349731445e-01,-9.999989867210388184e-01,-9.999816417694091797e-01,9.999993443489074707e-01,-9.999979734420776367e-01,9.999973773956298828e-01,-9.999935626983642578e-01,-9.999993443489074707e-01,9.999988675117492676e-01,9.999980330467224121e-01,9.999595880508422852e-01,9.999985694885253906e-01,9.999984502792358398e-01,-9.999981522560119629e-01,-9.998798966407775879e-01,-9.999994039535522461e-01,-9.999992251396179199e-01,9.999909400939941406e-01,9.999977350234985352e-01,9.999988675117492676e-01,9.999601244926452637e-01,9.999994635581970215e-01,-9.999987483024597168e-01,-9.999992847442626953e-01,9.999914169311523438e-01,-9.999960064888000488e-01,-9.999986290931701660e-01,-9.999991655349731445e-01,9.999981522560119629e-01,9.999986290931701660e-01,-9.999980330467224121e-01,-9.999969601631164551e-01,9.999992847442626953e-01,9.999990463256835938e-01,9.999952912330627441e-01,-9.999991059303283691e-01,9.999988675117492676e-01,-9.999982118606567383e-01,9.999708533287048340e-01,9.999991059303283691e-01,9.999974966049194336e-01,9.999982714653015137e-01,9.999968409538269043e-01,9.999973177909851074e-01,9.999991655349731445e-01,-9.999990463256835938e-01,-9.999991655349731445e-01,-9.999978542327880859e-01,-9.999989867210388184e-01,-9.999916553497314453e-01,-9.999975562095642090e-01,-9.999980330467224121e-01,-9.999986290931701660e-01,9.999694824218750000e-01,9.999982118606567383e-01,9.999979138374328613e-01,-9.999960064888000488e-01,9.999992251396179199e-01,9.999988079071044922e-01,9.999967813491821289e-01,-9.999905824661254883e-01,-9.999992847442626953e-01,-9.999992847442626953e-01,-9.999945163726806641e-01,-9.999985098838806152e-01,9.999992847442626953e-01,-9.999990463256835938e-01,9.999981522560119629e-01,9.999975562095642090e-01,-9.999920129776000977e-01,9.999556541442871094e-01,-9.999983906745910645e-01,9.999882578849792480e-01,9.999985098838806152e-01,-9.999935030937194824e-01,-9.999983906745910645e-01,9.999819993972778320e-01,9.999985098838806152e-01,-9.999991059303283691e-01,-9.999768733978271484e-01,-9.999989271163940430e-01,-9.999915957450866699e-01,9.999952912330627441e-01,9.999990463256835938e-01,-9.999899864196777344e-01,9.999988675117492676e-01,-9.999988675117492676e-01,9.999988675117492676e-01,-9.999764561653137207e-01,-9.999989271163940430e-01,9.999989867210388184e-01,-9.999982714653015137e-01,9.999811053276062012e-01,9.999992847442626953e-01,-9.999991059303283691e-01,9.999962449073791504e-01,-9.999985098838806152e-01,9.999991059303283691e-01,-9.999946355819702148e-01,-9.999811053276062012e-01,9.999988675117492676e-01,9.999920129776000977e-01,9.999924898147583008e-01,-9.999980926513671875e-01,-9.999963045120239258e-01,9.999988675117492676e-01,-9.999980330467224121e-01,9.999988675117492676e-01,-9.999985098838806152e-01,-9.999958872795104980e-01,9.999994635581970215e-01,-9.999989271163940430e-01,9.999988675117492676e-01,-9.999991655349731445e-01,-9.998264908790588379e-01,-9.999982118606567383e-01,-9.999992847442626953e-01,9.999969601631164551e-01,9.999990463256835938e-01,-9.999984502792358398e-01,9.999924302101135254e-01,-9.999974370002746582e-01,-9.999892115592956543e-01,-9.999986290931701660e-01
-9.999984502792358398e-01,9.999982118606567383e-01,9.999897480010986328e-01,-9.999985694885253906e-01,-9.999989867210388184e-01,9.999986290931701660e-01,9.999760389328002930e-01,-9.999991655349731445e-01,9.999973773956298828e-01,-9.999965429306030273e-01,9.999917745590209961e-01,9.999990463256835938e-01,-9.999985098838806152e-01,-9.999974966049194336e-01,-9.999471306800842285e-01,-9.999981522560119629e-01,-9.999980330467224121e-01,9.999976158142089844e-01,9.998430013656616211e-01,9.999991655349731445e-01,9.999990463256835938e-01,-9.999881386756896973e-01,-9.999971389770507812e-01,-9.999985694885253906e-01,-9.999478459358215332e-01,-9.999991655349731445e-01,9.999985098838806152e-01,9.999990463256835938e-01,-9.999887347221374512e-01,9.999948143959045410e-01,9.999981522560119629e-01,9.999989271163940430e-01,-9.999974370002746582e-01,-9.999981522560119629e-01,9.999976158142089844e-01,9.999961853027343750e-01,-9.999991059303283691e-01,-9.999987483024597168e-01,-9.999938607215881348e-01,9.999989271163940430e-01,-9.999986290931701660e-01,9.999978542327880859e-01,-9.999618530273437500e-01,-9.999988079071044922e-01,-9.999968409538269043e-01,-9.999976754188537598e-01,-9.999958872795104980e-01,-9.999966621398925781e-01,-9.999988675117492676e-01,9.999986886978149414e-01,9.999987483024597168e-01,9.999972581863403320e-01,9.999987483024597168e-01,9.999891519546508789e-01,9.999968409538269043e-01,9.999976158142089844e-01,9.999982714653015137e-01,-9.999601244926452637e-01,-9.999976754188537598e-01,-9.999973177909851074e-01,9.999948740005493164e-01,-9.999989271163940430e-01,-9.999985694885253906e-01,-9.999959468841552734e-01,9.999877810478210449e-01,9.999989271163940430e-01,9.999990463256835938e-01,9.999926686286926270e-01,9.999981522560119629e-01,-9.999991655349731445e-01,9.999986886978149414e-01,-9.999976158142089844e-01,-9.999969005584716797e-01,9.999895095825195312e-01,-9.999420046806335449e-01,9.999980330467224121e-01,-9.999847412109375000e-01,-9.999981522560119629e-01,9.999915957450866699e-01,9.999980330467224121e-01,-9.999763965606689453e-01,-9.999980330467224121e-01,9.999988675117492676e-01,9.999696612358093262e-01,9.999986290931701660e-01,9.999890327453613281e-01,-9.999939203262329102e-01,-9.999987483024597168e-01,9.999869465827941895e-01,-9.999985098838806152e-01,9.999985694885253906e-01,-9.999985098838806152e-01,9.999693632125854492e-01,9.999986886978149414e-01,-9.999986886978149414e-01,9.999977350234985352e-01,-9.999752640724182129e-01,-9.999990463256835938e-01,9.999988675117492676e-01,-9.999952316284179688e-01,9.999980330467224121e-01,-9.999987483024597168e-01,9.999929666519165039e-01,9.999752640724182129e-01,-9.999985098838806152e-01,-9.999896287918090820e-01,-9.999901652336120605e-01,9.999974966049194336e-01,9.999952912330627441e-01,-9.999986290931701660e-01,9.999974370002746582e-01,-9.999985694885253906e-01,9.999981522560119629e-01,9.999946951866149902e-01,-9.999992847442626953e-01,9.999986290931701660e-01,-9.999986290931701660e-01,9.999988079071044922e-01,9.997730255126953125e-01,9.999977946281433105e-01,9.999990463256835938e-01,-9.999961256980895996e-01,-9.999986886978149414e-01,9.999980330467224121e-01,-9.999902248382568359e-01,9.999967217445373535e-01,9.999858736991882324e-01,9.999981522560119629e-01
-9.999710917472839355e-01,9.999682307243347168e-01,9.998136162757873535e-01,-9.999749064445495605e-01,-9.999816417694091797e-01,9.999760389328002930e-01,9.995667338371276855e-01,-9.999835491180419922e-01,9.999517202377319336e-01,-9.999388456344604492e-01,9.998503923416137695e-01,9.999814033508300781e-01,-9.999737143516540527e-01,-9.999535083770751953e-01,-9.990466833114624023e-01,-9.999669194221496582e-01,-9.999654293060302734e-01,9.999572038650512695e-01,9.971704483032226562e-01,9.999846816062927246e-01,9.999815821647644043e-01,-9.997854828834533691e-01,-9.999488592147827148e-01,-9.999740719795227051e-01,-9.990589022636413574e-01,-9.999845027923583984e-01,9.999729394912719727e-01,9.999823570251464844e-01,-9.997965097427368164e-01,9.999061822891235352e-01,9.999666213989257812e-01,9.999795556068420410e-01,-9.999538660049438477e-01,-9.999673962593078613e-01,9.999571442604064941e-01,9.999316334724426270e-01,-9.999828934669494629e-01,-9.999792575836181641e-01,-9.998890161514282227e-01,9.999803304672241211e-01,-9.999752640724182129e-01,9.999611973762512207e-01,-9.993101358413696289e-01,-9.999778866767883301e-01,-9.999432563781738281e-01,-9.999595880508422852e-01,-9.999259710311889648e-01,-9.999387860298156738e-01,-9.999797940254211426e-01,9.999768733978271484e-01,9.999791979789733887e-01,9.999514818191528320e-01,9.999760389328002930e-01,9.998041987419128418e-01,9.999423623085021973e-01,9.999570846557617188e-01,9.999676942825317383e-01,-9.992807507514953613e-01,-9.999585747718811035e-01,-9.999535679817199707e-01,9.999073147773742676e-01,-9.999813437461853027e-01,-9.999740719795227051e-01,-9.999255537986755371e-01,9.997776746749877930e-01,9.999800920486450195e-01,9.999822974205017090e-01,9.998676776885986328e-01,9.999666213989257812e-01,-9.999823570251464844e-01,9.999768137931823730e-01,-9.999570250511169434e-01,-9.999431967735290527e-01,9.998103976249694824e-01,-9.989534616470336914e-01,9.999649524688720703e-01,-9.997218847274780273e-01,-9.999668598175048828e-01,9.998468160629272461e-01,9.999647736549377441e-01,-9.995736479759216309e-01,-9.999654293060302734e-01,9.999802112579345703e-01,9.994516372680664062e-01,9.999752044677734375e-01,9.998018741607666016e-01,-9.998900890350341797e-01,-9.999766349792480469e-01,9.997636079788208008e-01,-9.999732375144958496e-01,9.999746084213256836e-01,-9.999735951423645020e-01,9.994438290596008301e-01,9.999750256538391113e-01,-9.999771714210510254e-01,9.999598860740661621e-01,-9.995525479316711426e-01,-9.999820590019226074e-01,9.999798536300659180e-01,-9.999128580093383789e-01,9.999647736549377441e-01,-9.999775886535644531e-01,9.998732805252075195e-01,9.995524287223815918e-01,-9.999738931655883789e-01,-9.998108744621276855e-01,-9.998217225074768066e-01,9.999550580978393555e-01,9.999142289161682129e-01,-9.999752044677734375e-01,9.999539852142333984e-01,-9.999741911888122559e-01,9.999672770500183105e-01,9.999027252197265625e-01,-9.999843835830688477e-01,9.999743700027465820e-01,-9.999741911888122559e-01,9.999786019325256348e-01,9.959157109260559082e-01,9.999610185623168945e-01,9.999803900718688965e-01,-9.999310374259948730e-01,-9.999765753746032715e-01,9.999644756317138672e-01,-9.998214244842529297e-01,9.999399781227111816e-01,9.997445940971374512e-01,9.999672770500183105e-01
9.999988675117492676e-01,-9.999986886978149414e-01,-9.999929666519165039e-01,9.999989867210388184e-01,9.999993443489074707e-01,-9.999991655349731445e-01,-9.999835491180419922e-01,9.999993443489074707e-01,-9.999981522560119629e-01,9.999976158142089844e-01,-9.999943375587463379e-01,-9.999993443489074707e-01,9.999990463256835938e-01,9.999982118606567383e-01,9.999639987945556641e-01,9.999987483024597168e-01,9.999986290931701660e-01,-9.999982714653015137e-01,-9.998928308486938477e-01,-9.999994039535522461e-01,-9.999993443489074707e-01,9.999918937683105469e-01,9.999979138374328613e-01,9.999989271163940430e-01,9.999644160270690918e-01,9.999993443489074707e-01,-9.999988675117492676e-01,-9.999992847442626953e-01,9.999921917915344238e-01,-9.999963045120239258e-01,-9.999987483024597168e-01,-9.999992847442626953e-01,9.999982118606567383e-01,9.999987483024597168e-01,-9.999982714653015137e-01,-9.999973177909851074e-01,9.999992847442626953e-01,9.999991655349731445e-01,9.999957680702209473e-01,-9.999992251396179199e-01,9.999989867210388184e-01,-9.999984502792358398e-01,9.999740123748779297e-01,9.999992251396179199e-01,9.999977946281433105e-01,9.999983906745910645e-01,9.999971985816955566e-01,9.999976754188537598e-01,9.999991655349731445e-01,-9.999991655349731445e-01,-9.999991655349731445e-01,-9.999980330467224121e-01,-9.999991655349731445e-01,-9.999924898147583008e-01,-9.999977946281433105e-01,-9.999983310699462891e-01,-9.999986886978149414e-01,9.999728798866271973e-01,9.999983310699462891e-01,9.999981522560119629e-01,-9.999963641166687012e-01,9.999992251396179199e-01,9.999989271163940430e-01,9.999970793724060059e-01,-9.999915957450866699e-01,-9.999992847442626953e-01,-9.999993443489074707e-01,-9.999949932098388672e-01,-9.999986290931701660e-01,9.999993443489074707e-01,-9.999991655349731445e-01,9.999983310699462891e-01,9.999977946281433105e-01,-9.999928474426269531e-01,9.999604821205139160e-01,-9.999985694885253906e-01,9.999895095825195312e-01,9.999986886978149414e-01,-9.999942183494567871e-01,-9.999985694885253906e-01,9.999839067459106445e-01,9.999986886978149414e-01,-9.999992251396179199e-01,-9.999793171882629395e-01,-9.999989867210388184e-01,-9.999924302101135254e-01,9.999957680702209473e-01,9.999990463256835938e-01,-9.999911189079284668e-01,9.999989271163940430e-01,-9.999991059303283691e-01,9.999989271163940430e-01,-9.999790191650390625e-01,-9.999991059303283691e-01,9.999990463256835938e-01,-9.999983906745910645e-01,9.999830722808837891e-01,9.999992847442626953e-01,-9.999991655349731445e-01,9.999966621398925781e-01,-9.999986290931701660e-01,9.999991059303283691e-01,-9.999952316284179688e-01,-9.999830722808837891e-01,9.999990463256835938e-01,9.999927878379821777e-01,9.999932050704956055e-01,-9.999982714653015137e-01,-9.999966025352478027e-01,9.999991059303283691e-01,-9.999981522560119629e-01,9.999989271163940430e-01,-9.999986886978149414e-01,-9.999961853027343750e-01,9.999994635581970215e-01,-9.999989867210388184e-01,9.999990463256835938e-01,-9.999991059303283691e-01,-9.998452663421630859e-01,-9.999984502792358398e-01,-9.999992847442626953e-01,9.999973177909851074e-01,9.999991655349731445e-01,-9.999986290931701660e-01,9.999931454658508301e-01,-9.999977350234985352e-01,-9.999904036521911621e-01,-9.999986886978149414e-01
-9.999967217445373535e-01,9.999964237213134766e-01,9.999793171882629395e-01,-9.999972581863403320e-01,-9.999979734420776367e-01,9.999973773956298828e-01,9.999517202377319336e-01,-9.999981522560119629e-01,9.999946951866149902e-01,-9.999932050704956055e-01,9.999833703041076660e-01,9.999980330467224121e-01,-9.999970793724060059e-01,-9.999948143959045410e-01,-9.998936057090759277e-01,-9.999962449073791504e-01,-9.999961853027343750e-01,9.999952316284179688e-01,9.996834993362426758e-01,9.999983906745910645e-01,9.999980330467224121e-01,-9.999761581420898438e-01,-9.999943375587463379e-01,-9.999970793724060059e-01,-9.998949766159057617e-01,-9.999983310699462891e-01,9.999969601631164551e-01,9.999980926513671875e-01,-9.999772906303405762e-01,9.999896287918090820e-01,9.999963045120239258e-01,9.999977350234985352e-01,-9.999949336051940918e-01,-9.999963045120239258e-01,9.999952316284179688e-01,9.999923706054687500e-01,-9.999980926513671875e-01,-9.999976754188537598e-01,-9.999877214431762695e-01,9.999977946281433105e-01,-9.999971985816955566e-01,9.999957680702209473e-01,-9.999229311943054199e-01,-9.999975562095642090e-01,-9.999936819076538086e-01,-9.999955296516418457e-01,-9.999918341636657715e-01,-9.999932050704956055e-01,-9.999977350234985352e-01,9.999975562095642090e-01,9.999976754188537598e-01,9.999946951866149902e-01,9.999974370002746582e-01,9.999781847000122070e-01,9.999937415122985840e-01,9.999952316284179688e-01,9.999964237213134766e-01,-9.999196529388427734e-01,-9.999954700469970703e-01,-9.999947547912597656e-01,9.999897480010986328e-01,-9.999979734420776367e-01,-9.999970793724060059e-01,-9.999917745590209961e-01,9.999753236770629883e-01,9.999977946281433105e-01,9.999980926513671875e-01,9.999853372573852539e-01,9.999963641166687012e-01,-9.999980926513671875e-01,9.999974370002746582e-01,-9.999952912330627441e-01,-9.999936819076538086e-01,9.999789595603942871e-01,-9.998831748962402344e-01,9.999961853027343750e-01,-9.999690055847167969e-01,-9.999962449073791504e-01,9.999830722808837891e-01,9.999960064888000488e-01,-9.999524950981140137e-01,-9.999960660934448242e-01,9.999977946281433105e-01,9.999387264251708984e-01,9.999971985816955566e-01,9.999779462814331055e-01,-9.999877810478210449e-01,-9.999974370002746582e-01,9.999737739562988281e-01,-9.999970793724060059e-01,9.999971389770507812e-01,-9.999970793724060059e-01,9.999380111694335938e-01,9.999972581863403320e-01,-9.999974370002746582e-01,9.999955892562866211e-01,-9.999500513076782227e-01,-9.999979734420776367e-01,9.999977350234985352e-01,-9.999903440475463867e-01,9.999960064888000488e-01,-9.999975562095642090e-01,9.999859929084777832e-01,9.999501109123229980e-01,-9.999971389770507812e-01,-9.999790191650390625e-01,-9.999801516532897949e-01,9.999950528144836426e-01,9.999904632568359375e-01,-9.999972581863403320e-01,9.999948740005493164e-01,-9.999970793724060059e-01,9.999963045120239258e-01,9.999892711639404297e-01,-9.999983310699462891e-01,9.999971985816955566e-01,-9.999970793724060059e-01,9.999976754188537598e-01,9.995424747467041016e-01,9.999956488609313965e-01,9.999979138374328613e-01,-9.999923110008239746e-01,-9.999974370002746582e-01,9.999960064888000488e-01,-9.999801516532897949e-01,9.999934434890747070e-01,9.999716281890869141e-01,9.999963045120239258e-01
9.999959468841552734e-01,-9.999954700469970703e-01,-9.999737143516540527e-01,9.999964237213134766e-01,9.999973773956298828e-01,-9.999965429306030273e-01,-9.999388456344604492e-01,9.999976158142089844e-01,-9.999932050704956055e-01,9.999912977218627930e-01,-9.999788999557495117e-01,-9.999974370002746582e-01,9.999962449073791504e-01,9.999933838844299316e-01,9.998653531074523926e-01,9.999953508377075195e-01,9.999951124191284180e-01,-9.999939799308776855e-01,-9.995996952056884766e-01,-9.999977350234985352e-01,-9.999974370002746582e-01,9.999697804450988770e-01,9.999927878379821777e-01,9.999963045120239258e-01,9.998670816421508789e-01,9.999978542327880859e-01,-9.999961256980895996e-01,-9.999974966049194336e-01,9.999712109565734863e-01,-9.999867081642150879e-01,-9.999952912330627441e-01,-9.999970793724060059e-01,9.999935030937194824e-01,9.999954104423522949e-01,-9.999939799308776855e-01,-9.999902844429016113e-01,9.999974966049194336e-01,9.999970197677612305e-01,9.999843835830688477e-01,-9.999971985816955566e-01,9.999963641166687012e-01,-9.999944567680358887e-01,9.999025464057922363e-01,9.999968409538269043e-01,9.999919533729553223e-01,9.999942183494567871e-01,9.999896287918090820e-01,9.999912977218627930e-01,9.999971389770507812e-01,-9.999966621398925781e-01,-9.999969601631164551e-01,-9.999930858612060547e-01,-9.999966621398925781e-01,-9.999722838401794434e-01,-9.999918937683105469e-01,-9.999939799308776855e-01,-9.999954700469970703e-01,9.998983144760131836e-01,9.999940991401672363e-01,9.999933838844299316e-01,-9.999869465827941895e-01,9.999973177909851074e-01,9.999961853027343750e-01,9.999895095825195312e-01,-9.999686479568481445e-01,-9.999971389770507812e-01,-9.999974370002746582e-01,-9.999814033508300781e-01,-9.999952912330627441e-01,9.999974966049194336e-01,-9.999966621398925781e-01,9.999939203262329102e-01,9.999920129776000977e-01,-9.999732971191406250e-01,9.998521804809570312e-01,-9.999950528144836426e-01,9.999607205390930176e-01,9.999952912330627441e-01,-9.999784231185913086e-01,-9.999949932098388672e-01,9.999397993087768555e-01,9.999951124191284180e-01,-9.999971389770507812e-01,-9.999225735664367676e-01,-9.999964833259582520e-01,-9.999719858169555664e-01,9.999844431877136230e-01,9.999966621398925781e-01,-9.999665617942810059e-01,9.999960660934448242e-01,-9.999962449073791504e-01,9.999961256980895996e-01,-9.999214410781860352e-01,-9.999964237213134766e-01,9.999966025352478027e-01,-9.999942779541015625e-01,9.999368190765380859e-01,9.999974370002746582e-01,-9.999971389770507812e-01,9.999877214431762695e-01,-9.999950528144836426e-01,9.999967813491821289e-01,-9.999821186065673828e-01,-9.999368190765380859e-01,9.999962449073791504e-01,9.999733567237854004e-01,9.999749064445495605e-01,-9.999935626983642578e-01,-9.999879002571105957e-01,9.999964237213134766e-01,-9.999935030937194824e-01,9.999963045120239258e-01,-9.999953508377075195e-01,-9.999861717224121094e-01,9.999978542327880859e-01,-9.999963045120239258e-01,9.999961853027343750e-01,-9.999969601631164551e-01,-9.994215369224548340e-01,-9.999944567680358887e-01,-9.999972581863403320e-01,9.999902248382568359e-01,9.999966621398925781e-01,-9.999949932098388672e-01,9.999748468399047852e-01,-9.999914765357971191e-01,-9.999639391899108887e-01,-9.999953508377075195e-01
-9.999901056289672852e-01,9.999889731407165527e-01,9.999355673789978027e-01,-9.999913573265075684e-01,-9.999935626983642578e-01,9.999917745590209961e-01,9.998503923416137695e-01,-9.999943375587463379e-01,9.999833703041076660e-01,-9.999788999557495117e-01,9.999482631683349609e-01,9.999935626983642578e-01,-9.999909996986389160e-01,-9.999839663505554199e-01,-9.996706247329711914e-01,-9.999886155128479004e-01,-9.999880790710449219e-01,9.999853968620300293e-01,9.990208745002746582e-01,9.999946951866149902e-01,9.999936819076538086e-01,-9.999258518218994141e-01,-9.999824166297912598e-01,-9.999910593032836914e-01,-9.996747374534606934e-01,-9.999946951866149902e-01,9.999907016754150391e-01,9.999939203262329102e-01,-9.999296665191650391e-01,9.999676346778869629e-01,9.999884963035583496e-01,9.999929070472717285e-01,-9.999840855598449707e-01,-9.999887347221374512e-01,9.999852180480957031e-01,9.999764561653137207e-01,-9.999940991401672363e-01,-9.999928474426269531e-01,-9.999616742134094238e-01,9.999932050704956055e-01,-9.999914765357971191e-01,9.999866485595703125e-01,-9.997618198394775391e-01,-9.999924898147583008e-01,-9.999804496765136719e-01,-9.999861121177673340e-01,-9.999744892120361328e-01,-9.999788999557495117e-01,-9.999930262565612793e-01,9.999920129776000977e-01,9.999928474426269531e-01,9.999831914901733398e-01,9.999917745590209961e-01,9.999322891235351562e-01,9.999802112579345703e-01,9.999852180480957031e-01,9.999888539314270020e-01,-9.997515678405761719e-01,-9.999856948852539062e-01,-9.999840259552001953e-01,9.999680519104003906e-01,-9.999936223030090332e-01,-9.999909996986389160e-01,-9.999743700027465820e-01,9.999232292175292969e-01,9.999931454658508301e-01,9.999938607215881348e-01,9.999542832374572754e-01,9.999884366989135742e-01,-9.999939799308776855e-01,9.999920129776000977e-01,-9.999851584434509277e-01,-9.999805092811584473e-01,9.999345541000366211e-01,-9.996383786201477051e-01,9.999879598617553711e-01,-9.999039173126220703e-01,-9.999886155128479004e-01,9.999471902847290039e-01,9.999878406524658203e-01,-9.998527765274047852e-01,-9.999880790710449219e-01,9.999932646751403809e-01,9.998105764389038086e-01,9.999914765357971191e-01,9.999315738677978516e-01,-9.999620914459228516e-01,-9.999920129776000977e-01,9.999182820320129395e-01,-9.999907612800598145e-01,9.999912381172180176e-01,-9.999908804893493652e-01,9.998078942298889160e-01,9.999914169311523438e-01,-9.999921321868896484e-01,9.999861717224121094e-01,-9.998454451560974121e-01,-9.999938011169433594e-01,9.999929666519165039e-01,-9.999699592590332031e-01,9.999879598617553711e-01,-9.999922513961791992e-01,9.999563097953796387e-01,9.998453855514526367e-01,-9.999909996986389160e-01,-9.999346137046813965e-01,-9.999384284019470215e-01,9.999845027923583984e-01,9.999704360961914062e-01,-9.999914765357971191e-01,9.999841451644897461e-01,-9.999910593032836914e-01,9.999887347221374512e-01,9.999663829803466797e-01,-9.999946951866149902e-01,9.999912381172180176e-01,-9.999911785125732422e-01,9.999926090240478516e-01,9.985855221748352051e-01,9.999865889549255371e-01,9.999933242797851562e-01,-9.999762773513793945e-01,-9.999918937683105469e-01,9.999878406524658203e-01,-9.999383091926574707e-01,9.999793767929077148e-01,9.999117851257324219e-01,9.999886751174926758e-01
-9.999988079071044922e-01,9.999986290931701660e-01,9.999920725822448730e-01,-9.999989271163940430e-01,-9.999993443489074707e-01,9.999990463256835938e-01,9.999814033508300781e-01,-9.999993443489074707e-01,9.999980330467224121e-01,-9.999974370002746582e-01,9.999935626983642578e-01,9.999993443489074707e-01,-9.999989271163940430e-01,-9.999979734420776367e-01,-9.999590516090393066e-01,-9.999985694885253906e-01,-9.999985098838806152e-01,9.999981522560119629e-01,9.998780488967895508e-01,9.999993443489074707e-01,9.999993443489074707e-01,-9.999908804893493652e-01,-9.999977946281433105e-01,-9.999988675117492676e-01,-9.999595284461975098e-01,-9.999994635581970215e-01,9.999987483024597168e-01,9.999993443489074707e-01,-9.999913573265075684e-01,9.999960064888000488e-01,9.999986290931701660e-01,9.999991655349731445e-01,-9.999980926513671875e-01,-9.999986886978149414e-01,9.999981522560119629e-01,9.999969601631164551e-01,-9.999992847442626953e-01,-9.999991655349731445e-01,-9.999952316284179688e-01,9.999991655349731445e-01,-9.999989271163940430e-01,9.999983310699462891e-01,-9.999703764915466309e-01,-9.999991059303283691e-01,-9.999975562095642090e-01,-9.999982714653015137e-01,-9.999969005584716797e-01,-9.999973177909851074e-01,-9.999991655349731445e-01,9.999990463256835938e-01,9.999990463256835938e-01,9.999979138374328613e-01,9.999989867210388184e-01,9.999915957450866699e-01,9.999975562095642090e-01,9.999981522560119629e-01,9.999986886978149414e-01,-9.999691247940063477e-01,-9.999982118606567383e-01,-9.999979734420776367e-01,9.999959468841552734e-01,-9.999993443489074707e-01,-9.999988675117492676e-01,-9.999967813491821289e-01,9.999905228614807129e-01,9.999991655349731445e-01,9.999993443489074707e-01,9.999943971633911133e-01,9.999985694885253906e-01,-9.999993443489074707e-01,9.999991655349731445e-01,-9.999982118606567383e-01,-9.999975562095642090e-01,9.999918937683105469e-01,-9.999550580978393555e-01,9.999984502792358398e-01,-9.999880790710449219e-01,-9.999985694885253906e-01,9.999935030937194824e-01,9.999984502792358398e-01,-9.999817609786987305e-01,-9.999985694885253906e-01,9.999992847442626953e-01,9.999765753746032715e-01,9.999989867210388184e-01,9.999914765357971191e-01,-9.999953508377075195e-01,-9.999990463256835938e-01,9.999899268150329590e-01,-9.999988079071044922e-01,9.999988675117492676e-01,-9.999989271163940430e-01,9.999762177467346191e-01,9.999989867210388184e-01,-9.999990463256835938e-01,9.999982714653015137e-01,-9.999808073043823242e-01,-9.999992847442626953e-01,9.999990463256835938e-01,-9.999961853027343750e-01,9.999984502792358398e-01,-9.999991655349731445e-01,9.999946355819702148e-01,9.999808073043823242e-01,-9.999988675117492676e-01,-9.999919533729553223e-01,-9.999924898147583008e-01,9.999980330467224121e-01,9.999962449073791504e-01,-9.999989867210388184e-01,9.999979734420776367e-01,-9.999988675117492676e-01,9.999985694885253906e-01,9.999958872795104980e-01,-9.999994635581970215e-01,9.999988675117492676e-01,-9.999989271163940430e-01,9.999991059303283691e-01,9.998238682746887207e-01,9.999983310699462891e-01,9.999992847442626953e-01,-9.999970197677612305e-01,-9.999990463256835938e-01,9.999985694885253906e-01,-9.999923110008239746e-01,9.999973773956298828e-01,9.999890327453613281e-01,9.999985694885253906e-01
