4.246227145195007324e-01,1.944291405379772186e-02,1.132441218942403793e-02,-1.100803241133689880e-01,3.857206702232360840e-01,-4.176509082317352295e-01,2.627624757587909698e-02,4.856627583503723145e-01,1.078958511352539062e-01,4.197957739233970642e-02,-2.913769483566284180e-01,-2.687911987304687500e-01,-6.505522876977920532e-02,4.078347980976104736e-02,4.858405888080596924e-02,3.125075101852416992e-01,4.842552356421947479e-03,3.016724437475204468e-02,-2.186049893498420715e-02,-1.632279604673385620e-01,-2.152352482080459595e-01,-1.782314926385879517e-01,-1.294545233249664307e-01,1.111094206571578979e-01,4.488037526607513428e-02,3.324703872203826904e-01,-7.872302830219268799e-02,-4.459917545318603516e-01,1.663029640913009644e-01,-1.153660938143730164e-01,-1.879265010356903076e-01,-1.754299104213714600e-01,-8.440782874822616577e-02,1.566306650638580322e-01,-1.894168928265571594e-02,-1.592497825622558594e-01,1.833800375461578369e-01,1.384011954069137573e-01,-3.541146814823150635e-01,-3.251851499080657959e-01,2.669696807861328125e-01,1.091541349887847900e-01,-4.370238259434700012e-02,3.950897976756095886e-02,-2.563703060150146484e-02,1.924424916505813599e-01,-1.150603517889976501e-01,-2.930498123168945312e-02,1.409709155559539795e-01,-8.070539683103561401e-02,-2.361837625503540039e-01,-2.876891791820526123e-01,2.496094107627868652e-01,-3.339307755231857300e-02,-3.033907338976860046e-02,-2.043731659650802612e-01,2.034133970737457275e-01,7.576160132884979248e-03,3.074363991618156433e-02,1.742946952581405640e-01,-1.305281966924667358e-01,1.875779479742050171e-01,-3.692625788971781731e-03,3.039571642875671387e-01,1.407534778118133545e-01,-6.465275585651397705e-02,-3.408098220825195312e-01,2.323874980211257935e-01,-1.464297473430633545e-01,3.964549899101257324e-01,-3.326472342014312744e-01,2.300505340099334717e-01,-8.119002729654312134e-02,2.709946222603321075e-02,-2.646549642086029053e-01,-2.389232665300369263e-01,5.469312309287488461e-04,8.394325524568557739e-02,6.900799274444580078e-02,-1.149836033582687378e-01,1.721009761095046997e-01,5.511040944838896394e-05,-2.441458255052566528e-01,-2.744483062997460365e-03,-3.756787776947021484e-01,4.443575069308280945e-02,3.621879816055297852e-01,3.968545701354742050e-03,-1.337610185146331787e-02,2.112838327884674072e-01,-1.559913158416748047e-01,2.992745339870452881e-01,3.465577587485313416e-02,-1.130893006920814514e-01,-1.619598120450973511e-01,-3.637136816978454590e-01,3.580444678664207458e-02,-5.406923719419864938e-06,-2.217520624399185181e-01,2.284258455038070679e-01,-3.722373843193054199e-01,4.511944651603698730e-01,-1.208963543176651001e-01,-2.414757907390594482e-01,1.841939240694046021e-02,6.464923173189163208e-02,1.197017133235931396e-01,4.729382693767547607e-02,-4.668294489383697510e-01,1.494665723294019699e-02,-3.436889871954917908e-02,1.273005902767181396e-01,-5.549046769738197327e-02,-7.973792403936386108e-02,1.580148637294769287e-01,-1.724108308553695679e-01,3.750528693199157715e-01,-9.880672395229339600e-02,-2.312848567962646484e-01,-7.109862565994262695e-02,-7.210755348205566406e-02,9.183061122894287109e-02,8.855734765529632568e-02,2.789109051227569580e-01,-1.253942102193832397e-01,7.935994118452072144e-02,8.587595657445490360e-04,2.150888442993164062e-01
1.944291405379772186e-02,1.147066801786422729e-02,-9.207466244697570801e-02,6.735426932573318481e-02,6.939453631639480591e-02,-1.718737930059432983e-02,-1.530206017196178436e-02,3.792963922023773193e-02,6.866101175546646118e-02,7.112725079059600830e-02,-1.923073641955852509e-02,-5.101181939244270325e-02,7.661056518554687500e-02,7.837533205747604370e-02,8.616819232702255249e-02,9.818014502525329590e-02,-1.899038441479206085e-03,8.261314779520034790e-02,-8.908125013113021851e-02,-6.820326298475265503e-02,-5.730550363659858704e-02,5.888409912586212158e-02,6.296996772289276123e-02,-2.986201830208301544e-02,1.635042019188404083e-02,8.563215285539627075e-02,-8.321177959442138672e-02,-6.082737818360328674e-02,8.818661421537399292e-02,-3.697623685002326965e-02,1.880320347845554352e-02,-9.977638721466064453e-02,6.287761032581329346e-02,7.541660219430923462e-02,-2.991695655509829521e-03,-9.950089454650878906e-02,7.408189028501510620e-02,8.909966796636581421e-02,-8.228573948144912720e-02,-7.813299447298049927e-02,8.551346510648727417e-02,1.240796875208616257e-02,8.838376402854919434e-02,4.487654939293861389e-02,-4.613453522324562073e-03,-7.729190587997436523e-02,-8.608385920524597168e-02,-3.127834945917129517e-02,-1.495892088860273361e-02,4.547495394945144653e-03,-1.430363161489367485e-03,-1.285732071846723557e-02,6.668341904878616333e-02,9.361353004351258278e-04,-2.192222326993942261e-02,-1.000289544463157654e-01,4.752739146351814270e-02,3.789025591686367989e-03,-8.317985385656356812e-02,-6.335072219371795654e-02,-9.976487606763839722e-03,-2.170699834823608398e-02,2.362304367125034332e-03,6.081733480095863342e-02,1.961916498839855194e-02,-3.357440605759620667e-02,2.668227441608905792e-02,9.963053464889526367e-02,-9.121715277433395386e-02,5.769424512982368469e-02,-8.396834880113601685e-02,-3.170750662684440613e-02,-3.310839086771011353e-02,8.298161625862121582e-02,-4.394330084323883057e-02,-9.747105836868286133e-02,-2.597190323285758495e-04,9.590781480073928833e-02,-2.571146935224533081e-02,-8.428324759006500244e-02,9.269700199365615845e-02,6.317663792287930846e-05,-8.247379213571548462e-02,-5.445798160508275032e-04,-9.464117884635925293e-02,-8.441163599491119385e-02,5.005928874015808105e-02,9.104470373131334782e-04,8.183243870735168457e-02,6.803859025239944458e-02,-2.511914446949958801e-02,-3.244806453585624695e-02,-7.996383309364318848e-02,4.678460210561752319e-02,-8.440463244915008545e-02,-1.247619395144283772e-03,6.960021704435348511e-02,2.199987960693761124e-07,-7.803367823362350464e-02,7.908698916435241699e-02,-4.154856130480766296e-02,4.976833239197731018e-02,-9.056092053651809692e-02,-8.572383224964141846e-02,9.912168979644775391e-02,1.158288214355707169e-02,-8.067382872104644775e-02,-9.183455258607864380e-02,-2.867089956998825073e-02,-8.345603710040450096e-04,6.774790585041046143e-02,-7.272960245609283447e-02,-8.660987019538879395e-02,-1.660546287894248962e-02,9.289050847291946411e-02,-8.488091826438903809e-02,5.874425545334815979e-02,4.988050088286399841e-02,-9.451179951429367065e-02,6.021110340952873230e-02,8.437184244394302368e-02,7.989916205406188965e-02,7.539575546979904175e-02,-5.377670750021934509e-02,-5.217918008565902710e-02,-6.278619170188903809e-02,-1.192465331405401230e-02,7.435883581638336182e-02
1.132441218942403793e-02,-9.207466244697570801e-02,8.244655728340148926e-01,-7.208477258682250977e-01,-4.881777465343475342e-01,-4.469707980751991272e-02,1.284732073545455933e-01,-1.629134714603424072e-01,-5.833078026771545410e-01,-6.681500077247619629e-01,1.400796175003051758e-01,4.199017882347106934e-01,-6.458294987678527832e-01,-7.397188544273376465e-01,-7.867386937141418457e-01,-7.064813375473022461e-01,1.838931627571582794e-02,-7.113384604454040527e-01,7.902919650077819824e-01,6.365138888359069824e-01,4.715101122856140137e-01,-6.652585864067077637e-01,-6.761580705642700195e-01,3.167279958724975586e-01,-1.547522991895675659e-01,-5.814126729965209961e-01,7.397595643997192383e-01,3.324710726737976074e-01,-7.223664522171020508e-01,2.919865548610687256e-01,-2.252623289823532104e-01,7.970482110977172852e-01,-6.206507682800292969e-01,-7.049027085304260254e-01,2.267838455736637115e-02,7.696785926818847656e-01,-6.300764083862304688e-01,-7.652123570442199707e-01,5.379956960678100586e-01,6.305626034736633301e-01,-6.682547330856323242e-01,-1.159811615943908691e-01,-7.939244508743286133e-01,-4.364110827445983887e-01,2.381425909698009491e-02,7.612612843513488770e-01,7.723411917686462402e-01,2.812725603580474854e-01,1.642536967992782593e-01,2.182726562023162842e-02,-4.848266392946243286e-02,3.923382610082626343e-02,-5.625868439674377441e-01,-1.725366152822971344e-02,1.683104634284973145e-01,7.925966382026672363e-01,-4.745608270168304443e-01,-3.642906993627548218e-02,7.488961815834045410e-01,6.777386069297790527e-01,5.860852822661399841e-02,2.346342802047729492e-01,-2.573391795158386230e-02,-4.444266855716705322e-01,-1.296561658382415771e-01,3.134680688381195068e-01,-2.935697138309478760e-01,-7.569736242294311523e-01,7.612978219985961914e-01,-3.549074232578277588e-01,6.403082609176635742e-01,3.598821461200714111e-01,3.484978973865509033e-01,-7.699521780014038086e-01,2.917227745056152344e-01,7.523740530014038086e-01,2.314738696441054344e-03,-8.240045309066772461e-01,3.173858821392059326e-01,7.423576712608337402e-01,-7.807726860046386719e-01,-6.598703330382704735e-04,6.880730986595153809e-01,4.466274287551641464e-03,6.714360713958740234e-01,7.960471510887145996e-01,-3.171761035919189453e-01,-6.851009093225002289e-03,-7.221516966819763184e-01,-6.126660108566284180e-01,2.153079360723495483e-01,3.921849727630615234e-01,7.423021793365478516e-01,-5.469335317611694336e-01,7.200500369071960449e-01,-1.466878801584243774e-01,-6.181897521018981934e-01,-3.060189101233845577e-06,6.319167017936706543e-01,-6.024461984634399414e-01,3.242743611335754395e-01,-2.481463998556137085e-01,7.790055274963378906e-01,6.910756230354309082e-01,-8.418002724647521973e-01,-2.221538424491882324e-01,7.391747236251831055e-01,7.896581888198852539e-01,5.770112201571464539e-02,1.526612881571054459e-02,-6.600132584571838379e-01,7.474794387817382812e-01,7.795863151550292969e-01,-2.468427084386348724e-02,-7.867752909660339355e-01,7.125874161720275879e-01,-3.620710968971252441e-01,-5.390397906303405762e-01,7.612502574920654297e-01,-6.420292258262634277e-01,-7.597920298576354980e-01,-7.129703164100646973e-01,-6.973151564598083496e-01,5.798910260200500488e-01,5.557102560997009277e-01,6.623368859291076660e-01,9.819156676530838013e-02,-6.349905729293823242e-01
-1.100803241133689880e-01,6.735426932573318481e-02,-7.208477258682250977e-01,7.516881823539733887e-01,2.901504039764404297e-01,1.544994264841079712e-01,-8.163809031248092651e-02,-4.743827879428863525e-02,5.345584154129028320e-01,5.245391726493835449e-01,-2.146536558866500854e-01,-2.575305700302124023e-01,4.366714656352996826e-01,6.602690219879150391e-01,6.872490644454956055e-01,4.830322861671447754e-01,-1.312020700424909592e-02,5.565191507339477539e-01,-7.158554196357727051e-01,-5.599182248115539551e-01,-4.941738843917846680e-01,6.270192861557006836e-01,5.901802778244018555e-01,-2.199984937906265259e-01,1.347406208515167236e-01,3.326294422149658203e-01,-5.897061824798583984e-01,-6.442645937204360962e-02,5.062851905822753906e-01,-1.158743649721145630e-01,1.521099507808685303e-01,-7.028628587722778320e-01,6.828984618186950684e-01,6.152803897857666016e-01,-1.111790188588202000e-03,-5.566335916519165039e-01,4.409018754959106445e-01,6.423810720443725586e-01,-2.518427371978759766e-01,-5.484498143196105957e-01,5.913540124893188477e-01,1.855608671903610229e-01,6.580358147621154785e-01,3.275101780891418457e-01,-1.685022115707397461e-01,-6.478192806243896484e-01,-7.011811137199401855e-01,-2.210226505994796753e-01,-4.062450677156448364e-02,2.869644761085510254e-02,6.943125277757644653e-02,1.717377603054046631e-01,5.516463518142700195e-01,-1.731409505009651184e-02,1.198696903884410858e-02,-6.115522384643554688e-01,4.569212198257446289e-01,2.778253145515918732e-02,-6.602456569671630859e-01,-7.409718036651611328e-01,-8.353626728057861328e-02,-1.307962983846664429e-01,2.816005796194076538e-02,2.992788553237915039e-01,1.611638516187667847e-01,-2.563253939151763916e-01,2.177843749523162842e-01,5.519344210624694824e-01,-6.112273931503295898e-01,1.053089573979377747e-01,-4.566316008567810059e-01,-1.561682671308517456e-01,-4.019235670566558838e-01,6.774768233299255371e-01,-2.980735003948211670e-01,-5.902015566825866699e-01,-9.536741417832672596e-04,6.787191629409790039e-01,-4.504620432853698730e-01,-6.390850543975830078e-01,7.038594484329223633e-01,5.509504117071628571e-04,-5.260767936706542969e-01,1.367907156236469746e-03,-5.054588317871093750e-01,-7.005329132080078125e-01,6.962615251541137695e-02,2.144520403817296028e-03,5.797445774078369141e-01,4.836903214454650879e-01,-2.462932318449020386e-01,-5.165045857429504395e-01,-7.214867472648620605e-01,5.960486531257629395e-01,-6.409870982170104980e-01,2.554425001144409180e-01,4.528669118881225586e-01,1.569779215060407296e-06,-4.189800024032592773e-01,4.293870925903320312e-01,-1.743492782115936279e-01,-4.063881468027830124e-03,-7.168183922767639160e-01,-5.121742486953735352e-01,7.742801308631896973e-01,4.039655327796936035e-01,-7.930114865303039551e-01,-6.435202360153198242e-01,1.297085136175155640e-01,-2.679321914911270142e-02,6.646361947059631348e-01,-7.473856210708618164e-01,-7.230099439620971680e-01,2.259478718042373657e-01,6.401232481002807617e-01,-5.957334041595458984e-01,9.446782618761062622e-02,4.331427812576293945e-01,-6.107087731361389160e-01,6.495153307914733887e-01,6.209702491760253906e-01,7.058210372924804688e-01,6.468841433525085449e-01,-5.677340030670166016e-01,-5.108422040939331055e-01,-6.553500294685363770e-01,-6.274592876434326172e-02,4.798871576786041260e-01
3.857206702232360840e-01,6.939453631639480591e-02,-4.881777465343475342e-01,2.901504039764404297e-01,6.935395002365112305e-01,-3.834155201911926270e-01,-6.048737093806266785e-02,6.298786997795104980e-01,3.763530254364013672e-01,4.262924194335937500e-01,-2.908187806606292725e-01,-5.504726767539978027e-01,3.814342021942138672e-01,4.606756269931793213e-01,5.155705809593200684e-01,7.671669125556945801e-01,-6.429243367165327072e-03,4.712551534175872803e-01,-4.797039628028869629e-01,-5.001491308212280273e-01,-3.784008324146270752e-01,2.142364382743835449e-01,2.683275341987609863e-01,-1.103230044245719910e-01,1.257714480161666870e-01,7.121747732162475586e-01,-5.351630449295043945e-01,-6.839784383773803711e-01,6.742039918899536133e-01,-3.186354637145996094e-01,-3.596838191151618958e-02,-6.269364953041076660e-01,1.973939239978790283e-01,5.722749829292297363e-01,-4.203046858310699463e-02,-6.582574248313903809e-01,5.758025050163269043e-01,5.927134752273559570e-01,-7.585834860801696777e-01,-6.511127352714538574e-01,6.123015284538269043e-01,1.086075156927108765e-01,4.513422250747680664e-01,3.081544637680053711e-01,7.678523659706115723e-02,-3.157047927379608154e-01,-5.599588751792907715e-01,-1.969051063060760498e-01,-2.949617058038711548e-02,-1.515022963285446167e-01,-2.123548090457916260e-01,-4.194673895835876465e-01,4.988293051719665527e-01,-5.320335272699594498e-03,-2.167338132858276367e-01,-7.115097045898437500e-01,4.447387158870697021e-01,3.058081492781639099e-02,-3.931248784065246582e-01,-1.818966269493103027e-01,-1.214437708258628845e-01,-1.386526785790920258e-02,6.728994194418191910e-03,5.275005102157592773e-01,1.578611135482788086e-01,-2.409991919994354248e-01,-1.285214722156524658e-01,7.133715748786926270e-01,-5.992163419723510742e-01,6.557452678680419922e-01,-7.317368388175964355e-01,-1.267550438642501831e-01,-2.025058120489120483e-01,4.914445281028747559e-01,-3.361487984657287598e-01,-6.826502680778503418e-01,-1.316581503488123417e-03,6.151676774024963379e-01,-2.467048354446887970e-02,-5.474247336387634277e-01,6.162557601928710938e-01,4.510545113589614630e-04,-6.627139449119567871e-01,-7.915290072560310364e-03,-7.629756927490234375e-01,-4.483337402343750000e-01,6.047768592834472656e-01,9.714415296912193298e-03,4.168035089969635010e-01,5.764333605766296387e-01,-2.258228212594985962e-01,1.523683518171310425e-01,-3.618220686912536621e-01,1.403611302375793457e-01,-5.555062890052795410e-01,-3.087093532085418701e-01,4.253878593444824219e-01,-3.150128804918495007e-06,-6.315570473670959473e-01,5.912721753120422363e-01,-5.928586721420288086e-01,6.454434394836425781e-01,-5.653117895126342773e-01,-6.752482652664184570e-01,5.095770955085754395e-01,9.553138166666030884e-02,-2.609528899192810059e-01,-4.677114784717559814e-01,-5.326318144798278809e-01,1.437574531883001328e-02,2.951582372188568115e-01,-2.892934679985046387e-01,-5.057461261749267578e-01,-1.381351649761199951e-01,6.538492441177368164e-01,-5.709189772605895996e-01,6.451315879821777344e-01,2.524650692939758301e-01,-6.910308003425598145e-01,2.489950805902481079e-01,4.137294590473175049e-01,4.466288387775421143e-01,4.461887180805206299e-01,-4.424904286861419678e-02,-4.418068230152130127e-01,-2.635539472103118896e-01,-5.863203108310699463e-02,5.886036157608032227e-01
-4.176509082317352295e-01,-1.718737930059432983e-02,-4.469707980751991272e-02,1.544994264841079712e-01,-3.834155201911926270e-01,4.544627368450164795e-01,-1.059350091964006424e-02,-5.010744929313659668e-01,-1.135335862636566162e-01,-2.752132527530193329e-02,2.553300261497497559e-01,2.921179533004760742e-01,7.369527965784072876e-02,-2.771464176476001740e-02,-2.612723782658576965e-02,-3.292075991630554199e-01,-5.840010941028594971e-03,-9.802085347473621368e-03,-1.330121792852878571e-02,1.402918696403503418e-01,1.964175254106521606e-01,1.912997961044311523e-01,1.593881845474243164e-01,-1.092742830514907837e-01,-4.338480159640312195e-02,-3.621252775192260742e-01,7.681740820407867432e-02,4.676142036914825439e-01,-1.646189689636230469e-01,1.020984724164009094e-01,2.043396532535552979e-01,1.691835075616836548e-01,1.468004137277603149e-01,-1.363259702920913696e-01,2.231731824576854706e-02,1.686855554580688477e-01,-1.843372583389282227e-01,-1.230935677886009216e-01,3.811941742897033691e-01,2.948754429817199707e-01,-2.541850209236145020e-01,-8.175883442163467407e-02,6.957024335861206055e-02,-2.940599434077739716e-02,-7.564137689769268036e-03,-2.058264464139938354e-01,8.447562158107757568e-02,1.413965784013271332e-02,-1.418204754590988159e-01,1.206114590167999268e-01,2.597212493419647217e-01,3.140556514263153076e-01,-2.201187461614608765e-01,3.431284800171852112e-02,4.471763595938682556e-02,1.941126585006713867e-01,-1.983983516693115234e-01,-7.557545788586139679e-03,-6.873583048582077026e-02,-2.163670212030410767e-01,1.248963028192520142e-01,-1.967032402753829956e-01,5.838280543684959412e-03,-2.898493707180023193e-01,-1.250958293676376343e-01,6.066862493753433228e-02,3.526400327682495117e-01,-2.282500714063644409e-01,1.455262303352355957e-01,-4.128701090812683105e-01,3.252349793910980225e-01,-2.158171683549880981e-01,7.379790395498275757e-02,-2.122274227440357208e-02,2.245151102542877197e-01,2.114847302436828613e-01,-3.757365338969975710e-04,-7.101982086896896362e-02,-1.158261820673942566e-01,1.149605140089988708e-01,-1.456691622734069824e-01,-5.721965499105863273e-05,2.362494170665740967e-01,2.860284643247723579e-03,3.654552400112152100e-01,-5.592540279030799866e-02,-3.700711429119110107e-01,-4.532526712864637375e-03,1.602015271782875061e-02,-2.103956192731857300e-01,1.198448836803436279e-01,-3.498947024345397949e-01,-6.819162517786026001e-02,1.317258328199386597e-01,1.347147971391677856e-01,3.772850334644317627e-01,1.264291070401668549e-02,4.415188868733821437e-06,2.294114232063293457e-01,-2.182545810937881470e-01,3.837626278400421143e-01,-4.847739636898040771e-01,1.097973883152008057e-01,2.414256036281585693e-01,1.287330780178308487e-02,6.464128848165273666e-03,-1.754819899797439575e-01,-5.853928253054618835e-02,4.948036968708038330e-01,-1.613892428576946259e-02,4.127609357237815857e-02,-1.730560362339019775e-01,3.104069270193576813e-02,9.576103836297988892e-02,-1.338399648666381836e-01,1.535016447305679321e-01,-4.076209068298339844e-01,1.223827302455902100e-01,2.077777236700057983e-01,1.034620031714439392e-01,1.044101044535636902e-01,-5.495203658938407898e-02,-6.212077289819717407e-02,-3.140591382980346680e-01,1.255846172571182251e-01,-1.070926114916801453e-01,-1.095810532569885254e-02,-1.967789232730865479e-01
2.627624757587909698e-02,-1.530206017196178436e-02,1.284732073545455933e-01,-8.163809031248092651e-02,-6.048737093806266785e-02,-1.059350091964006424e-02,5.252811685204505920e-02,-1.151532679796218872e-02,-8.912838250398635864e-02,-9.629244357347488403e-02,-5.613213777542114258e-02,5.290345847606658936e-02,-1.549558639526367188e-01,-1.015670448541641235e-01,-1.110324859619140625e-01,-1.291073113679885864e-01,4.165246151387691498e-03,-1.343444734811782837e-01,1.117138639092445374e-01,5.264721810817718506e-02,2.175228111445903778e-02,-1.054710447788238525e-01,-1.041798964142799377e-01,7.544095069169998169e-02,-1.427491288632154465e-02,-1.168691068887710571e-01,1.128717139363288879e-01,6.637473404407501221e-02,-1.229653507471084595e-01,5.194319039583206177e-02,-6.121664494276046753e-02,1.128677800297737122e-01,-6.341625005006790161e-02,-6.910377740859985352e-02,5.091830156743526459e-03,1.509660631418228149e-01,-9.710688889026641846e-02,-1.076631173491477966e-01,1.181639209389686584e-01,4.407188668847084045e-02,-7.865630835294723511e-02,2.926368080079555511e-02,-1.416762471199035645e-01,-6.343453377485275269e-02,-3.759124502539634705e-02,1.488799601793289185e-01,9.314958751201629639e-02,4.769821092486381531e-02,7.228214293718338013e-02,-8.618409745395183563e-03,-2.747668512165546417e-02,4.716619383543729782e-03,-3.095199353992938995e-02,-6.981843151152133942e-03,5.837224796414375305e-02,1.241471022367477417e-01,-2.386433258652687073e-02,-4.926532972604036331e-03,1.196592673659324646e-01,8.811919391155242920e-02,-2.260037139058113098e-02,8.697129040956497192e-02,-2.132256515324115753e-03,-4.651519656181335449e-02,6.577035877853631973e-03,3.883380442857742310e-02,-1.113640815019607544e-01,-1.292476952075958252e-01,1.208712905645370483e-01,-5.825737863779067993e-02,8.207370340824127197e-02,1.167505383491516113e-01,9.719485417008399963e-03,-1.176680326461791992e-01,6.281052716076374054e-03,1.093846336007118225e-01,7.718924898654222488e-04,-1.303461492061614990e-01,1.058615744113922119e-02,1.047502011060714722e-01,-9.541678428649902344e-02,-7.882362115196883678e-05,8.721353858709335327e-02,8.018280495889484882e-04,8.936093747615814209e-02,1.273942887783050537e-01,-4.615920409560203552e-02,-1.534674549475312233e-03,-1.347487717866897583e-01,-6.793746352195739746e-02,-1.357616577297449112e-02,5.404643341898918152e-02,1.044640466570854187e-01,-5.522209405899047852e-02,8.800719678401947021e-02,-3.851530328392982483e-02,-1.053292900323867798e-01,-2.585189804449328221e-06,1.006569042801856995e-01,-1.011829450726509094e-01,1.068991702049970627e-02,-4.423321411013603210e-02,1.034491807222366333e-01,1.024340242147445679e-01,-1.258803606033325195e-01,6.310810148715972900e-02,9.833505749702453613e-02,1.626851558685302734e-01,5.362989846616983414e-03,7.263651932589709759e-04,-8.963080495595932007e-02,9.102194756269454956e-02,1.113930866122245789e-01,7.555964589118957520e-02,-1.134880557656288147e-01,9.496206790208816528e-02,-7.218959182500839233e-02,-9.422171860933303833e-02,1.045884266495704651e-01,-7.485984265804290771e-02,-1.401254534721374512e-01,-7.555603981018066406e-02,-7.621768862009048462e-02,1.128008291125297546e-01,3.640634194016456604e-02,7.761685550212860107e-02,2.002661861479282379e-02,-7.775404304265975952e-02
4.856627583503723145e-01,3.792963922023773193e-02,-1.629134714603424072e-01,-4.743827879428863525e-02,6.298786997795104980e-01,-5.010744929313659668e-01,-1.151532679796218872e-02,7.666128277778625488e-01,1.002060621976852417e-01,1.853074580430984497e-01,-2.350225299596786499e-01,-5.097827911376953125e-01,1.742237657308578491e-01,1.692278832197189331e-01,2.174398899078369141e-01,5.896907448768615723e-01,8.023937698453664780e-04,2.269809544086456299e-01,-1.509576439857482910e-01,-2.691065669059753418e-01,-1.364033222198486328e-01,-8.271177113056182861e-02,-9.732328355312347412e-03,-9.289737790822982788e-03,7.216657698154449463e-02,5.987829566001892090e-01,-2.783769369125366211e-01,-7.272670269012451172e-01,5.022104382514953613e-01,-2.848506271839141846e-01,-1.398666054010391235e-01,-3.098021149635314941e-01,-1.566368788480758667e-01,3.372370898723602295e-01,-5.029327422380447388e-02,-4.225356280803680420e-01,4.181746244430541992e-01,3.256534934043884277e-01,-7.168339490890502930e-01,-4.532459974288940430e-01,3.646983504295349121e-01,2.511417679488658905e-02,1.473450660705566406e-01,1.809225529432296753e-01,2.105703055858612061e-01,-4.231048282235860825e-03,-2.707001864910125732e-01,-1.115061566233634949e-01,-1.413389667868614197e-02,-2.297927439212799072e-01,-2.928328514099121094e-01,-6.054049134254455566e-01,2.655959427356719971e-01,-2.673410810530185699e-03,-2.610224187374114990e-01,-4.721411764621734619e-01,2.919501066207885742e-01,2.150401473045349121e-02,-6.993620097637176514e-02,1.870387941598892212e-01,-9.081903845071792603e-02,5.213697254657745361e-02,-8.351281285285949707e-03,4.093920588493347168e-01,8.498664200305938721e-02,-1.385491341352462769e-01,-3.005724549293518066e-01,4.959198534488677979e-01,-3.418153226375579834e-01,6.850378513336181641e-01,-5.919240713119506836e-01,-7.121086865663528442e-02,-8.764803409576416016e-03,2.003310620784759521e-01,-1.988849639892578125e-01,-4.433619379997253418e-01,-8.759272168390452862e-04,3.355979025363922119e-01,1.985175311565399170e-01,-2.679562270641326904e-01,3.202487826347351074e-01,2.384238905506208539e-04,-4.756111800670623779e-01,-1.018020883202552795e-02,-5.781507492065429688e-01,-1.305602043867111206e-01,6.555294394493103027e-01,1.022379193454980850e-02,1.269514113664627075e-01,4.148305952548980713e-01,-1.313839703798294067e-01,4.858631789684295654e-01,-1.472959388047456741e-02,-1.654523462057113647e-01,-2.838295400142669678e-01,-5.030232667922973633e-01,2.399890422821044922e-01,-5.761840384366223589e-06,-4.891940057277679443e-01,4.310247898101806641e-01,-6.159228086471557617e-01,7.271150946617126465e-01,-2.551024854183197021e-01,-4.930744767189025879e-01,1.433430761098861694e-01,-6.110436469316482544e-02,1.536834090948104858e-01,-1.709017604589462280e-01,-6.785959005355834961e-01,3.404007852077484131e-02,-4.439103230834007263e-02,7.007318735122680664e-02,-1.912805885076522827e-01,-2.430614978075027466e-01,4.079510867595672607e-01,-3.158634305000305176e-01,6.731216907501220703e-01,7.686814665794372559e-02,-4.580448269844055176e-01,-7.233601063489913940e-02,1.277012228965759277e-01,1.202959492802619934e-01,1.462352573871612549e-01,2.793878316879272461e-01,-2.531489729881286621e-01,6.119403243064880371e-02,-2.648100443184375763e-02,4.197618663311004639e-01
1.078958511352539062e-01,6.866101175546646118e-02,-5.833078026771545410e-01,5.345584154129028320e-01,3.763530254364013672e-01,-1.135335862636566162e-01,-8.912838250398635864e-02,1.002060621976852417e-01,5.973047018051147461e-01,4.650605022907257080e-01,-2.639870047569274902e-01,-3.287854194641113281e-01,3.318733274936676025e-01,5.866907238960266113e-01,5.934808850288391113e-01,5.630709528923034668e-01,-8.259013295173645020e-03,4.391129910945892334e-01,-6.074632406234741211e-01,-5.465675592422485352e-01,-5.778307914733886719e-01,4.325130581855773926e-01,3.966096341609954834e-01,-1.288652867078781128e-01,1.358948796987533569e-01,4.730485379695892334e-01,-5.590034723281860352e-01,-2.384101450443267822e-01,4.550977945327758789e-01,-1.385622769594192505e-01,3.393933922052383423e-02,-7.378385663032531738e-01,5.265985131263732910e-01,5.617234706878662109e-01,-6.169640924781560898e-03,-5.775331854820251465e-01,4.421347975730895996e-01,5.947621464729309082e-01,-3.353576958179473877e-01,-5.740064978599548340e-01,6.373510360717773438e-01,1.981692314147949219e-01,5.182480812072753906e-01,2.630940675735473633e-01,-1.990023404359817505e-01,-4.685509800910949707e-01,-6.046438813209533691e-01,-1.581569463014602661e-01,8.149256557226181030e-02,-1.404004264622926712e-02,-6.408794969320297241e-02,7.952674478292465210e-02,5.822263360023498535e-01,-4.395321384072303772e-02,3.066378459334373474e-02,-5.931892991065979004e-01,4.487443566322326660e-01,2.377343922853469849e-02,-5.371171236038208008e-01,-5.400015711784362793e-01,-1.434742361307144165e-01,3.685301169753074646e-02,2.263747155666351318e-02,4.168832600116729736e-01,2.099664658308029175e-01,-2.393107712268829346e-01,4.501219093799591064e-02,5.681627392768859863e-01,-6.071582436561584473e-01,2.437221556901931763e-01,-4.915402531623840332e-01,7.637627888470888138e-03,-4.177681803703308105e-01,5.879222750663757324e-01,-3.725604414939880371e-01,-5.847943425178527832e-01,-6.618913030251860619e-04,5.984615087509155273e-01,-3.052419126033782959e-01,-6.183355450630187988e-01,6.647610068321228027e-01,4.665966262109577656e-04,-5.275192260742187500e-01,1.620528521016240120e-03,-5.824584960937500000e-01,-5.756617784500122070e-01,1.820914000272750854e-01,3.176585771143436432e-03,5.467618107795715332e-01,4.775812327861785889e-01,-2.325032651424407959e-01,-3.350728452205657959e-01,-6.009066700935363770e-01,4.787202179431915283e-01,-5.970084071159362793e-01,7.017064094543457031e-02,3.083350062370300293e-01,1.334648231932078488e-06,-4.484862387180328369e-01,4.378036856651306152e-01,-2.661491930484771729e-01,2.031789124011993408e-01,-6.731733679771423340e-01,-5.256260633468627930e-01,6.942635774612426758e-01,2.591219842433929443e-01,-6.604876518249511719e-01,-5.294430851936340332e-01,-9.160374104976654053e-02,-2.227332070469856262e-02,6.293137669563293457e-01,-5.672634840011596680e-01,-6.223152279853820801e-01,1.490970551967620850e-01,5.537324547767639160e-01,-5.918576717376708984e-01,2.429544925689697266e-01,2.448546290397644043e-01,-5.841351747512817383e-01,5.068561434745788574e-01,4.576500356197357178e-01,6.480244398117065430e-01,5.937286615371704102e-01,-3.533118963241577148e-01,-4.766271114349365234e-01,-5.312173366546630859e-01,-4.051095247268676758e-02,4.713346362113952637e-01
4.197957739233970642e-02,7.112725079059600830e-02,-6.681500077247619629e-01,5.245391726493835449e-01,4.262924194335937500e-01,-2.752132527530193329e-02,-9.629244357347488403e-02,1.853074580430984497e-01,4.650605022907257080e-01,5.346444845199584961e-01,-9.009505808353424072e-02,-3.497020006179809570e-01,5.378564596176147461e-01,5.897147655487060547e-01,6.408184766769409180e-01,6.625010967254638672e-01,-1.393458154052495956e-02,5.477983355522155762e-01,-6.530511975288391113e-01,-5.241780877113342285e-01,-3.821243345737457275e-01,4.745436310768127441e-01,4.923710823059082031e-01,-2.467715144157409668e-01,1.206526458263397217e-01,5.718411207199096680e-01,-6.383971571922302246e-01,-3.492163717746734619e-01,6.494833230972290039e-01,-2.701078653335571289e-01,1.723422110080718994e-01,-7.223262190818786621e-01,4.483886063098907471e-01,5.923570990562438965e-01,-2.122466824948787689e-02,-7.065802216529846191e-01,5.165660381317138672e-01,6.368334889411926270e-01,-5.367367863655090332e-01,-5.299214124679565430e-01,5.577874183654785156e-01,7.365703582763671875e-02,6.400641798973083496e-01,3.302315175533294678e-01,-8.506527170538902283e-03,-6.234508156776428223e-01,-6.169705390930175781e-01,-1.912671476602554321e-01,-1.029823049902915955e-01,-4.342217370867729187e-02,1.185878086835145950e-02,-9.387857466936111450e-02,4.557414054870605469e-01,1.745532453060150146e-02,-1.566312760114669800e-01,-7.175594568252563477e-01,3.457102179527282715e-01,2.716510742902755737e-02,-5.911245346069335938e-01,-4.892084896564483643e-01,-5.511313676834106445e-02,-1.483142822980880737e-01,1.799361780285835266e-02,3.938436210155487061e-01,9.390664845705032349e-02,-2.402999401092529297e-01,2.118165194988250732e-01,6.812412142753601074e-01,-6.528030037879943848e-01,3.522583842277526855e-01,-5.679517388343811035e-01,-3.098070025444030762e-01,-2.585545480251312256e-01,6.215019226074218750e-01,-2.226759344339370728e-01,-6.552540659904479980e-01,-1.873896457254886627e-03,7.151215672492980957e-01,-1.698762774467468262e-01,-6.187127232551574707e-01,6.682608127593994141e-01,4.957334604114294052e-04,-5.840811729431152344e-01,-4.587491974234580994e-03,-6.096862554550170898e-01,-6.437153220176696777e-01,3.121969103813171387e-01,6.115357391536235809e-03,6.163528561592102051e-01,4.898324012756347656e-01,-1.415526270866394043e-01,-2.569102346897125244e-01,-5.739419460296630859e-01,3.914846479892730713e-01,-5.854153633117675781e-01,5.974414944648742676e-02,4.641768038272857666e-01,2.255705567222321406e-06,-5.418669581413269043e-01,4.894299805164337158e-01,-2.995053529739379883e-01,2.971285581588745117e-01,-6.462568640708923340e-01,-5.995873808860778809e-01,7.345641255378723145e-01,8.570645749568939209e-02,-6.006654500961303711e-01,-6.616949439048767090e-01,-1.053395941853523254e-01,-9.623496793210506439e-03,5.272854566574096680e-01,-5.857040882110595703e-01,-6.160806417465209961e-01,-3.165681613609194756e-03,6.563638448715209961e-01,-5.950970649719238281e-01,3.599598109722137451e-01,3.793087601661682129e-01,-6.549127697944641113e-01,4.579618573188781738e-01,6.129195094108581543e-01,5.631148815155029297e-01,5.468298792839050293e-01,-4.080140888690948486e-01,-4.417903125286102295e-01,-4.979435801506042480e-01,-7.463137805461883545e-02,5.191151499748229980e-01
-2.913769483566284180e-01,-1.923073641955852509e-02,1.400796175003051758e-01,-2.146536558866500854e-01,-2.908187806606292725e-01,2.553300261497497559e-01,-5.613213777542114258e-02,-2.350225299596786499e-01,-2.639870047569274902e-01,-9.009505808353424072e-02,4.942839443683624268e-01,2.084431499242782593e-01,1.662244796752929688e-01,-2.046679407358169556e-01,-2.004523426294326782e-01,-2.218976616859436035e-01,-6.338682491332292557e-03,-4.897150024771690369e-02,2.108767777681350708e-01,3.150180578231811523e-01,4.635494649410247803e-01,-1.327896397560834885e-02,2.936448203399777412e-03,-1.486052572727203369e-01,-8.026964962482452393e-02,-1.591624021530151367e-01,1.365434080362319946e-01,1.598508805036544800e-01,-9.679156541824340820e-02,-2.786216884851455688e-02,2.297638952732086182e-01,3.424728214740753174e-01,-2.549203932285308838e-01,-3.071031570434570312e-01,-3.736734855920076370e-03,1.009991317987442017e-01,-1.486851871013641357e-01,-2.476009726524353027e-01,8.447876572608947754e-02,4.630969166755676270e-01,-4.223388731479644775e-01,-2.769246399402618408e-01,-3.556534647941589355e-02,-4.885447770357131958e-02,2.672240138053894043e-01,-9.990491718053817749e-02,3.109787404537200928e-01,4.407020658254623413e-02,-2.827443778514862061e-01,2.489056624472141266e-02,2.087585926055908203e-01,-1.327673526247963309e-04,-4.768993556499481201e-01,7.995666563510894775e-02,-1.790987849235534668e-01,2.191960513591766357e-01,-3.816201984882354736e-01,-9.408166632056236267e-03,1.121134981513023376e-01,1.798106580972671509e-01,2.077335566282272339e-01,-2.836244404315948486e-01,-1.019505038857460022e-02,-2.818143963813781738e-01,-2.459425777196884155e-01,1.064118370413780212e-01,3.781867921352386475e-01,-1.980312466621398926e-01,2.008317857980728149e-01,-1.649285107851028442e-01,3.046850860118865967e-01,-4.406776726245880127e-01,3.114912509918212891e-01,-1.757199764251708984e-01,4.021244049072265625e-01,2.777011692523956299e-01,-1.833608141168951988e-03,-1.672638207674026489e-01,2.478502392768859863e-01,2.514292597770690918e-01,-3.646031618118286133e-01,-1.633391802897676826e-04,2.696618139743804932e-01,-3.898766590282320976e-03,3.833092749118804932e-01,1.082841977477073669e-01,-1.237858012318611145e-01,2.772000443655997515e-04,-3.436640650033950806e-02,-2.698852121829986572e-01,3.057008981704711914e-01,3.426621109247207642e-02,2.161411195993423462e-01,-1.781527996063232422e-01,3.218657374382019043e-01,1.663288325071334839e-01,-1.773529127240180969e-02,7.576156804134370759e-06,1.492808163166046143e-01,-1.979383528232574463e-01,2.959502339363098145e-01,-1.673754900693893433e-01,3.337383568286895752e-01,2.366778701543807983e-01,-2.333199381828308105e-01,-4.607329070568084717e-01,2.567695677280426025e-01,-2.631873394420836121e-05,2.233624309301376343e-01,8.457343094050884247e-03,-2.316622585058212280e-01,1.647063046693801880e-01,2.708063423633575439e-01,-2.543148398399353027e-01,-2.331064641475677490e-01,2.791727483272552490e-01,-1.076921150088310242e-01,5.905668810009956360e-02,2.916423976421356201e-01,-1.912545710802078247e-01,1.457316149026155472e-02,-3.672188222408294678e-01,-2.938452363014221191e-01,-9.323596209287643433e-02,3.015867769718170166e-01,1.747877001762390137e-01,-1.902309432625770569e-02,-2.369812875986099243e-01
-2.687911987304687500e-01,-5.101181939244270325e-02,4.199017882347106934e-01,-2.575305700302124023e-01,-5.504726767539978027e-01,2.921179533004760742e-01,5.290345847606658936e-02,-5.097827911376953125e-01,-3.287854194641113281e-01,-3.497020006179809570e-01,2.084431499242782593e-01,4.703738093376159668e-01,-2.939765751361846924e-01,-4.299713373184204102e-01,-4.665510058403015137e-01,-6.928184628486633301e-01,3.802150953561067581e-03,-3.488514423370361328e-01,4.047213196754455566e-01,4.494906961917877197e-01,3.363320827484130859e-01,-2.043825685977935791e-01,-2.205603122711181641e-01,9.542950242757797241e-02,-1.085802987217903137e-01,-6.226029992103576660e-01,5.021433830261230469e-01,5.601687431335449219e-01,-6.052818894386291504e-01,2.395122200250625610e-01,4.099589213728904724e-02,6.048557162284851074e-01,-1.369641423225402832e-01,-5.352505445480346680e-01,3.616492822766304016e-02,5.998557806015014648e-01,-4.711726307868957520e-01,-5.140757560729980469e-01,6.684334874153137207e-01,5.645180344581604004e-01,-5.164197087287902832e-01,-8.304999768733978271e-02,-3.773043453693389893e-01,-2.481681853532791138e-01,-8.479076623916625977e-02,3.071217536926269531e-01,4.839531481266021729e-01,1.282315552234649658e-01,8.918743114918470383e-04,2.081751972436904907e-01,1.951181143522262573e-01,3.568926751613616943e-01,-4.207174777984619141e-01,1.164597831666469574e-02,1.663462221622467041e-01,6.471890807151794434e-01,-3.890965580940246582e-01,-2.536848746240139008e-02,3.031640648841857910e-01,1.597821414470672607e-01,9.853120893239974976e-02,-3.210077434778213501e-02,-5.679423455148935318e-03,-3.970201611518859863e-01,-1.046387180685997009e-01,1.979008913040161133e-01,1.354320198297500610e-01,-6.232430934906005859e-01,5.390439629554748535e-01,-5.345426797866821289e-01,6.237480044364929199e-01,1.448164731264114380e-01,2.013416439294815063e-01,-4.478484094142913818e-01,2.079177349805831909e-01,5.663978457450866699e-01,1.095354091376066208e-03,-5.719413757324218750e-01,-1.171541283838450909e-03,4.963367879390716553e-01,-5.499081015586853027e-01,-4.089657159056514502e-04,5.824503302574157715e-01,6.333324126899242401e-03,6.465503573417663574e-01,4.135637283325195312e-01,-4.840434789657592773e-01,-7.875189185142517090e-03,-3.726798295974731445e-01,-4.932875931262969971e-01,1.460207551717758179e-01,-1.491891443729400635e-01,3.033280074596405029e-01,-1.575847268104553223e-01,4.535303413867950439e-01,2.270428538322448730e-01,-2.804527282714843750e-01,2.134660007868660614e-06,5.417330265045166016e-01,-4.390226900577545166e-01,5.187268853187561035e-01,-5.536621809005737305e-01,5.136373639106750488e-01,5.841359496116638184e-01,-4.603894054889678955e-01,-6.749906390905380249e-02,2.238638550043106079e-01,3.983660340309143066e-01,4.165563285350799561e-01,-9.039462544023990631e-03,-3.079913258552551270e-01,2.708267867565155029e-01,4.378551840782165527e-01,3.258867561817169189e-02,-5.641213059425354004e-01,4.844457209110260010e-01,-5.449092388153076172e-01,-1.888556182384490967e-01,5.933780074119567871e-01,-2.091751843690872192e-01,-3.265424668788909912e-01,-3.850070834159851074e-01,-3.881546556949615479e-01,1.752758398652076721e-02,4.353726804256439209e-01,2.442828714847564697e-01,2.748100273311138153e-02,-4.808762371540069580e-01
