9.999982714653015137e-01,-9.999985694885253906e-01,-9.999898672103881836e-01,9.999982118606567383e-01,9.999989271163940430e-01,-9.999988079071044922e-01,9.999958872795104980e-01,9.999990463256835938e-01,-9.999974966049194336e-01,9.999976158142089844e-01,-9.999984502792358398e-01,-9.999989271163940430e-01,9.999980926513671875e-01,9.999983906745910645e-01,9.999825954437255859e-01,9.999972581863403320e-01,9.999975562095642090e-01,-9.999986290931701660e-01,9.999932050704956055e-01,-9.999991059303283691e-01,-9.999989271163940430e-01,9.999890923500061035e-01,9.999983906745910645e-01,9.999984502792358398e-01,9.999892115592956543e-01,9.999990463256835938e-01,-9.999984502792358398e-01,-9.999988079071044922e-01,9.999829530715942383e-01,-9.999956488609313965e-01,-9.999935626983642578e-01,-9.999985098838806152e-01,9.999918341636657715e-01,9.999970793724060059e-01,-9.999971389770507812e-01,-9.999717473983764648e-01,9.999989867210388184e-01,9.999986290931701660e-01,9.999928474426269531e-01,-9.999989271163940430e-01,9.999985694885253906e-01,-9.999964833259582520e-01,9.999740719795227051e-01,9.999988079071044922e-01,9.999980926513671875e-01,9.999982118606567383e-01,-9.999843835830688477e-01,9.999983906745910645e-01,9.999988079071044922e-01,-9.999985694885253906e-01,-9.999987483024597168e-01,-9.999979734420776367e-01,-9.999988079071044922e-01,-9.999918341636657715e-01,-9.999974370002746582e-01,-9.999980926513671875e-01,-9.999967813491821289e-01,9.998553991317749023e-01,9.999976754188537598e-01,9.999983906745910645e-01,-9.999980926513671875e-01,9.999989271163940430e-01,9.999982714653015137e-01,9.999952316284179688e-01,-9.999957084655761719e-01,-9.999988079071044922e-01,-9.999990463256835938e-01,-9.999953508377075195e-01,-9.999988079071044922e-01,9.999988079071044922e-01,-9.999988079071044922e-01,9.999980330467224121e-01,9.999957084655761719e-01,-9.999927282333374023e-01,-9.999507069587707520e-01,-9.999981522560119629e-01,9.999929666519165039e-01,9.999987483024597168e-01,-9.999935626983642578e-01,-9.999967217445373535e-01,-9.999096393585205078e-01,9.999975562095642090e-01,-9.999988079071044922e-01,9.999969005584716797e-01,-9.999982714653015137e-01,-9.999874234199523926e-01,9.999892115592956543e-01,9.999988675117492676e-01,9.999593496322631836e-01,9.999941587448120117e-01,-9.999976754188537598e-01,9.999983310699462891e-01,-9.999778270721435547e-01,-9.999979138374328613e-01,9.999984502792358398e-01,-9.999980330467224121e-01,-9.999919533729553223e-01,9.999989867210388184e-01,-9.999988079071044922e-01,9.999919533729553223e-01,-9.999969601631164551e-01,9.999987483024597168e-01,-9.999704360961914062e-01,-9.999554157257080078e-01,9.999985694885253906e-01,9.999972581863403320e-01,-9.999518990516662598e-01,-9.999980330467224121e-01,-9.999942183494567871e-01,9.999985098838806152e-01,-9.999980330467224121e-01,9.999985098838806152e-01,-9.999982118606567383e-01,-9.999819397926330566e-01,9.999990463256835938e-01,-9.999982714653015137e-01,9.999988675117492676e-01,-9.999986886978149414e-01,-9.999945163726806641e-01,-9.999980926513671875e-01,-9.999988079071044922e-01,9.999959468841552734e-01,9.999985098838806152e-01,-9.999975562095642090e-01,-9.999808669090270996e-01,-9.999955892562866211e-01,9.999895691871643066e-01,-9.999969601631164551e-01
-9.999985694885253906e-01,9.999987483024597168e-01,9.999915957450866699e-01,-9.999985694885253906e-01,-9.999990463256835938e-01,9.999990463256835938e-01,-9.999965429306030273e-01,-9.999992251396179199e-01,9.999979734420776367e-01,-9.999980926513671875e-01,9.999986886978149414e-01,9.999991655349731445e-01,-9.999984502792358398e-01,-9.999985694885253906e-01,-9.999857544898986816e-01,-9.999976754188537598e-01,-9.999978542327880859e-01,9.999988675117492676e-01,-9.999943375587463379e-01,9.999992847442626953e-01,9.999991655349731445e-01,-9.999910593032836914e-01,-9.999986290931701660e-01,-9.999986886978149414e-01,-9.999910593032836914e-01,-9.999992251396179199e-01,9.999987483024597168e-01,9.999990463256835938e-01,-9.999860525131225586e-01,9.999963641166687012e-01,9.999947547912597656e-01,9.999986886978149414e-01,-9.999932646751403809e-01,-9.999976158142089844e-01,9.999976158142089844e-01,9.999768137931823730e-01,-9.999992251396179199e-01,-9.999988675117492676e-01,-9.999940991401672363e-01,9.999991059303283691e-01,-9.999987483024597168e-01,9.999970197677612305e-01,-9.999788403511047363e-01,-9.999990463256835938e-01,-9.999983906745910645e-01,-9.999984502792358398e-01,9.999871253967285156e-01,-9.999986886978149414e-01,-9.999990463256835938e-01,9.999987483024597168e-01,9.999989867210388184e-01,9.999983310699462891e-01,9.999991059303283691e-01,9.999932646751403809e-01,9.999979138374328613e-01,9.999983906745910645e-01,9.999972581863403320e-01,-9.998813271522521973e-01,-9.999980926513671875e-01,-9.999985694885253906e-01,9.999984502792358398e-01,-9.999991059303283691e-01,-9.999986290931701660e-01,-9.999959468841552734e-01,9.999963641166687012e-01,9.999991059303283691e-01,9.999991655349731445e-01,9.999960660934448242e-01,9.999989867210388184e-01,-9.999989867210388184e-01,9.999989867210388184e-01,-9.999983906745910645e-01,-9.999963641166687012e-01,9.999939799308776855e-01,9.999595284461975098e-01,9.999985694885253906e-01,-9.999941587448120117e-01,-9.999989271163940430e-01,9.999947547912597656e-01,9.999973177909851074e-01,9.999259114265441895e-01,-9.999979138374328613e-01,9.999991059303283691e-01,-9.999974966049194336e-01,9.999985694885253906e-01,9.999896883964538574e-01,-9.999911785125732422e-01,-9.999991655349731445e-01,-9.999666213989257812e-01,-9.999951720237731934e-01,9.999979734420776367e-01,-9.999985694885253906e-01,9.999818205833435059e-01,9.999982118606567383e-01,-9.999986290931701660e-01,9.999983310699462891e-01,9.999933838844299316e-01,-9.999991059303283691e-01,9.999990463256835938e-01,-9.999933242797851562e-01,9.999974966049194336e-01,-9.999989271163940430e-01,9.999758005142211914e-01,9.999634027481079102e-01,-9.999988079071044922e-01,-9.999977350234985352e-01,9.999606013298034668e-01,9.999983906745910645e-01,9.999951720237731934e-01,-9.999987483024597168e-01,9.999985098838806152e-01,-9.999986886978149414e-01,9.999984502792358398e-01,9.999852180480957031e-01,-9.999992251396179199e-01,9.999985098838806152e-01,-9.999991059303283691e-01,9.999987483024597168e-01,9.999955296516418457e-01,9.999983906745910645e-01,9.999991059303283691e-01,-9.999965429306030273e-01,-9.999988079071044922e-01,9.999979138374328613e-01,9.999843239784240723e-01,9.999963641166687012e-01,-9.999914169311523438e-01,9.999974966049194336e-01
-9.999898672103881836e-01,9.999915957450866699e-01,9.999389648437500000e-01,-9.999894499778747559e-01,-9.999933838844299316e-01,9.999925494194030762e-01,-9.999752044677734375e-01,-9.999940991401672363e-01,9.999848008155822754e-01,-9.999860525131225586e-01,9.999911189079284668e-01,9.999934434890747070e-01,-9.999888539314270020e-01,-9.999904632568359375e-01,-9.998956322669982910e-01,-9.999836683273315430e-01,-9.999854564666748047e-01,9.999918341636657715e-01,-9.999592900276184082e-01,9.999942779541015625e-01,9.999936223030090332e-01,-9.999344348907470703e-01,-9.999905824661254883e-01,-9.999907612800598145e-01,-9.999351501464843750e-01,-9.999940395355224609e-01,9.999907612800598145e-01,9.999933838844299316e-01,-9.998978972434997559e-01,9.999739527702331543e-01,9.999614953994750977e-01,9.999909996986389160e-01,-9.999513030052185059e-01,-9.999827146530151367e-01,9.999831318855285645e-01,9.998304843902587891e-01,-9.999940395355224609e-01,-9.999917149543762207e-01,-9.999569654464721680e-01,9.999932646751403809e-01,-9.999915957450866699e-01,9.999787807464599609e-01,-9.998450279235839844e-01,-9.999927878379821777e-01,-9.999891519546508789e-01,-9.999893903732299805e-01,9.999063611030578613e-01,-9.999899268150329590e-01,-9.999928474426269531e-01,9.999914169311523438e-01,9.999923706054687500e-01,9.999877810478210449e-01,9.999928474426269531e-01,9.999511837959289551e-01,9.999849796295166016e-01,9.999889135360717773e-01,9.999805092811584473e-01,-9.991344809532165527e-01,-9.999862313270568848e-01,-9.999904036521911621e-01,9.999887943267822266e-01,-9.999936223030090332e-01,-9.999898672103881836e-01,-9.999709129333496094e-01,9.999738931655883789e-01,9.999929666519165039e-01,9.999940395355224609e-01,9.999725818634033203e-01,9.999930262565612793e-01,-9.999924898147583008e-01,9.999925494194030762e-01,-9.999884963035583496e-01,-9.999743103981018066e-01,9.999557733535766602e-01,9.997048377990722656e-01,9.999896287918090820e-01,-9.999576807022094727e-01,-9.999924898147583008e-01,9.999615550041198730e-01,9.999802112579345703e-01,9.994592666625976562e-01,-9.999858736991882324e-01,9.999930262565612793e-01,-9.999817609786987305e-01,9.999896287918090820e-01,9.999247193336486816e-01,-9.999352693557739258e-01,-9.999933242797851562e-01,-9.997571110725402832e-01,-9.999648928642272949e-01,9.999860525131225586e-01,-9.999902248382568359e-01,9.998672008514404297e-01,9.999877810478210449e-01,-9.999906420707702637e-01,9.999880194664001465e-01,9.999517202377319336e-01,-9.999938607215881348e-01,9.999928474426269531e-01,-9.999518394470214844e-01,9.999821186065673828e-01,-9.999925494194030762e-01,9.998229146003723145e-01,9.997331500053405762e-01,-9.999915957450866699e-01,-9.999841451644897461e-01,9.997127056121826172e-01,9.999884963035583496e-01,9.999647140502929688e-01,-9.999911189079284668e-01,9.999890923500061035e-01,-9.999911189079284668e-01,9.999894499778747559e-01,9.998915791511535645e-01,-9.999940991401672363e-01,9.999891519546508789e-01,-9.999932646751403809e-01,9.999916553497314453e-01,9.999672770500183105e-01,9.999889135360717773e-01,9.999930262565612793e-01,-9.999758601188659668e-01,-9.999912977218627930e-01,9.999858140945434570e-01,9.998850822448730469e-01,9.999739527702331543e-01,-9.999371767044067383e-01,9.999819397926330566e-01
9.999982118606567383e-01,-9.999985694885253906e-01,-9.999894499778747559e-01,9.999981522560119629e-01,9.999989271163940430e-01,-9.999987483024597168e-01,9.999957680702209473e-01,9.999989867210388184e-01,-9.999974370002746582e-01,9.999976158142089844e-01,-9.999984502792358398e-01,-9.999989271163940430e-01,9.999980330467224121e-01,9.999983310699462891e-01,9.999820590019226074e-01,9.999971389770507812e-01,9.999973773956298828e-01,-9.999985694885253906e-01,9.999930262565612793e-01,-9.999991059303283691e-01,-9.999989271163940430e-01,9.999887347221374512e-01,9.999983906745910645e-01,9.999983906745910645e-01,9.999888539314270020e-01,9.999990463256835938e-01,-9.999983906745910645e-01,-9.999988675117492676e-01,9.999824762344360352e-01,-9.999955296516418457e-01,-9.999935030937194824e-01,-9.999984502792358398e-01,9.999916553497314453e-01,9.999970793724060059e-01,-9.999970793724060059e-01,-9.999708533287048340e-01,9.999989867210388184e-01,9.999985694885253906e-01,9.999926090240478516e-01,-9.999989271163940430e-01,9.999985694885253906e-01,-9.999964237213134766e-01,9.999733567237854004e-01,9.999988079071044922e-01,9.999980926513671875e-01,9.999981522560119629e-01,-9.999839067459106445e-01,9.999983310699462891e-01,9.999988079071044922e-01,-9.999985098838806152e-01,-9.999986886978149414e-01,-9.999978542327880859e-01,-9.999987483024597168e-01,-9.999915957450866699e-01,-9.999974370002746582e-01,-9.999980330467224121e-01,-9.999966621398925781e-01,9.998508095741271973e-01,9.999976754188537598e-01,9.999983310699462891e-01,-9.999980330467224121e-01,9.999989271163940430e-01,9.999982118606567383e-01,9.999950528144836426e-01,-9.999955296516418457e-01,-9.999988675117492676e-01,-9.999989867210388184e-01,-9.999952912330627441e-01,-9.999988079071044922e-01,9.999986886978149414e-01,-9.999987483024597168e-01,9.999979734420776367e-01,9.999955892562866211e-01,-9.999924898147583008e-01,-9.999491572380065918e-01,-9.999982118606567383e-01,9.999927282333374023e-01,9.999986886978149414e-01,-9.999935030937194824e-01,-9.999966621398925781e-01,-9.999068379402160645e-01,9.999975562095642090e-01,-9.999988675117492676e-01,9.999969005584716797e-01,-9.999983310699462891e-01,-9.999870657920837402e-01,9.999888539314270020e-01,9.999989271163940430e-01,9.999580979347229004e-01,9.999939799308776855e-01,-9.999975562095642090e-01,9.999982714653015137e-01,-9.999771714210510254e-01,-9.999978542327880859e-01,9.999983906745910645e-01,-9.999979734420776367e-01,-9.999917745590209961e-01,9.999988675117492676e-01,-9.999987483024597168e-01,9.999917149543762207e-01,-9.999969005584716797e-01,9.999986886978149414e-01,-9.999695420265197754e-01,-9.999540448188781738e-01,9.999986290931701660e-01,9.999972581863403320e-01,-9.999505281448364258e-01,-9.999979734420776367e-01,-9.999939203262329102e-01,9.999984502792358398e-01,-9.999980926513671875e-01,9.999984502792358398e-01,-9.999981522560119629e-01,-9.999814629554748535e-01,9.999990463256835938e-01,-9.999982118606567383e-01,9.999989271163940430e-01,-9.999985098838806152e-01,-9.999943971633911133e-01,-9.999981522560119629e-01,-9.999988675117492676e-01,9.999958872795104980e-01,9.999985098838806152e-01,-9.999975562095642090e-01,-9.999802708625793457e-01,-9.999955296516418457e-01,9.999892115592956543e-01,-9.999969601631164551e-01
9.999989271163940430e-01,-9.999990463256835938e-01,-9.999933838844299316e-01,9.999989271163940430e-01,9.999993443489074707e-01,-9.999992251396179199e-01,9.999973177909851074e-01,9.999994635581970215e-01,-9.999983310699462891e-01,9.999985098838806152e-01,-9.999991059303283691e-01,-9.999994039535522461e-01,9.999988079071044922e-01,9.999989867210388184e-01,9.999889135360717773e-01,9.999982118606567383e-01,9.999984502792358398e-01,-9.999991655349731445e-01,9.999956488609313965e-01,-9.999994039535522461e-01,-9.999993443489074707e-01,9.999930262565612793e-01,9.999990463256835938e-01,9.999990463256835938e-01,9.999930858612060547e-01,9.999994039535522461e-01,-9.999990463256835938e-01,-9.999992251396179199e-01,9.999891519546508789e-01,-9.999971985816955566e-01,-9.999958872795104980e-01,-9.999991059303283691e-01,9.999948143959045410e-01,9.999981522560119629e-01,-9.999981522560119629e-01,-9.999819397926330566e-01,9.999994635581970215e-01,9.999992847442626953e-01,9.999954104423522949e-01,-9.999993443489074707e-01,9.999991655349731445e-01,-9.999976754188537598e-01,9.999834299087524414e-01,9.999992847442626953e-01,9.999988079071044922e-01,9.999988675117492676e-01,-9.999900460243225098e-01,9.999989867210388184e-01,9.999993443489074707e-01,-9.999991059303283691e-01,-9.999992251396179199e-01,-9.999986886978149414e-01,-9.999992847442626953e-01,-9.999948143959045410e-01,-9.999984502792358398e-01,-9.999988079071044922e-01,-9.999979734420776367e-01,9.999075531959533691e-01,9.999985694885253906e-01,9.999989867210388184e-01,-9.999986886978149414e-01,9.999993443489074707e-01,9.999989271163940430e-01,9.999969601631164551e-01,-9.999971985816955566e-01,-9.999994039535522461e-01,-9.999993443489074707e-01,-9.999970197677612305e-01,-9.999992847442626953e-01,9.999993443489074707e-01,-9.999993443489074707e-01,9.999987483024597168e-01,9.999972581863403320e-01,-9.999952912330627441e-01,-9.999685287475585938e-01,-9.999988675117492676e-01,9.999955296516418457e-01,9.999992251396179199e-01,-9.999958872795104980e-01,-9.999979138374328613e-01,-9.999423027038574219e-01,9.999984502792358398e-01,-9.999992847442626953e-01,9.999979138374328613e-01,-9.999988675117492676e-01,-9.999920129776000977e-01,9.999930858612060547e-01,9.999993443489074707e-01,9.999740123748779297e-01,9.999961853027343750e-01,-9.999985098838806152e-01,9.999989271163940430e-01,-9.999858736991882324e-01,-9.999986886978149414e-01,9.999990463256835938e-01,-9.999988079071044922e-01,-9.999949336051940918e-01,9.999992847442626953e-01,-9.999993443489074707e-01,9.999949336051940918e-01,-9.999981522560119629e-01,9.999992251396179199e-01,-9.999811053276062012e-01,-9.999715685844421387e-01,9.999991655349731445e-01,9.999982714653015137e-01,-9.999694228172302246e-01,-9.999987483024597168e-01,-9.999961853027343750e-01,9.999991059303283691e-01,-9.999988079071044922e-01,9.999991059303283691e-01,-9.999988675117492676e-01,-9.999884366989135742e-01,9.999994635581970215e-01,-9.999988675117492676e-01,9.999994039535522461e-01,-9.999991655349731445e-01,-9.999965429306030273e-01,-9.999988079071044922e-01,-9.999994039535522461e-01,9.999973177909851074e-01,9.999991059303283691e-01,-9.999984502792358398e-01,-9.999877810478210449e-01,-9.999971985816955566e-01,9.999933242797851562e-01,-9.999980330467224121e-01
-9.999988079071044922e-01,9.999990463256835938e-01,9.999925494194030762e-01,-9.999987483024597168e-01,-9.999992251396179199e-01,9.999991059303283691e-01,-9.999969005584716797e-01,-9.999994039535522461e-01,9.999980926513671875e-01,-9.999982714653015137e-01,9.999989271163940430e-01,9.999993443489074707e-01,-9.999986290931701660e-01,-9.999988079071044922e-01,-9.999872446060180664e-01,-9.999980926513671875e-01,-9.999982118606567383e-01,9.999990463256835938e-01,-9.999950528144836426e-01,9.999993443489074707e-01,9.999992847442626953e-01,-9.999920725822448730e-01,-9.999988675117492676e-01,-9.999989271163940430e-01,-9.999920725822448730e-01,-9.999994039535522461e-01,9.999989271163940430e-01,9.999992251396179199e-01,-9.999875426292419434e-01,9.999968409538269043e-01,9.999953508377075195e-01,9.999989271163940430e-01,-9.999940395355224609e-01,-9.999979138374328613e-01,9.999979138374328613e-01,9.999792575836181641e-01,-9.999994039535522461e-01,-9.999989867210388184e-01,-9.999947547912597656e-01,9.999992251396179199e-01,-9.999989867210388184e-01,9.999973773956298828e-01,-9.999811053276062012e-01,-9.999992847442626953e-01,-9.999986886978149414e-01,-9.999986886978149414e-01,9.999885559082031250e-01,-9.999988079071044922e-01,-9.999992847442626953e-01,9.999989271163940430e-01,9.999991059303283691e-01,9.999985098838806152e-01,9.999991655349731445e-01,9.999940395355224609e-01,9.999981522560119629e-01,9.999986290931701660e-01,9.999976158142089844e-01,-9.998939037322998047e-01,-9.999983906745910645e-01,-9.999988079071044922e-01,9.999986290931701660e-01,-9.999992847442626953e-01,-9.999987483024597168e-01,-9.999963641166687012e-01,9.999968409538269043e-01,9.999991655349731445e-01,9.999992847442626953e-01,9.999966025352478027e-01,9.999992847442626953e-01,-9.999992251396179199e-01,9.999992251396179199e-01,-9.999986290931701660e-01,-9.999968409538269043e-01,9.999946951866149902e-01,9.999638199806213379e-01,9.999986886978149414e-01,-9.999948143959045410e-01,-9.999991059303283691e-01,9.999953508377075195e-01,9.999976754188537598e-01,9.999337792396545410e-01,-9.999982714653015137e-01,9.999991655349731445e-01,-9.999977350234985352e-01,9.999988079071044922e-01,9.999908804893493652e-01,-9.999921917915344238e-01,-9.999993443489074707e-01,-9.999703168869018555e-01,-9.999957680702209473e-01,9.999982714653015137e-01,-9.999988675117492676e-01,9.999837875366210938e-01,9.999985098838806152e-01,-9.999988675117492676e-01,9.999985098838806152e-01,9.999941587448120117e-01,-9.999992847442626953e-01,9.999991655349731445e-01,-9.999940991401672363e-01,9.999978542327880859e-01,-9.999992251396179199e-01,9.999783635139465332e-01,9.999673962593078613e-01,-9.999991059303283691e-01,-9.999980330467224121e-01,9.999648332595825195e-01,9.999985694885253906e-01,9.999957680702209473e-01,-9.999989271163940430e-01,9.999987483024597168e-01,-9.999988675117492676e-01,9.999986886978149414e-01,9.999867677688598633e-01,-9.999994039535522461e-01,9.999987483024597168e-01,-9.999992251396179199e-01,9.999990463256835938e-01,9.999960660934448242e-01,9.999986886978149414e-01,9.999991655349731445e-01,-9.999970197677612305e-01,-9.999989867210388184e-01,9.999982714653015137e-01,9.999859929084777832e-01,9.999967813491821289e-01,-9.999923110008239746e-01,9.999977946281433105e-01
9.999958872795104980e-01,-9.999965429306030273e-01,-9.999752044677734375e-01,9.999957680702209473e-01,9.999973177909851074e-01,-9.999969005584716797e-01,9.999899864196777344e-01,9.999976158142089844e-01,-9.999939203262329102e-01,9.999943971633911133e-01,-9.999963045120239258e-01,-9.999973773956298828e-01,9.999955296516418457e-01,9.999960660934448242e-01,9.999575018882751465e-01,9.999934434890747070e-01,9.999940991401672363e-01,-9.999966621398925781e-01,9.999835491180419922e-01,-9.999976754188537598e-01,-9.999973773956298828e-01,9.999733567237854004e-01,9.999961256980895996e-01,9.999961853027343750e-01,9.999737143516540527e-01,9.999976158142089844e-01,-9.999961853027343750e-01,-9.999971985816955566e-01,9.999583959579467773e-01,-9.999893903732299805e-01,-9.999844431877136230e-01,-9.999964237213134766e-01,9.999802112579345703e-01,9.999930858612060547e-01,-9.999931454658508301e-01,-9.999309182167053223e-01,9.999976158142089844e-01,9.999966025352478027e-01,9.999824762344360352e-01,-9.999972581863403320e-01,9.999965429306030273e-01,-9.999914169311523438e-01,9.999368190765380859e-01,9.999970793724060059e-01,9.999955892562866211e-01,9.999957084655761719e-01,-9.999618530273437500e-01,9.999959468841552734e-01,9.999970197677612305e-01,-9.999964833259582520e-01,-9.999969005584716797e-01,-9.999949932098388672e-01,-9.999970197677612305e-01,-9.999801516532897949e-01,-9.999938607215881348e-01,-9.999954700469970703e-01,-9.999921321868896484e-01,9.996470808982849121e-01,9.999944567680358887e-01,9.999960660934448242e-01,-9.999954104423522949e-01,9.999974370002746582e-01,9.999959468841552734e-01,9.999882578849792480e-01,-9.999894499778747559e-01,-9.999971985816955566e-01,-9.999975562095642090e-01,-9.999888539314270020e-01,-9.999972581863403320e-01,9.999970197677612305e-01,-9.999969601631164551e-01,9.999953508377075195e-01,9.999896287918090820e-01,-9.999820590019226074e-01,-9.998796582221984863e-01,-9.999957680702209473e-01,9.999828338623046875e-01,9.999969005584716797e-01,-9.999844431877136230e-01,-9.999920129776000977e-01,-9.997795820236206055e-01,9.999942183494567871e-01,-9.999971389770507812e-01,9.999926090240478516e-01,-9.999958872795104980e-01,-9.999694824218750000e-01,9.999737739562988281e-01,9.999973773956298828e-01,9.999008774757385254e-01,9.999856948852539062e-01,-9.999943375587463379e-01,9.999959468841552734e-01,-9.999458193778991699e-01,-9.999950528144836426e-01,9.999961853027343750e-01,-9.999951124191284180e-01,-9.999804496765136719e-01,9.999974370002746582e-01,-9.999971389770507812e-01,9.999803900718688965e-01,-9.999927282333374023e-01,9.999969005584716797e-01,-9.999278187751770020e-01,-9.998911619186401367e-01,9.999966025352478027e-01,9.999935626983642578e-01,-9.998829960823059082e-01,-9.999952912330627441e-01,-9.999857544898986816e-01,9.999963641166687012e-01,-9.999955892562866211e-01,9.999963045120239258e-01,-9.999957084655761719e-01,-9.999558329582214355e-01,9.999975562095642090e-01,-9.999956488609313965e-01,9.999973177909851074e-01,-9.999965429306030273e-01,-9.999867081642150879e-01,-9.999955296516418457e-01,-9.999971985816955566e-01,9.999902248382568359e-01,9.999964237213134766e-01,-9.999942779541015625e-01,-9.999532699584960938e-01,-9.999894499778747559e-01,9.999744892120361328e-01,-9.999927282333374023e-01
9.999990463256835938e-01,-9.999992251396179199e-01,-9.999940991401672363e-01,9.999989867210388184e-01,9.999994635581970215e-01,-9.999994039535522461e-01,9.999976158142089844e-01,9.999994635581970215e-01,-9.999985694885253906e-01,9.999986290931701660e-01,-9.999991655349731445e-01,-9.999994635581970215e-01,9.999989867210388184e-01,9.999991059303283691e-01,9.999899268150329590e-01,9.999983906745910645e-01,9.999985694885253906e-01,-9.999992251396179199e-01,9.999960064888000488e-01,-9.999994635581970215e-01,-9.999994039535522461e-01,9.999937415122985840e-01,9.999991059303283691e-01,9.999991655349731445e-01,9.999938011169433594e-01,9.999994635581970215e-01,-9.999992251396179199e-01,-9.999994039535522461e-01,9.999901056289672852e-01,-9.999974370002746582e-01,-9.999961853027343750e-01,-9.999991655349731445e-01,9.999952912330627441e-01,9.999982714653015137e-01,-9.999983310699462891e-01,-9.999836087226867676e-01,9.999994635581970215e-01,9.999992251396179199e-01,9.999958276748657227e-01,-9.999994635581970215e-01,9.999992251396179199e-01,-9.999979734420776367e-01,9.999849200248718262e-01,9.999994039535522461e-01,9.999989271163940430e-01,9.999989867210388184e-01,-9.999908208847045898e-01,9.999990463256835938e-01,9.999993443489074707e-01,-9.999992251396179199e-01,-9.999992847442626953e-01,-9.999988675117492676e-01,-9.999993443489074707e-01,-9.999951720237731934e-01,-9.999986290931701660e-01,-9.999989271163940430e-01,-9.999980926513671875e-01,9.999157190322875977e-01,9.999987483024597168e-01,9.999991059303283691e-01,-9.999988675117492676e-01,9.999994039535522461e-01,9.999990463256835938e-01,9.999971985816955566e-01,-9.999974370002746582e-01,-9.999993443489074707e-01,-9.999994635581970215e-01,-9.999973177909851074e-01,-9.999993443489074707e-01,9.999994039535522461e-01,-9.999994039535522461e-01,9.999988675117492676e-01,9.999974966049194336e-01,-9.999957084655761719e-01,-9.999713301658630371e-01,-9.999989271163940430e-01,9.999958276748657227e-01,9.999992847442626953e-01,-9.999961853027343750e-01,-9.999980330467224121e-01,-9.999473690986633301e-01,9.999986290931701660e-01,-9.999993443489074707e-01,9.999982118606567383e-01,-9.999990463256835938e-01,-9.999927878379821777e-01,9.999938011169433594e-01,9.999994039535522461e-01,9.999763965606689453e-01,9.999965429306030273e-01,-9.999986290931701660e-01,9.999991059303283691e-01,-9.999870657920837402e-01,-9.999988079071044922e-01,9.999991655349731445e-01,-9.999988079071044922e-01,-9.999953508377075195e-01,9.999994039535522461e-01,-9.999993443489074707e-01,9.999953508377075195e-01,-9.999982118606567383e-01,9.999992847442626953e-01,-9.999828338623046875e-01,-9.999740719795227051e-01,9.999993443489074707e-01,9.999984502792358398e-01,-9.999721050262451172e-01,-9.999988675117492676e-01,-9.999965429306030273e-01,9.999991655349731445e-01,-9.999989271163940430e-01,9.999991655349731445e-01,-9.999989867210388184e-01,-9.999894499778747559e-01,9.999995231628417969e-01,-9.999989867210388184e-01,9.999994635581970215e-01,-9.999993443489074707e-01,-9.999967813491821289e-01,-9.999989271163940430e-01,-9.999994039535522461e-01,9.999976158142089844e-01,9.999992847442626953e-01,-9.999986290931701660e-01,-9.999888539314270020e-01,-9.999974370002746582e-01,9.999939203262329102e-01,-9.999983310699462891e-01
-9.999974966049194336e-01,9.999979734420776367e-01,9.999848008155822754e-01,-9.999974370002746582e-01,-9.999983310699462891e-01,9.999980926513671875e-01,-9.999939203262329102e-01,-9.999985694885253906e-01,9.999962449073791504e-01,-9.999965429306030273e-01,9.999977946281433105e-01,9.999984502792358398e-01,-9.999972581863403320e-01,-9.999976754188537598e-01,-9.999740719795227051e-01,-9.999960064888000488e-01,-9.999963045120239258e-01,9.999980330467224121e-01,-9.999899268150329590e-01,9.999986886978149414e-01,9.999983906745910645e-01,-9.999837279319763184e-01,-9.999976158142089844e-01,-9.999977350234985352e-01,-9.999839067459106445e-01,-9.999985694885253906e-01,9.999977350234985352e-01,9.999983310699462891e-01,-9.999746680259704590e-01,9.999935030937194824e-01,9.999904632568359375e-01,9.999977946281433105e-01,-9.999879002571105957e-01,-9.999958276748657227e-01,9.999958872795104980e-01,9.999577403068542480e-01,-9.999985694885253906e-01,-9.999979734420776367e-01,-9.999893307685852051e-01,9.999983310699462891e-01,-9.999979734420776367e-01,9.999947547912597656e-01,-9.999613165855407715e-01,-9.999983310699462891e-01,-9.999972581863403320e-01,-9.999973177909851074e-01,9.999766945838928223e-01,-9.999976158142089844e-01,-9.999982714653015137e-01,9.999979138374328613e-01,9.999980926513671875e-01,9.999970197677612305e-01,9.999983310699462891e-01,9.999878406524658203e-01,9.999963045120239258e-01,9.999972581863403320e-01,9.999951720237731934e-01,-9.997838735580444336e-01,-9.999966025352478027e-01,-9.999976754188537598e-01,9.999972581863403320e-01,-9.999983906745910645e-01,-9.999974966049194336e-01,-9.999928474426269531e-01,9.999935626983642578e-01,9.999983310699462891e-01,9.999985098838806152e-01,9.999931454658508301e-01,9.999983310699462891e-01,-9.999982118606567383e-01,9.999982118606567383e-01,-9.999970793724060059e-01,-9.999936819076538086e-01,9.999890327453613281e-01,9.999263286590576172e-01,9.999973773956298828e-01,-9.999894499778747559e-01,-9.999980926513671875e-01,9.999904632568359375e-01,9.999952316284179688e-01,9.998649358749389648e-01,-9.999964237213134766e-01,9.999982118606567383e-01,-9.999955296516418457e-01,9.999974370002746582e-01,9.999812841415405273e-01,-9.999839067459106445e-01,-9.999984502792358398e-01,-9.999393224716186523e-01,-9.999912977218627930e-01,9.999966025352478027e-01,-9.999976158142089844e-01,9.999668598175048828e-01,9.999969005584716797e-01,-9.999976754188537598e-01,9.999970793724060059e-01,9.999879598617553711e-01,-9.999984502792358398e-01,9.999982714653015137e-01,-9.999880790710449219e-01,9.999955892562866211e-01,-9.999980926513671875e-01,9.999558329582214355e-01,9.999333024024963379e-01,-9.999979138374328613e-01,-9.999960064888000488e-01,9.999282360076904297e-01,9.999971389770507812e-01,9.999913573265075684e-01,-9.999978542327880859e-01,9.999972581863403320e-01,-9.999977946281433105e-01,9.999974370002746582e-01,9.999729990959167480e-01,-9.999985694885253906e-01,9.999973177909851074e-01,-9.999983906745910645e-01,9.999979138374328613e-01,9.999919533729553223e-01,9.999971985816955566e-01,9.999983310699462891e-01,-9.999939799308776855e-01,-9.999978542327880859e-01,9.999965429306030273e-01,9.999713897705078125e-01,9.999935626983642578e-01,-9.999843835830688477e-01,9.999955296516418457e-01
9.999976158142089844e-01,-9.999980926513671875e-01,-9.999860525131225586e-01,9.999976158142089844e-01,9.999985098838806152e-01,-9.999982714653015137e-01,9.999943971633911133e-01,9.999986290931701660e-01,-9.999965429306030273e-01,9.999967813491821289e-01,-9.999979138374328613e-01,-9.999985694885253906e-01,9.999974370002746582e-01,9.999977946281433105e-01,9.999761581420898438e-01,9.999961256980895996e-01,9.999966025352478027e-01,-9.999981522560119629e-01,9.999906420707702637e-01,-9.999986886978149414e-01,-9.999985694885253906e-01,9.999850392341613770e-01,9.999977350234985352e-01,9.999978542327880859e-01,9.999851584434509277e-01,9.999986290931701660e-01,-9.999978542327880859e-01,-9.999985098838806152e-01,9.999766945838928223e-01,-9.999940395355224609e-01,-9.999912381172180176e-01,-9.999979138374328613e-01,9.999889135360717773e-01,9.999960064888000488e-01,-9.999961256980895996e-01,-9.999612569808959961e-01,9.999986290931701660e-01,9.999980926513671875e-01,9.999901652336120605e-01,-9.999984502792358398e-01,9.999981522560119629e-01,-9.999951124191284180e-01,9.999645352363586426e-01,9.999984502792358398e-01,9.999974370002746582e-01,9.999975562095642090e-01,-9.999785423278808594e-01,9.999977350234985352e-01,9.999983310699462891e-01,-9.999980330467224121e-01,-9.999982714653015137e-01,-9.999971389770507812e-01,-9.999982714653015137e-01,-9.999887943267822266e-01,-9.999964833259582520e-01,-9.999974370002746582e-01,-9.999955892562866211e-01,9.998016357421875000e-01,9.999969005584716797e-01,9.999977350234985352e-01,-9.999973773956298828e-01,9.999984502792358398e-01,9.999976754188537598e-01,9.999933242797851562e-01,-9.999940395355224609e-01,-9.999984502792358398e-01,-9.999986290931701660e-01,-9.999937415122985840e-01,-9.999983906745910645e-01,9.999983906745910645e-01,-9.999983310699462891e-01,9.999973177909851074e-01,9.999940395355224609e-01,-9.999898672103881836e-01,-9.999323487281799316e-01,-9.999976158142089844e-01,9.999903440475463867e-01,9.999982714653015137e-01,-9.999911785125732422e-01,-9.999954700469970703e-01,-9.998760819435119629e-01,9.999967217445373535e-01,-9.999983906745910645e-01,9.999957680702209473e-01,-9.999976158142089844e-01,-9.999828338623046875e-01,9.999853372573852539e-01,9.999984502792358398e-01,9.999442696571350098e-01,9.999919533729553223e-01,-9.999967813491821289e-01,9.999976754188537598e-01,-9.999694824218750000e-01,-9.999970793724060059e-01,9.999977946281433105e-01,-9.999973177909851074e-01,-9.999889731407165527e-01,9.999985098838806152e-01,-9.999983310699462891e-01,9.999889731407165527e-01,-9.999958872795104980e-01,9.999982714653015137e-01,-9.999594092369079590e-01,-9.999387264251708984e-01,9.999980330467224121e-01,9.999963641166687012e-01,-9.999341964721679688e-01,-9.999973177909851074e-01,-9.999920129776000977e-01,9.999979138374328613e-01,-9.999973773956298828e-01,9.999979138374328613e-01,-9.999975562095642090e-01,-9.999752640724182129e-01,9.999986290931701660e-01,-9.999974966049194336e-01,9.999984502792358398e-01,-9.999980330467224121e-01,-9.999924302101135254e-01,-9.999974370002746582e-01,-9.999984502792358398e-01,9.999945163726806641e-01,9.999979734420776367e-01,-9.999967217445373535e-01,-9.999737739562988281e-01,-9.999940395355224609e-01,9.999856948852539062e-01,-9.999958872795104980e-01
-9.999984502792358398e-01,9.999986886978149414e-01,9.999911189079284668e-01,-9.999984502792358398e-01,-9.999991059303283691e-01,9.999989271163940430e-01,-9.999963045120239258e-01,-9.999991655349731445e-01,9.999977946281433105e-01,-9.999979138374328613e-01,9.999986290931701660e-01,9.999992251396179199e-01,-9.999983906745910645e-01,-9.999986290931701660e-01,-9.999850392341613770e-01,-9.999975562095642090e-01,-9.999977946281433105e-01,9.999987483024597168e-01,-9.999941587448120117e-01,9.999991059303283691e-01,9.999990463256835938e-01,-9.999905228614807129e-01,-9.999985694885253906e-01,-9.999985694885253906e-01,-9.999907016754150391e-01,-9.999991655349731445e-01,9.999985694885253906e-01,9.999989867210388184e-01,-9.999852776527404785e-01,9.999961853027343750e-01,9.999944567680358887e-01,9.999986886978149414e-01,-9.999930262565612793e-01,-9.999974966049194336e-01,9.999974966049194336e-01,9.999756813049316406e-01,-9.999991655349731445e-01,-9.999987483024597168e-01,-9.999938011169433594e-01,9.999989867210388184e-01,-9.999986886978149414e-01,9.999967813491821289e-01,-9.999777078628540039e-01,-9.999989271163940430e-01,-9.999983310699462891e-01,-9.999983906745910645e-01,9.999864697456359863e-01,-9.999985098838806152e-01,-9.999989867210388184e-01,9.999986886978149414e-01,9.999988675117492676e-01,9.999980926513671875e-01,9.999989271163940430e-01,9.999930262565612793e-01,9.999977946281433105e-01,9.999983906745910645e-01,9.999971389770507812e-01,-9.998754858970642090e-01,-9.999979734420776367e-01,-9.999986290931701660e-01,9.999982714653015137e-01,-9.999990463256835938e-01,-9.999985098838806152e-01,-9.999958276748657227e-01,9.999961853027343750e-01,9.999989271163940430e-01,9.999991655349731445e-01,9.999958872795104980e-01,9.999989271163940430e-01,-9.999989271163940430e-01,9.999989867210388184e-01,-9.999982118606567383e-01,-9.999961853027343750e-01,9.999936819076538086e-01,9.999575018882751465e-01,9.999983906745910645e-01,-9.999938607215881348e-01,-9.999988079071044922e-01,9.999944567680358887e-01,9.999971389770507812e-01,9.999221563339233398e-01,-9.999978542327880859e-01,9.999989867210388184e-01,-9.999972581863403320e-01,9.999983906745910645e-01,9.999892115592956543e-01,-9.999907016754150391e-01,-9.999991059303283691e-01,-9.999649524688720703e-01,-9.999949336051940918e-01,9.999979734420776367e-01,-9.999985098838806152e-01,9.999808669090270996e-01,9.999982118606567383e-01,-9.999985694885253906e-01,9.999982714653015137e-01,9.999930858612060547e-01,-9.999991655349731445e-01,9.999989867210388184e-01,-9.999930858612060547e-01,9.999973773956298828e-01,-9.999989271163940430e-01,9.999746084213256836e-01,9.999615550041198730e-01,-9.999987483024597168e-01,-9.999976158142089844e-01,9.999586343765258789e-01,9.999982118606567383e-01,9.999948740005493164e-01,-9.999986290931701660e-01,9.999983310699462891e-01,-9.999986290931701660e-01,9.999983906745910645e-01,9.999844431877136230e-01,-9.999991655349731445e-01,9.999984502792358398e-01,-9.999991059303283691e-01,9.999986886978149414e-01,9.999952912330627441e-01,9.999982714653015137e-01,9.999989867210388184e-01,-9.999963641166687012e-01,-9.999987483024597168e-01,9.999977946281433105e-01,9.999834895133972168e-01,9.999961853027343750e-01,-9.999909996986389160e-01,9.999973773956298828e-01
-9.999989271163940430e-01,9.999991655349731445e-01,9.999934434890747070e-01,-9.999989271163940430e-01,-9.999994039535522461e-01,9.999993443489074707e-01,-9.999973773956298828e-01,-9.999994635581970215e-01,9.999984502792358398e-01,-9.999985694885253906e-01,9.999992251396179199e-01,9.999994039535522461e-01,-9.999988675117492676e-01,-9.999989867210388184e-01,-9.999887943267822266e-01,-9.999982118606567383e-01,-9.999983906745910645e-01,9.999991655349731445e-01,-9.999956488609313965e-01,9.999994635581970215e-01,9.999993443489074707e-01,-9.999930262565612793e-01,-9.999990463256835938e-01,-9.999990463256835938e-01,-9.999929666519165039e-01,-9.999994635581970215e-01,9.999991655349731445e-01,9.999993443489074707e-01,-9.999889731407165527e-01,9.999971389770507812e-01,9.999959468841552734e-01,9.999990463256835938e-01,-9.999947547912597656e-01,-9.999982118606567383e-01,9.999981522560119629e-01,9.999817609786987305e-01,-9.999995231628417969e-01,-9.999992847442626953e-01,-9.999954104423522949e-01,9.999994039535522461e-01,-9.999991655349731445e-01,9.999977350234985352e-01,-9.999833106994628906e-01,-9.999993443489074707e-01,-9.999988079071044922e-01,-9.999988675117492676e-01,9.999898672103881836e-01,-9.999989867210388184e-01,-9.999993443489074707e-01,9.999991059303283691e-01,9.999993443489074707e-01,9.999987483024597168e-01,9.999992847442626953e-01,9.999947547912597656e-01,9.999984502792358398e-01,9.999988675117492676e-01,9.999979734420776367e-01,-9.999061822891235352e-01,-9.999985694885253906e-01,-9.999989867210388184e-01,9.999988675117492676e-01,-9.999993443489074707e-01,-9.999989867210388184e-01,-9.999970197677612305e-01,9.999971985816955566e-01,9.999993443489074707e-01,9.999994039535522461e-01,9.999970793724060059e-01,9.999994039535522461e-01,-9.999993443489074707e-01,9.999993443489074707e-01,-9.999988079071044922e-01,-9.999972581863403320e-01,9.999952912330627441e-01,9.999682307243347168e-01,9.999989271163940430e-01,-9.999954104423522949e-01,-9.999992251396179199e-01,9.999958872795104980e-01,9.999979734420776367e-01,9.999414086341857910e-01,-9.999984502792358398e-01,9.999993443489074707e-01,-9.999979734420776367e-01,9.999989271163940430e-01,9.999918937683105469e-01,-9.999930858612060547e-01,-9.999993443489074707e-01,-9.999737739562988281e-01,-9.999962449073791504e-01,9.999985694885253906e-01,-9.999989867210388184e-01,9.999856352806091309e-01,9.999986886978149414e-01,-9.999989867210388184e-01,9.999987483024597168e-01,9.999947547912597656e-01,-9.999993443489074707e-01,9.999993443489074707e-01,-9.999948740005493164e-01,9.999981522560119629e-01,-9.999993443489074707e-01,9.999809265136718750e-01,9.999711513519287109e-01,-9.999992251396179199e-01,-9.999983906745910645e-01,9.999689459800720215e-01,9.999987483024597168e-01,9.999961256980895996e-01,-9.999992251396179199e-01,9.999988079071044922e-01,-9.999991059303283691e-01,9.999988675117492676e-01,9.999883174896240234e-01,-9.999994635581970215e-01,9.999989271163940430e-01,-9.999994039535522461e-01,9.999992251396179199e-01,9.999964237213134766e-01,9.999988079071044922e-01,9.999993443489074707e-01,-9.999973773956298828e-01,-9.999992251396179199e-01,9.999985694885253906e-01,9.999876022338867188e-01,9.999971985816955566e-01,-9.999932050704956055e-01,9.999981522560119629e-01
