9.172222018241882324e-01,-4.377978388220071793e-03,-1.622349023818969727e-01,-1.922936588525772095e-01,1.638098992407321930e-02,2.467605983838438988e-03,-3.321836888790130615e-01,5.147576928138732910e-01,7.002971321344375610e-02,-1.029100455343723297e-02,-8.979740552604198456e-03,1.791143789887428284e-02,9.531453251838684082e-02,1.638299971818923950e-01,2.017509005963802338e-02,-3.987852483987808228e-02,-4.480202868580818176e-02,-6.993333995342254639e-02,1.750651299953460693e-01,4.947037696838378906e-01,-2.878069579601287842e-01,-1.385406255722045898e-01,-1.978888176381587982e-02,-1.801039725542068481e-01,2.655409649014472961e-02,-6.001754403114318848e-01,1.770506799221038818e-01,1.161315962672233582e-01,-5.804478526115417480e-01,-1.310953199863433838e-01,-8.185666054487228394e-03,-7.125642150640487671e-02,1.797557324171066284e-01,-5.998307839035987854e-02,1.087555568665266037e-02,-2.547644972801208496e-01,1.071356981992721558e-01,1.041338592767715454e-02,1.674207858741283417e-02,-4.669664427638053894e-02,-7.736367639154195786e-03,6.484757363796234131e-02,-2.506380975246429443e-01,-1.633479446172714233e-02,1.871513575315475464e-01,-1.395604759454727173e-01,1.365989446640014648e-01,4.382269084453582764e-02,-1.071841269731521606e-01,-2.113919705152511597e-02,2.533892691135406494e-01,2.139882445335388184e-01,4.019623156636953354e-03,-2.666899263858795166e-01,7.801979035139083862e-02,7.220219075679779053e-02,-2.450116351246833801e-02,2.438917197287082672e-02,4.744361713528633118e-02,1.304783970117568970e-01,7.507378607988357544e-02,1.158086434006690979e-01,6.522293388843536377e-02,-1.039205417037010193e-01,7.489097863435745239e-02,-7.406930439174175262e-03,-6.987025588750839233e-02,6.112334877252578735e-02,-1.194244325160980225e-01,-7.894527912139892578e-02,-4.250497370958328247e-02,-3.136219382286071777e-01,-9.406269341707229614e-02,-1.392568182200193405e-02,-6.943361461162567139e-02,1.747256964445114136e-01,1.793052256107330322e-02,-3.201894089579582214e-02,-5.377164483070373535e-01,-1.375612616539001465e-01,-2.742770873010158539e-02,4.356767982244491577e-02,1.982429474592208862e-01,1.681033521890640259e-02,4.781838878989219666e-02,1.375798583030700684e-01,-4.442203789949417114e-02,5.827386397868394852e-03,-5.648946017026901245e-02,6.743358820676803589e-02,2.632959485054016113e-01,-1.097223311662673950e-01,-1.717014759778976440e-01,8.174210041761398315e-02,7.005583494901657104e-02,-1.436903327703475952e-01,-5.799539759755134583e-02,-1.128472574055194855e-02,-2.300821095705032349e-01,5.005129799246788025e-02,7.025335729122161865e-02,-1.242832932621240616e-02,-1.658095121383666992e-01,3.685364127159118652e-02,-2.274519298225641251e-03,7.038694620132446289e-02,4.727983474731445312e-02,-5.075166933238506317e-03,3.264166042208671570e-02,-1.476283464580774307e-02,1.886594444513320923e-01,-2.087039127945899963e-02,-1.646038591861724854e-01,-6.933657079935073853e-02,-6.661475449800491333e-02,-1.655119284987449646e-02,-7.568746805191040039e-02,-1.053789258003234863e-01,-3.292642831802368164e-01,1.762720197439193726e-02,-3.495136499404907227e-01,1.504347026348114014e-01,-3.648718073964118958e-02,-2.069579064846038818e-01,1.286859065294265747e-01,-2.228087186813354492e-02,3.593889623880386353e-02,1.062807440757751465e-01
-4.377978388220071793e-03,8.263874053955078125e-01,-6.212921142578125000e-01,-7.419754862785339355e-01,4.964584708213806152e-01,5.158138275146484375e-02,3.882404565811157227e-01,-5.233178660273551941e-02,-4.858913719654083252e-01,2.785596251487731934e-01,-1.621725708246231079e-01,-8.592370152473449707e-01,-9.811425581574440002e-03,-1.674609035253524780e-01,8.481878042221069336e-01,-4.691052436828613281e-01,6.108173131942749023e-01,-4.814363420009613037e-01,-3.703275620937347412e-01,-5.479065775871276855e-01,7.847697138786315918e-01,-2.232763022184371948e-01,-8.156048655509948730e-01,-7.090627551078796387e-01,2.341830581426620483e-01,-2.988097369670867920e-01,5.578071475028991699e-01,7.890855669975280762e-01,-4.017103016376495361e-01,4.025285318493843079e-02,3.775899708271026611e-01,2.566748559474945068e-01,4.625346958637237549e-01,7.955768108367919922e-01,-6.402779221534729004e-01,-2.253735959529876709e-01,-7.625752091407775879e-01,5.797795057296752930e-01,1.168439909815788269e-01,-1.693042367696762085e-01,1.939489096403121948e-01,6.549473404884338379e-01,-6.954011321067810059e-01,4.061561524868011475e-01,8.036985397338867188e-01,-8.276497125625610352e-01,-5.439054965972900391e-01,4.419895410537719727e-01,-3.629338145256042480e-01,-8.353297710418701172e-01,-4.427968859672546387e-01,5.965832471847534180e-01,-2.525028288364410400e-01,-6.891745924949645996e-01,-5.742972493171691895e-01,3.665531277656555176e-01,6.574994921684265137e-01,7.989424467086791992e-01,4.449656903743743896e-01,7.534369826316833496e-01,2.331040501594543457e-01,-7.847864627838134766e-01,3.452042043209075928e-01,8.138740062713623047e-01,4.914027154445648193e-01,-4.194738864898681641e-01,-6.149538159370422363e-01,-6.480653285980224609e-01,-4.586539268493652344e-01,-1.584723591804504395e-01,-4.067805707454681396e-01,-3.820207715034484863e-01,-3.490067422389984131e-01,-5.387100577354431152e-02,-7.769327163696289062e-01,1.989130079746246338e-01,-7.723714113235473633e-01,8.565690517425537109e-01,2.698982954025268555e-01,5.899159908294677734e-01,6.105545163154602051e-02,7.203671932220458984e-01,1.776707023382186890e-01,3.954643011093139648e-01,3.949682414531707764e-01,1.814166642725467682e-02,1.991756707429885864e-01,3.133328855037689209e-01,2.888133227825164795e-01,-3.934681117534637451e-01,3.653532266616821289e-01,-1.914713382720947266e-01,7.354100346565246582e-01,-2.590404748916625977e-01,-4.224391579627990723e-01,4.968845844268798828e-01,-3.296581804752349854e-01,-9.876206517219543457e-02,-7.479134798049926758e-01,-3.882456421852111816e-01,-5.068651437759399414e-01,4.536730945110321045e-01,4.519134163856506348e-01,7.742508053779602051e-01,1.235280334949493408e-01,7.568594217300415039e-01,-9.283243864774703979e-02,-3.876804709434509277e-01,-5.028515458106994629e-01,-3.975328207015991211e-01,-1.311488002538681030e-01,-2.001666575670242310e-01,6.821968555450439453e-01,6.840592026710510254e-01,1.169989854097366333e-01,2.362910062074661255e-01,-8.816450238227844238e-01,2.980265319347381592e-01,-3.544337451457977295e-01,3.614475429058074951e-01,3.845253586769104004e-02,6.860280781984329224e-02,-4.639109671115875244e-01,6.067280098795890808e-02,2.096806764602661133e-01,-3.928312063217163086e-01,-4.125241935253143311e-01,-5.163311958312988281e-01
-1.622349023818969727e-01,-6.212921142578125000e-01,9.526109695434570312e-01,8.502094149589538574e-01,-6.588411927223205566e-01,-5.470187664031982422e-01,-5.826768875122070312e-01,-4.630110561847686768e-01,7.878196239471435547e-01,-6.930927038192749023e-01,6.293196678161621094e-01,6.187162399291992188e-01,-5.492139458656311035e-01,6.074469089508056641e-01,-6.447216272354125977e-01,8.023790121078491211e-01,-8.134829998016357422e-01,-7.164927572011947632e-02,7.283343672752380371e-01,3.794829845428466797e-01,-6.505221724510192871e-01,-3.122255802154541016e-01,7.398478388786315918e-01,8.741963505744934082e-01,-7.170328497886657715e-01,5.701947212219238281e-01,-1.982543021440505981e-01,-4.795697331428527832e-01,2.864749431610107422e-01,-4.324658811092376709e-01,-7.552215456962585449e-01,3.587923049926757812e-01,-8.653168082237243652e-01,-5.312632322311401367e-01,7.953634858131408691e-01,6.657618880271911621e-01,6.841674447059631348e-01,-8.148724436759948730e-01,-6.413519382476806641e-01,6.662665009498596191e-01,3.401309549808502197e-01,-7.656446099281311035e-01,3.230673670768737793e-01,-7.444493174552917480e-01,-4.492914676666259766e-01,8.151310086250305176e-01,-7.791195809841156006e-02,-8.199843764305114746e-01,7.391352057456970215e-01,7.299949526786804199e-01,4.434039592742919922e-01,-8.620475530624389648e-01,-3.511334657669067383e-01,8.029403686523437500e-01,5.657917633652687073e-02,1.517226994037628174e-01,-8.292705416679382324e-01,-4.355192482471466064e-01,-8.572739958763122559e-01,-6.652054190635681152e-01,2.919875085353851318e-01,3.977610170841217041e-01,-5.775958895683288574e-01,-4.787271618843078613e-01,7.505583763122558594e-02,7.826787829399108887e-01,8.619382977485656738e-01,1.259786039590835571e-01,8.183896541595458984e-01,7.172130942344665527e-01,7.939873933792114258e-01,6.680559515953063965e-01,7.938122153282165527e-01,5.736171603202819824e-01,7.789140939712524414e-01,-6.877507567405700684e-01,5.002402067184448242e-01,-7.520034313201904297e-01,-1.588588356971740723e-01,-2.163410652428865433e-03,-6.014922857284545898e-01,-6.996740698814392090e-01,-3.589581847190856934e-01,-7.550341486930847168e-01,1.828153133392333984e-01,-5.901898741722106934e-01,4.126080572605133057e-01,-7.351504564285278320e-01,3.364529311656951904e-01,7.038887739181518555e-01,-4.029919505119323730e-01,6.417481899261474609e-01,-6.905137300491333008e-01,-3.039500415325164795e-01,7.747410535812377930e-01,-7.594987750053405762e-01,8.007031083106994629e-01,1.723552197217941284e-01,4.633153975009918213e-01,-1.657765507698059082e-01,7.933676838874816895e-01,1.269788444042205811e-01,1.013991981744766235e-01,-6.731586456298828125e-01,-6.275886893272399902e-01,-7.487777471542358398e-01,5.737946033477783203e-01,7.787115573883056641e-01,-1.195071339607238770e-01,7.736101746559143066e-01,-4.848583340644836426e-01,6.989829540252685547e-01,-6.819172501564025879e-01,-6.644541025161743164e-01,-5.471146106719970703e-01,-7.101656198501586914e-01,7.801696062088012695e-01,2.533697783946990967e-01,-1.234926357865333557e-01,-7.543584704399108887e-01,-3.906217515468597412e-01,4.233736097812652588e-01,-6.906809657812118530e-02,2.853316664695739746e-01,3.719635605812072754e-01,-1.704871654510498047e-01,7.430884242057800293e-01,-3.987492993474006653e-02
-1.922936588525772095e-01,-7.419754862785339355e-01,8.502094149589538574e-01,9.785896539688110352e-01,-6.280377507209777832e-01,-3.184626996517181396e-01,-5.312689542770385742e-01,-3.475597202777862549e-01,7.069541811943054199e-01,-5.866415500640869141e-01,4.661816954612731934e-01,7.944869399070739746e-01,-3.729142546653747559e-01,4.733585119247436523e-01,-7.484614253044128418e-01,7.739555835723876953e-01,-8.110141158103942871e-01,1.570526212453842163e-01,6.331103444099426270e-01,4.620298147201538086e-01,-8.006970882415771484e-01,-1.154833734035491943e-01,8.948734402656555176e-01,9.479579925537109375e-01,-5.975083112716674805e-01,4.494771659374237061e-01,-4.247457981109619141e-01,-7.010127305984497070e-01,5.134657025337219238e-01,-4.814479351043701172e-01,-7.096096277236938477e-01,1.544925868511199951e-01,-7.731505632400512695e-01,-7.259930372238159180e-01,8.670108914375305176e-01,6.739144921302795410e-01,7.512856125831604004e-01,-8.077185153961181641e-01,-5.003265142440795898e-01,5.206604003906250000e-01,1.018462181091308594e-01,-7.798731327056884766e-01,5.592950582504272461e-01,-6.909299492835998535e-01,-6.586349010467529297e-01,9.478150010108947754e-01,1.682395935058593750e-01,-7.870928645133972168e-01,7.079687118530273438e-01,8.819193840026855469e-01,6.367841362953186035e-01,-8.610461354255676270e-01,-1.424783766269683838e-01,9.134571552276611328e-01,2.739474177360534668e-01,-7.201285660266876221e-02,-8.850706219673156738e-01,-6.534566879272460938e-01,-8.027043342590332031e-01,-7.314265966415405273e-01,4.123496264219284058e-02,6.244044899940490723e-01,-5.858353376388549805e-01,-6.735867261886596680e-01,-1.836663484573364258e-01,7.182983756065368652e-01,9.118528366088867188e-01,3.851726055145263672e-01,8.195337653160095215e-01,5.800576210021972656e-01,7.005467414855957031e-01,5.562874674797058105e-01,7.399979829788208008e-01,3.962035477161407471e-01,8.547682166099548340e-01,-6.872225403785705566e-01,6.997449398040771484e-01,-8.962395787239074707e-01,-3.236065208911895752e-01,-2.374786734580993652e-01,-4.289046227931976318e-01,-8.599081039428710938e-01,-4.096992313861846924e-01,-7.132595181465148926e-01,-4.703891649842262268e-02,-3.979886174201965332e-01,2.001273334026336670e-01,-6.380585432052612305e-01,1.321757137775421143e-01,5.931174755096435547e-01,-5.142749547958374023e-01,4.946687519550323486e-01,-7.219754457473754883e-01,-9.026845544576644897e-02,7.192767262458801270e-01,-7.103832364082336426e-01,6.904063820838928223e-01,1.722391247749328613e-01,6.382243037223815918e-01,5.992356315255165100e-02,7.970637679100036621e-01,-1.132051572203636169e-01,-1.090122163295745850e-01,-8.669149875640869141e-01,-4.585085511207580566e-01,-7.381978034973144531e-01,3.986808061599731445e-01,6.955247521400451660e-01,1.060953959822654724e-01,7.117103934288024902e-01,-2.994892001152038574e-01,5.570997595787048340e-01,-7.057337164878845215e-01,-7.602193951606750488e-01,-3.915001451969146729e-01,-5.937002897262573242e-01,9.174362421035766602e-01,6.853634119033813477e-02,6.650666892528533936e-02,-6.937320828437805176e-01,-2.120718061923980713e-01,2.194038331508636475e-01,1.328264921903610229e-01,1.112002804875373840e-01,1.896291524171829224e-01,1.339331548660993576e-02,7.021605372428894043e-01,2.226172834634780884e-01
1.638098992407321930e-02,4.964584708213806152e-01,-6.588411927223205566e-01,-6.280377507209777832e-01,9.578936100006103516e-01,6.444092988967895508e-01,6.903727054595947266e-01,4.646038413047790527e-01,-7.902563214302062988e-01,7.540614008903503418e-01,-7.707502841949462891e-01,-4.271951317787170410e-01,6.554412245750427246e-01,-7.369264960289001465e-01,5.615822076797485352e-01,-7.673899531364440918e-01,8.257160782814025879e-01,3.007539808750152588e-01,-7.691872119903564453e-01,-4.532918334007263184e-01,4.654965400695800781e-01,4.610138535499572754e-01,-7.090709209442138672e-01,-6.570765972137451172e-01,7.527846693992614746e-01,-4.624956250190734863e-01,-6.438130978494882584e-03,2.155710607767105103e-01,-1.651220768690109253e-01,3.722735941410064697e-01,7.665208578109741211e-01,-4.898044168949127197e-01,8.217945694923400879e-01,2.423806339502334595e-01,-7.056244015693664551e-01,-5.220309495925903320e-01,-7.225489616394042969e-01,7.900891900062561035e-01,7.035745382308959961e-01,-7.386411428451538086e-01,-4.242728948593139648e-01,8.415140509605407715e-01,-1.349142193794250488e-01,7.750238776206970215e-01,2.227969467639923096e-01,-6.226031780242919922e-01,1.420096457004547119e-01,7.862368822097778320e-01,-3.699047863483428955e-01,-4.595542848110198975e-01,-4.437913894653320312e-01,8.450615406036376953e-01,4.446741044521331787e-01,-4.747153818607330322e-01,1.355263739824295044e-01,-3.279320001602172852e-01,7.537665963172912598e-01,2.337422519922256470e-01,7.572788000106811523e-01,5.753183364868164062e-01,-4.521463513374328613e-01,-1.982009708881378174e-01,5.862489938735961914e-01,3.127803206443786621e-01,-2.127246260643005371e-01,-8.106915354728698730e-01,-6.673163175582885742e-01,5.252873897552490234e-02,-7.730300426483154297e-01,-6.484375000000000000e-01,-8.261492848396301270e-01,-4.804182052612304688e-01,-7.621120810508728027e-01,-6.989747285842895508e-01,-6.809692978858947754e-01,5.690649747848510742e-01,-4.148994386196136475e-01,5.924805998802185059e-01,-4.724621772766113281e-02,-1.819793581962585449e-01,6.937800049781799316e-01,5.177347064018249512e-01,2.515041232109069824e-01,7.724926471710205078e-01,-3.761934340000152588e-01,6.120802760124206543e-01,-5.261687040328979492e-01,7.576131820678710938e-01,-3.923375010490417480e-01,-8.137798905372619629e-01,2.013294957578182220e-02,-7.809267640113830566e-01,7.113421559333801270e-01,4.558820128440856934e-01,-8.373457193374633789e-01,8.355188965797424316e-01,-7.416486144065856934e-01,-1.678048670291900635e-01,-1.161646470427513123e-01,4.306241571903228760e-01,-7.399159073829650879e-01,-2.918604016304016113e-01,-2.708928287029266357e-01,4.675630331039428711e-01,7.459159493446350098e-01,6.044568419456481934e-01,-7.125567197799682617e-01,-7.981190681457519531e-01,2.278821617364883423e-01,-7.875587940216064453e-01,5.593134760856628418e-01,-6.652436852455139160e-01,7.875242233276367188e-01,3.571616709232330322e-01,7.103854417800903320e-01,7.446789741516113281e-01,-6.331644654273986816e-01,-4.966126680374145508e-01,2.702052593231201172e-01,7.508885860443115234e-01,5.883938670158386230e-01,-5.763987302780151367e-01,2.083510905504226685e-01,-6.101550459861755371e-01,-4.521601498126983643e-01,3.597236573696136475e-01,-8.201550245285034180e-01,2.012625783681869507e-01
2.467605983838438988e-03,5.158138275146484375e-02,-5.470187664031982422e-01,-3.184626996517181396e-01,6.444092988967895508e-01,9.879910349845886230e-01,7.300016283988952637e-01,6.969994306564331055e-01,-8.231847882270812988e-01,8.702095746994018555e-01,-9.509300589561462402e-01,9.131718426942825317e-02,9.372836947441101074e-01,-9.250079989433288574e-01,1.545631885528564453e-01,-7.146532535552978516e-01,6.855674386024475098e-01,7.789080142974853516e-01,-8.424558639526367188e-01,-3.590399920940399170e-01,1.208179071545600891e-01,8.966030478477478027e-01,-2.010902464389801025e-01,-3.565913438796997070e-01,8.863166570663452148e-01,-5.815332531929016113e-01,-5.991975665092468262e-01,-3.359125554561614990e-01,3.479445576667785645e-01,4.264188408851623535e-01,8.081790208816528320e-01,-8.637335896492004395e-01,7.519835829734802246e-01,-1.762955337762832642e-01,-5.163291692733764648e-01,-5.462688803672790527e-01,-3.722249865531921387e-01,6.898135542869567871e-01,9.182785749435424805e-01,-9.372459053993225098e-01,-8.925817012786865234e-01,6.018326878547668457e-01,5.002775788307189941e-01,7.981702685356140137e-01,-3.239408433437347412e-01,-2.113075256347656250e-01,6.964843273162841797e-01,7.634744048118591309e-01,-5.183972120285034180e-01,-3.159601241350173950e-02,-2.184408716857433319e-02,6.425536274909973145e-01,8.885939121246337891e-01,-1.642007380723953247e-01,5.502798557281494141e-01,-8.504471778869628906e-01,5.745468735694885254e-01,-3.150512874126434326e-01,7.617607116699218750e-01,2.018234282732009888e-01,-9.083687663078308105e-01,2.950650453567504883e-01,5.442325472831726074e-01,-2.414908260107040405e-01,-7.686257958412170410e-01,-8.083088397979736328e-01,-4.915261566638946533e-01,6.224995255470275879e-01,-7.107206583023071289e-01,-8.633933067321777344e-01,-8.653454780578613281e-01,-6.643101572990417480e-01,-7.911494970321655273e-01,-9.600231051445007324e-01,-2.582039833068847656e-01,5.206032395362854004e-01,1.298168599605560303e-01,1.451759338378906250e-01,-7.270616292953491211e-02,-6.831673979759216309e-01,9.372786283493041992e-01,1.308645457029342651e-01,-5.584913864731788635e-02,7.926654815673828125e-01,-8.434385061264038086e-01,9.445996284484863281e-01,-8.856340050697326660e-01,8.795011043548583984e-01,-8.765222430229187012e-01,-8.648144602775573730e-01,-2.940045297145843506e-01,-9.356580376625061035e-01,4.183363020420074463e-01,8.826669454574584961e-01,-7.818784117698669434e-01,7.893845438957214355e-01,-8.326002955436706543e-01,-1.643654108047485352e-01,3.671727478504180908e-01,7.907319664955139160e-01,-6.992777585983276367e-01,-8.133887648582458496e-01,-7.458022832870483398e-01,1.207413617521524429e-02,9.533926844596862793e-01,3.828027248382568359e-01,-9.569804072380065918e-01,-8.515904545783996582e-01,7.510860562324523926e-01,-8.209941387176513672e-01,8.917115330696105957e-01,-8.971452116966247559e-01,5.202924013137817383e-01,1.514334678649902344e-01,9.607456922531127930e-01,8.791312575340270996e-01,-1.811621189117431641e-01,-8.340163826942443848e-01,7.337828278541564941e-01,8.154313564300537109e-01,8.650450706481933594e-01,-9.524354338645935059e-01,7.686250805854797363e-01,-7.400227189064025879e-01,-8.454303741455078125e-01,8.067169189453125000e-01,-8.225617408752441406e-01,7.486925125122070312e-01
-3.321836888790130615e-01,3.882404565811157227e-01,-5.826768875122070312e-01,-5.312689542770385742e-01,6.903727054595947266e-01,7.300016283988952637e-01,9.265859127044677734e-01,2.915737032890319824e-01,-8.692323565483093262e-01,7.933037877082824707e-01,-8.087515830993652344e-01,-3.336848020553588867e-01,7.067427039146423340e-01,-8.788103461265563965e-01,4.876900017261505127e-01,-7.353623509407043457e-01,8.229704499244689941e-01,4.330784678459167480e-01,-8.961201310157775879e-01,-7.499064803123474121e-01,5.904483795166015625e-01,6.474137902259826660e-01,-5.486862659454345703e-01,-5.714869499206542969e-01,8.046036958694458008e-01,-2.729025483131408691e-01,-2.541753649711608887e-01,4.215278103947639465e-02,2.352775931358337402e-01,5.005728006362915039e-01,8.397517204284667969e-01,-5.462534427642822266e-01,7.189726829528808594e-01,2.657197415828704834e-01,-7.146419286727905273e-01,-5.127164125442504883e-01,-6.583850979804992676e-01,7.756673693656921387e-01,7.844685912132263184e-01,-8.076956868171691895e-01,-6.142255663871765137e-01,7.133047580718994141e-01,1.693307608366012573e-01,7.913442254066467285e-01,3.229935094714164734e-02,-5.129747390747070312e-01,2.386848479509353638e-01,8.116250634193420410e-01,-5.274556279182434082e-01,-4.087648391723632812e-01,-4.563165605068206787e-01,6.753756403923034668e-01,5.991385579109191895e-01,-3.168187141418457031e-01,1.409030556678771973e-01,-5.255885124206542969e-01,7.893176078796386719e-01,1.115939989686012268e-01,8.041318058967590332e-01,3.982126116752624512e-01,-5.992599725723266602e-01,-1.951084136962890625e-01,5.185350775718688965e-01,2.477028071880340576e-01,-4.209989905357360840e-01,-8.156147599220275879e-01,-6.600558161735534668e-01,1.436213105916976929e-01,-7.195063233375549316e-01,-7.251992821693420410e-01,-8.385363221168518066e-01,-4.944069683551788330e-01,-7.743582129478454590e-01,-7.723358869552612305e-01,-5.056095123291015625e-01,4.595656394958496094e-01,-2.720728516578674316e-01,5.127910375595092773e-01,3.377944827079772949e-01,-2.110031694173812866e-01,7.812257409095764160e-01,4.363063871860504150e-01,4.565949738025665283e-02,7.912852764129638672e-01,-5.185521245002746582e-01,6.851218938827514648e-01,-5.976673364639282227e-01,8.235011696815490723e-01,-5.355220437049865723e-01,-8.345733880996704102e-01,-1.139245182275772095e-01,-7.534381151199340820e-01,6.921252012252807617e-01,5.461370944976806641e-01,-8.560358285903930664e-01,9.053077697753906250e-01,-7.755223512649536133e-01,-1.579430550336837769e-01,6.704623252153396606e-02,4.207864999771118164e-01,-8.292850255966186523e-01,-4.329098761081695557e-01,-3.196728527545928955e-01,3.813663125038146973e-01,8.064360022544860840e-01,5.342877507209777832e-01,-8.108148574829101562e-01,-8.304992914199829102e-01,3.721507787704467773e-01,-8.217813968658447266e-01,5.765587687492370605e-01,-7.847416996955871582e-01,7.686784267425537109e-01,5.083426237106323242e-01,8.123099207878112793e-01,8.323567509651184082e-01,-5.057900547981262207e-01,-4.959946572780609131e-01,5.917682051658630371e-01,7.880488634109497070e-01,8.371543884277343750e-01,-7.679384946823120117e-01,4.294803440570831299e-01,-4.205351471900939941e-01,-6.699562668800354004e-01,4.952522218227386475e-01,-8.613278269767761230e-01,2.862896621227264404e-01
5.147576928138732910e-01,-5.233178660273551941e-02,-4.630110561847686768e-01,-3.475597202777862549e-01,4.646038413047790527e-01,6.969994306564331055e-01,2.915737032890319824e-01,9.553221464157104492e-01,-5.251418352127075195e-01,6.037100553512573242e-01,-7.112132310867309570e-01,1.319895386695861816e-01,7.856699228286743164e-01,-6.133592724800109863e-01,7.660823315382003784e-02,-4.859690666198730469e-01,4.503152668476104736e-01,6.032055616378784180e-01,-4.968002736568450928e-01,1.177323982119560242e-01,-8.133385330438613892e-02,6.509176492691040039e-01,-1.785480529069900513e-01,-3.800489604473114014e-01,6.764466762542724609e-01,-6.856198906898498535e-01,-3.628660440444946289e-01,-2.258050292730331421e-01,-1.899762898683547974e-01,3.747735917568206787e-01,5.862778425216674805e-01,-7.352149486541748047e-01,6.351526379585266113e-01,-2.425683140754699707e-01,-3.301091790199279785e-01,-5.784102082252502441e-01,-1.459149867296218872e-01,4.746446013450622559e-01,7.186716794967651367e-01,-7.462471723556518555e-01,-6.210948824882507324e-01,4.465965628623962402e-01,2.309270352125167847e-01,5.494676828384399414e-01,-1.816825717687606812e-01,-2.031105011701583862e-01,6.225095987319946289e-01,6.088055372238159180e-01,-3.813841342926025391e-01,9.795031510293483734e-03,2.829627320170402527e-02,6.001661419868469238e-01,7.031763195991516113e-01,-2.985804975032806396e-01,5.055590271949768066e-01,-6.376072764396667480e-01,4.170326292514801025e-01,-2.835863530635833740e-01,6.215972900390625000e-01,1.137050315737724304e-01,-6.705363392829895020e-01,3.284104764461517334e-01,3.952889144420623779e-01,-3.214382529258728027e-01,-5.413734316825866699e-01,-5.797370076179504395e-01,-4.085986316204071045e-01,5.383999347686767578e-01,-6.374701261520385742e-01,-7.076670527458190918e-01,-6.619448065757751465e-01,-6.502562165260314941e-01,-6.627203226089477539e-01,-7.229508757591247559e-01,-1.937901973724365234e-01,5.720846056938171387e-01,1.699307560920715332e-01,3.319697827100753784e-02,-4.408403337001800537e-01,-6.435050368309020996e-01,7.095836400985717773e-01,7.592331618070602417e-02,1.329796016216278076e-01,5.829383730888366699e-01,-6.496250033378601074e-01,7.889285087585449219e-01,-7.342656850814819336e-01,6.486011743545532227e-01,-7.231275439262390137e-01,-5.752340555191040039e-01,-1.246212646365165710e-01,-7.665547132492065430e-01,1.557441800832748413e-01,7.492914795875549316e-01,-5.418056845664978027e-01,5.102500915527343750e-01,-6.604331731796264648e-01,-1.134724393486976624e-01,1.853052675724029541e-01,6.546598672866821289e-01,-4.580609500408172607e-01,-6.571466326713562012e-01,-7.209198474884033203e-01,-5.149973556399345398e-03,7.114526033401489258e-01,1.834753751754760742e-01,-6.825997233390808105e-01,-6.168022751808166504e-01,6.501465439796447754e-01,-6.049436926841735840e-01,8.004492521286010742e-01,-6.428070664405822754e-01,2.328132987022399902e-01,-4.120353609323501587e-02,6.887620091438293457e-01,6.489429473876953125e-01,-1.517744213342666626e-01,-7.244825363159179688e-01,3.982565402984619141e-01,5.935239195823669434e-01,4.039217531681060791e-01,-6.273351907730102539e-01,5.862061381340026855e-01,-6.307575106620788574e-01,-5.901836752891540527e-01,6.496856808662414551e-01,-6.011504530906677246e-01,6.756080985069274902e-01
7.002971321344375610e-02,-4.858913719654083252e-01,7.878196239471435547e-01,7.069541811943054199e-01,-7.902563214302062988e-01,-8.231847882270812988e-01,-8.692323565483093262e-01,-5.251418352127075195e-01,9.712617993354797363e-01,-8.889241814613342285e-01,8.859836459159851074e-01,4.216299057006835938e-01,-7.857683300971984863e-01,8.977147340774536133e-01,-5.810303092002868652e-01,8.850926160812377930e-01,-9.308594465255737305e-01,-4.037881195545196533e-01,9.392421841621398926e-01,6.411728858947753906e-01,-6.064947843551635742e-01,-6.503924727439880371e-01,6.537037491798400879e-01,7.353864312171936035e-01,-8.962406516075134277e-01,5.432384610176086426e-01,1.654439419507980347e-01,-1.672536581754684448e-01,-5.907596647739410400e-02,-4.919524788856506348e-01,-9.210761189460754395e-01,5.967029333114624023e-01,-8.830870985984802246e-01,-3.339526057243347168e-01,8.405278921127319336e-01,6.389144659042358398e-01,7.398209571838378906e-01,-9.110668897628784180e-01,-8.584375381469726562e-01,8.926190137863159180e-01,6.331381201744079590e-01,-8.546602725982666016e-01,-4.052131623029708862e-02,-9.097860455513000488e-01,-1.639731675386428833e-01,6.567479372024536133e-01,-2.808577120304107666e-01,-9.164905548095703125e-01,6.696880459785461426e-01,5.237438678741455078e-01,3.823240101337432861e-01,-8.673449158668518066e-01,-6.252675652503967285e-01,5.444731712341308594e-01,-1.337969899177551270e-01,5.104727149009704590e-01,-8.890570402145385742e-01,-1.953365057706832886e-01,-9.263807535171508789e-01,-5.655829310417175293e-01,6.181774139404296875e-01,2.238572686910629272e-01,-6.613367795944213867e-01,-2.803273200988769531e-01,3.814648687839508057e-01,9.277823567390441895e-01,8.058568239212036133e-01,-1.415594220161437988e-01,8.806338310241699219e-01,8.416890501976013184e-01,9.583165645599365234e-01,7.041101455688476562e-01,8.915275335311889648e-01,8.405340909957885742e-01,6.537626385688781738e-01,-6.241648793220520020e-01,3.550980091094970703e-01,-6.211964488029479980e-01,-2.117335498332977295e-01,2.443475723266601562e-01,-8.407073616981506348e-01,-5.728473067283630371e-01,-1.108011379837989807e-01,-9.050822854042053223e-01,5.080178976058959961e-01,-7.961868047714233398e-01,6.486604213714599609e-01,-9.245007038116455078e-01,5.977234244346618652e-01,9.185609817504882812e-01,-2.534482162445783615e-03,8.722391724586486816e-01,-7.620975971221923828e-01,-5.927125215530395508e-01,9.263374209403991699e-01,-9.557189941406250000e-01,8.994269967079162598e-01,1.977132260799407959e-01,8.870673179626464844e-02,-4.518875181674957275e-01,9.156079292297363281e-01,4.382990300655364990e-01,3.594530224800109863e-01,-4.976293146610260010e-01,-8.790793418884277344e-01,-7.077792882919311523e-01,8.567697405815124512e-01,9.419934749603271484e-01,-3.779526948928833008e-01,9.256507754325866699e-01,-6.811730861663818359e-01,8.780323266983032227e-01,-8.208330273628234863e-01,-5.729494094848632812e-01,-8.682323098182678223e-01,-9.041495323181152344e-01,6.381983757019042969e-01,5.383959412574768066e-01,-4.708985090255737305e-01,-9.035623669624328613e-01,-7.668933868408203125e-01,7.715479731559753418e-01,-4.041327238082885742e-01,5.184622406959533691e-01,6.495674848556518555e-01,-4.891369938850402832e-01,9.446930885314941406e-01,-3.154537975788116455e-01
-1.029100455343723297e-02,2.785596251487731934e-01,-6.930927038192749023e-01,-5.866415500640869141e-01,7.540614008903503418e-01,8.702095746994018555e-01,7.933037877082824707e-01,6.037100553512573242e-01,-8.889241814613342285e-01,8.854379653930664062e-01,-9.433350563049316406e-01,-2.011530548334121704e-01,9.151955246925354004e-01,-9.495275020599365234e-01,3.475003540515899658e-01,-8.224787712097167969e-01,8.197436928749084473e-01,6.088672876358032227e-01,-9.238119125366210938e-01,-4.546777307987213135e-01,3.858506381511688232e-01,7.601299881935119629e-01,-4.973688721656799316e-01,-6.223669052124023438e-01,9.461540579795837402e-01,-5.015273094177246094e-01,-3.185775578022003174e-01,-4.116748273372650146e-02,7.967258989810943604e-02,5.951156020164489746e-01,9.265038967132568359e-01,-7.862488627433776855e-01,8.923230171203613281e-01,8.989193290472030640e-02,-6.753418445587158203e-01,-7.077344655990600586e-01,-5.330169200897216797e-01,7.928706407546997070e-01,9.496611952781677246e-01,-9.574711322784423828e-01,-7.535167932510375977e-01,7.163138389587402344e-01,2.162284404039382935e-01,8.310637474060058594e-01,-7.086320966482162476e-02,-4.995431303977966309e-01,5.128549337387084961e-01,9.142794013023376465e-01,-6.066761612892150879e-01,-3.283218741416931152e-01,-3.633467853069305420e-01,8.108119368553161621e-01,7.875164151191711426e-01,-4.184618890285491943e-01,3.757184445858001709e-01,-6.570888757705688477e-01,7.716308832168579102e-01,-4.365190863609313965e-02,9.135810732841491699e-01,3.476179838180541992e-01,-7.374930381774902344e-01,3.099538572132587433e-02,5.442430973052978516e-01,6.133288145065307617e-02,-5.876920819282531738e-01,-8.985086679458618164e-01,-7.098737359046936035e-01,3.710030317306518555e-01,-8.626344203948974609e-01,-9.034761786460876465e-01,-9.406225681304931641e-01,-5.972821116447448730e-01,-9.295110702514648438e-01,-9.350414276123046875e-01,-4.894424676895141602e-01,6.706176996231079102e-01,-1.289787441492080688e-01,4.303704202175140381e-01,8.339685946702957153e-02,-4.713108837604522705e-01,9.426235556602478027e-01,3.676870763301849365e-01,1.914438754320144653e-01,8.573155999183654785e-01,-6.973921656608581543e-01,8.980158567428588867e-01,-8.116714954376220703e-01,9.201751947402954102e-01,-7.517082691192626953e-01,-8.793986439704895020e-01,-9.991722181439399719e-03,-9.237029552459716797e-01,5.488762259483337402e-01,7.547895908355712891e-01,-9.247012734413146973e-01,9.102212786674499512e-01,-9.309167861938476562e-01,-1.639716923236846924e-01,1.236175373196601868e-01,6.428660154342651367e-01,-8.365775942802429199e-01,-6.362416744232177734e-01,-5.665455460548400879e-01,3.141226470470428467e-01,9.555659890174865723e-01,4.794103801250457764e-01,-9.367230534553527832e-01,-9.245952367782592773e-01,5.980499982833862305e-01,-9.133957028388977051e-01,8.430135250091552734e-01,-9.116612672805786133e-01,6.476551294326782227e-01,3.733367919921875000e-01,9.126629233360290527e-01,9.485952854156494141e-01,-4.610457718372344971e-01,-7.269947528839111328e-01,6.389429569244384766e-01,8.683226704597473145e-01,8.070720434188842773e-01,-8.574504256248474121e-01,5.896779298782348633e-01,-6.502777338027954102e-01,-8.063062429428100586e-01,6.772458553314208984e-01,-9.184973239898681641e-01,5.173925757408142090e-01
-8.979740552604198456e-03,-1.621725708246231079e-01,6.293196678161621094e-01,4.661816954612731934e-01,-7.707502841949462891e-01,-9.509300589561462402e-01,-8.087515830993652344e-01,-7.112132310867309570e-01,8.859836459159851074e-01,-9.433350563049316406e-01,9.926773905754089355e-01,4.245382174849510193e-02,-9.621524214744567871e-01,9.687792062759399414e-01,-2.603545188903808594e-01,8.171518445014953613e-01,-7.967479228973388672e-01,-7.385351657867431641e-01,9.137462377548217773e-01,4.118605554103851318e-01,-2.485827505588531494e-01,-8.724365830421447754e-01,3.824466466903686523e-01,5.063444972038269043e-01,-9.578855037689208984e-01,5.435824990272521973e-01,4.788875877857208252e-01,2.145599722862243652e-01,-1.750062257051467896e-01,-5.571758747100830078e-01,-9.050155878067016602e-01,8.646182417869567871e-01,-8.550517559051513672e-01,7.677011191844940186e-02,6.427988409996032715e-01,6.782087087631225586e-01,4.871484041213989258e-01,-7.936003804206848145e-01,-9.677824974060058594e-01,9.830747246742248535e-01,8.485361337661743164e-01,-7.145988345146179199e-01,-3.643604516983032227e-01,-8.905911445617675781e-01,2.163740247488021851e-01,3.644477427005767822e-01,-6.223279237747192383e-01,-8.777351379394531250e-01,5.675618052482604980e-01,1.664672493934631348e-01,2.417130321264266968e-01,-7.716282606124877930e-01,-8.680353164672851562e-01,2.908242940902709961e-01,-5.096912980079650879e-01,7.870093584060668945e-01,-7.096510529518127441e-01,2.026209235191345215e-01,-8.615452647209167480e-01,-2.892200946807861328e-01,8.604843616485595703e-01,-1.852225661277770996e-01,-6.345691084861755371e-01,1.096756756305694580e-01,6.976998448371887207e-01,9.078940153121948242e-01,6.284372210502624512e-01,-5.214765667915344238e-01,8.278280496597290039e-01,9.082304835319519043e-01,9.415314197540283203e-01,6.317621469497680664e-01,8.959674835205078125e-01,9.818316102027893066e-01,4.064069390296936035e-01,-6.477281451225280762e-01,4.800373571924865246e-04,-2.875089645385742188e-01,4.208234325051307678e-02,6.195004582405090332e-01,-9.744742512702941895e-01,-2.693296968936920166e-01,-9.421423077583312988e-02,-8.961333036422729492e-01,8.079192638397216797e-01,-9.505345225334167480e-01,8.900427818298339844e-01,-9.492656588554382324e-01,8.439933061599731445e-01,9.251719713211059570e-01,1.836572140455245972e-01,9.770707488059997559e-01,-5.004773736000061035e-01,-8.625562191009521484e-01,8.972526788711547852e-01,-8.888103365898132324e-01,9.125525355339050293e-01,1.899982243776321411e-01,-2.826997339725494385e-01,-7.764321565628051758e-01,8.096824884414672852e-01,7.550297975540161133e-01,7.089387774467468262e-01,-1.678483635187149048e-01,-9.896506071090698242e-01,-4.191347062587738037e-01,9.832106828689575195e-01,9.304808974266052246e-01,-7.058347463607788086e-01,9.159935116767883301e-01,-9.029777050018310547e-01,9.348859786987304688e-01,-6.298084259033203125e-01,-2.412095516920089722e-01,-9.726540446281433105e-01,-9.518061876296997070e-01,3.268311023712158203e-01,8.421040773391723633e-01,-7.109777927398681641e-01,-9.062674045562744141e-01,-8.721639513969421387e-01,9.346934556961059570e-01,-7.035133242607116699e-01,7.609701156616210938e-01,8.525063395500183105e-01,-7.881901860237121582e-01,9.212062954902648926e-01,-6.664079427719116211e-01
1.791143789887428284e-02,-8.592370152473449707e-01,6.187162399291992188e-01,7.944869399070739746e-01,-4.271951317787170410e-01,9.131718426942825317e-02,-3.336848020553588867e-01,1.319895386695861816e-01,4.216299057006835938e-01,-2.011530548334121704e-01,4.245382174849510193e-02,9.629372358322143555e-01,1.288008689880371094e-01,7.189367711544036865e-02,-8.531972169876098633e-01,4.616691172122955322e-01,-5.802154541015625000e-01,6.049616336822509766e-01,3.071037232875823975e-01,5.167102813720703125e-01,-8.729034662246704102e-01,3.330712914466857910e-01,8.766177296638488770e-01,7.866646051406860352e-01,-1.643061786890029907e-01,1.818425506353378296e-01,-7.222743034362792969e-01,-9.187427759170532227e-01,4.977238178253173828e-01,-9.683513641357421875e-02,-3.250527083873748779e-01,-3.589653372764587402e-01,-4.149158298969268799e-01,-9.241117835044860840e-01,6.940550804138183594e-01,2.526824772357940674e-01,7.678548693656921387e-01,-5.544967651367187500e-01,-2.686687558889389038e-02,6.818164885044097900e-02,-3.309284150600433350e-01,-6.157866716384887695e-01,8.175119757652282715e-01,-3.677772581577301025e-01,-9.040530323982238770e-01,8.900977373123168945e-01,6.497168540954589844e-01,-4.053184390068054199e-01,3.980083763599395752e-01,9.425341486930847168e-01,5.678997039794921875e-01,-5.621305704116821289e-01,3.560912311077117920e-01,7.847149372100830078e-01,6.671463847160339355e-01,-5.088441967964172363e-01,-6.645000576972961426e-01,-9.179162383079528809e-01,-4.301587343215942383e-01,-7.924593091011047363e-01,-3.888388276100158691e-01,9.000710248947143555e-01,-3.625100255012512207e-01,-9.305453300476074219e-01,-6.133540868759155273e-01,3.663947582244873047e-01,6.714284420013427734e-01,7.942975163459777832e-01,4.329697787761688232e-01,1.214887052774429321e-01,3.299630284309387207e-01,2.851575613021850586e-01,3.106496334075927734e-01,-6.552934646606445312e-02,8.252573609352111816e-01,-2.881577014923095703e-01,8.881838917732238770e-01,-9.265834689140319824e-01,-3.986609876155853271e-01,-6.948105096817016602e-01,3.762997314333915710e-02,-8.573755025863647461e-01,-3.176507651805877686e-01,-3.544126749038696289e-01,-5.143526196479797363e-01,1.001758202910423279e-01,-2.924889326095581055e-01,-2.356223762035369873e-01,-3.869302570819854736e-01,2.731606066226959229e-01,-5.319254398345947266e-01,5.635394528508186340e-02,-7.451580762863159180e-01,4.037019014358520508e-01,3.841454088687896729e-01,-4.195671081542968750e-01,2.695293724536895752e-01,1.037436872720718384e-01,8.633514046669006348e-01,4.990230798721313477e-01,5.063763260841369629e-01,-5.839872360229492188e-01,-5.958141684532165527e-01,-9.000709056854248047e-01,-1.820803619921207428e-02,-7.606741786003112793e-01,-3.484499454498291016e-02,3.228325545787811279e-01,5.969983935356140137e-01,3.343014419078826904e-01,2.300923019647598267e-01,1.263241469860076904e-01,-6.548888683319091797e-01,-7.920961380004882812e-01,2.319103665649890900e-02,-1.748469024896621704e-01,9.172068238258361816e-01,-4.207248985767364502e-01,4.503738582134246826e-01,-3.167762756347656250e-01,8.123862743377685547e-02,-1.976907402276992798e-01,5.918597579002380371e-01,-2.598267793655395508e-01,-2.746469378471374512e-01,4.948416650295257568e-01,3.445715308189392090e-01,6.694523692131042480e-01
