9.999983310699462891e-01,-9.999985098838806152e-01,-9.999879598617553711e-01,9.999982118606567383e-01,9.999988675117492676e-01,-9.999986886978149414e-01,9.999955296516418457e-01,9.999990463256835938e-01,-9.999973773956298828e-01,9.999974966049194336e-01,-9.999984502792358398e-01,-9.999988079071044922e-01,9.999982118606567383e-01,9.999980926513671875e-01,9.999762773513793945e-01,9.999973773956298828e-01,9.999976158142089844e-01,-9.999986886978149414e-01,9.999923706054687500e-01,-9.999991059303283691e-01,-9.999989867210388184e-01,9.999871850013732910e-01,9.999982714653015137e-01,9.999984502792358398e-01,9.999894499778747559e-01,9.999989867210388184e-01,-9.999985694885253906e-01,-9.999989271163940430e-01,9.999799728393554688e-01,-9.999957680702209473e-01,-9.999940991401672363e-01,-9.999985098838806152e-01,9.999927282333374023e-01,9.999973177909851074e-01,-9.999969601631164551e-01,-9.999817609786987305e-01,9.999989867210388184e-01,9.999986886978149414e-01,9.999929070472717285e-01,-9.999989271163940430e-01,9.999986290931701660e-01,-9.999967813491821289e-01,9.999665021896362305e-01,9.999988079071044922e-01,9.999980330467224121e-01,9.999982118606567383e-01,-9.998950958251953125e-01,9.999982118606567383e-01,9.999987483024597168e-01,-9.999986290931701660e-01,-9.999987483024597168e-01,-9.999977946281433105e-01,-9.999988079071044922e-01,-9.999913573265075684e-01,-9.999970793724060059e-01,-9.999981522560119629e-01,-9.999970793724060059e-01,9.998526573181152344e-01,9.999978542327880859e-01,9.999983310699462891e-01,-9.999977946281433105e-01,9.999989867210388184e-01,9.999982118606567383e-01,9.999950528144836426e-01,-9.999957084655761719e-01,-9.999988675117492676e-01,-9.999989867210388184e-01,-9.999949336051940918e-01,-9.999988079071044922e-01,9.999988079071044922e-01,-9.999987483024597168e-01,9.999980330467224121e-01,9.999963045120239258e-01,-9.999918341636657715e-01,-9.999197125434875488e-01,-9.999983310699462891e-01,9.999927282333374023e-01,9.999987483024597168e-01,-9.999927282333374023e-01,-9.999967217445373535e-01,-9.999517202377319336e-01,9.999974966049194336e-01,-9.999988079071044922e-01,9.999962449073791504e-01,-9.999983310699462891e-01,-9.999860525131225586e-01,9.999900460243225098e-01,9.999988675117492676e-01,9.999022483825683594e-01,9.999959468841552734e-01,-9.999978542327880859e-01,9.999984502792358398e-01,-9.999759197235107422e-01,-9.999979734420776367e-01,9.999984502792358398e-01,-9.999979734420776367e-01,-9.999918341636657715e-01,9.999989867210388184e-01,-9.999987483024597168e-01,9.999898076057434082e-01,-9.999970793724060059e-01,9.999987483024597168e-01,-9.999746084213256836e-01,-9.999684691429138184e-01,9.999985098838806152e-01,9.999972581863403320e-01,-9.997154474258422852e-01,-9.999979138374328613e-01,-9.999942779541015625e-01,9.999985694885253906e-01,-9.999980330467224121e-01,9.999985694885253906e-01,-9.999981522560119629e-01,-9.999849200248718262e-01,9.999990463256835938e-01,-9.999983310699462891e-01,9.999988675117492676e-01,-9.999986886978149414e-01,-9.999942183494567871e-01,-9.999981522560119629e-01,-9.999988675117492676e-01,9.999958276748657227e-01,9.999986290931701660e-01,-9.999976158142089844e-01,-9.999650120735168457e-01,-9.999956488609313965e-01,9.999879002571105957e-01,-9.999973177909851074e-01
-9.999985098838806152e-01,9.999986886978149414e-01,9.999899268150329590e-01,-9.999985098838806152e-01,-9.999991059303283691e-01,9.999988079071044922e-01,-9.999961853027343750e-01,-9.999991059303283691e-01,9.999977350234985352e-01,-9.999978542327880859e-01,9.999986290931701660e-01,9.999989867210388184e-01,-9.999983906745910645e-01,-9.999984502792358398e-01,-9.999802112579345703e-01,-9.999976754188537598e-01,-9.999979734420776367e-01,9.999988675117492676e-01,-9.999935626983642578e-01,9.999992251396179199e-01,9.999991655349731445e-01,-9.999892115592956543e-01,-9.999985694885253906e-01,-9.999986290931701660e-01,-9.999911189079284668e-01,-9.999992251396179199e-01,9.999986290931701660e-01,9.999991059303283691e-01,-9.999832510948181152e-01,9.999963641166687012e-01,9.999950528144836426e-01,9.999986886978149414e-01,-9.999938607215881348e-01,-9.999976754188537598e-01,9.999973773956298828e-01,9.999848008155822754e-01,-9.999991059303283691e-01,-9.999987483024597168e-01,-9.999940395355224609e-01,9.999991059303283691e-01,-9.999986886978149414e-01,9.999972581863403320e-01,-9.999721646308898926e-01,-9.999989271163940430e-01,-9.999982118606567383e-01,-9.999984502792358398e-01,9.999127984046936035e-01,-9.999983906745910645e-01,-9.999989271163940430e-01,9.999987483024597168e-01,9.999989271163940430e-01,9.999980330467224121e-01,9.999989271163940430e-01,9.999927878379821777e-01,9.999974966049194336e-01,9.999982714653015137e-01,9.999975562095642090e-01,-9.998775720596313477e-01,-9.999981522560119629e-01,-9.999985098838806152e-01,9.999980926513671875e-01,-9.999991655349731445e-01,-9.999984502792358398e-01,-9.999958276748657227e-01,9.999963045120239258e-01,9.999990463256835938e-01,9.999991059303283691e-01,9.999957680702209473e-01,9.999988675117492676e-01,-9.999989867210388184e-01,9.999989271163940430e-01,-9.999982714653015137e-01,-9.999968409538269043e-01,9.999930858612060547e-01,9.999332427978515625e-01,9.999985098838806152e-01,-9.999938011169433594e-01,-9.999988675117492676e-01,9.999938607215881348e-01,9.999973177909851074e-01,9.999597668647766113e-01,-9.999978542327880859e-01,9.999989271163940430e-01,-9.999966621398925781e-01,9.999985694885253906e-01,9.999883174896240234e-01,-9.999915957450866699e-01,-9.999989867210388184e-01,-9.999188184738159180e-01,-9.999964833259582520e-01,9.999982118606567383e-01,-9.999985098838806152e-01,9.999798536300659180e-01,9.999982118606567383e-01,-9.999986290931701660e-01,9.999982714653015137e-01,9.999931454658508301e-01,-9.999991655349731445e-01,9.999989271163940430e-01,-9.999914765357971191e-01,9.999975562095642090e-01,-9.999989271163940430e-01,9.999787807464599609e-01,9.999737143516540527e-01,-9.999986886978149414e-01,-9.999975562095642090e-01,9.997636675834655762e-01,9.999982118606567383e-01,9.999951124191284180e-01,-9.999987483024597168e-01,9.999982714653015137e-01,-9.999987483024597168e-01,9.999983906745910645e-01,9.999874830245971680e-01,-9.999992251396179199e-01,9.999985694885253906e-01,-9.999990463256835938e-01,9.999988079071044922e-01,9.999951720237731934e-01,9.999984502792358398e-01,9.999990463256835938e-01,-9.999964237213134766e-01,-9.999988079071044922e-01,9.999979138374328613e-01,9.999710321426391602e-01,9.999962449073791504e-01,-9.999898076057434082e-01,9.999977350234985352e-01
-9.999879598617553711e-01,9.999899268150329590e-01,9.999164938926696777e-01,-9.999880194664001465e-01,-9.999923706054687500e-01,9.999911189079284668e-01,-9.999689459800720215e-01,-9.999931454658508301e-01,9.999816417694091797e-01,-9.999824762344360352e-01,9.999886751174926758e-01,9.999923110008239746e-01,-9.999871253967285156e-01,-9.999879002571105957e-01,-9.998357295989990234e-01,-9.999822378158569336e-01,-9.999836087226867676e-01,9.999907016754150391e-01,-9.999474287033081055e-01,9.999934434890747070e-01,9.999927282333374023e-01,-9.999109506607055664e-01,-9.999884366989135742e-01,-9.999894499778747559e-01,-9.999265074729919434e-01,-9.999930858612060547e-01,9.999895095825195312e-01,9.999924898147583008e-01,-9.998612999916076660e-01,9.999709129333496094e-01,9.999588727951049805e-01,9.999898076057434082e-01,-9.999498128890991211e-01,-9.999814629554748535e-01,9.999786615371704102e-01,9.998738765716552734e-01,-9.999929666519165039e-01,-9.999905824661254883e-01,-9.999504089355468750e-01,9.999923706054687500e-01,-9.999899864196777344e-01,9.999780058860778809e-01,-9.997689723968505859e-01,-9.999915361404418945e-01,-9.999861121177673340e-01,-9.999872446060180664e-01,9.992781281471252441e-01,-9.999877214431762695e-01,-9.999916553497314453e-01,9.999902248382568359e-01,9.999912381172180176e-01,9.999846816062927246e-01,9.999914765357971191e-01,9.999400377273559570e-01,9.999802112579345703e-01,9.999869465827941895e-01,9.999800920486450195e-01,-9.989855885505676270e-01,-9.999848008155822754e-01,-9.999887943267822266e-01,9.999850392341613770e-01,-9.999927878379821777e-01,-9.999880194664001465e-01,-9.999654293060302734e-01,9.999705553054809570e-01,9.999917745590209961e-01,9.999930858612060547e-01,9.999652504920959473e-01,9.999914765357971191e-01,-9.999915957450866699e-01,9.999911189079284668e-01,-9.999865889549255371e-01,-9.999741315841674805e-01,9.999436140060424805e-01,9.994473457336425781e-01,9.999877810478210449e-01,-9.999492168426513672e-01,-9.999911189079284668e-01,9.999496340751647949e-01,9.999778866767883301e-01,9.996668100357055664e-01,-9.999831914901733398e-01,9.999918937683105469e-01,-9.999737143516540527e-01,9.999881386756896973e-01,9.999030828475952148e-01,-9.999308586120605469e-01,-9.999921917915344238e-01,-9.993271231651306152e-01,-9.999722242355346680e-01,9.999856352806091309e-01,-9.999886155128479004e-01,9.998334050178527832e-01,9.999864101409912109e-01,-9.999896287918090820e-01,9.999860525131225586e-01,9.999431371688842773e-01,-9.999928474426269531e-01,9.999915957450866699e-01,-9.999291896820068359e-01,9.999800324440002441e-01,-9.999911189079284668e-01,9.998244643211364746e-01,9.997818470001220703e-01,-9.999901056289672852e-01,-9.999807476997375488e-01,9.980436563491821289e-01,9.999856948852539062e-01,9.999599456787109375e-01,-9.999898672103881836e-01,9.999865293502807617e-01,-9.999901056289672852e-01,9.999874830245971680e-01,9.998961687088012695e-01,-9.999932646751403809e-01,9.999881982803344727e-01,-9.999920129776000977e-01,9.999908208847045898e-01,9.999603033065795898e-01,9.999873042106628418e-01,9.999919533729553223e-01,-9.999710917472839355e-01,-9.999903440475463867e-01,9.999832510948181152e-01,9.997594952583312988e-01,9.999694228172302246e-01,-9.999160170555114746e-01,9.999814033508300781e-01
9.999982118606567383e-01,-9.999985098838806152e-01,-9.999880194664001465e-01,9.999982118606567383e-01,9.999988675117492676e-01,-9.999986886978149414e-01,9.999955296516418457e-01,9.999990463256835938e-01,-9.999973773956298828e-01,9.999974966049194336e-01,-9.999983310699462891e-01,-9.999988675117492676e-01,9.999982118606567383e-01,9.999980926513671875e-01,9.999763369560241699e-01,9.999973773956298828e-01,9.999976754188537598e-01,-9.999986886978149414e-01,9.999924302101135254e-01,-9.999991059303283691e-01,-9.999989867210388184e-01,9.999872446060180664e-01,9.999983906745910645e-01,9.999984502792358398e-01,9.999893903732299805e-01,9.999989867210388184e-01,-9.999984502792358398e-01,-9.999989271163940430e-01,9.999799728393554688e-01,-9.999957084655761719e-01,-9.999940395355224609e-01,-9.999985098838806152e-01,9.999927282333374023e-01,9.999973773956298828e-01,-9.999968409538269043e-01,-9.999818205833435059e-01,9.999989867210388184e-01,9.999986290931701660e-01,9.999928474426269531e-01,-9.999988675117492676e-01,9.999985098838806152e-01,-9.999967813491821289e-01,9.999666213989257812e-01,9.999988079071044922e-01,9.999979734420776367e-01,9.999981522560119629e-01,-9.998955130577087402e-01,9.999982118606567383e-01,9.999987483024597168e-01,-9.999985694885253906e-01,-9.999988079071044922e-01,-9.999977350234985352e-01,-9.999987483024597168e-01,-9.999913573265075684e-01,-9.999970793724060059e-01,-9.999980926513671875e-01,-9.999970793724060059e-01,9.998532533645629883e-01,9.999977946281433105e-01,9.999983310699462891e-01,-9.999977946281433105e-01,9.999989867210388184e-01,9.999982714653015137e-01,9.999950528144836426e-01,-9.999957680702209473e-01,-9.999987483024597168e-01,-9.999989271163940430e-01,-9.999949932098388672e-01,-9.999987483024597168e-01,9.999988079071044922e-01,-9.999986886978149414e-01,9.999980330467224121e-01,9.999961853027343750e-01,-9.999918341636657715e-01,-9.999200105667114258e-01,-9.999982118606567383e-01,9.999926686286926270e-01,9.999986886978149414e-01,-9.999926090240478516e-01,-9.999968409538269043e-01,-9.999517202377319336e-01,9.999975562095642090e-01,-9.999988675117492676e-01,9.999961256980895996e-01,-9.999982714653015137e-01,-9.999859929084777832e-01,9.999901056289672852e-01,9.999988079071044922e-01,9.999027252197265625e-01,9.999960064888000488e-01,-9.999979138374328613e-01,9.999983310699462891e-01,-9.999759197235107422e-01,-9.999980330467224121e-01,9.999984502792358398e-01,-9.999979734420776367e-01,-9.999918341636657715e-01,9.999989867210388184e-01,-9.999987483024597168e-01,9.999898672103881836e-01,-9.999970793724060059e-01,9.999987483024597168e-01,-9.999746680259704590e-01,-9.999685883522033691e-01,9.999985098838806152e-01,9.999971985816955566e-01,-9.997165799140930176e-01,-9.999979734420776367e-01,-9.999942183494567871e-01,9.999985098838806152e-01,-9.999981522560119629e-01,9.999985694885253906e-01,-9.999981522560119629e-01,-9.999849796295166016e-01,9.999990463256835938e-01,-9.999982714653015137e-01,9.999988675117492676e-01,-9.999986290931701660e-01,-9.999943375587463379e-01,-9.999981522560119629e-01,-9.999988675117492676e-01,9.999958872795104980e-01,9.999985694885253906e-01,-9.999976158142089844e-01,-9.999652504920959473e-01,-9.999956488609313965e-01,9.999879598617553711e-01,-9.999972581863403320e-01
9.999988675117492676e-01,-9.999991059303283691e-01,-9.999923706054687500e-01,9.999988675117492676e-01,9.999993443489074707e-01,-9.999992251396179199e-01,9.999971389770507812e-01,9.999994039535522461e-01,-9.999982714653015137e-01,9.999983906745910645e-01,-9.999988675117492676e-01,-9.999992251396179199e-01,9.999988079071044922e-01,9.999988079071044922e-01,9.999850392341613770e-01,9.999983310699462891e-01,9.999983906745910645e-01,-9.999991655349731445e-01,9.999952316284179688e-01,-9.999993443489074707e-01,-9.999993443489074707e-01,9.999918937683105469e-01,9.999989271163940430e-01,9.999989867210388184e-01,9.999933242797851562e-01,9.999994039535522461e-01,-9.999991059303283691e-01,-9.999994039535522461e-01,9.999873638153076172e-01,-9.999971985816955566e-01,-9.999961853027343750e-01,-9.999991059303283691e-01,9.999953508377075195e-01,9.999982714653015137e-01,-9.999980330467224121e-01,-9.999884963035583496e-01,9.999994039535522461e-01,9.999991655349731445e-01,9.999954104423522949e-01,-9.999993443489074707e-01,9.999991059303283691e-01,-9.999979138374328613e-01,9.999788999557495117e-01,9.999993443489074707e-01,9.999986290931701660e-01,9.999987483024597168e-01,-9.999339580535888672e-01,9.999988079071044922e-01,9.999991655349731445e-01,-9.999991655349731445e-01,-9.999992251396179199e-01,-9.999985694885253906e-01,-9.999992251396179199e-01,-9.999944567680358887e-01,-9.999981522560119629e-01,-9.999988079071044922e-01,-9.999981522560119629e-01,9.999072551727294922e-01,9.999985098838806152e-01,9.999989271163940430e-01,-9.999985098838806152e-01,9.999994635581970215e-01,9.999988675117492676e-01,9.999967813491821289e-01,-9.999971985816955566e-01,-9.999991655349731445e-01,-9.999993443489074707e-01,-9.999967813491821289e-01,-9.999992847442626953e-01,9.999992847442626953e-01,-9.999992251396179199e-01,9.999986886978149414e-01,9.999976158142089844e-01,-9.999947547912597656e-01,-9.999493956565856934e-01,-9.999988079071044922e-01,9.999952912330627441e-01,9.999992251396179199e-01,-9.999953508377075195e-01,-9.999980330467224121e-01,-9.999696016311645508e-01,9.999983310699462891e-01,-9.999992847442626953e-01,9.999975562095642090e-01,-9.999989271163940430e-01,-9.999912381172180176e-01,9.999936819076538086e-01,9.999992251396179199e-01,9.999383687973022461e-01,9.999974370002746582e-01,-9.999986886978149414e-01,9.999988675117492676e-01,-9.999848008155822754e-01,-9.999986886978149414e-01,9.999989867210388184e-01,-9.999986886978149414e-01,-9.999948740005493164e-01,9.999993443489074707e-01,-9.999991655349731445e-01,9.999935626983642578e-01,-9.999981522560119629e-01,9.999992251396179199e-01,-9.999839663505554199e-01,-9.999801516532897949e-01,9.999991059303283691e-01,9.999980926513671875e-01,-9.998210072517395020e-01,-9.999986886978149414e-01,-9.999963045120239258e-01,9.999989867210388184e-01,-9.999987483024597168e-01,9.999990463256835938e-01,-9.999988675117492676e-01,-9.999905228614807129e-01,9.999993443489074707e-01,-9.999989271163940430e-01,9.999992847442626953e-01,-9.999991059303283691e-01,-9.999963045120239258e-01,-9.999987483024597168e-01,-9.999992847442626953e-01,9.999973177909851074e-01,9.999991655349731445e-01,-9.999984502792358398e-01,-9.999779462814331055e-01,-9.999971389770507812e-01,9.999923110008239746e-01,-9.999982714653015137e-01
-9.999986886978149414e-01,9.999988079071044922e-01,9.999911189079284668e-01,-9.999986886978149414e-01,-9.999992251396179199e-01,9.999991059303283691e-01,-9.999966621398925781e-01,-9.999992251396179199e-01,9.999980330467224121e-01,-9.999980926513671875e-01,9.999986886978149414e-01,9.999991059303283691e-01,-9.999986290931701660e-01,-9.999986290931701660e-01,-9.999825358390808105e-01,-9.999980926513671875e-01,-9.999981522560119629e-01,9.999990463256835938e-01,-9.999943375587463379e-01,9.999992251396179199e-01,9.999992251396179199e-01,-9.999905228614807129e-01,-9.999987483024597168e-01,-9.999988079071044922e-01,-9.999921917915344238e-01,-9.999992251396179199e-01,9.999988675117492676e-01,9.999992251396179199e-01,-9.999851584434509277e-01,9.999967813491821289e-01,9.999956488609313965e-01,9.999988675117492676e-01,-9.999945759773254395e-01,-9.999979734420776367e-01,9.999976754188537598e-01,9.999864697456359863e-01,-9.999992251396179199e-01,-9.999989867210388184e-01,-9.999946355819702148e-01,9.999992251396179199e-01,-9.999988675117492676e-01,9.999975562095642090e-01,-9.999753832817077637e-01,-9.999991059303283691e-01,-9.999983906745910645e-01,-9.999985098838806152e-01,9.999229311943054199e-01,-9.999985694885253906e-01,-9.999990463256835938e-01,9.999989271163940430e-01,9.999991059303283691e-01,9.999982714653015137e-01,9.999991059303283691e-01,9.999935030937194824e-01,9.999977946281433105e-01,9.999985694885253906e-01,9.999978542327880859e-01,-9.998918175697326660e-01,-9.999982714653015137e-01,-9.999986886978149414e-01,9.999982714653015137e-01,-9.999992251396179199e-01,-9.999986290931701660e-01,-9.999962449073791504e-01,9.999967217445373535e-01,9.999990463256835938e-01,9.999992251396179199e-01,9.999962449073791504e-01,9.999990463256835938e-01,-9.999991655349731445e-01,9.999991059303283691e-01,-9.999984502792358398e-01,-9.999971985816955566e-01,9.999939203262329102e-01,9.999411106109619141e-01,9.999986886978149414e-01,-9.999945163726806641e-01,-9.999991059303283691e-01,9.999945759773254395e-01,9.999976158142089844e-01,9.999644160270690918e-01,-9.999982118606567383e-01,9.999991655349731445e-01,-9.999970793724060059e-01,9.999986886978149414e-01,9.999896287918090820e-01,-9.999926090240478516e-01,-9.999991059303283691e-01,-9.999281764030456543e-01,-9.999969005584716797e-01,9.999983310699462891e-01,-9.999986886978149414e-01,9.999821782112121582e-01,9.999984502792358398e-01,-9.999988079071044922e-01,9.999985098838806152e-01,9.999939799308776855e-01,-9.999992847442626953e-01,9.999990463256835938e-01,-9.999924898147583008e-01,9.999977946281433105e-01,-9.999991059303283691e-01,9.999812245368957520e-01,9.999767541885375977e-01,-9.999988675117492676e-01,-9.999978542327880859e-01,9.997911453247070312e-01,9.999984502792358398e-01,9.999957680702209473e-01,-9.999989271163940430e-01,9.999985694885253906e-01,-9.999988675117492676e-01,9.999985694885253906e-01,9.999889731407165527e-01,-9.999992847442626953e-01,9.999986886978149414e-01,-9.999991655349731445e-01,9.999989271163940430e-01,9.999957680702209473e-01,9.999986290931701660e-01,9.999991655349731445e-01,-9.999969601631164551e-01,-9.999989271163940430e-01,9.999980926513671875e-01,9.999743700027465820e-01,9.999966621398925781e-01,-9.999909996986389160e-01,9.999979734420776367e-01
9.999955296516418457e-01,-9.999961853027343750e-01,-9.999689459800720215e-01,9.999955296516418457e-01,9.999971389770507812e-01,-9.999966621398925781e-01,9.999884366989135742e-01,9.999973773956298828e-01,-9.999932646751403809e-01,9.999935626983642578e-01,-9.999957680702209473e-01,-9.999970197677612305e-01,9.999952316284179688e-01,9.999954104423522949e-01,9.999388456344604492e-01,9.999932646751403809e-01,9.999939203262329102e-01,-9.999965429306030273e-01,9.999804496765136719e-01,-9.999974966049194336e-01,-9.999971985816955566e-01,9.999669194221496582e-01,9.999957680702209473e-01,9.999960064888000488e-01,9.999727010726928711e-01,9.999973773956298828e-01,-9.999960660934448242e-01,-9.999971389770507812e-01,9.999483227729797363e-01,-9.999890923500061035e-01,-9.999846816062927246e-01,-9.999961256980895996e-01,9.999813437461853027e-01,9.999930858612060547e-01,-9.999920129776000977e-01,-9.999529719352722168e-01,9.999973773956298828e-01,9.999964237213134766e-01,9.999815821647644043e-01,-9.999970793724060059e-01,9.999962449073791504e-01,-9.999918341636657715e-01,9.999139308929443359e-01,9.999967813491821289e-01,9.999948143959045410e-01,9.999952316284179688e-01,-9.997309446334838867e-01,9.999954104423522949e-01,9.999968409538269043e-01,-9.999963045120239258e-01,-9.999966621398925781e-01,-9.999942779541015625e-01,-9.999967217445373535e-01,-9.999775886535644531e-01,-9.999924898147583008e-01,-9.999951124191284180e-01,-9.999925494194030762e-01,9.996219277381896973e-01,9.999943375587463379e-01,9.999958276748657227e-01,-9.999944567680358887e-01,9.999971985816955566e-01,9.999955296516418457e-01,9.999871850013732910e-01,-9.999889731407165527e-01,-9.999967813491821289e-01,-9.999973773956298828e-01,-9.999871253967285156e-01,-9.999966621398925781e-01,9.999967813491821289e-01,-9.999966025352478027e-01,9.999949932098388672e-01,9.999904036521911621e-01,-9.999790191650390625e-01,-9.997941255569458008e-01,-9.999954700469970703e-01,9.999811053276062012e-01,9.999966025352478027e-01,-9.999812245368957520e-01,-9.999918341636657715e-01,-9.998758435249328613e-01,9.999937415122985840e-01,-9.999969005584716797e-01,9.999902248382568359e-01,-9.999956488609313965e-01,-9.999638795852661133e-01,9.999743700027465820e-01,9.999970793724060059e-01,9.997493028640747070e-01,9.999895691871643066e-01,-9.999946355819702148e-01,9.999957680702209473e-01,-9.999378919601440430e-01,-9.999949336051940918e-01,9.999960660934448242e-01,-9.999947547912597656e-01,-9.999789595603942871e-01,9.999973177909851074e-01,-9.999967217445373535e-01,9.999736547470092773e-01,-9.999926686286926270e-01,9.999967217445373535e-01,-9.999345541000366211e-01,-9.999186992645263672e-01,9.999962449073791504e-01,9.999928474426269531e-01,-9.992703199386596680e-01,-9.999946951866149902e-01,-9.999850988388061523e-01,9.999960660934448242e-01,-9.999950528144836426e-01,9.999962449073791504e-01,-9.999953508377075195e-01,-9.999613761901855469e-01,9.999974370002746582e-01,-9.999956488609313965e-01,9.999969601631164551e-01,-9.999964833259582520e-01,-9.999852180480957031e-01,-9.999952912330627441e-01,-9.999970197677612305e-01,9.999892115592956543e-01,9.999964237213134766e-01,-9.999937415122985840e-01,-9.999102950096130371e-01,-9.999886751174926758e-01,9.999687671661376953e-01,-9.999931454658508301e-01
9.999990463256835938e-01,-9.999991059303283691e-01,-9.999931454658508301e-01,9.999990463256835938e-01,9.999994039535522461e-01,-9.999992251396179199e-01,9.999973773956298828e-01,9.999994635581970215e-01,-9.999984502792358398e-01,9.999985694885253906e-01,-9.999991059303283691e-01,-9.999992847442626953e-01,9.999989867210388184e-01,9.999989271163940430e-01,9.999863505363464355e-01,9.999983906745910645e-01,9.999985098838806152e-01,-9.999992847442626953e-01,9.999956488609313965e-01,-9.999994635581970215e-01,-9.999994039535522461e-01,9.999926090240478516e-01,9.999991655349731445e-01,9.999990463256835938e-01,9.999939203262329102e-01,9.999994635581970215e-01,-9.999991655349731445e-01,-9.999994039535522461e-01,9.999883770942687988e-01,-9.999975562095642090e-01,-9.999965429306030273e-01,-9.999991655349731445e-01,9.999958276748657227e-01,9.999984502792358398e-01,-9.999982118606567383e-01,-9.999895095825195312e-01,9.999993443489074707e-01,9.999992251396179199e-01,9.999958872795104980e-01,-9.999994039535522461e-01,9.999992251396179199e-01,-9.999981522560119629e-01,9.999807476997375488e-01,9.999993443489074707e-01,9.999988079071044922e-01,9.999989271163940430e-01,-9.999397993087768555e-01,9.999989271163940430e-01,9.999993443489074707e-01,-9.999992251396179199e-01,-9.999992847442626953e-01,-9.999986886978149414e-01,-9.999993443489074707e-01,-9.999949932098388672e-01,-9.999983310699462891e-01,-9.999988675117492676e-01,-9.999983310699462891e-01,9.999154806137084961e-01,9.999986886978149414e-01,9.999991059303283691e-01,-9.999987483024597168e-01,9.999994635581970215e-01,9.999990463256835938e-01,9.999970793724060059e-01,-9.999974966049194336e-01,-9.999993443489074707e-01,-9.999994635581970215e-01,-9.999970793724060059e-01,-9.999993443489074707e-01,9.999993443489074707e-01,-9.999992847442626953e-01,9.999988675117492676e-01,9.999977946281433105e-01,-9.999952316284179688e-01,-9.999539256095886230e-01,-9.999989867210388184e-01,9.999957680702209473e-01,9.999992847442626953e-01,-9.999957680702209473e-01,-9.999982714653015137e-01,-9.999722838401794434e-01,9.999985694885253906e-01,-9.999993443489074707e-01,9.999978542327880859e-01,-9.999990463256835938e-01,-9.999919533729553223e-01,9.999943375587463379e-01,9.999992847442626953e-01,9.999439120292663574e-01,9.999976754188537598e-01,-9.999988079071044922e-01,9.999991059303283691e-01,-9.999861121177673340e-01,-9.999988675117492676e-01,9.999991655349731445e-01,-9.999988079071044922e-01,-9.999953508377075195e-01,9.999994635581970215e-01,-9.999993443489074707e-01,9.999942183494567871e-01,-9.999983310699462891e-01,9.999992847442626953e-01,-9.999853968620300293e-01,-9.999818801879882812e-01,9.999992251396179199e-01,9.999983906745910645e-01,-9.998366832733154297e-01,-9.999988675117492676e-01,-9.999966025352478027e-01,9.999991655349731445e-01,-9.999988675117492676e-01,9.999992251396179199e-01,-9.999988675117492676e-01,-9.999913573265075684e-01,9.999994635581970215e-01,-9.999990463256835938e-01,9.999993443489074707e-01,-9.999992847442626953e-01,-9.999967217445373535e-01,-9.999989271163940430e-01,-9.999993443489074707e-01,9.999976158142089844e-01,9.999993443489074707e-01,-9.999985694885253906e-01,-9.999799728393554688e-01,-9.999974966049194336e-01,9.999930262565612793e-01,-9.999984502792358398e-01
-9.999973773956298828e-01,9.999977350234985352e-01,9.999816417694091797e-01,-9.999973773956298828e-01,-9.999982714653015137e-01,9.999980330467224121e-01,-9.999932646751403809e-01,-9.999984502792358398e-01,9.999960064888000488e-01,-9.999960660934448242e-01,9.999974370002746582e-01,9.999982714653015137e-01,-9.999970793724060059e-01,-9.999973177909851074e-01,-9.999638199806213379e-01,-9.999958872795104980e-01,-9.999962449073791504e-01,9.999979734420776367e-01,-9.999884366989135742e-01,9.999985098838806152e-01,9.999983310699462891e-01,-9.999804496765136719e-01,-9.999974370002746582e-01,-9.999975562095642090e-01,-9.999838471412658691e-01,-9.999984502792358398e-01,9.999976754188537598e-01,9.999983906745910645e-01,-9.999694228172302246e-01,9.999935626983642578e-01,9.999909996986389160e-01,9.999977946281433105e-01,-9.999889731407165527e-01,-9.999958872795104980e-01,9.999952912330627441e-01,9.999722242355346680e-01,-9.999984502792358398e-01,-9.999978542327880859e-01,-9.999890923500061035e-01,9.999982714653015137e-01,-9.999977350234985352e-01,9.999951720237731934e-01,-9.999489784240722656e-01,-9.999982118606567383e-01,-9.999969005584716797e-01,-9.999970793724060059e-01,9.998407363891601562e-01,-9.999972581863403320e-01,-9.999981522560119629e-01,9.999977946281433105e-01,9.999980330467224121e-01,9.999965429306030273e-01,9.999982118606567383e-01,9.999867677688598633e-01,9.999955892562866211e-01,9.999970793724060059e-01,9.999955892562866211e-01,-9.997762441635131836e-01,-9.999966025352478027e-01,-9.999974966049194336e-01,9.999966621398925781e-01,-9.999983310699462891e-01,-9.999973177909851074e-01,-9.999924898147583008e-01,9.999935030937194824e-01,9.999980330467224121e-01,9.999984502792358398e-01,9.999923110008239746e-01,9.999980926513671875e-01,-9.999980926513671875e-01,9.999979734420776367e-01,-9.999970197677612305e-01,-9.999942779541015625e-01,9.999876022338867188e-01,9.998780488967895508e-01,9.999972581863403320e-01,-9.999887943267822266e-01,-9.999979734420776367e-01,9.999889135360717773e-01,9.999951720237731934e-01,9.999265074729919434e-01,-9.999961256980895996e-01,9.999981522560119629e-01,-9.999942779541015625e-01,9.999973177909851074e-01,9.999786615371704102e-01,-9.999848604202270508e-01,-9.999982714653015137e-01,-9.998515248298645020e-01,-9.999938607215881348e-01,9.999966621398925781e-01,-9.999974370002746582e-01,9.999632239341735840e-01,9.999969601631164551e-01,-9.999976754188537598e-01,9.999968409538269043e-01,9.999876022338867188e-01,-9.999983906745910645e-01,9.999980330467224121e-01,-9.999843835830688477e-01,9.999955892562866211e-01,-9.999981522560119629e-01,9.999612569808959961e-01,9.999518990516662598e-01,-9.999977946281433105e-01,-9.999957680702209473e-01,9.995678663253784180e-01,9.999968409538269043e-01,9.999911785125732422e-01,-9.999977350234985352e-01,9.999970197677612305e-01,-9.999977350234985352e-01,9.999971389770507812e-01,9.999771118164062500e-01,-9.999984502792358398e-01,9.999974370002746582e-01,-9.999982118606567383e-01,9.999979138374328613e-01,9.999912977218627930e-01,9.999971389770507812e-01,9.999982118606567383e-01,-9.999936819076538086e-01,-9.999979138374328613e-01,9.999962449073791504e-01,9.999468922615051270e-01,9.999933242797851562e-01,-9.999815225601196289e-01,9.999959468841552734e-01
9.999974966049194336e-01,-9.999978542327880859e-01,-9.999824762344360352e-01,9.999974966049194336e-01,9.999983906745910645e-01,-9.999980926513671875e-01,9.999935626983642578e-01,9.999985694885253906e-01,-9.999960660934448242e-01,9.999963641166687012e-01,-9.999977350234985352e-01,-9.999983310699462891e-01,9.999973177909851074e-01,9.999974370002746582e-01,9.999653697013854980e-01,9.999961853027343750e-01,9.999966025352478027e-01,-9.999979734420776367e-01,9.999889135360717773e-01,-9.999986886978149414e-01,-9.999985098838806152e-01,9.999813437461853027e-01,9.999976158142089844e-01,9.999977946281433105e-01,9.999845027923583984e-01,9.999985098838806152e-01,-9.999977946281433105e-01,-9.999984502792358398e-01,9.999708533287048340e-01,-9.999938607215881348e-01,-9.999913573265075684e-01,-9.999978542327880859e-01,9.999894499778747559e-01,9.999961256980895996e-01,-9.999955296516418457e-01,-9.999734759330749512e-01,9.999985098838806152e-01,9.999980330467224121e-01,9.999896287918090820e-01,-9.999984502792358398e-01,9.999979138374328613e-01,-9.999954104423522949e-01,9.999513030052185059e-01,9.999982714653015137e-01,9.999970197677612305e-01,9.999972581863403320e-01,-9.998476505279541016e-01,9.999973773956298828e-01,9.999982118606567383e-01,-9.999979734420776367e-01,-9.999982118606567383e-01,-9.999967217445373535e-01,-9.999982714653015137e-01,-9.999874234199523926e-01,-9.999958276748657227e-01,-9.999972581863403320e-01,-9.999958276748657227e-01,9.997859597206115723e-01,9.999968409538269043e-01,9.999976754188537598e-01,-9.999969005584716797e-01,9.999986290931701660e-01,9.999974370002746582e-01,9.999927878379821777e-01,-9.999938607215881348e-01,-9.999983310699462891e-01,-9.999986290931701660e-01,-9.999927878379821777e-01,-9.999982714653015137e-01,9.999982714653015137e-01,-9.999982118606567383e-01,9.999971389770507812e-01,9.999946355819702148e-01,-9.999881386756896973e-01,-9.998832941055297852e-01,-9.999974370002746582e-01,9.999893903732299805e-01,9.999982118606567383e-01,-9.999893903732299805e-01,-9.999954700469970703e-01,-9.999297261238098145e-01,9.999964237213134766e-01,-9.999983310699462891e-01,9.999945163726806641e-01,-9.999975562095642090e-01,-9.999796748161315918e-01,9.999855160713195801e-01,9.999983310699462891e-01,9.998580217361450195e-01,9.999942183494567871e-01,-9.999970197677612305e-01,9.999976158142089844e-01,-9.999648928642272949e-01,-9.999971985816955566e-01,9.999977946281433105e-01,-9.999970197677612305e-01,-9.999881386756896973e-01,9.999985098838806152e-01,-9.999983310699462891e-01,9.999851584434509277e-01,-9.999958276748657227e-01,9.999982118606567383e-01,-9.999629855155944824e-01,-9.999539852142333984e-01,9.999978542327880859e-01,9.999960064888000488e-01,-9.995864629745483398e-01,-9.999970793724060059e-01,-9.999916553497314453e-01,9.999979138374328613e-01,-9.999973177909851074e-01,9.999978542327880859e-01,-9.999973177909851074e-01,-9.999781847000122070e-01,9.999986290931701660e-01,-9.999976158142089844e-01,9.999983906745910645e-01,-9.999980330467224121e-01,-9.999917149543762207e-01,-9.999973773956298828e-01,-9.999983906745910645e-01,9.999939799308776855e-01,9.999979734420776367e-01,-9.999964833259582520e-01,-9.999492764472961426e-01,-9.999936223030090332e-01,9.999823570251464844e-01,-9.999960064888000488e-01
-9.999984502792358398e-01,9.999986290931701660e-01,9.999886751174926758e-01,-9.999983310699462891e-01,-9.999988675117492676e-01,9.999986886978149414e-01,-9.999957680702209473e-01,-9.999991059303283691e-01,9.999974370002746582e-01,-9.999977350234985352e-01,9.999984502792358398e-01,9.999988675117492676e-01,-9.999983310699462891e-01,-9.999982118606567383e-01,-9.999777078628540039e-01,-9.999974966049194336e-01,-9.999976754188537598e-01,9.999986886978149414e-01,-9.999928474426269531e-01,9.999991655349731445e-01,9.999989867210388184e-01,-9.999879002571105957e-01,-9.999985098838806152e-01,-9.999985694885253906e-01,-9.999900460243225098e-01,-9.999991059303283691e-01,9.999985694885253906e-01,9.999989867210388184e-01,-9.999811053276062012e-01,9.999960064888000488e-01,9.999945163726806641e-01,9.999985694885253906e-01,-9.999930858612060547e-01,-9.999974370002746582e-01,9.999970197677612305e-01,9.999828338623046875e-01,-9.999989867210388184e-01,-9.999986290931701660e-01,-9.999932646751403809e-01,9.999989271163940430e-01,-9.999986290931701660e-01,9.999969005584716797e-01,-9.999685883522033691e-01,-9.999988079071044922e-01,-9.999979734420776367e-01,-9.999981522560119629e-01,9.999017119407653809e-01,-9.999982118606567383e-01,-9.999988675117492676e-01,9.999986290931701660e-01,9.999988079071044922e-01,9.999977946281433105e-01,9.999988079071044922e-01,9.999918341636657715e-01,9.999971985816955566e-01,9.999981522560119629e-01,9.999972581863403320e-01,-9.998620152473449707e-01,-9.999979138374328613e-01,-9.999984502792358398e-01,9.999978542327880859e-01,-9.999990463256835938e-01,-9.999982714653015137e-01,-9.999953508377075195e-01,9.999960064888000488e-01,9.999988079071044922e-01,9.999991059303283691e-01,9.999952912330627441e-01,9.999987483024597168e-01,-9.999988079071044922e-01,9.999987483024597168e-01,-9.999980330467224121e-01,-9.999964237213134766e-01,9.999922513961791992e-01,9.999247789382934570e-01,9.999983310699462891e-01,-9.999930262565612793e-01,-9.999986886978149414e-01,9.999931454658508301e-01,9.999970197677612305e-01,9.999545812606811523e-01,-9.999976754188537598e-01,9.999988675117492676e-01,-9.999963641166687012e-01,9.999983906745910645e-01,9.999868273735046387e-01,-9.999905824661254883e-01,-9.999988675117492676e-01,-9.999083876609802246e-01,-9.999961853027343750e-01,9.999980330467224121e-01,-9.999984502792358398e-01,9.999773502349853516e-01,9.999980330467224121e-01,-9.999985098838806152e-01,9.999980926513671875e-01,9.999922513961791992e-01,-9.999990463256835938e-01,9.999988675117492676e-01,-9.999904036521911621e-01,9.999972581863403320e-01,-9.999987483024597168e-01,9.999761581420898438e-01,9.999703764915466309e-01,-9.999986290931701660e-01,-9.999972581863403320e-01,9.997333884239196777e-01,9.999981522560119629e-01,9.999945759773254395e-01,-9.999986290931701660e-01,9.999982714653015137e-01,-9.999986290931701660e-01,9.999982714653015137e-01,9.999859929084777832e-01,-9.999991059303283691e-01,9.999983310699462891e-01,-9.999988675117492676e-01,9.999986290931701660e-01,9.999946355819702148e-01,9.999982714653015137e-01,9.999988675117492676e-01,-9.999960064888000488e-01,-9.999986886978149414e-01,9.999976754188537598e-01,9.999672770500183105e-01,9.999958276748657227e-01,-9.999886155128479004e-01,9.999974966049194336e-01
-9.999988079071044922e-01,9.999989867210388184e-01,9.999923110008239746e-01,-9.999988675117492676e-01,-9.999992251396179199e-01,9.999991059303283691e-01,-9.999970197677612305e-01,-9.999992847442626953e-01,9.999982714653015137e-01,-9.999983310699462891e-01,9.999988675117492676e-01,9.999992251396179199e-01,-9.999988079071044922e-01,-9.999987483024597168e-01,-9.999848604202270508e-01,-9.999982118606567383e-01,-9.999983906745910645e-01,9.999991655349731445e-01,-9.999950528144836426e-01,9.999993443489074707e-01,9.999993443489074707e-01,-9.999917149543762207e-01,-9.999989271163940430e-01,-9.999989271163940430e-01,-9.999932050704956055e-01,-9.999992847442626953e-01,9.999990463256835938e-01,9.999993443489074707e-01,-9.999871253967285156e-01,9.999971389770507812e-01,9.999961256980895996e-01,9.999991059303283691e-01,-9.999952912330627441e-01,-9.999982714653015137e-01,9.999979734420776367e-01,9.999882578849792480e-01,-9.999992847442626953e-01,-9.999991655349731445e-01,-9.999953508377075195e-01,9.999992251396179199e-01,-9.999991059303283691e-01,9.999978542327880859e-01,-9.999786615371704102e-01,-9.999992251396179199e-01,-9.999986290931701660e-01,-9.999987483024597168e-01,9.999331235885620117e-01,-9.999988079071044922e-01,-9.999991655349731445e-01,9.999990463256835938e-01,9.999992251396179199e-01,9.999984502792358398e-01,9.999991655349731445e-01,9.999944567680358887e-01,9.999980330467224121e-01,9.999986886978149414e-01,9.999980330467224121e-01,-9.999062418937683105e-01,-9.999985098838806152e-01,-9.999988675117492676e-01,9.999985098838806152e-01,-9.999993443489074707e-01,-9.999988079071044922e-01,-9.999967813491821289e-01,9.999971389770507812e-01,9.999991655349731445e-01,9.999992251396179199e-01,9.999967217445373535e-01,9.999992251396179199e-01,-9.999991655349731445e-01,9.999991059303283691e-01,-9.999986886978149414e-01,-9.999974966049194336e-01,9.999946951866149902e-01,9.999487996101379395e-01,9.999988079071044922e-01,-9.999952316284179688e-01,-9.999991059303283691e-01,9.999952912330627441e-01,9.999979138374328613e-01,9.999691247940063477e-01,-9.999983310699462891e-01,9.999991655349731445e-01,-9.999974370002746582e-01,9.999988079071044922e-01,9.999910593032836914e-01,-9.999936223030090332e-01,-9.999992251396179199e-01,-9.999376535415649414e-01,-9.999973177909851074e-01,9.999985694885253906e-01,-9.999988675117492676e-01,9.999846220016479492e-01,9.999986290931701660e-01,-9.999991059303283691e-01,9.999986290931701660e-01,9.999947547912597656e-01,-9.999993443489074707e-01,9.999991655349731445e-01,-9.999934434890747070e-01,9.999981522560119629e-01,-9.999992251396179199e-01,9.999837279319763184e-01,9.999797940254211426e-01,-9.999989867210388184e-01,-9.999980926513671875e-01,9.998188018798828125e-01,9.999986290931701660e-01,9.999961256980895996e-01,-9.999989867210388184e-01,9.999987483024597168e-01,-9.999990463256835938e-01,9.999986886978149414e-01,9.999904036521911621e-01,-9.999993443489074707e-01,9.999988675117492676e-01,-9.999992847442626953e-01,9.999991059303283691e-01,9.999961853027343750e-01,9.999987483024597168e-01,9.999992847442626953e-01,-9.999972581863403320e-01,-9.999990463256835938e-01,9.999983310699462891e-01,9.999777078628540039e-01,9.999971389770507812e-01,-9.999921321868896484e-01,9.999981522560119629e-01
