9.937132596969604492e-01,-5.605208128690719604e-02,-6.116053462028503418e-01,-5.611609816551208496e-01,-1.689069122076034546e-01,8.758934140205383301e-01,8.002074956893920898e-01,8.172329068183898926e-01,-8.286206126213073730e-01,8.740903139114379883e-01,-9.356589913368225098e-01,6.188451051712036133e-01,9.696515798568725586e-01,-9.014220237731933594e-01,3.910047560930252075e-02,-8.418444991111755371e-01,4.409841597080230713e-01,8.408792614936828613e-01,-7.300371527671813965e-01,-7.150465995073318481e-02,-2.558530122041702271e-02,6.304821372032165527e-01,1.082765311002731323e-01,2.499587237834930420e-01,9.334557652473449707e-01,2.526965439319610596e-01,2.575762569904327393e-01,-6.510806679725646973e-01,-8.253282904624938965e-01,-3.858562111854553223e-01,9.062911272048950195e-01,-9.305306077003479004e-01,8.568731546401977539e-01,-6.847690343856811523e-01,-6.861642599105834961e-01,-9.072150588035583496e-01,-4.399380981922149658e-01,6.439700126647949219e-01,9.530145525932312012e-01,-9.507618546485900879e-01,-9.073094725608825684e-01,4.367748796939849854e-01,6.628372669219970703e-01,7.727982401847839355e-01,-5.396136045455932617e-01,-3.780073225498199463e-01,8.419576883316040039e-01,8.934659361839294434e-01,-4.212970137596130371e-01,5.454021096229553223e-01,-6.679193973541259766e-01,8.652701377868652344e-01,9.315996766090393066e-01,3.620153963565826416e-01,1.035404726862907410e-01,-7.151873111724853516e-01,5.844824910163879395e-01,-5.493625998497009277e-01,9.068015813827514648e-01,4.304037988185882568e-02,-8.713355064392089844e-01,2.314471453428268433e-01,7.365810871124267578e-01,8.561394177377223969e-03,-8.149218559265136719e-01,-8.397418856620788574e-01,-3.393516838550567627e-01,7.811995744705200195e-01,-8.988733291625976562e-01,-8.750301003456115723e-01,-9.055603146553039551e-01,-7.206752300262451172e-01,-9.121155738830566406e-01,-9.462719559669494629e-01,-3.292857706546783447e-01,-3.588254451751708984e-01,2.471057176589965820e-01,-1.061592102050781250e-01,-8.013958334922790527e-01,-8.184633255004882812e-01,9.485167860984802246e-01,-6.762132979929447174e-03,-5.727851986885070801e-01,8.561159968376159668e-01,-8.387266993522644043e-01,9.697778820991516113e-01,-8.148262500762939453e-01,9.257674813270568848e-01,-9.401486515998840332e-01,-7.672431468963623047e-01,4.203476011753082275e-01,-9.539108872413635254e-01,-6.785945296287536621e-01,9.406449794769287109e-01,-8.102034330368041992e-01,7.082298398017883301e-01,-9.175045490264892578e-01,-3.749399185180664062e-01,4.462794661521911621e-01,9.395653605461120605e-01,-7.031171321868896484e-01,-7.986891269683837891e-01,-9.026147127151489258e-01,2.159352414309978485e-02,9.434899687767028809e-01,2.498164772987365723e-02,-9.302169084548950195e-01,-8.714192509651184082e-01,7.567508816719055176e-01,-8.661043047904968262e-01,9.697803258895874023e-01,-9.256150722503662109e-01,6.237251162528991699e-01,4.898498058319091797e-01,9.145076274871826172e-01,8.321442604064941406e-01,6.254412531852722168e-01,-9.494407773017883301e-01,7.347206473350524902e-01,8.137718439102172852e-01,6.422228217124938965e-01,-7.900751829147338867e-01,9.183106422424316406e-01,-8.933563232421875000e-01,-8.814967870712280273e-01,9.115484952926635742e-01,-8.391553759574890137e-01,7.365729212760925293e-01
-5.605208128690719604e-02,9.492636322975158691e-01,-6.833952069282531738e-01,-7.049635052680969238e-01,5.832092463970184326e-02,9.561358392238616943e-02,3.318513929843902588e-01,-5.119446516036987305e-01,-3.641139864921569824e-01,2.863039970397949219e-01,-2.636056952178478241e-02,-7.644131779670715332e-01,-1.600252985954284668e-01,-1.366639602929353714e-02,8.987990021705627441e-01,-3.705454468727111816e-01,7.840694189071655273e-01,-4.579662084579467773e-01,-4.472090601921081543e-01,-7.358039617538452148e-01,7.946602106094360352e-01,-6.800785660743713379e-01,-8.853624463081359863e-01,-7.839334607124328613e-01,1.333876699209213257e-01,-1.777943968772888184e-01,8.355251550674438477e-01,6.612384915351867676e-01,-3.737277984619140625e-01,-2.194668203592300415e-01,2.243005037307739258e-01,3.195411562919616699e-01,3.822270631790161133e-01,6.881145238876342773e-01,-5.730268359184265137e-01,-2.203485518693923950e-01,-7.535111308097839355e-01,6.375795602798461914e-01,-8.647876232862472534e-02,-5.800969526171684265e-02,1.633585244417190552e-01,7.729002237319946289e-01,-5.579985976219177246e-01,4.516355395317077637e-01,7.764697670936584473e-01,-8.480674028396606445e-01,-5.073112249374389648e-01,2.829250097274780273e-01,-7.090041041374206543e-01,-7.787110209465026855e-01,2.017909139394760132e-01,3.680673241615295410e-01,-2.702710032463073730e-01,-7.855057120323181152e-01,-8.923284411430358887e-01,6.199615001678466797e-01,6.758865714073181152e-01,7.920996546745300293e-01,2.104800641536712646e-01,8.910833597183227539e-01,2.540991902351379395e-01,-9.080466032028198242e-01,4.589928984642028809e-01,9.348605871200561523e-01,4.784644544124603271e-01,-3.805403411388397217e-01,-8.025702238082885742e-01,-5.935733318328857422e-01,-2.814823687076568604e-01,-2.457801699638366699e-01,-2.351493239402770996e-01,-1.556841433048248291e-01,-2.343801409006118774e-01,8.306266367435455322e-02,-8.495221138000488281e-01,-4.594886004924774170e-01,-9.150736927986145020e-01,9.315981864929199219e-01,1.385135054588317871e-01,5.647668242454528809e-01,-7.303065061569213867e-02,9.066329598426818848e-01,-4.265809059143066406e-01,3.330677449703216553e-01,4.846519231796264648e-01,2.135914564132690430e-02,5.410137772560119629e-01,1.606925129890441895e-01,2.755503952503204346e-01,-4.074704647064208984e-01,6.611382961273193359e-01,-1.892135711386799812e-03,6.341113448143005371e-01,-2.272996753454208374e-01,-3.899445533752441406e-01,5.014838576316833496e-01,-2.600031495094299316e-01,-1.966536641120910645e-01,-7.873389124870300293e-01,-1.442250907421112061e-01,-5.467866659164428711e-01,5.687697529792785645e-01,4.023961722850799561e-01,9.102360606193542480e-01,2.480162121355533600e-02,8.625329136848449707e-01,-3.479843586683273315e-02,-3.223768472671508789e-01,-6.529877185821533203e-01,-3.430982232093811035e-01,-1.167349815368652344e-01,-1.540167629718780518e-01,5.866007804870605469e-01,7.119543552398681641e-01,-1.420469582080841064e-01,3.738179504871368408e-01,-7.344034910202026367e-01,1.951381117105484009e-01,-3.818598985671997070e-01,4.140698015689849854e-01,5.458235740661621094e-02,2.159331738948822021e-01,-2.799765169620513916e-01,-6.383273005485534668e-02,3.151060342788696289e-01,-3.402914106845855713e-01,-3.303760886192321777e-01,-6.285045742988586426e-01
-6.116053462028503418e-01,-6.833952069282531738e-01,9.837892055511474609e-01,9.096277356147766113e-01,2.077588252723217010e-02,-6.922763586044311523e-01,-8.020693063735961914e-01,-1.389719396829605103e-01,8.551080226898193359e-01,-8.154556751251220703e-01,6.747671961784362793e-01,1.631802320480346680e-01,-5.359499454498291016e-01,6.411195993423461914e-01,-7.133316993713378906e-01,8.707084655761718750e-01,-9.148053526878356934e-01,-2.375598549842834473e-01,8.642461895942687988e-01,6.014456152915954590e-01,-6.178396344184875488e-01,7.790978997945785522e-02,6.157667636871337891e-01,4.414347112178802490e-01,-7.482597231864929199e-01,-1.029544025659561157e-01,-8.385011553764343262e-01,-5.910623073577880859e-02,8.227705955505371094e-01,4.656900167465209961e-01,-7.872378230094909668e-01,3.949662148952484131e-01,-8.916729092597961426e-01,-5.993833392858505249e-02,9.131451845169067383e-01,7.823425531387329102e-01,8.890214562416076660e-01,-9.340036511421203613e-01,-5.917115211486816406e-01,6.913013458251953125e-01,4.911828637123107910e-01,-8.926424980163574219e-01,-3.501541912555694580e-02,-8.837823271751403809e-01,-2.139005959033966064e-01,9.015113711357116699e-01,-1.915386319160461426e-01,-8.234124779701232910e-01,8.334738016128540039e-01,2.271261215209960938e-01,2.977888286113739014e-01,-8.802670836448669434e-01,-4.300457835197448730e-01,3.605011999607086182e-01,6.052557826042175293e-01,4.896740894764661789e-03,-9.146729707717895508e-01,-2.335601896047592163e-01,-7.955365180969238281e-01,-7.231220602989196777e-01,4.155211150646209717e-01,5.452000498771667480e-01,-8.599615097045898438e-01,-7.372862100601196289e-01,1.996172368526458740e-01,8.694738745689392090e-01,8.583760857582092285e-01,-7.788216322660446167e-02,8.317142724990844727e-01,7.996600270271301270e-01,8.091989755630493164e-01,5.914134383201599121e-01,8.040242791175842285e-01,5.917330384254455566e-01,8.911915421485900879e-01,5.491515398025512695e-01,5.455295443534851074e-01,-6.552571058273315430e-01,4.359597861766815186e-01,1.356460601091384888e-01,-6.069113612174987793e-01,-6.983755826950073242e-01,7.330033779144287109e-01,-8.365488052368164062e-01,2.111959904432296753e-01,-6.718841195106506348e-01,1.556652635335922241e-01,-7.557519078254699707e-01,4.325090944766998291e-01,8.433205485343933105e-01,-8.231569528579711914e-01,6.522477865219116211e-01,-7.169726490974426270e-02,-4.606500864028930664e-01,8.732044696807861328e-01,-8.801470398902893066e-01,8.256664872169494629e-01,4.086820781230926514e-01,2.953566908836364746e-01,-5.530691146850585938e-01,9.033048152923583984e-01,1.097232997417449951e-01,2.971519231796264648e-01,-7.139593958854675293e-01,-6.757601499557495117e-01,-7.141793370246887207e-01,6.665872931480407715e-01,8.443745374679565430e-01,-1.764169707894325256e-02,8.511193394660949707e-01,-5.764532089233398438e-01,7.508550882339477539e-01,-8.925159573554992676e-01,-8.768640756607055664e-01,-5.189940929412841797e-01,-8.668197989463806152e-01,1.226634234189987183e-01,5.032613873481750488e-01,-2.187971174716949463e-01,-8.707206845283508301e-01,-5.084562301635742188e-01,3.900119066238403320e-01,-4.019110798835754395e-01,6.574315428733825684e-01,3.754816055297851562e-01,-3.634747564792633057e-01,8.272855877876281738e-01,-9.874140843749046326e-03
-5.611609816551208496e-01,-7.049635052680969238e-01,9.096277356147766113e-01,9.887946844100952148e-01,9.044879674911499023e-02,-5.471078157424926758e-01,-7.240649461746215820e-01,-1.077199578285217285e-01,7.709864377975463867e-01,-7.437925934791564941e-01,5.493167042732238770e-01,2.591267526149749756e-01,-4.476958811283111572e-01,5.486869215965270996e-01,-7.017856836318969727e-01,8.087654709815979004e-01,-8.848996758460998535e-01,-1.216403469443321228e-01,7.961456775665283203e-01,6.006069183349609375e-01,-6.760936975479125977e-01,1.719307303428649902e-01,6.831730604171752930e-01,5.796141624450683594e-01,-6.703221797943115234e-01,-6.639228668063879013e-03,-8.857766389846801758e-01,-1.970355361700057983e-01,8.302106261253356934e-01,1.935279518365859985e-01,-7.314376831054687500e-01,3.181229531764984131e-01,-8.048224449157714844e-01,-1.720569431781768799e-01,8.998938202857971191e-01,7.725626230239868164e-01,8.209694623947143555e-01,-9.061912298202514648e-01,-5.118625164031982422e-01,6.017681360244750977e-01,3.889140784740447998e-01,-8.385909795761108398e-01,1.061469763517379761e-01,-8.200876116752624512e-01,-3.186990320682525635e-01,9.439527988433837891e-01,-8.888701349496841431e-02,-7.960176467895507812e-01,8.906685113906860352e-01,3.464949429035186768e-01,3.379157185554504395e-01,-8.014014363288879395e-01,-3.372423648834228516e-01,4.922955334186553955e-01,6.427166461944580078e-01,-1.018594503402709961e-01,-9.432107210159301758e-01,-3.426326811313629150e-01,-7.703267931938171387e-01,-6.767820715904235840e-01,2.643091678619384766e-01,6.163479685783386230e-01,-8.205013871192932129e-01,-7.617365717887878418e-01,7.995337247848510742e-02,8.081327676773071289e-01,9.300262928009033203e-01,3.469339758157730103e-02,7.823421955108642578e-01,7.718914151191711426e-01,7.202094793319702148e-01,4.653424918651580811e-01,7.797042131423950195e-01,4.790936708450317383e-01,8.663460016250610352e-01,4.110205471515655518e-01,5.999245643615722656e-01,-7.324241399765014648e-01,2.509730458259582520e-01,3.165431320667266846e-02,-5.059543848037719727e-01,-7.814596891403198242e-01,7.104873657226562500e-01,-7.805699110031127930e-01,9.981133043766021729e-02,-5.904978513717651367e-01,8.310787379741668701e-02,-6.785371303558349609e-01,3.549362719058990479e-01,7.262315154075622559e-01,-8.711372613906860352e-01,5.402231812477111816e-01,-7.667680829763412476e-02,-3.624891340732574463e-01,8.126712441444396973e-01,-7.906624674797058105e-01,7.459379434585571289e-01,3.875707983970642090e-01,4.081803262233734131e-01,-4.423763453960418701e-01,8.971973061561584473e-01,-2.870343625545501709e-03,2.070832401514053345e-01,-8.023343086242675781e-01,-5.647866725921630859e-01,-6.413750052452087402e-01,5.557799339294433594e-01,7.784554362297058105e-01,4.784159734845161438e-02,8.057909011840820312e-01,-4.829943180084228516e-01,6.832314133644104004e-01,-7.984448075294494629e-01,-8.837083578109741211e-01,-3.957426846027374268e-01,-8.203723430633544922e-01,2.369383126497268677e-01,4.076979756355285645e-01,-1.395573318004608154e-01,-8.391355872154235840e-01,-3.257957398891448975e-01,2.319019585847854614e-01,-3.185063004493713379e-01,5.192073583602905273e-01,3.040580749511718750e-01,-2.870642244815826416e-01,7.893841862678527832e-01,1.140212044119834900e-01
-1.689069122076034546e-01,5.832092463970184326e-02,2.077588252723217010e-02,9.044879674911499023e-02,8.948096632957458496e-01,-2.339042127132415771e-01,-1.785489618778228760e-01,-1.930528134107589722e-01,1.983028203248977661e-01,-1.234212592244148254e-01,1.166903525590896606e-01,-1.563384979963302612e-01,-1.651819497346878052e-01,1.799261271953582764e-01,-3.753576055169105530e-02,9.071246534585952759e-02,-4.374518245458602905e-02,-1.346358656883239746e-01,1.062453091144561768e-01,1.643222570419311523e-01,-1.640476286411285400e-01,-2.196364253759384155e-01,-2.807593345642089844e-01,-8.947199583053588867e-02,-1.269872933626174927e-01,1.760358661413192749e-01,9.800549596548080444e-02,1.607635319232940674e-01,-6.678503006696701050e-02,3.687995672225952148e-02,-1.525470167398452759e-01,1.499149203300476074e-01,-1.411046599969267845e-03,4.814794287085533142e-02,1.325124949216842651e-01,1.169084757566452026e-01,2.361127175390720367e-02,-8.903617411851882935e-02,-1.693290323019027710e-01,1.911082416772842407e-01,2.600532472133636475e-01,6.083330512046813965e-02,-2.525545358657836914e-01,-9.359260648488998413e-02,1.263033598661422729e-01,1.595775038003921509e-02,-1.858250051736831665e-01,-1.408536136150360107e-01,2.218900769948959351e-01,-9.028227627277374268e-02,2.536063781008124352e-03,-2.379885315895080566e-02,-2.172801345586776733e-01,-1.058857813477516174e-01,7.980324327945709229e-02,2.654453516006469727e-01,-1.442579627037048340e-01,1.230393648147583008e-01,-2.167465239763259888e-01,5.802300944924354553e-02,1.995588541030883789e-01,1.157904509454965591e-02,-6.970553100109100342e-02,5.118771642446517944e-02,2.184574753046035767e-01,9.366894513368606567e-02,2.905357815325260162e-02,-1.844194829463958740e-01,1.264462172985076904e-01,1.748509109020233154e-01,1.538649946451187134e-01,3.876245915889739990e-01,1.110607534646987915e-01,1.508494168519973755e-01,-8.475001156330108643e-02,2.304772287607192993e-01,-1.438407897949218750e-01,8.209403604269027710e-02,-4.975741356611251831e-02,1.191430166363716125e-01,-1.500713378190994263e-01,3.042691387236118317e-02,3.513602912425994873e-01,-1.126675084233283997e-01,1.613365858793258667e-01,-2.312410473823547363e-01,1.403475999832153320e-01,-1.872065961360931396e-01,2.412101477384567261e-01,9.325604140758514404e-02,7.695624977350234985e-02,1.280386298894882202e-01,1.765191853046417236e-01,-1.979536712169647217e-01,2.916436083614826202e-02,-4.267019778490066528e-02,1.446030139923095703e-01,4.705581814050674438e-02,-9.676339477300643921e-02,-7.521815598011016846e-02,1.472619026899337769e-01,1.933976858854293823e-01,1.632519662380218506e-01,6.466080993413925171e-02,-1.480563431978225708e-01,-5.439330264925956726e-02,1.676402390003204346e-01,1.498173475265502930e-01,-1.892347186803817749e-01,1.266002655029296875e-01,-1.302390396595001221e-01,2.409317940473556519e-01,-3.178469836711883545e-02,-2.187893837690353394e-01,-2.122765034437179565e-01,-1.277134716510772705e-01,-1.566401720046997070e-01,8.919935673475265503e-02,-2.382442057132720947e-01,-1.321003735065460205e-01,-1.371064037084579468e-01,2.831072509288787842e-01,-2.462088018655776978e-01,-4.913073778152465820e-02,1.998125314712524414e-01,-1.791225224733352661e-01,1.226304545998573303e-01,-1.918458193540573120e-01
8.758934140205383301e-01,9.561358392238616943e-02,-6.922763586044311523e-01,-5.471078157424926758e-01,-2.339042127132415771e-01,9.900857806205749512e-01,8.910420536994934082e-01,6.182364225387573242e-01,-9.208736419677734375e-01,9.039484858512878418e-01,-9.573492407798767090e-01,5.095921158790588379e-01,9.092416167259216309e-01,-9.436804056167602539e-01,2.345049083232879639e-01,-8.667185306549072266e-01,6.011562943458557129e-01,7.943217754364013672e-01,-8.354347944259643555e-01,-3.450632989406585693e-01,1.824139803647994995e-01,5.947507619857788086e-01,3.677143156528472900e-02,2.632123529911041260e-01,9.255806207656860352e-01,3.550809621810913086e-01,2.757375836372375488e-01,-6.172761321067810059e-01,-6.955063343048095703e-01,-6.293932199478149414e-01,9.135060310363769531e-01,-8.353929519653320312e-01,8.638485074043273926e-01,-5.650479793548583984e-01,-7.575107812881469727e-01,-8.415312170982360840e-01,-6.280862092971801758e-01,7.382360100746154785e-01,9.187619090080261230e-01,-9.557852745056152344e-01,-9.101241827011108398e-01,5.707387924194335938e-01,6.949917674064636230e-01,8.481379747390747070e-01,-4.676561653614044189e-01,-4.325468242168426514e-01,7.513729929924011230e-01,8.770461678504943848e-01,-4.851701855659484863e-01,4.667299091815948486e-01,-5.273826718330383301e-01,8.822898268699645996e-01,8.884228467941284180e-01,3.425709605216979980e-01,-8.889915049076080322e-02,-6.733689904212951660e-01,6.455244421958923340e-01,-4.544210135936737061e-01,8.790657520294189453e-01,2.136317044496536255e-01,-9.023796319961547852e-01,6.356728821992874146e-02,7.823249697685241699e-01,1.502805054187774658e-01,-7.772526144981384277e-01,-8.720980286598205566e-01,-3.643906414508819580e-01,6.982012987136840820e-01,-9.008651971817016602e-01,-8.269452452659606934e-01,-9.458143711090087891e-01,-8.355081081390380859e-01,-8.666730523109436035e-01,-9.434777498245239258e-01,-4.400694668292999268e-01,-6.225098371505737305e-01,1.051039472222328186e-01,3.829306224361062050e-03,-7.413253188133239746e-01,-7.165329456329345703e-01,9.385566711425781250e-01,8.425787091255187988e-02,-7.533054351806640625e-01,8.789777159690856934e-01,-7.832700610160827637e-01,9.447706341743469238e-01,-6.821095943450927734e-01,9.391369819641113281e-01,-8.810854554176330566e-01,-8.946701884269714355e-01,3.660519123077392578e-01,-9.527679681777954102e-01,-4.391743540763854980e-01,8.997386693954467773e-01,-8.498604297637939453e-01,8.329091668128967285e-01,-9.257069826126098633e-01,-3.945470452308654785e-01,4.024883508682250977e-01,9.046549201011657715e-01,-7.654131650924682617e-01,-7.264291048049926758e-01,-8.021070361137390137e-01,9.157200157642364502e-02,9.567325711250305176e-01,2.734418809413909912e-01,-9.568314552307128906e-01,-9.143853783607482910e-01,6.234335303306579590e-01,-8.802545666694641113e-01,9.169910550117492676e-01,-9.364613890647888184e-01,7.821657061576843262e-01,5.972225069999694824e-01,9.427184462547302246e-01,8.711035847663879395e-01,5.544744133949279785e-01,-8.890708684921264648e-01,7.330763936042785645e-01,8.411036133766174316e-01,8.279051184654235840e-01,-9.036538004875183105e-01,8.837360739707946777e-01,-8.885113596916198730e-01,-8.187713623046875000e-01,8.383235931396484375e-01,-8.780279755592346191e-01,6.569553017616271973e-01
8.002074956893920898e-01,3.318513929843902588e-01,-8.020693063735961914e-01,-7.240649461746215820e-01,-1.785489618778228760e-01,8.910420536994934082e-01,9.798324108123779297e-01,4.052857756614685059e-01,-9.632833003997802734e-01,9.356921911239624023e-01,-9.063193798065185547e-01,2.652465105056762695e-01,8.198130130767822266e-01,-9.248014092445373535e-01,4.421650171279907227e-01,-9.123531579971313477e-01,7.757027745246887207e-01,6.399527192115783691e-01,-9.506040215492248535e-01,-5.915037989616394043e-01,4.638722538948059082e-01,3.850235939025878906e-01,-2.250377237796783447e-01,-1.287105027586221695e-03,9.267650246620178223e-01,4.286587834358215332e-01,4.950349926948547363e-01,-4.130744636058807373e-01,-7.683064937591552734e-01,-4.785084724426269531e-01,9.524653553962707520e-01,-7.189444303512573242e-01,9.171361923217773438e-01,-3.424685597419738770e-01,-8.893367648124694824e-01,-9.049786329269409180e-01,-7.862071990966796875e-01,8.607978224754333496e-01,8.686810731887817383e-01,-9.237717986106872559e-01,-8.323943614959716797e-01,7.129133343696594238e-01,5.220420360565185547e-01,9.259651303291320801e-01,-2.563891708850860596e-01,-6.576901078224182129e-01,5.570738911628723145e-01,9.444262385368347168e-01,-6.625692844390869141e-01,2.175675332546234131e-01,-6.317921876907348633e-01,9.146094322204589844e-01,7.790139913558959961e-01,1.463935524225234985e-01,-3.121194541454315186e-01,-4.703632891178131104e-01,8.380125761032104492e-01,-2.106097638607025146e-01,9.163312911987304688e-01,3.616193830966949463e-01,-7.558305263519287109e-01,-2.024207860231399536e-01,8.402193188667297363e-01,4.186447858810424805e-01,-6.165983676910400391e-01,-9.362246990203857422e-01,-5.721714496612548828e-01,4.822188019752502441e-01,-9.334855079650878906e-01,-8.337785601615905762e-01,-9.528404474258422852e-01,-7.228621840476989746e-01,-9.151933193206787109e-01,-8.712893128395080566e-01,-6.339494585990905762e-01,-6.678714156150817871e-01,-1.560386121273040771e-01,2.723537981510162354e-01,-5.754730701446533203e-01,-5.139493346214294434e-01,8.746902942657470703e-01,3.408862054347991943e-01,-7.650175690650939941e-01,9.328846931457519531e-01,-6.224496960639953613e-01,8.837214708328247070e-01,-5.144726634025573730e-01,9.371341466903686523e-01,-7.588071823120117188e-01,-9.251323342323303223e-01,5.627768635749816895e-01,-8.744832873344421387e-01,-2.840335965156555176e-01,7.932046055793762207e-01,-9.478433728218078613e-01,9.367489814758300781e-01,-9.360329508781433105e-01,-4.133372902870178223e-01,2.070198208093643188e-01,8.248263001441955566e-01,-9.090659022331237793e-01,-5.241746902465820312e-01,-6.350893974304199219e-01,3.573432862758636475e-01,9.134551882743835449e-01,3.854033350944519043e-01,-9.211654067039489746e-01,-9.523892402648925781e-01,4.302735328674316406e-01,-9.447963237762451172e-01,8.299806118011474609e-01,-9.332478642463684082e-01,9.009383320808410645e-01,7.854850292205810547e-01,8.314015269279479980e-01,9.508721828460693359e-01,3.352763950824737549e-01,-7.967763543128967285e-01,6.819106936454772949e-01,9.141201376914978027e-01,8.348330259323120117e-01,-7.810481190681457520e-01,7.680711746215820312e-01,-8.241257667541503906e-01,-7.503778338432312012e-01,7.301094532012939453e-01,-9.511218070983886719e-01,4.186359345912933350e-01
8.172329068183898926e-01,-5.119446516036987305e-01,-1.389719396829605103e-01,-1.077199578285217285e-01,-1.930528134107589722e-01,6.182364225387573242e-01,4.052857756614685059e-01,9.831815361976623535e-01,-4.354441463947296143e-01,5.028172731399536133e-01,-6.886640191078186035e-01,8.492284417152404785e-01,8.240546584129333496e-01,-6.572414636611938477e-01,-3.951282501220703125e-01,-4.332362413406372070e-01,-6.590767949819564819e-02,8.536317944526672363e-01,-2.834254801273345947e-01,3.981277048587799072e-01,-4.487029314041137695e-01,8.143502473831176758e-01,5.008825063705444336e-01,5.546014904975891113e-01,6.292698383331298828e-01,1.645970642566680908e-01,-2.009711116552352905e-01,-8.028450608253479004e-01,-5.009649991989135742e-01,-1.870732456445693970e-01,5.597562789916992188e-01,-8.664432168006896973e-01,4.547792673110961914e-01,-8.752666711807250977e-01,-2.177621871232986450e-01,-5.759564042091369629e-01,4.934243485331535339e-02,1.692744791507720947e-01,7.560399174690246582e-01,-6.955838203430175781e-01,-7.345157265663146973e-01,-3.128363937139511108e-02,7.237904071807861328e-01,3.429888188838958740e-01,-7.651613950729370117e-01,1.291914135217666626e-01,8.884411454200744629e-01,5.367458462715148926e-01,6.335402280092239380e-02,8.003323674201965332e-01,-5.615698099136352539e-01,4.860332906246185303e-01,8.376291990280151367e-01,6.108644604682922363e-01,5.132316946983337402e-01,-8.483710885047912598e-01,1.052263081073760986e-01,-8.090987205505371094e-01,5.971191525459289551e-01,-3.911151587963104248e-01,-8.004104495048522949e-01,6.296404004096984863e-01,3.081626594066619873e-01,-4.838015735149383545e-01,-8.307293653488159180e-01,-4.296288192272186279e-01,1.132140234112739563e-01,8.930350542068481445e-01,-5.517148375511169434e-01,-5.728341937065124512e-01,-5.689854025840759277e-01,-5.281812548637390137e-01,-5.723689198493957520e-01,-7.433826327323913574e-01,1.677979826927185059e-01,-1.390916109085083008e-02,6.561087369918823242e-01,-5.555602312088012695e-01,-7.617526650428771973e-01,-9.094995260238647461e-01,7.521700263023376465e-01,-4.559683203697204590e-01,-2.350748777389526367e-01,4.692119657993316650e-01,-8.673671483993530273e-01,7.366006970405578613e-01,-8.914061784744262695e-01,6.137700080871582031e-01,-8.541090488433837891e-01,-3.759186863899230957e-01,-3.297131136059761047e-02,-7.368764877319335938e-01,-8.367136716842651367e-01,8.317248225212097168e-01,-3.983671963214874268e-01,2.706369757652282715e-01,-5.766730308532714844e-01,-1.673189252614974976e-01,6.774566173553466797e-01,7.762883305549621582e-01,-2.422983050346374512e-01,-8.893096446990966797e-01,-9.176679253578186035e-01,-4.328638315200805664e-01,6.923620104789733887e-01,-4.099171757698059082e-01,-6.709353923797607422e-01,-4.914991855621337891e-01,9.055407047271728516e-01,-4.765227138996124268e-01,7.933399677276611328e-01,-6.135858893394470215e-01,1.660013198852539062e-01,-1.446590106934309006e-02,7.690176963806152344e-01,4.267022609710693359e-01,8.194352984428405762e-01,-8.199033141136169434e-01,6.802925467491149902e-01,3.970970809459686279e-01,3.637437224388122559e-01,-6.645440459251403809e-01,8.313874602317810059e-01,-6.407523751258850098e-01,-7.903934121131896973e-01,8.554426431655883789e-01,-4.596818089485168457e-01,8.936770558357238770e-01
-8.286206126213073730e-01,-3.641139864921569824e-01,8.551080226898193359e-01,7.709864377975463867e-01,1.983028203248977661e-01,-9.208736419677734375e-01,-9.632833003997802734e-01,-4.354441463947296143e-01,9.870366454124450684e-01,-9.543204307556152344e-01,9.149367809295654297e-01,-2.486013025045394897e-01,-8.247585892677307129e-01,9.133825898170471191e-01,-4.691446125507354736e-01,9.491409659385681152e-01,-8.053528070449829102e-01,-6.225557327270507812e-01,9.513821005821228027e-01,5.567770004272460938e-01,-4.571182429790496826e-01,-3.569272458553314209e-01,2.592818140983581543e-01,3.917034342885017395e-02,-9.407140612602233887e-01,-3.429874181747436523e-01,-5.507299304008483887e-01,3.742425739765167236e-01,8.114207386970520020e-01,5.330697894096374512e-01,-9.604617953300476074e-01,7.159478068351745605e-01,-9.456549882888793945e-01,3.224648237228393555e-01,9.182721376419067383e-01,9.164476394653320312e-01,8.059871196746826172e-01,-8.972892761230468750e-01,-8.690326809883117676e-01,9.326232671737670898e-01,8.192362189292907715e-01,-7.544111609458923340e-01,-4.816989004611968994e-01,-9.522162079811096191e-01,2.137268930673599243e-01,6.921201944351196289e-01,-5.569297671318054199e-01,-9.524413943290710449e-01,7.065770626068115234e-01,-1.910899579524993896e-01,5.481930375099182129e-01,-9.517217278480529785e-01,-7.711080312728881836e-01,-7.428637146949768066e-02,3.431101739406585693e-01,4.422319531440734863e-01,-8.597713112831115723e-01,1.810811460018157959e-01,-9.364839792251586914e-01,-4.235792756080627441e-01,7.542553544044494629e-01,2.265151143074035645e-01,-8.879694342613220215e-01,-4.405078887939453125e-01,5.921918749809265137e-01,9.610179662704467773e-01,6.286891102790832520e-01,-4.725857377052307129e-01,9.613194465637207031e-01,8.806526064872741699e-01,9.743348956108093262e-01,7.647476196289062500e-01,9.344406127929687500e-01,8.747373819351196289e-01,6.746464967727661133e-01,6.568681597709655762e-01,1.835233569145202637e-01,-3.067126572132110596e-01,6.047700643539428711e-01,5.094407796859741211e-01,-8.778783082962036133e-01,-3.804072737693786621e-01,8.196424841880798340e-01,-9.541971087455749512e-01,6.035794019699096680e-01,-9.063310623168945312e-01,5.055871605873107910e-01,-9.529012441635131836e-01,7.647007107734680176e-01,9.428665041923522949e-01,-6.046441793441772461e-01,8.946776390075683594e-01,2.660767138004302979e-01,-7.907066345214843750e-01,9.571352601051330566e-01,-9.447309374809265137e-01,9.603703022003173828e-01,4.380327165126800537e-01,-1.481872946023941040e-01,-8.288440704345703125e-01,9.280246496200561523e-01,5.132061243057250977e-01,6.376426815986633301e-01,-3.969868123531341553e-01,-9.213709831237792969e-01,-4.578681290149688721e-01,9.222971200942993164e-01,9.751718044281005859e-01,-4.140718281269073486e-01,9.630903601646423340e-01,-8.435062766075134277e-01,9.489333033561706543e-01,-9.110013842582702637e-01,-8.071282505989074707e-01,-8.391413092613220215e-01,-9.690075516700744629e-01,-3.070198893547058105e-01,7.987192273139953613e-01,-6.201558709144592285e-01,-9.437307119369506836e-01,-7.911746501922607422e-01,7.638745307922363281e-01,-7.602906823158264160e-01,8.450930714607238770e-01,7.246726751327514648e-01,-7.167403101921081543e-01,9.637832641601562500e-01,-4.100267589092254639e-01
8.740903139114379883e-01,2.863039970397949219e-01,-8.154556751251220703e-01,-7.437925934791564941e-01,-1.234212592244148254e-01,9.039484858512878418e-01,9.356921911239624023e-01,5.028172731399536133e-01,-9.543204307556152344e-01,9.345225691795349121e-01,-9.372391104698181152e-01,3.241071403026580811e-01,8.763334155082702637e-01,-9.301218390464782715e-01,3.679228127002716064e-01,-9.373292326927185059e-01,7.315657138824462891e-01,6.819906830787658691e-01,-9.220002293586730957e-01,-4.450122117996215820e-01,3.440122306346893311e-01,3.988653421401977539e-01,-2.060430496931076050e-01,1.205250620841979980e-02,9.587221741676330566e-01,3.592171072959899902e-01,5.070480108261108398e-01,-4.320876896381378174e-01,-8.416615724563598633e-01,-4.621698856353759766e-01,9.699418544769287109e-01,-7.828489542007446289e-01,9.553242921829223633e-01,-4.083784520626068115e-01,-8.614709973335266113e-01,-9.394209980964660645e-01,-7.295180559158325195e-01,8.402704596519470215e-01,9.070053100585937500e-01,-9.504875540733337402e-01,-8.423502445220947266e-01,6.895576119422912598e-01,5.130015015602111816e-01,9.045835733413696289e-01,-2.889640927314758301e-01,-6.424003839492797852e-01,6.278879046440124512e-01,9.653948545455932617e-01,-6.319020390510559082e-01,2.638213336467742920e-01,-6.149928569793701172e-01,9.557409882545471191e-01,8.170900344848632812e-01,1.316306740045547485e-01,-2.364377975463867188e-01,-4.894633889198303223e-01,8.083105683326721191e-01,-2.579417228698730469e-01,9.432089924812316895e-01,3.365310728549957275e-01,-7.792170643806457520e-01,-1.264865845441818237e-01,7.982524633407592773e-01,3.641720712184906006e-01,-6.494445204734802246e-01,-9.435759782791137695e-01,-5.785862803459167480e-01,5.430776476860046387e-01,-9.682874083518981934e-01,-8.798580169677734375e-01,-9.732303619384765625e-01,-7.059063315391540527e-01,-9.580674767494201660e-01,-9.085140228271484375e-01,-6.126770377159118652e-01,-5.596866607666015625e-01,-1.040944233536720276e-01,2.351018637418746948e-01,-6.504576206207275391e-01,-5.824535489082336426e-01,9.149262309074401855e-01,3.035309314727783203e-01,-7.252407670021057129e-01,9.299394488334655762e-01,-6.644871830940246582e-01,9.285360574722290039e-01,-5.818110108375549316e-01,9.552534222602844238e-01,-8.094811439514160156e-01,-9.088163375854492188e-01,6.006589531898498535e-01,-9.204726219177246094e-01,-3.687918186187744141e-01,8.329818844795227051e-01,-9.545901417732238770e-01,9.117111563682556152e-01,-9.696285724639892578e-01,-3.843065500259399414e-01,2.140983045101165771e-01,8.737243413925170898e-01,-8.837981224060058594e-01,-5.766517519950866699e-01,-7.018400430679321289e-01,3.313041031360626221e-01,9.467056989669799805e-01,3.431394994258880615e-01,-9.409230351448059082e-01,-9.615591764450073242e-01,4.934231638908386230e-01,-9.569078683853149414e-01,8.907955884933471680e-01,-9.500074386596679688e-01,8.564040660858154297e-01,7.299243211746215820e-01,8.573933243751525879e-01,9.559935331344604492e-01,3.690057396888732910e-01,-8.532746434211730957e-01,6.613255739212036133e-01,9.033853411674499512e-01,7.589104175567626953e-01,-7.586290836334228516e-01,8.021583557128906250e-01,-8.813245892524719238e-01,-7.773177027702331543e-01,7.736338973045349121e-01,-9.491189122200012207e-01,4.748630523681640625e-01
-9.356589913368225098e-01,-2.636056952178478241e-02,6.747671961784362793e-01,5.493167042732238770e-01,1.166903525590896606e-01,-9.573492407798767090e-01,-9.063193798065185547e-01,-6.886640191078186035e-01,9.149367809295654297e-01,-9.372391104698181152e-01,9.966635107994079590e-01,-5.800385475158691406e-01,-9.668310880661010742e-01,9.764506816864013672e-01,-1.442357599735260010e-01,8.941952586174011230e-01,-5.589879751205444336e-01,-8.644520044326782227e-01,8.487429022789001465e-01,2.645257115364074707e-01,-1.175210848450660706e-01,-6.447365880012512207e-01,-4.709493368864059448e-02,-2.862975001335144043e-01,-9.751038551330566406e-01,-4.645951092243194580e-01,-2.799998819828033447e-01,6.757320165634155273e-01,7.744798660278320312e-01,5.321578383445739746e-01,-9.527623057365417480e-01,9.108974933624267578e-01,-9.026585221290588379e-01,6.542661190032958984e-01,7.586876153945922852e-01,9.115036725997924805e-01,5.831096768379211426e-01,-7.237285971641540527e-01,-9.761188030242919922e-01,9.879869818687438965e-01,9.412317276000976562e-01,-5.365017056465148926e-01,-7.270409464836120605e-01,-8.637698888778686523e-01,5.444607734680175781e-01,4.135816991329193115e-01,-8.115471601486206055e-01,-9.229666590690612793e-01,4.446851909160614014e-01,-5.337339043617248535e-01,6.838628053665161133e-01,-9.118925333023071289e-01,-9.398666620254516602e-01,-3.975932002067565918e-01,-6.800103932619094849e-03,7.147964835166931152e-01,-6.446868181228637695e-01,5.245668888092041016e-01,-9.158591032028198242e-01,-1.251950711011886597e-01,9.279909729957580566e-01,-1.436051428318023682e-01,-8.066888451576232910e-01,-1.024562343955039978e-01,8.298727869987487793e-01,9.033938050270080566e-01,3.538534045219421387e-01,-7.561410665512084961e-01,9.362283349037170410e-01,8.575749397277832031e-01,9.660437107086181641e-01,7.508144974708557129e-01,9.241601228713989258e-01,9.871867895126342773e-01,4.186075925827026367e-01,5.261089801788330078e-01,-1.665612310171127319e-01,4.726347327232360840e-02,7.904634475708007812e-01,7.904163002967834473e-01,-9.871006608009338379e-01,-3.512992709875106812e-02,6.663703322410583496e-01,-9.170995354652404785e-01,8.492995500564575195e-01,-9.758819341659545898e-01,7.688313126564025879e-01,-9.722184538841247559e-01,9.305941462516784668e-01,8.825461268424987793e-01,-4.091777205467224121e-01,9.860113859176635742e-01,5.517802238464355469e-01,-9.517538547515869141e-01,8.936395049095153809e-01,-8.382244110107421875e-01,9.518432617187500000e-01,4.120472669601440430e-01,-4.770740568637847900e-01,-9.736326336860656738e-01,7.751194238662719727e-01,7.847036719322204590e-01,8.692894577980041504e-01,-6.135211884975433350e-02,-9.952125549316406250e-01,-1.394000351428985596e-01,9.917611479759216309e-01,9.330450892448425293e-01,-7.056156992912292480e-01,9.151346683502197266e-01,-9.733229875564575195e-01,9.588481783866882324e-01,-7.675408124923706055e-01,-5.589010119438171387e-01,-9.654753208160400391e-01,-8.952301740646362305e-01,-6.229993104934692383e-01,9.621953964233398438e-01,-8.024847507476806641e-01,-8.664290904998779297e-01,-8.345232009887695312e-01,8.959464430809020996e-01,-9.266241788864135742e-01,9.426344037055969238e-01,8.970190286636352539e-01,-9.104809165000915527e-01,9.087348580360412598e-01,-7.072541713714599609e-01
6.188451051712036133e-01,-7.644131779670715332e-01,1.631802320480346680e-01,2.591267526149749756e-01,-1.563384979963302612e-01,5.095921158790588379e-01,2.652465105056762695e-01,8.492284417152404785e-01,-2.486013025045394897e-01,3.241071403026580811e-01,-5.800385475158691406e-01,9.945686459541320801e-01,7.217912673950195312e-01,-5.736176371574401855e-01,-6.625654697418212891e-01,-2.285190671682357788e-01,-3.246587812900543213e-01,8.991608619689941406e-01,-1.297778338193893433e-01,4.563236832618713379e-01,-6.192193627357482910e-01,9.510237574577331543e-01,7.869815826416015625e-01,8.613618016242980957e-01,4.724261462688446045e-01,3.992381393909454346e-01,-5.500255227088928223e-01,-9.632439017295837402e-01,-1.560449153184890747e-01,-1.658565402030944824e-01,3.894352912902832031e-01,-8.149613142013549805e-01,2.267615944147109985e-01,-9.742961525917053223e-01,3.979085013270378113e-02,-3.560140728950500488e-01,2.793973982334136963e-01,-1.031722649931907654e-01,6.576624512672424316e-01,-5.499309301376342773e-01,-7.065903544425964355e-01,-3.229476213455200195e-01,9.077056646347045898e-01,1.313624978065490723e-01,-9.747025966644287109e-01,4.627124965190887451e-01,9.193432331085205078e-01,3.186648488044738770e-01,3.420373797416687012e-01,9.794361591339111328e-01,-5.474774241447448730e-01,2.485411614179611206e-01,7.919528484344482422e-01,8.994060754776000977e-01,7.503733634948730469e-01,-9.532229304313659668e-01,-1.888989508152008057e-01,-9.846224188804626465e-01,3.599305450916290283e-01,-6.619174480438232422e-01,-7.793692350387573242e-01,8.579066991806030273e-01,6.837811321020126343e-02,-7.280984520912170410e-01,-9.002717733383178711e-01,-2.243530899286270142e-01,4.757995605468750000e-01,9.618110656738281250e-01,-3.321985006332397461e-01,-2.968739569187164307e-01,-3.863388895988464355e-01,-3.492741882801055908e-01,-3.560550510883331299e-01,-6.663455367088317871e-01,4.641949236392974854e-01,2.217866666615009308e-02,8.779852390289306641e-01,-8.156239390373229980e-01,-6.136962175369262695e-01,-9.430886507034301758e-01,6.544710993766784668e-01,-7.597352862358093262e-01,-4.838419333100318909e-02,2.699939906597137451e-01,-9.119258522987365723e-01,5.812126994132995605e-01,-9.015501737594604492e-01,4.547773003578186035e-01,-7.906749248504638672e-01,-2.078217267990112305e-01,-3.286864757537841797e-01,-6.032359600067138672e-01,-8.862544894218444824e-01,7.701305747032165527e-01,-2.014440447092056274e-01,8.839400112628936768e-02,-3.675383627414703369e-01,-6.368482857942581177e-02,9.432076811790466309e-01,6.985636949539184570e-01,3.521992126479744911e-03,-9.525019526481628418e-01,-8.694248795509338379e-01,-7.389432191848754883e-01,5.799224376678466797e-01,-6.341227293014526367e-01,-5.749340057373046875e-01,-2.954395115375518799e-01,9.638246297836303711e-01,-2.657992541790008545e-01,6.856681704521179199e-01,-4.524638950824737549e-01,-3.192226216197013855e-02,-2.703956663608551025e-01,7.113063931465148926e-01,2.164409607648849487e-01,9.801521897315979004e-01,-7.409313321113586426e-01,7.949879169464111328e-01,1.660489141941070557e-01,4.563037753105163574e-01,-7.250683903694152832e-01,7.985413074493408203e-01,-5.370239019393920898e-01,-7.869673371315002441e-01,8.274761438369750977e-01,-2.635002732276916504e-01,9.668833613395690918e-01
