5.159279108047485352e-01,1.428381074219942093e-02,-1.554980278015136719e-01,1.953779347240924835e-02,2.257907390594482422e-01,-1.429780125617980957e-01,1.080568805336952209e-01,3.718739748001098633e-01,9.115163236856460571e-02,5.414439737796783447e-02,-7.589725404977798462e-02,-6.434256583452224731e-02,8.586163073778152466e-02,3.422551155090332031e-01,2.532275915145874023e-01,1.442872881889343262e-01,3.413538914173841476e-03,-1.841391809284687042e-02,8.788397908210754395e-02,-6.150677055120468140e-02,-1.417735219001770020e-01,7.682157307863235474e-02,4.035800695419311523e-02,3.233827650547027588e-02,-3.261608770117163658e-03,4.223972931504249573e-02,-1.992249302566051483e-02,-2.627067565917968750e-01,8.226387202739715576e-02,-2.090292125940322876e-01,-1.351987868547439575e-01,-7.764964550733566284e-02,6.892351061105728149e-02,6.322056800127029419e-02,-3.152541071176528931e-02,-1.115477457642555237e-01,-1.631108112633228302e-02,5.445664376020431519e-02,-3.219956159591674805e-01,-3.946108520030975342e-01,1.994639337062835693e-01,8.814386278390884399e-02,-1.119975093752145767e-02,2.453917451202869415e-02,4.068057239055633545e-02,-1.280797421932220459e-01,-2.243691682815551758e-01,-1.283837258815765381e-01,4.067782685160636902e-02,7.399784028530120850e-02,-1.083203479647636414e-01,-3.251460567116737366e-02,1.188320741057395935e-01,-6.598271429538726807e-02,-8.629366010427474976e-02,-1.677796542644500732e-01,7.172309607267379761e-02,1.715776696801185608e-02,-2.869638614356517792e-02,-6.251148879528045654e-02,2.920657210052013397e-02,4.619379993528127670e-03,1.364076416939496994e-02,1.283781826496124268e-01,-7.659448776394128799e-03,4.853616002947092056e-03,-5.801670253276824951e-02,2.144102454185485840e-01,-1.165761351585388184e-01,1.441603899002075195e-01,-2.067958861589431763e-01,-5.985707044601440430e-02,5.222936719655990601e-02,1.624522954225540161e-01,-1.086449697613716125e-01,-2.236004322767257690e-01,-5.968467798084020615e-03,1.524248719215393066e-01,-1.935636848211288452e-01,-9.352795779705047607e-02,1.138046979904174805e-01,2.077186945825815201e-03,-2.527756690979003906e-01,-2.894632285460829735e-03,-3.005144596099853516e-01,-7.438881695270538330e-02,2.846151590347290039e-01,1.990328542888164520e-03,-5.530998576432466507e-03,5.080349743366241455e-02,-1.081609278917312622e-01,-8.331608958542346954e-03,6.512097269296646118e-02,-1.295139044523239136e-01,-7.026714831590652466e-02,-1.935053616762161255e-01,3.030715882778167725e-01,-3.304347628727555275e-04,-1.656186878681182861e-01,2.752973437309265137e-01,-9.228699654340744019e-02,2.342471182346343994e-01,-8.124017715454101562e-02,-3.916684910655021667e-02,8.498972281813621521e-03,2.413977980613708496e-01,4.710487276315689087e-02,-1.422992255538702011e-02,-2.991943955421447754e-01,1.119548920542001724e-02,5.505997315049171448e-02,4.371717199683189392e-02,-3.697883710265159607e-02,-2.466891258955001831e-01,1.714055240154266357e-01,-1.597883552312850952e-01,3.596287071704864502e-01,-8.055547624826431274e-02,-3.580821156501770020e-01,5.969385616481304169e-03,-2.551714144647121429e-02,2.038562148809432983e-01,1.708498001098632812e-01,2.103984542191028595e-02,2.644836530089378357e-02,-1.790130883455276489e-01,-1.334584224969148636e-02,8.944039791822433472e-02
1.428381074219942093e-02,1.640920713543891907e-02,-1.043730974197387695e-01,7.105288654565811157e-02,6.838110834360122681e-02,-3.433295339345932007e-02,-6.468864623457193375e-03,3.105535730719566345e-02,1.548267435282468796e-02,3.107522428035736084e-02,9.310252033174037933e-03,-4.478041082620620728e-02,8.598123490810394287e-02,4.836307093501091003e-02,1.058094277977943420e-01,9.819114953279495239e-02,7.354162517003715038e-04,5.985527485609054565e-02,-4.864484816789627075e-02,-5.536587163805961609e-02,-2.775023132562637329e-02,1.074436828494071960e-01,5.563665926456451416e-02,-4.200406372547149658e-03,1.252907887101173401e-02,1.205855906009674072e-01,-1.122773736715316772e-01,-4.286388680338859558e-02,8.880881220102310181e-02,-3.709381213411688805e-03,1.571755483746528625e-02,-1.059227436780929565e-01,7.517702132463455200e-02,5.497338995337486267e-02,-3.477770602330565453e-03,-1.120966896414756775e-01,1.487921737134456635e-02,4.768702387809753418e-02,-6.886576861143112183e-02,-6.216521188616752625e-02,9.375727176666259766e-02,5.170831922441720963e-03,9.956099092960357666e-02,1.401276327669620514e-02,-2.535707782953977585e-03,-7.659383118152618408e-02,-1.107978373765945435e-01,-3.040591813623905182e-02,-7.549954578280448914e-03,1.722382567822933197e-02,-2.919544465839862823e-02,-6.826568394899368286e-03,2.859507687389850616e-02,8.177166804671287537e-03,-1.707625575363636017e-02,-1.129433438181877136e-01,2.525583282113075256e-02,1.022587809711694717e-02,-4.769409075379371643e-02,-5.932144820690155029e-02,5.765931680798530579e-03,8.550011552870273590e-03,3.874053480103611946e-03,3.459632769227027893e-02,5.287131760269403458e-03,-2.470193430781364441e-02,3.572431579232215881e-02,1.065549328923225403e-01,-9.922061115503311157e-02,1.999528333544731140e-02,-7.485489547252655029e-02,8.988512679934501648e-03,-2.248635701835155487e-02,1.045292019844055176e-01,-2.555591985583305359e-02,-9.370043128728866577e-02,-3.161942819133400917e-03,1.203266605734825134e-01,-1.820369437336921692e-02,-9.450852125883102417e-02,1.051976159214973450e-01,1.396784209646284580e-03,-8.344072848558425903e-02,3.048157086595892906e-03,-7.101050764322280884e-02,-1.084492132067680359e-01,4.142614826560020447e-02,5.624913144856691360e-03,6.361259520053863525e-02,2.991208806633949280e-02,-2.649350836873054504e-02,-2.089466899633407593e-02,-8.353564143180847168e-02,2.083337865769863129e-02,-9.141759574413299561e-02,5.829261615872383118e-03,7.686042785644531250e-02,-1.390078250551596284e-04,-6.878714263439178467e-02,4.131942987442016602e-02,-2.753954567015171051e-02,4.216675087809562683e-02,-1.094124764204025269e-01,-2.888241223990917206e-02,1.169768050312995911e-01,8.087520487606525421e-03,-7.303833961486816406e-02,-1.004439517855644226e-01,-3.094176575541496277e-02,-1.008558645844459534e-02,7.476352155208587646e-02,-3.489794582128524780e-02,-9.382250905036926270e-02,-3.308439999818801880e-02,1.214798688888549805e-01,-1.024199798703193665e-01,5.328357219696044922e-02,2.690296247601509094e-02,-1.041546389460563660e-01,3.443769738078117371e-02,5.828447267413139343e-02,8.235146105289459229e-02,1.043681651353836060e-01,-5.835422128438949585e-02,-8.149109780788421631e-02,-4.774420335888862610e-02,2.614652272313833237e-03,4.127041250467300415e-02
-1.554980278015136719e-01,-1.043730974197387695e-01,7.576857805252075195e-01,-5.409344434738159180e-01,-4.615898728370666504e-01,1.948862224817276001e-01,-3.156261146068572998e-02,-2.627033591270446777e-01,-9.535001218318939209e-02,-2.427871972322463989e-01,-4.904836788773536682e-02,3.413275182247161865e-01,-5.724837779998779297e-01,-4.137240350246429443e-01,-7.241938114166259766e-01,-6.676802635192871094e-01,-1.364130526781082153e-02,-3.551600575447082520e-01,3.731445372104644775e-01,4.376186430454254150e-01,1.950721442699432373e-01,-7.397143244743347168e-01,-4.714712798595428467e-01,1.081722602248191833e-01,-9.154130518436431885e-02,-7.552913427352905273e-01,7.214573025703430176e-01,2.756900787353515625e-01,-6.660441756248474121e-01,1.056009829044342041e-01,-5.873294547200202942e-02,7.285003662109375000e-01,-5.540331602096557617e-01,-4.449356794357299805e-01,3.554174304008483887e-02,7.447052597999572754e-01,-1.061420068144798279e-01,-3.568549752235412598e-01,5.356581211090087891e-01,4.962823688983917236e-01,-6.566883921623229980e-01,-5.034223198890686035e-02,-6.391250491142272949e-01,-1.069283708930015564e-01,1.511913165450096130e-02,5.926484465599060059e-01,7.708892226219177246e-01,2.360938936471939087e-01,2.166950888931751251e-02,-3.291498497128486633e-02,1.997547149658203125e-01,3.533818572759628296e-02,-2.109658718109130859e-01,1.504828222095966339e-02,1.199784353375434875e-01,7.601287961006164551e-01,-2.163979858160018921e-01,-7.919503003358840942e-02,2.891660034656524658e-01,4.373781979084014893e-01,-3.041526069864630699e-03,-1.176513656973838806e-01,-3.184025362133979797e-02,-2.986839711666107178e-01,-4.719922319054603577e-02,1.765679121017456055e-01,-2.032931596040725708e-01,-7.033764719963073730e-01,6.867675185203552246e-01,-1.249081194400787354e-01,6.000725626945495605e-01,-7.983685471117496490e-03,1.442603021860122681e-01,-7.391496300697326660e-01,1.919425129890441895e-01,6.585315465927124023e-01,2.183133363723754883e-02,-8.248660564422607422e-01,1.965720206499099731e-01,6.994783282279968262e-01,-7.579955458641052246e-01,-1.100920420140028000e-02,5.979256033897399902e-01,-1.860749348998069763e-02,5.609900355339050293e-01,6.573447585105895996e-01,-3.554379045963287354e-01,-3.844368457794189453e-02,-4.312087893486022949e-01,-2.489506602287292480e-01,1.966363638639450073e-01,1.559383720159530640e-01,5.764303207397460938e-01,-1.232328042387962341e-01,6.610059738159179688e-01,2.399020642042160034e-02,-5.474207401275634766e-01,1.106468844227492809e-03,5.148946642875671387e-01,-4.016271531581878662e-01,2.631316184997558594e-01,-3.751409947872161865e-01,7.433480024337768555e-01,2.199993729591369629e-01,-7.822913527488708496e-01,-1.789469122886657715e-01,5.470951199531555176e-01,6.817162632942199707e-01,2.346252501010894775e-01,7.207352668046951294e-02,-5.231826305389404297e-01,3.509949147701263428e-01,6.446517109870910645e-01,1.249790787696838379e-01,-7.769878506660461426e-01,7.015283107757568359e-01,-4.273487925529479980e-01,-2.347513586282730103e-01,7.496564984321594238e-01,-2.568855583667755127e-01,-4.273046553134918213e-01,-6.334282159805297852e-01,-7.152690291404724121e-01,3.835778832435607910e-01,6.117038130760192871e-01,4.485352337360382080e-01,-4.605092108249664307e-02,-3.582231700420379639e-01
1.953779347240924835e-02,7.105288654565811157e-02,-5.409344434738159180e-01,5.614612698554992676e-01,2.608721554279327393e-01,-5.669868737459182739e-02,-4.897234216332435608e-02,1.109813600778579712e-01,4.818262532353401184e-02,1.635986268520355225e-01,-1.855947077274322510e-02,-2.509983777999877930e-01,2.861765325069427490e-01,3.503425717353820801e-01,5.111701488494873047e-01,4.392543733119964600e-01,1.411944068968296051e-02,3.365099728107452393e-01,-3.222724497318267822e-01,-2.684081792831420898e-01,-3.023470044136047363e-01,6.033387184143066406e-01,3.165027797222137451e-01,-1.180177778005599976e-01,8.073429018259048462e-02,5.574467182159423828e-01,-5.092982649803161621e-01,-4.324855655431747437e-02,3.861334621906280518e-01,7.152552157640457153e-02,6.491129100322723389e-02,-6.187685132026672363e-01,4.844304025173187256e-01,2.662732899188995361e-01,-7.473932579159736633e-03,-5.503958463668823242e-01,1.015173047780990601e-01,2.311793565750122070e-01,-2.146513313055038452e-01,-4.487615525722503662e-01,5.110889077186584473e-01,4.549114406108856201e-02,4.635157883167266846e-01,6.987697631120681763e-02,-6.544309854507446289e-02,-2.760581374168395996e-01,-5.319319963455200195e-01,-2.230500578880310059e-01,-4.001176357269287109e-02,9.490262717008590698e-02,-1.313575804233551025e-01,-2.082791412249207497e-03,1.987624615430831909e-01,-8.360546827316284180e-02,6.375901401042938232e-02,-5.374360680580139160e-01,1.619030982255935669e-01,4.825338348746299744e-02,-1.529274880886077881e-01,-3.633033931255340576e-01,-7.232010364532470703e-02,1.170692592859268188e-01,2.755853906273841858e-02,2.407495677471160889e-01,7.216987758874893188e-02,-1.296625584363937378e-01,1.597209572792053223e-01,5.110292434692382812e-01,-4.900810420513153076e-01,2.632298693060874939e-02,-3.921988308429718018e-01,2.147271931171417236e-01,-1.692349165678024292e-01,5.579744577407836914e-01,-1.297695338726043701e-01,-5.120254755020141602e-01,-8.466470055282115936e-03,6.062315106391906738e-01,-2.923095524311065674e-01,-5.245276689529418945e-01,6.792610287666320801e-01,7.952411659061908722e-03,-3.398633599281311035e-01,1.683954894542694092e-02,-4.237756431102752686e-01,-4.275984764099121094e-01,6.594780087471008301e-02,2.429554238915443420e-02,2.613084316253662109e-01,1.686817705631256104e-01,-9.992474317550659180e-02,-2.138383090496063232e-01,-5.674260854721069336e-01,2.157600224018096924e-01,-5.394781231880187988e-01,1.876161247491836548e-02,3.554304540157318115e-01,-7.503943634219467640e-04,-2.855648100376129150e-01,2.413347661495208740e-01,-1.423800587654113770e-01,1.259698420763015747e-01,-6.256918311119079590e-01,-1.456606537103652954e-01,6.251912117004394531e-01,2.269722819328308105e-01,-5.706216096878051758e-01,-5.356926918029785156e-01,-6.987413763999938965e-02,-5.675347894430160522e-02,5.772867202758789062e-01,-3.516719043254852295e-01,-5.469900965690612793e-01,-4.061160609126091003e-02,5.539264678955078125e-01,-4.635391533374786377e-01,1.685292273759841919e-01,1.453395783901214600e-01,-5.639885067939758301e-01,2.313958257436752319e-01,2.774779200553894043e-01,4.762105345726013184e-01,5.302896499633789062e-01,-2.974031567573547363e-01,-4.488410651683807373e-01,-2.996378839015960693e-01,2.506400831043720245e-02,2.503041923046112061e-01
2.257907390594482422e-01,6.838110834360122681e-02,-4.615898728370666504e-01,2.608721554279327393e-01,3.726391494274139404e-01,-1.977497339248657227e-01,3.374657034873962402e-02,2.638621926307678223e-01,8.043629676103591919e-02,1.422542631626129150e-01,1.266149152070283890e-02,-1.947641223669052124e-01,3.880594372749328613e-01,2.502267360687255859e-01,5.048462748527526855e-01,4.435087740421295166e-01,2.558246487751603127e-03,2.160613089799880981e-01,-1.622256636619567871e-01,-2.444925904273986816e-01,-1.037011668086051941e-01,4.358238875865936279e-01,2.165827155113220215e-01,4.917250946164131165e-03,4.451905190944671631e-02,4.933785498142242432e-01,-4.607599079608917236e-01,-2.819708287715911865e-01,4.059735536575317383e-01,-1.288953572511672974e-01,1.301074586808681488e-02,-4.167518913745880127e-01,3.064126670360565186e-01,2.311561852693557739e-01,-2.591845393180847168e-02,-4.702256321907043457e-01,4.737810418009757996e-02,2.127111554145812988e-01,-4.291946887969970703e-01,-3.438812196254730225e-01,4.399567544460296631e-01,5.013217404484748840e-02,3.795308470726013184e-01,6.446221470832824707e-02,1.975491270422935486e-02,-3.717043101787567139e-01,-5.280132889747619629e-01,-1.529695391654968262e-01,-4.447476938366889954e-03,9.651768952608108521e-02,-1.571059674024581909e-01,-3.729131445288658142e-02,1.404661387205123901e-01,3.421626612544059753e-02,-1.230655312538146973e-01,-5.095768570899963379e-01,1.147972047328948975e-01,4.699089378118515015e-02,-2.277795076370239258e-01,-2.426141053438186646e-01,4.734726995229721069e-02,2.686760760843753815e-02,1.821287721395492554e-02,1.895100474357604980e-01,2.208295464515686035e-02,-9.616146981716156006e-02,1.280193477869033813e-01,4.916414022445678711e-01,-4.103871881961822510e-01,1.490862071514129639e-01,-3.795456290245056152e-01,-1.811068505048751831e-02,-4.512256756424903870e-02,4.607293307781219482e-01,-1.400678902864456177e-01,-4.527929127216339111e-01,-1.592622883617877960e-02,5.299781560897827148e-01,-1.122908517718315125e-01,-4.001782834529876709e-01,4.328986704349517822e-01,5.921479314565658569e-03,-4.285052716732025146e-01,1.086336653679609299e-02,-3.857177495956420898e-01,-4.702837467193603516e-01,2.960162460803985596e-01,2.313593216240406036e-02,2.618930041790008545e-01,1.366981416940689087e-01,-1.630532592535018921e-01,-6.084305793046951294e-02,-2.757470309734344482e-01,4.103280603885650635e-03,-3.765342533588409424e-01,-3.484387323260307312e-02,4.256100654602050781e-01,-6.613406003452837467e-04,-3.299742043018341064e-01,2.716711759567260742e-01,-1.421474814414978027e-01,2.805782258510589600e-01,-4.420799016952514648e-01,-1.304455548524856567e-01,4.761012196540832520e-01,9.927768260240554810e-02,-2.501833140850067139e-01,-3.967098295688629150e-01,-2.535928785800933838e-01,-3.466320037841796875e-02,2.429422587156295776e-01,-9.912511706352233887e-02,-3.618295490741729736e-01,-2.210799306631088257e-01,5.582782626152038574e-01,-4.764800667762756348e-01,3.394559025764465332e-01,8.826399594545364380e-02,-5.315129756927490234e-01,1.262297332286834717e-01,2.462031394243240356e-01,3.847834765911102295e-01,4.671595990657806396e-01,-2.253762632608413696e-01,-2.970749139785766602e-01,-2.334630489349365234e-01,6.281252484768629074e-03,2.029563635587692261e-01
-1.429780125617980957e-01,-3.433295339345932007e-02,1.948862224817276001e-01,-5.669868737459182739e-02,-1.977497339248657227e-01,2.788847088813781738e-01,-3.362812846899032593e-02,-6.705921888351440430e-02,-1.528621464967727661e-01,-9.800559282302856445e-02,1.247330475598573685e-02,9.261742979288101196e-02,-2.568620145320892334e-01,-6.500770151615142822e-02,-2.530476152896881104e-01,-2.426336407661437988e-01,-6.777456961572170258e-03,-1.077634617686271667e-01,8.062922209501266479e-02,9.880317002534866333e-02,1.458277851343154907e-01,-1.869596540927886963e-01,-4.523361474275588989e-02,1.294847950339317322e-02,-2.960549853742122650e-02,-3.308928310871124268e-01,2.297536283731460571e-01,1.708837151527404785e-01,-1.413488388061523438e-01,3.326934948563575745e-02,5.470150336623191833e-02,2.449469119310379028e-01,-1.989967674016952515e-01,-4.804418981075286865e-02,5.446865689009428024e-03,2.403136193752288818e-01,-1.874331571161746979e-02,-1.242962777614593506e-01,2.475990206003189087e-01,9.589672833681106567e-02,-3.014895915985107422e-01,-3.264663740992546082e-02,-1.169836148619651794e-01,-2.537770383059978485e-02,8.428565412759780884e-02,2.172484099864959717e-01,2.756947875022888184e-01,5.746586620807647705e-02,-5.875106155872344971e-02,-6.855561584234237671e-02,1.686602383852005005e-01,-9.411118924617767334e-02,-8.517339825630187988e-02,-7.901046425104141235e-02,5.014400556683540344e-02,2.314675301313400269e-01,-3.764647617936134338e-02,-2.193937636911869049e-02,1.634695678949356079e-01,1.138741970062255859e-01,-2.950167516246438026e-03,-4.221852868795394897e-02,-8.448218926787376404e-03,-2.018350064754486084e-01,-2.055036462843418121e-02,6.738724559545516968e-02,-4.429928213357925415e-02,-2.349986881017684937e-01,2.281618714332580566e-01,-6.325823068618774414e-02,1.944848597049713135e-01,-1.100701242685317993e-01,4.016933217644691467e-02,-2.546988725662231445e-01,1.196206361055374146e-01,2.179697006940841675e-01,1.195755414664745331e-02,-2.733668386936187744e-01,5.772675946354866028e-02,2.182191312313079834e-01,-2.108064591884613037e-01,-2.634193748235702515e-03,1.908593624830245972e-01,-9.760905988514423370e-03,2.241825014352798462e-01,2.771369218826293945e-01,-1.528254449367523193e-01,-1.148246228694915771e-02,-2.311299145221710205e-01,-7.515449076890945435e-02,9.004276245832443237e-02,2.508673630654811859e-02,1.313345879316329956e-01,2.434334158897399902e-02,2.235629707574844360e-01,-1.151646394282579422e-02,-1.537042409181594849e-01,3.575926821213215590e-04,1.458088010549545288e-01,-2.206518352031707764e-01,4.330121353268623352e-02,-2.377755939960479736e-01,2.423447817564010620e-01,7.362621277570724487e-02,-2.857104837894439697e-01,6.782072037458419800e-02,1.344438791275024414e-01,1.883275210857391357e-01,2.247931808233261108e-01,2.401770651340484619e-02,-1.084296181797981262e-01,-7.255716715008020401e-03,1.524038314819335938e-01,1.437930315732955933e-01,-2.426660656929016113e-01,3.008745610713958740e-01,-1.636303514242172241e-01,-2.295593731105327606e-02,2.670437395572662354e-01,-6.840869039297103882e-02,-1.153494641184806824e-01,-2.144588977098464966e-01,-2.551812827587127686e-01,1.412637531757354736e-01,8.958989381790161133e-02,1.613300889730453491e-01,-1.240901090204715729e-02,-7.595960050821304321e-02
1.080568805336952209e-01,-6.468864623457193375e-03,-3.156261146068572998e-02,-4.897234216332435608e-02,3.374657034873962402e-02,-3.362812846899032593e-02,1.112062856554985046e-01,7.087000459432601929e-02,8.836981840431690216e-03,1.921897940337657928e-02,-2.660293132066726685e-02,2.119653159752488136e-03,1.010867860168218613e-02,-8.336946368217468262e-03,1.966791041195392609e-02,-2.670217305421829224e-03,3.274188842624425888e-03,-8.066215366125106812e-02,1.329094450920820236e-02,-2.731374464929103851e-02,2.361854538321495056e-02,-2.911632135510444641e-02,-3.000211901962757111e-03,-1.035683322697877884e-02,-6.800300441682338715e-03,-1.676155999302864075e-02,2.402854897081851959e-02,-5.901922285556793213e-02,4.247868433594703674e-02,-1.312459111213684082e-01,-5.568465590476989746e-02,2.317824587225914001e-02,2.766936086118221283e-03,-1.174002327024936676e-02,-8.991451002657413483e-03,2.652432210743427277e-02,-1.641730219125747681e-02,1.291603315621614456e-02,-1.238943934440612793e-01,-2.875887416303157806e-02,4.125610366463661194e-02,2.186875417828559875e-02,-6.909734010696411133e-02,2.855543280020356178e-03,-9.089360013604164124e-03,-6.056667864322662354e-02,-4.646019637584686279e-02,-2.524302341043949127e-03,5.375709384679794312e-02,-1.139475125819444656e-02,-1.670751348137855530e-02,3.130463138222694397e-02,1.373258768580853939e-03,4.294571001082658768e-03,-4.359552636742591858e-02,-5.812984425574541092e-03,-3.238788107410073280e-03,2.123022451996803284e-03,-3.074153512716293335e-02,2.416912466287612915e-02,-6.618489976972341537e-03,2.253710664808750153e-02,1.382152549922466278e-03,7.472739368677139282e-02,8.150512352585792542e-03,4.451351240277290344e-03,-4.058256745338439941e-02,3.726855386048555374e-03,2.029272168874740601e-02,4.413707554340362549e-02,-5.888615176081657410e-02,-5.840813368558883667e-02,5.711246281862258911e-02,9.520195424556732178e-03,-3.308109566569328308e-02,-4.722499102354049683e-02,-2.638771431520581245e-03,3.046921640634536743e-02,-2.830583229660987854e-02,-5.227593239396810532e-03,-2.278450177982449532e-03,-9.273506293538957834e-05,-4.185464978218078613e-02,-2.847618423402309418e-03,-7.494591176509857178e-02,3.229683265089988708e-02,1.376873999834060669e-01,-2.092897426337003708e-03,4.657980520278215408e-03,1.704907976090908051e-02,-4.286603257060050964e-02,3.125992789864540100e-02,6.386739015579223633e-02,-7.537828385829925537e-02,2.528468845412135124e-03,-6.384652853012084961e-02,4.237940162420272827e-02,-8.790877473074942827e-05,-1.881949231028556824e-02,1.162547618150711060e-01,-3.472039848566055298e-02,1.329435855150222778e-01,2.639095112681388855e-02,-8.423599414527416229e-03,2.034269832074642181e-02,5.808261781930923462e-02,2.591049298644065857e-02,4.305657371878623962e-02,-1.188920438289642334e-01,4.231102764606475830e-03,-1.083306744694709778e-01,-5.220839288085699081e-03,6.957019865512847900e-02,1.657277904450893402e-02,5.731835495680570602e-03,-4.333751648664474487e-02,8.354654908180236816e-02,9.555316646583378315e-04,-6.612817198038101196e-02,-1.986113749444484711e-02,1.977950520813465118e-02,4.004698246717453003e-02,9.113633073866367340e-03,2.236184105277061462e-02,4.700090736150741577e-02,-5.802530795335769653e-02,1.356591377407312393e-02,5.032356455922126770e-02
3.718739748001098633e-01,3.105535730719566345e-02,-2.627033591270446777e-01,1.109813600778579712e-01,2.638621926307678223e-01,-6.705921888351440430e-02,7.087000459432601929e-02,4.234355688095092773e-01,1.631133374758064747e-03,5.902987718582153320e-02,2.520821522921323776e-03,-1.118550896644592285e-01,1.890718936920166016e-01,2.849388122558593750e-01,3.316518962383270264e-01,2.483306080102920532e-01,-1.541048870421946049e-03,3.833199664950370789e-02,9.667218662798404694e-03,-1.292365342378616333e-01,5.036632344126701355e-02,2.135154902935028076e-01,1.330623924732208252e-01,8.851569145917892456e-03,4.703314043581485748e-03,1.562213599681854248e-01,-1.831713318824768066e-01,-2.559506297111511230e-01,2.823365628719329834e-01,-2.045118808746337891e-01,-4.154988378286361694e-02,-1.332863718271255493e-01,6.290876120328903198e-02,1.836210191249847412e-01,-4.132296517491340637e-02,-2.444783002138137817e-01,1.082504866644740105e-03,1.077105179429054260e-01,-3.957499265670776367e-01,-3.567712903022766113e-01,2.056995034217834473e-01,5.278158560395240784e-02,1.642006933689117432e-01,4.280857369303703308e-02,1.565614491701126099e-01,-2.420282214879989624e-01,-3.340304493904113770e-01,-1.144857257604598999e-01,-9.560168720781803131e-03,8.986257016658782959e-03,-5.786250531673431396e-02,-1.105175092816352844e-01,8.517598360776901245e-02,-5.899942293763160706e-02,-1.598089188337326050e-01,-3.134320080280303955e-01,1.038237288594245911e-01,3.252530097961425781e-02,-5.367502570152282715e-02,-1.121791675686836243e-01,7.404077798128128052e-02,-2.428954094648361206e-02,1.153677608817815781e-02,1.432390138506889343e-02,-5.603609606623649597e-03,-1.927792467176914215e-02,7.490615360438823700e-03,2.848222255706787109e-01,-2.139235287904739380e-01,1.271231174468994141e-01,-2.699067890644073486e-01,-1.999641656875610352e-01,4.037508741021156311e-02,2.569189965724945068e-01,-6.490169465541839600e-02,-2.489110082387924194e-01,-8.605118840932846069e-03,2.825468182563781738e-01,-1.001651436090469360e-01,-1.885480582714080811e-01,1.822917461395263672e-01,3.512786701321601868e-03,-3.333846926689147949e-01,1.431306591257452965e-04,-2.678322792053222656e-01,-2.181566804647445679e-01,2.858790457248687744e-01,1.145077310502529144e-02,3.485581278800964355e-02,8.249512314796447754e-02,-1.243911236524581909e-01,2.174783498048782349e-02,-9.919301606714725494e-03,-1.230442300438880920e-01,-1.382314413785934448e-01,-1.405253559350967407e-01,3.550552129745483398e-01,-4.112409078516066074e-04,-2.477688044309616089e-01,2.110743075609207153e-01,-1.368807554244995117e-01,2.166969627141952515e-01,-1.780585050582885742e-01,-6.984178721904754639e-02,1.485128402709960938e-01,1.966214776039123535e-01,2.564372494816780090e-02,-1.652890145778656006e-01,-2.081228941679000854e-01,3.214987693354487419e-03,5.707054585218429565e-02,1.450192648917436600e-02,-1.592684835195541382e-01,-2.040411829948425293e-01,3.494054675102233887e-01,-2.374509423971176147e-01,3.531458079814910889e-01,2.091773040592670441e-02,-3.970797359943389893e-01,2.387627214193344116e-02,8.547914773225784302e-02,2.223510742187500000e-01,2.304168194532394409e-01,-5.179441999644041061e-03,-1.276165843009948730e-01,-1.351514011621475220e-01,-1.107105333358049393e-02,1.320298910140991211e-01
9.115163236856460571e-02,1.548267435282468796e-02,-9.535001218318939209e-02,4.818262532353401184e-02,8.043629676103591919e-02,-1.528621464967727661e-01,8.836981840431690216e-03,1.631133374758064747e-03,1.155241355299949646e-01,5.747159942984580994e-02,-2.929707616567611694e-02,-5.004994198679924011e-02,1.082886308431625366e-01,8.033271133899688721e-02,1.291845738887786865e-01,1.118030697107315063e-01,7.432981394231319427e-03,5.849922075867652893e-02,-4.410009458661079407e-02,-3.863001242280006409e-02,-1.751929521560668945e-01,1.013500988483428955e-01,2.079832367599010468e-02,-2.487033419311046600e-02,2.072186022996902466e-02,1.714165657758712769e-01,-9.531385451555252075e-02,-5.709518119692802429e-02,2.214832790195941925e-02,2.027749270200729370e-02,-5.451193079352378845e-02,-1.663402467966079712e-01,1.416863799095153809e-01,6.452758796513080597e-03,2.121325116604566574e-03,-1.190984472632408142e-01,1.410184986889362335e-02,5.822506174445152283e-02,-8.363684266805648804e-02,-8.659765124320983887e-02,1.795015633106231689e-01,2.708455733954906464e-02,3.077681362628936768e-02,1.018035411834716797e-02,-9.610853344202041626e-02,-8.241610229015350342e-02,-1.280913650989532471e-01,-4.634294658899307251e-02,4.004332795739173889e-02,4.554256424307823181e-02,-1.103141531348228455e-01,7.930470257997512817e-02,6.882177293300628662e-02,1.796939410269260406e-02,2.109966799616813660e-02,-1.001092866063117981e-01,2.052277512848377228e-02,8.809823542833328247e-03,-6.195006892085075378e-02,-7.081874459981918335e-02,-3.041956014931201935e-02,4.956862330436706543e-02,6.943893618881702423e-03,1.471667587757110596e-01,1.392032019793987274e-02,-3.641828149557113647e-02,8.551114238798618317e-03,1.184052750468254089e-01,-1.208796873688697815e-01,1.314256247133016586e-02,-9.311493486166000366e-02,1.315714716911315918e-01,-4.368089884519577026e-02,1.411303877830505371e-01,-7.679244875907897949e-02,-1.177740916609764099e-01,-4.730545450001955032e-03,1.377146840095520020e-01,-8.288636803627014160e-02,-1.218352690339088440e-01,1.442035138607025146e-01,1.530938083305954933e-03,-7.035301625728607178e-02,5.585787352174520493e-03,-1.375402212142944336e-01,-1.125703528523445129e-01,4.446429386734962463e-02,4.145050887018442154e-03,1.215682327747344971e-01,3.996460884809494019e-02,-3.359631076455116272e-02,-4.577510058879852295e-02,-9.620465338230133057e-02,1.817063242197036743e-02,-1.325824558734893799e-01,-3.073221305385231972e-03,5.767382308840751648e-02,-1.944210089277476072e-04,-6.277456134557723999e-02,1.365494579076766968e-01,-1.323111169040203094e-02,1.169254481792449951e-01,-1.460345685482025146e-01,-3.625595942139625549e-02,1.442760825157165527e-01,-9.167199023067951202e-03,-1.183784976601600647e-01,-8.725076168775558472e-02,-1.167248040437698364e-01,-1.486994698643684387e-02,1.297483593225479126e-01,-2.624098025262355804e-02,-8.870411664247512817e-02,-6.662653386592864990e-02,8.592997491359710693e-02,-1.498623639345169067e-01,6.929545849561691284e-02,-4.767175298184156418e-03,-1.506872177124023438e-01,5.218112468719482422e-02,2.916068024933338165e-02,1.290791630744934082e-01,1.390363126993179321e-01,-7.936323434114456177e-02,-4.153076186776161194e-02,-1.248525902628898621e-01,1.047318335622549057e-02,3.439296409487724304e-02
5.414439737796783447e-02,3.107522428035736084e-02,-2.427871972322463989e-01,1.635986268520355225e-01,1.422542631626129150e-01,-9.800559282302856445e-02,1.921897940337657928e-02,5.902987718582153320e-02,5.747159942984580994e-02,8.422183245420455933e-02,8.287819800898432732e-04,-1.051049754023551941e-01,1.855234056711196899e-01,1.184212192893028259e-01,2.397947162389755249e-01,2.131845057010650635e-01,6.453092675656080246e-03,1.084748208522796631e-01,-1.213977187871932983e-01,-1.287205815315246582e-01,-1.046077534556388855e-01,2.416298538446426392e-01,1.281372755765914917e-01,-4.257631301879882812e-02,3.128078579902648926e-02,2.790844440460205078e-01,-2.368277162313461304e-01,-7.977738231420516968e-02,1.961312294006347656e-01,-2.414824999868869781e-02,-4.855732549913227558e-04,-2.630345523357391357e-01,1.979447901248931885e-01,1.134167835116386414e-01,-7.663743570446968079e-03,-2.473684400320053101e-01,3.285050392150878906e-02,1.135438680648803711e-01,-1.722231656312942505e-01,-1.529028862714767456e-01,2.429365068674087524e-01,2.171323820948600769e-02,1.794706583023071289e-01,3.111290745437145233e-02,-3.941239789128303528e-02,-1.876018792390823364e-01,-2.629958391189575195e-01,-7.437288016080856323e-02,1.237351913005113602e-02,2.266425639390945435e-02,-8.740526437759399414e-02,2.360787615180015564e-02,7.583369314670562744e-02,4.089229274541139603e-03,-2.173285186290740967e-02,-2.472299337387084961e-01,6.033797562122344971e-02,2.323013171553611755e-02,-9.975162148475646973e-02,-1.360540091991424561e-01,-1.539953239262104034e-02,5.123614519834518433e-02,1.044790353626012802e-02,1.355626881122589111e-01,2.124368026852607727e-02,-5.952984839677810669e-02,5.659409612417221069e-02,2.275965809822082520e-01,-2.218776643276214600e-01,3.449501097202301025e-02,-1.892496943473815918e-01,4.911441355943679810e-02,-4.959290474653244019e-02,2.538853585720062256e-01,-7.545424252748489380e-02,-2.221628874540328979e-01,-7.215411867946386337e-03,2.915791273117065430e-01,-8.086179941892623901e-02,-2.347541749477386475e-01,2.733969092369079590e-01,3.329473780468106270e-03,-1.739716231822967529e-01,6.861750967800617218e-03,-1.943663358688354492e-01,-2.156199663877487183e-01,1.049748137593269348e-01,1.123673841357231140e-02,1.562729030847549438e-01,7.939406484365463257e-02,-6.404948979616165161e-02,-5.620694532990455627e-02,-1.931858658790588379e-01,3.939403966069221497e-02,-2.281282395124435425e-01,-2.240301342681050301e-03,1.573277860879898071e-01,-3.557270974852144718e-04,-1.477197408676147461e-01,1.527239680290222168e-01,-7.300152629613876343e-02,1.405488848686218262e-01,-2.619615793228149414e-01,-6.983186304569244385e-02,2.918464839458465576e-01,4.376257210969924927e-02,-2.015356123447418213e-01,-2.175381332635879517e-01,-9.885960817337036133e-02,-2.454335428774356842e-02,1.799466758966445923e-01,-1.098287031054496765e-01,-1.997027099132537842e-01,-3.726121783256530762e-02,2.532672584056854248e-01,-2.472394555807113647e-01,1.222938001155853271e-01,6.548120081424713135e-02,-2.622582316398620605e-01,8.524671941995620728e-02,1.293778866529464722e-01,2.107244282960891724e-01,2.431492060422897339e-01,-1.291911602020263672e-01,-1.763275116682052612e-01,-1.570909321308135986e-01,1.772907935082912445e-02,1.097348779439926147e-01
-7.589725404977798462e-02,9.310252033174037933e-03,-4.904836788773536682e-02,-1.855947077274322510e-02,1.266149152070283890e-02,1.247330475598573685e-02,-2.660293132066726685e-02,2.520821522921323776e-03,-2.929707616567611694e-02,8.287819800898432732e-04,7.714849710464477539e-02,-1.812630519270896912e-02,9.615857899188995361e-02,-3.104186616837978363e-02,3.220094367861747742e-02,6.303751468658447266e-02,-4.359558690339326859e-03,1.355488784611225128e-02,-1.840222626924514771e-02,-4.294868186116218567e-02,1.401729732751846313e-01,5.105181038379669189e-02,6.606415659189224243e-02,1.772203482687473297e-03,1.194459837279282510e-04,7.348166406154632568e-02,-9.525539726018905640e-02,-2.841176651418209076e-02,1.222140863537788391e-01,-2.889774041250348091e-03,5.417310819029808044e-02,-1.575054228305816650e-02,-4.117508232593536377e-02,8.963793516159057617e-02,-8.667870424687862396e-03,-7.982826977968215942e-02,4.199654329568147659e-03,2.736435830593109131e-02,-4.718608781695365906e-02,7.387696951627731323e-02,-3.454069793224334717e-02,-3.215766698122024536e-02,1.096431314945220947e-01,9.213885292410850525e-03,7.200881093740463257e-02,-1.044053360819816589e-01,-4.972423985600471497e-02,3.838040307164192200e-02,-3.227554634213447571e-02,-7.908982783555984497e-02,2.842743135988712311e-02,-5.544143542647361755e-02,-4.041041433811187744e-02,3.191803395748138428e-02,-7.741122692823410034e-02,-7.389461994171142578e-02,1.509834080934524536e-02,9.365868754684925079e-03,-1.092733722180128098e-02,-8.018326945602893829e-03,4.913040250539779663e-02,-2.838916145265102386e-02,-3.618337213993072510e-03,-9.187857061624526978e-02,-2.318939007818698883e-02,-1.126720756292343140e-02,3.306603059172630310e-02,2.163122594356536865e-02,-6.634569913148880005e-02,-1.066391728818416595e-02,-1.110491435974836349e-02,-1.345797032117843628e-01,-6.454521790146827698e-03,4.073732346296310425e-02,3.226582333445549011e-02,3.295702859759330750e-02,-3.031404688954353333e-03,6.842587143182754517e-02,1.271088421344757080e-01,-4.367312788963317871e-02,-2.948879729956388474e-03,7.389503298327326775e-04,-4.721789062023162842e-02,4.080066282767802477e-04,6.527267396450042725e-02,-9.387294948101043701e-02,2.026088535785675049e-02,6.071499083191156387e-03,4.030926153063774109e-02,1.236640941351652145e-02,4.746428690850734711e-03,4.304139316082000732e-02,-1.205541542731225491e-03,-1.487206574529409409e-02,-1.012933067977428436e-02,3.026861697435379028e-02,-1.877933857031166553e-03,-1.475321278121555224e-05,-6.028641015291213989e-02,-5.935747176408767700e-02,-3.219082951545715332e-02,-4.467593505978584290e-03,-3.116820938885211945e-02,-1.411499362438917160e-02,5.255404487252235413e-02,-9.639341384172439575e-02,4.635630175471305847e-02,-7.152020186185836792e-02,6.123258545994758606e-02,-4.114649258553981781e-03,-2.098115719854831696e-02,1.739053614437580109e-02,-4.590690881013870239e-02,1.798727177083492279e-02,8.005279302597045898e-02,-3.720641881227493286e-02,1.837371848523616791e-02,5.906513333320617676e-02,1.278040651232004166e-02,-2.751797670498490334e-03,4.790235683321952820e-02,-1.526041980832815170e-02,2.295257523655891418e-02,-7.481114473193883896e-03,-9.673577547073364258e-02,1.928354240953922272e-02,4.134041722863912582e-03,-2.086989115923643112e-03
-6.434256583452224731e-02,-4.478041082620620728e-02,3.413275182247161865e-01,-2.509983777999877930e-01,-1.947641223669052124e-01,9.261742979288101196e-02,2.119653159752488136e-03,-1.118550896644592285e-01,-5.004994198679924011e-02,-1.051049754023551941e-01,-1.812630519270896912e-02,1.518851518630981445e-01,-2.499485313892364502e-01,-1.913268268108367920e-01,-3.390905857086181641e-01,-3.014879524707794189e-01,-6.958123296499252319e-03,-1.634837836027145386e-01,1.639148443937301636e-01,1.775581389665603638e-01,1.057833954691886902e-01,-3.531036078929901123e-01,-1.980047523975372314e-01,5.890759453177452087e-02,-4.210788756608963013e-02,-3.720637559890747070e-01,3.353496789932250977e-01,1.026418209075927734e-01,-2.931849956512451172e-01,1.748668029904365540e-02,-2.122132107615470886e-02,3.561906814575195312e-01,-2.497724741697311401e-01,-1.877478808164596558e-01,1.420347206294536591e-02,3.585144281387329102e-01,-4.799684137105941772e-02,-1.548326760530471802e-01,2.282736450433731079e-01,2.307648509740829468e-01,-3.069955110549926758e-01,-2.280532568693161011e-02,-2.832817137241363525e-01,-4.549407213926315308e-02,7.980882190167903900e-03,2.553746104240417480e-01,3.647378385066986084e-01,1.057938560843467712e-01,1.054679136723279953e-02,-1.368308905512094498e-02,9.721154719591140747e-02,8.601345121860504150e-03,-9.917064756155014038e-02,1.480032969266176224e-02,3.891325742006301880e-02,3.580118715763092041e-01,-9.718884527683258057e-02,-3.431946411728858948e-02,1.111620888113975525e-01,1.963751912117004395e-01,6.589623633772134781e-03,-5.431199073791503906e-02,-1.410920452326536179e-02,-1.278319805860519409e-01,-2.353100106120109558e-02,7.857040315866470337e-02,-8.555821329355239868e-02,-3.185867965221405029e-01,3.163771033287048340e-01,-3.814084827899932861e-02,2.576015591621398926e-01,-2.908856607973575592e-02,7.550659030675888062e-02,-3.545788824558258057e-01,8.243138343095779419e-02,2.915370464324951172e-01,8.938280865550041199e-03,-4.033797085285186768e-01,9.976209700107574463e-02,3.270980417728424072e-01,-3.769435286521911621e-01,-4.859993699938058853e-03,2.493312954902648926e-01,-9.189032949507236481e-03,2.471912652254104614e-01,3.074423670768737793e-01,-1.198085770010948181e-01,-1.671846769750118256e-02,-1.902657300233840942e-01,-1.083949878811836243e-01,7.922377437353134155e-02,7.621807605028152466e-02,2.701057791709899902e-01,-5.989853292703628540e-02,3.071191608905792236e-01,2.352632349357008934e-03,-2.283948808908462524e-01,4.766757483594119549e-04,2.177957147359848022e-01,-1.729313880205154419e-01,1.076652109622955322e-01,-1.530395597219467163e-01,3.659766912460327148e-01,9.537608176469802856e-02,-3.871753811836242676e-01,-7.360529899597167969e-02,2.616766393184661865e-01,3.193414509296417236e-01,9.093748778104782104e-02,3.169083222746849060e-02,-2.711692154407501221e-01,1.493485271930694580e-01,3.031541407108306885e-01,5.605188384652137756e-02,-3.704620003700256348e-01,3.235178589820861816e-01,-1.698538362979888916e-01,-9.926290065050125122e-02,3.598423004150390625e-01,-1.176622807979583740e-01,-1.755942106246948242e-01,-2.804450690746307373e-01,-3.293858766555786133e-01,1.635819822549819946e-01,2.734969258308410645e-01,1.951209306716918945e-01,-1.858009584248065948e-02,-1.455907821655273438e-01
