9.999982714653015137e-01,-9.999985694885253906e-01,-9.999942183494567871e-01,9.999974370002746582e-01,9.999988675117492676e-01,-9.999987483024597168e-01,9.999950528144836426e-01,9.999989271163940430e-01,-9.999949932098388672e-01,9.999983906745910645e-01,-9.999987483024597168e-01,-9.999988675117492676e-01,9.999979138374328613e-01,9.999983310699462891e-01,9.999943971633911133e-01,9.999946951866149902e-01,9.999973177909851074e-01,-9.999979138374328613e-01,9.999921321868896484e-01,-9.999991059303283691e-01,-9.999988675117492676e-01,9.999940991401672363e-01,9.999985098838806152e-01,9.999975562095642090e-01,9.999884366989135742e-01,9.999989271163940430e-01,-9.999980330467224121e-01,-9.999987483024597168e-01,9.999905824661254883e-01,-9.999964833259582520e-01,-9.999911189079284668e-01,-9.999980926513671875e-01,9.999848008155822754e-01,9.999951124191284180e-01,-9.999979734420776367e-01,9.999693036079406738e-01,9.999988675117492676e-01,9.999985098838806152e-01,9.999871850013732910e-01,-9.999987483024597168e-01,9.999986290931701660e-01,9.999774098396301270e-01,9.999833703041076660e-01,9.999988079071044922e-01,9.999980926513671875e-01,9.999980330467224121e-01,-9.999928474426269531e-01,9.999985694885253906e-01,9.999986886978149414e-01,-9.999983906745910645e-01,-9.999986886978149414e-01,-9.999985098838806152e-01,-9.999986886978149414e-01,-9.999931454658508301e-01,-9.999985098838806152e-01,-9.999979734420776367e-01,-9.999830722808837891e-01,9.999899864196777344e-01,9.999953508377075195e-01,9.999980926513671875e-01,-9.999983906745910645e-01,9.999989271163940430e-01,9.999983906745910645e-01,9.999952912330627441e-01,-9.999943375587463379e-01,-9.999986886978149414e-01,-9.999991059303283691e-01,-9.999958276748657227e-01,-9.999989271163940430e-01,9.999982118606567383e-01,-9.999987483024597168e-01,9.999969005584716797e-01,-9.999833703041076660e-01,-9.999935626983642578e-01,-9.999837875366210938e-01,-9.999982714653015137e-01,9.999911189079284668e-01,9.999986886978149414e-01,-9.999943971633911133e-01,-9.999954104423522949e-01,9.999889135360717773e-01,9.999974966049194336e-01,-9.999988079071044922e-01,9.999981522560119629e-01,-9.999981522560119629e-01,-9.999865293502807617e-01,9.999361038208007812e-01,9.999988675117492676e-01,9.999913573265075684e-01,9.999750852584838867e-01,-9.999944567680358887e-01,9.999982118606567383e-01,-9.999856352806091309e-01,-9.999973773956298828e-01,9.999976754188537598e-01,-9.999977350234985352e-01,-9.999876022338867188e-01,9.999989271163940430e-01,-9.999986886978149414e-01,9.999970197677612305e-01,-9.999966621398925781e-01,9.999988675117492676e-01,9.999015331268310547e-01,9.999517798423767090e-01,9.999986290931701660e-01,9.999966621398925781e-01,-9.999826550483703613e-01,-9.999983906745910645e-01,-9.999939203262329102e-01,9.999985098838806152e-01,-9.999984502792358398e-01,9.999976158142089844e-01,-9.999981522560119629e-01,-9.999369382858276367e-01,9.999990463256835938e-01,-9.999970793724060059e-01,9.999988675117492676e-01,-9.999979138374328613e-01,-9.999952912330627441e-01,-9.999969601631164551e-01,-9.999984502792358398e-01,9.999965429306030273e-01,9.999977350234985352e-01,-9.999971985816955566e-01,-9.999914765357971191e-01,-9.999948143959045410e-01,9.999855756759643555e-01,-9.999925494194030762e-01
-9.999985694885253906e-01,9.999988079071044922e-01,9.999951720237731934e-01,-9.999978542327880859e-01,-9.999991059303283691e-01,9.999989271163940430e-01,-9.999957680702209473e-01,-9.999991059303283691e-01,9.999958872795104980e-01,-9.999985694885253906e-01,9.999990463256835938e-01,9.999991059303283691e-01,-9.999982714653015137e-01,-9.999986886978149414e-01,-9.999953508377075195e-01,-9.999955892562866211e-01,-9.999977350234985352e-01,9.999982714653015137e-01,-9.999934434890747070e-01,9.999993443489074707e-01,9.999991655349731445e-01,-9.999950528144836426e-01,-9.999987483024597168e-01,-9.999980330467224121e-01,-9.999904632568359375e-01,-9.999991655349731445e-01,9.999983906745910645e-01,9.999989867210388184e-01,-9.999921917915344238e-01,9.999970197677612305e-01,9.999926090240478516e-01,9.999984502792358398e-01,-9.999873042106628418e-01,-9.999960064888000488e-01,9.999983310699462891e-01,-9.999743700027465820e-01,-9.999991059303283691e-01,-9.999987483024597168e-01,-9.999893903732299805e-01,9.999989867210388184e-01,-9.999987483024597168e-01,-9.999811649322509766e-01,-9.999861121177673340e-01,-9.999991059303283691e-01,-9.999984502792358398e-01,-9.999983906745910645e-01,9.999940395355224609e-01,-9.999987483024597168e-01,-9.999989271163940430e-01,9.999986886978149414e-01,9.999989271163940430e-01,9.999987483024597168e-01,9.999989271163940430e-01,9.999942779541015625e-01,9.999986886978149414e-01,9.999982714653015137e-01,9.999858736991882324e-01,-9.999916553497314453e-01,-9.999960660934448242e-01,-9.999985098838806152e-01,9.999986290931701660e-01,-9.999990463256835938e-01,-9.999986290931701660e-01,-9.999961256980895996e-01,9.999952912330627441e-01,9.999990463256835938e-01,9.999991655349731445e-01,9.999964833259582520e-01,9.999991655349731445e-01,-9.999986290931701660e-01,9.999989867210388184e-01,-9.999974370002746582e-01,9.999859929084777832e-01,9.999945759773254395e-01,9.999865293502807617e-01,9.999986290931701660e-01,-9.999926090240478516e-01,-9.999989271163940430e-01,9.999953508377075195e-01,9.999960660934448242e-01,-9.999907612800598145e-01,-9.999979734420776367e-01,9.999990463256835938e-01,-9.999984502792358398e-01,9.999985694885253906e-01,9.999887943267822266e-01,-9.999468326568603516e-01,-9.999990463256835938e-01,-9.999927282333374023e-01,-9.999791383743286133e-01,9.999954104423522949e-01,-9.999986290931701660e-01,9.999881386756896973e-01,9.999977350234985352e-01,-9.999979138374328613e-01,9.999980926513671875e-01,9.999896287918090820e-01,-9.999992251396179199e-01,9.999989271163940430e-01,-9.999974370002746582e-01,9.999971985816955566e-01,-9.999992251396179199e-01,-9.999178051948547363e-01,-9.999597668647766113e-01,-9.999988675117492676e-01,-9.999971389770507812e-01,9.999855756759643555e-01,9.999986290931701660e-01,9.999949336051940918e-01,-9.999986886978149414e-01,9.999987483024597168e-01,-9.999980926513671875e-01,9.999984502792358398e-01,9.999473690986633301e-01,-9.999992251396179199e-01,9.999975562095642090e-01,-9.999991655349731445e-01,9.999982714653015137e-01,9.999960064888000488e-01,9.999974966049194336e-01,9.999986886978149414e-01,-9.999971389770507812e-01,-9.999980926513671875e-01,9.999976754188537598e-01,9.999928474426269531e-01,9.999957084655761719e-01,-9.999880790710449219e-01,9.999938011169433594e-01
-9.999942183494567871e-01,9.999951720237731934e-01,9.999800920486450195e-01,-9.999915361404418945e-01,-9.999960660934448242e-01,9.999958276748657227e-01,-9.999830722808837891e-01,-9.999966025352478027e-01,9.999830722808837891e-01,-9.999944567680358887e-01,9.999958872795104980e-01,9.999961256980895996e-01,-9.999929666519165039e-01,-9.999946355819702148e-01,-9.999810457229614258e-01,-9.999818801879882812e-01,-9.999908804893493652e-01,9.999929666519165039e-01,-9.999734163284301758e-01,9.999967217445373535e-01,9.999963045120239258e-01,-9.999796748161315918e-01,-9.999951124191284180e-01,-9.999918937683105469e-01,-9.999605417251586914e-01,-9.999963045120239258e-01,9.999937415122985840e-01,9.999959468841552734e-01,-9.999676942825317383e-01,9.999880790710449219e-01,9.999694228172302246e-01,9.999936223030090332e-01,-9.999477267265319824e-01,-9.999834895133972168e-01,9.999931454658508301e-01,-9.998942017555236816e-01,-9.999964237213134766e-01,-9.999949932098388672e-01,-9.999560713768005371e-01,9.999960064888000488e-01,-9.999952912330627441e-01,-9.999221563339233398e-01,-9.999430775642395020e-01,-9.999961853027343750e-01,-9.999938607215881348e-01,-9.999933838844299316e-01,9.999753236770629883e-01,-9.999951720237731934e-01,-9.999955296516418457e-01,9.999947547912597656e-01,9.999958276748657227e-01,9.999948740005493164e-01,9.999958276748657227e-01,9.999763965606689453e-01,9.999948740005493164e-01,9.999934434890747070e-01,9.999417066574096680e-01,-9.999658465385437012e-01,-9.999839067459106445e-01,-9.999938607215881348e-01,9.999944567680358887e-01,-9.999961853027343750e-01,-9.999944567680358887e-01,-9.999842047691345215e-01,9.999805688858032227e-01,9.999959468841552734e-01,9.999966621398925781e-01,9.999857544898986816e-01,9.999964833259582520e-01,-9.999943375587463379e-01,9.999958872795104980e-01,-9.999894499778747559e-01,9.999426007270812988e-01,9.999780654907226562e-01,9.999443292617797852e-01,9.999944567680358887e-01,-9.999696016311645508e-01,-9.999955892562866211e-01,9.999807476997375488e-01,9.999843835830688477e-01,-9.999617934226989746e-01,-9.999917745590209961e-01,9.999958872795104980e-01,-9.999938011169433594e-01,9.999940991401672363e-01,9.999539852142333984e-01,-9.997807741165161133e-01,-9.999962449073791504e-01,-9.999703764915466309e-01,-9.999141693115234375e-01,9.999809861183166504e-01,-9.999942183494567871e-01,9.999507665634155273e-01,9.999910593032836914e-01,-9.999920725822448730e-01,9.999924302101135254e-01,9.999572634696960449e-01,-9.999966025352478027e-01,9.999957680702209473e-01,-9.999899268150329590e-01,9.999886751174926758e-01,-9.999961853027343750e-01,-9.996614456176757812e-01,-9.998345971107482910e-01,-9.999954104423522949e-01,-9.999883174896240234e-01,9.999403953552246094e-01,9.999946355819702148e-01,9.999790191650390625e-01,-9.999948143959045410e-01,9.999949336051940918e-01,-9.999921321868896484e-01,9.999940395355224609e-01,9.997832775115966797e-01,-9.999965429306030273e-01,9.999901056289672852e-01,-9.999964237213134766e-01,9.999930262565612793e-01,9.999838471412658691e-01,9.999896883964538574e-01,9.999949336051940918e-01,-9.999885559082031250e-01,-9.999926090240478516e-01,9.999905228614807129e-01,9.999706149101257324e-01,9.999824166297912598e-01,-9.999507665634155273e-01,9.999747276306152344e-01
9.999974370002746582e-01,-9.999978542327880859e-01,-9.999915361404418945e-01,9.999963641166687012e-01,9.999983310699462891e-01,-9.999981522560119629e-01,9.999927282333374023e-01,9.999984502792358398e-01,-9.999927282333374023e-01,9.999975562095642090e-01,-9.999982118606567383e-01,-9.999983310699462891e-01,9.999969601631164551e-01,9.999976754188537598e-01,9.999918937683105469e-01,9.999923706054687500e-01,9.999960660934448242e-01,-9.999969601631164551e-01,9.999886155128479004e-01,-9.999986290931701660e-01,-9.999983906745910645e-01,9.999912977218627930e-01,9.999978542327880859e-01,9.999964833259582520e-01,9.999831914901733398e-01,9.999983906745910645e-01,-9.999971985816955566e-01,-9.999981522560119629e-01,9.999862313270568848e-01,-9.999948740005493164e-01,-9.999870061874389648e-01,-9.999972581863403320e-01,9.999777674674987793e-01,9.999929666519165039e-01,-9.999970197677612305e-01,9.999549984931945801e-01,9.999983906745910645e-01,9.999977946281433105e-01,9.999812841415405273e-01,-9.999982118606567383e-01,9.999978542327880859e-01,9.999669194221496582e-01,9.999758005142211914e-01,9.999982714653015137e-01,9.999973177909851074e-01,9.999970793724060059e-01,-9.999895095825195312e-01,9.999977946281433105e-01,9.999980926513671875e-01,-9.999977350234985352e-01,-9.999980926513671875e-01,-9.999977946281433105e-01,-9.999980926513671875e-01,-9.999898672103881836e-01,-9.999977946281433105e-01,-9.999970793724060059e-01,-9.999752640724182129e-01,9.999853968620300293e-01,9.999931454658508301e-01,9.999972581863403320e-01,-9.999975562095642090e-01,9.999982714653015137e-01,9.999976158142089844e-01,9.999932646751403809e-01,-9.999917149543762207e-01,-9.999981522560119629e-01,-9.999985098838806152e-01,-9.999939203262329102e-01,-9.999983906745910645e-01,9.999974966049194336e-01,-9.999982118606567383e-01,9.999955296516418457e-01,-9.999756217002868652e-01,-9.999906420707702637e-01,-9.999763369560241699e-01,-9.999975562095642090e-01,9.999870061874389648e-01,9.999980926513671875e-01,-9.999917745590209961e-01,-9.999932646751403809e-01,9.999837279319763184e-01,9.999964833259582520e-01,-9.999982118606567383e-01,9.999972581863403320e-01,-9.999974966049194336e-01,-9.999803900718688965e-01,9.999067783355712891e-01,9.999983310699462891e-01,9.999874234199523926e-01,9.999634623527526855e-01,-9.999918937683105469e-01,9.999974966049194336e-01,-9.999790787696838379e-01,-9.999960660934448242e-01,9.999966025352478027e-01,-9.999966621398925781e-01,-9.999818205833435059e-01,9.999985098838806152e-01,-9.999980926513671875e-01,9.999956488609313965e-01,-9.999951720237731934e-01,9.999984502792358398e-01,9.998560547828674316e-01,9.999296069145202637e-01,9.999980330467224121e-01,9.999949932098388672e-01,-9.999746084213256836e-01,-9.999976158142089844e-01,-9.999910593032836914e-01,9.999977350234985352e-01,-9.999977946281433105e-01,9.999966025352478027e-01,-9.999973773956298828e-01,-9.999077916145324707e-01,9.999985098838806152e-01,-9.999958276748657227e-01,9.999983906745910645e-01,-9.999970197677612305e-01,-9.999930858612060547e-01,-9.999955892562866211e-01,-9.999977946281433105e-01,9.999951124191284180e-01,9.999968409538269043e-01,-9.999958872795104980e-01,-9.999874830245971680e-01,-9.999924302101135254e-01,9.999790787696838379e-01,-9.999892711639404297e-01
9.999988675117492676e-01,-9.999991059303283691e-01,-9.999960660934448242e-01,9.999983310699462891e-01,9.999992847442626953e-01,-9.999992847442626953e-01,9.999966621398925781e-01,9.999992847442626953e-01,-9.999966621398925781e-01,9.999989271163940430e-01,-9.999993443489074707e-01,-9.999994039535522461e-01,9.999986886978149414e-01,9.999989271163940430e-01,9.999962449073791504e-01,9.999964833259582520e-01,9.999983310699462891e-01,-9.999986886978149414e-01,9.999948143959045410e-01,-9.999994039535522461e-01,-9.999993443489074707e-01,9.999960064888000488e-01,9.999991059303283691e-01,9.999984502792358398e-01,9.999924302101135254e-01,9.999994039535522461e-01,-9.999987483024597168e-01,-9.999992847442626953e-01,9.999937415122985840e-01,-9.999976158142089844e-01,-9.999940991401672363e-01,-9.999988079071044922e-01,9.999898672103881836e-01,9.999968409538269043e-01,-9.999986290931701660e-01,9.999794363975524902e-01,9.999993443489074707e-01,9.999990463256835938e-01,9.999915361404418945e-01,-9.999991655349731445e-01,9.999991059303283691e-01,9.999848604202270508e-01,9.999889731407165527e-01,9.999992847442626953e-01,9.999987483024597168e-01,9.999987483024597168e-01,-9.999952912330627441e-01,9.999991059303283691e-01,9.999991655349731445e-01,-9.999989867210388184e-01,-9.999992251396179199e-01,-9.999990463256835938e-01,-9.999992251396179199e-01,-9.999954104423522949e-01,-9.999990463256835938e-01,-9.999986886978149414e-01,-9.999887347221374512e-01,9.999933242797851562e-01,9.999969005584716797e-01,9.999988079071044922e-01,-9.999989867210388184e-01,9.999992847442626953e-01,9.999989867210388184e-01,9.999969005584716797e-01,-9.999961256980895996e-01,-9.999991655349731445e-01,-9.999994039535522461e-01,-9.999971985816955566e-01,-9.999993443489074707e-01,9.999988675117492676e-01,-9.999993443489074707e-01,9.999979138374328613e-01,-9.999888539314270020e-01,-9.999956488609313965e-01,-9.999892115592956543e-01,-9.999989867210388184e-01,9.999940991401672363e-01,9.999991655349731445e-01,-9.999963045120239258e-01,-9.999969005584716797e-01,9.999925494194030762e-01,9.999983906745910645e-01,-9.999992251396179199e-01,9.999987483024597168e-01,-9.999988675117492676e-01,-9.999911189079284668e-01,9.999573230743408203e-01,9.999992847442626953e-01,9.999942183494567871e-01,9.999833106994628906e-01,-9.999962449073791504e-01,9.999988675117492676e-01,-9.999903440475463867e-01,-9.999982118606567383e-01,9.999984502792358398e-01,-9.999985694885253906e-01,-9.999916553497314453e-01,9.999993443489074707e-01,-9.999992251396179199e-01,9.999980330467224121e-01,-9.999977350234985352e-01,9.999992847442626953e-01,9.999339580535888672e-01,9.999677538871765137e-01,9.999991655349731445e-01,9.999977946281433105e-01,-9.999883770942687988e-01,-9.999989271163940430e-01,-9.999959468841552734e-01,9.999990463256835938e-01,-9.999990463256835938e-01,9.999984502792358398e-01,-9.999988079071044922e-01,-9.999577999114990234e-01,9.999993443489074707e-01,-9.999980330467224121e-01,9.999993443489074707e-01,-9.999986886978149414e-01,-9.999969005584716797e-01,-9.999979734420776367e-01,-9.999990463256835938e-01,9.999976754188537598e-01,9.999985694885253906e-01,-9.999980926513671875e-01,-9.999942779541015625e-01,-9.999965429306030273e-01,9.999904036521911621e-01,-9.999951720237731934e-01
-9.999987483024597168e-01,9.999989271163940430e-01,9.999958276748657227e-01,-9.999981522560119629e-01,-9.999992847442626953e-01,9.999992251396179199e-01,-9.999963641166687012e-01,-9.999992251396179199e-01,9.999963641166687012e-01,-9.999988079071044922e-01,9.999992251396179199e-01,9.999992251396179199e-01,-9.999985694885253906e-01,-9.999989271163940430e-01,-9.999960064888000488e-01,-9.999961853027343750e-01,-9.999981522560119629e-01,9.999985694885253906e-01,-9.999943375587463379e-01,9.999994039535522461e-01,9.999992251396179199e-01,-9.999957084655761719e-01,-9.999989271163940430e-01,-9.999981522560119629e-01,-9.999916553497314453e-01,-9.999993443489074707e-01,9.999986290931701660e-01,9.999991655349731445e-01,-9.999931454658508301e-01,9.999974966049194336e-01,9.999935626983642578e-01,9.999986886978149414e-01,-9.999889135360717773e-01,-9.999965429306030273e-01,9.999986290931701660e-01,-9.999774694442749023e-01,-9.999992847442626953e-01,-9.999989867210388184e-01,-9.999907016754150391e-01,9.999992251396179199e-01,-9.999989867210388184e-01,-9.999834895133972168e-01,-9.999879598617553711e-01,-9.999992251396179199e-01,-9.999986886978149414e-01,-9.999986290931701660e-01,9.999948143959045410e-01,-9.999989867210388184e-01,-9.999992251396179199e-01,9.999988675117492676e-01,9.999992847442626953e-01,9.999989271163940430e-01,9.999991655349731445e-01,9.999950528144836426e-01,9.999989867210388184e-01,9.999985694885253906e-01,9.999876618385314941e-01,-9.999927282333374023e-01,-9.999966025352478027e-01,-9.999986886978149414e-01,9.999988079071044922e-01,-9.999993443489074707e-01,-9.999988675117492676e-01,-9.999966025352478027e-01,9.999958276748657227e-01,9.999991059303283691e-01,9.999993443489074707e-01,9.999970197677612305e-01,9.999992847442626953e-01,-9.999988675117492676e-01,9.999992847442626953e-01,-9.999977350234985352e-01,9.999877810478210449e-01,9.999953508377075195e-01,9.999881982803344727e-01,9.999988079071044922e-01,-9.999936223030090332e-01,-9.999992251396179199e-01,9.999959468841552734e-01,9.999965429306030273e-01,-9.999919533729553223e-01,-9.999982118606567383e-01,9.999992847442626953e-01,-9.999986886978149414e-01,9.999987483024597168e-01,9.999902248382568359e-01,-9.999533295631408691e-01,-9.999992251396179199e-01,-9.999936819076538086e-01,-9.999818205833435059e-01,9.999960064888000488e-01,-9.999988675117492676e-01,9.999895691871643066e-01,9.999980926513671875e-01,-9.999982714653015137e-01,9.999983310699462891e-01,9.999909400939941406e-01,-9.999994039535522461e-01,9.999991655349731445e-01,-9.999979138374328613e-01,9.999976158142089844e-01,-9.999992847442626953e-01,-9.999277591705322266e-01,-9.999647140502929688e-01,-9.999990463256835938e-01,-9.999975562095642090e-01,9.999873042106628418e-01,9.999989271163940430e-01,9.999955296516418457e-01,-9.999988675117492676e-01,9.999989867210388184e-01,-9.999983906745910645e-01,9.999986886978149414e-01,9.999538064002990723e-01,-9.999994039535522461e-01,9.999979138374328613e-01,-9.999992847442626953e-01,9.999985694885253906e-01,9.999966025352478027e-01,9.999977946281433105e-01,9.999989271163940430e-01,-9.999974370002746582e-01,-9.999983906745910645e-01,9.999980330467224121e-01,9.999938011169433594e-01,9.999961853027343750e-01,-9.999895691871643066e-01,9.999946355819702148e-01
9.999950528144836426e-01,-9.999957680702209473e-01,-9.999830722808837891e-01,9.999927282333374023e-01,9.999966621398925781e-01,-9.999963641166687012e-01,9.999855756759643555e-01,9.999970197677612305e-01,-9.999855160713195801e-01,9.999951720237731934e-01,-9.999963641166687012e-01,-9.999967217445373535e-01,9.999940395355224609e-01,9.999954104423522949e-01,9.999838471412658691e-01,9.999845623970031738e-01,9.999923110008239746e-01,-9.999939203262329102e-01,9.999773502349853516e-01,-9.999972581863403320e-01,-9.999967813491821289e-01,9.999827742576599121e-01,9.999957680702209473e-01,9.999930262565612793e-01,9.999664425849914551e-01,9.999967813491821289e-01,-9.999946355819702148e-01,-9.999964833259582520e-01,9.999725818634033203e-01,-9.999897480010986328e-01,-9.999740719795227051e-01,-9.999945759773254395e-01,9.999554753303527832e-01,9.999858736991882324e-01,-9.999940991401672363e-01,9.999101758003234863e-01,9.999968409538269043e-01,9.999957084655761719e-01,9.999626874923706055e-01,-9.999964833259582520e-01,9.999958276748657227e-01,9.999339580535888672e-01,9.999516010284423828e-01,9.999966621398925781e-01,9.999946951866149902e-01,9.999943971633911133e-01,-9.999790191650390625e-01,9.999958872795104980e-01,9.999960660934448242e-01,-9.999954700469970703e-01,-9.999963045120239258e-01,-9.999955892562866211e-01,-9.999963641166687012e-01,-9.999799132347106934e-01,-9.999955892562866211e-01,-9.999943971633911133e-01,-9.999505281448364258e-01,9.999709725379943848e-01,9.999863505363464355e-01,9.999946355819702148e-01,-9.999952912330627441e-01,9.999967813491821289e-01,9.999953508377075195e-01,9.999865293502807617e-01,-9.999834299087524414e-01,-9.999963641166687012e-01,-9.999970793724060059e-01,-9.999879002571105957e-01,-9.999969601631164551e-01,9.999951124191284180e-01,-9.999963045120239258e-01,9.999909996986389160e-01,-9.999512434005737305e-01,-9.999812841415405273e-01,-9.999526143074035645e-01,-9.999951720237731934e-01,9.999741315841674805e-01,9.999962449073791504e-01,-9.999836087226867676e-01,-9.999866485595703125e-01,9.999675154685974121e-01,9.999929666519165039e-01,-9.999963641166687012e-01,9.999945759773254395e-01,-9.999948740005493164e-01,-9.999608993530273438e-01,9.998140335083007812e-01,9.999967217445373535e-01,9.999748468399047852e-01,9.999271035194396973e-01,-9.999837875366210938e-01,9.999951124191284180e-01,-9.999582767486572266e-01,-9.999924302101135254e-01,9.999931454658508301e-01,-9.999934434890747070e-01,-9.999636411666870117e-01,9.999970197677612305e-01,-9.999963045120239258e-01,9.999914169311523438e-01,-9.999903440475463867e-01,9.999966621398925781e-01,9.997127056121826172e-01,9.998595714569091797e-01,9.999959468841552734e-01,9.999899864196777344e-01,-9.999493360519409180e-01,-9.999952912330627441e-01,-9.999821186065673828e-01,9.999955892562866211e-01,-9.999957084655761719e-01,9.999932646751403809e-01,-9.999948740005493164e-01,-9.998160004615783691e-01,9.999969601631164551e-01,-9.999915957450866699e-01,9.999969601631164551e-01,-9.999940991401672363e-01,-9.999862313270568848e-01,-9.999912977218627930e-01,-9.999956488609313965e-01,9.999902248382568359e-01,9.999937415122985840e-01,-9.999918937683105469e-01,-9.999750256538391113e-01,-9.999850392341613770e-01,9.999582171440124512e-01,-9.999784827232360840e-01
9.999989271163940430e-01,-9.999991059303283691e-01,-9.999966025352478027e-01,9.999984502792358398e-01,9.999992847442626953e-01,-9.999992251396179199e-01,9.999970197677612305e-01,9.999994039535522461e-01,-9.999970197677612305e-01,9.999989867210388184e-01,-9.999993443489074707e-01,-9.999992847442626953e-01,9.999988079071044922e-01,9.999991655349731445e-01,9.999966621398925781e-01,9.999969005584716797e-01,9.999983310699462891e-01,-9.999987483024597168e-01,9.999954700469970703e-01,-9.999994635581970215e-01,-9.999993443489074707e-01,9.999964237213134766e-01,9.999991059303283691e-01,9.999985694885253906e-01,9.999932646751403809e-01,9.999994039535522461e-01,-9.999988079071044922e-01,-9.999992847442626953e-01,9.999945163726806641e-01,-9.999979138374328613e-01,-9.999947547912597656e-01,-9.999988675117492676e-01,9.999911189079284668e-01,9.999970793724060059e-01,-9.999987483024597168e-01,9.999821782112121582e-01,9.999993443489074707e-01,9.999991655349731445e-01,9.999926090240478516e-01,-9.999992251396179199e-01,9.999992251396179199e-01,9.999868869781494141e-01,9.999904036521911621e-01,9.999993443489074707e-01,9.999988675117492676e-01,9.999988079071044922e-01,-9.999957680702209473e-01,9.999991059303283691e-01,9.999992847442626953e-01,-9.999990463256835938e-01,-9.999992251396179199e-01,-9.999991655349731445e-01,-9.999991655349731445e-01,-9.999959468841552734e-01,-9.999991655349731445e-01,-9.999988079071044922e-01,-9.999901652336120605e-01,9.999941587448120117e-01,9.999971985816955566e-01,9.999988079071044922e-01,-9.999989867210388184e-01,9.999993443489074707e-01,9.999991059303283691e-01,9.999972581863403320e-01,-9.999966621398925781e-01,-9.999992847442626953e-01,-9.999993443489074707e-01,-9.999974966049194336e-01,-9.999993443489074707e-01,9.999991059303283691e-01,-9.999993443489074707e-01,9.999980926513671875e-01,-9.999902844429016113e-01,-9.999961256980895996e-01,-9.999906420707702637e-01,-9.999991059303283691e-01,9.999948143959045410e-01,9.999992251396179199e-01,-9.999967217445373535e-01,-9.999971389770507812e-01,9.999935626983642578e-01,9.999985098838806152e-01,-9.999992847442626953e-01,9.999989271163940430e-01,-9.999990463256835938e-01,-9.999922513961791992e-01,9.999630451202392578e-01,9.999993443489074707e-01,9.999949336051940918e-01,9.999854564666748047e-01,-9.999966621398925781e-01,9.999991059303283691e-01,-9.999916553497314453e-01,-9.999983906745910645e-01,9.999985694885253906e-01,-9.999986886978149414e-01,-9.999927878379821777e-01,9.999994635581970215e-01,-9.999992251396179199e-01,9.999982714653015137e-01,-9.999979734420776367e-01,9.999994039535522461e-01,9.999427795410156250e-01,9.999720454216003418e-01,9.999991655349731445e-01,9.999979734420776367e-01,-9.999898672103881836e-01,-9.999990463256835938e-01,-9.999964237213134766e-01,9.999990463256835938e-01,-9.999991059303283691e-01,9.999986290931701660e-01,-9.999988675117492676e-01,-9.999633431434631348e-01,9.999994039535522461e-01,-9.999982118606567383e-01,9.999993443489074707e-01,-9.999987483024597168e-01,-9.999971985816955566e-01,-9.999981522560119629e-01,-9.999992251396179199e-01,9.999980330467224121e-01,9.999987483024597168e-01,-9.999983906745910645e-01,-9.999950528144836426e-01,-9.999969005584716797e-01,9.999916553497314453e-01,-9.999956488609313965e-01
-9.999949932098388672e-01,9.999958872795104980e-01,9.999830722808837891e-01,-9.999927282333374023e-01,-9.999966621398925781e-01,9.999963641166687012e-01,-9.999855160713195801e-01,-9.999970197677612305e-01,9.999855160713195801e-01,-9.999952316284179688e-01,9.999964833259582520e-01,9.999967217445373535e-01,-9.999940395355224609e-01,-9.999954700469970703e-01,-9.999837875366210938e-01,-9.999845027923583984e-01,-9.999922513961791992e-01,9.999940395355224609e-01,-9.999773502349853516e-01,9.999972581863403320e-01,9.999968409538269043e-01,-9.999827146530151367e-01,-9.999958276748657227e-01,-9.999930858612060547e-01,-9.999663233757019043e-01,-9.999967813491821289e-01,9.999945759773254395e-01,9.999964833259582520e-01,-9.999725222587585449e-01,9.999898076057434082e-01,9.999739527702331543e-01,9.999945163726806641e-01,-9.999554753303527832e-01,-9.999858736991882324e-01,9.999941587448120117e-01,-9.999098777770996094e-01,-9.999968409538269043e-01,-9.999956488609313965e-01,-9.999625682830810547e-01,9.999964833259582520e-01,-9.999958276748657227e-01,-9.999338388442993164e-01,-9.999514818191528320e-01,-9.999966621398925781e-01,-9.999947547912597656e-01,-9.999943971633911133e-01,9.999790191650390625e-01,-9.999958276748657227e-01,-9.999961853027343750e-01,9.999954700469970703e-01,9.999963045120239258e-01,9.999956488609313965e-01,9.999963045120239258e-01,9.999798536300659180e-01,9.999956488609313965e-01,9.999943375587463379e-01,9.999504089355468750e-01,-9.999708533287048340e-01,-9.999863505363464355e-01,-9.999946951866149902e-01,9.999952912330627441e-01,-9.999966621398925781e-01,-9.999952912330627441e-01,-9.999865889549255371e-01,9.999833703041076660e-01,9.999964237213134766e-01,9.999970793724060059e-01,9.999879002571105957e-01,9.999969601631164551e-01,-9.999951720237731934e-01,9.999964237213134766e-01,-9.999910593032836914e-01,9.999511837959289551e-01,9.999812841415405273e-01,9.999525547027587891e-01,9.999952912330627441e-01,-9.999740719795227051e-01,-9.999961256980895996e-01,9.999835491180419922e-01,9.999865889549255371e-01,-9.999673962593078613e-01,-9.999930858612060547e-01,9.999963641166687012e-01,-9.999946355819702148e-01,9.999949336051940918e-01,9.999607801437377930e-01,-9.998134970664978027e-01,-9.999967217445373535e-01,-9.999749064445495605e-01,-9.999269247055053711e-01,9.999838471412658691e-01,-9.999951720237731934e-01,9.999581575393676758e-01,9.999924302101135254e-01,-9.999932646751403809e-01,9.999934434890747070e-01,9.999636411666870117e-01,-9.999970197677612305e-01,9.999963045120239258e-01,-9.999913573265075684e-01,9.999903440475463867e-01,-9.999966621398925781e-01,-9.997118711471557617e-01,-9.998592138290405273e-01,-9.999960064888000488e-01,-9.999900460243225098e-01,9.999492168426513672e-01,9.999954104423522949e-01,9.999821186065673828e-01,-9.999956488609313965e-01,9.999957680702209473e-01,-9.999933242797851562e-01,9.999948740005493164e-01,9.998155236244201660e-01,-9.999970197677612305e-01,9.999915957450866699e-01,-9.999969601631164551e-01,9.999940395355224609e-01,9.999862313270568848e-01,9.999912381172180176e-01,9.999957084655761719e-01,-9.999902248382568359e-01,-9.999937415122985840e-01,9.999918341636657715e-01,9.999749064445495605e-01,9.999850988388061523e-01,-9.999580979347229004e-01,9.999784827232360840e-01
9.999983906745910645e-01,-9.999985694885253906e-01,-9.999944567680358887e-01,9.999975562095642090e-01,9.999989271163940430e-01,-9.999988079071044922e-01,9.999951720237731934e-01,9.999989867210388184e-01,-9.999952316284179688e-01,9.999984502792358398e-01,-9.999988079071044922e-01,-9.999989271163940430e-01,9.999980330467224121e-01,9.999985098838806152e-01,9.999947547912597656e-01,9.999949336051940918e-01,9.999974370002746582e-01,-9.999980330467224121e-01,9.999924898147583008e-01,-9.999991655349731445e-01,-9.999989271163940430e-01,9.999943375587463379e-01,9.999985694885253906e-01,9.999976754188537598e-01,9.999890327453613281e-01,9.999989271163940430e-01,-9.999982118606567383e-01,-9.999988675117492676e-01,9.999909996986389160e-01,-9.999966025352478027e-01,-9.999914765357971191e-01,-9.999982118606567383e-01,9.999854564666748047e-01,9.999954104423522949e-01,-9.999980926513671875e-01,9.999706149101257324e-01,9.999990463256835938e-01,9.999985694885253906e-01,9.999877810478210449e-01,-9.999988079071044922e-01,9.999986886978149414e-01,9.999784827232360840e-01,9.999841451644897461e-01,9.999989271163940430e-01,9.999982118606567383e-01,9.999981522560119629e-01,-9.999931454658508301e-01,9.999986290931701660e-01,9.999987483024597168e-01,-9.999984502792358398e-01,-9.999987483024597168e-01,-9.999986290931701660e-01,-9.999987483024597168e-01,-9.999933242797851562e-01,-9.999985694885253906e-01,-9.999980330467224121e-01,-9.999837875366210938e-01,9.999905228614807129e-01,9.999955296516418457e-01,9.999981522560119629e-01,-9.999983906745910645e-01,9.999989271163940430e-01,9.999984502792358398e-01,9.999955892562866211e-01,-9.999945759773254395e-01,-9.999988079071044922e-01,-9.999991059303283691e-01,-9.999960064888000488e-01,-9.999990463256835938e-01,9.999983906745910645e-01,-9.999988675117492676e-01,9.999970197677612305e-01,-9.999840855598449707e-01,-9.999938011169433594e-01,-9.999845027923583984e-01,-9.999984502792358398e-01,9.999915361404418945e-01,9.999987483024597168e-01,-9.999946355819702148e-01,-9.999955892562866211e-01,9.999893903732299805e-01,9.999976158142089844e-01,-9.999988675117492676e-01,9.999982118606567383e-01,-9.999983310699462891e-01,-9.999872446060180664e-01,9.999389648437500000e-01,9.999988675117492676e-01,9.999917745590209961e-01,9.999761581420898438e-01,-9.999946951866149902e-01,9.999983906745910645e-01,-9.999862313270568848e-01,-9.999974370002746582e-01,9.999976754188537598e-01,-9.999977946281433105e-01,-9.999881386756896973e-01,9.999991059303283691e-01,-9.999987483024597168e-01,9.999971389770507812e-01,-9.999967217445373535e-01,9.999989867210388184e-01,9.999057054519653320e-01,9.999538660049438477e-01,9.999986886978149414e-01,9.999967813491821289e-01,-9.999833703041076660e-01,-9.999983906745910645e-01,-9.999941587448120117e-01,9.999984502792358398e-01,-9.999985098838806152e-01,9.999977946281433105e-01,-9.999982118606567383e-01,-9.999397397041320801e-01,9.999991059303283691e-01,-9.999971985816955566e-01,9.999990463256835938e-01,-9.999980330467224121e-01,-9.999954700469970703e-01,-9.999971389770507812e-01,-9.999985098838806152e-01,9.999967217445373535e-01,9.999979138374328613e-01,-9.999973177909851074e-01,-9.999917745590209961e-01,-9.999950528144836426e-01,9.999863505363464355e-01,-9.999929666519165039e-01
-9.999987483024597168e-01,9.999990463256835938e-01,9.999958872795104980e-01,-9.999982118606567383e-01,-9.999993443489074707e-01,9.999992251396179199e-01,-9.999963641166687012e-01,-9.999993443489074707e-01,9.999964833259582520e-01,-9.999988079071044922e-01,9.999992847442626953e-01,9.999992251396179199e-01,-9.999985098838806152e-01,-9.999989271163940430e-01,-9.999960660934448242e-01,-9.999962449073791504e-01,-9.999980330467224121e-01,9.999985694885253906e-01,-9.999944567680358887e-01,9.999994635581970215e-01,9.999992847442626953e-01,-9.999957680702209473e-01,-9.999990463256835938e-01,-9.999982714653015137e-01,-9.999917745590209961e-01,-9.999993443489074707e-01,9.999986886978149414e-01,9.999992251396179199e-01,-9.999932050704956055e-01,9.999974966049194336e-01,9.999935626983642578e-01,9.999986886978149414e-01,-9.999890327453613281e-01,-9.999965429306030273e-01,9.999986290931701660e-01,-9.999777674674987793e-01,-9.999992847442626953e-01,-9.999989867210388184e-01,-9.999908208847045898e-01,9.999992251396179199e-01,-9.999990463256835938e-01,-9.999837279319763184e-01,-9.999879598617553711e-01,-9.999992251396179199e-01,-9.999986290931701660e-01,-9.999986886978149414e-01,9.999948740005493164e-01,-9.999989867210388184e-01,-9.999992251396179199e-01,9.999988675117492676e-01,9.999991655349731445e-01,9.999989867210388184e-01,9.999991655349731445e-01,9.999949932098388672e-01,9.999989867210388184e-01,9.999985694885253906e-01,9.999877810478210449e-01,-9.999927878379821777e-01,-9.999965429306030273e-01,-9.999986886978149414e-01,9.999988079071044922e-01,-9.999992251396179199e-01,-9.999989867210388184e-01,-9.999966621398925781e-01,9.999959468841552734e-01,9.999991655349731445e-01,9.999993443489074707e-01,9.999970197677612305e-01,9.999993443489074707e-01,-9.999988079071044922e-01,9.999991655349731445e-01,-9.999977946281433105e-01,9.999880194664001465e-01,9.999953508377075195e-01,9.999883174896240234e-01,9.999988079071044922e-01,-9.999936819076538086e-01,-9.999992251396179199e-01,9.999960064888000488e-01,9.999966621398925781e-01,-9.999920129776000977e-01,-9.999983310699462891e-01,9.999992847442626953e-01,-9.999987483024597168e-01,9.999987483024597168e-01,9.999904036521911621e-01,-9.999538064002990723e-01,-9.999992251396179199e-01,-9.999937415122985840e-01,-9.999819397926330566e-01,9.999961256980895996e-01,-9.999988675117492676e-01,9.999896287918090820e-01,9.999982118606567383e-01,-9.999983906745910645e-01,9.999983310699462891e-01,9.999910593032836914e-01,-9.999994039535522461e-01,9.999991655349731445e-01,-9.999978542327880859e-01,9.999975562095642090e-01,-9.999993443489074707e-01,-9.999285340309143066e-01,-9.999650716781616211e-01,-9.999990463256835938e-01,-9.999975562095642090e-01,9.999874234199523926e-01,9.999989271163940430e-01,9.999956488609313965e-01,-9.999989867210388184e-01,9.999989271163940430e-01,-9.999983906745910645e-01,9.999987483024597168e-01,9.999542832374572754e-01,-9.999992847442626953e-01,9.999980330467224121e-01,-9.999992847442626953e-01,9.999985098838806152e-01,9.999966025352478027e-01,9.999977946281433105e-01,9.999989271163940430e-01,-9.999975562095642090e-01,-9.999984502792358398e-01,9.999980330467224121e-01,9.999938607215881348e-01,9.999962449073791504e-01,-9.999896287918090820e-01,9.999947547912597656e-01
-9.999988675117492676e-01,9.999991059303283691e-01,9.999961256980895996e-01,-9.999983310699462891e-01,-9.999994039535522461e-01,9.999992251396179199e-01,-9.999967217445373535e-01,-9.999992847442626953e-01,9.999967217445373535e-01,-9.999989271163940430e-01,9.999992251396179199e-01,9.999992847442626953e-01,-9.999986290931701660e-01,-9.999990463256835938e-01,-9.999963045120239258e-01,-9.999964833259582520e-01,-9.999982118606567383e-01,9.999986290931701660e-01,-9.999949336051940918e-01,9.999994039535522461e-01,9.999993443489074707e-01,-9.999959468841552734e-01,-9.999989867210388184e-01,-9.999983310699462891e-01,-9.999925494194030762e-01,-9.999993443489074707e-01,9.999986886978149414e-01,9.999992847442626953e-01,-9.999937415122985840e-01,9.999976754188537598e-01,9.999941587448120117e-01,9.999987483024597168e-01,-9.999899864196777344e-01,-9.999967813491821289e-01,9.999986886978149414e-01,-9.999797940254211426e-01,-9.999992847442626953e-01,-9.999990463256835938e-01,-9.999915957450866699e-01,9.999991655349731445e-01,-9.999991655349731445e-01,-9.999852180480957031e-01,-9.999891519546508789e-01,-9.999993443489074707e-01,-9.999987483024597168e-01,-9.999986886978149414e-01,9.999952912330627441e-01,-9.999989867210388184e-01,-9.999991655349731445e-01,9.999989867210388184e-01,9.999991655349731445e-01,9.999990463256835938e-01,9.999991655349731445e-01,9.999954700469970703e-01,9.999990463256835938e-01,9.999986290931701660e-01,9.999888539314270020e-01,-9.999934434890747070e-01,-9.999969005584716797e-01,-9.999987483024597168e-01,9.999989271163940430e-01,-9.999993443489074707e-01,-9.999989271163940430e-01,-9.999969601631164551e-01,9.999962449073791504e-01,9.999991655349731445e-01,9.999994039535522461e-01,9.999971389770507812e-01,9.999993443489074707e-01,-9.999989271163940430e-01,9.999993443489074707e-01,-9.999979734420776367e-01,9.999890327453613281e-01,9.999957680702209473e-01,9.999893307685852051e-01,9.999988675117492676e-01,-9.999941587448120117e-01,-9.999992251396179199e-01,9.999962449073791504e-01,9.999969601631164551e-01,-9.999926686286926270e-01,-9.999983906745910645e-01,9.999993443489074707e-01,-9.999987483024597168e-01,9.999988675117492676e-01,9.999912381172180176e-01,-9.999579787254333496e-01,-9.999993443489074707e-01,-9.999943375587463379e-01,-9.999835491180419922e-01,9.999963045120239258e-01,-9.999989271163940430e-01,9.999905824661254883e-01,9.999982714653015137e-01,-9.999984502792358398e-01,9.999985694885253906e-01,9.999918341636657715e-01,-9.999993443489074707e-01,9.999992251396179199e-01,-9.999980330467224121e-01,9.999977946281433105e-01,-9.999992847442626953e-01,-9.999350905418395996e-01,-9.999683499336242676e-01,-9.999990463256835938e-01,-9.999977350234985352e-01,9.999886155128479004e-01,9.999988675117492676e-01,9.999960064888000488e-01,-9.999990463256835938e-01,9.999989867210388184e-01,-9.999984502792358398e-01,9.999987483024597168e-01,9.999585151672363281e-01,-9.999994039535522461e-01,9.999980926513671875e-01,-9.999993443489074707e-01,9.999986290931701660e-01,9.999969601631164551e-01,9.999980330467224121e-01,9.999989867210388184e-01,-9.999977350234985352e-01,-9.999985694885253906e-01,9.999981522560119629e-01,9.999944567680358887e-01,9.999966025352478027e-01,-9.999905228614807129e-01,9.999951720237731934e-01
