9.999982118606567383e-01,-9.999983310699462891e-01,-9.999940991401672363e-01,9.999967813491821289e-01,9.999988079071044922e-01,-9.999986886978149414e-01,9.999942779541015625e-01,9.999989271163940430e-01,-9.999889135360717773e-01,9.999984502792358398e-01,-9.999988079071044922e-01,-9.999988675117492676e-01,9.999977350234985352e-01,9.999982714653015137e-01,9.999954700469970703e-01,9.999923110008239746e-01,9.999974370002746582e-01,-9.999974966049194336e-01,9.999914169311523438e-01,-9.999991059303283691e-01,-9.999988675117492676e-01,9.999945759773254395e-01,9.999986290931701660e-01,9.999967217445373535e-01,9.999892115592956543e-01,9.999988079071044922e-01,-9.999980330467224121e-01,-9.999986886978149414e-01,9.999915361404418945e-01,-9.999967217445373535e-01,-9.999896883964538574e-01,-9.999978542327880859e-01,9.999812245368957520e-01,9.999940991401672363e-01,-9.999978542327880859e-01,9.999541044235229492e-01,9.999989867210388184e-01,9.999984502792358398e-01,9.999805688858032227e-01,-9.999988079071044922e-01,9.999985694885253906e-01,9.999911785125732422e-01,9.999815821647644043e-01,9.999989271163940430e-01,9.999981522560119629e-01,9.999976754188537598e-01,-9.999933242797851562e-01,9.999986290931701660e-01,9.999985694885253906e-01,-9.999984502792358398e-01,-9.999987483024597168e-01,-9.999985694885253906e-01,-9.999986290931701660e-01,-9.999929666519165039e-01,-9.999984502792358398e-01,-9.999979138374328613e-01,9.999713897705078125e-01,9.999943375587463379e-01,9.999929070472717285e-01,9.999980926513671875e-01,-9.999981522560119629e-01,9.999988079071044922e-01,9.999983906745910645e-01,9.999954700469970703e-01,-9.999930262565612793e-01,-9.999987483024597168e-01,-9.999989271163940430e-01,-9.999952316284179688e-01,-9.999989867210388184e-01,9.999979734420776367e-01,-9.999986886978149414e-01,9.999946951866149902e-01,-9.999946951866149902e-01,-9.999934434890747070e-01,-9.999859929084777832e-01,-9.999983906745910645e-01,9.999899864196777344e-01,9.999986886978149414e-01,-9.999929070472717285e-01,-9.999949932098388672e-01,9.999922513961791992e-01,9.999974370002746582e-01,-9.999987483024597168e-01,9.999980926513671875e-01,-9.999982118606567383e-01,-9.999817609786987305e-01,-9.999206066131591797e-01,9.999989271163940430e-01,9.999928474426269531e-01,9.999915361404418945e-01,-9.999926686286926270e-01,9.999982714653015137e-01,-9.999862313270568848e-01,-9.999971389770507812e-01,9.999969601631164551e-01,-9.999977946281433105e-01,-9.999845623970031738e-01,9.999989271163940430e-01,-9.999987483024597168e-01,9.999972581863403320e-01,-9.999967217445373535e-01,9.999988675117492676e-01,9.999542832374572754e-01,9.999567270278930664e-01,9.999986290931701660e-01,9.999950528144836426e-01,-9.999811053276062012e-01,-9.999983906745910645e-01,-9.999940991401672363e-01,9.999983906745910645e-01,-9.999985098838806152e-01,9.999971389770507812e-01,-9.999980926513671875e-01,-9.998663067817687988e-01,9.999990463256835938e-01,-9.999963641166687012e-01,9.999989867210388184e-01,-9.999976158142089844e-01,-9.999952912330627441e-01,-9.999955892562866211e-01,-9.999981522560119629e-01,9.999967813491821289e-01,9.999973177909851074e-01,-9.999967813491821289e-01,-9.999913573265075684e-01,-9.999942779541015625e-01,9.999418854713439941e-01,-9.999889731407165527e-01
-9.999983310699462891e-01,9.999985694885253906e-01,9.999949336051940918e-01,-9.999973177909851074e-01,-9.999989271163940430e-01,9.999988079071044922e-01,-9.999951124191284180e-01,-9.999991655349731445e-01,9.999904632568359375e-01,-9.999985694885253906e-01,9.999988675117492676e-01,9.999990463256835938e-01,-9.999980926513671875e-01,-9.999985098838806152e-01,-9.999959468841552734e-01,-9.999932646751403809e-01,-9.999977350234985352e-01,9.999977946281433105e-01,-9.999924898147583008e-01,9.999992251396179199e-01,9.999990463256835938e-01,-9.999952912330627441e-01,-9.999987483024597168e-01,-9.999971389770507812e-01,-9.999905824661254883e-01,-9.999989867210388184e-01,9.999983310699462891e-01,9.999988675117492676e-01,-9.999926686286926270e-01,9.999970793724060059e-01,9.999910593032836914e-01,9.999980926513671875e-01,-9.999837279319763184e-01,-9.999948740005493164e-01,9.999981522560119629e-01,-9.999603033065795898e-01,-9.999991059303283691e-01,-9.999986290931701660e-01,-9.999831914901733398e-01,9.999989867210388184e-01,-9.999986886978149414e-01,-9.999923110008239746e-01,-9.999841451644897461e-01,-9.999991059303283691e-01,-9.999983310699462891e-01,-9.999980330467224121e-01,9.999942183494567871e-01,-9.999988079071044922e-01,-9.999986886978149414e-01,9.999986290931701660e-01,9.999989271163940430e-01,9.999986886978149414e-01,9.999987483024597168e-01,9.999939203262329102e-01,9.999986886978149414e-01,9.999982118606567383e-01,-9.999753236770629883e-01,-9.999950528144836426e-01,-9.999938607215881348e-01,-9.999983906745910645e-01,9.999985098838806152e-01,-9.999990463256835938e-01,-9.999985098838806152e-01,-9.999959468841552734e-01,9.999939799308776855e-01,9.999988675117492676e-01,9.999991655349731445e-01,9.999958872795104980e-01,9.999991059303283691e-01,-9.999982118606567383e-01,9.999988675117492676e-01,-9.999953508377075195e-01,9.999954104423522949e-01,9.999942779541015625e-01,9.999878406524658203e-01,9.999986290931701660e-01,-9.999913573265075684e-01,-9.999988675117492676e-01,9.999938607215881348e-01,9.999955892562866211e-01,-9.999930858612060547e-01,-9.999977350234985352e-01,9.999988675117492676e-01,-9.999983310699462891e-01,9.999983906745910645e-01,9.999842643737792969e-01,9.999313950538635254e-01,-9.999991059303283691e-01,-9.999937415122985840e-01,-9.999927282333374023e-01,9.999935626983642578e-01,-9.999984502792358398e-01,9.999880194664001465e-01,9.999974966049194336e-01,-9.999973177909851074e-01,9.999979734420776367e-01,9.999867081642150879e-01,-9.999991655349731445e-01,9.999988675117492676e-01,-9.999976754188537598e-01,9.999971389770507812e-01,-9.999989271163940430e-01,-9.999604821205139160e-01,-9.999626278877258301e-01,-9.999987483024597168e-01,-9.999955892562866211e-01,9.999835491180419922e-01,9.999986290931701660e-01,9.999949336051940918e-01,-9.999985694885253906e-01,9.999986886978149414e-01,-9.999974370002746582e-01,9.999983906745910645e-01,9.998844861984252930e-01,-9.999990463256835938e-01,9.999969005584716797e-01,-9.999991059303283691e-01,9.999979138374328613e-01,9.999958872795104980e-01,9.999960660934448242e-01,9.999983906745910645e-01,-9.999970197677612305e-01,-9.999976158142089844e-01,9.999971389770507812e-01,9.999924898147583008e-01,9.999949336051940918e-01,-9.999497532844543457e-01,9.999905228614807129e-01
-9.999940991401672363e-01,9.999949336051940918e-01,9.999805092811584473e-01,-9.999898672103881836e-01,-9.999960064888000488e-01,9.999957084655761719e-01,-9.999811053276062012e-01,-9.999966621398925781e-01,9.999634027481079102e-01,-9.999948740005493164e-01,9.999958276748657227e-01,9.999961853027343750e-01,-9.999927878379821777e-01,-9.999944567680358887e-01,-9.999851584434509277e-01,-9.999745488166809082e-01,-9.999914169311523438e-01,9.999918341636657715e-01,-9.999716281890869141e-01,9.999967813491821289e-01,9.999961853027343750e-01,-9.999821186065673828e-01,-9.999952316284179688e-01,-9.999893307685852051e-01,-9.999641180038452148e-01,-9.999960660934448242e-01,9.999936819076538086e-01,9.999958276748657227e-01,-9.999718070030212402e-01,9.999892115592956543e-01,9.999657273292541504e-01,9.999930262565612793e-01,-9.999376535415649414e-01,-9.999805092811584473e-01,9.999930262565612793e-01,-9.998478889465332031e-01,-9.999963641166687012e-01,-9.999949336051940918e-01,-9.999355077743530273e-01,9.999960064888000488e-01,-9.999952316284179688e-01,-9.999707937240600586e-01,-9.999388456344604492e-01,-9.999963045120239258e-01,-9.999936819076538086e-01,-9.999925494194030762e-01,9.999779462814331055e-01,-9.999955296516418457e-01,-9.999952316284179688e-01,9.999949336051940918e-01,9.999960064888000488e-01,9.999952912330627441e-01,9.999955296516418457e-01,9.999766349792480469e-01,9.999952912330627441e-01,9.999932646751403809e-01,-9.999051690101623535e-01,-9.999813437461853027e-01,-9.999764561653137207e-01,-9.999938607215881348e-01,9.999943375587463379e-01,-9.999961256980895996e-01,-9.999944567680358887e-01,-9.999847412109375000e-01,9.999769330024719238e-01,9.999958872795104980e-01,9.999966621398925781e-01,9.999840259552001953e-01,9.999964237213134766e-01,-9.999936223030090332e-01,9.999959468841552734e-01,-9.999821186065673828e-01,9.999826550483703613e-01,9.999783039093017578e-01,9.999533295631408691e-01,9.999947547912597656e-01,-9.999668598175048828e-01,-9.999957680702209473e-01,9.999764561653137207e-01,9.999832510948181152e-01,-9.999738931655883789e-01,-9.999916553497314453e-01,9.999960064888000488e-01,-9.999938011169433594e-01,9.999942779541015625e-01,9.999393820762634277e-01,9.997366666793823242e-01,-9.999962449073791504e-01,-9.999763369560241699e-01,-9.999720454216003418e-01,9.999756813049316406e-01,-9.999943375587463379e-01,9.999544024467468262e-01,9.999907016754150391e-01,-9.999901056289672852e-01,9.999926090240478516e-01,9.999490380287170410e-01,-9.999965429306030273e-01,9.999957680702209473e-01,-9.999911189079284668e-01,9.999892711639404297e-01,-9.999961853027343750e-01,-9.998484253883361816e-01,-9.998565912246704102e-01,-9.999955296516418457e-01,-9.999833106994628906e-01,9.999369382858276367e-01,9.999947547912597656e-01,9.999805092811584473e-01,-9.999948740005493164e-01,9.999950528144836426e-01,-9.999906420707702637e-01,9.999938607215881348e-01,9.995569586753845215e-01,-9.999965429306030273e-01,9.999883174896240234e-01,-9.999964833259582520e-01,9.999924302101135254e-01,9.999844431877136230e-01,9.999855160713195801e-01,9.999940395355224609e-01,-9.999892115592956543e-01,-9.999910593032836914e-01,9.999891519546508789e-01,9.999710917472839355e-01,9.999809265136718750e-01,-9.998073577880859375e-01,9.999634623527526855e-01
9.999967813491821289e-01,-9.999973177909851074e-01,-9.999898672103881836e-01,9.999947547912597656e-01,9.999978542327880859e-01,-9.999976754188537598e-01,9.999902248382568359e-01,9.999982714653015137e-01,-9.999809861183166504e-01,9.999973177909851074e-01,-9.999977946281433105e-01,-9.999979138374328613e-01,9.999962449073791504e-01,9.999971389770507812e-01,9.999923110008239746e-01,9.999866485595703125e-01,9.999955892562866211e-01,-9.999957680702209473e-01,9.999852776527404785e-01,-9.999982118606567383e-01,-9.999980330467224121e-01,9.999906420707702637e-01,9.999974966049194336e-01,9.999943971633911133e-01,9.999814033508300781e-01,9.999979734420776367e-01,-9.999966621398925781e-01,-9.999977946281433105e-01,9.999854564666748047e-01,-9.999943971633911133e-01,-9.999822378158569336e-01,-9.999962449073791504e-01,9.999675750732421875e-01,9.999898076057434082e-01,-9.999963641166687012e-01,9.999209642410278320e-01,9.999980926513671875e-01,9.999973177909851074e-01,9.999664425849914551e-01,-9.999979138374328613e-01,9.999974966049194336e-01,9.999849200248718262e-01,9.999683499336242676e-01,9.999982118606567383e-01,9.999966621398925781e-01,9.999959468841552734e-01,-9.999885559082031250e-01,9.999976754188537598e-01,9.999974370002746582e-01,-9.999973177909851074e-01,-9.999978542327880859e-01,-9.999974966049194336e-01,-9.999976158142089844e-01,-9.999877810478210449e-01,-9.999974966049194336e-01,-9.999963641166687012e-01,9.999508261680603027e-01,9.999902248382568359e-01,9.999877214431762695e-01,9.999967813491821289e-01,-9.999969005584716797e-01,9.999979734420776367e-01,9.999970793724060059e-01,9.999920725822448730e-01,-9.999880194664001465e-01,-9.999977946281433105e-01,-9.999981522560119629e-01,-9.999917745590209961e-01,-9.999981522560119629e-01,9.999966025352478027e-01,-9.999977946281433105e-01,9.999907016754150391e-01,-9.999909400939941406e-01,-9.999886751174926758e-01,-9.999758601188659668e-01,-9.999972581863403320e-01,9.999828338623046875e-01,9.999977350234985352e-01,-9.999878406524658203e-01,-9.999912977218627930e-01,9.999864697456359863e-01,9.999956488609313965e-01,-9.999978542327880859e-01,9.999966621398925781e-01,-9.999969601631164551e-01,-9.999684691429138184e-01,-9.998632669448852539e-01,9.999980926513671875e-01,9.999877214431762695e-01,9.999854564666748047e-01,-9.999872446060180664e-01,9.999970197677612305e-01,-9.999763369560241699e-01,-9.999951720237731934e-01,9.999948740005493164e-01,-9.999960660934448242e-01,-9.999736547470092773e-01,9.999980926513671875e-01,-9.999977350234985352e-01,9.999952912330627441e-01,-9.999943971633911133e-01,9.999979138374328613e-01,9.999212622642517090e-01,9.999254345893859863e-01,9.999975562095642090e-01,9.999912977218627930e-01,-9.999673366546630859e-01,-9.999972581863403320e-01,-9.999898672103881836e-01,9.999972581863403320e-01,-9.999973773956298828e-01,9.999950528144836426e-01,-9.999967813491821289e-01,-9.997701048851013184e-01,9.999982118606567383e-01,-9.999938607215881348e-01,9.999981522560119629e-01,-9.999960064888000488e-01,-9.999918341636657715e-01,-9.999924302101135254e-01,-9.999968409538269043e-01,9.999943375587463379e-01,9.999953508377075195e-01,-9.999943375587463379e-01,-9.999849796295166016e-01,-9.999900460243225098e-01,9.998999834060668945e-01,-9.999810457229614258e-01
9.999988079071044922e-01,-9.999989271163940430e-01,-9.999960064888000488e-01,9.999978542327880859e-01,9.999992251396179199e-01,-9.999991655349731445e-01,9.999961256980895996e-01,9.999993443489074707e-01,-9.999926090240478516e-01,9.999988675117492676e-01,-9.999992847442626953e-01,-9.999992847442626953e-01,9.999985098838806152e-01,9.999988675117492676e-01,9.999969601631164551e-01,9.999948143959045410e-01,9.999982118606567383e-01,-9.999983310699462891e-01,9.999942183494567871e-01,-9.999994039535522461e-01,-9.999992847442626953e-01,9.999963045120239258e-01,9.999991059303283691e-01,9.999977946281433105e-01,9.999927282333374023e-01,9.999992251396179199e-01,-9.999986886978149414e-01,-9.999992251396179199e-01,9.999942779541015625e-01,-9.999977946281433105e-01,-9.999930262565612793e-01,-9.999985694885253906e-01,9.999873638153076172e-01,9.999960064888000488e-01,-9.999985694885253906e-01,9.999690055847167969e-01,9.999992847442626953e-01,9.999989867210388184e-01,9.999869465827941895e-01,-9.999992251396179199e-01,9.999990463256835938e-01,9.999939799308776855e-01,9.999876022338867188e-01,9.999994039535522461e-01,9.999987483024597168e-01,9.999984502792358398e-01,-9.999954700469970703e-01,9.999991059303283691e-01,9.999989867210388184e-01,-9.999989867210388184e-01,-9.999992251396179199e-01,-9.999991059303283691e-01,-9.999991655349731445e-01,-9.999951720237731934e-01,-9.999991059303283691e-01,-9.999985098838806152e-01,9.999808073043823242e-01,9.999960660934448242e-01,9.999951720237731934e-01,9.999986886978149414e-01,-9.999987483024597168e-01,9.999992847442626953e-01,9.999989271163940430e-01,9.999968409538269043e-01,-9.999952912330627441e-01,-9.999991655349731445e-01,-9.999992847442626953e-01,-9.999967813491821289e-01,-9.999993443489074707e-01,9.999986886978149414e-01,-9.999992251396179199e-01,9.999963045120239258e-01,-9.999964237213134766e-01,-9.999955892562866211e-01,-9.999905228614807129e-01,-9.999989271163940430e-01,9.999932646751403809e-01,9.999991655349731445e-01,-9.999952316284179688e-01,-9.999966025352478027e-01,9.999946951866149902e-01,9.999982714653015137e-01,-9.999992251396179199e-01,9.999987483024597168e-01,-9.999988079071044922e-01,-9.999877214431762695e-01,-9.999465942382812500e-01,9.999994039535522461e-01,9.999951124191284180e-01,9.999943375587463379e-01,-9.999950528144836426e-01,9.999987483024597168e-01,-9.999907612800598145e-01,-9.999980926513671875e-01,9.999979138374328613e-01,-9.999983906745910645e-01,-9.999896287918090820e-01,9.999992251396179199e-01,-9.999991655349731445e-01,9.999981522560119629e-01,-9.999977946281433105e-01,9.999992847442626953e-01,9.999692440032958984e-01,9.999709129333496094e-01,9.999991059303283691e-01,9.999965429306030273e-01,-9.999871850013732910e-01,-9.999989271163940430e-01,-9.999960064888000488e-01,9.999989271163940430e-01,-9.999989867210388184e-01,9.999979734420776367e-01,-9.999986290931701660e-01,-9.999099969863891602e-01,9.999993443489074707e-01,-9.999976158142089844e-01,9.999993443489074707e-01,-9.999983310699462891e-01,-9.999967813491821289e-01,-9.999970197677612305e-01,-9.999987483024597168e-01,9.999978542327880859e-01,9.999981522560119629e-01,-9.999977946281433105e-01,-9.999941587448120117e-01,-9.999960660934448242e-01,9.999608397483825684e-01,-9.999924898147583008e-01
-9.999986886978149414e-01,9.999988079071044922e-01,9.999957084655761719e-01,-9.999976754188537598e-01,-9.999991655349731445e-01,9.999991059303283691e-01,-9.999958276748657227e-01,-9.999992847442626953e-01,9.999918937683105469e-01,-9.999988675117492676e-01,9.999991059303283691e-01,9.999992251396179199e-01,-9.999983906745910645e-01,-9.999987483024597168e-01,-9.999966025352478027e-01,-9.999943971633911133e-01,-9.999979734420776367e-01,9.999982118606567383e-01,-9.999938011169433594e-01,9.999992251396179199e-01,9.999992251396179199e-01,-9.999960064888000488e-01,-9.999989271163940430e-01,-9.999975562095642090e-01,-9.999920725822448730e-01,-9.999991655349731445e-01,9.999985694885253906e-01,9.999990463256835938e-01,-9.999938607215881348e-01,9.999975562095642090e-01,9.999924898147583008e-01,9.999983906745910645e-01,-9.999864101409912109e-01,-9.999956488609313965e-01,9.999983906745910645e-01,-9.999666213989257812e-01,-9.999992251396179199e-01,-9.999988675117492676e-01,-9.999859333038330078e-01,9.999991655349731445e-01,-9.999988675117492676e-01,-9.999935626983642578e-01,-9.999866485595703125e-01,-9.999992251396179199e-01,-9.999985694885253906e-01,-9.999982714653015137e-01,9.999951720237731934e-01,-9.999989271163940430e-01,-9.999988675117492676e-01,9.999988675117492676e-01,9.999991655349731445e-01,9.999988675117492676e-01,9.999989867210388184e-01,9.999948740005493164e-01,9.999988675117492676e-01,9.999985098838806152e-01,-9.999792575836181641e-01,-9.999958276748657227e-01,-9.999947547912597656e-01,-9.999986290931701660e-01,9.999986886978149414e-01,-9.999992251396179199e-01,-9.999987483024597168e-01,-9.999966025352478027e-01,9.999948740005493164e-01,9.999991059303283691e-01,9.999992251396179199e-01,9.999964237213134766e-01,9.999992847442626953e-01,-9.999985098838806152e-01,9.999990463256835938e-01,-9.999960064888000488e-01,9.999960064888000488e-01,9.999951720237731934e-01,9.999898076057434082e-01,9.999988079071044922e-01,-9.999927878379821777e-01,-9.999991059303283691e-01,9.999948143959045410e-01,9.999962449073791504e-01,-9.999942779541015625e-01,-9.999980330467224121e-01,9.999991655349731445e-01,-9.999986290931701660e-01,9.999987483024597168e-01,9.999867677688598633e-01,9.999424815177917480e-01,-9.999992251396179199e-01,-9.999948143959045410e-01,-9.999938607215881348e-01,9.999945759773254395e-01,-9.999986886978149414e-01,9.999900460243225098e-01,9.999979138374328613e-01,-9.999977350234985352e-01,9.999982714653015137e-01,9.999887943267822266e-01,-9.999991655349731445e-01,9.999991059303283691e-01,-9.999980330467224121e-01,9.999975562095642090e-01,-9.999992251396179199e-01,-9.999668598175048828e-01,-9.999685883522033691e-01,-9.999989271163940430e-01,-9.999963045120239258e-01,9.999862313270568848e-01,9.999988079071044922e-01,9.999956488609313965e-01,-9.999988079071044922e-01,9.999989271163940430e-01,-9.999977946281433105e-01,9.999985694885253906e-01,9.999029636383056641e-01,-9.999992847442626953e-01,9.999973773956298828e-01,-9.999992847442626953e-01,9.999982714653015137e-01,9.999964237213134766e-01,9.999967217445373535e-01,9.999986886978149414e-01,-9.999974966049194336e-01,-9.999980330467224121e-01,9.999976754188537598e-01,9.999938011169433594e-01,9.999957680702209473e-01,-9.999578595161437988e-01,9.999920129776000977e-01
9.999942779541015625e-01,-9.999951124191284180e-01,-9.999811053276062012e-01,9.999902248382568359e-01,9.999961256980895996e-01,-9.999958276748657227e-01,9.999817609786987305e-01,9.999967217445373535e-01,-9.999646544456481934e-01,9.999950528144836426e-01,-9.999960064888000488e-01,-9.999963045120239258e-01,9.999930262565612793e-01,9.999945759773254395e-01,9.999855160713195801e-01,9.999753236770629883e-01,9.999917149543762207e-01,-9.999920725822448730e-01,9.999725222587585449e-01,-9.999967813491821289e-01,-9.999963045120239258e-01,9.999826550483703613e-01,9.999954700469970703e-01,9.999895691871643066e-01,9.999652504920959473e-01,9.999963045120239258e-01,-9.999938607215881348e-01,-9.999959468841552734e-01,9.999728202819824219e-01,-9.999895691871643066e-01,-9.999668002128601074e-01,-9.999932646751403809e-01,9.999396204948425293e-01,9.999811649322509766e-01,-9.999932646751403809e-01,9.998526573181152344e-01,9.999964833259582520e-01,9.999951124191284180e-01,9.999375343322753906e-01,-9.999961256980895996e-01,9.999954104423522949e-01,9.999718666076660156e-01,9.999408125877380371e-01,9.999964237213134766e-01,9.999939799308776855e-01,9.999927282333374023e-01,-9.999785423278808594e-01,9.999957680702209473e-01,9.999953508377075195e-01,-9.999950528144836426e-01,-9.999960064888000488e-01,-9.999953508377075195e-01,-9.999956488609313965e-01,-9.999774098396301270e-01,-9.999954700469970703e-01,-9.999935030937194824e-01,9.999082088470458984e-01,9.999818801879882812e-01,9.999772310256958008e-01,9.999940395355224609e-01,-9.999943971633911133e-01,9.999962449073791504e-01,9.999946355819702148e-01,9.999852180480957031e-01,-9.999777078628540039e-01,-9.999960660934448242e-01,-9.999966621398925781e-01,-9.999846220016479492e-01,-9.999965429306030273e-01,9.999939203262329102e-01,-9.999959468841552734e-01,9.999827146530151367e-01,-9.999831914901733398e-01,-9.999790191650390625e-01,-9.999548196792602539e-01,-9.999949336051940918e-01,9.999679327011108398e-01,9.999958872795104980e-01,-9.999772310256958008e-01,-9.999837875366210938e-01,9.999747276306152344e-01,9.999918937683105469e-01,-9.999960064888000488e-01,9.999939799308776855e-01,-9.999944567680358887e-01,-9.999412894248962402e-01,-9.997451305389404297e-01,9.999963641166687012e-01,9.999770522117614746e-01,9.999729394912719727e-01,-9.999764561653137207e-01,9.999945163726806641e-01,-9.999557137489318848e-01,-9.999909996986389160e-01,9.999904036521911621e-01,-9.999929666519165039e-01,-9.999506473541259766e-01,9.999966025352478027e-01,-9.999959468841552734e-01,9.999913573265075684e-01,-9.999896287918090820e-01,9.999963045120239258e-01,9.998533129692077637e-01,9.998611211776733398e-01,9.999956488609313965e-01,9.999837875366210938e-01,-9.999390840530395508e-01,-9.999949336051940918e-01,-9.999811649322509766e-01,9.999950528144836426e-01,-9.999952316284179688e-01,9.999909400939941406e-01,-9.999940395355224609e-01,-9.995710849761962891e-01,9.999966621398925781e-01,-9.999886155128479004e-01,9.999966025352478027e-01,-9.999925494194030762e-01,-9.999848604202270508e-01,-9.999859929084777832e-01,-9.999942183494567871e-01,9.999895095825195312e-01,9.999912977218627930e-01,-9.999895095825195312e-01,-9.999720454216003418e-01,-9.999815225601196289e-01,9.998136162757873535e-01,-9.999646544456481934e-01
9.999989271163940430e-01,-9.999991655349731445e-01,-9.999966621398925781e-01,9.999982714653015137e-01,9.999993443489074707e-01,-9.999992847442626953e-01,9.999967217445373535e-01,9.999994635581970215e-01,-9.999937415122985840e-01,9.999991655349731445e-01,-9.999993443489074707e-01,-9.999994039535522461e-01,9.999987483024597168e-01,9.999991059303283691e-01,9.999974370002746582e-01,9.999957084655761719e-01,9.999985098838806152e-01,-9.999985694885253906e-01,9.999951720237731934e-01,-9.999994039535522461e-01,-9.999994039535522461e-01,9.999969005584716797e-01,9.999992251396179199e-01,9.999981522560119629e-01,9.999938011169433594e-01,9.999994039535522461e-01,-9.999989867210388184e-01,-9.999992251396179199e-01,9.999952316284179688e-01,-9.999981522560119629e-01,-9.999941587448120117e-01,-9.999987483024597168e-01,9.999894499778747559e-01,9.999965429306030273e-01,-9.999988079071044922e-01,9.999740719795227051e-01,9.999994039535522461e-01,9.999991655349731445e-01,9.999890327453613281e-01,-9.999993443489074707e-01,9.999992251396179199e-01,9.999950528144836426e-01,9.999896287918090820e-01,9.999994039535522461e-01,9.999989867210388184e-01,9.999987483024597168e-01,-9.999961853027343750e-01,9.999992847442626953e-01,9.999991059303283691e-01,-9.999991655349731445e-01,-9.999993443489074707e-01,-9.999992251396179199e-01,-9.999992251396179199e-01,-9.999959468841552734e-01,-9.999991655349731445e-01,-9.999988675117492676e-01,9.999839067459106445e-01,9.999967813491821289e-01,9.999959468841552734e-01,9.999988675117492676e-01,-9.999989867210388184e-01,9.999994039535522461e-01,9.999992251396179199e-01,9.999974370002746582e-01,-9.999960064888000488e-01,-9.999992847442626953e-01,-9.999994039535522461e-01,-9.999973177909851074e-01,-9.999994039535522461e-01,9.999988675117492676e-01,-9.999992847442626953e-01,9.999969005584716797e-01,-9.999970197677612305e-01,-9.999962449073791504e-01,-9.999920725822448730e-01,-9.999991655349731445e-01,9.999943971633911133e-01,9.999992847442626953e-01,-9.999960660934448242e-01,-9.999970793724060059e-01,9.999955892562866211e-01,9.999984502792358398e-01,-9.999993443489074707e-01,9.999989867210388184e-01,-9.999990463256835938e-01,-9.999897480010986328e-01,-9.999552369117736816e-01,9.999994039535522461e-01,9.999960064888000488e-01,9.999952316284179688e-01,-9.999958872795104980e-01,9.999991059303283691e-01,-9.999923706054687500e-01,-9.999983906745910645e-01,9.999982714653015137e-01,-9.999987483024597168e-01,-9.999912977218627930e-01,9.999993443489074707e-01,-9.999992251396179199e-01,9.999984502792358398e-01,-9.999981522560119629e-01,9.999993443489074707e-01,9.999743103981018066e-01,9.999755620956420898e-01,9.999992847442626953e-01,9.999971389770507812e-01,-9.999893307685852051e-01,-9.999991655349731445e-01,-9.999966621398925781e-01,9.999991059303283691e-01,-9.999992251396179199e-01,9.999983906745910645e-01,-9.999989271163940430e-01,-9.999247789382934570e-01,9.999994635581970215e-01,-9.999979734420776367e-01,9.999994635581970215e-01,-9.999986886978149414e-01,-9.999973177909851074e-01,-9.999974966049194336e-01,-9.999989867210388184e-01,9.999982118606567383e-01,9.999984502792358398e-01,-9.999980926513671875e-01,-9.999951720237731934e-01,-9.999967217445373535e-01,9.999672770500183105e-01,-9.999938011169433594e-01
-9.999889135360717773e-01,9.999904632568359375e-01,9.999634027481079102e-01,-9.999809861183166504e-01,-9.999926090240478516e-01,9.999918937683105469e-01,-9.999646544456481934e-01,-9.999937415122985840e-01,9.999316930770874023e-01,-9.999904632568359375e-01,9.999921321868896484e-01,9.999929070472717285e-01,-9.999863505363464355e-01,-9.999896287918090820e-01,-9.999722242355346680e-01,-9.999521970748901367e-01,-9.999840259552001953e-01,9.999847412109375000e-01,-9.999467730522155762e-01,9.999939799308776855e-01,9.999930262565612793e-01,-9.999663829803466797e-01,-9.999911189079284668e-01,-9.999798536300659180e-01,-9.999328255653381348e-01,-9.999927878379821777e-01,9.999882578849792480e-01,9.999923110008239746e-01,-9.999471902847290039e-01,9.999798536300659180e-01,9.999358654022216797e-01,9.999870061874389648e-01,-9.998833537101745605e-01,-9.999634623527526855e-01,9.999870061874389648e-01,-9.997153282165527344e-01,-9.999932646751403809e-01,-9.999904632568359375e-01,-9.998793601989746094e-01,9.999926686286926270e-01,-9.999911189079284668e-01,-9.999454021453857422e-01,-9.998856782913208008e-01,-9.999932050704956055e-01,-9.999882578849792480e-01,-9.999859929084777832e-01,9.999585747718811035e-01,-9.999916553497314453e-01,-9.999911189079284668e-01,9.999905824661254883e-01,9.999923706054687500e-01,9.999911785125732422e-01,9.999917149543762207e-01,9.999562501907348633e-01,9.999911189079284668e-01,9.999873042106628418e-01,-9.998226165771484375e-01,-9.999649524688720703e-01,-9.999558925628662109e-01,-9.999885559082031250e-01,9.999893307685852051e-01,-9.999928474426269531e-01,-9.999895095825195312e-01,-9.999714493751525879e-01,9.999567866325378418e-01,9.999926686286926270e-01,9.999938607215881348e-01,9.999700784683227539e-01,9.999934434890747070e-01,-9.999881386756896973e-01,9.999923706054687500e-01,-9.999664425849914551e-01,9.999673962593078613e-01,9.999594092369079590e-01,9.999125003814697266e-01,9.999902248382568359e-01,-9.999380707740783691e-01,-9.999919533729553223e-01,9.999558329582214355e-01,9.999685287475585938e-01,-9.999510645866394043e-01,-9.999843239784240723e-01,9.999923706054687500e-01,-9.999883174896240234e-01,9.999892711639404297e-01,9.998865723609924316e-01,9.995074272155761719e-01,-9.999931454658508301e-01,-9.999555349349975586e-01,-9.999476075172424316e-01,9.999544024467468262e-01,-9.999894499778747559e-01,9.999145269393920898e-01,9.999825358390808105e-01,-9.999813437461853027e-01,9.999864101409912109e-01,9.999047517776489258e-01,-9.999935626983642578e-01,9.999921321868896484e-01,-9.999833703041076660e-01,9.999798536300659180e-01,-9.999929070472717285e-01,-9.997164607048034668e-01,-9.997316598892211914e-01,-9.999915957450866699e-01,-9.999687075614929199e-01,9.998820424079895020e-01,9.999902248382568359e-01,9.999635219573974609e-01,-9.999904632568359375e-01,9.999907612800598145e-01,-9.999824166297912598e-01,9.999884963035583496e-01,9.991715550422668457e-01,-9.999936223030090332e-01,9.999779462814331055e-01,-9.999935030937194824e-01,9.999855756759643555e-01,9.999705553054809570e-01,9.999730587005615234e-01,9.999887943267822266e-01,-9.999796748161315918e-01,-9.999831914901733398e-01,9.999795556068420410e-01,9.999458193778991699e-01,9.999642968177795410e-01,-9.996398091316223145e-01,9.999316930770874023e-01
9.999984502792358398e-01,-9.999985694885253906e-01,-9.999948740005493164e-01,9.999973177909851074e-01,9.999988675117492676e-01,-9.999988675117492676e-01,9.999950528144836426e-01,9.999991655349731445e-01,-9.999904632568359375e-01,9.999986290931701660e-01,-9.999989271163940430e-01,-9.999990463256835938e-01,9.999981522560119629e-01,9.999985694885253906e-01,9.999960660934448242e-01,9.999933242797851562e-01,9.999977946281433105e-01,-9.999978542327880859e-01,9.999925494194030762e-01,-9.999992251396179199e-01,-9.999990463256835938e-01,9.999952912330627441e-01,9.999987483024597168e-01,9.999971389770507812e-01,9.999905824661254883e-01,9.999990463256835938e-01,-9.999983310699462891e-01,-9.999988675117492676e-01,9.999927282333374023e-01,-9.999971389770507812e-01,-9.999909996986389160e-01,-9.999981522560119629e-01,9.999836683273315430e-01,9.999948740005493164e-01,-9.999981522560119629e-01,9.999600648880004883e-01,9.999991059303283691e-01,9.999986290931701660e-01,9.999831318855285645e-01,-9.999989271163940430e-01,9.999987483024597168e-01,9.999923706054687500e-01,9.999839663505554199e-01,9.999991059303283691e-01,9.999983906745910645e-01,9.999980330467224121e-01,-9.999941587448120117e-01,9.999988079071044922e-01,9.999987483024597168e-01,-9.999986290931701660e-01,-9.999989867210388184e-01,-9.999987483024597168e-01,-9.999987483024597168e-01,-9.999938607215881348e-01,-9.999987483024597168e-01,-9.999980926513671875e-01,9.999752640724182129e-01,9.999951124191284180e-01,9.999938011169433594e-01,9.999983906745910645e-01,-9.999983906745910645e-01,9.999990463256835938e-01,9.999985694885253906e-01,9.999960064888000488e-01,-9.999939799308776855e-01,-9.999988675117492676e-01,-9.999991059303283691e-01,-9.999958872795104980e-01,-9.999991059303283691e-01,9.999982118606567383e-01,-9.999988675117492676e-01,9.999953508377075195e-01,-9.999953508377075195e-01,-9.999943375587463379e-01,-9.999878406524658203e-01,-9.999986290931701660e-01,9.999913573265075684e-01,9.999989271163940430e-01,-9.999939203262329102e-01,-9.999956488609313965e-01,9.999931454658508301e-01,9.999977350234985352e-01,-9.999989271163940430e-01,9.999983906745910645e-01,-9.999984502792358398e-01,-9.999841451644897461e-01,-9.999308586120605469e-01,9.999991059303283691e-01,9.999938011169433594e-01,9.999927878379821777e-01,-9.999935030937194824e-01,9.999985098838806152e-01,-9.999880194664001465e-01,-9.999974966049194336e-01,9.999972581863403320e-01,-9.999980926513671875e-01,-9.999865889549255371e-01,9.999991655349731445e-01,-9.999988079071044922e-01,9.999976158142089844e-01,-9.999971389770507812e-01,9.999990463256835938e-01,9.999602437019348145e-01,9.999622702598571777e-01,9.999988079071044922e-01,9.999955892562866211e-01,-9.999834895133972168e-01,-9.999986290931701660e-01,-9.999948740005493164e-01,9.999985694885253906e-01,-9.999986886978149414e-01,9.999974370002746582e-01,-9.999982714653015137e-01,-9.998837113380432129e-01,9.999992251396179199e-01,-9.999968409538269043e-01,9.999992251396179199e-01,-9.999979734420776367e-01,-9.999958276748657227e-01,-9.999961853027343750e-01,-9.999983906745910645e-01,9.999971389770507812e-01,9.999976754188537598e-01,-9.999971985816955566e-01,-9.999925494194030762e-01,-9.999949932098388672e-01,9.999494552612304688e-01,-9.999904632568359375e-01
-9.999988079071044922e-01,9.999988675117492676e-01,9.999958276748657227e-01,-9.999977946281433105e-01,-9.999992847442626953e-01,9.999991059303283691e-01,-9.999960064888000488e-01,-9.999993443489074707e-01,9.999921321868896484e-01,-9.999989271163940430e-01,9.999992251396179199e-01,9.999993443489074707e-01,-9.999983906745910645e-01,-9.999988675117492676e-01,-9.999967217445373535e-01,-9.999945759773254395e-01,-9.999982118606567383e-01,9.999982118606567383e-01,-9.999938607215881348e-01,9.999993443489074707e-01,9.999992251396179199e-01,-9.999961853027343750e-01,-9.999990463256835938e-01,-9.999977350234985352e-01,-9.999922513961791992e-01,-9.999992847442626953e-01,9.999986886978149414e-01,9.999991655349731445e-01,-9.999940395355224609e-01,9.999976158142089844e-01,9.999926090240478516e-01,9.999985098838806152e-01,-9.999865889549255371e-01,-9.999958872795104980e-01,9.999985694885253906e-01,-9.999671578407287598e-01,-9.999993443489074707e-01,-9.999989271163940430e-01,-9.999861121177673340e-01,9.999991655349731445e-01,-9.999989271163940430e-01,-9.999937415122985840e-01,-9.999869465827941895e-01,-9.999993443489074707e-01,-9.999986886978149414e-01,-9.999983906745910645e-01,9.999952912330627441e-01,-9.999991655349731445e-01,-9.999989867210388184e-01,9.999989271163940430e-01,9.999992847442626953e-01,9.999990463256835938e-01,9.999991059303283691e-01,9.999950528144836426e-01,9.999990463256835938e-01,9.999986290931701660e-01,-9.999796748161315918e-01,-9.999959468841552734e-01,-9.999949336051940918e-01,-9.999987483024597168e-01,9.999987483024597168e-01,-9.999992251396179199e-01,-9.999988079071044922e-01,-9.999967813491821289e-01,9.999951124191284180e-01,9.999991059303283691e-01,9.999993443489074707e-01,9.999966025352478027e-01,9.999992847442626953e-01,-9.999986290931701660e-01,9.999991655349731445e-01,-9.999961853027343750e-01,9.999961853027343750e-01,9.999954104423522949e-01,9.999899864196777344e-01,9.999989271163940430e-01,-9.999929666519165039e-01,-9.999992251396179199e-01,9.999949932098388672e-01,9.999964237213134766e-01,-9.999944567680358887e-01,-9.999982714653015137e-01,9.999992847442626953e-01,-9.999986886978149414e-01,9.999988079071044922e-01,9.999869465827941895e-01,9.999431371688842773e-01,-9.999993443489074707e-01,-9.999948740005493164e-01,-9.999940395355224609e-01,9.999948143959045410e-01,-9.999988079071044922e-01,9.999902248382568359e-01,9.999980330467224121e-01,-9.999978542327880859e-01,9.999983906745910645e-01,9.999890327453613281e-01,-9.999994039535522461e-01,9.999991655349731445e-01,-9.999980330467224121e-01,9.999977350234985352e-01,-9.999992251396179199e-01,-9.999673366546630859e-01,-9.999690651893615723e-01,-9.999990463256835938e-01,-9.999964237213134766e-01,9.999864101409912109e-01,9.999989271163940430e-01,9.999958872795104980e-01,-9.999988675117492676e-01,9.999989867210388184e-01,-9.999979734420776367e-01,9.999986290931701660e-01,9.999043941497802734e-01,-9.999994039535522461e-01,9.999974966049194336e-01,-9.999992847442626953e-01,9.999983906745910645e-01,9.999965429306030273e-01,9.999968409538269043e-01,9.999987483024597168e-01,-9.999976754188537598e-01,-9.999980330467224121e-01,9.999976754188537598e-01,9.999938607215881348e-01,9.999959468841552734e-01,-9.999583959579467773e-01,9.999922513961791992e-01
-9.999988675117492676e-01,9.999990463256835938e-01,9.999961853027343750e-01,-9.999979138374328613e-01,-9.999992847442626953e-01,9.999992251396179199e-01,-9.999963045120239258e-01,-9.999994039535522461e-01,9.999929070472717285e-01,-9.999990463256835938e-01,9.999993443489074707e-01,9.999992847442626953e-01,-9.999985694885253906e-01,-9.999989271163940430e-01,-9.999970793724060059e-01,-9.999951720237731934e-01,-9.999983310699462891e-01,9.999983906745910645e-01,-9.999944567680358887e-01,9.999994039535522461e-01,9.999992847442626953e-01,-9.999964833259582520e-01,-9.999991059303283691e-01,-9.999979138374328613e-01,-9.999930858612060547e-01,-9.999992847442626953e-01,9.999987483024597168e-01,9.999991655349731445e-01,-9.999945759773254395e-01,9.999979138374328613e-01,9.999933838844299316e-01,9.999986290931701660e-01,-9.999879598617553711e-01,-9.999961853027343750e-01,9.999987483024597168e-01,-9.999706745147705078e-01,-9.999993443489074707e-01,-9.999990463256835938e-01,-9.999876022338867188e-01,9.999992847442626953e-01,-9.999991059303283691e-01,-9.999943375587463379e-01,-9.999882578849792480e-01,-9.999993443489074707e-01,-9.999988675117492676e-01,-9.999985694885253906e-01,9.999957084655761719e-01,-9.999991655349731445e-01,-9.999991059303283691e-01,9.999991655349731445e-01,9.999993443489074707e-01,9.999990463256835938e-01,9.999991059303283691e-01,9.999955296516418457e-01,9.999991059303283691e-01,9.999986290931701660e-01,-9.999818205833435059e-01,-9.999962449073791504e-01,-9.999954104423522949e-01,-9.999987483024597168e-01,9.999988675117492676e-01,-9.999994039535522461e-01,-9.999989867210388184e-01,-9.999970197677612305e-01,9.999955892562866211e-01,9.999991655349731445e-01,9.999994039535522461e-01,9.999969005584716797e-01,9.999993443489074707e-01,-9.999986886978149414e-01,9.999991655349731445e-01,-9.999964833259582520e-01,9.999966025352478027e-01,9.999958276748657227e-01,9.999909996986389160e-01,9.999990463256835938e-01,-9.999935626983642578e-01,-9.999992251396179199e-01,9.999955296516418457e-01,9.999967813491821289e-01,-9.999949932098388672e-01,-9.999983906745910645e-01,9.999992251396179199e-01,-9.999988675117492676e-01,9.999988675117492676e-01,9.999883770942687988e-01,9.999493956565856934e-01,-9.999993443489074707e-01,-9.999954700469970703e-01,-9.999946355819702148e-01,9.999952912330627441e-01,-9.999988079071044922e-01,9.999912381172180176e-01,9.999982118606567383e-01,-9.999979734420776367e-01,9.999985098838806152e-01,9.999901652336120605e-01,-9.999993443489074707e-01,9.999992251396179199e-01,-9.999982714653015137e-01,9.999979138374328613e-01,-9.999992847442626953e-01,-9.999708533287048340e-01,-9.999723434448242188e-01,-9.999991655349731445e-01,-9.999967217445373535e-01,9.999879002571105957e-01,9.999989867210388184e-01,9.999961853027343750e-01,-9.999990463256835938e-01,9.999991059303283691e-01,-9.999980926513671875e-01,9.999988079071044922e-01,9.999147653579711914e-01,-9.999994039535522461e-01,9.999976754188537598e-01,-9.999993443489074707e-01,9.999985098838806152e-01,9.999969601631164551e-01,9.999970793724060059e-01,9.999988079071044922e-01,-9.999978542327880859e-01,-9.999982714653015137e-01,9.999978542327880859e-01,9.999944567680358887e-01,9.999963045120239258e-01,-9.999629259109497070e-01,9.999929070472717285e-01
