4.263956844806671143e-01,1.490185409784317017e-02,-5.462760478258132935e-02,-4.886539652943611145e-02,4.004792571067810059e-01,-3.408010900020599365e-01,1.169568672776222229e-02,4.824183881282806396e-01,1.496499925851821899e-01,6.958120316267013550e-02,-2.345144450664520264e-01,-1.666481196880340576e-01,5.077900714240968227e-04,6.031014025211334229e-02,6.279165297746658325e-02,3.320098817348480225e-01,4.076945770066231489e-04,1.199497580528259277e-01,-3.460502997040748596e-02,-7.125303149223327637e-02,-1.239545866847038269e-01,-1.112458184361457825e-01,-5.340130254626274109e-02,5.345551297068595886e-02,3.193219006061553955e-02,2.872015237808227539e-01,-4.943719506263732910e-02,-4.141945242881774902e-01,1.444505751132965088e-01,-1.194260045886039734e-01,-1.907751113176345825e-01,-1.247210800647735596e-01,8.767406456172466278e-03,8.188612014055252075e-02,-1.516601443290710449e-02,-1.498173326253890991e-01,1.512403339147567749e-01,1.610580682754516602e-01,-3.765015602111816406e-01,-3.387185335159301758e-01,3.329528272151947021e-01,9.551931172609329224e-02,1.231964211910963058e-02,3.738124296069145203e-02,-4.729270935058593750e-02,1.248343586921691895e-01,-1.296294033527374268e-01,-1.014507785439491272e-01,1.133077591657638550e-01,2.290499769151210785e-02,-1.737400889396667480e-01,-2.000215500593185425e-01,2.871090173721313477e-01,-8.307339251041412354e-02,-5.048670619726181030e-02,-2.346374392509460449e-01,1.799680888652801514e-01,8.601602166891098022e-03,-2.651223167777061462e-02,4.529847949743270874e-02,-8.695179969072341919e-02,1.094326097518205643e-02,-2.637506462633609772e-03,2.397008538246154785e-01,1.428234577178955078e-01,-4.776209220290184021e-02,-2.611420154571533203e-01,2.702473998069763184e-01,-1.737973839044570923e-01,3.425306677818298340e-01,-3.264607489109039307e-01,2.133523076772689819e-01,-4.109431989490985870e-03,7.627592980861663818e-02,-2.953046858310699463e-01,-2.892187237739562988e-01,7.539008947787806392e-05,1.118242368102073669e-01,-8.578366041183471680e-02,-1.234600096940994263e-01,1.889908164739608765e-01,7.329289655899628997e-05,-2.231402844190597534e-01,-4.337072023190557957e-04,-4.465049505233764648e-01,5.667710676789283752e-02,3.125552833080291748e-01,4.425321705639362335e-03,-5.720567330718040466e-02,2.153305411338806152e-01,-1.929607838392257690e-01,2.371797859668731689e-01,-4.251007363200187683e-02,-8.000051975250244141e-02,-1.947732120752334595e-01,-3.540199995040893555e-01,1.415888816118240356e-01,-2.304399822605773807e-05,-1.949695348739624023e-01,3.380225598812103271e-01,-3.403095304965972900e-01,3.715786337852478027e-01,-1.265846043825149536e-01,-2.246581315994262695e-01,7.320104539394378662e-02,1.040614396333694458e-01,5.561882629990577698e-02,-4.707837849855422974e-02,-4.255147874355316162e-01,1.061970554292201996e-02,-4.114310070872306824e-02,9.260431677103042603e-02,-1.259832680225372314e-01,-7.416952401399612427e-02,2.090368419885635376e-01,-1.586311161518096924e-01,3.301712274551391602e-01,-2.824307046830654144e-02,-2.773465216159820557e-01,-3.040689788758754730e-02,-7.155079394578933716e-02,1.745227277278900146e-01,1.199658364057540894e-01,1.860613226890563965e-01,-6.231803074479103088e-02,1.124790012836456299e-01,1.501724123954772949e-02,2.286316752433776855e-01
1.490185409784317017e-02,8.712953887879848480e-03,-8.088081330060958862e-02,5.805858597159385681e-02,4.090621694922447205e-02,-6.948484573513269424e-03,1.940783811733126640e-03,1.832756400108337402e-02,6.347469240427017212e-02,6.289458274841308594e-02,-1.320922840386629105e-02,-3.763993084430694580e-02,6.321685016155242920e-02,6.828480958938598633e-02,7.771770656108856201e-02,8.440846204757690430e-02,-1.549754408188164234e-03,4.678727686405181885e-02,-7.443319261074066162e-02,-6.468930095434188843e-02,-6.216031685471534729e-02,4.382309690117835999e-02,6.227541714906692505e-02,-2.077303454279899597e-02,1.192763634026050568e-02,7.025944441556930542e-02,-7.617813348770141602e-02,-2.357676997780799866e-02,6.977491080760955811e-02,-3.314637765288352966e-02,2.544863335788249969e-02,-9.368887543678283691e-02,5.988492071628570557e-02,6.579871475696563721e-02,-1.884208410046994686e-03,-8.406131714582443237e-02,5.457796156406402588e-02,7.607646286487579346e-02,-4.982792213559150696e-02,-5.848013237118721008e-02,6.746827065944671631e-02,2.188538946211338043e-02,7.177939265966415405e-02,2.650567330420017242e-02,-1.618476025760173798e-02,-6.456765532493591309e-02,-7.613972574472427368e-02,-1.848612166941165924e-02,8.032302139326930046e-04,6.515053566545248032e-03,5.128148477524518967e-03,-1.518347766250371933e-02,5.375030636787414551e-02,-8.435060735791921616e-04,-1.598260924220085144e-02,-8.841517567634582520e-02,2.829442918300628662e-02,3.110855352133512497e-03,-6.563753634691238403e-02,-6.217111647129058838e-02,-3.364325733855366707e-03,1.285536680370569229e-02,2.444814890623092651e-03,3.520306199789047241e-02,5.549910943955183029e-03,-2.492017485201358795e-02,3.520276397466659546e-02,8.045407384634017944e-02,-7.876496016979217529e-02,2.656600065529346466e-02,-6.524728238582611084e-02,-1.574467495083808899e-02,-3.187175840139389038e-02,7.714668661355972290e-02,-2.971525117754936218e-02,-7.507126778364181519e-02,-2.839656372088938951e-04,8.388205617666244507e-02,-3.365913778543472290e-02,-7.523614168167114258e-02,8.233907818794250488e-02,9.226829570252448320e-05,-7.311551272869110107e-02,-4.451603454072028399e-04,-6.917460262775421143e-02,-7.232927531003952026e-02,4.318878799676895142e-02,9.028260246850550175e-04,6.346751749515533447e-02,6.174949929118156433e-02,-1.645996607840061188e-02,-3.335615620017051697e-02,-6.693780422210693359e-02,3.996245563030242920e-02,-7.225736975669860840e-02,-5.004066508263349533e-03,5.446817353367805481e-02,-1.775429609551792964e-06,-6.394563615322113037e-02,5.957791581749916077e-02,-3.266375139355659485e-02,2.489035204052925110e-02,-8.597663789987564087e-02,-7.443490624427795410e-02,9.192355722188949585e-02,7.956502027809619904e-03,-7.412095367908477783e-02,-7.322433590888977051e-02,-6.908641196787357330e-03,-2.842488698661327362e-03,6.667358428239822388e-02,-6.946752220392227173e-02,-7.531964033842086792e-02,3.712574765086174011e-02,7.907454669475555420e-02,-7.887139916419982910e-02,3.783547878265380859e-02,3.552242740988731384e-02,-8.281154930591583252e-02,4.990513995289802551e-02,5.775941908359527588e-02,6.776171922683715820e-02,7.396163791418075562e-02,-4.824155941605567932e-02,-5.153298005461692810e-02,-5.754279717803001404e-02,-2.899895887821912766e-03,5.591668933629989624e-02
-5.462760478258132935e-02,-8.088081330060958862e-02,7.859331965446472168e-01,-6.377858519554138184e-01,-3.466994166374206543e-01,-3.868803381919860840e-02,-4.165573418140411377e-02,-1.333139091730117798e-01,-5.607314109802246094e-01,-6.403273344039916992e-01,9.925708919763565063e-02,3.843925595283508301e-01,-6.069887280464172363e-01,-6.960166692733764648e-01,-7.630079388618469238e-01,-7.183599472045898438e-01,1.588739268481731415e-02,-4.637379944324493408e-01,7.167076468467712402e-01,6.690185666084289551e-01,5.406371951103210449e-01,-5.085780620574951172e-01,-6.742051839828491211e-01,2.355786263942718506e-01,-1.197047457098960876e-01,-5.999416708946228027e-01,7.320133447647094727e-01,1.470848321914672852e-01,-6.962714195251464844e-01,3.272852003574371338e-01,-3.013462722301483154e-01,8.267135024070739746e-01,-5.686204433441162109e-01,-7.048241496086120605e-01,2.210553549230098724e-02,7.567445039749145508e-01,-5.475478768348693848e-01,-7.317925691604614258e-01,4.295021295547485352e-01,5.487674474716186523e-01,-5.799798965454101562e-01,-2.051631510257720947e-01,-7.189950942993164062e-01,-2.853477597236633301e-01,1.019284278154373169e-01,6.706466674804687500e-01,7.515297532081604004e-01,1.809518635272979736e-01,3.635524213314056396e-02,1.828417181968688965e-02,-7.406090945005416870e-02,1.946643441915512085e-01,-4.828214645385742188e-01,-8.576246909797191620e-03,1.823843419551849365e-01,7.985054850578308105e-01,-3.075995147228240967e-01,-3.365737944841384888e-02,6.400980353355407715e-01,6.444247961044311523e-01,1.130744116380810738e-03,-1.145769655704498291e-01,-2.515384368598461151e-02,-2.802224755287170410e-01,-1.488166511990129948e-03,2.523270547389984131e-01,-3.766359686851501465e-01,-7.184202671051025391e-01,7.377125024795532227e-01,-2.104338109493255615e-01,6.151046156883239746e-01,2.497557997703552246e-01,3.182343840599060059e-01,-7.581024169921875000e-01,1.890836060047149658e-01,6.739368438720703125e-01,2.893674653023481369e-03,-8.020768761634826660e-01,3.392524421215057373e-01,7.241866588592529297e-01,-7.635403871536254883e-01,-1.015347661450505257e-03,7.048983573913574219e-01,5.697194952517747879e-03,5.768790245056152344e-01,7.329893708229064941e-01,-4.038075506687164307e-01,-9.166449308395385742e-03,-6.093811988830566406e-01,-6.252658367156982422e-01,1.374371647834777832e-01,3.310003578662872314e-01,6.520133614540100098e-01,-4.188415706157684326e-01,6.819220781326293945e-01,-5.671048071235418320e-03,-5.651412010192871094e-01,1.442620123270899057e-05,6.142544746398925781e-01,-5.260456800460815430e-01,3.499721884727478027e-01,-1.740988194942474365e-01,7.892559170722961426e-01,7.043374776840209961e-01,-8.290632963180541992e-01,-1.319338530302047729e-01,6.736692190170288086e-01,7.117663025856018066e-01,-1.822793111205101013e-02,2.830983325839042664e-02,-6.437550187110900879e-01,7.135357260704040527e-01,7.320981025695800781e-01,-4.611115157604217529e-01,-7.575846314430236816e-01,7.352936267852783203e-01,-3.239092826843261719e-01,-4.130677282810211182e-01,7.568199634552001953e-01,-5.276615619659423828e-01,-6.178936362266540527e-01,-6.403687000274658203e-01,-7.094848155975341797e-01,5.115540027618408203e-01,5.950865745544433594e-01,6.075293421745300293e-01,2.524361014366149902e-02,-5.489940643310546875e-01
-4.886539652943611145e-02,5.805858597159385681e-02,-6.377858519554138184e-01,6.707859635353088379e-01,1.144245341420173645e-01,1.426391899585723877e-01,5.180817097425460815e-02,-7.843535393476486206e-02,4.653491675853729248e-01,4.980253875255584717e-01,-1.933947950601577759e-01,-2.650512158870697021e-01,3.372077047824859619e-01,5.886293649673461914e-01,6.178199052810668945e-01,4.312577247619628906e-01,-9.121394716203212738e-03,3.376695811748504639e-01,-6.767229437828063965e-01,-5.534088611602783203e-01,-5.547957420349121094e-01,4.785138070583343506e-01,5.596325993537902832e-01,-1.324023008346557617e-01,9.536789357662200928e-02,2.998102605342864990e-01,-4.990213811397552490e-01,1.451893746852874756e-01,4.300279319286346436e-01,-8.523604273796081543e-02,2.322015315294265747e-01,-6.845186352729797363e-01,6.107540130615234375e-01,5.751847028732299805e-01,-8.888143929652869701e-04,-4.905412495136260986e-01,3.531788587570190430e-01,5.506493449211120605e-01,-8.469388633966445923e-02,-4.934140443801879883e-01,4.732155501842498779e-01,2.358357459306716919e-01,5.334740281105041504e-01,2.060013413429260254e-01,-2.250542342662811279e-01,-4.521241784095764160e-01,-6.523069143295288086e-01,-1.568345725536346436e-01,1.276496611535549164e-02,1.883825100958347321e-02,7.956007122993469238e-02,3.493571281433105469e-02,4.657629430294036865e-01,-7.935110479593276978e-03,2.189005538821220398e-02,-5.652921795845031738e-01,3.037388920783996582e-01,2.268874272704124451e-02,-5.144246816635131836e-01,-6.724973320960998535e-01,-6.475180387496948242e-02,1.652828007936477661e-01,2.584254555404186249e-02,1.726906001567840576e-01,4.777973890304565430e-02,-1.913126111030578613e-01,2.404378205537796021e-01,4.570198357105255127e-01,-5.504294037818908691e-01,-6.690757721662521362e-02,-3.973813652992248535e-01,-9.148928336799144745e-03,-3.689400553703308105e-01,6.282413005828857422e-01,-1.934673637151718140e-01,-4.941257834434509277e-01,-5.990720819681882858e-04,5.917938947677612305e-01,-4.689440727233886719e-01,-5.542119145393371582e-01,6.866446137428283691e-01,7.784726331010460854e-04,-4.759625196456909180e-01,-3.146478557027876377e-04,-3.919306397438049316e-01,-5.845057964324951172e-01,1.150312945246696472e-01,3.319818992167711258e-03,4.170020520687103271e-01,4.439913630485534668e-01,-1.602325886487960815e-01,-4.555937051773071289e-01,-6.128158569335937500e-01,4.370803236961364746e-01,-5.976325273513793945e-01,1.402330696582794189e-01,3.679428398609161377e-01,-9.954137567547149956e-06,-3.458382785320281982e-01,3.071368634700775146e-01,-1.582469493150711060e-01,-1.233215555548667908e-01,-7.026440501213073730e-01,-4.855765998363494873e-01,7.044292092323303223e-01,3.490341007709503174e-01,-7.417829632759094238e-01,-5.005387663841247559e-01,2.018736749887466431e-01,-3.237667679786682129e-02,6.270886659622192383e-01,-6.919619441032409668e-01,-6.400391459465026855e-01,5.472571849822998047e-01,5.644712448120117188e-01,-5.748687982559204102e-01,1.272831112146377563e-02,3.176231384277343750e-01,-5.684220194816589355e-01,5.416007637977600098e-01,4.702081978321075439e-01,5.896192193031311035e-01,6.047937870025634766e-01,-4.610100984573364258e-01,-4.984128475189208984e-01,-5.652855634689331055e-01,-2.368533425033092499e-02,3.765359818935394287e-01
4.004792571067810059e-01,4.090621694922447205e-02,-3.466994166374206543e-01,1.144245341420173645e-01,5.709467530250549316e-01,-3.120657503604888916e-01,2.663829363882541656e-02,5.887411832809448242e-01,2.607535421848297119e-01,2.761799395084381104e-01,-1.641701906919479370e-01,-2.988175749778747559e-01,3.162523210048675537e-01,2.672375440597534180e-01,3.349661529064178467e-01,6.546905636787414551e-01,-7.146348245441913605e-03,2.898685336112976074e-01,-2.445347905158996582e-01,-2.699227333068847656e-01,-1.746783554553985596e-01,4.530631378293037415e-02,1.865628063678741455e-01,-7.277285307645797729e-02,6.536961346864700317e-02,5.680510997772216797e-01,-3.683773279190063477e-01,-5.564086437225341797e-01,5.048024654388427734e-01,-3.224534988403320312e-01,-5.614956840872764587e-02,-4.053868353366851807e-01,1.064469814300537109e-01,3.278410136699676514e-01,-3.211402893066406250e-02,-4.888828992843627930e-01,3.643279969692230225e-01,4.347777366638183594e-01,-6.713507771492004395e-01,-4.434318244457244873e-01,4.759092330932617188e-01,9.727471321821212769e-02,3.061487972736358643e-01,1.444934457540512085e-01,3.936891630291938782e-02,-2.178274095058441162e-01,-3.755488991737365723e-01,-1.405017375946044922e-01,4.146124050021171570e-02,-1.526593230664730072e-02,-1.276933848857879639e-01,-3.862744569778442383e-01,3.425905108451843262e-01,-5.591660737991333008e-02,-2.274068892002105713e-01,-5.760551691055297852e-01,2.249958813190460205e-01,2.219555526971817017e-02,-2.385639846324920654e-01,-1.055160611867904663e-01,-2.435251697897911072e-02,-1.635666005313396454e-02,2.008372219279408455e-03,3.025445938110351562e-01,7.672639191150665283e-02,-1.307947933673858643e-01,-4.589397460222244263e-02,5.795394182205200195e-01,-4.318349063396453857e-01,5.115254521369934082e-01,-5.766807198524475098e-01,-6.606917083263397217e-02,-1.454786490648984909e-02,3.423873484134674072e-01,-2.640488445758819580e-01,-5.231155157089233398e-01,-1.956231193616986275e-03,4.586032032966613770e-01,-6.538350880146026611e-02,-3.857542574405670166e-01,4.129917919635772705e-01,4.350906237959861755e-04,-5.124723315238952637e-01,-5.307369399815797806e-03,-6.390137672424316406e-01,-2.400496751070022583e-01,5.399401187896728516e-01,9.537533856928348541e-03,1.917661577463150024e-01,4.418085813522338867e-01,-1.834185272455215454e-01,2.155690044164657593e-01,-2.058579474687576294e-01,-2.732479711994528770e-03,-3.811158835887908936e-01,-3.828236162662506104e-01,3.843723833560943604e-01,-2.352757837797980756e-05,-4.711522459983825684e-01,5.494757294654846191e-01,-4.957839846611022949e-01,5.370048284530639648e-01,-3.722281455993652344e-01,-5.078005790710449219e-01,3.743726015090942383e-01,-1.498755591455847025e-04,-8.403015136718750000e-02,-3.623950183391571045e-01,-4.609074890613555908e-01,8.002909831702709198e-03,9.867972880601882935e-02,-1.196032315492630005e-01,-3.538193106651306152e-01,-9.550059214234352112e-03,5.218112468719482422e-01,-4.077139496803283691e-01,5.400736927986145020e-01,1.432647258043289185e-01,-5.592221021652221680e-01,7.335729151964187622e-02,1.831198185682296753e-01,3.141517043113708496e-01,3.192678689956665039e-01,2.209578081965446472e-02,-2.450682520866394043e-01,-5.974468588829040527e-02,2.394271548837423325e-03,4.271302521228790283e-01
-3.408010900020599365e-01,-6.948484573513269424e-03,-3.868803381919860840e-02,1.426391899585723877e-01,-3.120657503604888916e-01,3.276595175266265869e-01,1.923049986362457275e-02,-3.932183980941772461e-01,-1.040196344256401062e-01,-3.477412508800625801e-03,1.343891769647598267e-01,1.161257103085517883e-01,1.410649903118610382e-02,1.627937518060207367e-02,2.352036908268928528e-02,-2.458445280790328979e-01,-1.363271847367286682e-03,-6.040892377495765686e-02,-6.062524765729904175e-02,-1.637754589319229126e-02,3.823817148804664612e-02,1.386705040931701660e-01,1.153834760189056396e-01,-4.034040123224258423e-02,-1.710409484803676605e-02,-2.409106194972991943e-01,-4.556355997920036316e-03,3.691353499889373779e-01,-6.745629012584686279e-02,8.051800727844238281e-02,1.853367239236831665e-01,3.412689268589019775e-02,8.416792750358581543e-02,1.777522079646587372e-02,1.348959095776081085e-02,9.315156191587448120e-02,-9.536328166723251343e-02,-7.392033189535140991e-02,3.189523816108703613e-01,1.818878650665283203e-01,-2.260770946741104126e-01,-3.427705913782119751e-02,5.483065918087959290e-02,-4.484645556658506393e-03,1.124299480579793453e-03,-1.405272930860519409e-01,1.597066596150398254e-02,5.734955146908760071e-02,-9.727887809276580811e-02,-3.822506871074438095e-03,1.567016690969467163e-01,1.563010513782501221e-01,-1.666638106107711792e-01,6.951461732387542725e-02,5.450964719057083130e-02,1.230215579271316528e-01,-1.061153039336204529e-01,-4.890776239335536957e-03,-4.053842276334762573e-02,-1.274800300598144531e-01,6.039562821388244629e-02,1.015731040388345718e-02,5.713528022170066833e-03,-1.762795895338058472e-01,-1.122519522905349731e-01,2.178016491234302521e-02,2.187892049551010132e-01,-1.747496128082275391e-01,9.343327581882476807e-02,-2.968481481075286865e-01,2.158991694450378418e-01,-1.679570376873016357e-01,-3.156106546521186829e-02,-2.192487940192222595e-03,2.086013853549957275e-01,1.658650189638137817e-01,1.668282493483275175e-04,-2.170860022306442261e-02,-7.540761493146419525e-03,5.831532925367355347e-02,-6.321704387664794922e-02,1.321311810897896066e-05,1.222470328211784363e-01,8.594386599725112319e-05,3.169313967227935791e-01,-1.035073623061180115e-01,-2.331689000129699707e-01,-3.742717672139406204e-03,5.786457285284996033e-02,-1.311061531305313110e-01,1.134539172053337097e-01,-2.504704594612121582e-01,-3.622110188007354736e-02,1.076582446694374084e-01,8.944078534841537476e-02,2.963000237941741943e-01,-4.400287941098213196e-02,1.489625083195278421e-05,1.382856816053390503e-01,-2.552227973937988281e-01,2.510666549205780029e-01,-3.411023020744323730e-01,3.036369010806083679e-02,1.372376233339309692e-01,2.099157869815826416e-02,3.051872178912162781e-02,-1.498658657073974609e-01,2.507622586563229561e-03,3.804026842117309570e-01,-1.113150361925363541e-02,9.081847965717315674e-02,-1.762071698904037476e-01,2.835925295948982239e-02,1.381072103977203369e-01,-8.718808740377426147e-02,6.552105396986007690e-02,-2.917832136154174805e-01,6.474976986646652222e-02,1.489629000425338745e-01,9.258309751749038696e-02,1.148958355188369751e-01,-6.704448908567428589e-02,-1.966413483023643494e-02,-1.979403346776962280e-01,-1.009707059711217880e-02,-1.517106592655181885e-01,-2.108378708362579346e-02,-1.322556585073471069e-01
1.169568672776222229e-02,1.940783811733126640e-03,-4.165573418140411377e-02,5.180817097425460815e-02,2.663829363882541656e-02,1.923049986362457275e-02,3.209640085697174072e-02,2.760905399918556213e-02,-1.462103798985481262e-02,2.982833608984947205e-02,-4.375286772847175598e-02,-1.028165407478809357e-02,5.097812972962856293e-03,1.949066482484340668e-02,2.493497356772422791e-02,1.234748959541320801e-02,-7.132459431886672974e-04,2.666656114161014557e-02,-5.196938291192054749e-02,-3.416311740875244141e-02,-1.644643209874629974e-02,1.400569174438714981e-02,3.472067788243293762e-02,1.592538785189390182e-03,4.285525530576705933e-03,7.945788674987852573e-04,-1.665956713259220123e-02,-6.325708236545324326e-04,3.515641391277313232e-02,-1.905250921845436096e-02,7.230456452816724777e-03,-2.042927406728267670e-02,4.605944827198982239e-02,4.056148976087570190e-02,2.036467194557189941e-04,-7.689304649829864502e-03,1.790369674563407898e-02,3.287237510085105896e-02,-9.236993268132209778e-03,-5.744751542806625366e-02,2.978581190109252930e-02,1.982694305479526520e-02,3.190489485859870911e-02,1.342218369245529175e-02,-1.996330544352531433e-02,-9.327733889222145081e-03,-4.804293066263198853e-02,-1.161422859877347946e-02,3.347980091348290443e-03,1.535467803478240967e-02,1.192212104797363281e-02,-2.109201438724994659e-02,3.863831236958503723e-02,1.733515178784728050e-03,-1.377568696625530720e-03,-3.843025863170623779e-02,2.183083072304725647e-02,1.186823006719350815e-03,-3.539196774363517761e-02,-3.407710790634155273e-02,-1.268859114497900009e-02,5.011086352169513702e-03,1.268669147975742817e-03,1.768510788679122925e-02,6.218447815626859665e-03,-8.588541299104690552e-03,-8.631155826151371002e-03,2.805884182453155518e-02,-2.071947790682315826e-02,8.042932488024234772e-03,-4.153984412550926208e-02,5.842696875333786011e-03,-6.728250533342361450e-03,2.048527263104915619e-02,-3.003072738647460938e-02,-4.974210634827613831e-02,1.850445260060951114e-04,3.272060677409172058e-02,-4.030702263116836548e-02,-1.916188746690750122e-02,4.720986634492874146e-02,2.571911136328708380e-05,-3.110251761972904205e-02,-4.373440460767596960e-04,-4.147776961326599121e-02,-1.407028641551733017e-02,3.050372749567031860e-02,2.410315028100740165e-05,-5.818997044116258621e-03,2.759230881929397583e-02,-3.210173174738883972e-02,-1.797019131481647491e-02,-3.613941371440887451e-02,1.310511492192745209e-02,-4.071561247110366821e-02,-1.651152782142162323e-02,4.169246181845664978e-02,-3.492113819447695278e-06,-7.164216600358486176e-03,2.818172611296176910e-02,-3.096551820635795593e-02,-3.882030257955193520e-03,-2.865215577185153961e-02,-2.796825952827930450e-02,4.626619815826416016e-02,6.182727217674255371e-02,-4.328203946352005005e-02,-1.603534817695617676e-02,4.063656087964773178e-03,2.502434072084724903e-04,-3.879241994582116604e-04,-4.517604783177375793e-02,-3.076178394258022308e-02,3.626588732004165649e-02,4.835208877921104431e-02,-2.948600053787231445e-02,-3.818747820332646370e-03,2.108906209468841553e-02,-4.526857659220695496e-02,2.517343685030937195e-02,2.665807679295539856e-02,3.676179423928260803e-02,3.067919984459877014e-02,-8.610483258962631226e-03,-2.397516369819641113e-02,-1.667831279337406158e-02,-6.542804650962352753e-03,4.574336111545562744e-02
4.824183881282806396e-01,1.832756400108337402e-02,-1.333139091730117798e-01,-7.843535393476486206e-02,5.887411832809448242e-01,-3.932183980941772461e-01,2.760905399918556213e-02,7.245551347732543945e-01,8.905856311321258545e-02,1.063537895679473877e-01,-1.596787720918655396e-01,-2.643333971500396729e-01,1.496177911758422852e-01,9.439848363399505615e-02,1.364724487066268921e-01,5.192356705665588379e-01,-2.566396258771419525e-03,1.747324913740158081e-01,-1.772275194525718689e-02,-1.032433807849884033e-01,2.578368224203586578e-02,-1.079054176807403564e-01,-7.943684235215187073e-03,-2.584112621843814850e-02,4.116102680563926697e-02,4.677955806255340576e-01,-1.832143813371658325e-01,-6.450639367103576660e-01,3.938237726688385010e-01,-2.906853258609771729e-01,-1.991522759199142456e-01,-1.699463874101638794e-01,-1.217777580022811890e-01,1.887696832418441772e-01,-3.827349841594696045e-02,-3.120884597301483154e-01,2.710543870925903320e-01,2.725694775581359863e-01,-6.796519160270690918e-01,-3.625370860099792480e-01,3.600534796714782715e-01,3.710997104644775391e-02,1.020954772830009460e-01,8.671519905328750610e-02,1.389379203319549561e-01,-2.890860475599765778e-02,-1.924710571765899658e-01,-1.118698567152023315e-01,6.199643388390541077e-02,-9.175418317317962646e-02,-2.087280601263046265e-01,-4.784824848175048828e-01,2.410376220941543579e-01,-8.885512501001358032e-02,-2.473923861980438232e-01,-4.046768248081207275e-01,2.048476934432983398e-01,1.811235584318637848e-02,-2.429574541747570038e-02,1.170088946819305420e-01,-2.510306611657142639e-02,-6.903035938739776611e-02,-7.880643010139465332e-03,2.482633292675018311e-01,8.235061168670654297e-02,-7.425732165575027466e-02,-2.395402193069458008e-01,4.397013783454895020e-01,-2.697738707065582275e-01,5.853486657142639160e-01,-5.104020833969116211e-01,-3.656376525759696960e-02,1.089599803090095520e-01,1.567591428756713867e-01,-2.132588773965835571e-01,-3.838095068931579590e-01,-1.450368901714682579e-03,2.761016786098480225e-01,4.814376682043075562e-02,-2.123423963785171509e-01,2.198349982500076294e-01,2.318335318705067039e-04,-3.875772058963775635e-01,-5.304513964802026749e-03,-5.568751096725463867e-01,-2.533688209950923920e-02,5.536321997642517090e-01,9.585794992744922638e-03,-1.076055411249399185e-02,3.556567430496215820e-01,-1.687778234481811523e-01,4.582118988037109375e-01,-2.739630173891782761e-03,-1.653051078319549561e-01,-2.122065871953964233e-01,-5.102470517158508301e-01,2.720424830913543701e-01,-2.613970355014316738e-05,-3.794069886207580566e-01,4.855844676494598389e-01,-5.639483928680419922e-01,6.319195032119750977e-01,-1.546464860439300537e-01,-3.791859149932861328e-01,1.256333291530609131e-01,-3.353057056665420532e-02,1.941111087799072266e-01,-1.788954436779022217e-01,-6.053819656372070312e-01,2.353270724415779114e-02,-1.308488994836807251e-01,1.124572306871414185e-01,-1.702644228935241699e-01,-1.379500031471252441e-01,3.640227019786834717e-01,-2.250925302505493164e-01,5.745185017585754395e-01,5.271556973457336426e-02,-4.060462713241577148e-01,-1.212688460946083069e-01,-1.353841274976730347e-02,1.489157974720001221e-01,1.146590933203697205e-01,2.605347633361816406e-01,-1.406170427799224854e-01,1.611414998769760132e-01,2.688488177955150604e-02,3.554247021675109863e-01
1.496499925851821899e-01,6.347469240427017212e-02,-5.607314109802246094e-01,4.653491675853729248e-01,2.607535421848297119e-01,-1.040196344256401062e-01,-1.462103798985481262e-02,8.905856311321258545e-02,5.803489089012145996e-01,4.703790247440338135e-01,-1.801431775093078613e-01,-3.050545752048492432e-01,3.570055365562438965e-01,5.446963310241699219e-01,5.653520822525024414e-01,5.786463022232055664e-01,-8.664797991514205933e-03,3.179152011871337891e-01,-5.735733509063720703e-01,-4.986227750778198242e-01,-5.852369070053100586e-01,3.502855300903320312e-01,4.333907961845397949e-01,-1.238281279802322388e-01,9.918569028377532959e-02,4.816898107528686523e-01,-5.050841569900512695e-01,-9.573455899953842163e-02,4.090286791324615479e-01,-1.409759670495986938e-01,1.234591677784919739e-01,-7.116647958755493164e-01,5.021732449531555176e-01,4.886990189552307129e-01,-7.357897236943244934e-03,-5.676591992378234863e-01,3.897596895694732666e-01,5.492322444915771484e-01,-2.510455846786499023e-01,-4.947603940963745117e-01,5.678271055221557617e-01,2.164983302354812622e-01,4.623079299926757812e-01,1.834821850061416626e-01,-2.136370390653610229e-01,-3.753555715084075928e-01,-5.705760717391967773e-01,-1.546983718872070312e-01,8.072262257337570190e-02,2.493333257734775543e-02,-1.406520511955022812e-02,-6.021992769092321396e-03,5.040528178215026855e-01,-4.812417179346084595e-02,-1.030966360121965408e-02,-5.926101803779602051e-01,2.912161350250244141e-01,2.216096967458724976e-02,-4.630007147789001465e-01,-5.180336236953735352e-01,-8.808712661266326904e-02,1.655898392200469971e-01,2.050512656569480896e-02,2.894813120365142822e-01,1.141227856278419495e-01,-1.910037696361541748e-01,1.537852436304092407e-01,5.371426343917846680e-01,-5.932773351669311523e-01,1.160810813307762146e-01,-4.536976218223571777e-01,7.149253785610198975e-02,-3.425612449645996094e-01,5.899814367294311523e-01,-2.977970540523529053e-01,-5.349527001380920410e-01,-1.180627848953008652e-03,5.602948665618896484e-01,-3.661058545112609863e-01,-5.714421272277832031e-01,6.526054143905639648e-01,6.934645352885127068e-04,-4.952722191810607910e-01,1.096227206289768219e-04,-5.191456079483032227e-01,-4.989300966262817383e-01,2.262594252824783325e-01,5.409726873040199280e-03,4.470259547233581543e-01,4.664508402347564697e-01,-1.608206033706665039e-01,-2.987549901008605957e-01,-5.456535220146179199e-01,3.618076443672180176e-01,-5.860722661018371582e-01,-1.182809472084045410e-02,3.144198954105377197e-01,-1.388859436701750383e-05,-4.288565218448638916e-01,4.230764806270599365e-01,-2.351622879505157471e-01,1.124715209007263184e-01,-6.793663501739501953e-01,-5.286949276924133301e-01,6.629526615142822266e-01,1.567370742559432983e-01,-6.155866980552673340e-01,-4.873659312725067139e-01,-3.600021079182624817e-02,-2.792676351964473724e-02,5.918479561805725098e-01,-5.271897315979003906e-01,-5.935320854187011719e-01,3.758308291435241699e-01,5.226985812187194824e-01,-5.887907743453979492e-01,2.043405920267105103e-01,2.289036959409713745e-01,-5.891587734222412109e-01,4.334855377674102783e-01,3.556496500968933105e-01,5.755698084831237793e-01,5.738946199417114258e-01,-3.381365239620208740e-01,-4.250852465629577637e-01,-4.540272653102874756e-01,-1.921116258017718792e-03,3.979094624519348145e-01
6.958120316267013550e-02,6.289458274841308594e-02,-6.403273344039916992e-01,4.980253875255584717e-01,2.761799395084381104e-01,-3.477412508800625801e-03,2.982833608984947205e-02,1.063537895679473877e-01,4.703790247440338135e-01,5.053969621658325195e-01,-1.086737364530563354e-01,-2.948587238788604736e-01,4.685993194580078125e-01,5.543954968452453613e-01,6.122751832008361816e-01,6.264393925666809082e-01,-1.243303809314966202e-02,3.428013622760772705e-01,-6.136497855186462402e-01,-5.303113460540771484e-01,-4.852901101112365723e-01,3.713812232017517090e-01,5.154199600219726562e-01,-1.775929480791091919e-01,9.527476131916046143e-02,5.135952234268188477e-01,-5.993037223815917969e-01,-1.218610927462577820e-01,5.543540120124816895e-01,-2.503809332847595215e-01,2.053100913763046265e-01,-7.331196665763854980e-01,4.859422147274017334e-01,5.611597895622253418e-01,-1.330269593745470047e-02,-6.416817903518676758e-01,4.207162559032440186e-01,5.972781181335449219e-01,-3.423371315002441406e-01,-4.627740383148193359e-01,5.042001605033874512e-01,1.702101528644561768e-01,5.579484701156616211e-01,2.109637260437011719e-01,-1.248233094811439514e-01,-5.207139849662780762e-01,-6.121826767921447754e-01,-1.321057975292205811e-01,1.377619057893753052e-02,4.235904198139905930e-03,5.416301265358924866e-02,-1.176757141947746277e-01,4.254899322986602783e-01,-7.982582785189151764e-03,-1.092477813363075256e-01,-6.870794296264648438e-01,2.400261759757995605e-01,2.448686771094799042e-02,-5.110102295875549316e-01,-5.104588866233825684e-01,-3.482522070407867432e-02,1.167325153946876526e-01,1.960184238851070404e-02,2.590465545654296875e-01,3.359960392117500305e-02,-1.948243826627731323e-01,2.605708539485931396e-01,6.012151837348937988e-01,-6.157375574111938477e-01,1.623416393995285034e-01,-5.042206645011901855e-01,-1.390295475721359253e-01,-2.702111005783081055e-01,6.152495145797729492e-01,-2.087969481945037842e-01,-5.740082859992980957e-01,-1.909435261040925980e-03,6.649046540260314941e-01,-2.851263880729675293e-01,-5.949730873107910156e-01,6.684052348136901855e-01,7.431809790432453156e-04,-5.583992004394531250e-01,-3.388370620086789131e-03,-5.057526826858520508e-01,-5.677730441093444824e-01,3.153691291809082031e-01,6.557007320225238800e-03,4.961397647857666016e-01,4.865028560161590576e-01,-1.194262057542800903e-01,-2.812950015068054199e-01,-5.434170961380004883e-01,3.427202701568603516e-01,-5.746536254882812500e-01,-4.870019853115081787e-03,4.023788869380950928e-01,-1.261154739040648565e-05,-4.723325967788696289e-01,4.315454363822937012e-01,-2.715155780315399170e-01,1.464840471744537354e-01,-6.781447529792785645e-01,-5.768676400184631348e-01,7.421990633010864258e-01,9.614171832799911499e-02,-6.093546748161315918e-01,-5.659104585647583008e-01,7.674774155020713806e-03,-2.372290752828121185e-02,5.393103957176208496e-01,-5.922148227691650391e-01,-5.965188741683959961e-01,3.692563176155090332e-01,6.118435263633728027e-01,-6.142504811286926270e-01,2.413457483053207397e-01,2.967691719532012939e-01,-6.419377326965332031e-01,4.109844565391540527e-01,4.470802247524261475e-01,5.367844104766845703e-01,5.736798644065856934e-01,-3.759334683418273926e-01,-4.457651972770690918e-01,-4.716706871986389160e-01,-1.670116372406482697e-02,4.484059512615203857e-01
-2.345144450664520264e-01,-1.320922840386629105e-02,9.925708919763565063e-02,-1.933947950601577759e-01,-1.641701906919479370e-01,1.343891769647598267e-01,-4.375286772847175598e-02,-1.596787720918655396e-01,-1.801431775093078613e-01,-1.086737364530563354e-01,3.575788736343383789e-01,1.084959656000137329e-01,1.376858204603195190e-01,-1.162415966391563416e-01,-8.565825223922729492e-02,-8.909806609153747559e-02,-2.251517260447144508e-03,-9.440017491579055786e-02,2.218413501977920532e-01,1.375983953475952148e-01,3.038853406906127930e-01,-3.180055692791938782e-02,-3.861192613840103149e-02,-8.789510279893875122e-02,-3.678052127361297607e-02,-4.086710140109062195e-02,-2.540423348546028137e-02,2.218123152852058411e-02,2.470793575048446655e-02,-6.508904695510864258e-02,1.455767601728439331e-01,1.530744582414627075e-01,-2.652476131916046143e-01,-1.141116470098495483e-01,-9.011346846818923950e-03,-8.418912999331951141e-03,-7.150719314813613892e-02,-1.328607499599456787e-01,-3.696532547473907471e-02,3.734564483165740967e-01,-3.317037522792816162e-01,-1.850118041038513184e-01,-3.379676723852753639e-03,-2.561694197356700897e-02,2.560469508171081543e-01,-1.897725611925125122e-01,2.053473740816116333e-01,1.042831316590309143e-01,-1.570368111133575439e-01,-9.172435104846954346e-02,9.327563643455505371e-02,-6.407851725816726685e-02,-3.783439397811889648e-01,8.869098126888275146e-02,-1.547062397003173828e-01,1.096435412764549255e-01,-2.269845753908157349e-01,-3.946493379771709442e-03,1.007371842861175537e-01,1.810044795274734497e-01,1.657322645187377930e-01,-1.223345249891281128e-01,-7.294291630387306213e-03,-1.875854581594467163e-01,-1.832352280616760254e-01,4.871734976768493652e-02,2.471038252115249634e-01,-1.037074774503707886e-01,1.211028471589088440e-01,-1.879675872623920441e-02,1.869341433048248291e-01,-4.181459546089172363e-01,1.697877645492553711e-01,-1.051265150308609009e-01,3.485282659530639648e-01,2.406118512153625488e-01,-2.030303468927741051e-03,-4.006833583116531372e-02,3.435585200786590576e-01,1.139186918735504150e-01,-2.861292362213134766e-01,-7.660722621949389577e-05,9.187631309032440186e-02,-4.426592960953712463e-03,3.110464811325073242e-01,-3.644813969731330872e-02,-4.001136496663093567e-02,7.586139254271984100e-04,7.332945615053176880e-02,-1.465289592742919922e-01,2.394568324089050293e-01,9.242141991853713989e-02,2.093669176101684570e-01,-1.091886088252067566e-01,2.678806185722351074e-01,1.253043413162231445e-01,-6.441494822502136230e-02,1.873341170721687376e-05,1.194160897284746170e-02,-1.884982734918594360e-01,1.440616697072982788e-01,6.899733562022447586e-03,2.125579118728637695e-01,1.230973899364471436e-01,-1.591417044401168823e-01,-3.803111612796783447e-01,2.641538977622985840e-01,-1.043812371790409088e-02,1.080820783972740173e-01,6.699507590383291245e-03,-1.296621710062026978e-01,1.251552253961563110e-01,2.041524499654769897e-01,-1.880795359611511230e-01,-1.358967274427413940e-01,1.652215272188186646e-01,3.033116459846496582e-02,3.563206410035490990e-03,2.044814676046371460e-01,-1.668363064527511597e-01,4.452119022607803345e-02,-2.855371534824371338e-01,-1.790058016777038574e-01,-3.848947957158088684e-02,1.116717681288719177e-01,5.868148431181907654e-02,-1.837886171415448189e-03,-1.848206073045730591e-01
-1.666481196880340576e-01,-3.763993084430694580e-02,3.843925595283508301e-01,-2.650512158870697021e-01,-2.988175749778747559e-01,1.161257103085517883e-01,-1.028165407478809357e-02,-2.643333971500396729e-01,-3.050545752048492432e-01,-2.948587238788604736e-01,1.084959656000137329e-01,2.531796097755432129e-01,-2.644897103309631348e-01,-3.546069562435150146e-01,-3.853011131286621094e-01,-5.071918368339538574e-01,5.958938971161842346e-03,-2.172443568706512451e-01,3.358231186866760254e-01,3.224189579486846924e-01,2.743252813816070557e-01,-1.955085545778274536e-01,-2.739111781120300293e-01,9.899607300758361816e-02,-6.586822867393493652e-02,-4.050279557704925537e-01,3.698717057704925537e-01,2.277700752019882202e-01,-4.127486944198608398e-01,1.742907166481018066e-01,-3.254794701933860779e-02,4.688948690891265869e-01,-2.225547432899475098e-01,-3.764923512935638428e-01,1.868276298046112061e-02,4.424642622470855713e-01,-2.984160780906677246e-01,-4.066942632198333740e-01,3.831389844417572021e-01,3.710597753524780273e-01,-3.905584812164306641e-01,-1.112018600106239319e-01,-3.127427697181701660e-01,-1.373118758201599121e-01,2.798108011484146118e-02,2.785887122154235840e-01,4.022888839244842529e-01,1.083558127284049988e-01,-3.230786323547363281e-02,6.642843782901763916e-02,5.759389698505401611e-02,1.845891177654266357e-01,-3.166031539440155029e-01,4.359818622469902039e-02,1.105865240097045898e-01,4.977951645851135254e-01,-2.216257154941558838e-01,-1.922011934220790863e-02,2.551163733005523682e-01,2.641719281673431396e-01,3.248419240117073059e-02,-5.606554821133613586e-02,-8.679204620420932770e-03,-1.888692975044250488e-01,-5.105490610003471375e-02,1.276969313621520996e-01,-3.919816389679908752e-02,-4.503428936004638672e-01,4.250635802745819092e-01,-2.303862571716308594e-01,4.207481145858764648e-01,6.131503731012344360e-02,1.417994797229766846e-01,-4.072418510913848877e-01,1.549332141876220703e-01,4.071725010871887207e-01,1.272018766030669212e-03,-4.508723020553588867e-01,1.648824959993362427e-01,4.003463089466094971e-01,-4.492550492286682129e-01,-5.043373093940317631e-04,4.172237515449523926e-01,2.543106209486722946e-03,4.392396509647369385e-01,3.257432579994201660e-01,-2.987355291843414307e-01,-6.230696570128202438e-03,-2.504802644252777100e-01,-3.770047128200531006e-01,1.088425442576408386e-01,1.567764952778816223e-02,3.016856312751770020e-01,-1.560482233762741089e-01,3.817145228385925293e-01,1.342381983995437622e-01,-2.592444121837615967e-01,1.307826823904179037e-05,3.660843968391418457e-01,-3.592149913311004639e-01,3.182755708694458008e-01,-2.458362877368927002e-01,4.452106654644012451e-01,4.268515408039093018e-01,-4.347740411758422852e-01,-7.227375358343124390e-02,2.774762511253356934e-01,3.486908078193664551e-01,1.625346392393112183e-01,7.657993584871292114e-03,-2.888987958431243896e-01,2.957161962985992432e-01,3.961333632469177246e-01,-2.041687667369842529e-01,-4.378810524940490723e-01,4.023902118206024170e-01,-2.859320044517517090e-01,-1.738566458225250244e-01,4.719229638576507568e-01,-2.012594342231750488e-01,-2.157336324453353882e-01,-3.525753021240234375e-01,-3.512502908706665039e-01,1.196217909455299377e-01,3.156927227973937988e-01,2.190478593111038208e-01,-1.144160889089107513e-02,-3.262373805046081543e-01
