9.999983906745910645e-01,-9.999986290931701660e-01,-9.999939203262329102e-01,9.999979138374328613e-01,9.999989271163940430e-01,-9.999988079071044922e-01,9.999957084655761719e-01,9.999991059303283691e-01,-9.999970197677612305e-01,9.999982118606567383e-01,-9.999987483024597168e-01,-9.999989271163940430e-01,9.999981522560119629e-01,9.999985098838806152e-01,9.999927878379821777e-01,9.999961256980895996e-01,9.999973773956298828e-01,-9.999984502792358398e-01,9.999932050704956055e-01,-9.999991059303283691e-01,-9.999989867210388184e-01,9.999930858612060547e-01,9.999985694885253906e-01,9.999982118606567383e-01,9.999887943267822266e-01,9.999989867210388184e-01,-9.999983906745910645e-01,-9.999989271163940430e-01,9.999896883964538574e-01,-9.999960660934448242e-01,-9.999922513961791992e-01,-9.999983310699462891e-01,9.999879002571105957e-01,9.999960064888000488e-01,-9.999979138374328613e-01,9.999500513076782227e-01,9.999990463256835938e-01,9.999985694885253906e-01,9.999909400939941406e-01,-9.999989271163940430e-01,9.999987483024597168e-01,-9.999845623970031738e-01,9.999812245368957520e-01,9.999988675117492676e-01,9.999983310699462891e-01,9.999982714653015137e-01,-9.999934434890747070e-01,9.999985098838806152e-01,9.999987483024597168e-01,-9.999984502792358398e-01,-9.999988079071044922e-01,-9.999983906745910645e-01,-9.999988675117492676e-01,-9.999930262565612793e-01,-9.999984502792358398e-01,-9.999981522560119629e-01,-9.999939799308776855e-01,9.999795556068420410e-01,9.999966621398925781e-01,9.999983310699462891e-01,-9.999984502792358398e-01,9.999989867210388184e-01,9.999983906745910645e-01,9.999953508377075195e-01,-9.999951720237731934e-01,-9.999988675117492676e-01,-9.999992251396179199e-01,-9.999960064888000488e-01,-9.999989271163940430e-01,9.999986290931701660e-01,-9.999986886978149414e-01,9.999977350234985352e-01,9.999823570251464844e-01,-9.999936223030090332e-01,-9.999796152114868164e-01,-9.999983310699462891e-01,9.999923706054687500e-01,9.999987483024597168e-01,-9.999946951866149902e-01,-9.999959468841552734e-01,9.999804496765136719e-01,9.999976754188537598e-01,-9.999988079071044922e-01,9.999980330467224121e-01,-9.999983906745910645e-01,-9.999890923500061035e-01,9.999781847000122070e-01,9.999989271163940430e-01,9.999882578849792480e-01,9.993848204612731934e-01,-9.999960064888000488e-01,9.999983906745910645e-01,-9.999838471412658691e-01,-9.999976158142089844e-01,9.999980926513671875e-01,-9.999977946281433105e-01,-9.999901652336120605e-01,9.999990463256835938e-01,-9.999988079071044922e-01,9.999964237213134766e-01,-9.999967217445373535e-01,9.999988675117492676e-01,-9.998498558998107910e-01,9.998865723609924316e-01,9.999986290931701660e-01,9.999970793724060059e-01,-9.999808669090270996e-01,-9.999985098838806152e-01,-9.999939203262329102e-01,9.999985098838806152e-01,-9.999983906745910645e-01,9.999980926513671875e-01,-9.999983310699462891e-01,-9.999529719352722168e-01,9.999990463256835938e-01,-9.999976754188537598e-01,9.999989271163940430e-01,-9.999982118606567383e-01,-9.999951124191284180e-01,-9.999976158142089844e-01,-9.999987483024597168e-01,9.999964833259582520e-01,9.999982118606567383e-01,-9.999975562095642090e-01,-9.999904036521911621e-01,-9.999953508377075195e-01,9.999900460243225098e-01,-9.999949336051940918e-01
-9.999986290931701660e-01,9.999989867210388184e-01,9.999949932098388672e-01,-9.999982714653015137e-01,-9.999991655349731445e-01,9.999990463256835938e-01,-9.999965429306030273e-01,-9.999992251396179199e-01,9.999975562095642090e-01,-9.999984502792358398e-01,9.999990463256835938e-01,9.999991655349731445e-01,-9.999985098838806152e-01,-9.999987483024597168e-01,-9.999940395355224609e-01,-9.999967813491821289e-01,-9.999978542327880859e-01,9.999986290931701660e-01,-9.999944567680358887e-01,9.999993443489074707e-01,9.999992847442626953e-01,-9.999943375587463379e-01,-9.999988079071044922e-01,-9.999984502792358398e-01,-9.999907612800598145e-01,-9.999992251396179199e-01,9.999985694885253906e-01,9.999991655349731445e-01,-9.999914765357971191e-01,9.999967813491821289e-01,9.999935030937194824e-01,9.999986886978149414e-01,-9.999901056289672852e-01,-9.999968409538269043e-01,9.999982714653015137e-01,-9.999589323997497559e-01,-9.999991059303283691e-01,-9.999988079071044922e-01,-9.999926090240478516e-01,9.999991059303283691e-01,-9.999989867210388184e-01,9.999873042106628418e-01,-9.999845623970031738e-01,-9.999991655349731445e-01,-9.999986290931701660e-01,-9.999985694885253906e-01,9.999946355819702148e-01,-9.999987483024597168e-01,-9.999989271163940430e-01,9.999987483024597168e-01,9.999990463256835938e-01,9.999985694885253906e-01,9.999991059303283691e-01,9.999942779541015625e-01,9.999986886978149414e-01,9.999985694885253906e-01,9.999949336051940918e-01,-9.999831914901733398e-01,-9.999972581863403320e-01,-9.999986290931701660e-01,9.999986886978149414e-01,-9.999992847442626953e-01,-9.999986886978149414e-01,-9.999960660934448242e-01,9.999960064888000488e-01,9.999991059303283691e-01,9.999992847442626953e-01,9.999967217445373535e-01,9.999991655349731445e-01,-9.999988079071044922e-01,9.999990463256835938e-01,-9.999982118606567383e-01,-9.999855756759643555e-01,9.999947547912597656e-01,9.999832510948181152e-01,9.999986290931701660e-01,-9.999936223030090332e-01,-9.999989867210388184e-01,9.999956488609313965e-01,9.999967813491821289e-01,-9.999839067459106445e-01,-9.999980926513671875e-01,9.999992251396179199e-01,-9.999985098838806152e-01,9.999986886978149414e-01,9.999909400939941406e-01,-9.999820590019226074e-01,-9.999991655349731445e-01,-9.999903440475463867e-01,-9.994937777519226074e-01,9.999968409538269043e-01,-9.999987483024597168e-01,9.999866485595703125e-01,9.999980330467224121e-01,-9.999983906745910645e-01,9.999982118606567383e-01,9.999918341636657715e-01,-9.999991059303283691e-01,9.999991059303283691e-01,-9.999970793724060059e-01,9.999971985816955566e-01,-9.999991059303283691e-01,9.998764395713806152e-01,-9.999066591262817383e-01,-9.999988675117492676e-01,-9.999976158142089844e-01,9.999843239784240723e-01,9.999986886978149414e-01,9.999949932098388672e-01,-9.999986886978149414e-01,9.999987483024597168e-01,-9.999984502792358398e-01,9.999986290931701660e-01,9.999613165855407715e-01,-9.999992251396179199e-01,9.999980330467224121e-01,-9.999992251396179199e-01,9.999986290931701660e-01,9.999960064888000488e-01,9.999980330467224121e-01,9.999989867210388184e-01,-9.999971985816955566e-01,-9.999985098838806152e-01,9.999979734420776367e-01,9.999920725822448730e-01,9.999961256980895996e-01,-9.999918341636657715e-01,9.999958276748657227e-01
-9.999939203262329102e-01,9.999949932098388672e-01,9.999770522117614746e-01,-9.999921917915344238e-01,-9.999959468841552734e-01,9.999954700469970703e-01,-9.999839067459106445e-01,-9.999964237213134766e-01,9.999885559082031250e-01,-9.999933242797851562e-01,9.999954700469970703e-01,9.999958276748657227e-01,-9.999929070472717285e-01,-9.999943971633911133e-01,-9.999727606773376465e-01,-9.999855756759643555e-01,-9.999901652336120605e-01,9.999937415122985840e-01,-9.999744296073913574e-01,9.999966025352478027e-01,9.999961853027343750e-01,-9.999738931655883789e-01,-9.999947547912597656e-01,-9.999930262565612793e-01,-9.999576210975646973e-01,-9.999960660934448242e-01,9.999935626983642578e-01,9.999958276748657227e-01,-9.999609589576721191e-01,9.999853372573852539e-01,9.999704360961914062e-01,9.999937415122985840e-01,-9.999543428421020508e-01,-9.999852180480957031e-01,9.999921917915344238e-01,-9.998118877410888672e-01,-9.999961853027343750e-01,-9.999946951866149902e-01,-9.999656081199645996e-01,9.999958276748657227e-01,-9.999950528144836426e-01,9.999416470527648926e-01,-9.999289512634277344e-01,-9.999958276748657227e-01,-9.999938607215881348e-01,-9.999933838844299316e-01,9.999753236770629883e-01,-9.999944567680358887e-01,-9.999954700469970703e-01,9.999944567680358887e-01,9.999954700469970703e-01,9.999938011169433594e-01,9.999957680702209473e-01,9.999738335609436035e-01,9.999938011169433594e-01,9.999932050704956055e-01,9.999769926071166992e-01,-9.999226927757263184e-01,-9.999876618385314941e-01,-9.999937415122985840e-01,9.999941587448120117e-01,-9.999960064888000488e-01,-9.999940991401672363e-01,-9.999827146530151367e-01,9.999816417694091797e-01,9.999957680702209473e-01,9.999964237213134766e-01,9.999850988388061523e-01,9.999959468841552734e-01,-9.999945163726806641e-01,9.999953508377075195e-01,-9.999915361404418945e-01,-9.999333024024963379e-01,9.999758005142211914e-01,9.999230504035949707e-01,9.999937415122985840e-01,-9.999712705612182617e-01,-9.999952912330627441e-01,9.999797344207763672e-01,9.999851584434509277e-01,-9.999261498451232910e-01,-9.999914169311523438e-01,9.999957084655761719e-01,-9.999928474426269531e-01,9.999938011169433594e-01,9.999583959579467773e-01,-9.999174475669860840e-01,-9.999960064888000488e-01,-9.999555945396423340e-01,-9.976841211318969727e-01,9.999852776527404785e-01,-9.999939203262329102e-01,9.999391436576843262e-01,9.999910593032836914e-01,-9.999928474426269531e-01,9.999918937683105469e-01,9.999626278877258301e-01,-9.999962449073791504e-01,9.999955296516418457e-01,-9.999867081642150879e-01,9.999877214431762695e-01,-9.999957084655761719e-01,9.994340538978576660e-01,-9.995723962783813477e-01,-9.999949932098388672e-01,-9.999892711639404297e-01,9.999275207519531250e-01,9.999939799308776855e-01,9.999768137931823730e-01,-9.999944567680358887e-01,9.999943375587463379e-01,-9.999929070472717285e-01,9.999938011169433594e-01,9.998229742050170898e-01,-9.999963045120239258e-01,9.999911189079284668e-01,-9.999961256980895996e-01,9.999933838844299316e-01,9.999816417694091797e-01,9.999911189079284668e-01,9.999952912330627441e-01,-9.999870657920837402e-01,-9.999933838844299316e-01,9.999907612800598145e-01,9.999636411666870117e-01,9.999824762344360352e-01,-9.999622702598571777e-01,9.999808669090270996e-01
9.999979138374328613e-01,-9.999982714653015137e-01,-9.999921917915344238e-01,9.999973177909851074e-01,9.999985098838806152e-01,-9.999984502792358398e-01,9.999945759773254395e-01,9.999986886978149414e-01,-9.999961256980895996e-01,9.999976754188537598e-01,-9.999984502792358398e-01,-9.999986290931701660e-01,9.999975562095642090e-01,9.999979734420776367e-01,9.999908804893493652e-01,9.999950528144836426e-01,9.999966621398925781e-01,-9.999977946281433105e-01,9.999913573265075684e-01,-9.999988079071044922e-01,-9.999986886978149414e-01,9.999912381172180176e-01,9.999982118606567383e-01,9.999976158142089844e-01,9.999856948852539062e-01,9.999986886978149414e-01,-9.999977350234985352e-01,-9.999985694885253906e-01,9.999868869781494141e-01,-9.999949932098388672e-01,-9.999900460243225098e-01,-9.999978542327880859e-01,9.999846816062927246e-01,9.999950528144836426e-01,-9.999973177909851074e-01,9.999367594718933105e-01,9.999986290931701660e-01,9.999982118606567383e-01,9.999884366989135742e-01,-9.999985694885253906e-01,9.999983310699462891e-01,-9.999804496765136719e-01,9.999760985374450684e-01,9.999985098838806152e-01,9.999979138374328613e-01,9.999977946281433105e-01,-9.999916553497314453e-01,9.999980926513671875e-01,9.999983310699462891e-01,-9.999979734420776367e-01,-9.999983906745910645e-01,-9.999978542327880859e-01,-9.999984502792358398e-01,-9.999911189079284668e-01,-9.999979138374328613e-01,-9.999976754188537598e-01,-9.999922513961791992e-01,9.999740719795227051e-01,9.999958276748657227e-01,9.999978542327880859e-01,-9.999979138374328613e-01,9.999986886978149414e-01,9.999979734420776367e-01,9.999941587448120117e-01,-9.999938011169433594e-01,-9.999985098838806152e-01,-9.999988079071044922e-01,-9.999949932098388672e-01,-9.999986290931701660e-01,9.999981522560119629e-01,-9.999983310699462891e-01,9.999971389770507812e-01,9.999776482582092285e-01,-9.999918341636657715e-01,-9.999741911888122559e-01,-9.999977946281433105e-01,9.999902844429016113e-01,9.999983906745910645e-01,-9.999932646751403809e-01,-9.999949932098388672e-01,9.999751448631286621e-01,9.999970793724060059e-01,-9.999985098838806152e-01,9.999974966049194336e-01,-9.999979138374328613e-01,-9.999860525131225586e-01,9.999723434448242188e-01,9.999986290931701660e-01,9.999851584434509277e-01,9.992207884788513184e-01,-9.999950528144836426e-01,9.999979138374328613e-01,-9.999794960021972656e-01,-9.999969005584716797e-01,9.999975562095642090e-01,-9.999972581863403320e-01,-9.999874234199523926e-01,9.999986290931701660e-01,-9.999985098838806152e-01,9.999954700469970703e-01,-9.999958276748657227e-01,9.999984502792358398e-01,-9.998097419738769531e-01,9.998562932014465332e-01,9.999982714653015137e-01,9.999963641166687012e-01,-9.999756813049316406e-01,-9.999979734420776367e-01,-9.999921917915344238e-01,9.999979734420776367e-01,-9.999979734420776367e-01,9.999975562095642090e-01,-9.999978542327880859e-01,-9.999405145645141602e-01,9.999987483024597168e-01,-9.999969601631164551e-01,9.999986290931701660e-01,-9.999977350234985352e-01,-9.999937415122985840e-01,-9.999969005584716797e-01,-9.999982714653015137e-01,9.999956488609313965e-01,9.999977350234985352e-01,-9.999967813491821289e-01,-9.999878406524658203e-01,-9.999940991401672363e-01,9.999873042106628418e-01,-9.999935626983642578e-01
9.999989271163940430e-01,-9.999991655349731445e-01,-9.999959468841552734e-01,9.999985098838806152e-01,9.999992847442626953e-01,-9.999992251396179199e-01,9.999970793724060059e-01,9.999994039535522461e-01,-9.999980330467224121e-01,9.999987483024597168e-01,-9.999993443489074707e-01,-9.999992847442626953e-01,9.999986886978149414e-01,9.999990463256835938e-01,9.999951720237731934e-01,9.999973773956298828e-01,9.999982118606567383e-01,-9.999989271163940430e-01,9.999954700469970703e-01,-9.999994039535522461e-01,-9.999993443489074707e-01,9.999954104423522949e-01,9.999991059303283691e-01,9.999987483024597168e-01,9.999924898147583008e-01,9.999994039535522461e-01,-9.999988675117492676e-01,-9.999992847442626953e-01,9.999930858612060547e-01,-9.999973773956298828e-01,-9.999948143959045410e-01,-9.999988675117492676e-01,9.999919533729553223e-01,9.999973177909851074e-01,-9.999986886978149414e-01,9.999666213989257812e-01,9.999992847442626953e-01,9.999991059303283691e-01,9.999939799308776855e-01,-9.999992847442626953e-01,9.999992847442626953e-01,-9.999896883964538574e-01,9.999874830245971680e-01,9.999992251396179199e-01,9.999988675117492676e-01,9.999988079071044922e-01,-9.999956488609313965e-01,9.999990463256835938e-01,9.999992251396179199e-01,-9.999990463256835938e-01,-9.999992251396179199e-01,-9.999988675117492676e-01,-9.999992847442626953e-01,-9.999953508377075195e-01,-9.999989271163940430e-01,-9.999988675117492676e-01,-9.999958872795104980e-01,9.999863505363464355e-01,9.999977946281433105e-01,9.999988675117492676e-01,-9.999989271163940430e-01,9.999994039535522461e-01,9.999989271163940430e-01,9.999968409538269043e-01,-9.999966621398925781e-01,-9.999993443489074707e-01,-9.999994635581970215e-01,-9.999973177909851074e-01,-9.999992847442626953e-01,9.999991059303283691e-01,-9.999992251396179199e-01,9.999985694885253906e-01,9.999881982803344727e-01,-9.999956488609313965e-01,-9.999864101409912109e-01,-9.999988079071044922e-01,9.999948143959045410e-01,9.999992251396179199e-01,-9.999964833259582520e-01,-9.999973177909851074e-01,9.999868273735046387e-01,9.999984502792358398e-01,-9.999992847442626953e-01,9.999986886978149414e-01,-9.999989271163940430e-01,-9.999926686286926270e-01,9.999853968620300293e-01,9.999993443489074707e-01,9.999921917915344238e-01,9.995891451835632324e-01,-9.999974370002746582e-01,9.999989271163940430e-01,-9.999891519546508789e-01,-9.999983310699462891e-01,9.999986886978149414e-01,-9.999985694885253906e-01,-9.999933838844299316e-01,9.999993443489074707e-01,-9.999992251396179199e-01,9.999975562095642090e-01,-9.999977350234985352e-01,9.999992847442626953e-01,-9.998996853828430176e-01,9.999241828918457031e-01,9.999991655349731445e-01,9.999979734420776367e-01,-9.999871850013732910e-01,-9.999989271163940430e-01,-9.999959468841552734e-01,9.999990463256835938e-01,-9.999990463256835938e-01,9.999987483024597168e-01,-9.999988079071044922e-01,-9.999687075614929199e-01,9.999994039535522461e-01,-9.999985098838806152e-01,9.999993443489074707e-01,-9.999988675117492676e-01,-9.999967217445373535e-01,-9.999983906745910645e-01,-9.999992251396179199e-01,9.999976754188537598e-01,9.999988079071044922e-01,-9.999983310699462891e-01,-9.999936819076538086e-01,-9.999969601631164551e-01,9.999933242797851562e-01,-9.999965429306030273e-01
-9.999988079071044922e-01,9.999990463256835938e-01,9.999954700469970703e-01,-9.999984502792358398e-01,-9.999992251396179199e-01,9.999991655349731445e-01,-9.999969005584716797e-01,-9.999994039535522461e-01,9.999977946281433105e-01,-9.999986290931701660e-01,9.999991655349731445e-01,9.999992251396179199e-01,-9.999985694885253906e-01,-9.999988675117492676e-01,-9.999946355819702148e-01,-9.999971389770507812e-01,-9.999980330467224121e-01,9.999987483024597168e-01,-9.999950528144836426e-01,9.999993443489074707e-01,9.999992847442626953e-01,-9.999948740005493164e-01,-9.999989271163940430e-01,-9.999986886978149414e-01,-9.999916553497314453e-01,-9.999992847442626953e-01,9.999988079071044922e-01,9.999993443489074707e-01,-9.999924302101135254e-01,9.999970793724060059e-01,9.999941587448120117e-01,9.999987483024597168e-01,-9.999911189079284668e-01,-9.999970197677612305e-01,9.999984502792358398e-01,-9.999629855155944824e-01,-9.999992847442626953e-01,-9.999989271163940430e-01,-9.999933242797851562e-01,9.999992847442626953e-01,-9.999990463256835938e-01,9.999885559082031250e-01,-9.999860525131225586e-01,-9.999992251396179199e-01,-9.999988675117492676e-01,-9.999986886978149414e-01,9.999951720237731934e-01,-9.999989271163940430e-01,-9.999991655349731445e-01,9.999988675117492676e-01,9.999991655349731445e-01,9.999988079071044922e-01,9.999992251396179199e-01,9.999948740005493164e-01,9.999988675117492676e-01,9.999987483024597168e-01,9.999954700469970703e-01,-9.999848604202270508e-01,-9.999975562095642090e-01,-9.999988079071044922e-01,9.999989271163940430e-01,-9.999992847442626953e-01,-9.999988079071044922e-01,-9.999965429306030273e-01,9.999963045120239258e-01,9.999992847442626953e-01,9.999994039535522461e-01,9.999970197677612305e-01,9.999992847442626953e-01,-9.999989867210388184e-01,9.999991655349731445e-01,-9.999983906745910645e-01,-9.999869465827941895e-01,9.999953508377075195e-01,9.999849200248718262e-01,9.999987483024597168e-01,-9.999943375587463379e-01,-9.999991059303283691e-01,9.999960660934448242e-01,9.999970793724060059e-01,-9.999855160713195801e-01,-9.999982714653015137e-01,9.999991655349731445e-01,-9.999985694885253906e-01,9.999988079071044922e-01,9.999918937683105469e-01,-9.999838471412658691e-01,-9.999992847442626953e-01,-9.999912977218627930e-01,-9.995440244674682617e-01,9.999971389770507812e-01,-9.999988079071044922e-01,9.999880790710449219e-01,9.999982118606567383e-01,-9.999985694885253906e-01,9.999983906745910645e-01,9.999926686286926270e-01,-9.999992847442626953e-01,9.999991655349731445e-01,-9.999973177909851074e-01,9.999975562095642090e-01,-9.999991655349731445e-01,9.998887181282043457e-01,-9.999159574508666992e-01,-9.999991655349731445e-01,-9.999978542327880859e-01,9.999857544898986816e-01,9.999988079071044922e-01,9.999955296516418457e-01,-9.999988675117492676e-01,9.999988675117492676e-01,-9.999986886978149414e-01,9.999987483024597168e-01,9.999651312828063965e-01,-9.999993443489074707e-01,9.999982118606567383e-01,-9.999992847442626953e-01,9.999987483024597168e-01,9.999963641166687012e-01,9.999982118606567383e-01,9.999991059303283691e-01,-9.999974966049194336e-01,-9.999987483024597168e-01,9.999981522560119629e-01,9.999929666519165039e-01,9.999964833259582520e-01,-9.999926686286926270e-01,9.999961853027343750e-01
9.999957084655761719e-01,-9.999965429306030273e-01,-9.999839067459106445e-01,9.999945759773254395e-01,9.999970793724060059e-01,-9.999969005584716797e-01,9.999887347221374512e-01,9.999974966049194336e-01,-9.999920129776000977e-01,9.999952912330627441e-01,-9.999967217445373535e-01,-9.999970793724060059e-01,9.999950528144836426e-01,9.999960064888000488e-01,9.999809265136718750e-01,9.999898672103881836e-01,9.999931454658508301e-01,-9.999957084655761719e-01,9.999819993972778320e-01,-9.999975562095642090e-01,-9.999972581863403320e-01,9.999817609786987305e-01,9.999962449073791504e-01,9.999951720237731934e-01,9.999703168869018555e-01,9.999972581863403320e-01,-9.999955296516418457e-01,-9.999970197677612305e-01,9.999726414680480957e-01,-9.999897480010986328e-01,-9.999791979789733887e-01,-9.999957084655761719e-01,9.999680519104003906e-01,9.999896287918090820e-01,-9.999946355819702148e-01,9.998679757118225098e-01,9.999972581863403320e-01,9.999962449073791504e-01,9.999759197235107422e-01,-9.999970197677612305e-01,9.999964833259582520e-01,-9.999591112136840820e-01,9.999502301216125488e-01,9.999970793724060059e-01,9.999957084655761719e-01,9.999954700469970703e-01,-9.999827742576599121e-01,9.999960660934448242e-01,9.999967813491821289e-01,-9.999960660934448242e-01,-9.999967813491821289e-01,-9.999957084655761719e-01,-9.999970197677612305e-01,-9.999816417694091797e-01,-9.999957084655761719e-01,-9.999952912330627441e-01,-9.999837875366210938e-01,9.999457597732543945e-01,9.999913573265075684e-01,9.999957084655761719e-01,-9.999959468841552734e-01,9.999973177909851074e-01,9.999959468841552734e-01,9.999878406524658203e-01,-9.999871850013732910e-01,-9.999970197677612305e-01,-9.999975562095642090e-01,-9.999895691871643066e-01,-9.999972581863403320e-01,9.999961256980895996e-01,-9.999966621398925781e-01,9.999940395355224609e-01,9.999533295631408691e-01,-9.999830722808837891e-01,-9.999459385871887207e-01,-9.999957084655761719e-01,9.999798536300659180e-01,9.999966621398925781e-01,-9.999858736991882324e-01,-9.999895691871643066e-01,9.999482035636901855e-01,9.999939799308776855e-01,-9.999969005584716797e-01,9.999949932098388672e-01,-9.999956488609313965e-01,-9.999709725379943848e-01,9.999421834945678711e-01,9.999971985816955566e-01,9.999690055847167969e-01,9.983742833137512207e-01,-9.999897480010986328e-01,9.999958276748657227e-01,-9.999573230743408203e-01,-9.999938011169433594e-01,9.999950528144836426e-01,-9.999943971633911133e-01,-9.999738931655883789e-01,9.999973773956298828e-01,-9.999968409538269043e-01,9.999906420707702637e-01,-9.999914169311523438e-01,9.999969601631164551e-01,-9.996029138565063477e-01,9.997000098228454590e-01,9.999964237213134766e-01,9.999925494194030762e-01,-9.999491572380065918e-01,-9.999958872795104980e-01,-9.999837875366210938e-01,9.999960660934448242e-01,-9.999960064888000488e-01,9.999951124191284180e-01,-9.999955892562866211e-01,-9.998758435249328613e-01,9.999973773956298828e-01,-9.999938011169433594e-01,9.999972581863403320e-01,-9.999954104423522949e-01,-9.999871253967285156e-01,-9.999938011169433594e-01,-9.999966621398925781e-01,9.999909400939941406e-01,9.999953508377075195e-01,-9.999935626983642578e-01,-9.999745488166809082e-01,-9.999877214431762695e-01,9.999736547470092773e-01,-9.999865889549255371e-01
9.999991059303283691e-01,-9.999992251396179199e-01,-9.999964237213134766e-01,9.999986886978149414e-01,9.999994039535522461e-01,-9.999994039535522461e-01,9.999974966049194336e-01,9.999994635581970215e-01,-9.999981522560119629e-01,9.999988675117492676e-01,-9.999992847442626953e-01,-9.999994039535522461e-01,9.999988675117492676e-01,9.999991655349731445e-01,9.999957084655761719e-01,9.999976754188537598e-01,9.999984502792358398e-01,-9.999990463256835938e-01,9.999960064888000488e-01,-9.999995231628417969e-01,-9.999994039535522461e-01,9.999958872795104980e-01,9.999992251396179199e-01,9.999988675117492676e-01,9.999932646751403809e-01,9.999995231628417969e-01,-9.999989867210388184e-01,-9.999994635581970215e-01,9.999938607215881348e-01,-9.999976754188537598e-01,-9.999953508377075195e-01,-9.999990463256835938e-01,9.999928474426269531e-01,9.999976158142089844e-01,-9.999988079071044922e-01,9.999704360961914062e-01,9.999994635581970215e-01,9.999992251396179199e-01,9.999946355819702148e-01,-9.999994635581970215e-01,9.999993443489074707e-01,-9.999908804893493652e-01,9.999888539314270020e-01,9.999994039535522461e-01,9.999990463256835938e-01,9.999989867210388184e-01,-9.999961853027343750e-01,9.999991655349731445e-01,9.999992251396179199e-01,-9.999991655349731445e-01,-9.999993443489074707e-01,-9.999991059303283691e-01,-9.999993443489074707e-01,-9.999958872795104980e-01,-9.999991655349731445e-01,-9.999989867210388184e-01,-9.999964237213134766e-01,9.999878406524658203e-01,9.999980330467224121e-01,9.999990463256835938e-01,-9.999991059303283691e-01,9.999994039535522461e-01,9.999991059303283691e-01,9.999971985816955566e-01,-9.999971389770507812e-01,-9.999994039535522461e-01,-9.999995231628417969e-01,-9.999976754188537598e-01,-9.999993443489074707e-01,9.999991655349731445e-01,-9.999993443489074707e-01,9.999986886978149414e-01,9.999895095825195312e-01,-9.999961256980895996e-01,-9.999879002571105957e-01,-9.999990463256835938e-01,9.999954700469970703e-01,9.999994039535522461e-01,-9.999967813491821289e-01,-9.999976754188537598e-01,9.999883770942687988e-01,9.999986290931701660e-01,-9.999993443489074707e-01,9.999988675117492676e-01,-9.999991655349731445e-01,-9.999934434890747070e-01,9.999870657920837402e-01,9.999994039535522461e-01,9.999930262565612793e-01,9.996346235275268555e-01,-9.999977350234985352e-01,9.999991059303283691e-01,-9.999904036521911621e-01,-9.999985694885253906e-01,9.999988675117492676e-01,-9.999986886978149414e-01,-9.999942183494567871e-01,9.999994635581970215e-01,-9.999993443489074707e-01,9.999978542327880859e-01,-9.999980330467224121e-01,9.999993443489074707e-01,-9.999108314514160156e-01,9.999326467514038086e-01,9.999992251396179199e-01,9.999982714653015137e-01,-9.999886751174926758e-01,-9.999991059303283691e-01,-9.999964237213134766e-01,9.999991655349731445e-01,-9.999990463256835938e-01,9.999989271163940430e-01,-9.999990463256835938e-01,-9.999721646308898926e-01,9.999994635581970215e-01,-9.999986886978149414e-01,9.999994039535522461e-01,-9.999989867210388184e-01,-9.999970793724060059e-01,-9.999985694885253906e-01,-9.999992251396179199e-01,9.999979138374328613e-01,9.999989271163940430e-01,-9.999985098838806152e-01,-9.999943971633911133e-01,-9.999972581863403320e-01,9.999941587448120117e-01,-9.999969601631164551e-01
-9.999970197677612305e-01,9.999975562095642090e-01,9.999885559082031250e-01,-9.999961256980895996e-01,-9.999980330467224121e-01,9.999977946281433105e-01,-9.999920129776000977e-01,-9.999981522560119629e-01,9.999943375587463379e-01,-9.999966025352478027e-01,9.999976754188537598e-01,9.999979138374328613e-01,-9.999963641166687012e-01,-9.999971389770507812e-01,-9.999864697456359863e-01,-9.999927878379821777e-01,-9.999951124191284180e-01,9.999969601631164551e-01,-9.999871850013732910e-01,9.999982714653015137e-01,9.999980330467224121e-01,-9.999870061874389648e-01,-9.999973177909851074e-01,-9.999964833259582520e-01,-9.999788999557495117e-01,-9.999980330467224121e-01,9.999967217445373535e-01,9.999979138374328613e-01,-9.999805688858032227e-01,9.999927282333374023e-01,9.999853372573852539e-01,9.999968409538269043e-01,-9.999774098396301270e-01,-9.999926090240478516e-01,9.999960660934448242e-01,-9.999062418937683105e-01,-9.999980926513671875e-01,-9.999973177909851074e-01,-9.999829530715942383e-01,9.999979138374328613e-01,-9.999975562095642090e-01,9.999709725379943848e-01,-9.999646544456481934e-01,-9.999979138374328613e-01,-9.999969005584716797e-01,-9.999968409538269043e-01,9.999877214431762695e-01,-9.999971985816955566e-01,-9.999976754188537598e-01,9.999971985816955566e-01,9.999977350234985352e-01,9.999969005584716797e-01,9.999978542327880859e-01,9.999869465827941895e-01,9.999969601631164551e-01,9.999966621398925781e-01,9.999885559082031250e-01,-9.999614953994750977e-01,-9.999938607215881348e-01,-9.999969601631164551e-01,9.999970793724060059e-01,-9.999981522560119629e-01,-9.999970197677612305e-01,-9.999913573265075684e-01,9.999908804893493652e-01,9.999978542327880859e-01,9.999982118606567383e-01,9.999926686286926270e-01,9.999980330467224121e-01,-9.999972581863403320e-01,9.999976158142089844e-01,-9.999957680702209473e-01,-9.999668598175048828e-01,9.999879598617553711e-01,9.999616146087646484e-01,9.999969005584716797e-01,-9.999856948852539062e-01,-9.999976158142089844e-01,9.999898672103881836e-01,9.999925494194030762e-01,-9.999632835388183594e-01,-9.999957084655761719e-01,9.999977946281433105e-01,-9.999963045120239258e-01,9.999969005584716797e-01,9.999793171882629395e-01,-9.999589323997497559e-01,-9.999979734420776367e-01,-9.999779462814331055e-01,-9.988450407981872559e-01,9.999927878379821777e-01,-9.999970197677612305e-01,9.999697208404541016e-01,9.999955892562866211e-01,-9.999963641166687012e-01,9.999960064888000488e-01,9.999814629554748535e-01,-9.999980926513671875e-01,9.999977350234985352e-01,-9.999933838844299316e-01,9.999939203262329102e-01,-9.999979138374328613e-01,9.997180700302124023e-01,-9.997870326042175293e-01,-9.999975562095642090e-01,-9.999946951866149902e-01,9.999639391899108887e-01,9.999969601631164551e-01,9.999884366989135742e-01,-9.999971985816955566e-01,9.999970793724060059e-01,-9.999965429306030273e-01,9.999968409538269043e-01,9.999117851257324219e-01,-9.999981522560119629e-01,9.999956488609313965e-01,-9.999980330467224121e-01,9.999967217445373535e-01,9.999908804893493652e-01,9.999955892562866211e-01,9.999975562095642090e-01,-9.999936223030090332e-01,-9.999967217445373535e-01,9.999954104423522949e-01,9.999819993972778320e-01,9.999912977218627930e-01,-9.999812841415405273e-01,9.999905228614807129e-01
9.999982118606567383e-01,-9.999984502792358398e-01,-9.999933242797851562e-01,9.999976754188537598e-01,9.999987483024597168e-01,-9.999986290931701660e-01,9.999952912330627441e-01,9.999988675117492676e-01,-9.999966025352478027e-01,9.999979734420776367e-01,-9.999985694885253906e-01,-9.999987483024597168e-01,9.999978542327880859e-01,9.999982714653015137e-01,9.999920725822448730e-01,9.999957680702209473e-01,9.999970793724060059e-01,-9.999980926513671875e-01,9.999926090240478516e-01,-9.999990463256835938e-01,-9.999988079071044922e-01,9.999924302101135254e-01,9.999984502792358398e-01,9.999979138374328613e-01,9.999877810478210449e-01,9.999988675117492676e-01,-9.999981522560119629e-01,-9.999988079071044922e-01,9.999887347221374512e-01,-9.999957084655761719e-01,-9.999914765357971191e-01,-9.999980926513671875e-01,9.999869465827941895e-01,9.999957084655761719e-01,-9.999976754188537598e-01,9.999459385871887207e-01,9.999988675117492676e-01,9.999984502792358398e-01,9.999901056289672852e-01,-9.999986886978149414e-01,9.999984502792358398e-01,-9.999832510948181152e-01,9.999796152114868164e-01,9.999987483024597168e-01,9.999982118606567383e-01,9.999980926513671875e-01,-9.999929070472717285e-01,9.999982714653015137e-01,9.999985694885253906e-01,-9.999982714653015137e-01,-9.999986290931701660e-01,-9.999981522560119629e-01,-9.999986886978149414e-01,-9.999923706054687500e-01,-9.999982118606567383e-01,-9.999980330467224121e-01,-9.999933838844299316e-01,9.999777674674987793e-01,9.999963045120239258e-01,9.999982118606567383e-01,-9.999983310699462891e-01,9.999988079071044922e-01,9.999981522560119629e-01,9.999949336051940918e-01,-9.999946355819702148e-01,-9.999987483024597168e-01,-9.999989867210388184e-01,-9.999956488609313965e-01,-9.999988079071044922e-01,9.999983906745910645e-01,-9.999985694885253906e-01,9.999974966049194336e-01,9.999808073043823242e-01,-9.999930858612060547e-01,-9.999778866767883301e-01,-9.999980926513671875e-01,9.999916553497314453e-01,9.999985694885253906e-01,-9.999941587448120117e-01,-9.999957084655761719e-01,9.999787807464599609e-01,9.999974370002746582e-01,-9.999986886978149414e-01,9.999977946281433105e-01,-9.999981522560119629e-01,-9.999880790710449219e-01,9.999762773513793945e-01,9.999988079071044922e-01,9.999871850013732910e-01,9.993341565132141113e-01,-9.999957680702209473e-01,9.999982118606567383e-01,-9.999824166297912598e-01,-9.999973177909851074e-01,9.999978542327880859e-01,-9.999975562095642090e-01,-9.999892115592956543e-01,9.999988079071044922e-01,-9.999986886978149414e-01,9.999960064888000488e-01,-9.999964237213134766e-01,9.999986886978149414e-01,-9.998375177383422852e-01,9.998770952224731445e-01,9.999984502792358398e-01,9.999968409538269043e-01,-9.999791383743286133e-01,-9.999981522560119629e-01,-9.999933242797851562e-01,9.999982714653015137e-01,-9.999982714653015137e-01,9.999979138374328613e-01,-9.999980926513671875e-01,-9.999489784240722656e-01,9.999988675117492676e-01,-9.999974370002746582e-01,9.999988079071044922e-01,-9.999980926513671875e-01,-9.999946355819702148e-01,-9.999973177909851074e-01,-9.999985694885253906e-01,9.999960660934448242e-01,9.999979734420776367e-01,-9.999972581863403320e-01,-9.999895691871643066e-01,-9.999948740005493164e-01,9.999891519546508789e-01,-9.999944567680358887e-01
-9.999987483024597168e-01,9.999990463256835938e-01,9.999954700469970703e-01,-9.999984502792358398e-01,-9.999993443489074707e-01,9.999991655349731445e-01,-9.999967217445373535e-01,-9.999992847442626953e-01,9.999976754188537598e-01,-9.999985694885253906e-01,9.999991059303283691e-01,9.999992251396179199e-01,-9.999986290931701660e-01,-9.999988675117492676e-01,-9.999945759773254395e-01,-9.999970793724060059e-01,-9.999980330467224121e-01,9.999988079071044922e-01,-9.999949336051940918e-01,9.999993443489074707e-01,9.999992847442626953e-01,-9.999948740005493164e-01,-9.999989271163940430e-01,-9.999985694885253906e-01,-9.999915361404418945e-01,-9.999992847442626953e-01,9.999987483024597168e-01,9.999992251396179199e-01,-9.999921917915344238e-01,9.999971389770507812e-01,9.999941587448120117e-01,9.999988079071044922e-01,-9.999909400939941406e-01,-9.999970197677612305e-01,9.999983906745910645e-01,-9.999622702598571777e-01,-9.999992847442626953e-01,-9.999989271163940430e-01,-9.999932050704956055e-01,9.999992251396179199e-01,-9.999991655349731445e-01,9.999883174896240234e-01,-9.999858140945434570e-01,-9.999992251396179199e-01,-9.999987483024597168e-01,-9.999987483024597168e-01,9.999951124191284180e-01,-9.999988675117492676e-01,-9.999991059303283691e-01,9.999988675117492676e-01,9.999991059303283691e-01,9.999987483024597168e-01,9.999991655349731445e-01,9.999948143959045410e-01,9.999988079071044922e-01,9.999986886978149414e-01,9.999953508377075195e-01,-9.999845623970031738e-01,-9.999974966049194336e-01,-9.999987483024597168e-01,9.999988079071044922e-01,-9.999993443489074707e-01,-9.999988079071044922e-01,-9.999964237213134766e-01,9.999962449073791504e-01,9.999992847442626953e-01,9.999994039535522461e-01,9.999969601631164551e-01,9.999992847442626953e-01,-9.999989271163940430e-01,9.999990463256835938e-01,-9.999983310699462891e-01,-9.999866485595703125e-01,9.999951720237731934e-01,9.999846220016479492e-01,9.999987483024597168e-01,-9.999942183494567871e-01,-9.999991059303283691e-01,9.999959468841552734e-01,9.999970197677612305e-01,-9.999852180480957031e-01,-9.999982714653015137e-01,9.999992847442626953e-01,-9.999986290931701660e-01,9.999988079071044922e-01,9.999917149543762207e-01,-9.999834895133972168e-01,-9.999992251396179199e-01,-9.999911189079284668e-01,-9.995353221893310547e-01,9.999970197677612305e-01,-9.999987483024597168e-01,9.999878406524658203e-01,9.999982118606567383e-01,-9.999985694885253906e-01,9.999983310699462891e-01,9.999926090240478516e-01,-9.999992847442626953e-01,9.999991655349731445e-01,-9.999973177909851074e-01,9.999974966049194336e-01,-9.999991655349731445e-01,9.998865723609924316e-01,-9.999142885208129883e-01,-9.999989867210388184e-01,-9.999978542327880859e-01,9.999855160713195801e-01,9.999988079071044922e-01,9.999954104423522949e-01,-9.999988675117492676e-01,9.999988675117492676e-01,-9.999985694885253906e-01,9.999987483024597168e-01,9.999644756317138672e-01,-9.999992847442626953e-01,9.999983310699462891e-01,-9.999992847442626953e-01,9.999986290931701660e-01,9.999962449073791504e-01,9.999982118606567383e-01,9.999991059303283691e-01,-9.999974370002746582e-01,-9.999986290931701660e-01,9.999981522560119629e-01,9.999927282333374023e-01,9.999964237213134766e-01,-9.999925494194030762e-01,9.999961256980895996e-01
-9.999989271163940430e-01,9.999991655349731445e-01,9.999958276748657227e-01,-9.999986290931701660e-01,-9.999992847442626953e-01,9.999992251396179199e-01,-9.999970793724060059e-01,-9.999994039535522461e-01,9.999979138374328613e-01,-9.999987483024597168e-01,9.999992251396179199e-01,9.999992251396179199e-01,-9.999986886978149414e-01,-9.999989271163940430e-01,-9.999951720237731934e-01,-9.999973177909851074e-01,-9.999982118606567383e-01,9.999988675117492676e-01,-9.999953508377075195e-01,9.999994039535522461e-01,9.999993443489074707e-01,-9.999953508377075195e-01,-9.999989867210388184e-01,-9.999987483024597168e-01,-9.999924898147583008e-01,-9.999993443489074707e-01,9.999988079071044922e-01,9.999992847442626953e-01,-9.999930858612060547e-01,9.999972581863403320e-01,9.999946951866149902e-01,9.999988675117492676e-01,-9.999918937683105469e-01,-9.999973177909851074e-01,9.999985694885253906e-01,-9.999664425849914551e-01,-9.999992847442626953e-01,-9.999991059303283691e-01,-9.999939799308776855e-01,9.999992847442626953e-01,-9.999991655349731445e-01,9.999896287918090820e-01,-9.999873638153076172e-01,-9.999992847442626953e-01,-9.999988675117492676e-01,-9.999988079071044922e-01,9.999955296516418457e-01,-9.999990463256835938e-01,-9.999992251396179199e-01,9.999990463256835938e-01,9.999992251396179199e-01,9.999988079071044922e-01,9.999991655349731445e-01,9.999952912330627441e-01,9.999989271163940430e-01,9.999988675117492676e-01,9.999958872795104980e-01,-9.999862909317016602e-01,-9.999977350234985352e-01,-9.999988675117492676e-01,9.999988675117492676e-01,-9.999993443489074707e-01,-9.999989271163940430e-01,-9.999967813491821289e-01,9.999966621398925781e-01,9.999993443489074707e-01,9.999994039535522461e-01,9.999973177909851074e-01,9.999993443489074707e-01,-9.999990463256835938e-01,9.999991059303283691e-01,-9.999985098838806152e-01,-9.999881386756896973e-01,9.999956488609313965e-01,9.999862313270568848e-01,9.999988079071044922e-01,-9.999948740005493164e-01,-9.999992251396179199e-01,9.999963045120239258e-01,9.999973773956298828e-01,-9.999868869781494141e-01,-9.999984502792358398e-01,9.999992847442626953e-01,-9.999987483024597168e-01,9.999988675117492676e-01,9.999926090240478516e-01,-9.999853372573852539e-01,-9.999993443489074707e-01,-9.999921321868896484e-01,-9.995869994163513184e-01,9.999973177909851074e-01,-9.999989271163940430e-01,9.999890923500061035e-01,9.999983310699462891e-01,-9.999986886978149414e-01,9.999985694885253906e-01,9.999934434890747070e-01,-9.999992847442626953e-01,9.999992251396179199e-01,-9.999976158142089844e-01,9.999977350234985352e-01,-9.999992847442626953e-01,9.998992085456848145e-01,-9.999237656593322754e-01,-9.999991655349731445e-01,-9.999980926513671875e-01,9.999871850013732910e-01,9.999989271163940430e-01,9.999959468841552734e-01,-9.999990463256835938e-01,9.999990463256835938e-01,-9.999987483024597168e-01,9.999988079071044922e-01,9.999684095382690430e-01,-9.999994039535522461e-01,9.999983906745910645e-01,-9.999992847442626953e-01,9.999988675117492676e-01,9.999966621398925781e-01,9.999983310699462891e-01,9.999992251396179199e-01,-9.999976754188537598e-01,-9.999988079071044922e-01,9.999982714653015137e-01,9.999935626983642578e-01,9.999968409538269043e-01,-9.999933838844299316e-01,9.999965429306030273e-01
