9.999981522560119629e-01,-9.999984502792358398e-01,-9.999939203262329102e-01,9.999967813491821289e-01,9.999988675117492676e-01,-9.999986290931701660e-01,9.999941587448120117e-01,9.999989271163940430e-01,-9.999894499778747559e-01,9.999984502792358398e-01,-9.999986886978149414e-01,-9.999988675117492676e-01,9.999976158142089844e-01,9.999982714653015137e-01,9.999955296516418457e-01,9.999918937683105469e-01,9.999973177909851074e-01,-9.999974370002746582e-01,9.999914169311523438e-01,-9.999991059303283691e-01,-9.999988675117492676e-01,9.999942779541015625e-01,9.999985098838806152e-01,9.999966025352478027e-01,9.999892115592956543e-01,9.999988079071044922e-01,-9.999980330467224121e-01,-9.999986290931701660e-01,9.999915361404418945e-01,-9.999966621398925781e-01,-9.999895691871643066e-01,-9.999977946281433105e-01,9.999805092811584473e-01,9.999939799308776855e-01,-9.999978542327880859e-01,9.999533295631408691e-01,9.999988079071044922e-01,9.999983906745910645e-01,9.999787211418151855e-01,-9.999986886978149414e-01,9.999985098838806152e-01,9.999917149543762207e-01,9.999802708625793457e-01,9.999988079071044922e-01,9.999980330467224121e-01,9.999976754188537598e-01,-9.999930858612060547e-01,9.999985694885253906e-01,9.999984502792358398e-01,-9.999983310699462891e-01,-9.999987483024597168e-01,-9.999985694885253906e-01,-9.999986290931701660e-01,-9.999928474426269531e-01,-9.999985694885253906e-01,-9.999979138374328613e-01,9.999766349792480469e-01,9.999948143959045410e-01,9.999930262565612793e-01,9.999981522560119629e-01,-9.999982118606567383e-01,9.999988079071044922e-01,9.999981522560119629e-01,9.999953508377075195e-01,-9.999927878379821777e-01,-9.999987483024597168e-01,-9.999990463256835938e-01,-9.999949932098388672e-01,-9.999989271163940430e-01,9.999981522560119629e-01,-9.999987483024597168e-01,9.999940395355224609e-01,-9.999951124191284180e-01,-9.999933242797851562e-01,-9.999859333038330078e-01,-9.999983906745910645e-01,9.999898076057434082e-01,9.999986290931701660e-01,-9.999923706054687500e-01,-9.999948740005493164e-01,9.999923706054687500e-01,9.999974370002746582e-01,-9.999987483024597168e-01,9.999980330467224121e-01,-9.999982118606567383e-01,-9.999806284904479980e-01,-9.999515414237976074e-01,9.999988675117492676e-01,9.999926686286926270e-01,9.999917745590209961e-01,-9.999921321868896484e-01,9.999981522560119629e-01,-9.999858736991882324e-01,-9.999970793724060059e-01,9.999968409538269043e-01,-9.999977350234985352e-01,-9.999853372573852539e-01,9.999988675117492676e-01,-9.999986290931701660e-01,9.999971985816955566e-01,-9.999967813491821289e-01,9.999988675117492676e-01,9.999552965164184570e-01,9.999571442604064941e-01,9.999986290931701660e-01,9.999945759773254395e-01,-9.999801516532897949e-01,-9.999983906745910645e-01,-9.999939203262329102e-01,9.999984502792358398e-01,-9.999984502792358398e-01,9.999970793724060059e-01,-9.999980330467224121e-01,-9.998688101768493652e-01,9.999989271163940430e-01,-9.999961853027343750e-01,9.999989867210388184e-01,-9.999976754188537598e-01,-9.999952316284179688e-01,-9.999955296516418457e-01,-9.999981522560119629e-01,9.999966621398925781e-01,9.999971389770507812e-01,-9.999965429306030273e-01,-9.999909996986389160e-01,-9.999940395355224609e-01,9.999079704284667969e-01,-9.999883770942687988e-01
-9.999984502792358398e-01,9.999987483024597168e-01,9.999947547912597656e-01,-9.999973177909851074e-01,-9.999990463256835938e-01,9.999988675117492676e-01,-9.999950528144836426e-01,-9.999991655349731445e-01,9.999909400939941406e-01,-9.999987483024597168e-01,9.999989271163940430e-01,9.999990463256835938e-01,-9.999980330467224121e-01,-9.999985694885253906e-01,-9.999961853027343750e-01,-9.999930262565612793e-01,-9.999977350234985352e-01,9.999978542327880859e-01,-9.999926090240478516e-01,9.999992847442626953e-01,9.999991655349731445e-01,-9.999951124191284180e-01,-9.999987483024597168e-01,-9.999970793724060059e-01,-9.999907612800598145e-01,-9.999989867210388184e-01,9.999983310699462891e-01,9.999989271163940430e-01,-9.999927878379821777e-01,9.999972581863403320e-01,9.999909996986389160e-01,9.999981522560119629e-01,-9.999833703041076660e-01,-9.999948143959045410e-01,9.999981522560119629e-01,-9.999598860740661621e-01,-9.999991059303283691e-01,-9.999986886978149414e-01,-9.999818205833435059e-01,9.999989867210388184e-01,-9.999988079071044922e-01,-9.999929666519165039e-01,-9.999831318855285645e-01,-9.999991059303283691e-01,-9.999983906745910645e-01,-9.999981522560119629e-01,9.999941587448120117e-01,-9.999988079071044922e-01,-9.999987483024597168e-01,9.999986290931701660e-01,9.999989271163940430e-01,9.999988079071044922e-01,9.999988675117492676e-01,9.999938607215881348e-01,9.999987483024597168e-01,9.999982118606567383e-01,-9.999798536300659180e-01,-9.999955296516418457e-01,-9.999940991401672363e-01,-9.999983906745910645e-01,9.999984502792358398e-01,-9.999989867210388184e-01,-9.999985098838806152e-01,-9.999960660934448242e-01,9.999938607215881348e-01,9.999989867210388184e-01,9.999992847442626953e-01,9.999957680702209473e-01,9.999991059303283691e-01,-9.999983906745910645e-01,9.999990463256835938e-01,-9.999949336051940918e-01,9.999957680702209473e-01,9.999943375587463379e-01,9.999879002571105957e-01,9.999986886978149414e-01,-9.999912381172180176e-01,-9.999988675117492676e-01,9.999934434890747070e-01,9.999956488609313965e-01,-9.999934434890747070e-01,-9.999978542327880859e-01,9.999989867210388184e-01,-9.999983310699462891e-01,9.999984502792358398e-01,9.999833703041076660e-01,9.999582767486572266e-01,-9.999991059303283691e-01,-9.999936819076538086e-01,-9.999929070472717285e-01,9.999933242797851562e-01,-9.999985098838806152e-01,9.999879598617553711e-01,9.999974966049194336e-01,-9.999973773956298828e-01,9.999980926513671875e-01,9.999874830245971680e-01,-9.999991655349731445e-01,9.999989867210388184e-01,-9.999976754188537598e-01,9.999971985816955566e-01,-9.999991655349731445e-01,-9.999615550041198730e-01,-9.999632239341735840e-01,-9.999988079071044922e-01,-9.999954104423522949e-01,9.999829530715942383e-01,9.999986290931701660e-01,9.999948143959045410e-01,-9.999986886978149414e-01,9.999987483024597168e-01,-9.999975562095642090e-01,9.999983310699462891e-01,9.998869895935058594e-01,-9.999992847442626953e-01,9.999967813491821289e-01,-9.999992251396179199e-01,9.999979734420776367e-01,9.999959468841552734e-01,9.999960660934448242e-01,9.999983906745910645e-01,-9.999971389770507812e-01,-9.999976158142089844e-01,9.999971389770507812e-01,9.999922513961791992e-01,9.999948740005493164e-01,-9.999207258224487305e-01,9.999900460243225098e-01
-9.999939203262329102e-01,9.999947547912597656e-01,9.999796152114868164e-01,-9.999892711639404297e-01,-9.999959468841552734e-01,9.999955892562866211e-01,-9.999803304672241211e-01,-9.999964833259582520e-01,9.999642968177795410e-01,-9.999948143959045410e-01,9.999957680702209473e-01,9.999961256980895996e-01,-9.999923706054687500e-01,-9.999942183494567871e-01,-9.999852180480957031e-01,-9.999727606773376465e-01,-9.999912381172180176e-01,9.999915957450866699e-01,-9.999711513519287109e-01,9.999967217445373535e-01,9.999960660934448242e-01,-9.999809265136718750e-01,-9.999951124191284180e-01,-9.999887943267822266e-01,-9.999638795852661133e-01,-9.999960064888000488e-01,9.999935030937194824e-01,9.999957680702209473e-01,-9.999717473983764648e-01,9.999890327453613281e-01,9.999644756317138672e-01,9.999927878379821777e-01,-9.999344944953918457e-01,-9.999797940254211426e-01,9.999927878379821777e-01,-9.998430013656616211e-01,-9.999962449073791504e-01,-9.999947547912597656e-01,-9.999285340309143066e-01,9.999958872795104980e-01,-9.999951124191284180e-01,-9.999721646308898926e-01,-9.999334216117858887e-01,-9.999962449073791504e-01,-9.999935030937194824e-01,-9.999923706054687500e-01,9.999770522117614746e-01,-9.999954700469970703e-01,-9.999950528144836426e-01,9.999948143959045410e-01,9.999957680702209473e-01,9.999951720237731934e-01,9.999954700469970703e-01,9.999758005142211914e-01,9.999951124191284180e-01,9.999930262565612793e-01,-9.999212026596069336e-01,-9.999824166297912598e-01,-9.999765157699584961e-01,-9.999938011169433594e-01,9.999941587448120117e-01,-9.999960064888000488e-01,-9.999940991401672363e-01,-9.999843239784240723e-01,9.999759793281555176e-01,9.999960064888000488e-01,9.999966025352478027e-01,9.999831914901733398e-01,9.999963641166687012e-01,-9.999933838844299316e-01,9.999959468841552734e-01,-9.999802708625793457e-01,9.999835491180419922e-01,9.999778866767883301e-01,9.999521374702453613e-01,9.999946951866149902e-01,-9.999654889106750488e-01,-9.999955892562866211e-01,9.999742507934570312e-01,9.999826550483703613e-01,-9.999742507934570312e-01,-9.999914169311523438e-01,9.999958276748657227e-01,-9.999935030937194824e-01,9.999940395355224609e-01,9.999346137046813965e-01,9.998368620872497559e-01,-9.999961853027343750e-01,-9.999753832817077637e-01,-9.999722838401794434e-01,9.999734759330749512e-01,-9.999942183494567871e-01,9.999526143074035645e-01,9.999904036521911621e-01,-9.999895095825195312e-01,9.999926090240478516e-01,9.999508857727050781e-01,-9.999964237213134766e-01,9.999957680702209473e-01,-9.999908804893493652e-01,9.999892711639404297e-01,-9.999961256980895996e-01,-9.998497962951660156e-01,-9.998559355735778809e-01,-9.999953508377075195e-01,-9.999819993972778320e-01,9.999330639839172363e-01,9.999945759773254395e-01,9.999797940254211426e-01,-9.999948143959045410e-01,9.999949336051940918e-01,-9.999902844429016113e-01,9.999935030937194824e-01,9.995583295822143555e-01,-9.999965429306030273e-01,9.999876022338867188e-01,-9.999963641166687012e-01,9.999922513961791992e-01,9.999839663505554199e-01,9.999848604202270508e-01,9.999938011169433594e-01,-9.999889135360717773e-01,-9.999905824661254883e-01,9.999886751174926758e-01,9.999696016311645508e-01,9.999798536300659180e-01,-9.996901154518127441e-01,9.999608397483825684e-01
9.999967813491821289e-01,-9.999973177909851074e-01,-9.999892711639404297e-01,9.999943971633911133e-01,9.999979734420776367e-01,-9.999976754188537598e-01,9.999896883964538574e-01,9.999982118606567383e-01,-9.999812841415405273e-01,9.999973177909851074e-01,-9.999977946281433105e-01,-9.999980330467224121e-01,9.999960064888000488e-01,9.999969005584716797e-01,9.999922513961791992e-01,9.999856948852539062e-01,9.999953508377075195e-01,-9.999956488609313965e-01,9.999848604202270508e-01,-9.999982714653015137e-01,-9.999980330467224121e-01,9.999899864196777344e-01,9.999974966049194336e-01,9.999942183494567871e-01,9.999810457229614258e-01,9.999979138374328613e-01,-9.999965429306030273e-01,-9.999977350234985352e-01,9.999851584434509277e-01,-9.999942183494567871e-01,-9.999814629554748535e-01,-9.999961853027343750e-01,9.999656677246093750e-01,9.999894499778747559e-01,-9.999961853027343750e-01,9.999175071716308594e-01,9.999980330467224121e-01,9.999972581863403320e-01,9.999624490737915039e-01,-9.999978542327880859e-01,9.999973773956298828e-01,9.999854564666748047e-01,9.999650716781616211e-01,9.999980330467224121e-01,9.999966621398925781e-01,9.999960660934448242e-01,-9.999878406524658203e-01,9.999976158142089844e-01,9.999973773956298828e-01,-9.999971389770507812e-01,-9.999977946281433105e-01,-9.999974370002746582e-01,-9.999976754188537598e-01,-9.999873638153076172e-01,-9.999974370002746582e-01,-9.999963045120239258e-01,9.999585747718811035e-01,9.999908804893493652e-01,9.999876618385314941e-01,9.999966025352478027e-01,-9.999969005584716797e-01,9.999979734420776367e-01,9.999968409538269043e-01,9.999918341636657715e-01,-9.999873638153076172e-01,-9.999978542327880859e-01,-9.999983310699462891e-01,-9.999912381172180176e-01,-9.999980926513671875e-01,9.999966025352478027e-01,-9.999979138374328613e-01,9.999896287918090820e-01,-9.999913573265075684e-01,-9.999884366989135742e-01,-9.999749064445495605e-01,-9.999971389770507812e-01,9.999819397926330566e-01,9.999976754188537598e-01,-9.999865293502807617e-01,-9.999909400939941406e-01,9.999865293502807617e-01,9.999955892562866211e-01,-9.999978542327880859e-01,9.999965429306030273e-01,-9.999968409538269043e-01,-9.999656677246093750e-01,-9.999142885208129883e-01,9.999979734420776367e-01,9.999869465827941895e-01,9.999854564666748047e-01,-9.999861121177673340e-01,9.999970197677612305e-01,-9.999752044677734375e-01,-9.999949336051940918e-01,9.999945163726806641e-01,-9.999961256980895996e-01,-9.999742507934570312e-01,9.999981522560119629e-01,-9.999977350234985352e-01,9.999951720237731934e-01,-9.999943375587463379e-01,9.999980330467224121e-01,9.999210834503173828e-01,9.999243021011352539e-01,9.999975562095642090e-01,9.999905228614807129e-01,-9.999648928642272949e-01,-9.999971985816955566e-01,-9.999893903732299805e-01,9.999973177909851074e-01,-9.999973773956298828e-01,9.999949336051940918e-01,-9.999965429306030273e-01,-9.997680783271789551e-01,9.999982714653015137e-01,-9.999935030937194824e-01,9.999982118606567383e-01,-9.999960064888000488e-01,-9.999915957450866699e-01,-9.999921917915344238e-01,-9.999967217445373535e-01,9.999941587448120117e-01,9.999950528144836426e-01,-9.999940991401672363e-01,-9.999840259552001953e-01,-9.999894499778747559e-01,9.998372793197631836e-01,-9.999794363975524902e-01
9.999988675117492676e-01,-9.999990463256835938e-01,-9.999959468841552734e-01,9.999979734420776367e-01,9.999993443489074707e-01,-9.999991655349731445e-01,9.999960064888000488e-01,9.999993443489074707e-01,-9.999929070472717285e-01,9.999989867210388184e-01,-9.999992847442626953e-01,-9.999993443489074707e-01,9.999984502792358398e-01,9.999988079071044922e-01,9.999970197677612305e-01,9.999946355819702148e-01,9.999982714653015137e-01,-9.999983906745910645e-01,9.999942779541015625e-01,-9.999994635581970215e-01,-9.999993443489074707e-01,9.999961853027343750e-01,9.999991655349731445e-01,9.999977946281433105e-01,9.999928474426269531e-01,9.999993443489074707e-01,-9.999986886978149414e-01,-9.999992251396179199e-01,9.999944567680358887e-01,-9.999978542327880859e-01,-9.999930858612060547e-01,-9.999985694885253906e-01,9.999871253967285156e-01,9.999961256980895996e-01,-9.999985694885253906e-01,9.999688267707824707e-01,9.999992847442626953e-01,9.999989867210388184e-01,9.999858140945434570e-01,-9.999992251396179199e-01,9.999990463256835938e-01,9.999946355819702148e-01,9.999868273735046387e-01,9.999992847442626953e-01,9.999987483024597168e-01,9.999985694885253906e-01,-9.999954700469970703e-01,9.999991655349731445e-01,9.999991655349731445e-01,-9.999989867210388184e-01,-9.999992251396179199e-01,-9.999992251396179199e-01,-9.999992251396179199e-01,-9.999952912330627441e-01,-9.999992251396179199e-01,-9.999986886978149414e-01,9.999845027923583984e-01,9.999966621398925781e-01,9.999954104423522949e-01,9.999987483024597168e-01,-9.999988675117492676e-01,9.999992251396179199e-01,9.999988079071044922e-01,9.999969601631164551e-01,-9.999952912330627441e-01,-9.999992251396179199e-01,-9.999993443489074707e-01,-9.999966025352478027e-01,-9.999993443489074707e-01,9.999987483024597168e-01,-9.999993443489074707e-01,9.999960064888000488e-01,-9.999966621398925781e-01,-9.999957084655761719e-01,-9.999905824661254883e-01,-9.999989867210388184e-01,9.999932646751403809e-01,9.999991655349731445e-01,-9.999948740005493164e-01,-9.999966025352478027e-01,9.999949336051940918e-01,9.999982714653015137e-01,-9.999992251396179199e-01,9.999986886978149414e-01,-9.999988675117492676e-01,-9.999870061874389648e-01,-9.999676346778869629e-01,9.999994039535522461e-01,9.999951124191284180e-01,9.999945163726806641e-01,-9.999948143959045410e-01,9.999988079071044922e-01,-9.999906420707702637e-01,-9.999980330467224121e-01,9.999979734420776367e-01,-9.999986290931701660e-01,-9.999902844429016113e-01,9.999993443489074707e-01,-9.999992847442626953e-01,9.999982714653015137e-01,-9.999979138374328613e-01,9.999993443489074707e-01,9.999701976776123047e-01,9.999713897705078125e-01,9.999992251396179199e-01,9.999963641166687012e-01,-9.999868273735046387e-01,-9.999989867210388184e-01,-9.999960064888000488e-01,9.999990463256835938e-01,-9.999991059303283691e-01,9.999980330467224121e-01,-9.999987483024597168e-01,-9.999122619628906250e-01,9.999994039535522461e-01,-9.999976158142089844e-01,9.999994039535522461e-01,-9.999985098838806152e-01,-9.999967813491821289e-01,-9.999970197677612305e-01,-9.999988079071044922e-01,9.999978542327880859e-01,9.999982118606567383e-01,-9.999977946281433105e-01,-9.999940395355224609e-01,-9.999959468841552734e-01,9.999384284019470215e-01,-9.999921917915344238e-01
-9.999986290931701660e-01,9.999988675117492676e-01,9.999955892562866211e-01,-9.999976754188537598e-01,-9.999991655349731445e-01,9.999989867210388184e-01,-9.999957084655761719e-01,-9.999992251396179199e-01,9.999923706054687500e-01,-9.999988675117492676e-01,9.999991059303283691e-01,9.999992847442626953e-01,-9.999982714653015137e-01,-9.999987483024597168e-01,-9.999966621398925781e-01,-9.999941587448120117e-01,-9.999979734420776367e-01,9.999981522560119629e-01,-9.999938011169433594e-01,9.999993443489074707e-01,9.999992251396179199e-01,-9.999958872795104980e-01,-9.999989271163940430e-01,-9.999974966049194336e-01,-9.999922513961791992e-01,-9.999991655349731445e-01,9.999985098838806152e-01,9.999990463256835938e-01,-9.999939203262329102e-01,9.999976158142089844e-01,9.999924898147583008e-01,9.999984502792358398e-01,-9.999859929084777832e-01,-9.999956488609313965e-01,9.999984502792358398e-01,-9.999663233757019043e-01,-9.999991655349731445e-01,-9.999988675117492676e-01,-9.999846816062927246e-01,9.999991655349731445e-01,-9.999989271163940430e-01,-9.999940395355224609e-01,-9.999857544898986816e-01,-9.999991655349731445e-01,-9.999985694885253906e-01,-9.999983310699462891e-01,9.999949932098388672e-01,-9.999989867210388184e-01,-9.999988675117492676e-01,9.999988079071044922e-01,9.999990463256835938e-01,9.999988675117492676e-01,9.999990463256835938e-01,9.999948143959045410e-01,9.999989271163940430e-01,9.999985098838806152e-01,-9.999830722808837891e-01,-9.999961853027343750e-01,-9.999949932098388672e-01,-9.999986290931701660e-01,9.999987483024597168e-01,-9.999992251396179199e-01,-9.999986886978149414e-01,-9.999966025352478027e-01,9.999948740005493164e-01,9.999991655349731445e-01,9.999992847442626953e-01,9.999962449073791504e-01,9.999991655349731445e-01,-9.999985694885253906e-01,9.999991655349731445e-01,-9.999957084655761719e-01,9.999964237213134766e-01,9.999952316284179688e-01,9.999897480010986328e-01,9.999988675117492676e-01,-9.999925494194030762e-01,-9.999991059303283691e-01,9.999943971633911133e-01,9.999962449073791504e-01,-9.999943971633911133e-01,-9.999981522560119629e-01,9.999991655349731445e-01,-9.999985694885253906e-01,9.999987483024597168e-01,9.999859929084777832e-01,9.999650120735168457e-01,-9.999991059303283691e-01,-9.999946355819702148e-01,-9.999940395355224609e-01,9.999942183494567871e-01,-9.999986886978149414e-01,9.999898672103881836e-01,9.999978542327880859e-01,-9.999977350234985352e-01,9.999983310699462891e-01,9.999893903732299805e-01,-9.999991655349731445e-01,9.999991059303283691e-01,-9.999979734420776367e-01,9.999976754188537598e-01,-9.999992251396179199e-01,-9.999677538871765137e-01,-9.999690651893615723e-01,-9.999990463256835938e-01,-9.999960064888000488e-01,9.999856948852539062e-01,9.999988079071044922e-01,9.999956488609313965e-01,-9.999988675117492676e-01,9.999989867210388184e-01,-9.999979138374328613e-01,9.999985694885253906e-01,9.999052882194519043e-01,-9.999992847442626953e-01,9.999972581863403320e-01,-9.999992847442626953e-01,9.999983310699462891e-01,9.999964833259582520e-01,9.999967217445373535e-01,9.999986290931701660e-01,-9.999974966049194336e-01,-9.999979734420776367e-01,9.999974966049194336e-01,9.999933838844299316e-01,9.999957084655761719e-01,-9.999335408210754395e-01,9.999915957450866699e-01
9.999941587448120117e-01,-9.999950528144836426e-01,-9.999803304672241211e-01,9.999896883964538574e-01,9.999960064888000488e-01,-9.999957084655761719e-01,9.999810457229614258e-01,9.999966621398925781e-01,-9.999656081199645996e-01,9.999950528144836426e-01,-9.999958872795104980e-01,-9.999962449073791504e-01,9.999926686286926270e-01,9.999945163726806641e-01,9.999856352806091309e-01,9.999737143516540527e-01,9.999915957450866699e-01,-9.999918937683105469e-01,9.999721050262451172e-01,-9.999968409538269043e-01,-9.999963641166687012e-01,9.999816417694091797e-01,9.999952912330627441e-01,9.999892115592956543e-01,9.999651312828063965e-01,9.999961256980895996e-01,-9.999937415122985840e-01,-9.999959468841552734e-01,9.999727606773376465e-01,-9.999893903732299805e-01,-9.999657273292541504e-01,-9.999931454658508301e-01,9.999368786811828613e-01,9.999805092811584473e-01,-9.999930858612060547e-01,9.998486042022705078e-01,9.999963641166687012e-01,9.999949932098388672e-01,9.999309778213500977e-01,-9.999960660934448242e-01,9.999952912330627441e-01,9.999731183052062988e-01,9.999358057975769043e-01,9.999962449073791504e-01,9.999937415122985840e-01,9.999926686286926270e-01,-9.999778866767883301e-01,9.999955892562866211e-01,9.999952316284179688e-01,-9.999949932098388672e-01,-9.999959468841552734e-01,-9.999952912330627441e-01,-9.999956488609313965e-01,-9.999767541885375977e-01,-9.999952912330627441e-01,-9.999933242797851562e-01,9.999240040779113770e-01,9.999830722808837891e-01,9.999774098396301270e-01,9.999939203262329102e-01,-9.999943375587463379e-01,9.999961853027343750e-01,9.999943971633911133e-01,9.999850392341613770e-01,-9.999768137931823730e-01,-9.999960660934448242e-01,-9.999967217445373535e-01,-9.999838471412658691e-01,-9.999964833259582520e-01,9.999936223030090332e-01,-9.999959468841552734e-01,9.999809861183166504e-01,-9.999841451644897461e-01,-9.999787211418151855e-01,-9.999538660049438477e-01,-9.999949336051940918e-01,9.999668002128601074e-01,9.999957680702209473e-01,-9.999752640724182129e-01,-9.999832510948181152e-01,9.999752640724182129e-01,9.999917149543762207e-01,-9.999959468841552734e-01,9.999937415122985840e-01,-9.999943375587463379e-01,-9.999369382858276367e-01,-9.998426437377929688e-01,9.999963045120239258e-01,9.999762177467346191e-01,9.999732971191406250e-01,-9.999744296073913574e-01,9.999944567680358887e-01,-9.999544024467468262e-01,-9.999907016754150391e-01,9.999899268150329590e-01,-9.999929666519165039e-01,-9.999526739120483398e-01,9.999965429306030273e-01,-9.999958872795104980e-01,9.999911189079284668e-01,-9.999896287918090820e-01,9.999962449073791504e-01,9.998551011085510254e-01,9.998610615730285645e-01,9.999955892562866211e-01,9.999826550483703613e-01,-9.999354481697082520e-01,-9.999948740005493164e-01,-9.999805092811584473e-01,9.999951124191284180e-01,-9.999951124191284180e-01,9.999906420707702637e-01,-9.999937415122985840e-01,-9.995740056037902832e-01,9.999966025352478027e-01,-9.999881386756896973e-01,9.999965429306030273e-01,-9.999924898147583008e-01,-9.999845027923583984e-01,-9.999853968620300293e-01,-9.999941587448120117e-01,9.999893307685852051e-01,9.999909400939941406e-01,-9.999890327453613281e-01,-9.999706745147705078e-01,-9.999807476997375488e-01,9.997011423110961914e-01,-9.999622106552124023e-01
9.999989271163940430e-01,-9.999991655349731445e-01,-9.999964833259582520e-01,9.999982118606567383e-01,9.999993443489074707e-01,-9.999992251396179199e-01,9.999966621398925781e-01,9.999994039535522461e-01,-9.999939799308776855e-01,9.999991655349731445e-01,-9.999993443489074707e-01,-9.999994039535522461e-01,9.999986290931701660e-01,9.999991059303283691e-01,9.999974370002746582e-01,9.999954700469970703e-01,9.999984502792358398e-01,-9.999985694885253906e-01,9.999951720237731934e-01,-9.999994635581970215e-01,-9.999994635581970215e-01,9.999967813491821289e-01,9.999992251396179199e-01,9.999980926513671875e-01,9.999939203262329102e-01,9.999993443489074707e-01,-9.999988675117492676e-01,-9.999992251396179199e-01,9.999952912330627441e-01,-9.999980330467224121e-01,-9.999940991401672363e-01,-9.999988079071044922e-01,9.999891519546508789e-01,9.999964833259582520e-01,-9.999986886978149414e-01,9.999740123748779297e-01,9.999994039535522461e-01,9.999991655349731445e-01,9.999881386756896973e-01,-9.999992847442626953e-01,9.999991059303283691e-01,9.999953508377075195e-01,9.999889731407165527e-01,9.999993443489074707e-01,9.999989271163940430e-01,9.999986886978149414e-01,-9.999961256980895996e-01,9.999991655349731445e-01,9.999992251396179199e-01,-9.999990463256835938e-01,-9.999992847442626953e-01,-9.999991655349731445e-01,-9.999992847442626953e-01,-9.999959468841552734e-01,-9.999991655349731445e-01,-9.999988079071044922e-01,9.999868273735046387e-01,9.999971389770507812e-01,9.999960660934448242e-01,9.999988675117492676e-01,-9.999990463256835938e-01,9.999992847442626953e-01,9.999989867210388184e-01,9.999973773956298828e-01,-9.999958276748657227e-01,-9.999992847442626953e-01,-9.999994635581970215e-01,-9.999971985816955566e-01,-9.999993443489074707e-01,9.999988675117492676e-01,-9.999993443489074707e-01,9.999966025352478027e-01,-9.999972581863403320e-01,-9.999963045120239258e-01,-9.999920725822448730e-01,-9.999991655349731445e-01,9.999942183494567871e-01,9.999992847442626953e-01,-9.999957084655761719e-01,-9.999970793724060059e-01,9.999957084655761719e-01,9.999985694885253906e-01,-9.999993443489074707e-01,9.999989271163940430e-01,-9.999990463256835938e-01,-9.999890923500061035e-01,-9.999729394912719727e-01,9.999994039535522461e-01,9.999958872795104980e-01,9.999953508377075195e-01,-9.999955296516418457e-01,9.999991059303283691e-01,-9.999921917915344238e-01,-9.999982714653015137e-01,9.999982118606567383e-01,-9.999987483024597168e-01,-9.999918341636657715e-01,9.999994635581970215e-01,-9.999993443489074707e-01,9.999984502792358398e-01,-9.999980926513671875e-01,9.999994039535522461e-01,9.999750256538391113e-01,9.999760389328002930e-01,9.999991655349731445e-01,9.999969005584716797e-01,-9.999889135360717773e-01,-9.999991655349731445e-01,-9.999966025352478027e-01,9.999991655349731445e-01,-9.999992847442626953e-01,9.999983906745910645e-01,-9.999988675117492676e-01,-9.999266862869262695e-01,9.999994039535522461e-01,-9.999978542327880859e-01,9.999994635581970215e-01,-9.999986886978149414e-01,-9.999973177909851074e-01,-9.999974370002746582e-01,-9.999989271163940430e-01,9.999981522560119629e-01,9.999983310699462891e-01,-9.999980926513671875e-01,-9.999948740005493164e-01,-9.999965429306030273e-01,9.999485611915588379e-01,-9.999935030937194824e-01
-9.999894499778747559e-01,9.999909400939941406e-01,9.999642968177795410e-01,-9.999812841415405273e-01,-9.999929070472717285e-01,9.999923706054687500e-01,-9.999656081199645996e-01,-9.999939799308776855e-01,9.999377727508544922e-01,-9.999909400939941406e-01,9.999924898147583008e-01,9.999933242797851562e-01,-9.999867081642150879e-01,-9.999899268150329590e-01,-9.999741911888122559e-01,-9.999523758888244629e-01,-9.999848008155822754e-01,9.999853372573852539e-01,-9.999495744705200195e-01,9.999943375587463379e-01,9.999932646751403809e-01,-9.999667406082153320e-01,-9.999915361404418945e-01,-9.999805092811584473e-01,-9.999369978904724121e-01,-9.999930858612060547e-01,9.999886751174926758e-01,9.999926090240478516e-01,-9.999507665634155273e-01,9.999808073043823242e-01,9.999381303787231445e-01,9.999875426292419434e-01,-9.998857975006103516e-01,-9.999647140502929688e-01,9.999874830245971680e-01,-9.997259974479675293e-01,-9.999934434890747070e-01,-9.999908804893493652e-01,-9.998752474784851074e-01,9.999929666519165039e-01,-9.999915361404418945e-01,-9.999514222145080566e-01,-9.998838305473327637e-01,-9.999935030937194824e-01,-9.999886751174926758e-01,-9.999867081642150879e-01,9.999598860740661621e-01,-9.999920129776000977e-01,-9.999914169311523438e-01,9.999908208847045898e-01,9.999927282333374023e-01,9.999915957450866699e-01,9.999921917915344238e-01,9.999579191207885742e-01,9.999915957450866699e-01,9.999879002571105957e-01,-9.998626112937927246e-01,-9.999692440032958984e-01,-9.999589323997497559e-01,-9.999890923500061035e-01,9.999897480010986328e-01,-9.999931454658508301e-01,-9.999898672103881836e-01,-9.999727010726928711e-01,9.999579787254333496e-01,9.999929070472717285e-01,9.999941587448120117e-01,9.999706745147705078e-01,9.999936223030090332e-01,-9.999884963035583496e-01,9.999929070472717285e-01,-9.999655485153198242e-01,9.999713301658630371e-01,9.999614357948303223e-01,9.999164938926696777e-01,9.999907612800598145e-01,-9.999399781227111816e-01,-9.999922513961791992e-01,9.999550580978393555e-01,9.999697208404541016e-01,-9.999551773071289062e-01,-9.999850392341613770e-01,9.999927282333374023e-01,-9.999886155128479004e-01,9.999897480010986328e-01,9.998857975006103516e-01,9.997152686119079590e-01,-9.999934434890747070e-01,-9.999569058418273926e-01,-9.999514818191528320e-01,9.999536871910095215e-01,-9.999899268150329590e-01,9.999175071716308594e-01,9.999831914901733398e-01,-9.999817013740539551e-01,9.999871253967285156e-01,9.999143481254577637e-01,-9.999938011169433594e-01,9.999926090240478516e-01,-9.999839067459106445e-01,9.999812841415405273e-01,-9.999934434890747070e-01,-9.997379183769226074e-01,-9.997486472129821777e-01,-9.999920129776000977e-01,-9.999685883522033691e-01,9.998831748962402344e-01,9.999906420707702637e-01,9.999647140502929688e-01,-9.999910593032836914e-01,9.999911785125732422e-01,-9.999830722808837891e-01,9.999886751174926758e-01,9.992294907569885254e-01,-9.999939203262329102e-01,9.999784827232360840e-01,-9.999938011169433594e-01,9.999864697456359863e-01,9.999719858169555664e-01,9.999736547470092773e-01,9.999891519546508789e-01,-9.999807476997375488e-01,-9.999836683273315430e-01,9.999802112579345703e-01,9.999468326568603516e-01,9.999649524688720703e-01,-9.994593858718872070e-01,9.999315142631530762e-01
9.999984502792358398e-01,-9.999987483024597168e-01,-9.999948143959045410e-01,9.999973177909851074e-01,9.999989867210388184e-01,-9.999988675117492676e-01,9.999950528144836426e-01,9.999991655349731445e-01,-9.999909400939941406e-01,9.999986290931701660e-01,-9.999989271163940430e-01,-9.999990463256835938e-01,9.999980330467224121e-01,9.999985098838806152e-01,9.999960660934448242e-01,9.999930262565612793e-01,9.999977350234985352e-01,-9.999977946281433105e-01,9.999926686286926270e-01,-9.999992251396179199e-01,-9.999990463256835938e-01,9.999951720237731934e-01,9.999988079071044922e-01,9.999971985816955566e-01,9.999907612800598145e-01,9.999990463256835938e-01,-9.999983310699462891e-01,-9.999988675117492676e-01,9.999927878379821777e-01,-9.999972581863403320e-01,-9.999909996986389160e-01,-9.999980330467224121e-01,9.999833703041076660e-01,9.999949336051940918e-01,-9.999981522560119629e-01,9.999599456787109375e-01,9.999991059303283691e-01,9.999987483024597168e-01,9.999818801879882812e-01,-9.999989867210388184e-01,9.999988079071044922e-01,9.999930262565612793e-01,9.999831318855285645e-01,9.999991059303283691e-01,9.999983906745910645e-01,9.999981522560119629e-01,-9.999941587448120117e-01,9.999988079071044922e-01,9.999987483024597168e-01,-9.999985694885253906e-01,-9.999988675117492676e-01,-9.999987483024597168e-01,-9.999988675117492676e-01,-9.999938607215881348e-01,-9.999987483024597168e-01,-9.999982118606567383e-01,9.999799132347106934e-01,9.999955892562866211e-01,9.999940991401672363e-01,9.999982714653015137e-01,-9.999985098838806152e-01,9.999990463256835938e-01,9.999985098838806152e-01,9.999959468841552734e-01,-9.999939799308776855e-01,-9.999989867210388184e-01,-9.999991655349731445e-01,-9.999957680702209473e-01,-9.999991059303283691e-01,9.999982714653015137e-01,-9.999989867210388184e-01,9.999949932098388672e-01,-9.999958276748657227e-01,-9.999943971633911133e-01,-9.999878406524658203e-01,-9.999986886978149414e-01,9.999911785125732422e-01,9.999988675117492676e-01,-9.999934434890747070e-01,-9.999956488609313965e-01,9.999935626983642578e-01,9.999978542327880859e-01,-9.999989867210388184e-01,9.999983310699462891e-01,-9.999984502792358398e-01,-9.999833703041076660e-01,-9.999584555625915527e-01,9.999991059303283691e-01,9.999937415122985840e-01,9.999929070472717285e-01,-9.999932646751403809e-01,9.999985098838806152e-01,-9.999879598617553711e-01,-9.999974370002746582e-01,9.999973177909851074e-01,-9.999980926513671875e-01,-9.999874830245971680e-01,9.999991655349731445e-01,-9.999989271163940430e-01,9.999976158142089844e-01,-9.999971985816955566e-01,9.999991655349731445e-01,9.999616742134094238e-01,9.999632239341735840e-01,9.999988079071044922e-01,9.999954104423522949e-01,-9.999830126762390137e-01,-9.999986290931701660e-01,-9.999948740005493164e-01,9.999987483024597168e-01,-9.999987483024597168e-01,9.999975562095642090e-01,-9.999983906745910645e-01,-9.998874068260192871e-01,9.999992847442626953e-01,-9.999967813491821289e-01,9.999992251396179199e-01,-9.999980926513671875e-01,-9.999959468841552734e-01,-9.999960660934448242e-01,-9.999983906745910645e-01,9.999971389770507812e-01,9.999976158142089844e-01,-9.999971389770507812e-01,-9.999922513961791992e-01,-9.999948740005493164e-01,9.999209046363830566e-01,-9.999899864196777344e-01
-9.999986886978149414e-01,9.999989271163940430e-01,9.999957680702209473e-01,-9.999977946281433105e-01,-9.999992847442626953e-01,9.999991059303283691e-01,-9.999958872795104980e-01,-9.999993443489074707e-01,9.999924898147583008e-01,-9.999989271163940430e-01,9.999992251396179199e-01,9.999993443489074707e-01,-9.999983906745910645e-01,-9.999988079071044922e-01,-9.999968409538269043e-01,-9.999943375587463379e-01,-9.999981522560119629e-01,9.999983310699462891e-01,-9.999939799308776855e-01,9.999993443489074707e-01,9.999993443489074707e-01,-9.999960660934448242e-01,-9.999989867210388184e-01,-9.999976158142089844e-01,-9.999923706054687500e-01,-9.999992251396179199e-01,9.999986886978149414e-01,9.999991655349731445e-01,-9.999940991401672363e-01,9.999977350234985352e-01,9.999926090240478516e-01,9.999985694885253906e-01,-9.999861717224121094e-01,-9.999957680702209473e-01,9.999985694885253906e-01,-9.999668598175048828e-01,-9.999993443489074707e-01,-9.999989271163940430e-01,-9.999850392341613770e-01,9.999991655349731445e-01,-9.999989867210388184e-01,-9.999942183494567871e-01,-9.999860525131225586e-01,-9.999992251396179199e-01,-9.999986886978149414e-01,-9.999984502792358398e-01,9.999952316284179688e-01,-9.999991059303283691e-01,-9.999989867210388184e-01,9.999989271163940430e-01,9.999991655349731445e-01,9.999990463256835938e-01,9.999992251396179199e-01,9.999949336051940918e-01,9.999990463256835938e-01,9.999985694885253906e-01,-9.999834299087524414e-01,-9.999964237213134766e-01,-9.999951124191284180e-01,-9.999987483024597168e-01,9.999987483024597168e-01,-9.999992847442626953e-01,-9.999988079071044922e-01,-9.999967217445373535e-01,9.999949932098388672e-01,9.999992847442626953e-01,9.999994039535522461e-01,9.999964237213134766e-01,9.999992847442626953e-01,-9.999986886978149414e-01,9.999994039535522461e-01,-9.999958276748657227e-01,9.999964833259582520e-01,9.999953508377075195e-01,9.999899864196777344e-01,9.999989271163940430e-01,-9.999928474426269531e-01,-9.999991059303283691e-01,9.999945759773254395e-01,9.999963045120239258e-01,-9.999945759773254395e-01,-9.999982714653015137e-01,9.999992847442626953e-01,-9.999986886978149414e-01,9.999988079071044922e-01,9.999862313270568848e-01,9.999655485153198242e-01,-9.999992251396179199e-01,-9.999948143959045410e-01,-9.999941587448120117e-01,9.999945163726806641e-01,-9.999987483024597168e-01,9.999900460243225098e-01,9.999979138374328613e-01,-9.999977946281433105e-01,9.999984502792358398e-01,9.999896287918090820e-01,-9.999994039535522461e-01,9.999992251396179199e-01,-9.999980330467224121e-01,9.999977946281433105e-01,-9.999993443489074707e-01,-9.999684691429138184e-01,-9.999697208404541016e-01,-9.999991655349731445e-01,-9.999961256980895996e-01,9.999859929084777832e-01,9.999989271163940430e-01,9.999957680702209473e-01,-9.999989867210388184e-01,9.999989867210388184e-01,-9.999979734420776367e-01,9.999986886978149414e-01,9.999067187309265137e-01,-9.999994039535522461e-01,9.999974370002746582e-01,-9.999993443489074707e-01,9.999984502792358398e-01,9.999966621398925781e-01,9.999968409538269043e-01,9.999988079071044922e-01,-9.999976754188537598e-01,-9.999980926513671875e-01,9.999976158142089844e-01,9.999936819076538086e-01,9.999958276748657227e-01,-9.999346137046813965e-01,9.999917745590209961e-01
-9.999988675117492676e-01,9.999990463256835938e-01,9.999961256980895996e-01,-9.999980330467224121e-01,-9.999993443489074707e-01,9.999992847442626953e-01,-9.999962449073791504e-01,-9.999994039535522461e-01,9.999933242797851562e-01,-9.999990463256835938e-01,9.999993443489074707e-01,9.999992847442626953e-01,-9.999985694885253906e-01,-9.999989271163940430e-01,-9.999971985816955566e-01,-9.999949336051940918e-01,-9.999983310699462891e-01,9.999983906745910645e-01,-9.999945759773254395e-01,9.999994635581970215e-01,9.999994039535522461e-01,-9.999963641166687012e-01,-9.999991059303283691e-01,-9.999979138374328613e-01,-9.999932050704956055e-01,-9.999992847442626953e-01,9.999987483024597168e-01,9.999992251396179199e-01,-9.999947547912597656e-01,9.999979138374328613e-01,9.999934434890747070e-01,9.999986290931701660e-01,-9.999877214431762695e-01,-9.999961256980895996e-01,9.999986886978149414e-01,-9.999704957008361816e-01,-9.999993443489074707e-01,-9.999991655349731445e-01,-9.999865889549255371e-01,9.999992847442626953e-01,-9.999991059303283691e-01,-9.999948143959045410e-01,-9.999876022338867188e-01,-9.999993443489074707e-01,-9.999988079071044922e-01,-9.999986290931701660e-01,9.999957084655761719e-01,-9.999991655349731445e-01,-9.999991059303283691e-01,9.999990463256835938e-01,9.999992251396179199e-01,9.999992251396179199e-01,9.999992847442626953e-01,9.999954700469970703e-01,9.999991059303283691e-01,9.999986886978149414e-01,-9.999852180480957031e-01,-9.999968409538269043e-01,-9.999956488609313965e-01,-9.999988079071044922e-01,9.999988675117492676e-01,-9.999994039535522461e-01,-9.999988675117492676e-01,-9.999970793724060059e-01,9.999954700469970703e-01,9.999992847442626953e-01,9.999994039535522461e-01,9.999967813491821289e-01,9.999993443489074707e-01,-9.999988079071044922e-01,9.999993443489074707e-01,-9.999962449073791504e-01,9.999968409538269043e-01,9.999958276748657227e-01,9.999909996986389160e-01,9.999990463256835938e-01,-9.999935626983642578e-01,-9.999992251396179199e-01,9.999951720237731934e-01,9.999966621398925781e-01,-9.999951720237731934e-01,-9.999983906745910645e-01,9.999993443489074707e-01,-9.999987483024597168e-01,9.999989271163940430e-01,9.999878406524658203e-01,9.999693632125854492e-01,-9.999993443489074707e-01,-9.999953508377075195e-01,-9.999948143959045410e-01,9.999949932098388672e-01,-9.999989867210388184e-01,9.999911189079284668e-01,9.999981522560119629e-01,-9.999980926513671875e-01,9.999986290931701660e-01,9.999907612800598145e-01,-9.999993443489074707e-01,9.999993443489074707e-01,-9.999982714653015137e-01,9.999980330467224121e-01,-9.999994039535522461e-01,-9.999718070030212402e-01,-9.999730587005615234e-01,-9.999991655349731445e-01,-9.999966025352478027e-01,9.999874234199523926e-01,9.999990463256835938e-01,9.999961256980895996e-01,-9.999990463256835938e-01,9.999992251396179199e-01,-9.999981522560119629e-01,9.999987483024597168e-01,9.999169707298278809e-01,-9.999994635581970215e-01,9.999977350234985352e-01,-9.999994635581970215e-01,9.999986290931701660e-01,9.999970197677612305e-01,9.999971389770507812e-01,9.999988079071044922e-01,-9.999979734420776367e-01,-9.999983310699462891e-01,9.999979138374328613e-01,9.999943971633911133e-01,9.999961853027343750e-01,-9.999417066574096680e-01,9.999926090240478516e-01
