3.252743184566497803e-01,1.145854499191045761e-02,-6.410843133926391602e-02,2.236117236316204071e-02,2.785465717315673828e-01,-1.814111471176147461e-01,3.206931054592132568e-02,3.517185151576995850e-01,7.457564771175384521e-02,6.053829193115234375e-02,-1.212227120995521545e-01,-1.209669038653373718e-01,-2.419609017670154572e-02,7.652281969785690308e-02,1.290677338838577271e-01,2.138456851243972778e-01,1.148972078226506710e-03,9.157270938158035278e-02,8.275985717773437500e-03,-4.778951406478881836e-02,-5.526250228285789490e-02,3.127511963248252869e-02,-6.994161009788513184e-02,6.351896375417709351e-02,2.219674177467823029e-02,1.405181139707565308e-01,-1.462295372039079666e-02,-2.977048754692077637e-01,4.106508195400238037e-02,-1.048830300569534302e-01,-1.607845723628997803e-01,-9.577313810586929321e-02,1.103734830394387245e-03,4.232652112841606140e-02,-1.840630918741226196e-02,-1.099936515092849731e-01,5.591040477156639099e-02,9.994041919708251953e-02,-2.758216261863708496e-01,-3.273041844367980957e-01,2.869280874729156494e-01,8.766058832406997681e-02,-1.249673962593078613e-02,2.301436848938465118e-02,-7.973770610988140106e-03,1.015586256980895996e-01,-1.317379772663116455e-01,-1.291506439447402954e-01,3.168676421046257019e-02,5.286133289337158203e-02,-9.697898477315902710e-02,-8.661654591560363770e-02,2.551775276660919189e-01,-9.371275454759597778e-02,-6.286712735891342163e-02,-1.804591417312622070e-01,1.321537643671035767e-01,8.871844969689846039e-03,-2.341034635901451111e-02,-6.913987547159194946e-02,-5.833718180656433105e-02,-6.874798238277435303e-02,3.499178215861320496e-03,1.448894292116165161e-01,1.052381098270416260e-01,-2.285613305866718292e-02,-9.453621506690979004e-02,2.250886708498001099e-01,-1.236255094408988953e-01,2.454870939254760742e-01,-2.275481522083282471e-01,1.750915795564651489e-01,2.561330609023571014e-02,1.200905889272689819e-01,-1.636626422405242920e-01,-2.577388882637023926e-01,1.062896772054955363e-04,8.797666430473327637e-02,-1.197243183851242065e-01,-1.356869786977767944e-01,1.526901274919509888e-01,3.347325546201318502e-04,-1.446875333786010742e-01,-5.719702458009123802e-04,-3.645507693290710449e-01,8.517880924046039581e-03,1.626104265451431274e-01,3.497862489894032478e-03,-5.986746028065681458e-02,1.178737729787826538e-01,-1.701848804950714111e-01,8.287882059812545776e-02,-1.963066495954990387e-02,-1.140967011451721191e-02,-1.547201126813888550e-01,-2.525814771652221680e-01,1.681235730648040771e-01,-4.230392005410976708e-05,-1.696909666061401367e-01,2.750581800937652588e-01,-1.764521300792694092e-01,2.056773006916046143e-01,-1.230329796671867371e-01,-1.182192489504814148e-01,6.522804498672485352e-02,1.811405420303344727e-01,-5.590589134953916073e-04,-4.304342716932296753e-02,-2.555862963199615479e-01,3.164633642882108688e-03,3.218402341008186340e-02,5.259498208761215210e-02,-9.774983674287796021e-02,-5.952989310026168823e-02,1.803391575813293457e-01,-8.301188796758651733e-02,2.765711843967437744e-01,-7.162819057703018188e-02,-2.606045007705688477e-01,8.497826755046844482e-03,-6.227535381913185120e-02,1.967666596174240112e-01,1.779572814702987671e-01,6.921141594648361206e-02,-4.276628047227859497e-02,4.428861662745475769e-02,1.047663483768701553e-02,1.061206161975860596e-01
1.145854499191045761e-02,9.377827867865562439e-03,-7.694475352764129639e-02,5.403779074549674988e-02,4.504580423235893250e-02,-1.776859164237976074e-02,-8.578833192586898804e-03,4.209243506193161011e-02,3.069920465350151062e-02,4.352886974811553955e-02,5.310620181262493134e-03,-3.967170789837837219e-02,7.499743998050689697e-02,5.565025284886360168e-02,7.999207079410552979e-02,8.966834098100662231e-02,-1.817619777284562588e-03,4.059232026338577271e-02,-5.789426714181900024e-02,-4.377258569002151489e-02,-3.405501320958137512e-02,5.014123767614364624e-02,5.349713563919067383e-02,-2.504754252731800079e-02,1.113414019346237183e-02,8.227685093879699707e-02,-8.595114946365356445e-02,-4.505569860339164734e-02,7.898520678281784058e-02,-2.160161361098289490e-02,6.925021763890981674e-03,-9.217737615108489990e-02,4.578134417533874512e-02,5.792760103940963745e-02,-4.596652928739786148e-03,-9.102903306484222412e-02,4.297019913792610168e-02,7.290158420801162720e-02,-6.923605501651763916e-02,-3.884613141417503357e-02,6.888188421726226807e-02,8.277278393507003784e-03,7.409092038869857788e-02,1.613624766469001770e-02,1.190729532390832901e-02,-6.954997032880783081e-02,-7.712954282760620117e-02,-1.509753428399562836e-02,2.219903282821178436e-03,-8.587403222918510437e-03,2.096680738031864166e-02,-1.037898380309343338e-02,3.530732914805412292e-02,-5.379742011427879333e-03,-3.343769535422325134e-02,-9.599053859710693359e-02,2.137814275920391083e-02,5.438479594886302948e-03,-5.830842256546020508e-02,-5.819107592105865479e-02,-6.538840010762214661e-03,6.628829054534435272e-03,1.549387816339731216e-03,8.041378110647201538e-03,-7.680726237595081329e-03,-2.355584129691123962e-02,3.295100480318069458e-02,8.053778111934661865e-02,-8.019605278968811035e-02,1.649233698844909668e-02,-6.951121985912322998e-02,-2.957101538777351379e-02,-1.492902729660272598e-02,7.999465614557266235e-02,-9.706731885671615601e-03,-6.648424267768859863e-02,-9.059472358785569668e-04,9.353359788656234741e-02,-6.186013109982013702e-03,-7.895907014608383179e-02,8.107538521289825439e-02,2.528577751945704222e-04,-7.650076597929000854e-02,-4.282243899069726467e-04,-6.342936307191848755e-02,-7.601977139711380005e-02,3.792718425393104553e-02,2.137215109542012215e-03,6.096819043159484863e-02,5.279571563005447388e-02,-1.510514412075281143e-02,-4.331956151872873306e-03,-5.948627367615699768e-02,1.445968914777040482e-02,-6.969916820526123047e-02,-7.642728276550769806e-03,4.830057919025421143e-02,-1.145214901043800637e-05,-7.161174714565277100e-02,5.947205424308776855e-02,-3.164414316415786743e-02,3.338496014475822449e-02,-8.804334700107574463e-02,-7.003360986709594727e-02,9.557810425758361816e-02,-2.194945700466632843e-02,-5.585796758532524109e-02,-8.072666078805923462e-02,-2.277777763083577156e-03,-3.090702695772051811e-03,5.353507772088050842e-02,-5.221075192093849182e-02,-7.297054678201675415e-02,-6.591488607227802277e-03,9.036715328693389893e-02,-7.774898409843444824e-02,5.905653163790702820e-02,2.430560067296028137e-02,-8.310257643461227417e-02,2.964025735855102539e-02,4.009004682302474976e-02,6.082133203744888306e-02,7.513288408517837524e-02,-3.404027223587036133e-02,-4.966904968023300171e-02,-3.853876888751983643e-02,2.883810317143797874e-03,5.083953216671943665e-02
-6.410843133926391602e-02,-7.694475352764129639e-02,6.995088458061218262e-01,-5.673366785049438477e-01,-3.477515280246734619e-01,6.583600491285324097e-02,5.659706145524978638e-02,-3.468325138092041016e-01,-2.196815013885498047e-01,-4.006006121635437012e-01,-3.345916792750358582e-02,3.679270446300506592e-01,-6.108477115631103516e-01,-5.493419766426086426e-01,-7.040022015571594238e-01,-7.079812884330749512e-01,1.622394099831581116e-02,-3.508328497409820557e-01,5.602979660034179688e-01,4.308136999607086182e-01,3.007247745990753174e-01,-4.901966452598571777e-01,-5.466182231903076172e-01,2.463348656892776489e-01,-1.018766537308692932e-01,-6.280674934387207031e-01,7.161637544631958008e-01,3.193471729755401611e-01,-6.996061801910400391e-01,1.804640144109725952e-01,-6.458170711994171143e-02,7.678039669990539551e-01,-4.334880411624908447e-01,-5.976859331130981445e-01,4.228321090340614319e-02,7.422652244567871094e-01,-3.861670792102813721e-01,-6.474005579948425293e-01,5.339557528495788574e-01,3.871054649353027344e-01,-5.515332221984863281e-01,-7.633038610219955444e-02,-6.405124664306640625e-01,-1.538659483194351196e-01,-1.295414865016937256e-01,6.124427914619445801e-01,7.045228481292724609e-01,1.388454735279083252e-01,-3.062537638470530510e-03,1.539406776428222656e-01,-2.053159624338150024e-01,1.249036341905593872e-01,-3.226468265056610107e-01,6.877550482749938965e-02,2.804958820343017578e-01,7.911988496780395508e-01,-2.253175377845764160e-01,-5.106733366847038269e-02,5.108644366264343262e-01,5.612770915031433105e-01,6.584969162940979004e-02,-7.975123822689056396e-02,-1.529681868851184845e-02,-3.548335656523704529e-02,8.063039928674697876e-02,2.098920792341232300e-01,-2.789600789546966553e-01,-6.516928672790527344e-01,6.880326271057128906e-01,-8.521804958581924438e-02,6.099782586097717285e-01,3.045158088207244873e-01,1.537264585494995117e-01,-7.102846503257751465e-01,3.744947165250778198e-02,5.668078660964965820e-01,7.165088318288326263e-03,-7.939698100090026855e-01,1.050283685326576233e-01,6.865651011466979980e-01,-7.302959561347961426e-01,-2.399921650066971779e-03,6.538879871368408203e-01,4.694161005318164825e-03,4.997595548629760742e-01,6.573440432548522949e-01,-3.211156427860260010e-01,-1.847747713327407837e-02,-5.022447109222412109e-01,-4.864389598369598389e-01,1.242063939571380615e-01,5.650454759597778320e-02,5.554062128067016602e-01,-1.478880345821380615e-01,6.222123503684997559e-01,4.477829113602638245e-02,-4.288833439350128174e-01,1.049684869940392673e-04,5.939686298370361328e-01,-4.885343015193939209e-01,3.234171867370605469e-01,-2.210301011800765991e-01,7.513347864151000977e-01,6.210370659828186035e-01,-7.996175289154052734e-01,9.790401160717010498e-02,5.311594605445861816e-01,6.789144873619079590e-01,-6.107096001505851746e-02,2.762866951525211334e-02,-5.027485489845275879e-01,5.597248077392578125e-01,6.593318581581115723e-01,-5.217753723263740540e-02,-7.575268745422363281e-01,6.752141118049621582e-01,-4.573635756969451904e-01,-2.533038258552551270e-01,7.097537517547607422e-01,-2.874051630496978760e-01,-3.666146397590637207e-01,-5.594518780708312988e-01,-6.545920968055725098e-01,2.966582477092742920e-01,5.063421130180358887e-01,3.673340380191802979e-01,-3.443603962659835815e-02,-4.851599931716918945e-01
2.236117236316204071e-02,5.403779074549674988e-02,-5.673366785049438477e-01,6.152685284614562988e-01,1.735611408948898315e-01,2.095374651253223419e-02,-4.898361489176750183e-02,1.636565625667572021e-01,1.918324232101440430e-01,3.268550932407379150e-01,-4.632479697465896606e-02,-2.947905361652374268e-01,3.981842994689941406e-01,5.588353872299194336e-01,5.846651792526245117e-01,4.779061079025268555e-01,-1.044145971536636353e-02,2.937429547309875488e-01,-5.317453145980834961e-01,-3.611629903316497803e-01,-3.982092142105102539e-01,4.339716434478759766e-01,4.873625636100769043e-01,-1.932183206081390381e-01,8.442323654890060425e-02,3.769042491912841797e-01,-5.292469263076782227e-01,-7.706806808710098267e-02,4.875655472278594971e-01,-2.379634976387023926e-02,2.383954823017120361e-02,-6.554828882217407227e-01,4.784388840198516846e-01,4.877164661884307861e-01,-2.005215920507907867e-02,-5.544497966766357422e-01,2.933419048786163330e-01,4.970372319221496582e-01,-2.470734417438507080e-01,-4.140994250774383545e-01,4.306643307209014893e-01,9.424819052219390869e-02,4.700976908206939697e-01,1.201903522014617920e-01,5.055757611989974976e-02,-4.067460596561431885e-01,-6.162598729133605957e-01,-1.327275931835174561e-01,-1.136762904934585094e-03,-1.055106818675994873e-01,1.845362037420272827e-01,-3.532402962446212769e-02,3.339838683605194092e-01,-8.755344897508621216e-02,-9.840633720159530640e-02,-6.027243137359619141e-01,2.168020308017730713e-01,3.813675418496131897e-02,-4.131726324558258057e-01,-5.144205689430236816e-01,-1.082581281661987305e-01,1.464803218841552734e-01,1.766474172472953796e-02,-6.715992465615272522e-03,-1.865688338875770569e-02,-1.634351611137390137e-01,2.193899899721145630e-01,4.273676276206970215e-01,-5.345083475112915039e-01,-9.734971076250076294e-02,-4.380661249160766602e-01,-1.243325844407081604e-01,-2.051532715559005737e-01,6.074717640876770020e-01,-4.193519428372383118e-02,-4.394052326679229736e-01,-3.308939514681696892e-03,6.057863831520080566e-01,-2.654155790805816650e-01,-5.524114370346069336e-01,6.833449602127075195e-01,1.923898351378738880e-03,-4.420063197612762451e-01,-1.645613694563508034e-03,-3.571078479290008545e-01,-4.891008138656616211e-01,1.039116010069847107e-01,1.071790605783462524e-02,3.491090834140777588e-01,3.635738790035247803e-01,-9.410365670919418335e-02,-1.843748092651367188e-01,-5.271834135055541992e-01,1.998360604047775269e-01,-5.560067892074584961e-01,2.185632474720478058e-02,2.950935661792755127e-01,-7.618142990395426750e-05,-3.730228245258331299e-01,3.284541070461273193e-01,-1.999682933092117310e-01,-3.180523589253425598e-02,-6.679562926292419434e-01,-4.622793197631835938e-01,6.724902987480163574e-01,7.577574998140335083e-02,-6.195426583290100098e-01,-5.135465264320373535e-01,1.812202185392379761e-01,-2.503995411098003387e-02,5.321294069290161133e-01,-5.829691886901855469e-01,-5.603455305099487305e-01,1.786446422338485718e-01,5.700656771659851074e-01,-5.310989022254943848e-01,2.290071994066238403e-01,1.811520010232925415e-01,-5.630567669868469238e-01,2.991054356098175049e-01,2.753907442092895508e-01,5.071494579315185547e-01,5.438438057899475098e-01,-2.648475766181945801e-01,-4.010441303253173828e-01,-3.448630571365356445e-01,1.871785335242748260e-02,3.865104019641876221e-01
2.785465717315673828e-01,4.504580423235893250e-02,-3.477515280246734619e-01,1.735611408948898315e-01,4.399293363094329834e-01,-2.043950706720352173e-01,6.132823415100574493e-03,4.987620115280151367e-01,1.156637519598007202e-01,2.005946934223175049e-01,-4.003815725445747375e-02,-2.406222075223922729e-01,3.038484454154968262e-01,2.090970724821090698e-01,3.974650502204895020e-01,5.455708503723144531e-01,-7.419720292091369629e-03,2.227433472871780396e-01,-1.767715513706207275e-01,-1.880411356687545776e-01,-4.587362334132194519e-02,1.983038932085037231e-01,1.395080536603927612e-01,-4.194361716508865356e-02,5.452293157577514648e-02,4.587878584861755371e-01,-3.607590496540069580e-01,-4.651176929473876953e-01,4.015594720840454102e-01,-2.201710641384124756e-01,-7.867321372032165527e-02,-3.920878171920776367e-01,9.864965826272964478e-02,2.631472945213317871e-01,-3.952647000551223755e-02,-4.442642927169799805e-01,2.078265249729156494e-01,3.626362085342407227e-01,-5.786795616149902344e-01,-3.515295088291168213e-01,4.662615954875946045e-01,8.041895180940628052e-02,3.025902509689331055e-01,8.255366235971450806e-02,9.394501894712448120e-02,-2.410648316144943237e-01,-3.909398019313812256e-01,-1.451560407876968384e-01,1.967924460768699646e-02,-1.181907020509243011e-02,5.523226223886013031e-03,-1.719258278608322144e-01,2.714508771896362305e-01,-6.973958760499954224e-02,-2.426708638668060303e-01,-5.360591411590576172e-01,1.704223155975341797e-01,2.938610129058361053e-02,-2.271905094385147095e-01,-2.477741539478302002e-01,-3.265080973505973816e-02,-7.454859465360641479e-02,5.584875587373971939e-03,1.252938210964202881e-01,1.213971897959709167e-02,-1.046771705150604248e-01,6.271848082542419434e-02,5.207098722457885742e-01,-3.927357792854309082e-01,3.208065032958984375e-01,-4.710909724235534668e-01,-7.603848725557327271e-02,1.934177614748477936e-02,3.827936053276062012e-01,-1.296423822641372681e-01,-4.484595358371734619e-01,-4.311371129006147385e-03,4.549839198589324951e-01,-2.771285548806190491e-02,-4.007206261157989502e-01,3.839517235755920410e-01,1.218748744577169418e-03,-4.545397758483886719e-01,-3.587983781471848488e-03,-5.327349305152893066e-01,-3.143269121646881104e-01,3.405366539955139160e-01,1.262553501874208450e-02,1.804772466421127319e-01,3.010947108268737793e-01,-1.963092684745788574e-01,1.227032840251922607e-01,-1.835293471813201904e-01,-1.021608337759971619e-02,-3.518100082874298096e-01,-2.436379790306091309e-01,3.571329116821289062e-01,-7.812281546648591757e-05,-4.468490481376647949e-01,4.536689817905426025e-01,-2.915527522563934326e-01,3.623958826065063477e-01,-3.968460559844970703e-01,-3.724164366722106934e-01,4.021294116973876953e-01,1.458339951932430267e-02,-1.129223182797431946e-01,-3.611500263214111328e-01,-2.476080358028411865e-01,-5.050571169704198837e-03,1.375547498464584351e-01,-9.949483722448348999e-02,-3.428991436958312988e-01,-1.276610195636749268e-01,5.312637090682983398e-01,-3.526475429534912109e-01,4.947061836719512939e-01,5.889452621340751648e-02,-5.285735130310058594e-01,8.369793742895126343e-02,1.237109079957008362e-01,3.350230455398559570e-01,4.040993452072143555e-01,-5.569565668702125549e-02,-2.324856370687484741e-01,-8.118260651826858521e-02,1.645728386938571930e-02,2.756396532058715820e-01
-1.814111471176147461e-01,-1.776859164237976074e-02,6.583600491285324097e-02,2.095374651253223419e-02,-2.043950706720352173e-01,1.959469765424728394e-01,6.026723422110080719e-03,-2.058533579111099243e-01,-1.226566582918167114e-01,-6.863906234502792358e-02,4.923310503363609314e-02,8.385454863309860229e-02,-8.613188564777374268e-02,-1.310773659497499466e-02,-1.013206467032432556e-01,-2.126791477203369141e-01,5.609033978544175625e-04,-8.661148697137832642e-02,3.449587896466255188e-02,3.285856917500495911e-02,6.656913459300994873e-02,-2.322266064584255219e-02,4.585712775588035583e-02,-9.241618216037750244e-03,-2.209924906492233276e-02,-2.213885784149169922e-01,8.334542065858840942e-02,2.335372269153594971e-01,-5.985929816961288452e-02,7.709180563688278198e-02,7.663169503211975098e-02,1.281817406415939331e-01,-3.452622890472412109e-02,-7.161104585975408554e-03,1.089521311223506927e-02,1.428181082010269165e-01,-7.028970122337341309e-02,-1.161363124847412109e-01,2.280716150999069214e-01,1.251254230737686157e-01,-2.500871121883392334e-01,-4.233808442950248718e-02,-5.039130151271820068e-02,-1.640187390148639679e-02,3.280012682080268860e-02,3.691698657348752022e-03,9.187234193086624146e-02,6.497409194707870483e-02,-5.047310143709182739e-02,-5.974593758583068848e-02,4.374163225293159485e-02,9.705464472062885761e-04,-1.495451182126998901e-01,3.560907021164894104e-02,6.666043400764465332e-02,1.548773944377899170e-01,-5.888028070330619812e-02,-7.523668929934501648e-03,8.276043832302093506e-02,5.647812038660049438e-02,3.683371469378471375e-02,3.651034086942672729e-02,-1.253902679309248924e-03,-1.364382058382034302e-01,-6.175627559423446655e-02,3.922228887677192688e-02,2.062946930527687073e-02,-1.986377239227294922e-01,1.373264193534851074e-01,-1.754086017608642578e-01,1.704334914684295654e-01,-1.248633116483688354e-01,-2.452548593282699585e-03,-1.078310906887054443e-01,1.338963061571121216e-01,1.866338551044464111e-01,1.588401850312948227e-03,-1.096407324075698853e-01,2.138496190309524536e-02,1.361987590789794922e-01,-1.091746240854263306e-01,-2.804489049594849348e-04,1.357350647449493408e-01,-2.874166821129620075e-04,2.685944437980651855e-01,6.213426962494850159e-02,-1.239086315035820007e-01,-4.261130467057228088e-03,-8.097355067729949951e-02,-1.042124256491661072e-01,9.898413717746734619e-02,-4.978341609239578247e-02,5.501825362443923950e-02,6.175564602017402649e-03,1.420115381479263306e-01,1.325717717409133911e-01,-9.805750101804733276e-02,2.935034899564925581e-05,1.634292155504226685e-01,-2.322205603122711182e-01,8.757615834474563599e-02,-2.051329910755157471e-01,1.285618245601654053e-01,1.246221512556076050e-01,-1.237944662570953369e-01,2.817892841994762421e-02,1.579139381647109985e-02,1.073431298136711121e-01,1.964838653802871704e-01,3.432899247854948044e-03,-3.440968319773674011e-02,-5.360256135463714600e-02,9.679388999938964844e-02,1.009150892496109009e-01,-1.472956091165542603e-01,1.167307496070861816e-01,-2.127291858196258545e-01,2.546272799372673035e-02,1.854168027639389038e-01,-1.640695892274379730e-02,-2.944645239040255547e-03,-1.377824991941452026e-01,-1.417051702737808228e-01,-2.733159999479539692e-05,1.750477775931358337e-02,5.752629600465297699e-03,-7.990057580173015594e-03,-7.976333796977996826e-02
3.206931054592132568e-02,-8.578833192586898804e-03,5.659706145524978638e-02,-4.898361489176750183e-02,6.132823415100574493e-03,6.026723422110080719e-03,7.613443583250045776e-02,2.138416841626167297e-02,-6.319814175367355347e-02,-2.744540013372898102e-02,-6.775312870740890503e-02,3.975379839539527893e-02,-1.038941740989685059e-01,-1.031644567847251892e-01,-9.010110050439834595e-02,-8.879098296165466309e-02,1.583555480465292931e-03,-3.398753330111503601e-02,2.823283709585666656e-02,3.512099012732505798e-02,4.185803234577178955e-02,-7.525572180747985840e-02,-7.134515792131423950e-02,5.632089078426361084e-02,-9.788440540432929993e-03,-8.231772482395172119e-02,1.135513037443161011e-01,1.214607991278171539e-02,-6.682087481021881104e-02,-2.843004465103149414e-02,-2.453577518463134766e-02,1.111707910895347595e-01,-1.277570147067308426e-02,-5.737394094467163086e-02,4.392169881612062454e-03,1.232816874980926514e-01,-4.371909424662590027e-02,-5.917761102318763733e-02,3.167401254177093506e-02,-1.262082811444997787e-02,-1.908467337489128113e-02,1.109594572335481644e-02,-8.804051578044891357e-02,-1.422755140811204910e-02,-6.191954389214515686e-02,1.069303825497627258e-01,5.401237681508064270e-02,1.644231146201491356e-03,1.995576359331607819e-02,4.129185527563095093e-02,-2.529588341712951660e-02,-1.300085894763469696e-02,7.305299368454143405e-05,1.463538128882646561e-02,3.044818527996540070e-02,8.701294660568237305e-02,-1.777172833681106567e-02,-5.616968497633934021e-03,2.602345310151576996e-02,6.366483867168426514e-02,-1.533772237598896027e-02,-1.775949075818061829e-02,-1.657536369748413563e-03,6.355358660221099854e-02,2.200736664235591888e-02,2.263524010777473450e-02,-7.607182115316390991e-02,-5.224298313260078430e-02,8.922521024942398071e-02,3.959304466843605042e-02,1.906152814626693726e-02,7.638588547706604004e-02,4.004577547311782837e-02,-8.871315419673919678e-02,-3.567450121045112610e-02,3.794932272285223007e-03,1.267450279556214809e-03,-8.463830500841140747e-02,-2.080093324184417725e-02,8.368574082851409912e-02,-6.483010947704315186e-02,-3.182044601999223232e-04,4.513539001345634460e-02,-6.844512536190450191e-04,-4.361279308795928955e-03,9.872281551361083984e-02,3.577033430337905884e-02,-2.376371761783957481e-03,-9.839043766260147095e-02,-3.864334896206855774e-02,-3.428266942501068115e-02,2.190211042761802673e-02,6.356298923492431641e-02,-3.426191210746765137e-02,3.981705382466316223e-02,-4.544657096266746521e-02,-8.741063065826892853e-03,1.924367332151177834e-08,6.770411133766174316e-02,-2.989586209878325462e-03,-1.787414890713989735e-03,2.207990176975727081e-02,9.771894663572311401e-02,6.056428328156471252e-02,-6.746137887239456177e-02,1.106022745370864868e-01,5.081862211227416992e-02,1.060748696327209473e-01,-7.427795976400375366e-02,4.394521005451679230e-03,-1.289399713277816772e-01,4.256910085678100586e-02,8.390952646732330322e-02,1.813812740147113800e-02,-6.217782944440841675e-02,5.908768624067306519e-02,-4.666870459914207458e-02,-1.962012983858585358e-02,3.323444724082946777e-02,-3.801231458783149719e-02,-4.101361334323883057e-02,-2.965636923909187317e-02,-5.999719351530075073e-02,6.309238821268081665e-02,7.104864716529846191e-02,4.661629721522331238e-02,-5.578566342592239380e-03,-7.541244849562644958e-04
3.517185151576995850e-01,4.209243506193161011e-02,-3.468325138092041016e-01,1.636565625667572021e-01,4.987620115280151367e-01,-2.058533579111099243e-01,2.138416841626167297e-02,6.516688466072082520e-01,7.543830573558807373e-02,1.974092572927474976e-01,-3.303068876266479492e-02,-2.863405346870422363e-01,2.719771862030029297e-01,2.146997600793838501e-01,4.164466857910156250e-01,5.796326994895935059e-01,-6.084803491830825806e-03,2.038476318120956421e-01,-1.343973726034164429e-01,-1.978276222944259644e-01,5.926468223333358765e-02,2.277541905641555786e-01,1.132891029119491577e-01,-5.795437842607498169e-02,5.858295410871505737e-02,4.688557684421539307e-01,-3.386622369289398193e-01,-5.543259382247924805e-01,4.447982907295227051e-01,-2.675307393074035645e-01,-1.272242963314056396e-01,-3.677391707897186279e-01,1.067056204192340374e-03,3.239763081073760986e-01,-5.485926941037178040e-02,-4.560844004154205322e-01,2.172365188598632812e-01,3.815702199935913086e-01,-6.839942336082458496e-01,-4.252642095088958740e-01,4.905007481575012207e-01,8.482894301414489746e-02,2.690620124340057373e-01,9.205554425716400146e-02,1.673801243305206299e-01,-2.399046570062637329e-01,-4.027227759361267090e-01,-1.747426092624664307e-01,1.459769904613494873e-02,-9.971887618303298950e-02,-3.900913149118423462e-02,-2.557640373706817627e-01,3.025319874286651611e-01,-1.255238354206085205e-01,-3.050879836082458496e-01,-5.616872310638427734e-01,2.282639443874359131e-01,3.452518209815025330e-02,-1.581668108701705933e-01,-2.477206736803054810e-01,-2.892251312732696533e-02,-1.289642304182052612e-01,4.384113941341638565e-03,1.156846061348915100e-01,2.204094454646110535e-02,-1.034085601568222046e-01,-3.345670411363244057e-03,5.611947774887084961e-01,-4.174177646636962891e-01,4.116277098655700684e-01,-5.429951548576354980e-01,-1.238336488604545593e-01,5.337946489453315735e-02,4.098969399929046631e-01,-1.050977483391761780e-01,-4.742858707904815674e-01,-4.347787238657474518e-03,4.725922942161560059e-01,-1.997154951095581055e-02,-4.178081750869750977e-01,3.881833553314208984e-01,1.401157933287322521e-03,-4.898790419101715088e-01,-4.542126320302486420e-03,-5.869968533515930176e-01,-3.016344606876373291e-01,4.117571115493774414e-01,1.499530021101236343e-02,1.241521164774894714e-01,3.504551053047180176e-01,-2.259303033351898193e-01,2.272466272115707397e-01,-1.441937536001205444e-01,-4.182670265436172485e-02,-3.532947003841400146e-01,-3.318340182304382324e-01,3.911212682723999023e-01,-9.300291276304051280e-05,-5.046014785766601562e-01,5.096549987792968750e-01,-4.068025946617126465e-01,4.662729799747467041e-01,-3.884996473789215088e-01,-4.053693115711212158e-01,3.688462376594543457e-01,6.884136795997619629e-02,-1.767242141067981720e-02,-3.549741208553314209e-01,-3.208185732364654541e-01,-1.443901128368452191e-04,1.082938537001609802e-01,-7.127235084772109985e-02,-3.587400913238525391e-01,-1.036394685506820679e-01,5.563753247261047363e-01,-3.454546928405761719e-01,5.768250226974487305e-01,6.920114159584045410e-02,-5.750721693038940430e-01,5.237757414579391479e-02,8.719842880964279175e-02,3.599300682544708252e-01,3.993654549121856689e-01,2.263801358640193939e-02,-2.928696572780609131e-01,-3.564688190817832947e-02,3.636682778596878052e-02,3.013909757137298584e-01
7.457564771175384521e-02,3.069920465350151062e-02,-2.196815013885498047e-01,1.918324232101440430e-01,1.156637519598007202e-01,-1.226566582918167114e-01,-6.319814175367355347e-02,7.543830573558807373e-02,2.179132252931594849e-01,1.585039794445037842e-01,-3.100717626512050629e-02,-1.416064351797103882e-01,2.057761996984481812e-01,2.133632451295852661e-01,2.573744654655456543e-01,2.775429487228393555e-01,-3.154530422762036324e-03,1.370143294334411621e-01,-2.301907837390899658e-01,-1.445122212171554565e-01,-2.716552317142486572e-01,1.714567393064498901e-01,1.369584798812866211e-01,-8.846935629844665527e-02,4.596871137619018555e-02,2.816832661628723145e-01,-2.482641339302062988e-01,-1.050970703363418579e-01,1.562529802322387695e-01,-5.397372879087924957e-03,-2.890567481517791748e-02,-3.509896099567413330e-01,2.347363233566284180e-01,1.484843343496322632e-01,-5.254086107015609741e-03,-2.913419902324676514e-01,1.458786576986312866e-01,2.374432832002639771e-01,-1.383300721645355225e-01,-1.611861139535903931e-01,3.015381097793579102e-01,5.135152488946914673e-02,1.822876483201980591e-01,4.353735223412513733e-02,-5.050399899482727051e-02,-1.466908305883407593e-01,-2.415855377912521362e-01,-6.710021197795867920e-02,4.868989437818527222e-02,4.489182960242033005e-03,4.081983864307403564e-02,7.429093867540359497e-02,2.050055265426635742e-01,-5.711219459772109985e-02,-2.663341909646987915e-02,-2.734442651271820068e-01,8.888426423072814941e-02,1.547176577150821686e-02,-2.090351730585098267e-01,-2.132298946380615234e-01,-7.229558378458023071e-02,7.086201757192611694e-02,7.651507854461669922e-03,9.546058624982833862e-02,5.016261711716651917e-02,-8.632037043571472168e-02,7.776077836751937866e-02,2.322389483451843262e-01,-2.793222069740295410e-01,6.318414583802223206e-03,-2.048717737197875977e-01,8.592466264963150024e-02,-1.196805909276008606e-01,2.814256250858306885e-01,-1.060701459646224976e-01,-2.300850003957748413e-01,-2.111094072461128235e-03,2.664322853088378906e-01,-1.139326095581054688e-01,-2.803902029991149902e-01,3.148869872093200684e-01,8.005932904779911041e-04,-1.852643638849258423e-01,1.345978234894573689e-03,-2.394353598356246948e-01,-2.072208076715469360e-01,4.108235985040664673e-02,5.377386696636676788e-03,2.356143742799758911e-01,1.745021045207977295e-01,-5.395657196640968323e-02,-8.920885622501373291e-02,-2.600845098495483398e-01,1.095275133848190308e-01,-2.861725986003875732e-01,-1.213885843753814697e-02,9.051938354969024658e-02,-3.562141500879079103e-05,-2.018501609563827515e-01,2.249186187982559204e-01,-6.169987097382545471e-02,7.444527000188827515e-02,-3.383574187755584717e-01,-2.246949523687362671e-01,3.376081883907318115e-01,-6.083179637789726257e-02,-2.892457842826843262e-01,-2.522521317005157471e-01,-1.252028159797191620e-02,-1.685445383191108704e-02,2.816517949104309082e-01,-1.950874030590057373e-01,-2.604955434799194336e-01,1.708978973329067230e-02,2.317884117364883423e-01,-2.735083401203155518e-01,1.437411755323410034e-01,4.593413323163986206e-02,-2.679427862167358398e-01,1.353934705257415771e-01,9.282603859901428223e-02,2.659268677234649658e-01,2.655554711818695068e-01,-1.264046132564544678e-01,-1.344177573919296265e-01,-1.585931479930877686e-01,1.852894946932792664e-02,1.596268415451049805e-01
6.053829193115234375e-02,4.352886974811553955e-02,-4.006006121635437012e-01,3.268550932407379150e-01,2.005946934223175049e-01,-6.863906234502792358e-02,-2.744540013372898102e-02,1.974092572927474976e-01,1.585039794445037842e-01,2.365184426307678223e-01,-1.397242769598960876e-02,-2.111686915159225464e-01,3.396575450897216797e-01,3.100481927394866943e-01,4.125546216964721680e-01,4.301050901412963867e-01,-8.235043846070766449e-03,2.003011405467987061e-01,-3.420182168483734131e-01,-2.436539679765701294e-01,-2.234971672296524048e-01,2.686432600021362305e-01,2.858199477195739746e-01,-1.339135766029357910e-01,6.121844425797462463e-02,3.866440355777740479e-01,-4.138893187046051025e-01,-1.784900575876235962e-01,3.895979523658752441e-01,-9.433449804782867432e-02,1.411282178014516830e-02,-4.834775030612945557e-01,2.833209335803985596e-01,3.269344866275787354e-01,-2.049681544303894043e-02,-4.450688064098358154e-01,2.197344899177551270e-01,3.785202503204345703e-01,-3.077270686626434326e-01,-2.427726238965988159e-01,3.663682341575622559e-01,5.599705502390861511e-02,3.477065563201904297e-01,8.364516496658325195e-02,2.780992724001407623e-02,-3.272660970687866211e-01,-4.170350730419158936e-01,-8.625932782888412476e-02,2.434479072690010071e-02,-6.774383038282394409e-02,1.028793826699256897e-01,-3.777572885155677795e-02,2.225780636072158813e-01,-4.938999190926551819e-02,-1.322786509990692139e-01,-4.814807176589965820e-01,1.327163130044937134e-01,2.786865830421447754e-02,-3.019326925277709961e-01,-3.198393583297729492e-01,-6.126450002193450928e-02,5.721187219023704529e-02,9.281020611524581909e-03,6.825378537178039551e-02,-1.476725377142429352e-02,-1.222902312874794006e-01,1.334325224161148071e-01,3.852733075618743896e-01,-4.111294448375701904e-01,4.881054535508155823e-02,-3.630795478820800781e-01,-1.002726554870605469e-01,-1.040134653449058533e-01,4.277593493461608887e-01,-6.061667203903198242e-02,-3.485919535160064697e-01,-3.694256534799933434e-03,4.808402061462402344e-01,-9.395643323659896851e-02,-4.129731953144073486e-01,4.658106565475463867e-01,1.323865144513547421e-03,-3.688266873359680176e-01,-1.927177770994603634e-03,-3.253212571144104004e-01,-3.650859892368316650e-01,1.727619171142578125e-01,9.890011511743068695e-03,2.899636626243591309e-01,2.786526679992675781e-01,-8.488012105226516724e-02,-5.118573829531669617e-02,-3.356672227382659912e-01,9.789466857910156250e-02,-3.914747238159179688e-01,-3.403590992093086243e-02,2.257034331560134888e-01,-6.201830547070130706e-05,-3.358757197856903076e-01,3.075431585311889648e-01,-1.768901795148849487e-01,1.332900375127792358e-01,-4.739861488342285156e-01,-3.575557172298431396e-01,5.171871781349182129e-01,-3.436036035418510437e-02,-3.514829874038696289e-01,-3.928595781326293945e-01,8.050429634749889374e-03,-1.774827763438224792e-02,3.046928644180297852e-01,-3.300711512565612793e-01,-3.877637982368469238e-01,4.417822510004043579e-02,4.495854079723358154e-01,-4.097606539726257324e-01,2.517457902431488037e-01,1.328756958246231079e-01,-4.419602453708648682e-01,1.723002046346664429e-01,1.917866319417953491e-01,3.502972126007080078e-01,3.930988609790802002e-01,-1.634905189275741577e-01,-2.688317298889160156e-01,-2.156014442443847656e-01,2.214764244854450226e-02,2.828656136989593506e-01
-1.212227120995521545e-01,5.310620181262493134e-03,-3.345916792750358582e-02,-4.632479697465896606e-02,-4.003815725445747375e-02,4.923310503363609314e-02,-6.775312870740890503e-02,-3.303068876266479492e-02,-3.100717626512050629e-02,-1.397242769598960876e-02,1.769727468490600586e-01,3.936398774385452271e-03,1.590607762336730957e-01,2.624055370688438416e-02,4.018277674913406372e-02,7.361909747123718262e-02,-3.997047431766986847e-03,-1.245915889739990234e-02,5.565759167075157166e-02,-3.955739084631204605e-03,1.431622356176376343e-01,4.074089229106903076e-02,7.960538566112518311e-02,-7.549639046192169189e-02,-5.632725544273853302e-03,7.925069332122802734e-02,-1.379043012857437134e-01,-2.581672556698322296e-02,1.339232474565505981e-01,-1.534043811261653900e-02,1.079870760440826416e-01,-3.165882825851440430e-02,-1.210453882813453674e-01,5.917589738965034485e-02,-1.152953878045082092e-02,-1.171011626720428467e-01,2.257098816335201263e-02,2.469518035650253296e-02,-8.117239177227020264e-02,1.632738560438156128e-01,-1.213239431381225586e-01,-6.797880679368972778e-02,1.293664276599884033e-01,1.122237928211688995e-02,1.574770957231521606e-01,-2.127841711044311523e-01,1.525893062353134155e-02,5.609690025448799133e-02,-5.674671381711959839e-02,-1.004263460636138916e-01,5.135873332619667053e-02,-5.467218533158302307e-02,-1.594718098640441895e-01,4.178915917873382568e-02,-1.124728620052337646e-01,-6.955793499946594238e-02,-4.278703406453132629e-02,4.672002978622913361e-03,2.554663456976413727e-02,7.312458939850330353e-03,8.729728311300277710e-02,-3.005469031631946564e-02,-3.405689029023051262e-03,-1.504387110471725464e-01,-1.109832823276519775e-01,-6.013808771967887878e-03,1.112601384520530701e-01,3.276889771223068237e-02,-5.105375498533248901e-02,-2.218354679644107819e-02,2.720653079450130463e-02,-2.913757562637329102e-01,2.583229541778564453e-02,2.517606504261493683e-02,1.421928852796554565e-01,9.248483180999755859e-02,-2.616780344396829605e-03,8.608876913785934448e-02,1.875786930322647095e-01,-2.436865121126174927e-02,-6.126489490270614624e-02,2.124698803527280688e-04,-6.014257669448852539e-02,-1.446476322598755360e-03,1.204718053340911865e-01,-1.286298632621765137e-01,1.216712687164545059e-02,3.681890200823545456e-03,1.032910570502281189e-01,5.787528119981288910e-03,9.487625211477279663e-02,6.522016227245330811e-02,2.952553145587444305e-02,-3.437880799174308777e-02,7.767858356237411499e-02,7.927865535020828247e-02,-1.933679217472672462e-03,1.077516481018392369e-05,-7.322653383016586304e-02,-8.374933153390884399e-02,2.380613732384517789e-04,1.701199077069759369e-02,5.353154847398400307e-04,-3.096470050513744354e-02,2.042124746367335320e-03,-2.421787232160568237e-01,1.179746463894844055e-01,-1.046881452202796936e-01,1.026482805609703064e-01,1.182665815576910973e-03,1.564467512071132660e-02,3.049119375646114349e-02,-1.597143709659576416e-02,-7.521865516901016235e-02,4.839146137237548828e-02,-7.257394026964902878e-03,5.886235460638999939e-02,5.389435961842536926e-02,4.847152531147003174e-02,-2.443579211831092834e-02,7.124546170234680176e-02,-1.002081930637359619e-01,-2.117052488029003143e-02,-4.588759690523147583e-02,-7.603887468576431274e-02,-4.274743143469095230e-03,4.101039841771125793e-03,-4.502448067069053650e-02
-1.209669038653373718e-01,-3.967170789837837219e-02,3.679270446300506592e-01,-2.947905361652374268e-01,-2.406222075223922729e-01,8.385454863309860229e-02,3.975379839539527893e-02,-2.863405346870422363e-01,-1.416064351797103882e-01,-2.111686915159225464e-01,3.936398774385452271e-03,2.309789061546325684e-01,-3.005887269973754883e-01,-3.177733123302459717e-01,-4.130092859268188477e-01,-4.520001709461212158e-01,6.417708005756139755e-03,-1.885843873023986816e-01,2.709473073482513428e-01,2.243368029594421387e-01,1.583335399627685547e-01,-2.706963419914245605e-01,-2.436395287513732910e-01,1.222724542021751404e-01,-5.865760520100593567e-02,-3.756299018859863281e-01,3.813838958740234375e-01,2.401417195796966553e-01,-3.822531700134277344e-01,9.976883977651596069e-02,2.985541522502899170e-02,4.525940418243408203e-01,-1.938400864601135254e-01,-3.234576880931854248e-01,2.854003384709358215e-02,4.461371302604675293e-01,-2.089236080646514893e-01,-3.603731095790863037e-01,3.728898465633392334e-01,2.895584702491760254e-01,-3.704709410667419434e-01,-6.010815873742103577e-02,-3.071871995925903320e-01,-8.260317891836166382e-02,-8.297891169786453247e-02,2.927292585372924805e-01,4.027483463287353516e-01,1.082687824964523315e-01,-9.072059765458106995e-03,9.787613898515701294e-02,-5.714025348424911499e-02,8.344011753797531128e-02,-2.376671731472015381e-01,8.552241325378417969e-02,1.584176421165466309e-01,4.892530739307403564e-01,-1.660178452730178833e-01,-2.899299003183841705e-02,2.290332615375518799e-01,3.007362782955169678e-01,5.075437948107719421e-02,-1.756539568305015564e-02,-8.526322431862354279e-03,-4.092990234494209290e-02,-9.565974469296634197e-04,1.111804023385047913e-01,-9.990445524454116821e-02,-4.011288285255432129e-01,4.039043188095092773e-01,-1.050857454538345337e-01,3.796360492706298828e-01,1.083760112524032593e-01,7.963063567876815796e-02,-4.258885979652404785e-01,4.893257841467857361e-02,3.457526564598083496e-01,3.432578640058636665e-03,-4.623098671436309814e-01,9.023280441761016846e-02,4.104519784450531006e-01,-4.456096887588500977e-01,-1.355089130811393261e-03,3.650258481502532959e-01,1.865706522949039936e-03,3.599393367767333984e-01,3.370282053947448730e-01,-1.788576841354370117e-01,-1.056392677128314972e-02,-2.333619892597198486e-01,-2.829241156578063965e-01,9.944910556077957153e-02,-4.427011590451002121e-03,2.841481566429138184e-01,-7.873023301362991333e-02,3.641915321350097656e-01,9.180461615324020386e-02,-2.359350025653839111e-01,6.369135371642187238e-05,3.598240315914154053e-01,-3.243716359138488770e-01,2.215288728475570679e-01,-1.704052537679672241e-01,4.555942118167877197e-01,3.512855172157287598e-01,-4.532433152198791504e-01,7.874408736824989319e-03,2.688392102718353271e-01,3.728568255901336670e-01,3.345247358083724976e-02,1.310381107032299042e-02,-2.932288944721221924e-01,2.659102082252502441e-01,3.795922398567199707e-01,-2.845610678195953369e-02,-4.529544413089752197e-01,3.705245554447174072e-01,-3.137549459934234619e-01,-1.062100082635879517e-01,4.522165656089782715e-01,-1.454085558652877808e-01,-1.475455611944198608e-01,-3.444705009460449219e-01,-3.791530132293701172e-01,1.159234642982482910e-01,2.828902900218963623e-01,1.672622859477996826e-01,-2.902369387447834015e-02,-2.585591971874237061e-01
