3.252998292446136475e-01,9.003662504255771637e-03,-4.519864544272422791e-02,-3.018690505996346474e-03,2.590124309062957764e-01,-1.622473746538162231e-01,4.695823788642883301e-02,3.325797915458679199e-01,7.669627666473388672e-02,4.627115651965141296e-02,-1.368713080883026123e-01,-1.007825657725334167e-01,-4.758459329605102539e-02,6.595260649919509888e-02,8.698052912950515747e-02,1.783186644315719604e-01,2.033062977716326714e-03,8.222856372594833374e-02,9.135073050856590271e-03,-3.740917891263961792e-02,-7.794870436191558838e-02,-1.276394352316856384e-02,-4.478211700916290283e-02,7.770383358001708984e-02,1.638695783913135529e-02,1.039356440305709839e-01,2.767700515687465668e-02,-2.708561420440673828e-01,2.827089279890060425e-02,-1.002353206276893616e-01,-1.211198568344116211e-01,-5.435772240161895752e-02,2.759742736816406250e-02,2.517252415418624878e-02,-1.418099552392959595e-02,-6.597733497619628906e-02,4.680094867944717407e-02,6.919471919536590576e-02,-2.400655448436737061e-01,-2.981352806091308594e-01,2.475853860378265381e-01,1.057287082076072693e-01,-1.325796917080879211e-02,1.945010758936405182e-02,-4.398699104785919189e-02,1.081255897879600525e-01,-9.662631899118423462e-02,-1.163353621959686279e-01,2.489155903458595276e-02,5.510408803820610046e-02,-1.073013991117477417e-01,-1.084847822785377502e-01,2.296461760997772217e-01,-7.759777456521987915e-02,-4.055260121822357178e-02,-1.439626663923263550e-01,1.181948110461235046e-01,6.100833881646394730e-03,5.325484671629965305e-04,-5.670137330889701843e-02,-6.358563154935836792e-02,-5.018698796629905701e-02,3.292828798294067383e-03,1.788797378540039062e-01,8.787124603986740112e-02,-1.384379528462886810e-02,-1.321168243885040283e-01,1.876797080039978027e-01,-8.790632337331771851e-02,2.473908066749572754e-01,-1.995797008275985718e-01,1.688881814479827881e-01,2.904595434665679932e-02,7.779148966073989868e-02,-1.944336891174316406e-01,-2.129363864660263062e-01,4.839398316107690334e-04,6.264084577560424805e-02,-1.380009055137634277e-01,-1.029130592942237854e-01,1.253613084554672241e-01,2.357699850108474493e-04,-1.213580295443534851e-01,-1.175440265797078609e-03,-3.327093720436096191e-01,2.820677682757377625e-02,1.684705018997192383e-01,2.423860598355531693e-03,-8.274336904287338257e-02,9.813342243432998657e-02,-1.521441787481307983e-01,7.402668893337249756e-02,-4.162745026405900717e-04,-2.672221884131431580e-02,-1.281744688749313354e-01,-2.576421797275543213e-01,1.594686061143875122e-01,-3.898639261024072766e-05,-1.380862742662429810e-01,2.480423450469970703e-01,-1.445067226886749268e-01,2.021625787019729614e-01,-8.837796002626419067e-02,-9.130983799695968628e-02,2.207863889634609222e-02,2.177145034074783325e-01,5.484892753884196281e-04,-3.640486160293221474e-03,-2.632609903812408447e-01,4.543716553598642349e-03,1.698240824043750763e-02,5.416905879974365234e-02,-7.106923311948776245e-02,-5.143400654196739197e-02,1.510786712169647217e-01,-6.937870383262634277e-02,2.471325546503067017e-01,-4.685677587985992432e-02,-2.257454246282577515e-01,7.436010520905256271e-03,-5.707266926765441895e-02,1.633392721414566040e-01,1.452062875032424927e-01,7.324861735105514526e-02,-1.788364723324775696e-02,4.955940879881381989e-03,4.931921605020761490e-03,9.786649048328399658e-02
9.003662504255771637e-03,1.384347397834062576e-02,-1.034361496567726135e-01,6.886098533868789673e-02,5.569513142108917236e-02,2.552358200773596764e-04,-4.491465631872415543e-03,4.372301325201988220e-02,4.232447594404220581e-02,5.197870731353759766e-02,-6.315891630947589874e-03,-4.582324996590614319e-02,9.089965373277664185e-02,7.390401512384414673e-02,9.901925921440124512e-02,1.096503287553787231e-01,-2.853637328371405602e-03,6.721380352973937988e-02,-8.015874773263931274e-02,-6.713646650314331055e-02,-6.471621990203857422e-02,6.187426671385765076e-02,7.691245526075363159e-02,-2.418174035847187042e-02,1.321247592568397522e-02,9.808207303285598755e-02,-1.033140942454338074e-01,-6.244283169507980347e-02,9.919482469558715820e-02,-2.593657374382019043e-02,3.114690445363521576e-02,-1.132148355245590210e-01,7.861011475324630737e-02,7.707128673791885376e-02,-4.300422500818967819e-03,-1.087399795651435852e-01,6.377826631069183350e-02,8.508985489606857300e-02,-7.260567694902420044e-02,-6.218348070979118347e-02,7.988031953573226929e-02,1.526361797004938126e-02,9.921523928642272949e-02,2.108088135719299316e-02,-1.417876128107309341e-02,-9.007368236780166626e-02,-9.493608772754669189e-02,-2.156890556216239929e-02,-6.211561150848865509e-03,-2.189161750720813870e-04,2.418037876486778259e-02,-2.523800730705261230e-02,3.355202078819274902e-02,-1.183679560199379921e-03,-2.619051747024059296e-02,-1.170913949608802795e-01,2.113015577197074890e-02,6.032245233654975891e-03,-7.013291120529174805e-02,-7.713303714990615845e-02,-7.854775525629520416e-03,5.658701993525028229e-03,2.258009510114789009e-03,3.586097806692123413e-02,-2.006049826741218567e-02,-2.815123274922370911e-02,3.116876073181629181e-02,1.040123105049133301e-01,-1.008977815508842468e-01,4.027285426855087280e-02,-8.741649240255355835e-02,-4.205389693379402161e-02,-2.078240364789962769e-02,9.368048608303070068e-02,-3.300699219107627869e-02,-9.159877896308898926e-02,-9.317426010966300964e-04,1.160425916314125061e-01,-2.235191129148006439e-02,-9.341881424188613892e-02,1.048110499978065491e-01,2.792717132251709700e-04,-9.527902305126190186e-02,-1.378519344143569469e-03,-8.263454586267471313e-02,-9.382817894220352173e-02,6.665151566267013550e-02,2.398354001343250275e-03,7.113137841224670410e-02,6.490062922239303589e-02,-1.348006352782249451e-02,-2.218844369053840637e-02,-7.940204441547393799e-02,3.825362399220466614e-02,-8.767408877611160278e-02,-1.773899421095848083e-02,6.801313906908035278e-02,-1.377045373374130577e-05,-8.567155152559280396e-02,6.855590641498565674e-02,-3.615448623895645142e-02,4.658117517828941345e-02,-1.084736809134483337e-01,-8.396600931882858276e-02,1.184682101011276245e-01,2.750421874225139618e-03,-7.689717411994934082e-02,-9.504500031471252441e-02,-8.903204463422298431e-03,-4.039079882204532623e-03,6.863140314817428589e-02,-7.511781156063079834e-02,-9.173388034105300903e-02,1.025414559990167618e-03,1.081883534789085388e-01,-9.758795797824859619e-02,6.460814177989959717e-02,4.713127017021179199e-02,-1.045917868614196777e-01,3.781887516379356384e-02,6.063291430473327637e-02,7.592974603176116943e-02,9.050097316503524780e-02,-5.207956582307815552e-02,-5.578849092125892639e-02,-7.742334157228469849e-02,1.333577791228890419e-03,7.981065660715103149e-02
-4.519864544272422791e-02,-1.034361496567726135e-01,7.811259627342224121e-01,-6.134834289550781250e-01,-3.991422653198242188e-01,-8.893996477127075195e-02,1.758521236479282379e-02,-3.239399790763854980e-01,-2.832509279251098633e-01,-4.198002815246582031e-01,6.475038081407546997e-02,3.773508071899414062e-01,-6.470653414726257324e-01,-6.224263906478881836e-01,-7.513626217842102051e-01,-7.439495325088500977e-01,2.265573106706142426e-02,-5.273004770278930664e-01,6.451859474182128906e-01,5.698273777961730957e-01,4.934176802635192871e-01,-5.294757485389709473e-01,-6.522745490074157715e-01,2.038551121950149536e-01,-1.063480824232101440e-01,-6.499304175376892090e-01,7.428978681564331055e-01,4.185782968997955322e-01,-7.427795529365539551e-01,1.915226876735687256e-01,-2.498577088117599487e-01,8.019596338272094727e-01,-6.126360893249511719e-01,-6.667404174804687500e-01,3.547031804919242859e-02,7.639839649200439453e-01,-5.071878433227539062e-01,-6.688843965530395508e-01,4.823886454105377197e-01,5.225645303726196289e-01,-5.628744363784790039e-01,-1.263226121664047241e-01,-7.336535453796386719e-01,-1.760383546352386475e-01,8.969865739345550537e-02,6.718673706054687500e-01,7.443901300430297852e-01,1.787945777177810669e-01,7.065428793430328369e-02,6.596317887306213379e-02,-2.059922963380813599e-01,2.403887212276458740e-01,-2.774251401424407959e-01,2.832559682428836823e-02,1.915897727012634277e-01,8.195639848709106445e-01,-2.037149518728256226e-01,-4.987184330821037292e-02,5.413777828216552734e-01,6.444647312164306641e-01,6.758296489715576172e-02,-5.988247320055961609e-02,-1.950452849268913269e-02,-2.458981424570083618e-01,1.743537932634353638e-01,2.207370102405548096e-01,-2.309919446706771851e-01,-7.291852235794067383e-01,7.427253127098083496e-01,-2.696583569049835205e-01,6.623075604438781738e-01,3.590001463890075684e-01,1.822619736194610596e-01,-7.282835245132446289e-01,2.205461710691452026e-01,6.759880781173706055e-01,6.440394558012485504e-03,-8.267473578453063965e-01,2.276135534048080444e-01,7.105903029441833496e-01,-7.845653891563415527e-01,-2.341963816434144974e-03,7.062007784843444824e-01,1.209266483783721924e-02,5.770339369773864746e-01,7.017023563385009766e-01,-5.102980732917785645e-01,-1.838517189025878906e-02,-5.160537362098693848e-01,-5.274822115898132324e-01,9.934136271476745605e-02,1.944471150636672974e-01,6.349759697914123535e-01,-3.263388872146606445e-01,6.732854247093200684e-01,1.317796707153320312e-01,-5.449309945106506348e-01,1.094021499739028513e-04,6.272874474525451660e-01,-5.007913708686828613e-01,3.236792981624603271e-01,-2.914663553237915039e-01,7.887852787971496582e-01,6.576568484306335449e-01,-8.261649608612060547e-01,-1.231070011854171753e-01,6.042552590370178223e-01,7.001966238021850586e-01,-2.538269152864813805e-03,3.144761547446250916e-02,-5.608907938003540039e-01,6.466131806373596191e-01,7.145090699195861816e-01,-1.046129316091537476e-01,-7.785082459449768066e-01,7.256540060043334961e-01,-4.523841142654418945e-01,-4.013161659240722656e-01,7.575647234916687012e-01,-3.202912807464599609e-01,-4.844731390476226807e-01,-6.076582670211791992e-01,-6.939527988433837891e-01,4.060714840888977051e-01,5.025323629379272461e-01,6.311141848564147949e-01,-1.603331603109836578e-02,-6.492395401000976562e-01
-3.018690505996346474e-03,6.886098533868789673e-02,-6.134834289550781250e-01,6.262860894203186035e-01,1.842048466205596924e-01,1.524467468261718750e-01,-1.364678982645273209e-02,1.152914986014366150e-01,2.131504118442535400e-01,3.156362175941467285e-01,-1.180436685681343079e-01,-2.745366394519805908e-01,3.969584703445434570e-01,5.866975784301757812e-01,5.842243432998657227e-01,4.710842072963714600e-01,-1.505413372069597244e-02,3.966762721538543701e-01,-5.645658373832702637e-01,-4.428533613681793213e-01,-5.057287812232971191e-01,4.279001951217651367e-01,5.526549220085144043e-01,-1.421506404876708984e-01,8.047154545783996582e-02,3.533767759799957275e-01,-5.184392333030700684e-01,-1.364390105009078979e-01,5.047161579132080078e-01,-2.434334903955459595e-02,1.648978292942047119e-01,-6.452450752258300781e-01,5.808020234107971191e-01,5.183807611465454102e-01,-1.242005079984664917e-02,-5.289235115051269531e-01,3.565720617771148682e-01,4.717634916305541992e-01,-1.586378514766693115e-01,-4.848783910274505615e-01,3.956867754459381104e-01,1.262948513031005859e-01,5.341365933418273926e-01,1.273443400859832764e-01,-1.255146116018295288e-01,-4.341115057468414307e-01,-6.133711338043212891e-01,-1.489921212196350098e-01,-5.983055755496025085e-02,-2.778339758515357971e-02,1.797019392251968384e-01,-1.196626052260398865e-01,2.779527306556701660e-01,-4.994166642427444458e-02,-1.871328242123126984e-02,-5.974946022033691406e-01,1.852302402257919312e-01,3.399592638015747070e-02,-4.147982001304626465e-01,-5.467444062232971191e-01,-9.509288519620895386e-02,1.198928356170654297e-01,1.984844170510768890e-02,1.398911476135253906e-01,-9.853891283273696899e-02,-1.569431573152542114e-01,1.687170863151550293e-01,4.740433692932128906e-01,-5.449025034904479980e-01,2.997297979891300201e-02,-4.446757137775421143e-01,-1.684409826993942261e-01,-2.152661532163619995e-01,5.789380073547363281e-01,-1.757498085498809814e-01,-4.997954368591308594e-01,-2.362887840718030930e-03,6.108778715133666992e-01,-3.475172817707061768e-01,-5.226631760597229004e-01,6.969383358955383301e-01,1.727574737742543221e-03,-4.582162201404571533e-01,-7.176323328167200089e-03,-3.876429498195648193e-01,-4.848808348178863525e-01,2.408906519412994385e-01,9.538540616631507874e-03,3.180632591247558594e-01,3.586066365242004395e-01,-6.257386505603790283e-02,-2.844267189502716064e-01,-5.605111122131347656e-01,3.264314830303192139e-01,-5.566354990005493164e-01,-4.286514967679977417e-02,3.618049323558807373e-01,-7.046598329907283187e-05,-3.547711968421936035e-01,2.942330837249755859e-01,-1.868551671504974365e-01,3.770278533920645714e-03,-6.626179218292236328e-01,-4.498307704925537109e-01,6.668346524238586426e-01,2.464626878499984741e-01,-6.478677988052368164e-01,-4.881970882415771484e-01,1.509363502264022827e-01,-2.619332075119018555e-02,5.385684967041015625e-01,-6.169286966323852539e-01,-5.704661607742309570e-01,2.108962833881378174e-01,5.585456490516662598e-01,-5.370902419090270996e-01,1.834046095609664917e-01,2.851898372173309326e-01,-5.728694796562194824e-01,2.991114854812622070e-01,3.395150005817413330e-01,5.065176486968994141e-01,5.394523143768310547e-01,-3.321599662303924561e-01,-3.739598393440246582e-01,-5.123572945594787598e-01,3.293198999017477036e-03,4.921712577342987061e-01
2.590124309062957764e-01,5.569513142108917236e-02,-3.991422653198242188e-01,1.842048466205596924e-01,4.457550346851348877e-01,-1.247204318642616272e-01,3.326156735420227051e-02,4.807585477828979492e-01,1.483407318592071533e-01,2.076021283864974976e-01,-8.798381686210632324e-02,-2.368130087852478027e-01,3.244515061378479004e-01,2.410362064838409424e-01,4.097587466239929199e-01,5.679379105567932129e-01,-9.590118192136287689e-03,2.943138480186462402e-01,-2.398273646831512451e-01,-2.469864189624786377e-01,-1.641891151666641235e-01,1.953452974557876587e-01,2.165542244911193848e-01,-3.029087744653224945e-02,5.471648275852203369e-02,4.727863371372222900e-01,-3.682825863361358643e-01,-4.902683198451995850e-01,4.417406916618347168e-01,-2.288094311952590942e-01,3.219159692525863647e-02,-4.112335145473480225e-01,2.232229858636856079e-01,3.012270927429199219e-01,-3.447880223393440247e-02,-4.546250402927398682e-01,2.624354660511016846e-01,3.643693029880523682e-01,-5.619757175445556641e-01,-3.903169929981231689e-01,4.581040143966674805e-01,1.102521717548370361e-01,3.592006564140319824e-01,9.238469600677490234e-02,-2.030101418495178223e-02,-2.939167618751525879e-01,-4.040896892547607422e-01,-1.512483656406402588e-01,-1.232066377997398376e-02,8.874804712831974030e-03,1.525367959402501583e-03,-2.338153570890426636e-01,2.262399643659591675e-01,-4.267836734652519226e-02,-1.949763149023056030e-01,-5.559287071228027344e-01,1.515736281871795654e-01,2.813139371573925018e-02,-2.283857762813568115e-01,-2.828004956245422363e-01,-4.088596627116203308e-02,-6.452141702175140381e-02,6.999856326729059219e-03,2.475758790969848633e-01,-3.731666877865791321e-02,-1.087075024843215942e-01,1.831087842583656311e-02,5.458395481109619141e-01,-4.166534245014190674e-01,4.019866883754730225e-01,-4.954945445060729980e-01,-1.190953925251960754e-01,7.913316600024700165e-03,3.794157505035400391e-01,-2.214132398366928101e-01,-4.782847762107849121e-01,-3.966918215155601501e-03,4.904244244098663330e-01,-8.595103025436401367e-02,-4.093739688396453857e-01,4.218248128890991211e-01,1.167167676612734795e-03,-4.782033860683441162e-01,-7.189375814050436020e-03,-5.530304908752441406e-01,-3.470221459865570068e-01,4.304935932159423828e-01,1.230890676379203796e-02,1.900664716958999634e-01,3.175293803215026855e-01,-1.702320128679275513e-01,6.243630126118659973e-02,-2.198622077703475952e-01,5.193787813186645508e-02,-3.755248486995697021e-01,-2.700474262237548828e-01,3.960212767124176025e-01,-8.004072151379659772e-05,-4.587643444538116455e-01,4.522750079631805420e-01,-2.727469205856323242e-01,4.059132635593414307e-01,-4.174872636795043945e-01,-3.833137154579162598e-01,4.280486404895782471e-01,1.227715238928794861e-01,-1.648951768875122070e-01,-3.638372719287872314e-01,-2.829160690307617188e-01,-6.612267810851335526e-03,1.592535823583602905e-01,-1.665476858615875244e-01,-3.666752874851226807e-01,-8.949583023786544800e-02,5.458427071571350098e-01,-3.926635682582855225e-01,4.793402552604675293e-01,1.522803455591201782e-01,-5.507389903068542480e-01,1.024486124515533447e-01,1.920973360538482666e-01,3.435993194580078125e-01,4.053199589252471924e-01,-1.024237573146820068e-01,-2.212381958961486816e-01,-2.376538664102554321e-01,8.709716610610485077e-03,3.515743315219879150e-01
-1.622473746538162231e-01,2.552358200773596764e-04,-8.893996477127075195e-02,1.524467468261718750e-01,-1.247204318642616272e-01,1.816771924495697021e-01,-9.529569186270236969e-03,-1.326292008161544800e-01,-6.543348729610443115e-02,1.856781542301177979e-02,4.630795866250991821e-02,-3.994534199591726065e-04,4.442732781171798706e-02,1.145747601985931396e-01,6.573598831892013550e-02,-4.342796653509140015e-02,-3.431175602599978447e-03,9.171118726953864098e-04,-8.497656881809234619e-02,-6.975796073675155640e-02,-1.872684620320796967e-02,9.411255270242691040e-02,1.458308547735214233e-01,-5.617098882794380188e-02,1.645876909606158733e-03,-7.572064548730850220e-02,-8.231354504823684692e-02,1.496343463659286499e-01,8.848244696855545044e-02,4.688828811049461365e-02,8.128585666418075562e-02,-6.129969283938407898e-02,6.535656750202178955e-02,1.240466907620429993e-01,2.167948987334966660e-03,-3.445180132985115051e-02,1.953828893601894379e-02,2.730274386703968048e-02,1.186185032129287720e-01,1.667172648012638092e-02,-1.141339018940925598e-01,-2.760668098926544189e-02,8.499072492122650146e-02,1.582968607544898987e-02,4.193195700645446777e-02,-1.216453686356544495e-01,-7.138317823410034180e-02,2.613124810159206390e-02,-5.072883144021034241e-02,-8.122833073139190674e-02,8.265371620655059814e-02,-1.955839805305004120e-02,-6.697107106447219849e-02,1.315842662006616592e-02,1.735479012131690979e-02,-3.452602401375770569e-02,-5.083523225039243698e-03,3.196646925061941147e-03,-2.816948853433132172e-02,-6.984318047761917114e-02,2.199628949165344238e-02,4.361563920974731445e-02,2.460376359522342682e-03,-1.185420379042625427e-01,-7.481727004051208496e-02,-6.458895280957221985e-03,7.770749181509017944e-02,-3.495494648814201355e-02,-2.737123705446720123e-02,-1.425996571779251099e-01,2.993295714259147644e-02,-1.691526621580123901e-01,-4.352061450481414795e-02,6.360711902379989624e-02,1.129973605275154114e-01,3.820260241627693176e-02,2.431071188766509295e-04,7.471096515655517578e-02,-1.444874983280897141e-02,-2.158263325691223145e-02,7.038111984729766846e-02,2.216530992882326245e-04,-9.934666566550731659e-03,-1.671731472015380859e-03,1.352331042289733887e-01,-7.566583901643753052e-02,-4.999313503503799438e-02,-3.558716562110930681e-04,2.264614403247833252e-02,3.708892036229372025e-03,6.901878863573074341e-02,-7.626261562108993530e-02,-7.910186052322387695e-02,6.851674616336822510e-02,-6.400584708899259567e-03,1.107582598924636841e-01,-7.844927720725536346e-03,8.004662959137931466e-06,3.181604668498039246e-02,-1.216727197170257568e-01,1.001399103552103043e-02,-1.558188050985336304e-01,-5.804296582937240601e-02,-1.254005823284387589e-02,7.250303775072097778e-02,2.013087086379528046e-02,-1.088193431496620178e-01,-4.509856551885604858e-02,2.040284574031829834e-01,-3.536305623129010201e-03,8.896101266145706177e-02,-1.686987429857254028e-01,-5.742069333791732788e-02,1.168586164712905884e-01,2.505271881818771362e-02,-3.143276646733283997e-02,-1.113498806953430176e-01,7.314292341470718384e-02,1.326877437531948090e-02,4.521403461694717407e-02,6.747534126043319702e-02,-8.999646524898707867e-04,1.311557646840810776e-02,-6.802619248628616333e-02,-9.449909627437591553e-02,-7.472347468137741089e-02,1.092080259695649147e-03,3.518553078174591064e-02
4.695823788642883301e-02,-4.491465631872415543e-03,1.758521236479282379e-02,-1.364678982645273209e-02,3.326156735420227051e-02,-9.529569186270236969e-03,6.608863174915313721e-02,5.859713628888130188e-02,-4.465624317526817322e-02,-1.380888978019356728e-03,-5.755148082971572876e-02,8.602801710367202759e-03,-6.407818198204040527e-02,-5.929769948124885559e-02,-3.689346835017204285e-02,-2.997515350580215454e-02,1.432403689250349998e-03,-1.706941798329353333e-02,-2.680429490283131599e-03,9.270435199141502380e-03,2.913643978536128998e-02,-4.017307609319686890e-02,-3.997153788805007935e-02,3.339487314224243164e-02,-2.088654553517699242e-03,-3.243324533104896545e-02,6.299130618572235107e-02,-1.198609452694654465e-02,-1.586803235113620758e-02,-4.040609300136566162e-02,-3.002067655324935913e-02,5.123825371265411377e-02,-2.259249740745872259e-04,-1.327837072312831879e-02,2.198841975769028068e-04,6.435133516788482666e-02,-2.024968899786472321e-02,-1.199567131698131561e-02,-2.148449979722499847e-02,-3.799243643879890442e-02,2.824419550597667694e-02,2.000220306217670441e-02,-4.892029613256454468e-02,-3.831873880699276924e-03,-3.538718074560165405e-02,6.371010839939117432e-02,4.345156252384185791e-03,-8.978845551609992981e-03,2.328137494623661041e-02,1.658093184232711792e-02,-1.706198789179325104e-02,-2.310731634497642517e-02,3.174372762441635132e-02,1.630794839002192020e-03,4.169751890003681183e-03,2.265813760459423065e-02,5.750136449933052063e-03,-1.574907102622091770e-03,2.605532426969148219e-05,2.610127069056034088e-02,-2.244379930198192596e-02,-1.080210227519273758e-02,-7.003459031693637371e-04,5.916172266006469727e-02,2.716782316565513611e-02,7.608220912516117096e-03,-6.365737318992614746e-02,-7.326540537178516388e-03,3.678506240248680115e-02,4.204675927758216858e-02,-2.660625055432319641e-02,5.758738145232200623e-02,2.803392894566059113e-02,-3.218290582299232483e-02,-3.303102776408195496e-02,-2.534908242523670197e-02,7.334230467677116394e-04,-2.335712686181068420e-02,-2.517591230571269989e-02,2.844079211354255676e-02,-1.067412644624710083e-02,-1.169673560070805252e-04,2.585633657872676849e-03,-6.689656875096261501e-04,-4.338708519935607910e-02,4.909051954746246338e-02,4.630307480692863464e-02,-9.132758132182061672e-04,-6.229363009333610535e-02,-9.132436825893819332e-04,-4.391956701874732971e-02,2.922602556645870209e-02,3.186013177037239075e-02,-3.376657143235206604e-02,-7.042483892291784286e-03,-4.986440390348434448e-02,1.529811322689056396e-02,-8.849924597598146647e-06,1.759609580039978027e-02,3.580328822135925293e-02,-2.616656385362148285e-02,4.301425442099571228e-02,3.834693133831024170e-02,1.416791509836912155e-02,-1.054782979190349579e-02,9.786678105592727661e-02,1.882397383451461792e-02,5.462621524930000305e-02,-7.318136096000671387e-02,2.919247373938560486e-03,-8.668608218431472778e-02,1.389127690345048904e-02,3.445657342672348022e-02,2.205069176852703094e-02,-2.503877039998769760e-03,1.227003335952758789e-02,-5.074602086097002029e-03,-7.721933536231517792e-03,-2.039265632629394531e-02,-1.779895089566707611e-02,-2.107039466500282288e-02,1.290499605238437653e-02,-1.438258588314056396e-02,5.197139456868171692e-02,3.016252443194389343e-02,2.657613903284072876e-02,-9.507474023848772049e-04,1.846121810376644135e-02
3.325797915458679199e-01,4.372301325201988220e-02,-3.239399790763854980e-01,1.152914986014366150e-01,4.807585477828979492e-01,-1.326292008161544800e-01,5.859713628888130188e-02,6.246759891510009766e-01,7.835431396961212158e-02,1.680165827274322510e-01,-7.833499461412429810e-02,-2.499953657388687134e-01,2.391317635774612427e-01,1.905084252357482910e-01,3.615320324897766113e-01,5.431429147720336914e-01,-6.025436334311962128e-03,2.345862388610839844e-01,-1.379715204238891602e-01,-2.053361088037490845e-01,-2.379695698618888855e-02,1.712226867675781250e-01,1.394892781972885132e-01,-2.269116975367069244e-02,4.834466427564620972e-02,4.276501834392547607e-01,-2.813253700733184814e-01,-5.438753962516784668e-01,4.271704852581024170e-01,-2.647002637386322021e-01,-2.640229836106300354e-02,-3.127145767211914062e-01,8.480569720268249512e-02,3.001759648323059082e-01,-4.692300781607627869e-02,-4.042748212814331055e-01,2.285117954015731812e-01,3.281663060188293457e-01,-6.505098938941955566e-01,-4.152785837650299072e-01,4.331002533435821533e-01,1.077551469206809998e-01,2.666694521903991699e-01,8.788498491048812866e-02,6.357022374868392944e-02,-2.376116961240768433e-01,-3.522370755672454834e-01,-1.642300039529800415e-01,-1.609654165804386139e-02,-7.449060678482055664e-02,-6.063715741038322449e-02,-3.168210089206695557e-01,2.245445251464843750e-01,-8.698961138725280762e-02,-2.477379292249679565e-01,-5.174092650413513184e-01,1.920628249645233154e-01,2.888605557382106781e-02,-1.055763587355613708e-01,-2.255525588989257812e-01,-3.359914571046829224e-02,-1.191482692956924438e-01,4.032987635582685471e-03,2.191562801599502563e-01,-2.140661515295505524e-02,-8.757236599922180176e-02,-7.281248271465301514e-02,5.195445418357849121e-01,-3.694936931133270264e-01,4.797229468822479248e-01,-5.124791264533996582e-01,-1.453215777873992920e-01,6.529738754034042358e-02,3.482333123683929443e-01,-1.796572506427764893e-01,-4.359365105628967285e-01,-3.490720642730593681e-03,4.366621673107147217e-01,-5.562858283519744873e-02,-3.706487119197845459e-01,3.484981656074523926e-01,1.148364623077213764e-03,-4.606547951698303223e-01,-7.653031963855028152e-03,-5.596053004264831543e-01,-2.806230187416076660e-01,4.639863669872283936e-01,1.311423629522323608e-02,8.548074960708618164e-02,3.248565196990966797e-01,-1.933955103158950806e-01,1.889801770448684692e-01,-1.160789579153060913e-01,-1.840585283935070038e-02,-3.150978982448577881e-01,-3.553366065025329590e-01,3.930276036262512207e-01,-8.707098459126427770e-05,-4.718151688575744629e-01,4.691678881645202637e-01,-3.532984852790832520e-01,4.884929060935974121e-01,-3.390134572982788086e-01,-3.625141680240631104e-01,3.131472468376159668e-01,1.758870184421539307e-01,-9.675113484263420105e-03,-2.991782724857330322e-01,-3.686112463474273682e-01,1.998099265620112419e-03,7.529281824827194214e-02,-7.516580075025558472e-02,-3.172000050544738770e-01,-8.066058158874511719e-02,5.156427621841430664e-01,-3.207751214504241943e-01,5.415593385696411133e-01,1.306550055742263794e-01,-5.311436057090759277e-01,4.669249430298805237e-02,1.217802241444587708e-01,3.072941601276397705e-01,3.420503139495849609e-01,1.234441623091697693e-02,-2.382125258445739746e-01,-1.525583416223526001e-01,2.284330502152442932e-02,3.161366879940032959e-01
7.669627666473388672e-02,4.232447594404220581e-02,-2.832509279251098633e-01,2.131504118442535400e-01,1.483407318592071533e-01,-6.543348729610443115e-02,-4.465624317526817322e-02,7.835431396961212158e-02,2.491833269596099854e-01,1.702612787485122681e-01,-7.635984569787979126e-02,-1.474177986383438110e-01,2.274434417486190796e-01,2.465985864400863647e-01,2.882116734981536865e-01,3.149076104164123535e-01,-5.341008305549621582e-03,2.067613303661346436e-01,-2.774970531463623047e-01,-2.027456611394882202e-01,-3.412033319473266602e-01,1.833750307559967041e-01,1.952066570520401001e-01,-6.873790919780731201e-02,4.881674796342849731e-02,3.103273510932922363e-01,-2.699790298938751221e-01,-1.581234633922576904e-01,1.950546801090240479e-01,-1.846159249544143677e-02,4.556918516755104065e-02,-3.846617937088012695e-01,3.122402131557464600e-01,1.871355623006820679e-01,-3.150939941406250000e-03,-3.103973865509033203e-01,1.964733153581619263e-01,2.513681650161743164e-01,-1.270635873079299927e-01,-2.296094894409179688e-01,3.244167566299438477e-01,7.900963723659515381e-02,2.462256699800491333e-01,5.366613715887069702e-02,-1.445474475622177124e-01,-1.834246069192886353e-01,-2.682320773601531982e-01,-8.469434827566146851e-02,2.427836507558822632e-02,4.587479308247566223e-02,4.043542966246604919e-02,2.636040374636650085e-02,2.000963985919952393e-01,-4.115772247314453125e-02,5.712530110031366348e-03,-3.101074993610382080e-01,8.263686299324035645e-02,1.542240288108587265e-02,-2.329703867435455322e-01,-2.539003193378448486e-01,-7.487566024065017700e-02,6.223142892122268677e-02,9.561556391417980194e-03,1.904782205820083618e-01,1.455532945692539215e-02,-9.282698482275009155e-02,5.276499688625335693e-02,2.903847098350524902e-01,-3.184650540351867676e-01,8.650665730237960815e-02,-2.438695430755615234e-01,6.485057622194290161e-02,-1.315863728523254395e-01,2.931653559207916260e-01,-1.901447474956512451e-01,-2.952587306499481201e-01,-1.902883872389793396e-03,3.071232736110687256e-01,-1.642296016216278076e-01,-2.985145151615142822e-01,3.602042496204376221e-01,8.034953498281538486e-04,-2.267207205295562744e-01,-1.333666965365409851e-03,-2.939703762531280518e-01,-2.332495599985122681e-01,1.318315565586090088e-01,5.542312748730182648e-03,2.462063878774642944e-01,1.960716545581817627e-01,-5.193052440881729126e-02,-1.392616182565689087e-01,-2.968658208847045898e-01,1.761650592088699341e-01,-3.213473260402679443e-01,-6.001795455813407898e-02,1.496822685003280640e-01,-4.166945291217416525e-05,-2.262421995401382446e-01,2.420809119939804077e-01,-7.046228647232055664e-02,1.188109889626502991e-01,-3.720720708370208740e-01,-2.473054975271224976e-01,3.748666644096374512e-01,3.328819200396537781e-02,-3.331620991230010986e-01,-2.684971988201141357e-01,-4.457527399063110352e-02,-1.848823018372058868e-02,3.085822463035583496e-01,-2.403480857610702515e-01,-2.955529689788818359e-01,3.538891673088073730e-02,2.607598900794982910e-01,-3.116136789321899414e-01,1.437052339315414429e-01,1.095966175198554993e-01,-3.191115558147430420e-01,1.489168107509613037e-01,1.381905972957611084e-01,2.969591617584228516e-01,2.929917871952056885e-01,-1.683968305587768555e-01,-1.329663991928100586e-01,-2.663939893245697021e-01,1.043887902051210403e-02,2.373655587434768677e-01
4.627115651965141296e-02,5.197870731353759766e-02,-4.198002815246582031e-01,3.156362175941467285e-01,2.076021283864974976e-01,1.856781542301177979e-02,-1.380888978019356728e-03,1.680165827274322510e-01,1.702612787485122681e-01,2.187342345714569092e-01,-6.357384473085403442e-02,-1.909882277250289917e-01,3.239132463932037354e-01,3.174553513526916504e-01,3.992052376270294189e-01,4.170708358287811279e-01,-1.030453667044639587e-02,2.654227912425994873e-01,-3.546714186668395996e-01,-2.864257991313934326e-01,-2.965092957019805908e-01,2.547598779201507568e-01,3.172735571861267090e-01,-9.501066058874130249e-02,5.629512295126914978e-02,3.636188805103302002e-01,-3.894986808300018311e-01,-2.148035466670989990e-01,3.854418992996215820e-01,-9.357098489999771118e-02,1.077609658241271973e-01,-4.614190459251403809e-01,3.515616953372955322e-01,3.336890637874603271e-01,-1.490545645356178284e-02,-4.143431782722473145e-01,2.550010383129119873e-01,3.441987335681915283e-01,-2.527576684951782227e-01,-2.935365140438079834e-01,3.356114029884338379e-01,7.787184417247772217e-02,3.759443163871765137e-01,8.538460731506347656e-02,-8.702564984560012817e-02,-3.332285881042480469e-01,-3.983214199542999268e-01,-9.630737453699111938e-02,-1.477951183915138245e-02,-1.405435986816883087e-02,9.134310483932495117e-02,-9.568562358617782593e-02,1.761896610260009766e-01,-2.187710069119930267e-02,-7.397839426994323730e-02,-4.632870256900787354e-01,1.064206957817077637e-01,2.407766319811344147e-02,-2.846384942531585693e-01,-3.283253610134124756e-01,-5.536359548568725586e-02,3.994527459144592285e-02,1.033539604395627975e-02,1.702280342578887939e-01,-6.020149216055870056e-02,-1.136666536331176758e-01,9.018889069557189941e-02,4.009150564670562744e-01,-4.036463797092437744e-01,1.396477967500686646e-01,-3.596714437007904053e-01,-1.220613345503807068e-01,-1.047690957784652710e-01,3.891512155532836914e-01,-1.487326920032501221e-01,-3.788351714611053467e-01,-2.909661736339330673e-03,4.657917618751525879e-01,-1.438044905662536621e-01,-3.808089792728424072e-01,4.601959586143493652e-01,1.145000336691737175e-03,-3.667584061622619629e-01,-5.462038796395063400e-03,-3.420249223709106445e-01,-3.540015518665313721e-01,2.554958164691925049e-01,8.721451275050640106e-03,2.623673677444458008e-01,2.680768072605133057e-01,-6.502019613981246948e-02,-1.119634211063385010e-01,-3.405241668224334717e-01,1.735470890998840332e-01,-3.813223540782928467e-01,-7.876200228929519653e-02,2.629886567592620850e-01,-5.837306525791063905e-05,-3.208237290382385254e-01,2.795155048370361328e-01,-1.582005321979522705e-01,1.618228703737258911e-01,-4.537344872951507568e-01,-3.361844122409820557e-01,4.939489364624023438e-01,8.645261079072952271e-02,-3.602504730224609375e-01,-3.616927862167358398e-01,-2.625664882361888885e-02,-1.739228703081607819e-02,2.995938360691070557e-01,-3.440239131450653076e-01,-3.794061541557312012e-01,6.522201001644134521e-02,4.260179102420806885e-01,-3.990668058395385742e-01,2.205010950565338135e-01,1.941948384046554565e-01,-4.380735158920288086e-01,1.680695116519927979e-01,2.296717166900634766e-01,3.383964598178863525e-01,3.725038766860961914e-01,-1.978146731853485107e-01,-2.349001765251159668e-01,-3.275145888328552246e-01,9.508884511888027191e-03,3.386126458644866943e-01
-1.368713080883026123e-01,-6.315891630947589874e-03,6.475038081407546997e-02,-1.180436685681343079e-01,-8.798381686210632324e-02,4.630795866250991821e-02,-5.755148082971572876e-02,-7.833499461412429810e-02,-7.635984569787979126e-02,-6.357384473085403442e-02,1.760756820440292358e-01,5.320250988006591797e-02,7.751371711492538452e-02,-6.173893436789512634e-02,-5.499638617038726807e-02,-3.153699636459350586e-02,-2.465042052790522575e-03,-6.490999460220336914e-02,1.323639005422592163e-01,6.308077275753021240e-02,1.884532719850540161e-01,-1.613437756896018982e-02,-1.354086399078369141e-02,-4.532755538821220398e-02,-1.907273568212985992e-02,-1.071642246097326279e-02,-4.350119456648826599e-02,2.504976093769073486e-02,2.762880735099315643e-02,5.836257245391607285e-03,7.507243752479553223e-02,8.005265146493911743e-02,-1.769423335790634155e-01,-3.151946142315864563e-02,-6.561625283211469650e-03,-1.759349927306175232e-02,-3.617706522345542908e-02,-5.934695899486541748e-02,-2.054752968251705170e-02,2.163745313882827759e-01,-1.989247202873229980e-01,-9.504017233848571777e-02,2.216871269047260284e-02,-1.008086279034614563e-02,1.601890027523040771e-01,-1.169414222240447998e-01,1.060579046607017517e-01,7.410550862550735474e-02,-5.171243101358413696e-02,-7.953362911939620972e-02,3.061160258948802948e-02,-2.155788987874984741e-02,-2.062621414661407471e-01,5.161721631884574890e-02,-8.420777320861816406e-02,4.818601161241531372e-02,-7.516805827617645264e-02,-1.753803808242082596e-03,8.863769471645355225e-02,9.052327275276184082e-02,9.637413918972015381e-02,-4.274775087833404541e-02,-5.900167394429445267e-03,-1.792648434638977051e-01,-9.387832880020141602e-02,2.180394344031810760e-02,9.719337522983551025e-02,-6.507116556167602539e-02,5.111324787139892578e-02,-4.545306786894798279e-02,1.107855215668678284e-01,-2.433563172817230225e-01,5.490587651729583740e-02,-6.984294950962066650e-02,1.751199811697006226e-01,1.604931205511093140e-01,-1.750420546159148216e-03,-3.622956573963165283e-02,2.159806638956069946e-01,6.980750709772109985e-02,-1.684468090534210205e-01,-1.221971760969609022e-04,2.898740768432617188e-02,-4.536159103736281395e-04,1.954634338617324829e-01,-3.577262535691261292e-02,-4.334175586700439453e-02,1.271441229619085789e-03,3.537795320153236389e-02,-6.105081364512443542e-02,1.022017002105712891e-01,8.061556518077850342e-02,1.038684025406837463e-01,-6.315229088068008423e-02,1.667847186326980591e-01,1.011481806635856628e-01,-6.522959470748901367e-02,2.560375287430360913e-05,9.397565387189388275e-03,-1.452229022979736328e-01,3.945958241820335388e-02,-2.586508914828300476e-02,1.127173975110054016e-01,5.378628522157669067e-02,-1.097170934081077576e-01,-2.512818276882171631e-01,1.964151561260223389e-01,-1.250141672790050507e-02,9.750209748744964600e-02,4.827211610972881317e-03,-6.794896721839904785e-02,1.014041155576705933e-01,8.211532235145568848e-02,-8.755221217870712280e-02,-6.028349697589874268e-02,8.989817649126052856e-02,6.094038020819425583e-03,-7.365643978118896484e-04,1.531971842050552368e-01,-6.454954296350479126e-02,1.696255803108215332e-02,-1.778531074523925781e-01,-1.080747917294502258e-01,-2.402455778792500496e-03,-7.596201729029417038e-03,7.708104699850082397e-02,6.791114574298262596e-04,-1.130469739437103271e-01
-1.007825657725334167e-01,-4.582324996590614319e-02,3.773508071899414062e-01,-2.745366394519805908e-01,-2.368130087852478027e-01,-3.994534199591726065e-04,8.602801710367202759e-03,-2.499953657388687134e-01,-1.474177986383438110e-01,-1.909882277250289917e-01,5.320250988006591797e-02,2.039975374937057495e-01,-2.791334092617034912e-01,-3.117526173591613770e-01,-3.834332823753356934e-01,-4.246863126754760742e-01,8.013289421796798706e-03,-2.397968024015426636e-01,2.821924388408660889e-01,2.558342516422271729e-01,2.307171523571014404e-01,-2.427351623773574829e-01,-2.743789255619049072e-01,8.288853615522384644e-02,-5.203607305884361267e-02,-3.420591652393341064e-01,3.455901443958282471e-01,2.580493390560150146e-01,-3.726413249969482422e-01,9.776425361633300781e-02,-6.488574296236038208e-02,4.167105853557586670e-01,-2.683492302894592285e-01,-3.203280866146087646e-01,2.193797193467617035e-02,4.027042090892791748e-01,-2.346801757812500000e-01,-3.190747201442718506e-01,3.122312426567077637e-01,3.183806538581848145e-01,-3.261282145977020264e-01,-7.996181398630142212e-02,-3.288740813732147217e-01,-8.204974234104156494e-02,3.125789016485214233e-02,2.950800359249114990e-01,3.724605739116668701e-01,1.101683676242828369e-01,2.607668004930019379e-02,4.955571889877319336e-02,-4.562478885054588318e-02,1.386644244194030762e-01,-1.820221394300460815e-01,5.260366201400756836e-02,1.004556193947792053e-01,4.572289884090423584e-01,-1.352225989103317261e-01,-2.450896427035331726e-02,2.065789252519607544e-01,3.000216186046600342e-01,4.677357897162437439e-02,-8.389769122004508972e-03,-9.153405204415321350e-03,-1.395594626665115356e-01,4.680553823709487915e-02,1.002041995525360107e-01,-5.186077579855918884e-02,-3.996022939682006836e-01,3.806824684143066406e-01,-1.840448975563049316e-01,3.652434647083282471e-01,1.288312077522277832e-01,7.662476599216461182e-02,-3.771490156650543213e-01,1.300866752862930298e-01,3.581814467906951904e-01,2.625045133754611015e-03,-4.380901157855987549e-01,1.340855807065963745e-01,3.691473603248596191e-01,-4.271038472652435303e-01,-1.147477072663605213e-03,3.554315567016601562e-01,5.246608983725309372e-03,3.600470721721649170e-01,3.191500008106231689e-01,-2.531644105911254883e-01,-9.125767275691032410e-03,-2.012981027364730835e-01,-2.659627795219421387e-01,7.602647691965103149e-02,5.106428265571594238e-02,2.817008197307586670e-01,-1.401933431625366211e-01,3.431994915008544922e-01,1.290623545646667480e-01,-2.618326246738433838e-01,5.864819831913337111e-05,3.336816430091857910e-01,-2.882317602634429932e-01,1.930501013994216919e-01,-1.934535801410675049e-01,4.236025512218475342e-01,3.215240240097045898e-01,-4.190476834774017334e-01,-1.059417501091957092e-01,2.738864719867706299e-01,3.306871652603149414e-01,6.708402931690216064e-02,1.247262023389339447e-02,-2.765617370605468750e-01,2.778921723365783691e-01,3.595473766326904297e-01,-5.018336698412895203e-02,-4.190967679023742676e-01,3.548012673854827881e-01,-2.735322713851928711e-01,-1.665282547473907471e-01,4.333532452583312988e-01,-1.400955319404602051e-01,-1.820348650217056274e-01,-3.183033764362335205e-01,-3.470698893070220947e-01,1.441281437873840332e-01,2.433749288320541382e-01,2.754508256912231445e-01,-1.599827408790588379e-02,-3.049181699752807617e-01
