4.579956531524658203e-01,-1.744485087692737579e-02,1.776234358549118042e-01,-2.424049377441406250e-01,2.421161979436874390e-01,-3.648033142089843750e-01,1.051029190421104431e-01,3.722013533115386963e-01,3.124980814754962921e-02,-4.315403103828430176e-02,-2.415643185377120972e-01,-1.066094562411308289e-01,-2.058105617761611938e-01,-8.824254572391510010e-02,-1.090825274586677551e-01,1.246910840272903442e-01,7.748841773718595505e-03,-1.980305016040802002e-01,1.586104929447174072e-01,-4.068604856729507446e-02,-1.496099233627319336e-01,-2.637159824371337891e-01,-1.975867301225662231e-01,1.156447976827621460e-01,1.081941463053226471e-02,8.011965453624725342e-02,1.013539358973503113e-01,-2.894031405448913574e-01,-4.377746582031250000e-02,-5.406326800584793091e-02,-1.671015620231628418e-01,3.422135859727859497e-02,-1.698563545942306519e-01,-4.898651037365198135e-03,-1.251617725938558578e-02,3.032275103032588959e-02,7.539152167737483978e-03,-3.471459820866584778e-02,-1.749965250492095947e-01,-2.187235653400421143e-01,3.767887875437736511e-02,1.042523011565208435e-01,-2.165691852569580078e-01,-2.507936954498291016e-02,-7.194786332547664642e-03,2.867401242256164551e-01,6.211440637707710266e-02,1.394041907042264938e-02,2.085478603839874268e-01,-1.424334645271301270e-01,-2.304222881793975830e-01,-1.798031628131866455e-01,1.690839678049087524e-01,-3.077456727623939514e-03,4.564435780048370361e-02,-1.755609735846519470e-02,1.371211260557174683e-01,-3.333560889586806297e-04,2.133825868368148804e-01,2.257006764411926270e-01,-1.463323831558227539e-01,2.030473053455352783e-01,-6.667556241154670715e-03,1.738685667514801025e-01,9.335765987634658813e-02,1.127354800701141357e-02,-3.823788762092590332e-01,1.453001704066991806e-02,4.247331246733665466e-02,2.137823998928070068e-01,-1.448200941085815430e-01,2.611261010169982910e-01,-2.022836729884147644e-02,-1.151799112558364868e-01,-1.439645439386367798e-01,-4.310009628534317017e-02,1.310268417000770569e-03,-1.048698723316192627e-01,6.002219393849372864e-02,-8.068661205470561981e-03,2.280721999704837799e-02,-5.024466736358590424e-05,-6.775004416704177856e-02,4.419049655552953482e-04,-2.243048101663589478e-01,2.105660736560821533e-01,2.239021956920623779e-01,1.694865408353507519e-03,-1.871583610773086548e-01,8.005339652299880981e-02,-1.549000889062881470e-01,3.287481069564819336e-01,1.767468154430389404e-01,-1.951128393411636353e-01,2.794978674501180649e-03,-3.055599033832550049e-01,-9.970802813768386841e-02,-8.674588571011554450e-06,-6.580173224210739136e-02,6.641075015068054199e-02,-3.335604071617126465e-01,2.678893804550170898e-01,2.281098254024982452e-02,-5.187219381332397461e-02,-1.566359549760818481e-01,1.061122491955757141e-01,2.086221277713775635e-01,2.358608394861221313e-01,-3.762036561965942383e-01,9.902722202241420746e-03,-6.586059182882308960e-02,2.491011917591094971e-01,1.130910292267799377e-01,6.068329885601997375e-02,-4.466935247182846069e-02,2.296753786504268646e-02,2.616429626941680908e-01,-1.810858398675918579e-01,-4.203227534890174866e-02,-1.326622366905212402e-01,-2.137120366096496582e-01,-3.430924564599990845e-02,7.659723050892353058e-03,3.382598757743835449e-01,-9.241645038127899170e-02,1.833171099424362183e-01,5.402823537588119507e-02,2.406578697264194489e-02
-1.744485087692737579e-02,1.349169760942459106e-02,-1.035051792860031128e-01,8.662434667348861694e-02,5.460945889353752136e-02,3.548401175066828728e-03,-2.507121488451957703e-02,3.234753757715225220e-02,7.940696179866790771e-02,7.610232383012771606e-02,-1.008201763033866882e-02,-4.417164623737335205e-02,8.725725114345550537e-02,8.266153186559677124e-02,9.991379082202911377e-02,1.009474024176597595e-01,-1.754180411808192730e-03,7.552880048751831055e-02,-9.862093627452850342e-02,-6.366470456123352051e-02,-6.118975579738616943e-02,8.609785139560699463e-02,7.607076317071914673e-02,-3.057662211358547211e-02,1.690190657973289490e-02,8.838221430778503418e-02,-9.623051434755325317e-02,-3.113370016217231750e-02,8.618869632482528687e-02,-7.030019536614418030e-03,2.345425309613347054e-03,-1.150685697793960571e-01,7.718562334775924683e-02,7.577414065599441528e-02,-1.812066300772130489e-03,-1.034737452864646912e-01,7.692549377679824829e-02,9.939154982566833496e-02,-7.038021832704544067e-02,-6.774166971445083618e-02,1.003439873456954956e-01,1.742015592753887177e-02,9.537582844495773315e-02,3.691963106393814087e-02,-2.068305760622024536e-02,-8.894484490156173706e-02,-1.000248119235038757e-01,-3.725371137261390686e-02,-1.122958725318312645e-03,1.258966140449047089e-02,3.220195183530449867e-03,1.458337344229221344e-02,6.473828852176666260e-02,-1.000066846609115601e-02,-1.015916652977466583e-02,-1.058866828680038452e-01,4.340588673949241638e-02,4.112849477678537369e-03,-9.526427835226058960e-02,-8.341885358095169067e-02,1.236866111867129803e-03,-1.812564209103584290e-02,3.178180893883109093e-03,2.386883273720741272e-02,1.794178225100040436e-02,-3.748422488570213318e-02,5.382339283823966980e-02,1.022257432341575623e-01,-1.010647118091583252e-01,3.348596394062042236e-02,-8.180370181798934937e-02,-2.239609509706497192e-02,-3.910467773675918579e-02,9.732335805892944336e-02,-3.228247538208961487e-02,-9.931977093219757080e-02,-3.769583418034017086e-04,1.058997213840484619e-01,-3.689093515276908875e-02,-9.123929589986801147e-02,9.899256378412246704e-02,8.455709757981821895e-05,-8.799391239881515503e-02,-8.187456842279061675e-05,-8.840667456388473511e-02,-1.015932708978652954e-01,2.916352450847625732e-02,9.886247571557760239e-04,9.229193627834320068e-02,7.019021362066268921e-02,-2.760755456984043121e-02,-4.626822099089622498e-02,-9.462828189134597778e-02,4.922658205032348633e-02,-9.219006448984146118e-02,9.893902577459812164e-03,7.059842348098754883e-02,-4.821598054149944801e-07,-7.970757782459259033e-02,8.018838614225387573e-02,-1.450129318982362747e-02,5.442412942647933960e-02,-1.036657691001892090e-01,-9.327650815248489380e-02,1.162439286708831787e-01,9.612848050892353058e-03,-1.012149155139923096e-01,-1.003395691514015198e-01,-1.727398484945297241e-02,-2.552216639742255211e-03,8.266464620828628540e-02,-9.171698242425918579e-02,-1.016213297843933105e-01,2.843193942680954933e-03,1.036174818873405457e-01,-9.784831106662750244e-02,3.588528558611869812e-02,6.359654664993286133e-02,-1.024627685546875000e-01,7.184651494026184082e-02,9.097598493099212646e-02,9.198715537786483765e-02,8.663722127676010132e-02,-8.089978992938995361e-02,-4.183668643236160278e-02,-7.784415036439895630e-02,-4.974565934389829636e-03,7.861194759607315063e-02
1.776234358549118042e-01,-1.035051792860031128e-01,7.907338142395019531e-01,-6.894763112068176270e-01,-4.478437900543212891e-01,-8.007393032312393188e-02,1.815560162067413330e-01,-2.896195650100708008e-01,-5.617327094078063965e-01,-6.214957833290100098e-01,6.712806969881057739e-02,3.813337683677673340e-01,-6.652360558509826660e-01,-6.548032164573669434e-01,-7.627211213111877441e-01,-7.202587723731994629e-01,1.453233044594526291e-02,-5.907847881317138672e-01,7.461822628974914551e-01,5.373198390007019043e-01,4.053894281387329102e-01,-6.933181285858154297e-01,-6.513885259628295898e-01,2.710636556148529053e-01,-1.381666809320449829e-01,-6.456056237220764160e-01,7.346013188362121582e-01,2.507477104663848877e-01,-7.005105614662170410e-01,7.888988405466079712e-02,-2.722874656319618225e-02,7.960385680198669434e-01,-5.614659190177917480e-01,-6.379165649414062500e-01,2.090958505868911743e-02,7.539883852005004883e-01,-6.300305724143981934e-01,-7.575773000717163086e-01,5.439587235450744629e-01,5.219267010688781738e-01,-7.146484255790710449e-01,-1.216487586498260498e-01,-7.392334938049316406e-01,-3.189254105091094971e-01,1.013663932681083679e-01,7.084228396415710449e-01,7.677568197250366211e-01,3.053001463413238525e-01,3.765508532524108887e-02,-3.165288642048835754e-02,-2.358121052384376526e-02,-3.554166853427886963e-02,-4.776825308799743652e-01,7.399114221334457397e-02,1.234356835484504700e-01,7.849293947219848633e-01,-3.780964612960815430e-01,-3.601574152708053589e-02,7.169139385223388672e-01,6.430378556251525879e-01,-3.401256725192070007e-02,1.743519604206085205e-01,-2.438434213399887085e-02,-1.544673442840576172e-01,-1.085993945598602295e-01,3.078390061855316162e-01,-4.187480807304382324e-01,-7.551776766777038574e-01,7.533614039421081543e-01,-2.923300266265869141e-01,6.463454961776733398e-01,2.550971806049346924e-01,2.901717126369476318e-01,-7.526087760925292969e-01,1.963307112455368042e-01,7.392965555191040039e-01,3.157573053613305092e-03,-8.041076064109802246e-01,2.812927067279815674e-01,7.021812796592712402e-01,-7.404978275299072266e-01,-7.330607622861862183e-04,6.913708448410034180e-01,2.296315040439367294e-03,6.441457271575927734e-01,7.770004272460937500e-01,-2.756781876087188721e-01,-8.908913470804691315e-03,-6.914030313491821289e-01,-5.901616811752319336e-01,2.159258872270584106e-01,3.095319271087646484e-01,7.055332064628601074e-01,-3.812697231769561768e-01,7.005841732025146484e-01,-7.074140757322311401e-02,-5.916051864624023438e-01,4.844089289690600708e-06,6.300070285797119141e-01,-6.167902350425720215e-01,1.842701733112335205e-01,-4.260033071041107178e-01,7.583512067794799805e-01,7.156500220298767090e-01,-8.274434208869934082e-01,-9.739427268505096436e-02,6.967561841011047363e-01,7.528538107872009277e-01,1.334495842456817627e-01,1.664013043045997620e-02,-5.979900360107421875e-01,7.081448435783386230e-01,7.649166584014892578e-01,-6.409582495689392090e-02,-7.909594774246215820e-01,7.317658662796020508e-01,-2.958164215087890625e-01,-5.637974739074707031e-01,7.669349312782287598e-01,-5.698550939559936523e-01,-7.170562148094177246e-01,-6.782805919647216797e-01,-6.579186320304870605e-01,6.161572337150573730e-01,3.916293382644653320e-01,6.133710145950317383e-01,3.372945263981819153e-02,-6.451438069343566895e-01
-2.424049377441406250e-01,8.662434667348861694e-02,-6.894763112068176270e-01,7.256131172180175781e-01,2.495975047349929810e-01,1.750895380973815918e-01,-1.533398777246475220e-01,7.723184674978256226e-02,5.071833729743957520e-01,5.070350766181945801e-01,-1.676923334598541260e-01,-2.644735872745513916e-01,4.720171988010406494e-01,5.949550867080688477e-01,6.675546765327453613e-01,4.874898791313171387e-01,-1.005694549530744553e-02,4.968158900737762451e-01,-7.063449621200561523e-01,-4.699375927448272705e-01,-4.382115304470062256e-01,6.495412588119506836e-01,5.672886967658996582e-01,-1.879830956459045410e-01,1.201891675591468811e-01,4.064213037490844727e-01,-5.813294649124145508e-01,2.183065563440322876e-02,4.855108857154846191e-01,6.230007112026214600e-02,-1.175674237310886383e-02,-7.014009952545166016e-01,6.438892483711242676e-01,5.595071911811828613e-01,4.067185800522565842e-04,-5.407383441925048828e-01,4.589131772518157959e-01,6.307703852653503418e-01,-2.542444467544555664e-01,-4.800605475902557373e-01,6.463474631309509277e-01,1.775584816932678223e-01,6.094852685928344727e-01,2.441088110208511353e-01,-2.267792075872421265e-01,-5.565894246101379395e-01,-6.960071921348571777e-01,-2.596270442008972168e-01,2.622216753661632538e-02,9.390763193368911743e-02,6.527867913246154785e-02,2.225232422351837158e-01,4.855783879756927490e-01,-9.413257986307144165e-02,3.793440759181976318e-02,-6.067361831665039062e-01,3.625206351280212402e-01,2.739131823182106018e-02,-6.504307985305786133e-01,-6.942550539970397949e-01,-1.601095497608184814e-02,-8.858640491962432861e-02,2.691768296062946320e-02,8.647988736629486084e-02,1.528538018465042114e-01,-2.558026313781738281e-01,3.194432854652404785e-01,5.538383722305297852e-01,-6.183254718780517578e-01,3.898027911782264709e-02,-4.692228138446807861e-01,-4.773426055908203125e-02,-3.485186696052551270e-01,6.560965776443481445e-01,-2.428409457206726074e-01,-5.933710336685180664e-01,-1.627575489692389965e-03,6.513836383819580078e-01,-4.126138389110565186e-01,-5.714738368988037109e-01,6.736527681350708008e-01,5.984067684039473534e-04,-5.192963480949401855e-01,2.440898912027478218e-03,-4.864244759082794189e-01,-6.708238124847412109e-01,3.039102256298065186e-02,3.848740365356206894e-03,5.618888139724731445e-01,4.593642354011535645e-01,-2.350373864173889160e-01,-4.504225254058837891e-01,-6.917411088943481445e-01,4.465158879756927490e-01,-6.393531560897827148e-01,1.741029620170593262e-01,4.475012123584747314e-01,-5.892412900720955804e-06,-4.233545958995819092e-01,4.490109086036682129e-01,-3.139315545558929443e-02,1.707149744033813477e-01,-6.884382963180541992e-01,-5.420746207237243652e-01,7.550373673439025879e-01,2.883175909519195557e-01,-7.639047503471374512e-01,-6.167544722557067871e-01,6.347544491291046143e-02,-2.410028874874114990e-02,5.908691287040710449e-01,-7.212411165237426758e-01,-7.070794105529785156e-01,2.029159963130950928e-01,6.492022275924682617e-01,-6.247478723526000977e-01,2.381444163620471954e-02,4.702177345752716064e-01,-6.272129416465759277e-01,6.004983782768249512e-01,5.878031849861145020e-01,6.685918569564819336e-01,5.944555997848510742e-01,-5.840542316436767578e-01,-3.412444591522216797e-01,-6.133143305778503418e-01,-3.730901330709457397e-02,5.129891633987426758e-01
2.421161979436874390e-01,5.460945889353752136e-02,-4.478437900543212891e-01,2.495975047349929810e-01,5.838022828102111816e-01,-2.615368962287902832e-01,-4.642172902822494507e-02,6.093804240226745605e-01,3.534924387931823730e-01,3.798490464687347412e-01,-1.449319273233413696e-01,-3.750344514846801758e-01,4.103987216949462891e-01,3.483306765556335449e-01,4.644050002098083496e-01,7.352167367935180664e-01,-5.538323894143104553e-03,3.034521937370300293e-01,-3.905283808708190918e-01,-3.535485267639160156e-01,-2.762433290481567383e-01,2.676821351051330566e-01,2.902947366237640381e-01,-1.307731270790100098e-01,9.487009793519973755e-02,6.254960298538208008e-01,-4.769753217697143555e-01,-5.414956212043762207e-01,5.957238078117370605e-01,-1.674934923648834229e-01,-8.107216656208038330e-02,-5.505018830299377441e-01,1.577188223600387573e-01,4.334914088249206543e-01,-3.663728386163711548e-02,-6.121298670768737793e-01,4.873632490634918213e-01,5.463404655456542969e-01,-7.145158648490905762e-01,-4.927218854427337646e-01,5.213684439659118652e-01,9.561861306428909302e-02,4.014403223991394043e-01,2.158016115427017212e-01,4.843581095337867737e-02,-3.485622107982635498e-01,-5.060275197029113770e-01,-2.086998820304870605e-01,5.580177158117294312e-02,-1.247272044420242310e-01,-1.767311096191406250e-01,-2.604300081729888916e-01,3.820536732673645020e-01,-3.094146214425563812e-02,-1.634500920772552490e-01,-6.624106168746948242e-01,3.307482600212097168e-01,2.710874378681182861e-02,-3.309621512889862061e-01,-2.091888934373855591e-01,-3.450430184602737427e-02,-4.945036023855209351e-02,6.269125267863273621e-03,2.292008846998214722e-01,8.961544185876846313e-02,-2.011850327253341675e-01,5.246143415570259094e-02,6.408031582832336426e-01,-5.237084627151489258e-01,4.924496412277221680e-01,-6.424359679222106934e-01,-1.315292865037918091e-01,-1.130246743559837341e-01,4.606647789478302002e-01,-1.680011004209518433e-01,-6.015557646751403809e-01,-1.881426665931940079e-03,5.662039518356323242e-01,-3.841491416096687317e-02,-5.260345339775085449e-01,5.426094532012939453e-01,4.738000279758125544e-04,-5.943893194198608398e-01,-4.179431125521659851e-03,-6.897771358489990234e-01,-4.236598312854766846e-01,4.755638241767883301e-01,1.007217355072498322e-02,3.532410860061645508e-01,4.924623966217041016e-01,-2.272017151117324829e-01,1.603345125913619995e-01,-3.138332366943359375e-01,1.360046770423650742e-02,-4.774371385574340820e-01,-2.485003471374511719e-01,3.964205682277679443e-01,-7.847605957067571580e-06,-5.659759640693664551e-01,5.506044626235961914e-01,-4.513774812221527100e-01,6.206103563308715820e-01,-5.249545574188232422e-01,-6.178036928176879883e-01,4.871762096881866455e-01,1.998133026063442230e-02,-2.514796555042266846e-01,-4.320473968982696533e-01,-4.761188626289367676e-01,5.743103567510843277e-03,2.843757271766662598e-01,-2.482050508260726929e-01,-4.587799310684204102e-01,-2.558399923145771027e-02,6.049029827117919922e-01,-5.027536153793334961e-01,5.402438640594482422e-01,2.809352576732635498e-01,-6.325044631958007812e-01,2.065007090568542480e-01,3.991461992263793945e-01,3.879329562187194824e-01,4.236379861831665039e-01,-1.522703915834426880e-01,-3.125958740711212158e-01,-2.115518748760223389e-01,1.926382258534431458e-02,4.847635626792907715e-01
-3.648033142089843750e-01,3.548401175066828728e-03,-8.007393032312393188e-02,1.750895380973815918e-01,-2.615368962287902832e-01,3.438103795051574707e-01,-4.830576106905937195e-02,-3.595367074012756348e-01,-9.992466121912002563e-02,-1.897415518760681152e-02,1.551711559295654297e-01,1.383515447378158569e-01,6.768441200256347656e-02,2.500420063734054565e-02,2.598092518746852875e-02,-2.247334271669387817e-01,-4.775445442646741867e-03,9.421332180500030518e-02,-7.516258955001831055e-02,5.359942838549613953e-02,1.392856240272521973e-01,1.585917174816131592e-01,1.206263601779937744e-01,-5.061402171850204468e-02,-2.049472928047180176e-02,-1.914931535720825195e-01,-4.313203040510416031e-03,3.180450499057769775e-01,-5.097543820738792419e-02,5.784451961517333984e-02,1.321643292903900146e-01,5.813366174697875977e-02,1.321126520633697510e-01,-2.400199510157108307e-02,1.610829494893550873e-02,9.288431704044342041e-02,-8.573711663484573364e-02,-5.105603486299514771e-02,2.613717913627624512e-01,1.915695220232009888e-01,-1.074891313910484314e-01,-6.600759178400039673e-02,1.047505065798759460e-01,-6.525342352688312531e-03,-1.612472534179687500e-02,-1.547003239393234253e-01,5.745422560721635818e-03,1.493238937109708786e-02,-1.581541150808334351e-01,1.212596595287322998e-01,1.997659057378768921e-01,1.626013666391372681e-01,-1.554735898971557617e-01,7.506025955080986023e-03,4.741557873785495758e-03,1.031231284141540527e-01,-1.313663274049758911e-01,-3.593101631850004196e-03,-1.161548346281051636e-01,-1.566648632287979126e-01,1.052728071808815002e-01,-1.282762438058853149e-01,5.248903762549161911e-03,-1.656168699264526367e-01,-7.992002367973327637e-02,2.138658985495567322e-02,2.478108257055282593e-01,-1.127792894840240479e-01,5.366872623562812805e-02,-2.463057935237884521e-01,1.929486244916915894e-01,-1.637496650218963623e-01,2.356809750199317932e-02,1.501597650349140167e-02,1.182286515831947327e-01,1.112229153513908386e-01,-4.149680898990482092e-04,2.731868997216224670e-03,-6.616353988647460938e-02,9.038723260164260864e-02,-7.664609700441360474e-02,-2.833676444424781948e-05,1.249733716249465942e-01,4.630142575479112566e-05,2.667369544506072998e-01,-9.225443005561828613e-02,-2.296148538589477539e-01,-3.228101413697004318e-03,6.180771067738533020e-02,-1.268598288297653198e-01,1.181342676281929016e-01,-2.747954428195953369e-01,-9.068623185157775879e-02,1.467807441949844360e-01,5.874843522906303406e-02,2.558456957340240479e-01,3.774989768862724304e-02,5.895275990042136982e-06,1.427509486675262451e-01,-1.440933197736740112e-01,2.936680316925048828e-01,-3.106827139854431152e-01,6.005980074405670166e-02,1.328198313713073730e-01,4.990588128566741943e-02,2.419276628643274307e-03,-1.417957842350006104e-01,-9.214232116937637329e-02,3.654346168041229248e-01,-7.893797010183334351e-03,3.783480729907751083e-03,-1.814018189907073975e-01,-2.271802350878715515e-02,2.028210787102580070e-03,-3.581915423274040222e-02,5.134550854563713074e-02,-3.001979887485504150e-01,1.014009565114974976e-01,1.092467457056045532e-01,8.669175952672958374e-02,1.013510227203369141e-01,-1.355224847793579102e-02,-5.032272264361381531e-02,-2.234286963939666748e-01,8.856317400932312012e-02,-1.153505519032478333e-01,-4.566384106874465942e-02,-7.401080429553985596e-02
1.051029190421104431e-01,-2.507121488451957703e-02,1.815560162067413330e-01,-1.533398777246475220e-01,-4.642172902822494507e-02,-4.830576106905937195e-02,8.386965841054916382e-02,1.898792572319507599e-02,-1.291875541210174561e-01,-1.102788075804710388e-01,-5.742850899696350098e-02,4.584429785609245300e-02,-1.925411671400070190e-01,-1.355020999908447266e-01,-1.650272607803344727e-01,-1.453291326761245728e-01,4.543125163763761520e-03,-1.754819452762603760e-01,1.609774678945541382e-01,6.131984665989875793e-02,4.968236386775970459e-02,-1.709580272436141968e-01,-1.386801004409790039e-01,6.778719276189804077e-02,-2.051291801035404205e-02,-1.407030075788497925e-01,1.597459465265274048e-01,2.222009561955928802e-02,-1.349507868289947510e-01,2.940279198810458183e-03,-3.803965076804161072e-02,1.726962029933929443e-01,-1.313132196664810181e-01,-8.987677097320556641e-02,1.300963689573109150e-03,1.753319203853607178e-01,-1.192728951573371887e-01,-1.498574912548065186e-01,9.401561319828033447e-02,3.792629763484001160e-02,-1.433678567409515381e-01,7.965158671140670776e-03,-1.925621628761291504e-01,-5.800854787230491638e-02,1.154581457376480103e-02,1.927954256534576416e-01,1.475830078125000000e-01,6.620939821004867554e-02,6.500691920518875122e-02,-5.849063023924827576e-02,-4.752288758754730225e-02,-5.612295493483543396e-02,-4.485810920596122742e-02,1.399645581841468811e-02,3.618415072560310364e-02,1.504951119422912598e-01,-2.542011626064777374e-02,-6.212434731423854828e-03,1.823497861623764038e-01,1.562314629554748535e-01,-4.604657366871833801e-02,8.928058296442031860e-02,-5.094931926578283310e-03,-4.916835110634565353e-03,-4.242149647325277328e-03,5.735167488455772400e-02,-1.749504208564758301e-01,-1.574652791023254395e-01,1.606994122266769409e-01,-2.589915506541728973e-02,8.931651711463928223e-02,9.215120971202850342e-02,4.049895703792572021e-02,-1.644649356603622437e-01,1.969923824071884155e-02,1.373722851276397705e-01,1.045129611156880856e-03,-1.730017364025115967e-01,4.825389385223388672e-02,1.303414702415466309e-01,-1.272323131561279297e-01,-1.243920705746859312e-04,1.151743829250335693e-01,1.113282269216142595e-04,9.176331013441085815e-02,1.940590739250183105e-01,-4.003822337836027145e-03,-1.517842523753643036e-03,-1.826464831829071045e-01,-8.229187130928039551e-02,-1.810380024835467339e-03,1.222780123353004456e-01,1.663520038127899170e-01,-9.447108209133148193e-02,1.308541446924209595e-01,-7.197432965040206909e-02,-1.340047270059585571e-01,-2.240802587039070204e-06,1.153094470500946045e-01,-1.195737197995185852e-01,-5.850157141685485840e-02,-3.917453438043594360e-02,1.527117937803268433e-01,1.301792711019515991e-01,-1.881391853094100952e-01,4.630224034190177917e-02,1.710154712200164795e-01,2.153520137071609497e-01,-2.440448105335235596e-02,4.666419699788093567e-03,-1.339137554168701172e-01,1.537613272666931152e-01,1.735677719116210938e-01,6.496894359588623047e-02,-1.611293703317642212e-01,1.447449177503585815e-01,-2.784111723303794861e-02,-1.274989396333694458e-01,1.403917968273162842e-01,-1.202787607908248901e-01,-1.811421066522598267e-01,-1.297678202390670776e-01,-1.207481399178504944e-01,1.933785080909729004e-01,1.546731311827898026e-02,1.383815258741378784e-01,2.043000236153602600e-02,-1.027971878647804260e-01
3.722013533115386963e-01,3.234753757715225220e-02,-2.896195650100708008e-01,7.723184674978256226e-02,6.093804240226745605e-01,-3.595367074012756348e-01,1.898792572319507599e-02,7.291482090950012207e-01,2.430008202791213989e-01,2.913860976696014404e-01,-1.450859755277633667e-01,-3.987039029598236084e-01,2.794022858142852783e-01,2.423678487539291382e-01,3.353056609630584717e-01,6.731275916099548340e-01,-1.515492214821279049e-03,1.399132758378982544e-01,-2.219698578119277954e-01,-3.105431497097015381e-01,-1.895527094602584839e-01,1.190443113446235657e-01,1.651372164487838745e-01,-1.062647029757499695e-01,8.219200372695922852e-02,5.761642456054687500e-01,-3.726038336753845215e-01,-6.306124329566955566e-01,5.490652918815612793e-01,-2.046749740839004517e-01,-1.261646449565887451e-01,-4.088444113731384277e-01,-4.748407378792762756e-02,3.824516236782073975e-01,-4.799070581793785095e-02,-5.200749039649963379e-01,4.364324212074279785e-01,4.373972415924072266e-01,-7.340224385261535645e-01,-4.620715677738189697e-01,3.916386067867279053e-01,7.063383609056472778e-02,2.393088191747665405e-01,1.850597262382507324e-01,1.542503833770751953e-01,-2.188560366630554199e-01,-3.757263123989105225e-01,-1.563085466623306274e-01,1.009738445281982422e-01,-2.703285813331604004e-01,-2.662882804870605469e-01,-4.227560758590698242e-01,3.178455829620361328e-01,-2.117121219635009766e-02,-1.993342489004135132e-01,-5.711100101470947266e-01,3.333524465560913086e-01,2.530482038855552673e-02,-1.387623250484466553e-01,-1.791341602802276611e-02,-5.851205810904502869e-02,1.178047433495521545e-02,-1.470756251364946365e-03,2.243252098560333252e-01,5.998950824141502380e-02,-1.628781259059906006e-01,-1.100698262453079224e-01,5.483956336975097656e-01,-4.165646433830261230e-01,5.758155584335327148e-01,-6.187162995338439941e-01,-1.435113996267318726e-01,-4.650743678212165833e-02,3.432295918464660645e-01,-9.064427018165588379e-02,-4.968900084495544434e-01,-1.472096308134496212e-03,4.525084793567657471e-01,7.607617229223251343e-02,-4.437897503376007080e-01,4.294270575046539307e-01,4.223192809149622917e-04,-5.426846742630004883e-01,-5.713462363928556442e-03,-6.388642787933349609e-01,-2.702637612819671631e-01,5.734218358993530273e-01,1.115245092660188675e-02,2.113875597715377808e-01,4.758586585521697998e-01,-2.054784595966339111e-01,3.908025026321411133e-01,-1.351627856492996216e-01,-1.201977580785751343e-01,-3.571439087390899658e-01,-3.729706704616546631e-01,2.903945147991180420e-01,-9.510636118648108095e-06,-5.397775769233703613e-01,4.813906550407409668e-01,-6.022940874099731445e-01,6.899287104606628418e-01,-3.979187607765197754e-01,-5.542161464691162109e-01,3.069758415222167969e-01,-2.268039621412754059e-02,-2.261790819466114044e-02,-2.702673077583312988e-01,-6.024147868156433105e-01,1.552588958293199539e-02,1.561441570520401001e-01,-7.355622202157974243e-02,-3.084641695022583008e-01,7.654168875887989998e-04,4.864542782306671143e-01,-3.858112990856170654e-01,6.332784295082092285e-01,1.917559951543807983e-01,-5.348352193832397461e-01,5.051951110363006592e-02,2.483685910701751709e-01,2.467665523290634155e-01,3.056618273258209229e-01,6.144911423325538635e-02,-3.412545621395111084e-01,-5.776279047131538391e-02,5.525283887982368469e-02,4.283722341060638428e-01
3.124980814754962921e-02,7.940696179866790771e-02,-5.617327094078063965e-01,5.071833729743957520e-01,3.534924387931823730e-01,-9.992466121912002563e-02,-1.291875541210174561e-01,2.430008202791213989e-01,6.121816635131835938e-01,4.884683787822723389e-01,-2.261490821838378906e-01,-3.317820727825164795e-01,3.696833252906799316e-01,5.547088384628295898e-01,6.052076220512390137e-01,6.050046086311340332e-01,-5.264255683869123459e-03,3.136309087276458740e-01,-5.838912725448608398e-01,-4.873130023479461670e-01,-5.808862447738647461e-01,4.860221743583679199e-01,4.047544002532958984e-01,-1.398194879293441772e-01,1.279523372650146484e-01,5.234732627868652344e-01,-5.717311501502990723e-01,-1.625954806804656982e-01,4.288202524185180664e-01,2.553277835249900818e-02,-1.099343299865722656e-01,-7.569928169250488281e-01,4.963496923446655273e-01,5.227157473564147949e-01,-7.489185780286788940e-03,-5.869049429893493652e-01,4.644952714443206787e-01,6.019085645675659180e-01,-3.537077903747558594e-01,-5.556488037109375000e-01,6.821467280387878418e-01,2.143765985965728760e-01,4.569506645202636719e-01,2.090939283370971680e-01,-2.335929125547409058e-01,-4.149324893951416016e-01,-6.122091412544250488e-01,-2.059976905584335327e-01,1.912569850683212280e-01,-2.048685960471630096e-02,-9.162034839391708374e-02,1.539073288440704346e-01,5.673612356185913086e-01,-1.015210300683975220e-01,7.091228663921356201e-02,-6.192407011985778809e-01,3.988145887851715088e-01,2.490691468119621277e-02,-5.087436437606811523e-01,-5.063896775245666504e-01,-1.145530566573143005e-01,8.160935342311859131e-02,2.203168720006942749e-02,2.220147252082824707e-01,2.105524688959121704e-01,-2.437016665935516357e-01,1.179591342806816101e-01,5.783486366271972656e-01,-6.309420466423034668e-01,1.798057258129119873e-01,-5.199313759803771973e-01,8.903438597917556763e-02,-3.850237429141998291e-01,5.947648286819458008e-01,-3.014712631702423096e-01,-5.998592376708984375e-01,-1.196530531160533428e-03,5.912581086158752441e-01,-3.030036389827728271e-01,-6.002988219261169434e-01,6.619066596031188965e-01,5.582933081313967705e-04,-5.468723177909851074e-01,3.219747217372059822e-03,-5.960059762001037598e-01,-5.540331006050109863e-01,1.556083559989929199e-01,4.916628822684288025e-03,5.349323153495788574e-01,4.913803040981292725e-01,-2.612549960613250732e-01,-2.511935532093048096e-01,-5.810425877571105957e-01,3.550586700439453125e-01,-6.062455177307128906e-01,1.264474913477897644e-02,2.963137626647949219e-01,-7.532641575380694121e-06,-4.905638098716735840e-01,4.634498953819274902e-01,-1.961347609758377075e-01,3.765809535980224609e-01,-6.833213567733764648e-01,-5.734386444091796875e-01,6.848906874656677246e-01,1.929407417774200439e-01,-6.431437134742736816e-01,-4.812320172786712646e-01,-1.773860603570938110e-01,-2.329330332577228546e-02,6.305785775184631348e-01,-5.551956892013549805e-01,-6.215921640396118164e-01,2.110244631767272949e-01,5.667541027069091797e-01,-6.247642040252685547e-01,2.164887785911560059e-01,3.036425411701202393e-01,-6.250672936439514160e-01,4.886248707771301270e-01,4.212809205055236816e-01,6.423436403274536133e-01,5.948125720024108887e-01,-3.770606815814971924e-01,-3.922825455665588379e-01,-5.112121701240539551e-01,9.926482103765010834e-03,4.983822405338287354e-01
-4.315403103828430176e-02,7.610232383012771606e-02,-6.214957833290100098e-01,5.070350766181945801e-01,3.798490464687347412e-01,-1.897415518760681152e-02,-1.102788075804710388e-01,2.913860976696014404e-01,4.884683787822723389e-01,5.042458772659301758e-01,-1.020741090178489685e-01,-3.237449228763580322e-01,4.967802166938781738e-01,5.216565132141113281e-01,6.229870319366455078e-01,6.748007535934448242e-01,-9.459286928176879883e-03,3.719303905963897705e-01,-6.061565279960632324e-01,-4.605745971202850342e-01,-4.155979752540588379e-01,5.074389576911926270e-01,4.649521112442016602e-01,-2.021156251430511475e-01,1.156677156686782837e-01,5.849164724349975586e-01,-6.255568861961364746e-01,-2.386378049850463867e-01,5.781251192092895508e-01,-7.752095907926559448e-02,-1.674531772732734680e-02,-7.456376552581787109e-01,4.272924661636352539e-01,5.345993041992187500e-01,-1.722302846610546112e-02,-6.700804233551025391e-01,5.001373291015625000e-01,6.387329101562500000e-01,-4.965178668498992920e-01,-4.793827831745147705e-01,6.268127560615539551e-01,1.245816126465797424e-01,5.417701601982116699e-01,2.363399267196655273e-01,-1.143555566668510437e-01,-5.360409021377563477e-01,-6.311178207397460938e-01,-2.044388055801391602e-01,7.545854151248931885e-02,-2.906668186187744141e-02,-4.006417095661163330e-02,1.437812857329845428e-02,4.509331583976745605e-01,-6.611971557140350342e-02,-6.513733416795730591e-02,-7.031137943267822266e-01,3.224325478076934814e-01,2.689610049128532410e-02,-5.445327162742614746e-01,-4.679226875305175781e-01,-3.417700529098510742e-02,-3.928557038307189941e-02,1.838488876819610596e-02,1.873757988214492798e-01,1.180309951305389404e-01,-2.390051633119583130e-01,2.419743984937667847e-01,6.559656262397766113e-01,-6.472805738449096680e-01,2.643357515335083008e-01,-5.707608461380004883e-01,-1.391286253929138184e-01,-2.643516659736633301e-01,6.125548481941223145e-01,-1.925181597471237183e-01,-6.400470137596130371e-01,-2.042514504864811897e-03,6.806584000587463379e-01,-2.028465270996093750e-01,-6.072406172752380371e-01,6.572417616844177246e-01,5.669015226885676384e-04,-5.897960662841796875e-01,-1.194840646348893642e-03,-5.970767140388488770e-01,-6.038899421691894531e-01,2.540733218193054199e-01,6.935056298971176147e-03,5.684657692909240723e-01,4.892595410346984863e-01,-1.916356086730957031e-01,-1.939800828695297241e-01,-5.597808361053466797e-01,2.913790345191955566e-01,-5.829537510871887207e-01,2.728683175519108772e-03,3.962185978889465332e-01,-5.699218036170350388e-06,-5.318379998207092285e-01,5.019715428352355957e-01,-2.261381149291992188e-01,4.355044364929199219e-01,-6.595748662948608398e-01,-6.238562464714050293e-01,7.311974763870239258e-01,6.546589732170104980e-02,-5.946011543273925781e-01,-5.715483427047729492e-01,-1.667563170194625854e-01,-1.509499084204435349e-02,5.242553949356079102e-01,-5.675345659255981445e-01,-6.146055459976196289e-01,1.210680082440376282e-01,6.468160152435302734e-01,-6.277405023574829102e-01,2.825460135936737061e-01,3.788606226444244385e-01,-6.677796840667724609e-01,4.243358671665191650e-01,5.251922607421875000e-01,5.751618146896362305e-01,5.456584692001342773e-01,-4.153389334678649902e-01,-3.573138415813446045e-01,-4.678649008274078369e-01,-5.565743427723646164e-03,5.275154113769531250e-01
-2.415643185377120972e-01,-1.008201763033866882e-02,6.712806969881057739e-02,-1.676923334598541260e-01,-1.449319273233413696e-01,1.551711559295654297e-01,-5.742850899696350098e-02,-1.450859755277633667e-01,-2.261490821838378906e-01,-1.020741090178489685e-01,4.246621131896972656e-01,1.089363545179367065e-01,1.743591427803039551e-01,-1.410609483718872070e-01,-1.267644017934799194e-01,-8.235903829336166382e-02,-6.855504587292671204e-03,5.522727221250534058e-02,1.661014258861541748e-01,2.127888500690460205e-01,4.147435426712036133e-01,-2.744446322321891785e-02,-1.143882982432842255e-02,-1.020889282226562500e-01,-5.252663791179656982e-02,-5.657198373228311539e-03,3.337623178958892822e-02,-3.921236470341682434e-02,4.843391105532646179e-02,-1.167800426483154297e-01,2.024517208337783813e-01,2.183677107095718384e-01,-2.583758234977722168e-01,-1.899987459182739258e-01,-1.128823589533567429e-02,-7.985914126038551331e-03,-5.564867332577705383e-02,-1.418593227863311768e-01,-6.276194006204605103e-02,3.993217051029205322e-01,-2.862951159477233887e-01,-2.499587833881378174e-01,4.697163030505180359e-02,-1.987252198159694672e-02,2.673290967941284180e-01,-1.657406538724899292e-01,2.086194008588790894e-01,6.232686340808868408e-02,-2.882327139377593994e-01,1.553739141672849655e-02,1.431857347488403320e-01,-1.386460661888122559e-01,-4.188588857650756836e-01,6.806065142154693604e-02,-2.331235259771347046e-01,1.140981689095497131e-01,-2.856610715389251709e-01,-4.043766763061285019e-03,5.398968607187271118e-02,1.840035915374755859e-01,2.073047906160354614e-01,-2.521109879016876221e-01,-1.008348818868398666e-02,-1.496369242668151855e-01,-2.097075134515762329e-01,6.284373253583908081e-02,3.059207797050476074e-01,-6.331533938646316528e-02,1.133032515645027161e-01,3.895637765526771545e-02,1.738685965538024902e-01,-4.584754705429077148e-01,2.557238638401031494e-01,-1.054187864065170288e-01,3.093503713607788086e-01,1.775091737508773804e-01,-2.078203251585364342e-03,-4.947866871953010559e-02,2.783493697643280029e-01,1.543579250574111938e-01,-2.877987325191497803e-01,-1.100654480978846550e-04,1.312287598848342896e-01,-6.359544582664966583e-03,2.758651077747344971e-01,1.531890220940113068e-02,2.415186353027820587e-02,1.822762307710945606e-03,3.214058652520179749e-02,-1.655408143997192383e-01,2.890435755252838135e-01,7.493058592081069946e-02,1.650842875242233276e-01,-1.128459200263023376e-01,2.465272843837738037e-01,9.488226473331451416e-02,2.539021708071231842e-02,1.230935231433250010e-05,5.083300173282623291e-02,-1.025340706110000610e-01,1.645613461732864380e-01,-5.529412254691123962e-02,2.460245192050933838e-01,1.245007365942001343e-01,-1.571360081434249878e-01,-4.487242400646209717e-01,2.813443541526794434e-01,-8.053991198539733887e-02,1.136592626571655273e-01,1.171438582241535187e-02,-2.288466840982437134e-01,1.507299095392227173e-01,1.796137690544128418e-01,-3.149237632751464844e-01,-1.178293675184249878e-01,1.800139248371124268e-01,4.005973786115646362e-02,3.816934302449226379e-02,1.924468427896499634e-01,-2.082931697368621826e-01,5.407377332448959351e-02,-2.936616539955139160e-01,-2.407837063074111938e-01,-5.888553336262702942e-02,2.137054800987243652e-01,1.401094645261764526e-01,-2.916280925273895264e-02,-1.397956609725952148e-01
-1.066094562411308289e-01,-4.417164623737335205e-02,3.813337683677673340e-01,-2.644735872745513916e-01,-3.750344514846801758e-01,1.383515447378158569e-01,4.584429785609245300e-02,-3.987039029598236084e-01,-3.317820727825164795e-01,-3.237449228763580322e-01,1.089363545179367065e-01,3.049780130386352539e-01,-2.903892397880554199e-01,-3.523714840412139893e-01,-4.209402203559875488e-01,-5.745763182640075684e-01,3.091913880780339241e-03,-1.771247088909149170e-01,3.476675748825073242e-01,3.365907073020935059e-01,2.915204763412475586e-01,-2.837818861007690430e-01,-2.593307793140411377e-01,1.224516704678535461e-01,-8.559396862983703613e-02,-4.717724323272705078e-01,4.323802590370178223e-01,3.131703734397888184e-01,-4.615876078605651855e-01,7.566832751035690308e-02,8.361162245273590088e-02,5.272557735443115234e-01,-1.680355817079544067e-01,-4.098804593086242676e-01,2.514668926596641541e-02,5.029979348182678223e-01,-3.737729191780090332e-01,-4.541321396827697754e-01,4.957942068576812744e-01,4.134745597839355469e-01,-4.409150779247283936e-01,-9.557896107435226440e-02,-3.086366951465606689e-01,-1.677166968584060669e-01,-3.413958242163062096e-03,3.189495801925659180e-01,4.328261911869049072e-01,1.363705843687057495e-01,-9.820336103439331055e-02,1.610343307256698608e-01,1.377200335264205933e-01,1.323395371437072754e-01,-3.428485691547393799e-01,4.761547967791557312e-02,7.523430883884429932e-02,5.439403653144836426e-01,-2.948130965232849121e-01,-2.144934795796871185e-02,2.704243957996368408e-01,2.211364954710006714e-01,5.221223831176757812e-02,-2.540787123143672943e-02,-8.102864027023315430e-03,-1.465876698493957520e-01,-8.371625095605850220e-02,1.660966277122497559e-01,-2.579132653772830963e-02,-4.968985319137573242e-01,4.594851434230804443e-01,-3.025596737861633301e-01,4.871197044849395752e-01,9.962327778339385986e-02,1.686441451311111450e-01,-4.190371334552764893e-01,1.017475873231887817e-01,4.626905620098114014e-01,1.268678577616810799e-03,-4.876998364925384521e-01,7.297013700008392334e-02,4.548154771327972412e-01,-4.732133150100708008e-01,-4.340803134255111217e-04,4.742780327796936035e-01,1.772041781805455685e-03,5.114666223526000977e-01,3.786363601684570312e-01,-2.963031828403472900e-01,-6.800041068345308304e-03,-3.308081030845642090e-01,-4.048186540603637695e-01,1.578439027070999146e-01,-6.605923920869827271e-02,3.020189106464385986e-01,-1.116257533431053162e-01,3.945285081863403320e-01,1.230022236704826355e-01,-2.335841506719589233e-01,6.480582669610157609e-06,4.445126950740814209e-01,-3.752092123031616211e-01,3.391659259796142578e-01,-4.581810832023620605e-01,4.712876379489898682e-01,4.923557341098785400e-01,-4.454250335693359375e-01,-4.925720393657684326e-02,2.774949371814727783e-01,3.377327322959899902e-01,2.855544388294219971e-01,3.233185736462473869e-03,-3.367078602313995361e-01,2.933710813522338867e-01,4.029119312763214111e-01,-1.117272973060607910e-01,-4.690122008323669434e-01,4.306119382381439209e-01,-3.542794883251190186e-01,-2.251654863357543945e-01,5.052382349967956543e-01,-2.185953855514526367e-01,-2.955684661865234375e-01,-3.690761029720306396e-01,-3.702403008937835693e-01,1.408763080835342407e-01,3.305254280567169189e-01,2.478931844234466553e-01,-3.195821493864059448e-02,-3.860789537429809570e-01
