9.999982714653015137e-01,-9.999986290931701660e-01,-9.999904036521911621e-01,9.999982118606567383e-01,9.999988675117492676e-01,-9.999986886978149414e-01,9.999958872795104980e-01,9.999990463256835938e-01,-9.999974370002746582e-01,9.999976158142089844e-01,-9.999985694885253906e-01,-9.999988675117492676e-01,9.999982118606567383e-01,9.999983310699462891e-01,9.999841451644897461e-01,9.999971985816955566e-01,9.999976158142089844e-01,-9.999986290931701660e-01,9.999933242797851562e-01,-9.999991059303283691e-01,-9.999989271163940430e-01,9.999896883964538574e-01,9.999984502792358398e-01,9.999985098838806152e-01,9.999891519546508789e-01,9.999989271163940430e-01,-9.999984502792358398e-01,-9.999989271163940430e-01,9.999838471412658691e-01,-9.999955892562866211e-01,-9.999934434890747070e-01,-9.999985694885253906e-01,9.999915957450866699e-01,9.999970793724060059e-01,-9.999973177909851074e-01,-9.999670982360839844e-01,9.999990463256835938e-01,9.999986290931701660e-01,9.999927878379821777e-01,-9.999989271163940430e-01,9.999986290931701660e-01,-9.999962449073791504e-01,9.999751448631286621e-01,9.999987483024597168e-01,9.999982118606567383e-01,9.999982118606567383e-01,-9.999870657920837402e-01,9.999982118606567383e-01,9.999988079071044922e-01,-9.999985694885253906e-01,-9.999987483024597168e-01,-9.999979734420776367e-01,-9.999988079071044922e-01,-9.999920725822448730e-01,-9.999975562095642090e-01,-9.999981522560119629e-01,-9.999965429306030273e-01,9.998725652694702148e-01,9.999976754188537598e-01,9.999983906745910645e-01,-9.999981522560119629e-01,9.999989271163940430e-01,9.999983906745910645e-01,9.999951720237731934e-01,-9.999956488609313965e-01,-9.999988079071044922e-01,-9.999990463256835938e-01,-9.999955296516418457e-01,-9.999988675117492676e-01,9.999987483024597168e-01,-9.999987483024597168e-01,9.999980330467224121e-01,9.999955296516418457e-01,-9.999929070472717285e-01,-9.999554157257080078e-01,-9.999982714653015137e-01,9.999930262565612793e-01,9.999987483024597168e-01,-9.999936819076538086e-01,-9.999966025352478027e-01,-9.998581409454345703e-01,9.999976158142089844e-01,-9.999988079071044922e-01,9.999970793724060059e-01,-9.999983310699462891e-01,-9.999877810478210449e-01,9.999887347221374512e-01,9.999989271163940430e-01,9.999651908874511719e-01,9.999932646751403809e-01,-9.999974966049194336e-01,9.999983310699462891e-01,-9.999783635139465332e-01,-9.999979734420776367e-01,9.999983906745910645e-01,-9.999980330467224121e-01,-9.999920129776000977e-01,9.999989867210388184e-01,-9.999988675117492676e-01,9.999925494194030762e-01,-9.999969601631164551e-01,9.999987483024597168e-01,-9.999688863754272461e-01,-9.999495148658752441e-01,9.999985694885253906e-01,9.999973177909851074e-01,-9.999603629112243652e-01,-9.999980926513671875e-01,-9.999940991401672363e-01,9.999985694885253906e-01,-9.999982118606567383e-01,9.999985694885253906e-01,-9.999982118606567383e-01,-9.999809265136718750e-01,9.999989271163940430e-01,-9.999981522560119629e-01,9.999988675117492676e-01,-9.999986290931701660e-01,-9.999946355819702148e-01,-9.999980926513671875e-01,-9.999988079071044922e-01,9.999961256980895996e-01,9.999985098838806152e-01,-9.999976754188537598e-01,-9.999830722808837891e-01,-9.999956488609313965e-01,9.999899864196777344e-01,-9.999968409538269043e-01
-9.999986290931701660e-01,9.999989271163940430e-01,9.999921917915344238e-01,-9.999986290931701660e-01,-9.999991655349731445e-01,9.999989271163940430e-01,-9.999966621398925781e-01,-9.999992251396179199e-01,9.999979138374328613e-01,-9.999979734420776367e-01,9.999988675117492676e-01,9.999992251396179199e-01,-9.999985694885253906e-01,-9.999986886978149414e-01,-9.999870657920837402e-01,-9.999977946281433105e-01,-9.999980330467224121e-01,9.999989271163940430e-01,-9.999946355819702148e-01,9.999992847442626953e-01,9.999992847442626953e-01,-9.999916553497314453e-01,-9.999987483024597168e-01,-9.999988079071044922e-01,-9.999911189079284668e-01,-9.999991059303283691e-01,9.999988079071044922e-01,9.999991655349731445e-01,-9.999867677688598633e-01,9.999964833259582520e-01,9.999946355819702148e-01,9.999988079071044922e-01,-9.999932050704956055e-01,-9.999976158142089844e-01,9.999977946281433105e-01,9.999731183052062988e-01,-9.999992251396179199e-01,-9.999988675117492676e-01,-9.999942183494567871e-01,9.999991655349731445e-01,-9.999989271163940430e-01,9.999969601631164551e-01,-9.999796748161315918e-01,-9.999992251396179199e-01,-9.999985098838806152e-01,-9.999985694885253906e-01,9.999893903732299805e-01,-9.999986290931701660e-01,-9.999991655349731445e-01,9.999988675117492676e-01,9.999990463256835938e-01,9.999983310699462891e-01,9.999991059303283691e-01,9.999935626983642578e-01,9.999980330467224121e-01,9.999984502792358398e-01,9.999972581863403320e-01,-9.998958110809326172e-01,-9.999982118606567383e-01,-9.999987483024597168e-01,9.999985694885253906e-01,-9.999992847442626953e-01,-9.999986886978149414e-01,-9.999960064888000488e-01,9.999963641166687012e-01,9.999991059303283691e-01,9.999992251396179199e-01,9.999963045120239258e-01,9.999991059303283691e-01,-9.999989867210388184e-01,9.999990463256835938e-01,-9.999983906745910645e-01,-9.999963045120239258e-01,9.999942183494567871e-01,9.999635815620422363e-01,9.999985694885253906e-01,-9.999943375587463379e-01,-9.999990463256835938e-01,9.999948740005493164e-01,9.999973177909851074e-01,9.998839497566223145e-01,-9.999980330467224121e-01,9.999991059303283691e-01,-9.999976754188537598e-01,9.999986290931701660e-01,9.999899864196777344e-01,-9.999908208847045898e-01,-9.999991655349731445e-01,-9.999716281890869141e-01,-9.999945759773254395e-01,9.999980330467224121e-01,-9.999987483024597168e-01,9.999823570251464844e-01,9.999983906745910645e-01,-9.999987483024597168e-01,9.999984502792358398e-01,9.999935030937194824e-01,-9.999992847442626953e-01,9.999991655349731445e-01,-9.999938607215881348e-01,9.999975562095642090e-01,-9.999989867210388184e-01,9.999745488166809082e-01,9.999587535858154297e-01,-9.999988675117492676e-01,-9.999979138374328613e-01,9.999675750732421875e-01,9.999984502792358398e-01,9.999952316284179688e-01,-9.999988675117492676e-01,9.999986290931701660e-01,-9.999988079071044922e-01,9.999986290931701660e-01,9.999844431877136230e-01,-9.999992251396179199e-01,9.999984502792358398e-01,-9.999991655349731445e-01,9.999988675117492676e-01,9.999956488609313965e-01,9.999985694885253906e-01,9.999991059303283691e-01,-9.999967813491821289e-01,-9.999988079071044922e-01,9.999981522560119629e-01,9.999862313270568848e-01,9.999963641166687012e-01,-9.999918341636657715e-01,9.999974966049194336e-01
-9.999904036521911621e-01,9.999921917915344238e-01,9.999440908432006836e-01,-9.999899864196777344e-01,-9.999938011169433594e-01,9.999927878379821777e-01,-9.999764561653137207e-01,-9.999943375587463379e-01,9.999853372573852539e-01,-9.999869465827941895e-01,9.999918937683105469e-01,9.999936819076538086e-01,-9.999893903732299805e-01,-9.999909400939941406e-01,-9.999080300331115723e-01,-9.999842047691345215e-01,-9.999859333038330078e-01,9.999921917915344238e-01,-9.999616146087646484e-01,9.999946355819702148e-01,9.999939799308776855e-01,-9.999402165412902832e-01,-9.999911189079284668e-01,-9.999911189079284668e-01,-9.999375939369201660e-01,-9.999942779541015625e-01,9.999911785125732422e-01,9.999937415122985840e-01,-9.999065399169921875e-01,9.999747276306152344e-01,9.999622702598571777e-01,9.999913573265075684e-01,-9.999519586563110352e-01,-9.999831318855285645e-01,9.999842643737792969e-01,9.998107552528381348e-01,-9.999942779541015625e-01,-9.999920725822448730e-01,-9.999585747718811035e-01,9.999936223030090332e-01,-9.999920725822448730e-01,9.999787211418151855e-01,-9.998567104339599609e-01,-9.999932646751403809e-01,-9.999898672103881836e-01,-9.999899864196777344e-01,9.999253749847412109e-01,-9.999904632568359375e-01,-9.999931454658508301e-01,9.999918341636657715e-01,9.999929070472717285e-01,9.999884963035583496e-01,9.999933242797851562e-01,9.999539852142333984e-01,9.999862313270568848e-01,9.999894499778747559e-01,9.999805092811584473e-01,-9.992666840553283691e-01,-9.999867677688598633e-01,-9.999908804893493652e-01,9.999895095825195312e-01,-9.999940991401672363e-01,-9.999904036521911621e-01,-9.999722838401794434e-01,9.999749660491943359e-01,9.999932646751403809e-01,9.999944567680358887e-01,9.999742507934570312e-01,9.999934434890747070e-01,-9.999927282333374023e-01,9.999928474426269531e-01,-9.999889731407165527e-01,-9.999741315841674805e-01,9.999585151672363281e-01,9.997434616088867188e-01,9.999901652336120605e-01,-9.999595880508422852e-01,-9.999927878379821777e-01,9.999637007713317871e-01,9.999808073043823242e-01,9.991837739944458008e-01,-9.999864101409912109e-01,9.999933242797851562e-01,-9.999834299087524414e-01,9.999901652336120605e-01,9.999293684959411621e-01,-9.999351501464843750e-01,-9.999938607215881348e-01,-9.997992515563964844e-01,-9.999613165855407715e-01,9.999862313270568848e-01,-9.999907016754150391e-01,9.998751878738403320e-01,9.999882578849792480e-01,-9.999910593032836914e-01,9.999885559082031250e-01,9.999536275863647461e-01,-9.999942183494567871e-01,9.999932646751403809e-01,-9.999562501907348633e-01,9.999827146530151367e-01,-9.999929070472717285e-01,9.998207092285156250e-01,9.997093677520751953e-01,-9.999920129776000977e-01,-9.999850392341613770e-01,9.997715950012207031e-01,9.999891519546508789e-01,9.999659657478332520e-01,-9.999915957450866699e-01,9.999898672103881836e-01,-9.999914169311523438e-01,9.999899864196777344e-01,9.998894333839416504e-01,-9.999943375587463379e-01,9.999895095825195312e-01,-9.999936819076538086e-01,9.999918937683105469e-01,9.999690055847167969e-01,9.999892711639404297e-01,9.999933242797851562e-01,-9.999772906303405762e-01,-9.999915361404418945e-01,9.999866485595703125e-01,9.999023079872131348e-01,9.999749660491943359e-01,-9.999423027038574219e-01,9.999821186065673828e-01
9.999982118606567383e-01,-9.999986290931701660e-01,-9.999899864196777344e-01,9.999981522560119629e-01,9.999988675117492676e-01,-9.999986290931701660e-01,9.999957680702209473e-01,9.999989867210388184e-01,-9.999973177909851074e-01,9.999976158142089844e-01,-9.999985694885253906e-01,-9.999988675117492676e-01,9.999980330467224121e-01,9.999982714653015137e-01,9.999834299087524414e-01,9.999970793724060059e-01,9.999974370002746582e-01,-9.999986290931701660e-01,9.999930858612060547e-01,-9.999990463256835938e-01,-9.999989867210388184e-01,9.999892711639404297e-01,9.999983906745910645e-01,9.999983906745910645e-01,9.999887347221374512e-01,9.999988675117492676e-01,-9.999984502792358398e-01,-9.999989271163940430e-01,9.999831318855285645e-01,-9.999954104423522949e-01,-9.999932050704956055e-01,-9.999983906745910645e-01,9.999912977218627930e-01,9.999969601631164551e-01,-9.999971389770507812e-01,-9.999658465385437012e-01,9.999989271163940430e-01,9.999986290931701660e-01,9.999924898147583008e-01,-9.999989271163940430e-01,9.999985694885253906e-01,-9.999961256980895996e-01,9.999741315841674805e-01,9.999987483024597168e-01,9.999981522560119629e-01,9.999981522560119629e-01,-9.999865293502807617e-01,9.999982714653015137e-01,9.999987483024597168e-01,-9.999985098838806152e-01,-9.999987483024597168e-01,-9.999978542327880859e-01,-9.999987483024597168e-01,-9.999917149543762207e-01,-9.999975562095642090e-01,-9.999981522560119629e-01,-9.999964237213134766e-01,9.998673796653747559e-01,9.999975562095642090e-01,9.999983906745910645e-01,-9.999980926513671875e-01,9.999989867210388184e-01,9.999982118606567383e-01,9.999949932098388672e-01,-9.999955296516418457e-01,-9.999988675117492676e-01,-9.999989867210388184e-01,-9.999953508377075195e-01,-9.999988079071044922e-01,9.999987483024597168e-01,-9.999987483024597168e-01,9.999979734420776367e-01,9.999953508377075195e-01,-9.999926090240478516e-01,-9.999535679817199707e-01,-9.999982118606567383e-01,9.999927282333374023e-01,9.999986886978149414e-01,-9.999933242797851562e-01,-9.999964833259582520e-01,-9.998523592948913574e-01,9.999974966049194336e-01,-9.999988079071044922e-01,9.999969601631164551e-01,-9.999982714653015137e-01,-9.999872446060180664e-01,9.999883174896240234e-01,9.999988675117492676e-01,9.999637603759765625e-01,9.999930262565612793e-01,-9.999974966049194336e-01,9.999982714653015137e-01,-9.999774694442749023e-01,-9.999979138374328613e-01,9.999983310699462891e-01,-9.999979734420776367e-01,-9.999917149543762207e-01,9.999989867210388184e-01,-9.999987483024597168e-01,9.999920725822448730e-01,-9.999968409538269043e-01,9.999986886978149414e-01,-9.999675750732421875e-01,-9.999475479125976562e-01,9.999985098838806152e-01,9.999972581863403320e-01,-9.999587535858154297e-01,-9.999980330467224121e-01,-9.999938607215881348e-01,9.999985098838806152e-01,-9.999981522560119629e-01,9.999983906745910645e-01,-9.999981522560119629e-01,-9.999801516532897949e-01,9.999989271163940430e-01,-9.999980330467224121e-01,9.999989271163940430e-01,-9.999985098838806152e-01,-9.999943971633911133e-01,-9.999980330467224121e-01,-9.999988675117492676e-01,9.999959468841552734e-01,9.999983906745910645e-01,-9.999976158142089844e-01,-9.999823570251464844e-01,-9.999954700469970703e-01,9.999896287918090820e-01,-9.999967217445373535e-01
9.999988675117492676e-01,-9.999991655349731445e-01,-9.999938011169433594e-01,9.999988675117492676e-01,9.999992847442626953e-01,-9.999991655349731445e-01,9.999973177909851074e-01,9.999994039535522461e-01,-9.999983310699462891e-01,9.999984502792358398e-01,-9.999990463256835938e-01,-9.999992251396179199e-01,9.999988675117492676e-01,9.999988675117492676e-01,9.999897480010986328e-01,9.999980926513671875e-01,9.999983906745910645e-01,-9.999991655349731445e-01,9.999957680702209473e-01,-9.999993443489074707e-01,-9.999993443489074707e-01,9.999934434890747070e-01,9.999989271163940430e-01,9.999990463256835938e-01,9.999929666519165039e-01,9.999993443489074707e-01,-9.999990463256835938e-01,-9.999993443489074707e-01,9.999895095825195312e-01,-9.999971389770507812e-01,-9.999957680702209473e-01,-9.999991059303283691e-01,9.999945759773254395e-01,9.999980926513671875e-01,-9.999982118606567383e-01,-9.999788403511047363e-01,9.999992847442626953e-01,9.999991655349731445e-01,9.999954104423522949e-01,-9.999993443489074707e-01,9.999991655349731445e-01,-9.999974966049194336e-01,9.999839663505554199e-01,9.999991655349731445e-01,9.999988675117492676e-01,9.999988675117492676e-01,-9.999916553497314453e-01,9.999988079071044922e-01,9.999992847442626953e-01,-9.999991059303283691e-01,-9.999992251396179199e-01,-9.999986290931701660e-01,-9.999992251396179199e-01,-9.999948740005493164e-01,-9.999984502792358398e-01,-9.999988079071044922e-01,-9.999977946281433105e-01,9.999182224273681641e-01,9.999985098838806152e-01,9.999989867210388184e-01,-9.999988079071044922e-01,9.999992847442626953e-01,9.999988675117492676e-01,9.999967813491821289e-01,-9.999970793724060059e-01,-9.999992847442626953e-01,-9.999994039535522461e-01,-9.999970197677612305e-01,-9.999992251396179199e-01,9.999992251396179199e-01,-9.999992251396179199e-01,9.999987483024597168e-01,9.999970197677612305e-01,-9.999953508377075195e-01,-9.999714493751525879e-01,-9.999988079071044922e-01,9.999954700469970703e-01,9.999992251396179199e-01,-9.999958872795104980e-01,-9.999978542327880859e-01,-9.999088644981384277e-01,9.999983906745910645e-01,-9.999992847442626953e-01,9.999981522560119629e-01,-9.999988675117492676e-01,-9.999921321868896484e-01,9.999926686286926270e-01,9.999992251396179199e-01,9.999776482582092285e-01,9.999956488609313965e-01,-9.999983906745910645e-01,9.999989271163940430e-01,-9.999861121177673340e-01,-9.999986886978149414e-01,9.999989867210388184e-01,-9.999986290931701660e-01,-9.999948143959045410e-01,9.999994039535522461e-01,-9.999992847442626953e-01,9.999951124191284180e-01,-9.999980330467224121e-01,9.999991655349731445e-01,-9.999800324440002441e-01,-9.999675750732421875e-01,9.999991655349731445e-01,9.999982714653015137e-01,-9.999745488166809082e-01,-9.999986886978149414e-01,-9.999961853027343750e-01,9.999991059303283691e-01,-9.999988675117492676e-01,9.999991059303283691e-01,-9.999988079071044922e-01,-9.999877810478210449e-01,9.999993443489074707e-01,-9.999988079071044922e-01,9.999993443489074707e-01,-9.999991059303283691e-01,-9.999964833259582520e-01,-9.999988079071044922e-01,-9.999992847442626953e-01,9.999974370002746582e-01,9.999989867210388184e-01,-9.999984502792358398e-01,-9.999890327453613281e-01,-9.999970793724060059e-01,9.999935626983642578e-01,-9.999979734420776367e-01
-9.999986886978149414e-01,9.999989271163940430e-01,9.999927878379821777e-01,-9.999986290931701660e-01,-9.999991655349731445e-01,9.999990463256835938e-01,-9.999969601631164551e-01,-9.999992251396179199e-01,9.999979734420776367e-01,-9.999982118606567383e-01,9.999988675117492676e-01,9.999991655349731445e-01,-9.999985694885253906e-01,-9.999987483024597168e-01,-9.999881982803344727e-01,-9.999978542327880859e-01,-9.999980926513671875e-01,9.999989271163940430e-01,-9.999951124191284180e-01,9.999992847442626953e-01,9.999991655349731445e-01,-9.999923706054687500e-01,-9.999988079071044922e-01,-9.999988675117492676e-01,-9.999919533729553223e-01,-9.999991059303283691e-01,9.999988079071044922e-01,9.999992251396179199e-01,-9.999879598617553711e-01,9.999966621398925781e-01,9.999951124191284180e-01,9.999988675117492676e-01,-9.999938011169433594e-01,-9.999977946281433105e-01,9.999979734420776367e-01,9.999758601188659668e-01,-9.999992847442626953e-01,-9.999989271163940430e-01,-9.999946355819702148e-01,9.999992251396179199e-01,-9.999989271163940430e-01,9.999971985816955566e-01,-9.999816417694091797e-01,-9.999991059303283691e-01,-9.999986290931701660e-01,-9.999986290931701660e-01,9.999903440475463867e-01,-9.999986290931701660e-01,-9.999991655349731445e-01,9.999988675117492676e-01,9.999990463256835938e-01,9.999984502792358398e-01,9.999991059303283691e-01,9.999940395355224609e-01,9.999980926513671875e-01,9.999986290931701660e-01,9.999973773956298828e-01,-9.999065399169921875e-01,-9.999982714653015137e-01,-9.999987483024597168e-01,9.999985694885253906e-01,-9.999991655349731445e-01,-9.999987483024597168e-01,-9.999963045120239258e-01,9.999966621398925781e-01,9.999991059303283691e-01,9.999993443489074707e-01,9.999966025352478027e-01,9.999991059303283691e-01,-9.999991059303283691e-01,9.999991059303283691e-01,-9.999985098838806152e-01,-9.999965429306030273e-01,9.999946951866149902e-01,9.999672770500183105e-01,9.999986290931701660e-01,-9.999948740005493164e-01,-9.999991059303283691e-01,9.999952912330627441e-01,9.999974370002746582e-01,9.998958706855773926e-01,-9.999981522560119629e-01,9.999991059303283691e-01,-9.999977946281433105e-01,9.999987483024597168e-01,9.999909400939941406e-01,-9.999917149543762207e-01,-9.999991655349731445e-01,-9.999744296073913574e-01,-9.999950528144836426e-01,9.999981522560119629e-01,-9.999988079071044922e-01,9.999841451644897461e-01,9.999984502792358398e-01,-9.999988079071044922e-01,9.999985098838806152e-01,9.999940991401672363e-01,-9.999992251396179199e-01,9.999991655349731445e-01,-9.999943375587463379e-01,9.999977350234985352e-01,-9.999990463256835938e-01,9.999771118164062500e-01,9.999629855155944824e-01,-9.999988675117492676e-01,-9.999979138374328613e-01,9.999709129333496094e-01,9.999984502792358398e-01,9.999955892562866211e-01,-9.999988675117492676e-01,9.999986290931701660e-01,-9.999988079071044922e-01,9.999986290931701660e-01,9.999859333038330078e-01,-9.999991655349731445e-01,9.999985694885253906e-01,-9.999992251396179199e-01,9.999988675117492676e-01,9.999958872795104980e-01,9.999985098838806152e-01,9.999991655349731445e-01,-9.999969601631164551e-01,-9.999988079071044922e-01,9.999982714653015137e-01,9.999874830245971680e-01,9.999966621398925781e-01,-9.999926686286926270e-01,9.999976158142089844e-01
9.999958872795104980e-01,-9.999966621398925781e-01,-9.999764561653137207e-01,9.999957680702209473e-01,9.999973177909851074e-01,-9.999969601631164551e-01,9.999899864196777344e-01,9.999975562095642090e-01,-9.999938011169433594e-01,9.999944567680358887e-01,-9.999964833259582520e-01,-9.999972581863403320e-01,9.999955296516418457e-01,9.999961256980895996e-01,9.999609589576721191e-01,9.999932646751403809e-01,9.999940395355224609e-01,-9.999967217445373535e-01,9.999838471412658691e-01,-9.999977350234985352e-01,-9.999974370002746582e-01,9.999747872352600098e-01,9.999961853027343750e-01,9.999962449073791504e-01,9.999735951423645020e-01,9.999975562095642090e-01,-9.999961853027343750e-01,-9.999973177909851074e-01,9.999604225158691406e-01,-9.999892711639404297e-01,-9.999840259552001953e-01,-9.999963641166687012e-01,9.999796152114868164e-01,9.999929070472717285e-01,-9.999934434890747070e-01,-9.999197125434875488e-01,9.999975562095642090e-01,9.999967217445373535e-01,9.999825358390808105e-01,-9.999973177909851074e-01,9.999966621398925781e-01,-9.999909996986389160e-01,9.999392628669738770e-01,9.999970793724060059e-01,9.999957084655761719e-01,9.999957680702209473e-01,-9.999684095382690430e-01,9.999959468841552734e-01,9.999970793724060059e-01,-9.999966025352478027e-01,-9.999969005584716797e-01,-9.999950528144836426e-01,-9.999971389770507812e-01,-9.999805688858032227e-01,-9.999942183494567871e-01,-9.999955892562866211e-01,-9.999917149543762207e-01,9.996889829635620117e-01,9.999943375587463379e-01,9.999960660934448242e-01,-9.999956488609313965e-01,9.999974370002746582e-01,9.999960064888000488e-01,9.999883174896240234e-01,-9.999893307685852051e-01,-9.999971389770507812e-01,-9.999975562095642090e-01,-9.999890923500061035e-01,-9.999971985816955566e-01,9.999969005584716797e-01,-9.999969601631164551e-01,9.999953508377075195e-01,9.999890923500061035e-01,-9.999824762344360352e-01,-9.998911619186401367e-01,-9.999958872795104980e-01,9.999828934669494629e-01,9.999970197677612305e-01,-9.999846220016479492e-01,-9.999918937683105469e-01,-9.996538162231445312e-01,9.999942779541015625e-01,-9.999971389770507812e-01,9.999929666519165039e-01,-9.999958872795104980e-01,-9.999701380729675293e-01,9.999725222587585449e-01,9.999973177909851074e-01,9.999148845672607422e-01,9.999836087226867676e-01,-9.999942183494567871e-01,9.999960064888000488e-01,-9.999470114707946777e-01,-9.999951124191284180e-01,9.999961256980895996e-01,-9.999951124191284180e-01,-9.999804496765136719e-01,9.999974966049194336e-01,-9.999971389770507812e-01,9.999814629554748535e-01,-9.999926686286926270e-01,9.999969601631164551e-01,-9.999239444732666016e-01,-9.998768568038940430e-01,9.999965429306030273e-01,9.999936223030090332e-01,-9.999030232429504395e-01,-9.999954104423522949e-01,-9.999855756759643555e-01,9.999964833259582520e-01,-9.999957084655761719e-01,9.999963045120239258e-01,-9.999958276748657227e-01,-9.999532103538513184e-01,9.999975562095642090e-01,-9.999955296516418457e-01,9.999973177909851074e-01,-9.999964833259582520e-01,-9.999868273735046387e-01,-9.999955296516418457e-01,-9.999971985816955566e-01,9.999903440475463867e-01,9.999963641166687012e-01,-9.999943971633911133e-01,-9.999586343765258789e-01,-9.999893903732299805e-01,9.999756217002868652e-01,-9.999923706054687500e-01
9.999990463256835938e-01,-9.999992251396179199e-01,-9.999943375587463379e-01,9.999989867210388184e-01,9.999994039535522461e-01,-9.999992251396179199e-01,9.999975562095642090e-01,9.999994039535522461e-01,-9.999985098838806152e-01,9.999986290931701660e-01,-9.999992251396179199e-01,-9.999994039535522461e-01,9.999989271163940430e-01,9.999989867210388184e-01,9.999907612800598145e-01,9.999983310699462891e-01,9.999986290931701660e-01,-9.999992251396179199e-01,9.999961853027343750e-01,-9.999994635581970215e-01,-9.999994039535522461e-01,9.999940395355224609e-01,9.999990463256835938e-01,9.999991059303283691e-01,9.999936819076538086e-01,9.999994039535522461e-01,-9.999991655349731445e-01,-9.999994039535522461e-01,9.999905228614807129e-01,-9.999973773956298828e-01,-9.999960064888000488e-01,-9.999991655349731445e-01,9.999951124191284180e-01,9.999982714653015137e-01,-9.999984502792358398e-01,-9.999808073043823242e-01,9.999994039535522461e-01,9.999992251396179199e-01,9.999957680702209473e-01,-9.999994039535522461e-01,9.999992251396179199e-01,-9.999977946281433105e-01,9.999854564666748047e-01,9.999993443489074707e-01,9.999988675117492676e-01,9.999989867210388184e-01,-9.999923110008239746e-01,9.999989867210388184e-01,9.999992251396179199e-01,-9.999992847442626953e-01,-9.999992847442626953e-01,-9.999987483024597168e-01,-9.999993443489074707e-01,-9.999953508377075195e-01,-9.999986290931701660e-01,-9.999989271163940430e-01,-9.999979734420776367e-01,9.999254941940307617e-01,9.999986290931701660e-01,9.999991059303283691e-01,-9.999989271163940430e-01,9.999994039535522461e-01,9.999990463256835938e-01,9.999971389770507812e-01,-9.999974370002746582e-01,-9.999993443489074707e-01,-9.999994635581970215e-01,-9.999973177909851074e-01,-9.999993443489074707e-01,9.999992847442626953e-01,-9.999994039535522461e-01,9.999988675117492676e-01,9.999972581863403320e-01,-9.999957680702209473e-01,-9.999740123748779297e-01,-9.999989867210388184e-01,9.999958872795104980e-01,9.999992847442626953e-01,-9.999962449073791504e-01,-9.999981522560119629e-01,-9.999170303344726562e-01,9.999985098838806152e-01,-9.999992847442626953e-01,9.999982714653015137e-01,-9.999990463256835938e-01,-9.999928474426269531e-01,9.999933242797851562e-01,9.999994039535522461e-01,9.999797344207763672e-01,9.999960064888000488e-01,-9.999985694885253906e-01,9.999991059303283691e-01,-9.999873638153076172e-01,-9.999988079071044922e-01,9.999991059303283691e-01,-9.999988079071044922e-01,-9.999953508377075195e-01,9.999995231628417969e-01,-9.999993443489074707e-01,9.999956488609313965e-01,-9.999982118606567383e-01,9.999992251396179199e-01,-9.999818205833435059e-01,-9.999705553054809570e-01,9.999992251396179199e-01,9.999984502792358398e-01,-9.999768137931823730e-01,-9.999988079071044922e-01,-9.999964833259582520e-01,9.999992847442626953e-01,-9.999989867210388184e-01,9.999991655349731445e-01,-9.999989867210388184e-01,-9.999887943267822266e-01,9.999994039535522461e-01,-9.999988675117492676e-01,9.999994039535522461e-01,-9.999992251396179199e-01,-9.999967813491821289e-01,-9.999988675117492676e-01,-9.999993443489074707e-01,9.999977350234985352e-01,9.999991059303283691e-01,-9.999986290931701660e-01,-9.999900460243225098e-01,-9.999974370002746582e-01,9.999941587448120117e-01,-9.999980330467224121e-01
-9.999974370002746582e-01,9.999979138374328613e-01,9.999853372573852539e-01,-9.999973177909851074e-01,-9.999983310699462891e-01,9.999979734420776367e-01,-9.999938011169433594e-01,-9.999985098838806152e-01,9.999960064888000488e-01,-9.999965429306030273e-01,9.999977946281433105e-01,9.999983310699462891e-01,-9.999972581863403320e-01,-9.999974966049194336e-01,-9.999758601188659668e-01,-9.999958276748657227e-01,-9.999962449073791504e-01,9.999979138374328613e-01,-9.999899268150329590e-01,9.999985694885253906e-01,9.999983906745910645e-01,-9.999843239784240723e-01,-9.999976158142089844e-01,-9.999976158142089844e-01,-9.999836683273315430e-01,-9.999983906745910645e-01,9.999976158142089844e-01,9.999983310699462891e-01,-9.999754428863525391e-01,9.999933838844299316e-01,9.999900460243225098e-01,9.999976754188537598e-01,-9.999874234199523926e-01,-9.999955296516418457e-01,9.999959468841552734e-01,9.999502897262573242e-01,-9.999984502792358398e-01,-9.999979138374328613e-01,-9.999891519546508789e-01,9.999983310699462891e-01,-9.999978542327880859e-01,9.999943375587463379e-01,-9.999623298645019531e-01,-9.999982118606567383e-01,-9.999973177909851074e-01,-9.999972581863403320e-01,9.999803900718688965e-01,-9.999973773956298828e-01,-9.999981522560119629e-01,9.999977350234985352e-01,9.999980926513671875e-01,9.999968409538269043e-01,9.999980926513671875e-01,9.999879002571105957e-01,9.999963045120239258e-01,9.999971985816955566e-01,9.999948143959045410e-01,-9.998074173927307129e-01,-9.999964237213134766e-01,-9.999975562095642090e-01,9.999971985816955566e-01,-9.999983906745910645e-01,-9.999973773956298828e-01,-9.999926090240478516e-01,9.999933838844299316e-01,9.999982118606567383e-01,9.999985098838806152e-01,9.999931454658508301e-01,9.999981522560119629e-01,-9.999979734420776367e-01,9.999982118606567383e-01,-9.999970793724060059e-01,-9.999932646751403809e-01,9.999890923500061035e-01,9.999325275421142578e-01,9.999973773956298828e-01,-9.999893903732299805e-01,-9.999980926513671875e-01,9.999904036521911621e-01,9.999949336051940918e-01,9.997855424880981445e-01,-9.999963045120239258e-01,9.999982118606567383e-01,-9.999956488609313965e-01,9.999973773956298828e-01,9.999814629554748535e-01,-9.999830126762390137e-01,-9.999983310699462891e-01,-9.999472498893737793e-01,-9.999898672103881836e-01,9.999963641166687012e-01,-9.999974966049194336e-01,9.999671578407287598e-01,9.999968409538269043e-01,-9.999976158142089844e-01,9.999969005584716797e-01,9.999878406524658203e-01,-9.999984502792358398e-01,9.999981522560119629e-01,-9.999884963035583496e-01,9.999954700469970703e-01,-9.999980926513671875e-01,9.999527931213378906e-01,9.999237060546875000e-01,-9.999978542327880859e-01,-9.999960064888000488e-01,9.999399781227111816e-01,9.999971389770507812e-01,9.999910593032836914e-01,-9.999977350234985352e-01,9.999972581863403320e-01,-9.999976754188537598e-01,9.999973177909851074e-01,9.999711513519287109e-01,-9.999983906745910645e-01,9.999971985816955566e-01,-9.999982118606567383e-01,9.999979138374328613e-01,9.999918341636657715e-01,9.999971985816955566e-01,9.999982118606567383e-01,-9.999940395355224609e-01,-9.999977350234985352e-01,9.999964237213134766e-01,9.999743700027465820e-01,9.999933242797851562e-01,-9.999848604202270508e-01,9.999952912330627441e-01
9.999976158142089844e-01,-9.999979734420776367e-01,-9.999869465827941895e-01,9.999976158142089844e-01,9.999984502792358398e-01,-9.999982118606567383e-01,9.999944567680358887e-01,9.999986290931701660e-01,-9.999965429306030273e-01,9.999967813491821289e-01,-9.999979138374328613e-01,-9.999983906745910645e-01,9.999974370002746582e-01,9.999977946281433105e-01,9.999784231185913086e-01,9.999961853027343750e-01,9.999966621398925781e-01,-9.999981522560119629e-01,9.999909996986389160e-01,-9.999986290931701660e-01,-9.999985098838806152e-01,9.999859929084777832e-01,9.999978542327880859e-01,9.999978542327880859e-01,9.999852776527404785e-01,9.999985694885253906e-01,-9.999977946281433105e-01,-9.999985098838806152e-01,9.999780058860778809e-01,-9.999939799308776855e-01,-9.999911189079284668e-01,-9.999979138374328613e-01,9.999886751174926758e-01,9.999959468841552734e-01,-9.999962449073791504e-01,-9.999555945396423340e-01,9.999985694885253906e-01,9.999980330467224121e-01,9.999902248382568359e-01,-9.999985098838806152e-01,9.999980926513671875e-01,-9.999949336051940918e-01,9.999662637710571289e-01,9.999982714653015137e-01,9.999974370002746582e-01,9.999975562095642090e-01,-9.999824166297912598e-01,9.999976158142089844e-01,9.999982714653015137e-01,-9.999979138374328613e-01,-9.999982714653015137e-01,-9.999971985816955566e-01,-9.999983906745910645e-01,-9.999891519546508789e-01,-9.999967217445373535e-01,-9.999973773956298828e-01,-9.999953508377075195e-01,9.998279213905334473e-01,9.999967217445373535e-01,9.999977350234985352e-01,-9.999974370002746582e-01,9.999985098838806152e-01,9.999977350234985352e-01,9.999933838844299316e-01,-9.999940395355224609e-01,-9.999983906745910645e-01,-9.999985694885253906e-01,-9.999938607215881348e-01,-9.999983310699462891e-01,9.999982714653015137e-01,-9.999981522560119629e-01,9.999973177909851074e-01,9.999938607215881348e-01,-9.999902844429016113e-01,-9.999396800994873047e-01,-9.999976158142089844e-01,9.999904632568359375e-01,9.999982714653015137e-01,-9.999913573265075684e-01,-9.999954104423522949e-01,-9.998084902763366699e-01,9.999966025352478027e-01,-9.999983310699462891e-01,9.999960660934448242e-01,-9.999976158142089844e-01,-9.999834299087524414e-01,9.999846816062927246e-01,9.999985098838806152e-01,9.999529123306274414e-01,9.999908804893493652e-01,-9.999966621398925781e-01,9.999977350234985352e-01,-9.999707341194152832e-01,-9.999971985816955566e-01,9.999977946281433105e-01,-9.999972581863403320e-01,-9.999890327453613281e-01,9.999986290931701660e-01,-9.999982714653015137e-01,9.999897480010986328e-01,-9.999958872795104980e-01,9.999982118606567383e-01,-9.999578595161437988e-01,-9.999318122863769531e-01,9.999979734420776367e-01,9.999964237213134766e-01,-9.999463558197021484e-01,-9.999972581863403320e-01,-9.999918937683105469e-01,9.999979734420776367e-01,-9.999975562095642090e-01,9.999979138374328613e-01,-9.999975562095642090e-01,-9.999741315841674805e-01,9.999985694885253906e-01,-9.999974370002746582e-01,9.999983906745910645e-01,-9.999980330467224121e-01,-9.999927282333374023e-01,-9.999974370002746582e-01,-9.999983906745910645e-01,9.999946355819702148e-01,9.999979734420776367e-01,-9.999967813491821289e-01,-9.999770522117614746e-01,-9.999940395355224609e-01,9.999863505363464355e-01,-9.999957084655761719e-01
-9.999985694885253906e-01,9.999988675117492676e-01,9.999918937683105469e-01,-9.999985694885253906e-01,-9.999990463256835938e-01,9.999988675117492676e-01,-9.999964833259582520e-01,-9.999992251396179199e-01,9.999977946281433105e-01,-9.999979138374328613e-01,9.999988079071044922e-01,9.999991059303283691e-01,-9.999985098838806152e-01,-9.999986290931701660e-01,-9.999865293502807617e-01,-9.999976158142089844e-01,-9.999979138374328613e-01,9.999988675117492676e-01,-9.999943375587463379e-01,9.999992251396179199e-01,9.999991655349731445e-01,-9.999912977218627930e-01,-9.999986290931701660e-01,-9.999986886978149414e-01,-9.999908208847045898e-01,-9.999991059303283691e-01,9.999986886978149414e-01,9.999991059303283691e-01,-9.999862909317016602e-01,9.999962449073791504e-01,9.999944567680358887e-01,9.999986886978149414e-01,-9.999928474426269531e-01,-9.999975562095642090e-01,9.999976754188537598e-01,9.999722242355346680e-01,-9.999992251396179199e-01,-9.999988079071044922e-01,-9.999939203262329102e-01,9.999992251396179199e-01,-9.999988079071044922e-01,9.999968409538269043e-01,-9.999788999557495117e-01,-9.999990463256835938e-01,-9.999985098838806152e-01,-9.999985098838806152e-01,9.999889731407165527e-01,-9.999985694885253906e-01,-9.999989271163940430e-01,9.999988079071044922e-01,9.999989271163940430e-01,9.999982118606567383e-01,9.999990463256835938e-01,9.999932646751403809e-01,9.999979734420776367e-01,9.999983906745910645e-01,9.999970793724060059e-01,-9.998922348022460938e-01,-9.999980330467224121e-01,-9.999986886978149414e-01,9.999984502792358398e-01,-9.999991655349731445e-01,-9.999985694885253906e-01,-9.999958872795104980e-01,9.999962449073791504e-01,9.999990463256835938e-01,9.999992251396179199e-01,9.999960660934448242e-01,9.999989867210388184e-01,-9.999989271163940430e-01,9.999989271163940430e-01,-9.999983310699462891e-01,-9.999961853027343750e-01,9.999939203262329102e-01,9.999622702598571777e-01,9.999985098838806152e-01,-9.999940991401672363e-01,-9.999989271163940430e-01,9.999946951866149902e-01,9.999971389770507812e-01,9.998800158500671387e-01,-9.999978542327880859e-01,9.999990463256835938e-01,-9.999975562095642090e-01,9.999986290931701660e-01,9.999896287918090820e-01,-9.999904036521911621e-01,-9.999991059303283691e-01,-9.999705553054809570e-01,-9.999943375587463379e-01,9.999979734420776367e-01,-9.999986290931701660e-01,9.999817013740539551e-01,9.999983310699462891e-01,-9.999987483024597168e-01,9.999982714653015137e-01,9.999932050704956055e-01,-9.999992847442626953e-01,9.999990463256835938e-01,-9.999935626983642578e-01,9.999974966049194336e-01,-9.999988675117492676e-01,9.999735951423645020e-01,9.999573826789855957e-01,-9.999988079071044922e-01,-9.999977350234985352e-01,9.999665021896362305e-01,9.999982714653015137e-01,9.999949932098388672e-01,-9.999988079071044922e-01,9.999985694885253906e-01,-9.999988079071044922e-01,9.999985098838806152e-01,9.999838471412658691e-01,-9.999992251396179199e-01,9.999984502792358398e-01,-9.999991059303283691e-01,9.999988675117492676e-01,9.999955296516418457e-01,9.999983906745910645e-01,9.999990463256835938e-01,-9.999966025352478027e-01,-9.999987483024597168e-01,9.999980926513671875e-01,9.999856948852539062e-01,9.999962449073791504e-01,-9.999915361404418945e-01,9.999973177909851074e-01
-9.999988675117492676e-01,9.999992251396179199e-01,9.999936819076538086e-01,-9.999988675117492676e-01,-9.999992251396179199e-01,9.999991655349731445e-01,-9.999972581863403320e-01,-9.999994039535522461e-01,9.999983310699462891e-01,-9.999983906745910645e-01,9.999991059303283691e-01,9.999993443489074707e-01,-9.999987483024597168e-01,-9.999989867210388184e-01,-9.999896883964538574e-01,-9.999982714653015137e-01,-9.999983906745910645e-01,9.999992847442626953e-01,-9.999957680702209473e-01,9.999994635581970215e-01,9.999994039535522461e-01,-9.999933242797851562e-01,-9.999989867210388184e-01,-9.999990463256835938e-01,-9.999929666519165039e-01,-9.999992847442626953e-01,9.999990463256835938e-01,9.999993443489074707e-01,-9.999893903732299805e-01,9.999970793724060059e-01,9.999958276748657227e-01,9.999990463256835938e-01,-9.999945163726806641e-01,-9.999980330467224121e-01,9.999982118606567383e-01,9.999786019325256348e-01,-9.999994039535522461e-01,-9.999991655349731445e-01,-9.999952912330627441e-01,9.999992847442626953e-01,-9.999991655349731445e-01,9.999975562095642090e-01,-9.999838471412658691e-01,-9.999992847442626953e-01,-9.999988675117492676e-01,-9.999988675117492676e-01,9.999915361404418945e-01,-9.999989271163940430e-01,-9.999992847442626953e-01,9.999992251396179199e-01,9.999993443489074707e-01,9.999986290931701660e-01,9.999992847442626953e-01,9.999948143959045410e-01,9.999985098838806152e-01,9.999988079071044922e-01,9.999977350234985352e-01,-9.999170303344726562e-01,-9.999985694885253906e-01,-9.999989867210388184e-01,9.999988079071044922e-01,-9.999993443489074707e-01,-9.999989271163940430e-01,-9.999968409538269043e-01,9.999971389770507812e-01,9.999993443489074707e-01,9.999994039535522461e-01,9.999970197677612305e-01,9.999992251396179199e-01,-9.999992251396179199e-01,9.999992251396179199e-01,-9.999987483024597168e-01,-9.999969601631164551e-01,9.999953508377075195e-01,9.999710321426391602e-01,9.999988675117492676e-01,-9.999954700469970703e-01,-9.999993443489074707e-01,9.999958276748657227e-01,9.999977946281433105e-01,9.999076128005981445e-01,-9.999983906745910645e-01,9.999992847442626953e-01,-9.999980926513671875e-01,9.999989271163940430e-01,9.999920129776000977e-01,-9.999926686286926270e-01,-9.999993443489074707e-01,-9.999774098396301270e-01,-9.999956488609313965e-01,9.999984502792358398e-01,-9.999989271163940430e-01,9.999858736991882324e-01,9.999987483024597168e-01,-9.999990463256835938e-01,9.999986886978149414e-01,9.999948143959045410e-01,-9.999993443489074707e-01,9.999993443489074707e-01,-9.999951124191284180e-01,9.999981522560119629e-01,-9.999991655349731445e-01,9.999797344207763672e-01,9.999671578407287598e-01,-9.999991059303283691e-01,-9.999983906745910645e-01,9.999743103981018066e-01,9.999987483024597168e-01,9.999961256980895996e-01,-9.999992251396179199e-01,9.999988675117492676e-01,-9.999990463256835938e-01,9.999988675117492676e-01,9.999876022338867188e-01,-9.999994039535522461e-01,9.999988079071044922e-01,-9.999993443489074707e-01,9.999991059303283691e-01,9.999964237213134766e-01,9.999987483024597168e-01,9.999992847442626953e-01,-9.999974370002746582e-01,-9.999991059303283691e-01,9.999985694885253906e-01,9.999889731407165527e-01,9.999971389770507812e-01,-9.999935626983642578e-01,9.999979138374328613e-01
