5.660429596900939941e-01,-3.124728053808212280e-02,1.268307268619537354e-01,-2.209029495716094971e-01,4.993617162108421326e-02,-2.117733359336853027e-01,1.700546443462371826e-01,3.874436616897583008e-01,8.123141527175903320e-02,1.821793499402701855e-03,-1.982145607471466064e-01,4.837588220834732056e-02,-2.133175730705261230e-01,-4.680097475647926331e-02,-8.325462788343429565e-02,-1.255416125059127808e-01,-3.626335412263870239e-03,-1.476172804832458496e-01,2.015318721532821655e-01,1.091356724500656128e-01,-6.495511531829833984e-02,-2.435429990291595459e-01,-1.295925974845886230e-01,1.431669592857360840e-01,-1.363038923591375351e-02,-1.986496746540069580e-01,3.351282775402069092e-01,-9.271601587533950806e-02,-1.227321326732635498e-01,-1.674568206071853638e-01,-1.803443282842636108e-01,2.381702512502670288e-01,-1.125692203640937805e-01,-6.371716409921646118e-02,-1.194171048700809479e-02,2.087450325489044189e-01,-9.509146958589553833e-02,-6.894326210021972656e-02,-1.622286736965179443e-01,-2.186997532844543457e-01,6.759868469089269638e-03,5.814318731427192688e-02,-3.296498656272888184e-01,-1.732129789888858795e-02,-1.217181608080863953e-01,2.240021675825119019e-01,5.634730309247970581e-02,-3.494102135300636292e-02,1.207440495491027832e-01,-1.023365855216979980e-01,-1.840542554855346680e-01,-4.365179315209388733e-02,2.426245063543319702e-01,-6.448015570640563965e-02,-1.035982966423034668e-01,1.089545711874961853e-01,4.119551740586757660e-03,-8.612064644694328308e-03,7.525094598531723022e-02,9.728803485631942749e-02,-1.595410145819187164e-02,-5.674858763813972473e-02,-5.493790376931428909e-03,1.912624388933181763e-01,-5.396722629666328430e-02,6.005412712693214417e-02,-3.970584869384765625e-01,-8.036973327398300171e-02,6.399545818567276001e-02,2.884168550372123718e-02,-7.137501239776611328e-02,1.168873533606529236e-01,8.501698076725006104e-02,-6.527385860681533813e-02,-1.023066639900207520e-01,8.265309035778045654e-02,2.720074029639363289e-03,-1.398904025554656982e-01,-1.306822001934051514e-01,1.667091399431228638e-01,-1.214949116110801697e-01,-1.085330964997410774e-03,-7.420803606510162354e-02,-5.848439875990152359e-03,-6.739804148674011230e-02,2.326413244009017944e-01,3.017951548099517822e-01,-7.228577509522438049e-03,-2.746638655662536621e-01,-5.018829926848411560e-02,-1.175108030438423157e-01,1.718174964189529419e-01,3.242188096046447754e-01,-3.679907321929931641e-01,8.761622011661529541e-02,-3.328590393066406250e-01,9.519792161881923676e-03,-2.102629514411091805e-05,1.183716878294944763e-01,2.379140108823776245e-01,-1.101291030645370483e-01,2.590525150299072266e-01,2.329557985067367554e-01,8.023022860288619995e-02,-1.799942255020141602e-01,2.862743735313415527e-01,2.394145727157592773e-01,3.332176506519317627e-01,-3.281949460506439209e-01,2.665560878813266754e-02,-2.543156743049621582e-01,1.705751270055770874e-01,2.554470896720886230e-01,-5.736646056175231934e-02,-8.807648718357086182e-02,-3.779106307774782181e-03,1.570990085601806641e-01,-6.994330883026123047e-02,-9.898149967193603516e-02,-1.115120500326156616e-01,-2.245199680328369141e-01,-2.041875198483467102e-02,-4.651876911520957947e-02,3.725819885730743408e-01,2.253899872303009033e-01,6.428781151771545410e-02,-2.211199700832366943e-02,-1.921982318162918091e-02
-3.124728053808212280e-02,1.667182520031929016e-02,-1.101622879505157471e-01,8.020877838134765625e-02,6.044953688979148865e-02,6.750677246600389481e-03,1.169769465923309326e-02,1.139499433338642120e-02,2.680348791182041168e-02,4.693945869803428650e-02,1.729276031255722046e-02,-4.857780784368515015e-02,8.362492918968200684e-02,7.227288186550140381e-02,1.060550659894943237e-01,1.151740625500679016e-01,3.761415428016334772e-05,6.308597326278686523e-02,-7.916743308305740356e-02,-7.563060522079467773e-02,-3.322058543562889099e-02,1.048783063888549805e-01,6.158889830112457275e-02,-2.426514402031898499e-02,1.233340427279472351e-02,1.199072897434234619e-01,-1.198284626007080078e-01,-4.086560010910034180e-02,9.641069173812866211e-02,-2.304056100547313690e-02,3.232377767562866211e-02,-1.218069940805435181e-01,6.786213815212249756e-02,6.629884243011474609e-02,-4.956777207553386688e-03,-1.205003559589385986e-01,4.236568138003349304e-02,7.703562080860137939e-02,-6.670033931732177734e-02,-6.121536344289779663e-02,1.006110012531280518e-01,1.250201277434825897e-02,1.117041409015655518e-01,2.029529213905334473e-02,-2.441674238070845604e-03,-8.545672148466110229e-02,-1.099525317549705505e-01,-3.292473405599594116e-02,-1.374461222440004349e-02,2.149284444749355316e-02,2.195992693305015564e-02,-1.989643834531307220e-02,2.664968604221940041e-03,1.862262375652790070e-03,-3.938055597245693207e-03,-1.268414556980133057e-01,3.249817714095115662e-02,8.368225768208503723e-03,-4.073052480816841125e-02,-6.350363790988922119e-02,-1.295808609575033188e-02,9.309647604823112488e-03,4.052364267408847809e-03,3.281487524509429932e-02,1.621409133076667786e-02,-2.686420083045959473e-02,6.661233305931091309e-02,1.113974377512931824e-01,-1.053673997521400452e-01,5.240337550640106201e-02,-8.295376598834991455e-02,-1.774970814585685730e-02,-2.465450018644332886e-02,1.058782637119293213e-01,-2.638885192573070526e-02,-1.074189618229866028e-01,-1.998758176341652870e-03,1.280529052019119263e-01,-2.956459065899252892e-03,-1.074571833014488220e-01,1.114013716578483582e-01,7.412480190396308899e-04,-8.819045126438140869e-02,6.209555431269109249e-04,-9.833499789237976074e-02,-1.084595099091529846e-01,3.833032771944999695e-02,4.019650164991617203e-03,8.300109952688217163e-02,6.831710040569305420e-02,-2.299922704696655273e-02,-3.635852038860321045e-02,-9.854631870985031128e-02,6.625252217054367065e-02,-9.897461533546447754e-02,2.190760336816310883e-03,8.097402751445770264e-02,-4.615524449036456645e-05,-9.595409780740737915e-02,5.172694101929664612e-02,-3.521252050995826721e-02,4.524347186088562012e-02,-1.278438121080398560e-01,-7.010637968778610229e-02,1.239756196737289429e-01,-6.503446493297815323e-03,-8.391276746988296509e-02,-1.144708618521690369e-01,-2.542754076421260834e-02,-8.207194507122039795e-03,8.986192196607589722e-02,-6.900268048048019409e-02,-1.103344485163688660e-01,1.473943516612052917e-02,1.192876100540161133e-01,-9.286464750766754150e-02,5.862598866224288940e-02,2.554207853972911835e-02,-1.072954833507537842e-01,4.523156210780143738e-02,6.070405989885330200e-02,9.268218278884887695e-02,1.040952354669570923e-01,-7.929303497076034546e-02,-7.641177624464035034e-02,-6.868886202573776245e-02,2.943851053714752197e-03,5.092566087841987610e-02
1.268307268619537354e-01,-1.101622879505157471e-01,7.986137270927429199e-01,-6.343932747840881348e-01,-3.604329526424407959e-01,-9.363178908824920654e-02,-1.961943656206130981e-01,-8.800196647644042969e-02,-2.156625986099243164e-01,-3.920944631099700928e-01,-2.814886532723903656e-02,3.577477931976318359e-01,-5.102317333221435547e-01,-6.026049852371215820e-01,-7.126446366310119629e-01,-7.013620138168334961e-01,-1.237234333530068398e-03,-4.311356842517852783e-01,6.453552246093750000e-01,5.988678932189941406e-01,3.711476624011993408e-01,-6.902636885643005371e-01,-5.631383657455444336e-01,1.687832772731781006e-01,-9.778081625699996948e-02,-7.037101387977600098e-01,6.960733532905578613e-01,1.497673839330673218e-01,-6.966927647590637207e-01,2.025897800922393799e-01,-2.334966212511062622e-01,7.932788729667663574e-01,-5.721157193183898926e-01,-5.955966114997863770e-01,3.438137099146842957e-02,7.323985695838928223e-01,-3.052121996879577637e-01,-5.842992067337036133e-01,4.006454348564147949e-01,5.443680286407470703e-01,-6.676897406578063965e-01,-1.162052527070045471e-01,-6.913421750068664551e-01,-1.587651818990707397e-01,1.215993463993072510e-01,5.947918891906738281e-01,7.826718688011169434e-01,2.549090087413787842e-01,6.559745967388153076e-02,8.743370883166790009e-03,-1.501110941171646118e-01,1.723792254924774170e-01,-7.880145311355590820e-02,2.401966368779540062e-03,-2.931188233196735382e-02,7.917128801345825195e-01,-2.676320075988769531e-01,-6.371881067752838135e-02,2.975408136844635010e-01,4.992330670356750488e-01,1.445080935955047607e-01,-1.357002705335617065e-01,-3.122720494866371155e-02,-3.644916117191314697e-01,-7.692878693342208862e-02,1.922016590833663940e-01,-3.307650387287139893e-01,-6.883501410484313965e-01,7.339878678321838379e-01,-2.652889788150787354e-01,6.340413689613342285e-01,1.388733237981796265e-01,2.227804064750671387e-01,-7.620970010757446289e-01,2.002815902233123779e-01,7.242127656936645508e-01,1.228063460439443588e-02,-8.443276286125183105e-01,1.456159055233001709e-01,7.389771938323974609e-01,-8.153015971183776855e-01,-5.661872215569019318e-03,6.410285830497741699e-01,-2.167636761441826820e-03,6.498473286628723145e-01,6.974303126335144043e-01,-3.788533210754394531e-01,-2.657268755137920380e-02,-5.284683108329772949e-01,-5.227499604225158691e-01,1.793924570083618164e-01,2.860808968544006348e-01,6.701025962829589844e-01,-4.048670530319213867e-01,7.337383627891540527e-01,2.445122599601745605e-02,-5.774650573730468750e-01,3.623924567364156246e-04,5.914299488067626953e-01,-4.184893667697906494e-01,3.275665342807769775e-01,-3.326025605201721191e-01,8.190838098526000977e-01,5.196370482444763184e-01,-8.298421502113342285e-01,-1.747087538242340088e-01,6.470528841018676758e-01,6.871950030326843262e-01,2.120676040649414062e-01,5.969893187284469604e-02,-6.312122344970703125e-01,6.286426186561584473e-01,7.331312298774719238e-01,-2.648426890373229980e-01,-7.469314336776733398e-01,7.047502398490905762e-01,-3.432940542697906494e-01,-2.549313902854919434e-01,7.732973694801330566e-01,-3.527179360389709473e-01,-4.133928716182708740e-01,-7.066677212715148926e-01,-7.342679500579833984e-01,4.716817140579223633e-01,5.667124390602111816e-01,6.068256497383117676e-01,-3.974131867289543152e-02,-4.527454972267150879e-01
-2.209029495716094971e-01,8.020877838134765625e-02,-6.343932747840881348e-01,6.431993842124938965e-01,1.807155609130859375e-01,1.863002628087997437e-01,1.168013438582420349e-01,-9.918124973773956299e-02,1.209042221307754517e-01,2.745134532451629639e-01,-4.004265938419848680e-04,-2.572336494922637939e-01,2.917951643466949463e-01,5.353248715400695801e-01,5.493476390838623047e-01,4.692168533802032471e-01,6.069369614124298096e-03,3.753655850887298584e-01,-5.584101080894470215e-01,-4.345211684703826904e-01,-3.882641792297363281e-01,5.529358386993408203e-01,4.606855511665344238e-01,-1.112578958272933960e-01,7.226094603538513184e-02,4.692637920379638672e-01,-5.264097452163696289e-01,6.539322435855865479e-02,4.619119763374328613e-01,-6.206264719367027283e-03,2.127492129802703857e-01,-6.574184894561767578e-01,5.472569465637207031e-01,4.172043204307556152e-01,-8.904650807380676270e-03,-5.319796204566955566e-01,2.231849431991577148e-01,3.971362411975860596e-01,-1.002573743462562561e-01,-4.617579579353332520e-01,4.527385532855987549e-01,1.013822183012962341e-01,5.577965974807739258e-01,1.127599403262138367e-01,-1.135540902614593506e-01,-3.637200891971588135e-01,-6.026628017425537109e-01,-2.086306512355804443e-01,-9.131472557783126831e-02,8.063983172178268433e-02,1.493520736694335938e-01,-1.269041150808334351e-01,4.421088472008705139e-02,2.751001343131065369e-02,1.730476021766662598e-01,-5.704102516174316406e-01,1.884020864963531494e-01,4.228019714355468750e-02,-2.632344365119934082e-01,-4.200072288513183594e-01,-1.538554131984710693e-01,1.696814447641372681e-01,2.782000415027141571e-02,2.342915087938308716e-01,7.159254699945449829e-02,-1.436803787946701050e-01,3.058710098266601562e-01,4.632053673267364502e-01,-5.016632080078125000e-01,8.775521814823150635e-02,-3.952976763248443604e-01,8.645251393318176270e-03,-2.252482324838638306e-01,5.899906754493713379e-01,-1.248557716608047485e-01,-5.666021108627319336e-01,-5.311528220772743225e-03,6.322692632675170898e-01,-2.481915801763534546e-01,-5.511377453804016113e-01,7.013828158378601074e-01,4.154128022491931915e-03,-3.914924561977386475e-01,2.375288866460323334e-03,-4.337329268455505371e-01,-5.399380922317504883e-01,9.387175738811492920e-02,1.577623002231121063e-02,3.851110339164733887e-01,3.490743041038513184e-01,-1.017128378152847290e-01,-3.324582874774932861e-01,-6.035912036895751953e-01,4.270484149456024170e-01,-5.830885171890258789e-01,1.012666150927543640e-01,4.093565344810485840e-01,-2.347554400330409408e-04,-3.683811128139495850e-01,1.642192453145980835e-01,-1.395287215709686279e-01,2.998804673552513123e-02,-6.936390399932861328e-01,-3.563211858272552490e-01,6.522176861763000488e-01,2.316084653139114380e-01,-6.691585779190063477e-01,-5.379242300987243652e-01,-2.492962032556533813e-02,-4.681915417313575745e-02,6.095005869865417480e-01,-5.779923796653747559e-01,-6.101067662239074707e-01,2.498332113027572632e-01,5.250666141510009766e-01,-4.879629611968994141e-01,8.602546900510787964e-02,1.945335119962692261e-01,-5.664945244789123535e-01,3.170656859874725342e-01,3.489341139793395996e-01,5.348984003067016602e-01,5.542876124382019043e-01,-4.237954914569854736e-01,-4.207317829132080078e-01,-4.908745884895324707e-01,2.164444141089916229e-02,3.359574973583221436e-01
4.993617162108421326e-02,6.044953688979148865e-02,-3.604329526424407959e-01,1.807155609130859375e-01,3.542945384979248047e-01,-6.582278013229370117e-02,6.478793919086456299e-02,2.751964628696441650e-01,7.799416780471801758e-02,1.595289558172225952e-01,5.916055291891098022e-02,-1.844231337308883667e-01,3.273699879646301270e-01,1.924178898334503174e-01,4.158097803592681885e-01,4.814195930957794189e-01,-3.899578936398029327e-03,2.099897265434265137e-01,-1.741164922714233398e-01,-2.438711673021316528e-01,1.970406249165534973e-02,3.467110097408294678e-01,1.418166756629943848e-01,-4.649430885910987854e-02,3.720740601420402527e-02,4.558517634868621826e-01,-4.218405485153198242e-01,-3.316575288772583008e-01,3.817541301250457764e-01,-1.986041814088821411e-01,6.412840634584426880e-02,-3.590080142021179199e-01,1.203035488724708557e-01,2.149722278118133545e-01,-3.440836817026138306e-02,-4.497311711311340332e-01,1.377075165510177612e-01,2.868460416793823242e-01,-4.583230912685394287e-01,-2.550024092197418213e-01,4.146029949188232422e-01,5.273143202066421509e-02,3.690543472766876221e-01,7.617251574993133545e-02,6.321417540311813354e-02,-3.043393790721893311e-01,-4.135996699333190918e-01,-1.392090022563934326e-01,-3.616133704781532288e-02,1.110920011997222900e-01,2.747455425560474396e-02,-1.370564401149749756e-01,5.413978919386863708e-02,-1.662927120923995972e-02,-1.475493311882019043e-01,-5.186083316802978516e-01,1.302614957094192505e-01,3.263804689049720764e-02,-1.244445368647575378e-01,-1.954429000616073608e-01,1.002623117528855801e-03,-5.921844020485877991e-02,1.156823802739381790e-02,1.127075031399726868e-01,5.795410647988319397e-02,-8.532839268445968628e-02,2.063232809305191040e-01,4.814698100090026855e-01,-3.860520720481872559e-01,3.357637822628021240e-01,-3.766213655471801758e-01,-1.142264902591705322e-01,-3.372368169948458672e-03,3.758950233459472656e-01,-1.265175938606262207e-01,-4.071932137012481689e-01,-9.160614572465419769e-03,4.610899984836578369e-01,5.112696066498756409e-02,-3.649151325225830078e-01,3.254539966583251953e-01,2.516439184546470642e-03,-4.168958663940429688e-01,2.258794702356681228e-04,-4.517466127872467041e-01,-3.922990858554840088e-01,2.681884765625000000e-01,1.660492271184921265e-02,2.460538744926452637e-01,2.606476247310638428e-01,-1.566571295261383057e-01,-2.055897004902362823e-02,-2.357989102602005005e-01,1.234411001205444336e-01,-3.147143125534057617e-01,-1.252017766237258911e-01,3.825787007808685303e-01,-1.890797138912603259e-04,-4.172412157058715820e-01,3.042142093181610107e-01,-1.895706951618194580e-01,3.210356533527374268e-01,-4.030722677707672119e-01,-2.619750201702117920e-01,3.939809203147888184e-01,-3.395335376262664795e-02,-1.318508982658386230e-01,-3.861933648586273193e-01,-2.364732027053833008e-01,-1.912567950785160065e-02,1.839897036552429199e-01,-1.033505499362945557e-01,-3.524693846702575684e-01,-6.341374665498733521e-02,5.232745409011840820e-01,-3.361129462718963623e-01,3.931232094764709473e-01,5.689023062586784363e-02,-4.487257599830627441e-01,1.077240034937858582e-01,1.887220293283462524e-01,3.168824315071105957e-01,3.878221809864044189e-01,-2.159646600484848022e-01,-2.348157167434692383e-01,-1.623583137989044189e-01,-9.159656241536140442e-03,1.605511009693145752e-01
-2.117733359336853027e-01,6.750677246600389481e-03,-9.363178908824920654e-02,1.863002628087997437e-01,-6.582278013229370117e-02,2.609905898571014404e-01,-4.662984982132911682e-02,-1.355336010456085205e-01,-1.244210079312324524e-01,-1.862303540110588074e-02,8.311577141284942627e-02,-3.200483694672584534e-02,-2.940332703292369843e-02,1.575561612844467163e-01,8.057346194982528687e-02,3.508372232317924500e-03,2.838052809238433838e-03,2.542635612189769745e-02,-7.450479269027709961e-02,-8.707010000944137573e-02,2.028876356780529022e-02,1.354234516620635986e-01,1.362279057502746582e-01,-4.695471376180648804e-02,7.384009077213704586e-04,-5.227245017886161804e-02,-1.080215796828269958e-01,1.221006885170936584e-01,7.605568319559097290e-02,5.889226868748664856e-02,9.235572069883346558e-02,-8.664989471435546875e-02,3.914055600762367249e-02,1.306705623865127563e-01,1.560856908326968551e-04,-6.292653083801269531e-02,2.261745743453502655e-02,-2.791160659398883581e-04,1.430531591176986694e-01,-5.813699215650558472e-02,-1.113437041640281677e-01,-8.265474811196327209e-03,1.417821198701858521e-01,1.682877726852893829e-02,1.283382326364517212e-01,-6.860852986574172974e-02,-3.626148030161857605e-02,-1.422096882015466690e-02,-1.050854995846748352e-01,-3.657785058021545410e-02,1.130907908082008362e-01,-1.073743328452110291e-01,-8.752543479204177856e-02,-9.162737987935543060e-03,7.679352164268493652e-02,-4.664002731442451477e-02,3.096874989569187164e-02,4.849229473620653152e-03,1.769912615418434143e-02,-6.285065412521362305e-02,-6.355289369821548462e-03,4.132814705371856689e-02,5.483121145516633987e-03,-1.598442047834396362e-01,-6.441675941459834576e-04,-4.505730234086513519e-03,1.288519799709320068e-01,-6.647213827818632126e-03,5.750461947172880173e-03,-5.512873828411102295e-02,4.859427735209465027e-02,-1.523008942604064941e-01,-4.192491993308067322e-02,4.021444171667098999e-02,1.015046909451484680e-01,-3.295827284455299377e-02,2.143288962543010712e-03,5.369399860501289368e-02,-1.649588719010353088e-02,-5.083473771810531616e-02,8.646638691425323486e-02,7.425401126965880394e-04,3.281715512275695801e-02,-9.965187637135386467e-04,8.391541242599487305e-02,-6.343693286180496216e-02,-1.418707072734832764e-01,4.546027630567550659e-04,2.879196777939796448e-02,7.879054173827171326e-03,5.619014054536819458e-02,-8.497818559408187866e-02,-1.161220595240592957e-01,1.743361055850982666e-01,-4.968686960637569427e-03,1.227331981062889099e-01,3.488321229815483093e-02,1.088632598111871630e-05,-3.823748975992202759e-02,-2.060053944587707520e-01,1.205045543611049652e-02,-2.129304856061935425e-01,-8.819258958101272583e-02,-1.058846246451139450e-02,9.790740907192230225e-03,6.959543377161026001e-02,-1.234444826841354370e-01,-9.287872165441513062e-02,2.136507779359817505e-01,-5.203542299568653107e-03,1.714454591274261475e-01,-1.641348153352737427e-01,-1.125747859477996826e-01,1.167181506752967834e-01,1.609688624739646912e-02,5.281082913279533386e-02,-8.567305654287338257e-02,5.576662719249725342e-02,1.718559861183166504e-02,5.773594975471496582e-02,7.714732736349105835e-02,1.478857547044754028e-02,4.091640934348106384e-03,-1.020073518157005310e-01,-1.602590084075927734e-01,-6.291760504245758057e-02,9.429653175175189972e-03,2.243487723171710968e-02
1.700546443462371826e-01,1.169769465923309326e-02,-1.961943656206130981e-01,1.168013438582420349e-01,6.478793919086456299e-02,-4.662984982132911682e-02,1.763137578964233398e-01,1.319801360368728638e-01,7.380761206150054932e-02,1.188253015279769897e-01,-1.261798441410064697e-01,-5.266948416829109192e-02,3.379372134804725647e-02,1.121523976325988770e-01,1.222660616040229797e-01,9.283927083015441895e-02,-9.273748728446662426e-04,6.049206480383872986e-02,-1.532713025808334351e-01,-1.114537864923477173e-01,-1.746761500835418701e-01,5.083790048956871033e-02,1.296680122613906860e-01,3.031701408326625824e-02,2.079198136925697327e-02,8.883415162563323975e-02,-2.872574515640735626e-02,1.299857348203659058e-02,1.576838046312332153e-01,-1.187620013952255249e-01,1.277012005448341370e-02,-1.196835190057754517e-01,1.755396574735641479e-01,1.298909932374954224e-01,-6.652568001300096512e-03,-7.107420265674591064e-02,3.662145510315895081e-02,1.256249099969863892e-01,-1.309924870729446411e-01,-2.188857048749923706e-01,1.727586090564727783e-01,5.573251843452453613e-02,4.004580155014991760e-02,3.285809233784675598e-02,-1.527357250452041626e-01,-6.491973251104354858e-02,-2.088985890150070190e-01,-6.427316367626190186e-02,5.409623682498931885e-02,-5.395089089870452881e-02,-2.611722983419895172e-02,-4.455501586198806763e-02,1.119969934225082397e-01,1.178475376218557358e-02,-1.328149461187422276e-03,-1.603960543870925903e-01,5.063171312212944031e-02,1.119255274534225464e-02,-9.685952216386795044e-02,-9.496691077947616577e-02,-5.852009356021881104e-02,4.449321702122688293e-02,5.128693766891956329e-03,2.336334586143493652e-01,-2.392467483878135681e-02,-2.769744955003261566e-02,-1.054532229900360107e-01,1.180387660861015320e-01,-1.586541086435317993e-01,1.915390230715274811e-02,-2.008964419364929199e-01,2.547538839280605316e-02,-2.972359769046306610e-02,1.796425282955169678e-01,-9.617531299591064453e-02,-1.605832278728485107e-01,-1.301346113905310631e-03,2.008918374776840210e-01,-1.346953064203262329e-01,-1.189062893390655518e-01,2.182675302028656006e-01,8.389415452256798744e-04,-1.908031553030014038e-01,-2.257845830172300339e-03,-1.729280501604080200e-01,-8.694113790988922119e-02,2.533131837844848633e-01,2.492735395208001137e-03,-5.865362007170915604e-03,1.076207533478736877e-01,-9.768031537532806396e-02,-2.277106791734695435e-02,-6.670454144477844238e-02,-6.937542557716369629e-02,-1.895191371440887451e-01,-1.173655986785888672e-01,1.372695118188858032e-01,-1.021557109197601676e-04,-4.131221026182174683e-02,2.049526721239089966e-01,-1.145618855953216553e-01,1.708088666200637817e-01,-1.376853436231613159e-01,-9.580813348293304443e-02,2.261678278446197510e-01,2.260992974042892456e-01,-1.535952091217041016e-01,-2.701904997229576111e-02,-1.898104846477508545e-01,-5.693291313946247101e-03,3.697638586163520813e-02,-1.588027328252792358e-01,-8.050011843442916870e-02,9.627836197614669800e-02,1.690836995840072632e-01,-2.297428399324417114e-01,6.262940913438796997e-02,7.057888060808181763e-02,-2.677368223667144775e-01,5.155999958515167236e-02,3.615204617381095886e-02,1.797727495431900024e-01,1.871560066938400269e-01,4.024621844291687012e-02,-2.485338039696216583e-02,-1.483221501111984253e-01,5.753503646701574326e-03,1.499592661857604980e-01
3.874436616897583008e-01,1.139499433338642120e-02,-8.800196647644042969e-02,-9.918124973773956299e-02,2.751964628696441650e-01,-1.355336010456085205e-01,1.319801360368728638e-01,5.577918291091918945e-01,1.065479125827550888e-03,5.499848350882530212e-02,-2.869511209428310394e-02,-8.000637590885162354e-02,7.827570289373397827e-02,1.616710051894187927e-02,1.888263523578643799e-01,2.243430465459823608e-01,-7.624751422554254532e-03,-2.066604234278202057e-02,1.106354072690010071e-01,-5.073600262403488159e-02,1.872437298297882080e-01,5.025915056467056274e-02,-3.201148286461830139e-02,3.289284929633140564e-02,3.243842162191867828e-03,1.239075735211372375e-01,-4.313502833247184753e-02,-3.433654904365539551e-01,2.168579548597335815e-01,-2.942004799842834473e-01,-8.227664232254028320e-02,2.499688230454921722e-02,-1.574295908212661743e-01,1.115061789751052856e-01,-4.380197450518608093e-02,-1.445436626672744751e-01,8.596573956310749054e-03,1.164905354380607605e-01,-5.105257034301757812e-01,-2.360086739063262939e-01,1.975041925907135010e-01,4.060981050133705139e-02,-2.130737295374274254e-03,3.566181287169456482e-02,1.131143942475318909e-01,-9.098613262176513672e-02,-1.842790693044662476e-01,-8.522922545671463013e-02,3.665529191493988037e-02,-6.032983586192131042e-02,-8.565792441368103027e-02,-1.795928776264190674e-01,1.372103393077850342e-01,-9.254059195518493652e-02,-2.707665860652923584e-01,-2.614116370677947998e-01,9.263828396797180176e-02,1.708524301648139954e-02,4.851542040705680847e-02,-1.119181979447603226e-02,4.689275100827217102e-02,-1.459356993436813354e-01,-1.081992988474667072e-03,6.182363629341125488e-02,-9.688449092209339142e-03,1.454149256460368633e-03,-1.276926547288894653e-01,2.403112500905990601e-01,-1.706540286540985107e-01,2.822438478469848633e-01,-2.911907434463500977e-01,-1.699500381946563721e-01,1.256147027015686035e-01,1.510278880596160889e-01,-8.575540035963058472e-02,-1.393847316503524780e-01,-4.913043696433305740e-03,1.728471219539642334e-01,4.925133287906646729e-02,-7.572893053293228149e-02,2.653472870588302612e-02,7.339289877563714981e-04,-3.221657872200012207e-01,-4.842116963118314743e-03,-2.841942906379699707e-01,-7.252825796604156494e-02,3.923840522766113281e-01,7.570252288132905960e-03,-7.616508752107620239e-02,1.265991181135177612e-01,-1.734860241413116455e-01,2.074765264987945557e-01,1.541138291358947754e-01,-2.285129427909851074e-01,-5.286817252635955811e-02,-3.307386338710784912e-01,2.544861435890197754e-01,-1.236934767803177238e-04,-2.200403660535812378e-01,3.327984213829040527e-01,-2.363626062870025635e-01,4.196468591690063477e-01,-2.298655547201633453e-02,-1.010428071022033691e-01,5.704164132475852966e-02,1.053462624549865723e-01,2.394293695688247681e-01,-1.898584701120853424e-02,-3.485689759254455566e-01,1.496805995702743530e-02,-1.698685884475708008e-01,1.370609849691390991e-01,-1.299384795129299164e-02,-1.013009697198867798e-01,2.955842614173889160e-01,-1.501699090003967285e-01,4.151344895362854004e-01,5.248910281807184219e-03,-3.067101538181304932e-01,-6.455340236425399780e-02,-4.208694770932197571e-02,1.116246655583381653e-01,1.341859698295593262e-01,1.691576093435287476e-01,-1.502658985555171967e-02,3.772081434726715088e-02,-2.168111503124237061e-02,5.801092460751533508e-02
8.123141527175903320e-02,2.680348791182041168e-02,-2.156625986099243164e-01,1.209042221307754517e-01,7.799416780471801758e-02,-1.244210079312324524e-01,7.380761206150054932e-02,1.065479125827550888e-03,2.202775925397872925e-01,1.460434347391128540e-01,-6.223521009087562561e-02,-8.957953751087188721e-02,1.307468712329864502e-01,1.630701720714569092e-01,1.763457059860229492e-01,2.005829513072967529e-01,1.833533169701695442e-03,1.009745523333549500e-01,-1.977495253086090088e-01,-1.378152221441268921e-01,-2.862494587898254395e-01,1.530896723270416260e-01,1.063194349408149719e-01,-4.294129461050033569e-02,3.655449673533439636e-02,2.629519999027252197e-01,-1.451447755098342896e-01,-2.245699241757392883e-02,1.172285005450248718e-01,-2.584935724735260010e-02,3.844191553071141243e-03,-2.827646732330322266e-01,2.354677170515060425e-01,1.048106029629707336e-01,-4.987277789041399956e-04,-2.008603066205978394e-01,8.220244199037551880e-02,1.683991402387619019e-01,-8.858235180377960205e-02,-1.771933436393737793e-01,2.872540354728698730e-01,5.206716060638427734e-02,1.153055354952812195e-01,3.369118273258209229e-02,-1.979958415031433105e-01,-1.133741438388824463e-01,-2.252674698829650879e-01,-7.314221560955047607e-02,5.788514763116836548e-02,-1.675004139542579651e-02,-3.698704764246940613e-02,7.309485226869583130e-02,1.104623079299926758e-01,-6.677620578557252884e-03,5.304191261529922485e-02,-2.059979438781738281e-01,6.043741479516029358e-02,1.379340887069702148e-02,-8.899952471256256104e-02,-1.303002834320068359e-01,-9.077477455139160156e-02,8.141259104013442993e-02,8.872922509908676147e-03,2.571411728858947754e-01,2.979442663490772247e-02,-5.848636105656623840e-02,-1.489557325839996338e-02,1.844025403261184692e-01,-2.569018602371215820e-01,2.313009463250637054e-02,-1.875642985105514526e-01,1.464526355266571045e-01,-1.088156253099441528e-01,2.471035569906234741e-01,-1.326609253883361816e-01,-2.048448324203491211e-01,-3.425874980166554451e-03,2.568026483058929443e-01,-1.025262549519538879e-01,-2.328591644763946533e-01,2.838849127292633057e-01,1.358132809400558472e-03,-1.665781438350677490e-01,2.745756180956959724e-03,-2.372385710477828979e-01,-1.602307856082916260e-01,1.400174498558044434e-01,5.487618036568164825e-03,1.798072308301925659e-01,1.487050503492355347e-01,-5.496957153081893921e-02,-9.975297749042510986e-02,-1.914878785610198975e-01,6.411538273096084595e-02,-2.717759609222412109e-01,-4.559668153524398804e-02,9.074763953685760498e-02,-1.085155381588265300e-04,-1.265822052955627441e-01,2.247906327247619629e-01,-8.038785308599472046e-02,1.844812333583831787e-01,-2.700401544570922852e-01,-1.438878476619720459e-01,3.014542162418365479e-01,3.945259004831314087e-02,-2.333962917327880859e-01,-1.555914878845214844e-01,-1.528449952602386475e-01,-2.087551169097423553e-02,2.215886712074279785e-01,-1.676592081785202026e-01,-1.880608648061752319e-01,7.436229288578033447e-02,1.634038835763931274e-01,-2.757659554481506348e-01,7.944681495428085327e-02,4.144136235117912292e-02,-2.657251656055450439e-01,1.081978306174278259e-01,4.838036373257637024e-02,2.484012991189956665e-01,2.412813305854797363e-01,-8.453703671693801880e-02,-8.755116909742355347e-02,-2.202557474374771118e-01,1.985808461904525757e-02,1.252507716417312622e-01
1.821793499402701855e-03,4.693945869803428650e-02,-3.920944631099700928e-01,2.745134532451629639e-01,1.595289558172225952e-01,-1.862303540110588074e-02,1.188253015279769897e-01,5.499848350882530212e-02,1.460434347391128540e-01,1.966625303030014038e-01,-2.969685010612010956e-02,-1.551966071128845215e-01,2.313972264528274536e-01,2.652385532855987549e-01,3.296617865562438965e-01,3.397955596446990967e-01,5.141171859577298164e-04,1.867616325616836548e-01,-3.106502592563629150e-01,-2.594568729400634766e-01,-2.347282171249389648e-01,2.993912696838378906e-01,2.415825426578521729e-01,-6.626300513744354248e-02,4.708297923207283020e-02,3.680772185325622559e-01,-3.175136446952819824e-01,-5.927536264061927795e-02,3.242992758750915527e-01,-1.004832983016967773e-01,8.485028147697448730e-02,-4.053542017936706543e-01,2.976784110069274902e-01,2.523978948593139648e-01,-1.322771143168210983e-02,-3.512623012065887451e-01,1.341887712478637695e-01,2.704849839210510254e-01,-2.047540247440338135e-01,-2.704909443855285645e-01,3.574602007865905762e-01,6.215599924325942993e-02,2.967613339424133301e-01,6.915975362062454224e-02,-1.227498948574066162e-01,-2.631646692752838135e-01,-3.953608572483062744e-01,-1.145147383213043213e-01,6.154906004667282104e-03,-1.482025161385536194e-02,3.449667617678642273e-02,-4.332924261689186096e-02,7.419542223215103149e-02,3.775433870032429695e-03,1.676844805479049683e-02,-4.014288783073425293e-01,1.132259517908096313e-01,2.760727144777774811e-02,-1.461525112390518188e-01,-2.200000435113906860e-01,-8.188742399215698242e-02,7.322632521390914917e-02,1.356923673301935196e-02,2.399199604988098145e-01,2.809656411409378052e-02,-8.788255602121353149e-02,9.395512193441390991e-02,3.295331895351409912e-01,-3.709825277328491211e-01,1.034572720527648926e-01,-3.141647279262542725e-01,-7.546013686805963516e-03,-1.066593155264854431e-01,3.822440505027770996e-01,-1.228253096342086792e-01,-3.506479561328887939e-01,-5.591101944446563721e-03,4.469179213047027588e-01,-9.386250376701354980e-02,-3.596184253692626953e-01,4.334265887737274170e-01,2.434974769130349159e-03,-3.082627058029174805e-01,1.246492029167711735e-03,-3.338159620761871338e-01,-3.171658515930175781e-01,2.184965014457702637e-01,1.131538581103086472e-02,2.327662259340286255e-01,2.394617944955825806e-01,-9.531877189874649048e-02,-1.251153200864791870e-01,-3.072212338447570801e-01,1.395534127950668335e-01,-3.782828450202941895e-01,-3.884418681263923645e-02,2.469000518321990967e-01,-1.721723965601995587e-04,-2.538467943668365479e-01,2.466893047094345093e-01,-1.540953218936920166e-01,2.044399678707122803e-01,-4.216337203979492188e-01,-2.355871200561523438e-01,4.624264240264892578e-01,9.933073818683624268e-02,-3.330125212669372559e-01,-3.099487721920013428e-01,-1.501106023788452148e-01,-2.732091583311557770e-02,2.923001050949096680e-01,-2.918416857719421387e-01,-3.365316092967987061e-01,1.246351376175880432e-01,3.707519471645355225e-01,-3.797306120395660400e-01,1.516533792018890381e-01,1.130786240100860596e-01,-4.179292619228363037e-01,1.573942452669143677e-01,1.643833518028259277e-01,3.474874496459960938e-01,3.712787926197052002e-01,-1.814157962799072266e-01,-2.220407426357269287e-01,-2.882993221282958984e-01,2.033564820885658264e-02,2.164520174264907837e-01
-1.982145607471466064e-01,1.729276031255722046e-02,-2.814886532723903656e-02,-4.004265938419848680e-04,5.916055291891098022e-02,8.311577141284942627e-02,-1.261798441410064697e-01,-2.869511209428310394e-02,-6.223521009087562561e-02,-2.969685010612010956e-02,1.889148205518722534e-01,-4.781452938914299011e-02,1.415097713470458984e-01,2.820076793432235718e-02,8.900832384824752808e-02,1.511295437812805176e-01,-1.188672031275928020e-03,1.819442026317119598e-02,2.963006496429443359e-02,-5.896122008562088013e-02,1.973942369222640991e-01,1.557474136352539062e-01,1.143284980207681656e-02,-9.886845946311950684e-02,6.053310353308916092e-04,1.425971537828445435e-01,-2.156738787889480591e-01,-1.355247795581817627e-01,1.035271659493446350e-01,4.577016807161271572e-04,5.545001104474067688e-02,-9.256719052791595459e-02,-1.160359308123588562e-01,6.620611250400543213e-02,-1.427941303700208664e-02,-1.833110153675079346e-01,4.354616999626159668e-02,3.247730806469917297e-02,-8.042854070663452148e-02,9.723836928606033325e-02,-8.305194787681102753e-03,-4.479179903864860535e-02,1.799349486827850342e-01,1.320156641304492950e-02,2.151230126619338989e-01,-1.684167832136154175e-01,-1.237666513770818710e-02,1.399730984121561050e-02,-8.438794314861297607e-02,-4.494908731430768967e-03,8.282183855772018433e-02,-4.630690068006515503e-02,-1.219153478741645813e-01,-2.904345095157623291e-02,-7.869414985179901123e-02,-1.229632943868637085e-01,2.921463549137115479e-02,8.621871471405029297e-03,6.245315447449684143e-02,-9.140047244727611542e-03,5.951983109116554260e-02,-5.700769275426864624e-02,6.305466522462666035e-04,-2.068275362253189087e-01,3.519783914089202881e-02,-1.744479872286319733e-02,2.012142241001129150e-01,1.069369316101074219e-01,-7.169578969478607178e-02,1.062566787004470825e-01,9.242459200322628021e-03,-1.997489333152770996e-01,1.257876027375459671e-02,3.013736940920352936e-02,7.637457549571990967e-02,-2.855960465967655182e-02,-3.428713418543338776e-03,8.060176670551300049e-02,1.950096040964126587e-01,-9.556628018617630005e-02,-2.000590041279792786e-02,7.481119246222078800e-04,-2.045704051852226257e-02,1.762458239682018757e-03,-6.934026256203651428e-03,-1.150164008140563965e-01,-9.558469802141189575e-02,6.733027752488851547e-03,1.410273760557174683e-01,4.260171577334403992e-02,5.354107171297073364e-02,1.544896978884935379e-02,-7.879178225994110107e-02,1.451305299997329712e-01,2.011867612600326538e-02,7.375283539295196533e-02,2.774017676711082458e-02,-6.646497041629118030e-08,-1.770495623350143433e-01,-8.965748548507690430e-02,-2.555966563522815704e-02,-2.457436732947826385e-02,-8.656069636344909668e-02,-4.740346968173980713e-02,1.277505885809659958e-02,-2.410230785608291626e-01,7.409227639436721802e-02,-1.910095065832138062e-01,1.318949460983276367e-01,-6.905766669660806656e-03,8.999373018741607666e-02,3.238451853394508362e-02,-1.142937764525413513e-01,-3.521740809082984924e-02,9.317321330308914185e-02,4.929534345865249634e-02,1.139458939433097839e-01,9.440573048777878284e-04,3.982458263635635376e-02,8.499749004840850830e-03,6.819202005863189697e-02,-8.419086225330829620e-03,6.015088874846696854e-03,-1.403439790010452271e-01,-1.646415740251541138e-01,3.333721682429313660e-02,9.118207730352878571e-03,-4.219057038426399231e-02
4.837588220834732056e-02,-4.857780784368515015e-02,3.577477931976318359e-01,-2.572336494922637939e-01,-1.844231337308883667e-01,-3.200483694672584534e-02,-5.266948416829109192e-02,-8.000637590885162354e-02,-8.957953751087188721e-02,-1.551966071128845215e-01,-4.781452938914299011e-02,1.649232804775238037e-01,-2.359254509210586548e-01,-2.695586681365966797e-01,-3.520942330360412598e-01,-3.670125305652618408e-01,-4.093171446584165096e-04,-1.728609055280685425e-01,2.435165792703628540e-01,2.497851252555847168e-01,1.160102486610412598e-01,-3.378339409828186035e-01,-2.131056636571884155e-01,8.902218937873840332e-02,-4.033497348427772522e-02,-3.617809712886810303e-01,3.582228720188140869e-01,1.195612475275993347e-01,-3.241158127784729004e-01,8.993529528379440308e-02,-8.685087412595748901e-02,3.859865069389343262e-01,-2.017821818590164185e-01,-2.518158853054046631e-01,2.029557712376117706e-02,3.868644833564758301e-01,-1.310991197824478149e-01,-2.486012578010559082e-01,2.281350046396255493e-01,2.458819746971130371e-01,-3.112488687038421631e-01,-4.552330821752548218e-02,-3.302370011806488037e-01,-6.834568083286285400e-02,-4.544949159026145935e-03,2.778567075729370117e-01,3.638248145580291748e-01,1.132311522960662842e-01,3.996915742754936218e-02,1.800947706215083599e-03,-5.659554153680801392e-02,8.725886791944503784e-02,-3.237449750304222107e-02,2.311122417449951172e-02,2.019167318940162659e-02,4.140656292438507080e-01,-1.235451623797416687e-01,-2.849637344479560852e-02,9.150048345327377319e-02,2.045498788356781006e-01,5.004052445292472839e-02,-3.226126730442047119e-02,-1.312564220279455185e-02,-1.079992651939392090e-01,-4.374228790402412415e-02,8.041791617870330811e-02,-1.596881896257400513e-01,-3.437288403511047363e-01,3.499818146228790283e-01,-1.518551707267761230e-01,2.814841568470001221e-01,8.523689955472946167e-02,8.270420879125595093e-02,-3.592677116394042969e-01,7.758260518312454224e-02,3.316498398780822754e-01,5.819550249725580215e-03,-4.214583933353424072e-01,2.729163691401481628e-02,3.526291847229003906e-01,-3.748888373374938965e-01,-2.508514560759067535e-03,2.918430864810943604e-01,-1.238411758095026016e-03,3.143379688262939453e-01,3.268847763538360596e-01,-1.463926583528518677e-01,-1.248759590089321136e-02,-2.426230609416961670e-01,-2.287974506616592407e-01,7.553699612617492676e-02,1.002434343099594116e-01,2.886600792407989502e-01,-1.811611354351043701e-01,3.190247416496276855e-01,2.476615086197853088e-02,-2.549958229064941406e-01,1.550092711113393307e-04,3.083608448505401611e-01,-1.809174120426177979e-01,1.508356332778930664e-01,-1.674482673406600952e-01,4.073056876659393311e-01,2.256041318178176880e-01,-3.881824910640716553e-01,-2.756787091493606567e-02,2.521515786647796631e-01,3.434268832206726074e-01,8.826581388711929321e-02,2.416583336889743805e-02,-3.002547323703765869e-01,2.345120459794998169e-01,3.474010825157165527e-01,-8.584105968475341797e-02,-3.762852847576141357e-01,3.028845191001892090e-01,-2.045284062623977661e-01,-9.380648285150527954e-02,3.707649111747741699e-01,-1.421184092760086060e-01,-1.668787598609924316e-01,-3.082460761070251465e-01,-3.315885365009307861e-01,2.047205120325088501e-01,2.641580402851104736e-01,2.362678050994873047e-01,-1.527695823460817337e-02,-1.673608869314193726e-01
