4.748161435127258301e-01,-1.485590916126966476e-02,3.872217610478401184e-02,-1.156308054924011230e-01,1.313120424747467041e-01,-1.495120376348495483e-01,1.611616760492324829e-01,3.361946940422058105e-01,5.754388496279716492e-02,5.671701580286026001e-02,-1.447958797216415405e-01,-1.533749327063560486e-02,-1.514737457036972046e-01,4.584787040948867798e-02,3.895900771021842957e-02,2.059054374694824219e-02,-3.036805428564548492e-03,-9.004151076078414917e-02,1.099824011325836182e-01,9.344694204628467560e-03,-7.511045783758163452e-02,-9.330812096595764160e-02,-9.725998342037200928e-02,8.928520977497100830e-02,9.214247111231088638e-04,-3.709158673882484436e-02,1.501257121562957764e-01,-1.462235152721405029e-01,-1.792190037667751312e-02,-1.559715569019317627e-01,-1.026935130357742310e-01,9.726306796073913574e-02,-7.020343095064163208e-02,4.009772837162017822e-02,-1.455377601087093353e-02,6.320628523826599121e-02,-4.057987779378890991e-02,-4.837634507566690445e-03,-1.642414033412933350e-01,-3.230054676532745361e-01,9.587361663579940796e-02,7.697483152151107788e-02,-1.967884153127670288e-01,1.296736672520637512e-02,-8.265000581741333008e-02,1.644454151391983032e-01,-3.467912226915359497e-02,-8.342640101909637451e-02,7.898320257663726807e-02,-6.880800426006317139e-02,-1.465068459510803223e-01,-1.021538153290748596e-01,2.273492962121963501e-01,-5.423573032021522522e-02,-8.896647393703460693e-02,-4.384224489331245422e-02,3.955102339386940002e-02,-3.758324310183525085e-04,9.180415421724319458e-02,2.006172947585582733e-02,-6.920564174652099609e-02,-6.462959945201873779e-02,5.475379794006585144e-07,2.373568564653396606e-01,-9.187382645905017853e-03,3.002512827515602112e-02,-2.981498837471008301e-01,5.265683680772781372e-02,-5.085887759923934937e-02,1.381463110446929932e-01,-1.394266337156295776e-01,6.485380232334136963e-02,6.528560817241668701e-02,2.653058618307113647e-02,-1.129775196313858032e-01,-8.428163826465606689e-02,1.024551806040108204e-03,5.909892730414867401e-03,-9.038084745407104492e-02,4.860875755548477173e-02,1.942783966660499573e-02,-1.191055853269062936e-04,-1.546117514371871948e-01,-4.809507634490728378e-03,-1.692400276660919189e-01,1.191011145710945129e-01,2.949018776416778564e-01,-1.882178476080298424e-03,-1.441088765859603882e-01,2.670812979340553284e-02,-1.491171121597290039e-01,1.307640820741653442e-01,2.147709727287292480e-01,-2.285086512565612793e-01,-2.271784283220767975e-02,-2.658246755599975586e-01,1.336625963449478149e-01,-5.375665205065160990e-05,-2.197183854877948761e-02,1.713752895593643188e-01,-1.717945784330368042e-01,2.655791342258453369e-01,8.640602231025695801e-02,3.540431847795844078e-03,-8.141946047544479370e-02,2.748890221118927002e-01,1.593914777040481567e-01,1.957942694425582886e-01,-2.826553881168365479e-01,1.359278801828622818e-02,-1.195013374090194702e-01,8.675392717123031616e-02,1.180695667862892151e-01,-2.270916849374771118e-02,3.928671777248382568e-02,-4.066158831119537354e-02,2.146328836679458618e-01,-6.361259520053863525e-02,-1.941176205873489380e-01,-4.519702866673469543e-02,-1.413684934377670288e-01,6.526076793670654297e-02,5.102211236953735352e-02,2.326863259077072144e-01,4.323257878422737122e-02,5.862881429493427277e-03,-1.780392602086067200e-02,9.769291616976261139e-03
-1.485590916126966476e-02,1.269797794520854950e-02,-9.030836820602416992e-02,7.053562998771667480e-02,5.986643210053443909e-02,-6.233789026737213135e-03,-2.848245017230510712e-02,4.293036460876464844e-02,3.283580765128135681e-02,4.253925383090972900e-02,3.263160353526473045e-03,-4.537698253989219666e-02,8.665863424539566040e-02,3.564035892486572266e-02,9.240934252738952637e-02,1.049626916646957397e-01,8.074861252680420876e-04,4.242592677474021912e-02,-6.812379509210586548e-02,-4.432336986064910889e-02,-2.485548704862594604e-02,8.319673687219619751e-02,4.422916471958160400e-02,-2.021790854632854462e-02,1.135840173810720444e-02,1.018806993961334229e-01,-1.064920648932456970e-01,-5.123246461153030396e-02,7.673316448926925659e-02,1.227513048797845840e-02,-6.758030038326978683e-03,-1.063055843114852905e-01,5.840427801012992859e-02,3.714679181575775146e-02,-5.067406687885522842e-03,-1.043925732374191284e-01,4.108131304383277893e-02,7.632878422737121582e-02,-8.050213754177093506e-02,-3.662821277976036072e-02,9.239003807306289673e-02,1.058487128466367722e-02,8.518099784851074219e-02,1.516215410083532333e-02,8.303133770823478699e-03,-5.907437577843666077e-02,-9.394063800573348999e-02,-2.749577164649963379e-02,-3.619382914621382952e-04,2.375345490872859955e-02,-1.111353747546672821e-02,5.805426742881536484e-03,3.649879246950149536e-02,-1.738332957029342651e-02,-1.376617606729269028e-02,-1.119238287210464478e-01,3.602461889386177063e-02,7.171018980443477631e-03,-5.273156985640525818e-02,-4.985831677913665771e-02,7.193593773990869522e-04,9.181278757750988007e-03,2.619532169774174690e-03,3.959715366363525391e-03,1.745164208114147186e-02,-2.697056531906127930e-02,4.171973839402198792e-02,9.555674344301223755e-02,-8.856061846017837524e-02,2.621637284755706787e-02,-7.485631108283996582e-02,1.766963675618171692e-02,-2.565225586295127869e-02,9.227613359689712524e-02,-2.133902907371520996e-02,-8.164183795452117920e-02,-1.441925647668540478e-03,1.085298284888267517e-01,-2.787807770073413849e-02,-9.534065425395965576e-02,9.457476437091827393e-02,4.683268198277801275e-04,-7.320088148117065430e-02,1.312269829213619232e-03,-8.695399761199951172e-02,-8.292296528816223145e-02,9.991792030632495880e-03,3.186379093676805496e-03,7.057037949562072754e-02,7.517836242914199829e-02,-2.103926986455917358e-02,-1.734668575227260590e-02,-7.897972315549850464e-02,5.358554050326347351e-02,-8.289069682359695435e-02,-4.019440617412328720e-03,4.070621728897094727e-02,-3.030977495654951781e-05,-8.104188740253448486e-02,7.188609987497329712e-02,-2.705242671072483063e-02,4.795341566205024719e-02,-1.119447052478790283e-01,-7.490710169076919556e-02,1.096377968788146973e-01,-1.494128443300724030e-02,-7.313163578510284424e-02,-9.774228185415267944e-02,-1.646463386714458466e-02,-5.819643381983041763e-03,7.259351015090942383e-02,-4.332250729203224182e-02,-9.839752316474914551e-02,-1.734662987291812897e-02,1.051389947533607483e-01,-8.737898617982864380e-02,5.407905578613281250e-02,3.008712641894817352e-02,-9.026154875755310059e-02,3.959067910909652710e-02,5.297504365444183350e-02,7.655263692140579224e-02,9.089882671833038330e-02,-6.437958031892776489e-02,-6.647410988807678223e-02,-2.996278367936611176e-02,7.164307404309511185e-03,4.269041866064071655e-02
3.872217610478401184e-02,-9.030836820602416992e-02,7.229768037796020508e-01,-6.048786044120788574e-01,-4.354601204395294189e-01,-2.081890124827623367e-03,1.414948999881744385e-01,-3.864570260047912598e-01,-2.396285533905029297e-01,-3.723910748958587646e-01,4.731210693717002869e-02,3.707156777381896973e-01,-5.913079380989074707e-01,-3.559658825397491455e-01,-6.972162723541259766e-01,-7.207993268966674805e-01,-6.139723118394613266e-03,-2.958062589168548584e-01,5.850889086723327637e-01,3.800074160099029541e-01,2.704017758369445801e-01,-6.354301571846008301e-01,-4.092112481594085693e-01,1.616416722536087036e-01,-9.494829922914505005e-02,-6.752597093582153320e-01,7.138528227806091309e-01,3.164189457893371582e-01,-6.165047883987426758e-01,-7.853145152330398560e-02,8.120017498731613159e-02,7.679027318954467773e-01,-5.032824873924255371e-01,-3.876933753490447998e-01,4.231080785393714905e-02,7.245537042617797852e-01,-3.190028667449951172e-01,-6.153639554977416992e-01,5.742793679237365723e-01,4.012508988380432129e-01,-6.851295232772827148e-01,-1.068115606904029846e-01,-5.789442062377929688e-01,-1.300828456878662109e-01,-2.304434217512607574e-02,4.301987290382385254e-01,7.455574870109558105e-01,2.353842109441757202e-01,-2.198395505547523499e-02,-6.486339867115020752e-02,1.101141795516014099e-01,-2.197254262864589691e-02,-3.591001331806182861e-01,1.694912165403366089e-01,8.714130520820617676e-02,7.958412766456604004e-01,-3.204648494720458984e-01,-5.956862866878509521e-02,3.846578598022460938e-01,4.142714142799377441e-01,3.891879320144653320e-02,-1.025499701499938965e-01,-2.184107713401317596e-02,-9.741757065057754517e-02,-1.272091120481491089e-01,2.075812518596649170e-01,-2.138042151927947998e-01,-6.734692454338073730e-01,6.851047277450561523e-01,-1.493829488754272461e-01,6.271526217460632324e-01,-1.276642084121704102e-01,2.228211462497711182e-01,-7.266091704368591309e-01,1.670883595943450928e-01,6.336240172386169434e-01,9.580602869391441345e-03,-8.041085600852966309e-01,3.156542479991912842e-01,7.192512750625610352e-01,-7.624571919441223145e-01,-3.879356663674116135e-03,5.940502285957336426e-01,-9.093633852899074554e-03,6.400107145309448242e-01,5.855223536491394043e-01,-1.595160365104675293e-01,-2.347969822585582733e-02,-4.833848178386688232e-01,-6.159936785697937012e-01,1.923400610685348511e-01,1.387517899274826050e-01,5.939681529998779297e-01,-3.698994815349578857e-01,6.747961044311523438e-01,7.599394768476486206e-02,-3.319675326347351074e-01,2.611839154269546270e-04,5.818449854850769043e-01,-5.888633728027343750e-01,2.904561758041381836e-01,-3.962814509868621826e-01,8.009595870971679688e-01,5.996490120887756348e-01,-8.084235787391662598e-01,-7.453583180904388428e-02,5.899310111999511719e-01,6.578810214996337891e-01,1.379159688949584961e-01,4.483840242028236389e-02,-5.556491613388061523e-01,4.618601799011230469e-01,7.225150465965270996e-01,1.893870532512664795e-02,-7.567095160484313965e-01,6.937739253044128418e-01,-3.918660581111907959e-01,-2.702695429325103760e-01,7.250484824180603027e-01,-3.260181844234466553e-01,-3.725910186767578125e-01,-6.436276435852050781e-01,-7.001628279685974121e-01,4.251236319541931152e-01,5.544185638427734375e-01,2.841982841491699219e-01,-6.675401329994201660e-02,-3.873216807842254639e-01
-1.156308054924011230e-01,7.053562998771667480e-02,-6.048786044120788574e-01,6.541941165924072266e-01,2.642630338668823242e-01,8.884248137474060059e-02,-1.365539580583572388e-01,2.151307165622711182e-01,1.828166544437408447e-01,2.898908555507659912e-01,-8.008278161287307739e-02,-3.045613169670104980e-01,4.167534708976745605e-01,3.753081858158111572e-01,5.854220986366271973e-01,5.264806747436523438e-01,1.035491563379764557e-02,2.918993234634399414e-01,-5.471450090408325195e-01,-3.033659458160400391e-01,-3.366101384162902832e-01,5.644658803939819336e-01,3.730247616767883301e-01,-1.267005652189254761e-01,7.953502237796783447e-02,4.628904461860656738e-01,-5.542104840278625488e-01,-8.899058401584625244e-02,4.079034626483917236e-01,2.125449329614639282e-01,-8.190785348415374756e-02,-6.809421777725219727e-01,5.206251740455627441e-01,2.737843692302703857e-01,-2.301561646163463593e-02,-5.694339871406555176e-01,2.517334222793579102e-01,4.806860685348510742e-01,-3.207146227359771729e-01,-4.042246043682098389e-01,5.487765669822692871e-01,1.081441938877105713e-01,4.570763111114501953e-01,9.804268926382064819e-02,-1.788459904491901398e-02,-2.274183928966522217e-01,-6.351319551467895508e-01,-2.156591862440109253e-01,-5.477971397340297699e-03,1.204005777835845947e-01,-7.911957055330276489e-02,5.741966515779495239e-02,3.349644541740417480e-01,-1.587096154689788818e-01,5.494260415434837341e-02,-6.240603923797607422e-01,2.807218432426452637e-01,4.552229866385459900e-02,-3.312848210334777832e-01,-3.810293376445770264e-01,-8.618273586034774780e-02,1.559421271085739136e-01,2.272566035389900208e-02,1.281820423901081085e-02,1.239845976233482361e-01,-1.710842698812484741e-01,2.074440121650695801e-01,4.895917177200317383e-01,-5.140992999076843262e-01,-9.237442282028496265e-04,-4.606960415840148926e-01,2.564894556999206543e-01,-2.557036876678466797e-01,6.247727870941162109e-01,-1.351347863674163818e-01,-5.114929080009460449e-01,-4.373876843601465225e-03,6.215063333511352539e-01,-4.257028698921203613e-01,-5.959193110466003418e-01,6.975983381271362305e-01,3.174655605107545853e-03,-3.970734179019927979e-01,9.281691163778305054e-03,-4.943041205406188965e-01,-4.369599819183349609e-01,-6.318306922912597656e-02,1.594996452331542969e-02,3.443442583084106445e-01,4.788625836372375488e-01,-1.329621076583862305e-01,-2.296528816223144531e-01,-5.845344066619873047e-01,4.138252139091491699e-01,-5.871645212173461914e-01,5.679106805473566055e-03,2.106393128633499146e-01,-1.942863018484786153e-04,-3.951045274734497070e-01,4.278710782527923584e-01,-1.552577465772628784e-01,1.411372274160385132e-01,-7.256100773811340332e-01,-4.609113335609436035e-01,6.761626005172729492e-01,1.759080886840820312e-01,-6.548239588737487793e-01,-5.344237089157104492e-01,5.027606151998043060e-03,-3.909136727452278137e-02,5.877034664154052734e-01,-4.800738990306854248e-01,-6.455829739570617676e-01,6.380886584520339966e-02,5.832201242446899414e-01,-5.436558723449707031e-01,1.844053864479064941e-01,2.180874794721603394e-01,-5.680939555168151855e-01,3.222954571247100830e-01,3.126872181892395020e-01,5.512366890907287598e-01,5.869948267936706543e-01,-3.850847184658050537e-01,-4.444093406200408936e-01,-2.631785273551940918e-01,4.790572822093963623e-02,3.193670809268951416e-01
1.313120424747467041e-01,5.986643210053443909e-02,-4.354601204395294189e-01,2.642630338668823242e-01,4.417933523654937744e-01,-1.000910773873329163e-01,-9.125901758670806885e-02,4.447491168975830078e-01,1.346081197261810303e-01,2.221798598766326904e-01,-1.861819648183882236e-03,-2.425106763839721680e-01,4.086093306541442871e-01,1.539539098739624023e-01,5.099940896034240723e-01,5.988674163818359375e-01,7.830496761016547680e-04,1.868497878313064575e-01,-2.398745268583297729e-01,-2.162317931652069092e-01,-3.040652954950928688e-03,3.829469382762908936e-01,1.611952632665634155e-01,-5.445497855544090271e-02,5.211593955755233765e-02,5.391370654106140137e-01,-5.226317048072814941e-01,-4.272335469722747803e-01,4.588595926761627197e-01,-7.466664165258407593e-02,-5.832388252019882202e-02,-4.538092315196990967e-01,1.693195700645446777e-01,2.282529622316360474e-01,-4.104740917682647705e-02,-5.348299741744995117e-01,1.935157626867294312e-01,3.911251127719879150e-01,-5.952731370925903320e-01,-2.959605753421783447e-01,5.007146596908569336e-01,7.353587448596954346e-02,4.008552134037017822e-01,8.981538563966751099e-02,1.084970086812973022e-01,-3.031786084175109863e-01,-4.968427717685699463e-01,-1.780922710895538330e-01,5.361114162951707840e-03,1.033792570233345032e-01,-1.084978505969047546e-01,-1.007623299956321716e-01,2.328425645828247070e-01,-1.015158370137214661e-01,-1.886033117771148682e-01,-6.385817527770996094e-01,2.031368613243103027e-01,3.862809762358665466e-02,-2.229924798011779785e-01,-2.354411631822586060e-01,2.625843696296215057e-02,-4.321956261992454529e-02,1.098336745053529739e-02,7.605045288801193237e-02,7.055234909057617188e-02,-1.211695894598960876e-01,1.220055446028709412e-01,5.647059082984924316e-01,-4.663742482662200928e-01,2.848560512065887451e-01,-4.666220843791961670e-01,5.319760646671056747e-03,-3.750437498092651367e-02,4.697965681552886963e-01,-1.335959583520889282e-01,-4.625051915645599365e-01,-8.445876650512218475e-03,5.815006494522094727e-01,-8.903598040342330933e-02,-4.545110762119293213e-01,4.428056776523590088e-01,2.347103552892804146e-03,-4.927358329296112061e-01,2.905928762629628181e-03,-5.434673428535461426e-01,-4.331276118755340576e-01,2.275897264480590820e-01,1.766034588217735291e-02,2.981253862380981445e-01,4.027861952781677246e-01,-1.955455243587493896e-01,3.954072669148445129e-02,-2.486418932676315308e-01,1.333397030830383301e-01,-3.918901979923248291e-01,-1.547441184520721436e-01,3.383941650390625000e-01,-1.784927881089970469e-04,-4.815273284912109375e-01,4.374911487102508545e-01,-2.397868037223815918e-01,4.009789824485778809e-01,-5.050295591354370117e-01,-3.935126066207885742e-01,4.930572509765625000e-01,-1.015907339751720428e-02,-1.971250772476196289e-01,-4.525421857833862305e-01,-2.406215518712997437e-01,-1.814627088606357574e-02,2.391585707664489746e-01,-9.672548621892929077e-02,-4.470511674880981445e-01,-1.713710725307464600e-01,6.237679719924926758e-01,-4.371838271617889404e-01,4.560835957527160645e-01,1.312709450721740723e-01,-5.592952370643615723e-01,1.515186131000518799e-01,2.446649372577667236e-01,3.733460605144500732e-01,4.767405986785888672e-01,-2.290461063385009766e-01,-3.367990255355834961e-01,-9.620624035596847534e-02,1.902121491730213165e-02,2.038898617029190063e-01
-1.495120376348495483e-01,-6.233789026737213135e-03,-2.081890124827623367e-03,8.884248137474060059e-02,-1.000910773873329163e-01,1.893882900476455688e-01,-1.750660687685012817e-02,-9.069301933050155640e-02,-1.195520833134651184e-01,-5.174805596470832825e-02,4.870763793587684631e-02,1.001065503805875778e-02,-5.381779745221138000e-02,6.661789119243621826e-02,-1.359792891889810562e-02,-8.508596569299697876e-02,1.655747299082577229e-03,-1.589563675224781036e-02,7.092337589710950851e-03,-1.874694786965847015e-02,6.124139949679374695e-02,4.053336381912231445e-02,6.916490197181701660e-02,-2.346513234078884125e-02,-7.761712186038494110e-03,-1.400618255138397217e-01,6.555730476975440979e-03,1.292478740215301514e-01,2.715851645916700363e-03,4.500612989068031311e-02,3.694698587059974670e-02,2.223143167793750763e-02,-2.361004054546356201e-02,5.581297725439071655e-02,1.634763320907950401e-03,3.485507890582084656e-02,-1.867773197591304779e-02,-4.675962030887603760e-02,1.228703260421752930e-01,5.021495278924703598e-03,-1.380840837955474854e-01,-2.029815688729286194e-02,2.313798107206821442e-02,-2.218381501734256744e-03,1.035673320293426514e-01,-1.463699806481599808e-02,3.244132176041603088e-02,1.883201114833354950e-02,-6.982377171516418457e-02,-5.362307280302047729e-02,7.285379618406295776e-02,-6.314421445131301880e-02,-7.099168002605438232e-02,-1.019868720322847366e-02,3.906901180744171143e-02,4.305798187851905823e-02,2.073879819363355637e-03,-1.196589553728699684e-03,4.291077330708503723e-02,2.660015597939491272e-03,1.345543749630451202e-02,2.524340897798538208e-02,1.020686235278844833e-03,-1.740101128816604614e-01,-2.714858204126358032e-02,1.539597753435373306e-02,6.161031499505043030e-02,-7.996417582035064697e-02,8.189310133457183838e-02,-8.483786880970001221e-02,7.956837862730026245e-02,-1.129242926836013794e-01,-7.663660682737827301e-03,-3.359445556998252869e-02,1.012747213244438171e-01,6.630848348140716553e-02,2.386074047535657883e-03,-4.783131554722785950e-02,-9.058298543095588684e-03,3.223901614546775818e-02,-2.263613045215606689e-02,4.790536331711336970e-05,8.347271382808685303e-02,-7.108361460268497467e-04,1.287236958742141724e-01,3.091751597821712494e-02,-1.174628362059593201e-01,-1.863807556219398975e-03,-6.568133085966110229e-02,-4.206671193242073059e-02,5.892134457826614380e-02,-3.055607341229915619e-02,-2.388020046055316925e-02,7.372632622718811035e-02,6.910867989063262939e-02,7.293169945478439331e-02,-4.008085280656814575e-02,2.839945591404102743e-05,4.513549804687500000e-02,-1.485468298196792603e-01,3.090379573404788971e-02,-1.801806688308715820e-01,2.018537744879722595e-02,4.547425359487533569e-02,-6.600513309240341187e-02,5.800423398613929749e-02,-2.501197718083858490e-02,1.226089987903833389e-02,1.709145903587341309e-01,2.114148112013936043e-03,4.685959219932556152e-02,-8.674804866313934326e-02,-6.051424890756607056e-03,9.975534677505493164e-02,-5.066862329840660095e-02,8.880352228879928589e-02,-9.562455117702484131e-02,2.453497797250747681e-02,8.710168302059173584e-02,5.681078415364027023e-03,1.106323208659887314e-02,-5.402021482586860657e-02,-5.898549407720565796e-02,-9.719499386847019196e-03,-5.230191722512245178e-02,6.526809185743331909e-03,4.418156109750270844e-03,-8.996513672173023224e-03
1.611616760492324829e-01,-2.848245017230510712e-02,1.414948999881744385e-01,-1.365539580583572388e-01,-9.125901758670806885e-02,-1.750660687685012817e-02,1.694550961256027222e-01,8.987237699329853058e-03,-6.746827065944671631e-02,-3.965708240866661072e-02,-9.912683814764022827e-02,9.350146353244781494e-02,-2.143675684928894043e-01,-7.659631222486495972e-02,-1.810919940471649170e-01,-2.254733443260192871e-01,-3.646264551207423210e-03,-9.825606644153594971e-02,9.725839644670486450e-02,7.095713168382644653e-02,-1.370829343795776367e-02,-2.124554514884948730e-01,-7.774077355861663818e-02,8.486021310091018677e-02,-1.996376179158687592e-02,-2.248142957687377930e-01,2.672340571880340576e-01,1.002456098794937134e-01,-1.206259876489639282e-01,-9.849053621292114258e-02,2.183545846492052078e-03,2.369193136692047119e-01,-6.875561922788619995e-02,-4.488117992877960205e-02,8.691860362887382507e-03,2.527178525924682617e-01,-8.912526816129684448e-02,-1.334739029407501221e-01,1.151202693581581116e-01,-2.748687751591205597e-02,-1.393359899520874023e-01,1.035285089164972305e-02,-2.281418442726135254e-01,-2.137401141226291656e-02,-1.074586436152458191e-01,1.614502072334289551e-01,1.389020234346389771e-01,3.464828431606292725e-02,4.527867212891578674e-02,-6.267816573381423950e-02,-9.785042144358158112e-03,-3.287312388420104980e-02,-3.078781766816973686e-03,4.751811549067497253e-02,1.208679098635911942e-02,2.062403112649917603e-01,-6.902720779180526733e-02,-1.380320079624652863e-02,8.123875409364700317e-02,9.444850683212280273e-02,-3.620386496186256409e-02,-2.061574347317218781e-02,-5.124676506966352463e-03,1.309477537870407104e-01,-4.767391458153724670e-02,5.735769495368003845e-02,-1.856785863637924194e-01,-1.760242432355880737e-01,1.545984447002410889e-01,-2.578811347484588623e-02,7.165602594614028931e-02,-1.436013914644718170e-02,7.364112883806228638e-02,-1.652206629514694214e-01,-6.790113169699907303e-03,1.047705337405204773e-01,3.201599931344389915e-03,-1.824018955230712891e-01,-4.727899096906185150e-03,2.049305588006973267e-01,-1.415602415800094604e-01,-9.906057966873049736e-04,6.912837922573089600e-02,-4.821831360459327698e-03,1.237677484750747681e-01,1.946610808372497559e-01,1.394648998975753784e-01,-7.275803480297327042e-03,-2.043827027082443237e-01,-1.316085457801818848e-01,-2.136906981468200684e-02,5.443195626139640808e-02,1.946930736303329468e-01,-1.928566247224807739e-01,1.192842125892639160e-01,-7.259671390056610107e-02,-1.753781177103519440e-02,3.001798177137970924e-05,1.861994862556457520e-01,-6.236662715673446655e-02,-4.527077544480562210e-03,-1.674580154940485954e-03,2.418384552001953125e-01,1.392231583595275879e-01,-1.739921569824218750e-01,1.821245104074478149e-01,1.299413740634918213e-01,2.690553069114685059e-01,-7.883461564779281616e-02,1.385831553488969803e-02,-2.221678942441940308e-01,3.858985751867294312e-02,2.365729659795761108e-01,6.480097770690917969e-02,-1.756391823291778564e-01,1.127884760499000549e-01,-8.550524711608886719e-02,-5.139492824673652649e-02,8.785206079483032227e-02,-8.609550446271896362e-02,-1.309538632631301880e-01,-1.057021915912628174e-01,-1.425455063581466675e-01,1.975574940443038940e-01,1.637012958526611328e-01,3.763402998447418213e-02,-1.917392946779727936e-02,-3.261144459247589111e-02
3.361946940422058105e-01,4.293036460876464844e-02,-3.864570260047912598e-01,2.151307165622711182e-01,4.447491168975830078e-01,-9.069301933050155640e-02,8.987237699329853058e-03,6.219597458839416504e-01,9.550823271274566650e-02,2.245892882347106934e-01,-5.086386948823928833e-02,-2.428074032068252563e-01,2.771636247634887695e-01,1.969237625598907471e-01,4.889802932739257812e-01,5.331344604492187500e-01,-8.126957691274583340e-04,9.252510219812393188e-02,-1.600766927003860474e-01,-2.048580646514892578e-01,2.731429040431976318e-02,3.331370949745178223e-01,1.329808086156845093e-01,-4.381379112601280212e-02,4.770836979150772095e-02,4.261052906513214111e-01,-3.888408243656158447e-01,-4.356072545051574707e-01,4.673691987991333008e-01,-1.576139479875564575e-01,-1.003145426511764526e-01,-3.422450423240661621e-01,7.645665109157562256e-02,3.052128255367279053e-01,-5.177837982773780823e-02,-4.531315863132476807e-01,1.563090234994888306e-01,3.618677258491516113e-01,-6.300573945045471191e-01,-4.522843062877655029e-01,4.548023939132690430e-01,9.615691006183624268e-02,2.587457895278930664e-01,9.623363614082336426e-02,1.338647156953811646e-01,-2.409109473228454590e-01,-4.727315306663513184e-01,-2.029289454221725464e-01,2.889242023229598999e-02,-3.963195160031318665e-02,-1.556714922189712524e-01,-1.951133310794830322e-01,3.092576861381530762e-01,-1.537331491708755493e-01,-2.440005540847778320e-01,-5.959338545799255371e-01,2.297696322202682495e-01,3.871710225939750671e-02,-1.046185493469238281e-01,-2.089503705501556396e-01,-7.309510372579097748e-03,-7.720955461263656616e-02,9.540572762489318848e-03,1.210755929350852966e-01,4.731937125325202942e-02,-9.134270250797271729e-02,-6.335676461458206177e-02,5.136140584945678711e-01,-4.528904855251312256e-01,3.075795769691467285e-01,-5.111117959022521973e-01,-6.772078573703765869e-02,7.351128850132226944e-03,4.529393613338470459e-01,-1.269323080778121948e-01,-4.364204704761505127e-01,-6.817090790718793869e-03,5.352126955986022949e-01,-1.256757378578186035e-01,-3.865634799003601074e-01,4.093748331069946289e-01,2.291251206770539284e-03,-5.315143465995788574e-01,-3.913927939720451832e-04,-5.355077981948852539e-01,-3.325514197349548340e-01,3.694736361503601074e-01,1.581359654664993286e-02,1.708460003137588501e-01,4.012762904167175293e-01,-2.451369613409042358e-01,1.392766535282135010e-01,-1.046376451849937439e-01,-8.427903056144714355e-03,-3.542788922786712646e-01,-2.822270095348358154e-01,3.783089220523834229e-01,-1.967657299246639013e-04,-4.594000875949859619e-01,4.606415331363677979e-01,-3.523093461990356445e-01,5.009344816207885742e-01,-3.989819884300231934e-01,-3.680597245693206787e-01,3.879043757915496826e-01,1.684303134679794312e-01,-6.452085822820663452e-02,-3.105998337268829346e-01,-3.251017332077026367e-01,-6.676017772406339645e-03,1.520896703004837036e-01,-8.127225190401077271e-02,-3.499797582626342773e-01,-1.050201132893562317e-01,5.795116424560546875e-01,-4.021877944469451904e-01,5.237651467323303223e-01,1.246474981307983398e-01,-6.022899150848388672e-01,1.078399047255516052e-01,1.451886296272277832e-01,3.666692674160003662e-01,4.278151690959930420e-01,-4.956893622875213623e-02,-3.354870975017547607e-01,-8.337299525737762451e-02,1.745256222784519196e-02,2.047477066516876221e-01
5.754388496279716492e-02,3.283580765128135681e-02,-2.396285533905029297e-01,1.828166544437408447e-01,1.346081197261810303e-01,-1.195520833134651184e-01,-6.746827065944671631e-02,9.550823271274566650e-02,2.384326457977294922e-01,1.658505946397781372e-01,-6.156545877456665039e-02,-1.336101889610290527e-01,2.185438275337219238e-01,1.262515932321548462e-01,2.439462840557098389e-01,2.858598530292510986e-01,3.905640216544270515e-03,9.140622615814208984e-02,-2.416696846485137939e-01,-1.117562055587768555e-01,-2.797720134258270264e-01,2.176473438739776611e-01,9.494852274656295776e-02,-6.862622499465942383e-02,4.362428933382034302e-02,3.220769762992858887e-01,-2.424190342426300049e-01,-9.667765349149703979e-02,1.231301575899124146e-01,9.190673381090164185e-02,-8.433415740728378296e-02,-3.630685806274414062e-01,2.609914541244506836e-01,6.287525594234466553e-02,-6.666748784482479095e-03,-2.807528376579284668e-01,1.206213682889938354e-01,2.306811362504959106e-01,-1.702784448862075806e-01,-1.518853753805160522e-01,3.462199568748474121e-01,5.624391511082649231e-02,1.393680721521377563e-01,3.509547561407089233e-02,-1.310943961143493652e-01,-7.617691159248352051e-02,-2.706146836280822754e-01,-8.774670958518981934e-02,7.153449207544326782e-02,3.591118752956390381e-02,-1.030060499906539917e-01,1.459238231182098389e-01,2.132259756326675415e-01,-7.713011652231216431e-02,3.000503778457641602e-02,-2.812030017375946045e-01,1.075430959463119507e-01,1.866305246949195862e-02,-1.409472525119781494e-01,-1.488985270261764526e-01,-6.644490361213684082e-02,8.138646185398101807e-02,9.038052521646022797e-03,1.558815836906433105e-01,8.375810086727142334e-02,-8.406613022089004517e-02,1.204144116491079330e-02,2.381936609745025635e-01,-3.031019270420074463e-01,8.078008890151977539e-03,-2.239686399698257446e-01,2.340059280395507812e-01,-1.463485360145568848e-01,2.978086769580841064e-01,-1.335947066545486450e-01,-2.324554175138473511e-01,-3.352727275341749191e-03,2.995949983596801758e-01,-1.704685539007186890e-01,-3.062826395034790039e-01,3.318964242935180664e-01,1.307875732891261578e-03,-1.849285960197448730e-01,6.279143504798412323e-03,-2.826555073261260986e-01,-1.676651984453201294e-01,2.886566706001758575e-02,7.201042957603931427e-03,2.364306896924972534e-01,2.305815368890762329e-01,-6.414326280355453491e-02,-9.650590270757675171e-02,-2.513552010059356689e-01,1.386278569698333740e-01,-3.117137551307678223e-01,-3.640232235193252563e-02,4.227535426616668701e-02,-9.652711014496162534e-05,-1.928751021623611450e-01,2.890961468219757080e-01,-7.963570952415466309e-02,2.037242501974105835e-01,-3.554635941982269287e-01,-2.201816588640213013e-01,3.603114783763885498e-01,-1.382593251764774323e-02,-2.878960371017456055e-01,-2.284042388200759888e-01,-9.734538942575454712e-02,-2.295794524252414703e-02,2.857664525508880615e-01,-1.551687270402908325e-01,-2.779861092567443848e-01,-1.231385394930839539e-02,2.310918569564819336e-01,-3.159244656562805176e-01,1.137043982744216919e-01,6.139600276947021484e-02,-2.867853045463562012e-01,1.411437839269638062e-01,7.612413167953491211e-02,2.920122742652893066e-01,2.859999537467956543e-01,-1.467672437429428101e-01,-1.571065485477447510e-01,-1.500848829746246338e-01,3.360707685351371765e-02,1.288829445838928223e-01
5.671701580286026001e-02,4.253925383090972900e-02,-3.723910748958587646e-01,2.898908555507659912e-01,2.221798598766326904e-01,-5.174805596470832825e-02,-3.965708240866661072e-02,2.245892882347106934e-01,1.658505946397781372e-01,2.097198665142059326e-01,-6.534593552350997925e-02,-1.845435500144958496e-01,2.884351015090942383e-01,1.752856820821762085e-01,3.625170886516571045e-01,3.905890882015228271e-01,2.751274732872843742e-03,1.307336986064910889e-01,-3.083065152168273926e-01,-1.840237975120544434e-01,-2.059070169925689697e-01,3.021812438964843750e-01,1.866855323314666748e-01,-7.226411998271942139e-02,5.073467642068862915e-02,3.769252896308898926e-01,-3.550536036491394043e-01,-1.586258113384246826e-01,3.031952381134033203e-01,2.912281267344951630e-02,-6.460481882095336914e-02,-4.258667230606079102e-01,2.815907895565032959e-01,1.854039132595062256e-01,-2.000114880502223969e-02,-3.785272240638732910e-01,1.567614525556564331e-01,3.154224157333374023e-01,-3.157520294189453125e-01,-2.417147308588027954e-01,4.013987183570861816e-01,6.846545636653900146e-02,2.467770725488662720e-01,6.434993445873260498e-02,-5.246911197900772095e-02,-1.819513142108917236e-01,-4.066790342330932617e-01,-1.239118352532386780e-01,4.623067751526832581e-02,1.558859553188085556e-02,-8.983426541090011597e-02,4.036996886134147644e-02,2.300239354372024536e-01,-8.901396393775939941e-02,-3.728678449988365173e-02,-4.399412274360656738e-01,1.600410640239715576e-01,2.915271930396556854e-02,-1.874437928199768066e-01,-2.041719406843185425e-01,-4.591875150799751282e-02,5.900097638368606567e-02,1.091419253498315811e-02,1.319617778062820435e-01,6.896901130676269531e-02,-1.034955084323883057e-01,4.271585494279861450e-02,3.532086610794067383e-01,-3.818690776824951172e-01,7.085200399160385132e-02,-3.471300601959228516e-01,1.190315037965774536e-01,-1.205869019031524658e-01,3.982078731060028076e-01,-1.192632094025611877e-01,-3.374167084693908691e-01,-4.655453842133283615e-03,4.506026506423950195e-01,-1.872026622295379639e-01,-3.868245780467987061e-01,4.380207657814025879e-01,1.892228145152330399e-03,-3.190261125564575195e-01,4.669803660362958908e-03,-3.654289543628692627e-01,-2.699894309043884277e-01,1.272059530019760132e-01,1.107468176633119583e-02,2.370334565639495850e-01,3.184869885444641113e-01,-1.159408688545227051e-01,-6.767528504133224487e-02,-2.900757193565368652e-01,1.465258002281188965e-01,-3.814440071582794189e-01,-7.174465060234069824e-02,1.611594259738922119e-01,-1.408998796250671148e-04,-2.858095169067382812e-01,3.514062464237213135e-01,-1.648827046155929565e-01,2.592031359672546387e-01,-4.452061057090759277e-01,-3.024721145629882812e-01,4.705330133438110352e-01,7.256425917148590088e-02,-3.244182169437408447e-01,-3.138600587844848633e-01,-1.222991719841957092e-01,-2.303008735179901123e-02,2.846575975418090820e-01,-2.332763373851776123e-01,-3.680127263069152832e-01,-3.636579494923353195e-04,4.052824974060058594e-01,-3.991516232490539551e-01,2.037082463502883911e-01,1.256616711616516113e-01,-4.255190789699554443e-01,1.638879179954528809e-01,1.518751978874206543e-01,3.572486042976379395e-01,3.840217292308807373e-01,-1.769064515829086304e-01,-2.580012381076812744e-01,-1.608138084411621094e-01,3.504539653658866882e-02,2.019181698560714722e-01
-1.447958797216415405e-01,3.263160353526473045e-03,4.731210693717002869e-02,-8.008278161287307739e-02,-1.861819648183882236e-03,4.870763793587684631e-02,-9.912683814764022827e-02,-5.086386948823928833e-02,-6.156545877456665039e-02,-6.534593552350997925e-02,1.565618366003036499e-01,6.345034111291170120e-03,7.498086243867874146e-02,-3.566516190767288208e-02,-1.559744030237197876e-02,4.017426446080207825e-02,-1.083369483239948750e-03,-1.891946606338024139e-02,1.030683219432830811e-01,7.313158828765153885e-03,2.085382938385009766e-01,2.891406975686550140e-02,-1.301936060190200806e-02,-5.502137541770935059e-02,-9.980423375964164734e-03,3.752918913960456848e-02,-9.121926128864288330e-02,-7.873097807168960571e-02,4.977287724614143372e-02,-1.579629816114902496e-02,5.305391550064086914e-02,2.757629938423633575e-02,-1.522143036127090454e-01,1.761581003665924072e-02,-7.237885612994432449e-03,-5.943453684449195862e-02,3.219882491976022720e-03,-2.768615819513797760e-02,-3.317556157708168030e-02,1.635932028293609619e-01,-1.008316427469253540e-01,-5.942364409565925598e-02,9.939426183700561523e-02,-4.300039261579513550e-03,1.848577558994293213e-01,-1.490776836872100830e-01,7.796737551689147949e-02,4.792732372879981995e-02,-6.685042381286621094e-02,-3.703811392188072205e-02,6.810206919908523560e-02,-5.183455348014831543e-02,-1.468875408172607422e-01,1.051650755107402802e-02,-7.142864912748336792e-02,-4.954000469297170639e-03,-2.042471058666706085e-02,6.961904000490903854e-04,4.914167895913124084e-02,3.983982652425765991e-02,8.818807452917098999e-02,-5.068250745534896851e-02,-3.535137744620442390e-03,-1.889435946941375732e-01,-1.699207350611686707e-02,5.516158416867256165e-03,1.222978904843330383e-01,8.404574356973171234e-03,2.360072545707225800e-02,3.807042166590690613e-02,7.604328542947769165e-02,-1.986011862754821777e-01,4.043653234839439392e-02,-5.639501661062240601e-02,9.878081083297729492e-02,7.775707542896270752e-02,-1.934307161718606949e-03,-1.685450412333011627e-02,1.895619779825210571e-01,8.393760770559310913e-03,-1.201442256569862366e-01,3.096722502959892154e-05,4.521242156624794006e-02,9.366492304252460599e-05,7.743971049785614014e-02,-5.924769490957260132e-02,-7.548025250434875488e-02,2.617512596771121025e-03,6.459953635931015015e-02,-2.335659787058830261e-02,7.295839488506317139e-02,5.896201729774475098e-02,2.505355328321456909e-02,4.100519418716430664e-02,1.089597120881080627e-01,6.284890323877334595e-02,-3.359655290842056274e-02,3.151542841806076467e-05,-6.772606819868087769e-02,-1.159773543477058411e-01,1.873337477445602417e-02,-4.966624453663825989e-02,3.658679872751235962e-02,1.366605889052152634e-02,-7.734355330467224121e-02,-2.257631123065948486e-01,1.479878276586532593e-01,-8.550260215997695923e-02,1.015503332018852234e-01,1.912614330649375916e-03,-1.535549294203519821e-02,1.011945083737373352e-01,-2.267088508233428001e-03,-5.365557968616485596e-02,-8.551577106118202209e-03,9.305320680141448975e-02,4.590757191181182861e-02,9.064769255928695202e-04,1.088090389966964722e-01,-3.844757378101348877e-02,3.812845423817634583e-02,-1.004812419414520264e-01,-7.166828215122222900e-02,-5.117718130350112915e-02,-5.325650796294212341e-02,6.523284316062927246e-02,7.954873144626617432e-03,-6.223351135849952698e-02
-1.533749327063560486e-02,-4.537698253989219666e-02,3.707156777381896973e-01,-3.045613169670104980e-01,-2.425106763839721680e-01,1.001065503805875778e-02,9.350146353244781494e-02,-2.428074032068252563e-01,-1.336101889610290527e-01,-1.845435500144958496e-01,6.345034111291170120e-03,2.026527523994445801e-01,-3.072542250156402588e-01,-2.033023685216903687e-01,-4.011672139167785645e-01,-4.293550252914428711e-01,-3.907138481736183167e-03,-1.372575014829635620e-01,2.663610279560089111e-01,1.891748011112213135e-01,1.226642429828643799e-01,-3.536479175090789795e-01,-1.894592344760894775e-01,9.318648278713226318e-02,-4.863177984952926636e-02,-3.843164145946502686e-01,4.059977233409881592e-01,1.957886815071105957e-01,-3.246414065361022949e-01,-4.692639037966728210e-02,5.975000932812690735e-02,4.356376230716705322e-01,-2.231812924146652222e-01,-2.019098252058029175e-01,2.579745277762413025e-02,4.270956814289093018e-01,-1.613584905862808228e-01,-3.155785202980041504e-01,3.428223431110382080e-01,2.436310052871704102e-01,-3.784737288951873779e-01,-5.723338574171066284e-02,-2.982720136642456055e-01,-6.741011142730712891e-02,-5.066779255867004395e-02,2.185623198747634888e-01,4.052532017230987549e-01,1.316733956336975098e-01,-4.144955426454544067e-03,-1.753360591828823090e-02,7.510258257389068604e-02,6.938266567885875702e-03,-2.043511420488357544e-01,1.105027049779891968e-01,6.229898706078529358e-02,4.756481051445007324e-01,-1.776137351989746094e-01,-3.132622316479682922e-02,1.607042849063873291e-01,2.100689560174942017e-01,1.997423171997070312e-02,-3.976022824645042419e-02,-1.145663671195507050e-02,-2.163293026387691498e-02,-7.007417827844619751e-02,1.037082523107528687e-01,-9.539838135242462158e-02,-3.803272843360900879e-01,3.801465928554534912e-01,-9.351394325494766235e-02,3.331991434097290039e-01,-6.100448966026306152e-02,1.128989607095718384e-01,-4.081247448921203613e-01,8.118935674428939819e-02,3.303689360618591309e-01,4.887999501079320908e-03,-4.571516513824462891e-01,1.560331881046295166e-01,4.037181437015533447e-01,-4.196084439754486084e-01,-2.072280505672097206e-03,3.141950368881225586e-01,-4.809125792235136032e-03,3.682805001735687256e-01,3.037363290786743164e-01,-6.363216042518615723e-02,-1.247124746441841125e-02,-2.503699362277984619e-01,-3.261238634586334229e-01,1.007781922817230225e-01,5.043621733784675598e-02,2.914136052131652832e-01,-1.887364089488983154e-01,3.509058356285095215e-01,5.979750677943229675e-02,-1.672153919935226440e-01,1.348744553979486227e-04,3.358393013477325439e-01,-3.128956556320190430e-01,1.646744310855865479e-01,-2.240771800279617310e-01,4.639185070991516113e-01,3.096376657485961914e-01,-4.345775842666625977e-01,-2.501344680786132812e-02,2.832325100898742676e-01,3.625312149524688721e-01,7.414083927869796753e-02,2.138128876686096191e-02,-3.213296234607696533e-01,1.996934115886688232e-01,4.016922116279602051e-01,2.114278264343738556e-02,-4.315437376499176025e-01,3.618359863758087158e-01,-2.479090541601181030e-01,-1.256871670484542847e-01,4.114802181720733643e-01,-1.646567434072494507e-01,-1.756000667810440063e-01,-3.371579349040985107e-01,-3.794236779212951660e-01,2.022275328636169434e-01,3.068995773792266846e-01,1.353003978729248047e-01,-3.489493206143379211e-02,-1.780343949794769287e-01
