9.999981522560119629e-01,-9.999983906745910645e-01,-9.999867677688598633e-01,9.999980926513671875e-01,9.999988675117492676e-01,-9.999986290931701660e-01,9.999951124191284180e-01,9.999989867210388184e-01,-9.999971985816955566e-01,9.999971985816955566e-01,-9.999981522560119629e-01,-9.999988079071044922e-01,9.999980926513671875e-01,9.999979734420776367e-01,9.999713897705078125e-01,9.999973773956298828e-01,9.999976754188537598e-01,-9.999985694885253906e-01,9.999912381172180176e-01,-9.999990463256835938e-01,-9.999988079071044922e-01,9.999858736991882324e-01,9.999982118606567383e-01,9.999984502792358398e-01,9.999893307685852051e-01,9.999989271163940430e-01,-9.999983906745910645e-01,-9.999988675117492676e-01,9.999781250953674316e-01,-9.999959468841552734e-01,-9.999943375587463379e-01,-9.999985098838806152e-01,9.999932050704956055e-01,9.999973177909851074e-01,-9.999966621398925781e-01,-9.999853372573852539e-01,9.999988675117492676e-01,9.999985098838806152e-01,9.999926090240478516e-01,-9.999988675117492676e-01,9.999984502792358398e-01,-9.999969005584716797e-01,9.999584555625915527e-01,9.999986886978149414e-01,9.999977350234985352e-01,9.999979138374328613e-01,9.999666213989257812e-01,9.999980330467224121e-01,9.999987483024597168e-01,-9.999985694885253906e-01,-9.999986290931701660e-01,-9.999975562095642090e-01,-9.999985694885253906e-01,-9.999909400939941406e-01,-9.999967813491821289e-01,-9.999979138374328613e-01,-9.999972581863403320e-01,9.998813271522521973e-01,9.999977946281433105e-01,9.999982714653015137e-01,-9.999974966049194336e-01,9.999988079071044922e-01,9.999980926513671875e-01,9.999948740005493164e-01,-9.999955892562866211e-01,-9.999987483024597168e-01,-9.999990463256835938e-01,-9.999945163726806641e-01,-9.999985694885253906e-01,9.999987483024597168e-01,-9.999986886978149414e-01,9.999979734420776367e-01,9.999963641166687012e-01,-9.999911785125732422e-01,-9.998793005943298340e-01,-9.999980330467224121e-01,9.999923110008239746e-01,9.999985694885253906e-01,-9.999921321868896484e-01,-9.999967813491821289e-01,-9.999606609344482422e-01,9.999974966049194336e-01,-9.999986886978149414e-01,9.999954104423522949e-01,-9.999982714653015137e-01,-9.999848008155822754e-01,9.999906420707702637e-01,9.999987483024597168e-01,9.995184540748596191e-01,9.999964833259582520e-01,-9.999979734420776367e-01,9.999983310699462891e-01,-9.999751448631286621e-01,-9.999980330467224121e-01,9.999985098838806152e-01,-9.999977946281433105e-01,-9.999912381172180176e-01,9.999989271163940430e-01,-9.999987483024597168e-01,9.999891519546508789e-01,-9.999970793724060059e-01,9.999985694885253906e-01,-9.999763965606689453e-01,-9.999725222587585449e-01,9.999983906745910645e-01,9.999969601631164551e-01,9.998592138290405273e-01,-9.999977350234985352e-01,-9.999942183494567871e-01,9.999985098838806152e-01,-9.999978542327880859e-01,9.999985098838806152e-01,-9.999979734420776367e-01,-9.999862313270568848e-01,9.999989271163940430e-01,-9.999982714653015137e-01,9.999987483024597168e-01,-9.999986290931701660e-01,-9.999939799308776855e-01,-9.999980926513671875e-01,-9.999987483024597168e-01,9.999956488609313965e-01,9.999985098838806152e-01,-9.999973773956298828e-01,-9.999117851257324219e-01,-9.999954104423522949e-01,9.999861717224121094e-01,-9.999973177909851074e-01
-9.999983906745910645e-01,9.999986290931701660e-01,9.999887943267822266e-01,-9.999983906745910645e-01,-9.999991059303283691e-01,9.999988675117492676e-01,-9.999958872795104980e-01,-9.999991655349731445e-01,9.999976158142089844e-01,-9.999976158142089844e-01,9.999984502792358398e-01,9.999991059303283691e-01,-9.999982714653015137e-01,-9.999983310699462891e-01,-9.999760389328002930e-01,-9.999978542327880859e-01,-9.999979734420776367e-01,9.999988079071044922e-01,-9.999927282333374023e-01,9.999992251396179199e-01,9.999991059303283691e-01,-9.999880194664001465e-01,-9.999985098838806152e-01,-9.999986290931701660e-01,-9.999909996986389160e-01,-9.999991655349731445e-01,9.999986886978149414e-01,9.999991059303283691e-01,-9.999816417694091797e-01,9.999965429306030273e-01,9.999951720237731934e-01,9.999987483024597168e-01,-9.999942779541015625e-01,-9.999977350234985352e-01,9.999972581863403320e-01,9.999876618385314941e-01,-9.999990463256835938e-01,-9.999987483024597168e-01,-9.999938011169433594e-01,9.999991059303283691e-01,-9.999987483024597168e-01,9.999973177909851074e-01,-9.999650716781616211e-01,-9.999989867210388184e-01,-9.999981522560119629e-01,-9.999983310699462891e-01,-9.999720454216003418e-01,-9.999983310699462891e-01,-9.999988675117492676e-01,9.999987483024597168e-01,9.999988079071044922e-01,9.999979734420776367e-01,9.999988079071044922e-01,9.999923706054687500e-01,9.999971985816955566e-01,9.999982118606567383e-01,9.999976754188537598e-01,-9.999001622200012207e-01,-9.999982118606567383e-01,-9.999986290931701660e-01,9.999979138374328613e-01,-9.999991059303283691e-01,-9.999983906745910645e-01,-9.999957084655761719e-01,9.999963045120239258e-01,9.999989271163940430e-01,9.999991655349731445e-01,9.999954104423522949e-01,9.999988675117492676e-01,-9.999989867210388184e-01,9.999988079071044922e-01,-9.999983310699462891e-01,-9.999969601631164551e-01,9.999925494194030762e-01,9.998985528945922852e-01,9.999983906745910645e-01,-9.999934434890747070e-01,-9.999988079071044922e-01,9.999933838844299316e-01,9.999973177909851074e-01,9.999669790267944336e-01,-9.999977946281433105e-01,9.999989867210388184e-01,-9.999960064888000488e-01,9.999985098838806152e-01,9.999872446060180664e-01,-9.999921917915344238e-01,-9.999990463256835938e-01,-9.995952844619750977e-01,-9.999970197677612305e-01,9.999982714653015137e-01,-9.999985098838806152e-01,9.999791383743286133e-01,9.999983310699462891e-01,-9.999987483024597168e-01,9.999982118606567383e-01,9.999927282333374023e-01,-9.999991059303283691e-01,9.999989271163940430e-01,-9.999908804893493652e-01,9.999974966049194336e-01,-9.999988675117492676e-01,9.999802112579345703e-01,9.999769330024719238e-01,-9.999987483024597168e-01,-9.999973773956298828e-01,-9.998816847801208496e-01,9.999980926513671875e-01,9.999952316284179688e-01,-9.999986886978149414e-01,9.999981522560119629e-01,-9.999987483024597168e-01,9.999983906745910645e-01,9.999884366989135742e-01,-9.999991655349731445e-01,9.999985694885253906e-01,-9.999989271163940430e-01,9.999988675117492676e-01,9.999949932098388672e-01,9.999983906745910645e-01,9.999989271163940430e-01,-9.999963045120239258e-01,-9.999987483024597168e-01,9.999977946281433105e-01,9.999257922172546387e-01,9.999960064888000488e-01,-9.999883770942687988e-01,9.999977350234985352e-01
-9.999867677688598633e-01,9.999887943267822266e-01,9.999030232429504395e-01,-9.999870657920837402e-01,-9.999917745590209961e-01,9.999903440475463867e-01,-9.999639987945556641e-01,-9.999924898147583008e-01,9.999796748161315918e-01,-9.999801516532897949e-01,9.999867081642150879e-01,9.999916553497314453e-01,-9.999860525131225586e-01,-9.999861717224121094e-01,-9.997905492782592773e-01,-9.999815821647644043e-01,-9.999827742576599121e-01,9.999898672103881836e-01,-9.999362230300903320e-01,9.999929070472717285e-01,9.999920129776000977e-01,-9.998963475227355957e-01,-9.999870657920837402e-01,-9.999887943267822266e-01,-9.999222159385681152e-01,-9.999925494194030762e-01,9.999888539314270020e-01,9.999918341636657715e-01,-9.998398423194885254e-01,9.999703168869018555e-01,9.999585747718811035e-01,9.999891519546508789e-01,-9.999500513076782227e-01,-9.999809265136718750e-01,9.999760389328002930e-01,9.998922348022460938e-01,-9.999924302101135254e-01,-9.999898672103881836e-01,-9.999465346336364746e-01,9.999917149543762207e-01,-9.999890923500061035e-01,9.999775886535644531e-01,-9.996965527534484863e-01,-9.999907016754150391e-01,-9.999839663505554199e-01,-9.999858140945434570e-01,-9.997558593750000000e-01,-9.999864101409912109e-01,-9.999909996986389160e-01,9.999895095825195312e-01,9.999904632568359375e-01,9.999827146530151367e-01,9.999904632568359375e-01,9.999335408210754395e-01,9.999765753746032715e-01,9.999856352806091309e-01,9.999800920486450195e-01,-9.991309642791748047e-01,-9.999839067459106445e-01,-9.999874830245971680e-01,9.999822974205017090e-01,-9.999920725822448730e-01,-9.999870657920837402e-01,-9.999624490737915039e-01,9.999681115150451660e-01,9.999911785125732422e-01,9.999924898147583008e-01,9.999603033065795898e-01,9.999904632568359375e-01,-9.999910593032836914e-01,9.999903440475463867e-01,-9.999855160713195801e-01,-9.999738931655883789e-01,9.999352097511291504e-01,9.991162419319152832e-01,9.999867081642150879e-01,-9.999433755874633789e-01,-9.999901056289672852e-01,9.999421834945678711e-01,9.999768733978271484e-01,9.997121095657348633e-01,-9.999818205833435059e-01,9.999911189079284668e-01,-9.999668598175048828e-01,9.999873638153076172e-01,9.998885989189147949e-01,-9.999319911003112793e-01,-9.999914765357971191e-01,-9.964815974235534668e-01,-9.999746084213256836e-01,9.999853968620300293e-01,-9.999877810478210449e-01,9.998182654380798340e-01,9.999856352806091309e-01,-9.999890923500061035e-01,9.999846816062927246e-01,9.999362826347351074e-01,-9.999921321868896484e-01,9.999909400939941406e-01,-9.999205470085144043e-01,9.999790787696838379e-01,-9.999904036521911621e-01,9.998272061347961426e-01,9.997983574867248535e-01,-9.999891519546508789e-01,-9.999782443046569824e-01,-9.989693164825439453e-01,9.999838471412658691e-01,9.999577403068542480e-01,-9.999892115592956543e-01,9.999849200248718262e-01,-9.999895095825195312e-01,9.999862313270568848e-01,9.998987913131713867e-01,-9.999926686286926270e-01,9.999876022338867188e-01,-9.999910593032836914e-01,9.999902844429016113e-01,9.999560117721557617e-01,9.999864697456359863e-01,9.999913573265075684e-01,-9.999682903289794922e-01,-9.999897480010986328e-01,9.999815225601196289e-01,9.993541240692138672e-01,9.999666810035705566e-01,-9.998990297317504883e-01,9.999812245368957520e-01
9.999980926513671875e-01,-9.999983906745910645e-01,-9.999870657920837402e-01,9.999982714653015137e-01,9.999988675117492676e-01,-9.999986886978149414e-01,9.999951720237731934e-01,9.999989867210388184e-01,-9.999972581863403320e-01,9.999973177909851074e-01,-9.999982118606567383e-01,-9.999988079071044922e-01,9.999980926513671875e-01,9.999980330467224121e-01,9.999721050262451172e-01,9.999974966049194336e-01,9.999976754188537598e-01,-9.999986290931701660e-01,9.999914169311523438e-01,-9.999989867210388184e-01,-9.999988675117492676e-01,9.999861717224121094e-01,9.999982714653015137e-01,9.999983906745910645e-01,9.999895691871643066e-01,9.999990463256835938e-01,-9.999985098838806152e-01,-9.999988675117492676e-01,9.999785423278808594e-01,-9.999959468841552734e-01,-9.999944567680358887e-01,-9.999985098838806152e-01,9.999933242797851562e-01,9.999974370002746582e-01,-9.999967217445373535e-01,-9.999856352806091309e-01,9.999989867210388184e-01,9.999985694885253906e-01,9.999928474426269531e-01,-9.999988675117492676e-01,9.999985098838806152e-01,-9.999969601631164551e-01,9.999593496322631836e-01,9.999987483024597168e-01,9.999978542327880859e-01,9.999979734420776367e-01,9.999673366546630859e-01,9.999980330467224121e-01,9.999986886978149414e-01,-9.999985694885253906e-01,-9.999986886978149414e-01,-9.999976754188537598e-01,-9.999986290931701660e-01,-9.999911189079284668e-01,-9.999968409538269043e-01,-9.999979138374328613e-01,-9.999971985816955566e-01,9.998838901519775391e-01,9.999977946281433105e-01,9.999983310699462891e-01,-9.999975562095642090e-01,9.999989271163940430e-01,9.999981522560119629e-01,9.999950528144836426e-01,-9.999956488609313965e-01,-9.999987483024597168e-01,-9.999990463256835938e-01,-9.999946355819702148e-01,-9.999986886978149414e-01,9.999988079071044922e-01,-9.999986886978149414e-01,9.999980330467224121e-01,9.999964833259582520e-01,-9.999913573265075684e-01,-9.998818635940551758e-01,-9.999980926513671875e-01,9.999924302101135254e-01,9.999985694885253906e-01,-9.999923110008239746e-01,-9.999968409538269043e-01,-9.999615550041198730e-01,9.999974966049194336e-01,-9.999988079071044922e-01,9.999955892562866211e-01,-9.999982714653015137e-01,-9.999851584434509277e-01,9.999909400939941406e-01,9.999988079071044922e-01,9.995288252830505371e-01,9.999965429306030273e-01,-9.999980330467224121e-01,9.999982714653015137e-01,-9.999756813049316406e-01,-9.999980330467224121e-01,9.999985098838806152e-01,-9.999978542327880859e-01,-9.999914765357971191e-01,9.999988675117492676e-01,-9.999987483024597168e-01,9.999893903732299805e-01,-9.999971389770507812e-01,9.999986886978149414e-01,-9.999768733978271484e-01,-9.999731183052062988e-01,9.999985098838806152e-01,9.999970793724060059e-01,9.998622536659240723e-01,-9.999977946281433105e-01,-9.999943375587463379e-01,9.999985098838806152e-01,-9.999979734420776367e-01,9.999985694885253906e-01,-9.999981522560119629e-01,-9.999865293502807617e-01,9.999989271163940430e-01,-9.999982118606567383e-01,9.999988079071044922e-01,-9.999986886978149414e-01,-9.999941587448120117e-01,-9.999981522560119629e-01,-9.999987483024597168e-01,9.999957680702209473e-01,9.999985098838806152e-01,-9.999974370002746582e-01,-9.999136924743652344e-01,-9.999955296516418457e-01,9.999865293502807617e-01,-9.999973773956298828e-01
9.999988675117492676e-01,-9.999991059303283691e-01,-9.999917745590209961e-01,9.999988675117492676e-01,9.999993443489074707e-01,-9.999992251396179199e-01,9.999969005584716797e-01,9.999994635581970215e-01,-9.999982714653015137e-01,9.999983906745910645e-01,-9.999989271163940430e-01,-9.999993443489074707e-01,9.999988079071044922e-01,9.999988079071044922e-01,9.999822378158569336e-01,9.999983906745910645e-01,9.999986290931701660e-01,-9.999991655349731445e-01,9.999945759773254395e-01,-9.999994039535522461e-01,-9.999993443489074707e-01,9.999911785125732422e-01,9.999989271163940430e-01,9.999992251396179199e-01,9.999933838844299316e-01,9.999994039535522461e-01,-9.999991059303283691e-01,-9.999993443489074707e-01,9.999864101409912109e-01,-9.999974966049194336e-01,-9.999965429306030273e-01,-9.999992251396179199e-01,9.999958276748657227e-01,9.999982714653015137e-01,-9.999979734420776367e-01,-9.999909400939941406e-01,9.999994635581970215e-01,9.999991655349731445e-01,9.999954700469970703e-01,-9.999994039535522461e-01,9.999991059303283691e-01,-9.999980926513671875e-01,9.999742507934570312e-01,9.999992251396179199e-01,9.999986290931701660e-01,9.999988675117492676e-01,9.999792575836181641e-01,9.999988079071044922e-01,9.999992847442626953e-01,-9.999991655349731445e-01,-9.999992251396179199e-01,-9.999985098838806152e-01,-9.999992251396179199e-01,-9.999943375587463379e-01,-9.999979734420776367e-01,-9.999987483024597168e-01,-9.999982714653015137e-01,9.999260306358337402e-01,9.999986886978149414e-01,9.999989867210388184e-01,-9.999984502792358398e-01,9.999993443489074707e-01,9.999988675117492676e-01,9.999967813491821289e-01,-9.999972581863403320e-01,-9.999993443489074707e-01,-9.999994635581970215e-01,-9.999966025352478027e-01,-9.999992251396179199e-01,9.999992847442626953e-01,-9.999992251396179199e-01,9.999987483024597168e-01,9.999977350234985352e-01,-9.999945759773254395e-01,-9.999248385429382324e-01,-9.999988675117492676e-01,9.999951720237731934e-01,9.999991059303283691e-01,-9.999951124191284180e-01,-9.999980926513671875e-01,-9.999756217002868652e-01,9.999984502792358398e-01,-9.999992847442626953e-01,9.999971389770507812e-01,-9.999989867210388184e-01,-9.999905228614807129e-01,9.999942183494567871e-01,9.999992847442626953e-01,9.996998906135559082e-01,9.999978542327880859e-01,-9.999987483024597168e-01,9.999989271163940430e-01,-9.999844431877136230e-01,-9.999988079071044922e-01,9.999992251396179199e-01,-9.999986886978149414e-01,-9.999946951866149902e-01,9.999994635581970215e-01,-9.999993443489074707e-01,9.999933838844299316e-01,-9.999983310699462891e-01,9.999992251396179199e-01,-9.999853372573852539e-01,-9.999829530715942383e-01,9.999991059303283691e-01,9.999981522560119629e-01,9.999123215675354004e-01,-9.999986886978149414e-01,-9.999964833259582520e-01,9.999991059303283691e-01,-9.999986886978149414e-01,9.999992251396179199e-01,-9.999988079071044922e-01,-9.999914169311523438e-01,9.999994039535522461e-01,-9.999989271163940430e-01,9.999993443489074707e-01,-9.999992847442626953e-01,-9.999963045120239258e-01,-9.999988675117492676e-01,-9.999992847442626953e-01,9.999973177909851074e-01,9.999991655349731445e-01,-9.999983906745910645e-01,-9.999450445175170898e-01,-9.999971389770507812e-01,9.999914169311523438e-01,-9.999983906745910645e-01
-9.999986290931701660e-01,9.999988675117492676e-01,9.999903440475463867e-01,-9.999986886978149414e-01,-9.999992251396179199e-01,9.999991655349731445e-01,-9.999964237213134766e-01,-9.999993443489074707e-01,9.999979138374328613e-01,-9.999979734420776367e-01,9.999987483024597168e-01,9.999992847442626953e-01,-9.999985694885253906e-01,-9.999986290931701660e-01,-9.999790191650390625e-01,-9.999981522560119629e-01,-9.999982714653015137e-01,9.999990463256835938e-01,-9.999936223030090332e-01,9.999994039535522461e-01,9.999992251396179199e-01,-9.999896883964538574e-01,-9.999987483024597168e-01,-9.999989271163940430e-01,-9.999921917915344238e-01,-9.999992847442626953e-01,9.999989271163940430e-01,9.999992251396179199e-01,-9.999840259552001953e-01,9.999969601631164551e-01,9.999958872795104980e-01,9.999988675117492676e-01,-9.999950528144836426e-01,-9.999980330467224121e-01,9.999976754188537598e-01,9.999892711639404297e-01,-9.999992847442626953e-01,-9.999989867210388184e-01,-9.999946355819702148e-01,9.999992847442626953e-01,-9.999988675117492676e-01,9.999977946281433105e-01,-9.999696016311645508e-01,-9.999992251396179199e-01,-9.999983906745910645e-01,-9.999985694885253906e-01,-9.999755024909973145e-01,-9.999986290931701660e-01,-9.999991655349731445e-01,9.999989867210388184e-01,9.999991059303283691e-01,9.999982118606567383e-01,9.999991059303283691e-01,9.999934434890747070e-01,9.999976158142089844e-01,9.999985098838806152e-01,9.999979734420776367e-01,-9.999127388000488281e-01,-9.999984502792358398e-01,-9.999988079071044922e-01,9.999982118606567383e-01,-9.999992251396179199e-01,-9.999986886978149414e-01,-9.999963045120239258e-01,9.999968409538269043e-01,9.999991655349731445e-01,9.999993443489074707e-01,9.999959468841552734e-01,9.999991059303283691e-01,-9.999992251396179199e-01,9.999990463256835938e-01,-9.999986290931701660e-01,-9.999973177909851074e-01,9.999935030937194824e-01,9.999112486839294434e-01,9.999986290931701660e-01,-9.999943375587463379e-01,-9.999990463256835938e-01,9.999942183494567871e-01,9.999977350234985352e-01,9.999712109565734863e-01,-9.999982714653015137e-01,9.999992847442626953e-01,-9.999966025352478027e-01,9.999988079071044922e-01,9.999888539314270020e-01,-9.999932050704956055e-01,-9.999991655349731445e-01,-9.996456503868103027e-01,-9.999974966049194336e-01,9.999985694885253906e-01,-9.999987483024597168e-01,9.999817609786987305e-01,9.999985098838806152e-01,-9.999989271163940430e-01,9.999984502792358398e-01,9.999936223030090332e-01,-9.999992251396179199e-01,9.999992251396179199e-01,-9.999921321868896484e-01,9.999979138374328613e-01,-9.999991655349731445e-01,9.999826550483703613e-01,9.999798536300659180e-01,-9.999988675117492676e-01,-9.999977946281433105e-01,-9.998964071273803711e-01,9.999984502792358398e-01,9.999958276748657227e-01,-9.999989271163940430e-01,9.999984502792358398e-01,-9.999989867210388184e-01,9.999985694885253906e-01,9.999898672103881836e-01,-9.999994039535522461e-01,9.999988079071044922e-01,-9.999992251396179199e-01,9.999991655349731445e-01,9.999956488609313965e-01,9.999986886978149414e-01,9.999991655349731445e-01,-9.999968409538269043e-01,-9.999989271163940430e-01,9.999981522560119629e-01,9.999350905418395996e-01,9.999966025352478027e-01,-9.999898672103881836e-01,9.999980926513671875e-01
9.999951124191284180e-01,-9.999958872795104980e-01,-9.999639987945556641e-01,9.999951720237731934e-01,9.999969005584716797e-01,-9.999964237213134766e-01,9.999867677688598633e-01,9.999972581863403320e-01,-9.999924302101135254e-01,9.999927282333374023e-01,-9.999951720237731934e-01,-9.999969601631164551e-01,9.999948143959045410e-01,9.999949336051940918e-01,9.999222159385681152e-01,9.999931454658508301e-01,9.999936819076538086e-01,-9.999963045120239258e-01,9.999764561653137207e-01,-9.999973177909851074e-01,-9.999969601631164551e-01,9.999615550041198730e-01,9.999952316284179688e-01,9.999958872795104980e-01,9.999711513519287109e-01,9.999971985816955566e-01,-9.999959468841552734e-01,-9.999970197677612305e-01,9.999405145645141602e-01,-9.999889135360717773e-01,-9.999846220016479492e-01,-9.999960064888000488e-01,9.999815821647644043e-01,9.999929070472717285e-01,-9.999911189079284668e-01,-9.999600648880004883e-01,9.999971389770507812e-01,9.999961853027343750e-01,9.999802112579345703e-01,-9.999969601631164551e-01,9.999959468841552734e-01,-9.999916553497314453e-01,9.998872876167297363e-01,9.999965429306030273e-01,9.999940395355224609e-01,9.999947547912597656e-01,9.999092221260070801e-01,9.999949336051940918e-01,9.999966025352478027e-01,-9.999961256980895996e-01,-9.999965429306030273e-01,-9.999935626983642578e-01,-9.999964833259582520e-01,-9.999754428863525391e-01,-9.999913573265075684e-01,-9.999946951866149902e-01,-9.999927282333374023e-01,9.996771216392517090e-01,9.999940991401672363e-01,9.999954700469970703e-01,-9.999934434890747070e-01,9.999970793724060059e-01,9.999951720237731934e-01,9.999861717224121094e-01,-9.999882578849792480e-01,-9.999967813491821289e-01,-9.999972581863403320e-01,-9.999853372573852539e-01,-9.999963641166687012e-01,9.999967217445373535e-01,-9.999964833259582520e-01,9.999946355819702148e-01,9.999904036521911621e-01,-9.999760389328002930e-01,-9.996716380119323730e-01,-9.999950528144836426e-01,9.999790191650390625e-01,9.999963045120239258e-01,-9.999785423278808594e-01,-9.999914765357971191e-01,-9.998931288719177246e-01,9.999932050704956055e-01,-9.999967813491821289e-01,9.999877214431762695e-01,-9.999953508377075195e-01,-9.999586939811706543e-01,9.999747872352600098e-01,9.999967813491821289e-01,9.986906647682189941e-01,9.999906420707702637e-01,-9.999945759773254395e-01,9.999954700469970703e-01,-9.999324083328247070e-01,-9.999946951866149902e-01,9.999960064888000488e-01,-9.999943375587463379e-01,-9.999764561653137207e-01,9.999971389770507812e-01,-9.999966621398925781e-01,9.999705553054809570e-01,-9.999922513961791992e-01,9.999963641166687012e-01,-9.999358654022216797e-01,-9.999251365661621094e-01,9.999960064888000488e-01,9.999920129776000977e-01,9.996170401573181152e-01,-9.999940991401672363e-01,-9.999843239784240723e-01,9.999960064888000488e-01,-9.999944567680358887e-01,9.999961256980895996e-01,-9.999948740005493164e-01,-9.999624490737915039e-01,9.999973177909851074e-01,-9.999954700469970703e-01,9.999967217445373535e-01,-9.999964833259582520e-01,-9.999837279319763184e-01,-9.999949932098388672e-01,-9.999967217445373535e-01,9.999881982803344727e-01,9.999961256980895996e-01,-9.999931454658508301e-01,-9.997602701187133789e-01,-9.999876618385314941e-01,9.999625682830810547e-01,-9.999931454658508301e-01
9.999989867210388184e-01,-9.999991655349731445e-01,-9.999924898147583008e-01,9.999989867210388184e-01,9.999994635581970215e-01,-9.999993443489074707e-01,9.999972581863403320e-01,9.999994635581970215e-01,-9.999983906745910645e-01,9.999984502792358398e-01,-9.999990463256835938e-01,-9.999994039535522461e-01,9.999989271163940430e-01,9.999989271163940430e-01,9.999837279319763184e-01,9.999985694885253906e-01,9.999987483024597168e-01,-9.999992251396179199e-01,9.999950528144836426e-01,-9.999994635581970215e-01,-9.999994039535522461e-01,9.999920725822448730e-01,9.999990463256835938e-01,9.999991655349731445e-01,9.999939799308776855e-01,9.999994635581970215e-01,-9.999991655349731445e-01,-9.999994039535522461e-01,9.999876022338867188e-01,-9.999976754188537598e-01,-9.999967217445373535e-01,-9.999992251396179199e-01,9.999960660934448242e-01,9.999983906745910645e-01,-9.999980926513671875e-01,-9.999916553497314453e-01,9.999994635581970215e-01,9.999992251396179199e-01,9.999958872795104980e-01,-9.999994039535522461e-01,9.999992847442626953e-01,-9.999982118606567383e-01,9.999764561653137207e-01,9.999992847442626953e-01,9.999987483024597168e-01,9.999988675117492676e-01,9.999810457229614258e-01,9.999989271163940430e-01,9.999993443489074707e-01,-9.999993443489074707e-01,-9.999992847442626953e-01,-9.999986290931701660e-01,-9.999992251396179199e-01,-9.999949336051940918e-01,-9.999982714653015137e-01,-9.999988675117492676e-01,-9.999984502792358398e-01,9.999325275421142578e-01,9.999987483024597168e-01,9.999990463256835938e-01,-9.999986290931701660e-01,9.999994039535522461e-01,9.999989867210388184e-01,9.999971389770507812e-01,-9.999974966049194336e-01,-9.999993443489074707e-01,-9.999994635581970215e-01,-9.999969005584716797e-01,-9.999992847442626953e-01,9.999993443489074707e-01,-9.999992847442626953e-01,9.999988675117492676e-01,9.999979734420776367e-01,-9.999949932098388672e-01,-9.999314546585083008e-01,-9.999988675117492676e-01,9.999956488609313965e-01,9.999992847442626953e-01,-9.999955296516418457e-01,-9.999981522560119629e-01,-9.999777078628540039e-01,9.999986290931701660e-01,-9.999994039535522461e-01,9.999973773956298828e-01,-9.999990463256835938e-01,-9.999914765357971191e-01,9.999946355819702148e-01,9.999993443489074707e-01,9.997265338897705078e-01,9.999979734420776367e-01,-9.999989271163940430e-01,9.999991059303283691e-01,-9.999859333038330078e-01,-9.999988675117492676e-01,9.999991655349731445e-01,-9.999988079071044922e-01,-9.999951720237731934e-01,9.999994039535522461e-01,-9.999994039535522461e-01,9.999938607215881348e-01,-9.999983310699462891e-01,9.999992847442626953e-01,-9.999866485595703125e-01,-9.999843835830688477e-01,9.999992251396179199e-01,9.999982714653015137e-01,9.999200701713562012e-01,-9.999987483024597168e-01,-9.999966621398925781e-01,9.999992251396179199e-01,-9.999988079071044922e-01,9.999992251396179199e-01,-9.999988675117492676e-01,-9.999921917915344238e-01,9.999994635581970215e-01,-9.999991059303283691e-01,9.999994039535522461e-01,-9.999992847442626953e-01,-9.999965429306030273e-01,-9.999989271163940430e-01,-9.999993443489074707e-01,9.999974966049194336e-01,9.999992251396179199e-01,-9.999984502792358398e-01,-9.999499320983886719e-01,-9.999973773956298828e-01,9.999921917915344238e-01,-9.999984502792358398e-01
-9.999971985816955566e-01,9.999976158142089844e-01,9.999796748161315918e-01,-9.999972581863403320e-01,-9.999982714653015137e-01,9.999979138374328613e-01,-9.999924302101135254e-01,-9.999983906745910645e-01,9.999956488609313965e-01,-9.999957680702209473e-01,9.999971985816955566e-01,9.999982118606567383e-01,-9.999969601631164551e-01,-9.999970197677612305e-01,-9.999560713768005371e-01,-9.999960660934448242e-01,-9.999964237213134766e-01,9.999977946281433105e-01,-9.999866485595703125e-01,9.999983906745910645e-01,9.999982118606567383e-01,-9.999783039093017578e-01,-9.999972581863403320e-01,-9.999975562095642090e-01,-9.999836683273315430e-01,-9.999983310699462891e-01,9.999975562095642090e-01,9.999982714653015137e-01,-9.999663233757019043e-01,9.999937415122985840e-01,9.999912977218627930e-01,9.999976754188537598e-01,-9.999895691871643066e-01,-9.999958276748657227e-01,9.999949336051940918e-01,9.999774098396301270e-01,-9.999983906745910645e-01,-9.999977946281433105e-01,-9.999887943267822266e-01,9.999982118606567383e-01,-9.999976754188537598e-01,9.999952316284179688e-01,-9.999362230300903320e-01,-9.999979734420776367e-01,-9.999964833259582520e-01,-9.999969005584716797e-01,-9.999487400054931641e-01,-9.999970793724060059e-01,-9.999979734420776367e-01,9.999977350234985352e-01,9.999979734420776367e-01,9.999963045120239258e-01,9.999979138374328613e-01,9.999861717224121094e-01,9.999949932098388672e-01,9.999969601631164551e-01,9.999957680702209473e-01,-9.998175501823425293e-01,-9.999965429306030273e-01,-9.999973177909851074e-01,9.999962449073791504e-01,-9.999983310699462891e-01,-9.999971389770507812e-01,-9.999921321868896484e-01,9.999932050704956055e-01,9.999980926513671875e-01,9.999983906745910645e-01,9.999916553497314453e-01,9.999979734420776367e-01,-9.999980926513671875e-01,9.999978542327880859e-01,-9.999968409538269043e-01,-9.999944567680358887e-01,9.999864101409912109e-01,9.998145103454589844e-01,9.999970793724060059e-01,-9.999881386756896973e-01,-9.999978542327880859e-01,9.999877810478210449e-01,9.999951720237731934e-01,9.999395608901977539e-01,-9.999961256980895996e-01,9.999980926513671875e-01,-9.999929666519165039e-01,9.999973177909851074e-01,9.999766945838928223e-01,-9.999857544898986816e-01,-9.999982118606567383e-01,-9.992598295211791992e-01,-9.999946951866149902e-01,9.999969005584716797e-01,-9.999973177909851074e-01,9.999617934226989746e-01,9.999968409538269043e-01,-9.999976754188537598e-01,9.999967217445373535e-01,9.999866485595703125e-01,-9.999982118606567383e-01,9.999980926513671875e-01,-9.999833703041076660e-01,9.999955892562866211e-01,-9.999979734420776367e-01,9.999636411666870117e-01,9.999577403068542480e-01,-9.999976158142089844e-01,-9.999953508377075195e-01,-9.997836351394653320e-01,9.999966621398925781e-01,9.999911189079284668e-01,-9.999976158142089844e-01,9.999967217445373535e-01,-9.999977350234985352e-01,9.999969601631164551e-01,9.999787211418151855e-01,-9.999984502792358398e-01,9.999972581863403320e-01,-9.999980926513671875e-01,9.999979138374328613e-01,9.999907612800598145e-01,9.999970793724060059e-01,9.999980330467224121e-01,-9.999933242797851562e-01,-9.999977350234985352e-01,9.999959468841552734e-01,9.998644590377807617e-01,9.999929070472717285e-01,-9.999787807464599609e-01,9.999960064888000488e-01
9.999971985816955566e-01,-9.999976158142089844e-01,-9.999801516532897949e-01,9.999973177909851074e-01,9.999983906745910645e-01,-9.999979734420776367e-01,9.999927282333374023e-01,9.999984502792358398e-01,-9.999957680702209473e-01,9.999958872795104980e-01,-9.999972581863403320e-01,-9.999982714653015137e-01,9.999970197677612305e-01,9.999971389770507812e-01,9.999569654464721680e-01,9.999961853027343750e-01,9.999964237213134766e-01,-9.999979138374328613e-01,9.999869465827941895e-01,-9.999985098838806152e-01,-9.999983310699462891e-01,9.999787807464599609e-01,9.999973177909851074e-01,9.999976754188537598e-01,9.999840855598449707e-01,9.999984502792358398e-01,-9.999976158142089844e-01,-9.999982118606567383e-01,9.999671578407287598e-01,-9.999938011169433594e-01,-9.999914765357971191e-01,-9.999977350234985352e-01,9.999898076057434082e-01,9.999960660934448242e-01,-9.999951720237731934e-01,-9.999779462814331055e-01,9.999984502792358398e-01,9.999978542327880859e-01,9.999890327453613281e-01,-9.999982714653015137e-01,9.999977350234985352e-01,-9.999953508377075195e-01,9.999376535415649414e-01,9.999980330467224121e-01,9.999966621398925781e-01,9.999970197677612305e-01,9.999498128890991211e-01,9.999970793724060059e-01,9.999981522560119629e-01,-9.999977946281433105e-01,-9.999980330467224121e-01,-9.999963045120239258e-01,-9.999979138374328613e-01,-9.999864101409912109e-01,-9.999951124191284180e-01,-9.999970197677612305e-01,-9.999958872795104980e-01,9.998216629028320312e-01,9.999967217445373535e-01,9.999973773956298828e-01,-9.999963045120239258e-01,9.999983310699462891e-01,9.999972581863403320e-01,9.999923110008239746e-01,-9.999934434890747070e-01,-9.999981522560119629e-01,-9.999984502792358398e-01,-9.999918341636657715e-01,-9.999980330467224121e-01,9.999981522560119629e-01,-9.999979734420776367e-01,9.999969601631164551e-01,9.999946355819702148e-01,-9.999868273735046387e-01,-9.998187422752380371e-01,-9.999971389770507812e-01,9.999884366989135742e-01,9.999979138374328613e-01,-9.999880790710449219e-01,-9.999952316284179688e-01,-9.999409317970275879e-01,9.999961853027343750e-01,-9.999981522560119629e-01,9.999932050704956055e-01,-9.999973773956298828e-01,-9.999772310256958008e-01,9.999859929084777832e-01,9.999982118606567383e-01,9.992765784263610840e-01,9.999948143959045410e-01,-9.999968409538269043e-01,9.999973773956298828e-01,-9.999626278877258301e-01,-9.999969005584716797e-01,9.999977350234985352e-01,-9.999968409538269043e-01,-9.999869465827941895e-01,9.999983310699462891e-01,-9.999980926513671875e-01,9.999837875366210938e-01,-9.999957084655761719e-01,9.999979734420776367e-01,-9.999644756317138672e-01,-9.999586343765258789e-01,9.999977350234985352e-01,9.999955296516418457e-01,9.997884631156921387e-01,-9.999966025352478027e-01,-9.999913573265075684e-01,9.999976754188537598e-01,-9.999967813491821289e-01,9.999977946281433105e-01,-9.999970793724060059e-01,-9.999793171882629395e-01,9.999984502792358398e-01,-9.999974370002746582e-01,9.999981522560119629e-01,-9.999979734420776367e-01,-9.999909996986389160e-01,-9.999970793724060059e-01,-9.999980926513671875e-01,9.999935030937194824e-01,9.999977946281433105e-01,-9.999960660934448242e-01,-9.998674988746643066e-01,-9.999932050704956055e-01,9.999793171882629395e-01,-9.999960660934448242e-01
-9.999981522560119629e-01,9.999984502792358398e-01,9.999867081642150879e-01,-9.999982118606567383e-01,-9.999989271163940430e-01,9.999987483024597168e-01,-9.999951720237731934e-01,-9.999990463256835938e-01,9.999971985816955566e-01,-9.999972581863403320e-01,9.999981522560119629e-01,9.999988675117492676e-01,-9.999980330467224121e-01,-9.999980926513671875e-01,-9.999712109565734863e-01,-9.999974966049194336e-01,-9.999976754188537598e-01,9.999986886978149414e-01,-9.999912977218627930e-01,9.999991655349731445e-01,9.999988675117492676e-01,-9.999859333038330078e-01,-9.999983310699462891e-01,-9.999984502792358398e-01,-9.999893307685852051e-01,-9.999989867210388184e-01,9.999984502792358398e-01,9.999988675117492676e-01,-9.999780654907226562e-01,9.999959468841552734e-01,9.999943375587463379e-01,9.999985098838806152e-01,-9.999931454658508301e-01,-9.999973773956298828e-01,9.999967813491821289e-01,9.999852180480957031e-01,-9.999989867210388184e-01,-9.999985694885253906e-01,-9.999926686286926270e-01,9.999989271163940430e-01,-9.999984502792358398e-01,9.999969005584716797e-01,-9.999583959579467773e-01,-9.999987483024597168e-01,-9.999977946281433105e-01,-9.999980330467224121e-01,-9.999664425849914551e-01,-9.999980926513671875e-01,-9.999987483024597168e-01,9.999986290931701660e-01,9.999986886978149414e-01,9.999976158142089844e-01,9.999986886978149414e-01,9.999909400939941406e-01,9.999967217445373535e-01,9.999979734420776367e-01,9.999971985816955566e-01,-9.998807311058044434e-01,-9.999978542327880859e-01,-9.999983906745910645e-01,9.999975562095642090e-01,-9.999989867210388184e-01,-9.999982118606567383e-01,-9.999949336051940918e-01,9.999956488609313965e-01,9.999988675117492676e-01,9.999991059303283691e-01,9.999945163726806641e-01,9.999987483024597168e-01,-9.999987483024597168e-01,9.999986290931701660e-01,-9.999979734420776367e-01,-9.999963641166687012e-01,9.999911785125732422e-01,9.998787045478820801e-01,9.999981522560119629e-01,-9.999922513961791992e-01,-9.999986290931701660e-01,9.999921917915344238e-01,9.999967813491821289e-01,9.999606013298034668e-01,-9.999975562095642090e-01,9.999988675117492676e-01,-9.999954700469970703e-01,9.999983310699462891e-01,9.999847412109375000e-01,-9.999907016754150391e-01,-9.999988079071044922e-01,-9.995160698890686035e-01,-9.999965429306030273e-01,9.999980330467224121e-01,-9.999982714653015137e-01,9.999750852584838867e-01,9.999979734420776367e-01,-9.999985694885253906e-01,9.999978542327880859e-01,9.999913573265075684e-01,-9.999989271163940430e-01,9.999988079071044922e-01,-9.999892115592956543e-01,9.999970793724060059e-01,-9.999986886978149414e-01,9.999763369560241699e-01,9.999724030494689941e-01,-9.999985098838806152e-01,-9.999969601631164551e-01,-9.998586177825927734e-01,9.999977946281433105e-01,9.999942779541015625e-01,-9.999985098838806152e-01,9.999978542327880859e-01,-9.999985098838806152e-01,9.999979734420776367e-01,9.999862313270568848e-01,-9.999989867210388184e-01,9.999982714653015137e-01,-9.999988079071044922e-01,9.999987483024597168e-01,9.999940395355224609e-01,9.999980926513671875e-01,9.999988079071044922e-01,-9.999957084655761719e-01,-9.999985694885253906e-01,9.999974370002746582e-01,9.999113678932189941e-01,9.999954700469970703e-01,-9.999861717224121094e-01,9.999973773956298828e-01
-9.999988079071044922e-01,9.999991059303283691e-01,9.999916553497314453e-01,-9.999988079071044922e-01,-9.999993443489074707e-01,9.999992847442626953e-01,-9.999969601631164551e-01,-9.999994039535522461e-01,9.999982118606567383e-01,-9.999982714653015137e-01,9.999988675117492676e-01,9.999992251396179199e-01,-9.999986886978149414e-01,-9.999987483024597168e-01,-9.999819993972778320e-01,-9.999983906745910645e-01,-9.999985098838806152e-01,9.999991655349731445e-01,-9.999945163726806641e-01,9.999994039535522461e-01,9.999993443489074707e-01,-9.999910593032836914e-01,-9.999988675117492676e-01,-9.999991059303283691e-01,-9.999933242797851562e-01,-9.999994039535522461e-01,9.999991059303283691e-01,9.999993443489074707e-01,-9.999862909317016602e-01,9.999973773956298828e-01,9.999963045120239258e-01,9.999991059303283691e-01,-9.999957084655761719e-01,-9.999982714653015137e-01,9.999979138374328613e-01,9.999907612800598145e-01,-9.999992847442626953e-01,-9.999991655349731445e-01,-9.999953508377075195e-01,9.999993443489074707e-01,-9.999991059303283691e-01,9.999980330467224121e-01,-9.999738931655883789e-01,-9.999992251396179199e-01,-9.999985098838806152e-01,-9.999986886978149414e-01,-9.999790191650390625e-01,-9.999987483024597168e-01,-9.999992847442626953e-01,9.999991655349731445e-01,9.999992251396179199e-01,9.999985098838806152e-01,9.999991059303283691e-01,9.999942779541015625e-01,9.999979734420776367e-01,9.999986886978149414e-01,9.999981522560119629e-01,-9.999253153800964355e-01,-9.999986886978149414e-01,-9.999989271163940430e-01,9.999983906745910645e-01,-9.999993443489074707e-01,-9.999988079071044922e-01,-9.999967217445373535e-01,9.999971389770507812e-01,9.999992847442626953e-01,9.999994039535522461e-01,9.999965429306030273e-01,9.999992251396179199e-01,-9.999992847442626953e-01,9.999992251396179199e-01,-9.999986886978149414e-01,-9.999976754188537598e-01,9.999944567680358887e-01,9.999241232872009277e-01,9.999987483024597168e-01,-9.999951720237731934e-01,-9.999991059303283691e-01,9.999950528144836426e-01,9.999979734420776367e-01,9.999753236770629883e-01,-9.999983906745910645e-01,9.999992847442626953e-01,-9.999970197677612305e-01,9.999989271163940430e-01,9.999904632568359375e-01,-9.999940991401672363e-01,-9.999992847442626953e-01,-9.996971487998962402e-01,-9.999977946281433105e-01,9.999987483024597168e-01,-9.999989271163940430e-01,9.999843239784240723e-01,9.999986886978149414e-01,-9.999991059303283691e-01,9.999986886978149414e-01,9.999945163726806641e-01,-9.999993443489074707e-01,9.999992847442626953e-01,-9.999932050704956055e-01,9.999981522560119629e-01,-9.999992251396179199e-01,9.999852180480957031e-01,9.999827146530151367e-01,-9.999989867210388184e-01,-9.999980926513671875e-01,-9.999114871025085449e-01,9.999985694885253906e-01,9.999963045120239258e-01,-9.999989867210388184e-01,9.999986886978149414e-01,-9.999992251396179199e-01,9.999987483024597168e-01,9.999913573265075684e-01,-9.999994039535522461e-01,9.999988675117492676e-01,-9.999992847442626953e-01,9.999992251396179199e-01,9.999961853027343750e-01,9.999988079071044922e-01,9.999992251396179199e-01,-9.999972581863403320e-01,-9.999991655349731445e-01,9.999983310699462891e-01,9.999445676803588867e-01,9.999970197677612305e-01,-9.999912977218627930e-01,9.999982714653015137e-01
