9.999984502792358398e-01,-9.999986290931701660e-01,-9.999940991401672363e-01,9.999978542327880859e-01,9.999988675117492676e-01,-9.999988079071044922e-01,9.999955892562866211e-01,9.999991059303283691e-01,-9.999966025352478027e-01,9.999982714653015137e-01,-9.999987483024597168e-01,-9.999989867210388184e-01,9.999980330467224121e-01,9.999984502792358398e-01,9.999935626983642578e-01,9.999957680702209473e-01,9.999974370002746582e-01,-9.999981522560119629e-01,9.999928474426269531e-01,-9.999992251396179199e-01,-9.999988675117492676e-01,9.999933838844299316e-01,9.999985694885253906e-01,9.999980330467224121e-01,9.999886155128479004e-01,9.999989867210388184e-01,-9.999983310699462891e-01,-9.999988675117492676e-01,9.999902248382568359e-01,-9.999962449073791504e-01,-9.999918937683105469e-01,-9.999982714653015137e-01,9.999870657920837402e-01,9.999958276748657227e-01,-9.999979734420776367e-01,9.999635219573974609e-01,9.999989867210388184e-01,9.999985694885253906e-01,9.999898076057434082e-01,-9.999988675117492676e-01,9.999987483024597168e-01,-9.999544024467468262e-01,9.999825954437255859e-01,9.999989867210388184e-01,9.999983310699462891e-01,9.999982118606567383e-01,-9.999933838844299316e-01,9.999985694885253906e-01,9.999987483024597168e-01,-9.999985098838806152e-01,-9.999988079071044922e-01,-9.999983906745910645e-01,-9.999989271163940430e-01,-9.999931454658508301e-01,-9.999984502792358398e-01,-9.999981522560119629e-01,-9.999927878379821777e-01,9.999850988388061523e-01,9.999962449073791504e-01,9.999982714653015137e-01,-9.999984502792358398e-01,9.999989271163940430e-01,9.999985098838806152e-01,9.999954104423522949e-01,-9.999948143959045410e-01,-9.999988079071044922e-01,-9.999991059303283691e-01,-9.999959468841552734e-01,-9.999989867210388184e-01,9.999984502792358398e-01,-9.999987483024597168e-01,9.999974966049194336e-01,9.999489188194274902e-01,-9.999936819076538086e-01,-9.999814629554748535e-01,-9.999984502792358398e-01,9.999920725822448730e-01,9.999987483024597168e-01,-9.999947547912597656e-01,-9.999958276748657227e-01,9.999848008155822754e-01,9.999977350234985352e-01,-9.999988079071044922e-01,9.999980926513671875e-01,-9.999982714653015137e-01,-9.999885559082031250e-01,9.999731183052062988e-01,9.999989271163940430e-01,9.999896883964538574e-01,-8.600684404373168945e-01,-9.999955296516418457e-01,9.999983310699462891e-01,-9.999846220016479492e-01,-9.999975562095642090e-01,9.999980926513671875e-01,-9.999977946281433105e-01,-9.999894499778747559e-01,9.999990463256835938e-01,-9.999988079071044922e-01,9.999967217445373535e-01,-9.999966621398925781e-01,9.999989271163940430e-01,-8.139132857322692871e-01,9.999302625656127930e-01,9.999986290931701660e-01,9.999971389770507812e-01,-9.999815821647644043e-01,-9.999985098838806152e-01,-9.999939203262329102e-01,9.999985098838806152e-01,-9.999985098838806152e-01,9.999979734420776367e-01,-9.999983310699462891e-01,-9.999436736106872559e-01,9.999990463256835938e-01,-9.999974370002746582e-01,9.999989867210388184e-01,-9.999982118606567383e-01,-9.999952912330627441e-01,-9.999975562095642090e-01,-9.999986886978149414e-01,9.999966025352478027e-01,9.999982118606567383e-01,-9.999974370002746582e-01,-9.999904632568359375e-01,-9.999951720237731934e-01,9.999887347221374512e-01,-9.999942183494567871e-01
-9.999986290931701660e-01,9.999988675117492676e-01,9.999951124191284180e-01,-9.999981522560119629e-01,-9.999991655349731445e-01,9.999991655349731445e-01,-9.999961853027343750e-01,-9.999992251396179199e-01,9.999971985816955566e-01,-9.999985694885253906e-01,9.999989867210388184e-01,9.999991655349731445e-01,-9.999983310699462891e-01,-9.999987483024597168e-01,-9.999947547912597656e-01,-9.999964237213134766e-01,-9.999977946281433105e-01,9.999983906745910645e-01,-9.999940991401672363e-01,9.999992847442626953e-01,9.999991655349731445e-01,-9.999945163726806641e-01,-9.999988079071044922e-01,-9.999982714653015137e-01,-9.999905824661254883e-01,-9.999991655349731445e-01,9.999985098838806152e-01,9.999991059303283691e-01,-9.999918341636657715e-01,9.999969005584716797e-01,9.999932646751403809e-01,9.999985694885253906e-01,-9.999892115592956543e-01,-9.999964237213134766e-01,9.999983310699462891e-01,-9.999698400497436523e-01,-9.999992251396179199e-01,-9.999988079071044922e-01,-9.999914765357971191e-01,9.999991059303283691e-01,-9.999989271163940430e-01,9.999621510505676270e-01,-9.999855160713195801e-01,-9.999991655349731445e-01,-9.999985694885253906e-01,-9.999985098838806152e-01,9.999945163726806641e-01,-9.999987483024597168e-01,-9.999989271163940430e-01,9.999986886978149414e-01,9.999990463256835938e-01,9.999986886978149414e-01,9.999991059303283691e-01,9.999942183494567871e-01,9.999986886978149414e-01,9.999985694885253906e-01,9.999938607215881348e-01,-9.999876618385314941e-01,-9.999969005584716797e-01,-9.999985694885253906e-01,9.999986886978149414e-01,-9.999991655349731445e-01,-9.999986886978149414e-01,-9.999961853027343750e-01,9.999957084655761719e-01,9.999991059303283691e-01,9.999992251396179199e-01,9.999966621398925781e-01,9.999991655349731445e-01,-9.999987483024597168e-01,9.999990463256835938e-01,-9.999979138374328613e-01,-9.999576807022094727e-01,9.999946355819702148e-01,9.999846816062927246e-01,9.999986290931701660e-01,-9.999934434890747070e-01,-9.999989271163940430e-01,9.999955892562866211e-01,9.999964833259582520e-01,-9.999874830245971680e-01,-9.999982118606567383e-01,9.999992251396179199e-01,-9.999984502792358398e-01,9.999985694885253906e-01,9.999904036521911621e-01,-9.999776482582092285e-01,-9.999990463256835938e-01,-9.999914765357971191e-01,8.602559566497802734e-01,9.999963045120239258e-01,-9.999986290931701660e-01,9.999872446060180664e-01,9.999979734420776367e-01,-9.999983906745910645e-01,9.999980330467224121e-01,9.999912381172180176e-01,-9.999992251396179199e-01,9.999990463256835938e-01,-9.999972581863403320e-01,9.999972581863403320e-01,-9.999992251396179199e-01,8.140907287597656250e-01,-9.999420642852783203e-01,-9.999988675117492676e-01,-9.999975562095642090e-01,9.999847412109375000e-01,9.999986886978149414e-01,9.999949336051940918e-01,-9.999988079071044922e-01,9.999988079071044922e-01,-9.999983310699462891e-01,9.999986290931701660e-01,9.999532699584960938e-01,-9.999992251396179199e-01,9.999978542327880859e-01,-9.999991655349731445e-01,9.999984502792358398e-01,9.999960064888000488e-01,9.999979734420776367e-01,9.999989271163940430e-01,-9.999970793724060059e-01,-9.999985098838806152e-01,9.999978542327880859e-01,9.999920725822448730e-01,9.999960064888000488e-01,-9.999905824661254883e-01,9.999952316284179688e-01
-9.999940991401672363e-01,9.999951124191284180e-01,9.999787807464599609e-01,-9.999921917915344238e-01,-9.999960064888000488e-01,9.999957084655761719e-01,-9.999840855598449707e-01,-9.999966025352478027e-01,9.999879598617553711e-01,-9.999939203262329102e-01,9.999957084655761719e-01,9.999961256980895996e-01,-9.999929666519165039e-01,-9.999945163726806641e-01,-9.999766349792480469e-01,-9.999844431877136230e-01,-9.999905824661254883e-01,9.999933838844299316e-01,-9.999741911888122559e-01,9.999966621398925781e-01,9.999961853027343750e-01,-9.999761581420898438e-01,-9.999949932098388672e-01,-9.999929070472717285e-01,-9.999586939811706543e-01,-9.999963045120239258e-01,9.999936223030090332e-01,9.999959468841552734e-01,-9.999642968177795410e-01,9.999865293502807617e-01,9.999706745147705078e-01,9.999938607215881348e-01,-9.999530315399169922e-01,-9.999846816062927246e-01,9.999927878379821777e-01,-9.998679757118225098e-01,-9.999963045120239258e-01,-9.999949336051940918e-01,-9.999631047248840332e-01,9.999960064888000488e-01,-9.999951720237731934e-01,9.998349547386169434e-01,-9.999366402626037598e-01,-9.999960064888000488e-01,-9.999939203262329102e-01,-9.999935626983642578e-01,9.999759793281555176e-01,-9.999948143959045410e-01,-9.999955892562866211e-01,9.999946355819702148e-01,9.999956488609313965e-01,9.999944567680358887e-01,9.999959468841552734e-01,9.999751448631286621e-01,9.999942779541015625e-01,9.999934434890747070e-01,9.999736547470092773e-01,-9.999459385871887207e-01,-9.999865889549255371e-01,-9.999939203262329102e-01,9.999943971633911133e-01,-9.999961256980895996e-01,-9.999943375587463379e-01,-9.999835491180419922e-01,9.999812245368957520e-01,9.999958872795104980e-01,9.999966621398925781e-01,9.999856352806091309e-01,9.999962449073791504e-01,-9.999945163726806641e-01,9.999956488609313965e-01,-9.999910593032836914e-01,-9.998151063919067383e-01,9.999770522117614746e-01,9.999328255653381348e-01,9.999940991401672363e-01,-9.999711513519287109e-01,-9.999954700469970703e-01,9.999806880950927734e-01,9.999849200248718262e-01,-9.999452233314514160e-01,-9.999917745590209961e-01,9.999958872795104980e-01,-9.999933838844299316e-01,9.999939203262329102e-01,9.999580383300781250e-01,-9.999023675918579102e-01,-9.999961256980895996e-01,-9.999624490737915039e-01,8.572053313255310059e-01,9.999839663505554199e-01,-9.999941587448120117e-01,9.999442100524902344e-01,9.999911785125732422e-01,-9.999927878379821777e-01,9.999920725822448730e-01,9.999613761901855469e-01,-9.999963641166687012e-01,9.999957680702209473e-01,-9.999882578849792480e-01,9.999881386756896973e-01,-9.999959468841552734e-01,8.112038373947143555e-01,-9.997475147247314453e-01,-9.999951720237731934e-01,-9.999894499778747559e-01,9.999331831932067871e-01,9.999943375587463379e-01,9.999776482582092285e-01,-9.999947547912597656e-01,9.999948143959045410e-01,-9.999927878379821777e-01,9.999939799308776855e-01,9.997962117195129395e-01,-9.999964237213134766e-01,9.999909400939941406e-01,-9.999962449073791504e-01,9.999932646751403809e-01,9.999827742576599121e-01,9.999909996986389160e-01,9.999952912330627441e-01,-9.999877810478210449e-01,-9.999933242797851562e-01,9.999908208847045898e-01,9.999654293060302734e-01,9.999827146530151367e-01,-9.999589323997497559e-01,9.999792575836181641e-01
9.999978542327880859e-01,-9.999981522560119629e-01,-9.999921917915344238e-01,9.999970793724060059e-01,9.999985098838806152e-01,-9.999984502792358398e-01,9.999940991401672363e-01,9.999986886978149414e-01,-9.999955296516418457e-01,9.999976754188537598e-01,-9.999983310699462891e-01,-9.999985694885253906e-01,9.999973177909851074e-01,9.999979734420776367e-01,9.999913573265075684e-01,9.999942779541015625e-01,9.999964237213134766e-01,-9.999975562095642090e-01,9.999904036521911621e-01,-9.999987483024597168e-01,-9.999985694885253906e-01,9.999911189079284668e-01,9.999980926513671875e-01,9.999973177909851074e-01,9.999847412109375000e-01,9.999986886978149414e-01,-9.999976754188537598e-01,-9.999985694885253906e-01,9.999867081642150879e-01,-9.999950528144836426e-01,-9.999890923500061035e-01,-9.999976754188537598e-01,9.999825358390808105e-01,9.999942779541015625e-01,-9.999973177909851074e-01,9.999507665634155273e-01,9.999986886978149414e-01,9.999980330467224121e-01,9.999862909317016602e-01,-9.999985694885253906e-01,9.999982714653015137e-01,-9.999384880065917969e-01,9.999765157699584961e-01,9.999986290931701660e-01,9.999977946281433105e-01,9.999975562095642090e-01,-9.999910593032836914e-01,9.999980330467224121e-01,9.999983310699462891e-01,-9.999980330467224121e-01,-9.999983310699462891e-01,-9.999978542327880859e-01,-9.999986290931701660e-01,-9.999907612800598145e-01,-9.999978542327880859e-01,-9.999974966049194336e-01,-9.999901652336120605e-01,9.999799728393554688e-01,9.999950528144836426e-01,9.999977350234985352e-01,-9.999979734420776367e-01,9.999985694885253906e-01,9.999979138374328613e-01,9.999939203262329102e-01,-9.999931454658508301e-01,-9.999985098838806152e-01,-9.999988079071044922e-01,-9.999946355819702148e-01,-9.999986290931701660e-01,9.999979734420776367e-01,-9.999984502792358398e-01,9.999966025352478027e-01,9.999312162399291992e-01,-9.999914169311523438e-01,-9.999750256538391113e-01,-9.999978542327880859e-01,9.999893307685852051e-01,9.999982714653015137e-01,-9.999929070472717285e-01,-9.999944567680358887e-01,9.999796152114868164e-01,9.999969601631164551e-01,-9.999985098838806152e-01,9.999974370002746582e-01,-9.999977350234985352e-01,-9.999845027923583984e-01,9.999637007713317871e-01,9.999985694885253906e-01,9.999861121177673340e-01,-8.596860170364379883e-01,-9.999940395355224609e-01,9.999977946281433105e-01,-9.999791979789733887e-01,-9.999966621398925781e-01,9.999973177909851074e-01,-9.999970197677612305e-01,-9.999857544898986816e-01,9.999987483024597168e-01,-9.999984502792358398e-01,9.999956488609313965e-01,-9.999955892562866211e-01,9.999984502792358398e-01,-8.135513663291931152e-01,9.999058246612548828e-01,9.999982118606567383e-01,9.999960064888000488e-01,-9.999752640724182129e-01,-9.999978542327880859e-01,-9.999917149543762207e-01,9.999980926513671875e-01,-9.999981522560119629e-01,9.999972581863403320e-01,-9.999977350234985352e-01,-9.999240636825561523e-01,9.999987483024597168e-01,-9.999965429306030273e-01,9.999986886978149414e-01,-9.999975562095642090e-01,-9.999936223030090332e-01,-9.999966621398925781e-01,-9.999982118606567383e-01,9.999954700469970703e-01,9.999976158142089844e-01,-9.999966621398925781e-01,-9.999871850013732910e-01,-9.999935626983642578e-01,9.999846816062927246e-01,-9.999922513961791992e-01
9.999988675117492676e-01,-9.999991655349731445e-01,-9.999960064888000488e-01,9.999985098838806152e-01,9.999992847442626953e-01,-9.999992251396179199e-01,9.999969005584716797e-01,9.999994039535522461e-01,-9.999977350234985352e-01,9.999988675117492676e-01,-9.999992251396179199e-01,-9.999994039535522461e-01,9.999985694885253906e-01,9.999989867210388184e-01,9.999955892562866211e-01,9.999970197677612305e-01,9.999982118606567383e-01,-9.999987483024597168e-01,9.999951720237731934e-01,-9.999994039535522461e-01,-9.999992847442626953e-01,9.999955892562866211e-01,9.999989867210388184e-01,9.999985694885253906e-01,9.999923706054687500e-01,9.999994039535522461e-01,-9.999988079071044922e-01,-9.999992847442626953e-01,9.999933838844299316e-01,-9.999975562095642090e-01,-9.999944567680358887e-01,-9.999989271163940430e-01,9.999912381172180176e-01,9.999971389770507812e-01,-9.999985694885253906e-01,9.999755620956420898e-01,9.999993443489074707e-01,9.999991059303283691e-01,9.999931454658508301e-01,-9.999992847442626953e-01,9.999991655349731445e-01,-9.999693632125854492e-01,9.999882578849792480e-01,9.999992847442626953e-01,9.999988675117492676e-01,9.999988079071044922e-01,-9.999954700469970703e-01,9.999991059303283691e-01,9.999992251396179199e-01,-9.999989867210388184e-01,-9.999991059303283691e-01,-9.999989271163940430e-01,-9.999993443489074707e-01,-9.999954104423522949e-01,-9.999988675117492676e-01,-9.999987483024597168e-01,-9.999951124191284180e-01,9.999899864196777344e-01,9.999974966049194336e-01,9.999988079071044922e-01,-9.999988675117492676e-01,9.999993443489074707e-01,9.999989271163940430e-01,9.999969005584716797e-01,-9.999963641166687012e-01,-9.999992847442626953e-01,-9.999994635581970215e-01,-9.999973177909851074e-01,-9.999993443489074707e-01,9.999989867210388184e-01,-9.999991059303283691e-01,9.999983310699462891e-01,9.999657273292541504e-01,-9.999957084655761719e-01,-9.999874830245971680e-01,-9.999988675117492676e-01,9.999945759773254395e-01,9.999991059303283691e-01,-9.999963641166687012e-01,-9.999971389770507812e-01,9.999898672103881836e-01,9.999985098838806152e-01,-9.999992847442626953e-01,9.999987483024597168e-01,-9.999988675117492676e-01,-9.999922513961791992e-01,9.999819397926330566e-01,9.999992251396179199e-01,9.999930262565612793e-01,-8.604290485382080078e-01,-9.999969601631164551e-01,9.999989271163940430e-01,-9.999896883964538574e-01,-9.999983310699462891e-01,9.999986886978149414e-01,-9.999985098838806152e-01,-9.999928474426269531e-01,9.999993443489074707e-01,-9.999993443489074707e-01,9.999977350234985352e-01,-9.999977350234985352e-01,9.999992847442626953e-01,-8.142545223236083984e-01,9.999532103538513184e-01,9.999991655349731445e-01,9.999980330467224121e-01,-9.999876618385314941e-01,-9.999989271163940430e-01,-9.999958872795104980e-01,9.999990463256835938e-01,-9.999990463256835938e-01,9.999986290931701660e-01,-9.999988675117492676e-01,-9.999621510505676270e-01,9.999994039535522461e-01,-9.999982714653015137e-01,9.999993443489074707e-01,-9.999988079071044922e-01,-9.999968409538269043e-01,-9.999982714653015137e-01,-9.999991655349731445e-01,9.999976158142089844e-01,9.999987483024597168e-01,-9.999982714653015137e-01,-9.999936223030090332e-01,-9.999967217445373535e-01,9.999923706054687500e-01,-9.999960660934448242e-01
-9.999988079071044922e-01,9.999991655349731445e-01,9.999957084655761719e-01,-9.999984502792358398e-01,-9.999992251396179199e-01,9.999992847442626953e-01,-9.999967217445373535e-01,-9.999993443489074707e-01,9.999974966049194336e-01,-9.999987483024597168e-01,9.999991655349731445e-01,9.999992251396179199e-01,-9.999985098838806152e-01,-9.999988675117492676e-01,-9.999952316284179688e-01,-9.999967217445373535e-01,-9.999980330467224121e-01,9.999986290931701660e-01,-9.999948143959045410e-01,9.999993443489074707e-01,9.999992847442626953e-01,-9.999950528144836426e-01,-9.999989867210388184e-01,-9.999985098838806152e-01,-9.999915957450866699e-01,-9.999992847442626953e-01,9.999987483024597168e-01,9.999992251396179199e-01,-9.999927282333374023e-01,9.999973177909851074e-01,9.999940395355224609e-01,9.999986886978149414e-01,-9.999904036521911621e-01,-9.999968409538269043e-01,9.999985098838806152e-01,-9.999731183052062988e-01,-9.999992847442626953e-01,-9.999989271163940430e-01,-9.999924898147583008e-01,9.999992251396179199e-01,-9.999990463256835938e-01,9.999663233757019043e-01,-9.999870657920837402e-01,-9.999993443489074707e-01,-9.999987483024597168e-01,-9.999987483024597168e-01,9.999951124191284180e-01,-9.999989271163940430e-01,-9.999991059303283691e-01,9.999988675117492676e-01,9.999991655349731445e-01,9.999988079071044922e-01,9.999992847442626953e-01,9.999949336051940918e-01,9.999988079071044922e-01,9.999986886978149414e-01,9.999945759773254395e-01,-9.999889731407165527e-01,-9.999971985816955566e-01,-9.999986886978149414e-01,9.999988675117492676e-01,-9.999992847442626953e-01,-9.999988675117492676e-01,-9.999966621398925781e-01,9.999961256980895996e-01,9.999991655349731445e-01,9.999994039535522461e-01,9.999970793724060059e-01,9.999992847442626953e-01,-9.999988675117492676e-01,9.999991655349731445e-01,-9.999980330467224121e-01,-9.999622702598571777e-01,9.999952316284179688e-01,9.999862909317016602e-01,9.999988079071044922e-01,-9.999941587448120117e-01,-9.999991059303283691e-01,9.999960064888000488e-01,9.999969005584716797e-01,-9.999888539314270020e-01,-9.999982714653015137e-01,9.999991655349731445e-01,-9.999986290931701660e-01,9.999987483024597168e-01,9.999914765357971191e-01,-9.999800920486450195e-01,-9.999992847442626953e-01,-9.999923706054687500e-01,8.603545427322387695e-01,9.999966621398925781e-01,-9.999988079071044922e-01,9.999886155128479004e-01,9.999981522560119629e-01,-9.999985694885253906e-01,9.999983906745910645e-01,9.999921321868896484e-01,-9.999992847442626953e-01,9.999992847442626953e-01,-9.999975562095642090e-01,9.999975562095642090e-01,-9.999992847442626953e-01,8.141840100288391113e-01,-9.999484419822692871e-01,-9.999990463256835938e-01,-9.999978542327880859e-01,9.999864101409912109e-01,9.999988079071044922e-01,9.999954700469970703e-01,-9.999989867210388184e-01,9.999989271163940430e-01,-9.999985098838806152e-01,9.999987483024597168e-01,9.999583959579467773e-01,-9.999992847442626953e-01,9.999980926513671875e-01,-9.999992847442626953e-01,9.999986290931701660e-01,9.999965429306030273e-01,9.999982118606567383e-01,9.999991059303283691e-01,-9.999974966049194336e-01,-9.999986886978149414e-01,9.999980926513671875e-01,9.999929666519165039e-01,9.999964237213134766e-01,-9.999915957450866699e-01,9.999957680702209473e-01
9.999955892562866211e-01,-9.999961853027343750e-01,-9.999840855598449707e-01,9.999940991401672363e-01,9.999969005584716797e-01,-9.999967217445373535e-01,9.999880194664001465e-01,9.999973773956298828e-01,-9.999909400939941406e-01,9.999954104423522949e-01,-9.999966621398925781e-01,-9.999970793724060059e-01,9.999946355819702148e-01,9.999958276748657227e-01,9.999824762344360352e-01,9.999883770942687988e-01,9.999929070472717285e-01,-9.999950528144836426e-01,9.999806284904479980e-01,-9.999974966049194336e-01,-9.999971389770507812e-01,9.999821186065673828e-01,9.999961853027343750e-01,9.999946355819702148e-01,9.999691843986511230e-01,9.999971389770507812e-01,-9.999952316284179688e-01,-9.999968409538269043e-01,9.999733567237854004e-01,-9.999899864196777344e-01,-9.999780654907226562e-01,-9.999953508377075195e-01,9.999648332595825195e-01,9.999885559082031250e-01,-9.999945759773254395e-01,9.999013543128967285e-01,9.999972581863403320e-01,9.999961256980895996e-01,9.999725222587585449e-01,-9.999969005584716797e-01,9.999963641166687012e-01,-9.998766779899597168e-01,9.999526739120483398e-01,9.999970197677612305e-01,9.999954700469970703e-01,9.999951124191284180e-01,-9.999820590019226074e-01,9.999960660934448242e-01,9.999966621398925781e-01,-9.999958872795104980e-01,-9.999967217445373535e-01,-9.999957084655761719e-01,-9.999969005584716797e-01,-9.999814629554748535e-01,-9.999957084655761719e-01,-9.999949932098388672e-01,-9.999802708625793457e-01,9.999596476554870605e-01,9.999899864196777344e-01,9.999952912330627441e-01,-9.999958276748657227e-01,9.999971389770507812e-01,9.999957680702209473e-01,9.999876618385314941e-01,-9.999859929084777832e-01,-9.999968409538269043e-01,-9.999974370002746582e-01,-9.999892711639404297e-01,-9.999971985816955566e-01,9.999958872795104980e-01,-9.999966025352478027e-01,9.999933242797851562e-01,9.998619556427001953e-01,-9.999827742576599121e-01,-9.999498724937438965e-01,-9.999955892562866211e-01,9.999784827232360840e-01,9.999964833259582520e-01,-9.999855756759643555e-01,-9.999887347221374512e-01,9.999589920043945312e-01,9.999938011169433594e-01,-9.999968409538269043e-01,9.999948740005493164e-01,-9.999953508377075195e-01,-9.999687671661376953e-01,9.999271035194396973e-01,9.999970197677612305e-01,9.999719858169555664e-01,-8.582053780555725098e-01,-9.999879598617553711e-01,9.999955296516418457e-01,-9.999582767486572266e-01,-9.999934434890747070e-01,9.999946355819702148e-01,-9.999940991401672363e-01,-9.999712109565734863e-01,9.999972581863403320e-01,-9.999967217445373535e-01,9.999911785125732422e-01,-9.999910593032836914e-01,9.999969005584716797e-01,-8.121502399444580078e-01,9.998115301132202148e-01,9.999963641166687012e-01,9.999921917915344238e-01,-9.999501109123229980e-01,-9.999957084655761719e-01,-9.999833106994628906e-01,9.999959468841552734e-01,-9.999960064888000488e-01,9.999946355819702148e-01,-9.999954700469970703e-01,-9.998477697372436523e-01,9.999973177909851074e-01,-9.999933242797851562e-01,9.999971985816955566e-01,-9.999950528144836426e-01,-9.999870657920837402e-01,-9.999932050704956055e-01,-9.999963045120239258e-01,9.999908208847045898e-01,9.999949336051940918e-01,-9.999931454658508301e-01,-9.999741911888122559e-01,-9.999870061874389648e-01,9.999694824218750000e-01,-9.999844431877136230e-01
9.999991059303283691e-01,-9.999992251396179199e-01,-9.999966025352478027e-01,9.999986886978149414e-01,9.999994039535522461e-01,-9.999993443489074707e-01,9.999973773956298828e-01,9.999995231628417969e-01,-9.999980330467224121e-01,9.999990463256835938e-01,-9.999994039535522461e-01,-9.999994635581970215e-01,9.999989271163940430e-01,9.999991655349731445e-01,9.999962449073791504e-01,9.999974370002746582e-01,9.999985098838806152e-01,-9.999989271163940430e-01,9.999958276748657227e-01,-9.999995231628417969e-01,-9.999994039535522461e-01,9.999960660934448242e-01,9.999992251396179199e-01,9.999988079071044922e-01,9.999932646751403809e-01,9.999994635581970215e-01,-9.999989867210388184e-01,-9.999993443489074707e-01,9.999941587448120117e-01,-9.999978542327880859e-01,-9.999952316284179688e-01,-9.999990463256835938e-01,9.999923706054687500e-01,9.999974370002746582e-01,-9.999988675117492676e-01,9.999785423278808594e-01,9.999994635581970215e-01,9.999992251396179199e-01,9.999939799308776855e-01,-9.999994635581970215e-01,9.999992251396179199e-01,-9.999731183052062988e-01,9.999896883964538574e-01,9.999994635581970215e-01,9.999990463256835938e-01,9.999989271163940430e-01,-9.999960064888000488e-01,9.999991655349731445e-01,9.999992847442626953e-01,-9.999991655349731445e-01,-9.999993443489074707e-01,-9.999991059303283691e-01,-9.999994635581970215e-01,-9.999959468841552734e-01,-9.999991059303283691e-01,-9.999989271163940430e-01,-9.999957084655761719e-01,9.999912381172180176e-01,9.999978542327880859e-01,9.999989867210388184e-01,-9.999991059303283691e-01,9.999994039535522461e-01,9.999992251396179199e-01,9.999973177909851074e-01,-9.999969005584716797e-01,-9.999993443489074707e-01,-9.999995231628417969e-01,-9.999976158142089844e-01,-9.999994039535522461e-01,9.999991655349731445e-01,-9.999993443489074707e-01,9.999985098838806152e-01,9.999698400497436523e-01,-9.999961853027343750e-01,-9.999890327453613281e-01,-9.999991059303283691e-01,9.999952912330627441e-01,9.999992847442626953e-01,-9.999967813491821289e-01,-9.999974966049194336e-01,9.999911189079284668e-01,9.999986886978149414e-01,-9.999994039535522461e-01,9.999988675117492676e-01,-9.999990463256835938e-01,-9.999931454658508301e-01,9.999840855598449707e-01,9.999994039535522461e-01,9.999939799308776855e-01,-8.605167269706726074e-01,-9.999972581863403320e-01,9.999991059303283691e-01,-9.999908804893493652e-01,-9.999985098838806152e-01,9.999988675117492676e-01,-9.999987483024597168e-01,-9.999936819076538086e-01,9.999994635581970215e-01,-9.999994039535522461e-01,9.999980330467224121e-01,-9.999980330467224121e-01,9.999994635581970215e-01,-8.143374919891357422e-01,9.999587535858154297e-01,9.999991655349731445e-01,9.999983310699462891e-01,-9.999890923500061035e-01,-9.999991059303283691e-01,-9.999963641166687012e-01,9.999991655349731445e-01,-9.999992847442626953e-01,9.999988079071044922e-01,-9.999990463256835938e-01,-9.999667406082153320e-01,9.999995231628417969e-01,-9.999985694885253906e-01,9.999994039535522461e-01,-9.999989271163940430e-01,-9.999971389770507812e-01,-9.999985098838806152e-01,-9.999992847442626953e-01,9.999980926513671875e-01,9.999989271163940430e-01,-9.999985098838806152e-01,-9.999944567680358887e-01,-9.999971389770507812e-01,9.999933838844299316e-01,-9.999965429306030273e-01
-9.999966025352478027e-01,9.999971985816955566e-01,9.999879598617553711e-01,-9.999955296516418457e-01,-9.999977350234985352e-01,9.999974966049194336e-01,-9.999909400939941406e-01,-9.999980330467224121e-01,9.999930858612060547e-01,-9.999964833259582520e-01,9.999974966049194336e-01,9.999977350234985352e-01,-9.999959468841552734e-01,-9.999967813491821289e-01,-9.999867081642150879e-01,-9.999912381172180176e-01,-9.999946355819702148e-01,9.999961256980895996e-01,-9.999853372573852539e-01,9.999980926513671875e-01,9.999977946281433105e-01,-9.999865293502807617e-01,-9.999971389770507812e-01,-9.999959468841552734e-01,-9.999766945838928223e-01,-9.999978542327880859e-01,9.999963641166687012e-01,9.999976158142089844e-01,-9.999798536300659180e-01,9.999924302101135254e-01,9.999834299087524414e-01,9.999964237213134766e-01,-9.999735355377197266e-01,-9.999913573265075684e-01,9.999958872795104980e-01,-9.999253749847412109e-01,-9.999978542327880859e-01,-9.999970793724060059e-01,-9.999791979789733887e-01,9.999976754188537598e-01,-9.999972581863403320e-01,9.999067187309265137e-01,-9.999642372131347656e-01,-9.999977350234985352e-01,-9.999965429306030273e-01,-9.999963045120239258e-01,9.999864697456359863e-01,-9.999969601631164551e-01,-9.999974370002746582e-01,9.999969005584716797e-01,9.999974966049194336e-01,9.999966621398925781e-01,9.999977350234985352e-01,9.999859929084777832e-01,9.999966621398925781e-01,9.999961853027343750e-01,9.999850392341613770e-01,-9.999695420265197754e-01,-9.999924302101135254e-01,-9.999964237213134766e-01,9.999967813491821289e-01,-9.999977350234985352e-01,-9.999967217445373535e-01,-9.999906420707702637e-01,9.999893307685852051e-01,9.999976158142089844e-01,9.999980330467224121e-01,9.999918341636657715e-01,9.999978542327880859e-01,-9.999968409538269043e-01,9.999974966049194336e-01,-9.999948740005493164e-01,-9.998955130577087402e-01,9.999870061874389648e-01,9.999620318412780762e-01,9.999966621398925781e-01,-9.999837875366210938e-01,-9.999973177909851074e-01,9.999890923500061035e-01,9.999914169311523438e-01,-9.999691247940063477e-01,-9.999953508377075195e-01,9.999976754188537598e-01,-9.999961256980895996e-01,9.999964833259582520e-01,9.999763369560241699e-01,-9.999448657035827637e-01,-9.999977350234985352e-01,-9.999787807464599609e-01,8.589243292808532715e-01,9.999909400939941406e-01,-9.999965429306030273e-01,9.999685287475585938e-01,9.999949932098388672e-01,-9.999958872795104980e-01,9.999955296516418457e-01,9.999781847000122070e-01,-9.999979138374328613e-01,9.999975562095642090e-01,-9.999933838844299316e-01,9.999932050704956055e-01,-9.999976754188537598e-01,8.128305077552795410e-01,-9.998573064804077148e-01,-9.999971389770507812e-01,-9.999940395355224609e-01,9.999622702598571777e-01,9.999967813491821289e-01,9.999873042106628418e-01,-9.999969601631164551e-01,9.999970197677612305e-01,-9.999958872795104980e-01,9.999965429306030273e-01,9.998848438262939453e-01,-9.999979734420776367e-01,9.999948740005493164e-01,-9.999979138374328613e-01,9.999961256980895996e-01,9.999902248382568359e-01,9.999949336051940918e-01,9.999972581863403320e-01,-9.999930858612060547e-01,-9.999962449073791504e-01,9.999948143959045410e-01,9.999804496765136719e-01,9.999901652336120605e-01,-9.999768137931823730e-01,9.999882578849792480e-01
9.999982714653015137e-01,-9.999985694885253906e-01,-9.999939203262329102e-01,9.999976754188537598e-01,9.999988675117492676e-01,-9.999987483024597168e-01,9.999954104423522949e-01,9.999990463256835938e-01,-9.999964833259582520e-01,9.999982118606567383e-01,-9.999986290931701660e-01,-9.999988675117492676e-01,9.999979138374328613e-01,9.999983906745910645e-01,9.999932050704956055e-01,9.999955296516418457e-01,9.999971389770507812e-01,-9.999979734420776367e-01,9.999926090240478516e-01,-9.999991059303283691e-01,-9.999988675117492676e-01,9.999932050704956055e-01,9.999984502792358398e-01,9.999977946281433105e-01,9.999881982803344727e-01,9.999989271163940430e-01,-9.999981522560119629e-01,-9.999988079071044922e-01,9.999897480010986328e-01,-9.999960660934448242e-01,-9.999915361404418945e-01,-9.999980926513671875e-01,9.999865889549255371e-01,9.999956488609313965e-01,-9.999978542327880859e-01,9.999622106552124023e-01,9.999988675117492676e-01,9.999985098838806152e-01,9.999893903732299805e-01,-9.999988079071044922e-01,9.999986290931701660e-01,-9.999526739120483398e-01,9.999819397926330566e-01,9.999988675117492676e-01,9.999982714653015137e-01,9.999981522560119629e-01,-9.999930262565612793e-01,9.999983906745910645e-01,9.999986290931701660e-01,-9.999984502792358398e-01,-9.999986886978149414e-01,-9.999982714653015137e-01,-9.999988079071044922e-01,-9.999929070472717285e-01,-9.999982714653015137e-01,-9.999980926513671875e-01,-9.999924302101135254e-01,9.999845623970031738e-01,9.999961256980895996e-01,9.999982118606567383e-01,-9.999983906745910645e-01,9.999988079071044922e-01,9.999982714653015137e-01,9.999952912330627441e-01,-9.999945759773254395e-01,-9.999987483024597168e-01,-9.999990463256835938e-01,-9.999958276748657227e-01,-9.999988675117492676e-01,9.999983310699462891e-01,-9.999987483024597168e-01,9.999973177909851074e-01,9.999471306800842285e-01,-9.999933242797851562e-01,-9.999807476997375488e-01,-9.999982714653015137e-01,9.999917149543762207e-01,9.999986886978149414e-01,-9.999944567680358887e-01,-9.999957084655761719e-01,9.999842643737792969e-01,9.999976158142089844e-01,-9.999988079071044922e-01,9.999979138374328613e-01,-9.999982118606567383e-01,-9.999880194664001465e-01,9.999721646308898926e-01,9.999988079071044922e-01,9.999892711639404297e-01,-8.600293397903442383e-01,-9.999953508377075195e-01,9.999982118606567383e-01,-9.999841451644897461e-01,-9.999974370002746582e-01,9.999979138374328613e-01,-9.999976158142089844e-01,-9.999889731407165527e-01,9.999988675117492676e-01,-9.999987483024597168e-01,9.999966025352478027e-01,-9.999965429306030273e-01,9.999988079071044922e-01,-8.138762116432189941e-01,9.999276995658874512e-01,9.999986290931701660e-01,9.999969005584716797e-01,-9.999809265136718750e-01,-9.999983310699462891e-01,-9.999936819076538086e-01,9.999984502792358398e-01,-9.999984502792358398e-01,9.999979138374328613e-01,-9.999981522560119629e-01,-9.999417066574096680e-01,9.999989271163940430e-01,-9.999973773956298828e-01,9.999989271163940430e-01,-9.999980330467224121e-01,-9.999950528144836426e-01,-9.999973773956298828e-01,-9.999986290931701660e-01,9.999963641166687012e-01,9.999980330467224121e-01,-9.999973177909851074e-01,-9.999901652336120605e-01,-9.999949932098388672e-01,9.999882578849792480e-01,-9.999940395355224609e-01
-9.999987483024597168e-01,9.999989867210388184e-01,9.999957084655761719e-01,-9.999983310699462891e-01,-9.999992251396179199e-01,9.999991655349731445e-01,-9.999966621398925781e-01,-9.999994039535522461e-01,9.999974966049194336e-01,-9.999986290931701660e-01,9.999991655349731445e-01,9.999992251396179199e-01,-9.999985098838806152e-01,-9.999988675117492676e-01,-9.999951720237731934e-01,-9.999966621398925781e-01,-9.999980330467224121e-01,9.999985694885253906e-01,-9.999947547912597656e-01,9.999993443489074707e-01,9.999991655349731445e-01,-9.999951124191284180e-01,-9.999989271163940430e-01,-9.999985098838806152e-01,-9.999914765357971191e-01,-9.999992847442626953e-01,9.999987483024597168e-01,9.999992251396179199e-01,-9.999926686286926270e-01,9.999971985816955566e-01,9.999939799308776855e-01,9.999986886978149414e-01,-9.999903440475463867e-01,-9.999967813491821289e-01,9.999984502792358398e-01,-9.999728798866271973e-01,-9.999992847442626953e-01,-9.999989271163940430e-01,-9.999923110008239746e-01,9.999992251396179199e-01,-9.999990463256835938e-01,9.999660253524780273e-01,-9.999870061874389648e-01,-9.999993443489074707e-01,-9.999987483024597168e-01,-9.999986886978149414e-01,9.999950528144836426e-01,-9.999989271163940430e-01,-9.999990463256835938e-01,9.999988675117492676e-01,9.999991655349731445e-01,9.999988079071044922e-01,9.999992847442626953e-01,9.999948740005493164e-01,9.999987483024597168e-01,9.999986290931701660e-01,9.999945759773254395e-01,-9.999889135360717773e-01,-9.999972581863403320e-01,-9.999986886978149414e-01,9.999988079071044922e-01,-9.999992251396179199e-01,-9.999988079071044922e-01,-9.999965429306030273e-01,9.999960660934448242e-01,9.999991655349731445e-01,9.999993443489074707e-01,9.999970197677612305e-01,9.999992847442626953e-01,-9.999988675117492676e-01,9.999991655349731445e-01,-9.999980330467224121e-01,-9.999619126319885254e-01,9.999952316284179688e-01,9.999861121177673340e-01,9.999987483024597168e-01,-9.999939799308776855e-01,-9.999991059303283691e-01,9.999959468841552734e-01,9.999968409538269043e-01,-9.999887347221374512e-01,-9.999983906745910645e-01,9.999991655349731445e-01,-9.999985694885253906e-01,9.999987483024597168e-01,9.999913573265075684e-01,-9.999799728393554688e-01,-9.999992251396179199e-01,-9.999922513961791992e-01,8.603476285934448242e-01,9.999966621398925781e-01,-9.999987483024597168e-01,9.999884963035583496e-01,9.999981522560119629e-01,-9.999984502792358398e-01,9.999983310699462891e-01,9.999920725822448730e-01,-9.999992847442626953e-01,9.999991655349731445e-01,-9.999975562095642090e-01,9.999974966049194336e-01,-9.999992251396179199e-01,8.141775131225585938e-01,-9.999479055404663086e-01,-9.999989271163940430e-01,-9.999977946281433105e-01,9.999862909317016602e-01,9.999988079071044922e-01,9.999954700469970703e-01,-9.999989271163940430e-01,9.999989271163940430e-01,-9.999983906745910645e-01,9.999987483024597168e-01,9.999580383300781250e-01,-9.999992847442626953e-01,9.999980926513671875e-01,-9.999992847442626953e-01,9.999986886978149414e-01,9.999963641166687012e-01,9.999982118606567383e-01,9.999990463256835938e-01,-9.999974370002746582e-01,-9.999986886978149414e-01,9.999980926513671875e-01,9.999929070472717285e-01,9.999963641166687012e-01,-9.999915361404418945e-01,9.999957680702209473e-01
-9.999989867210388184e-01,9.999991655349731445e-01,9.999961256980895996e-01,-9.999985694885253906e-01,-9.999994039535522461e-01,9.999992251396179199e-01,-9.999970793724060059e-01,-9.999994635581970215e-01,9.999977350234985352e-01,-9.999988675117492676e-01,9.999992251396179199e-01,9.999992847442626953e-01,-9.999986886978149414e-01,-9.999989867210388184e-01,-9.999957084655761719e-01,-9.999970197677612305e-01,-9.999983310699462891e-01,9.999987483024597168e-01,-9.999952912330627441e-01,9.999994039535522461e-01,9.999992847442626953e-01,-9.999955892562866211e-01,-9.999991059303283691e-01,-9.999986886978149414e-01,-9.999923706054687500e-01,-9.999993443489074707e-01,9.999988675117492676e-01,9.999992847442626953e-01,-9.999933838844299316e-01,9.999974966049194336e-01,9.999946355819702148e-01,9.999989271163940430e-01,-9.999912977218627930e-01,-9.999971985816955566e-01,9.999986290931701660e-01,-9.999756217002868652e-01,-9.999994635581970215e-01,-9.999992251396179199e-01,-9.999932050704956055e-01,9.999992847442626953e-01,-9.999991655349731445e-01,9.999696016311645508e-01,-9.999883770942687988e-01,-9.999994039535522461e-01,-9.999988675117492676e-01,-9.999988079071044922e-01,9.999955296516418457e-01,-9.999991059303283691e-01,-9.999992251396179199e-01,9.999990463256835938e-01,9.999992251396179199e-01,9.999989271163940430e-01,9.999993443489074707e-01,9.999954104423522949e-01,9.999989271163940430e-01,9.999988079071044922e-01,9.999951720237731934e-01,-9.999899864196777344e-01,-9.999975562095642090e-01,-9.999989271163940430e-01,9.999989271163940430e-01,-9.999993443489074707e-01,-9.999989867210388184e-01,-9.999969601631164551e-01,9.999964833259582520e-01,9.999992847442626953e-01,9.999995231628417969e-01,9.999973177909851074e-01,9.999994039535522461e-01,-9.999990463256835938e-01,9.999992251396179199e-01,-9.999984502792358398e-01,-9.999658465385437012e-01,9.999957680702209473e-01,9.999876022338867188e-01,9.999989867210388184e-01,-9.999946951866149902e-01,-9.999992251396179199e-01,9.999963641166687012e-01,9.999971985816955566e-01,-9.999898672103881836e-01,-9.999985098838806152e-01,9.999992847442626953e-01,-9.999987483024597168e-01,9.999989271163940430e-01,9.999923706054687500e-01,-9.999819993972778320e-01,-9.999993443489074707e-01,-9.999930262565612793e-01,8.604298233985900879e-01,9.999970197677612305e-01,-9.999989271163940430e-01,9.999896883964538574e-01,9.999984502792358398e-01,-9.999986886978149414e-01,9.999985098838806152e-01,9.999929666519165039e-01,-9.999994635581970215e-01,9.999992251396179199e-01,-9.999977946281433105e-01,9.999977946281433105e-01,-9.999993443489074707e-01,8.142552971839904785e-01,-9.999532699584960938e-01,-9.999991655349731445e-01,-9.999980330467224121e-01,9.999877810478210449e-01,9.999989271163940430e-01,9.999958872795104980e-01,-9.999990463256835938e-01,9.999991655349731445e-01,-9.999986290931701660e-01,9.999988675117492676e-01,9.999622702598571777e-01,-9.999994039535522461e-01,9.999982714653015137e-01,-9.999994039535522461e-01,9.999988079071044922e-01,9.999968409538269043e-01,9.999983906745910645e-01,9.999991655349731445e-01,-9.999977350234985352e-01,-9.999988675117492676e-01,9.999983906745910645e-01,9.999936819076538086e-01,9.999967217445373535e-01,-9.999924898147583008e-01,9.999960660934448242e-01
