9.999980926513671875e-01,-9.999981522560119629e-01,-9.999848604202270508e-01,9.999980926513671875e-01,9.999988079071044922e-01,-9.999985694885253906e-01,9.999938607215881348e-01,9.999989271163940430e-01,-9.999968409538269043e-01,9.999966621398925781e-01,-9.999973773956298828e-01,-9.999987483024597168e-01,9.999980330467224121e-01,9.999977946281433105e-01,9.999575018882751465e-01,9.999975562095642090e-01,9.999976754188537598e-01,-9.999983906745910645e-01,9.999852180480957031e-01,-9.999990463256835938e-01,-9.999988675117492676e-01,9.999843835830688477e-01,9.999977946281433105e-01,9.999985098838806152e-01,9.999891519546508789e-01,9.999989271163940430e-01,-9.999984502792358398e-01,-9.999988675117492676e-01,9.999728798866271973e-01,-9.999963045120239258e-01,-9.999956488609313965e-01,-9.999985098838806152e-01,9.999946355819702148e-01,9.999976158142089844e-01,-9.999964833259582520e-01,-9.999909996986389160e-01,9.999988675117492676e-01,9.999985694885253906e-01,9.999924898147583008e-01,-9.999988675117492676e-01,9.999983906745910645e-01,-9.999970793724060059e-01,9.999319314956665039e-01,9.999985694885253906e-01,9.999970793724060059e-01,9.999977350234985352e-01,9.999931454658508301e-01,9.999979138374328613e-01,9.999988079071044922e-01,-9.999985098838806152e-01,-9.999987483024597168e-01,-9.999973177909851074e-01,-9.999985098838806152e-01,-9.999901652336120605e-01,-9.999959468841552734e-01,-9.999979138374328613e-01,-9.999976158142089844e-01,9.999654293060302734e-01,9.999977946281433105e-01,9.999980330467224121e-01,-9.999964237213134766e-01,9.999988675117492676e-01,9.999982118606567383e-01,9.999947547912597656e-01,-9.999954700469970703e-01,-9.999987483024597168e-01,-9.999988675117492676e-01,-9.999934434890747070e-01,-9.999983906745910645e-01,9.999988675117492676e-01,-9.999986290931701660e-01,9.999978542327880859e-01,9.999966025352478027e-01,-9.999889135360717773e-01,9.989188909530639648e-01,-9.999980330467224121e-01,9.999904036521911621e-01,9.999984502792358398e-01,-9.999898076057434082e-01,-9.999970197677612305e-01,-9.999552965164184570e-01,9.999974370002746582e-01,-9.999987483024597168e-01,9.999911189079284668e-01,-9.999982714653015137e-01,-9.999821186065673828e-01,9.999920129776000977e-01,9.999987483024597168e-01,-9.999551773071289062e-01,9.999973773956298828e-01,-9.999981522560119629e-01,9.999982714653015137e-01,-9.999727606773376465e-01,-9.999979734420776367e-01,9.999983906745910645e-01,-9.999976754188537598e-01,-9.999876618385314941e-01,9.999988675117492676e-01,-9.999986290931701660e-01,9.999880194664001465e-01,-9.999972581863403320e-01,9.999986290931701660e-01,-9.999813437461853027e-01,-9.999778270721435547e-01,9.999984502792358398e-01,9.999963045120239258e-01,9.999733567237854004e-01,-9.999974370002746582e-01,-9.999945759773254395e-01,9.999984502792358398e-01,-9.999976158142089844e-01,9.999985098838806152e-01,-9.999979138374328613e-01,-9.999892115592956543e-01,9.999989867210388184e-01,-9.999983310699462891e-01,9.999986290931701660e-01,-9.999986290931701660e-01,-9.999927282333374023e-01,-9.999980330467224121e-01,-9.999988079071044922e-01,9.999955296516418457e-01,9.999986290931701660e-01,-9.999973177909851074e-01,9.999607801437377930e-01,-9.999950528144836426e-01,9.999712705612182617e-01,-9.999976754188537598e-01
-9.999981522560119629e-01,9.999983310699462891e-01,9.999861121177673340e-01,-9.999981522560119629e-01,-9.999989271163940430e-01,9.999986886978149414e-01,-9.999942779541015625e-01,-9.999991059303283691e-01,9.999970793724060059e-01,-9.999970197677612305e-01,9.999976158142089844e-01,9.999988675117492676e-01,-9.999982118606567383e-01,-9.999979734420776367e-01,-9.999608993530273438e-01,-9.999977946281433105e-01,-9.999978542327880859e-01,9.999985694885253906e-01,-9.999862909317016602e-01,9.999991059303283691e-01,9.999988675117492676e-01,-9.999856352806091309e-01,-9.999979138374328613e-01,-9.999985694885253906e-01,-9.999900460243225098e-01,-9.999991059303283691e-01,9.999985694885253906e-01,9.999988675117492676e-01,-9.999749660491943359e-01,9.999966025352478027e-01,9.999959468841552734e-01,9.999985694885253906e-01,-9.999951124191284180e-01,-9.999978542327880859e-01,9.999967217445373535e-01,9.999916553497314453e-01,-9.999989271163940430e-01,-9.999986290931701660e-01,-9.999931454658508301e-01,9.999989271163940430e-01,-9.999986290931701660e-01,9.999972581863403320e-01,-9.999374151229858398e-01,-9.999986886978149414e-01,-9.999973177909851074e-01,-9.999979138374328613e-01,-9.999936223030090332e-01,-9.999979734420776367e-01,-9.999988079071044922e-01,9.999986290931701660e-01,9.999987483024597168e-01,9.999974370002746582e-01,9.999985694885253906e-01,9.999909996986389160e-01,9.999961853027343750e-01,9.999980330467224121e-01,9.999977946281433105e-01,-9.999682307243347168e-01,-9.999979734420776367e-01,-9.999981522560119629e-01,9.999966621398925781e-01,-9.999989271163940430e-01,-9.999982118606567383e-01,-9.999951720237731934e-01,9.999957680702209473e-01,9.999988675117492676e-01,9.999990463256835938e-01,9.999939203262329102e-01,9.999984502792358398e-01,-9.999989271163940430e-01,9.999986886978149414e-01,-9.999980330467224121e-01,-9.999969005584716797e-01,9.999897480010986328e-01,-9.990072250366210938e-01,9.999980926513671875e-01,-9.999911785125732422e-01,-9.999985098838806152e-01,9.999905228614807129e-01,9.999971985816955566e-01,9.999589323997497559e-01,-9.999975562095642090e-01,9.999987483024597168e-01,-9.999918341636657715e-01,9.999983906745910645e-01,9.999835491180419922e-01,-9.999926686286926270e-01,-9.999988079071044922e-01,9.999587535858154297e-01,-9.999975562095642090e-01,9.999983310699462891e-01,-9.999984502792358398e-01,9.999749660491943359e-01,9.999981522560119629e-01,-9.999985694885253906e-01,9.999977946281433105e-01,9.999886751174926758e-01,-9.999988675117492676e-01,9.999987483024597168e-01,-9.999889135360717773e-01,9.999973773956298828e-01,-9.999987483024597168e-01,9.999828338623046875e-01,9.999796152114868164e-01,-9.999985694885253906e-01,-9.999966621398925781e-01,-9.999754428863525391e-01,9.999976158142089844e-01,9.999948143959045410e-01,-9.999986290931701660e-01,9.999977350234985352e-01,-9.999985694885253906e-01,9.999980926513671875e-01,9.999901056289672852e-01,-9.999991059303283691e-01,9.999985098838806152e-01,-9.999986886978149414e-01,9.999987483024597168e-01,9.999933242797851562e-01,9.999981522560119629e-01,9.999988675117492676e-01,-9.999958872795104980e-01,-9.999986886978149414e-01,9.999975562095642090e-01,-9.999639391899108887e-01,9.999954700469970703e-01,-9.999735951423645020e-01,9.999978542327880859e-01
-9.999848604202270508e-01,9.999861121177673340e-01,9.998776912689208984e-01,-9.999848604202270508e-01,-9.999905228614807129e-01,9.999884366989135742e-01,-9.999496936798095703e-01,-9.999915361404418945e-01,9.999749064445495605e-01,-9.999741315841674805e-01,9.999791383743286133e-01,9.999905824661254883e-01,-9.999843835830688477e-01,-9.999821782112121582e-01,-9.996573925018310547e-01,-9.999811649322509766e-01,-9.999814033508300781e-01,9.999877214431762695e-01,-9.998802542686462402e-01,9.999919533729553223e-01,9.999908804893493652e-01,-9.998735785484313965e-01,-9.999829530715942383e-01,-9.999875426292419434e-01,-9.999123215675354004e-01,-9.999917149543762207e-01,9.999875426292419434e-01,9.999907612800598145e-01,-9.997804164886474609e-01,9.999704957008361816e-01,9.999650120735168457e-01,9.999882578849792480e-01,-9.999572634696960449e-01,-9.999812245368957520e-01,9.999716877937316895e-01,9.999275207519531250e-01,-9.999913573265075684e-01,-9.999887347221374512e-01,-9.999402165412902832e-01,9.999904632568359375e-01,-9.999871253967285156e-01,9.999767541885375977e-01,-9.994508624076843262e-01,-9.999887347221374512e-01,-9.999766349792480469e-01,-9.999821186065673828e-01,-9.999436736106872559e-01,-9.999827146530151367e-01,-9.999897480010986328e-01,9.999881982803344727e-01,9.999892711639404297e-01,9.999779462814331055e-01,9.999881982803344727e-01,9.999207258224487305e-01,9.999670982360839844e-01,9.999827146530151367e-01,9.999809265136718750e-01,-9.997209310531616211e-01,-9.999824166297912598e-01,-9.999841451644897461e-01,9.999708533287048340e-01,-9.999908804893493652e-01,-9.999855756759643555e-01,-9.999582171440124512e-01,9.999638199806213379e-01,9.999899268150329590e-01,9.999912381172180176e-01,9.999470710754394531e-01,9.999871850013732910e-01,-9.999903440475463867e-01,9.999888539314270020e-01,-9.999827742576599121e-01,-9.999729990959167480e-01,9.999104142189025879e-01,-9.913330078125000000e-01,9.999845027923583984e-01,-9.999223947525024414e-01,-9.999877810478210449e-01,9.999173283576965332e-01,9.999763369560241699e-01,9.996387958526611328e-01,-9.999793171882629395e-01,9.999897480010986328e-01,-9.999279975891113281e-01,9.999862313270568848e-01,9.998556375503540039e-01,-9.999351501464843750e-01,-9.999898672103881836e-01,9.996381998062133789e-01,-9.999791979789733887e-01,9.999855160713195801e-01,-9.999863505363464355e-01,9.997797012329101562e-01,9.999846220016479492e-01,-9.999878406524658203e-01,9.999812245368957520e-01,9.999007582664489746e-01,-9.999908208847045898e-01,9.999896287918090820e-01,-9.999026060104370117e-01,9.999780654907226562e-01,-9.999889135360717773e-01,9.998488426208496094e-01,9.998212456703186035e-01,-9.999876618385314941e-01,-9.999707937240600586e-01,-9.997845888137817383e-01,9.999797344207763672e-01,9.999551177024841309e-01,-9.999877810478210449e-01,9.999811053276062012e-01,-9.999880790710449219e-01,9.999835491180419922e-01,9.999127388000488281e-01,-9.999917745590209961e-01,9.999868273735046387e-01,-9.999886155128479004e-01,9.999895691871643066e-01,9.999410510063171387e-01,9.999842047691345215e-01,9.999904036521911621e-01,-9.999639987945556641e-01,-9.999888539314270020e-01,9.999784231185913086e-01,-9.996830821037292480e-01,9.999599456787109375e-01,-9.997673034667968750e-01,9.999814629554748535e-01
9.999980926513671875e-01,-9.999981522560119629e-01,-9.999848604202270508e-01,9.999981522560119629e-01,9.999987483024597168e-01,-9.999985694885253906e-01,9.999938011169433594e-01,9.999989271163940430e-01,-9.999969005584716797e-01,9.999967813491821289e-01,-9.999973177909851074e-01,-9.999986886978149414e-01,9.999980330467224121e-01,9.999977350234985352e-01,9.999577999114990234e-01,9.999976158142089844e-01,9.999976754188537598e-01,-9.999983906745910645e-01,9.999852776527404785e-01,-9.999990463256835938e-01,-9.999987483024597168e-01,9.999845027923583984e-01,9.999978542327880859e-01,9.999983310699462891e-01,9.999892711639404297e-01,9.999989867210388184e-01,-9.999984502792358398e-01,-9.999988079071044922e-01,9.999729394912719727e-01,-9.999963045120239258e-01,-9.999957084655761719e-01,-9.999985098838806152e-01,9.999946355819702148e-01,9.999976754188537598e-01,-9.999964833259582520e-01,-9.999910593032836914e-01,9.999988675117492676e-01,9.999985098838806152e-01,9.999925494194030762e-01,-9.999988079071044922e-01,9.999983906745910645e-01,-9.999971389770507812e-01,9.999324083328247070e-01,9.999985694885253906e-01,9.999970793724060059e-01,9.999977946281433105e-01,9.999930858612060547e-01,9.999978542327880859e-01,9.999987483024597168e-01,-9.999985098838806152e-01,-9.999986886978149414e-01,-9.999973177909851074e-01,-9.999985098838806152e-01,-9.999902844429016113e-01,-9.999958872795104980e-01,-9.999978542327880859e-01,-9.999976158142089844e-01,9.999656081199645996e-01,9.999977946281433105e-01,9.999980330467224121e-01,-9.999963641166687012e-01,9.999988079071044922e-01,9.999982118606567383e-01,9.999948143959045410e-01,-9.999955296516418457e-01,-9.999986886978149414e-01,-9.999988675117492676e-01,-9.999935030937194824e-01,-9.999983906745910645e-01,9.999988079071044922e-01,-9.999986290931701660e-01,9.999977946281433105e-01,9.999966025352478027e-01,-9.999890327453613281e-01,9.989265203475952148e-01,-9.999980926513671875e-01,9.999904632568359375e-01,9.999985098838806152e-01,-9.999898076057434082e-01,-9.999970793724060059e-01,-9.999555349349975586e-01,9.999973773956298828e-01,-9.999986886978149414e-01,9.999911785125732422e-01,-9.999982714653015137e-01,-9.999822378158569336e-01,9.999920129776000977e-01,9.999987483024597168e-01,-9.999554157257080078e-01,9.999973177909851074e-01,-9.999982118606567383e-01,9.999982714653015137e-01,-9.999729394912719727e-01,-9.999979734420776367e-01,9.999985098838806152e-01,-9.999976158142089844e-01,-9.999877214431762695e-01,9.999988079071044922e-01,-9.999987483024597168e-01,9.999880194664001465e-01,-9.999971985816955566e-01,9.999985098838806152e-01,-9.999814033508300781e-01,-9.999780654907226562e-01,9.999984502792358398e-01,9.999962449073791504e-01,9.999735355377197266e-01,-9.999974370002746582e-01,-9.999945163726806641e-01,9.999985098838806152e-01,-9.999976754188537598e-01,9.999985098838806152e-01,-9.999979734420776367e-01,-9.999893307685852051e-01,9.999989867210388184e-01,-9.999983310699462891e-01,9.999985694885253906e-01,-9.999986886978149414e-01,-9.999927878379821777e-01,-9.999980330467224121e-01,-9.999987483024597168e-01,9.999956488609313965e-01,9.999986290931701660e-01,-9.999973177909851074e-01,9.999609589576721191e-01,-9.999949932098388672e-01,9.999714493751525879e-01,-9.999976754188537598e-01
9.999988079071044922e-01,-9.999989271163940430e-01,-9.999905228614807129e-01,9.999987483024597168e-01,9.999992847442626953e-01,-9.999991655349731445e-01,9.999960660934448242e-01,9.999994039535522461e-01,-9.999980330467224121e-01,9.999980926513671875e-01,-9.999983906745910645e-01,-9.999992251396179199e-01,9.999988079071044922e-01,9.999986290931701660e-01,9.999735951423645020e-01,9.999984502792358398e-01,9.999985694885253906e-01,-9.999989867210388184e-01,9.999908804893493652e-01,-9.999994039535522461e-01,-9.999993443489074707e-01,9.999902844429016113e-01,9.999986290931701660e-01,9.999991059303283691e-01,9.999932646751403809e-01,9.999994039535522461e-01,-9.999991059303283691e-01,-9.999992251396179199e-01,9.999831318855285645e-01,-9.999976754188537598e-01,-9.999972581863403320e-01,-9.999990463256835938e-01,9.999966621398925781e-01,9.999985098838806152e-01,-9.999977946281433105e-01,-9.999944567680358887e-01,9.999992847442626953e-01,9.999991655349731445e-01,9.999954104423522949e-01,-9.999994039535522461e-01,9.999990463256835938e-01,-9.999982118606567383e-01,9.999576210975646973e-01,9.999991655349731445e-01,9.999981522560119629e-01,9.999986886978149414e-01,9.999956488609313965e-01,9.999987483024597168e-01,9.999992251396179199e-01,-9.999991059303283691e-01,-9.999992847442626953e-01,-9.999982714653015137e-01,-9.999991059303283691e-01,-9.999938011169433594e-01,-9.999974966049194336e-01,-9.999987483024597168e-01,-9.999985098838806152e-01,9.999785423278808594e-01,9.999986290931701660e-01,9.999987483024597168e-01,-9.999977946281433105e-01,9.999993443489074707e-01,9.999988675117492676e-01,9.999966621398925781e-01,-9.999970793724060059e-01,-9.999992847442626953e-01,-9.999993443489074707e-01,-9.999958872795104980e-01,-9.999990463256835938e-01,9.999992847442626953e-01,-9.999991655349731445e-01,9.999986290931701660e-01,9.999979138374328613e-01,-9.999931454658508301e-01,9.993274211883544922e-01,-9.999988079071044922e-01,9.999939799308776855e-01,9.999991059303283691e-01,-9.999935626983642578e-01,-9.999981522560119629e-01,-9.999722242355346680e-01,9.999983906745910645e-01,-9.999992251396179199e-01,9.999944567680358887e-01,-9.999989271163940430e-01,-9.999889135360717773e-01,9.999949932098388672e-01,9.999992847442626953e-01,-9.999721646308898926e-01,9.999983906745910645e-01,-9.999989271163940430e-01,9.999989867210388184e-01,-9.999831318855285645e-01,-9.999988079071044922e-01,9.999989867210388184e-01,-9.999985098838806152e-01,-9.999922513961791992e-01,9.999993443489074707e-01,-9.999992251396179199e-01,9.999924898147583008e-01,-9.999982118606567383e-01,9.999991655349731445e-01,-9.999883174896240234e-01,-9.999862909317016602e-01,9.999992251396179199e-01,9.999976754188537598e-01,9.999833703041076660e-01,-9.999984502792358398e-01,-9.999966025352478027e-01,9.999991059303283691e-01,-9.999984502792358398e-01,9.999991059303283691e-01,-9.999986886978149414e-01,-9.999933242797851562e-01,9.999994039535522461e-01,-9.999989867210388184e-01,9.999991655349731445e-01,-9.999992251396179199e-01,-9.999954700469970703e-01,-9.999987483024597168e-01,-9.999992847442626953e-01,9.999971985816955566e-01,9.999991655349731445e-01,-9.999983310699462891e-01,9.999756217002868652e-01,-9.999969005584716797e-01,9.999821186065673828e-01,-9.999985694885253906e-01
-9.999985694885253906e-01,9.999986886978149414e-01,9.999884366989135742e-01,-9.999985694885253906e-01,-9.999991655349731445e-01,9.999989271163940430e-01,-9.999952912330627441e-01,-9.999993443489074707e-01,9.999976158142089844e-01,-9.999974966049194336e-01,9.999980926513671875e-01,9.999991655349731445e-01,-9.999985098838806152e-01,-9.999983906745910645e-01,-9.999674558639526367e-01,-9.999982118606567383e-01,-9.999982118606567383e-01,9.999988675117492676e-01,-9.999887347221374512e-01,9.999992847442626953e-01,9.999991059303283691e-01,-9.999881386756896973e-01,-9.999983906745910645e-01,-9.999988079071044922e-01,-9.999917745590209961e-01,-9.999992251396179199e-01,9.999988675117492676e-01,9.999991655349731445e-01,-9.999791979789733887e-01,9.999971389770507812e-01,9.999967217445373535e-01,9.999988675117492676e-01,-9.999959468841552734e-01,-9.999982714653015137e-01,9.999973177909851074e-01,9.999931454658508301e-01,-9.999992251396179199e-01,-9.999989271163940430e-01,-9.999943375587463379e-01,9.999992251396179199e-01,-9.999988079071044922e-01,9.999978542327880859e-01,-9.999479055404663086e-01,-9.999989867210388184e-01,-9.999977350234985352e-01,-9.999983906745910645e-01,-9.999947547912597656e-01,-9.999984502792358398e-01,-9.999991655349731445e-01,9.999988675117492676e-01,9.999991059303283691e-01,9.999979138374328613e-01,9.999988675117492676e-01,9.999924898147583008e-01,9.999969601631164551e-01,9.999984502792358398e-01,9.999981522560119629e-01,-9.999735951423645020e-01,-9.999983906745910645e-01,-9.999984502792358398e-01,9.999972581863403320e-01,-9.999991655349731445e-01,-9.999986290931701660e-01,-9.999960064888000488e-01,9.999965429306030273e-01,9.999992251396179199e-01,9.999992251396179199e-01,9.999949932098388672e-01,9.999987483024597168e-01,-9.999991059303283691e-01,9.999989867210388184e-01,-9.999983310699462891e-01,-9.999974966049194336e-01,9.999915957450866699e-01,-9.991718530654907227e-01,9.999985098838806152e-01,-9.999926686286926270e-01,-9.999988079071044922e-01,9.999921917915344238e-01,9.999977946281433105e-01,9.999657273292541504e-01,-9.999980330467224121e-01,9.999991059303283691e-01,-9.999932050704956055e-01,9.999987483024597168e-01,9.999863505363464355e-01,-9.999939799308776855e-01,-9.999992251396179199e-01,9.999656677246093750e-01,-9.999980330467224121e-01,9.999986886978149414e-01,-9.999987483024597168e-01,9.999791979789733887e-01,9.999985098838806152e-01,-9.999988079071044922e-01,9.999982118606567383e-01,9.999906420707702637e-01,-9.999991655349731445e-01,9.999990463256835938e-01,-9.999908208847045898e-01,9.999978542327880859e-01,-9.999989271163940430e-01,9.999856948852539062e-01,9.999830722808837891e-01,-9.999988675117492676e-01,-9.999971985816955566e-01,-9.999796748161315918e-01,9.999980330467224121e-01,9.999957680702209473e-01,-9.999988079071044922e-01,9.999982118606567383e-01,-9.999989271163940430e-01,9.999983906745910645e-01,9.999918341636657715e-01,-9.999993443489074707e-01,9.999988079071044922e-01,-9.999989867210388184e-01,9.999990463256835938e-01,9.999945163726806641e-01,9.999985098838806152e-01,9.999991059303283691e-01,-9.999965429306030273e-01,-9.999989867210388184e-01,9.999979734420776367e-01,-9.999700784683227539e-01,9.999961256980895996e-01,-9.999780654907226562e-01,9.999982118606567383e-01
9.999938607215881348e-01,-9.999942779541015625e-01,-9.999496936798095703e-01,9.999938011169433594e-01,9.999960660934448242e-01,-9.999952912330627441e-01,9.999794363975524902e-01,9.999964833259582520e-01,-9.999896883964538574e-01,9.999894499778747559e-01,-9.999914765357971191e-01,-9.999960660934448242e-01,9.999935626983642578e-01,9.999927878379821777e-01,9.998591542243957520e-01,9.999923110008239746e-01,9.999924898147583008e-01,-9.999949932098388672e-01,9.999507665634155273e-01,-9.999967217445373535e-01,-9.999962449073791504e-01,9.999480247497558594e-01,9.999930262565612793e-01,9.999948740005493164e-01,9.999640583992004395e-01,9.999965429306030273e-01,-9.999948740005493164e-01,-9.999961853027343750e-01,9.999096393585205078e-01,-9.999879598617553711e-01,-9.999857544898986816e-01,-9.999951720237731934e-01,9.999824762344360352e-01,9.999922513961791992e-01,-9.999884963035583496e-01,-9.999702572822570801e-01,9.999964237213134766e-01,9.999954104423522949e-01,9.999754428863525391e-01,-9.999961256980895996e-01,9.999946951866149902e-01,-9.999904632568359375e-01,9.997741580009460449e-01,9.999954104423522949e-01,9.999904632568359375e-01,9.999927282333374023e-01,9.999768733978271484e-01,9.999929666519165039e-01,9.999958872795104980e-01,-9.999951720237731934e-01,-9.999956488609313965e-01,-9.999909996986389160e-01,-9.999951124191284180e-01,-9.999674558639526367e-01,-9.999865889549255371e-01,-9.999930262565612793e-01,-9.999923110008239746e-01,9.998853206634521484e-01,9.999928474426269531e-01,9.999934434890747070e-01,-9.999880790710449219e-01,9.999962449073791504e-01,9.999940991401672363e-01,9.999828934669494629e-01,-9.999851584434509277e-01,-9.999959468841552734e-01,-9.999963641166687012e-01,-9.999783039093017578e-01,-9.999948740005493164e-01,9.999960660934448242e-01,-9.999954700469970703e-01,9.999929070472717285e-01,9.999889731407165527e-01,-9.999631643295288086e-01,9.964172840118408203e-01,-9.999936223030090332e-01,9.999681711196899414e-01,9.999949932098388672e-01,-9.999660253524780273e-01,-9.999902844429016113e-01,-9.998514652252197266e-01,9.999915361404418945e-01,-9.999958276748657227e-01,9.999705553054809570e-01,-9.999943971633911133e-01,-9.999406337738037109e-01,9.999733567237854004e-01,9.999958276748657227e-01,-9.998512268066406250e-01,9.999914765357971191e-01,-9.999940991401672363e-01,9.999944567680358887e-01,-9.999094009399414062e-01,-9.999937415122985840e-01,9.999949932098388672e-01,-9.999924302101135254e-01,-9.999592304229736328e-01,9.999961853027343750e-01,-9.999958276748657227e-01,9.999600052833557129e-01,-9.999909996986389160e-01,9.999955296516418457e-01,-9.999378323554992676e-01,-9.999264478683471680e-01,9.999949336051940918e-01,9.999880194664001465e-01,9.999113678932189941e-01,-9.999917149543762207e-01,-9.999817013740539551e-01,9.999949932098388672e-01,-9.999922513961791992e-01,9.999951720237731934e-01,-9.999932646751403809e-01,-9.999642372131347656e-01,9.999965429306030273e-01,-9.999946951866149902e-01,9.999954104423522949e-01,-9.999958276748657227e-01,-9.999758005142211914e-01,-9.999936223030090332e-01,-9.999961256980895996e-01,9.999853372573852539e-01,9.999954700469970703e-01,-9.999911785125732422e-01,9.998697042465209961e-01,-9.999836087226867676e-01,9.999042749404907227e-01,-9.999923706054687500e-01
9.999989271163940430e-01,-9.999991059303283691e-01,-9.999915361404418945e-01,9.999989271163940430e-01,9.999994039535522461e-01,-9.999993443489074707e-01,9.999964833259582520e-01,9.999995231628417969e-01,-9.999982118606567383e-01,9.999981522560119629e-01,-9.999986290931701660e-01,-9.999994039535522461e-01,9.999989867210388184e-01,9.999987483024597168e-01,9.999762773513793945e-01,9.999986886978149414e-01,9.999986886978149414e-01,-9.999991655349731445e-01,9.999917745590209961e-01,-9.999994635581970215e-01,-9.999993443489074707e-01,9.999912977218627930e-01,9.999988079071044922e-01,9.999991655349731445e-01,9.999939203262329102e-01,9.999995231628417969e-01,-9.999992847442626953e-01,-9.999994039535522461e-01,9.999848008155822754e-01,-9.999979734420776367e-01,-9.999976158142089844e-01,-9.999993443489074707e-01,9.999969005584716797e-01,9.999987483024597168e-01,-9.999981522560119629e-01,-9.999949932098388672e-01,9.999994039535522461e-01,9.999992847442626953e-01,9.999958872795104980e-01,-9.999994635581970215e-01,9.999992847442626953e-01,-9.999983906745910645e-01,9.999618530273437500e-01,9.999992251396179199e-01,9.999984502792358398e-01,9.999988079071044922e-01,9.999960660934448242e-01,9.999988675117492676e-01,9.999993443489074707e-01,-9.999992251396179199e-01,-9.999994039535522461e-01,-9.999985098838806152e-01,-9.999992251396179199e-01,-9.999945163726806641e-01,-9.999976754188537598e-01,-9.999988675117492676e-01,-9.999986886978149414e-01,9.999806880950927734e-01,9.999988079071044922e-01,9.999988675117492676e-01,-9.999980330467224121e-01,9.999994039535522461e-01,9.999990463256835938e-01,9.999970793724060059e-01,-9.999973773956298828e-01,-9.999993443489074707e-01,-9.999994039535522461e-01,-9.999963045120239258e-01,-9.999991655349731445e-01,9.999994635581970215e-01,-9.999992847442626953e-01,9.999988079071044922e-01,9.999980926513671875e-01,-9.999938011169433594e-01,9.993938803672790527e-01,-9.999989271163940430e-01,9.999946355819702148e-01,9.999991655349731445e-01,-9.999943375587463379e-01,-9.999984502792358398e-01,-9.999749064445495605e-01,9.999985694885253906e-01,-9.999993443489074707e-01,9.999951124191284180e-01,-9.999991059303283691e-01,-9.999899864196777344e-01,9.999955296516418457e-01,9.999993443489074707e-01,-9.999749064445495605e-01,9.999985694885253906e-01,-9.999990463256835938e-01,9.999991059303283691e-01,-9.999848604202270508e-01,-9.999989271163940430e-01,9.999991655349731445e-01,-9.999986290931701660e-01,-9.999931454658508301e-01,9.999994039535522461e-01,-9.999993443489074707e-01,9.999932646751403809e-01,-9.999984502792358398e-01,9.999993443489074707e-01,-9.999894499778747559e-01,-9.999876022338867188e-01,9.999991655349731445e-01,9.999979734420776367e-01,9.999851584434509277e-01,-9.999985694885253906e-01,-9.999968409538269043e-01,9.999992251396179199e-01,-9.999986886978149414e-01,9.999992251396179199e-01,-9.999989271163940430e-01,-9.999940395355224609e-01,9.999995231628417969e-01,-9.999991059303283691e-01,9.999993443489074707e-01,-9.999993443489074707e-01,-9.999960064888000488e-01,-9.999989271163940430e-01,-9.999994635581970215e-01,9.999975562095642090e-01,9.999993443489074707e-01,-9.999985098838806152e-01,9.999780654907226562e-01,-9.999972581863403320e-01,9.999839067459106445e-01,-9.999987483024597168e-01
-9.999968409538269043e-01,9.999970793724060059e-01,9.999749064445495605e-01,-9.999969005584716797e-01,-9.999980330467224121e-01,9.999976158142089844e-01,-9.999896883964538574e-01,-9.999982118606567383e-01,9.999948740005493164e-01,-9.999946951866149902e-01,9.999957084655761719e-01,9.999980330467224121e-01,-9.999967217445373535e-01,-9.999963045120239258e-01,-9.999295473098754883e-01,-9.999960064888000488e-01,-9.999961256980895996e-01,9.999974370002746582e-01,-9.999754428863525391e-01,9.999983310699462891e-01,9.999979734420776367e-01,-9.999740719795227051e-01,-9.999964833259582520e-01,-9.999973773956298828e-01,-9.999820590019226074e-01,-9.999982714653015137e-01,9.999973773956298828e-01,9.999979734420776367e-01,-9.999548792839050293e-01,9.999940395355224609e-01,9.999929070472717285e-01,9.999975562095642090e-01,-9.999911785125732422e-01,-9.999961853027343750e-01,9.999942183494567871e-01,9.999851584434509277e-01,-9.999980926513671875e-01,-9.999976158142089844e-01,-9.999876618385314941e-01,9.999980330467224121e-01,-9.999973177909851074e-01,9.999952316284179688e-01,-9.998871088027954102e-01,-9.999976754188537598e-01,-9.999952316284179688e-01,-9.999962449073791504e-01,-9.999885559082031250e-01,-9.999963641166687012e-01,-9.999978542327880859e-01,9.999975562095642090e-01,9.999977350234985352e-01,9.999955296516418457e-01,9.999975562095642090e-01,9.999837279319763184e-01,9.999933838844299316e-01,9.999964237213134766e-01,9.999960064888000488e-01,-9.999426603317260742e-01,-9.999963045120239258e-01,-9.999966621398925781e-01,9.999939799308776855e-01,-9.999980926513671875e-01,-9.999970197677612305e-01,-9.999913573265075684e-01,9.999926090240478516e-01,9.999979138374328613e-01,9.999982118606567383e-01,9.999891519546508789e-01,9.999973177909851074e-01,-9.999980926513671875e-01,9.999976754188537598e-01,-9.999965429306030273e-01,-9.999944567680358887e-01,9.999817013740539551e-01,-9.982069134712219238e-01,9.999967813491821289e-01,-9.999840855598449707e-01,-9.999974966049194336e-01,9.999830126762390137e-01,9.999951720237731934e-01,9.999257922172546387e-01,-9.999957680702209473e-01,9.999979138374328613e-01,-9.999852180480957031e-01,9.999971389770507812e-01,9.999703764915466309e-01,-9.999867677688598633e-01,-9.999979138374328613e-01,9.999256134033203125e-01,-9.999957680702209473e-01,9.999969601631164551e-01,-9.999971389770507812e-01,9.999547004699707031e-01,9.999968409538269043e-01,-9.999974370002746582e-01,9.999961256980895996e-01,9.999796152114868164e-01,-9.999980926513671875e-01,9.999977946281433105e-01,-9.999800920486450195e-01,9.999954104423522949e-01,-9.999976754188537598e-01,9.999688863754272461e-01,9.999632835388183594e-01,-9.999974966049194336e-01,-9.999939799308776855e-01,-9.999557137489318848e-01,9.999958276748657227e-01,9.999908208847045898e-01,-9.999974966049194336e-01,9.999960660934448242e-01,-9.999976158142089844e-01,9.999966025352478027e-01,9.999821782112121582e-01,-9.999982714653015137e-01,9.999972581863403320e-01,-9.999976158142089844e-01,9.999978542327880859e-01,9.999879002571105957e-01,9.999967217445373535e-01,9.999979734420776367e-01,-9.999926090240478516e-01,-9.999976754188537598e-01,9.999956488609313965e-01,-9.999348521232604980e-01,9.999917745590209961e-01,-9.999521970748901367e-01,9.999961256980895996e-01
9.999966621398925781e-01,-9.999970197677612305e-01,-9.999741315841674805e-01,9.999967813491821289e-01,9.999980926513671875e-01,-9.999974966049194336e-01,9.999894499778747559e-01,9.999981522560119629e-01,-9.999946951866149902e-01,9.999945163726806641e-01,-9.999955892562866211e-01,-9.999979734420776367e-01,9.999966621398925781e-01,9.999963045120239258e-01,9.999274015426635742e-01,9.999958276748657227e-01,9.999960064888000488e-01,-9.999973773956298828e-01,9.999747872352600098e-01,-9.999982714653015137e-01,-9.999980330467224121e-01,9.999733567237854004e-01,9.999963641166687012e-01,9.999973773956298828e-01,9.999814629554748535e-01,9.999982118606567383e-01,-9.999973177909851074e-01,-9.999980330467224121e-01,9.999534487724304199e-01,-9.999937415122985840e-01,-9.999926090240478516e-01,-9.999974966049194336e-01,9.999909400939941406e-01,9.999960660934448242e-01,-9.999940991401672363e-01,-9.999846816062927246e-01,9.999981522560119629e-01,9.999976158142089844e-01,9.999873638153076172e-01,-9.999980330467224121e-01,9.999973177909851074e-01,-9.999951124191284180e-01,9.998836517333984375e-01,9.999975562095642090e-01,9.999950528144836426e-01,9.999961256980895996e-01,9.999880790710449219e-01,9.999963641166687012e-01,9.999977946281433105e-01,-9.999975562095642090e-01,-9.999976754188537598e-01,-9.999954104423522949e-01,-9.999975562095642090e-01,-9.999832510948181152e-01,-9.999931454658508301e-01,-9.999963045120239258e-01,-9.999959468841552734e-01,9.999409914016723633e-01,9.999961853027343750e-01,9.999966621398925781e-01,-9.999938011169433594e-01,9.999981522560119629e-01,9.999969005584716797e-01,9.999911785125732422e-01,-9.999923706054687500e-01,-9.999978542327880859e-01,-9.999981522560119629e-01,-9.999887943267822266e-01,-9.999972581863403320e-01,9.999979734420776367e-01,-9.999976754188537598e-01,9.999964237213134766e-01,9.999943375587463379e-01,-9.999811053276062012e-01,9.981523156166076660e-01,-9.999966621398925781e-01,9.999836087226867676e-01,9.999973773956298828e-01,-9.999825358390808105e-01,-9.999949932098388672e-01,-9.999235272407531738e-01,9.999956488609313965e-01,-9.999977946281433105e-01,9.999849200248718262e-01,-9.999970197677612305e-01,-9.999694824218750000e-01,9.999862909317016602e-01,9.999978542327880859e-01,-9.999233484268188477e-01,9.999955892562866211e-01,-9.999969005584716797e-01,9.999971389770507812e-01,-9.999533295631408691e-01,-9.999967217445373535e-01,9.999973773956298828e-01,-9.999958872795104980e-01,-9.999789595603942871e-01,9.999980330467224121e-01,-9.999977946281433105e-01,9.999794960021972656e-01,-9.999953508377075195e-01,9.999976158142089844e-01,-9.999680519104003906e-01,-9.999621510505676270e-01,9.999973773956298828e-01,9.999939203262329102e-01,9.999544620513916016e-01,-9.999957084655761719e-01,-9.999905824661254883e-01,9.999973773956298828e-01,-9.999959468841552734e-01,9.999974370002746582e-01,-9.999964833259582520e-01,-9.999815821647644043e-01,9.999982118606567383e-01,-9.999971985816955566e-01,9.999975562095642090e-01,-9.999977946281433105e-01,-9.999875426292419434e-01,-9.999966025352478027e-01,-9.999979138374328613e-01,9.999924898147583008e-01,9.999976158142089844e-01,-9.999955296516418457e-01,9.999328851699829102e-01,-9.999915361404418945e-01,9.999507069587707520e-01,-9.999960064888000488e-01
-9.999973773956298828e-01,9.999976158142089844e-01,9.999791383743286133e-01,-9.999973177909851074e-01,-9.999983906745910645e-01,9.999980926513671875e-01,-9.999914765357971191e-01,-9.999986290931701660e-01,9.999957084655761719e-01,-9.999955892562866211e-01,9.999964237213134766e-01,9.999983906745910645e-01,-9.999973177909851074e-01,-9.999969601631164551e-01,-9.999416470527648926e-01,-9.999966621398925781e-01,-9.999967813491821289e-01,9.999978542327880859e-01,-9.999796748161315918e-01,9.999986290931701660e-01,9.999984502792358398e-01,-9.999786019325256348e-01,-9.999970793724060059e-01,-9.999979138374328613e-01,-9.999850988388061523e-01,-9.999985694885253906e-01,9.999978542327880859e-01,9.999983906745910645e-01,-9.999625682830810547e-01,9.999949932098388672e-01,9.999940395355224609e-01,9.999979734420776367e-01,-9.999927282333374023e-01,-9.999967813491821289e-01,9.999952912330627441e-01,9.999877214431762695e-01,-9.999985098838806152e-01,-9.999980926513671875e-01,-9.999898672103881836e-01,9.999984502792358398e-01,-9.999978542327880859e-01,9.999960064888000488e-01,-9.999063611030578613e-01,-9.999980330467224121e-01,-9.999959468841552734e-01,-9.999969005584716797e-01,-9.999905228614807129e-01,-9.999970197677612305e-01,-9.999982118606567383e-01,9.999979734420776367e-01,9.999982714653015137e-01,9.999963045120239258e-01,9.999979734420776367e-01,9.999865293502807617e-01,9.999943971633911133e-01,9.999970793724060059e-01,9.999967217445373535e-01,-9.999524950981140137e-01,-9.999969601631164551e-01,-9.999973177909851074e-01,9.999950528144836426e-01,-9.999984502792358398e-01,-9.999974966049194336e-01,-9.999929070472717285e-01,9.999938011169433594e-01,9.999982714653015137e-01,9.999983906745910645e-01,9.999909400939941406e-01,9.999977350234985352e-01,-9.999984502792358398e-01,9.999980926513671875e-01,-9.999970197677612305e-01,-9.999954104423522949e-01,9.999848008155822754e-01,-9.985137581825256348e-01,9.999972581863403320e-01,-9.999869465827941895e-01,-9.999978542327880859e-01,9.999859333038330078e-01,9.999960660934448242e-01,9.999384880065917969e-01,-9.999964237213134766e-01,9.999982714653015137e-01,-9.999877810478210449e-01,9.999976158142089844e-01,9.999753832817077637e-01,-9.999890327453613281e-01,-9.999982714653015137e-01,9.999384880065917969e-01,-9.999964237213134766e-01,9.999975562095642090e-01,-9.999977350234985352e-01,9.999624490737915039e-01,9.999973773956298828e-01,-9.999979138374328613e-01,9.999967813491821289e-01,9.999830722808837891e-01,-9.999984502792358398e-01,9.999982118606567383e-01,-9.999834299087524414e-01,9.999962449073791504e-01,-9.999980926513671875e-01,9.999743103981018066e-01,9.999696016311645508e-01,-9.999979138374328613e-01,-9.999950528144836426e-01,-9.999632239341735840e-01,9.999965429306030273e-01,9.999923706054687500e-01,-9.999979138374328613e-01,9.999967217445373535e-01,-9.999979138374328613e-01,9.999971389770507812e-01,9.999851584434509277e-01,-9.999986886978149414e-01,9.999977350234985352e-01,-9.999981522560119629e-01,9.999982118606567383e-01,9.999899864196777344e-01,9.999973773956298828e-01,9.999983310699462891e-01,-9.999939799308776855e-01,-9.999980926513671875e-01,9.999962449073791504e-01,-9.999461174011230469e-01,9.999932050704956055e-01,-9.999603629112243652e-01,9.999967813491821289e-01
-9.999987483024597168e-01,9.999988675117492676e-01,9.999905824661254883e-01,-9.999986886978149414e-01,-9.999992251396179199e-01,9.999991655349731445e-01,-9.999960660934448242e-01,-9.999994039535522461e-01,9.999980330467224121e-01,-9.999979734420776367e-01,9.999983906745910645e-01,9.999992251396179199e-01,-9.999986886978149414e-01,-9.999986290931701660e-01,-9.999737143516540527e-01,-9.999983906745910645e-01,-9.999985694885253906e-01,9.999991059303283691e-01,-9.999908208847045898e-01,9.999994039535522461e-01,9.999992251396179199e-01,-9.999903440475463867e-01,-9.999985098838806152e-01,-9.999991059303283691e-01,-9.999932050704956055e-01,-9.999994039535522461e-01,9.999991059303283691e-01,9.999991655349731445e-01,-9.999831318855285645e-01,9.999976158142089844e-01,9.999972581863403320e-01,9.999990463256835938e-01,-9.999966025352478027e-01,-9.999985098838806152e-01,9.999977946281433105e-01,9.999943971633911133e-01,-9.999992847442626953e-01,-9.999991059303283691e-01,-9.999952912330627441e-01,9.999992847442626953e-01,-9.999990463256835938e-01,9.999980926513671875e-01,-9.999577999114990234e-01,-9.999990463256835938e-01,-9.999980926513671875e-01,-9.999986290931701660e-01,-9.999957084655761719e-01,-9.999986290931701660e-01,-9.999992251396179199e-01,9.999991655349731445e-01,9.999992251396179199e-01,9.999982714653015137e-01,9.999991059303283691e-01,9.999938607215881348e-01,9.999974370002746582e-01,9.999986290931701660e-01,9.999984502792358398e-01,-9.999785423278808594e-01,-9.999985694885253906e-01,-9.999986886978149414e-01,9.999976754188537598e-01,-9.999993443489074707e-01,-9.999988079071044922e-01,-9.999967813491821289e-01,9.999971389770507812e-01,9.999991655349731445e-01,9.999992847442626953e-01,9.999958872795104980e-01,9.999989271163940430e-01,-9.999992847442626953e-01,9.999991655349731445e-01,-9.999986886978149414e-01,-9.999979138374328613e-01,9.999931454658508301e-01,-9.993304610252380371e-01,9.999987483024597168e-01,-9.999939799308776855e-01,-9.999989867210388184e-01,9.999935626983642578e-01,9.999980330467224121e-01,9.999722838401794434e-01,-9.999982714653015137e-01,9.999992847442626953e-01,-9.999943971633911133e-01,9.999989271163940430e-01,9.999888539314270020e-01,-9.999949932098388672e-01,-9.999992847442626953e-01,9.999722242355346680e-01,-9.999982714653015137e-01,9.999988675117492676e-01,-9.999989271163940430e-01,9.999831318855285645e-01,9.999986886978149414e-01,-9.999991059303283691e-01,9.999984502792358398e-01,9.999923110008239746e-01,-9.999992251396179199e-01,9.999992251396179199e-01,-9.999925494194030762e-01,9.999982118606567383e-01,-9.999991059303283691e-01,9.999884366989135742e-01,9.999862313270568848e-01,-9.999991059303283691e-01,-9.999976754188537598e-01,-9.999834299087524414e-01,9.999983310699462891e-01,9.999965429306030273e-01,-9.999991059303283691e-01,9.999984502792358398e-01,-9.999991059303283691e-01,9.999986290931701660e-01,9.999933242797851562e-01,-9.999993443489074707e-01,9.999989271163940430e-01,-9.999991655349731445e-01,9.999991655349731445e-01,9.999954104423522949e-01,9.999987483024597168e-01,9.999992251396179199e-01,-9.999971985816955566e-01,-9.999991059303283691e-01,9.999983310699462891e-01,-9.999756813049316406e-01,9.999967813491821289e-01,-9.999821186065673828e-01,9.999984502792358398e-01
