9.999983906745910645e-01,-9.999985694885253906e-01,-9.999925494194030762e-01,9.999981522560119629e-01,9.999989271163940430e-01,-9.999986886978149414e-01,9.999959468841552734e-01,9.999991059303283691e-01,-9.999974370002746582e-01,9.999979734420776367e-01,-9.999986886978149414e-01,-9.999988675117492676e-01,9.999980926513671875e-01,9.999985098838806152e-01,9.999898672103881836e-01,9.999967813491821289e-01,9.999974370002746582e-01,-9.999985694885253906e-01,9.999935030937194824e-01,-9.999990463256835938e-01,-9.999989867210388184e-01,9.999919533729553223e-01,9.999985098838806152e-01,9.999983906745910645e-01,9.999889135360717773e-01,9.999990463256835938e-01,-9.999983906745910645e-01,-9.999988675117492676e-01,9.999876022338867188e-01,-9.999957680702209473e-01,-9.999928474426269531e-01,-9.999984502792358398e-01,9.999902248382568359e-01,9.999966025352478027e-01,-9.999976158142089844e-01,-9.994903802871704102e-01,9.999990463256835938e-01,9.999986290931701660e-01,9.999923706054687500e-01,-9.999988675117492676e-01,9.999985694885253906e-01,-9.999944567680358887e-01,9.999779462814331055e-01,9.999988079071044922e-01,9.999982714653015137e-01,9.999982118606567383e-01,-9.999925494194030762e-01,9.999983310699462891e-01,9.999988079071044922e-01,-9.999984502792358398e-01,-9.999987483024597168e-01,-9.999982118606567383e-01,-9.999988675117492676e-01,-9.999926090240478516e-01,-9.999980330467224121e-01,-9.999982118606567383e-01,-9.999958872795104980e-01,9.999582171440124512e-01,9.999973773956298828e-01,9.999984502792358398e-01,-9.999983906745910645e-01,9.999989271163940430e-01,9.999983906745910645e-01,9.999954104423522949e-01,-9.999955296516418457e-01,-9.999988675117492676e-01,-9.999991059303283691e-01,-9.999960064888000488e-01,-9.999988675117492676e-01,9.999986290931701660e-01,-9.999986886978149414e-01,9.999979734420776367e-01,9.999932646751403809e-01,-9.999935626983642578e-01,-9.999715685844421387e-01,-9.999983310699462891e-01,9.999929070472717285e-01,9.999987483024597168e-01,-9.999944567680358887e-01,-9.999964833259582520e-01,9.999465346336364746e-01,9.999977350234985352e-01,-9.999988675117492676e-01,9.999977350234985352e-01,-9.999982714653015137e-01,-9.999890327453613281e-01,9.999830722808837891e-01,9.999989271163940430e-01,9.999794363975524902e-01,9.999737739562988281e-01,-9.999969005584716797e-01,9.999983906745910645e-01,-9.999811053276062012e-01,-9.999978542327880859e-01,9.999983906745910645e-01,-9.999979138374328613e-01,-9.999919533729553223e-01,9.999990463256835938e-01,-9.999988079071044922e-01,9.999950528144836426e-01,-9.999967813491821289e-01,9.999987483024597168e-01,-9.999523758888244629e-01,-9.997941851615905762e-01,9.999986290931701660e-01,9.999973773956298828e-01,-9.999753832817077637e-01,-9.999982118606567383e-01,-9.999939799308776855e-01,9.999985098838806152e-01,-9.999983906745910645e-01,9.999983906745910645e-01,-9.999983310699462891e-01,-9.999730587005615234e-01,9.999991059303283691e-01,-9.999980330467224121e-01,9.999988675117492676e-01,-9.999984502792358398e-01,-9.999948740005493164e-01,-9.999979138374328613e-01,-9.999988079071044922e-01,9.999963045120239258e-01,9.999983906745910645e-01,-9.999975562095642090e-01,-9.999872446060180664e-01,-9.999955296516418457e-01,9.999906420707702637e-01,-9.999960660934448242e-01
-9.999985694885253906e-01,9.999989271163940430e-01,9.999939799308776855e-01,-9.999984502792358398e-01,-9.999992847442626953e-01,9.999989271163940430e-01,-9.999965429306030273e-01,-9.999993443489074707e-01,9.999977946281433105e-01,-9.999983310699462891e-01,9.999989867210388184e-01,9.999990463256835938e-01,-9.999984502792358398e-01,-9.999987483024597168e-01,-9.999917149543762207e-01,-9.999973177909851074e-01,-9.999979138374328613e-01,9.999987483024597168e-01,-9.999945759773254395e-01,9.999992251396179199e-01,9.999992251396179199e-01,-9.999935030937194824e-01,-9.999988079071044922e-01,-9.999986886978149414e-01,-9.999909400939941406e-01,-9.999992251396179199e-01,9.999986886978149414e-01,9.999991655349731445e-01,-9.999898076057434082e-01,9.999964833259582520e-01,9.999941587448120117e-01,9.999986886978149414e-01,-9.999919533729553223e-01,-9.999971985816955566e-01,9.999980330467224121e-01,9.995816349983215332e-01,-9.999993443489074707e-01,-9.999988675117492676e-01,-9.999937415122985840e-01,9.999991655349731445e-01,-9.999988675117492676e-01,9.999954700469970703e-01,-9.999819993972778320e-01,-9.999990463256835938e-01,-9.999986290931701660e-01,-9.999985098838806152e-01,9.999939799308776855e-01,-9.999987483024597168e-01,-9.999991059303283691e-01,9.999988079071044922e-01,9.999990463256835938e-01,9.999986290931701660e-01,9.999992251396179199e-01,9.999939799308776855e-01,9.999983906745910645e-01,9.999985098838806152e-01,9.999965429306030273e-01,-9.999656677246093750e-01,-9.999978542327880859e-01,-9.999986886978149414e-01,9.999986886978149414e-01,-9.999991059303283691e-01,-9.999987483024597168e-01,-9.999963045120239258e-01,9.999962449073791504e-01,9.999991059303283691e-01,9.999992847442626953e-01,9.999966025352478027e-01,9.999991655349731445e-01,-9.999988675117492676e-01,9.999989271163940430e-01,-9.999983310699462891e-01,-9.999944567680358887e-01,9.999946355819702148e-01,9.999767541885375977e-01,9.999986290931701660e-01,-9.999941587448120117e-01,-9.999989867210388184e-01,9.999954104423522949e-01,9.999971389770507812e-01,-9.999560713768005371e-01,-9.999980926513671875e-01,9.999989867210388184e-01,-9.999981522560119629e-01,9.999985098838806152e-01,9.999909996986389160e-01,-9.999861717224121094e-01,-9.999991655349731445e-01,-9.999831318855285645e-01,-9.999784827232360840e-01,9.999975562095642090e-01,-9.999986886978149414e-01,9.999845027923583984e-01,9.999982118606567383e-01,-9.999985694885253906e-01,9.999982714653015137e-01,9.999933838844299316e-01,-9.999991059303283691e-01,9.999991059303283691e-01,-9.999959468841552734e-01,9.999974370002746582e-01,-9.999989867210388184e-01,9.999608993530273438e-01,9.998310208320617676e-01,-9.999988675117492676e-01,-9.999978542327880859e-01,9.999798536300659180e-01,9.999985694885253906e-01,9.999949932098388672e-01,-9.999987483024597168e-01,9.999986886978149414e-01,-9.999986886978149414e-01,9.999986290931701660e-01,9.999778866767883301e-01,-9.999992251396179199e-01,9.999983310699462891e-01,-9.999991655349731445e-01,9.999987483024597168e-01,9.999958276748657227e-01,9.999983906745910645e-01,9.999991059303283691e-01,-9.999969005584716797e-01,-9.999986886978149414e-01,9.999980926513671875e-01,9.999895095825195312e-01,9.999963045120239258e-01,-9.999922513961791992e-01,9.999967813491821289e-01
-9.999925494194030762e-01,9.999939799308776855e-01,9.999663829803466797e-01,-9.999915361404418945e-01,-9.999952316284179688e-01,9.999945759773254395e-01,-9.999816417694091797e-01,-9.999956488609313965e-01,9.999882578849792480e-01,-9.999908804893493652e-01,9.999942183494567871e-01,9.999949932098388672e-01,-9.999915361404418945e-01,-9.999932646751403809e-01,-9.999535083770751953e-01,-9.999858140945434570e-01,-9.999885559082031250e-01,9.999935030937194824e-01,-9.999704360961914062e-01,9.999957680702209473e-01,9.999953508377075195e-01,-9.999635815620422363e-01,-9.999933838844299316e-01,-9.999926686286926270e-01,-9.999497532844543457e-01,-9.999954700469970703e-01,9.999926686286926270e-01,9.999951124191284180e-01,-9.999432563781738281e-01,9.999807476997375488e-01,9.999673962593078613e-01,9.999929666519165039e-01,-9.999551773071289062e-01,-9.999847412109375000e-01,9.999893307685852051e-01,9.976766705513000488e-01,-9.999955296516418457e-01,-9.999937415122985840e-01,-9.999650716781616211e-01,9.999949932098388672e-01,-9.999938607215881348e-01,9.999747872352600098e-01,-9.998995661735534668e-01,-9.999948143959045410e-01,-9.999926090240478516e-01,-9.999923706054687500e-01,9.999662637710571289e-01,-9.999929666519165039e-01,-9.999946951866149902e-01,9.999934434890747070e-01,9.999943971633911133e-01,9.999918937683105469e-01,9.999950528144836426e-01,9.999665021896362305e-01,9.999911189079284668e-01,9.999918341636657715e-01,9.999812245368957520e-01,-9.998091459274291992e-01,-9.999881386756896973e-01,-9.999929070472717285e-01,9.999926686286926270e-01,-9.999953508377075195e-01,-9.999928474426269531e-01,-9.999791979789733887e-01,9.999795556068420410e-01,9.999948740005493164e-01,9.999956488609313965e-01,9.999815821647644043e-01,9.999951720237731934e-01,-9.999939799308776855e-01,9.999944567680358887e-01,-9.999909996986389160e-01,-9.999693036079406738e-01,9.999701976776123047e-01,9.998700022697448730e-01,9.999926090240478516e-01,-9.999678730964660645e-01,-9.999944567680358887e-01,9.999746084213256836e-01,9.999838471412658691e-01,-9.997559785842895508e-01,-9.999896883964538574e-01,9.999947547912597656e-01,-9.999897480010986328e-01,9.999922513961791992e-01,9.999498128890991211e-01,-9.999228119850158691e-01,-9.999952912330627441e-01,-9.999059438705444336e-01,-9.998800754547119141e-01,9.999864101409912109e-01,-9.999928474426269531e-01,9.999135136604309082e-01,9.999902248382568359e-01,-9.999923110008239746e-01,9.999907016754150391e-01,9.999631643295288086e-01,-9.999954104423522949e-01,9.999945759773254395e-01,-9.999772310256958008e-01,9.999858140945434570e-01,-9.999945759773254395e-01,9.997827410697937012e-01,9.990603327751159668e-01,-9.999938607215881348e-01,-9.999883174896240234e-01,9.998872876167297363e-01,9.999923110008239746e-01,9.999725222587585449e-01,-9.999932050704956055e-01,9.999927878379821777e-01,-9.999926090240478516e-01,9.999923706054687500e-01,9.998766779899597168e-01,-9.999955892562866211e-01,9.999908208847045898e-01,-9.999952912330627441e-01,9.999929666519165039e-01,9.999768137931823730e-01,9.999909996986389160e-01,9.999947547912597656e-01,-9.999833106994628906e-01,-9.999929070472717285e-01,9.999893307685852051e-01,9.999415874481201172e-01,9.999797940254211426e-01,-9.999575018882751465e-01,9.999822378158569336e-01
9.999981522560119629e-01,-9.999984502792358398e-01,-9.999915361404418945e-01,9.999978542327880859e-01,9.999987483024597168e-01,-9.999985098838806152e-01,9.999954104423522949e-01,9.999988675117492676e-01,-9.999969601631164551e-01,9.999976754188537598e-01,-9.999985098838806152e-01,-9.999986886978149414e-01,9.999978542327880859e-01,9.999982714653015137e-01,9.999883770942687988e-01,9.999963045120239258e-01,9.999970793724060059e-01,-9.999983310699462891e-01,9.999926090240478516e-01,-9.999988675117492676e-01,-9.999988675117492676e-01,9.999908804893493652e-01,9.999983310699462891e-01,9.999981522560119629e-01,9.999873042106628418e-01,9.999988675117492676e-01,-9.999981522560119629e-01,-9.999987483024597168e-01,9.999858140945434570e-01,-9.999951124191284180e-01,-9.999917745590209961e-01,-9.999982118606567383e-01,9.999887943267822266e-01,9.999961256980895996e-01,-9.999972581863403320e-01,-9.994163513183593750e-01,9.999988675117492676e-01,9.999983906745910645e-01,9.999912381172180176e-01,-9.999987483024597168e-01,9.999983906745910645e-01,-9.999936819076538086e-01,9.999748468399047852e-01,9.999986290931701660e-01,9.999979734420776367e-01,9.999980330467224121e-01,-9.999915957450866699e-01,9.999982118606567383e-01,9.999986290931701660e-01,-9.999983310699462891e-01,-9.999985694885253906e-01,-9.999979138374328613e-01,-9.999987483024597168e-01,-9.999915361404418945e-01,-9.999977350234985352e-01,-9.999978542327880859e-01,-9.999952912330627441e-01,9.999521374702453613e-01,9.999969005584716797e-01,9.999980926513671875e-01,-9.999981522560119629e-01,9.999987483024597168e-01,9.999981522560119629e-01,9.999947547912597656e-01,-9.999948740005493164e-01,-9.999986886978149414e-01,-9.999988079071044922e-01,-9.999953508377075195e-01,-9.999987483024597168e-01,9.999984502792358398e-01,-9.999985098838806152e-01,9.999976754188537598e-01,9.999923110008239746e-01,-9.999925494194030762e-01,-9.999673962593078613e-01,-9.999980926513671875e-01,9.999918937683105469e-01,9.999985694885253906e-01,-9.999936223030090332e-01,-9.999960064888000488e-01,9.999387264251708984e-01,9.999973773956298828e-01,-9.999986886978149414e-01,9.999973773956298828e-01,-9.999979138374328613e-01,-9.999873638153076172e-01,9.999806284904479980e-01,9.999988079071044922e-01,9.999763369560241699e-01,9.999699592590332031e-01,-9.999965429306030273e-01,9.999981522560119629e-01,-9.999783635139465332e-01,-9.999974966049194336e-01,9.999980330467224121e-01,-9.999976158142089844e-01,-9.999907612800598145e-01,9.999988675117492676e-01,-9.999986290931701660e-01,9.999942779541015625e-01,-9.999963641166687012e-01,9.999985694885253906e-01,-9.999454617500305176e-01,-9.997642636299133301e-01,9.999984502792358398e-01,9.999970197677612305e-01,-9.999718070030212402e-01,-9.999980330467224121e-01,-9.999930858612060547e-01,9.999982714653015137e-01,-9.999980330467224121e-01,9.999981522560119629e-01,-9.999980330467224121e-01,-9.999692440032958984e-01,9.999988675117492676e-01,-9.999976754188537598e-01,9.999987483024597168e-01,-9.999982118606567383e-01,-9.999942183494567871e-01,-9.999977350234985352e-01,-9.999986290931701660e-01,9.999957680702209473e-01,9.999982118606567383e-01,-9.999971985816955566e-01,-9.999853968620300293e-01,-9.999949336051940918e-01,9.999892711639404297e-01,-9.999954700469970703e-01
9.999989271163940430e-01,-9.999992847442626953e-01,-9.999952316284179688e-01,9.999987483024597168e-01,9.999994039535522461e-01,-9.999992251396179199e-01,9.999973177909851074e-01,9.999994039535522461e-01,-9.999982714653015137e-01,9.999987483024597168e-01,-9.999992847442626953e-01,-9.999993443489074707e-01,9.999988079071044922e-01,9.999990463256835938e-01,9.999933838844299316e-01,9.999979734420776367e-01,9.999984502792358398e-01,-9.999991059303283691e-01,9.999957680702209473e-01,-9.999994039535522461e-01,-9.999994635581970215e-01,9.999947547912597656e-01,9.999992251396179199e-01,9.999989271163940430e-01,9.999927878379821777e-01,9.999994635581970215e-01,-9.999989867210388184e-01,-9.999993443489074707e-01,9.999918937683105469e-01,-9.999972581863403320e-01,-9.999952912330627441e-01,-9.999990463256835938e-01,9.999936223030090332e-01,9.999978542327880859e-01,-9.999985098838806152e-01,-9.996641278266906738e-01,9.999994635581970215e-01,9.999991655349731445e-01,9.999950528144836426e-01,-9.999992847442626953e-01,9.999991655349731445e-01,-9.999963045120239258e-01,9.999855160713195801e-01,9.999992847442626953e-01,9.999989867210388184e-01,9.999988675117492676e-01,-9.999952316284179688e-01,9.999989867210388184e-01,9.999992847442626953e-01,-9.999991059303283691e-01,-9.999993443489074707e-01,-9.999988675117492676e-01,-9.999994635581970215e-01,-9.999951720237731934e-01,-9.999988079071044922e-01,-9.999988079071044922e-01,-9.999973177909851074e-01,9.999725222587585449e-01,9.999983906745910645e-01,9.999989867210388184e-01,-9.999989867210388184e-01,9.999993443489074707e-01,9.999989867210388184e-01,9.999971389770507812e-01,-9.999970793724060059e-01,-9.999993443489074707e-01,-9.999994039535522461e-01,-9.999973773956298828e-01,-9.999993443489074707e-01,9.999991655349731445e-01,-9.999992251396179199e-01,9.999987483024597168e-01,9.999955892562866211e-01,-9.999957084655761719e-01,-9.999813437461853027e-01,-9.999989271163940430e-01,9.999954104423522949e-01,9.999992251396179199e-01,-9.999963045120239258e-01,-9.999976754188537598e-01,9.999648332595825195e-01,9.999985694885253906e-01,-9.999994039535522461e-01,9.999985098838806152e-01,-9.999988675117492676e-01,-9.999927878379821777e-01,9.999889135360717773e-01,9.999994039535522461e-01,9.999865293502807617e-01,9.999827146530151367e-01,-9.999981522560119629e-01,9.999989867210388184e-01,-9.999876022338867188e-01,-9.999986290931701660e-01,9.999989271163940430e-01,-9.999986886978149414e-01,-9.999947547912597656e-01,9.999994039535522461e-01,-9.999992847442626953e-01,9.999967813491821289e-01,-9.999979734420776367e-01,9.999992847442626953e-01,-9.999688267707824707e-01,-9.998644590377807617e-01,9.999992847442626953e-01,9.999982714653015137e-01,-9.999838471412658691e-01,-9.999988675117492676e-01,-9.999960064888000488e-01,9.999991059303283691e-01,-9.999989271163940430e-01,9.999989867210388184e-01,-9.999989271163940430e-01,-9.999822974205017090e-01,9.999994635581970215e-01,-9.999987483024597168e-01,9.999994039535522461e-01,-9.999990463256835938e-01,-9.999966621398925781e-01,-9.999986886978149414e-01,-9.999993443489074707e-01,9.999976158142089844e-01,9.999989867210388184e-01,-9.999984502792358398e-01,-9.999916553497314453e-01,-9.999970197677612305e-01,9.999938607215881348e-01,-9.999974370002746582e-01
-9.999986886978149414e-01,9.999989271163940430e-01,9.999945759773254395e-01,-9.999985098838806152e-01,-9.999992251396179199e-01,9.999990463256835938e-01,-9.999969005584716797e-01,-9.999993443489074707e-01,9.999979734420776367e-01,-9.999984502792358398e-01,9.999991059303283691e-01,9.999991655349731445e-01,-9.999986290931701660e-01,-9.999988079071044922e-01,-9.999924898147583008e-01,-9.999976158142089844e-01,-9.999980330467224121e-01,9.999988675117492676e-01,-9.999951124191284180e-01,9.999992847442626953e-01,9.999991655349731445e-01,-9.999940395355224609e-01,-9.999988675117492676e-01,-9.999988079071044922e-01,-9.999917745590209961e-01,-9.999992251396179199e-01,9.999986886978149414e-01,9.999992251396179199e-01,-9.999907016754150391e-01,9.999968409538269043e-01,9.999946355819702148e-01,9.999988675117492676e-01,-9.999927282333374023e-01,-9.999974370002746582e-01,9.999981522560119629e-01,9.996218085289001465e-01,-9.999992847442626953e-01,-9.999989271163940430e-01,-9.999942183494567871e-01,9.999991059303283691e-01,-9.999990463256835938e-01,9.999958276748657227e-01,-9.999836683273315430e-01,-9.999991059303283691e-01,-9.999986886978149414e-01,-9.999985694885253906e-01,9.999944567680358887e-01,-9.999987483024597168e-01,-9.999991655349731445e-01,9.999988675117492676e-01,9.999990463256835938e-01,9.999986886978149414e-01,9.999992251396179199e-01,9.999945163726806641e-01,9.999984502792358398e-01,9.999985694885253906e-01,9.999969005584716797e-01,-9.999690651893615723e-01,-9.999980330467224121e-01,-9.999987483024597168e-01,9.999988079071044922e-01,-9.999991655349731445e-01,-9.999987483024597168e-01,-9.999965429306030273e-01,9.999966621398925781e-01,9.999991059303283691e-01,9.999992251396179199e-01,9.999969601631164551e-01,9.999991655349731445e-01,-9.999990463256835938e-01,9.999990463256835938e-01,-9.999985098838806152e-01,-9.999948740005493164e-01,9.999951124191284180e-01,9.999788999557495117e-01,9.999986886978149414e-01,-9.999946355819702148e-01,-9.999991059303283691e-01,9.999958276748657227e-01,9.999973177909851074e-01,-9.999602437019348145e-01,-9.999982714653015137e-01,9.999991059303283691e-01,-9.999983310699462891e-01,9.999986290931701660e-01,9.999918341636657715e-01,-9.999874234199523926e-01,-9.999992847442626953e-01,-9.999846220016479492e-01,-9.999805092811584473e-01,9.999977350234985352e-01,-9.999987483024597168e-01,9.999859929084777832e-01,9.999983906745910645e-01,-9.999986290931701660e-01,9.999983906745910645e-01,9.999939203262329102e-01,-9.999992251396179199e-01,9.999990463256835938e-01,-9.999962449073791504e-01,9.999976754188537598e-01,-9.999990463256835938e-01,9.999645948410034180e-01,9.998472929000854492e-01,-9.999990463256835938e-01,-9.999979734420776367e-01,9.999817013740539551e-01,9.999986290931701660e-01,9.999954700469970703e-01,-9.999988079071044922e-01,9.999987483024597168e-01,-9.999988079071044922e-01,9.999986886978149414e-01,9.999800324440002441e-01,-9.999993443489074707e-01,9.999984502792358398e-01,-9.999991655349731445e-01,9.999987483024597168e-01,9.999961853027343750e-01,9.999984502792358398e-01,9.999991655349731445e-01,-9.999971985816955566e-01,-9.999987483024597168e-01,9.999981522560119629e-01,9.999904632568359375e-01,9.999966025352478027e-01,-9.999930262565612793e-01,9.999970197677612305e-01
9.999959468841552734e-01,-9.999965429306030273e-01,-9.999816417694091797e-01,9.999954104423522949e-01,9.999973177909851074e-01,-9.999969005584716797e-01,9.999899268150329590e-01,9.999975562095642090e-01,-9.999936223030090332e-01,9.999949932098388672e-01,-9.999967813491821289e-01,-9.999971985816955566e-01,9.999953508377075195e-01,9.999961256980895996e-01,9.999746084213256836e-01,9.999921321868896484e-01,9.999936819076538086e-01,-9.999964237213134766e-01,9.999838471412658691e-01,-9.999976158142089844e-01,-9.999974370002746582e-01,9.999801516532897949e-01,9.999962449073791504e-01,9.999958276748657227e-01,9.999726414680480957e-01,9.999974370002746582e-01,-9.999959468841552734e-01,-9.999971985816955566e-01,9.999690651893615723e-01,-9.999893903732299805e-01,-9.999821782112121582e-01,-9.999960064888000488e-01,9.999755620956420898e-01,9.999915957450866699e-01,-9.999941587448120117e-01,-9.987307190895080566e-01,9.999975562095642090e-01,9.999964237213134766e-01,9.999809265136718750e-01,-9.999971389770507812e-01,9.999966621398925781e-01,-9.999862313270568848e-01,9.999451041221618652e-01,9.999970793724060059e-01,9.999958872795104980e-01,9.999957680702209473e-01,-9.999815821647644043e-01,9.999961256980895996e-01,9.999970197677612305e-01,-9.999963641166687012e-01,-9.999968409538269043e-01,-9.999955892562866211e-01,-9.999971985816955566e-01,-9.999817013740539551e-01,-9.999951720237731934e-01,-9.999954700469970703e-01,-9.999896883964538574e-01,9.998956918716430664e-01,9.999934434890747070e-01,9.999960660934448242e-01,-9.999960660934448242e-01,9.999973177909851074e-01,9.999960064888000488e-01,9.999886155128479004e-01,-9.999888539314270020e-01,-9.999971389770507812e-01,-9.999975562095642090e-01,-9.999899268150329590e-01,-9.999972581863403320e-01,9.999966621398925781e-01,-9.999968409538269043e-01,9.999950528144836426e-01,9.999831914901733398e-01,-9.999837279319763184e-01,-9.999290108680725098e-01,-9.999958276748657227e-01,9.999824762344360352e-01,9.999969005584716797e-01,-9.999861121177673340e-01,-9.999911189079284668e-01,9.998666644096374512e-01,9.999943971633911133e-01,-9.999970793724060059e-01,9.999943971633911133e-01,-9.999957084655761719e-01,-9.999725818634033203e-01,9.999577999114990234e-01,9.999973177909851074e-01,9.999485611915588379e-01,9.999344944953918457e-01,-9.999925494194030762e-01,9.999959468841552734e-01,-9.999527931213378906e-01,-9.999946355819702148e-01,9.999958276748657227e-01,-9.999948740005493164e-01,-9.999799132347106934e-01,9.999974370002746582e-01,-9.999969601631164551e-01,9.999875426292419434e-01,-9.999922513961791992e-01,9.999969601631164551e-01,-9.998813867568969727e-01,-9.994869828224182129e-01,9.999966025352478027e-01,9.999935030937194824e-01,-9.999384880065917969e-01,-9.999957084655761719e-01,-9.999849200248718262e-01,9.999963045120239258e-01,-9.999958872795104980e-01,9.999959468841552734e-01,-9.999958276748657227e-01,-9.999327063560485840e-01,9.999975562095642090e-01,-9.999949932098388672e-01,9.999973177909851074e-01,-9.999961256980895996e-01,-9.999873042106628418e-01,-9.999950528144836426e-01,-9.999970197677612305e-01,9.999908804893493652e-01,9.999960660934448242e-01,-9.999942183494567871e-01,-9.999681711196899414e-01,-9.999889135360717773e-01,9.999766945838928223e-01,-9.999902844429016113e-01
9.999991059303283691e-01,-9.999993443489074707e-01,-9.999956488609313965e-01,9.999988675117492676e-01,9.999994039535522461e-01,-9.999993443489074707e-01,9.999975562095642090e-01,9.999994635581970215e-01,-9.999984502792358398e-01,9.999988079071044922e-01,-9.999992847442626953e-01,-9.999992847442626953e-01,9.999989271163940430e-01,9.999991655349731445e-01,9.999939203262329102e-01,9.999980330467224121e-01,9.999985098838806152e-01,-9.999991655349731445e-01,9.999960660934448242e-01,-9.999994635581970215e-01,-9.999994635581970215e-01,9.999952912330627441e-01,9.999991655349731445e-01,9.999991059303283691e-01,9.999933242797851562e-01,9.999994635581970215e-01,-9.999991059303283691e-01,-9.999994039535522461e-01,9.999926090240478516e-01,-9.999974370002746582e-01,-9.999957680702209473e-01,-9.999991059303283691e-01,9.999942779541015625e-01,9.999979734420776367e-01,-9.999985694885253906e-01,-9.996961355209350586e-01,9.999994635581970215e-01,9.999992251396179199e-01,9.999954700469970703e-01,-9.999994039535522461e-01,9.999992251396179199e-01,-9.999965429306030273e-01,9.999868869781494141e-01,9.999992847442626953e-01,9.999990463256835938e-01,9.999989271163940430e-01,-9.999955892562866211e-01,9.999991059303283691e-01,9.999993443489074707e-01,-9.999991655349731445e-01,-9.999992847442626953e-01,-9.999989867210388184e-01,-9.999993443489074707e-01,-9.999955892562866211e-01,-9.999988079071044922e-01,-9.999989271163940430e-01,-9.999974966049194336e-01,9.999751448631286621e-01,9.999983310699462891e-01,9.999989867210388184e-01,-9.999992251396179199e-01,9.999993443489074707e-01,9.999991059303283691e-01,9.999973177909851074e-01,-9.999973177909851074e-01,-9.999993443489074707e-01,-9.999994635581970215e-01,-9.999975562095642090e-01,-9.999994039535522461e-01,9.999992251396179199e-01,-9.999992251396179199e-01,9.999988675117492676e-01,9.999959468841552734e-01,-9.999960660934448242e-01,-9.999831318855285645e-01,-9.999990463256835938e-01,9.999957680702209473e-01,9.999992847442626953e-01,-9.999966621398925781e-01,-9.999979138374328613e-01,9.999681711196899414e-01,9.999986290931701660e-01,-9.999993443489074707e-01,9.999986290931701660e-01,-9.999989867210388184e-01,-9.999934434890747070e-01,9.999899268150329590e-01,9.999994635581970215e-01,9.999877214431762695e-01,9.999843835830688477e-01,-9.999982118606567383e-01,9.999991059303283691e-01,-9.999887943267822266e-01,-9.999988079071044922e-01,9.999989867210388184e-01,-9.999987483024597168e-01,-9.999952912330627441e-01,9.999994635581970215e-01,-9.999993443489074707e-01,9.999970793724060059e-01,-9.999980926513671875e-01,9.999993443489074707e-01,-9.999718070030212402e-01,-9.998772144317626953e-01,9.999992251396179199e-01,9.999984502792358398e-01,-9.999853372573852539e-01,-9.999989271163940430e-01,-9.999963641166687012e-01,9.999991655349731445e-01,-9.999991059303283691e-01,9.999991059303283691e-01,-9.999990463256835938e-01,-9.999839067459106445e-01,9.999995231628417969e-01,-9.999987483024597168e-01,9.999994039535522461e-01,-9.999991059303283691e-01,-9.999970197677612305e-01,-9.999988079071044922e-01,-9.999993443489074707e-01,9.999977946281433105e-01,9.999991059303283691e-01,-9.999985694885253906e-01,-9.999924898147583008e-01,-9.999973177909851074e-01,9.999943971633911133e-01,-9.999976754188537598e-01
-9.999974370002746582e-01,9.999977946281433105e-01,9.999882578849792480e-01,-9.999969601631164551e-01,-9.999982714653015137e-01,9.999979734420776367e-01,-9.999936223030090332e-01,-9.999984502792358398e-01,9.999959468841552734e-01,-9.999967217445373535e-01,9.999979734420776367e-01,9.999981522560119629e-01,-9.999970197677612305e-01,-9.999976158142089844e-01,-9.999839067459106445e-01,-9.999950528144836426e-01,-9.999959468841552734e-01,9.999977350234985352e-01,-9.999897480010986328e-01,9.999984502792358398e-01,9.999983906745910645e-01,-9.999874234199523926e-01,-9.999976754188537598e-01,-9.999974370002746582e-01,-9.999824762344360352e-01,-9.999983906745910645e-01,9.999973177909851074e-01,9.999982714653015137e-01,-9.999803304672241211e-01,9.999933242797851562e-01,9.999886751174926758e-01,9.999974370002746582e-01,-9.999844431877136230e-01,-9.999946355819702148e-01,9.999962449073791504e-01,9.991915822029113770e-01,-9.999984502792358398e-01,-9.999977946281433105e-01,-9.999879002571105957e-01,9.999982118606567383e-01,-9.999978542327880859e-01,9.999911785125732422e-01,-9.999650716781616211e-01,-9.999982118606567383e-01,-9.999973773956298828e-01,-9.999971985816955566e-01,9.999883174896240234e-01,-9.999975562095642090e-01,-9.999980926513671875e-01,9.999976158142089844e-01,9.999980330467224121e-01,9.999971389770507812e-01,9.999982118606567383e-01,9.999883174896240234e-01,9.999967813491821289e-01,9.999971389770507812e-01,9.999934434890747070e-01,-9.999336600303649902e-01,-9.999958872795104980e-01,-9.999974370002746582e-01,9.999974966049194336e-01,-9.999982714653015137e-01,-9.999974370002746582e-01,-9.999927282333374023e-01,9.999930262565612793e-01,9.999981522560119629e-01,9.999983906745910645e-01,9.999935626983642578e-01,9.999983310699462891e-01,-9.999977946281433105e-01,9.999980330467224121e-01,-9.999967813491821289e-01,-9.999892711639404297e-01,9.999896287918090820e-01,9.999548196792602539e-01,9.999973773956298828e-01,-9.999887943267822266e-01,-9.999980330467224121e-01,9.999911785125732422e-01,9.999943375587463379e-01,-9.999151229858398438e-01,-9.999963641166687012e-01,9.999981522560119629e-01,-9.999963045120239258e-01,9.999972581863403320e-01,9.999825954437255859e-01,-9.999731183052062988e-01,-9.999983906745910645e-01,-9.999672770500183105e-01,-9.999583363533020020e-01,9.999952316284179688e-01,-9.999974370002746582e-01,9.999700188636779785e-01,9.999965429306030273e-01,-9.999972581863403320e-01,9.999967217445373535e-01,9.999871850013732910e-01,-9.999983906745910645e-01,9.999981522560119629e-01,-9.999921917915344238e-01,9.999949932098388672e-01,-9.999979734420776367e-01,9.999244809150695801e-01,9.996733069419860840e-01,-9.999978542327880859e-01,-9.999959468841552734e-01,9.999608993530273438e-01,9.999972581863403320e-01,9.999904036521911621e-01,-9.999976158142089844e-01,9.999974370002746582e-01,-9.999974370002746582e-01,9.999971985816955566e-01,9.999571442604064941e-01,-9.999984502792358398e-01,9.999967217445373535e-01,-9.999983310699462891e-01,9.999974966049194336e-01,9.999918937683105469e-01,9.999967813491821289e-01,9.999980926513671875e-01,-9.999942183494567871e-01,-9.999974966049194336e-01,9.999961256980895996e-01,9.999796748161315918e-01,9.999929666519165039e-01,-9.999851584434509277e-01,9.999937415122985840e-01
9.999979734420776367e-01,-9.999983310699462891e-01,-9.999908804893493652e-01,9.999976754188537598e-01,9.999987483024597168e-01,-9.999984502792358398e-01,9.999949932098388672e-01,9.999988079071044922e-01,-9.999967217445373535e-01,9.999975562095642090e-01,-9.999983906745910645e-01,-9.999985694885253906e-01,9.999976754188537598e-01,9.999981522560119629e-01,9.999874830245971680e-01,9.999960064888000488e-01,9.999969601631164551e-01,-9.999982118606567383e-01,9.999920129776000977e-01,-9.999988079071044922e-01,-9.999987483024597168e-01,9.999902248382568359e-01,9.999982118606567383e-01,9.999979734420776367e-01,9.999864697456359863e-01,9.999987483024597168e-01,-9.999979734420776367e-01,-9.999985694885253906e-01,9.999847412109375000e-01,-9.999948143959045410e-01,-9.999911785125732422e-01,-9.999980926513671875e-01,9.999879598617553711e-01,9.999958872795104980e-01,-9.999970793724060059e-01,-9.993731975555419922e-01,9.999988079071044922e-01,9.999982714653015137e-01,9.999906420707702637e-01,-9.999986290931701660e-01,9.999983310699462891e-01,-9.999932050704956055e-01,9.999729990959167480e-01,9.999985098838806152e-01,9.999979734420776367e-01,9.999978542327880859e-01,-9.999909400939941406e-01,9.999980926513671875e-01,9.999985098838806152e-01,-9.999980926513671875e-01,-9.999985098838806152e-01,-9.999977946281433105e-01,-9.999986886978149414e-01,-9.999909400939941406e-01,-9.999975562095642090e-01,-9.999977946281433105e-01,-9.999949336051940918e-01,9.999485611915588379e-01,9.999966621398925781e-01,9.999980926513671875e-01,-9.999979734420776367e-01,9.999987483024597168e-01,9.999981522560119629e-01,9.999944567680358887e-01,-9.999945163726806641e-01,-9.999985694885253906e-01,-9.999988079071044922e-01,-9.999950528144836426e-01,-9.999986290931701660e-01,9.999983310699462891e-01,-9.999983906745910645e-01,9.999974966049194336e-01,9.999916553497314453e-01,-9.999920129776000977e-01,-9.999649524688720703e-01,-9.999979734420776367e-01,9.999912977218627930e-01,9.999984502792358398e-01,-9.999931454658508301e-01,-9.999957084655761719e-01,9.999341964721679688e-01,9.999971985816955566e-01,-9.999985098838806152e-01,9.999971985816955566e-01,-9.999977946281433105e-01,-9.999865293502807617e-01,9.999791979789733887e-01,9.999987483024597168e-01,9.999747276306152344e-01,9.999676346778869629e-01,-9.999963045120239258e-01,9.999981522560119629e-01,-9.999767541885375977e-01,-9.999973177909851074e-01,9.999979138374328613e-01,-9.999974370002746582e-01,-9.999901056289672852e-01,9.999986886978149414e-01,-9.999985694885253906e-01,9.999939203262329102e-01,-9.999961256980895996e-01,9.999985098838806152e-01,-9.999414682388305664e-01,-9.997468590736389160e-01,9.999983310699462891e-01,9.999967813491821289e-01,-9.999698400497436523e-01,-9.999978542327880859e-01,-9.999926090240478516e-01,9.999981522560119629e-01,-9.999980330467224121e-01,9.999980330467224121e-01,-9.999979138374328613e-01,-9.999668002128601074e-01,9.999988079071044922e-01,-9.999974966049194336e-01,9.999986886978149414e-01,-9.999980926513671875e-01,-9.999938011169433594e-01,-9.999975562095642090e-01,-9.999985098838806152e-01,9.999955296516418457e-01,9.999980330467224121e-01,-9.999970197677612305e-01,-9.999843239784240723e-01,-9.999945759773254395e-01,9.999884963035583496e-01,-9.999952316284179688e-01
-9.999986886978149414e-01,9.999989867210388184e-01,9.999942183494567871e-01,-9.999985098838806152e-01,-9.999992847442626953e-01,9.999991059303283691e-01,-9.999967813491821289e-01,-9.999992847442626953e-01,9.999979734420776367e-01,-9.999983906745910645e-01,9.999989867210388184e-01,9.999991655349731445e-01,-9.999985098838806152e-01,-9.999988079071044922e-01,-9.999920129776000977e-01,-9.999974966049194336e-01,-9.999979734420776367e-01,9.999988675117492676e-01,-9.999948740005493164e-01,9.999992251396179199e-01,9.999992251396179199e-01,-9.999937415122985840e-01,-9.999987483024597168e-01,-9.999986886978149414e-01,-9.999912381172180176e-01,-9.999992251396179199e-01,9.999986886978149414e-01,9.999991655349731445e-01,-9.999902248382568359e-01,9.999966025352478027e-01,9.999943971633911133e-01,9.999987483024597168e-01,-9.999922513961791992e-01,-9.999973177909851074e-01,9.999981522560119629e-01,9.995974898338317871e-01,-9.999992847442626953e-01,-9.999989271163940430e-01,-9.999939799308776855e-01,9.999991655349731445e-01,-9.999989271163940430e-01,9.999956488609313965e-01,-9.999826550483703613e-01,-9.999991655349731445e-01,-9.999986886978149414e-01,-9.999985694885253906e-01,9.999940991401672363e-01,-9.999987483024597168e-01,-9.999992251396179199e-01,9.999988675117492676e-01,9.999991059303283691e-01,9.999985694885253906e-01,9.999992847442626953e-01,9.999942183494567871e-01,9.999984502792358398e-01,9.999985694885253906e-01,9.999967217445373535e-01,-9.999669790267944336e-01,-9.999978542327880859e-01,-9.999987483024597168e-01,9.999988079071044922e-01,-9.999991059303283691e-01,-9.999987483024597168e-01,-9.999963641166687012e-01,9.999964237213134766e-01,9.999991655349731445e-01,9.999992847442626953e-01,9.999967813491821289e-01,9.999992251396179199e-01,-9.999988675117492676e-01,9.999989867210388184e-01,-9.999985098838806152e-01,-9.999946951866149902e-01,9.999948740005493164e-01,9.999775290489196777e-01,9.999986886978149414e-01,-9.999943971633911133e-01,-9.999990463256835938e-01,9.999955892562866211e-01,9.999971389770507812e-01,-9.999577403068542480e-01,-9.999982118606567383e-01,9.999990463256835938e-01,-9.999982118606567383e-01,9.999985694885253906e-01,9.999913573265075684e-01,-9.999867081642150879e-01,-9.999992251396179199e-01,-9.999837875366210938e-01,-9.999793171882629395e-01,9.999976158142089844e-01,-9.999987483024597168e-01,9.999850392341613770e-01,9.999982714653015137e-01,-9.999987483024597168e-01,9.999983310699462891e-01,9.999936223030090332e-01,-9.999991655349731445e-01,9.999991059303283691e-01,-9.999960064888000488e-01,9.999974966049194336e-01,-9.999991059303283691e-01,9.999623894691467285e-01,9.998373985290527344e-01,-9.999989271163940430e-01,-9.999979734420776367e-01,9.999806284904479980e-01,9.999986290931701660e-01,9.999952316284179688e-01,-9.999988079071044922e-01,9.999987483024597168e-01,-9.999987483024597168e-01,9.999986886978149414e-01,9.999787807464599609e-01,-9.999992847442626953e-01,9.999984502792358398e-01,-9.999992251396179199e-01,9.999987483024597168e-01,9.999960064888000488e-01,9.999984502792358398e-01,9.999991059303283691e-01,-9.999970793724060059e-01,-9.999987483024597168e-01,9.999981522560119629e-01,9.999899268150329590e-01,9.999964833259582520e-01,-9.999925494194030762e-01,9.999969005584716797e-01
-9.999988675117492676e-01,9.999990463256835938e-01,9.999949932098388672e-01,-9.999986886978149414e-01,-9.999993443489074707e-01,9.999991655349731445e-01,-9.999971985816955566e-01,-9.999992847442626953e-01,9.999981522560119629e-01,-9.999985694885253906e-01,9.999991655349731445e-01,9.999992251396179199e-01,-9.999986886978149414e-01,-9.999990463256835938e-01,-9.999932050704956055e-01,-9.999977946281433105e-01,-9.999982118606567383e-01,9.999991059303283691e-01,-9.999955892562866211e-01,9.999993443489074707e-01,9.999993443489074707e-01,-9.999946355819702148e-01,-9.999989867210388184e-01,-9.999988675117492676e-01,-9.999925494194030762e-01,-9.999992847442626953e-01,9.999988675117492676e-01,9.999992251396179199e-01,-9.999915957450866699e-01,9.999971389770507812e-01,9.999951124191284180e-01,9.999988675117492676e-01,-9.999934434890747070e-01,-9.999976754188537598e-01,9.999983906745910645e-01,9.996592402458190918e-01,-9.999994039535522461e-01,-9.999990463256835938e-01,-9.999948740005493164e-01,9.999992847442626953e-01,-9.999990463256835938e-01,9.999962449073791504e-01,-9.999852180480957031e-01,-9.999992251396179199e-01,-9.999987483024597168e-01,-9.999987483024597168e-01,9.999949336051940918e-01,-9.999988675117492676e-01,-9.999992251396179199e-01,9.999991059303283691e-01,9.999991059303283691e-01,9.999987483024597168e-01,9.999992847442626953e-01,9.999950528144836426e-01,9.999986290931701660e-01,9.999986886978149414e-01,9.999971985816955566e-01,-9.999719858169555664e-01,-9.999982714653015137e-01,-9.999988079071044922e-01,9.999988675117492676e-01,-9.999992847442626953e-01,-9.999988675117492676e-01,-9.999969005584716797e-01,9.999969601631164551e-01,9.999992847442626953e-01,9.999993443489074707e-01,9.999971985816955566e-01,9.999992251396179199e-01,-9.999990463256835938e-01,9.999991059303283691e-01,-9.999985694885253906e-01,-9.999954700469970703e-01,9.999955892562866211e-01,9.999809861183166504e-01,9.999988079071044922e-01,-9.999951720237731934e-01,-9.999992251396179199e-01,9.999961256980895996e-01,9.999976158142089844e-01,-9.999641776084899902e-01,-9.999983906745910645e-01,9.999991655349731445e-01,-9.999984502792358398e-01,9.999988079071044922e-01,9.999925494194030762e-01,-9.999886155128479004e-01,-9.999992251396179199e-01,-9.999861717224121094e-01,-9.999824166297912598e-01,9.999978542327880859e-01,-9.999988675117492676e-01,9.999873638153076172e-01,9.999984502792358398e-01,-9.999988079071044922e-01,9.999986290931701660e-01,9.999945163726806641e-01,-9.999992251396179199e-01,9.999991655349731445e-01,-9.999966025352478027e-01,9.999978542327880859e-01,-9.999991655349731445e-01,9.999682307243347168e-01,9.998623132705688477e-01,-9.999990463256835938e-01,-9.999981522560119629e-01,9.999835491180419922e-01,9.999988079071044922e-01,9.999958872795104980e-01,-9.999990463256835938e-01,9.999988675117492676e-01,-9.999988675117492676e-01,9.999988079071044922e-01,9.999819993972778320e-01,-9.999994039535522461e-01,9.999985694885253906e-01,-9.999992847442626953e-01,9.999988675117492676e-01,9.999965429306030273e-01,9.999985694885253906e-01,9.999991655349731445e-01,-9.999974370002746582e-01,-9.999988675117492676e-01,9.999983310699462891e-01,9.999914169311523438e-01,9.999969005584716797e-01,-9.999936819076538086e-01,9.999973177909851074e-01
