5.418902635574340820e-01,-2.011187560856342316e-02,6.475079804658889771e-02,-1.459930539131164551e-01,9.834422916173934937e-02,-2.032911926507949829e-01,1.522150784730911255e-01,4.196046590805053711e-01,8.276605606079101562e-02,2.788684703409671783e-02,-1.820115745067596436e-01,1.340116956271231174e-03,-1.571046411991119385e-01,-1.803476363420486450e-02,-4.361669532954692841e-03,-3.375015780329704285e-02,-3.458717372268438339e-03,-1.022005230188369751e-01,1.406124383211135864e-01,6.830324232578277588e-02,-5.690585821866989136e-02,-1.611377000808715820e-01,-1.045811027288436890e-01,9.824071824550628662e-02,-3.851556684821844101e-03,-1.073308587074279785e-01,2.490622848272323608e-01,-1.409019529819488525e-01,-5.676404759287834167e-02,-1.722006052732467651e-01,-1.739424616098403931e-01,1.646564155817031860e-01,-7.312581688165664673e-02,-2.417324297130107880e-02,-1.693084463477134705e-02,1.166615113615989685e-01,-6.059312447905540466e-02,-8.869046345353126526e-03,-2.365643829107284546e-01,-2.439704239368438721e-01,1.004728823900222778e-01,6.657701730728149414e-02,-2.521173655986785889e-01,-3.014486515894532204e-03,-9.993116557598114014e-02,1.750341355800628662e-01,-2.577926777303218842e-02,-7.199725508689880371e-02,1.088236868381500244e-01,-7.264415919780731201e-02,-1.893206983804702759e-01,-5.024052783846855164e-02,2.505851984024047852e-01,-9.881688654422760010e-02,-1.010864824056625366e-01,1.688182540237903595e-02,4.008768871426582336e-02,-9.994878200814127922e-04,6.495563685894012451e-02,4.813406243920326233e-02,-2.426199056208133698e-02,-6.773914396762847900e-02,-2.686462597921490669e-03,2.166958600282669067e-01,-5.272747948765754700e-03,3.793813660740852356e-02,-3.489437103271484375e-01,1.012919005006551743e-02,-1.025377959012985229e-02,8.843328058719635010e-02,-1.469265818595886230e-01,1.262716948986053467e-01,7.318920642137527466e-02,1.086604036390781403e-02,-1.286684572696685791e-01,-1.743557304143905640e-02,1.522193662822246552e-03,-5.364577099680900574e-02,-1.619643867015838623e-01,8.916464447975158691e-02,-3.086450137197971344e-02,-5.343821248970925808e-04,-1.036721691489219666e-01,-3.830270376056432724e-03,-1.520634144544601440e-01,1.643068045377731323e-01,2.924761772155761719e-01,-3.408228047192096710e-03,-2.223629802465438843e-01,4.302001558244228363e-03,-1.425382643938064575e-01,1.553198546171188354e-01,2.349444925785064697e-01,-3.039881587028503418e-01,2.044165134429931641e-02,-3.177080452442169189e-01,6.613486260175704956e-02,-5.618673458229750395e-05,5.753899738192558289e-02,2.924621999263763428e-01,-1.380050331354141235e-01,3.051623702049255371e-01,1.388949006795883179e-01,2.619293890893459320e-02,-8.819751441478729248e-02,2.828586697578430176e-01,1.773674488067626953e-01,2.425414025783538818e-01,-3.484650552272796631e-01,2.075199596583843231e-02,-1.948598027229309082e-01,1.247798353433609009e-01,1.617535501718521118e-01,-4.392645880579948425e-02,7.465368136763572693e-03,-7.133565843105316162e-02,1.757046282291412354e-01,-3.524965420365333557e-02,-1.726869195699691772e-01,-8.549631386995315552e-02,-1.862745732069015503e-01,4.714008420705795288e-02,1.654377020895481110e-02,3.073706626892089844e-01,1.668792217969894409e-01,4.938257485628128052e-02,-1.399895548820495605e-02,2.658652141690254211e-02
-2.011187560856342316e-02,1.618279702961444855e-02,-1.123939380049705505e-01,8.035169541835784912e-02,5.664584785699844360e-02,-7.572840549983084202e-04,1.490069366991519928e-02,3.025568788871169090e-03,3.773818910121917725e-02,5.305077880620956421e-02,1.443790178745985031e-02,-4.604174569249153137e-02,8.748493343591690063e-02,8.356221765279769897e-02,1.050573885440826416e-01,1.126878708600997925e-01,-5.711090634576976299e-04,7.073801010847091675e-02,-8.192577958106994629e-02,-8.279404789209365845e-02,-4.806612804532051086e-02,1.001401394605636597e-01,7.699695974588394165e-02,-2.618037909269332886e-02,1.245282962918281555e-02,1.166592091321945190e-01,-1.199925988912582397e-01,-4.023340344429016113e-02,9.877195209264755249e-02,-2.947348915040493011e-02,4.061274603009223938e-02,-1.218656599521636963e-01,7.581335306167602539e-02,7.443500310182571411e-02,-4.255078267306089401e-03,-1.196964904665946960e-01,4.377140477299690247e-02,7.964288443326950073e-02,-5.853674560785293579e-02,-6.821640580892562866e-02,9.339635074138641357e-02,1.256240159273147583e-02,1.138746738433837891e-01,2.194969914853572845e-02,-2.012629061937332153e-03,-9.402162581682205200e-02,-1.086575612425804138e-01,-2.907570637762546539e-02,-1.358784455806016922e-02,6.635879632085561752e-03,3.332641348242759705e-02,-2.991600520908832550e-02,6.172792986035346985e-03,1.203766837716102600e-02,-4.063798114657402039e-03,-1.263757199048995972e-01,3.205972537398338318e-02,8.029713295400142670e-03,-5.224017426371574402e-02,-6.650822609663009644e-02,-1.573790051043033600e-02,1.701400242745876312e-02,4.037504084408283234e-03,3.429442644119262695e-02,1.274764304980635643e-03,-2.657073177397251129e-02,6.376765668392181396e-02,1.079547479748725891e-01,-1.062619760632514954e-01,3.540738299489021301e-02,-8.003783971071243286e-02,-3.680676594376564026e-02,-3.029494546353816986e-02,1.042155250906944275e-01,-2.841861546039581299e-02,-1.039573773741722107e-01,-1.985040493309497833e-03,1.278343647718429565e-01,-2.639969578012824059e-03,-1.063561439514160156e-01,1.118478700518608093e-01,7.170077296905219555e-04,-9.078001230955123901e-02,2.787322737276554108e-04,-9.430591762065887451e-02,-1.080955117940902710e-01,5.143753811717033386e-02,3.771535120904445648e-03,8.642967045307159424e-02,6.628602743148803711e-02,-2.018298953771591187e-02,-3.799560666084289551e-02,-9.619198739528656006e-02,6.279111653566360474e-02,-9.947583079338073730e-02,3.459060797467827797e-03,8.135061711072921753e-02,-4.209701000945642591e-05,-9.325587749481201172e-02,4.558352008461952209e-02,-3.901898488402366638e-02,3.641989082098007202e-02,-1.257150322198867798e-01,-7.199072092771530151e-02,1.233849823474884033e-01,-7.534004282206296921e-03,-8.749766647815704346e-02,-1.136532425880432129e-01,-1.297047175467014313e-02,-7.872231304645538330e-03,9.352269768714904785e-02,-7.468751072883605957e-02,-1.071633026003837585e-01,1.893479935824871063e-02,1.168443113565444946e-01,-9.290660917758941650e-02,6.182274594902992249e-02,2.641939930617809296e-02,-1.073764860630035400e-01,4.866389185190200806e-02,6.982759386301040649e-02,9.091400355100631714e-02,1.049462556838989258e-01,-7.605397701263427734e-02,-8.004071563482284546e-02,-7.903194427490234375e-02,1.960120862349867821e-03,5.853514373302459717e-02
6.475079804658889771e-02,-1.123939380049705505e-01,8.185149431228637695e-01,-6.589867472648620605e-01,-3.546092212200164795e-01,-4.065856710076332092e-02,-2.029848843812942505e-01,-3.166628628969192505e-02,-2.986218035221099854e-01,-4.456694722175598145e-01,-2.250655181705951691e-02,3.558225929737091064e-01,-5.622150897979736328e-01,-6.723670363426208496e-01,-7.327479124069213867e-01,-7.152789831161499023e-01,4.024751018732786179e-03,-5.149531364440917969e-01,6.749989986419677734e-01,6.690635681152343750e-01,4.566260278224945068e-01,-6.973375082015991211e-01,-6.688879132270812988e-01,2.016276270151138306e-01,-1.017319932579994202e-01,-7.119546532630920410e-01,7.272520661354064941e-01,1.767977774143218994e-01,-7.220025658607482910e-01,2.537593841552734375e-01,-3.055905103683471680e-01,8.091752529144287109e-01,-6.261324286460876465e-01,-6.505572199821472168e-01,3.058608062565326691e-02,7.569954395294189453e-01,-3.311681747436523438e-01,-6.272881627082824707e-01,3.653248250484466553e-01,5.893505215644836426e-01,-6.484827995300292969e-01,-1.172441095113754272e-01,-7.299193143844604492e-01,-1.773216575384140015e-01,9.783540666103363037e-02,6.598660945892333984e-01,7.925869226455688477e-01,2.382916957139968872e-01,7.539159059524536133e-02,9.945142269134521484e-02,-2.437139749526977539e-01,2.510198652744293213e-01,-1.006970927119255066e-01,-6.511010974645614624e-02,-2.870992384850978851e-02,8.079669475555419922e-01,-2.766103148460388184e-01,-6.394051015377044678e-02,3.954205214977264404e-01,5.420061945915222168e-01,1.641442030668258667e-01,-1.867673844099044800e-01,-3.224861621856689453e-02,-3.718480765819549561e-01,1.387437619268894196e-02,1.989315301179885864e-01,-3.459590971469879150e-01,-6.968517899513244629e-01,7.557179331779479980e-01,-1.632127612829208374e-01,6.332415938377380371e-01,2.827909290790557861e-01,2.706890404224395752e-01,-7.704152464866638184e-01,2.240591049194335938e-01,7.354384660720825195e-01,1.287025213241577148e-02,-8.556780219078063965e-01,1.453200280666351318e-01,7.532278895378112793e-01,-8.282566070556640625e-01,-5.663773976266384125e-03,6.634745597839355469e-01,-4.774819244630634785e-04,6.476066112518310547e-01,7.206639647483825684e-01,-4.598203897476196289e-01,-2.634471282362937927e-02,-5.764121413230895996e-01,-5.248804092407226562e-01,1.633412539958953857e-01,3.086025416851043701e-01,6.911289095878601074e-01,-4.131760299205780029e-01,7.496294379234313965e-01,-7.870998233556747437e-04,-6.048947572708129883e-01,3.448160714469850063e-04,6.011594533920288086e-01,-3.825611174106597900e-01,3.605650067329406738e-01,-2.731125950813293457e-01,8.307971358299255371e-01,5.552478432655334473e-01,-8.403517603874206543e-01,-1.500392407178878784e-01,6.772021055221557617e-01,7.183980345726013184e-01,1.139449700713157654e-01,5.935043469071388245e-02,-6.674695014953613281e-01,6.663187742233276367e-01,7.488698363304138184e-01,-2.907184660434722900e-01,-7.566735744476318359e-01,7.165609598159790039e-01,-3.773066997528076172e-01,-2.695004045963287354e-01,7.819617390632629395e-01,-3.894197940826416016e-01,-5.064407587051391602e-01,-7.165243029594421387e-01,-7.505074739456176758e-01,4.870806038379669189e-01,6.101859807968139648e-01,6.660411357879638672e-01,-3.336720168590545654e-02,-5.258582234382629395e-01
-1.459930539131164551e-01,8.035169541835784912e-02,-6.589867472648620605e-01,6.470010876655578613e-01,1.727772504091262817e-01,1.364988833665847778e-01,1.384911537170410156e-01,-1.305542886257171631e-01,1.932597011327743530e-01,3.178221583366394043e-01,-1.855811476707458496e-02,-2.506937086582183838e-01,3.293061852455139160e-01,5.909455418586730957e-01,5.630112886428833008e-01,4.742114245891571045e-01,1.908965175971388817e-03,4.256242513656616211e-01,-5.780851840972900391e-01,-4.894713759422302246e-01,-4.659764170646667480e-01,5.453866720199584961e-01,5.417739152908325195e-01,-1.242541000247001648e-01,7.492915540933609009e-02,4.687199890613555908e-01,-5.400469899177551270e-01,4.857364669442176819e-02,4.870361983776092529e-01,-5.858656764030456543e-02,2.588743865489959717e-01,-6.708801388740539551e-01,5.863006711006164551e-01,4.683523774147033691e-01,-6.156401243060827255e-03,-5.477437376976013184e-01,2.378140538930892944e-01,4.259253740310668945e-01,-7.459030300378799438e-02,-5.091056823730468750e-01,4.363229572772979736e-01,1.045249253511428833e-01,5.792399048805236816e-01,1.259001493453979492e-01,-1.146098822355270386e-01,-4.276943206787109375e-01,-6.157917976379394531e-01,-1.945466399192810059e-01,-8.797865360975265503e-02,-2.440809737890958786e-03,2.157346606254577637e-01,-1.775615066289901733e-01,6.981922686100006104e-02,7.571698725223541260e-02,1.679965853691101074e-01,-5.869171619415283203e-01,1.953824311494827271e-01,4.201808199286460876e-02,-3.306324779987335205e-01,-4.458874166011810303e-01,-1.716092526912689209e-01,2.115757167339324951e-01,2.831166423857212067e-02,2.539020776748657227e-01,-1.740567386150360107e-03,-1.457114964723587036e-01,2.923682928085327148e-01,4.623521864414215088e-01,-5.295506119728088379e-01,6.403950508683919907e-03,-3.983383774757385254e-01,-1.028796210885047913e-01,-2.597433030605316162e-01,5.980699658393859863e-01,-1.475794762372970581e-01,-5.692554116249084473e-01,-5.829410627484321594e-03,6.499209403991699219e-01,-2.482596337795257568e-01,-5.598157048225402832e-01,7.150475382804870605e-01,4.113152623176574707e-03,-4.226242005825042725e-01,6.392938084900379181e-04,-4.335020184516906738e-01,-5.490891337394714355e-01,1.886906027793884277e-01,1.515291165560483932e-02,4.139604270458221436e-01,3.497375845909118652e-01,-9.365776181221008301e-02,-3.452059030532836914e-01,-6.044648289680480957e-01,4.092691838741302490e-01,-6.001271605491638184e-01,1.006273999810218811e-01,4.276727139949798584e-01,-2.259683242300525308e-04,-3.693884909152984619e-01,1.508232951164245605e-01,-1.721417158842086792e-01,-3.159801010042428970e-03,-6.992514133453369141e-01,-3.784624040126800537e-01,6.670952439308166504e-01,2.325589060783386230e-01,-6.855899691581726074e-01,-5.488108992576599121e-01,2.934847772121429443e-02,-4.588138684630393982e-02,6.290634870529174805e-01,-6.067533493041992188e-01,-6.086722612380981445e-01,2.751446962356567383e-01,5.316555500030517578e-01,-5.070400238037109375e-01,1.238329336047172546e-01,2.012893855571746826e-01,-5.871590375900268555e-01,3.406889736652374268e-01,4.042700827121734619e-01,5.498636364936828613e-01,5.725494027137756348e-01,-4.132708609104156494e-01,-4.435362517833709717e-01,-5.451896786689758301e-01,1.682309433817863464e-02,3.901038765907287598e-01
9.834422916173934937e-02,5.664584785699844360e-02,-3.546092212200164795e-01,1.727772504091262817e-01,3.428671061992645264e-01,-1.007087081670761108e-01,7.701797783374786377e-02,2.576332688331604004e-01,1.103449910879135132e-01,1.774695664644241333e-01,4.373824968934059143e-02,-1.731318235397338867e-01,3.344449102878570557e-01,2.176768034696578979e-01,4.003781974315643311e-01,4.671697914600372314e-01,-5.804141983389854431e-03,2.312416881322860718e-01,-1.770565509796142578e-01,-2.568260431289672852e-01,-2.615024521946907043e-02,3.157230317592620850e-01,1.893157809972763062e-01,-5.391880497336387634e-02,3.679971396923065186e-02,4.394993484020233154e-01,-4.113892614841461182e-01,-3.323132097721099854e-01,3.828706145286560059e-01,-2.210572510957717896e-01,8.533905446529388428e-02,-3.437511622905731201e-01,1.435237228870391846e-01,2.336116880178451538e-01,-3.240772709250450134e-02,-4.343264102935791016e-01,1.387369334697723389e-01,2.920144200325012207e-01,-4.418111741542816162e-01,-2.699140906333923340e-01,3.905102610588073730e-01,5.273578315973281860e-02,3.635415136814117432e-01,7.987284660339355469e-02,6.576069444417953491e-02,-3.227266669273376465e-01,-4.009039700031280518e-01,-1.245691701769828796e-01,-3.068714775145053864e-02,6.089587882161140442e-02,5.690317228436470032e-02,-1.740896701812744141e-01,7.102483510971069336e-02,1.757445372641086578e-02,-1.545199155807495117e-01,-5.090087652206420898e-01,1.264680176973342896e-01,3.095119260251522064e-02,-1.610875129699707031e-01,-1.990336775779724121e-01,-6.722467020153999329e-03,-3.842837736010551453e-02,1.085961796343326569e-02,1.217275932431221008e-01,3.426057985052466393e-03,-8.268629014492034912e-02,1.851990222930908203e-01,4.667988121509552002e-01,-3.780288398265838623e-01,2.795177400112152100e-01,-3.682571053504943848e-01,-1.716641783714294434e-01,-1.455238368362188339e-02,3.607022762298583984e-01,-1.353290826082229614e-01,-3.895480632781982422e-01,-8.958385325968265533e-03,4.499590396881103516e-01,4.942878708243370056e-02,-3.516674935817718506e-01,3.185790181159973145e-01,2.359578153118491173e-03,-4.180960655212402344e-01,-8.756395545788109303e-04,-4.387497007846832275e-01,-3.791019022464752197e-01,3.123278319835662842e-01,1.560716144740581512e-02,2.466254830360412598e-01,2.508285641670227051e-01,-1.519446671009063721e-01,-1.334903761744499207e-02,-2.148184776306152344e-01,9.986680001020431519e-02,-3.075524270534515381e-01,-1.277687102556228638e-01,3.767785429954528809e-01,-1.702517765806987882e-04,-3.993647396564483643e-01,2.922570407390594482e-01,-2.045227140188217163e-01,3.020519316196441650e-01,-3.823956549167633057e-01,-2.648808360099792480e-01,3.844321668148040771e-01,-3.727783635258674622e-02,-1.366028934717178345e-01,-3.713626563549041748e-01,-2.018349468708038330e-01,-1.695892587304115295e-02,1.824117749929428101e-01,-1.146055907011032104e-01,-3.302148580551147461e-01,-5.274891480803489685e-02,5.125061273574829102e-01,-3.310664296150207520e-01,4.001911580562591553e-01,6.184529885649681091e-02,-4.430576264858245850e-01,1.124101728200912476e-01,2.145301699638366699e-01,2.969252765178680420e-01,3.838000893592834473e-01,-1.933874934911727905e-01,-2.401150315999984741e-01,-1.896456331014633179e-01,-1.275718584656715393e-02,1.852026581764221191e-01
-2.032911926507949829e-01,-7.572840549983084202e-04,-4.065856710076332092e-02,1.364988833665847778e-01,-1.007087081670761108e-01,2.583448886871337891e-01,-5.150488764047622681e-02,-1.561961174011230469e-01,-1.376723349094390869e-01,-4.560723155736923218e-02,7.735030353069305420e-02,-1.165223889984190464e-03,-6.382190436124801636e-02,1.112981885671615601e-01,2.225264348089694977e-02,-6.135936826467514038e-02,2.372212242335081100e-03,-4.543594550341367722e-03,-3.168286010622978210e-02,-4.972601309418678284e-02,3.428921476006507874e-02,8.196805417537689209e-02,1.015737652778625488e-01,-2.400097995996475220e-02,-6.682049948722124100e-03,-1.192300766706466675e-01,-4.373880475759506226e-02,1.448204219341278076e-01,2.163974195718765259e-02,6.858059763908386230e-02,8.301801979541778564e-02,-2.404979988932609558e-02,5.269405432045459747e-03,8.671691268682479858e-02,3.824809333309531212e-03,7.849741959944367409e-04,-7.386370270978659391e-05,-4.463340714573860168e-02,1.873451918363571167e-01,-1.797394640743732452e-02,-1.763873249292373657e-01,-1.711025089025497437e-02,8.620299398899078369e-02,5.833902861922979355e-03,1.228681728243827820e-01,-2.821381576359272003e-02,2.365188673138618469e-02,6.955910474061965942e-03,-1.001489311456680298e-01,-4.078399017453193665e-02,1.108922734856605530e-01,-8.742260187864303589e-02,-1.008026748895645142e-01,-3.310028463602066040e-03,7.926979660987854004e-02,2.567856758832931519e-02,9.218731895089149475e-03,-7.230993651319295168e-05,3.521097823977470398e-02,-2.745663188397884369e-02,4.234295338392257690e-03,3.804267197847366333e-02,3.323413664475083351e-03,-1.814020276069641113e-01,-1.282469090074300766e-02,1.021434459835290909e-02,1.035697087645530701e-01,-6.833265721797943115e-02,5.943178385496139526e-02,-8.359094709157943726e-02,1.006403043866157532e-01,-1.432546377182006836e-01,-2.920430153608322144e-02,-2.067864127457141876e-02,1.192428693175315857e-01,2.791023254394531250e-02,2.901015104725956917e-03,-1.498122699558734894e-02,-3.664316376671195030e-03,1.007050741463899612e-02,2.020947076380252838e-02,3.133082063868641853e-04,7.359401881694793701e-02,-1.542004058137536049e-03,1.442365497350692749e-01,-1.022647228091955185e-02,-1.559158712625503540e-01,-1.780355698429048061e-03,-1.019641850143671036e-02,-3.308371081948280334e-02,7.378988713026046753e-02,-7.279417663812637329e-02,-6.354249268770217896e-02,1.386653482913970947e-01,4.893570393323898315e-02,1.249373033642768860e-01,-6.096344441175460815e-03,3.561166158760897815e-05,1.058706641197204590e-02,-2.425242066383361816e-01,3.852766007184982300e-02,-2.480266839265823364e-01,-1.753543317317962646e-02,2.971979044377803802e-02,-5.593675747513771057e-02,6.775600463151931763e-02,-7.835104316473007202e-02,-3.445800766348838806e-02,2.272182554006576538e-01,-1.106455107219517231e-03,1.197392120957374573e-01,-1.236236914992332458e-01,-5.077037587761878967e-02,1.002080217003822327e-01,-5.135714635252952576e-02,1.024050861597061157e-01,-1.130561009049415588e-01,3.689118474721908569e-02,7.927392423152923584e-02,3.369788825511932373e-02,4.889478161931037903e-02,-3.302650898694992065e-02,-5.113218352198600769e-02,-6.744167208671569824e-02,-1.089288145303726196e-01,-2.925355546176433563e-02,5.523462314158678055e-03,-8.237224072217941284e-03
1.522150784730911255e-01,1.490069366991519928e-02,-2.029848843812942505e-01,1.384911537170410156e-01,7.701797783374786377e-02,-5.150488764047622681e-02,1.584360301494598389e-01,1.179277002811431885e-01,7.981484383344650269e-02,1.279944479465484619e-01,-1.140486672520637512e-01,-6.055985018610954285e-02,6.504104286432266235e-02,1.202569231390953064e-01,1.405597329139709473e-01,1.173150911927223206e-01,-1.881702570244669914e-03,9.062591195106506348e-02,-1.688747256994247437e-01,-1.269864886999130249e-01,-1.678690016269683838e-01,6.941050291061401367e-02,1.437529921531677246e-01,8.264269679784774780e-03,2.269128710031509399e-02,1.157686114311218262e-01,-6.812430918216705322e-02,-1.081837248057126999e-02,1.727012544870376587e-01,-1.204407140612602234e-01,3.081430308520793915e-02,-1.366054862737655640e-01,1.864064186811447144e-01,1.390789449214935303e-01,-6.389876361936330795e-03,-1.000059843063354492e-01,4.955253005027770996e-02,1.435462683439254761e-01,-1.365844458341598511e-01,-2.107658088207244873e-01,1.849560141563415527e-01,5.343490466475486755e-02,7.575181871652603149e-02,3.783077001571655273e-02,-1.291767954826354980e-01,-9.187355637550354004e-02,-2.208985239267349243e-01,-6.517837941646575928e-02,4.464152827858924866e-02,-4.652272164821624756e-02,-5.237644538283348083e-03,-5.838670209050178528e-02,1.073773875832557678e-01,2.054995484650135040e-02,-1.249970518983900547e-03,-1.838423758745193481e-01,5.537665262818336487e-02,1.243010628968477249e-02,-1.213374659419059753e-01,-1.105224937200546265e-01,-5.839925259351730347e-02,4.624520614743232727e-02,5.633645690977573395e-03,2.240188270807266235e-01,-2.351056225597858429e-02,-3.459156304597854614e-02,-7.150190323591232300e-02,1.404437571763992310e-01,-1.714122295379638672e-01,1.802268624305725098e-02,-2.081717550754547119e-01,-9.142752969637513161e-04,-3.740468621253967285e-02,1.881191432476043701e-01,-1.028988510370254517e-01,-1.840357631444931030e-01,-1.738880062475800514e-03,2.161323279142379761e-01,-1.305412799119949341e-01,-1.353012919425964355e-01,2.302443534135818481e-01,9.091387619264423847e-04,-1.887822002172470093e-01,-1.681422931142151356e-03,-1.862576156854629517e-01,-1.119901835918426514e-01,2.431475967168807983e-01,3.463236847892403603e-03,2.463984116911888123e-02,1.153871789574623108e-01,-9.706907719373703003e-02,-3.050905279815196991e-02,-9.680896252393722534e-02,-4.025451093912124634e-02,-2.000665366649627686e-01,-9.397845715284347534e-02,1.525361537933349609e-01,-9.962751937564462423e-05,-5.642249062657356262e-02,1.968607902526855469e-01,-1.157834231853485107e-01,1.565102487802505493e-01,-1.605436056852340698e-01,-1.122667416930198669e-01,2.445756942033767700e-01,1.978330314159393311e-01,-1.689660847187042236e-01,-6.503345072269439697e-02,-1.591755896806716919e-01,-6.973600946366786957e-03,5.496637150645256042e-02,-1.653307825326919556e-01,-1.073762252926826477e-01,9.390798956155776978e-02,1.943795084953308105e-01,-2.347409725189208984e-01,6.619487702846527100e-02,7.796070724725723267e-02,-2.696804404258728027e-01,6.248954683542251587e-02,7.035716623067855835e-02,1.860668063163757324e-01,1.966147571802139282e-01,7.468953728675842285e-03,-4.830596968531608582e-02,-1.479530632495880127e-01,5.363364238291978836e-03,1.676349639892578125e-01
4.196046590805053711e-01,3.025568788871169090e-03,-3.166628628969192505e-02,-1.305542886257171631e-01,2.576332688331604004e-01,-1.561961174011230469e-01,1.179277002811431885e-01,5.719437003135681152e-01,-1.088660676032304764e-02,3.741906583309173584e-02,-3.834945335984230042e-02,-6.584339588880538940e-02,4.721814766526222229e-02,-2.461204864084720612e-02,1.419625580310821533e-01,1.868790090084075928e-01,-7.953715510666370392e-03,-4.275332763791084290e-02,1.411495804786682129e-01,-1.248672138899564743e-02,2.037013173103332520e-01,2.294663805514574051e-03,-5.714910849928855896e-02,2.281039021909236908e-02,-9.880091529339551926e-04,8.478564023971557617e-02,4.745016805827617645e-03,-3.483752310276031494e-01,1.764803379774093628e-01,-2.894871234893798828e-01,-1.037192344665527344e-01,8.441202342510223389e-02,-1.801852881908416748e-01,7.900355011224746704e-02,-4.328921437263488770e-02,-9.689778834581375122e-02,-6.064785178750753403e-03,9.259002655744552612e-02,-5.125786662101745605e-01,-1.998487859964370728e-01,1.701616942882537842e-01,3.549132868647575378e-02,-5.133412405848503113e-02,2.813897095620632172e-02,1.270070374011993408e-01,-4.907005280256271362e-02,-1.391184329986572266e-01,-7.585762441158294678e-02,4.634600877761840820e-02,-7.550894469022750854e-02,-1.078262254595756531e-01,-1.802263855934143066e-01,1.475833207368850708e-01,-1.045870333909988403e-01,-2.778396606445312500e-01,-2.123893499374389648e-01,8.533240854740142822e-02,1.439194753766059875e-02,6.689703464508056641e-02,1.480183377861976624e-02,5.288193374872207642e-02,-1.601063907146453857e-01,-3.293702378869056702e-03,5.938326567411422729e-02,-1.383793354034423828e-02,1.091690454632043839e-02,-1.668381989002227783e-01,2.074396610260009766e-01,-1.266511380672454834e-01,2.677856981754302979e-01,-2.729664742946624756e-01,-1.566440910100936890e-01,1.422178149223327637e-01,1.053793132305145264e-01,-8.386555314064025879e-02,-1.069858893752098083e-01,-4.070225171744823456e-03,1.194020435214042664e-01,3.730651736259460449e-02,-3.138301521539688110e-02,-1.246932521462440491e-02,4.009594558738172054e-04,-2.711511850357055664e-01,-4.426668398082256317e-03,-2.572230398654937744e-01,-2.006988786160945892e-02,3.742486834526062012e-01,6.481663323938846588e-03,-1.141831725835800171e-01,1.025843471288681030e-01,-1.716809570789337158e-01,2.411549687385559082e-01,1.933506280183792114e-01,-2.596487700939178467e-01,-9.291422553360462189e-03,-3.341858088970184326e-01,2.184275686740875244e-01,-1.009306579362601042e-04,-1.766558736562728882e-01,3.329209685325622559e-01,-2.345429956912994385e-01,4.247916042804718018e-01,3.184238448739051819e-02,-7.828149199485778809e-02,1.208977587521076202e-02,1.015725135803222656e-01,2.712978720664978027e-01,2.579729072749614716e-02,-3.444912433624267578e-01,1.894775219261646271e-02,-2.117981612682342529e-01,1.667458415031433105e-01,3.023931197822093964e-02,-1.070489808917045593e-01,2.569040358066558838e-01,-1.169500425457954407e-01,3.866590261459350586e-01,8.445836603641510010e-03,-2.628546655178070068e-01,-8.977155387401580811e-02,-6.546371430158615112e-02,6.523860245943069458e-02,8.790345489978790283e-02,2.083182185888290405e-01,1.297746133059263229e-02,7.604582607746124268e-02,-1.992264017462730408e-02,5.039056017994880676e-02
8.276605606079101562e-02,3.773818910121917725e-02,-2.986218035221099854e-01,1.932597011327743530e-01,1.103449910879135132e-01,-1.376723349094390869e-01,7.981484383344650269e-02,-1.088660676032304764e-02,2.673984467983245850e-01,1.958921104669570923e-01,-5.689729005098342896e-02,-1.218617334961891174e-01,2.009067088365554810e-01,2.437162250280380249e-01,2.533537149429321289e-01,2.796341478824615479e-01,-1.027680700644850731e-04,1.737121492624282837e-01,-2.697823643684387207e-01,-2.089433968067169189e-01,-3.389522433280944824e-01,2.210082709789276123e-01,1.887536048889160156e-01,-7.591428607702255249e-02,4.633060470223426819e-02,3.445660769939422607e-01,-2.359627038240432739e-01,-5.329142883419990540e-02,1.958714723587036133e-01,-5.304130539298057556e-02,4.734737053513526917e-02,-3.691847920417785645e-01,3.066792190074920654e-01,1.755227297544479370e-01,-1.644305884838104248e-03,-2.902770340442657471e-01,1.197058185935020447e-01,2.347338646650314331e-01,-1.142203435301780701e-01,-2.352137863636016846e-01,3.499150872230529785e-01,6.104971840977668762e-02,2.066590636968612671e-01,5.324251204729080200e-02,-1.910107284784317017e-01,-1.955843418836593628e-01,-3.044066727161407471e-01,-9.079501777887344360e-02,4.659477993845939636e-02,-3.510459139943122864e-02,7.058884017169475555e-03,3.514844924211502075e-02,1.238350495696067810e-01,1.235071755945682526e-02,5.851906165480613708e-02,-2.976235747337341309e-01,8.689430356025695801e-02,1.944678463041782379e-02,-1.511946320533752441e-01,-1.896381825208663940e-01,-1.089451462030410767e-01,1.068846955895423889e-01,1.189164258539676666e-02,2.864316105842590332e-01,1.692518219351768494e-02,-7.894020527601242065e-02,3.072875738143920898e-02,2.566189467906951904e-01,-3.357914090156555176e-01,1.611709594726562500e-02,-2.430667430162429810e-01,8.445952832698822021e-02,-1.454316228628158569e-01,3.218037784099578857e-01,-1.623818129301071167e-01,-2.834901511669158936e-01,-4.684145562350749969e-03,3.483406007289886475e-01,-1.195159777998924255e-01,-3.093979060649871826e-01,3.735571801662445068e-01,1.828780630603432655e-03,-2.235239744186401367e-01,2.881602616980671883e-03,-2.996478378772735596e-01,-2.395732402801513672e-01,1.885505020618438721e-01,7.988766767084598541e-03,2.485679984092712402e-01,1.933095604181289673e-01,-6.514896452426910400e-02,-1.338597983121871948e-01,-2.719314396381378174e-01,1.135157421231269836e-01,-3.474879562854766846e-01,-2.695770747959613800e-02,1.526986509561538696e-01,-1.329039514530450106e-04,-1.821565032005310059e-01,2.462881058454513550e-01,-1.121986284852027893e-01,1.887105554342269897e-01,-3.634828627109527588e-01,-2.021583914756774902e-01,3.949334621429443359e-01,3.058723732829093933e-02,-3.107726871967315674e-01,-2.453567534685134888e-01,-1.299013048410415649e-01,-2.605635672807693481e-02,2.966595888137817383e-01,-2.351860702037811279e-01,-2.701162397861480713e-01,9.799174964427947998e-02,2.462975084781646729e-01,-3.453254997730255127e-01,1.151099503040313721e-01,6.770350039005279541e-02,-3.422942459583282471e-01,1.514342874288558960e-01,1.205614954233169556e-01,3.158671855926513672e-01,3.139488399028778076e-01,-1.409273445606231689e-01,-1.535100936889648438e-01,-2.846186161041259766e-01,2.142627537250518799e-02,1.899025887250900269e-01
2.788684703409671783e-02,5.305077880620956421e-02,-4.456694722175598145e-01,3.178221583366394043e-01,1.774695664644241333e-01,-4.560723155736923218e-02,1.279944479465484619e-01,3.741906583309173584e-02,1.958921104669570923e-01,2.401373535394668579e-01,-3.175141289830207825e-02,-1.710427701473236084e-01,2.867308259010314941e-01,3.321468532085418701e-01,3.774966597557067871e-01,3.878619372844696045e-01,-2.104090759530663490e-03,2.486094385385513306e-01,-3.586785495281219482e-01,-3.174671232700347900e-01,-2.912479639053344727e-01,3.320199251174926758e-01,3.178535699844360352e-01,-9.223020821809768677e-02,5.342607945203781128e-02,4.157356023788452148e-01,-3.770506978034973145e-01,-8.652529120445251465e-02,3.778679072856903076e-01,-1.343911290168762207e-01,1.277164220809936523e-01,-4.574182629585266113e-01,3.550246953964233398e-01,3.089565634727478027e-01,-1.304362341761589050e-02,-4.077717959880828857e-01,1.609043478965759277e-01,3.191561400890350342e-01,-2.134885191917419434e-01,-3.180535733699798584e-01,3.844724893569946289e-01,6.778612732887268066e-02,3.586008846759796143e-01,8.496049046516418457e-02,-1.143817901611328125e-01,-3.313753008842468262e-01,-4.433740079402923584e-01,-1.184687241911888123e-01,-1.348791847703978419e-04,-5.289926752448081970e-02,8.319859206676483154e-02,-8.817388117313385010e-02,9.045290946960449219e-02,3.528795763850212097e-02,1.574250683188438416e-02,-4.606277346611022949e-01,1.292395889759063721e-01,3.063368611037731171e-02,-2.092988938093185425e-01,-2.625383734703063965e-01,-9.683931618928909302e-02,1.005717590451240540e-01,1.531945448368787766e-02,2.617257237434387207e-01,-8.066914044320583344e-03,-1.004546806216239929e-01,1.177851483225822449e-01,3.724183738231658936e-01,-4.233599901199340820e-01,7.097497582435607910e-02,-3.470611572265625000e-01,-8.298923075199127197e-02,-1.376822292804718018e-01,4.252736568450927734e-01,-1.472381353378295898e-01,-3.962789177894592285e-01,-6.474060937762260437e-03,5.042975544929504395e-01,-1.014874503016471863e-01,-4.050118625164031982e-01,4.878504276275634766e-01,2.672643400728702545e-03,-3.504557907581329346e-01,7.459278567694127560e-04,-3.692809343338012695e-01,-3.674867451190948486e-01,2.768109142780303955e-01,1.255730073899030685e-02,2.843484282493591309e-01,2.644491195678710938e-01,-9.858322888612747192e-02,-1.457915306091308594e-01,-3.519929647445678711e-01,1.620023101568222046e-01,-4.261698126792907715e-01,-2.696056291460990906e-02,2.897822558879852295e-01,-1.802675687940791249e-04,-2.856551706790924072e-01,2.524868845939636230e-01,-1.838705986738204956e-01,1.952533721923828125e-01,-4.750168919563293457e-01,-2.773257493972778320e-01,5.202652812004089355e-01,8.954743295907974243e-02,-3.834530413150787354e-01,-3.666067123413085938e-01,-1.146870106458663940e-01,-2.970132045447826385e-02,3.417491018772125244e-01,-3.397455811500549316e-01,-3.818871378898620605e-01,1.443691998720169067e-01,4.228127598762512207e-01,-4.242861866950988770e-01,1.846853047609329224e-01,1.315157413482666016e-01,-4.673153460025787354e-01,1.894901543855667114e-01,2.290079146623611450e-01,3.863536715507507324e-01,4.186183810234069824e-01,-2.109710872173309326e-01,-2.694507241249084473e-01,-3.441590666770935059e-01,1.898817159235477448e-02,2.732862830162048340e-01
-1.820115745067596436e-01,1.443790178745985031e-02,-2.250655181705951691e-02,-1.855811476707458496e-02,4.373824968934059143e-02,7.735030353069305420e-02,-1.140486672520637512e-01,-3.834945335984230042e-02,-5.689729005098342896e-02,-3.175141289830207825e-02,1.833226531744003296e-01,-3.586960211396217346e-02,1.290806084871292114e-01,3.265733271837234497e-02,6.901369988918304443e-02,1.285438686609268188e-01,-1.565035316161811352e-03,1.062141731381416321e-02,3.909277543425559998e-02,-5.343847721815109253e-02,1.774833500385284424e-01,1.345217525959014893e-01,2.171059884130954742e-02,-8.567566424608230591e-02,-1.547999447211623192e-03,1.184836030006408691e-01,-1.890350580215454102e-01,-1.185226142406463623e-01,9.360992908477783203e-02,-3.990700002759695053e-03,5.976589396595954895e-02,-7.616578787565231323e-02,-1.121445223689079285e-01,6.283274292945861816e-02,-1.317469030618667603e-02,-1.594972163438796997e-01,3.597174957394599915e-02,2.037277445197105408e-02,-6.344066560268402100e-02,9.366869926452636719e-02,-3.766962140798568726e-02,-4.644657298922538757e-02,1.596272140741348267e-01,1.126429066061973572e-02,2.056048065423965454e-01,-1.572709679603576660e-01,4.806122276932001114e-03,2.421622350811958313e-02,-8.133913576602935791e-02,-2.626340091228485107e-02,8.768668025732040405e-02,-5.204358324408531189e-02,-1.234306246042251587e-01,-1.506605371832847595e-02,-8.112291991710662842e-02,-1.003350093960762024e-01,2.089863084256649017e-02,6.872748024761676788e-03,6.091164425015449524e-02,2.621659077703952789e-04,6.086236983537673950e-02,-5.035695433616638184e-02,-6.116716394899412990e-05,-2.066352665424346924e-01,1.002772990614175797e-02,-1.174858026206493378e-02,1.825539469718933105e-01,8.466759324073791504e-02,-5.720363929867744446e-02,8.274874091148376465e-02,2.537025697529315948e-02,-2.101928889751434326e-01,1.254036277532577515e-02,1.504814531654119492e-02,8.417903631925582886e-02,-9.128967649303376675e-04,-3.151310607790946960e-03,6.392842531204223633e-02,2.016747444868087769e-01,-7.774011045694351196e-02,-3.597563132643699646e-02,6.245297263376414776e-04,-2.226352691650390625e-02,8.589346543885767460e-04,1.687269657850265503e-02,-9.952898323535919189e-02,-7.731383293867111206e-02,5.695281550288200378e-03,1.260916739702224731e-01,2.985696680843830109e-02,6.192233413457870483e-02,2.021527290344238281e-02,-5.227565392851829529e-02,1.212170124053955078e-01,3.293839842081069946e-02,6.593307107686996460e-02,1.609078422188758850e-02,9.052204404724761844e-06,-1.622788757085800171e-01,-1.027232706546783447e-01,-2.463248372077941895e-02,-3.385273739695549011e-02,-6.197675317525863647e-02,-3.623305261135101318e-02,-5.978145636618137360e-03,-2.362727522850036621e-01,8.167103677988052368e-02,-1.654686033725738525e-01,1.349961608648300171e-01,-5.289396736770868301e-03,7.844236493110656738e-02,3.367950767278671265e-02,-8.851850032806396484e-02,-3.605017438530921936e-02,6.903842091560363770e-02,5.921382457017898560e-02,1.123736575245857239e-01,-3.999836277216672897e-03,5.107942223548889160e-02,3.239972749724984169e-03,6.189708411693572998e-02,-2.467646263539791107e-02,-5.212233867496252060e-03,-1.174807026982307434e-01,-1.500217616558074951e-01,2.146873250603675842e-02,6.824285257607698441e-03,-4.779213666915893555e-02
1.340116956271231174e-03,-4.604174569249153137e-02,3.558225929737091064e-01,-2.506937086582183838e-01,-1.731318235397338867e-01,-1.165223889984190464e-03,-6.055985018610954285e-02,-6.584339588880538940e-02,-1.218617334961891174e-01,-1.710427701473236084e-01,-3.586960211396217346e-02,1.553034335374832153e-01,-2.444992214441299438e-01,-2.926917970180511475e-01,-3.427957594394683838e-01,-3.549485504627227783e-01,1.960267778486013412e-03,-1.942333281040191650e-01,2.457617074251174927e-01,2.641958892345428467e-01,1.543056070804595947e-01,-3.152063488960266113e-01,-2.518072426319122314e-01,9.504236280918121338e-02,-3.984822705388069153e-02,-3.456406295299530029e-01,3.479328155517578125e-01,1.257407218217849731e-01,-3.262693881988525391e-01,1.136605441570281982e-01,-1.068393737077713013e-01,3.723999261856079102e-01,-2.207145541906356812e-01,-2.685854732990264893e-01,1.830772496759891510e-02,3.774635493755340576e-01,-1.331194937229156494e-01,-2.541059553623199463e-01,2.114194333553314209e-01,2.619312107563018799e-01,-2.874763011932373047e-01,-4.522594437003135681e-02,-3.272165358066558838e-01,-7.252482324838638306e-02,-8.228760212659835815e-03,2.952467501163482666e-01,3.549625873565673828e-01,1.017541810870170593e-01,3.693350777029991150e-02,4.752229899168014526e-02,-8.555587381124496460e-02,1.163416504859924316e-01,-4.644411429762840271e-02,-2.605936955660581589e-03,2.379666641354560852e-02,4.055218696594238281e-01,-1.223726421594619751e-01,-2.721185795962810516e-02,1.244097650051116943e-01,2.096517384052276611e-01,5.609126761555671692e-02,-5.004570260643959045e-02,-1.263901498168706894e-02,-1.158490255475044250e-01,-1.148693729192018509e-03,7.785066962242126465e-02,-1.424790769815444946e-01,-3.302528560161590576e-01,3.481883406639099121e-01,-1.024798452854156494e-01,2.740370631217956543e-01,1.404228359460830688e-01,9.559056907892227173e-02,-3.473809063434600830e-01,8.687216788530349731e-02,3.194489181041717529e-01,5.736649967730045319e-03,-4.124241173267364502e-01,3.147134184837341309e-02,3.402828276157379150e-01,-3.693823516368865967e-01,-2.361868508160114288e-03,2.938894927501678467e-01,-3.055745619349181652e-04,3.007941544055938721e-01,3.173590898513793945e-01,-1.906977146863937378e-01,-1.166282780468463898e-02,-2.437492907047271729e-01,-2.186017334461212158e-01,6.908051669597625732e-02,9.752855449914932251e-02,2.744847536087036133e-01,-1.610637903213500977e-01,3.137868344783782959e-01,2.406323142349720001e-02,-2.552705407142639160e-01,1.419230829924345016e-04,2.925006747245788574e-01,-1.682020276784896851e-01,1.632571369409561157e-01,-1.467572003602981567e-01,3.902376592159271240e-01,2.282018214464187622e-01,-3.802299499511718750e-01,-2.577133290469646454e-02,2.538582384586334229e-01,3.337367773056030273e-01,5.692667141556739807e-02,2.212412841618061066e-02,-2.965186238288879395e-01,2.425896227359771729e-01,3.302547931671142578e-01,-9.315461665391921997e-02,-3.657215237617492676e-01,3.015372753143310547e-01,-2.125342786312103271e-01,-9.709519147872924805e-02,3.675182163715362549e-01,-1.462421864271163940e-01,-1.900637149810791016e-01,-2.987851798534393311e-01,-3.258902430534362793e-01,1.864507496356964111e-01,2.641056776046752930e-01,2.564161121845245361e-01,-1.219247840344905853e-02,-1.920788735151290894e-01
