7.958326339721679688e-01,1.340446770191192627e-01,-3.586450815200805664e-01,6.886852532625198364e-02,4.451088607311248779e-01,1.060468703508377075e-01,2.067290693521499634e-01,5.388472676277160645e-01,5.037845298647880554e-02,-1.479047443717718124e-02,-1.541229188442230225e-01,-1.282054632902145386e-01,6.767857670783996582e-01,3.962818384170532227e-01,5.974497795104980469e-01,1.777821779251098633e-01,-1.823027990758419037e-02,-1.027716137468814850e-02,3.541243672370910645e-01,1.880894452333450317e-01,-4.021796286106109619e-01,-1.060888394713401794e-01,4.892697036266326904e-01,-4.591954350471496582e-01,-2.593414485454559326e-02,-5.739060044288635254e-01,3.912921994924545288e-02,-3.399627208709716797e-01,-1.427122950553894043e-01,-5.865602493286132812e-01,-4.172068536281585693e-01,-1.679736971855163574e-01,3.239275217056274414e-01,-2.388001531362533569e-01,-5.554208159446716309e-02,-4.086298346519470215e-01,-1.311063319444656372e-01,9.964662790298461914e-02,-2.545012533664703369e-01,-5.219645500183105469e-01,6.881940364837646484e-02,2.751455605030059814e-01,-7.901895791292190552e-02,7.456410676240921021e-02,5.916306376457214355e-01,-5.084950327873229980e-01,-4.154629707336425781e-01,-2.301935479044914246e-02,-1.326934807002544403e-02,1.939013600349426270e-02,2.988105714321136475e-01,4.068750143051147461e-01,1.668719649314880371e-01,-5.847204849123954773e-02,6.230068206787109375e-02,-1.137476116418838501e-01,1.471726894378662109e-01,9.238944202661514282e-02,1.594272851943969727e-01,-7.332287263125181198e-03,-1.481607556343078613e-01,2.149656862020492554e-01,7.588230818510055542e-02,-2.337287217378616333e-01,-1.315569132566452026e-01,7.072214782238006592e-02,4.076314866542816162e-01,3.312019705772399902e-01,3.138178214430809021e-02,3.000365495681762695e-01,-5.554010272026062012e-01,-6.983391046524047852e-01,-5.068618431687355042e-02,-2.188391983509063721e-01,-5.461569502949714661e-02,-4.292282760143280029e-01,-2.803179621696472168e-02,3.540317341685295105e-02,-6.178790926933288574e-01,-5.404581427574157715e-01,-3.859805166721343994e-01,1.929586008191108704e-02,-2.019866406917572021e-01,7.901808619499206543e-02,-8.381253480911254883e-02,1.507297307252883911e-01,-7.114750146865844727e-02,2.063701488077640533e-02,3.004504144191741943e-01,-1.093220785260200500e-01,4.840493947267532349e-02,-3.830651938915252686e-01,1.529780495911836624e-02,-9.492871165275573730e-02,5.951483920216560364e-02,-2.708678245544433594e-01,3.873276412487030029e-01,-6.984810344874858856e-03,-4.576270580291748047e-01,6.065514683723449707e-01,1.462284326553344727e-01,1.983576118946075439e-01,-6.869721412658691406e-02,-2.490972355008125305e-02,2.000056356191635132e-01,3.337711989879608154e-01,-4.129929468035697937e-02,1.249697729945182800e-01,-2.067657858133316040e-01,-2.254423871636390686e-02,4.553999304771423340e-01,9.108743816614151001e-02,8.602999895811080933e-02,-4.446590244770050049e-01,1.365521401166915894e-01,-4.172207713127136230e-01,1.429938673973083496e-01,-9.076093137264251709e-02,-5.796856284141540527e-01,1.173770055174827576e-02,-6.523013114929199219e-01,4.404348134994506836e-01,8.606027066707611084e-02,-1.253085285425186157e-01,5.576773881912231445e-01,-3.382333815097808838e-01,1.525773014873266220e-02,4.885347485542297363e-01
1.340446770191192627e-01,5.254689604043960571e-02,-1.165266185998916626e-01,-8.459039032459259033e-03,1.180216819047927856e-01,-5.076276883482933044e-02,3.380303457379341125e-02,4.319047555327415466e-02,3.449640050530433655e-02,3.195839002728462219e-03,-2.045249007642269135e-02,-2.762471698224544525e-02,1.497991383075714111e-01,4.695663601160049438e-02,1.229266524314880371e-01,5.107710137963294983e-02,-5.613718181848526001e-03,5.536035448312759399e-02,4.462837055325508118e-02,1.408885815180838108e-03,-5.957765504717826843e-02,2.251951582729816437e-02,1.053595319390296936e-01,-5.184504762291908264e-02,2.006046846508979797e-02,-4.040467739105224609e-02,-5.606703087687492371e-02,-1.297419071197509766e-01,6.372532807290554047e-03,-1.260961592197418213e-01,-1.021395325660705566e-01,-6.402870267629623413e-02,7.486236840486526489e-02,-2.538608945906162262e-02,-1.022033509798347950e-03,-9.631534665822982788e-02,-4.001551494002342224e-02,2.773340977728366852e-02,3.484278172254562378e-02,-1.225451081991195679e-01,8.037008345127105713e-02,2.009972184896469116e-02,5.707719177007675171e-02,1.695142686367034912e-02,7.311080396175384521e-02,-7.717428356409072876e-02,-1.009994894266128540e-01,2.100250683724880219e-03,-3.418742865324020386e-02,4.896120168268680573e-03,6.639764457941055298e-02,7.516674697399139404e-02,4.458094388246536255e-02,4.392291978001594543e-02,-2.417729422450065613e-02,-3.531129658222198486e-02,3.511990234255790710e-02,1.485709473490715027e-02,2.947481721639633179e-02,9.098451584577560425e-03,-3.014722280204296112e-02,1.923884823918342590e-02,1.431731134653091431e-02,-4.014521464705467224e-02,-8.664923161268234253e-02,-3.140479326248168945e-03,1.111417114734649658e-01,1.355446726083755493e-01,-5.107092112302780151e-02,1.002862304449081421e-01,-9.920415282249450684e-02,-1.056012734770774841e-01,-3.177878633141517639e-02,-6.477431207895278931e-02,-8.179740048944950104e-03,-1.156648546457290649e-01,-9.473865851759910583e-03,1.568603515625000000e-02,-6.949216872453689575e-02,-1.387853026390075684e-01,-9.615068137645721436e-02,4.049155861139297485e-03,-8.412924408912658691e-02,1.705520600080490112e-02,-4.612474888563156128e-02,-3.361978754401206970e-02,9.301639162003993988e-03,1.659389212727546692e-02,8.472483605146408081e-02,-4.350861161947250366e-02,1.293290965259075165e-02,-8.568006008863449097e-02,8.230929262936115265e-03,1.290794368833303452e-02,-1.897852495312690735e-02,1.131899282336235046e-02,4.691398143768310547e-02,-1.256262650713324547e-03,-8.981269598007202148e-02,1.069797426462173462e-01,3.456072136759757996e-02,-4.055737052112817764e-03,-1.407968718558549881e-02,2.018615603446960449e-03,7.383462786674499512e-02,-1.712447591125965118e-02,1.763822324573993683e-02,7.242847234010696411e-03,-6.487308442592620850e-02,-2.391743846237659454e-02,7.156030833721160889e-02,3.840171545743942261e-02,9.500195272266864777e-03,-1.045398339629173279e-01,7.195422798395156860e-02,-1.168594881892204285e-01,8.872836828231811523e-02,-2.861664257943630219e-02,-7.054769992828369141e-02,6.973285693675279617e-03,-1.400279700756072998e-01,7.346130907535552979e-02,5.848842486739158630e-02,-4.682245478034019470e-02,5.396795272827148438e-02,-8.571968227624893188e-02,-2.285384107381105423e-03,9.411694854497909546e-02
-3.586450815200805664e-01,-1.165266185998916626e-01,8.664164543151855469e-01,-3.977164626121520996e-01,-3.753786087036132812e-01,-4.060984253883361816e-01,-6.393401622772216797e-01,2.069557160139083862e-01,2.104474902153015137e-01,-1.186075210571289062e-01,5.451774597167968750e-02,2.478762120008468628e-01,-2.908083796501159668e-01,4.879379272460937500e-01,-5.521732568740844727e-01,-1.921997815370559692e-01,-1.297363042831420898e-01,-3.158747851848602295e-01,1.850541085004806519e-01,4.254358410835266113e-01,-3.488897383213043213e-01,-5.706603527069091797e-01,-3.249629437923431396e-01,3.235881030559539795e-01,-3.263901770114898682e-01,-2.351731956005096436e-01,4.962137043476104736e-01,7.075464725494384766e-01,-6.752721667289733887e-01,7.940650582313537598e-01,2.113354504108428955e-01,6.615502238273620605e-01,-5.686432123184204102e-01,-2.806901037693023682e-01,6.802641786634922028e-03,6.326722502708435059e-01,3.513805270195007324e-01,-2.303905636072158813e-01,-3.023845553398132324e-01,7.995637059211730957e-01,-5.266988277435302734e-01,4.283078014850616455e-03,-4.506882429122924805e-01,-1.272830814123153687e-01,-2.012695670127868652e-01,4.790437817573547363e-01,6.842474937438964844e-01,5.774504318833351135e-02,2.479619085788726807e-01,3.684828877449035645e-01,-4.488530755043029785e-01,1.296119093894958496e-01,-3.759226799011230469e-01,-1.697789728641510010e-01,1.643141955137252808e-01,1.807873696088790894e-01,-2.746061384677886963e-01,-8.236724883317947388e-02,-5.981969833374023438e-01,1.943532675504684448e-01,1.863365322351455688e-01,-2.981069684028625488e-02,-1.117664352059364319e-01,-3.319652080535888672e-01,5.047510862350463867e-01,9.366431832313537598e-02,-7.302302718162536621e-01,-7.009097933769226074e-01,9.943511337041854858e-02,-4.557973742485046387e-01,6.670520305633544922e-01,3.827929496765136719e-01,2.032607644796371460e-01,2.450682222843170166e-01,-1.107482761144638062e-01,6.273931860923767090e-01,8.627796173095703125e-02,-5.638432502746582031e-01,2.125631123781204224e-01,6.869740486145019531e-01,-2.513492703437805176e-01,-4.338381811976432800e-02,6.736603975296020508e-01,-9.532521665096282959e-02,5.154313445091247559e-01,4.043966829776763916e-01,-3.419548869132995605e-01,-1.646261662244796753e-01,-6.305464506149291992e-01,2.243623584508895874e-01,-5.239280685782432556e-02,6.356040239334106445e-01,-1.201137341558933258e-02,-3.088967641815543175e-03,5.227032303810119629e-01,-4.179462790489196777e-01,-1.425248682498931885e-01,1.332762837409973145e-02,3.122343420982360840e-01,-5.380798578262329102e-01,-1.116888970136642456e-01,-2.628477215766906738e-01,-9.379991143941879272e-02,-5.068463459610939026e-02,-8.395935297012329102e-01,-9.840676933526992798e-02,3.596886992454528809e-01,3.752786815166473389e-01,6.778838634490966797e-01,2.527073919773101807e-01,-2.680900096893310547e-01,2.674046754837036133e-01,-8.040195703506469727e-02,2.068645209074020386e-01,-6.633497476577758789e-01,3.409387171268463135e-01,-4.396864175796508789e-01,-3.120967186987400055e-02,1.729354113340377808e-01,-1.381327360868453979e-01,3.356233835220336914e-01,-2.208493351936340332e-01,-4.703771173954010010e-01,-1.308678686618804932e-01,6.694316118955612183e-02,6.828352808952331543e-01,-1.311629861593246460e-01,-4.633245766162872314e-01
6.886852532625198364e-02,-8.459039032459259033e-03,-3.977164626121520996e-01,5.403671264648437500e-01,5.302859097719192505e-02,3.893630504608154297e-01,3.587990701198577881e-01,-3.065072894096374512e-01,-1.330504417419433594e-01,6.995968520641326904e-02,-1.964571624994277954e-01,-7.054928690195083618e-02,8.835852146148681641e-02,-3.892413079738616943e-01,1.321689784526824951e-01,1.866207458078861237e-02,6.197475269436836243e-02,3.905670642852783203e-01,-2.446589469909667969e-01,-2.386909276247024536e-01,2.458542957901954651e-02,3.333314061164855957e-01,1.698901206254959106e-01,-1.480316519737243652e-01,2.502352297306060791e-01,1.919517815113067627e-01,-2.375759929418563843e-01,-3.497255444526672363e-01,4.343979656696319580e-01,-4.123511314392089844e-01,-5.908511206507682800e-02,-4.561121761798858643e-01,4.159328937530517578e-01,1.059295516461133957e-02,3.664496168494224548e-02,-2.588800489902496338e-01,-8.643586933612823486e-02,8.532437682151794434e-02,2.770494222640991211e-01,-5.815827846527099609e-01,1.221765279769897461e-01,-5.236100871115922928e-03,4.032527506351470947e-01,4.960035905241966248e-02,-1.126717478036880493e-01,-8.683285862207412720e-02,-1.839984059333801270e-01,-1.349648833274841309e-01,-1.436815857887268066e-01,-3.596751019358634949e-02,2.704328000545501709e-01,-9.628404676914215088e-02,3.189289569854736328e-01,-6.790139526128768921e-02,1.949205622076988220e-02,-1.360410600900650024e-01,7.875029928982257843e-03,-1.800635457038879395e-02,2.664891183376312256e-01,-1.096641942858695984e-01,-3.573603332042694092e-01,9.561125934123992920e-02,5.527999624609947205e-02,2.752702534198760986e-01,-4.383112788200378418e-01,-5.927599221467971802e-02,3.559168577194213867e-01,3.074368834495544434e-01,2.671773731708526611e-01,-5.115510430186986923e-03,-3.377661705017089844e-01,5.899339541792869568e-02,-1.709462516009807587e-02,-3.090537190437316895e-01,4.430467635393142700e-02,-3.726986944675445557e-01,-1.527264714241027832e-02,1.558215916156768799e-01,-2.247920036315917969e-01,-4.069007039070129395e-01,4.112642705440521240e-01,1.331421546638011932e-02,-2.793897688388824463e-01,3.233758732676506042e-02,-4.708373844623565674e-01,2.958515100181102753e-02,3.865488246083259583e-02,6.327728182077407837e-02,1.697689890861511230e-01,-8.694988489151000977e-02,4.638342931866645813e-02,-3.442482650279998779e-01,-6.282486021518707275e-02,2.340478152036666870e-01,-3.325001299381256104e-01,1.927717775106430054e-01,-8.446354418992996216e-02,-5.119538865983486176e-03,4.809470381587743759e-03,3.721003830432891846e-01,7.792974263429641724e-02,1.435321941971778870e-02,5.768688395619392395e-02,2.059981040656566620e-02,5.911622643470764160e-01,3.244714140892028809e-01,-5.588597655296325684e-01,-2.961269617080688477e-01,-2.598029673099517822e-01,-1.091591343283653259e-01,2.656807899475097656e-01,-3.387535810470581055e-01,5.998006463050842285e-02,8.557983487844467163e-02,2.759613096714019775e-01,1.357537135481834412e-02,3.617559969425201416e-01,3.602008149027824402e-02,1.133142188191413879e-01,1.150220483541488647e-01,-6.284099072217941284e-02,-1.344101428985595703e-01,2.981201112270355225e-01,1.709444373846054077e-01,-1.388770341873168945e-01,-3.521834611892700195e-01,4.816928505897521973e-02,3.243225514888763428e-01
4.451088607311248779e-01,1.180216819047927856e-01,-3.753786087036132812e-01,5.302859097719192505e-02,6.981769204139709473e-01,3.999916370958089828e-03,2.586518228054046631e-01,1.203243620693683624e-02,5.030718073248863220e-02,3.508491069078445435e-02,-1.594578325748443604e-01,-3.750962391495704651e-02,2.869637310504913330e-01,3.238786384463310242e-02,4.401851892471313477e-01,1.971006989479064941e-01,-2.672011405229568481e-02,2.386924028396606445e-01,1.140635535120964050e-01,-1.589878350496292114e-01,-8.029794692993164062e-02,1.714754402637481689e-01,1.071381717920303345e-01,1.121133193373680115e-01,1.750151067972183228e-02,-4.124941304326057434e-02,-3.810093998908996582e-01,-5.083564519882202148e-01,1.730123907327651978e-01,-4.944666028022766113e-01,-3.810945153236389160e-01,-3.750919550657272339e-02,1.511096209287643433e-01,-1.413816511631011963e-01,3.731127083301544189e-02,-1.249853596091270447e-01,-2.006047368049621582e-01,7.800142467021942139e-02,-5.262912064790725708e-02,-4.415496587753295898e-01,2.695364058017730713e-01,1.418177336454391479e-01,2.795528173446655273e-01,6.505824625492095947e-02,8.355088531970977783e-02,-1.141378581523895264e-01,-5.538316965103149414e-01,-6.480275839567184448e-02,-4.566415026783943176e-02,2.044545710086822510e-01,2.025303840637207031e-01,2.358161471784114838e-02,1.179352104663848877e-01,2.566182911396026611e-01,-1.793007552623748779e-01,-2.292587757110595703e-01,5.661474913358688354e-02,2.294806204736232758e-02,-1.178136020898818970e-01,1.056445911526679993e-01,-1.112735792994499207e-01,1.662762463092803955e-02,3.823382034897804260e-02,-7.685449719429016113e-02,-3.215483129024505615e-01,3.835257515311241150e-02,4.834887981414794922e-01,5.385905504226684570e-01,3.095390275120735168e-02,4.202298521995544434e-01,-2.728203535079956055e-01,-2.935622036457061768e-01,1.997573971748352051e-01,-2.729176878929138184e-01,-8.083348721265792847e-02,-5.886700153350830078e-01,-5.204068496823310852e-02,1.391074061393737793e-01,-7.107121497392654419e-02,-3.079455792903900146e-01,-2.490656375885009766e-01,3.773347008973360062e-03,-5.611061453819274902e-01,3.315402567386627197e-02,-3.454442918300628662e-01,-3.206568360328674316e-01,3.017427623271942139e-01,4.428455978631973267e-02,2.061138451099395752e-01,-2.122938185930252075e-01,-1.808054000139236450e-01,-1.949729621410369873e-01,3.569722771644592285e-01,2.177664823830127716e-02,-3.063034825026988983e-02,2.797477506101131439e-02,4.724744260311126709e-01,-3.358313580974936485e-03,-2.223128378391265869e-01,3.121896088123321533e-01,7.453641295433044434e-02,1.863565109670162201e-02,1.841846257448196411e-01,-1.796340942382812500e-02,1.814697384834289551e-01,8.637028187513351440e-02,4.572381451725959778e-02,1.770611852407455444e-02,-2.622849047183990479e-01,-5.777737870812416077e-02,-1.412665247917175293e-01,2.530611753463745117e-01,2.382935881614685059e-01,-4.636597335338592529e-01,4.868136048316955566e-01,-3.578293621540069580e-01,4.686904251575469971e-01,-2.682229578495025635e-01,-1.217057704925537109e-01,-1.182763557881116867e-02,-1.763283759355545044e-01,9.725246578454971313e-02,1.655235886573791504e-01,-1.434663087129592896e-01,1.278031915426254272e-01,-2.254185974597930908e-01,-1.162415519356727600e-01,2.995260059833526611e-01
1.060468703508377075e-01,-5.076276883482933044e-02,-4.060984253883361816e-01,3.893630504608154297e-01,3.999916370958089828e-03,6.373316645622253418e-01,4.098781943321228027e-01,-1.132216602563858032e-01,-2.767161428928375244e-01,6.192814931273460388e-02,-5.897601693868637085e-02,-1.121453791856765747e-01,-4.091541469097137451e-02,-3.522424995899200439e-01,1.675958037376403809e-01,-1.190282497555017471e-02,1.035223230719566345e-01,4.594381153583526611e-02,-1.632981151342391968e-01,-2.457721829414367676e-01,2.417607903480529785e-01,2.687595784664154053e-01,1.105316728353500366e-01,-2.267837375402450562e-01,1.355232149362564087e-01,2.141242288053035736e-02,-1.279157549142837524e-01,-2.068542242050170898e-01,4.419840276241302490e-01,-4.397240281105041504e-01,1.054792478680610657e-01,-3.433273434638977051e-01,2.954449355602264404e-01,1.982853412628173828e-01,-2.197867073118686676e-02,-2.368039786815643311e-01,-1.214219257235527039e-01,8.163702487945556641e-02,2.936822548508644104e-02,-4.431957006454467773e-01,1.486927736550569534e-02,4.471740126609802246e-02,1.568005532026290894e-01,5.260915681719779968e-02,1.206628233194351196e-01,-2.917080819606781006e-01,-2.439708858728408813e-01,-8.321960270404815674e-02,-8.193983137607574463e-02,-2.253395020961761475e-01,2.376970350742340088e-01,-2.326624840497970581e-01,1.673615872859954834e-01,-8.380451053380966187e-02,3.564020246267318726e-02,-4.883585497736930847e-02,7.304202020168304443e-02,3.038110025227069855e-02,3.725253045558929443e-01,-1.644528359174728394e-01,-1.158087402582168579e-01,5.148702114820480347e-02,5.583450198173522949e-02,3.009730577468872070e-01,-1.310186237096786499e-01,-1.384959649294614792e-02,3.044705986976623535e-01,1.893248111009597778e-01,2.193403989076614380e-01,1.141955628991127014e-01,-3.714341819286346436e-01,-2.282960414886474609e-01,-1.544071361422538757e-02,-1.075322777032852173e-01,8.793956786394119263e-02,-2.662755846977233887e-01,-2.733614295721054077e-02,3.614140748977661133e-01,-1.938046813011169434e-01,-2.526466250419616699e-01,4.014796614646911621e-01,2.181326784193515778e-02,-2.549329698085784912e-01,2.283495478332042694e-02,-2.543770074844360352e-01,-4.427432268857955933e-02,1.571634858846664429e-01,5.478934571146965027e-02,2.270921021699905396e-01,-4.223690181970596313e-02,1.437024492770433426e-02,-3.003634512424468994e-01,-8.130683004856109619e-02,2.777733840048313141e-02,-2.371386289596557617e-01,1.078524067997932434e-01,7.374817132949829102e-02,-7.109778001904487610e-03,-8.113878965377807617e-02,2.445818632841110229e-01,1.520494744181632996e-02,2.561720013618469238e-01,9.988246113061904907e-02,2.100165560841560364e-02,4.901248514652252197e-01,3.915865123271942139e-01,-4.386450052261352539e-01,-2.269672304391860962e-01,-3.585518002510070801e-01,-9.034538269042968750e-02,1.914847940206527710e-01,-3.939433693885803223e-01,4.433627799153327942e-02,1.086469963192939758e-01,2.931023538112640381e-01,6.788951903581619263e-02,9.522292762994766235e-02,1.200412586331367493e-01,-1.219130828976631165e-01,8.070217072963714600e-02,-1.302153524011373520e-02,5.723522603511810303e-02,1.528160870075225830e-01,1.858592033386230469e-01,-1.251207478344440460e-02,-3.099159002304077148e-01,1.016234904527664185e-01,2.237223386764526367e-01
2.067290693521499634e-01,3.380303457379341125e-02,-6.393401622772216797e-01,3.587990701198577881e-01,2.586518228054046631e-01,4.098781943321228027e-01,6.382767558097839355e-01,-1.992115378379821777e-01,-2.067022472620010376e-01,1.103938370943069458e-01,-1.769483834505081177e-02,-2.058872282505035400e-01,2.716311253607273102e-02,-4.908052980899810791e-01,3.855696618556976318e-01,7.772496342658996582e-02,1.530612260103225708e-01,9.514687955379486084e-02,-1.490033268928527832e-01,-2.862654030323028564e-01,3.754381835460662842e-01,3.561057448387145996e-01,3.499206155538558960e-02,-2.867436110973358154e-01,2.197137773036956787e-01,1.841692477464675903e-01,-2.814168632030487061e-01,-4.007698893547058105e-01,5.562965273857116699e-01,-6.008419394493103027e-01,-5.718622729182243347e-02,-5.126626491546630859e-01,4.963716864585876465e-01,1.668287366628646851e-01,-1.678151823580265045e-02,-4.006865918636322021e-01,-2.986903786659240723e-01,1.675039082765579224e-01,1.236590668559074402e-01,-6.179336309432983398e-01,3.564234972000122070e-01,6.595233082771301270e-02,1.607799232006072998e-01,8.181392401456832886e-02,2.029212266206741333e-01,-4.757835566997528076e-01,-5.215289592742919922e-01,-3.481297567486763000e-02,-6.838723272085189819e-02,-2.882455289363861084e-01,9.677964448928833008e-02,-2.308324873447418213e-01,2.270016223192214966e-01,2.911681830883026123e-01,-2.335494617000222206e-03,2.937487326562404633e-03,1.608005613088607788e-01,6.170493364334106445e-02,4.790649116039276123e-01,-2.282600849866867065e-01,-7.950095087289810181e-02,4.062294587492942810e-02,8.774998784065246582e-02,4.736277461051940918e-01,-2.332081347703933716e-01,-7.401204109191894531e-02,5.426380038261413574e-01,4.586373269557952881e-01,8.080492913722991943e-02,4.172181785106658936e-01,-5.643957853317260742e-01,-2.157486379146575928e-01,-1.593794971704483032e-01,-8.155649527907371521e-03,9.106709808111190796e-02,-5.081832408905029297e-01,-6.866095960140228271e-02,5.719169378280639648e-01,-2.171376198530197144e-01,-4.185362160205841064e-01,2.939401566982269287e-01,3.597081825137138367e-02,-5.024169683456420898e-01,6.711263209581375122e-02,-3.620468080043792725e-01,-4.503376781940460205e-01,2.724849283695220947e-01,9.667924046516418457e-02,5.754613280296325684e-01,-1.400195062160491943e-01,9.347238577902317047e-03,-4.674225151538848877e-01,-6.408665329217910767e-02,-5.994680151343345642e-02,-5.001982450485229492e-01,3.411609530448913574e-01,1.566108614206314087e-01,-1.130194496363401413e-02,-1.141912341117858887e-01,3.579029142856597900e-01,6.838268786668777466e-02,4.268388748168945312e-01,2.750550210475921631e-02,4.195833578705787659e-02,7.405686974525451660e-01,1.467496156692504883e-01,-3.863819241523742676e-01,-2.342900186777114868e-01,-7.342703342437744141e-01,-1.831430345773696899e-01,1.562440395355224609e-01,-3.288782835006713867e-01,7.653813809156417847e-02,-5.354993790388107300e-02,4.492393136024475098e-01,-1.197958961129188538e-01,1.621740013360977173e-01,-2.919794991612434387e-03,-2.499272078275680542e-01,1.271130442619323730e-01,-2.078323960304260254e-01,2.911718785762786865e-01,2.798744142055511475e-01,7.421395182609558105e-02,5.441356077790260315e-02,-4.957206547260284424e-01,1.128106042742729187e-01,1.801364272832870483e-01
5.388472676277160645e-01,4.319047555327415466e-02,2.069557160139083862e-01,-3.065072894096374512e-01,1.203243620693683624e-02,-1.132216602563858032e-01,-1.992115378379821777e-01,8.487361669540405273e-01,1.278434991836547852e-01,-1.031444966793060303e-01,2.884759753942489624e-02,-4.194509238004684448e-02,4.631546735763549805e-01,7.212887406349182129e-01,2.371647953987121582e-01,2.127367258071899414e-02,-5.369792506098747253e-02,-4.848150610923767090e-01,5.367728471755981445e-01,5.842576026916503906e-01,-4.967569112777709961e-01,-5.450445413589477539e-01,2.862003445625305176e-01,-4.789102375507354736e-01,-2.711039185523986816e-01,-8.142802715301513672e-01,5.518151521682739258e-01,2.913025617599487305e-01,-6.307196617126464844e-01,-9.944870136678218842e-03,-1.944902241230010986e-01,2.247283607721328735e-01,-5.362823233008384705e-02,-3.155567646026611328e-01,-1.113314926624298096e-01,-9.179218858480453491e-02,7.981674373149871826e-02,-2.622792124748229980e-02,-5.643339157104492188e-01,1.018652245402336121e-01,-2.631479501724243164e-01,2.830602824687957764e-01,-6.157240271568298340e-01,-9.442637674510478973e-03,6.808279156684875488e-01,-4.000957012176513672e-01,5.883419513702392578e-02,9.820251911878585815e-02,2.048454135656356812e-01,-1.268660067580640316e-03,-7.205408811569213867e-02,5.411312580108642578e-01,-1.493484228849411011e-01,-2.281564623117446899e-01,2.529377043247222900e-01,1.541715264320373535e-01,6.694101542234420776e-02,9.271701425313949585e-02,-1.450860407203435898e-02,1.141777727752923965e-02,1.211491972208023071e-01,2.132035642862319946e-01,1.362929120659828186e-02,-4.231805503368377686e-01,4.227890074253082275e-01,1.212339326739311218e-01,-1.682167649269104004e-01,-2.786699533462524414e-01,-4.253963008522987366e-02,1.210699789226055145e-03,-1.964756548404693604e-01,-5.798597931861877441e-01,-1.132054328918457031e-01,1.788544803857803345e-01,-6.665125489234924316e-02,1.653125733137130737e-01,2.565234154462814331e-02,-2.176432460546493530e-01,-5.655173659324645996e-01,-7.650709897279739380e-02,-5.427454113960266113e-01,4.436696413904428482e-03,3.880624473094940186e-01,3.726141527295112610e-02,4.728592932224273682e-01,4.238913953304290771e-01,-3.739713132381439209e-01,-8.621280640363693237e-02,2.140131965279579163e-02,1.106595098972320557e-01,1.089601293206214905e-01,7.941890507936477661e-04,-1.587087512016296387e-01,-3.230778574943542480e-01,3.684040606021881104e-01,-5.421476960182189941e-01,2.156500369310379028e-01,-9.572250419296324253e-04,-3.152270615100860596e-01,2.429151684045791626e-01,5.822649225592613220e-02,2.363359481096267700e-01,-2.596022486686706543e-01,-4.695089533925056458e-02,-3.327045142650604248e-01,1.939723938703536987e-01,2.801459431648254395e-01,4.062393605709075928e-01,1.531922221183776855e-01,1.361571550369262695e-01,3.910522758960723877e-01,1.941035240888595581e-01,-8.546502888202667236e-02,-2.446404546499252319e-01,-4.289568364620208740e-01,-1.975166052579879761e-01,-4.333328306674957275e-01,3.259422630071640015e-02,-6.636762619018554688e-01,-6.951574236154556274e-02,-5.514174103736877441e-01,5.052725076675415039e-01,-3.211326897144317627e-01,-1.717035174369812012e-01,7.184175252914428711e-01,7.841819524765014648e-02,3.811137378215789795e-02,9.079103916883468628e-02
5.037845298647880554e-02,3.449640050530433655e-02,2.104474902153015137e-01,-1.330504417419433594e-01,5.030718073248863220e-02,-2.767161428928375244e-01,-2.067022472620010376e-01,1.278434991836547852e-01,1.645110994577407837e-01,-3.789482265710830688e-02,-4.373243078589439392e-02,6.580653786659240723e-02,1.322278678417205811e-01,2.774030864238739014e-01,-3.986238688230514526e-02,1.544358767569065094e-02,-6.988149136304855347e-02,2.604258432984352112e-02,1.147191300988197327e-01,1.686019003391265869e-01,-2.918726205825805664e-01,-1.618393659591674805e-01,2.782395482063293457e-02,7.897368073463439941e-02,-6.841170787811279297e-02,-1.232055723667144775e-01,8.790670335292816162e-02,7.694647461175918579e-02,-2.866386771202087402e-01,1.677507907152175903e-01,-1.263561397790908813e-01,1.609799861907958984e-01,-9.328942000865936279e-02,-2.053257972002029419e-01,2.021573670208454132e-02,1.037929654121398926e-01,7.673025131225585938e-02,-4.221490770578384399e-02,-3.609370067715644836e-02,1.459650695323944092e-01,-4.164507985115051270e-02,2.370438165962696075e-02,-7.248417288064956665e-02,-2.208848111331462860e-02,-4.008626565337181091e-02,1.522231400012969971e-01,1.256445348262786865e-01,8.747845888137817383e-03,4.224681854248046875e-02,1.910514086484909058e-01,-7.167687267065048218e-02,1.984748989343643188e-01,-3.284071013331413269e-02,-2.738969027996063232e-02,1.512372493743896484e-02,-1.142944023013114929e-02,-6.550471484661102295e-02,-2.046090736985206604e-02,-2.284817695617675781e-01,1.008404791355133057e-01,-4.580767452716827393e-02,3.589114919304847717e-02,-2.060584165155887604e-02,-2.061350345611572266e-01,7.560791913419961929e-03,2.559679374098777771e-02,-1.184913888573646545e-01,-6.544968485832214355e-02,-1.971510052680969238e-02,-8.506346493959426880e-02,1.374336481094360352e-01,7.347766309976577759e-02,4.403003677725791931e-02,-3.751420602202415466e-02,-6.927011907100677490e-02,5.921110883355140686e-02,1.988543383777141571e-02,-2.592988908290863037e-01,-2.834429591894149780e-02,5.281388387084007263e-02,-2.278290241956710815e-01,-1.276014652103185654e-02,1.425733119249343872e-01,-6.476805545389652252e-03,7.442514598369598389e-02,1.467225253582000732e-01,-1.324258297681808472e-01,-3.544718027114868164e-02,-1.459252685308456421e-01,6.022423040121793747e-03,-5.813336931169033051e-03,1.106756255030632019e-01,4.891832545399665833e-02,2.754329517483711243e-02,1.536283344030380249e-01,-1.382293999195098877e-01,3.346553421579301357e-04,3.524618921801447868e-03,3.546218154951930046e-03,-1.305876672267913818e-02,2.408744022250175476e-02,-1.526545882225036621e-01,-5.343623459339141846e-02,-2.097235433757305145e-02,-2.681349217891693115e-01,-7.677493244409561157e-02,1.519923806190490723e-01,1.295915096998214722e-01,2.375077903270721436e-01,5.870266258716583252e-02,-1.696590892970561981e-02,1.912169903516769409e-01,2.137848176062107086e-03,-9.887282550334930420e-02,-1.816458255052566528e-01,-8.539728820323944092e-02,5.693313200026750565e-03,-7.379600405693054199e-02,2.752794139087200165e-02,-3.609865531325340271e-02,-7.514963299036026001e-02,-3.693559393286705017e-02,-7.104106992483139038e-02,-9.346929937601089478e-02,9.088711440563201904e-02,1.173700019717216492e-01,-6.512942165136337280e-02,-8.221576921641826630e-03
-1.479047443717718124e-02,3.195839002728462219e-03,-1.186075210571289062e-01,6.995968520641326904e-02,3.508491069078445435e-02,6.192814931273460388e-02,1.103938370943069458e-01,-1.031444966793060303e-01,-3.789482265710830688e-02,2.450540289282798767e-02,4.387098670122213662e-05,-2.895671874284744263e-02,-3.237955644726753235e-02,-1.419629156589508057e-01,4.097778722643852234e-02,9.905491024255752563e-03,2.703906409442424774e-02,4.991186782717704773e-02,-6.050070375204086304e-02,-8.384097367525100708e-02,1.060653179883956909e-01,9.537519514560699463e-02,-1.847968623042106628e-02,-7.136145140975713730e-03,5.318748578429222107e-02,1.043407320976257324e-01,-8.463884145021438599e-02,-8.609613776206970215e-02,1.409677267074584961e-01,-9.141888469457626343e-02,7.517004851251840591e-03,-9.867955744266510010e-02,8.126576244831085205e-02,5.131389573216438293e-02,5.228121764957904816e-03,-5.674546584486961365e-02,-5.127702653408050537e-02,2.717806957662105560e-02,6.285030394792556763e-02,-1.042924597859382629e-01,7.651061564683914185e-02,-1.299405377358198166e-02,7.682426273822784424e-02,1.285748090595006943e-02,-2.461210079491138458e-02,-4.422863200306892395e-02,-8.266156166791915894e-02,-9.385935962200164795e-03,-2.558366954326629639e-02,-4.789209365844726562e-02,1.505092997103929520e-02,-7.410028576850891113e-02,4.371806234121322632e-02,6.742928177118301392e-02,-1.969968527555465698e-02,-6.957330740988254547e-03,2.094905450940132141e-02,3.117957618087530136e-03,8.031428605318069458e-02,-3.624032065272331238e-02,-1.564266346395015717e-02,-1.163592748343944550e-02,1.215612422674894333e-02,1.077287718653678894e-01,-6.880756467580795288e-02,-2.116917632520198822e-02,9.468177706003189087e-02,9.280613809823989868e-02,7.706796284765005112e-03,6.614431738853454590e-02,-7.124102115631103516e-02,1.606151461601257324e-02,-2.086086943745613098e-02,-8.974324911832809448e-03,1.896635256707668304e-02,-9.018345177173614502e-02,-1.245107408612966537e-02,1.062288507819175720e-01,1.580184884369373322e-02,-5.790767073631286621e-02,8.512216061353683472e-02,5.298626609146595001e-03,-1.086551249027252197e-01,7.869184017181396484e-03,-8.681662380695343018e-02,-1.130938678979873657e-01,6.825663894414901733e-02,2.135354094207286835e-02,9.224238246679306030e-02,-2.857099473476409912e-02,-3.828663146123290062e-03,-7.033002376556396484e-02,-2.492520026862621307e-03,1.112795062363147736e-02,-1.055241525173187256e-01,9.587536752223968506e-02,5.815555341541767120e-03,-1.652897801250219345e-03,6.845411378890275955e-03,3.088404610753059387e-02,5.879346281290054321e-03,4.911047965288162231e-02,1.979006081819534302e-02,1.058709248900413513e-02,1.509048640727996826e-01,-3.001331351697444916e-03,-7.584448903799057007e-02,-6.273318082094192505e-02,-1.349335908889770508e-01,-3.858832642436027527e-02,-7.230050396174192429e-03,-6.332355737686157227e-02,1.493002008646726608e-02,1.097444724291563034e-02,1.043319255113601685e-01,-6.417816970497369766e-03,5.798591300845146179e-02,-3.029849845916032791e-03,1.554893702268600464e-02,2.452964521944522858e-02,8.977767080068588257e-03,8.636065758764743805e-03,6.627275049686431885e-02,2.030763961374759674e-02,-5.164287239313125610e-02,-8.236498385667800903e-02,1.569903641939163208e-02,1.685537397861480713e-02
-1.541229188442230225e-01,-2.045249007642269135e-02,5.451774597167968750e-02,-1.964571624994277954e-01,-1.594578325748443604e-01,-5.897601693868637085e-02,-1.769483834505081177e-02,2.884759753942489624e-02,-4.373243078589439392e-02,4.387098670122213662e-05,2.008760422468185425e-01,-4.031300172209739685e-02,-1.907119303941726685e-01,-6.785352528095245361e-02,-6.349915266036987305e-02,-3.608544543385505676e-02,4.446120932698249817e-02,-2.714908719062805176e-01,1.875426247715950012e-02,1.769106462597846985e-02,2.851929068565368652e-01,-5.534273386001586914e-02,-1.568139046430587769e-01,-4.167890548706054688e-02,-5.113308504223823547e-02,6.305615603923797607e-02,9.376453608274459839e-02,1.799364537000656128e-01,-5.980701651424169540e-03,1.520103216171264648e-01,1.642643213272094727e-01,5.113444477319717407e-02,-1.042476221919059753e-01,1.808553040027618408e-01,-4.125983268022537231e-02,1.988866738975048065e-02,-2.818112075328826904e-02,-1.083871815353631973e-03,-6.506884098052978516e-02,2.456315308809280396e-01,2.507947944104671478e-02,-4.496409744024276733e-02,-2.292480468750000000e-01,-1.410961616784334183e-02,1.038866266608238220e-01,-1.146709024906158447e-01,4.445473849773406982e-02,9.409841150045394897e-02,5.350796505808830261e-02,-2.070971876382827759e-01,-1.858058720827102661e-01,-1.133192628622055054e-01,-1.438703984022140503e-01,1.244095191359519958e-01,1.012599002569913864e-02,1.518480032682418823e-01,6.162871792912483215e-02,3.059837967157363892e-02,1.136364787817001343e-01,-7.300986349582672119e-02,2.703380584716796875e-01,-8.236926794052124023e-02,-1.010214816778898239e-02,9.664791822433471680e-02,2.639014422893524170e-01,-1.745751127600669861e-02,-1.216679736971855164e-01,-1.416327357292175293e-01,-1.812101155519485474e-01,7.908893376588821411e-02,6.762396544218063354e-02,-1.638814806938171387e-02,-1.259332597255706787e-01,2.962786257266998291e-01,5.414846539497375488e-02,2.085085511207580566e-01,-9.166518226265907288e-03,1.620668321847915649e-01,1.437556445598602295e-01,1.869713664054870605e-01,-1.736868545413017273e-02,7.324777077883481979e-03,9.387119114398956299e-02,-4.163070581853389740e-03,2.419452667236328125e-01,-1.969528496265411377e-01,4.767428338527679443e-02,-8.743859943933784962e-04,1.066379994153976440e-01,5.574664101004600525e-02,2.799398265779018402e-02,7.858508825302124023e-02,-9.037387371063232422e-02,-1.798688322305679321e-01,-3.123959526419639587e-02,8.520250767469406128e-02,-3.536017239093780518e-02,-7.336088456213474274e-04,3.312782570719718933e-02,-2.273198813199996948e-01,-5.496645346283912659e-02,1.690483987331390381e-01,-6.046592816710472107e-02,1.780562847852706909e-02,-5.821615085005760193e-02,-2.215112447738647461e-01,1.863431185483932495e-01,4.501260071992874146e-02,-1.217500045895576477e-01,-8.427051827311515808e-03,-9.080865979194641113e-02,-1.667093858122825623e-02,-8.808217197656631470e-02,8.117128163576126099e-02,-7.561897486448287964e-02,6.686164438724517822e-02,-2.983590662479400635e-01,7.118993997573852539e-02,-1.056758090853691101e-01,-1.265326980501413345e-02,5.621804296970367432e-02,1.623092889785766602e-01,-9.284535795450210571e-02,-1.845410838723182678e-02,-1.582180499099195004e-03,7.255621254444122314e-02,6.170689314603805542e-02,-2.387972176074981689e-01
-1.282054632902145386e-01,-2.762471698224544525e-02,2.478762120008468628e-01,-7.054928690195083618e-02,-3.750962391495704651e-02,-1.121453791856765747e-01,-2.058872282505035400e-01,-4.194509238004684448e-02,6.580653786659240723e-02,-2.895671874284744263e-02,-4.031300172209739685e-02,1.067323982715606689e-01,-8.208163082599639893e-02,1.137102395296096802e-01,-1.781262904405593872e-01,-3.041681088507175446e-02,-6.378019601106643677e-02,5.647442489862442017e-02,-4.432823043316602707e-03,2.896392345428466797e-02,-1.299563497304916382e-01,-6.926617026329040527e-02,-7.354555279016494751e-02,2.383996844291687012e-01,-6.539382040500640869e-02,2.369910851120948792e-02,1.779583096504211426e-02,1.032412201166152954e-01,-1.386478543281555176e-01,2.256595343351364136e-01,2.266188338398933411e-02,2.149953097105026245e-01,-1.969294100999832153e-01,-8.085711300373077393e-02,3.232712298631668091e-02,2.153371125459671021e-01,1.087448000907897949e-01,-7.065661251544952393e-02,-1.775503344833850861e-02,2.131956070661544800e-01,-1.266146451234817505e-01,-3.227231279015541077e-02,4.719346016645431519e-02,-3.018558211624622345e-02,-2.185824513435363770e-01,2.947650253772735596e-01,1.762697100639343262e-01,-2.444361895322799683e-02,1.845508068799972534e-02,1.879245489835739136e-01,-1.900159195065498352e-02,9.842505678534507751e-03,-6.304098665714263916e-02,-9.095620363950729370e-02,-3.550385683774948120e-02,-5.016972869634628296e-02,-1.009934768080711365e-01,-4.583358019590377808e-02,-2.607462406158447266e-01,1.127656996250152588e-01,-2.342164330184459686e-02,-3.184149786829948425e-02,-3.725058957934379578e-02,-1.418143659830093384e-01,1.107775047421455383e-02,3.070761077105998993e-02,-1.744344234466552734e-01,-1.262364387512207031e-01,3.991872817277908325e-02,-1.693302392959594727e-01,2.624627947807312012e-01,1.784990727901458740e-01,1.518458127975463867e-01,-6.266355514526367188e-02,-4.932077974081039429e-02,1.207849904894828796e-01,2.365515939891338348e-02,-2.227559834718704224e-01,1.603128612041473389e-01,1.985603570938110352e-01,-4.255083203315734863e-02,-1.809267699718475342e-02,1.055050939321517944e-01,-3.613491356372833252e-02,2.771431952714920044e-02,1.354057788848876953e-01,-3.038279339671134949e-02,-3.464943915605545044e-02,-2.764838039875030518e-01,2.759707719087600708e-02,-5.926217138767242432e-02,1.978835314512252808e-01,1.037357300519943237e-01,8.147069811820983887e-02,1.754637956619262695e-01,-1.068987101316452026e-01,-2.260797657072544098e-02,4.934254102408885956e-03,9.533194452524185181e-02,-1.585539877414703369e-01,-3.311274945735931396e-02,-2.128375768661499023e-01,6.263127923011779785e-02,-1.928852684795856476e-02,-2.891066968441009521e-01,-1.511945296078920364e-02,9.351817518472671509e-02,5.276464670896530151e-02,3.022220432758331299e-01,6.752359867095947266e-02,-1.737748086452484131e-01,1.237178817391395569e-01,2.981827035546302795e-02,2.552920393645763397e-02,-9.416571259498596191e-02,7.043308764696121216e-02,5.272513255476951599e-02,-4.543276131153106689e-02,2.182900607585906982e-01,-4.873987287282943726e-02,1.989177614450454712e-01,-2.260659784078598022e-01,-7.614775002002716064e-02,-9.517144411802291870e-03,-1.047683060169219971e-01,1.960944235324859619e-01,-7.661797851324081421e-02,-5.685151740908622742e-02
