3.274796307086944580e-01,7.221784442663192749e-03,-2.044232562184333801e-02,-2.019482292234897614e-02,2.684980630874633789e-01,-1.846299618482589722e-01,4.893814399838447571e-02,3.461544513702392578e-01,5.404493585228919983e-02,3.517478704452514648e-02,-1.250636726617813110e-01,-9.876162558794021606e-02,-7.500202953815460205e-02,2.257014997303485870e-02,8.369783312082290649e-02,1.686236560344696045e-01,2.021073596552014351e-03,6.170016899704933167e-02,5.240744352340698242e-02,-1.852835901081562042e-02,-1.897511817514896393e-02,7.602249737828969955e-03,-1.297291517257690430e-01,8.918386697769165039e-02,1.624423824250698090e-02,1.039271280169487000e-01,3.861542046070098877e-02,-2.966064810752868652e-01,-1.569642312824726105e-02,-9.556893259286880493e-02,-1.851275414228439331e-01,-4.124271869659423828e-02,-4.468444734811782837e-02,-7.073856424540281296e-03,-1.723895408213138580e-02,-5.739526450634002686e-02,2.811271697282791138e-02,5.998562648892402649e-02,-2.548743784427642822e-01,-3.108627796173095703e-01,2.595504820346832275e-01,7.787683606147766113e-02,-6.847082823514938354e-02,1.174624171108007431e-02,-2.184442430734634399e-02,1.701877713203430176e-01,-8.731976896524429321e-02,-1.258893311023712158e-01,3.741410747170448303e-02,7.356850802898406982e-02,-1.153553575277328491e-01,-6.547080725431442261e-02,2.406659424304962158e-01,-9.205497056245803833e-02,-4.604764655232429504e-02,-1.269213557243347168e-01,1.190747171640396118e-01,5.785690620541572571e-03,8.847150020301342010e-03,-2.319330349564552307e-02,-5.357656627893447876e-02,-8.704777061939239502e-02,2.355886856094002724e-03,1.430605053901672363e-01,1.184408441185951233e-01,-9.050365537405014038e-03,-1.108107864856719971e-01,1.943430155515670776e-01,-8.138376474380493164e-02,2.565229237079620361e-01,-1.978566497564315796e-01,2.158285230398178101e-01,4.290711507201194763e-02,7.275491207838058472e-02,-1.627705544233322144e-01,-2.358085960149765015e-01,5.285375518724322319e-04,2.803725935518741608e-02,-1.074040979146957397e-01,-9.003416448831558228e-02,9.696515649557113647e-02,1.622973359189927578e-04,-1.095416173338890076e-01,-1.863672951003536582e-04,-3.469218313694000244e-01,6.187163293361663818e-02,1.495499461889266968e-01,2.471740357577800751e-03,-9.957814961671829224e-02,8.859936147928237915e-02,-1.737410873174667358e-01,9.413372725248336792e-02,2.320962958037853241e-02,-1.817125827074050903e-02,-1.146690770983695984e-01,-2.604277431964874268e-01,1.429591029882431030e-01,-4.015936792711727321e-05,-1.369765102863311768e-01,2.600574195384979248e-01,-1.702453345060348511e-01,2.033116668462753296e-01,-6.696870177984237671e-02,-7.911022752523422241e-02,1.102590747177600861e-02,1.903437077999114990e-01,5.370640754699707031e-02,5.816299933940172195e-03,-2.810322642326354980e-01,4.930925089865922928e-03,-1.854750141501426697e-02,1.029825061559677124e-01,-4.906558990478515625e-02,-6.991439312696456909e-02,1.303309947252273560e-01,-3.221656009554862976e-02,2.665632963180541992e-01,-1.027269810438156128e-01,-2.185515910387039185e-01,-1.897751539945602417e-02,-9.330613911151885986e-02,1.643643528223037720e-01,1.376664787530899048e-01,9.616259485483169556e-02,-7.635395508259534836e-03,8.790834993124008179e-02,9.287248365581035614e-03,7.747004926204681396e-02
7.221784442663192749e-03,9.149186313152313232e-03,-7.430244982242584229e-02,5.351928621530532837e-02,4.522144421935081482e-02,-1.903851144015789032e-02,-5.948842968791723251e-03,4.078763723373413086e-02,2.926962822675704956e-02,4.242284968495368958e-02,6.569489836692810059e-03,-4.026301205158233643e-02,7.082889229059219360e-02,4.978344589471817017e-02,7.961571961641311646e-02,8.866079896688461304e-02,-1.096575171686708927e-03,3.106559626758098602e-02,-5.626463145017623901e-02,-4.058821499347686768e-02,-3.033853508532047272e-02,5.175228789448738098e-02,4.105394706130027771e-02,-2.102472819387912750e-02,1.112945564091205597e-02,8.233707398176193237e-02,-8.400721102952957153e-02,-3.597296401858329773e-02,7.459177076816558838e-02,-1.376953814178705215e-02,1.944548333995044231e-03,-9.185129404067993164e-02,3.982894122600555420e-02,5.423246324062347412e-02,-4.756597802042961121e-03,-8.973772078752517700e-02,3.860850632190704346e-02,7.294584810733795166e-02,-6.942787766456604004e-02,-3.611506149172782898e-02,7.113307714462280273e-02,8.832197636365890503e-03,6.976169347763061523e-02,1.537243369966745377e-02,1.119292806833982468e-02,-6.275572627782821655e-02,-7.713415473699569702e-02,-1.660558767616748810e-02,5.480194929987192154e-03,-5.882074590772390366e-03,1.497423928231000900e-02,1.156763057224452496e-03,3.736010566353797913e-02,-5.789205431938171387e-03,-2.783594839274883270e-02,-9.453428536653518677e-02,2.205120027065277100e-02,5.542449187487363815e-03,-5.938044190406799316e-02,-5.752450972795486450e-02,-8.772539906203746796e-03,6.720162928104400635e-03,1.591107109561562538e-03,6.723237689584493637e-03,2.636732300743460655e-03,-2.387356944382190704e-02,3.248558938503265381e-02,7.752518355846405029e-02,-7.835273444652557373e-02,1.370465010404586792e-02,-6.769714504480361938e-02,-1.732212118804454803e-02,-1.505515351891517639e-02,8.082690089941024780e-02,-6.803897675126791000e-03,-6.380703300237655640e-02,-9.032557718455791473e-04,9.217023849487304688e-02,-4.847725387662649155e-03,-7.883655279874801636e-02,7.963895052671432495e-02,2.634966513141989708e-04,-7.539284229278564453e-02,-1.706497714621946216e-04,-6.106380745768547058e-02,-7.565513253211975098e-02,2.432801201939582825e-02,2.111062174662947655e-03,6.099132448434829712e-02,5.240341275930404663e-02,-1.954950205981731415e-02,-4.054236225783824921e-03,-5.738564208149909973e-02,1.257552579045295715e-02,-6.946146488189697266e-02,-1.226012245751917362e-03,4.593535885214805603e-02,-1.159471321443561465e-05,-7.250069081783294678e-02,5.859581753611564636e-02,-2.992604859173297882e-02,3.196981549263000488e-02,-8.810878545045852661e-02,-6.915801763534545898e-02,9.411880373954772949e-02,-1.864310912787914276e-02,-5.541016533970832825e-02,-7.960994541645050049e-02,-8.970952592790126801e-03,-3.352866508066654205e-03,5.433515831828117371e-02,-4.831679165363311768e-02,-7.300598174333572388e-02,-8.464199490845203400e-03,8.928661793470382690e-02,-7.627404481172561646e-02,5.639390274882316589e-02,2.023994177579879761e-02,-8.223118633031845093e-02,3.084370866417884827e-02,4.038719460368156433e-02,6.234934553503990173e-02,7.495346665382385254e-02,-3.426908329129219055e-02,-5.058933421969413757e-02,-3.061463683843612671e-02,3.575315466150641441e-03,4.085559025406837463e-02
-2.044232562184333801e-02,-7.430244982242584229e-02,6.778770685195922852e-01,-5.550974011421203613e-01,-3.437000215053558350e-01,7.566497474908828735e-02,2.984368242323398590e-02,-3.302940130233764648e-01,-2.036224156618118286e-01,-3.870850205421447754e-01,-4.543707519769668579e-02,3.679444789886474609e-01,-5.742657184600830078e-01,-4.944841265678405762e-01,-6.940262317657470703e-01,-6.991964578628540039e-01,9.588508866727352142e-03,-2.573753595352172852e-01,5.449565052986145020e-01,3.974182605743408203e-01,2.625009715557098389e-01,-4.973755180835723877e-01,-4.291979968547821045e-01,2.101329416036605835e-01,-1.006347462534904480e-01,-6.288924813270568848e-01,6.988357305526733398e-01,2.339141666889190674e-01,-6.676687598228454590e-01,1.105513796210289001e-01,-2.134767547249794006e-02,7.623248696327209473e-01,-3.787779510021209717e-01,-5.654749870300292969e-01,4.326505586504936218e-02,7.298305034637451172e-01,-3.431177139282226562e-01,-6.424345374107360840e-01,5.355923771858215332e-01,3.521946668624877930e-01,-5.661645531654357910e-01,-7.879301160573959351e-02,-6.023888587951660156e-01,-1.453128606081008911e-01,-1.190242618322372437e-01,5.585623383522033691e-01,6.989433169364929199e-01,1.482140719890594482e-01,-3.449554368853569031e-02,1.314198523759841919e-01,-1.506351977586746216e-01,1.771407201886177063e-02,-3.315331935882568359e-01,7.045547664165496826e-02,2.279805392026901245e-01,7.793391346931457520e-01,-2.256412208080291748e-01,-5.155377835035324097e-02,5.168938636779785156e-01,5.456807613372802734e-01,8.416528254747390747e-02,-7.996145635843276978e-02,-1.527765765786170959e-02,-2.762361988425254822e-02,-1.315066032111644745e-02,2.109231799840927124e-01,-2.712823748588562012e-01,-6.235210895538330078e-01,6.704734563827514648e-01,-5.976093560457229614e-02,5.911634564399719238e-01,2.014521956443786621e-01,1.516397744417190552e-01,-7.095064520835876465e-01,1.052254065871238708e-02,5.387240648269653320e-01,7.129271049052476883e-03,-7.855575084686279297e-01,8.711741864681243896e-02,6.803595423698425293e-01,-7.175498604774475098e-01,-2.466224133968353271e-03,6.412411928176879883e-01,2.321877283975481987e-03,4.737759232521057129e-01,6.498447060585021973e-01,-1.994822323322296143e-01,-1.807331666350364685e-02,-5.003184676170349121e-01,-4.777125120162963867e-01,1.616841703653335571e-01,5.113364011049270630e-02,5.319231748580932617e-01,-1.253270208835601807e-01,6.143130064010620117e-01,-1.723875291645526886e-02,-4.004712700843811035e-01,1.029099075822159648e-04,5.965369939804077148e-01,-4.768961071968078613e-01,3.056871592998504639e-01,-2.124243676662445068e-01,7.467345595359802246e-01,6.084946990013122559e-01,-7.915799617767333984e-01,7.150273025035858154e-02,5.224508643150329590e-01,6.655293703079223633e-01,1.595795503817498684e-03,2.983612380921840668e-02,-4.974882602691650391e-01,5.274401307106018066e-01,6.526742577552795410e-01,-3.417496755719184875e-02,-7.471973896026611328e-01,6.618888974189758301e-01,-4.279981255531311035e-01,-2.187982499599456787e-01,7.003662586212158203e-01,-2.932913601398468018e-01,-3.689014911651611328e-01,-5.641024112701416016e-01,-6.450957655906677246e-01,2.953561544418334961e-01,5.079236030578613281e-01,2.925141453742980957e-01,-4.134996980428695679e-02,-3.920537531375885010e-01
-2.019482292234897614e-02,5.351928621530532837e-02,-5.550974011421203613e-01,6.118409633636474609e-01,1.749308258295059204e-01,1.353061385452747345e-02,-3.376308828592300415e-02,1.512664556503295898e-01,1.833757013082504272e-01,3.200297653675079346e-01,-3.005452640354633331e-02,-3.008584380149841309e-01,3.707812130451202393e-01,5.256201624870300293e-01,5.880686044692993164e-01,4.796122312545776367e-01,-4.841255489736795425e-03,2.262196689844131470e-01,-5.269424915313720703e-01,-3.377201855182647705e-01,-3.724756538867950439e-01,4.535317718982696533e-01,3.937778472900390625e-01,-1.702490597963333130e-01,8.489889651536941528e-02,3.899231255054473877e-01,-5.238025188446044922e-01,-1.079808953363681212e-05,4.587291181087493896e-01,3.534976765513420105e-02,-8.156209252774715424e-03,-6.621921658515930176e-01,4.407925307750701904e-01,4.650214016437530518e-01,-2.115274220705032349e-02,-5.541700720787048340e-01,2.644935548305511475e-01,5.017296671867370605e-01,-2.556946873664855957e-01,-3.876313269138336182e-01,4.521053433418273926e-01,9.552130848169326782e-02,4.414105415344238281e-01,1.153956279158592224e-01,5.072686448693275452e-02,-3.671823740005493164e-01,-6.192104816436767578e-01,-1.427864730358123779e-01,2.321488969027996063e-02,-8.950790017843246460e-02,1.453525274991989136e-01,5.333452299237251282e-02,3.381911218166351318e-01,-8.920259773731231689e-02,-5.933824926614761353e-02,-5.963020324707031250e-01,2.182033210992813110e-01,3.933147713541984558e-02,-4.246873259544372559e-01,-5.101457834243774414e-01,-1.257451474666595459e-01,1.506705731153488159e-01,1.789667643606662750e-02,-1.743500307202339172e-02,6.220897287130355835e-02,-1.682007014751434326e-01,2.238095849752426147e-01,4.032322168350219727e-01,-5.267204642295837402e-01,-1.193237826228141785e-01,-4.256340265274047852e-01,-4.002385586500167847e-02,-2.071052491664886475e-01,6.191243529319763184e-01,-1.360778044909238815e-02,-4.182068109512329102e-01,-3.402766073122620583e-03,6.041012406349182129e-01,-2.471906840801239014e-01,-5.585710406303405762e-01,6.766208410263061523e-01,2.020795131102204323e-03,-4.384851753711700439e-01,2.345426182728260756e-04,-3.367869853973388672e-01,-5.015711784362792969e-01,-3.272156754974275827e-04,1.057367119938135147e-02,3.665692508220672607e-01,3.643895387649536133e-01,-1.261630207300186157e-01,-1.825863122940063477e-01,-5.149407982826232910e-01,1.841656863689422607e-01,-5.571504235267639160e-01,7.895084470510482788e-02,2.756735682487487793e-01,-7.388788799289613962e-05,-3.911077678203582764e-01,3.243190348148345947e-01,-1.817937642335891724e-01,-3.348504006862640381e-02,-6.733638644218444824e-01,-4.606682360172271729e-01,6.713716983795166016e-01,8.983994275331497192e-02,-6.179829239845275879e-01,-5.146808028221130371e-01,1.315939128398895264e-01,-2.729153260588645935e-02,5.393427014350891113e-01,-5.654907822608947754e-01,-5.638694763183593750e-01,1.632188111543655396e-01,5.652992129325866699e-01,-5.263745784759521484e-01,2.083760499954223633e-01,1.536002308130264282e-01,-5.598260164260864258e-01,3.114646673202514648e-01,2.870306670665740967e-01,5.184226632118225098e-01,5.418745875358581543e-01,-2.711822390556335449e-01,-4.072693288326263428e-01,-2.931098639965057373e-01,2.354187890887260437e-02,3.088605403900146484e-01
2.684980630874633789e-01,4.522144421935081482e-02,-3.437000215053558350e-01,1.749308258295059204e-01,4.518586993217468262e-01,-2.165213078260421753e-01,2.537505142390727997e-02,5.051531791687011719e-01,1.092583090066909790e-01,1.989066004753112793e-01,-3.757974132895469666e-02,-2.459227591753005981e-01,2.851980626583099365e-01,1.780886948108673096e-01,4.029244184494018555e-01,5.470130443572998047e-01,-4.716593772172927856e-03,1.820263415575027466e-01,-1.675444245338439941e-01,-1.762963235378265381e-01,-2.373914979398250580e-02,2.125774323940277100e-01,7.629570364952087402e-02,-1.626514084637165070e-02,5.548242479562759399e-02,4.641847312450408936e-01,-3.553023040294647217e-01,-4.435621798038482666e-01,3.820048272609710693e-01,-1.865680664777755737e-01,-1.131265759468078613e-01,-3.956532776355743408e-01,6.510575115680694580e-02,2.423337697982788086e-01,-4.128605872392654419e-02,-4.429088532924652100e-01,1.894081234931945801e-01,3.679399788379669189e-01,-5.884793996810913086e-01,-3.529034852981567383e-01,4.846312999725341797e-01,8.141233026981353760e-02,2.833916842937469482e-01,7.926049083471298218e-02,8.620312064886093140e-02,-1.962817162275314331e-01,-3.979305326938629150e-01,-1.571397930383682251e-01,3.667175769805908203e-02,1.324358303099870682e-02,-2.161936089396476746e-02,-1.134776547551155090e-01,2.919473648071289062e-01,-7.231741398572921753e-02,-2.190637588500976562e-01,-5.381211042404174805e-01,1.760904192924499512e-01,3.013110160827636719e-02,-2.385352253913879395e-01,-2.445181608200073242e-01,-4.163569957017898560e-02,-8.219305425882339478e-02,5.963539239019155502e-03,1.172857284545898438e-01,5.929631739854812622e-02,-1.068930104374885559e-01,6.663765013217926025e-02,5.231398344039916992e-01,-3.923257887363433838e-01,3.172369897365570068e-01,-4.735738635063171387e-01,-1.002318505197763443e-02,2.085979841649532318e-02,3.912193775177001953e-01,-1.222900152206420898e-01,-4.528921842575073242e-01,-4.349778871983289719e-03,4.494333565235137939e-01,-2.358144149184226990e-02,-4.039301872253417969e-01,3.801685869693756104e-01,1.265043625608086586e-03,-4.593978822231292725e-01,-2.375375246629118919e-03,-5.385673046112060547e-01,-3.079904317855834961e-01,2.868522107601165771e-01,1.269308850169181824e-02,1.768131107091903687e-01,3.019450604915618896e-01,-2.243048399686813354e-01,1.238152980804443359e-01,-1.753084808588027954e-01,-1.206333283334970474e-02,-3.566302061080932617e-01,-2.265511602163314819e-01,3.541714251041412354e-01,-8.123166480800136924e-05,-4.547120630741119385e-01,4.627951681613922119e-01,-2.946300804615020752e-01,3.574060797691345215e-01,-4.010559618473052979e-01,-3.729117214679718018e-01,4.020990431308746338e-01,3.094930201768875122e-02,-1.075989082455635071e-01,-3.595231771469116211e-01,-2.866559326648712158e-01,-6.348014809191226959e-03,1.379259377717971802e-01,-7.561352103948593140e-02,-3.442671597003936768e-01,-1.417798846960067749e-01,5.349144339561462402e-01,-3.454993367195129395e-01,5.005734562873840332e-01,3.010286763310432434e-02,-5.344848632812500000e-01,8.596764504909515381e-02,1.210114657878875732e-01,3.489105701446533203e-01,4.136244058609008789e-01,-5.581254139542579651e-02,-2.366238385438919067e-01,-3.486996144056320190e-02,1.870372891426086426e-02,2.381350994110107422e-01
-1.846299618482589722e-01,-1.903851144015789032e-02,7.566497474908828735e-02,1.353061385452747345e-02,-2.165213078260421753e-01,2.080794870853424072e-01,-3.407288342714309692e-03,-2.190387099981307983e-01,-1.259269416332244873e-01,-7.675684243440628052e-02,5.109537392854690552e-02,9.326203912496566772e-02,-8.816115558147430420e-02,-4.696694668382406235e-03,-1.146334856748580933e-01,-2.275864779949188232e-01,1.020987037918530405e-04,-7.647902518510818481e-02,4.019545018672943115e-02,3.688797354698181152e-02,6.623601913452148438e-02,-3.644515946507453918e-02,6.421855837106704712e-02,-1.439614221453666687e-02,-2.484369836747646332e-02,-2.366385459899902344e-01,9.128342568874359131e-02,2.400762140750885010e-01,-6.108653172850608826e-02,7.068880647420883179e-02,9.546137601137161255e-02,1.439808905124664307e-01,-3.075621835887432098e-02,-7.044936530292034149e-03,1.246413681656122208e-02,1.556450724601745605e-01,-7.080662250518798828e-02,-1.308082491159439087e-01,2.449530512094497681e-01,1.342497467994689941e-01,-2.699070274829864502e-01,-4.298246279358863831e-02,-4.762971773743629456e-02,-1.725881733000278473e-02,3.935802727937698364e-02,-9.800410829484462738e-03,1.072531118988990784e-01,7.264567166566848755e-02,-6.000078842043876648e-02,-6.427739560604095459e-02,5.314321443438529968e-02,-2.075161784887313843e-02,-1.667491346597671509e-01,4.056409746408462524e-02,6.349056214094161987e-02,1.699458360671997070e-01,-6.625925004482269287e-02,-8.637754246592521667e-03,9.326942265033721924e-02,6.158706545829772949e-02,4.294406250119209290e-02,4.077193140983581543e-02,-1.518313423730432987e-03,-1.409218758344650269e-01,-7.825089991092681885e-02,4.374383762478828430e-02,1.948991417884826660e-02,-2.159648090600967407e-01,1.517330557107925415e-01,-1.822788715362548828e-01,1.865623593330383301e-01,-1.530344039201736450e-01,-1.259714248590171337e-03,-1.239694431424140930e-01,1.359041780233383179e-01,2.035539299249649048e-01,1.707109739072620869e-03,-1.220154538750648499e-01,2.304634079337120056e-02,1.506262123584747314e-01,-1.228291615843772888e-01,-3.262827813159674406e-04,1.497024595737457275e-01,-6.080864113755524158e-04,2.865199744701385498e-01,6.552394479513168335e-02,-1.167880073189735413e-01,-4.662582650780677795e-03,-8.395968377590179443e-02,-1.145990937948226929e-01,1.124748140573501587e-01,-5.195037275552749634e-02,6.296467781066894531e-02,2.621114952489733696e-03,1.570264846086502075e-01,1.313993185758590698e-01,-1.002373769879341125e-01,3.578825635486282408e-05,1.771388947963714600e-01,-2.514556348323822021e-01,1.005183607339859009e-01,-2.129393219947814941e-01,1.439001560211181641e-01,1.363855153322219849e-01,-1.414347290992736816e-01,2.353576943278312683e-02,1.875515282154083252e-02,1.155748963356018066e-01,2.166450619697570801e-01,4.626838490366935730e-03,-3.790979459881782532e-02,-5.564064159989356995e-02,1.081712990999221802e-01,1.036800369620323181e-01,-1.609747707843780518e-01,1.268827021121978760e-01,-2.290513515472412109e-01,3.373828902840614319e-02,2.019200772047042847e-01,-1.925316452980041504e-02,-3.401553025469183922e-03,-1.549959927797317505e-01,-1.576712727546691895e-01,8.352211443707346916e-04,2.828741073608398438e-02,-7.344070822000503540e-03,-1.155744306743144989e-02,-7.987735420465469360e-02
4.893814399838447571e-02,-5.948842968791723251e-03,2.984368242323398590e-02,-3.376308828592300415e-02,2.537505142390727997e-02,-3.407288342714309692e-03,7.827150821685791016e-02,4.691132903099060059e-02,-5.406896397471427917e-02,-1.149020437151193619e-02,-7.480892539024353027e-02,2.653275057673454285e-02,-8.414219319820404053e-02,-8.977070450782775879e-02,-6.637278944253921509e-02,-5.935665220022201538e-02,4.140714881941676140e-04,-1.602283306419849396e-02,1.038592774420976639e-02,1.898046955466270447e-02,3.055489435791969299e-02,-6.365800648927688599e-02,-5.131457373499870300e-02,4.968470335006713867e-02,-5.968706682324409485e-03,-5.662637203931808472e-02,9.137183427810668945e-02,-1.705262064933776855e-02,-3.974514082074165344e-02,-4.593634232878684998e-02,-2.763197571039199829e-02,8.481648564338684082e-02,5.578162148594856262e-03,-3.667184337973594666e-02,2.572871511802077293e-03,9.759300202131271362e-02,-2.773742005228996277e-02,-3.545334562659263611e-02,3.511280054226517677e-03,-3.538304194808006287e-02,5.272678565233945847e-03,1.377966441214084625e-02,-6.914547085762023926e-02,-8.919363841414451599e-03,-6.354863196611404419e-02,9.087324887514114380e-02,2.935573086142539978e-02,-4.591611213982105255e-03,2.139969728887081146e-02,3.698064014315605164e-02,-1.941914483904838562e-02,-2.549135871231555939e-02,1.711703464388847351e-02,1.064489036798477173e-02,1.588003709912300110e-02,5.530027672648429871e-02,-8.177916519343852997e-03,-4.000212531536817551e-03,9.892329573631286621e-03,4.786588251590728760e-02,-1.756132207810878754e-02,-1.982610858976840973e-02,-1.297508249990642071e-03,7.489211857318878174e-02,1.377124898135662079e-02,1.599712669849395752e-02,-7.337141036987304688e-02,-2.038280293345451355e-02,6.313989311456680298e-02,5.547093227505683899e-02,-1.133585721254348755e-02,6.795968860387802124e-02,3.827488794922828674e-02,-6.484577059745788574e-02,-4.602482169866561890e-02,-2.671373635530471802e-02,1.066523953340947628e-03,-5.565034970641136169e-02,-2.751395106315612793e-02,5.913835391402244568e-02,-3.627747669816017151e-02,-2.598358842078596354e-04,1.806715317070484161e-02,-1.036110916174948215e-03,-3.558230772614479065e-02,8.369459211826324463e-02,6.627985835075378418e-02,-1.674666535109281540e-03,-8.784919977188110352e-02,-1.997749879956245422e-02,-4.135602340102195740e-02,2.539065293967723846e-02,4.518907889723777771e-02,-2.910321950912475586e-02,1.644821278750896454e-02,-6.236724928021430969e-02,8.762055076658725739e-03,-5.965403943264391273e-06,4.650136828422546387e-02,2.548521570861339569e-02,-2.267802692949771881e-02,3.989831358194351196e-02,7.178881019353866577e-02,3.758617863059043884e-02,-3.545327484607696533e-02,1.113564595580101013e-01,3.780466318130493164e-02,8.578287065029144287e-02,-8.135708421468734741e-02,3.730983473360538483e-03,-1.191419064998626709e-01,2.419220656156539917e-02,6.284935027360916138e-02,1.997851207852363586e-02,-3.206756338477134705e-02,3.332271426916122437e-02,-2.115801349282264709e-02,-1.123987510800361633e-02,9.322325349785387516e-04,-3.297062590718269348e-02,-3.506044298410415649e-02,-8.759185671806335449e-03,-3.375012055039405823e-02,5.974534153938293457e-02,5.664058402180671692e-02,3.507265821099281311e-02,-3.651058534160256386e-03,2.901797369122505188e-02
3.461544513702392578e-01,4.078763723373413086e-02,-3.302940130233764648e-01,1.512664556503295898e-01,5.051531791687011719e-01,-2.190387099981307983e-01,4.691132903099060059e-02,6.540272235870361328e-01,6.386575847864151001e-02,1.872324347496032715e-01,-3.343515843152999878e-02,-2.831459045410156250e-01,2.385468035936355591e-01,1.710624843835830688e-01,4.036026298999786377e-01,5.641044378280639648e-01,-3.476665122434496880e-03,1.529581993818283081e-01,-1.114106252789497375e-01,-1.769967526197433472e-01,9.195451438426971436e-02,2.312055081129074097e-01,3.650278598070144653e-02,-2.479881420731544495e-02,5.732776597142219543e-02,4.581240415573120117e-01,-3.149012923240661621e-01,-5.380445718765258789e-01,4.130291938781738281e-01,-2.323192656040191650e-01,-1.687432378530502319e-01,-3.503066599369049072e-01,-4.866145551204681396e-02,2.898954451084136963e-01,-5.614498257637023926e-02,-4.361901879310607910e-01,1.900926083326339722e-01,3.713904917240142822e-01,-6.815576553344726562e-01,-4.220848679542541504e-01,4.953725337982177734e-01,8.325494825839996338e-02,2.345668375492095947e-01,8.504469692707061768e-02,1.529502719640731812e-01,-1.768973618745803833e-01,-3.935657441616058350e-01,-1.847262084484100342e-01,3.305643796920776367e-02,-6.842086464166641235e-02,-7.082022726535797119e-02,-1.922960728406906128e-01,3.192845582962036133e-01,-1.286664158105850220e-01,-2.759678363800048828e-01,-5.458651185035705566e-01,2.292448580265045166e-01,3.417188674211502075e-02,-1.577245295047760010e-01,-2.281600981950759888e-01,-3.471333906054496765e-02,-1.425935477018356323e-01,4.364602267742156982e-03,1.079514846205711365e-01,6.965028494596481323e-02,-1.001847013831138611e-01,-5.983313545584678650e-03,5.548619627952575684e-01,-4.045759737491607666e-01,4.102596044540405273e-01,-5.353375077247619629e-01,-5.234350636601448059e-02,6.032825633883476257e-02,3.969896435737609863e-01,-1.020880341529846191e-01,-4.723608493804931641e-01,-4.246434196829795837e-03,4.473610222339630127e-01,-1.534960512071847916e-02,-4.029899835586547852e-01,3.679732978343963623e-01,1.382959308102726936e-03,-4.808155894279479980e-01,-3.161824773997068405e-03,-5.867556333541870117e-01,-2.729727327823638916e-01,3.588663041591644287e-01,1.469914708286523819e-02,1.040851846337318420e-01,3.393129408359527588e-01,-2.527136802673339844e-01,2.312712371349334717e-01,-1.218616962432861328e-01,-4.716537892818450928e-02,-3.433242142200469971e-01,-3.199741542339324951e-01,3.798555731773376465e-01,-9.490016964264214039e-05,-4.949869513511657715e-01,5.123015046119689941e-01,-4.102724790573120117e-01,4.588782787322998047e-01,-3.709935545921325684e-01,-3.916468620300292969e-01,3.503020107746124268e-01,8.726678788661956787e-02,4.326676484197378159e-03,-3.354458808898925781e-01,-3.640861809253692627e-01,-6.961190374568104744e-04,8.991675078868865967e-02,-3.266426920890808105e-02,-3.417186737060546875e-01,-1.213641688227653503e-01,5.426943302154541016e-01,-3.217507898807525635e-01,5.792726278305053711e-01,3.230175748467445374e-02,-5.656574368476867676e-01,4.360609129071235657e-02,7.318042963743209839e-02,3.603034019470214844e-01,3.934829831123352051e-01,3.263496980071067810e-02,-2.839275300502777100e-01,2.494791522622108459e-02,3.829962387681007385e-02,2.587369084358215332e-01
5.404493585228919983e-02,2.926962822675704956e-02,-2.036224156618118286e-01,1.833757013082504272e-01,1.092583090066909790e-01,-1.259269416332244873e-01,-5.406896397471427917e-02,6.386575847864151001e-02,2.097224593162536621e-01,1.511083841323852539e-01,-2.227460406720638275e-02,-1.400943547487258911e-01,1.858372539281845093e-01,1.881556808948516846e-01,2.490753680467605591e-01,2.672060430049896240e-01,-7.602954283356666565e-04,9.937854111194610596e-02,-2.194819152355194092e-01,-1.295097470283508301e-01,-2.575021088123321533e-01,1.758659332990646362e-01,8.890919387340545654e-02,-7.667234539985656738e-02,4.497580975294113159e-02,2.763145565986633301e-01,-2.353173643350601196e-01,-6.862086057662963867e-02,1.303941309452056885e-01,2.441187016665935516e-02,-4.693830385804176331e-02,-3.430547714233398438e-01,2.111011296510696411e-01,1.282634288072586060e-01,-5.356112029403448105e-03,-2.811592221260070801e-01,1.278488188982009888e-01,2.316641509532928467e-01,-1.339632421731948853e-01,-1.420304477214813232e-01,3.003921210765838623e-01,4.907991737127304077e-02,1.575109958648681641e-01,3.936481848359107971e-02,-5.234321579337120056e-02,-1.165723353624343872e-01,-2.353335618972778320e-01,-6.937438249588012695e-02,5.940451100468635559e-02,8.956479839980602264e-03,2.052010409533977509e-02,1.172446534037590027e-01,2.016997337341308594e-01,-5.849796533584594727e-02,-6.483702454715967178e-03,-2.579347193241119385e-01,8.703869581222534180e-02,1.541306637227535248e-02,-2.035421431064605713e-01,-2.025426328182220459e-01,-7.929416745901107788e-02,7.093548774719238281e-02,7.482248824089765549e-03,8.819134533405303955e-02,8.518823236227035522e-02,-8.546169847249984741e-02,7.629045099020004272e-02,2.129360586404800415e-01,-2.672133445739746094e-01,-5.074708722531795502e-03,-1.903378218412399292e-01,1.283265352249145508e-01,-1.178118512034416199e-01,2.776466310024261475e-01,-9.082984924316406250e-02,-2.127572745084762573e-01,-2.071006689220666885e-03,2.542398273944854736e-01,-1.041776165366172791e-01,-2.743276655673980713e-01,3.013441562652587891e-01,8.096870733425021172e-04,-1.743605732917785645e-01,2.203087788075208664e-03,-2.216226607561111450e-01,-2.022947520017623901e-01,-8.424266241490840912e-03,5.121458321809768677e-03,2.329385429620742798e-01,1.684578657150268555e-01,-6.462316215038299561e-02,-8.700329810380935669e-02,-2.479518502950668335e-01,1.007149517536163330e-01,-2.772760093212127686e-01,1.689209602773189545e-02,7.285095006227493286e-02,-3.580764678190462291e-05,-2.015744298696517944e-01,2.163577228784561157e-01,-5.209138244390487671e-02,6.894996762275695801e-02,-3.297582864761352539e-01,-2.153482884168624878e-01,3.249485194683074951e-01,-5.566519871354103088e-02,-2.773194015026092529e-01,-2.415064126253128052e-01,-3.313812613487243652e-02,-1.763288117945194244e-02,2.754383981227874756e-01,-1.780320256948471069e-01,-2.532760202884674072e-01,9.894412942230701447e-03,2.170447856187820435e-01,-2.616670727729797363e-01,1.318003386259078979e-01,2.979378588497638702e-02,-2.529252171516418457e-01,1.357134133577346802e-01,9.246002137660980225e-02,2.628031969070434570e-01,2.554569542407989502e-01,-1.247720047831535339e-01,-1.343912631273269653e-01,-1.296034753322601318e-01,2.180513925850391388e-02,1.205067560076713562e-01
3.517478704452514648e-02,4.242284968495368958e-02,-3.870850205421447754e-01,3.200297653675079346e-01,1.989066004753112793e-01,-7.675684243440628052e-02,-1.149020437151193619e-02,1.872324347496032715e-01,1.511083841323852539e-01,2.313967049121856689e-01,-6.545740179717540741e-03,-2.124834209680557251e-01,3.179565668106079102e-01,2.741660475730895996e-01,4.069436490535736084e-01,4.237991571426391602e-01,-4.656355828046798706e-03,1.476361304521560669e-01,-3.351407647132873535e-01,-2.261258512735366821e-01,-2.042792588472366333e-01,2.749065160751342773e-01,2.199799716472625732e-01,-1.150357797741889954e-01,6.104552000761032104e-02,3.892459571361541748e-01,-4.026376307010650635e-01,-1.296800076961517334e-01,3.661763668060302734e-01,-5.475597828626632690e-02,-1.137573178857564926e-02,-4.804677963256835938e-01,2.540862560272216797e-01,3.059030771255493164e-01,-2.112473547458648682e-02,-4.366685748100280762e-01,1.969812661409378052e-01,3.788502514362335205e-01,-3.087407648563385010e-01,-2.208784073591232300e-01,3.772894740104675293e-01,5.635724216699600220e-02,3.224421143531799316e-01,7.919479906558990479e-02,2.057166583836078644e-02,-2.915835082530975342e-01,-4.151795804500579834e-01,-9.156191349029541016e-02,4.330590367317199707e-02,-5.611592158675193787e-02,7.289697229862213135e-02,2.571561746299266815e-02,2.278064638376235962e-01,-5.023941770195960999e-02,-1.034416034817695618e-01,-4.704985320568084717e-01,1.327700763940811157e-01,2.833214960992336273e-02,-3.073281049728393555e-01,-3.118659257888793945e-01,-7.246282696723937988e-02,5.781626701354980469e-02,9.263612329959869385e-03,6.497056037187576294e-02,3.810797259211540222e-02,-1.239783987402915955e-01,1.309631615877151489e-01,3.671264350414276123e-01,-4.010382294654846191e-01,3.457670286297798157e-02,-3.519987165927886963e-01,-3.749912232160568237e-02,-1.032396703958511353e-01,4.291683733463287354e-01,-4.544169455766677856e-02,-3.331861495971679688e-01,-3.720147302374243736e-03,4.736724495887756348e-01,-8.311075717210769653e-02,-4.111500680446624756e-01,4.562315642833709717e-01,1.366235432215034962e-03,-3.621568679809570312e-01,-5.875052302144467831e-04,-3.097702264785766602e-01,-3.624286949634552002e-01,1.052389070391654968e-01,9.739454835653305054e-03,2.926478683948516846e-01,2.756760418415069580e-01,-1.062897741794586182e-01,-4.847813397645950317e-02,-3.239368796348571777e-01,8.542316406965255737e-02,-3.880994617938995361e-01,3.142547560855746269e-03,2.088133394718170166e-01,-6.172185385366901755e-05,-3.400241434574127197e-01,3.040112257003784180e-01,-1.682214736938476562e-01,1.300512105226516724e-01,-4.708861112594604492e-01,-3.520430624485015869e-01,5.112385749816894531e-01,-2.277780324220657349e-02,-3.451415896415710449e-01,-3.851904869079589844e-01,-2.815360575914382935e-02,-1.928295008838176727e-02,3.018737733364105225e-01,-3.117349743843078613e-01,-3.851413428783416748e-01,3.318983316421508789e-02,4.405418932437896729e-01,-4.031668007373809814e-01,2.363420277833938599e-01,1.136561185121536255e-01,-4.338072538375854492e-01,1.764169633388519287e-01,1.950122267007827759e-01,3.551712632179260254e-01,3.889883756637573242e-01,-1.641860455274581909e-01,-2.716580629348754883e-01,-1.741607934236526489e-01,2.674675174057483673e-02,2.326325625181198120e-01
-1.250636726617813110e-01,6.569489836692810059e-03,-4.543707519769668579e-02,-3.005452640354633331e-02,-3.757974132895469666e-02,5.109537392854690552e-02,-7.480892539024353027e-02,-3.343515843152999878e-02,-2.227460406720638275e-02,-6.545740179717540741e-03,1.806361079216003418e-01,-5.696179810911417007e-03,1.767769306898117065e-01,4.581720754504203796e-02,5.618113279342651367e-02,8.916512876749038696e-02,-3.525437787175178528e-03,-1.113214343786239624e-02,4.063281789422035217e-02,-1.339256763458251953e-02,1.352110505104064941e-01,5.079658329486846924e-02,9.362859278917312622e-02,-8.328911662101745605e-02,-3.171380609273910522e-03,9.224517643451690674e-02,-1.567311882972717285e-01,-2.087391726672649384e-02,1.557137817144393921e-01,-1.110153645277023315e-02,1.143407821655273438e-01,-5.193603038787841797e-02,-1.150489673018455505e-01,7.847057282924652100e-02,-1.234966516494750977e-02,-1.364353448152542114e-01,2.943147532641887665e-02,3.916614875197410583e-02,-8.603838831186294556e-02,1.598820239305496216e-01,-1.069588288664817810e-01,-6.167716905474662781e-02,1.499284058809280396e-01,1.482494547963142395e-02,1.635254174470901489e-01,-2.385680377483367920e-01,-3.304726269561797380e-04,5.370430648326873779e-02,-5.615549162030220032e-02,-1.076192408800125122e-01,5.181117355823516846e-02,-5.382040143013000488e-02,-1.484424322843551636e-01,3.823883831501007080e-02,-1.133038923144340515e-01,-8.988247066736221313e-02,-3.527795150876045227e-02,6.013345904648303986e-03,1.260976865887641907e-02,-1.182480622082948685e-02,8.524783700704574585e-02,-2.380305528640747070e-02,-2.857929561287164688e-03,-1.513785868883132935e-01,-1.062020584940910339e-01,-1.148740388453006744e-02,1.142847016453742981e-01,4.326345026493072510e-02,-6.751003861427307129e-02,-3.038859926164150238e-02,1.822710968554019928e-02,-3.002302348613739014e-01,1.652626879513263702e-02,4.342018440365791321e-02,1.425877362489700317e-01,8.872960507869720459e-02,-2.790678758174180984e-03,1.087236180901527405e-01,1.822199970483779907e-01,-4.105297476053237915e-02,-4.051453620195388794e-02,3.004747850354760885e-04,-6.944846361875534058e-02,-1.262767240405082703e-03,1.160529553890228271e-01,-1.471232175827026367e-01,3.450854448601603508e-03,4.116293042898178101e-03,1.180747300386428833e-01,1.664722897112369537e-02,9.439871460199356079e-02,6.081600114703178406e-02,1.498774718493223190e-02,-3.154131397604942322e-02,6.100541725754737854e-02,8.593797683715820312e-02,5.857322365045547485e-03,1.034542310662800446e-05,-8.368107676506042480e-02,-8.137215673923492432e-02,-2.139200456440448761e-03,1.520409062504768372e-02,-2.214891090989112854e-02,-4.530945047736167908e-02,2.018812298774719238e-02,-2.430001646280288696e-01,9.480040520429611206e-02,-1.238255575299263000e-01,1.100296899676322937e-01,2.589571813587099314e-04,3.979245200753211975e-02,1.818903535604476929e-02,-3.668606653809547424e-02,-7.047624886035919189e-02,6.674209237098693848e-02,-2.430591918528079987e-02,5.821551382541656494e-02,6.426358222961425781e-02,3.250519931316375732e-02,-1.301731634885072708e-02,8.144097030162811279e-02,-8.410390466451644897e-02,-7.632714696228504181e-03,-5.606519430875778198e-02,-9.221115708351135254e-02,-1.434248127043247223e-02,5.638200789690017700e-03,-4.401339963078498840e-02
-9.876162558794021606e-02,-4.026301205158233643e-02,3.679444789886474609e-01,-3.008584380149841309e-01,-2.459227591753005981e-01,9.326203912496566772e-02,2.653275057673454285e-02,-2.831459045410156250e-01,-1.400943547487258911e-01,-2.124834209680557251e-01,-5.696179810911417007e-03,2.397685199975967407e-01,-2.886617779731750488e-01,-2.981415092945098877e-01,-4.232768416404724121e-01,-4.599435329437255859e-01,3.298610914498567581e-03,-1.440623551607131958e-01,2.725257873535156250e-01,2.149578481912612915e-01,1.443770825862884521e-01,-2.906541526317596436e-01,-1.869493722915649414e-01,1.074788719415664673e-01,-6.048370897769927979e-02,-3.895416855812072754e-01,3.843960165977478027e-01,2.013293504714965820e-01,-3.696001470088958740e-01,6.057478487491607666e-02,5.736034736037254333e-02,4.664807319641113281e-01,-1.674468815326690674e-01,-3.115774095058441162e-01,3.010643832385540009e-02,4.542233347892761230e-01,-1.936288923025131226e-01,-3.720831274986267090e-01,3.827804327011108398e-01,2.799393236637115479e-01,-3.933657705783843994e-01,-6.147505715489387512e-02,-2.931448817253112793e-01,-8.086711168289184570e-02,-8.020629733800888062e-02,2.641832828521728516e-01,4.157532751560211182e-01,1.179273203015327454e-01,-2.697997912764549255e-02,8.626827597618103027e-02,-3.228298574686050415e-02,2.013244479894638062e-02,-2.512569725513458252e-01,9.006796777248382568e-02,1.341262310743331909e-01,4.949267804622650146e-01,-1.715109497308731079e-01,-3.042769990861415863e-02,2.422744184732437134e-01,3.033418655395507812e-01,6.220651045441627502e-02,-1.828528195619583130e-02,-8.937388658523559570e-03,-3.285557776689529419e-02,-5.298431217670440674e-02,1.163355037569999695e-01,-1.063752546906471252e-01,-3.971457481384277344e-01,4.099026024341583252e-01,-9.119170159101486206e-02,3.794993460178375244e-01,5.047320201992988586e-02,8.315990120172500610e-02,-4.420467317104339600e-01,3.518089279532432556e-02,3.424314260482788086e-01,3.588415449485182762e-03,-4.686796069145202637e-01,8.350928127765655518e-02,4.225403964519500732e-01,-4.504699110984802246e-01,-1.443108194507658482e-03,3.701047301292419434e-01,5.207626963965594769e-04,3.560367822647094727e-01,3.457603454589843750e-01,-1.153835803270339966e-01,-1.074110809713602066e-02,-2.448473870754241943e-01,-2.879835963249206543e-01,1.230612546205520630e-01,-3.630733815953135490e-03,2.824271619319915771e-01,-7.241784036159515381e-02,3.736559450626373291e-01,5.775082483887672424e-02,-2.276941537857055664e-01,6.527664663735777140e-05,3.748522102832794189e-01,-3.306631147861480713e-01,2.197314649820327759e-01,-1.676231175661087036e-01,4.682234823703765869e-01,3.570678234100341797e-01,-4.620965421199798584e-01,8.150377107085660100e-05,2.725883722305297852e-01,3.798096477985382080e-01,6.516991555690765381e-02,1.505394559353590012e-02,-3.028977215290069580e-01,2.554262578487396240e-01,3.895013928413391113e-01,-1.717104576528072357e-02,-4.587869942188262939e-01,3.734430670738220215e-01,-3.114595711231231689e-01,-8.679894357919692993e-02,4.581254124641418457e-01,-1.543253958225250244e-01,-1.554303467273712158e-01,-3.613118231296539307e-01,-3.881546854972839355e-01,1.222229972481727600e-01,2.943888604640960693e-01,1.308535039424896240e-01,-3.342028707265853882e-02,-2.165622115135192871e-01
