9.999981522560119629e-01,-9.999985098838806152e-01,-9.999943375587463379e-01,9.999970793724060059e-01,9.999987483024597168e-01,-9.999987483024597168e-01,9.999946355819702148e-01,9.999990463256835938e-01,-9.999937415122985840e-01,9.999983906745910645e-01,-9.999987483024597168e-01,-9.999988079071044922e-01,9.999977946281433105e-01,9.999982714653015137e-01,9.999949932098388672e-01,9.999935626983642578e-01,9.999972581863403320e-01,-9.999975562095642090e-01,9.999918937683105469e-01,-9.999991059303283691e-01,-9.999988675117492676e-01,9.999941587448120117e-01,9.999985694885253906e-01,9.999972581863403320e-01,9.999886751174926758e-01,9.999988079071044922e-01,-9.999980926513671875e-01,-9.999988079071044922e-01,9.999912977218627930e-01,-9.999964833259582520e-01,-9.999905824661254883e-01,-9.999979138374328613e-01,9.999830126762390137e-01,9.999946355819702148e-01,-9.999978542327880859e-01,9.999632835388183594e-01,9.999989271163940430e-01,9.999984502792358398e-01,9.999842643737792969e-01,-9.999988079071044922e-01,9.999985694885253906e-01,9.999873042106628418e-01,9.999833106994628906e-01,9.999988675117492676e-01,9.999980330467224121e-01,9.999978542327880859e-01,-9.999929666519165039e-01,9.999986290931701660e-01,9.999985694885253906e-01,-9.999983906745910645e-01,-9.999986886978149414e-01,-9.999985098838806152e-01,-9.999986290931701660e-01,-9.999930262565612793e-01,-9.999984502792358398e-01,-9.999979138374328613e-01,-9.999595880508422852e-01,9.999926090240478516e-01,9.999945163726806641e-01,9.999981522560119629e-01,-9.999982118606567383e-01,9.999988079071044922e-01,9.999982118606567383e-01,9.999953508377075195e-01,-9.999936223030090332e-01,-9.999987483024597168e-01,-9.999989271163940430e-01,-9.999954104423522949e-01,-9.999988079071044922e-01,9.999981522560119629e-01,-9.999986886978149414e-01,9.999961256980895996e-01,-9.999906420707702637e-01,-9.999935030937194824e-01,-9.999848008155822754e-01,-9.999983906745910645e-01,9.999904632568359375e-01,9.999986290931701660e-01,-9.999938011169433594e-01,-9.999950528144836426e-01,9.999902844429016113e-01,9.999974370002746582e-01,-9.999987483024597168e-01,9.999980330467224121e-01,-9.999982714653015137e-01,-9.999842643737792969e-01,-6.630139350891113281e-01,9.999988079071044922e-01,9.999917745590209961e-01,9.999874234199523926e-01,-9.999934434890747070e-01,9.999982118606567383e-01,-9.999859333038330078e-01,-9.999971985816955566e-01,9.999973773956298828e-01,-9.999977946281433105e-01,-9.999867081642150879e-01,9.999989867210388184e-01,-9.999986886978149414e-01,9.999971389770507812e-01,-9.999966621398925781e-01,9.999988079071044922e-01,9.999365210533142090e-01,9.999550580978393555e-01,9.999986290931701660e-01,9.999957680702209473e-01,-9.999810457229614258e-01,-9.999983906745910645e-01,-9.999939799308776855e-01,9.999984502792358398e-01,-9.999985098838806152e-01,9.999973773956298828e-01,-9.999982118606567383e-01,-9.998977184295654297e-01,9.999989271163940430e-01,-9.999967813491821289e-01,9.999988675117492676e-01,-9.999978542327880859e-01,-9.999951720237731934e-01,-9.999965429306030273e-01,-9.999983310699462891e-01,9.999966621398925781e-01,9.999974966049194336e-01,-9.999968409538269043e-01,-9.999909400939941406e-01,-9.999944567680358887e-01,9.999724626541137695e-01,-9.999910593032836914e-01
-9.999985098838806152e-01,9.999987483024597168e-01,9.999952912330627441e-01,-9.999976158142089844e-01,-9.999991655349731445e-01,9.999989271163940430e-01,-9.999954104423522949e-01,-9.999992251396179199e-01,9.999948143959045410e-01,-9.999986886978149414e-01,9.999989867210388184e-01,9.999991059303283691e-01,-9.999981522560119629e-01,-9.999986290931701660e-01,-9.999957680702209473e-01,-9.999946355819702148e-01,-9.999977350234985352e-01,9.999980330467224121e-01,-9.999930858612060547e-01,9.999991655349731445e-01,9.999991059303283691e-01,-9.999950528144836426e-01,-9.999988079071044922e-01,-9.999976158142089844e-01,-9.999904632568359375e-01,-9.999991059303283691e-01,9.999983906745910645e-01,9.999990463256835938e-01,-9.999927282333374023e-01,9.999970197677612305e-01,9.999921917915344238e-01,9.999983310699462891e-01,-9.999858140945434570e-01,-9.999955892562866211e-01,9.999982714653015137e-01,-9.999693036079406738e-01,-9.999991655349731445e-01,-9.999986886978149414e-01,-9.999868273735046387e-01,9.999990463256835938e-01,-9.999988079071044922e-01,-9.999893307685852051e-01,-9.999860525131225586e-01,-9.999991059303283691e-01,-9.999984502792358398e-01,-9.999982118606567383e-01,9.999942183494567871e-01,-9.999988079071044922e-01,-9.999988675117492676e-01,9.999986886978149414e-01,9.999989271163940430e-01,9.999987483024597168e-01,9.999988675117492676e-01,9.999942183494567871e-01,9.999987483024597168e-01,9.999982118606567383e-01,9.999660253524780273e-01,-9.999938011169433594e-01,-9.999953508377075195e-01,-9.999984502792358398e-01,9.999985098838806152e-01,-9.999991059303283691e-01,-9.999985694885253906e-01,-9.999959468841552734e-01,9.999946355819702148e-01,9.999990463256835938e-01,9.999992251396179199e-01,9.999961853027343750e-01,9.999990463256835938e-01,-9.999985098838806152e-01,9.999989271163940430e-01,-9.999967813491821289e-01,9.999921321868896484e-01,9.999945759773254395e-01,9.999871850013732910e-01,9.999986290931701660e-01,-9.999920129776000977e-01,-9.999988079071044922e-01,9.999947547912597656e-01,9.999959468841552734e-01,-9.999918937683105469e-01,-9.999979734420776367e-01,9.999990463256835938e-01,-9.999983310699462891e-01,9.999985098838806152e-01,9.999867677688598633e-01,6.631526947021484375e-01,-9.999991059303283691e-01,-9.999931454658508301e-01,-9.999893903732299805e-01,9.999945163726806641e-01,-9.999985694885253906e-01,9.999881982803344727e-01,9.999977350234985352e-01,-9.999977350234985352e-01,9.999982118606567383e-01,9.999889135360717773e-01,-9.999992847442626953e-01,9.999989271163940430e-01,-9.999976158142089844e-01,9.999973177909851074e-01,-9.999991059303283691e-01,-9.999467134475708008e-01,-9.999622702598571777e-01,-9.999988675117492676e-01,-9.999963641166687012e-01,9.999840855598449707e-01,9.999986886978149414e-01,9.999949932098388672e-01,-9.999987483024597168e-01,9.999987483024597168e-01,-9.999977946281433105e-01,9.999984502792358398e-01,9.999139904975891113e-01,-9.999991655349731445e-01,9.999973773956298828e-01,-9.999991655349731445e-01,9.999982118606567383e-01,9.999959468841552734e-01,9.999970793724060059e-01,9.999986290931701660e-01,-9.999971985816955566e-01,-9.999979734420776367e-01,9.999973773956298828e-01,9.999924302101135254e-01,9.999954104423522949e-01,-9.999768733978271484e-01,9.999925494194030762e-01
-9.999943375587463379e-01,9.999952912330627441e-01,9.999813437461853027e-01,-9.999908208847045898e-01,-9.999961256980895996e-01,9.999958276748657227e-01,-9.999823570251464844e-01,-9.999967217445373535e-01,9.999797344207763672e-01,-9.999949336051940918e-01,9.999960064888000488e-01,9.999963641166687012e-01,-9.999930858612060547e-01,-9.999946951866149902e-01,-9.999837279319763184e-01,-9.999790787696838379e-01,-9.999914169311523438e-01,9.999922513961791992e-01,-9.999734759330749512e-01,9.999968409538269043e-01,9.999964237213134766e-01,-9.999807476997375488e-01,-9.999954104423522949e-01,-9.999911189079284668e-01,-9.999627470970153809e-01,-9.999962449073791504e-01,9.999938607215881348e-01,9.999961256980895996e-01,-9.999715685844421387e-01,9.999889135360717773e-01,9.999690055847167969e-01,9.999935626983642578e-01,-9.999439120292663574e-01,-9.999827146530151367e-01,9.999933242797851562e-01,-9.998791813850402832e-01,-9.999964833259582520e-01,-9.999951124191284180e-01,-9.999481439590454102e-01,9.999961256980895996e-01,-9.999954700469970703e-01,-9.999585151672363281e-01,-9.999453425407409668e-01,-9.999963641166687012e-01,-9.999939799308776855e-01,-9.999933242797851562e-01,9.999772310256958008e-01,-9.999954700469970703e-01,-9.999955892562866211e-01,9.999948740005493164e-01,9.999959468841552734e-01,9.999952912330627441e-01,9.999958872795104980e-01,9.999772906303405762e-01,9.999952316284179688e-01,9.999935626983642578e-01,9.998673200607299805e-01,-9.999758601188659668e-01,-9.999819397926330566e-01,-9.999941587448120117e-01,9.999945759773254395e-01,-9.999963641166687012e-01,-9.999946951866149902e-01,-9.999848604202270508e-01,9.999793767929077148e-01,9.999960660934448242e-01,9.999967217445373535e-01,9.999852180480957031e-01,9.999966025352478027e-01,-9.999943375587463379e-01,9.999960064888000488e-01,-9.999874830245971680e-01,9.999694228172302246e-01,9.999786615371704102e-01,9.999499320983886719e-01,9.999947547912597656e-01,-9.999687075614929199e-01,-9.999958276748657227e-01,9.999796152114868164e-01,9.999840259552001953e-01,-9.999682903289794922e-01,-9.999920725822448730e-01,9.999960660934448242e-01,-9.999939203262329102e-01,9.999943971633911133e-01,9.999480247497558594e-01,6.610237956047058105e-01,-9.999963641166687012e-01,-9.999732375144958496e-01,-9.999585747718811035e-01,9.999786615371704102e-01,-9.999945163726806641e-01,9.999536275863647461e-01,9.999910593032836914e-01,-9.999915361404418945e-01,9.999929070472717285e-01,9.999564886093139648e-01,-9.999966621398925781e-01,9.999959468841552734e-01,-9.999909996986389160e-01,9.999893307685852051e-01,-9.999962449073791504e-01,-9.997916817665100098e-01,-9.998525381088256836e-01,-9.999956488609313965e-01,-9.999863505363464355e-01,9.999376535415649414e-01,9.999949336051940918e-01,9.999802112579345703e-01,-9.999950528144836426e-01,9.999952316284179688e-01,-9.999917745590209961e-01,9.999940991401672363e-01,9.996635913848876953e-01,-9.999967217445373535e-01,9.999896287918090820e-01,-9.999966025352478027e-01,9.999929666519165039e-01,9.999843835830688477e-01,9.999887347221374512e-01,9.999948143959045410e-01,-9.999892115592956543e-01,-9.999920725822448730e-01,9.999898076057434082e-01,9.999705553054809570e-01,9.999819993972778320e-01,-9.999096393585205078e-01,9.999707937240600586e-01
9.999970793724060059e-01,-9.999976158142089844e-01,-9.999908208847045898e-01,9.999954104423522949e-01,9.999980926513671875e-01,-9.999978542327880859e-01,9.999912381172180176e-01,9.999983906745910645e-01,-9.999900460243225098e-01,9.999973773956298828e-01,-9.999979734420776367e-01,-9.999981522560119629e-01,9.999964833259582520e-01,9.999972581863403320e-01,9.999919533729553223e-01,9.999896287918090820e-01,9.999957084655761719e-01,-9.999961853027343750e-01,9.999868273735046387e-01,-9.999983310699462891e-01,-9.999982118606567383e-01,9.999904632568359375e-01,9.999976754188537598e-01,9.999955892562866211e-01,9.999817013740539551e-01,9.999981522560119629e-01,-9.999968409538269043e-01,-9.999980330467224121e-01,9.999859929084777832e-01,-9.999944567680358887e-01,-9.999847412109375000e-01,-9.999966621398925781e-01,9.999724626541137695e-01,9.999914169311523438e-01,-9.999966621398925781e-01,9.999406933784484863e-01,9.999982714653015137e-01,9.999974966049194336e-01,9.999744892120361328e-01,-9.999979734420776367e-01,9.999976754188537598e-01,9.999796152114868164e-01,9.999731183052062988e-01,9.999982118606567383e-01,9.999969005584716797e-01,9.999966025352478027e-01,-9.999887943267822266e-01,9.999976754188537598e-01,9.999977350234985352e-01,-9.999974370002746582e-01,-9.999978542327880859e-01,-9.999975562095642090e-01,-9.999979138374328613e-01,-9.999887347221374512e-01,-9.999975562095642090e-01,-9.999967217445373535e-01,-9.999346137046813965e-01,9.999880194664001465e-01,9.999910593032836914e-01,9.999970793724060059e-01,-9.999971985816955566e-01,9.999981522560119629e-01,9.999973177909851074e-01,9.999924302101135254e-01,-9.999896883964538574e-01,-9.999979734420776367e-01,-9.999983906745910645e-01,-9.999927282333374023e-01,-9.999982118606567383e-01,9.999971389770507812e-01,-9.999980330467224121e-01,9.999938607215881348e-01,-9.999849200248718262e-01,-9.999895095825195312e-01,-9.999753832817077637e-01,-9.999973177909851074e-01,9.999844431877136230e-01,9.999978542327880859e-01,-9.999899268150329590e-01,-9.999921321868896484e-01,9.999844431877136230e-01,9.999960064888000488e-01,-9.999981522560119629e-01,9.999968409538269043e-01,-9.999971389770507812e-01,-9.999744892120361328e-01,-6.624757647514343262e-01,9.999980926513671875e-01,9.999868273735046387e-01,9.999796152114868164e-01,-9.999894499778747559e-01,9.999971985816955566e-01,-9.999772310256958008e-01,-9.999955296516418457e-01,9.999957680702209473e-01,-9.999964833259582520e-01,-9.999785423278808594e-01,9.999983310699462891e-01,-9.999978542327880859e-01,9.999955892562866211e-01,-9.999946951866149902e-01,9.999981522560119629e-01,9.998974800109863281e-01,9.999274015426635742e-01,9.999977946281433105e-01,9.999932050704956055e-01,-9.999694228172302246e-01,-9.999974370002746582e-01,-9.999902248382568359e-01,9.999974370002746582e-01,-9.999975562095642090e-01,9.999958276748657227e-01,-9.999969601631164551e-01,-9.998345971107482910e-01,9.999983310699462891e-01,-9.999949336051940918e-01,9.999982118606567383e-01,-9.999964237213134766e-01,-9.999923110008239746e-01,-9.999943971633911133e-01,-9.999974370002746582e-01,9.999946951866149902e-01,9.999960660934448242e-01,-9.999949336051940918e-01,-9.999853372573852539e-01,-9.999910593032836914e-01,9.999554753303527832e-01,-9.999855160713195801e-01
9.999987483024597168e-01,-9.999991655349731445e-01,-9.999961256980895996e-01,9.999980926513671875e-01,9.999992847442626953e-01,-9.999991655349731445e-01,9.999963641166687012e-01,9.999994635581970215e-01,-9.999959468841552734e-01,9.999989867210388184e-01,-9.999992847442626953e-01,-9.999993443489074707e-01,9.999985694885253906e-01,9.999989271163940430e-01,9.999965429306030273e-01,9.999957084655761719e-01,9.999981522560119629e-01,-9.999984502792358398e-01,9.999945163726806641e-01,-9.999994039535522461e-01,-9.999992847442626953e-01,9.999961256980895996e-01,9.999992251396179199e-01,9.999981522560119629e-01,9.999923706054687500e-01,9.999992847442626953e-01,-9.999987483024597168e-01,-9.999992251396179199e-01,9.999942183494567871e-01,-9.999977350234985352e-01,-9.999936819076538086e-01,-9.999985694885253906e-01,9.999885559082031250e-01,9.999964237213134766e-01,-9.999986290931701660e-01,9.999755024909973145e-01,9.999994039535522461e-01,9.999990463256835938e-01,9.999894499778747559e-01,-9.999992251396179199e-01,9.999991059303283691e-01,9.999915361404418945e-01,9.999889135360717773e-01,9.999994039535522461e-01,9.999987483024597168e-01,9.999985694885253906e-01,-9.999954104423522949e-01,9.999991059303283691e-01,9.999991059303283691e-01,-9.999989867210388184e-01,-9.999992251396179199e-01,-9.999991655349731445e-01,-9.999991059303283691e-01,-9.999954104423522949e-01,-9.999990463256835938e-01,-9.999986886978149414e-01,-9.999728798866271973e-01,9.999951124191284180e-01,9.999962449073791504e-01,9.999988675117492676e-01,-9.999988675117492676e-01,9.999992847442626953e-01,9.999988675117492676e-01,9.999968409538269043e-01,-9.999957084655761719e-01,-9.999992251396179199e-01,-9.999994039535522461e-01,-9.999969601631164551e-01,-9.999993443489074707e-01,9.999988675117492676e-01,-9.999992251396179199e-01,9.999974966049194336e-01,-9.999937415122985840e-01,-9.999956488609313965e-01,-9.999898672103881836e-01,-9.999989271163940430e-01,9.999936819076538086e-01,9.999992847442626953e-01,-9.999958872795104980e-01,-9.999967217445373535e-01,9.999935626983642578e-01,9.999983310699462891e-01,-9.999993443489074707e-01,9.999987483024597168e-01,-9.999988079071044922e-01,-9.999894499778747559e-01,-6.633006930351257324e-01,9.999992847442626953e-01,9.999945163726806641e-01,9.999915361404418945e-01,-9.999955892562866211e-01,9.999988675117492676e-01,-9.999905824661254883e-01,-9.999981522560119629e-01,9.999982714653015137e-01,-9.999985098838806152e-01,-9.999911189079284668e-01,9.999993443489074707e-01,-9.999992251396179199e-01,9.999981522560119629e-01,-9.999978542327880859e-01,9.999992847442626953e-01,9.999574422836303711e-01,9.999700784683227539e-01,9.999991059303283691e-01,9.999971985816955566e-01,-9.999873042106628418e-01,-9.999989867210388184e-01,-9.999960660934448242e-01,9.999989867210388184e-01,-9.999989271163940430e-01,9.999983310699462891e-01,-9.999988675117492676e-01,-9.999313950538635254e-01,9.999993443489074707e-01,-9.999979138374328613e-01,9.999993443489074707e-01,-9.999986290931701660e-01,-9.999968409538269043e-01,-9.999976754188537598e-01,-9.999989271163940430e-01,9.999978542327880859e-01,9.999984502792358398e-01,-9.999979138374328613e-01,-9.999939799308776855e-01,-9.999963045120239258e-01,9.999815225601196289e-01,-9.999940395355224609e-01
-9.999987483024597168e-01,9.999989271163940430e-01,9.999958276748657227e-01,-9.999978542327880859e-01,-9.999991655349731445e-01,9.999991059303283691e-01,-9.999960660934448242e-01,-9.999994039535522461e-01,9.999954700469970703e-01,-9.999988675117492676e-01,9.999991655349731445e-01,9.999992251396179199e-01,-9.999983310699462891e-01,-9.999987483024597168e-01,-9.999962449073791504e-01,-9.999952912330627441e-01,-9.999979734420776367e-01,9.999982714653015137e-01,-9.999940991401672363e-01,9.999993443489074707e-01,9.999992251396179199e-01,-9.999957084655761719e-01,-9.999989271163940430e-01,-9.999980330467224121e-01,-9.999917149543762207e-01,-9.999992251396179199e-01,9.999985694885253906e-01,9.999991655349731445e-01,-9.999936819076538086e-01,9.999974966049194336e-01,9.999931454658508301e-01,9.999984502792358398e-01,-9.999876022338867188e-01,-9.999961256980895996e-01,9.999983906745910645e-01,-9.999732971191406250e-01,-9.999992847442626953e-01,-9.999988675117492676e-01,-9.999884963035583496e-01,9.999991655349731445e-01,-9.999989867210388184e-01,-9.999907612800598145e-01,-9.999879002571105957e-01,-9.999992251396179199e-01,-9.999986290931701660e-01,-9.999984502792358398e-01,9.999949932098388672e-01,-9.999989271163940430e-01,-9.999990463256835938e-01,9.999988675117492676e-01,9.999991655349731445e-01,9.999989271163940430e-01,9.999990463256835938e-01,9.999949932098388672e-01,9.999989271163940430e-01,9.999985694885253906e-01,9.999706745147705078e-01,-9.999946355819702148e-01,-9.999959468841552734e-01,-9.999986886978149414e-01,9.999988079071044922e-01,-9.999991059303283691e-01,-9.999988675117492676e-01,-9.999964833259582520e-01,9.999953508377075195e-01,9.999991655349731445e-01,9.999993443489074707e-01,9.999966621398925781e-01,9.999992847442626953e-01,-9.999986886978149414e-01,9.999990463256835938e-01,-9.999971985816955566e-01,9.999932050704956055e-01,9.999952912330627441e-01,9.999889135360717773e-01,9.999988079071044922e-01,-9.999930262565612793e-01,-9.999991059303283691e-01,9.999954700469970703e-01,9.999963045120239258e-01,-9.999929666519165039e-01,-9.999982118606567383e-01,9.999991655349731445e-01,-9.999986290931701660e-01,9.999987483024597168e-01,9.999884963035583496e-01,6.632508039474487305e-01,-9.999991655349731445e-01,-9.999939799308776855e-01,-9.999908208847045898e-01,9.999952316284179688e-01,-9.999987483024597168e-01,9.999896883964538574e-01,9.999979734420776367e-01,-9.999980926513671875e-01,9.999983906745910645e-01,9.999903440475463867e-01,-9.999992847442626953e-01,9.999990463256835938e-01,-9.999979734420776367e-01,9.999976158142089844e-01,-9.999992251396179199e-01,-9.999538660049438477e-01,-9.999673366546630859e-01,-9.999990463256835938e-01,-9.999969005584716797e-01,9.999862313270568848e-01,9.999988675117492676e-01,9.999956488609313965e-01,-9.999988675117492676e-01,9.999988675117492676e-01,-9.999981522560119629e-01,9.999986290931701660e-01,9.999254941940307617e-01,-9.999992847442626953e-01,9.999977350234985352e-01,-9.999991655349731445e-01,9.999984502792358398e-01,9.999964833259582520e-01,9.999974966049194336e-01,9.999988079071044922e-01,-9.999975562095642090e-01,-9.999982118606567383e-01,9.999977350234985352e-01,9.999934434890747070e-01,9.999958276748657227e-01,-9.999799728393554688e-01,9.999935030937194824e-01
9.999946355819702148e-01,-9.999954104423522949e-01,-9.999823570251464844e-01,9.999912381172180176e-01,9.999963641166687012e-01,-9.999960660934448242e-01,9.999833703041076660e-01,9.999969005584716797e-01,-9.999808669090270996e-01,9.999951124191284180e-01,-9.999960660934448242e-01,-9.999964833259582520e-01,9.999932646751403809e-01,9.999949932098388672e-01,9.999845623970031738e-01,9.999802112579345703e-01,9.999918937683105469e-01,-9.999927282333374023e-01,9.999749064445495605e-01,-9.999969601631164551e-01,-9.999965429306030273e-01,9.999818205833435059e-01,9.999955296516418457e-01,9.999916553497314453e-01,9.999648332595825195e-01,9.999963641166687012e-01,-9.999941587448120117e-01,-9.999962449073791504e-01,9.999732375144958496e-01,-9.999895691871643066e-01,-9.999707937240600586e-01,-9.999938011169433594e-01,9.999471902847290039e-01,9.999836087226867676e-01,-9.999936223030090332e-01,9.998861551284790039e-01,9.999966621398925781e-01,9.999952912330627441e-01,9.999510645866394043e-01,-9.999963045120239258e-01,9.999955892562866211e-01,9.999608993530273438e-01,9.999484419822692871e-01,9.999965429306030273e-01,9.999943375587463379e-01,9.999936223030090332e-01,-9.999786019325256348e-01,9.999957084655761719e-01,9.999957680702209473e-01,-9.999951720237731934e-01,-9.999961256980895996e-01,-9.999954700469970703e-01,-9.999960660934448242e-01,-9.999785423278808594e-01,-9.999954700469970703e-01,-9.999938607215881348e-01,-9.998748898506164551e-01,9.999771714210510254e-01,9.999829530715942383e-01,9.999944567680358887e-01,-9.999949336051940918e-01,9.999964833259582520e-01,9.999948740005493164e-01,9.999857544898986816e-01,-9.999805092811584473e-01,-9.999963045120239258e-01,-9.999968409538269043e-01,-9.999860525131225586e-01,-9.999966025352478027e-01,9.999945759773254395e-01,-9.999961853027343750e-01,9.999883174896240234e-01,-9.999710917472839355e-01,-9.999799132347106934e-01,-9.999527335166931152e-01,-9.999950528144836426e-01,9.999704360961914062e-01,9.999959468841552734e-01,-9.999807476997375488e-01,-9.999849796295166016e-01,9.999701380729675293e-01,9.999924302101135254e-01,-9.999961853027343750e-01,9.999942183494567871e-01,-9.999946355819702148e-01,-9.999509453773498535e-01,-6.611891388893127441e-01,9.999964833259582520e-01,9.999746680259704590e-01,9.999608993530273438e-01,-9.999797940254211426e-01,9.999947547912597656e-01,-9.999563097953796387e-01,-9.999915361404418945e-01,9.999919533729553223e-01,-9.999932050704956055e-01,-9.999589323997497559e-01,9.999967813491821289e-01,-9.999961256980895996e-01,9.999914765357971191e-01,-9.999898672103881836e-01,9.999964237213134766e-01,9.998036623001098633e-01,9.998610615730285645e-01,9.999958276748657227e-01,9.999871253967285156e-01,-9.999411702156066895e-01,-9.999951720237731934e-01,-9.999812841415405273e-01,9.999953508377075195e-01,-9.999954700469970703e-01,9.999921321868896484e-01,-9.999944567680358887e-01,-9.996830821037292480e-01,9.999967217445373535e-01,-9.999902248382568359e-01,9.999966621398925781e-01,-9.999933838844299316e-01,-9.999853372573852539e-01,-9.999893903732299805e-01,-9.999951124191284180e-01,9.999898076057434082e-01,9.999925494194030762e-01,-9.999904036521911621e-01,-9.999721646308898926e-01,-9.999830126762390137e-01,9.999148249626159668e-01,-9.999724626541137695e-01
9.999990463256835938e-01,-9.999992251396179199e-01,-9.999967217445373535e-01,9.999983906745910645e-01,9.999994635581970215e-01,-9.999994039535522461e-01,9.999969005584716797e-01,9.999995231628417969e-01,-9.999964237213134766e-01,9.999991655349731445e-01,-9.999994039535522461e-01,-9.999994039535522461e-01,9.999988079071044922e-01,9.999991059303283691e-01,9.999971389770507812e-01,9.999963045120239258e-01,9.999985098838806152e-01,-9.999986290931701660e-01,9.999953508377075195e-01,-9.999994635581970215e-01,-9.999994635581970215e-01,9.999967217445373535e-01,9.999992251396179199e-01,9.999984502792358398e-01,9.999936223030090332e-01,9.999994039535522461e-01,-9.999989867210388184e-01,-9.999994039535522461e-01,9.999950528144836426e-01,-9.999980330467224121e-01,-9.999946951866149902e-01,-9.999988675117492676e-01,9.999902844429016113e-01,9.999969601631164551e-01,-9.999988079071044922e-01,9.999790787696838379e-01,9.999995231628417969e-01,9.999991655349731445e-01,9.999910593032836914e-01,-9.999993443489074707e-01,9.999993443489074707e-01,9.999927878379821777e-01,9.999905824661254883e-01,9.999994635581970215e-01,9.999989271163940430e-01,9.999988079071044922e-01,-9.999960064888000488e-01,9.999992251396179199e-01,9.999993443489074707e-01,-9.999992251396179199e-01,-9.999993443489074707e-01,-9.999992251396179199e-01,-9.999993443489074707e-01,-9.999960660934448242e-01,-9.999992251396179199e-01,-9.999988079071044922e-01,-9.999769926071166992e-01,9.999958276748657227e-01,9.999967813491821289e-01,9.999990463256835938e-01,-9.999991059303283691e-01,9.999994039535522461e-01,9.999991059303283691e-01,9.999973177909851074e-01,-9.999963641166687012e-01,-9.999993443489074707e-01,-9.999995231628417969e-01,-9.999973773956298828e-01,-9.999994039535522461e-01,9.999990463256835938e-01,-9.999993443489074707e-01,9.999978542327880859e-01,-9.999947547912597656e-01,-9.999963641166687012e-01,-9.999913573265075684e-01,-9.999991059303283691e-01,9.999945759773254395e-01,9.999994039535522461e-01,-9.999964833259582520e-01,-9.999971985816955566e-01,9.999945163726806641e-01,9.999986886978149414e-01,-9.999995231628417969e-01,9.999989271163940430e-01,-9.999990463256835938e-01,-9.999909996986389160e-01,-6.633879542350769043e-01,9.999994039535522461e-01,9.999954104423522949e-01,9.999929070472717285e-01,-9.999962449073791504e-01,9.999991059303283691e-01,-9.999920129776000977e-01,-9.999985098838806152e-01,9.999985098838806152e-01,-9.999988079071044922e-01,-9.999924898147583008e-01,9.999995231628417969e-01,-9.999993443489074707e-01,9.999983906745910645e-01,-9.999982118606567383e-01,9.999994635581970215e-01,9.999638199806213379e-01,9.999744296073913574e-01,9.999992847442626953e-01,9.999976158142089844e-01,-9.999892115592956543e-01,-9.999991655349731445e-01,-9.999966025352478027e-01,9.999992847442626953e-01,-9.999992251396179199e-01,9.999984502792358398e-01,-9.999990463256835938e-01,-9.999415874481201172e-01,9.999994635581970215e-01,-9.999982714653015137e-01,9.999994039535522461e-01,-9.999988675117492676e-01,-9.999972581863403320e-01,-9.999981522560119629e-01,-9.999992251396179199e-01,9.999980926513671875e-01,9.999986886978149414e-01,-9.999982118606567383e-01,-9.999949336051940918e-01,-9.999968409538269043e-01,9.999843239784240723e-01,-9.999949336051940918e-01
-9.999937415122985840e-01,9.999948143959045410e-01,9.999797344207763672e-01,-9.999900460243225098e-01,-9.999959468841552734e-01,9.999954700469970703e-01,-9.999808669090270996e-01,-9.999964237213134766e-01,9.999779462814331055e-01,-9.999943971633911133e-01,9.999956488609313965e-01,9.999960064888000488e-01,-9.999923706054687500e-01,-9.999942779541015625e-01,-9.999822974205017090e-01,-9.999772310256958008e-01,-9.999906420707702637e-01,9.999916553497314453e-01,-9.999712109565734863e-01,9.999966025352478027e-01,9.999960064888000488e-01,-9.999790787696838379e-01,-9.999949336051940918e-01,-9.999904036521911621e-01,-9.999595284461975098e-01,-9.999959468841552734e-01,9.999933242797851562e-01,9.999957680702209473e-01,-9.999691843986511230e-01,9.999880194664001465e-01,9.999663233757019043e-01,9.999929070472717285e-01,-9.999392628669738770e-01,-9.999812245368957520e-01,9.999926686286926270e-01,-9.998691678047180176e-01,-9.999961853027343750e-01,-9.999945759773254395e-01,-9.999436736106872559e-01,9.999958276748657227e-01,-9.999949932098388672e-01,-9.999550580978393555e-01,-9.999406337738037109e-01,-9.999960660934448242e-01,-9.999933838844299316e-01,-9.999926686286926270e-01,9.999753236770629883e-01,-9.999951124191284180e-01,-9.999951720237731934e-01,9.999945163726806641e-01,9.999956488609313965e-01,9.999948143959045410e-01,9.999954700469970703e-01,9.999753236770629883e-01,9.999948143959045410e-01,9.999929070472717285e-01,9.998561739921569824e-01,-9.999737143516540527e-01,-9.999803900718688965e-01,-9.999936223030090332e-01,9.999941587448120117e-01,-9.999959468841552734e-01,-9.999942183494567871e-01,-9.999836087226867676e-01,9.999775886535644531e-01,9.999958276748657227e-01,9.999964833259582520e-01,9.999839663505554199e-01,9.999962449073791504e-01,-9.999938607215881348e-01,9.999956488609313965e-01,-9.999864101409912109e-01,9.999667406082153320e-01,9.999768733978271484e-01,9.999456405639648438e-01,9.999942779541015625e-01,-9.999659061431884766e-01,-9.999954104423522949e-01,9.999778270721435547e-01,9.999827146530151367e-01,-9.999656081199645996e-01,-9.999913573265075684e-01,9.999957680702209473e-01,-9.999933838844299316e-01,9.999939203262329102e-01,9.999436736106872559e-01,6.607850193977355957e-01,-9.999960660934448242e-01,-9.999709725379943848e-01,-9.999549984931945801e-01,9.999768733978271484e-01,-9.999940395355224609e-01,9.999497532844543457e-01,9.999902248382568359e-01,-9.999908208847045898e-01,9.999921917915344238e-01,9.999527931213378906e-01,-9.999964237213134766e-01,9.999955892562866211e-01,-9.999902844429016113e-01,9.999883770942687988e-01,-9.999959468841552734e-01,-9.997741580009460449e-01,-9.998401403427124023e-01,-9.999951720237731934e-01,-9.999850988388061523e-01,9.999323487281799316e-01,9.999944567680358887e-01,9.999784827232360840e-01,-9.999946355819702148e-01,9.999947547912597656e-01,-9.999910593032836914e-01,9.999936223030090332e-01,9.996353983879089355e-01,-9.999963641166687012e-01,9.999886751174926758e-01,-9.999962449073791504e-01,9.999924302101135254e-01,9.999830722808837891e-01,9.999879002571105957e-01,9.999943971633911133e-01,-9.999882578849792480e-01,-9.999914169311523438e-01,9.999889731407165527e-01,9.999679327011108398e-01,9.999804496765136719e-01,-9.999020099639892578e-01,9.999683499336242676e-01
9.999983906745910645e-01,-9.999986886978149414e-01,-9.999949336051940918e-01,9.999973773956298828e-01,9.999989867210388184e-01,-9.999988675117492676e-01,9.999951124191284180e-01,9.999991655349731445e-01,-9.999943971633911133e-01,9.999985694885253906e-01,-9.999989271163940430e-01,-9.999990463256835938e-01,9.999981522560119629e-01,9.999985098838806152e-01,9.999955296516418457e-01,9.999942183494567871e-01,9.999976158142089844e-01,-9.999978542327880859e-01,9.999926686286926270e-01,-9.999991655349731445e-01,-9.999991655349731445e-01,9.999946951866149902e-01,9.999987483024597168e-01,9.999974966049194336e-01,9.999898076057434082e-01,9.999989867210388184e-01,-9.999982714653015137e-01,-9.999989867210388184e-01,9.999923110008239746e-01,-9.999969005584716797e-01,-9.999915361404418945e-01,-9.999982118606567383e-01,9.999845623970031738e-01,9.999952316284179688e-01,-9.999981522560119629e-01,9.999667406082153320e-01,9.999991059303283691e-01,9.999986290931701660e-01,9.999858140945434570e-01,-9.999989271163940430e-01,9.999986886978149414e-01,9.999886155128479004e-01,9.999849200248718262e-01,9.999991655349731445e-01,9.999983310699462891e-01,9.999980926513671875e-01,-9.999937415122985840e-01,9.999987483024597168e-01,9.999987483024597168e-01,-9.999986290931701660e-01,-9.999989271163940430e-01,-9.999987483024597168e-01,-9.999988675117492676e-01,-9.999938011169433594e-01,-9.999986886978149414e-01,-9.999982118606567383e-01,-9.999634027481079102e-01,9.999933242797851562e-01,9.999949932098388672e-01,9.999983310699462891e-01,-9.999985098838806152e-01,9.999989867210388184e-01,9.999985098838806152e-01,9.999958276748657227e-01,-9.999942183494567871e-01,-9.999989271163940430e-01,-9.999991655349731445e-01,-9.999959468841552734e-01,-9.999991059303283691e-01,9.999985098838806152e-01,-9.999988675117492676e-01,9.999964833259582520e-01,-9.999915957450866699e-01,-9.999940991401672363e-01,-9.999862313270568848e-01,-9.999985098838806152e-01,9.999914169311523438e-01,9.999988675117492676e-01,-9.999944567680358887e-01,-9.999955892562866211e-01,9.999913573265075684e-01,9.999978542327880859e-01,-9.999989271163940430e-01,9.999982714653015137e-01,-9.999985098838806152e-01,-9.999856948852539062e-01,-6.630954146385192871e-01,9.999990463256835938e-01,9.999926090240478516e-01,9.999886751174926758e-01,-9.999940991401672363e-01,9.999985694885253906e-01,-9.999872446060180664e-01,-9.999974966049194336e-01,9.999976158142089844e-01,-9.999979734420776367e-01,-9.999880194664001465e-01,9.999992251396179199e-01,-9.999989271163940430e-01,9.999974966049194336e-01,-9.999970793724060059e-01,9.999990463256835938e-01,9.999425411224365234e-01,9.999593496322631836e-01,9.999987483024597168e-01,9.999961853027343750e-01,-9.999828338623046875e-01,-9.999986290931701660e-01,-9.999946355819702148e-01,9.999986290931701660e-01,-9.999986886978149414e-01,9.999977350234985352e-01,-9.999984502792358398e-01,-9.999073743820190430e-01,9.999991059303283691e-01,-9.999971389770507812e-01,9.999991059303283691e-01,-9.999980330467224121e-01,-9.999957680702209473e-01,-9.999968409538269043e-01,-9.999985694885253906e-01,9.999969601631164551e-01,9.999977946281433105e-01,-9.999971389770507812e-01,-9.999918341636657715e-01,-9.999950528144836426e-01,9.999750852584838867e-01,-9.999919533729553223e-01
-9.999987483024597168e-01,9.999989867210388184e-01,9.999960064888000488e-01,-9.999979734420776367e-01,-9.999992847442626953e-01,9.999991655349731445e-01,-9.999960660934448242e-01,-9.999994039535522461e-01,9.999956488609313965e-01,-9.999989271163940430e-01,9.999992847442626953e-01,9.999993443489074707e-01,-9.999984502792358398e-01,-9.999988079071044922e-01,-9.999964237213134766e-01,-9.999954104423522949e-01,-9.999980926513671875e-01,9.999983310699462891e-01,-9.999940991401672363e-01,9.999993443489074707e-01,9.999992251396179199e-01,-9.999957680702209473e-01,-9.999990463256835938e-01,-9.999980330467224121e-01,-9.999919533729553223e-01,-9.999992251396179199e-01,9.999986290931701660e-01,9.999992847442626953e-01,-9.999938011169433594e-01,9.999976158142089844e-01,9.999933242797851562e-01,9.999985694885253906e-01,-9.999879002571105957e-01,-9.999961853027343750e-01,9.999985098838806152e-01,-9.999737143516540527e-01,-9.999993443489074707e-01,-9.999989867210388184e-01,-9.999886751174926758e-01,9.999992251396179199e-01,-9.999990463256835938e-01,-9.999910593032836914e-01,-9.999881982803344727e-01,-9.999993443489074707e-01,-9.999985694885253906e-01,-9.999985694885253906e-01,9.999950528144836426e-01,-9.999990463256835938e-01,-9.999990463256835938e-01,9.999989271163940430e-01,9.999991655349731445e-01,9.999989271163940430e-01,9.999991655349731445e-01,9.999951720237731934e-01,9.999989271163940430e-01,9.999985098838806152e-01,9.999710917472839355e-01,-9.999946951866149902e-01,-9.999960064888000488e-01,-9.999986886978149414e-01,9.999988079071044922e-01,-9.999992251396179199e-01,-9.999988079071044922e-01,-9.999966621398925781e-01,9.999954104423522949e-01,9.999991655349731445e-01,9.999993443489074707e-01,9.999967217445373535e-01,9.999992847442626953e-01,-9.999988079071044922e-01,9.999991655349731445e-01,-9.999973177909851074e-01,9.999933838844299316e-01,9.999954104423522949e-01,9.999890923500061035e-01,9.999988079071044922e-01,-9.999932646751403809e-01,-9.999991059303283691e-01,9.999955296516418457e-01,9.999964833259582520e-01,-9.999930858612060547e-01,-9.999982118606567383e-01,9.999992847442626953e-01,-9.999986290931701660e-01,9.999987483024597168e-01,9.999886751174926758e-01,6.632601022720336914e-01,-9.999992251396179199e-01,-9.999941587448120117e-01,-9.999909996986389160e-01,9.999953508377075195e-01,-9.999988079071044922e-01,9.999899864196777344e-01,9.999980330467224121e-01,-9.999980926513671875e-01,9.999985098838806152e-01,9.999905228614807129e-01,-9.999994039535522461e-01,9.999992847442626953e-01,-9.999980330467224121e-01,9.999976754188537598e-01,-9.999992251396179199e-01,-9.999545812606811523e-01,-9.999678134918212891e-01,-9.999990463256835938e-01,-9.999969601631164551e-01,9.999864101409912109e-01,9.999988675117492676e-01,9.999957084655761719e-01,-9.999989867210388184e-01,9.999989271163940430e-01,-9.999982118606567383e-01,9.999986886978149414e-01,9.999266266822814941e-01,-9.999992847442626953e-01,9.999977350234985352e-01,-9.999992847442626953e-01,9.999985694885253906e-01,9.999965429306030273e-01,9.999975562095642090e-01,9.999988675117492676e-01,-9.999976158142089844e-01,-9.999982714653015137e-01,9.999977946281433105e-01,9.999935626983642578e-01,9.999960064888000488e-01,-9.999803304672241211e-01,9.999936223030090332e-01
-9.999988079071044922e-01,9.999991059303283691e-01,9.999963641166687012e-01,-9.999981522560119629e-01,-9.999993443489074707e-01,9.999992251396179199e-01,-9.999964833259582520e-01,-9.999994039535522461e-01,9.999960064888000488e-01,-9.999990463256835938e-01,9.999993443489074707e-01,9.999992847442626953e-01,-9.999985694885253906e-01,-9.999989271163940430e-01,-9.999967217445373535e-01,-9.999958276748657227e-01,-9.999982118606567383e-01,9.999984502792358398e-01,-9.999947547912597656e-01,9.999994039535522461e-01,9.999993443489074707e-01,-9.999961256980895996e-01,-9.999991059303283691e-01,-9.999983310699462891e-01,-9.999927878379821777e-01,-9.999992847442626953e-01,9.999988675117492676e-01,9.999993443489074707e-01,-9.999943971633911133e-01,9.999977946281433105e-01,9.999938607215881348e-01,9.999986886978149414e-01,-9.999890327453613281e-01,-9.999965429306030273e-01,9.999986886978149414e-01,-9.999762773513793945e-01,-9.999993443489074707e-01,-9.999990463256835938e-01,-9.999898672103881836e-01,9.999992847442626953e-01,-9.999992251396179199e-01,-9.999918341636657715e-01,-9.999892711639404297e-01,-9.999993443489074707e-01,-9.999988079071044922e-01,-9.999986290931701660e-01,9.999955892562866211e-01,-9.999991655349731445e-01,-9.999991655349731445e-01,9.999990463256835938e-01,9.999992251396179199e-01,9.999992251396179199e-01,9.999992251396179199e-01,9.999955296516418457e-01,9.999992251396179199e-01,9.999986886978149414e-01,9.999738931655883789e-01,-9.999952316284179688e-01,-9.999963641166687012e-01,-9.999988675117492676e-01,9.999989271163940430e-01,-9.999994039535522461e-01,-9.999989867210388184e-01,-9.999969601631164551e-01,9.999958872795104980e-01,9.999993443489074707e-01,9.999994039535522461e-01,9.999970197677612305e-01,9.999993443489074707e-01,-9.999989271163940430e-01,9.999992251396179199e-01,-9.999975562095642090e-01,9.999939203262329102e-01,9.999958276748657227e-01,9.999902248382568359e-01,9.999989271163940430e-01,-9.999938011169433594e-01,-9.999992251396179199e-01,9.999960064888000488e-01,9.999967813491821289e-01,-9.999937415122985840e-01,-9.999985098838806152e-01,9.999993443489074707e-01,-9.999987483024597168e-01,9.999989271163940430e-01,9.999897480010986328e-01,6.633198857307434082e-01,-9.999993443489074707e-01,-9.999946951866149902e-01,-9.999918937683105469e-01,9.999957680702209473e-01,-9.999989867210388184e-01,9.999909400939941406e-01,9.999982118606567383e-01,-9.999982714653015137e-01,9.999986290931701660e-01,9.999914169311523438e-01,-9.999993443489074707e-01,9.999992251396179199e-01,-9.999982118606567383e-01,9.999979138374328613e-01,-9.999992847442626953e-01,-9.999588727951049805e-01,-9.999709129333496094e-01,-9.999992847442626953e-01,-9.999972581863403320e-01,9.999877214431762695e-01,9.999990463256835938e-01,9.999960064888000488e-01,-9.999990463256835938e-01,9.999991059303283691e-01,-9.999983310699462891e-01,9.999988079071044922e-01,9.999336600303649902e-01,-9.999993443489074707e-01,9.999979734420776367e-01,-9.999994635581970215e-01,9.999986886978149414e-01,9.999969601631164551e-01,9.999977946281433105e-01,9.999990463256835938e-01,-9.999979138374328613e-01,-9.999985098838806152e-01,9.999980330467224121e-01,9.999942779541015625e-01,9.999964237213134766e-01,-9.999821186065673828e-01,9.999943375587463379e-01
