9.976933002471923828e-01,6.598380208015441895e-01,-9.511722326278686523e-01,2.533167898654937744e-01,-8.416670560836791992e-01,9.137623310089111328e-01,9.109259247779846191e-01,-9.197770953178405762e-01,-7.192249894142150879e-01,9.121887683868408203e-01,-9.755290746688842773e-01,6.955676674842834473e-01,9.571941494941711426e-01,4.770515561103820801e-01,-1.911844760179519653e-01,-9.117630720138549805e-01,4.370877742767333984e-01,9.263138771057128906e-01,-8.709842562675476074e-01,-9.109039306640625000e-01,-9.479936957359313965e-01,-5.469931960105895996e-01,7.918727993965148926e-01,7.211753129959106445e-01,9.459213614463806152e-01,-7.416348457336425781e-01,9.316951632499694824e-01,9.640430808067321777e-01,-9.394485950469970703e-01,-1.271952241659164429e-01,8.840249180793762207e-01,-9.217856526374816895e-01,9.592816233634948730e-01,-2.520883977413177490e-01,-9.372860789299011230e-01,-9.728367924690246582e-01,-3.841513097286224365e-01,9.696109890937805176e-01,9.438894987106323242e-01,-9.688072204589843750e-01,-9.489998817443847656e-01,-1.458994001150131226e-01,9.232185482978820801e-01,9.204250574111938477e-01,-4.365019798278808594e-01,-8.969897627830505371e-01,-8.985375761985778809e-01,9.228691458702087402e-01,2.025932371616363525e-01,7.383090257644653320e-01,8.868061304092407227e-01,9.854583740234375000e-01,-3.507539629936218262e-01,-9.224888086318969727e-01,-8.782995939254760742e-01,9.217357039451599121e-01,8.892986178398132324e-01,6.078770756721496582e-01,-7.565282583236694336e-01,-1.311511248350143433e-01,-6.835784316062927246e-01,-7.263445854187011719e-01,9.167706966400146484e-01,-2.714049220085144043e-01,-7.017019987106323242e-01,-9.612601399421691895e-01,7.541548013687133789e-01,1.558655351400375366e-01,-9.457103013992309570e-01,9.606097340583801270e-01,-9.618932604789733887e-01,9.630378484725952148e-01,-9.630213975906372070e-01,-9.711250066757202148e-01,-9.295411705970764160e-01,5.173270776867866516e-02,-8.916847109794616699e-01,8.360366225242614746e-01,-7.448183298110961914e-01,-3.831264078617095947e-01,5.444254875183105469e-01,6.728166937828063965e-01,-9.731363058090209961e-01,7.731468677520751953e-01,-4.506972432136535645e-01,9.731792807579040527e-01,6.093518137931823730e-01,9.869030714035034180e-01,-9.458226561546325684e-01,-9.469080567359924316e-01,9.662105441093444824e-01,-9.800942540168762207e-01,-9.906489253044128418e-01,9.512627124786376953e-01,-9.230045080184936523e-01,1.497577279806137085e-01,-9.865812063217163086e-01,-9.110135436058044434e-01,4.471953213214874268e-01,9.692954421043395996e-01,-9.093605279922485352e-01,5.486705303192138672e-01,9.342589974403381348e-01,8.466147184371948242e-01,9.733218550682067871e-01,9.438681006431579590e-01,-9.633820652961730957e-01,-9.645924568176269531e-01,-6.653182506561279297e-01,-9.666761755943298340e-01,9.530416727066040039e-01,-9.691532850265502930e-01,9.600197672843933105e-01,8.013513088226318359e-01,-9.187641143798828125e-01,9.664012193679809570e-01,8.450059890747070312e-01,-9.696350693702697754e-01,8.662345409393310547e-01,8.410760164260864258e-01,-9.684959053993225098e-01,8.297107815742492676e-01,9.486425518989562988e-01,-8.891413211822509766e-01,-7.136217951774597168e-01,9.341248869895935059e-01,-9.720567464828491211e-01,1.989350467920303345e-01
6.598380208015441895e-01,9.936747550964355469e-01,-8.178696632385253906e-01,-5.171453356742858887e-01,-8.336927890777587891e-01,4.872699677944183350e-01,8.576939702033996582e-01,-7.659515738487243652e-01,-9.433138966560363770e-01,8.700972795486450195e-01,-6.359864473342895508e-01,-3.892797976732254028e-02,4.368964731693267822e-01,2.975324690341949463e-01,5.659459233283996582e-01,-8.754876852035522461e-01,9.307956695556640625e-01,4.067605435848236084e-01,-9.085973501205444336e-01,-7.253754138946533203e-01,-4.300382733345031738e-01,-9.703534841537475586e-01,1.630437970161437988e-01,1.117731928825378418e-01,8.026553988456726074e-01,-1.571816392242908478e-02,8.303341269493103027e-01,7.498024106025695801e-01,-8.347796201705932617e-01,-4.639144539833068848e-01,9.002729058265686035e-01,-3.825426399707794189e-01,8.141333460807800293e-01,5.227062702178955078e-01,-8.484145402908325195e-01,-6.610307097434997559e-01,-9.062902331352233887e-01,7.683479189872741699e-01,5.182197690010070801e-01,-6.103550195693969727e-01,-4.627855420112609863e-01,4.593285918235778809e-01,4.929109811782836914e-01,8.520687818527221680e-01,2.962813973426818848e-01,-8.980625271797180176e-01,-8.647153973579406738e-01,8.490217924118041992e-01,-5.273697972297668457e-01,1.218721419572830200e-01,8.512132167816162109e-01,7.071427106857299805e-01,-1.995574235916137695e-01,-8.356829881668090820e-01,-8.858464956283569336e-01,8.525470495223999023e-01,8.646489381790161133e-01,9.507688283920288086e-01,-5.908620357513427734e-01,5.235410332679748535e-01,-5.601996555924415588e-02,-9.687216281890869141e-01,8.663010001182556152e-01,4.985843598842620850e-01,6.673360476270318031e-04,-7.892834544181823730e-01,9.861832112073898315e-02,-5.773794054985046387e-01,-8.299694061279296875e-01,5.404006242752075195e-01,-7.721764445304870605e-01,5.546623468399047852e-01,-7.776117324829101562e-01,-5.323899984359741211e-01,-8.541492819786071777e-01,-6.071593165397644043e-01,-8.978337645530700684e-01,9.370416402816772461e-01,-7.282277345657348633e-01,4.122554957866668701e-01,-1.497727483510971069e-01,9.745149016380310059e-01,-5.795010328292846680e-01,9.692890644073486328e-01,3.184972107410430908e-01,7.852658033370971680e-01,9.570853710174560547e-01,6.663933396339416504e-01,-4.209188520908355713e-01,-8.048995733261108398e-01,7.406792044639587402e-01,-6.676025986671447754e-01,-6.951101422309875488e-01,4.806212186813354492e-01,-8.165436983108520508e-01,7.797619104385375977e-01,-7.138450741767883301e-01,-8.417484164237976074e-01,-3.301112353801727295e-01,5.762745141983032227e-01,-8.573868870735168457e-01,9.590931534767150879e-01,7.245275974273681641e-01,9.352683424949645996e-01,6.583124995231628418e-01,8.177618980407714844e-01,-6.895409822463989258e-01,-7.550678849220275879e-01,-9.856302738189697266e-01,-7.657002210617065430e-01,4.605000019073486328e-01,-7.723882198333740234e-01,7.125059962272644043e-01,9.236142039299011230e-01,-8.191241025924682617e-01,7.342162728309631348e-01,2.526914775371551514e-01,-5.578216314315795898e-01,4.495567679405212402e-01,9.440714120864868164e-01,-7.046222090721130371e-01,9.279820322990417480e-01,4.531869888305664062e-01,-8.313685059547424316e-01,-1.954806745052337646e-01,4.247244298458099365e-01,-6.007813215255737305e-01,-4.859287142753601074e-01
-9.511722326278686523e-01,-8.178696632385253906e-01,9.963434934616088867e-01,-3.797560185194015503e-02,9.268259406089782715e-01,-8.664315342903137207e-01,-9.863694906234741211e-01,9.686121940612792969e-01,8.680149316787719727e-01,-9.841755032539367676e-01,9.553491473197937012e-01,-5.231249332427978516e-01,-8.532987236976623535e-01,-3.709692358970642090e-01,-3.185014426708221436e-02,9.715687632560729980e-01,-6.569401025772094727e-01,-8.461210131645202637e-01,9.641304016113281250e-01,9.616435766220092773e-01,8.366557955741882324e-01,7.315949797630310059e-01,-6.786206364631652832e-01,-6.153171062469482422e-01,-9.877966046333312988e-01,5.651022791862487793e-01,-9.886397123336791992e-01,-9.555985331535339355e-01,9.602295756340026855e-01,3.202565014362335205e-01,-9.742254614830017090e-01,8.122637867927551270e-01,-9.914587736129760742e-01,1.777290366590023041e-02,9.894784688949584961e-01,9.654579162597656250e-01,5.796905755996704102e-01,-9.904099702835083008e-01,-8.960608243942260742e-01,9.412823915481567383e-01,8.758936524391174316e-01,2.764665149152278900e-02,-8.878073692321777344e-01,-9.888351559638977051e-01,2.763424217700958252e-01,9.773865938186645508e-01,9.641485810279846191e-01,-9.853720664978027344e-01,-1.791192963719367981e-02,-6.115539669990539551e-01,-9.086738824844360352e-01,-9.755120277404785156e-01,3.719909787178039551e-01,9.777533411979675293e-01,9.493302702903747559e-01,-9.752291440963745117e-01,-9.668273925781250000e-01,-7.465654611587524414e-01,8.026959896087646484e-01,-2.247035317122936249e-02,5.413911342620849609e-01,8.803430795669555664e-01,-9.796069264411926270e-01,5.054874718189239502e-02,5.534051656723022461e-01,9.872077107429504395e-01,-6.262822151184082031e-01,6.507926434278488159e-02,9.911320209503173828e-01,-9.166476130485534668e-01,9.887388348579406738e-01,-9.099388718605041504e-01,9.859200119972229004e-01,9.139604568481445312e-01,9.864090681076049805e-01,1.132986173033714294e-01,9.724528193473815918e-01,-9.414200782775878906e-01,7.666256427764892578e-01,1.689373105764389038e-01,-4.017460644245147705e-01,-8.210016489028930664e-01,9.338248968124389648e-01,-9.020783901214599609e-01,2.573187053203582764e-01,-9.827144742012023926e-01,-7.974117398262023926e-01,-9.655661582946777344e-01,8.530520796775817871e-01,9.809587597846984863e-01,-9.834985733032226562e-01,9.529221057891845703e-01,9.646258950233459473e-01,-8.865905404090881348e-01,9.856529831886291504e-01,-3.801871240139007568e-01,9.783492684364318848e-01,9.665600061416625977e-01,-2.482185065746307373e-01,-9.347735047340393066e-01,9.829499721527099609e-01,-7.347820401191711426e-01,-9.670990705490112305e-01,-9.476714134216308594e-01,-9.653918147087097168e-01,-9.748149514198303223e-01,9.705260396003723145e-01,9.871665239334106445e-01,8.200857043266296387e-01,9.883813858032226562e-01,-8.726891875267028809e-01,9.887019395828247070e-01,-9.765031933784484863e-01,-8.983836174011230469e-01,9.745382070541381836e-01,-9.833353161811828613e-01,-7.481592893600463867e-01,9.218541383743286133e-01,-8.422582745552062988e-01,-9.412928223609924316e-01,9.549118280410766602e-01,-9.226713180541992188e-01,-8.681945800781250000e-01,9.476465582847595215e-01,6.560314297676086426e-01,-8.555461764335632324e-01,9.412289261817932129e-01,3.384491428732872009e-02
2.533167898654937744e-01,-5.171453356742858887e-01,-3.797560185194015503e-02,9.963105916976928711e-01,6.206906586885452271e-02,4.447147846221923828e-01,-3.612164780497550964e-02,-8.511710911989212036e-02,3.556030392646789551e-01,-6.257619708776473999e-02,-2.878525555133819580e-01,8.531621098518371582e-01,5.075137615203857422e-01,9.226316586136817932e-03,-9.467111229896545410e-01,1.016944348812103271e-01,-6.616335511207580566e-01,5.463756322860717773e-01,1.658847630023956299e-01,-1.609054058790206909e-01,-4.893217384815216064e-01,6.293615698814392090e-01,7.325029969215393066e-01,7.511854767799377441e-01,4.438569024205207825e-02,-8.166324496269226074e-01,-1.218158472329378128e-02,8.246993273496627808e-02,4.099678248167037964e-02,3.209412097930908203e-01,-1.340851634740829468e-01,-5.597071647644042969e-01,3.584923222661018372e-02,-9.654944539070129395e-01,2.735625579953193665e-02,-2.653049826622009277e-01,6.915528774261474609e-01,1.159401088953018188e-01,4.096710085868835449e-01,-3.343012332916259766e-01,-4.976204931735992432e-01,-8.450285196304321289e-01,4.636595249176025391e-01,-3.587890416383743286e-02,-9.367775321006774902e-01,1.374605596065521240e-01,1.067932844161987305e-01,-3.804867342114448547e-02,9.486687779426574707e-01,7.254016995429992676e-01,-1.262137442827224731e-01,2.067742198705673218e-01,-1.278174817562103271e-01,4.071684926748275757e-02,1.515839993953704834e-01,-6.282716989517211914e-02,-1.028486043214797974e-01,-5.824065804481506348e-01,-1.907699704170227051e-01,-8.709003329277038574e-01,-7.380122542381286621e-01,4.113059043884277344e-01,-7.467749714851379395e-02,-9.703570008277893066e-01,-8.416357636451721191e-01,-7.308327406644821167e-02,7.633352875709533691e-01,9.519635438919067383e-01,-8.495168760418891907e-03,4.141192436218261719e-01,-1.087509617209434509e-01,3.727814257144927979e-01,-8.273901790380477905e-02,-4.234091043472290039e-01,4.598720371723175049e-02,8.358212709426879883e-01,1.439030468463897705e-01,-2.663086354732513428e-01,1.203383877873420715e-01,-9.658202528953552246e-01,8.766615390777587891e-01,-5.078613162040710449e-01,-3.698422610759735107e-01,-3.708482980728149414e-01,-9.536392092704772949e-01,8.220665156841278076e-02,-4.912870228290557861e-01,2.567355334758758545e-01,-5.284974575042724609e-01,-5.353470891714096069e-02,1.484638750553131104e-01,-2.380590736865997314e-01,-2.198966145515441895e-01,4.787798821926116943e-01,-1.706905849277973175e-02,-7.903872132301330566e-01,-2.003962546586990356e-01,5.926961451768875122e-02,9.532299041748046875e-01,3.697576224803924561e-01,6.214264407753944397e-02,-6.206802725791931152e-01,1.436449289321899414e-01,-2.458874434232711792e-01,2.733411788940429688e-01,1.329988520592451096e-02,-2.346748113632202148e-01,-1.333516240119934082e-01,5.141243338584899902e-01,-1.148014217615127563e-01,4.949405193328857422e-01,-1.141877546906471252e-01,1.983629614114761353e-01,-2.941489815711975098e-01,5.221437662839889526e-03,1.654189676046371460e-01,6.708669066429138184e-01,-3.875282406806945801e-01,4.660176634788513184e-01,-2.714729309082031250e-01,-1.728371679782867432e-01,-2.754525244235992432e-01,5.056630373001098633e-01,3.779612854123115540e-02,-6.049190163612365723e-01,5.196847319602966309e-01,-3.312325477600097656e-01,8.688954710960388184e-01
-8.416670560836791992e-01,-8.336927890777587891e-01,9.268259406089782715e-01,6.206906586885452271e-02,9.876932501792907715e-01,-7.764545083045959473e-01,-9.436529874801635742e-01,8.891264796257019043e-01,9.223434329032897949e-01,-9.231766462326049805e-01,8.355298638343811035e-01,-3.874294757843017578e-01,-7.235264182090759277e-01,-1.912020742893218994e-01,-1.525701731443405151e-01,8.961957693099975586e-01,-6.946222782135009766e-01,-7.188459634780883789e-01,9.332641959190368652e-01,9.124343991279602051e-01,6.834074854850769043e-01,7.411960363388061523e-01,-5.919231176376342773e-01,-5.058520436286926270e-01,-8.959268927574157715e-01,4.421451687812805176e-01,-9.121370315551757812e-01,-8.417134284973144531e-01,8.663854002952575684e-01,4.091233313083648682e-01,-9.355100989341735840e-01,7.014244198799133301e-01,-9.017339348793029785e-01,-1.153332442045211792e-01,9.288665056228637695e-01,8.644133806228637695e-01,6.304908990859985352e-01,-9.016470909118652344e-01,-7.786478400230407715e-01,8.502553701400756836e-01,7.764723896980285645e-01,2.706593088805675507e-02,-8.096106648445129395e-01,-9.211055040359497070e-01,1.568221002817153931e-01,9.210279583930969238e-01,8.902559280395507812e-01,-9.057145714759826660e-01,1.127521023154258728e-01,-4.663085043430328369e-01,-8.696039319038391113e-01,-8.740027546882629395e-01,2.308487296104431152e-01,8.938727378845214844e-01,8.898983597755432129e-01,-8.892518281936645508e-01,-9.194723367691040039e-01,-7.476361393928527832e-01,6.922073960304260254e-01,-1.118083819746971130e-01,4.754106104373931885e-01,8.681800365447998047e-01,-9.030185937881469727e-01,-5.595504865050315857e-02,4.432716071605682373e-01,8.983629345893859863e-01,-4.912079572677612305e-01,1.565487682819366455e-01,9.158949851989746094e-01,-8.047305345535278320e-01,9.073169231414794922e-01,-7.758353948593139648e-01,8.907010555267333984e-01,7.985456585884094238e-01,9.069316387176513672e-01,2.415603399276733398e-01,9.073539376258850098e-01,-9.037535190582275391e-01,6.812934279441833496e-01,2.688265964388847351e-02,-3.042885065078735352e-01,-8.149818778038024902e-01,8.279874920845031738e-01,-8.639863729476928711e-01,1.326673477888107300e-01,-9.110847115516662598e-01,-8.082891106605529785e-01,-8.700106143951416016e-01,7.312652468681335449e-01,8.968623876571655273e-01,-8.915002346038818359e-01,8.238965868949890137e-01,8.650304079055786133e-01,-7.719993591308593750e-01,9.046137928962707520e-01,-4.275234341621398926e-01,8.904411196708679199e-01,8.840612173080444336e-01,-9.795922785997390747e-02,-8.187192082405090332e-01,9.314192533493041992e-01,-7.397575378417968750e-01,-8.811435699462890625e-01,-9.014621973037719727e-01,-8.625736832618713379e-01,-9.238545894622802734e-01,8.866071105003356934e-01,9.009994864463806152e-01,8.132503628730773926e-01,8.947809338569641113e-01,-7.515926957130432129e-01,9.243162870407104492e-01,-8.926980495452880859e-01,-9.005550146102905273e-01,8.965790867805480957e-01,-8.971245288848876953e-01,-6.379910111427307129e-01,7.901974916458129883e-01,-7.718451619148254395e-01,-8.985731005668640137e-01,8.367184996604919434e-01,-8.422325253486633301e-01,-7.510570883750915527e-01,8.540354967117309570e-01,5.881079435348510742e-01,-7.212942242622375488e-01,8.217418193817138672e-01,8.808488398790359497e-02
9.137623310089111328e-01,4.872699677944183350e-01,-8.664315342903137207e-01,4.447147846221923828e-01,-7.764545083045959473e-01,9.962432980537414551e-01,8.365421891212463379e-01,-8.348181247711181641e-01,-6.103742122650146484e-01,8.260185718536376953e-01,-9.368101358413696289e-01,8.134251236915588379e-01,9.474261403083801270e-01,2.630091309547424316e-01,-3.677194118499755859e-01,-7.798507213592529297e-01,3.084637522697448730e-01,9.655440449714660645e-01,-7.375306487083435059e-01,-8.858302831649780273e-01,-9.156250357627868652e-01,-3.689917623996734619e-01,8.875577449798583984e-01,8.736348748207092285e-01,8.588709235191345215e-01,-8.169571757316589355e-01,8.295966386795043945e-01,8.326482772827148438e-01,-8.214471936225891113e-01,-2.235106378793716431e-01,7.765398621559143066e-01,-9.378970265388488770e-01,8.560296297073364258e-01,-4.408203661441802979e-01,-8.250783681869506836e-01,-9.241962432861328125e-01,-2.570449709892272949e-01,8.897427320480346680e-01,9.010080099105834961e-01,-9.687163233757019043e-01,-9.538288116455078125e-01,-3.668033480644226074e-01,9.601717591285705566e-01,8.345372080802917480e-01,-6.387277245521545410e-01,-7.675240635871887207e-01,-7.763674855232238770e-01,8.192678689956665039e-01,4.162299931049346924e-01,8.870101571083068848e-01,7.518603801727294922e-01,9.273906946182250977e-01,-2.447243779897689819e-01,-8.190097212791442871e-01,-7.712936401367187500e-01,7.855938076972961426e-01,7.731043696403503418e-01,3.597013056278228760e-01,-8.175266981124877930e-01,-3.332822918891906738e-01,-8.079794645309448242e-01,-5.864174962043762207e-01,8.093157410621643066e-01,-4.709929823875427246e-01,-8.275213241577148438e-01,-8.569307327270507812e-01,8.849496841430664062e-01,3.876819610595703125e-01,-8.498789072036743164e-01,9.629257917404174805e-01,-9.126003980636596680e-01,9.087715148925781250e-01,-8.588086366653442383e-01,-9.568641185760498047e-01,-8.165106773376464844e-01,2.081848382949829102e-01,-7.562595009803771973e-01,6.804766654968261719e-01,-7.002272605895996094e-01,-5.506108999252319336e-01,7.584428787231445312e-01,4.653858244419097900e-01,-9.620584845542907715e-01,6.176943778991699219e-01,-6.444441676139831543e-01,8.791206479072570801e-01,5.053326487541198730e-01,9.258781075477600098e-01,-9.588330984115600586e-01,-8.837626576423645020e-01,8.833773136138916016e-01,-9.234288930892944336e-01,-9.198082685470581055e-01,9.693192839622497559e-01,-8.467972278594970703e-01,9.095613495446741581e-04,-9.191041588783264160e-01,-7.904672026634216309e-01,6.153280138969421387e-01,9.540880918502807617e-01,-8.105003237724304199e-01,3.477288186550140381e-01,8.720148205757141113e-01,6.958320140838623047e-01,9.406615495681762695e-01,8.660569190979003906e-01,-9.357611536979675293e-01,-8.909627795219421387e-01,-4.861719906330108643e-01,-8.836106657981872559e-01,9.680777788162231445e-01,-8.908230662345886230e-01,9.299901723861694336e-01,6.116836667060852051e-01,-8.031226992607116699e-01,9.042145013809204102e-01,9.295008778572082520e-01,-9.521768093109130859e-01,8.762044906616210938e-01,6.837083101272583008e-01,-8.965957760810852051e-01,6.580157279968261719e-01,9.692198038101196289e-01,-8.334515094757080078e-01,-7.807111144065856934e-01,9.652667045593261719e-01,-9.293491244316101074e-01,4.023180305957794189e-01
9.109259247779846191e-01,8.576939702033996582e-01,-9.863694906234741211e-01,-3.612164780497550964e-02,-9.436529874801635742e-01,8.365421891212463379e-01,9.966841936111450195e-01,-9.603322148323059082e-01,-9.051176905632019043e-01,9.890359640121459961e-01,-9.221979975700378418e-01,4.497286081314086914e-01,7.949299812316894531e-01,3.061579167842864990e-01,1.167198792099952698e-01,-9.660704731941223145e-01,7.261821031570434570e-01,7.993838191032409668e-01,-9.733635783195495605e-01,-9.618636369705200195e-01,-7.735337018966674805e-01,-7.822636961936950684e-01,6.266148686408996582e-01,5.734783411026000977e-01,9.752826094627380371e-01,-4.879978597164154053e-01,9.813528060913085938e-01,9.230879545211791992e-01,-9.457156658172607422e-01,-3.973928689956665039e-01,9.847031235694885254e-01,-7.522277832031250000e-01,9.763622283935546875e-01,6.470336765050888062e-02,-9.828602075576782227e-01,-9.369344711303710938e-01,-6.515734195709228516e-01,9.717109799385070801e-01,8.521211147308349609e-01,-9.158947467803955078e-01,-8.317487239837646484e-01,1.391068380326032639e-02,8.589086532592773438e-01,9.892737269401550293e-01,-2.141264975070953369e-01,-9.815194010734558105e-01,-9.647146463394165039e-01,9.840124845504760742e-01,-4.492537304759025574e-02,5.656182169914245605e-01,9.005134701728820801e-01,9.478723406791687012e-01,-3.481079339981079102e-01,-9.670712947845458984e-01,-9.510997533798217773e-01,9.671919345855712891e-01,9.716569185256958008e-01,7.700651884078979492e-01,-8.191225528717041016e-01,7.054236531257629395e-02,-4.824434220790863037e-01,-9.154009819030761719e-01,9.772484302520751953e-01,2.426405996084213257e-02,-4.897827506065368652e-01,-9.683114886283874512e-01,5.725157260894775391e-01,-1.350990831851959229e-01,-9.816927909851074219e-01,8.814398050308227539e-01,-9.765906929969787598e-01,8.639738559722900391e-01,-9.653375148773193359e-01,-8.706196546554565430e-01,-9.796100258827209473e-01,-1.855080872774124146e-01,-9.748669862747192383e-01,9.508628845214843750e-01,-7.710823416709899902e-01,-8.535774797201156616e-02,3.489440381526947021e-01,8.510487675666809082e-01,-8.965582847595214844e-01,9.251803159713745117e-01,-1.903356164693832397e-01,9.605725407600402832e-01,8.562950491905212402e-01,9.299302101135253906e-01,-8.007174134254455566e-01,-9.718948006629943848e-01,9.610221982002258301e-01,-9.205058217048645020e-01,-9.339719414710998535e-01,8.460053801536560059e-01,-9.837063550949096680e-01,4.587826132774353027e-01,-9.516785144805908203e-01,-9.595994353294372559e-01,1.747964620590209961e-01,8.975946903228759766e-01,-9.842628836631774902e-01,7.779904007911682129e-01,9.514838457107543945e-01,9.598455429077148438e-01,9.380856752395629883e-01,9.645133018493652344e-01,-9.537032842636108398e-01,-9.692997932434082031e-01,-8.576868772506713867e-01,-9.697993397712707520e-01,8.245112895965576172e-01,-9.716731309890747070e-01,9.623931050300598145e-01,9.114426970481872559e-01,-9.712900519371032715e-01,9.656764268875122070e-01,6.992374062538146973e-01,-8.825742006301879883e-01,8.126500248908996582e-01,9.515874981880187988e-01,-9.286477565765380859e-01,9.302948713302612305e-01,8.237163424491882324e-01,-9.534751176834106445e-01,-6.178955435752868652e-01,8.090948462486267090e-01,-9.041734337806701660e-01,-1.028483286499977112e-01
-9.197770953178405762e-01,-7.659515738487243652e-01,9.686121940612792969e-01,-8.511710911989212036e-02,8.891264796257019043e-01,-8.348181247711181641e-01,-9.603322148323059082e-01,9.971519112586975098e-01,8.157079815864562988e-01,-9.570760130882263184e-01,9.531735777854919434e-01,-5.450544357299804688e-01,-8.319026231765747070e-01,-3.294375836849212646e-01,2.933607436716556549e-02,9.545897841453552246e-01,-6.319000124931335449e-01,-8.499037027359008789e-01,9.482191205024719238e-01,9.685102105140686035e-01,8.318655490875244141e-01,6.915364861488342285e-01,-7.043538689613342285e-01,-6.365541815757751465e-01,-9.787076115608215332e-01,5.725972652435302734e-01,-9.762556552886962891e-01,-9.401320815086364746e-01,9.013971686363220215e-01,2.669648230075836182e-01,-9.543594121932983398e-01,8.025217652320861816e-01,-9.678547978401184082e-01,3.246140480041503906e-02,9.613641500473022461e-01,9.606105685234069824e-01,5.083687901496887207e-01,-9.680496454238891602e-01,-9.247933626174926758e-01,9.139400124549865723e-01,8.729251623153686523e-01,9.518175572156906128e-02,-8.934823274612426758e-01,-9.629623293876647949e-01,3.370981812477111816e-01,9.516504406929016113e-01,9.386126399040222168e-01,-9.740130901336669922e-01,-9.151252359151840210e-02,-6.112214922904968262e-01,-8.270971179008483887e-01,-9.464662075042724609e-01,4.728564321994781494e-01,9.627819657325744629e-01,9.001852273941040039e-01,-9.656291604042053223e-01,-9.483398795127868652e-01,-7.045553922653198242e-01,7.889115214347839355e-01,6.973346322774887085e-02,4.966141879558563232e-01,8.510075807571411133e-01,-9.433665275573730469e-01,6.694563478231430054e-02,5.866128802299499512e-01,9.672425985336303711e-01,-6.435278058052062988e-01,5.903360620141029358e-02,9.647327065467834473e-01,-9.134898185729980469e-01,9.551149606704711914e-01,-9.235418438911437988e-01,9.752442240715026855e-01,9.067974686622619629e-01,9.606506228446960449e-01,-3.464945126324892044e-03,9.516373872756958008e-01,-9.160658121109008789e-01,6.757362484931945801e-01,2.042876332998275757e-01,-4.299032390117645264e-01,-7.889363765716552734e-01,9.202755689620971680e-01,-8.654904365539550781e-01,2.882030606269836426e-01,-9.374146461486816406e-01,-7.687379121780395508e-01,-9.448538422584533691e-01,8.467395305633544922e-01,9.501688480377197266e-01,-9.812524914741516113e-01,9.391416311264038086e-01,9.366903901100158691e-01,-8.804196119308471680e-01,9.838747382164001465e-01,-3.581033349037170410e-01,9.521113038063049316e-01,9.311634302139282227e-01,-3.020669519901275635e-01,-9.286572337150573730e-01,9.640136957168579102e-01,-7.159625887870788574e-01,-9.781105518341064453e-01,-9.210320711135864258e-01,-9.521585702896118164e-01,-9.233976602554321289e-01,9.615916609764099121e-01,9.821749329566955566e-01,7.849155664443969727e-01,9.720543026924133301e-01,-8.601074218750000000e-01,9.645092487335205078e-01,-9.606577754020690918e-01,-8.617618083953857422e-01,9.728826880455017090e-01,-9.759379029273986816e-01,-7.627342939376831055e-01,9.228398203849792480e-01,-8.869929909706115723e-01,-9.043298363685607910e-01,9.308063983917236328e-01,-9.026791453361511230e-01,-8.580095767974853516e-01,9.142597913742065430e-01,7.315449118614196777e-01,-8.583641052246093750e-01,9.411398172378540039e-01,8.717290312051773071e-02
-7.192249894142150879e-01,-9.433138966560363770e-01,8.680149316787719727e-01,3.556030392646789551e-01,9.223434329032897949e-01,-6.103742122650146484e-01,-9.051176905632019043e-01,8.157079815864562988e-01,9.941672682762145996e-01,-8.954517841339111328e-01,7.117736935615539551e-01,-1.038837507367134094e-01,-5.306779146194458008e-01,-1.405856907367706299e-01,-4.350080490112304688e-01,8.820379376411437988e-01,-8.712764382362365723e-01,-5.180671811103820801e-01,9.364013075828552246e-01,8.133877515792846680e-01,5.043144822120666504e-01,8.939279913902282715e-01,-3.288960754871368408e-01,-2.440392971038818359e-01,-8.443222045898437500e-01,1.694059818983078003e-01,-8.682854175567626953e-01,-7.760589718818664551e-01,8.398016095161437988e-01,4.858205914497375488e-01,-9.278622269630432129e-01,4.893116652965545654e-01,-8.482514023780822754e-01,-3.992519676685333252e-01,8.934245705604553223e-01,7.392078042030334473e-01,8.104535341262817383e-01,-8.223902583122253418e-01,-6.125998497009277344e-01,7.094263434410095215e-01,5.853485465049743652e-01,-2.520071268081665039e-01,-6.226834654808044434e-01,-8.891497850418090820e-01,-1.390864402055740356e-01,9.156543612480163574e-01,8.811185956001281738e-01,-8.654322624206542969e-01,3.965550363063812256e-01,-2.293357551097869873e-01,-8.673049807548522949e-01,-7.693106532096862793e-01,1.878659278154373169e-01,8.582661747932434082e-01,8.904026746749877930e-01,-8.626234531402587891e-01,-8.997963666915893555e-01,-8.876460790634155273e-01,5.995532274246215820e-01,-3.735310137271881104e-01,2.060537040233612061e-01,9.498650431632995605e-01,-8.862039446830749512e-01,-3.493740856647491455e-01,1.575364321470260620e-01,8.351510167121887207e-01,-2.323526889085769653e-01,4.413419961929321289e-01,8.671916723251342773e-01,-6.403479576110839844e-01,8.320147991180419922e-01,-6.224651932716369629e-01,8.203566074371337891e-01,6.325774192810058594e-01,8.775479793548583984e-01,4.880481958389282227e-01,9.061799645423889160e-01,-9.387727975845336914e-01,6.888129115104675293e-01,-2.655096948146820068e-01,-2.701387554407119751e-02,-9.290550947189331055e-01,6.713766455650329590e-01,-9.334831237792968750e-01,-1.591529101133346558e-01,-8.378906250000000000e-01,-9.147801995277404785e-01,-7.473049163818359375e-01,5.327298641204833984e-01,8.321031928062438965e-01,-8.006578087806701660e-01,7.167984247207641602e-01,7.532596588134765625e-01,-5.876606702804565430e-01,8.558477163314819336e-01,-6.390812397003173828e-01,7.841473817825317383e-01,8.677504062652587891e-01,1.932959407567977905e-01,-6.691792607307434082e-01,9.041072130203247070e-01,-8.882976174354553223e-01,-7.988746166229248047e-01,-9.294439554214477539e-01,-7.404407858848571777e-01,-8.817570209503173828e-01,7.678177356719970703e-01,8.148309588432312012e-01,9.231202602386474609e-01,8.165081739425659180e-01,-5.641738176345825195e-01,8.394885659217834473e-01,-7.879124879837036133e-01,-9.454453587532043457e-01,8.502081632614135742e-01,-8.071850538253784180e-01,-3.982787728309631348e-01,6.364866495132446289e-01,-5.793257355690002441e-01,-9.371711611747741699e-01,7.385710477828979492e-01,-8.831501007080078125e-01,-5.589094161987304688e-01,8.291347622871398926e-01,3.739700615406036377e-01,-5.293958187103271484e-01,6.819007992744445801e-01,3.479053974151611328e-01
9.121887683868408203e-01,8.700972795486450195e-01,-9.841755032539367676e-01,-6.257619708776473999e-02,-9.231766462326049805e-01,8.260185718536376953e-01,9.890359640121459961e-01,-9.570760130882263184e-01,-8.954517841339111328e-01,9.949052929878234863e-01,-9.208553433418273926e-01,4.340206682682037354e-01,7.918403744697570801e-01,3.615111410617828369e-01,1.239084601402282715e-01,-9.807381629943847656e-01,7.414404153823852539e-01,7.908546328544616699e-01,-9.730654954910278320e-01,-9.408280849456787109e-01,-7.822440862655639648e-01,-7.981138229370117188e-01,5.958160758018493652e-01,5.526106953620910645e-01,9.812161326408386230e-01,-4.622564613819122314e-01,9.799861311912536621e-01,9.326639175415039062e-01,-9.586302042007446289e-01,-3.778247237205505371e-01,9.856773614883422852e-01,-7.499885559082031250e-01,9.820067286491394043e-01,7.520253956317901611e-02,-9.806373119354248047e-01,-9.291313290596008301e-01,-6.747060418128967285e-01,9.710711836814880371e-01,8.404881954193115234e-01,-9.032284021377563477e-01,-8.140033483505249023e-01,7.703790068626403809e-02,8.354326486587524414e-01,9.900717735290527344e-01,-1.880731135606765747e-01,-9.826715588569641113e-01,-9.624391198158264160e-01,9.860740303993225098e-01,-7.217204570770263672e-02,5.613655447959899902e-01,9.148416519165039062e-01,9.487831592559814453e-01,-3.268965482711791992e-01,-9.742178916931152344e-01,-9.643538594245910645e-01,9.723932743072509766e-01,9.627104401588439941e-01,7.859254479408264160e-01,-8.115020990371704102e-01,1.108684837818145752e-01,-4.600370228290557861e-01,-9.204871654510498047e-01,9.843793511390686035e-01,5.367734655737876892e-02,-4.671313464641571045e-01,-9.705350995063781738e-01,5.504905581474304199e-01,-1.529227495193481445e-01,-9.852815866470336914e-01,8.695217370986938477e-01,-9.758123159408569336e-01,8.630730509757995605e-01,-9.668434858322143555e-01,-8.631681799888610840e-01,-9.850382208824157715e-01,-2.116127610206604004e-01,-9.797894358634948730e-01,9.568988084793090820e-01,-8.082487583160400391e-01,-6.433515995740890503e-02,3.269664645195007324e-01,8.613132834434509277e-01,-8.899394273757934570e-01,9.403322935104370117e-01,-1.652932912111282349e-01,9.641449451446533203e-01,8.610516786575317383e-01,9.264192581176757812e-01,-7.910668253898620605e-01,-9.806254506111145020e-01,9.587929844856262207e-01,-9.298083186149597168e-01,-9.371248483657836914e-01,8.333786725997924805e-01,-9.840104579925537109e-01,4.822428524494171143e-01,-9.488364458084106445e-01,-9.628232121467590332e-01,1.572659015655517578e-01,8.912550210952758789e-01,-9.789334535598754883e-01,7.912723422050476074e-01,9.402071833610534668e-01,9.659516811370849609e-01,9.334293007850646973e-01,9.650231003761291504e-01,-9.442174434661865234e-01,-9.675223231315612793e-01,-8.739395737648010254e-01,-9.702403545379638672e-01,8.183512687683105469e-01,-9.678446054458618164e-01,9.531001448631286621e-01,9.051853418350219727e-01,-9.620199799537658691e-01,9.597665071487426758e-01,6.730179786682128906e-01,-8.819881081581115723e-01,7.834789156913757324e-01,9.618428945541381836e-01,-9.297847747802734375e-01,9.483411908149719238e-01,8.148895502090454102e-01,-9.699068665504455566e-01,-5.779772400856018066e-01,8.004863262176513672e-01,-8.966951966285705566e-01,-1.158947795629501343e-01
-9.755290746688842773e-01,-6.359864473342895508e-01,9.553491473197937012e-01,-2.878525555133819580e-01,8.355298638343811035e-01,-9.368101358413696289e-01,-9.221979975700378418e-01,9.531735777854919434e-01,7.117736935615539551e-01,-9.208553433418273926e-01,9.983518123626708984e-01,-7.232208847999572754e-01,-9.463102817535400391e-01,-3.976614773273468018e-01,2.299868017435073853e-01,9.111875891685485840e-01,-4.581304788589477539e-01,-9.526427984237670898e-01,8.731277585029602051e-01,9.440668821334838867e-01,9.430246949195861816e-01,5.358996987342834473e-01,-8.280224204063415527e-01,-7.680763006210327148e-01,-9.635966420173645020e-01,7.459781169891357422e-01,-9.444655179977416992e-01,-9.510617852210998535e-01,9.091963768005371094e-01,1.894455701112747192e-01,-8.910774588584899902e-01,9.166274666786193848e-01,-9.579639434814453125e-01,2.701516747474670410e-01,9.326125979423522949e-01,9.874657392501831055e-01,3.628376424312591553e-01,-9.733392596244812012e-01,-9.693958163261413574e-01,9.776763916015625000e-01,9.563444852828979492e-01,2.164442241191864014e-01,-9.543842077255249023e-01,-9.318172931671142578e-01,5.075214505195617676e-01,8.951988220214843750e-01,8.963227272033691406e-01,-9.344844818115234375e-01,-2.760562598705291748e-01,-7.764965295791625977e-01,-8.323539495468139648e-01,-9.835795164108276367e-01,4.121381640434265137e-01,9.337272644042968750e-01,8.728194832801818848e-01,-9.221217036247253418e-01,-8.934988379478454590e-01,-5.647797584533691406e-01,8.017435669898986816e-01,2.071433961391448975e-01,6.852990388870239258e-01,7.339001297950744629e-01,-9.151334166526794434e-01,2.897499799728393555e-01,7.414811849594116211e-01,9.597405791282653809e-01,-7.957348823547363281e-01,-1.750194132328033447e-01,9.465659260749816895e-01,-9.802398085594177246e-01,9.706134200096130371e-01,-9.724836945533752441e-01,9.665043950080871582e-01,9.807636141777038574e-01,9.297323226928710938e-01,-1.407527178525924683e-01,8.911988735198974609e-01,-8.318120241165161133e-01,7.239109873771667480e-01,4.203396439552307129e-01,-6.074597835540771484e-01,-6.519994139671325684e-01,9.857560396194458008e-01,-7.672001719474792480e-01,4.947208166122436523e-01,-9.531326889991760254e-01,-6.278177499771118164e-01,-9.861754179000854492e-01,9.540338516235351562e-01,9.489079117774963379e-01,-9.792647361755371094e-01,9.871953725814819336e-01,9.784265756607055664e-01,-9.682241678237915039e-01,9.501644968986511230e-01,-1.578747332096099854e-01,9.822104573249816895e-01,9.054719805717468262e-01,-4.958822727203369141e-01,-9.883739352226257324e-01,9.190705418586730957e-01,-5.476270914077758789e-01,-9.620648026466369629e-01,-8.404949307441711426e-01,-9.897426366806030273e-01,-9.305282831192016602e-01,9.821945428848266602e-01,9.784738421440124512e-01,6.532715559005737305e-01,9.730025529861450195e-01,-9.600446224212646484e-01,9.676489830017089844e-01,-9.811948537826538086e-01,-7.705241441726684570e-01,9.283009767532348633e-01,-9.807573556900024414e-01,-8.822579979896545410e-01,9.889026880264282227e-01,-9.121162891387939453e-01,-8.281959295272827148e-01,9.645921587944030762e-01,-8.244603276252746582e-01,-9.576016664505004883e-01,8.995361328125000000e-01,7.871026992797851562e-01,-9.591814279556274414e-01,9.858532547950744629e-01,-1.675260215997695923e-01
6.955676674842834473e-01,-3.892797976732254028e-02,-5.231249332427978516e-01,8.531621098518371582e-01,-3.874294757843017578e-01,8.134251236915588379e-01,4.497286081314086914e-01,-5.450544357299804688e-01,-1.038837507367134094e-01,4.340206682682037354e-01,-7.232208847999572754e-01,9.984917044639587402e-01,8.638386130332946777e-01,2.319373339414596558e-01,-8.099341392517089844e-01,-4.020720124244689941e-01,-2.465160787105560303e-01,8.889779448509216309e-01,-3.279166817665100098e-01,-5.968204140663146973e-01,-8.442142605781555176e-01,1.712634265422821045e-01,9.489883780479431152e-01,9.471671581268310547e-01,5.279545783996582031e-01,-9.715169668197631836e-01,4.812794327735900879e-01,5.566204190254211426e-01,-4.566925764083862305e-01,1.463040858507156372e-01,3.649528920650482178e-01,-8.879220485687255859e-01,5.240287184715270996e-01,-8.397201299667358398e-01,-4.621554613113403320e-01,-7.003296613693237305e-01,3.026864826679229736e-01,5.881664752960205078e-01,7.905125021934509277e-01,-7.505989074707031250e-01,-8.498440384864807129e-01,-7.106218934059143066e-01,8.251445889472961426e-01,4.576809406280517578e-01,-9.327892661094665527e-01,-3.647654950618743896e-01,-3.918575644493103027e-01,4.598688185214996338e-01,8.229475021362304688e-01,9.361923336982727051e-01,3.545205295085906982e-01,6.642706394195556641e-01,-2.940579652786254883e-01,-4.593580067157745361e-01,-3.522224128246307373e-01,4.352091848850250244e-01,3.912536501884460449e-01,-1.250610053539276123e-01,-5.638445615768432617e-01,-7.338145971298217773e-01,-9.027750492095947266e-01,-8.427085727453231812e-02,4.243571162223815918e-01,-8.551923036575317383e-01,-9.820497632026672363e-01,-5.491814017295837402e-01,9.660411477088928223e-01,7.873124480247497559e-01,-5.022423863410949707e-01,8.063086271286010742e-01,-5.854498744010925293e-01,7.749654650688171387e-01,-5.617998242378234863e-01,-8.133227229118347168e-01,-4.511353969573974609e-01,6.632002592086791992e-01,-3.594880998134613037e-01,2.395668923854827881e-01,-3.076756894588470459e-01,-9.121910333633422852e-01,9.439656138420104980e-01,-2.872432395815849304e-02,-7.830324172973632812e-01,1.354372799396514893e-01,-9.434351325035095215e-01,5.603178143501281738e-01,-2.182111516594886780e-02,6.980601549148559570e-01,-8.794130682945251465e-01,-5.396255254745483398e-01,6.094482541084289551e-01,-6.869361400604248047e-01,-6.710700988769531250e-01,8.477357625961303711e-01,-5.027043819427490234e-01,-4.791195392608642578e-01,-6.552389264106750488e-01,-4.293540418148040771e-01,9.417939782142639160e-01,7.774821519851684570e-01,-4.308742880821228027e-01,-1.640254706144332886e-01,5.953279137611389160e-01,2.612324357032775879e-01,7.086712121963500977e-01,4.943675100803375244e-01,-6.780458092689514160e-01,-6.014980077743530273e-01,2.637203596532344818e-02,-5.878239274024963379e-01,8.594543933868408203e-01,-5.830318927764892578e-01,6.506499052047729492e-01,1.794907301664352417e-01,-4.704353511333465576e-01,6.236348152160644531e-01,9.385213851928710938e-01,-7.929891347885131836e-01,7.894794940948486328e-01,2.365992665290832520e-01,-6.390959024429321289e-01,2.355117201805114746e-01,8.644999265670776367e-01,-4.501489996910095215e-01,-8.213713169097900391e-01,8.750933408737182617e-01,-7.495699524879455566e-01,7.287690639495849609e-01
