4.492515027523040771e-01,8.989811874926090240e-03,-2.026070654392242432e-02,-8.371055126190185547e-02,3.786054551601409912e-01,-4.073432981967926025e-01,5.915212910622358322e-03,4.581414759159088135e-01,1.583293080329895020e-01,7.860602438449859619e-02,-2.364435642957687378e-01,-1.836970746517181396e-01,-6.064733117818832397e-02,7.892589271068572998e-02,6.265342235565185547e-02,3.121778368949890137e-01,1.015143585391342640e-03,6.764293462038040161e-02,-1.227811258286237717e-02,-7.867173105478286743e-02,-1.453897953033447266e-01,-8.841872960329055786e-02,-9.263087809085845947e-02,7.640884816646575928e-02,3.150685131549835205e-02,2.588313519954681396e-01,-4.683597013354301453e-02,-3.874196112155914307e-01,1.413867026567459106e-01,-9.290648996829986572e-02,-2.088731974363327026e-01,-1.247554868459701538e-01,-3.712711483240127563e-02,9.400978684425354004e-02,-1.666305214166641235e-02,-1.501521170139312744e-01,1.415910422801971436e-01,1.453496813774108887e-01,-3.544855713844299316e-01,-2.837680280208587646e-01,2.678084671497344971e-01,9.055622667074203491e-02,-2.844253554940223694e-02,3.917624428868293762e-02,-3.168285638093948364e-02,1.694674938917160034e-01,-1.095918267965316772e-01,-8.787140995264053345e-02,1.368069946765899658e-01,-6.365249305963516235e-02,-2.253986746072769165e-01,-2.041011601686477661e-01,2.608312666416168213e-01,-6.291404366493225098e-02,-6.712605804204940796e-02,-2.028543800115585327e-01,1.958313584327697754e-01,8.174066431820392609e-03,1.143929921090602875e-02,8.407962322235107422e-02,-1.301770359277725220e-01,3.709123656153678894e-02,-4.436031449586153030e-03,2.618170678615570068e-01,1.476652026176452637e-01,-4.399750381708145142e-02,-3.135065734386444092e-01,2.207684069871902466e-01,-1.571860313415527344e-01,3.402237594127655029e-01,-2.818067073822021484e-01,2.253239601850509644e-01,-2.346731908619403839e-02,8.382870256900787354e-02,-2.633138895034790039e-01,-2.112659662961959839e-01,1.310623338213190436e-04,1.168505400419235229e-01,-3.639923036098480225e-02,-1.187940165400505066e-01,1.761821061372756958e-01,7.846186781534925103e-05,-2.472303807735443115e-01,-1.855189562775194645e-03,-3.693906068801879883e-01,5.507800355553627014e-02,3.082503378391265869e-01,3.923716954886913300e-03,-5.202609300613403320e-02,2.002697438001632690e-01,-1.950646191835403442e-01,2.793417870998382568e-01,2.280333079397678375e-02,-1.285907179117202759e-01,-1.789067536592483521e-01,-3.379414379596710205e-01,9.962685406208038330e-02,-1.275964768865378574e-05,-2.074564397335052490e-01,2.829007804393768311e-01,-3.720572590827941895e-01,4.019383192062377930e-01,-1.169638782739639282e-01,-2.098547518253326416e-01,3.517205640673637390e-02,9.577446430921554565e-02,9.736712276935577393e-02,9.048508480191230774e-03,-4.553041458129882812e-01,1.047496311366558075e-02,-3.133639320731163025e-02,1.271666139364242554e-01,-6.962937116622924805e-02,-1.160841509699821472e-01,1.656508445739746094e-01,-1.495587080717086792e-01,3.489404320716857910e-01,-6.685463339090347290e-02,-2.397240251302719116e-01,-3.823706880211830139e-02,-9.852683544158935547e-02,1.672556698322296143e-01,1.067142635583877563e-01,2.385052740573883057e-01,-9.784033149480819702e-02,1.135331392288208008e-01,1.787428744137287140e-02,1.474466323852539062e-01
8.989811874926090240e-03,1.027596183121204376e-02,-8.938562870025634766e-02,7.044676691293716431e-02,5.773982405662536621e-02,-2.021633461117744446e-02,-1.452513504773378372e-02,4.433969780802726746e-02,6.584245711565017700e-02,6.926486641168594360e-02,-2.160746045410633087e-02,-4.715422168374061584e-02,7.091205567121505737e-02,7.370931655168533325e-02,8.533872663974761963e-02,9.568247199058532715e-02,-1.573832007125020027e-03,7.452268153429031372e-02,-8.412118256092071533e-02,-6.368914991617202759e-02,-5.924721807241439819e-02,6.866519153118133545e-02,6.021912395954132080e-02,-3.143898025155067444e-02,1.417199149727821350e-02,8.487838506698608398e-02,-8.888669312000274658e-02,-5.179589241743087769e-02,7.778043299913406372e-02,-2.050046622753143311e-02,-1.687291514826938510e-04,-1.023351699113845825e-01,6.792196631431579590e-02,7.010418921709060669e-02,-2.318605780601501465e-03,-9.330865740776062012e-02,6.653935462236404419e-02,8.620186150074005127e-02,-6.536598503589630127e-02,-7.489568740129470825e-02,8.552878350019454956e-02,1.877683214843273163e-02,8.553780615329742432e-02,3.130151703953742981e-02,-8.990850299596786499e-03,-6.834691017866134644e-02,-8.603418618440628052e-02,-2.594656310975551605e-02,-8.707236498594284058e-03,1.581766270101070404e-02,4.166087601333856583e-03,-7.336159702390432358e-03,6.546506285667419434e-02,-5.368463229387998581e-03,-2.018433995544910431e-02,-9.966134279966354370e-02,4.035405442118644714e-02,3.718512831255793571e-03,-7.864726334810256958e-02,-6.618057936429977417e-02,-1.606078259646892548e-02,1.827173633500933647e-03,2.419350668787956238e-03,3.821321204304695129e-02,1.006570551544427872e-02,-3.012183681130409241e-02,3.299073874950408936e-02,9.210634976625442505e-02,-8.785851299762725830e-02,4.594866558909416199e-02,-7.797773182392120361e-02,-1.549485139548778534e-02,-3.116836212575435638e-02,8.213781565427780151e-02,-4.213825985789299011e-02,-9.246427565813064575e-02,-2.548477204982191324e-04,9.182161092758178711e-02,-4.484199360013008118e-02,-8.293277770280838013e-02,8.971239626407623291e-02,8.875773346517235041e-05,-7.863311469554901123e-02,-1.800418103812262416e-04,-8.694057166576385498e-02,-7.864815741777420044e-02,4.838809370994567871e-02,9.951232932507991791e-04,7.169776409864425659e-02,7.133226096630096436e-02,-2.655212581157684326e-02,-3.385377675294876099e-02,-7.757358998060226440e-02,5.251380056142807007e-02,-8.006930351257324219e-02,-1.565412152558565140e-03,6.406902521848678589e-02,-1.218489387611043639e-06,-7.130759954452514648e-02,7.676268368959426880e-02,-3.761851042509078979e-02,4.529439657926559448e-02,-9.272725880146026611e-02,-8.649096637964248657e-02,1.016972586512565613e-01,8.017533458769321442e-03,-7.812989503145217896e-02,-8.624099940061569214e-02,-2.690838277339935303e-02,-1.778611913323402405e-03,7.051870971918106079e-02,-7.308923453092575073e-02,-8.608866482973098755e-02,-1.139788702130317688e-02,9.046256542205810547e-02,-8.359611034393310547e-02,5.025882273912429810e-02,4.058043286204338074e-02,-9.134934842586517334e-02,5.790235847234725952e-02,6.107195094227790833e-02,7.536547631025314331e-02,7.873289287090301514e-02,-5.335608497262001038e-02,-5.360707640647888184e-02,-5.419342592358589172e-02,-4.838548135012388229e-03,7.702324539422988892e-02
-2.026070654392242432e-02,-8.938562870025634766e-02,7.887279391288757324e-01,-6.775732636451721191e-01,-4.890444278717041016e-01,1.105684265494346619e-01,1.168574094772338867e-01,-3.839518427848815918e-01,-5.378149151802062988e-01,-6.417738795280456543e-01,1.969117075204849243e-01,4.507017731666564941e-01,-6.155905723571777344e-01,-6.807833313941955566e-01,-7.601913213729858398e-01,-7.504934072494506836e-01,1.445138175040483475e-02,-6.704749464988708496e-01,7.349577546119689941e-01,6.147065758705139160e-01,4.767797291278839111e-01,-6.671361923217773438e-01,-6.099485158920288086e-01,3.129901289939880371e-01,-1.326954662799835205e-01,-6.751205325126647949e-01,7.627001404762268066e-01,4.086578786373138428e-01,-7.019528746604919434e-01,1.780678778886795044e-01,-8.947429247200489044e-03,8.207916617393493652e-01,-5.940557718276977539e-01,-6.822839379310607910e-01,2.458723261952400208e-02,7.633024454116821289e-01,-6.187723875045776367e-01,-7.522324919700622559e-01,5.306875109672546387e-01,6.514180302619934082e-01,-6.946181058883666992e-01,-1.662288308143615723e-01,-7.550258636474609375e-01,-3.061760067939758301e-01,3.265070542693138123e-02,6.383251547813415527e-01,7.666256427764892578e-01,2.441111356019973755e-01,1.138233393430709839e-01,-8.078460395336151123e-02,-4.855075478553771973e-02,1.127922460436820984e-01,-5.607266426086425781e-01,4.494553059339523315e-02,2.041896581649780273e-01,8.206657767295837402e-01,-4.078883528709411621e-01,-3.680211305618286133e-02,6.887423396110534668e-01,6.262705326080322266e-01,1.328395009040832520e-01,-3.126903669908642769e-03,-2.254960127174854279e-02,-2.958125174045562744e-01,-5.529394373297691345e-02,2.818161845207214355e-01,-2.972323000431060791e-01,-7.598255276679992676e-01,7.491147518157958984e-01,-3.852555453777313232e-01,6.813981533050537109e-01,2.037553042173385620e-01,2.838460803031921387e-01,-7.411397695541381836e-01,3.198717534542083740e-01,7.653601169586181641e-01,2.253228332847356796e-03,-7.964751124382019043e-01,4.273169040679931641e-01,7.282792329788208008e-01,-7.645462155342102051e-01,-8.857386419549584389e-04,6.932926177978515625e-01,2.348547801375389099e-03,6.960476636886596680e-01,7.220568656921386719e-01,-4.298322200775146484e-01,-9.428532794117927551e-03,-6.168311238288879395e-01,-6.575722694396972656e-01,2.399960607290267944e-01,2.922488749027252197e-01,6.860464215278625488e-01,-5.015589594841003418e-01,6.965153217315673828e-01,-9.051942266523838043e-03,-5.990055799484252930e-01,1.336533023277297616e-05,6.263600587844848633e-01,-6.417628526687622070e-01,3.754025697708129883e-01,-3.559871613979339600e-01,7.813093066215515137e-01,7.411335706710815430e-01,-8.336849212646484375e-01,-1.378008276224136353e-01,6.491698026657104492e-01,7.443441748619079590e-01,1.940301358699798584e-01,1.468848623335361481e-02,-6.153208017349243164e-01,6.839379072189331055e-01,7.583436965942382812e-01,3.005100414156913757e-02,-7.864288687705993652e-01,7.212513685226440430e-01,-4.172532558441162109e-01,-4.222992062568664551e-01,7.716030478477478027e-01,-5.541964173316955566e-01,-5.873943567276000977e-01,-6.565852761268615723e-01,-6.941753029823303223e-01,4.969492852687835693e-01,5.556934475898742676e-01,5.202708244323730469e-01,3.910233080387115479e-02,-6.910796761512756348e-01
-8.371055126190185547e-02,7.044676691293716431e-02,-6.775732636451721191e-01,7.218204140663146973e-01,2.748949527740478516e-01,2.848323807120323181e-02,-7.955903559923171997e-02,1.698506474494934082e-01,4.760674238204956055e-01,5.357699990272521973e-01,-2.799257338047027588e-01,-3.375504910945892334e-01,4.073105752468109131e-01,5.978477597236633301e-01,6.495533585548400879e-01,5.134629607200622559e-01,-9.079532697796821594e-03,5.495418906211853027e-01,-7.100047469139099121e-01,-5.356044769287109375e-01,-5.236104726791381836e-01,6.292116641998291016e-01,5.449646115303039551e-01,-2.252168953418731689e-01,1.144602596759796143e-01,4.298483133316040039e-01,-5.888332128524780273e-01,-1.229769214987754822e-01,4.757520854473114014e-01,1.469362433999776840e-02,-5.060921423137187958e-03,-7.161758542060852051e-01,6.542625427246093750e-01,5.826905369758605957e-01,-4.858529660850763321e-03,-5.416037440299987793e-01,4.491716325283050537e-01,6.116548776626586914e-01,-2.272220253944396973e-01,-6.037988066673278809e-01,6.055239439010620117e-01,2.122885435819625854e-01,6.209858059883117676e-01,2.373919785022735596e-01,-1.745116561651229858e-01,-4.668834209442138672e-01,-6.955755949020385742e-01,-2.153738588094711304e-01,-4.818009957671165466e-02,1.224909201264381409e-01,6.989735364913940430e-02,9.144579619169235229e-02,5.504180788993835449e-01,-5.311189219355583191e-02,-1.012993231415748596e-02,-6.416495442390441895e-01,3.955419063568115234e-01,2.748988382518291473e-02,-5.909619331359863281e-01,-6.871211528778076172e-01,-1.702051311731338501e-01,8.540388941764831543e-02,2.508994936943054199e-02,1.896199434995651245e-01,7.133619487285614014e-02,-2.320532798767089844e-01,2.067349404096603394e-01,5.541417598724365234e-01,-5.993868112564086914e-01,1.169070899486541748e-01,-5.096879601478576660e-01,3.554277354851365089e-03,-3.481997549533843994e-01,6.385029554367065430e-01,-3.185941874980926514e-01,-6.259106397628784180e-01,-4.098967474419623613e-04,6.213776469230651855e-01,-5.473899245262145996e-01,-6.026120781898498535e-01,7.126504182815551758e-01,7.273780065588653088e-04,-5.046949386596679688e-01,2.411041175946593285e-03,-5.453919172286987305e-01,-5.980577468872070312e-01,1.671609878540039062e-01,4.584432579576969147e-03,4.534499645233154297e-01,5.187323093414306641e-01,-2.546421885490417480e-01,-4.372899830341339111e-01,-6.778874397277832031e-01,5.453609228134155273e-01,-6.305601000785827637e-01,1.279969513416290283e-01,4.364558756351470947e-01,-1.078700461221160367e-05,-4.014885723590850830e-01,4.632341265678405762e-01,-2.041779011487960815e-01,7.377423346042633057e-02,-7.264300584793090820e-01,-5.671245455741882324e-01,7.477329373359680176e-01,3.409518599510192871e-01,-7.446361780166625977e-01,-5.846058726310729980e-01,2.064849436283111572e-02,-2.235289104282855988e-02,6.313955783843994141e-01,-7.017624378204345703e-01,-7.006849646568298340e-01,1.743367314338684082e-01,6.416211724281311035e-01,-5.971809029579162598e-01,1.379215121269226074e-01,3.509213626384735107e-01,-6.198790669441223145e-01,5.974305272102355957e-01,4.667822122573852539e-01,6.162170171737670898e-01,6.357873678207397461e-01,-4.820395410060882568e-01,-5.044639110565185547e-01,-5.222642421722412109e-01,-3.421817719936370850e-02,5.612554550170898438e-01
3.786054551601409912e-01,5.773982405662536621e-02,-4.890444278717041016e-01,2.748949527740478516e-01,6.566300988197326660e-01,-4.191649258136749268e-01,-6.955609470605850220e-02,6.694688200950622559e-01,3.778492808341979980e-01,4.149933755397796631e-01,-2.223536670207977295e-01,-4.219168126583099365e-01,3.913241028785705566e-01,4.281819164752960205e-01,4.979062974452972412e-01,7.631390094757080078e-01,-9.000173769891262054e-03,4.686186015605926514e-01,-4.067220389842987061e-01,-3.777436614036560059e-01,-2.711791396141052246e-01,2.941020131111145020e-01,2.618188261985778809e-01,-1.443981826305389404e-01,9.496768563985824585e-02,6.734837889671325684e-01,-5.196118354797363281e-01,-6.498784422874450684e-01,6.250786781311035156e-01,-2.597676813602447510e-01,-1.448670774698257446e-01,-5.702842473983764648e-01,2.261547744274139404e-01,4.659975171089172363e-01,-3.705008327960968018e-02,-6.342019438743591309e-01,4.998237788677215576e-01,5.784578323364257812e-01,-7.354525923728942871e-01,-5.560493469238281250e-01,5.978661775588989258e-01,1.129243522882461548e-01,4.476758837699890137e-01,2.175004929304122925e-01,6.704685837030410767e-02,-3.097430169582366943e-01,-5.278497338294982910e-01,-2.079000771045684814e-01,-1.044854242354631424e-02,-3.551192209124565125e-02,-1.582075804471969604e-01,-3.499690592288970947e-01,4.599637389183044434e-01,-6.534039229154586792e-02,-2.778583467006683350e-01,-6.948850750923156738e-01,3.541403710842132568e-01,3.003645502030849457e-02,-3.861452341079711914e-01,-2.289865314960479736e-01,-1.248191297054290771e-01,-4.570473358035087585e-02,5.267993081361055374e-03,3.737913370132446289e-01,1.182942613959312439e-01,-1.958083361387252808e-01,-2.811876125633716583e-02,6.782667636871337891e-01,-5.717548131942749023e-01,5.989534258842468262e-01,-6.629796624183654785e-01,-7.937468588352203369e-02,-9.182143956422805786e-02,5.067988634109497070e-01,-3.319397568702697754e-01,-6.306171417236328125e-01,-2.066101646050810814e-03,6.164147257804870605e-01,-1.691872775554656982e-01,-5.277906656265258789e-01,5.603082776069641113e-01,5.802076193504035473e-04,-6.444250941276550293e-01,-5.404539871960878372e-03,-7.204641699790954590e-01,-4.113642871379852295e-01,5.880569815635681152e-01,1.055069733411073685e-02,3.401412069797515869e-01,5.582663416862487793e-01,-2.583700716495513916e-01,1.607793718576431274e-01,-3.276677131652832031e-01,1.004299446940422058e-01,-5.222830772399902344e-01,-3.173826336860656738e-01,4.790765047073364258e-01,-1.727480048430152237e-05,-5.920289158821105957e-01,6.445022225379943848e-01,-5.610533952713012695e-01,6.323134303092956543e-01,-5.304955244064331055e-01,-6.424074172973632812e-01,5.198555588722229004e-01,3.376106545329093933e-02,-2.075854837894439697e-01,-4.890779554843902588e-01,-5.549009442329406738e-01,7.712476421147584915e-03,2.464857101440429688e-01,-2.378745228052139282e-01,-4.852073192596435547e-01,-2.259556353092193604e-01,6.390587687492370605e-01,-5.390407443046569824e-01,6.209279894828796387e-01,2.125350981950759888e-01,-6.713234186172485352e-01,2.078919559717178345e-01,3.000448644161224365e-01,4.602218866348266602e-01,4.446402788162231445e-01,-6.898876279592514038e-02,-3.660038709640502930e-01,-1.517602801322937012e-01,-1.071033719927072525e-02,5.254131555557250977e-01
-4.073432981967926025e-01,-2.021633461117744446e-02,1.105684265494346619e-01,2.848323807120323181e-02,-4.191649258136749268e-01,4.350198805332183838e-01,3.388363122940063477e-02,-4.774836599826812744e-01,-2.438723146915435791e-01,-1.509416550397872925e-01,1.915496885776519775e-01,2.389274388551712036e-01,-5.370486527681350708e-02,-1.601012498140335083e-01,-1.507118046283721924e-01,-4.329218268394470215e-01,9.567334782332181931e-04,-1.440827548503875732e-01,9.074456989765167236e-02,1.300321966409683228e-01,1.827649474143981934e-01,-2.304911846294999123e-03,2.714516781270503998e-02,-6.255296990275382996e-03,-4.644957557320594788e-02,-3.822324872016906738e-01,1.624295413494110107e-01,4.432277083396911621e-01,-2.355788201093673706e-01,1.115982681512832642e-01,1.987861096858978271e-01,2.440106272697448730e-01,-5.237284116446971893e-03,-1.558600664138793945e-01,2.096761949360370636e-02,2.825633287429809570e-01,-2.230552881956100464e-01,-2.404504418373107910e-01,4.430184960365295410e-01,3.091668784618377686e-01,-3.461808264255523682e-01,-7.695706188678741455e-02,-6.698463857173919678e-02,-6.951023638248443604e-02,3.117484739050269127e-03,-5.124216899275779724e-02,1.828978955745697021e-01,9.784060716629028320e-02,-1.178571283817291260e-01,7.249835878610610962e-02,2.104358971118927002e-01,2.066398859024047852e-01,-2.912371754646301270e-01,6.648030132055282593e-02,1.094510629773139954e-01,3.060768842697143555e-01,-2.187843620777130127e-01,-1.263337675482034683e-02,6.954123079776763916e-02,-2.907913923263549805e-02,1.298370212316513062e-01,-2.842184714972972870e-02,2.810736885294318199e-03,-2.827264368534088135e-01,-1.454266607761383057e-01,7.868932187557220459e-02,2.303257286548614502e-01,-3.213622272014617920e-01,2.631706893444061279e-01,-3.914342224597930908e-01,3.517607450485229492e-01,-1.569812595844268799e-01,5.419731140136718750e-02,-1.863142848014831543e-01,2.641178369522094727e-01,2.896302044391632080e-01,5.319692427292466164e-04,-2.213393896818161011e-01,4.495390877127647400e-02,2.271773517131805420e-01,-2.511718273162841797e-01,-1.946753473021090031e-04,3.169754445552825928e-01,2.090664580464363098e-03,4.386088848114013672e-01,5.093258991837501526e-02,-3.449289500713348389e-01,-5.495512392371892929e-03,-7.539071142673492432e-02,-2.765290141105651855e-01,1.723060607910156250e-01,-2.447640895843505859e-01,5.967176333069801331e-02,5.815334618091583252e-02,2.513484954833984375e-01,3.091843128204345703e-01,-1.336826831102371216e-01,1.116668136091902852e-05,2.990460991859436035e-01,-3.630511164665222168e-01,3.929245471954345703e-01,-4.623913466930389404e-01,2.193633466958999634e-01,3.082004487514495850e-01,-1.511437296867370605e-01,-1.694299397058784962e-03,-3.871466591954231262e-02,1.148331388831138611e-01,4.708214104175567627e-01,-7.598173804581165314e-03,-5.727653950452804565e-02,-6.127387657761573792e-02,1.594836562871932983e-01,1.442497670650482178e-01,-2.403566837310791016e-01,2.321369946002960205e-01,-4.154377579689025879e-01,1.636160723865032196e-02,3.186590969562530518e-01,-9.341398254036903381e-03,2.677428536117076874e-02,-2.257838994264602661e-01,-1.673995852470397949e-01,-1.645077615976333618e-01,1.492909789085388184e-01,-4.643553495407104492e-02,-2.019152790307998657e-02,-2.176763713359832764e-01
5.915212910622358322e-03,-1.452513504773378372e-02,1.168574094772338867e-01,-7.955903559923171997e-02,-6.955609470605850220e-02,3.388363122940063477e-02,4.774446412920951843e-02,-4.536179825663566589e-02,-1.095793768763542175e-01,-8.559189736843109131e-02,-1.570188626646995544e-02,6.735538691282272339e-02,-1.228021010756492615e-01,-1.058889105916023254e-01,-1.232410073280334473e-01,-1.478998810052871704e-01,2.119551878422498703e-03,-1.041956543922424316e-01,9.384252876043319702e-02,7.305923104286193848e-02,6.653324514627456665e-02,-1.008196547627449036e-01,-7.640197873115539551e-02,5.635705590248107910e-02,-1.836046949028968811e-02,-1.350607872009277344e-01,1.356965154409408569e-01,7.864011824131011963e-02,-1.108594536781311035e-01,2.523695491254329681e-02,-7.099975831806659698e-03,1.484558582305908203e-01,-6.946438550949096680e-02,-8.717504143714904785e-02,4.761373158544301987e-03,1.500991433858871460e-01,-9.423815459012985229e-02,-1.152672022581100464e-01,1.058734133839607239e-01,7.368239760398864746e-02,-1.061255782842636108e-01,-8.883807808160781860e-03,-1.235818117856979370e-01,-4.131117090582847595e-02,-1.861940138041973114e-02,1.237126588821411133e-01,1.042406335473060608e-01,3.205848857760429382e-02,3.058072552084922791e-02,-7.089840713888406754e-03,-4.691086709499359131e-03,8.134197443723678589e-03,-6.451787054538726807e-02,5.007032305002212524e-03,3.963188454508781433e-02,1.374829560518264771e-01,-4.246667400002479553e-02,-5.345174577087163925e-03,1.014209911227226257e-01,8.435963839292526245e-02,7.349891238845884800e-04,9.671740233898162842e-03,-2.777709625661373138e-03,-3.558304160833358765e-02,-5.807412089779973030e-04,4.149442166090011597e-02,-7.437004894018173218e-02,-1.297480612993240356e-01,1.258125901222229004e-01,-6.330446898937225342e-02,9.410683065652847290e-02,5.541708320379257202e-02,3.754056245088577271e-02,-1.218822151422500610e-01,2.525289356708526611e-02,1.108777895569801331e-01,6.376111996360123158e-04,-1.311400383710861206e-01,3.218863904476165771e-02,1.204023286700248718e-01,-1.058190464973449707e-01,-1.331858657067641616e-04,1.046652197837829590e-01,2.048057358479127288e-04,1.051423773169517517e-01,1.278843283653259277e-01,-5.413541942834854126e-02,-1.706517417915165424e-03,-1.233877912163734436e-01,-9.498177468776702881e-02,7.778198458254337311e-03,3.733954578638076782e-02,9.581854194402694702e-02,-7.146540284156799316e-02,9.457030892372131348e-02,-1.498988363891839981e-02,-7.761952280998229980e-02,-6.263095428948872723e-07,1.125669553875923157e-01,-9.736147522926330566e-02,3.500078991055488586e-02,-6.687561422586441040e-02,1.279540359973907471e-01,1.201358437538146973e-01,-1.294071674346923828e-01,4.089388623833656311e-02,8.719323575496673584e-02,1.393490433692932129e-01,3.519691154360771179e-02,2.558692125603556633e-03,-1.135767474770545959e-01,8.273365348577499390e-02,1.201784014701843262e-01,4.340318217873573303e-02,-1.174090728163719177e-01,1.082480549812316895e-01,-8.381494879722595215e-02,-5.711015313863754272e-02,1.152831912040710449e-01,-7.112720608711242676e-02,-9.035770595073699951e-02,-8.534199744462966919e-02,-1.034842878580093384e-01,8.632413297891616821e-02,6.959460675716400146e-02,7.600437104701995850e-02,2.788833808153867722e-03,-8.961019665002822876e-02
4.581414759159088135e-01,4.433969780802726746e-02,-3.839518427848815918e-01,1.698506474494934082e-01,6.694688200950622559e-01,-4.774836599826812744e-01,-4.536179825663566589e-02,7.484197616577148438e-01,2.990797162055969238e-01,3.400856852531433105e-01,-2.203128337860107422e-01,-4.294868409633636475e-01,2.913421392440795898e-01,3.664516210556030273e-01,4.140814244747161865e-01,7.117373347282409668e-01,-6.525525823235511780e-03,3.732291460037231445e-01,-2.862728238105773926e-01,-3.223123252391815186e-01,-1.818407177925109863e-01,2.050971537828445435e-01,1.729720979928970337e-01,-1.135967299342155457e-01,8.556056767702102661e-02,6.241049766540527344e-01,-4.295379221439361572e-01,-6.817834973335266113e-01,5.986508131027221680e-01,-2.678409218788146973e-01,-2.000642269849777222e-01,-4.628838300704956055e-01,8.757501840591430664e-02,4.320524036884307861e-01,-4.389972612261772156e-02,-5.612170100212097168e-01,4.634375274181365967e-01,5.079383850097656250e-01,-7.573724389076232910e-01,-5.177547931671142578e-01,5.267422795295715332e-01,9.127890318632125854e-02,3.292361497879028320e-01,1.960988789796829224e-01,1.338167041540145874e-01,-2.166925817728042603e-01,-4.445307552814483643e-01,-1.916878223419189453e-01,1.968768239021301270e-02,-1.406132876873016357e-01,-2.277008593082427979e-01,-4.521784186363220215e-01,4.127351343631744385e-01,-8.009926229715347290e-02,-3.082911670207977295e-01,-6.224871277809143066e-01,3.626122176647186279e-01,2.936111763119697571e-02,-2.563869953155517578e-01,-1.090363487601280212e-01,-1.251382976770401001e-01,-5.107700079679489136e-02,-2.491557388566434383e-04,3.571622371673583984e-01,1.201997771859169006e-01,-1.695887744426727295e-01,-1.588953882455825806e-01,6.136120557785034180e-01,-5.043769478797912598e-01,6.412692666053771973e-01,-6.424148082733154297e-01,-7.950499653816223145e-02,-3.875164687633514404e-02,4.401603341102600098e-01,-2.830610275268554688e-01,-5.469995141029357910e-01,-1.905111945234239101e-03,5.494574904441833496e-01,-9.634884446859359741e-02,-4.548877775669097900e-01,4.784530103206634521e-01,5.328554543666541576e-04,-6.167177557945251465e-01,-6.605349946767091751e-03,-6.740297079086303711e-01,-3.134170472621917725e-01,6.265125274658203125e-01,1.113932766020298004e-02,2.335217446088790894e-01,5.358321070671081543e-01,-2.485674917697906494e-01,3.307360410690307617e-01,-2.075402736663818359e-01,-9.327599778771400452e-03,-4.485451281070709229e-01,-4.126982688903808594e-01,4.175109565258026123e-01,-2.038862476183567196e-05,-5.742504596710205078e-01,6.025785803794860840e-01,-6.464393734931945801e-01,6.952375173568725586e-01,-4.347125887870788574e-01,-5.914626717567443848e-01,3.897137045860290527e-01,2.806952968239784241e-02,-4.320507124066352844e-02,-3.831288218498229980e-01,-6.411038637161254883e-01,1.562794297933578491e-02,1.346702724695205688e-01,-1.193382218480110168e-01,-3.907650709152221680e-01,-2.217890620231628418e-01,5.676088333129882812e-01,-4.626969695091247559e-01,6.617100834846496582e-01,1.686151176691055298e-01,-6.125441193580627441e-01,9.960273653268814087e-02,1.974005699157714844e-01,3.874027729034423828e-01,3.482468128204345703e-01,8.883513510227203369e-02,-3.544870615005493164e-01,-4.633750393986701965e-02,1.075430866330862045e-02,4.686020910739898682e-01
1.583293080329895020e-01,6.584245711565017700e-02,-5.378149151802062988e-01,4.760674238204956055e-01,3.778492808341979980e-01,-2.438723146915435791e-01,-1.095793768763542175e-01,2.990797162055969238e-01,5.706078410148620605e-01,4.750169217586517334e-01,-2.782609164714813232e-01,-3.593190610408782959e-01,3.213475942611694336e-01,5.374307632446289062e-01,5.527555942535400391e-01,6.100106239318847656e-01,-6.752278655767440796e-03,4.358765780925750732e-01,-5.644901394844055176e-01,-4.618171155452728271e-01,-5.697953701019287109e-01,4.520834386348724365e-01,3.509407937526702881e-01,-1.630300432443618774e-01,1.103296503424644470e-01,5.379587411880493164e-01,-5.402299761772155762e-01,-2.978214323520660400e-01,4.038188755512237549e-01,-2.744774334132671356e-02,-1.158327758312225342e-01,-7.155250310897827148e-01,5.017543435096740723e-01,4.803932607173919678e-01,-9.779629297554492950e-03,-5.648565292358398438e-01,4.322386384010314941e-01,5.599489212036132812e-01,-3.319895267486572266e-01,-5.918875336647033691e-01,6.451781988143920898e-01,2.014677971601486206e-01,4.742183387279510498e-01,1.908415257930755615e-01,-1.763704866170883179e-01,-3.069037795066833496e-01,-5.753555297851562500e-01,-1.831671744585037231e-01,7.087961584329605103e-02,6.178472563624382019e-02,-6.214109808206558228e-02,4.268216714262962341e-02,5.751678943634033203e-01,-7.880232483148574829e-02,-1.397713553160429001e-02,-6.169209480285644531e-01,3.766914904117584229e-01,2.390427514910697937e-02,-4.717982411384582520e-01,-4.724875688552856445e-01,-2.142761796712875366e-01,1.328791975975036621e-01,1.784126088023185730e-02,3.160170018672943115e-01,1.521975398063659668e-01,-2.080225348472595215e-01,3.752422332763671875e-02,5.647729635238647461e-01,-5.971536040306091309e-01,2.588345706462860107e-01,-5.170200467109680176e-01,1.370910555124282837e-01,-3.328600823879241943e-01,5.585058927536010742e-01,-3.965039551258087158e-01,-6.024237275123596191e-01,-5.438829539343714714e-04,5.456783175468444824e-01,-4.108947515487670898e-01,-5.751050114631652832e-01,6.531685590744018555e-01,6.033545942045748234e-04,-5.025414228439331055e-01,2.088208682835102081e-03,-6.158044934272766113e-01,-4.486748278141021729e-01,2.563466429710388184e-01,5.424813833087682724e-03,4.320377707481384277e-01,5.031168460845947266e-01,-2.464044094085693359e-01,-2.397342771291732788e-01,-5.476746559143066406e-01,4.119448065757751465e-01,-5.894435644149780273e-01,-3.540091589093208313e-02,3.154210746288299561e-01,-1.000840893539134413e-05,-4.468408226966857910e-01,5.053844451904296875e-01,-2.995133101940155029e-01,2.815050780773162842e-01,-6.672833561897277832e-01,-5.631569623947143555e-01,6.525680422782897949e-01,1.781331151723861694e-01,-5.757250189781188965e-01,-4.781044125556945801e-01,-2.123024314641952515e-01,-1.862237229943275452e-02,5.790796279907226562e-01,-4.867850840091705322e-01,-5.936928987503051758e-01,5.299629643559455872e-02,5.385818481445312500e-01,-5.670889019966125488e-01,2.989573180675506592e-01,2.022198438644409180e-01,-5.960152745246887207e-01,4.490623474121093750e-01,2.743639349937438965e-01,5.860275626182556152e-01,5.670122504234313965e-01,-2.748202681541442871e-01,-4.346512854099273682e-01,-3.806397914886474609e-01,-4.801943432539701462e-03,5.092848539352416992e-01
7.860602438449859619e-02,6.926486641168594360e-02,-6.417738795280456543e-01,5.357699990272521973e-01,4.149933755397796631e-01,-1.509416550397872925e-01,-8.559189736843109131e-02,3.400856852531433105e-01,4.750169217586517334e-01,5.198994874954223633e-01,-2.075479328632354736e-01,-3.647204339504241943e-01,4.552492201328277588e-01,5.629590749740600586e-01,6.205644011497497559e-01,6.828663945198059082e-01,-1.080742571502923965e-02,5.067217946052551270e-01,-6.285054683685302734e-01,-4.983023703098297119e-01,-4.660422205924987793e-01,5.071219205856323242e-01,4.478517174720764160e-01,-2.291110455989837646e-01,1.095031425356864929e-01,5.965561270713806152e-01,-6.404224634170532227e-01,-3.507639765739440918e-01,5.654076337814331055e-01,-1.321606785058975220e-01,-3.714882209897041321e-02,-7.515621185302734375e-01,5.032697319984436035e-01,5.613256096839904785e-01,-1.666773296892642975e-02,-6.602895855903625488e-01,4.851139485836029053e-01,6.321845054626464844e-01,-4.489671289920806885e-01,-5.879766345024108887e-01,6.304381489753723145e-01,1.546064466238021851e-01,5.903881788253784180e-01,2.297293096780776978e-01,-8.073500543832778931e-02,-4.688140153884887695e-01,-6.423061490058898926e-01,-1.814099699258804321e-01,-1.819309033453464508e-02,5.465138703584671021e-02,6.384383887052536011e-03,-6.508678197860717773e-02,5.222578644752502441e-01,-5.188520252704620361e-02,-1.225714832544326782e-01,-7.271567583084106445e-01,3.434183299541473389e-01,2.766898833215236664e-02,-5.464744567871093750e-01,-4.888537824153900146e-01,-1.562030017375946045e-01,5.514971539378166199e-02,1.752892881631851196e-02,2.905941903591156006e-01,8.644624799489974976e-02,-2.212000936269760132e-01,1.614161282777786255e-01,6.531079411506652832e-01,-6.463147401809692383e-01,3.231559097766876221e-01,-5.869651436805725098e-01,-7.506477832794189453e-02,-2.618127763271331787e-01,6.076424717903137207e-01,-3.209034204483032227e-01,-6.728020310401916504e-01,-1.362179522402584553e-03,6.697166562080383301e-01,-3.621215224266052246e-01,-6.150813698768615723e-01,6.896096467971801758e-01,6.702826358377933502e-04,-5.773242712020874023e-01,-1.002059783786535263e-03,-6.370676755905151367e-01,-5.450282096862792969e-01,3.549584150314331055e-01,6.968681700527667999e-03,4.973236918449401855e-01,5.424722433090209961e-01,-2.124946415424346924e-01,-2.299864888191223145e-01,-5.752272009849548340e-01,4.043340682983398438e-01,-6.051051020622253418e-01,-2.401817031204700470e-02,4.315031170845031738e-01,-1.192021136375842616e-05,-5.064681768417358398e-01,5.494250059127807617e-01,-3.374947905540466309e-01,3.279784917831420898e-01,-6.877379417419433594e-01,-6.353504657745361328e-01,7.480240464210510254e-01,1.204477846622467041e-01,-5.805607438087463379e-01,-5.892510414123535156e-01,-1.910174190998077393e-01,-1.391948852688074112e-02,5.324171185493469238e-01,-5.631654858589172363e-01,-6.313647031784057617e-01,1.138078328222036362e-02,6.517638564109802246e-01,-6.121770739555358887e-01,3.481166362762451172e-01,2.923634648323059082e-01,-6.734974980354309082e-01,4.383632838726043701e-01,3.974056839942932129e-01,5.742867588996887207e-01,5.768578648567199707e-01,-3.395750820636749268e-01,-4.517225325107574463e-01,-4.007398486137390137e-01,-2.243639901280403137e-02,5.787657499313354492e-01
-2.364435642957687378e-01,-2.160746045410633087e-02,1.969117075204849243e-01,-2.799257338047027588e-01,-2.223536670207977295e-01,1.915496885776519775e-01,-1.570188626646995544e-02,-2.203128337860107422e-01,-2.782609164714813232e-01,-2.075479328632354736e-01,4.172768294811248779e-01,1.819697171449661255e-01,8.734761923551559448e-02,-2.279712855815887451e-01,-2.062185406684875488e-01,-2.060810178518295288e-01,-1.295628375373780727e-03,-1.621812134981155396e-01,3.127933442592620850e-01,2.304745912551879883e-01,4.185862243175506592e-01,-1.540235728025436401e-01,-1.009677946567535400e-01,-5.038178339600563049e-02,-5.926089361310005188e-02,-1.403883397579193115e-01,1.110392808914184570e-01,7.715113461017608643e-02,-6.887967139482498169e-02,-9.629234671592712402e-02,1.920559257268905640e-01,3.009482622146606445e-01,-3.345068991184234619e-01,-2.210285961627960205e-01,-5.614645313471555710e-03,1.098869517445564270e-01,-1.502696722745895386e-01,-2.402982413768768311e-01,3.517858311533927917e-02,4.437872171401977539e-01,-4.031159877777099609e-01,-2.165103554725646973e-01,-9.989374876022338867e-02,-6.653551012277603149e-02,2.756354212760925293e-01,-1.345932930707931519e-01,3.150304257869720459e-01,1.298154145479202271e-01,-1.793472021818161011e-01,-6.608509272336959839e-02,1.275197714567184448e-01,-8.212922513484954834e-02,-4.559416472911834717e-01,8.758009970188140869e-02,-1.369473040103912354e-01,2.390538901090621948e-01,-3.112165331840515137e-01,-8.996426127851009369e-03,1.636898368597030640e-01,2.750687301158905029e-01,2.360766381025314331e-01,-1.652495712041854858e-01,-1.000120118260383606e-02,-2.282447516918182373e-01,-1.821327954530715942e-01,8.937273919582366943e-02,2.547113001346588135e-01,-2.026293277740478516e-01,2.278713881969451904e-01,-7.371276617050170898e-02,2.778842747211456299e-01,-4.271943569183349609e-01,2.373760789632797241e-01,-2.214310765266418457e-01,3.902899622917175293e-01,3.121424317359924316e-01,-1.817992189899086952e-03,-1.642183810472488403e-01,3.903864026069641113e-01,2.314048260450363159e-01,-4.062680602073669434e-01,-2.068928879452869296e-04,2.170438468456268311e-01,-4.167596809566020966e-03,3.841128349304199219e-01,6.229659914970397949e-02,-7.681652903556823730e-02,-3.134835860691964626e-04,-3.403383074328303337e-03,-2.452688217163085938e-01,2.950921952724456787e-01,1.254118978977203369e-01,2.796829044818878174e-01,-1.826644092798233032e-01,3.583030402660369873e-01,1.120164319872856140e-01,-1.128045693039894104e-01,1.274395708605879918e-05,1.111855506896972656e-01,-2.626346349716186523e-01,2.184998840093612671e-01,-7.948995381593704224e-02,3.469104170799255371e-01,2.340400815010070801e-01,-2.776045501232147217e-01,-4.187316596508026123e-01,3.697965145111083984e-01,6.576367467641830444e-02,1.523927897214889526e-01,1.002508122473955154e-02,-2.556379437446594238e-01,2.297411262989044189e-01,2.943581044673919678e-01,-1.796598285436630249e-01,-2.456168681383132935e-01,2.686299085617065430e-01,-5.060219392180442810e-02,-2.426224760711193085e-02,3.011623024940490723e-01,-2.700014710426330566e-01,7.758216466754674911e-03,-3.751283884048461914e-01,-2.966276109218597412e-01,-4.207973252050578594e-04,2.389704734086990356e-01,1.415587216615676880e-01,-1.552119501866400242e-03,-2.494307160377502441e-01
-1.836970746517181396e-01,-4.715422168374061584e-02,4.507017731666564941e-01,-3.375504910945892334e-01,-4.219168126583099365e-01,2.389274388551712036e-01,6.735538691282272339e-02,-4.294868409633636475e-01,-3.593190610408782959e-01,-3.647204339504241943e-01,1.819697171449661255e-01,3.420885503292083740e-01,-2.941123843193054199e-01,-4.321653544902801514e-01,-4.663703441619873047e-01,-6.154846549034118652e-01,5.963034927845001221e-03,-3.574547469615936279e-01,4.073838889598846436e-01,3.609882295131683350e-01,3.197850883007049561e-01,-3.402784168720245361e-01,-2.752692401409149170e-01,1.491127312183380127e-01,-8.573423326015472412e-02,-5.126283764839172363e-01,4.733594357967376709e-01,3.921956419944763184e-01,-4.905488789081573486e-01,1.130608320236206055e-01,1.125832423567771912e-01,5.700866580009460449e-01,-2.753407359123229980e-01,-4.482055306434631348e-01,2.352779172360897064e-02,5.341678857803344727e-01,-3.882963657379150391e-01,-4.958620965480804443e-01,4.924003779888153076e-01,4.951514303684234619e-01,-5.108786225318908691e-01,-1.157649606466293335e-01,-3.922425508499145508e-01,-1.760038584470748901e-01,-7.202287670224905014e-03,2.997170090675354004e-01,4.863056838512420654e-01,1.525027602910995483e-01,-9.892151691019535065e-03,6.482076644897460938e-02,9.856768697500228882e-02,1.721287518739700317e-01,-4.222048819065093994e-01,6.118250638246536255e-02,1.443002074956893921e-01,5.998228192329406738e-01,-3.197514712810516357e-01,-2.406144328415393829e-02,3.317292928695678711e-01,2.942307293415069580e-01,1.313621550798416138e-01,-3.390844166278839111e-02,-8.777317591011524200e-03,-2.416720688343048096e-01,-8.663676679134368896e-02,1.665941327810287476e-01,1.235478464514017105e-02,-5.421518087387084961e-01,5.101514458656311035e-01,-3.591952025890350342e-01,5.185940265655517578e-01,4.589484632015228271e-02,1.697974205017089844e-01,-4.780567884445190430e-01,2.349426150321960449e-01,5.198727250099182129e-01,1.111856079660356045e-03,-5.392836332321166992e-01,2.279278039932250977e-01,4.825358688831329346e-01,-5.345154404640197754e-01,-5.430040764622390270e-04,5.053867697715759277e-01,2.016420476138591766e-03,5.647574067115783691e-01,3.847708404064178467e-01,-3.622605204582214355e-01,-7.061962969601154327e-03,-3.136805295944213867e-01,-4.657361209392547607e-01,1.837330013513565063e-01,-6.813343614339828491e-03,3.620561659336090088e-01,-2.184865623712539673e-01,4.616884589195251465e-01,1.408915668725967407e-01,-3.127085268497467041e-01,1.287774102820549160e-05,4.530855417251586914e-01,-4.687486886978149414e-01,4.031997919082641602e-01,-3.977616131305694580e-01,5.281862616539001465e-01,5.309219360351562500e-01,-5.116647481918334961e-01,-9.532491117715835571e-02,3.076006472110748291e-01,4.148709475994110107e-01,3.065477013587951660e-01,3.115663072094321251e-03,-3.503255844116210938e-01,3.293904662132263184e-01,4.692436158657073975e-01,2.122706919908523560e-02,-5.261569619178771973e-01,4.645721018314361572e-01,-3.983474373817443848e-01,-1.935041248798370361e-01,5.578002333641052246e-01,-2.630807757377624512e-01,-2.311940938234329224e-01,-4.327260851860046387e-01,-4.177403748035430908e-01,1.207066550850868225e-01,3.834003806114196777e-01,2.237816452980041504e-01,-6.878418847918510437e-03,-4.401126801967620850e-01
