4.891884922981262207e-01,-2.742839232087135315e-02,2.848047614097595215e-01,-3.383291661739349365e-01,2.014912068843841553e-01,-3.921403586864471436e-01,7.026708126068115234e-02,3.562580049037933350e-01,-7.574126590043306351e-03,-1.299783885478973389e-01,-1.722606718540191650e-01,-3.705196827650070190e-02,-3.156717121601104736e-01,-1.720647960901260376e-01,-1.758420765399932861e-01,3.270300105214118958e-02,9.802710264921188354e-03,-2.549441158771514893e-01,2.734872400760650635e-01,6.835883855819702148e-02,-3.589458018541336060e-02,-3.198680877685546875e-01,-3.119574487209320068e-01,1.654457449913024902e-01,-9.191142395138740540e-03,5.848742090165615082e-03,1.970267295837402344e-01,-2.389009296894073486e-01,-1.272163689136505127e-01,-9.626717865467071533e-02,-2.008027583360671997e-01,1.494917869567871094e-01,-2.695696353912353516e-01,-8.929967880249023438e-02,-1.070643961429595947e-02,1.370497196912765503e-01,-8.602373301982879639e-02,-1.318749785423278809e-01,-1.535529792308807373e-01,-6.749657541513442993e-02,-2.692741900682449341e-02,9.525503218173980713e-02,-3.233853280544281006e-01,-6.072285398840904236e-02,1.684527657926082611e-02,3.618499338626861572e-01,1.804492771625518799e-01,1.689054444432258606e-02,2.336065471172332764e-01,-1.578918546438217163e-01,-2.704198658466339111e-01,-2.034953087568283081e-01,8.892139792442321777e-02,-2.036583051085472107e-02,2.079183608293533325e-02,1.054853349924087524e-01,4.957297444343566895e-02,-4.539568442851305008e-03,2.715200483798980713e-01,3.017576932907104492e-01,-1.164686158299446106e-01,1.410892456769943237e-01,-1.037580892443656921e-02,1.947793960571289062e-01,1.367252469062805176e-01,5.134121328592300415e-02,-4.306459724903106689e-01,-9.030202776193618774e-02,1.358522474765777588e-01,2.138234227895736694e-01,-3.561633825302124023e-02,2.938917875289916992e-01,5.595331639051437378e-02,-1.754593700170516968e-01,-1.129116639494895935e-01,9.868441522121429443e-02,1.141711953096091747e-03,-1.829705834388732910e-01,1.405827999114990234e-01,1.143883243203163147e-01,-1.212587952613830566e-01,-1.658972614677622914e-04,-1.636384427547454834e-02,-1.117804902605712414e-03,-8.819015324115753174e-02,2.749314606189727783e-01,1.934766769409179688e-01,4.285577160771936178e-04,-2.307751327753067017e-01,-6.745530758053064346e-03,-1.411629170179367065e-01,3.986651301383972168e-01,3.046787381172180176e-01,-3.036687374114990234e-01,9.371386468410491943e-02,-3.450684547424316406e-01,-1.292816698551177979e-01,-1.139489359047729522e-05,-2.747253701090812683e-02,-9.391464293003082275e-03,-2.489075809717178345e-01,3.300600945949554443e-01,1.614211499691009521e-01,5.734934657812118530e-02,-2.885501980781555176e-01,8.155354112386703491e-02,3.333454728126525879e-01,3.134872615337371826e-01,-4.376660287380218506e-01,1.372347865253686905e-02,-1.786098033189773560e-01,3.443860113620758057e-01,2.247113883495330811e-01,-4.718179348856210709e-03,-1.463999599218368530e-01,8.900295197963714600e-02,2.164361178874969482e-01,-2.020825296640396118e-01,3.090353310108184814e-02,-2.058900892734527588e-01,-2.945371568202972412e-01,-7.958950102329254150e-02,-9.920638054609298706e-02,4.077250063419342041e-01,2.484756149351596832e-02,2.494730800390243530e-01,5.588499456644058228e-02,-1.316413283348083496e-01
-2.742839232087135315e-02,1.191971916705369949e-02,-1.015151441097259521e-01,8.757204562425613403e-02,5.205437913537025452e-02,1.124199200421571732e-02,-1.821976713836193085e-02,2.348347939550876617e-02,6.776538491249084473e-02,7.545509934425354004e-02,-1.261601969599723816e-02,-4.996755719184875488e-02,7.924681901931762695e-02,8.272290974855422974e-02,9.205215424299240112e-02,9.485514461994171143e-02,-2.218076726421713829e-03,8.747710287570953369e-02,-9.827631711959838867e-02,-6.604515761137008667e-02,-5.569194257259368896e-02,8.955571800470352173e-02,7.279527932405471802e-02,-2.979554422199726105e-02,1.471806131303310394e-02,8.392813801765441895e-02,-9.452935308218002319e-02,-3.769464790821075439e-02,8.176876604557037354e-02,7.862685248255729675e-03,1.499703526496887207e-02,-1.066696271300315857e-01,8.118628710508346558e-02,7.078559696674346924e-02,-1.413925783708691597e-03,-9.892272949218750000e-02,7.506382465362548828e-02,9.033851325511932373e-02,-5.522060021758079529e-02,-7.424909621477127075e-02,9.128983318805694580e-02,1.096798013895750046e-02,9.938214719295501709e-02,3.434570878744125366e-02,-1.407562475651502609e-02,-8.742961287498474121e-02,-9.622217714786529541e-02,-2.884553186595439911e-02,-2.643134817481040955e-02,1.128054969012737274e-02,1.356205157935619354e-02,2.041347138583660126e-02,6.202350184321403503e-02,-1.212002825923264027e-03,-9.834678843617439270e-03,-1.036560386419296265e-01,5.226650834083557129e-02,3.966012969613075256e-03,-8.966674655675888062e-02,-8.537227660417556763e-02,-1.271712407469749451e-02,-1.448361668735742569e-02,2.797612454742193222e-03,2.054301835596561432e-02,4.496445879340171814e-03,-3.428666293621063232e-02,5.200718343257904053e-02,9.732282161712646484e-02,-9.666203707456588745e-02,2.863381244242191315e-02,-7.850925624370574951e-02,-2.450283616781234741e-02,-4.528713971376419067e-02,8.864876627922058105e-02,-2.327268570661544800e-02,-1.000516861677169800e-01,-2.971196081489324570e-04,9.950708597898483276e-02,-4.604090377688407898e-02,-8.780583739280700684e-02,9.819643199443817139e-02,9.201932698488235474e-05,-7.938192784786224365e-02,9.232424417859874666e-06,-8.994417637586593628e-02,-9.175729006528854370e-02,2.970173209905624390e-02,9.188936091959476471e-04,8.065506070852279663e-02,7.217548042535781860e-02,-1.574533060193061829e-02,-6.157110631465911865e-02,-9.196325391530990601e-02,6.486308574676513672e-02,-8.972807228565216064e-02,3.346481919288635254e-02,6.693210452795028687e-02,3.665961401111417217e-08,-6.832133233547210693e-02,7.978361099958419800e-02,-2.743967063724994659e-02,2.217749506235122681e-02,-1.011350899934768677e-01,-8.844052255153656006e-02,1.113929897546768188e-01,1.108568906784057617e-02,-9.571517258882522583e-02,-9.868764132261276245e-02,7.529147900640964508e-03,-2.637987257912755013e-03,7.862506061792373657e-02,-8.562572300434112549e-02,-9.694395959377288818e-02,-5.313777364790439606e-03,9.683185815811157227e-02,-8.535184711217880249e-02,3.933932259678840637e-02,4.457189142704010010e-02,-9.155314415693283081e-02,7.089381664991378784e-02,8.092173933982849121e-02,8.315251022577285767e-02,8.183041960000991821e-02,-7.142843306064605713e-02,-5.433025583624839783e-02,-7.257667183876037598e-02,-1.137926243245601654e-02,8.380478620529174805e-02
2.848047614097595215e-01,-1.015151441097259521e-01,8.314778208732604980e-01,-7.519382238388061523e-01,-4.620166122913360596e-01,-1.526574343442916870e-01,1.479750424623489380e-01,-2.419129312038421631e-01,-5.358805656433105469e-01,-6.753037571907043457e-01,1.112972646951675415e-01,4.797436892986297607e-01,-6.555207967758178711e-01,-7.138370871543884277e-01,-7.779573202133178711e-01,-7.306810617446899414e-01,2.000482007861137390e-02,-7.314082980155944824e-01,7.940127253532409668e-01,6.088990569114685059e-01,4.164894521236419678e-01,-7.706459760665893555e-01,-6.802747249603271484e-01,2.888823747634887695e-01,-1.354150474071502686e-01,-6.628997921943664551e-01,7.764263153076171875e-01,3.162115812301635742e-01,-7.170892953872680664e-01,-6.624159216880798340e-02,-1.381780207157135010e-01,8.089122772216796875e-01,-6.524659991264343262e-01,-6.604510545730590820e-01,1.817117631435394287e-02,7.817651033401489258e-01,-6.745262742042541504e-01,-7.665631175041198730e-01,4.653029739856719971e-01,6.243456006050109863e-01,-7.215183973312377930e-01,-8.725988119840621948e-02,-8.107283711433410645e-01,-3.295389115810394287e-01,5.960729718208312988e-02,7.474926710128784180e-01,8.047211170196533203e-01,2.672447562217712402e-01,2.684020996093750000e-01,-1.760420948266983032e-02,-1.172706708312034607e-01,-1.150455474853515625e-01,-5.153304934501647949e-01,7.397217210382223129e-03,1.204716786742210388e-01,8.219932913780212402e-01,-5.129198431968688965e-01,-3.881807625293731689e-02,7.412378191947937012e-01,7.244864106178283691e-01,1.016832888126373291e-01,1.518349945545196533e-01,-2.437311597168445587e-02,-1.435586214065551758e-01,-1.051386352628469467e-02,3.150757253170013428e-01,-4.297456741333007812e-01,-7.797444462776184082e-01,7.833344936370849609e-01,-2.617728412151336670e-01,6.805310249328613281e-01,2.784185707569122314e-01,3.943176865577697754e-01,-7.639332413673400879e-01,1.375823765993118286e-01,7.965505123138427734e-01,2.680758712813258171e-03,-8.196048140525817871e-01,4.065209329128265381e-01,7.405336499214172363e-01,-7.896443605422973633e-01,-8.959565311670303345e-04,6.887891888618469238e-01,1.118410262279212475e-03,7.067146897315979004e-01,7.833358049392700195e-01,-2.950989603996276855e-01,-8.984118700027465820e-03,-6.708221435546875000e-01,-6.547698378562927246e-01,1.425889581441879272e-01,4.804845154285430908e-01,7.473737597465515137e-01,-5.635998249053955078e-01,7.423415780067443848e-01,-3.054746091365814209e-01,-6.162227988243103027e-01,1.021579123516858090e-06,6.017331480979919434e-01,-6.631982922554016113e-01,3.093410134315490723e-01,-1.928275674581527710e-01,8.028636574745178223e-01,7.428999543190002441e-01,-8.562388420104980469e-01,-1.479421406984329224e-01,7.224546074867248535e-01,7.950183749198913574e-01,-7.606090605258941650e-02,2.022369764745235443e-02,-6.322594285011291504e-01,7.288197278976440430e-01,7.992122769355773926e-01,-8.463010191917419434e-03,-8.074144124984741211e-01,7.214414477348327637e-01,-3.471260964870452881e-01,-4.456422328948974609e-01,7.594449520111083984e-01,-6.290959715843200684e-01,-7.032490372657775879e-01,-6.900199055671691895e-01,-6.933569908142089844e-01,6.039946675300598145e-01,5.305791497230529785e-01,6.471897363662719727e-01,9.652670472860336304e-02,-7.311121225357055664e-01
-3.383291661739349365e-01,8.757204562425613403e-02,-7.519382238388061523e-01,7.881456017494201660e-01,2.761566042900085449e-01,2.438595890998840332e-01,-1.205035299062728882e-01,6.111410632729530334e-02,4.979862272739410400e-01,5.967453122138977051e-01,-2.018084377050399780e-01,-3.764992952346801758e-01,5.024521946907043457e-01,6.690552234649658203e-01,6.964118480682373047e-01,5.317632555961608887e-01,-1.582467369735240936e-02,6.474363803863525391e-01,-7.730281949043273926e-01,-5.534814596176147461e-01,-4.790911078453063965e-01,7.309749722480773926e-01,6.418207287788391113e-01,-2.251071184873580933e-01,1.223091557621955872e-01,4.548843801021575928e-01,-6.504092216491699219e-01,-6.714591383934020996e-02,5.314552783966064453e-01,2.029849290847778320e-01,1.037409082055091858e-01,-7.322798967361450195e-01,7.172329425811767578e-01,5.908027887344360352e-01,-6.193771259859204292e-04,-6.063281893730163574e-01,5.340823531150817871e-01,6.575803160667419434e-01,-2.016560137271881104e-01,-6.005362272262573242e-01,6.546905636787414551e-01,1.461050212383270264e-01,7.182697057723999023e-01,2.734859287738800049e-01,-1.943146437406539917e-01,-6.152946949005126953e-01,-7.489941716194152832e-01,-2.388015240430831909e-01,-1.909116506576538086e-01,8.389564603567123413e-02,1.421792656183242798e-01,2.739602029323577881e-01,5.285264253616333008e-01,-2.978432737290859222e-02,3.183222562074661255e-02,-6.831029057502746582e-01,4.926033914089202881e-01,3.096251562237739563e-02,-6.704823970794677734e-01,-7.597613334655761719e-01,-1.450673043727874756e-01,-6.268406659364700317e-02,2.708078362047672272e-02,7.009497284889221191e-02,2.354031987488269806e-02,-2.729585468769073486e-01,3.518914282321929932e-01,6.140862107276916504e-01,-6.725424528121948242e-01,2.697236090898513794e-02,-5.380807518959045410e-01,-1.017095744609832764e-01,-4.489108324050903320e-01,6.776832342147827148e-01,-2.006327509880065918e-01,-6.891912817955017090e-01,-1.109603559598326683e-03,6.871144771575927734e-01,-5.438444018363952637e-01,-6.310588717460632324e-01,7.529131174087524414e-01,7.658429676666855812e-04,-5.374898314476013184e-01,3.008452709764242172e-03,-5.786976814270019531e-01,-6.753847599029541016e-01,7.236348837614059448e-02,4.860542248934507370e-03,5.369037985801696777e-01,5.407519340515136719e-01,-1.657550185918807983e-01,-5.827856063842773438e-01,-7.540069818496704102e-01,6.134480834007263184e-01,-6.863580346107482910e-01,3.687955737113952637e-01,4.877935349941253662e-01,-8.287299806397641078e-07,-4.111630320549011230e-01,5.174075365066528320e-01,-1.717785596847534180e-01,-4.349380731582641602e-02,-7.566717267036437988e-01,-6.011719107627868652e-01,7.960619926452636719e-01,3.191931545734405518e-01,-7.972155213356018066e-01,-6.769555807113647461e-01,2.448431402444839478e-01,-2.733108215034008026e-02,6.495370268821716309e-01,-7.525829672813415527e-01,-7.565400004386901855e-01,1.605913043022155762e-01,6.953939199447631836e-01,-6.279962062835693359e-01,1.061638817191123962e-01,3.915798366069793701e-01,-6.349241733551025391e-01,6.597182750701904297e-01,5.960949063301086426e-01,6.652788519859313965e-01,6.539428830146789551e-01,-5.897542238235473633e-01,-4.946699440479278564e-01,-6.437276601791381836e-01,-9.096330404281616211e-02,6.416258215904235840e-01
2.014912068843841553e-01,5.205437913537025452e-02,-4.620166122913360596e-01,2.761566042900085449e-01,6.255501508712768555e-01,-2.563924789428710938e-01,-6.236649677157402039e-02,6.059171557426452637e-01,3.416830003261566162e-01,3.927308022975921631e-01,-1.315116882324218750e-01,-4.275028109550476074e-01,3.548231124877929688e-01,3.850173354148864746e-01,4.875979721546173096e-01,7.512542009353637695e-01,-8.412200026214122772e-03,4.071339666843414307e-01,-4.019544720649719238e-01,-3.703943192958831787e-01,-2.116169035434722900e-01,3.460214138031005859e-01,2.416907846927642822e-01,-1.192177906632423401e-01,8.868762850761413574e-02,6.543352603912353516e-01,-5.046566724777221680e-01,-5.945869684219360352e-01,6.126166582107543945e-01,-1.303630620241165161e-01,-4.138530418276786804e-02,-5.475612282752990723e-01,1.946143805980682373e-01,4.479931890964508057e-01,-3.545766323804855347e-02,-6.219557523727416992e-01,4.973045289516448975e-01,5.414760708808898926e-01,-7.153301239013671875e-01,-5.005851984024047852e-01,5.522542595863342285e-01,7.070171087980270386e-02,4.250978529453277588e-01,2.122754603624343872e-01,1.069462597370147705e-01,-3.825109004974365234e-01,-5.110232234001159668e-01,-1.921011954545974731e-01,-7.321991771459579468e-02,-1.676710098981857300e-01,-1.525658816099166870e-01,-2.321929782629013062e-01,3.930540382862091064e-01,-8.984600193798542023e-03,-2.016633898019790649e-01,-6.696924567222595215e-01,3.985192477703094482e-01,2.910977229475975037e-02,-3.652499020099639893e-01,-2.704676091670989990e-01,-1.046290025115013123e-01,-9.278325736522674561e-02,4.636254161596298218e-03,2.766544520854949951e-01,9.852919727563858032e-02,-1.987487226724624634e-01,3.704975917935371399e-02,6.455113887786865234e-01,-5.460183024406433105e-01,5.270127654075622559e-01,-6.420480608940124512e-01,-1.321800798177719116e-01,-1.431282460689544678e-01,4.928635954856872559e-01,-1.090437099337577820e-01,-6.004390716552734375e-01,-2.109827240929007530e-03,5.967243909835815430e-01,-6.138950958847999573e-02,-5.291559100151062012e-01,5.334165096282958984e-01,5.647392245009541512e-04,-6.212000846862792969e-01,-4.823892842978239059e-03,-6.999105215072631836e-01,-4.531378448009490967e-01,5.081121921539306641e-01,9.822688996791839600e-03,3.738133907318115234e-01,5.420145988464355469e-01,-1.882841587066650391e-01,6.637533009052276611e-02,-2.956542372703552246e-01,8.609126508235931396e-02,-5.108813643455505371e-01,-1.135452538728713989e-01,4.320428073406219482e-01,-9.637374205340165645e-06,-5.825731158256530762e-01,5.925915837287902832e-01,-5.107941627502441406e-01,5.724521875381469727e-01,-5.217917561531066895e-01,-6.182271838188171387e-01,4.915881156921386719e-01,3.277709707617759705e-02,-2.240709364414215088e-01,-4.701788425445556641e-01,-4.165590703487396240e-01,5.872789304703474045e-03,2.646892070770263672e-01,-2.342920154333114624e-01,-4.626972675323486328e-01,-1.235749870538711548e-01,6.036450862884521484e-01,-5.027033090591430664e-01,5.851346850395202637e-01,2.031408846378326416e-01,-6.448264122009277344e-01,2.295509129762649536e-01,3.724741041660308838e-01,4.306377768516540527e-01,4.112253487110137939e-01,-1.091473400592803955e-01,-3.603673279285430908e-01,-2.277939170598983765e-01,-2.440381981432437897e-02,4.744143486022949219e-01
-3.921403586864471436e-01,1.124199200421571732e-02,-1.526574343442916870e-01,2.438595890998840332e-01,-2.563924789428710938e-01,3.799212276935577393e-01,-1.826452836394309998e-02,-3.637366294860839844e-01,-7.954984158277511597e-02,3.994939103722572327e-02,1.039007902145385742e-01,1.043769344687461853e-01,1.522959917783737183e-01,7.675603032112121582e-02,6.652224808931350708e-02,-1.816156804561614990e-01,-6.079124286770820618e-03,1.226559728384017944e-01,-1.539961695671081543e-01,-1.629675552248954773e-02,4.491456598043441772e-02,1.870203018188476562e-01,2.169446498155593872e-01,-8.560547977685928345e-02,-7.199760526418685913e-03,-1.614212989807128906e-01,-6.116519495844841003e-02,3.062495589256286621e-01,-5.450732074677944183e-03,9.302635490894317627e-02,1.599762141704559326e-01,-1.439310051500797272e-02,2.015535980463027954e-01,2.410248853266239166e-02,1.556742098182439804e-02,2.913942374289035797e-02,-2.806177362799644470e-02,9.497578255832195282e-03,2.715895771980285645e-01,8.998727053403854370e-02,-7.705863565206527710e-02,-5.556965246796607971e-02,1.800133436918258667e-01,1.820136047899723053e-02,-5.047862976789474487e-02,-1.989419162273406982e-01,-7.264164090156555176e-02,9.677643887698650360e-03,-1.664968580007553101e-01,1.523554325103759766e-01,2.337637543678283691e-01,1.835363805294036865e-01,-1.059139296412467957e-01,1.802580431103706360e-02,3.151345998048782349e-02,2.647368237376213074e-02,-8.550773561000823975e-02,-1.416203682310879230e-03,-1.469391733407974243e-01,-2.038489133119583130e-01,9.271980822086334229e-02,-7.838936150074005127e-02,8.313930593430995941e-03,-1.982498317956924438e-01,-1.269779652357101440e-01,-4.399545025080442429e-03,2.926022112369537354e-01,-4.764472693204879761e-02,-3.898165596183389425e-04,-2.689646780490875244e-01,1.265732645988464355e-01,-1.902997344732284546e-01,-2.328320033848285675e-02,4.333542287349700928e-02,8.680590242147445679e-02,1.524489093571901321e-02,-1.866264647105708718e-04,4.440753906965255737e-02,-1.336050331592559814e-01,1.766255311667919159e-02,2.170833945274353027e-02,3.341642150189727545e-05,1.025994122028350830e-01,1.440668478608131409e-03,1.848489344120025635e-01,-1.270217746496200562e-01,-2.198479920625686646e-01,-2.480394439771771431e-03,7.335444539785385132e-02,-8.433085680007934570e-02,1.050950810313224792e-01,-3.224184811115264893e-01,-1.878164261579513550e-01,2.172298431396484375e-01,1.036152895539999008e-02,2.737966179847717285e-01,5.564785376191139221e-02,7.822347470209933817e-06,1.338486671447753906e-01,-1.069938465952873230e-01,2.575501203536987305e-01,-3.761059641838073730e-01,-3.248122707009315491e-02,6.704226881265640259e-02,1.355208158493041992e-01,2.973822318017482758e-02,-2.406776696443557739e-01,-1.363882720470428467e-01,4.185761809349060059e-01,-1.090097893029451370e-02,8.812627941370010376e-02,-2.552415728569030762e-01,-9.723386168479919434e-02,6.152370199561119080e-02,3.365997225046157837e-02,1.089163124561309814e-02,-2.864096462726593018e-01,1.288541704416275024e-01,7.218855619430541992e-02,1.373364478349685669e-01,1.621451079845428467e-01,2.045270754024386406e-03,2.787612564861774445e-02,-2.854800522327423096e-01,1.733773946762084961e-02,-1.603024899959564209e-01,-4.445584118366241455e-02,3.499221056699752808e-02
7.026708126068115234e-02,-1.821976713836193085e-02,1.479750424623489380e-01,-1.205035299062728882e-01,-6.236649677157402039e-02,-1.826452836394309998e-02,5.622080340981483459e-02,-1.158807892352342606e-02,-1.113252937793731689e-01,-9.974017739295959473e-02,-2.873734757304191589e-02,7.301703840494155884e-02,-1.481367945671081543e-01,-1.243676245212554932e-01,-1.354738026857376099e-01,-1.500087976455688477e-01,3.706097370013594627e-03,-1.413796097040176392e-01,1.311373114585876465e-01,7.503414154052734375e-02,5.596696585416793823e-02,-1.418608427047729492e-01,-1.067813932895660400e-01,5.835271626710891724e-02,-1.949061080813407898e-02,-1.391603350639343262e-01,1.458288133144378662e-01,6.015155091881752014e-02,-1.249607875943183899e-01,-1.677259057760238647e-02,-3.080287016928195953e-02,1.569373756647109985e-01,-1.017914861440658569e-01,-8.801550418138504028e-02,3.207031171768903732e-03,1.639827340841293335e-01,-1.135002821683883667e-01,-1.297412961721420288e-01,9.410136938095092773e-02,7.236619293689727783e-02,-1.231100633740425110e-01,9.570099413394927979e-03,-1.571183204650878906e-01,-4.846038669347763062e-02,-8.333511650562286377e-03,1.559913605451583862e-01,1.302646547555923462e-01,4.093655571341514587e-02,6.685744225978851318e-02,-1.405819598585367203e-02,-2.695013023912906647e-02,-3.500573709607124329e-02,-5.715506151318550110e-02,2.384229097515344620e-03,2.885708957910537720e-02,1.480214297771453857e-01,-6.090988218784332275e-02,-6.064428947865962982e-03,1.320897340774536133e-01,1.245858743786811829e-01,-9.430521167814731598e-03,4.502842947840690613e-02,-3.502596402540802956e-03,-8.426552638411521912e-03,8.739236742258071899e-03,4.995605349540710449e-02,-1.148730292916297913e-01,-1.458140760660171509e-01,1.452389210462570190e-01,-4.084429889917373657e-02,9.947209060192108154e-02,7.256856560707092285e-02,5.575311183929443359e-02,-1.388797461986541748e-01,3.834997303783893585e-03,1.324474364519119263e-01,7.468935218639671803e-04,-1.489725410938262939e-01,4.452776536345481873e-02,1.324376463890075684e-01,-1.270172744989395142e-01,-1.395986328134313226e-04,1.065634861588478088e-01,-1.285019388888031244e-04,1.141225993633270264e-01,1.517708599567413330e-01,-2.546003274619579315e-02,-1.686102827079594135e-03,-1.412688344717025757e-01,-9.837245941162109375e-02,-9.180953726172447205e-03,9.106846153736114502e-02,1.333078145980834961e-01,-9.884972125291824341e-02,1.179274246096611023e-01,-6.989772617816925049e-02,-9.295523166656494141e-02,-2.221013346570543945e-06,1.060947105288505554e-01,-1.134986951947212219e-01,1.586132682859897614e-02,-2.615035511553287506e-02,1.471260488033294678e-01,1.287367343902587891e-01,-1.569613963365554810e-01,4.074940830469131470e-02,1.264507621526718140e-01,1.714040637016296387e-01,-2.143703773617744446e-02,3.788405563682317734e-03,-1.231197789311408997e-01,1.121908277273178101e-01,1.481015533208847046e-01,4.473501816391944885e-02,-1.363793611526489258e-01,1.163601875305175781e-01,-6.447152048349380493e-02,-7.108458131551742554e-02,1.208485662937164307e-01,-9.656449407339096069e-02,-1.298975646495819092e-01,-1.036552116274833679e-01,-1.088478341698646545e-01,1.260108947753906250e-01,6.531231105327606201e-02,1.048225462436676025e-01,1.552651543170213699e-02,-1.110019460320472717e-01
3.562580049037933350e-01,2.348347939550876617e-02,-2.419129312038421631e-01,6.111410632729530334e-02,6.059171557426452637e-01,-3.637366294860839844e-01,-1.158807892352342606e-02,7.083692550659179688e-01,2.053224742412567139e-01,2.375697046518325806e-01,-1.249222084879875183e-01,-3.906086087226867676e-01,1.550108492374420166e-01,2.280616462230682373e-01,3.210579752922058105e-01,6.325276494026184082e-01,-1.839258708059787750e-03,1.913414597511291504e-01,-1.707682460546493530e-01,-2.618206739425659180e-01,-9.081948548555374146e-02,1.473731547594070435e-01,4.987784847617149353e-02,-5.565139651298522949e-02,6.534866243600845337e-02,5.388327240943908691e-01,-3.319085836410522461e-01,-6.167943477630615234e-01,5.051807761192321777e-01,-1.800615042448043823e-01,-1.226665824651718140e-01,-3.552224934101104736e-01,-4.269797727465629578e-02,3.580696284770965576e-01,-4.272472113370895386e-02,-4.591801464557647705e-01,3.747378587722778320e-01,3.812798261642456055e-01,-7.115517854690551758e-01,-4.063700735569000244e-01,3.898137509822845459e-01,5.920524522662162781e-02,1.905870437622070312e-01,1.538529396057128906e-01,2.052773982286453247e-01,-1.923408508300781250e-01,-3.254988193511962891e-01,-1.398901343345642090e-01,1.517279352992773056e-02,-3.114596903324127197e-01,-2.611790895462036133e-01,-3.839600980281829834e-01,3.001382648944854736e-01,-1.592519879341125488e-02,-2.193173617124557495e-01,-5.094116330146789551e-01,3.493179976940155029e-01,2.406551502645015717e-02,-1.324282139539718628e-01,-4.968119040131568909e-02,-1.067328751087188721e-01,-4.396589472889900208e-02,-3.906354308128356934e-03,2.656792104244232178e-01,1.101219877600669861e-01,-1.350821107625961304e-01,-1.695688515901565552e-01,4.863084256649017334e-01,-3.781731128692626953e-01,5.694694519042968750e-01,-5.552850961685180664e-01,-9.624587744474411011e-02,-4.083114862442016602e-02,3.383062183856964111e-01,-2.700312063097953796e-02,-4.167768359184265137e-01,-1.544582773931324482e-03,4.313090741634368896e-01,8.109789341688156128e-02,-3.779185414314270020e-01,3.534010946750640869e-01,4.317304119467735291e-04,-5.301782488822937012e-01,-6.260457914322614670e-03,-5.770537257194519043e-01,-2.646804749965667725e-01,5.514457821846008301e-01,9.511176496744155884e-03,1.919295191764831543e-01,4.593734443187713623e-01,-1.815858632326126099e-01,3.224718272686004639e-01,-6.068193539977073669e-02,-1.061666384339332581e-01,-3.423854410648345947e-01,-2.696833312511444092e-01,2.919784188270568848e-01,-1.381755828333552927e-05,-5.210536122322082520e-01,4.604037702083587646e-01,-5.889984369277954102e-01,6.637286543846130371e-01,-3.323699235916137695e-01,-4.893939197063446045e-01,2.491999715566635132e-01,2.276355400681495667e-02,4.370242729783058167e-02,-2.491699457168579102e-01,-5.663043856620788574e-01,1.689079590141773224e-02,9.094093739986419678e-02,-2.029880695044994354e-02,-2.616016268730163574e-01,-9.062882512807846069e-02,4.350762069225311279e-01,-3.493189513683319092e-01,6.162413358688354492e-01,1.024689897894859314e-01,-5.130499005317687988e-01,4.486895352602005005e-02,1.726146340370178223e-01,2.710875570774078369e-01,2.456468343734741211e-01,1.379747241735458374e-01,-3.087870180606842041e-01,-4.411010444164276123e-02,2.021842263638973236e-02,3.198845088481903076e-01
-7.574126590043306351e-03,6.776538491249084473e-02,-5.358805656433105469e-01,4.979862272739410400e-01,3.416830003261566162e-01,-7.954984158277511597e-02,-1.113252937793731689e-01,2.053224742412567139e-01,5.836674571037292480e-01,4.881456196308135986e-01,-2.414823770523071289e-01,-3.779599666595458984e-01,2.768686413764953613e-01,5.655773282051086426e-01,5.692280530929565430e-01,5.840927362442016602e-01,-7.417390588670969009e-03,4.010646343231201172e-01,-5.717574357986450195e-01,-4.938536584377288818e-01,-5.780895352363586426e-01,5.106229186058044434e-01,3.596770763397216797e-01,-1.231264024972915649e-01,1.140845045447349548e-01,5.049570202827453613e-01,-5.628698468208312988e-01,-1.990943402051925659e-01,3.831238150596618652e-01,1.421429216861724854e-01,-5.402246490120887756e-02,-7.259412407875061035e-01,5.112236738204956055e-01,5.020134449005126953e-01,-5.064146593213081360e-03,-5.600321292877197266e-01,4.475216567516326904e-01,5.396310091018676758e-01,-2.478634119033813477e-01,-6.068348884582519531e-01,6.401916742324829102e-01,1.942610889673233032e-01,4.747288227081298828e-01,1.953465342521667480e-01,-1.952936947345733643e-01,-3.889608383178710938e-01,-5.770047903060913086e-01,-1.664262413978576660e-01,3.780124709010124207e-02,-6.392801553010940552e-02,-5.902178958058357239e-02,1.985963732004165649e-01,5.784357190132141113e-01,-4.783808067440986633e-02,9.016873687505722046e-02,-6.105687022209167480e-01,4.634499549865722656e-01,2.343251183629035950e-02,-4.591590166091918945e-01,-5.074976086616516113e-01,-2.400883734226226807e-01,1.091632992029190063e-01,1.906028762459754944e-02,2.231423407793045044e-01,1.361045390367507935e-01,-2.200292199850082397e-01,6.080692633986473083e-02,5.428270101547241211e-01,-6.128179430961608887e-01,1.436129361391067505e-01,-5.029795169830322266e-01,1.115821003913879395e-01,-4.493952989578247070e-01,5.500880479812622070e-01,-2.493409514427185059e-01,-5.982238650321960449e-01,-3.908757644239813089e-04,5.507425665855407715e-01,-3.672111332416534424e-01,-5.734803080558776855e-01,6.621218919754028320e-01,6.056226557120680809e-04,-5.048296451568603516e-01,3.468769602477550507e-03,-6.070196032524108887e-01,-4.739301204681396484e-01,1.480801701545715332e-01,4.335775040090084076e-03,4.606469273567199707e-01,5.042553544044494629e-01,-1.894527524709701538e-01,-3.270394504070281982e-01,-5.517734289169311523e-01,4.449690878391265869e-01,-5.990094542503356934e-01,1.519836187362670898e-01,2.600046694278717041e-01,-5.495005098055116832e-06,-4.323423802852630615e-01,4.538716375827789307e-01,-2.873724102973937988e-01,1.919465065002441406e-01,-6.703541278839111328e-01,-5.448814034461975098e-01,6.412438154220581055e-01,2.250857502222061157e-01,-6.054178476333618164e-01,-4.620915055274963379e-01,-4.286237806081771851e-02,-2.473631314933300018e-02,6.280488967895507812e-01,-5.143309831619262695e-01,-5.890961885452270508e-01,1.731802523136138916e-01,5.134060382843017578e-01,-5.538071990013122559e-01,2.417444735765457153e-01,1.754829883575439453e-01,-5.704975724220275879e-01,4.883893430233001709e-01,3.166983425617218018e-01,6.065174937248229980e-01,5.703286528587341309e-01,-2.902139425277709961e-01,-4.715580344200134277e-01,-4.751975834369659424e-01,-2.666437812149524689e-02,5.123841166496276855e-01
-1.299783885478973389e-01,7.545509934425354004e-02,-6.753037571907043457e-01,5.967453122138977051e-01,3.927308022975921631e-01,3.994939103722572327e-02,-9.974017739295959473e-02,2.375697046518325806e-01,4.881456196308135986e-01,5.482584238052368164e-01,-1.552733629941940308e-01,-3.956196606159210205e-01,4.540610015392303467e-01,6.036196947097778320e-01,6.547338366508483887e-01,6.754999160766601562e-01,-1.307243388146162033e-02,5.309511423110961914e-01,-6.734634637832641602e-01,-5.263620615005493164e-01,-4.510101974010467529e-01,6.094435453414916992e-01,4.848369359970092773e-01,-1.996219605207443237e-01,1.142973080277442932e-01,5.851548910140991211e-01,-6.703867912292480469e-01,-2.639426887035369873e-01,5.755640268325805664e-01,5.647847801446914673e-02,4.836696758866310120e-02,-7.692855000495910645e-01,5.412263870239257812e-01,5.785559415817260742e-01,-1.266371924430131912e-02,-6.792493462562561035e-01,5.299914479255676270e-01,6.365483403205871582e-01,-3.901777267456054688e-01,-5.973259806632995605e-01,6.494051814079284668e-01,1.215697750449180603e-01,6.298506855964660645e-01,2.452368736267089844e-01,-9.655600786209106445e-02,-5.720770359039306641e-01,-6.778109669685363770e-01,-1.881017237901687622e-01,-1.002899035811424255e-01,-4.648960381746292114e-02,2.906328067183494568e-02,1.030569002032279968e-01,5.120630860328674316e-01,-1.824927330017089844e-02,-3.615291044116020203e-02,-7.404296994209289551e-01,4.410539567470550537e-01,2.882332727313041687e-02,-5.719757676124572754e-01,-5.705599188804626465e-01,-1.572719812393188477e-01,-2.040040120482444763e-02,1.911127939820289612e-02,1.825574934482574463e-01,6.301775574684143066e-02,-2.445234805345535278e-01,2.292472869157791138e-01,6.632840633392333984e-01,-6.852826476097106934e-01,2.154885232448577881e-01,-5.914572477340698242e-01,-1.229961737990379333e-01,-3.699136078357696533e-01,6.299843788146972656e-01,-1.603193283081054688e-01,-6.974313855171203613e-01,-1.457794336602091789e-03,6.989073157310485840e-01,-3.278982937335968018e-01,-6.365675330162048340e-01,7.217878103256225586e-01,6.935716373845934868e-04,-5.903789997100830078e-01,8.545326272724196315e-05,-6.530678272247314453e-01,-6.082293987274169922e-01,2.441691458225250244e-01,6.393092684447765350e-03,5.436097979545593262e-01,5.558136105537414551e-01,-1.499920785427093506e-01,-3.595336079597473145e-01,-6.146559119224548340e-01,4.536956250667572021e-01,-6.476718783378601074e-01,1.942277848720550537e-01,4.164590537548065186e-01,-4.292116045689908788e-06,-5.028847455978393555e-01,5.373990535736083984e-01,-3.106882572174072266e-01,2.186904102563858032e-01,-7.184695005416870117e-01,-6.383484601974487305e-01,7.644992470741271973e-01,1.599922627210617065e-01,-6.437023282051086426e-01,-6.198622584342956543e-01,4.267701413482427597e-03,-1.923910155892372131e-02,5.838602185249328613e-01,-6.067579388618469238e-01,-6.645269989967346191e-01,9.750884026288986206e-02,6.628581881523132324e-01,-6.111535429954528809e-01,2.964148223400115967e-01,2.910852134227752686e-01,-6.669321060180664062e-01,5.029987692832946777e-01,4.902839064598083496e-01,6.121667623519897461e-01,5.901439189910888672e-01,-4.019091129302978516e-01,-4.799742996692657471e-01,-5.133549571037292480e-01,-5.526163801550865173e-02,6.006652116775512695e-01
-1.722606718540191650e-01,-1.261601969599723816e-02,1.112972646951675415e-01,-2.018084377050399780e-01,-1.315116882324218750e-01,1.039007902145385742e-01,-2.873734757304191589e-02,-1.249222084879875183e-01,-2.414823770523071289e-01,-1.552733629941940308e-01,3.623557388782501221e-01,1.298637241125106812e-01,1.531506031751632690e-01,-1.808011084794998169e-01,-1.610379070043563843e-01,-1.036171540617942810e-01,-3.565805032849311829e-03,-4.424156248569488525e-02,2.132126092910766602e-01,2.116356939077377319e-01,4.024052917957305908e-01,-1.042598858475685120e-01,-5.330953747034072876e-02,-7.802662998437881470e-02,-4.870131984353065491e-02,-3.936133906245231628e-02,8.132608979940414429e-02,-3.544342517852783203e-02,2.016994357109069824e-02,-1.508387327194213867e-01,1.492172032594680786e-01,2.374142259359359741e-01,-2.698689699172973633e-01,-1.903505921363830566e-01,-1.022160612046718597e-02,3.528977185487747192e-02,-8.209956437349319458e-02,-1.483723670244216919e-01,-8.369839191436767578e-02,3.811369538307189941e-01,-2.942203283309936523e-01,-2.298542857170104980e-01,-3.335725143551826477e-02,-4.061988741159439087e-02,2.602634131908416748e-01,-1.055787429213523865e-01,2.189973890781402588e-01,7.695087045431137085e-02,-1.994049102067947388e-01,1.071348786354064941e-02,1.221510246396064758e-01,-1.534495353698730469e-01,-4.066164493560791016e-01,5.729879438877105713e-02,-2.019602060317993164e-01,1.529551446437835693e-01,-2.840051054954528809e-01,-4.621850326657295227e-03,8.602166920900344849e-02,2.095273137092590332e-01,2.422783970832824707e-01,-2.013879418373107910e-01,-9.433669038116931915e-03,-1.591477096080780029e-01,-1.554514318704605103e-01,6.546177715063095093e-02,2.498851716518402100e-01,-9.535914659500122070e-02,1.530507951974868774e-01,4.064336791634559631e-02,1.847085952758789062e-01,-4.021541476249694824e-01,2.674615681171417236e-01,-1.352129578590393066e-01,2.898745238780975342e-01,2.089995294809341431e-01,-2.059984952211380005e-03,-9.204585105180740356e-02,3.192310929298400879e-01,1.539454609155654907e-01,-3.091078400611877441e-01,-1.441856729798018932e-04,1.510211229324340820e-01,-4.935913719236850739e-03,2.714708447456359863e-01,2.500301785767078400e-02,1.407430600374937057e-02,1.372794155031442642e-03,1.510803587734699249e-02,-1.778270006179809570e-01,2.418158203363418579e-01,1.220183447003364563e-01,1.932021826505661011e-01,-1.510974615812301636e-01,2.603590190410614014e-01,2.340964227914810181e-02,-2.196255326271057129e-02,1.061956663761520758e-05,5.487323924899101257e-02,-1.307828724384307861e-01,1.600935012102127075e-01,-7.271900307387113571e-03,2.581504881381988525e-01,1.423512250185012817e-01,-1.813102513551712036e-01,-4.203174114227294922e-01,3.035639524459838867e-01,-1.578485965728759766e-02,5.448064953088760376e-02,1.290519535541534424e-02,-2.513110637664794922e-01,1.860099732875823975e-01,1.981011331081390381e-01,-2.585498988628387451e-01,-1.423850804567337036e-01,1.956920325756072998e-01,2.643333189189434052e-02,1.656631939113140106e-02,2.034651935100555420e-01,-2.292856723070144653e-01,3.710618615150451660e-02,-2.990889847278594971e-01,-2.460725456476211548e-01,-2.890183031558990479e-02,2.247615307569503784e-01,1.571747064590454102e-01,-3.386209253221750259e-03,-1.659340262413024902e-01
-3.705196827650070190e-02,-4.996755719184875488e-02,4.797436892986297607e-01,-3.764992952346801758e-01,-4.275028109550476074e-01,1.043769344687461853e-01,7.301703840494155884e-02,-3.906086087226867676e-01,-3.779599666595458984e-01,-3.956196606159210205e-01,1.298637241125106812e-01,3.828401863574981689e-01,-2.928006350994110107e-01,-4.619399607181549072e-01,-5.162122249603271484e-01,-6.522237658500671387e-01,6.715908646583557129e-03,-3.539516031742095947e-01,4.472712576389312744e-01,4.078282117843627930e-01,3.194245994091033936e-01,-4.249382615089416504e-01,-2.919278442859649658e-01,1.353214234113693237e-01,-9.184113889932632446e-02,-5.373606085777282715e-01,5.281710624694824219e-01,3.544256687164306641e-01,-5.223999023437500000e-01,-3.335417015478014946e-03,3.937127813696861267e-02,6.164261698722839355e-01,-2.890432178974151611e-01,-4.922178387641906738e-01,2.323253639042377472e-02,5.789126157760620117e-01,-4.338625371456146240e-01,-5.110498666763305664e-01,4.900867342948913574e-01,5.170273780822753906e-01,-5.261687636375427246e-01,-9.785100072622299194e-02,-4.253106117248535156e-01,-1.932251006364822388e-01,-2.819055691361427307e-02,4.101209938526153564e-01,5.212762951850891113e-01,1.505663841962814331e-01,4.077005758881568909e-02,1.893182694911956787e-01,9.783855080604553223e-02,6.718018651008605957e-02,-4.208883643150329590e-01,2.266870252788066864e-02,8.038314431905746460e-02,6.396275162696838379e-01,-4.014195799827575684e-01,-2.551049366593360901e-02,3.543280065059661865e-01,3.550419509410858154e-01,1.397117823362350464e-01,1.644133590161800385e-03,-9.764639660716056824e-03,-1.749742925167083740e-01,-7.452727109193801880e-02,1.884357035160064697e-01,-4.003663361072540283e-02,-5.648077726364135742e-01,5.522362589836120605e-01,-3.047688007354736328e-01,5.465206503868103027e-01,1.053867936134338379e-01,2.548599839210510254e-01,-5.099544525146484375e-01,7.209076732397079468e-02,5.516066551208496094e-01,1.247002743184566498e-03,-5.817578434944152832e-01,1.643757671117782593e-01,5.252285003662109375e-01,-5.683627128601074219e-01,-5.843811086378991604e-04,5.432954430580139160e-01,1.597839174792170525e-03,5.958089828491210938e-01,4.589869976043701172e-01,-3.078774809837341309e-01,-6.929073482751846313e-03,-3.826849460601806641e-01,-5.009852051734924316e-01,1.394502222537994385e-01,7.953585684299468994e-02,3.806628286838531494e-01,-2.462331205606460571e-01,5.016302466392517090e-01,-2.875443175435066223e-02,-3.008664846420288086e-01,7.016700237727491185e-06,4.880957901477813721e-01,-4.559662640094757080e-01,4.048565030097961426e-01,-3.650456666946411133e-01,5.692554712295532227e-01,5.570846796035766602e-01,-5.398107767105102539e-01,-1.155326664447784424e-01,3.580391108989715576e-01,4.444488584995269775e-01,1.911434084177017212e-01,6.806900259107351303e-03,-4.150939881801605225e-01,3.693072795867919922e-01,4.964467883110046387e-01,-7.129482924938201904e-02,-5.445387363433837891e-01,4.801969826221466064e-01,-3.928822278976440430e-01,-1.952422708272933960e-01,5.800185799598693848e-01,-3.153755366802215576e-01,-3.175443112850189209e-01,-4.639888107776641846e-01,-4.414060711860656738e-01,1.657670140266418457e-01,4.301514625549316406e-01,3.237871229648590088e-01,1.072562951594591141e-02,-4.571407735347747803e-01
