9.999981522560119629e-01,-9.999983906745910645e-01,-9.999858736991882324e-01,9.999980926513671875e-01,9.999988079071044922e-01,-9.999986290931701660e-01,9.999946951866149902e-01,9.999989271163940430e-01,-9.999970793724060059e-01,9.999970793724060059e-01,-9.999979734420776367e-01,-9.999988675117492676e-01,9.999980330467224121e-01,9.999978542327880859e-01,9.999663829803466797e-01,9.999974370002746582e-01,9.999976754188537598e-01,-9.999985694885253906e-01,9.999897480010986328e-01,-9.999990463256835938e-01,-9.999988675117492676e-01,9.999850392341613770e-01,9.999979734420776367e-01,9.999984502792358398e-01,9.999893307685852051e-01,9.999989271163940430e-01,-9.999984502792358398e-01,-9.999988675117492676e-01,9.999767541885375977e-01,-9.999961256980895996e-01,-9.999946951866149902e-01,-9.999985098838806152e-01,9.999938011169433594e-01,9.999974966049194336e-01,-9.999965429306030273e-01,-9.999880790710449219e-01,9.999989271163940430e-01,9.999985694885253906e-01,9.999926090240478516e-01,-9.999987483024597168e-01,9.999984502792358398e-01,-9.999969005584716797e-01,9.999483823776245117e-01,9.999985694885253906e-01,9.999974966049194336e-01,9.999979138374328613e-01,9.999862313270568848e-01,9.999980330467224121e-01,9.999986886978149414e-01,-9.999984502792358398e-01,-9.999986886978149414e-01,-9.999974966049194336e-01,-9.999985098838806152e-01,-9.999906420707702637e-01,-9.999963641166687012e-01,-9.999978542327880859e-01,-9.999973177909851074e-01,9.999272227287292480e-01,9.999977946281433105e-01,9.999982118606567383e-01,-9.999971985816955566e-01,9.999988079071044922e-01,9.999982118606567383e-01,9.999947547912597656e-01,-9.999955892562866211e-01,-9.999986886978149414e-01,-9.999988079071044922e-01,-9.999940991401672363e-01,-9.999985098838806152e-01,9.999987483024597168e-01,-9.999985694885253906e-01,9.999979138374328613e-01,9.999964237213134766e-01,-9.999904036521911621e-01,-9.997778534889221191e-01,-9.999980330467224121e-01,9.999917745590209961e-01,9.999985098838806152e-01,-9.999912381172180176e-01,-9.999968409538269043e-01,-9.999617934226989746e-01,9.999974370002746582e-01,-9.999986886978149414e-01,9.999944567680358887e-01,-9.999981522560119629e-01,-9.999836087226867676e-01,9.999910593032836914e-01,9.999987483024597168e-01,-9.998476505279541016e-01,9.999968409538269043e-01,-9.999979734420776367e-01,9.999982118606567383e-01,-9.999741911888122559e-01,-9.999979138374328613e-01,9.999985098838806152e-01,-9.999977350234985352e-01,-9.999905228614807129e-01,9.999988675117492676e-01,-9.999987483024597168e-01,9.999886155128479004e-01,-9.999971985816955566e-01,9.999986290931701660e-01,-9.999782443046569824e-01,-9.999750852584838867e-01,9.999983906745910645e-01,9.999968409538269043e-01,9.999464154243469238e-01,-9.999976754188537598e-01,-9.999942779541015625e-01,9.999983906745910645e-01,-9.999977946281433105e-01,9.999985098838806152e-01,-9.999980330467224121e-01,-9.999877810478210449e-01,9.999989271163940430e-01,-9.999983310699462891e-01,9.999986290931701660e-01,-9.999985098838806152e-01,-9.999936819076538086e-01,-9.999980926513671875e-01,-9.999987483024597168e-01,9.999955892562866211e-01,9.999985694885253906e-01,-9.999973177909851074e-01,9.998090267181396484e-01,-9.999952912330627441e-01,9.999836087226867676e-01,-9.999974370002746582e-01
-9.999983906745910645e-01,9.999986886978149414e-01,9.999878406524658203e-01,-9.999984502792358398e-01,-9.999990463256835938e-01,9.999988079071044922e-01,-9.999954700469970703e-01,-9.999992847442626953e-01,9.999974370002746582e-01,-9.999974966049194336e-01,9.999983310699462891e-01,9.999991655349731445e-01,-9.999983310699462891e-01,-9.999982714653015137e-01,-9.999710321426391602e-01,-9.999979138374328613e-01,-9.999979734420776367e-01,9.999988675117492676e-01,-9.999912977218627930e-01,9.999991655349731445e-01,9.999991059303283691e-01,-9.999870657920837402e-01,-9.999983310699462891e-01,-9.999986886978149414e-01,-9.999908804893493652e-01,-9.999991655349731445e-01,9.999987483024597168e-01,9.999990463256835938e-01,-9.999799132347106934e-01,9.999966621398925781e-01,9.999955296516418457e-01,9.999988079071044922e-01,-9.999946951866149902e-01,-9.999979734420776367e-01,9.999970793724060059e-01,9.999898076057434082e-01,-9.999991655349731445e-01,-9.999988675117492676e-01,-9.999937415122985840e-01,9.999990463256835938e-01,-9.999986290931701660e-01,9.999973773956298828e-01,-9.999554753303527832e-01,-9.999988675117492676e-01,-9.999979138374328613e-01,-9.999982118606567383e-01,-9.999881982803344727e-01,-9.999983906745910645e-01,-9.999989271163940430e-01,9.999987483024597168e-01,9.999988675117492676e-01,9.999979138374328613e-01,9.999988675117492676e-01,9.999920725822448730e-01,9.999968409538269043e-01,9.999982118606567383e-01,9.999977946281433105e-01,-9.999373555183410645e-01,-9.999980926513671875e-01,-9.999985098838806152e-01,9.999976158142089844e-01,-9.999992251396179199e-01,-9.999984502792358398e-01,-9.999955296516418457e-01,9.999961256980895996e-01,9.999989271163940430e-01,9.999991655349731445e-01,9.999950528144836426e-01,9.999988079071044922e-01,-9.999989867210388184e-01,9.999988079071044922e-01,-9.999982118606567383e-01,-9.999970793724060059e-01,9.999917745590209961e-01,9.998084902763366699e-01,9.999983906745910645e-01,-9.999929070472717285e-01,-9.999988675117492676e-01,9.999924898147583008e-01,9.999973177909851074e-01,9.999670982360839844e-01,-9.999978542327880859e-01,9.999989271163940430e-01,-9.999952912330627441e-01,9.999985098838806152e-01,9.999859333038330078e-01,-9.999923706054687500e-01,-9.999989271163940430e-01,9.998685717582702637e-01,-9.999973177909851074e-01,9.999983310699462891e-01,-9.999985098838806152e-01,9.999777674674987793e-01,9.999983310699462891e-01,-9.999987483024597168e-01,9.999980926513671875e-01,9.999919533729553223e-01,-9.999991059303283691e-01,9.999989867210388184e-01,-9.999902248382568359e-01,9.999976158142089844e-01,-9.999989271163940430e-01,9.999812245368957520e-01,9.999786019325256348e-01,-9.999986886978149414e-01,-9.999973177909851074e-01,-9.999538660049438477e-01,9.999980330467224121e-01,9.999951720237731934e-01,-9.999986886978149414e-01,9.999981522560119629e-01,-9.999988079071044922e-01,9.999983906745910645e-01,9.999895095825195312e-01,-9.999991655349731445e-01,9.999986290931701660e-01,-9.999988675117492676e-01,9.999988675117492676e-01,9.999946355819702148e-01,9.999983310699462891e-01,9.999989867210388184e-01,-9.999962449073791504e-01,-9.999988079071044922e-01,9.999977350234985352e-01,-9.998351931571960449e-01,9.999960660934448242e-01,-9.999859333038330078e-01,9.999978542327880859e-01
-9.999858736991882324e-01,9.999878406524658203e-01,9.998909235000610352e-01,-9.999861717224121094e-01,-9.999911785125732422e-01,9.999895095825195312e-01,-9.999592304229736328e-01,-9.999920129776000977e-01,9.999776482582092285e-01,-9.999779462814331055e-01,9.999845027923583984e-01,9.999912381172180176e-01,-9.999852180480957031e-01,-9.999846220016479492e-01,-9.997404813766479492e-01,-9.999812841415405273e-01,-9.999821186065673828e-01,9.999890923500061035e-01,-9.999213814735412598e-01,9.999924302101135254e-01,9.999914765357971191e-01,-9.998840689659118652e-01,-9.999855160713195801e-01,-9.999881982803344727e-01,-9.999182224273681641e-01,-9.999921321868896484e-01,9.999883174896240234e-01,9.999914169311523438e-01,-9.998201131820678711e-01,9.999704360961914062e-01,9.999598264694213867e-01,9.999887347221374512e-01,-9.999518990516662598e-01,-9.999808669090270996e-01,9.999736547470092773e-01,9.999077320098876953e-01,-9.999920129776000977e-01,-9.999892711639404297e-01,-9.999430179595947266e-01,9.999911189079284668e-01,-9.999881982803344727e-01,9.999769926071166992e-01,-9.996016025543212891e-01,-9.999898076057434082e-01,-9.999814033508300781e-01,-9.999843835830688477e-01,-9.998943805694580078e-01,-9.999850392341613770e-01,-9.999904632568359375e-01,9.999888539314270020e-01,9.999898672103881836e-01,9.999808669090270996e-01,9.999894499778747559e-01,9.999277591705322266e-01,9.999723434448242188e-01,9.999844431877136230e-01,9.999802708625793457e-01,-9.994387626647949219e-01,-9.999833703041076660e-01,-9.999863505363464355e-01,9.999788999557495117e-01,-9.999915361404418945e-01,-9.999862909317016602e-01,-9.999600648880004883e-01,9.999660253524780273e-01,9.999905228614807129e-01,9.999919533729553223e-01,9.999548196792602539e-01,9.999892711639404297e-01,-9.999907612800598145e-01,9.999896883964538574e-01,-9.999843835830688477e-01,-9.999736547470092773e-01,9.999260902404785156e-01,9.982872605323791504e-01,9.999858140945434570e-01,-9.999366402626037598e-01,-9.999893307685852051e-01,9.999329447746276855e-01,9.999761581420898438e-01,9.997052550315856934e-01,-9.999804496765136719e-01,9.999905228614807129e-01,-9.999572634696960449e-01,9.999867081642150879e-01,9.998729825019836426e-01,-9.999307394027709961e-01,-9.999907612800598145e-01,9.988241791725158691e-01,-9.999765157699584961e-01,9.999852776527404785e-01,-9.999870657920837402e-01,9.998005628585815430e-01,9.999852180480957031e-01,-9.999885559082031250e-01,9.999833703041076660e-01,9.999272227287292480e-01,-9.999915361404418945e-01,9.999903440475463867e-01,-9.999118447303771973e-01,9.999784827232360840e-01,-9.999896883964538574e-01,9.998317956924438477e-01,9.998080730438232422e-01,-9.999883770942687988e-01,-9.999758601188659668e-01,-9.995870590209960938e-01,9.999821782112121582e-01,9.999562501907348633e-01,-9.999886155128479004e-01,9.999834299087524414e-01,-9.999888539314270020e-01,9.999851584434509277e-01,9.999054670333862305e-01,-9.999921917915344238e-01,9.999872446060180664e-01,-9.999900460243225098e-01,9.999899268150329590e-01,9.999510049819946289e-01,9.999854564666748047e-01,9.999908804893493652e-01,-9.999658465385437012e-01,-9.999893307685852051e-01,9.999800920486450195e-01,-9.985266327857971191e-01,9.999640583992004395e-01,-9.998738169670104980e-01,9.999811649322509766e-01
9.999980926513671875e-01,-9.999984502792358398e-01,-9.999861717224121094e-01,9.999982118606567383e-01,9.999988079071044922e-01,-9.999986290931701660e-01,9.999948740005493164e-01,9.999990463256835938e-01,-9.999971389770507812e-01,9.999971389770507812e-01,-9.999979734420776367e-01,-9.999988675117492676e-01,9.999980926513671875e-01,9.999980330467224121e-01,9.999671578407287598e-01,9.999975562095642090e-01,9.999976754188537598e-01,-9.999986290931701660e-01,9.999900460243225098e-01,-9.999991059303283691e-01,-9.999989867210388184e-01,9.999853372573852539e-01,9.999982714653015137e-01,9.999985098838806152e-01,9.999896287918090820e-01,9.999990463256835938e-01,-9.999985694885253906e-01,-9.999988675117492676e-01,9.999772310256958008e-01,-9.999961853027343750e-01,-9.999948740005493164e-01,-9.999986290931701660e-01,9.999939203262329102e-01,9.999975562095642090e-01,-9.999967217445373535e-01,-9.999883174896240234e-01,9.999989867210388184e-01,9.999986290931701660e-01,9.999927878379821777e-01,-9.999988675117492676e-01,9.999984502792358398e-01,-9.999970197677612305e-01,9.999494552612304688e-01,9.999986886978149414e-01,9.999976158142089844e-01,9.999979734420776367e-01,9.999866485595703125e-01,9.999980926513671875e-01,9.999987483024597168e-01,-9.999985694885253906e-01,-9.999986886978149414e-01,-9.999975562095642090e-01,-9.999986290931701660e-01,-9.999908208847045898e-01,-9.999964237213134766e-01,-9.999978542327880859e-01,-9.999973773956298828e-01,9.999288916587829590e-01,9.999978542327880859e-01,9.999982118606567383e-01,-9.999972581863403320e-01,9.999989271163940430e-01,9.999982118606567383e-01,9.999948740005493164e-01,-9.999957084655761719e-01,-9.999988079071044922e-01,-9.999989271163940430e-01,-9.999942779541015625e-01,-9.999986290931701660e-01,9.999988079071044922e-01,-9.999986886978149414e-01,9.999979734420776367e-01,9.999966025352478027e-01,-9.999905824661254883e-01,-9.997826218605041504e-01,-9.999980926513671875e-01,9.999918937683105469e-01,9.999986290931701660e-01,-9.999915361404418945e-01,-9.999969601631164551e-01,-9.999626278877258301e-01,9.999974966049194336e-01,-9.999988079071044922e-01,9.999945759773254395e-01,-9.999982714653015137e-01,-9.999839663505554199e-01,9.999912977218627930e-01,9.999987483024597168e-01,-9.998508095741271973e-01,9.999969601631164551e-01,-9.999979734420776367e-01,9.999983310699462891e-01,-9.999747276306152344e-01,-9.999980926513671875e-01,9.999985098838806152e-01,-9.999977946281433105e-01,-9.999907016754150391e-01,9.999989271163940430e-01,-9.999987483024597168e-01,9.999889135360717773e-01,-9.999972581863403320e-01,9.999987483024597168e-01,-9.999787211418151855e-01,-9.999756813049316406e-01,9.999985098838806152e-01,9.999969601631164551e-01,9.999476075172424316e-01,-9.999977946281433105e-01,-9.999943971633911133e-01,9.999984502792358398e-01,-9.999978542327880859e-01,9.999985694885253906e-01,-9.999980926513671875e-01,-9.999880194664001465e-01,9.999990463256835938e-01,-9.999983310699462891e-01,9.999986290931701660e-01,-9.999986290931701660e-01,-9.999938011169433594e-01,-9.999981522560119629e-01,-9.999988079071044922e-01,9.999956488609313965e-01,9.999985694885253906e-01,-9.999973773956298828e-01,9.998130202293395996e-01,-9.999954700469970703e-01,9.999840259552001953e-01,-9.999975562095642090e-01
9.999988079071044922e-01,-9.999990463256835938e-01,-9.999911785125732422e-01,9.999988079071044922e-01,9.999993443489074707e-01,-9.999991655349731445e-01,9.999966025352478027e-01,9.999994039535522461e-01,-9.999981522560119629e-01,9.999982118606567383e-01,-9.999987483024597168e-01,-9.999993443489074707e-01,9.999987483024597168e-01,9.999987483024597168e-01,9.999791383743286133e-01,9.999984502792358398e-01,9.999985098838806152e-01,-9.999991655349731445e-01,9.999935626983642578e-01,-9.999994039535522461e-01,-9.999993443489074707e-01,9.999907016754150391e-01,9.999988079071044922e-01,9.999989867210388184e-01,9.999934434890747070e-01,9.999994039535522461e-01,-9.999991059303283691e-01,-9.999993443489074707e-01,9.999855160713195801e-01,-9.999975562095642090e-01,-9.999967217445373535e-01,-9.999991059303283691e-01,9.999960660934448242e-01,9.999984502792358398e-01,-9.999978542327880859e-01,-9.999925494194030762e-01,9.999994039535522461e-01,9.999990463256835938e-01,9.999954104423522949e-01,-9.999993443489074707e-01,9.999991059303283691e-01,-9.999980926513671875e-01,9.999678730964660645e-01,9.999992251396179199e-01,9.999985098838806152e-01,9.999987483024597168e-01,9.999915361404418945e-01,9.999987483024597168e-01,9.999992847442626953e-01,-9.999991655349731445e-01,-9.999991059303283691e-01,-9.999984502792358398e-01,-9.999991655349731445e-01,-9.999941587448120117e-01,-9.999976754188537598e-01,-9.999986290931701660e-01,-9.999982714653015137e-01,9.999547600746154785e-01,9.999986886978149414e-01,9.999988675117492676e-01,-9.999982714653015137e-01,9.999993443489074707e-01,9.999988079071044922e-01,9.999967217445373535e-01,-9.999971985816955566e-01,-9.999991655349731445e-01,-9.999992847442626953e-01,-9.999963045120239258e-01,-9.999990463256835938e-01,9.999992847442626953e-01,-9.999992251396179199e-01,9.999986290931701660e-01,9.999978542327880859e-01,-9.999940395355224609e-01,-9.998618364334106445e-01,-9.999987483024597168e-01,9.999949336051940918e-01,9.999991655349731445e-01,-9.999945759773254395e-01,-9.999979138374328613e-01,-9.999762773513793945e-01,9.999983906745910645e-01,-9.999991655349731445e-01,9.999964833259582520e-01,-9.999988675117492676e-01,-9.999898076057434082e-01,9.999945163726806641e-01,9.999992251396179199e-01,-9.999051690101623535e-01,9.999980926513671875e-01,-9.999987483024597168e-01,9.999989271163940430e-01,-9.999839067459106445e-01,-9.999988079071044922e-01,9.999991059303283691e-01,-9.999985694885253906e-01,-9.999940395355224609e-01,9.999993443489074707e-01,-9.999992847442626953e-01,9.999929070472717285e-01,-9.999982118606567383e-01,9.999992251396179199e-01,-9.999864697456359863e-01,-9.999844431877136230e-01,9.999989867210388184e-01,9.999981522560119629e-01,9.999666810035705566e-01,-9.999985098838806152e-01,-9.999963045120239258e-01,9.999991059303283691e-01,-9.999985694885253906e-01,9.999991059303283691e-01,-9.999987483024597168e-01,-9.999923706054687500e-01,9.999994039535522461e-01,-9.999989271163940430e-01,9.999991655349731445e-01,-9.999992251396179199e-01,-9.999960064888000488e-01,-9.999988079071044922e-01,-9.999992847442626953e-01,9.999973177909851074e-01,9.999990463256835938e-01,-9.999982714653015137e-01,9.998811483383178711e-01,-9.999970793724060059e-01,9.999898672103881836e-01,-9.999984502792358398e-01
-9.999986290931701660e-01,9.999988079071044922e-01,9.999895095825195312e-01,-9.999986290931701660e-01,-9.999991655349731445e-01,9.999989867210388184e-01,-9.999958872795104980e-01,-9.999992847442626953e-01,9.999977946281433105e-01,-9.999978542327880859e-01,9.999985694885253906e-01,9.999992847442626953e-01,-9.999985694885253906e-01,-9.999985098838806152e-01,-9.999750256538391113e-01,-9.999981522560119629e-01,-9.999983310699462891e-01,9.999988675117492676e-01,-9.999924302101135254e-01,9.999992847442626953e-01,9.999992847442626953e-01,-9.999888539314270020e-01,-9.999985694885253906e-01,-9.999988675117492676e-01,-9.999921321868896484e-01,-9.999992847442626953e-01,9.999989271163940430e-01,9.999992847442626953e-01,-9.999827742576599121e-01,9.999971389770507812e-01,9.999960660934448242e-01,9.999988675117492676e-01,-9.999954700469970703e-01,-9.999982118606567383e-01,9.999974370002746582e-01,9.999911189079284668e-01,-9.999993443489074707e-01,-9.999989271163940430e-01,-9.999945163726806641e-01,9.999991655349731445e-01,-9.999988675117492676e-01,9.999977350234985352e-01,-9.999616146087646484e-01,-9.999990463256835938e-01,-9.999982118606567383e-01,-9.999984502792358398e-01,-9.999898672103881836e-01,-9.999985098838806152e-01,-9.999989867210388184e-01,9.999989271163940430e-01,9.999990463256835938e-01,9.999981522560119629e-01,9.999989867210388184e-01,9.999930262565612793e-01,9.999973177909851074e-01,9.999984502792358398e-01,9.999980926513671875e-01,-9.999458789825439453e-01,-9.999983906745910645e-01,-9.999987483024597168e-01,9.999979138374328613e-01,-9.999992251396179199e-01,-9.999986886978149414e-01,-9.999961256980895996e-01,9.999966621398925781e-01,9.999991655349731445e-01,9.999992847442626953e-01,9.999957084655761719e-01,9.999989271163940430e-01,-9.999992251396179199e-01,9.999990463256835938e-01,-9.999984502792358398e-01,-9.999974370002746582e-01,9.999927878379821777e-01,9.998347759246826172e-01,9.999986290931701660e-01,-9.999939799308776855e-01,-9.999989271163940430e-01,9.999936223030090332e-01,9.999976158142089844e-01,9.999717473983764648e-01,-9.999980926513671875e-01,9.999991059303283691e-01,-9.999958872795104980e-01,9.999986290931701660e-01,9.999877810478210449e-01,-9.999934434890747070e-01,-9.999991655349731445e-01,9.998865723609924316e-01,-9.999976754188537598e-01,9.999985694885253906e-01,-9.999987483024597168e-01,9.999808073043823242e-01,9.999986290931701660e-01,-9.999989271163940430e-01,9.999983906745910645e-01,9.999930262565612793e-01,-9.999992251396179199e-01,9.999991059303283691e-01,-9.999915957450866699e-01,9.999979138374328613e-01,-9.999990463256835938e-01,9.999837875366210938e-01,9.999815225601196289e-01,-9.999988079071044922e-01,-9.999976754188537598e-01,-9.999601840972900391e-01,9.999983310699462891e-01,9.999957680702209473e-01,-9.999988675117492676e-01,9.999983906745910645e-01,-9.999989271163940430e-01,9.999986290931701660e-01,9.999908804893493652e-01,-9.999993443489074707e-01,9.999987483024597168e-01,-9.999991059303283691e-01,9.999991059303283691e-01,9.999952912330627441e-01,9.999985694885253906e-01,9.999991655349731445e-01,-9.999967813491821289e-01,-9.999989271163940430e-01,9.999980330467224121e-01,-9.998579025268554688e-01,9.999964833259582520e-01,-9.999878406524658203e-01,9.999981522560119629e-01
9.999946951866149902e-01,-9.999954700469970703e-01,-9.999592304229736328e-01,9.999948740005493164e-01,9.999966025352478027e-01,-9.999958872795104980e-01,9.999848604202270508e-01,9.999969601631164551e-01,-9.999915957450866699e-01,9.999917745590209961e-01,-9.999941587448120117e-01,-9.999966621398925781e-01,9.999945163726806641e-01,9.999942183494567871e-01,9.999032020568847656e-01,9.999930262565612793e-01,9.999933242797851562e-01,-9.999958872795104980e-01,9.999707341194152832e-01,-9.999971389770507812e-01,-9.999967813491821289e-01,9.999567866325378418e-01,9.999946355819702148e-01,9.999955296516418457e-01,9.999694824218750000e-01,9.999969601631164551e-01,-9.999955296516418457e-01,-9.999967217445373535e-01,9.999328255653381348e-01,-9.999889731407165527e-01,-9.999849796295166016e-01,-9.999957084655761719e-01,9.999821186065673828e-01,9.999928474426269531e-01,-9.999901652336120605e-01,-9.999656081199645996e-01,9.999969601631164551e-01,9.999958276748657227e-01,9.999787807464599609e-01,-9.999966621398925781e-01,9.999955892562866211e-01,-9.999913573265075684e-01,9.998514652252197266e-01,9.999960064888000488e-01,9.999930858612060547e-01,9.999941587448120117e-01,9.999605417251586914e-01,9.999943971633911133e-01,9.999963641166687012e-01,-9.999957680702209473e-01,-9.999961853027343750e-01,-9.999928474426269531e-01,-9.999958872795104980e-01,-9.999731183052062988e-01,-9.999896287918090820e-01,-9.999942183494567871e-01,-9.999926686286926270e-01,9.997907280921936035e-01,9.999938011169433594e-01,9.999949336051940918e-01,-9.999921321868896484e-01,9.999967813491821289e-01,9.999948740005493164e-01,9.999850392341613770e-01,-9.999873638153076172e-01,-9.999964237213134766e-01,-9.999968409538269043e-01,-9.999831914901733398e-01,-9.999959468841552734e-01,9.999964833259582520e-01,-9.999960064888000488e-01,9.999942183494567871e-01,9.999901652336120605e-01,-9.999724030494689941e-01,-9.993608593940734863e-01,-9.999946355819702148e-01,9.999763965606689453e-01,9.999959468841552734e-01,-9.999750256538391113e-01,-9.999910593032836914e-01,-9.998900294303894043e-01,9.999927282333374023e-01,-9.999963045120239258e-01,9.999839663505554199e-01,-9.999949932098388672e-01,-9.999526739120483398e-01,9.999741911888122559e-01,9.999964237213134766e-01,-9.995613098144531250e-01,9.999911785125732422e-01,-9.999945163726806641e-01,9.999951124191284180e-01,-9.999255537986755371e-01,-9.999944567680358887e-01,9.999957084655761719e-01,-9.999936819076538086e-01,-9.999729394912719727e-01,9.999967813491821289e-01,-9.999963641166687012e-01,9.999670982360839844e-01,-9.999918937683105469e-01,9.999961256980895996e-01,-9.999372363090515137e-01,-9.999283552169799805e-01,9.999955892562866211e-01,9.999909400939941406e-01,9.998459815979003906e-01,-9.999934434890747070e-01,-9.999836683273315430e-01,9.999957680702209473e-01,-9.999937415122985840e-01,9.999958276748657227e-01,-9.999944567680358887e-01,-9.999647736549377441e-01,9.999970793724060059e-01,-9.999952316284179688e-01,9.999961256980895996e-01,-9.999961256980895996e-01,-9.999817013740539551e-01,-9.999945759773254395e-01,-9.999964237213134766e-01,9.999872446060180664e-01,9.999958276748657227e-01,-9.999926090240478516e-01,9.994502067565917969e-01,-9.999865889549255371e-01,9.999528527259826660e-01,-9.999929070472717285e-01
9.999989271163940430e-01,-9.999992847442626953e-01,-9.999920129776000977e-01,9.999990463256835938e-01,9.999994039535522461e-01,-9.999992847442626953e-01,9.999969601631164551e-01,9.999995231628417969e-01,-9.999983310699462891e-01,9.999983310699462891e-01,-9.999989271163940430e-01,-9.999994039535522461e-01,9.999989271163940430e-01,9.999988675117492676e-01,9.999811053276062012e-01,9.999986886978149414e-01,9.999987483024597168e-01,-9.999992251396179199e-01,9.999942779541015625e-01,-9.999994635581970215e-01,-9.999994039535522461e-01,9.999915361404418945e-01,9.999989867210388184e-01,9.999991655349731445e-01,9.999940395355224609e-01,9.999995231628417969e-01,-9.999991655349731445e-01,-9.999994635581970215e-01,9.999868273735046387e-01,-9.999978542327880859e-01,-9.999970197677612305e-01,-9.999992847442626953e-01,9.999965429306030273e-01,9.999986886978149414e-01,-9.999980330467224121e-01,-9.999933838844299316e-01,9.999995231628417969e-01,9.999993443489074707e-01,9.999958872795104980e-01,-9.999994039535522461e-01,9.999991655349731445e-01,-9.999982714653015137e-01,9.999709129333496094e-01,9.999992847442626953e-01,9.999986290931701660e-01,9.999988675117492676e-01,9.999923110008239746e-01,9.999989271163940430e-01,9.999993443489074707e-01,-9.999991059303283691e-01,-9.999992847442626953e-01,-9.999985694885253906e-01,-9.999992847442626953e-01,-9.999948143959045410e-01,-9.999979734420776367e-01,-9.999988675117492676e-01,-9.999985694885253906e-01,9.999588727951049805e-01,9.999987483024597168e-01,9.999990463256835938e-01,-9.999984502792358398e-01,9.999994039535522461e-01,9.999989867210388184e-01,9.999970197677612305e-01,-9.999975562095642090e-01,-9.999993443489074707e-01,-9.999993443489074707e-01,-9.999966621398925781e-01,-9.999992251396179199e-01,9.999993443489074707e-01,-9.999993443489074707e-01,9.999988675117492676e-01,9.999981522560119629e-01,-9.999945759773254395e-01,-9.998744726181030273e-01,-9.999989867210388184e-01,9.999954700469970703e-01,9.999992251396179199e-01,-9.999951720237731934e-01,-9.999982118606567383e-01,-9.999785423278808594e-01,9.999985694885253906e-01,-9.999993443489074707e-01,9.999968409538269043e-01,-9.999990463256835938e-01,-9.999907612800598145e-01,9.999951124191284180e-01,9.999993443489074707e-01,-9.999138712882995605e-01,9.999982714653015137e-01,-9.999989271163940430e-01,9.999991059303283691e-01,-9.999853968620300293e-01,-9.999989867210388184e-01,9.999992847442626953e-01,-9.999987483024597168e-01,-9.999946951866149902e-01,9.999994039535522461e-01,-9.999993443489074707e-01,9.999936819076538086e-01,-9.999985098838806152e-01,9.999992847442626953e-01,-9.999877214431762695e-01,-9.999859929084777832e-01,9.999991655349731445e-01,9.999983310699462891e-01,9.999698400497436523e-01,-9.999986886978149414e-01,-9.999967813491821289e-01,9.999992251396179199e-01,-9.999987483024597168e-01,9.999992251396179199e-01,-9.999989271163940430e-01,-9.999932050704956055e-01,9.999995231628417969e-01,-9.999992251396179199e-01,9.999992847442626953e-01,-9.999992847442626953e-01,-9.999964833259582520e-01,-9.999989867210388184e-01,-9.999993443489074707e-01,9.999975562095642090e-01,9.999993443489074707e-01,-9.999985098838806152e-01,9.998919963836669922e-01,-9.999973177909851074e-01,9.999908804893493652e-01,-9.999986290931701660e-01
-9.999970793724060059e-01,9.999974370002746582e-01,9.999776482582092285e-01,-9.999971389770507812e-01,-9.999981522560119629e-01,9.999977946281433105e-01,-9.999915957450866699e-01,-9.999983310699462891e-01,9.999954104423522949e-01,-9.999955296516418457e-01,9.999968409538269043e-01,9.999982714653015137e-01,-9.999969005584716797e-01,-9.999967813491821289e-01,-9.999467134475708008e-01,-9.999960660934448242e-01,-9.999962449073791504e-01,9.999976754188537598e-01,-9.999838471412658691e-01,9.999984502792358398e-01,9.999983310699462891e-01,-9.999761581420898438e-01,-9.999969601631164551e-01,-9.999975562095642090e-01,-9.999832510948181152e-01,-9.999983906745910645e-01,9.999975562095642090e-01,9.999982118606567383e-01,-9.999630451202392578e-01,9.999940395355224609e-01,9.999917149543762207e-01,9.999977350234985352e-01,-9.999901652336120605e-01,-9.999960064888000488e-01,9.999946951866149902e-01,9.999811053276062012e-01,-9.999984502792358398e-01,-9.999977946281433105e-01,-9.999883174896240234e-01,9.999981522560119629e-01,-9.999975562095642090e-01,9.999952912330627441e-01,-9.999181628227233887e-01,-9.999977946281433105e-01,-9.999960064888000488e-01,-9.999967217445373535e-01,-9.999783635139465332e-01,-9.999969005584716797e-01,-9.999980330467224121e-01,9.999976754188537598e-01,9.999979138374328613e-01,9.999960064888000488e-01,9.999977350234985352e-01,9.999851584434509277e-01,9.999943375587463379e-01,9.999967813491821289e-01,9.999958872795104980e-01,-9.998847246170043945e-01,-9.999965429306030273e-01,-9.999971389770507812e-01,9.999956488609313965e-01,-9.999982118606567383e-01,-9.999971389770507812e-01,-9.999918341636657715e-01,9.999930262565612793e-01,9.999979138374328613e-01,9.999983310699462891e-01,9.999907612800598145e-01,9.999977946281433105e-01,-9.999980330467224121e-01,9.999977946281433105e-01,-9.999967813491821289e-01,-9.999945759773254395e-01,9.999847412109375000e-01,9.996479749679565430e-01,9.999970197677612305e-01,-9.999870061874389648e-01,-9.999977946281433105e-01,9.999862313270568848e-01,9.999951124191284180e-01,9.999394416809082031e-01,-9.999960064888000488e-01,9.999979138374328613e-01,-9.999912381172180176e-01,9.999971389770507812e-01,9.999739527702331543e-01,-9.999858140945434570e-01,-9.999979734420776367e-01,9.997586011886596680e-01,-9.999951720237731934e-01,9.999969601631164551e-01,-9.999973177909851074e-01,9.999590516090393066e-01,9.999969005584716797e-01,-9.999976158142089844e-01,9.999965429306030273e-01,9.999850988388061523e-01,-9.999982118606567383e-01,9.999979734420776367e-01,-9.999819397926330566e-01,9.999955296516418457e-01,-9.999978542327880859e-01,9.999655485153198242e-01,9.999605417251586914e-01,-9.999975562095642090e-01,-9.999950528144836426e-01,-9.999151229858398438e-01,9.999963641166687012e-01,9.999910593032836914e-01,-9.999975562095642090e-01,9.999965429306030273e-01,-9.999976754188537598e-01,9.999969005584716797e-01,9.999806284904479980e-01,-9.999984502792358398e-01,9.999973177909851074e-01,-9.999977946281433105e-01,9.999978542327880859e-01,9.999899864196777344e-01,9.999969601631164551e-01,9.999980926513671875e-01,-9.999930858612060547e-01,-9.999977350234985352e-01,9.999958276748657227e-01,-9.996972084045410156e-01,9.999927282333374023e-01,-9.999741315841674805e-01,9.999959468841552734e-01
9.999970793724060059e-01,-9.999974966049194336e-01,-9.999779462814331055e-01,9.999971389770507812e-01,9.999982118606567383e-01,-9.999978542327880859e-01,9.999917745590209961e-01,9.999983310699462891e-01,-9.999955296516418457e-01,9.999955892562866211e-01,-9.999969005584716797e-01,-9.999982714653015137e-01,9.999969601631164551e-01,9.999967217445373535e-01,9.999474883079528809e-01,9.999961256980895996e-01,9.999963045120239258e-01,-9.999976754188537598e-01,9.999840855598449707e-01,-9.999984502792358398e-01,-9.999983310699462891e-01,9.999765157699584961e-01,9.999970197677612305e-01,9.999975562095642090e-01,9.999834299087524414e-01,9.999983906745910645e-01,-9.999975562095642090e-01,-9.999982118606567383e-01,9.999635219573974609e-01,-9.999940395355224609e-01,-9.999918341636657715e-01,-9.999976754188537598e-01,9.999902844429016113e-01,9.999961853027343750e-01,-9.999947547912597656e-01,-9.999813437461853027e-01,9.999983310699462891e-01,9.999977946281433105e-01,9.999884963035583496e-01,-9.999982714653015137e-01,9.999975562095642090e-01,-9.999953508377075195e-01,9.999191761016845703e-01,9.999979138374328613e-01,9.999961853027343750e-01,9.999967813491821289e-01,9.999787211418151855e-01,9.999970197677612305e-01,9.999980330467224121e-01,-9.999976158142089844e-01,-9.999979138374328613e-01,-9.999961853027343750e-01,-9.999978542327880859e-01,-9.999853372573852539e-01,-9.999943971633911133e-01,-9.999967813491821289e-01,-9.999959468841552734e-01,9.998862147331237793e-01,9.999966621398925781e-01,9.999971985816955566e-01,-9.999957084655761719e-01,9.999982714653015137e-01,9.999971985816955566e-01,9.999918937683105469e-01,-9.999932050704956055e-01,-9.999980926513671875e-01,-9.999983310699462891e-01,-9.999908804893493652e-01,-9.999977946281433105e-01,9.999980926513671875e-01,-9.999978542327880859e-01,9.999967813491821289e-01,9.999946355819702148e-01,-9.999850392341613770e-01,-9.996522665023803711e-01,-9.999970793724060059e-01,9.999871850013732910e-01,9.999977946281433105e-01,-9.999865293502807617e-01,-9.999951720237731934e-01,-9.999403357505798340e-01,9.999961256980895996e-01,-9.999981522560119629e-01,9.999913573265075684e-01,-9.999972581863403320e-01,-9.999743700027465820e-01,9.999860525131225586e-01,9.999980926513671875e-01,-9.997614622116088867e-01,9.999952316284179688e-01,-9.999969601631164551e-01,9.999973177909851074e-01,-9.999595284461975098e-01,-9.999970197677612305e-01,9.999976158142089844e-01,-9.999966025352478027e-01,-9.999852776527404785e-01,9.999982714653015137e-01,-9.999980330467224121e-01,9.999821186065673828e-01,-9.999956488609313965e-01,9.999979138374328613e-01,-9.999658465385437012e-01,-9.999610781669616699e-01,9.999976158142089844e-01,9.999951720237731934e-01,9.999162554740905762e-01,-9.999964237213134766e-01,-9.999911785125732422e-01,9.999976754188537598e-01,-9.999966025352478027e-01,9.999976754188537598e-01,-9.999970197677612305e-01,-9.999808669090270996e-01,9.999983906745910645e-01,-9.999974370002746582e-01,9.999979138374328613e-01,-9.999978542327880859e-01,-9.999901652336120605e-01,-9.999970793724060059e-01,-9.999982118606567383e-01,9.999930858612060547e-01,9.999977946281433105e-01,-9.999958872795104980e-01,9.997010231018066406e-01,-9.999927282333374023e-01,9.999744892120361328e-01,-9.999960064888000488e-01
-9.999979734420776367e-01,9.999983310699462891e-01,9.999845027923583984e-01,-9.999979734420776367e-01,-9.999987483024597168e-01,9.999985694885253906e-01,-9.999941587448120117e-01,-9.999989271163940430e-01,9.999968409538269043e-01,-9.999969005584716797e-01,9.999977946281433105e-01,9.999988079071044922e-01,-9.999979138374328613e-01,-9.999977946281433105e-01,-9.999628663063049316e-01,-9.999973773956298828e-01,-9.999974966049194336e-01,9.999983906745910645e-01,-9.999887347221374512e-01,9.999989867210388184e-01,9.999988079071044922e-01,-9.999834895133972168e-01,-9.999979734420776367e-01,-9.999982714653015137e-01,-9.999883174896240234e-01,-9.999988675117492676e-01,9.999982714653015137e-01,9.999988675117492676e-01,-9.999743700027465820e-01,9.999958276748657227e-01,9.999942779541015625e-01,9.999984502792358398e-01,-9.999931454658508301e-01,-9.999973177909851074e-01,9.999963045120239258e-01,9.999867677688598633e-01,-9.999989867210388184e-01,-9.999985098838806152e-01,-9.999918937683105469e-01,9.999986886978149414e-01,-9.999982714653015137e-01,9.999966621398925781e-01,-9.999430179595947266e-01,-9.999985098838806152e-01,-9.999973773956298828e-01,-9.999977350234985352e-01,-9.999849796295166016e-01,-9.999979138374328613e-01,-9.999986290931701660e-01,9.999983906745910645e-01,9.999985098838806152e-01,9.999973177909851074e-01,9.999984502792358398e-01,9.999897480010986328e-01,9.999959468841552734e-01,9.999977350234985352e-01,9.999971389770507812e-01,-9.999195933341979980e-01,-9.999976754188537598e-01,-9.999980926513671875e-01,9.999969005584716797e-01,-9.999987483024597168e-01,-9.999980330467224121e-01,-9.999942779541015625e-01,9.999952316284179688e-01,9.999986290931701660e-01,9.999988079071044922e-01,9.999936223030090332e-01,9.999984502792358398e-01,-9.999987483024597168e-01,9.999985694885253906e-01,-9.999977946281433105e-01,-9.999961853027343750e-01,9.999894499778747559e-01,9.997544288635253906e-01,9.999979734420776367e-01,-9.999909996986389160e-01,-9.999985098838806152e-01,9.999904632568359375e-01,9.999965429306030273e-01,9.999577999114990234e-01,-9.999972581863403320e-01,9.999986290931701660e-01,-9.999938607215881348e-01,9.999980926513671875e-01,9.999818801879882812e-01,-9.999901652336120605e-01,-9.999986886978149414e-01,9.998314976692199707e-01,-9.999966621398925781e-01,9.999978542327880859e-01,-9.999980926513671875e-01,9.999714493751525879e-01,9.999979138374328613e-01,-9.999984502792358398e-01,9.999975562095642090e-01,9.999896883964538574e-01,-9.999987483024597168e-01,9.999985694885253906e-01,-9.999874830245971680e-01,9.999969601631164551e-01,-9.999985694885253906e-01,9.999760389328002930e-01,9.999726414680480957e-01,-9.999983310699462891e-01,-9.999966025352478027e-01,-9.999406933784484863e-01,9.999974966049194336e-01,9.999938607215881348e-01,-9.999983310699462891e-01,9.999976158142089844e-01,-9.999983906745910645e-01,9.999979734420776367e-01,9.999865889549255371e-01,-9.999989271163940430e-01,9.999982714653015137e-01,-9.999985694885253906e-01,9.999985694885253906e-01,9.999929666519165039e-01,9.999980330467224121e-01,9.999987483024597168e-01,-9.999952316284179688e-01,-9.999984502792358398e-01,9.999970793724060059e-01,-9.997887015342712402e-01,9.999949336051940918e-01,-9.999819993972778320e-01,9.999973177909851074e-01
-9.999988675117492676e-01,9.999991655349731445e-01,9.999912381172180176e-01,-9.999988675117492676e-01,-9.999993443489074707e-01,9.999992847442626953e-01,-9.999966621398925781e-01,-9.999994039535522461e-01,9.999982714653015137e-01,-9.999982714653015137e-01,9.999988079071044922e-01,9.999994039535522461e-01,-9.999988079071044922e-01,-9.999987483024597168e-01,-9.999791383743286133e-01,-9.999985694885253906e-01,-9.999985098838806152e-01,9.999991655349731445e-01,-9.999936223030090332e-01,9.999994635581970215e-01,9.999994039535522461e-01,-9.999907016754150391e-01,-9.999988675117492676e-01,-9.999991059303283691e-01,-9.999933838844299316e-01,-9.999994039535522461e-01,9.999992251396179199e-01,9.999994039535522461e-01,-9.999854564666748047e-01,9.999976754188537598e-01,9.999967217445373535e-01,9.999991059303283691e-01,-9.999961853027343750e-01,-9.999984502792358398e-01,9.999979138374328613e-01,9.999926686286926270e-01,-9.999994635581970215e-01,-9.999992847442626953e-01,-9.999955296516418457e-01,9.999993443489074707e-01,-9.999992251396179199e-01,9.999980926513671875e-01,-9.999678134918212891e-01,-9.999992251396179199e-01,-9.999984502792358398e-01,-9.999987483024597168e-01,-9.999915361404418945e-01,-9.999988675117492676e-01,-9.999992847442626953e-01,9.999991655349731445e-01,9.999993443489074707e-01,9.999985098838806152e-01,9.999991655349731445e-01,9.999942183494567871e-01,9.999977350234985352e-01,9.999987483024597168e-01,9.999983906745910645e-01,-9.999546408653259277e-01,-9.999986886978149414e-01,-9.999989867210388184e-01,9.999982714653015137e-01,-9.999993443489074707e-01,-9.999988675117492676e-01,-9.999967217445373535e-01,9.999973177909851074e-01,9.999992847442626953e-01,9.999994039535522461e-01,9.999963045120239258e-01,9.999992847442626953e-01,-9.999992847442626953e-01,9.999992847442626953e-01,-9.999987483024597168e-01,-9.999979138374328613e-01,9.999940395355224609e-01,9.998612999916076660e-01,9.999989271163940430e-01,-9.999949336051940918e-01,-9.999992847442626953e-01,9.999945759773254395e-01,9.999980330467224121e-01,9.999762773513793945e-01,-9.999983906745910645e-01,9.999992847442626953e-01,-9.999966025352478027e-01,9.999989271163940430e-01,9.999897480010986328e-01,-9.999944567680358887e-01,-9.999992847442626953e-01,9.999048113822937012e-01,-9.999982118606567383e-01,9.999988675117492676e-01,-9.999989271163940430e-01,9.999839067459106445e-01,9.999988675117492676e-01,-9.999992251396179199e-01,9.999986290931701660e-01,9.999940991401672363e-01,-9.999994039535522461e-01,9.999993443489074707e-01,-9.999929666519165039e-01,9.999983310699462891e-01,-9.999992847442626953e-01,9.999865293502807617e-01,9.999846220016479492e-01,-9.999991059303283691e-01,-9.999981522560119629e-01,-9.999665617942810059e-01,9.999986290931701660e-01,9.999964237213134766e-01,-9.999991059303283691e-01,9.999987483024597168e-01,-9.999991059303283691e-01,9.999988675117492676e-01,9.999924898147583008e-01,-9.999994635581970215e-01,9.999989867210388184e-01,-9.999992251396179199e-01,9.999993443489074707e-01,9.999961256980895996e-01,9.999988675117492676e-01,9.999994039535522461e-01,-9.999972581863403320e-01,-9.999991655349731445e-01,9.999983906745910645e-01,-9.998806118965148926e-01,9.999971389770507812e-01,-9.999898076057434082e-01,9.999984502792358398e-01
