3.958396017551422119e-01,7.141425274312496185e-03,1.539245247840881348e-01,-1.970816105604171753e-01,2.666032910346984863e-01,-3.860247731208801270e-01,9.411855787038803101e-02,3.984585106372833252e-01,-7.436806336045265198e-03,-4.411800578236579895e-02,-2.579950988292694092e-01,-1.714027971029281616e-01,-1.686440408229827881e-01,-7.241032272577285767e-02,-8.112786710262298584e-02,1.329673826694488525e-01,6.189617794007062912e-03,-8.169296383857727051e-02,1.298743337392807007e-01,-4.086126387119293213e-02,-1.246058866381645203e-01,-2.571882307529449463e-01,-2.126945257186889648e-01,1.442874670028686523e-01,1.126715261489152908e-02,1.638210117816925049e-01,4.367458447813987732e-02,-3.491883873939514160e-01,8.003090508282184601e-03,-5.817214772105216980e-02,-1.704324185848236084e-01,1.317761931568384171e-02,-1.832533776760101318e-01,2.225994132459163666e-02,-1.172371767461299896e-02,1.113207358866930008e-02,6.062108278274536133e-02,-8.759616874158382416e-03,-2.084887623786926270e-01,-1.914935857057571411e-01,1.080072000622749329e-01,1.199497207999229431e-01,-1.690680980682373047e-01,-2.849580720067024231e-02,-1.040021330118179321e-02,2.594320476055145264e-01,9.725487791001796722e-03,2.269854396581649780e-02,1.627552956342697144e-01,-1.191588398069143295e-02,-1.992353796958923340e-01,-2.570480704307556152e-01,9.167971462011337280e-02,1.202279981225728989e-02,-9.579467587172985077e-03,-3.140315040946006775e-02,9.123727679252624512e-02,6.081326864659786224e-04,1.298976838588714600e-01,2.510127127170562744e-01,-1.247958466410636902e-01,1.877642124891281128e-01,-6.637515965849161148e-03,2.267018258571624756e-01,1.027284339070320129e-01,-8.504848927259445190e-03,-3.221748471260070801e-01,6.295370310544967651e-02,1.334634236991405487e-02,3.088924884796142578e-01,-1.867810338735580444e-01,2.447025179862976074e-01,-8.659744635224342346e-04,-1.029288247227668762e-01,-2.126457989215850830e-01,-1.063497811555862427e-01,7.091296138241887093e-04,-6.953046470880508423e-02,8.594377338886260986e-02,6.571487337350845337e-02,4.244497511535882950e-03,-6.081927858758717775e-05,-9.111944586038589478e-02,-2.535026520490646362e-03,-2.120513617992401123e-01,1.566684246063232422e-01,2.913808524608612061e-01,1.947952434420585632e-03,-1.416254639625549316e-01,8.058193325996398926e-02,-1.280649304389953613e-01,3.306116163730621338e-01,1.371942609548568726e-01,-2.202385216951370239e-01,-1.077754423022270203e-02,-2.954365015029907227e-01,-2.259944938123226166e-02,-8.389490176341496408e-06,-6.871619075536727905e-02,8.919408917427062988e-02,-2.688788771629333496e-01,3.524034917354583740e-01,3.582241386175155640e-02,-8.756984770298004150e-02,-1.358782649040222168e-01,3.428830951452255249e-02,2.466549426317214966e-01,1.764067858457565308e-01,-4.222093224525451660e-01,1.738934405148029327e-02,-1.556256115436553955e-01,2.374318838119506836e-01,9.496437758207321167e-02,-1.326253116130828857e-01,1.195072941482067108e-02,-2.332858368754386902e-02,2.638572454452514648e-01,-1.837669312953948975e-01,-7.975330948829650879e-02,-1.670243144035339355e-01,-1.617800444364547729e-01,-4.331050440669059753e-02,-2.501616254448890686e-02,3.264916241168975830e-01,-2.060232684016227722e-03,2.002066224813461304e-01,1.209145411849021912e-03,8.642523735761642456e-02
7.141425274312496185e-03,1.106353942304849625e-02,-8.719539642333984375e-02,6.618204712867736816e-02,6.644701212644577026e-02,-1.279141847044229507e-02,-1.417103968560695648e-02,4.747910052537918091e-02,7.078531384468078613e-02,7.547818124294281006e-02,-1.274768915027379990e-02,-5.634834989905357361e-02,7.828649133443832397e-02,7.557847350835800171e-02,8.436308056116104126e-02,1.014500632882118225e-01,-1.482390565797686577e-03,7.927867025136947632e-02,-8.484466373920440674e-02,-6.698840111494064331e-02,-5.261471495032310486e-02,6.303904205560684204e-02,6.029096990823745728e-02,-3.932350128889083862e-02,1.859246753156185150e-02,9.091845154762268066e-02,-8.705257624387741089e-02,-5.997800081968307495e-02,8.789785206317901611e-02,-1.394822634756565094e-02,3.751524956896901131e-03,-9.847125411033630371e-02,4.597315564751625061e-02,7.465188950300216675e-02,-3.369929501786828041e-03,-1.013087630271911621e-01,7.908402383327484131e-02,8.706169575452804565e-02,-8.597324788570404053e-02,-7.596702128648757935e-02,8.347395807504653931e-02,-3.926893230527639389e-03,8.343525975942611694e-02,5.034636706113815308e-02,3.310305299237370491e-03,-8.197975903749465942e-02,-8.337938785552978516e-02,-2.448169514536857605e-02,-7.864935323596000671e-03,-9.035106748342514038e-03,-2.428133593639358878e-04,-9.390253573656082153e-03,6.686419993638992310e-02,-5.249423906207084656e-03,-3.308496996760368347e-02,-9.752771258354187012e-02,5.368960276246070862e-02,3.475823672488331795e-03,-7.994651049375534058e-02,-5.751920491456985474e-02,-6.525017321109771729e-03,-1.956424675881862640e-02,2.233399776741862297e-03,3.809782862663269043e-02,2.249623648822307587e-03,-3.332977369427680969e-02,4.601528495550155640e-02,9.873972833156585693e-02,-9.206344187259674072e-02,4.599920287728309631e-02,-8.613276481628417969e-02,-3.605163842439651489e-02,-3.807090967893600464e-02,8.244262635707855225e-02,-2.594752004370093346e-03,-9.342972934246063232e-02,-3.330385370645672083e-04,9.229343384504318237e-02,-1.849581301212310791e-02,-8.369271457195281982e-02,8.754836767911911011e-02,5.338936898624524474e-05,-8.250707387924194336e-02,1.691570796538144350e-04,-9.298766404390335083e-02,-8.250611275434494019e-02,5.061818659305572510e-02,1.086510252207517624e-03,8.105818182229995728e-02,7.344827055931091309e-02,-1.695581525564193726e-02,-1.225815992802381516e-02,-7.744031399488449097e-02,3.511686250567436218e-02,-8.302842825651168823e-02,5.473822355270385742e-03,6.044788286089897156e-02,-5.479078595271857921e-07,-7.729866355657577515e-02,8.289311826229095459e-02,-4.724710807204246521e-02,5.847035720944404602e-02,-9.026988595724105835e-02,-8.620426058769226074e-02,9.613140672445297241e-02,-1.416749507188796997e-02,-7.400983572006225586e-02,-9.105668216943740845e-02,-2.128824219107627869e-02,-9.925829945132136345e-04,6.786091625690460205e-02,-7.006416469812393188e-02,-8.393998444080352783e-02,-8.609494194388389587e-03,9.161224961280822754e-02,-8.346387743949890137e-02,6.396383047103881836e-02,4.972269013524055481e-02,-9.129837900400161743e-02,5.542156100273132324e-02,8.221673220396041870e-02,7.359280437231063843e-02,7.434818893671035767e-02,-4.790216684341430664e-02,-5.964558944106101990e-02,-5.366445332765579224e-02,-7.776626385748386383e-03,7.405499368906021118e-02
1.539245247840881348e-01,-8.719539642333984375e-02,8.216678500175476074e-01,-7.402896881103515625e-01,-4.765398502349853516e-01,-1.035475209355354309e-01,1.523792594671249390e-01,-2.397943586111068726e-01,-6.222451925277709961e-01,-6.838357448577880859e-01,9.110435843467712402e-02,4.647891521453857422e-01,-6.783511042594909668e-01,-7.373167276382446289e-01,-7.908496260643005371e-01,-7.414779067039489746e-01,1.474272459745407104e-02,-7.122220993041992188e-01,7.912204265594482422e-01,6.380080580711364746e-01,4.500005245208740234e-01,-7.100596427917480469e-01,-6.793295741081237793e-01,4.100945293903350830e-01,-1.836610585451126099e-01,-6.368788480758666992e-01,7.658909559249877930e-01,3.116199076175689697e-01,-7.372848391532897949e-01,5.044056475162506104e-02,-7.000764459371566772e-02,8.125296831130981445e-01,-5.308474898338317871e-01,-7.095868587493896484e-01,2.591086924076080322e-02,7.967657446861267090e-01,-6.693482398986816406e-01,-7.716289758682250977e-01,5.691257715225219727e-01,6.283398270606994629e-01,-6.833595633506774902e-01,4.612153023481369019e-02,-7.889640927314758301e-01,-4.984858632087707520e-01,-3.676712512969970703e-02,8.017765879631042480e-01,7.706353068351745605e-01,2.338742464780807495e-01,1.041045486927032471e-01,1.610559225082397461e-01,-6.050915271043777466e-02,-2.868168242275714874e-02,-6.011453270912170410e-01,7.002685964107513428e-02,2.623704373836517334e-01,7.950797080993652344e-01,-5.445730090141296387e-01,-3.482237458229064941e-02,7.456406354904174805e-01,6.717574000358581543e-01,1.554805692285299301e-02,2.291608601808547974e-01,-2.550866268575191498e-02,-2.049252092838287354e-01,2.706786803901195526e-02,3.221032619476318359e-01,-4.706389904022216797e-01,-7.672283649444580078e-01,7.834660410881042480e-01,-2.397744506597518921e-01,6.620544195175170898e-01,3.824520409107208252e-01,4.247604012489318848e-01,-7.810020446777343750e-01,-9.674888849258422852e-02,7.312324643135070801e-01,2.996539464220404625e-03,-8.218804001808166504e-01,2.730189263820648193e-01,7.695274353027343750e-01,-7.773777842521667480e-01,-5.821872036904096603e-04,7.064983248710632324e-01,-3.505449276417493820e-03,6.783981323242187500e-01,7.994155883789062500e-01,-2.997283935546875000e-01,-8.755113929510116577e-03,-7.312146425247192383e-01,-6.612736582756042480e-01,1.438551098108291626e-01,2.498394101858139038e-01,7.493227124214172363e-01,-4.831236004829406738e-01,7.368596196174621582e-01,-2.059848606586456299e-01,-5.481998920440673828e-01,3.715028697115485556e-06,6.444112658500671387e-01,-6.594791412353515625e-01,3.727442324161529541e-01,-3.067051768302917480e-01,8.008336424827575684e-01,7.095432877540588379e-01,-8.447387218475341797e-01,-2.713256701827049255e-02,7.288166284561157227e-01,8.062972426414489746e-01,-3.981154412031173706e-02,1.907512545585632324e-02,-6.868805885314941406e-01,7.548050284385681152e-01,7.928946018218994141e-01,-1.303959041833877563e-01,-7.969532012939453125e-01,7.229859232902526855e-01,-4.005601406097412109e-01,-5.755779743194580078e-01,7.560389637947082520e-01,-6.365637183189392090e-01,-7.611764073371887207e-01,-7.006367444992065430e-01,-7.091027498245239258e-01,5.692051649093627930e-01,6.227802634239196777e-01,6.266472935676574707e-01,5.637674778699874878e-02,-6.430119872093200684e-01
-1.970816105604171753e-01,6.618204712867736816e-02,-7.402896881103515625e-01,7.651778459548950195e-01,3.296734690666198730e-01,1.596884578466415405e-01,-1.231237351894378662e-01,7.698383927345275879e-02,5.889748334884643555e-01,5.496645569801330566e-01,-2.000559866428375244e-01,-3.314208090305328369e-01,4.964225292205810547e-01,6.719749569892883301e-01,7.089492082595825195e-01,5.700514912605285645e-01,-1.053501293063163757e-02,5.805933475494384766e-01,-7.448518872261047363e-01,-5.920470952987670898e-01,-4.966866075992584229e-01,6.628100872039794922e-01,6.054484248161315918e-01,-3.044261038303375244e-01,1.706894487142562866e-01,4.490896463394165039e-01,-6.474333405494689941e-01,-9.664016216993331909e-02,5.670487284660339355e-01,7.017665356397628784e-02,1.016926113516092300e-02,-7.499305605888366699e-01,6.210634708404541016e-01,6.485782265663146973e-01,-8.778462186455726624e-03,-6.316762566566467285e-01,5.203917622566223145e-01,6.873273849487304688e-01,-3.391645848751068115e-01,-5.762514472007751465e-01,6.426111459732055664e-01,6.047884374856948853e-02,6.750437021255493164e-01,3.905041813850402832e-01,-1.175155863165855408e-01,-6.892616748809814453e-01,-7.214003205299377441e-01,-1.883792728185653687e-01,2.700464800000190735e-02,-1.143392622470855713e-01,5.422095209360122681e-02,2.007373422384262085e-01,6.227446794509887695e-01,-1.114782094955444336e-01,-7.692156732082366943e-02,-6.565751433372497559e-01,5.533574819564819336e-01,2.888795174658298492e-02,-6.691476702690124512e-01,-7.362254261970520020e-01,-5.383676290512084961e-02,-1.291838884353637695e-01,2.832072973251342773e-02,1.280959397554397583e-01,4.290191829204559326e-02,-2.810960412025451660e-01,3.440841436386108398e-01,6.063127517700195312e-01,-6.744077205657958984e-01,4.489890858530998230e-02,-5.276014208793640137e-01,-1.715123802423477173e-01,-4.923308193683624268e-01,7.024645209312438965e-01,-4.916988778859376907e-03,-6.013736724853515625e-01,-1.641713315621018410e-03,7.106973528861999512e-01,-3.918157517910003662e-01,-6.992731690406799316e-01,7.335079312324523926e-01,5.161985172890126705e-04,-5.911224484443664551e-01,8.567446842789649963e-03,-5.620617270469665527e-01,-7.150938510894775391e-01,1.006841808557510376e-01,4.853919614106416702e-03,6.141056418418884277e-01,5.706298351287841797e-01,-1.919288188219070435e-01,-3.717207610607147217e-01,-7.380105853080749512e-01,5.432680249214172363e-01,-6.912803053855895996e-01,2.605544030666351318e-01,3.971391916275024414e-01,-4.134471510042203590e-06,-4.751351177692413330e-01,5.318560004234313965e-01,-2.673167586326599121e-01,1.121980100870132446e-01,-7.585071325302124023e-01,-5.771629810333251953e-01,7.969246506690979004e-01,2.374041527509689331e-01,-7.889072299003601074e-01,-6.870754957199096680e-01,1.785482019186019897e-01,-2.853760123252868652e-02,6.935286521911621094e-01,-7.561855912208557129e-01,-7.650406360626220703e-01,3.063697814941406250e-01,6.887707710266113281e-01,-6.462776660919189453e-01,1.806473433971405029e-01,4.878998696804046631e-01,-6.430990695953369141e-01,6.556501984596252441e-01,6.360175609588623047e-01,7.196004986763000488e-01,6.686557531356811523e-01,-5.445048213005065918e-01,-5.929821133613586426e-01,-6.430881619453430176e-01,-3.113990090787410736e-02,5.273415446281433105e-01
2.666032910346984863e-01,6.644701212644577026e-02,-4.765398502349853516e-01,3.296734690666198730e-01,6.559600830078125000e-01,-3.119921386241912842e-01,-1.450730487704277039e-02,6.518210768699645996e-01,3.855317234992980957e-01,4.633590281009674072e-01,-2.509789764881134033e-01,-5.614751577377319336e-01,3.948349654674530029e-01,4.682841002941131592e-01,5.278519392013549805e-01,7.634620666503906250e-01,-4.500667098909616470e-03,4.623052477836608887e-01,-4.547141790390014648e-01,-4.932914078235626221e-01,-3.554442226886749268e-01,2.677972018718719482e-01,2.738162279129028320e-01,-1.844181567430496216e-01,1.359389573335647583e-01,7.007384896278381348e-01,-5.712130665779113770e-01,-6.515194773674011230e-01,6.612370610237121582e-01,-1.358610093593597412e-01,-1.059967949986457825e-01,-6.135231256484985352e-01,1.007672473788261414e-01,5.782219171524047852e-01,-4.022391885519027710e-02,-6.538817882537841797e-01,5.883642435073852539e-01,5.787182450294494629e-01,-7.533344626426696777e-01,-6.463742852210998535e-01,5.853158831596374512e-01,1.892038248479366302e-02,4.429743289947509766e-01,3.519187867641448975e-01,1.356330215930938721e-01,-4.031750559806823730e-01,-5.693504810333251953e-01,-1.455196738243103027e-01,1.818555407226085663e-02,-1.942560523748397827e-01,-1.691278368234634399e-01,-3.673212826251983643e-01,4.699434638023376465e-01,-1.153120584785938263e-02,-2.913711071014404297e-01,-6.954025030136108398e-01,4.638224840164184570e-01,2.737708948552608490e-02,-4.018717706203460693e-01,-1.907074153423309326e-01,-1.011539399623870850e-01,-1.949514634907245636e-02,6.744668819010257721e-03,3.551833331584930420e-01,2.628524601459503174e-02,-2.366839498281478882e-01,5.320899561047554016e-02,6.971740126609802246e-01,-5.933898091316223145e-01,5.643369555473327637e-01,-7.304707169532775879e-01,-1.837875097990036011e-01,-2.260976731777191162e-01,4.980303049087524414e-01,-3.838848322629928589e-02,-6.753231287002563477e-01,-1.906637568026781082e-03,6.091170310974121094e-01,-1.765688881278038025e-02,-5.129394531250000000e-01,5.861377120018005371e-01,3.720517852343618870e-04,-6.499969959259033203e-01,-3.470555879175662994e-03,-7.397701144218444824e-01,-4.701746702194213867e-01,5.890213251113891602e-01,9.990200400352478027e-03,4.091211855411529541e-01,5.909014344215393066e-01,-1.856068074703216553e-01,2.588278353214263916e-01,-3.781373500823974609e-01,5.909521877765655518e-02,-5.367271900177001953e-01,-1.850657761096954346e-01,4.034067094326019287e-01,-1.008219260256737471e-05,-5.988965630531311035e-01,5.866320729255676270e-01,-5.965793728828430176e-01,6.560101509094238281e-01,-5.701757669448852539e-01,-6.609773039817810059e-01,5.084522366523742676e-01,-4.398879408836364746e-02,-2.400608360767364502e-01,-4.752838313579559326e-01,-4.523461163043975830e-01,1.235274504870176315e-02,3.071683645248413086e-01,-3.034642636775970459e-01,-4.955112636089324951e-01,-1.048827469348907471e-01,6.575691103935241699e-01,-5.477831363677978516e-01,6.407975554466247559e-01,2.564114034175872803e-01,-6.798176765441894531e-01,2.343068569898605347e-01,4.386145472526550293e-01,4.150960743427276611e-01,4.617300331592559814e-01,-5.130962654948234558e-02,-4.747121632099151611e-01,-2.032791227102279663e-01,-3.993657603859901428e-02,5.729460120201110840e-01
-3.860247731208801270e-01,-1.279141847044229507e-02,-1.035475209355354309e-01,1.596884578466415405e-01,-3.119921386241912842e-01,4.163500964641571045e-01,-7.922841608524322510e-02,-4.401953816413879395e-01,-5.816142261028289795e-02,-3.533609677106142044e-03,2.558614909648895264e-01,2.387958317995071411e-01,1.303092241287231445e-01,6.454471498727798462e-03,1.752947457134723663e-02,-2.257177978754043579e-01,-6.174096371978521347e-03,4.389921575784683228e-02,-8.599989116191864014e-02,9.367629885673522949e-02,1.710270643234252930e-01,2.080981284379959106e-01,1.836846321821212769e-01,-1.189895570278167725e-01,-2.808997780084609985e-02,-2.483661919832229614e-01,3.603493049740791321e-02,4.002227187156677246e-01,-7.738213986158370972e-02,4.860476776957511902e-02,1.863301396369934082e-01,7.791764289140701294e-02,1.897817701101303101e-01,-8.827337622642517090e-02,1.643022149801254272e-02,7.470525801181793213e-02,-1.227643862366676331e-01,-5.431555956602096558e-02,2.843128442764282227e-01,2.462417930364608765e-01,-1.709025353193283081e-01,-1.071461811661720276e-01,1.195917204022407532e-01,-3.617691341787576675e-03,-1.197723764926195145e-02,-1.943902820348739624e-01,4.673958569765090942e-02,-2.265833318233489990e-02,-1.710013002157211304e-01,6.532727181911468506e-02,2.222734987735748291e-01,2.808268070220947266e-01,-1.348905265331268311e-01,-6.131848320364952087e-03,3.232609480619430542e-02,1.080676615238189697e-01,-1.490381509065628052e-01,-3.584731137380003929e-03,-9.963936358690261841e-02,-2.211595028638839722e-01,1.336643099784851074e-01,-1.971563547849655151e-01,6.044282577931880951e-03,-2.391557842493057251e-01,-9.255776554346084595e-02,3.438649326562881470e-02,3.122438490390777588e-01,-1.360286772251129150e-01,6.574715673923492432e-02,-3.476703464984893799e-01,2.513692975044250488e-01,-2.086822688579559326e-01,4.516830667853355408e-02,3.508264198899269104e-02,1.776535212993621826e-01,1.579110324382781982e-01,-4.133372276555746794e-04,-5.949837621301412582e-03,-9.740532934665679932e-02,8.102622814476490021e-03,-6.473116576671600342e-02,5.287384738039691001e-06,1.607967317104339600e-01,2.383723156526684761e-03,2.776974141597747803e-01,-8.807522803544998169e-02,-3.291981220245361328e-01,-2.994799520820379257e-03,8.145166933536529541e-02,-1.479080021381378174e-01,1.223054081201553345e-01,-3.559516668319702148e-01,-9.393084049224853516e-02,1.891258507966995239e-01,5.735053867101669312e-02,2.921716868877410889e-01,2.702563069760799408e-02,7.728320269961841404e-06,1.370464116334915161e-01,-1.329013407230377197e-01,3.244567215442657471e-01,-4.153227806091308594e-01,4.019814729690551758e-02,1.578149199485778809e-01,7.464203983545303345e-02,2.146375598385930061e-03,-2.200128734111785889e-01,-1.178909167647361755e-01,4.490182101726531982e-01,-1.655687578022480011e-02,8.528414368629455566e-02,-2.004624456167221069e-01,-3.622627258300781250e-02,1.220086887478828430e-01,-7.483387738466262817e-02,7.821188122034072876e-02,-3.312574028968811035e-01,1.663172394037246704e-01,1.388177126646041870e-01,1.362388432025909424e-01,1.273474544286727905e-01,2.778446651063859463e-04,-3.047222271561622620e-02,-3.185063898563385010e-01,7.501105964183807373e-02,-1.640004664659500122e-01,-6.179428193718194962e-03,-1.341290324926376343e-01
9.411855787038803101e-02,-1.417103968560695648e-02,1.523792594671249390e-01,-1.231237351894378662e-01,-1.450730487704277039e-02,-7.922841608524322510e-02,7.142422348260879517e-02,4.918261244893074036e-02,-1.003812626004219055e-01,-1.052655354142189026e-01,-8.901757001876831055e-02,2.159254625439643860e-02,-1.782299429178237915e-01,-1.090341582894325256e-01,-1.203420609235763550e-01,-1.014619693160057068e-01,4.675362724810838699e-03,-1.551293432712554932e-01,1.357624679803848267e-01,4.088091850280761719e-02,9.418740868568420410e-03,-1.507864892482757568e-01,-1.360029876232147217e-01,9.954525530338287354e-02,-1.492840517312288284e-02,-8.150356262922286987e-02,1.090202182531356812e-01,-2.315911464393138885e-03,-1.068048700690269470e-01,9.505626745522022247e-03,-6.138296425342559814e-02,1.116959154605865479e-01,-9.917813539505004883e-02,-5.702146142721176147e-02,1.476124627515673637e-03,1.424079835414886475e-01,-8.699146658182144165e-02,-1.067552044987678528e-01,6.978426128625869751e-02,1.867074705660343170e-02,-7.090507447719573975e-02,6.423256546258926392e-02,-1.647919118404388428e-01,-7.420866936445236206e-02,-2.887022122740745544e-02,1.804752349853515625e-01,9.715157002210617065e-02,5.538403615355491638e-02,9.299519658088684082e-02,-9.132738225162029266e-03,-6.321620941162109375e-02,-6.546068191528320312e-02,-3.619901463389396667e-02,1.007110811769962311e-02,5.677049234509468079e-02,1.082295775413513184e-01,-2.258734777569770813e-02,-4.205005243420600891e-03,1.458707749843597412e-01,1.353180855512619019e-01,-4.569360613822937012e-02,1.124812290072441101e-01,-3.466981230303645134e-03,1.614013127982616425e-02,3.039208427071571350e-02,3.686018660664558411e-02,-1.814736872911453247e-01,-1.123775094747543335e-01,1.198030635714530945e-01,2.064369618892669678e-02,4.916600510478019714e-02,1.301849186420440674e-01,2.120924927294254303e-02,-1.328275650739669800e-01,-5.345350876450538635e-02,8.879975229501724243e-02,8.562457514926791191e-04,-1.282173395156860352e-01,4.102296754717826843e-02,1.182064265012741089e-01,-9.578122198581695557e-02,-6.926133210072293878e-05,6.874638050794601440e-02,-1.106168259866535664e-03,5.555278807878494263e-02,1.452394872903823853e-01,1.286900229752063751e-02,-1.106197829358279705e-03,-1.482706218957901001e-01,-5.692792311310768127e-02,-2.945291250944137573e-02,1.057344898581504822e-01,1.340441107749938965e-01,-8.191961795091629028e-02,9.848077595233917236e-02,-9.046999365091323853e-02,-1.058717444539070129e-01,-3.099850800936110318e-06,7.868918031454086304e-02,-1.010946929454803467e-01,-3.702825307846069336e-02,2.398680336773395538e-02,1.140764579176902771e-01,8.224717527627944946e-02,-1.479644179344177246e-01,7.065483927726745605e-02,1.512207388877868652e-01,1.868363171815872192e-01,-7.680226117372512817e-02,4.742192104458808899e-03,-1.187732815742492676e-01,1.306803971529006958e-01,1.308803856372833252e-01,3.709159791469573975e-02,-1.104552745819091797e-01,9.350389242172241211e-02,-2.199550904333591461e-02,-1.242098063230514526e-01,8.758781850337982178e-02,-1.086863055825233459e-01,-1.620987653732299805e-01,-9.025571495294570923e-02,-8.795660734176635742e-02,1.677730530500411987e-01,3.887523710727691650e-02,1.041516438126564026e-01,1.503756735473871231e-02,-6.250570714473724365e-02
3.984585106372833252e-01,4.747910052537918091e-02,-2.397943586111068726e-01,7.698383927345275879e-02,6.518210768699645996e-01,-4.401953816413879395e-01,4.918261244893074036e-02,7.754704356193542480e-01,1.797327846288681030e-01,3.080623745918273926e-01,-2.301359921693801880e-01,-5.684534907341003418e-01,2.349568307399749756e-01,2.748650014400482178e-01,3.248870670795440674e-01,6.397536993026733398e-01,1.306073536397889256e-04,2.875355780124664307e-01,-2.067482173442840576e-01,-3.466841280460357666e-01,-1.892543286085128784e-01,4.080598056316375732e-02,6.745947897434234619e-02,-9.869127720594406128e-02,9.503650665283203125e-02,6.232736706733703613e-01,-3.964653909206390381e-01,-7.366257905960083008e-01,5.521164536476135254e-01,-1.842465102672576904e-01,-1.504418849945068359e-01,-3.826446533203125000e-01,-1.766301095485687256e-01,4.306434988975524902e-01,-4.890131950378417969e-02,-4.829023480415344238e-01,4.863121211528778076e-01,3.914575278759002686e-01,-7.429959177970886230e-01,-5.305752754211425781e-01,4.089823961257934570e-01,-7.911521941423416138e-03,2.243671566247940063e-01,2.679962515830993652e-01,2.546148896217346191e-01,-1.759011298418045044e-01,-3.730046153068542480e-01,-9.265989810228347778e-02,1.532370503991842270e-02,-2.390291392803192139e-01,-2.473155707120895386e-01,-5.773178935050964355e-01,2.864866256713867188e-01,3.075617738068103790e-02,-3.359560668468475342e-01,-5.363970398902893066e-01,3.473536670207977295e-01,2.231349237263202667e-02,-1.685734540224075317e-01,9.823382645845413208e-02,-9.824756532907485962e-02,3.890312835574150085e-02,-5.197470076382160187e-03,3.533359766006469727e-01,-2.532826038077473640e-04,-1.705843061208724976e-01,-1.191842928528785706e-01,5.524516105651855469e-01,-4.090090692043304443e-01,6.767748594284057617e-01,-6.483036875724792480e-01,-1.639744490385055542e-01,-6.054475903511047363e-02,2.963066101074218750e-01,-7.471535820513963699e-03,-5.317440629005432129e-01,-1.581447431817650795e-03,4.197027385234832764e-01,1.507048606872558594e-01,-3.019801378250122070e-01,3.776776790618896484e-01,2.518835826776921749e-04,-5.295047163963317871e-01,-8.673282340168952942e-03,-6.218006610870361328e-01,-2.508708834648132324e-01,6.837472915649414062e-01,1.056637335568666458e-02,2.003754973411560059e-01,4.829833805561065674e-01,-1.418069452047348022e-01,5.233532786369323730e-01,-1.188697814941406250e-01,-1.689344346523284912e-01,-3.352819085121154785e-01,-3.536891937255859375e-01,3.117804527282714844e-01,-1.232896011060802266e-05,-5.207772254943847656e-01,4.605090618133544922e-01,-6.467013955116271973e-01,7.437400817871093750e-01,-3.440000712871551514e-01,-5.449060797691345215e-01,2.372258305549621582e-01,-1.305653601884841919e-01,9.096758067607879639e-02,-2.511551082134246826e-01,-6.383984088897705078e-01,3.049494698643684387e-02,4.957775026559829712e-02,-3.368890285491943359e-02,-2.575989663600921631e-01,-2.279722541570663452e-01,4.866971075534820557e-01,-3.667471706867218018e-01,6.936038732528686523e-01,1.163457259535789490e-01,-5.329534411430358887e-01,-1.229228358715772629e-02,2.371398061513900757e-01,1.731320321559906006e-01,2.530954480171203613e-01,2.053951323032379150e-01,-3.409274816513061523e-01,4.253983125090599060e-02,-2.786035649478435516e-02,4.751559197902679443e-01
-7.436806336045265198e-03,7.078531384468078613e-02,-6.222451925277709961e-01,5.889748334884643555e-01,3.855317234992980957e-01,-5.816142261028289795e-02,-1.003812626004219055e-01,1.797327846288681030e-01,6.280919313430786133e-01,5.157887935638427734e-01,-2.337997108697891235e-01,-3.746968805789947510e-01,4.129992425441741943e-01,6.065724492073059082e-01,6.302177309989929199e-01,6.245251297950744629e-01,-7.451781537383794785e-03,4.820998907089233398e-01,-6.470997333526611328e-01,-5.714800953865051270e-01,-5.602427124977111816e-01,5.094982385635375977e-01,4.456862509250640869e-01,-2.267544716596603394e-01,1.641525477170944214e-01,5.461537837982177734e-01,-6.252046227455139160e-01,-2.391476333141326904e-01,5.138044357299804688e-01,2.785786055028438568e-02,-5.145665258169174194e-02,-7.673005461692810059e-01,4.794456362724304199e-01,5.949254035949707031e-01,-1.142291072756052017e-02,-6.433047056198120117e-01,5.163131952285766602e-01,6.390559077262878418e-01,-3.992468714714050293e-01,-5.886486172676086426e-01,6.632553339004516602e-01,9.279745817184448242e-02,5.610643029212951660e-01,3.266501426696777344e-01,-1.489576548337936401e-01,-5.646600723266601562e-01,-6.409482359886169434e-01,-1.303542405366897583e-01,1.241210326552391052e-01,-1.041432023048400879e-01,-3.592800348997116089e-02,1.228124424815177917e-01,6.181036233901977539e-01,-1.059125065803527832e-01,-5.647114291787147522e-02,-6.336199641227722168e-01,5.229321122169494629e-01,2.468416839838027954e-02,-5.710601210594177246e-01,-5.718971490859985352e-01,-1.141866445541381836e-01,-2.435095841065049171e-03,2.412224188446998596e-02,2.500042915344238281e-01,8.607438206672668457e-02,-2.600025832653045654e-01,2.201381772756576538e-01,6.114224195480346680e-01,-6.629801988601684570e-01,1.612460166215896606e-01,-5.466912388801574707e-01,-5.567121878266334534e-02,-4.837684929370880127e-01,6.224499344825744629e-01,-9.312988817691802979e-02,-6.015680432319641113e-01,-1.408588141202926636e-03,6.382148265838623047e-01,-2.776734232902526855e-01,-6.568605899810791016e-01,6.840258240699768066e-01,4.353713884484022856e-04,-5.767279267311096191e-01,7.932784035801887512e-03,-6.155458092689514160e-01,-6.148315072059631348e-01,1.933601200580596924e-01,5.173124372959136963e-03,5.848082304000854492e-01,5.509400963783264160e-01,-1.895894259214401245e-01,-2.350001782178878784e-01,-6.411364078521728516e-01,4.305827021598815918e-01,-6.375805735588073730e-01,1.334073245525360107e-01,2.907915711402893066e-01,-3.044689037778880447e-06,-4.830445647239685059e-01,5.219157338142395020e-01,-3.165069818496704102e-01,2.713609039783477783e-01,-7.119842171669006348e-01,-5.752733349800109863e-01,7.327034473419189453e-01,1.076006963849067688e-01,-6.802932024002075195e-01,-5.984344482421875000e-01,-5.245605949312448502e-03,-2.370596677064895630e-02,6.579686999320983887e-01,-6.076771616935729980e-01,-6.720463633537292480e-01,1.983788907527923584e-01,6.147280931472778320e-01,-6.314892172813415527e-01,2.899747490882873535e-01,3.154105544090270996e-01,-6.126385927200317383e-01,5.287119150161743164e-01,5.128389000892639160e-01,6.586584448814392090e-01,6.221972107887268066e-01,-3.709585666656494141e-01,-5.458908081054687500e-01,-5.272027850151062012e-01,-2.471399679780006409e-02,5.130628347396850586e-01
-4.411800578236579895e-02,7.547818124294281006e-02,-6.838357448577880859e-01,5.496645569801330566e-01,4.633590281009674072e-01,-3.533609677106142044e-03,-1.052655354142189026e-01,3.080623745918273926e-01,5.157887935638427734e-01,6.058203577995300293e-01,-5.103256925940513611e-02,-4.339331388473510742e-01,6.067316532135009766e-01,6.058112978935241699e-01,6.732880473136901855e-01,7.416437864303588867e-01,-1.194510050117969513e-02,5.874460935592651367e-01,-6.674234867095947266e-01,-5.507005453109741211e-01,-3.634969294071197510e-01,5.398049950599670410e-01,5.141003727912902832e-01,-3.449897468090057373e-01,1.496437788009643555e-01,6.665660142898559570e-01,-7.015408873558044434e-01,-3.957434892654418945e-01,7.018358111381530762e-01,-1.125930026173591614e-01,6.345897912979125977e-02,-7.494357228279113770e-01,3.470122218132019043e-01,6.232574582099914551e-01,-2.787899039685726166e-02,-7.696222662925720215e-01,6.083842515945434570e-01,6.709364056587219238e-01,-6.239075660705566406e-01,-5.610908865928649902e-01,5.935630798339843750e-01,-6.051975861191749573e-02,6.597948074340820312e-01,4.107743799686431885e-01,6.480781733989715576e-02,-6.882482767105102539e-01,-6.446160674095153809e-01,-1.689245104789733887e-01,-7.583979517221450806e-02,-1.473076641559600830e-01,2.027764543890953064e-02,-9.069207310676574707e-02,4.948827326297760010e-01,-3.376033529639244080e-02,-2.732170224189758301e-01,-7.525316476821899414e-01,4.254035055637359619e-01,2.798025310039520264e-02,-6.117144823074340820e-01,-4.713044762611389160e-01,-2.753610163927078247e-02,-1.645992100238800049e-01,1.789550296962261200e-02,2.475993633270263672e-01,-3.438379615545272827e-02,-2.632840573787689209e-01,3.840264678001403809e-01,7.335309386253356934e-01,-7.058742642402648926e-01,3.142232298851013184e-01,-6.396278738975524902e-01,-3.676162064075469971e-01,-3.077275454998016357e-01,6.583808660507202148e-01,8.532172441482543945e-02,-6.850244402885437012e-01,-2.667675958946347237e-03,7.351619005203247070e-01,-1.259963810443878174e-01,-6.592128276824951172e-01,6.764963865280151367e-01,4.580351815093308687e-04,-6.352838873863220215e-01,2.852739999070763588e-04,-6.576654314994812012e-01,-6.702405810356140137e-01,3.591334819793701172e-01,8.550094440579414368e-03,6.498308777809143066e-01,5.789241790771484375e-01,-9.906627237796783447e-02,-1.046278700232505798e-01,-5.933971405029296875e-01,3.262391388416290283e-01,-6.223362684249877930e-01,9.484773874282836914e-02,4.553795754909515381e-01,-2.931332346634007990e-06,-5.982120037078857422e-01,5.847685337066650391e-01,-3.779882490634918213e-01,4.038621485233306885e-01,-6.888291835784912109e-01,-6.589483618736267090e-01,7.484624385833740234e-01,-1.075531169772148132e-01,-5.741562247276306152e-01,-7.075363397598266602e-01,-7.796314358711242676e-02,-9.644648060202598572e-03,5.508337616920471191e-01,-5.953143835067749023e-01,-6.474538445472717285e-01,3.087214566767215729e-02,7.036940455436706543e-01,-6.313320398330688477e-01,4.515447616577148438e-01,4.285663664340972900e-01,-6.885670423507690430e-01,4.546444416046142578e-01,6.489520668983459473e-01,5.523688793182373047e-01,5.789489150047302246e-01,-3.960977494716644287e-01,-5.218307971954345703e-01,-4.611570239067077637e-01,-5.236499756574630737e-02,5.724495649337768555e-01
-2.579950988292694092e-01,-1.274768915027379990e-02,9.110435843467712402e-02,-2.000559866428375244e-01,-2.509789764881134033e-01,2.558614909648895264e-01,-8.901757001876831055e-02,-2.301359921693801880e-01,-2.337997108697891235e-01,-5.103256925940513611e-02,5.235082507133483887e-01,1.831807941198348999e-01,2.007733285427093506e-01,-1.715154796838760376e-01,-1.609904021024703979e-01,-1.724512279033660889e-01,-7.466394454240798950e-03,6.483172066509723663e-03,1.644759029150009155e-01,2.965063154697418213e-01,4.578039944171905518e-01,8.458632975816726685e-03,2.373774722218513489e-02,-1.462113559246063232e-01,-8.242810517549514771e-02,-1.254101991653442383e-01,1.291954666376113892e-01,1.148322224617004395e-01,-5.215742439031600952e-02,-1.230389475822448730e-01,2.586655318737030029e-01,2.874223589897155762e-01,-2.214818000793457031e-01,-2.832495272159576416e-01,-4.231802653521299362e-03,6.083784997463226318e-02,-1.223880201578140259e-01,-2.157126814126968384e-01,4.094438627362251282e-02,4.241468310356140137e-01,-3.744295835494995117e-01,-3.030266463756561279e-01,9.450030513107776642e-03,-2.396970055997371674e-02,2.698816061019897461e-01,-8.723912388086318970e-02,2.803497314453125000e-01,-7.470487616956233978e-03,-3.693063855171203613e-01,3.077917359769344330e-02,2.053837627172470093e-01,-3.599470108747482300e-02,-4.407130777835845947e-01,9.031823277473449707e-02,-1.909779608249664307e-01,1.670681983232498169e-01,-3.876409530639648438e-01,-7.372350897639989853e-03,7.426971197128295898e-02,1.797154545783996582e-01,2.185875326395034790e-01,-2.928768694400787354e-01,-1.066760905086994171e-02,-2.077559530735015869e-01,-2.088821530342102051e-01,9.571384638547897339e-02,3.584234714508056641e-01,-1.389931142330169678e-01,1.657854765653610229e-01,-1.003483608365058899e-01,2.732747793197631836e-01,-4.584215581417083740e-01,3.406106531620025635e-01,-1.255721151828765869e-01,3.364062011241912842e-01,2.235215753316879272e-01,-1.761109801009297371e-03,-1.298734694719314575e-01,2.310945540666580200e-01,1.882257163524627686e-01,-3.117491602897644043e-01,-1.190922776004299521e-04,2.392040938138961792e-01,-7.260255049914121628e-03,3.355099260807037354e-01,7.585368305444717407e-02,-9.946218878030776978e-02,5.061957053840160370e-04,6.630607414990663528e-03,-2.539449334144592285e-01,2.931624352931976318e-01,-1.462557539343833923e-02,1.953464597463607788e-01,-1.210496947169303894e-01,2.774221301078796387e-01,1.189957633614540100e-01,4.372875019907951355e-02,1.120847355196019635e-05,9.174776077270507812e-02,-1.632623970508575439e-01,2.924685776233673096e-01,-1.677339971065521240e-01,2.848490476608276367e-01,1.975692808628082275e-01,-1.872985810041427612e-01,-4.418275654315948486e-01,2.211227416992187500e-01,-3.434466570615768433e-02,1.735562682151794434e-01,8.525585755705833435e-03,-1.999742686748504639e-01,1.372896134853363037e-01,2.376911938190460205e-01,-2.667481005191802979e-01,-2.025404870510101318e-01,2.430852949619293213e-01,-7.033775746822357178e-02,7.942659407854080200e-02,2.426581531763076782e-01,-1.681313812732696533e-01,4.382387176156044006e-02,-3.360186517238616943e-01,-2.595689892768859863e-01,-1.242141798138618469e-01,2.884462177753448486e-01,1.380199640989303589e-01,-2.317131310701370239e-02,-1.996895968914031982e-01
-1.714027971029281616e-01,-5.634834989905357361e-02,4.647891521453857422e-01,-3.314208090305328369e-01,-5.614751577377319336e-01,2.387958317995071411e-01,2.159254625439643860e-02,-5.684534907341003418e-01,-3.746968805789947510e-01,-4.339331388473510742e-01,1.831807941198348999e-01,5.249296426773071289e-01,-3.655643165111541748e-01,-4.780655801296234131e-01,-5.303829312324523926e-01,-7.511386275291442871e-01,3.495541866868734360e-03,-3.964441120624542236e-01,4.335625469684600830e-01,4.889426231384277344e-01,3.375023305416107178e-01,-2.912937402725219727e-01,-2.686504125595092773e-01,1.866594105958938599e-01,-1.301088780164718628e-01,-6.714455485343933105e-01,5.919036865234375000e-01,5.739910006523132324e-01,-6.511461138725280762e-01,1.036061719059944153e-01,9.160833060741424561e-02,6.432199478149414062e-01,-7.123392075300216675e-02,-5.874027609825134277e-01,3.801323473453521729e-02,6.589668989181518555e-01,-5.470244884490966797e-01,-5.552389621734619141e-01,7.166908383369445801e-01,6.041298508644104004e-01,-5.386260747909545898e-01,5.263745551928877831e-04,-4.272653758525848389e-01,-3.219086825847625732e-01,-1.438084840774536133e-01,4.387846589088439941e-01,5.424375534057617188e-01,1.010271087288856506e-01,-2.672568894922733307e-02,2.506454885005950928e-01,1.561692059040069580e-01,3.332730829715728760e-01,-4.326849579811096191e-01,1.901881396770477295e-02,2.589313387870788574e-01,6.890971660614013672e-01,-4.454840421676635742e-01,-2.536714263260364532e-02,3.580027818679809570e-01,1.966748833656311035e-01,8.445023745298385620e-02,-5.676401313394308090e-03,-6.834665313363075256e-03,-2.785053551197052002e-01,9.551967494189739227e-03,2.183381915092468262e-01,-5.476043373346328735e-02,-6.693120002746582031e-01,5.925253033638000488e-01,-4.870246946811676025e-01,6.814708709716796875e-01,2.316054552793502808e-01,2.409916222095489502e-01,-4.985038042068481445e-01,-4.799471050500869751e-02,6.156035065650939941e-01,1.845259452238678932e-03,-6.204774379730224609e-01,-4.340588580816984177e-03,5.139197707176208496e-01,-5.665140748023986816e-01,-3.772108757402747869e-04,6.269125342369079590e-01,3.047623671591281891e-03,6.783575415611267090e-01,4.815857708454132080e-01,-5.126813650131225586e-01,-9.080272167921066284e-03,-4.168131947517395020e-01,-5.651473402976989746e-01,1.265615373849868774e-01,-2.396255433559417725e-01,3.609076142311096191e-01,-1.095084473490715027e-01,4.843958616256713867e-01,1.293000727891921997e-01,-3.038637340068817139e-01,7.121992439351743087e-06,5.714597105979919434e-01,-4.982124567031860352e-01,5.588070750236511230e-01,-6.066320538520812988e-01,5.674973726272583008e-01,6.289766430854797363e-01,-5.119195580482482910e-01,6.645336002111434937e-02,2.400418967008590698e-01,4.645092785358428955e-01,3.626064658164978027e-01,-7.927987724542617798e-03,-3.529261052608489990e-01,3.251311182975769043e-01,4.816946983337402344e-01,2.217903733253479004e-02,-6.284890174865722656e-01,5.155337452888488770e-01,-5.901347994804382324e-01,-2.339497804641723633e-01,6.381589770317077637e-01,-2.286116182804107666e-01,-4.030231833457946777e-01,-3.934712707996368408e-01,-4.467734694480895996e-01,5.215331166982650757e-02,5.027322769165039062e-01,2.258157879114151001e-01,2.089634165167808533e-02,-5.250516533851623535e-01
