5.101461410522460938e-01,2.024997025728225708e-02,-1.850717514753341675e-01,5.677872896194458008e-02,2.150913327932357788e-01,-8.709754049777984619e-02,1.122563853859901428e-01,3.719866871833801270e-01,7.896525412797927856e-02,5.524103343486785889e-02,-5.395335704088211060e-02,-6.538761407136917114e-02,9.944594651460647583e-02,3.914645612239837646e-01,2.804049551486968994e-01,1.592153161764144897e-01,-1.907228375785052776e-03,5.826103501021862030e-03,7.400548458099365234e-02,-8.690149337053298950e-02,-1.595429927110671997e-01,1.111744865775108337e-01,8.958514779806137085e-02,3.422030061483383179e-02,-4.250814206898212433e-03,5.408140644431114197e-02,-5.267932638525962830e-02,-2.859769761562347412e-01,1.121928393840789795e-01,-2.507188320159912109e-01,-1.295949220657348633e-01,-9.550775587558746338e-02,9.088307619094848633e-02,9.709748625755310059e-02,-2.728716656565666199e-02,-1.411095857620239258e-01,-8.056344464421272278e-03,4.898853227496147156e-02,-3.183214962482452393e-01,-4.007416367530822754e-01,2.065263837575912476e-01,9.159570932388305664e-02,5.382344126701354980e-02,3.045192919671535492e-02,8.088804036378860474e-02,-1.720159649848937988e-01,-2.518343925476074219e-01,-1.314541548490524292e-01,2.142931148409843445e-02,7.145082950592041016e-02,-3.022201173007488251e-02,-6.586155295372009277e-02,1.036626398563385010e-01,-1.044520735740661621e-01,-5.997198447585105896e-02,-1.831461787223815918e-01,8.137510716915130615e-02,1.894549652934074402e-02,-7.420027256011962891e-02,-7.458808273077011108e-02,2.290713228285312653e-02,1.656210049986839294e-02,1.716149970889091492e-02,1.036155819892883301e-01,-2.041915804147720337e-02,8.169965818524360657e-03,-3.627220168709754944e-02,2.396390140056610107e-01,-1.452999860048294067e-01,1.437794566154479980e-01,-2.145560085773468018e-01,-1.266092956066131592e-01,4.324490949511528015e-02,1.768796145915985107e-01,-1.147125437855720520e-01,-2.526967525482177734e-01,-7.450862322002649307e-03,1.820412427186965942e-01,-2.307370752096176147e-01,-1.051056981086730957e-01,1.477511972188949585e-01,2.712843008339405060e-03,-2.741071879863739014e-01,-2.615868113934993744e-03,-2.906390726566314697e-01,-8.786687999963760376e-02,3.127607703208923340e-01,3.169268136844038963e-03,-1.452966826036572456e-03,4.365395009517669678e-02,-9.300689399242401123e-02,-2.751593105494976044e-02,6.243744399398565292e-03,-8.638995140790939331e-02,-8.138006925582885742e-02,-1.672966629266738892e-01,3.432015776634216309e-01,-4.396171716507524252e-04,-1.606325656175613403e-01,2.654788196086883545e-01,-8.417881280183792114e-02,2.034597396850585938e-01,-1.009586080908775330e-01,-3.717557340860366821e-02,2.507306821644306183e-02,2.228111028671264648e-01,2.476556785404682159e-02,-6.058398634195327759e-02,-2.609212398529052734e-01,9.508754126727581024e-03,9.825929999351501465e-02,-3.807891625910997391e-03,-6.270656734704971313e-02,-2.459662705659866333e-01,1.965668499469757080e-01,-1.779511123895645142e-01,3.659343123435974121e-01,-6.916300952434539795e-02,-3.752768039703369141e-01,1.020860951393842697e-02,-3.554270416498184204e-02,2.152332365512847900e-01,1.734512150287628174e-01,1.400948315858840942e-02,2.993035363033413887e-03,-2.085570096969604492e-01,-1.706686802208423615e-02,1.468039453029632568e-01
2.024997025728225708e-02,2.127852663397789001e-02,-1.263096928596496582e-01,8.645630627870559692e-02,6.137121096253395081e-02,-1.306227501481771469e-02,9.332558140158653259e-03,4.043953120708465576e-02,1.146856881678104401e-02,3.439890965819358826e-02,1.802844181656837463e-02,-4.690958932042121887e-02,1.002076417207717896e-01,8.120433986186981201e-02,1.155921816825866699e-01,1.087667867541313171e-01,-1.209740992635488510e-03,8.339780569076538086e-02,-5.351196974515914917e-02,-7.578419893980026245e-02,-3.460810333490371704e-02,1.249643936753273010e-01,8.224659413099288940e-02,1.827770262025296688e-03,1.471350062638521194e-02,1.386961191892623901e-01,-1.300212442874908447e-01,-6.057744845747947693e-02,1.006364822387695312e-01,-2.480110339820384979e-02,1.042459718883037567e-02,-1.233976408839225769e-01,9.708476811647415161e-02,7.169646024703979492e-02,-1.727084396407008171e-03,-1.301877051591873169e-01,1.870515942573547363e-02,4.579404741525650024e-02,-6.976439803838729858e-02,-9.140074998140335083e-02,1.076509207487106323e-01,1.999623607844114304e-03,1.245256438851356506e-01,1.614437438547611237e-02,1.071071904152631760e-02,-9.402833878993988037e-02,-1.249394416809082031e-01,-3.164870291948318481e-02,-1.285166107118129730e-02,1.403364166617393494e-02,1.615817472338676453e-02,-2.068319916725158691e-02,4.099486395716667175e-02,-5.429755896329879761e-03,-4.511263221502304077e-03,-1.295376718044281006e-01,2.927912399172782898e-02,1.039940118789672852e-02,-8.426752686500549316e-02,-6.492270529270172119e-02,-3.545382060110569000e-03,1.624912023544311523e-02,5.454187747091054916e-03,1.841911487281322479e-02,5.726709496229887009e-04,-2.605151757597923279e-02,3.813662752509117126e-02,1.258846074342727661e-01,-1.225226968526840210e-01,2.192164584994316101e-02,-8.798046410083770752e-02,-6.911914329975843430e-03,-2.952598035335540771e-02,1.190670579671859741e-01,-3.643008694052696228e-02,-1.119878962635993958e-01,-3.386326832696795464e-03,1.372738629579544067e-01,-4.024863615632057190e-02,-1.077255383133888245e-01,1.233707666397094727e-01,1.806645886972546577e-03,-9.311608225107192993e-02,3.339032642543315887e-03,-8.890123665332794189e-02,-1.109672486782073975e-01,7.345079630613327026e-02,6.511300802230834961e-03,5.730907618999481201e-02,3.045133873820304871e-02,-2.287197858095169067e-02,-2.722968533635139465e-02,-1.094343364238739014e-01,5.698886886239051819e-02,-1.089774146676063538e-01,-8.022074587643146515e-03,8.050912618637084961e-02,-2.091327478410676122e-04,-7.539843022823333740e-02,5.524582415819168091e-02,-3.054239228367805481e-02,3.667819872498512268e-02,-1.269104182720184326e-01,-2.782759256660938263e-02,1.366288512945175171e-01,4.778645932674407959e-03,-8.801189810037612915e-02,-1.185706332325935364e-01,-1.652940362691879272e-02,-1.254219934344291687e-02,9.380839765071868896e-02,-5.837255716323852539e-02,-1.076568886637687683e-01,-6.432385649532079697e-03,1.387375295162200928e-01,-1.109601110219955444e-01,7.900843769311904907e-02,2.945645339787006378e-02,-1.229608431458473206e-01,3.746504336595535278e-02,5.295982211828231812e-02,9.826524555683135986e-02,1.203753352165222168e-01,-5.191363021731376648e-02,-9.621898829936981201e-02,-6.061282753944396973e-02,1.663163420744240284e-03,8.088208734989166260e-02
-1.850717514753341675e-01,-1.263096928596496582e-01,8.055032491683959961e-01,-5.880569219589233398e-01,-3.725672066211700439e-01,2.413962595164775848e-02,-1.442227810621261597e-01,-3.088122606277465820e-01,-5.774939805269241333e-02,-2.450163662433624268e-01,-1.072697713971138000e-01,3.255684375762939453e-01,-6.133067011833190918e-01,-5.730084776878356934e-01,-7.225182056427001953e-01,-6.791188120841979980e-01,8.518681861460208893e-04,-4.754621088504791260e-01,3.770362734794616699e-01,5.414396524429321289e-01,2.153582423925399780e-01,-7.722525596618652344e-01,-6.212813258171081543e-01,7.064604014158248901e-02,-9.627698361873626709e-02,-7.772490978240966797e-01,7.521855831146240234e-01,3.791318535804748535e-01,-6.883396506309509277e-01,2.620604038238525391e-01,-1.385706011205911636e-02,7.547529935836791992e-01,-6.343876719474792480e-01,-5.241637825965881348e-01,2.064136043190956116e-02,7.766857743263244629e-01,-1.239559501409530640e-01,-3.138215243816375732e-01,5.155181288719177246e-01,6.175056099891662598e-01,-6.845740079879760742e-01,-2.700714208185672760e-02,-7.247216701507568359e-01,-1.137008219957351685e-01,-8.394509553909301758e-02,6.522238254547119141e-01,7.860742211341857910e-01,2.255528569221496582e-01,5.362838879227638245e-02,-4.820666741579771042e-03,-1.403604745864868164e-01,1.247102990746498108e-01,-2.687554359436035156e-01,1.244533434510231018e-01,2.362496592104434967e-02,7.824395298957824707e-01,-2.261075377464294434e-01,-7.442270964384078979e-02,5.108304023742675781e-01,4.376014173030853271e-01,6.647448986768722534e-02,-1.643760055303573608e-01,-4.047024995088577271e-02,-1.696062088012695312e-01,-1.377918943762779236e-02,1.688766926527023315e-01,-1.996659785509109497e-01,-7.462518215179443359e-01,7.504154443740844727e-01,-1.255318671464920044e-01,6.441470980644226074e-01,1.233837977051734924e-01,1.735902130603790283e-01,-7.577994465827941895e-01,2.529598176479339600e-01,7.090644240379333496e-01,2.165152691304683685e-02,-8.410473465919494629e-01,3.384292125701904297e-01,7.212917804718017578e-01,-7.882871031761169434e-01,-1.293307542800903320e-02,6.053776741027832031e-01,-1.841784454882144928e-02,6.268655061721801758e-01,6.059610843658447266e-01,-5.414641499519348145e-01,-4.076568037271499634e-02,-3.515982329845428467e-01,-2.306005209684371948e-01,1.583222150802612305e-01,1.855209916830062866e-01,6.675400733947753906e-01,-3.455646932125091553e-01,7.022852897644042969e-01,1.070542931556701660e-01,-5.375613570213317871e-01,1.511434675194323063e-03,5.132461190223693848e-01,-4.737842381000518799e-01,2.563005089759826660e-01,-3.167621195316314697e-01,7.680631875991821289e-01,1.942832916975021362e-01,-8.090620040893554688e-01,-1.424504071474075317e-01,5.887168049812316895e-01,7.302103638648986816e-01,1.133375465869903564e-01,8.128403127193450928e-02,-5.791206955909729004e-01,4.862194955348968506e-01,6.712334752082824707e-01,-5.988918244838714600e-02,-7.947692275047302246e-01,7.021763920783996582e-01,-5.616034865379333496e-01,-2.457252144813537598e-01,7.815572619438171387e-01,-2.522910237312316895e-01,-3.618374466896057129e-01,-6.763271093368530273e-01,-7.394383549690246582e-01,3.025152385234832764e-01,6.460736393928527832e-01,5.149169564247131348e-01,-3.597863018512725830e-02,-6.134667992591857910e-01
5.677872896194458008e-02,8.645630627870559692e-02,-5.880569219589233398e-01,5.914205312728881836e-01,1.968832910060882568e-01,5.602417886257171631e-02,2.909089624881744385e-02,1.608516424894332886e-01,2.325042709708213806e-02,1.640056222677230835e-01,1.606318913400173187e-02,-2.381006032228469849e-01,3.255889713764190674e-01,4.623177647590637207e-01,5.003196597099304199e-01,4.402766227722167969e-01,4.495482891798019409e-03,4.302874803543090820e-01,-3.114998638629913330e-01,-3.341883122920989990e-01,-3.130086064338684082e-01,6.184379458427429199e-01,4.193681776523590088e-01,-9.071935713291168213e-02,8.605379611253738403e-02,5.794022679328918457e-01,-5.329138040542602539e-01,-1.273924708366394043e-01,4.003843069076538086e-01,-3.505622968077659607e-02,2.718710526823997498e-02,-6.377611756324768066e-01,5.463172197341918945e-01,3.176189363002777100e-01,1.185146975331008434e-03,-5.785785317420959473e-01,1.138656288385391235e-01,2.025394439697265625e-01,-1.960128992795944214e-01,-5.460538864135742188e-01,5.281372070312500000e-01,2.740738727152347565e-02,5.377940535545349121e-01,7.257667183876037598e-02,8.521830663084983826e-03,-3.293221294879913330e-01,-5.333006381988525391e-01,-2.132106572389602661e-01,-6.352309137582778931e-02,7.593120634555816650e-02,1.059712767601013184e-01,-6.993003189563751221e-02,2.526603341102600098e-01,-1.575841456651687622e-01,1.259332150220870972e-01,-5.626111030578613281e-01,1.656462401151657104e-01,4.360047727823257446e-02,-3.116346895694732666e-01,-3.587862551212310791e-01,-1.123236268758773804e-01,1.440550684928894043e-01,3.347918018698692322e-02,1.419118344783782959e-01,3.391177579760551453e-02,-1.247568503022193909e-01,1.486548334360122681e-01,5.601398348808288574e-01,-5.520519614219665527e-01,3.053927049040794373e-02,-4.281815290451049805e-01,1.284492015838623047e-01,-1.891883611679077148e-01,5.668784976005554199e-01,-1.766239404678344727e-01,-5.510621666908264160e-01,-7.072872016578912735e-03,6.175584197044372559e-01,-3.897376060485839844e-01,-5.372340679168701172e-01,6.979903578758239746e-01,9.264624677598476410e-03,-3.408206105232238770e-01,1.689072325825691223e-02,-4.868814647197723389e-01,-3.551120460033416748e-01,2.203596085309982300e-01,2.568371035158634186e-02,1.831779778003692627e-01,1.568263769149780273e-01,-6.879319995641708374e-02,-2.265322208404541016e-01,-6.304353475570678711e-01,3.805199861526489258e-01,-5.707301497459411621e-01,-6.689768284559249878e-02,3.296205103397369385e-01,-1.031548716127872467e-03,-2.826499938964843750e-01,3.023712337017059326e-01,-1.427346318960189819e-01,8.529175817966461182e-02,-6.431031823158264160e-01,-1.273200511932373047e-01,6.511152386665344238e-01,2.073015719652175903e-01,-5.889487862586975098e-01,-5.729602575302124023e-01,1.238676533102989197e-02,-6.221983581781387329e-02,6.139006018638610840e-01,-4.334474802017211914e-01,-5.671005249023437500e-01,9.059517085552215576e-02,5.756068825721740723e-01,-4.445733129978179932e-01,2.841856777667999268e-01,1.500428467988967896e-01,-5.994931459426879883e-01,2.239386290311813354e-01,2.174046337604522705e-01,4.999604523181915283e-01,5.583629012107849121e-01,-2.308603674173355103e-01,-4.689191579818725586e-01,-3.327831923961639404e-01,1.848762482404708862e-02,4.395180046558380127e-01
2.150913327932357788e-01,6.137121096253395081e-02,-3.725672066211700439e-01,1.968832910060882568e-01,2.665044367313385010e-01,-7.953931391239166260e-02,8.005791157484054565e-02,2.390781342983245850e-01,4.176004976034164429e-02,1.037175208330154419e-01,3.437407314777374268e-02,-1.335785388946533203e-01,3.079701960086822510e-01,2.757953405380249023e-01,3.904218375682830811e-01,3.394230604171752930e-01,-6.739754695445299149e-03,1.982038021087646484e-01,-1.044985428452491760e-01,-2.269939184188842773e-01,-7.519099116325378418e-02,3.340967893600463867e-01,2.092972248792648315e-01,4.651482775807380676e-02,2.949435077607631683e-02,3.683120012283325195e-01,-3.624316155910491943e-01,-2.828758358955383301e-01,3.174497783184051514e-01,-1.943129301071166992e-01,-8.795533329248428345e-03,-3.045710623264312744e-01,2.501570880413055420e-01,2.034726887941360474e-01,-1.495346240699291229e-02,-3.626883029937744141e-01,3.566174581646919250e-02,1.357557624578475952e-01,-3.341743052005767822e-01,-3.217979371547698975e-01,3.361361026763916016e-01,3.517320752143859863e-02,3.287815749645233154e-01,5.197621509432792664e-02,7.396320253610610962e-02,-3.183939456939697266e-01,-4.136323630809783936e-01,-1.101817265152931213e-01,-1.778320595622062683e-02,7.266740500926971436e-02,2.174888737499713898e-02,-8.152431994676589966e-02,1.182136833667755127e-01,-6.068838760256767273e-03,-6.910763680934906006e-02,-3.943293690681457520e-01,8.683721721172332764e-02,3.323320299386978149e-02,-2.775615751743316650e-01,-1.714337021112442017e-01,2.458126470446586609e-02,2.699222974479198456e-02,1.693940907716751099e-02,8.450435101985931396e-02,7.971872400958091021e-05,-6.154420599341392517e-02,1.000560820102691650e-01,3.978086113929748535e-01,-3.326615691184997559e-01,1.365846693515777588e-01,-2.989118099212646484e-01,-1.028800681233406067e-01,-2.862974442541599274e-02,3.453792631626129150e-01,-1.278785467147827148e-01,-3.733190000057220459e-01,-1.327559072524309158e-02,4.035968184471130371e-01,-1.326921135187149048e-01,-2.918122410774230957e-01,3.202218115329742432e-01,4.976687952876091003e-03,-3.527441322803497314e-01,7.114378735423088074e-03,-3.124835789203643799e-01,-3.525475561618804932e-01,3.294018805027008057e-01,1.801357045769691467e-02,1.661404818296432495e-01,8.808200061321258545e-02,-1.149364784359931946e-01,-4.778273031115531921e-02,-2.310801297426223755e-01,7.153645157814025879e-02,-2.838055491447448730e-01,-5.973563343286514282e-02,3.511483669281005859e-01,-6.574196740984916687e-04,-2.524770796298980713e-01,2.244284152984619141e-01,-1.031281203031539917e-01,1.931681483983993530e-01,-3.263710439205169678e-01,-8.414956927299499512e-02,3.520813286304473877e-01,6.142187118530273438e-02,-1.751934736967086792e-01,-3.089186549186706543e-01,-1.687691658735275269e-01,-2.657087147235870361e-02,1.826855689287185669e-01,-1.082544028759002686e-01,-2.637279927730560303e-01,-1.252783387899398804e-01,4.418801069259643555e-01,-3.609559834003448486e-01,3.314428627490997314e-01,5.186723545193672180e-02,-4.249152541160583496e-01,8.246236294507980347e-02,1.542805284261703491e-01,3.065823912620544434e-01,3.559931218624114990e-01,-1.341998279094696045e-01,-2.216005176305770874e-01,-1.929852813482284546e-01,-5.249889567494392395e-03,2.479022443294525146e-01
-8.709754049777984619e-02,-1.306227501481771469e-02,2.413962595164775848e-02,5.602417886257171631e-02,-7.953931391239166260e-02,1.922454088926315308e-01,-2.951846830546855927e-02,-6.874417304061353207e-04,-1.103913411498069763e-01,-3.843211010098457336e-02,7.287806365638971329e-03,1.399370282888412476e-02,-1.174724921584129333e-01,-5.585398990660905838e-03,-7.590664178133010864e-02,-8.498099446296691895e-02,-1.736338832415640354e-03,-3.190499171614646912e-02,5.670429891324602067e-05,1.378875132650136948e-02,8.937220275402069092e-02,-1.972809620201587677e-02,3.705316036939620972e-02,-1.845163665711879730e-02,-7.337742950767278671e-03,-1.325316280126571655e-01,6.094102934002876282e-02,1.040228381752967834e-01,7.560134865343570709e-03,1.706996560096740723e-02,5.395253747701644897e-02,6.463617831468582153e-02,-6.241304054856300354e-02,3.235345333814620972e-02,-3.628246951848268509e-03,6.261775642633438110e-02,3.281998913735151291e-03,-3.462808579206466675e-02,1.046850159764289856e-01,-6.122613325715065002e-03,-1.264556795358657837e-01,-1.776177063584327698e-02,2.236598869785666466e-03,-3.439366817474365234e-03,6.144064664840698242e-02,8.580342680215835571e-02,8.517988771200180054e-02,7.395594147965312004e-04,-4.816803336143493652e-02,-4.715697094798088074e-02,8.404229581356048584e-02,-7.725162059068679810e-02,-2.575391717255115509e-02,-7.188398391008377075e-02,1.631005108356475830e-02,4.565902054309844971e-02,7.130413781851530075e-03,-4.149039741605520248e-03,1.021174043416976929e-01,1.601817458868026733e-02,3.622002899646759033e-03,-1.567491143941879272e-02,-1.806168933399021626e-03,-1.045316532254219055e-01,-5.872949026525020599e-03,2.383166365325450897e-02,-7.463346235454082489e-03,-6.450836360454559326e-02,7.086750864982604980e-02,-3.150288015604019165e-02,5.079989135265350342e-02,-6.911707669496536255e-02,1.112303324043750763e-02,-7.164931297302246094e-02,6.518044322729110718e-02,6.157351285219192505e-02,7.354688830673694611e-03,-6.475164741277694702e-02,1.119051035493612289e-02,4.853442683815956116e-02,-2.293356880545616150e-02,-3.084789495915174484e-04,5.638427287340164185e-02,-5.474784411489963531e-03,7.643053680658340454e-02,1.294345259666442871e-01,-7.720644772052764893e-02,-3.182875923812389374e-03,-1.271176487207412720e-01,-1.362659595906734467e-02,3.710617870092391968e-02,-5.617712624371051788e-03,9.468821808695793152e-03,3.098118305206298828e-02,6.143471598625183105e-02,-2.603437937796115875e-02,-3.646660968661308289e-02,1.284994359593838453e-04,3.346880152821540833e-02,-1.031761690974235535e-01,-1.251729950308799744e-02,-1.270318925380706787e-01,5.858068168163299561e-02,1.943381875753402710e-02,-7.667905837297439575e-02,1.130888909101486206e-01,6.775735877454280853e-03,3.447550162672996521e-02,1.385188549757003784e-01,8.424407802522182465e-03,1.428554533049464226e-03,-6.278336793184280396e-02,6.919314619153738022e-03,9.453254938125610352e-02,-4.697462171316146851e-02,1.265118122100830078e-01,-6.714686006307601929e-02,2.500328607857227325e-02,7.256510108709335327e-02,-1.029572635889053345e-02,-1.487429719418287277e-02,-6.689975410699844360e-02,-7.352978736162185669e-02,4.950799420475959778e-02,-3.289792314171791077e-02,6.499888002872467041e-02,1.061097020283341408e-03,-4.221687093377113342e-03
1.122563853859901428e-01,9.332558140158653259e-03,-1.442227810621261597e-01,2.909089624881744385e-02,8.005791157484054565e-02,-2.951846830546855927e-02,1.248927935957908630e-01,8.901795744895935059e-02,1.795027591288089752e-02,5.088537931442260742e-02,-4.492057021707296371e-03,-3.937406837940216064e-02,8.799341320991516113e-02,7.552439719438552856e-02,1.201590076088905334e-01,8.941585570573806763e-02,2.794854575768113136e-03,-2.276761271059513092e-02,-4.352925345301628113e-02,-9.915436804294586182e-02,-7.520386949181556702e-03,8.919822424650192261e-02,7.700050622224807739e-02,-2.341905608773231506e-02,4.301046486943960190e-03,1.037026345729827881e-01,-8.944175392389297485e-02,-9.911399334669113159e-02,1.423986405134201050e-01,-1.664838343858718872e-01,-4.616850242018699646e-02,-8.911450207233428955e-02,8.532007038593292236e-02,5.798127502202987671e-02,-9.320421144366264343e-03,-9.014627337455749512e-02,8.742836653254926205e-04,5.137808620929718018e-02,-1.892295479774475098e-01,-1.021084785461425781e-01,1.367439478635787964e-01,2.692510746419429779e-02,4.529028758406639099e-02,1.885435357689857483e-02,2.442911267280578613e-03,-1.569609045982360840e-01,-1.655135303735733032e-01,-3.034055791795253754e-02,4.508959501981735229e-02,-1.403375249356031418e-02,6.714674644172191620e-03,1.749428547918796539e-02,2.221020869910717010e-02,-1.601151749491691589e-02,-3.922400996088981628e-02,-1.133084893226623535e-01,2.458448335528373718e-02,1.210608892142772675e-02,-9.711056947708129883e-02,-3.525436297059059143e-02,-2.172012813389301300e-02,4.661325365304946899e-02,6.847195327281951904e-03,1.045798137784004211e-01,1.760010048747062683e-02,-1.703991182148456573e-02,-7.306390907615423203e-03,1.022026389837265015e-01,-8.797065168619155884e-02,5.432930588722229004e-02,-1.345873624086380005e-01,-8.612336963415145874e-02,3.210368007421493530e-02,1.172903180122375488e-01,-6.184655800461769104e-02,-1.454013139009475708e-01,-6.246908102184534073e-03,1.621589511632919312e-01,-6.845156103372573853e-02,-1.054786071181297302e-01,1.212279573082923889e-01,1.583255361765623093e-03,-1.164794415235519409e-01,-3.526660148054361343e-04,-1.442167609930038452e-01,-6.244537606835365295e-02,1.944653093814849854e-01,3.025719197466969490e-03,7.011950016021728516e-02,4.348763823509216309e-02,-6.244356185197830200e-02,2.202543430030345917e-03,-3.646682202816009521e-02,-3.659340739250183105e-02,-9.305113554000854492e-02,-4.816315323114395142e-02,1.212400421500205994e-01,-2.937854442279785872e-04,-8.254051953554153442e-02,1.652064174413681030e-01,-5.927818268537521362e-02,1.714821755886077881e-01,-8.621339499950408936e-02,-3.276075050234794617e-02,1.449145227670669556e-01,6.074405834078788757e-02,-6.605595350265502930e-02,-6.928237527608871460e-02,-1.251107305288314819e-01,-6.876842118799686432e-03,-1.712597347795963287e-02,-7.395465672016143799e-02,-2.298434078693389893e-02,1.652806252241134644e-02,1.180007979273796082e-01,-1.497737765312194824e-01,1.391489058732986450e-01,3.909343853592872620e-02,-1.733290553092956543e-01,1.504500862210988998e-02,7.654453814029693604e-02,1.287917047739028931e-01,1.022260934114456177e-01,-2.355570904910564423e-02,-4.145062714815139771e-02,-1.361003220081329346e-01,1.664252206683158875e-02,1.240816935896873474e-01
3.719866871833801270e-01,4.043953120708465576e-02,-3.088122606277465820e-01,1.608516424894332886e-01,2.390781342983245850e-01,-6.874417304061353207e-04,8.901795744895935059e-02,4.227122366428375244e-01,-4.863923415541648865e-03,6.537748873233795166e-02,2.945201471447944641e-02,-1.169082596898078918e-01,2.130663990974426270e-01,3.719397187232971191e-01,3.631537854671478271e-01,2.708656787872314453e-01,-6.966185290366411209e-03,8.513843268156051636e-02,-9.844017215073108673e-03,-1.733193844556808472e-01,1.438607461750507355e-02,2.641232609748840332e-01,2.060547620058059692e-01,1.008079294115304947e-02,7.917253300547599792e-03,1.883663088083267212e-01,-2.280038148164749146e-01,-2.813426554203033447e-01,3.134012818336486816e-01,-2.501141130924224854e-01,-4.922520741820335388e-02,-1.786485910415649414e-01,1.179023608565330505e-01,2.322591394186019897e-01,-3.550573810935020447e-02,-2.898902297019958496e-01,1.254600938409566879e-02,1.004874706268310547e-01,-3.832165598869323730e-01,-3.994936347007751465e-01,2.279647886753082275e-01,4.937626793980598450e-02,2.346213459968566895e-01,4.914589226245880127e-02,1.960006952285766602e-01,-2.899724841117858887e-01,-3.704646825790405273e-01,-1.182153373956680298e-01,-2.859658375382423401e-02,-4.261227790266275406e-03,5.391502752900123596e-02,-1.465100944042205811e-01,9.428782761096954346e-02,-1.078283190727233887e-01,-1.170306354761123657e-01,-3.419547975063323975e-01,1.191852241754531860e-01,3.434455022215843201e-02,-1.236802414059638977e-01,-1.303227394819259644e-01,5.165626108646392822e-02,1.496656448580324650e-03,1.610313542187213898e-02,-2.538045123219490051e-02,-1.783383823931217194e-02,-1.951782219111919403e-02,2.203533612191677094e-02,3.196462988853454590e-01,-2.644319832324981689e-01,1.178330183029174805e-01,-2.877968549728393555e-01,-2.552593648433685303e-01,1.722722128033638000e-02,2.914330363273620605e-01,-8.249746263027191162e-02,-2.844779193401336670e-01,-9.514048695564270020e-03,3.258762061595916748e-01,-1.577784717082977295e-01,-2.222384661436080933e-01,2.375495731830596924e-01,4.621443804353475571e-03,-3.544982075691223145e-01,5.437178188003599644e-04,-2.804169952869415283e-01,-2.308161705732345581e-01,3.293409049510955811e-01,1.342107076197862625e-02,3.286697715520858765e-02,7.980351895093917847e-02,-1.030683889985084534e-01,-7.230997551232576370e-03,-9.490726888179779053e-02,-4.040547460317611694e-02,-1.742783486843109131e-01,-1.393246352672576904e-01,3.750191628932952881e-01,-5.717242602258920670e-04,-2.522516548633575439e-01,2.218967378139495850e-01,-1.331444680690765381e-01,1.806710213422775269e-01,-2.223361283540725708e-01,-6.660205870866775513e-02,1.879876554012298584e-01,1.812406480312347412e-01,-1.954142749309539795e-02,-2.191858142614364624e-01,-1.522935181856155396e-01,-1.945632742717862129e-03,1.312440037727355957e-01,-5.685365200042724609e-02,-1.989740878343582153e-01,-1.567901223897933960e-01,3.816418647766113281e-01,-2.587877810001373291e-01,3.841156065464019775e-01,3.031083382666110992e-02,-4.291788935661315918e-01,3.614473715424537659e-02,6.821623444557189941e-02,2.543155252933502197e-01,2.542746961116790771e-01,-1.021640608087182045e-03,-1.725082844495773315e-01,-1.795992404222488403e-01,-1.228081248700618744e-02,2.169954329729080200e-01
7.896525412797927856e-02,1.146856881678104401e-02,-5.774939805269241333e-02,2.325042709708213806e-02,4.176004976034164429e-02,-1.103913411498069763e-01,1.795027591288089752e-02,-4.863923415541648865e-03,9.493067860603332520e-02,3.980709612369537354e-02,-2.268238179385662079e-02,-2.619580924510955811e-02,7.423896342515945435e-02,7.824075222015380859e-02,7.937924563884735107e-02,6.797724217176437378e-02,4.457118920981884003e-03,4.646832495927810669e-02,-2.072190120816230774e-02,-2.205064333975315094e-02,-1.548870652914047241e-01,5.856354534626007080e-02,1.230472140014171600e-02,-1.358907204121351242e-02,1.412992365658283234e-02,1.168202832341194153e-01,-5.168765410780906677e-02,-5.180747061967849731e-02,-1.192347425967454910e-02,7.538334466516971588e-03,-5.564436689019203186e-02,-1.145143955945968628e-01,1.053841561079025269e-01,-9.194239974021911621e-03,5.468123592436313629e-03,-7.389800250530242920e-02,9.764981456100940704e-03,2.984359860420227051e-02,-4.567167907953262329e-02,-7.093399763107299805e-02,1.313809454441070557e-01,2.254653163254261017e-02,1.570365950465202332e-02,5.163157824426889420e-03,-7.579482346773147583e-02,-5.513674765825271606e-02,-7.781241834163665771e-02,-3.024672530591487885e-02,3.208985179662704468e-02,3.951244056224822998e-02,-5.538062378764152527e-02,6.330294907093048096e-02,5.290174111723899841e-02,3.826571162790060043e-03,3.596138581633567810e-02,-5.263500288128852844e-02,8.756853640079498291e-03,3.530453890562057495e-03,-6.160043179988861084e-02,-4.320931434631347656e-02,-3.671073913574218750e-02,4.340652376413345337e-02,5.983291193842887878e-03,1.070356518030166626e-01,3.801037324592471123e-03,-2.266742475330829620e-02,-1.363601768389344215e-04,7.993590086698532104e-02,-8.481534570455551147e-02,7.078988477587699890e-03,-5.919184908270835876e-02,9.863219410181045532e-02,-3.481800109148025513e-02,8.893506228923797607e-02,-6.569593399763107300e-02,-8.486875146627426147e-02,-3.510989481583237648e-03,8.221627771854400635e-02,-8.334331214427947998e-02,-7.292379438877105713e-02,9.510992467403411865e-02,1.011058571748435497e-03,-3.459453582763671875e-02,4.585565999150276184e-03,-1.031712591648101807e-01,-6.157334521412849426e-02,4.614658281207084656e-02,1.993873622268438339e-03,8.180956542491912842e-02,2.012385614216327667e-02,-1.677178218960762024e-02,-3.768040612339973450e-02,-7.072353363037109375e-02,3.176102787256240845e-02,-8.762979507446289062e-02,-3.631588537245988846e-03,3.164396062493324280e-02,-1.680238783592358232e-04,-3.023272007703781128e-02,1.084211692214012146e-01,2.122979145497083664e-03,8.150344341993331909e-02,-9.464692324399948120e-02,-1.919158920645713806e-02,8.820916712284088135e-02,-2.470971830189228058e-02,-8.289536833763122559e-02,-5.345702916383743286e-02,-8.224078267812728882e-02,-1.049511227756738663e-02,9.961180388927459717e-02,-2.115324884653091431e-02,-5.111226439476013184e-02,-4.525158181786537170e-02,3.665233403444290161e-02,-1.011560857295989990e-01,5.528001487255096436e-02,-1.394170802086591721e-02,-1.030851453542709351e-01,3.301429748535156250e-02,-5.582537036389112473e-03,8.879735320806503296e-02,8.784705400466918945e-02,-4.647945985198020935e-02,-7.012180984020233154e-03,-1.030875369906425476e-01,4.531283862888813019e-03,4.017339646816253662e-02
5.524103343486785889e-02,3.439890965819358826e-02,-2.450163662433624268e-01,1.640056222677230835e-01,1.037175208330154419e-01,-3.843211010098457336e-02,5.088537931442260742e-02,6.537748873233795166e-02,3.980709612369537354e-02,7.679810374975204468e-02,1.779619045555591583e-02,-9.037741273641586304e-02,1.804206371307373047e-01,1.620521247386932373e-01,2.154857665300369263e-01,1.951399892568588257e-01,1.764088403433561325e-03,1.317153275012969971e-01,-1.116252243518829346e-01,-1.465213149785995483e-01,-9.965173900127410889e-02,2.340487539768218994e-01,1.586542427539825439e-01,-2.782507799565792084e-02,2.944627776741981506e-02,2.659350037574768066e-01,-2.288818061351776123e-01,-1.014395207166671753e-01,1.883779615163803101e-01,-6.770426034927368164e-02,-1.170655991882085800e-02,-2.505033016204833984e-01,2.056806385517120361e-01,1.245869323611259460e-01,-2.516714157536625862e-03,-2.394274026155471802e-01,3.487978503108024597e-02,9.025758504867553711e-02,-1.490312069654464722e-01,-1.820648461580276489e-01,2.302596271038055420e-01,1.372922305017709732e-02,2.000913172960281372e-01,3.031294047832489014e-02,-7.564625237137079239e-03,-1.928004175424575806e-01,-2.472601681947708130e-01,-6.427907943725585938e-02,1.740492414683103561e-03,1.283282600343227386e-02,1.837024092674255371e-02,-4.242156632244586945e-03,8.308447897434234619e-02,-2.724542468786239624e-02,7.963145151734352112e-03,-2.347735315561294556e-01,5.668202415108680725e-02,1.958935335278511047e-02,-1.534935384988784790e-01,-1.232461407780647278e-01,-3.512814640998840332e-02,5.958443880081176758e-02,1.198373734951019287e-02,8.763704448938369751e-02,1.013491861522197723e-02,-5.157893896102905273e-02,5.117734894156455994e-02,2.254521995782852173e-01,-2.287941724061965942e-01,3.206072375178337097e-02,-1.839544177055358887e-01,3.929433878511190414e-03,-5.248390510678291321e-02,2.368682175874710083e-01,-8.510786294937133789e-02,-2.238140106201171875e-01,-6.582766305655241013e-03,2.758436203002929688e-01,-1.133600622415542603e-01,-2.196162492036819458e-01,2.642550468444824219e-01,3.542970633134245872e-03,-1.590819209814071655e-01,6.278731394559144974e-03,-1.981724202632904053e-01,-1.769874393939971924e-01,1.528427451848983765e-01,1.075216755270957947e-02,1.201028823852539062e-01,6.610053032636642456e-02,-4.771209880709648132e-02,-5.924982950091362000e-02,-2.095229178667068481e-01,9.804712980985641479e-02,-2.215355038642883301e-01,-2.305332757532596588e-02,1.412484943866729736e-01,-4.398665914777666330e-04,-1.332979500293731689e-01,1.577929556369781494e-01,-6.409353762865066528e-02,1.117721274495124817e-01,-2.487423419952392578e-01,-5.578264966607093811e-02,2.811329960823059082e-01,2.855016663670539856e-02,-1.989062577486038208e-01,-2.177042067050933838e-01,-5.524443089962005615e-02,-2.483935467898845673e-02,1.828466951847076416e-01,-1.389207690954208374e-01,-1.897654384374618530e-01,1.786329597234725952e-02,2.398957461118698120e-01,-2.247644066810607910e-01,1.500501036643981934e-01,6.354265660047531128e-02,-2.544573247432708740e-01,7.551984488964080811e-02,9.979359805583953857e-02,2.051479369401931763e-01,2.285027056932449341e-01,-9.435735642910003662e-02,-1.698651015758514404e-01,-1.628192514181137085e-01,1.265958044677972794e-02,1.724446266889572144e-01
-5.395335704088211060e-02,1.802844181656837463e-02,-1.072697713971138000e-01,1.606318913400173187e-02,3.437407314777374268e-02,7.287806365638971329e-03,-4.492057021707296371e-03,2.945201471447944641e-02,-2.268238179385662079e-02,1.779619045555591583e-02,8.456867188215255737e-02,-3.809370100498199463e-02,1.397302150726318359e-01,1.675840094685554504e-02,8.164522051811218262e-02,1.094379946589469910e-01,-4.889362957328557968e-03,4.403949901461601257e-02,-4.182085394859313965e-02,-8.307128399610519409e-02,1.259602308273315430e-01,1.055068299174308777e-01,1.080189123749732971e-01,1.401077606715261936e-04,5.976063199341297150e-03,1.329139769077301025e-01,-1.464859545230865479e-01,-5.870524421334266663e-02,1.685072481632232666e-01,-2.926899120211601257e-02,4.494210705161094666e-02,-7.051673531532287598e-02,1.044579688459634781e-02,1.231571212410926819e-01,-9.660655632615089417e-03,-1.334511637687683105e-01,1.064666174352169037e-02,4.525340721011161804e-02,-8.802596479654312134e-02,1.641929522156715393e-02,1.962693966925144196e-02,-3.254096210002899170e-02,1.479109674692153931e-01,1.622845791280269623e-02,7.606081664562225342e-02,-1.443026810884475708e-01,-1.115932613611221313e-01,2.476470917463302612e-02,-3.021316975355148315e-02,-7.951496541500091553e-02,4.814414680004119873e-02,-5.921757221221923828e-02,-1.592769660055637360e-02,2.296775579452514648e-02,-7.772657275199890137e-02,-1.295972615480422974e-01,3.083198331296443939e-02,1.412987057119607925e-02,-5.384530127048492432e-02,-3.334857523441314697e-02,3.877362981438636780e-02,-1.329102460294961929e-02,-1.110167708247900009e-03,-8.573557436466217041e-02,-1.776459440588951111e-02,-2.188856340944766998e-02,4.071246832609176636e-02,7.162780314683914185e-02,-1.186259165406227112e-01,-2.566515933722257614e-03,-5.646007508039474487e-02,-1.402322500944137573e-01,-1.683864742517471313e-02,9.813573956489562988e-02,1.005295943468809128e-02,-1.882919669151306152e-02,-4.652943462133407593e-03,1.303322017192840576e-01,9.707643836736679077e-02,-9.560068696737289429e-02,5.453293770551681519e-02,1.629477948881685734e-03,-8.853295445442199707e-02,1.407311297953128815e-03,1.333376951515674591e-02,-1.387364417314529419e-01,6.602732092142105103e-02,8.893653750419616699e-03,6.179409101605415344e-02,2.802531607449054718e-02,-8.903967216610908508e-03,3.185193240642547607e-02,-4.922769591212272644e-02,1.087013538926839828e-02,-6.285630166530609131e-02,1.329911127686500549e-02,2.947020158171653748e-02,-1.225410669576376677e-04,-9.577643126249313354e-02,-1.562155596911907196e-02,-4.833286628127098083e-02,2.318510785698890686e-02,-8.818028867244720459e-02,-2.538759447634220123e-02,1.173646375536918640e-01,-8.861943334341049194e-02,5.845955573022365570e-03,-1.153362765908241272e-01,5.024439841508865356e-02,-9.758791886270046234e-03,1.417398732155561447e-02,-1.517355535179376602e-02,-8.610391616821289062e-02,3.638254478573799133e-02,1.379153579473495483e-01,-9.010946750640869141e-02,6.569331884384155273e-02,7.077947258949279785e-02,-4.917538166046142578e-02,1.245179772377014160e-02,6.880535185337066650e-02,3.794426098465919495e-02,7.643408328294754028e-02,-1.878958567976951599e-02,-1.369391083717346191e-01,-1.741439476609230042e-02,6.891125813126564026e-03,4.465714469552040100e-02
-6.538761407136917114e-02,-4.690958932042121887e-02,3.255684375762939453e-01,-2.381006032228469849e-01,-1.335785388946533203e-01,1.399370282888412476e-02,-3.937406837940216064e-02,-1.169082596898078918e-01,-2.619580924510955811e-02,-9.037741273641586304e-02,-3.809370100498199463e-02,1.247795149683952332e-01,-2.339158803224563599e-01,-2.332536876201629639e-01,-2.900547981262207031e-01,-2.625777721405029297e-01,-4.537208878900855780e-04,-1.871476769447326660e-01,1.416611671447753906e-01,1.909662485122680664e-01,9.430971741676330566e-02,-3.227870762348175049e-01,-2.279977053403854370e-01,3.707826510071754456e-02,-3.806516155600547791e-02,-3.362841308116912842e-01,3.079311847686767578e-01,1.275113672018051147e-01,-2.669887244701385498e-01,7.240796834230422974e-02,-2.366814762353897095e-03,3.215908408164978027e-01,-2.509324848651885986e-01,-1.920830011367797852e-01,7.022200617939233780e-03,3.290816843509674072e-01,-4.800527542829513550e-02,-1.172164306044578552e-01,1.864552646875381470e-01,2.547676563262939453e-01,-2.748076617717742920e-01,-9.930524975061416626e-03,-2.912689447402954102e-01,-4.158101603388786316e-02,-3.387663885951042175e-02,2.481239438056945801e-01,3.242329359054565430e-01,8.610355854034423828e-02,2.267014235258102417e-02,-5.415233899839222431e-04,-4.549323022365570068e-02,4.343203827738761902e-02,-1.071270406246185303e-01,5.344567447900772095e-02,-8.575833635404706001e-04,3.240682482719421387e-01,-8.760961145162582397e-02,-2.781053818762302399e-02,1.775280982255935669e-01,1.684791743755340576e-01,3.019183874130249023e-02,-6.284684687852859497e-02,-1.524329837411642075e-02,-5.558468401432037354e-02,-5.668664816766977310e-03,6.468502432107925415e-02,-7.239487767219543457e-02,-2.998400926589965820e-01,3.084006011486053467e-01,-3.240852802991867065e-02,2.385693788528442383e-01,2.731071598827838898e-02,7.588412612676620483e-02,-3.146562874317169189e-01,9.254359453916549683e-02,2.769456803798675537e-01,7.468360010534524918e-03,-3.607817292213439941e-01,1.374776214361190796e-01,2.917345464229583740e-01,-3.440532088279724121e-01,-4.907950758934020996e-03,2.170611023902893066e-01,-7.964776828885078430e-03,2.413164824247360229e-01,2.391532808542251587e-01,-1.773860454559326172e-01,-1.537342928349971771e-02,-1.303410977125167847e-01,-8.635152876377105713e-02,5.285956338047981262e-02,7.534841448068618774e-02,2.786507904529571533e-01,-1.360510140657424927e-01,2.840989828109741211e-01,3.506997600197792053e-02,-1.902507394552230835e-01,5.593805690295994282e-04,1.869026869535446167e-01,-1.740520745515823364e-01,9.074185788631439209e-02,-1.072641164064407349e-01,3.306391835212707520e-01,7.235044986009597778e-02,-3.551100492477416992e-01,-4.947426170110702515e-02,2.428196072578430176e-01,3.011620044708251953e-01,2.949929423630237579e-02,3.049527667462825775e-02,-2.591180801391601562e-01,1.778651922941207886e-01,2.744486331939697266e-01,-2.228529937565326691e-02,-3.351825773715972900e-01,2.759330272674560547e-01,-1.995479166507720947e-01,-9.033142030239105225e-02,3.308959603309631348e-01,-9.877309203147888184e-02,-1.253495812416076660e-01,-2.582890391349792480e-01,-2.962172627449035645e-01,1.085749343037605286e-01,2.512356638908386230e-01,1.891454607248306274e-01,-1.202423963695764542e-02,-2.218970358371734619e-01
