9.139404296875000000e-01,-8.492977172136306763e-02,-4.175541996955871582e-01,2.014137618243694305e-02,-8.737479336559772491e-03,3.457084000110626221e-01,-2.409855127334594727e-01,4.163055419921875000e-01,4.406532645225524902e-01,-2.888714373111724854e-01,2.282570749521255493e-01,2.805168926715850830e-01,8.786325156688690186e-02,6.940232515335083008e-01,1.464145332574844360e-01,-7.374439388513565063e-03,-3.699146211147308350e-01,2.504133880138397217e-01,6.190329194068908691e-01,4.236170053482055664e-01,-5.422286987304687500e-01,-4.431069493293762207e-01,3.531959652900695801e-01,1.821963340044021606e-01,-3.709481954574584961e-01,-8.319296240806579590e-01,1.799317747354507446e-01,-4.244017899036407471e-01,-5.252689719200134277e-01,-6.441118717193603516e-01,-2.502728700637817383e-01,-3.220028579235076904e-01,6.876517087221145630e-02,-4.384919703006744385e-01,4.811920225620269775e-02,-5.093567967414855957e-01,3.045692145824432373e-01,-1.647244542837142944e-01,-3.323749005794525146e-01,7.053362578153610229e-02,-3.792809844017028809e-01,-7.299903780221939087e-03,-7.400567084550857544e-02,-8.992524445056915283e-02,1.096584647893905640e-01,5.045198649168014526e-02,3.631068468093872070e-01,-3.330862820148468018e-01,-3.866776525974273682e-01,3.268913626670837402e-01,3.860368430614471436e-01,-3.895217552781105042e-02,3.018129467964172363e-01,-2.587349414825439453e-01,1.670842915773391724e-01,-6.806983053684234619e-02,-3.949643671512603760e-01,-1.221060007810592651e-01,-3.777048289775848389e-01,5.769133567810058594e-02,-2.137083858251571655e-01,4.857974350452423096e-01,-1.211542729288339615e-02,-5.498894453048706055e-01,-3.656255453824996948e-02,4.143435359001159668e-01,1.603788733482360840e-01,2.757916152477264404e-01,2.462451457977294922e-01,1.162068694829940796e-01,1.609672755002975464e-01,-7.771252393722534180e-01,2.501358985900878906e-01,1.307830065488815308e-01,-7.787515968084335327e-02,-2.240626886487007141e-02,1.167680621147155762e-01,-3.690148591995239258e-01,-2.224501669406890869e-01,-6.013816595077514648e-01,-6.295723915100097656e-01,-4.932465031743049622e-02,1.604325883090496063e-02,-2.541778683662414551e-01,-1.895866841077804565e-01,3.988087475299835205e-01,-3.757664859294891357e-01,-3.401978015899658203e-01,-2.431165128946304321e-01,2.044432163238525391e-01,2.192000895738601685e-01,8.189942687749862671e-02,-1.722043007612228394e-01,2.104116827249526978e-01,5.983277559280395508e-01,-7.617421150207519531e-01,3.084037601947784424e-01,1.292581856250762939e-02,-4.416012763977050781e-01,5.983360409736633301e-01,4.982291460037231445e-01,-1.039631664752960205e-01,-8.304842561483383179e-02,-1.707119047641754150e-01,-3.779058158397674561e-01,8.249972015619277954e-02,2.035465091466903687e-01,4.534191787242889404e-01,3.875478804111480713e-01,3.745210170745849609e-01,4.144720137119293213e-01,-8.172320574522018433e-02,1.375610679388046265e-01,-3.972823917865753174e-01,-3.462964892387390137e-01,-2.738610804080963135e-01,3.308483958244323730e-01,-4.024247527122497559e-01,-1.996037662029266357e-01,-4.052601158618927002e-01,-1.197443082928657532e-01,3.326131105422973633e-01,2.597531378269195557e-01,-1.959477514028549194e-01,4.146637618541717529e-01,7.500682026147842407e-02,3.359353542327880859e-01,3.688617646694183350e-01
-8.492977172136306763e-02,9.898246824741363525e-02,7.039466872811317444e-03,-1.124954819679260254e-01,1.795838475227355957e-01,-1.250496655702590942e-01,-1.075546741485595703e-01,1.452147513628005981e-01,-2.022585719823837280e-01,1.109406631439924240e-02,-2.508578002452850342e-01,-1.986118406057357788e-01,2.322861403226852417e-01,-2.603254616260528564e-01,2.329446226358413696e-01,1.423951238393783569e-01,1.948106437921524048e-01,-2.658912837505340576e-01,-2.001948505640029907e-01,-1.023156121373176575e-01,3.802911192178726196e-02,1.926107257604598999e-01,-1.133235841989517212e-01,-2.841268181800842285e-01,1.917272806167602539e-01,7.138735800981521606e-02,-1.055965721607208252e-01,1.937962770462036133e-01,-3.424036502838134766e-02,7.535148411989212036e-02,-1.076882556080818176e-01,2.155288755893707275e-01,1.749609559774398804e-01,1.718674749135971069e-01,-2.243488095700740814e-02,5.365757644176483154e-02,-2.108657211065292358e-01,1.333143413066864014e-01,2.443130016326904297e-01,-2.251317948102951050e-01,1.370809823274612427e-01,1.807630807161331177e-01,-4.262658208608627319e-02,6.972210854291915894e-02,2.144629210233688354e-01,-2.251360863447189331e-01,-2.942641377449035645e-01,1.945712268352508545e-01,2.575697600841522217e-01,-1.765313446521759033e-01,-3.907619509845972061e-03,2.580597102642059326e-01,-1.537739783525466919e-01,5.086455494165420532e-02,-4.366687312722206116e-02,2.225296571850776672e-03,2.704269587993621826e-01,1.233501359820365906e-01,3.034557402133941650e-01,3.728788718581199646e-02,1.866976469755172729e-01,-1.539614200592041016e-01,5.084763094782829285e-02,1.745453774929046631e-01,8.850673586130142212e-02,-1.843292564153671265e-01,5.083850398659706116e-02,-1.456970870494842529e-01,-1.652883589267730713e-01,3.084979951381683350e-02,-2.833087146282196045e-01,2.952329441905021667e-02,-2.140790075063705444e-01,-2.072732597589492798e-01,-5.731581524014472961e-02,-7.226280868053436279e-02,-7.595573365688323975e-02,1.205728203058242798e-01,-1.937210261821746826e-01,2.349079549312591553e-01,5.782109498977661133e-02,3.459839522838592529e-02,5.321663618087768555e-02,1.943181604146957397e-01,2.341896146535873413e-01,-3.775746375322341919e-02,1.376330107450485229e-01,1.927030384540557861e-01,3.090581297874450684e-01,-1.621694117784500122e-01,-7.642984390258789062e-02,-2.472783327102661133e-01,9.119579195976257324e-02,-7.071539014577865601e-02,-1.797128468751907349e-01,1.886865943670272827e-01,7.334125787019729614e-02,-1.096426788717508316e-02,1.295841336250305176e-01,-2.084050774574279785e-01,-1.244777068495750427e-01,1.389609724283218384e-01,-2.737869881093502045e-02,2.053915522992610931e-02,2.808628976345062256e-01,1.426913589239120483e-01,-1.590895205736160278e-01,-1.615373790264129639e-01,-2.938663065433502197e-01,-2.087457180023193359e-01,3.983888775110244751e-03,2.388459146022796631e-01,-3.229669108986854553e-02,-7.680514361709356308e-03,2.641344070434570312e-01,-1.622645705938339233e-01,-2.966984212398529053e-01,2.674314975738525391e-01,-2.232937365770339966e-01,1.790267080068588257e-01,-2.609022259712219238e-01,-1.076122745871543884e-01,-2.140941917896270752e-01,-8.206176757812500000e-02,1.061124056577682495e-01,-1.932541579008102417e-01,-2.036333382129669189e-01,-5.362429190427064896e-03
-4.175541996955871582e-01,7.039466872811317444e-03,7.184122800827026367e-01,-3.075907826423645020e-01,-1.313346326351165771e-01,-3.989623785018920898e-01,-9.915325045585632324e-02,5.637531168758869171e-03,-2.205022722482681274e-01,3.653136640787124634e-02,5.949071608483791351e-03,-2.687315642833709717e-01,-2.477653771638870239e-01,-3.283784389495849609e-01,-3.058916516602039337e-02,-2.424475848674774170e-01,2.921688258647918701e-01,-3.904306888580322266e-01,-1.906068623065948486e-01,1.427093893289566040e-01,4.834706187248229980e-01,-1.321229636669158936e-01,-6.035811901092529297e-01,-2.163637876510620117e-01,1.394003927707672119e-01,2.233807891607284546e-01,3.685826957225799561e-01,5.773694515228271484e-01,-1.000303402543067932e-01,5.969755053520202637e-01,4.709700644016265869e-01,1.624600440263748169e-01,2.116454690694808960e-01,3.272653818130493164e-01,-1.593735516071319580e-01,1.299991756677627563e-01,-1.417227685451507568e-01,8.809675276279449463e-02,1.279499940574169159e-02,2.051784545183181763e-01,3.551319539546966553e-01,5.997072160243988037e-02,-5.014330148696899414e-01,-2.440126612782478333e-02,2.742138504981994629e-01,-3.885281682014465332e-01,-8.587945252656936646e-03,2.802448570728302002e-01,2.712051868438720703e-01,-4.699860215187072754e-01,-6.466693878173828125e-01,3.290800377726554871e-02,-3.163912594318389893e-01,-1.082554236054420471e-01,2.491883337497711182e-01,4.906218647956848145e-01,1.480297446250915527e-01,1.221968829631805420e-01,2.759590148925781250e-01,-9.779248386621475220e-02,4.641332626342773438e-01,-3.044518232345581055e-01,7.237358018755912781e-03,5.740759372711181641e-01,4.486736953258514404e-01,-2.216460853815078735e-01,-4.010758996009826660e-01,-5.675641894340515137e-01,-3.112767934799194336e-01,-1.302914917469024658e-01,4.402910824865102768e-03,5.151480436325073242e-01,-4.062364995479583740e-01,2.349995374679565430e-01,-2.829628996551036835e-02,4.766564071178436279e-01,-5.684701353311538696e-02,4.316085278987884521e-01,1.305032968521118164e-01,4.756421148777008057e-01,1.084184125065803528e-01,5.417103320360183716e-02,4.612450897693634033e-01,1.017369776964187622e-01,3.871223628520965576e-01,-4.028436243534088135e-01,4.361592978239059448e-02,1.339234039187431335e-02,2.450563907623291016e-01,1.332946568727493286e-01,1.316139101982116699e-01,4.525588452816009521e-02,9.919787943363189697e-02,-5.185095667839050293e-01,-5.538440346717834473e-01,3.137285411357879639e-01,-3.570577204227447510e-01,-9.671487845480442047e-03,-5.376425385475158691e-02,-5.496073961257934570e-01,-2.562424838542938232e-01,4.791435897350311279e-01,-1.321660727262496948e-01,2.342434674501419067e-01,8.205999433994293213e-02,1.342419087886810303e-01,7.303340733051300049e-02,-1.792383044958114624e-01,-4.076099097728729248e-01,-1.065604612231254578e-01,-8.824646472930908203e-02,7.989452034235000610e-02,-3.598189651966094971e-01,3.731050789356231689e-01,-1.118937954306602478e-01,3.981774747371673584e-01,-4.214583933353424072e-01,2.496049553155899048e-01,-2.707599401473999023e-01,2.333032339811325073e-01,1.825698465108871460e-02,2.473682612180709839e-01,-3.481950461864471436e-01,2.452240586280822754e-01,1.498138159513473511e-01,-1.987699717283248901e-01,-1.305607259273529053e-01,-5.843760371208190918e-01
2.014137618243694305e-02,-1.124954819679260254e-01,-3.075907826423645020e-01,7.848978638648986816e-01,-4.932415112853050232e-02,5.118994116783142090e-01,5.136702656745910645e-01,-5.625303387641906738e-01,1.949893981218338013e-01,2.391307801008224487e-01,-1.323881596326828003e-01,3.752157390117645264e-01,2.211667597293853760e-01,4.513098299503326416e-02,-3.398883342742919922e-01,1.548254787921905518e-01,-2.940277159214019775e-01,6.157673597335815430e-01,-1.114704981446266174e-01,-4.422762095928192139e-01,-5.630949735641479492e-01,2.612584829330444336e-01,6.782943010330200195e-01,3.107185363769531250e-01,8.096100389957427979e-02,2.003847062587738037e-01,-5.581756234169006348e-01,-6.215193867683410645e-01,3.932483196258544922e-01,-3.966825008392333984e-01,-3.329412639141082764e-01,-3.731115758419036865e-01,-2.947756350040435791e-01,-4.151295423507690430e-01,2.681339979171752930e-01,1.199691668152809143e-01,2.128461748361587524e-01,-1.732311695814132690e-01,1.677571237087249756e-01,-2.854489982128143311e-01,-6.015377044677734375e-01,-1.413277834653854370e-01,8.070103526115417480e-01,7.551298011094331741e-03,-6.886937022209167480e-01,6.674717068672180176e-01,3.937372565269470215e-02,-3.797450959682464600e-01,-2.775967717170715332e-01,6.724758744239807129e-01,5.014826655387878418e-01,-2.135076224803924561e-01,5.388424396514892578e-01,4.970018863677978516e-01,-1.011767387390136719e-01,-6.622883081436157227e-01,-1.428479701280593872e-01,-2.477837502956390381e-01,-2.976217865943908691e-01,1.739281043410301208e-02,-6.327436566352844238e-01,3.799996376037597656e-01,-2.407460846006870270e-02,-3.703136444091796875e-01,-7.931216359138488770e-01,1.380436420440673828e-01,5.310385227203369141e-01,6.471195220947265625e-01,7.051354050636291504e-01,-5.940916389226913452e-02,1.107870973646640778e-02,1.012388542294502258e-01,5.063923001289367676e-01,-3.768014609813690186e-01,1.660529822111129761e-01,-6.742263436317443848e-01,8.121116459369659424e-02,-5.616074800491333008e-01,-4.586139693856239319e-02,-4.608183503150939941e-01,4.571179747581481934e-01,-7.888647168874740601e-02,-5.598508119583129883e-01,-7.867189496755599976e-02,-6.627535820007324219e-01,4.543828368186950684e-01,-1.353632062673568726e-01,7.235248386859893799e-02,-4.475989639759063721e-01,-1.471373736858367920e-01,-1.778360009193420410e-01,-4.377995803952217102e-02,-3.020841181278228760e-01,7.907604575157165527e-01,3.798416554927825928e-01,-9.368896484375000000e-02,2.112053781747817993e-01,1.514794398099184036e-02,5.035352110862731934e-01,5.449854135513305664e-01,1.585992872714996338e-01,-7.994173765182495117e-01,2.706391736865043640e-02,-2.723902165889739990e-01,9.883678704500198364e-02,-2.276196628808975220e-01,-4.704568386077880859e-01,-3.135381639003753662e-02,5.196324586868286133e-01,2.446195483207702637e-02,1.368696987628936768e-01,-4.594055712223052979e-01,3.883774876594543457e-01,2.375004068017005920e-02,2.004272937774658203e-01,9.071763604879379272e-03,4.605369269847869873e-01,-3.383781611919403076e-01,6.789588928222656250e-01,-5.349497869610786438e-02,2.240890264511108398e-01,-6.427493095397949219e-01,5.844710469245910645e-01,-2.830835878849029541e-01,-6.274718642234802246e-01,5.108425021171569824e-01,1.318680495023727417e-01,6.206153631210327148e-01
-8.737479336559772491e-03,1.795838475227355957e-01,-1.313346326351165771e-01,-4.932415112853050232e-02,7.592307925224304199e-01,-8.354448527097702026e-02,7.970698177814483643e-02,3.170381858944892883e-02,-2.671374082565307617e-01,5.478685721755027771e-02,-3.692612946033477783e-01,-2.134144902229309082e-01,2.783741354942321777e-01,-3.194114565849304199e-01,4.671814739704132080e-01,3.434388041496276855e-01,2.753942906856536865e-01,-2.195656448602676392e-01,-2.031539380550384521e-01,-3.609404563903808594e-01,6.208751723170280457e-02,2.671053409576416016e-01,-2.043552994728088379e-01,-1.944159567356109619e-01,1.131238266825675964e-01,1.262693852186203003e-01,-3.487716019153594971e-01,1.158645153045654297e-01,9.471768885850906372e-02,-2.215566933155059814e-01,-4.753863513469696045e-01,3.836236298084259033e-01,2.778056822717189789e-02,1.590367555618286133e-01,2.057178877294063568e-02,3.692033290863037109e-01,-4.409115910530090332e-01,1.908410042524337769e-01,2.491511106491088867e-01,-3.876313269138336182e-01,3.261014223098754883e-01,4.288333356380462646e-01,4.305721074342727661e-02,1.527770757675170898e-01,2.558797895908355713e-01,-1.777682751417160034e-01,-5.856813788414001465e-01,8.317284286022186279e-02,4.526410400867462158e-01,-3.156010061502456665e-02,1.043482124805450439e-01,2.528647780418395996e-01,-2.476426810026168823e-01,3.183626532554626465e-01,-3.113336861133575439e-01,-1.695829927921295166e-01,3.303802311420440674e-01,1.503836512565612793e-01,2.016754150390625000e-01,1.036473885178565979e-01,1.899639368057250977e-01,-2.604074180126190186e-01,8.664591610431671143e-02,2.573875188827514648e-01,1.421478539705276489e-01,-2.218029201030731201e-01,4.047726988792419434e-01,9.042649716138839722e-02,-1.342320144176483154e-01,5.468692183494567871e-01,-4.204712510108947754e-01,-7.395108789205551147e-02,-4.640378057956695557e-02,-3.637837767601013184e-01,-6.193995475769042969e-02,-3.695224821567535400e-01,-1.386234313249588013e-01,2.932950854301452637e-01,-2.015694230794906616e-01,3.774039149284362793e-01,-9.239125996828079224e-03,3.288613632321357727e-02,-3.394374847412109375e-01,2.383172512054443359e-01,2.191152423620223999e-01,-3.178206384181976318e-01,4.800551235675811768e-01,2.814620733261108398e-01,4.616957604885101318e-01,-5.225266218185424805e-01,-5.577086806297302246e-01,-3.888178765773773193e-01,4.832291901111602783e-01,-1.061379164457321167e-02,-2.337658554315567017e-01,3.886178433895111084e-01,5.313708782196044922e-01,-1.522617135196924210e-02,2.463149875402450562e-01,-1.544905602931976318e-01,-1.114371940493583679e-01,1.517245322465896606e-01,2.425663322210311890e-01,-4.843304399400949478e-03,3.524016737937927246e-01,1.727498918771743774e-01,-2.093978673219680786e-01,-1.587695628404617310e-01,-5.385544896125793457e-01,-2.898440062999725342e-01,-3.423469662666320801e-01,4.523990452289581299e-01,3.586976230144500732e-01,-4.428449571132659912e-01,5.944647192955017090e-01,-3.830183446407318115e-01,-2.263262420892715454e-01,2.293145954608917236e-01,-2.602328360080718994e-01,1.671819537878036499e-01,-2.459681183099746704e-01,-2.213110476732254028e-01,-2.310818582773208618e-01,-3.009443283081054688e-01,2.903468310832977295e-01,-2.627344429492950439e-01,-4.438006281852722168e-01,1.235674880445003510e-02
3.457084000110626221e-01,-1.250496655702590942e-01,-3.989623785018920898e-01,5.118994116783142090e-01,-8.354448527097702026e-02,8.589965701103210449e-01,3.114929795265197754e-01,-1.617121100425720215e-01,1.231895461678504944e-01,-8.027890697121620178e-03,4.468951374292373657e-02,3.364477455615997314e-01,4.802227020263671875e-02,2.678299844264984131e-01,-1.963585168123245239e-01,-4.936817660927772522e-02,-2.989011406898498535e-01,4.239181876182556152e-01,1.332833170890808105e-01,-1.285892724990844727e-01,-4.117771685123443604e-01,2.803933247923851013e-02,5.372467637062072754e-01,2.828687727451324463e-01,-1.450345665216445923e-01,-2.844155728816986084e-01,-2.116500437259674072e-01,-4.761192202568054199e-01,2.966113984584808350e-01,-6.319462060928344727e-01,-1.906574964523315430e-01,-3.323048651218414307e-01,-1.840597540140151978e-01,-3.007820546627044678e-01,1.175108551979064941e-01,2.013263665139675140e-02,2.510241568088531494e-01,-1.478714495897293091e-01,-8.891218155622482300e-02,-1.391532719135284424e-01,-5.740531682968139648e-01,-1.104596182703971863e-01,4.242436885833740234e-01,-2.743940055370330811e-02,-3.447791635990142822e-01,4.521255791187286377e-01,2.407868951559066772e-01,-4.343490302562713623e-01,-3.810070455074310303e-01,4.568567872047424316e-01,6.161922812461853027e-01,-2.380436956882476807e-01,4.470337033271789551e-01,-9.528906666673719883e-04,-2.492865733802318573e-02,-4.131753742694854736e-01,-3.048114478588104248e-01,-2.033991515636444092e-01,-3.473797738552093506e-01,3.597238287329673767e-02,-4.836315214633941650e-01,4.093827009201049805e-01,-1.943770237267017365e-02,-4.108301401138305664e-01,-4.234533011913299561e-01,3.041447103023529053e-01,2.910677194595336914e-01,4.639369547367095947e-01,5.734609961509704590e-01,1.162159140221774578e-03,8.300931751728057861e-02,-3.655085563659667969e-01,4.439552724361419678e-01,-1.539318561553955078e-01,1.358024477958679199e-01,-3.761365413665771484e-01,1.116161942481994629e-01,-3.589482903480529785e-01,-2.637447044253349304e-02,-5.168309211730957031e-01,7.015572488307952881e-02,-6.357274949550628662e-02,-3.074134588241577148e-01,-2.140423953533172607e-01,-5.301048159599304199e-01,5.006575584411621094e-01,-2.031907588243484497e-01,-1.326749026775360107e-01,-4.286443591117858887e-01,5.833013914525508881e-03,-6.940791010856628418e-02,2.603482827544212341e-02,-8.906545490026473999e-02,4.683552682399749756e-01,4.763711392879486084e-01,-4.506838619709014893e-01,2.254382818937301636e-01,1.325966510921716690e-02,2.054007351398468018e-02,5.544686913490295410e-01,2.212636917829513550e-01,-4.500744938850402832e-01,1.058917269110679626e-01,-2.188564538955688477e-01,-9.188249707221984863e-02,2.092359811067581177e-01,-1.952883154153823853e-01,6.622915714979171753e-02,4.713920950889587402e-01,2.230228781700134277e-01,1.843191087245941162e-01,-4.931000769138336182e-01,2.908218502998352051e-01,-4.167831689119338989e-02,-3.429137170314788818e-02,-7.869768887758255005e-03,4.097902774810791016e-01,-2.955895662307739258e-01,2.927914559841156006e-01,-2.249122262001037598e-01,1.991700530052185059e-01,-2.309542596340179443e-01,4.184557795524597168e-01,-1.640135422348976135e-02,-2.042557895183563232e-01,2.748383879661560059e-01,2.526115775108337402e-01,4.906061887741088867e-01
-2.409855127334594727e-01,-1.075546741485595703e-01,-9.915325045585632324e-02,5.136702656745910645e-01,7.970698177814483643e-02,3.114929795265197754e-01,7.676777839660644531e-01,-6.663630604743957520e-01,1.166377663612365723e-01,2.466547489166259766e-01,1.031372025609016418e-01,3.286252021789550781e-01,-2.405859231948852539e-01,-3.020309470593929291e-02,-3.784478008747100830e-01,-5.008272081613540649e-02,-2.194037586450576782e-01,4.827291965484619141e-01,-8.426430821418762207e-02,-4.034931659698486328e-01,6.108351983129978180e-03,1.368407309055328369e-01,2.154428213834762573e-01,4.514842331409454346e-01,-1.317290961742401123e-01,4.068996310234069824e-01,-3.069156408309936523e-01,-3.669897615909576416e-01,6.026117801666259766e-01,-2.077835947275161743e-01,-8.297607302665710449e-02,-1.732176691293716431e-01,-4.929496943950653076e-01,-2.535683512687683105e-01,1.450285911560058594e-01,3.940787315368652344e-01,1.320330649614334106e-01,-1.650322973728179932e-01,-1.209330484271049500e-01,-3.563812002539634705e-03,-1.460731923580169678e-01,-1.679927706718444824e-01,4.734985828399658203e-01,-8.784718811511993408e-03,-5.976718068122863770e-01,5.878928899765014648e-01,2.709430642426013947e-02,-3.835040032863616943e-01,-1.592877656221389771e-01,4.529625475406646729e-01,1.536876708269119263e-01,-4.310178160667419434e-01,2.947066128253936768e-01,3.668106496334075928e-01,-2.340647727251052856e-01,-3.486066162586212158e-01,-2.151971161365509033e-01,-2.314394712448120117e-01,-3.794835209846496582e-01,-2.321494556963443756e-02,-4.812281727790832520e-01,1.255965232849121094e-01,-5.969996750354766846e-02,-7.840842753648757935e-02,-3.976071178913116455e-01,1.758695840835571289e-01,2.575486600399017334e-01,4.459618628025054932e-01,4.663814604282379150e-01,1.673782169818878174e-01,2.023925185203552246e-01,2.651447057723999023e-01,5.207837224006652832e-01,-2.666063793003559113e-02,1.693280041217803955e-01,-4.075230658054351807e-01,6.859735399484634399e-02,-1.320117264986038208e-01,3.122393786907196045e-01,-1.294805258512496948e-01,3.718174099922180176e-01,-6.760650873184204102e-02,-5.650295019149780273e-01,-2.046873122453689575e-01,-5.533217191696166992e-01,-1.045959517359733582e-01,1.255258470773696899e-01,-7.632948458194732666e-02,-3.656455576419830322e-01,-1.242473497986793518e-01,-3.693301081657409668e-01,2.005683779716491699e-01,1.162517294287681580e-01,3.271332383155822754e-01,1.012116223573684692e-01,1.525137275457382202e-01,1.474981158971786499e-01,1.482603047043085098e-02,2.893035709857940674e-01,2.942652702331542969e-01,4.708876833319664001e-02,-4.127285480499267578e-01,3.014931678771972656e-01,-9.284212440252304077e-02,-7.310400903224945068e-02,-2.606412768363952637e-01,-1.300723701715469360e-01,2.283496223390102386e-02,2.372628152370452881e-01,1.319838017225265503e-01,-4.226600527763366699e-01,-3.959167301654815674e-01,5.042945742607116699e-01,-3.376019746065139771e-02,9.175238758325576782e-02,1.821456402540206909e-01,4.552378654479980469e-01,-3.259793817996978760e-01,6.451563835144042969e-01,-1.416016817092895508e-01,5.120232701301574707e-01,-3.584525287151336670e-01,3.942233622074127197e-01,5.074426904320716858e-02,-4.678162038326263428e-01,3.686868846416473389e-01,9.158940613269805908e-02,1.073563545942306519e-01
4.163055419921875000e-01,1.452147513628005981e-01,5.637531168758869171e-03,-5.625303387641906738e-01,3.170381858944892883e-02,-1.617121100425720215e-01,-6.663630604743957520e-01,9.530951976776123047e-01,-2.340961098670959473e-01,-3.605216443538665771e-01,-2.268290519714355469e-01,-4.866751730442047119e-01,3.322153389453887939e-01,-4.910246469080448151e-03,6.191800236701965332e-01,1.426764726638793945e-01,3.538042306900024414e-01,-6.465924382209777832e-01,5.865323543548583984e-02,5.271047949790954590e-01,-4.926891997456550598e-02,-4.882280901074409485e-02,-2.939636707305908203e-01,-6.200415492057800293e-01,1.829797327518463135e-01,-5.814431905746459961e-01,3.625168800354003906e-01,4.451526999473571777e-01,-6.874724030494689941e-01,4.401064664125442505e-02,-9.878677874803543091e-02,3.406225740909576416e-01,6.711149811744689941e-01,2.691791653633117676e-01,-1.889733821153640747e-01,-4.120523631572723389e-01,-2.876246571540832520e-01,3.036855459213256836e-01,1.213630810379981995e-01,-2.245820164680480957e-01,1.999691426753997803e-01,4.322753846645355225e-01,-5.782712101936340332e-01,6.229062378406524658e-02,8.011099100112915039e-01,-7.377120256423950195e-01,-1.641601175069808960e-01,4.667154848575592041e-01,3.451473116874694824e-01,-5.489065051078796387e-01,-1.443758793175220490e-02,6.118761301040649414e-01,-3.604368865489959717e-01,-5.836625695228576660e-01,3.399158418178558350e-01,3.823417425155639648e-01,2.970885634422302246e-01,3.525618016719818115e-01,4.788560867309570312e-01,6.112782657146453857e-02,4.661121964454650879e-01,-9.572093188762664795e-02,1.268297731876373291e-01,1.239061132073402405e-01,4.849050045013427734e-01,-2.218659967184066772e-01,-2.688980102539062500e-01,-5.781968235969543457e-01,-4.644576609134674072e-01,-2.632902562618255615e-01,-3.966299891471862793e-01,-4.654160737991333008e-01,-5.950660109519958496e-01,-3.657224774360656738e-02,-2.852191329002380371e-01,3.339084088802337646e-01,-1.136642545461654663e-01,1.545800268650054932e-01,-5.837200880050659180e-01,1.372292041778564453e-01,-4.295295178890228271e-01,9.995327889919281006e-02,6.424455046653747559e-01,3.378870189189910889e-01,6.011545062065124512e-01,2.141690105199813843e-01,-1.665084660053253174e-01,1.207103505730628967e-01,5.424408316612243652e-01,7.996274530887603760e-02,3.195884227752685547e-01,-3.525531291961669922e-01,1.020220965147018433e-01,-4.280136227607727051e-01,-1.601209193468093872e-01,-2.475124895572662354e-01,-2.382433740422129631e-03,-2.669742517173290253e-02,-3.395260572433471680e-01,-1.805721968412399292e-01,-5.646970868110656738e-02,5.913022160530090332e-01,-3.554575145244598389e-01,4.777037724852561951e-02,1.973684579133987427e-01,5.482032299041748047e-01,5.264054238796234131e-02,-9.083821624517440796e-02,-3.613409698009490967e-01,-1.649348586797714233e-01,4.575562775135040283e-01,5.402589440345764160e-01,-4.224151372909545898e-01,-2.629971131682395935e-02,-6.927365809679031372e-02,-3.668399453163146973e-01,-5.597088336944580078e-01,4.628753960132598877e-01,-8.546148538589477539e-01,1.961694210767745972e-01,-6.991711854934692383e-01,3.776973187923431396e-01,-5.930964946746826172e-01,1.117932498455047607e-01,7.136717438697814941e-01,-6.385926008224487305e-01,-1.867846548557281494e-01,-1.812339946627616882e-02
4.406532645225524902e-01,-2.022585719823837280e-01,-2.205022722482681274e-01,1.949893981218338013e-01,-2.671374082565307617e-01,1.231895461678504944e-01,1.166377663612365723e-01,-2.340961098670959473e-01,7.466856837272644043e-01,-7.401081919670104980e-02,6.292753219604492188e-01,5.853712558746337891e-01,-4.175931513309478760e-01,8.060754537582397461e-01,-4.515597522258758545e-01,-2.543301582336425781e-01,-6.111098527908325195e-01,6.883177757263183594e-01,6.790077686309814453e-01,3.264545500278472900e-01,-3.168941736221313477e-01,-5.722279548645019531e-01,3.766711950302124023e-01,7.183147668838500977e-01,-5.906784534454345703e-01,-3.360876142978668213e-01,2.126851379871368408e-01,-6.140736937522888184e-01,-1.800535470247268677e-01,-2.956571578979492188e-01,4.316897690296173096e-02,-6.092737317085266113e-01,-4.147060215473175049e-01,-6.434341669082641602e-01,1.418758481740951538e-01,-2.673719823360443115e-01,5.830998420715332031e-01,-3.957228064537048340e-01,-6.170396804809570312e-01,5.480867624282836914e-01,-2.829410135746002197e-01,-4.377967715263366699e-01,1.020775288343429565e-01,-1.962585449218750000e-01,-4.972526431083679199e-01,5.435997843742370605e-01,6.782782077789306641e-01,-5.370015501976013184e-01,-6.489387750625610352e-01,5.827782750129699707e-01,1.944187469780445099e-02,-5.558589696884155273e-01,4.353993237018585205e-01,-1.863402687013149261e-02,9.509243816137313843e-02,-4.448815807700157166e-02,-7.083178162574768066e-01,-3.473955690860748291e-01,-7.962254285812377930e-01,-5.845549330115318298e-02,-5.204951763153076172e-01,5.153018832206726074e-01,-1.347110271453857422e-01,-6.129919886589050293e-01,-2.254310846328735352e-01,5.600554943084716797e-01,3.308837860822677612e-02,5.217543244361877441e-01,3.799411058425903320e-01,1.199793443083763123e-01,6.823034882545471191e-01,-2.406589984893798828e-01,5.834965109825134277e-01,4.856856763362884521e-01,7.066535949707031250e-02,6.609565764665603638e-02,2.073363214731216431e-01,-4.296853244304656982e-01,3.523723781108856201e-01,-6.600534319877624512e-01,-3.921941518783569336e-01,-1.069061160087585449e-01,-2.282983958721160889e-01,-5.314360857009887695e-01,-5.522309541702270508e-01,6.409920006990432739e-02,-3.543677031993865967e-01,-5.378137826919555664e-01,-6.849001049995422363e-01,3.495755791664123535e-01,1.886303871870040894e-01,5.693807601928710938e-01,-3.367616534233093262e-01,2.668789327144622803e-01,6.157691478729248047e-01,-5.387443304061889648e-01,1.028111018240451813e-02,3.196126595139503479e-02,-3.774363100528717041e-01,6.140961050987243652e-01,5.350306630134582520e-01,-3.587543964385986328e-01,6.141058355569839478e-02,-9.483011811971664429e-02,-7.629293799400329590e-01,-5.758085250854492188e-01,4.512932300567626953e-01,6.331354975700378418e-01,6.976402997970581055e-01,5.696088075637817383e-01,2.141625247895717621e-02,-4.176403582096099854e-01,1.777339726686477661e-01,-3.088748455047607422e-01,-6.285743713378906250e-01,5.618255585432052612e-02,7.641218304634094238e-01,-7.513329386711120605e-01,4.577567577362060547e-01,-5.575559735298156738e-01,4.763936400413513184e-01,3.360813856124877930e-01,5.807661414146423340e-01,-5.506299063563346863e-02,-6.258364021778106689e-02,4.765919148921966553e-01,5.470308661460876465e-01,1.328889578580856323e-01
-2.888714373111724854e-01,1.109406631439924240e-02,3.653136640787124634e-02,2.391307801008224487e-01,5.478685721755027771e-02,-8.027890697121620178e-03,2.466547489166259766e-01,-3.605216443538665771e-01,-7.401081919670104980e-02,1.832901537418365479e-01,-1.821375489234924316e-01,1.707371324300765991e-02,1.152517050504684448e-01,-2.676117420196533203e-01,-1.161362007260322571e-01,8.213330805301666260e-02,3.696743026375770569e-02,1.174522191286087036e-01,-2.702933549880981445e-01,-3.247804939746856689e-01,-5.299318209290504456e-02,2.464377880096435547e-01,1.116160303354263306e-01,1.732501015067100525e-02,1.807571947574615479e-01,3.822851479053497314e-01,-2.888978719711303711e-01,-6.893561780452728271e-02,2.741171419620513916e-01,6.808486580848693848e-02,-6.564398109912872314e-02,-9.833055082708597183e-04,-9.338039904832839966e-02,-5.654448759742081165e-04,7.781120389699935913e-02,1.766525208950042725e-01,-5.641417950391769409e-02,4.589459858834743500e-03,2.262640148401260376e-01,-1.768785119056701660e-01,-6.788322329521179199e-02,5.192342679947614670e-03,3.428521156311035156e-01,4.300528392195701599e-02,-2.694852352142333984e-01,1.865084022283554077e-01,-1.754193902015686035e-01,3.133965190500020981e-03,7.330044358968734741e-02,1.331744641065597534e-01,2.616880461573600769e-02,-1.389693189412355423e-02,6.621123105287551880e-02,3.249026536941528320e-01,-9.102009236812591553e-02,-2.160944640636444092e-01,1.304199248552322388e-01,-2.776458486914634705e-02,6.308951973915100098e-02,1.122966757975518703e-03,-1.206924766302108765e-01,-4.173666611313819885e-02,7.672115229070186615e-03,9.566766768693923950e-02,-2.771855592727661133e-01,-1.052929908037185669e-01,1.757833510637283325e-01,1.419129818677902222e-01,1.501312106847763062e-01,-1.501450594514608383e-02,-1.057904809713363647e-01,3.303443193435668945e-01,7.248461991548538208e-02,-2.353763431310653687e-01,5.142776295542716980e-02,-2.861189544200897217e-01,-2.250441350042819977e-02,-6.797056645154953003e-02,2.116068266332149506e-02,8.148230612277984619e-02,3.784334063529968262e-01,-7.050971500575542450e-03,-2.369587272405624390e-01,8.429861068725585938e-02,-1.296210289001464844e-01,3.188690403476357460e-03,1.028140336275100708e-01,1.618566960096359253e-01,-2.643070183694362640e-02,-1.530204862356185913e-01,-1.431905627250671387e-01,-9.560415893793106079e-02,-5.810771510004997253e-02,2.342588752508163452e-01,-9.608171135187149048e-02,2.659981250762939453e-01,2.710130438208580017e-02,-6.007472402416169643e-04,3.823498487472534180e-01,-2.961008809506893158e-02,-9.787029772996902466e-02,-2.577776014804840088e-01,3.140203654766082764e-02,-3.279401361942291260e-02,2.256058603525161743e-01,-1.199478805065155029e-01,-2.980177998542785645e-01,-1.517029404640197754e-01,-7.981306873261928558e-03,-1.472778320312500000e-01,-9.184071421623229980e-02,-9.491489082574844360e-02,1.203280165791511536e-01,1.093508079648017883e-01,2.646042406558990479e-01,4.537354782223701477e-02,1.633375696837902069e-02,1.720042340457439423e-02,3.091473877429962158e-01,1.375814974308013916e-01,7.589170336723327637e-02,-3.939765691757202148e-01,1.062408611178398132e-01,-1.205682605504989624e-01,-3.608117103576660156e-01,1.307302713394165039e-01,-1.003957688808441162e-01,9.805212169885635376e-02
2.282570749521255493e-01,-2.508578002452850342e-01,5.949071608483791351e-03,-1.323881596326828003e-01,-3.692612946033477783e-01,4.468951374292373657e-02,1.031372025609016418e-01,-2.268290519714355469e-01,6.292753219604492188e-01,-1.821375489234924316e-01,9.224503636360168457e-01,5.661892294883728027e-01,-8.625342249870300293e-01,7.715687155723571777e-01,-5.267975926399230957e-01,-6.189035773277282715e-01,-6.073853373527526855e-01,4.975772798061370850e-01,7.691920995712280273e-01,4.760460853576660156e-01,2.708733677864074707e-01,-7.671126127243041992e-01,-2.828077971935272217e-02,7.890100479125976562e-01,-8.252750039100646973e-01,-2.840519547462463379e-01,5.644583106040954590e-01,-3.191564679145812988e-01,-1.709466800093650818e-03,-9.546247869729995728e-02,4.899328052997589111e-01,-4.782265126705169678e-01,-5.552939176559448242e-01,-3.854782879352569580e-01,-6.934763491153717041e-02,-1.755430847406387329e-01,6.384372711181640625e-01,-4.446029961109161377e-01,-8.965746164321899414e-01,8.999275565147399902e-01,2.568245492875576019e-02,-6.283482909202575684e-01,-2.797721028327941895e-01,-2.713185548782348633e-01,-3.080913722515106201e-01,3.886779248714447021e-01,8.100541234016418457e-01,-5.561094284057617188e-01,-6.893344521522521973e-01,2.574113905429840088e-01,-2.603311836719512939e-01,-7.846717834472656250e-01,1.984914392232894897e-01,-3.239461183547973633e-01,1.486001163721084595e-02,3.398900330066680908e-01,-8.245934844017028809e-01,-3.543755114078521729e-01,-8.090211749076843262e-01,-1.172300279140472412e-01,-2.499613910913467407e-01,2.846199572086334229e-01,-2.043145895004272461e-01,-3.999158143997192383e-01,2.152190059423446655e-01,6.888723373413085938e-01,-3.974671661853790283e-01,2.327350080013275146e-01,8.731315284967422485e-02,2.487223893404006958e-01,9.116441011428833008e-01,-2.232476025819778442e-01,5.228913426399230957e-01,8.676263689994812012e-01,1.222855821251869202e-01,5.104774236679077148e-01,2.445681244134902954e-01,4.911650437861680984e-03,7.446665763854980469e-01,-3.989503979682922363e-01,-5.598762631416320801e-01,-9.868317842483520508e-02,-3.863900899887084961e-02,-7.645338177680969238e-01,-3.691658079624176025e-01,-3.493082523345947266e-01,-2.301099598407745361e-01,-7.911589741706848145e-01,-6.650503277778625488e-01,6.007249951362609863e-01,2.245599925518035889e-01,8.631692528724670410e-01,-3.707316890358924866e-02,-2.195652276277542114e-01,4.376345276832580566e-01,-4.496354162693023682e-01,-2.249575704336166382e-01,3.686726465821266174e-02,-7.231433987617492676e-01,2.858581244945526123e-01,4.494459629058837891e-01,2.827187255024909973e-02,2.895042896270751953e-01,1.206757873296737671e-01,-9.447885155677795410e-01,-4.641541838645935059e-01,8.447872400283813477e-01,7.092225551605224609e-01,5.094865560531616211e-01,7.771908044815063477e-01,-3.433924913406372070e-01,-4.516055285930633545e-01,5.940956994891166687e-02,-2.088578343391418457e-01,-7.993221879005432129e-01,3.951362073421478271e-01,6.949244141578674316e-01,-7.012190818786621094e-01,3.238182961940765381e-01,-7.374789714813232422e-01,7.425857782363891602e-01,6.895256042480468750e-01,4.084143340587615967e-01,3.322672843933105469e-01,6.860770285129547119e-02,3.690282106399536133e-01,6.716405749320983887e-01,-3.845587670803070068e-01
2.805168926715850830e-01,-1.986118406057357788e-01,-2.687315642833709717e-01,3.752157390117645264e-01,-2.134144902229309082e-01,3.364477455615997314e-01,3.286252021789550781e-01,-4.866751730442047119e-01,5.853712558746337891e-01,1.707371324300765991e-02,5.661892294883728027e-01,5.922241806983947754e-01,-4.444695711135864258e-01,6.780307888984680176e-01,-5.289468169212341309e-01,-2.226549685001373291e-01,-5.684952735900878906e-01,8.009903430938720703e-01,5.228061676025390625e-01,5.388022214174270630e-02,-2.570283412933349609e-01,-3.924057185649871826e-01,4.701261818408966064e-01,8.164733648300170898e-01,-5.325818657875061035e-01,-1.338649094104766846e-01,7.434694562107324600e-03,-6.906757950782775879e-01,1.765324622392654419e-01,-3.935652375221252441e-01,4.001447558403015137e-02,-5.537804961204528809e-01,-5.717410445213317871e-01,-5.417402982711791992e-01,1.408523768186569214e-01,-6.906484812498092651e-02,5.152558088302612305e-01,-3.680188059806823730e-01,-5.446479916572570801e-01,4.609660208225250244e-01,-3.597079813480377197e-01,-4.356377124786376953e-01,3.539429605007171631e-01,-1.483322381973266602e-01,-6.695308089256286621e-01,7.204245328903198242e-01,6.048393845558166504e-01,-5.902357101440429688e-01,-6.588627696037292480e-01,6.613888144493103027e-01,1.966592222452163696e-01,-6.529134511947631836e-01,4.485421180725097656e-01,1.114902570843696594e-01,-7.157278805971145630e-02,-2.280463725328445435e-01,-6.736195087432861328e-01,-3.538408875465393066e-01,-8.477427959442138672e-01,-4.217697307467460632e-02,-5.886787176132202148e-01,4.243651628494262695e-01,-1.282427012920379639e-01,-5.771352648735046387e-01,-3.815440237522125244e-01,5.082297325134277344e-01,1.344331651926040649e-01,6.624101400375366211e-01,4.850590825080871582e-01,1.860548704862594604e-01,6.627044677734375000e-01,-1.747466176748275757e-01,7.127286195755004883e-01,3.553129434585571289e-01,1.529025584459304810e-01,-1.142584383487701416e-01,1.882458031177520752e-01,-3.895738422870635986e-01,4.795760214328765869e-01,-6.288548707962036133e-01,-1.753058433532714844e-01,-1.075368598103523254e-01,-4.570524096488952637e-01,-5.087240338325500488e-01,-6.853157281875610352e-01,7.158017158508300781e-02,-2.037283778190612793e-01,-4.393485784530639648e-01,-7.798057198524475098e-01,2.327928543090820312e-01,9.084957651793956757e-03,5.429798960685729980e-01,-2.271383106708526611e-01,4.004293382167816162e-01,6.005787849426269531e-01,-4.230706095695495605e-01,6.829265505075454712e-02,3.058099932968616486e-02,-2.047400921583175659e-01,6.174827218055725098e-01,3.977996706962585449e-01,-5.375884771347045898e-01,1.896052211523056030e-01,-1.101475208997726440e-01,-6.800392270088195801e-01,-5.019772648811340332e-01,3.306378424167633057e-01,4.876297116279602051e-01,7.397779822349548340e-01,4.966973066329956055e-01,-1.331182867288589478e-01,-5.459577441215515137e-01,3.000934123992919922e-01,-2.326876223087310791e-01,-4.417121410369873047e-01,1.642771959304809570e-01,8.728179931640625000e-01,-7.584167718887329102e-01,6.810178756713867188e-01,-5.091944932937622070e-01,6.436342000961303711e-01,9.835749864578247070e-02,6.682170033454895020e-01,-3.736337646842002869e-02,-3.145790994167327881e-01,5.589385032653808594e-01,4.707862436771392822e-01,1.881161183118820190e-01
