9.999983310699462891e-01,-9.999986886978149414e-01,-9.999910593032836914e-01,9.999982118606567383e-01,9.999989271163940430e-01,-9.999988079071044922e-01,9.999960064888000488e-01,9.999990463256835938e-01,-9.999974966049194336e-01,9.999977946281433105e-01,-9.999986290931701660e-01,-9.999988675117492676e-01,9.999981522560119629e-01,9.999984502792358398e-01,9.999860525131225586e-01,9.999971389770507812e-01,9.999975562095642090e-01,-9.999986290931701660e-01,9.999934434890747070e-01,-9.999991059303283691e-01,-9.999989867210388184e-01,9.999904632568359375e-01,9.999984502792358398e-01,9.999983906745910645e-01,9.999891519546508789e-01,9.999990463256835938e-01,-9.999983906745910645e-01,-9.999989271163940430e-01,9.999850988388061523e-01,-9.999956488609313965e-01,-9.999932646751403809e-01,-9.999984502792358398e-01,9.999913573265075684e-01,9.999969005584716797e-01,-9.999973177909851074e-01,-9.999564290046691895e-01,9.999990463256835938e-01,9.999985098838806152e-01,9.999927878379821777e-01,-9.999988675117492676e-01,9.999986290931701660e-01,-9.999959468841552734e-01,9.999762773513793945e-01,9.999988079071044922e-01,9.999982714653015137e-01,9.999982714653015137e-01,-9.999897480010986328e-01,9.999983310699462891e-01,9.999987483024597168e-01,-9.999985694885253906e-01,-9.999987483024597168e-01,-9.999980330467224121e-01,-9.999988675117492676e-01,-9.999922513961791992e-01,-9.999977946281433105e-01,-9.999981522560119629e-01,-9.999963641166687012e-01,9.999088048934936523e-01,9.999975562095642090e-01,9.999983906745910645e-01,-9.999982118606567383e-01,9.999989271163940430e-01,9.999983310699462891e-01,9.999952316284179688e-01,-9.999957084655761719e-01,-9.999988079071044922e-01,-9.999991059303283691e-01,-9.999955892562866211e-01,-9.999988675117492676e-01,9.999988079071044922e-01,-9.999987483024597168e-01,9.999979138374328613e-01,9.999950528144836426e-01,-9.999930262565612793e-01,-9.999616146087646484e-01,-9.999982714653015137e-01,9.999930262565612793e-01,9.999986886978149414e-01,-9.999939203262329102e-01,-9.999965429306030273e-01,-2.435479909181594849e-01,9.999976158142089844e-01,-9.999988079071044922e-01,9.999973177909851074e-01,-9.999982714653015137e-01,-9.999882578849792480e-01,9.999881982803344727e-01,9.999988675117492676e-01,9.999710917472839355e-01,9.999914765357971191e-01,-9.999974966049194336e-01,9.999983906745910645e-01,-9.999791979789733887e-01,-9.999979734420776367e-01,9.999982714653015137e-01,-9.999979138374328613e-01,-9.999920129776000977e-01,9.999989271163940430e-01,-9.999988675117492676e-01,9.999931454658508301e-01,-9.999969005584716797e-01,9.999987483024597168e-01,-9.999663233757019043e-01,-9.999381303787231445e-01,9.999986290931701660e-01,9.999973773956298828e-01,-9.999675750732421875e-01,-9.999981522560119629e-01,-9.999941587448120117e-01,9.999985098838806152e-01,-9.999981522560119629e-01,9.999984502792358398e-01,-9.999982714653015137e-01,-9.999793767929077148e-01,9.999990463256835938e-01,-9.999980926513671875e-01,9.999989271163940430e-01,-9.999985098838806152e-01,-9.999946951866149902e-01,-9.999980926513671875e-01,-9.999988079071044922e-01,9.999960660934448242e-01,9.999985098838806152e-01,-9.999977350234985352e-01,-9.999850392341613770e-01,-9.999956488609313965e-01,9.999905228614807129e-01,-9.999965429306030273e-01
-9.999986886978149414e-01,9.999988675117492676e-01,9.999926686286926270e-01,-9.999986290931701660e-01,-9.999991655349731445e-01,9.999991655349731445e-01,-9.999967813491821289e-01,-9.999992251396179199e-01,9.999979138374328613e-01,-9.999982118606567383e-01,9.999988675117492676e-01,9.999992847442626953e-01,-9.999984502792358398e-01,-9.999987483024597168e-01,-9.999886155128479004e-01,-9.999976158142089844e-01,-9.999980926513671875e-01,9.999988675117492676e-01,-9.999946355819702148e-01,9.999993443489074707e-01,9.999991655349731445e-01,-9.999922513961791992e-01,-9.999987483024597168e-01,-9.999986886978149414e-01,-9.999911189079284668e-01,-9.999993443489074707e-01,9.999986886978149414e-01,9.999991655349731445e-01,-9.999877810478210449e-01,9.999964833259582520e-01,9.999945163726806641e-01,9.999988079071044922e-01,-9.999929070472717285e-01,-9.999975562095642090e-01,9.999978542327880859e-01,9.999643564224243164e-01,-9.999992251396179199e-01,-9.999988675117492676e-01,-9.999940991401672363e-01,9.999991655349731445e-01,-9.999988675117492676e-01,9.999966621398925781e-01,-9.999806284904479980e-01,-9.999991059303283691e-01,-9.999985694885253906e-01,-9.999985694885253906e-01,9.999915957450866699e-01,-9.999986290931701660e-01,-9.999991059303283691e-01,9.999988079071044922e-01,9.999989867210388184e-01,9.999983906745910645e-01,9.999989867210388184e-01,9.999936223030090332e-01,9.999982118606567383e-01,9.999985098838806152e-01,9.999970197677612305e-01,-9.999253749847412109e-01,-9.999980330467224121e-01,-9.999986886978149414e-01,9.999985694885253906e-01,-9.999991655349731445e-01,-9.999986290931701660e-01,-9.999960660934448242e-01,9.999963641166687012e-01,9.999989867210388184e-01,9.999992251396179199e-01,9.999963045120239258e-01,9.999991059303283691e-01,-9.999989867210388184e-01,9.999989867210388184e-01,-9.999983906745910645e-01,-9.999959468841552734e-01,9.999943971633911133e-01,9.999685883522033691e-01,9.999985694885253906e-01,-9.999942779541015625e-01,-9.999989867210388184e-01,9.999949932098388672e-01,9.999971985816955566e-01,2.436046600341796875e-01,-9.999980926513671875e-01,9.999991059303283691e-01,-9.999977946281433105e-01,9.999985694885253906e-01,9.999904632568359375e-01,-9.999902844429016113e-01,-9.999991655349731445e-01,-9.999763369560241699e-01,-9.999930262565612793e-01,9.999979138374328613e-01,-9.999986886978149414e-01,9.999829530715942383e-01,9.999983906745910645e-01,-9.999986886978149414e-01,9.999983310699462891e-01,9.999935030937194824e-01,-9.999992251396179199e-01,9.999991059303283691e-01,-9.999943971633911133e-01,9.999974966049194336e-01,-9.999990463256835938e-01,9.999724030494689941e-01,9.999493956565856934e-01,-9.999989271163940430e-01,-9.999979138374328613e-01,9.999735355377197266e-01,9.999985098838806152e-01,9.999952316284179688e-01,-9.999987483024597168e-01,9.999985098838806152e-01,-9.999988079071044922e-01,9.999986886978149414e-01,9.999831914901733398e-01,-9.999992251396179199e-01,9.999984502792358398e-01,-9.999992847442626953e-01,9.999988079071044922e-01,9.999956488609313965e-01,9.999984502792358398e-01,9.999991059303283691e-01,-9.999967813491821289e-01,-9.999987483024597168e-01,9.999982118606567383e-01,9.999879002571105957e-01,9.999963641166687012e-01,-9.999923706054687500e-01,9.999971985816955566e-01
-9.999910593032836914e-01,9.999926686286926270e-01,9.999517202377319336e-01,-9.999905228614807129e-01,-9.999942183494567871e-01,9.999934434890747070e-01,-9.999784827232360840e-01,-9.999947547912597656e-01,9.999862313270568848e-01,-9.999881386756896973e-01,9.999926090240478516e-01,9.999941587448120117e-01,-9.999899864196777344e-01,-9.999916553497314453e-01,-9.999247193336486816e-01,-9.999846816062927246e-01,-9.999868869781494141e-01,9.999925494194030762e-01,-9.999644756317138672e-01,9.999949932098388672e-01,9.999944567680358887e-01,-9.999482035636901855e-01,-9.999918341636657715e-01,-9.999915361404418945e-01,-9.999413490295410156e-01,-9.999946355819702148e-01,9.999915361404418945e-01,9.999942183494567871e-01,-9.999193549156188965e-01,9.999766349792480469e-01,9.999636411666870117e-01,9.999918937683105469e-01,-9.999532699584960938e-01,-9.999836683273315430e-01,9.999859333038330078e-01,9.997657537460327148e-01,-9.999945759773254395e-01,-9.999924898147583008e-01,-9.999608397483825684e-01,9.999940395355224609e-01,-9.999926686286926270e-01,9.999785423278808594e-01,-9.998722076416015625e-01,-9.999938011169433594e-01,-9.999908208847045898e-01,-9.999907612800598145e-01,9.999448060989379883e-01,-9.999912381172180176e-01,-9.999935626983642578e-01,9.999922513961791992e-01,9.999933242797851562e-01,9.999895095825195312e-01,9.999938607215881348e-01,9.999580383300781250e-01,9.999878406524658203e-01,9.999901056289672852e-01,9.999807476997375488e-01,-9.995088577270507812e-01,-9.999871850013732910e-01,-9.999914169311523438e-01,9.999906420707702637e-01,-9.999944567680358887e-01,-9.999911189079284668e-01,-9.999744892120361328e-01,9.999765753746032715e-01,9.999937415122985840e-01,9.999947547912597656e-01,9.999763965606689453e-01,9.999940395355224609e-01,-9.999932646751403809e-01,9.999932050704956055e-01,-9.999895095825195312e-01,-9.999738931655883789e-01,9.999623298645019531e-01,9.997929334640502930e-01,9.999908804893493652e-01,-9.999623298645019531e-01,-9.999932050704956055e-01,9.999671578407287598e-01,9.999817609786987305e-01,2.421808838844299316e-01,-9.999874830245971680e-01,9.999938011169433594e-01,-9.999855756759643555e-01,9.999907612800598145e-01,9.999365806579589844e-01,-9.999361634254455566e-01,-9.999941587448120117e-01,-9.998440146446228027e-01,-9.999539852142333984e-01,9.999866485595703125e-01,-9.999912381172180176e-01,9.998875260353088379e-01,9.999888539314270020e-01,-9.999913573265075684e-01,9.999891519546508789e-01,9.999564290046691895e-01,-9.999944567680358887e-01,9.999936223030090332e-01,-9.999629259109497070e-01,9.999835491180419922e-01,-9.999934434890747070e-01,9.998183250427246094e-01,9.996666908264160156e-01,-9.999924898147583008e-01,-9.999858140945434570e-01,9.998257160186767578e-01,9.999901652336120605e-01,9.999681711196899414e-01,-9.999919533729553223e-01,9.999907016754150391e-01,-9.999917745590209961e-01,9.999907612800598145e-01,9.998890757560729980e-01,-9.999947547912597656e-01,9.999898076057434082e-01,-9.999942183494567871e-01,9.999921917915344238e-01,9.999714493751525879e-01,9.999898672103881836e-01,9.999936819076538086e-01,-9.999790191650390625e-01,-9.999920129776000977e-01,9.999875426292419434e-01,9.999197721481323242e-01,9.999765753746032715e-01,-9.999489188194274902e-01,9.999822378158569336e-01
9.999982118606567383e-01,-9.999986290931701660e-01,-9.999905228614807129e-01,9.999982118606567383e-01,9.999988675117492676e-01,-9.999987483024597168e-01,9.999958276748657227e-01,9.999989867210388184e-01,-9.999973177909851074e-01,9.999976754188537598e-01,-9.999985098838806152e-01,-9.999989271163940430e-01,9.999980330467224121e-01,9.999984502792358398e-01,9.999852180480957031e-01,9.999969601631164551e-01,9.999974370002746582e-01,-9.999985098838806152e-01,9.999930262565612793e-01,-9.999991655349731445e-01,-9.999989271163940430e-01,9.999899864196777344e-01,9.999983906745910645e-01,9.999983310699462891e-01,9.999884963035583496e-01,9.999989867210388184e-01,-9.999984502792358398e-01,-9.999988675117492676e-01,9.999842643737792969e-01,-9.999954700469970703e-01,-9.999928474426269531e-01,-9.999983906745910645e-01,9.999908208847045898e-01,9.999967217445373535e-01,-9.999971985816955566e-01,-9.999538660049438477e-01,9.999989271163940430e-01,9.999985098838806152e-01,9.999923110008239746e-01,-9.999988079071044922e-01,9.999985098838806152e-01,-9.999958276748657227e-01,9.999749064445495605e-01,9.999988079071044922e-01,9.999981522560119629e-01,9.999982714653015137e-01,-9.999891519546508789e-01,9.999983310699462891e-01,9.999987483024597168e-01,-9.999984502792358398e-01,-9.999986886978149414e-01,-9.999979734420776367e-01,-9.999987483024597168e-01,-9.999918341636657715e-01,-9.999976158142089844e-01,-9.999980330467224121e-01,-9.999963045120239258e-01,9.999032616615295410e-01,9.999974966049194336e-01,9.999982714653015137e-01,-9.999981522560119629e-01,9.999989271163940430e-01,9.999982118606567383e-01,9.999949932098388672e-01,-9.999954700469970703e-01,-9.999987483024597168e-01,-9.999989867210388184e-01,-9.999954104423522949e-01,-9.999988079071044922e-01,9.999986886978149414e-01,-9.999986886978149414e-01,9.999979138374328613e-01,9.999948740005493164e-01,-9.999926090240478516e-01,-9.999592900276184082e-01,-9.999982118606567383e-01,9.999926090240478516e-01,9.999986886978149414e-01,-9.999935626983642578e-01,-9.999963641166687012e-01,-2.435289621353149414e-01,9.999974966049194336e-01,-9.999987483024597168e-01,9.999971389770507812e-01,-9.999981522560119629e-01,-9.999875426292419434e-01,9.999875426292419434e-01,9.999988675117492676e-01,9.999693036079406738e-01,9.999909400939941406e-01,-9.999973773956298828e-01,9.999982714653015137e-01,-9.999779462814331055e-01,-9.999977946281433105e-01,9.999982714653015137e-01,-9.999977946281433105e-01,-9.999915361404418945e-01,9.999989271163940430e-01,-9.999987483024597168e-01,9.999927282333374023e-01,-9.999967217445373535e-01,9.999987483024597168e-01,-9.999642968177795410e-01,-9.999344348907470703e-01,9.999985098838806152e-01,9.999971985816955566e-01,-9.999656677246093750e-01,-9.999981522560119629e-01,-9.999938011169433594e-01,9.999983906745910645e-01,-9.999981522560119629e-01,9.999984502792358398e-01,-9.999981522560119629e-01,-9.999782443046569824e-01,9.999989271163940430e-01,-9.999979734420776367e-01,9.999988675117492676e-01,-9.999985098838806152e-01,-9.999943971633911133e-01,-9.999979734420776367e-01,-9.999987483024597168e-01,9.999958276748657227e-01,9.999983906745910645e-01,-9.999975562095642090e-01,-9.999842643737792969e-01,-9.999954700469970703e-01,9.999900460243225098e-01,-9.999964833259582520e-01
9.999989271163940430e-01,-9.999991655349731445e-01,-9.999942183494567871e-01,9.999988675117492676e-01,9.999993443489074707e-01,-9.999993443489074707e-01,9.999974370002746582e-01,9.999994039535522461e-01,-9.999984502792358398e-01,9.999985694885253906e-01,-9.999991655349731445e-01,-9.999993443489074707e-01,9.999988079071044922e-01,9.999991655349731445e-01,9.999909996986389160e-01,9.999981522560119629e-01,9.999985098838806152e-01,-9.999991655349731445e-01,9.999957680702209473e-01,-9.999995231628417969e-01,-9.999994635581970215e-01,9.999938011169433594e-01,9.999990463256835938e-01,9.999990463256835938e-01,9.999929666519165039e-01,9.999994635581970215e-01,-9.999989867210388184e-01,-9.999994039535522461e-01,9.999903440475463867e-01,-9.999971389770507812e-01,-9.999956488609313965e-01,-9.999991655349731445e-01,9.999943971633911133e-01,9.999981522560119629e-01,-9.999983906745910645e-01,-9.999719262123107910e-01,9.999994039535522461e-01,9.999991655349731445e-01,9.999952912330627441e-01,-9.999993443489074707e-01,9.999992847442626953e-01,-9.999974370002746582e-01,9.999846816062927246e-01,9.999992847442626953e-01,9.999989271163940430e-01,9.999988675117492676e-01,-9.999935030937194824e-01,9.999989867210388184e-01,9.999992847442626953e-01,-9.999991059303283691e-01,-9.999992251396179199e-01,-9.999987483024597168e-01,-9.999992251396179199e-01,-9.999950528144836426e-01,-9.999985098838806152e-01,-9.999988079071044922e-01,-9.999976754188537598e-01,9.999409914016723633e-01,9.999984502792358398e-01,9.999989867210388184e-01,-9.999989271163940430e-01,9.999994635581970215e-01,9.999989271163940430e-01,9.999969005584716797e-01,-9.999971985816955566e-01,-9.999992847442626953e-01,-9.999994039535522461e-01,-9.999970793724060059e-01,-9.999993443489074707e-01,9.999992251396179199e-01,-9.999992251396179199e-01,9.999987483024597168e-01,9.999968409538269043e-01,-9.999955892562866211e-01,-9.999752640724182129e-01,-9.999989271163940430e-01,9.999954104423522949e-01,9.999992251396179199e-01,-9.999961256980895996e-01,-9.999977946281433105e-01,-2.436585575342178345e-01,9.999985098838806152e-01,-9.999992847442626953e-01,9.999982714653015137e-01,-9.999988675117492676e-01,-9.999924898147583008e-01,9.999923706054687500e-01,9.999993443489074707e-01,9.999812841415405273e-01,9.999944567680358887e-01,-9.999983906745910645e-01,9.999989271163940430e-01,-9.999865293502807617e-01,-9.999986290931701660e-01,9.999989271163940430e-01,-9.999986886978149414e-01,-9.999948740005493164e-01,9.999992847442626953e-01,-9.999993443489074707e-01,9.999955296516418457e-01,-9.999980330467224121e-01,9.999993443489074707e-01,-9.999781847000122070e-01,-9.999600052833557129e-01,9.999991655349731445e-01,9.999982714653015137e-01,-9.999790787696838379e-01,-9.999988079071044922e-01,-9.999962449073791504e-01,9.999991059303283691e-01,-9.999988079071044922e-01,9.999991655349731445e-01,-9.999988675117492676e-01,-9.999867081642150879e-01,9.999994039535522461e-01,-9.999987483024597168e-01,9.999993443489074707e-01,-9.999991059303283691e-01,-9.999966025352478027e-01,-9.999987483024597168e-01,-9.999993443489074707e-01,9.999974370002746582e-01,9.999991059303283691e-01,-9.999985694885253906e-01,-9.999904632568359375e-01,-9.999972581863403320e-01,9.999938607215881348e-01,-9.999978542327880859e-01
-9.999988079071044922e-01,9.999991655349731445e-01,9.999934434890747070e-01,-9.999987483024597168e-01,-9.999993443489074707e-01,9.999992251396179199e-01,-9.999970793724060059e-01,-9.999994039535522461e-01,9.999983310699462891e-01,-9.999983906745910645e-01,9.999990463256835938e-01,9.999992251396179199e-01,-9.999986886978149414e-01,-9.999989271163940430e-01,-9.999898076057434082e-01,-9.999979138374328613e-01,-9.999982714653015137e-01,9.999990463256835938e-01,-9.999952912330627441e-01,9.999994039535522461e-01,9.999993443489074707e-01,-9.999930262565612793e-01,-9.999989271163940430e-01,-9.999989271163940430e-01,-9.999920129776000977e-01,-9.999994039535522461e-01,9.999989271163940430e-01,9.999993443489074707e-01,-9.999890923500061035e-01,9.999968409538269043e-01,9.999951124191284180e-01,9.999989271163940430e-01,-9.999937415122985840e-01,-9.999977946281433105e-01,9.999981522560119629e-01,9.999681711196899414e-01,-9.999994039535522461e-01,-9.999990463256835938e-01,-9.999946951866149902e-01,9.999993443489074707e-01,-9.999990463256835938e-01,9.999971389770507812e-01,-9.999826550483703613e-01,-9.999991655349731445e-01,-9.999988079071044922e-01,-9.999986886978149414e-01,9.999926090240478516e-01,-9.999988675117492676e-01,-9.999991655349731445e-01,9.999989867210388184e-01,9.999991059303283691e-01,9.999986290931701660e-01,9.999992251396179199e-01,9.999944567680358887e-01,9.999983906745910645e-01,9.999987483024597168e-01,9.999974370002746582e-01,-9.999329447746276855e-01,-9.999983310699462891e-01,-9.999988675117492676e-01,9.999988675117492676e-01,-9.999993443489074707e-01,-9.999988675117492676e-01,-9.999965429306030273e-01,9.999968409538269043e-01,9.999992847442626953e-01,9.999993443489074707e-01,9.999967813491821289e-01,9.999992251396179199e-01,-9.999992251396179199e-01,9.999992251396179199e-01,-9.999985694885253906e-01,-9.999963641166687012e-01,9.999949336051940918e-01,9.999719858169555664e-01,9.999988079071044922e-01,-9.999948740005493164e-01,-9.999992251396179199e-01,9.999955892562866211e-01,9.999974966049194336e-01,2.436308264732360840e-01,-9.999982714653015137e-01,9.999991655349731445e-01,-9.999981522560119629e-01,9.999988079071044922e-01,9.999914169311523438e-01,-9.999913573265075684e-01,-9.999992251396179199e-01,-9.999787807464599609e-01,-9.999938011169433594e-01,9.999982714653015137e-01,-9.999988675117492676e-01,9.999848008155822754e-01,9.999985694885253906e-01,-9.999988675117492676e-01,9.999985098838806152e-01,9.999942183494567871e-01,-9.999992847442626953e-01,9.999992847442626953e-01,-9.999950528144836426e-01,9.999977946281433105e-01,-9.999991655349731445e-01,9.999752044677734375e-01,9.999545812606811523e-01,-9.999990463256835938e-01,-9.999980330467224121e-01,9.999762177467346191e-01,9.999987483024597168e-01,9.999957084655761719e-01,-9.999989867210388184e-01,9.999987483024597168e-01,-9.999989271163940430e-01,9.999988079071044922e-01,9.999849796295166016e-01,-9.999994039535522461e-01,9.999986290931701660e-01,-9.999992251396179199e-01,9.999989867210388184e-01,9.999961853027343750e-01,9.999987483024597168e-01,9.999991655349731445e-01,-9.999971389770507812e-01,-9.999989867210388184e-01,9.999983906745910645e-01,9.999891519546508789e-01,9.999967813491821289e-01,-9.999931454658508301e-01,9.999975562095642090e-01
9.999960064888000488e-01,-9.999967813491821289e-01,-9.999784827232360840e-01,9.999958276748657227e-01,9.999974370002746582e-01,-9.999970793724060059e-01,9.999904036521911621e-01,9.999976158142089844e-01,-9.999939203262329102e-01,9.999946951866149902e-01,-9.999966621398925781e-01,-9.999974370002746582e-01,9.999955296516418457e-01,9.999962449073791504e-01,9.999663829803466797e-01,9.999931454658508301e-01,9.999941587448120117e-01,-9.999965429306030273e-01,9.999841451644897461e-01,-9.999977946281433105e-01,-9.999975562095642090e-01,9.999769330024719238e-01,9.999963045120239258e-01,9.999961853027343750e-01,9.999738335609436035e-01,9.999976754188537598e-01,-9.999961853027343750e-01,-9.999973773956298828e-01,9.999638795852661133e-01,-9.999896287918090820e-01,-9.999837875366210938e-01,-9.999963045120239258e-01,9.999791979789733887e-01,9.999926686286926270e-01,-9.999936819076538086e-01,-9.998950362205505371e-01,9.999975562095642090e-01,9.999965429306030273e-01,9.999825358390808105e-01,-9.999973773956298828e-01,9.999966621398925781e-01,-9.999904632568359375e-01,9.999428391456604004e-01,9.999971985816955566e-01,9.999958872795104980e-01,9.999958276748657227e-01,-9.999753236770629883e-01,9.999960064888000488e-01,9.999970197677612305e-01,-9.999964237213134766e-01,-9.999969601631164551e-01,-9.999953508377075195e-01,-9.999971985816955566e-01,-9.999812841415405273e-01,-9.999945759773254395e-01,-9.999955892562866211e-01,-9.999914169311523438e-01,9.997800588607788086e-01,9.999942779541015625e-01,9.999961256980895996e-01,-9.999958872795104980e-01,9.999975562095642090e-01,9.999960064888000488e-01,9.999885559082031250e-01,-9.999895691871643066e-01,-9.999971389770507812e-01,-9.999976158142089844e-01,-9.999894499778747559e-01,-9.999973177909851074e-01,9.999969601631164551e-01,-9.999969601631164551e-01,9.999953508377075195e-01,9.999881982803344727e-01,-9.999832510948181152e-01,-9.999073147773742676e-01,-9.999959468841552734e-01,9.999831318855285645e-01,9.999969601631164551e-01,-9.999853372573852539e-01,-9.999918341636657715e-01,-2.431060373783111572e-01,9.999943971633911133e-01,-9.999971985816955566e-01,9.999935626983642578e-01,-9.999959468841552734e-01,-9.999717473983764648e-01,9.999715685844421387e-01,9.999973773956298828e-01,9.999300837516784668e-01,9.999794363975524902e-01,-9.999939799308776855e-01,9.999960660934448242e-01,-9.999496936798095703e-01,-9.999951124191284180e-01,9.999961256980895996e-01,-9.999951720237731934e-01,-9.999806880950927734e-01,9.999975562095642090e-01,-9.999971985816955566e-01,9.999834895133972168e-01,-9.999926686286926270e-01,9.999970197677612305e-01,-9.999186992645263672e-01,-9.998508095741271973e-01,9.999966025352478027e-01,9.999936819076538086e-01,-9.999218583106994629e-01,-9.999956488609313965e-01,-9.999858736991882324e-01,9.999964237213134766e-01,-9.999957680702209473e-01,9.999962449073791504e-01,-9.999958872795104980e-01,-9.999502897262573242e-01,9.999976754188537598e-01,-9.999954700469970703e-01,9.999973773956298828e-01,-9.999964833259582520e-01,-9.999872446060180664e-01,-9.999955296516418457e-01,-9.999971389770507812e-01,9.999905824661254883e-01,9.999963641166687012e-01,-9.999945163726806641e-01,-9.999641180038452148e-01,-9.999895691871643066e-01,9.999771714210510254e-01,-9.999920725822448730e-01
9.999990463256835938e-01,-9.999992251396179199e-01,-9.999947547912597656e-01,9.999989867210388184e-01,9.999994039535522461e-01,-9.999994039535522461e-01,9.999976158142089844e-01,9.999994635581970215e-01,-9.999984502792358398e-01,9.999986886978149414e-01,-9.999991059303283691e-01,-9.999992847442626953e-01,9.999988079071044922e-01,9.999990463256835938e-01,9.999917745590209961e-01,9.999983310699462891e-01,9.999986290931701660e-01,-9.999992251396179199e-01,9.999960660934448242e-01,-9.999994635581970215e-01,-9.999994039535522461e-01,9.999944567680358887e-01,9.999990463256835938e-01,9.999991059303283691e-01,9.999935030937194824e-01,9.999994635581970215e-01,-9.999989867210388184e-01,-9.999994039535522461e-01,9.999912381172180176e-01,-9.999973177909851074e-01,-9.999960064888000488e-01,-9.999991655349731445e-01,9.999949932098388672e-01,9.999982118606567383e-01,-9.999984502792358398e-01,-9.999743700027465820e-01,9.999994039535522461e-01,9.999991059303283691e-01,9.999956488609313965e-01,-9.999994039535522461e-01,9.999992251396179199e-01,-9.999976158142089844e-01,9.999859929084777832e-01,9.999992847442626953e-01,9.999989271163940430e-01,9.999989867210388184e-01,-9.999939799308776855e-01,9.999991059303283691e-01,9.999992251396179199e-01,-9.999991059303283691e-01,-9.999992251396179199e-01,-9.999988675117492676e-01,-9.999992847442626953e-01,-9.999954104423522949e-01,-9.999986290931701660e-01,-9.999989271163940430e-01,-9.999977946281433105e-01,9.999462366104125977e-01,9.999985694885253906e-01,9.999991059303283691e-01,-9.999989867210388184e-01,9.999993443489074707e-01,9.999991059303283691e-01,9.999971389770507812e-01,-9.999973773956298828e-01,-9.999992847442626953e-01,-9.999994039535522461e-01,-9.999973177909851074e-01,-9.999994039535522461e-01,9.999992847442626953e-01,-9.999992847442626953e-01,9.999988079071044922e-01,9.999970793724060059e-01,-9.999958872795104980e-01,-9.999774694442749023e-01,-9.999989271163940430e-01,9.999958276748657227e-01,9.999992847442626953e-01,-9.999963641166687012e-01,-9.999978542327880859e-01,-2.436769157648086548e-01,9.999985098838806152e-01,-9.999992847442626953e-01,9.999983906745910645e-01,-9.999989867210388184e-01,-9.999930858612060547e-01,9.999929070472717285e-01,9.999993443489074707e-01,9.999829530715942383e-01,9.999949336051940918e-01,-9.999985098838806152e-01,9.999991059303283691e-01,-9.999876618385314941e-01,-9.999987483024597168e-01,9.999991059303283691e-01,-9.999986886978149414e-01,-9.999953508377075195e-01,9.999993443489074707e-01,-9.999993443489074707e-01,9.999958872795104980e-01,-9.999982118606567383e-01,9.999993443489074707e-01,-9.999802112579345703e-01,-9.999635815620422363e-01,9.999991059303283691e-01,9.999984502792358398e-01,-9.999809861183166504e-01,-9.999989271163940430e-01,-9.999966025352478027e-01,9.999991655349731445e-01,-9.999988675117492676e-01,9.999991655349731445e-01,-9.999989867210388184e-01,-9.999878406524658203e-01,9.999994635581970215e-01,-9.999988079071044922e-01,9.999993443489074707e-01,-9.999991655349731445e-01,-9.999968409538269043e-01,-9.999988675117492676e-01,-9.999993443489074707e-01,9.999976158142089844e-01,9.999991655349731445e-01,-9.999986290931701660e-01,-9.999912381172180176e-01,-9.999973773956298828e-01,9.999943375587463379e-01,-9.999979138374328613e-01
-9.999974966049194336e-01,9.999979138374328613e-01,9.999862313270568848e-01,-9.999973177909851074e-01,-9.999984502792358398e-01,9.999983310699462891e-01,-9.999939203262329102e-01,-9.999984502792358398e-01,9.999961256980895996e-01,-9.999966025352478027e-01,9.999979138374328613e-01,9.999983906745910645e-01,-9.999971389770507812e-01,-9.999976158142089844e-01,-9.999784827232360840e-01,-9.999957084655761719e-01,-9.999962449073791504e-01,9.999978542327880859e-01,-9.999898672103881836e-01,9.999986290931701660e-01,9.999984502792358398e-01,-9.999853372573852539e-01,-9.999976754188537598e-01,-9.999975562095642090e-01,-9.999832510948181152e-01,-9.999985694885253906e-01,9.999976158142089844e-01,9.999983310699462891e-01,-9.999770522117614746e-01,9.999933242797851562e-01,9.999896287918090820e-01,9.999977350234985352e-01,-9.999866485595703125e-01,-9.999954104423522949e-01,9.999960064888000488e-01,9.999329447746276855e-01,-9.999984502792358398e-01,-9.999978542327880859e-01,-9.999888539314270020e-01,9.999983906745910645e-01,-9.999979138374328613e-01,9.999939203262329102e-01,-9.999634623527526855e-01,-9.999983310699462891e-01,-9.999974370002746582e-01,-9.999973177909851074e-01,9.999843239784240723e-01,-9.999975562095642090e-01,-9.999981522560119629e-01,9.999978542327880859e-01,9.999981522560119629e-01,9.999970793724060059e-01,9.999983310699462891e-01,9.999880790710449219e-01,9.999965429306030273e-01,9.999971389770507812e-01,9.999945163726806641e-01,-9.998594522476196289e-01,-9.999963045120239258e-01,-9.999976158142089844e-01,9.999973773956298828e-01,-9.999984502792358398e-01,-9.999974370002746582e-01,-9.999927878379821777e-01,9.999933838844299316e-01,9.999982118606567383e-01,9.999985098838806152e-01,9.999933242797851562e-01,9.999982714653015137e-01,-9.999981522560119629e-01,9.999980330467224121e-01,-9.999969601631164551e-01,-9.999926090240478516e-01,9.999892711639404297e-01,9.999408125877380371e-01,9.999974370002746582e-01,-9.999892711639404297e-01,-9.999980330467224121e-01,9.999906420707702637e-01,9.999948740005493164e-01,2.433781623840332031e-01,-9.999964833259582520e-01,9.999982118606567383e-01,-9.999958872795104980e-01,9.999973177909851074e-01,9.999819397926330566e-01,-9.999818205833435059e-01,-9.999983906745910645e-01,-9.999554157257080078e-01,-9.999868273735046387e-01,9.999962449073791504e-01,-9.999974966049194336e-01,9.999678730964660645e-01,9.999968409538269043e-01,-9.999974966049194336e-01,9.999968409538269043e-01,9.999876618385314941e-01,-9.999983906745910645e-01,9.999981522560119629e-01,-9.999895095825195312e-01,9.999954104423522949e-01,-9.999980926513671875e-01,9.999480843544006348e-01,9.999046325683593750e-01,-9.999979138374328613e-01,-9.999960064888000488e-01,9.999501109123229980e-01,9.999972581863403320e-01,9.999909996986389160e-01,-9.999977350234985352e-01,9.999973177909851074e-01,-9.999976754188537598e-01,9.999973773956298828e-01,9.999683499336242676e-01,-9.999985694885253906e-01,9.999970793724060059e-01,-9.999983310699462891e-01,9.999977946281433105e-01,9.999918341636657715e-01,9.999971389770507812e-01,9.999982118606567383e-01,-9.999940395355224609e-01,-9.999977350234985352e-01,9.999964833259582520e-01,9.999771118164062500e-01,9.999933242797851562e-01,-9.999855160713195801e-01,9.999949336051940918e-01
9.999977946281433105e-01,-9.999982118606567383e-01,-9.999881386756896973e-01,9.999976754188537598e-01,9.999985694885253906e-01,-9.999983906745910645e-01,9.999946951866149902e-01,9.999986886978149414e-01,-9.999966025352478027e-01,9.999969601631164551e-01,-9.999981522560119629e-01,-9.999985694885253906e-01,9.999975562095642090e-01,9.999978542327880859e-01,9.999815821647644043e-01,9.999961853027343750e-01,9.999967813491821289e-01,-9.999981522560119629e-01,9.999912977218627930e-01,-9.999987483024597168e-01,-9.999986290931701660e-01,9.999873638153076172e-01,9.999980926513671875e-01,9.999979138374328613e-01,9.999856948852539062e-01,9.999987483024597168e-01,-9.999979138374328613e-01,-9.999985694885253906e-01,9.999802112579345703e-01,-9.999942779541015625e-01,-9.999910593032836914e-01,-9.999979734420776367e-01,9.999885559082031250e-01,9.999960064888000488e-01,-9.999964833259582520e-01,-9.999426007270812988e-01,9.999985694885253906e-01,9.999981522560119629e-01,9.999904632568359375e-01,-9.999984502792358398e-01,9.999981522560119629e-01,-9.999947547912597656e-01,9.999687671661376953e-01,9.999983906745910645e-01,9.999977350234985352e-01,9.999976754188537598e-01,-9.999864697456359863e-01,9.999978542327880859e-01,9.999983906745910645e-01,-9.999980926513671875e-01,-9.999983310699462891e-01,-9.999974370002746582e-01,-9.999984502792358398e-01,-9.999897480010986328e-01,-9.999969601631164551e-01,-9.999975562095642090e-01,-9.999952316284179688e-01,9.998794794082641602e-01,9.999968409538269043e-01,9.999977946281433105e-01,-9.999976754188537598e-01,9.999986290931701660e-01,9.999977946281433105e-01,9.999937415122985840e-01,-9.999942779541015625e-01,-9.999984502792358398e-01,-9.999986886978149414e-01,-9.999941587448120117e-01,-9.999985098838806152e-01,9.999982714653015137e-01,-9.999983310699462891e-01,9.999973177909851074e-01,9.999936223030090332e-01,-9.999908208847045898e-01,-9.999493360519409180e-01,-9.999976754188537598e-01,9.999908208847045898e-01,9.999983310699462891e-01,-9.999919533729553223e-01,-9.999955296516418457e-01,-2.434477210044860840e-01,9.999968409538269043e-01,-9.999983906745910645e-01,9.999964237213134766e-01,-9.999977350234985352e-01,-9.999845027923583984e-01,9.999843835830688477e-01,9.999985694885253906e-01,9.999616742134094238e-01,9.999887347221374512e-01,-9.999966621398925781e-01,9.999977946281433105e-01,-9.999725222587585449e-01,-9.999972581863403320e-01,9.999977946281433105e-01,-9.999972581863403320e-01,-9.999893307685852051e-01,9.999985694885253906e-01,-9.999984502792358398e-01,9.999908804893493652e-01,-9.999959468841552734e-01,9.999983906745910645e-01,-9.999554753303527832e-01,-9.999182820320129395e-01,9.999981522560119629e-01,9.999964833259582520e-01,-9.999572038650512695e-01,-9.999975562095642090e-01,-9.999921917915344238e-01,9.999980330467224121e-01,-9.999976158142089844e-01,9.999979138374328613e-01,-9.999977946281433105e-01,-9.999728202819824219e-01,9.999986886978149414e-01,-9.999974370002746582e-01,9.999985694885253906e-01,-9.999980926513671875e-01,-9.999930262565612793e-01,-9.999974966049194336e-01,-9.999983310699462891e-01,9.999948143959045410e-01,9.999980330467224121e-01,-9.999970197677612305e-01,-9.999803900718688965e-01,-9.999941587448120117e-01,9.999874830245971680e-01,-9.999955892562866211e-01
-9.999986290931701660e-01,9.999988675117492676e-01,9.999926090240478516e-01,-9.999985098838806152e-01,-9.999991655349731445e-01,9.999990463256835938e-01,-9.999966621398925781e-01,-9.999991059303283691e-01,9.999979138374328613e-01,-9.999981522560119629e-01,9.999988079071044922e-01,9.999991655349731445e-01,-9.999984502792358398e-01,-9.999986886978149414e-01,-9.999884963035583496e-01,-9.999976158142089844e-01,-9.999979734420776367e-01,9.999988079071044922e-01,-9.999945759773254395e-01,9.999992847442626953e-01,9.999991655349731445e-01,-9.999920725822448730e-01,-9.999987483024597168e-01,-9.999986886978149414e-01,-9.999909996986389160e-01,-9.999992251396179199e-01,9.999986886978149414e-01,9.999991655349731445e-01,-9.999876618385314941e-01,9.999962449073791504e-01,9.999944567680358887e-01,9.999987483024597168e-01,-9.999928474426269531e-01,-9.999974370002746582e-01,9.999977946281433105e-01,9.999639987945556641e-01,-9.999992251396179199e-01,-9.999988675117492676e-01,-9.999940395355224609e-01,9.999991059303283691e-01,-9.999988675117492676e-01,9.999966621398925781e-01,-9.999803304672241211e-01,-9.999991059303283691e-01,-9.999985098838806152e-01,-9.999985694885253906e-01,9.999915361404418945e-01,-9.999986290931701660e-01,-9.999990463256835938e-01,9.999987483024597168e-01,9.999989867210388184e-01,9.999983906745910645e-01,9.999991059303283691e-01,9.999936819076538086e-01,9.999982118606567383e-01,9.999984502792358398e-01,9.999970197677612305e-01,-9.999245405197143555e-01,-9.999979734420776367e-01,-9.999985694885253906e-01,9.999985694885253906e-01,-9.999991655349731445e-01,-9.999986290931701660e-01,-9.999960064888000488e-01,9.999964237213134766e-01,9.999989867210388184e-01,9.999992251396179199e-01,9.999962449073791504e-01,9.999991059303283691e-01,-9.999989867210388184e-01,9.999989271163940430e-01,-9.999983906745910645e-01,-9.999959468841552734e-01,9.999942183494567871e-01,9.999683499336242676e-01,9.999985694885253906e-01,-9.999941587448120117e-01,-9.999989867210388184e-01,9.999949932098388672e-01,9.999971389770507812e-01,2.436020523309707642e-01,-9.999980330467224121e-01,9.999991059303283691e-01,-9.999976754188537598e-01,9.999985694885253906e-01,9.999902844429016113e-01,-9.999902248382568359e-01,-9.999991655349731445e-01,-9.999759793281555176e-01,-9.999929666519165039e-01,9.999979734420776367e-01,-9.999986290931701660e-01,9.999827742576599121e-01,9.999982714653015137e-01,-9.999986886978149414e-01,9.999982118606567383e-01,9.999933242797851562e-01,-9.999992251396179199e-01,9.999991655349731445e-01,-9.999943375587463379e-01,9.999973773956298828e-01,-9.999989271163940430e-01,9.999721646308898926e-01,9.999487996101379395e-01,-9.999988675117492676e-01,-9.999977946281433105e-01,9.999731779098510742e-01,9.999984502792358398e-01,9.999951720237731934e-01,-9.999987483024597168e-01,9.999984502792358398e-01,-9.999987483024597168e-01,9.999985694885253906e-01,9.999829530715942383e-01,-9.999992251396179199e-01,9.999983310699462891e-01,-9.999991655349731445e-01,9.999988079071044922e-01,9.999956488609313965e-01,9.999984502792358398e-01,9.999991059303283691e-01,-9.999967813491821289e-01,-9.999986886978149414e-01,9.999981522560119629e-01,9.999877214431762695e-01,9.999963641166687012e-01,-9.999921917915344238e-01,9.999971389770507812e-01
-9.999988675117492676e-01,9.999992847442626953e-01,9.999941587448120117e-01,-9.999989271163940430e-01,-9.999993443489074707e-01,9.999992251396179199e-01,-9.999974370002746582e-01,-9.999992847442626953e-01,9.999983906745910645e-01,-9.999985694885253906e-01,9.999991655349731445e-01,9.999993443489074707e-01,-9.999987483024597168e-01,-9.999989271163940430e-01,-9.999908804893493652e-01,-9.999979734420776367e-01,-9.999984502792358398e-01,9.999991655349731445e-01,-9.999957680702209473e-01,9.999994039535522461e-01,9.999993443489074707e-01,-9.999938011169433594e-01,-9.999990463256835938e-01,-9.999989867210388184e-01,-9.999929070472717285e-01,-9.999994635581970215e-01,9.999989867210388184e-01,9.999993443489074707e-01,-9.999901056289672852e-01,9.999970793724060059e-01,9.999955296516418457e-01,9.999991655349731445e-01,-9.999943375587463379e-01,-9.999980926513671875e-01,9.999982714653015137e-01,9.999713897705078125e-01,-9.999994039535522461e-01,-9.999991655349731445e-01,-9.999952316284179688e-01,9.999992847442626953e-01,-9.999991655349731445e-01,9.999973177909851074e-01,-9.999844431877136230e-01,-9.999992847442626953e-01,-9.999988675117492676e-01,-9.999988675117492676e-01,9.999933838844299316e-01,-9.999989271163940430e-01,-9.999992847442626953e-01,9.999991059303283691e-01,9.999992251396179199e-01,9.999986886978149414e-01,9.999991655349731445e-01,9.999948740005493164e-01,9.999985098838806152e-01,9.999988079071044922e-01,9.999975562095642090e-01,-9.999400973320007324e-01,-9.999983906745910645e-01,-9.999989271163940430e-01,9.999988675117492676e-01,-9.999993443489074707e-01,-9.999989271163940430e-01,-9.999968409538269043e-01,9.999971985816955566e-01,9.999991655349731445e-01,9.999993443489074707e-01,9.999970197677612305e-01,9.999992847442626953e-01,-9.999992847442626953e-01,9.999992251396179199e-01,-9.999986290931701660e-01,-9.999967813491821289e-01,9.999954104423522949e-01,9.999749064445495605e-01,9.999988675117492676e-01,-9.999953508377075195e-01,-9.999992251396179199e-01,9.999960064888000488e-01,9.999977350234985352e-01,2.436556369066238403e-01,-9.999984502792358398e-01,9.999992847442626953e-01,-9.999982118606567383e-01,9.999988675117492676e-01,9.999923110008239746e-01,-9.999922513961791992e-01,-9.999993443489074707e-01,-9.999810457229614258e-01,-9.999943971633911133e-01,9.999983310699462891e-01,-9.999988675117492676e-01,9.999863505363464355e-01,9.999986290931701660e-01,-9.999988675117492676e-01,9.999985694885253906e-01,9.999946951866149902e-01,-9.999993443489074707e-01,9.999992847442626953e-01,-9.999954700469970703e-01,9.999979734420776367e-01,-9.999992251396179199e-01,9.999778866767883301e-01,9.999594688415527344e-01,-9.999991655349731445e-01,-9.999982714653015137e-01,9.999787211418151855e-01,9.999988079071044922e-01,9.999960660934448242e-01,-9.999991059303283691e-01,9.999988675117492676e-01,-9.999990463256835938e-01,9.999988675117492676e-01,9.999864101409912109e-01,-9.999994039535522461e-01,9.999986886978149414e-01,-9.999992251396179199e-01,9.999991059303283691e-01,9.999964833259582520e-01,9.999987483024597168e-01,9.999992847442626953e-01,-9.999973773956298828e-01,-9.999990463256835938e-01,9.999985694885253906e-01,9.999902248382568359e-01,9.999970793724060059e-01,-9.999938011169433594e-01,9.999977350234985352e-01
