4.719152152538299561e-01,-1.586348563432693481e-02,5.201182886958122253e-02,-1.212155669927597046e-01,1.266824007034301758e-01,-1.488785743713378906e-01,1.573285460472106934e-01,3.486085534095764160e-01,5.670658126473426819e-02,5.268203839659690857e-02,-1.422498226165771484e-01,-1.539146061986684799e-02,-1.621852666139602661e-01,3.278354927897453308e-02,3.586441650986671448e-02,1.963469386100769043e-02,-2.389176748692989349e-03,-9.772163629531860352e-02,1.180076450109481812e-01,1.176308281719684601e-02,-7.049983739852905273e-02,-9.441564977169036865e-02,-1.117861196398735046e-01,8.025959134101867676e-02,1.146767637692391872e-03,-3.836491703987121582e-02,1.515141278505325317e-01,-1.506373584270477295e-01,-3.154133632779121399e-02,-1.525408625602722168e-01,-1.097242981195449829e-01,1.008456572890281677e-01,-7.898265868425369263e-02,3.376925364136695862e-02,-1.427342649549245834e-02,6.742665916681289673e-02,-4.417303204536437988e-02,-1.002819277346134186e-02,-1.639255434274673462e-01,-3.212264776229858398e-01,9.819382429122924805e-02,7.905564457178115845e-02,-2.021144479513168335e-01,1.132476795464754105e-02,-7.620455324649810791e-02,1.701401025056838989e-01,-2.457233704626560211e-02,-8.313328772783279419e-02,8.094005286693572998e-02,-6.863709539175033569e-02,-1.525440812110900879e-01,-9.763563424348831177e-02,2.352170646190643311e-01,-5.741662159562110901e-02,-8.668918907642364502e-02,-4.215139150619506836e-02,3.820664435625076294e-02,-8.423014660365879536e-04,1.003416329622268677e-01,2.477240003645420074e-02,-7.513681054115295410e-02,-6.249272450804710388e-02,-4.430622357176616788e-05,2.327722311019897461e-01,-2.405805280432105064e-03,3.082089312374591827e-02,-3.039920628070831299e-01,5.045632272958755493e-02,-4.588127508759498596e-02,1.395587474107742310e-01,-1.398759484291076660e-01,7.303357124328613281e-02,6.779041886329650879e-02,2.003621123731136322e-02,-1.121030226349830627e-01,-8.390089869499206543e-02,1.233286340720951557e-03,-5.619985051453113556e-03,-9.261029958724975586e-02,5.146092548966407776e-02,1.109977345913648605e-02,-1.412454294040799141e-04,-1.356921344995498657e-01,-4.319923929870128632e-03,-1.731448918581008911e-01,1.233033686876296997e-01,2.849125266075134277e-01,-1.913005369715392590e-03,-1.458447277545928955e-01,2.625081501901149750e-02,-1.491925269365310669e-01,1.389391720294952393e-01,2.195583283901214600e-01,-2.225659787654876709e-01,-1.675835251808166504e-02,-2.630545496940612793e-01,1.238765344023704529e-01,-5.682637493009679019e-05,-2.218307182192802429e-02,1.776203811168670654e-01,-1.666418910026550293e-01,2.753590941429138184e-01,9.128872305154800415e-02,6.706606596708297729e-03,-9.019354730844497681e-02,2.687324285507202148e-01,1.664029955863952637e-01,2.014537751674652100e-01,-2.802823483943939209e-01,1.347755547612905502e-02,-1.183287650346755981e-01,9.420877695083618164e-02,1.220245137810707092e-01,-1.532117184251546860e-02,3.255507722496986389e-02,-3.465957194566726685e-02,2.157888412475585938e-01,-6.562943756580352783e-02,-1.852751970291137695e-01,-4.749874398112297058e-02,-1.496402770280838013e-01,6.120040640234947205e-02,4.636272788047790527e-02,2.350357919931411743e-01,4.010989144444465637e-02,1.669496111571788788e-02,-1.455453503876924515e-02,7.485080044716596603e-03
-1.586348563432693481e-02,1.322488673031330109e-02,-9.477424621582031250e-02,7.275506854057312012e-02,6.197023391723632812e-02,2.504714997485280037e-03,-2.463532797992229462e-02,3.709891811013221741e-02,3.083527088165283203e-02,4.486123472452163696e-02,2.895648591220378876e-03,-4.453932121396064758e-02,8.675833046436309814e-02,4.329708591103553772e-02,9.428001940250396729e-02,1.068669632077217102e-01,5.151755758561193943e-04,4.233310744166374207e-02,-7.258029282093048096e-02,-4.860368371009826660e-02,-2.860633842647075653e-02,8.360330015420913696e-02,4.927008971571922302e-02,-1.086441613733768463e-02,1.109170727431774139e-02,1.028503030538558960e-01,-1.080143600702285767e-01,-4.858927801251411438e-02,8.212917298078536987e-02,7.650058250874280930e-03,6.232582032680511475e-03,-1.084153354167938232e-01,6.251028925180435181e-02,4.704584553837776184e-02,-4.768900107592344284e-03,-1.056409627199172974e-01,4.340764880180358887e-02,7.750070840120315552e-02,-7.997105270624160767e-02,-3.829926997423171997e-02,9.207364916801452637e-02,1.181475911289453506e-02,8.927275240421295166e-02,1.664646714925765991e-02,4.519080743193626404e-03,-6.421430408954620361e-02,-9.640575945377349854e-02,-2.814847044646739960e-02,-3.890357445925474167e-03,2.130169980227947235e-02,-6.126549560576677322e-03,-4.815650638192892075e-03,2.862037345767021179e-02,-1.335807517170906067e-02,-9.997798129916191101e-03,-1.135937646031379700e-01,3.618971258401870728e-02,7.162710651755332947e-03,-5.400513485074043274e-02,-5.250144004821777344e-02,3.846301930025219917e-03,7.903703488409519196e-03,2.725317375734448433e-03,1.126205828040838242e-02,1.502246502786874771e-02,-2.699344232678413391e-02,4.287783801555633545e-02,9.711742401123046875e-02,-9.016174823045730591e-02,2.677156031131744385e-02,-7.517422735691070557e-02,1.093777455389499664e-02,-2.698140591382980347e-02,9.425097703933715820e-02,-1.695840433239936829e-02,-8.337857574224472046e-02,-1.485881744883954525e-03,1.120356470346450806e-01,-2.335548028349876404e-02,-9.629525989294052124e-02,9.805098921060562134e-02,4.718923592008650303e-04,-7.822690159082412720e-02,9.397484245710074902e-04,-8.679742366075515747e-02,-8.817797154188156128e-02,1.553141791373491287e-02,3.129008691757917404e-03,7.161537557840347290e-02,7.625254243612289429e-02,-2.043123729526996613e-02,-2.174931392073631287e-02,-7.887991517782211304e-02,5.022397637367248535e-02,-8.544766157865524292e-02,7.357788035733392462e-06,4.974100366234779358e-02,-3.030064726772252470e-05,-8.213219791650772095e-02,6.795607507228851318e-02,-2.853266522288322449e-02,4.157702252268791199e-02,-1.142944768071174622e-01,-7.639644294977188110e-02,1.120997592806816101e-01,-6.025121081620454788e-03,-7.753578573465347290e-02,-9.962453693151473999e-02,-1.771973632276058197e-02,-5.855512339621782303e-03,7.398402690887451172e-02,-5.127394199371337891e-02,-1.002508252859115601e-01,-1.906955242156982422e-02,1.068547442555427551e-01,-8.921664953231811523e-02,5.255055427551269531e-02,3.176189959049224854e-02,-9.279733151197433472e-02,4.118059575557708740e-02,5.705105885863304138e-02,7.782632112503051758e-02,9.228041768074035645e-02,-6.565878540277481079e-02,-6.815768778324127197e-02,-4.002143815159797668e-02,5.693154875189065933e-03,4.276492446660995483e-02
5.201182886958122253e-02,-9.477424621582031250e-02,7.428107857704162598e-01,-6.166688799858093262e-01,-4.545827507972717285e-01,-7.490007579326629639e-02,1.166846677660942078e-01,-3.431665003299713135e-01,-2.214728891849517822e-01,-3.880342543125152588e-01,4.339526966214179993e-02,3.649538457393646240e-01,-5.913145542144775391e-01,-4.153127372264862061e-01,-7.096393108367919922e-01,-7.305790781974792480e-01,-3.926300909370183945e-03,-2.936056256294250488e-01,6.090643405914306641e-01,4.163023531436920166e-01,2.900757491588592529e-01,-6.425577998161315918e-01,-4.436956346035003662e-01,8.959616720676422119e-02,-9.260242432355880737e-02,-6.800251603126525879e-01,7.249404191970825195e-01,3.007476925849914551e-01,-6.469719409942626953e-01,-4.167019203305244446e-02,-2.361223101615905762e-02,7.767018079757690430e-01,-5.250923633575439453e-01,-4.692094624042510986e-01,4.019520059227943420e-02,7.322258949279785156e-01,-3.374590873718261719e-01,-6.241841316223144531e-01,5.682333707809448242e-01,4.095124006271362305e-01,-6.800056695938110352e-01,-1.161260828375816345e-01,-6.096102595329284668e-01,-1.418860405683517456e-01,-2.592029515653848648e-03,4.704081714153289795e-01,7.549880743026733398e-01,2.405393421649932861e-01,9.190454147756099701e-03,-4.674906656146049500e-02,7.006305456161499023e-02,6.535991281270980835e-02,-2.945594489574432373e-01,1.381487697362899780e-01,5.862014368176460266e-02,8.012342453002929688e-01,-3.222747743129730225e-01,-5.943873524665832520e-02,3.923568129539489746e-01,4.340890944004058838e-01,1.196136418730020523e-02,-8.918892592191696167e-02,-2.268518134951591492e-02,-1.481579244136810303e-01,-1.115385070443153381e-01,2.077218294143676758e-01,-2.270037680864334106e-01,-6.831374168395996094e-01,6.932716965675354004e-01,-1.588615030050277710e-01,6.274316906929016113e-01,-7.142896950244903564e-02,2.327374964952468872e-01,-7.355017662048339844e-01,1.283425092697143555e-01,6.452925801277160645e-01,9.992472827434539795e-03,-8.161439299583435059e-01,2.730740010738372803e-01,7.240301966667175293e-01,-7.741313576698303223e-01,-3.907638601958751678e-03,6.231924891471862793e-01,-6.205511279404163361e-03,6.366384029388427734e-01,6.245514154434204102e-01,-1.980630159378051758e-01,-2.316841855645179749e-02,-4.962883889675140381e-01,-6.249191164970397949e-01,1.863211393356323242e-01,1.711341142654418945e-01,5.940890312194824219e-01,-3.489431142807006836e-01,6.863573193550109863e-01,4.011107981204986572e-02,-4.045049548149108887e-01,2.598660648800432682e-04,5.934733152389526367e-01,-5.591430068016052246e-01,3.001967370510101318e-01,-3.466028571128845215e-01,8.096163272857666016e-01,6.114967465400695801e-01,-8.137766122817993164e-01,-1.371148973703384399e-01,6.101363301277160645e-01,6.714271903038024902e-01,1.453787982463836670e-01,4.519774019718170166e-02,-5.660981535911560059e-01,5.167210102081298828e-01,7.334085106849670410e-01,3.437360376119613647e-02,-7.623057365417480469e-01,7.005275487899780273e-01,-3.827452361583709717e-01,-2.825476825237274170e-01,7.328138947486877441e-01,-3.378262817859649658e-01,-4.053835868835449219e-01,-6.500672101974487305e-01,-7.064132690429687500e-01,4.386937618255615234e-01,5.709014534950256348e-01,3.602895736694335938e-01,-5.535066127777099609e-02,-3.840636909008026123e-01
-1.212155669927597046e-01,7.275506854057312012e-02,-6.166688799858093262e-01,6.556993722915649414e-01,2.747190594673156738e-01,1.469080150127410889e-01,-1.095573008060455322e-01,1.733310669660568237e-01,1.632402241230010986e-01,2.977307736873626709e-01,-7.900145649909973145e-02,-2.932791709899902344e-01,4.052644670009613037e-01,4.213623702526092529e-01,5.866920351982116699e-01,5.250054597854614258e-01,8.031522855162620544e-03,2.856071293354034424e-01,-5.601171851158142090e-01,-3.296247422695159912e-01,-3.474796414375305176e-01,5.609043836593627930e-01,3.979957103729248047e-01,-6.289808452129364014e-02,7.589417695999145508e-02,4.555355310440063477e-01,-5.532622337341308594e-01,-6.924384832382202148e-02,4.335460960865020752e-01,1.769256740808486938e-01,3.163431538268923759e-03,-6.796268820762634277e-01,5.298571586608886719e-01,3.360830247402191162e-01,-2.086427062749862671e-02,-5.664758086204528809e-01,2.613299489021301270e-01,4.780696928501129150e-01,-3.076638579368591309e-01,-4.072871804237365723e-01,5.360320210456848145e-01,1.145800799131393433e-01,4.762048721313476562e-01,1.059948652982711792e-01,-3.673890233039855957e-02,-2.585471272468566895e-01,-6.377523541450500488e-01,-2.156794071197509766e-01,-3.002403490245342255e-02,1.038319095969200134e-01,-4.300101846456527710e-02,-1.377473492175340652e-02,2.782023847103118896e-01,-1.319420933723449707e-01,7.611969858407974243e-02,-6.208463311195373535e-01,2.791476249694824219e-01,4.456683993339538574e-02,-3.336322307586669922e-01,-3.896215558052062988e-01,-6.343014538288116455e-02,1.414625793695449829e-01,2.308362908661365509e-02,5.360035598278045654e-02,1.097555682063102722e-01,-1.672651320695877075e-01,2.146180272102355957e-01,4.891239404678344727e-01,-5.143688321113586426e-01,6.381129845976829529e-03,-4.524084627628326416e-01,2.077653259038925171e-01,-2.602697312831878662e-01,6.243445873260498047e-01,-1.043856889009475708e-01,-5.143175125122070312e-01,-4.659513942897319794e-03,6.288949847221374512e-01,-3.865082859992980957e-01,-5.889626741409301758e-01,7.011148333549499512e-01,3.131800796836614609e-03,-4.215869903564453125e-01,6.674572359770536423e-03,-4.818213284015655518e-01,-4.625865519046783447e-01,-2.422503195703029633e-02,1.532936654984951019e-02,3.444271087646484375e-01,4.751908779144287109e-01,-1.269542574882507324e-01,-2.546275854110717773e-01,-5.776672363281250000e-01,3.881352245807647705e-01,-5.901496410369873047e-01,3.187151998281478882e-02,2.684837877750396729e-01,-1.916355104185640812e-04,-3.943423032760620117e-01,3.925195634365081787e-01,-1.634406894445419312e-01,9.029315412044525146e-02,-7.252612113952636719e-01,-4.602487683296203613e-01,6.754504442214965820e-01,2.279389798641204834e-01,-6.636213660240173340e-01,-5.366661548614501953e-01,-1.320770359598100185e-03,-3.857482597231864929e-02,5.853090286254882812e-01,-5.192731618881225586e-01,-6.445006132125854492e-01,5.178993940353393555e-02,5.820673108100891113e-01,-5.418233871459960938e-01,1.710635274648666382e-01,2.225587666034698486e-01,-5.701283812522888184e-01,3.253740668296813965e-01,3.323211967945098877e-01,5.516068339347839355e-01,5.835002660751342773e-01,-3.873519301414489746e-01,-4.476458430290222168e-01,-3.196068704128265381e-01,3.685834258794784546e-02,3.117976188659667969e-01
1.266824007034301758e-01,6.197023391723632812e-02,-4.545827507972717285e-01,2.747190594673156738e-01,4.503635466098785400e-01,-5.697945505380630493e-02,-7.169740647077560425e-02,4.248912334442138672e-01,1.242402344942092896e-01,2.333868891000747681e-01,-4.304662346839904785e-03,-2.386040836572647095e-01,4.064944088459014893e-01,1.863472461700439453e-01,5.181216597557067871e-01,6.100943088531494141e-01,-3.843109006993472576e-04,1.840785592794418335e-01,-2.610107064247131348e-01,-2.355263829231262207e-01,-2.229536697268486023e-02,3.835713267326354980e-01,1.818143129348754883e-01,-1.069084927439689636e-02,5.110041797161102295e-02,5.452739596366882324e-01,-5.297937393188476562e-01,-4.177763164043426514e-01,4.798379540443420410e-01,-9.667880833148956299e-02,4.331958480179309845e-03,-4.633249342441558838e-01,1.891282498836517334e-01,2.750830352306365967e-01,-3.939031064510345459e-02,-5.400564670562744141e-01,2.042584568262100220e-01,3.962563872337341309e-01,-5.968701839447021484e-01,-3.046442866325378418e-01,5.015090107917785645e-01,8.063698559999465942e-02,4.179571270942687988e-01,9.690914303064346313e-02,8.997049927711486816e-02,-3.250856697559356689e-01,-5.071576833724975586e-01,-1.818529069423675537e-01,-1.092922594398260117e-02,9.044362604618072510e-02,-8.699674904346466064e-02,-1.533236801624298096e-01,1.964572966098785400e-01,-8.173096925020217896e-02,-1.688667237758636475e-01,-6.488876938819885254e-01,2.036080658435821533e-01,3.847954422235488892e-02,-2.259385138750076294e-01,-2.477727383375167847e-01,3.904098272323608398e-02,-4.743564501404762268e-02,1.146933436393737793e-02,1.132918596267700195e-01,5.873162671923637390e-02,-1.213187351822853088e-01,1.240591108798980713e-01,5.732044577598571777e-01,-4.732831418514251709e-01,2.878690958023071289e-01,-4.716820716857910156e-01,-2.609600313007831573e-02,-4.152364283800125122e-02,4.784578979015350342e-01,-1.113069057464599609e-01,-4.717310667037963867e-01,-8.562074974179267883e-03,5.956919193267822266e-01,-6.916532665491104126e-02,-4.597242176532745361e-01,4.595432877540588379e-01,2.359231235459446907e-03,-5.106946825981140137e-01,1.216115546412765980e-03,-5.472034811973571777e-01,-4.554071724414825439e-01,2.528024315834045410e-01,1.736681908369064331e-02,3.011680841445922852e-01,4.098453819751739502e-01,-1.930361241102218628e-01,2.208219468593597412e-02,-2.442175298929214478e-01,1.162566393613815308e-01,-4.039455950260162354e-01,-1.344936192035675049e-01,3.802501857280731201e-01,-1.783208572305738926e-04,-4.874682128429412842e-01,4.239731431007385254e-01,-2.457638084888458252e-01,3.764071762561798096e-01,-5.155121088027954102e-01,-4.012687504291534424e-01,5.036817789077758789e-01,3.444900736212730408e-02,-2.184493690729141235e-01,-4.596621692180633545e-01,-2.475762218236923218e-01,-1.830424368381500244e-02,2.455327808856964111e-01,-1.353335082530975342e-01,-4.555862545967102051e-01,-1.775067448616027832e-01,6.322863698005676270e-01,-4.457738101482391357e-01,4.511885941028594971e-01,1.400111615657806396e-01,-5.708330869674682617e-01,1.588845998048782349e-01,2.626365125179290771e-01,3.778399527072906494e-01,4.834720492362976074e-01,-2.336990535259246826e-01,-3.464090526103973389e-01,-1.434241235256195068e-01,1.321876514703035355e-02,2.054859697818756104e-01
-1.488785743713378906e-01,2.504714997485280037e-03,-7.490007579326629639e-02,1.469080150127410889e-01,-5.697945505380630493e-02,1.881286948919296265e-01,-3.083627298474311829e-02,-5.753790587186813354e-02,-9.160290658473968506e-02,-1.454107649624347687e-02,4.484549164772033691e-02,-2.532008662819862366e-02,4.687619395554065704e-03,1.096305400133132935e-01,5.863939225673675537e-02,-8.290269412100315094e-03,1.879610936157405376e-03,1.195377577096223831e-02,-5.038768798112869263e-02,-5.755354091525077820e-02,2.902081795036792755e-02,1.059498861432075500e-01,1.099421381950378418e-01,-3.456673398613929749e-02,1.311433501541614532e-03,-6.933525204658508301e-02,-6.824193894863128662e-02,1.001766175031661987e-01,6.423902511596679688e-02,5.157839506864547729e-02,3.246168792247772217e-02,-6.158955022692680359e-02,2.567919157445430756e-02,9.779280424118041992e-02,-2.255910541862249374e-03,-4.414531961083412170e-02,1.309727411717176437e-02,1.318060513585805893e-02,6.545933336019515991e-02,-3.573809564113616943e-02,-7.003740221261978149e-02,-1.032568886876106262e-02,7.931478321552276611e-02,1.089902780950069427e-02,1.026772633194923401e-01,-5.867121741175651550e-02,-4.538915678858757019e-02,-3.635911503806710243e-03,-6.802664697170257568e-02,-5.174595117568969727e-02,6.198824569582939148e-02,-6.202417239546775818e-02,-3.807018324732780457e-02,-2.693544700741767883e-02,3.126722574234008789e-02,-4.229891672730445862e-02,3.475637361407279968e-02,4.486265126615762711e-03,7.115170359611511230e-03,-3.763337060809135437e-02,1.056836917996406555e-02,3.382320329546928406e-02,3.161421045660972595e-03,-1.615385413169860840e-01,-1.553837209939956665e-02,-4.233300220221281052e-03,8.147685229778289795e-02,-1.228659506887197495e-02,8.526363410055637360e-03,-7.070226967334747314e-02,1.940897479653358459e-02,-1.027348116040229797e-01,-3.239152580499649048e-02,4.375175759196281433e-02,8.609639853239059448e-02,4.953783005475997925e-03,1.354398787952959538e-03,4.042908549308776855e-02,-3.643688187003135681e-02,-4.258939996361732483e-02,5.958085507154464722e-02,4.158336087130010128e-04,1.941911689937114716e-02,2.129279891960322857e-05,6.673911958932876587e-02,-2.792299911379814148e-02,-9.851439297199249268e-02,3.582388744689524174e-04,-1.561936736106872559e-02,1.763079874217510223e-02,4.217180982232093811e-02,-4.667478799819946289e-02,-8.304558694362640381e-02,1.066067218780517578e-01,-8.329217671416699886e-04,6.570401787757873535e-02,-5.953420419245958328e-03,5.388716999732423574e-06,-1.227000635117292404e-02,-9.662241488695144653e-02,2.881937834899872541e-04,-1.459151506423950195e-01,-6.780385226011276245e-02,-1.243600901216268539e-02,2.143898792564868927e-02,6.362617760896682739e-02,-8.552074432373046875e-02,-5.578482896089553833e-02,1.557862609624862671e-01,-2.326539019122719765e-03,1.071727201342582703e-01,-1.315516233444213867e-01,-8.038607984781265259e-02,9.544183313846588135e-02,2.752231620252132416e-02,1.677851751446723938e-02,-5.682189017534255981e-02,4.830062389373779297e-02,1.043213345110416412e-02,3.762886673212051392e-02,4.514785483479499817e-02,1.312553510069847107e-02,1.206921692937612534e-02,-4.950354248285293579e-02,-1.054894328117370605e-01,-2.582623995840549469e-02,1.020963490009307861e-02,2.539393119513988495e-02
1.573285460472106934e-01,-2.463532797992229462e-02,1.166846677660942078e-01,-1.095573008060455322e-01,-7.169740647077560425e-02,-3.083627298474311829e-02,1.512048989534378052e-01,4.128650575876235962e-02,-5.183190107345581055e-02,-2.609074115753173828e-02,-9.777593612670898438e-02,7.212662696838378906e-02,-1.851118952035903931e-01,-7.470933347940444946e-02,-1.444692909717559814e-01,-1.862044930458068848e-01,-2.490557963028550148e-03,-8.457300812005996704e-02,7.840870320796966553e-02,5.876627564430236816e-02,-1.825935766100883484e-02,-1.777493655681610107e-01,-7.183203846216201782e-02,5.810201540589332581e-02,-1.455266866832971573e-02,-1.865650564432144165e-01,2.271165400743484497e-01,7.706795632839202881e-02,-1.026439517736434937e-01,-8.356166630983352661e-02,-2.447424642741680145e-02,1.960086971521377563e-01,-5.305475369095802307e-02,-4.211974516510963440e-02,6.024648901075124741e-03,2.136844545602798462e-01,-7.694406807422637939e-02,-1.048600599169731140e-01,8.245345205068588257e-02,-4.536871984601020813e-02,-9.900554269552230835e-02,1.486597489565610886e-02,-2.033321261405944824e-01,-1.763312704861164093e-02,-9.523224085569381714e-02,1.488771140575408936e-01,1.052326411008834839e-01,2.296072244644165039e-02,5.107926949858665466e-02,-5.273392796516418457e-02,-2.499061450362205505e-02,-1.419540774077177048e-02,2.988961338996887207e-02,3.127783536911010742e-02,3.051495878025889397e-03,1.620889455080032349e-01,-5.317604914307594299e-02,-1.086608041077852249e-02,6.654067337512969971e-02,7.824183255434036255e-02,-4.381434991955757141e-02,-1.385525707155466080e-02,-4.123240243643522263e-03,1.208649277687072754e-01,-3.318523615598678589e-02,4.648062959313392639e-02,-1.760798692703247070e-01,-1.403817981481552124e-01,1.214360445737838745e-01,-1.724495179951190948e-02,3.924752771854400635e-02,7.468774914741516113e-03,6.419291347265243530e-02,-1.298470944166183472e-01,-2.134754508733749390e-02,7.362604141235351562e-02,2.828126074746251106e-03,-1.463576704263687134e-01,-2.650789916515350342e-02,1.669637262821197510e-01,-1.082690432667732239e-01,-7.962780655361711979e-04,5.358550325036048889e-02,-3.585707629099488258e-03,8.575016260147094727e-02,1.704813987016677856e-01,1.301892846822738647e-01,-5.931004881858825684e-03,-1.787065118551254272e-01,-1.006997004151344299e-01,-3.191888704895973206e-02,5.575992912054061890e-02,1.628603786230087280e-01,-1.632123887538909912e-01,8.872418105602264404e-02,-7.980991154909133911e-02,-1.791816949844360352e-02,1.704460373730398715e-05,1.541918814182281494e-01,-2.399686910212039948e-02,-1.379837282001972198e-02,3.003759682178497314e-02,1.991204470396041870e-01,1.111055612564086914e-01,-1.343479603528976440e-01,1.672600656747817993e-01,1.079640313982963562e-01,2.347142100334167480e-01,-8.177755773067474365e-02,1.150026451796293259e-02,-1.912614554166793823e-01,3.339815512299537659e-02,1.984229385852813721e-01,6.653459370136260986e-02,-1.367626488208770752e-01,8.126556128263473511e-02,-6.187314912676811218e-02,-4.142945632338523865e-02,5.502628162503242493e-02,-7.172744721174240112e-02,-1.192623227834701538e-01,-7.547365874052047729e-02,-1.073245480656623840e-01,1.758303046226501465e-01,1.347175240516662598e-01,4.204934835433959961e-02,-1.283274684101343155e-02,-1.567819714546203613e-02
3.486085534095764160e-01,3.709891811013221741e-02,-3.431665003299713135e-01,1.733310669660568237e-01,4.248912334442138672e-01,-5.753790587186813354e-02,4.128650575876235962e-02,6.045562028884887695e-01,6.576412916183471680e-02,2.067953795194625854e-01,-5.248521640896797180e-02,-2.134930193424224854e-01,2.232459932565689087e-01,1.897772401571273804e-01,4.468699693679809570e-01,4.930229187011718750e-01,-2.147148130461573601e-03,6.219673901796340942e-02,-1.272262036800384521e-01,-1.932237595319747925e-01,3.804539889097213745e-02,2.853494584560394287e-01,1.104905754327774048e-01,2.559615531936287880e-03,4.002853482961654663e-02,3.814456462860107422e-01,-3.398264050483703613e-01,-4.160645604133605957e-01,4.358768165111541748e-01,-1.904801577329635620e-01,-4.854758456349372864e-02,-2.869591116905212402e-01,4.696703329682350159e-02,3.181111514568328857e-01,-4.801991954445838928e-02,-4.026072919368743896e-01,1.389992386102676392e-01,3.204360008239746094e-01,-6.044052839279174805e-01,-4.394778311252593994e-01,4.101513028144836426e-01,9.715136140584945679e-02,2.230868041515350342e-01,9.310588240623474121e-02,1.205977201461791992e-01,-2.221014201641082764e-01,-4.259765744209289551e-01,-1.915945559740066528e-01,1.706367917358875275e-02,-5.911402031779289246e-02,-1.379979699850082397e-01,-2.456613928079605103e-01,2.623232603073120117e-01,-1.273579150438308716e-01,-2.273380756378173828e-01,-5.527340769767761230e-01,2.080534994602203369e-01,3.422704339027404785e-02,-7.257811725139617920e-02,-1.859361082315444946e-01,2.119773300364613533e-03,-9.131779521703720093e-02,8.193305693566799164e-03,1.499869525432586670e-01,3.019144944846630096e-02,-7.502998411655426025e-02,-9.011063724756240845e-02,4.759453535079956055e-01,-4.093268513679504395e-01,3.091347217559814453e-01,-4.802671074867248535e-01,-1.056327074766159058e-01,2.798173017799854279e-02,4.060410857200622559e-01,-9.741100668907165527e-02,-4.031946361064910889e-01,-6.143459118902683258e-03,4.861232042312622070e-01,-8.809455484151840210e-02,-3.358399569988250732e-01,3.639325797557830811e-01,2.005275804549455643e-03,-5.016037225723266602e-01,-2.466144040226936340e-03,-5.011587738990783691e-01,-3.042277693748474121e-01,3.902417421340942383e-01,1.391392853111028671e-02,1.311134696006774902e-01,3.653886318206787109e-01,-2.358987480401992798e-01,1.481877267360687256e-01,-4.569881036877632141e-02,-5.674364045262336731e-02,-3.122746348381042480e-01,-2.683509290218353271e-01,3.931408822536468506e-01,-1.823042548494413495e-04,-4.253276288509368896e-01,4.188404977321624756e-01,-3.415403664112091064e-01,4.727407395839691162e-01,-3.428378403186798096e-01,-3.309817016124725342e-01,3.325319290161132812e-01,2.072456926107406616e-01,-2.619595639407634735e-02,-2.600503861904144287e-01,-3.321577608585357666e-01,-2.962684025987982750e-03,1.069454774260520935e-01,-7.299186289310455322e-02,-2.985856533050537109e-01,-1.058708801865577698e-01,5.359378457069396973e-01,-3.594262897968292236e-01,5.028439760208129883e-01,1.117943227291107178e-01,-5.647037625312805176e-01,8.592364192008972168e-02,1.256311982870101929e-01,3.238458037376403809e-01,3.823748826980590820e-01,-1.297567412257194519e-02,-3.043141365051269531e-01,-9.382595121860504150e-02,9.063621051609516144e-03,1.797757148742675781e-01
5.670658126473426819e-02,3.083527088165283203e-02,-2.214728891849517822e-01,1.632402241230010986e-01,1.242402344942092896e-01,-9.160290658473968506e-02,-5.183190107345581055e-02,6.576412916183471680e-02,2.212930321693420410e-01,1.568259298801422119e-01,-5.955203995108604431e-02,-1.174324601888656616e-01,1.909836530685424805e-01,1.327744424343109131e-01,2.219321578741073608e-01,2.599092721939086914e-01,2.944942796602845192e-03,7.658497989177703857e-02,-2.280903458595275879e-01,-1.111547350883483887e-01,-2.751637101173400879e-01,1.941951960325241089e-01,9.055016189813613892e-02,-3.793417662382125854e-02,3.909260407090187073e-02,2.950072288513183594e-01,-2.166795134544372559e-01,-7.723822444677352905e-02,1.155892387032508850e-01,7.361950725317001343e-02,-4.555709287524223328e-02,-3.351837992668151855e-01,2.484636902809143066e-01,7.775161415338516235e-02,-4.559138324111700058e-03,-2.525686323642730713e-01,1.137606874108314514e-01,2.086987942457199097e-01,-1.435318440198898315e-01,-1.434740573167800903e-01,3.175650537014007568e-01,5.662089958786964417e-02,1.295196861028671265e-01,3.412467986345291138e-02,-1.380439102649688721e-01,-7.481158524751663208e-02,-2.443661987781524658e-01,-8.096966892480850220e-02,6.034803763031959534e-02,2.579145319759845734e-02,-8.453977853059768677e-02,1.137365624308586121e-01,1.800662428140640259e-01,-6.095646694302558899e-02,4.337906092405319214e-02,-2.508340477943420410e-01,9.566777944564819336e-02,1.633237861096858978e-02,-1.280722171068191528e-01,-1.391832083463668823e-01,-5.672638863325119019e-02,7.231077551841735840e-02,8.536962792277336121e-03,1.708649694919586182e-01,7.529633492231369019e-02,-7.560248672962188721e-02,4.981264937669038773e-03,2.149449437856674194e-01,-2.789027988910675049e-01,6.141682621091604233e-03,-1.994430422782897949e-01,2.104422152042388916e-01,-1.415395885705947876e-01,2.717070877552032471e-01,-1.143284663558006287e-01,-2.139345705509185791e-01,-3.064999356865882874e-03,2.735652029514312744e-01,-1.448376923799514771e-01,-2.778871059417724609e-01,3.066310882568359375e-01,1.172288088127970695e-03,-1.742663532495498657e-01,4.917431622743606567e-03,-2.560578286647796631e-01,-1.615167409181594849e-01,3.905730694532394409e-02,6.156083662062883377e-03,2.201436012983322144e-01,2.091002166271209717e-01,-5.640586465597152710e-02,-1.015064790844917297e-01,-2.270506471395492554e-01,1.173343434929847717e-01,-2.893918752670288086e-01,-2.277870848774909973e-02,5.562966316938400269e-02,-8.906923176255077124e-05,-1.742745041847229004e-01,2.549064755439758301e-01,-7.335464656352996826e-02,1.724844723939895630e-01,-3.259794116020202637e-01,-2.000484764575958252e-01,3.296072185039520264e-01,1.036352198570966721e-02,-2.722197175025939941e-01,-2.050093859434127808e-01,-9.548226743936538696e-02,-2.129187248647212982e-02,2.671157419681549072e-01,-1.589479446411132812e-01,-2.521920800209045410e-01,-1.308477018028497696e-02,2.023989856243133545e-01,-2.911465764045715332e-01,9.398730099201202393e-02,5.570558458566665649e-02,-2.631053328514099121e-01,1.321831494569778442e-01,7.116828858852386475e-02,2.702496647834777832e-01,2.600949108600616455e-01,-1.328303962945938110e-01,-1.426544040441513062e-01,-1.648350208997726440e-01,2.723847702145576477e-02,1.134329661726951599e-01
5.268203839659690857e-02,4.486123472452163696e-02,-3.880342543125152588e-01,2.977307736873626709e-01,2.333868891000747681e-01,-1.454107649624347687e-02,-2.609074115753173828e-02,2.067953795194625854e-01,1.568259298801422119e-01,2.189100533723831177e-01,-6.472551077604293823e-02,-1.828520894050598145e-01,2.867691218852996826e-01,2.042126953601837158e-01,3.739142119884490967e-01,4.015343487262725830e-01,1.738471328280866146e-03,1.279681175947189331e-01,-3.235101401805877686e-01,-2.039568573236465454e-01,-2.167892754077911377e-01,3.066524863243103027e-01,2.025866508483886719e-01,-3.706059977412223816e-02,4.989037662744522095e-02,3.833512663841247559e-01,-3.648068904876708984e-01,-1.517132669687271118e-01,3.247046768665313721e-01,8.920916356146335602e-03,-1.314872223883867264e-02,-4.358019828796386719e-01,2.943115830421447754e-01,2.287897914648056030e-01,-1.917334459722042084e-02,-3.855953812599182129e-01,1.661810129880905151e-01,3.206927776336669922e-01,-3.167580664157867432e-01,-2.510969042778015137e-01,4.028610289096832275e-01,7.474789023399353027e-02,2.658931314945220947e-01,7.063426077365875244e-02,-6.264821439981460571e-02,-2.041678428649902344e-01,-4.161780774593353271e-01,-1.277727633714675903e-01,3.160485625267028809e-02,5.388942081481218338e-03,-7.133202254772186279e-02,-4.248205106705427170e-03,2.014826536178588867e-01,-7.428800314664840698e-02,-2.306928113102912903e-02,-4.502628445625305176e-01,1.617065519094467163e-01,2.921662107110023499e-02,-1.909451931715011597e-01,-2.146108448505401611e-01,-3.379276767373085022e-02,5.218311771750450134e-02,1.140229217708110809e-02,1.605165600776672363e-01,6.304048746824264526e-02,-1.038725078105926514e-01,4.586166515946388245e-02,3.627664148807525635e-01,-3.899127840995788574e-01,7.734157890081405640e-02,-3.512483835220336914e-01,9.212131053209304810e-02,-1.256139725446701050e-01,4.068921208381652832e-01,-1.007349416613578796e-01,-3.481253385543823242e-01,-4.844059236347675323e-03,4.648844003677368164e-01,-1.673348844051361084e-01,-3.917565941810607910e-01,4.506273269653320312e-01,1.916693290695548058e-03,-3.378955125808715820e-01,3.249627770856022835e-03,-3.680236935615539551e-01,-2.955015897750854492e-01,1.493177264928817749e-01,1.096357405185699463e-02,2.435479015111923218e-01,3.251785933971405029e-01,-1.151446178555488586e-01,-8.245879411697387695e-02,-2.897035479545593262e-01,1.361891329288482666e-01,-3.917043805122375488e-01,-5.519490316510200500e-02,1.991191804409027100e-01,-1.423710928065702319e-04,-2.945735156536102295e-01,3.375229835510253906e-01,-1.715901196002960205e-01,2.380332797765731812e-01,-4.558232724666595459e-01,-3.096935749053955078e-01,4.802497029304504395e-01,1.079864725470542908e-01,-3.386473357677459717e-01,-3.226593434810638428e-01,-1.286656111478805542e-01,-2.328900992870330811e-02,2.917716801166534424e-01,-2.628397643566131592e-01,-3.769432008266448975e-01,-5.871987435966730118e-03,4.139411151409149170e-01,-4.068262577056884766e-01,2.003362476825714111e-01,1.327131092548370361e-01,-4.368194341659545898e-01,1.701716780662536621e-01,1.672687977552413940e-01,3.638418614864349365e-01,3.905815482139587402e-01,-1.826040297746658325e-01,-2.691029608249664307e-01,-1.992310136556625366e-01,2.980916202068328857e-02,2.017603814601898193e-01
-1.422498226165771484e-01,2.895648591220378876e-03,4.339526966214179993e-02,-7.900145649909973145e-02,-4.304662346839904785e-03,4.484549164772033691e-02,-9.777593612670898438e-02,-5.248521640896797180e-02,-5.955203995108604431e-02,-6.472551077604293823e-02,1.548302769660949707e-01,7.035480812191963196e-03,7.866515964269638062e-02,-3.372312337160110474e-02,-1.745084486901760101e-02,3.923483192920684814e-02,-1.213517622090876102e-03,-1.656292565166950226e-02,1.003912165760993958e-01,1.024669595062732697e-02,2.034468501806259155e-01,2.730318717658519745e-02,-8.810245431959629059e-03,-5.465372279286384583e-02,-9.951076470315456390e-03,3.660874068737030029e-02,-8.922392874956130981e-02,-7.714383304119110107e-02,4.953259974718093872e-02,-1.474729832261800766e-02,5.158124491572380066e-02,2.813469618558883667e-02,-1.480061113834381104e-01,1.449506264179944992e-02,-7.045292295515537262e-03,-5.988608300685882568e-02,3.151441458612680435e-03,-2.702187374234199524e-02,-3.369361907243728638e-02,1.640681922435760498e-01,-1.049073114991188049e-01,-6.154596060514450073e-02,9.579130262136459351e-02,-4.394019953906536102e-03,1.809136122465133667e-01,-1.460634469985961914e-01,7.650050520896911621e-02,4.854456707835197449e-02,-6.552629917860031128e-02,-3.898618742823600769e-02,6.666311621665954590e-02,-4.910818114876747131e-02,-1.476573348045349121e-01,1.126923412084579468e-02,-7.206372171640396118e-02,-3.973626531660556793e-03,-2.099914103746414185e-02,7.309108041226863861e-04,4.798536002635955811e-02,3.913092240691184998e-02,8.777583390474319458e-02,-4.852483794093132019e-02,-3.638240043073892593e-03,-1.883057206869125366e-01,-2.180696465075016022e-02,5.621569231152534485e-03,1.215626522898674011e-01,6.238854024559259415e-03,2.344410866498947144e-02,3.434659168124198914e-02,7.690613716840744019e-02,-2.009935379028320312e-01,4.072089493274688721e-02,-5.537673085927963257e-02,9.841266274452209473e-02,8.084082603454589844e-02,-1.917198649607598782e-03,-1.550007797777652740e-02,1.865360140800476074e-01,7.717501837760210037e-03,-1.169089823961257935e-01,2.631818097142968327e-05,4.194685444235801697e-02,5.396637425292283297e-05,8.078574389219284058e-02,-5.482395738363265991e-02,-7.432020455598831177e-02,2.545702271163463593e-03,6.303107738494873047e-02,-2.403664216399192810e-02,7.414534687995910645e-02,5.874657258391380310e-02,2.664687298238277435e-02,3.706891462206840515e-02,1.087809577584266663e-01,6.051502004265785217e-02,-3.580147027969360352e-02,3.388076947885565460e-05,-6.465040892362594604e-02,-1.179614737629890442e-01,1.852034404873847961e-02,-4.882247000932693481e-02,3.719651326537132263e-02,1.372826844453811646e-02,-7.633075118064880371e-02,-2.256151884794235229e-01,1.444583237171173096e-01,-8.404427021741867065e-02,1.011322289705276489e-01,2.035244135186076164e-03,-1.601851545274257660e-02,9.914121031761169434e-02,-1.133442623540759087e-03,-5.447008088231086731e-02,-8.986740373075008392e-03,9.112767875194549561e-02,4.553464800119400024e-02,1.477914862334728241e-03,1.074754595756530762e-01,-3.827017545700073242e-02,3.808376193046569824e-02,-1.012692525982856750e-01,-7.166515290737152100e-02,-4.943983256816864014e-02,-4.968775063753128052e-02,6.418550014495849609e-02,7.941674441099166870e-03,-6.074184924364089966e-02
-1.539146061986684799e-02,-4.453932121396064758e-02,3.649538457393646240e-01,-2.932791709899902344e-01,-2.386040836572647095e-01,-2.532008662819862366e-02,7.212662696838378906e-02,-2.134930193424224854e-01,-1.174324601888656616e-01,-1.828520894050598145e-01,7.035480812191963196e-03,1.883682459592819214e-01,-2.858988940715789795e-01,-2.217914015054702759e-01,-3.870549798011779785e-01,-4.135941267013549805e-01,-2.504734089598059654e-03,-1.258926242589950562e-01,2.652437686920166016e-01,1.964960694313049316e-01,1.280412822961807251e-01,-3.358359336853027344e-01,-1.950838267803192139e-01,5.154035240411758423e-02,-4.479052871465682983e-02,-3.653357625007629395e-01,3.883778750896453857e-01,1.776656657457351685e-01,-3.266042172908782959e-01,-2.288832515478134155e-02,6.656164769083261490e-03,4.174622595310211182e-01,-2.220471352338790894e-01,-2.318828701972961426e-01,2.344710752367973328e-02,4.079398214817047119e-01,-1.603797227144241333e-01,-3.014583289623260498e-01,3.244434893131256104e-01,2.401882708072662354e-01,-3.555439412593841553e-01,-5.973646417260169983e-02,-2.958713769912719727e-01,-6.968687474727630615e-02,-3.578235581517219543e-02,2.258129566907882690e-01,3.908554315567016602e-01,1.276889443397521973e-01,9.570993483066558838e-03,-3.984870854765176773e-03,5.384616553783416748e-02,5.082890763878822327e-02,-1.650195866823196411e-01,9.018821269273757935e-02,4.596756771206855774e-02,4.567343294620513916e-01,-1.693900674581527710e-01,-2.949800901114940643e-02,1.531954109668731689e-01,2.073276638984680176e-01,7.706913165748119354e-03,-3.086149320006370544e-02,-1.120366156101226807e-02,-4.937507584691047668e-02,-5.792382732033729553e-02,9.722598642110824585e-02,-9.031692147254943848e-02,-3.656672835350036621e-01,3.655658662319183350e-01,-9.401620924472808838e-02,3.176396787166595459e-01,-2.914478816092014313e-02,1.101758480072021484e-01,-3.924539089202880859e-01,5.876322835683822632e-02,3.200694620609283447e-01,4.773296415805816650e-03,-4.441579282283782959e-01,1.290611773729324341e-01,3.836915194988250732e-01,-4.080201387405395508e-01,-1.965120900422334671e-03,3.163774311542510986e-01,-3.066015196964144707e-03,3.480988740921020508e-01,3.070120513439178467e-01,-8.544410765171051025e-02,-1.156253460794687271e-02,-2.389558702707290649e-01,-3.126035630702972412e-01,9.428016096353530884e-02,6.059915572404861450e-02,2.707128524780273438e-01,-1.632874161005020142e-01,3.395732939243316650e-01,4.307124018669128418e-02,-1.949434876441955566e-01,1.281660515815019608e-04,3.226064741611480713e-01,-2.804712057113647461e-01,1.635791957378387451e-01,-1.911089271306991577e-01,4.450723826885223389e-01,2.976381778717041016e-01,-4.166602194309234619e-01,-6.012256443500518799e-02,2.795346081256866455e-01,3.467967212200164795e-01,7.789703458547592163e-02,2.015270851552486420e-02,-3.075530827045440674e-01,2.173665761947631836e-01,3.842978179454803467e-01,2.536444924771785736e-02,-4.137346148490905762e-01,3.480696380138397217e-01,-2.317278385162353516e-01,-1.244082003831863403e-01,3.991478085517883301e-01,-1.601433902978897095e-01,-1.782343089580535889e-01,-3.237956166267395020e-01,-3.625122904777526855e-01,1.924880295991897583e-01,2.976246476173400879e-01,1.647212207317352295e-01,-2.765636518597602844e-02,-1.676836013793945312e-01
