9.999982118606567383e-01,-9.999985098838806152e-01,-9.999942779541015625e-01,9.999970793724060059e-01,9.999987483024597168e-01,-9.999988079071044922e-01,9.999946355819702148e-01,9.999990463256835938e-01,-9.999928474426269531e-01,9.999983906745910645e-01,-9.999987483024597168e-01,-9.999988675117492676e-01,9.999978542327880859e-01,9.999984502792358398e-01,9.999951124191284180e-01,9.999933242797851562e-01,9.999972581863403320e-01,-9.999976158142089844e-01,9.999918341636657715e-01,-9.999991059303283691e-01,-9.999989271163940430e-01,9.999943971633911133e-01,9.999985694885253906e-01,9.999971389770507812e-01,9.999887943267822266e-01,9.999988079071044922e-01,-9.999980926513671875e-01,-9.999987483024597168e-01,9.999913573265075684e-01,-9.999966621398925781e-01,-9.999902248382568359e-01,-9.999980926513671875e-01,9.999827146530151367e-01,9.999945759773254395e-01,-9.999978542327880859e-01,9.999617934226989746e-01,9.999989867210388184e-01,9.999984502792358398e-01,9.999833703041076660e-01,-9.999988675117492676e-01,9.999986290931701660e-01,9.999892115592956543e-01,9.999828338623046875e-01,9.999988675117492676e-01,9.999981522560119629e-01,9.999977946281433105e-01,-9.999932646751403809e-01,9.999986290931701660e-01,9.999986290931701660e-01,-9.999984502792358398e-01,-9.999987483024597168e-01,-9.999985098838806152e-01,-9.999988079071044922e-01,-9.999931454658508301e-01,-9.999985694885253906e-01,-9.999978542327880859e-01,-9.998620152473449707e-01,9.999932050704956055e-01,9.999939799308776855e-01,9.999981522560119629e-01,-9.999983310699462891e-01,9.999988675117492676e-01,9.999983310699462891e-01,9.999953508377075195e-01,-9.999935030937194824e-01,-9.999987483024597168e-01,-9.999990463256835938e-01,-9.999954104423522949e-01,-9.999988675117492676e-01,9.999982118606567383e-01,-9.999986886978149414e-01,9.999958872795104980e-01,-9.999923706054687500e-01,-9.999936223030090332e-01,-9.999851584434509277e-01,-9.999983906745910645e-01,9.999903440475463867e-01,9.999986886978149414e-01,-9.999934434890747070e-01,-9.999951720237731934e-01,9.999908804893493652e-01,9.999974370002746582e-01,-9.999987483024597168e-01,9.999980926513671875e-01,-9.999982714653015137e-01,-9.999837279319763184e-01,-9.997406601905822754e-01,9.999989271163940430e-01,9.999921917915344238e-01,9.999892115592956543e-01,-9.999932646751403809e-01,9.999982714653015137e-01,-9.999860525131225586e-01,-9.999971985816955566e-01,9.999973773956298828e-01,-9.999976754188537598e-01,-9.999859929084777832e-01,9.999989867210388184e-01,-9.999988079071044922e-01,9.999972581863403320e-01,-9.999966621398925781e-01,9.999988079071044922e-01,9.999441504478454590e-01,9.999557137489318848e-01,9.999986290931701660e-01,9.999956488609313965e-01,-9.999809265136718750e-01,-9.999983906745910645e-01,-9.999940395355224609e-01,9.999985694885253906e-01,-9.999985098838806152e-01,9.999974966049194336e-01,-9.999981522560119629e-01,-9.998779296875000000e-01,9.999990463256835938e-01,-9.999966621398925781e-01,9.999989271163940430e-01,-9.999977350234985352e-01,-9.999952912330627441e-01,-9.999964237213134766e-01,-9.999983310699462891e-01,9.999966621398925781e-01,9.999974966049194336e-01,-9.999967813491821289e-01,-9.999911189079284668e-01,-9.999944567680358887e-01,9.999652504920959473e-01,-9.999906420707702637e-01
-9.999985098838806152e-01,9.999987483024597168e-01,9.999951720237731934e-01,-9.999975562095642090e-01,-9.999989271163940430e-01,9.999989271163940430e-01,-9.999954700469970703e-01,-9.999992251396179199e-01,9.999940395355224609e-01,-9.999987483024597168e-01,9.999990463256835938e-01,9.999991059303283691e-01,-9.999982714653015137e-01,-9.999985694885253906e-01,-9.999959468841552734e-01,-9.999943375587463379e-01,-9.999977946281433105e-01,9.999980330467224121e-01,-9.999930858612060547e-01,9.999992251396179199e-01,9.999991059303283691e-01,-9.999952912330627441e-01,-9.999988675117492676e-01,-9.999975562095642090e-01,-9.999905228614807129e-01,-9.999991059303283691e-01,9.999983906745910645e-01,9.999990463256835938e-01,-9.999926686286926270e-01,9.999971389770507812e-01,9.999917745590209961e-01,9.999983906745910645e-01,-9.999853372573852539e-01,-9.999954104423522949e-01,9.999982118606567383e-01,-9.999676346778869629e-01,-9.999991655349731445e-01,-9.999986886978149414e-01,-9.999859333038330078e-01,9.999991655349731445e-01,-9.999988079071044922e-01,-9.999908804893493652e-01,-9.999855160713195801e-01,-9.999991059303283691e-01,-9.999983906745910645e-01,-9.999981522560119629e-01,9.999942779541015625e-01,-9.999989271163940430e-01,-9.999988079071044922e-01,9.999986886978149414e-01,9.999989271163940430e-01,9.999988079071044922e-01,9.999989867210388184e-01,9.999941587448120117e-01,9.999987483024597168e-01,9.999983310699462891e-01,9.998831152915954590e-01,-9.999942779541015625e-01,-9.999948143959045410e-01,-9.999985098838806152e-01,9.999986290931701660e-01,-9.999991059303283691e-01,-9.999985098838806152e-01,-9.999959468841552734e-01,9.999945163726806641e-01,9.999990463256835938e-01,9.999992251396179199e-01,9.999960660934448242e-01,9.999991655349731445e-01,-9.999984502792358398e-01,9.999989867210388184e-01,-9.999964833259582520e-01,9.999936223030090332e-01,9.999945163726806641e-01,9.999874234199523926e-01,9.999986290931701660e-01,-9.999918937683105469e-01,-9.999988675117492676e-01,9.999944567680358887e-01,9.999958872795104980e-01,-9.999923706054687500e-01,-9.999978542327880859e-01,9.999990463256835938e-01,-9.999983906745910645e-01,9.999985098838806152e-01,9.999861717224121094e-01,9.997804164886474609e-01,-9.999991059303283691e-01,-9.999935030937194824e-01,-9.999908208847045898e-01,9.999942779541015625e-01,-9.999985694885253906e-01,9.999882578849792480e-01,9.999976158142089844e-01,-9.999977350234985352e-01,9.999980926513671875e-01,9.999882578849792480e-01,-9.999992847442626953e-01,9.999989867210388184e-01,-9.999976754188537598e-01,9.999971985816955566e-01,-9.999989867210388184e-01,-9.999527335166931152e-01,-9.999625086784362793e-01,-9.999988675117492676e-01,-9.999962449073791504e-01,9.999839067459106445e-01,9.999987483024597168e-01,9.999949336051940918e-01,-9.999988079071044922e-01,9.999987483024597168e-01,-9.999978542327880859e-01,9.999984502792358398e-01,9.998966455459594727e-01,-9.999992847442626953e-01,9.999971985816955566e-01,-9.999991655349731445e-01,9.999981522560119629e-01,9.999960660934448242e-01,9.999969005584716797e-01,9.999986886978149414e-01,-9.999971985816955566e-01,-9.999978542327880859e-01,9.999973773956298828e-01,9.999924898147583008e-01,9.999952912330627441e-01,-9.999706745147705078e-01,9.999921321868896484e-01
-9.999942779541015625e-01,9.999951720237731934e-01,9.999811053276062012e-01,-9.999905824661254883e-01,-9.999959468841552734e-01,9.999957680702209473e-01,-9.999821186065673828e-01,-9.999966025352478027e-01,9.999768137931823730e-01,-9.999948740005493164e-01,9.999958872795104980e-01,9.999962449073791504e-01,-9.999929070472717285e-01,-9.999946355819702148e-01,-9.999842047691345215e-01,-9.999779462814331055e-01,-9.999913573265075684e-01,9.999921917915344238e-01,-9.999730587005615234e-01,9.999967217445373535e-01,9.999963045120239258e-01,-9.999814629554748535e-01,-9.999953508377075195e-01,-9.999905824661254883e-01,-9.999629259109497070e-01,-9.999961256980895996e-01,9.999937415122985840e-01,9.999959468841552734e-01,-9.999714493751525879e-01,9.999890327453613281e-01,9.999676346778869629e-01,9.999935626983642578e-01,-9.999427795410156250e-01,-9.999820590019226074e-01,9.999931454658508301e-01,-9.998740553855895996e-01,-9.999964237213134766e-01,-9.999949336051940918e-01,-9.999452233314514160e-01,9.999960660934448242e-01,-9.999952912330627441e-01,-9.999644160270690918e-01,-9.999431967735290527e-01,-9.999962449073791504e-01,-9.999939203262329102e-01,-9.999929070472717285e-01,9.999774098396301270e-01,-9.999954700469970703e-01,-9.999954104423522949e-01,9.999949336051940918e-01,9.999958872795104980e-01,9.999951720237731934e-01,9.999958276748657227e-01,9.999770522117614746e-01,9.999952316284179688e-01,9.999933838844299316e-01,9.995456337928771973e-01,-9.999776482582092285e-01,-9.999800324440002441e-01,-9.999939799308776855e-01,9.999945163726806641e-01,-9.999962449073791504e-01,-9.999945163726806641e-01,-9.999848008155822754e-01,9.999786019325256348e-01,9.999960660934448242e-01,9.999966621398925781e-01,9.999849200248718262e-01,9.999964237213134766e-01,-9.999941587448120117e-01,9.999959468841552734e-01,-9.999861717224121094e-01,9.999749064445495605e-01,9.999786019325256348e-01,9.999510049819946289e-01,9.999947547912597656e-01,-9.999681711196899414e-01,-9.999957084655761719e-01,9.999786615371704102e-01,9.999837875366210938e-01,-9.999699592590332031e-01,-9.999917745590209961e-01,9.999960064888000488e-01,-9.999938607215881348e-01,9.999942183494567871e-01,9.999459981918334961e-01,9.991457462310791016e-01,-9.999963641166687012e-01,-9.999744296073913574e-01,-9.999639987945556641e-01,9.999778270721435547e-01,-9.999943971633911133e-01,9.999539256095886230e-01,9.999909400939941406e-01,-9.999911785125732422e-01,9.999926090240478516e-01,9.999538064002990723e-01,-9.999964833259582520e-01,9.999959468841552734e-01,-9.999909996986389160e-01,9.999891519546508789e-01,-9.999961256980895996e-01,-9.998161792755126953e-01,-9.998541474342346191e-01,-9.999955296516418457e-01,-9.999854564666748047e-01,9.999372363090515137e-01,9.999948740005493164e-01,9.999802112579345703e-01,-9.999950528144836426e-01,9.999951720237731934e-01,-9.999915361404418945e-01,9.999940991401672363e-01,9.995978474617004395e-01,-9.999966025352478027e-01,9.999892115592956543e-01,-9.999965429306030273e-01,9.999927878379821777e-01,9.999844431877136230e-01,9.999880194664001465e-01,9.999946355819702148e-01,-9.999891519546508789e-01,-9.999918341636657715e-01,9.999895691871643066e-01,9.999705553054809570e-01,9.999818205833435059e-01,-9.998855590820312500e-01,9.999689459800720215e-01
9.999970793724060059e-01,-9.999975562095642090e-01,-9.999905824661254883e-01,9.999953508377075195e-01,9.999980330467224121e-01,-9.999979138374328613e-01,9.999910593032836914e-01,9.999983310699462891e-01,-9.999883770942687988e-01,9.999973773956298828e-01,-9.999979734420776367e-01,-9.999980926513671875e-01,9.999964833259582520e-01,9.999972581863403320e-01,9.999919533729553223e-01,9.999889731407165527e-01,9.999956488609313965e-01,-9.999960660934448242e-01,9.999864697456359863e-01,-9.999983906745910645e-01,-9.999981522560119629e-01,9.999908208847045898e-01,9.999976158142089844e-01,9.999952912330627441e-01,9.999815225601196289e-01,9.999980926513671875e-01,-9.999968409538269043e-01,-9.999979734420776367e-01,9.999858140945434570e-01,-9.999945163726806641e-01,-9.999838471412658691e-01,-9.999966621398925781e-01,9.999715089797973633e-01,9.999909996986389160e-01,-9.999964833259582520e-01,9.999369382858276367e-01,9.999983310699462891e-01,9.999974370002746582e-01,9.999725818634033203e-01,-9.999980330467224121e-01,9.999977350234985352e-01,9.999822378158569336e-01,9.999716877937316895e-01,9.999981522560119629e-01,9.999968409538269043e-01,9.999963641166687012e-01,-9.999887943267822266e-01,9.999977350234985352e-01,9.999976158142089844e-01,-9.999974370002746582e-01,-9.999979138374328613e-01,-9.999975562095642090e-01,-9.999979138374328613e-01,-9.999886155128479004e-01,-9.999976158142089844e-01,-9.999967217445373535e-01,-9.997724890708923340e-01,9.999888539314270020e-01,9.999899268150329590e-01,9.999969601631164551e-01,-9.999971985816955566e-01,9.999980926513671875e-01,9.999971985816955566e-01,9.999924302101135254e-01,-9.999892711639404297e-01,-9.999979138374328613e-01,-9.999983906745910645e-01,-9.999925494194030762e-01,-9.999982714653015137e-01,9.999970197677612305e-01,-9.999979138374328613e-01,9.999932050704956055e-01,-9.999875426292419434e-01,-9.999892711639404297e-01,-9.999755620956420898e-01,-9.999973177909851074e-01,9.999840855598449707e-01,9.999978542327880859e-01,-9.999893903732299805e-01,-9.999919533729553223e-01,9.999850988388061523e-01,9.999958872795104980e-01,-9.999979734420776367e-01,9.999969005584716797e-01,-9.999971389770507812e-01,-9.999730587005615234e-01,-9.995720982551574707e-01,9.999982714653015137e-01,9.999872446060180664e-01,9.999819993972778320e-01,-9.999887943267822266e-01,9.999971985816955566e-01,-9.999769926071166992e-01,-9.999954700469970703e-01,9.999955892562866211e-01,-9.999963045120239258e-01,-9.999769926071166992e-01,9.999982714653015137e-01,-9.999979734420776367e-01,9.999955296516418457e-01,-9.999946355819702148e-01,9.999980926513671875e-01,9.999079704284667969e-01,9.999270439147949219e-01,9.999977946281433105e-01,9.999927878379821777e-01,-9.999687075614929199e-01,-9.999973773956298828e-01,-9.999901056289672852e-01,9.999975562095642090e-01,-9.999975562095642090e-01,9.999958276748657227e-01,-9.999970197677612305e-01,-9.997987747192382812e-01,9.999983906745910645e-01,-9.999945759773254395e-01,9.999982714653015137e-01,-9.999963641166687012e-01,-9.999921917915344238e-01,-9.999940991401672363e-01,-9.999972581863403320e-01,9.999945163726806641e-01,9.999958872795104980e-01,-9.999948143959045410e-01,-9.999853372573852539e-01,-9.999908804893493652e-01,9.999427795410156250e-01,-9.999845623970031738e-01
9.999987483024597168e-01,-9.999989271163940430e-01,-9.999959468841552734e-01,9.999980330467224121e-01,9.999991655349731445e-01,-9.999991059303283691e-01,9.999963045120239258e-01,9.999992847442626953e-01,-9.999951720237731934e-01,9.999988675117492676e-01,-9.999992251396179199e-01,-9.999991655349731445e-01,9.999985098838806152e-01,9.999988675117492676e-01,9.999966025352478027e-01,9.999954700469970703e-01,9.999980926513671875e-01,-9.999982714653015137e-01,9.999943971633911133e-01,-9.999994039535522461e-01,-9.999992847442626953e-01,9.999960660934448242e-01,9.999991059303283691e-01,9.999979734420776367e-01,9.999923706054687500e-01,9.999991059303283691e-01,-9.999985694885253906e-01,-9.999991059303283691e-01,9.999941587448120117e-01,-9.999976754188537598e-01,-9.999933242797851562e-01,-9.999986290931701660e-01,9.999882578849792480e-01,9.999961853027343750e-01,-9.999984502792358398e-01,9.999743103981018066e-01,9.999992251396179199e-01,9.999988675117492676e-01,9.999887347221374512e-01,-9.999991655349731445e-01,9.999989867210388184e-01,9.999926686286926270e-01,9.999883174896240234e-01,9.999992251396179199e-01,9.999986886978149414e-01,9.999984502792358398e-01,-9.999954104423522949e-01,9.999990463256835938e-01,9.999989867210388184e-01,-9.999988675117492676e-01,-9.999991059303283691e-01,-9.999990463256835938e-01,-9.999991059303283691e-01,-9.999952912330627441e-01,-9.999989867210388184e-01,-9.999985694885253906e-01,-9.999069571495056152e-01,9.999954104423522949e-01,9.999958276748657227e-01,9.999987483024597168e-01,-9.999987483024597168e-01,9.999991655349731445e-01,9.999988079071044922e-01,9.999967813491821289e-01,-9.999955892562866211e-01,-9.999991655349731445e-01,-9.999992847442626953e-01,-9.999967813491821289e-01,-9.999992251396179199e-01,9.999986886978149414e-01,-9.999991059303283691e-01,9.999971389770507812e-01,-9.999948143959045410e-01,-9.999955892562866211e-01,-9.999899268150329590e-01,-9.999988675117492676e-01,9.999935030937194824e-01,9.999990463256835938e-01,-9.999955296516418457e-01,-9.999966621398925781e-01,9.999938011169433594e-01,9.999982118606567383e-01,-9.999992251396179199e-01,9.999986290931701660e-01,-9.999986886978149414e-01,-9.999889135360717773e-01,-9.998254776000976562e-01,9.999992251396179199e-01,9.999946951866149902e-01,9.999925494194030762e-01,-9.999954104423522949e-01,9.999986886978149414e-01,-9.999905824661254883e-01,-9.999980330467224121e-01,9.999981522560119629e-01,-9.999983906745910645e-01,-9.999905228614807129e-01,9.999992847442626953e-01,-9.999991059303283691e-01,9.999980330467224121e-01,-9.999976158142089844e-01,9.999991655349731445e-01,9.999623894691467285e-01,9.999702572822570801e-01,9.999991059303283691e-01,9.999969005584716797e-01,-9.999871253967285156e-01,-9.999989271163940430e-01,-9.999958872795104980e-01,9.999989867210388184e-01,-9.999990463256835938e-01,9.999982714653015137e-01,-9.999986290931701660e-01,-9.999178051948547363e-01,9.999992847442626953e-01,-9.999976754188537598e-01,9.999993443489074707e-01,-9.999984502792358398e-01,-9.999966621398925781e-01,-9.999974966049194336e-01,-9.999988079071044922e-01,9.999976754188537598e-01,9.999983310699462891e-01,-9.999977946281433105e-01,-9.999939203262329102e-01,-9.999961256980895996e-01,9.999766349792480469e-01,-9.999936819076538086e-01
-9.999988079071044922e-01,9.999989271163940430e-01,9.999957680702209473e-01,-9.999979138374328613e-01,-9.999991059303283691e-01,9.999991059303283691e-01,-9.999961256980895996e-01,-9.999992847442626953e-01,9.999949336051940918e-01,-9.999989271163940430e-01,9.999992251396179199e-01,9.999992251396179199e-01,-9.999985098838806152e-01,-9.999988675117492676e-01,-9.999964237213134766e-01,-9.999951124191284180e-01,-9.999980926513671875e-01,9.999983310699462891e-01,-9.999940395355224609e-01,9.999994039535522461e-01,9.999993443489074707e-01,-9.999959468841552734e-01,-9.999989867210388184e-01,-9.999979138374328613e-01,-9.999918341636657715e-01,-9.999992251396179199e-01,9.999985098838806152e-01,9.999991655349731445e-01,-9.999938011169433594e-01,9.999975562095642090e-01,9.999929666519165039e-01,9.999986290931701660e-01,-9.999874830245971680e-01,-9.999960064888000488e-01,9.999985098838806152e-01,-9.999723434448242188e-01,-9.999993443489074707e-01,-9.999988675117492676e-01,-9.999880194664001465e-01,9.999992847442626953e-01,-9.999989867210388184e-01,-9.999921917915344238e-01,-9.999874830245971680e-01,-9.999992251396179199e-01,-9.999986290931701660e-01,-9.999984502792358398e-01,9.999950528144836426e-01,-9.999990463256835938e-01,-9.999989867210388184e-01,9.999989271163940430e-01,9.999991655349731445e-01,9.999989867210388184e-01,9.999991059303283691e-01,9.999949932098388672e-01,9.999989271163940430e-01,9.999985694885253906e-01,9.998995065689086914e-01,-9.999951124191284180e-01,-9.999955892562866211e-01,-9.999986290931701660e-01,9.999988675117492676e-01,-9.999992251396179199e-01,-9.999987483024597168e-01,-9.999966025352478027e-01,9.999952912330627441e-01,9.999991655349731445e-01,9.999993443489074707e-01,9.999966025352478027e-01,9.999991655349731445e-01,-9.999986886978149414e-01,9.999991655349731445e-01,-9.999970197677612305e-01,9.999944567680358887e-01,9.999952912330627441e-01,9.999892115592956543e-01,9.999988675117492676e-01,-9.999930858612060547e-01,-9.999991059303283691e-01,9.999952912330627441e-01,9.999964833259582520e-01,-9.999933838844299316e-01,-9.999980926513671875e-01,9.999992847442626953e-01,-9.999986886978149414e-01,9.999987483024597168e-01,9.999880790710449219e-01,9.998111724853515625e-01,-9.999993443489074707e-01,-9.999943971633911133e-01,-9.999920725822448730e-01,9.999951720237731934e-01,-9.999987483024597168e-01,9.999899268150329590e-01,9.999979734420776367e-01,-9.999981522560119629e-01,9.999983906745910645e-01,9.999898672103881836e-01,-9.999994039535522461e-01,9.999992251396179199e-01,-9.999979734420776367e-01,9.999976158142089844e-01,-9.999991059303283691e-01,-9.999593496322631836e-01,-9.999677538871765137e-01,-9.999991655349731445e-01,-9.999967813491821289e-01,9.999860525131225586e-01,9.999989271163940430e-01,9.999956488609313965e-01,-9.999990463256835938e-01,9.999989271163940430e-01,-9.999982118606567383e-01,9.999987483024597168e-01,9.999111294746398926e-01,-9.999994039535522461e-01,9.999976754188537598e-01,-9.999993443489074707e-01,9.999985098838806152e-01,9.999964833259582520e-01,9.999973773956298828e-01,9.999988079071044922e-01,-9.999974966049194336e-01,-9.999981522560119629e-01,9.999976754188537598e-01,9.999935030937194824e-01,9.999960064888000488e-01,-9.999747872352600098e-01,9.999932646751403809e-01
9.999946355819702148e-01,-9.999954700469970703e-01,-9.999821186065673828e-01,9.999910593032836914e-01,9.999963045120239258e-01,-9.999961256980895996e-01,9.999831318855285645e-01,9.999968409538269043e-01,-9.999780058860778809e-01,9.999952316284179688e-01,-9.999961853027343750e-01,-9.999964237213134766e-01,9.999932646751403809e-01,9.999949932098388672e-01,9.999850392341613770e-01,9.999791979789733887e-01,9.999918937683105469e-01,-9.999927282333374023e-01,9.999744892120361328e-01,-9.999970197677612305e-01,-9.999966025352478027e-01,9.999824762344360352e-01,9.999956488609313965e-01,9.999911785125732422e-01,9.999650716781616211e-01,9.999963045120239258e-01,-9.999941587448120117e-01,-9.999963045120239258e-01,9.999729394912719727e-01,-9.999896883964538574e-01,-9.999694824218750000e-01,-9.999938607215881348e-01,9.999459385871887207e-01,9.999830126762390137e-01,-9.999936223030090332e-01,9.998807311058044434e-01,9.999967217445373535e-01,9.999952316284179688e-01,9.999482035636901855e-01,-9.999963045120239258e-01,9.999956488609313965e-01,9.999663829803466797e-01,9.999461770057678223e-01,9.999965429306030273e-01,9.999942779541015625e-01,9.999933838844299316e-01,-9.999786019325256348e-01,9.999957680702209473e-01,9.999957084655761719e-01,-9.999951720237731934e-01,-9.999961256980895996e-01,-9.999955296516418457e-01,-9.999960660934448242e-01,-9.999783635139465332e-01,-9.999955296516418457e-01,-9.999938607215881348e-01,-9.995697140693664551e-01,9.999788999557495117e-01,9.999811649322509766e-01,9.999943971633911133e-01,-9.999948143959045410e-01,9.999964237213134766e-01,9.999948143959045410e-01,9.999857544898986816e-01,-9.999797940254211426e-01,-9.999963045120239258e-01,-9.999969005584716797e-01,-9.999857544898986816e-01,-9.999966621398925781e-01,9.999944567680358887e-01,-9.999960660934448242e-01,9.999870061874389648e-01,-9.999763369560241699e-01,-9.999797344207763672e-01,-9.999536871910095215e-01,-9.999950528144836426e-01,9.999698400497436523e-01,9.999960064888000488e-01,-9.999799132347106934e-01,-9.999847412109375000e-01,9.999715685844421387e-01,9.999923706054687500e-01,-9.999961853027343750e-01,9.999942779541015625e-01,-9.999946355819702148e-01,-9.999489188194274902e-01,-9.991911053657531738e-01,9.999965429306030273e-01,9.999756813049316406e-01,9.999659657478332520e-01,-9.999790191650390625e-01,9.999948143959045410e-01,-9.999564290046691895e-01,-9.999914169311523438e-01,9.999916553497314453e-01,-9.999930858612060547e-01,-9.999562501907348633e-01,9.999968409538269043e-01,-9.999961853027343750e-01,9.999916553497314453e-01,-9.999898076057434082e-01,9.999964237213134766e-01,9.998258948326110840e-01,9.998619556427001953e-01,9.999958276748657227e-01,9.999863505363464355e-01,-9.999406337738037109e-01,-9.999951124191284180e-01,-9.999813437461853027e-01,9.999953508377075195e-01,-9.999954700469970703e-01,9.999921321868896484e-01,-9.999943971633911133e-01,-9.996193051338195801e-01,9.999969005584716797e-01,-9.999897480010986328e-01,9.999967217445373535e-01,-9.999932050704956055e-01,-9.999852776527404785e-01,-9.999886751174926758e-01,-9.999948740005493164e-01,9.999898076057434082e-01,9.999922513961791992e-01,-9.999901652336120605e-01,-9.999722242355346680e-01,-9.999828338623046875e-01,9.998917579650878906e-01,-9.999706745147705078e-01
9.999990463256835938e-01,-9.999992251396179199e-01,-9.999966025352478027e-01,9.999983310699462891e-01,9.999992847442626953e-01,-9.999992847442626953e-01,9.999968409538269043e-01,9.999994635581970215e-01,-9.999960064888000488e-01,9.999991655349731445e-01,-9.999993443489074707e-01,-9.999994039535522461e-01,9.999987483024597168e-01,9.999991059303283691e-01,9.999971389770507812e-01,9.999960064888000488e-01,9.999983906745910645e-01,-9.999986290931701660e-01,9.999952912330627441e-01,-9.999994039535522461e-01,-9.999994635581970215e-01,9.999967813491821289e-01,9.999993443489074707e-01,9.999983310699462891e-01,9.999935030937194824e-01,9.999992847442626953e-01,-9.999988675117492676e-01,-9.999993443489074707e-01,9.999951124191284180e-01,-9.999980926513671875e-01,-9.999944567680358887e-01,-9.999989271163940430e-01,9.999901056289672852e-01,9.999967813491821289e-01,-9.999987483024597168e-01,9.999782443046569824e-01,9.999994039535522461e-01,9.999991655349731445e-01,9.999905228614807129e-01,-9.999993443489074707e-01,9.999992251396179199e-01,9.999938607215881348e-01,9.999902248382568359e-01,9.999994039535522461e-01,9.999988675117492676e-01,9.999986886978149414e-01,-9.999960064888000488e-01,9.999992847442626953e-01,9.999991655349731445e-01,-9.999991655349731445e-01,-9.999992251396179199e-01,-9.999992251396179199e-01,-9.999992847442626953e-01,-9.999959468841552734e-01,-9.999992251396179199e-01,-9.999988079071044922e-01,-9.999213218688964844e-01,9.999959468841552734e-01,9.999964833259582520e-01,9.999989867210388184e-01,-9.999991059303283691e-01,9.999992847442626953e-01,9.999991059303283691e-01,9.999973773956298828e-01,-9.999962449073791504e-01,-9.999992847442626953e-01,-9.999994635581970215e-01,-9.999973773956298828e-01,-9.999993443489074707e-01,9.999989867210388184e-01,-9.999992847442626953e-01,9.999975562095642090e-01,-9.999956488609313965e-01,-9.999961256980895996e-01,-9.999914765357971191e-01,-9.999991059303283691e-01,9.999945163726806641e-01,9.999992847442626953e-01,-9.999962449073791504e-01,-9.999971389770507812e-01,9.999948143959045410e-01,9.999985098838806152e-01,-9.999993443489074707e-01,9.999989271163940430e-01,-9.999989271163940430e-01,-9.999907016754150391e-01,-9.998523592948913574e-01,9.999994039535522461e-01,9.999955892562866211e-01,9.999938011169433594e-01,-9.999961256980895996e-01,9.999989867210388184e-01,-9.999920725822448730e-01,-9.999983906745910645e-01,9.999984502792358398e-01,-9.999986290931701660e-01,-9.999920129776000977e-01,9.999994635581970215e-01,-9.999993443489074707e-01,9.999984502792358398e-01,-9.999979734420776367e-01,9.999992847442626953e-01,9.999682903289794922e-01,9.999748468399047852e-01,9.999992847442626953e-01,9.999973773956298828e-01,-9.999890923500061035e-01,-9.999991655349731445e-01,-9.999965429306030273e-01,9.999992847442626953e-01,-9.999991059303283691e-01,9.999985098838806152e-01,-9.999989867210388184e-01,-9.999304413795471191e-01,9.999994635581970215e-01,-9.999979734420776367e-01,9.999994039535522461e-01,-9.999987483024597168e-01,-9.999972581863403320e-01,-9.999979734420776367e-01,-9.999991059303283691e-01,9.999980926513671875e-01,9.999985694885253906e-01,-9.999981522560119629e-01,-9.999949336051940918e-01,-9.999967813491821289e-01,9.999802112579345703e-01,-9.999946355819702148e-01
-9.999928474426269531e-01,9.999940395355224609e-01,9.999768137931823730e-01,-9.999883770942687988e-01,-9.999951720237731934e-01,9.999949336051940918e-01,-9.999780058860778809e-01,-9.999960064888000488e-01,9.999714493751525879e-01,-9.999936819076538086e-01,9.999949336051940918e-01,9.999954700469970703e-01,-9.999912381172180176e-01,-9.999935030937194824e-01,-9.999804496765136719e-01,-9.999729394912719727e-01,-9.999893903732299805e-01,9.999904036521911621e-01,-9.999667406082153320e-01,9.999961256980895996e-01,9.999955296516418457e-01,-9.999772310256958008e-01,-9.999942183494567871e-01,-9.999884963035583496e-01,-9.999544024467468262e-01,-9.999953508377075195e-01,9.999922513961791992e-01,9.999951124191284180e-01,-9.999647736549377441e-01,9.999865889549255371e-01,9.999603033065795898e-01,9.999920129776000977e-01,-9.999296069145202637e-01,-9.999779462814331055e-01,9.999916553497314453e-01,-9.998451471328735352e-01,-9.999957084655761719e-01,-9.999938607215881348e-01,-9.999325275421142578e-01,9.999953508377075195e-01,-9.999942779541015625e-01,-9.999563097953796387e-01,-9.999300837516784668e-01,-9.999955892562866211e-01,-9.999925494194030762e-01,-9.999913573265075684e-01,9.999722242355346680e-01,-9.999945163726806641e-01,-9.999943375587463379e-01,9.999937415122985840e-01,9.999949932098388672e-01,9.999941587448120117e-01,9.999948740005493164e-01,9.999717473983764648e-01,9.999942183494567871e-01,9.999919533729553223e-01,9.994409680366516113e-01,-9.999725818634033203e-01,-9.999753832817077637e-01,-9.999926090240478516e-01,9.999932646751403809e-01,-9.999954104423522949e-01,-9.999931454658508301e-01,-9.999814629554748535e-01,9.999736547470092773e-01,9.999951720237731934e-01,9.999960064888000488e-01,9.999814629554748535e-01,9.999957084655761719e-01,-9.999927878379821777e-01,9.999949932098388672e-01,-9.999830722808837891e-01,9.999691247940063477e-01,9.999736547470092773e-01,9.999397993087768555e-01,9.999935626983642578e-01,-9.999607801437377930e-01,-9.999947547912597656e-01,9.999738931655883789e-01,9.999800324440002441e-01,-9.999629855155944824e-01,-9.999899268150329590e-01,9.999950528144836426e-01,-9.999924302101135254e-01,9.999930262565612793e-01,9.999336600303649902e-01,9.989491701126098633e-01,-9.999955892562866211e-01,-9.999684095382690430e-01,-9.999557137489318848e-01,9.999726414680480957e-01,-9.999931454658508301e-01,9.999433159828186035e-01,9.999887943267822266e-01,-9.999892115592956543e-01,9.999909400939941406e-01,9.999431371688842773e-01,-9.999958276748657227e-01,9.999949932098388672e-01,-9.999890327453613281e-01,9.999866485595703125e-01,-9.999953508377075195e-01,-9.997738599777221680e-01,-9.998206496238708496e-01,-9.999945163726806641e-01,-9.999821782112121582e-01,9.999228119850158691e-01,9.999936819076538086e-01,9.999757409095764160e-01,-9.999939203262329102e-01,9.999940991401672363e-01,-9.999896287918090820e-01,9.999927282333374023e-01,9.995052814483642578e-01,-9.999958872795104980e-01,9.999867081642150879e-01,-9.999957680702209473e-01,9.999911785125732422e-01,9.999809265136718750e-01,9.999852776527404785e-01,9.999932646751403809e-01,-9.999867677688598633e-01,-9.999899268150329590e-01,9.999871850013732910e-01,9.999638795852661133e-01,9.999775886535644531e-01,-9.998593330383300781e-01,9.999617338180541992e-01
9.999983906745910645e-01,-9.999987483024597168e-01,-9.999948740005493164e-01,9.999973773956298828e-01,9.999988675117492676e-01,-9.999989271163940430e-01,9.999952316284179688e-01,9.999991655349731445e-01,-9.999936819076538086e-01,9.999985694885253906e-01,-9.999989271163940430e-01,-9.999989867210388184e-01,9.999980330467224121e-01,9.999985098838806152e-01,9.999957084655761719e-01,9.999940395355224609e-01,9.999976158142089844e-01,-9.999979138374328613e-01,9.999926686286926270e-01,-9.999991655349731445e-01,-9.999990463256835938e-01,9.999950528144836426e-01,9.999988079071044922e-01,9.999974370002746582e-01,9.999899268150329590e-01,9.999989271163940430e-01,-9.999982714653015137e-01,-9.999989867210388184e-01,9.999922513961791992e-01,-9.999970793724060059e-01,-9.999912977218627930e-01,-9.999982714653015137e-01,9.999845623970031738e-01,9.999951124191284180e-01,-9.999981522560119629e-01,9.999657273292541504e-01,9.999991059303283691e-01,9.999986290931701660e-01,9.999850988388061523e-01,-9.999989867210388184e-01,9.999988079071044922e-01,9.999904036521911621e-01,9.999845623970031738e-01,9.999990463256835938e-01,9.999983310699462891e-01,9.999980926513671875e-01,-9.999938607215881348e-01,9.999988079071044922e-01,9.999987483024597168e-01,-9.999985694885253906e-01,-9.999988079071044922e-01,-9.999986886978149414e-01,-9.999989271163940430e-01,-9.999938607215881348e-01,-9.999986886978149414e-01,-9.999982118606567383e-01,-9.998762607574462891e-01,9.999939203262329102e-01,9.999945759773254395e-01,9.999984502792358398e-01,-9.999985098838806152e-01,9.999989867210388184e-01,9.999985098838806152e-01,9.999958872795104980e-01,-9.999941587448120117e-01,-9.999989271163940430e-01,-9.999991655349731445e-01,-9.999959468841552734e-01,-9.999991059303283691e-01,9.999983906745910645e-01,-9.999988675117492676e-01,9.999963045120239258e-01,-9.999932646751403809e-01,-9.999942779541015625e-01,-9.999868273735046387e-01,-9.999985694885253906e-01,9.999914169311523438e-01,9.999988079071044922e-01,-9.999941587448120117e-01,-9.999956488609313965e-01,9.999918937683105469e-01,9.999976754188537598e-01,-9.999989867210388184e-01,9.999983310699462891e-01,-9.999984502792358398e-01,-9.999854564666748047e-01,-9.997674822807312012e-01,9.999990463256835938e-01,9.999930858612060547e-01,9.999902844429016113e-01,-9.999939799308776855e-01,9.999984502792358398e-01,-9.999874830245971680e-01,-9.999974966049194336e-01,9.999976158142089844e-01,-9.999979734420776367e-01,-9.999874234199523926e-01,9.999992251396179199e-01,-9.999989271163940430e-01,9.999975562095642090e-01,-9.999970197677612305e-01,9.999989867210388184e-01,9.999499320983886719e-01,9.999603033065795898e-01,9.999988675117492676e-01,9.999960064888000488e-01,-9.999828934669494629e-01,-9.999985694885253906e-01,-9.999946355819702148e-01,9.999986886978149414e-01,-9.999987483024597168e-01,9.999977350234985352e-01,-9.999984502792358398e-01,-9.998904466629028320e-01,9.999991059303283691e-01,-9.999970197677612305e-01,9.999992251396179199e-01,-9.999981522560119629e-01,-9.999958276748657227e-01,-9.999967813491821289e-01,-9.999985098838806152e-01,9.999970197677612305e-01,9.999977946281433105e-01,-9.999971985816955566e-01,-9.999920129776000977e-01,-9.999951124191284180e-01,9.999689459800720215e-01,-9.999915957450866699e-01
-9.999987483024597168e-01,9.999990463256835938e-01,9.999958872795104980e-01,-9.999979734420776367e-01,-9.999992251396179199e-01,9.999992251396179199e-01,-9.999961853027343750e-01,-9.999993443489074707e-01,9.999949336051940918e-01,-9.999989271163940430e-01,9.999992251396179199e-01,9.999993443489074707e-01,-9.999985098838806152e-01,-9.999989271163940430e-01,-9.999966025352478027e-01,-9.999952912330627441e-01,-9.999980926513671875e-01,9.999983906745910645e-01,-9.999942183494567871e-01,9.999994039535522461e-01,9.999994039535522461e-01,-9.999960064888000488e-01,-9.999990463256835938e-01,-9.999979138374328613e-01,-9.999920129776000977e-01,-9.999992251396179199e-01,9.999986290931701660e-01,9.999991655349731445e-01,-9.999938607215881348e-01,9.999976754188537598e-01,9.999929666519165039e-01,9.999987483024597168e-01,-9.999876618385314941e-01,-9.999960660934448242e-01,9.999985098838806152e-01,-9.999727010726928711e-01,-9.999993443489074707e-01,-9.999988675117492676e-01,-9.999880790710449219e-01,9.999992847442626953e-01,-9.999991059303283691e-01,-9.999922513961791992e-01,-9.999877214431762695e-01,-9.999992251396179199e-01,-9.999987483024597168e-01,-9.999984502792358398e-01,9.999952316284179688e-01,-9.999990463256835938e-01,-9.999990463256835938e-01,9.999989271163940430e-01,9.999991655349731445e-01,9.999989867210388184e-01,9.999992251396179199e-01,9.999951720237731934e-01,9.999990463256835938e-01,9.999986290931701660e-01,9.999009370803833008e-01,-9.999951720237731934e-01,-9.999956488609313965e-01,-9.999987483024597168e-01,9.999988675117492676e-01,-9.999992251396179199e-01,-9.999988675117492676e-01,-9.999966621398925781e-01,9.999954104423522949e-01,9.999991655349731445e-01,9.999994039535522461e-01,9.999967813491821289e-01,9.999993443489074707e-01,-9.999988079071044922e-01,9.999991655349731445e-01,-9.999970197677612305e-01,9.999946355819702148e-01,9.999953508377075195e-01,9.999894499778747559e-01,9.999989271163940430e-01,-9.999930858612060547e-01,-9.999992251396179199e-01,9.999954700469970703e-01,9.999965429306030273e-01,-9.999935626983642578e-01,-9.999982118606567383e-01,9.999992847442626953e-01,-9.999986290931701660e-01,9.999987483024597168e-01,9.999883770942687988e-01,9.998138546943664551e-01,-9.999993443489074707e-01,-9.999945163726806641e-01,-9.999923110008239746e-01,9.999952316284179688e-01,-9.999987483024597168e-01,9.999900460243225098e-01,9.999980926513671875e-01,-9.999980330467224121e-01,9.999983906745910645e-01,9.999900460243225098e-01,-9.999994039535522461e-01,9.999992847442626953e-01,-9.999981522560119629e-01,9.999976754188537598e-01,-9.999992251396179199e-01,-9.999600052833557129e-01,-9.999684095382690430e-01,-9.999990463256835938e-01,-9.999967813491821289e-01,9.999863505363464355e-01,9.999989271163940430e-01,9.999957680702209473e-01,-9.999990463256835938e-01,9.999989867210388184e-01,-9.999982714653015137e-01,9.999987483024597168e-01,9.999123811721801758e-01,-9.999994039535522461e-01,9.999976158142089844e-01,-9.999994039535522461e-01,9.999985098838806152e-01,9.999966621398925781e-01,9.999974370002746582e-01,9.999988079071044922e-01,-9.999976158142089844e-01,-9.999982118606567383e-01,9.999977946281433105e-01,9.999936223030090332e-01,9.999960660934448242e-01,-9.999750256538391113e-01,9.999933242797851562e-01
-9.999988675117492676e-01,9.999991059303283691e-01,9.999962449073791504e-01,-9.999980926513671875e-01,-9.999991655349731445e-01,9.999992251396179199e-01,-9.999964237213134766e-01,-9.999994039535522461e-01,9.999954700469970703e-01,-9.999989867210388184e-01,9.999993443489074707e-01,9.999992847442626953e-01,-9.999986886978149414e-01,-9.999989271163940430e-01,-9.999968409538269043e-01,-9.999957084655761719e-01,-9.999982118606567383e-01,9.999984502792358398e-01,-9.999946951866149902e-01,9.999994039535522461e-01,9.999994039535522461e-01,-9.999963045120239258e-01,-9.999991059303283691e-01,-9.999981522560119629e-01,-9.999927282333374023e-01,-9.999992251396179199e-01,9.999987483024597168e-01,9.999992847442626953e-01,-9.999943971633911133e-01,9.999978542327880859e-01,9.999936819076538086e-01,9.999987483024597168e-01,-9.999888539314270020e-01,-9.999963045120239258e-01,9.999985694885253906e-01,-9.999753236770629883e-01,-9.999994039535522461e-01,-9.999990463256835938e-01,-9.999892711639404297e-01,9.999992847442626953e-01,-9.999991059303283691e-01,-9.999930262565612793e-01,-9.999888539314270020e-01,-9.999993443489074707e-01,-9.999987483024597168e-01,-9.999985098838806152e-01,9.999955892562866211e-01,-9.999991655349731445e-01,-9.999991655349731445e-01,9.999989867210388184e-01,9.999992251396179199e-01,9.999991059303283691e-01,9.999992251396179199e-01,9.999955892562866211e-01,9.999991059303283691e-01,9.999986886978149414e-01,9.999108314514160156e-01,-9.999956488609313965e-01,-9.999960064888000488e-01,-9.999988675117492676e-01,9.999989271163940430e-01,-9.999992847442626953e-01,-9.999988675117492676e-01,-9.999969005584716797e-01,9.999958276748657227e-01,9.999991655349731445e-01,9.999994039535522461e-01,9.999970793724060059e-01,9.999993443489074707e-01,-9.999988079071044922e-01,9.999992251396179199e-01,-9.999972581863403320e-01,9.999949932098388672e-01,9.999957680702209473e-01,9.999904036521911621e-01,9.999989271163940430e-01,-9.999937415122985840e-01,-9.999992251396179199e-01,9.999958276748657227e-01,9.999967813491821289e-01,-9.999940991401672363e-01,-9.999983906745910645e-01,9.999992251396179199e-01,-9.999987483024597168e-01,9.999988079071044922e-01,9.999894499778747559e-01,9.998323917388916016e-01,-9.999993443489074707e-01,-9.999949336051940918e-01,-9.999929666519165039e-01,9.999956488609313965e-01,-9.999988675117492676e-01,9.999909996986389160e-01,9.999982118606567383e-01,-9.999982714653015137e-01,9.999985694885253906e-01,9.999909996986389160e-01,-9.999993443489074707e-01,9.999992251396179199e-01,-9.999982118606567383e-01,9.999977946281433105e-01,-9.999992251396179199e-01,-9.999639391899108887e-01,-9.999714493751525879e-01,-9.999991655349731445e-01,-9.999970197677612305e-01,9.999876618385314941e-01,9.999989867210388184e-01,9.999960660934448242e-01,-9.999990463256835938e-01,9.999989867210388184e-01,-9.999983310699462891e-01,9.999988079071044922e-01,9.999211430549621582e-01,-9.999994635581970215e-01,9.999978542327880859e-01,-9.999993443489074707e-01,9.999985098838806152e-01,9.999969005584716797e-01,9.999976158142089844e-01,9.999988675117492676e-01,-9.999978542327880859e-01,-9.999983906745910645e-01,9.999979138374328613e-01,9.999941587448120117e-01,9.999963641166687012e-01,-9.999775290489196777e-01,9.999939203262329102e-01
