4.831790626049041748e-01,8.963445201516151428e-03,-6.343926489353179932e-02,-4.520509764552116394e-02,3.525907099246978760e-01,-3.017016351222991943e-01,1.241279244422912598e-01,4.509930312633514404e-01,1.765533834695816040e-01,1.087076961994171143e-01,-2.172040641307830811e-01,-1.475811302661895752e-01,-6.290355324745178223e-02,1.071849092841148376e-01,1.475546509027481079e-01,2.856393456459045410e-01,2.134350826963782310e-03,3.436699509620666504e-02,-3.930482640862464905e-02,-1.177700832486152649e-01,-1.596634387969970703e-01,3.046523220837116241e-02,-7.552722841501235962e-02,8.004974573850631714e-02,2.967158891260623932e-02,1.827439367771148682e-01,-2.082657814025878906e-02,-3.702946901321411133e-01,1.018626093864440918e-01,-1.882340908050537109e-01,-2.029950767755508423e-01,-1.302535682916641235e-01,2.097692340612411499e-02,8.632413297891616821e-02,-1.955484971404075623e-02,-1.533759534358978271e-01,7.324139773845672607e-02,1.376042962074279785e-01,-3.403845727443695068e-01,-4.336315393447875977e-01,3.109543621540069580e-01,1.341018378734588623e-01,-1.979825831949710846e-02,4.180617257952690125e-02,-8.055759966373443604e-02,1.239297538995742798e-01,-1.316281706094741821e-01,-1.474221646785736084e-01,1.143505647778511047e-01,-1.619205623865127563e-02,-2.160709500312805176e-01,-1.099189221858978271e-01,3.696163892745971680e-01,-9.719752520322799683e-02,-7.086334377527236938e-02,-2.449456602334976196e-01,1.654379069805145264e-01,9.492008946835994720e-03,3.347635641694068909e-02,-4.617252945899963379e-02,-1.485288441181182861e-01,-1.005236804485321045e-02,2.799314679577946663e-03,2.781690359115600586e-01,1.665017604827880859e-01,-2.499813772737979889e-02,-2.782164216041564941e-01,2.432314306497573853e-01,-1.586827039718627930e-01,2.690054476261138916e-01,-3.060306608676910400e-01,2.472540736198425293e-01,2.508949954062700272e-03,1.147202849388122559e-01,-2.579672634601593018e-01,-2.880902588367462158e-01,3.809146874118596315e-04,1.232831329107284546e-01,-1.537001729011535645e-01,-1.678205430507659912e-01,2.136679291725158691e-01,3.226592089049518108e-04,-2.127419412136077881e-01,-9.420632268302142620e-04,-4.283950924873352051e-01,1.043360400944948196e-02,2.949986159801483154e-01,3.501001745462417603e-03,-3.150203451514244080e-02,1.662794500589370728e-01,-2.428177446126937866e-01,1.434708833694458008e-01,3.109689801931381226e-02,-1.139319688081741333e-01,-1.968061327934265137e-01,-3.384883999824523926e-01,1.956976801156997681e-01,-4.504583193920552731e-05,-2.163966000080108643e-01,3.243609964847564697e-01,-2.917096614837646484e-01,3.746525645256042480e-01,-1.231066882610321045e-01,-1.603107154369354248e-01,8.470308780670166016e-02,2.754967212677001953e-01,-1.941277063451707363e-03,-8.105067536234855652e-04,-4.229371249675750732e-01,4.059660714119672775e-03,4.226301610469818115e-02,6.484998017549514771e-02,-6.389592587947845459e-02,2.527109533548355103e-02,1.818230450153350830e-01,-1.786370575428009033e-01,3.627100586891174316e-01,-5.261704325675964355e-02,-3.130235671997070312e-01,2.595256268978118896e-02,-5.662390962243080139e-02,2.413264364004135132e-01,1.760682165622711182e-01,1.822767406702041626e-01,-7.676553726196289062e-02,-4.672626405954360962e-02,1.912837661802768707e-02,1.392593681812286377e-01
8.963445201516151428e-03,1.055423822253942490e-02,-8.519037067890167236e-02,6.133607774972915649e-02,5.228793248534202576e-02,-3.134291619062423706e-02,2.195656765252351761e-03,3.071374632418155670e-02,5.013879388570785522e-02,4.781915619969367981e-02,-9.214797057211399078e-03,-4.043217003345489502e-02,7.598915696144104004e-02,5.240052193403244019e-02,8.101589232683181763e-02,9.448298066854476929e-02,-1.199346879730001092e-04,5.400019511580467224e-02,-7.308481633663177490e-02,-5.061917006969451904e-02,-3.942120820283889771e-02,6.191502138972282410e-02,5.229642987251281738e-02,-1.108179241418838501e-02,1.114334072917699814e-02,8.616857975721359253e-02,-8.556611090898513794e-02,-4.055590555071830750e-02,8.076684176921844482e-02,-1.131626591086387634e-02,-2.130911918357014656e-03,-9.931336343288421631e-02,6.327068060636520386e-02,5.139999464154243469e-02,-3.824231214821338654e-03,-9.149868041276931763e-02,4.638840630650520325e-02,8.055501431226730347e-02,-7.166968286037445068e-02,-3.866409137845039368e-02,8.203855901956558228e-02,1.379928458482027054e-02,8.177887648344039917e-02,1.788926869630813599e-02,-8.408739231526851654e-03,-7.001847028732299805e-02,-8.524547517299652100e-02,-2.220587432384490967e-02,9.124372154474258423e-03,1.792951859533786774e-02,-7.404308300465345383e-03,5.704272538423538208e-03,3.812395036220550537e-02,2.970270579680800438e-03,-1.638677157461643219e-02,-9.773707389831542969e-02,2.736591175198554993e-02,5.408631172031164169e-03,-6.977289170026779175e-02,-6.945119798183441162e-02,-8.153471280820667744e-04,8.965982124209403992e-03,1.964128809049725533e-03,2.845318987965583801e-02,2.370809763669967651e-02,-2.594207786023616791e-02,2.596318162977695465e-02,8.701584488153457642e-02,-8.335716277360916138e-02,1.415730454027652740e-02,-6.978559494018554688e-02,2.252747537568211555e-03,-2.162119932472705841e-02,8.202325552701950073e-02,-2.743073366582393646e-02,-7.904932647943496704e-02,-7.471585413441061974e-04,9.735962748527526855e-02,-3.092918917536735535e-02,-8.343407511711120605e-02,8.530705422163009644e-02,2.160648728022351861e-04,-7.483457773923873901e-02,-9.607223910279572010e-05,-7.709713280200958252e-02,-8.649041503667831421e-02,2.945298887789249420e-02,1.795573043636977673e-03,6.652867048978805542e-02,5.908833816647529602e-02,-2.664607390761375427e-02,-2.611229196190834045e-02,-6.807167828083038330e-02,1.780514791607856750e-02,-7.601781934499740601e-02,6.392048206180334091e-03,5.527998879551887512e-02,-7.570648904220433906e-06,-7.305721938610076904e-02,6.353329122066497803e-02,-1.962883025407791138e-02,4.516606777906417847e-02,-9.406413882970809937e-02,-7.531968504190444946e-02,1.018579974770545959e-01,5.735818762332201004e-03,-7.199197262525558472e-02,-8.600360155105590820e-02,-2.815457060933113098e-02,-2.971671288833022118e-03,5.397516861557960510e-02,-5.461700260639190674e-02,-8.496016263961791992e-02,-1.574223744682967663e-03,9.374529123306274414e-02,-8.324329555034637451e-02,4.938021302223205566e-02,3.184959664940834045e-02,-8.798468112945556641e-02,3.910587355494499207e-02,7.121105492115020752e-02,7.125444710254669189e-02,7.745530456304550171e-02,-5.497267842292785645e-02,-3.847283124923706055e-02,-6.395494937896728516e-02,-1.058898516930639744e-03,5.014437064528465271e-02
-6.343926489353179932e-02,-8.519037067890167236e-02,7.238863110542297363e-01,-5.843853354454040527e-01,-4.175323247909545898e-01,1.995375901460647583e-01,-4.826346039772033691e-02,-2.607887685298919678e-01,-3.946226537227630615e-01,-4.249348342418670654e-01,1.047404482960700989e-01,3.648540973663330078e-01,-5.878119468688964844e-01,-5.073260664939880371e-01,-6.933897137641906738e-01,-7.190808653831481934e-01,4.423031350597739220e-04,-4.459541141986846924e-01,6.408458948135375977e-01,4.759843945503234863e-01,3.395704627037048340e-01,-5.761285424232482910e-01,-4.965383112430572510e-01,1.088219285011291504e-01,-9.939100593328475952e-02,-6.397880315780639648e-01,6.954894661903381348e-01,2.858221530914306641e-01,-6.818108558654785156e-01,9.822287410497665405e-02,2.850929833948612213e-02,7.844436168670654297e-01,-5.476131439208984375e-01,-5.319917798042297363e-01,3.446145355701446533e-02,7.189677953720092773e-01,-3.986355364322662354e-01,-6.794778108596801758e-01,5.387882590293884277e-01,3.829586207866668701e-01,-6.433082222938537598e-01,-1.299945414066314697e-01,-6.698827147483825684e-01,-1.641951054334640503e-01,5.427375435829162598e-02,5.890593528747558594e-01,7.287679910659790039e-01,1.987241208553314209e-01,-7.141623646020889282e-02,-8.354482054710388184e-02,6.303130835294723511e-02,-1.498699840158224106e-02,-3.542383611202239990e-01,-9.460861794650554657e-03,1.247720196843147278e-01,7.778286337852478027e-01,-2.725446522235870361e-01,-4.853633418679237366e-02,5.790549516677856445e-01,6.202871203422546387e-01,2.469841577112674713e-02,-9.911517798900604248e-02,-1.820860989391803741e-02,-2.221443653106689453e-01,-1.987970173358917236e-01,2.224801331758499146e-01,-1.840664744377136230e-01,-6.831066012382507324e-01,6.879711747169494629e-01,-7.530812919139862061e-02,5.966252684593200684e-01,1.083048433065414429e-02,2.045106440782546997e-01,-7.012605667114257812e-01,2.002794742584228516e-01,6.478316783905029297e-01,5.610972177237272263e-03,-7.872253656387329102e-01,3.131259381771087646e-01,6.959232687950134277e-01,-7.257956266403198242e-01,-1.968843396753072739e-03,6.262550354003906250e-01,1.320939976722002029e-03,6.039330363273620605e-01,7.051075100898742676e-01,-2.496167421340942383e-01,-1.487201917916536331e-02,-5.358567833900451660e-01,-5.284757018089294434e-01,2.351294457912445068e-01,2.276067137718200684e-01,5.889398455619812012e-01,-1.657497882843017578e-01,6.471303701400756836e-01,-5.916179344058036804e-02,-4.773142635822296143e-01,6.928372749825939536e-05,5.973278880119323730e-01,-5.094152092933654785e-01,2.178863286972045898e-01,-3.417849242687225342e-01,7.616068720817565918e-01,6.408523321151733398e-01,-8.069599866867065430e-01,-1.571316123008728027e-01,6.123877763748168945e-01,6.869429349899291992e-01,1.969099640846252441e-01,2.532665990293025970e-02,-4.848678112030029297e-01,5.449888706207275391e-01,7.110841870307922363e-01,-9.845495969057083130e-02,-7.544758915901184082e-01,6.898738741874694824e-01,-3.767735362052917480e-01,-3.024424314498901367e-01,7.226943969726562500e-01,-3.604549765586853027e-01,-6.025771498680114746e-01,-6.175962090492248535e-01,-6.534588932991027832e-01,4.478092789649963379e-01,3.942951560020446777e-01,5.763960480690002441e-01,1.220902195200324059e-03,-4.585686922073364258e-01
-4.520509764552116394e-02,6.133607774972915649e-02,-5.843853354454040527e-01,6.364471912384033203e-01,1.919013559818267822e-01,-4.017430543899536133e-02,1.109911873936653137e-02,3.163063526153564453e-02,3.065068423748016357e-01,3.327305614948272705e-01,-1.376455277204513550e-01,-2.758210897445678711e-01,3.826328814029693604e-01,4.959283173084259033e-01,5.606871247291564941e-01,4.567799568176269531e-01,3.026392776519060135e-03,3.659211695194244385e-01,-5.900923609733581543e-01,-3.834146261215209961e-01,-3.919764757156372070e-01,4.977452456951141357e-01,4.560933411121368408e-01,-9.265613555908203125e-02,7.970016449689865112e-02,3.673732280731201172e-01,-5.055938363075256348e-01,-1.829507993534207344e-03,4.504196047782897949e-01,7.280334085226058960e-02,-2.145386114716529846e-02,-6.620543003082275391e-01,5.701677203178405762e-01,4.325371980667114258e-01,-1.225717458873987198e-02,-4.926260709762573242e-01,2.885471880435943604e-01,5.100139379501342773e-01,-2.115642279386520386e-01,-3.510133326053619385e-01,4.844987690448760986e-01,1.291048228740692139e-01,5.082378983497619629e-01,1.209015697240829468e-01,-9.191472828388214111e-02,-3.917701840400695801e-01,-6.271271705627441406e-01,-1.659616827964782715e-01,3.311945497989654541e-02,9.272596985101699829e-02,1.564304227940738201e-03,9.433643519878387451e-02,3.261577486991882324e-01,-4.667670931667089462e-03,4.135497286915779114e-02,-5.672805905342102051e-01,2.343443632125854492e-01,3.513316065073013306e-02,-4.931188523769378662e-01,-5.808483362197875977e-01,-4.532138630747795105e-02,1.610901951789855957e-01,2.000428363680839539e-02,1.053125411272048950e-01,1.785602122545242310e-01,-1.734744310379028320e-01,1.729782521724700928e-01,4.400745332241058350e-01,-5.117371678352355957e-01,-1.452851891517639160e-01,-3.846091330051422119e-01,1.089227125048637390e-01,-2.464327216148376465e-01,5.869064331054687500e-01,-1.382979601621627808e-01,-4.766194224357604980e-01,-2.217657864093780518e-03,5.835558176040649414e-01,-4.042220711708068848e-01,-5.477126240730285645e-01,6.496825218200683594e-01,1.560317934490740299e-03,-3.838604390621185303e-01,1.556319184601306915e-03,-4.133024811744689941e-01,-5.510235428810119629e-01,-1.344904676079750061e-02,7.615851238369941711e-03,3.767005205154418945e-01,3.789821565151214600e-01,-1.678482294082641602e-01,-3.447345495223999023e-01,-5.607500076293945312e-01,2.373123764991760254e-01,-5.544199347496032715e-01,1.551564931869506836e-01,3.054956495761871338e-01,-4.447566971066407859e-05,-3.560089766979217529e-01,2.983147501945495605e-01,-6.044311076402664185e-02,3.908804804086685181e-02,-6.701367497444152832e-01,-4.581804573535919189e-01,6.730684638023376465e-01,2.678909301757812500e-01,-6.785191297531127930e-01,-5.206622481346130371e-01,4.201500490307807922e-02,-2.459945529699325562e-02,5.158683061599731445e-01,-5.802701711654663086e-01,-6.190558075904846191e-01,2.123487740755081177e-01,5.606725811958312988e-01,-5.234186053276062012e-01,9.909114241600036621e-02,2.374505996704101562e-01,-5.435286164283752441e-01,3.683722317218780518e-01,4.828270077705383301e-01,5.240698456764221191e-01,5.470180511474609375e-01,-4.232512712478637695e-01,-3.216100335121154785e-01,-5.056428313255310059e-01,-1.061332598328590393e-02,3.454340100288391113e-01
3.525907099246978760e-01,5.228793248534202576e-02,-4.175323247909545898e-01,1.919013559818267822e-01,5.247229337692260742e-01,-3.494540452957153320e-01,1.032390370965003967e-01,5.130916833877563477e-01,2.723455131053924561e-01,2.655938565731048584e-01,-1.517803519964218140e-01,-2.711280286312103271e-01,3.375701904296875000e-01,2.348149865865707397e-01,4.360847175121307373e-01,6.387674808502197266e-01,-1.134155434556305408e-03,2.760030329227447510e-01,-3.123633563518524170e-01,-2.729317843914031982e-01,-1.463032811880111694e-01,2.644732594490051270e-01,1.678064465522766113e-01,1.115996297448873520e-02,6.229932606220245361e-02,5.374061465263366699e-01,-3.972587585449218750e-01,-5.009427666664123535e-01,4.954219758510589600e-01,-2.308139353990554810e-01,-1.260176748037338257e-01,-4.711295366287231445e-01,2.191557586193084717e-01,2.795049548149108887e-01,-3.728915378451347351e-02,-5.176335573196411133e-01,2.588564157485961914e-01,4.520271122455596924e-01,-6.507787108421325684e-01,-4.020268619060516357e-01,5.503358244895935059e-01,1.255835145711898804e-01,3.716035187244415283e-01,1.108164191246032715e-01,-3.301063552498817444e-02,-2.757822871208190918e-01,-4.568881392478942871e-01,-1.878737807273864746e-01,9.977271407842636108e-02,6.272345036268234253e-02,-1.752595752477645874e-01,-1.155484467744827271e-01,3.415772318840026855e-01,-3.578882664442062378e-02,-1.929059773683547974e-01,-6.130551099777221680e-01,2.176907211542129517e-01,3.198982030153274536e-02,-2.709093689918518066e-01,-3.047585785388946533e-01,-5.911549553275108337e-02,-2.963937632739543915e-02,7.017456926405429840e-03,3.001823425292968750e-01,1.846354603767395020e-01,-1.279985606670379639e-01,-4.817228019237518311e-02,5.812104344367980957e-01,-4.611772894859313965e-01,3.237874209880828857e-01,-5.459164381027221680e-01,6.971556693315505981e-02,-2.887426689267158508e-02,4.177678227424621582e-01,-2.691484093666076660e-01,-5.382271409034729004e-01,-4.009381402283906937e-03,5.364584326744079590e-01,-1.607229560613632202e-01,-4.618873000144958496e-01,4.732611179351806641e-01,1.137155690230429173e-03,-5.200524926185607910e-01,-2.761891810223460197e-03,-6.303846240043640137e-01,-3.935678303241729736e-01,4.030610024929046631e-01,1.214797236025333405e-02,2.559329569339752197e-01,3.768332600593566895e-01,-2.857067584991455078e-01,5.753226950764656067e-02,-2.248477786779403687e-01,-6.343240290880203247e-02,-4.334430396556854248e-01,-2.210916578769683838e-01,4.302979707717895508e-01,-6.382600258802995086e-05,-4.987134635448455811e-01,5.268621444702148438e-01,-3.198562264442443848e-01,5.124582052230834961e-01,-4.524168372154235840e-01,-4.527001082897186279e-01,4.844143092632293701e-01,1.545006781816482544e-01,-2.213706076145172119e-01,-4.049431681632995605e-01,-4.568035602569580078e-01,-4.823910538107156754e-03,1.530524492263793945e-01,-1.267018020153045654e-01,-4.006890058517456055e-01,-7.206461578607559204e-02,5.808045864105224609e-01,-4.713976681232452393e-01,5.221346020698547363e-01,1.243771463632583618e-01,-6.019786000251770020e-01,1.411251127719879150e-01,2.996435761451721191e-01,4.246847629547119141e-01,4.257001876831054688e-01,-1.047577336430549622e-01,-2.058949917554855347e-01,-2.660531103610992432e-01,2.043157117441296577e-03,3.165213465690612793e-01
-3.017016351222991943e-01,-3.134291619062423706e-02,1.995375901460647583e-01,-4.017430543899536133e-02,-3.494540452957153320e-01,3.236635327339172363e-01,-6.012045592069625854e-02,-3.331667184829711914e-01,-2.462351471185684204e-01,-1.637958288192749023e-01,1.257396787405014038e-01,1.630698591470718384e-01,-1.738667488098144531e-01,-1.072569563984870911e-01,-2.268038690090179443e-01,-4.035240113735198975e-01,-2.044097200268879533e-04,-1.594099551439285278e-01,1.688068658113479614e-01,1.434395611286163330e-01,1.549267619848251343e-01,-1.183889657258987427e-01,-2.538361027836799622e-02,-2.304713428020477295e-02,-4.064868390560150146e-02,-3.717815577983856201e-01,1.979637295007705688e-01,3.600377738475799561e-01,-2.237336486577987671e-01,1.434200257062911987e-01,1.183601692318916321e-01,2.799209356307983398e-01,-1.290866732597351074e-01,-9.088429808616638184e-02,1.913787797093391418e-02,3.091414272785186768e-01,-1.524898409843444824e-01,-2.598316073417663574e-01,4.019308090209960938e-01,2.597590684890747070e-01,-3.918157219886779785e-01,-8.993726223707199097e-02,-1.719560176134109497e-01,-5.517821386456489563e-02,8.211685717105865479e-02,8.595000952482223511e-02,2.320750802755355835e-01,1.220591515302658081e-01,-1.081457659602165222e-01,-7.296866178512573242e-02,1.453060656785964966e-01,1.766205392777919769e-02,-2.648791372776031494e-01,3.760315477848052979e-02,9.778100252151489258e-02,3.392976522445678711e-01,-1.339127570390701294e-01,-1.651095412671566010e-02,1.483027040958404541e-01,1.494267433881759644e-01,7.843484729528427124e-02,8.870111778378486633e-03,-3.747066715732216835e-03,-2.621023952960968018e-01,-1.554851979017257690e-01,7.641701400279998779e-02,8.271177858114242554e-02,-3.502571582794189453e-01,2.806182801723480225e-01,-2.380467057228088379e-01,3.314583003520965576e-01,-1.822580546140670776e-01,3.106934763491153717e-02,-2.264264374971389771e-01,2.458043843507766724e-01,3.401193618774414062e-01,2.334173535928130150e-03,-2.740211784839630127e-01,1.084602922201156616e-01,2.779374122619628906e-01,-2.731977403163909912e-01,-5.705414223484694958e-04,2.915852665901184082e-01,3.430567157920449972e-04,4.375483095645904541e-01,1.850869804620742798e-01,-2.518842220306396484e-01,-6.926514673978090286e-03,-1.742835640907287598e-01,-2.229821085929870605e-01,1.930076628923416138e-01,-4.234400764107704163e-02,1.229666396975517273e-01,4.722994938492774963e-02,2.792631685733795166e-01,1.836904138326644897e-01,-2.244457453489303589e-01,4.068965426995418966e-05,2.995425462722778320e-01,-3.759331107139587402e-01,1.908974647521972656e-01,-3.709952831268310547e-01,2.632717490196228027e-01,2.649498581886291504e-01,-2.761545777320861816e-01,-5.792477354407310486e-02,1.180945336818695068e-01,2.185876369476318359e-01,3.631914258003234863e-01,4.689265973865985870e-03,-9.914987534284591675e-02,2.344808308407664299e-03,2.080102413892745972e-01,7.478983700275421143e-02,-3.000325560569763184e-01,2.845129668712615967e-01,-3.547328114509582520e-01,-2.685193903744220734e-02,3.569978475570678711e-01,-7.708451896905899048e-02,-1.304305791854858398e-01,-2.752308249473571777e-01,-2.491741925477981567e-01,2.426802366971969604e-02,7.479702681303024292e-02,1.475858241319656372e-01,-5.075695458799600601e-03,-1.772062778472900391e-01
1.241279244422912598e-01,2.195656765252351761e-03,-4.826346039772033691e-02,1.109911873936653137e-02,1.032390370965003967e-01,-6.012045592069625854e-02,8.562065660953521729e-02,1.414022296667098999e-01,1.860533654689788818e-02,5.294973775744438171e-02,-8.917466551065444946e-02,-4.158226028084754944e-02,-2.818552404642105103e-02,1.570340618491172791e-02,4.463605955243110657e-02,7.551973313093185425e-02,-5.929187755100429058e-04,2.910477342084050179e-03,-5.591055005788803101e-02,-5.955082178115844727e-02,-4.042639210820198059e-02,1.753264293074607849e-02,-3.309798659756779671e-03,2.097703330218791962e-02,1.071341149508953094e-02,4.750922322273254395e-02,-1.030750572681427002e-02,-9.417590498924255371e-02,6.380697339773178101e-02,-9.400551766157150269e-02,-5.468598753213882446e-02,-3.950789943337440491e-02,3.278411552309989929e-02,5.880315974354743958e-02,-5.176096223294734955e-03,-3.640107810497283936e-02,2.608340233564376831e-02,6.009215489029884338e-02,-1.040551513433456421e-01,-1.372902840375900269e-01,9.925512224435806274e-02,4.096361249685287476e-02,2.526844909880310297e-04,1.770170591771602631e-02,-4.706171900033950806e-02,2.012298256158828735e-02,-6.202304735779762268e-02,-3.575435653328895569e-02,4.899200052022933960e-02,-1.639669202268123627e-02,-4.959547519683837891e-02,-4.447335377335548401e-02,1.113559082150459290e-01,-2.076035365462303162e-02,-2.224836684763431549e-02,-8.209725469350814819e-02,5.054648965597152710e-02,3.425014670938253403e-03,-1.526578608900308609e-02,-1.415470987558364868e-02,-6.169572845101356506e-02,3.621850861236453056e-03,6.846752366982400417e-04,1.125629842281341553e-01,4.663472995162010193e-02,-1.003139745444059372e-02,-1.002881824970245361e-01,7.440870255231857300e-02,-5.003589019179344177e-02,8.723457157611846924e-02,-1.198644936084747314e-01,5.966383963823318481e-02,5.753498058766126633e-03,3.835380822420120239e-02,-8.062230050563812256e-02,-1.116182580590248108e-01,2.314935554750263691e-04,6.334485113620758057e-02,-5.444641783833503723e-02,-5.391724780201911926e-02,8.740258961915969849e-02,9.345797298010438681e-05,-8.456280827522277832e-02,-1.157928956672549248e-03,-1.301032751798629761e-01,4.346820525825023651e-03,1.328365057706832886e-01,8.844897383823990822e-04,-8.443366736173629761e-03,6.188197061419487000e-02,-8.165011554956436157e-02,4.348350316286087036e-02,-7.345974911004304886e-03,-3.376873955130577087e-02,-7.811889797449111938e-02,-1.016647592186927795e-01,6.970768421888351440e-02,-1.903416523418854922e-05,-5.806564912199974060e-02,1.099209785461425781e-01,-1.149489358067512512e-01,1.308655291795730591e-01,-3.691758960485458374e-02,-5.858740583062171936e-02,7.172877341508865356e-02,1.192559972405433655e-01,-2.024450711905956268e-02,4.145192448049783707e-03,-1.367966383695602417e-01,5.288106040097773075e-04,-2.329338341951370239e-02,-3.331238031387329102e-02,-1.431265100836753845e-02,5.595965310931205750e-02,6.728652119636535645e-02,-7.672166824340820312e-02,8.516807854175567627e-02,8.468643762171268463e-03,-1.141354590654373169e-01,8.925162255764007568e-03,-7.121326867491006851e-03,9.233602136373519897e-02,4.784334823489189148e-02,6.732563674449920654e-02,-3.003527782857418060e-02,-2.902205102145671844e-02,7.310802582651376724e-03,8.456111699342727661e-02
4.509930312633514404e-01,3.071374632418155670e-02,-2.607887685298919678e-01,3.163063526153564453e-02,5.130916833877563477e-01,-3.331667184829711914e-01,1.414022296667098999e-01,6.466190218925476074e-01,1.715565472841262817e-01,1.829350292682647705e-01,-1.352645605802536011e-01,-2.443680912256240845e-01,1.789727210998535156e-01,1.545237153768539429e-01,3.254473209381103516e-01,5.373926758766174316e-01,-5.507957539521157742e-04,1.360904574394226074e-01,-1.323831230401992798e-01,-2.050145268440246582e-01,-3.832288319244980812e-03,1.762973815202713013e-01,4.168072342872619629e-02,2.083319611847400665e-02,4.647456109523773193e-02,4.178756177425384521e-01,-2.511183023452758789e-01,-5.502105951309204102e-01,4.270475208759307861e-01,-2.933284342288970947e-01,-1.704796701669692993e-01,-2.830690145492553711e-01,2.823395421728491783e-03,2.575781941413879395e-01,-4.576329886913299561e-02,-4.022406041622161865e-01,1.885991096496582031e-01,3.316528201103210449e-01,-6.599873304367065430e-01,-4.224351048469543457e-01,4.203227460384368896e-01,1.104587316513061523e-01,1.986938416957855225e-01,9.422937780618667603e-02,5.012390762567520142e-02,-1.679277867078781128e-01,-3.045835196971893311e-01,-1.729311645030975342e-01,9.829753637313842773e-02,-7.778105884790420532e-02,-2.333519607782363892e-01,-2.284078449010848999e-01,3.170045316219329834e-01,-8.473050594329833984e-02,-2.460119724273681641e-01,-4.998656213283538818e-01,2.177214622497558594e-01,2.685876376926898956e-02,-5.423671379685401917e-02,-1.509537994861602783e-01,-7.781334966421127319e-02,-8.472191542387008667e-02,1.369280042126774788e-03,2.629055976867675781e-01,1.474570035934448242e-01,-7.809979468584060669e-02,-2.013680487871170044e-01,4.782582819461822510e-01,-3.491380810737609863e-01,4.017655849456787109e-01,-5.135588049888610840e-01,-9.725564159452915192e-03,4.801498353481292725e-02,2.954501807689666748e-01,-2.075088024139404297e-01,-4.240921735763549805e-01,-3.000969067215919495e-03,4.028190374374389648e-01,-7.913789898157119751e-02,-3.324413001537322998e-01,3.278353512287139893e-01,8.890646859072148800e-04,-4.603787660598754883e-01,-3.997291438281536102e-03,-5.524125099182128906e-01,-2.309514135122299194e-01,4.823275506496429443e-01,1.142867654561996460e-02,9.885338693857192993e-02,3.262994587421417236e-01,-2.757503688335418701e-01,2.464640736579895020e-01,-3.097364865243434906e-02,-1.692558974027633667e-01,-2.946200668811798096e-01,-3.496024012565612793e-01,3.768140077590942383e-01,-6.470330845331773162e-05,-4.502755999565124512e-01,4.724335670471191406e-01,-4.335311353206634521e-01,5.803093314170837402e-01,-2.718487977981567383e-01,-3.603215217590332031e-01,2.743881344795227051e-01,1.876991838216781616e-01,2.070942893624305725e-02,-2.387494593858718872e-01,-5.345596671104431152e-01,6.380713544785976410e-03,1.971018873155117035e-02,1.969726569950580597e-02,-2.341395616531372070e-01,-4.072239995002746582e-02,4.498077630996704102e-01,-3.405453860759735107e-01,5.676090717315673828e-01,7.707767188549041748e-02,-5.036808252334594727e-01,3.141561895608901978e-02,1.305194050073623657e-01,3.127643167972564697e-01,2.759491503238677979e-01,1.134012863039970398e-01,-1.988001316785812378e-01,-1.273275464773178101e-01,2.380478940904140472e-02,2.517494857311248779e-01
1.765533834695816040e-01,5.013879388570785522e-02,-3.946226537227630615e-01,3.065068423748016357e-01,2.723455131053924561e-01,-2.462351471185684204e-01,1.860533654689788818e-02,1.715565472841262817e-01,4.011279642581939697e-01,2.786323726177215576e-01,-1.415538042783737183e-01,-2.438291013240814209e-01,2.773926854133605957e-01,3.330021500587463379e-01,4.326017796993255615e-01,4.928843379020690918e-01,2.946287626400589943e-03,2.296554595232009888e-01,-4.024361968040466309e-01,-2.984488904476165771e-01,-3.994079232215881348e-01,3.426023423671722412e-01,2.080971598625183105e-01,-5.224579200148582458e-02,7.198659330606460571e-02,4.437065124511718750e-01,-3.951291739940643311e-01,-2.006578892469406128e-01,3.073883056640625000e-01,-3.830280154943466187e-02,-1.112901568412780762e-01,-5.722370743751525879e-01,3.793567419052124023e-01,2.615974247455596924e-01,-1.367972604930400848e-02,-4.658077657222747803e-01,2.358519881963729858e-01,4.152003824710845947e-01,-3.040514290332794189e-01,-3.456436991691589355e-01,5.130178928375244141e-01,1.268391609191894531e-01,3.237001299858093262e-01,8.667639642953872681e-02,-1.420227885246276855e-01,-2.347249686717987061e-01,-4.269301295280456543e-01,-1.486144661903381348e-01,1.195890456438064575e-01,5.908926948904991150e-02,-1.161598488688468933e-01,1.025289297103881836e-01,3.753538727760314941e-01,-4.873101040720939636e-02,-1.376797154080122709e-04,-4.876338541507720947e-01,1.991317719221115112e-01,2.589237131178379059e-02,-3.219598531723022461e-01,-3.668247461318969727e-01,-1.126310974359512329e-01,1.234039515256881714e-01,1.328946370631456375e-02,2.477138787508010864e-01,2.087474614381790161e-01,-1.355985254049301147e-01,-4.741012584418058395e-03,4.218186140060424805e-01,-4.536856114864349365e-01,4.659773781895637512e-02,-3.748430013656616211e-01,2.420263588428497314e-01,-1.923870742321014404e-01,4.465380012989044189e-01,-2.383382022380828857e-01,-4.412334561347961426e-01,-2.336569130420684814e-03,4.550085067749023438e-01,-2.711987197399139404e-01,-4.741128683090209961e-01,5.155782699584960938e-01,1.134571968577802181e-03,-3.412156701087951660e-01,2.243962371721863747e-03,-4.770970344543457031e-01,-3.723919093608856201e-01,1.221883222460746765e-01,7.348224986344575882e-03,3.562855124473571777e-01,3.282142281532287598e-01,-1.797036081552505493e-01,-1.624720096588134766e-01,-3.743937015533447266e-01,1.319131702184677124e-01,-4.617668092250823975e-01,-2.888154797255992889e-02,2.140535563230514526e-01,-4.662587161874398589e-05,-3.685067594051361084e-01,3.725878596305847168e-01,-1.346547752618789673e-01,2.718688845634460449e-01,-5.342944860458374023e-01,-3.900525271892547607e-01,5.342761874198913574e-01,1.294044256210327148e-01,-4.473210275173187256e-01,-3.824360072612762451e-01,-2.122135162353515625e-01,-2.138307690620422363e-02,4.165085256099700928e-01,-3.048628568649291992e-01,-4.362802803516387939e-01,1.109362244606018066e-01,4.068713486194610596e-01,-4.640366137027740479e-01,2.520852684974670410e-01,1.131715103983879089e-01,-4.827913045883178711e-01,2.501894831657409668e-01,2.700518965721130371e-01,4.644935727119445801e-01,4.282457232475280762e-01,-2.048159986734390259e-01,-2.226967364549636841e-01,-3.783478736877441406e-01,1.625982113182544708e-02,2.663848698139190674e-01
1.087076961994171143e-01,4.781915619969367981e-02,-4.249348342418670654e-01,3.327305614948272705e-01,2.655938565731048584e-01,-1.637958288192749023e-01,5.294973775744438171e-02,1.829350292682647705e-01,2.786323726177215576e-01,2.674799561500549316e-01,-1.168901324272155762e-01,-2.236360162496566772e-01,3.026462495326995850e-01,3.016087114810943604e-01,4.219518005847930908e-01,4.652769267559051514e-01,4.473011940717697144e-04,2.389585375785827637e-01,-4.033805429935455322e-01,-2.943095266819000244e-01,-2.786917686462402344e-01,3.291282951831817627e-01,2.551831901073455811e-01,-5.154697597026824951e-02,6.354902684688568115e-02,4.034533798694610596e-01,-4.029711186885833740e-01,-1.849790960550308228e-01,3.855047225952148438e-01,-7.687494903802871704e-02,-6.060761958360671997e-02,-5.194244384765625000e-01,3.531706035137176514e-01,3.034695982933044434e-01,-1.740705594420433044e-02,-4.434425234794616699e-01,2.304653227329254150e-01,4.135687351226806641e-01,-3.324352502822875977e-01,-2.987411916255950928e-01,4.462696909904479980e-01,1.023614406585693359e-01,3.614029586315155029e-01,9.390011429786682129e-02,-8.820008486509323120e-02,-2.977835834026336670e-01,-4.453552067279815674e-01,-1.289950758218765259e-01,8.199655264616012573e-02,4.500545933842658997e-02,-7.096870988607406616e-02,3.006631694734096527e-02,2.900961637496948242e-01,-1.588298380374908447e-02,-4.554562270641326904e-02,-4.976761937141418457e-01,1.788349300622940063e-01,2.704284712672233582e-02,-3.318341374397277832e-01,-3.585608601570129395e-01,-6.894705444574356079e-02,8.358083665370941162e-02,1.142121385782957077e-02,2.007516920566558838e-01,1.542773842811584473e-01,-1.293794512748718262e-01,3.653541579842567444e-02,4.202484488487243652e-01,-4.254727661609649658e-01,5.901226401329040527e-02,-3.836955726146697998e-01,9.700968861579895020e-02,-1.406163722276687622e-01,4.283105731010437012e-01,-1.762813478708267212e-01,-4.285920262336730957e-01,-2.642952604219317436e-03,4.860994815826416016e-01,-2.250562161207199097e-01,-4.401784241199493408e-01,4.907237887382507324e-01,1.117668580263853073e-03,-3.702331185340881348e-01,-7.438746251864358783e-05,-4.271433353424072266e-01,-3.925864696502685547e-01,1.664921492338180542e-01,7.878530770540237427e-03,3.135186135768890381e-01,3.177143037319183350e-01,-1.680875271558761597e-01,-1.343399733304977417e-01,-3.520006835460662842e-01,1.006892919540405273e-01,-4.259422123432159424e-01,-9.663933888077735901e-03,2.613336145877838135e-01,-4.629187242244370282e-05,-3.551119565963745117e-01,3.403878509998321533e-01,-1.549060791730880737e-01,2.483006715774536133e-01,-4.930485486984252930e-01,-3.838182389736175537e-01,5.354927182197570801e-01,1.428529620170593262e-01,-4.092585742473602295e-01,-3.879581391811370850e-01,-1.732300519943237305e-01,-1.683026738464832306e-02,3.151814043521881104e-01,-3.300496637821197510e-01,-4.224020242691040039e-01,1.029520183801651001e-01,4.521872699260711670e-01,-4.440328180789947510e-01,2.333353459835052490e-01,1.534721553325653076e-01,-4.781075417995452881e-01,2.220854461193084717e-01,3.107740283012390137e-01,4.176076650619506836e-01,4.042322039604187012e-01,-2.145754843950271606e-01,-2.274316698312759399e-01,-3.501300513744354248e-01,6.597625557333230972e-03,2.848617732524871826e-01
-2.172040641307830811e-01,-9.214797057211399078e-03,1.047404482960700989e-01,-1.376455277204513550e-01,-1.517803519964218140e-01,1.257396787405014038e-01,-8.917466551065444946e-02,-1.352645605802536011e-01,-1.415538042783737183e-01,-1.168901324272155762e-01,2.241231352090835571e-01,9.473537653684616089e-02,6.801726669073104858e-02,-1.222032755613327026e-01,-1.198885962367057800e-01,-1.107060685753822327e-01,-2.444208599627017975e-03,-6.656481325626373291e-02,1.795320808887481689e-01,1.200034618377685547e-01,2.499962002038955688e-01,-7.802472263574600220e-02,-2.725462429225444794e-02,-4.598643258213996887e-02,-2.891538664698600769e-02,-5.905266851186752319e-02,1.086360868066549301e-02,7.072581350803375244e-02,-1.980864442884922028e-02,4.237343743443489075e-02,1.304014772176742554e-01,1.546273976564407349e-01,-2.040248215198516846e-01,-7.569789886474609375e-02,-2.557787345722317696e-03,5.379778891801834106e-02,-5.778782814741134644e-02,-1.195116788148880005e-01,4.847484081983566284e-02,3.069042265415191650e-01,-2.483411580324172974e-01,-1.160466670989990234e-01,-8.425502106547355652e-03,-2.784514613449573517e-02,1.641372889280319214e-01,-1.159483492374420166e-01,1.671349406242370605e-01,1.027234271168708801e-01,-9.283381700515747070e-02,-5.856071785092353821e-02,8.732227236032485962e-02,-3.361625224351882935e-02,-2.971583008766174316e-01,5.944643169641494751e-02,-7.442003488540649414e-02,1.304157227277755737e-01,-1.224238425493240356e-01,-5.589398555457592010e-03,9.463911503553390503e-02,1.273673623800277710e-01,1.397563815116882324e-01,-7.891494035720825195e-02,-7.166045252233743668e-03,-2.077506482601165771e-01,-1.487804353237152100e-01,3.465573862195014954e-02,1.438093632459640503e-01,-1.114080846309661865e-01,1.072713509202003479e-01,-3.629636019468307495e-02,1.736262738704681396e-01,-3.075035512447357178e-01,7.970544695854187012e-02,-1.208112239837646484e-01,2.104007750749588013e-01,2.229806333780288696e-01,-1.525757252238690853e-03,-8.236133307218551636e-02,2.468018829822540283e-01,1.434702724218368530e-01,-2.452532052993774414e-01,-2.525560848880559206e-04,8.619201183319091797e-02,-1.378714921884238720e-03,2.639544904232025146e-01,1.167760416865348816e-02,-7.160529494285583496e-02,4.413351707626134157e-04,-1.169774308800697327e-02,-1.106946989893913269e-01,1.682997494935989380e-01,7.892706245183944702e-02,1.206022650003433228e-01,-3.122947551310062408e-02,2.207833826541900635e-01,1.160610541701316833e-01,-1.022410318255424500e-01,2.820344707288313657e-05,6.662692129611968994e-02,-1.916499435901641846e-01,9.884643554687500000e-02,-1.002733334898948669e-01,1.659616380929946899e-01,1.077918931841850281e-01,-1.680242717266082764e-01,-2.890455126762390137e-01,2.286612242460250854e-01,1.967400684952735901e-02,1.569765210151672363e-01,5.889890715479850769e-03,-1.226089447736740112e-01,1.344412863254547119e-01,1.154824644327163696e-01,-1.297546625137329102e-01,-1.111375615000724792e-01,1.630162596702575684e-01,-6.497374176979064941e-02,5.806475877761840820e-03,2.138758599758148193e-01,-1.092902794480323792e-01,-1.412342954427003860e-02,-2.378768324851989746e-01,-1.641129255294799805e-01,-2.179120481014251709e-02,4.802512004971504211e-02,1.249335929751396179e-01,-1.418764470145106316e-03,-1.426157653331756592e-01
-1.475811302661895752e-01,-4.043217003345489502e-02,3.648540973663330078e-01,-2.758210897445678711e-01,-2.711280286312103271e-01,1.630698591470718384e-01,-4.158226028084754944e-02,-2.443680912256240845e-01,-2.438291013240814209e-01,-2.236360162496566772e-01,9.473537653684616089e-02,2.213910967111587524e-01,-2.550799250602722168e-01,-2.877873182296752930e-01,-3.927167356014251709e-01,-4.502755403518676758e-01,-1.540321623906493187e-03,-1.993324756622314453e-01,3.171394467353820801e-01,2.559280991554260254e-01,2.093485593795776367e-01,-3.012862205505371094e-01,-2.100311368703842163e-01,4.622701928019523621e-02,-5.614749342203140259e-02,-3.634826540946960449e-01,3.521794080734252930e-01,2.143284529447555542e-01,-3.671258091926574707e-01,7.464236766099929810e-02,7.951096445322036743e-02,4.549058377742767334e-01,-2.554514110088348389e-01,-2.868332564830780029e-01,2.259376831352710724e-02,4.161792099475860596e-01,-2.045080661773681641e-01,-3.677632212638854980e-01,3.611268401145935059e-01,3.088756799697875977e-01,-3.985841870307922363e-01,-9.589756280183792114e-02,-3.055230975151062012e-01,-8.787415921688079834e-02,2.931666374206542969e-02,2.591807842254638672e-01,3.955172002315521240e-01,1.319440603256225586e-01,-6.292437762022018433e-02,5.201129242777824402e-03,1.007817611098289490e-01,1.971147023141384125e-02,-2.739472389221191406e-01,3.937257081270217896e-02,7.281911373138427734e-02,4.732965230941772461e-01,-1.844765990972518921e-01,-2.592430263757705688e-02,2.368473708629608154e-01,3.120705783367156982e-01,5.797718837857246399e-02,-5.230659618973731995e-02,-9.467354975640773773e-03,-1.544638425111770630e-01,-1.403914242982864380e-01,1.103780791163444519e-01,3.438252257183194160e-03,-3.951421082019805908e-01,3.870000541210174561e-01,-8.461218327283859253e-02,3.677472472190856934e-01,-5.485569685697555542e-02,1.094789206981658936e-01,-3.939803242683410645e-01,1.397462487220764160e-01,3.786221444606781006e-01,2.354137599468231201e-03,-4.419101178646087646e-01,1.936928927898406982e-01,4.009105265140533447e-01,-4.359887540340423584e-01,-1.063271774910390377e-03,3.472883701324462891e-01,2.538215194363147020e-04,4.091695547103881836e-01,3.493916690349578857e-01,-1.681070774793624878e-01,-7.975905202329158783e-03,-2.447249293327331543e-01,-2.973280549049377441e-01,1.621374189853668213e-01,6.277009844779968262e-02,2.714483141899108887e-01,-5.759581923484802246e-02,3.673322200775146484e-01,5.535384267568588257e-02,-2.465823739767074585e-01,4.368200097815133631e-05,3.501729667186737061e-01,-3.165043294429779053e-01,1.859787702560424805e-01,-2.624992132186889648e-01,4.383945465087890625e-01,3.513056635856628418e-01,-4.397654831409454346e-01,-1.465138643980026245e-01,3.075881600379943848e-01,3.404245972633361816e-01,1.903489679098129272e-01,1.132065430283546448e-02,-2.797627747058868408e-01,2.505091130733489990e-01,3.778657019138336182e-01,-8.711248636245727539e-02,-4.227632284164428711e-01,3.873274028301239014e-01,-2.702955901622772217e-01,-1.306030899286270142e-01,4.469147920608520508e-01,-1.814543157815933228e-01,-2.547305524349212646e-01,-3.678969144821166992e-01,-3.566954433917999268e-01,1.464971750974655151e-01,2.293781936168670654e-01,2.900536954402923584e-01,-1.283891219645738602e-02,-2.395166754722595215e-01
