9.999983310699462891e-01,-9.999986290931701660e-01,-9.999911785125732422e-01,9.999982118606567383e-01,9.999989867210388184e-01,-9.999988675117492676e-01,9.999959468841552734e-01,9.999990463256835938e-01,-9.999973773956298828e-01,9.999978542327880859e-01,-9.999986290931701660e-01,-9.999989271163940430e-01,9.999981522560119629e-01,9.999983310699462891e-01,9.999862909317016602e-01,9.999970197677612305e-01,9.999974966049194336e-01,-9.999985098838806152e-01,9.999934434890747070e-01,-9.999991059303283691e-01,-9.999988675117492676e-01,9.999905228614807129e-01,9.999984502792358398e-01,9.999983310699462891e-01,9.999891519546508789e-01,9.999990463256835938e-01,-9.999983310699462891e-01,-9.999988675117492676e-01,9.999850988388061523e-01,-9.999955892562866211e-01,-9.999932646751403809e-01,-9.999984502792358398e-01,9.999912977218627930e-01,9.999969005584716797e-01,-9.999973773956298828e-01,-9.999548792839050293e-01,9.999990463256835938e-01,9.999985098838806152e-01,9.999927282333374023e-01,-9.999988675117492676e-01,9.999985694885253906e-01,-9.999959468841552734e-01,9.999763965606689453e-01,9.999987483024597168e-01,9.999982714653015137e-01,9.999982714653015137e-01,-9.999899268150329590e-01,9.999983310699462891e-01,9.999988079071044922e-01,-9.999985694885253906e-01,-9.999987483024597168e-01,-9.999980330467224121e-01,-9.999987483024597168e-01,-9.999922513961791992e-01,-9.999977350234985352e-01,-9.999981522560119629e-01,-9.999963641166687012e-01,9.999118447303771973e-01,9.999974966049194336e-01,9.999983906745910645e-01,-9.999982714653015137e-01,9.999989271163940430e-01,9.999983310699462891e-01,9.999952316284179688e-01,-9.999955892562866211e-01,-9.999988079071044922e-01,-9.999991059303283691e-01,-9.999955892562866211e-01,-9.999988079071044922e-01,9.999986886978149414e-01,-9.999987483024597168e-01,9.999980330467224121e-01,9.999950528144836426e-01,-9.999930858612060547e-01,-9.999622106552124023e-01,-9.999982714653015137e-01,9.999930262565612793e-01,9.999987483024597168e-01,-9.999940395355224609e-01,-9.999965429306030273e-01,8.563548326492309570e-01,9.999976754188537598e-01,-9.999987483024597168e-01,9.999973177909851074e-01,-9.999981522560119629e-01,-9.999883174896240234e-01,9.999880194664001465e-01,9.999989271163940430e-01,9.999715685844421387e-01,9.999911785125732422e-01,-9.999974370002746582e-01,9.999982714653015137e-01,-9.999792575836181641e-01,-9.999979138374328613e-01,9.999983906745910645e-01,-9.999979138374328613e-01,-9.999919533729553223e-01,9.999989867210388184e-01,-9.999988079071044922e-01,9.999932646751403809e-01,-9.999969005584716797e-01,9.999988675117492676e-01,-9.999659657478332520e-01,-9.999363422393798828e-01,9.999986290931701660e-01,9.999972581863403320e-01,-9.999684095382690430e-01,-9.999980330467224121e-01,-9.999940991401672363e-01,9.999985098838806152e-01,-9.999982714653015137e-01,9.999984502792358398e-01,-9.999982714653015137e-01,-9.999793171882629395e-01,9.999990463256835938e-01,-9.999979734420776367e-01,9.999988079071044922e-01,-9.999984502792358398e-01,-9.999946951866149902e-01,-9.999980926513671875e-01,-9.999987483024597168e-01,9.999959468841552734e-01,9.999985098838806152e-01,-9.999975562095642090e-01,-9.999853372573852539e-01,-9.999955892562866211e-01,9.999905824661254883e-01,-9.999966621398925781e-01
-9.999986290931701660e-01,9.999988675117492676e-01,9.999927878379821777e-01,-9.999985098838806152e-01,-9.999992847442626953e-01,9.999990463256835938e-01,-9.999967813491821289e-01,-9.999992251396179199e-01,9.999979138374328613e-01,-9.999982714653015137e-01,9.999988675117492676e-01,9.999991655349731445e-01,-9.999985694885253906e-01,-9.999987483024597168e-01,-9.999887347221374512e-01,-9.999976158142089844e-01,-9.999979734420776367e-01,9.999988079071044922e-01,-9.999946951866149902e-01,9.999992847442626953e-01,9.999991655349731445e-01,-9.999922513961791992e-01,-9.999987483024597168e-01,-9.999986886978149414e-01,-9.999911189079284668e-01,-9.999993443489074707e-01,9.999986886978149414e-01,9.999990463256835938e-01,-9.999879002571105957e-01,9.999964237213134766e-01,9.999944567680358887e-01,9.999987483024597168e-01,-9.999928474426269531e-01,-9.999974966049194336e-01,9.999979138374328613e-01,9.999629855155944824e-01,-9.999992251396179199e-01,-9.999988675117492676e-01,-9.999941587448120117e-01,9.999991655349731445e-01,-9.999988675117492676e-01,9.999966621398925781e-01,-9.999806880950927734e-01,-9.999991059303283691e-01,-9.999985694885253906e-01,-9.999985694885253906e-01,9.999918341636657715e-01,-9.999987483024597168e-01,-9.999991059303283691e-01,9.999988079071044922e-01,9.999990463256835938e-01,9.999983906745910645e-01,9.999991059303283691e-01,9.999936223030090332e-01,9.999982714653015137e-01,9.999985098838806152e-01,9.999970197677612305e-01,-9.999278187751770020e-01,-9.999980330467224121e-01,-9.999987483024597168e-01,9.999985694885253906e-01,-9.999992847442626953e-01,-9.999986290931701660e-01,-9.999959468841552734e-01,9.999963641166687012e-01,9.999991059303283691e-01,9.999993443489074707e-01,9.999964237213134766e-01,9.999991655349731445e-01,-9.999989271163940430e-01,9.999990463256835938e-01,-9.999983906745910645e-01,-9.999959468841552734e-01,9.999943375587463379e-01,9.999690651893615723e-01,9.999986886978149414e-01,-9.999943971633911133e-01,-9.999990463256835938e-01,9.999951124191284180e-01,9.999972581863403320e-01,-8.565535545349121094e-01,-9.999980926513671875e-01,9.999991059303283691e-01,-9.999978542327880859e-01,9.999985694885253906e-01,9.999904036521911621e-01,-9.999902844429016113e-01,-9.999992847442626953e-01,-9.999766945838928223e-01,-9.999927878379821777e-01,9.999979138374328613e-01,-9.999986886978149414e-01,9.999830126762390137e-01,9.999983906745910645e-01,-9.999987483024597168e-01,9.999983310699462891e-01,9.999933838844299316e-01,-9.999992847442626953e-01,9.999991059303283691e-01,-9.999944567680358887e-01,9.999974966049194336e-01,-9.999991655349731445e-01,9.999721646308898926e-01,9.999478459358215332e-01,-9.999988675117492676e-01,-9.999978542327880859e-01,9.999740719795227051e-01,9.999985098838806152e-01,9.999952316284179688e-01,-9.999987483024597168e-01,9.999986886978149414e-01,-9.999987483024597168e-01,9.999985694885253906e-01,9.999830722808837891e-01,-9.999992251396179199e-01,9.999983310699462891e-01,-9.999990463256835938e-01,9.999988079071044922e-01,9.999957084655761719e-01,9.999984502792358398e-01,9.999991059303283691e-01,-9.999967813491821289e-01,-9.999987483024597168e-01,9.999979734420776367e-01,9.999879598617553711e-01,9.999963641166687012e-01,-9.999924302101135254e-01,9.999972581863403320e-01
-9.999911785125732422e-01,9.999927878379821777e-01,9.999527335166931152e-01,-9.999905824661254883e-01,-9.999943375587463379e-01,9.999936223030090332e-01,-9.999787807464599609e-01,-9.999948143959045410e-01,9.999864697456359863e-01,-9.999884366989135742e-01,9.999927282333374023e-01,9.999942779541015625e-01,-9.999901652336120605e-01,-9.999918341636657715e-01,-9.999266266822814941e-01,-9.999848008155822754e-01,-9.999868869781494141e-01,9.999927282333374023e-01,-9.999647736549377441e-01,9.999951124191284180e-01,9.999944567680358887e-01,-9.999491572380065918e-01,-9.999920725822448730e-01,-9.999916553497314453e-01,-9.999420642852783203e-01,-9.999948143959045410e-01,9.999916553497314453e-01,9.999942183494567871e-01,-9.999209642410278320e-01,9.999768733978271484e-01,9.999640583992004395e-01,9.999919533729553223e-01,-9.999533891677856445e-01,-9.999837875366210938e-01,9.999862313270568848e-01,9.997588396072387695e-01,-9.999948143959045410e-01,-9.999926686286926270e-01,-9.999612569808959961e-01,9.999942183494567871e-01,-9.999927282333374023e-01,9.999784827232360840e-01,-9.998739957809448242e-01,-9.999938607215881348e-01,-9.999909996986389160e-01,-9.999908208847045898e-01,9.999465942382812500e-01,-9.999914169311523438e-01,-9.999938011169433594e-01,9.999924302101135254e-01,9.999935030937194824e-01,9.999896883964538574e-01,9.999939203262329102e-01,9.999585151672363281e-01,9.999880790710449219e-01,9.999902844429016113e-01,9.999808669090270996e-01,-9.995290040969848633e-01,-9.999872446060180664e-01,-9.999915957450866699e-01,9.999907612800598145e-01,-9.999945759773254395e-01,-9.999912381172180176e-01,-9.999746680259704590e-01,9.999766349792480469e-01,9.999939203262329102e-01,9.999948740005493164e-01,9.999768733978271484e-01,9.999940991401672363e-01,-9.999933242797851562e-01,9.999934434890747070e-01,-9.999896883964538574e-01,-9.999737143516540527e-01,9.999629259109497070e-01,9.997982382774353027e-01,9.999910593032836914e-01,-9.999628067016601562e-01,-9.999933838844299316e-01,9.999678134918212891e-01,9.999819993972778320e-01,-8.516014218330383301e-01,-9.999877810478210449e-01,9.999938607215881348e-01,-9.999859333038330078e-01,9.999909400939941406e-01,9.999374151229858398e-01,-9.999363422393798828e-01,-9.999943375587463379e-01,-9.998483061790466309e-01,-9.999529719352722168e-01,9.999866485595703125e-01,-9.999914169311523438e-01,9.998893141746520996e-01,9.999890327453613281e-01,-9.999915361404418945e-01,9.999893307685852051e-01,9.999568462371826172e-01,-9.999946951866149902e-01,9.999938011169433594e-01,-9.999639987945556641e-01,9.999837279319763184e-01,-9.999936223030090332e-01,9.998181462287902832e-01,9.996599555015563965e-01,-9.999926686286926270e-01,-9.999861121177673340e-01,9.998309016227722168e-01,9.999902844429016113e-01,9.999684691429138184e-01,-9.999921321868896484e-01,9.999909996986389160e-01,-9.999918341636657715e-01,9.999909996986389160e-01,9.998893737792968750e-01,-9.999948740005493164e-01,9.999899864196777344e-01,-9.999942779541015625e-01,9.999922513961791992e-01,9.999718666076660156e-01,9.999898672103881836e-01,9.999938011169433594e-01,-9.999793767929077148e-01,-9.999921917915344238e-01,9.999876618385314941e-01,9.999214410781860352e-01,9.999767541885375977e-01,-9.999498128890991211e-01,9.999822974205017090e-01
9.999982118606567383e-01,-9.999985098838806152e-01,-9.999905824661254883e-01,9.999980926513671875e-01,9.999988675117492676e-01,-9.999987483024597168e-01,9.999957680702209473e-01,9.999988675117492676e-01,-9.999973177909851074e-01,9.999976754188537598e-01,-9.999985098838806152e-01,-9.999988675117492676e-01,9.999980330467224121e-01,9.999984502792358398e-01,9.999853968620300293e-01,9.999969005584716797e-01,9.999973773956298828e-01,-9.999985098838806152e-01,9.999930262565612793e-01,-9.999990463256835938e-01,-9.999988079071044922e-01,9.999899268150329590e-01,9.999984502792358398e-01,9.999983310699462891e-01,9.999884366989135742e-01,9.999989271163940430e-01,-9.999983310699462891e-01,-9.999988079071044922e-01,9.999843239784240723e-01,-9.999953508377075195e-01,-9.999928474426269531e-01,-9.999983906745910645e-01,9.999907612800598145e-01,9.999967217445373535e-01,-9.999971985816955566e-01,-9.999519586563110352e-01,9.999989271163940430e-01,9.999985098838806152e-01,9.999923110008239746e-01,-9.999988675117492676e-01,9.999985098838806152e-01,-9.999957084655761719e-01,9.999749660491943359e-01,9.999987483024597168e-01,9.999981522560119629e-01,9.999981522560119629e-01,-9.999893307685852051e-01,9.999983310699462891e-01,9.999987483024597168e-01,-9.999984502792358398e-01,-9.999987483024597168e-01,-9.999979138374328613e-01,-9.999986886978149414e-01,-9.999917745590209961e-01,-9.999976754188537598e-01,-9.999980330467224121e-01,-9.999960064888000488e-01,9.999062418937683105e-01,9.999974370002746582e-01,9.999982714653015137e-01,-9.999981522560119629e-01,9.999989271163940430e-01,9.999982118606567383e-01,9.999948740005493164e-01,-9.999953508377075195e-01,-9.999987483024597168e-01,-9.999989867210388184e-01,-9.999953508377075195e-01,-9.999988079071044922e-01,9.999986290931701660e-01,-9.999986886978149414e-01,9.999979138374328613e-01,9.999948143959045410e-01,-9.999926090240478516e-01,-9.999598264694213867e-01,-9.999981522560119629e-01,9.999927282333374023e-01,9.999986886978149414e-01,-9.999936819076538086e-01,-9.999964833259582520e-01,8.562848567962646484e-01,9.999974966049194336e-01,-9.999986886978149414e-01,9.999972581863403320e-01,-9.999981522560119629e-01,-9.999875426292419434e-01,9.999873638153076172e-01,9.999989271163940430e-01,9.999697208404541016e-01,9.999906420707702637e-01,-9.999973177909851074e-01,9.999982714653015137e-01,-9.999780058860778809e-01,-9.999977946281433105e-01,9.999983906745910645e-01,-9.999978542327880859e-01,-9.999914765357971191e-01,9.999989271163940430e-01,-9.999987483024597168e-01,9.999928474426269531e-01,-9.999967217445373535e-01,9.999987483024597168e-01,-9.999637603759765625e-01,-9.999322891235351562e-01,9.999985098838806152e-01,9.999972581863403320e-01,-9.999663233757019043e-01,-9.999979138374328613e-01,-9.999937415122985840e-01,9.999983906745910645e-01,-9.999981522560119629e-01,9.999983310699462891e-01,-9.999981522560119629e-01,-9.999780058860778809e-01,9.999989271163940430e-01,-9.999979138374328613e-01,9.999987483024597168e-01,-9.999984502792358398e-01,-9.999944567680358887e-01,-9.999979138374328613e-01,-9.999987483024597168e-01,9.999958276748657227e-01,9.999983906745910645e-01,-9.999974370002746582e-01,-9.999843835830688477e-01,-9.999953508377075195e-01,9.999901056289672852e-01,-9.999964237213134766e-01
9.999989867210388184e-01,-9.999992847442626953e-01,-9.999943375587463379e-01,9.999988675117492676e-01,9.999994039535522461e-01,-9.999992251396179199e-01,9.999973773956298828e-01,9.999994039535522461e-01,-9.999983906745910645e-01,9.999986290931701660e-01,-9.999991655349731445e-01,-9.999994039535522461e-01,9.999988675117492676e-01,9.999990463256835938e-01,9.999911785125732422e-01,9.999981522560119629e-01,9.999983906745910645e-01,-9.999991655349731445e-01,9.999958276748657227e-01,-9.999995231628417969e-01,-9.999993443489074707e-01,9.999938607215881348e-01,9.999990463256835938e-01,9.999989867210388184e-01,9.999929666519165039e-01,9.999994635581970215e-01,-9.999990463256835938e-01,-9.999993443489074707e-01,9.999904036521911621e-01,-9.999972581863403320e-01,-9.999957084655761719e-01,-9.999990463256835938e-01,9.999944567680358887e-01,9.999979734420776367e-01,-9.999983906745910645e-01,-9.999707937240600586e-01,9.999994039535522461e-01,9.999991655349731445e-01,9.999953508377075195e-01,-9.999994039535522461e-01,9.999991655349731445e-01,-9.999973773956298828e-01,9.999847412109375000e-01,9.999992847442626953e-01,9.999988675117492676e-01,9.999988675117492676e-01,-9.999935626983642578e-01,9.999989867210388184e-01,9.999992847442626953e-01,-9.999992251396179199e-01,-9.999993443489074707e-01,-9.999987483024597168e-01,-9.999992847442626953e-01,-9.999949932098388672e-01,-9.999986290931701660e-01,-9.999988079071044922e-01,-9.999976158142089844e-01,9.999428391456604004e-01,9.999984502792358398e-01,9.999990463256835938e-01,-9.999989271163940430e-01,9.999994635581970215e-01,9.999989271163940430e-01,9.999969005584716797e-01,-9.999971389770507812e-01,-9.999992847442626953e-01,-9.999994635581970215e-01,-9.999971389770507812e-01,-9.999993443489074707e-01,9.999992251396179199e-01,-9.999993443489074707e-01,9.999987483024597168e-01,9.999967813491821289e-01,-9.999955296516418457e-01,-9.999756217002868652e-01,-9.999988675117492676e-01,9.999955892562866211e-01,9.999992251396179199e-01,-9.999961256980895996e-01,-9.999978542327880859e-01,8.567423820495605469e-01,9.999985098838806152e-01,-9.999992847442626953e-01,9.999983906745910645e-01,-9.999988675117492676e-01,-9.999924302101135254e-01,9.999923110008239746e-01,9.999994039535522461e-01,9.999816417694091797e-01,9.999942779541015625e-01,-9.999983310699462891e-01,9.999989271163940430e-01,-9.999865889549255371e-01,-9.999987483024597168e-01,9.999989867210388184e-01,-9.999986886978149414e-01,-9.999948740005493164e-01,9.999994635581970215e-01,-9.999993443489074707e-01,9.999957084655761719e-01,-9.999979734420776367e-01,9.999993443489074707e-01,-9.999780654907226562e-01,-9.999587535858154297e-01,9.999991655349731445e-01,9.999983906745910645e-01,-9.999796152114868164e-01,-9.999988079071044922e-01,-9.999962449073791504e-01,9.999991059303283691e-01,-9.999989867210388184e-01,9.999990463256835938e-01,-9.999989271163940430e-01,-9.999867081642150879e-01,9.999994635581970215e-01,-9.999987483024597168e-01,9.999993443489074707e-01,-9.999991059303283691e-01,-9.999966025352478027e-01,-9.999987483024597168e-01,-9.999992847442626953e-01,9.999974370002746582e-01,9.999992251396179199e-01,-9.999984502792358398e-01,-9.999904632568359375e-01,-9.999971389770507812e-01,9.999939799308776855e-01,-9.999979138374328613e-01
-9.999988675117492676e-01,9.999990463256835938e-01,9.999936223030090332e-01,-9.999987483024597168e-01,-9.999992251396179199e-01,9.999992251396179199e-01,-9.999971389770507812e-01,-9.999993443489074707e-01,9.999982118606567383e-01,-9.999984502792358398e-01,9.999990463256835938e-01,9.999993443489074707e-01,-9.999986886978149414e-01,-9.999989271163940430e-01,-9.999899864196777344e-01,-9.999978542327880859e-01,-9.999982714653015137e-01,9.999989867210388184e-01,-9.999952316284179688e-01,9.999993443489074707e-01,9.999992847442626953e-01,-9.999930262565612793e-01,-9.999989271163940430e-01,-9.999988079071044922e-01,-9.999920129776000977e-01,-9.999994039535522461e-01,9.999988079071044922e-01,9.999992251396179199e-01,-9.999891519546508789e-01,9.999968409538269043e-01,9.999951124191284180e-01,9.999988675117492676e-01,-9.999936819076538086e-01,-9.999977350234985352e-01,9.999981522560119629e-01,9.999668002128601074e-01,-9.999994039535522461e-01,-9.999989867210388184e-01,-9.999947547912597656e-01,9.999993443489074707e-01,-9.999990463256835938e-01,9.999970793724060059e-01,-9.999826550483703613e-01,-9.999991655349731445e-01,-9.999987483024597168e-01,-9.999987483024597168e-01,9.999926686286926270e-01,-9.999988675117492676e-01,-9.999991655349731445e-01,9.999989271163940430e-01,9.999991059303283691e-01,9.999985694885253906e-01,9.999992251396179199e-01,9.999942779541015625e-01,9.999984502792358398e-01,9.999987483024597168e-01,9.999973177909851074e-01,-9.999351501464843750e-01,-9.999982118606567383e-01,-9.999988675117492676e-01,9.999988079071044922e-01,-9.999993443489074707e-01,-9.999988675117492676e-01,-9.999963641166687012e-01,9.999967217445373535e-01,9.999991655349731445e-01,9.999994039535522461e-01,9.999967813491821289e-01,9.999992251396179199e-01,-9.999991059303283691e-01,9.999991059303283691e-01,-9.999985694885253906e-01,-9.999963641166687012e-01,9.999948740005493164e-01,9.999723434448242188e-01,9.999988079071044922e-01,-9.999949336051940918e-01,-9.999991059303283691e-01,9.999956488609313965e-01,9.999976158142089844e-01,-8.566453456878662109e-01,-9.999983906745910645e-01,9.999991655349731445e-01,-9.999981522560119629e-01,9.999987483024597168e-01,9.999914765357971191e-01,-9.999912381172180176e-01,-9.999992251396179199e-01,-9.999790787696838379e-01,-9.999936223030090332e-01,9.999982714653015137e-01,-9.999988079071044922e-01,9.999848604202270508e-01,9.999985694885253906e-01,-9.999988675117492676e-01,9.999985098838806152e-01,9.999941587448120117e-01,-9.999994039535522461e-01,9.999992847442626953e-01,-9.999951124191284180e-01,9.999977350234985352e-01,-9.999992847442626953e-01,9.999750852584838867e-01,9.999531507492065430e-01,-9.999990463256835938e-01,-9.999981522560119629e-01,9.999767541885375977e-01,9.999987483024597168e-01,9.999957084655761719e-01,-9.999989271163940430e-01,9.999988079071044922e-01,-9.999989271163940430e-01,9.999988079071044922e-01,9.999848008155822754e-01,-9.999994039535522461e-01,9.999985694885253906e-01,-9.999992251396179199e-01,9.999989271163940430e-01,9.999961853027343750e-01,9.999985694885253906e-01,9.999991655349731445e-01,-9.999971389770507812e-01,-9.999988675117492676e-01,9.999982714653015137e-01,9.999892115592956543e-01,9.999968409538269043e-01,-9.999932050704956055e-01,9.999976158142089844e-01
9.999959468841552734e-01,-9.999967813491821289e-01,-9.999787807464599609e-01,9.999957680702209473e-01,9.999973773956298828e-01,-9.999971389770507812e-01,9.999904632568359375e-01,9.999975562095642090e-01,-9.999939203262329102e-01,9.999947547912597656e-01,-9.999966621398925781e-01,-9.999973177909851074e-01,9.999955296516418457e-01,9.999963641166687012e-01,9.999668598175048828e-01,9.999932646751403809e-01,9.999940991401672363e-01,-9.999966621398925781e-01,9.999842643737792969e-01,-9.999977946281433105e-01,-9.999973773956298828e-01,9.999771118164062500e-01,9.999963045120239258e-01,9.999961853027343750e-01,9.999738335609436035e-01,9.999975562095642090e-01,-9.999961853027343750e-01,-9.999972581863403320e-01,9.999642372131347656e-01,-9.999895691871643066e-01,-9.999837875366210938e-01,-9.999963045120239258e-01,9.999790191650390625e-01,9.999926686286926270e-01,-9.999937415122985840e-01,-9.998911619186401367e-01,9.999975562095642090e-01,9.999966621398925781e-01,9.999825954437255859e-01,-9.999973177909851074e-01,9.999966621398925781e-01,-9.999902844429016113e-01,9.999431371688842773e-01,9.999971985816955566e-01,9.999958872795104980e-01,9.999958872795104980e-01,-9.999758601188659668e-01,9.999960660934448242e-01,9.999971389770507812e-01,-9.999965429306030273e-01,-9.999970793724060059e-01,-9.999953508377075195e-01,-9.999971389770507812e-01,-9.999813437461853027e-01,-9.999946951866149902e-01,-9.999956488609313965e-01,-9.999913573265075684e-01,9.997875690460205078e-01,9.999942183494567871e-01,9.999962449073791504e-01,-9.999958872795104980e-01,9.999975562095642090e-01,9.999960064888000488e-01,9.999884963035583496e-01,-9.999895095825195312e-01,-9.999971985816955566e-01,-9.999976158142089844e-01,-9.999895691871643066e-01,-9.999973177909851074e-01,9.999969601631164551e-01,-9.999969601631164551e-01,9.999953508377075195e-01,9.999881982803344727e-01,-9.999832510948181152e-01,-9.999089241027832031e-01,-9.999959468841552734e-01,9.999833106994628906e-01,9.999970793724060059e-01,-9.999854564666748047e-01,-9.999918937683105469e-01,8.548046946525573730e-01,9.999944567680358887e-01,-9.999971389770507812e-01,9.999937415122985840e-01,-9.999958872795104980e-01,-9.999716877937316895e-01,9.999714493751525879e-01,9.999974370002746582e-01,9.999314546585083008e-01,9.999787807464599609e-01,-9.999939799308776855e-01,9.999960660934448242e-01,-9.999499917030334473e-01,-9.999951124191284180e-01,9.999961853027343750e-01,-9.999951124191284180e-01,-9.999806284904479980e-01,9.999975562095642090e-01,-9.999971389770507812e-01,9.999837875366210938e-01,-9.999926686286926270e-01,9.999971389770507812e-01,-9.999179244041442871e-01,-9.998465776443481445e-01,9.999966621398925781e-01,9.999938011169433594e-01,-9.999236464500427246e-01,-9.999956488609313965e-01,-9.999857544898986816e-01,9.999964237213134766e-01,-9.999959468841552734e-01,9.999962449073791504e-01,-9.999959468841552734e-01,-9.999500513076782227e-01,9.999976754188537598e-01,-9.999954700469970703e-01,9.999973177909851074e-01,-9.999964833259582520e-01,-9.999873638153076172e-01,-9.999954104423522949e-01,-9.999971389770507812e-01,9.999907016754150391e-01,9.999963641166687012e-01,-9.999943971633911133e-01,-9.999645352363586426e-01,-9.999895095825195312e-01,9.999774098396301270e-01,-9.999920129776000977e-01
9.999990463256835938e-01,-9.999992251396179199e-01,-9.999948143959045410e-01,9.999988675117492676e-01,9.999994039535522461e-01,-9.999993443489074707e-01,9.999975562095642090e-01,9.999994039535522461e-01,-9.999984502792358398e-01,9.999987483024597168e-01,-9.999992251396179199e-01,-9.999994039535522461e-01,9.999988079071044922e-01,9.999990463256835938e-01,9.999918937683105469e-01,9.999982714653015137e-01,9.999985098838806152e-01,-9.999991655349731445e-01,9.999960660934448242e-01,-9.999994635581970215e-01,-9.999993443489074707e-01,9.999943971633911133e-01,9.999991655349731445e-01,9.999989867210388184e-01,9.999936223030090332e-01,9.999994635581970215e-01,-9.999989867210388184e-01,-9.999993443489074707e-01,9.999912381172180176e-01,-9.999973177909851074e-01,-9.999958872795104980e-01,-9.999991655349731445e-01,9.999948143959045410e-01,9.999982118606567383e-01,-9.999984502792358398e-01,-9.999734759330749512e-01,9.999994635581970215e-01,9.999992251396179199e-01,9.999957084655761719e-01,-9.999994635581970215e-01,9.999991655349731445e-01,-9.999976158142089844e-01,9.999860525131225586e-01,9.999992847442626953e-01,9.999989867210388184e-01,9.999989867210388184e-01,-9.999940395355224609e-01,9.999991059303283691e-01,9.999993443489074707e-01,-9.999991059303283691e-01,-9.999992847442626953e-01,-9.999988675117492676e-01,-9.999992847442626953e-01,-9.999953508377075195e-01,-9.999986290931701660e-01,-9.999989271163940430e-01,-9.999978542327880859e-01,9.999480247497558594e-01,9.999985098838806152e-01,9.999991059303283691e-01,-9.999989867210388184e-01,9.999994039535522461e-01,9.999991059303283691e-01,9.999970793724060059e-01,-9.999973177909851074e-01,-9.999992847442626953e-01,-9.999994039535522461e-01,-9.999973177909851074e-01,-9.999992847442626953e-01,9.999992847442626953e-01,-9.999992847442626953e-01,9.999987483024597168e-01,9.999969601631164551e-01,-9.999958872795104980e-01,-9.999777674674987793e-01,-9.999990463256835938e-01,9.999958872795104980e-01,9.999992251396179199e-01,-9.999963641166687012e-01,-9.999979734420776367e-01,8.568071126937866211e-01,9.999985694885253906e-01,-9.999992847442626953e-01,9.999985098838806152e-01,-9.999989271163940430e-01,-9.999930858612060547e-01,9.999929070472717285e-01,9.999994039535522461e-01,9.999832510948181152e-01,9.999948143959045410e-01,-9.999985098838806152e-01,9.999989867210388184e-01,-9.999877214431762695e-01,-9.999988079071044922e-01,9.999991059303283691e-01,-9.999987483024597168e-01,-9.999952316284179688e-01,9.999994039535522461e-01,-9.999993443489074707e-01,9.999960660934448242e-01,-9.999981522560119629e-01,9.999993443489074707e-01,-9.999799728393554688e-01,-9.999625086784362793e-01,9.999992251396179199e-01,9.999984502792358398e-01,-9.999814033508300781e-01,-9.999988675117492676e-01,-9.999964833259582520e-01,9.999991655349731445e-01,-9.999989867210388184e-01,9.999990463256835938e-01,-9.999989867210388184e-01,-9.999877214431762695e-01,9.999994039535522461e-01,-9.999988079071044922e-01,9.999993443489074707e-01,-9.999991059303283691e-01,-9.999968409538269043e-01,-9.999987483024597168e-01,-9.999993443489074707e-01,9.999976158142089844e-01,9.999990463256835938e-01,-9.999985098838806152e-01,-9.999913573265075684e-01,-9.999973177909851074e-01,9.999945759773254395e-01,-9.999979138374328613e-01
-9.999973773956298828e-01,9.999979138374328613e-01,9.999864697456359863e-01,-9.999973177909851074e-01,-9.999983906745910645e-01,9.999982118606567383e-01,-9.999939203262329102e-01,-9.999984502792358398e-01,9.999961256980895996e-01,-9.999966621398925781e-01,9.999979138374328613e-01,9.999982714653015137e-01,-9.999971985816955566e-01,-9.999976754188537598e-01,-9.999788403511047363e-01,-9.999956488609313965e-01,-9.999961256980895996e-01,9.999978542327880859e-01,-9.999899268150329590e-01,9.999986290931701660e-01,9.999984502792358398e-01,-9.999853372573852539e-01,-9.999977350234985352e-01,-9.999975562095642090e-01,-9.999833106994628906e-01,-9.999985098838806152e-01,9.999975562095642090e-01,9.999983310699462891e-01,-9.999771714210510254e-01,9.999933242797851562e-01,9.999896883964538574e-01,9.999976158142089844e-01,-9.999865293502807617e-01,-9.999953508377075195e-01,9.999960660934448242e-01,9.999302625656127930e-01,-9.999985694885253906e-01,-9.999978542327880859e-01,-9.999888539314270020e-01,9.999983906745910645e-01,-9.999978542327880859e-01,9.999938607215881348e-01,-9.999635815620422363e-01,-9.999982714653015137e-01,-9.999974370002746582e-01,-9.999973177909851074e-01,9.999845623970031738e-01,-9.999975562095642090e-01,-9.999981522560119629e-01,9.999977946281433105e-01,9.999981522560119629e-01,9.999969601631164551e-01,9.999982118606567383e-01,9.999880194664001465e-01,9.999966025352478027e-01,9.999972581863403320e-01,9.999945163726806641e-01,-9.998638033866882324e-01,-9.999962449073791504e-01,-9.999976158142089844e-01,9.999973773956298828e-01,-9.999984502792358398e-01,-9.999974370002746582e-01,-9.999926686286926270e-01,9.999932646751403809e-01,9.999982118606567383e-01,9.999985694885253906e-01,9.999933242797851562e-01,9.999982714653015137e-01,-9.999980926513671875e-01,9.999981522560119629e-01,-9.999970793724060059e-01,-9.999924302101135254e-01,9.999892711639404297e-01,9.999416470527648926e-01,9.999974370002746582e-01,-9.999893307685852051e-01,-9.999981522560119629e-01,9.999907016754150391e-01,9.999948740005493164e-01,-8.557537198066711426e-01,-9.999963641166687012e-01,9.999982118606567383e-01,-9.999960660934448242e-01,9.999973773956298828e-01,9.999819397926330566e-01,-9.999817013740539551e-01,-9.999983906745910645e-01,-9.999560713768005371e-01,-9.999864101409912109e-01,9.999961853027343750e-01,-9.999974966049194336e-01,9.999679923057556152e-01,9.999968409538269043e-01,-9.999975562095642090e-01,9.999968409538269043e-01,9.999876022338867188e-01,-9.999985098838806152e-01,9.999982714653015137e-01,-9.999896287918090820e-01,9.999952912330627441e-01,-9.999982118606567383e-01,9.999474287033081055e-01,9.999016523361206055e-01,-9.999979138374328613e-01,-9.999960064888000488e-01,9.999510049819946289e-01,9.999971389770507812e-01,9.999909400939941406e-01,-9.999977350234985352e-01,9.999973773956298828e-01,-9.999976158142089844e-01,9.999973773956298828e-01,9.999679923057556152e-01,-9.999985694885253906e-01,9.999970793724060059e-01,-9.999983310699462891e-01,9.999977350234985352e-01,9.999919533729553223e-01,9.999970197677612305e-01,9.999981522560119629e-01,-9.999940395355224609e-01,-9.999976754188537598e-01,9.999963641166687012e-01,9.999773502349853516e-01,9.999933838844299316e-01,-9.999855756759643555e-01,9.999949336051940918e-01
9.999978542327880859e-01,-9.999982714653015137e-01,-9.999884366989135742e-01,9.999976754188537598e-01,9.999986290931701660e-01,-9.999984502792358398e-01,9.999947547912597656e-01,9.999987483024597168e-01,-9.999966621398925781e-01,9.999970793724060059e-01,-9.999982714653015137e-01,-9.999986290931701660e-01,9.999976158142089844e-01,9.999980330467224121e-01,9.999819397926330566e-01,9.999961853027343750e-01,9.999968409538269043e-01,-9.999981522560119629e-01,9.999914169311523438e-01,-9.999987483024597168e-01,-9.999986290931701660e-01,9.999874830245971680e-01,9.999979734420776367e-01,9.999979138374328613e-01,9.999856948852539062e-01,9.999987483024597168e-01,-9.999979138374328613e-01,-9.999985694885253906e-01,9.999806284904479980e-01,-9.999942779541015625e-01,-9.999911785125732422e-01,-9.999980926513671875e-01,9.999885559082031250e-01,9.999960064888000488e-01,-9.999965429306030273e-01,-9.999406933784484863e-01,9.999986886978149414e-01,9.999981522560119629e-01,9.999905228614807129e-01,-9.999986290931701660e-01,9.999982118606567383e-01,-9.999947547912597656e-01,9.999691247940063477e-01,9.999984502792358398e-01,9.999977350234985352e-01,9.999977350234985352e-01,-9.999868869781494141e-01,9.999979138374328613e-01,9.999984502792358398e-01,-9.999980926513671875e-01,-9.999984502792358398e-01,-9.999974370002746582e-01,-9.999984502792358398e-01,-9.999898672103881836e-01,-9.999971985816955566e-01,-9.999975562095642090e-01,-9.999952912330627441e-01,9.998840093612670898e-01,9.999967813491821289e-01,9.999979734420776367e-01,-9.999977350234985352e-01,9.999986886978149414e-01,9.999977946281433105e-01,9.999938011169433594e-01,-9.999941587448120117e-01,-9.999984502792358398e-01,-9.999988079071044922e-01,-9.999943971633911133e-01,-9.999986290931701660e-01,9.999983906745910645e-01,-9.999984502792358398e-01,9.999974966049194336e-01,9.999936223030090332e-01,-9.999908804893493652e-01,-9.999503493309020996e-01,-9.999977350234985352e-01,9.999909996986389160e-01,9.999984502792358398e-01,-9.999920725822448730e-01,-9.999955892562866211e-01,8.560067415237426758e-01,9.999969005584716797e-01,-9.999984502792358398e-01,9.999966025352478027e-01,-9.999977350234985352e-01,-9.999846220016479492e-01,9.999843239784240723e-01,9.999986290931701660e-01,9.999626278877258301e-01,9.999884366989135742e-01,-9.999966621398925781e-01,9.999978542327880859e-01,-9.999728798866271973e-01,-9.999973177909851074e-01,9.999979138374328613e-01,-9.999973177909851074e-01,-9.999894499778747559e-01,9.999987483024597168e-01,-9.999985098838806152e-01,9.999911785125732422e-01,-9.999960660934448242e-01,9.999984502792358398e-01,-9.999552369117736816e-01,-9.999162554740905762e-01,9.999982714653015137e-01,9.999965429306030273e-01,-9.999583363533020020e-01,-9.999975562095642090e-01,-9.999923706054687500e-01,9.999981522560119629e-01,-9.999978542327880859e-01,9.999979734420776367e-01,-9.999977946281433105e-01,-9.999727606773376465e-01,9.999987483024597168e-01,-9.999974966049194336e-01,9.999985694885253906e-01,-9.999980926513671875e-01,-9.999931454658508301e-01,-9.999974966049194336e-01,-9.999984502792358398e-01,9.999949932098388672e-01,9.999980330467224121e-01,-9.999969005584716797e-01,-9.999807476997375488e-01,-9.999942779541015625e-01,9.999877214431762695e-01,-9.999956488609313965e-01
-9.999986290931701660e-01,9.999988675117492676e-01,9.999927282333374023e-01,-9.999985098838806152e-01,-9.999991655349731445e-01,9.999990463256835938e-01,-9.999966621398925781e-01,-9.999992251396179199e-01,9.999979138374328613e-01,-9.999982714653015137e-01,9.999988675117492676e-01,9.999991655349731445e-01,-9.999984502792358398e-01,-9.999986886978149414e-01,-9.999886155128479004e-01,-9.999976158142089844e-01,-9.999979138374328613e-01,9.999988079071044922e-01,-9.999945759773254395e-01,9.999992847442626953e-01,9.999991059303283691e-01,-9.999921917915344238e-01,-9.999987483024597168e-01,-9.999986290931701660e-01,-9.999909996986389160e-01,-9.999992251396179199e-01,9.999986290931701660e-01,9.999990463256835938e-01,-9.999877214431762695e-01,9.999963641166687012e-01,9.999944567680358887e-01,9.999986886978149414e-01,-9.999928474426269531e-01,-9.999974370002746582e-01,9.999977350234985352e-01,9.999627470970153809e-01,-9.999991059303283691e-01,-9.999988079071044922e-01,-9.999940395355224609e-01,9.999991059303283691e-01,-9.999988079071044922e-01,9.999966025352478027e-01,-9.999805092811584473e-01,-9.999989867210388184e-01,-9.999985694885253906e-01,-9.999985098838806152e-01,9.999917149543762207e-01,-9.999986290931701660e-01,-9.999990463256835938e-01,9.999987483024597168e-01,9.999989867210388184e-01,9.999983906745910645e-01,9.999989867210388184e-01,9.999936223030090332e-01,9.999980926513671875e-01,9.999984502792358398e-01,9.999969005584716797e-01,-9.999272227287292480e-01,-9.999979734420776367e-01,-9.999986886978149414e-01,9.999985694885253906e-01,-9.999991655349731445e-01,-9.999985694885253906e-01,-9.999959468841552734e-01,9.999962449073791504e-01,9.999991059303283691e-01,9.999992251396179199e-01,9.999963641166687012e-01,9.999991059303283691e-01,-9.999989271163940430e-01,9.999989867210388184e-01,-9.999983906745910645e-01,-9.999958276748657227e-01,9.999942779541015625e-01,9.999688863754272461e-01,9.999985694885253906e-01,-9.999942779541015625e-01,-9.999989867210388184e-01,9.999949932098388672e-01,9.999971389770507812e-01,-8.565470576286315918e-01,-9.999980926513671875e-01,9.999989867210388184e-01,-9.999977946281433105e-01,9.999985098838806152e-01,9.999902844429016113e-01,-9.999901056289672852e-01,-9.999991655349731445e-01,-9.999765157699584961e-01,-9.999927282333374023e-01,9.999979138374328613e-01,-9.999985694885253906e-01,9.999828338623046875e-01,9.999982714653015137e-01,-9.999986886978149414e-01,9.999983310699462891e-01,9.999933242797851562e-01,-9.999992251396179199e-01,9.999990463256835938e-01,-9.999944567680358887e-01,9.999973773956298828e-01,-9.999990463256835938e-01,9.999719262123107910e-01,9.999473690986633301e-01,-9.999988675117492676e-01,-9.999977946281433105e-01,9.999738931655883789e-01,9.999983906745910645e-01,9.999951124191284180e-01,-9.999986886978149414e-01,9.999986290931701660e-01,-9.999987483024597168e-01,9.999985694885253906e-01,9.999829530715942383e-01,-9.999992251396179199e-01,9.999983310699462891e-01,-9.999990463256835938e-01,9.999986886978149414e-01,9.999957084655761719e-01,9.999983310699462891e-01,9.999991059303283691e-01,-9.999966621398925781e-01,-9.999986886978149414e-01,9.999979734420776367e-01,9.999879002571105957e-01,9.999963641166687012e-01,-9.999922513961791992e-01,9.999972581863403320e-01
-9.999989271163940430e-01,9.999991655349731445e-01,9.999942779541015625e-01,-9.999988675117492676e-01,-9.999994039535522461e-01,9.999993443489074707e-01,-9.999973177909851074e-01,-9.999994039535522461e-01,9.999982714653015137e-01,-9.999986290931701660e-01,9.999991655349731445e-01,9.999994039535522461e-01,-9.999987483024597168e-01,-9.999989867210388184e-01,-9.999909996986389160e-01,-9.999980926513671875e-01,-9.999984502792358398e-01,9.999991655349731445e-01,-9.999956488609313965e-01,9.999994635581970215e-01,9.999993443489074707e-01,-9.999937415122985840e-01,-9.999990463256835938e-01,-9.999989867210388184e-01,-9.999928474426269531e-01,-9.999994635581970215e-01,9.999989867210388184e-01,9.999993443489074707e-01,-9.999902844429016113e-01,9.999971389770507812e-01,9.999956488609313965e-01,9.999990463256835938e-01,-9.999942779541015625e-01,-9.999979734420776367e-01,9.999982714653015137e-01,9.999703764915466309e-01,-9.999994635581970215e-01,-9.999991655349731445e-01,-9.999952912330627441e-01,9.999994039535522461e-01,-9.999991655349731445e-01,9.999973177909851074e-01,-9.999845623970031738e-01,-9.999992847442626953e-01,-9.999988675117492676e-01,-9.999988675117492676e-01,9.999933242797851562e-01,-9.999989867210388184e-01,-9.999992847442626953e-01,9.999991059303283691e-01,9.999992251396179199e-01,9.999986886978149414e-01,9.999992847442626953e-01,9.999949336051940918e-01,9.999985694885253906e-01,9.999988079071044922e-01,9.999976158142089844e-01,-9.999421238899230957e-01,-9.999983906745910645e-01,-9.999989867210388184e-01,9.999988675117492676e-01,-9.999993443489074707e-01,-9.999989271163940430e-01,-9.999968409538269043e-01,9.999970793724060059e-01,9.999992847442626953e-01,9.999994039535522461e-01,9.999971389770507812e-01,9.999992847442626953e-01,-9.999992251396179199e-01,9.999993443489074707e-01,-9.999986886978149414e-01,-9.999967217445373535e-01,9.999955296516418457e-01,9.999753236770629883e-01,9.999988675117492676e-01,-9.999954700469970703e-01,-9.999992251396179199e-01,9.999959468841552734e-01,9.999977946281433105e-01,-8.567320704460144043e-01,-9.999984502792358398e-01,9.999992847442626953e-01,-9.999983310699462891e-01,9.999989271163940430e-01,9.999923110008239746e-01,-9.999921917915344238e-01,-9.999993443489074707e-01,-9.999813437461853027e-01,-9.999942183494567871e-01,9.999983310699462891e-01,-9.999989271163940430e-01,9.999864101409912109e-01,9.999986886978149414e-01,-9.999989867210388184e-01,9.999986886978149414e-01,9.999947547912597656e-01,-9.999994635581970215e-01,9.999993443489074707e-01,-9.999956488609313965e-01,9.999979734420776367e-01,-9.999993443489074707e-01,9.999777078628540039e-01,9.999582171440124512e-01,-9.999991655349731445e-01,-9.999982714653015137e-01,9.999791979789733887e-01,9.999988079071044922e-01,9.999961853027343750e-01,-9.999991059303283691e-01,9.999989271163940430e-01,-9.999989867210388184e-01,9.999989271163940430e-01,9.999864101409912109e-01,-9.999994635581970215e-01,9.999987483024597168e-01,-9.999992251396179199e-01,9.999991059303283691e-01,9.999966025352478027e-01,9.999987483024597168e-01,9.999992847442626953e-01,-9.999974370002746582e-01,-9.999990463256835938e-01,9.999983906745910645e-01,9.999903440475463867e-01,9.999970793724060059e-01,-9.999939203262329102e-01,9.999977946281433105e-01
