3.788104057312011719e-01,1.477591134607791901e-02,-1.481020450592041016e-01,3.983272612094879150e-02,3.488579094409942627e-01,-2.994238734245300293e-01,1.167695596814155579e-01,4.194804430007934570e-01,1.794847995042800903e-01,1.521959602832794189e-01,-2.067392319440841675e-01,-1.700400710105895996e-01,3.447256237268447876e-02,1.373029798269271851e-01,1.724518090486526489e-01,3.575733304023742676e-01,9.171704878099262714e-04,8.112034946680068970e-02,-1.251386106014251709e-01,-1.480457335710525513e-01,-1.890365332365036011e-01,5.047047510743141174e-02,8.428259752690792084e-03,7.140003889799118042e-02,3.668242320418357849e-02,2.777527570724487305e-01,-1.206666231155395508e-01,-3.444010615348815918e-01,1.837852001190185547e-01,-1.135125383734703064e-01,-1.241179034113883972e-01,-2.221690565347671509e-01,7.347588241100311279e-02,1.313839703798294067e-01,-1.867394335567951202e-02,-2.136217802762985229e-01,1.554645448923110962e-01,1.861357390880584717e-01,-3.522562980651855469e-01,-3.923332393169403076e-01,3.438403308391571045e-01,1.443744003772735596e-01,1.182559728622436523e-01,6.010905280709266663e-02,-1.276988238096237183e-01,6.913275271654129028e-02,-1.963690519332885742e-01,-1.342623233795166016e-01,9.315145015716552734e-02,-1.014766516163945198e-03,-1.874436885118484497e-01,-1.315924078226089478e-01,3.533519804477691650e-01,-2.160204946994781494e-02,-7.077308744192123413e-02,-3.175829350948333740e-01,1.918904036283493042e-01,1.157581526786088943e-02,-5.082966014742851257e-02,-1.105296388268470764e-01,-1.234383806586265564e-01,-9.586246684193611145e-03,2.251821802929043770e-03,3.095669150352478027e-01,8.508747071027755737e-02,-5.472530797123908997e-02,-2.278362959623336792e-01,3.096045553684234619e-01,-2.207606285810470581e-01,3.118337988853454590e-01,-3.329582214355468750e-01,2.074064016342163086e-01,-2.867317013442516327e-02,1.695554107427597046e-01,-2.641184628009796143e-01,-3.108469843864440918e-01,-2.056234807241708040e-04,2.119568437337875366e-01,-5.651114508509635925e-02,-2.345446795225143433e-01,2.696648538112640381e-01,3.548678942024707794e-04,-2.874623239040374756e-01,-2.411555033177137375e-03,-4.484713673591613770e-01,-7.591690868139266968e-02,2.632286548614501953e-01,4.951425362378358841e-03,2.127418853342533112e-02,2.454636096954345703e-01,-2.054058015346527100e-01,1.337798982858657837e-01,-6.199963763356208801e-02,-7.812349498271942139e-02,-2.561313807964324951e-01,-3.398878276348114014e-01,2.100777477025985718e-01,-3.068290607188828290e-05,-2.658976912498474121e-01,3.347281217575073242e-01,-3.006346225738525391e-01,3.552525043487548828e-01,-2.294743359088897705e-01,-2.368385046720504761e-01,1.649833470582962036e-01,2.333031445741653442e-01,-7.959841936826705933e-02,-1.019476205110549927e-01,-3.861949145793914795e-01,1.678445376455783844e-03,1.078189089894294739e-01,-1.185955666005611420e-02,-1.673514693975448608e-01,-1.850678399205207825e-02,2.772152423858642578e-01,-2.011186927556991577e-01,3.529449701309204102e-01,-3.361697774380445480e-03,-3.454868197441101074e-01,6.814463436603546143e-02,2.595135709270834923e-03,2.339617311954498291e-01,2.576335072517395020e-01,7.208698242902755737e-02,-1.846013814210891724e-01,-3.174024820327758789e-02,2.708986587822437286e-02,1.835555285215377808e-01
1.477591134607791901e-02,8.571022190153598785e-03,-7.822567224502563477e-02,6.040945649147033691e-02,4.877730086445808411e-02,-2.195109426975250244e-02,8.037399500608444214e-03,3.112523443996906281e-02,4.823132604360580444e-02,5.069595202803611755e-02,-1.126407645642757416e-02,-3.879227116703987122e-02,6.173996999859809875e-02,6.247619166970252991e-02,7.499578595161437988e-02,8.275253325700759888e-02,-1.760329469107091427e-03,4.293875023722648621e-02,-7.169312238693237305e-02,-5.371711775660514832e-02,-4.405561834573745728e-02,5.593706667423248291e-02,5.134528502821922302e-02,-8.114008232951164246e-03,9.867623448371887207e-03,7.165770232677459717e-02,-7.490883767604827881e-02,-3.871860727667808533e-02,7.537458091974258423e-02,-2.685755863785743713e-02,6.445139180868864059e-03,-8.711764961481094360e-02,5.602656304836273193e-02,5.814555287361145020e-02,-2.733150264248251915e-03,-8.213078230619430542e-02,5.275212600827217102e-02,6.865487247705459595e-02,-6.444158405065536499e-02,-4.957097768783569336e-02,6.809961795806884766e-02,1.713120006024837494e-02,7.462279498577117920e-02,2.106415666639804840e-02,-1.656658202409744263e-02,-5.608774349093437195e-02,-7.481852173805236816e-02,-2.054131217300891876e-02,9.047859348356723785e-04,-1.327246078290045261e-03,-4.708150867372751236e-03,-1.092546898871660233e-02,5.090488493442535400e-02,5.036407150328159332e-03,-1.202662102878093719e-02,-8.574815839529037476e-02,3.170004487037658691e-02,3.887036815285682678e-03,-6.700628995895385742e-02,-6.318622827529907227e-02,-2.874433994293212891e-03,-1.071881502866744995e-03,1.547002117149531841e-03,4.715219140052795410e-02,6.559633184224367142e-03,-2.177533693611621857e-02,1.683952286839485168e-02,7.833167165517807007e-02,-7.711120694875717163e-02,3.210734575986862183e-02,-6.498228013515472412e-02,-9.471797384321689606e-03,-2.516807615756988525e-02,7.266041636466979980e-02,-3.279215842485427856e-02,-7.473726570606231689e-02,-5.055569345131516457e-04,8.506789058446884155e-02,-8.228387683629989624e-03,-7.146169245243072510e-02,7.998101413249969482e-02,1.312288950430229306e-04,-6.950066238641738892e-02,-5.809544236399233341e-04,-6.915267556905746460e-02,-7.626831531524658203e-02,4.357977584004402161e-02,1.265856088139116764e-03,5.956675112247467041e-02,5.724907293915748596e-02,-1.440669782459735870e-02,-2.363131567835807800e-02,-6.345646828413009644e-02,1.075424812734127045e-02,-7.170988619327545166e-02,-7.485845591872930527e-03,5.480326339602470398e-02,-4.412228008732199669e-06,-5.875284224748611450e-02,5.584699288010597229e-02,-2.948189713060855865e-02,4.942699149250984192e-02,-8.043535053730010986e-02,-6.805295497179031372e-02,9.152876585721969604e-02,1.336801797151565552e-02,-6.944506615400314331e-02,-7.649657875299453735e-02,-3.015971928834915161e-02,-2.262991620227694511e-03,5.265030637383460999e-02,-6.058935821056365967e-02,-7.331601530313491821e-02,-3.335433546453714371e-03,7.981413602828979492e-02,-7.583846151828765869e-02,4.331421479582786560e-02,3.360570967197418213e-02,-7.726520299911499023e-02,3.410558030009269714e-02,5.079909041523933411e-02,6.661885976791381836e-02,6.875123828649520874e-02,-4.210390895605087280e-02,-4.662200435996055603e-02,-4.595384001731872559e-02,2.741682576015591621e-03,5.657242611050605774e-02
-1.481020450592041016e-01,-7.822567224502563477e-02,7.560823559761047363e-01,-6.325056552886962891e-01,-4.820665717124938965e-01,1.788745522499084473e-01,-1.299050301313400269e-01,-3.436485826969146729e-01,-4.429308176040649414e-01,-5.280147194862365723e-01,1.505592912435531616e-01,4.183371365070343018e-01,-5.486202239990234375e-01,-6.501396298408508301e-01,-7.307568192481994629e-01,-7.369502186775207520e-01,1.631062850356101990e-02,-3.975530862808227539e-01,7.011556029319763184e-01,5.825740694999694824e-01,4.209283888339996338e-01,-6.035929918289184570e-01,-5.480049848556518555e-01,8.645896613597869873e-02,-1.045221164822578430e-01,-6.359242796897888184e-01,7.061029076576232910e-01,3.448976874351501465e-01,-7.340934276580810547e-01,2.745655775070190430e-01,-3.829963877797126770e-02,7.970882058143615723e-01,-5.388009548187255859e-01,-6.525037884712219238e-01,3.185394778847694397e-02,7.458762526512145996e-01,-5.349773764610290527e-01,-6.856891512870788574e-01,5.872824192047119141e-01,5.405863523483276367e-01,-6.433660984039306641e-01,-1.857015341520309448e-01,-7.031028270721435547e-01,-2.237097322940826416e-01,1.520017683506011963e-01,5.411068201065063477e-01,7.412748336791992188e-01,2.134758830070495605e-01,-1.568978466093540192e-02,1.155924350023269653e-01,6.569261848926544189e-02,1.677826941013336182e-01,-5.289398431777954102e-01,-3.537893667817115784e-02,1.295467913150787354e-01,7.955443263053894043e-01,-3.777416646480560303e-01,-4.166542738676071167e-02,6.184667944908142090e-01,6.392924189567565918e-01,5.749832093715667725e-02,-6.015354301780462265e-03,-1.572282053530216217e-02,-4.641813933849334717e-01,-5.021871998906135559e-02,2.198785394430160522e-01,-8.920630067586898804e-02,-7.203004956245422363e-01,7.330455780029296875e-01,-3.115474581718444824e-01,6.559064984321594238e-01,1.103444471955299377e-01,2.666903436183929443e-01,-7.214499711990356445e-01,2.967336177825927734e-01,6.997861266136169434e-01,4.465825390070676804e-03,-8.019344210624694824e-01,9.735862910747528076e-02,7.048235535621643066e-01,-7.704638242721557617e-01,-1.437998493202030659e-03,6.883893609046936035e-01,6.964852567762136459e-03,6.460298895835876465e-01,7.152763009071350098e-01,-4.554984271526336670e-01,-1.279617473483085632e-02,-5.486553907394409180e-01,-6.112940311431884766e-01,1.600822508335113525e-01,1.996759772300720215e-01,6.146203875541687012e-01,-1.013375297188758850e-01,7.022621035575866699e-01,1.122428476810455322e-01,-5.476629734039306641e-01,5.050241088611073792e-05,5.876882076263427734e-01,-5.476778745651245117e-01,3.899720907211303711e-01,-4.842673838138580322e-01,7.594667077064514160e-01,6.776195764541625977e-01,-8.276311755180358887e-01,-2.414677143096923828e-01,6.420722603797912598e-01,7.042957544326782227e-01,2.954643368721008301e-01,2.161423489451408386e-02,-5.347510576248168945e-01,6.363970637321472168e-01,7.138808965682983398e-01,-8.106844127178192139e-02,-7.578762769699096680e-01,7.232064008712768555e-01,-4.256465137004852295e-01,-3.555457293987274170e-01,7.423980236053466797e-01,-3.614546358585357666e-01,-4.886530041694641113e-01,-6.633132696151733398e-01,-6.737923622131347656e-01,3.656461238861083984e-01,5.576461553573608398e-01,4.850617647171020508e-01,-3.931339085102081299e-02,-5.920280814170837402e-01
3.983272612094879150e-02,6.040945649147033691e-02,-6.325056552886962891e-01,6.731172204017639160e-01,2.580142021179199219e-01,-3.096099942922592163e-02,1.006526276469230652e-01,1.325803101062774658e-01,3.627403676509857178e-01,4.271526336669921875e-01,-1.934778988361358643e-01,-3.192657828330993652e-01,3.468076586723327637e-01,5.814419388771057129e-01,6.070669293403625488e-01,4.859137535095214844e-01,-1.032143551856279373e-02,3.092345297336578369e-01,-6.636386513710021973e-01,-4.780413210391998291e-01,-4.587999880313873291e-01,5.511935949325561523e-01,4.981718063354492188e-01,-7.409452646970748901e-02,8.574542403221130371e-02,3.736239969730377197e-01,-5.098053812980651855e-01,-5.529264733195304871e-02,5.256571769714355469e-01,-7.817704975605010986e-02,3.009358607232570648e-02,-6.831662058830261230e-01,5.816537737846374512e-01,5.339326262474060059e-01,-1.214409340173006058e-02,-5.258024930953979492e-01,3.913160562515258789e-01,5.368874073028564453e-01,-2.873400747776031494e-01,-4.792061150074005127e-01,5.249141454696655273e-01,1.950285881757736206e-01,5.340473055839538574e-01,1.716594547033309937e-01,-2.108749896287918091e-01,-3.436163365840911865e-01,-6.582973003387451172e-01,-1.838423758745193481e-01,2.117680385708808899e-02,-6.244251504540443420e-02,-1.820853725075721741e-02,-1.605420373380184174e-02,4.816144406795501709e-01,-7.229361217468976974e-03,2.206300944089889526e-02,-5.999849438667297363e-01,3.279685378074645996e-01,3.124693594872951508e-02,-5.159375071525573730e-01,-6.200253367424011230e-01,-9.752491116523742676e-02,8.402126282453536987e-02,1.853089593350887299e-02,3.137530088424682617e-01,7.364646345376968384e-02,-1.759964525699615479e-01,6.497861444950103760e-02,5.017119646072387695e-01,-5.754759311676025391e-01,4.563556239008903503e-02,-4.689652621746063232e-01,4.547712951898574829e-02,-3.031983077526092529e-01,6.164192557334899902e-01,-2.380358725786209106e-01,-5.405093431472778320e-01,-1.776819000951945782e-03,6.227095127105712891e-01,-2.687706947326660156e-01,-5.560204386711120605e-01,6.971906423568725586e-01,1.173232099972665310e-03,-4.836888015270233154e-01,-2.643368439748883247e-03,-4.721854627132415771e-01,-5.748256444931030273e-01,1.978296637535095215e-01,6.911910139024257660e-03,3.802761435508728027e-01,4.571459889411926270e-01,-1.387009024620056152e-01,-3.363225460052490234e-01,-5.868287682533264160e-01,1.596177816390991211e-01,-6.125746965408325195e-01,3.030652739107608795e-02,3.848268389701843262e-01,-3.832462971331551671e-05,-3.662540018558502197e-01,3.660988211631774902e-01,-2.076431065797805786e-01,2.126469314098358154e-01,-6.852082014083862305e-01,-5.036043524742126465e-01,7.166432142257690430e-01,3.564610779285430908e-01,-7.087655067443847656e-01,-5.299209952354431152e-01,-7.090905308723449707e-02,-2.371252328157424927e-02,5.307741761207580566e-01,-6.472944021224975586e-01,-6.386700272560119629e-01,2.110655754804611206e-01,5.887960791587829590e-01,-5.977344512939453125e-01,1.551591306924819946e-01,3.012121915817260742e-01,-5.780860781669616699e-01,3.709678947925567627e-01,3.978240787982940674e-01,5.906975865364074707e-01,5.594926476478576660e-01,-3.453533053398132324e-01,-4.528323113918304443e-01,-4.752494394779205322e-01,1.741772517561912537e-02,4.533040821552276611e-01
3.488579094409942627e-01,4.877730086445808411e-02,-4.820665717124938965e-01,2.580142021179199219e-01,5.694289207458496094e-01,-3.475747704505920410e-01,1.442069560289382935e-01,5.633079409599304199e-01,2.993799746036529541e-01,3.502221405506134033e-01,-1.636970788240432739e-01,-3.307575881481170654e-01,3.623456954956054688e-01,3.621955513954162598e-01,4.799617528915405273e-01,7.174055576324462891e-01,-9.370688349008560181e-03,2.720766365528106689e-01,-3.934130072593688965e-01,-3.623600900173187256e-01,-2.140695601701736450e-01,2.903282344341278076e-01,2.342225909233093262e-01,6.275433581322431564e-03,7.283566147089004517e-02,6.137685179710388184e-01,-4.813913702964782715e-01,-5.481757521629333496e-01,5.814906358718872070e-01,-3.047488629817962646e-01,-6.567232310771942139e-02,-5.411813259124755859e-01,2.167087793350219727e-01,4.105219244956970215e-01,-3.750981763005256653e-02,-5.912039875984191895e-01,3.923749327659606934e-01,4.861376583576202393e-01,-7.018325924873352051e-01,-4.952351450920104980e-01,5.614748597145080566e-01,1.504989117383956909e-01,4.651055932044982910e-01,1.555336713790893555e-01,-8.318007737398147583e-02,-3.025857210159301758e-01,-4.906716048717498779e-01,-1.875128298997879028e-01,5.674234777688980103e-02,-7.329512387514114380e-02,-1.744453012943267822e-01,-2.631945610046386719e-01,4.492532014846801758e-01,2.479212172329425812e-02,-2.010441571474075317e-01,-6.807374954223632812e-01,3.005545437335968018e-01,3.023494035005569458e-02,-3.359748721122741699e-01,-3.307135105133056641e-01,-6.698549538850784302e-02,-7.254779338836669922e-02,4.578358959406614304e-03,4.625466465950012207e-01,6.085254997014999390e-02,-1.447333246469497681e-01,-8.979747444391250610e-02,6.437509655952453613e-01,-5.317833423614501953e-01,5.053189396858215332e-01,-6.134992837905883789e-01,-2.218988165259361267e-02,-7.371387630701065063e-02,4.687438607215881348e-01,-3.145737051963806152e-01,-5.938947200775146484e-01,-3.543951548635959625e-03,6.035385727882385254e-01,3.602125495672225952e-02,-5.279378294944763184e-01,5.481942892074584961e-01,9.206295362673699856e-04,-5.972123146057128906e-01,-6.946287583559751511e-03,-6.779358983039855957e-01,-4.370176494121551514e-01,5.105634331703186035e-01,1.202407199889421463e-02,3.175819218158721924e-01,4.920685589313507080e-01,-2.147421240806579590e-01,1.136145219206809998e-01,-2.893445193767547607e-01,-6.203369796276092529e-02,-5.105569958686828613e-01,-3.503763377666473389e-01,4.605716764926910400e-01,-4.753472239826805890e-05,-5.387678742408752441e-01,5.573515295982360840e-01,-4.602927565574645996e-01,6.020493507385253906e-01,-5.108662247657775879e-01,-5.361264348030090332e-01,5.429230928421020508e-01,1.699539124965667725e-01,-2.650760710239410400e-01,-4.799445271492004395e-01,-5.130729675292968750e-01,-3.423297777771949768e-03,2.392437011003494263e-01,-2.404354065656661987e-01,-4.502352178096771240e-01,-7.798357307910919189e-02,6.248735785484313965e-01,-4.946548938751220703e-01,5.658172369003295898e-01,1.762093156576156616e-01,-6.467185616493225098e-01,1.634622216224670410e-01,2.516769170761108398e-01,4.506421089172363281e-01,4.876228868961334229e-01,-9.896543622016906738e-02,-3.847934305667877197e-01,-1.903745532035827637e-01,4.313557222485542297e-02,4.333815276622772217e-01
-2.994238734245300293e-01,-2.195109426975250244e-02,1.788745522499084473e-01,-3.096099942922592163e-02,-3.475747704505920410e-01,3.081528544425964355e-01,-7.034473866224288940e-02,-3.656942844390869141e-01,-2.142028808593750000e-01,-1.641208082437515259e-01,1.234858185052871704e-01,1.722773760557174683e-01,-1.395856887102127075e-01,-1.377860903739929199e-01,-1.949906200170516968e-01,-4.084649384021759033e-01,1.993104582652449608e-03,-1.240562573075294495e-01,1.455283164978027344e-01,1.465439498424530029e-01,1.501751542091369629e-01,-7.788420468568801880e-02,-2.631021663546562195e-02,-3.369000554084777832e-02,-3.822660073637962341e-02,-3.680491447448730469e-01,1.934601217508316040e-01,3.705601692199707031e-01,-2.301265150308609009e-01,1.422455012798309326e-01,8.611623942852020264e-02,2.582433223724365234e-01,-6.678635627031326294e-02,-1.291111558675765991e-01,1.967829279601573944e-02,2.925789058208465576e-01,-1.909730881452560425e-01,-2.217059433460235596e-01,4.013796746730804443e-01,2.910555899143218994e-01,-3.440806865692138672e-01,-9.710236638784408569e-02,-1.795121282339096069e-01,-6.431966274976730347e-02,8.737099170684814453e-02,4.929350316524505615e-02,1.979643404483795166e-01,1.117821484804153442e-01,-7.612539827823638916e-02,-2.023539738729596138e-03,1.537017524242401123e-01,1.128409057855606079e-01,-2.868806421756744385e-01,2.690179506316781044e-03,9.660749882459640503e-02,3.346613645553588867e-01,-1.635117977857589722e-01,-1.323145255446434021e-02,1.188022196292877197e-01,1.184037327766418457e-01,7.346364855766296387e-02,3.650494292378425598e-02,-1.089368481189012527e-03,-3.054624795913696289e-01,-7.356789708137512207e-02,6.829227507114410400e-02,1.253543794155120850e-01,-3.414348065853118896e-01,2.643905580043792725e-01,-3.280556797981262207e-01,3.275936543941497803e-01,-1.240312755107879639e-01,3.147312626242637634e-02,-2.013650387525558472e-01,2.393314242362976074e-01,3.150996565818786621e-01,1.553034759126603603e-03,-2.562665045261383057e-01,-1.726112700998783112e-02,2.684848010540008545e-01,-2.605522274971008301e-01,-3.825596359092742205e-04,2.965993583202362061e-01,2.426195424050092697e-03,4.255111515522003174e-01,1.511168181896209717e-01,-2.708676159381866455e-01,-6.269211415201425552e-03,-1.379518061876296997e-01,-2.527939379215240479e-01,1.478295177221298218e-01,-1.123171448707580566e-01,1.019540056586265564e-01,5.862919986248016357e-02,2.630998790264129639e-01,2.759613096714019775e-01,-2.066672891378402710e-01,2.576093356765341014e-05,2.906150221824645996e-01,-3.466927409172058105e-01,2.626096606254577637e-01,-3.784077167510986328e-01,2.470262795686721802e-01,2.669255435466766357e-01,-2.247563004493713379e-01,-7.119012624025344849e-02,7.890831679105758667e-02,2.001346051692962646e-01,3.717167973518371582e-01,7.841558544896543026e-04,-1.180260479450225830e-01,1.400266308337450027e-02,1.908511072397232056e-01,8.486706018447875977e-02,-2.864049077033996582e-01,2.288334667682647705e-01,-3.620130121707916260e-01,-2.511597983539104462e-02,3.374967277050018311e-01,-6.182241812348365784e-02,-5.827733874320983887e-02,-2.280783802270889282e-01,-2.488004714250564575e-01,-6.924490910023450851e-03,1.622720211744308472e-01,4.436804726719856262e-02,-2.871230244636535645e-02,-1.929837465286254883e-01
1.167695596814155579e-01,8.037399500608444214e-03,-1.299050301313400269e-01,1.006526276469230652e-01,1.442069560289382935e-01,-7.034473866224288940e-02,9.533948451280593872e-02,1.662304550409317017e-01,5.525206029415130615e-02,1.081780865788459778e-01,-1.119425967335700989e-01,-9.155843406915664673e-02,1.389223057776689529e-02,1.068081557750701904e-01,1.168793588876724243e-01,1.575833112001419067e-01,-9.511837852187454700e-04,3.919064998626708984e-02,-1.337708234786987305e-01,-1.236113980412483215e-01,-1.033846512436866760e-01,8.207003027200698853e-02,6.793465465307235718e-02,1.794732548296451569e-02,2.232457138597965240e-02,1.115292534232139587e-01,-9.448401629924774170e-02,-1.075193807482719421e-01,1.359233409166336060e-01,-7.048355787992477417e-02,-4.664725437760353088e-02,-1.455887407064437866e-01,9.004061669111251831e-02,1.316124498844146729e-01,-7.769363932311534882e-03,-1.129801571369171143e-01,8.970239013433456421e-02,1.224933043122291565e-01,-1.419443041086196899e-01,-2.104185223579406738e-01,1.682148575782775879e-01,7.092435657978057861e-02,8.987959474325180054e-02,4.077888652682304382e-02,-7.300381362438201904e-02,-1.431277301162481308e-02,-1.466089189052581787e-01,-5.594067648053169250e-02,4.283557832241058350e-02,-3.369732201099395752e-02,-5.528785288333892822e-02,-7.343658804893493652e-02,1.802049726247787476e-01,-5.025559104979038239e-03,-2.545317262411117554e-02,-1.789955943822860718e-01,1.083798035979270935e-01,7.154697086662054062e-03,-6.617272645235061646e-02,-8.960422128438949585e-02,-7.218062132596969604e-02,1.572549715638160706e-02,2.595095662400126457e-03,1.447310745716094971e-01,2.767567150294780731e-02,-3.388158977031707764e-02,-9.843802452087402344e-02,1.516147851943969727e-01,-1.272000670433044434e-01,1.175555661320686340e-01,-1.795898973941802979e-01,5.936180800199508667e-02,-3.690693899989128113e-02,1.180381998419761658e-01,-1.087670102715492249e-01,-1.743849515914916992e-01,9.217936894856393337e-05,1.492058187723159790e-01,-4.779735952615737915e-02,-1.423112452030181885e-01,1.813643872737884521e-01,2.456638030707836151e-04,-1.554000675678253174e-01,-1.946315518580377102e-03,-2.045368999242782593e-01,-6.664641201496124268e-02,1.399956792593002319e-01,1.993144629523158073e-03,3.054095990955829620e-02,1.401726007461547852e-01,-8.972298353910446167e-02,1.756743714213371277e-02,-8.367180824279785156e-02,1.500454236520454288e-04,-1.587137728929519653e-01,-1.320348232984542847e-01,1.048172488808631897e-01,-1.727466587908565998e-05,-1.193187832832336426e-01,1.507589817047119141e-01,-1.626674979925155640e-01,1.489809751510620117e-01,-1.442799121141433716e-01,-1.336606144905090332e-01,1.522083729505538940e-01,1.575019359588623047e-01,-1.067709326744079590e-01,-7.265759259462356567e-02,-1.336427479982376099e-01,-1.731653464958071709e-03,7.200532406568527222e-02,-1.062222719192504883e-01,-1.080376356840133667e-01,7.384719699621200562e-02,1.573265045881271362e-01,-1.278152316808700562e-01,1.275296360254287720e-01,3.174623474478721619e-02,-1.874588429927825928e-01,6.182227656245231628e-02,2.610737271606922150e-02,1.500112563371658325e-01,1.394614130258560181e-01,1.891157962381839752e-02,-1.351526677608489990e-01,-6.374754011631011963e-02,1.458061952143907547e-02,1.381179094314575195e-01
4.194804430007934570e-01,3.112523443996906281e-02,-3.436485826969146729e-01,1.325803101062774658e-01,5.633079409599304199e-01,-3.656942844390869141e-01,1.662304550409317017e-01,6.680972576141357422e-01,1.933022141456604004e-01,2.609467208385467529e-01,-1.677641719579696655e-01,-3.039356172084808350e-01,2.417627871036529541e-01,2.611864209175109863e-01,3.687598407268524170e-01,6.287306547164916992e-01,-4.634082317352294922e-03,1.873373091220855713e-01,-2.302217632532119751e-01,-2.718130052089691162e-01,-8.905515819787979126e-02,1.889258176088333130e-01,1.219145432114601135e-01,3.190999850630760193e-02,5.838577821850776672e-02,5.167104005813598633e-01,-3.477221727371215820e-01,-5.745624899864196777e-01,5.015628337860107422e-01,-2.821824252605438232e-01,-1.130637004971504211e-01,-3.803248405456542969e-01,4.928605630993843079e-02,3.450638949871063232e-01,-4.392807185649871826e-02,-4.705345928668975830e-01,3.188268542289733887e-01,3.843186199665069580e-01,-6.927121281623840332e-01,-4.873007833957672119e-01,4.683050215244293213e-01,1.376150995492935181e-01,3.288846611976623535e-01,1.314577460289001465e-01,-1.227647531777620316e-02,-1.876244693994522095e-01,-3.752160370349884033e-01,-1.823996752500534058e-01,5.754474550485610962e-02,-1.301034092903137207e-01,-2.269853800535202026e-01,-3.414701223373413086e-01,3.993531167507171631e-01,5.437733605504035950e-03,-2.427517175674438477e-01,-5.856518745422363281e-01,2.930725216865539551e-01,2.688543684780597687e-02,-1.523815095424652100e-01,-2.093045860528945923e-01,-7.388042658567428589e-02,-1.025679260492324829e-01,-5.765287642134353518e-05,3.936124742031097412e-01,4.292098805308341980e-02,-1.079415902495384216e-01,-2.073724567890167236e-01,5.548303127288818359e-01,-4.160273969173431396e-01,5.419511198997497559e-01,-5.733604431152343750e-01,-2.940281666815280914e-02,8.811500854790210724e-03,3.623505532741546631e-01,-2.566921710968017578e-01,-4.869231879711151123e-01,-2.715111244469881058e-03,4.847141504287719727e-01,7.160974293947219849e-02,-4.199861884117126465e-01,4.190416336059570312e-01,7.827551453374326229e-04,-5.390731096267700195e-01,-7.512853480875492096e-03,-6.241787075996398926e-01,-3.024913966655731201e-01,5.097090601921081543e-01,1.174442376941442490e-02,1.543118208646774292e-01,4.484654068946838379e-01,-2.340175658464431763e-01,2.826403379440307617e-01,-1.235056817531585693e-01,-1.454664766788482666e-01,-3.941257894039154053e-01,-4.533051252365112305e-01,4.128544628620147705e-01,-4.786852514371275902e-05,-5.103062987327575684e-01,5.130294561386108398e-01,-5.224291682243347168e-01,6.093341112136840820e-01,-3.788519203662872314e-01,-4.569166898727416992e-01,3.497860431671142578e-01,2.131291627883911133e-01,-6.380128115415573120e-02,-3.374446630477905273e-01,-5.706470608711242676e-01,7.063029799610376358e-03,1.121920123696327209e-01,-8.820885419845581055e-02,-3.299154341220855713e-01,-7.469163835048675537e-02,5.415437817573547363e-01,-3.624129891395568848e-01,6.020620465278625488e-01,1.191721484065055847e-01,-5.689282417297363281e-01,8.053403347730636597e-02,1.428677290678024292e-01,3.363132774829864502e-01,3.870021700859069824e-01,4.957779869437217712e-02,-3.595517575740814209e-01,-7.341842353343963623e-02,5.022902041673660278e-02,3.497444689273834229e-01
1.794847995042800903e-01,4.823132604360580444e-02,-4.429308176040649414e-01,3.627403676509857178e-01,2.993799746036529541e-01,-2.142028808593750000e-01,5.525206029415130615e-02,1.933022141456604004e-01,4.209367036819458008e-01,3.370555639266967773e-01,-1.578340679407119751e-01,-2.673418819904327393e-01,2.719200849533081055e-01,4.139938950538635254e-01,4.500245153903961182e-01,5.141838192939758301e-01,-6.002660840749740601e-03,2.089067399501800537e-01,-4.631328880786895752e-01,-3.520413041114807129e-01,-4.336329996585845947e-01,3.562963604927062988e-01,2.660660147666931152e-01,-3.377831727266311646e-02,7.354364544153213501e-02,4.536320865154266357e-01,-4.174910187721252441e-01,-2.089625895023345947e-01,3.726397752761840820e-01,-9.517132490873336792e-02,-3.957721218466758728e-02,-5.997867584228515625e-01,3.858869373798370361e-01,3.412134051322937012e-01,-1.242170296609401703e-02,-4.870546460151672363e-01,3.213612437248229980e-01,4.192740917205810547e-01,-3.294997215270996094e-01,-4.061964154243469238e-01,5.133926868438720703e-01,1.607555001974105835e-01,3.851726949214935303e-01,1.190089881420135498e-01,-2.141420394182205200e-01,-2.158754914999008179e-01,-4.515379071235656738e-01,-1.478791385889053345e-01,8.339187502861022949e-02,-2.618170529603958130e-02,-1.008303612470626831e-01,1.104733068495988846e-02,4.531842172145843506e-01,-1.717079244554042816e-02,1.708177500404417515e-03,-5.115574598312377930e-01,2.559316456317901611e-01,2.255946025252342224e-02,-3.683825731277465820e-01,-4.056245088577270508e-01,-1.107385605573654175e-01,6.821321696043014526e-02,1.227990724146366119e-02,3.676830530166625977e-01,1.026929840445518494e-01,-1.387643814086914062e-01,-2.550719492137432098e-02,4.628702402114868164e-01,-4.958519041538238525e-01,1.698419600725173950e-01,-4.046920239925384521e-01,1.620517373085021973e-01,-2.405941188335418701e-01,4.685903191566467285e-01,-2.850156426429748535e-01,-4.654354453086853027e-01,-1.925551681779325008e-03,4.868732094764709473e-01,-1.305664628744125366e-01,-4.912717342376708984e-01,5.499391555786132812e-01,8.511636988259851933e-04,-4.080761671066284180e-01,-1.093285623937845230e-03,-4.952953755855560303e-01,-4.054317176342010498e-01,2.145667076110839844e-01,6.539288908243179321e-03,3.612551093101501465e-01,3.846819102764129639e-01,-1.265586912631988525e-01,-1.755279302597045898e-01,-4.113120436668395996e-01,1.052559539675712585e-01,-5.017397403717041016e-01,-1.105721816420555115e-01,2.556070685386657715e-01,-3.053618274861946702e-05,-3.615190684795379639e-01,3.853233456611633301e-01,-2.161452770233154297e-01,3.258536458015441895e-01,-5.600745677947998047e-01,-4.237677156925201416e-01,5.645397901535034180e-01,1.625589430332183838e-01,-4.969226717948913574e-01,-4.160524010658264160e-01,-2.269684821367263794e-01,-2.045453153550624847e-02,4.603265821933746338e-01,-3.770005404949188232e-01,-4.679252207279205322e-01,7.845356315374374390e-02,4.367439150810241699e-01,-4.815259575843811035e-01,2.622025609016418457e-01,1.487125754356384277e-01,-4.936305284500122070e-01,2.596472501754760742e-01,2.175279855728149414e-01,4.794010221958160400e-01,4.599766433238983154e-01,-2.052267491817474365e-01,-3.358008265495300293e-01,-3.205166459083557129e-01,3.374676778912544250e-02,3.335184752941131592e-01
1.521959602832794189e-01,5.069595202803611755e-02,-5.280147194862365723e-01,4.271526336669921875e-01,3.502221405506134033e-01,-1.641208082437515259e-01,1.081780865788459778e-01,2.609467208385467529e-01,3.370555639266967773e-01,3.722218573093414307e-01,-1.516660004854202271e-01,-2.908055484294891357e-01,3.298514783382415771e-01,4.499365687370300293e-01,5.095023512840270996e-01,5.670386552810668945e-01,-9.555812925100326538e-03,2.462543100118637085e-01,-5.151605010032653809e-01,-4.050590097904205322e-01,-3.581219017505645752e-01,3.949489593505859375e-01,3.423026800155639648e-01,-4.248004779219627380e-02,7.537803053855895996e-02,4.756126701831817627e-01,-4.892545938491821289e-01,-2.517387866973876953e-01,5.082722902297973633e-01,-1.799863725900650024e-01,-1.049535628408193588e-02,-6.200527548789978027e-01,3.914224207401275635e-01,4.429643154144287109e-01,-1.945035159587860107e-02,-5.425288677215576172e-01,3.593915998935699463e-01,4.761943817138671875e-01,-4.274611473083496094e-01,-4.388950765132904053e-01,5.091172456741333008e-01,1.514665782451629639e-01,4.674844145774841309e-01,1.462090462446212769e-01,-1.599241495132446289e-01,-3.214147388935089111e-01,-5.279420018196105957e-01,-1.508667171001434326e-01,5.027492344379425049e-02,-7.010101526975631714e-02,-7.322543114423751831e-02,-9.271816909313201904e-02,4.391770064830780029e-01,1.065056957304477692e-02,-6.296844780445098877e-02,-6.044449210166931152e-01,2.747381329536437988e-01,2.697916515171527863e-02,-4.129069745540618896e-01,-4.325210452079772949e-01,-8.615939319133758545e-02,3.177336975932121277e-02,1.136937737464904785e-02,3.696149587631225586e-01,6.081786751747131348e-02,-1.485352963209152222e-01,-7.411042461171746254e-04,5.282003283500671387e-01,-5.322950482368469238e-01,2.277195900678634644e-01,-4.845561087131500244e-01,1.858725398778915405e-02,-2.026083618402481079e-01,5.104911923408508301e-01,-2.554732561111450195e-01,-5.281083583831787109e-01,-2.473721280694007874e-03,5.867106914520263672e-01,-9.317562729120254517e-02,-5.234991312026977539e-01,6.009544134140014648e-01,9.553841082379221916e-04,-4.908523261547088623e-01,-4.022646229714155197e-03,-5.246211886405944824e-01,-4.717181324958801270e-01,3.155818879604339600e-01,8.069917559623718262e-03,3.687645792961120605e-01,4.308435022830963135e-01,-1.351828575134277344e-01,-1.396111398935317993e-01,-4.288091361522674561e-01,8.210555464029312134e-02,-5.319948196411132812e-01,-1.247762665152549744e-01,3.445979356765747070e-01,-3.709729935508221388e-05,-4.065385460853576660e-01,4.103316962718963623e-01,-2.909742593765258789e-01,3.699980378150939941e-01,-5.781781077384948730e-01,-4.785417914390563965e-01,6.366709470748901367e-01,2.017679959535598755e-01,-4.979659914970397949e-01,-4.772208333015441895e-01,-2.387132495641708374e-01,-1.676477119326591492e-02,4.031640589237213135e-01,-4.441348612308502197e-01,-5.002849698066711426e-01,9.030658006668090820e-02,5.418041944503784180e-01,-5.220124125480651855e-01,3.081511557102203369e-01,2.079619467258453369e-01,-5.641040205955505371e-01,2.571516036987304688e-01,2.822822630405426025e-01,4.970701038837432861e-01,4.900775849819183350e-01,-2.133080065250396729e-01,-3.906664252281188965e-01,-3.307468891143798828e-01,3.227601200342178345e-02,4.095446169376373291e-01
-2.067392319440841675e-01,-1.126407645642757416e-02,1.505592912435531616e-01,-1.934778988361358643e-01,-1.636970788240432739e-01,1.234858185052871704e-01,-1.119425967335700989e-01,-1.677641719579696655e-01,-1.578340679407119751e-01,-1.516660004854202271e-01,2.592890262603759766e-01,1.227976456284523010e-01,7.364716380834579468e-02,-1.582040786743164062e-01,-1.414019614458084106e-01,-1.486581265926361084e-01,-2.289084019139409065e-03,-5.454311519861221313e-02,2.314132750034332275e-01,1.579454988241195679e-01,2.980326414108276367e-01,-1.171569526195526123e-01,-7.438022643327713013e-02,-5.419133976101875305e-02,-3.558752685785293579e-02,-8.595459163188934326e-02,4.315113648772239685e-02,5.341757461428642273e-02,-6.209234520792961121e-02,-1.462043635547161102e-02,1.099557131528854370e-01,2.156731039285659790e-01,-2.354321628808975220e-01,-1.168188303709030151e-01,-7.437422173097729683e-04,7.606656104326248169e-02,-1.002682745456695557e-01,-1.443365216255187988e-01,5.490223690867424011e-02,3.555502295494079590e-01,-3.009055554866790771e-01,-1.631008535623550415e-01,-6.182958185672760010e-02,-4.200575128197669983e-02,2.323315292596817017e-01,-1.489915698766708374e-01,2.151786088943481445e-01,1.114913746714591980e-01,-1.041195839643478394e-01,-4.248777031898498535e-02,1.053937301039695740e-01,-2.259046956896781921e-02,-3.513940274715423584e-01,5.050833523273468018e-02,-7.804209738969802856e-02,1.838345825672149658e-01,-1.798257976770401001e-01,-6.974845193326473236e-03,9.228023886680603027e-02,1.817331016063690186e-01,1.698546856641769409e-01,-8.570742607116699219e-02,-8.096719160676002502e-03,-2.386112213134765625e-01,-1.090954691171646118e-01,4.817283898591995239e-02,1.867213398218154907e-01,-1.604709029197692871e-01,1.533381938934326172e-01,-7.048058509826660156e-02,2.122812122106552124e-01,-3.246829807758331299e-01,1.218690648674964905e-01,-1.571900695562362671e-01,2.459784150123596191e-01,2.454720139503479004e-01,-1.648199744522571564e-03,-1.280143857002258301e-01,2.293174415826797485e-01,1.879329532384872437e-01,-2.969788312911987305e-01,-2.936054952442646027e-04,1.485264748334884644e-01,-8.481790428049862385e-04,3.095645308494567871e-01,3.417737036943435669e-02,-7.407224923372268677e-02,-4.151237080805003643e-04,8.334559388458728790e-03,-1.713655889034271240e-01,1.784785091876983643e-01,9.494949877262115479e-02,1.703824996948242188e-01,-4.512872546911239624e-02,2.635563015937805176e-01,1.612749993801116943e-01,-1.121679618954658508e-01,2.460249743307940662e-05,1.001684740185737610e-01,-2.172221839427947998e-01,1.510207206010818481e-01,-1.179955005645751953e-01,2.454750090837478638e-01,1.520919352769851685e-01,-1.994910836219787598e-01,-3.401454687118530273e-01,2.833818793296813965e-01,3.972506150603294373e-02,1.513198912143707275e-01,7.992655970156192780e-03,-1.868652552366256714e-01,1.721278429031372070e-01,1.857269406318664551e-01,-1.512068063020706177e-01,-1.711032241582870483e-01,1.854792833328247070e-01,-8.204475045204162598e-02,-1.116718910634517670e-02,2.445868402719497681e-01,-1.450654417276382446e-01,-2.967459731735289097e-04,-2.627826035022735596e-01,-2.190694659948348999e-01,-2.116350457072257996e-03,1.583905965089797974e-01,1.267959326505661011e-01,-1.059144828468561172e-02,-1.671976000070571899e-01
-1.700400710105895996e-01,-3.879227116703987122e-02,4.183371365070343018e-01,-3.192657828330993652e-01,-3.307575881481170654e-01,1.722773760557174683e-01,-9.155843406915664673e-02,-3.039356172084808350e-01,-2.673418819904327393e-01,-2.908055484294891357e-01,1.227976456284523010e-01,2.609768211841583252e-01,-2.613119482994079590e-01,-3.631612956523895264e-01,-4.226152896881103516e-01,-5.121431350708007812e-01,6.088887341320514679e-03,-1.897517442703247070e-01,3.829636275768280029e-01,3.165837228298187256e-01,2.496715188026428223e-01,-3.167407214641571045e-01,-2.520977258682250977e-01,2.994605898857116699e-02,-6.192396208643913269e-02,-4.153650104999542236e-01,3.936274051666259766e-01,2.629744410514831543e-01,-4.458143115043640137e-01,1.493224501609802246e-01,3.488945960998535156e-02,5.010056495666503906e-01,-2.574761211872100830e-01,-3.706424236297607422e-01,2.285823225975036621e-02,4.639131128787994385e-01,-2.984866797924041748e-01,-3.945614695549011230e-01,4.295291602611541748e-01,3.860129714012145996e-01,-4.294927418231964111e-01,-1.250110715627670288e-01,-3.688304424285888672e-01,-1.224915832281112671e-01,9.329127520322799683e-02,2.542141079902648926e-01,4.300429522991180420e-01,1.370569020509719849e-01,-3.899400308728218079e-02,1.004790365695953369e-01,1.035597920417785645e-01,1.272023171186447144e-01,-3.696915507316589355e-01,1.934781670570373535e-03,8.992413431406021118e-02,5.278509855270385742e-01,-2.498043477535247803e-01,-2.395421080291271210e-02,2.842227518558502197e-01,3.382805883884429932e-01,6.847749650478363037e-02,-2.911536023020744324e-03,-7.601289544254541397e-03,-2.961471378803253174e-01,-4.758581891655921936e-02,1.201635375618934631e-01,4.794265329837799072e-02,-4.598119854927062988e-01,4.418390095233917236e-01,-2.394191622734069824e-01,4.328640699386596680e-01,-5.006710416637361050e-04,1.417323201894760132e-01,-4.298764467239379883e-01,1.946022808551788330e-01,4.310100674629211426e-01,2.144430764019489288e-03,-4.979536235332489014e-01,4.983546957373619080e-02,4.419620037078857422e-01,-4.897689223289489746e-01,-8.322815410792827606e-04,4.331208765506744385e-01,3.853086382150650024e-03,4.694855213165283203e-01,3.872679471969604492e-01,-2.838579714298248291e-01,-7.812781259417533875e-03,-2.701318562030792236e-01,-3.800358176231384277e-01,1.253524422645568848e-01,3.199497237801551819e-02,3.048084676265716553e-01,-2.701915986835956573e-02,4.312281310558319092e-01,1.627999097108840942e-01,-2.914700210094451904e-01,3.371367711224593222e-05,3.787208795547485352e-01,-3.639977276325225830e-01,2.949427068233489990e-01,-3.626357614994049072e-01,4.791626036167144775e-01,4.109468460083007812e-01,-4.899090826511383057e-01,-1.796126812696456909e-01,3.401718735694885254e-01,3.884386122226715088e-01,2.589245140552520752e-01,9.862606413662433624e-03,-3.105833530426025391e-01,3.132722675800323486e-01,4.130019843578338623e-01,-6.169354915618896484e-02,-4.723211824893951416e-01,4.190642237663269043e-01,-3.216232955455780029e-01,-1.656563282012939453e-01,4.900983870029449463e-01,-1.905412226915359497e-01,-2.112140655517578125e-01,-3.973467648029327393e-01,-4.000184237957000732e-01,1.286314129829406738e-01,3.470983803272247314e-01,2.417723983526229858e-01,-3.541619330644607544e-02,-3.217915892601013184e-01
