9.999982118606567383e-01,-9.999984502792358398e-01,-9.999880194664001465e-01,9.999982118606567383e-01,9.999988675117492676e-01,-9.999986886978149414e-01,9.999955296516418457e-01,9.999990463256835938e-01,-9.999973177909851074e-01,9.999973177909851074e-01,-9.999982714653015137e-01,-9.999988079071044922e-01,9.999980926513671875e-01,9.999982118606567383e-01,9.999765753746032715e-01,9.999974370002746582e-01,9.999974966049194336e-01,-9.999986290931701660e-01,9.999924302101135254e-01,-9.999989867210388184e-01,-9.999989271163940430e-01,9.999871850013732910e-01,9.999983310699462891e-01,9.999985098838806152e-01,9.999893307685852051e-01,9.999989271163940430e-01,-9.999983906745910645e-01,-9.999988079071044922e-01,9.999799728393554688e-01,-9.999958276748657227e-01,-9.999939799308776855e-01,-9.999983906745910645e-01,9.999925494194030762e-01,9.999972581863403320e-01,-9.999968409538269043e-01,-9.999812841415405273e-01,9.999989271163940430e-01,9.999986886978149414e-01,9.999927878379821777e-01,-9.999988675117492676e-01,9.999985098838806152e-01,-9.999967217445373535e-01,9.999670386314392090e-01,9.999986886978149414e-01,9.999979138374328613e-01,9.999981522560119629e-01,-9.999234080314636230e-01,9.999982118606567383e-01,9.999987483024597168e-01,-9.999985694885253906e-01,-9.999986886978149414e-01,-9.999976754188537598e-01,-9.999988079071044922e-01,-9.999914169311523438e-01,-9.999970793724060059e-01,-9.999980330467224121e-01,-9.999970197677612305e-01,9.998504519462585449e-01,9.999977946281433105e-01,9.999983310699462891e-01,-9.999978542327880859e-01,9.999988675117492676e-01,9.999982118606567383e-01,9.999949932098388672e-01,-9.999956488609313965e-01,-9.999988079071044922e-01,-9.999989867210388184e-01,-9.999950528144836426e-01,-9.999988079071044922e-01,9.999987483024597168e-01,-9.999986886978149414e-01,9.999980330467224121e-01,9.999960660934448242e-01,-9.999918937683105469e-01,-9.999220967292785645e-01,-9.999982118606567383e-01,9.999926686286926270e-01,9.999987483024597168e-01,-9.999928474426269531e-01,-9.999966621398925781e-01,-9.999504685401916504e-01,9.999974370002746582e-01,-9.999987483024597168e-01,9.999961853027343750e-01,-9.999982714653015137e-01,-9.999859333038330078e-01,9.999898672103881836e-01,9.999988079071044922e-01,9.999095797538757324e-01,9.999958872795104980e-01,-9.999978542327880859e-01,9.999983310699462891e-01,-9.999759197235107422e-01,-9.999979734420776367e-01,9.999983906745910645e-01,-9.999979138374328613e-01,-9.999917149543762207e-01,9.999989271163940430e-01,-9.999986886978149414e-01,9.999897480010986328e-01,-9.999969601631164551e-01,9.999986886978149414e-01,-9.999743103981018066e-01,-9.999677538871765137e-01,9.999985098838806152e-01,9.999971985816955566e-01,-9.997785687446594238e-01,-9.999978542327880859e-01,-9.999940991401672363e-01,9.999985098838806152e-01,-9.999981522560119629e-01,9.999984502792358398e-01,-9.999981522560119629e-01,-9.999847412109375000e-01,9.999990463256835938e-01,-9.999982714653015137e-01,9.999988079071044922e-01,-9.999985694885253906e-01,-9.999941587448120117e-01,-9.999981522560119629e-01,-9.999988079071044922e-01,9.999958276748657227e-01,9.999985694885253906e-01,-9.999975562095642090e-01,-9.999666810035705566e-01,-9.999955892562866211e-01,9.999878406524658203e-01,-9.999972581863403320e-01
-9.999984502792358398e-01,9.999987483024597168e-01,9.999900460243225098e-01,-9.999985098838806152e-01,-9.999991059303283691e-01,9.999989271163940430e-01,-9.999962449073791504e-01,-9.999992251396179199e-01,9.999978542327880859e-01,-9.999977946281433105e-01,9.999986290931701660e-01,9.999989867210388184e-01,-9.999983906745910645e-01,-9.999985098838806152e-01,-9.999805688858032227e-01,-9.999979138374328613e-01,-9.999979734420776367e-01,9.999988675117492676e-01,-9.999938607215881348e-01,9.999992251396179199e-01,9.999991655349731445e-01,-9.999893903732299805e-01,-9.999985694885253906e-01,-9.999988079071044922e-01,-9.999912381172180176e-01,-9.999992251396179199e-01,9.999986290931701660e-01,9.999991059303283691e-01,-9.999834299087524414e-01,9.999964237213134766e-01,9.999949932098388672e-01,9.999986886978149414e-01,-9.999939203262329102e-01,-9.999977350234985352e-01,9.999973773956298828e-01,9.999845027923583984e-01,-9.999991655349731445e-01,-9.999989271163940430e-01,-9.999939799308776855e-01,9.999992251396179199e-01,-9.999988079071044922e-01,9.999973177909851074e-01,-9.999725818634033203e-01,-9.999989867210388184e-01,-9.999983310699462891e-01,-9.999984502792358398e-01,9.999364018440246582e-01,-9.999985098838806152e-01,-9.999990463256835938e-01,9.999988675117492676e-01,9.999988675117492676e-01,9.999980330467224121e-01,9.999989867210388184e-01,9.999927878379821777e-01,9.999976158142089844e-01,9.999983906745910645e-01,9.999975562095642090e-01,-9.998759627342224121e-01,-9.999981522560119629e-01,-9.999986290931701660e-01,9.999982118606567383e-01,-9.999990463256835938e-01,-9.999985098838806152e-01,-9.999958276748657227e-01,9.999963045120239258e-01,9.999990463256835938e-01,9.999992847442626953e-01,9.999958872795104980e-01,9.999989867210388184e-01,-9.999989867210388184e-01,9.999989271163940430e-01,-9.999982714653015137e-01,-9.999967217445373535e-01,9.999932646751403809e-01,9.999355077743530273e-01,9.999985098838806152e-01,-9.999939203262329102e-01,-9.999989271163940430e-01,9.999939799308776855e-01,9.999973177909851074e-01,9.999589323997497559e-01,-9.999979138374328613e-01,9.999989271163940430e-01,-9.999968409538269043e-01,9.999985694885253906e-01,9.999883770942687988e-01,-9.999915361404418945e-01,-9.999991059303283691e-01,-9.999251365661621094e-01,-9.999965429306030273e-01,9.999982118606567383e-01,-9.999986886978149414e-01,9.999800324440002441e-01,9.999983310699462891e-01,-9.999987483024597168e-01,9.999982714653015137e-01,9.999932050704956055e-01,-9.999991655349731445e-01,9.999989867210388184e-01,-9.999915957450866699e-01,9.999975562095642090e-01,-9.999989271163940430e-01,9.999787211418151855e-01,9.999733567237854004e-01,-9.999986886978149414e-01,-9.999976754188537598e-01,9.998164772987365723e-01,9.999982714653015137e-01,9.999951720237731934e-01,-9.999987483024597168e-01,9.999983906745910645e-01,-9.999987483024597168e-01,9.999984502792358398e-01,9.999873042106628418e-01,-9.999992251396179199e-01,9.999986290931701660e-01,-9.999990463256835938e-01,9.999988675117492676e-01,9.999952316284179688e-01,9.999984502792358398e-01,9.999990463256835938e-01,-9.999964833259582520e-01,-9.999988079071044922e-01,9.999979138374328613e-01,9.999724626541137695e-01,9.999963641166687012e-01,-9.999899864196777344e-01,9.999977350234985352e-01
-9.999880194664001465e-01,9.999900460243225098e-01,9.999177455902099609e-01,-9.999880194664001465e-01,-9.999924302101135254e-01,9.999911785125732422e-01,-9.999693632125854492e-01,-9.999932050704956055e-01,9.999818205833435059e-01,-9.999825358390808105e-01,9.999887347221374512e-01,9.999922513961791992e-01,-9.999871253967285156e-01,-9.999880790710449219e-01,-9.998396635055541992e-01,-9.999823570251464844e-01,-9.999836683273315430e-01,9.999906420707702637e-01,-9.999483227729797363e-01,9.999933838844299316e-01,9.999926686286926270e-01,-9.999123215675354004e-01,-9.999885559082031250e-01,-9.999895691871643066e-01,-9.999268651008605957e-01,-9.999931454658508301e-01,9.999895691871643066e-01,9.999924898147583008e-01,-9.998633265495300293e-01,9.999711513519287109e-01,9.999587535858154297e-01,9.999898076057434082e-01,-9.999498128890991211e-01,-9.999815225601196289e-01,9.999787807464599609e-01,9.998719692230224609e-01,-9.999929666519165039e-01,-9.999905824661254883e-01,-9.999507665634155273e-01,9.999923110008239746e-01,-9.999901056289672852e-01,9.999779462814331055e-01,-9.997746348381042480e-01,-9.999914765357971191e-01,-9.999863505363464355e-01,-9.999873638153076172e-01,9.994760751724243164e-01,-9.999879002571105957e-01,-9.999917149543762207e-01,9.999902248382568359e-01,9.999911785125732422e-01,9.999847412109375000e-01,9.999914765357971191e-01,9.999405741691589355e-01,9.999803900718688965e-01,9.999869465827941895e-01,9.999799728393554688e-01,-9.989783763885498047e-01,-9.999849796295166016e-01,-9.999888539314270020e-01,9.999853372573852539e-01,-9.999926090240478516e-01,-9.999880194664001465e-01,-9.999656677246093750e-01,9.999705553054809570e-01,9.999918341636657715e-01,9.999931454658508301e-01,9.999657273292541504e-01,9.999915957450866699e-01,-9.999915957450866699e-01,9.999910593032836914e-01,-9.999866485595703125e-01,-9.999741315841674805e-01,9.999443888664245605e-01,9.994683265686035156e-01,9.999879002571105957e-01,-9.999496936798095703e-01,-9.999911189079284668e-01,9.999503493309020996e-01,9.999779462814331055e-01,9.996616840362548828e-01,-9.999832510948181152e-01,9.999918937683105469e-01,-9.999741911888122559e-01,9.999881386756896973e-01,9.999044537544250488e-01,-9.999306201934814453e-01,-9.999921917915344238e-01,-9.993823766708374023e-01,-9.999719858169555664e-01,9.999856352806091309e-01,-9.999887347221374512e-01,9.998350739479064941e-01,9.999864697456359863e-01,-9.999896883964538574e-01,9.999861121177673340e-01,9.999436736106872559e-01,-9.999927878379821777e-01,9.999915957450866699e-01,-9.999299645423889160e-01,9.999801516532897949e-01,-9.999911785125732422e-01,9.998243451118469238e-01,9.997798204421997070e-01,-9.999900460243225098e-01,-9.999809265136718750e-01,9.984880685806274414e-01,9.999857544898986816e-01,9.999601244926452637e-01,-9.999899268150329590e-01,9.999867081642150879e-01,-9.999901056289672852e-01,9.999876022338867188e-01,9.998953938484191895e-01,-9.999930858612060547e-01,9.999881386756896973e-01,-9.999920129776000977e-01,9.999907016754150391e-01,9.999607205390930176e-01,9.999873042106628418e-01,9.999919533729553223e-01,-9.999712705612182617e-01,-9.999903440475463867e-01,9.999832510948181152e-01,9.997724890708923340e-01,9.999697804450988770e-01,-9.999172091484069824e-01,9.999814033508300781e-01
9.999982118606567383e-01,-9.999985098838806152e-01,-9.999880194664001465e-01,9.999982118606567383e-01,9.999989271163940430e-01,-9.999987483024597168e-01,9.999955892562866211e-01,9.999990463256835938e-01,-9.999973177909851074e-01,9.999974370002746582e-01,-9.999983310699462891e-01,-9.999988079071044922e-01,9.999980926513671875e-01,9.999982118606567383e-01,9.999765753746032715e-01,9.999974370002746582e-01,9.999976158142089844e-01,-9.999986290931701660e-01,9.999924898147583008e-01,-9.999991059303283691e-01,-9.999989271163940430e-01,9.999872446060180664e-01,9.999983310699462891e-01,9.999985694885253906e-01,9.999894499778747559e-01,9.999989867210388184e-01,-9.999984502792358398e-01,-9.999988675117492676e-01,9.999800920486450195e-01,-9.999958276748657227e-01,-9.999939799308776855e-01,-9.999983906745910645e-01,9.999926686286926270e-01,9.999972581863403320e-01,-9.999968409538269043e-01,-9.999814033508300781e-01,9.999989867210388184e-01,9.999986886978149414e-01,9.999928474426269531e-01,-9.999989271163940430e-01,9.999986290931701660e-01,-9.999967217445373535e-01,9.999670386314392090e-01,9.999987483024597168e-01,9.999979734420776367e-01,9.999981522560119629e-01,-9.999235868453979492e-01,9.999982118606567383e-01,9.999988675117492676e-01,-9.999986290931701660e-01,-9.999986886978149414e-01,-9.999977350234985352e-01,-9.999988079071044922e-01,-9.999914169311523438e-01,-9.999971985816955566e-01,-9.999980926513671875e-01,-9.999970197677612305e-01,9.998508095741271973e-01,9.999978542327880859e-01,9.999983310699462891e-01,-9.999979138374328613e-01,9.999989271163940430e-01,9.999983310699462891e-01,9.999950528144836426e-01,-9.999957680702209473e-01,-9.999988079071044922e-01,-9.999990463256835938e-01,-9.999950528144836426e-01,-9.999988079071044922e-01,9.999987483024597168e-01,-9.999986886978149414e-01,9.999980330467224121e-01,9.999961853027343750e-01,-9.999918937683105469e-01,-9.999223351478576660e-01,-9.999982118606567383e-01,9.999927878379821777e-01,9.999987483024597168e-01,-9.999927878379821777e-01,-9.999967217445373535e-01,-9.999507069587707520e-01,9.999975562095642090e-01,-9.999988079071044922e-01,9.999960660934448242e-01,-9.999982714653015137e-01,-9.999859929084777832e-01,9.999898672103881836e-01,9.999988675117492676e-01,9.999098181724548340e-01,9.999958872795104980e-01,-9.999978542327880859e-01,9.999984502792358398e-01,-9.999759793281555176e-01,-9.999979734420776367e-01,9.999985694885253906e-01,-9.999979734420776367e-01,-9.999918341636657715e-01,9.999989271163940430e-01,-9.999986886978149414e-01,9.999898076057434082e-01,-9.999970793724060059e-01,9.999986886978149414e-01,-9.999744892120361328e-01,-9.999678134918212891e-01,9.999985098838806152e-01,9.999971985816955566e-01,-9.997791051864624023e-01,-9.999979138374328613e-01,-9.999942183494567871e-01,9.999985694885253906e-01,-9.999980330467224121e-01,9.999985694885253906e-01,-9.999981522560119629e-01,-9.999848604202270508e-01,9.999990463256835938e-01,-9.999982714653015137e-01,9.999988079071044922e-01,-9.999986290931701660e-01,-9.999942779541015625e-01,-9.999981522560119629e-01,-9.999988079071044922e-01,9.999958872795104980e-01,9.999985694885253906e-01,-9.999975562095642090e-01,-9.999668598175048828e-01,-9.999956488609313965e-01,9.999879598617553711e-01,-9.999972581863403320e-01
9.999988675117492676e-01,-9.999991059303283691e-01,-9.999924302101135254e-01,9.999989271163940430e-01,9.999994039535522461e-01,-9.999992251396179199e-01,9.999971389770507812e-01,9.999994635581970215e-01,-9.999982714653015137e-01,9.999983906745910645e-01,-9.999989271163940430e-01,-9.999992251396179199e-01,9.999988675117492676e-01,9.999988675117492676e-01,9.999852776527404785e-01,9.999984502792358398e-01,9.999984502792358398e-01,-9.999991655349731445e-01,9.999953508377075195e-01,-9.999994039535522461e-01,-9.999993443489074707e-01,9.999920129776000977e-01,9.999989271163940430e-01,9.999992251396179199e-01,9.999932646751403809e-01,9.999994039535522461e-01,-9.999991059303283691e-01,-9.999994039535522461e-01,9.999874234199523926e-01,-9.999973773956298828e-01,-9.999961853027343750e-01,-9.999989867210388184e-01,9.999954104423522949e-01,9.999982714653015137e-01,-9.999980330467224121e-01,-9.999882578849792480e-01,9.999994039535522461e-01,9.999991655349731445e-01,9.999954700469970703e-01,-9.999994039535522461e-01,9.999992251396179199e-01,-9.999979734420776367e-01,9.999792575836181641e-01,9.999992847442626953e-01,9.999987483024597168e-01,9.999987483024597168e-01,-9.999517798423767090e-01,9.999988675117492676e-01,9.999993443489074707e-01,-9.999992251396179199e-01,-9.999992251396179199e-01,-9.999985098838806152e-01,-9.999993443489074707e-01,-9.999946355819702148e-01,-9.999981522560119629e-01,-9.999988675117492676e-01,-9.999981522560119629e-01,9.999058842658996582e-01,9.999986886978149414e-01,9.999990463256835938e-01,-9.999986886978149414e-01,9.999993443489074707e-01,9.999989867210388184e-01,9.999967813491821289e-01,-9.999972581863403320e-01,-9.999992847442626953e-01,-9.999994635581970215e-01,-9.999969005584716797e-01,-9.999993443489074707e-01,9.999992847442626953e-01,-9.999992251396179199e-01,9.999987483024597168e-01,9.999975562095642090e-01,-9.999949932098388672e-01,-9.999510645866394043e-01,-9.999988675117492676e-01,9.999953508377075195e-01,9.999992251396179199e-01,-9.999955296516418457e-01,-9.999979734420776367e-01,-9.999690055847167969e-01,9.999984502792358398e-01,-9.999992847442626953e-01,9.999976754188537598e-01,-9.999989271163940430e-01,-9.999912381172180176e-01,9.999936223030090332e-01,9.999993443489074707e-01,9.999432563781738281e-01,9.999973773956298828e-01,-9.999987483024597168e-01,9.999989867210388184e-01,-9.999849796295166016e-01,-9.999988079071044922e-01,9.999992251396179199e-01,-9.999986886978149414e-01,-9.999948143959045410e-01,9.999993443489074707e-01,-9.999992847442626953e-01,9.999935626983642578e-01,-9.999981522560119629e-01,9.999993443489074707e-01,-9.999839067459106445e-01,-9.999797940254211426e-01,9.999991059303283691e-01,9.999982118606567383e-01,-9.998607635498046875e-01,-9.999986886978149414e-01,-9.999963045120239258e-01,9.999992251396179199e-01,-9.999987483024597168e-01,9.999991655349731445e-01,-9.999988675117492676e-01,-9.999904632568359375e-01,9.999994039535522461e-01,-9.999988675117492676e-01,9.999992847442626953e-01,-9.999991655349731445e-01,-9.999963641166687012e-01,-9.999988079071044922e-01,-9.999992847442626953e-01,9.999973773956298828e-01,9.999991655349731445e-01,-9.999984502792358398e-01,-9.999790787696838379e-01,-9.999972581863403320e-01,9.999924302101135254e-01,-9.999983906745910645e-01
-9.999986886978149414e-01,9.999989271163940430e-01,9.999911785125732422e-01,-9.999987483024597168e-01,-9.999992251396179199e-01,9.999991059303283691e-01,-9.999966621398925781e-01,-9.999994039535522461e-01,9.999981522560119629e-01,-9.999979734420776367e-01,9.999988079071044922e-01,9.999992251396179199e-01,-9.999986886978149414e-01,-9.999987483024597168e-01,-9.999828338623046875e-01,-9.999982118606567383e-01,-9.999982118606567383e-01,9.999990463256835938e-01,-9.999945759773254395e-01,9.999993443489074707e-01,9.999992251396179199e-01,-9.999907016754150391e-01,-9.999987483024597168e-01,-9.999988675117492676e-01,-9.999921917915344238e-01,-9.999992847442626953e-01,9.999988675117492676e-01,9.999992251396179199e-01,-9.999853968620300293e-01,9.999968409538269043e-01,9.999955892562866211e-01,9.999988675117492676e-01,-9.999946355819702148e-01,-9.999979734420776367e-01,9.999976158142089844e-01,9.999864101409912109e-01,-9.999992847442626953e-01,-9.999990463256835938e-01,-9.999947547912597656e-01,9.999992847442626953e-01,-9.999989867210388184e-01,9.999976158142089844e-01,-9.999757409095764160e-01,-9.999991059303283691e-01,-9.999985098838806152e-01,-9.999985694885253906e-01,9.999437928199768066e-01,-9.999986886978149414e-01,-9.999992847442626953e-01,9.999989271163940430e-01,9.999991059303283691e-01,9.999983310699462891e-01,9.999992251396179199e-01,9.999937415122985840e-01,9.999979138374328613e-01,9.999985694885253906e-01,9.999979138374328613e-01,-9.998903274536132812e-01,-9.999984502792358398e-01,-9.999988079071044922e-01,9.999985098838806152e-01,-9.999992251396179199e-01,-9.999986886978149414e-01,-9.999962449073791504e-01,9.999967813491821289e-01,9.999991655349731445e-01,9.999992847442626953e-01,9.999963641166687012e-01,9.999991655349731445e-01,-9.999991655349731445e-01,9.999991059303283691e-01,-9.999985694885253906e-01,-9.999971985816955566e-01,9.999941587448120117e-01,9.999429583549499512e-01,9.999987483024597168e-01,-9.999946951866149902e-01,-9.999991059303283691e-01,9.999947547912597656e-01,9.999976158142089844e-01,9.999637603759765625e-01,-9.999982118606567383e-01,9.999991655349731445e-01,-9.999971985816955566e-01,9.999986886978149414e-01,9.999897480010986328e-01,-9.999925494194030762e-01,-9.999992251396179199e-01,-9.999337196350097656e-01,-9.999969601631164551e-01,9.999985098838806152e-01,-9.999988675117492676e-01,9.999824166297912598e-01,9.999985098838806152e-01,-9.999989271163940430e-01,9.999985694885253906e-01,9.999939799308776855e-01,-9.999992847442626953e-01,9.999991655349731445e-01,-9.999926090240478516e-01,9.999978542327880859e-01,-9.999991059303283691e-01,9.999812245368957520e-01,9.999763965606689453e-01,-9.999989271163940430e-01,-9.999979138374328613e-01,9.998376369476318359e-01,9.999984502792358398e-01,9.999957680702209473e-01,-9.999989867210388184e-01,9.999986290931701660e-01,-9.999989867210388184e-01,9.999986290931701660e-01,9.999887943267822266e-01,-9.999992251396179199e-01,9.999988079071044922e-01,-9.999992847442626953e-01,9.999990463256835938e-01,9.999957680702209473e-01,9.999986290931701660e-01,9.999991655349731445e-01,-9.999969005584716797e-01,-9.999989271163940430e-01,9.999982118606567383e-01,9.999757409095764160e-01,9.999967813491821289e-01,-9.999911189079284668e-01,9.999979734420776367e-01
9.999955296516418457e-01,-9.999962449073791504e-01,-9.999693632125854492e-01,9.999955892562866211e-01,9.999971389770507812e-01,-9.999966621398925781e-01,9.999886751174926758e-01,9.999974370002746582e-01,-9.999933242797851562e-01,9.999933838844299316e-01,-9.999958276748657227e-01,-9.999970197677612305e-01,9.999952912330627441e-01,9.999955892562866211e-01,9.999401569366455078e-01,9.999935030937194824e-01,9.999938607215881348e-01,-9.999963641166687012e-01,9.999807476997375488e-01,-9.999975562095642090e-01,-9.999971985816955566e-01,9.999673366546630859e-01,9.999957680702209473e-01,9.999960660934448242e-01,9.999727606773376465e-01,9.999973773956298828e-01,-9.999960660934448242e-01,-9.999971985816955566e-01,9.999489784240722656e-01,-9.999892115592956543e-01,-9.999846816062927246e-01,-9.999961853027343750e-01,9.999812841415405273e-01,9.999930858612060547e-01,-9.999920725822448730e-01,-9.999521970748901367e-01,9.999973773956298828e-01,9.999964237213134766e-01,9.999817013740539551e-01,-9.999971985816955566e-01,9.999962449073791504e-01,-9.999918341636657715e-01,9.999158382415771484e-01,9.999967217445373535e-01,9.999948740005493164e-01,9.999952912330627441e-01,-9.998045563697814941e-01,9.999954700469970703e-01,9.999968409538269043e-01,-9.999964237213134766e-01,-9.999966621398925781e-01,-9.999942779541015625e-01,-9.999968409538269043e-01,-9.999779462814331055e-01,-9.999927282333374023e-01,-9.999951124191284180e-01,-9.999925494194030762e-01,9.996184706687927246e-01,9.999944567680358887e-01,9.999958872795104980e-01,-9.999945759773254395e-01,9.999971389770507812e-01,9.999956488609313965e-01,9.999871850013732910e-01,-9.999891519546508789e-01,-9.999969005584716797e-01,-9.999974966049194336e-01,-9.999873042106628418e-01,-9.999967813491821289e-01,9.999968409538269043e-01,-9.999966621398925781e-01,9.999949932098388672e-01,9.999903440475463867e-01,-9.999793767929077148e-01,-9.998015165328979492e-01,-9.999955296516418457e-01,9.999812841415405273e-01,9.999966621398925781e-01,-9.999815821647644043e-01,-9.999917745590209961e-01,-9.998736977577209473e-01,9.999936819076538086e-01,-9.999969005584716797e-01,9.999903440475463867e-01,-9.999955892562866211e-01,-9.999642968177795410e-01,9.999741315841674805e-01,9.999970793724060059e-01,9.997695684432983398e-01,9.999896287918090820e-01,-9.999946951866149902e-01,9.999958276748657227e-01,-9.999384284019470215e-01,-9.999949336051940918e-01,9.999960660934448242e-01,-9.999948740005493164e-01,-9.999790787696838379e-01,9.999972581863403320e-01,-9.999968409538269043e-01,9.999740123748779297e-01,-9.999926090240478516e-01,9.999966621398925781e-01,-9.999344348907470703e-01,-9.999178051948547363e-01,9.999961256980895996e-01,9.999929070472717285e-01,-9.994351863861083984e-01,-9.999946951866149902e-01,-9.999851584434509277e-01,9.999961853027343750e-01,-9.999951124191284180e-01,9.999963045120239258e-01,-9.999954700469970703e-01,-9.999610781669616699e-01,9.999974370002746582e-01,-9.999956488609313965e-01,9.999969601631164551e-01,-9.999965429306030273e-01,-9.999853372573852539e-01,-9.999952912330627441e-01,-9.999969601631164551e-01,9.999892711639404297e-01,9.999963641166687012e-01,-9.999938011169433594e-01,-9.999150633811950684e-01,-9.999887347221374512e-01,9.999693036079406738e-01,-9.999930858612060547e-01
9.999990463256835938e-01,-9.999992251396179199e-01,-9.999932050704956055e-01,9.999990463256835938e-01,9.999994635581970215e-01,-9.999994039535522461e-01,9.999974370002746582e-01,9.999995231628417969e-01,-9.999985694885253906e-01,9.999985098838806152e-01,-9.999991059303283691e-01,-9.999994039535522461e-01,9.999989867210388184e-01,9.999990463256835938e-01,9.999865889549255371e-01,9.999985694885253906e-01,9.999986290931701660e-01,-9.999993443489074707e-01,9.999957084655761719e-01,-9.999994635581970215e-01,-9.999994635581970215e-01,9.999926686286926270e-01,9.999991059303283691e-01,9.999992847442626953e-01,9.999938607215881348e-01,9.999994635581970215e-01,-9.999991655349731445e-01,-9.999994635581970215e-01,9.999885559082031250e-01,-9.999976158142089844e-01,-9.999964833259582520e-01,-9.999991655349731445e-01,9.999957680702209473e-01,9.999985098838806152e-01,-9.999982118606567383e-01,-9.999893307685852051e-01,9.999995231628417969e-01,9.999993443489074707e-01,9.999959468841552734e-01,-9.999994635581970215e-01,9.999992847442626953e-01,-9.999981522560119629e-01,9.999811053276062012e-01,9.999994039535522461e-01,9.999988079071044922e-01,9.999989271163940430e-01,-9.999561309814453125e-01,9.999989867210388184e-01,9.999994039535522461e-01,-9.999992847442626953e-01,-9.999992847442626953e-01,-9.999986886978149414e-01,-9.999994039535522461e-01,-9.999951124191284180e-01,-9.999984502792358398e-01,-9.999989271163940430e-01,-9.999982714653015137e-01,9.999140501022338867e-01,9.999988079071044922e-01,9.999991059303283691e-01,-9.999988079071044922e-01,9.999994039535522461e-01,9.999990463256835938e-01,9.999970793724060059e-01,-9.999974966049194336e-01,-9.999994039535522461e-01,-9.999995231628417969e-01,-9.999971389770507812e-01,-9.999994039535522461e-01,9.999993443489074707e-01,-9.999992847442626953e-01,9.999988675117492676e-01,9.999977946281433105e-01,-9.999954104423522949e-01,-9.999553561210632324e-01,-9.999990463256835938e-01,9.999957680702209473e-01,9.999994039535522461e-01,-9.999959468841552734e-01,-9.999981522560119629e-01,-9.999716281890869141e-01,9.999985694885253906e-01,-9.999993443489074707e-01,9.999978542327880859e-01,-9.999990463256835938e-01,-9.999920129776000977e-01,9.999941587448120117e-01,9.999994039535522461e-01,9.999482035636901855e-01,9.999976158142089844e-01,-9.999988675117492676e-01,9.999991059303283691e-01,-9.999862909317016602e-01,-9.999989271163940430e-01,9.999992847442626953e-01,-9.999988675117492676e-01,-9.999952912330627441e-01,9.999995231628417969e-01,-9.999994039535522461e-01,9.999941587448120117e-01,-9.999983310699462891e-01,9.999994039535522461e-01,-9.999852776527404785e-01,-9.999815821647644043e-01,9.999992847442626953e-01,9.999984502792358398e-01,-9.998729825019836426e-01,-9.999988079071044922e-01,-9.999966025352478027e-01,9.999991655349731445e-01,-9.999989271163940430e-01,9.999992251396179199e-01,-9.999989867210388184e-01,-9.999912977218627930e-01,9.999994635581970215e-01,-9.999990463256835938e-01,9.999994635581970215e-01,-9.999992847442626953e-01,-9.999967813491821289e-01,-9.999989867210388184e-01,-9.999994635581970215e-01,9.999976158142089844e-01,9.999992251396179199e-01,-9.999985694885253906e-01,-9.999809861183166504e-01,-9.999974966049194336e-01,9.999931454658508301e-01,-9.999985098838806152e-01
-9.999973177909851074e-01,9.999978542327880859e-01,9.999818205833435059e-01,-9.999973177909851074e-01,-9.999982714653015137e-01,9.999981522560119629e-01,-9.999933242797851562e-01,-9.999985694885253906e-01,9.999959468841552734e-01,-9.999960660934448242e-01,9.999974370002746582e-01,9.999981522560119629e-01,-9.999971389770507812e-01,-9.999973773956298828e-01,-9.999643564224243164e-01,-9.999961256980895996e-01,-9.999963641166687012e-01,9.999979138374328613e-01,-9.999886751174926758e-01,9.999985098838806152e-01,9.999983310699462891e-01,-9.999806880950927734e-01,-9.999974966049194336e-01,-9.999977350234985352e-01,-9.999838471412658691e-01,-9.999984502792358398e-01,9.999976754188537598e-01,9.999983310699462891e-01,-9.999696612358093262e-01,9.999936819076538086e-01,9.999908804893493652e-01,9.999976754188537598e-01,-9.999889135360717773e-01,-9.999959468841552734e-01,9.999952912330627441e-01,9.999716281890869141e-01,-9.999984502792358398e-01,-9.999979138374328613e-01,-9.999890923500061035e-01,9.999983906745910645e-01,-9.999977946281433105e-01,9.999951124191284180e-01,-9.999499917030334473e-01,-9.999980926513671875e-01,-9.999969005584716797e-01,-9.999970793724060059e-01,9.998838901519775391e-01,-9.999972581863403320e-01,-9.999981522560119629e-01,9.999978542327880859e-01,9.999980330467224121e-01,9.999966025352478027e-01,9.999982118606567383e-01,9.999868273735046387e-01,9.999957084655761719e-01,9.999970793724060059e-01,9.999955892562866211e-01,-9.997733235359191895e-01,-9.999967217445373535e-01,-9.999974966049194336e-01,9.999967813491821289e-01,-9.999982714653015137e-01,-9.999974370002746582e-01,-9.999924302101135254e-01,9.999935030937194824e-01,9.999982714653015137e-01,9.999985694885253906e-01,9.999924898147583008e-01,9.999980926513671875e-01,-9.999980926513671875e-01,9.999980330467224121e-01,-9.999970197677612305e-01,-9.999942779541015625e-01,9.999877810478210449e-01,9.998820424079895020e-01,9.999972581863403320e-01,-9.999888539314270020e-01,-9.999980330467224121e-01,9.999890923500061035e-01,9.999951124191284180e-01,9.999249577522277832e-01,-9.999962449073791504e-01,9.999980926513671875e-01,-9.999942779541015625e-01,9.999973773956298828e-01,9.999788403511047363e-01,-9.999846220016479492e-01,-9.999982714653015137e-01,-9.998630285263061523e-01,-9.999938011169433594e-01,9.999968409538269043e-01,-9.999975562095642090e-01,9.999634623527526855e-01,9.999969601631164551e-01,-9.999976754188537598e-01,9.999968409538269043e-01,9.999875426292419434e-01,-9.999983906745910645e-01,9.999981522560119629e-01,-9.999846220016479492e-01,9.999955892562866211e-01,-9.999981522560119629e-01,9.999610185623168945e-01,9.999510645866394043e-01,-9.999977946281433105e-01,-9.999958276748657227e-01,9.996644258499145508e-01,9.999967217445373535e-01,9.999911785125732422e-01,-9.999977946281433105e-01,9.999970793724060059e-01,-9.999977946281433105e-01,9.999971985816955566e-01,9.999768137931823730e-01,-9.999984502792358398e-01,9.999974370002746582e-01,-9.999982118606567383e-01,9.999979138374328613e-01,9.999912977218627930e-01,9.999971389770507812e-01,9.999982118606567383e-01,-9.999936223030090332e-01,-9.999978542327880859e-01,9.999962449073791504e-01,9.999495148658752441e-01,9.999933838844299316e-01,-9.999817013740539551e-01,9.999958872795104980e-01
9.999973177909851074e-01,-9.999977946281433105e-01,-9.999825358390808105e-01,9.999974370002746582e-01,9.999983906745910645e-01,-9.999979734420776367e-01,9.999933838844299316e-01,9.999985098838806152e-01,-9.999960660934448242e-01,9.999961256980895996e-01,-9.999975562095642090e-01,-9.999982714653015137e-01,9.999972581863403320e-01,9.999973773956298828e-01,9.999659657478332520e-01,9.999963045120239258e-01,9.999964237213134766e-01,-9.999979138374328613e-01,9.999889731407165527e-01,-9.999985098838806152e-01,-9.999983310699462891e-01,9.999814629554748535e-01,9.999974966049194336e-01,9.999977350234985352e-01,9.999844431877136230e-01,9.999984502792358398e-01,-9.999976754188537598e-01,-9.999983906745910645e-01,9.999709725379943848e-01,-9.999938607215881348e-01,-9.999912381172180176e-01,-9.999977350234985352e-01,9.999893307685852051e-01,9.999958872795104980e-01,-9.999954104423522949e-01,-9.999729394912719727e-01,9.999983906745910645e-01,9.999979734420776367e-01,9.999895095825195312e-01,-9.999983310699462891e-01,9.999978542327880859e-01,-9.999952912330627441e-01,9.999521374702453613e-01,9.999980926513671875e-01,9.999969601631164551e-01,9.999971985816955566e-01,-9.998889565467834473e-01,9.999973177909851074e-01,9.999982118606567383e-01,-9.999979138374328613e-01,-9.999980330467224121e-01,-9.999966621398925781e-01,-9.999981522560119629e-01,-9.999874234199523926e-01,-9.999958276748657227e-01,-9.999971389770507812e-01,-9.999957084655761719e-01,9.997833967208862305e-01,9.999967217445373535e-01,9.999976158142089844e-01,-9.999968409538269043e-01,9.999984502792358398e-01,9.999974370002746582e-01,9.999927282333374023e-01,-9.999936819076538086e-01,-9.999981522560119629e-01,-9.999985098838806152e-01,-9.999927282333374023e-01,-9.999982118606567383e-01,9.999980926513671875e-01,-9.999979734420776367e-01,9.999969601631164551e-01,9.999944567680358887e-01,-9.999881386756896973e-01,-9.998872876167297363e-01,-9.999973773956298828e-01,9.999892711639404297e-01,9.999979734420776367e-01,-9.999895095825195312e-01,-9.999952912330627441e-01,-9.999282956123352051e-01,9.999963045120239258e-01,-9.999981522560119629e-01,9.999945163726806641e-01,-9.999973773956298828e-01,-9.999797344207763672e-01,9.999852180480957031e-01,9.999982714653015137e-01,9.998691678047180176e-01,9.999939799308776855e-01,-9.999968409538269043e-01,9.999975562095642090e-01,-9.999649524688720703e-01,-9.999970197677612305e-01,9.999977946281433105e-01,-9.999969005584716797e-01,-9.999881386756896973e-01,9.999983310699462891e-01,-9.999980926513671875e-01,9.999852180480957031e-01,-9.999956488609313965e-01,9.999980926513671875e-01,-9.999627470970153809e-01,-9.999532699584960938e-01,9.999977946281433105e-01,9.999958872795104980e-01,-9.996793866157531738e-01,-9.999969601631164551e-01,-9.999915361404418945e-01,9.999978542327880859e-01,-9.999971389770507812e-01,9.999978542327880859e-01,-9.999973177909851074e-01,-9.999778866767883301e-01,9.999984502792358398e-01,-9.999973773956298828e-01,9.999981522560119629e-01,-9.999979138374328613e-01,-9.999916553497314453e-01,-9.999971985816955566e-01,-9.999981522560119629e-01,9.999938011169433594e-01,9.999979138374328613e-01,-9.999963045120239258e-01,-9.999517798423767090e-01,-9.999936819076538086e-01,9.999824762344360352e-01,-9.999958872795104980e-01
-9.999982714653015137e-01,9.999986290931701660e-01,9.999887347221374512e-01,-9.999983310699462891e-01,-9.999989271163940430e-01,9.999988079071044922e-01,-9.999958276748657227e-01,-9.999991059303283691e-01,9.999974370002746582e-01,-9.999975562095642090e-01,9.999984502792358398e-01,9.999988079071044922e-01,-9.999982118606567383e-01,-9.999983310699462891e-01,-9.999781847000122070e-01,-9.999976158142089844e-01,-9.999976754188537598e-01,9.999986290931701660e-01,-9.999929666519165039e-01,9.999990463256835938e-01,9.999990463256835938e-01,-9.999880790710449219e-01,-9.999983310699462891e-01,-9.999985694885253906e-01,-9.999899864196777344e-01,-9.999991059303283691e-01,9.999984502792358398e-01,9.999988675117492676e-01,-9.999814033508300781e-01,9.999961256980895996e-01,9.999943375587463379e-01,9.999986290931701660e-01,-9.999930858612060547e-01,-9.999973773956298828e-01,9.999970793724060059e-01,9.999825954437255859e-01,-9.999989867210388184e-01,-9.999986886978149414e-01,-9.999933242797851562e-01,9.999989867210388184e-01,-9.999986290931701660e-01,9.999969005584716797e-01,-9.999692440032958984e-01,-9.999987483024597168e-01,-9.999980926513671875e-01,-9.999981522560119629e-01,9.999286532402038574e-01,-9.999983310699462891e-01,-9.999988675117492676e-01,9.999985694885253906e-01,9.999988079071044922e-01,9.999977946281433105e-01,9.999988079071044922e-01,9.999919533729553223e-01,9.999973177909851074e-01,9.999982118606567383e-01,9.999971389770507812e-01,-9.998607635498046875e-01,-9.999979734420776367e-01,-9.999984502792358398e-01,9.999979734420776367e-01,-9.999990463256835938e-01,-9.999983310699462891e-01,-9.999953508377075195e-01,9.999959468841552734e-01,9.999988675117492676e-01,9.999991059303283691e-01,9.999954104423522949e-01,9.999988079071044922e-01,-9.999987483024597168e-01,9.999986886978149414e-01,-9.999980330467224121e-01,-9.999963045120239258e-01,9.999924302101135254e-01,9.999275803565979004e-01,9.999983310699462891e-01,-9.999931454658508301e-01,-9.999987483024597168e-01,9.999932646751403809e-01,9.999969005584716797e-01,9.999539256095886230e-01,-9.999976158142089844e-01,9.999988079071044922e-01,-9.999964237213134766e-01,9.999983906745910645e-01,9.999869465827941895e-01,-9.999905824661254883e-01,-9.999988675117492676e-01,-9.999158382415771484e-01,-9.999961256980895996e-01,9.999980330467224121e-01,-9.999984502792358398e-01,9.999775886535644531e-01,9.999981522560119629e-01,-9.999985098838806152e-01,9.999980926513671875e-01,9.999923706054687500e-01,-9.999990463256835938e-01,9.999988079071044922e-01,-9.999904632568359375e-01,9.999971985816955566e-01,-9.999988079071044922e-01,9.999760985374450684e-01,9.999699592590332031e-01,-9.999986290931701660e-01,-9.999973773956298828e-01,9.997940063476562500e-01,9.999980330467224121e-01,9.999945163726806641e-01,-9.999986290931701660e-01,9.999981522560119629e-01,-9.999985694885253906e-01,9.999982714653015137e-01,9.999857544898986816e-01,-9.999991059303283691e-01,9.999982714653015137e-01,-9.999988079071044922e-01,9.999987483024597168e-01,9.999946355819702148e-01,9.999981522560119629e-01,9.999988675117492676e-01,-9.999958872795104980e-01,-9.999986886978149414e-01,9.999976158142089844e-01,9.999690651893615723e-01,9.999958872795104980e-01,-9.999887943267822266e-01,9.999974370002746582e-01
-9.999988079071044922e-01,9.999989867210388184e-01,9.999922513961791992e-01,-9.999988079071044922e-01,-9.999992251396179199e-01,9.999992251396179199e-01,-9.999970197677612305e-01,-9.999994039535522461e-01,9.999981522560119629e-01,-9.999982714653015137e-01,9.999988079071044922e-01,9.999992251396179199e-01,-9.999988079071044922e-01,-9.999988079071044922e-01,-9.999849796295166016e-01,-9.999983310699462891e-01,-9.999983906745910645e-01,9.999991655349731445e-01,-9.999951124191284180e-01,9.999993443489074707e-01,9.999992847442626953e-01,-9.999917745590209961e-01,-9.999988675117492676e-01,-9.999989271163940430e-01,-9.999930858612060547e-01,-9.999992847442626953e-01,9.999989867210388184e-01,9.999992251396179199e-01,-9.999871850013732910e-01,9.999971985816955566e-01,9.999961256980895996e-01,9.999989867210388184e-01,-9.999952912330627441e-01,-9.999981522560119629e-01,9.999978542327880859e-01,9.999880790710449219e-01,-9.999992847442626953e-01,-9.999991655349731445e-01,-9.999953508377075195e-01,9.999993443489074707e-01,-9.999991059303283691e-01,9.999978542327880859e-01,-9.999788999557495117e-01,-9.999991655349731445e-01,-9.999985694885253906e-01,-9.999986886978149414e-01,9.999511837959289551e-01,-9.999988079071044922e-01,-9.999991655349731445e-01,9.999991059303283691e-01,9.999991059303283691e-01,9.999985098838806152e-01,9.999992251396179199e-01,9.999944567680358887e-01,9.999981522560119629e-01,9.999986886978149414e-01,9.999980926513671875e-01,-9.999046325683593750e-01,-9.999985098838806152e-01,-9.999988675117492676e-01,9.999986290931701660e-01,-9.999991655349731445e-01,-9.999988079071044922e-01,-9.999966621398925781e-01,9.999971389770507812e-01,9.999991655349731445e-01,9.999994039535522461e-01,9.999968409538269043e-01,9.999992251396179199e-01,-9.999991655349731445e-01,9.999991059303283691e-01,-9.999985694885253906e-01,-9.999974370002746582e-01,9.999947547912597656e-01,9.999503493309020996e-01,9.999988079071044922e-01,-9.999952316284179688e-01,-9.999991059303283691e-01,9.999954104423522949e-01,9.999978542327880859e-01,9.999685287475585938e-01,-9.999983310699462891e-01,9.999991655349731445e-01,-9.999974966049194336e-01,9.999987483024597168e-01,9.999910593032836914e-01,-9.999934434890747070e-01,-9.999992847442626953e-01,-9.999424219131469727e-01,-9.999973773956298828e-01,9.999986290931701660e-01,-9.999988675117492676e-01,9.999846816062927246e-01,9.999986290931701660e-01,-9.999991059303283691e-01,9.999986886978149414e-01,9.999946951866149902e-01,-9.999993443489074707e-01,9.999991655349731445e-01,-9.999933838844299316e-01,9.999980330467224121e-01,-9.999992251396179199e-01,9.999836087226867676e-01,9.999794363975524902e-01,-9.999989867210388184e-01,-9.999982118606567383e-01,9.998589754104614258e-01,9.999985694885253906e-01,9.999962449073791504e-01,-9.999991059303283691e-01,9.999987483024597168e-01,-9.999990463256835938e-01,9.999988079071044922e-01,9.999902844429016113e-01,-9.999993443489074707e-01,9.999988675117492676e-01,-9.999992847442626953e-01,9.999991655349731445e-01,9.999961853027343750e-01,9.999987483024597168e-01,9.999992251396179199e-01,-9.999971985816955566e-01,-9.999991655349731445e-01,9.999983310699462891e-01,9.999788403511047363e-01,9.999971389770507812e-01,-9.999921917915344238e-01,9.999981522560119629e-01
