3.431329429149627686e-01,4.069050308316946030e-03,7.131440797820687294e-04,-4.042643681168556213e-02,2.563835680484771729e-01,-1.966845691204071045e-01,8.447387814521789551e-02,3.621505498886108398e-01,5.096817761659622192e-02,2.978156507015228271e-02,-1.336478441953659058e-01,-8.236059546470642090e-02,-1.041426733136177063e-01,4.493753891438245773e-03,4.898215830326080322e-02,1.306791752576828003e-01,2.719701034948229790e-03,4.585815593600273132e-02,8.109898120164871216e-02,-4.174817004241049290e-04,-1.290624774992465973e-02,-2.799837291240692139e-02,-1.397522091865539551e-01,1.103229746222496033e-01,1.209779549390077591e-02,7.123823463916778564e-02,7.594816386699676514e-02,-2.890910804271697998e-01,-4.788032919168472290e-02,-9.610618650913238525e-02,-2.000808417797088623e-01,-5.294380243867635727e-03,-4.196561127901077271e-02,-3.199052438139915466e-02,-1.728575862944126129e-02,-1.177404914051294327e-02,8.740775287151336670e-03,3.540769591927528381e-02,-2.428941726684570312e-01,-2.841480970382690430e-01,2.470645904541015625e-01,7.771830260753631592e-02,-9.255407750606536865e-02,3.722815774381160736e-03,-3.960660099983215332e-02,1.794488579034805298e-01,-6.588878482580184937e-02,-1.169679611921310425e-01,4.000674560666084290e-02,8.366179466247558594e-02,-1.216701120138168335e-01,-7.295057922601699829e-02,2.380607128143310547e-01,-6.599224358797073364e-02,-3.972060605883598328e-02,-9.630949050188064575e-02,1.094015166163444519e-01,3.656569402664899826e-03,1.759460940957069397e-02,4.018837120383977890e-03,-4.260109364986419678e-02,-8.835625648498535156e-02,2.025757217779755592e-03,1.462065726518630981e-01,1.047440543770790100e-01,1.729539362713694572e-04,-1.200822666287422180e-01,1.639111638069152832e-01,-5.370090901851654053e-02,2.575423419475555420e-01,-1.851167380809783936e-01,2.265699654817581177e-01,5.514167994260787964e-02,4.588731750845909119e-02,-1.724510192871093750e-01,-1.950999498367309570e-01,8.396583725698292255e-04,-9.644431993365287781e-03,-1.093342006206512451e-01,-7.055080682039260864e-02,5.278021842241287231e-02,7.160782115533947945e-05,-8.913377672433853149e-02,-2.396558847976848483e-04,-3.415846228599548340e-01,8.801763504743576050e-02,1.620445102453231812e-01,1.464499044232070446e-03,-1.224082186818122864e-01,7.068973779678344727e-02,-1.672431230545043945e-01,9.015400707721710205e-02,4.978235065937042236e-02,-1.729795150458812714e-02,-9.185833483934402466e-02,-2.874927818775177002e-01,1.169128492474555969e-01,-3.764668508665636182e-05,-1.167467236518859863e-01,2.720513045787811279e-01,-1.646002829074859619e-01,1.942473649978637695e-01,-3.349361941218376160e-02,-5.379518866539001465e-02,-2.377850748598575592e-02,2.084699869155883789e-01,8.467757701873779297e-02,4.393896833062171936e-02,-2.923907339572906494e-01,6.501508876681327820e-03,-4.889521002769470215e-02,1.187125295400619507e-01,-1.632205583155155182e-02,-6.349077820777893066e-02,1.086669266223907471e-01,2.360268263146281242e-03,2.756068706512451172e-01,-1.254411786794662476e-01,-1.911402642726898193e-01,-3.231480345129966736e-02,-1.141901388764381409e-01,1.310611963272094727e-01,1.294250786304473877e-01,1.095183417201042175e-01,1.449843775480985641e-02,8.507856726646423340e-02,5.224098451435565948e-03,7.423409074544906616e-02
4.069050308316946030e-03,1.259908080101013184e-02,-9.785410016775131226e-02,6.778442859649658203e-02,6.185950338840484619e-02,-4.942258354276418686e-03,1.871342398226261139e-02,2.490693144500255585e-02,4.257465526461601257e-02,5.421607196331024170e-02,4.908582661300897598e-03,-4.823994636535644531e-02,7.605113834142684937e-02,7.127651572227478027e-02,9.847068786621093750e-02,1.048723980784416199e-01,-1.141666085459291935e-03,3.753066807985305786e-02,-7.165932655334472656e-02,-6.839387863874435425e-02,-5.121541395783424377e-02,6.610872596502304077e-02,5.649656057357788086e-02,-5.128549877554178238e-03,1.254063379019498825e-02,9.850415587425231934e-02,-9.995430707931518555e-02,-4.372008144855499268e-02,8.913464844226837158e-02,-2.566816844046115875e-02,2.389260753989219666e-02,-1.102199256420135498e-01,6.388691812753677368e-02,7.207392156124114990e-02,-5.072992760688066483e-03,-1.055471152067184448e-01,4.609912633895874023e-02,8.636920154094696045e-02,-7.632742077112197876e-02,-5.781980231404304504e-02,8.146277070045471191e-02,1.585618779063224792e-02,9.037818759679794312e-02,1.947402395308017731e-02,-1.375025603920221329e-02,-8.359245210886001587e-02,-9.557176381349563599e-02,-2.684902958571910858e-02,-2.193284744862467051e-04,1.118645351380109787e-02,-1.363753341138362885e-03,-1.802412234246730804e-02,4.798336699604988098e-02,9.233494289219379425e-03,-1.466552261263132095e-02,-1.114263162016868591e-01,2.203740924596786499e-02,6.450638640671968460e-03,-8.325899392366409302e-02,-7.615195959806442261e-02,-2.874671947211027145e-03,6.050617899745702744e-03,2.725579543039202690e-03,3.857986256480216980e-02,8.745173923671245575e-03,-2.810244821012020111e-02,3.898953273892402649e-02,9.574483335018157959e-02,-9.367424249649047852e-02,4.168331623077392578e-02,-7.851395756006240845e-02,-1.793578639626502991e-02,-2.231002040207386017e-02,9.773550927639007568e-02,-2.130865678191184998e-02,-8.599903434514999390e-02,-1.129832235164940357e-03,1.129325926303863525e-01,-6.848202552646398544e-03,-9.256843477487564087e-02,9.978124499320983887e-02,3.513397532515227795e-04,-9.169951081275939941e-02,-8.907812880352139473e-04,-7.079166918992996216e-02,-9.755669534206390381e-02,4.881608486175537109e-02,2.322701038792729378e-03,7.865639775991439819e-02,5.726021155714988708e-02,-1.897436566650867462e-02,-2.183319441974163055e-02,-7.493993639945983887e-02,3.622864931821823120e-02,-8.492559939622879028e-02,-5.057561211287975311e-03,7.284140586853027344e-02,-1.814642928366083652e-05,-8.413203805685043335e-02,5.859511718153953552e-02,-3.717546910047531128e-02,5.237445235252380371e-02,-1.059689298272132874e-01,-7.970549911260604858e-02,1.129327192902565002e-01,1.399187021888792515e-03,-7.351747900247573853e-02,-9.390098601579666138e-02,-3.877547755837440491e-02,-4.546997603029012680e-03,7.407599687576293945e-02,-6.873898208141326904e-02,-8.758491277694702148e-02,-1.008678600192070007e-02,1.032911837100982666e-01,-9.531966596841812134e-02,5.770451202988624573e-02,2.786390297114849091e-02,-1.021310389041900635e-01,4.242113605141639709e-02,6.505929678678512573e-02,8.275252580642700195e-02,9.119731932878494263e-02,-5.403812974691390991e-02,-6.413327902555465698e-02,-6.094463542103767395e-02,2.819933462888002396e-03,5.620449408888816833e-02
7.131440797820687294e-04,-9.785410016775131226e-02,7.747219800949096680e-01,-6.219286322593688965e-01,-4.615504145622253418e-01,-4.978645220398902893e-02,-1.789225041866302490e-01,-1.671493500471115112e-01,-3.000246584415435791e-01,-4.557968676090240479e-01,-2.655579149723052979e-02,4.077459573745727539e-01,-5.644380450248718262e-01,-6.186631321907043457e-01,-7.578300237655639648e-01,-7.391353249549865723e-01,9.051069617271423340e-03,-2.896481752395629883e-01,6.184624433517456055e-01,5.992231369018554688e-01,4.168093502521514893e-01,-5.747059583663940430e-01,-5.314995646476745605e-01,5.763708427548408508e-02,-1.044457927346229553e-01,-6.783589124679565430e-01,7.392573952674865723e-01,2.775115668773651123e-01,-7.047691941261291504e-01,1.956820040941238403e-01,-2.025532871484756470e-01,8.082732558250427246e-01,-5.384132862091064453e-01,-6.517424583435058594e-01,4.246570169925689697e-02,7.614150047302246094e-01,-3.804188072681427002e-01,-6.907961368560791016e-01,5.214434862136840820e-01,4.936736524105072021e-01,-5.906022787094116211e-01,-1.335155963897705078e-01,-6.976276636123657227e-01,-1.681222170591354370e-01,9.911316633224487305e-02,6.508124470710754395e-01,7.633877396583557129e-01,2.251247167587280273e-01,1.780533045530319214e-02,-2.124654687941074371e-02,-8.449644781649112701e-03,1.793773472309112549e-01,-3.940989077091217041e-01,-6.034978106617927551e-02,9.386505186557769775e-02,8.056120276451110840e-01,-2.078888863325119019e-01,-5.526866763830184937e-02,6.557488441467285156e-01,6.493139863014221191e-01,2.307604625821113586e-02,-7.009026408195495605e-02,-2.388671971857547760e-02,-2.940149605274200439e-01,-6.907787919044494629e-02,2.290398180484771729e-01,-3.075538575649261475e-01,-6.949951648712158203e-01,7.214830517768859863e-01,-2.857801616191864014e-01,6.188410520553588867e-01,1.892103254795074463e-01,2.019610553979873657e-01,-7.618165612220764160e-01,1.339158713817596436e-01,6.567075848579406738e-01,8.341632783412933350e-03,-8.329834342002868652e-01,9.990845620632171631e-02,7.240504026412963867e-01,-7.824460864067077637e-01,-3.027943661436438560e-03,7.008004188537597656e-01,8.409176021814346313e-03,5.055580735206604004e-01,7.392516732215881348e-01,-3.855243623256683350e-01,-1.810338348150253296e-02,-5.977926850318908691e-01,-4.802945554256439209e-01,1.457325220108032227e-01,2.065025717020034790e-01,6.238688826560974121e-01,-3.134036958217620850e-01,6.773326992988586426e-01,1.941546797752380371e-02,-5.899611711502075195e-01,1.500342768849804997e-04,6.357034444808959961e-01,-4.372311532497406006e-01,3.441506624221801758e-01,-3.578520417213439941e-01,7.934427857398986816e-01,6.478172540664672852e-01,-8.237165808677673340e-01,-1.102636083960533142e-01,6.070434451103210449e-01,7.077677845954895020e-01,2.441395521163940430e-01,3.722656518220901489e-02,-6.038402318954467773e-01,6.292594671249389648e-01,7.091025114059448242e-01,-1.177145540714263916e-02,-7.643254399299621582e-01,7.320503592491149902e-01,-4.048610031604766846e-01,-2.582303881645202637e-01,7.637759447097778320e-01,-3.691748976707458496e-01,-5.493149757385253906e-01,-6.667810678482055664e-01,-7.088924646377563477e-01,4.438830316066741943e-01,5.831292271614074707e-01,5.270065069198608398e-01,-3.085768409073352814e-02,-4.885506331920623779e-01
-4.042643681168556213e-02,6.778442859649658203e-02,-6.219286322593688965e-01,6.218653917312622070e-01,2.619124352931976318e-01,1.280181109905242920e-01,1.333689242601394653e-01,7.456257939338684082e-03,2.270216643810272217e-01,3.450827002525329590e-01,-4.464919492602348328e-02,-3.026921153068542480e-01,3.215948045253753662e-01,5.797622799873352051e-01,6.116332411766052246e-01,4.953086376190185547e-01,-4.116747528314590454e-03,2.371535003185272217e-01,-5.516095757484436035e-01,-4.667924344539642334e-01,-4.520192444324493408e-01,4.763803780078887939e-01,4.463857710361480713e-01,-3.456837683916091919e-02,7.993965595960617065e-02,4.145905673503875732e-01,-5.305806398391723633e-01,-3.329165279865264893e-02,4.764611124992370605e-01,-4.544773697853088379e-02,1.429467648267745972e-01,-6.688296198844909668e-01,5.271813273429870605e-01,5.026488304138183594e-01,-1.728714257478713989e-02,-5.519406795501708984e-01,2.729200422763824463e-01,5.066832304000854492e-01,-2.325989753007888794e-01,-4.713362455368041992e-01,4.393098354339599609e-01,1.303544491529464722e-01,5.108306407928466797e-01,1.251749843358993530e-01,-1.199166625738143921e-01,-4.378768503665924072e-01,-6.373667120933532715e-01,-1.922425031661987305e-01,-2.287654392421245575e-02,4.515588283538818359e-02,3.941319137811660767e-02,-9.015592932701110840e-02,3.408751487731933594e-01,1.841974258422851562e-02,4.892059415578842163e-02,-5.942269563674926758e-01,1.813885122537612915e-01,3.860087320208549500e-02,-5.196975469589233398e-01,-5.503416061401367188e-01,-7.002406567335128784e-02,1.333993971347808838e-01,2.327023632824420929e-02,1.923321485519409180e-01,9.500563889741897583e-02,-1.674225777387619019e-01,2.340044230222702026e-01,4.534613490104675293e-01,-5.313855409622192383e-01,7.175245881080627441e-02,-4.171911180019378662e-01,-3.752061352133750916e-02,-2.255686819553375244e-01,6.269955039024353027e-01,-1.052835732698440552e-01,-4.978412687778472900e-01,-3.921306692063808441e-03,6.371660232543945312e-01,-2.355094701051712036e-01,-5.545793175697326660e-01,6.970787644386291504e-01,2.272831043228507042e-03,-4.767277538776397705e-01,-5.315512884408235550e-03,-3.428590297698974609e-01,-5.618615746498107910e-01,1.531917303800582886e-01,9.343896061182022095e-03,4.280701875686645508e-01,3.357616961002349854e-01,-1.045202091336250305e-01,-2.841319441795349121e-01,-5.433088541030883789e-01,3.109138607978820801e-01,-5.688088536262512207e-01,3.787352889776229858e-02,4.193356633186340332e-01,-1.047585974447429180e-04,-3.953307271003723145e-01,2.607788443565368652e-01,-1.932924389839172363e-01,9.353496134281158447e-02,-6.760213971138000488e-01,-4.562064111232757568e-01,6.765605807304382324e-01,2.320646196603775024e-01,-6.459138989448547363e-01,-5.220628380775451660e-01,-6.864135712385177612e-02,-2.973288670182228088e-02,5.755639076232910156e-01,-6.058986783027648926e-01,-5.659072399139404297e-01,1.272274553775787354e-01,5.536935329437255859e-01,-5.562536716461181641e-01,1.635432243347167969e-01,1.782093495130538940e-01,-6.013683080673217773e-01,3.425264358520507812e-01,4.101259112358093262e-01,5.652983188629150391e-01,5.501314997673034668e-01,-3.609296977519989014e-01,-4.184545874595642090e-01,-4.538398087024688721e-01,1.013306248933076859e-02,3.646113276481628418e-01
2.563835680484771729e-01,6.185950338840484619e-02,-4.615504145622253418e-01,2.619124352931976318e-01,5.172664523124694824e-01,-1.604820787906646729e-01,1.578998416662216187e-01,4.457877278327941895e-01,1.859060972929000854e-01,2.683992981910705566e-01,-4.903591796755790710e-02,-2.875309288501739502e-01,3.180335164070129395e-01,2.956656813621520996e-01,4.980027079582214355e-01,6.167079210281372070e-01,-4.807610996067523956e-03,2.128782719373703003e-01,-2.511894404888153076e-01,-3.117674887180328369e-01,-1.465207636356353760e-01,2.821252346038818359e-01,1.643058061599731445e-01,5.757820606231689453e-02,6.416758149862289429e-02,5.369091033935546875e-01,-4.356913268566131592e-01,-4.653975069522857666e-01,4.479794800281524658e-01,-2.363786101341247559e-01,-1.984160952270030975e-02,-4.928975105285644531e-01,2.105229496955871582e-01,3.319380879402160645e-01,-4.384746402502059937e-02,-5.175017714500427246e-01,2.248077392578125000e-01,4.412769675254821777e-01,-6.202367544174194336e-01,-4.458676278591156006e-01,5.437236428260803223e-01,1.171686574816703796e-01,3.822909295558929443e-01,9.843129664659500122e-02,-3.999873995780944824e-02,-3.065218329429626465e-01,-4.994397461414337158e-01,-2.027771025896072388e-01,1.546253729611635208e-02,9.217985719442367554e-02,-9.600839018821716309e-02,-1.950149834156036377e-01,3.606792986392974854e-01,1.175466552376747131e-02,-1.551012247800827026e-01,-6.254245638847351074e-01,1.810468882322311401e-01,3.513036668300628662e-02,-3.673363029956817627e-01,-3.423683345317840576e-01,-1.481049321591854095e-02,-7.429935783147811890e-02,1.193585246801376343e-02,2.624126076698303223e-01,8.072668313980102539e-02,-1.306442320346832275e-01,1.055272817611694336e-01,5.983319282531738281e-01,-4.735851883888244629e-01,4.311723411083221436e-01,-5.362449884414672852e-01,-6.961314938962459564e-03,-2.055724337697029114e-02,4.852500259876251221e-01,-1.958845257759094238e-01,-5.416574478149414062e-01,-5.437023472040891647e-03,5.459122657775878906e-01,-4.736863449215888977e-02,-4.847092032432556152e-01,4.788651764392852783e-01,1.727018970996141434e-03,-5.359506607055664062e-01,-5.417387466877698898e-03,-5.880341529846191406e-01,-4.159529805183410645e-01,3.996309936046600342e-01,1.370915956795215607e-02,2.681975066661834717e-01,3.312104940414428711e-01,-2.191287130117416382e-01,2.397750131785869598e-02,-2.737883329391479492e-01,1.122248023748397827e-01,-4.418521821498870850e-01,-2.487106919288635254e-01,4.649348556995391846e-01,-1.153928023995831609e-04,-5.127623677253723145e-01,4.861709773540496826e-01,-3.269747793674468994e-01,4.364871680736541748e-01,-4.992331564426422119e-01,-4.290618598461151123e-01,5.045629143714904785e-01,1.316253393888473511e-01,-2.124189585447311401e-01,-4.297015368938446045e-01,-4.191445112228393555e-01,-1.304776780307292938e-02,2.485137432813644409e-01,-1.957007944583892822e-01,-4.216800630092620850e-01,-1.294791549444198608e-01,6.138213276863098145e-01,-4.421526491641998291e-01,5.177316069602966309e-01,6.209808960556983948e-02,-6.267743706703186035e-01,1.505136489868164062e-01,2.376880347728729248e-01,4.481642246246337891e-01,5.133318305015563965e-01,-1.568718403577804565e-01,-3.092983067035675049e-01,-1.963690966367721558e-01,1.480393856763839722e-02,3.217784166336059570e-01
-1.966845691204071045e-01,-4.942258354276418686e-03,-4.978645220398902893e-02,1.280181109905242920e-01,-1.604820787906646729e-01,2.254657596349716187e-01,-3.173753246665000916e-02,-1.979296505451202393e-01,-9.075243026018142700e-02,-1.618225686252117157e-02,6.652040779590606689e-02,2.785299904644489288e-02,8.623903617262840271e-03,1.057351753115653992e-01,2.412593550980091095e-02,-9.692443907260894775e-02,-1.696961466223001480e-03,-2.123936824500560760e-02,-6.591052561998367310e-02,-3.968489915132522583e-02,5.826926644658669829e-05,7.191291451454162598e-02,1.543254554271697998e-01,-5.162452161312103271e-02,-8.037683553993701935e-03,-1.283349692821502686e-01,-4.479832202196121216e-02,2.192674130201339722e-01,5.788663029670715332e-02,6.453438848257064819e-02,1.211756765842437744e-01,-8.577979169785976410e-03,3.897903114557266235e-02,9.086450934410095215e-02,7.567655760794878006e-03,7.046777755022048950e-03,-6.950690876692533493e-03,-1.940189301967620850e-02,1.769150197505950928e-01,5.556689575314521790e-02,-1.860125213861465454e-01,-2.799990586936473846e-02,7.393706589937210083e-02,1.052120700478553772e-02,6.970717757940292358e-02,-1.075016334652900696e-01,-1.998473517596721649e-02,4.016424342989921570e-02,-6.610172241926193237e-02,-7.620815187692642212e-02,9.124017506837844849e-02,-2.527428232133388519e-02,-1.188991218805313110e-01,1.537451054900884628e-02,3.897742927074432373e-02,2.665832452476024628e-02,-2.600825391709804535e-02,2.388224966125562787e-04,-1.675671315751969814e-03,-4.888929054141044617e-02,2.436873316764831543e-02,6.555691361427307129e-02,2.167084719985723495e-03,-1.521459221839904785e-01,-6.751674413681030273e-02,7.820287719368934631e-03,8.081055432558059692e-02,-1.055185720324516296e-01,3.125828504562377930e-02,-1.872756481170654297e-01,1.014421731233596802e-01,-1.949384063482284546e-01,-4.313049837946891785e-02,1.235220488160848618e-02,1.405641734600067139e-01,1.001230329275131226e-01,6.392089999280869961e-04,2.692824229598045349e-02,5.134693346917629242e-04,2.814985625445842743e-02,2.389811724424362183e-02,1.415816950611770153e-04,3.813575208187103271e-02,-1.400590408593416214e-03,2.192307710647583008e-01,-6.138128787279129028e-02,-1.113453507423400879e-01,-1.926271826960146427e-03,1.967522874474525452e-02,-3.749579936265945435e-02,9.107608348131179810e-02,-8.317087590694427490e-02,-4.202751815319061279e-02,3.732626140117645264e-02,4.737830534577369690e-02,1.500816047191619873e-01,-1.786362193524837494e-02,1.984918708330951631e-05,7.658375054597854614e-02,-2.049808055162429810e-01,6.569151580333709717e-02,-1.982872188091278076e-01,-5.264944396913051605e-03,3.098560869693756104e-02,4.796095192432403564e-03,1.153762917965650558e-02,-1.050958111882209778e-01,-1.812774501740932465e-02,2.423797696828842163e-01,-6.055810372345149517e-04,8.535385876893997192e-02,-1.532822698354721069e-01,-1.566456817090511322e-02,1.062045395374298096e-01,-3.148508444428443909e-02,6.894915830343961716e-03,-1.793525815010070801e-01,7.371767610311508179e-02,7.382865250110626221e-02,4.488525539636611938e-02,7.288938760757446289e-02,-4.479650780558586121e-02,-5.087273567914962769e-02,-6.540910899639129639e-02,-5.975479632616043091e-02,-6.749120354652404785e-02,-8.611341007053852081e-03,-2.427462674677371979e-02
8.447387814521789551e-02,1.871342398226261139e-02,-1.789225041866302490e-01,1.333689242601394653e-01,1.578998416662216187e-01,-3.173753246665000916e-02,1.188488230109214783e-01,1.400077491998672485e-01,3.925361111760139465e-02,1.146333813667297363e-01,-7.741969078779220581e-02,-9.239497780799865723e-02,6.710606813430786133e-02,8.060164004564285278e-02,1.542842537164688110e-01,1.725740283727645874e-01,-1.204878906719386578e-03,5.921084806323051453e-02,-1.473012417554855347e-01,-1.262616813182830811e-01,-8.417203277349472046e-02,7.948504388332366943e-02,6.895823776721954346e-02,2.555623650550842285e-02,2.483334206044673920e-02,1.531760692596435547e-01,-1.167913302779197693e-01,-1.098520085215568542e-01,1.565977334976196289e-01,-9.011743217706680298e-02,-1.542266365140676498e-02,-1.673641651868820190e-01,1.424432247877120972e-01,1.357581317424774170e-01,-1.107821334153413773e-02,-1.285377889871597290e-01,7.412668317556381226e-02,1.614681333303451538e-01,-1.759288907051086426e-01,-1.810084581375122070e-01,2.067095637321472168e-01,5.306605622172355652e-02,1.061695516109466553e-01,3.377987816929817200e-02,-7.996185868978500366e-02,-7.755662500858306885e-02,-1.964663714170455933e-01,-6.823962181806564331e-02,2.995472773909568787e-02,2.519412711262702942e-02,-2.171316184103488922e-02,-5.822679400444030762e-02,1.505422890186309814e-01,1.335112843662500381e-02,-2.012911811470985413e-02,-2.003632038831710815e-01,6.096819043159484863e-02,1.130770146846771240e-02,-1.556110978126525879e-01,-1.218327730894088745e-01,-3.125146031379699707e-02,-4.929249640554189682e-03,4.624935332685709000e-03,1.519697606563568115e-01,4.181962832808494568e-02,-4.731717333197593689e-02,-6.726658437401056290e-03,1.873172074556350708e-01,-1.529976874589920044e-01,1.266292184591293335e-01,-2.028370350599288940e-01,4.355975985527038574e-02,-1.303043123334646225e-02,1.671308130025863647e-01,-8.861619234085083008e-02,-2.110126912593841553e-01,-9.861523285508155823e-04,1.964327096939086914e-01,-6.802295893430709839e-02,-1.618303507566452026e-01,2.016554921865463257e-01,5.396286724135279655e-04,-1.793890595436096191e-01,-2.411166904494166374e-03,-2.128186225891113281e-01,-1.193054988980293274e-01,1.640795618295669556e-01,3.383291419595479965e-03,6.448988616466522217e-02,1.209457889199256897e-01,-9.550860524177551270e-02,-1.234719809144735336e-02,-1.177999973297119141e-01,4.186366870999336243e-02,-1.888359040021896362e-01,-8.570685982704162598e-02,1.491055041551589966e-01,-4.846748561249114573e-05,-1.419176310300827026e-01,1.822649687528610229e-01,-1.298500746488571167e-01,1.421699970960617065e-01,-1.757351905107498169e-01,-1.454131007194519043e-01,2.216383218765258789e-01,1.437291204929351807e-01,-1.270946562290191650e-01,-1.120631769299507141e-01,-1.545127779245376587e-01,-5.993153899908065796e-03,5.059004575014114380e-02,-1.336166709661483765e-01,-1.433214992284774780e-01,2.731779031455516815e-02,2.068457007408142090e-01,-1.732785105705261230e-01,1.209713220596313477e-01,4.230925813317298889e-02,-2.396732568740844727e-01,6.041378155350685120e-02,8.770961314439773560e-02,1.842596679925918579e-01,1.857183575630187988e-01,-3.979356959462165833e-02,-1.007925495505332947e-01,-8.630940318107604980e-02,9.914856404066085815e-03,1.611822396516799927e-01
3.621505498886108398e-01,2.490693144500255585e-02,-1.671493500471115112e-01,7.456257939338684082e-03,4.457877278327941895e-01,-1.979296505451202393e-01,1.400077491998672485e-01,6.089309453964233398e-01,1.372584979981184006e-02,9.919142723083496094e-02,-5.479237809777259827e-02,-1.828725934028625488e-01,9.274096041917800903e-02,5.005656555294990540e-02,2.219493836164474487e-01,3.842748999595642090e-01,-1.401026616804301739e-03,9.199786186218261719e-02,4.491727054119110107e-02,-9.373363852500915527e-02,1.500084549188613892e-01,8.343211561441421509e-02,-5.654027312994003296e-02,8.640976995229721069e-02,2.747056446969509125e-02,2.929010689258575439e-01,-1.319006830453872681e-01,-5.049336552619934082e-01,2.472975701093673706e-01,-2.389453202486038208e-01,-1.507870703935623169e-01,-1.360361576080322266e-01,-1.033713892102241516e-01,1.368727833032608032e-01,-4.869272932410240173e-02,-2.369214743375778198e-01,9.117827564477920532e-02,2.047127932310104370e-01,-5.861939787864685059e-01,-3.395618498325347900e-01,3.539418280124664307e-01,7.283712178468704224e-02,9.612901508808135986e-02,4.663947224617004395e-02,7.951404899358749390e-02,-5.232879519462585449e-02,-2.282730638980865479e-01,-1.526861935853958130e-01,1.380771026015281677e-02,1.840745285153388977e-02,-1.414538472890853882e-01,-2.413043975830078125e-01,2.517413496971130371e-01,-4.544204473495483398e-02,-2.116218805313110352e-01,-3.644915819168090820e-01,1.618342995643615723e-01,2.084103040397167206e-02,-6.109813228249549866e-02,-8.891586959362030029e-02,1.583435758948326111e-02,-1.780263483524322510e-01,1.397211337462067604e-03,1.367906332015991211e-01,4.674683883786201477e-02,-4.222531244158744812e-02,-6.311392039060592651e-02,4.010864794254302979e-01,-2.272894233465194702e-01,4.538748562335968018e-01,-4.071917831897735596e-01,-1.133796107023954391e-02,1.186237633228302002e-01,2.114927917718887329e-01,-1.351972073316574097e-01,-3.306625187397003174e-01,-2.754718298092484474e-03,2.346049547195434570e-01,1.503501459956169128e-02,-2.299553751945495605e-01,1.578840762376785278e-01,7.972157327458262444e-04,-3.365935385227203369e-01,-3.838493721559643745e-03,-4.894177019596099854e-01,-1.099084541201591492e-01,3.747040927410125732e-01,1.003689225763082504e-02,-3.247812762856483459e-02,2.055946439504623413e-01,-2.144815921783447266e-01,2.229354381561279297e-01,2.345535531640052795e-02,-5.626272782683372498e-02,-1.809488832950592041e-01,-3.733571469783782959e-01,3.113338947296142578e-01,-7.944834214868023992e-05,-3.535653948783874512e-01,4.166014194488525391e-01,-3.393225371837615967e-01,4.300931096076965332e-01,-1.673825532197952271e-01,-2.300982773303985596e-01,1.375422626733779907e-01,1.539723724126815796e-01,1.558071076869964600e-01,-1.553210616111755371e-01,-4.329359829425811768e-01,8.291513659060001373e-03,-5.663206055760383606e-02,1.027979701757431030e-01,-1.621379703283309937e-01,-1.447736918926239014e-01,3.870717585086822510e-01,-1.440647840499877930e-01,5.143500566482543945e-01,-3.754021972417831421e-02,-3.921684622764587402e-01,-3.247839957475662231e-02,1.737743150442838669e-03,2.044712156057357788e-01,2.575506269931793213e-01,9.227577596902847290e-02,-1.525403857231140137e-01,6.161922216415405273e-02,1.528839487582445145e-02,1.807924509048461914e-01
5.096817761659622192e-02,4.257465526461601257e-02,-3.000246584415435791e-01,2.270216643810272217e-01,1.859060972929000854e-01,-9.075243026018142700e-02,3.925361111760139465e-02,1.372584979981184006e-02,2.604314088821411133e-01,1.989925205707550049e-01,-2.918028458952903748e-02,-1.715278923511505127e-01,2.085455954074859619e-01,2.583869695663452148e-01,3.155104815959930420e-01,3.379665017127990723e-01,-8.488704334013164043e-04,1.186109259724617004e-01,-2.739662230014801025e-01,-2.273710072040557861e-01,-3.226173818111419678e-01,2.196067720651626587e-01,1.394864767789840698e-01,-2.204702235758304596e-02,5.133376643061637878e-02,3.501826524734497070e-01,-2.951833009719848633e-01,-1.129389703273773193e-01,1.926991492509841919e-01,-2.204893529415130615e-02,2.397479675710201263e-02,-4.172543287277221680e-01,2.916408777236938477e-01,1.955637484788894653e-01,-7.208287715911865234e-03,-3.387684524059295654e-01,1.594842970371246338e-01,2.863360643386840820e-01,-1.721671521663665771e-01,-2.171250581741333008e-01,3.557147681713104248e-01,7.447793334722518921e-02,2.397061288356781006e-01,5.465957149863243103e-02,-1.441917717456817627e-01,-2.020978033542633057e-01,-3.065436482429504395e-01,-1.057116761803627014e-01,4.362695664167404175e-02,6.426291167736053467e-02,-3.520750254392623901e-02,4.836704209446907043e-02,2.377896159887313843e-01,-2.478244947269558907e-03,3.333428874611854553e-02,-3.234534859657287598e-01,8.427867293357849121e-02,1.900382898747920990e-02,-2.927074134349822998e-01,-2.641114592552185059e-01,-5.466380342841148376e-02,6.430430710315704346e-02,1.123679429292678833e-02,2.152759879827499390e-01,1.078661903738975525e-01,-1.027870029211044312e-01,9.782092273235321045e-02,2.947243750095367432e-01,-3.310035169124603271e-01,1.061064824461936951e-01,-2.363461405038833618e-01,1.261013895273208618e-01,-1.377559900283813477e-01,3.411960899829864502e-01,-1.453997194766998291e-01,-3.013165891170501709e-01,-3.035742091014981270e-03,3.432907164096832275e-01,-1.038524806499481201e-01,-3.328064978122711182e-01,3.746732771396636963e-01,1.125685404986143112e-03,-2.472819983959197998e-01,-4.223283613100647926e-04,-2.732647061347961426e-01,-2.899886369705200195e-01,9.563042223453521729e-02,6.008577533066272736e-03,3.014639914035797119e-01,1.932658702135086060e-01,-6.761072576045989990e-02,-1.416462808847427368e-01,-3.048302531242370605e-01,1.764728426933288574e-01,-3.409822583198547363e-01,-3.679381916299462318e-03,1.757156401872634888e-01,-5.925277582718990743e-05,-2.555238604545593262e-01,2.341956794261932373e-01,-9.096912294626235962e-02,1.622826904058456421e-01,-3.964968621730804443e-01,-2.612150609493255615e-01,3.990871906280517578e-01,8.697816170752048492e-03,-3.285687267780303955e-01,-2.956621944904327393e-01,-1.507655233144760132e-01,-2.193379215896129608e-02,3.295220732688903809e-01,-2.464144825935363770e-01,-3.094289600849151611e-01,-8.449486456811428070e-03,2.707683145999908447e-01,-3.325974345207214355e-01,1.535937339067459106e-01,5.377596989274024963e-02,-3.379482924938201904e-01,1.727073639631271362e-01,1.812019199132919312e-01,3.363201916217803955e-01,3.191534876823425293e-01,-1.947476267814636230e-01,-1.839063316583633423e-01,-2.375621944665908813e-01,2.067197486758232117e-02,1.811383217573165894e-01
2.978156507015228271e-02,5.421607196331024170e-02,-4.557968676090240479e-01,3.450827002525329590e-01,2.683992981910705566e-01,-1.618225686252117157e-02,1.146333813667297363e-01,9.919142723083496094e-02,1.989925205707550049e-01,2.655408084392547607e-01,-2.031333185732364655e-02,-2.281542569398880005e-01,3.047417700290679932e-01,3.368519544601440430e-01,4.434109032154083252e-01,4.573337733745574951e-01,-4.153662361204624176e-03,1.565172374248504639e-01,-3.682770431041717529e-01,-3.296002447605133057e-01,-2.797919511795043945e-01,2.985391914844512939e-01,2.638746500015258789e-01,-2.557978965342044830e-02,6.165331602096557617e-02,4.301740825176239014e-01,-4.275665581226348877e-01,-1.636313199996948242e-01,3.972168564796447754e-01,-1.078274101018905640e-01,8.330307155847549438e-02,-5.160183310508728027e-01,3.400750160217285156e-01,3.532680869102478027e-01,-2.096314169466495514e-02,-4.548177421092987061e-01,2.119239717721939087e-01,4.020686745643615723e-01,-3.148407936096191406e-01,-2.982976734638214111e-01,3.980297744274139404e-01,8.496770262718200684e-02,3.813233971595764160e-01,8.890687674283981323e-02,-1.061753258109092712e-01,-3.543474376201629639e-01,-4.582176804542541504e-01,-1.298072189092636108e-01,1.746408641338348389e-02,2.568399347364902496e-02,-1.158650778234004974e-02,-6.775289028882980347e-02,2.564683854579925537e-01,2.926939167082309723e-02,-3.171280026435852051e-02,-4.980295002460479736e-01,1.163943186402320862e-01,2.962394803762435913e-02,-3.880582451820373535e-01,-3.578661680221557617e-01,-3.275928646326065063e-02,4.467573389410972595e-02,1.330449804663658142e-02,2.240626215934753418e-01,6.680171936750411987e-02,-1.308920383453369141e-01,1.407451778650283813e-01,4.208026230335235596e-01,-4.316202104091644287e-01,1.699545383453369141e-01,-3.692107796669006348e-01,-3.061351738870143890e-02,-1.204155907034873962e-01,4.597291946411132812e-01,-1.161014512181282043e-01,-4.073247909545898438e-01,-4.356104414910078049e-03,5.220944881439208984e-01,-8.157370984554290771e-02,-4.357463717460632324e-01,4.998402595520019531e-01,1.622929819859564304e-03,-4.038430154323577881e-01,-3.984974231570959091e-03,-3.366171419620513916e-01,-4.231134355068206787e-01,2.219031453132629395e-01,9.594997391104698181e-03,3.425930738449096680e-01,2.721221745014190674e-01,-9.877525269985198975e-02,-1.230143457651138306e-01,-3.639409244060516357e-01,1.791799962520599365e-01,-4.248916506767272949e-01,-2.387294918298721313e-02,3.133445382118225098e-01,-8.803849777905270457e-05,-3.621647655963897705e-01,2.837525308132171631e-01,-1.948521137237548828e-01,2.255488634109497070e-01,-5.012304186820983887e-01,-3.654947876930236816e-01,5.456060171127319336e-01,8.023298531770706177e-02,-3.836955726146697998e-01,-4.045951962471008301e-01,-1.762725412845611572e-01,-2.268688194453716278e-02,3.465660512447357178e-01,-3.645284473896026611e-01,-4.124841690063476562e-01,1.504127122461795807e-02,4.595580399036407471e-01,-4.468285739421844482e-01,2.281659990549087524e-01,1.321745216846466064e-01,-4.875819385051727295e-01,2.069307565689086914e-01,2.883289754390716553e-01,4.126190841197967529e-01,4.291945099830627441e-01,-2.369288355112075806e-01,-3.051520586013793945e-01,-2.956170737743377686e-01,2.200286462903022766e-02,2.855260670185089111e-01
-1.336478441953659058e-01,4.908582661300897598e-03,-2.655579149723052979e-02,-4.464919492602348328e-02,-4.903591796755790710e-02,6.652040779590606689e-02,-7.741969078779220581e-02,-5.479237809777259827e-02,-2.918028458952903748e-02,-2.031333185732364655e-02,1.752616912126541138e-01,3.385549876838922501e-03,1.616721600294113159e-01,2.994789183139801025e-02,3.579813987016677856e-02,6.759062409400939941e-02,-3.714086487889289856e-03,-1.836729235947132111e-02,4.368530958890914917e-02,-1.155596226453781128e-02,1.300403475761413574e-01,4.905220493674278259e-02,8.155371993780136108e-02,-7.579956948757171631e-02,-6.086304318159818649e-03,7.204505056142807007e-02,-1.354937404394149780e-01,-1.314564887434244156e-02,1.341477036476135254e-01,-1.161086000502109528e-02,1.245177835226058960e-01,-2.725313231348991394e-02,-1.126668974757194519e-01,6.312055140733718872e-02,-1.064124330878257751e-02,-1.218624487519264221e-01,2.112083137035369873e-02,1.942437887191772461e-02,-6.380695849657058716e-02,1.546841263771057129e-01,-1.282118707895278931e-01,-6.297602504491806030e-02,1.268431693315505981e-01,1.179685350507497787e-02,1.496285498142242432e-01,-2.051969170570373535e-01,2.043635398149490356e-02,5.431917309761047363e-02,-5.696342140436172485e-02,-9.788250923156738281e-02,3.696365281939506531e-02,-4.998281970620155334e-02,-1.528132408857345581e-01,3.006000071763992310e-02,-9.886244684457778931e-02,-6.422568112611770630e-02,-3.761480376124382019e-02,4.718485288321971893e-03,2.375178225338459015e-02,-3.431593067944049835e-03,8.184999227523803711e-02,-2.757459506392478943e-02,-3.120891051366925240e-03,-1.434240788221359253e-01,-9.606779366731643677e-02,-5.099166184663772583e-03,1.015011295676231384e-01,2.302906662225723267e-02,-4.771601408720016479e-02,-2.182684838771820068e-02,3.696925938129425049e-02,-2.881296873092651367e-01,1.600835472345352173e-02,1.923710294067859650e-02,1.358883529901504517e-01,8.767450600862503052e-02,-2.644085790961980820e-03,8.062236011028289795e-02,1.825896203517913818e-01,-1.741636916995048523e-02,-5.095341429114341736e-02,2.480918774381279945e-04,-4.585438966751098633e-02,-1.217442797496914864e-03,1.364987343549728394e-01,-1.159095987677574158e-01,-5.035453941673040390e-03,3.835722804069519043e-03,1.002559885382652283e-01,1.075655687600374222e-03,9.846924990415573120e-02,5.475591123104095459e-02,1.749170757830142975e-02,-2.687136083841323853e-02,7.772839069366455078e-02,9.166809916496276855e-02,1.759753213264048100e-03,1.469564267608802766e-05,-6.237900629639625549e-02,-1.084265410900115967e-01,6.020831875503063202e-03,1.205442845821380615e-02,1.074022584361955523e-04,-2.578785456717014313e-02,-2.722060773521661758e-03,-2.370549887418746948e-01,9.440070390701293945e-02,-1.040846332907676697e-01,1.054586693644523621e-01,3.188081609550863504e-04,3.204404190182685852e-02,2.201004326343536377e-02,-1.972598582506179810e-02,-6.599032133817672729e-02,3.971680626273155212e-02,-1.265610288828611374e-02,3.269076719880104065e-02,6.585699319839477539e-02,5.588825047016143799e-02,-1.697706617414951324e-02,7.282231003046035767e-02,-8.503471314907073975e-02,-3.468385338783264160e-02,-5.049423500895500183e-02,-8.317821472883224487e-02,-5.856612231582403183e-03,5.378366913646459579e-03,-5.532596632838249207e-02
-8.236059546470642090e-02,-4.823994636535644531e-02,4.077459573745727539e-01,-3.026921153068542480e-01,-2.875309288501739502e-01,2.785299904644489288e-02,-9.239497780799865723e-02,-1.828725934028625488e-01,-1.715278923511505127e-01,-2.281542569398880005e-01,3.385549876838922501e-03,2.341984510421752930e-01,-2.585847079753875732e-01,-3.349424898624420166e-01,-4.228794574737548828e-01,-4.530814886093139648e-01,2.824894851073622704e-03,-1.399497389793395996e-01,2.836498618125915527e-01,2.913645803928375244e-01,2.055890560150146484e-01,-2.907924354076385498e-01,-2.218492627143859863e-01,1.816638000309467316e-02,-5.590518563985824585e-02,-3.945899903774261475e-01,3.799520134925842285e-01,2.121199667453765869e-01,-3.714301586151123047e-01,1.030293479561805725e-01,-3.664950281381607056e-02,4.636445939540863037e-01,-2.410392165184020996e-01,-3.284645974636077881e-01,2.794890105724334717e-02,4.378209412097930908e-01,-1.919593214988708496e-01,-3.649250268936157227e-01,3.564464449882507324e-01,3.208408951759338379e-01,-3.774482905864715576e-01,-8.114309608936309814e-02,-3.322145938873291016e-01,-8.349229395389556885e-02,3.882182762026786804e-02,3.081713020801544189e-01,4.250054061412811279e-01,1.406087279319763184e-01,-6.434148235712200403e-05,3.768231486901640892e-03,3.992283344268798828e-02,1.036251112818717957e-01,-2.531351447105407715e-01,7.311053108423948288e-03,6.074563413858413696e-02,4.826109111309051514e-01,-1.424977630376815796e-01,-2.942222729325294495e-02,3.050656020641326904e-01,3.226926624774932861e-01,1.857296191155910492e-02,-8.207786828279495239e-03,-1.206495985388755798e-02,-1.651027649641036987e-01,-6.886701285839080811e-02,1.132392659783363342e-01,-1.146377548575401306e-01,-4.123791754245758057e-01,4.069112837314605713e-01,-2.019873261451721191e-01,3.636606633663177490e-01,4.986245185136795044e-02,9.265866130590438843e-02,-4.367839097976684570e-01,9.557665139436721802e-02,3.773405253887176514e-01,3.958810120820999146e-03,-4.763339161872863770e-01,7.261838763952255249e-02,4.162167906761169434e-01,-4.515779018402099609e-01,-1.583314035087823868e-03,3.827754259109497070e-01,3.654196858406066895e-03,3.484973013401031494e-01,3.763820827007293701e-01,-2.102463543415069580e-01,-9.758772328495979309e-03,-2.773580253124237061e-01,-2.614168226718902588e-01,1.023783013224601746e-01,7.113806158304214478e-02,2.987032234668731689e-01,-1.538968384265899658e-01,3.765397369861602783e-01,8.018529415130615234e-02,-3.038560450077056885e-01,8.274745778180658817e-05,3.680018186569213867e-01,-2.870096266269683838e-01,2.240020334720611572e-01,-2.353456616401672363e-01,4.602985382080078125e-01,3.416678309440612793e-01,-4.569108784198760986e-01,-8.662953227758407593e-02,2.895550429821014404e-01,3.708554208278656006e-01,1.851076036691665649e-01,1.689991541206836700e-02,-3.220009207725524902e-01,2.876633107662200928e-01,3.836594820022583008e-01,1.325285295024514198e-03,-4.429068565368652344e-01,3.828875124454498291e-01,-2.844892740249633789e-01,-9.455002844333648682e-02,4.686492979526519775e-01,-1.721097379922866821e-01,-2.293899655342102051e-01,-3.820217549800872803e-01,-3.958618044853210449e-01,1.831204146146774292e-01,3.029553294181823730e-01,2.367715835571289062e-01,-2.416023612022399902e-02,-2.471618652343750000e-01
