4.592228531837463379e-01,-1.782605238258838654e-02,1.709890812635421753e-01,-2.306024283170700073e-01,2.351024150848388672e-01,-3.643963634967803955e-01,9.962752461433410645e-02,3.842466771602630615e-01,4.287678003311157227e-02,-3.722767159342765808e-02,-2.413745522499084473e-01,-1.096466258168220520e-01,-2.035438567399978638e-01,-8.009116351604461670e-02,-1.003788486123085022e-01,1.320147812366485596e-01,7.986027747392654419e-03,-1.971745640039443970e-01,1.492426842451095581e-01,-4.122807458043098450e-02,-1.562091559171676636e-01,-2.527432143688201904e-01,-1.867185831069946289e-01,1.079505234956741333e-01,1.230243407189846039e-02,8.654668927192687988e-02,9.632587432861328125e-02,-2.790213525295257568e-01,-3.899536654353141785e-02,-5.114806443452835083e-02,-1.655279397964477539e-01,2.494977042078971863e-02,-1.618480086326599121e-01,4.867872921749949455e-04,-1.246174797415733337e-02,2.321290969848632812e-02,1.021979656070470810e-02,-2.432914637029170990e-02,-1.832338124513626099e-01,-2.166816294193267822e-01,4.962624981999397278e-02,1.137143820524215698e-01,-2.117268741130828857e-01,-2.122780308127403259e-02,-9.978618472814559937e-03,2.693353891372680664e-01,4.922795668244361877e-02,8.176390081644058228e-03,2.244505882263183594e-01,-1.495675444602966309e-01,-2.407135218381881714e-01,-1.675164103507995605e-01,1.797810792922973633e-01,-1.189698372036218643e-02,4.688172414898872375e-02,-2.595454268157482147e-02,1.474670171737670898e-01,2.051115443464368582e-04,2.011704593896865845e-01,2.053594291210174561e-01,-1.548435539007186890e-01,2.038749605417251587e-01,-6.151671987026929855e-03,1.762441247701644897e-01,1.065981164574623108e-01,7.279257755726575851e-03,-3.833515644073486328e-01,1.767869852483272552e-02,3.168805688619613647e-02,2.073353528976440430e-01,-1.534709483385086060e-01,2.657398879528045654e-01,-2.550899423658847809e-02,-1.007977351546287537e-01,-1.496908962726593018e-01,-4.730112850666046143e-02,1.318449503742158413e-03,-9.281937032938003540e-02,4.419817402958869934e-02,-1.832799240946769714e-02,3.427750244736671448e-02,-3.628337071859277785e-05,-7.258216291666030884e-02,9.898856515064835548e-04,-2.259726524353027344e-01,1.970655322074890137e-01,2.131552845239639282e-01,1.736178877763450146e-03,-1.770587712526321411e-01,8.948846906423568726e-02,-1.643421351909637451e-01,3.270204961299896240e-01,1.663382798433303833e-01,-2.008607089519500732e-01,-6.094116717576980591e-03,-2.947967350482940674e-01,-9.413887560367584229e-02,-1.026207155518932268e-05,-6.988989561796188354e-02,7.649703323841094971e-02,-3.268646597862243652e-01,2.759559452533721924e-01,1.045805588364601135e-02,-6.051847711205482483e-02,-1.450221687555313110e-01,1.118577271699905396e-01,1.927698850631713867e-01,2.257405519485473633e-01,-3.776399791240692139e-01,9.660295210778713226e-03,-5.377636477351188660e-02,2.374450862407684326e-01,1.014117151498794556e-01,6.631278991699218750e-02,-3.454063832759857178e-02,6.139632780104875565e-03,2.493539899587631226e-01,-1.665555238723754883e-01,-5.382930114865303040e-02,-1.207676976919174194e-01,-2.016963660717010498e-01,-2.010572887957096100e-02,1.277367863804101944e-02,3.314577043056488037e-01,-9.478744119405746460e-02,1.701136678457260132e-01,5.692625418305397034e-02,2.266026847064495087e-02
-1.782605238258838654e-02,1.360192336142063141e-02,-1.051559373736381531e-01,8.799063414335250854e-02,5.662071704864501953e-02,6.700296420603990555e-03,-2.250121347606182098e-02,2.668374031782150269e-02,7.936810702085494995e-02,7.835890352725982666e-02,-7.798489183187484741e-03,-4.589865356683731079e-02,8.865080028772354126e-02,8.654066920280456543e-02,1.006410494446754456e-01,1.001054644584655762e-01,-2.065158449113368988e-03,7.859417051076889038e-02,-1.001398637890815735e-01,-6.655962765216827393e-02,-6.152962893247604370e-02,8.818875253200531006e-02,7.954591512680053711e-02,-3.173066303133964539e-02,1.659518666565418243e-02,8.658552914857864380e-02,-9.781276434659957886e-02,-3.377009183168411255e-02,8.794547617435455322e-02,-1.698713377118110657e-02,5.985314957797527313e-03,-1.149479374289512634e-01,8.052549511194229126e-02,7.761087268590927124e-02,-1.683776848949491978e-03,-1.037312969565391541e-01,7.812801748514175415e-02,9.874076396226882935e-02,-6.826054304838180542e-02,-6.935781985521316528e-02,9.890348464250564575e-02,1.814196072518825531e-02,9.798035025596618652e-02,3.798880055546760559e-02,-1.625055074691772461e-02,-9.317164123058319092e-02,-1.000696793198585510e-01,-3.590955212712287903e-02,-5.333528853952884674e-03,7.297237403690814972e-03,7.682122755795717239e-03,6.728207692503929138e-03,6.444190442562103271e-02,-7.059461902827024460e-03,-1.564178057014942169e-02,-1.059903651475906372e-01,4.361387342214584351e-02,4.066657274961471558e-03,-9.713846445083618164e-02,-8.429072052240371704e-02,4.229061305522918701e-03,-1.854605041444301605e-02,3.198350314050912857e-03,2.625579945743083954e-02,1.423161011189222336e-02,-3.711661323904991150e-02,5.749402195215225220e-02,1.025496944785118103e-01,-1.011828109622001648e-01,3.411933034658432007e-02,-8.049032092094421387e-02,-3.080811910331249237e-02,-4.107692837715148926e-02,9.664327651262283325e-02,-2.976257354021072388e-02,-9.977467358112335205e-02,-4.029795818496495485e-04,1.066107824444770813e-01,-3.346540778875350952e-02,-9.106548875570297241e-02,9.894450008869171143e-02,8.445458661299198866e-05,-8.797771483659744263e-02,-3.186471585649996996e-04,-8.858937025070190430e-02,-1.027845069766044617e-01,3.404764831066131592e-02,9.352605557069182396e-04,9.346292167901992798e-02,6.969649344682693481e-02,-2.349028363823890686e-02,-5.102226138114929199e-02,-9.511866420507431030e-02,5.248177051544189453e-02,-9.280503541231155396e-02,1.066704373806715012e-02,7.236135751008987427e-02,-4.793879782027943293e-08,-7.898460328578948975e-02,7.913052290678024292e-02,-1.623800955712795258e-02,5.259379372000694275e-02,-1.031718775629997253e-01,-9.208688884973526001e-02,1.167543902993202209e-01,9.022965095937252045e-03,-1.024612784385681152e-01,-1.019568219780921936e-01,-1.553270220756530762e-02,-2.528903773054480553e-03,8.318345248699188232e-02,-9.368964284658432007e-02,-1.008633598685264587e-01,6.132802460342645645e-03,1.034554913640022278e-01,-9.695198386907577515e-02,3.890531510114669800e-02,6.303375214338302612e-02,-1.017164215445518494e-01,7.302411645650863647e-02,9.263058006763458252e-02,9.203098714351654053e-02,8.736567199230194092e-02,-8.177367597818374634e-02,-4.359617084264755249e-02,-8.196184039115905762e-02,-6.833530962467193604e-03,8.029372990131378174e-02
1.709890812635421753e-01,-1.051559373736381531e-01,8.024481534957885742e-01,-7.006331682205200195e-01,-4.754925966262817383e-01,-9.786067903041839600e-02,1.602114439010620117e-01,-2.630513906478881836e-01,-5.687649250030517578e-01,-6.435157656669616699e-01,5.375013127923011780e-02,4.065305590629577637e-01,-6.767579317092895508e-01,-6.831499338150024414e-01,-7.721494436264038086e-01,-7.244774103164672852e-01,1.710359565913677216e-02,-6.121051311492919922e-01,7.581114768981933594e-01,5.662351846694946289e-01,4.151796400547027588e-01,-7.095618844032287598e-01,-6.761062145233154297e-01,2.841869294643402100e-01,-1.383253335952758789e-01,-6.442906856536865234e-01,7.493247389793395996e-01,2.828313112258911133e-01,-7.168273925781250000e-01,1.675822734832763672e-01,-5.333475023508071899e-02,8.020585179328918457e-01,-5.847730040550231934e-01,-6.563016772270202637e-01,2.078877016901969910e-02,7.623879909515380859e-01,-6.464328169822692871e-01,-7.617007493972778320e-01,5.409905314445495605e-01,5.437871813774108887e-01,-7.147361636161804199e-01,-1.316324919462203979e-01,-7.555882334709167480e-01,-3.325171768665313721e-01,6.301929056644439697e-02,7.348002791404724121e-01,7.745668292045593262e-01,2.977670729160308838e-01,6.458980590105056763e-02,2.247016504406929016e-02,-5.260619148612022400e-02,3.659759834408760071e-02,-4.854344725608825684e-01,5.219269916415214539e-02,1.722490042448043823e-01,7.922793626785278320e-01,-3.912905156612396240e-01,-3.630400076508522034e-02,7.311657667160034180e-01,6.536922454833984375e-01,-5.447691679000854492e-02,1.732036918401718140e-01,-2.473783493041992188e-02,-1.820163875818252563e-01,-8.307094126939773560e-02,3.096744716167449951e-01,-4.411816895008087158e-01,-7.645882368087768555e-01,7.608526945114135742e-01,-3.094514906406402588e-01,6.495138406753540039e-01,3.168740868568420410e-01,3.109967112541198730e-01,-7.561866044998168945e-01,1.780854165554046631e-01,7.499787807464599609e-01,3.389744320884346962e-03,-8.123540878295898438e-01,2.529613077640533447e-01,7.100434303283691406e-01,-7.473641037940979004e-01,-7.463731453754007816e-04,7.008194923400878906e-01,4.293375648558139801e-03,6.563686132431030273e-01,7.873993515968322754e-01,-3.260215818881988525e-01,-8.691151626408100128e-03,-7.034569978713989258e-01,-5.978730320930480957e-01,1.892578005790710449e-01,3.397488594055175781e-01,7.127245664596557617e-01,-4.072133600711822510e-01,7.111465930938720703e-01,-7.096385210752487183e-02,-6.094300150871276855e-01,1.640088271415152121e-06,6.360278129577636719e-01,-6.191492676734924316e-01,2.125037163496017456e-01,-4.271836876869201660e-01,7.631126046180725098e-01,7.183800339698791504e-01,-8.339052200317382812e-01,-9.475185722112655640e-02,7.055919170379638672e-01,7.648518681526184082e-01,1.331641823053359985e-01,1.635419763624668121e-02,-6.077296137809753418e-01,7.217051982879638672e-01,7.673249244689941406e-01,-9.660576283931732178e-02,-7.959746122360229492e-01,7.348122000694274902e-01,-3.311997950077056885e-01,-5.635588765144348145e-01,7.704755067825317383e-01,-5.838909745216369629e-01,-7.298672795295715332e-01,-6.857427954673767090e-01,-6.707503795623779297e-01,6.215179562568664551e-01,4.159849584102630615e-01,6.449968814849853516e-01,4.714753106236457825e-02,-6.644537448883056641e-01
-2.306024283170700073e-01,8.799063414335250854e-02,-7.006331682205200195e-01,7.289221882820129395e-01,2.816724181175231934e-01,1.857149899005889893e-01,-1.336057633161544800e-01,6.008554995059967041e-02,5.091443061828613281e-01,5.268055200576782227e-01,-1.557663381099700928e-01,-2.862663269042968750e-01,4.866681396961212158e-01,6.164585947990417480e-01,6.751829981803894043e-01,4.974559843540191650e-01,-1.229608710855245590e-02,5.155479311943054199e-01,-7.154909372329711914e-01,-4.939361512660980225e-01,-4.449270367622375488e-01,6.570946574211120605e-01,5.869097709655761719e-01,-1.978966146707534790e-01,1.198297962546348572e-01,4.082140922546386719e-01,-5.972370505332946777e-01,-1.703397743403911591e-02,5.086739063262939453e-01,-1.562493294477462769e-02,9.841610677540302277e-03,-7.066982388496398926e-01,6.559466123580932617e-01,5.755966901779174805e-01,-1.183160566142760217e-04,-5.534551143646240234e-01,4.762272238731384277e-01,6.341495513916015625e-01,-2.592896223068237305e-01,-5.012726187705993652e-01,6.450296044349670410e-01,1.851877868175506592e-01,6.261886954307556152e-01,2.559746205806732178e-01,-1.921777278184890747e-01,-5.811526775360107422e-01,-6.998547911643981934e-01,-2.529915571212768555e-01,-1.484436914324760437e-03,5.058991536498069763e-02,8.903141319751739502e-02,1.530382782220840454e-01,4.895774722099304199e-01,-7.413423061370849609e-02,-4.091245587915182114e-03,-6.181926727294921875e-01,3.710609078407287598e-01,2.756378427147865295e-02,-6.594855785369873047e-01,-6.929782629013061523e-01,2.708950778469443321e-03,-8.992443978786468506e-02,2.686597034335136414e-02,1.131334155797958374e-01,1.260817348957061768e-01,-2.563110589981079102e-01,3.382422924041748047e-01,5.684602856636047363e-01,-6.250834465026855469e-01,6.162871047854423523e-02,-4.764259159564971924e-01,-1.082788333296775818e-01,-3.621736466884613037e-01,6.547008752822875977e-01,-2.295603305101394653e-01,-6.075859069824218750e-01,-1.825361396186053753e-03,6.616511940956115723e-01,-3.852395415306091309e-01,-5.766953229904174805e-01,6.807187199592590332e-01,6.053671240806579590e-04,-5.308874249458312988e-01,5.212851101532578468e-04,-5.028181076049804688e-01,-6.760207414627075195e-01,8.569839596748352051e-02,3.802153049036860466e-03,5.704693794250488281e-01,4.649556875228881836e-01,-2.095960676670074463e-01,-4.667822122573852539e-01,-6.939035058021545410e-01,4.642228484153747559e-01,-6.472176313400268555e-01,1.658488363027572632e-01,4.665018320083618164e-01,-2.580364025561721064e-06,-4.310929179191589355e-01,4.523678421974182129e-01,-6.300565600395202637e-02,1.788831800222396851e-01,-6.906463503837585449e-01,-5.473986268043518066e-01,7.600073218345642090e-01,2.823774814605712891e-01,-7.658555507659912109e-01,-6.278994679450988770e-01,5.759696289896965027e-02,-2.342089265584945679e-02,5.934076905250549316e-01,-7.278588414192199707e-01,-7.068031430244445801e-01,2.234904468059539795e-01,6.556418538093566895e-01,-6.258538961410522461e-01,6.429529935121536255e-02,4.684321880340576172e-01,-6.332765221595764160e-01,6.033866405487060547e-01,5.982688665390014648e-01,6.697446107864379883e-01,6.024402379989624023e-01,-5.844263434410095215e-01,-3.595365881919860840e-01,-6.308392286300659180e-01,-4.885271564126014709e-02,5.351586937904357910e-01
2.351024150848388672e-01,5.662071704864501953e-02,-4.754925966262817383e-01,2.816724181175231934e-01,5.942134261131286621e-01,-2.409826666116714478e-01,-3.976911678910255432e-02,5.932375192642211914e-01,3.748682141304016113e-01,4.096066057682037354e-01,-1.325057446956634521e-01,-3.964059650897979736e-01,4.296041727066040039e-01,3.898166418075561523e-01,4.904715120792388916e-01,7.487875819206237793e-01,-7.293914910405874252e-03,3.279464840888977051e-01,-4.204048216342926025e-01,-3.827418684959411621e-01,-2.914920449256896973e-01,3.046890795230865479e-01,3.288377225399017334e-01,-1.511973887681961060e-01,9.761665016412734985e-02,6.349266171455383301e-01,-5.040314197540283203e-01,-5.484736561775207520e-01,6.172723770141601562e-01,-2.243315875530242920e-01,-5.907515063881874084e-02,-5.748499631881713867e-01,1.949803233146667480e-01,4.608274996280670166e-01,-3.623542562127113342e-02,-6.329033970832824707e-01,5.074803233146667480e-01,5.665038824081420898e-01,-7.185458540916442871e-01,-5.086737275123596191e-01,5.379030704498291016e-01,1.083268895745277405e-01,4.296000897884368896e-01,2.305947095155715942e-01,7.044356316328048706e-02,-3.968117535114288330e-01,-5.326382517814636230e-01,-2.098942101001739502e-01,5.014395341277122498e-02,-1.667650640010833740e-01,-1.608820408582687378e-01,-2.931393086910247803e-01,3.995599746704101562e-01,-2.412339858710765839e-02,-1.979689300060272217e-01,-6.831468939781188965e-01,3.501542210578918457e-01,2.808379568159580231e-02,-3.647231757640838623e-01,-2.467533051967620850e-01,-2.517126873135566711e-02,-5.001031234860420227e-02,7.374739274382591248e-03,2.469892650842666626e-01,8.452768623828887939e-02,-2.091168314218521118e-01,7.937368750572204590e-02,6.570056676864624023e-01,-5.482160449028015137e-01,4.954509139060974121e-01,-6.542876958847045898e-01,-1.758980005979537964e-01,-1.351049691438674927e-01,4.871922731399536133e-01,-1.569972038269042969e-01,-6.191750168800354004e-01,-2.085223793983459473e-03,5.933922529220581055e-01,-3.473549336194992065e-02,-5.501253604888916016e-01,5.651893615722656250e-01,5.037933005951344967e-04,-6.111775040626525879e-01,-5.040152929723262787e-03,-7.019686102867126465e-01,-4.582423269748687744e-01,4.953590631484985352e-01,9.948966093361377716e-03,3.842015564441680908e-01,5.117643475532531738e-01,-2.171630114316940308e-01,1.241863593459129333e-01,-3.393276929855346680e-01,3.584371879696846008e-02,-5.019705295562744141e-01,-2.305777370929718018e-01,4.177262783050537109e-01,-7.462888333975570276e-06,-5.786948800086975098e-01,5.650035142898559570e-01,-4.591953456401824951e-01,6.256484985351562500e-01,-5.489289164543151855e-01,-6.322360634803771973e-01,5.167814493179321289e-01,2.194657921791076660e-02,-2.860648632049560547e-01,-4.617449641227722168e-01,-4.697864353656768799e-01,5.192793440073728561e-03,3.119863569736480713e-01,-2.838592529296875000e-01,-4.805906713008880615e-01,5.461880471557378769e-03,6.260309815406799316e-01,-5.273715257644653320e-01,5.509551763534545898e-01,2.998259961605072021e-01,-6.513780951499938965e-01,2.367683649063110352e-01,4.305801093578338623e-01,4.151344597339630127e-01,4.462003707885742188e-01,-1.740221530199050903e-01,-3.367014229297637939e-01,-2.627754509449005127e-01,1.154481712728738785e-02,5.024402141571044922e-01
-3.643963634967803955e-01,6.700296420603990555e-03,-9.786067903041839600e-02,1.857149899005889893e-01,-2.409826666116714478e-01,3.407429754734039307e-01,-4.874464869499206543e-02,-3.536568880081176758e-01,-8.977284282445907593e-02,-5.608701147139072418e-03,1.463453471660614014e-01,1.281320005655288696e-01,8.155439049005508423e-02,3.836173564195632935e-02,4.365390539169311523e-02,-2.042229175567626953e-01,-5.101321265101432800e-03,1.053325831890106201e-01,-9.008840471506118774e-02,3.639170899987220764e-02,1.248674094676971436e-01,1.678044945001602173e-01,1.274339556694030762e-01,-4.964508488774299622e-02,-1.679875701665878296e-02,-1.757494658231735229e-01,-2.365306392312049866e-02,3.020314872264862061e-01,-3.332724422216415405e-02,5.904152616858482361e-02,1.260779500007629395e-01,3.552933037281036377e-02,1.406361758708953857e-01,-6.931598298251628876e-03,1.533057633787393570e-02,7.324340939521789551e-02,-6.945633888244628906e-02,-3.428612276911735535e-02,2.490640580654144287e-01,1.676475703716278076e-01,-9.111263602972030640e-02,-6.616868823766708374e-02,1.197203770279884338e-01,-7.391414255835115910e-04,-2.158246934413909912e-02,-1.576511859893798828e-01,-9.425734169781208038e-03,1.030282489955425262e-02,-1.648595929145812988e-01,1.270321607589721680e-01,2.023317515850067139e-01,1.571482270956039429e-01,-1.432921290397644043e-01,9.643689729273319244e-03,6.472828332334756851e-03,8.200222253799438477e-02,-1.242159008979797363e-01,-2.934534102678298950e-03,-1.246205568313598633e-01,-1.583137512207031250e-01,1.072988659143447876e-01,-1.277722120285034180e-01,5.591711495071649551e-03,-1.614634543657302856e-01,-8.373428881168365479e-02,1.516528613865375519e-02,2.518743574619293213e-01,-8.994735032320022583e-02,3.708621859550476074e-02,-2.319692820310592651e-01,1.760376691818237305e-01,-1.664537787437438965e-01,1.645876280963420868e-02,2.704855985939502716e-02,1.121558323502540588e-01,8.911181986331939697e-02,-4.621837579179555178e-04,1.937314122915267944e-02,-6.609302759170532227e-02,7.512707263231277466e-02,-5.819269642233848572e-02,-1.599026109033729881e-05,1.047464981675148010e-01,-2.891595358960330486e-04,2.435723245143890381e-01,-1.030943691730499268e-01,-2.122882902622222900e-01,-2.984649036079645157e-03,7.243834435939788818e-02,-1.146364882588386536e-01,1.146146059036254883e-01,-2.772117555141448975e-01,-1.041683927178382874e-01,1.612807661294937134e-01,4.312788695096969604e-02,2.458376437425613403e-01,4.730598628520965576e-02,6.534782187372911721e-06,1.253139972686767578e-01,-1.333015561103820801e-01,2.776324152946472168e-01,-2.993451654911041260e-01,4.315185919404029846e-02,1.147768422961235046e-01,6.769520044326782227e-02,6.949306465685367584e-03,-1.521927416324615479e-01,-1.034251153469085693e-01,3.583003282546997070e-01,-8.324538357555866241e-03,1.593844033777713776e-02,-1.929998695850372314e-01,-3.822399303317070007e-02,3.090901765972375870e-03,-1.803308725357055664e-02,3.967410698533058167e-02,-2.801351845264434814e-01,1.037161573767662048e-01,9.167634695768356323e-02,9.350253641605377197e-02,1.089202985167503357e-01,-1.205152366310358047e-03,-3.235602751374244690e-02,-2.315326631069183350e-01,7.480127364397048950e-02,-1.201768219470977783e-01,-4.680309817194938660e-02,-5.234906077384948730e-02
9.962752461433410645e-02,-2.250121347606182098e-02,1.602114439010620117e-01,-1.336057633161544800e-01,-3.976911678910255432e-02,-4.874464869499206543e-02,7.323338091373443604e-02,3.372948989272117615e-02,-1.127374991774559021e-01,-9.717344492673873901e-02,-5.975073948502540588e-02,3.980374336242675781e-02,-1.732482016086578369e-01,-1.228591352701187134e-01,-1.439989209175109863e-01,-1.231419220566749573e-01,4.523865878582000732e-03,-1.597326099872589111e-01,1.400446444749832153e-01,5.437586084008216858e-02,4.006912931799888611e-02,-1.529316753149032593e-01,-1.248105019330978394e-01,6.041048467159271240e-02,-1.680176891386508942e-02,-1.195597499608993530e-01,1.416865885257720947e-01,2.194465510547161102e-02,-1.174722090363502502e-01,1.379530318081378937e-02,-3.953583538532257080e-02,1.490132808685302734e-01,-1.176718994975090027e-01,-7.700582593679428101e-02,8.115873788483440876e-04,1.529361605644226074e-01,-1.044411063194274902e-01,-1.267680674791336060e-01,7.481028884649276733e-02,2.910535782575607300e-02,-1.197500675916671753e-01,1.129048876464366913e-02,-1.729422956705093384e-01,-5.062113329768180847e-02,2.619950799271464348e-03,1.744500398635864258e-01,1.244133710861206055e-01,5.448250100016593933e-02,6.983105838298797607e-02,-4.835377261042594910e-02,-5.220796540379524231e-02,-4.028333351016044617e-02,-3.175321221351623535e-02,6.408877670764923096e-03,3.982949256896972656e-02,1.277137249708175659e-01,-1.663989946246147156e-02,-5.192189943045377731e-03,1.609001159667968750e-01,1.346559524536132812e-01,-4.939992725849151611e-02,8.223414421081542969e-02,-4.367187619209289551e-03,-3.576756920665502548e-03,6.075667683035135269e-03,4.851183295249938965e-02,-1.649131178855895996e-01,-1.363225132226943970e-01,1.385511308908462524e-01,-2.213424257934093475e-02,6.971076875925064087e-02,9.618585556745529175e-02,3.612271696329116821e-02,-1.407700181007385254e-01,9.579266421496868134e-03,1.165218427777290344e-01,9.909741347655653954e-04,-1.494989544153213501e-01,3.280751407146453857e-02,1.105000078678131104e-01,-1.052475944161415100e-01,-1.043005104293115437e-04,9.730151295661926270e-02,4.851841076742857695e-04,7.488992810249328613e-02,1.711083948612213135e-01,-7.018765900284051895e-03,-1.230800291523337364e-03,-1.628467738628387451e-01,-6.661529839038848877e-02,-1.357503794133663177e-02,1.167315468192100525e-01,1.446049809455871582e-01,-9.063327312469482422e-02,1.110480204224586487e-01,-6.652468442916870117e-02,-1.172237023711204529e-01,-3.481087560430751182e-06,9.824728965759277344e-02,-9.901319444179534912e-02,-5.497068539261817932e-02,-2.602097205817699432e-02,1.293791830539703369e-01,1.082483157515525818e-01,-1.623263508081436157e-01,4.923144355416297913e-02,1.479890197515487671e-01,1.914582699537277222e-01,-2.827519178390502930e-02,4.192087333649396896e-03,-1.172391772270202637e-01,1.353633254766464233e-01,1.488141417503356934e-01,5.871522426605224609e-02,-1.367019861936569214e-01,1.205652877688407898e-01,-2.830421365797519684e-02,-1.086511537432670593e-01,1.162339895963668823e-01,-1.047783941030502319e-01,-1.594287157058715820e-01,-1.091697290539741516e-01,-1.043713465332984924e-01,1.736720949411392212e-01,1.196224708110094070e-02,1.257284283638000488e-01,2.154824323952198029e-02,-8.944953233003616333e-02
3.842466771602630615e-01,2.668374031782150269e-02,-2.630513906478881836e-01,6.008554995059967041e-02,5.932375192642211914e-01,-3.536568880081176758e-01,3.372948989272117615e-02,7.228997349739074707e-01,2.255729883909225464e-01,2.766988277435302734e-01,-1.308933943510055542e-01,-3.966457843780517578e-01,2.548823356628417969e-01,2.321976870298385620e-01,3.110024929046630859e-01,6.517578959465026855e-01,-1.752119511365890503e-03,1.221137270331382751e-01,-1.996503025293350220e-01,-2.974948585033416748e-01,-1.719249486923217773e-01,1.068521812558174133e-01,1.562976539134979248e-01,-1.106882393360137939e-01,7.643873989582061768e-02,5.555032491683959961e-01,-3.487927019596099854e-01,-6.260702013969421387e-01,5.290204286575317383e-01,-2.476123273372650146e-01,-1.110229343175888062e-01,-3.816113770008087158e-01,-5.664962530136108398e-02,3.659193813800811768e-01,-4.727159813046455383e-02,-4.963630139827728271e-01,4.158784449100494385e-01,4.139797091484069824e-01,-7.243999242782592773e-01,-4.417877197265625000e-01,3.663951456546783447e-01,7.445420324802398682e-02,2.152352929115295410e-01,1.796175688505172729e-01,1.838606894016265869e-01,-2.162989825010299683e-01,-3.563126921653747559e-01,-1.426777392625808716e-01,1.080178171396255493e-01,-3.147405385971069336e-01,-2.655968666076660156e-01,-4.535889327526092529e-01,3.055019080638885498e-01,-1.592365093529224396e-02,-2.249468117952346802e-01,-5.473966002464294434e-01,3.318913877010345459e-01,2.439991012215614319e-02,-1.234922707080841064e-01,-1.217452157288789749e-02,-5.744704604148864746e-02,2.063475549221038818e-02,-2.147710649296641350e-03,2.300145924091339111e-01,5.723636969923973083e-02,-1.524730771780014038e-01,-1.189629286527633667e-01,5.201972723007202148e-01,-3.941363096237182617e-01,5.666009187698364258e-01,-6.008807420730590820e-01,-1.602255702018737793e-01,-4.137670621275901794e-02,3.259189128875732422e-01,-6.738379597663879395e-02,-4.696489274501800537e-01,-1.444862573407590389e-03,4.304214119911193848e-01,9.544356167316436768e-02,-4.268096387386322021e-01,4.066883027553558350e-01,4.115370975341647863e-04,-5.200845003128051758e-01,-6.061002146452665329e-03,-6.163285970687866211e-01,-2.546016275882720947e-01,5.718974471092224121e-01,1.070225238800048828e-02,1.948838979005813599e-01,4.635154008865356445e-01,-1.924826353788375854e-01,3.922557532787322998e-01,-1.109383180737495422e-01,-1.393984258174896240e-01,-3.369404375553131104e-01,-3.640075922012329102e-01,2.763356566429138184e-01,-1.067251650965772569e-05,-5.191122889518737793e-01,4.661949872970581055e-01,-6.021093130111694336e-01,6.831087470054626465e-01,-3.758998513221740723e-01,-5.315284132957458496e-01,2.820157408714294434e-01,-2.771779522299766541e-02,-4.136485978960990906e-03,-2.512765824794769287e-01,-6.012490391731262207e-01,1.677967049181461334e-02,1.393416523933410645e-01,-5.572341009974479675e-02,-2.834625840187072754e-01,2.015302330255508423e-02,4.635578989982604980e-01,-3.690894544124603271e-01,6.263576745986938477e-01,1.801038086414337158e-01,-5.124653577804565430e-01,4.040160775184631348e-02,2.348717302083969116e-01,2.298078984022140503e-01,2.833567261695861816e-01,8.561279624700546265e-02,-3.371443748474121094e-01,-6.180653721094131470e-02,5.408843234181404114e-02,4.008634686470031738e-01
4.287678003311157227e-02,7.936810702085494995e-02,-5.687649250030517578e-01,5.091443061828613281e-01,3.748682141304016113e-01,-8.977284282445907593e-02,-1.127374991774559021e-01,2.255729883909225464e-01,6.150659918785095215e-01,5.035726428031921387e-01,-2.132754772901535034e-01,-3.490667939186096191e-01,3.775858283042907715e-01,5.743219852447509766e-01,6.086310148239135742e-01,6.085686087608337402e-01,-7.111960556358098984e-03,3.288289904594421387e-01,-5.911032557487487793e-01,-5.046034455299377441e-01,-5.845686793327331543e-01,4.936124086380004883e-01,4.253348708152770996e-01,-1.505218297243118286e-01,1.266712099313735962e-01,5.206882357597351074e-01,-5.809663534164428711e-01,-1.899213790893554688e-01,4.467930793762207031e-01,-4.614044725894927979e-02,-8.914368599653244019e-02,-7.566264271736145020e-01,5.094512701034545898e-01,5.362086892127990723e-01,-7.532183546572923660e-03,-5.926216840744018555e-01,4.756619930267333984e-01,6.011888384819030762e-01,-3.543405234813690186e-01,-5.685260891914367676e-01,6.773060560226440430e-01,2.249516695737838745e-01,4.700651168823242188e-01,2.185827344655990601e-01,-2.004947215318679810e-01,-4.430916011333465576e-01,-6.132029891014099121e-01,-1.995719671249389648e-01,1.728665232658386230e-01,-6.570419669151306152e-02,-7.303706556558609009e-02,9.564180672168731689e-02,5.706934332847595215e-01,-8.600617200136184692e-02,3.439815714955329895e-02,-6.243426799774169922e-01,4.070029854774475098e-01,2.489488571882247925e-02,-5.189067125320434570e-01,-5.081340074539184570e-01,-1.006211414933204651e-01,8.063492178916931152e-02,2.200588211417198181e-02,2.465904355049133301e-01,1.923389881849288940e-01,-2.426472753286361694e-01,1.321447193622589111e-01,5.840461850166320801e-01,-6.341102123260498047e-01,1.922222226858139038e-01,-5.216962099075317383e-01,3.503264859318733215e-02,-3.989489972591400146e-01,5.918436646461486816e-01,-2.888710200786590576e-01,-6.065644025802612305e-01,-1.342592062428593636e-03,5.981293320655822754e-01,-2.809946238994598389e-01,-6.024330258369445801e-01,6.655938625335693359e-01,5.629734368994832039e-04,-5.507328510284423828e-01,1.740943640470504761e-03,-6.043738722801208496e-01,-5.584434866905212402e-01,1.964375078678131104e-01,4.756780806928873062e-03,5.420258045196533203e-01,4.943611919879913330e-01,-2.390763312578201294e-01,-2.675020098686218262e-01,-5.809051394462585449e-01,3.663954734802246094e-01,-6.117570996284484863e-01,1.114455517381429672e-02,3.110876381397247314e-01,-5.987972144794184715e-06,-4.916592538356781006e-01,4.632534086704254150e-01,-2.182614654302597046e-01,3.806737363338470459e-01,-6.819950342178344727e-01,-5.731553435325622559e-01,6.868550777435302734e-01,1.878954619169235229e-01,-6.461636424064636230e-01,-4.914402961730957031e-01,-1.804444044828414917e-01,-2.267049439251422882e-02,6.330899000167846680e-01,-5.621634125709533691e-01,-6.172608733177185059e-01,2.333664149045944214e-01,5.675292015075683594e-01,-6.249017119407653809e-01,2.420016825199127197e-01,3.036935627460479736e-01,-6.274390220642089844e-01,4.925380349159240723e-01,4.311993718147277832e-01,6.433002352714538574e-01,5.972194671630859375e-01,-3.747901618480682373e-01,-4.049440622329711914e-01,-5.308313965797424316e-01,7.385096396319568157e-04,5.120378732681274414e-01
-3.722767159342765808e-02,7.835890352725982666e-02,-6.435157656669616699e-01,5.268055200576782227e-01,4.096066057682037354e-01,-5.608701147139072418e-03,-9.717344492673873901e-02,2.766988277435302734e-01,5.035726428031921387e-01,5.325648784637451172e-01,-9.394969046115875244e-02,-3.499343097209930420e-01,5.133426785469055176e-01,5.601866841316223145e-01,6.418991088867187500e-01,6.864092350006103516e-01,-1.151446904987096786e-02,4.000036716461181641e-01,-6.279919147491455078e-01,-4.930228888988494873e-01,-4.287833273410797119e-01,5.327409505844116211e-01,4.982130527496337891e-01,-2.167739272117614746e-01,1.178092807531356812e-01,5.908913016319274902e-01,-6.481381058692932129e-01,-2.669100463390350342e-01,6.041475534439086914e-01,-1.482946723699569702e-01,2.904744120314717293e-03,-7.581303119659423828e-01,4.563653767108917236e-01,5.632923245429992676e-01,-1.749549061059951782e-02,-6.859622597694396973e-01,5.241717696189880371e-01,6.516267061233520508e-01,-5.019472837448120117e-01,-5.063438415527343750e-01,6.345854997634887695e-01,1.374215036630630493e-01,5.683939456939697266e-01,2.520644366741180420e-01,-8.403231948614120483e-02,-5.743795037269592285e-01,-6.485856175422668457e-01,-2.046805322170257568e-01,5.785750225186347961e-02,-7.558929175138473511e-02,-2.047546207904815674e-02,-4.069709777832031250e-02,4.663068652153015137e-01,-5.231742933392524719e-02,-1.040700227022171021e-01,-7.195288538932800293e-01,3.415698111057281494e-01,2.773470245301723480e-02,-5.686585307121276855e-01,-4.871610999107360840e-01,-2.015844918787479401e-02,-4.047387093305587769e-02,1.905257999897003174e-02,2.120537459850311279e-01,1.042609736323356628e-01,-2.451458871364593506e-01,2.628026902675628662e-01,6.723051071166992188e-01,-6.643850207328796387e-01,2.799249291419982910e-01,-5.831055641174316406e-01,-1.930959671735763550e-01,-2.861530482769012451e-01,6.258286833763122559e-01,-1.819612681865692139e-01,-6.591744422912597656e-01,-2.246784279122948647e-03,6.997998356819152832e-01,-1.872699856758117676e-01,-6.248537302017211914e-01,6.742985844612121582e-01,5.908357561565935612e-04,-6.068317890167236328e-01,-2.641629893332719803e-03,-6.165544986724853516e-01,-6.254976987838745117e-01,2.970087826251983643e-01,6.893066223710775375e-03,5.882990360260009766e-01,5.066900253295898438e-01,-1.770479828119277954e-01,-2.208139002323150635e-01,-5.749908685684204102e-01,3.132591247558593750e-01,-6.041848659515380859e-01,4.988506436347961426e-03,4.208840429782867432e-01,-4.607089977071154863e-06,-5.448880195617675781e-01,5.132434368133544922e-01,-2.515964806079864502e-01,4.437020719051361084e-01,-6.730953454971313477e-01,-6.348567605018615723e-01,7.461738586425781250e-01,6.827254593372344971e-02,-6.116222143173217773e-01,-5.945876240730285645e-01,-1.708933115005493164e-01,-1.495674159377813339e-02,5.415685772895812988e-01,-5.892099142074584961e-01,-6.256939768791198730e-01,1.493216305971145630e-01,6.619671583175659180e-01,-6.410342454910278320e-01,3.131793141365051270e-01,3.886824250221252441e-01,-6.818851828575134277e-01,4.449171721935272217e-01,5.481704473495483398e-01,5.919148325920104980e-01,5.650461912155151367e-01,-4.256066083908081055e-01,-3.831901550292968750e-01,-5.068798661231994629e-01,-1.536563783884048462e-02,5.532262325286865234e-01
-2.413745522499084473e-01,-7.798489183187484741e-03,5.375013127923011780e-02,-1.557663381099700928e-01,-1.325057446956634521e-01,1.463453471660614014e-01,-5.975073948502540588e-02,-1.308933943510055542e-01,-2.132754772901535034e-01,-9.394969046115875244e-02,4.092756807804107666e-01,1.001287624239921570e-01,1.782144308090209961e-01,-1.307468116283416748e-01,-1.103903725743293762e-01,-6.239645183086395264e-02,-6.501733325421810150e-03,5.765230208635330200e-02,1.537087410688400269e-01,1.977029144763946533e-01,4.007126390933990479e-01,-1.699207164347171783e-02,-1.029911637306213379e-02,-9.915768355131149292e-02,-4.810246080160140991e-02,1.330362074077129364e-02,1.982411928474903107e-02,-4.424502328038215637e-02,5.546144023537635803e-02,-1.006293743848800659e-01,1.896204203367233276e-01,1.940314918756484985e-01,-2.486808747053146362e-01,-1.742396205663681030e-01,-1.187507249414920807e-02,-2.259386703372001648e-02,-4.447071999311447144e-02,-1.233164891600608826e-01,-7.649075984954833984e-02,3.779226541519165039e-01,-2.664885222911834717e-01,-2.522732615470886230e-01,5.286206677556037903e-02,-1.752241328358650208e-02,2.562328279018402100e-01,-1.585850566625595093e-01,1.905848085880279541e-01,5.768027529120445251e-02,-2.802927792072296143e-01,2.117896638810634613e-02,1.370684206485748291e-01,-1.302049309015274048e-01,-4.027997851371765137e-01,6.616509705781936646e-02,-2.256206572055816650e-01,9.537976235151290894e-02,-2.752552628517150879e-01,-3.282173769548535347e-03,4.730103537440299988e-02,1.758282333612442017e-01,2.029174566268920898e-01,-2.452080398797988892e-01,-9.650701656937599182e-03,-1.519993692636489868e-01,-2.021634131669998169e-01,5.592010542750358582e-02,2.998830080032348633e-01,-4.647605493664741516e-02,9.677933156490325928e-02,4.812129586935043335e-02,1.572280675172805786e-01,-4.388569593429565430e-01,2.495186775922775269e-01,-8.730278909206390381e-02,3.045894503593444824e-01,1.608593612909317017e-01,-2.079387428238987923e-03,-3.618443757295608521e-02,2.761369049549102783e-01,1.346427351236343384e-01,-2.700980603694915771e-01,-9.575590956956148148e-05,1.122664511203765869e-01,-6.164260674268007278e-03,2.543383538722991943e-01,1.922768773511052132e-03,2.420459128916263580e-02,2.015028614550828934e-03,4.132454469799995422e-02,-1.495013236999511719e-01,2.749212980270385742e-01,7.548971474170684814e-02,1.521870046854019165e-01,-1.030935570597648621e-01,2.298007458448410034e-01,8.671461045742034912e-02,2.483527548611164093e-02,1.211004018841776997e-05,3.315683826804161072e-02,-9.012218564748764038e-02,1.530984491109848022e-01,-4.365665465593338013e-02,2.252475321292877197e-01,1.064090877771377563e-01,-1.387367546558380127e-01,-4.411324560642242432e-01,2.700757384300231934e-01,-8.639714121818542480e-02,1.042491197586059570e-01,1.113551296293735504e-02,-2.138413190841674805e-01,1.389293372631072998e-01,1.625727564096450806e-01,-3.086441755294799805e-01,-1.004644185304641724e-01,1.663797050714492798e-01,5.037236958742141724e-02,3.842983394861221313e-02,1.751789301633834839e-01,-1.966663300991058350e-01,5.866469442844390869e-02,-2.764275968074798584e-01,-2.204838991165161133e-01,-6.342378258705139160e-02,1.975755989551544189e-01,1.319526731967926025e-01,-2.649542875587940216e-02,-1.273214668035507202e-01
-1.096466258168220520e-01,-4.589865356683731079e-02,4.065305590629577637e-01,-2.862663269042968750e-01,-3.964059650897979736e-01,1.281320005655288696e-01,3.980374336242675781e-02,-3.966457843780517578e-01,-3.490667939186096191e-01,-3.499343097209930420e-01,1.001287624239921570e-01,3.267534077167510986e-01,-3.100054860115051270e-01,-3.856374919414520264e-01,-4.446919262409210205e-01,-5.977800488471984863e-01,4.583665635436773300e-03,-2.001492977142333984e-01,3.729083836078643799e-01,3.621415495872497559e-01,3.036516010761260986e-01,-3.107240498065948486e-01,-2.895588576793670654e-01,1.390090882778167725e-01,-8.807063102722167969e-02,-4.877879321575164795e-01,4.584568440914154053e-01,3.329709470272064209e-01,-4.901659488677978516e-01,1.292360424995422363e-01,6.775559484958648682e-02,5.513038039207458496e-01,-1.944079697132110596e-01,-4.368896484375000000e-01,2.556678839027881622e-02,5.279928445816040039e-01,-3.957241773605346680e-01,-4.746038615703582764e-01,5.134399533271789551e-01,4.340921938419342041e-01,-4.565548002719879150e-01,-1.063396483659744263e-01,-3.349379897117614746e-01,-1.816734969615936279e-01,-2.655253931879997253e-02,3.599482774734497070e-01,4.569085538387298584e-01,1.390444189310073853e-01,-9.139166772365570068e-02,1.995790749788284302e-01,1.275464445352554321e-01,1.692440211772918701e-01,-3.592230677604675293e-01,4.123132675886154175e-02,1.062213703989982605e-01,5.698807239532470703e-01,-3.124377131462097168e-01,-2.241708710789680481e-02,2.982203066349029541e-01,2.451683282852172852e-01,4.428876191377639771e-02,-2.316838130354881287e-02,-8.801732212305068970e-03,-1.662020683288574219e-01,-7.895287871360778809e-02,1.731012910604476929e-01,-4.465873539447784424e-02,-5.190271139144897461e-01,4.831236600875854492e-01,-3.147739171981811523e-01,5.059905648231506348e-01,1.412519812583923340e-01,1.851287484169006348e-01,-4.412907660007476807e-01,9.270659834146499634e-02,4.853960275650024414e-01,1.439483603462576866e-03,-5.153428316116333008e-01,6.435057520866394043e-02,4.782747924327850342e-01,-4.967680871486663818e-01,-4.610193427652120590e-04,4.949254691600799561e-01,2.675770781934261322e-03,5.329533219337463379e-01,4.067542254924774170e-01,-3.249928951263427734e-01,-6.854639854282140732e-03,-3.564783930778503418e-01,-4.245767593383789062e-01,1.504570096731185913e-01,-4.528638347983360291e-02,3.208176791667938232e-01,-1.254317015409469604e-01,4.179181754589080811e-01,1.165426373481750488e-01,-2.565642893314361572e-01,6.182570359669625759e-06,4.615921676158905029e-01,-3.920164406299591064e-01,3.559389114379882812e-01,-4.739775359630584717e-01,4.932676255702972412e-01,5.111622214317321777e-01,-4.721344113349914551e-01,-4.896005615592002869e-02,3.020038902759552002e-01,3.659972250461578369e-01,2.909433245658874512e-01,3.208135953173041344e-03,-3.572159111499786377e-01,3.191150426864624023e-01,4.214165508747100830e-01,-1.337840259075164795e-01,-4.920356273651123047e-01,4.534687697887420654e-01,-3.753024041652679443e-01,-2.401773482561111450e-01,5.284033417701721191e-01,-2.388677895069122314e-01,-3.227702379226684570e-01,-3.908672928810119629e-01,-3.897406458854675293e-01,1.541590988636016846e-01,3.512855172157287598e-01,2.843796312808990479e-01,-2.605761401355266571e-02,-4.072752594947814941e-01
