4.749678075313568115e-01,-8.911276236176490784e-03,-1.250724401324987411e-02,-7.493295520544052124e-02,1.591906547546386719e-01,-1.606536060571670532e-01,1.509692817926406860e-01,3.507359623908996582e-01,7.647312432527542114e-02,7.800970971584320068e-02,-1.506828963756561279e-01,-3.706521168351173401e-02,-1.056949868798255920e-01,7.316593080759048462e-02,7.988451421260833740e-02,6.441383808851242065e-02,-2.969871275126934052e-03,-6.135335564613342285e-02,7.234444469213485718e-02,-7.888970896601676941e-03,-9.376672655344009399e-02,-5.728899314999580383e-02,-6.290547549724578857e-02,8.318164199590682983e-02,6.218447349965572357e-03,3.793033538386225700e-03,1.092298924922943115e-01,-1.610122025012969971e-01,2.218514308333396912e-02,-1.481443196535110474e-01,-1.129118874669075012e-01,4.829968884587287903e-02,-3.287298604846000671e-02,5.542425811290740967e-02,-1.732944138348102570e-02,1.644017361104488373e-02,-2.026785910129547119e-02,3.420953080058097839e-02,-2.002631425857543945e-01,-3.382642567157745361e-01,1.393333971500396729e-01,7.918749749660491943e-02,-1.583618223667144775e-01,1.972416229546070099e-02,-8.616750687360763550e-02,1.370983272790908813e-01,-8.721663802862167358e-02,-9.674371778964996338e-02,8.027216792106628418e-02,-5.973082408308982849e-02,-1.485890150070190430e-01,-9.596431255340576172e-02,2.440810054540634155e-01,-6.417600810527801514e-02,-9.552647173404693604e-02,-9.220913052558898926e-02,6.053301319479942322e-02,3.382779192179441452e-03,6.235294789075851440e-02,-6.398434750735759735e-03,-6.671552360057830811e-02,-5.961930379271507263e-02,1.196758705191314220e-03,2.374568134546279907e-01,-5.898009054362773895e-03,1.730429381132125854e-02,-2.771712541580200195e-01,9.339923411607742310e-02,-9.260260313749313354e-02,1.418416500091552734e-01,-1.736976206302642822e-01,7.693696767091751099e-02,4.972518607974052429e-02,7.493578642606735229e-02,-1.276790946722030640e-01,-1.166420280933380127e-01,3.688122960738837719e-04,5.987028405070304871e-02,-1.137457340955734253e-01,1.553423120640218258e-03,7.029711455106735229e-02,1.143629706348292530e-04,-1.957540214061737061e-01,-4.363354295492172241e-03,-2.077098637819290161e-01,8.607745170593261719e-02,3.049409389495849609e-01,-5.153167876414954662e-04,-1.198424249887466431e-01,6.123383715748786926e-02,-1.596404463052749634e-01,1.152333170175552368e-01,1.727637946605682373e-01,-2.078103125095367432e-01,-6.577271223068237305e-02,-2.766142487525939941e-01,1.513239741325378418e-01,-7.086538971634581685e-05,-5.331151932477951050e-02,2.083975225687026978e-01,-1.896268576383590698e-01,2.767406105995178223e-01,3.150944411754608154e-02,-3.192206472158432007e-02,-2.347965538501739502e-02,2.754270732402801514e-01,1.162886917591094971e-01,1.505758017301559448e-01,-2.917467951774597168e-01,1.131511386483907700e-02,-8.757469803094863892e-02,6.221301853656768799e-02,7.081188261508941650e-02,-2.986438572406768799e-02,9.060259908437728882e-02,-8.342346549034118652e-02,2.342031449079513550e-01,-4.899844154715538025e-02,-2.402923703193664551e-01,-2.584257908165454865e-02,-1.162124201655387878e-01,1.038406416773796082e-01,9.595414996147155762e-02,2.066164016723632812e-01,2.103881165385246277e-02,-1.424527633935213089e-02,-1.617136225104331970e-02,3.518925979733467102e-02
-8.911276236176490784e-03,1.255759224295616150e-02,-8.895123004913330078e-02,6.911438703536987305e-02,5.969964340329170227e-02,-1.424680463969707489e-02,-2.786426246166229248e-02,4.727076739072799683e-02,3.637438639998435974e-02,4.256696626543998718e-02,3.221765393391251564e-03,-4.663654416799545288e-02,8.771108090877532959e-02,3.725985437631607056e-02,9.250698983669281006e-02,1.042218431830406189e-01,7.762869354337453842e-04,4.467593878507614136e-02,-6.553827226161956787e-02,-4.521723091602325439e-02,-2.477310225367546082e-02,8.306821435689926147e-02,4.542743787169456482e-02,-2.750499546527862549e-02,1.172004267573356628e-02,1.020910888910293579e-01,-1.064457073807716370e-01,-5.588116496801376343e-02,7.550899684429168701e-02,8.455555886030197144e-03,-1.460822392255067825e-02,-1.059651225805282593e-01,5.726826190948486328e-02,3.490256890654563904e-02,-5.394213832914829254e-03,-1.049452796578407288e-01,3.951632976531982422e-02,7.671058177947998047e-02,-8.148863166570663452e-02,-3.993301093578338623e-02,9.290846437215805054e-02,1.037413533776998520e-02,8.441686630249023438e-02,1.485532522201538086e-02,1.090483367443084717e-02,-5.970552563667297363e-02,-9.346514195203781128e-02,-2.731326781213283539e-02,1.836730283685028553e-03,2.422013133764266968e-02,-1.271534245461225510e-02,1.077197119593620300e-02,4.338726401329040527e-02,-1.891765929758548737e-02,-1.881422847509384155e-02,-1.121718585491180420e-01,3.544084727764129639e-02,7.295906078070402145e-03,-5.569855496287345886e-02,-4.946466535329818726e-02,-1.892014290206134319e-03,1.109603699296712875e-02,2.652639755979180336e-03,2.349325222894549370e-03,1.733979023993015289e-02,-2.699422091245651245e-02,4.056532680988311768e-02,9.576015174388885498e-02,-8.896890282630920410e-02,2.708540111780166626e-02,-7.574766129255294800e-02,1.684038341045379639e-02,-2.464123442769050598e-02,9.182041138410568237e-02,-2.691866643726825714e-02,-8.265708386898040771e-02,-1.456702593713998795e-03,1.075252518057823181e-01,-3.089522197842597961e-02,-9.554550796747207642e-02,9.350455552339553833e-02,4.771303501911461353e-04,-7.120418548583984375e-02,1.501710969023406506e-03,-8.781446516513824463e-02,-8.054275810718536377e-02,1.455001067370176315e-02,3.268648870289325714e-03,7.200840115547180176e-02,7.398559153079986572e-02,-2.229248359799385071e-02,-1.482913829386234283e-02,-7.984901219606399536e-02,5.482715368270874023e-02,-8.204346150159835815e-02,-8.631243370473384857e-03,3.936742246150970459e-02,-3.247704444220289588e-05,-8.083412796258926392e-02,7.444666326045989990e-02,-2.751676365733146667e-02,5.444793030619621277e-02,-1.108309850096702576e-01,-7.447154819965362549e-02,1.090735346078872681e-01,-2.076376043260097504e-02,-7.085610181093215942e-02,-9.740413725376129150e-02,-1.730172522366046906e-02,-5.787755828350782394e-03,7.270036637783050537e-02,-4.040917381644248962e-02,-9.732455760240554810e-02,-1.596871949732303619e-02,1.051489338278770447e-01,-8.789910376071929932e-02,5.732246488332748413e-02,2.950038574635982513e-02,-9.054898470640182495e-02,3.886377438902854919e-02,5.109059810638427734e-02,7.715845853090286255e-02,9.148916602134704590e-02,-6.347033381462097168e-02,-6.579937040805816650e-02,-2.718447521328926086e-02,8.039825595915317535e-03,4.629027470946311951e-02
-1.250724401324987411e-02,-8.895123004913330078e-02,7.195639610290527344e-01,-5.997194051742553711e-01,-4.301971495151519775e-01,6.537465006113052368e-02,1.320395618677139282e-01,-4.146294593811035156e-01,-2.712397873401641846e-01,-3.750430345535278320e-01,5.467589944601058960e-02,3.796705305576324463e-01,-5.985838770866394043e-01,-3.718352317810058594e-01,-6.944655776023864746e-01,-7.142475843429565430e-01,-5.875217262655496597e-03,-3.167386353015899658e-01,5.737809538841247559e-01,3.845220804214477539e-01,2.785868048667907715e-01,-6.304236054420471191e-01,-4.262325465679168701e-01,2.173205465078353882e-01,-9.807119518518447876e-02,-6.740857958793640137e-01,7.080591320991516113e-01,3.470142185688018799e-01,-6.099321246147155762e-01,-4.941171035170555115e-02,1.450385451316833496e-01,7.660796642303466797e-01,-5.031751394271850586e-01,-3.659497201442718506e-01,4.445380344986915588e-02,7.244775295257568359e-01,-3.069809973239898682e-01,-6.181777119636535645e-01,5.790829658508300781e-01,4.252407550811767578e-01,-6.893058419227600098e-01,-1.050460487604141235e-01,-5.718151926994323730e-01,-1.273820847272872925e-01,-3.286834806203842163e-02,4.334829449653625488e-01,7.453027963638305664e-01,2.338120192289352417e-01,-4.212304577231407166e-02,-6.801450252532958984e-02,1.218889579176902771e-01,-6.424795836210250854e-02,-4.139554202556610107e-01,1.810063719749450684e-01,1.237515285611152649e-01,7.956745624542236328e-01,-3.156415820121765137e-01,-6.060162186622619629e-02,4.123328626155853271e-01,4.132686257362365723e-01,6.108584254980087280e-02,-1.224667057394981384e-01,-2.213910594582557678e-02,-9.109272807836532593e-02,-1.226693689823150635e-01,2.080109864473342896e-01,-2.020645439624786377e-01,-6.726229786872863770e-01,6.872907280921936035e-01,-1.489080339670181274e-01,6.329847574234008789e-01,-1.259935647249221802e-01,2.163613736629486084e-01,-7.254147529602050781e-01,2.154591381549835205e-01,6.382290124893188477e-01,9.615007787942886353e-03,-8.009136319160461426e-01,3.480853736400604248e-01,7.208909392356872559e-01,-7.612701654434204102e-01,-3.948930185288190842e-03,5.817489624023437500e-01,-1.052610855549573898e-02,6.464433670043945312e-01,5.655149221420288086e-01,-1.988674402236938477e-01,-2.396549284458160400e-02,-4.893136918544769287e-01,-6.079874634742736816e-01,2.020675837993621826e-01,1.229134276509284973e-01,6.007214784622192383e-01,-3.757198154926300049e-01,6.725916862487792969e-01,1.156397610902786255e-01,-3.183673322200775146e-01,2.770053397398442030e-04,5.744286179542541504e-01,-6.086618900299072266e-01,2.953080832958221436e-01,-4.422721862792968750e-01,7.962630987167358398e-01,5.964000225067138672e-01,-8.089476823806762695e-01,-3.444320708513259888e-02,5.829895734786987305e-01,6.533902287483215332e-01,1.459042727947235107e-01,4.451667517423629761e-02,-5.552764534950256348e-01,4.450430572032928467e-01,7.159428000450134277e-01,4.972368013113737106e-03,-7.566632628440856934e-01,6.992471814155578613e-01,-4.110192060470581055e-01,-2.671439051628112793e-01,7.295494079589843750e-01,-3.216012120246887207e-01,-3.589729964733123779e-01,-6.486769318580627441e-01,-7.045417428016662598e-01,4.157808125019073486e-01,5.449703335762023926e-01,2.670913040637969971e-01,-7.387953996658325195e-02,-4.209690392017364502e-01
-7.493295520544052124e-02,6.911438703536987305e-02,-5.997194051742553711e-01,6.481977105140686035e-01,2.575198709964752197e-01,3.562171757221221924e-02,-1.293142437934875488e-01,2.367784231901168823e-01,2.082733511924743652e-01,2.915316522121429443e-01,-8.461712300777435303e-02,-3.105740845203399658e-01,4.234376847743988037e-01,3.864597380161285400e-01,5.822076201438903809e-01,5.206221342086791992e-01,1.029524113982915878e-02,3.070647418498992920e-01,-5.359312891960144043e-01,-3.046567440032958984e-01,-3.457943201065063477e-01,5.569410324096679688e-01,3.842412531375885010e-01,-1.731745153665542603e-01,8.193200081586837769e-02,4.631181359291076660e-01,-5.498309731483459473e-01,-1.170791089534759521e-01,3.998870551586151123e-01,1.871771216392517090e-01,-1.299919784069061279e-01,-6.786148548126220703e-01,5.209935903549194336e-01,2.559571564197540283e-01,-2.408527955412864685e-02,-5.687249898910522461e-01,2.416253387928009033e-01,4.815168082714080811e-01,-3.243172764778137207e-01,-4.217451810836791992e-01,5.491392612457275391e-01,1.061850935220718384e-01,4.497771859169006348e-01,9.575369954109191895e-02,-9.832778014242649078e-03,-2.321048974990844727e-01,-6.313412785530090332e-01,-2.140523940324783325e-01,1.049517001956701279e-02,1.223317533731460571e-01,-8.831307291984558105e-02,9.039642661809921265e-02,3.758524060249328613e-01,-1.643814742565155029e-01,2.904935367405414581e-02,-6.231112480163574219e-01,2.724731564521789551e-01,4.605403542518615723e-02,-3.527511656284332275e-01,-3.804752230644226074e-01,-1.045519262552261353e-01,1.746701747179031372e-01,2.287732250988483429e-02,1.278107147663831711e-02,1.197672635316848755e-01,-1.710683405399322510e-01,1.962334662675857544e-01,4.878831803798675537e-01,-5.140717625617980957e-01,-2.971282461658120155e-03,-4.646058082580566406e-01,2.531112134456634521e-01,-2.482538223266601562e-01,6.212434172630310059e-01,-1.712571680545806885e-01,-5.151783227920532227e-01,-4.304171074181795120e-03,6.164604425430297852e-01,-4.503589272499084473e-01,-5.970308184623718262e-01,6.954422593116760254e-01,3.220545593649148941e-03,-3.808856308460235596e-01,1.039770431816577911e-02,-4.984992742538452148e-01,-4.204938113689422607e-01,-3.563539311289787292e-02,1.618500798940658569e-02,3.526496589183807373e-01,4.705129265785217285e-01,-1.393637061119079590e-01,-2.159895449876785278e-01,-5.863439440727233887e-01,4.172138273715972900e-01,-5.827454924583435059e-01,-2.296823449432849884e-02,1.987243294715881348e-01,-2.058732497971504927e-04,-3.879939913749694824e-01,4.426428377628326416e-01,-1.540714800357818604e-01,1.847123801708221436e-01,-7.197674512863159180e-01,-4.571910202503204346e-01,6.755565404891967773e-01,1.430734246969223022e-01,-6.493226885795593262e-01,-5.294096469879150391e-01,-7.184756686910986900e-04,-3.870783373713493347e-02,5.877821445465087891e-01,-4.660425186157226562e-01,-6.381648182868957520e-01,7.539901137351989746e-02,5.803178548812866211e-01,-5.482764244079589844e-01,1.990302354097366333e-01,2.158081680536270142e-01,-5.714552402496337891e-01,3.187440633773803711e-01,3.017258048057556152e-01,5.519829392433166504e-01,5.890745520591735840e-01,-3.779863417148590088e-01,-4.346398413181304932e-01,-2.508226335048675537e-01,5.422576144337654114e-02,3.459771573543548584e-01
1.591906547546386719e-01,5.969964340329170227e-02,-4.301971495151519775e-01,2.575198709964752197e-01,4.426950216293334961e-01,-1.425690799951553345e-01,-8.985605835914611816e-02,4.601891040802001953e-01,1.534090787172317505e-01,2.215600609779357910e-01,-2.449487568810582161e-03,-2.487315982580184937e-01,4.173851609230041504e-01,1.632126122713088989e-01,5.098015666007995605e-01,5.929937958717346191e-01,4.426842206157743931e-04,2.015175670385360718e-01,-2.280582338571548462e-01,-2.198337316513061523e-01,-3.152583958581089973e-03,3.829087316989898682e-01,1.702048033475875854e-01,-8.886466175317764282e-02,5.364479124546051025e-02,5.384972691535949707e-01,-5.209184288978576660e-01,-4.452992975711822510e-01,4.527525901794433594e-01,-9.156105667352676392e-02,-9.959241002798080444e-02,-4.523774385452270508e-01,1.662039756774902344e-01,2.139487862586975098e-01,-4.300326108932495117e-02,-5.373428463935852051e-01,1.861586272716522217e-01,3.936499357223510742e-01,-5.971790552139282227e-01,-3.075485527515411377e-01,5.034355521202087402e-01,7.108777761459350586e-02,3.981159329414367676e-01,8.761432021856307983e-02,1.199691146612167358e-01,-3.056910932064056396e-01,-4.959509968757629395e-01,-1.762794107198715210e-01,1.614973135292530060e-02,1.084382832050323486e-01,-1.144345402717590332e-01,-7.210117578506469727e-02,2.658680677413940430e-01,-1.096046790480613708e-01,-2.142304480075836182e-01,-6.366189122200012207e-01,2.011412829160690308e-01,3.936054557561874390e-02,-2.400670647621154785e-01,-2.333021759986877441e-01,1.555709168314933777e-02,-3.612554445862770081e-02,1.112478133291006088e-02,6.404009461402893066e-02,7.016121596097946167e-02,-1.213878318667411804e-01,1.209679692983627319e-01,5.641006827354431152e-01,-4.679340720176696777e-01,2.877037823200225830e-01,-4.680685102939605713e-01,3.279930679127573967e-03,-3.546138107776641846e-02,4.679942131042480469e-01,-1.629294306039810181e-01,-4.647366106510162354e-01,-8.582992479205131531e-03,5.758572816848754883e-01,-1.037562340497970581e-01,-4.557847976684570312e-01,4.365275502204895020e-01,2.392441965639591217e-03,-4.853465259075164795e-01,3.856337396427989006e-03,-5.450482368469238281e-01,-4.213128089904785156e-01,2.500575184822082520e-01,1.809294708073139191e-02,3.044086694717407227e-01,3.953193128108978271e-01,-2.016440182924270630e-01,4.748585447669029236e-02,-2.574773430824279785e-01,1.411264687776565552e-01,-3.878339231014251709e-01,-1.792850643396377563e-01,3.312815725803375244e-01,-1.891106949187815189e-04,-4.796547889709472656e-01,4.493975341320037842e-01,-2.425050586462020874e-01,4.258592426776885986e-01,-5.003442168235778809e-01,-3.906877338886260986e-01,4.922582507133483887e-01,-4.118788987398147583e-02,-1.881533265113830566e-01,-4.522560834884643555e-01,-2.439748197793960571e-01,-1.802415214478969574e-02,2.392794489860534668e-01,-8.101476728916168213e-02,-4.423577189445495605e-01,-1.665016412734985352e-01,6.233636140823364258e-01,-4.397009909152984619e-01,4.681440591812133789e-01,1.272722631692886353e-01,-5.584973096847534180e-01,1.477812379598617554e-01,2.351564317941665649e-01,3.773245513439178467e-01,4.798023700714111328e-01,-2.256899327039718628e-01,-3.299868404865264893e-01,-8.318606764078140259e-02,2.202316187322139740e-02,2.211419939994812012e-01
-1.606536060571670532e-01,-1.424680463969707489e-02,6.537465006113052368e-02,3.562171757221221924e-02,-1.425690799951553345e-01,2.092971056699752808e-01,-5.095628090202808380e-03,-1.351038962602615356e-01,-1.541627794504165649e-01,-8.772133290767669678e-02,5.552936717867851257e-02,4.658618196845054626e-02,-1.129978373646736145e-01,3.013074584305286407e-02,-8.243351429700851440e-02,-1.592684984207153320e-01,1.295082736760377884e-03,-4.642713814973831177e-02,5.806159228086471558e-02,1.608169823884963989e-02,9.110558032989501953e-02,-2.011414058506488800e-02,3.175015002489089966e-02,-6.600779597647488117e-04,-1.741584390401840210e-02,-2.106512188911437988e-01,7.704892754554748535e-02,1.647058278322219849e-01,-5.367812514305114746e-02,4.030609503388404846e-02,5.955835059285163879e-02,1.016177386045455933e-01,-6.947709619998931885e-02,2.403110824525356293e-02,6.069188006222248077e-03,1.110879182815551758e-01,-4.671165719628334045e-02,-1.065102145075798035e-01,1.841926872730255127e-01,4.774951934814453125e-02,-2.109132856130599976e-01,-2.929119765758514404e-02,-2.649070881307125092e-02,-1.365302875638008118e-02,1.022299230098724365e-01,2.533648908138275146e-02,1.078928858041763306e-01,4.057562723755836487e-02,-7.787477225065231323e-02,-5.693565309047698975e-02,8.962370455265045166e-02,-7.555337995290756226e-02,-1.171870678663253784e-01,9.844425134360790253e-03,5.558178946375846863e-02,1.267443746328353882e-01,-2.981047891080379486e-02,-6.937508936971426010e-03,8.075264841318130493e-02,3.975825384259223938e-02,2.097455784678459167e-02,1.473352313041687012e-02,-9.473561076447367668e-04,-1.825622022151947021e-01,-3.825172409415245056e-02,3.494347631931304932e-02,4.693558812141418457e-02,-1.465968489646911621e-01,1.532130837440490723e-01,-9.977684170007705688e-02,1.418323069810867310e-01,-1.312159150838851929e-01,1.398489624261856079e-02,-1.086227595806121826e-01,1.269442737102508545e-01,1.255587190389633179e-01,3.397880587726831436e-03,-1.313095092773437500e-01,2.573750540614128113e-02,1.054995879530906677e-01,-1.003195047378540039e-01,-3.175932797603309155e-04,1.419586241245269775e-01,-1.852658926509320736e-03,1.945396512746810913e-01,8.086708188056945801e-02,-1.420487612485885620e-01,-4.176188260316848755e-03,-1.120806634426116943e-01,-1.000770777463912964e-01,7.894629985094070435e-02,-2.196538820862770081e-02,3.380918502807617188e-02,4.138563945889472961e-02,1.367294788360595703e-01,9.061469137668609619e-02,-6.594528257846832275e-02,5.740489723393693566e-05,9.998164325952529907e-02,-2.114695608615875244e-01,6.241547316312789917e-02,-2.268300503492355347e-01,1.040626615285873413e-01,1.017119809985160828e-01,-1.511132568120956421e-01,6.163677945733070374e-02,2.814819850027561188e-02,7.612847536802291870e-02,1.912065297365188599e-01,6.316664163023233414e-03,-7.783974055200815201e-03,-5.161958187818527222e-02,6.395657360553741455e-02,1.017201244831085205e-01,-1.283827722072601318e-01,1.593468040227890015e-01,-1.399523019790649414e-01,2.546167466789484024e-03,1.625328212976455688e-01,-2.327640540897846222e-02,-1.690887473523616791e-02,-1.191046833992004395e-01,-1.296735256910324097e-01,2.440276741981506348e-02,-4.328328650444746017e-03,2.984503656625747681e-02,-2.910269191488623619e-03,-4.809815436601638794e-02
1.509692817926406860e-01,-2.786426246166229248e-02,1.320395618677139282e-01,-1.293142437934875488e-01,-8.985605835914611816e-02,-5.095628090202808380e-03,1.691283583641052246e-01,-8.682920015417039394e-04,-7.147672772407531738e-02,-3.786749392747879028e-02,-1.017653718590736389e-01,9.528328478336334229e-02,-2.114284187555313110e-01,-7.678126543760299683e-02,-1.806209385395050049e-01,-2.219777405261993408e-01,-3.706969087943434715e-03,-9.828726202249526978e-02,8.730132132768630981e-02,7.304631918668746948e-02,-1.690871827304363251e-02,-2.114840894937515259e-01,-7.359670847654342651e-02,1.009215638041496277e-01,-2.034580335021018982e-02,-2.235246002674102783e-01,2.665609419345855713e-01,1.101669669151306152e-01,-1.133909597992897034e-01,-9.021958708763122559e-02,1.684677228331565857e-02,2.336436808109283447e-01,-6.120902672410011292e-02,-4.170440882444381714e-02,9.271224960684776306e-03,2.509513795375823975e-01,-8.433002233505249023e-02,-1.304347515106201172e-01,1.145570576190948486e-01,-1.925551891326904297e-02,-1.377656012773513794e-01,9.563112631440162659e-03,-2.235818952322006226e-01,-2.049530111253261566e-02,-1.164569780230522156e-01,1.596612632274627686e-01,1.329141706228256226e-01,3.396780416369438171e-02,4.192730039358139038e-02,-6.331893056631088257e-02,-5.821623373776674271e-03,-4.158184304833412170e-02,-1.675682328641414642e-02,5.041158571839332581e-02,2.143067866563796997e-02,2.046617418527603149e-01,-6.583793461322784424e-02,-1.375286374241113663e-02,8.217693865299224854e-02,9.108372032642364502e-02,-3.024986572563648224e-02,-2.293920330703258514e-02,-5.153167061507701874e-03,1.338357180356979370e-01,-4.994615912437438965e-02,5.643969029188156128e-02,-1.815787106752395630e-01,-1.748201847076416016e-01,1.524721682071685791e-01,-3.004769049584865570e-02,7.216435670852661133e-02,-1.089786924421787262e-02,6.984129548072814941e-02,-1.599903851747512817e-01,1.963221235200762749e-03,1.071294248104095459e-01,3.167000599205493927e-03,-1.750480085611343384e-01,-3.376669483259320259e-03,2.016555070877075195e-01,-1.341756433248519897e-01,-9.966304060071706772e-04,5.966579914093017578e-02,-5.194224882870912552e-03,1.233268156647682190e-01,1.890370398759841919e-01,1.342584490776062012e-01,-7.371627259999513626e-03,-2.078984826803207397e-01,-1.271999776363372803e-01,-1.940817758440971375e-02,4.770475253462791443e-02,1.926929652690887451e-01,-1.963687241077423096e-01,1.138819158077239990e-01,-6.648170948028564453e-02,-1.463500037789344788e-02,3.367829049238935113e-05,1.864968389272689819e-01,-6.410290300846099854e-02,-5.905812140554189682e-03,-1.612896844744682312e-02,2.352336794137954712e-01,1.357332170009613037e-01,-1.672928631305694580e-01,1.935524046421051025e-01,1.200459450483322144e-01,2.650550603866577148e-01,-7.936625182628631592e-02,1.373726595193147659e-02,-2.216963320970535278e-01,2.987954020500183105e-02,2.313470691442489624e-01,6.163188815116882324e-02,-1.715157926082611084e-01,1.099976524710655212e-01,-9.201213717460632324e-02,-4.844555631279945374e-02,8.467089384794235229e-02,-8.325948566198348999e-02,-1.242085248231887817e-01,-1.041592434048652649e-01,-1.406392902135848999e-01,1.950423717498779297e-01,1.645949929952621460e-01,2.953573502600193024e-02,-2.095235884189605713e-02,-3.587716817855834961e-02
3.507359623908996582e-01,4.727076739072799683e-02,-4.146294593811035156e-01,2.367784231901168823e-01,4.601891040802001953e-01,-1.351038962602615356e-01,-8.682920015417039394e-04,6.349675059318542480e-01,1.264090240001678467e-01,2.380893975496292114e-01,-5.159192159771919250e-02,-2.631502151489257812e-01,3.186025321483612061e-01,2.207383960485458374e-01,5.121603012084960938e-01,5.543882250785827637e-01,-9.205039823427796364e-04,1.258678585290908813e-01,-1.779712289571762085e-01,-2.205452322959899902e-01,1.480139419436454773e-02,3.582140803337097168e-01,1.659442633390426636e-01,-8.428466320037841797e-02,5.295050889253616333e-02,4.532635807991027832e-01,-4.159622192382812500e-01,-4.596033692359924316e-01,4.874747395515441895e-01,-1.643053144216537476e-01,-1.429046541452407837e-01,-3.738946020603179932e-01,1.005787402391433716e-01,2.997708618640899658e-01,-5.519528314471244812e-02,-4.841928184032440186e-01,1.644145995378494263e-01,3.901307880878448486e-01,-6.477681398391723633e-01,-4.634110629558563232e-01,4.827950298786163330e-01,9.447449445724487305e-02,2.862341105937957764e-01,9.830994158983230591e-02,1.426283419132232666e-01,-2.654723227024078369e-01,-5.018953084945678711e-01,-2.077538520097732544e-01,3.904150798916816711e-02,-2.688947133719921112e-02,-1.595727354288101196e-01,-1.595202088356018066e-01,3.471739590167999268e-01,-1.669312268495559692e-01,-2.698268592357635498e-01,-6.196438670158386230e-01,2.400989085435867310e-01,4.197946190834045410e-02,-1.426750719547271729e-01,-2.250540107488632202e-01,-1.472651027143001556e-02,-6.453138589859008789e-02,1.051924191415309906e-02,1.073881164193153381e-01,5.017834156751632690e-02,-1.012450456619262695e-01,-4.377902299165725708e-02,5.370552539825439453e-01,-4.795853197574615479e-01,3.091514110565185547e-01,-5.304787755012512207e-01,-6.232459843158721924e-02,-3.476488403975963593e-03,4.800012409687042236e-01,-1.631645560264587402e-01,-4.575631618499755859e-01,-7.432289421558380127e-03,5.618103146553039551e-01,-1.517587751150131226e-01,-4.183686077594757080e-01,4.340008497238159180e-01,2.500383416190743446e-03,-5.472397804260253906e-01,9.977453155443072319e-04,-5.574517250061035156e-01,-3.471300899982452393e-01,3.896771967411041260e-01,1.723252981901168823e-02,1.991842836141586304e-01,4.177299439907073975e-01,-2.539083659648895264e-01,1.330601871013641357e-01,-1.454549133777618408e-01,1.883546076714992523e-02,-3.783282935619354248e-01,-3.052978515625000000e-01,3.788627088069915771e-01,-2.169480867451056838e-04,-4.782938659191131592e-01,4.915709197521209717e-01,-3.630152344703674316e-01,5.259498953819274902e-01,-4.296775162220001221e-01,-3.900154232978820801e-01,4.234919250011444092e-01,1.305121481418609619e-01,-8.844495564699172974e-02,-3.435974717140197754e-01,-3.269617855548858643e-01,-8.655018173158168793e-03,1.767887920141220093e-01,-8.552460372447967529e-02,-3.783038854598999023e-01,-1.041571125388145447e-01,6.067237257957458496e-01,-4.306124746799468994e-01,5.418231487274169922e-01,1.325590908527374268e-01,-6.232205629348754883e-01,1.188982203602790833e-01,1.570239812135696411e-01,3.936801552772521973e-01,4.575197994709014893e-01,-7.048190385103225708e-02,-3.474716246128082275e-01,-8.504200726747512817e-02,2.254231274127960205e-02,2.378002852201461792e-01
7.647312432527542114e-02,3.637438639998435974e-02,-2.712397873401641846e-01,2.082733511924743652e-01,1.534090787172317505e-01,-1.541627794504165649e-01,-7.147672772407531738e-02,1.264090240001678467e-01,2.654860317707061768e-01,1.839276254177093506e-01,-6.676127016544342041e-02,-1.540927439928054810e-01,2.537784278392791748e-01,1.477693468332290649e-01,2.755257487297058105e-01,3.195174336433410645e-01,4.051810130476951599e-03,1.172898784279823303e-01,-2.626988291740417480e-01,-1.288190335035324097e-01,-2.950296700000762939e-01,2.439409792423248291e-01,1.196018233895301819e-01,-9.921053797006607056e-02,4.941400513052940369e-02,3.577654063701629639e-01,-2.761998474597930908e-01,-1.280113756656646729e-01,1.479147672653198242e-01,8.507306128740310669e-02,-1.160444319248199463e-01,-4.001413285732269287e-01,2.845100760459899902e-01,6.914214044809341431e-02,-9.086911566555500031e-03,-3.186184465885162354e-01,1.308450102806091309e-01,2.616596817970275879e-01,-2.036572396755218506e-01,-1.772964149713516235e-01,3.833864331245422363e-01,5.909409001469612122e-02,1.637412011623382568e-01,3.988099843263626099e-02,-1.268845498561859131e-01,-9.924772381782531738e-02,-3.076601624488830566e-01,-9.763648360967636108e-02,8.140601217746734619e-02,4.297693073749542236e-02,-1.140397116541862488e-01,1.658349931240081787e-01,2.505258023738861084e-01,-8.861585706472396851e-02,9.613827802240848541e-03,-3.225274682044982910e-01,1.202322840690612793e-01,2.173923701047897339e-02,-1.718913316726684570e-01,-1.674989610910415649e-01,-7.648798078298568726e-02,9.466222673654556274e-02,1.005155313760042191e-02,1.575221270322799683e-01,8.640918135643005371e-02,-9.434173256158828735e-02,1.963972300291061401e-02,2.719655632972717285e-01,-3.371196091175079346e-01,1.562031731009483337e-02,-2.570049166679382324e-01,2.425461560487747192e-01,-1.521530896425247192e-01,3.331145346164703369e-01,-1.628096401691436768e-01,-2.641582489013671875e-01,-3.880071919411420822e-03,3.384467065334320068e-01,-1.986050754785537720e-01,-3.426089882850646973e-01,3.688884973526000977e-01,1.503650099039077759e-03,-2.061999589204788208e-01,7.314827758818864822e-03,-3.181152343750000000e-01,-1.858864426612854004e-01,5.094294995069503784e-02,8.512901142239570618e-03,2.623370587825775146e-01,2.552554011344909668e-01,-7.626052200794219971e-02,-9.558255970478057861e-02,-2.830665111541748047e-01,1.574553549289703369e-01,-3.433960080146789551e-01,-5.576880648732185364e-02,5.002044513821601868e-02,-1.158636441687121987e-04,-2.158961296081542969e-01,3.280106782913208008e-01,-9.292489290237426758e-02,2.418584823608398438e-01,-3.939665853977203369e-01,-2.471167296171188354e-01,4.026110470294952393e-01,-3.329535946249961853e-02,-3.119485676288604736e-01,-2.606775462627410889e-01,-1.091936156153678894e-01,-2.485646493732929230e-02,3.105124533176422119e-01,-1.654453873634338379e-01,-3.100301623344421387e-01,-1.182001736015081406e-02,2.707271873950958252e-01,-3.519116640090942383e-01,1.428123861551284790e-01,7.167618721723556519e-02,-3.243791460990905762e-01,1.540166139602661133e-01,8.927584439516067505e-02,3.231391608715057373e-01,3.227694332599639893e-01,-1.638977527618408203e-01,-1.750627756118774414e-01,-1.548255383968353271e-01,3.957189247012138367e-02,1.605970710515975952e-01
7.800970971584320068e-02,4.256696626543998718e-02,-3.750430345535278320e-01,2.915316522121429443e-01,2.215600609779357910e-01,-8.772133290767669678e-02,-3.786749392747879028e-02,2.380893975496292114e-01,1.839276254177093506e-01,2.123482227325439453e-01,-6.828238815069198608e-02,-1.908197849988937378e-01,3.003060519695281982e-01,1.848911792039871216e-01,3.638747334480285645e-01,3.903651535511016846e-01,2.630485454574227333e-03,1.464777141809463501e-01,-3.055629730224609375e-01,-1.870396733283996582e-01,-2.104347646236419678e-01,3.030790090560913086e-01,1.994260847568511963e-01,-1.011328771710395813e-01,5.279793590307235718e-02,3.812875449657440186e-01,-3.572993874549865723e-01,-1.765295714139938354e-01,3.028370738029479980e-01,1.738723553717136383e-02,-9.694860875606536865e-02,-4.294272363185882568e-01,2.856242060661315918e-01,1.739049851894378662e-01,-2.110506035387516022e-02,-3.845324814319610596e-01,1.532247364521026611e-01,3.217560648918151855e-01,-3.213936090469360352e-01,-2.511458098888397217e-01,4.077033996582031250e-01,6.648009270429611206e-02,2.487293928861618042e-01,6.346519291400909424e-02,-4.730077832937240601e-02,-1.884252727031707764e-01,-4.112065434455871582e-01,-1.235644221305847168e-01,5.571926385164260864e-02,2.031212672591209412e-02,-9.484718739986419678e-02,6.307579576969146729e-02,2.562207281589508057e-01,-9.486057609319686890e-02,-5.627842992544174194e-02,-4.438715875148773193e-01,1.593690514564514160e-01,3.001008927822113037e-02,-2.060746699571609497e-01,-2.064605504274368286e-01,-5.558026209473609924e-02,7.003933936357498169e-02,1.114154607057571411e-02,1.256650090217590332e-01,6.609596312046051025e-02,-1.053857952356338501e-01,4.302446171641349792e-02,3.567659258842468262e-01,-3.864456713199615479e-01,7.015249878168106079e-02,-3.523025214672088623e-01,1.197067871689796448e-01,-1.187446787953376770e-01,4.017442762851715088e-01,-1.445875316858291626e-01,-3.422439992427825928e-01,-4.775533452630043030e-03,4.529880583286285400e-01,-2.052309811115264893e-01,-3.929510712623596191e-01,4.411726891994476318e-01,1.946242060512304306e-03,-3.143509030342102051e-01,5.477550905197858810e-03,-3.720614910125732422e-01,-2.625108063220977783e-01,1.447655558586120605e-01,1.148934476077556610e-02,2.438254356384277344e-01,3.164453208446502686e-01,-1.202600374817848206e-01,-6.189571321010589600e-02,-3.002668321132659912e-01,1.532461643218994141e-01,-3.835083544254302979e-01,-9.044014662504196167e-02,1.542575955390930176e-01,-1.498573110438883305e-04,-2.840104103088378906e-01,3.661418855190277100e-01,-1.669333875179290771e-01,2.818737626075744629e-01,-4.475922882556915283e-01,-3.044655323028564453e-01,4.765349328517913818e-01,4.732134193181991577e-02,-3.247689306735992432e-01,-3.183903098106384277e-01,-1.254457384347915649e-01,-2.316533587872982025e-02,2.877370715141296387e-01,-2.262605577707290649e-01,-3.692004382610321045e-01,4.234501160681247711e-03,4.104630053043365479e-01,-4.059157669544219971e-01,2.153125256299972534e-01,1.258202046155929565e-01,-4.302038550376892090e-01,1.637918502092361450e-01,1.499531418085098267e-01,3.624155223369598389e-01,3.910836577415466309e-01,-1.774753034114837646e-01,-2.538877725601196289e-01,-1.533388346433639526e-01,3.885442763566970825e-02,2.212094962596893311e-01
-1.506828963756561279e-01,3.221765393391251564e-03,5.467589944601058960e-02,-8.461712300777435303e-02,-2.449487568810582161e-03,5.552936717867851257e-02,-1.017653718590736389e-01,-5.159192159771919250e-02,-6.676127016544342041e-02,-6.828238815069198608e-02,1.606452018022537231e-01,7.208332885056734085e-03,6.893909722566604614e-02,-4.049223661422729492e-02,-1.629057340323925018e-02,3.775950148701667786e-02,-9.551061084493994713e-04,-2.394953556358814240e-02,1.075492724776268005e-01,6.263199727982282639e-03,2.151864171028137207e-01,3.041670471429824829e-02,-2.050321549177169800e-02,-5.510894954204559326e-02,-1.056182663887739182e-02,3.566605970263481140e-02,-9.107742458581924438e-02,-7.676488161087036133e-02,4.490375518798828125e-02,-1.412661839276552200e-02,5.542481690645217896e-02,2.976167201995849609e-02,-1.591644287109375000e-01,1.798769459128379822e-02,-7.448780816048383713e-03,-5.659457668662071228e-02,1.642817631363868713e-03,-3.200152888894081116e-02,-2.883375622332096100e-02,1.634145528078079224e-01,-1.025155037641525269e-01,-5.775589868426322937e-02,9.809251129627227783e-02,-4.822650924324989319e-03,1.898832917213439941e-01,-1.440624445676803589e-01,8.322702348232269287e-02,4.872492700815200806e-02,-6.898503005504608154e-02,-3.528578579425811768e-02,6.858947873115539551e-02,-5.284648761153221130e-02,-1.480000168085098267e-01,9.399574249982833862e-03,-7.085914164781570435e-02,-2.048228634521365166e-03,-2.123340219259262085e-02,4.129927256144583225e-04,5.497195571660995483e-02,4.329008236527442932e-02,8.847838640213012695e-02,-5.446559190750122070e-02,-3.526251064613461494e-03,-1.924734860658645630e-01,-1.260877121239900589e-02,6.483899429440498352e-03,1.232094019651412964e-01,6.659254431724548340e-03,2.678168565034866333e-02,4.155276715755462646e-02,7.878214865922927856e-02,-1.998696774244308472e-01,4.066532477736473083e-02,-6.110460311174392700e-02,1.016643643379211426e-01,7.770171761512756348e-02,-1.908437465317547321e-03,-2.275328896939754486e-02,1.965645402669906616e-01,1.271380390971899033e-02,-1.268491744995117188e-01,1.941659684234764427e-05,5.006601661443710327e-02,1.259802666027098894e-04,7.997681200504302979e-02,-5.930354818701744080e-02,-8.149391412734985352e-02,2.619017381221055984e-03,6.479544937610626221e-02,-2.585243806242942810e-02,7.379206269979476929e-02,5.930151790380477905e-02,2.663261629641056061e-02,4.431727901101112366e-02,1.127729266881942749e-01,6.751736998558044434e-02,-3.346882387995719910e-02,3.313283377792686224e-05,-6.961091607809066772e-02,-1.198501735925674438e-01,2.059620618820190430e-02,-5.245912075042724609e-02,4.053363204002380371e-02,1.677181012928485870e-02,-8.352074772119522095e-02,-2.266511917114257812e-01,1.534459292888641357e-01,-8.381072431802749634e-02,1.059590280055999756e-01,1.867499551735818386e-03,-1.550176553428173065e-02,1.046444997191429138e-01,-2.759864728432148695e-04,-5.403383821249008179e-02,-1.265524979680776596e-02,9.815458953380584717e-02,4.430916160345077515e-02,-1.195907825604081154e-03,1.148383170366287231e-01,-4.000795260071754456e-02,3.578574955463409424e-02,-1.027055680751800537e-01,-7.543097436428070068e-02,-5.185709148645401001e-02,-5.712732300162315369e-02,6.917085498571395874e-02,7.347898092120885849e-03,-6.839852780103683472e-02
-3.706521168351173401e-02,-4.663654416799545288e-02,3.796705305576324463e-01,-3.105740845203399658e-01,-2.487315982580184937e-01,4.658618196845054626e-02,9.528328478336334229e-02,-2.631502151489257812e-01,-1.540927439928054810e-01,-1.908197849988937378e-01,7.208332885056734085e-03,2.142739593982696533e-01,-3.264892399311065674e-01,-2.166188806295394897e-01,-4.127736389636993408e-01,-4.393283426761627197e-01,-3.916420973837375641e-03,-1.552260816097259521e-01,2.672594487667083740e-01,1.972760707139968872e-01,1.275516152381896973e-01,-3.632987141609191895e-01,-2.045959234237670898e-01,1.272166967391967773e-01,-5.175395309925079346e-02,-3.987595438957214355e-01,4.187786877155303955e-01,2.205749005079269409e-01,-3.310574591159820557e-01,-3.428719937801361084e-02,9.479660540819168091e-02,4.491218924522399902e-01,-2.299097180366516113e-01,-1.953927576541900635e-01,2.786328457295894623e-02,4.431295990943908691e-01,-1.610548347234725952e-01,-3.284829258918762207e-01,3.567933738231658936e-01,2.590982615947723389e-01,-3.934695124626159668e-01,-5.697471648454666138e-02,-3.074992299079895020e-01,-6.797032803297042847e-02,-6.048731133341789246e-02,2.303372919559478760e-01,4.176923930644989014e-01,1.342393457889556885e-01,-1.344396546483039856e-02,-2.340714447200298309e-02,8.164638280868530273e-02,-1.664026640355587006e-02,-2.362232059240341187e-01,1.192807406187057495e-01,8.441277593374252319e-02,4.904873073101043701e-01,-1.800500154495239258e-01,-3.294876962900161743e-02,1.820847243070602417e-01,2.163158506155014038e-01,2.999772503972053528e-02,-5.043998360633850098e-02,-1.195272151380777359e-02,-1.532150059938430786e-02,-7.071006298065185547e-02,1.078581586480140686e-01,-9.842707216739654541e-02,-3.933621942996978760e-01,3.934394717216491699e-01,-9.725861251354217529e-02,3.462388813495635986e-01,-6.063501536846160889e-02,1.129821762442588806e-01,-4.196451008319854736e-01,1.088588982820510864e-01,3.440511822700500488e-01,5.138298496603965759e-03,-4.685645997524261475e-01,1.744873076677322388e-01,4.188147187232971191e-01,-4.297611415386199951e-01,-2.181281335651874542e-03,3.150819242000579834e-01,-5.777020473033189774e-03,3.833778202533721924e-01,3.042812645435333252e-01,-8.214445412158966064e-02,-1.323000807315111160e-02,-2.653983235359191895e-01,-3.308967649936676025e-01,1.078160926699638367e-01,4.525729641318321228e-02,3.079388737678527832e-01,-2.013335824012756348e-01,3.596613705158233643e-01,7.992829382419586182e-02,-1.650826483964920044e-01,1.474853634135797620e-04,3.442986309528350830e-01,-3.348340094089508057e-01,1.700178682804107666e-01,-2.550229728221893311e-01,4.755546152591705322e-01,3.183083236217498779e-01,-4.495085477828979492e-01,2.118833828717470169e-03,2.874367237091064453e-01,3.758038282394409180e-01,7.801853865385055542e-02,2.200858108699321747e-02,-3.318335413932800293e-01,1.946737766265869141e-01,4.116597473621368408e-01,1.770264469087123871e-02,-4.460865557193756104e-01,3.763508796691894531e-01,-2.662796676158905029e-01,-1.280156821012496948e-01,4.248584210872650146e-01,-1.676783710718154907e-01,-1.767224669456481934e-01,-3.496543467044830322e-01,-3.948056101799011230e-01,2.081614732742309570e-01,3.114298582077026367e-01,1.297071576118469238e-01,-3.944054618477821350e-02,-2.004747986793518066e-01
