9.999982714653015137e-01,-9.999986886978149414e-01,-9.999936819076538086e-01,9.999979734420776367e-01,9.999988675117492676e-01,-9.999987483024597168e-01,9.999957680702209473e-01,9.999991059303283691e-01,-9.999970793724060059e-01,9.999981522560119629e-01,-9.999986886978149414e-01,-9.999989271163940430e-01,9.999980926513671875e-01,9.999983906745910645e-01,9.999920725822448730e-01,9.999963641166687012e-01,9.999973177909851074e-01,-9.999983310699462891e-01,9.999933242797851562e-01,-9.999991059303283691e-01,-9.999989271163940430e-01,9.999928474426269531e-01,9.999985694885253906e-01,9.999982118606567383e-01,9.999887943267822266e-01,9.999989271163940430e-01,-9.999982118606567383e-01,-9.999988675117492676e-01,9.999892711639404297e-01,-9.999958872795104980e-01,-9.999923110008239746e-01,-9.999983906745910645e-01,9.999887347221374512e-01,9.999961256980895996e-01,-9.999978542327880859e-01,9.999218583106994629e-01,9.999990463256835938e-01,9.999985694885253906e-01,9.999914765357971191e-01,-9.999988675117492676e-01,9.999986886978149414e-01,-9.999900460243225098e-01,9.999802708625793457e-01,9.999988079071044922e-01,9.999982714653015137e-01,9.999982714653015137e-01,-9.999933838844299316e-01,9.999985098838806152e-01,9.999988079071044922e-01,-9.999985098838806152e-01,-9.999986886978149414e-01,-9.999983310699462891e-01,-9.999987483024597168e-01,-9.999930262565612793e-01,-9.999982714653015137e-01,-9.999982118606567383e-01,-9.999945759773254395e-01,9.999746680259704590e-01,9.999970793724060059e-01,9.999983906745910645e-01,-9.999983310699462891e-01,9.999989867210388184e-01,9.999983310699462891e-01,9.999953508377075195e-01,-9.999952912330627441e-01,-9.999988675117492676e-01,-9.999989867210388184e-01,-9.999960064888000488e-01,-9.999988675117492676e-01,9.999985694885253906e-01,-9.999987483024597168e-01,9.999977350234985352e-01,9.999883770942687988e-01,-9.999936223030090332e-01,-9.999778866767883301e-01,-9.999982714653015137e-01,9.999925494194030762e-01,9.999987483024597168e-01,-9.999946355819702148e-01,-9.999960064888000488e-01,9.999747276306152344e-01,9.999977350234985352e-01,-9.999988079071044922e-01,9.999979734420776367e-01,-9.999982714653015137e-01,-9.999890923500061035e-01,9.999814629554748535e-01,9.999989271163940430e-01,9.999864101409912109e-01,9.998186230659484863e-01,-9.999963641166687012e-01,9.999983906745910645e-01,-9.999830126762390137e-01,-9.999976158142089844e-01,9.999980330467224121e-01,-9.999978542327880859e-01,-9.999908804893493652e-01,9.999990463256835938e-01,-9.999987483024597168e-01,9.999961256980895996e-01,-9.999967813491821289e-01,9.999987483024597168e-01,-9.999104738235473633e-01,9.997794032096862793e-01,9.999985694885253906e-01,9.999971985816955566e-01,-9.999797344207763672e-01,-9.999982714653015137e-01,-9.999938607215881348e-01,9.999985098838806152e-01,-9.999983906745910645e-01,9.999980926513671875e-01,-9.999982118606567383e-01,-9.999593496322631836e-01,9.999991059303283691e-01,-9.999977350234985352e-01,9.999989867210388184e-01,-9.999981522560119629e-01,-9.999950528144836426e-01,-9.999977946281433105e-01,-9.999987483024597168e-01,9.999964237213134766e-01,9.999982714653015137e-01,-9.999974966049194336e-01,-9.999896287918090820e-01,-9.999954700469970703e-01,9.999901056289672852e-01,-9.999953508377075195e-01
-9.999986886978149414e-01,9.999989271163940430e-01,9.999948740005493164e-01,-9.999983310699462891e-01,-9.999991655349731445e-01,9.999990463256835938e-01,-9.999965429306030273e-01,-9.999992251396179199e-01,9.999976158142089844e-01,-9.999985098838806152e-01,9.999989271163940430e-01,9.999992847442626953e-01,-9.999984502792358398e-01,-9.999987483024597168e-01,-9.999935030937194824e-01,-9.999970197677612305e-01,-9.999978542327880859e-01,9.999986886978149414e-01,-9.999945163726806641e-01,9.999992847442626953e-01,9.999992251396179199e-01,-9.999941587448120117e-01,-9.999988079071044922e-01,-9.999985098838806152e-01,-9.999908208847045898e-01,-9.999991059303283691e-01,9.999986290931701660e-01,9.999991655349731445e-01,-9.999911785125732422e-01,9.999967217445373535e-01,9.999936819076538086e-01,9.999986290931701660e-01,-9.999908208847045898e-01,-9.999969005584716797e-01,9.999982118606567383e-01,-9.999358057975769043e-01,-9.999992251396179199e-01,-9.999987483024597168e-01,-9.999930262565612793e-01,9.999992251396179199e-01,-9.999989271163940430e-01,9.999918341636657715e-01,-9.999838471412658691e-01,-9.999991655349731445e-01,-9.999986290931701660e-01,-9.999985694885253906e-01,9.999946355819702148e-01,-9.999987483024597168e-01,-9.999990463256835938e-01,9.999988079071044922e-01,9.999990463256835938e-01,9.999985694885253906e-01,9.999991059303283691e-01,9.999943375587463379e-01,9.999986886978149414e-01,9.999985694885253906e-01,9.999955892562866211e-01,-9.999791979789733887e-01,-9.999976158142089844e-01,-9.999986886978149414e-01,9.999986886978149414e-01,-9.999991655349731445e-01,-9.999986886978149414e-01,-9.999961853027343750e-01,9.999961256980895996e-01,9.999991059303283691e-01,9.999993443489074707e-01,9.999967217445373535e-01,9.999991655349731445e-01,-9.999988079071044922e-01,9.999990463256835938e-01,-9.999981522560119629e-01,-9.999905228614807129e-01,9.999947547912597656e-01,9.999818205833435059e-01,9.999986290931701660e-01,-9.999938607215881348e-01,-9.999989867210388184e-01,9.999956488609313965e-01,9.999967217445373535e-01,-9.999792575836181641e-01,-9.999980926513671875e-01,9.999991059303283691e-01,-9.999983310699462891e-01,9.999986290931701660e-01,9.999911189079284668e-01,-9.999848008155822754e-01,-9.999991655349731445e-01,-9.999887943267822266e-01,-9.998509287834167480e-01,9.999970197677612305e-01,-9.999986886978149414e-01,9.999859929084777832e-01,9.999979734420776367e-01,-9.999985098838806152e-01,9.999983310699462891e-01,9.999924898147583008e-01,-9.999992251396179199e-01,9.999991059303283691e-01,-9.999969005584716797e-01,9.999973177909851074e-01,-9.999991059303283691e-01,9.999265074729919434e-01,-9.998187422752380371e-01,-9.999988079071044922e-01,-9.999977946281433105e-01,9.999833703041076660e-01,9.999986290931701660e-01,9.999949932098388672e-01,-9.999986886978149414e-01,9.999987483024597168e-01,-9.999985098838806152e-01,9.999986290931701660e-01,9.999666213989257812e-01,-9.999992251396179199e-01,9.999981522560119629e-01,-9.999992251396179199e-01,9.999986886978149414e-01,9.999959468841552734e-01,9.999981522560119629e-01,9.999990463256835938e-01,-9.999970793724060059e-01,-9.999985694885253906e-01,9.999980330467224121e-01,9.999914765357971191e-01,9.999962449073791504e-01,-9.999918937683105469e-01,9.999961256980895996e-01
-9.999936819076538086e-01,9.999948740005493164e-01,9.999750256538391113e-01,-9.999921917915344238e-01,-9.999957084655761719e-01,9.999952912330627441e-01,-9.999835491180419922e-01,-9.999961853027343750e-01,9.999886155128479004e-01,-9.999929666519165039e-01,9.999951720237731934e-01,9.999958276748657227e-01,-9.999925494194030762e-01,-9.999941587448120117e-01,-9.999688267707824707e-01,-9.999860525131225586e-01,-9.999898076057434082e-01,9.999939203262329102e-01,-9.999736547470092773e-01,9.999964833259582520e-01,9.999960660934448242e-01,-9.999720454216003418e-01,-9.999944567680358887e-01,-9.999930858612060547e-01,-9.999557733535766602e-01,-9.999959468841552734e-01,9.999934434890747070e-01,9.999957084655761719e-01,-9.999577403068542480e-01,9.999844431877136230e-01,9.999695420265197754e-01,9.999936223030090332e-01,-9.999554157257080078e-01,-9.999853372573852539e-01,9.999916553497314453e-01,-9.996920228004455566e-01,-9.999960660934448242e-01,-9.999945163726806641e-01,-9.999664425849914551e-01,9.999957084655761719e-01,-9.999948740005493164e-01,9.999608397483825684e-01,-9.999224543571472168e-01,-9.999957084655761719e-01,-9.999936223030090332e-01,-9.999933838844299316e-01,9.999738931655883789e-01,-9.999941587448120117e-01,-9.999952912330627441e-01,9.999942779541015625e-01,9.999952912330627441e-01,9.999935030937194824e-01,9.999955892562866211e-01,9.999724030494689941e-01,9.999933838844299316e-01,9.999929070472717285e-01,9.999789595603942871e-01,-9.998998641967773438e-01,-9.999886155128479004e-01,-9.999937415122985840e-01,9.999939799308776855e-01,-9.999960064888000488e-01,-9.999938011169433594e-01,-9.999820590019226074e-01,9.999815821647644043e-01,9.999955892562866211e-01,9.999962449073791504e-01,9.999844431877136230e-01,9.999959468841552734e-01,-9.999944567680358887e-01,9.999952912330627441e-01,-9.999913573265075684e-01,-9.999541640281677246e-01,9.999749660491943359e-01,9.999125599861145020e-01,9.999936819076538086e-01,-9.999710321426391602e-01,-9.999951124191284180e-01,9.999789595603942871e-01,9.999849200248718262e-01,-9.999001622200012207e-01,-9.999911785125732422e-01,9.999955296516418457e-01,-9.999921321868896484e-01,9.999933838844299316e-01,9.999572634696960449e-01,-9.999265670776367188e-01,-9.999959468841552734e-01,-9.999462366104125977e-01,-9.992845654487609863e-01,9.999859333038330078e-01,-9.999936819076538086e-01,9.999327063560485840e-01,9.999910593032836914e-01,-9.999927878379821777e-01,9.999917149543762207e-01,9.999639987945556641e-01,-9.999960660934448242e-01,9.999954104423522949e-01,-9.999848604202270508e-01,9.999873638153076172e-01,-9.999955296516418457e-01,9.996473193168640137e-01,-9.991300702095031738e-01,-9.999947547912597656e-01,-9.999894499778747559e-01,9.999200105667114258e-01,9.999937415122985840e-01,9.999760985374450684e-01,-9.999942183494567871e-01,9.999941587448120117e-01,-9.999929666519165039e-01,9.999935626983642578e-01,9.998399615287780762e-01,-9.999961256980895996e-01,9.999911785125732422e-01,-9.999960064888000488e-01,9.999933242797851562e-01,9.999806284904479980e-01,9.999913573265075684e-01,9.999952912330627441e-01,-9.999862909317016602e-01,-9.999933242797851562e-01,9.999906420707702637e-01,9.999590516090393066e-01,9.999821782112121582e-01,-9.999609589576721191e-01,9.999817609786987305e-01
9.999979734420776367e-01,-9.999983310699462891e-01,-9.999921917915344238e-01,9.999974966049194336e-01,9.999986886978149414e-01,-9.999985098838806152e-01,9.999948143959045410e-01,9.999988079071044922e-01,-9.999963641166687012e-01,9.999977946281433105e-01,-9.999984502792358398e-01,-9.999987483024597168e-01,9.999976158142089844e-01,9.999980330467224121e-01,9.999902248382568359e-01,9.999956488609313965e-01,9.999966621398925781e-01,-9.999980330467224121e-01,9.999917745590209961e-01,-9.999988675117492676e-01,-9.999986290931701660e-01,9.999912381172180176e-01,9.999982714653015137e-01,9.999977946281433105e-01,9.999861717224121094e-01,9.999986886978149414e-01,-9.999979138374328613e-01,-9.999986290931701660e-01,9.999867677688598633e-01,-9.999951124191284180e-01,-9.999905228614807129e-01,-9.999979734420776367e-01,9.999861717224121094e-01,9.999954104423522949e-01,-9.999973177909851074e-01,9.999035596847534180e-01,9.999987483024597168e-01,9.999981522560119629e-01,9.999894499778747559e-01,-9.999986290931701660e-01,9.999983310699462891e-01,-9.999877214431762695e-01,9.999757409095764160e-01,9.999986290931701660e-01,9.999979734420776367e-01,9.999978542327880859e-01,-9.999918341636657715e-01,9.999980330467224121e-01,9.999985098838806152e-01,-9.999981522560119629e-01,-9.999983906745910645e-01,-9.999979138374328613e-01,-9.999986290931701660e-01,-9.999913573265075684e-01,-9.999979138374328613e-01,-9.999977350234985352e-01,-9.999933838844299316e-01,9.999687075614929199e-01,9.999963641166687012e-01,9.999980330467224121e-01,-9.999979734420776367e-01,9.999986886978149414e-01,9.999979138374328613e-01,9.999943971633911133e-01,-9.999942183494567871e-01,-9.999985694885253906e-01,-9.999988675117492676e-01,-9.999951124191284180e-01,-9.999986886978149414e-01,9.999982118606567383e-01,-9.999985098838806152e-01,9.999972581863403320e-01,9.999856948852539062e-01,-9.999921321868896484e-01,-9.999725818634033203e-01,-9.999979734420776367e-01,9.999908804893493652e-01,9.999984502792358398e-01,-9.999935030937194824e-01,-9.999952316284179688e-01,9.999688267707824707e-01,9.999972581863403320e-01,-9.999985694885253906e-01,9.999974966049194336e-01,-9.999979138374328613e-01,-9.999865293502807617e-01,9.999770522117614746e-01,9.999987483024597168e-01,9.999831914901733398e-01,9.997761249542236328e-01,-9.999955892562866211e-01,9.999978542327880859e-01,-9.999790191650390625e-01,-9.999970793724060059e-01,9.999977946281433105e-01,-9.999974370002746582e-01,-9.999887943267822266e-01,9.999987483024597168e-01,-9.999984502792358398e-01,9.999952316284179688e-01,-9.999960064888000488e-01,9.999985694885253906e-01,-9.998896121978759766e-01,9.997276663780212402e-01,9.999983310699462891e-01,9.999966621398925781e-01,-9.999750256538391113e-01,-9.999978542327880859e-01,-9.999925494194030762e-01,9.999981522560119629e-01,-9.999980926513671875e-01,9.999977946281433105e-01,-9.999979138374328613e-01,-9.999499917030334473e-01,9.999987483024597168e-01,-9.999971985816955566e-01,9.999987483024597168e-01,-9.999978542327880859e-01,-9.999939203262329102e-01,-9.999972581863403320e-01,-9.999985694885253906e-01,9.999956488609313965e-01,9.999979138374328613e-01,-9.999970197677612305e-01,-9.999871850013732910e-01,-9.999945163726806641e-01,9.999878406524658203e-01,-9.999942779541015625e-01
9.999988675117492676e-01,-9.999991655349731445e-01,-9.999957084655761719e-01,9.999986886978149414e-01,9.999992251396179199e-01,-9.999991655349731445e-01,9.999971985816955566e-01,9.999994039535522461e-01,-9.999980330467224121e-01,9.999986886978149414e-01,-9.999991059303283691e-01,-9.999992847442626953e-01,9.999987483024597168e-01,9.999989271163940430e-01,9.999947547912597656e-01,9.999976158142089844e-01,9.999982714653015137e-01,-9.999989271163940430e-01,9.999955296516418457e-01,-9.999993443489074707e-01,-9.999993443489074707e-01,9.999952316284179688e-01,9.999991059303283691e-01,9.999988079071044922e-01,9.999924302101135254e-01,9.999993443489074707e-01,-9.999988079071044922e-01,-9.999992251396179199e-01,9.999927282333374023e-01,-9.999972581863403320e-01,-9.999948740005493164e-01,-9.999989271163940430e-01,9.999924898147583008e-01,9.999974370002746582e-01,-9.999985694885253906e-01,9.999477863311767578e-01,9.999994039535522461e-01,9.999989867210388184e-01,9.999942779541015625e-01,-9.999992847442626953e-01,9.999991655349731445e-01,-9.999932646751403809e-01,9.999868273735046387e-01,9.999992251396179199e-01,9.999988079071044922e-01,9.999988079071044922e-01,-9.999955892562866211e-01,9.999990463256835938e-01,9.999992251396179199e-01,-9.999990463256835938e-01,-9.999992251396179199e-01,-9.999988079071044922e-01,-9.999992251396179199e-01,-9.999952912330627441e-01,-9.999988675117492676e-01,-9.999988079071044922e-01,-9.999963045120239258e-01,9.999831318855285645e-01,9.999980330467224121e-01,9.999989271163940430e-01,-9.999988675117492676e-01,9.999993443489074707e-01,9.999988079071044922e-01,9.999969005584716797e-01,-9.999967813491821289e-01,-9.999992847442626953e-01,-9.999994039535522461e-01,-9.999973177909851074e-01,-9.999992847442626953e-01,9.999991059303283691e-01,-9.999992251396179199e-01,9.999985098838806152e-01,9.999922513961791992e-01,-9.999957084655761719e-01,-9.999852776527404785e-01,-9.999989271163940430e-01,9.999950528144836426e-01,9.999991059303283691e-01,-9.999963641166687012e-01,-9.999974370002746582e-01,9.999831318855285645e-01,9.999983906745910645e-01,-9.999992847442626953e-01,9.999985694885253906e-01,-9.999988079071044922e-01,-9.999926686286926270e-01,9.999876022338867188e-01,9.999993443489074707e-01,9.999909400939941406e-01,9.998791217803955078e-01,-9.999976158142089844e-01,9.999989271163940430e-01,-9.999885559082031250e-01,-9.999983906745910645e-01,9.999987483024597168e-01,-9.999985694885253906e-01,-9.999939203262329102e-01,9.999992847442626953e-01,-9.999991655349731445e-01,9.999973773956298828e-01,-9.999977946281433105e-01,9.999992847442626953e-01,-9.999403357505798340e-01,9.998530745506286621e-01,9.999991655349731445e-01,9.999980926513671875e-01,-9.999864101409912109e-01,-9.999988675117492676e-01,-9.999958872795104980e-01,9.999990463256835938e-01,-9.999990463256835938e-01,9.999987483024597168e-01,-9.999988079071044922e-01,-9.999729990959167480e-01,9.999992847442626953e-01,-9.999985098838806152e-01,9.999992847442626953e-01,-9.999988675117492676e-01,-9.999966025352478027e-01,-9.999985098838806152e-01,-9.999991059303283691e-01,9.999976158142089844e-01,9.999988079071044922e-01,-9.999983310699462891e-01,-9.999930858612060547e-01,-9.999969601631164551e-01,9.999933242797851562e-01,-9.999968409538269043e-01
-9.999987483024597168e-01,9.999990463256835938e-01,9.999952912330627441e-01,-9.999985098838806152e-01,-9.999991655349731445e-01,9.999991655349731445e-01,-9.999968409538269043e-01,-9.999992251396179199e-01,9.999977946281433105e-01,-9.999986290931701660e-01,9.999991059303283691e-01,9.999992251396179199e-01,-9.999985694885253906e-01,-9.999988079071044922e-01,-9.999940991401672363e-01,-9.999973773956298828e-01,-9.999980330467224121e-01,9.999988079071044922e-01,-9.999950528144836426e-01,9.999993443489074707e-01,9.999991655349731445e-01,-9.999947547912597656e-01,-9.999989867210388184e-01,-9.999986886978149414e-01,-9.999917149543762207e-01,-9.999992847442626953e-01,9.999986886978149414e-01,9.999991059303283691e-01,-9.999918937683105469e-01,9.999969601631164551e-01,9.999942779541015625e-01,9.999988079071044922e-01,-9.999915957450866699e-01,-9.999971985816955566e-01,9.999983906745910645e-01,-9.999418854713439941e-01,-9.999992251396179199e-01,-9.999988675117492676e-01,-9.999936223030090332e-01,9.999992251396179199e-01,-9.999990463256835938e-01,9.999926090240478516e-01,-9.999853372573852539e-01,-9.999992251396179199e-01,-9.999986886978149414e-01,-9.999987483024597168e-01,9.999950528144836426e-01,-9.999988675117492676e-01,-9.999991655349731445e-01,9.999989271163940430e-01,9.999990463256835938e-01,9.999986886978149414e-01,9.999991059303283691e-01,9.999948143959045410e-01,9.999988079071044922e-01,9.999986290931701660e-01,9.999959468841552734e-01,-9.999811053276062012e-01,-9.999977946281433105e-01,-9.999988675117492676e-01,9.999987483024597168e-01,-9.999992847442626953e-01,-9.999987483024597168e-01,-9.999964833259582520e-01,9.999964833259582520e-01,9.999991655349731445e-01,9.999993443489074707e-01,9.999970197677612305e-01,9.999991655349731445e-01,-9.999989271163940430e-01,9.999991655349731445e-01,-9.999982714653015137e-01,-9.999913573265075684e-01,9.999952912330627441e-01,9.999835491180419922e-01,9.999987483024597168e-01,-9.999944567680358887e-01,-9.999989867210388184e-01,9.999959468841552734e-01,9.999971389770507812e-01,-9.999811649322509766e-01,-9.999982714653015137e-01,9.999991655349731445e-01,-9.999985098838806152e-01,9.999986886978149414e-01,9.999918937683105469e-01,-9.999861717224121094e-01,-9.999992847442626953e-01,-9.999898672103881836e-01,-9.998651146888732910e-01,9.999973177909851074e-01,-9.999987483024597168e-01,9.999873638153076172e-01,9.999982118606567383e-01,-9.999986290931701660e-01,9.999985098838806152e-01,9.999932050704956055e-01,-9.999992847442626953e-01,9.999991655349731445e-01,-9.999970793724060059e-01,9.999974966049194336e-01,-9.999991655349731445e-01,9.999335408210754395e-01,-9.998360872268676758e-01,-9.999990463256835938e-01,-9.999979734420776367e-01,9.999849796295166016e-01,9.999988079071044922e-01,9.999954104423522949e-01,-9.999988079071044922e-01,9.999988675117492676e-01,-9.999986290931701660e-01,9.999986886978149414e-01,9.999698996543884277e-01,-9.999993443489074707e-01,9.999983310699462891e-01,-9.999992847442626953e-01,9.999986290931701660e-01,9.999961853027343750e-01,9.999983310699462891e-01,9.999992251396179199e-01,-9.999974370002746582e-01,-9.999987483024597168e-01,9.999980926513671875e-01,9.999923110008239746e-01,9.999966621398925781e-01,-9.999926686286926270e-01,9.999964833259582520e-01
9.999957680702209473e-01,-9.999965429306030273e-01,-9.999835491180419922e-01,9.999948143959045410e-01,9.999971985816955566e-01,-9.999968409538269043e-01,9.999891519546508789e-01,9.999974966049194336e-01,-9.999924898147583008e-01,9.999953508377075195e-01,-9.999966621398925781e-01,-9.999972581863403320e-01,9.999951720237731934e-01,9.999960660934448242e-01,9.999793767929077148e-01,9.999907612800598145e-01,9.999932050704956055e-01,-9.999958872795104980e-01,9.999825954437255859e-01,-9.999976158142089844e-01,-9.999973177909851074e-01,9.999815225601196289e-01,9.999963045120239258e-01,9.999954104423522949e-01,9.999707937240600586e-01,9.999973177909851074e-01,-9.999956488609313965e-01,-9.999971389770507812e-01,9.999719262123107910e-01,-9.999896883964538574e-01,-9.999799728393554688e-01,-9.999957680702209473e-01,9.999706149101257324e-01,9.999902844429016113e-01,-9.999945163726806641e-01,9.997963309288024902e-01,9.999973773956298828e-01,9.999962449073791504e-01,9.999777674674987793e-01,-9.999970793724060059e-01,9.999965429306030273e-01,-9.999740719795227051e-01,9.999486804008483887e-01,9.999971389770507812e-01,9.999957084655761719e-01,9.999955892562866211e-01,-9.999827146530151367e-01,9.999960660934448242e-01,9.999968409538269043e-01,-9.999961256980895996e-01,-9.999968409538269043e-01,-9.999956488609313965e-01,-9.999970793724060059e-01,-9.999817609786987305e-01,-9.999955892562866211e-01,-9.999953508377075195e-01,-9.999860525131225586e-01,9.999337792396545410e-01,9.999924898147583008e-01,9.999958872795104980e-01,-9.999959468841552734e-01,9.999972581863403320e-01,9.999958276748657227e-01,9.999881386756896973e-01,-9.999878406524658203e-01,-9.999969601631164551e-01,-9.999974966049194336e-01,-9.999896883964538574e-01,-9.999971985816955566e-01,9.999963045120239258e-01,-9.999967813491821289e-01,9.999942779541015625e-01,9.999697208404541016e-01,-9.999833703041076660e-01,-9.999421834945678711e-01,-9.999958276748657227e-01,9.999808073043823242e-01,9.999967217445373535e-01,-9.999859929084777832e-01,-9.999899864196777344e-01,9.999338984489440918e-01,9.999942183494567871e-01,-9.999970197677612305e-01,9.999947547912597656e-01,-9.999955892562866211e-01,-9.999718070030212402e-01,9.999514818191528320e-01,9.999973177909851074e-01,9.999644160270690918e-01,9.995267987251281738e-01,-9.999907016754150391e-01,9.999958276748657227e-01,-9.999554157257080078e-01,-9.999939799308776855e-01,9.999952316284179688e-01,-9.999945759773254395e-01,-9.999761581420898438e-01,9.999973177909851074e-01,-9.999969005584716797e-01,9.999899864196777344e-01,-9.999916553497314453e-01,9.999969601631164551e-01,-9.997667670249938965e-01,9.994245767593383789e-01,9.999963641166687012e-01,9.999931454658508301e-01,-9.999470710754394531e-01,-9.999958276748657227e-01,-9.999842047691345215e-01,9.999962449073791504e-01,-9.999960064888000488e-01,9.999953508377075195e-01,-9.999957084655761719e-01,-9.998940825462341309e-01,9.999973773956298828e-01,-9.999941587448120117e-01,9.999973773956298828e-01,-9.999955892562866211e-01,-9.999871850013732910e-01,-9.999942779541015625e-01,-9.999969005584716797e-01,9.999908804893493652e-01,9.999955892562866211e-01,-9.999938011169433594e-01,-9.999729990959167480e-01,-9.999882578849792480e-01,9.999742507934570312e-01,-9.999879002571105957e-01
9.999991059303283691e-01,-9.999992251396179199e-01,-9.999961853027343750e-01,9.999988079071044922e-01,9.999994039535522461e-01,-9.999992251396179199e-01,9.999974966049194336e-01,9.999994635581970215e-01,-9.999983310699462891e-01,9.999989867210388184e-01,-9.999992251396179199e-01,-9.999994635581970215e-01,9.999989271163940430e-01,9.999991655349731445e-01,9.999952912330627441e-01,9.999978542327880859e-01,9.999984502792358398e-01,-9.999992251396179199e-01,9.999959468841552734e-01,-9.999994635581970215e-01,-9.999993443489074707e-01,9.999957680702209473e-01,9.999992251396179199e-01,9.999989271163940430e-01,9.999933242797851562e-01,9.999994039535522461e-01,-9.999990463256835938e-01,-9.999994039535522461e-01,9.999936223030090332e-01,-9.999975562095642090e-01,-9.999954700469970703e-01,-9.999991059303283691e-01,9.999933838844299316e-01,9.999977350234985352e-01,-9.999986886978149414e-01,9.999533891677856445e-01,9.999994635581970215e-01,9.999991059303283691e-01,9.999948740005493164e-01,-9.999994635581970215e-01,9.999993443489074707e-01,-9.999940991401672363e-01,9.999882578849792480e-01,9.999994635581970215e-01,9.999991059303283691e-01,9.999989867210388184e-01,-9.999960064888000488e-01,9.999991655349731445e-01,9.999994039535522461e-01,-9.999991655349731445e-01,-9.999993443489074707e-01,-9.999990463256835938e-01,-9.999992847442626953e-01,-9.999958872795104980e-01,-9.999990463256835938e-01,-9.999989271163940430e-01,-9.999967813491821289e-01,9.999850392341613770e-01,9.999982714653015137e-01,9.999991059303283691e-01,-9.999991059303283691e-01,9.999994039535522461e-01,9.999991059303283691e-01,9.999972581863403320e-01,-9.999971985816955566e-01,-9.999994039535522461e-01,-9.999994635581970215e-01,-9.999976754188537598e-01,-9.999994039535522461e-01,9.999992847442626953e-01,-9.999992847442626953e-01,9.999986886978149414e-01,9.999932050704956055e-01,-9.999961256980895996e-01,-9.999868273735046387e-01,-9.999990463256835938e-01,9.999956488609313965e-01,9.999992847442626953e-01,-9.999967813491821289e-01,-9.999976754188537598e-01,9.999849200248718262e-01,9.999986290931701660e-01,-9.999993443489074707e-01,9.999988079071044922e-01,-9.999989867210388184e-01,-9.999935626983642578e-01,9.999889731407165527e-01,9.999994635581970215e-01,9.999918937683105469e-01,9.998918175697326660e-01,-9.999978542327880859e-01,9.999991059303283691e-01,-9.999898672103881836e-01,-9.999985694885253906e-01,9.999989271163940430e-01,-9.999988079071044922e-01,-9.999945759773254395e-01,9.999993443489074707e-01,-9.999993443489074707e-01,9.999977350234985352e-01,-9.999980926513671875e-01,9.999993443489074707e-01,-9.999467134475708008e-01,9.998685121536254883e-01,9.999992251396179199e-01,9.999983906745910645e-01,-9.999879598617553711e-01,-9.999991059303283691e-01,-9.999963641166687012e-01,9.999991655349731445e-01,-9.999991655349731445e-01,9.999989271163940430e-01,-9.999990463256835938e-01,-9.999759197235107422e-01,9.999994039535522461e-01,-9.999986290931701660e-01,9.999994039535522461e-01,-9.999989867210388184e-01,-9.999970197677612305e-01,-9.999987483024597168e-01,-9.999994039535522461e-01,9.999979138374328613e-01,9.999989867210388184e-01,-9.999985098838806152e-01,-9.999938011169433594e-01,-9.999973177909851074e-01,9.999940991401672363e-01,-9.999972581863403320e-01
-9.999970793724060059e-01,9.999976158142089844e-01,9.999886155128479004e-01,-9.999963641166687012e-01,-9.999980330467224121e-01,9.999977946281433105e-01,-9.999924898147583008e-01,-9.999983310699462891e-01,9.999948740005493164e-01,-9.999967217445373535e-01,9.999977350234985352e-01,9.999980330467224121e-01,-9.999965429306030273e-01,-9.999973177909851074e-01,-9.999858736991882324e-01,-9.999935626983642578e-01,-9.999953508377075195e-01,9.999971389770507812e-01,-9.999879598617553711e-01,9.999983310699462891e-01,9.999981522560119629e-01,-9.999872446060180664e-01,-9.999974966049194336e-01,-9.999969005584716797e-01,-9.999797940254211426e-01,-9.999981522560119629e-01,9.999969601631164551e-01,9.999980330467224121e-01,-9.999806880950927734e-01,9.999929070472717285e-01,9.999862313270568848e-01,9.999970793724060059e-01,-9.999797940254211426e-01,-9.999933242797851562e-01,9.999961256980895996e-01,-9.998595118522644043e-01,-9.999982118606567383e-01,-9.999973773956298828e-01,-9.999847412109375000e-01,9.999979734420776367e-01,-9.999976754188537598e-01,9.999821186065673828e-01,-9.999645948410034180e-01,-9.999980330467224121e-01,-9.999969601631164551e-01,-9.999969005584716797e-01,9.999881386756896973e-01,-9.999973773956298828e-01,-9.999979138374328613e-01,9.999973177909851074e-01,9.999977946281433105e-01,9.999969601631164551e-01,9.999979734420776367e-01,9.999874234199523926e-01,9.999969601631164551e-01,9.999967217445373535e-01,9.999903440475463867e-01,-9.999543428421020508e-01,-9.999948740005493164e-01,-9.999971985816955566e-01,9.999971985816955566e-01,-9.999982118606567383e-01,-9.999971389770507812e-01,-9.999918341636657715e-01,9.999915957450866699e-01,9.999979734420776367e-01,9.999982714653015137e-01,9.999930262565612793e-01,9.999980926513671875e-01,-9.999974966049194336e-01,9.999977946281433105e-01,-9.999960064888000488e-01,-9.999791383743286133e-01,9.999886155128479004e-01,9.999601244926452637e-01,9.999970197677612305e-01,-9.999867081642150879e-01,-9.999977350234985352e-01,9.999904036521911621e-01,9.999930858612060547e-01,-9.999544620513916016e-01,-9.999960064888000488e-01,9.999979138374328613e-01,-9.999963641166687012e-01,9.999969601631164551e-01,9.999805092811584473e-01,-9.999665617942810059e-01,-9.999980926513671875e-01,-9.999755024909973145e-01,-9.996734857559204102e-01,9.999935626983642578e-01,-9.999970793724060059e-01,9.999693632125854492e-01,9.999958276748657227e-01,-9.999966621398925781e-01,9.999962449073791504e-01,9.999836087226867676e-01,-9.999982118606567383e-01,9.999978542327880859e-01,-9.999932050704956055e-01,9.999942183494567871e-01,-9.999979734420776367e-01,9.998390674591064453e-01,-9.996030330657958984e-01,-9.999975562095642090e-01,-9.999951720237731934e-01,9.999635219573974609e-01,9.999971389770507812e-01,9.999890923500061035e-01,-9.999973177909851074e-01,9.999972581863403320e-01,-9.999967217445373535e-01,9.999969601631164551e-01,9.999269843101501465e-01,-9.999982118606567383e-01,9.999960660934448242e-01,-9.999982714653015137e-01,9.999969005584716797e-01,9.999911785125732422e-01,9.999961256980895996e-01,9.999978542327880859e-01,-9.999936819076538086e-01,-9.999969005584716797e-01,9.999957084655761719e-01,9.999813437461853027e-01,9.999918937683105469e-01,-9.999822974205017090e-01,9.999917149543762207e-01
9.999981522560119629e-01,-9.999985098838806152e-01,-9.999929666519165039e-01,9.999977946281433105e-01,9.999986886978149414e-01,-9.999986290931701660e-01,9.999953508377075195e-01,9.999989867210388184e-01,-9.999967217445373535e-01,9.999979734420776367e-01,-9.999986290931701660e-01,-9.999988675117492676e-01,9.999979138374328613e-01,9.999983310699462891e-01,9.999911785125732422e-01,9.999961256980895996e-01,9.999970793724060059e-01,-9.999982118606567383e-01,9.999924898147583008e-01,-9.999990463256835938e-01,-9.999988079071044922e-01,9.999920129776000977e-01,9.999985098838806152e-01,9.999979734420776367e-01,9.999874234199523926e-01,9.999988675117492676e-01,-9.999980926513671875e-01,-9.999987483024597168e-01,9.999879598617553711e-01,-9.999955296516418457e-01,-9.999913573265075684e-01,-9.999982714653015137e-01,9.999874234199523926e-01,9.999958276748657227e-01,-9.999976158142089844e-01,9.999119639396667480e-01,9.999988675117492676e-01,9.999983906745910645e-01,9.999904632568359375e-01,-9.999988079071044922e-01,9.999985694885253906e-01,-9.999887943267822266e-01,9.999778270721435547e-01,9.999987483024597168e-01,9.999981522560119629e-01,9.999980330467224121e-01,-9.999925494194030762e-01,9.999983310699462891e-01,9.999986886978149414e-01,-9.999984502792358398e-01,-9.999986290931701660e-01,-9.999980926513671875e-01,-9.999986886978149414e-01,-9.999922513961791992e-01,-9.999981522560119629e-01,-9.999980330467224121e-01,-9.999939799308776855e-01,9.999714493751525879e-01,9.999967813491821289e-01,9.999982714653015137e-01,-9.999982118606567383e-01,9.999988675117492676e-01,9.999982118606567383e-01,9.999949336051940918e-01,-9.999947547912597656e-01,-9.999987483024597168e-01,-9.999989867210388184e-01,-9.999955892562866211e-01,-9.999988079071044922e-01,9.999985098838806152e-01,-9.999986886978149414e-01,9.999974966049194336e-01,9.999870061874389648e-01,-9.999928474426269531e-01,-9.999750852584838867e-01,-9.999981522560119629e-01,9.999917149543762207e-01,9.999986886978149414e-01,-9.999940395355224609e-01,-9.999957084655761719e-01,9.999716281890869141e-01,9.999974966049194336e-01,-9.999987483024597168e-01,9.999977946281433105e-01,-9.999980926513671875e-01,-9.999878406524658203e-01,9.999791383743286133e-01,9.999988675117492676e-01,9.999846816062927246e-01,9.997957348823547363e-01,-9.999960064888000488e-01,9.999981522560119629e-01,-9.999808073043823242e-01,-9.999973773956298828e-01,9.999979734420776367e-01,-9.999976754188537598e-01,-9.999898076057434082e-01,9.999988675117492676e-01,-9.999987483024597168e-01,9.999957680702209473e-01,-9.999963641166687012e-01,9.999986886978149414e-01,-9.998992681503295898e-01,9.997515678405761719e-01,9.999985098838806152e-01,9.999969601631164551e-01,-9.999771714210510254e-01,-9.999982714653015137e-01,-9.999931454658508301e-01,9.999983310699462891e-01,-9.999982714653015137e-01,9.999979734420776367e-01,-9.999980926513671875e-01,-9.999543428421020508e-01,9.999989271163940430e-01,-9.999974370002746582e-01,9.999989271163940430e-01,-9.999981522560119629e-01,-9.999944567680358887e-01,-9.999975562095642090e-01,-9.999986886978149414e-01,9.999960064888000488e-01,9.999980926513671875e-01,-9.999973177909851074e-01,-9.999884366989135742e-01,-9.999949932098388672e-01,9.999888539314270020e-01,-9.999948740005493164e-01
-9.999986886978149414e-01,9.999989271163940430e-01,9.999951720237731934e-01,-9.999984502792358398e-01,-9.999991059303283691e-01,9.999991059303283691e-01,-9.999966621398925781e-01,-9.999992251396179199e-01,9.999977350234985352e-01,-9.999986290931701660e-01,9.999989867210388184e-01,9.999992251396179199e-01,-9.999984502792358398e-01,-9.999988079071044922e-01,-9.999939799308776855e-01,-9.999973177909851074e-01,-9.999979138374328613e-01,9.999988079071044922e-01,-9.999949336051940918e-01,9.999993443489074707e-01,9.999991655349731445e-01,-9.999945759773254395e-01,-9.999989271163940430e-01,-9.999986290931701660e-01,-9.999914169311523438e-01,-9.999991655349731445e-01,9.999986886978149414e-01,9.999992251396179199e-01,-9.999917745590209961e-01,9.999968409538269043e-01,9.999940991401672363e-01,9.999987483024597168e-01,-9.999914765357971191e-01,-9.999970197677612305e-01,9.999983310699462891e-01,-9.999403953552246094e-01,-9.999992847442626953e-01,-9.999988675117492676e-01,-9.999934434890747070e-01,9.999991655349731445e-01,-9.999989867210388184e-01,9.999924302101135254e-01,-9.999850392341613770e-01,-9.999992251396179199e-01,-9.999986886978149414e-01,-9.999986886978149414e-01,9.999949336051940918e-01,-9.999988675117492676e-01,-9.999991059303283691e-01,9.999988675117492676e-01,9.999991059303283691e-01,9.999986290931701660e-01,9.999991059303283691e-01,9.999946355819702148e-01,9.999986886978149414e-01,9.999986290931701660e-01,9.999958872795104980e-01,-9.999806880950927734e-01,-9.999977350234985352e-01,-9.999987483024597168e-01,9.999987483024597168e-01,-9.999992251396179199e-01,-9.999986886978149414e-01,-9.999963641166687012e-01,9.999963641166687012e-01,9.999991655349731445e-01,9.999992251396179199e-01,9.999969601631164551e-01,9.999992251396179199e-01,-9.999989271163940430e-01,9.999991059303283691e-01,-9.999982714653015137e-01,-9.999911189079284668e-01,9.999951124191284180e-01,9.999831318855285645e-01,9.999987483024597168e-01,-9.999943375587463379e-01,-9.999989867210388184e-01,9.999958872795104980e-01,9.999970197677612305e-01,-9.999806284904479980e-01,-9.999982714653015137e-01,9.999991655349731445e-01,-9.999984502792358398e-01,9.999986886978149414e-01,9.999917745590209961e-01,-9.999858140945434570e-01,-9.999992251396179199e-01,-9.999895095825195312e-01,-9.998614192008972168e-01,9.999972581863403320e-01,-9.999986886978149414e-01,9.999870061874389648e-01,9.999981522560119629e-01,-9.999985694885253906e-01,9.999983906745910645e-01,9.999930262565612793e-01,-9.999991655349731445e-01,9.999991655349731445e-01,-9.999970197677612305e-01,9.999974370002746582e-01,-9.999991655349731445e-01,9.999316930770874023e-01,-9.998314976692199707e-01,-9.999989271163940430e-01,-9.999979138374328613e-01,9.999845623970031738e-01,9.999987483024597168e-01,9.999953508377075195e-01,-9.999988675117492676e-01,9.999987483024597168e-01,-9.999986290931701660e-01,9.999986290931701660e-01,9.999690651893615723e-01,-9.999992251396179199e-01,9.999982714653015137e-01,-9.999992847442626953e-01,9.999986886978149414e-01,9.999960660934448242e-01,9.999983310699462891e-01,9.999991059303283691e-01,-9.999972581863403320e-01,-9.999986886978149414e-01,9.999980330467224121e-01,9.999920725822448730e-01,9.999966025352478027e-01,-9.999924898147583008e-01,9.999964237213134766e-01
-9.999989271163940430e-01,9.999992847442626953e-01,9.999958276748657227e-01,-9.999987483024597168e-01,-9.999992847442626953e-01,9.999992251396179199e-01,-9.999972581863403320e-01,-9.999994635581970215e-01,9.999980330467224121e-01,-9.999988675117492676e-01,9.999992251396179199e-01,9.999994039535522461e-01,-9.999988079071044922e-01,-9.999990463256835938e-01,-9.999946951866149902e-01,-9.999976158142089844e-01,-9.999982118606567383e-01,9.999989867210388184e-01,-9.999955296516418457e-01,9.999994635581970215e-01,9.999994039535522461e-01,-9.999952912330627441e-01,-9.999991059303283691e-01,-9.999988675117492676e-01,-9.999924898147583008e-01,-9.999993443489074707e-01,9.999988675117492676e-01,9.999992847442626953e-01,-9.999927878379821777e-01,9.999973177909851074e-01,9.999948740005493164e-01,9.999989271163940430e-01,-9.999924302101135254e-01,-9.999974370002746582e-01,9.999986290931701660e-01,-9.999474883079528809e-01,-9.999994635581970215e-01,-9.999991059303283691e-01,-9.999942779541015625e-01,9.999992847442626953e-01,-9.999992847442626953e-01,9.999934434890747070e-01,-9.999868273735046387e-01,-9.999994039535522461e-01,-9.999988675117492676e-01,-9.999988675117492676e-01,9.999955892562866211e-01,-9.999990463256835938e-01,-9.999993443489074707e-01,9.999990463256835938e-01,9.999992251396179199e-01,9.999988675117492676e-01,9.999992847442626953e-01,9.999953508377075195e-01,9.999989867210388184e-01,9.999988675117492676e-01,9.999963641166687012e-01,-9.999830126762390137e-01,-9.999980330467224121e-01,-9.999989867210388184e-01,9.999989271163940430e-01,-9.999994039535522461e-01,-9.999989271163940430e-01,-9.999969005584716797e-01,9.999968409538269043e-01,9.999993443489074707e-01,9.999994039535522461e-01,9.999973773956298828e-01,9.999994039535522461e-01,-9.999992251396179199e-01,9.999992251396179199e-01,-9.999985098838806152e-01,-9.999923110008239746e-01,9.999957680702209473e-01,9.999850988388061523e-01,9.999989271163940430e-01,-9.999950528144836426e-01,-9.999992251396179199e-01,9.999964237213134766e-01,9.999974370002746582e-01,-9.999830722808837891e-01,-9.999985694885253906e-01,9.999992847442626953e-01,-9.999987483024597168e-01,9.999989271163940430e-01,9.999927282333374023e-01,-9.999876022338867188e-01,-9.999994039535522461e-01,-9.999908804893493652e-01,-9.998780488967895508e-01,9.999976158142089844e-01,-9.999989271163940430e-01,9.999885559082031250e-01,9.999984502792358398e-01,-9.999987483024597168e-01,9.999986290931701660e-01,9.999939799308776855e-01,-9.999993443489074707e-01,9.999992251396179199e-01,-9.999974370002746582e-01,9.999977946281433105e-01,-9.999992847442626953e-01,9.999398589134216309e-01,-9.998516440391540527e-01,-9.999991655349731445e-01,-9.999981522560119629e-01,9.999863505363464355e-01,9.999989867210388184e-01,9.999960064888000488e-01,-9.999990463256835938e-01,9.999990463256835938e-01,-9.999988675117492676e-01,9.999988675117492676e-01,9.999728202819824219e-01,-9.999992847442626953e-01,9.999985694885253906e-01,-9.999994039535522461e-01,9.999989271163940430e-01,9.999966621398925781e-01,9.999985098838806152e-01,9.999993443489074707e-01,-9.999976754188537598e-01,-9.999989271163940430e-01,9.999983906745910645e-01,9.999931454658508301e-01,9.999970197677612305e-01,-9.999933838844299316e-01,9.999969005584716797e-01
