9.999979734420776367e-01,-9.999979138374328613e-01,-9.999899268150329590e-01,9.999983906745910645e-01,9.999986886978149414e-01,-9.999982714653015137e-01,-9.999882578849792480e-01,9.999988079071044922e-01,-9.999967217445373535e-01,9.999959468841552734e-01,-9.999762773513793945e-01,-9.999985694885253906e-01,9.999982714653015137e-01,9.999961853027343750e-01,9.998611807823181152e-01,9.999974966049194336e-01,9.999976158142089844e-01,-9.999952912330627441e-01,9.997470974922180176e-01,-9.999988079071044922e-01,-9.999986290931701660e-01,9.999862313270568848e-01,9.999958276748657227e-01,9.999979734420776367e-01,-9.999833106994628906e-01,9.999988675117492676e-01,-9.999979138374328613e-01,-9.999986886978149414e-01,9.999903440475463867e-01,-9.999862313270568848e-01,-9.999980330467224121e-01,-9.999985098838806152e-01,9.999972581863403320e-01,9.999976754188537598e-01,-9.999971985816955566e-01,-9.999958276748657227e-01,9.999988079071044922e-01,9.999985694885253906e-01,9.999927282333374023e-01,-9.999986290931701660e-01,9.999982118606567383e-01,-9.999970197677612305e-01,9.999657869338989258e-01,9.999985098838806152e-01,9.999962449073791504e-01,9.999972581863403320e-01,9.999950528144836426e-01,9.999940395355224609e-01,9.999985098838806152e-01,-9.999983310699462891e-01,-9.999985098838806152e-01,-9.999966025352478027e-01,-9.999982118606567383e-01,-9.999836087226867676e-01,-9.999968409538269043e-01,-9.999963045120239258e-01,-9.999976754188537598e-01,-9.999611377716064453e-01,9.999971985816955566e-01,9.999960660934448242e-01,-9.999933242797851562e-01,9.999985098838806152e-01,9.999981522560119629e-01,9.999939799308776855e-01,9.999861717224121094e-01,-9.999985694885253906e-01,-9.999986886978149414e-01,-9.999890923500061035e-01,-9.999973773956298828e-01,9.999987483024597168e-01,-9.999982118606567383e-01,9.999969005584716797e-01,9.999960660934448242e-01,-9.999900460243225098e-01,9.999490976333618164e-01,-9.999973773956298828e-01,9.999854564666748047e-01,9.999971389770507812e-01,-9.999926090240478516e-01,-9.999977946281433105e-01,9.999642372131347656e-01,9.999976158142089844e-01,-9.999985694885253906e-01,-9.998738765716552734e-01,-9.999983310699462891e-01,-9.999873042106628418e-01,9.999907016754150391e-01,9.999980330467224121e-01,-9.999846816062927246e-01,9.999982714653015137e-01,-9.999982118606567383e-01,9.999981522560119629e-01,-9.997889995574951172e-01,-9.999982714653015137e-01,9.999983310699462891e-01,-9.999973773956298828e-01,9.999569654464721680e-01,9.999986886978149414e-01,-9.999984502792358398e-01,9.999948143959045410e-01,-9.999977946281433105e-01,9.999982118606567383e-01,-9.999940395355224609e-01,-9.999024868011474609e-01,9.999980330467224121e-01,9.999649524688720703e-01,9.999843835830688477e-01,-9.999966025352478027e-01,-9.999945163726806641e-01,9.999982118606567383e-01,-9.999964237213134766e-01,9.999979138374328613e-01,-9.999975562095642090e-01,-9.999948143959045410e-01,9.999988675117492676e-01,-9.999980330467224121e-01,9.999983310699462891e-01,-9.999982714653015137e-01,9.999881982803344727e-01,-9.999964833259582520e-01,-9.999985098838806152e-01,9.999952316284179688e-01,9.999980330467224121e-01,-9.999977946281433105e-01,9.999915361404418945e-01,-9.999966621398925781e-01,-9.999889135360717773e-01,-9.999978542327880859e-01
-9.999979138374328613e-01,9.999979138374328613e-01,9.999896883964538574e-01,-9.999983310699462891e-01,-9.999987483024597168e-01,9.999982714653015137e-01,9.999879002571105957e-01,-9.999988675117492676e-01,9.999967217445373535e-01,-9.999958872795104980e-01,9.999755620956420898e-01,9.999986886978149414e-01,-9.999983310699462891e-01,-9.999961853027343750e-01,-9.998558759689331055e-01,-9.999974966049194336e-01,-9.999975562095642090e-01,9.999951720237731934e-01,-9.997373819351196289e-01,9.999989271163940430e-01,9.999986886978149414e-01,-9.999858140945434570e-01,-9.999957680702209473e-01,-9.999979734420776367e-01,9.999827146530151367e-01,-9.999989867210388184e-01,9.999979138374328613e-01,9.999988079071044922e-01,-9.999900460243225098e-01,9.999858140945434570e-01,9.999979734420776367e-01,9.999985694885253906e-01,-9.999973177909851074e-01,-9.999977350234985352e-01,9.999971389770507812e-01,9.999957084655761719e-01,-9.999988079071044922e-01,-9.999986290931701660e-01,-9.999924302101135254e-01,9.999986290931701660e-01,-9.999983310699462891e-01,9.999969601631164551e-01,-9.999645948410034180e-01,-9.999985098838806152e-01,-9.999960660934448242e-01,-9.999973177909851074e-01,-9.999949336051940918e-01,-9.999940395355224609e-01,-9.999986290931701660e-01,9.999983906745910645e-01,9.999984502792358398e-01,9.999965429306030273e-01,9.999982714653015137e-01,9.999830722808837891e-01,9.999967217445373535e-01,9.999962449073791504e-01,9.999976158142089844e-01,9.999597072601318359e-01,-9.999971389770507812e-01,-9.999960064888000488e-01,9.999931454658508301e-01,-9.999985694885253906e-01,-9.999982118606567383e-01,-9.999938607215881348e-01,-9.999856948852539062e-01,9.999986290931701660e-01,9.999986886978149414e-01,9.999887347221374512e-01,9.999974370002746582e-01,-9.999988079071044922e-01,9.999982714653015137e-01,-9.999967813491821289e-01,-9.999960064888000488e-01,9.999897480010986328e-01,-9.999471306800842285e-01,9.999973773956298828e-01,-9.999849796295166016e-01,-9.999971985816955566e-01,9.999924302101135254e-01,9.999978542327880859e-01,-9.999629855155944824e-01,-9.999976754188537598e-01,9.999985098838806152e-01,9.998691082000732422e-01,9.999983906745910645e-01,9.999868869781494141e-01,-9.999904036521911621e-01,-9.999982118606567383e-01,9.999842047691345215e-01,-9.999983310699462891e-01,9.999982714653015137e-01,-9.999980330467224121e-01,9.997809529304504395e-01,9.999982714653015137e-01,-9.999983906745910645e-01,9.999973773956298828e-01,-9.999554753303527832e-01,-9.999987483024597168e-01,9.999985098838806152e-01,-9.999947547912597656e-01,9.999977946281433105e-01,-9.999983310699462891e-01,9.999938607215881348e-01,9.998987317085266113e-01,-9.999980330467224121e-01,-9.999636411666870117e-01,-9.999838471412658691e-01,9.999965429306030273e-01,9.999943971633911133e-01,-9.999982714653015137e-01,9.999964833259582520e-01,-9.999978542327880859e-01,9.999975562095642090e-01,9.999948143959045410e-01,-9.999990463256835938e-01,9.999980330467224121e-01,-9.999983906745910645e-01,9.999982714653015137e-01,-9.999878406524658203e-01,9.999965429306030273e-01,9.999985098838806152e-01,-9.999951124191284180e-01,-9.999980926513671875e-01,9.999978542327880859e-01,-9.999914169311523438e-01,9.999967217445373535e-01,9.999885559082031250e-01,9.999978542327880859e-01
-9.999899268150329590e-01,9.999896883964538574e-01,9.999495744705200195e-01,-9.999920129776000977e-01,-9.999937415122985840e-01,9.999917745590209961e-01,9.999409914016723633e-01,-9.999943375587463379e-01,9.999839067459106445e-01,-9.999796748161315918e-01,9.998806118965148926e-01,9.999933242797851562e-01,-9.999918937683105469e-01,-9.999810457229614258e-01,-9.992996454238891602e-01,-9.999880194664001465e-01,-9.999883770942687988e-01,9.999764561653137207e-01,-9.987245202064514160e-01,9.999947547912597656e-01,9.999932050704956055e-01,-9.999307990074157715e-01,-9.999793767929077148e-01,-9.999900460243225098e-01,9.999160170555114746e-01,-9.999948143959045410e-01,9.999898076057434082e-01,9.999938607215881348e-01,-9.999516010284423828e-01,9.999309182167053223e-01,9.999902248382568359e-01,9.999930262565612793e-01,-9.999867081642150879e-01,-9.999887943267822266e-01,9.999859929084777832e-01,9.999791979789733887e-01,-9.999940395355224609e-01,-9.999931454658508301e-01,-9.999631643295288086e-01,9.999931454658508301e-01,-9.999915957450866699e-01,9.999858736991882324e-01,-9.998280405998229980e-01,-9.999925494194030762e-01,-9.999812245368957520e-01,-9.999871850013732910e-01,-9.999753236770629883e-01,-9.999704957008361816e-01,-9.999931454658508301e-01,9.999921321868896484e-01,9.999924898147583008e-01,9.999834299087524414e-01,9.999916553497314453e-01,9.999173283576965332e-01,9.999842643737792969e-01,9.999819993972778320e-01,9.999886751174926758e-01,9.998040199279785156e-01,-9.999864101409912109e-01,-9.999809861183166504e-01,9.999662637710571289e-01,-9.999931454658508301e-01,-9.999914765357971191e-01,-9.999698400497436523e-01,-9.999304413795471191e-01,9.999930858612060547e-01,9.999938011169433594e-01,9.999452233314514160e-01,9.999874830245971680e-01,-9.999940395355224609e-01,9.999916553497314453e-01,-9.999846816062927246e-01,-9.999805092811584473e-01,9.999498128890991211e-01,-9.997432231903076172e-01,9.999874234199523926e-01,-9.999264478683471680e-01,-9.999862909317016602e-01,9.999632239341735840e-01,9.999893307685852051e-01,-9.998201131820678711e-01,-9.999886751174926758e-01,9.999929070472717285e-01,9.993639588356018066e-01,9.999918341636657715e-01,9.999362826347351074e-01,-9.999529123306274414e-01,-9.999908804893493652e-01,9.999229907989501953e-01,-9.999919533729553223e-01,9.999911785125732422e-01,-9.999905824661254883e-01,9.989357590675354004e-01,9.999918341636657715e-01,-9.999921917915344238e-01,9.999870061874389648e-01,-9.997836351394653320e-01,-9.999937415122985840e-01,9.999928474426269531e-01,-9.999741911888122559e-01,9.999890923500061035e-01,-9.999915957450866699e-01,9.999702572822570801e-01,9.995081424713134766e-01,-9.999902248382568359e-01,-9.998232722282409668e-01,-9.999214410781860352e-01,9.999833703041076660e-01,9.999724030494689941e-01,-9.999916553497314453e-01,9.999826550483703613e-01,-9.999896287918090820e-01,9.999884366989135742e-01,9.999743103981018066e-01,-9.999947547912597656e-01,9.999906420707702637e-01,-9.999917745590209961e-01,9.999917149543762207e-01,-9.999408721923828125e-01,9.999830722808837891e-01,9.999929070472717285e-01,-9.999763369560241699e-01,-9.999907612800598145e-01,9.999889731407165527e-01,-9.999576807022094727e-01,9.999837875366210938e-01,9.999438524246215820e-01,9.999896883964538574e-01
9.999983906745910645e-01,-9.999983310699462891e-01,-9.999920129776000977e-01,9.999988079071044922e-01,9.999990463256835938e-01,-9.999986886978149414e-01,-9.999907016754150391e-01,9.999991655349731445e-01,-9.999975562095642090e-01,9.999968409538269043e-01,-9.999811649322509766e-01,-9.999989867210388184e-01,9.999987483024597168e-01,9.999969601631164551e-01,9.998888969421386719e-01,9.999980926513671875e-01,9.999981522560119629e-01,-9.999961853027343750e-01,9.997977018356323242e-01,-9.999992251396179199e-01,-9.999989867210388184e-01,9.999890327453613281e-01,9.999966621398925781e-01,9.999984502792358398e-01,-9.999867081642150879e-01,9.999992251396179199e-01,-9.999983310699462891e-01,-9.999990463256835938e-01,9.999923706054687500e-01,-9.999890327453613281e-01,-9.999984502792358398e-01,-9.999988675117492676e-01,9.999979138374328613e-01,9.999982714653015137e-01,-9.999977946281433105e-01,-9.999966621398925781e-01,9.999992251396179199e-01,9.999989271163940430e-01,9.999942779541015625e-01,-9.999989867210388184e-01,9.999986290931701660e-01,-9.999977350234985352e-01,9.999728202819824219e-01,9.999988079071044922e-01,9.999969601631164551e-01,9.999979734420776367e-01,9.999960064888000488e-01,9.999952912330627441e-01,9.999989271163940430e-01,-9.999987483024597168e-01,-9.999988079071044922e-01,-9.999974370002746582e-01,-9.999986290931701660e-01,-9.999869465827941895e-01,-9.999974966049194336e-01,-9.999970793724060059e-01,-9.999981522560119629e-01,-9.999690651893615723e-01,9.999977946281433105e-01,9.999969601631164551e-01,-9.999946355819702148e-01,9.999989867210388184e-01,9.999986290931701660e-01,9.999952316284179688e-01,9.999889731407165527e-01,-9.999989271163940430e-01,-9.999990463256835938e-01,-9.999913573265075684e-01,-9.999980926513671875e-01,9.999991059303283691e-01,-9.999986290931701660e-01,9.999975562095642090e-01,9.999969601631164551e-01,-9.999920725822448730e-01,9.999593496322631836e-01,-9.999979734420776367e-01,9.999884366989135742e-01,9.999978542327880859e-01,-9.999942779541015625e-01,-9.999982714653015137e-01,9.999715089797973633e-01,9.999981522560119629e-01,-9.999989271163940430e-01,-9.998990893363952637e-01,-9.999987483024597168e-01,-9.999898672103881836e-01,9.999926686286926270e-01,9.999985098838806152e-01,-9.999878406524658203e-01,9.999986886978149414e-01,-9.999986886978149414e-01,9.999985098838806152e-01,-9.998312592506408691e-01,-9.999986886978149414e-01,9.999987483024597168e-01,-9.999979734420776367e-01,9.999656677246093750e-01,9.999990463256835938e-01,-9.999988675117492676e-01,9.999958872795104980e-01,-9.999982714653015137e-01,9.999986290931701660e-01,-9.999952912330627441e-01,-9.999220371246337891e-01,9.999985098838806152e-01,9.999719858169555664e-01,9.999876022338867188e-01,-9.999973177909851074e-01,-9.999956488609313965e-01,9.999986290931701660e-01,-9.999973177909851074e-01,9.999983906745910645e-01,-9.999981522560119629e-01,-9.999960064888000488e-01,9.999991655349731445e-01,-9.999985694885253906e-01,9.999987483024597168e-01,-9.999986886978149414e-01,9.999906420707702637e-01,-9.999973773956298828e-01,-9.999989271163940430e-01,9.999963045120239258e-01,9.999985098838806152e-01,-9.999983310699462891e-01,9.999933838844299316e-01,-9.999973773956298828e-01,-9.999911189079284668e-01,-9.999983310699462891e-01
9.999986886978149414e-01,-9.999987483024597168e-01,-9.999937415122985840e-01,9.999990463256835938e-01,9.999991655349731445e-01,-9.999989271163940430e-01,-9.999926686286926270e-01,9.999993443489074707e-01,-9.999980330467224121e-01,9.999974370002746582e-01,-9.999851584434509277e-01,-9.999991059303283691e-01,9.999989867210388184e-01,9.999976158142089844e-01,9.999126791954040527e-01,9.999985098838806152e-01,9.999984502792358398e-01,-9.999970197677612305e-01,9.998410344123840332e-01,-9.999992847442626953e-01,-9.999991655349731445e-01,9.999913573265075684e-01,9.999973773956298828e-01,9.999987483024597168e-01,-9.999894499778747559e-01,9.999993443489074707e-01,-9.999986886978149414e-01,-9.999992847442626953e-01,9.999939799308776855e-01,-9.999913573265075684e-01,-9.999986886978149414e-01,-9.999990463256835938e-01,9.999982118606567383e-01,9.999985694885253906e-01,-9.999982118606567383e-01,-9.999973177909851074e-01,9.999992847442626953e-01,9.999991655349731445e-01,9.999953508377075195e-01,-9.999991655349731445e-01,9.999989271163940430e-01,-9.999981522560119629e-01,9.999785423278808594e-01,9.999992251396179199e-01,9.999976158142089844e-01,9.999983906745910645e-01,9.999967813491821289e-01,9.999962449073791504e-01,9.999991655349731445e-01,-9.999989271163940430e-01,-9.999991059303283691e-01,-9.999978542327880859e-01,-9.999988675117492676e-01,-9.999897480010986328e-01,-9.999979138374328613e-01,-9.999976754188537598e-01,-9.999985098838806152e-01,-9.999756217002868652e-01,9.999981522560119629e-01,9.999974966049194336e-01,-9.999958276748657227e-01,9.999991655349731445e-01,9.999988675117492676e-01,9.999961853027343750e-01,9.999912977218627930e-01,-9.999991655349731445e-01,-9.999992847442626953e-01,-9.999930858612060547e-01,-9.999983310699462891e-01,9.999992251396179199e-01,-9.999988675117492676e-01,9.999980330467224121e-01,9.999974966049194336e-01,-9.999937415122985840e-01,9.999679327011108398e-01,-9.999983310699462891e-01,9.999908208847045898e-01,9.999982714653015137e-01,-9.999954104423522949e-01,-9.999986290931701660e-01,9.999775886535644531e-01,9.999984502792358398e-01,-9.999991655349731445e-01,-9.999206662178039551e-01,-9.999989867210388184e-01,-9.999919533729553223e-01,9.999941587448120117e-01,9.999987483024597168e-01,-9.999904036521911621e-01,9.999989271163940430e-01,-9.999988675117492676e-01,9.999988079071044922e-01,-9.998673796653747559e-01,-9.999989271163940430e-01,9.999990463256835938e-01,-9.999983310699462891e-01,9.999730587005615234e-01,9.999992251396179199e-01,-9.999991655349731445e-01,9.999967217445373535e-01,-9.999986290931701660e-01,9.999989271163940430e-01,-9.999962449073791504e-01,-9.999385476112365723e-01,9.999987483024597168e-01,9.999778866767883301e-01,9.999901652336120605e-01,-9.999979138374328613e-01,-9.999966025352478027e-01,9.999989271163940430e-01,-9.999977350234985352e-01,9.999986886978149414e-01,-9.999984502792358398e-01,-9.999966621398925781e-01,9.999993443489074707e-01,-9.999988079071044922e-01,9.999989271163940430e-01,-9.999988675117492676e-01,9.999926686286926270e-01,-9.999978542327880859e-01,-9.999991655349731445e-01,9.999970197677612305e-01,9.999987483024597168e-01,-9.999986290931701660e-01,9.999948143959045410e-01,-9.999979138374328613e-01,-9.999929070472717285e-01,-9.999986290931701660e-01
-9.999982714653015137e-01,9.999982714653015137e-01,9.999917745590209961e-01,-9.999986886978149414e-01,-9.999989271163940430e-01,9.999985694885253906e-01,9.999902248382568359e-01,-9.999989867210388184e-01,9.999973177909851074e-01,-9.999966025352478027e-01,9.999804496765136719e-01,9.999988079071044922e-01,-9.999985694885253906e-01,-9.999968409538269043e-01,-9.998854398727416992e-01,-9.999980330467224121e-01,-9.999979734420776367e-01,9.999960660934448242e-01,-9.997913837432861328e-01,9.999991059303283691e-01,9.999988675117492676e-01,-9.999886155128479004e-01,-9.999964833259582520e-01,-9.999983310699462891e-01,9.999861717224121094e-01,-9.999991655349731445e-01,9.999982118606567383e-01,9.999989867210388184e-01,-9.999920129776000977e-01,9.999887347221374512e-01,9.999983906745910645e-01,9.999986886978149414e-01,-9.999977350234985352e-01,-9.999981522560119629e-01,9.999976754188537598e-01,9.999964237213134766e-01,-9.999990463256835938e-01,-9.999988675117492676e-01,-9.999939799308776855e-01,9.999988675117492676e-01,-9.999985694885253906e-01,9.999976158142089844e-01,-9.999718666076660156e-01,-9.999986886978149414e-01,-9.999969005584716797e-01,-9.999977350234985352e-01,-9.999958872795104980e-01,-9.999951720237731934e-01,-9.999988675117492676e-01,9.999986290931701660e-01,9.999986886978149414e-01,9.999971985816955566e-01,9.999985098838806152e-01,9.999865293502807617e-01,9.999973177909851074e-01,9.999969601631164551e-01,9.999980926513671875e-01,9.999678730964660645e-01,-9.999976754188537598e-01,-9.999967813491821289e-01,9.999945163726806641e-01,-9.999988079071044922e-01,-9.999983906745910645e-01,-9.999950528144836426e-01,-9.999885559082031250e-01,9.999988079071044922e-01,9.999989271163940430e-01,9.999909400939941406e-01,9.999978542327880859e-01,-9.999989271163940430e-01,9.999986290931701660e-01,-9.999973773956298828e-01,-9.999967813491821289e-01,9.999917745590209961e-01,-9.999579191207885742e-01,9.999978542327880859e-01,-9.999879598617553711e-01,-9.999976754188537598e-01,9.999939799308776855e-01,9.999981522560119629e-01,-9.999706149101257324e-01,-9.999979734420776367e-01,9.999988079071044922e-01,9.998958706855773926e-01,9.999986290931701660e-01,9.999895691871643066e-01,-9.999923110008239746e-01,-9.999983906745910645e-01,9.999873638153076172e-01,-9.999985694885253906e-01,9.999984502792358398e-01,-9.999983906745910645e-01,9.998259544372558594e-01,9.999985694885253906e-01,-9.999986886978149414e-01,9.999978542327880859e-01,-9.999644756317138672e-01,-9.999988079071044922e-01,9.999987483024597168e-01,-9.999957084655761719e-01,9.999982118606567383e-01,-9.999985098838806152e-01,9.999951720237731934e-01,9.999195337295532227e-01,-9.999983906745910645e-01,-9.999710321426391602e-01,-9.999871253967285156e-01,9.999971985816955566e-01,9.999954700469970703e-01,-9.999985098838806152e-01,9.999971389770507812e-01,-9.999982714653015137e-01,9.999979734420776367e-01,9.999957680702209473e-01,-9.999990463256835938e-01,9.999983310699462891e-01,-9.999986290931701660e-01,9.999985694885253906e-01,-9.999902844429016113e-01,9.999971389770507812e-01,9.999987483024597168e-01,-9.999959468841552734e-01,-9.999983906745910645e-01,9.999981522560119629e-01,-9.999929666519165039e-01,9.999972581863403320e-01,9.999908208847045898e-01,9.999982714653015137e-01
-9.999882578849792480e-01,9.999879002571105957e-01,9.999409914016723633e-01,-9.999907016754150391e-01,-9.999926686286926270e-01,9.999902248382568359e-01,9.999312162399291992e-01,-9.999932646751403809e-01,9.999811649322509766e-01,-9.999762773513793945e-01,9.998605251312255859e-01,9.999921917915344238e-01,-9.999904632568359375e-01,-9.999778866767883301e-01,-9.991821646690368652e-01,-9.999859929084777832e-01,-9.999864697456359863e-01,9.999725222587585449e-01,-9.985109567642211914e-01,9.999937415122985840e-01,9.999920725822448730e-01,-9.999191164970397949e-01,-9.999758601188659668e-01,-9.999882578849792480e-01,9.999018907546997070e-01,-9.999937415122985840e-01,9.999880790710449219e-01,9.999927878379821777e-01,-9.999433755874633789e-01,9.999192953109741211e-01,9.999884963035583496e-01,9.999917745590209961e-01,-9.999846220016479492e-01,-9.999868869781494141e-01,9.999836683273315430e-01,9.999757409095764160e-01,-9.999929070472717285e-01,-9.999917745590209961e-01,-9.999569654464721680e-01,9.999919533729553223e-01,-9.999901652336120605e-01,9.999834895133972168e-01,-9.997993111610412598e-01,-9.999912977218627930e-01,-9.999780058860778809e-01,-9.999849200248718262e-01,-9.999712109565734863e-01,-9.999654889106750488e-01,-9.999918341636657715e-01,9.999907612800598145e-01,9.999912381172180176e-01,9.999806284904479980e-01,9.999901652336120605e-01,9.999035000801086426e-01,9.999815821647644043e-01,9.999789595603942871e-01,9.999866485595703125e-01,9.997710585594177246e-01,-9.999840855598449707e-01,-9.999778866767883301e-01,9.999606013298034668e-01,-9.999918341636657715e-01,-9.999899268150329590e-01,-9.999645352363586426e-01,-9.999186992645263672e-01,9.999918341636657715e-01,9.999927878379821777e-01,9.999360442161560059e-01,9.999853372573852539e-01,-9.999930262565612793e-01,9.999901652336120605e-01,-9.999819993972778320e-01,-9.999771118164062500e-01,9.999412894248962402e-01,-9.997000694274902344e-01,9.999852180480957031e-01,-9.999139904975891113e-01,-9.999840259552001953e-01,9.999570846557617188e-01,9.999875426292419434e-01,-9.997898936271667480e-01,-9.999867081642150879e-01,9.999915957450866699e-01,9.992572665214538574e-01,9.999904036521911621e-01,9.999254345893859863e-01,-9.999450445175170898e-01,-9.999893307685852051e-01,9.999100565910339355e-01,-9.999905228614807129e-01,9.999896883964538574e-01,-9.999890327453613281e-01,9.987574219703674316e-01,9.999904036521911621e-01,-9.999908804893493652e-01,9.999847412109375000e-01,-9.997472763061523438e-01,-9.999925494194030762e-01,9.999915957450866699e-01,-9.999698400497436523e-01,9.999872446060180664e-01,-9.999901652336120605e-01,9.999651908874511719e-01,9.994256496429443359e-01,-9.999884963035583496e-01,-9.997935295104980469e-01,-9.999082684516906738e-01,9.999806284904479980e-01,9.999675750732421875e-01,-9.999901652336120605e-01,9.999797344207763672e-01,-9.999877810478210449e-01,9.999863505363464355e-01,9.999700188636779785e-01,-9.999938011169433594e-01,9.999890923500061035e-01,-9.999903440475463867e-01,9.999903440475463867e-01,-9.999308586120605469e-01,9.999801516532897949e-01,9.999917149543762207e-01,-9.999723434448242188e-01,-9.999890923500061035e-01,9.999871253967285156e-01,-9.999504685401916504e-01,9.999811053276062012e-01,9.999344348907470703e-01,9.999878406524658203e-01
9.999988079071044922e-01,-9.999988675117492676e-01,-9.999943375587463379e-01,9.999991655349731445e-01,9.999993443489074707e-01,-9.999989867210388184e-01,-9.999932646751403809e-01,9.999994039535522461e-01,-9.999981522560119629e-01,9.999976754188537598e-01,-9.999865293502807617e-01,-9.999992847442626953e-01,9.999991059303283691e-01,9.999978542327880859e-01,9.999209642410278320e-01,9.999985694885253906e-01,9.999986886978149414e-01,-9.999973177909851074e-01,9.998559951782226562e-01,-9.999994635581970215e-01,-9.999992847442626953e-01,9.999921917915344238e-01,9.999975562095642090e-01,9.999988675117492676e-01,-9.999905228614807129e-01,9.999994039535522461e-01,-9.999988079071044922e-01,-9.999993443489074707e-01,9.999944567680358887e-01,-9.999921917915344238e-01,-9.999988675117492676e-01,-9.999991655349731445e-01,9.999985098838806152e-01,9.999986886978149414e-01,-9.999985098838806152e-01,-9.999975562095642090e-01,9.999994039535522461e-01,9.999992251396179199e-01,9.999958276748657227e-01,-9.999992847442626953e-01,9.999991059303283691e-01,-9.999982714653015137e-01,9.999806284904479980e-01,9.999992251396179199e-01,9.999978542327880859e-01,9.999984502792358398e-01,9.999971985816955566e-01,9.999966025352478027e-01,9.999992251396179199e-01,-9.999991655349731445e-01,-9.999992847442626953e-01,-9.999980926513671875e-01,-9.999991059303283691e-01,-9.999906420707702637e-01,-9.999980926513671875e-01,-9.999979138374328613e-01,-9.999986886978149414e-01,-9.999778866767883301e-01,9.999984502792358398e-01,9.999978542327880859e-01,-9.999961256980895996e-01,9.999992847442626953e-01,9.999991059303283691e-01,9.999965429306030273e-01,9.999921917915344238e-01,-9.999992251396179199e-01,-9.999992251396179199e-01,-9.999937415122985840e-01,-9.999985098838806152e-01,9.999993443489074707e-01,-9.999991059303283691e-01,9.999982714653015137e-01,9.999977946281433105e-01,-9.999944567680358887e-01,9.999710917472839355e-01,-9.999985694885253906e-01,9.999917149543762207e-01,9.999984502792358398e-01,-9.999958276748657227e-01,-9.999988079071044922e-01,9.999796748161315918e-01,9.999986290931701660e-01,-9.999992251396179199e-01,-9.999282360076904297e-01,-9.999991059303283691e-01,-9.999927878379821777e-01,9.999947547912597656e-01,9.999989271163940430e-01,-9.999912381172180176e-01,9.999991059303283691e-01,-9.999990463256835938e-01,9.999988675117492676e-01,-9.998799562454223633e-01,-9.999989867210388184e-01,9.999991655349731445e-01,-9.999985098838806152e-01,9.999755620956420898e-01,9.999993443489074707e-01,-9.999991059303283691e-01,9.999969601631164551e-01,-9.999987483024597168e-01,9.999991059303283691e-01,-9.999966025352478027e-01,-9.999445080757141113e-01,9.999988675117492676e-01,9.999800920486450195e-01,9.999911189079284668e-01,-9.999980926513671875e-01,-9.999969005584716797e-01,9.999991059303283691e-01,-9.999980330467224121e-01,9.999988079071044922e-01,-9.999985694885253906e-01,-9.999970793724060059e-01,9.999995231628417969e-01,-9.999989271163940430e-01,9.999991059303283691e-01,-9.999991059303283691e-01,9.999933242797851562e-01,-9.999979734420776367e-01,-9.999992251396179199e-01,9.999973177909851074e-01,9.999988675117492676e-01,-9.999988079071044922e-01,9.999952316284179688e-01,-9.999981522560119629e-01,-9.999936819076538086e-01,-9.999988079071044922e-01
-9.999967217445373535e-01,9.999967217445373535e-01,9.999839067459106445e-01,-9.999975562095642090e-01,-9.999980330467224121e-01,9.999973177909851074e-01,9.999811649322509766e-01,-9.999981522560119629e-01,9.999948740005493164e-01,-9.999935626983642578e-01,9.999617934226989746e-01,9.999979138374328613e-01,-9.999973773956298828e-01,-9.999939799308776855e-01,-9.997751116752624512e-01,-9.999960660934448242e-01,-9.999963641166687012e-01,9.999924302101135254e-01,-9.995900988578796387e-01,9.999982714653015137e-01,9.999979138374328613e-01,-9.999778866767883301e-01,-9.999934434890747070e-01,-9.999968409538269043e-01,9.999731779098510742e-01,-9.999983906745910645e-01,9.999967813491821289e-01,9.999980926513671875e-01,-9.999845027923583984e-01,9.999779462814331055e-01,9.999968409538269043e-01,9.999977946281433105e-01,-9.999958276748657227e-01,-9.999963641166687012e-01,9.999956488609313965e-01,9.999933242797851562e-01,-9.999981522560119629e-01,-9.999978542327880859e-01,-9.999882578849792480e-01,9.999979138374328613e-01,-9.999973177909851074e-01,9.999954700469970703e-01,-9.999447464942932129e-01,-9.999976754188537598e-01,-9.999939799308776855e-01,-9.999958872795104980e-01,-9.999920725822448730e-01,-9.999905824661254883e-01,-9.999977946281433105e-01,9.999974370002746582e-01,9.999976754188537598e-01,9.999946951866149902e-01,9.999972581863403320e-01,9.999735951423645020e-01,9.999950528144836426e-01,9.999943375587463379e-01,9.999963045120239258e-01,9.999369978904724121e-01,-9.999956488609313965e-01,-9.999939799308776855e-01,9.999892711639404297e-01,-9.999977350234985352e-01,-9.999971985816955566e-01,-9.999903440475463867e-01,-9.999777078628540039e-01,9.999978542327880859e-01,9.999979734420776367e-01,9.999824166297912598e-01,9.999959468841552734e-01,-9.999980330467224121e-01,9.999972581863403320e-01,-9.999951720237731934e-01,-9.999938011169433594e-01,9.999840259552001953e-01,-9.999175071716308594e-01,9.999960064888000488e-01,-9.999764561653137207e-01,-9.999956488609313965e-01,9.999883174896240234e-01,9.999965429306030273e-01,-9.999421834945678711e-01,-9.999964237213134766e-01,9.999977946281433105e-01,9.997956752777099609e-01,9.999973773956298828e-01,9.999796152114868164e-01,-9.999850392341613770e-01,-9.999970793724060059e-01,9.999753832817077637e-01,-9.999974370002746582e-01,9.999971985816955566e-01,-9.999970197677612305e-01,9.996580481529235840e-01,9.999973773956298828e-01,-9.999975562095642090e-01,9.999958872795104980e-01,-9.999305009841918945e-01,-9.999980330467224121e-01,9.999976754188537598e-01,-9.999917745590209961e-01,9.999964237213134766e-01,-9.999973177909851074e-01,9.999904632568359375e-01,9.998420476913452148e-01,-9.999969005584716797e-01,-9.999433159828186035e-01,-9.999748468399047852e-01,9.999947547912597656e-01,9.999912381172180176e-01,-9.999973773956298828e-01,9.999945163726806641e-01,-9.999967217445373535e-01,9.999962449073791504e-01,9.999918341636657715e-01,-9.999983906745910645e-01,9.999970197677612305e-01,-9.999973773956298828e-01,9.999973177909851074e-01,-9.999811053276062012e-01,9.999945759773254395e-01,9.999978542327880859e-01,-9.999924302101135254e-01,-9.999969601631164551e-01,9.999964833259582520e-01,-9.999865293502807617e-01,9.999948740005493164e-01,9.999820590019226074e-01,9.999967217445373535e-01
9.999959468841552734e-01,-9.999958872795104980e-01,-9.999796748161315918e-01,9.999968409538269043e-01,9.999974370002746582e-01,-9.999966025352478027e-01,-9.999762773513793945e-01,9.999976754188537598e-01,-9.999935626983642578e-01,9.999917745590209961e-01,-9.999518394470214844e-01,-9.999972581863403320e-01,9.999966621398925781e-01,9.999924898147583008e-01,9.997172355651855469e-01,9.999951720237731934e-01,9.999953508377075195e-01,-9.999905228614807129e-01,9.994847774505615234e-01,-9.999978542327880859e-01,-9.999973177909851074e-01,9.999721050262451172e-01,9.999916553497314453e-01,9.999960064888000488e-01,-9.999660849571228027e-01,9.999979138374328613e-01,-9.999958872795104980e-01,-9.999975562095642090e-01,9.999805092811584473e-01,-9.999721646308898926e-01,-9.999961256980895996e-01,-9.999971389770507812e-01,9.999946951866149902e-01,9.999955296516418457e-01,-9.999944567680358887e-01,-9.999915361404418945e-01,9.999974966049194336e-01,9.999971985816955566e-01,9.999851584434509277e-01,-9.999971985816955566e-01,9.999966621398925781e-01,-9.999943375587463379e-01,9.999305009841918945e-01,9.999969601631164551e-01,9.999925494194030762e-01,9.999947547912597656e-01,9.999899864196777344e-01,9.999881982803344727e-01,9.999971389770507812e-01,-9.999967813491821289e-01,-9.999970197677612305e-01,-9.999933242797851562e-01,-9.999966025352478027e-01,-9.999666810035705566e-01,-9.999937415122985840e-01,-9.999927282333374023e-01,-9.999954104423522949e-01,-9.999209046363830566e-01,9.999945163726806641e-01,9.999924302101135254e-01,-9.999865293502807617e-01,9.999971985816955566e-01,9.999964237213134766e-01,9.999877810478210449e-01,9.999719858169555664e-01,-9.999971985816955566e-01,-9.999973773956298828e-01,-9.999779462814331055e-01,-9.999949336051940918e-01,9.999975562095642090e-01,-9.999966025352478027e-01,9.999937415122985840e-01,9.999920725822448730e-01,-9.999798536300659180e-01,9.998962879180908203e-01,-9.999949336051940918e-01,9.999704360961914062e-01,9.999944567680358887e-01,-9.999851584434509277e-01,-9.999957084655761719e-01,9.999273419380187988e-01,9.999954104423522949e-01,-9.999970197677612305e-01,-9.997431635856628418e-01,-9.999966025352478027e-01,-9.999742507934570312e-01,9.999810457229614258e-01,9.999963641166687012e-01,-9.999689459800720215e-01,9.999967217445373535e-01,-9.999963641166687012e-01,9.999960660934448242e-01,-9.995701909065246582e-01,-9.999966621398925781e-01,9.999967813491821289e-01,-9.999948143959045410e-01,9.999126195907592773e-01,9.999974370002746582e-01,-9.999969601631164551e-01,9.999895691871643066e-01,-9.999955892562866211e-01,9.999965429306030273e-01,-9.999880194664001465e-01,-9.998014569282531738e-01,9.999960660934448242e-01,9.999285936355590820e-01,9.999682307243347168e-01,-9.999932050704956055e-01,-9.999889135360717773e-01,9.999965429306030273e-01,-9.999929666519165039e-01,9.999958276748657227e-01,-9.999953508377075195e-01,-9.999896287918090820e-01,9.999978542327880859e-01,-9.999961853027343750e-01,9.999966025352478027e-01,-9.999966621398925781e-01,9.999761581420898438e-01,-9.999931454658508301e-01,-9.999970793724060059e-01,9.999904632568359375e-01,9.999961853027343750e-01,-9.999955892562866211e-01,9.999828934669494629e-01,-9.999934434890747070e-01,-9.999773502349853516e-01,-9.999958276748657227e-01
-9.999762773513793945e-01,9.999755620956420898e-01,9.998806118965148926e-01,-9.999811649322509766e-01,-9.999851584434509277e-01,9.999804496765136719e-01,9.998605251312255859e-01,-9.999865293502807617e-01,9.999617934226989746e-01,-9.999518394470214844e-01,9.997171163558959961e-01,9.999842047691345215e-01,-9.999807476997375488e-01,-9.999551177024841309e-01,-9.983423352241516113e-01,-9.999715685844421387e-01,-9.999727010726928711e-01,9.999440908432006836e-01,-9.969837069511413574e-01,9.999875426292419434e-01,9.999840259552001953e-01,-9.998361468315124512e-01,-9.999510049819946289e-01,-9.999762773513793945e-01,9.998010993003845215e-01,-9.999874830245971680e-01,9.999759197235107422e-01,9.999855160713195801e-01,-9.998853802680969238e-01,9.998363256454467773e-01,9.999768733978271484e-01,9.999834299087524414e-01,-9.999687671661376953e-01,-9.999734759330749512e-01,9.999668598175048828e-01,9.999507069587707520e-01,-9.999856352806091309e-01,-9.999835491180419922e-01,-9.999127388000488281e-01,9.999837875366210938e-01,-9.999800920486450195e-01,9.999667406082153320e-01,-9.995928406715393066e-01,-9.999824762344360352e-01,-9.999555945396423340e-01,-9.999696016311645508e-01,-9.999415278434753418e-01,-9.999299049377441406e-01,-9.999836087226867676e-01,9.999814033508300781e-01,9.999822378158569336e-01,9.999607205390930176e-01,9.999802112579345703e-01,9.998043179512023926e-01,9.999627470970153809e-01,9.999573230743408203e-01,9.999731183052062988e-01,9.995356202125549316e-01,-9.999676942825317383e-01,-9.999548792839050293e-01,9.999200701713562012e-01,-9.999837279319763184e-01,-9.999797940254211426e-01,-9.999281764030456543e-01,-9.998354315757751465e-01,9.999834299087524414e-01,9.999853372573852539e-01,9.998703002929687500e-01,9.999703764915466309e-01,-9.999858736991882324e-01,9.999802112579345703e-01,-9.999635815620422363e-01,-9.999536275863647461e-01,9.998810887336730957e-01,-9.993919134140014648e-01,9.999702572822570801e-01,-9.998257160186767578e-01,-9.999675750732421875e-01,9.999129176139831543e-01,9.999747276306152344e-01,-9.995738863945007324e-01,-9.999730587005615234e-01,9.999829530715942383e-01,9.984945058822631836e-01,9.999805092811584473e-01,9.998488426208496094e-01,-9.998886585235595703e-01,-9.999783039093017578e-01,9.998176097869873047e-01,-9.999808669090270996e-01,9.999790787696838379e-01,-9.999778866767883301e-01,9.974824190139770508e-01,9.999807476997375488e-01,-9.999816417694091797e-01,9.999690055847167969e-01,-9.994875192642211914e-01,-9.999851584434509277e-01,9.999830126762390137e-01,-9.999388456344604492e-01,9.999742507934570312e-01,-9.999800324440002441e-01,9.999294877052307129e-01,9.988355040550231934e-01,-9.999767541885375977e-01,-9.995811581611633301e-01,-9.998141527175903320e-01,9.999607205390930176e-01,9.999343156814575195e-01,-9.999801516532897949e-01,9.999588131904602051e-01,-9.999753832817077637e-01,9.999725222587585449e-01,9.999390244483947754e-01,-9.999874830245971680e-01,9.999779462814331055e-01,-9.999805092811584473e-01,9.999805688858032227e-01,-9.998599886894226074e-01,9.999598264694213867e-01,9.999832510948181152e-01,-9.999439716339111328e-01,-9.999780654907226562e-01,9.999739527702331543e-01,-9.998995065689086914e-01,9.999616742134094238e-01,9.998670816421508789e-01,9.999755620956420898e-01
-9.999985694885253906e-01,9.999986886978149414e-01,9.999933242797851562e-01,-9.999989867210388184e-01,-9.999991059303283691e-01,9.999988079071044922e-01,9.999921917915344238e-01,-9.999992847442626953e-01,9.999979138374328613e-01,-9.999972581863403320e-01,9.999842047691345215e-01,9.999991655349731445e-01,-9.999989271163940430e-01,-9.999974966049194336e-01,-9.999070167541503906e-01,-9.999983906745910645e-01,-9.999984502792358398e-01,9.999968409538269043e-01,-9.998306035995483398e-01,9.999993443489074707e-01,9.999992251396179199e-01,-9.999907612800598145e-01,-9.999971985816955566e-01,-9.999987483024597168e-01,9.999887943267822266e-01,-9.999993443489074707e-01,9.999986290931701660e-01,9.999992251396179199e-01,-9.999935626983642578e-01,9.999908208847045898e-01,9.999986886978149414e-01,9.999989867210388184e-01,-9.999982118606567383e-01,-9.999985098838806152e-01,9.999982118606567383e-01,9.999971389770507812e-01,-9.999992251396179199e-01,-9.999991059303283691e-01,-9.999951124191284180e-01,9.999991059303283691e-01,-9.999989271163940430e-01,9.999980926513671875e-01,-9.999771714210510254e-01,-9.999990463256835938e-01,-9.999974966049194336e-01,-9.999982714653015137e-01,-9.999966621398925781e-01,-9.999960064888000488e-01,-9.999992251396179199e-01,9.999989271163940430e-01,9.999990463256835938e-01,9.999977350234985352e-01,9.999989271163940430e-01,9.999890327453613281e-01,9.999978542327880859e-01,9.999975562095642090e-01,9.999984502792358398e-01,9.999740123748779297e-01,-9.999980330467224121e-01,-9.999974370002746582e-01,9.999955892562866211e-01,-9.999990463256835938e-01,-9.999988675117492676e-01,-9.999960064888000488e-01,-9.999907612800598145e-01,9.999991059303283691e-01,9.999992251396179199e-01,9.999927282333374023e-01,9.999983310699462891e-01,-9.999991655349731445e-01,9.999988079071044922e-01,-9.999979138374328613e-01,-9.999973773956298828e-01,9.999933242797851562e-01,-9.999659061431884766e-01,9.999982118606567383e-01,-9.999903440475463867e-01,-9.999981522560119629e-01,9.999951124191284180e-01,9.999985694885253906e-01,-9.999761581420898438e-01,-9.999984502792358398e-01,9.999991059303283691e-01,9.999155402183532715e-01,9.999988675117492676e-01,9.999915361404418945e-01,-9.999938607215881348e-01,-9.999986886978149414e-01,9.999898076057434082e-01,-9.999989271163940430e-01,9.999988079071044922e-01,-9.999986886978149414e-01,9.998586773872375488e-01,9.999989271163940430e-01,-9.999989867210388184e-01,9.999982118606567383e-01,-9.999713301658630371e-01,-9.999992251396179199e-01,9.999991059303283691e-01,-9.999965429306030273e-01,9.999985098838806152e-01,-9.999988079071044922e-01,9.999960064888000488e-01,9.999346733093261719e-01,-9.999987483024597168e-01,-9.999765753746032715e-01,-9.999895095825195312e-01,9.999977350234985352e-01,9.999963641166687012e-01,-9.999988675117492676e-01,9.999976158142089844e-01,-9.999985694885253906e-01,9.999984502792358398e-01,9.999964237213134766e-01,-9.999993443489074707e-01,9.999987483024597168e-01,-9.999989271163940430e-01,9.999988079071044922e-01,-9.999921917915344238e-01,9.999977350234985352e-01,9.999991059303283691e-01,-9.999968409538269043e-01,-9.999986886978149414e-01,9.999985098838806152e-01,-9.999943971633911133e-01,9.999977946281433105e-01,9.999925494194030762e-01,9.999985098838806152e-01
