9.844139814376831055e-01,-1.329055130481719971e-01,-3.880963623523712158e-01,-5.031260251998901367e-01,-3.631473183631896973e-01,8.223775625228881836e-01,6.803743839263916016e-01,8.997289538383483887e-01,-7.558491230010986328e-01,8.216945528984069824e-01,-8.721879720687866211e-01,4.812201261520385742e-01,9.181945323944091797e-01,-8.218776583671569824e-01,-9.675651788711547852e-02,-7.800141572952270508e-01,4.950196743011474609e-01,7.624903321266174316e-01,-6.966259479522705078e-01,2.021522074937820435e-01,1.091235782951116562e-02,6.609131097793579102e-01,-8.733101934194564819e-02,-2.548423409461975098e-01,8.806554675102233887e-01,1.566439568996429443e-01,7.217973470687866211e-02,-5.337188839912414551e-01,-8.069728612899780273e-01,4.842610061168670654e-01,8.625059127807617188e-01,-8.667378425598144531e-01,8.251844048500061035e-01,-5.789191126823425293e-01,-6.251862645149230957e-01,-8.815389871597290039e-01,-2.585631906986236572e-01,6.245973110198974609e-01,8.953264355659484863e-01,-8.998444676399230957e-01,-8.165850043296813965e-01,4.269656538963317871e-01,5.016547441482543945e-01,7.368935346603393555e-01,-4.294679164886474609e-01,-3.459306657314300537e-01,7.665078639984130859e-01,8.567965030670166016e-01,-4.389706254005432129e-01,4.309465289115905762e-01,-5.958868861198425293e-01,8.513334393501281738e-01,8.581206798553466797e-01,5.060568079352378845e-02,4.116947054862976074e-01,-6.962234377861022949e-01,6.066918969154357910e-01,-4.390504658222198486e-01,8.603088855743408203e-01,-2.232642620801925659e-01,-7.703602313995361328e-01,2.270059436559677124e-01,6.761280298233032227e-01,-7.855593413114547729e-02,-7.084711194038391113e-01,-8.049437999725341797e-01,-4.434333145618438721e-01,7.163137197494506836e-01,-8.696973919868469238e-01,-8.839385509490966797e-01,-8.555927872657775879e-01,-6.763833165168762207e-01,-8.785393238067626953e-01,-8.833082914352416992e-01,-2.470124214887619019e-01,-1.466146707534790039e-01,2.493497729301452637e-01,-5.944123864173889160e-02,-8.196302652359008789e-01,-7.435762882232666016e-01,8.851711750030517578e-01,2.591202035546302795e-02,2.236178219318389893e-01,8.119992017745971680e-01,-7.699721455574035645e-01,9.269242286682128906e-01,-8.358589410781860352e-01,8.619594573974609375e-01,-8.824452757835388184e-01,-6.977431178092956543e-01,1.838869899511337280e-01,-9.040845632553100586e-01,-5.692623853683471680e-01,8.796734809875488281e-01,-7.644000053405761719e-01,6.822936534881591797e-01,-8.749390840530395508e-01,-2.605167031288146973e-01,4.725575447082519531e-01,8.572740554809570312e-01,-6.711233258247375488e-01,-7.547444105148315430e-01,-8.456655740737915039e-01,-1.201710104942321777e-01,8.835844993591308594e-01,-9.925507009029388428e-02,-8.629609942436218262e-01,-8.247737288475036621e-01,7.404410839080810547e-01,-8.227478265762329102e-01,9.236930012702941895e-01,-8.690468668937683105e-01,4.489273130893707275e-01,2.732329666614532471e-01,8.459604978561401367e-01,8.209052085876464844e-01,1.434099525213241577e-01,-8.783202171325683594e-01,6.124087572097778320e-01,7.808542847633361816e-01,5.650180578231811523e-01,-7.459658980369567871e-01,8.228204846382141113e-01,-8.642503619194030762e-01,-7.940188646316528320e-01,8.441976904869079590e-01,-7.896401882171630859e-01,7.256975769996643066e-01
-1.329055130481719971e-01,9.323161840438842773e-01,-7.547333240509033203e-01,-6.770718097686767578e-01,4.493064284324645996e-01,-7.737653702497482300e-02,1.887923926115036011e-01,-4.465969502925872803e-01,-2.636810541152954102e-01,1.298697888851165771e-01,1.019221171736717224e-01,-8.685653805732727051e-01,-2.733841240406036377e-01,1.068751364946365356e-01,8.831736445426940918e-01,-2.755439281463623047e-01,6.301586031913757324e-01,-5.734405517578125000e-01,-2.652784287929534912e-01,-6.997365951538085938e-01,7.808173894882202148e-01,-6.324203014373779297e-01,-8.536983132362365723e-01,-7.514162659645080566e-01,-9.287907159887254238e-04,-3.744590580463409424e-01,8.352509737014770508e-01,7.616684436798095703e-01,-2.747122943401336670e-01,-2.901334464550018311e-01,5.565952509641647339e-02,4.591256976127624512e-01,2.893407642841339111e-01,7.865736484527587891e-01,-4.813277423381805420e-01,-2.944483794271945953e-02,-7.404501438140869141e-01,5.207356810569763184e-01,-2.002964317798614502e-01,7.620460540056228638e-02,3.373806178569793701e-01,6.768435835838317871e-01,-7.190691828727722168e-01,2.953974902629852295e-01,8.522170782089233398e-01,-8.110039234161376953e-01,-6.418861150741577148e-01,1.404750943183898926e-01,-5.810118317604064941e-01,-8.599737286567687988e-01,7.176827639341354370e-02,2.371134310960769653e-01,-4.186964631080627441e-01,-8.265933394432067871e-01,-8.333780765533447266e-01,6.377769112586975098e-01,5.326427817344665527e-01,8.727852702140808105e-01,1.202588751912117004e-01,8.661624193191528320e-01,4.262136220932006836e-01,-9.029409885406494141e-01,3.481540083885192871e-01,9.168698787689208984e-01,6.212911009788513184e-01,-2.279869318008422852e-01,-6.823143959045410156e-01,-6.888983249664306641e-01,-1.280329674482345581e-01,-3.841850534081459045e-02,-1.137936264276504517e-01,-1.193826124072074890e-01,-9.969768673181533813e-02,2.097791135311126709e-01,-8.241826295852661133e-01,-2.169147431850433350e-01,-9.057416915893554688e-01,9.196936488151550293e-01,2.899483740329742432e-01,6.814653277397155762e-01,-1.884082406759262085e-01,8.684189319610595703e-01,-4.403698146343231201e-01,1.834509670734405518e-01,5.794789195060729980e-01,-1.369991898536682129e-01,4.973577558994293213e-01,5.266357958316802979e-02,3.859024047851562500e-01,-3.019177317619323730e-01,6.117206215858459473e-01,1.009069755673408508e-01,7.310482859611511230e-01,-3.731201291084289551e-01,-2.463535070419311523e-01,3.437687158584594727e-01,-1.294801831245422363e-01,-1.132238656282424927e-01,-7.771431207656860352e-01,-3.544814884662628174e-01,-4.033160805702209473e-01,6.342265605926513672e-01,5.219084024429321289e-01,8.936187028884887695e-01,-1.222406551241874695e-01,8.472133874893188477e-01,1.130984649062156677e-01,-1.817517429590225220e-01,-6.840483546257019043e-01,-2.097826302051544189e-01,-2.928267717361450195e-01,-2.409501932561397552e-02,5.536270737648010254e-01,7.142099142074584961e-01,-1.998830884695053101e-01,1.570139229297637939e-01,-9.391607046127319336e-01,3.761018812656402588e-01,-5.181252360343933105e-01,2.597422897815704346e-01,-5.679762735962867737e-02,3.022455871105194092e-01,-4.625054001808166504e-01,1.304678320884704590e-01,4.417288601398468018e-01,-4.489121437072753906e-01,-2.083435654640197754e-01,-6.698176860809326172e-01
-3.880963623523712158e-01,-7.547333240509033203e-01,9.704754352569580078e-01,8.992778062820434570e-01,-2.146150022745132446e-01,-3.931725919246673584e-01,-5.378615856170654297e-01,-7.184588909149169922e-02,6.625530123710632324e-01,-5.678868889808654785e-01,3.937736451625823975e-01,5.254216194152832031e-01,-2.549170851707458496e-01,3.693405389785766602e-01,-7.156080007553100586e-01,6.999434232711791992e-01,-8.472579717636108398e-01,8.959220349788665771e-02,6.503161191940307617e-01,4.861527383327484131e-01,-7.454234957695007324e-01,1.996208876371383667e-01,8.246716856956481934e-01,8.691335916519165039e-01,-4.988466203212738037e-01,1.822535991668701172e-01,-8.387120366096496582e-01,-4.105796515941619873e-01,6.574805974960327148e-01,-3.723271191120147705e-02,-5.269129276275634766e-01,7.590635120868682861e-02,-7.333486080169677734e-01,-4.057128429412841797e-01,7.931848764419555664e-01,5.229234099388122559e-01,8.005011081695556641e-01,-8.197931647300720215e-01,-3.238271772861480713e-01,4.207984209060668945e-01,1.416798830032348633e-01,-8.192973136901855469e-01,3.734918832778930664e-01,-6.762821078300476074e-01,-5.213949084281921387e-01,9.266813993453979492e-01,1.451640725135803223e-01,-6.082804203033447266e-01,8.061250448226928711e-01,5.620786547660827637e-01,2.871862053871154785e-01,-6.859687566757202148e-01,-9.684114903211593628e-02,7.558454871177673340e-01,5.101842880249023438e-01,-2.120910733938217163e-01,-8.203594088554382324e-01,-5.580136775970458984e-01,-6.141854524612426758e-01,-6.560984849929809570e-01,3.572411462664604187e-02,6.986002922058105469e-01,-6.892244815826416016e-01,-8.040062189102172852e-01,-1.603861451148986816e-01,6.576794981956481934e-01,9.007897377014160156e-01,2.321842461824417114e-01,6.045470237731933594e-01,5.569784045219421387e-01,5.816518664360046387e-01,4.207159578800201416e-01,5.910646915435791016e-01,3.012174665927886963e-01,8.972196578979492188e-01,1.533327400684356689e-01,6.922010779380798340e-01,-8.282541632652282715e-01,1.450082063674926758e-01,-1.994037479162216187e-01,-3.323978483676910400e-01,-8.238998055458068848e-01,2.884861826896667480e-01,-6.080683469772338867e-01,-9.387750923633575439e-02,-3.847236335277557373e-01,3.666654974222183228e-02,-5.241796374320983887e-01,1.479511708021163940e-01,6.408173441886901855e-01,-7.433397769927978516e-01,3.907854557037353516e-01,-3.703077137470245361e-01,-1.331639736890792847e-01,6.679465770721435547e-01,-6.774702668190002441e-01,6.065427064895629883e-01,2.476657778024673462e-01,4.501884579658508301e-01,-1.759021282196044922e-01,7.466809153556823730e-01,-1.627804189920425415e-01,-2.515545859932899475e-02,-7.566286325454711914e-01,-3.871703743934631348e-01,-7.315158843994140625e-01,3.697708845138549805e-01,6.228461265563964844e-01,1.972421109676361084e-01,6.428074836730957031e-01,-2.486414015293121338e-01,5.128590464591979980e-01,-7.396473288536071777e-01,-8.126685023307800293e-01,-2.707510292530059814e-01,-6.156370043754577637e-01,7.649483680725097656e-01,1.388658434152603149e-01,1.134498044848442078e-01,-6.674908995628356934e-01,-2.638887166976928711e-01,1.360946595668792725e-01,-1.936847530305385590e-02,3.312163054943084717e-01,6.805301457643508911e-02,-6.566763669252395630e-02,6.209411621093750000e-01,2.271880656480789185e-01
-5.031260251998901367e-01,-6.770718097686767578e-01,8.992778062820434570e-01,9.853571653366088867e-01,-9.537808597087860107e-02,-4.203511476516723633e-01,-5.906828641891479492e-01,-2.054240256547927856e-01,7.075439095497131348e-01,-6.375254988670349121e-01,4.516813158988952637e-01,4.402900636196136475e-01,-3.577032685279846191e-01,4.601351916790008545e-01,-6.386866569519042969e-01,7.514951229095458984e-01,-8.620595932006835938e-01,-1.009202934801578522e-02,7.015461921691894531e-01,4.720213115215301514e-01,-7.626509070396423340e-01,9.117175638675689697e-02,8.226546049118041992e-01,8.936835527420043945e-01,-5.825392007827758789e-01,1.044312268495559692e-01,-8.105950355529785156e-01,-3.443859219551086426e-01,7.749105095863342285e-01,-2.736981809139251709e-01,-6.256455183029174805e-01,1.887749433517456055e-01,-7.626265883445739746e-01,-3.322177231311798096e-01,8.564109206199645996e-01,6.552727818489074707e-01,7.585324048995971680e-01,-8.608191609382629395e-01,-4.313114285469055176e-01,5.098292827606201172e-01,2.206583321094512939e-01,-8.003460764884948730e-01,3.077670931816101074e-01,-7.340984344482421875e-01,-4.415434300899505615e-01,9.427879452705383301e-01,5.302173644304275513e-02,-7.169522047042846680e-01,8.633375167846679688e-01,4.935392737388610840e-01,4.588828682899475098e-01,-7.444981336593627930e-01,-2.062878906726837158e-01,7.460094690322875977e-01,4.451340138912200928e-01,-1.115468591451644897e-01,-8.980487585067749023e-01,-4.852320253849029541e-01,-7.161166667938232422e-01,-5.249052047729492188e-01,9.412243217229843140e-02,6.627080440521240234e-01,-7.526963353157043457e-01,-7.408433556556701660e-01,-8.135920763015747070e-02,7.223598361015319824e-01,9.488921761512756348e-01,1.468980759382247925e-01,7.060033679008483887e-01,6.507420539855957031e-01,6.483361721038818359e-01,4.308402538299560547e-01,7.011504173278808594e-01,3.807493746280670166e-01,8.564955592155456543e-01,8.778098970651626587e-02,6.263036727905273438e-01,-7.932196259498596191e-01,1.413616836071014404e-01,-1.084142327308654785e-01,-4.212112128734588623e-01,-8.160928487777709961e-01,2.793156504631042480e-01,-6.898704767227172852e-01,3.870787099003791809e-03,-4.735387265682220459e-01,1.441033333539962769e-01,-6.062064766883850098e-01,2.643215656280517578e-01,6.590677499771118164e-01,-7.352001667022705078e-01,4.625659883022308350e-01,-2.431074231863021851e-01,-2.384901344776153564e-01,7.328491210937500000e-01,-7.249909043312072754e-01,6.666983366012573242e-01,2.726722955703735352e-01,3.688525259494781494e-01,-2.552477717399597168e-01,8.275430798530578613e-01,-6.780268996953964233e-02,8.479589223861694336e-02,-7.429358363151550293e-01,-4.586763679981231689e-01,-5.913800001144409180e-01,4.428248107433319092e-01,6.940836906433105469e-01,7.441457360982894897e-02,7.274966239929199219e-01,-3.478495180606842041e-01,5.947381258010864258e-01,-7.228758931159973145e-01,-8.154930472373962402e-01,-3.514319062232971191e-01,-6.985384821891784668e-01,7.250245213508605957e-01,2.414766997098922729e-01,3.145213238894939423e-03,-7.498226761817932129e-01,-2.680161893367767334e-01,1.963369399309158325e-01,-1.424174010753631592e-01,3.811371624469757080e-01,1.860328018665313721e-01,-1.898735165596008301e-01,7.218817472457885742e-01,1.465318799018859863e-01
-3.631473183631896973e-01,4.493064284324645996e-01,-2.146150022745132446e-01,-9.537808597087860107e-02,9.234259128570556641e-01,-3.972193598747253418e-01,-2.495996206998825073e-01,-5.122846364974975586e-01,2.294940054416656494e-01,-2.453619688749313354e-01,3.414676487445831299e-01,-5.665149092674255371e-01,-4.579489827156066895e-01,3.934260308742523193e-01,3.803717494010925293e-01,1.377066224813461304e-01,9.102159738540649414e-02,-5.223475098609924316e-01,1.847863495349884033e-01,-1.779567748308181763e-01,1.657409518957138062e-01,-5.932770967483520508e-01,-5.116831064224243164e-01,-2.374718189239501953e-01,-3.199278414249420166e-01,-1.742877513170242310e-01,4.510120749473571777e-01,5.537165999412536621e-01,-3.186791762709617615e-02,-3.776420652866363525e-01,-3.219013810157775879e-01,4.968705475330352783e-01,-7.267314195632934570e-02,4.684090614318847656e-01,6.904335319995880127e-02,3.162297904491424561e-01,-2.482639551162719727e-01,-2.049933932721614838e-02,-4.309369921684265137e-01,3.883857727050781250e-01,5.513162612915039062e-01,2.419098466634750366e-01,-6.201428771018981934e-01,-1.409590840339660645e-01,5.569097995758056641e-01,-2.356360554695129395e-01,-5.853760242462158203e-01,-2.755765020847320557e-01,1.088058650493621826e-01,-5.039414167404174805e-01,2.112773507833480835e-01,-1.245344281196594238e-01,-5.454192161560058594e-01,-3.978869915008544922e-01,-3.895955383777618408e-01,6.256980895996093750e-01,-6.164576858282089233e-02,5.386968255043029785e-01,-3.258989751338958740e-01,5.121874213218688965e-01,5.153778195381164551e-01,-3.875401616096496582e-01,-5.163775384426116943e-02,4.254188537597656250e-01,6.113255023956298828e-01,1.857085078954696655e-01,-1.147172972559928894e-01,-5.849279761314392090e-01,2.607434093952178955e-01,3.445048034191131592e-01,2.791669070720672607e-01,3.768960237503051758e-01,2.694704532623291016e-01,4.156667888164520264e-01,-3.537057042121887207e-01,1.660008430480957031e-01,-5.296990275382995605e-01,4.326393306255340576e-01,2.442293167114257812e-01,5.149271488189697266e-01,-4.161432385444641113e-01,3.571009933948516846e-01,1.427344605326652527e-02,-2.215832322835922241e-01,5.425989627838134766e-01,-4.535929858684539795e-01,5.111061334609985352e-01,-3.366747200489044189e-01,5.559242963790893555e-01,1.154223531484603882e-01,2.666257917881011963e-01,3.327072560787200928e-01,5.662711858749389648e-01,-5.113922357559204102e-01,1.163549348711967468e-01,-9.709456562995910645e-02,2.749096453189849854e-01,4.002285748720169067e-02,-5.304191708564758301e-01,-3.872792422771453857e-01,1.369731426239013672e-01,5.856366753578186035e-01,5.301532149314880371e-01,4.484523534774780273e-01,-3.771297037601470947e-01,3.714893460273742676e-01,3.874871134757995605e-01,2.405577301979064941e-01,-6.055758595466613770e-01,2.255733460187911987e-01,-4.399978518486022949e-01,3.919988870620727539e-01,1.135239675641059875e-01,2.010881528258323669e-02,-4.402130544185638428e-01,-2.507679760456085205e-01,-4.735710322856903076e-01,4.099121093750000000e-01,-5.844843983650207520e-01,-1.890718936920166016e-01,-2.962588667869567871e-01,5.112583637237548828e-01,-5.919493436813354492e-01,2.238937914371490479e-01,5.491307377815246582e-01,-5.287331342697143555e-01,2.069366425275802612e-01,-5.804926753044128418e-01
8.223775625228881836e-01,-7.737653702497482300e-02,-3.931725919246673584e-01,-4.203511476516723633e-01,-3.972193598747253418e-01,9.889337420463562012e-01,8.610118031501770020e-01,7.648380398750305176e-01,-8.939567208290100098e-01,8.973966240882873535e-01,-9.621329307556152344e-01,4.707537889480590820e-01,9.239404797554016113e-01,-9.443314671516418457e-01,2.511069364845752716e-02,-8.395790457725524902e-01,6.283121705055236816e-01,8.122041225433349609e-01,-8.419960141181945801e-01,-9.726802259683609009e-02,1.833540499210357666e-01,7.570205926895141602e-01,-7.925770431756973267e-02,-1.351633071899414062e-01,9.221238493919372559e-01,3.615645468235015869e-01,-1.530640479177236557e-02,-6.192296743392944336e-01,-5.653774142265319824e-01,2.915720343589782715e-01,9.073960781097412109e-01,-8.434719443321228027e-01,8.285301327705383301e-01,-5.533306598663330078e-01,-7.079222202301025391e-01,-8.167539238929748535e-01,-4.507702291011810303e-01,7.134020924568176270e-01,9.266937971115112305e-01,-9.540548920631408691e-01,-9.058306813240051270e-01,5.350922346115112305e-01,6.516615748405456543e-01,8.392719030380249023e-01,-4.770404398441314697e-01,-3.268742561340332031e-01,7.442952394485473633e-01,8.644301891326904297e-01,-4.480759203433990479e-01,4.504937827587127686e-01,-5.482282042503356934e-01,8.630829453468322754e-01,8.942142128944396973e-01,1.793722808361053467e-01,3.147517442703247070e-01,-7.697035074234008789e-01,6.559856534004211426e-01,-4.378355145454406738e-01,8.709680438041687012e-01,-1.578153669834136963e-01,-8.954069018363952637e-01,1.450707316398620605e-01,7.411705255508422852e-01,9.588190354406833649e-03,-7.735141515731811523e-01,-8.668140769004821777e-01,-4.172793328762054443e-01,7.190067768096923828e-01,-8.851411342620849609e-01,-8.668271899223327637e-01,-9.339068531990051270e-01,-7.936624884605407715e-01,-8.592369556427001953e-01,-9.527891874313354492e-01,-2.929791212081909180e-01,-4.707728326320648193e-01,1.954276263713836670e-01,-2.922087907791137695e-02,-7.652558088302612305e-01,-7.257484197616577148e-01,9.449702501296997070e-01,3.237908706068992615e-02,6.447756662964820862e-03,8.700237870216369629e-01,-8.178649544715881348e-01,9.456099867820739746e-01,-8.157324194908142090e-01,9.290539026260375977e-01,-8.958379030227661133e-01,-8.662736415863037109e-01,8.243200369179248810e-03,-9.556776881217956543e-01,-3.918648362159729004e-01,9.019309878349304199e-01,-8.371531367301940918e-01,8.304108381271362305e-01,-9.099779129028320312e-01,-2.892943620681762695e-01,5.608205795288085938e-01,8.859774470329284668e-01,-7.531839609146118164e-01,-7.827582359313964844e-01,-8.184324502944946289e-01,-1.495526582002639771e-01,9.583094120025634766e-01,6.977674365043640137e-02,-9.581876397132873535e-01,-9.029151797294616699e-01,7.095006108283996582e-01,-8.663838505744934082e-01,9.136974215507507324e-01,-9.281038641929626465e-01,6.609647870063781738e-01,3.777656257152557373e-01,9.628069996833801270e-01,8.818446397781372070e-01,1.663914173841476440e-01,-8.841761946678161621e-01,7.358388900756835938e-01,8.334132432937622070e-01,8.457365632057189941e-01,-9.359896779060363770e-01,8.722053766250610352e-01,-8.888592720031738281e-01,-8.330451250076293945e-01,8.552945852279663086e-01,-8.637356758117675781e-01,7.329646348953247070e-01
6.803743839263916016e-01,1.887923926115036011e-01,-5.378615856170654297e-01,-5.906828641891479492e-01,-2.495996206998825073e-01,8.610118031501770020e-01,9.659943580627441406e-01,5.377067923545837402e-01,-9.408322572708129883e-01,8.983556032180786133e-01,-8.938066959381103516e-01,1.792957633733749390e-01,8.092290759086608887e-01,-9.218980669975280762e-01,2.763770818710327148e-01,-8.664615154266357422e-01,7.958233356475830078e-01,6.357810497283935547e-01,-9.420554637908935547e-01,-4.253946244716644287e-01,5.079010725021362305e-01,5.617774724960327148e-01,-3.557228744029998779e-01,-3.790546953678131104e-01,8.994475007057189941e-01,4.371452927589416504e-01,2.227324545383453369e-01,-3.990210294723510742e-01,-5.985339283943176270e-01,3.451740443706512451e-01,9.207097291946411133e-01,-6.785654425621032715e-01,8.632644414901733398e-01,-2.882734835147857666e-01,-8.397157788276672363e-01,-8.352512121200561523e-01,-6.576604843139648438e-01,8.311654925346374512e-01,8.526575565338134766e-01,-9.013214707374572754e-01,-7.886531949043273926e-01,6.788569092750549316e-01,4.556577503681182861e-01,8.937121033668518066e-01,-2.405163496732711792e-01,-5.625829696655273438e-01,4.934448897838592529e-01,9.054022431373596191e-01,-6.039708256721496582e-01,1.727531999349594116e-01,-7.013992667198181152e-01,8.745293617248535156e-01,7.501552104949951172e-01,-1.042068470269441605e-02,5.433239415287971497e-02,-5.650716423988342285e-01,8.363308310508728027e-01,-1.584888100624084473e-01,8.946258425712585449e-01,2.575600147247314453e-02,-7.136020660400390625e-01,-1.662645637989044189e-01,7.653517127037048340e-01,3.179084360599517822e-01,-5.785878896713256836e-01,-9.080069065093994141e-01,-5.996848940849304199e-01,4.653943181037902832e-01,-8.890052437782287598e-01,-8.145572543144226074e-01,-9.297791123390197754e-01,-6.784217953681945801e-01,-8.777817487716674805e-01,-8.596878051757812500e-01,-5.117645263671875000e-01,-5.328646302223205566e-01,-9.314000606536865234e-02,2.562490999698638916e-01,-5.689195394515991211e-01,-4.733880758285522461e-01,8.670886754989624023e-01,2.972642779350280762e-01,-2.565563656389713287e-02,9.004752039909362793e-01,-6.350427865982055664e-01,8.446927070617675781e-01,-6.476528048515319824e-01,9.153242707252502441e-01,-7.453510165214538574e-01,-9.041770100593566895e-01,1.929378509521484375e-01,-8.579037785530090332e-01,-1.827447712421417236e-01,7.600330710411071777e-01,-9.226837754249572754e-01,9.416248798370361328e-01,-8.963400125503540039e-01,-2.928043901920318604e-01,3.749413788318634033e-01,7.540431022644042969e-01,-8.842719197273254395e-01,-5.612894296646118164e-01,-6.154350638389587402e-01,1.355440020561218262e-01,8.936857581138610840e-01,2.175141572952270508e-01,-9.049414396286010742e-01,-9.225630164146423340e-01,4.937150180339813232e-01,-9.103739857673645020e-01,7.743810415267944336e-01,-8.994469642639160156e-01,8.195144534111022949e-01,6.110265851020812988e-01,8.625517487525939941e-01,9.233906865119934082e-01,-1.149157807230949402e-01,-7.401609420776367188e-01,6.710512638092041016e-01,8.732387423515319824e-01,8.844667077064514160e-01,-8.293228745460510254e-01,7.162510156631469727e-01,-7.829294204711914062e-01,-7.387784719467163086e-01,7.231852412223815918e-01,-9.274578094482421875e-01,4.784730970859527588e-01
8.997289538383483887e-01,-4.465969502925872803e-01,-7.184588909149169922e-02,-2.054240256547927856e-01,-5.122846364974975586e-01,7.648380398750305176e-01,5.377067923545837402e-01,9.846482872962951660e-01,-5.801835656166076660e-01,6.768455505371093750e-01,-8.080043196678161621e-01,7.325630784034729004e-01,9.065005183219909668e-01,-7.751035094261169434e-01,-3.790292441844940186e-01,-5.754009485244750977e-01,2.208969891071319580e-01,8.804126977920532227e-01,-5.228393077850341797e-01,4.235568940639495850e-01,-2.419485300779342651e-01,8.337951898574829102e-01,2.128883153200149536e-01,4.826215282082557678e-02,7.735474705696105957e-01,2.980228364467620850e-01,-2.460364848375320435e-01,-7.448524832725524902e-01,-6.166344881057739258e-01,5.367609262466430664e-01,7.379807233810424805e-01,-9.254976511001586914e-01,6.128123402595520020e-01,-7.959446907043457031e-01,-3.780745267868041992e-01,-7.588855028152465820e-01,1.829851791262626648e-02,3.693711161613464355e-01,8.614533543586730957e-01,-8.258637785911560059e-01,-8.253088593482971191e-01,1.489048749208450317e-01,6.948159933090209961e-01,5.479089617729187012e-01,-6.830857396125793457e-01,-9.353224188089370728e-03,8.928868174552917480e-01,7.094187736511230469e-01,-1.548292636871337891e-01,6.897146105766296387e-01,-5.553823709487915039e-01,6.680703163146972656e-01,9.071225523948669434e-01,3.306472599506378174e-01,6.460941433906555176e-01,-8.533774614334106445e-01,3.543723523616790771e-01,-7.020568847656250000e-01,7.261394858360290527e-01,-5.094847083091735840e-01,-8.566547632217407227e-01,5.102374553680419922e-01,4.640967845916748047e-01,-4.023692905902862549e-01,-8.397402167320251465e-01,-6.248812079429626465e-01,-1.570636481046676636e-01,8.743238449096679688e-01,-7.293029427528381348e-01,-7.744684815406799316e-01,-7.185859680175781250e-01,-5.807750225067138672e-01,-7.332404255867004395e-01,-8.486823439598083496e-01,7.240532338619232178e-02,-6.700354069471359253e-02,5.501152276992797852e-01,-3.847506344318389893e-01,-8.453426361083984375e-01,-8.936592340469360352e-01,8.517710566520690918e-01,-2.963238954544067383e-01,3.214614093303680420e-01,6.503952741622924805e-01,-8.864197134971618652e-01,8.665863275527954102e-01,-9.147738218307495117e-01,7.432045936584472656e-01,-9.147205352783203125e-01,-5.240489244461059570e-01,-1.050938293337821960e-01,-8.369292616844177246e-01,-7.426325678825378418e-01,9.130546450614929199e-01,-5.873741507530212402e-01,4.950261116027832031e-01,-7.303308248519897461e-01,-1.858875453472137451e-01,6.871983408927917480e-01,8.784112930297851562e-01,-4.520488083362579346e-01,-8.923548460006713867e-01,-9.399943351745605469e-01,-4.300978183746337891e-01,8.218700289726257324e-01,-3.914079666137695312e-01,-8.016011118888854980e-01,-6.650138497352600098e-01,8.973464369773864746e-01,-6.508954167366027832e-01,9.094399809837341309e-01,-7.531766295433044434e-01,2.171451449394226074e-01,-3.136256337165832520e-02,8.317341208457946777e-01,6.650348901748657227e-01,4.539493322372436523e-01,-9.074757695198059082e-01,7.271701693534851074e-01,5.936794281005859375e-01,5.208286046981811523e-01,-7.735338807106018066e-01,8.920285701751708984e-01,-7.940688729286193848e-01,-8.512231707572937012e-01,9.057997465133666992e-01,-6.280314326286315918e-01,8.874313831329345703e-01
-7.558491230010986328e-01,-2.636810541152954102e-01,6.625530123710632324e-01,7.075439095497131348e-01,2.294940054416656494e-01,-8.939567208290100098e-01,-9.408322572708129883e-01,-5.801835656166076660e-01,9.840253591537475586e-01,-9.377933740615844727e-01,9.040548205375671387e-01,-1.223237663507461548e-01,-8.140434026718139648e-01,9.081637859344482422e-01,-3.357002735137939453e-01,9.402298927307128906e-01,-8.633019924163818359e-01,-5.930916666984558105e-01,9.574671387672424316e-01,3.858997821807861328e-01,-5.350952148437500000e-01,-5.091198086738586426e-01,4.390802979469299316e-01,4.822376966476440430e-01,-9.275218844413757324e-01,-3.047074377536773682e-01,-3.397024273872375488e-01,3.095970749855041504e-01,6.998801231384277344e-01,-3.146176636219024658e-01,-9.420819878578186035e-01,6.706544160842895508e-01,-9.298771619796752930e-01,2.322492599487304688e-01,9.090645313262939453e-01,8.697173595428466797e-01,7.079275250434875488e-01,-9.069125056266784668e-01,-8.588218688964843750e-01,9.179645180702209473e-01,7.617602944374084473e-01,-7.593154907226562500e-01,-3.633879423141479492e-01,-9.479205608367919922e-01,1.513175368309020996e-01,6.551774144172668457e-01,-4.802816808223724365e-01,-9.387807846069335938e-01,6.988176107406616211e-01,-9.851950407028198242e-02,6.326132416725158691e-01,-9.438177347183227539e-01,-7.300448417663574219e-01,1.588130742311477661e-01,1.826478866860270500e-03,5.081187486648559570e-01,-8.937965631484985352e-01,8.592378348112106323e-02,-9.398483037948608398e-01,-1.238069832324981689e-01,6.887941956520080566e-01,2.270074784755706787e-01,-8.633143901824951172e-01,-3.767007291316986084e-01,5.234471559524536133e-01,9.567750692367553711e-01,7.111793756484985352e-01,-4.322898387908935547e-01,9.437260031700134277e-01,8.805699944496154785e-01,9.683932662010192871e-01,7.393715381622314453e-01,9.229322075843811035e-01,8.615329265594482422e-01,6.044668555259704590e-01,4.669631421566009521e-01,1.641848087310791016e-01,-3.451899588108062744e-01,5.878944396972656250e-01,4.486558437347412109e-01,-8.704428672790527344e-01,-3.940553665161132812e-01,1.133662313222885132e-01,-9.438701868057250977e-01,5.924952030181884766e-01,-8.769244551658630371e-01,6.328948140144348145e-01,-9.461312294006347656e-01,7.482985258102416992e-01,9.381774663925170898e-01,-3.006721735000610352e-01,8.880007863044738770e-01,1.422400176525115967e-01,-7.506101727485656738e-01,9.531083106994628906e-01,-9.605998992919921875e-01,9.456067085266113281e-01,3.284373879432678223e-01,-2.715077698230743408e-01,-7.505012750625610352e-01,9.341716170310974121e-01,5.257126688957214355e-01,6.030923724174499512e-01,-2.302526831626892090e-01,-9.030260443687438965e-01,-3.269966542720794678e-01,9.031449556350708008e-01,9.669732451438903809e-01,-4.578615427017211914e-01,9.549137353897094727e-01,-7.927511930465698242e-01,9.333012104034423828e-01,-8.487837314605712891e-01,-6.719042658805847168e-01,-8.620100021362304688e-01,-9.598215818405151367e-01,2.030577510595321655e-01,7.354847192764282227e-01,-5.728952884674072266e-01,-9.356942176818847656e-01,-8.159372806549072266e-01,7.930241823196411133e-01,-6.898921132087707520e-01,8.072856068611145020e-01,6.965743303298950195e-01,-6.982198953628540039e-01,9.622936844825744629e-01,-4.443341791629791260e-01
8.216945528984069824e-01,1.298697888851165771e-01,-5.678868889808654785e-01,-6.375254988670349121e-01,-2.453619688749313354e-01,8.973966240882873535e-01,8.983556032180786133e-01,6.768455505371093750e-01,-9.377933740615844727e-01,9.143971204757690430e-01,-9.426647424697875977e-01,2.601168453693389893e-01,8.961071968078613281e-01,-9.429073929786682129e-01,1.724911183118820190e-01,-9.075103402137756348e-01,7.567436099052429199e-01,7.013453245162963867e-01,-9.256647825241088867e-01,-2.160782665014266968e-01,3.780748248100280762e-01,5.896591544151306152e-01,-3.304661512374877930e-01,-3.971827626228332520e-01,9.558380246162414551e-01,3.578931093215942383e-01,2.422876209020614624e-01,-4.234505593776702881e-01,-7.311580181121826172e-01,4.124011993408203125e-01,9.638574719429016113e-01,-7.822221517562866211e-01,9.331897497177124023e-01,-3.782046139240264893e-01,-8.146985173225402832e-01,-9.110612273216247559e-01,-5.696334838867187500e-01,8.200248479843139648e-01,9.215146899223327637e-01,-9.541959166526794434e-01,-8.183616399765014648e-01,6.468213796615600586e-01,4.532044827938079834e-01,8.816841840744018555e-01,-2.884165942668914795e-01,-5.549884438514709473e-01,6.080448031425476074e-01,9.560617208480834961e-01,-5.940410494804382324e-01,2.338303178548812866e-01,-6.950437426567077637e-01,9.466723203659057617e-01,8.167449235916137695e-01,-5.635614320635795593e-02,1.578355133533477783e-01,-6.010683774948120117e-01,8.180270195007324219e-01,-2.270830273628234863e-01,9.491730332374572754e-01,-1.905179396271705627e-02,-7.537741065025329590e-01,-6.597207486629486084e-02,7.343945503234863281e-01,2.364739626646041870e-01,-6.335980892181396484e-01,-9.356738924980163574e-01,-6.212376356124877930e-01,5.603405833244323730e-01,-9.587981700897216797e-01,-8.972740769386291504e-01,-9.702277779579162598e-01,-6.764214634895324707e-01,-9.528091549873352051e-01,-9.207664728164672852e-01,-4.900567531585693359e-01,-3.695413172245025635e-01,-2.197223342955112457e-02,2.134083807468414307e-01,-6.742779016494750977e-01,-5.766194462776184082e-01,9.319050908088684082e-01,2.565920054912567139e-01,4.410041123628616333e-02,9.133484959602355957e-01,-7.002171874046325684e-01,9.245183467864990234e-01,-7.413677573204040527e-01,9.505605697631835938e-01,-8.304764628410339355e-01,-8.871082663536071777e-01,2.714165151119232178e-01,-9.298125505447387695e-01,-3.081948459148406982e-01,8.329690694808959961e-01,-9.444842338562011719e-01,9.178595542907714844e-01,-9.592536091804504395e-01,-2.784972190856933594e-01,3.910594880580902100e-01,8.372086882591247559e-01,-8.659215569496154785e-01,-6.386958956718444824e-01,-7.126659154891967773e-01,1.038135960698127747e-01,9.508801102638244629e-01,1.532162874937057495e-01,-9.431329965591430664e-01,-9.518074393272399902e-01,5.887382626533508301e-01,-9.424284696578979492e-01,8.773902058601379395e-01,-9.407687783241271973e-01,7.411395311355590820e-01,5.284730792045593262e-01,8.994797468185424805e-01,9.548404812812805176e-01,-7.868808507919311523e-02,-8.290793299674987793e-01,6.605411171913146973e-01,8.801264762878417969e-01,7.972328066825866699e-01,-8.250257372856140137e-01,7.745775580406188965e-01,-8.708276748657226562e-01,-7.880267500877380371e-01,7.956368923187255859e-01,-9.418474435806274414e-01,5.627293586730957031e-01
-8.721879720687866211e-01,1.019221171736717224e-01,3.937736451625823975e-01,4.516813158988952637e-01,3.414676487445831299e-01,-9.621329307556152344e-01,-8.938066959381103516e-01,-8.080043196678161621e-01,9.040548205375671387e-01,-9.426647424697875977e-01,9.960833787918090820e-01,-4.932696223258972168e-01,-9.680097699165344238e-01,9.778375029563903809e-01,2.071183919906616211e-02,8.771952390670776367e-01,-6.365293860435485840e-01,-8.581853508949279785e-01,8.778222203254699707e-01,5.510736256837844849e-02,-1.765605956315994263e-01,-7.791925668716430664e-01,1.219746395945549011e-01,1.776691973209381104e-01,-9.721209406852722168e-01,-4.646876156330108643e-01,-2.209076657891273499e-02,6.427478194236755371e-01,6.694202423095703125e-01,-4.226263165473937988e-01,-9.561283588409423828e-01,8.972260355949401855e-01,-8.791252970695495605e-01,6.013127565383911133e-01,7.367478609085083008e-01,8.988474607467651367e-01,4.377018809318542480e-01,-7.336819767951965332e-01,-9.748755693435668945e-01,9.875413179397583008e-01,9.211292862892150879e-01,-5.374134778976440430e-01,-6.542702317237854004e-01,-8.778974413871765137e-01,5.098748803138732910e-01,3.488996326923370361e-01,-7.703159451484680176e-01,-9.211550354957580566e-01,4.460275471210479736e-01,-4.745601415634155273e-01,6.935240626335144043e-01,-9.092835783958435059e-01,-9.280890226364135742e-01,-1.789363622665405273e-01,-3.759061098098754883e-01,7.828738093376159668e-01,-6.943266987800598145e-01,4.633452594280242920e-01,-9.142886996269226074e-01,2.169077247381210327e-01,9.008586406707763672e-01,-1.688016802072525024e-01,-7.904205322265625000e-01,-5.250173620879650116e-03,7.960925102233886719e-01,9.136056900024414062e-01,4.485842287540435791e-01,-7.436902523040771484e-01,9.331140518188476562e-01,8.986587524414062500e-01,9.630520939826965332e-01,7.139998674392700195e-01,9.222701191902160645e-01,9.868839383125305176e-01,3.117220997810363770e-01,3.969561755657196045e-01,-2.109326273202896118e-01,3.096885792911052704e-02,8.132001757621765137e-01,7.649731636047363281e-01,-9.862045049667358398e-01,-3.064623102545738220e-02,-1.500940322875976562e-01,-9.225770235061645508e-01,8.560665249824523926e-01,-9.731436371803283691e-01,8.700426816940307617e-01,-9.663168191909790039e-01,9.294787645339965820e-01,8.753712177276611328e-01,-7.034246623516082764e-02,9.845912456512451172e-01,4.657822549343109131e-01,-9.409364461898803711e-01,8.982239365577697754e-01,-8.631088137626647949e-01,9.463210105895996094e-01,3.085823655128479004e-01,-6.027818322181701660e-01,-9.454677104949951172e-01,7.913892865180969238e-01,8.094178438186645508e-01,8.624105453491210938e-01,1.427594274282455444e-01,-9.939230084419250488e-01,2.497671172022819519e-02,9.913825988769531250e-01,9.365006089210510254e-01,-7.556610107421875000e-01,9.152741432189941406e-01,-9.572957158088684082e-01,9.543974399566650391e-01,-6.659498214721679688e-01,-3.585389256477355957e-01,-9.772924780845642090e-01,-9.263075590133666992e-01,-1.721824258565902710e-01,9.416710138320922852e-01,-7.856436967849731445e-01,-8.796324729919433594e-01,-8.649886846542358398e-01,9.340650439262390137e-01,-8.965564966201782227e-01,9.412425160408020020e-01,8.891623616218566895e-01,-9.086289405822753906e-01,9.101967215538024902e-01,-7.537899613380432129e-01
4.812201261520385742e-01,-8.685653805732727051e-01,5.254216194152832031e-01,4.402900636196136475e-01,-5.665149092674255371e-01,4.707537889480590820e-01,1.792957633733749390e-01,7.325630784034729004e-01,-1.223237663507461548e-01,2.601168453693389893e-01,-4.932696223258972168e-01,9.907480478286743164e-01,6.374848484992980957e-01,-4.798732399940490723e-01,-8.021916747093200684e-01,-9.747941792011260986e-02,-3.246348202228546143e-01,8.547187447547912598e-01,-1.007336229085922241e-01,6.214950680732727051e-01,-6.689716577529907227e-01,8.747074604034423828e-01,7.462361454963684082e-01,6.511470675468444824e-01,3.835505247116088867e-01,4.801461994647979736e-01,-7.743145227432250977e-01,-9.501034617424011230e-01,-1.818114519119262695e-02,3.898901045322418213e-01,3.305937945842742920e-01,-7.692340016365051270e-01,9.380543977022171021e-02,-9.643036723136901855e-01,1.668770760297775269e-01,-3.184105753898620605e-01,4.991084933280944824e-01,-1.833853125572204590e-01,5.637361407279968262e-01,-4.644222557544708252e-01,-6.774551272392272949e-01,-3.965424895286560059e-01,9.120163917541503906e-01,7.192055881023406982e-02,-9.716321825981140137e-01,6.009564995765686035e-01,8.945404291152954102e-01,2.350303381681442261e-01,3.724890947341918945e-01,9.794519543647766113e-01,-2.971522808074951172e-01,1.564931273460388184e-01,7.445756196975708008e-01,8.276051282882690430e-01,9.062763452529907227e-01,-8.916464447975158691e-01,-2.214513123035430908e-01,-9.830731153488159180e-01,2.362590134143829346e-01,-8.649928569793701172e-01,-7.575226426124572754e-01,9.030382037162780762e-01,-3.736372664570808411e-02,-8.414543271064758301e-01,-8.800801038742065430e-01,-1.570700407028198242e-01,4.650160372257232666e-01,9.335646629333496094e-01,-2.559339106082916260e-01,-3.070653378963470459e-01,-2.819361984729766846e-01,-2.151860743761062622e-01,-2.693504691123962402e-01,-5.853185057640075684e-01,6.306609511375427246e-01,-3.271275758743286133e-02,9.222472310066223145e-01,-8.558813333511352539e-01,-6.224058270454406738e-01,-9.184064865112304688e-01,5.614592432975769043e-01,-8.104201555252075195e-01,4.527774751186370850e-01,1.988044828176498413e-01,-8.593170642852783203e-01,5.230884552001953125e-01,-7.821502089500427246e-01,3.405102491378784180e-01,-7.167640328407287598e-01,-9.750230610370635986e-02,-5.560151338577270508e-01,-4.990086853504180908e-01,-8.693541884422302246e-01,7.202941775321960449e-01,-1.209025979042053223e-01,3.610874712467193604e-02,-2.737832367420196533e-01,-7.091864012181758881e-03,9.407218098640441895e-01,6.882979869842529297e-01,6.937427073717117310e-02,-8.996236324310302734e-01,-8.277577757835388184e-01,-8.889640569686889648e-01,5.068979263305664062e-01,-7.726836204528808594e-01,-5.047546625137329102e-01,-2.110496759414672852e-01,9.100836515426635742e-01,-1.761915832757949829e-01,6.475157141685485840e-01,-3.597245514392852783e-01,-2.404481321573257446e-01,-5.309987664222717285e-01,5.813165903091430664e-01,2.129628956317901611e-01,9.113304615020751953e-01,-7.152356505393981934e-01,7.693156599998474121e-01,1.054537072777748108e-01,3.946984410285949707e-01,-6.491824388504028320e-01,7.802380919456481934e-01,-5.240150094032287598e-01,-7.300344705581665039e-01,7.592560648918151855e-01,-1.648235470056533813e-01,9.233424663543701172e-01
