9.999982714653015137e-01,-9.999986886978149414e-01,-9.999930858612060547e-01,9.999980926513671875e-01,9.999988079071044922e-01,-9.999987483024597168e-01,9.999958872795104980e-01,9.999989867210388184e-01,-9.999971985816955566e-01,9.999980926513671875e-01,-9.999985694885253906e-01,-9.999989867210388184e-01,9.999980926513671875e-01,9.999983906745910645e-01,9.999908804893493652e-01,9.999966621398925781e-01,9.999974370002746582e-01,-9.999985098838806152e-01,9.999934434890747070e-01,-9.999990463256835938e-01,-9.999989867210388184e-01,9.999924898147583008e-01,9.999985694885253906e-01,9.999982714653015137e-01,9.999889731407165527e-01,9.999990463256835938e-01,-9.999983310699462891e-01,-9.999988675117492676e-01,9.999884366989135742e-01,-9.999958276748657227e-01,-9.999927282333374023e-01,-9.999983906745910645e-01,9.999895095825195312e-01,9.999963641166687012e-01,-9.999977350234985352e-01,9.998017549514770508e-01,9.999990463256835938e-01,9.999985098838806152e-01,9.999918937683105469e-01,-9.999988079071044922e-01,9.999986886978149414e-01,-9.999932646751403809e-01,9.999793171882629395e-01,9.999988675117492676e-01,9.999983906745910645e-01,9.999982118606567383e-01,-9.999930858612060547e-01,9.999984502792358398e-01,9.999988079071044922e-01,-9.999985098838806152e-01,-9.999986290931701660e-01,-9.999981522560119629e-01,-9.999987483024597168e-01,-9.999928474426269531e-01,-9.999981522560119629e-01,-9.999980926513671875e-01,-9.999955296516418457e-01,9.999662637710571289e-01,9.999971389770507812e-01,9.999984502792358398e-01,-9.999983906745910645e-01,9.999989271163940430e-01,9.999983310699462891e-01,9.999953508377075195e-01,-9.999954104423522949e-01,-9.999987483024597168e-01,-9.999991059303283691e-01,-9.999960064888000488e-01,-9.999989271163940430e-01,9.999986290931701660e-01,-9.999986886978149414e-01,9.999979138374328613e-01,9.999917745590209961e-01,-9.999935626983642578e-01,-9.999747276306152344e-01,-9.999982118606567383e-01,9.999928474426269531e-01,9.999987483024597168e-01,-9.999943971633911133e-01,-9.999963045120239258e-01,9.999626874923706055e-01,9.999976158142089844e-01,-9.999986886978149414e-01,9.999977946281433105e-01,-9.999982714653015137e-01,-9.999891519546508789e-01,9.999812245368957520e-01,9.999988675117492676e-01,9.999832510948181152e-01,9.999484419822692871e-01,-9.999967813491821289e-01,9.999982714653015137e-01,-9.999817013740539551e-01,-9.999976754188537598e-01,9.999982118606567383e-01,-9.999978542327880859e-01,-9.999917745590209961e-01,9.999990463256835938e-01,-9.999988079071044922e-01,9.999956488609313965e-01,-9.999967813491821289e-01,9.999988079071044922e-01,-9.999407529830932617e-01,-8.124461770057678223e-01,9.999985694885253906e-01,9.999973177909851074e-01,-9.999771118164062500e-01,-9.999983310699462891e-01,-9.999939203262329102e-01,9.999984502792358398e-01,-9.999984502792358398e-01,9.999983310699462891e-01,-9.999983310699462891e-01,-9.999693036079406738e-01,9.999991059303283691e-01,-9.999978542327880859e-01,9.999988675117492676e-01,-9.999983906745910645e-01,-9.999948740005493164e-01,-9.999979138374328613e-01,-9.999988079071044922e-01,9.999963641166687012e-01,9.999983906745910645e-01,-9.999976158142089844e-01,-9.999881386756896973e-01,-9.999954700469970703e-01,9.999907016754150391e-01,-9.999958276748657227e-01
-9.999986886978149414e-01,9.999988675117492676e-01,9.999943971633911133e-01,-9.999984502792358398e-01,-9.999990463256835938e-01,9.999989271163940430e-01,-9.999966025352478027e-01,-9.999991655349731445e-01,9.999977350234985352e-01,-9.999983310699462891e-01,9.999988675117492676e-01,9.999991655349731445e-01,-9.999984502792358398e-01,-9.999987483024597168e-01,-9.999924898147583008e-01,-9.999972581863403320e-01,-9.999979138374328613e-01,9.999986886978149414e-01,-9.999945759773254395e-01,9.999992847442626953e-01,9.999991059303283691e-01,-9.999938011169433594e-01,-9.999987483024597168e-01,-9.999986290931701660e-01,-9.999908804893493652e-01,-9.999992251396179199e-01,9.999986290931701660e-01,9.999990463256835938e-01,-9.999905228614807129e-01,9.999966025352478027e-01,9.999939203262329102e-01,9.999986886978149414e-01,-9.999914169311523438e-01,-9.999970197677612305e-01,9.999981522560119629e-01,-9.998375177383422852e-01,-9.999992251396179199e-01,-9.999988079071044922e-01,-9.999934434890747070e-01,9.999990463256835938e-01,-9.999988675117492676e-01,9.999945163726806641e-01,-9.999830722808837891e-01,-9.999991655349731445e-01,-9.999986886978149414e-01,-9.999985098838806152e-01,9.999943375587463379e-01,-9.999987483024597168e-01,-9.999990463256835938e-01,9.999988079071044922e-01,9.999989271163940430e-01,9.999985098838806152e-01,9.999991655349731445e-01,9.999940395355224609e-01,9.999983906745910645e-01,9.999984502792358398e-01,9.999961853027343750e-01,-9.999724030494689941e-01,-9.999976754188537598e-01,-9.999986886978149414e-01,9.999986290931701660e-01,-9.999991059303283691e-01,-9.999986886978149414e-01,-9.999961853027343750e-01,9.999961256980895996e-01,9.999989867210388184e-01,9.999991655349731445e-01,9.999966025352478027e-01,9.999991655349731445e-01,-9.999988675117492676e-01,9.999990463256835938e-01,-9.999982714653015137e-01,-9.999932050704956055e-01,9.999946355819702148e-01,9.999791979789733887e-01,9.999986290931701660e-01,-9.999941587448120117e-01,-9.999989867210388184e-01,9.999953508377075195e-01,9.999968409538269043e-01,-9.999694824218750000e-01,-9.999980330467224121e-01,9.999991059303283691e-01,-9.999981522560119629e-01,9.999985098838806152e-01,9.999911189079284668e-01,-9.999845623970031738e-01,-9.999991059303283691e-01,-9.999862909317016602e-01,-9.999578595161437988e-01,9.999972581863403320e-01,-9.999986886978149414e-01,9.999851584434509277e-01,9.999981522560119629e-01,-9.999985694885253906e-01,9.999982118606567383e-01,9.999932646751403809e-01,-9.999992251396179199e-01,9.999991059303283691e-01,-9.999963045120239258e-01,9.999973177909851074e-01,-9.999991059303283691e-01,9.999514818191528320e-01,8.126317858695983887e-01,-9.999988079071044922e-01,-9.999977946281433105e-01,9.999812245368957520e-01,9.999986290931701660e-01,9.999949932098388672e-01,-9.999986886978149414e-01,9.999986290931701660e-01,-9.999986290931701660e-01,9.999986290931701660e-01,9.999748468399047852e-01,-9.999991655349731445e-01,9.999982714653015137e-01,-9.999992251396179199e-01,9.999985694885253906e-01,9.999958276748657227e-01,9.999983310699462891e-01,9.999990463256835938e-01,-9.999970197677612305e-01,-9.999985694885253906e-01,9.999980330467224121e-01,9.999902844429016113e-01,9.999961853027343750e-01,-9.999923706054687500e-01,9.999965429306030273e-01
-9.999930858612060547e-01,9.999943971633911133e-01,9.999710917472839355e-01,-9.999919533729553223e-01,-9.999954104423522949e-01,9.999948740005493164e-01,-9.999827742576599121e-01,-9.999958872795104980e-01,9.999883770942687988e-01,-9.999918937683105469e-01,9.999946355819702148e-01,9.999954104423522949e-01,-9.999920725822448730e-01,-9.999937415122985840e-01,-9.999613761901855469e-01,-9.999861121177673340e-01,-9.999892115592956543e-01,9.999937415122985840e-01,-9.999721646308898926e-01,9.999960660934448242e-01,9.999957084655761719e-01,-9.999682307243347168e-01,-9.999939799308776855e-01,-9.999928474426269531e-01,-9.999530911445617676e-01,-9.999958276748657227e-01,9.999930858612060547e-01,9.999954104423522949e-01,-9.999512434005737305e-01,9.999826550483703613e-01,9.999691247940063477e-01,9.999934434890747070e-01,-9.999556541442871094e-01,-9.999852180480957031e-01,9.999904036521911621e-01,-9.991592168807983398e-01,-9.999958872795104980e-01,-9.999941587448120117e-01,-9.999660849571228027e-01,9.999953508377075195e-01,-9.999943971633911133e-01,9.999715089797973633e-01,-9.999120831489562988e-01,-9.999954104423522949e-01,-9.999931454658508301e-01,-9.999929070472717285e-01,9.999706745147705078e-01,-9.999935030937194824e-01,-9.999949932098388672e-01,9.999939799308776855e-01,9.999948143959045410e-01,9.999927282333374023e-01,9.999952316284179688e-01,9.999697208404541016e-01,9.999923110008239746e-01,9.999924302101135254e-01,9.999807476997375488e-01,-9.998568296432495117e-01,-9.999883770942687988e-01,-9.999934434890747070e-01,9.999934434890747070e-01,-9.999956488609313965e-01,-9.999933242797851562e-01,-9.999805688858032227e-01,9.999807476997375488e-01,9.999950528144836426e-01,9.999960064888000488e-01,9.999831318855285645e-01,9.999956488609313965e-01,-9.999943375587463379e-01,9.999947547912597656e-01,-9.999912977218627930e-01,-9.999653697013854980e-01,9.999724626541137695e-01,9.998925924301147461e-01,9.999931454658508301e-01,-9.999697208404541016e-01,-9.999947547912597656e-01,9.999766349792480469e-01,9.999844431877136230e-01,-9.998416900634765625e-01,-9.999903440475463867e-01,9.999951720237731934e-01,-9.999909996986389160e-01,9.999928474426269531e-01,9.999541044235229492e-01,-9.999200105667114258e-01,-9.999955296516418457e-01,-9.999291896820068359e-01,-9.997817277908325195e-01,9.999865293502807617e-01,-9.999932050704956055e-01,9.999228119850158691e-01,9.999906420707702637e-01,-9.999926090240478516e-01,9.999912381172180176e-01,9.999648928642272949e-01,-9.999958276748657227e-01,9.999950528144836426e-01,-9.999816417694091797e-01,9.999866485595703125e-01,-9.999951720237731934e-01,9.997487068176269531e-01,8.091214895248413086e-01,-9.999942779541015625e-01,-9.999887943267822266e-01,9.999029636383056641e-01,9.999929070472717285e-01,9.999745488166809082e-01,-9.999938011169433594e-01,9.999934434890747070e-01,-9.999929666519165039e-01,9.999929666519165039e-01,9.998696446418762207e-01,-9.999958276748657227e-01,9.999910593032836914e-01,-9.999955892562866211e-01,9.999931454658508301e-01,9.999785423278808594e-01,9.999914169311523438e-01,9.999949336051940918e-01,-9.999848604202270508e-01,-9.999931454658508301e-01,9.999901056289672852e-01,9.999500513076782227e-01,9.999808669090270996e-01,-9.999604821205139160e-01,9.999822974205017090e-01
9.999980926513671875e-01,-9.999984502792358398e-01,-9.999919533729553223e-01,9.999977946281433105e-01,9.999986290931701660e-01,-9.999985098838806152e-01,9.999952316284179688e-01,9.999988675117492676e-01,-9.999967217445373535e-01,9.999976754188537598e-01,-9.999985098838806152e-01,-9.999988079071044922e-01,9.999978542327880859e-01,9.999982118606567383e-01,9.999892115592956543e-01,9.999961853027343750e-01,9.999969601631164551e-01,-9.999982118606567383e-01,9.999922513961791992e-01,-9.999989271163940430e-01,-9.999988079071044922e-01,9.999911189079284668e-01,9.999982714653015137e-01,9.999979734420776367e-01,9.999869465827941895e-01,9.999988675117492676e-01,-9.999980330467224121e-01,-9.999988079071044922e-01,9.999864697456359863e-01,-9.999951720237731934e-01,-9.999914765357971191e-01,-9.999982118606567383e-01,9.999876618385314941e-01,9.999959468841552734e-01,-9.999973177909851074e-01,9.997655749320983887e-01,9.999988675117492676e-01,9.999983310699462891e-01,9.999905824661254883e-01,-9.999986290931701660e-01,9.999983906745910645e-01,-9.999919533729553223e-01,9.999756217002868652e-01,9.999986886978149414e-01,9.999980926513671875e-01,9.999979734420776367e-01,-9.999918937683105469e-01,9.999982118606567383e-01,9.999986886978149414e-01,-9.999982714653015137e-01,-9.999984502792358398e-01,-9.999979734420776367e-01,-9.999986290931701660e-01,-9.999915361404418945e-01,-9.999979138374328613e-01,-9.999978542327880859e-01,-9.999946355819702148e-01,9.999601244926452637e-01,9.999967217445373535e-01,9.999981522560119629e-01,-9.999980926513671875e-01,9.999987483024597168e-01,9.999980926513671875e-01,9.999945163726806641e-01,-9.999946355819702148e-01,-9.999985694885253906e-01,-9.999989271163940430e-01,-9.999953508377075195e-01,-9.999987483024597168e-01,9.999984502792358398e-01,-9.999984502792358398e-01,9.999976158142089844e-01,9.999903440475463867e-01,-9.999922513961791992e-01,-9.999701380729675293e-01,-9.999980330467224121e-01,9.999916553497314453e-01,9.999986290931701660e-01,-9.999935030937194824e-01,-9.999956488609313965e-01,9.999559521675109863e-01,9.999973177909851074e-01,-9.999986290931701660e-01,9.999974370002746582e-01,-9.999979734420776367e-01,-9.999872446060180664e-01,9.999777674674987793e-01,9.999987483024597168e-01,9.999803304672241211e-01,9.999391436576843262e-01,-9.999963045120239258e-01,9.999980926513671875e-01,-9.999785423278808594e-01,-9.999973773956298828e-01,9.999979138374328613e-01,-9.999974370002746582e-01,-9.999902248382568359e-01,9.999988079071044922e-01,-9.999986290931701660e-01,9.999948143959045410e-01,-9.999962449073791504e-01,9.999986886978149414e-01,-9.999300241470336914e-01,-8.122584223747253418e-01,9.999983310699462891e-01,9.999968409538269043e-01,-9.999731183052062988e-01,-9.999980330467224121e-01,-9.999929070472717285e-01,9.999982118606567383e-01,-9.999981522560119629e-01,9.999981522560119629e-01,-9.999980330467224121e-01,-9.999637603759765625e-01,9.999988675117492676e-01,-9.999974966049194336e-01,9.999987483024597168e-01,-9.999980926513671875e-01,-9.999940395355224609e-01,-9.999976158142089844e-01,-9.999986290931701660e-01,9.999958276748657227e-01,9.999981522560119629e-01,-9.999972581863403320e-01,-9.999861121177673340e-01,-9.999946951866149902e-01,9.999890923500061035e-01,-9.999951124191284180e-01
9.999988079071044922e-01,-9.999990463256835938e-01,-9.999954104423522949e-01,9.999986290931701660e-01,9.999992251396179199e-01,-9.999991655349731445e-01,9.999971985816955566e-01,9.999993443489074707e-01,-9.999981522560119629e-01,9.999986290931701660e-01,-9.999990463256835938e-01,-9.999993443489074707e-01,9.999986886978149414e-01,9.999989271163940430e-01,9.999939203262329102e-01,9.999977946281433105e-01,9.999982714653015137e-01,-9.999989271163940430e-01,9.999955892562866211e-01,-9.999993443489074707e-01,-9.999992847442626953e-01,9.999949932098388672e-01,9.999989867210388184e-01,9.999988675117492676e-01,9.999926686286926270e-01,9.999993443489074707e-01,-9.999988675117492676e-01,-9.999992251396179199e-01,9.999924302101135254e-01,-9.999972581863403320e-01,-9.999951124191284180e-01,-9.999989271163940430e-01,9.999930858612060547e-01,9.999976158142089844e-01,-9.999985098838806152e-01,9.998687505722045898e-01,9.999994039535522461e-01,9.999991059303283691e-01,9.999946355819702148e-01,-9.999992251396179199e-01,9.999991655349731445e-01,-9.999954700469970703e-01,9.999862909317016602e-01,9.999992847442626953e-01,9.999988675117492676e-01,9.999988079071044922e-01,-9.999953508377075195e-01,9.999989271163940430e-01,9.999992251396179199e-01,-9.999991059303283691e-01,-9.999990463256835938e-01,-9.999988079071044922e-01,-9.999992251396179199e-01,-9.999952912330627441e-01,-9.999988079071044922e-01,-9.999988079071044922e-01,-9.999969601631164551e-01,9.999777078628540039e-01,9.999981522560119629e-01,9.999989271163940430e-01,-9.999989271163940430e-01,9.999992847442626953e-01,9.999988675117492676e-01,9.999968409538269043e-01,-9.999969601631164551e-01,-9.999991655349731445e-01,-9.999994039535522461e-01,-9.999973177909851074e-01,-9.999992847442626953e-01,9.999991655349731445e-01,-9.999991655349731445e-01,9.999986290931701660e-01,9.999946355819702148e-01,-9.999956488609313965e-01,-9.999831914901733398e-01,-9.999989271163940430e-01,9.999952912330627441e-01,9.999992251396179199e-01,-9.999961853027343750e-01,-9.999974370002746582e-01,9.999753236770629883e-01,9.999983906745910645e-01,-9.999991655349731445e-01,9.999985098838806152e-01,-9.999988675117492676e-01,-9.999928474426269531e-01,9.999875426292419434e-01,9.999992847442626953e-01,9.999887943267822266e-01,9.999659061431884766e-01,-9.999977946281433105e-01,9.999988675117492676e-01,-9.999878406524658203e-01,-9.999984502792358398e-01,9.999987483024597168e-01,-9.999985098838806152e-01,-9.999944567680358887e-01,9.999994039535522461e-01,-9.999991655349731445e-01,9.999970197677612305e-01,-9.999977946281433105e-01,9.999992847442626953e-01,-9.999607801437377930e-01,-8.127940893173217773e-01,9.999990463256835938e-01,9.999982118606567383e-01,-9.999848008155822754e-01,-9.999988079071044922e-01,-9.999958276748657227e-01,9.999989271163940430e-01,-9.999989271163940430e-01,9.999988675117492676e-01,-9.999988675117492676e-01,-9.999796748161315918e-01,9.999993443489074707e-01,-9.999985098838806152e-01,9.999992847442626953e-01,-9.999988675117492676e-01,-9.999965429306030273e-01,-9.999986290931701660e-01,-9.999992251396179199e-01,9.999975562095642090e-01,9.999988675117492676e-01,-9.999984502792358398e-01,-9.999921321868896484e-01,-9.999969005584716797e-01,9.999937415122985840e-01,-9.999971389770507812e-01
-9.999987483024597168e-01,9.999989271163940430e-01,9.999948740005493164e-01,-9.999985098838806152e-01,-9.999991655349731445e-01,9.999991655349731445e-01,-9.999968409538269043e-01,-9.999992251396179199e-01,9.999979138374328613e-01,-9.999985098838806152e-01,9.999989867210388184e-01,9.999992251396179199e-01,-9.999985694885253906e-01,-9.999988675117492676e-01,-9.999932050704956055e-01,-9.999975562095642090e-01,-9.999979734420776367e-01,9.999988079071044922e-01,-9.999950528144836426e-01,9.999992847442626953e-01,9.999991655349731445e-01,-9.999943375587463379e-01,-9.999988675117492676e-01,-9.999987483024597168e-01,-9.999917745590209961e-01,-9.999992251396179199e-01,9.999986886978149414e-01,9.999991655349731445e-01,-9.999914765357971191e-01,9.999969005584716797e-01,9.999945163726806641e-01,9.999988079071044922e-01,-9.999922513961791992e-01,-9.999973177909851074e-01,9.999983310699462891e-01,-9.998528957366943359e-01,-9.999992847442626953e-01,-9.999989271163940430e-01,-9.999939799308776855e-01,9.999991059303283691e-01,-9.999990463256835938e-01,9.999949336051940918e-01,-9.999845623970031738e-01,-9.999992251396179199e-01,-9.999988079071044922e-01,-9.999986886978149414e-01,9.999948143959045410e-01,-9.999988079071044922e-01,-9.999992847442626953e-01,9.999989271163940430e-01,9.999990463256835938e-01,9.999986290931701660e-01,9.999991059303283691e-01,9.999946355819702148e-01,9.999986290931701660e-01,9.999985694885253906e-01,9.999965429306030273e-01,-9.999750256538391113e-01,-9.999979138374328613e-01,-9.999987483024597168e-01,9.999987483024597168e-01,-9.999992847442626953e-01,-9.999987483024597168e-01,-9.999964833259582520e-01,9.999964833259582520e-01,9.999991059303283691e-01,9.999993443489074707e-01,9.999969005584716797e-01,9.999992847442626953e-01,-9.999989867210388184e-01,9.999990463256835938e-01,-9.999985694885253906e-01,-9.999939799308776855e-01,9.999951124191284180e-01,9.999812245368957520e-01,9.999987483024597168e-01,-9.999946951866149902e-01,-9.999990463256835938e-01,9.999957680702209473e-01,9.999972581863403320e-01,-9.999723434448242188e-01,-9.999982118606567383e-01,9.999991059303283691e-01,-9.999983310699462891e-01,9.999987483024597168e-01,9.999919533729553223e-01,-9.999860525131225586e-01,-9.999991655349731445e-01,-9.999875426292419434e-01,-9.999617934226989746e-01,9.999976158142089844e-01,-9.999988079071044922e-01,9.999864697456359863e-01,9.999982714653015137e-01,-9.999986290931701660e-01,9.999983310699462891e-01,9.999938011169433594e-01,-9.999992847442626953e-01,9.999990463256835938e-01,-9.999966621398925781e-01,9.999975562095642090e-01,-9.999991655349731445e-01,9.999560713768005371e-01,8.127115964889526367e-01,-9.999989271163940430e-01,-9.999980330467224121e-01,9.999830126762390137e-01,9.999986886978149414e-01,9.999954700469970703e-01,-9.999988079071044922e-01,9.999988675117492676e-01,-9.999987483024597168e-01,9.999986886978149414e-01,9.999772310256958008e-01,-9.999992251396179199e-01,9.999983310699462891e-01,-9.999991655349731445e-01,9.999987483024597168e-01,9.999961256980895996e-01,9.999984502792358398e-01,9.999991655349731445e-01,-9.999973177909851074e-01,-9.999988079071044922e-01,9.999982118606567383e-01,9.999911785125732422e-01,9.999965429306030273e-01,-9.999930858612060547e-01,9.999967813491821289e-01
9.999958872795104980e-01,-9.999966025352478027e-01,-9.999827742576599121e-01,9.999952316284179688e-01,9.999971985816955566e-01,-9.999968409538269043e-01,9.999896883964538574e-01,9.999974966049194336e-01,-9.999929666519165039e-01,9.999951124191284180e-01,-9.999967217445373535e-01,-9.999972581863403320e-01,9.999952912330627441e-01,9.999961256980895996e-01,9.999770522117614746e-01,9.999917149543762207e-01,9.999935626983642578e-01,-9.999961256980895996e-01,9.999834299087524414e-01,-9.999976754188537598e-01,-9.999973177909851074e-01,9.999810457229614258e-01,9.999962449073791504e-01,9.999958276748657227e-01,9.999721050262451172e-01,9.999973773956298828e-01,-9.999958276748657227e-01,-9.999972581863403320e-01,9.999710321426391602e-01,-9.999896883964538574e-01,-9.999815225601196289e-01,-9.999959468841552734e-01,9.999735951423645020e-01,9.999911189079284668e-01,-9.999943375587463379e-01,9.994993805885314941e-01,9.999974966049194336e-01,9.999964833259582520e-01,9.999797940254211426e-01,-9.999970793724060059e-01,9.999966025352478027e-01,-9.999829530715942383e-01,9.999476671218872070e-01,9.999971985816955566e-01,9.999960064888000488e-01,9.999957680702209473e-01,-9.999825358390808105e-01,9.999961256980895996e-01,9.999969601631164551e-01,-9.999963045120239258e-01,-9.999968409538269043e-01,-9.999955892562866211e-01,-9.999970793724060059e-01,-9.999819397926330566e-01,-9.999954104423522949e-01,-9.999954700469970703e-01,-9.999884963035583496e-01,9.999147653579711914e-01,9.999930262565612793e-01,9.999960660934448242e-01,-9.999959468841552734e-01,9.999973177909851074e-01,9.999959468841552734e-01,9.999883770942687988e-01,-9.999885559082031250e-01,-9.999969601631164551e-01,-9.999975562095642090e-01,-9.999899268150329590e-01,-9.999972581863403320e-01,9.999965429306030273e-01,-9.999967813491821289e-01,9.999948740005493164e-01,9.999794363975524902e-01,-9.999836087226867676e-01,-9.999360442161560059e-01,-9.999958872795104980e-01,9.999819993972778320e-01,9.999968409538269043e-01,-9.999859929084777832e-01,-9.999907016754150391e-01,9.999057054519653320e-01,9.999942779541015625e-01,-9.999970197677612305e-01,9.999945759773254395e-01,-9.999957680702209473e-01,-9.999727606773376465e-01,9.999523162841796875e-01,9.999972581863403320e-01,9.999577403068542480e-01,9.998701214790344238e-01,-9.999919533729553223e-01,9.999959468841552734e-01,-9.999540448188781738e-01,-9.999944567680358887e-01,9.999955296516418457e-01,-9.999946951866149902e-01,-9.999791383743286133e-01,9.999974966049194336e-01,-9.999969005584716797e-01,9.999890327453613281e-01,-9.999919533729553223e-01,9.999970197677612305e-01,-9.998504519462585449e-01,-8.108788728713989258e-01,9.999964833259582520e-01,9.999933242797851562e-01,-9.999422430992126465e-01,-9.999958276748657227e-01,-9.999847412109375000e-01,9.999961256980895996e-01,-9.999960660934448242e-01,9.999958276748657227e-01,-9.999958276748657227e-01,-9.999224543571472168e-01,9.999975562095642090e-01,-9.999946951866149902e-01,9.999972581863403320e-01,-9.999958872795104980e-01,-9.999871850013732910e-01,-9.999948740005493164e-01,-9.999968409538269043e-01,9.999909996986389160e-01,9.999959468841552734e-01,-9.999940991401672363e-01,-9.999701976776123047e-01,-9.999885559082031250e-01,9.999765157699584961e-01,-9.999894499778747559e-01
9.999989867210388184e-01,-9.999991655349731445e-01,-9.999958872795104980e-01,9.999988675117492676e-01,9.999993443489074707e-01,-9.999992251396179199e-01,9.999974966049194336e-01,9.999994039535522461e-01,-9.999982118606567383e-01,9.999988079071044922e-01,-9.999992251396179199e-01,-9.999994039535522461e-01,9.999988675117492676e-01,9.999991655349731445e-01,9.999945163726806641e-01,9.999980330467224121e-01,9.999984502792358398e-01,-9.999991655349731445e-01,9.999960064888000488e-01,-9.999994635581970215e-01,-9.999993443489074707e-01,9.999954700469970703e-01,9.999991059303283691e-01,9.999989867210388184e-01,9.999933242797851562e-01,9.999993443489074707e-01,-9.999989271163940430e-01,-9.999994039535522461e-01,9.999931454658508301e-01,-9.999975562095642090e-01,-9.999955892562866211e-01,-9.999991059303283691e-01,9.999936819076538086e-01,9.999978542327880859e-01,-9.999986290931701660e-01,9.998816847801208496e-01,9.999993443489074707e-01,9.999992251396179199e-01,9.999951720237731934e-01,-9.999992847442626953e-01,9.999991655349731445e-01,-9.999959468841552734e-01,9.999876022338867188e-01,9.999993443489074707e-01,9.999991059303283691e-01,9.999989867210388184e-01,-9.999958872795104980e-01,9.999991655349731445e-01,9.999994039535522461e-01,-9.999991655349731445e-01,-9.999991655349731445e-01,-9.999989271163940430e-01,-9.999992847442626953e-01,-9.999957084655761719e-01,-9.999989271163940430e-01,-9.999988675117492676e-01,-9.999973177909851074e-01,9.999799132347106934e-01,9.999982714653015137e-01,9.999989867210388184e-01,-9.999991059303283691e-01,9.999993443489074707e-01,9.999989867210388184e-01,9.999971389770507812e-01,-9.999971985816955566e-01,-9.999992847442626953e-01,-9.999994039535522461e-01,-9.999975562095642090e-01,-9.999994039535522461e-01,9.999992251396179199e-01,-9.999992251396179199e-01,9.999987483024597168e-01,9.999951720237731934e-01,-9.999959468841552734e-01,-9.999849200248718262e-01,-9.999990463256835938e-01,9.999957680702209473e-01,9.999992847442626953e-01,-9.999965429306030273e-01,-9.999977350234985352e-01,9.999777674674987793e-01,9.999985694885253906e-01,-9.999992847442626953e-01,9.999986886978149414e-01,-9.999989271163940430e-01,-9.999935626983642578e-01,9.999887943267822266e-01,9.999993443489074707e-01,9.999899268150329590e-01,9.999693632125854492e-01,-9.999980926513671875e-01,9.999989867210388184e-01,-9.999890923500061035e-01,-9.999986886978149414e-01,9.999989271163940430e-01,-9.999986886978149414e-01,-9.999949932098388672e-01,9.999993443489074707e-01,-9.999993443489074707e-01,9.999973177909851074e-01,-9.999979734420776367e-01,9.999993443489074707e-01,-9.999646544456481934e-01,-8.128617405891418457e-01,9.999991655349731445e-01,9.999983310699462891e-01,-9.999864101409912109e-01,-9.999990463256835938e-01,-9.999963641166687012e-01,9.999991655349731445e-01,-9.999991059303283691e-01,9.999990463256835938e-01,-9.999990463256835938e-01,-9.999817013740539551e-01,9.999994635581970215e-01,-9.999987483024597168e-01,9.999993443489074707e-01,-9.999989867210388184e-01,-9.999968409538269043e-01,-9.999987483024597168e-01,-9.999993443489074707e-01,9.999978542327880859e-01,9.999991059303283691e-01,-9.999985694885253906e-01,-9.999929070472717285e-01,-9.999971985816955566e-01,9.999944567680358887e-01,-9.999974966049194336e-01
-9.999971985816955566e-01,9.999977350234985352e-01,9.999883770942687988e-01,-9.999967217445373535e-01,-9.999981522560119629e-01,9.999979138374328613e-01,-9.999929666519165039e-01,-9.999982118606567383e-01,9.999953508377075195e-01,-9.999967217445373535e-01,9.999978542327880859e-01,9.999981522560119629e-01,-9.999967813491821289e-01,-9.999974370002746582e-01,-9.999845027923583984e-01,-9.999944567680358887e-01,-9.999956488609313965e-01,9.999974370002746582e-01,-9.999887943267822266e-01,9.999984502792358398e-01,9.999982118606567383e-01,-9.999871850013732910e-01,-9.999975562095642090e-01,-9.999970793724060059e-01,-9.999811649322509766e-01,-9.999982714653015137e-01,9.999971389770507812e-01,9.999981522560119629e-01,-9.999805092811584473e-01,9.999930262565612793e-01,9.999875426292419434e-01,9.999973773956298828e-01,-9.999821186065673828e-01,-9.999940395355224609e-01,9.999961256980895996e-01,-9.996611475944519043e-01,-9.999983310699462891e-01,-9.999976158142089844e-01,-9.999864697456359863e-01,9.999979734420776367e-01,-9.999977350234985352e-01,9.999884963035583496e-01,-9.999646544456481934e-01,-9.999982118606567383e-01,-9.999972581863403320e-01,-9.999970793724060059e-01,9.999881982803344727e-01,-9.999973773956298828e-01,-9.999980330467224121e-01,9.999975562095642090e-01,9.999978542327880859e-01,9.999970197677612305e-01,9.999979734420776367e-01,9.999877810478210449e-01,9.999968409538269043e-01,9.999969601631164551e-01,9.999923110008239746e-01,-9.999423027038574219e-01,-9.999953508377075195e-01,-9.999973177909851074e-01,9.999973773956298828e-01,-9.999982118606567383e-01,-9.999973773956298828e-01,-9.999920725822448730e-01,9.999922513961791992e-01,9.999980330467224121e-01,9.999984502792358398e-01,9.999932646751403809e-01,9.999982118606567383e-01,-9.999977350234985352e-01,9.999979138374328613e-01,-9.999964237213134766e-01,-9.999860525131225586e-01,9.999888539314270020e-01,9.999567270278930664e-01,9.999972581863403320e-01,-9.999879002571105957e-01,-9.999979138374328613e-01,9.999905228614807129e-01,9.999936223030090332e-01,-9.999362230300903320e-01,-9.999959468841552734e-01,9.999980330467224121e-01,-9.999963045120239258e-01,9.999970793724060059e-01,9.999815821647644043e-01,-9.999678134918212891e-01,-9.999982118606567383e-01,-9.999714493751525879e-01,-9.999120235443115234e-01,9.999945759773254395e-01,-9.999973177909851074e-01,9.999690055847167969e-01,9.999961853027343750e-01,-9.999969601631164551e-01,9.999964237213134766e-01,9.999858736991882324e-01,-9.999983906745910645e-01,9.999979734420776367e-01,-9.999926090240478516e-01,9.999946355819702148e-01,-9.999980926513671875e-01,9.998987913131713867e-01,8.117165565490722656e-01,-9.999976158142089844e-01,-9.999955296516418457e-01,9.999608993530273438e-01,9.999971389770507812e-01,9.999897480010986328e-01,-9.999974370002746582e-01,9.999973177909851074e-01,-9.999971985816955566e-01,9.999971985816955566e-01,9.999475479125976562e-01,-9.999983310699462891e-01,9.999963641166687012e-01,-9.999982118606567383e-01,9.999972581863403320e-01,9.999914169311523438e-01,9.999964833259582520e-01,9.999979138374328613e-01,-9.999939203262329102e-01,-9.999972581863403320e-01,9.999960660934448242e-01,9.999798536300659180e-01,9.999923110008239746e-01,-9.999842047691345215e-01,9.999929666519165039e-01
9.999980926513671875e-01,-9.999983310699462891e-01,-9.999918937683105469e-01,9.999976754188537598e-01,9.999986290931701660e-01,-9.999985098838806152e-01,9.999951124191284180e-01,9.999988079071044922e-01,-9.999967217445373535e-01,9.999976754188537598e-01,-9.999983906745910645e-01,-9.999986886978149414e-01,9.999977350234985352e-01,9.999980926513671875e-01,9.999892115592956543e-01,9.999960660934448242e-01,9.999968409538269043e-01,-9.999982118606567383e-01,9.999921321868896484e-01,-9.999988675117492676e-01,-9.999986886978149414e-01,9.999910593032836914e-01,9.999982118606567383e-01,9.999979734420776367e-01,9.999868273735046387e-01,9.999988079071044922e-01,-9.999980330467224121e-01,-9.999986886978149414e-01,9.999864101409912109e-01,-9.999951720237731934e-01,-9.999912977218627930e-01,-9.999980926513671875e-01,9.999876022338867188e-01,9.999958276748657227e-01,-9.999971985816955566e-01,9.997652173042297363e-01,9.999987483024597168e-01,9.999983310699462891e-01,9.999904632568359375e-01,-9.999985694885253906e-01,9.999983310699462891e-01,-9.999919533729553223e-01,9.999755024909973145e-01,9.999987483024597168e-01,9.999980330467224121e-01,9.999978542327880859e-01,-9.999917745590209961e-01,9.999982118606567383e-01,9.999985694885253906e-01,-9.999982714653015137e-01,-9.999983906745910645e-01,-9.999978542327880859e-01,-9.999986290931701660e-01,-9.999914765357971191e-01,-9.999977350234985352e-01,-9.999977946281433105e-01,-9.999946355819702148e-01,9.999600052833557129e-01,9.999967217445373535e-01,9.999980330467224121e-01,-9.999979734420776367e-01,9.999986886978149414e-01,9.999979734420776367e-01,9.999945163726806641e-01,-9.999945759773254395e-01,-9.999985694885253906e-01,-9.999988675117492676e-01,-9.999951720237731934e-01,-9.999987483024597168e-01,9.999982714653015137e-01,-9.999984502792358398e-01,9.999975562095642090e-01,9.999903440475463867e-01,-9.999922513961791992e-01,-9.999700784683227539e-01,-9.999980330467224121e-01,9.999915361404418945e-01,9.999984502792358398e-01,-9.999935030937194824e-01,-9.999955892562866211e-01,9.999557733535766602e-01,9.999971985816955566e-01,-9.999985694885253906e-01,9.999974370002746582e-01,-9.999978542327880859e-01,-9.999872446060180664e-01,9.999776482582092285e-01,9.999986886978149414e-01,9.999802112579345703e-01,9.999389648437500000e-01,-9.999961853027343750e-01,9.999979734420776367e-01,-9.999784231185913086e-01,-9.999972581863403320e-01,9.999978542327880859e-01,-9.999973773956298828e-01,-9.999901652336120605e-01,9.999987483024597168e-01,-9.999985098838806152e-01,9.999947547912597656e-01,-9.999961256980895996e-01,9.999986290931701660e-01,-9.999298453330993652e-01,-8.122564554214477539e-01,9.999982714653015137e-01,9.999968409538269043e-01,-9.999728798866271973e-01,-9.999980330467224121e-01,-9.999927878379821777e-01,9.999982118606567383e-01,-9.999981522560119629e-01,9.999980330467224121e-01,-9.999980330467224121e-01,-9.999635815620422363e-01,9.999988675117492676e-01,-9.999973773956298828e-01,9.999986886978149414e-01,-9.999980926513671875e-01,-9.999938607215881348e-01,-9.999975562095642090e-01,-9.999985694885253906e-01,9.999957680702209473e-01,9.999980926513671875e-01,-9.999970793724060059e-01,-9.999861121177673340e-01,-9.999946355819702148e-01,9.999889731407165527e-01,-9.999949932098388672e-01
-9.999985694885253906e-01,9.999988675117492676e-01,9.999946355819702148e-01,-9.999985098838806152e-01,-9.999990463256835938e-01,9.999989867210388184e-01,-9.999967217445373535e-01,-9.999992251396179199e-01,9.999978542327880859e-01,-9.999983906745910645e-01,9.999989867210388184e-01,9.999992251396179199e-01,-9.999984502792358398e-01,-9.999987483024597168e-01,-9.999928474426269531e-01,-9.999974370002746582e-01,-9.999979138374328613e-01,9.999987483024597168e-01,-9.999948740005493164e-01,9.999992251396179199e-01,9.999991655349731445e-01,-9.999940991401672363e-01,-9.999988079071044922e-01,-9.999986290931701660e-01,-9.999913573265075684e-01,-9.999992847442626953e-01,9.999985694885253906e-01,9.999992251396179199e-01,-9.999910593032836914e-01,9.999967217445373535e-01,9.999942779541015625e-01,9.999986886978149414e-01,-9.999918341636657715e-01,-9.999971985816955566e-01,9.999981522560119629e-01,-9.998462796211242676e-01,-9.999991655349731445e-01,-9.999988675117492676e-01,-9.999938011169433594e-01,9.999991059303283691e-01,-9.999989271163940430e-01,9.999946951866149902e-01,-9.999839067459106445e-01,-9.999991655349731445e-01,-9.999986290931701660e-01,-9.999986290931701660e-01,9.999945759773254395e-01,-9.999987483024597168e-01,-9.999991059303283691e-01,9.999988675117492676e-01,9.999989867210388184e-01,9.999986290931701660e-01,9.999991059303283691e-01,9.999943971633911133e-01,9.999985694885253906e-01,9.999985098838806152e-01,9.999964237213134766e-01,-9.999738931655883789e-01,-9.999977350234985352e-01,-9.999986886978149414e-01,9.999986886978149414e-01,-9.999991655349731445e-01,-9.999986886978149414e-01,-9.999961853027343750e-01,9.999963045120239258e-01,9.999990463256835938e-01,9.999992251396179199e-01,9.999968409538269043e-01,9.999991059303283691e-01,-9.999989271163940430e-01,9.999989867210388184e-01,-9.999983906745910645e-01,-9.999936223030090332e-01,9.999948143959045410e-01,9.999804496765136719e-01,9.999986290931701660e-01,-9.999944567680358887e-01,-9.999991059303283691e-01,9.999955892562866211e-01,9.999970197677612305e-01,-9.999711513519287109e-01,-9.999980330467224121e-01,9.999989271163940430e-01,-9.999983310699462891e-01,9.999985694885253906e-01,9.999915957450866699e-01,-9.999853372573852539e-01,-9.999991059303283691e-01,-9.999870061874389648e-01,-9.999600648880004883e-01,9.999974966049194336e-01,-9.999987483024597168e-01,9.999857544898986816e-01,9.999982714653015137e-01,-9.999985694885253906e-01,9.999982714653015137e-01,9.999935030937194824e-01,-9.999991655349731445e-01,9.999990463256835938e-01,-9.999964833259582520e-01,9.999974370002746582e-01,-9.999990463256835938e-01,9.999539852142333984e-01,8.126776218414306641e-01,-9.999988079071044922e-01,-9.999978542327880859e-01,9.999822378158569336e-01,9.999986290931701660e-01,9.999952912330627441e-01,-9.999988079071044922e-01,9.999988079071044922e-01,-9.999986290931701660e-01,9.999986886978149414e-01,9.999762177467346191e-01,-9.999992251396179199e-01,9.999983310699462891e-01,-9.999991655349731445e-01,9.999986886978149414e-01,9.999959468841552734e-01,9.999983906745910645e-01,9.999989867210388184e-01,-9.999970793724060059e-01,-9.999986886978149414e-01,9.999981522560119629e-01,9.999907612800598145e-01,9.999963641166687012e-01,-9.999927878379821777e-01,9.999967217445373535e-01
-9.999989867210388184e-01,9.999991655349731445e-01,9.999954104423522949e-01,-9.999988079071044922e-01,-9.999993443489074707e-01,9.999992251396179199e-01,-9.999972581863403320e-01,-9.999994039535522461e-01,9.999981522560119629e-01,-9.999986886978149414e-01,9.999992251396179199e-01,9.999994039535522461e-01,-9.999988079071044922e-01,-9.999990463256835938e-01,-9.999938607215881348e-01,-9.999979138374328613e-01,-9.999983906745910645e-01,9.999990463256835938e-01,-9.999955892562866211e-01,9.999994635581970215e-01,9.999993443489074707e-01,-9.999950528144836426e-01,-9.999991059303283691e-01,-9.999989867210388184e-01,-9.999927282333374023e-01,-9.999994635581970215e-01,9.999989271163940430e-01,9.999992847442626953e-01,-9.999924302101135254e-01,9.999973177909851074e-01,9.999951720237731934e-01,9.999989867210388184e-01,-9.999930262565612793e-01,-9.999976754188537598e-01,9.999985694885253906e-01,-9.998671412467956543e-01,-9.999994635581970215e-01,-9.999991059303283691e-01,-9.999946355819702148e-01,9.999992847442626953e-01,-9.999991655349731445e-01,9.999954700469970703e-01,-9.999862313270568848e-01,-9.999994039535522461e-01,-9.999989867210388184e-01,-9.999988675117492676e-01,9.999954700469970703e-01,-9.999990463256835938e-01,-9.999993443489074707e-01,9.999991655349731445e-01,9.999991059303283691e-01,9.999989271163940430e-01,9.999992847442626953e-01,9.999952316284179688e-01,9.999987483024597168e-01,9.999988675117492676e-01,9.999970197677612305e-01,-9.999775290489196777e-01,-9.999982714653015137e-01,-9.999989271163940430e-01,9.999989867210388184e-01,-9.999993443489074707e-01,-9.999989867210388184e-01,-9.999969005584716797e-01,9.999969005584716797e-01,9.999992847442626953e-01,9.999994635581970215e-01,9.999973773956298828e-01,9.999993443489074707e-01,-9.999991059303283691e-01,9.999992251396179199e-01,-9.999986886978149414e-01,-9.999946355819702148e-01,9.999956488609313965e-01,9.999831318855285645e-01,9.999989271163940430e-01,-9.999952912330627441e-01,-9.999992847442626953e-01,9.999963641166687012e-01,9.999974966049194336e-01,-9.999751448631286621e-01,-9.999984502792358398e-01,9.999992847442626953e-01,-9.999985694885253906e-01,9.999989271163940430e-01,9.999927878379821777e-01,-9.999874830245971680e-01,-9.999993443489074707e-01,-9.999888539314270020e-01,-9.999655485153198242e-01,9.999979138374328613e-01,-9.999989271163940430e-01,9.999878406524658203e-01,9.999985098838806152e-01,-9.999988675117492676e-01,9.999985694885253906e-01,9.999944567680358887e-01,-9.999994635581970215e-01,9.999992251396179199e-01,-9.999970793724060059e-01,9.999978542327880859e-01,-9.999993443489074707e-01,9.999603629112243652e-01,8.127855062484741211e-01,-9.999991655349731445e-01,-9.999983310699462891e-01,9.999846816062927246e-01,9.999989271163940430e-01,9.999960660934448242e-01,-9.999990463256835938e-01,9.999989867210388184e-01,-9.999989271163940430e-01,9.999989271163940430e-01,9.999794960021972656e-01,-9.999994635581970215e-01,9.999986290931701660e-01,-9.999993443489074707e-01,9.999989271163940430e-01,9.999964833259582520e-01,9.999986886978149414e-01,9.999992251396179199e-01,-9.999976158142089844e-01,-9.999989867210388184e-01,9.999985098838806152e-01,9.999921321868896484e-01,9.999969601631164551e-01,-9.999938607215881348e-01,9.999972581863403320e-01
