3.994088172912597656e-01,1.861844793893396854e-03,2.083965688943862915e-01,-2.455371767282485962e-01,2.271364182233810425e-01,-3.863425552845001221e-01,1.004016399383544922e-01,3.785493969917297363e-01,-4.420389980077743530e-02,-8.978198468685150146e-02,-2.491796463727951050e-01,-1.343928724527359009e-01,-2.081965655088424683e-01,-1.238016784191131592e-01,-1.353462934494018555e-01,7.487996667623519897e-02,7.241978310048580170e-03,-1.305708289146423340e-01,1.829274445772171021e-01,9.908260544762015343e-04,-9.997829049825668335e-02,-2.960647940635681152e-01,-2.508275210857391357e-01,1.657259464263916016e-01,2.166596095776185393e-04,1.165342032909393311e-01,9.878908842802047729e-02,-3.227318227291107178e-01,-4.508079960942268372e-02,-5.446286126971244812e-02,-1.719932109117507935e-01,7.054458558559417725e-02,-2.129394412040710449e-01,-2.857864089310169220e-02,-9.733580984175205231e-03,6.923611462116241455e-02,1.391965616494417191e-02,-6.361421942710876465e-02,-1.607190966606140137e-01,-1.440260708332061768e-01,5.927903205156326294e-02,1.251415610313415527e-01,-2.201636880636215210e-01,-5.848483741283416748e-02,-1.769474148750305176e-02,3.143515586853027344e-01,6.509023159742355347e-02,3.660933673381805420e-02,1.688278615474700928e-01,-6.462927442044019699e-03,-1.976774185895919800e-01,-2.516642808914184570e-01,5.387946963310241699e-02,1.500667724758386612e-02,7.285225670784711838e-03,2.637041918933391571e-02,5.265872180461883545e-02,-1.633490552194416523e-03,1.806173473596572876e-01,2.929765284061431885e-01,-1.206890940666198730e-01,2.036717087030410767e-01,-7.894909940659999847e-03,2.079743742942810059e-01,9.860770404338836670e-02,1.153111737221479416e-02,-3.450260162353515625e-01,6.995872594416141510e-03,6.756851822137832642e-02,2.814834415912628174e-01,-1.374269574880599976e-01,2.674913406372070312e-01,2.345531247556209564e-02,-1.566184163093566895e-01,-2.174451798200607300e-01,-4.916555806994438171e-02,8.813131717033684254e-04,-1.291999667882919312e-01,1.015236377716064453e-01,1.149470880627632141e-01,-5.244866758584976196e-02,-9.206642425851896405e-05,-4.288077354431152344e-02,-2.517379354685544968e-03,-1.592543125152587891e-01,2.097599953413009644e-01,2.688298821449279785e-01,1.408356009051203728e-03,-1.868849694728851318e-01,3.565196320414543152e-02,-1.179940626025199890e-01,3.411400020122528076e-01,1.871085315942764282e-01,-2.446114718914031982e-01,3.862963244318962097e-02,-3.093252480030059814e-01,-5.620271712541580200e-02,-9.098371265281457454e-06,-2.828183025121688843e-02,4.371606558561325073e-02,-2.337880879640579224e-01,3.296982645988464355e-01,9.221638739109039307e-02,-3.751285374164581299e-02,-1.967665404081344604e-01,3.451845794916152954e-02,2.939221858978271484e-01,2.326511144638061523e-01,-4.164954721927642822e-01,1.800223253667354584e-02,-1.972972601652145386e-01,2.846947014331817627e-01,1.484205871820449829e-01,-1.315046250820159912e-01,-4.521936550736427307e-02,2.227819710969924927e-02,2.327786684036254883e-01,-2.097252607345581055e-01,-2.610881067812442780e-02,-2.024198919534683228e-01,-2.132397592067718506e-01,-9.278422594070434570e-02,-6.958416104316711426e-02,3.543180823326110840e-01,3.960623219609260559e-02,2.298989742994308472e-01,5.690020043402910233e-03,4.339847341179847717e-02
1.861844793893396854e-03,1.101050432771444321e-02,-8.694937825202941895e-02,6.630141288042068481e-02,6.625786423683166504e-02,-9.398864582180976868e-03,-1.575479283928871155e-02,4.554728791117668152e-02,6.863739341497421265e-02,7.404287159442901611e-02,-1.001516357064247131e-02,-5.661472678184509277e-02,7.743953168392181396e-02,7.511080801486968994e-02,8.371478319168090820e-02,1.006165295839309692e-01,-1.493932679295539856e-03,7.970207184553146362e-02,-8.460735529661178589e-02,-6.603717803955078125e-02,-5.002367123961448669e-02,6.425185501575469971e-02,5.946694687008857727e-02,-3.936439380049705505e-02,1.805584318935871124e-02,9.029125422239303589e-02,-8.610436320304870605e-02,-5.883849039673805237e-02,8.711177855730056763e-02,-1.119910925626754761e-02,4.111019894480705261e-03,-9.747784584760665894e-02,4.558410122990608215e-02,7.336689531803131104e-02,-3.389561781659722328e-03,-1.006771922111511230e-01,7.863210886716842651e-02,8.595137298107147217e-02,-8.549460768699645996e-02,-7.517340034246444702e-02,8.334010094404220581e-02,-5.666201468557119370e-03,8.335448801517486572e-02,4.855568706989288330e-02,5.270028021186590195e-03,-8.107578754425048828e-02,-8.291273564100265503e-02,-2.581594511866569519e-02,-1.149980258196592331e-02,-5.482108332216739655e-03,-2.900048857554793358e-04,-9.091519750654697418e-03,6.564072519540786743e-02,-5.798802711069583893e-03,-3.350399434566497803e-02,-9.702784568071365356e-02,5.296576395630836487e-02,3.529003355652093887e-03,-7.950089871883392334e-02,-5.824079737067222595e-02,-7.193790748715400696e-03,-2.173574641346931458e-02,2.190661849454045296e-03,3.767032548785209656e-02,4.552083555608987808e-03,-3.304453194141387939e-02,4.635117948055267334e-02,9.851767122745513916e-02,-9.154052287340164185e-02,4.858109727501869202e-02,-8.547254651784896851e-02,-3.585599362850189209e-02,-3.628787025809288025e-02,8.208425343036651611e-02,9.927046485245227814e-04,-9.363834559917449951e-02,-3.281012468505650759e-04,9.170567989349365234e-02,-1.910829171538352966e-02,-8.328243345022201538e-02,8.727211505174636841e-02,5.432930265669710934e-05,-8.137682825326919556e-02,9.457946725888177752e-05,-9.253864735364913940e-02,-8.194974064826965332e-02,4.892345517873764038e-02,1.081936643458902836e-03,8.086299896240234375e-02,7.280963659286499023e-02,-1.664971187710762024e-02,-1.531287375837564468e-02,-7.799651473760604858e-02,3.989566862583160400e-02,-8.242537081241607666e-02,7.705723401159048080e-03,5.985425785183906555e-02,-4.849179617849586066e-07,-7.675382494926452637e-02,8.229971677064895630e-02,-4.602537304162979126e-02,5.594027787446975708e-02,-8.983120322227478027e-02,-8.507607877254486084e-02,9.547913819551467896e-02,-1.434898935258388519e-02,-7.372628152370452881e-02,-9.072075039148330688e-02,-2.023119479417800903e-02,-1.009952742606401443e-03,6.732152402400970459e-02,-6.943708658218383789e-02,-8.399671316146850586e-02,-1.146560162305831909e-02,9.088935703039169312e-02,-8.232956379652023315e-02,6.340073049068450928e-02,4.898750409483909607e-02,-9.048296511173248291e-02,5.507557094097137451e-02,8.183834701776504517e-02,7.324751466512680054e-02,7.306370884180068970e-02,-4.890804737806320190e-02,-5.870838835835456848e-02,-5.340435355901718140e-02,-7.916748523712158203e-03,7.324052602052688599e-02
2.083965688943862915e-01,-8.694937825202941895e-02,8.234730362892150879e-01,-7.446811199188232422e-01,-4.770457744598388672e-01,-1.406987905502319336e-01,1.664223670959472656e-01,-2.183272987604141235e-01,-6.074307560920715332e-01,-6.809529066085815430e-01,6.347712129354476929e-02,4.700258970260620117e-01,-6.725335717201232910e-01,-7.391362190246582031e-01,-7.910180091857910156e-01,-7.381923198699951172e-01,1.501962635666131973e-02,-7.177815437316894531e-01,7.926734685897827148e-01,6.337634325027465820e-01,4.282458722591400146e-01,-7.206932902336120605e-01,-6.773554086685180664e-01,4.116531312465667725e-01,-1.792734265327453613e-01,-6.316295862197875977e-01,7.646954059600830078e-01,2.985609769821166992e-01,-7.340732216835021973e-01,2.410326153039932251e-02,-7.525922358036041260e-02,8.085001111030578613e-01,-5.308137536048889160e-01,-7.050768136978149414e-01,2.621399983763694763e-02,7.954653501510620117e-01,-6.688440442085266113e-01,-7.689144611358642578e-01,5.653623342514038086e-01,6.246735453605651855e-01,-6.832674145698547363e-01,6.473021209239959717e-02,-7.919239401817321777e-01,-4.846398234367370605e-01,-5.818775668740272522e-02,8.018546700477600098e-01,7.713913917541503906e-01,2.468910366296768188e-01,1.416521668434143066e-01,1.271378546953201294e-01,-6.129791960120201111e-02,-3.197422996163368225e-02,-5.926945209503173828e-01,7.372203469276428223e-02,2.677472233772277832e-01,7.938721776008605957e-01,-5.417814850807189941e-01,-3.551877290010452271e-02,7.466951608657836914e-01,6.806119084358215332e-01,2.239603735506534576e-02,2.528812289237976074e-01,-2.529671601951122284e-02,-2.009692043066024780e-01,5.235373042523860931e-03,3.208885490894317627e-01,-4.768108129501342773e-01,-7.671296000480651855e-01,7.824577689170837402e-01,-2.632173001766204834e-01,6.574714779853820801e-01,3.856948018074035645e-01,4.104555845260620117e-01,-7.827094197273254395e-01,-1.369225233793258667e-01,7.354068756103515625e-01,2.964506391435861588e-03,-8.221964836120605469e-01,2.802843451499938965e-01,7.688944935798645020e-01,-7.783471345901489258e-01,-5.953756044618785381e-04,7.010466456413269043e-01,-2.649801317602396011e-03,6.757396459579467773e-01,8.002376556396484375e-01,-2.828255295753479004e-01,-8.675197139382362366e-03,-7.332423925399780273e-01,-6.585301756858825684e-01,1.401125341653823853e-01,2.810853421688079834e-01,7.557399868965148926e-01,-5.293495059013366699e-01,7.347568273544311523e-01,-2.341009378433227539e-01,-5.442282557487487793e-01,4.254853180896134290e-08,6.411989331245422363e-01,-6.555311679840087891e-01,3.665894865989685059e-01,-2.810458540916442871e-01,8.004976511001586914e-01,7.041208148002624512e-01,-8.447937369346618652e-01,-2.575312927365303040e-02,7.310227751731872559e-01,8.074746131896972656e-01,-5.332887545228004456e-02,1.950178667902946472e-02,-6.867322325706481934e-01,7.553938031196594238e-01,7.952250242233276367e-01,-1.042743846774101257e-01,-7.954387664794921875e-01,7.168188095092773438e-01,-3.961980938911437988e-01,-5.667482614517211914e-01,7.527174353599548340e-01,-6.380749940872192383e-01,-7.621052861213684082e-01,-7.023239731788635254e-01,-7.039483785629272461e-01,5.801821947097778320e-01,6.187422275543212891e-01,6.279076337814331055e-01,5.900588631629943848e-02,-6.391708254814147949e-01
-2.455371767282485962e-01,6.630141288042068481e-02,-7.446811199188232422e-01,7.709992527961730957e-01,3.324147164821624756e-01,1.936862021684646606e-01,-1.345944553613662720e-01,5.642056837677955627e-02,5.789173841476440430e-01,5.522803664207458496e-01,-1.746193021535873413e-01,-3.396690189838409424e-01,4.921577870845794678e-01,6.784595847129821777e-01,7.129855155944824219e-01,5.692311525344848633e-01,-1.082914974540472031e-02,5.896342396736145020e-01,-7.478446960449218750e-01,-5.908957719802856445e-01,-4.795368611812591553e-01,6.754533648490905762e-01,6.060235500335693359e-01,-3.065357804298400879e-01,1.673906296491622925e-01,4.454277157783508301e-01,-6.507422924041748047e-01,-8.433916419744491577e-02,5.654547214508056641e-01,9.189717471599578857e-02,1.553430594503879547e-02,-7.487050890922546387e-01,6.219781637191772461e-01,6.472132205963134766e-01,-9.195064194500446320e-03,-6.327714323997497559e-01,5.224674940109252930e-01,6.867809295654296875e-01,-3.367898166179656982e-01,-5.755388736724853516e-01,6.433809995651245117e-01,4.275155067443847656e-02,6.813378334045410156e-01,3.825955390930175781e-01,-9.634412080049514771e-02,-6.939328312873840332e-01,-7.243624925613403320e-01,-2.003964632749557495e-01,-9.089696221053600311e-03,-8.606220781803131104e-02,5.571036785840988159e-02,2.025259882211685181e-01,6.164762973785400391e-01,-1.126885265111923218e-01,-8.431806415319442749e-02,-6.577267646789550781e-01,5.522014498710632324e-01,2.959448471665382385e-02,-6.736030578613281250e-01,-7.436692714691162109e-01,-5.933839827775955200e-02,-1.518825888633728027e-01,2.816952764987945557e-02,1.251874566078186035e-01,6.029628589749336243e-02,-2.812336683273315430e-01,3.542452156543731689e-01,6.085541248321533203e-01,-6.752521991729736328e-01,6.834539771080017090e-02,-5.238652229309082031e-01,-1.788918823003768921e-01,-4.812181293964385986e-01,7.080768346786499023e-01,3.404342010617256165e-02,-6.081291437149047852e-01,-1.629515551030635834e-03,7.139964103698730469e-01,-3.986403644084930420e-01,-7.011240720748901367e-01,7.360574007034301758e-01,5.306738894432783127e-04,-5.887478590011596680e-01,7.636598777025938034e-03,-5.608730316162109375e-01,-7.195388674736022949e-01,8.533889800310134888e-02,4.777364432811737061e-03,6.194375753402709961e-01,5.706024765968322754e-01,-1.874781548976898193e-01,-3.993645310401916504e-01,-7.446185946464538574e-01,5.838525295257568359e-01,-6.906931996345520020e-01,2.870080173015594482e-01,3.956872820854187012e-01,-5.055072165305318777e-07,-4.751379191875457764e-01,5.290942192077636719e-01,-2.644357681274414062e-01,8.795985579490661621e-02,-7.606453895568847656e-01,-5.737429261207580566e-01,7.988931536674499512e-01,2.345681786537170410e-01,-7.915748953819274902e-01,-6.914483904838562012e-01,1.903417259454727173e-01,-2.905279397964477539e-02,6.965706348419189453e-01,-7.591553926467895508e-01,-7.679371237754821777e-01,2.836836576461791992e-01,6.892799735069274902e-01,-6.411760449409484863e-01,1.794217377901077271e-01,4.792282283306121826e-01,-6.416916251182556152e-01,6.586832404136657715e-01,6.402189731597900391e-01,7.229638099670410156e-01,6.680157184600830078e-01,-5.568919777870178223e-01,-5.925341248512268066e-01,-6.460386514663696289e-01,-3.439741954207420349e-02,5.252945423126220703e-01
2.271364182233810425e-01,6.625786423683166504e-02,-4.770457744598388672e-01,3.324147164821624756e-01,6.529856920242309570e-01,-2.879113256931304932e-01,-2.652884647250175476e-02,6.406353116035461426e-01,3.758386373519897461e-01,4.549365639686584473e-01,-2.351249158382415771e-01,-5.619664788246154785e-01,3.898559212684631348e-01,4.670515060424804688e-01,5.270860791206359863e-01,7.618830800056457520e-01,-4.272465594112873077e-03,4.607576429843902588e-01,-4.560299813747406006e-01,-4.933089017868041992e-01,-3.481412231922149658e-01,2.802658379077911377e-01,2.696704268455505371e-01,-1.856070905923843384e-01,1.338710486888885498e-01,7.002071142196655273e-01,-5.690685510635375977e-01,-6.434632539749145508e-01,6.593361496925354004e-01,-1.137811690568923950e-01,-1.056197881698608398e-01,-6.165887713432312012e-01,1.008894592523574829e-01,5.757535099983215332e-01,-4.028708115220069885e-02,-6.537436246871948242e-01,5.862135887145996094e-01,5.745732784271240234e-01,-7.498470544815063477e-01,-6.454815268516540527e-01,5.889256596565246582e-01,1.221427973359823227e-02,4.434349834918975830e-01,3.389968574047088623e-01,1.438688933849334717e-01,-3.986542224884033203e-01,-5.688396692276000977e-01,-1.531990170478820801e-01,-1.229939516633749008e-03,-1.763550043106079102e-01,-1.702184081077575684e-01,-3.626591265201568604e-01,4.698128402233123779e-01,-1.758172735571861267e-02,-2.916339635848999023e-01,-6.971519589424133301e-01,4.630613327026367188e-01,2.785516157746315002e-02,-3.968966901302337646e-01,-1.990705281496047974e-01,-1.082661375403404236e-01,-2.636952139437198639e-02,6.876026280224323273e-03,3.514366447925567627e-01,4.092897474765777588e-02,-2.361281812191009521e-01,5.393267050385475159e-02,6.984000802040100098e-01,-5.948298573493957520e-01,5.761536359786987305e-01,-7.298827767372131348e-01,-1.804531514644622803e-01,-2.210765033960342407e-01,4.979000091552734375e-01,-1.159923896193504333e-02,-6.753198504447937012e-01,-1.860603922978043556e-03,6.086364388465881348e-01,-2.220296859741210938e-02,-5.171172022819519043e-01,5.878543257713317871e-01,3.870087384711951017e-04,-6.490455269813537598e-01,-3.768722759559750557e-03,-7.397229075431823730e-01,-4.701472520828247070e-01,5.784122347831726074e-01,9.977474808692932129e-03,4.125642776489257812e-01,5.911556482315063477e-01,-1.855040490627288818e-01,2.351593524217605591e-01,-3.839491605758666992e-01,1.011222451925277710e-01,-5.364820957183837891e-01,-1.713586151599884033e-01,3.948628306388854980e-01,-7.935307621664833277e-06,-6.004080772399902344e-01,5.819349288940429688e-01,-5.880252718925476074e-01,6.438942551612854004e-01,-5.726700425148010254e-01,-6.578088998794555664e-01,5.081993937492370605e-01,-4.084195941686630249e-02,-2.436786890029907227e-01,-4.727091789245605469e-01,-4.424513578414916992e-01,1.167511940002441406e-02,3.125862479209899902e-01,-3.039709031581878662e-01,-4.997302293777465820e-01,-1.132453978061676025e-01,6.564419269561767578e-01,-5.467533469200134277e-01,6.384546160697937012e-01,2.537809610366821289e-01,-6.787469983100891113e-01,2.373655587434768677e-01,4.340136349201202393e-01,4.154969751834869385e-01,4.595777988433837891e-01,-6.033888459205627441e-02,-4.750915765762329102e-01,-2.120033204555511475e-01,-3.965836763381958008e-02,5.700138807296752930e-01
-3.863425552845001221e-01,-9.398864582180976868e-03,-1.406987905502319336e-01,1.936862021684646606e-01,-2.879113256931304932e-01,4.179673194885253906e-01,-8.177214115858078003e-02,-4.310427904129028320e-01,-3.497728332877159119e-02,2.775722928345203400e-02,2.496349364519119263e-01,2.165135890245437622e-01,1.571789085865020752e-01,4.139948636293411255e-02,5.353884771466255188e-02,-1.900990754365921021e-01,-7.068529725074768066e-03,7.787358760833740234e-02,-1.216929033398628235e-01,6.754335761070251465e-02,1.571076959371566772e-01,2.328591793775558472e-01,2.115592658519744873e-01,-1.330066472291946411e-01,-2.108491770923137665e-02,-2.213821262121200562e-01,1.993482001125812531e-04,3.861780762672424316e-01,-4.363303259015083313e-02,4.383436590433120728e-02,1.895511001348495483e-01,4.285371676087379456e-02,2.123097479343414307e-01,-5.535855144262313843e-02,1.535876188427209854e-02,3.796925023198127747e-02,-9.300114214420318604e-02,-1.781179755926132202e-02,2.557132840156555176e-01,2.167934030294418335e-01,-1.411127895116806030e-01,-1.111399456858634949e-01,1.545677334070205688e-01,1.739592291414737701e-02,-7.920623756945133209e-03,-2.333151102066040039e-01,9.878083132207393646e-03,-3.130677342414855957e-02,-1.749738007783889771e-01,6.303393840789794922e-02,2.235672771930694580e-01,2.797250449657440186e-01,-1.119783148169517517e-01,-7.248457986861467361e-03,2.223203331232070923e-02,7.216793298721313477e-02,-1.245599240064620972e-01,-2.209526486694812775e-03,-1.360516846179962158e-01,-2.508541345596313477e-01,1.328571736812591553e-01,-2.101996243000030518e-01,6.874200887978076935e-03,-2.280886918306350708e-01,-9.095475822687149048e-02,2.164571173489093781e-02,3.293698132038116455e-01,-1.012314781546592712e-01,3.141669929027557373e-02,-3.336716592311859131e-01,2.216835916042327881e-01,-2.253788113594055176e-01,2.951435185968875885e-02,7.058278471231460571e-02,1.777513623237609863e-01,1.207701787352561951e-01,-5.299291224218904972e-04,3.343025222420692444e-02,-1.097138002514839172e-01,-2.209993265569210052e-02,-2.785620093345642090e-02,2.197038520534988493e-05,1.314307153224945068e-01,2.399193122982978821e-03,2.457161396741867065e-01,-1.235920637845993042e-01,-3.167840540409088135e-01,-2.700035925954580307e-03,1.100697144865989685e-01,-1.206805333495140076e-01,1.162491664290428162e-01,-3.643891215324401855e-01,-1.278210431337356567e-01,2.009541690349578857e-01,2.539919503033161163e-02,3.041575551033020020e-01,5.155065283179283142e-02,8.847434401104692370e-06,1.139522418379783630e-01,-1.033436879515647888e-01,3.025349378585815430e-01,-4.052592217922210693e-01,4.380580503493547440e-03,1.267151236534118652e-01,1.157836318016052246e-01,3.078741254284977913e-03,-2.532692253589630127e-01,-1.565084308385848999e-01,4.486674964427947998e-01,-1.695406064391136169e-02,1.117741689085960388e-01,-2.335717678070068359e-01,-7.113537192344665527e-02,1.210663020610809326e-01,-3.745359182357788086e-02,4.960235953330993652e-02,-3.148276805877685547e-01,1.839552372694015503e-01,1.049135699868202209e-01,1.601585447788238525e-01,1.638682484626770020e-01,3.419147059321403503e-02,-1.469049602746963501e-03,-3.382212519645690918e-01,4.924996942281723022e-02,-1.819805353879928589e-01,-9.555622935295104980e-03,-1.066976487636566162e-01
1.004016399383544922e-01,-1.575479283928871155e-02,1.664223670959472656e-01,-1.345944553613662720e-01,-2.652884647250175476e-02,-8.177214115858078003e-02,7.579609751701354980e-02,4.282656684517860413e-02,-1.073526516556739807e-01,-1.159155368804931641e-01,-9.173867851495742798e-02,3.323566913604736328e-02,-1.903663575649261475e-01,-1.209746226668357849e-01,-1.333741694688796997e-01,-1.181188374757766724e-01,5.056323017925024033e-03,-1.697645634412765503e-01,1.496259272098541260e-01,4.968196153640747070e-02,9.776352904736995697e-03,-1.620893776416778564e-01,-1.450006663799285889e-01,1.070764586329460144e-01,-1.709246449172496796e-02,-9.655008465051651001e-02,1.223006173968315125e-01,7.564036175608634949e-03,-1.219673603773117065e-01,8.911755867302417755e-03,-6.298698484897613525e-02,1.246641874313354492e-01,-1.040724813938140869e-01,-6.806322932243347168e-02,2.255396218970417976e-03,1.589137911796569824e-01,-1.006525456905364990e-01,-1.203981563448905945e-01,8.639201521873474121e-02,2.938307449221611023e-02,-8.386156708002090454e-02,6.981420516967773438e-02,-1.784772425889968872e-01,-8.043067902326583862e-02,-3.496283292770385742e-02,1.937344223260879517e-01,1.110145822167396545e-01,6.120791286230087280e-02,1.001409515738487244e-01,-1.306471507996320724e-02,-6.243354454636573792e-02,-6.178289651870727539e-02,-4.288797825574874878e-02,1.152851991355419159e-02,6.387002766132354736e-02,1.237798482179641724e-01,-3.106562793254852295e-02,-4.916254896670579910e-03,1.593720465898513794e-01,1.456541717052459717e-01,-4.443504288792610168e-02,1.215341985225677490e-01,-3.645657561719417572e-03,9.931151755154132843e-03,2.655530907213687897e-02,4.200854897499084473e-02,-1.891373842954635620e-01,-1.289490312337875366e-01,1.342981159687042236e-01,6.699619349092245102e-03,6.357242912054061890e-02,1.377015113830566406e-01,2.312252670526504517e-02,-1.466339677572250366e-01,-5.888226255774497986e-02,1.061283648014068604e-01,9.124359930865466595e-04,-1.435117423534393311e-01,4.442559927701950073e-02,1.302498579025268555e-01,-1.104130670428276062e-01,-7.689942140132188797e-05,8.001540601253509521e-02,-9.737840737216174603e-04,7.065939158201217651e-02,1.581412702798843384e-01,6.125727202743291855e-03,-1.312806969508528709e-03,-1.607051938772201538e-01,-6.833057850599288940e-02,-2.787848934531211853e-02,1.096733361482620239e-01,1.477655768394470215e-01,-9.249536693096160889e-02,1.109614446759223938e-01,-9.602987766265869141e-02,-1.164627149701118469e-01,-2.450897227390669286e-06,8.985967934131622314e-02,-1.149982735514640808e-01,-2.836441248655319214e-02,1.747188717126846313e-02,1.278516799211502075e-01,9.567581862211227417e-02,-1.632871925830841064e-01,7.567899674177169800e-02,1.613514274358749390e-01,2.026873677968978882e-01,-7.358793914318084717e-02,4.669356159865856171e-03,-1.266899406909942627e-01,1.410435289144515991e-01,1.450544744729995728e-01,4.546666145324707031e-02,-1.250669360160827637e-01,1.048624590039253235e-01,-3.185275569558143616e-02,-1.318054050207138062e-01,1.018871143460273743e-01,-1.156888678669929504e-01,-1.766077578067779541e-01,-1.016716435551643372e-01,-9.613729268312454224e-02,1.756446808576583862e-01,4.719691723585128784e-02,1.090968549251556396e-01,1.658771000802516937e-02,-7.433228939771652222e-02
3.785493969917297363e-01,4.554728791117668152e-02,-2.183272987604141235e-01,5.642056837677955627e-02,6.406353116035461426e-01,-4.310427904129028320e-01,4.282656684517860413e-02,7.733215689659118652e-01,1.556451618671417236e-01,2.832990884780883789e-01,-2.176427990198135376e-01,-5.570990443229675293e-01,2.193208634853363037e-01,2.512759864330291748e-01,3.027078509330749512e-01,6.240373253822326660e-01,8.101551793515682220e-04,2.674033343791961670e-01,-1.869130283594131470e-01,-3.306129276752471924e-01,-1.731966435909271240e-01,3.131213039159774780e-02,4.670301452279090881e-02,-9.224107116460800171e-02,8.940181881189346313e-02,6.130793094635009766e-01,-3.740581274032592773e-01,-7.327845692634582520e-01,5.373362302780151367e-01,-1.695971339941024780e-01,-1.526580154895782471e-01,-3.647253513336181641e-01,-1.941024661064147949e-01,4.110762178897857666e-01,-4.874042794108390808e-02,-4.653999507427215576e-01,4.701654016971588135e-01,3.696109056472778320e-01,-7.335520982742309570e-01,-5.146056413650512695e-01,3.956083059310913086e-01,-1.033886149525642395e-02,2.040567696094512939e-01,2.463176399469375610e-01,2.599342763423919678e-01,-1.491348296403884888e-01,-3.522531390190124512e-01,-9.335771948099136353e-02,5.425795447081327438e-03,-2.266962528228759766e-01,-2.507441639900207520e-01,-5.803938508033752441e-01,2.724407911300659180e-01,2.709116414189338684e-02,-3.331081569194793701e-01,-5.205970406532287598e-01,3.325716257095336914e-01,2.191506512463092804e-02,-1.429886370897293091e-01,1.124650463461875916e-01,-1.026122272014617920e-01,4.218603298068046570e-02,-5.769580602645874023e-03,3.471421599388122559e-01,8.587122894823551178e-03,-1.627167910337448120e-01,-1.316601336002349854e-01,5.370986461639404297e-01,-3.919696509838104248e-01,6.798567175865173340e-01,-6.371092796325683594e-01,-1.528654396533966064e-01,-4.440606012940406799e-02,2.747309803962707520e-01,7.683182600885629654e-03,-5.131266713142395020e-01,-1.494796713814139366e-03,3.983810245990753174e-01,1.582411974668502808e-01,-2.868521213531494141e-01,3.586717545986175537e-01,2.499447728041559458e-04,-5.147090554237365723e-01,-8.867634460330009460e-03,-6.084420680999755859e-01,-2.292381823062896729e-01,6.783451437950134277e-01,1.050546765327453613e-02,1.848185509443283081e-01,4.688884019851684570e-01,-1.393868476152420044e-01,5.186037421226501465e-01,-1.021519303321838379e-01,-1.523135602474212646e-01,-3.179675936698913574e-01,-3.573365509510040283e-01,2.947804927825927734e-01,-9.371404303237795830e-06,-5.108567476272583008e-01,4.446158707141876221e-01,-6.328081488609313965e-01,7.398509383201599121e-01,-3.249201476573944092e-01,-5.293458700180053711e-01,2.136659920215606689e-01,-1.319104433059692383e-01,1.109887138009071350e-01,-2.280792742967605591e-01,-6.389766931533813477e-01,3.091784007847309113e-02,3.332642093300819397e-02,-1.133977063000202179e-02,-2.404352575540542603e-01,-2.384975999593734741e-01,4.680708646774291992e-01,-3.517457544803619385e-01,6.885088682174682617e-01,1.062395200133323669e-01,-5.168643593788146973e-01,-2.764470875263214111e-02,2.138183563947677612e-01,1.518416404724121094e-01,2.323631495237350464e-01,2.145171165466308594e-01,-3.242766261100769043e-01,5.135883390903472900e-02,-2.570067346096038818e-02,4.604746103286743164e-01
-4.420389980077743530e-02,6.863739341497421265e-02,-6.074307560920715332e-01,5.789173841476440430e-01,3.758386373519897461e-01,-3.497728332877159119e-02,-1.073526516556739807e-01,1.556451618671417236e-01,6.103487610816955566e-01,4.978324770927429199e-01,-2.147930413484573364e-01,-3.696563243865966797e-01,3.888171315193176270e-01,5.956819653511047363e-01,6.163583397865295410e-01,6.090841293334960938e-01,-7.041894365102052689e-03,4.704687893390655518e-01,-6.332462430000305176e-01,-5.584213733673095703e-01,-5.440495610237121582e-01,5.058950781822204590e-01,4.254252910614013672e-01,-2.154939770698547363e-01,1.574839502573013306e-01,5.307943224906921387e-01,-6.115550398826599121e-01,-2.198794335126876831e-01,4.929578602313995361e-01,5.171787738800048828e-02,-5.330455675721168518e-02,-7.561279535293579102e-01,4.700763523578643799e-01,5.786986351013183594e-01,-1.081819552928209305e-02,-6.273280382156372070e-01,5.009680986404418945e-01,6.206173300743103027e-01,-3.815313875675201416e-01,-5.776553153991699219e-01,6.539926528930664062e-01,8.399467915296554565e-02,5.466263294219970703e-01,3.051737844944000244e-01,-1.380118578672409058e-01,-5.474789738655090332e-01,-6.271040439605712891e-01,-1.338811069726943970e-01,1.022868156433105469e-01,-7.730862498283386230e-02,-3.889923542737960815e-02,1.280365139245986938e-01,6.052959561347961426e-01,-1.075055971741676331e-01,-5.137892439961433411e-02,-6.185745000839233398e-01,5.116241574287414551e-01,2.433655038475990295e-02,-5.556029081344604492e-01,-5.660862922668457031e-01,-1.217007040977478027e-01,-8.889641612768173218e-03,2.352257631719112396e-02,2.434787452220916748e-01,1.046911254525184631e-01,-2.523493468761444092e-01,2.127396166324615479e-01,5.973139405250549316e-01,-6.482865214347839355e-01,1.735638678073883057e-01,-5.295313000679016113e-01,-4.333714395761489868e-02,-4.691980481147766113e-01,6.100319027900695801e-01,-6.624877452850341797e-02,-5.913185477256774902e-01,-1.288729603402316570e-03,6.228919029235839844e-01,-2.781814336776733398e-01,-6.448487639427185059e-01,6.721948385238647461e-01,4.353750555310398340e-04,-5.597951412200927734e-01,7.241821847856044769e-03,-6.027501821517944336e-01,-6.003079414367675781e-01,1.707444936037063599e-01,4.847703035920858383e-03,5.735471248626708984e-01,5.371395945549011230e-01,-1.847723722457885742e-01,-2.559308707714080811e-01,-6.326266527175903320e-01,4.592413306236267090e-01,-6.225601434707641602e-01,1.481092572212219238e-01,2.696952223777770996e-01,-2.936094233518815599e-06,-4.686055481433868408e-01,5.030701160430908203e-01,-3.041358292102813721e-01,2.445732206106185913e-01,-7.010580897331237793e-01,-5.561254024505615234e-01,7.187230587005615234e-01,1.095441803336143494e-01,-6.720183491706848145e-01,-5.825282931327819824e-01,3.618249902501702309e-03,-2.412709221243858337e-02,6.508131027221679688e-01,-5.942083001136779785e-01,-6.602808237075805664e-01,1.825301349163055420e-01,5.967078804969787598e-01,-6.123467087745666504e-01,2.785792052745819092e-01,2.911573946475982666e-01,-5.950870513916015625e-01,5.174900889396667480e-01,4.948204159736633301e-01,6.493204236030578613e-01,6.076307296752929688e-01,-3.678289055824279785e-01,-5.342721939086914062e-01,-5.183786153793334961e-01,-2.482626587152481079e-02,4.949180185794830322e-01
-8.978198468685150146e-02,7.404287159442901611e-02,-6.809529066085815430e-01,5.522803664207458496e-01,4.549365639686584473e-01,2.775722928345203400e-02,-1.159155368804931641e-01,2.832990884780883789e-01,4.978324770927429199e-01,5.925338864326477051e-01,-3.080196306109428406e-02,-4.306930601596832275e-01,5.936851501464843750e-01,6.028917431831359863e-01,6.684522628784179688e-01,7.319205403327941895e-01,-1.187842991203069687e-02,5.845558643341064453e-01,-6.650692820549011230e-01,-5.439921021461486816e-01,-3.457334935665130615e-01,5.474874973297119141e-01,5.060159564018249512e-01,-3.411767482757568359e-01,1.449062973260879517e-01,6.555119752883911133e-01,-6.951099634170532227e-01,-3.764695227146148682e-01,6.923196911811828613e-01,-8.704011142253875732e-02,6.533266603946685791e-02,-7.449743747711181641e-01,3.468348979949951172e-01,6.153961420059204102e-01,-2.743040025234222412e-02,-7.625318169593811035e-01,5.994796156883239746e-01,6.614931225776672363e-01,-6.121625900268554688e-01,-5.540499091148376465e-01,5.903337001800537109e-01,-7.095331698656082153e-02,6.566241383552551270e-01,3.926927149295806885e-01,7.644774764776229858e-02,-6.828902959823608398e-01,-6.403856277465820312e-01,-1.759032905101776123e-01,-1.000993773341178894e-01,-1.208429858088493347e-01,2.047887258231639862e-02,-8.197037130594253540e-02,4.861460328102111816e-01,-3.850782662630081177e-02,-2.695543169975280762e-01,-7.469207644462585449e-01,4.200357198715209961e-01,2.813715860247612000e-02,-6.057766079902648926e-01,-4.800950884819030762e-01,-3.410564363002777100e-02,-1.766848564147949219e-01,1.772690564393997192e-02,2.396055757999420166e-01,-1.530646998435258865e-02,-2.591855823993682861e-01,3.824512660503387451e-01,7.272142767906188965e-01,-7.003203630447387695e-01,3.250503242015838623e-01,-6.293813586235046387e-01,-3.631118535995483398e-01,-2.973910272121429443e-01,6.546106934547424316e-01,1.150244474411010742e-01,-6.815194487571716309e-01,-2.584091154858469963e-03,7.307375669479370117e-01,-1.320358216762542725e-01,-6.557056903839111328e-01,6.741018295288085938e-01,4.650995833799242973e-04,-6.246716380119323730e-01,-1.961488742381334305e-04,-6.495670676231384277e-01,-6.661776900291442871e-01,3.370878398418426514e-01,8.327100425958633423e-03,6.466079354286193848e-01,5.711526870727539062e-01,-9.618895500898361206e-02,-1.340747475624084473e-01,-5.972813367843627930e-01,3.665269911289215088e-01,-6.155182123184204102e-01,1.171007603406906128e-01,4.416539669036865234e-01,-7.589526944684621412e-07,-5.887396931648254395e-01,5.722654461860656738e-01,-3.657175898551940918e-01,3.761057555675506592e-01,-6.860234737396240234e-01,-6.464689373970031738e-01,7.456554770469665527e-01,-1.020243391394615173e-01,-5.770847797393798828e-01,-7.024103999137878418e-01,-6.092080846428871155e-02,-1.032152771949768066e-02,5.509954690933227539e-01,-5.937210321426391602e-01,-6.472600698471069336e-01,1.812616921961307526e-02,6.962496042251586914e-01,-6.201044917106628418e-01,4.393800497055053711e-01,4.167302548885345459e-01,-6.790801286697387695e-01,4.536974728107452393e-01,6.422404646873474121e-01,5.516754388809204102e-01,5.702165961265563965e-01,-4.032186269760131836e-01,-5.165831446647644043e-01,-4.619560837745666504e-01,-5.253364890813827515e-02,5.611644983291625977e-01
-2.491796463727951050e-01,-1.001516357064247131e-02,6.347712129354476929e-02,-1.746193021535873413e-01,-2.351249158382415771e-01,2.496349364519119263e-01,-9.173867851495742798e-02,-2.176427990198135376e-01,-2.147930413484573364e-01,-3.080196306109428406e-02,5.133099555969238281e-01,1.701099276542663574e-01,2.275687903165817261e-01,-1.497273147106170654e-01,-1.369175761938095093e-01,-1.467148512601852417e-01,-8.276035077869892120e-03,3.078942559659481049e-02,1.362763196229934692e-01,2.788424193859100342e-01,4.486893415451049805e-01,2.471688017249107361e-02,4.763654619455337524e-02,-1.602079272270202637e-01,-7.610601931810379028e-02,-1.028159260749816895e-01,1.063002571463584900e-01,9.969183802604675293e-02,-2.427113242447376251e-02,-1.305563896894454956e-01,2.611688077449798584e-01,2.647819221019744873e-01,-2.030163705348968506e-01,-2.606494724750518799e-01,-4.926668480038642883e-03,3.276094049215316772e-02,-9.966806322336196899e-02,-1.869237571954727173e-01,1.655539683997631073e-02,4.065500795841217041e-01,-3.520675301551818848e-01,-3.031796813011169434e-01,3.474988788366317749e-02,-8.103760890662670135e-03,2.665781080722808838e-01,-1.149735823273658752e-01,2.536366879940032959e-01,-1.261427812278270721e-02,-3.622572422027587891e-01,2.522376924753189087e-02,2.066130787134170532e-01,-3.405953198671340942e-02,-4.243319928646087646e-01,8.646200597286224365e-02,-1.955193728208541870e-01,1.415952444076538086e-01,-3.685813844203948975e-01,-6.357522681355476379e-03,4.651730880141258240e-02,1.541874557733535767e-01,2.198682874441146851e-01,-3.006011247634887695e-01,-9.898030199110507965e-03,-1.986863315105438232e-01,-2.093510627746582031e-01,8.552799373865127563e-02,3.686938881874084473e-01,-1.136856302618980408e-01,1.392936259508132935e-01,-9.685502946376800537e-02,2.492266595363616943e-01,-4.689761996269226074e-01,3.267225921154022217e-01,-1.012519299983978271e-01,3.238655030727386475e-01,1.979118585586547852e-01,-1.868104562163352966e-03,-1.021162047982215881e-01,2.216677069664001465e-01,1.663971096277236938e-01,-2.848354876041412354e-01,-1.124194241128861904e-04,2.192474901676177979e-01,-6.745721679180860519e-03,3.122595548629760742e-01,5.092656239867210388e-02,-8.658976107835769653e-02,8.273318526335060596e-04,2.715264447033405304e-02,-2.344692349433898926e-01,2.864812314510345459e-01,-1.685035973787307739e-02,1.678930819034576416e-01,-1.191961541771888733e-01,2.522212862968444824e-01,1.244679167866706848e-01,6.501663476228713989e-02,1.092128877644427121e-05,7.596540451049804688e-02,-1.370266377925872803e-01,2.786886692047119141e-01,-1.533716470003128052e-01,2.601888179779052734e-01,1.728944927453994751e-01,-1.560727506875991821e-01,-4.420719742774963379e-01,1.953518986701965332e-01,-6.416180729866027832e-02,1.730263680219650269e-01,8.436882868409156799e-03,-1.834948211908340454e-01,1.123677119612693787e-01,2.097082287073135376e-01,-2.645204663276672363e-01,-1.749345958232879639e-01,2.182244062423706055e-01,-6.113125011324882507e-02,1.016338616609573364e-01,2.172841876745223999e-01,-1.487736254930496216e-01,7.243540138006210327e-02,-3.110521733760833740e-01,-2.414717525243759155e-01,-1.382287889719009399e-01,2.721635103225708008e-01,1.252250671386718750e-01,-2.432396262884140015e-02,-1.771832406520843506e-01
-1.343928724527359009e-01,-5.661472678184509277e-02,4.700258970260620117e-01,-3.396690189838409424e-01,-5.619664788246154785e-01,2.165135890245437622e-01,3.323566913604736328e-02,-5.570990443229675293e-01,-3.696563243865966797e-01,-4.306930601596832275e-01,1.701099276542663574e-01,5.296710729598999023e-01,-3.627166748046875000e-01,-4.827072322368621826e-01,-5.347481966018676758e-01,-7.519339323043823242e-01,3.329805564135313034e-03,-3.998866081237792969e-01,4.399923980236053467e-01,4.939405322074890137e-01,3.344642519950866699e-01,-3.077062964439392090e-01,-2.683083713054656982e-01,1.895826607942581177e-01,-1.296509951353073120e-01,-6.736003756523132324e-01,5.947381258010864258e-01,5.658083558082580566e-01,-6.522594690322875977e-01,8.271222561597824097e-02,9.205884486436843872e-02,6.510733962059020996e-01,-7.527470588684082031e-02,-5.898118615150451660e-01,3.824212774634361267e-02,6.622583270072937012e-01,-5.488459467887878418e-01,-5.556815862655639648e-01,7.141153216361999512e-01,6.078960299491882324e-01,-5.470992922782897949e-01,6.299373693764209747e-03,-4.323338568210601807e-01,-3.133822977542877197e-01,-1.516054868698120117e-01,4.391907453536987305e-01,5.470674633979797363e-01,1.096508577466011047e-01,-9.349101223051548004e-03,2.361260652542114258e-01,1.576388180255889893e-01,3.281136751174926758e-01,-4.370270967483520508e-01,2.494778484106063843e-02,2.602545619010925293e-01,6.947663426399230957e-01,-4.495627880096435547e-01,-2.606157958507537842e-02,3.582617342472076416e-01,2.098884582519531250e-01,9.217619150876998901e-02,1.157428603619337082e-03,-7.174690254032611847e-03,-2.767893671989440918e-01,-4.839514847844839096e-03,2.202214598655700684e-01,-5.697984248399734497e-02,-6.738197207450866699e-01,5.981848239898681641e-01,-5.003544688224792480e-01,6.834819912910461426e-01,2.291915416717529297e-01,2.406930327415466309e-01,-5.041660070419311523e-01,-7.377916574478149414e-02,6.201727390289306641e-01,1.816395437344908714e-03,-6.244960427284240723e-01,1.607164274901151657e-03,5.235273838043212891e-01,-5.733786821365356445e-01,-3.960742906201630831e-04,6.300602555274963379e-01,3.292773151770234108e-03,6.816706657409667969e-01,4.867407083511352539e-01,-5.029153227806091309e-01,-9.106631390750408173e-03,-4.249417483806610107e-01,-5.702122449874877930e-01,1.280341893434524536e-01,-2.152272015810012817e-01,3.719726204872131348e-01,-1.518229842185974121e-01,4.887157082557678223e-01,1.147471591830253601e-01,-2.979043424129486084e-01,4.608766175806522369e-06,5.765968561172485352e-01,-4.965939819812774658e-01,5.538167357444763184e-01,-5.948487520217895508e-01,5.754902362823486328e-01,6.290876865386962891e-01,-5.167625546455383301e-01,6.181048229336738586e-02,2.490133047103881836e-01,4.666985571384429932e-01,3.528860211372375488e-01,-7.088308222591876984e-03,-3.636174499988555908e-01,3.307106494903564453e-01,4.909058213233947754e-01,2.729032188653945923e-02,-6.310797929763793945e-01,5.178631544113159180e-01,-5.894978046417236328e-01,-2.331050485372543335e-01,6.403621435165405273e-01,-2.366755157709121704e-01,-4.029483497142791748e-01,-3.994916081428527832e-01,-4.498348534107208252e-01,6.409785151481628418e-02,5.083836913108825684e-01,2.386223226785659790e-01,2.120759524405002594e-02,-5.255711078643798828e-01
