9.999981522560119629e-01,-9.999985694885253906e-01,-9.999899268150329590e-01,9.999982118606567383e-01,9.999989271163940430e-01,-9.999988079071044922e-01,9.999959468841552734e-01,9.999990463256835938e-01,-9.999974966049194336e-01,9.999977350234985352e-01,-9.999985098838806152e-01,-9.999988079071044922e-01,9.999980926513671875e-01,9.999983906745910645e-01,9.999828934669494629e-01,9.999971389770507812e-01,9.999975562095642090e-01,-9.999986290931701660e-01,9.999932646751403809e-01,-9.999991059303283691e-01,-9.999988675117492676e-01,9.999892115592956543e-01,9.999984502792358398e-01,9.999984502792358398e-01,9.999892115592956543e-01,9.999990463256835938e-01,-9.999985098838806152e-01,-9.999988675117492676e-01,9.999831914901733398e-01,-9.999955892562866211e-01,-9.999935626983642578e-01,-9.999985098838806152e-01,9.999918341636657715e-01,9.999970793724060059e-01,-9.999971389770507812e-01,-9.999709725379943848e-01,9.999990463256835938e-01,9.999986290931701660e-01,9.999928474426269531e-01,-9.999988675117492676e-01,9.999985694885253906e-01,-9.999963641166687012e-01,9.999744296073913574e-01,9.999988079071044922e-01,9.999982118606567383e-01,9.999982118606567383e-01,-9.999849200248718262e-01,9.999982714653015137e-01,9.999988079071044922e-01,-9.999985694885253906e-01,-9.999987483024597168e-01,-9.999979138374328613e-01,-9.999988675117492676e-01,-9.999918937683105469e-01,-9.999973773956298828e-01,-9.999980926513671875e-01,-9.999966621398925781e-01,9.998580217361450195e-01,9.999976754188537598e-01,9.999983906745910645e-01,-9.999979734420776367e-01,9.999989867210388184e-01,9.999982714653015137e-01,9.999952316284179688e-01,-9.999956488609313965e-01,-9.999987483024597168e-01,-9.999990463256835938e-01,-9.999954700469970703e-01,-9.999988079071044922e-01,9.999987483024597168e-01,-9.999987483024597168e-01,9.999980330467224121e-01,9.999956488609313965e-01,-9.999926686286926270e-01,-9.999517798423767090e-01,-9.999982714653015137e-01,9.999929666519165039e-01,9.999988079071044922e-01,-9.999935030937194824e-01,-9.999966621398925781e-01,-9.999021887779235840e-01,9.999976158142089844e-01,-9.999988079071044922e-01,9.999968409538269043e-01,-9.999982714653015137e-01,-9.999875426292419434e-01,9.999891519546508789e-01,9.999988675117492676e-01,9.999609589576721191e-01,9.999939799308776855e-01,-9.999976158142089844e-01,9.999982714653015137e-01,-9.999779462814331055e-01,-9.999978542327880859e-01,9.999984502792358398e-01,-9.999979734420776367e-01,-9.999919533729553223e-01,9.999989867210388184e-01,-9.999988079071044922e-01,9.999920725822448730e-01,-9.999969005584716797e-01,9.999988079071044922e-01,-9.999702572822570801e-01,-9.999543428421020508e-01,9.999985694885253906e-01,9.999973177909851074e-01,-9.999540448188781738e-01,-9.999980330467224121e-01,-9.999941587448120117e-01,9.999985098838806152e-01,-9.999981522560119629e-01,9.999985098838806152e-01,-9.999982118606567383e-01,-9.999817013740539551e-01,9.999990463256835938e-01,-9.999981522560119629e-01,9.999988079071044922e-01,-9.999985694885253906e-01,-9.999944567680358887e-01,-9.999980926513671875e-01,-9.999987483024597168e-01,9.999960064888000488e-01,9.999985098838806152e-01,-9.999975562095642090e-01,-9.999814033508300781e-01,-9.999956488609313965e-01,9.999896287918090820e-01,-9.999969005584716797e-01
-9.999985694885253906e-01,9.999989271163940430e-01,9.999918341636657715e-01,-9.999985694885253906e-01,-9.999991655349731445e-01,9.999989867210388184e-01,-9.999965429306030273e-01,-9.999992251396179199e-01,9.999979734420776367e-01,-9.999982118606567383e-01,9.999988675117492676e-01,9.999991655349731445e-01,-9.999984502792358398e-01,-9.999986886978149414e-01,-9.999859929084777832e-01,-9.999977350234985352e-01,-9.999980926513671875e-01,9.999989271163940430e-01,-9.999945759773254395e-01,9.999992847442626953e-01,9.999991655349731445e-01,-9.999911189079284668e-01,-9.999988079071044922e-01,-9.999986886978149414e-01,-9.999911189079284668e-01,-9.999992251396179199e-01,9.999988079071044922e-01,9.999992847442626953e-01,-9.999862313270568848e-01,9.999963641166687012e-01,9.999946951866149902e-01,9.999988079071044922e-01,-9.999934434890747070e-01,-9.999977350234985352e-01,9.999976754188537598e-01,9.999762177467346191e-01,-9.999993443489074707e-01,-9.999989271163940430e-01,-9.999940991401672363e-01,9.999991059303283691e-01,-9.999988675117492676e-01,9.999970197677612305e-01,-9.999791383743286133e-01,-9.999990463256835938e-01,-9.999985098838806152e-01,-9.999986290931701660e-01,9.999877810478210449e-01,-9.999986290931701660e-01,-9.999990463256835938e-01,9.999988675117492676e-01,9.999989867210388184e-01,9.999983310699462891e-01,9.999991059303283691e-01,9.999934434890747070e-01,9.999979138374328613e-01,9.999984502792358398e-01,9.999972581863403320e-01,-9.998837709426879883e-01,-9.999980926513671875e-01,-9.999987483024597168e-01,9.999984502792358398e-01,-9.999992847442626953e-01,-9.999986290931701660e-01,-9.999960660934448242e-01,9.999963641166687012e-01,9.999991059303283691e-01,9.999992251396179199e-01,9.999963045120239258e-01,9.999992251396179199e-01,-9.999990463256835938e-01,9.999989867210388184e-01,-9.999983906745910645e-01,-9.999964237213134766e-01,9.999939799308776855e-01,9.999604821205139160e-01,9.999985694885253906e-01,-9.999943375587463379e-01,-9.999991059303283691e-01,9.999947547912597656e-01,9.999973177909851074e-01,9.999199509620666504e-01,-9.999980330467224121e-01,9.999992251396179199e-01,-9.999974966049194336e-01,9.999986290931701660e-01,9.999897480010986328e-01,-9.999911785125732422e-01,-9.999992251396179199e-01,-9.999682307243347168e-01,-9.999950528144836426e-01,9.999982118606567383e-01,-9.999986290931701660e-01,9.999819993972778320e-01,9.999982118606567383e-01,-9.999986886978149414e-01,9.999984502792358398e-01,9.999933838844299316e-01,-9.999992251396179199e-01,9.999990463256835938e-01,-9.999935030937194824e-01,9.999974966049194336e-01,-9.999990463256835938e-01,9.999756217002868652e-01,9.999626874923706055e-01,-9.999988079071044922e-01,-9.999978542327880859e-01,9.999624490737915039e-01,9.999985098838806152e-01,9.999951720237731934e-01,-9.999987483024597168e-01,9.999985098838806152e-01,-9.999987483024597168e-01,9.999985694885253906e-01,9.999850392341613770e-01,-9.999992251396179199e-01,9.999985098838806152e-01,-9.999991059303283691e-01,9.999988079071044922e-01,9.999955892562866211e-01,9.999984502792358398e-01,9.999991059303283691e-01,-9.999966621398925781e-01,-9.999988675117492676e-01,9.999980330467224121e-01,9.999847412109375000e-01,9.999964833259582520e-01,-9.999915957450866699e-01,9.999975562095642090e-01
-9.999899268150329590e-01,9.999918341636657715e-01,9.999402761459350586e-01,-9.999896287918090820e-01,-9.999935626983642578e-01,9.999926090240478516e-01,-9.999755620956420898e-01,-9.999941587448120117e-01,9.999850392341613770e-01,-9.999862313270568848e-01,9.999914169311523438e-01,9.999935030937194824e-01,-9.999890327453613281e-01,-9.999905824661254883e-01,-9.998983144760131836e-01,-9.999837875366210938e-01,-9.999856948852539062e-01,9.999920725822448730e-01,-9.999598860740661621e-01,9.999944567680358887e-01,9.999938011169433594e-01,-9.999356865882873535e-01,-9.999907612800598145e-01,-9.999908804893493652e-01,-9.999356269836425781e-01,-9.999940991401672363e-01,9.999909400939941406e-01,9.999935626983642578e-01,-9.998998641967773438e-01,9.999741911888122559e-01,9.999616146087646484e-01,9.999911785125732422e-01,-9.999516010284423828e-01,-9.999828338623046875e-01,9.999834299087524414e-01,9.998272657394409180e-01,-9.999940991401672363e-01,-9.999918937683105469e-01,-9.999573230743408203e-01,9.999934434890747070e-01,-9.999917149543762207e-01,9.999787807464599609e-01,-9.998478293418884277e-01,-9.999930858612060547e-01,-9.999894499778747559e-01,-9.999895691871643066e-01,9.999110698699951172e-01,-9.999901056289672852e-01,-9.999929070472717285e-01,9.999915957450866699e-01,9.999925494194030762e-01,9.999879002571105957e-01,9.999931454658508301e-01,9.999518394470214844e-01,9.999852180480957031e-01,9.999889731407165527e-01,9.999804496765136719e-01,-9.991576075553894043e-01,-9.999862909317016602e-01,-9.999905228614807129e-01,9.999889731407165527e-01,-9.999938011169433594e-01,-9.999900460243225098e-01,-9.999713301658630371e-01,9.999740719795227051e-01,9.999930262565612793e-01,9.999941587448120117e-01,9.999729990959167480e-01,9.999932646751403809e-01,-9.999925494194030762e-01,9.999924898147583008e-01,-9.999886751174926758e-01,-9.999744296073913574e-01,9.999564290046691895e-01,9.997137188911437988e-01,9.999896883964538574e-01,-9.999581575393676758e-01,-9.999925494194030762e-01,9.999619722366333008e-01,9.999803900718688965e-01,9.994196295738220215e-01,-9.999861121177673340e-01,9.999930858612060547e-01,-9.999821782112121582e-01,9.999898076057434082e-01,9.999257326126098633e-01,-9.999355077743530273e-01,-9.999936223030090332e-01,-9.997684955596923828e-01,-9.999642372131347656e-01,9.999863505363464355e-01,-9.999903440475463867e-01,9.998689293861389160e-01,9.999879598617553711e-01,-9.999907612800598145e-01,9.999881982803344727e-01,9.999520182609558105e-01,-9.999939203262329102e-01,9.999930262565612793e-01,-9.999527931213378906e-01,9.999822378158569336e-01,-9.999926686286926270e-01,9.998224973678588867e-01,9.997290968894958496e-01,-9.999917149543762207e-01,-9.999843835830688477e-01,9.997272491455078125e-01,9.999887347221374512e-01,9.999650120735168457e-01,-9.999912381172180176e-01,9.999892711639404297e-01,-9.999911785125732422e-01,9.999896287918090820e-01,9.998913407325744629e-01,-9.999941587448120117e-01,9.999892115592956543e-01,-9.999934434890747070e-01,9.999917149543762207e-01,9.999676346778869629e-01,9.999889731407165527e-01,9.999930858612060547e-01,-9.999762177467346191e-01,-9.999914765357971191e-01,9.999860525131225586e-01,9.998892545700073242e-01,9.999742507934570312e-01,-9.999384880065917969e-01,9.999820590019226074e-01
9.999982118606567383e-01,-9.999985694885253906e-01,-9.999896287918090820e-01,9.999981522560119629e-01,9.999988675117492676e-01,-9.999986886978149414e-01,9.999957084655761719e-01,9.999989867210388184e-01,-9.999973177909851074e-01,9.999975562095642090e-01,-9.999983906745910645e-01,-9.999988675117492676e-01,9.999980330467224121e-01,9.999983310699462891e-01,9.999822974205017090e-01,9.999970793724060059e-01,9.999974370002746582e-01,-9.999986886978149414e-01,9.999930262565612793e-01,-9.999991059303283691e-01,-9.999988675117492676e-01,9.999887347221374512e-01,9.999982714653015137e-01,9.999983906745910645e-01,9.999888539314270020e-01,9.999988079071044922e-01,-9.999983906745910645e-01,-9.999988079071044922e-01,9.999825954437255859e-01,-9.999954104423522949e-01,-9.999932646751403809e-01,-9.999983310699462891e-01,9.999915361404418945e-01,9.999969601631164551e-01,-9.999970793724060059e-01,-9.999698996543884277e-01,9.999988675117492676e-01,9.999985694885253906e-01,9.999924898147583008e-01,-9.999988675117492676e-01,9.999984502792358398e-01,-9.999961256980895996e-01,9.999734759330749512e-01,9.999986886978149414e-01,9.999981522560119629e-01,9.999981522560119629e-01,-9.999844431877136230e-01,9.999982714653015137e-01,9.999987483024597168e-01,-9.999985098838806152e-01,-9.999986290931701660e-01,-9.999977946281433105e-01,-9.999987483024597168e-01,-9.999915957450866699e-01,-9.999973177909851074e-01,-9.999979734420776367e-01,-9.999965429306030273e-01,9.998533725738525391e-01,9.999974966049194336e-01,9.999983310699462891e-01,-9.999979138374328613e-01,9.999989271163940430e-01,9.999982118606567383e-01,9.999949932098388672e-01,-9.999954104423522949e-01,-9.999986886978149414e-01,-9.999989867210388184e-01,-9.999952912330627441e-01,-9.999988079071044922e-01,9.999986290931701660e-01,-9.999986886978149414e-01,9.999979734420776367e-01,9.999954104423522949e-01,-9.999924302101135254e-01,-9.999501109123229980e-01,-9.999982118606567383e-01,9.999926090240478516e-01,9.999986886978149414e-01,-9.999933838844299316e-01,-9.999965429306030273e-01,-9.998988509178161621e-01,9.999975562095642090e-01,-9.999986886978149414e-01,9.999967813491821289e-01,-9.999982118606567383e-01,-9.999871253967285156e-01,9.999887943267822266e-01,9.999988675117492676e-01,9.999597072601318359e-01,9.999938011169433594e-01,-9.999975562095642090e-01,9.999982118606567383e-01,-9.999771714210510254e-01,-9.999977946281433105e-01,9.999983906745910645e-01,-9.999979138374328613e-01,-9.999915957450866699e-01,9.999988675117492676e-01,-9.999987483024597168e-01,9.999917149543762207e-01,-9.999968409538269043e-01,9.999986886978149414e-01,-9.999691843986511230e-01,-9.999528527259826660e-01,9.999985098838806152e-01,9.999971389770507812e-01,-9.999526143074035645e-01,-9.999979734420776367e-01,-9.999938607215881348e-01,9.999983906745910645e-01,-9.999979734420776367e-01,9.999984502792358398e-01,-9.999981522560119629e-01,-9.999811053276062012e-01,9.999989271163940430e-01,-9.999979734420776367e-01,9.999988675117492676e-01,-9.999985098838806152e-01,-9.999942779541015625e-01,-9.999980330467224121e-01,-9.999986886978149414e-01,9.999958276748657227e-01,9.999985098838806152e-01,-9.999975562095642090e-01,-9.999806880950927734e-01,-9.999955296516418457e-01,9.999893903732299805e-01,-9.999967217445373535e-01
9.999989271163940430e-01,-9.999991655349731445e-01,-9.999935626983642578e-01,9.999988675117492676e-01,9.999993443489074707e-01,-9.999993443489074707e-01,9.999973177909851074e-01,9.999994039535522461e-01,-9.999983310699462891e-01,9.999985694885253906e-01,-9.999991059303283691e-01,-9.999992251396179199e-01,9.999988079071044922e-01,9.999989271163940430e-01,9.999890923500061035e-01,9.999981522560119629e-01,9.999984502792358398e-01,-9.999991655349731445e-01,9.999957084655761719e-01,-9.999994039535522461e-01,-9.999992847442626953e-01,9.999930858612060547e-01,9.999990463256835938e-01,9.999990463256835938e-01,9.999930858612060547e-01,9.999993443489074707e-01,-9.999990463256835938e-01,-9.999992251396179199e-01,9.999891519546508789e-01,-9.999971985816955566e-01,-9.999958872795104980e-01,-9.999991059303283691e-01,9.999948143959045410e-01,9.999980926513671875e-01,-9.999982118606567383e-01,-9.999814033508300781e-01,9.999992847442626953e-01,9.999992847442626953e-01,9.999954104423522949e-01,-9.999992251396179199e-01,9.999991655349731445e-01,-9.999976158142089844e-01,9.999836683273315430e-01,9.999992847442626953e-01,9.999988675117492676e-01,9.999988675117492676e-01,-9.999904632568359375e-01,9.999989271163940430e-01,9.999992847442626953e-01,-9.999991059303283691e-01,-9.999992251396179199e-01,-9.999986886978149414e-01,-9.999992847442626953e-01,-9.999948143959045410e-01,-9.999982714653015137e-01,-9.999988079071044922e-01,-9.999978542327880859e-01,9.999092221260070801e-01,9.999985098838806152e-01,9.999990463256835938e-01,-9.999988079071044922e-01,9.999994635581970215e-01,9.999989271163940430e-01,9.999969601631164551e-01,-9.999971389770507812e-01,-9.999992847442626953e-01,-9.999994039535522461e-01,-9.999970793724060059e-01,-9.999992847442626953e-01,9.999992251396179199e-01,-9.999993443489074707e-01,9.999987483024597168e-01,9.999971985816955566e-01,-9.999952912330627441e-01,-9.999692440032958984e-01,-9.999988675117492676e-01,9.999955892562866211e-01,9.999992251396179199e-01,-9.999958872795104980e-01,-9.999979138374328613e-01,-9.999374747276306152e-01,9.999984502792358398e-01,-9.999992847442626953e-01,9.999980330467224121e-01,-9.999988675117492676e-01,-9.999920129776000977e-01,9.999930858612060547e-01,9.999994039535522461e-01,9.999752044677734375e-01,9.999961256980895996e-01,-9.999985098838806152e-01,9.999988675117492676e-01,-9.999859333038330078e-01,-9.999986886978149414e-01,9.999990463256835938e-01,-9.999988079071044922e-01,-9.999948740005493164e-01,9.999992847442626953e-01,-9.999992847442626953e-01,9.999949336051940918e-01,-9.999980330467224121e-01,9.999993443489074707e-01,-9.999809265136718750e-01,-9.999708533287048340e-01,9.999990463256835938e-01,9.999982714653015137e-01,-9.999706745147705078e-01,-9.999988079071044922e-01,-9.999961853027343750e-01,9.999991059303283691e-01,-9.999988079071044922e-01,9.999991059303283691e-01,-9.999988675117492676e-01,-9.999883174896240234e-01,9.999994039535522461e-01,-9.999987483024597168e-01,9.999993443489074707e-01,-9.999991655349731445e-01,-9.999964833259582520e-01,-9.999988079071044922e-01,-9.999992847442626953e-01,9.999973773956298828e-01,9.999992251396179199e-01,-9.999983906745910645e-01,-9.999880790710449219e-01,-9.999972581863403320e-01,9.999933838844299316e-01,-9.999979138374328613e-01
-9.999988079071044922e-01,9.999989867210388184e-01,9.999926090240478516e-01,-9.999986886978149414e-01,-9.999993443489074707e-01,9.999991059303283691e-01,-9.999969005584716797e-01,-9.999994039535522461e-01,9.999980926513671875e-01,-9.999983906745910645e-01,9.999989271163940430e-01,9.999992251396179199e-01,-9.999986290931701660e-01,-9.999988079071044922e-01,-9.999874830245971680e-01,-9.999979138374328613e-01,-9.999982714653015137e-01,9.999990463256835938e-01,-9.999951124191284180e-01,9.999994039535522461e-01,9.999992847442626953e-01,-9.999920725822448730e-01,-9.999988675117492676e-01,-9.999989271163940430e-01,-9.999921917915344238e-01,-9.999992847442626953e-01,9.999988675117492676e-01,9.999991655349731445e-01,-9.999877214431762695e-01,9.999968409538269043e-01,9.999952912330627441e-01,9.999988675117492676e-01,-9.999940395355224609e-01,-9.999979138374328613e-01,9.999979138374328613e-01,9.999787211418151855e-01,-9.999992847442626953e-01,-9.999990463256835938e-01,-9.999947547912597656e-01,9.999992251396179199e-01,-9.999989271163940430e-01,9.999972581863403320e-01,-9.999812245368957520e-01,-9.999991655349731445e-01,-9.999987483024597168e-01,-9.999986886978149414e-01,9.999890327453613281e-01,-9.999987483024597168e-01,-9.999991655349731445e-01,9.999989867210388184e-01,9.999991059303283691e-01,9.999985098838806152e-01,9.999992847442626953e-01,9.999940395355224609e-01,9.999981522560119629e-01,9.999985694885253906e-01,9.999975562095642090e-01,-9.998958706855773926e-01,-9.999982714653015137e-01,-9.999988675117492676e-01,9.999986290931701660e-01,-9.999993443489074707e-01,-9.999987483024597168e-01,-9.999964833259582520e-01,9.999968409538269043e-01,9.999991655349731445e-01,9.999994039535522461e-01,9.999966025352478027e-01,9.999992251396179199e-01,-9.999991059303283691e-01,9.999992251396179199e-01,-9.999985694885253906e-01,-9.999967217445373535e-01,9.999946355819702148e-01,9.999646544456481934e-01,9.999987483024597168e-01,-9.999949336051940918e-01,-9.999992251396179199e-01,9.999952912330627441e-01,9.999976158142089844e-01,9.999283552169799805e-01,-9.999982714653015137e-01,9.999991655349731445e-01,-9.999977946281433105e-01,9.999987483024597168e-01,9.999908208847045898e-01,-9.999921917915344238e-01,-9.999992251396179199e-01,-9.999714493751525879e-01,-9.999955892562866211e-01,9.999982714653015137e-01,-9.999988079071044922e-01,9.999838471412658691e-01,9.999983906745910645e-01,-9.999988675117492676e-01,9.999985098838806152e-01,9.999940991401672363e-01,-9.999992847442626953e-01,9.999991655349731445e-01,-9.999941587448120117e-01,9.999977946281433105e-01,-9.999992251396179199e-01,9.999781250953674316e-01,9.999665617942810059e-01,-9.999989867210388184e-01,-9.999980330467224121e-01,9.999663829803466797e-01,9.999986886978149414e-01,9.999957084655761719e-01,-9.999989271163940430e-01,9.999986290931701660e-01,-9.999988675117492676e-01,9.999987483024597168e-01,9.999865293502807617e-01,-9.999992847442626953e-01,9.999986290931701660e-01,-9.999992251396179199e-01,9.999990463256835938e-01,9.999959468841552734e-01,9.999986290931701660e-01,9.999991655349731445e-01,-9.999970197677612305e-01,-9.999989867210388184e-01,9.999982714653015137e-01,9.999863505363464355e-01,9.999967813491821289e-01,-9.999924302101135254e-01,9.999977946281433105e-01
9.999959468841552734e-01,-9.999965429306030273e-01,-9.999755620956420898e-01,9.999957084655761719e-01,9.999973177909851074e-01,-9.999969005584716797e-01,9.999899268150329590e-01,9.999976158142089844e-01,-9.999939203262329102e-01,9.999943375587463379e-01,-9.999964237213134766e-01,-9.999972581863403320e-01,9.999955296516418457e-01,9.999960660934448242e-01,9.999581575393676758e-01,9.999933242797851562e-01,9.999940395355224609e-01,-9.999966621398925781e-01,9.999835491180419922e-01,-9.999977350234985352e-01,-9.999974370002746582e-01,9.999735951423645020e-01,9.999961256980895996e-01,9.999961853027343750e-01,9.999735951423645020e-01,9.999975562095642090e-01,-9.999961853027343750e-01,-9.999973177909851074e-01,9.999589323997497559e-01,-9.999893903732299805e-01,-9.999842643737792969e-01,-9.999963045120239258e-01,9.999800920486450195e-01,9.999929070472717285e-01,-9.999932050704956055e-01,-9.999290108680725098e-01,9.999976158142089844e-01,9.999967217445373535e-01,9.999824762344360352e-01,-9.999972581863403320e-01,9.999965429306030273e-01,-9.999912977218627930e-01,9.999374151229858398e-01,9.999970793724060059e-01,9.999957084655761719e-01,9.999957680702209473e-01,-9.999634623527526855e-01,9.999958872795104980e-01,9.999970793724060059e-01,-9.999966025352478027e-01,-9.999967813491821289e-01,-9.999950528144836426e-01,-9.999971985816955566e-01,-9.999802708625793457e-01,-9.999939203262329102e-01,-9.999954700469970703e-01,-9.999919533729553223e-01,9.996535181999206543e-01,9.999943971633911133e-01,9.999961853027343750e-01,-9.999955296516418457e-01,9.999974966049194336e-01,9.999959468841552734e-01,9.999882578849792480e-01,-9.999893307685852051e-01,-9.999970793724060059e-01,-9.999975562095642090e-01,-9.999889731407165527e-01,-9.999972581863403320e-01,9.999969005584716797e-01,-9.999969601631164551e-01,9.999954104423522949e-01,9.999894499778747559e-01,-9.999821782112121582e-01,-9.998822808265686035e-01,-9.999957084655761719e-01,9.999828338623046875e-01,9.999969005584716797e-01,-9.999843835830688477e-01,-9.999920129776000977e-01,-9.997613430023193359e-01,9.999942779541015625e-01,-9.999971389770507812e-01,9.999926686286926270e-01,-9.999958872795104980e-01,-9.999695420265197754e-01,9.999735355377197266e-01,9.999973773956298828e-01,9.999048113822937012e-01,9.999853372573852539e-01,-9.999943375587463379e-01,9.999958276748657227e-01,-9.999460577964782715e-01,-9.999950528144836426e-01,9.999961853027343750e-01,-9.999951720237731934e-01,-9.999803304672241211e-01,9.999973773956298828e-01,-9.999970197677612305e-01,9.999806284904479980e-01,-9.999927878379821777e-01,9.999970197677612305e-01,-9.999269843101501465e-01,-9.998885989189147949e-01,9.999965429306030273e-01,9.999935626983642578e-01,-9.998878836631774902e-01,-9.999954104423522949e-01,-9.999856948852539062e-01,9.999963641166687012e-01,-9.999955892562866211e-01,9.999963045120239258e-01,-9.999958276748657227e-01,-9.999553561210632324e-01,9.999975562095642090e-01,-9.999955892562866211e-01,9.999972581863403320e-01,-9.999965429306030273e-01,-9.999867081642150879e-01,-9.999954700469970703e-01,-9.999970197677612305e-01,9.999902844429016113e-01,9.999964237213134766e-01,-9.999942779541015625e-01,-9.999544620513916016e-01,-9.999894499778747559e-01,9.999747872352600098e-01,-9.999926686286926270e-01
9.999990463256835938e-01,-9.999992251396179199e-01,-9.999941587448120117e-01,9.999989867210388184e-01,9.999994039535522461e-01,-9.999994039535522461e-01,9.999976158142089844e-01,9.999995231628417969e-01,-9.999985098838806152e-01,9.999986886978149414e-01,-9.999991655349731445e-01,-9.999994039535522461e-01,9.999989867210388184e-01,9.999991059303283691e-01,9.999899864196777344e-01,9.999983906745910645e-01,9.999986290931701660e-01,-9.999992251396179199e-01,9.999961256980895996e-01,-9.999995231628417969e-01,-9.999994039535522461e-01,9.999938011169433594e-01,9.999991059303283691e-01,9.999991655349731445e-01,9.999938011169433594e-01,9.999994635581970215e-01,-9.999992251396179199e-01,-9.999994039535522461e-01,9.999901652336120605e-01,-9.999974370002746582e-01,-9.999963045120239258e-01,-9.999991655349731445e-01,9.999952316284179688e-01,9.999982714653015137e-01,-9.999983310699462891e-01,-9.999830722808837891e-01,9.999994635581970215e-01,9.999993443489074707e-01,9.999958276748657227e-01,-9.999994635581970215e-01,9.999992251396179199e-01,-9.999979138374328613e-01,9.999852180480957031e-01,9.999993443489074707e-01,9.999989271163940430e-01,9.999989867210388184e-01,-9.999913573265075684e-01,9.999990463256835938e-01,9.999994039535522461e-01,-9.999992847442626953e-01,-9.999992847442626953e-01,-9.999988079071044922e-01,-9.999994039535522461e-01,-9.999953508377075195e-01,-9.999985098838806152e-01,-9.999989271163940430e-01,-9.999980330467224121e-01,9.999172091484069824e-01,9.999986290931701660e-01,9.999992251396179199e-01,-9.999989271163940430e-01,9.999994635581970215e-01,9.999990463256835938e-01,9.999971985816955566e-01,-9.999974370002746582e-01,-9.999993443489074707e-01,-9.999994635581970215e-01,-9.999973177909851074e-01,-9.999994635581970215e-01,9.999994039535522461e-01,-9.999994039535522461e-01,9.999989271163940430e-01,9.999974370002746582e-01,-9.999957084655761719e-01,-9.999719262123107910e-01,-9.999989271163940430e-01,9.999958872795104980e-01,9.999994039535522461e-01,-9.999963045120239258e-01,-9.999981522560119629e-01,-9.999430775642395020e-01,9.999986886978149414e-01,-9.999993443489074707e-01,9.999982118606567383e-01,-9.999990463256835938e-01,-9.999927282333374023e-01,9.999937415122985840e-01,9.999994635581970215e-01,9.999773502349853516e-01,9.999964237213134766e-01,-9.999986886978149414e-01,9.999991059303283691e-01,-9.999871253967285156e-01,-9.999988079071044922e-01,9.999991655349731445e-01,-9.999988675117492676e-01,-9.999953508377075195e-01,9.999994039535522461e-01,-9.999994039535522461e-01,9.999954700469970703e-01,-9.999982118606567383e-01,9.999994039535522461e-01,-9.999826550483703613e-01,-9.999735355377197266e-01,9.999992251396179199e-01,9.999984502792358398e-01,-9.999732375144958496e-01,-9.999989271163940430e-01,-9.999965429306030273e-01,9.999991059303283691e-01,-9.999989867210388184e-01,9.999991655349731445e-01,-9.999990463256835938e-01,-9.999893903732299805e-01,9.999994635581970215e-01,-9.999989271163940430e-01,9.999994039535522461e-01,-9.999992251396179199e-01,-9.999967813491821289e-01,-9.999989867210388184e-01,-9.999993443489074707e-01,9.999976158142089844e-01,9.999991655349731445e-01,-9.999986290931701660e-01,-9.999891519546508789e-01,-9.999974966049194336e-01,9.999940395355224609e-01,-9.999982118606567383e-01
-9.999974966049194336e-01,9.999979734420776367e-01,9.999850392341613770e-01,-9.999973177909851074e-01,-9.999983310699462891e-01,9.999980926513671875e-01,-9.999939203262329102e-01,-9.999985098838806152e-01,9.999962449073791504e-01,-9.999966025352478027e-01,9.999977946281433105e-01,9.999983310699462891e-01,-9.999971985816955566e-01,-9.999976158142089844e-01,-9.999743700027465820e-01,-9.999958872795104980e-01,-9.999963045120239258e-01,9.999980330467224121e-01,-9.999899268150329590e-01,9.999985694885253906e-01,9.999983906745910645e-01,-9.999837875366210938e-01,-9.999976754188537598e-01,-9.999977350234985352e-01,-9.999837875366210938e-01,-9.999983906745910645e-01,9.999976754188537598e-01,9.999983310699462891e-01,-9.999747872352600098e-01,9.999935030937194824e-01,9.999903440475463867e-01,9.999977946281433105e-01,-9.999877810478210449e-01,-9.999957084655761719e-01,9.999958276748657227e-01,9.999563694000244141e-01,-9.999985098838806152e-01,-9.999979138374328613e-01,-9.999892711639404297e-01,9.999983310699462891e-01,-9.999979138374328613e-01,9.999946355819702148e-01,-9.999615550041198730e-01,-9.999982118606567383e-01,-9.999972581863403320e-01,-9.999973773956298828e-01,9.999775886535644531e-01,-9.999974370002746582e-01,-9.999982118606567383e-01,9.999979138374328613e-01,9.999980926513671875e-01,9.999969005584716797e-01,9.999983310699462891e-01,9.999879598617553711e-01,9.999962449073791504e-01,9.999970793724060059e-01,9.999950528144836426e-01,-9.997873306274414062e-01,-9.999964833259582520e-01,-9.999976754188537598e-01,9.999971985816955566e-01,-9.999985098838806152e-01,-9.999974370002746582e-01,-9.999927282333374023e-01,9.999934434890747070e-01,9.999982118606567383e-01,9.999985098838806152e-01,9.999932050704956055e-01,9.999982714653015137e-01,-9.999980926513671875e-01,9.999982118606567383e-01,-9.999971985816955566e-01,-9.999935626983642578e-01,9.999890923500061035e-01,9.999276995658874512e-01,9.999973177909851074e-01,-9.999894499778747559e-01,-9.999980926513671875e-01,9.999904632568359375e-01,9.999950528144836426e-01,9.998534917831420898e-01,-9.999964237213134766e-01,9.999982118606567383e-01,-9.999954700469970703e-01,9.999974370002746582e-01,9.999812841415405273e-01,-9.999837875366210938e-01,-9.999984502792358398e-01,-9.999416470527648926e-01,-9.999909996986389160e-01,9.999966025352478027e-01,-9.999974966049194336e-01,9.999669790267944336e-01,9.999969005584716797e-01,-9.999977350234985352e-01,9.999970197677612305e-01,9.999879002571105957e-01,-9.999984502792358398e-01,9.999982118606567383e-01,-9.999881982803344727e-01,9.999955296516418457e-01,-9.999980926513671875e-01,9.999552369117736816e-01,9.999316334724426270e-01,-9.999978542327880859e-01,-9.999960064888000488e-01,9.999311566352844238e-01,9.999971985816955566e-01,9.999911785125732422e-01,-9.999977350234985352e-01,9.999972581863403320e-01,-9.999977350234985352e-01,9.999973177909851074e-01,9.999726414680480957e-01,-9.999985098838806152e-01,9.999972581863403320e-01,-9.999983310699462891e-01,9.999979138374328613e-01,9.999918937683105469e-01,9.999972581863403320e-01,9.999982118606567383e-01,-9.999939799308776855e-01,-9.999978542327880859e-01,9.999965429306030273e-01,9.999721050262451172e-01,9.999935626983642578e-01,-9.999846220016479492e-01,9.999954700469970703e-01
9.999977350234985352e-01,-9.999982118606567383e-01,-9.999862313270568848e-01,9.999975562095642090e-01,9.999985694885253906e-01,-9.999983906745910645e-01,9.999943375587463379e-01,9.999986886978149414e-01,-9.999966025352478027e-01,9.999969005584716797e-01,-9.999980926513671875e-01,-9.999985694885253906e-01,9.999974966049194336e-01,9.999978542327880859e-01,9.999766349792480469e-01,9.999961853027343750e-01,9.999967217445373535e-01,-9.999982118606567383e-01,9.999908208847045898e-01,-9.999987483024597168e-01,-9.999985694885253906e-01,9.999852180480957031e-01,9.999979138374328613e-01,9.999979138374328613e-01,9.999852180480957031e-01,9.999986290931701660e-01,-9.999979138374328613e-01,-9.999985694885253906e-01,9.999770522117614746e-01,-9.999940395355224609e-01,-9.999911785125732422e-01,-9.999979138374328613e-01,9.999889731407165527e-01,9.999961256980895996e-01,-9.999961256980895996e-01,-9.999601840972900391e-01,9.999986290931701660e-01,9.999980926513671875e-01,9.999901652336120605e-01,-9.999985694885253906e-01,9.999980926513671875e-01,-9.999951124191284180e-01,9.999650120735168457e-01,9.999983310699462891e-01,9.999974966049194336e-01,9.999975562095642090e-01,-9.999795556068420410e-01,9.999976754188537598e-01,9.999983310699462891e-01,-9.999981522560119629e-01,-9.999982714653015137e-01,-9.999971985816955566e-01,-9.999984502792358398e-01,-9.999890327453613281e-01,-9.999965429306030273e-01,-9.999974370002746582e-01,-9.999955296516418457e-01,9.998059868812561035e-01,9.999967813491821289e-01,9.999978542327880859e-01,-9.999974966049194336e-01,9.999986290931701660e-01,9.999976754188537598e-01,9.999935030937194824e-01,-9.999940395355224609e-01,-9.999983906745910645e-01,-9.999987483024597168e-01,-9.999938607215881348e-01,-9.999983906745910645e-01,9.999982714653015137e-01,-9.999983310699462891e-01,9.999974370002746582e-01,9.999940991401672363e-01,-9.999899864196777344e-01,-9.999341368675231934e-01,-9.999976158142089844e-01,9.999904036521911621e-01,9.999983310699462891e-01,-9.999912381172180176e-01,-9.999955892562866211e-01,-9.998664259910583496e-01,9.999967217445373535e-01,-9.999983906745910645e-01,9.999958872795104980e-01,-9.999976754188537598e-01,-9.999830126762390137e-01,9.999851584434509277e-01,9.999985694885253906e-01,9.999467730522155762e-01,9.999918341636657715e-01,-9.999967813491821289e-01,9.999977350234985352e-01,-9.999698400497436523e-01,-9.999971985816955566e-01,9.999978542327880859e-01,-9.999973177909851074e-01,-9.999889731407165527e-01,9.999985694885253906e-01,-9.999983310699462891e-01,9.999892115592956543e-01,-9.999958872795104980e-01,9.999983906745910645e-01,-9.999591708183288574e-01,-9.999375939369201660e-01,9.999980330467224121e-01,9.999964833259582520e-01,-9.999372959136962891e-01,-9.999974370002746582e-01,-9.999919533729553223e-01,9.999979734420776367e-01,-9.999975562095642090e-01,9.999979138374328613e-01,-9.999975562095642090e-01,-9.999750256538391113e-01,9.999986290931701660e-01,-9.999975562095642090e-01,9.999984502792358398e-01,-9.999980330467224121e-01,-9.999925494194030762e-01,-9.999974966049194336e-01,-9.999983906745910645e-01,9.999945163726806641e-01,9.999980926513671875e-01,-9.999967217445373535e-01,-9.999746680259704590e-01,-9.999941587448120117e-01,9.999859333038330078e-01,-9.999958872795104980e-01
-9.999985098838806152e-01,9.999988675117492676e-01,9.999914169311523438e-01,-9.999983906745910645e-01,-9.999991059303283691e-01,9.999989271163940430e-01,-9.999964237213134766e-01,-9.999991655349731445e-01,9.999977946281433105e-01,-9.999980926513671875e-01,9.999987483024597168e-01,9.999989867210388184e-01,-9.999983906745910645e-01,-9.999986290931701660e-01,-9.999853372573852539e-01,-9.999976158142089844e-01,-9.999979138374328613e-01,9.999988079071044922e-01,-9.999942779541015625e-01,9.999992251396179199e-01,9.999991655349731445e-01,-9.999906420707702637e-01,-9.999986290931701660e-01,-9.999987483024597168e-01,-9.999907016754150391e-01,-9.999991655349731445e-01,9.999986886978149414e-01,9.999989867210388184e-01,-9.999855756759643555e-01,9.999961853027343750e-01,9.999944567680358887e-01,9.999986886978149414e-01,-9.999930262565612793e-01,-9.999975562095642090e-01,9.999974966049194336e-01,9.999749660491943359e-01,-9.999991655349731445e-01,-9.999988079071044922e-01,-9.999937415122985840e-01,9.999991059303283691e-01,-9.999988079071044922e-01,9.999969005584716797e-01,-9.999780654907226562e-01,-9.999989867210388184e-01,-9.999984502792358398e-01,-9.999984502792358398e-01,9.999870657920837402e-01,-9.999985694885253906e-01,-9.999989867210388184e-01,9.999987483024597168e-01,9.999989271163940430e-01,9.999982118606567383e-01,9.999989867210388184e-01,9.999930262565612793e-01,9.999978542327880859e-01,9.999983906745910645e-01,9.999971389770507812e-01,-9.998782277107238770e-01,-9.999979734420776367e-01,-9.999986886978149414e-01,9.999983906745910645e-01,-9.999992251396179199e-01,-9.999985098838806152e-01,-9.999958276748657227e-01,9.999961853027343750e-01,9.999989867210388184e-01,9.999992251396179199e-01,9.999960660934448242e-01,9.999990463256835938e-01,-9.999989271163940430e-01,9.999989867210388184e-01,-9.999983310699462891e-01,-9.999961256980895996e-01,9.999938011169433594e-01,9.999586343765258789e-01,9.999985098838806152e-01,-9.999939799308776855e-01,-9.999989271163940430e-01,9.999944567680358887e-01,9.999971389770507812e-01,9.999161362648010254e-01,-9.999979138374328613e-01,9.999990463256835938e-01,-9.999973177909851074e-01,9.999985098838806152e-01,9.999892711639404297e-01,-9.999907016754150391e-01,-9.999991059303283691e-01,-9.999665617942810059e-01,-9.999947547912597656e-01,9.999979734420776367e-01,-9.999985098838806152e-01,9.999811053276062012e-01,9.999981522560119629e-01,-9.999986290931701660e-01,9.999982714653015137e-01,9.999930858612060547e-01,-9.999991655349731445e-01,9.999989867210388184e-01,-9.999932050704956055e-01,9.999973177909851074e-01,-9.999989271163940430e-01,9.999744296073913574e-01,9.999608397483825684e-01,-9.999988079071044922e-01,-9.999977350234985352e-01,9.999606013298034668e-01,9.999984502792358398e-01,9.999948740005493164e-01,-9.999986886978149414e-01,9.999984502792358398e-01,-9.999986886978149414e-01,9.999985098838806152e-01,9.999843239784240723e-01,-9.999992251396179199e-01,9.999984502792358398e-01,-9.999991059303283691e-01,9.999988079071044922e-01,9.999953508377075195e-01,9.999983906745910645e-01,9.999990463256835938e-01,-9.999965429306030273e-01,-9.999987483024597168e-01,9.999979734420776367e-01,9.999840259552001953e-01,9.999963045120239258e-01,-9.999911785125732422e-01,9.999973773956298828e-01
-9.999988079071044922e-01,9.999991655349731445e-01,9.999935030937194824e-01,-9.999988675117492676e-01,-9.999992251396179199e-01,9.999992251396179199e-01,-9.999972581863403320e-01,-9.999994039535522461e-01,9.999983310699462891e-01,-9.999985694885253906e-01,9.999989867210388184e-01,9.999992251396179199e-01,-9.999987483024597168e-01,-9.999988675117492676e-01,-9.999888539314270020e-01,-9.999982118606567383e-01,-9.999985098838806152e-01,9.999992847442626953e-01,-9.999955892562866211e-01,9.999993443489074707e-01,9.999993443489074707e-01,-9.999929666519165039e-01,-9.999989867210388184e-01,-9.999989867210388184e-01,-9.999929666519165039e-01,-9.999994039535522461e-01,9.999989867210388184e-01,9.999993443489074707e-01,-9.999890923500061035e-01,9.999971389770507812e-01,9.999957680702209473e-01,9.999990463256835938e-01,-9.999946355819702148e-01,-9.999980926513671875e-01,9.999980330467224121e-01,9.999811649322509766e-01,-9.999992847442626953e-01,-9.999991655349731445e-01,-9.999953508377075195e-01,9.999993443489074707e-01,-9.999990463256835938e-01,9.999975562095642090e-01,-9.999833703041076660e-01,-9.999991655349731445e-01,-9.999988079071044922e-01,-9.999988675117492676e-01,9.999902248382568359e-01,-9.999988675117492676e-01,-9.999992847442626953e-01,9.999991059303283691e-01,9.999992251396179199e-01,9.999985694885253906e-01,9.999992847442626953e-01,9.999946951866149902e-01,9.999982714653015137e-01,9.999986886978149414e-01,9.999978542327880859e-01,-9.999078512191772461e-01,-9.999985098838806152e-01,-9.999989271163940430e-01,9.999987483024597168e-01,-9.999993443489074707e-01,-9.999988675117492676e-01,-9.999967813491821289e-01,9.999970197677612305e-01,9.999991655349731445e-01,9.999994039535522461e-01,9.999970793724060059e-01,9.999994039535522461e-01,-9.999992251396179199e-01,9.999992251396179199e-01,-9.999986886978149414e-01,-9.999970793724060059e-01,9.999952316284179688e-01,9.999687671661376953e-01,9.999988079071044922e-01,-9.999954104423522949e-01,-9.999992251396179199e-01,9.999958276748657227e-01,9.999977946281433105e-01,9.999365210533142090e-01,-9.999984502792358398e-01,9.999991655349731445e-01,-9.999980330467224121e-01,9.999988675117492676e-01,9.999918341636657715e-01,-9.999929666519165039e-01,-9.999993443489074707e-01,-9.999747276306152344e-01,-9.999960660934448242e-01,9.999984502792358398e-01,-9.999988675117492676e-01,9.999856948852539062e-01,9.999986886978149414e-01,-9.999989271163940430e-01,9.999986886978149414e-01,9.999947547912597656e-01,-9.999992847442626953e-01,9.999992847442626953e-01,-9.999947547912597656e-01,9.999980330467224121e-01,-9.999992251396179199e-01,9.999806284904479980e-01,9.999704360961914062e-01,-9.999991059303283691e-01,-9.999982714653015137e-01,9.999702572822570801e-01,9.999988079071044922e-01,9.999961256980895996e-01,-9.999991059303283691e-01,9.999988079071044922e-01,-9.999991059303283691e-01,9.999988079071044922e-01,9.999880790710449219e-01,-9.999994039535522461e-01,9.999987483024597168e-01,-9.999993443489074707e-01,9.999990463256835938e-01,9.999964237213134766e-01,9.999988079071044922e-01,9.999992847442626953e-01,-9.999972581863403320e-01,-9.999991059303283691e-01,9.999984502792358398e-01,9.999878406524658203e-01,9.999971389770507812e-01,-9.999932646751403809e-01,9.999978542327880859e-01
