3.849106132984161377e-01,7.343266624957323074e-03,1.768938079476356506e-02,-9.450464695692062378e-02,3.297500014305114746e-01,-2.800629138946533203e-01,1.202840916812419891e-02,4.421509206295013428e-01,9.570576995611190796e-02,1.650513149797916412e-02,-2.036008387804031372e-01,-1.166238561272621155e-01,-5.332123860716819763e-02,-1.015000860206782818e-03,2.860798500478267670e-03,2.362827509641647339e-01,1.984905684366822243e-03,5.983806401491165161e-02,2.602091804146766663e-02,-2.648769505321979523e-02,-7.319864630699157715e-02,-1.361847519874572754e-01,-1.108502969145774841e-01,7.070357352495193481e-02,1.974446885287761688e-02,2.073847502470016479e-01,6.570593919605016708e-03,-3.665418922901153564e-01,7.096154987812042236e-02,-8.359503000974655151e-02,-2.112277597188949585e-01,-4.623745381832122803e-02,-3.860835358500480652e-02,3.321642801165580750e-02,-1.157567463815212250e-02,-6.623249500989913940e-02,9.434904158115386963e-02,7.939183712005615234e-02,-2.952030003070831299e-01,-2.962478101253509521e-01,2.568370103836059570e-01,8.687790483236312866e-02,-4.839719831943511963e-02,1.278608944267034531e-02,-3.615527600049972534e-02,1.521748602390289307e-01,-5.503665655851364136e-02,-7.783499360084533691e-02,1.188639625906944275e-01,1.669492758810520172e-02,-1.621623039245605469e-01,-1.703750789165496826e-01,2.394097298383712769e-01,-8.137276768684387207e-02,-2.020581066608428955e-02,-1.538945138454437256e-01,1.447563320398330688e-01,5.051180254667997360e-03,3.430635482072830200e-02,8.801496773958206177e-02,-8.158479630947113037e-02,8.913779631257057190e-03,-3.683174261823296547e-03,1.920815557241439819e-01,1.305595934391021729e-01,-2.264695428311824799e-02,-2.993576824665069580e-01,1.938442885875701904e-01,-9.976139664649963379e-02,2.897815108299255371e-01,-2.561415135860443115e-01,2.145276665687561035e-01,1.999788358807563782e-02,2.602935768663883209e-03,-2.493148595094680786e-01,-2.330908030271530151e-01,3.391111968085169792e-04,3.466014936566352844e-02,-5.089217796921730042e-02,-4.608071967959403992e-02,1.088146641850471497e-01,-5.734702426707372069e-06,-1.480319499969482422e-01,4.794336564373224974e-04,-3.644672334194183350e-01,1.103757694363594055e-01,2.639389038085937500e-01,3.272204427048563957e-03,-9.551872313022613525e-02,1.517818272113800049e-01,-1.744755357503890991e-01,2.567667961120605469e-01,1.716844737529754639e-02,-1.044789627194404602e-01,-1.154499575495719910e-01,-3.176592886447906494e-01,1.003779768943786621e-01,-2.307227987330406904e-05,-1.321623921394348145e-01,2.447364032268524170e-01,-2.679474055767059326e-01,3.283714354038238525e-01,-4.402085021138191223e-02,-1.441627740859985352e-01,-8.385212160646915436e-03,1.088682934641838074e-01,1.041842997074127197e-01,1.331621780991554260e-02,-3.881282210350036621e-01,1.222421135753393173e-02,-8.476722985506057739e-02,1.436944156885147095e-01,-6.299964338541030884e-02,-8.226044476032257080e-02,1.322092413902282715e-01,-9.394267201423645020e-02,2.623963057994842529e-01,-5.153742432594299316e-02,-2.124903649091720581e-01,-5.955693125724792480e-02,-1.075343117117881775e-01,1.113529577851295471e-01,5.863459035754203796e-02,2.133382111787796021e-01,-2.108019962906837463e-02,1.375551521778106689e-01,1.417354773730039597e-02,1.806641817092895508e-01
7.343266624957323074e-03,7.017021067440509796e-03,-7.097607851028442383e-02,5.128858238458633423e-02,4.011165723204612732e-02,-3.774020122364163399e-03,3.677020315080881119e-03,1.374836359173059464e-02,5.482283607125282288e-02,5.395225435495376587e-02,-8.661120198667049408e-03,-3.691513091325759888e-02,5.416527390480041504e-02,5.682154372334480286e-02,6.753094494342803955e-02,7.533358037471771240e-02,-1.289723091758787632e-03,4.935920238494873047e-02,-6.558206677436828613e-02,-5.410980060696601868e-02,-4.962474852800369263e-02,4.588656872510910034e-02,5.139940604567527771e-02,-1.198496855795383453e-02,1.027547009289264679e-02,6.342567503452301025e-02,-6.679918617010116577e-02,-1.883344724774360657e-02,6.355018913745880127e-02,-1.699330843985080719e-02,6.757432129234075546e-03,-8.200908452272415161e-02,4.756081104278564453e-02,5.389594286680221558e-02,-1.935420907102525234e-03,-7.485630363225936890e-02,4.910529777407646179e-02,6.602129340171813965e-02,-4.977625235915184021e-02,-4.641104862093925476e-02,6.095897033810615540e-02,1.377743855118751526e-02,6.252858787775039673e-02,2.150307223200798035e-02,-1.221049111336469650e-02,-6.057367473840713501e-02,-6.776189059019088745e-02,-1.446265727281570435e-02,7.529826369136571884e-03,-5.844978149980306625e-03,-1.422234461642801762e-03,-1.521995384246110916e-02,4.456965252757072449e-02,9.272462339140474796e-04,-1.137455739080905914e-02,-7.794167101383209229e-02,2.991480566561222076e-02,2.932808594778180122e-03,-5.243150889873504639e-02,-5.452569201588630676e-02,-3.577668918296694756e-03,9.740548208355903625e-03,1.697998610325157642e-03,2.026572078466415405e-02,5.264857318252325058e-03,-2.159610204398632050e-02,2.149150520563125610e-02,7.019581645727157593e-02,-6.941828876733779907e-02,8.595875464379787445e-03,-5.727398023009300232e-02,-1.035492587834596634e-02,-2.914964035153388977e-02,6.872267276048660278e-02,-1.558434590697288513e-02,-6.317170709371566772e-02,-2.994413080159574747e-04,7.466962933540344238e-02,-1.340293418616056442e-02,-6.871464103460311890e-02,7.209300249814987183e-02,8.659326704218983650e-05,-6.458282470703125000e-02,-3.332640044391155243e-04,-6.279312074184417725e-02,-6.582364439964294434e-02,3.225735202431678772e-02,8.658053702674806118e-04,5.449284240603446960e-02,5.569777265191078186e-02,-1.185747236013412476e-02,-2.404751814901828766e-02,-5.576198175549507141e-02,2.428903244435787201e-02,-6.547959893941879272e-02,-2.351602539420127869e-03,3.649816662073135376e-02,-1.607406375114805996e-06,-5.666052922606468201e-02,5.808573588728904724e-02,-3.267690911889076233e-02,2.632759511470794678e-02,-7.559208571910858154e-02,-6.503251194953918457e-02,8.146759867668151855e-02,5.191184580326080322e-03,-6.363509595394134521e-02,-6.733529269695281982e-02,-2.066480694338679314e-03,-2.314635785296559334e-03,5.528952553868293762e-02,-5.696818977594375610e-02,-6.495200097560882568e-02,3.548708558082580566e-02,6.971974670886993408e-02,-6.797933578491210938e-02,3.829844295978546143e-02,1.914418302476406097e-02,-6.981624662876129150e-02,4.209891334176063538e-02,5.474767833948135376e-02,5.905689671635627747e-02,6.343197077512741089e-02,-3.220051899552345276e-02,-4.668138176202774048e-02,-5.042146891355514526e-02,-2.516051987186074257e-03,4.215454682707786560e-02
1.768938079476356506e-02,-7.097607851028442383e-02,7.791010141372680664e-01,-6.424362659454345703e-01,-3.826432228088378906e-01,-6.830224394798278809e-02,-6.247352808713912964e-02,-9.929018467664718628e-02,-5.470056533813476562e-01,-6.182085871696472168e-01,7.094512879848480225e-02,4.295185506343841553e-01,-5.743683576583862305e-01,-6.712803840637207031e-01,-7.534042596817016602e-01,-7.202541232109069824e-01,1.451564580202102661e-02,-5.495744943618774414e-01,7.155272960662841797e-01,6.418688297271728516e-01,4.896064996719360352e-01,-5.968436002731323242e-01,-6.429011225700378418e-01,1.583612859249114990e-01,-1.168324649333953857e-01,-6.027526855468750000e-01,7.218603491783142090e-01,1.046410873532295227e-01,-7.085877656936645508e-01,1.680330634117126465e-01,-1.109796613454818726e-01,8.212090730667114258e-01,-5.148996710777282715e-01,-6.750150918960571289e-01,2.488896809518337250e-02,7.573453187942504883e-01,-5.511157512664794922e-01,-7.216247916221618652e-01,4.761979877948760986e-01,4.976575672626495361e-01,-5.930713415145874023e-01,-1.410309523344039917e-01,-7.042469978332519531e-01,-2.610948979854583740e-01,7.854050397872924805e-02,6.952888965606689453e-01,7.560643553733825684e-01,1.590166836977005005e-01,-4.771433025598526001e-02,1.720214933156967163e-01,2.493152162060141563e-03,2.076001614332199097e-01,-4.556432664394378662e-01,-2.174760773777961731e-02,1.403209716081619263e-01,7.927567362785339355e-01,-3.763270080089569092e-01,-3.579166531562805176e-02,5.719617605209350586e-01,6.459800004959106445e-01,1.521785650402307510e-02,-1.025950983166694641e-01,-1.971640251576900482e-02,-1.458717137575149536e-01,-1.183889620006084442e-02,2.463518977165222168e-01,-2.509836852550506592e-01,-7.005100250244140625e-01,7.340248823165893555e-01,-1.843750104308128357e-02,6.069865226745605469e-01,2.023002803325653076e-01,3.396931290626525879e-01,-7.629039287567138672e-01,5.789804831147193909e-02,6.335303783416748047e-01,3.286456223577260971e-03,-8.036434054374694824e-01,1.577411293983459473e-01,7.399039864540100098e-01,-7.617971897125244141e-01,-1.080275163985788822e-03,7.002558708190917969e-01,4.799875896424055099e-03,5.864306688308715820e-01,7.445505261421203613e-01,-3.248898386955261230e-01,-9.746842086315155029e-03,-5.846927762031555176e-01,-6.327607035636901855e-01,1.068392246961593628e-01,2.738576233386993408e-01,6.224616169929504395e-01,-2.900121808052062988e-01,6.974986195564270020e-01,-3.879691660404205322e-02,-4.133557379245758057e-01,1.518416593171423301e-05,6.078897714614868164e-01,-5.771850943565368652e-01,3.990495204925537109e-01,-2.094582766294479370e-01,7.890989184379577637e-01,6.960390806198120117e-01,-8.297595977783203125e-01,-1.284594386816024780e-01,6.620631814002990723e-01,7.257779836654663086e-01,-7.630304247140884399e-02,2.643131092190742493e-02,-6.170474886894226074e-01,6.837922930717468262e-01,7.204514145851135254e-01,-5.023045539855957031e-01,-7.514164447784423828e-01,7.187883257865905762e-01,-3.662476241588592529e-01,-2.671704590320587158e-01,7.240889072418212891e-01,-5.084370374679565430e-01,-6.423864364624023438e-01,-6.368367671966552734e-01,-6.924828290939331055e-01,3.809238076210021973e-01,6.086761355400085449e-01,6.062722206115722656e-01,2.191908471286296844e-02,-4.587770998477935791e-01
-9.450464695692062378e-02,5.128858238458633423e-02,-6.424362659454345703e-01,6.844813823699951172e-01,1.577561795711517334e-01,1.512547433376312256e-01,6.496305018663406372e-02,-1.024448201060295105e-01,4.646197557449340820e-01,4.945112466812133789e-01,-1.717057079076766968e-01,-3.143722712993621826e-01,3.139443695545196533e-01,5.844175815582275391e-01,6.201377511024475098e-01,4.476984441280364990e-01,-8.139921352267265320e-03,4.252618849277496338e-01,-6.869066357612609863e-01,-5.386864542961120605e-01,-5.310944914817810059e-01,5.559572577476501465e-01,5.465397238731384277e-01,-7.875605672597885132e-02,9.566792100667953491e-02,3.164188563823699951e-01,-4.984835386276245117e-01,1.771016567945480347e-01,4.593507051467895508e-01,3.749687597155570984e-02,9.390063583850860596e-02,-6.921432614326477051e-01,5.860736966133117676e-01,5.586864352226257324e-01,-4.335944075137376785e-03,-5.073986053466796875e-01,3.698269724845886230e-01,5.575503110885620117e-01,-1.428240835666656494e-01,-4.639337658882141113e-01,4.921603500843048096e-01,1.884853690862655640e-01,5.334141850471496582e-01,1.941193938255310059e-01,-2.064291983842849731e-01,-4.810328185558319092e-01,-6.656603813171386719e-01,-1.442426592111587524e-01,7.059679925441741943e-02,-1.075080931186676025e-01,9.021672420203685760e-03,1.453791745007038116e-02,4.605129063129425049e-01,1.543673570267856121e-03,4.672330617904663086e-02,-5.729522705078125000e-01,3.665859103202819824e-01,2.528979629278182983e-02,-4.666526019573211670e-01,-6.808561086654663086e-01,-7.961472868919372559e-02,1.526649445295333862e-01,2.175596728920936584e-02,7.796961069107055664e-02,5.454623699188232422e-02,-1.929927170276641846e-01,1.400005370378494263e-01,4.484505057334899902e-01,-5.601133704185485840e-01,-2.241763323545455933e-01,-4.007422029972076416e-01,3.590724244713783264e-02,-3.947746157646179199e-01,6.445003747940063477e-01,-9.474609792232513428e-02,-4.650256633758544922e-01,-8.522277348674833775e-04,6.090261340141296387e-01,-3.348854780197143555e-01,-5.838934779167175293e-01,7.002366781234741211e-01,8.541130810044705868e-04,-4.852728843688964844e-01,1.970229932339861989e-04,-4.139866232872009277e-01,-6.054420471191406250e-01,4.909297451376914978e-02,4.018295556306838989e-03,3.968395590782165527e-01,4.647371172904968262e-01,-1.293531060218811035e-01,-4.180648624897003174e-01,-6.029056906700134277e-01,3.328036367893218994e-01,-6.247608661651611328e-01,1.628427058458328247e-01,2.540145516395568848e-01,-7.626784736203262582e-06,-3.529653251171112061e-01,3.714188039302825928e-01,-2.173105627298355103e-01,-8.419227600097656250e-02,-7.151015400886535645e-01,-4.931111037731170654e-01,7.142758369445800781e-01,3.458590805530548096e-01,-7.420108318328857422e-01,-5.309576988220214844e-01,2.454515248537063599e-01,-3.136927261948585510e-02,6.209895610809326172e-01,-6.779647469520568848e-01,-6.431399583816528320e-01,5.716670155525207520e-01,5.703251957893371582e-01,-5.717565417289733887e-01,6.332133710384368896e-02,2.105848789215087891e-01,-5.422416329383850098e-01,5.311361551284790039e-01,5.067825317382812500e-01,5.967811346054077148e-01,6.010816097259521484e-01,-3.627091646194458008e-01,-5.241929888725280762e-01,-5.717436075210571289e-01,-2.264483831822872162e-02,3.080688118934631348e-01
3.297500014305114746e-01,4.011165723204612732e-02,-3.826432228088378906e-01,1.577561795711517334e-01,5.610153675079345703e-01,-2.341742515563964844e-01,4.043313860893249512e-02,5.496407151222229004e-01,2.802443504333496094e-01,2.949325740337371826e-01,-1.329934000968933105e-01,-3.190567493438720703e-01,3.333288133144378662e-01,2.841792106628417969e-01,3.777278661727905273e-01,6.708315610885620117e-01,-7.196201477199792862e-03,3.281553685665130615e-01,-2.825211882591247559e-01,-2.978930175304412842e-01,-1.660544276237487793e-01,1.283472925424575806e-01,1.995850801467895508e-01,-4.807448014616966248e-02,6.771451234817504883e-02,5.773956775665283203e-01,-4.104829132556915283e-01,-5.117093920707702637e-01,5.330232977867126465e-01,-2.547432780265808105e-01,-1.291703879833221436e-01,-4.484809339046478271e-01,1.007950156927108765e-01,3.584554195404052734e-01,-3.239045664668083191e-02,-5.178520083427429199e-01,3.805528581142425537e-01,4.469639062881469727e-01,-6.772406697273254395e-01,-4.436093866825103760e-01,4.924865961074829102e-01,8.367261290550231934e-02,3.350017964839935303e-01,1.445838660001754761e-01,4.703180864453315735e-02,-2.980713248252868652e-01,-4.129970669746398926e-01,-1.306254416704177856e-01,8.584644645452499390e-02,-9.167318791151046753e-02,-1.374848932027816772e-01,-3.817016780376434326e-01,3.400196135044097900e-01,-4.627101868391036987e-02,-1.992784291505813599e-01,-6.107431054115295410e-01,2.614146769046783447e-01,2.396746352314949036e-02,-2.291025519371032715e-01,-1.550436168909072876e-01,-2.231692709028720856e-02,-6.219972390681505203e-03,1.750440569594502449e-03,2.270362377166748047e-01,7.312635332345962524e-02,-1.358719766139984131e-01,-8.447553217411041260e-02,6.000353693962097168e-01,-4.625841677188873291e-01,4.027332067489624023e-01,-5.879092216491699219e-01,-7.967934757471084595e-02,-4.211011528968811035e-02,3.834946453571319580e-01,-1.829251945018768311e-01,-5.383936166763305664e-01,-2.359058940783143044e-03,4.983626306056976318e-01,1.242331415414810181e-02,-4.216811358928680420e-01,4.414964318275451660e-01,5.171126103959977627e-04,-5.347185730934143066e-01,-4.692302551120519638e-03,-6.439284682273864746e-01,-3.005700409412384033e-01,5.098804831504821777e-01,9.874165989458560944e-03,2.277653813362121582e-01,4.664646983146667480e-01,-1.735714972019195557e-01,2.190463542938232422e-01,-2.156444638967514038e-01,-2.694546245038509369e-02,-4.083812534809112549e-01,-3.279526531696319580e-01,3.461231291294097900e-01,-2.943950312328524888e-05,-4.903478026390075684e-01,5.514341592788696289e-01,-4.850326180458068848e-01,5.324091911315917969e-01,-4.081135988235473633e-01,-5.200535655021667480e-01,4.185643196105957031e-01,1.526591833680868149e-02,-1.248349547386169434e-01,-4.072923362255096436e-01,-3.961198627948760986e-01,6.632044445723295212e-03,1.272411048412322998e-01,-1.467443555593490601e-01,-3.873298168182373047e-01,6.879793107509613037e-02,5.520495772361755371e-01,-4.360195696353912354e-01,5.370548367500305176e-01,1.024732515215873718e-01,-5.885742306709289551e-01,1.066216230392456055e-01,2.402679622173309326e-01,3.386552929878234863e-01,3.471365272998809814e-01,3.860725834965705872e-02,-2.876600325107574463e-01,-1.138834282755851746e-01,1.004773192107677460e-03,4.069193601608276367e-01
-2.800629138946533203e-01,-3.774020122364163399e-03,-6.830224394798278809e-02,1.512547433376312256e-01,-2.341742515563964844e-01,2.545436024665832520e-01,2.014763280749320984e-02,-3.206326067447662354e-01,-7.415210455656051636e-02,2.192967385053634644e-02,9.646552801132202148e-02,6.890024989843368530e-02,2.516396529972553253e-02,4.703592509031295776e-02,4.536030441522598267e-02,-1.703374087810516357e-01,-1.950096338987350464e-03,-2.330674044787883759e-02,-8.542864769697189331e-02,-3.720693662762641907e-02,1.199451275169849396e-02,1.389309763908386230e-01,1.317328065633773804e-01,-4.243250191211700439e-02,-8.336153812706470490e-03,-1.761849969625473022e-01,-2.713752165436744690e-02,3.046223521232604980e-01,-1.778308674693107605e-02,5.938576534390449524e-02,1.578133255243301392e-01,-6.023318972438573837e-03,9.598097950220108032e-02,4.592970758676528931e-02,9.596825577318668365e-03,4.379531368613243103e-02,-5.525067076086997986e-02,-2.279481850564479828e-02,2.349749356508255005e-01,1.369304358959197998e-01,-1.585741341114044189e-01,-2.994028478860855103e-02,7.072140276432037354e-02,7.090288680046796799e-03,-2.910416340455412865e-03,-1.272364854812622070e-01,-2.517744712531566620e-02,4.122113063931465149e-02,-8.203673362731933594e-02,-1.917287334799766541e-02,1.234352886676788330e-01,1.139016747474670410e-01,-1.192422136664390564e-01,5.570420622825622559e-02,3.393265604972839355e-02,6.928150355815887451e-02,-6.507077068090438843e-02,-2.200827002525329590e-03,-5.815471336245536804e-02,-1.260889917612075806e-01,4.342367872595787048e-02,1.216089352965354919e-02,4.968820139765739441e-03,-1.351942270994186401e-01,-8.999613672494888306e-02,6.873101927340030670e-03,1.938989311456680298e-01,-1.209196746349334717e-01,4.631943255662918091e-02,-2.423153370618820190e-01,1.505175977945327759e-01,-1.424001455307006836e-01,-4.239822924137115479e-02,3.419702872633934021e-02,1.632407456636428833e-01,1.221185997128486633e-01,1.193994103232398629e-04,1.918254047632217407e-02,-2.211401052772998810e-02,1.000428665429353714e-02,-9.988536126911640167e-03,5.521042112377472222e-05,7.201739400625228882e-02,-4.276162071619182825e-04,2.361899465322494507e-01,-1.082014068961143494e-01,-1.815646290779113770e-01,-2.694552531465888023e-03,5.718822777271270752e-02,-8.033166080713272095e-02,9.347283095121383667e-02,-2.221686542034149170e-01,-6.271290779113769531e-02,1.019353643059730530e-01,3.562517464160919189e-02,2.383395433425903320e-01,-3.432970866560935974e-02,1.316101679549319670e-05,9.429027140140533447e-02,-1.697935312986373901e-01,1.646731942892074585e-01,-2.728766500949859619e-01,-1.313969679176807404e-02,7.910771667957305908e-02,5.984817817807197571e-02,2.934449911117553711e-02,-1.521653085947036743e-01,-2.250488474965095520e-02,3.167178630828857422e-01,-1.027145422995090485e-02,9.470347315073013306e-02,-1.841656863689422607e-01,-4.290317650884389877e-03,1.324840635061264038e-01,-4.170275479555130005e-02,2.794089727103710175e-02,-2.200362831354141235e-01,6.238647550344467163e-02,1.045697703957557678e-01,8.965945243835449219e-02,1.081393286585807800e-01,-2.543344907462596893e-02,4.798327106982469559e-03,-1.686881035566329956e-01,-3.687084466218948364e-02,-1.402221769094467163e-01,-1.495199743658304214e-02,-8.969245851039886475e-02
1.202840916812419891e-02,3.677020315080881119e-03,-6.247352808713912964e-02,6.496305018663406372e-02,4.043313860893249512e-02,2.014763280749320984e-02,3.410598635673522949e-02,3.448288887739181519e-02,-8.991102804429829121e-04,4.501008987426757812e-02,-4.130628705024719238e-02,-2.393659763038158417e-02,2.082772925496101379e-02,3.668862953782081604e-02,4.499405995011329651e-02,3.712143376469612122e-02,-1.154548954218626022e-03,4.212661087512969971e-02,-6.935691088438034058e-02,-5.093634128570556641e-02,-2.587627433240413666e-02,3.015077486634254456e-02,4.986655712127685547e-02,-1.044435892254114151e-03,7.234916090965270996e-03,2.129950746893882751e-02,-3.884503990411758423e-02,-8.145255036652088165e-03,5.805727094411849976e-02,-2.262213267385959625e-02,2.341489307582378387e-03,-4.476174339652061462e-02,5.564984306693077087e-02,5.932114645838737488e-02,-8.112430223263800144e-04,-3.207845613360404968e-02,3.369411081075668335e-02,5.151790007948875427e-02,-3.016129694879055023e-02,-7.113530486822128296e-02,4.707745835185050964e-02,2.106890268623828888e-02,5.035761371254920959e-02,1.935122720897197723e-02,-1.814960129559040070e-02,-3.158883377909660339e-02,-6.752838939428329468e-02,-1.400200184434652328e-02,7.929636165499687195e-03,4.363613203167915344e-03,9.375487454235553741e-03,-3.166078403592109680e-02,4.961913079023361206e-02,2.108880085870623589e-03,-6.075973156839609146e-03,-6.397870928049087524e-02,3.271821886301040649e-02,2.202154602855443954e-03,-4.805549234151840210e-02,-4.635678231716156006e-02,-1.320348773151636124e-02,7.213394157588481903e-03,1.477029174566268921e-03,1.896641962230205536e-02,6.357437931001186371e-03,-1.465738657861948013e-02,-7.853100076317787170e-03,5.026560276746749878e-02,-4.260140284895896912e-02,7.402409799396991730e-03,-6.089828908443450928e-02,-2.460929797962307930e-03,-1.386035140603780746e-02,4.122018814086914062e-02,-2.757159434258937836e-02,-6.949312239885330200e-02,7.396539876936003566e-05,5.699360370635986328e-02,-3.512717410922050476e-02,-4.030603170394897461e-02,6.781492382287979126e-02,5.339557901606895030e-05,-5.165043473243713379e-02,-6.069573573768138885e-04,-6.050061434507369995e-02,-3.417690098285675049e-02,4.312622174620628357e-02,3.548979002516716719e-04,9.403963573276996613e-03,4.569299146533012390e-02,-3.239908069372177124e-02,-1.780125685036182404e-02,-5.009968206286430359e-02,1.508514210581779480e-02,-5.887191370129585266e-02,-1.677468791604042053e-02,4.863056913018226624e-02,-4.532144430413609371e-06,-2.611099928617477417e-02,4.630637541413307190e-02,-4.479585587978363037e-02,9.755884297192096710e-03,-4.915984719991683960e-02,-4.820564389228820801e-02,6.994472444057464600e-02,5.972434580326080322e-02,-5.798585340380668640e-02,-3.782277926802635193e-02,3.148829797282814980e-03,-9.459924331167712808e-05,1.239679660648107529e-02,-6.124157086014747620e-02,-4.878751561045646667e-02,4.664598032832145691e-02,6.966488063335418701e-02,-4.901544004678726196e-02,1.264761947095394135e-02,2.303644828498363495e-02,-6.695733219385147095e-02,3.368793427944183350e-02,4.294448345899581909e-02,5.255133658647537231e-02,4.718299955129623413e-02,-1.110730599611997604e-02,-4.006459191441535950e-02,-3.051041252911090851e-02,-6.450567860156297684e-03,5.909775197505950928e-02
4.421509206295013428e-01,1.374836359173059464e-02,-9.929018467664718628e-02,-1.024448201060295105e-01,5.496407151222229004e-01,-3.206326067447662354e-01,3.448288887739181519e-02,7.165106534957885742e-01,5.984149873256683350e-02,7.680613547563552856e-02,-1.310811936855316162e-01,-2.369805872440338135e-01,1.268372684717178345e-01,5.728605017066001892e-02,1.180675029754638672e-01,4.784944653511047363e-01,-1.670268597081303596e-03,1.373175084590911865e-01,1.509386673569679260e-02,-8.943527191877365112e-02,7.576672732830047607e-02,-1.040761098265647888e-01,-4.893048107624053955e-02,-4.376086872071027756e-03,3.402573987841606140e-02,4.298002719879150391e-01,-1.702615618705749512e-01,-6.242893934249877930e-01,3.605459630489349365e-01,-2.598195970058441162e-01,-2.485220432281494141e-01,-1.373157650232315063e-01,-1.745215058326721191e-01,1.819130033254623413e-01,-3.654960542917251587e-02,-2.742400467395782471e-01,2.415395379066467285e-01,2.249331027269363403e-01,-6.439638733863830566e-01,-3.512082993984222412e-01,3.247261643409729004e-01,3.079911135137081146e-02,7.103551924228668213e-02,7.143748551607131958e-02,1.565369069576263428e-01,-4.249599203467369080e-02,-1.597029119729995728e-01,-9.482415020465850830e-02,8.831212669610977173e-02,-1.222942247986793518e-01,-2.011217176914215088e-01,-4.687865376472473145e-01,2.100928872823715210e-01,-8.918847143650054932e-02,-2.218267917633056641e-01,-3.788597583770751953e-01,1.950019747018814087e-01,1.649093441665172577e-02,2.671384438872337341e-02,1.344431340694427490e-01,-1.792002096772193909e-02,-6.441434472799301147e-02,-8.674344047904014587e-03,1.934076547622680664e-01,7.757727801799774170e-02,-5.877358093857765198e-02,-2.890051603317260742e-01,4.155344963073730469e-01,-2.377680093050003052e-01,5.435984730720520020e-01,-4.864142239093780518e-01,-5.552527680993080139e-02,1.253066062927246094e-01,1.224764510989189148e-01,-1.573759913444519043e-01,-3.720185458660125732e-01,-1.516484888270497322e-03,2.437140792608261108e-01,1.050803437829017639e-01,-1.714687347412109375e-01,1.775373667478561401e-01,2.079295227304100990e-04,-3.578502237796783447e-01,-4.599926527589559555e-03,-5.179238319396972656e-01,-1.003281120210886002e-02,5.443307161331176758e-01,9.146950207650661469e-03,-2.087684907019138336e-02,3.283053338527679443e-01,-1.679841130971908569e-01,4.982294440269470215e-01,4.376940429210662842e-02,-1.924061179161071777e-01,-1.675999313592910767e-01,-4.791003465652465820e-01,2.508225739002227783e-01,-3.396932879695668817e-05,-3.570221066474914551e-01,4.224628806114196777e-01,-5.140180587768554688e-01,6.208566427230834961e-01,-1.126714348793029785e-01,-3.384426832199096680e-01,8.858661353588104248e-02,-2.117306739091873169e-02,2.256742417812347412e-01,-1.522971689701080322e-01,-5.816145539283752441e-01,2.526330761611461639e-02,-1.616904139518737793e-01,1.457435488700866699e-01,-1.440107226371765137e-01,-1.130634993314743042e-01,3.370858728885650635e-01,-2.009705007076263428e-01,5.395177602767944336e-01,2.689282968640327454e-02,-4.000067710876464844e-01,-1.309017241001129150e-01,-2.299263328313827515e-02,1.176446750760078430e-01,8.682788163423538208e-02,2.904725670814514160e-01,-1.265365928411483765e-01,1.634522825479507446e-01,2.617098577320575714e-02,3.343941867351531982e-01
9.570576995611190796e-02,5.482283607125282288e-02,-5.470056533813476562e-01,4.646197557449340820e-01,2.802443504333496094e-01,-7.415210455656051636e-02,-8.991102804429829121e-04,5.984149873256683350e-02,5.648171901702880859e-01,4.503687024116516113e-01,-1.520068347454071045e-01,-3.316391110420227051e-01,3.225578069686889648e-01,5.163215398788452148e-01,5.531270503997802734e-01,5.749598741531372070e-01,-7.221833802759647369e-03,3.730580210685729980e-01,-5.691674947738647461e-01,-4.713360667228698730e-01,-5.480130910873413086e-01,4.112362861633300781e-01,3.950354158878326416e-01,-7.166473567485809326e-02,9.571147710084915161e-02,4.817634522914886475e-01,-4.932517111301422119e-01,-5.973787605762481689e-02,4.202521145343780518e-01,-2.536066062748432159e-02,-9.080024436116218567e-03,-7.050437331199645996e-01,4.581654369831085205e-01,4.570567011833190918e-01,-9.414871223270893097e-03,-5.648472309112548828e-01,3.876146078109741211e-01,5.339522361755371094e-01,-2.871491611003875732e-01,-4.553231894969940186e-01,5.655072927474975586e-01,1.708617508411407471e-01,4.427869617938995361e-01,1.655564904212951660e-01,-1.932928115129470825e-01,-4.015970528125762939e-01,-5.662173628807067871e-01,-1.364787071943283081e-01,1.364890486001968384e-01,-8.994688838720321655e-02,-7.236199080944061279e-02,-1.532084587961435318e-02,4.848114848136901855e-01,-3.830276057124137878e-02,2.084230259060859680e-02,-5.851255655288696289e-01,3.347535133361816406e-01,2.336014807224273682e-02,-3.979101181030273438e-01,-5.154730081558227539e-01,-9.785223007202148438e-02,1.527407169342041016e-01,1.661431789398193359e-02,1.910293996334075928e-01,1.158123612403869629e-01,-1.843222975730895996e-01,5.074230208992958069e-02,5.133861899375915527e-01,-5.850065350532531738e-01,-3.301586955785751343e-02,-4.399948120117187500e-01,1.112484931945800781e-01,-3.562671542167663574e-01,5.893257856369018555e-01,-1.937089711427688599e-01,-4.954076111316680908e-01,-1.391694531776010990e-03,5.612537264823913574e-01,-2.292314320802688599e-01,-5.825206041336059570e-01,6.475782990455627441e-01,7.363812765106558800e-04,-4.860017299652099609e-01,9.361157426610589027e-04,-5.225679278373718262e-01,-5.086092352867126465e-01,1.575438678264617920e-01,5.729258991777896881e-03,4.250032603740692139e-01,4.701589345932006836e-01,-1.305407881736755371e-01,-2.536399662494659424e-01,-5.144841074943542480e-01,2.623540163040161133e-01,-5.912643074989318848e-01,1.344518549740314484e-02,2.018975615501403809e-01,-1.166180391010129824e-05,-4.196791648864746094e-01,4.539433121681213379e-01,-2.678174674510955811e-01,1.407672911882400513e-01,-6.742344498634338379e-01,-5.153219103813171387e-01,6.584252715110778809e-01,1.536475419998168945e-01,-6.043996214866638184e-01,-5.021825432777404785e-01,1.054251007735729218e-02,-2.651499025523662567e-02,5.753192305564880371e-01,-4.939805567264556885e-01,-5.785478353500366211e-01,4.053182303905487061e-01,5.106624960899353027e-01,-5.705367326736450195e-01,2.298950999975204468e-01,1.258508116006851196e-01,-5.521996021270751953e-01,4.156116247177124023e-01,3.798383176326751709e-01,5.642893314361572266e-01,5.531375408172607422e-01,-2.405330687761306763e-01,-4.387564659118652344e-01,-4.514754116535186768e-01,-8.407865534536540508e-04,3.238445222377777100e-01
1.650513149797916412e-02,5.395225435495376587e-02,-6.182085871696472168e-01,4.945112466812133789e-01,2.949325740337371826e-01,2.192967385053634644e-02,4.501008987426757812e-02,7.680613547563552856e-02,4.503687024116516113e-01,4.767165482044219971e-01,-8.761520683765411377e-02,-3.220564424991607666e-01,4.218610823154449463e-01,5.183901190757751465e-01,5.900202393531799316e-01,6.109936833381652832e-01,-1.093621179461479187e-02,3.959555625915527344e-01,-6.010047793388366699e-01,-4.965454936027526855e-01,-4.368088841438293457e-01,4.309413135051727295e-01,4.708917737007141113e-01,-1.150611564517021179e-01,9.121920913457870483e-02,5.014861822128295898e-01,-5.741346478462219238e-01,-8.253501355648040771e-02,5.519206523895263672e-01,-1.251019090414047241e-01,5.748249962925910950e-02,-7.137272357940673828e-01,4.324470460414886475e-01,5.229207277297973633e-01,-1.492254901677370071e-02,-6.246492266654968262e-01,4.130448102951049805e-01,5.713003277778625488e-01,-3.717281818389892578e-01,-4.172688126564025879e-01,5.046004652976989746e-01,1.234656944870948792e-01,5.270968675613403320e-01,1.886316537857055664e-01,-1.073101013898849487e-01,-5.304308533668518066e-01,-6.056728363037109375e-01,-1.145553663372993469e-01,7.654948532581329346e-02,-1.122010201215744019e-01,-5.846746731549501419e-03,-1.224262118339538574e-01,4.004165828227996826e-01,4.371620889287441969e-04,-7.126589864492416382e-02,-6.658280491828918457e-01,2.886650860309600830e-01,2.549634128808975220e-02,-4.392759799957275391e-01,-5.030137896537780762e-01,-4.631235450506210327e-02,1.069783344864845276e-01,1.541282981634140015e-02,1.543964147567749023e-01,4.192533716559410095e-02,-1.858759671449661255e-01,1.516606509685516357e-01,5.673107504844665527e-01,-5.990442037582397461e-01,9.837068617343902588e-03,-4.855753481388092041e-01,-9.153944998979568481e-02,-2.834489047527313232e-01,6.095822453498840332e-01,-1.068857014179229736e-01,-5.256423950195312500e-01,-2.096944022923707962e-03,6.518769264221191406e-01,-1.475555449724197388e-01,-6.015018820762634277e-01,6.554682850837707520e-01,7.751106168143451214e-04,-5.407687425613403320e-01,-2.484215423464775085e-03,-5.045884251594543457e-01,-5.686706304550170898e-01,2.434882223606109619e-01,6.765458267182111740e-03,4.608368277549743652e-01,4.859462380409240723e-01,-9.590107202529907227e-02,-2.314119338989257812e-01,-5.045510530471801758e-01,2.415463924407958984e-01,-5.785716772079467773e-01,1.969061046838760376e-02,2.802984714508056641e-01,-1.345265900454251096e-05,-4.552709162235260010e-01,4.612776935100555420e-01,-3.011196553707122803e-01,1.693378388881683350e-01,-6.656390428543090820e-01,-5.534912943840026855e-01,7.263254523277282715e-01,9.981254488229751587e-02,-5.888609886169433594e-01,-5.679362416267395020e-01,5.224229395389556885e-02,-2.199980989098548889e-02,5.087056159973144531e-01,-5.496351718902587891e-01,-5.736520886421203613e-01,4.006919264793395996e-01,5.911816954612731934e-01,-5.853175520896911621e-01,2.643100321292877197e-01,1.819400787353515625e-01,-5.948542952537536621e-01,3.896379172801971436e-01,4.592941701412200928e-01,5.243752598762512207e-01,5.450890064239501953e-01,-2.694135308265686035e-01,-4.548002481460571289e-01,-4.613072574138641357e-01,-1.342908851802349091e-02,3.701235353946685791e-01
-2.036008387804031372e-01,-8.661120198667049408e-03,7.094512879848480225e-02,-1.717057079076766968e-01,-1.329934000968933105e-01,9.646552801132202148e-02,-4.130628705024719238e-02,-1.310811936855316162e-01,-1.520068347454071045e-01,-8.761520683765411377e-02,3.164233267307281494e-01,9.158634394407272339e-02,1.559421867132186890e-01,-9.562627226114273071e-02,-6.551253050565719604e-02,-5.405697226524353027e-02,-3.007769584655761719e-03,-7.977732270956039429e-02,1.939654499292373657e-01,1.187654882669448853e-01,2.788999378681182861e-01,-3.359369561076164246e-02,-1.780077069997787476e-02,-9.139379858970642090e-02,-3.043720684945583344e-02,-1.262588985264301300e-02,-3.869378939270973206e-02,-5.575559567660093307e-03,3.690296038985252380e-02,-8.852937072515487671e-02,1.542158424854278564e-01,1.256161779165267944e-01,-2.448965162038803101e-01,-9.576736390590667725e-02,-9.097231552004814148e-03,-3.094001859426498413e-02,-5.098144710063934326e-02,-9.887538850307464600e-02,-5.393848195672035217e-02,3.488799333572387695e-01,-2.834744453430175781e-01,-1.722746789455413818e-01,1.394316367805004120e-02,-1.681025698781013489e-02,2.334851175546646118e-01,-1.736411452293395996e-01,1.680526435375213623e-01,8.804965764284133911e-02,-1.509727984666824341e-01,-6.348931789398193359e-02,9.658439457416534424e-02,-6.393025070428848267e-02,-3.513427376747131348e-01,8.332103490829467773e-02,-1.602463126182556152e-01,8.307555317878723145e-02,-2.097704708576202393e-01,-2.837952459231019020e-03,6.754437088966369629e-02,1.590297073125839233e-01,1.583939492702484131e-01,-1.117027923464775085e-01,-6.338462233543395996e-03,-1.514354199171066284e-01,-1.645252853631973267e-01,3.791953623294830322e-02,2.697936892509460449e-01,-6.947103887796401978e-02,9.235650300979614258e-02,3.147922456264495850e-02,1.528778821229934692e-01,-4.024909138679504395e-01,1.582806110382080078e-01,-7.622326165437698364e-02,2.957831025123596191e-01,2.107858359813690186e-01,-2.111947396770119667e-03,-2.115125954151153564e-02,2.995668947696685791e-01,8.447526395320892334e-02,-2.501479089260101318e-01,-6.022448360454291105e-05,6.323574483394622803e-02,-4.645298700779676437e-03,2.699196636676788330e-01,-4.615007340908050537e-02,-9.206376038491725922e-03,1.096553402021527290e-03,8.696646243333816528e-02,-1.202662214636802673e-01,2.069018930196762085e-01,7.960604876279830933e-02,1.813378781080245972e-01,-7.841602712869644165e-02,2.264531105756759644e-01,9.717545658349990845e-02,-3.620148450136184692e-02,1.630146834941115230e-05,-8.472284302115440369e-03,-1.492056846618652344e-01,1.199707910418510437e-01,1.485711988061666489e-02,1.749027818441390991e-01,9.113933145999908447e-02,-1.245292425155639648e-01,-3.661828935146331787e-01,2.433882355690002441e-01,-1.817278750240802765e-02,7.762867212295532227e-02,5.794767290353775024e-03,-1.191373616456985474e-01,1.075045242905616760e-01,1.768170446157455444e-01,-1.734177768230438232e-01,-1.041028574109077454e-01,1.378384828567504883e-01,4.751006141304969788e-02,1.828869991004467010e-02,1.689160019159317017e-01,-1.457919925451278687e-01,4.134965315461158752e-02,-2.489784210920333862e-01,-1.504849940538406372e-01,-5.726073682308197021e-02,1.016210764646530151e-01,5.445109680294990540e-02,3.140348708257079124e-04,-1.525367051362991333e-01
-1.166238561272621155e-01,-3.691513091325759888e-02,4.295185506343841553e-01,-3.143722712993621826e-01,-3.190567493438720703e-01,6.890024989843368530e-02,-2.393659763038158417e-02,-2.369805872440338135e-01,-3.316391110420227051e-01,-3.220564424991607666e-01,9.158634394407272339e-02,2.898299694061279297e-01,-2.797495126724243164e-01,-3.797826468944549561e-01,-4.342818260192871094e-01,-5.429888367652893066e-01,5.984080489724874496e-03,-2.814416885375976562e-01,3.847892880439758301e-01,3.509329557418823242e-01,2.791447639465332031e-01,-2.805314362049102783e-01,-2.916168868541717529e-01,7.263108342885971069e-02,-7.049196213483810425e-02,-4.329540729522705078e-01,4.137269258499145508e-01,1.922734528779983521e-01,-4.591452479362487793e-01,1.052142083644866943e-01,4.429018124938011169e-02,5.234999060630798340e-01,-2.274195104837417603e-01,-4.075415730476379395e-01,2.037832699716091156e-02,4.875120520591735840e-01,-3.270222842693328857e-01,-4.376057684421539307e-01,4.187905788421630859e-01,3.783794045448303223e-01,-4.237975776195526123e-01,-9.501445293426513672e-02,-3.475722372531890869e-01,-1.416874825954437256e-01,2.310953289270401001e-02,3.532828092575073242e-01,4.524389207363128662e-01,1.058444157242774963e-01,-7.507527619600296021e-02,1.495037227869033813e-01,8.523014932870864868e-02,1.904613524675369263e-01,-3.299557864665985107e-01,3.531876951456069946e-02,9.016921371221542358e-02,5.451045632362365723e-01,-2.711088955402374268e-01,-2.192081138491630554e-02,2.466065585613250732e-01,3.172781765460968018e-01,3.834239393472671509e-02,-6.076615676283836365e-02,-8.030906319618225098e-03,-1.246801987290382385e-01,-5.351513251662254333e-02,1.380792856216430664e-01,7.685057818889617920e-03,-4.765712916851043701e-01,4.661920666694641113e-01,-1.186317056417465210e-01,4.450986385345458984e-01,5.620099231600761414e-02,1.758373826742172241e-01,-4.598155617713928223e-01,8.367013186216354370e-02,4.213753342628479004e-01,1.628454192541539669e-03,-5.041324496269226074e-01,8.694536983966827393e-02,4.541725516319274902e-01,-4.959008097648620605e-01,-6.038717110641300678e-04,4.542643427848815918e-01,2.145792357623577118e-03,4.683708250522613525e-01,3.907121717929840088e-01,-2.675331234931945801e-01,-6.837490014731884003e-03,-2.793974280357360840e-01,-4.166253507137298584e-01,1.011445149779319763e-01,1.335439737886190414e-02,3.203759193420410156e-01,-1.166322231292724609e-01,4.299466311931610107e-01,9.765902161598205566e-02,-2.176898568868637085e-01,1.595934554643463343e-05,3.957978188991546631e-01,-4.007334411144256592e-01,3.404991030693054199e-01,-2.603660821914672852e-01,4.971639215946197510e-01,4.557814002037048340e-01,-4.917196035385131836e-01,-9.002198278903961182e-02,3.258519172668457031e-01,4.068250060081481934e-01,1.104767546057701111e-01,9.018006734549999237e-03,-3.249030709266662598e-01,3.264701962471008301e-01,4.373345077037811279e-01,-2.705954611301422119e-01,-4.804640710353851318e-01,4.397192597389221191e-01,-3.083847165107727051e-01,-1.261015534400939941e-01,4.989825189113616943e-01,-2.340225577354431152e-01,-2.800931334495544434e-01,-3.888056874275207520e-01,-3.874509930610656738e-01,9.192296117544174194e-02,3.642799258232116699e-01,2.692481577396392822e-01,-8.571062237024307251e-03,-3.035044074058532715e-01
