5.183480381965637207e-01,1.800281554460525513e-02,1.922442317008972168e-01,-2.795409560203552246e-01,3.548542559146881104e-01,-3.839262425899505615e-01,9.171062707901000977e-02,4.397549331188201904e-01,-4.133620858192443848e-02,-7.589711248874664307e-02,-3.498196899890899658e-01,-2.256401330232620239e-01,-2.397020310163497925e-01,-8.876744657754898071e-02,-6.432229280471801758e-02,1.525500565767288208e-01,4.759225528687238693e-03,-1.400457918643951416e-01,1.635505557060241699e-01,-1.261658519506454468e-01,-1.796033382415771484e-01,-3.308914601802825928e-01,-3.106978237628936768e-01,2.117077708244323730e-01,2.419812232255935669e-02,1.687200069427490234e-01,5.042338743805885315e-03,-4.203703105449676514e-01,-1.820033974945545197e-02,-1.103126853704452515e-01,-1.840004622936248779e-01,-1.039024442434310913e-02,-2.457161694765090942e-01,8.746480196714401245e-02,-1.100045721977949142e-02,8.327797986567020416e-03,7.853060960769653320e-02,-7.661467883735895157e-03,-1.971186548471450806e-01,-3.115186989307403564e-01,9.730383008718490601e-02,1.343604773283004761e-01,-2.415536642074584961e-01,-2.155087329447269440e-02,-2.291322126984596252e-02,3.400536477565765381e-01,4.796003177762031555e-02,8.168982714414596558e-02,1.541134268045425415e-01,-7.891426980495452881e-02,-2.381314337253570557e-01,-2.931298017501831055e-01,1.251142024993896484e-01,-6.490167230367660522e-02,3.779444843530654907e-02,-3.652416914701461792e-02,1.279649138450622559e-01,-8.937945822253823280e-04,2.094492316246032715e-01,3.543951213359832764e-01,-1.187061816453933716e-01,2.582633197307586670e-01,-8.800160139799118042e-03,2.802604436874389648e-01,1.616664677858352661e-01,-7.917028851807117462e-03,-4.196921885013580322e-01,5.565510317683219910e-02,1.180060440674424171e-03,3.452495038509368896e-01,-1.988862901926040649e-01,2.466439008712768555e-01,-7.390281558036804199e-02,-1.347036808729171753e-01,-2.288674116134643555e-01,-9.395585209131240845e-02,1.127109280787408352e-03,-6.771720200777053833e-02,1.487178653478622437e-01,8.741205930709838867e-02,4.983271006494760513e-03,-8.558668923797085881e-05,-1.181828752160072327e-01,-5.555430892854928970e-03,-2.209791988134384155e-01,1.880684792995452881e-01,3.421002328395843506e-01,1.308958278968930244e-03,-1.725784093141555786e-01,8.192173391580581665e-02,-1.254228949546813965e-01,3.857682049274444580e-01,2.324118018150329590e-01,-2.379778474569320679e-01,4.499746114015579224e-02,-3.826750218868255615e-01,-1.133545264601707458e-01,-1.218042325490387157e-05,-1.094910651445388794e-01,4.220261424779891968e-02,-4.105720520019531250e-01,4.064330160617828369e-01,7.944924384355545044e-02,-7.842107862234115601e-02,-1.668290048837661743e-01,8.869379013776779175e-02,3.308920562267303467e-01,2.405054718255996704e-01,-4.369570016860961914e-01,2.012502588331699371e-02,-1.660500615835189819e-01,2.855944931507110596e-01,1.564413011074066162e-01,-6.922096759080886841e-02,7.482884917408227921e-03,-1.312793325632810593e-02,2.985137999057769775e-01,-3.166557848453521729e-01,-6.612382084131240845e-02,-2.339628487825393677e-01,-2.312166690826416016e-01,-3.570052608847618103e-02,-3.548868000507354736e-02,4.139100611209869385e-01,-6.091441214084625244e-02,2.827582359313964844e-01,-2.340301405638456345e-03,1.216213703155517578e-01
1.800281554460525513e-02,1.084650680422782898e-02,-7.096531987190246582e-02,4.190698266029357910e-02,7.019204646348953247e-02,-2.992831170558929443e-02,-1.235659327358007431e-02,6.336606293916702271e-02,5.865031853318214417e-02,6.572881340980529785e-02,5.298055242747068405e-03,-5.393555760383605957e-02,7.198518514633178711e-02,5.641055479645729065e-02,7.083463668823242188e-02,1.022092998027801514e-01,-6.402080762200057507e-04,6.276373565196990967e-02,-6.655158847570419312e-02,-4.078610241413116455e-02,-2.106801047921180725e-02,4.081019386649131775e-02,4.189467057585716248e-02,-3.344241157174110413e-02,1.405764371156692505e-02,9.215917438268661499e-02,-7.295603305101394653e-02,-6.507348269224166870e-02,8.561050146818161011e-02,-3.718569874763488770e-02,-1.485611777752637863e-03,-8.292473852634429932e-02,2.015252411365509033e-02,5.992202833294868469e-02,-4.002630244940519333e-03,-9.369924664497375488e-02,7.545807957649230957e-02,8.091152459383010864e-02,-9.688725322484970093e-02,-5.692325159907341003e-02,7.530506700277328491e-02,-5.821608006954193115e-03,6.541087478399276733e-02,4.443273320794105530e-02,1.800876297056674957e-02,-6.081980094313621521e-02,-6.776797026395797729e-02,-2.940417267382144928e-02,-3.488117456436157227e-02,6.817382527515292168e-04,-2.474212786182761192e-03,-4.686750844120979309e-02,4.446959868073463440e-02,8.318042382597923279e-03,-4.254501312971115112e-02,-8.731292188167572021e-02,3.418987244367599487e-02,2.718784380704164505e-03,-6.894724071025848389e-02,-2.514296397566795349e-02,3.938745241612195969e-03,-2.710654772818088531e-02,1.424380927346646786e-03,3.266831859946250916e-02,7.330466061830520630e-03,-2.751693502068519592e-02,3.622383624315261841e-02,9.493196755647659302e-02,-7.671447098255157471e-02,5.932817235589027405e-02,-8.330795168876647949e-02,-3.539781272411346436e-02,-1.010930351912975311e-02,7.398059219121932983e-02,-3.468995541334152222e-02,-8.668275922536849976e-02,-3.218156925868242979e-04,8.102402091026306152e-02,-1.330447965301573277e-03,-7.070505619049072266e-02,6.849226355552673340e-02,3.671362719614990056e-05,-7.515354454517364502e-02,-6.381463608704507351e-04,-9.095481038093566895e-02,-6.781113147735595703e-02,6.014165654778480530e-02,1.066811382770538330e-03,7.127481698989868164e-02,6.988594681024551392e-02,-1.064795162528753281e-02,4.565024748444557190e-03,-5.504171177744865417e-02,6.891058292239904404e-03,-6.929969787597656250e-02,-1.415199786424636841e-02,5.938908830285072327e-02,2.645720940108731156e-07,-7.664468884468078613e-02,8.009316772222518921e-02,-4.193246737122535706e-02,6.952104717493057251e-02,-7.583998888731002808e-02,-8.798478543758392334e-02,7.740644365549087524e-02,-3.083386458456516266e-02,-4.327686503529548645e-02,-8.100850880146026611e-02,-5.714648589491844177e-02,1.182771520689129829e-03,3.943037986755371094e-02,-4.822587221860885620e-02,-7.001809775829315186e-02,-3.736083209514617920e-02,8.155004680156707764e-02,-7.150483131408691406e-02,7.463017851114273071e-02,4.220246896147727966e-02,-8.701983094215393066e-02,3.404965624213218689e-02,7.290783524513244629e-02,5.767950043082237244e-02,5.586361885070800781e-02,-3.527328744530677795e-02,-3.210622817277908325e-02,-2.243432216346263885e-02,-1.008295360952615738e-02,6.641032546758651733e-02
1.922442317008972168e-01,-7.096531987190246582e-02,7.611449956893920898e-01,-6.663650274276733398e-01,-3.859054744243621826e-01,2.220092900097370148e-02,1.326303035020828247e-01,-2.665895521640777588e-01,-5.789557099342346191e-01,-6.087705492973327637e-01,-1.172513216733932495e-01,3.584334254264831543e-01,-6.549963951110839844e-01,-6.397519707679748535e-01,-7.204247117042541504e-01,-7.236635088920593262e-01,6.099092308431863785e-03,-6.034667491912841797e-01,7.194432616233825684e-01,4.104138910770416260e-01,1.981097161769866943e-01,-6.162131428718566895e-01,-6.086143255233764648e-01,3.964089751243591309e-01,-1.417313516139984131e-01,-6.232865452766418457e-01,6.674336791038513184e-01,2.262476533651351929e-01,-7.339641451835632324e-01,2.003116160631179810e-01,-4.198180884122848511e-02,7.389667034149169922e-01,-4.250214993953704834e-01,-5.959103107452392578e-01,2.705741487443447113e-02,7.538852095603942871e-01,-6.110218167304992676e-01,-7.419906854629516602e-01,6.115968823432922363e-01,4.242544472217559814e-01,-6.419119238853454590e-01,3.856647014617919922e-02,-7.196934223175048828e-01,-4.222342967987060547e-01,-1.241512149572372437e-01,7.324673533439636230e-01,7.113831639289855957e-01,3.036987185478210449e-01,3.212894201278686523e-01,2.622221596539020538e-02,-7.265057414770126343e-02,2.107230126857757568e-01,-4.466597437858581543e-01,-1.040897592902183533e-01,3.211346864700317383e-01,7.380098104476928711e-01,-3.930400013923645020e-01,-2.789684571325778961e-02,7.090891003608703613e-01,5.579121708869934082e-01,-6.807199120521545410e-02,3.193557560443878174e-01,-2.330452762544155121e-02,-8.355261385440826416e-02,1.722828485071659088e-02,2.714057564735412598e-01,-4.495978951454162598e-01,-7.426002025604248047e-01,6.937084794044494629e-01,-2.638988196849822998e-01,6.275397539138793945e-01,3.569797873497009277e-01,1.752113401889801025e-01,-7.576736807823181152e-01,2.169909179210662842e-01,6.905778050422668457e-01,2.983933780342340469e-03,-7.710328698158264160e-01,2.140867710113525391e-01,7.172697186470031738e-01,-6.868343949317932129e-01,-4.548924916889518499e-04,6.407624483108520508e-01,-9.304047562181949615e-04,6.481086611747741699e-01,7.554400563240051270e-01,-2.834024429321289062e-01,-8.098203688859939575e-03,-6.930522918701171875e-01,-6.335014104843139648e-01,1.004699543118476868e-01,2.237252891063690186e-01,6.836158037185668945e-01,-3.078863024711608887e-01,6.885450482368469238e-01,-1.491156667470932007e-01,-5.566524863243103027e-01,-7.027065748843597248e-06,5.851770639419555664e-01,-6.230268478393554688e-01,1.936967223882675171e-01,-2.836957871913909912e-01,7.633066177368164062e-01,7.137014269828796387e-01,-7.894962430000305176e-01,9.093256294727325439e-02,6.360415816307067871e-01,7.848880887031555176e-01,1.959932893514633179e-01,8.337983861565589905e-03,-5.485475063323974609e-01,6.887357234954833984e-01,7.628000974655151367e-01,8.334820717573165894e-02,-7.522694468498229980e-01,6.601843237876892090e-01,-4.064729809761047363e-01,-5.963265299797058105e-01,7.307724952697753906e-01,-5.525498986244201660e-01,-7.352492809295654297e-01,-6.283875107765197754e-01,-6.183551549911499023e-01,5.577929019927978516e-01,4.152519702911376953e-01,4.737106263637542725e-01,5.222043395042419434e-02,-5.479296445846557617e-01
-2.795409560203552246e-01,4.190698266029357910e-02,-6.663650274276733398e-01,7.436692118644714355e-01,1.664838194847106934e-01,4.892843216657638550e-02,-9.109759330749511719e-02,2.763221412897109985e-02,5.766683220863342285e-01,4.519801139831542969e-01,-3.185391798615455627e-02,-1.815260797739028931e-01,4.414755105972290039e-01,6.007059216499328613e-01,6.376181840896606445e-01,4.921132624149322510e-01,-3.008033847436308861e-03,4.465221464633941650e-01,-6.771122217178344727e-01,-4.109655320644378662e-01,-3.314026892185211182e-01,6.015565395355224609e-01,5.714349746704101562e-01,-2.976318299770355225e-01,1.391247957944869995e-01,3.865285813808441162e-01,-5.337169766426086426e-01,6.189543008804321289e-02,5.234327316284179688e-01,-1.269666105508804321e-02,-7.985418662428855896e-03,-6.713184714317321777e-01,5.834861993789672852e-01,5.437879562377929688e-01,-7.270424626767635345e-03,-5.528217554092407227e-01,4.242534637451171875e-01,6.454594135284423828e-01,-3.077928423881530762e-01,-3.714442551136016846e-01,5.929077267646789551e-01,9.706165641546249390e-02,6.007757782936096191e-01,2.909007370471954346e-01,-9.329772740602493286e-02,-6.191130280494689941e-01,-6.718944311141967773e-01,-2.324611842632293701e-01,-9.265822917222976685e-02,4.636749625205993652e-03,6.378800421953201294e-02,4.941267147660255432e-02,5.211594104766845703e-01,5.121024325489997864e-02,-8.853949606418609619e-02,-5.629346370697021484e-01,4.506329298019409180e-01,2.266960032284259796e-02,-6.119287014007568359e-01,-7.117956280708312988e-01,-1.091164164245128632e-02,-1.716141998767852783e-01,3.016173839569091797e-02,-1.590260304510593414e-03,2.959606982767581940e-02,-2.364562302827835083e-01,3.245319426059722900e-01,5.394330620765686035e-01,-5.736088752746582031e-01,9.537238627672195435e-03,-4.594573378562927246e-01,-9.917460381984710693e-02,-3.154344558715820312e-01,6.752763390541076660e-01,-2.703797519207000732e-01,-5.312694907188415527e-01,-1.549739972688257694e-03,6.328912973403930664e-01,-3.909477293491363525e-01,-6.503473520278930664e-01,6.587120890617370605e-01,4.239073605276644230e-04,-5.016653537750244141e-01,9.944670833647251129e-03,-4.847106635570526123e-01,-6.900992393493652344e-01,3.047752007842063904e-02,3.985890652984380722e-03,5.657214522361755371e-01,5.321125984191894531e-01,-1.760311275720596313e-01,-4.040212333202362061e-01,-7.222420573234558105e-01,4.452131092548370361e-01,-6.474238038063049316e-01,2.803010940551757812e-01,3.832445144653320312e-01,5.543077350012026727e-06,-3.668642938137054443e-01,4.462067484855651855e-01,-5.167104303836822510e-02,1.119511667639017105e-02,-7.311941981315612793e-01,-5.427777171134948730e-01,7.526379823684692383e-01,1.735866367816925049e-01,-7.621513605117797852e-01,-6.394145488739013672e-01,2.384681440889835358e-02,-2.608914300799369812e-02,6.242669820785522461e-01,-7.383771538734436035e-01,-7.415404319763183594e-01,1.876145899295806885e-01,6.243523359298706055e-01,-5.979127883911132812e-01,1.274502873420715332e-01,5.248199105262756348e-01,-5.755524039268493652e-01,6.364124417304992676e-01,5.871952772140502930e-01,6.710051894187927246e-01,6.213854551315307617e-01,-5.548730492591857910e-01,-4.431965351104736328e-01,-5.828384757041931152e-01,-2.239347901195287704e-03,4.047077596187591553e-01
3.548542559146881104e-01,7.019204646348953247e-02,-3.859054744243621826e-01,1.664838194847106934e-01,6.854753494262695312e-01,-3.703745603561401367e-01,-2.108763717114925385e-02,7.046896219253540039e-01,3.006784021854400635e-01,3.833467662334442139e-01,-1.520380675792694092e-01,-5.421615839004516602e-01,3.339996337890625000e-01,3.523859381675720215e-01,4.671509861946105957e-01,7.438902854919433594e-01,-6.879685679450631142e-04,3.496053814888000488e-01,-3.468802869319915771e-01,-3.668017983436584473e-01,-1.705966144800186157e-01,1.193295344710350037e-01,1.299266666173934937e-01,-1.177709773182868958e-01,1.112328395247459412e-01,6.756606698036193848e-01,-5.079376697540283203e-01,-6.638839244842529297e-01,6.137997508049011230e-01,-3.133196234703063965e-01,-1.194115951657295227e-01,-5.285583138465881348e-01,-5.358636379241943359e-02,5.133415460586547852e-01,-3.992490842938423157e-02,-5.990045070648193359e-01,5.650477409362792969e-01,5.355923771858215332e-01,-7.584741711616516113e-01,-5.767477750778198242e-01,5.155117511749267578e-01,8.462914265692234039e-03,3.221553862094879150e-01,3.252441287040710449e-01,2.168145626783370972e-01,-2.650153636932373047e-01,-4.547035396099090576e-01,-1.598672121763229370e-01,-2.095723301172256470e-01,-1.436780840158462524e-01,-1.728440970182418823e-01,-5.705618858337402344e-01,3.398172855377197266e-01,3.833136335015296936e-02,-3.102507293224334717e-01,-6.291005611419677734e-01,3.469650149345397949e-01,2.056035958230495453e-02,-3.162817358970642090e-01,2.600762434303760529e-02,-6.394784897565841675e-03,-6.535643339157104492e-02,1.161545515060424805e-03,3.138219416141510010e-01,9.233529120683670044e-02,-1.966092139482498169e-01,-1.970362477004528046e-02,6.522278785705566406e-01,-5.109174251556396484e-01,6.155007481575012207e-01,-6.858011484146118164e-01,-1.962226331233978271e-01,-8.449077606201171875e-02,4.330667257308959961e-01,-2.739968299865722656e-01,-6.134881377220153809e-01,-1.637986861169338226e-03,5.485297441482543945e-01,9.987372905015945435e-02,-4.259917140007019043e-01,4.744973778724670410e-01,2.384217659709975123e-04,-6.026471853256225586e-01,-9.858505800366401672e-03,-7.016053795814514160e-01,-3.797261714935302734e-01,6.257536411285400391e-01,8.817341178655624390e-03,3.476048707962036133e-01,5.491409897804260254e-01,-1.297065615653991699e-01,3.310896754264831543e-01,-2.108137607574462891e-01,-1.023739501833915710e-01,-4.263068139553070068e-01,-3.230412304401397705e-01,3.491988480091094971e-01,-6.121103069745004177e-06,-5.973230004310607910e-01,5.278320312500000000e-01,-5.886131525039672852e-01,6.837458014488220215e-01,-4.594107270240783691e-01,-6.404328942298889160e-01,3.944985568523406982e-01,-1.046063527464866638e-01,-4.784480854868888855e-02,-4.004256129264831543e-01,-6.275570392608642578e-01,2.521921508014202118e-02,1.476379483938217163e-01,-1.771044433116912842e-01,-3.895493447780609131e-01,-2.471284717321395874e-01,5.928465723991394043e-01,-4.590607881546020508e-01,6.735779047012329102e-01,1.572229564189910889e-01,-6.322373151779174805e-01,8.916541934013366699e-02,3.655481040477752686e-01,3.387689292430877686e-01,3.502836823463439941e-01,1.713571138679981232e-02,-3.283451199531555176e-01,2.641404606401920319e-02,-5.573694780468940735e-02,5.351040363311767578e-01
-3.839262425899505615e-01,-2.992831170558929443e-02,2.220092900097370148e-02,4.892843216657638550e-02,-3.703745603561401367e-01,3.500233888626098633e-01,-4.184275493025779724e-02,-4.069177806377410889e-01,-1.484320014715194702e-01,-6.643388420343399048e-02,2.873614132404327393e-01,2.699169218540191650e-01,6.868849694728851318e-02,-1.041982918977737427e-01,-1.354779601097106934e-01,-3.200520873069763184e-01,-3.311177715659141541e-03,-1.225173939019441605e-02,3.985819593071937561e-02,2.190483063459396362e-01,2.528985142707824707e-01,1.219913661479949951e-01,1.229908540844917297e-01,-1.017163395881652832e-01,-5.996142327785491943e-02,-2.966709434986114502e-01,1.706185489892959595e-01,3.804720938205718994e-01,-1.517832875251770020e-01,1.031993478536605835e-01,1.654968559741973877e-01,2.347963005304336548e-01,8.317565917968750000e-02,-2.356634438037872314e-01,1.358883175998926163e-02,1.900131702423095703e-01,-2.045448571443557739e-01,-1.893399208784103394e-01,2.994978725910186768e-01,3.782358467578887939e-01,-2.660065293312072754e-01,-1.257266849279403687e-01,3.355766460299491882e-02,-6.458691507577896118e-02,2.109315246343612671e-02,-1.032805740833282471e-01,1.466757953166961670e-01,-1.088176202028989792e-02,-9.425172209739685059e-02,8.706346154212951660e-02,1.987727433443069458e-01,2.588939666748046875e-01,-2.481895387172698975e-01,4.179182276129722595e-02,6.807672791182994843e-03,2.141163647174835205e-01,-2.355732917785644531e-01,-5.691457074135541916e-03,-1.286259852349758148e-02,-1.216842979192733765e-01,1.017181500792503357e-01,-1.787001639604568481e-01,5.532810464501380920e-04,-2.452700287103652954e-01,-1.447818875312805176e-01,7.399999350309371948e-02,2.691372632980346680e-01,-2.289801239967346191e-01,1.874066144227981567e-01,-3.217780292034149170e-01,3.157484233379364014e-01,-1.655178219079971313e-01,1.513706147670745850e-01,-9.016651660203933716e-02,2.568049430847167969e-01,2.404459118843078613e-01,-3.828567569144070148e-04,-1.415063291788101196e-01,-4.925810545682907104e-02,1.243592500686645508e-01,-1.915798485279083252e-01,-4.605983485816977918e-05,2.587938308715820312e-01,2.491503255441784859e-03,3.503420352935791016e-01,4.909360408782958984e-02,-3.257072567939758301e-01,-2.580482745543122292e-03,-2.570770867168903351e-02,-2.324326485395431519e-01,1.383576691150665283e-01,-2.474224120378494263e-01,-1.129526644945144653e-03,9.656664729118347168e-02,1.405458450317382812e-01,2.641626596450805664e-01,9.048365056514739990e-03,7.454616934410296381e-06,2.223243415355682373e-01,-1.711563169956207275e-01,3.822283446788787842e-01,-3.883760869503021240e-01,1.576172858476638794e-01,2.438584268093109131e-01,-7.810863107442855835e-02,-7.969027012586593628e-02,-8.299815654754638672e-02,-5.935470573604106903e-03,4.001297056674957275e-01,-1.125017926096916199e-02,-4.910402372479438782e-02,-5.364161357283592224e-02,8.071731775999069214e-02,3.584176301956176758e-02,-1.964011788368225098e-01,1.854676306247711182e-01,-3.367792367935180664e-01,1.441321521997451782e-01,2.312278896570205688e-01,4.084585234522819519e-02,3.287755697965621948e-02,-1.551406830549240112e-01,-1.511748284101486206e-01,-2.146667987108230591e-01,1.802948862314224243e-01,-9.792790561914443970e-02,-1.162411281256936491e-04,-2.172854244709014893e-01
9.171062707901000977e-02,-1.235659327358007431e-02,1.326303035020828247e-01,-9.109759330749511719e-02,-2.108763717114925385e-02,-4.184275493025779724e-02,5.975778773427009583e-02,7.314555812627077103e-03,-8.003009110689163208e-02,-1.055867299437522888e-01,-1.313778758049011230e-01,2.525670826435089111e-02,-1.831472814083099365e-01,-7.979808747768402100e-02,-9.126722067594528198e-02,-1.110023185610771179e-01,2.676764270290732384e-03,-1.473684757947921753e-01,1.090086102485656738e-01,-1.884365640580654144e-02,-5.708293244242668152e-02,-1.229484900832176208e-01,-1.231651678681373596e-01,1.040025800466537476e-01,-4.578500520437955856e-03,-9.731534868478775024e-02,8.170771598815917969e-02,1.752732694149017334e-02,-1.214938312768936157e-01,3.718424588441848755e-02,-5.169863626360893250e-02,8.111846446990966797e-02,-5.424042791128158569e-02,-2.329572103917598724e-02,4.306172020733356476e-03,1.341479867696762085e-01,-8.660536259412765503e-02,-9.547295421361923218e-02,1.110328063368797302e-01,-2.939689531922340393e-02,-6.174385175108909607e-02,7.356651127338409424e-02,-1.521173715591430664e-01,-6.888213753700256348e-02,-6.817165762186050415e-02,1.648536324501037598e-01,8.043500781059265137e-02,7.511186599731445312e-02,1.269240081310272217e-01,-2.729831077158451080e-02,-6.314160674810409546e-02,6.625435315072536469e-03,1.098296605050563812e-02,-3.275432810187339783e-02,9.449013322591781616e-02,1.005656197667121887e-01,1.623695343732833862e-02,-3.723827889189124107e-03,1.462268233299255371e-01,8.768752217292785645e-02,-5.556643754243850708e-02,1.359503269195556641e-01,-1.681883004494011402e-03,2.515087649226188660e-02,3.890494257211685181e-02,2.911065146327018738e-02,-1.775442063808441162e-01,-1.160725653171539307e-01,9.471812099218368530e-02,-1.220227032899856567e-02,5.511419102549552917e-02,1.378964036703109741e-01,-4.476095736026763916e-02,-1.220227330923080444e-01,-2.388394065201282501e-02,8.863046765327453613e-02,9.380578412674367428e-04,-1.135848239064216614e-01,1.051399111747741699e-02,1.006809175014495850e-01,-6.366205215454101562e-02,-5.440592940431088209e-05,5.896444991230964661e-02,1.946281554410234094e-04,6.565408408641815186e-02,1.217133551836013794e-01,-1.259731687605381012e-02,-1.468506758101284504e-03,-1.365367621183395386e-01,-5.743521451950073242e-02,-3.879139199852943420e-02,6.348582357168197632e-02,1.076398193836212158e-01,-2.848960831761360168e-02,9.141085296869277954e-02,-6.225859373807907104e-02,-1.269048303365707397e-01,-4.307495601096889004e-06,8.217757940292358398e-02,-1.162900254130363464e-01,-5.383708328008651733e-02,-1.187976729124784470e-02,9.784329682588577271e-02,9.603266417980194092e-02,-1.169920191168785095e-01,1.170360818505287170e-01,1.015219613909721375e-01,1.832833886146545410e-01,-8.196564391255378723e-03,2.535027742851525545e-04,-6.287595629692077637e-02,9.135745465755462646e-02,1.159588247537612915e-01,1.022204533219337463e-01,-9.794445335865020752e-02,7.306799292564392090e-02,-5.175167322158813477e-02,-1.376094371080398560e-01,9.458952397108078003e-02,-7.712713629007339478e-02,-1.632315963506698608e-01,-5.290477350354194641e-02,-5.494158342480659485e-02,1.478423178195953369e-01,-1.572546549141407013e-02,6.392885744571685791e-02,2.056006342172622681e-02,-5.135590583086013794e-02
4.397549331188201904e-01,6.336606293916702271e-02,-2.665895521640777588e-01,2.763221412897109985e-02,7.046896219253540039e-01,-4.069177806377410889e-01,7.314555812627077103e-03,7.728818058967590332e-01,1.852891296148300171e-01,3.073176145553588867e-01,-1.652777791023254395e-01,-5.792289376258850098e-01,2.401237636804580688e-01,2.642464935779571533e-01,3.775427043437957764e-01,6.818335056304931641e-01,7.163343252614140511e-04,2.555911242961883545e-01,-2.174737900495529175e-01,-3.373866677284240723e-01,-1.076293811202049255e-01,4.753534216433763504e-03,8.572774007916450500e-03,-6.407576799392700195e-02,9.657327830791473389e-02,6.374006271362304688e-01,-4.474836587905883789e-01,-7.310823798179626465e-01,5.560668110847473145e-01,-3.360241949558258057e-01,-1.400814205408096313e-01,-4.244152307510375977e-01,-2.160128951072692871e-01,4.674328267574310303e-01,-4.463896900415420532e-02,-5.184037089347839355e-01,5.266764760017395020e-01,4.356512725353240967e-01,-7.418217062950134277e-01,-5.632912516593933105e-01,4.190829992294311523e-01,-1.199373975396156311e-02,2.053305804729461670e-01,2.976695597171783447e-01,2.845522463321685791e-01,-1.545150429010391235e-01,-3.501483798027038574e-01,-1.100626960396766663e-01,-2.005552202463150024e-01,-2.094496786594390869e-01,-2.231347709894180298e-01,-6.642903089523315430e-01,2.561165094375610352e-01,2.304376848042011261e-02,-3.224974274635314941e-01,-5.614655017852783203e-01,3.077601492404937744e-01,1.827582158148288727e-02,-1.825112551450729370e-01,1.909406632184982300e-01,-4.483034368604421616e-03,-1.306887809187173843e-02,-6.047467701137065887e-03,3.267707526683807373e-01,8.473715186119079590e-02,-1.670676916837692261e-01,-1.248518228530883789e-01,5.777374505996704102e-01,-4.360776245594024658e-01,6.795350909233093262e-01,-6.476567387580871582e-01,-2.098452299833297729e-01,-3.566672652959823608e-02,3.244249522686004639e-01,-2.108646482229232788e-01,-5.378493666648864746e-01,-1.398124964907765388e-03,4.649986922740936279e-01,2.027900665998458862e-01,-3.173372745513916016e-01,3.751325011253356934e-01,1.829286193242296576e-04,-5.557240843772888184e-01,-1.361656934022903442e-02,-6.385931968688964844e-01,-2.647665143013000488e-01,6.880342364311218262e-01,9.062757715582847595e-03,2.414080202579498291e-01,4.966123104095458984e-01,-9.759121388196945190e-02,4.909054338932037354e-01,-5.867259949445724487e-02,-2.030331641435623169e-01,-3.084001243114471436e-01,-4.254260063171386719e-01,2.736610472202301025e-01,-8.686972250870894641e-06,-5.766965746879577637e-01,4.489828348159790039e-01,-6.678449511528015137e-01,7.460172772407531738e-01,-3.351765573024749756e-01,-5.748737454414367676e-01,2.522935569286346436e-01,-1.344788074493408203e-01,1.392327249050140381e-01,-2.751976549625396729e-01,-6.937032341957092285e-01,3.497136011719703674e-02,2.770291082561016083e-02,-3.757740184664726257e-02,-2.560680806636810303e-01,-2.716304957866668701e-01,5.078973770141601562e-01,-3.637359738349914551e-01,7.044706344604492188e-01,5.624410510063171387e-02,-5.568324923515319824e-01,-5.525205656886100769e-02,2.497346848249435425e-01,2.152342647314071655e-01,2.430638372898101807e-01,1.693378090858459473e-01,-3.034985065460205078e-01,1.635200977325439453e-01,-4.945551604032516479e-02,5.095812082290649414e-01
-4.133620858192443848e-02,5.865031853318214417e-02,-5.789557099342346191e-01,5.766683220863342285e-01,3.006784021854400635e-01,-1.484320014715194702e-01,-8.003009110689163208e-02,1.852891296148300171e-01,6.256817579269409180e-01,4.549992978572845459e-01,-9.689256548881530762e-02,-2.913637757301330566e-01,3.849873244762420654e-01,5.776297450065612793e-01,6.213945746421813965e-01,6.119863986968994141e-01,-1.827317290008068085e-03,3.668980002403259277e-01,-5.985928773880004883e-01,-4.645982086658477783e-01,-4.267785847187042236e-01,4.600381851196289062e-01,4.173603355884552002e-01,-2.223667800426483154e-01,1.494749933481216431e-01,5.286253690719604492e-01,-5.807889103889465332e-01,-1.444732397794723511e-01,5.232590436935424805e-01,-9.256679564714431763e-02,-6.786834448575973511e-02,-7.462481856346130371e-01,4.278191626071929932e-01,5.674462318420410156e-01,-1.304715033620595932e-02,-6.266434788703918457e-01,4.789112210273742676e-01,6.532324552536010742e-01,-4.236570894718170166e-01,-4.682524502277374268e-01,6.485541462898254395e-01,1.231370568275451660e-01,5.031062364578247070e-01,2.723453640937805176e-01,-1.011277139186859131e-01,-5.140070319175720215e-01,-6.213890314102172852e-01,-1.675932854413986206e-01,-2.382236346602439880e-02,-3.373299911618232727e-02,-3.625341132283210754e-02,-6.795360147953033447e-02,5.540724992752075195e-01,1.040882058441638947e-02,-8.868333697319030762e-02,-5.973113179206848145e-01,4.634623229503631592e-01,2.101087942719459534e-02,-5.299690365791320801e-01,-5.336978435516357422e-01,-5.958489701151847839e-02,-3.866810351610183716e-02,2.637949027121067047e-02,1.523600369691848755e-01,9.395931661128997803e-02,-2.378788143396377563e-01,1.982952058315277100e-01,6.014549136161804199e-01,-6.176463961601257324e-01,1.731822639703750610e-01,-5.332286953926086426e-01,-3.494926542043685913e-02,-3.550653755664825439e-01,6.415894031524658203e-01,-3.396949768066406250e-01,-5.783185958862304688e-01,-1.400418230332434177e-03,6.208584904670715332e-01,-2.660860121250152588e-01,-6.416161656379699707e-01,6.462028622627258301e-01,3.783034044317901134e-04,-5.499900579452514648e-01,7.197286467999219894e-03,-5.850657224655151367e-01,-6.322851777076721191e-01,1.875830739736557007e-01,4.853159189224243164e-03,5.663182735443115234e-01,5.624087452888488770e-01,-1.782604157924652100e-01,-2.391378730535507202e-01,-6.277438998222351074e-01,3.461495637893676758e-01,-6.041134595870971680e-01,1.228695660829544067e-01,2.963238060474395752e-01,4.776202331413514912e-06,-4.463836550712585449e-01,4.643429517745971680e-01,-1.935441493988037109e-01,2.271805554628372192e-01,-7.159971594810485840e-01,-5.952270627021789551e-01,7.198677062988281250e-01,6.722611188888549805e-02,-6.429108977317810059e-01,-5.811805129051208496e-01,-1.773224771022796631e-01,-1.922544836997985840e-02,6.134033799171447754e-01,-6.158441901206970215e-01,-6.749836206436157227e-01,1.058143600821495056e-01,6.077335476875305176e-01,-6.276513338088989258e-01,2.970470190048217773e-01,3.482483029365539551e-01,-5.968134403228759766e-01,5.074642896652221680e-01,4.941977858543395996e-01,6.481840610504150391e-01,6.111490130424499512e-01,-3.812033832073211670e-01,-4.523726701736450195e-01,-4.605966806411743164e-01,-4.612611141055822372e-03,4.503345787525177002e-01
-7.589711248874664307e-02,6.572881340980529785e-02,-6.087705492973327637e-01,4.519801139831542969e-01,3.833467662334442139e-01,-6.643388420343399048e-02,-1.055867299437522888e-01,3.073176145553588867e-01,4.549992978572845459e-01,5.315722823143005371e-01,1.441813409328460693e-01,-3.347755372524261475e-01,5.925420522689819336e-01,4.933172464370727539e-01,5.923321247100830078e-01,7.104167938232421875e-01,-5.795772187411785126e-03,4.807350933551788330e-01,-5.716183781623840332e-01,-3.291223943233489990e-01,-1.232879832386970520e-01,4.448094964027404785e-01,4.407430291175842285e-01,-3.263411819934844971e-01,1.089853048324584961e-01,6.247218251228332520e-01,-5.972786545753479004e-01,-3.099763691425323486e-01,6.698225736618041992e-01,-2.403182536363601685e-01,5.296796187758445740e-02,-6.556319594383239746e-01,2.389070540666580200e-01,4.920466840267181396e-01,-2.692356146872043610e-02,-7.149149775505065918e-01,5.437246561050415039e-01,6.263570189476013184e-01,-6.383336782455444336e-01,-3.537839353084564209e-01,5.264330506324768066e-01,-7.298970222473144531e-02,5.774557590484619141e-01,3.504546582698822021e-01,1.440913379192352295e-01,-6.090084314346313477e-01,-5.505019426345825195e-01,-2.216569185256958008e-01,-2.851927876472473145e-01,-2.652667649090290070e-02,4.825364053249359131e-02,-2.687463462352752686e-01,3.220579922199249268e-01,8.601342886686325073e-02,-3.176973760128021240e-01,-6.693940758705139160e-01,2.594724297523498535e-01,2.144559100270271301e-02,-5.740349888801574707e-01,-3.422489762306213379e-01,6.093184277415275574e-02,-2.543785274028778076e-01,1.511223427951335907e-02,1.371840536594390869e-01,-1.918975263833999634e-02,-2.126660495996475220e-01,3.861958384513854980e-01,6.912705898284912109e-01,-5.984027385711669922e-01,3.155623376369476318e-01,-5.702009201049804688e-01,-3.693636357784271240e-01,-9.472122788429260254e-02,6.228425502777099609e-01,-1.533383727073669434e-01,-6.153208613395690918e-01,-2.666444983333349228e-03,6.683354377746582031e-01,-6.773655116558074951e-02,-5.838271379470825195e-01,5.480718016624450684e-01,3.356606466695666313e-04,-5.532130599021911621e-01,-3.057380206882953644e-03,-5.939208865165710449e-01,-6.069700121879577637e-01,3.279614150524139404e-01,7.491137832403182983e-03,6.072088479995727539e-01,5.267618298530578613e-01,-4.173177108168601990e-02,-9.494423866271972656e-02,-5.052887201309204102e-01,1.799924969673156738e-01,-5.369015336036682129e-01,4.676786065101623535e-02,4.558759033679962158e-01,6.246849807212129235e-06,-5.413925051689147949e-01,5.410238504409790039e-01,-2.148640453815460205e-01,3.668440878391265869e-01,-6.194093823432922363e-01,-6.443215608596801758e-01,6.665128469467163086e-01,-2.164756804704666138e-01,-4.598866701126098633e-01,-6.782585382461547852e-01,-2.481259852647781372e-01,-4.934599273838102818e-04,4.041267037391662598e-01,-5.165745019912719727e-01,-5.936661362648010254e-01,-1.607502251863479614e-01,6.332013607025146484e-01,-5.463710427284240723e-01,4.425779879093170166e-01,4.316032230854034424e-01,-6.395708918571472168e-01,3.609459698200225830e-01,6.181789636611938477e-01,4.653495550155639648e-01,4.697228074073791504e-01,-3.990808725357055664e-01,-3.054271340370178223e-01,-3.036176562309265137e-01,-6.055014580488204956e-02,4.701330661773681641e-01
-3.498196899890899658e-01,5.298055242747068405e-03,-1.172513216733932495e-01,-3.185391798615455627e-02,-1.520380675792694092e-01,2.873614132404327393e-01,-1.313778758049011230e-01,-1.652777791023254395e-01,-9.689256548881530762e-02,1.441813409328460693e-01,5.805275440216064453e-01,7.490469515323638916e-02,3.949235677719116211e-01,-2.230280265212059021e-02,-1.612008735537528992e-02,1.478732191026210785e-02,-8.033739402890205383e-03,2.170846909284591675e-01,-1.706173270940780640e-02,2.578850984573364258e-01,4.417275786399841309e-01,1.906123310327529907e-01,1.998575478792190552e-01,-2.592391669750213623e-01,-6.210914999246597290e-02,3.250516206026077271e-02,-2.097363024950027466e-02,4.753191024065017700e-02,1.294091492891311646e-01,-1.058389320969581604e-01,2.587367296218872070e-01,1.130002364516258240e-01,-1.145036518573760986e-01,-1.925085335969924927e-01,-1.022013556212186813e-02,-1.219005286693572998e-01,2.812130004167556763e-02,-5.986838042736053467e-02,-1.154054850339889526e-01,3.701224625110626221e-01,-2.085234224796295166e-01,-3.389138877391815186e-01,2.271011322736740112e-01,9.480382502079010010e-02,3.210666477680206299e-01,-3.210822641849517822e-01,1.050714999437332153e-01,-1.047895252704620361e-01,-4.115949571132659912e-01,4.074844717979431152e-02,2.462465912103652954e-01,-2.150968648493289948e-02,-3.773988485336303711e-01,1.146811917424201965e-01,-2.926813066005706787e-01,-1.998573914170265198e-02,-3.356348574161529541e-01,5.112947546876966953e-04,-1.642542332410812378e-01,3.668359294533729553e-02,2.258915007114410400e-01,-4.011161327362060547e-01,-7.529512047767639160e-03,-1.898067295551300049e-01,-2.316935956478118896e-01,3.344663232564926147e-02,5.061864256858825684e-01,4.736939445137977600e-02,2.516431559342890978e-04,-5.557606741786003113e-02,1.332062631845474243e-01,-5.538977384567260742e-01,3.302515149116516113e-01,5.288446694612503052e-02,3.820376396179199219e-01,5.361516773700714111e-02,-2.584195230156183243e-03,5.923058837652206421e-02,1.709828227758407593e-01,1.290393900126218796e-02,-1.703271269798278809e-01,3.157128048769664019e-06,9.464830905199050903e-02,-7.342141121625900269e-03,1.611470729112625122e-01,-7.854090631008148193e-02,-5.612708255648612976e-02,2.429231768473982811e-03,1.890666782855987549e-01,-1.160244047641754150e-01,2.856329977512359619e-01,-6.459629535675048828e-02,1.538495440036058426e-02,-4.305676743388175964e-02,8.885215222835540771e-02,1.711700111627578735e-01,2.089671939611434937e-01,1.409633659932296723e-05,-5.251329392194747925e-02,4.805375635623931885e-02,2.752816081047058105e-01,-7.254941016435623169e-02,9.312237799167633057e-02,2.164795622229576111e-02,-4.263859242200851440e-03,-4.985665977001190186e-01,5.327281728386878967e-02,-2.587854564189910889e-01,1.710838079452514648e-01,7.328203879296779633e-03,-8.395999670028686523e-02,-6.118752062320709229e-03,3.245102986693382263e-02,-3.295564353466033936e-01,-3.546185791492462158e-02,1.100075617432594299e-01,1.614945195615291595e-02,2.591840326786041260e-01,4.160876199603080750e-02,-4.048688337206840515e-02,2.537358701229095459e-01,-2.113909870386123657e-01,-1.436367034912109375e-01,-2.752270400524139404e-01,2.379847466945648193e-01,2.927401801571249962e-03,-5.681306496262550354e-02,-7.389633357524871826e-02
-2.256401330232620239e-01,-5.393555760383605957e-02,3.584334254264831543e-01,-1.815260797739028931e-01,-5.421615839004516602e-01,2.699169218540191650e-01,2.525670826435089111e-02,-5.792289376258850098e-01,-2.913637757301330566e-01,-3.347755372524261475e-01,7.490469515323638916e-02,4.663076698780059814e-01,-2.955949008464813232e-01,-3.624035120010375977e-01,-4.626068472862243652e-01,-7.118692398071289062e-01,1.180122417281381786e-04,-2.589226961135864258e-01,3.080377280712127686e-01,3.598919510841369629e-01,1.643526405096054077e-01,-1.565604209899902344e-01,-1.371000856161117554e-01,1.213528811931610107e-01,-1.028293147683143616e-01,-6.177895069122314453e-01,5.197721719741821289e-01,5.443132519721984863e-01,-5.826535820960998535e-01,2.497771978378295898e-01,9.144505113363265991e-02,5.532696843147277832e-01,6.581056863069534302e-02,-5.110745429992675781e-01,3.502742201089859009e-02,5.908285975456237793e-01,-4.941072463989257812e-01,-4.960741102695465088e-01,6.958982348442077637e-01,5.020971298217773438e-01,-4.490250647068023682e-01,3.416896332055330276e-03,-2.973655462265014648e-01,-2.769841849803924561e-01,-2.026022821664810181e-01,3.062179088592529297e-01,4.128515720367431641e-01,1.023328676819801331e-01,1.650779843330383301e-01,1.922490000724792480e-01,1.514367908239364624e-01,4.941594004631042480e-01,-2.960813343524932861e-01,-2.475878596305847168e-02,2.577171325683593750e-01,6.012978553771972656e-01,-3.187617063522338867e-01,-1.797565072774887085e-02,2.636811435222625732e-01,6.156237330287694931e-03,-6.671373266726732254e-04,2.411489561200141907e-02,-2.539290580898523331e-03,-2.195857167243957520e-01,-4.317478463053703308e-02,1.722668707370758057e-01,5.424778908491134644e-03,-6.060856580734252930e-01,4.959832727909088135e-01,-5.016914010047912598e-01,6.065105795860290527e-01,2.386530488729476929e-01,1.122759804129600525e-01,-4.254230260848999023e-01,1.566402316093444824e-01,5.303448438644409180e-01,1.516361022368073463e-03,-5.468358993530273438e-01,-9.051048755645751953e-02,4.129534959793090820e-01,-4.379902780055999756e-01,-2.407883584965020418e-04,5.530852675437927246e-01,7.937591522932052612e-03,6.055305600166320801e-01,3.920945227146148682e-01,-5.154861807823181152e-01,-7.497131824493408203e-03,-3.479350805282592773e-01,-5.035457015037536621e-01,7.071840763092041016e-02,-2.805783152580261230e-01,2.075621485710144043e-01,2.030226029455661774e-02,3.520173728466033936e-01,2.220581918954849243e-01,-2.424237877130508423e-01,2.552880232542520389e-06,5.378463864326477051e-01,-4.057463109493255615e-01,5.102514028549194336e-01,-5.955588817596435547e-01,4.503368437290191650e-01,5.901905298233032227e-01,-3.926361501216888428e-01,1.154400408267974854e-01,6.218952313065528870e-02,3.791229128837585449e-01,4.955404102802276611e-01,-1.732185669243335724e-02,-2.143196910619735718e-01,2.150083929300308228e-01,3.714480400085449219e-01,1.388102918863296509e-01,-5.461724400520324707e-01,4.201669991016387939e-01,-5.898749828338623047e-01,-1.458885073661804199e-01,5.665907859802246094e-01,-9.383823722600936890e-02,-3.201931715011596680e-01,-3.108207583427429199e-01,-3.381960988044738770e-01,-2.465349622070789337e-03,3.568649888038635254e-01,2.993123605847358704e-02,2.428548783063888550e-02,-4.535579681396484375e-01
