9.999984502792358398e-01,-9.999986290931701660e-01,-9.999939203262329102e-01,9.999979138374328613e-01,9.999989867210388184e-01,-9.999988079071044922e-01,9.999957680702209473e-01,9.999991059303283691e-01,-9.999969005584716797e-01,9.999982118606567383e-01,-9.999987483024597168e-01,-9.999989867210388184e-01,9.999981522560119629e-01,9.999985098838806152e-01,9.999928474426269531e-01,9.999960660934448242e-01,9.999973773956298828e-01,-9.999983310699462891e-01,9.999931454658508301e-01,-9.999991059303283691e-01,-9.999990463256835938e-01,9.999932050704956055e-01,9.999985694885253906e-01,9.999980926513671875e-01,9.999887943267822266e-01,9.999989867210388184e-01,-9.999982714653015137e-01,-9.999989271163940430e-01,9.999896883964538574e-01,-9.999960660934448242e-01,-9.999921321868896484e-01,-9.999983310699462891e-01,9.999878406524658203e-01,9.999961256980895996e-01,-9.999979138374328613e-01,9.999513626098632812e-01,9.999990463256835938e-01,9.999985694885253906e-01,9.999907612800598145e-01,-9.999989271163940430e-01,9.999987483024597168e-01,-9.999838471412658691e-01,9.999814033508300781e-01,9.999989867210388184e-01,9.999984502792358398e-01,9.999981522560119629e-01,-9.999935626983642578e-01,9.999985098838806152e-01,9.999987483024597168e-01,-9.999985694885253906e-01,-9.999986886978149414e-01,-9.999983906745910645e-01,-9.999989271163940430e-01,-9.999931454658508301e-01,-9.999984502792358398e-01,-9.999981522560119629e-01,-9.999938011169433594e-01,9.999799132347106934e-01,9.999966621398925781e-01,9.999983310699462891e-01,-9.999984502792358398e-01,9.999990463256835938e-01,9.999983310699462891e-01,9.999954104423522949e-01,-9.999952316284179688e-01,-9.999989867210388184e-01,-9.999991059303283691e-01,-9.999960064888000488e-01,-9.999989867210388184e-01,9.999985098838806152e-01,-9.999987483024597168e-01,9.999976754188537598e-01,9.999816417694091797e-01,-9.999936223030090332e-01,-9.999797940254211426e-01,-9.999984502792358398e-01,9.999923706054687500e-01,9.999988079071044922e-01,-9.999946355819702148e-01,-9.999959468841552734e-01,9.999808669090270996e-01,9.999977350234985352e-01,-9.999989271163940430e-01,9.999980330467224121e-01,-9.999982118606567383e-01,-9.999889731407165527e-01,9.999781847000122070e-01,9.999989271163940430e-01,9.999883770942687988e-01,9.993663430213928223e-01,-9.999960064888000488e-01,9.999984502792358398e-01,-9.999839663505554199e-01,-9.999976754188537598e-01,9.999981522560119629e-01,-9.999979138374328613e-01,-9.999899268150329590e-01,9.999990463256835938e-01,-9.999988079071044922e-01,9.999964237213134766e-01,-9.999967217445373535e-01,9.999988675117492676e-01,-9.998413920402526855e-01,9.998904466629028320e-01,9.999987483024597168e-01,9.999971389770507812e-01,-9.999809861183166504e-01,-9.999983906745910645e-01,-9.999938607215881348e-01,9.999985098838806152e-01,-9.999985098838806152e-01,9.999980926513671875e-01,-9.999983310699462891e-01,-9.999525547027587891e-01,9.999990463256835938e-01,-9.999975562095642090e-01,9.999989867210388184e-01,-9.999982118606567383e-01,-9.999951124191284180e-01,-9.999976754188537598e-01,-9.999987483024597168e-01,9.999964833259582520e-01,9.999982118606567383e-01,-9.999975562095642090e-01,-9.999904632568359375e-01,-9.999953508377075195e-01,9.999900460243225098e-01,-9.999949336051940918e-01
-9.999986290931701660e-01,9.999988675117492676e-01,9.999949932098388672e-01,-9.999982714653015137e-01,-9.999991655349731445e-01,9.999990463256835938e-01,-9.999964237213134766e-01,-9.999992251396179199e-01,9.999974370002746582e-01,-9.999986290931701660e-01,9.999990463256835938e-01,9.999991655349731445e-01,-9.999983906745910645e-01,-9.999987483024597168e-01,-9.999940991401672363e-01,-9.999967813491821289e-01,-9.999978542327880859e-01,9.999986290931701660e-01,-9.999943971633911133e-01,9.999992847442626953e-01,9.999992251396179199e-01,-9.999943971633911133e-01,-9.999989271163940430e-01,-9.999984502792358398e-01,-9.999908208847045898e-01,-9.999991059303283691e-01,9.999986290931701660e-01,9.999992251396179199e-01,-9.999915361404418945e-01,9.999967813491821289e-01,9.999935030937194824e-01,9.999986290931701660e-01,-9.999899268150329590e-01,-9.999967813491821289e-01,9.999981522560119629e-01,-9.999599456787109375e-01,-9.999992251396179199e-01,-9.999988079071044922e-01,-9.999923110008239746e-01,9.999991059303283691e-01,-9.999989867210388184e-01,9.999867677688598633e-01,-9.999847412109375000e-01,-9.999991655349731445e-01,-9.999986290931701660e-01,-9.999985694885253906e-01,9.999946951866149902e-01,-9.999987483024597168e-01,-9.999990463256835938e-01,9.999987483024597168e-01,9.999989271163940430e-01,9.999986290931701660e-01,9.999992251396179199e-01,9.999942183494567871e-01,9.999986290931701660e-01,9.999985098838806152e-01,9.999948740005493164e-01,-9.999834299087524414e-01,-9.999972581863403320e-01,-9.999986290931701660e-01,9.999986886978149414e-01,-9.999991655349731445e-01,-9.999986886978149414e-01,-9.999961853027343750e-01,9.999960064888000488e-01,9.999992251396179199e-01,9.999992847442626953e-01,9.999967217445373535e-01,9.999991655349731445e-01,-9.999988079071044922e-01,9.999990463256835938e-01,-9.999980926513671875e-01,-9.999849200248718262e-01,9.999947547912597656e-01,9.999833703041076660e-01,9.999986290931701660e-01,-9.999936819076538086e-01,-9.999989867210388184e-01,9.999956488609313965e-01,9.999966621398925781e-01,-9.999842643737792969e-01,-9.999980926513671875e-01,9.999991059303283691e-01,-9.999983906745910645e-01,9.999986290931701660e-01,9.999909400939941406e-01,-9.999819993972778320e-01,-9.999991655349731445e-01,-9.999905228614807129e-01,-9.994781613349914551e-01,9.999967813491821289e-01,-9.999986290931701660e-01,9.999868273735046387e-01,9.999980330467224121e-01,-9.999983906745910645e-01,9.999982118606567383e-01,9.999917149543762207e-01,-9.999992251396179199e-01,9.999990463256835938e-01,-9.999970793724060059e-01,9.999972581863403320e-01,-9.999991059303283691e-01,9.998694062232971191e-01,-9.999098181724548340e-01,-9.999989271163940430e-01,-9.999976158142089844e-01,9.999842643737792969e-01,9.999986886978149414e-01,9.999949932098388672e-01,-9.999987483024597168e-01,9.999987483024597168e-01,-9.999984502792358398e-01,9.999986290931701660e-01,9.999610185623168945e-01,-9.999992251396179199e-01,9.999980330467224121e-01,-9.999992251396179199e-01,9.999985098838806152e-01,9.999960064888000488e-01,9.999981522560119629e-01,9.999989271163940430e-01,-9.999971389770507812e-01,-9.999985098838806152e-01,9.999980330467224121e-01,9.999921321868896484e-01,9.999961256980895996e-01,-9.999918341636657715e-01,9.999958276748657227e-01
-9.999939203262329102e-01,9.999949932098388672e-01,9.999772310256958008e-01,-9.999924302101135254e-01,-9.999960064888000488e-01,9.999954700469970703e-01,-9.999839663505554199e-01,-9.999963641166687012e-01,9.999886155128479004e-01,-9.999934434890747070e-01,9.999954700469970703e-01,9.999959468841552734e-01,-9.999929666519165039e-01,-9.999945163726806641e-01,-9.999731183052062988e-01,-9.999855160713195801e-01,-9.999902248382568359e-01,9.999937415122985840e-01,-9.999744296073913574e-01,9.999965429306030273e-01,9.999961256980895996e-01,-9.999742507934570312e-01,-9.999947547912597656e-01,-9.999931454658508301e-01,-9.999577999114990234e-01,-9.999960064888000488e-01,9.999935626983642578e-01,9.999959468841552734e-01,-9.999613165855407715e-01,9.999854564666748047e-01,9.999702572822570801e-01,9.999938011169433594e-01,-9.999542832374572754e-01,-9.999852180480957031e-01,9.999922513961791992e-01,-9.998173117637634277e-01,-9.999962449073791504e-01,-9.999947547912597656e-01,-9.999654293060302734e-01,9.999958276748657227e-01,-9.999951124191284180e-01,9.999389648437500000e-01,-9.999297857284545898e-01,-9.999960064888000488e-01,-9.999938607215881348e-01,-9.999935030937194824e-01,9.999755620956420898e-01,-9.999945163726806641e-01,-9.999954700469970703e-01,9.999945163726806641e-01,9.999954104423522949e-01,9.999939799308776855e-01,9.999958872795104980e-01,9.999739527702331543e-01,9.999938607215881348e-01,9.999932050704956055e-01,9.999766945838928223e-01,-9.999243021011352539e-01,-9.999876618385314941e-01,-9.999937415122985840e-01,9.999942183494567871e-01,-9.999960660934448242e-01,-9.999940991401672363e-01,-9.999828338623046875e-01,9.999817013740539551e-01,9.999957680702209473e-01,9.999964237213134766e-01,9.999851584434509277e-01,9.999961256980895996e-01,-9.999945759773254395e-01,9.999954104423522949e-01,-9.999913573265075684e-01,-9.999309778213500977e-01,9.999759793281555176e-01,9.999239444732666016e-01,9.999939799308776855e-01,-9.999713301658630371e-01,-9.999953508377075195e-01,9.999797344207763672e-01,9.999851584434509277e-01,-9.999280571937561035e-01,-9.999915361404418945e-01,9.999957084655761719e-01,-9.999927878379821777e-01,9.999936819076538086e-01,9.999584555625915527e-01,-9.999176859855651855e-01,-9.999960064888000488e-01,-9.999562501907348633e-01,-9.976233243942260742e-01,9.999852180480957031e-01,-9.999939799308776855e-01,9.999396800994873047e-01,9.999911785125732422e-01,-9.999928474426269531e-01,9.999920129776000977e-01,9.999623298645019531e-01,-9.999962449073791504e-01,9.999955892562866211e-01,-9.999868273735046387e-01,9.999877810478210449e-01,-9.999957680702209473e-01,9.994040131568908691e-01,-9.995882511138916016e-01,-9.999949932098388672e-01,-9.999893903732299805e-01,9.999281764030456543e-01,9.999939799308776855e-01,9.999768137931823730e-01,-9.999944567680358887e-01,9.999944567680358887e-01,-9.999929070472717285e-01,9.999937415122985840e-01,9.998220205307006836e-01,-9.999963045120239258e-01,9.999911189079284668e-01,-9.999961256980895996e-01,9.999932646751403809e-01,9.999817013740539551e-01,9.999911189079284668e-01,9.999952912330627441e-01,-9.999870657920837402e-01,-9.999933838844299316e-01,9.999909400939941406e-01,9.999639391899108887e-01,9.999825954437255859e-01,-9.999623298645019531e-01,9.999808669090270996e-01
9.999979138374328613e-01,-9.999982714653015137e-01,-9.999924302101135254e-01,9.999973773956298828e-01,9.999986886978149414e-01,-9.999984502792358398e-01,9.999946355819702148e-01,9.999987483024597168e-01,-9.999960660934448242e-01,9.999977946281433105e-01,-9.999985098838806152e-01,-9.999986886978149414e-01,9.999976158142089844e-01,9.999980926513671875e-01,9.999908804893493652e-01,9.999951720237731934e-01,9.999966621398925781e-01,-9.999978542327880859e-01,9.999914169311523438e-01,-9.999988675117492676e-01,-9.999986886978149414e-01,9.999912977218627930e-01,9.999982118606567383e-01,9.999976158142089844e-01,9.999857544898986816e-01,9.999986290931701660e-01,-9.999978542327880859e-01,-9.999986886978149414e-01,9.999869465827941895e-01,-9.999950528144836426e-01,-9.999899864196777344e-01,-9.999978542327880859e-01,9.999845623970031738e-01,9.999950528144836426e-01,-9.999973177909851074e-01,9.999381899833679199e-01,9.999986290931701660e-01,9.999982118606567383e-01,9.999882578849792480e-01,-9.999985694885253906e-01,9.999983906745910645e-01,-9.999794960021972656e-01,9.999763369560241699e-01,9.999986886978149414e-01,9.999979734420776367e-01,9.999977350234985352e-01,-9.999917745590209961e-01,9.999980926513671875e-01,9.999985098838806152e-01,-9.999982118606567383e-01,-9.999983310699462891e-01,-9.999979138374328613e-01,-9.999985694885253906e-01,-9.999911785125732422e-01,-9.999979734420776367e-01,-9.999976754188537598e-01,-9.999921321868896484e-01,9.999744892120361328e-01,9.999958872795104980e-01,9.999978542327880859e-01,-9.999980330467224121e-01,9.999987483024597168e-01,9.999979734420776367e-01,9.999942183494567871e-01,-9.999939203262329102e-01,-9.999986290931701660e-01,-9.999988079071044922e-01,-9.999949932098388672e-01,-9.999986886978149414e-01,9.999982118606567383e-01,-9.999984502792358398e-01,9.999970197677612305e-01,9.999766945838928223e-01,-9.999918937683105469e-01,-9.999744296073913574e-01,-9.999979734420776367e-01,9.999902844429016113e-01,9.999983906745910645e-01,-9.999931454658508301e-01,-9.999950528144836426e-01,9.999757409095764160e-01,9.999971389770507812e-01,-9.999985098838806152e-01,9.999974966049194336e-01,-9.999977946281433105e-01,-9.999859929084777832e-01,9.999722242355346680e-01,9.999986290931701660e-01,9.999852180480957031e-01,9.991950988769531250e-01,-9.999949932098388672e-01,9.999979138374328613e-01,-9.999797344207763672e-01,-9.999969601631164551e-01,9.999975562095642090e-01,-9.999973177909851074e-01,-9.999871850013732910e-01,9.999987483024597168e-01,-9.999985098838806152e-01,9.999955296516418457e-01,-9.999958872795104980e-01,9.999985098838806152e-01,-9.997984766960144043e-01,9.998607635498046875e-01,9.999982714653015137e-01,9.999963641166687012e-01,-9.999758601188659668e-01,-9.999979734420776367e-01,-9.999923110008239746e-01,9.999980926513671875e-01,-9.999980926513671875e-01,9.999975562095642090e-01,-9.999979138374328613e-01,-9.999397397041320801e-01,9.999987483024597168e-01,-9.999969601631164551e-01,9.999986886978149414e-01,-9.999977350234985352e-01,-9.999938011169433594e-01,-9.999969601631164551e-01,-9.999983906745910645e-01,9.999955892562866211e-01,9.999977350234985352e-01,-9.999969601631164551e-01,-9.999877810478210449e-01,-9.999940991401672363e-01,9.999872446060180664e-01,-9.999935030937194824e-01
9.999989867210388184e-01,-9.999991655349731445e-01,-9.999960064888000488e-01,9.999986886978149414e-01,9.999994039535522461e-01,-9.999992251396179199e-01,9.999971985816955566e-01,9.999994039535522461e-01,-9.999979734420776367e-01,9.999988079071044922e-01,-9.999992251396179199e-01,-9.999992847442626953e-01,9.999988079071044922e-01,9.999991655349731445e-01,9.999952912330627441e-01,9.999974370002746582e-01,9.999983310699462891e-01,-9.999989271163940430e-01,9.999955296516418457e-01,-9.999994635581970215e-01,-9.999993443489074707e-01,9.999955296516418457e-01,9.999991059303283691e-01,9.999988079071044922e-01,9.999926090240478516e-01,9.999992847442626953e-01,-9.999989271163940430e-01,-9.999992847442626953e-01,9.999931454658508301e-01,-9.999974370002746582e-01,-9.999947547912597656e-01,-9.999988675117492676e-01,9.999918937683105469e-01,9.999973773956298828e-01,-9.999986290931701660e-01,9.999675154685974121e-01,9.999993443489074707e-01,9.999991059303283691e-01,9.999938011169433594e-01,-9.999992847442626953e-01,9.999991655349731445e-01,-9.999892711639404297e-01,9.999876022338867188e-01,9.999992847442626953e-01,9.999988675117492676e-01,9.999988079071044922e-01,-9.999957084655761719e-01,9.999990463256835938e-01,9.999993443489074707e-01,-9.999990463256835938e-01,-9.999992251396179199e-01,-9.999989271163940430e-01,-9.999994039535522461e-01,-9.999953508377075195e-01,-9.999989867210388184e-01,-9.999987483024597168e-01,-9.999958276748657227e-01,9.999866485595703125e-01,9.999977946281433105e-01,9.999988675117492676e-01,-9.999989271163940430e-01,9.999994039535522461e-01,9.999989271163940430e-01,9.999970197677612305e-01,-9.999967217445373535e-01,-9.999993443489074707e-01,-9.999994039535522461e-01,-9.999973177909851074e-01,-9.999993443489074707e-01,9.999990463256835938e-01,-9.999991059303283691e-01,9.999984502792358398e-01,9.999877214431762695e-01,-9.999957680702209473e-01,-9.999865889549255371e-01,-9.999989867210388184e-01,9.999948740005493164e-01,9.999992251396179199e-01,-9.999963641166687012e-01,-9.999973773956298828e-01,9.999873042106628418e-01,9.999985694885253906e-01,-9.999993443489074707e-01,9.999986886978149414e-01,-9.999988079071044922e-01,-9.999926090240478516e-01,9.999855160713195801e-01,9.999993443489074707e-01,9.999922513961791992e-01,9.995765089988708496e-01,-9.999973177909851074e-01,9.999989271163940430e-01,-9.999893903732299805e-01,-9.999985098838806152e-01,9.999986886978149414e-01,-9.999986290931701660e-01,-9.999932050704956055e-01,9.999993443489074707e-01,-9.999992251396179199e-01,9.999976754188537598e-01,-9.999977946281433105e-01,9.999993443489074707e-01,-9.998939633369445801e-01,9.999268054962158203e-01,9.999991655349731445e-01,9.999982118606567383e-01,-9.999873638153076172e-01,-9.999989271163940430e-01,-9.999960064888000488e-01,9.999990463256835938e-01,-9.999990463256835938e-01,9.999987483024597168e-01,-9.999988675117492676e-01,-9.999683499336242676e-01,9.999994635581970215e-01,-9.999983906745910645e-01,9.999993443489074707e-01,-9.999987483024597168e-01,-9.999967217445373535e-01,-9.999985098838806152e-01,-9.999992251396179199e-01,9.999976754188537598e-01,9.999988079071044922e-01,-9.999983310699462891e-01,-9.999936223030090332e-01,-9.999969601631164551e-01,9.999933242797851562e-01,-9.999966621398925781e-01
-9.999988079071044922e-01,9.999990463256835938e-01,9.999954700469970703e-01,-9.999984502792358398e-01,-9.999992251396179199e-01,9.999991655349731445e-01,-9.999967813491821289e-01,-9.999992251396179199e-01,9.999976754188537598e-01,-9.999986290931701660e-01,9.999991655349731445e-01,9.999992251396179199e-01,-9.999985694885253906e-01,-9.999988675117492676e-01,-9.999946355819702148e-01,-9.999970197677612305e-01,-9.999980330467224121e-01,9.999987483024597168e-01,-9.999949336051940918e-01,9.999993443489074707e-01,9.999992847442626953e-01,-9.999948740005493164e-01,-9.999989271163940430e-01,-9.999986290931701660e-01,-9.999916553497314453e-01,-9.999991655349731445e-01,9.999986886978149414e-01,9.999992251396179199e-01,-9.999923706054687500e-01,9.999970793724060059e-01,9.999940395355224609e-01,9.999986886978149414e-01,-9.999909400939941406e-01,-9.999970197677612305e-01,9.999984502792358398e-01,-9.999638795852661133e-01,-9.999992251396179199e-01,-9.999988675117492676e-01,-9.999930858612060547e-01,9.999992251396179199e-01,-9.999990463256835938e-01,9.999879598617553711e-01,-9.999862313270568848e-01,-9.999991059303283691e-01,-9.999987483024597168e-01,-9.999986290931701660e-01,9.999951720237731934e-01,-9.999988079071044922e-01,-9.999991655349731445e-01,9.999988675117492676e-01,9.999990463256835938e-01,9.999988079071044922e-01,9.999992251396179199e-01,9.999947547912597656e-01,9.999987483024597168e-01,9.999985694885253906e-01,9.999954104423522949e-01,-9.999850988388061523e-01,-9.999974370002746582e-01,-9.999987483024597168e-01,9.999987483024597168e-01,-9.999992847442626953e-01,-9.999987483024597168e-01,-9.999965429306030273e-01,9.999963641166687012e-01,9.999991655349731445e-01,9.999992251396179199e-01,9.999970197677612305e-01,9.999992847442626953e-01,-9.999989271163940430e-01,9.999990463256835938e-01,-9.999981522560119629e-01,-9.999862909317016602e-01,9.999952316284179688e-01,9.999850392341613770e-01,9.999987483024597168e-01,-9.999942779541015625e-01,-9.999989867210388184e-01,9.999959468841552734e-01,9.999969005584716797e-01,-9.999857544898986816e-01,-9.999982714653015137e-01,9.999991655349731445e-01,-9.999985694885253906e-01,9.999986886978149414e-01,9.999917745590209961e-01,-9.999837279319763184e-01,-9.999992847442626953e-01,-9.999913573265075684e-01,-9.995301961898803711e-01,9.999970197677612305e-01,-9.999988079071044922e-01,9.999881386756896973e-01,9.999982118606567383e-01,-9.999984502792358398e-01,9.999983906745910645e-01,9.999924898147583008e-01,-9.999992251396179199e-01,9.999991655349731445e-01,-9.999973773956298828e-01,9.999974966049194336e-01,-9.999991059303283691e-01,9.998822212219238281e-01,-9.999186396598815918e-01,-9.999990463256835938e-01,-9.999977946281433105e-01,9.999858736991882324e-01,9.999987483024597168e-01,9.999954104423522949e-01,-9.999988675117492676e-01,9.999988675117492676e-01,-9.999985694885253906e-01,9.999987483024597168e-01,9.999648332595825195e-01,-9.999992847442626953e-01,9.999980926513671875e-01,-9.999992847442626953e-01,9.999985694885253906e-01,9.999963641166687012e-01,9.999980926513671875e-01,9.999989867210388184e-01,-9.999973773956298828e-01,-9.999985694885253906e-01,9.999981522560119629e-01,9.999927878379821777e-01,9.999964833259582520e-01,-9.999924898147583008e-01,9.999961853027343750e-01
9.999957680702209473e-01,-9.999964237213134766e-01,-9.999839663505554199e-01,9.999946355819702148e-01,9.999971985816955566e-01,-9.999967813491821289e-01,9.999887347221374512e-01,9.999974370002746582e-01,-9.999920129776000977e-01,9.999954700469970703e-01,-9.999968409538269043e-01,-9.999971985816955566e-01,9.999949932098388672e-01,9.999961256980895996e-01,9.999810457229614258e-01,9.999898672103881836e-01,9.999932050704956055e-01,-9.999956488609313965e-01,9.999819397926330566e-01,-9.999976158142089844e-01,-9.999973177909851074e-01,9.999818801879882812e-01,9.999963641166687012e-01,9.999951124191284180e-01,9.999702572822570801e-01,9.999972581863403320e-01,-9.999955296516418457e-01,-9.999971389770507812e-01,9.999727010726928711e-01,-9.999898076057434082e-01,-9.999790787696838379e-01,-9.999955892562866211e-01,9.999677538871765137e-01,9.999896287918090820e-01,-9.999945759773254395e-01,9.998710751533508301e-01,9.999974370002746582e-01,9.999962449073791504e-01,9.999756813049316406e-01,-9.999970793724060059e-01,9.999965429306030273e-01,-9.999570846557617188e-01,9.999505281448364258e-01,9.999970793724060059e-01,9.999957084655761719e-01,9.999954104423522949e-01,-9.999827742576599121e-01,9.999960660934448242e-01,9.999968409538269043e-01,-9.999960660934448242e-01,-9.999967813491821289e-01,-9.999957680702209473e-01,-9.999970793724060059e-01,-9.999816417694091797e-01,-9.999957680702209473e-01,-9.999952912330627441e-01,-9.999836087226867676e-01,9.999465942382812500e-01,9.999913573265075684e-01,9.999956488609313965e-01,-9.999959468841552734e-01,9.999973177909851074e-01,9.999958276748657227e-01,9.999879598617553711e-01,-9.999870657920837402e-01,-9.999970197677612305e-01,-9.999975562095642090e-01,-9.999895095825195312e-01,-9.999973177909851074e-01,9.999961853027343750e-01,-9.999967217445373535e-01,9.999939203262329102e-01,9.999513626098632812e-01,-9.999830722808837891e-01,-9.999463558197021484e-01,-9.999957680702209473e-01,9.999797940254211426e-01,9.999967217445373535e-01,-9.999856948852539062e-01,-9.999895095825195312e-01,9.999492168426513672e-01,9.999940395355224609e-01,-9.999970197677612305e-01,9.999949932098388672e-01,-9.999956488609313965e-01,-9.999708533287048340e-01,9.999418854713439941e-01,9.999972581863403320e-01,9.999693036079406738e-01,9.983205199241638184e-01,-9.999895691871643066e-01,9.999957680702209473e-01,-9.999573826789855957e-01,-9.999938607215881348e-01,9.999949932098388672e-01,-9.999943971633911133e-01,-9.999734759330749512e-01,9.999973177909851074e-01,-9.999968409538269043e-01,9.999907612800598145e-01,-9.999913573265075684e-01,9.999970197677612305e-01,-9.995791316032409668e-01,9.997092485427856445e-01,9.999965429306030273e-01,9.999924898147583008e-01,-9.999493360519409180e-01,-9.999957680702209473e-01,-9.999837875366210938e-01,9.999961853027343750e-01,-9.999960064888000488e-01,9.999949932098388672e-01,-9.999956488609313965e-01,-9.998742938041687012e-01,9.999974966049194336e-01,-9.999937415122985840e-01,9.999973177909851074e-01,-9.999954104423522949e-01,-9.999870657920837402e-01,-9.999938607215881348e-01,-9.999966621398925781e-01,9.999909400939941406e-01,9.999952912330627441e-01,-9.999936223030090332e-01,-9.999746084213256836e-01,-9.999877214431762695e-01,9.999735355377197266e-01,-9.999865889549255371e-01
9.999991059303283691e-01,-9.999992251396179199e-01,-9.999963641166687012e-01,9.999987483024597168e-01,9.999994039535522461e-01,-9.999992251396179199e-01,9.999974370002746582e-01,9.999994039535522461e-01,-9.999980926513671875e-01,9.999989271163940430e-01,-9.999992847442626953e-01,-9.999994039535522461e-01,9.999988675117492676e-01,9.999991655349731445e-01,9.999957084655761719e-01,9.999976754188537598e-01,9.999984502792358398e-01,-9.999990463256835938e-01,9.999959468841552734e-01,-9.999994635581970215e-01,-9.999994039535522461e-01,9.999959468841552734e-01,9.999992251396179199e-01,9.999988675117492676e-01,9.999933242797851562e-01,9.999993443489074707e-01,-9.999990463256835938e-01,-9.999994039535522461e-01,9.999938011169433594e-01,-9.999976158142089844e-01,-9.999952316284179688e-01,-9.999990463256835938e-01,9.999926686286926270e-01,9.999976158142089844e-01,-9.999986886978149414e-01,9.999711513519287109e-01,9.999993443489074707e-01,9.999991059303283691e-01,9.999944567680358887e-01,-9.999993443489074707e-01,9.999992251396179199e-01,-9.999903440475463867e-01,9.999889731407165527e-01,9.999994039535522461e-01,9.999990463256835938e-01,9.999989867210388184e-01,-9.999960660934448242e-01,9.999991655349731445e-01,9.999993443489074707e-01,-9.999991655349731445e-01,-9.999992251396179199e-01,-9.999991059303283691e-01,-9.999994635581970215e-01,-9.999958276748657227e-01,-9.999991655349731445e-01,-9.999988675117492676e-01,-9.999962449073791504e-01,9.999880790710449219e-01,9.999979138374328613e-01,9.999989271163940430e-01,-9.999991059303283691e-01,9.999994635581970215e-01,9.999989867210388184e-01,9.999972581863403320e-01,-9.999970793724060059e-01,-9.999993443489074707e-01,-9.999994039535522461e-01,-9.999976158142089844e-01,-9.999993443489074707e-01,9.999991655349731445e-01,-9.999993443489074707e-01,9.999986290931701660e-01,9.999890923500061035e-01,-9.999961256980895996e-01,-9.999879002571105957e-01,-9.999990463256835938e-01,9.999954104423522949e-01,9.999992847442626953e-01,-9.999966621398925781e-01,-9.999976158142089844e-01,9.999886751174926758e-01,9.999986290931701660e-01,-9.999993443489074707e-01,9.999988675117492676e-01,-9.999990463256835938e-01,-9.999934434890747070e-01,9.999869465827941895e-01,9.999993443489074707e-01,9.999932050704956055e-01,9.996236562728881836e-01,-9.999976158142089844e-01,9.999989867210388184e-01,-9.999904036521911621e-01,-9.999985694885253906e-01,9.999988675117492676e-01,-9.999988079071044922e-01,-9.999939799308776855e-01,9.999994635581970215e-01,-9.999992251396179199e-01,9.999979138374328613e-01,-9.999979138374328613e-01,9.999993443489074707e-01,-9.999057650566101074e-01,9.999349117279052734e-01,9.999992251396179199e-01,9.999982714653015137e-01,-9.999886751174926758e-01,-9.999991059303283691e-01,-9.999963045120239258e-01,9.999991655349731445e-01,-9.999991655349731445e-01,9.999988079071044922e-01,-9.999989271163940430e-01,-9.999719262123107910e-01,9.999994635581970215e-01,-9.999985098838806152e-01,9.999993443489074707e-01,-9.999988675117492676e-01,-9.999970793724060059e-01,-9.999985694885253906e-01,-9.999992251396179199e-01,9.999978542327880859e-01,9.999989271163940430e-01,-9.999985098838806152e-01,-9.999943375587463379e-01,-9.999971985816955566e-01,9.999940395355224609e-01,-9.999969005584716797e-01
-9.999969005584716797e-01,9.999974370002746582e-01,9.999886155128479004e-01,-9.999960660934448242e-01,-9.999979734420776367e-01,9.999976754188537598e-01,-9.999920129776000977e-01,-9.999980926513671875e-01,9.999942779541015625e-01,-9.999966621398925781e-01,9.999977350234985352e-01,9.999979734420776367e-01,-9.999964833259582520e-01,-9.999971389770507812e-01,-9.999865293502807617e-01,-9.999927282333374023e-01,-9.999951124191284180e-01,9.999968409538269043e-01,-9.999872446060180664e-01,9.999982714653015137e-01,9.999980330467224121e-01,-9.999870657920837402e-01,-9.999973177909851074e-01,-9.999964237213134766e-01,-9.999788999557495117e-01,-9.999980330467224121e-01,9.999967217445373535e-01,9.999979734420776367e-01,-9.999806880950927734e-01,9.999927282333374023e-01,9.999851584434509277e-01,9.999968409538269043e-01,-9.999771714210510254e-01,-9.999926090240478516e-01,9.999960660934448242e-01,-9.999085068702697754e-01,-9.999980926513671875e-01,-9.999972581863403320e-01,-9.999827146530151367e-01,9.999978542327880859e-01,-9.999974966049194336e-01,9.999694824218750000e-01,-9.999649524688720703e-01,-9.999979734420776367e-01,-9.999969005584716797e-01,-9.999967217445373535e-01,9.999878406524658203e-01,-9.999973177909851074e-01,-9.999976754188537598e-01,9.999971985816955566e-01,9.999977350234985352e-01,9.999970197677612305e-01,9.999979138374328613e-01,9.999869465827941895e-01,9.999969005584716797e-01,9.999965429306030273e-01,9.999883174896240234e-01,-9.999621510505676270e-01,-9.999938011169433594e-01,-9.999968409538269043e-01,9.999971389770507812e-01,-9.999981522560119629e-01,-9.999970197677612305e-01,-9.999914169311523438e-01,9.999908208847045898e-01,9.999978542327880859e-01,9.999982118606567383e-01,9.999925494194030762e-01,9.999980330467224121e-01,-9.999973177909851074e-01,9.999976158142089844e-01,-9.999957084655761719e-01,-9.999654293060302734e-01,9.999879598617553711e-01,9.999619126319885254e-01,9.999969601631164551e-01,-9.999856352806091309e-01,-9.999976158142089844e-01,9.999898672103881836e-01,9.999926090240478516e-01,-9.999639987945556641e-01,-9.999957680702209473e-01,9.999977946281433105e-01,-9.999963641166687012e-01,9.999967813491821289e-01,9.999792575836181641e-01,-9.999588727951049805e-01,-9.999979734420776367e-01,-9.999782443046569824e-01,-9.988092184066772461e-01,9.999926090240478516e-01,-9.999969601631164551e-01,9.999698400497436523e-01,9.999955892562866211e-01,-9.999963641166687012e-01,9.999960660934448242e-01,9.999812245368957520e-01,-9.999980330467224121e-01,9.999977350234985352e-01,-9.999935030937194824e-01,9.999938607215881348e-01,-9.999978542327880859e-01,9.997016191482543945e-01,-9.997940659523010254e-01,-9.999974370002746582e-01,-9.999946951866149902e-01,9.999641180038452148e-01,9.999969601631164551e-01,9.999884366989135742e-01,-9.999971985816955566e-01,9.999971985816955566e-01,-9.999964237213134766e-01,9.999969005584716797e-01,9.999109506607055664e-01,-9.999981522560119629e-01,9.999955892562866211e-01,-9.999980330467224121e-01,9.999966025352478027e-01,9.999908804893493652e-01,9.999956488609313965e-01,9.999976158142089844e-01,-9.999935030937194824e-01,-9.999966621398925781e-01,9.999954700469970703e-01,9.999819993972778320e-01,9.999912977218627930e-01,-9.999812245368957520e-01,9.999904036521911621e-01
9.999982118606567383e-01,-9.999986290931701660e-01,-9.999934434890747070e-01,9.999977946281433105e-01,9.999988079071044922e-01,-9.999986290931701660e-01,9.999954700469970703e-01,9.999989271163940430e-01,-9.999966621398925781e-01,9.999982118606567383e-01,-9.999986886978149414e-01,-9.999988675117492676e-01,9.999979734420776367e-01,9.999983906745910645e-01,9.999922513961791992e-01,9.999958872795104980e-01,9.999971389770507812e-01,-9.999981522560119629e-01,9.999927282333374023e-01,-9.999990463256835938e-01,-9.999989271163940430e-01,9.999926686286926270e-01,9.999984502792358398e-01,9.999980330467224121e-01,9.999879002571105957e-01,9.999988079071044922e-01,-9.999982118606567383e-01,-9.999988675117492676e-01,9.999889135360717773e-01,-9.999958276748657227e-01,-9.999914765357971191e-01,-9.999982118606567383e-01,9.999867677688598633e-01,9.999958276748657227e-01,-9.999977350234985352e-01,9.999474883079528809e-01,9.999989271163940430e-01,9.999984502792358398e-01,9.999900460243225098e-01,-9.999988675117492676e-01,9.999985694885253906e-01,-9.999825358390808105e-01,9.999799728393554688e-01,9.999988675117492676e-01,9.999983310699462891e-01,9.999980926513671875e-01,-9.999929666519165039e-01,9.999983906745910645e-01,9.999986886978149414e-01,-9.999983906745910645e-01,-9.999986886978149414e-01,-9.999982118606567383e-01,-9.999988675117492676e-01,-9.999924898147583008e-01,-9.999983310699462891e-01,-9.999980330467224121e-01,-9.999933242797851562e-01,9.999783039093017578e-01,9.999964833259582520e-01,9.999981522560119629e-01,-9.999983310699462891e-01,9.999989271163940430e-01,9.999982714653015137e-01,9.999950528144836426e-01,-9.999948143959045410e-01,-9.999988079071044922e-01,-9.999990463256835938e-01,-9.999957084655761719e-01,-9.999988675117492676e-01,9.999983906745910645e-01,-9.999986886978149414e-01,9.999974966049194336e-01,9.999802112579345703e-01,-9.999930858612060547e-01,-9.999781847000122070e-01,-9.999982118606567383e-01,9.999918341636657715e-01,9.999986886978149414e-01,-9.999941587448120117e-01,-9.999957680702209473e-01,9.999793767929077148e-01,9.999974966049194336e-01,-9.999988079071044922e-01,9.999979138374328613e-01,-9.999981522560119629e-01,-9.999880790710449219e-01,9.999763965606689453e-01,9.999988675117492676e-01,9.999875426292419434e-01,9.993160963058471680e-01,-9.999957680702209473e-01,9.999982118606567383e-01,-9.999827742576599121e-01,-9.999974966049194336e-01,9.999979734420776367e-01,-9.999977350234985352e-01,-9.999891519546508789e-01,9.999989271163940430e-01,-9.999986886978149414e-01,9.999961853027343750e-01,-9.999964237213134766e-01,9.999987483024597168e-01,-9.998287558555603027e-01,9.998816251754760742e-01,9.999986290931701660e-01,9.999969005584716797e-01,-9.999793767929077148e-01,-9.999982714653015137e-01,-9.999934434890747070e-01,9.999983906745910645e-01,-9.999983906745910645e-01,9.999979138374328613e-01,-9.999982118606567383e-01,-9.999489188194274902e-01,9.999989271163940430e-01,-9.999973177909851074e-01,9.999988675117492676e-01,-9.999980926513671875e-01,-9.999948143959045410e-01,-9.999974370002746582e-01,-9.999985694885253906e-01,9.999963045120239258e-01,9.999980926513671875e-01,-9.999974370002746582e-01,-9.999896883964538574e-01,-9.999950528144836426e-01,9.999892711639404297e-01,-9.999945759773254395e-01
-9.999987483024597168e-01,9.999990463256835938e-01,9.999954700469970703e-01,-9.999985098838806152e-01,-9.999992251396179199e-01,9.999991655349731445e-01,-9.999968409538269043e-01,-9.999992847442626953e-01,9.999977350234985352e-01,-9.999986886978149414e-01,9.999991059303283691e-01,9.999993443489074707e-01,-9.999985098838806152e-01,-9.999989271163940430e-01,-9.999945759773254395e-01,-9.999970197677612305e-01,-9.999980330467224121e-01,9.999987483024597168e-01,-9.999949336051940918e-01,9.999993443489074707e-01,9.999993443489074707e-01,-9.999948740005493164e-01,-9.999989271163940430e-01,-9.999986290931701660e-01,-9.999915957450866699e-01,-9.999991655349731445e-01,9.999987483024597168e-01,9.999992847442626953e-01,-9.999922513961791992e-01,9.999971389770507812e-01,9.999940395355224609e-01,9.999988079071044922e-01,-9.999908208847045898e-01,-9.999969601631164551e-01,9.999983906745910645e-01,-9.999632835388183594e-01,-9.999992847442626953e-01,-9.999989271163940430e-01,-9.999930858612060547e-01,9.999992847442626953e-01,-9.999990463256835938e-01,9.999878406524658203e-01,-9.999859929084777832e-01,-9.999993443489074707e-01,-9.999988079071044922e-01,-9.999986886978149414e-01,9.999951720237731934e-01,-9.999988675117492676e-01,-9.999991059303283691e-01,9.999988675117492676e-01,9.999990463256835938e-01,9.999988675117492676e-01,9.999992847442626953e-01,9.999947547912597656e-01,9.999988079071044922e-01,9.999986290931701660e-01,9.999952912330627441e-01,-9.999848008155822754e-01,-9.999974966049194336e-01,-9.999988079071044922e-01,9.999988675117492676e-01,-9.999993443489074707e-01,-9.999988079071044922e-01,-9.999966025352478027e-01,9.999962449073791504e-01,9.999991655349731445e-01,9.999994039535522461e-01,9.999970793724060059e-01,9.999992847442626953e-01,-9.999988675117492676e-01,9.999991059303283691e-01,-9.999982118606567383e-01,-9.999861717224121094e-01,9.999951720237731934e-01,9.999847412109375000e-01,9.999988079071044922e-01,-9.999942183494567871e-01,-9.999991059303283691e-01,9.999959468841552734e-01,9.999970197677612305e-01,-9.999855756759643555e-01,-9.999983906745910645e-01,9.999992847442626953e-01,-9.999985098838806152e-01,9.999986886978149414e-01,9.999917149543762207e-01,-9.999835491180419922e-01,-9.999992251396179199e-01,-9.999912977218627930e-01,-9.995214343070983887e-01,9.999969601631164551e-01,-9.999987483024597168e-01,9.999879002571105957e-01,9.999982714653015137e-01,-9.999985098838806152e-01,9.999984502792358398e-01,9.999923706054687500e-01,-9.999992847442626953e-01,9.999991655349731445e-01,-9.999973773956298828e-01,9.999974966049194336e-01,-9.999991655349731445e-01,9.998802542686462402e-01,-9.999172091484069824e-01,-9.999990463256835938e-01,-9.999978542327880859e-01,9.999855756759643555e-01,9.999988079071044922e-01,9.999954104423522949e-01,-9.999988675117492676e-01,9.999989271163940430e-01,-9.999985694885253906e-01,9.999987483024597168e-01,9.999641776084899902e-01,-9.999994039535522461e-01,9.999982118606567383e-01,-9.999992847442626953e-01,9.999986290931701660e-01,9.999963641166687012e-01,9.999982714653015137e-01,9.999991059303283691e-01,-9.999974370002746582e-01,-9.999987483024597168e-01,9.999982714653015137e-01,9.999927878379821777e-01,9.999964237213134766e-01,-9.999925494194030762e-01,9.999960660934448242e-01
-9.999989867210388184e-01,9.999991655349731445e-01,9.999959468841552734e-01,-9.999986886978149414e-01,-9.999992847442626953e-01,9.999992251396179199e-01,-9.999971985816955566e-01,-9.999994039535522461e-01,9.999979734420776367e-01,-9.999988675117492676e-01,9.999993443489074707e-01,9.999994039535522461e-01,-9.999988675117492676e-01,-9.999990463256835938e-01,-9.999951720237731934e-01,-9.999974370002746582e-01,-9.999983310699462891e-01,9.999988675117492676e-01,-9.999954700469970703e-01,9.999994635581970215e-01,9.999994039535522461e-01,-9.999954700469970703e-01,-9.999991059303283691e-01,-9.999988079071044922e-01,-9.999926090240478516e-01,-9.999993443489074707e-01,9.999989271163940430e-01,9.999994039535522461e-01,-9.999930858612060547e-01,9.999973773956298828e-01,9.999946951866149902e-01,9.999989271163940430e-01,-9.999918341636657715e-01,-9.999973773956298828e-01,9.999985694885253906e-01,-9.999673962593078613e-01,-9.999993443489074707e-01,-9.999991059303283691e-01,-9.999938607215881348e-01,9.999992847442626953e-01,-9.999992847442626953e-01,9.999892115592956543e-01,-9.999875426292419434e-01,-9.999992847442626953e-01,-9.999989271163940430e-01,-9.999988079071044922e-01,9.999957084655761719e-01,-9.999990463256835938e-01,-9.999992251396179199e-01,9.999990463256835938e-01,9.999991059303283691e-01,9.999989867210388184e-01,9.999993443489074707e-01,9.999953508377075195e-01,9.999989271163940430e-01,9.999987483024597168e-01,9.999958872795104980e-01,-9.999865293502807617e-01,-9.999977946281433105e-01,-9.999988675117492676e-01,9.999989271163940430e-01,-9.999994039535522461e-01,-9.999988675117492676e-01,-9.999969601631164551e-01,9.999967813491821289e-01,9.999993443489074707e-01,9.999994039535522461e-01,9.999973773956298828e-01,9.999993443489074707e-01,-9.999990463256835938e-01,9.999992251396179199e-01,-9.999984502792358398e-01,-9.999876618385314941e-01,9.999957084655761719e-01,9.999865293502807617e-01,9.999989271163940430e-01,-9.999948740005493164e-01,-9.999992251396179199e-01,9.999963045120239258e-01,9.999973177909851074e-01,-9.999871850013732910e-01,-9.999985694885253906e-01,9.999993443489074707e-01,-9.999986886978149414e-01,9.999988079071044922e-01,9.999927282333374023e-01,-9.999854564666748047e-01,-9.999994039535522461e-01,-9.999921917915344238e-01,-9.995746016502380371e-01,9.999973177909851074e-01,-9.999989271163940430e-01,9.999892711639404297e-01,9.999983906745910645e-01,-9.999986886978149414e-01,9.999986290931701660e-01,9.999932050704956055e-01,-9.999993443489074707e-01,9.999992251396179199e-01,-9.999976754188537598e-01,9.999977946281433105e-01,-9.999993443489074707e-01,9.998934268951416016e-01,-9.999263882637023926e-01,-9.999992847442626953e-01,-9.999980926513671875e-01,9.999873042106628418e-01,9.999989271163940430e-01,9.999960064888000488e-01,-9.999990463256835938e-01,9.999991655349731445e-01,-9.999986886978149414e-01,9.999988675117492676e-01,9.999682307243347168e-01,-9.999994635581970215e-01,9.999982714653015137e-01,-9.999993443489074707e-01,9.999988079071044922e-01,9.999967813491821289e-01,9.999983906745910645e-01,9.999992251396179199e-01,-9.999977350234985352e-01,-9.999988079071044922e-01,9.999984502792358398e-01,9.999935626983642578e-01,9.999969005584716797e-01,-9.999933838844299316e-01,9.999965429306030273e-01
