9.999983310699462891e-01,-9.999985098838806152e-01,-9.999942779541015625e-01,9.999971389770507812e-01,9.999989867210388184e-01,-9.999987483024597168e-01,9.999946355819702148e-01,9.999991655349731445e-01,-9.999936223030090332e-01,9.999985098838806152e-01,-9.999987483024597168e-01,-9.999988675117492676e-01,9.999978542327880859e-01,9.999983310699462891e-01,9.999951124191284180e-01,9.999935030937194824e-01,9.999973773956298828e-01,-9.999976754188537598e-01,9.999919533729553223e-01,-9.999991059303283691e-01,-9.999988675117492676e-01,9.999942183494567871e-01,9.999986290931701660e-01,9.999971985816955566e-01,9.999887347221374512e-01,9.999989271163940430e-01,-9.999980926513671875e-01,-9.999988675117492676e-01,9.999914765357971191e-01,-9.999966025352478027e-01,-9.999905228614807129e-01,-9.999980926513671875e-01,9.999828934669494629e-01,9.999946951866149902e-01,-9.999980330467224121e-01,9.999626874923706055e-01,9.999989271163940430e-01,9.999985694885253906e-01,9.999838471412658691e-01,-9.999988675117492676e-01,9.999986290931701660e-01,9.999881982803344727e-01,9.999831914901733398e-01,9.999989867210388184e-01,9.999981522560119629e-01,9.999979734420776367e-01,-9.999930858612060547e-01,9.999986290931701660e-01,9.999986290931701660e-01,-9.999985098838806152e-01,-9.999988079071044922e-01,-9.999985098838806152e-01,-9.999988079071044922e-01,-9.999930262565612793e-01,-9.999985098838806152e-01,-9.999980330467224121e-01,-9.999428391456604004e-01,9.999930262565612793e-01,9.999943971633911133e-01,9.999982714653015137e-01,-9.999983310699462891e-01,9.999989271163940430e-01,9.999983310699462891e-01,9.999954104423522949e-01,-9.999937415122985840e-01,-9.999988675117492676e-01,-9.999990463256835938e-01,-9.999954700469970703e-01,-9.999989867210388184e-01,9.999982118606567383e-01,-9.999988675117492676e-01,9.999960064888000488e-01,-9.999914169311523438e-01,-9.999936223030090332e-01,-9.999849200248718262e-01,-9.999983906745910645e-01,9.999905228614807129e-01,9.999987483024597168e-01,-9.999936819076538086e-01,-9.999951124191284180e-01,9.999905824661254883e-01,9.999976754188537598e-01,-9.999987483024597168e-01,9.999982118606567383e-01,-9.999983310699462891e-01,-9.999840855598449707e-01,-9.995745420455932617e-01,9.999988675117492676e-01,9.999920129776000977e-01,9.999881982803344727e-01,-9.999933838844299316e-01,9.999983310699462891e-01,-9.999859333038330078e-01,-9.999971985816955566e-01,9.999974966049194336e-01,-9.999978542327880859e-01,-9.999865889549255371e-01,9.999990463256835938e-01,-9.999987483024597168e-01,9.999973177909851074e-01,-9.999967217445373535e-01,9.999988675117492676e-01,9.999398589134216309e-01,9.999554753303527832e-01,9.999986290931701660e-01,9.999958276748657227e-01,-9.999810457229614258e-01,-9.999985098838806152e-01,-9.999940395355224609e-01,9.999985694885253906e-01,-9.999985098838806152e-01,9.999974966049194336e-01,-9.999981522560119629e-01,-9.998973011970520020e-01,9.999989867210388184e-01,-9.999968409538269043e-01,9.999989867210388184e-01,-9.999979138374328613e-01,-9.999953508377075195e-01,-9.999964833259582520e-01,-9.999983906745910645e-01,9.999966621398925781e-01,9.999976158142089844e-01,-9.999968409538269043e-01,-9.999911189079284668e-01,-9.999945759773254395e-01,9.999693632125854492e-01,-9.999909400939941406e-01
-9.999985098838806152e-01,9.999987483024597168e-01,9.999951720237731934e-01,-9.999974966049194336e-01,-9.999990463256835938e-01,9.999989271163940430e-01,-9.999954700469970703e-01,-9.999992251396179199e-01,9.999946355819702148e-01,-9.999987483024597168e-01,9.999988675117492676e-01,9.999991059303283691e-01,-9.999981522560119629e-01,-9.999986290931701660e-01,-9.999958276748657227e-01,-9.999945163726806641e-01,-9.999977350234985352e-01,9.999980926513671875e-01,-9.999931454658508301e-01,9.999992251396179199e-01,9.999991059303283691e-01,-9.999952316284179688e-01,-9.999988675117492676e-01,-9.999976754188537598e-01,-9.999905228614807129e-01,-9.999991059303283691e-01,9.999983906745910645e-01,9.999989867210388184e-01,-9.999927282333374023e-01,9.999971389770507812e-01,9.999919533729553223e-01,9.999983906745910645e-01,-9.999855160713195801e-01,-9.999954104423522949e-01,9.999982714653015137e-01,-9.999685287475585938e-01,-9.999991655349731445e-01,-9.999986886978149414e-01,-9.999864101409912109e-01,9.999990463256835938e-01,-9.999988079071044922e-01,-9.999899268150329590e-01,-9.999858736991882324e-01,-9.999991059303283691e-01,-9.999983310699462891e-01,-9.999982118606567383e-01,9.999941587448120117e-01,-9.999988079071044922e-01,-9.999988079071044922e-01,9.999986886978149414e-01,9.999988675117492676e-01,9.999987483024597168e-01,9.999989271163940430e-01,9.999941587448120117e-01,9.999987483024597168e-01,9.999983310699462891e-01,9.999516606330871582e-01,-9.999940395355224609e-01,-9.999951720237731934e-01,-9.999984502792358398e-01,9.999985694885253906e-01,-9.999991059303283691e-01,-9.999985694885253906e-01,-9.999960660934448242e-01,9.999946355819702148e-01,9.999990463256835938e-01,9.999992847442626953e-01,9.999961256980895996e-01,9.999991655349731445e-01,-9.999983906745910645e-01,9.999989271163940430e-01,-9.999966025352478027e-01,9.999927878379821777e-01,9.999945163726806641e-01,9.999873042106628418e-01,9.999986290931701660e-01,-9.999919533729553223e-01,-9.999988675117492676e-01,9.999946951866149902e-01,9.999958276748657227e-01,-9.999920725822448730e-01,-9.999979734420776367e-01,9.999989867210388184e-01,-9.999983906745910645e-01,9.999985098838806152e-01,9.999864697456359863e-01,9.996411800384521484e-01,-9.999991059303283691e-01,-9.999932050704956055e-01,-9.999900460243225098e-01,9.999944567680358887e-01,-9.999985098838806152e-01,9.999881386756896973e-01,9.999975562095642090e-01,-9.999977946281433105e-01,9.999980926513671875e-01,9.999887347221374512e-01,-9.999991655349731445e-01,9.999989271163940430e-01,-9.999976754188537598e-01,9.999971985816955566e-01,-9.999989867210388184e-01,-9.999492168426513672e-01,-9.999624490737915039e-01,-9.999988675117492676e-01,-9.999963641166687012e-01,9.999839067459106445e-01,9.999986886978149414e-01,9.999949932098388672e-01,-9.999986886978149414e-01,9.999987483024597168e-01,-9.999978542327880859e-01,9.999984502792358398e-01,9.999133944511413574e-01,-9.999991059303283691e-01,9.999972581863403320e-01,-9.999992847442626953e-01,9.999981522560119629e-01,9.999959468841552734e-01,9.999970197677612305e-01,9.999986290931701660e-01,-9.999971985816955566e-01,-9.999979734420776367e-01,9.999973177909851074e-01,9.999923110008239746e-01,9.999953508377075195e-01,-9.999741315841674805e-01,9.999923110008239746e-01
-9.999942779541015625e-01,9.999951720237731934e-01,9.999811649322509766e-01,-9.999906420707702637e-01,-9.999962449073791504e-01,9.999958276748657227e-01,-9.999822378158569336e-01,-9.999967813491821289e-01,9.999788999557495117e-01,-9.999948740005493164e-01,9.999958276748657227e-01,9.999962449073791504e-01,-9.999929070472717285e-01,-9.999946951866149902e-01,-9.999838471412658691e-01,-9.999786019325256348e-01,-9.999913573265075684e-01,9.999923110008239746e-01,-9.999732971191406250e-01,9.999968409538269043e-01,9.999963045120239258e-01,-9.999809861183166504e-01,-9.999953508377075195e-01,-9.999909996986389160e-01,-9.999628067016601562e-01,-9.999962449073791504e-01,9.999937415122985840e-01,9.999960064888000488e-01,-9.999715685844421387e-01,9.999888539314270020e-01,9.999683499336242676e-01,9.999935030937194824e-01,-9.999433755874633789e-01,-9.999824166297912598e-01,9.999932646751403809e-01,-9.998766779899597168e-01,-9.999964237213134766e-01,-9.999949932098388672e-01,-9.999466538429260254e-01,9.999961853027343750e-01,-9.999954104423522949e-01,-9.999606609344482422e-01,-9.999442100524902344e-01,-9.999963641166687012e-01,-9.999939799308776855e-01,-9.999931454658508301e-01,9.999772906303405762e-01,-9.999955296516418457e-01,-9.999955296516418457e-01,9.999948740005493164e-01,9.999959468841552734e-01,9.999952316284179688e-01,9.999958872795104980e-01,9.999771714210510254e-01,9.999952316284179688e-01,9.999935626983642578e-01,9.998112916946411133e-01,-9.999766349792480469e-01,-9.999813437461853027e-01,-9.999941587448120117e-01,9.999945759773254395e-01,-9.999962449073791504e-01,-9.999945759773254395e-01,-9.999848604202270508e-01,9.999790191650390625e-01,9.999959468841552734e-01,9.999967217445373535e-01,9.999849200248718262e-01,9.999966025352478027e-01,-9.999940991401672363e-01,9.999960064888000488e-01,-9.999870061874389648e-01,9.999716877937316895e-01,9.999786019325256348e-01,9.999502301216125488e-01,9.999947547912597656e-01,-9.999683499336242676e-01,-9.999957680702209473e-01,9.999790787696838379e-01,9.999838471412658691e-01,-9.999688267707824707e-01,-9.999920129776000977e-01,9.999959468841552734e-01,-9.999939799308776855e-01,9.999943375587463379e-01,9.999470710754394531e-01,9.985987544059753418e-01,-9.999963641166687012e-01,-9.999735355377197266e-01,-9.999609589576721191e-01,9.999783039093017578e-01,-9.999943971633911133e-01,9.999536871910095215e-01,9.999908804893493652e-01,-9.999914169311523438e-01,9.999928474426269531e-01,9.999557733535766602e-01,-9.999966025352478027e-01,9.999958872795104980e-01,-9.999910593032836914e-01,9.999892711639404297e-01,-9.999962449073791504e-01,-9.998015761375427246e-01,-9.998531341552734375e-01,-9.999955296516418457e-01,-9.999861121177673340e-01,9.999371170997619629e-01,9.999948740005493164e-01,9.999801516532897949e-01,-9.999950528144836426e-01,9.999951720237731934e-01,-9.999917149543762207e-01,9.999940991401672363e-01,9.996616244316101074e-01,-9.999966025352478027e-01,9.999893903732299805e-01,-9.999966025352478027e-01,9.999929070472717285e-01,9.999844431877136230e-01,9.999884963035583496e-01,9.999947547912597656e-01,-9.999892115592956543e-01,-9.999920129776000977e-01,9.999896883964538574e-01,9.999704360961914062e-01,9.999818801879882812e-01,-9.998987913131713867e-01,9.999699592590332031e-01
9.999971389770507812e-01,-9.999974966049194336e-01,-9.999906420707702637e-01,9.999953508377075195e-01,9.999980926513671875e-01,-9.999978542327880859e-01,9.999911189079284668e-01,9.999982714653015137e-01,-9.999895691871643066e-01,9.999974966049194336e-01,-9.999978542327880859e-01,-9.999980330467224121e-01,9.999964237213134766e-01,9.999972581863403320e-01,9.999919533729553223e-01,9.999893903732299805e-01,9.999957084655761719e-01,-9.999961256980895996e-01,9.999867677688598633e-01,-9.999984502792358398e-01,-9.999981522560119629e-01,9.999906420707702637e-01,9.999976754188537598e-01,9.999954700469970703e-01,9.999815225601196289e-01,9.999981522560119629e-01,-9.999969005584716797e-01,-9.999980330467224121e-01,9.999859929084777832e-01,-9.999945163726806641e-01,-9.999843239784240723e-01,-9.999967217445373535e-01,9.999719262123107910e-01,9.999911785125732422e-01,-9.999966025352478027e-01,9.999388456344604492e-01,9.999982118606567383e-01,9.999975562095642090e-01,9.999735951423645020e-01,-9.999980330467224121e-01,9.999976754188537598e-01,9.999805688858032227e-01,9.999723434448242188e-01,9.999982118606567383e-01,9.999968409538269043e-01,9.999965429306030273e-01,-9.999887347221374512e-01,9.999977350234985352e-01,9.999977350234985352e-01,-9.999974370002746582e-01,-9.999979138374328613e-01,-9.999974966049194336e-01,-9.999979734420776367e-01,-9.999886155128479004e-01,-9.999976158142089844e-01,-9.999967217445373535e-01,-9.999062418937683105e-01,9.999884963035583496e-01,9.999907016754150391e-01,9.999970197677612305e-01,-9.999972581863403320e-01,9.999982714653015137e-01,9.999972581863403320e-01,9.999924898147583008e-01,-9.999895691871643066e-01,-9.999979138374328613e-01,-9.999984502792358398e-01,-9.999926090240478516e-01,-9.999982714653015137e-01,9.999970793724060059e-01,-9.999979734420776367e-01,9.999935626983642578e-01,-9.999859333038330078e-01,-9.999894499778747559e-01,-9.999752044677734375e-01,-9.999973773956298828e-01,9.999843835830688477e-01,9.999978542327880859e-01,-9.999895691871643066e-01,-9.999920129776000977e-01,9.999845623970031738e-01,9.999960660934448242e-01,-9.999979734420776367e-01,9.999970197677612305e-01,-9.999971389770507812e-01,-9.999737739562988281e-01,-9.993038177490234375e-01,9.999982118606567383e-01,9.999868869781494141e-01,9.999806880950927734e-01,-9.999892115592956543e-01,9.999971389770507812e-01,-9.999769926071166992e-01,-9.999955296516418457e-01,9.999957680702209473e-01,-9.999964237213134766e-01,-9.999780654907226562e-01,9.999982714653015137e-01,-9.999979138374328613e-01,9.999955296516418457e-01,-9.999945759773254395e-01,9.999981522560119629e-01,9.999014139175415039e-01,9.999269843101501465e-01,9.999977350234985352e-01,9.999930858612060547e-01,-9.999688863754272461e-01,-9.999974370002746582e-01,-9.999902248382568359e-01,9.999974966049194336e-01,-9.999975562095642090e-01,9.999959468841552734e-01,-9.999970197677612305e-01,-9.998320341110229492e-01,9.999983310699462891e-01,-9.999947547912597656e-01,9.999982714653015137e-01,-9.999964237213134766e-01,-9.999922513961791992e-01,-9.999942183494567871e-01,-9.999972581863403320e-01,9.999945759773254395e-01,9.999959468841552734e-01,-9.999948740005493164e-01,-9.999853372573852539e-01,-9.999909996986389160e-01,9.999497532844543457e-01,-9.999850988388061523e-01
9.999989867210388184e-01,-9.999990463256835938e-01,-9.999962449073791504e-01,9.999980926513671875e-01,9.999993443489074707e-01,-9.999991655349731445e-01,9.999964237213134766e-01,9.999994635581970215e-01,-9.999957680702209473e-01,9.999989867210388184e-01,-9.999992847442626953e-01,-9.999992847442626953e-01,9.999985098838806152e-01,9.999989867210388184e-01,9.999967813491821289e-01,9.999957084655761719e-01,9.999983310699462891e-01,-9.999985098838806152e-01,9.999946355819702148e-01,-9.999994635581970215e-01,-9.999994039535522461e-01,9.999961853027343750e-01,9.999992251396179199e-01,9.999982714653015137e-01,9.999925494194030762e-01,9.999993443489074707e-01,-9.999988079071044922e-01,-9.999992251396179199e-01,9.999943971633911133e-01,-9.999977946281433105e-01,-9.999935626983642578e-01,-9.999987483024597168e-01,9.999885559082031250e-01,9.999964833259582520e-01,-9.999987483024597168e-01,9.999749064445495605e-01,9.999994039535522461e-01,9.999991059303283691e-01,9.999891519546508789e-01,-9.999992251396179199e-01,9.999991059303283691e-01,9.999921321868896484e-01,9.999887347221374512e-01,9.999994039535522461e-01,9.999988079071044922e-01,9.999985694885253906e-01,-9.999954104423522949e-01,9.999992251396179199e-01,9.999991059303283691e-01,-9.999989867210388184e-01,-9.999992251396179199e-01,-9.999991655349731445e-01,-9.999992847442626953e-01,-9.999954104423522949e-01,-9.999991655349731445e-01,-9.999987483024597168e-01,-9.999615550041198730e-01,9.999952912330627441e-01,9.999961256980895996e-01,9.999989271163940430e-01,-9.999989271163940430e-01,9.999993443489074707e-01,9.999989271163940430e-01,9.999968409538269043e-01,-9.999957680702209473e-01,-9.999993443489074707e-01,-9.999994635581970215e-01,-9.999969005584716797e-01,-9.999994039535522461e-01,9.999988079071044922e-01,-9.999993443489074707e-01,9.999973773956298828e-01,-9.999943375587463379e-01,-9.999957084655761719e-01,-9.999898672103881836e-01,-9.999989867210388184e-01,9.999936223030090332e-01,9.999992847442626953e-01,-9.999957680702209473e-01,-9.999966621398925781e-01,9.999936819076538086e-01,9.999984502792358398e-01,-9.999993443489074707e-01,9.999988675117492676e-01,-9.999988675117492676e-01,-9.999893307685852051e-01,-9.997140169143676758e-01,9.999992847442626953e-01,9.999946951866149902e-01,9.999920725822448730e-01,-9.999956488609313965e-01,9.999988675117492676e-01,-9.999906420707702637e-01,-9.999981522560119629e-01,9.999983310699462891e-01,-9.999985694885253906e-01,-9.999909996986389160e-01,9.999994039535522461e-01,-9.999992251396179199e-01,9.999981522560119629e-01,-9.999977946281433105e-01,9.999992847442626953e-01,9.999595880508422852e-01,9.999701976776123047e-01,9.999991059303283691e-01,9.999970793724060059e-01,-9.999872446060180664e-01,-9.999989867210388184e-01,-9.999960660934448242e-01,9.999991059303283691e-01,-9.999990463256835938e-01,9.999983906745910645e-01,-9.999988675117492676e-01,-9.999310374259948730e-01,9.999993443489074707e-01,-9.999977946281433105e-01,9.999994039535522461e-01,-9.999986290931701660e-01,-9.999968409538269043e-01,-9.999976158142089844e-01,-9.999989271163940430e-01,9.999978542327880859e-01,9.999984502792358398e-01,-9.999979138374328613e-01,-9.999939799308776855e-01,-9.999962449073791504e-01,9.999794960021972656e-01,-9.999939799308776855e-01
-9.999987483024597168e-01,9.999989271163940430e-01,9.999958276748657227e-01,-9.999978542327880859e-01,-9.999991655349731445e-01,9.999991059303283691e-01,-9.999960064888000488e-01,-9.999992847442626953e-01,9.999953508377075195e-01,-9.999989271163940430e-01,9.999990463256835938e-01,9.999992251396179199e-01,-9.999983906745910645e-01,-9.999988079071044922e-01,-9.999963045120239258e-01,-9.999952912330627441e-01,-9.999980926513671875e-01,9.999982714653015137e-01,-9.999940991401672363e-01,9.999993443489074707e-01,9.999991655349731445e-01,-9.999958872795104980e-01,-9.999989271163940430e-01,-9.999979734420776367e-01,-9.999917745590209961e-01,-9.999992251396179199e-01,9.999985098838806152e-01,9.999991655349731445e-01,-9.999938011169433594e-01,9.999974370002746582e-01,9.999930262565612793e-01,9.999985694885253906e-01,-9.999874830245971680e-01,-9.999960660934448242e-01,9.999985694885253906e-01,-9.999728202819824219e-01,-9.999992847442626953e-01,-9.999988675117492676e-01,-9.999881386756896973e-01,9.999991655349731445e-01,-9.999990463256835938e-01,-9.999914169311523438e-01,-9.999877810478210449e-01,-9.999991655349731445e-01,-9.999986290931701660e-01,-9.999984502792358398e-01,9.999949336051940918e-01,-9.999990463256835938e-01,-9.999990463256835938e-01,9.999988675117492676e-01,9.999991655349731445e-01,9.999989271163940430e-01,9.999991059303283691e-01,9.999949336051940918e-01,9.999989271163940430e-01,9.999985694885253906e-01,9.999582767486572266e-01,-9.999948143959045410e-01,-9.999959468841552734e-01,-9.999987483024597168e-01,9.999986886978149414e-01,-9.999992251396179199e-01,-9.999986886978149414e-01,-9.999966025352478027e-01,9.999954104423522949e-01,9.999991655349731445e-01,9.999993443489074707e-01,9.999966621398925781e-01,9.999992847442626953e-01,-9.999986290931701660e-01,9.999991655349731445e-01,-9.999970793724060059e-01,9.999937415122985840e-01,9.999952912330627441e-01,9.999889135360717773e-01,9.999987483024597168e-01,-9.999930262565612793e-01,-9.999992251396179199e-01,9.999954104423522949e-01,9.999964237213134766e-01,-9.999931454658508301e-01,-9.999983310699462891e-01,9.999991655349731445e-01,-9.999986290931701660e-01,9.999987483024597168e-01,9.999884366989135742e-01,9.996899962425231934e-01,-9.999991655349731445e-01,-9.999941587448120117e-01,-9.999914169311523438e-01,9.999951720237731934e-01,-9.999986886978149414e-01,9.999897480010986328e-01,9.999978542327880859e-01,-9.999981522560119629e-01,9.999984502792358398e-01,9.999902248382568359e-01,-9.999992847442626953e-01,9.999991655349731445e-01,-9.999979734420776367e-01,9.999974966049194336e-01,-9.999991059303283691e-01,-9.999561905860900879e-01,-9.999675154685974121e-01,-9.999990463256835938e-01,-9.999968409538269043e-01,9.999862313270568848e-01,9.999988675117492676e-01,9.999956488609313965e-01,-9.999989271163940430e-01,9.999988675117492676e-01,-9.999981522560119629e-01,9.999986886978149414e-01,9.999251961708068848e-01,-9.999992847442626953e-01,9.999976158142089844e-01,-9.999992847442626953e-01,9.999983906745910645e-01,9.999964833259582520e-01,9.999974370002746582e-01,9.999987483024597168e-01,-9.999975562095642090e-01,-9.999982118606567383e-01,9.999976754188537598e-01,9.999934434890747070e-01,9.999960064888000488e-01,-9.999777078628540039e-01,9.999933838844299316e-01
9.999946355819702148e-01,-9.999954700469970703e-01,-9.999822378158569336e-01,9.999911189079284668e-01,9.999964237213134766e-01,-9.999960064888000488e-01,9.999832510948181152e-01,9.999969005584716797e-01,-9.999801516532897949e-01,9.999952316284179688e-01,-9.999959468841552734e-01,-9.999963641166687012e-01,9.999932050704956055e-01,9.999949932098388672e-01,9.999848008155822754e-01,9.999798536300659180e-01,9.999918341636657715e-01,-9.999926090240478516e-01,9.999747872352600098e-01,-9.999970197677612305e-01,-9.999965429306030273e-01,9.999821186065673828e-01,9.999955892562866211e-01,9.999914169311523438e-01,9.999648928642272949e-01,9.999963641166687012e-01,-9.999940991401672363e-01,-9.999961853027343750e-01,9.999731779098510742e-01,-9.999895691871643066e-01,-9.999702572822570801e-01,-9.999939799308776855e-01,9.999465346336364746e-01,9.999834299087524414e-01,-9.999937415122985840e-01,9.998837709426879883e-01,9.999965429306030273e-01,9.999953508377075195e-01,9.999496340751647949e-01,-9.999963045120239258e-01,9.999956488609313965e-01,9.999628663063049316e-01,9.999473690986633301e-01,9.999964833259582520e-01,9.999942779541015625e-01,9.999935030937194824e-01,-9.999784827232360840e-01,9.999957680702209473e-01,9.999957680702209473e-01,-9.999951720237731934e-01,-9.999961256980895996e-01,-9.999955296516418457e-01,-9.999961256980895996e-01,-9.999784231185913086e-01,-9.999955296516418457e-01,-9.999939203262329102e-01,-9.998218417167663574e-01,9.999779462814331055e-01,9.999822974205017090e-01,9.999944567680358887e-01,-9.999948740005493164e-01,9.999964833259582520e-01,9.999948740005493164e-01,9.999856948852539062e-01,-9.999802112579345703e-01,-9.999963045120239258e-01,-9.999969005584716797e-01,-9.999858140945434570e-01,-9.999967217445373535e-01,9.999945163726806641e-01,-9.999961853027343750e-01,9.999877214431762695e-01,-9.999732971191406250e-01,-9.999798536300659180e-01,-9.999529123306274414e-01,-9.999950528144836426e-01,9.999701380729675293e-01,9.999960660934448242e-01,-9.999803304672241211e-01,-9.999848604202270508e-01,9.999707341194152832e-01,9.999924302101135254e-01,-9.999961853027343750e-01,9.999942183494567871e-01,-9.999946951866149902e-01,-9.999500513076782227e-01,-9.986779093742370605e-01,9.999964237213134766e-01,9.999750256538391113e-01,9.999631643295288086e-01,-9.999794363975524902e-01,9.999948143959045410e-01,-9.999563097953796387e-01,-9.999914169311523438e-01,9.999918341636657715e-01,-9.999931454658508301e-01,-9.999582767486572266e-01,9.999967813491821289e-01,-9.999961256980895996e-01,9.999915361404418945e-01,-9.999898672103881836e-01,9.999963641166687012e-01,9.998127818107604980e-01,9.998613595962524414e-01,9.999958276748657227e-01,9.999868273735046387e-01,-9.999406933784484863e-01,-9.999951720237731934e-01,-9.999813437461853027e-01,9.999954104423522949e-01,-9.999954104423522949e-01,9.999921917915344238e-01,-9.999944567680358887e-01,-9.996807575225830078e-01,9.999967813491821289e-01,-9.999899864196777344e-01,9.999967217445373535e-01,-9.999933242797851562e-01,-9.999852776527404785e-01,-9.999890923500061035e-01,-9.999950528144836426e-01,9.999898076057434082e-01,9.999925494194030762e-01,-9.999902844429016113e-01,-9.999719858169555664e-01,-9.999828338623046875e-01,9.999046325683593750e-01,-9.999716877937316895e-01
9.999991655349731445e-01,-9.999992251396179199e-01,-9.999967813491821289e-01,9.999982714653015137e-01,9.999994635581970215e-01,-9.999992847442626953e-01,9.999969005584716797e-01,9.999995231628417969e-01,-9.999963045120239258e-01,9.999991655349731445e-01,-9.999992251396179199e-01,-9.999994039535522461e-01,9.999988079071044922e-01,9.999991059303283691e-01,9.999971985816955566e-01,9.999962449073791504e-01,9.999983906745910645e-01,-9.999986290931701660e-01,9.999953508377075195e-01,-9.999995231628417969e-01,-9.999993443489074707e-01,9.999966621398925781e-01,9.999993443489074707e-01,9.999983906745910645e-01,9.999935626983642578e-01,9.999994039535522461e-01,-9.999989271163940430e-01,-9.999993443489074707e-01,9.999951720237731934e-01,-9.999980330467224121e-01,-9.999945163726806641e-01,-9.999989271163940430e-01,9.999902844429016113e-01,9.999969005584716797e-01,-9.999988675117492676e-01,9.999787211418151855e-01,9.999994039535522461e-01,9.999992847442626953e-01,9.999908208847045898e-01,-9.999993443489074707e-01,9.999992251396179199e-01,9.999932050704956055e-01,9.999904632568359375e-01,9.999994039535522461e-01,9.999989271163940430e-01,9.999988675117492676e-01,-9.999960064888000488e-01,9.999992847442626953e-01,9.999992847442626953e-01,-9.999991655349731445e-01,-9.999992251396179199e-01,-9.999992251396179199e-01,-9.999994039535522461e-01,-9.999960660934448242e-01,-9.999992251396179199e-01,-9.999988675117492676e-01,-9.999672770500183105e-01,9.999959468841552734e-01,9.999967217445373535e-01,9.999990463256835938e-01,-9.999991059303283691e-01,9.999994039535522461e-01,9.999991059303283691e-01,9.999973177909851074e-01,-9.999963045120239258e-01,-9.999993443489074707e-01,-9.999995231628417969e-01,-9.999973773956298828e-01,-9.999994039535522461e-01,9.999989271163940430e-01,-9.999993443489074707e-01,9.999977350234985352e-01,-9.999951124191284180e-01,-9.999963641166687012e-01,-9.999914169311523438e-01,-9.999991059303283691e-01,9.999945759773254395e-01,9.999994039535522461e-01,-9.999962449073791504e-01,-9.999971985816955566e-01,9.999946355819702148e-01,9.999986886978149414e-01,-9.999993443489074707e-01,9.999989867210388184e-01,-9.999990463256835938e-01,-9.999908804893493652e-01,-9.997571706771850586e-01,9.999994039535522461e-01,9.999954104423522949e-01,9.999932646751403809e-01,-9.999961853027343750e-01,9.999991059303283691e-01,-9.999920725822448730e-01,-9.999983906745910645e-01,9.999985694885253906e-01,-9.999987483024597168e-01,-9.999923706054687500e-01,9.999994635581970215e-01,-9.999993443489074707e-01,9.999984502792358398e-01,-9.999980926513671875e-01,9.999994039535522461e-01,9.999656081199645996e-01,9.999746680259704590e-01,9.999992847442626953e-01,9.999975562095642090e-01,-9.999890923500061035e-01,-9.999991655349731445e-01,-9.999964833259582520e-01,9.999991655349731445e-01,-9.999992251396179199e-01,9.999985694885253906e-01,-9.999989867210388184e-01,-9.999414086341857910e-01,9.999994635581970215e-01,-9.999981522560119629e-01,9.999995231628417969e-01,-9.999987483024597168e-01,-9.999972581863403320e-01,-9.999979734420776367e-01,-9.999991059303283691e-01,9.999979734420776367e-01,9.999985694885253906e-01,-9.999982118606567383e-01,-9.999948740005493164e-01,-9.999968409538269043e-01,9.999825358390808105e-01,-9.999948740005493164e-01
-9.999936223030090332e-01,9.999946355819702148e-01,9.999788999557495117e-01,-9.999895691871643066e-01,-9.999957680702209473e-01,9.999953508377075195e-01,-9.999801516532897949e-01,-9.999963045120239258e-01,9.999764561653137207e-01,-9.999942183494567871e-01,9.999953508377075195e-01,9.999958872795104980e-01,-9.999920725822448730e-01,-9.999940395355224609e-01,-9.999819397926330566e-01,-9.999760985374450684e-01,-9.999903440475463867e-01,9.999912977218627930e-01,-9.999701380729675293e-01,9.999964833259582520e-01,9.999958872795104980e-01,-9.999787211418151855e-01,-9.999947547912597656e-01,-9.999899268150329590e-01,-9.999583959579467773e-01,-9.999957680702209473e-01,9.999930858612060547e-01,9.999955296516418457e-01,-9.999682903289794922e-01,9.999875426292419434e-01,9.999646544456481934e-01,9.999927282333374023e-01,-9.999367594718933105e-01,-9.999802708625793457e-01,9.999926090240478516e-01,-9.998621940612792969e-01,-9.999960064888000488e-01,-9.999945163726806641e-01,-9.999404549598693848e-01,9.999957680702209473e-01,-9.999948143959045410e-01,-9.999560713768005371e-01,-9.999376535415649414e-01,-9.999960064888000488e-01,-9.999932646751403809e-01,-9.999923110008239746e-01,9.999746084213256836e-01,-9.999949932098388672e-01,-9.999949932098388672e-01,9.999941587448120117e-01,9.999954104423522949e-01,9.999945759773254395e-01,9.999954104423522949e-01,9.999743700027465820e-01,9.999946951866149902e-01,9.999927878379821777e-01,9.997888207435607910e-01,-9.999738335609436035e-01,-9.999790191650390625e-01,-9.999933838844299316e-01,9.999939203262329102e-01,-9.999959468841552734e-01,-9.999938011169433594e-01,-9.999830722808837891e-01,9.999765753746032715e-01,9.999955892562866211e-01,9.999963641166687012e-01,9.999832510948181152e-01,9.999960660934448242e-01,-9.999934434890747070e-01,9.999955296516418457e-01,-9.999854564666748047e-01,9.999683499336242676e-01,9.999760985374450684e-01,9.999443292617797852e-01,9.999940395355224609e-01,-9.999645948410034180e-01,-9.999952316284179688e-01,9.999766349792480469e-01,9.999819397926330566e-01,-9.999651908874511719e-01,-9.999910593032836914e-01,9.999955296516418457e-01,-9.999931454658508301e-01,9.999936223030090332e-01,9.999408125877380371e-01,9.984327554702758789e-01,-9.999959468841552734e-01,-9.999704360961914062e-01,-9.999563694000244141e-01,9.999756217002868652e-01,-9.999937415122985840e-01,9.999481439590454102e-01,9.999898076057434082e-01,-9.999904036521911621e-01,9.999919533729553223e-01,9.999504685401916504e-01,-9.999961853027343750e-01,9.999954104423522949e-01,-9.999899864196777344e-01,9.999879002571105957e-01,-9.999958276748657227e-01,-9.997780323028564453e-01,-9.998356103897094727e-01,-9.999950528144836426e-01,-9.999843835830688477e-01,9.999296069145202637e-01,9.999942779541015625e-01,9.999777674674987793e-01,-9.999944567680358887e-01,9.999945759773254395e-01,-9.999907612800598145e-01,9.999933838844299316e-01,9.996215105056762695e-01,-9.999961853027343750e-01,9.999880194664001465e-01,-9.999962449073791504e-01,9.999920725822448730e-01,9.999825954437255859e-01,9.999870061874389648e-01,9.999940991401672363e-01,-9.999878406524658203e-01,-9.999909996986389160e-01,9.999884366989135742e-01,9.999668002128601074e-01,9.999797344207763672e-01,-9.998868107795715332e-01,9.999663233757019043e-01
9.999985098838806152e-01,-9.999987483024597168e-01,-9.999948740005493164e-01,9.999974966049194336e-01,9.999989867210388184e-01,-9.999989271163940430e-01,9.999952316284179688e-01,9.999991655349731445e-01,-9.999942183494567871e-01,9.999985694885253906e-01,-9.999988079071044922e-01,-9.999989867210388184e-01,9.999981522560119629e-01,9.999985098838806152e-01,9.999955892562866211e-01,9.999941587448120117e-01,9.999976158142089844e-01,-9.999978542327880859e-01,9.999926686286926270e-01,-9.999991655349731445e-01,-9.999990463256835938e-01,9.999948740005493164e-01,9.999988079071044922e-01,9.999975562095642090e-01,9.999898076057434082e-01,9.999990463256835938e-01,-9.999982118606567383e-01,-9.999989271163940430e-01,9.999923110008239746e-01,-9.999969601631164551e-01,-9.999913573265075684e-01,-9.999982714653015137e-01,9.999846220016479492e-01,9.999952316284179688e-01,-9.999981522560119629e-01,9.999662637710571289e-01,9.999991059303283691e-01,9.999986886978149414e-01,9.999854564666748047e-01,-9.999989867210388184e-01,9.999988079071044922e-01,9.999892711639404297e-01,9.999848604202270508e-01,9.999991655349731445e-01,9.999983310699462891e-01,9.999982118606567383e-01,-9.999938011169433594e-01,9.999988079071044922e-01,9.999988079071044922e-01,-9.999985694885253906e-01,-9.999988675117492676e-01,-9.999986886978149414e-01,-9.999989867210388184e-01,-9.999938011169433594e-01,-9.999986886978149414e-01,-9.999982118606567383e-01,-9.999482631683349609e-01,9.999936819076538086e-01,9.999948740005493164e-01,9.999984502792358398e-01,-9.999985098838806152e-01,9.999989867210388184e-01,9.999985098838806152e-01,9.999958276748657227e-01,-9.999942779541015625e-01,-9.999989271163940430e-01,-9.999992847442626953e-01,-9.999958872795104980e-01,-9.999991059303283691e-01,9.999983906745910645e-01,-9.999988675117492676e-01,9.999963641166687012e-01,-9.999922513961791992e-01,-9.999941587448120117e-01,-9.999864101409912109e-01,-9.999985098838806152e-01,9.999914765357971191e-01,9.999988675117492676e-01,-9.999942779541015625e-01,-9.999955296516418457e-01,9.999915361404418945e-01,9.999978542327880859e-01,-9.999989271163940430e-01,9.999982714653015137e-01,-9.999985098838806152e-01,-9.999855160713195801e-01,-9.996158480644226074e-01,9.999990463256835938e-01,9.999927282333374023e-01,9.999893307685852051e-01,-9.999940395355224609e-01,9.999984502792358398e-01,-9.999873042106628418e-01,-9.999974966049194336e-01,9.999976754188537598e-01,-9.999980926513671875e-01,-9.999879002571105957e-01,9.999992251396179199e-01,-9.999988675117492676e-01,9.999974966049194336e-01,-9.999970197677612305e-01,9.999989867210388184e-01,9.999457001686096191e-01,9.999598264694213867e-01,9.999988675117492676e-01,9.999961256980895996e-01,-9.999828934669494629e-01,-9.999986290931701660e-01,-9.999946355819702148e-01,9.999986290931701660e-01,-9.999986886978149414e-01,9.999976754188537598e-01,-9.999983310699462891e-01,-9.999073147773742676e-01,9.999991059303283691e-01,-9.999970793724060059e-01,9.999992251396179199e-01,-9.999980330467224121e-01,-9.999957680702209473e-01,-9.999967813491821289e-01,-9.999985098838806152e-01,9.999970197677612305e-01,9.999978542327880859e-01,-9.999971389770507812e-01,-9.999919533729553223e-01,-9.999950528144836426e-01,9.999723434448242188e-01,-9.999918341636657715e-01
-9.999987483024597168e-01,9.999988675117492676e-01,9.999958276748657227e-01,-9.999978542327880859e-01,-9.999992847442626953e-01,9.999990463256835938e-01,-9.999959468841552734e-01,-9.999992251396179199e-01,9.999953508377075195e-01,-9.999988079071044922e-01,9.999990463256835938e-01,9.999992251396179199e-01,-9.999984502792358398e-01,-9.999987483024597168e-01,-9.999963641166687012e-01,-9.999952912330627441e-01,-9.999979734420776367e-01,9.999982118606567383e-01,-9.999940991401672363e-01,9.999993443489074707e-01,9.999991655349731445e-01,-9.999958872795104980e-01,-9.999989867210388184e-01,-9.999980330467224121e-01,-9.999918341636657715e-01,-9.999991059303283691e-01,9.999985694885253906e-01,9.999990463256835938e-01,-9.999938011169433594e-01,9.999974966049194336e-01,9.999930262565612793e-01,9.999985694885253906e-01,-9.999876022338867188e-01,-9.999961256980895996e-01,9.999985098838806152e-01,-9.999732375144958496e-01,-9.999992847442626953e-01,-9.999988675117492676e-01,-9.999883174896240234e-01,9.999992251396179199e-01,-9.999989271163940430e-01,-9.999914765357971191e-01,-9.999879002571105957e-01,-9.999992251396179199e-01,-9.999985694885253906e-01,-9.999983906745910645e-01,9.999949932098388672e-01,-9.999989271163940430e-01,-9.999990463256835938e-01,9.999988675117492676e-01,9.999991655349731445e-01,9.999988675117492676e-01,9.999991655349731445e-01,9.999949932098388672e-01,9.999988675117492676e-01,9.999985694885253906e-01,9.999588131904602051e-01,-9.999949336051940918e-01,-9.999958276748657227e-01,-9.999986886978149414e-01,9.999988079071044922e-01,-9.999992251396179199e-01,-9.999987483024597168e-01,-9.999965429306030273e-01,9.999953508377075195e-01,9.999991059303283691e-01,9.999993443489074707e-01,9.999966025352478027e-01,9.999991655349731445e-01,-9.999986290931701660e-01,9.999990463256835938e-01,-9.999971389770507812e-01,9.999938607215881348e-01,9.999952912330627441e-01,9.999890923500061035e-01,9.999987483024597168e-01,-9.999930858612060547e-01,-9.999991059303283691e-01,9.999954104423522949e-01,9.999963641166687012e-01,-9.999931454658508301e-01,-9.999982118606567383e-01,9.999990463256835938e-01,-9.999986290931701660e-01,9.999987483024597168e-01,9.999884366989135742e-01,9.996944069862365723e-01,-9.999992251396179199e-01,-9.999941587448120117e-01,-9.999914765357971191e-01,9.999952316284179688e-01,-9.999986886978149414e-01,9.999898672103881836e-01,9.999979138374328613e-01,-9.999980926513671875e-01,9.999983906745910645e-01,9.999903440475463867e-01,-9.999992847442626953e-01,9.999990463256835938e-01,-9.999980330467224121e-01,9.999975562095642090e-01,-9.999991059303283691e-01,-9.999567270278930664e-01,-9.999679327011108398e-01,-9.999990463256835938e-01,-9.999968409538269043e-01,9.999864101409912109e-01,9.999988079071044922e-01,9.999956488609313965e-01,-9.999989271163940430e-01,9.999988079071044922e-01,-9.999981522560119629e-01,9.999986290931701660e-01,9.999262094497680664e-01,-9.999992847442626953e-01,9.999976158142089844e-01,-9.999992847442626953e-01,9.999983310699462891e-01,9.999965429306030273e-01,9.999973773956298828e-01,9.999987483024597168e-01,-9.999975562095642090e-01,-9.999982118606567383e-01,9.999976754188537598e-01,9.999934434890747070e-01,9.999960064888000488e-01,-9.999780058860778809e-01,9.999933838844299316e-01
-9.999988675117492676e-01,9.999991059303283691e-01,9.999962449073791504e-01,-9.999980330467224121e-01,-9.999992847442626953e-01,9.999992251396179199e-01,-9.999963641166687012e-01,-9.999994039535522461e-01,9.999958872795104980e-01,-9.999989867210388184e-01,9.999992251396179199e-01,9.999992251396179199e-01,-9.999985098838806152e-01,-9.999988675117492676e-01,-9.999967217445373535e-01,-9.999957084655761719e-01,-9.999982714653015137e-01,9.999984502792358398e-01,-9.999947547912597656e-01,9.999994039535522461e-01,9.999992251396179199e-01,-9.999961853027343750e-01,-9.999991059303283691e-01,-9.999982118606567383e-01,-9.999926686286926270e-01,-9.999992847442626953e-01,9.999986886978149414e-01,9.999991655349731445e-01,-9.999943971633911133e-01,9.999977350234985352e-01,9.999938011169433594e-01,9.999986886978149414e-01,-9.999888539314270020e-01,-9.999964833259582520e-01,9.999986886978149414e-01,-9.999757409095764160e-01,-9.999993443489074707e-01,-9.999990463256835938e-01,-9.999894499778747559e-01,9.999992847442626953e-01,-9.999991059303283691e-01,-9.999922513961791992e-01,-9.999890327453613281e-01,-9.999993443489074707e-01,-9.999987483024597168e-01,-9.999985694885253906e-01,9.999954700469970703e-01,-9.999991655349731445e-01,-9.999991655349731445e-01,9.999989271163940430e-01,9.999991655349731445e-01,9.999991059303283691e-01,9.999992251396179199e-01,9.999954104423522949e-01,9.999991059303283691e-01,9.999986886978149414e-01,9.999628663063049316e-01,-9.999954104423522949e-01,-9.999961256980895996e-01,-9.999988079071044922e-01,9.999988675117492676e-01,-9.999992847442626953e-01,-9.999988675117492676e-01,-9.999969005584716797e-01,9.999958872795104980e-01,9.999992847442626953e-01,9.999994635581970215e-01,9.999969005584716797e-01,9.999993443489074707e-01,-9.999987483024597168e-01,9.999992251396179199e-01,-9.999973177909851074e-01,9.999944567680358887e-01,9.999957680702209473e-01,9.999902248382568359e-01,9.999988675117492676e-01,-9.999938011169433594e-01,-9.999992251396179199e-01,9.999957680702209473e-01,9.999967217445373535e-01,-9.999938011169433594e-01,-9.999983906745910645e-01,9.999992251396179199e-01,-9.999988675117492676e-01,9.999988675117492676e-01,9.999896287918090820e-01,9.997239708900451660e-01,-9.999992251396179199e-01,-9.999946951866149902e-01,-9.999923110008239746e-01,9.999957084655761719e-01,-9.999988079071044922e-01,9.999908208847045898e-01,9.999980926513671875e-01,-9.999983906745910645e-01,9.999985694885253906e-01,9.999912381172180176e-01,-9.999992847442626953e-01,9.999991655349731445e-01,-9.999982118606567383e-01,9.999977350234985352e-01,-9.999992251396179199e-01,-9.999609589576721191e-01,-9.999711513519287109e-01,-9.999991655349731445e-01,-9.999971985816955566e-01,9.999877214431762695e-01,9.999989867210388184e-01,9.999960064888000488e-01,-9.999990463256835938e-01,9.999991059303283691e-01,-9.999982714653015137e-01,9.999987483024597168e-01,9.999334216117858887e-01,-9.999993443489074707e-01,9.999978542327880859e-01,-9.999994635581970215e-01,9.999985694885253906e-01,9.999969005584716797e-01,9.999976158142089844e-01,9.999989271163940430e-01,-9.999977946281433105e-01,-9.999983906745910645e-01,9.999979138374328613e-01,9.999941587448120117e-01,9.999963641166687012e-01,-9.999800324440002441e-01,9.999940991401672363e-01
