3.754433691501617432e-01,-2.384703233838081360e-02,2.310996800661087036e-01,-2.866310477256774902e-01,2.013269066810607910e-01,-2.727866470813751221e-01,1.154017373919487000e-01,2.605399489402770996e-01,-4.116179049015045166e-02,-8.928877115249633789e-02,-1.974650919437408447e-01,2.868839539587497711e-02,-2.176921069622039795e-01,-2.054982036352157593e-01,-2.121845930814743042e-01,-1.094044186174869537e-02,8.215605281293392181e-03,-8.838114142417907715e-02,2.395015209913253784e-01,1.242707595229148865e-01,1.311646122485399246e-02,-2.552100718021392822e-01,-2.355246692895889282e-01,1.642037183046340942e-01,-1.047765556722879410e-02,-1.466959808021783829e-02,2.184766381978988647e-01,-2.393660992383956909e-01,-1.603936702013015747e-01,-9.298241697251796722e-03,-1.414608508348464966e-01,1.897432804107666016e-01,-1.946758478879928589e-01,-1.811440140008926392e-01,-4.791802726686000824e-03,1.784709841012954712e-01,-8.361905068159103394e-02,-1.437375843524932861e-01,-6.177278235554695129e-02,-1.803351193666458130e-01,2.986232191324234009e-02,5.120743438601493835e-02,-2.048660069704055786e-01,-4.347246885299682617e-02,-1.263038069009780884e-01,3.108314871788024902e-01,1.826327741146087646e-01,-2.717190608382225037e-02,9.466104954481124878e-02,5.584927275776863098e-02,-1.913186907768249512e-01,-9.645575284957885742e-02,1.311812102794647217e-01,-1.458228100091218948e-02,-2.949316054582595825e-03,9.443074464797973633e-02,2.473689429461956024e-02,-7.606868166476488113e-03,2.508646249771118164e-01,2.166515290737152100e-01,-9.385741502046585083e-02,-6.042320164851844311e-04,-7.136204745620489120e-03,1.578415781259536743e-01,2.209037728607654572e-02,4.943032562732696533e-02,-3.405864238739013672e-01,-4.233235120773315430e-02,1.634765267372131348e-01,1.992997527122497559e-01,-2.336714044213294983e-02,2.805069088935852051e-01,9.351739287376403809e-02,-2.076559811830520630e-01,-1.915614604949951172e-01,6.348046660423278809e-02,1.771127455867826939e-03,-1.914451569318771362e-01,8.784385770559310913e-02,9.573397785425186157e-02,-1.285413205623626709e-01,-3.101777401752769947e-04,-1.014756504446268082e-02,-1.073207007721066475e-03,-1.820809841156005859e-01,2.832455635070800781e-01,9.400042146444320679e-02,-6.191257853060960770e-04,-2.536594271659851074e-01,-3.668100759387016296e-02,-1.374369561672210693e-01,2.491888701915740967e-01,2.675134539604187012e-01,-2.067904770374298096e-01,7.522399723529815674e-02,-3.839628696441650391e-01,-2.647463418543338776e-02,-9.325060091214254498e-06,8.625393733382225037e-03,1.374397426843643188e-01,-1.885689646005630493e-01,1.707589328289031982e-01,1.779805272817611694e-01,8.591310679912567139e-02,-2.828729748725891113e-01,1.648136675357818604e-01,2.771870493888854980e-01,2.492735236883163452e-01,-3.123459517955780029e-01,1.498179882764816284e-02,-1.650627851486206055e-01,3.107125461101531982e-01,1.956863552331924438e-01,-1.104509681463241577e-01,-9.404655545949935913e-02,1.764812469482421875e-01,2.034496665000915527e-01,-1.956932693719863892e-01,3.777756169438362122e-02,-9.052234143018722534e-02,-2.171120792627334595e-01,-1.191885918378829956e-01,-6.109242886304855347e-02,2.938024699687957764e-01,3.306707367300987244e-02,2.124393731355667114e-01,5.948400124907493591e-03,-9.184525907039642334e-02
-2.384703233838081360e-02,8.533513173460960388e-03,-7.025080919265747070e-02,6.523700803518295288e-02,2.510141395032405853e-02,1.728564687073230743e-02,-2.368705533444881439e-02,2.164539694786071777e-02,4.178277030587196350e-02,4.185708612203598022e-02,1.402743905782699585e-02,-3.589245676994323730e-02,6.711281836032867432e-02,5.981061235070228577e-02,7.644264400005340576e-02,7.214537262916564941e-02,-1.481467625126242638e-03,3.455586731433868408e-02,-6.471910327672958374e-02,-4.549831524491310120e-02,-3.289814665913581848e-02,5.665161088109016418e-02,4.551203176379203796e-02,-3.255905210971832275e-02,8.609533309936523438e-03,5.785165727138519287e-02,-7.461754977703094482e-02,-1.374627649784088135e-02,6.383588910102844238e-02,-1.112915109843015671e-02,1.227874960750341415e-02,-8.077769726514816284e-02,4.654020816087722778e-02,5.263572186231613159e-02,-2.262355294078588486e-03,-7.867822796106338501e-02,4.843230172991752625e-02,6.366878747940063477e-02,-5.381840467453002930e-02,-2.810446172952651978e-02,5.831377580761909485e-02,1.339935511350631714e-02,6.400382518768310547e-02,1.904821954667568207e-02,2.472817152738571167e-02,-6.565813720226287842e-02,-7.147045433521270752e-02,-1.734104380011558533e-02,-8.298661559820175171e-03,1.946817152202129364e-03,1.732937432825565338e-02,-5.257780663669109344e-03,3.166224434971809387e-02,-3.304181154817342758e-03,-1.797310076653957367e-02,-7.894006371498107910e-02,2.137969806790351868e-02,3.620368195697665215e-03,-6.541990488767623901e-02,-6.074946373701095581e-02,8.753636851906776428e-03,-1.803338760510087013e-03,2.018424216657876968e-03,5.879488773643970490e-03,8.650455623865127563e-03,-2.139868028461933136e-02,6.012902408838272095e-02,7.091449946165084839e-02,-7.319556176662445068e-02,1.311589311808347702e-02,-5.497341230511665344e-02,-3.496938943862915039e-02,-2.057390660047531128e-02,7.229208201169967651e-02,1.102973241358995438e-02,-7.064435631036758423e-02,-5.412502214312553406e-04,7.726081460714340210e-02,-3.757498785853385925e-02,-6.034011393785476685e-02,7.093016058206558228e-02,1.166417932836338878e-04,-5.222963914275169373e-02,7.044357334962114692e-05,-4.810607805848121643e-02,-7.599244266748428345e-02,2.559535391628742218e-02,1.137613551691174507e-03,6.076915189623832703e-02,5.194072425365447998e-02,-8.002827875316143036e-03,-2.103319577872753143e-02,-6.671059131622314453e-02,4.152953252196311951e-02,-5.947468057274818420e-02,3.290691599249839783e-02,4.459911584854125977e-02,-2.327200718355015852e-06,-5.256623774766921997e-02,3.045714460313320160e-02,-2.756066154688596725e-03,2.634737081825733185e-02,-7.890196889638900757e-02,-6.311707198619842529e-02,8.679052442312240601e-02,-1.502600405365228653e-02,-6.729679554700851440e-02,-7.451451569795608521e-02,4.178919363766908646e-03,-2.617482794448733330e-03,5.080975219607353210e-02,-6.235545873641967773e-02,-7.457121461629867554e-02,6.437688600271940231e-03,7.449736446142196655e-02,-7.119051367044448853e-02,2.253605052828788757e-02,3.961296752095222473e-02,-7.059056311845779419e-02,2.803795039653778076e-02,5.198395997285842896e-02,5.921620130538940430e-02,6.057352945208549500e-02,-6.020785123109817505e-02,-3.231499344110488892e-02,-4.023070633411407471e-02,7.101409719325602055e-04,4.898834228515625000e-02
2.310996800661087036e-01,-7.025080919265747070e-02,6.752247810363769531e-01,-6.305624246597290039e-01,-2.774120271205902100e-01,-2.043056786060333252e-01,1.727872043848037720e-01,-2.721582651138305664e-01,-3.455474376678466797e-01,-4.276874661445617676e-01,-9.571948647499084473e-02,3.806401193141937256e-01,-5.776949524879455566e-01,-5.937421917915344238e-01,-7.115361690521240234e-01,-6.658967733383178711e-01,1.247166842222213745e-02,-2.892768681049346924e-01,6.189457774162292480e-01,4.812196195125579834e-01,2.815826535224914551e-01,-5.701143145561218262e-01,-4.608668088912963867e-01,3.185974359512329102e-01,-8.994863182306289673e-02,-5.261434316635131836e-01,6.992793083190917969e-01,1.279255896806716919e-01,-6.554690003395080566e-01,1.279432475566864014e-01,-8.355765044689178467e-02,7.449755668640136719e-01,-3.951333761215209961e-01,-5.951749682426452637e-01,2.857157774269580841e-02,7.157958149909973145e-01,-4.794048368930816650e-01,-6.258424520492553711e-01,5.205676555633544922e-01,3.521094620227813721e-01,-5.521658658981323242e-01,-1.342090815305709839e-01,-5.997109413146972656e-01,-1.962555199861526489e-01,-2.781168520450592041e-01,6.303437352180480957e-01,6.920188069343566895e-01,1.646999269723892212e-01,6.817328184843063354e-02,1.074748337268829346e-01,-1.437756866216659546e-01,1.501806378364562988e-01,-3.484291732311248779e-01,4.234245046973228455e-02,2.096556574106216431e-01,7.523928284645080566e-01,-2.725843191146850586e-01,-3.774856030941009521e-02,5.659507513046264648e-01,5.733165740966796875e-01,-5.895702913403511047e-02,-5.598315037786960602e-03,-1.853028126060962677e-02,-4.808404669165611267e-02,-4.471562430262565613e-02,2.071854919195175171e-01,-4.900504946708679199e-01,-6.576253771781921387e-01,6.851658225059509277e-01,-1.463800072669982910e-01,5.727081894874572754e-01,3.614754974842071533e-01,2.025429606437683105e-01,-6.928716301918029785e-01,-1.589204072952270508e-01,6.463016271591186523e-01,4.868573509156703949e-03,-7.510105371475219727e-01,3.408179581165313721e-01,6.131746172904968262e-01,-6.949950456619262695e-01,-1.240089652128517628e-03,5.586519241333007812e-01,9.223085944540798664e-04,4.792439341545104980e-01,6.903327107429504395e-01,-3.022035062313079834e-01,-1.148712448775768280e-02,-5.424029231071472168e-01,-5.541298985481262207e-01,9.061037003993988037e-02,1.175251007080078125e-01,5.934634804725646973e-01,-3.853561878204345703e-01,5.936028957366943359e-01,-2.446085512638092041e-01,-4.187592566013336182e-01,2.858927109627984464e-05,5.284079313278198242e-01,-3.123528063297271729e-01,1.675263792276382446e-01,-2.981617450714111328e-01,7.271165251731872559e-01,6.249361634254455566e-01,-7.870159745216369629e-01,5.581846088171005249e-02,5.826544761657714844e-01,6.744608879089355469e-01,-3.250927105545997620e-02,2.264529466629028320e-02,-4.907424747943878174e-01,6.152290105819702148e-01,6.923568248748779297e-01,-1.705453544855117798e-01,-7.161770462989807129e-01,6.547595858573913574e-01,-2.618952691555023193e-01,-3.801276087760925293e-01,6.861147880554199219e-01,-2.847479879856109619e-01,-4.659844040870666504e-01,-5.707830190658569336e-01,-5.839673876762390137e-01,4.932174980640411377e-01,4.318569600582122803e-01,3.953383564949035645e-01,-1.961490325629711151e-02,-4.954045712947845459e-01
-2.866310477256774902e-01,6.523700803518295288e-02,-6.305624246597290039e-01,7.280073165893554688e-01,9.998681396245956421e-02,2.769294977188110352e-01,-1.511127650737762451e-01,9.516648203134536743e-02,3.596255481243133545e-01,4.122290909290313721e-01,1.449461467564105988e-02,-3.366537094116210938e-01,4.326603114604949951e-01,6.204770207405090332e-01,6.739799380302429199e-01,4.666308462619781494e-01,-8.352725766599178314e-03,2.537099421024322510e-01,-6.704895496368408203e-01,-4.747316837310791016e-01,-4.084799289703369141e-01,5.967680811882019043e-01,4.823106825351715088e-01,-2.867868840694427490e-01,8.593287318944931030e-02,3.193236589431762695e-01,-5.801478624343872070e-01,1.290656030178070068e-01,4.939859509468078613e-01,3.043513372540473938e-02,7.243579626083374023e-02,-6.983327865600585938e-01,5.448917746543884277e-01,5.656369924545288086e-01,-1.290881074965000153e-02,-5.627539753913879395e-01,3.958326578140258789e-01,5.601175427436828613e-01,-2.621045112609863281e-01,-3.694216609001159668e-01,5.046918988227844238e-01,1.890244930982589722e-01,5.013176202774047852e-01,1.735430657863616943e-01,1.516467034816741943e-01,-4.897885620594024658e-01,-6.899318695068359375e-01,-1.622704863548278809e-01,-3.836610540747642517e-02,-8.171238750219345093e-02,1.652940511703491211e-01,2.758301096037030220e-03,3.870864808559417725e-01,-4.915263131260871887e-02,-6.083010882139205933e-02,-6.149981021881103516e-01,2.858301699161529541e-01,3.273494169116020203e-02,-5.436301231384277344e-01,-6.483550667762756348e-01,-1.276104152202606201e-02,8.659142255783081055e-02,2.354687266051769257e-02,-1.078991685062646866e-02,8.426219224929809570e-02,-1.938620954751968384e-01,4.382663071155548096e-01,4.937639236450195312e-01,-6.060352921485900879e-01,-8.914534002542495728e-02,-4.487653076648712158e-01,-1.914973855018615723e-01,-2.927282750606536865e-01,6.684992909431457520e-01,1.342817693948745728e-01,-5.621851682662963867e-01,-2.840953180566430092e-03,6.308558583259582520e-01,-5.123000741004943848e-01,-5.318900346755981445e-01,6.920431852340698242e-01,1.183996559120714664e-03,-4.220955669879913330e-01,2.339561935514211655e-03,-3.615224063396453857e-01,-6.335622072219848633e-01,9.404696524143218994e-02,7.128654979169368744e-03,4.549764692783355713e-01,4.788435995578765869e-01,-1.036960557103157043e-01,-3.038329780101776123e-01,-6.389850974082946777e-01,4.466607272624969482e-01,-5.914305448532104492e-01,3.644311428070068359e-01,3.270434141159057617e-01,-2.443168887111824006e-05,-3.830454647541046143e-01,1.814693659543991089e-01,-4.020318388938903809e-02,6.953018903732299805e-02,-7.220746874809265137e-01,-5.234738588333129883e-01,7.387956380844116211e-01,1.340506523847579956e-01,-7.195001840591430664e-01,-5.650911331176757812e-01,1.946522146463394165e-01,-3.007551841437816620e-02,5.609788298606872559e-01,-6.917769312858581543e-01,-6.829086542129516602e-01,3.343877196311950684e-01,6.048148274421691895e-01,-6.188498735427856445e-01,3.948985785245895386e-02,3.680100440979003906e-01,-5.883866548538208008e-01,3.528973758220672607e-01,4.323940575122833252e-01,6.062545180320739746e-01,5.704242587089538574e-01,-5.131645798683166504e-01,-4.076511561870574951e-01,-4.808330535888671875e-01,5.487692076712846756e-03,4.332280158996582031e-01
2.013269066810607910e-01,2.510141395032405853e-02,-2.774120271205902100e-01,9.998681396245956421e-02,5.241307020187377930e-01,-1.590090692043304443e-01,-2.721804380416870117e-02,5.810445547103881836e-01,1.597652286291122437e-01,2.128120362758636475e-01,-6.031500548124313354e-02,-2.724116146564483643e-01,2.957474887371063232e-01,1.728635132312774658e-01,3.146557509899139404e-01,6.315198540687561035e-01,-3.541174344718456268e-03,1.451258510351181030e-01,-1.790855973958969116e-01,-2.000736147165298462e-01,-3.885490819811820984e-02,1.412009447813034058e-01,6.560304015874862671e-02,-9.621796011924743652e-02,5.514965951442718506e-02,5.301073789596557617e-01,-3.714301884174346924e-01,-5.024355649948120117e-01,4.573388695716857910e-01,-2.141646742820739746e-01,-8.123107999563217163e-02,-3.815175294876098633e-01,-4.575316607952117920e-02,2.642201185226440430e-01,-3.644086793065071106e-02,-4.623943567276000977e-01,3.155584931373596191e-01,3.524074852466583252e-01,-6.595891714096069336e-01,-3.808973729610443115e-01,4.584257006645202637e-01,8.448958396911621094e-02,2.820084393024444580e-01,1.086324751377105713e-01,1.817433536052703857e-01,-2.688324749469757080e-01,-3.149308860301971436e-01,-1.359525471925735474e-01,2.332087978720664978e-02,-6.089964881539344788e-02,-1.027858927845954895e-01,-3.210252523422241211e-01,3.218747973442077637e-01,-5.370118841528892517e-02,-2.612401247024536133e-01,-5.595560669898986816e-01,2.134958207607269287e-01,2.302088588476181030e-02,-1.619722992181777954e-01,-1.331303268671035767e-01,6.790743675082921982e-03,-6.576072424650192261e-02,1.117278006859123707e-03,2.229093015193939209e-01,2.723480761051177979e-02,-1.051779836416244507e-01,5.037617310881614685e-02,5.490010380744934082e-01,-3.805068135261535645e-01,4.728372991085052490e-01,-5.305715799331665039e-01,-1.203565597534179688e-01,2.252081409096717834e-02,3.153795897960662842e-01,-4.507695138454437256e-02,-4.503506422042846680e-01,-3.138008993119001389e-03,4.589464962482452393e-01,-1.394433341920375824e-02,-4.138574302196502686e-01,3.806081414222717285e-01,6.009428179822862148e-04,-4.973025023937225342e-01,-3.753161057829856873e-03,-6.039313673973083496e-01,-2.603208422660827637e-01,4.441997110843658447e-01,1.076917629688978195e-02,2.031958252191543579e-01,4.132317602634429932e-01,-1.778609007596969604e-01,3.072623908519744873e-01,-1.241615340113639832e-01,1.784344390034675598e-02,-3.563463687896728516e-01,-2.842780947685241699e-01,3.199009001255035400e-01,-3.037906390090938658e-05,-4.611942768096923828e-01,4.627628624439239502e-01,-4.062901139259338379e-01,5.555822849273681641e-01,-3.528662621974945068e-01,-4.386873245239257812e-01,3.484558761119842529e-01,-4.014407098293304443e-02,-3.361169993877410889e-02,-3.456620275974273682e-01,-3.917786777019500732e-01,5.450611002743244171e-03,1.132238283753395081e-01,-7.105886936187744141e-02,-3.160551488399505615e-01,-1.023462414741516113e-01,5.113007426261901855e-01,-3.059918880462646484e-01,5.315884947776794434e-01,9.071678668260574341e-02,-5.272163748741149902e-01,5.654543265700340271e-02,1.337750107049942017e-01,2.470323592424392700e-01,3.248127400875091553e-01,-2.807872556149959564e-02,-2.871918976306915283e-01,7.957037538290023804e-03,3.172414004802703857e-02,3.011141121387481689e-01
-2.727866470813751221e-01,1.728564687073230743e-02,-2.043056786060333252e-01,2.769294977188110352e-01,-1.590090692043304443e-01,2.479557693004608154e-01,-5.301640927791595459e-02,-1.839300990104675293e-01,1.265122462064027786e-02,8.707589656114578247e-02,1.025313287973403931e-01,-3.117331489920616150e-02,1.332800388336181641e-01,1.960168331861495972e-01,1.929211169481277466e-01,-9.545002132654190063e-03,-5.496168043464422226e-03,5.436044931411743164e-02,-2.154688835144042969e-01,-1.313880383968353271e-01,-4.933924973011016846e-02,2.135647982358932495e-01,2.125737965106964111e-01,-1.126172393560409546e-01,1.052642054855823517e-02,-4.452545195817947388e-02,-1.691770851612091064e-01,2.234763652086257935e-01,1.364451497793197632e-01,1.789976842701435089e-02,1.017981916666030884e-01,-1.647485643625259399e-01,1.939062476158142090e-01,1.897199302911758423e-01,4.011188168078660965e-03,-1.172352135181427002e-01,5.806901678442955017e-02,1.192028447985649109e-01,7.591082900762557983e-02,5.645274370908737183e-02,-1.559619233012199402e-02,-2.988135907799005508e-03,1.590773910284042358e-01,4.152270779013633728e-02,7.922807335853576660e-02,-2.211184054613113403e-01,-1.837630122900009155e-01,8.461862802505493164e-03,-7.036794722080230713e-02,-5.984504893422126770e-02,1.473225802183151245e-01,5.369010940194129944e-02,-5.006311088800430298e-02,1.615578308701515198e-02,1.493780035525560379e-02,-9.858833253383636475e-02,8.175216615200042725e-03,6.466974038630723953e-03,-1.879997998476028442e-01,-1.981908380985260010e-01,4.718326404690742493e-02,2.436974830925464630e-02,7.260567974299192429e-03,-1.281162351369857788e-01,-2.564859949052333832e-02,-3.880533948540687561e-02,2.284216433763504028e-01,3.131187707185745239e-02,-1.260514408349990845e-01,-1.834342479705810547e-01,-2.680466044694185257e-03,-2.034048736095428467e-01,-8.458500355482101440e-02,1.766814440488815308e-01,1.489216536283493042e-01,-6.932252645492553711e-02,-7.874726434238255024e-04,1.656083911657333374e-01,-1.221852973103523254e-01,-7.455577701330184937e-02,1.422620266675949097e-01,2.837792853824794292e-04,-1.818096451461315155e-02,4.496210895013064146e-04,1.227013543248176575e-01,-2.200365662574768066e-01,-6.853538006544113159e-02,-1.345749187748879194e-04,1.524134427309036255e-01,4.496025666594505310e-02,7.237381488084793091e-02,-2.014539688825607300e-01,-2.135173231363296509e-01,1.664246320724487305e-01,-8.181460201740264893e-02,2.873901724815368652e-01,4.412502050399780273e-02,3.211313696738216095e-06,-5.957297980785369873e-03,-1.257371604442596436e-01,1.194612905383110046e-01,-1.573843210935592651e-01,-1.614874303340911865e-01,-7.225774228572845459e-02,2.291915118694305420e-01,-6.449476350098848343e-03,-2.582716345787048340e-01,-1.656011343002319336e-01,2.590458095073699951e-01,-1.163879223167896271e-02,1.453814506530761719e-01,-2.919008731842041016e-01,-1.701253056526184082e-01,1.515422463417053223e-01,1.042647883296012878e-01,-1.502133458852767944e-01,-1.721700429916381836e-01,1.592582315206527710e-01,-6.102566793560981750e-02,9.523095935583114624e-02,1.669169515371322632e-01,1.226053610444068909e-01,8.548602461814880371e-02,-2.137557715177536011e-01,-7.097519934177398682e-02,-1.932035088539123535e-01,-8.026428520679473877e-03,9.089452773332595825e-02
1.154017373919487000e-01,-2.368705533444881439e-02,1.727872043848037720e-01,-1.511127650737762451e-01,-2.721804380416870117e-02,-5.301640927791595459e-02,1.143576949834823608e-01,-5.882720462977886200e-03,-1.167119964957237244e-01,-8.430759608745574951e-02,-1.103732734918594360e-01,7.996048033237457275e-02,-2.193807214498519897e-01,-1.426101773977279663e-01,-1.929279863834381104e-01,-1.862963438034057617e-01,5.243029445409774780e-03,-1.062244996428489685e-01,1.471517831087112427e-01,8.771848678588867188e-02,2.940191328525543213e-02,-1.537136584520339966e-01,-1.125333532691001892e-01,1.110097765922546387e-01,-1.798944175243377686e-02,-1.753027439117431641e-01,1.997840404510498047e-01,3.020605631172657013e-02,-1.688743829727172852e-01,3.091042861342430115e-02,-6.004282832145690918e-02,1.946638673543930054e-01,-9.007416665554046631e-02,-1.166360899806022644e-01,5.839210469275712967e-03,2.270965278148651123e-01,-1.258775293827056885e-01,-1.588966101408004761e-01,1.483222693204879761e-01,-3.082305751740932465e-02,-1.138618364930152893e-01,6.129468791186809540e-03,-1.796042770147323608e-01,-4.533623158931732178e-02,-1.093072593212127686e-01,2.162387967109680176e-01,1.613879948854446411e-01,3.158133104443550110e-02,4.723710566759109497e-02,4.840355250053107738e-04,-6.456236541271209717e-02,-1.148297265172004700e-02,-1.657386776059865952e-03,1.102861575782299042e-02,5.428044497966766357e-02,1.791024357080459595e-01,-2.713665738701820374e-02,-9.391585364937782288e-03,1.833997368812561035e-01,1.556993275880813599e-01,-6.920126080513000488e-02,3.413442149758338928e-02,-4.053650423884391785e-03,1.763425208628177643e-02,-1.943931169807910919e-02,5.504933744668960571e-02,-2.173606902360916138e-01,-1.697526872158050537e-01,1.941578388214111328e-01,-1.905323378741741180e-02,1.053931489586830139e-01,1.456796079874038696e-01,4.497243836522102356e-02,-1.898568570613861084e-01,-6.624881178140640259e-02,1.475460976362228394e-01,2.059791004285216331e-03,-1.971148848533630371e-01,5.506080016493797302e-02,1.424655914306640625e-01,-1.442896574735641479e-01,-2.842654357664287090e-04,1.039754599332809448e-01,-6.924658664502203465e-04,6.198132038116455078e-02,2.281043231487274170e-01,-3.545131906867027283e-02,-3.409304888918995857e-03,-2.034346014261245728e-01,-1.097041815519332886e-01,-2.823901921510696411e-02,6.188550218939781189e-02,1.750233769416809082e-01,-1.036269292235374451e-01,1.233638450503349304e-01,-1.480465978384017944e-01,-1.045395731925964355e-01,-3.935811605515482370e-07,1.274715662002563477e-01,-5.389600992202758789e-02,-4.533012583851814270e-02,-5.175822228193283081e-02,1.871924549341201782e-01,1.532575339078903198e-01,-2.205762565135955811e-01,1.454218626022338867e-01,1.508422344923019409e-01,2.350951582193374634e-01,-4.000414162874221802e-02,6.846791133284568787e-03,-1.252144873142242432e-01,1.403249204158782959e-01,1.948834806680679321e-01,3.659182041883468628e-02,-1.709907054901123047e-01,1.782930642366409302e-01,-3.408816456794738770e-02,-1.230313256382942200e-01,1.481805145740509033e-01,-5.307272076606750488e-02,-1.617649346590042114e-01,-1.231124848127365112e-01,-1.165867224335670471e-01,1.932064592838287354e-01,4.094430431723594666e-02,9.728125482797622681e-02,-1.744577079080045223e-03,-9.986404329538345337e-02
2.605399489402770996e-01,2.164539694786071777e-02,-2.721582651138305664e-01,9.516648203134536743e-02,5.810445547103881836e-01,-1.839300990104675293e-01,-5.882720462977886200e-03,6.847955584526062012e-01,1.356467306613922119e-01,2.092064321041107178e-01,-7.618073374032974243e-02,-3.049757182598114014e-01,2.805695831775665283e-01,1.795300543308258057e-01,3.237448334693908691e-01,6.428317427635192871e-01,-1.676094601862132549e-03,1.328433454036712646e-01,-1.421924978494644165e-01,-2.006219178438186646e-01,4.407983738929033279e-03,1.376626640558242798e-01,5.037580803036689758e-02,-9.456316381692886353e-02,5.738436058163642883e-02,5.305193066596984863e-01,-3.593157529830932617e-01,-5.566372275352478027e-01,4.933635890483856201e-01,-2.177769839763641357e-01,-1.042390093207359314e-01,-3.608039617538452148e-01,-1.066504865884780884e-01,2.984379231929779053e-01,-4.515057429671287537e-02,-4.568838775157928467e-01,3.283835351467132568e-01,3.633627891540527344e-01,-7.033966183662414551e-01,-4.444342553615570068e-01,4.624928236007690430e-01,9.608370065689086914e-02,2.773624062538146973e-01,1.185737997293472290e-01,2.324688434600830078e-01,-2.580852806568145752e-01,-3.248626589775085449e-01,-1.572425365447998047e-01,1.960260607302188873e-02,-1.178532317280769348e-01,-1.428180187940597534e-01,-4.052078723907470703e-01,3.457306027412414551e-01,-5.625299736857414246e-02,-3.104085922241210938e-01,-5.756934285163879395e-01,2.530178427696228027e-01,2.582200989127159119e-02,-1.034854426980018616e-01,-1.271474063396453857e-01,6.120268255472183228e-03,-8.526641130447387695e-02,-3.910755622200667858e-04,2.114261984825134277e-01,8.524926379323005676e-03,-1.067962050437927246e-01,-8.097944781184196472e-03,5.631951689720153809e-01,-3.831864893436431885e-01,5.280258059501647949e-01,-5.760375261306762695e-01,-1.443330496549606323e-01,5.160077288746833801e-02,3.268966674804687500e-01,-1.319464389234781265e-02,-4.480475187301635742e-01,-3.194244345650076866e-03,4.698615670204162598e-01,-4.354164935648441315e-03,-4.176507890224456787e-01,3.783563077449798584e-01,6.754901260137557983e-04,-5.510095953941345215e-01,-4.971508402377367020e-03,-6.405249238014221191e-01,-2.610858082771301270e-01,4.955594837665557861e-01,1.218061335384845734e-02,1.518340408802032471e-01,4.567517936229705811e-01,-2.083730846643447876e-01,4.191189408302307129e-01,-7.528322190046310425e-02,-2.788721024990081787e-02,-3.599244356155395508e-01,-3.604740798473358154e-01,3.524230718612670898e-01,-3.474530967650935054e-05,-5.108593702316284180e-01,4.941753149032592773e-01,-4.945476055145263672e-01,6.134066581726074219e-01,-3.498563468456268311e-01,-4.628470242023468018e-01,3.048510253429412842e-01,1.885242015123367310e-02,3.171337023377418518e-02,-3.281703591346740723e-01,-4.660770893096923828e-01,1.093673240393400192e-02,8.864372968673706055e-02,-4.094017297029495239e-02,-3.182632029056549072e-01,-9.384294599294662476e-02,5.394856333732604980e-01,-2.958716750144958496e-01,6.073028445243835449e-01,9.533128887414932251e-02,-5.539505481719970703e-01,4.054801911115646362e-02,1.252726912498474121e-01,2.395539730787277222e-01,3.391572237014770508e-01,2.985435537993907928e-02,-3.413492739200592041e-01,3.434019163250923157e-02,3.941139578819274902e-02,3.068912625312805176e-01
-4.116179049015045166e-02,4.178277030587196350e-02,-3.455474376678466797e-01,3.596255481243133545e-01,1.597652286291122437e-01,1.265122462064027786e-02,-1.167119964957237244e-01,1.356467306613922119e-01,3.852995634078979492e-01,2.799970507621765137e-01,-3.378807753324508667e-02,-2.445871680974960327e-01,2.632884681224822998e-01,3.831282258033752441e-01,4.304518401622772217e-01,4.286848008632659912e-01,-1.512396032921969891e-03,1.091919690370559692e-01,-3.834025859832763672e-01,-2.965941727161407471e-01,-3.928162157535552979e-01,3.310779333114624023e-01,2.071274966001510620e-01,-1.586767435073852539e-01,6.644244492053985596e-02,3.469799757003784180e-01,-4.043079018592834473e-01,-3.016379661858081818e-02,2.612952291965484619e-01,3.202880546450614929e-02,-2.902445755898952484e-02,-5.604555010795593262e-01,2.975404560565948486e-01,2.995195388793945312e-01,-9.760069660842418671e-03,-4.324037730693817139e-01,2.733122110366821289e-01,3.652083277702331543e-01,-2.326700687408447266e-01,-3.123789727687835693e-01,4.538067579269409180e-01,1.498735994100570679e-01,2.625516057014465332e-01,9.607054293155670166e-02,2.672530524432659149e-02,-2.606883645057678223e-01,-4.042177498340606689e-01,-1.125069037079811096e-01,5.627640336751937866e-02,-3.669344633817672729e-02,2.191793173551559448e-02,3.162800520658493042e-02,3.741552531719207764e-01,-6.216762214899063110e-02,-3.320047631859779358e-02,-4.555244147777557373e-01,2.028455138206481934e-01,1.956938207149505615e-02,-3.031128048896789551e-01,-3.563045561313629150e-01,-6.360613554716110229e-02,1.047667711973190308e-01,1.493030786514282227e-02,9.840752184391021729e-02,9.818613529205322266e-02,-1.291145533323287964e-01,1.982368528842926025e-01,3.872775435447692871e-01,-4.429208934307098389e-01,3.065625578165054321e-02,-3.250232040882110596e-01,3.015113808214664459e-02,-2.289345711469650269e-01,4.469833076000213623e-01,-8.217995986342430115e-03,-3.908279240131378174e-01,-1.877080765552818775e-03,4.131365120410919189e-01,-2.870003283023834229e-01,-4.287742972373962402e-01,4.773465394973754883e-01,7.559942896477878094e-04,-3.117060065269470215e-01,2.740645781159400940e-03,-3.761076629161834717e-01,-3.679061830043792725e-01,9.098432958126068115e-02,5.182439461350440979e-03,3.383834958076477051e-01,3.544660210609436035e-01,-9.815225005149841309e-02,-1.337308138608932495e-01,-3.809264600276947021e-01,2.862866520881652832e-01,-4.262492954730987549e-01,9.116053581237792969e-02,1.421742886304855347e-01,-1.868145045591518283e-05,-3.250845074653625488e-01,2.187999784946441650e-01,-9.115383028984069824e-02,1.841868162155151367e-01,-5.376188755035400391e-01,-3.766352832317352295e-01,4.930571019649505615e-01,1.601257175207138062e-02,-4.528160393238067627e-01,-3.547602593898773193e-01,-1.637182384729385376e-02,-2.276057563722133636e-02,4.601486325263977051e-01,-3.599662482738494873e-01,-4.438333809375762939e-01,1.754615455865859985e-01,3.834820091724395752e-01,-4.120251536369323730e-01,1.574203521013259888e-01,1.335145980119705200e-01,-4.346818625926971436e-01,2.300000190734863281e-01,1.738637685775756836e-01,4.149186909198760986e-01,4.165019989013671875e-01,-2.600313723087310791e-01,-2.879498600959777832e-01,-2.837249934673309326e-01,2.108230814337730408e-02,2.479102909564971924e-01
-8.928877115249633789e-02,4.185708612203598022e-02,-4.276874661445617676e-01,4.122290909290313721e-01,2.128120362758636475e-01,8.707589656114578247e-02,-8.430759608745574951e-02,2.092064321041107178e-01,2.799970507621765137e-01,3.072990179061889648e-01,-1.015151105821132660e-02,-2.672588825225830078e-01,3.269922435283660889e-01,4.063981473445892334e-01,4.787236154079437256e-01,4.835676848888397217e-01,-5.268488079309463501e-03,1.454240083694458008e-01,-4.277097582817077637e-01,-3.386879563331604004e-01,-2.874331474304199219e-01,3.642547428607940674e-01,2.758252322673797607e-01,-1.868073046207427979e-01,6.733243912458419800e-02,3.709204196929931641e-01,-4.744857251644134521e-01,-8.231692016124725342e-02,4.093367159366607666e-01,-5.937808007001876831e-02,3.147229319438338280e-03,-5.690323710441589355e-01,2.769757211208343506e-01,3.972631096839904785e-01,-1.721440814435482025e-02,-4.888213574886322021e-01,3.139761388301849365e-01,4.182610809803009033e-01,-3.408968448638916016e-01,-3.293402194976806641e-01,4.378752410411834717e-01,1.275753825902938843e-01,3.484999537467956543e-01,1.232344135642051697e-01,1.156583353877067566e-01,-3.712465465068817139e-01,-4.683132767677307129e-01,-1.127842217683792114e-01,1.156016904860734940e-02,-8.300541341304779053e-02,5.527634173631668091e-02,-8.661151677370071411e-02,3.398086428642272949e-01,-4.488046467304229736e-02,-1.111119389533996582e-01,-5.460352897644042969e-01,2.143951356410980225e-01,2.380303107202053070e-02,-3.420578539371490479e-01,-3.686726987361907959e-01,-2.656477317214012146e-02,6.043051555752754211e-02,1.348822750151157379e-02,8.449102938175201416e-02,4.960733652114868164e-02,-1.373708993196487427e-01,2.422349750995635986e-01,4.554450809955596924e-01,-4.735345542430877686e-01,9.901005029678344727e-02,-4.083828628063201904e-01,-1.324031203985214233e-01,-1.760270297527313232e-01,4.776827394962310791e-01,4.996410757303237915e-02,-4.522128701210021973e-01,-2.488021971657872200e-03,5.138230323791503906e-01,-2.519955933094024658e-01,-4.572677016258239746e-01,5.221465826034545898e-01,8.366175461560487747e-04,-3.903721272945404053e-01,5.342387885320931673e-05,-3.983490169048309326e-01,-4.227819144725799561e-01,1.984082162380218506e-01,6.858158390969038010e-03,3.480174541473388672e-01,3.981436789035797119e-01,-9.642486274242401123e-02,-7.575072348117828369e-02,-3.929403424263000488e-01,2.724128365516662598e-01,-4.428030550479888916e-01,8.614051342010498047e-02,2.280697077512741089e-01,-2.351380135223735124e-05,-3.655051887035369873e-01,2.408059686422348022e-01,-1.662608534097671509e-01,2.334879487752914429e-01,-5.424042940139770508e-01,-4.312347769737243652e-01,5.597448945045471191e-01,2.281893603503704071e-02,-4.336583912372589111e-01,-4.193955361843109131e-01,-1.311461161822080612e-02,-1.789360493421554565e-02,3.936317861080169678e-01,-4.169571995735168457e-01,-4.694906175136566162e-01,1.780577749013900757e-01,4.847460091114044189e-01,-4.421865046024322510e-01,2.026203274726867676e-01,1.966615915298461914e-01,-4.992825388908386230e-01,2.170775085687637329e-01,2.368734627962112427e-01,4.138792157173156738e-01,4.276905059814453125e-01,-2.686898410320281982e-01,-3.361780941486358643e-01,-2.741359770298004150e-01,2.027227729558944702e-02,3.257176876068115234e-01
-1.974650919437408447e-01,1.402743905782699585e-02,-9.571948647499084473e-02,1.449461467564105988e-02,-6.031500548124313354e-02,1.025313287973403931e-01,-1.103732734918594360e-01,-7.618073374032974243e-02,-3.378807753324508667e-02,-1.015151105821132660e-02,2.596011459827423096e-01,3.168425057083368301e-03,2.360198795795440674e-01,4.227513819932937622e-02,8.681742846965789795e-02,8.614813536405563354e-02,-8.076201193034648895e-03,7.116509974002838135e-02,1.053637918084859848e-02,-2.818582870531827211e-04,1.975729912519454956e-01,7.522755116224288940e-02,8.235377073287963867e-02,-1.127333268523216248e-01,-7.765561342239379883e-03,1.144874915480613708e-01,-1.522467732429504395e-01,-4.154413193464279175e-02,1.713438332080841064e-01,-9.899971634149551392e-02,1.323539912700653076e-01,-2.845935896039009094e-02,-7.809365540742874146e-02,6.183474138379096985e-02,-8.611844852566719055e-03,-1.673075705766677856e-01,5.687874555587768555e-02,6.002389267086982727e-02,-1.368641704320907593e-01,2.514853477478027344e-01,-1.122640594840049744e-01,-1.227963194251060486e-01,1.636985391378402710e-01,2.386344783008098602e-02,2.190113216638565063e-01,-2.811783254146575928e-01,-1.530840247869491577e-02,3.926407918334007263e-02,-1.202489584684371948e-01,-5.645641684532165527e-02,1.073619499802589417e-01,-4.349789768457412720e-02,-2.446849495172500610e-01,3.780540078878402710e-02,-1.150575280189514160e-01,-6.210212036967277527e-02,-8.769433945417404175e-02,4.976584110409021378e-03,-1.108125150203704834e-01,-1.582658290863037109e-02,1.662428975105285645e-01,-1.082280054688453674e-01,-2.746310550719499588e-03,-1.212125942111015320e-01,-6.746561825275421143e-02,-1.583598181605339050e-02,2.564289569854736328e-01,6.768844276666641235e-02,-8.546058833599090576e-02,2.255326509475708008e-02,1.958365365862846375e-02,-3.624587357044219971e-01,5.992548540234565735e-02,6.938160210847854614e-02,1.869411021471023560e-01,8.745924569666385651e-03,-2.857012907043099403e-03,1.244241520762443542e-01,1.553157866001129150e-01,-1.404443569481372833e-02,-6.095441430807113647e-02,1.005142621579580009e-04,-2.304286509752273560e-02,-2.065632259473204613e-03,1.446342766284942627e-01,-1.880662143230438232e-01,4.529695957899093628e-02,3.147536423057317734e-03,1.807852536439895630e-01,-6.807629950344562531e-03,1.489413976669311523e-01,1.845912635326385498e-02,-4.358616098761558533e-02,1.451716572046279907e-02,7.005024701356887817e-02,1.817955523729324341e-01,5.401672050356864929e-02,1.173042437585536391e-05,-6.194430217146873474e-02,-7.259751856327056885e-02,9.105394780635833740e-02,1.527919434010982513e-02,2.267548581585288048e-03,-4.748032987117767334e-02,8.197121322154998779e-02,-3.163969218730926514e-01,6.718531250953674316e-02,-1.913616210222244263e-01,8.648648858070373535e-02,1.188915688544511795e-03,-3.600492328405380249e-02,-3.138612210750579834e-02,-4.149182885885238647e-02,-1.329673528671264648e-01,5.566377192735671997e-02,-5.065548792481422424e-02,1.207244116812944412e-02,1.202995926141738892e-01,1.080803573131561279e-02,-5.669726803898811340e-02,1.556477397680282593e-01,-5.914493650197982788e-02,-4.318911209702491760e-02,-1.503361910581588745e-01,4.802858829498291016e-02,-1.356480177491903305e-02,2.130867214873433113e-03,1.532845664769411087e-02
2.868839539587497711e-02,-3.589245676994323730e-02,3.806401193141937256e-01,-3.366537094116210938e-01,-2.724116146564483643e-01,-3.117331489920616150e-02,7.996048033237457275e-02,-3.049757182598114014e-01,-2.445871680974960327e-01,-2.672588825225830078e-01,3.168425057083368301e-03,2.729208171367645264e-01,-3.117477893829345703e-01,-3.539557158946990967e-01,-4.429497420787811279e-01,-5.212364196777343750e-01,3.557541640475392342e-03,-1.333435177803039551e-01,3.445523083209991455e-01,2.897799313068389893e-01,1.974516957998275757e-01,-3.175515234470367432e-01,-2.172058224678039551e-01,1.700007915496826172e-01,-6.264626234769821167e-02,-3.996132314205169678e-01,4.397044181823730469e-01,1.723064780235290527e-01,-4.293558299541473389e-01,7.354883849620819092e-02,2.067838795483112335e-02,5.180543065071105957e-01,-1.682172864675521851e-01,-3.693810701370239258e-01,2.419012226164340973e-02,4.834965169429779053e-01,-3.050547540187835693e-01,-3.973727822303771973e-01,4.296814799308776855e-01,3.273625671863555908e-01,-4.262531697750091553e-01,-1.088967621326446533e-01,-3.193873763084411621e-01,-1.179454773664474487e-01,-1.598312258720397949e-01,3.498782217502593994e-01,4.281447231769561768e-01,1.178456246852874756e-01,-4.281438887119293213e-03,1.135896071791648865e-01,-5.832622293382883072e-03,1.518606245517730713e-01,-3.144729435443878174e-01,4.930001497268676758e-02,1.562381088733673096e-01,5.482702851295471191e-01,-2.211625874042510986e-01,-2.426176704466342926e-02,2.665100991725921631e-01,3.126564919948577881e-01,7.686027791351079941e-03,-2.142945490777492523e-02,-9.827958419919013977e-03,-8.190515637397766113e-02,-3.658057376742362976e-02,1.271368116140365601e-01,-1.857651621103286743e-01,-4.677696228027343750e-01,4.481992721557617188e-01,-1.759218722581863403e-01,4.297546446323394775e-01,1.484403610229492188e-01,1.241427734494209290e-01,-4.503071308135986328e-01,-6.465627998113632202e-02,4.225582778453826904e-01,2.699026837944984436e-03,-5.044493675231933594e-01,1.847285926342010498e-01,4.432635009288787842e-01,-4.755939543247222900e-01,-8.080360130406916142e-04,4.152629673480987549e-01,8.265369688160717487e-04,4.320391416549682617e-01,3.966147303581237793e-01,-2.343751192092895508e-01,-8.044901303946971893e-03,-2.986106872558593750e-01,-4.034756124019622803e-01,1.033496707677841187e-01,-4.273398593068122864e-02,3.072395026683807373e-01,-1.972880810499191284e-01,4.080158770084381104e-01,-2.717066323384642601e-03,-2.349162548780441284e-01,2.353947456867899746e-05,3.962422311305999756e-01,-2.753678560256958008e-01,2.258505523204803467e-01,-3.080696463584899902e-01,5.012831687927246094e-01,4.298571944236755371e-01,-4.871866106986999512e-01,-9.079806506633758545e-03,3.081115186214447021e-01,4.004465937614440918e-01,1.025464758276939392e-01,1.103025022894144058e-02,-3.258832395076751709e-01,3.185258209705352783e-01,4.369287490844726562e-01,-1.180734932422637939e-01,-4.904097318649291992e-01,3.974591791629791260e-01,-2.851669192314147949e-01,-1.758045256137847900e-01,5.002711415290832520e-01,-1.702345609664916992e-01,-2.086946070194244385e-01,-3.608815371990203857e-01,-3.897911310195922852e-01,1.980158090591430664e-01,3.338326513767242432e-01,2.046252936124801636e-01,-2.684072591364383698e-02,-2.936535477638244629e-01
