9.999983310699462891e-01,-9.999986290931701660e-01,-9.999940991401672363e-01,9.999977350234985352e-01,9.999988675117492676e-01,-9.999988675117492676e-01,9.999955296516418457e-01,9.999989867210388184e-01,-9.999962449073791504e-01,9.999983310699462891e-01,-9.999988675117492676e-01,-9.999988675117492676e-01,9.999979734420776367e-01,9.999984502792358398e-01,9.999937415122985840e-01,9.999955296516418457e-01,9.999973177909851074e-01,-9.999981522560119629e-01,9.999927282333374023e-01,-9.999989867210388184e-01,-9.999989271163940430e-01,9.999936819076538086e-01,9.999985694885253906e-01,9.999979138374328613e-01,9.999884963035583496e-01,9.999989867210388184e-01,-9.999983310699462891e-01,-9.999989271163940430e-01,9.999902248382568359e-01,-9.999963045120239258e-01,-9.999916553497314453e-01,-9.999982118606567383e-01,9.999866485595703125e-01,9.999956488609313965e-01,-9.999979734420776367e-01,9.999659657478332520e-01,9.999990463256835938e-01,9.999986290931701660e-01,9.999893903732299805e-01,-9.999989271163940430e-01,9.999985694885253906e-01,-9.999081492424011230e-01,9.999830126762390137e-01,9.999989271163940430e-01,9.999982714653015137e-01,9.999981522560119629e-01,-9.999932050704956055e-01,9.999985694885253906e-01,9.999987483024597168e-01,-9.999984502792358398e-01,-9.999988675117492676e-01,-9.999985098838806152e-01,-9.999989271163940430e-01,-9.999931454658508301e-01,-9.999984502792358398e-01,-9.999980330467224121e-01,-9.999915957450866699e-01,9.999863505363464355e-01,9.999960660934448242e-01,9.999982118606567383e-01,-9.999984502792358398e-01,9.999988675117492676e-01,9.999983906745910645e-01,9.999954700469970703e-01,-9.999945759773254395e-01,-9.999987483024597168e-01,-9.999992251396179199e-01,-9.999960064888000488e-01,-9.999989271163940430e-01,9.999984502792358398e-01,-9.999988675117492676e-01,9.999973773956298828e-01,9.996622204780578613e-01,-9.999936819076538086e-01,-9.999819993972778320e-01,-9.999983310699462891e-01,9.999918341636657715e-01,9.999988079071044922e-01,-9.999946951866149902e-01,-9.999957084655761719e-01,9.999858140945434570e-01,9.999976754188537598e-01,-9.999988079071044922e-01,9.999980330467224121e-01,-9.999982714653015137e-01,-9.999880790710449219e-01,9.999688267707824707e-01,9.999989271163940430e-01,9.999900460243225098e-01,9.995940327644348145e-01,-9.999954700469970703e-01,9.999982714653015137e-01,-9.999849200248718262e-01,-9.999974966049194336e-01,9.999979138374328613e-01,-9.999977946281433105e-01,-9.999888539314270020e-01,9.999990463256835938e-01,-9.999988079071044922e-01,9.999967813491821289e-01,-9.999966621398925781e-01,9.999988675117492676e-01,9.994338750839233398e-01,9.999392628669738770e-01,9.999986290931701660e-01,9.999969005584716797e-01,-9.999821782112121582e-01,-9.999983906745910645e-01,-9.999936819076538086e-01,9.999985098838806152e-01,-9.999985098838806152e-01,9.999979138374328613e-01,-9.999982714653015137e-01,-9.999409914016723633e-01,9.999989271163940430e-01,-9.999973773956298828e-01,9.999989867210388184e-01,-9.999980926513671875e-01,-9.999952912330627441e-01,-9.999973773956298828e-01,-9.999987483024597168e-01,9.999966025352478027e-01,9.999980330467224121e-01,-9.999973773956298828e-01,-9.999908208847045898e-01,-9.999952316284179688e-01,9.999881386756896973e-01,-9.999940395355224609e-01
-9.999986290931701660e-01,9.999989271163940430e-01,9.999951720237731934e-01,-9.999980926513671875e-01,-9.999991059303283691e-01,9.999991059303283691e-01,-9.999963045120239258e-01,-9.999992251396179199e-01,9.999968409538269043e-01,-9.999985694885253906e-01,9.999991059303283691e-01,9.999991059303283691e-01,-9.999984502792358398e-01,-9.999988079071044922e-01,-9.999948143959045410e-01,-9.999962449073791504e-01,-9.999977946281433105e-01,9.999983310699462891e-01,-9.999939799308776855e-01,9.999992847442626953e-01,9.999991655349731445e-01,-9.999948143959045410e-01,-9.999989271163940430e-01,-9.999982714653015137e-01,-9.999904632568359375e-01,-9.999992847442626953e-01,9.999985694885253906e-01,9.999992251396179199e-01,-9.999918937683105469e-01,9.999969005584716797e-01,9.999931454658508301e-01,9.999986290931701660e-01,-9.999889135360717773e-01,-9.999963045120239258e-01,9.999983310699462891e-01,-9.999717473983764648e-01,-9.999992847442626953e-01,-9.999988675117492676e-01,-9.999912381172180176e-01,9.999992251396179199e-01,-9.999988675117492676e-01,9.999237656593322754e-01,-9.999859333038330078e-01,-9.999991655349731445e-01,-9.999986886978149414e-01,-9.999985098838806152e-01,9.999943375587463379e-01,-9.999988079071044922e-01,-9.999990463256835938e-01,9.999988079071044922e-01,9.999991655349731445e-01,9.999987483024597168e-01,9.999992251396179199e-01,9.999943971633911133e-01,9.999988079071044922e-01,9.999984502792358398e-01,9.999931454658508301e-01,-9.999886751174926758e-01,-9.999967813491821289e-01,-9.999985098838806152e-01,9.999986886978149414e-01,-9.999991655349731445e-01,-9.999987483024597168e-01,-9.999961256980895996e-01,9.999956488609313965e-01,9.999991059303283691e-01,9.999993443489074707e-01,9.999966621398925781e-01,9.999991655349731445e-01,-9.999987483024597168e-01,9.999991059303283691e-01,-9.999978542327880859e-01,-9.997197389602661133e-01,9.999948143959045410e-01,9.999850988388061523e-01,9.999986886978149414e-01,-9.999933838844299316e-01,-9.999990463256835938e-01,9.999955296516418457e-01,9.999964237213134766e-01,-9.999881982803344727e-01,-9.999980330467224121e-01,9.999991059303283691e-01,-9.999984502792358398e-01,9.999985694885253906e-01,9.999901652336120605e-01,-9.999740719795227051e-01,-9.999991655349731445e-01,-9.999917745590209961e-01,-9.996632337570190430e-01,9.999962449073791504e-01,-9.999986290931701660e-01,9.999876022338867188e-01,9.999979138374328613e-01,-9.999983310699462891e-01,9.999981522560119629e-01,9.999907612800598145e-01,-9.999992847442626953e-01,9.999991655349731445e-01,-9.999973177909851074e-01,9.999973177909851074e-01,-9.999991059303283691e-01,-9.995303153991699219e-01,-9.999496340751647949e-01,-9.999989271163940430e-01,-9.999974370002746582e-01,9.999851584434509277e-01,9.999987483024597168e-01,9.999948740005493164e-01,-9.999987483024597168e-01,9.999988675117492676e-01,-9.999983906745910645e-01,9.999985694885253906e-01,9.999510049819946289e-01,-9.999993443489074707e-01,9.999979138374328613e-01,-9.999991655349731445e-01,9.999985098838806152e-01,9.999961256980895996e-01,9.999977946281433105e-01,9.999989271163940430e-01,-9.999971985816955566e-01,-9.999983906745910645e-01,9.999978542327880859e-01,9.999924302101135254e-01,9.999961256980895996e-01,-9.999902248382568359e-01,9.999949932098388672e-01
-9.999940991401672363e-01,9.999951720237731934e-01,9.999788999557495117e-01,-9.999919533729553223e-01,-9.999958872795104980e-01,9.999957084655761719e-01,-9.999838471412658691e-01,-9.999964833259582520e-01,9.999865889549255371e-01,-9.999939799308776855e-01,9.999957084655761719e-01,9.999960064888000488e-01,-9.999930262565612793e-01,-9.999945759773254395e-01,-9.999775290489196777e-01,-9.999840259552001953e-01,-9.999905228614807129e-01,9.999933242797851562e-01,-9.999738335609436035e-01,9.999966621398925781e-01,9.999961853027343750e-01,-9.999772906303405762e-01,-9.999950528144836426e-01,-9.999927282333374023e-01,-9.999585747718811035e-01,-9.999963045120239258e-01,9.999936819076538086e-01,9.999960064888000488e-01,-9.999645352363586426e-01,9.999868273735046387e-01,9.999701976776123047e-01,9.999938011169433594e-01,-9.999518990516662598e-01,-9.999843239784240723e-01,9.999927878379821777e-01,-9.998773932456970215e-01,-9.999964237213134766e-01,-9.999949336051940918e-01,-9.999617934226989746e-01,9.999960064888000488e-01,-9.999951720237731934e-01,9.996694922447204590e-01,-9.999384284019470215e-01,-9.999960660934448242e-01,-9.999939799308776855e-01,-9.999935030937194824e-01,9.999755024909973145e-01,-9.999948740005493164e-01,-9.999955892562866211e-01,9.999945759773254395e-01,9.999957680702209473e-01,9.999944567680358887e-01,9.999959468841552734e-01,9.999755024909973145e-01,9.999945163726806641e-01,9.999933838844299316e-01,9.999698400497436523e-01,-9.999508857727050781e-01,-9.999861717224121094e-01,-9.999937415122985840e-01,9.999945163726806641e-01,-9.999960064888000488e-01,-9.999943971633911133e-01,-9.999836087226867676e-01,9.999807476997375488e-01,9.999958872795104980e-01,9.999966621398925781e-01,9.999858140945434570e-01,9.999962449073791504e-01,-9.999945163726806641e-01,9.999957084655761719e-01,-9.999908208847045898e-01,-9.987857341766357422e-01,9.999772906303405762e-01,9.999352097511291504e-01,9.999942779541015625e-01,-9.999709129333496094e-01,-9.999955296516418457e-01,9.999808669090270996e-01,9.999847412109375000e-01,-9.999491572380065918e-01,-9.999916553497314453e-01,9.999958872795104980e-01,-9.999933838844299316e-01,9.999939203262329102e-01,9.999573230743408203e-01,-9.998873472213745117e-01,-9.999961256980895996e-01,-9.999641776084899902e-01,-9.985411167144775391e-01,9.999834895133972168e-01,-9.999941587448120117e-01,9.999458193778991699e-01,9.999911189079284668e-01,-9.999925494194030762e-01,9.999921321868896484e-01,9.999598860740661621e-01,-9.999963641166687012e-01,9.999957680702209473e-01,-9.999885559082031250e-01,9.999882578849792480e-01,-9.999959468841552734e-01,-9.979665279388427734e-01,-9.997817277908325195e-01,-9.999952316284179688e-01,-9.999890923500061035e-01,9.999355673789978027e-01,9.999943971633911133e-01,9.999774098396301270e-01,-9.999946951866149902e-01,9.999948740005493164e-01,-9.999926686286926270e-01,9.999939799308776855e-01,9.997875094413757324e-01,-9.999964237213134766e-01,9.999907016754150391e-01,-9.999963045120239258e-01,9.999932646751403809e-01,9.999829530715942383e-01,9.999906420707702637e-01,9.999951720237731934e-01,-9.999878406524658203e-01,-9.999930858612060547e-01,9.999907612800598145e-01,9.999668002128601074e-01,9.999827146530151367e-01,-9.999572038650512695e-01,9.999782443046569824e-01
9.999977350234985352e-01,-9.999980926513671875e-01,-9.999919533729553223e-01,9.999969005584716797e-01,9.999984502792358398e-01,-9.999983906745910645e-01,9.999938011169433594e-01,9.999986886978149414e-01,-9.999948740005493164e-01,9.999977350234985352e-01,-9.999983906745910645e-01,-9.999985694885253906e-01,9.999973177909851074e-01,9.999979138374328613e-01,9.999914169311523438e-01,9.999939799308776855e-01,9.999963045120239258e-01,-9.999974370002746582e-01,9.999900460243225098e-01,-9.999987483024597168e-01,-9.999985694885253906e-01,9.999913573265075684e-01,9.999981522560119629e-01,9.999971985816955566e-01,9.999842643737792969e-01,9.999986290931701660e-01,-9.999974966049194336e-01,-9.999985098838806152e-01,9.999865889549255371e-01,-9.999949932098388672e-01,-9.999886155128479004e-01,-9.999976158142089844e-01,9.999817013740539551e-01,9.999940991401672363e-01,-9.999973177909851074e-01,9.999533295631408691e-01,9.999986886978149414e-01,9.999980926513671875e-01,9.999855756759643555e-01,-9.999984502792358398e-01,9.999981522560119629e-01,-9.998740553855895996e-01,9.999766945838928223e-01,9.999985694885253906e-01,9.999976754188537598e-01,9.999974966049194336e-01,-9.999906420707702637e-01,9.999981522560119629e-01,9.999983906745910645e-01,-9.999979734420776367e-01,-9.999984502792358398e-01,-9.999979138374328613e-01,-9.999985098838806152e-01,-9.999907016754150391e-01,-9.999979138374328613e-01,-9.999974370002746582e-01,-9.999885559082031250e-01,9.999813437461853027e-01,9.999948143959045410e-01,9.999974966049194336e-01,-9.999978542327880859e-01,9.999985098838806152e-01,9.999977946281433105e-01,9.999938011169433594e-01,-9.999927878379821777e-01,-9.999983310699462891e-01,-9.999987483024597168e-01,-9.999945759773254395e-01,-9.999986886978149414e-01,9.999978542327880859e-01,-9.999983906745910645e-01,9.999965429306030273e-01,9.995368123054504395e-01,-9.999913573265075684e-01,-9.999753832817077637e-01,-9.999977350234985352e-01,9.999889135360717773e-01,9.999983310699462891e-01,-9.999927282333374023e-01,-9.999941587448120117e-01,9.999806284904479980e-01,9.999969005584716797e-01,-9.999984502792358398e-01,9.999974370002746582e-01,-9.999976754188537598e-01,-9.999837875366210938e-01,9.999570846557617188e-01,9.999985098838806152e-01,9.999864101409912109e-01,9.994434714317321777e-01,-9.999938011169433594e-01,9.999977350234985352e-01,-9.999794363975524902e-01,-9.999965429306030273e-01,9.999971985816955566e-01,-9.999970197677612305e-01,-9.999846816062927246e-01,9.999986886978149414e-01,-9.999983310699462891e-01,9.999956488609313965e-01,-9.999955296516418457e-01,9.999985098838806152e-01,9.992239475250244141e-01,9.999167919158935547e-01,9.999982714653015137e-01,9.999958276748657227e-01,-9.999755620956420898e-01,-9.999978542327880859e-01,-9.999914169311523438e-01,9.999979734420776367e-01,-9.999980926513671875e-01,9.999972581863403320e-01,-9.999976754188537598e-01,-9.999189972877502441e-01,9.999986290931701660e-01,-9.999964237213134766e-01,9.999986886978149414e-01,-9.999974370002746582e-01,-9.999935030937194824e-01,-9.999963641166687012e-01,-9.999982714653015137e-01,9.999954700469970703e-01,9.999973177909851074e-01,-9.999964237213134766e-01,-9.999874234199523926e-01,-9.999935030937194824e-01,9.999837279319763184e-01,-9.999917745590209961e-01
9.999988675117492676e-01,-9.999991059303283691e-01,-9.999958872795104980e-01,9.999984502792358398e-01,9.999992847442626953e-01,-9.999993443489074707e-01,9.999969601631164551e-01,9.999992847442626953e-01,-9.999973773956298828e-01,9.999988079071044922e-01,-9.999992251396179199e-01,-9.999992847442626953e-01,9.999986886978149414e-01,9.999989271163940430e-01,9.999958276748657227e-01,9.999969005584716797e-01,9.999980926513671875e-01,-9.999986886978149414e-01,9.999950528144836426e-01,-9.999993443489074707e-01,-9.999993443489074707e-01,9.999957680702209473e-01,9.999991059303283691e-01,9.999985694885253906e-01,9.999923110008239746e-01,9.999993443489074707e-01,-9.999988079071044922e-01,-9.999992847442626953e-01,9.999933838844299316e-01,-9.999974370002746582e-01,-9.999943375587463379e-01,-9.999988079071044922e-01,9.999911189079284668e-01,9.999970197677612305e-01,-9.999986290931701660e-01,9.999772310256958008e-01,9.999993443489074707e-01,9.999991059303283691e-01,9.999929070472717285e-01,-9.999991655349731445e-01,9.999991655349731445e-01,-9.999383091926574707e-01,9.999885559082031250e-01,9.999992847442626953e-01,9.999988675117492676e-01,9.999987483024597168e-01,-9.999954104423522949e-01,9.999991059303283691e-01,9.999992251396179199e-01,-9.999989271163940430e-01,-9.999992251396179199e-01,-9.999989867210388184e-01,-9.999992847442626953e-01,-9.999954104423522949e-01,-9.999989271163940430e-01,-9.999986886978149414e-01,-9.999943971633911133e-01,9.999907612800598145e-01,9.999973177909851074e-01,9.999987483024597168e-01,-9.999988675117492676e-01,9.999993443489074707e-01,9.999988675117492676e-01,9.999969005584716797e-01,-9.999963641166687012e-01,-9.999991655349731445e-01,-9.999994039535522461e-01,-9.999972581863403320e-01,-9.999992847442626953e-01,9.999989271163940430e-01,-9.999993443489074707e-01,9.999982714653015137e-01,9.997734427452087402e-01,-9.999957680702209473e-01,-9.999878406524658203e-01,-9.999989867210388184e-01,9.999945759773254395e-01,9.999991655349731445e-01,-9.999963641166687012e-01,-9.999970197677612305e-01,9.999904632568359375e-01,9.999983310699462891e-01,-9.999992251396179199e-01,9.999986886978149414e-01,-9.999988079071044922e-01,-9.999919533729553223e-01,9.999790191650390625e-01,9.999993443489074707e-01,9.999932646751403809e-01,9.997276067733764648e-01,-9.999968409538269043e-01,9.999988079071044922e-01,-9.999898672103881836e-01,-9.999982118606567383e-01,9.999985694885253906e-01,-9.999985098838806152e-01,-9.999924898147583008e-01,9.999993443489074707e-01,-9.999992251396179199e-01,9.999977946281433105e-01,-9.999978542327880859e-01,9.999992847442626953e-01,9.996202588081359863e-01,9.999591708183288574e-01,9.999991655349731445e-01,9.999978542327880859e-01,-9.999880790710449219e-01,-9.999988675117492676e-01,-9.999957680702209473e-01,9.999990463256835938e-01,-9.999990463256835938e-01,9.999986290931701660e-01,-9.999988079071044922e-01,-9.999604225158691406e-01,9.999993443489074707e-01,-9.999982118606567383e-01,9.999993443489074707e-01,-9.999986886978149414e-01,-9.999967813491821289e-01,-9.999982118606567383e-01,-9.999990463256835938e-01,9.999976754188537598e-01,9.999986886978149414e-01,-9.999981522560119629e-01,-9.999939203262329102e-01,-9.999968409538269043e-01,9.999920129776000977e-01,-9.999959468841552734e-01
-9.999988675117492676e-01,9.999991059303283691e-01,9.999957084655761719e-01,-9.999983906745910645e-01,-9.999993443489074707e-01,9.999992847442626953e-01,-9.999967217445373535e-01,-9.999993443489074707e-01,9.999971985816955566e-01,-9.999988079071044922e-01,9.999992251396179199e-01,9.999993443489074707e-01,-9.999986290931701660e-01,-9.999988675117492676e-01,-9.999954700469970703e-01,-9.999967813491821289e-01,-9.999980330467224121e-01,9.999986290931701660e-01,-9.999946951866149902e-01,9.999993443489074707e-01,9.999993443489074707e-01,-9.999954700469970703e-01,-9.999991059303283691e-01,-9.999985694885253906e-01,-9.999915361404418945e-01,-9.999993443489074707e-01,9.999988079071044922e-01,9.999992847442626953e-01,-9.999928474426269531e-01,9.999972581863403320e-01,9.999939203262329102e-01,9.999986886978149414e-01,-9.999902248382568359e-01,-9.999968409538269043e-01,9.999985694885253906e-01,-9.999749660491943359e-01,-9.999994635581970215e-01,-9.999989867210388184e-01,-9.999921917915344238e-01,9.999992847442626953e-01,-9.999990463256835938e-01,9.999322891235351562e-01,-9.999874830245971680e-01,-9.999993443489074707e-01,-9.999988079071044922e-01,-9.999986290931701660e-01,9.999950528144836426e-01,-9.999989867210388184e-01,-9.999992251396179199e-01,9.999989271163940430e-01,9.999992847442626953e-01,9.999989271163940430e-01,9.999994039535522461e-01,9.999950528144836426e-01,9.999989271163940430e-01,9.999986290931701660e-01,9.999939203262329102e-01,-9.999899864196777344e-01,-9.999971985816955566e-01,-9.999986886978149414e-01,9.999989271163940430e-01,-9.999992847442626953e-01,-9.999988079071044922e-01,-9.999965429306030273e-01,9.999960064888000488e-01,9.999991655349731445e-01,9.999995231628417969e-01,9.999970197677612305e-01,9.999992847442626953e-01,-9.999989271163940430e-01,9.999992847442626953e-01,-9.999982118606567383e-01,-9.997509121894836426e-01,9.999954104423522949e-01,9.999867677688598633e-01,9.999988675117492676e-01,-9.999940991401672363e-01,-9.999992251396179199e-01,9.999960064888000488e-01,9.999968409538269043e-01,-9.999896287918090820e-01,-9.999982714653015137e-01,9.999992847442626953e-01,-9.999986290931701660e-01,9.999987483024597168e-01,9.999913573265075684e-01,-9.999769926071166992e-01,-9.999992251396179199e-01,-9.999927878379821777e-01,-9.997006058692932129e-01,9.999966621398925781e-01,-9.999988079071044922e-01,9.999889731407165527e-01,9.999981522560119629e-01,-9.999984502792358398e-01,9.999983310699462891e-01,9.999918341636657715e-01,-9.999994039535522461e-01,9.999992847442626953e-01,-9.999976754188537598e-01,9.999976158142089844e-01,-9.999992847442626953e-01,-9.995825290679931641e-01,-9.999552369117736816e-01,-9.999991655349731445e-01,-9.999977946281433105e-01,9.999868869781494141e-01,9.999989271163940430e-01,9.999954700469970703e-01,-9.999989867210388184e-01,9.999989867210388184e-01,-9.999985694885253906e-01,9.999987483024597168e-01,9.999564886093139648e-01,-9.999994039535522461e-01,9.999981522560119629e-01,-9.999993443489074707e-01,9.999986886978149414e-01,9.999965429306030273e-01,9.999981522560119629e-01,9.999990463256835938e-01,-9.999974966049194336e-01,-9.999985694885253906e-01,9.999980926513671875e-01,9.999932646751403809e-01,9.999964833259582520e-01,-9.999912977218627930e-01,9.999955892562866211e-01
9.999955296516418457e-01,-9.999963045120239258e-01,-9.999838471412658691e-01,9.999938011169433594e-01,9.999969601631164551e-01,-9.999967217445373535e-01,9.999876022338867188e-01,9.999973177909851074e-01,-9.999897480010986328e-01,9.999954700469970703e-01,-9.999967217445373535e-01,-9.999970197677612305e-01,9.999945759773254395e-01,9.999958276748657227e-01,9.999828934669494629e-01,9.999878406524658203e-01,9.999927282333374023e-01,-9.999949932098388672e-01,9.999799728393554688e-01,-9.999974370002746582e-01,-9.999971985816955566e-01,9.999825954437255859e-01,9.999961256980895996e-01,9.999944567680358887e-01,9.999684095382690430e-01,9.999971389770507812e-01,-9.999951720237731934e-01,-9.999969601631164551e-01,9.999729990959167480e-01,-9.999900460243225098e-01,-9.999772310256958008e-01,-9.999952912330627441e-01,9.999632239341735840e-01,9.999880194664001465e-01,-9.999945759773254395e-01,9.999062418937683105e-01,9.999973773956298828e-01,9.999960064888000488e-01,9.999708533287048340e-01,-9.999969601631164551e-01,9.999962449073791504e-01,-9.997472763061523438e-01,9.999530315399169922e-01,9.999970793724060059e-01,9.999954104423522949e-01,9.999951124191284180e-01,-9.999813437461853027e-01,9.999960064888000488e-01,9.999966621398925781e-01,-9.999958872795104980e-01,-9.999968409538269043e-01,-9.999958276748657227e-01,-9.999969005584716797e-01,-9.999812841415405273e-01,-9.999958276748657227e-01,-9.999949336051940918e-01,-9.999769926071166992e-01,9.999624490737915039e-01,9.999893903732299805e-01,9.999952316284179688e-01,-9.999957680702209473e-01,9.999971389770507812e-01,9.999956488609313965e-01,9.999874830245971680e-01,-9.999852776527404785e-01,-9.999967813491821289e-01,-9.999974370002746582e-01,-9.999892115592956543e-01,-9.999971389770507812e-01,9.999957084655761719e-01,-9.999967217445373535e-01,9.999930858612060547e-01,9.990713000297546387e-01,-9.999826550483703613e-01,-9.999505877494812012e-01,-9.999955296516418457e-01,9.999776482582092285e-01,9.999966025352478027e-01,-9.999853372573852539e-01,-9.999883174896240234e-01,9.999611973762512207e-01,9.999937415122985840e-01,-9.999967217445373535e-01,9.999949336051940918e-01,-9.999953508377075195e-01,-9.999673962593078613e-01,9.999138712882995605e-01,9.999970197677612305e-01,9.999727606773376465e-01,9.988841414451599121e-01,-9.999873042106628418e-01,9.999954700469970703e-01,-9.999585747718811035e-01,-9.999932050704956055e-01,9.999942779541015625e-01,-9.999939799308776855e-01,-9.999693036079406738e-01,9.999973177909851074e-01,-9.999967813491821289e-01,9.999912381172180176e-01,-9.999909996986389160e-01,9.999969601631164551e-01,9.984443783760070801e-01,9.998330473899841309e-01,9.999963045120239258e-01,9.999916553497314453e-01,-9.999508261680603027e-01,-9.999957680702209473e-01,-9.999827146530151367e-01,9.999960064888000488e-01,-9.999959468841552734e-01,9.999944567680358887e-01,-9.999954104423522949e-01,-9.998375177383422852e-01,9.999973773956298828e-01,-9.999929666519165039e-01,9.999972581863403320e-01,-9.999949336051940918e-01,-9.999869465827941895e-01,-9.999928474426269531e-01,-9.999962449073791504e-01,9.999908208847045898e-01,9.999947547912597656e-01,-9.999929070472717285e-01,-9.999746680259704590e-01,-9.999869465827941895e-01,9.999673366546630859e-01,-9.999834299087524414e-01
9.999989867210388184e-01,-9.999992251396179199e-01,-9.999964833259582520e-01,9.999986886978149414e-01,9.999992847442626953e-01,-9.999993443489074707e-01,9.999973177909851074e-01,9.999994039535522461e-01,-9.999977350234985352e-01,9.999989271163940430e-01,-9.999993443489074707e-01,-9.999994635581970215e-01,9.999988079071044922e-01,9.999991655349731445e-01,9.999961853027343750e-01,9.999972581863403320e-01,9.999983310699462891e-01,-9.999988675117492676e-01,9.999956488609313965e-01,-9.999994039535522461e-01,-9.999994039535522461e-01,9.999961853027343750e-01,9.999992251396179199e-01,9.999987483024597168e-01,9.999931454658508301e-01,9.999993443489074707e-01,-9.999989271163940430e-01,-9.999993443489074707e-01,9.999942779541015625e-01,-9.999977350234985352e-01,-9.999950528144836426e-01,-9.999988675117492676e-01,9.999921321868896484e-01,9.999973773956298828e-01,-9.999987483024597168e-01,9.999798536300659180e-01,9.999994635581970215e-01,9.999991655349731445e-01,9.999937415122985840e-01,-9.999993443489074707e-01,9.999992251396179199e-01,-9.999459981918334961e-01,9.999899268150329590e-01,9.999994039535522461e-01,9.999990463256835938e-01,9.999988675117492676e-01,-9.999960064888000488e-01,9.999991059303283691e-01,9.999992847442626953e-01,-9.999991655349731445e-01,-9.999993443489074707e-01,-9.999991059303283691e-01,-9.999994635581970215e-01,-9.999959468841552734e-01,-9.999991059303283691e-01,-9.999988079071044922e-01,-9.999950528144836426e-01,9.999918937683105469e-01,9.999976158142089844e-01,9.999989271163940430e-01,-9.999991059303283691e-01,9.999993443489074707e-01,9.999991059303283691e-01,9.999972581863403320e-01,-9.999967217445373535e-01,-9.999992847442626953e-01,-9.999994635581970215e-01,-9.999975562095642090e-01,-9.999993443489074707e-01,9.999991059303283691e-01,-9.999993443489074707e-01,9.999983906745910645e-01,9.998010993003845215e-01,-9.999962449073791504e-01,-9.999893307685852051e-01,-9.999991059303283691e-01,9.999952316284179688e-01,9.999992847442626953e-01,-9.999967217445373535e-01,-9.999973773956298828e-01,9.999915957450866699e-01,9.999986290931701660e-01,-9.999993443489074707e-01,9.999987483024597168e-01,-9.999989271163940430e-01,-9.999929070472717285e-01,9.999815821647644043e-01,9.999993443489074707e-01,9.999941587448120117e-01,9.997608661651611328e-01,-9.999972581863403320e-01,9.999989867210388184e-01,-9.999911189079284668e-01,-9.999985098838806152e-01,9.999987483024597168e-01,-9.999986886978149414e-01,-9.999934434890747070e-01,9.999994635581970215e-01,-9.999993443489074707e-01,9.999979734420776367e-01,-9.999980330467224121e-01,9.999993443489074707e-01,9.996665716171264648e-01,9.999641776084899902e-01,9.999992251396179199e-01,9.999982118606567383e-01,-9.999895095825195312e-01,-9.999991059303283691e-01,-9.999962449073791504e-01,9.999990463256835938e-01,-9.999991655349731445e-01,9.999987483024597168e-01,-9.999989271163940430e-01,-9.999651908874511719e-01,9.999994039535522461e-01,-9.999984502792358398e-01,9.999993443489074707e-01,-9.999988675117492676e-01,-9.999971389770507812e-01,-9.999983310699462891e-01,-9.999991655349731445e-01,9.999979734420776367e-01,9.999988675117492676e-01,-9.999983906745910645e-01,-9.999945759773254395e-01,-9.999971985816955566e-01,9.999930262565612793e-01,-9.999963641166687012e-01
-9.999962449073791504e-01,9.999968409538269043e-01,9.999865889549255371e-01,-9.999948740005493164e-01,-9.999973773956298828e-01,9.999971985816955566e-01,-9.999897480010986328e-01,-9.999977350234985352e-01,9.999914169311523438e-01,-9.999961256980895996e-01,9.999971985816955566e-01,9.999975562095642090e-01,-9.999955296516418457e-01,-9.999964833259582520e-01,-9.999857544898986816e-01,-9.999898672103881836e-01,-9.999939203262329102e-01,9.999957084655761719e-01,-9.999833703041076660e-01,9.999977946281433105e-01,9.999974966049194336e-01,-9.999855160713195801e-01,-9.999967813491821289e-01,-9.999952912330627441e-01,-9.999737143516540527e-01,-9.999975562095642090e-01,9.999960064888000488e-01,9.999973773956298828e-01,-9.999775290489196777e-01,9.999915957450866699e-01,9.999810457229614258e-01,9.999959468841552734e-01,-9.999694824218750000e-01,-9.999899864196777344e-01,9.999954700469970703e-01,-9.999222159385681152e-01,-9.999977350234985352e-01,-9.999966621398925781e-01,-9.999758005142211914e-01,9.999973773956298828e-01,-9.999969005584716797e-01,9.997906088829040527e-01,-9.999610185623168945e-01,-9.999974966049194336e-01,-9.999960660934448242e-01,-9.999958276748657227e-01,9.999845027923583984e-01,-9.999967217445373535e-01,-9.999971389770507812e-01,9.999965429306030273e-01,9.999973177909851074e-01,9.999964237213134766e-01,9.999973773956298828e-01,9.999843835830688477e-01,9.999964237213134766e-01,9.999957084655761719e-01,9.999808073043823242e-01,-9.999688863754272461e-01,-9.999912381172180176e-01,-9.999960064888000488e-01,9.999964237213134766e-01,-9.999974966049194336e-01,-9.999962449073791504e-01,-9.999895095825195312e-01,9.999877214431762695e-01,9.999972581863403320e-01,9.999977946281433105e-01,9.999909996986389160e-01,9.999975562095642090e-01,-9.999964237213134766e-01,9.999971985816955566e-01,-9.999941587448120117e-01,-9.992304444313049316e-01,9.999855756759643555e-01,9.999589920043945312e-01,9.999962449073791504e-01,-9.999814033508300781e-01,-9.999970793724060059e-01,9.999877810478210449e-01,9.999901652336120605e-01,-9.999677538871765137e-01,-9.999947547912597656e-01,9.999973177909851074e-01,-9.999957084655761719e-01,9.999959468841552734e-01,9.999730587005615234e-01,-9.999285936355590820e-01,-9.999975562095642090e-01,-9.999772906303405762e-01,-9.990752935409545898e-01,9.999895095825195312e-01,-9.999962449073791504e-01,9.999656081199645996e-01,9.999943375587463379e-01,-9.999952316284179688e-01,9.999949336051940918e-01,9.999744892120361328e-01,-9.999976754188537598e-01,9.999972581863403320e-01,-9.999927878379821777e-01,9.999924898147583008e-01,-9.999973177909851074e-01,-9.987107515335083008e-01,-9.998617172241210938e-01,-9.999969005584716797e-01,-9.999930858612060547e-01,9.999591112136840820e-01,9.999963641166687012e-01,9.999856352806091309e-01,-9.999964833259582520e-01,9.999966621398925781e-01,-9.999953508377075195e-01,9.999960064888000488e-01,9.998652935028076172e-01,-9.999976754188537598e-01,9.999940991401672363e-01,-9.999975562095642090e-01,9.999957084655761719e-01,9.999892115592956543e-01,9.999939799308776855e-01,9.999968409538269043e-01,-9.999922513961791992e-01,-9.999955892562866211e-01,9.999940395355224609e-01,9.999789595603942871e-01,9.999890923500061035e-01,-9.999729394912719727e-01,9.999862313270568848e-01
9.999983310699462891e-01,-9.999985694885253906e-01,-9.999939799308776855e-01,9.999977350234985352e-01,9.999988079071044922e-01,-9.999988079071044922e-01,9.999954700469970703e-01,9.999989271163940430e-01,-9.999961256980895996e-01,9.999982714653015137e-01,-9.999988079071044922e-01,-9.999989271163940430e-01,9.999979734420776367e-01,9.999984502792358398e-01,9.999937415122985840e-01,9.999954700469970703e-01,9.999972581863403320e-01,-9.999979734420776367e-01,9.999926090240478516e-01,-9.999991059303283691e-01,-9.999989271163940430e-01,9.999936223030090332e-01,9.999986290931701660e-01,9.999979138374328613e-01,9.999883174896240234e-01,9.999989271163940430e-01,-9.999981522560119629e-01,-9.999989271163940430e-01,9.999900460243225098e-01,-9.999962449073791504e-01,-9.999915957450866699e-01,-9.999983310699462891e-01,9.999864697456359863e-01,9.999955892562866211e-01,-9.999979734420776367e-01,9.999652504920959473e-01,9.999990463256835938e-01,9.999985098838806152e-01,9.999892115592956543e-01,-9.999988079071044922e-01,9.999986290931701660e-01,-9.999064207077026367e-01,9.999825954437255859e-01,9.999988675117492676e-01,9.999982714653015137e-01,9.999981522560119629e-01,-9.999930858612060547e-01,9.999985098838806152e-01,9.999987483024597168e-01,-9.999984502792358398e-01,-9.999988079071044922e-01,-9.999983906745910645e-01,-9.999988675117492676e-01,-9.999930262565612793e-01,-9.999983906745910645e-01,-9.999980926513671875e-01,-9.999914765357971191e-01,9.999861121177673340e-01,9.999960064888000488e-01,9.999982118606567383e-01,-9.999983906745910645e-01,9.999989271163940430e-01,9.999983906745910645e-01,9.999954104423522949e-01,-9.999945759773254395e-01,-9.999987483024597168e-01,-9.999991059303283691e-01,-9.999960064888000488e-01,-9.999989271163940430e-01,9.999983906745910645e-01,-9.999988079071044922e-01,9.999974370002746582e-01,9.996561408042907715e-01,-9.999936223030090332e-01,-9.999817013740539551e-01,-9.999983310699462891e-01,9.999917149543762207e-01,9.999987483024597168e-01,-9.999945163726806641e-01,-9.999955892562866211e-01,9.999856352806091309e-01,9.999976158142089844e-01,-9.999988675117492676e-01,9.999980926513671875e-01,-9.999981522560119629e-01,-9.999879598617553711e-01,9.999682903289794922e-01,9.999989271163940430e-01,9.999899864196777344e-01,9.995868206024169922e-01,-9.999952912330627441e-01,9.999982118606567383e-01,-9.999848008155822754e-01,-9.999974370002746582e-01,9.999978542327880859e-01,-9.999977350234985352e-01,-9.999886155128479004e-01,9.999990463256835938e-01,-9.999987483024597168e-01,9.999967217445373535e-01,-9.999967217445373535e-01,9.999988079071044922e-01,9.994238018989562988e-01,9.999381899833679199e-01,9.999986290931701660e-01,9.999967813491821289e-01,-9.999818205833435059e-01,-9.999983906745910645e-01,-9.999935626983642578e-01,9.999984502792358398e-01,-9.999985098838806152e-01,9.999979734420776367e-01,-9.999982714653015137e-01,-9.999397993087768555e-01,9.999990463256835938e-01,-9.999973773956298828e-01,9.999988675117492676e-01,-9.999980330467224121e-01,-9.999951720237731934e-01,-9.999973177909851074e-01,-9.999986290931701660e-01,9.999965429306030273e-01,9.999980330467224121e-01,-9.999973177909851074e-01,-9.999906420707702637e-01,-9.999951720237731934e-01,9.999879002571105957e-01,-9.999938607215881348e-01
-9.999988675117492676e-01,9.999991059303283691e-01,9.999957084655761719e-01,-9.999983906745910645e-01,-9.999992251396179199e-01,9.999992251396179199e-01,-9.999967217445373535e-01,-9.999993443489074707e-01,9.999971985816955566e-01,-9.999988079071044922e-01,9.999992251396179199e-01,9.999993443489074707e-01,-9.999986290931701660e-01,-9.999988675117492676e-01,-9.999954700469970703e-01,-9.999966621398925781e-01,-9.999981522560119629e-01,9.999986290931701660e-01,-9.999946951866149902e-01,9.999994039535522461e-01,9.999992847442626953e-01,-9.999954700469970703e-01,-9.999991059303283691e-01,-9.999984502792358398e-01,-9.999914765357971191e-01,-9.999993443489074707e-01,9.999988079071044922e-01,9.999992847442626953e-01,-9.999927878379821777e-01,9.999973177909851074e-01,9.999938607215881348e-01,9.999987483024597168e-01,-9.999901652336120605e-01,-9.999968409538269043e-01,9.999985098838806152e-01,-9.999749064445495605e-01,-9.999994039535522461e-01,-9.999989867210388184e-01,-9.999921321868896484e-01,9.999992847442626953e-01,-9.999991655349731445e-01,9.999320507049560547e-01,-9.999874234199523926e-01,-9.999992251396179199e-01,-9.999988079071044922e-01,-9.999986290931701660e-01,9.999949336051940918e-01,-9.999989271163940430e-01,-9.999991059303283691e-01,9.999988675117492676e-01,9.999992847442626953e-01,9.999989271163940430e-01,9.999992847442626953e-01,9.999949932098388672e-01,9.999989271163940430e-01,9.999986290931701660e-01,9.999938011169433594e-01,-9.999898672103881836e-01,-9.999971985816955566e-01,-9.999986886978149414e-01,9.999988675117492676e-01,-9.999993443489074707e-01,-9.999988675117492676e-01,-9.999965429306030273e-01,9.999959468841552734e-01,9.999991655349731445e-01,9.999994039535522461e-01,9.999971389770507812e-01,9.999992847442626953e-01,-9.999988079071044922e-01,9.999992251396179199e-01,-9.999982118606567383e-01,-9.997498393058776855e-01,9.999953508377075195e-01,9.999867081642150879e-01,9.999988675117492676e-01,-9.999940991401672363e-01,-9.999992251396179199e-01,9.999961256980895996e-01,9.999967813491821289e-01,-9.999895691871643066e-01,-9.999982714653015137e-01,9.999992847442626953e-01,-9.999986290931701660e-01,9.999987483024597168e-01,9.999912977218627930e-01,-9.999769330024719238e-01,-9.999993443489074707e-01,-9.999926686286926270e-01,-9.996993541717529297e-01,9.999966621398925781e-01,-9.999987483024597168e-01,9.999889135360717773e-01,9.999981522560119629e-01,-9.999985098838806152e-01,9.999984502792358398e-01,9.999917745590209961e-01,-9.999994039535522461e-01,9.999992847442626953e-01,-9.999976754188537598e-01,9.999976158142089844e-01,-9.999992847442626953e-01,-9.995808005332946777e-01,-9.999551177024841309e-01,-9.999991655349731445e-01,-9.999977946281433105e-01,9.999868273735046387e-01,9.999988675117492676e-01,9.999954104423522949e-01,-9.999989867210388184e-01,9.999989867210388184e-01,-9.999984502792358398e-01,9.999987483024597168e-01,9.999563097953796387e-01,-9.999992847442626953e-01,9.999981522560119629e-01,-9.999993443489074707e-01,9.999986886978149414e-01,9.999964237213134766e-01,9.999980330467224121e-01,9.999990463256835938e-01,-9.999974966049194336e-01,-9.999986290931701660e-01,9.999980926513671875e-01,9.999932646751403809e-01,9.999966025352478027e-01,-9.999911785125732422e-01,9.999955892562866211e-01
-9.999988675117492676e-01,9.999991059303283691e-01,9.999960064888000488e-01,-9.999985694885253906e-01,-9.999992847442626953e-01,9.999993443489074707e-01,-9.999970197677612305e-01,-9.999994635581970215e-01,9.999975562095642090e-01,-9.999989271163940430e-01,9.999993443489074707e-01,9.999994039535522461e-01,-9.999987483024597168e-01,-9.999989867210388184e-01,-9.999958872795104980e-01,-9.999970793724060059e-01,-9.999982118606567383e-01,9.999987483024597168e-01,-9.999951124191284180e-01,9.999994635581970215e-01,9.999994039535522461e-01,-9.999958872795104980e-01,-9.999992251396179199e-01,-9.999986886978149414e-01,-9.999923110008239746e-01,-9.999994039535522461e-01,9.999989271163940430e-01,9.999993443489074707e-01,-9.999935030937194824e-01,9.999976158142089844e-01,9.999944567680358887e-01,9.999988675117492676e-01,-9.999911189079284668e-01,-9.999970197677612305e-01,9.999986290931701660e-01,-9.999774098396301270e-01,-9.999994635581970215e-01,-9.999991059303283691e-01,-9.999929070472717285e-01,9.999993443489074707e-01,-9.999991655349731445e-01,9.999386668205261230e-01,-9.999886751174926758e-01,-9.999994039535522461e-01,-9.999989271163940430e-01,-9.999988675117492676e-01,9.999954700469970703e-01,-9.999991059303283691e-01,-9.999992847442626953e-01,9.999990463256835938e-01,9.999994039535522461e-01,9.999991059303283691e-01,9.999993443489074707e-01,9.999954700469970703e-01,9.999991059303283691e-01,9.999988079071044922e-01,9.999944567680358887e-01,-9.999909400939941406e-01,-9.999974966049194336e-01,-9.999988079071044922e-01,9.999989867210388184e-01,-9.999994039535522461e-01,-9.999989271163940430e-01,-9.999969601631164551e-01,9.999963641166687012e-01,9.999992847442626953e-01,9.999994635581970215e-01,9.999973773956298828e-01,9.999994039535522461e-01,-9.999989271163940430e-01,9.999994039535522461e-01,-9.999983906745910645e-01,-9.997743368148803711e-01,9.999958872795104980e-01,9.999880194664001465e-01,9.999989867210388184e-01,-9.999946355819702148e-01,-9.999992847442626953e-01,9.999963641166687012e-01,9.999971389770507812e-01,-9.999905824661254883e-01,-9.999984502792358398e-01,9.999993443489074707e-01,-9.999987483024597168e-01,9.999989271163940430e-01,9.999921917915344238e-01,-9.999791979789733887e-01,-9.999994039535522461e-01,-9.999934434890747070e-01,-9.997287988662719727e-01,9.999969601631164551e-01,-9.999988675117492676e-01,9.999901056289672852e-01,9.999983310699462891e-01,-9.999985694885253906e-01,9.999985694885253906e-01,9.999925494194030762e-01,-9.999995231628417969e-01,9.999993443489074707e-01,-9.999978542327880859e-01,9.999979138374328613e-01,-9.999992847442626953e-01,-9.996217489242553711e-01,-9.999595284461975098e-01,-9.999991655349731445e-01,-9.999979734420776367e-01,9.999881386756896973e-01,9.999989867210388184e-01,9.999958276748657227e-01,-9.999991655349731445e-01,9.999990463256835938e-01,-9.999986886978149414e-01,9.999988675117492676e-01,9.999606013298034668e-01,-9.999994635581970215e-01,9.999982714653015137e-01,-9.999994039535522461e-01,9.999988079071044922e-01,9.999969005584716797e-01,9.999982118606567383e-01,9.999991655349731445e-01,-9.999977946281433105e-01,-9.999986886978149414e-01,9.999983310699462891e-01,9.999939203262329102e-01,9.999968409538269043e-01,-9.999921917915344238e-01,9.999960064888000488e-01
