9.999983310699462891e-01,-9.999985098838806152e-01,-9.999942183494567871e-01,9.999969601631164551e-01,9.999988079071044922e-01,-9.999988079071044922e-01,9.999944567680358887e-01,9.999990463256835938e-01,-9.999917149543762207e-01,9.999984502792358398e-01,-9.999987483024597168e-01,-9.999988079071044922e-01,9.999977350234985352e-01,9.999983310699462891e-01,9.999952912330627441e-01,9.999930262565612793e-01,9.999973773956298828e-01,-9.999975562095642090e-01,9.999916553497314453e-01,-9.999991059303283691e-01,-9.999989271163940430e-01,9.999945759773254395e-01,9.999986290931701660e-01,9.999969601631164551e-01,9.999888539314270020e-01,9.999988675117492676e-01,-9.999982118606567383e-01,-9.999987483024597168e-01,9.999914169311523438e-01,-9.999966621398925781e-01,-9.999900460243225098e-01,-9.999980330467224121e-01,9.999822378158569336e-01,9.999945163726806641e-01,-9.999979138374328613e-01,9.999589323997497559e-01,9.999989271163940430e-01,9.999984502792358398e-01,9.999825954437255859e-01,-9.999988079071044922e-01,9.999986290931701660e-01,9.999902844429016113e-01,9.999823570251464844e-01,9.999988079071044922e-01,9.999980926513671875e-01,9.999977946281433105e-01,-9.999932050704956055e-01,9.999986886978149414e-01,9.999986886978149414e-01,-9.999984502792358398e-01,-9.999988079071044922e-01,-9.999985694885253906e-01,-9.999987483024597168e-01,-9.999929070472717285e-01,-9.999986290931701660e-01,-9.999979734420776367e-01,9.998812675476074219e-01,9.999935626983642578e-01,9.999935626983642578e-01,9.999981522560119629e-01,-9.999982714653015137e-01,9.999989271163940430e-01,9.999983906745910645e-01,9.999953508377075195e-01,-9.999933242797851562e-01,-9.999988675117492676e-01,-9.999990463256835938e-01,-9.999952912330627441e-01,-9.999989271163940430e-01,9.999981522560119629e-01,-9.999987483024597168e-01,9.999954700469970703e-01,-9.999934434890747070e-01,-9.999935626983642578e-01,-9.999854564666748047e-01,-9.999983906745910645e-01,9.999902248382568359e-01,9.999986290931701660e-01,-9.999933242797851562e-01,-9.999949336051940918e-01,9.999914169311523438e-01,9.999975562095642090e-01,-9.999988079071044922e-01,9.999982118606567383e-01,-9.999982714653015137e-01,-9.999830722808837891e-01,-9.998469948768615723e-01,9.999989271163940430e-01,9.999924898147583008e-01,9.999901652336120605e-01,-9.999932050704956055e-01,9.999982714653015137e-01,-9.999862313270568848e-01,-9.999971985816955566e-01,9.999971985816955566e-01,-9.999977946281433105e-01,-9.999852776527404785e-01,9.999989271163940430e-01,-9.999988079071044922e-01,9.999972581863403320e-01,-9.999966621398925781e-01,9.999988675117492676e-01,9.999483823776245117e-01,9.999566674232482910e-01,9.999986290931701660e-01,9.999953508377075195e-01,-9.999809861183166504e-01,-9.999983906745910645e-01,-9.999941587448120117e-01,9.999984502792358398e-01,-9.999986290931701660e-01,9.999973773956298828e-01,-9.999982714653015137e-01,-9.998461008071899414e-01,9.999989867210388184e-01,-9.999966025352478027e-01,9.999989271163940430e-01,-9.999977350234985352e-01,-9.999952912330627441e-01,-9.999959468841552734e-01,-9.999982714653015137e-01,9.999966621398925781e-01,9.999974966049194336e-01,-9.999966621398925781e-01,-9.999912977218627930e-01,-9.999943971633911133e-01,9.999641180038452148e-01,-9.999900460243225098e-01
-9.999985098838806152e-01,9.999988079071044922e-01,9.999951124191284180e-01,-9.999973773956298828e-01,-9.999989867210388184e-01,9.999989271163940430e-01,-9.999952912330627441e-01,-9.999991655349731445e-01,9.999929666519165039e-01,-9.999986290931701660e-01,9.999989867210388184e-01,9.999991059303283691e-01,-9.999980330467224121e-01,-9.999986290931701660e-01,-9.999959468841552734e-01,-9.999940395355224609e-01,-9.999977946281433105e-01,9.999979138374328613e-01,-9.999930262565612793e-01,9.999992251396179199e-01,9.999991059303283691e-01,-9.999953508377075195e-01,-9.999987483024597168e-01,-9.999974370002746582e-01,-9.999905824661254883e-01,-9.999990463256835938e-01,9.999983906745910645e-01,9.999988675117492676e-01,-9.999926686286926270e-01,9.999971389770507812e-01,9.999915361404418945e-01,9.999983310699462891e-01,-9.999848008155822754e-01,-9.999952912330627441e-01,9.999983310699462891e-01,-9.999649524688720703e-01,-9.999992251396179199e-01,-9.999986886978149414e-01,-9.999852180480957031e-01,9.999989867210388184e-01,-9.999987483024597168e-01,-9.999917745590209961e-01,-9.999849796295166016e-01,-9.999989867210388184e-01,-9.999983906745910645e-01,-9.999982118606567383e-01,9.999942183494567871e-01,-9.999988675117492676e-01,-9.999988079071044922e-01,9.999986886978149414e-01,9.999989867210388184e-01,9.999988079071044922e-01,9.999988675117492676e-01,9.999940395355224609e-01,9.999987483024597168e-01,9.999982714653015137e-01,-9.998989105224609375e-01,-9.999945163726806641e-01,-9.999945163726806641e-01,-9.999983906745910645e-01,9.999985694885253906e-01,-9.999991059303283691e-01,-9.999986290931701660e-01,-9.999959468841552734e-01,9.999942779541015625e-01,9.999990463256835938e-01,9.999992251396179199e-01,9.999958872795104980e-01,9.999991655349731445e-01,-9.999984502792358398e-01,9.999989271163940430e-01,-9.999960064888000488e-01,9.999943971633911133e-01,9.999944567680358887e-01,9.999876022338867188e-01,9.999986290931701660e-01,-9.999915957450866699e-01,-9.999988079071044922e-01,9.999943375587463379e-01,9.999957084655761719e-01,-9.999926686286926270e-01,-9.999979734420776367e-01,9.999989867210388184e-01,-9.999983906745910645e-01,9.999983906745910645e-01,9.999855756759643555e-01,9.998697638511657715e-01,-9.999992251396179199e-01,-9.999936223030090332e-01,-9.999916553497314453e-01,9.999942183494567871e-01,-9.999985098838806152e-01,9.999882578849792480e-01,9.999976158142089844e-01,-9.999976158142089844e-01,9.999980926513671875e-01,9.999875426292419434e-01,-9.999992847442626953e-01,9.999989271163940430e-01,-9.999977350234985352e-01,9.999971985816955566e-01,-9.999991059303283691e-01,-9.999560117721557617e-01,-9.999631047248840332e-01,-9.999988079071044922e-01,-9.999960660934448242e-01,9.999837875366210938e-01,9.999986290931701660e-01,9.999950528144836426e-01,-9.999986886978149414e-01,9.999987483024597168e-01,-9.999977350234985352e-01,9.999984502792358398e-01,9.998689293861389160e-01,-9.999991655349731445e-01,9.999970793724060059e-01,-9.999991655349731445e-01,9.999980330467224121e-01,9.999960064888000488e-01,9.999965429306030273e-01,9.999985098838806152e-01,-9.999971985816955566e-01,-9.999978542327880859e-01,9.999971985816955566e-01,9.999925494194030762e-01,9.999952316284179688e-01,-9.999694824218750000e-01,9.999915957450866699e-01
-9.999942183494567871e-01,9.999951124191284180e-01,9.999810457229614258e-01,-9.999903440475463867e-01,-9.999960660934448242e-01,9.999958276748657227e-01,-9.999818205833435059e-01,-9.999966621398925781e-01,9.999728202819824219e-01,-9.999948740005493164e-01,9.999958872795104980e-01,9.999961256980895996e-01,-9.999928474426269531e-01,-9.999945759773254395e-01,-9.999844431877136230e-01,-9.999769926071166992e-01,-9.999914765357971191e-01,9.999920129776000977e-01,-9.999725818634033203e-01,9.999967217445373535e-01,9.999964237213134766e-01,-9.999820590019226074e-01,-9.999954104423522949e-01,-9.999902248382568359e-01,-9.999632835388183594e-01,-9.999961853027343750e-01,9.999938011169433594e-01,9.999959468841552734e-01,-9.999716281890869141e-01,9.999891519546508789e-01,9.999672770500183105e-01,9.999933838844299316e-01,-9.999412894248962402e-01,-9.999815821647644043e-01,9.999932050704956055e-01,-9.998650550842285156e-01,-9.999965429306030273e-01,-9.999949336051940918e-01,-9.999424815177917480e-01,9.999960660934448242e-01,-9.999953508377075195e-01,-9.999681115150451660e-01,-9.999418854713439941e-01,-9.999962449073791504e-01,-9.999938607215881348e-01,-9.999929070472717285e-01,9.999775886535644531e-01,-9.999955296516418457e-01,-9.999955296516418457e-01,9.999950528144836426e-01,9.999960660934448242e-01,9.999952912330627441e-01,9.999957680702209473e-01,9.999769330024719238e-01,9.999952912330627441e-01,9.999934434890747070e-01,-9.996098875999450684e-01,-9.999789595603942871e-01,-9.999787807464599609e-01,-9.999939799308776855e-01,9.999944567680358887e-01,-9.999961853027343750e-01,-9.999944567680358887e-01,-9.999849200248718262e-01,9.999780058860778809e-01,9.999960660934448242e-01,9.999967217445373535e-01,9.999847412109375000e-01,9.999964833259582520e-01,-9.999940395355224609e-01,9.999960064888000488e-01,-9.999849200248718262e-01,9.999783635139465332e-01,9.999785423278808594e-01,9.999521374702453613e-01,9.999947547912597656e-01,-9.999677538871765137e-01,-9.999957084655761719e-01,9.999781250953674316e-01,9.999835491180419922e-01,-9.999716281890869141e-01,-9.999918937683105469e-01,9.999960064888000488e-01,-9.999938011169433594e-01,9.999943375587463379e-01,9.999442100524902344e-01,9.994974136352539062e-01,-9.999963045120239258e-01,-9.999752640724182129e-01,-9.999675750732421875e-01,9.999773502349853516e-01,-9.999944567680358887e-01,9.999542832374572754e-01,9.999908208847045898e-01,-9.999908208847045898e-01,9.999927878379821777e-01,9.999517798423767090e-01,-9.999965429306030273e-01,9.999958872795104980e-01,-9.999912381172180176e-01,9.999892711639404297e-01,-9.999962449073791504e-01,-9.998302459716796875e-01,-9.998577237129211426e-01,-9.999955296516418457e-01,-9.999848008155822754e-01,9.999374151229858398e-01,9.999948143959045410e-01,9.999808073043823242e-01,-9.999950528144836426e-01,9.999951720237731934e-01,-9.999912977218627930e-01,9.999940395355224609e-01,9.994943141937255859e-01,-9.999966025352478027e-01,9.999890327453613281e-01,-9.999964833259582520e-01,9.999926090240478516e-01,9.999845027923583984e-01,9.999873042106628418e-01,9.999943971633911133e-01,-9.999892115592956543e-01,-9.999916553497314453e-01,9.999893903732299805e-01,9.999712705612182617e-01,9.999816417694091797e-01,-9.998820424079895020e-01,9.999672770500183105e-01
9.999969601631164551e-01,-9.999973773956298828e-01,-9.999903440475463867e-01,9.999949932098388672e-01,9.999979734420776367e-01,-9.999978542327880859e-01,9.999907016754150391e-01,9.999983310699462891e-01,-9.999861717224121094e-01,9.999972581863403320e-01,-9.999978542327880859e-01,-9.999979734420776367e-01,9.999963045120239258e-01,9.999971389770507812e-01,9.999920129776000977e-01,9.999883174896240234e-01,9.999956488609313965e-01,-9.999960064888000488e-01,9.999860525131225586e-01,-9.999982714653015137e-01,-9.999980926513671875e-01,9.999908804893493652e-01,9.999974966049194336e-01,9.999949336051940918e-01,9.999813437461853027e-01,9.999979734420776367e-01,-9.999967813491821289e-01,-9.999978542327880859e-01,9.999855756759643555e-01,-9.999944567680358887e-01,-9.999833106994628906e-01,-9.999965429306030273e-01,9.999700784683227539e-01,9.999906420707702637e-01,-9.999964833259582520e-01,9.999312162399291992e-01,9.999980926513671875e-01,9.999973773956298828e-01,9.999707341194152832e-01,-9.999980330467224121e-01,9.999976158142089844e-01,9.999837279319763184e-01,9.999704957008361816e-01,9.999980330467224121e-01,9.999967217445373535e-01,9.999963045120239258e-01,-9.999885559082031250e-01,9.999976754188537598e-01,9.999976158142089844e-01,-9.999973773956298828e-01,-9.999979138374328613e-01,-9.999975562095642090e-01,-9.999977946281433105e-01,-9.999881982803344727e-01,-9.999975562095642090e-01,-9.999965429306030273e-01,9.998013973236083984e-01,9.999892115592956543e-01,9.999890923500061035e-01,9.999967813491821289e-01,-9.999971389770507812e-01,9.999980926513671875e-01,9.999971389770507812e-01,9.999921917915344238e-01,-9.999887943267822266e-01,-9.999979734420776367e-01,-9.999983310699462891e-01,-9.999922513961791992e-01,-9.999980926513671875e-01,9.999969005584716797e-01,-9.999977946281433105e-01,9.999923110008239746e-01,-9.999889731407165527e-01,-9.999889731407165527e-01,-9.999756217002868652e-01,-9.999971985816955566e-01,9.999835491180419922e-01,9.999976754188537598e-01,-9.999888539314270020e-01,-9.999915361404418945e-01,9.999856352806091309e-01,9.999958872795104980e-01,-9.999979138374328613e-01,9.999968409538269043e-01,-9.999969601631164551e-01,-9.999716877937316895e-01,-9.997441768646240234e-01,9.999981522560119629e-01,9.999873042106628418e-01,9.999834895133972168e-01,-9.999884963035583496e-01,9.999971389770507812e-01,-9.999768137931823730e-01,-9.999952912330627441e-01,9.999952912330627441e-01,-9.999963045120239258e-01,-9.999754428863525391e-01,9.999982714653015137e-01,-9.999978542327880859e-01,9.999954104423522949e-01,-9.999944567680358887e-01,9.999980926513671875e-01,9.999135732650756836e-01,9.999275207519531250e-01,9.999976754188537598e-01,9.999921917915344238e-01,-9.999681115150451660e-01,-9.999973177909851074e-01,-9.999902248382568359e-01,9.999973773956298828e-01,-9.999974966049194336e-01,9.999955296516418457e-01,-9.999969005584716797e-01,-9.997424483299255371e-01,9.999981522560119629e-01,-9.999943375587463379e-01,9.999982118606567383e-01,-9.999960660934448242e-01,-9.999920129776000977e-01,-9.999934434890747070e-01,-9.999970197677612305e-01,9.999945163726806641e-01,9.999957084655761719e-01,-9.999945759773254395e-01,-9.999853968620300293e-01,-9.999905824661254883e-01,9.999399781227111816e-01,-9.999833703041076660e-01
9.999988079071044922e-01,-9.999989867210388184e-01,-9.999960660934448242e-01,9.999979734420776367e-01,9.999992251396179199e-01,-9.999991655349731445e-01,9.999961256980895996e-01,9.999992847442626953e-01,-9.999944567680358887e-01,9.999988675117492676e-01,-9.999991655349731445e-01,-9.999991655349731445e-01,9.999984502792358398e-01,9.999988675117492676e-01,9.999967217445373535e-01,9.999952912330627441e-01,9.999982118606567383e-01,-9.999983906745910645e-01,9.999943971633911133e-01,-9.999992847442626953e-01,-9.999992847442626953e-01,9.999963045120239258e-01,9.999991059303283691e-01,9.999979138374328613e-01,9.999924898147583008e-01,9.999991655349731445e-01,-9.999986886978149414e-01,-9.999991059303283691e-01,9.999942183494567871e-01,-9.999976754188537598e-01,-9.999933242797851562e-01,-9.999986290931701660e-01,9.999880194664001465e-01,9.999961853027343750e-01,-9.999985694885253906e-01,9.999724030494689941e-01,9.999992847442626953e-01,9.999989271163940430e-01,9.999882578849792480e-01,-9.999991655349731445e-01,9.999991059303283691e-01,9.999935030937194824e-01,9.999881386756896973e-01,9.999992251396179199e-01,9.999986290931701660e-01,9.999985098838806152e-01,-9.999953508377075195e-01,9.999990463256835938e-01,9.999991059303283691e-01,-9.999989271163940430e-01,-9.999992251396179199e-01,-9.999990463256835938e-01,-9.999991655349731445e-01,-9.999952316284179688e-01,-9.999991059303283691e-01,-9.999986290931701660e-01,9.999199509620666504e-01,9.999956488609313965e-01,9.999956488609313965e-01,9.999987483024597168e-01,-9.999988675117492676e-01,9.999991655349731445e-01,9.999988675117492676e-01,9.999967813491821289e-01,-9.999954700469970703e-01,-9.999993443489074707e-01,-9.999993443489074707e-01,-9.999968409538269043e-01,-9.999992251396179199e-01,9.999987483024597168e-01,-9.999992251396179199e-01,9.999968409538269043e-01,-9.999956488609313965e-01,-9.999955296516418457e-01,-9.999902248382568359e-01,-9.999988675117492676e-01,9.999933242797851562e-01,9.999990463256835938e-01,-9.999954700469970703e-01,-9.999964833259582520e-01,9.999941587448120117e-01,9.999983310699462891e-01,-9.999992251396179199e-01,9.999986886978149414e-01,-9.999988079071044922e-01,-9.999886155128479004e-01,-9.998970031738281250e-01,9.999992847442626953e-01,9.999948740005493164e-01,9.999933838844299316e-01,-9.999953508377075195e-01,9.999987483024597168e-01,-9.999906420707702637e-01,-9.999979734420776367e-01,9.999979734420776367e-01,-9.999985098838806152e-01,-9.999901056289672852e-01,9.999993443489074707e-01,-9.999992251396179199e-01,9.999981522560119629e-01,-9.999976754188537598e-01,9.999991655349731445e-01,9.999651312828063965e-01,9.999709129333496094e-01,9.999991059303283691e-01,9.999968409538269043e-01,-9.999871850013732910e-01,-9.999988675117492676e-01,-9.999958872795104980e-01,9.999989271163940430e-01,-9.999990463256835938e-01,9.999980926513671875e-01,-9.999987483024597168e-01,-9.998964071273803711e-01,9.999992847442626953e-01,-9.999976754188537598e-01,9.999992251396179199e-01,-9.999983906745910645e-01,-9.999967813491821289e-01,-9.999972581863403320e-01,-9.999987483024597168e-01,9.999977350234985352e-01,9.999982714653015137e-01,-9.999976754188537598e-01,-9.999940991401672363e-01,-9.999961853027343750e-01,9.999758005142211914e-01,-9.999933242797851562e-01
-9.999988079071044922e-01,9.999989271163940430e-01,9.999958276748657227e-01,-9.999978542327880859e-01,-9.999991655349731445e-01,9.999992251396179199e-01,-9.999960660934448242e-01,-9.999994039535522461e-01,9.999939799308776855e-01,-9.999988675117492676e-01,9.999991059303283691e-01,9.999992251396179199e-01,-9.999983906745910645e-01,-9.999988675117492676e-01,-9.999965429306030273e-01,-9.999949932098388672e-01,-9.999982118606567383e-01,9.999983310699462891e-01,-9.999940395355224609e-01,9.999993443489074707e-01,9.999993443489074707e-01,-9.999960064888000488e-01,-9.999989867210388184e-01,-9.999977946281433105e-01,-9.999919533729553223e-01,-9.999992251396179199e-01,9.999986886978149414e-01,9.999991655349731445e-01,-9.999938607215881348e-01,9.999976158142089844e-01,9.999927878379821777e-01,9.999985098838806152e-01,-9.999870657920837402e-01,-9.999960064888000488e-01,9.999985694885253906e-01,-9.999702572822570801e-01,-9.999992847442626953e-01,-9.999989271163940430e-01,-9.999873042106628418e-01,9.999991655349731445e-01,-9.999989867210388184e-01,-9.999930858612060547e-01,-9.999873042106628418e-01,-9.999992251396179199e-01,-9.999986290931701660e-01,-9.999985098838806152e-01,9.999950528144836426e-01,-9.999990463256835938e-01,-9.999990463256835938e-01,9.999989271163940430e-01,9.999992847442626953e-01,9.999989867210388184e-01,9.999991059303283691e-01,9.999948740005493164e-01,9.999989867210388184e-01,9.999985098838806152e-01,-9.999136924743652344e-01,-9.999954104423522949e-01,-9.999952912330627441e-01,-9.999986290931701660e-01,9.999988079071044922e-01,-9.999992847442626953e-01,-9.999988079071044922e-01,-9.999966025352478027e-01,9.999952316284179688e-01,9.999992847442626953e-01,9.999994039535522461e-01,9.999966025352478027e-01,9.999992847442626953e-01,-9.999986886978149414e-01,9.999991655349731445e-01,-9.999966025352478027e-01,9.999952912330627441e-01,9.999952316284179688e-01,9.999895095825195312e-01,9.999988079071044922e-01,-9.999929070472717285e-01,-9.999989867210388184e-01,9.999951720237731934e-01,9.999961853027343750e-01,-9.999938011169433594e-01,-9.999982714653015137e-01,9.999992847442626953e-01,-9.999986886978149414e-01,9.999987483024597168e-01,9.999877810478210449e-01,9.998889565467834473e-01,-9.999993443489074707e-01,-9.999945163726806641e-01,-9.999928474426269531e-01,9.999949932098388672e-01,-9.999987483024597168e-01,9.999899864196777344e-01,9.999979734420776367e-01,-9.999980330467224121e-01,9.999983906745910645e-01,9.999893903732299805e-01,-9.999992847442626953e-01,9.999992251396179199e-01,-9.999981522560119629e-01,9.999976158142089844e-01,-9.999992251396179199e-01,-9.999624490737915039e-01,-9.999685883522033691e-01,-9.999991655349731445e-01,-9.999967217445373535e-01,9.999862909317016602e-01,9.999988675117492676e-01,9.999957680702209473e-01,-9.999989271163940430e-01,9.999989867210388184e-01,-9.999980330467224121e-01,9.999987483024597168e-01,9.998881220817565918e-01,-9.999992847442626953e-01,9.999976158142089844e-01,-9.999992847442626953e-01,9.999983310699462891e-01,9.999966025352478027e-01,9.999971389770507812e-01,9.999987483024597168e-01,-9.999976158142089844e-01,-9.999980926513671875e-01,9.999976158142089844e-01,9.999937415122985840e-01,9.999960064888000488e-01,-9.999739527702331543e-01,9.999929070472717285e-01
9.999944567680358887e-01,-9.999952912330627441e-01,-9.999818205833435059e-01,9.999907016754150391e-01,9.999961256980895996e-01,-9.999960660934448242e-01,9.999825954437255859e-01,9.999968409538269043e-01,-9.999739527702331543e-01,9.999950528144836426e-01,-9.999960064888000488e-01,-9.999963045120239258e-01,9.999931454658508301e-01,9.999948143959045410e-01,9.999850988388061523e-01,9.999779462814331055e-01,9.999918937683105469e-01,-9.999924898147583008e-01,9.999737143516540527e-01,-9.999968409538269043e-01,-9.999965429306030273e-01,9.999828338623046875e-01,9.999955296516418457e-01,9.999906420707702637e-01,9.999648332595825195e-01,9.999963641166687012e-01,-9.999940395355224609e-01,-9.999960064888000488e-01,9.999728202819824219e-01,-9.999895691871643066e-01,-9.999687075614929199e-01,-9.999936223030090332e-01,9.999437332153320312e-01,9.999823570251464844e-01,-9.999935030937194824e-01,9.998706579208374023e-01,9.999965429306030273e-01,9.999951720237731934e-01,9.999448060989379883e-01,-9.999962449073791504e-01,9.999955296516418457e-01,9.999694824218750000e-01,9.999442696571350098e-01,9.999964237213134766e-01,9.999940991401672363e-01,9.999932050704956055e-01,-9.999786019325256348e-01,9.999957680702209473e-01,9.999957084655761719e-01,-9.999951720237731934e-01,-9.999961853027343750e-01,-9.999954700469970703e-01,-9.999960064888000488e-01,-9.999778866767883301e-01,-9.999955296516418457e-01,-9.999937415122985840e-01,9.996260404586791992e-01,9.999797940254211426e-01,9.999796748161315918e-01,9.999942183494567871e-01,-9.999948143959045410e-01,9.999963641166687012e-01,9.999948143959045410e-01,9.999854564666748047e-01,-9.999788999557495117e-01,-9.999962449073791504e-01,-9.999968409538269043e-01,-9.999852776527404785e-01,-9.999966621398925781e-01,9.999942183494567871e-01,-9.999960064888000488e-01,9.999855160713195801e-01,-9.999792575836181641e-01,-9.999794363975524902e-01,-9.999541640281677246e-01,-9.999949932098388672e-01,9.999690055847167969e-01,9.999958276748657227e-01,-9.999789595603942871e-01,-9.999842643737792969e-01,9.999727606773376465e-01,9.999923110008239746e-01,-9.999960660934448242e-01,9.999940991401672363e-01,-9.999945759773254395e-01,-9.999464750289916992e-01,-9.995182156562805176e-01,9.999964833259582520e-01,9.999762177467346191e-01,9.999688863754272461e-01,-9.999783039093017578e-01,9.999946951866149902e-01,-9.999563097953796387e-01,-9.999912381172180176e-01,9.999912381172180176e-01,-9.999930858612060547e-01,-9.999538660049438477e-01,9.999967217445373535e-01,-9.999960064888000488e-01,9.999915361404418945e-01,-9.999896883964538574e-01,9.999963641166687012e-01,9.998372793197631836e-01,9.998636841773986816e-01,9.999957680702209473e-01,9.999854564666748047e-01,-9.999400377273559570e-01,-9.999949932098388672e-01,-9.999815821647644043e-01,9.999951720237731934e-01,-9.999954104423522949e-01,9.999915957450866699e-01,-9.999942779541015625e-01,-9.995153546333312988e-01,9.999966621398925781e-01,-9.999893903732299805e-01,9.999966621398925781e-01,-9.999929070472717285e-01,-9.999851584434509277e-01,-9.999877214431762695e-01,-9.999946355819702148e-01,9.999896883964538574e-01,9.999919533729553223e-01,-9.999898076057434082e-01,-9.999724626541137695e-01,-9.999823570251464844e-01,9.998869299888610840e-01,-9.999688267707824707e-01
9.999990463256835938e-01,-9.999991655349731445e-01,-9.999966621398925781e-01,9.999983310699462891e-01,9.999992847442626953e-01,-9.999994039535522461e-01,9.999968409538269043e-01,9.999994039535522461e-01,-9.999952912330627441e-01,9.999991655349731445e-01,-9.999993443489074707e-01,-9.999992847442626953e-01,9.999987483024597168e-01,9.999991059303283691e-01,9.999971985816955566e-01,9.999960064888000488e-01,9.999985098838806152e-01,-9.999986290931701660e-01,9.999953508377075195e-01,-9.999994635581970215e-01,-9.999994635581970215e-01,9.999968409538269043e-01,9.999992251396179199e-01,9.999982714653015137e-01,9.999936819076538086e-01,9.999994039535522461e-01,-9.999989271163940430e-01,-9.999992847442626953e-01,9.999951124191284180e-01,-9.999980926513671875e-01,-9.999943971633911133e-01,-9.999988079071044922e-01,9.999898672103881836e-01,9.999967813491821289e-01,-9.999988079071044922e-01,9.999766945838928223e-01,9.999994039535522461e-01,9.999991655349731445e-01,9.999901056289672852e-01,-9.999992847442626953e-01,9.999992251396179199e-01,9.999945163726806641e-01,9.999899864196777344e-01,9.999993443489074707e-01,9.999988675117492676e-01,9.999987483024597168e-01,-9.999961256980895996e-01,9.999992847442626953e-01,9.999992251396179199e-01,-9.999991655349731445e-01,-9.999994039535522461e-01,-9.999992251396179199e-01,-9.999992847442626953e-01,-9.999960064888000488e-01,-9.999992251396179199e-01,-9.999988079071044922e-01,9.999326467514038086e-01,9.999963045120239258e-01,9.999963045120239258e-01,9.999988675117492676e-01,-9.999991059303283691e-01,9.999994039535522461e-01,9.999991059303283691e-01,9.999973773956298828e-01,-9.999961256980895996e-01,-9.999993443489074707e-01,-9.999995231628417969e-01,-9.999973177909851074e-01,-9.999994039535522461e-01,9.999989271163940430e-01,-9.999993443489074707e-01,9.999973773956298828e-01,-9.999962449073791504e-01,-9.999962449073791504e-01,-9.999917745590209961e-01,-9.999991655349731445e-01,9.999943375587463379e-01,9.999992251396179199e-01,-9.999961853027343750e-01,-9.999971389770507812e-01,9.999951124191284180e-01,9.999986290931701660e-01,-9.999994039535522461e-01,9.999989867210388184e-01,-9.999990463256835938e-01,-9.999904036521911621e-01,-9.999132752418518066e-01,9.999994635581970215e-01,9.999956488609313965e-01,9.999944567680358887e-01,-9.999960660934448242e-01,9.999991059303283691e-01,-9.999922513961791992e-01,-9.999983310699462891e-01,9.999983906745910645e-01,-9.999986886978149414e-01,-9.999916553497314453e-01,9.999994635581970215e-01,-9.999993443489074707e-01,9.999984502792358398e-01,-9.999980926513671875e-01,9.999994039535522461e-01,9.999707937240600586e-01,9.999755024909973145e-01,9.999992847442626953e-01,9.999972581863403320e-01,-9.999891519546508789e-01,-9.999990463256835938e-01,-9.999966621398925781e-01,9.999991655349731445e-01,-9.999992251396179199e-01,9.999983906745910645e-01,-9.999990463256835938e-01,-9.999126791954040527e-01,9.999994635581970215e-01,-9.999981522560119629e-01,9.999994635581970215e-01,-9.999986886978149414e-01,-9.999972581863403320e-01,-9.999977350234985352e-01,-9.999991059303283691e-01,9.999980926513671875e-01,9.999985098838806152e-01,-9.999980330467224121e-01,-9.999950528144836426e-01,-9.999967813491821289e-01,9.999796748161315918e-01,-9.999943971633911133e-01
-9.999917149543762207e-01,9.999929666519165039e-01,9.999728202819824219e-01,-9.999861717224121094e-01,-9.999944567680358887e-01,9.999939799308776855e-01,-9.999739527702331543e-01,-9.999952912330627441e-01,9.999608397483825684e-01,-9.999926686286926270e-01,9.999940991401672363e-01,9.999945759773254395e-01,-9.999896883964538574e-01,-9.999921917915344238e-01,-9.999777674674987793e-01,-9.999669790267944336e-01,-9.999877214431762695e-01,9.999887347221374512e-01,-9.999606013298034668e-01,9.999955296516418457e-01,9.999947547912597656e-01,-9.999743103981018066e-01,-9.999932646751403809e-01,-9.999859929084777832e-01,-9.999473690986633301e-01,-9.999946355819702148e-01,9.999910593032836914e-01,9.999941587448120117e-01,-9.999592900276184082e-01,9.999843835830688477e-01,9.999530911445617676e-01,9.999904632568359375e-01,-9.999157190322875977e-01,-9.999735355377197266e-01,9.999902844429016113e-01,-9.998064637184143066e-01,-9.999949336051940918e-01,-9.999927878379821777e-01,-9.999174475669860840e-01,9.999943971633911133e-01,-9.999933242797851562e-01,-9.999542236328125000e-01,-9.999165534973144531e-01,-9.999947547912597656e-01,-9.999911189079284668e-01,-9.999898076057434082e-01,9.999679327011108398e-01,-9.999936223030090332e-01,-9.999934434890747070e-01,9.999927282333374023e-01,9.999943375587463379e-01,9.999932050704956055e-01,9.999939203262329102e-01,9.999668598175048828e-01,9.999933838844299316e-01,9.999905228614807129e-01,-9.994404315948486328e-01,-9.999696612358093262e-01,-9.999694228172302246e-01,-9.999913573265075684e-01,9.999920725822448730e-01,-9.999946355819702148e-01,-9.999920725822448730e-01,-9.999783039093017578e-01,9.999684691429138184e-01,9.999944567680358887e-01,9.999954104423522949e-01,9.999780654907226562e-01,9.999950528144836426e-01,-9.999913573265075684e-01,9.999941587448120117e-01,-9.999783635139465332e-01,9.999690055847167969e-01,9.999692440032958984e-01,9.999313950538635254e-01,9.999923706054687500e-01,-9.999536275863647461e-01,-9.999938011169433594e-01,9.999685883522033691e-01,9.999764561653137207e-01,-9.999592900276184082e-01,-9.999883174896240234e-01,9.999943375587463379e-01,-9.999912381172180176e-01,9.999917745590209961e-01,9.999199509620666504e-01,9.992790222167968750e-01,-9.999948143959045410e-01,-9.999644160270690918e-01,-9.999534487724304199e-01,9.999674558639526367e-01,-9.999920129776000977e-01,9.999345541000366211e-01,9.999867677688598633e-01,-9.999867677688598633e-01,9.999896883964538574e-01,9.999308586120605469e-01,-9.999951720237731934e-01,9.999941587448120117e-01,-9.999873042106628418e-01,9.999845623970031738e-01,-9.999945759773254395e-01,-9.997564554214477539e-01,-9.997959733009338379e-01,-9.999936223030090332e-01,-9.999783039093017578e-01,9.999101161956787109e-01,9.999924898147583008e-01,9.999723434448242188e-01,-9.999928474426269531e-01,9.999930858612060547e-01,-9.999874830245971680e-01,9.999915361404418945e-01,9.992746710777282715e-01,-9.999951124191284180e-01,9.999840855598449707e-01,-9.999949932098388672e-01,9.999893307685852051e-01,9.999777674674987793e-01,9.999817013740539551e-01,9.999920129776000977e-01,-9.999845623970031738e-01,-9.999879002571105957e-01,9.999847412109375000e-01,9.999587535858154297e-01,9.999736547470092773e-01,-9.998308420181274414e-01,9.999530911445617676e-01
9.999984502792358398e-01,-9.999986290931701660e-01,-9.999948740005493164e-01,9.999972581863403320e-01,9.999988675117492676e-01,-9.999988675117492676e-01,9.999950528144836426e-01,9.999991655349731445e-01,-9.999926686286926270e-01,9.999986290931701660e-01,-9.999988675117492676e-01,-9.999989271163940430e-01,9.999979138374328613e-01,9.999985098838806152e-01,9.999957084655761719e-01,9.999939203262329102e-01,9.999976754188537598e-01,-9.999977946281433105e-01,9.999926090240478516e-01,-9.999991655349731445e-01,-9.999990463256835938e-01,9.999951720237731934e-01,9.999987483024597168e-01,9.999973177909851074e-01,9.999901056289672852e-01,9.999989867210388184e-01,-9.999982714653015137e-01,-9.999988675117492676e-01,9.999923706054687500e-01,-9.999969601631164551e-01,-9.999911785125732422e-01,-9.999981522560119629e-01,9.999842047691345215e-01,9.999951124191284180e-01,-9.999981522560119629e-01,9.999635219573974609e-01,9.999991059303283691e-01,9.999986290931701660e-01,9.999846220016479492e-01,-9.999988675117492676e-01,9.999987483024597168e-01,9.999913573265075684e-01,9.999843239784240723e-01,9.999990463256835938e-01,9.999982118606567383e-01,9.999980330467224121e-01,-9.999939799308776855e-01,9.999988079071044922e-01,9.999987483024597168e-01,-9.999986290931701660e-01,-9.999989867210388184e-01,-9.999986886978149414e-01,-9.999989271163940430e-01,-9.999936819076538086e-01,-9.999986886978149414e-01,-9.999980926513671875e-01,9.998946189880371094e-01,9.999943375587463379e-01,9.999942779541015625e-01,9.999983310699462891e-01,-9.999985098838806152e-01,9.999989271163940430e-01,9.999985098838806152e-01,9.999958872795104980e-01,-9.999940395355224609e-01,-9.999989271163940430e-01,-9.999991655349731445e-01,-9.999958872795104980e-01,-9.999991059303283691e-01,9.999983906745910645e-01,-9.999988675117492676e-01,9.999959468841552734e-01,-9.999942779541015625e-01,-9.999942183494567871e-01,-9.999871253967285156e-01,-9.999985694885253906e-01,9.999912381172180176e-01,9.999987483024597168e-01,-9.999939799308776855e-01,-9.999954104423522949e-01,9.999923110008239746e-01,9.999978542327880859e-01,-9.999989867210388184e-01,9.999983310699462891e-01,-9.999983310699462891e-01,-9.999849796295166016e-01,-9.998643994331359863e-01,9.999990463256835938e-01,9.999933242797851562e-01,9.999912977218627930e-01,-9.999939203262329102e-01,9.999984502792358398e-01,-9.999877810478210449e-01,-9.999974966049194336e-01,9.999974966049194336e-01,-9.999979138374328613e-01,-9.999869465827941895e-01,9.999990463256835938e-01,-9.999988079071044922e-01,9.999975562095642090e-01,-9.999970793724060059e-01,9.999989271163940430e-01,9.999541640281677246e-01,9.999615550041198730e-01,9.999986886978149414e-01,9.999958872795104980e-01,-9.999831318855285645e-01,-9.999985098838806152e-01,-9.999947547912597656e-01,9.999986290931701660e-01,-9.999986886978149414e-01,9.999975562095642090e-01,-9.999983906745910645e-01,-9.998635053634643555e-01,9.999990463256835938e-01,-9.999969601631164551e-01,9.999991059303283691e-01,-9.999979734420776367e-01,-9.999958276748657227e-01,-9.999964237213134766e-01,-9.999984502792358398e-01,9.999970793724060059e-01,9.999977350234985352e-01,-9.999970197677612305e-01,-9.999922513961791992e-01,-9.999949932098388672e-01,9.999681115150451660e-01,-9.999911785125732422e-01
-9.999987483024597168e-01,9.999989867210388184e-01,9.999958872795104980e-01,-9.999978542327880859e-01,-9.999991655349731445e-01,9.999991059303283691e-01,-9.999960064888000488e-01,-9.999993443489074707e-01,9.999940991401672363e-01,-9.999988675117492676e-01,9.999992251396179199e-01,9.999991059303283691e-01,-9.999984502792358398e-01,-9.999988079071044922e-01,-9.999966025352478027e-01,-9.999950528144836426e-01,-9.999980926513671875e-01,9.999982714653015137e-01,-9.999940395355224609e-01,9.999993443489074707e-01,9.999993443489074707e-01,-9.999960660934448242e-01,-9.999990463256835938e-01,-9.999978542327880859e-01,-9.999921321868896484e-01,-9.999992251396179199e-01,9.999986290931701660e-01,9.999991655349731445e-01,-9.999938011169433594e-01,9.999976158142089844e-01,9.999929070472717285e-01,9.999985098838806152e-01,-9.999872446060180664e-01,-9.999960660934448242e-01,9.999985694885253906e-01,-9.999706745147705078e-01,-9.999992847442626953e-01,-9.999989271163940430e-01,-9.999875426292419434e-01,9.999991059303283691e-01,-9.999990463256835938e-01,-9.999930858612060547e-01,-9.999874830245971680e-01,-9.999992251396179199e-01,-9.999985694885253906e-01,-9.999984502792358398e-01,9.999951124191284180e-01,-9.999990463256835938e-01,-9.999990463256835938e-01,9.999989271163940430e-01,9.999991655349731445e-01,9.999989271163940430e-01,9.999991059303283691e-01,9.999949336051940918e-01,9.999990463256835938e-01,9.999985694885253906e-01,-9.999150037765502930e-01,-9.999954104423522949e-01,-9.999954700469970703e-01,-9.999986886978149414e-01,9.999988675117492676e-01,-9.999992251396179199e-01,-9.999988675117492676e-01,-9.999965429306030273e-01,9.999952316284179688e-01,9.999991655349731445e-01,9.999993443489074707e-01,9.999965429306030273e-01,9.999992847442626953e-01,-9.999986886978149414e-01,9.999991655349731445e-01,-9.999967813491821289e-01,9.999952912330627441e-01,9.999954104423522949e-01,9.999896287918090820e-01,9.999988675117492676e-01,-9.999929070472717285e-01,-9.999989867210388184e-01,9.999952912330627441e-01,9.999963641166687012e-01,-9.999938011169433594e-01,-9.999983310699462891e-01,9.999991655349731445e-01,-9.999986290931701660e-01,9.999987483024597168e-01,9.999879002571105957e-01,9.998904466629028320e-01,-9.999993443489074707e-01,-9.999946355819702148e-01,-9.999929666519165039e-01,9.999951124191284180e-01,-9.999987483024597168e-01,9.999901652336120605e-01,9.999979734420776367e-01,-9.999979734420776367e-01,9.999983906745910645e-01,9.999895095825195312e-01,-9.999994039535522461e-01,9.999990463256835938e-01,-9.999981522560119629e-01,9.999976158142089844e-01,-9.999992251396179199e-01,-9.999629855155944824e-01,-9.999690651893615723e-01,-9.999990463256835938e-01,-9.999965429306030273e-01,9.999864101409912109e-01,9.999988675117492676e-01,9.999958276748657227e-01,-9.999989271163940430e-01,9.999989271163940430e-01,-9.999980926513671875e-01,9.999987483024597168e-01,9.998897910118103027e-01,-9.999992847442626953e-01,9.999975562095642090e-01,-9.999992847442626953e-01,9.999983906745910645e-01,9.999966025352478027e-01,9.999971985816955566e-01,9.999987483024597168e-01,-9.999976158142089844e-01,-9.999982714653015137e-01,9.999976754188537598e-01,9.999938607215881348e-01,9.999960064888000488e-01,-9.999743700027465820e-01,9.999929070472717285e-01
-9.999988079071044922e-01,9.999991059303283691e-01,9.999961256980895996e-01,-9.999979734420776367e-01,-9.999991655349731445e-01,9.999992251396179199e-01,-9.999963045120239258e-01,-9.999992847442626953e-01,9.999945759773254395e-01,-9.999989271163940430e-01,9.999991059303283691e-01,9.999992251396179199e-01,-9.999985098838806152e-01,-9.999988675117492676e-01,-9.999967813491821289e-01,-9.999954104423522949e-01,-9.999983310699462891e-01,9.999983310699462891e-01,-9.999945759773254395e-01,9.999993443489074707e-01,9.999992251396179199e-01,-9.999964237213134766e-01,-9.999990463256835938e-01,-9.999980330467224121e-01,-9.999927282333374023e-01,-9.999992251396179199e-01,9.999987483024597168e-01,9.999991655349731445e-01,-9.999944567680358887e-01,9.999977946281433105e-01,9.999936223030090332e-01,9.999986290931701660e-01,-9.999884366989135742e-01,-9.999962449073791504e-01,9.999985694885253906e-01,-9.999735355377197266e-01,-9.999992847442626953e-01,-9.999989271163940430e-01,-9.999887347221374512e-01,9.999991655349731445e-01,-9.999991059303283691e-01,-9.999936819076538086e-01,-9.999885559082031250e-01,-9.999992251396179199e-01,-9.999986886978149414e-01,-9.999985694885253906e-01,9.999955892562866211e-01,-9.999990463256835938e-01,-9.999991655349731445e-01,9.999990463256835938e-01,9.999992251396179199e-01,9.999991059303283691e-01,9.999992251396179199e-01,9.999953508377075195e-01,9.999991059303283691e-01,9.999986290931701660e-01,-9.999235868453979492e-01,-9.999958276748657227e-01,-9.999957680702209473e-01,-9.999987483024597168e-01,9.999988675117492676e-01,-9.999992847442626953e-01,-9.999988675117492676e-01,-9.999969005584716797e-01,9.999956488609313965e-01,9.999992847442626953e-01,9.999994039535522461e-01,9.999969005584716797e-01,9.999992847442626953e-01,-9.999987483024597168e-01,9.999991655349731445e-01,-9.999970197677612305e-01,9.999957680702209473e-01,9.999958276748657227e-01,9.999905824661254883e-01,9.999989271163940430e-01,-9.999936223030090332e-01,-9.999991059303283691e-01,9.999956488609313965e-01,9.999966621398925781e-01,-9.999944567680358887e-01,-9.999983906745910645e-01,9.999992251396179199e-01,-9.999987483024597168e-01,9.999988079071044922e-01,9.999890327453613281e-01,9.999015331268310547e-01,-9.999993443489074707e-01,-9.999951124191284180e-01,-9.999935626983642578e-01,9.999955296516418457e-01,-9.999988079071044922e-01,9.999910593032836914e-01,9.999980926513671875e-01,-9.999980926513671875e-01,9.999985098838806152e-01,9.999904632568359375e-01,-9.999992847442626953e-01,9.999991655349731445e-01,-9.999982714653015137e-01,9.999978542327880859e-01,-9.999992251396179199e-01,-9.999668002128601074e-01,-9.999721050262451172e-01,-9.999990463256835938e-01,-9.999969005584716797e-01,9.999876618385314941e-01,9.999988675117492676e-01,9.999961853027343750e-01,-9.999990463256835938e-01,9.999991059303283691e-01,-9.999981522560119629e-01,9.999988079071044922e-01,9.999009370803833008e-01,-9.999992847442626953e-01,9.999977946281433105e-01,-9.999992847442626953e-01,9.999984502792358398e-01,9.999969005584716797e-01,9.999973773956298828e-01,9.999988079071044922e-01,-9.999978542327880859e-01,-9.999983310699462891e-01,9.999977946281433105e-01,9.999942779541015625e-01,9.999963641166687012e-01,-9.999768733978271484e-01,9.999935030937194824e-01
