5.144845843315124512e-01,3.193473210558295250e-03,-1.196574941277503967e-01,-1.167734852060675621e-03,1.852127909660339355e-01,-2.077808827161788940e-01,1.743472516536712646e-01,4.122681915760040283e-01,1.358538568019866943e-01,1.149518415331840515e-01,-1.603363603353500366e-01,-7.322635501623153687e-02,-2.334748208522796631e-02,1.378460526466369629e-01,1.402488201856613159e-01,1.339246630668640137e-01,-4.892988130450248718e-03,2.116034179925918579e-02,-6.406627362594008446e-04,-5.757474154233932495e-02,-1.411365419626235962e-01,-3.829193534329533577e-03,3.382711485028266907e-02,5.393337458372116089e-02,1.588043756783008575e-02,7.025061547756195068e-02,6.487154960632324219e-02,-1.972694098949432373e-01,1.004406884312629700e-01,-2.014595121145248413e-01,-1.157122626900672913e-01,-2.845787070691585541e-02,5.543223023414611816e-02,9.772441536188125610e-02,-2.275533415377140045e-02,-6.743531674146652222e-02,1.337024290114641190e-02,1.156398952007293701e-01,-2.970258593559265137e-01,-3.545109033584594727e-01,2.351762503385543823e-01,8.136117458343505859e-02,-6.776018440723419189e-02,3.176205605268478394e-02,-9.376185387372970581e-02,3.735400363802909851e-02,-1.922064572572708130e-01,-1.168997511267662048e-01,8.490949124097824097e-02,-7.291439920663833618e-02,-1.170421615242958069e-01,-1.033523008227348328e-01,2.674091160297393799e-01,-8.221191167831420898e-02,-1.082889661192893982e-01,-1.675783991813659668e-01,1.025863960385322571e-01,1.128232106566429138e-02,-1.181983947753906250e-02,-6.208392605185508728e-02,-5.796677991747856140e-02,-3.531982004642486572e-02,3.765172557905316353e-03,2.522734403610229492e-01,-9.485523216426372528e-03,-3.963805735111236572e-03,-2.440320104360580444e-01,1.659740358591079712e-01,-1.815271824598312378e-01,1.332567036151885986e-01,-2.553602755069732666e-01,7.172793895006179810e-02,1.710006780922412872e-02,1.699341982603073120e-01,-1.748913377523422241e-01,-1.776736527681350708e-01,-1.168650109320878983e-03,1.484282165765762329e-01,-1.732029467821121216e-01,-8.438622206449508667e-02,1.597631424665451050e-01,5.934347282163798809e-04,-2.502456307411193848e-01,-3.485868917778134346e-03,-2.932514846324920654e-01,1.419299934059381485e-02,3.544694781303405762e-01,2.143735298886895180e-03,-8.916027843952178955e-02,1.096270680427551270e-01,-1.702836006879806519e-01,8.640564978122711182e-02,7.837916910648345947e-02,-1.891103535890579224e-01,-1.480076611042022705e-01,-3.156787455081939697e-01,1.852315962314605713e-01,-1.112173194997012615e-04,-8.529038727283477783e-02,3.347684442996978760e-01,-2.182486504316329956e-01,3.276536464691162109e-01,-6.362794339656829834e-02,-9.015350788831710815e-02,1.028031930327415466e-01,2.738714218139648438e-01,2.858858369290828705e-02,5.591357499361038208e-02,-3.357146084308624268e-01,8.488801307976245880e-03,-3.598509356379508972e-02,-1.009738887660205364e-03,-7.342564873397350311e-03,-3.100535599514842033e-03,1.798378676176071167e-01,-1.842235773801803589e-01,2.649759352207183838e-01,-5.348548293113708496e-03,-3.324186801910400391e-01,-7.932231528684496880e-04,-7.191142439842224121e-02,1.877992600202560425e-01,1.732246130704879761e-01,1.862629354000091553e-01,2.622251585125923157e-02,-8.824665099382400513e-02,-1.102634984999895096e-02,1.222384274005889893e-01
3.193473210558295250e-03,1.353498734533786774e-02,-9.832874685525894165e-02,6.979115307331085205e-02,6.054161116480827332e-02,-1.744651608169078827e-02,4.495673812925815582e-03,2.828126028180122375e-02,4.128132387995719910e-02,5.019008368253707886e-02,1.044542435556650162e-02,-4.624485969543457031e-02,8.870963007211685181e-02,7.235930114984512329e-02,9.810309112071990967e-02,1.045894101262092590e-01,-6.728450534865260124e-04,6.226489692926406860e-02,-6.941936165094375610e-02,-7.106124609708786011e-02,-3.810246661305427551e-02,8.729178458452224731e-02,6.909367442131042480e-02,-3.673522919416427612e-02,1.189305819571018219e-02,1.057477816939353943e-01,-1.114653497934341431e-01,-5.889884382486343384e-02,8.951012045145034790e-02,-3.849708661437034607e-02,1.530400663614273071e-02,-1.101212725043296814e-01,6.564421206712722778e-02,6.392213702201843262e-02,-5.240104626864194870e-03,-1.111164242029190063e-01,3.893774747848510742e-02,7.789403945207595825e-02,-7.226590067148208618e-02,-6.177970767021179199e-02,8.857077360153198242e-02,1.252021081745624542e-02,9.929762780666351318e-02,1.960245706140995026e-02,1.363761723041534424e-02,-8.586537092924118042e-02,-9.854622930288314819e-02,-2.667685970664024353e-02,-6.293917540460824966e-03,7.514847442507743835e-03,1.673391275107860565e-02,-2.377963624894618988e-02,3.167313337326049805e-02,1.027800375595688820e-03,-2.273618243634700775e-02,-1.180490776896476746e-01,2.905197814106941223e-02,7.611751090735197067e-03,-6.094783917069435120e-02,-5.706645175814628601e-02,-1.146653853356838226e-02,1.684093847870826721e-02,3.411312820389866829e-03,2.438005805015563965e-02,2.565199742093682289e-03,-2.522770687937736511e-02,5.338252708315849304e-02,1.001665741205215454e-01,-9.532500058412551880e-02,3.348464146256446838e-02,-7.718756049871444702e-02,-3.400955721735954285e-02,-2.391546219587326050e-02,9.458629786968231201e-02,-3.374909609556198120e-02,-9.347354620695114136e-02,-1.786888344213366508e-03,1.149214357137680054e-01,-1.205409504473209381e-02,-9.861639887094497681e-02,9.934862703084945679e-02,6.038468563929200172e-04,-7.873868197202682495e-02,6.850862991996109486e-04,-8.930339664220809937e-02,-9.400254487991333008e-02,4.857780411839485168e-02,3.475203877314925194e-03,8.119712024927139282e-02,6.348002701997756958e-02,-2.357629314064979553e-02,-2.372680604457855225e-02,-8.410696685314178467e-02,5.106331035494804382e-02,-8.740907907485961914e-02,-6.381254643201828003e-03,7.072468101978302002e-02,-3.804896914516575634e-05,-8.501769602298736572e-02,6.120744720101356506e-02,-3.597029298543930054e-02,5.430496856570243835e-02,-1.123048365116119385e-01,-7.043612003326416016e-02,1.126095578074455261e-01,-2.034506760537624359e-02,-7.499152421951293945e-02,-1.029507741332054138e-01,-1.183719467371702194e-02,-6.309546530246734619e-03,8.086337894201278687e-02,-6.064206361770629883e-02,-9.578541666269302368e-02,6.982313934713602066e-03,1.094017475843429565e-01,-9.061983227729797363e-02,6.620209664106369019e-02,2.655282802879810333e-02,-9.854374080896377563e-02,4.164464771747589111e-02,6.421484798192977905e-02,8.247654139995574951e-02,9.787702560424804688e-02,-6.602099537849426270e-02,-7.138234376907348633e-02,-6.438002735376358032e-02,4.678937140852212906e-03,5.897881463170051575e-02
-1.196574941277503967e-01,-9.832874685525894165e-02,7.890927195549011230e-01,-6.289252638816833496e-01,-4.212619066238403320e-01,1.003671810030937195e-01,-1.334178447723388672e-01,-2.485190629959106445e-01,-3.399092555046081543e-01,-4.511409401893615723e-01,9.063473902642726898e-03,3.823780119419097900e-01,-6.112608313560485840e-01,-6.399739980697631836e-01,-7.269709110260009766e-01,-7.132762670516967773e-01,5.503729451447725296e-03,-4.821718633174896240e-01,6.311231255531311035e-01,6.086145639419555664e-01,4.080738723278045654e-01,-6.588827967643737793e-01,-6.475589871406555176e-01,2.991188168525695801e-01,-1.032885015010833740e-01,-6.923037171363830566e-01,7.238050699234008789e-01,3.551167845726013184e-01,-7.076151371002197266e-01,3.378488421440124512e-01,-1.077774614095687866e-01,7.906969189643859863e-01,-5.927755832672119141e-01,-6.085610389709472656e-01,4.160635918378829956e-02,7.553359270095825195e-01,-3.137958347797393799e-01,-6.502299904823303223e-01,5.028126835823059082e-01,5.779345035552978516e-01,-6.649249196052551270e-01,-1.234818696975708008e-01,-6.857202649116516113e-01,-1.690867543220520020e-01,-2.923829294741153717e-02,6.388521194458007812e-01,7.822562456130981445e-01,2.345555573701858521e-01,1.988398842513561249e-02,8.392217755317687988e-02,-1.253805458545684814e-01,2.161723375320434570e-01,-3.189106583595275879e-01,2.332042343914508820e-02,1.349215358495712280e-01,8.146330714225769043e-01,-2.727129161357879639e-01,-6.487995386123657227e-02,4.860114753246307373e-01,4.979736208915710449e-01,1.404724717140197754e-01,-1.934559047222137451e-01,-2.917220443487167358e-02,-3.000465333461761475e-01,3.887818893417716026e-03,2.009076476097106934e-01,-2.973204851150512695e-01,-6.962888240814208984e-01,7.344605326652526855e-01,-1.705307513475418091e-01,6.520620584487915039e-01,2.718579769134521484e-01,2.300789505243301392e-01,-7.559415102005004883e-01,2.852990627288818359e-01,7.118409276008605957e-01,1.225974224507808685e-02,-8.410819172859191895e-01,2.298285663127899170e-01,7.497292757034301758e-01,-8.076676726341247559e-01,-5.099770613014698029e-03,6.306353211402893066e-01,-3.917878959327936172e-03,6.614241600036621094e-01,6.704953312873840332e-01,-4.625743031501770020e-01,-2.581705152988433838e-02,-5.643247365951538086e-01,-5.385271906852722168e-01,2.058459669351577759e-01,2.111644148826599121e-01,6.534405946731567383e-01,-3.468758761882781982e-01,7.217066884040832520e-01,9.241174161434173584e-02,-5.646314620971679688e-01,3.314252244308590889e-04,5.885806083679199219e-01,-5.326550006866455078e-01,3.656049072742462158e-01,-4.344164729118347168e-01,8.101472258567810059e-01,5.802413225173950195e-01,-8.337811231613159180e-01,-4.952009767293930054e-02,6.378493905067443848e-01,6.983511447906494141e-01,1.089441999793052673e-01,5.003247782588005066e-02,-6.231021285057067871e-01,6.125933527946472168e-01,7.220157384872436523e-01,-2.031598389148712158e-01,-7.703125476837158203e-01,7.346319556236267090e-01,-4.537311494350433350e-01,-2.728081643581390381e-01,7.797156572341918945e-01,-3.570206463336944580e-01,-4.902118742465972900e-01,-7.000928521156311035e-01,-7.486932277679443359e-01,4.406184256076812744e-01,5.827600359916687012e-01,6.049697995185852051e-01,-5.434146896004676819e-02,-5.579584240913391113e-01
-1.167734852060675621e-03,6.979115307331085205e-02,-6.289252638816833496e-01,6.336619257926940918e-01,2.254459261894226074e-01,3.077683784067630768e-02,8.326779305934906006e-02,4.752615839242935181e-02,2.333104610443115234e-01,3.283660709857940674e-01,-4.814099892973899841e-02,-2.795842289924621582e-01,3.888305127620697021e-01,5.677240490913391113e-01,5.757800340652465820e-01,4.796418249607086182e-01,1.335137640126049519e-03,4.002883434295654297e-01,-5.465599298477172852e-01,-4.488516449928283691e-01,-4.421331286430358887e-01,5.229949355125427246e-01,5.274880528450012207e-01,-2.109057009220123291e-01,7.836129516363143921e-02,4.463490843772888184e-01,-5.439060926437377930e-01,-9.339759498834609985e-02,4.708786308765411377e-01,-1.206292212009429932e-01,9.762952476739883423e-02,-6.638474464416503906e-01,5.660957098007202148e-01,4.328866302967071533e-01,-1.545281428843736649e-02,-5.563199520111083984e-01,2.271131873130798340e-01,4.551698863506317139e-01,-2.032323628664016724e-01,-5.131738185882568359e-01,4.658657312393188477e-01,1.143871396780014038e-01,5.250662565231323242e-01,1.215422004461288452e-01,-2.074859105050563812e-02,-4.103955626487731934e-01,-6.182876229286193848e-01,-1.986855715513229370e-01,-4.268746450543403625e-02,8.572371676564216614e-03,1.123128309845924377e-01,-1.429122239351272583e-01,2.546526193618774414e-01,-4.995353985577821732e-03,4.554017633199691772e-02,-6.069048047065734863e-01,1.964576542377471924e-01,4.392809793353080750e-02,-3.959672152996063232e-01,-4.191750288009643555e-01,-1.611549407243728638e-01,2.250141501426696777e-01,2.658607810735702515e-02,2.026542276144027710e-01,1.181839033961296082e-02,-1.500483155250549316e-01,2.548634707927703857e-01,4.679666459560394287e-01,-5.105142593383789062e-01,5.052814725786447525e-03,-4.297179579734802246e-01,-8.733254671096801758e-02,-2.339637428522109985e-01,5.982427597045898438e-01,-1.980995982885360718e-01,-5.521429181098937988e-01,-5.348456557840108871e-03,6.334489583969116211e-01,-3.297354280948638916e-01,-5.740987658500671387e-01,7.051415443420410156e-01,3.771035699173808098e-03,-3.865010738372802734e-01,3.719902364537119865e-03,-4.573075473308563232e-01,-5.009886622428894043e-01,1.826952844858169556e-01,1.508069597184658051e-02,4.095415472984313965e-01,3.697458803653717041e-01,-1.317198127508163452e-01,-2.777970135211944580e-01,-5.782905817031860352e-01,3.625221550464630127e-01,-5.801739692687988281e-01,2.693866379559040070e-02,3.921949267387390137e-01,-2.241938345832750201e-04,-3.625630140304565430e-01,2.994834184646606445e-01,-1.746823638677597046e-01,1.413819342851638794e-01,-6.898160576820373535e-01,-4.034875333309173584e-01,6.654397249221801758e-01,1.648062914609909058e-01,-6.663253307342529297e-01,-5.255618095397949219e-01,3.723970428109169006e-02,-3.963503241539001465e-02,6.059097647666931152e-01,-5.740010142326354980e-01,-5.946448445320129395e-01,2.208601832389831543e-01,5.523084998130798340e-01,-5.420348048210144043e-01,1.937023699283599854e-01,2.076452225446701050e-01,-5.908008217811584473e-01,3.239907920360565186e-01,3.900029361248016357e-01,5.463888049125671387e-01,5.863681435585021973e-01,-3.826376497745513916e-01,-4.290570020675659180e-01,-4.977257549762725830e-01,3.502485901117324829e-02,4.193911254405975342e-01
1.852127909660339355e-01,6.054161116480827332e-02,-4.212619066238403320e-01,2.254459261894226074e-01,4.057314395904541016e-01,-1.602635234594345093e-01,5.344471707940101624e-02,3.530350923538208008e-01,1.643496304750442505e-01,2.230585217475891113e-01,3.668330609798431396e-02,-2.215985655784606934e-01,4.028350114822387695e-01,2.826719284057617188e-01,4.745377898216247559e-01,5.372090935707092285e-01,-6.648343522101640701e-03,2.703866958618164062e-01,-2.170042842626571655e-01,-2.995975017547607422e-01,-5.139990895986557007e-02,3.651829063892364502e-01,2.512830793857574463e-01,-1.223707795143127441e-01,4.768085107207298279e-02,5.034790039062500000e-01,-4.862797558307647705e-01,-4.242589473724365234e-01,4.482352733612060547e-01,-2.832620739936828613e-01,2.772056683897972107e-02,-4.217074215412139893e-01,1.889057755470275879e-01,2.867461442947387695e-01,-3.979845345020294189e-02,-5.135043859481811523e-01,1.643359959125518799e-01,3.630597889423370361e-01,-5.235416889190673828e-01,-3.360995650291442871e-01,4.498997628688812256e-01,6.691893935203552246e-02,4.234867095947265625e-01,9.423668682575225830e-02,1.249240860342979431e-01,-3.821859061717987061e-01,-4.692298173904418945e-01,-1.485211253166198730e-01,-1.802163571119308472e-02,4.684563726186752319e-02,3.015357628464698792e-02,-1.918030530214309692e-01,1.861960440874099731e-01,-1.692072488367557526e-02,-2.205859571695327759e-01,-5.916674137115478516e-01,1.545629501342773438e-01,3.716444969177246094e-02,-2.451219260692596436e-01,-2.360037565231323242e-01,-1.448174472898244858e-02,-1.544532179832458496e-02,1.286218967288732529e-02,1.230990141630172729e-01,4.983203951269388199e-03,-1.025722920894622803e-01,1.894214749336242676e-01,5.304045677185058594e-01,-4.460391402244567871e-01,2.907415926456451416e-01,-4.284733533859252930e-01,-2.002574801445007324e-01,-3.010405041277408600e-02,4.304438531398773193e-01,-1.834297031164169312e-01,-4.541987478733062744e-01,-9.591951034963130951e-03,5.318988561630249023e-01,-6.402050610631704330e-03,-4.262373149394989014e-01,3.986425399780273438e-01,2.658971119672060013e-03,-4.618276357650756836e-01,7.042546640150249004e-04,-5.036033391952514648e-01,-4.276743531227111816e-01,3.527592718601226807e-01,1.764307543635368347e-02,3.087247014045715332e-01,3.055297136306762695e-01,-1.838196665048599243e-01,-1.571271714055910707e-04,-2.636362314224243164e-01,1.183625459671020508e-01,-3.667070567607879639e-01,-1.615550071001052856e-01,4.180773198604583740e-01,-1.945688272826373577e-04,-4.506362676620483398e-01,3.771560490131378174e-01,-2.431063950061798096e-01,3.875921070575714111e-01,-4.571680724620819092e-01,-3.311785757541656494e-01,4.641704261302947998e-01,-6.883267313241958618e-02,-1.866972148418426514e-01,-4.410879909992218018e-01,-2.000231593847274780e-01,-1.838412322103977203e-02,2.420003563165664673e-01,-1.467569470405578613e-01,-3.932752013206481934e-01,-6.253703683614730835e-02,5.838413834571838379e-01,-4.080011844635009766e-01,4.608853459358215332e-01,9.463709592819213867e-02,-5.206525921821594238e-01,1.387521624565124512e-01,2.616970241069793701e-01,3.603035509586334229e-01,4.576490521430969238e-01,-2.188901454210281372e-01,-2.966458201408386230e-01,-2.236057817935943604e-01,2.079786965623497963e-03,2.529424130916595459e-01
-2.077808827161788940e-01,-1.744651608169078827e-02,1.003671810030937195e-01,3.077683784067630768e-02,-1.602635234594345093e-01,2.672567367553710938e-01,-6.402194499969482422e-02,-1.674774140119552612e-01,-1.926991343498229980e-01,-1.132725030183792114e-01,6.365722417831420898e-02,5.783957988023757935e-02,-1.495172828435897827e-01,-1.317686028778553009e-02,-9.722855687141418457e-02,-1.877263337373733521e-01,3.706842195242643356e-03,-8.757577836513519287e-02,7.686104625463485718e-02,5.140969157218933105e-02,1.080872863531112671e-01,-3.301917389035224915e-02,-7.140084635466337204e-03,1.981845498085021973e-02,-2.240236476063728333e-02,-2.519145905971527100e-01,8.943349123001098633e-02,1.930164992809295654e-01,-9.910398721694946289e-02,1.108366623520851135e-01,5.013599991798400879e-02,1.238504871726036072e-01,-9.493809193372726440e-02,-1.406158879399299622e-02,8.899371139705181122e-03,1.421880871057510376e-01,-5.404491722583770752e-02,-1.426907926797866821e-01,2.416460961103439331e-01,7.663802057504653931e-02,-2.725680470466613770e-01,-3.145959228277206421e-02,-4.939537122845649719e-02,-2.108348906040191650e-02,1.131526604294776917e-01,8.113647252321243286e-02,1.503594368696212769e-01,4.227441549301147461e-02,-8.883990347385406494e-02,-2.181757800281047821e-02,6.916946917772293091e-02,-4.844330251216888428e-02,-1.325351744890213013e-01,-2.913938602432608604e-03,8.819419145584106445e-02,1.651768088340759277e-01,-4.052376002073287964e-02,-9.836978279054164886e-03,1.045284643769264221e-01,5.539846047759056091e-02,2.917379140853881836e-02,8.356831967830657959e-03,-1.542991260066628456e-03,-2.188404798507690430e-01,-1.433579996228218079e-02,4.139906913042068481e-02,4.680569469928741455e-02,-1.817721277475357056e-01,1.962522566318511963e-01,-1.120726019144058228e-01,1.894048154354095459e-01,-9.666625410318374634e-02,1.661347411572933197e-02,-1.474009901285171509e-01,1.608844995498657227e-01,1.495457142591476440e-01,4.786213394254446030e-03,-1.720604896545410156e-01,2.129429392516613007e-02,1.376179456710815430e-01,-1.298497170209884644e-01,-5.328298429958522320e-04,1.812583208084106445e-01,-1.827680855058133602e-03,2.442825287580490112e-01,1.047215983271598816e-01,-2.214293032884597778e-01,-5.776719655841588974e-03,-1.123705133795738220e-01,-1.141520068049430847e-01,9.344130009412765503e-02,-2.915883436799049377e-02,5.751951411366462708e-02,6.326226890087127686e-02,1.770456135272979736e-01,1.273850947618484497e-01,-9.360986202955245972e-02,8.239453018177300692e-05,1.115898489952087402e-01,-2.859028577804565430e-01,9.923949837684631348e-02,-2.851550281047821045e-01,1.345041245222091675e-01,1.203661710023880005e-01,-2.051708996295928955e-01,7.283508032560348511e-02,3.482430800795555115e-02,1.039885357022285461e-01,2.325685024261474609e-01,7.693293038755655289e-03,-5.064011551439762115e-03,-2.438610047101974487e-02,7.629618048667907715e-02,6.601251661777496338e-02,-1.745168864727020264e-01,2.046346068382263184e-01,-1.805260330438613892e-01,-1.968616154044866562e-03,2.089650779962539673e-01,-2.680461294949054718e-02,-3.037583641707897186e-02,-1.505096256732940674e-01,-1.670520007610321045e-01,9.178179316222667694e-03,-7.194756530225276947e-03,7.741773873567581177e-02,-2.404634607955813408e-03,-9.108258038759231567e-02
1.743472516536712646e-01,4.495673812925815582e-03,-1.334178447723388672e-01,8.326779305934906006e-02,5.344471707940101624e-02,-6.402194499969482422e-02,1.420473307371139526e-01,1.333363354206085205e-01,5.252037197351455688e-02,9.331496804952621460e-02,-1.167430207133293152e-01,-3.333975002169609070e-02,1.981861516833305359e-02,6.733056902885437012e-02,6.787008047103881836e-02,5.168167129158973694e-02,-2.479375805705785751e-03,4.749153554439544678e-02,-1.141827180981636047e-01,-6.857846677303314209e-02,-1.233161166310310364e-01,5.551563575863838196e-03,9.425012022256851196e-02,1.926105283200740814e-02,1.414714008569717407e-02,4.577510431408882141e-02,2.339333528652787209e-03,-1.658808812499046326e-02,1.122113987803459167e-01,-1.077406480908393860e-01,-9.600163437426090240e-03,-5.711420252919197083e-02,1.296764165163040161e-01,8.517739176750183105e-02,-5.038645118474960327e-03,-3.141157701611518860e-02,2.353934757411479950e-02,9.528829157352447510e-02,-1.127186119556427002e-01,-1.576988995075225830e-01,1.270460486412048340e-01,4.141353815793991089e-02,7.798872422426939011e-03,2.354254573583602905e-02,-1.099295541644096375e-01,-3.037711232900619507e-02,-1.475050300359725952e-01,-4.439249634742736816e-02,5.468740314245223999e-02,-4.546133801341056824e-02,-2.243675477802753448e-02,-3.947358578443527222e-02,1.122064366936683655e-01,4.692299291491508484e-03,-2.095350064337253571e-02,-1.029898524284362793e-01,4.011156409978866577e-02,7.483346387743949890e-03,-8.778262138366699219e-02,-6.348379701375961304e-02,-4.630936309695243835e-02,3.052410297095775604e-02,2.756842644885182381e-03,1.803314685821533203e-01,-2.403477206826210022e-02,-1.757395826280117035e-02,-1.016032025218009949e-01,7.746983319520950317e-02,-1.073246896266937256e-01,9.795784018933773041e-03,-1.544856429100036621e-01,1.820057071745395660e-02,-1.193887367844581604e-02,1.159071698784828186e-01,-8.974339067935943604e-02,-1.175370886921882629e-01,-6.764481076970696449e-04,1.354198157787322998e-01,-1.223245263099670410e-01,-7.054135948419570923e-02,1.539307087659835815e-01,4.216519300825893879e-04,-1.402829438447952271e-01,-1.674779807217419147e-03,-1.299750804901123047e-01,-3.439685329794883728e-02,2.110880613327026367e-01,1.295748050324618816e-03,-2.860708534717559814e-02,7.485336810350418091e-02,-8.481207489967346191e-02,1.506555010564625263e-03,-3.576606512069702148e-02,-7.694824039936065674e-02,-1.359574645757675171e-01,-1.093249469995498657e-01,1.003099009394645691e-01,-6.839252455392852426e-05,-6.614875979721546173e-03,1.727311611175537109e-01,-1.010143533349037170e-01,1.421419829130172729e-01,-7.938617467880249023e-02,-7.036358118057250977e-02,1.610951721668243408e-01,1.797214746475219727e-01,-1.016910672187805176e-01,-6.105586653575301170e-04,-1.452046036720275879e-01,-1.356304273940622807e-03,-1.356604974716901779e-02,-1.119589582085609436e-01,-3.636427223682403564e-02,6.970892101526260376e-02,1.228622421622276306e-01,-1.593348234891891479e-01,5.035158246755599976e-02,5.131329968571662903e-02,-1.943120211362838745e-01,2.844439819455146790e-02,2.376268990337848663e-02,1.262947916984558105e-01,1.228100955486297607e-01,5.440753698348999023e-02,7.357751019299030304e-04,-9.447567909955978394e-02,3.383318893611431122e-03,1.296485960483551025e-01
4.122681915760040283e-01,2.828126028180122375e-02,-2.485190629959106445e-01,4.752615839242935181e-02,3.530350923538208008e-01,-1.674774140119552612e-01,1.333363354206085205e-01,5.740832686424255371e-01,6.832288205623626709e-02,1.450718045234680176e-01,-2.203685790300369263e-02,-1.578632593154907227e-01,1.898102313280105591e-01,1.673800051212310791e-01,3.174479901790618896e-01,3.688910603523254395e-01,-8.895559236407279968e-03,9.670866280794143677e-02,-2.454328723251819611e-02,-1.655109524726867676e-01,9.377612173557281494e-02,1.822872906923294067e-01,1.176751554012298584e-01,-4.720931500196456909e-02,2.401901409029960632e-02,2.792063951492309570e-01,-2.021391987800598145e-01,-4.081705212593078613e-01,3.569022119045257568e-01,-3.368001580238342285e-01,-5.425193533301353455e-02,-1.440366804599761963e-01,-2.017235569655895233e-02,2.389254570007324219e-01,-5.004003643989562988e-02,-3.014263510704040527e-01,7.801888883113861084e-02,2.432095259428024292e-01,-5.684506297111511230e-01,-3.445246517658233643e-01,3.166995346546173096e-01,5.923956260085105896e-02,1.630536913871765137e-01,6.962811201810836792e-02,1.433067917823791504e-01,-2.156768143177032471e-01,-3.295378983020782471e-01,-1.315226256847381592e-01,2.310892567038536072e-02,-9.153655916452407837e-02,-4.384312406182289124e-02,-2.435096651315689087e-01,2.018093615770339966e-01,-9.220412373542785645e-02,-2.882581055164337158e-01,-4.149575531482696533e-01,1.544746756553649902e-01,2.883017063140869141e-02,-5.100196972489356995e-02,-1.176225617527961731e-01,1.128327194601297379e-02,-1.079572811722755432e-01,4.632728639990091324e-03,1.108662113547325134e-01,-2.128369547426700592e-02,-3.931939601898193359e-02,-6.605555117130279541e-02,3.776432275772094727e-01,-3.210372328758239746e-01,2.983604371547698975e-01,-3.964519202709197998e-01,-2.232280969619750977e-01,6.899090856313705444e-02,2.943703830242156982e-01,-1.425704658031463623e-01,-2.933184504508972168e-01,-6.694811396300792694e-03,3.521465361118316650e-01,-6.215115077793598175e-03,-2.288473993539810181e-01,2.144779413938522339e-01,1.685060211457312107e-03,-4.266323745250701904e-01,-3.535541007295250893e-03,-4.096998870372772217e-01,-2.029469758272171021e-01,4.491772353649139404e-01,1.239578519016504288e-02,5.018553510308265686e-02,2.268467396497726440e-01,-2.057122439146041870e-01,1.657725721597671509e-01,9.176183491945266724e-03,-1.306007653474807739e-01,-2.023701071739196777e-01,-3.262183070182800293e-01,3.562497496604919434e-01,-1.664220326347276568e-04,-3.286499083042144775e-01,3.898647725582122803e-01,-3.216412365436553955e-01,4.601102769374847412e-01,-1.998303532600402832e-01,-2.195961475372314453e-01,2.330841720104217529e-01,9.816716611385345459e-02,8.728218823671340942e-02,-1.858008205890655518e-01,-3.255768716335296631e-01,5.136704072356224060e-03,-1.488947216421365738e-02,9.913679212331771851e-03,-1.679939776659011841e-01,-5.485656112432479858e-02,4.385478198528289795e-01,-2.676056623458862305e-01,4.708806276321411133e-01,6.305210292339324951e-02,-4.501773715019226074e-01,1.128617860376834869e-02,7.317396998405456543e-02,2.350499033927917480e-01,2.744361758232116699e-01,7.363503426313400269e-02,-1.551130861043930054e-01,-8.611266314983367920e-02,-8.798890747129917145e-03,1.779685616493225098e-01
1.358538568019866943e-01,4.128132387995719910e-02,-3.399092555046081543e-01,2.333104610443115234e-01,1.643496304750442505e-01,-1.926991343498229980e-01,5.252037197351455688e-02,6.832288205623626709e-02,3.066855072975158691e-01,2.279321253299713135e-01,-5.709764361381530762e-02,-1.610370874404907227e-01,2.779137194156646729e-01,2.807101309299468994e-01,3.093722164630889893e-01,3.405809998512268066e-01,-1.097975298762321472e-03,2.053647488355636597e-01,-3.020661473274230957e-01,-2.307984977960586548e-01,-3.508169054985046387e-01,2.610085606575012207e-01,2.283183783292770386e-01,-1.362926661968231201e-01,5.437059700489044189e-02,3.976455628871917725e-01,-3.063413798809051514e-01,-1.474160701036453247e-01,2.399174869060516357e-01,-9.420938789844512939e-02,-1.090531982481479645e-02,-4.311576783657073975e-01,3.394811749458312988e-01,1.916059553623199463e-01,-7.798016536980867386e-03,-3.599113821983337402e-01,1.403995603322982788e-01,2.925139069557189941e-01,-1.993041187524795532e-01,-2.616268694400787354e-01,4.056484997272491455e-01,6.845855712890625000e-02,2.460265010595321655e-01,6.209286674857139587e-02,-1.343354731798171997e-01,-2.360893487930297852e-01,-3.573946654796600342e-01,-1.044353246688842773e-01,5.975577235221862793e-02,-2.312716841697692871e-02,-1.458087749779224396e-02,3.664800152182579041e-02,2.160357087850570679e-01,-1.968315802514553070e-02,-6.146755069494247437e-03,-3.687487542629241943e-01,1.071527600288391113e-01,2.454910613596439362e-02,-2.204504460096359253e-01,-2.128255218267440796e-01,-1.098624765872955322e-01,1.252103000879287720e-01,1.309855747967958450e-02,2.658783793449401855e-01,2.577212639153003693e-02,-9.632620960474014282e-02,5.761813744902610779e-02,3.112602531909942627e-01,-3.835867345333099365e-01,3.348962590098381042e-02,-2.916217148303985596e-01,7.114612311124801636e-02,-1.526242941617965698e-01,3.728559613227844238e-01,-2.042805999517440796e-01,-3.260074853897094727e-01,-5.465311929583549500e-03,4.048541486263275146e-01,-1.600634604692459106e-01,-3.738300800323486328e-01,4.261448085308074951e-01,2.028708113357424736e-03,-2.509415447711944580e-01,4.522596951574087143e-03,-3.535421490669250488e-01,-2.684430778026580811e-01,2.022370845079421997e-01,9.897721931338310242e-03,2.988920807838439941e-01,2.374331057071685791e-01,-8.780100941658020020e-02,-1.247965395450592041e-01,-3.184637129306793213e-01,1.365386396646499634e-01,-3.917521536350250244e-01,-5.553845688700675964e-02,1.702144145965576172e-01,-1.477976620662957430e-04,-2.273346483707427979e-01,3.268865346908569336e-01,-1.331587433815002441e-01,2.627909779548645020e-01,-4.264016747474670410e-01,-2.550426721572875977e-01,4.581697583198547363e-01,-2.534845471382141113e-02,-3.488831520080566406e-01,-3.051733374595642090e-01,-1.194774955511093140e-01,-2.736763842403888702e-02,3.385502398014068604e-01,-2.537723779678344727e-01,-3.221124410629272461e-01,7.566877454519271851e-02,3.148133158683776855e-01,-3.982910811901092529e-01,1.794881373643875122e-01,8.309967815876007080e-02,-3.905677497386932373e-01,1.710840761661529541e-01,1.576234400272369385e-01,3.605265915393829346e-01,3.701118230819702148e-01,-1.743496954441070557e-01,-1.912438571453094482e-01,-3.045324683189392090e-01,3.238650411367416382e-02,2.368475496768951416e-01
1.149518415331840515e-01,5.019008368253707886e-02,-4.511409401893615723e-01,3.283660709857940674e-01,2.230585217475891113e-01,-1.132725030183792114e-01,9.331496804952621460e-02,1.450718045234680176e-01,2.279321253299713135e-01,2.576634287834167480e-01,-4.182638972997665405e-02,-1.989644020795822144e-01,3.372523188591003418e-01,3.424921929836273193e-01,4.037485420703887939e-01,4.137047529220581055e-01,-3.049942431971430779e-03,2.530064582824707031e-01,-3.568001985549926758e-01,-3.102741241455078125e-01,-2.825291752815246582e-01,3.360886275768280029e-01,3.319713175296783447e-01,-1.517292559146881104e-01,5.786368250846862793e-02,4.270380735397338867e-01,-4.050534367561340332e-01,-1.871245950460433960e-01,3.908157050609588623e-01,-1.794975996017456055e-01,3.742549195885658264e-02,-4.772119522094726562e-01,3.579310774803161621e-01,3.046920597553253174e-01,-1.947525329887866974e-02,-4.387997090816497803e-01,1.655595004558563232e-01,3.551407754421234131e-01,-2.968688905239105225e-01,-3.324674963951110840e-01,4.152553379535675049e-01,7.407189905643463135e-02,3.556824624538421631e-01,8.714999258518218994e-02,-4.693308845162391663e-02,-3.405728936195373535e-01,-4.625254273414611816e-01,-1.256668269634246826e-01,2.225145138800144196e-02,-4.658580943942070007e-02,3.665003553032875061e-02,-7.936888933181762695e-02,2.047588080167770386e-01,-1.024582702666521072e-02,-6.421326845884323120e-02,-4.930924773216247559e-01,1.401710659265518188e-01,3.341460600495338440e-02,-2.673254013061523438e-01,-2.616123557090759277e-01,-9.249318391084671021e-02,1.124570593237876892e-01,1.513682678341865540e-02,2.286636829376220703e-01,-8.519142866134643555e-04,-1.088251546025276184e-01,1.129057854413986206e-01,3.960129320621490479e-01,-4.366497993469238281e-01,8.003510534763336182e-02,-3.760671317577362061e-01,-8.621921390295028687e-02,-1.304566711187362671e-01,4.440042972564697266e-01,-1.857813894748687744e-01,-4.069992303848266602e-01,-6.552321836352348328e-03,5.201515555381774902e-01,-1.508795768022537231e-01,-4.352547228336334229e-01,5.031162500381469727e-01,2.608251292258501053e-03,-3.510346412658691406e-01,2.558062551543116570e-03,-3.997824192047119141e-01,-3.578369915485382080e-01,2.838152647018432617e-01,1.320777926594018936e-02,3.047347366809844971e-01,2.899050116539001465e-01,-1.222804859280586243e-01,-1.125738844275474548e-01,-3.585167229175567627e-01,1.536744534969329834e-01,-4.350053668022155762e-01,-7.079002261161804199e-02,2.852137386798858643e-01,-1.831082336138933897e-04,-3.020051419734954834e-01,3.398709595203399658e-01,-1.985185593366622925e-01,2.811104357242584229e-01,-4.929098486900329590e-01,-3.104098141193389893e-01,5.404728651046752930e-01,3.674553707242012024e-02,-3.850755393505096436e-01,-3.835602700710296631e-01,-1.062683910131454468e-01,-2.736393362283706665e-02,3.462407290935516357e-01,-3.312382698059082031e-01,-3.950805068016052246e-01,1.101261675357818604e-01,4.550545513629913330e-01,-4.539221227169036865e-01,2.420610040426254272e-01,1.396039873361587524e-01,-4.873736202716827393e-01,1.899987161159515381e-01,2.393945008516311646e-01,4.036988914012908936e-01,4.439895749092102051e-01,-2.103743106126785278e-01,-2.806660234928131104e-01,-3.329123556613922119e-01,3.082983754575252533e-02,3.060265183448791504e-01
-1.603363603353500366e-01,1.044542435556650162e-02,9.063473902642726898e-03,-4.814099892973899841e-02,3.668330609798431396e-02,6.365722417831420898e-02,-1.167430207133293152e-01,-2.203685790300369263e-02,-5.709764361381530762e-02,-4.182638972997665405e-02,1.727350652217864990e-01,-2.524315752089023590e-02,1.102653890848159790e-01,-2.060333645204082131e-04,4.834775254130363464e-02,1.011430323123931885e-01,-1.019207993522286415e-03,-8.784073404967784882e-03,6.807489693164825439e-02,-3.276043757796287537e-02,1.962562352418899536e-01,1.018557846546173096e-01,-1.001228229142725468e-03,-8.171115815639495850e-02,-3.958512563258409500e-03,9.417642652988433838e-02,-1.573123931884765625e-01,-1.139596700668334961e-01,7.325325906276702881e-02,-1.188468374311923981e-02,4.390804469585418701e-02,-4.264124110341072083e-02,-1.332232654094696045e-01,4.700174927711486816e-02,-1.286868657916784286e-02,-1.240242794156074524e-01,2.246615290641784668e-02,5.532351322472095490e-03,-6.487356126308441162e-02,1.090885698795318604e-01,-5.375476181507110596e-02,-4.581572115421295166e-02,1.303608268499374390e-01,5.782651714980602264e-03,2.060023248195648193e-01,-1.406942009925842285e-01,2.943786047399044037e-02,3.122950531542301178e-02,-7.258157432079315186e-02,-2.659116126596927643e-02,6.362777948379516602e-02,-4.567287117242813110e-02,-1.124894544482231140e-01,-1.279702875763177872e-02,-8.896954357624053955e-02,-7.248404622077941895e-02,5.222460720688104630e-03,5.007244646549224854e-03,5.365826189517974854e-02,1.910778135061264038e-02,7.158064097166061401e-02,-5.593771487474441528e-02,-1.341059803962707520e-03,-1.988490670919418335e-01,6.961327511817216873e-03,-6.512325257062911987e-03,1.543207317590713501e-01,6.251195073127746582e-02,-2.912738919258117676e-02,7.438970357179641724e-02,3.576018661260604858e-02,-2.035266757011413574e-01,2.435038052499294281e-02,-8.495985530316829681e-03,8.599371463060379028e-02,2.246179990470409393e-02,-2.771364059299230576e-03,3.428164124488830566e-02,1.988829523324966431e-01,-4.664519801735877991e-02,-6.953276693820953369e-02,4.030261770822107792e-04,1.628314494155347347e-03,9.560655453242361546e-04,3.401932120323181152e-02,-8.415480703115463257e-02,-7.401222735643386841e-02,4.818392917513847351e-03,1.077123060822486877e-01,1.508081518113613129e-02,5.968800559639930725e-02,4.198750108480453491e-02,-1.916496269404888153e-02,9.006521850824356079e-02,6.193434819579124451e-02,6.248844042420387268e-02,9.337479132227599621e-04,1.504512511019129306e-05,-1.363600045442581177e-01,-9.431944042444229126e-02,-9.845135733485221863e-03,-1.976475492119789124e-02,-2.460384927690029144e-02,-2.167037874460220337e-02,-3.158909082412719727e-02,-2.364265471696853638e-01,1.113977134227752686e-01,-1.337585300207138062e-01,1.201003938913345337e-01,-2.701892284676432610e-03,4.418805986642837524e-02,6.483909487724304199e-02,-5.921354889869689941e-02,-5.258756875991821289e-02,4.554166272282600403e-02,6.007745862007141113e-02,9.331052005290985107e-02,-7.074841996654868126e-04,6.769247353076934814e-02,-1.370106916874647141e-02,5.076791718602180481e-02,-4.802468046545982361e-02,-2.218623273074626923e-02,-9.332831948995590210e-02,-1.231382414698600769e-01,5.041913688182830811e-02,8.436284027993679047e-03,-5.559363961219787598e-02
-7.322635501623153687e-02,-4.624485969543457031e-02,3.823780119419097900e-01,-2.795842289924621582e-01,-2.215985655784606934e-01,5.783957988023757935e-02,-3.333975002169609070e-02,-1.578632593154907227e-01,-1.610370874404907227e-01,-1.989644020795822144e-01,-2.524315752089023590e-02,1.898599267005920410e-01,-3.046316802501678467e-01,-3.205881118774414062e-01,-3.881677985191345215e-01,-3.962135314941406250e-01,2.353411866351962090e-03,-2.123902291059494019e-01,2.602277696132659912e-01,2.753735482692718506e-01,1.621397882699966431e-01,-3.385469615459442139e-01,-2.819176614284515381e-01,1.541099101305007935e-01,-4.686293751001358032e-02,-3.759607076644897461e-01,3.944669961929321289e-01,2.115785926580429077e-01,-3.560854792594909668e-01,1.563117802143096924e-01,-3.501826524734497070e-02,4.163038134574890137e-01,-2.425551712512969971e-01,-2.834268808364868164e-01,2.444718591868877411e-02,4.244443178176879883e-01,-1.451938301324844360e-01,-3.020049333572387695e-01,2.894881069660186768e-01,2.941999137401580811e-01,-3.329704999923706055e-01,-5.551598966121673584e-02,-3.452832996845245361e-01,-7.893019914627075195e-02,-6.341654807329177856e-02,3.222931325435638428e-01,3.948560953140258789e-01,1.153256222605705261e-01,1.972189545631408691e-02,4.372066259384155273e-02,-4.628763720393180847e-02,1.146652847528457642e-01,-1.532331258058547974e-01,3.297167643904685974e-02,8.959456533193588257e-02,4.585263729095458984e-01,-1.361907422542572021e-01,-3.118142113089561462e-02,1.897414475679397583e-01,2.241840064525604248e-01,5.694861710071563721e-02,-6.772684305906295776e-02,-1.343407854437828064e-02,-1.006045415997505188e-01,-6.005132105201482773e-03,9.103208780288696289e-02,-1.448202878236770630e-01,-3.693944811820983887e-01,3.784752190113067627e-01,-1.084981486201286316e-01,3.152441978454589844e-01,1.479509919881820679e-01,9.851115942001342773e-02,-3.870095908641815186e-01,1.258499175310134888e-01,3.493509292602539062e-01,6.032590754330158234e-03,-4.516010582447052002e-01,8.238344639539718628e-02,3.885894417762756348e-01,-4.085639715194702148e-01,-2.449937397614121437e-03,3.062433004379272461e-01,-2.038270700722932816e-03,3.457632362842559814e-01,3.328419625759124756e-01,-2.036669552326202393e-01,-1.282672397792339325e-02,-2.795124351978302002e-01,-2.543663680553436279e-01,9.513253718614578247e-02,7.781255990266799927e-02,2.979851663112640381e-01,-1.652388870716094971e-01,3.415979743003845215e-01,5.817146971821784973e-02,-2.658602893352508545e-01,1.537287316750735044e-04,3.208362460136413574e-01,-2.545951902866363525e-01,1.808391064405441284e-01,-2.270819991827011108e-01,4.320730566978454590e-01,2.715869843959808350e-01,-4.244896769523620605e-01,1.386425085365772247e-02,2.785886526107788086e-01,3.681477606296539307e-01,4.973604530096054077e-02,2.169658057391643524e-02,-3.248160779476165771e-01,2.514390945434570312e-01,3.645418584346771240e-01,-7.081350684165954590e-02,-4.150121212005615234e-01,3.530505895614624023e-01,-2.646047770977020264e-01,-1.130410656332969666e-01,4.090713262557983398e-01,-1.585647016763687134e-01,-2.157860845327377319e-01,-3.320709764957427979e-01,-3.741116821765899658e-01,2.004300504922866821e-01,2.916415333747863770e-01,2.629091143608093262e-01,-2.420786954462528229e-02,-2.346432805061340332e-01
