4.446778893470764160e-01,-9.952983818948268890e-03,1.472925096750259399e-01,-2.372691035270690918e-01,2.947991192340850830e-01,-3.736601471900939941e-01,9.876874834299087524e-02,3.790204524993896484e-01,3.940882533788681030e-02,-3.359870240092277527e-02,-2.451130598783493042e-01,-1.245359033346176147e-01,-1.786646246910095215e-01,-8.096717298030853271e-02,-7.669698446989059448e-02,1.622628718614578247e-01,8.069874718785285950e-03,-1.618481427431106567e-01,1.381918787956237793e-01,-6.867542862892150879e-02,-1.629562824964523315e-01,-2.576763629913330078e-01,-1.970665454864501953e-01,1.224543377757072449e-01,1.613331958651542664e-02,1.167311519384384155e-01,6.216475740075111389e-02,-3.314517140388488770e-01,-1.473858952522277832e-02,-7.067642360925674438e-02,-1.835742294788360596e-01,-6.643752567470073700e-03,-1.569992303848266602e-01,3.001767583191394806e-02,-1.393793430179357529e-02,7.639198098331689835e-03,3.521497175097465515e-02,-1.722805015742778778e-02,-1.909042298793792725e-01,-2.566087841987609863e-01,6.451861560344696045e-02,1.060381755232810974e-01,-1.871638149023056030e-01,-1.884670928120613098e-02,-7.489842362701892853e-03,2.868376970291137695e-01,4.982963204383850098e-02,9.599688462913036346e-03,1.652737557888031006e-01,-1.295711845159530640e-01,-2.111869007349014282e-01,-2.060508280992507935e-01,1.738337725400924683e-01,1.630215719342231750e-02,4.952358454465866089e-02,-4.582051560282707214e-02,1.338642537593841553e-01,4.469093400985002518e-04,2.005154788494110107e-01,2.424196898937225342e-01,-1.264184117317199707e-01,2.011803239583969116e-01,-6.212842650711536407e-03,1.931340545415878296e-01,8.171166479587554932e-02,2.104803221300244331e-03,-3.643203973770141602e-01,5.423134937882423401e-02,2.506422623991966248e-02,2.526308298110961914e-01,-1.661794781684875488e-01,2.429394274950027466e-01,-2.743329294025897980e-02,-1.076745167374610901e-01,-1.411330550909042358e-01,-7.442086189985275269e-02,1.161597552709281445e-03,-8.559085428714752197e-02,9.593863040208816528e-02,-3.226494416594505310e-02,3.115518949925899506e-02,-3.292428300483152270e-05,-1.034007743000984192e-01,-8.925158181227743626e-04,-2.659731507301330566e-01,1.883209049701690674e-01,2.541013062000274658e-01,2.041797619313001633e-03,-1.589906364679336548e-01,9.649366140365600586e-02,-1.526321172714233398e-01,3.212292790412902832e-01,1.719870120286941528e-01,-1.673868298530578613e-01,-1.901540905237197876e-02,-3.367319107055664062e-01,-7.893649488687515259e-02,-1.029182203637901694e-05,-1.121530979871749878e-01,7.189253717660903931e-02,-3.417905271053314209e-01,2.951432168483734131e-01,6.775079295039176941e-03,-7.726582884788513184e-02,-1.344814151525497437e-01,1.126926988363265991e-01,2.084750384092330933e-01,2.155989557504653931e-01,-3.929885029792785645e-01,9.529714472591876984e-03,-5.499615147709846497e-02,2.337357550859451294e-01,9.420803189277648926e-02,5.207854509353637695e-02,-2.189796045422554016e-02,1.461837347596883774e-02,3.013254702091217041e-01,-1.791884154081344604e-01,-7.350315153598785400e-02,-1.300300955772399902e-01,-2.086657881736755371e-01,-2.511318959295749664e-02,3.954883292317390442e-02,3.257549107074737549e-01,-1.087312325835227966e-01,1.676845252513885498e-01,4.730802774429321289e-02,6.117089092731475830e-02
-9.952983818948268890e-03,1.335092913359403610e-02,-1.007841974496841431e-01,8.512858301401138306e-02,4.905312880873680115e-02,-8.351802825927734375e-03,-2.571459859609603882e-02,4.060573875904083252e-02,8.137945830821990967e-02,7.251253724098205566e-02,-1.499988604336977005e-02,-4.273105785250663757e-02,8.588603138923645020e-02,7.959371805191040039e-02,9.826681017875671387e-02,1.019942611455917358e-01,-1.738307066261768341e-03,7.992046326398849487e-02,-9.593393653631210327e-02,-5.698820203542709351e-02,-6.176323443651199341e-02,8.026345074176788330e-02,7.053519040346145630e-02,-2.762938290834426880e-02,1.770253852009773254e-02,9.187182039022445679e-02,-9.240565448999404907e-02,-2.881742268800735474e-02,8.445838838815689087e-02,8.959307335317134857e-03,1.838115509599447250e-03,-1.144811883568763733e-01,7.236991822719573975e-02,7.266078144311904907e-02,-2.120597986504435539e-03,-1.053775995969772339e-01,7.674790918827056885e-02,1.002503633499145508e-01,-7.528948038816452026e-02,-6.643638014793395996e-02,1.021970659494400024e-01,1.286648400127887726e-02,9.301564842462539673e-02,3.536073490977287292e-02,-2.915759757161140442e-02,-8.169374614953994751e-02,-1.000460386276245117e-01,-3.784452378749847412e-02,-1.502532744780182838e-03,2.268599532544612885e-02,-3.125595627352595329e-03,2.247294597327709198e-02,6.673851609230041504e-02,-1.289600506424903870e-02,-5.293620750308036804e-03,-1.068816184997558594e-01,4.657402262091636658e-02,4.252286162227392197e-03,-9.164883941411972046e-02,-8.203449100255966187e-02,-6.334625184535980225e-03,-2.112360298633575439e-02,2.981675323098897934e-03,2.269154973328113556e-02,1.916818879544734955e-02,-3.918780013918876648e-02,4.786051809787750244e-02,1.031396687030792236e-01,-1.028645485639572144e-01,3.324898704886436462e-02,-8.591588586568832397e-02,-8.444847539067268372e-03,-3.785379976034164429e-02,9.872846305370330811e-02,-4.202901199460029602e-02,-1.001853495836257935e-01,-3.421808360144495964e-04,1.056447327136993408e-01,-4.595763236284255981e-02,-9.079621732234954834e-02,1.015910431742668152e-01,8.272497507277876139e-05,-8.857337385416030884e-02,2.408387954346835613e-04,-8.911196142435073853e-02,-9.901665151119232178e-02,2.716948278248310089e-02,1.123568508774042130e-03,8.849986642599105835e-02,7.040062546730041504e-02,-2.979405783116817474e-02,-3.852793201804161072e-02,-9.527546912431716919e-02,4.480601847171783447e-02,-9.258858114480972290e-02,9.292284958064556122e-03,6.693719327449798584e-02,-1.654568961839686381e-07,-7.856471091508865356e-02,8.339775353670120239e-02,-1.721608825027942657e-02,5.362700298428535461e-02,-1.048820614814758301e-01,-9.467544406652450562e-02,1.158190146088600159e-01,6.712591741234064102e-03,-9.843262284994125366e-02,-9.839221090078353882e-02,-1.888889446854591370e-02,-2.557412721216678619e-03,8.176272362470626831e-02,-8.794276416301727295e-02,-1.024102792143821716e-01,-1.140618510544300079e-02,1.045388057827949524e-01,-9.910493344068527222e-02,3.515191003680229187e-02,6.015257909893989563e-02,-1.032624170184135437e-01,6.896752119064331055e-02,8.801450580358505249e-02,9.195015579462051392e-02,8.533642441034317017e-02,-7.738474756479263306e-02,-3.892126306891441345e-02,-6.624607741832733154e-02,-4.057164303958415985e-03,7.738452404737472534e-02
1.472925096750259399e-01,-1.007841974496841431e-01,7.726796269416809082e-01,-6.809197068214416504e-01,-3.711572587490081787e-01,-1.173674687743186951e-02,1.900998502969741821e-01,-3.086789846420288086e-01,-5.625814199447631836e-01,-5.791804790496826172e-01,9.253053367137908936e-02,3.469157218933105469e-01,-6.518661975860595703e-01,-6.286327242851257324e-01,-7.460779547691345215e-01,-7.032570838928222656e-01,1.458914764225482941e-02,-6.222361922264099121e-01,7.287178635597229004e-01,4.652828872203826904e-01,3.945338129997253418e-01,-6.582176685333251953e-01,-6.088759303092956543e-01,2.444047331809997559e-01,-1.396264880895614624e-01,-6.420703530311584473e-01,7.021310329437255859e-01,1.948219537734985352e-01,-6.762117147445678711e-01,-6.254945695400238037e-02,-3.544597700238227844e-02,7.798843383789062500e-01,-5.354253649711608887e-01,-6.045706868171691895e-01,2.097997441887855530e-02,7.502796053886413574e-01,-6.097126007080078125e-01,-7.501015663146972656e-01,5.467953681945800781e-01,4.877589643001556396e-01,-7.097785472869873047e-01,-7.862102985382080078e-02,-7.250331044197082520e-01,-2.987658381462097168e-01,1.722520887851715088e-01,6.680576801300048828e-01,7.589858174324035645e-01,3.045146167278289795e-01,5.523490905761718750e-02,-1.305209547281265259e-01,7.399865891784429550e-03,-1.217376068234443665e-01,-4.729925692081451416e-01,9.421988576650619507e-02,7.710451632738113403e-02,7.755194306373596191e-01,-3.833914101123809814e-01,-3.599709272384643555e-02,6.951651573181152344e-01,6.341956257820129395e-01,1.787742227315902710e-02,2.093925476074218750e-01,-2.292646281421184540e-02,-1.257463842630386353e-01,-1.108409613370895386e-01,3.134326338768005371e-01,-3.896265923976898193e-01,-7.414773702621459961e-01,7.505220174789428711e-01,-2.532226741313934326e-01,6.457654237747192383e-01,1.556860953569412231e-01,2.753945887088775635e-01,-7.507107257843017578e-01,2.659919559955596924e-01,7.261077761650085449e-01,2.855348167940974236e-03,-7.950564622879028320e-01,3.603447675704956055e-01,6.831505298614501953e-01,-7.423843145370483398e-01,-6.960706668905913830e-04,6.733799576759338379e-01,-4.961679223924875259e-04,6.190565824508666992e-01,7.610285282135009766e-01,-2.251759916543960571e-01,-9.419240988790988922e-03,-6.629196405410766602e-01,-5.706992745399475098e-01,2.196937352418899536e-01,2.747116982936859131e-01,7.050504088401794434e-01,-3.526851832866668701e-01,6.911385655403137207e-01,-9.272681176662445068e-02,-5.573143959045410156e-01,1.893502371785871219e-06,5.976231694221496582e-01,-6.176970601081848145e-01,1.680850982666015625e-01,-3.822816312313079834e-01,7.529805898666381836e-01,7.049196362495422363e-01,-8.206367492675781250e-01,-7.603305578231811523e-02,6.855030059814453125e-01,7.401544451713562012e-01,1.066095903515815735e-01,1.724459230899810791e-02,-5.849255919456481934e-01,6.888242959976196289e-01,7.611225247383117676e-01,5.585346370935440063e-02,-7.854748964309692383e-01,7.261534333229064941e-01,-2.530349493026733398e-01,-5.337753295898437500e-01,7.554583549499511719e-01,-5.491166710853576660e-01,-6.971261501312255859e-01,-6.686627864837646484e-01,-6.353148221969604492e-01,6.023018360137939453e-01,3.484796881675720215e-01,5.328608155250549316e-01,3.131578490138053894e-02,-6.174864172935485840e-01
-2.372691035270690918e-01,8.512858301401138306e-02,-6.809197068214416504e-01,7.424690127372741699e-01,1.578167974948883057e-01,1.385094076395034790e-01,-1.659549325704574585e-01,7.474833726882934570e-02,5.234031677246093750e-01,4.849389791488647461e-01,-1.849834620952606201e-01,-2.322603315114974976e-01,4.612616598606109619e-01,5.951905846595764160e-01,6.605374813079833984e-01,4.587479233741760254e-01,-1.058228965848684311e-02,5.297080278396606445e-01,-7.000482678413391113e-01,-4.156929254531860352e-01,-4.350855350494384766e-01,6.468917727470397949e-01,5.543512701988220215e-01,-1.705729365348815918e-01,1.237270757555961609e-01,3.970006406307220459e-01,-5.542989373207092285e-01,9.875679761171340942e-02,4.533105492591857910e-01,1.975297778844833374e-01,4.909718409180641174e-03,-6.898836493492126465e-01,6.436823010444641113e-01,5.344105958938598633e-01,2.114668488502502441e-03,-5.383375287055969238e-01,4.412679672241210938e-01,6.327626705169677734e-01,-2.415039837360382080e-01,-4.437697529792785645e-01,6.466317176818847656e-01,1.416214853525161743e-01,6.062430143356323242e-01,2.312085926532745361e-01,-2.970604002475738525e-01,-5.379136800765991211e-01,-7.011482119560241699e-01,-2.620010972023010254e-01,2.801070176064968109e-02,1.782482266426086426e-01,4.291834309697151184e-02,3.239904642105102539e-01,4.905385971069335938e-01,-1.215604022145271301e-01,7.475621253252029419e-02,-5.947872400283813477e-01,3.778345584869384766e-01,2.782111242413520813e-02,-6.489717960357666016e-01,-7.194207310676574707e-01,-6.474541872739791870e-02,-1.185721978545188904e-01,2.684827893972396851e-02,4.496723040938377380e-02,1.633781641721725464e-01,-2.662228643894195557e-01,3.066444694995880127e-01,5.334689021110534668e-01,-6.255487799644470215e-01,-1.784532889723777771e-02,-4.616635143756866455e-01,4.407108947634696960e-02,-3.482138812541961670e-01,6.746561527252197266e-01,-3.006010651588439941e-01,-5.778015255928039551e-01,-1.387306838296353817e-03,6.482787728309631348e-01,-5.054063796997070312e-01,-5.624094009399414062e-01,6.813306808471679688e-01,5.895351059734821320e-04,-5.021548867225646973e-01,5.500530358403921127e-03,-4.490856528282165527e-01,-6.723045706748962402e-01,-3.481421247124671936e-02,4.000451881438493729e-03,5.446744561195373535e-01,4.495534598827362061e-01,-2.433024644851684570e-01,-4.490647315979003906e-01,-7.133590579032897949e-01,4.408616721630096436e-01,-6.365484595298767090e-01,2.227884829044342041e-01,4.159457981586456299e-01,-2.746307472989428788e-06,-3.853805661201477051e-01,4.532295465469360352e-01,-3.442299086600542068e-03,1.084644347429275513e-01,-6.953756213188171387e-01,-5.302582383155822754e-01,7.576340436935424805e-01,2.760579884052276611e-01,-7.745223641395568848e-01,-6.160175204277038574e-01,1.077064126729965210e-01,-2.631421573460102081e-02,6.013805866241455078e-01,-7.239358425140380859e-01,-7.164589762687683105e-01,1.165413558483123779e-01,6.487119197845458984e-01,-6.308737397193908691e-01,-3.208076953887939453e-02,4.551671147346496582e-01,-6.115954518318176270e-01,6.094303131103515625e-01,5.840054750442504883e-01,6.778085827827453613e-01,5.881671905517578125e-01,-5.940507054328918457e-01,-3.154661059379577637e-01,-5.748143792152404785e-01,-3.482758998870849609e-02,4.835276603698730469e-01
2.947991192340850830e-01,4.905312880873680115e-02,-3.711572587490081787e-01,1.578167974948883057e-01,5.702188014984130859e-01,-3.413316309452056885e-01,-3.426089882850646973e-02,6.342260241508483887e-01,3.004047870635986328e-01,3.025733530521392822e-01,-1.620157808065414429e-01,-3.468675613403320312e-01,3.580662608146667480e-01,2.606324255466461182e-01,3.947449624538421631e-01,6.960465908050537109e-01,-3.767080837860703468e-03,2.915793359279632568e-01,-3.086974620819091797e-01,-2.844159007072448730e-01,-2.366366833448410034e-01,1.594040393829345703e-01,1.919057816267013550e-01,-8.376782387495040894e-02,8.711605519056320190e-02,6.020460128784179688e-01,-4.088992178440093994e-01,-5.570178031921386719e-01,5.473538637161254883e-01,-1.085242256522178650e-01,-1.014940589666366577e-01,-4.804621338844299316e-01,7.128885388374328613e-02,3.779081702232360840e-01,-3.860988095402717590e-02,-5.541838407516479492e-01,4.460976421833038330e-01,4.769976437091827393e-01,-7.021303176879882812e-01,-4.617981314659118652e-01,4.658912122249603271e-01,6.132994219660758972e-02,3.341933786869049072e-01,1.815415769815444946e-01,2.979410625994205475e-02,-2.362879812717437744e-01,-4.245542883872985840e-01,-1.854060590267181396e-01,7.357926107943058014e-03,-6.902867555618286133e-02,-1.938467770814895630e-01,-2.664226889610290527e-01,3.354312777519226074e-01,-1.490359008312225342e-02,-1.268240809440612793e-01,-6.027630567550659180e-01,2.976989150047302246e-01,2.477867528796195984e-02,-2.414308190345764160e-01,-1.013462990522384644e-01,-5.210508406162261963e-02,-5.542371794581413269e-02,2.557762432843446732e-03,2.308403253555297852e-01,6.792116910219192505e-02,-1.826368570327758789e-01,-7.609565742313861847e-03,5.978167057037353516e-01,-4.572611153125762939e-01,5.062035322189331055e-01,-6.123594641685485840e-01,-6.778245419263839722e-02,-7.437506318092346191e-02,3.789238333702087402e-01,-1.921542733907699585e-01,-5.518202185630798340e-01,-1.555333728902041912e-03,4.894728064537048340e-01,-1.056208834052085876e-02,-4.624122977256774902e-01,4.739249050617218018e-01,3.920866001863032579e-04,-5.510240793228149414e-01,-4.006169270724058151e-03,-6.624355912208557129e-01,-3.368104100227355957e-01,4.766489267349243164e-01,1.032631658017635345e-02,2.793321013450622559e-01,4.416054487228393555e-01,-2.090435475111007690e-01,2.412345856428146362e-01,-2.318106293678283691e-01,-3.705657273530960083e-02,-4.170586466789245605e-01,-2.977223694324493408e-01,3.438226282596588135e-01,-8.476256880385335535e-06,-5.365104675292968750e-01,5.040781497955322266e-01,-4.591733813285827637e-01,6.069272756576538086e-01,-4.483120441436767578e-01,-5.677528381347656250e-01,3.999706804752349854e-01,-5.273129325360059738e-03,-1.446162611246109009e-01,-3.539415895938873291e-01,-4.941208362579345703e-01,8.527521975338459015e-03,2.090049833059310913e-01,-1.544509083032608032e-01,-3.842116594314575195e-01,-1.229633390903472900e-01,5.372697710990905762e-01,-4.285848140716552734e-01,5.488099455833435059e-01,2.097197771072387695e-01,-5.790165066719055176e-01,1.234289258718490601e-01,3.109593987464904785e-01,3.093935847282409668e-01,3.628852069377899170e-01,-7.184090465307235718e-02,-2.631373107433319092e-01,-8.672279864549636841e-02,2.049288898706436157e-02,4.470083415508270264e-01
-3.736601471900939941e-01,-8.351802825927734375e-03,-1.173674687743186951e-02,1.385094076395034790e-01,-3.413316309452056885e-01,3.786374628543853760e-01,-3.597595170140266418e-02,-4.147616922855377197e-01,-1.476321667432785034e-01,-6.073028594255447388e-02,1.803833842277526855e-01,1.846400201320648193e-01,1.304086577147245407e-02,-1.828574389219284058e-02,-4.849397018551826477e-02,-3.195837140083312988e-01,-4.683561157435178757e-03,3.372712805867195129e-02,-1.767982915043830872e-02,1.093732118606567383e-01,1.895411908626556396e-01,1.279465407133102417e-01,9.657321125268936157e-02,-4.774550721049308777e-02,-3.593347966670989990e-02,-2.764943540096282959e-01,7.418417185544967651e-02,3.824991583824157715e-01,-1.236317604780197144e-01,5.956966429948806763e-02,1.559665948152542114e-01,1.534284800291061401e-01,1.024695336818695068e-01,-9.616695344448089600e-02,2.012256719172000885e-02,1.691145747900009155e-01,-1.510647684335708618e-01,-1.175956502556800842e-01,3.298105299472808838e-01,2.720052003860473633e-01,-1.844023764133453369e-01,-7.543811202049255371e-02,4.499164968729019165e-02,-2.923247404396533966e-02,4.060624341946095228e-04,-1.291491091251373291e-01,6.606462597846984863e-02,3.640108183026313782e-02,-1.282754838466644287e-01,1.083796918392181396e-01,2.039994597434997559e-01,1.846405118703842163e-01,-2.031819969415664673e-01,-2.310293057234957814e-04,-1.265229773707687855e-03,1.886883229017257690e-01,-1.648937761783599854e-01,-6.785491947084665298e-03,-7.564347982406616211e-02,-1.441561579704284668e-01,1.040682196617126465e-01,-1.261956840753555298e-01,3.884784411638975143e-03,-1.998025029897689819e-01,-8.152388781309127808e-02,5.038984864950180054e-02,2.345898896455764771e-01,-2.040150612592697144e-01,1.227091923356056213e-01,-3.102239370346069336e-01,2.694678008556365967e-01,-1.574777513742446899e-01,4.993438348174095154e-02,-3.861481323838233948e-02,1.452827453613281250e-01,1.931328773498535156e-01,-1.977321662707254291e-04,-6.783069670200347900e-02,-7.277856022119522095e-02,1.611453890800476074e-01,-1.421187669038772583e-01,-8.793111919658258557e-05,2.090409100055694580e-01,9.438794222660362720e-04,3.604645431041717529e-01,-3.346812725067138672e-02,-2.844529449939727783e-01,-4.391981288790702820e-03,3.097532084211707115e-03,-1.843550950288772583e-01,1.378509998321533203e-01,-2.785806059837341309e-01,-4.788315296173095703e-02,1.123391091823577881e-01,1.244755759835243225e-01,2.954456210136413574e-01,-5.028184503316879272e-03,7.329777417908189818e-06,2.296032309532165527e-01,-1.937271058559417725e-01,3.371526598930358887e-01,-3.814280927181243896e-01,1.279761940240859985e-01,2.101178765296936035e-01,-2.084078267216682434e-02,-1.057510357350111008e-02,-1.067343354225158691e-01,-3.932768478989601135e-02,4.087387919425964355e-01,-6.885232403874397278e-03,-4.478693753480911255e-02,-1.351857930421829224e-01,4.104686900973320007e-02,1.603269390761852264e-02,-1.092636436223983765e-01,1.096139624714851379e-01,-3.678218722343444824e-01,7.845655083656311035e-02,1.944258511066436768e-01,5.939890071749687195e-02,6.688889116048812866e-02,-6.601995974779129028e-02,-1.199529469013214111e-01,-1.966674476861953735e-01,1.341757625341415405e-01,-8.759192377328872681e-02,-4.288430139422416687e-02,-1.496506631374359131e-01
9.876874834299087524e-02,-2.571459859609603882e-02,1.900998502969741821e-01,-1.659549325704574585e-01,-3.426089882850646973e-02,-3.597595170140266418e-02,9.082367271184921265e-02,2.144184429198503494e-03,-1.396113783121109009e-01,-1.149867102503776550e-01,-5.621433630585670471e-02,4.590084776282310486e-02,-2.073641419410705566e-01,-1.393685489892959595e-01,-1.702970862388610840e-01,-1.564736068248748779e-01,5.210250150412321091e-03,-1.934473663568496704e-01,1.709663122892379761e-01,4.983487352728843689e-02,4.831568151712417603e-02,-1.772959381341934204e-01,-1.450940966606140137e-01,7.494471967220306396e-02,-2.265934273600578308e-02,-1.553405672311782837e-01,1.596866250038146973e-01,1.579961366951465607e-02,-1.445857733488082886e-01,-2.218795008957386017e-02,-4.630877077579498291e-02,1.777905821800231934e-01,-1.319658160209655762e-01,-8.491185307502746582e-02,2.029821043834090233e-03,1.937453597784042358e-01,-1.278921067714691162e-01,-1.648654639720916748e-01,1.155049353837966919e-01,3.049034811556339264e-02,-1.553519219160079956e-01,1.814466714859008789e-02,-2.030141055583953857e-01,-6.144900247454643250e-02,2.476352266967296600e-02,2.003592997789382935e-01,1.616547405719757080e-01,7.487396895885467529e-02,6.308653205633163452e-02,-7.909518480300903320e-02,-3.730755671858787537e-02,-7.644247263669967651e-02,-5.071441084146499634e-02,2.573134005069732666e-02,3.592027723789215088e-02,1.635693162679672241e-01,-3.398222848773002625e-02,-7.073228713124990463e-03,1.938995420932769775e-01,1.732228249311447144e-01,-3.370453789830207825e-02,1.065075695514678955e-01,-5.093759857118129730e-03,-1.799591118469834328e-03,-9.887761436402797699e-03,6.443540751934051514e-02,-1.805766075849533081e-01,-1.698152571916580200e-01,1.767957210540771484e-01,-2.458337508141994476e-02,1.057792156934738159e-01,7.737075537443161011e-02,3.745077550411224365e-02,-1.820379048585891724e-01,3.963040560483932495e-02,1.506360769271850586e-01,1.069791498593986034e-03,-1.872236430644989014e-01,7.677412778139114380e-02,1.384576559066772461e-01,-1.452651619911193848e-01,-1.300670992350205779e-04,1.205349862575531006e-01,-6.635886384174227715e-04,9.681949764490127563e-02,2.030918896198272705e-01,4.271207581041380763e-05,-1.941996393725275993e-03,-1.885607838630676270e-01,-8.892052620649337769e-02,2.951241564005613327e-03,1.169856488704681396e-01,1.850793212652206421e-01,-8.703084290027618408e-02,1.416692137718200684e-01,-8.315871655941009521e-02,-1.428221017122268677e-01,-3.875446964229922742e-06,1.159587055444717407e-01,-1.418139487504959106e-01,-5.842248722910881042e-02,-4.176475480198860168e-02,1.665852218866348267e-01,1.435561925172805786e-01,-2.040092796087265015e-01,6.067742779850959778e-02,1.836173981428146362e-01,2.322127074003219604e-01,-2.481636404991149902e-02,4.682906437665224075e-03,-1.379924118518829346e-01,1.592191010713577271e-01,1.889912337064743042e-01,9.577137231826782227e-02,-1.764942258596420288e-01,1.617548167705535889e-01,-2.262230776250362396e-02,-1.385669559240341187e-01,1.519311666488647461e-01,-1.251280158758163452e-01,-1.972280889749526978e-01,-1.400352120399475098e-01,-1.202059015631675720e-01,2.043626010417938232e-01,6.068240851163864136e-03,1.248740926384925842e-01,1.951704733073711395e-02,-1.070529744029045105e-01
3.790204524993896484e-01,4.060573875904083252e-02,-3.086789846420288086e-01,7.474833726882934570e-02,6.342260241508483887e-01,-4.147616922855377197e-01,2.144184429198503494e-03,7.392423748970031738e-01,2.560684978961944580e-01,2.777899503707885742e-01,-1.673347651958465576e-01,-4.008782207965850830e-01,3.025507628917694092e-01,2.317479997873306274e-01,3.566524684429168701e-01,6.940624713897705078e-01,-1.230408437550067902e-03,2.094953060150146484e-01,-2.324399799108505249e-01,-2.992734014987945557e-01,-2.024632245302200317e-01,9.620517492294311523e-02,1.380029767751693726e-01,-8.124930411577224731e-02,8.871997892856597900e-02,6.049780845642089844e-01,-3.913910090923309326e-01,-6.455464363098144531e-01,5.640504360198974609e-01,-1.432954519987106323e-01,-1.431245356798171997e-01,-4.314747750759124756e-01,-4.889992997050285339e-02,3.982084393501281738e-01,-4.991990700364112854e-02,-5.318768620491027832e-01,4.576500952243804932e-01,4.436989724636077881e-01,-7.407816052436828613e-01,-4.855064153671264648e-01,4.147465527057647705e-01,5.314791575074195862e-02,2.641151547431945801e-01,1.817462593317031860e-01,1.115882769227027893e-01,-1.898157149553298950e-01,-3.760705590248107910e-01,-1.661920696496963501e-01,2.655216306447982788e-02,-1.874601095914840698e-01,-2.588288486003875732e-01,-4.006287753582000732e-01,3.186944723129272461e-01,-6.350345443934202194e-03,-1.590971946716308594e-01,-5.849806666374206543e-01,3.290947079658508301e-01,2.619481831789016724e-02,-1.390481740236282349e-01,5.927198100835084915e-03,-6.181460246443748474e-02,-1.658173464238643646e-02,-1.716973492875695229e-03,2.390002608299255371e-01,4.668208211660385132e-02,-1.763921827077865601e-01,-1.065715625882148743e-01,5.776513218879699707e-01,-4.272785186767578125e-01,5.961985588073730469e-01,-6.342029571533203125e-01,-1.059871912002563477e-01,-4.914357513189315796e-02,3.392119109630584717e-01,-1.391637325286865234e-01,-5.197332501411437988e-01,-1.497529214248061180e-03,4.589303731918334961e-01,7.090789824724197388e-02,-4.513070881366729736e-01,4.336265027523040771e-01,4.100307705812156200e-04,-5.641552209854125977e-01,-5.787324625998735428e-03,-6.661314964294433594e-01,-2.784430086612701416e-01,5.791043639183044434e-01,1.189438439905643463e-02,2.235407531261444092e-01,4.769990146160125732e-01,-2.039615213871002197e-01,4.013831615447998047e-01,-1.397420763969421387e-01,-1.055994853377342224e-01,-3.748205006122589111e-01,-3.999841213226318359e-01,3.015972673892974854e-01,-1.057241479429649189e-05,-5.714198350906372070e-01,4.831782281398773193e-01,-5.954327583312988281e-01,6.929507851600646973e-01,-4.023896753787994385e-01,-5.681723356246948242e-01,3.162429630756378174e-01,-2.423608675599098206e-02,-1.546536199748516083e-02,-2.810571789741516113e-01,-6.047699451446533203e-01,1.503674127161502838e-02,1.586073637008666992e-01,-7.399165630340576172e-02,-3.216700851917266846e-01,-9.245614707469940186e-02,4.981420040130615234e-01,-3.848274648189544678e-01,6.476752758026123047e-01,1.788929253816604614e-01,-5.567300915718078613e-01,4.232999309897422791e-02,2.397921383380889893e-01,2.471769750118255615e-01,3.247759342193603516e-01,5.209289118647575378e-02,-3.254151940345764160e-01,-1.482466049492359161e-02,4.591694846749305725e-02,4.577877819538116455e-01
3.940882533788681030e-02,8.137945830821990967e-02,-5.625814199447631836e-01,5.234031677246093750e-01,3.004047870635986328e-01,-1.476321667432785034e-01,-1.396113783121109009e-01,2.560684978961944580e-01,6.255925297737121582e-01,4.701973497867584229e-01,-2.503453195095062256e-01,-3.130533397197723389e-01,3.707656562328338623e-01,5.505651235580444336e-01,6.102928519248962402e-01,5.975771546363830566e-01,-5.275047849863767624e-03,3.658797740936279297e-01,-5.827798843383789062e-01,-4.519257843494415283e-01,-5.850081443786621094e-01,4.736058712005615234e-01,3.841620385646820068e-01,-1.170424297451972961e-01,1.344487220048904419e-01,5.359340906143188477e-01,-5.636224150657653809e-01,-1.188160702586174011e-01,4.118371903896331787e-01,1.433956027030944824e-01,-1.047224998474121094e-01,-7.650954127311706543e-01,4.922665655612945557e-01,5.126662850379943848e-01,-7.386783137917518616e-03,-5.959698557853698730e-01,4.625665247440338135e-01,6.108994483947753906e-01,-3.555514812469482422e-01,-5.434021353721618652e-01,6.960884332656860352e-01,1.812228560447692871e-01,4.623239040374755859e-01,1.993921846151351929e-01,-3.010970056056976318e-01,-3.845924437046051025e-01,-6.210581660270690918e-01,-2.087750881910324097e-01,1.705130040645599365e-01,6.416703015565872192e-02,-1.094897165894508362e-01,2.268234193325042725e-01,5.754770636558532715e-01,-1.163508445024490356e-01,1.058835014700889587e-01,-6.234576702117919922e-01,4.130294620990753174e-01,2.569666504859924316e-02,-5.035160183906555176e-01,-5.185186862945556641e-01,-1.520546525716781616e-01,5.748740211129188538e-02,2.193080633878707886e-02,1.977073252201080322e-01,2.115186005830764771e-01,-2.579993307590484619e-01,1.080061420798301697e-01,5.812191963195800781e-01,-6.455518603324890137e-01,1.565002202987670898e-01,-5.297265052795410156e-01,1.718221902847290039e-01,-3.844163119792938232e-01,6.135941147804260254e-01,-3.565467596054077148e-01,-6.017124652862548828e-01,-1.030268380418419838e-03,5.961819291114807129e-01,-3.672940135002136230e-01,-6.035594940185546875e-01,6.749417781829833984e-01,5.585853941738605499e-04,-5.522009730339050293e-01,5.319410469383001328e-03,-5.852918624877929688e-01,-5.602125525474548340e-01,1.203309074044227600e-01,5.395911168307065964e-03,5.278937816619873047e-01,4.911708235740661621e-01,-2.694195210933685303e-01,-2.415911257266998291e-01,-5.998744964599609375e-01,3.568399250507354736e-01,-6.134017109870910645e-01,2.974535524845123291e-02,2.738493978977203369e-01,-4.497577720030676574e-06,-4.811681509017944336e-01,4.731482267379760742e-01,-1.854487061500549316e-01,3.411426246166229248e-01,-6.970297098159790039e-01,-5.767015814781188965e-01,6.952745318412780762e-01,1.846639364957809448e-01,-6.469116210937500000e-01,-4.836090207099914551e-01,-1.524417698383331299e-01,-2.525660581886768341e-02,6.394043564796447754e-01,-5.570321679115295410e-01,-6.380037665367126465e-01,1.239406019449234009e-01,5.792382955551147461e-01,-6.337398290634155273e-01,1.922990083694458008e-01,2.841999232769012451e-01,-6.263728737831115723e-01,4.906112551689147949e-01,4.133782684803009033e-01,6.515157818794250488e-01,6.036465764045715332e-01,-3.843851387500762939e-01,-3.790594935417175293e-01,-4.705592989921569824e-01,9.131183847784996033e-03,4.899952411651611328e-01
-3.359870240092277527e-02,7.251253724098205566e-02,-5.791804790496826172e-01,4.849389791488647461e-01,3.025733530521392822e-01,-6.073028594255447388e-02,-1.149867102503776550e-01,2.777899503707885742e-01,4.701973497867584229e-01,4.513148367404937744e-01,-1.138540804386138916e-01,-2.808548510074615479e-01,4.674103558063507080e-01,4.774048626422882080e-01,5.850551128387451172e-01,6.206348538398742676e-01,-9.018289856612682343e-03,3.950596153736114502e-01,-5.639060139656066895e-01,-3.915023505687713623e-01,-3.921542465686798096e-01,4.565824568271636963e-01,4.127717614173889160e-01,-1.708347201347351074e-01,1.123732626438140869e-01,5.547117590904235840e-01,-5.733445882797241211e-01,-1.807524710893630981e-01,5.236912965774536133e-01,3.283787146210670471e-02,-8.890295401215553284e-03,-7.017846107482910156e-01,3.943473994731903076e-01,4.850622713565826416e-01,-1.582175865769386292e-02,-6.318343877792358398e-01,4.613781273365020752e-01,6.001144051551818848e-01,-4.611178338527679443e-01,-4.312101304531097412e-01,5.962746143341064453e-01,8.757397532463073730e-02,5.096177458763122559e-01,2.108604162931442261e-01,-1.668498218059539795e-01,-4.748582541942596436e-01,-5.921078324317932129e-01,-1.937123388051986694e-01,4.611536860466003418e-02,5.357167124748229980e-02,-5.120763182640075684e-02,8.241609483957290649e-02,4.248160421848297119e-01,-7.250683754682540894e-02,-2.421969547867774963e-02,-6.575655937194824219e-01,3.063441812992095947e-01,2.551485784351825714e-02,-5.038475394248962402e-01,-4.469418525695800781e-01,-6.390386819839477539e-02,-6.408088654279708862e-02,1.691009290516376495e-02,1.564986258745193481e-01,1.090847328305244446e-01,-2.337035834789276123e-01,2.192086428403854370e-01,6.130974888801574707e-01,-6.156870126724243164e-01,2.212679535150527954e-01,-5.375570058822631836e-01,-5.755503103137016296e-02,-2.454150617122650146e-01,5.847053527832031250e-01,-2.317106723785400391e-01,-5.955745577812194824e-01,-1.763833221048116684e-03,6.383365988731384277e-01,-2.471113950014114380e-01,-5.615969300270080566e-01,6.241891980171203613e-01,5.168200004845857620e-04,-5.489905476570129395e-01,6.933145341463387012e-04,-5.430991053581237793e-01,-5.671041607856750488e-01,1.994681507349014282e-01,6.868305616080760956e-03,5.245932340621948242e-01,4.471687972545623779e-01,-1.819413900375366211e-01,-1.733200550079345703e-01,-5.385752916336059570e-01,2.706753015518188477e-01,-5.487155318260192871e-01,2.156609855592250824e-02,3.511274755001068115e-01,-3.266667363277520053e-06,-4.839116632938385010e-01,4.719388186931610107e-01,-1.918960064649581909e-01,3.691574335098266602e-01,-6.246958374977111816e-01,-5.805217027664184570e-01,6.922783851623535156e-01,5.043924599885940552e-02,-5.609805583953857422e-01,-5.349570512771606445e-01,-1.281469166278839111e-01,-1.571620255708694458e-02,4.965440928936004639e-01,-5.314356684684753418e-01,-5.868496298789978027e-01,2.765871025621891022e-02,6.102545261383056641e-01,-5.914578437805175781e-01,2.336933612823486328e-01,3.392199575901031494e-01,-6.233668923377990723e-01,3.951174020767211914e-01,4.837741553783416748e-01,5.424987673759460449e-01,5.117753148078918457e-01,-3.968409895896911621e-01,-3.107808828353881836e-01,-3.907678127288818359e-01,-6.916222162544727325e-03,4.810209870338439941e-01
-2.451130598783493042e-01,-1.499988604336977005e-02,9.253053367137908936e-02,-1.849834620952606201e-01,-1.620157808065414429e-01,1.803833842277526855e-01,-5.621433630585670471e-02,-1.673347651958465576e-01,-2.503453195095062256e-01,-1.138540804386138916e-01,4.402292668819427490e-01,1.234512031078338623e-01,1.624185889959335327e-01,-1.638322174549102783e-01,-1.602948755025863647e-01,-1.189849823713302612e-01,-7.226566784083843231e-03,2.542253397405147552e-02,1.818412542343139648e-01,2.344849705696105957e-01,4.386739432811737061e-01,-3.847394511103630066e-02,-1.385985407978296280e-02,-1.158044561743736267e-01,-6.123815476894378662e-02,-4.713358730077743530e-02,6.559831649065017700e-02,-2.561458945274353027e-02,3.097599744796752930e-02,-1.451016068458557129e-01,2.153149694204330444e-01,2.689837515354156494e-01,-2.702186405658721924e-01,-2.244227230548858643e-01,-1.025688741356134415e-02,2.592190913856029510e-02,-7.771138846874237061e-02,-1.730592101812362671e-01,-3.865646198391914368e-02,4.342513680458068848e-01,-3.223648667335510254e-01,-2.436831593513488770e-01,2.517911791801452637e-02,-2.361738868057727814e-02,2.898891866207122803e-01,-1.686031967401504517e-01,2.365997284650802612e-01,6.289397925138473511e-02,-2.801811695098876953e-01,8.013863116502761841e-04,1.477628201246261597e-01,-1.439269185066223145e-01,-4.430462121963500977e-01,6.577145308256149292e-02,-2.400701642036437988e-01,1.508782356977462769e-01,-3.056990504264831543e-01,-5.325294565409421921e-03,6.476703286170959473e-02,1.890504062175750732e-01,2.167280167341232300e-01,-2.594889402389526367e-01,-1.069061364978551865e-02,-1.496254503726959229e-01,-2.107482552528381348e-01,7.775753736495971680e-02,3.104539215564727783e-01,-9.829681366682052612e-02,1.472801119089126587e-01,1.892228797078132629e-02,2.039624005556106567e-01,-4.821608066558837891e-01,2.697666883468627930e-01,-1.378960162401199341e-01,3.215504586696624756e-01,2.072377800941467285e-01,-2.067924477159976959e-03,-7.920369505882263184e-02,2.792416512966156006e-01,1.899868994951248169e-01,-3.137142658233642578e-01,-1.452509895898401737e-04,1.732431203126907349e-01,-6.377834826707839966e-03,3.108396530151367188e-01,4.312292486429214478e-02,1.010374911129474640e-02,1.484727370552718639e-03,1.414479967206716537e-02,-1.935375481843948364e-01,2.997813224792480469e-01,7.390008121728897095e-02,1.848014146089553833e-01,-1.358585506677627563e-01,2.712731957435607910e-01,1.104150712490081787e-01,2.933928929269313812e-02,1.351057107967790216e-05,8.537556976079940796e-02,-1.187385544180870056e-01,1.873645633459091187e-01,-6.957080960273742676e-02,2.815212607383728027e-01,1.561200171709060669e-01,-1.891264766454696655e-01,-4.562571048736572266e-01,2.918413281440734863e-01,-6.333892792463302612e-02,1.272394806146621704e-01,1.317745447158813477e-02,-2.592371106147766113e-01,1.702482551336288452e-01,2.085127681493759155e-01,-3.043919503688812256e-01,-1.512674689292907715e-01,2.037225961685180664e-01,8.871235884726047516e-03,4.805249348282814026e-02,2.240806072950363159e-01,-2.198690921068191528e-01,5.086063221096992493e-02,-3.209872245788574219e-01,-2.823023796081542969e-01,-5.335744470357894897e-02,2.455428689718246460e-01,1.534936577081680298e-01,-2.985908836126327515e-02,-1.637119352817535400e-01
-1.245359033346176147e-01,-4.273105785250663757e-02,3.469157218933105469e-01,-2.322603315114974976e-01,-3.468675613403320312e-01,1.846400201320648193e-01,4.590084776282310486e-02,-4.008782207965850830e-01,-3.130533397197723389e-01,-2.808548510074615479e-01,1.234512031078338623e-01,2.821632921695709229e-01,-2.677077651023864746e-01,-3.118696212768554688e-01,-3.913149833679199219e-01,-5.455058217048645020e-01,2.218416891992092133e-03,-1.984171271324157715e-01,3.105302751064300537e-01,2.918756604194641113e-01,2.763082683086395264e-01,-2.312320023775100708e-01,-2.081622779369354248e-01,9.041272848844528198e-02,-8.361168205738067627e-02,-4.595699012279510498e-01,3.978519439697265625e-01,2.990397810935974121e-01,-4.280334413051605225e-01,5.930980201810598373e-03,8.930741250514984131e-02,4.968521296977996826e-01,-1.327279955148696899e-01,-3.793884813785552979e-01,2.541324310004711151e-02,4.731221199035644531e-01,-3.509806394577026367e-01,-4.210803210735321045e-01,4.774132370948791504e-01,3.936351537704467773e-01,-4.197584390640258789e-01,-7.037857174873352051e-02,-2.830773293972015381e-01,-1.479790657758712769e-01,2.893527783453464508e-02,2.585372030735015869e-01,3.963523209095001221e-01,1.269595175981521606e-01,-6.129129603505134583e-02,1.010561436414718628e-01,1.442279666662216187e-01,1.055202260613441467e-01,-3.215350806713104248e-01,4.189853370189666748e-02,4.364318028092384338e-02,5.121273994445800781e-01,-2.803868949413299561e-01,-2.043459191918373108e-02,2.288521230220794678e-01,1.812545657157897949e-01,6.725740432739257812e-02,-1.269517280161380768e-02,-6.593931932002305984e-03,-1.358069181442260742e-01,-7.101018726825714111e-02,1.615175306797027588e-01,-9.202387300319969654e-04,-4.732758998870849609e-01,4.313439428806304932e-01,-2.936930954456329346e-01,4.679611921310424805e-01,4.312534257769584656e-02,1.527589559555053711e-01,-3.858160078525543213e-01,1.307320892810821533e-01,4.348378479480743408e-01,1.081789261661469936e-03,-4.511636495590209961e-01,8.197487145662307739e-02,4.223614037036895752e-01,-4.419299662113189697e-01,-3.932568361051380634e-04,4.526492655277252197e-01,1.042536692693829536e-03,4.886662065982818604e-01,3.435806334018707275e-01,-2.769457101821899414e-01,-6.919914856553077698e-03,-2.946229577064514160e-01,-3.755062222480773926e-01,1.499991714954376221e-01,-9.626074880361557007e-02,2.725267112255096436e-01,-9.457666426897048950e-02,3.686911463737487793e-01,1.354753673076629639e-01,-2.013116478919982910e-01,5.452172899822471663e-06,4.240938723087310791e-01,-3.503457009792327881e-01,3.281192779541015625e-01,-4.270099997520446777e-01,4.390727281570434570e-01,4.639045000076293945e-01,-4.069720208644866943e-01,-4.021798074245452881e-02,2.341450303792953491e-01,3.036145269870758057e-01,2.761941552162170410e-01,2.898104488849639893e-03,-3.077655434608459473e-01,2.532043457031250000e-01,3.749366998672485352e-01,-3.707429766654968262e-02,-4.399583637714385986e-01,3.947145938873291016e-01,-3.427635431289672852e-01,-1.854084581136703491e-01,4.766173958778381348e-01,-1.857184022665023804e-01,-2.526477575302124023e-01,-3.354259133338928223e-01,-3.479318916797637939e-01,1.135597452521324158e-01,3.003762662410736084e-01,1.812488734722137451e-01,-2.945437468588352203e-02,-3.618180155754089355e-01
