4.601610600948333740e-01,1.466849725693464279e-02,-6.733863800764083862e-02,-5.326392129063606262e-02,4.113707840442657471e-01,-4.045006334781646729e-01,1.858871546573936939e-03,4.889466464519500732e-01,1.785632520914077759e-01,1.028901487588882446e-01,-2.453030645847320557e-01,-1.967384666204452515e-01,-6.936668884009122849e-03,1.050011515617370605e-01,9.282727539539337158e-02,3.563600480556488037e-01,-1.408236130373552442e-04,1.219169124960899353e-01,-4.850842058658599854e-02,-9.908959269523620605e-02,-1.550472825765609741e-01,-8.462397009134292603e-02,-5.652090907096862793e-02,5.820503458380699158e-02,3.680918738245964050e-02,2.996675372123718262e-01,-8.003330230712890625e-02,-4.245038628578186035e-01,1.785449832677841187e-01,-1.291385143995285034e-01,-2.027270197868347168e-01,-1.607554703950881958e-01,1.162437489256262779e-03,1.170745864510536194e-01,-1.768377423286437988e-02,-1.884976923465728760e-01,1.727007925510406494e-01,1.860095709562301636e-01,-3.926589488983154297e-01,-3.231661915779113770e-01,3.183605968952178955e-01,9.740394353866577148e-02,1.733043789863586426e-02,5.114161595702171326e-02,-3.520744293928146362e-02,1.318547725677490234e-01,-1.502695232629776001e-01,-1.021215319633483887e-01,1.172836571931838989e-01,-2.688662894070148468e-02,-2.052516788244247437e-01,-2.193066924810409546e-01,2.917193472385406494e-01,-7.284599542617797852e-02,-8.126316964626312256e-02,-2.511858940124511719e-01,2.027062773704528809e-01,9.897681884467601776e-03,-3.529044985771179199e-02,6.109879538416862488e-02,-1.144760921597480774e-01,2.454429678618907928e-02,-3.175977151840925217e-03,2.776465415954589844e-01,1.487972438335418701e-01,-5.641825869679450989e-02,-2.799693644046783447e-01,2.723511457443237305e-01,-1.971579641103744507e-01,3.669897615909576416e-01,-3.248854875564575195e-01,2.082496732473373413e-01,-2.183557674288749695e-02,1.144003048539161682e-01,-2.980415225028991699e-01,-2.647495865821838379e-01,-3.309755629743449390e-05,1.545260548591613770e-01,-6.501814723014831543e-02,-1.519460976123809814e-01,2.150741368532180786e-01,1.095201150747016072e-04,-2.744044065475463867e-01,-1.879733288660645485e-03,-4.251717925071716309e-01,3.074111603200435638e-02,3.339329659938812256e-01,4.564272705465555191e-03,-2.837512642145156860e-02,2.320367395877838135e-01,-2.034756690263748169e-01,2.625248730182647705e-01,-2.070665918290615082e-02,-9.983398765325546265e-02,-2.171562910079956055e-01,-3.592390418052673340e-01,1.421309709548950195e-01,-1.537573734822217375e-05,-2.319199293851852417e-01,3.357268571853637695e-01,-3.869416117668151855e-01,4.158056974411010742e-01,-1.536026298999786377e-01,-2.496285587549209595e-01,8.466211706399917603e-02,9.557655453681945801e-02,6.407558172941207886e-02,-4.180499911308288574e-02,-4.660841226577758789e-01,1.046935934573411942e-02,-1.848246157169342041e-02,9.242277592420578003e-02,-1.171602308750152588e-01,-1.269093155860900879e-01,2.159161865711212158e-01,-1.835089027881622314e-01,3.707312345504760742e-01,-3.997128084301948547e-02,-2.849431931972503662e-01,-2.224862389266490936e-02,-7.160737365484237671e-02,1.997065097093582153e-01,1.391727030277252197e-01,2.027033567428588867e-01,-1.045620068907737732e-01,1.038762703537940979e-01,1.497860904783010483e-02,1.999740004539489746e-01
1.466849725693464279e-02,9.931741282343864441e-03,-8.737617731094360352e-02,6.536521762609481812e-02,5.614187568426132202e-02,-1.743066869676113129e-02,-1.136959623545408249e-02,4.190371185541152954e-02,6.444096565246582031e-02,6.773434579372406006e-02,-1.901501044631004333e-02,-4.383192956447601318e-02,7.043734937906265259e-02,7.227952778339385986e-02,8.405985683202743530e-02,9.410452842712402344e-02,-1.633330131880939007e-03,6.839316338300704956e-02,-8.085219562053680420e-02,-6.517166644334793091e-02,-6.050216779112815857e-02,6.007597967982292175e-02,6.138812750577926636e-02,-3.052107244729995728e-02,1.360989455133676529e-02,8.259447664022445679e-02,-8.697127550840377808e-02,-4.802726209163665771e-02,7.675071805715560913e-02,-3.488259389996528625e-02,7.807441055774688721e-03,-1.010687500238418579e-01,6.577651202678680420e-02,7.118414342403411865e-02,-2.301656641066074371e-03,-9.143204987049102783e-02,6.441137939691543579e-02,8.405598998069763184e-02,-6.365434825420379639e-02,-7.286189496517181396e-02,8.164942264556884766e-02,2.199785597622394562e-02,8.195436745882034302e-02,3.057841956615447998e-02,-7.305582519620656967e-03,-6.764101982116699219e-02,-8.342204988002777100e-02,-2.433100342750549316e-02,-8.037594147026538849e-03,1.619075983762741089e-02,7.449243217706680298e-03,-1.226342655718326569e-02,6.355686485767364502e-02,-6.412916816771030426e-03,-2.026280201971530914e-02,-9.771030396223068237e-02,3.384322673082351685e-02,3.572224173694849014e-03,-7.670522481203079224e-02,-6.224346533417701721e-02,-1.118837296962738037e-02,6.845202296972274780e-03,2.576471306383609772e-03,4.237367585301399231e-02,1.041472330689430237e-02,-2.876940183341503143e-02,3.557045757770538330e-02,9.020363539457321167e-02,-8.551061153411865234e-02,4.536297544836997986e-02,-7.626839727163314819e-02,-1.892994157969951630e-02,-2.851801738142967224e-02,8.055312931537628174e-02,-4.162085056304931641e-02,-8.930396288633346558e-02,-2.593693498056381941e-04,9.012171626091003418e-02,-4.153162613511085510e-02,-8.168118447065353394e-02,8.778959512710571289e-02,8.966487803263589740e-05,-7.850346714258193970e-02,-3.304813290014863014e-04,-8.347663283348083496e-02,-7.599997520446777344e-02,5.085593461990356445e-02,9.732575854286551476e-04,7.089070230722427368e-02,6.942810118198394775e-02,-2.568869106471538544e-02,-3.229670226573944092e-02,-7.419011741876602173e-02,4.856927320361137390e-02,-7.751712948083877563e-02,-5.635395646095275879e-03,6.426910310983657837e-02,-2.421416184006375261e-06,-7.131629437208175659e-02,7.296861708164215088e-02,-3.670002147555351257e-02,4.359528422355651855e-02,-9.067624062299728394e-02,-8.419890701770782471e-02,9.955085068941116333e-02,7.796440739184617996e-03,-7.621017843484878540e-02,-8.290783315896987915e-02,-2.522017434239387512e-02,-1.950673642568290234e-03,6.962145119905471802e-02,-7.266125082969665527e-02,-8.342415839433670044e-02,-1.688262098468840122e-03,8.831106871366500854e-02,-8.361522853374481201e-02,4.832488298416137695e-02,4.126017913222312927e-02,-9.101831167936325073e-02,5.437217652797698975e-02,5.832267552614212036e-02,7.334677875041961670e-02,7.850898802280426025e-02,-5.294479429721832275e-02,-5.299771577119827271e-02,-5.439697206020355225e-02,-3.503337036818265915e-03,7.377676665782928467e-02
-6.733863800764083862e-02,-8.737617731094360352e-02,7.853999733924865723e-01,-6.527382731437683105e-01,-4.755619168281555176e-01,7.850185036659240723e-02,8.792975544929504395e-02,-3.585945963859558105e-01,-5.334852337837219238e-01,-6.382510662078857422e-01,1.690795272588729858e-01,4.224743247032165527e-01,-6.213414072990417480e-01,-6.812413930892944336e-01,-7.613304853439331055e-01,-7.478163838386535645e-01,1.523431297391653061e-02,-6.346215009689331055e-01,7.218365669250488281e-01,6.339662671089172363e-01,4.948678016662597656e-01,-6.168174147605895996e-01,-6.315277218818664551e-01,3.093135356903076172e-01,-1.286814361810684204e-01,-6.640902757644653320e-01,7.595587372779846191e-01,3.742120862007141113e-01,-7.026528716087341309e-01,3.172935843467712402e-01,-9.201303124427795410e-02,8.249782919883728027e-01,-5.853643417358398438e-01,-6.987606287002563477e-01,2.460504695773124695e-02,7.600168585777282715e-01,-6.065185666084289551e-01,-7.461356520652770996e-01,5.204052925109863281e-01,6.429305076599121094e-01,-6.711459755897521973e-01,-1.985628902912139893e-01,-7.427184581756591797e-01,-3.033663630485534668e-01,1.655313186347484589e-02,6.432012915611267090e-01,7.591353058815002441e-01,2.306174188852310181e-01,1.117061600089073181e-01,-8.570427447557449341e-02,-8.407348394393920898e-02,1.579229831695556641e-01,-5.500270724296569824e-01,5.265670269727706909e-02,2.068370133638381958e-01,8.175895214080810547e-01,-3.481191694736480713e-01,-3.582375496625900269e-02,6.833393573760986328e-01,6.064122915267944336e-01,8.513749390840530396e-02,-5.103742703795433044e-02,-2.453343570232391357e-02,-3.360013663768768311e-01,-5.615735799074172974e-02,2.723390758037567139e-01,-3.340726494789123535e-01,-7.536182403564453125e-01,7.424886226654052734e-01,-3.798190355300903320e-01,6.737687587738037109e-01,2.410010099411010742e-01,2.630698382854461670e-01,-7.397978305816650391e-01,3.122635185718536377e-01,7.506727576255798340e-01,2.342586871236562729e-03,-7.956522107124328613e-01,4.021651148796081543e-01,7.282381653785705566e-01,-7.611595392227172852e-01,-9.106151992455124855e-04,7.004973888397216797e-01,3.849713131785392761e-03,6.743500828742980957e-01,7.139695286750793457e-01,-4.515548646450042725e-01,-9.289435110986232758e-03,-6.197016835212707520e-01,-6.508226394653320312e-01,2.311186343431472778e-01,2.884373068809509277e-01,6.707191467285156250e-01,-4.731390774250030518e-01,6.854267120361328125e-01,2.179295197129249573e-02,-6.074804067611694336e-01,2.296878119523171335e-05,6.336624026298522949e-01,-6.154181957244873047e-01,3.684285283088684082e-01,-3.402157723903656006e-01,7.784011960029602051e-01,7.338719964027404785e-01,-8.308225870132446289e-01,-1.360396295785903931e-01,6.460084915161132812e-01,7.327017188072204590e-01,1.732433885335922241e-01,1.691658981144428253e-02,-6.206839680671691895e-01,6.913077831268310547e-01,7.497052550315856934e-01,-6.540343165397644043e-02,-7.806750535964965820e-01,7.285996675491333008e-01,-4.020218253135681152e-01,-4.358071684837341309e-01,7.760598659515380859e-01,-5.325635671615600586e-01,-5.778654813766479492e-01,-6.490175127983093262e-01,-7.016554474830627441e-01,5.062878727912902832e-01,5.634991526603698730e-01,5.339792370796203613e-01,2.751219458878040314e-02,-6.712094545364379883e-01
-5.326392129063606262e-02,6.536521762609481812e-02,-6.527382731437683105e-01,6.936630010604858398e-01,2.400633543729782104e-01,6.425593793392181396e-02,-5.031154304742813110e-02,1.243922561407089233e-01,4.529637694358825684e-01,5.106256604194641113e-01,-2.524780035018920898e-01,-2.993952631950378418e-01,3.832106590270996094e-01,5.781850814819335938e-01,6.294260621070861816e-01,4.822897613048553467e-01,-8.981039747595787048e-03,4.900750517845153809e-01,-6.870344281196594238e-01,-5.333847999572753906e-01,-5.279898643493652344e-01,5.773519873619079590e-01,5.421321988105773926e-01,-2.084344327449798584e-01,1.063141003251075745e-01,3.890212476253509521e-01,-5.574473738670349121e-01,-6.523262709379196167e-02,4.519173800945281982e-01,-8.326859027147293091e-02,6.580441445112228394e-02,-6.988583207130432129e-01,6.343527436256408691e-01,5.780411362648010254e-01,-3.468277398496866226e-03,-5.103507637977600098e-01,4.145244956016540527e-01,5.812231302261352539e-01,-1.897342354059219360e-01,-5.788002014160156250e-01,5.643559098243713379e-01,2.345576435327529907e-01,5.828291773796081543e-01,2.251817137002944946e-01,-1.627866178750991821e-01,-4.488962292671203613e-01,-6.711015701293945312e-01,-1.984311342239379883e-01,-4.264272004365921021e-02,1.193659231066703796e-01,9.694751352071762085e-02,6.512629240751266479e-02,5.253903865814208984e-01,-5.660397559404373169e-02,7.317111012525856495e-04,-6.107721924781799316e-01,3.370738029479980469e-01,2.531876228749752045e-02,-5.642776489257812500e-01,-6.644788980484008789e-01,-1.300630867481231689e-01,1.243996173143386841e-01,2.617304399609565735e-02,2.111632674932479858e-01,7.547473907470703125e-02,-2.142921686172485352e-01,2.241533994674682617e-01,5.194486975669860840e-01,-5.678021907806396484e-01,9.075016528367996216e-02,-4.759993553161621094e-01,-1.561983861029148102e-02,-3.260475993156433105e-01,6.188523173332214355e-01,-2.946191430091857910e-01,-5.876060128211975098e-01,-3.198097983840852976e-04,5.965787172317504883e-01,-5.212680697441101074e-01,-5.799505710601806641e-01,6.936876177787780762e-01,7.197583327069878578e-04,-4.867590367794036865e-01,1.359435031190514565e-03,-5.004511475563049316e-01,-5.740832686424255371e-01,1.667826473712921143e-01,3.929764963686466217e-03,4.374815225601196289e-01,4.881132543087005615e-01,-2.416350692510604858e-01,-4.342511594295501709e-01,-6.474192142486572266e-01,5.056574344635009766e-01,-6.046417355537414551e-01,1.142239794135093689e-01,4.237471520900726318e-01,-2.001539905904792249e-05,-3.841332793235778809e-01,4.107929170131683350e-01,-1.788685768842697144e-01,3.395789489150047302e-02,-7.076369524002075195e-01,-5.343190431594848633e-01,7.243915796279907227e-01,3.472298979759216309e-01,-7.356856465339660645e-01,-5.463686585426330566e-01,5.333832278847694397e-02,-2.401915192604064941e-02,6.228345632553100586e-01,-6.922830939292907715e-01,-6.736427545547485352e-01,2.616000771522521973e-01,6.111007332801818848e-01,-5.814630985260009766e-01,9.794353693723678589e-02,3.476932942867279053e-01,-6.023553609848022461e-01,5.668837428092956543e-01,4.431887269020080566e-01,5.950426459312438965e-01,6.198937296867370605e-01,-4.762339591979980469e-01,-4.931665062904357910e-01,-5.224132537841796875e-01,-2.436666190624237061e-02,5.143367052078247070e-01
4.113707840442657471e-01,5.614187568426132202e-02,-4.755619168281555176e-01,2.400633543729782104e-01,6.466659307479858398e-01,-3.932372629642486572e-01,-4.966031014919281006e-02,6.597437858581542969e-01,3.600285947322845459e-01,3.962376415729522705e-01,-2.068363875150680542e-01,-3.907468020915985107e-01,3.993411958217620850e-01,4.093542993068695068e-01,4.772272706031799316e-01,7.499926090240478516e-01,-9.497463703155517578e-03,4.504461586475372314e-01,-3.790979087352752686e-01,-3.718432188034057617e-01,-2.632219195365905762e-01,2.227294743061065674e-01,2.675875127315521240e-01,-1.387463659048080444e-01,8.988782763481140137e-02,6.587808132171630859e-01,-5.013968944549560547e-01,-6.380949616432189941e-01,6.107630133628845215e-01,-3.497565388679504395e-01,-1.007650345563888550e-01,-5.513898134231567383e-01,2.160102128982543945e-01,4.543611109256744385e-01,-3.637779131531715393e-02,-6.158918738365173340e-01,4.815313518047332764e-01,5.612549781799316406e-01,-7.265478968620300293e-01,-5.449588894844055176e-01,5.808442831039428711e-01,1.271243691444396973e-01,4.312348663806915283e-01,2.072622925043106079e-01,7.136822491884231567e-02,-3.040757179260253906e-01,-5.073226690292358398e-01,-1.954757869243621826e-01,-1.496717706322669983e-02,-7.232088595628738403e-03,-1.267327070236206055e-01,-3.778388202190399170e-01,4.465512037277221680e-01,-7.374875247478485107e-02,-2.771793901920318604e-01,-6.822289824485778809e-01,3.050603568553924561e-01,2.871598675847053528e-02,-3.775099813938140869e-01,-1.942310035228729248e-01,-8.266539871692657471e-02,-2.574435994029045105e-02,6.036474369466304779e-03,3.886625468730926514e-01,1.128703653812408447e-01,-1.844496876001358032e-01,-2.563838381320238113e-03,6.694911718368530273e-01,-5.539886355400085449e-01,5.939077138900756836e-01,-6.533779501914978027e-01,-9.937313944101333618e-02,-6.540229916572570801e-02,4.830653965473175049e-01,-3.403766155242919922e-01,-6.173755526542663574e-01,-2.109322231262922287e-03,5.966130495071411133e-01,-1.518388390541076660e-01,-5.097932219505310059e-01,5.405252575874328613e-01,5.659295129589736462e-04,-6.297631859779357910e-01,-6.042460910975933075e-03,-7.104818224906921387e-01,-3.796975016593933105e-01,5.933191180229187012e-01,1.044308021664619446e-02,3.224072754383087158e-01,5.415726900100708008e-01,-2.468151748180389404e-01,1.676157861948013306e-01,-3.101136386394500732e-01,8.349567651748657227e-02,-5.014526844024658203e-01,-3.538148999214172363e-01,4.791728854179382324e-01,-2.283572030137293041e-05,-5.778053402900695801e-01,6.337919235229492188e-01,-5.502828359603881836e-01,6.171592473983764648e-01,-5.077730417251586914e-01,-6.244653463363647461e-01,5.046497583389282227e-01,2.621682360768318176e-02,-1.908918619155883789e-01,-4.749306440353393555e-01,-5.414083600044250488e-01,7.244258653372526169e-03,2.245403826236724854e-01,-2.313136756420135498e-01,-4.695273339748382568e-01,-1.805039793252944946e-01,6.273974180221557617e-01,-5.269792675971984863e-01,6.080669164657592773e-01,2.143094092607498169e-01,-6.610394716262817383e-01,1.773429065942764282e-01,2.758823931217193604e-01,4.408856928348541260e-01,4.366746246814727783e-01,-7.089510560035705566e-02,-3.457152247428894043e-01,-1.364299207925796509e-01,-4.567041061818599701e-03,5.180584788322448730e-01
-4.045006334781646729e-01,-1.743066869676113129e-02,7.850185036659240723e-02,6.425593793392181396e-02,-3.932372629642486572e-01,4.084848761558532715e-01,2.679178304970264435e-02,-4.554646909236907959e-01,-2.093300074338912964e-01,-1.151861399412155151e-01,1.745831519365310669e-01,2.045483589172363281e-01,-5.007650330662727356e-02,-1.192938461899757385e-01,-1.058381870388984680e-01,-3.877740502357482910e-01,8.874399936757981777e-04,-1.298366487026214600e-01,5.159490555524826050e-02,9.471136331558227539e-02,1.435561031103134155e-01,5.438586324453353882e-02,4.225782305002212524e-02,-1.512055564671754837e-02,-3.867245465517044067e-02,-3.467878401279449463e-01,1.199963837862014771e-01,4.277094006538391113e-01,-1.987764239311218262e-01,1.331628262996673584e-01,1.838027834892272949e-01,1.903768032789230347e-01,1.441198773682117462e-02,-1.127917021512985229e-01,1.933034881949424744e-02,2.386628389358520508e-01,-1.929735988378524780e-01,-2.021073848009109497e-01,4.146590232849121094e-01,2.728575170040130615e-01,-3.155203163623809814e-01,-6.730008870363235474e-02,-3.965402394533157349e-02,-5.328035354614257812e-02,1.922353636473417282e-03,-7.023175060749053955e-02,1.428349316120147705e-01,8.662550896406173706e-02,-1.043905839323997498e-01,4.325095191597938538e-02,1.877028197050094604e-01,2.076669782400131226e-01,-2.582669258117675781e-01,6.938316673040390015e-02,1.045630425214767456e-01,2.622854411602020264e-01,-1.806036978960037231e-01,-1.075287722051143646e-02,5.015634372830390930e-02,-6.565265357494354248e-02,9.759729355573654175e-02,-1.687327772378921509e-02,3.407044801861047745e-03,-2.641945779323577881e-01,-1.346996575593948364e-01,6.396106630563735962e-02,2.139583677053451538e-01,-2.883631885051727295e-01,2.235468626022338867e-01,-3.710126578807830811e-01,3.179484307765960693e-01,-1.497164219617843628e-01,2.533392235636711121e-02,-1.415175646543502808e-01,2.601066529750823975e-01,2.567019760608673096e-01,5.157534033060073853e-04,-1.750878244638442993e-01,2.922176383435726166e-02,1.854232698678970337e-01,-2.052194029092788696e-01,-1.433251891285181046e-04,2.709558606147766113e-01,1.958864042535424232e-03,4.083133339881896973e-01,8.140058256685733795e-03,-3.231163322925567627e-01,-5.168468691408634186e-03,-4.187272861599922180e-02,-2.393985688686370850e-01,1.533402055501937866e-01,-2.484031617641448975e-01,3.454024717211723328e-02,7.375741750001907349e-02,2.136382609605789185e-01,3.215782344341278076e-01,-1.191701069474220276e-01,1.238950062543153763e-05,2.588922381401062012e-01,-3.421126902103424072e-01,3.614397346973419189e-01,-4.300529062747955322e-01,1.713352501392364502e-01,2.669521272182464600e-01,-1.109838560223579407e-01,1.340710464864969254e-02,-7.018413394689559937e-02,9.090421348810195923e-02,4.489766657352447510e-01,-8.548537269234657288e-03,-1.189283654093742371e-02,-8.874778449535369873e-02,1.271550804376602173e-01,1.461749821901321411e-01,-2.056575715541839600e-01,1.926281899213790894e-01,-3.878075480461120605e-01,2.552676945924758911e-02,2.775081396102905273e-01,2.427266724407672882e-02,5.043385922908782959e-02,-1.877186745405197144e-01,-1.317524462938308716e-01,-1.671355068683624268e-01,1.042507961392402649e-01,-7.907473295927047729e-02,-2.042907662689685822e-02,-1.974293738603591919e-01
1.858871546573936939e-03,-1.136959623545408249e-02,8.792975544929504395e-02,-5.031154304742813110e-02,-4.966031014919281006e-02,2.679178304970264435e-02,4.163752123713493347e-02,-2.690153382718563080e-02,-9.350240975618362427e-02,-6.469885259866714478e-02,-2.614959888160228729e-02,4.977133125066757202e-02,-1.015660911798477173e-01,-8.372808247804641724e-02,-9.836521744728088379e-02,-1.192779839038848877e-01,1.697831903584301472e-03,-7.294947654008865356e-02,6.418099254369735718e-02,5.760687589645385742e-02,5.522210150957107544e-02,-7.171874493360519409e-02,-5.948685109615325928e-02,4.618652909994125366e-02,-1.381698250770568848e-02,-1.095381528139114380e-01,1.093256548047065735e-01,5.806550383567810059e-02,-8.516275137662887573e-02,3.447766602039337158e-02,-1.707120239734649658e-02,1.200065687298774719e-01,-4.653860256075859070e-02,-6.755694001913070679e-02,3.999108914285898209e-03,1.225626990199089050e-01,-7.244581729173660278e-02,-8.753018081188201904e-02,8.363029360771179199e-02,4.745642468333244324e-02,-7.661157846450805664e-02,-8.082849904894828796e-03,-9.376267343759536743e-02,-3.145798295736312866e-02,-2.140412852168083191e-02,1.028224304318428040e-01,7.500457763671875000e-02,2.224871702492237091e-02,2.508185617625713348e-02,-2.504077740013599396e-03,-5.924765486270189285e-03,7.851045578718185425e-03,-4.314368963241577148e-02,4.546253476291894913e-03,3.293594717979431152e-02,1.058946549892425537e-01,-2.258194610476493835e-02,-4.061270970851182938e-03,7.567045092582702637e-02,6.059723347425460815e-02,-8.057147264480590820e-03,1.987698953598737717e-03,-2.350647933781147003e-03,-3.052362985908985138e-02,1.283773221075534821e-03,3.148408234119415283e-02,-6.863442063331604004e-02,-1.005680710077285767e-01,9.863417595624923706e-02,-4.837685450911521912e-02,6.793499737977981567e-02,5.315101891756057739e-02,2.751946635544300079e-02,-9.714360535144805908e-02,1.229419186711311340e-02,7.845046371221542358e-02,5.852296599186956882e-04,-1.024185568094253540e-01,1.376200746744871140e-02,9.612621366977691650e-02,-7.683271169662475586e-02,-1.096310661523602903e-04,8.258850127458572388e-02,3.006687911693006754e-04,7.398349046707153320e-02,1.035797744989395142e-01,-4.163620993494987488e-02,-1.388721982948482037e-03,-1.043166741728782654e-01,-7.170922309160232544e-02,-1.175854355096817017e-03,2.758534066379070282e-02,6.848002225160598755e-02,-5.216011032462120056e-02,6.753140687942504883e-02,-1.282909046858549118e-02,-5.776013806462287903e-02,2.615045673337590415e-07,9.336147457361221313e-02,-6.960120052099227905e-02,2.091241069138050079e-02,-5.300666391849517822e-02,9.980505704879760742e-02,9.213124960660934448e-02,-9.715042263269424438e-02,4.589400440454483032e-02,6.354495882987976074e-02,1.097426638007164001e-01,2.569472603499889374e-02,2.556940307840704918e-03,-9.616202861070632935e-02,6.150903180241584778e-02,9.128183871507644653e-02,2.869818359613418579e-02,-8.698642998933792114e-02,8.564905077219009399e-02,-6.778997182846069336e-02,-4.467882215976715088e-02,8.761391043663024902e-02,-5.151757225394248962e-02,-6.869222223758697510e-02,-6.128991022706031799e-02,-8.216764777898788452e-02,7.170887291431427002e-02,5.421736091375350952e-02,6.296142190694808960e-02,-3.678268112707883120e-04,-6.052968278527259827e-02
4.889466464519500732e-01,4.190371185541152954e-02,-3.585945963859558105e-01,1.243922561407089233e-01,6.597437858581542969e-01,-4.554646909236907959e-01,-2.690153382718563080e-02,7.446619868278503418e-01,2.683027386665344238e-01,3.088684380054473877e-01,-2.031544893980026245e-01,-3.933793008327484131e-01,2.962218225002288818e-01,3.328163325786590576e-01,3.761158585548400879e-01,6.891958713531494141e-01,-6.876203697174787521e-03,3.583646714687347412e-01,-2.452663183212280273e-01,-2.973816990852355957e-01,-1.520261019468307495e-01,1.241297647356987000e-01,1.658228188753128052e-01,-1.044872030615806580e-01,7.829575985670089722e-02,6.044802665710449219e-01,-3.972404301166534424e-01,-6.796411871910095215e-01,5.758517980575561523e-01,-3.451173603534698486e-01,-1.677259802818298340e-01,-4.244858324527740479e-01,6.496006995439529419e-02,4.004319608211517334e-01,-4.331853985786437988e-02,-5.317396521568298340e-01,4.389386475086212158e-01,4.806166887283325195e-01,-7.501757144927978516e-01,-4.966104924678802490e-01,5.048601031303405762e-01,9.452769160270690918e-02,3.055003881454467773e-01,1.805803775787353516e-01,1.391899287700653076e-01,-2.003568559885025024e-01,-4.122762978076934814e-01,-1.775394231081008911e-01,1.141544058918952942e-02,-1.064139753580093384e-01,-1.987404972314834595e-01,-4.804781377315521240e-01,3.889463245868682861e-01,-8.826824277639389038e-02,-3.106258511543273926e-01,-5.981427431106567383e-01,3.117466568946838379e-01,2.770127356052398682e-02,-2.388017028570175171e-01,-5.997624620795249939e-02,-7.955205440521240234e-02,-4.605858400464057922e-02,-3.837407857645303011e-04,3.614569902420043945e-01,1.110990568995475769e-01,-1.545039415359497070e-01,-1.384299844503402710e-01,5.974420309066772461e-01,-4.766556620597839355e-01,6.386446356773376465e-01,-6.272248625755310059e-01,-9.495231509208679199e-02,-1.953006722033023834e-03,4.015317857265472412e-01,-2.918007075786590576e-01,-5.267297625541687012e-01,-1.960685010999441147e-03,5.165818333625793457e-01,-7.229980826377868652e-02,-4.227431416511535645e-01,4.438508749008178711e-01,4.977909266017377377e-04,-5.888668894767761230e-01,-7.083917036652565002e-03,-6.616545915603637695e-01,-2.673975527286529541e-01,6.258378624916076660e-01,1.107532810419797897e-02,2.015837132930755615e-01,5.113076567649841309e-01,-2.320142537355422974e-01,3.483441174030303955e-01,-1.797178536653518677e-01,-3.406057879328727722e-02,-4.172283113002777100e-01,-4.553073048591613770e-01,4.118634760379791260e-01,-2.267044328618794680e-05,-5.483450293540954590e-01,5.946909189224243164e-01,-6.361038088798522949e-01,6.833500266075134277e-01,-3.955557942390441895e-01,-5.649762749671936035e-01,3.596950471401214600e-01,1.074808463454246521e-02,-8.877387270331382751e-03,-3.639585077762603760e-01,-6.344114542007446289e-01,1.638550125062465668e-02,9.049496799707412720e-02,-9.508318454027175903e-02,-3.643669784069061279e-01,-1.999659985303878784e-01,5.470206141471862793e-01,-4.349192976951599121e-01,6.514248847961425781e-01,1.631874740123748779e-01,-5.881168842315673828e-01,5.525688454508781433e-02,1.657493114471435547e-01,3.555602431297302246e-01,3.233658969402313232e-01,9.653236716985702515e-02,-3.186566829681396484e-01,-1.159177720546722412e-02,1.504824403673410416e-02,4.591723382472991943e-01
1.785632520914077759e-01,6.444096565246582031e-02,-5.334852337837219238e-01,4.529637694358825684e-01,3.600285947322845459e-01,-2.093300074338912964e-01,-9.350240975618362427e-02,2.683027386665344238e-01,5.569288730621337891e-01,4.611984193325042725e-01,-2.472086250782012939e-01,-3.294237554073333740e-01,3.369185626506805420e-01,5.234363675117492676e-01,5.438007116317749023e-01,5.977633595466613770e-01,-7.475704420357942581e-03,4.099228680133819580e-01,-5.527834296226501465e-01,-4.615859389305114746e-01,-5.638244152069091797e-01,4.035228192806243896e-01,3.653970360755920410e-01,-1.614399999380111694e-01,1.047039851546287537e-01,5.228989124298095703e-01,-5.250338912010192871e-01,-2.681227922439575195e-01,3.991481959819793701e-01,-1.248817145824432373e-01,-4.854753986001014709e-02,-7.047068476676940918e-01,4.951646625995635986e-01,4.774234890937805176e-01,-9.107340127229690552e-03,-5.542812347412109375e-01,4.171738326549530029e-01,5.472166538238525391e-01,-3.190335929393768311e-01,-5.682271122932434082e-01,6.229380965232849121e-01,2.148229330778121948e-01,4.619655311107635498e-01,1.862992495298385620e-01,-1.623212695121765137e-01,-3.145810961723327637e-01,-5.622267723083496094e-01,-1.760185956954956055e-01,5.657181516289710999e-02,8.149871975183486938e-02,-2.506941370666027069e-02,1.614826172590255737e-02,5.526652932167053223e-01,-8.527360856533050537e-02,-1.869047991931438446e-02,-6.028811335563659668e-01,3.228264749050140381e-01,2.283473312854766846e-02,-4.718500673770904541e-01,-4.574570357799530029e-01,-1.657872200012207031e-01,1.471274942159652710e-01,1.907728053629398346e-02,3.346238434314727783e-01,1.508230715990066528e-01,-1.986146122217178345e-01,8.244514465332031250e-02,5.543880462646484375e-01,-5.820989608764648438e-01,2.481053769588470459e-01,-4.993397891521453857e-01,1.017430126667022705e-01,-3.058610558509826660e-01,5.505595207214355469e-01,-3.868770003318786621e-01,-5.844277143478393555e-01,-6.525856442749500275e-04,5.359556674957275391e-01,-3.926301896572113037e-01,-5.656108260154724121e-01,6.403649449348449707e-01,6.028105854056775570e-04,-4.927963018417358398e-01,1.183300861157476902e-03,-5.910772085189819336e-01,-4.414594769477844238e-01,2.651578783988952637e-01,5.262453574687242508e-03,4.325270354747772217e-01,4.839288294315338135e-01,-2.327523529529571533e-01,-2.456336319446563721e-01,-5.347338318824768066e-01,3.875958621501922607e-01,-5.748610496520996094e-01,-5.003016442060470581e-02,3.286892473697662354e-01,-1.855950722529087216e-05,-4.411402046680450439e-01,4.832481443881988525e-01,-2.729148566722869873e-01,2.534520030021667480e-01,-6.564881801605224609e-01,-5.469356179237365723e-01,6.459724307060241699e-01,1.662243604660034180e-01,-5.733060240745544434e-01,-4.723411798477172852e-01,-1.868264079093933105e-01,-1.962935179471969604e-02,5.675513744354248047e-01,-4.870719015598297119e-01,-5.840682387351989746e-01,1.027234122157096863e-01,5.286819338798522949e-01,-5.651986002922058105e-01,2.753546535968780518e-01,2.155864983797073364e-01,-5.930616259574890137e-01,4.258968234062194824e-01,2.749452888965606689e-01,5.705341696739196777e-01,5.607171058654785156e-01,-2.951057255268096924e-01,-4.146524369716644287e-01,-3.827159702777862549e-01,2.662472834344953299e-04,4.869097471237182617e-01
1.028901487588882446e-01,6.773434579372406006e-02,-6.382510662078857422e-01,5.106256604194641113e-01,3.962376415729522705e-01,-1.151861399412155151e-01,-6.469885259866714478e-02,3.088684380054473877e-01,4.611984193325042725e-01,5.106640458106994629e-01,-1.774353533983230591e-01,-3.352528810501098633e-01,4.695664346218109131e-01,5.533481836318969727e-01,6.153417229652404785e-01,6.711996197700500488e-01,-1.163990329951047897e-02,4.732677042484283447e-01,-6.152268648147583008e-01,-5.063230991363525391e-01,-4.665667712688446045e-01,4.538701474666595459e-01,4.665387868881225586e-01,-2.282120734453201294e-01,1.045690476894378662e-01,5.805950760841369629e-01,-6.322479844093322754e-01,-3.183261752128601074e-01,5.636194944381713867e-01,-2.402035444974899292e-01,3.357391059398651123e-02,-7.450038790702819824e-01,4.966732263565063477e-01,5.665413737297058105e-01,-1.613339781761169434e-02,-6.519769430160522461e-01,4.707290828227996826e-01,6.205403804779052734e-01,-4.344417154788970947e-01,-5.663918852806091309e-01,6.008371114730834961e-01,1.726972460746765137e-01,5.794053673744201660e-01,2.258120924234390259e-01,-6.628391146659851074e-02,-4.797167181968688965e-01,-6.287444829940795898e-01,-1.703427433967590332e-01,-2.730183862149715424e-02,6.945364177227020264e-02,4.428945854306221008e-02,-9.680209308862686157e-02,5.002093315124511719e-01,-5.653367191553115845e-02,-1.267798095941543579e-01,-7.168782353401184082e-01,2.873919904232025146e-01,2.660470269620418549e-02,-5.457311868667602539e-01,-4.698498249053955078e-01,-1.101005896925926208e-01,8.111219853162765503e-02,1.896153017878532410e-02,3.136698305606842041e-01,8.210689574480056763e-02,-2.120760679244995117e-01,2.043025195598602295e-01,6.433249115943908691e-01,-6.317944526672363281e-01,3.126325905323028564e-01,-5.714104175567626953e-01,-1.149426922202110291e-01,-2.379568964242935181e-01,5.998515486717224121e-01,-3.120793402194976807e-01,-6.537588834762573242e-01,-1.466590096242725849e-03,6.635035872459411621e-01,-3.392392992973327637e-01,-6.077908873558044434e-01,6.773867607116699219e-01,6.776062073186039925e-04,-5.728788971900939941e-01,-2.110759960487484932e-03,-6.085889935493469238e-01,-5.372014641761779785e-01,3.675892651081085205e-01,6.799422670155763626e-03,5.004311800003051758e-01,5.254855155944824219e-01,-1.989809572696685791e-01,-2.338138520717620850e-01,-5.602037310600280762e-01,3.820095658302307129e-01,-5.879654884338378906e-01,-4.164170846343040466e-02,4.419241845607757568e-01,-1.893627268145792186e-05,-5.041708946228027344e-01,5.219616293907165527e-01,-3.160507977008819580e-01,3.022144436836242676e-01,-6.763339042663574219e-01,-6.199615001678466797e-01,7.437454462051391602e-01,1.100423112511634827e-01,-5.779848098754882812e-01,-5.807348489761352539e-01,-1.632249206304550171e-01,-1.532766316086053848e-02,5.264658331871032715e-01,-5.687188506126403809e-01,-6.190853118896484375e-01,7.417351007461547852e-02,6.424365043640136719e-01,-6.136600971221923828e-01,3.260288834571838379e-01,3.060899078845977783e-01,-6.720407605171203613e-01,4.162234663963317871e-01,3.942728042602539062e-01,5.579821467399597168e-01,5.763385295867919922e-01,-3.561996519565582275e-01,-4.406606853008270264e-01,-4.076777696609497070e-01,-1.577210612595081329e-02,5.588514804840087891e-01
-2.453030645847320557e-01,-1.901501044631004333e-02,1.690795272588729858e-01,-2.524780035018920898e-01,-2.068363875150680542e-01,1.745831519365310669e-01,-2.614959888160228729e-02,-2.031544893980026245e-01,-2.472086250782012939e-01,-1.774353533983230591e-01,4.001103043556213379e-01,1.561549752950668335e-01,9.522268921136856079e-02,-1.935567408800125122e-01,-1.671557128429412842e-01,-1.703970134258270264e-01,-1.368384459055960178e-03,-1.437477320432662964e-01,2.867549955844879150e-01,2.027810513973236084e-01,3.849311172962188721e-01,-1.089601665735244751e-01,-8.589927852153778076e-02,-6.086254119873046875e-02,-5.205941572785377502e-02,-1.095118671655654907e-01,6.830881536006927490e-02,6.406439840793609619e-02,-4.215446859598159790e-02,-6.204733625054359436e-02,1.706388294696807861e-01,2.545430958271026611e-01,-3.148721754550933838e-01,-1.876202523708343506e-01,-6.593729369342327118e-03,7.197624444961547852e-02,-1.267337203025817871e-01,-2.078776806592941284e-01,1.585087366402149200e-02,4.161689579486846924e-01,-3.793739676475524902e-01,-2.099510431289672852e-01,-6.963778287172317505e-02,-5.409644544124603271e-02,2.678157687187194824e-01,-1.544973254203796387e-01,2.836794555187225342e-01,1.229512318968772888e-01,-1.669352203607559204e-01,-8.412516862154006958e-02,1.090681999921798706e-01,-6.893667578697204590e-02,-4.291599690914154053e-01,9.057208150625228882e-02,-1.381222903728485107e-01,1.985607892274856567e-01,-2.774567008018493652e-01,-7.444284856319427490e-03,1.475065797567367554e-01,2.449839115142822266e-01,2.057968676090240479e-01,-1.545176506042480469e-01,-9.466439485549926758e-03,-2.255266755819320679e-01,-1.831863671541213989e-01,7.628712803125381470e-02,2.430394738912582397e-01,-1.739191412925720215e-01,1.929501742124557495e-01,-6.563448160886764526e-02,2.496755570173263550e-01,-4.178053736686706543e-01,2.093140184879302979e-01,-1.866458654403686523e-01,3.823414742946624756e-01,2.864915728569030762e-01,-1.863696728833019733e-03,-1.253196597099304199e-01,3.761761188507080078e-01,1.974209547042846680e-01,-3.717484176158905029e-01,-1.684276794549077749e-04,1.806728094816207886e-01,-3.986927215009927750e-03,3.600970804691314697e-01,2.715157531201839447e-02,-7.216082513332366943e-02,-3.323531473142793402e-06,1.955408602952957153e-02,-2.141556143760681152e-01,2.807508111000061035e-01,1.166683137416839600e-01,2.565878033638000488e-01,-1.582606136798858643e-01,3.330034613609313965e-01,1.262657195329666138e-01,-1.059561297297477722e-01,1.768489528330974281e-05,8.351345360279083252e-02,-2.423060238361358643e-01,1.961351633071899414e-01,-5.384520813822746277e-02,3.083584904670715332e-01,2.003614902496337891e-01,-2.421131879091262817e-01,-4.058305919170379639e-01,3.396826684474945068e-01,4.080815613269805908e-02,1.415356993675231934e-01,8.962495252490043640e-03,-2.135783582925796509e-01,1.989180445671081543e-01,2.666007578372955322e-01,-1.823638081550598145e-01,-2.133778035640716553e-01,2.370522618293762207e-01,-2.761799283325672150e-02,-1.722411997616291046e-02,2.724596858024597168e-01,-2.364289611577987671e-01,2.338976785540580750e-02,-3.486844897270202637e-01,-2.611007690429687500e-01,-6.207533180713653564e-03,1.988683491945266724e-01,1.141191050410270691e-01,-2.388696419075131416e-03,-2.273559272289276123e-01
-1.967384666204452515e-01,-4.383192956447601318e-02,4.224743247032165527e-01,-2.993952631950378418e-01,-3.907468020915985107e-01,2.045483589172363281e-01,4.977133125066757202e-02,-3.933793008327484131e-01,-3.294237554073333740e-01,-3.352528810501098633e-01,1.561549752950668335e-01,3.033842444419860840e-01,-2.901379466056823730e-01,-3.992865681648254395e-01,-4.315936863422393799e-01,-5.738049149513244629e-01,6.194085348397493362e-03,-3.201472759246826172e-01,3.722073137760162354e-01,3.427198827266693115e-01,2.970191240310668945e-01,-2.773829698562622070e-01,-2.719531059265136719e-01,1.394309252500534058e-01,-7.774792611598968506e-02,-4.745914638042449951e-01,4.353898465633392334e-01,3.568623661994934082e-01,-4.604577422142028809e-01,1.823328584432601929e-01,6.399178504943847656e-02,5.283459424972534180e-01,-2.549549639225006104e-01,-4.213765561580657959e-01,2.204121463000774384e-02,4.956959187984466553e-01,-3.578903377056121826e-01,-4.604262411594390869e-01,4.600025117397308350e-01,4.557229578495025635e-01,-4.688425958156585693e-01,-1.213867738842964172e-01,-3.612433373928070068e-01,-1.623642295598983765e-01,-1.309344358742237091e-02,2.851697802543640137e-01,4.504238069057464600e-01,1.384805142879486084e-01,-2.062550978735089302e-03,4.317845031619071960e-02,6.758353114128112793e-02,1.869093924760818481e-01,-3.864620327949523926e-01,6.532893329858779907e-02,1.401771157979965210e-01,5.586429834365844727e-01,-2.664778232574462891e-01,-2.214729599654674530e-02,3.123153448104858398e-01,2.607929110527038574e-01,8.892052620649337769e-02,-4.478595033288002014e-02,-9.158945642411708832e-03,-2.441339045763015747e-01,-8.011745661497116089e-02,1.511698514223098755e-01,-1.587661541998386383e-02,-5.080354213714599609e-01,4.723066687583923340e-01,-3.367947936058044434e-01,4.835366010665893555e-01,6.450374424457550049e-02,1.407658606767654419e-01,-4.439208805561065674e-01,2.255607992410659790e-01,4.801784157752990723e-01,1.124450704082846642e-03,-5.015504360198974609e-01,2.042621672153472900e-01,4.491640329360961914e-01,-4.958783090114593506e-01,-5.150180077180266380e-04,4.718589782714843750e-01,2.533886115998029709e-03,5.217473506927490234e-01,3.509881496429443359e-01,-3.519894480705261230e-01,-6.678982172161340714e-03,-2.912063598632812500e-01,-4.300315976142883301e-01,1.657229214906692505e-01,-7.335195317864418030e-03,3.323296904563903809e-01,-1.922090053558349609e-01,4.254003167152404785e-01,1.555838882923126221e-01,-3.049626350402832031e-01,1.632413295737933367e-05,4.237376749515533447e-01,-4.330449402332305908e-01,3.710090219974517822e-01,-3.604671061038970947e-01,4.891586601734161377e-01,4.913470447063446045e-01,-4.774014353752136230e-01,-8.355023711919784546e-02,2.846519052982330322e-01,3.867913484573364258e-01,2.766295075416564941e-01,3.525425447151064873e-03,-3.187955617904663086e-01,3.116033971309661865e-01,4.373529851436614990e-01,-1.788773015141487122e-02,-4.922200441360473633e-01,4.383344948291778564e-01,-3.644590079784393311e-01,-1.917243152856826782e-01,5.259064435958862305e-01,-2.294824421405792236e-01,-2.111594229936599731e-01,-3.984235823154449463e-01,-3.920418620109558105e-01,1.241283342242240906e-01,3.508192002773284912e-01,2.081905156373977661e-01,-1.105194445699453354e-02,-4.076208770275115967e-01
