9.999980926513671875e-01,-9.999979734420776367e-01,-9.999846220016479492e-01,9.999980926513671875e-01,9.999988079071044922e-01,-9.999983906745910645e-01,9.999911189079284668e-01,9.999988675117492676e-01,-9.999966025352478027e-01,9.999963641166687012e-01,-9.999964833259582520e-01,-9.999988079071044922e-01,9.999980330467224121e-01,9.999976158142089844e-01,9.999489784240722656e-01,9.999977350234985352e-01,9.999976754188537598e-01,-9.999982118606567383e-01,9.999767541885375977e-01,-9.999989867210388184e-01,-9.999988675117492676e-01,9.999844431877136230e-01,9.999975562095642090e-01,9.999983906745910645e-01,9.999879002571105957e-01,9.999988675117492676e-01,-9.999983906745910645e-01,-9.999988079071044922e-01,9.999702572822570801e-01,-9.999958872795104980e-01,-9.999964237213134766e-01,-9.999984502792358398e-01,9.999954104423522949e-01,9.999977350234985352e-01,-9.999964833259582520e-01,-9.999926090240478516e-01,9.999988675117492676e-01,9.999985098838806152e-01,9.999927878379821777e-01,-9.999987483024597168e-01,9.999982714653015137e-01,-9.999971389770507812e-01,9.999297857284545898e-01,9.999985098838806152e-01,9.999966025352478027e-01,9.999975562095642090e-01,9.999946951866149902e-01,9.999975562095642090e-01,9.999986886978149414e-01,-9.999985098838806152e-01,-9.999986290931701660e-01,-9.999969601631164551e-01,-9.999984502792358398e-01,-9.999898672103881836e-01,-9.999955296516418457e-01,-9.999976158142089844e-01,-9.999976158142089844e-01,9.999772310256958008e-01,9.999975562095642090e-01,9.999976754188537598e-01,-9.999954104423522949e-01,9.999988079071044922e-01,9.999980926513671875e-01,9.999948143959045410e-01,-9.999953508377075195e-01,-9.999987483024597168e-01,-9.999988079071044922e-01,-9.999930858612060547e-01,-9.999982118606567383e-01,9.999988079071044922e-01,-9.999984502792358398e-01,9.999975562095642090e-01,9.999963641166687012e-01,-9.999876022338867188e-01,9.997961521148681641e-01,-9.999979138374328613e-01,9.999879002571105957e-01,9.999983310699462891e-01,-9.999889731407165527e-01,-9.999971985816955566e-01,-9.999185800552368164e-01,9.999973773956298828e-01,-9.999986290931701660e-01,9.999811053276062012e-01,-9.999982714653015137e-01,-9.999817609786987305e-01,9.999928474426269531e-01,9.999985694885253906e-01,-9.999753236770629883e-01,9.999976158142089844e-01,-9.999982118606567383e-01,9.999982714653015137e-01,-9.999710321426391602e-01,-9.999981522560119629e-01,9.999983906745910645e-01,-9.999974370002746582e-01,-9.999797344207763672e-01,9.999988079071044922e-01,-9.999986886978149414e-01,9.999896287918090820e-01,-9.999973177909851074e-01,9.999985694885253906e-01,-9.999841451644897461e-01,-9.999787807464599609e-01,9.999983310699462891e-01,9.999957680702209473e-01,9.999817609786987305e-01,-9.999973177909851074e-01,-9.999943375587463379e-01,9.999983310699462891e-01,-9.999974370002746582e-01,9.999983906745910645e-01,-9.999978542327880859e-01,-9.999899864196777344e-01,9.999988675117492676e-01,-9.999982714653015137e-01,9.999983310699462891e-01,-9.999986290931701660e-01,-9.999908804893493652e-01,-9.999977946281433105e-01,-9.999988675117492676e-01,9.999956488609313965e-01,9.999985694885253906e-01,-9.999971985816955566e-01,9.999718070030212402e-01,-9.999948143959045410e-01,9.998572468757629395e-01,-9.999977350234985352e-01
-9.999979734420776367e-01,9.999981522560119629e-01,9.999850392341613770e-01,-9.999981522560119629e-01,-9.999988079071044922e-01,9.999983906745910645e-01,-9.999912977218627930e-01,-9.999989271163940430e-01,9.999966621398925781e-01,-9.999964237213134766e-01,9.999965429306030273e-01,9.999988079071044922e-01,-9.999979138374328613e-01,-9.999975562095642090e-01,-9.999498724937438965e-01,-9.999977946281433105e-01,-9.999976754188537598e-01,9.999982118606567383e-01,-9.999772310256958008e-01,9.999990463256835938e-01,9.999988675117492676e-01,-9.999849200248718262e-01,-9.999976158142089844e-01,-9.999983310699462891e-01,-9.999881982803344727e-01,-9.999989271163940430e-01,9.999983906745910645e-01,9.999988675117492676e-01,-9.999707341194152832e-01,9.999959468841552734e-01,9.999963641166687012e-01,9.999985098838806152e-01,-9.999955296516418457e-01,-9.999977946281433105e-01,9.999965429306030273e-01,9.999929070472717285e-01,-9.999989271163940430e-01,-9.999985694885253906e-01,-9.999929070472717285e-01,9.999987483024597168e-01,-9.999982714653015137e-01,9.999971389770507812e-01,-9.999312162399291992e-01,-9.999984502792358398e-01,-9.999966025352478027e-01,-9.999976158142089844e-01,-9.999947547912597656e-01,-9.999975562095642090e-01,-9.999987483024597168e-01,9.999985098838806152e-01,9.999985694885253906e-01,9.999970793724060059e-01,9.999985098838806152e-01,9.999900460243225098e-01,9.999957084655761719e-01,9.999976754188537598e-01,9.999977350234985352e-01,-9.999776482582092285e-01,-9.999976158142089844e-01,-9.999977350234985352e-01,9.999954104423522949e-01,-9.999988675117492676e-01,-9.999980926513671875e-01,-9.999949336051940918e-01,9.999955296516418457e-01,9.999987483024597168e-01,9.999989271163940430e-01,9.999930858612060547e-01,9.999981522560119629e-01,-9.999988079071044922e-01,9.999985098838806152e-01,-9.999976158142089844e-01,-9.999965429306030273e-01,9.999877214431762695e-01,-9.998002648353576660e-01,9.999979734420776367e-01,-9.999881386756896973e-01,-9.999983310699462891e-01,9.999890923500061035e-01,9.999972581863403320e-01,9.999201297760009766e-01,-9.999973773956298828e-01,9.999986290931701660e-01,-9.999814629554748535e-01,9.999983310699462891e-01,9.999820590019226074e-01,-9.999929666519165039e-01,-9.999986290931701660e-01,9.999758005142211914e-01,-9.999977350234985352e-01,9.999982714653015137e-01,-9.999983310699462891e-01,9.999716281890869141e-01,9.999980926513671875e-01,-9.999983906745910645e-01,9.999974966049194336e-01,9.999800920486450195e-01,-9.999988079071044922e-01,9.999986290931701660e-01,-9.999898076057434082e-01,9.999973773956298828e-01,-9.999986290931701660e-01,9.999843239784240723e-01,9.999791979789733887e-01,-9.999983310699462891e-01,-9.999958276748657227e-01,-9.999821186065673828e-01,9.999974370002746582e-01,9.999944567680358887e-01,-9.999983310699462891e-01,9.999974966049194336e-01,-9.999984502792358398e-01,9.999978542327880859e-01,9.999902248382568359e-01,-9.999989271163940430e-01,9.999982714653015137e-01,-9.999983906745910645e-01,9.999986290931701660e-01,9.999910593032836914e-01,9.999979138374328613e-01,9.999988675117492676e-01,-9.999957084655761719e-01,-9.999986290931701660e-01,9.999972581863403320e-01,-9.999723434448242188e-01,9.999949336051940918e-01,-9.998600482940673828e-01,9.999977946281433105e-01
-9.999846220016479492e-01,9.999850392341613770e-01,9.998770952224731445e-01,-9.999848604202270508e-01,-9.999904632568359375e-01,9.999878406524658203e-01,-9.999290704727172852e-01,-9.999914765357971191e-01,9.999737739562988281e-01,-9.999713301658630371e-01,9.999729394912719727e-01,9.999905824661254883e-01,-9.999843239784240723e-01,-9.999809861183166504e-01,-9.995902776718139648e-01,-9.999819397926330566e-01,-9.999814033508300781e-01,9.999864101409912109e-01,-9.998137354850769043e-01,9.999918937683105469e-01,9.999909400939941406e-01,-9.998750090599060059e-01,-9.999809861183166504e-01,-9.999873638153076172e-01,-9.999028444290161133e-01,-9.999917149543762207e-01,9.999872446060180664e-01,9.999907612800598145e-01,-9.997609257698059082e-01,9.999682903289794922e-01,9.999716281890869141e-01,9.999884963035583496e-01,-9.999636411666870117e-01,-9.999820590019226074e-01,9.999728798866271973e-01,9.999416470527648926e-01,-9.999913573265075684e-01,-9.999889135360717773e-01,-9.999418854713439941e-01,9.999902248382568359e-01,-9.999869465827941895e-01,9.999774694442749023e-01,-9.994370341300964355e-01,-9.999883174896240234e-01,-9.999734759330749512e-01,-9.999806880950927734e-01,-9.999573230743408203e-01,-9.999805092811584473e-01,-9.999897480010986328e-01,9.999880194664001465e-01,9.999890923500061035e-01,9.999765157699584961e-01,9.999878406524658203e-01,9.999182820320129395e-01,9.999641180038452148e-01,9.999815821647644043e-01,9.999819993972778320e-01,-9.998167157173156738e-01,-9.999810457229614258e-01,-9.999824166297912598e-01,9.999629855155944824e-01,-9.999908208847045898e-01,-9.999855756759643555e-01,-9.999594688415527344e-01,9.999631047248840332e-01,9.999898672103881836e-01,9.999911785125732422e-01,9.999441504478454590e-01,9.999857544898986816e-01,-9.999904036521911621e-01,9.999884963035583496e-01,-9.999812841415405273e-01,-9.999722838401794434e-01,9.999001622200012207e-01,-9.983647465705871582e-01,9.999837279319763184e-01,-9.999026656150817871e-01,-9.999867081642150879e-01,9.999112486839294434e-01,9.999778270721435547e-01,9.993466138839721680e-01,-9.999797940254211426e-01,9.999896883964538574e-01,-9.998480677604675293e-01,9.999864697456359863e-01,9.998535513877868652e-01,-9.999422430992126465e-01,-9.999894499778747559e-01,9.998015165328979492e-01,-9.999817013740539551e-01,9.999860525131225586e-01,-9.999863505363464355e-01,9.997680783271789551e-01,9.999852180480957031e-01,-9.999877810478210449e-01,9.999801516532897949e-01,9.998371005058288574e-01,-9.999907612800598145e-01,9.999896883964538574e-01,-9.999164342880249023e-01,9.999788403511047363e-01,-9.999887943267822266e-01,9.998722672462463379e-01,9.998293519020080566e-01,-9.999873638153076172e-01,-9.999660253524780273e-01,-9.998534321784973145e-01,9.999790191650390625e-01,9.999547004699707031e-01,-9.999874830245971680e-01,9.999797940254211426e-01,-9.999880194664001465e-01,9.999831914901733398e-01,9.999195933341979980e-01,-9.999916553497314453e-01,9.999869465827941895e-01,-9.999874830245971680e-01,9.999895691871643066e-01,9.999271035194396973e-01,9.999834895133972168e-01,9.999904036521911621e-01,-9.999647736549377441e-01,-9.999888539314270020e-01,9.999784231185913086e-01,-9.997731447219848633e-01,9.999584555625915527e-01,-9.988541603088378906e-01,9.999820590019226074e-01
9.999980926513671875e-01,-9.999981522560119629e-01,-9.999848604202270508e-01,9.999982118606567383e-01,9.999988079071044922e-01,-9.999985098838806152e-01,9.999912381172180176e-01,9.999989867210388184e-01,-9.999967217445373535e-01,9.999965429306030273e-01,-9.999966025352478027e-01,-9.999988675117492676e-01,9.999980330467224121e-01,9.999976754188537598e-01,9.999494552612304688e-01,9.999977946281433105e-01,9.999976754188537598e-01,-9.999983310699462891e-01,9.999770522117614746e-01,-9.999990463256835938e-01,-9.999989271163940430e-01,9.999847412109375000e-01,9.999976158142089844e-01,9.999984502792358398e-01,9.999881386756896973e-01,9.999990463256835938e-01,-9.999983906745910645e-01,-9.999989271163940430e-01,9.999705553054809570e-01,-9.999959468841552734e-01,-9.999965429306030273e-01,-9.999985694885253906e-01,9.999955296516418457e-01,9.999979138374328613e-01,-9.999966025352478027e-01,-9.999927878379821777e-01,9.999989271163940430e-01,9.999985098838806152e-01,9.999929666519165039e-01,-9.999987483024597168e-01,9.999983906745910645e-01,-9.999971985816955566e-01,9.999304413795471191e-01,9.999985694885253906e-01,9.999967813491821289e-01,9.999976754188537598e-01,9.999947547912597656e-01,9.999976158142089844e-01,9.999988079071044922e-01,-9.999985098838806152e-01,-9.999986290931701660e-01,-9.999970793724060059e-01,-9.999984502792358398e-01,-9.999900460243225098e-01,-9.999956488609313965e-01,-9.999976754188537598e-01,-9.999977350234985352e-01,9.999774098396301270e-01,9.999976158142089844e-01,9.999977946281433105e-01,-9.999954700469970703e-01,9.999988675117492676e-01,9.999982118606567383e-01,9.999949336051940918e-01,-9.999954700469970703e-01,-9.999988079071044922e-01,-9.999989271163940430e-01,-9.999931454658508301e-01,-9.999982118606567383e-01,9.999988675117492676e-01,-9.999985694885253906e-01,9.999976754188537598e-01,9.999965429306030273e-01,-9.999877214431762695e-01,9.997981786727905273e-01,-9.999979734420776367e-01,9.999881386756896973e-01,9.999983310699462891e-01,-9.999890923500061035e-01,-9.999973177909851074e-01,-9.999193549156188965e-01,9.999973773956298828e-01,-9.999986290931701660e-01,9.999813437461853027e-01,-9.999983310699462891e-01,-9.999819993972778320e-01,9.999929070472717285e-01,9.999985694885253906e-01,-9.999755620956420898e-01,9.999977946281433105e-01,-9.999982714653015137e-01,9.999983906745910645e-01,-9.999714493751525879e-01,-9.999981522560119629e-01,9.999984502792358398e-01,-9.999974966049194336e-01,-9.999799132347106934e-01,9.999988675117492676e-01,-9.999986886978149414e-01,9.999898076057434082e-01,-9.999973177909851074e-01,9.999986886978149414e-01,-9.999842643737792969e-01,-9.999789595603942871e-01,9.999983906745910645e-01,9.999958872795104980e-01,9.999819993972778320e-01,-9.999974370002746582e-01,-9.999945163726806641e-01,9.999984502792358398e-01,-9.999974966049194336e-01,9.999985098838806152e-01,-9.999979734420776367e-01,-9.999901652336120605e-01,9.999989867210388184e-01,-9.999984502792358398e-01,9.999984502792358398e-01,-9.999986886978149414e-01,-9.999909400939941406e-01,-9.999978542327880859e-01,-9.999989271163940430e-01,9.999957084655761719e-01,9.999986290931701660e-01,-9.999973177909851074e-01,9.999720454216003418e-01,-9.999949932098388672e-01,9.998586177825927734e-01,-9.999977946281433105e-01
9.999988079071044922e-01,-9.999988079071044922e-01,-9.999904632568359375e-01,9.999988079071044922e-01,9.999992847442626953e-01,-9.999991059303283691e-01,9.999945163726806641e-01,9.999993443489074707e-01,-9.999978542327880859e-01,9.999977946281433105e-01,-9.999978542327880859e-01,-9.999992847442626953e-01,9.999987483024597168e-01,9.999985098838806152e-01,9.999682307243347168e-01,9.999985694885253906e-01,9.999986290931701660e-01,-9.999988675117492676e-01,9.999854564666748047e-01,-9.999994635581970215e-01,-9.999994039535522461e-01,9.999903440475463867e-01,9.999985098838806152e-01,9.999990463256835938e-01,9.999924898147583008e-01,9.999994039535522461e-01,-9.999990463256835938e-01,-9.999993443489074707e-01,9.999814629554748535e-01,-9.999974966049194336e-01,-9.999977946281433105e-01,-9.999990463256835938e-01,9.999971389770507812e-01,9.999986886978149414e-01,-9.999978542327880859e-01,-9.999954700469970703e-01,9.999993443489074707e-01,9.999991655349731445e-01,9.999954700469970703e-01,-9.999992847442626953e-01,9.999989867210388184e-01,-9.999982118606567383e-01,9.999561905860900879e-01,9.999990463256835938e-01,9.999979138374328613e-01,9.999984502792358398e-01,9.999966621398925781e-01,9.999984502792358398e-01,9.999993443489074707e-01,-9.999991059303283691e-01,-9.999992251396179199e-01,-9.999981522560119629e-01,-9.999991059303283691e-01,-9.999937415122985840e-01,-9.999972581863403320e-01,-9.999985694885253906e-01,-9.999985098838806152e-01,9.999858140945434570e-01,9.999985098838806152e-01,9.999985098838806152e-01,-9.999970793724060059e-01,9.999993443489074707e-01,9.999988079071044922e-01,9.999967217445373535e-01,-9.999970793724060059e-01,-9.999993443489074707e-01,-9.999994039535522461e-01,-9.999955892562866211e-01,-9.999988079071044922e-01,9.999994039535522461e-01,-9.999990463256835938e-01,9.999984502792358398e-01,9.999977946281433105e-01,-9.999922513961791992e-01,9.998728036880493164e-01,-9.999988079071044922e-01,9.999925494194030762e-01,9.999989271163940430e-01,-9.999931454658508301e-01,-9.999982714653015137e-01,-9.999492168426513672e-01,9.999983310699462891e-01,-9.999992251396179199e-01,9.999881982803344727e-01,-9.999989271163940430e-01,-9.999886155128479004e-01,9.999955892562866211e-01,9.999991059303283691e-01,-9.999846220016479492e-01,9.999985694885253906e-01,-9.999989271163940430e-01,9.999989271163940430e-01,-9.999819993972778320e-01,-9.999988079071044922e-01,9.999991059303283691e-01,-9.999984502792358398e-01,-9.999874830245971680e-01,9.999993443489074707e-01,-9.999991655349731445e-01,9.999935030937194824e-01,-9.999983310699462891e-01,9.999991655349731445e-01,-9.999900460243225098e-01,-9.999867677688598633e-01,9.999990463256835938e-01,9.999973773956298828e-01,9.999887347221374512e-01,-9.999983310699462891e-01,-9.999964237213134766e-01,9.999990463256835938e-01,-9.999983906745910645e-01,9.999989867210388184e-01,-9.999986886978149414e-01,-9.999938607215881348e-01,9.999994039535522461e-01,-9.999989867210388184e-01,9.999991059303283691e-01,-9.999991059303283691e-01,-9.999942779541015625e-01,-9.999986886978149414e-01,-9.999992847442626953e-01,9.999971985816955566e-01,9.999991655349731445e-01,-9.999982714653015137e-01,9.999824762344360352e-01,-9.999967217445373535e-01,9.999109506607055664e-01,-9.999986886978149414e-01
-9.999983906745910645e-01,9.999983906745910645e-01,9.999878406524658203e-01,-9.999985098838806152e-01,-9.999991059303283691e-01,9.999988079071044922e-01,-9.999929666519165039e-01,-9.999991059303283691e-01,9.999973177909851074e-01,-9.999971985816955566e-01,9.999973177909851074e-01,9.999991059303283691e-01,-9.999984502792358398e-01,-9.999980926513671875e-01,-9.999597072601318359e-01,-9.999982118606567383e-01,-9.999982714653015137e-01,9.999985694885253906e-01,-9.999816417694091797e-01,9.999992251396179199e-01,9.999992251396179199e-01,-9.999878406524658203e-01,-9.999979734420776367e-01,-9.999987483024597168e-01,-9.999904632568359375e-01,-9.999992251396179199e-01,9.999987483024597168e-01,9.999992251396179199e-01,-9.999765157699584961e-01,9.999967813491821289e-01,9.999971389770507812e-01,9.999988675117492676e-01,-9.999963641166687012e-01,-9.999982118606567383e-01,9.999973177909851074e-01,9.999942779541015625e-01,-9.999991655349731445e-01,-9.999988079071044922e-01,-9.999943971633911133e-01,9.999991059303283691e-01,-9.999986886978149414e-01,9.999976754188537598e-01,-9.999446272850036621e-01,-9.999987483024597168e-01,-9.999973177909851074e-01,-9.999982118606567383e-01,-9.999958276748657227e-01,-9.999980330467224121e-01,-9.999989867210388184e-01,9.999988675117492676e-01,9.999988675117492676e-01,9.999976754188537598e-01,9.999987483024597168e-01,9.999920129776000977e-01,9.999965429306030273e-01,9.999981522560119629e-01,9.999980926513671875e-01,-9.999819993972778320e-01,-9.999980926513671875e-01,-9.999982714653015137e-01,9.999963045120239258e-01,-9.999991655349731445e-01,-9.999985694885253906e-01,-9.999959468841552734e-01,9.999963045120239258e-01,9.999990463256835938e-01,9.999991655349731445e-01,9.999944567680358887e-01,9.999985098838806152e-01,-9.999991059303283691e-01,9.999988079071044922e-01,-9.999980330467224121e-01,-9.999972581863403320e-01,9.999901056289672852e-01,-9.998391270637512207e-01,9.999983906745910645e-01,-9.999905228614807129e-01,-9.999986886978149414e-01,9.999912977218627930e-01,9.999977350234985352e-01,9.999356865882873535e-01,-9.999978542327880859e-01,9.999989271163940430e-01,-9.999850988388061523e-01,9.999986290931701660e-01,9.999856352806091309e-01,-9.999943971633911133e-01,-9.999989271163940430e-01,9.999805092811584473e-01,-9.999981522560119629e-01,9.999985098838806152e-01,-9.999986290931701660e-01,9.999773502349853516e-01,9.999985098838806152e-01,-9.999988079071044922e-01,9.999980330467224121e-01,9.999840259552001953e-01,-9.999991059303283691e-01,9.999989867210388184e-01,-9.999918937683105469e-01,9.999978542327880859e-01,-9.999988675117492676e-01,9.999874830245971680e-01,9.999833106994628906e-01,-9.999986886978149414e-01,-9.999967217445373535e-01,-9.999856948852539062e-01,9.999979734420776367e-01,9.999955296516418457e-01,-9.999987483024597168e-01,9.999979734420776367e-01,-9.999988079071044922e-01,9.999983310699462891e-01,9.999921321868896484e-01,-9.999992251396179199e-01,9.999986886978149414e-01,-9.999986886978149414e-01,9.999989271163940430e-01,9.999927282333374023e-01,9.999982714653015137e-01,9.999992251396179199e-01,-9.999964833259582520e-01,-9.999988675117492676e-01,9.999978542327880859e-01,-9.999778270721435547e-01,9.999960064888000488e-01,-9.998872876167297363e-01,9.999983310699462891e-01
9.999911189079284668e-01,-9.999912977218627930e-01,-9.999290704727172852e-01,9.999912381172180176e-01,9.999945163726806641e-01,-9.999929666519165039e-01,9.999590516090393066e-01,9.999950528144836426e-01,-9.999847412109375000e-01,9.999834299087524414e-01,-9.999843835830688477e-01,-9.999946355819702148e-01,9.999909400939941406e-01,9.999890327453613281e-01,9.997634291648864746e-01,9.999895691871643066e-01,9.999892711639404297e-01,-9.999921917915344238e-01,9.998923540115356445e-01,-9.999953508377075195e-01,-9.999948143959045410e-01,9.999279379844665527e-01,9.999890923500061035e-01,9.999926090240478516e-01,9.999439120292663574e-01,9.999952316284179688e-01,-9.999926090240478516e-01,-9.999947547912597656e-01,9.998620152473449707e-01,-9.999817013740539551e-01,-9.999835491180419922e-01,-9.999932646751403809e-01,9.999790191650390625e-01,9.999896883964538574e-01,-9.999843835830688477e-01,-9.999663233757019043e-01,9.999949932098388672e-01,9.999935626983642578e-01,9.999664425849914551e-01,-9.999942779541015625e-01,9.999924898147583008e-01,-9.999870061874389648e-01,9.996749162673950195e-01,9.999931454658508301e-01,9.999846220016479492e-01,9.999889135360717773e-01,9.999754428863525391e-01,9.999887943267822266e-01,9.999940991401672363e-01,-9.999930858612060547e-01,-9.999937415122985840e-01,-9.999864101409912109e-01,-9.999929070472717285e-01,-9.999528527259826660e-01,-9.999793767929077148e-01,-9.999893903732299805e-01,-9.999895691871643066e-01,9.998942017555236816e-01,9.999890923500061035e-01,9.999898076057434082e-01,-9.999786615371704102e-01,9.999947547912597656e-01,9.999917149543762207e-01,9.999765753746032715e-01,-9.999787211418151855e-01,-9.999941587448120117e-01,-9.999948740005493164e-01,-9.999677538871765137e-01,-9.999917149543762207e-01,9.999945759773254395e-01,-9.999933838844299316e-01,9.999892711639404297e-01,9.999839663505554199e-01,-9.999422430992126465e-01,9.990555644035339355e-01,-9.999905824661254883e-01,9.999439120292663574e-01,9.999921917915344238e-01,-9.999487996101379395e-01,-9.999871850013732910e-01,-9.996227622032165527e-01,9.999883174896240234e-01,-9.999939799308776855e-01,9.999122619628906250e-01,-9.999921917915344238e-01,-9.999154210090637207e-01,9.999666213989257812e-01,9.999938011169433594e-01,-9.998852014541625977e-01,9.999894499778747559e-01,-9.999919533729553223e-01,9.999920129776000977e-01,-9.998661279678344727e-01,-9.999914169311523438e-01,9.999929666519165039e-01,-9.999885559082031250e-01,-9.999059438705444336e-01,9.999946951866149902e-01,-9.999940395355224609e-01,9.999517798423767090e-01,-9.999877214431762695e-01,9.999935030937194824e-01,-9.999262690544128418e-01,-9.999014735221862793e-01,9.999926090240478516e-01,9.999803900718688965e-01,9.999153614044189453e-01,-9.999878406524658203e-01,-9.999738335609436035e-01,9.999927878379821777e-01,-9.999883174896240234e-01,9.999930262565612793e-01,-9.999902248382568359e-01,-9.999536275863647461e-01,9.999951720237731934e-01,-9.999923110008239746e-01,9.999927282333374023e-01,-9.999939203262329102e-01,-9.999579191207885742e-01,-9.999904036521911621e-01,-9.999943971633911133e-01,9.999797940254211426e-01,9.999935626983642578e-01,-9.999874234199523926e-01,9.998689889907836914e-01,-9.999760985374450684e-01,9.993383288383483887e-01,-9.999896883964538574e-01
9.999988675117492676e-01,-9.999989271163940430e-01,-9.999914765357971191e-01,9.999989867210388184e-01,9.999993443489074707e-01,-9.999991059303283691e-01,9.999950528144836426e-01,9.999993443489074707e-01,-9.999981522560119629e-01,9.999979734420776367e-01,-9.999979734420776367e-01,-9.999993443489074707e-01,9.999988675117492676e-01,9.999986886978149414e-01,9.999715685844421387e-01,9.999987483024597168e-01,9.999986886978149414e-01,-9.999991059303283691e-01,9.999870657920837402e-01,-9.999994635581970215e-01,-9.999994039535522461e-01,9.999914169311523438e-01,9.999986886978149414e-01,9.999991655349731445e-01,9.999932646751403809e-01,9.999994039535522461e-01,-9.999990463256835938e-01,-9.999994635581970215e-01,9.999833106994628906e-01,-9.999977946281433105e-01,-9.999979734420776367e-01,-9.999992251396179199e-01,9.999973773956298828e-01,9.999987483024597168e-01,-9.999980926513671875e-01,-9.999959468841552734e-01,9.999994039535522461e-01,9.999991655349731445e-01,9.999960064888000488e-01,-9.999993443489074707e-01,9.999991059303283691e-01,-9.999983906745910645e-01,9.999607801437377930e-01,9.999992251396179199e-01,9.999980926513671875e-01,9.999986886978149414e-01,9.999970197677612305e-01,9.999986290931701660e-01,9.999992847442626953e-01,-9.999992847442626953e-01,-9.999992847442626953e-01,-9.999983310699462891e-01,-9.999991655349731445e-01,-9.999943375587463379e-01,-9.999974966049194336e-01,-9.999986290931701660e-01,-9.999987483024597168e-01,9.999873042106628418e-01,9.999986886978149414e-01,9.999987483024597168e-01,-9.999973773956298828e-01,9.999994039535522461e-01,9.999990463256835938e-01,9.999970793724060059e-01,-9.999973773956298828e-01,-9.999994039535522461e-01,-9.999994039535522461e-01,-9.999960660934448242e-01,-9.999989271163940430e-01,9.999993443489074707e-01,-9.999991655349731445e-01,9.999986290931701660e-01,9.999980330467224121e-01,-9.999930858612060547e-01,9.998862147331237793e-01,-9.999988675117492676e-01,9.999932646751403809e-01,9.999991059303283691e-01,-9.999938607215881348e-01,-9.999984502792358398e-01,-9.999544620513916016e-01,9.999985098838806152e-01,-9.999993443489074707e-01,9.999895095825195312e-01,-9.999991059303283691e-01,-9.999897480010986328e-01,9.999960064888000488e-01,9.999992847442626953e-01,-9.999862313270568848e-01,9.999986886978149414e-01,-9.999990463256835938e-01,9.999991059303283691e-01,-9.999839663505554199e-01,-9.999989867210388184e-01,9.999991655349731445e-01,-9.999986290931701660e-01,-9.999886751174926758e-01,9.999994039535522461e-01,-9.999992847442626953e-01,9.999942183494567871e-01,-9.999985098838806152e-01,9.999992251396179199e-01,-9.999911189079284668e-01,-9.999881386756896973e-01,9.999991655349731445e-01,9.999976158142089844e-01,9.999898076057434082e-01,-9.999986290931701660e-01,-9.999967813491821289e-01,9.999991655349731445e-01,-9.999985694885253906e-01,9.999991059303283691e-01,-9.999988079071044922e-01,-9.999945163726806641e-01,9.999994039535522461e-01,-9.999991059303283691e-01,9.999990463256835938e-01,-9.999992847442626953e-01,-9.999948740005493164e-01,-9.999987483024597168e-01,-9.999993443489074707e-01,9.999976158142089844e-01,9.999992847442626953e-01,-9.999984502792358398e-01,9.999842643737792969e-01,-9.999971389770507812e-01,9.999202489852905273e-01,-9.999988079071044922e-01
-9.999966025352478027e-01,9.999966621398925781e-01,9.999737739562988281e-01,-9.999967217445373535e-01,-9.999978542327880859e-01,9.999973177909851074e-01,-9.999847412109375000e-01,-9.999981522560119629e-01,9.999943375587463379e-01,-9.999938011169433594e-01,9.999942183494567871e-01,9.999979138374328613e-01,-9.999966025352478027e-01,-9.999958872795104980e-01,-9.999123811721801758e-01,-9.999960660934448242e-01,-9.999959468841552734e-01,9.999970197677612305e-01,-9.999601244926452637e-01,9.999982714653015137e-01,9.999980330467224121e-01,-9.999733567237854004e-01,-9.999958276748657227e-01,-9.999971985816955566e-01,-9.999791979789733887e-01,-9.999982118606567383e-01,9.999971389770507812e-01,9.999980926513671875e-01,-9.999487996101379395e-01,9.999931454658508301e-01,9.999939203262329102e-01,9.999973773956298828e-01,-9.999921321868896484e-01,-9.999961256980895996e-01,9.999942183494567871e-01,9.999875426292419434e-01,-9.999980926513671875e-01,-9.999974966049194336e-01,-9.999876022338867188e-01,9.999977946281433105e-01,-9.999971985816955566e-01,9.999951124191284180e-01,-9.998795986175537109e-01,-9.999973773956298828e-01,-9.999943375587463379e-01,-9.999958872795104980e-01,-9.999908208847045898e-01,-9.999957680702209473e-01,-9.999977350234985352e-01,9.999974370002746582e-01,9.999975562095642090e-01,9.999949336051940918e-01,9.999972581863403320e-01,9.999825358390808105e-01,9.999923706054687500e-01,9.999958872795104980e-01,9.999961256980895996e-01,-9.999608397483825684e-01,-9.999959468841552734e-01,-9.999960660934448242e-01,9.999921321868896484e-01,-9.999979138374328613e-01,-9.999967813491821289e-01,-9.999912381172180176e-01,9.999920129776000977e-01,9.999977350234985352e-01,9.999980926513671875e-01,9.999880194664001465e-01,9.999968409538269043e-01,-9.999979138374328613e-01,9.999974370002746582e-01,-9.999959468841552734e-01,-9.999940991401672363e-01,9.999786615371704102e-01,-9.996503591537475586e-01,9.999964833259582520e-01,-9.999791979789733887e-01,-9.999971389770507812e-01,9.999811053276062012e-01,9.999952912330627441e-01,9.998603463172912598e-01,-9.999955892562866211e-01,9.999976754188537598e-01,-9.999674558639526367e-01,9.999970793724060059e-01,9.999687671661376953e-01,-9.999876618385314941e-01,-9.999975562095642090e-01,9.999575018882751465e-01,-9.999958872795104980e-01,9.999969601631164551e-01,-9.999969601631164551e-01,9.999504089355468750e-01,9.999967217445373535e-01,-9.999972581863403320e-01,9.999956488609313965e-01,9.999651312828063965e-01,-9.999979734420776367e-01,9.999976754188537598e-01,-9.999821782112121582e-01,9.999954104423522949e-01,-9.999975562095642090e-01,9.999727010726928711e-01,9.999635219573974609e-01,-9.999971985816955566e-01,-9.999927282333374023e-01,-9.999687075614929199e-01,9.999954700469970703e-01,9.999903440475463867e-01,-9.999971389770507812e-01,9.999957084655761719e-01,-9.999973773956298828e-01,9.999962449073791504e-01,9.999828338623046875e-01,-9.999980926513671875e-01,9.999970793724060059e-01,-9.999971389770507812e-01,9.999976754188537598e-01,9.999843239784240723e-01,9.999963045120239258e-01,9.999979138374328613e-01,-9.999924898147583008e-01,-9.999975562095642090e-01,9.999952912330627441e-01,-9.999514222145080566e-01,9.999911189079284668e-01,-9.997551441192626953e-01,9.999960660934448242e-01
9.999963641166687012e-01,-9.999964237213134766e-01,-9.999713301658630371e-01,9.999965429306030273e-01,9.999977946281433105e-01,-9.999971985816955566e-01,9.999834299087524414e-01,9.999979734420776367e-01,-9.999938011169433594e-01,9.999933242797851562e-01,-9.999936819076538086e-01,-9.999978542327880859e-01,9.999963641166687012e-01,9.999955892562866211e-01,9.999042153358459473e-01,9.999958276748657227e-01,9.999957084655761719e-01,-9.999967813491821289e-01,9.999565482139587402e-01,-9.999982118606567383e-01,-9.999979138374328613e-01,9.999709725379943848e-01,9.999955892562866211e-01,9.999970197677612305e-01,9.999773502349853516e-01,9.999980330467224121e-01,-9.999970793724060059e-01,-9.999979138374328613e-01,9.999440908432006836e-01,-9.999926090240478516e-01,-9.999934434890747070e-01,-9.999973177909851074e-01,9.999915361404418945e-01,9.999958872795104980e-01,-9.999936819076538086e-01,-9.999864101409912109e-01,9.999980330467224121e-01,9.999974370002746582e-01,9.999864101409912109e-01,-9.999977350234985352e-01,9.999969005584716797e-01,-9.999947547912597656e-01,9.998684525489807129e-01,9.999973177909851074e-01,9.999938607215881348e-01,9.999955296516418457e-01,9.999901652336120605e-01,9.999954700469970703e-01,9.999976754188537598e-01,-9.999971389770507812e-01,-9.999974966049194336e-01,-9.999945163726806641e-01,-9.999971985816955566e-01,-9.999810457229614258e-01,-9.999917149543762207e-01,-9.999957680702209473e-01,-9.999958276748657227e-01,9.999572634696960449e-01,9.999955892562866211e-01,9.999958872795104980e-01,-9.999914765357971191e-01,9.999978542327880859e-01,9.999966025352478027e-01,9.999905824661254883e-01,-9.999914765357971191e-01,-9.999977350234985352e-01,-9.999979734420776367e-01,-9.999870061874389648e-01,-9.999966025352478027e-01,9.999977946281433105e-01,-9.999973177909851074e-01,9.999956488609313965e-01,9.999935030937194824e-01,-9.999766945838928223e-01,9.996175765991210938e-01,-9.999962449073791504e-01,9.999774098396301270e-01,9.999968409538269043e-01,-9.999793767929077148e-01,-9.999948740005493164e-01,-9.998472929000854492e-01,9.999952912330627441e-01,-9.999975562095642090e-01,9.999645352363586426e-01,-9.999969005584716797e-01,-9.999657869338989258e-01,9.999865293502807617e-01,9.999974966049194336e-01,-9.999535679817199707e-01,9.999957680702209473e-01,-9.999967813491821289e-01,9.999968409538269043e-01,-9.999458789825439453e-01,-9.999964833259582520e-01,9.999971985816955566e-01,-9.999953508377075195e-01,-9.999619722366333008e-01,9.999978542327880859e-01,-9.999976158142089844e-01,9.999805688858032227e-01,-9.999951124191284180e-01,9.999973177909851074e-01,-9.999703168869018555e-01,-9.999601840972900391e-01,9.999970197677612305e-01,9.999920725822448730e-01,9.999657869338989258e-01,-9.999951720237731934e-01,-9.999895095825195312e-01,9.999970197677612305e-01,-9.999952912330627441e-01,9.999971985816955566e-01,-9.999961256980895996e-01,-9.999812841415405273e-01,9.999981522560119629e-01,-9.999969005584716797e-01,9.999970793724060059e-01,-9.999976158142089844e-01,-9.999830126762390137e-01,-9.999961256980895996e-01,-9.999978542327880859e-01,9.999918937683105469e-01,9.999974370002746582e-01,-9.999949336051940918e-01,9.999470710754394531e-01,-9.999904632568359375e-01,9.997321367263793945e-01,-9.999958276748657227e-01
-9.999964833259582520e-01,9.999965429306030273e-01,9.999729394912719727e-01,-9.999966025352478027e-01,-9.999978542327880859e-01,9.999973177909851074e-01,-9.999843835830688477e-01,-9.999979734420776367e-01,9.999942183494567871e-01,-9.999936819076538086e-01,9.999940395355224609e-01,9.999979138374328613e-01,-9.999964833259582520e-01,-9.999958276748657227e-01,-9.999095797538757324e-01,-9.999959468841552734e-01,-9.999958872795104980e-01,9.999969601631164551e-01,-9.999588131904602051e-01,9.999982118606567383e-01,9.999979734420776367e-01,-9.999724626541137695e-01,-9.999957680702209473e-01,-9.999971985816955566e-01,-9.999786019325256348e-01,-9.999981522560119629e-01,9.999971389770507812e-01,9.999979138374328613e-01,-9.999472498893737793e-01,9.999929070472717285e-01,9.999937415122985840e-01,9.999973177909851074e-01,-9.999919533729553223e-01,-9.999961256980895996e-01,9.999939203262329102e-01,9.999871253967285156e-01,-9.999980330467224121e-01,-9.999974370002746582e-01,-9.999871850013732910e-01,9.999977350234985352e-01,-9.999970793724060059e-01,9.999949336051940918e-01,-9.998757839202880859e-01,-9.999973773956298828e-01,-9.999940991401672363e-01,-9.999958276748657227e-01,-9.999905228614807129e-01,-9.999957084655761719e-01,-9.999976754188537598e-01,9.999973177909851074e-01,9.999974966049194336e-01,9.999948143959045410e-01,9.999972581863403320e-01,9.999819993972778320e-01,9.999920725822448730e-01,9.999959468841552734e-01,9.999958276748657227e-01,-9.999595880508422852e-01,-9.999958276748657227e-01,-9.999960660934448242e-01,9.999918937683105469e-01,-9.999979138374328613e-01,-9.999967217445373535e-01,-9.999909996986389160e-01,9.999918341636657715e-01,9.999977350234985352e-01,9.999980330467224121e-01,9.999877214431762695e-01,9.999967217445373535e-01,-9.999978542327880859e-01,9.999974370002746582e-01,-9.999958276748657227e-01,-9.999938607215881348e-01,9.999780058860778809e-01,-9.996388554573059082e-01,9.999963641166687012e-01,-9.999786019325256348e-01,-9.999970197677612305e-01,9.999804496765136719e-01,9.999950528144836426e-01,9.998558163642883301e-01,-9.999954104423522949e-01,9.999976158142089844e-01,-9.999665021896362305e-01,9.999969005584716797e-01,9.999676346778869629e-01,-9.999873638153076172e-01,-9.999975562095642090e-01,9.999561309814453125e-01,-9.999959468841552734e-01,9.999969005584716797e-01,-9.999968409538269043e-01,9.999487996101379395e-01,9.999966025352478027e-01,-9.999971985816955566e-01,9.999955892562866211e-01,9.999639987945556641e-01,-9.999979138374328613e-01,9.999976754188537598e-01,-9.999815821647644043e-01,9.999952912330627441e-01,-9.999974966049194336e-01,9.999718666076660156e-01,9.999623298645019531e-01,-9.999970793724060059e-01,-9.999924898147583008e-01,-9.999676346778869629e-01,9.999954104423522949e-01,9.999899864196777344e-01,-9.999971985816955566e-01,9.999955296516418457e-01,-9.999972581863403320e-01,9.999962449073791504e-01,9.999823570251464844e-01,-9.999981522560119629e-01,9.999970793724060059e-01,-9.999971389770507812e-01,9.999976158142089844e-01,9.999839067459106445e-01,9.999961853027343750e-01,9.999979138374328613e-01,-9.999922513961791992e-01,-9.999974966049194336e-01,9.999952316284179688e-01,-9.999499917030334473e-01,9.999909400939941406e-01,-9.997471570968627930e-01,9.999959468841552734e-01
-9.999988079071044922e-01,9.999988079071044922e-01,9.999905824661254883e-01,-9.999988675117492676e-01,-9.999992847442626953e-01,9.999991059303283691e-01,-9.999946355819702148e-01,-9.999993443489074707e-01,9.999979138374328613e-01,-9.999978542327880859e-01,9.999979138374328613e-01,9.999994039535522461e-01,-9.999988675117492676e-01,-9.999986290931701660e-01,-9.999685287475585938e-01,-9.999985694885253906e-01,-9.999985694885253906e-01,9.999989271163940430e-01,-9.999856948852539062e-01,9.999994635581970215e-01,9.999994039535522461e-01,-9.999904036521911621e-01,-9.999985098838806152e-01,-9.999990463256835938e-01,-9.999925494194030762e-01,-9.999994039535522461e-01,9.999990463256835938e-01,9.999994039535522461e-01,-9.999817013740539551e-01,9.999974370002746582e-01,9.999978542327880859e-01,9.999991655349731445e-01,-9.999971985816955566e-01,-9.999986886978149414e-01,9.999979138374328613e-01,9.999955296516418457e-01,-9.999994635581970215e-01,-9.999991655349731445e-01,-9.999955892562866211e-01,9.999992847442626953e-01,-9.999990463256835938e-01,9.999982714653015137e-01,-9.999565482139587402e-01,-9.999991655349731445e-01,-9.999979734420776367e-01,-9.999985694885253906e-01,-9.999966621398925781e-01,-9.999985694885253906e-01,-9.999993443489074707e-01,9.999991059303283691e-01,9.999992251396179199e-01,9.999981522560119629e-01,9.999991059303283691e-01,9.999938011169433594e-01,9.999972581863403320e-01,9.999985694885253906e-01,9.999985694885253906e-01,-9.999859333038330078e-01,-9.999985098838806152e-01,-9.999985694885253906e-01,9.999971389770507812e-01,-9.999994039535522461e-01,-9.999989271163940430e-01,-9.999967217445373535e-01,9.999971985816955566e-01,9.999992847442626953e-01,9.999994039535522461e-01,9.999957084655761719e-01,9.999988675117492676e-01,-9.999994039535522461e-01,9.999991655349731445e-01,-9.999984502792358398e-01,-9.999979138374328613e-01,9.999923110008239746e-01,-9.998739957809448242e-01,9.999987483024597168e-01,-9.999925494194030762e-01,-9.999989867210388184e-01,9.999932050704956055e-01,9.999982714653015137e-01,9.999496936798095703e-01,-9.999984502792358398e-01,9.999992251396179199e-01,-9.999883174896240234e-01,9.999989271163940430e-01,9.999887347221374512e-01,-9.999955892562866211e-01,-9.999992251396179199e-01,9.999847412109375000e-01,-9.999985694885253906e-01,9.999989271163940430e-01,-9.999989867210388184e-01,9.999822378158569336e-01,9.999988675117492676e-01,-9.999991059303283691e-01,9.999984502792358398e-01,9.999874830245971680e-01,-9.999993443489074707e-01,9.999992251396179199e-01,-9.999936819076538086e-01,9.999983310699462891e-01,-9.999992847442626953e-01,9.999901652336120605e-01,9.999868869781494141e-01,-9.999990463256835938e-01,-9.999974370002746582e-01,-9.999887943267822266e-01,9.999984502792358398e-01,9.999964833259582520e-01,-9.999991059303283691e-01,9.999985098838806152e-01,-9.999991059303283691e-01,9.999987483024597168e-01,9.999939203262329102e-01,-9.999994039535522461e-01,9.999989867210388184e-01,-9.999991059303283691e-01,9.999992251396179199e-01,9.999943971633911133e-01,9.999986886978149414e-01,9.999994039535522461e-01,-9.999973177909851074e-01,-9.999991655349731445e-01,9.999983310699462891e-01,-9.999825358390808105e-01,9.999968409538269043e-01,-9.999117255210876465e-01,9.999985694885253906e-01
