9.999982714653015137e-01,-9.999985694885253906e-01,-9.999942183494567871e-01,9.999975562095642090e-01,9.999988675117492676e-01,-9.999987483024597168e-01,9.999950528144836426e-01,9.999990463256835938e-01,-9.999949932098388672e-01,9.999983906745910645e-01,-9.999988079071044922e-01,-9.999989271163940430e-01,9.999979138374328613e-01,9.999983906745910645e-01,9.999945163726806641e-01,9.999947547912597656e-01,9.999973773956298828e-01,-9.999979734420776367e-01,9.999922513961791992e-01,-9.999991059303283691e-01,-9.999989271163940430e-01,9.999942183494567871e-01,9.999986886978149414e-01,9.999975562095642090e-01,9.999885559082031250e-01,9.999989271163940430e-01,-9.999981522560119629e-01,-9.999988675117492676e-01,9.999907612800598145e-01,-9.999964237213134766e-01,-9.999911785125732422e-01,-9.999982118606567383e-01,9.999846816062927246e-01,9.999951720237731934e-01,-9.999979734420776367e-01,9.999690651893615723e-01,9.999988675117492676e-01,9.999985098838806152e-01,9.999870657920837402e-01,-9.999988079071044922e-01,9.999986886978149414e-01,9.999777078628540039e-01,9.999834895133972168e-01,9.999989867210388184e-01,9.999982118606567383e-01,9.999980330467224121e-01,-9.999928474426269531e-01,9.999986886978149414e-01,9.999986886978149414e-01,-9.999985694885253906e-01,-9.999987483024597168e-01,-9.999985098838806152e-01,-9.999988079071044922e-01,-9.999930262565612793e-01,-9.999985098838806152e-01,-9.999980926513671875e-01,-9.999822974205017090e-01,9.999901652336120605e-01,9.999952912330627441e-01,9.999982118606567383e-01,-9.999983906745910645e-01,9.999989867210388184e-01,9.999983906745910645e-01,9.999954700469970703e-01,-9.999943971633911133e-01,-9.999988675117492676e-01,-9.999991059303283691e-01,-9.999958276748657227e-01,-9.999989867210388184e-01,9.999983310699462891e-01,-9.999987483024597168e-01,9.999969601631164551e-01,-9.999839663505554199e-01,-9.999936223030090332e-01,-9.999839067459106445e-01,-9.999983310699462891e-01,9.999911785125732422e-01,9.999986886978149414e-01,-9.999943971633911133e-01,-9.999953508377075195e-01,9.999890923500061035e-01,9.999976158142089844e-01,-9.999988079071044922e-01,9.999981522560119629e-01,-9.999983906745910645e-01,-9.999867081642150879e-01,9.999319911003112793e-01,9.999989867210388184e-01,9.999915361404418945e-01,9.999763369560241699e-01,-9.999944567680358887e-01,9.999983310699462891e-01,-9.999857544898986816e-01,-9.999974370002746582e-01,9.999976754188537598e-01,-9.999976754188537598e-01,-9.999875426292419434e-01,9.999989867210388184e-01,-9.999987483024597168e-01,9.999970197677612305e-01,-9.999966621398925781e-01,9.999988079071044922e-01,9.999042153358459473e-01,9.999520778656005859e-01,9.999987483024597168e-01,9.999966025352478027e-01,-9.999827146530151367e-01,-9.999983906745910645e-01,-9.999939203262329102e-01,9.999985098838806152e-01,-9.999985098838806152e-01,9.999977350234985352e-01,-9.999982118606567383e-01,-9.999352097511291504e-01,9.999991655349731445e-01,-9.999971389770507812e-01,9.999990463256835938e-01,-9.999979138374328613e-01,-9.999952912330627441e-01,-9.999970793724060059e-01,-9.999985098838806152e-01,9.999965429306030273e-01,9.999978542327880859e-01,-9.999972581863403320e-01,-9.999914765357971191e-01,-9.999948740005493164e-01,9.999852776527404785e-01,-9.999926090240478516e-01
-9.999985694885253906e-01,9.999988079071044922e-01,9.999952316284179688e-01,-9.999979734420776367e-01,-9.999991059303283691e-01,9.999989867210388184e-01,-9.999958872795104980e-01,-9.999992251396179199e-01,9.999957680702209473e-01,-9.999986290931701660e-01,9.999990463256835938e-01,9.999992251396179199e-01,-9.999982714653015137e-01,-9.999987483024597168e-01,-9.999954104423522949e-01,-9.999956488609313965e-01,-9.999977350234985352e-01,9.999983310699462891e-01,-9.999935030937194824e-01,9.999992847442626953e-01,9.999991655349731445e-01,-9.999951124191284180e-01,-9.999988675117492676e-01,-9.999980330467224121e-01,-9.999904632568359375e-01,-9.999991655349731445e-01,9.999984502792358398e-01,9.999991655349731445e-01,-9.999922513961791992e-01,9.999971389770507812e-01,9.999925494194030762e-01,9.999984502792358398e-01,-9.999872446060180664e-01,-9.999959468841552734e-01,9.999983310699462891e-01,-9.999741911888122559e-01,-9.999990463256835938e-01,-9.999987483024597168e-01,-9.999892115592956543e-01,9.999989867210388184e-01,-9.999989271163940430e-01,-9.999814629554748535e-01,-9.999862313270568848e-01,-9.999991059303283691e-01,-9.999985098838806152e-01,-9.999983906745910645e-01,9.999940395355224609e-01,-9.999988079071044922e-01,-9.999988675117492676e-01,9.999988079071044922e-01,9.999989271163940430e-01,9.999987483024597168e-01,9.999989867210388184e-01,9.999942779541015625e-01,9.999988079071044922e-01,9.999983906745910645e-01,9.999852180480957031e-01,-9.999918341636657715e-01,-9.999960064888000488e-01,-9.999985098838806152e-01,9.999986290931701660e-01,-9.999991059303283691e-01,-9.999986290931701660e-01,-9.999960064888000488e-01,9.999953508377075195e-01,9.999990463256835938e-01,9.999992251396179199e-01,9.999964833259582520e-01,9.999992847442626953e-01,-9.999986290931701660e-01,9.999989271163940430e-01,-9.999974370002746582e-01,9.999866485595703125e-01,9.999946951866149902e-01,9.999865293502807617e-01,9.999985694885253906e-01,-9.999927282333374023e-01,-9.999989271163940430e-01,9.999952912330627441e-01,9.999960064888000488e-01,-9.999908208847045898e-01,-9.999979734420776367e-01,9.999990463256835938e-01,-9.999985694885253906e-01,9.999985694885253906e-01,9.999887943267822266e-01,-9.999433755874633789e-01,-9.999992251396179199e-01,-9.999929070472717285e-01,-9.999803304672241211e-01,9.999954104423522949e-01,-9.999986290931701660e-01,9.999881386756896973e-01,9.999977946281433105e-01,-9.999980330467224121e-01,9.999980926513671875e-01,9.999896287918090820e-01,-9.999992251396179199e-01,9.999989867210388184e-01,-9.999975562095642090e-01,9.999971985816955566e-01,-9.999989867210388184e-01,-9.999201297760009766e-01,-9.999600648880004883e-01,-9.999989271163940430e-01,-9.999970793724060059e-01,9.999855756759643555e-01,9.999986290931701660e-01,9.999949336051940918e-01,-9.999987483024597168e-01,9.999987483024597168e-01,-9.999981522560119629e-01,9.999985098838806152e-01,9.999459981918334961e-01,-9.999992251396179199e-01,9.999975562095642090e-01,-9.999991655349731445e-01,9.999982714653015137e-01,9.999960064888000488e-01,9.999975562095642090e-01,9.999987483024597168e-01,-9.999971389770507812e-01,-9.999982714653015137e-01,9.999976754188537598e-01,9.999928474426269531e-01,9.999958276748657227e-01,-9.999878406524658203e-01,9.999938011169433594e-01
-9.999942183494567871e-01,9.999952316284179688e-01,9.999802708625793457e-01,-9.999915957450866699e-01,-9.999960660934448242e-01,9.999957680702209473e-01,-9.999830722808837891e-01,-9.999966025352478027e-01,9.999828934669494629e-01,-9.999945163726806641e-01,9.999958872795104980e-01,9.999961256980895996e-01,-9.999929666519165039e-01,-9.999946355819702148e-01,-9.999811649322509766e-01,-9.999817609786987305e-01,-9.999909400939941406e-01,9.999930262565612793e-01,-9.999733567237854004e-01,9.999967813491821289e-01,9.999963045120239258e-01,-9.999799132347106934e-01,-9.999952316284179688e-01,-9.999919533729553223e-01,-9.999606609344482422e-01,-9.999962449073791504e-01,9.999937415122985840e-01,9.999960660934448242e-01,-9.999679923057556152e-01,9.999880790710449219e-01,9.999694824218750000e-01,9.999936223030090332e-01,-9.999474883079528809e-01,-9.999834895133972168e-01,9.999931454658508301e-01,-9.998937845230102539e-01,-9.999964237213134766e-01,-9.999949336051940918e-01,-9.999557733535766602e-01,9.999960064888000488e-01,-9.999952912330627441e-01,-9.999234676361083984e-01,-9.999434351921081543e-01,-9.999962449073791504e-01,-9.999940395355224609e-01,-9.999933838844299316e-01,9.999753832817077637e-01,-9.999952912330627441e-01,-9.999955892562866211e-01,9.999948740005493164e-01,9.999957680702209473e-01,9.999949336051940918e-01,9.999959468841552734e-01,9.999764561653137207e-01,9.999949336051940918e-01,9.999934434890747070e-01,9.999391436576843262e-01,-9.999662637710571289e-01,-9.999838471412658691e-01,-9.999938607215881348e-01,9.999946355819702148e-01,-9.999963045120239258e-01,-9.999945163726806641e-01,-9.999843835830688477e-01,9.999805688858032227e-01,9.999959468841552734e-01,9.999966621398925781e-01,9.999857544898986816e-01,9.999964833259582520e-01,-9.999943375587463379e-01,9.999957680702209473e-01,-9.999895095825195312e-01,9.999449849128723145e-01,9.999780058860778809e-01,9.999447464942932129e-01,9.999943971633911133e-01,-9.999696016311645508e-01,-9.999956488609313965e-01,9.999806880950927734e-01,9.999843835830688477e-01,-9.999622106552124023e-01,-9.999918341636657715e-01,9.999959468841552734e-01,-9.999937415122985840e-01,9.999941587448120117e-01,9.999539256095886230e-01,-9.997668862342834473e-01,-9.999962449073791504e-01,-9.999707937240600586e-01,-9.999188184738159180e-01,9.999809861183166504e-01,-9.999943375587463379e-01,9.999511241912841797e-01,9.999911785125732422e-01,-9.999920725822448730e-01,9.999923110008239746e-01,9.999572634696960449e-01,-9.999966025352478027e-01,9.999957680702209473e-01,-9.999899864196777344e-01,9.999886155128479004e-01,-9.999960660934448242e-01,-9.996717572212219238e-01,-9.998358488082885742e-01,-9.999954700469970703e-01,-9.999883770942687988e-01,9.999405741691589355e-01,9.999946355819702148e-01,9.999790787696838379e-01,-9.999948740005493164e-01,9.999950528144836426e-01,-9.999921321868896484e-01,9.999940395355224609e-01,9.997780919075012207e-01,-9.999966621398925781e-01,9.999901652336120605e-01,-9.999965429306030273e-01,9.999931454658508301e-01,9.999839067459106445e-01,9.999898076057434082e-01,9.999949932098388672e-01,-9.999885559082031250e-01,-9.999927282333374023e-01,9.999904632568359375e-01,9.999706745147705078e-01,9.999825358390808105e-01,-9.999498724937438965e-01,9.999746084213256836e-01
9.999975562095642090e-01,-9.999979734420776367e-01,-9.999915957450866699e-01,9.999964237213134766e-01,9.999983310699462891e-01,-9.999981522560119629e-01,9.999926686286926270e-01,9.999985694885253906e-01,-9.999926686286926270e-01,9.999976754188537598e-01,-9.999982714653015137e-01,-9.999983310699462891e-01,9.999969601631164551e-01,9.999977350234985352e-01,9.999920129776000977e-01,9.999923110008239746e-01,9.999960660934448242e-01,-9.999970197677612305e-01,9.999887347221374512e-01,-9.999986886978149414e-01,-9.999983906745910645e-01,9.999914169311523438e-01,9.999979734420776367e-01,9.999965429306030273e-01,9.999832510948181152e-01,9.999985098838806152e-01,-9.999973177909851074e-01,-9.999983906745910645e-01,9.999864697456359863e-01,-9.999948740005493164e-01,-9.999870657920837402e-01,-9.999973177909851074e-01,9.999775886535644531e-01,9.999929666519165039e-01,-9.999970197677612305e-01,9.999546408653259277e-01,9.999984502792358398e-01,9.999978542327880859e-01,9.999811649322509766e-01,-9.999982714653015137e-01,9.999980330467224121e-01,9.999673366546630859e-01,9.999758601188659668e-01,9.999983906745910645e-01,9.999974370002746582e-01,9.999971985816955566e-01,-9.999895095825195312e-01,9.999979734420776367e-01,9.999980926513671875e-01,-9.999977946281433105e-01,-9.999982118606567383e-01,-9.999978542327880859e-01,-9.999982118606567383e-01,-9.999899268150329590e-01,-9.999978542327880859e-01,-9.999971985816955566e-01,-9.999740719795227051e-01,9.999856352806091309e-01,9.999930858612060547e-01,9.999973177909851074e-01,-9.999977350234985352e-01,9.999984502792358398e-01,9.999976754188537598e-01,9.999933242797851562e-01,-9.999917149543762207e-01,-9.999982714653015137e-01,-9.999986290931701660e-01,-9.999939203262329102e-01,-9.999985694885253906e-01,9.999976158142089844e-01,-9.999980926513671875e-01,9.999955296516418457e-01,-9.999765753746032715e-01,-9.999906420707702637e-01,-9.999763965606689453e-01,-9.999976158142089844e-01,9.999871253967285156e-01,9.999980926513671875e-01,-9.999918341636657715e-01,-9.999933242797851562e-01,9.999839663505554199e-01,9.999964833259582520e-01,-9.999982118606567383e-01,9.999972581863403320e-01,-9.999975562095642090e-01,-9.999804496765136719e-01,9.999004006385803223e-01,9.999983906745910645e-01,9.999875426292419434e-01,9.999653697013854980e-01,-9.999918937683105469e-01,9.999976158142089844e-01,-9.999792575836181641e-01,-9.999962449073791504e-01,9.999966621398925781e-01,-9.999966621398925781e-01,-9.999818205833435059e-01,9.999985098838806152e-01,-9.999982118606567383e-01,9.999957084655761719e-01,-9.999952316284179688e-01,9.999982118606567383e-01,9.998597502708435059e-01,9.999299049377441406e-01,9.999981522560119629e-01,9.999950528144836426e-01,-9.999747872352600098e-01,-9.999977350234985352e-01,-9.999910593032836914e-01,9.999978542327880859e-01,-9.999979138374328613e-01,9.999966621398925781e-01,-9.999974966049194336e-01,-9.999051690101623535e-01,9.999986290931701660e-01,-9.999958276748657227e-01,9.999985694885253906e-01,-9.999970793724060059e-01,-9.999932050704956055e-01,-9.999957084655761719e-01,-9.999978542327880859e-01,9.999951720237731934e-01,9.999969005584716797e-01,-9.999960064888000488e-01,-9.999874830245971680e-01,-9.999925494194030762e-01,9.999786615371704102e-01,-9.999891519546508789e-01
9.999988675117492676e-01,-9.999991059303283691e-01,-9.999960660934448242e-01,9.999983310699462891e-01,9.999992847442626953e-01,-9.999992251396179199e-01,9.999965429306030273e-01,9.999994039535522461e-01,-9.999964833259582520e-01,9.999988675117492676e-01,-9.999993443489074707e-01,-9.999992847442626953e-01,9.999985098838806152e-01,9.999989867210388184e-01,9.999962449073791504e-01,9.999963641166687012e-01,9.999982118606567383e-01,-9.999986886978149414e-01,9.999948740005493164e-01,-9.999994039535522461e-01,-9.999992251396179199e-01,9.999961256980895996e-01,9.999991059303283691e-01,9.999983310699462891e-01,9.999923110008239746e-01,9.999992847442626953e-01,-9.999987483024597168e-01,-9.999992847442626953e-01,9.999937415122985840e-01,-9.999976158142089844e-01,-9.999940991401672363e-01,-9.999987483024597168e-01,9.999897480010986328e-01,9.999967217445373535e-01,-9.999986290931701660e-01,9.999792575836181641e-01,9.999993443489074707e-01,9.999990463256835938e-01,9.999913573265075684e-01,-9.999992847442626953e-01,9.999992251396179199e-01,9.999851584434509277e-01,9.999888539314270020e-01,9.999992847442626953e-01,9.999988079071044922e-01,9.999986886978149414e-01,-9.999951124191284180e-01,9.999991059303283691e-01,9.999991655349731445e-01,-9.999990463256835938e-01,-9.999992251396179199e-01,-9.999990463256835938e-01,-9.999992251396179199e-01,-9.999954104423522949e-01,-9.999990463256835938e-01,-9.999986886978149414e-01,-9.999881386756896973e-01,9.999933242797851562e-01,9.999967813491821289e-01,9.999986886978149414e-01,-9.999989867210388184e-01,9.999994039535522461e-01,9.999989867210388184e-01,9.999969005584716797e-01,-9.999961256980895996e-01,-9.999993443489074707e-01,-9.999994039535522461e-01,-9.999970793724060059e-01,-9.999993443489074707e-01,9.999988675117492676e-01,-9.999992251396179199e-01,9.999979734420776367e-01,-9.999892711639404297e-01,-9.999956488609313965e-01,-9.999892115592956543e-01,-9.999989271163940430e-01,9.999941587448120117e-01,9.999991655349731445e-01,-9.999961853027343750e-01,-9.999969005584716797e-01,9.999926090240478516e-01,9.999983906745910645e-01,-9.999992251396179199e-01,9.999987483024597168e-01,-9.999988675117492676e-01,-9.999909996986389160e-01,9.999544024467468262e-01,9.999994039535522461e-01,9.999942779541015625e-01,9.999842643737792969e-01,-9.999961853027343750e-01,9.999988675117492676e-01,-9.999904632568359375e-01,-9.999982118606567383e-01,9.999983310699462891e-01,-9.999983906745910645e-01,-9.999916553497314453e-01,9.999993443489074707e-01,-9.999992251396179199e-01,9.999979138374328613e-01,-9.999977350234985352e-01,9.999991655349731445e-01,9.999358057975769043e-01,9.999678730964660645e-01,9.999991655349731445e-01,9.999976754188537598e-01,-9.999883770942687988e-01,-9.999989271163940430e-01,-9.999958872795104980e-01,9.999989271163940430e-01,-9.999990463256835938e-01,9.999985098838806152e-01,-9.999988079071044922e-01,-9.999566078186035156e-01,9.999994635581970215e-01,-9.999980330467224121e-01,9.999993443489074707e-01,-9.999986290931701660e-01,-9.999967813491821289e-01,-9.999980330467224121e-01,-9.999990463256835938e-01,9.999976754188537598e-01,9.999986290931701660e-01,-9.999980926513671875e-01,-9.999942779541015625e-01,-9.999965429306030273e-01,9.999901652336120605e-01,-9.999949336051940918e-01
-9.999987483024597168e-01,9.999989867210388184e-01,9.999957680702209473e-01,-9.999981522560119629e-01,-9.999992251396179199e-01,9.999991059303283691e-01,-9.999962449073791504e-01,-9.999993443489074707e-01,9.999961853027343750e-01,-9.999988079071044922e-01,9.999991655349731445e-01,9.999993443489074707e-01,-9.999984502792358398e-01,-9.999989271163940430e-01,-9.999959468841552734e-01,-9.999960064888000488e-01,-9.999980330467224121e-01,9.999985694885253906e-01,-9.999943971633911133e-01,9.999993443489074707e-01,9.999992251396179199e-01,-9.999957084655761719e-01,-9.999990463256835938e-01,-9.999981522560119629e-01,-9.999915957450866699e-01,-9.999992251396179199e-01,9.999986290931701660e-01,9.999991655349731445e-01,-9.999931454658508301e-01,9.999974966049194336e-01,9.999935626983642578e-01,9.999986290931701660e-01,-9.999887943267822266e-01,-9.999963045120239258e-01,9.999985098838806152e-01,-9.999774098396301270e-01,-9.999992847442626953e-01,-9.999989271163940430e-01,-9.999905228614807129e-01,9.999991655349731445e-01,-9.999990463256835938e-01,-9.999836683273315430e-01,-9.999879002571105957e-01,-9.999993443489074707e-01,-9.999986886978149414e-01,-9.999986290931701660e-01,9.999947547912597656e-01,-9.999989867210388184e-01,-9.999989867210388184e-01,9.999988675117492676e-01,9.999991655349731445e-01,9.999989271163940430e-01,9.999991655349731445e-01,9.999949336051940918e-01,9.999988675117492676e-01,9.999985694885253906e-01,9.999870061874389648e-01,-9.999927878379821777e-01,-9.999964833259582520e-01,-9.999986886978149414e-01,9.999988079071044922e-01,-9.999992251396179199e-01,-9.999988079071044922e-01,-9.999964833259582520e-01,9.999958276748657227e-01,9.999991655349731445e-01,9.999994039535522461e-01,9.999969005584716797e-01,9.999993443489074707e-01,-9.999986886978149414e-01,9.999991655349731445e-01,-9.999977946281433105e-01,9.999882578849792480e-01,9.999952316284179688e-01,9.999882578849792480e-01,9.999988079071044922e-01,-9.999936223030090332e-01,-9.999991059303283691e-01,9.999958276748657227e-01,9.999966025352478027e-01,-9.999919533729553223e-01,-9.999982118606567383e-01,9.999991655349731445e-01,-9.999986886978149414e-01,9.999988079071044922e-01,9.999902248382568359e-01,-9.999501705169677734e-01,-9.999992251396179199e-01,-9.999937415122985840e-01,-9.999826550483703613e-01,9.999960064888000488e-01,-9.999987483024597168e-01,9.999895691871643066e-01,9.999980926513671875e-01,-9.999982714653015137e-01,9.999983310699462891e-01,9.999908804893493652e-01,-9.999992847442626953e-01,9.999991655349731445e-01,-9.999977946281433105e-01,9.999975562095642090e-01,-9.999992251396179199e-01,-9.999297857284545898e-01,-9.999648928642272949e-01,-9.999990463256835938e-01,-9.999974370002746582e-01,9.999873042106628418e-01,9.999988675117492676e-01,9.999955296516418457e-01,-9.999988675117492676e-01,9.999989271163940430e-01,-9.999983906745910645e-01,9.999986886978149414e-01,9.999524950981140137e-01,-9.999992847442626953e-01,9.999979138374328613e-01,-9.999992847442626953e-01,9.999985098838806152e-01,9.999964833259582520e-01,9.999978542327880859e-01,9.999989271163940430e-01,-9.999974370002746582e-01,-9.999985098838806152e-01,9.999979138374328613e-01,9.999937415122985840e-01,9.999961853027343750e-01,-9.999893307685852051e-01,9.999945759773254395e-01
9.999950528144836426e-01,-9.999958872795104980e-01,-9.999830722808837891e-01,9.999926686286926270e-01,9.999965429306030273e-01,-9.999962449073791504e-01,9.999855160713195801e-01,9.999970197677612305e-01,-9.999852776527404785e-01,9.999952316284179688e-01,-9.999963641166687012e-01,-9.999967217445373535e-01,9.999939203262329102e-01,9.999954104423522949e-01,9.999839663505554199e-01,9.999843835830688477e-01,9.999922513961791992e-01,-9.999939799308776855e-01,9.999772906303405762e-01,-9.999972581863403320e-01,-9.999967217445373535e-01,9.999827742576599121e-01,9.999958276748657227e-01,9.999930858612060547e-01,9.999664425849914551e-01,9.999966621398925781e-01,-9.999945759773254395e-01,-9.999965429306030273e-01,9.999727606773376465e-01,-9.999897480010986328e-01,-9.999739527702331543e-01,-9.999945163726806641e-01,9.999551177024841309e-01,9.999858140945434570e-01,-9.999941587448120117e-01,9.999094009399414062e-01,9.999968409538269043e-01,9.999955892562866211e-01,9.999622702598571777e-01,-9.999966025352478027e-01,9.999959468841552734e-01,9.999346733093261719e-01,9.999516606330871582e-01,9.999966621398925781e-01,9.999948740005493164e-01,9.999943375587463379e-01,-9.999789595603942871e-01,9.999958276748657227e-01,9.999960660934448242e-01,-9.999955296516418457e-01,-9.999963045120239258e-01,-9.999956488609313965e-01,-9.999963045120239258e-01,-9.999798536300659180e-01,-9.999955892562866211e-01,-9.999943375587463379e-01,-9.999480247497558594e-01,9.999711513519287109e-01,9.999861121177673340e-01,9.999946951866149902e-01,-9.999953508377075195e-01,9.999967813491821289e-01,9.999952912330627441e-01,9.999865889549255371e-01,-9.999833106994628906e-01,-9.999964237213134766e-01,-9.999971389770507812e-01,-9.999877810478210449e-01,-9.999969601631164551e-01,9.999951124191284180e-01,-9.999963045120239258e-01,9.999909400939941406e-01,-9.999530315399169922e-01,-9.999812841415405273e-01,-9.999527931213378906e-01,-9.999952316284179688e-01,9.999740719795227051e-01,9.999961256980895996e-01,-9.999834895133972168e-01,-9.999865889549255371e-01,9.999676942825317383e-01,9.999930262565612793e-01,-9.999963641166687012e-01,9.999945759773254395e-01,-9.999950528144836426e-01,-9.999606013298034668e-01,9.998011589050292969e-01,9.999967813491821289e-01,9.999749660491943359e-01,9.999306797981262207e-01,-9.999837279319763184e-01,9.999951720237731934e-01,-9.999583363533020020e-01,-9.999924302101135254e-01,9.999931454658508301e-01,-9.999933242797851562e-01,-9.999634623527526855e-01,9.999970197677612305e-01,-9.999963045120239258e-01,9.999914169311523438e-01,-9.999902844429016113e-01,9.999965429306030273e-01,9.997200369834899902e-01,9.998599290847778320e-01,9.999960064888000488e-01,9.999899864196777344e-01,-9.999493360519409180e-01,-9.999953508377075195e-01,-9.999821186065673828e-01,9.999955892562866211e-01,-9.999957680702209473e-01,9.999932646751403809e-01,-9.999949336051940918e-01,-9.998106956481933594e-01,9.999970197677612305e-01,-9.999914765357971191e-01,9.999968409538269043e-01,-9.999940395355224609e-01,-9.999861121177673340e-01,-9.999912381172180176e-01,-9.999957084655761719e-01,9.999902248382568359e-01,9.999936819076538086e-01,-9.999918341636657715e-01,-9.999749064445495605e-01,-9.999849796295166016e-01,9.999572038650512695e-01,-9.999783635139465332e-01
9.999990463256835938e-01,-9.999992251396179199e-01,-9.999966025352478027e-01,9.999985694885253906e-01,9.999994039535522461e-01,-9.999993443489074707e-01,9.999970197677612305e-01,9.999994635581970215e-01,-9.999969601631164551e-01,9.999991059303283691e-01,-9.999993443489074707e-01,-9.999994039535522461e-01,9.999987483024597168e-01,9.999991655349731445e-01,9.999967813491821289e-01,9.999968409538269043e-01,9.999984502792358398e-01,-9.999988675117492676e-01,9.999955296516418457e-01,-9.999994635581970215e-01,-9.999993443489074707e-01,9.999965429306030273e-01,9.999992251396179199e-01,9.999985694885253906e-01,9.999933838844299316e-01,9.999994039535522461e-01,-9.999989271163940430e-01,-9.999993443489074707e-01,9.999945759773254395e-01,-9.999979734420776367e-01,-9.999947547912597656e-01,-9.999989271163940430e-01,9.999911189079284668e-01,9.999970793724060059e-01,-9.999988079071044922e-01,9.999820590019226074e-01,9.999993443489074707e-01,9.999991655349731445e-01,9.999925494194030762e-01,-9.999992847442626953e-01,9.999992251396179199e-01,9.999871850013732910e-01,9.999904632568359375e-01,9.999994635581970215e-01,9.999989867210388184e-01,9.999989271163940430e-01,-9.999957680702209473e-01,9.999992251396179199e-01,9.999991655349731445e-01,-9.999991655349731445e-01,-9.999992251396179199e-01,-9.999991655349731445e-01,-9.999993443489074707e-01,-9.999959468841552734e-01,-9.999991655349731445e-01,-9.999988675117492676e-01,-9.999897480010986328e-01,9.999942183494567871e-01,9.999972581863403320e-01,9.999988675117492676e-01,-9.999991059303283691e-01,9.999994039535522461e-01,9.999991059303283691e-01,9.999973177909851074e-01,-9.999966621398925781e-01,-9.999993443489074707e-01,-9.999994635581970215e-01,-9.999975562095642090e-01,-9.999994039535522461e-01,9.999991059303283691e-01,-9.999992251396179199e-01,9.999982118606567383e-01,-9.999907016754150391e-01,-9.999961256980895996e-01,-9.999906420707702637e-01,-9.999991059303283691e-01,9.999948740005493164e-01,9.999992251396179199e-01,-9.999966621398925781e-01,-9.999972581863403320e-01,9.999936223030090332e-01,9.999986290931701660e-01,-9.999993443489074707e-01,9.999989271163940430e-01,-9.999990463256835938e-01,-9.999922513961791992e-01,9.999606013298034668e-01,9.999994039535522461e-01,9.999951124191284180e-01,9.999864101409912109e-01,-9.999967217445373535e-01,9.999991059303283691e-01,-9.999917745590209961e-01,-9.999984502792358398e-01,9.999985694885253906e-01,-9.999986290931701660e-01,-9.999927878379821777e-01,9.999993443489074707e-01,-9.999992251396179199e-01,9.999982118606567383e-01,-9.999980926513671875e-01,9.999992847442626953e-01,9.999445080757141113e-01,9.999722838401794434e-01,9.999992847442626953e-01,9.999979734420776367e-01,-9.999899864196777344e-01,-9.999991655349731445e-01,-9.999964237213134766e-01,9.999991655349731445e-01,-9.999992251396179199e-01,9.999987483024597168e-01,-9.999989867210388184e-01,-9.999625086784362793e-01,9.999994635581970215e-01,-9.999983310699462891e-01,9.999994039535522461e-01,-9.999988079071044922e-01,-9.999971985816955566e-01,-9.999983310699462891e-01,-9.999992251396179199e-01,9.999980330467224121e-01,9.999987483024597168e-01,-9.999983906745910645e-01,-9.999949932098388672e-01,-9.999969005584716797e-01,9.999914169311523438e-01,-9.999957084655761719e-01
-9.999949932098388672e-01,9.999957680702209473e-01,9.999828934669494629e-01,-9.999926686286926270e-01,-9.999964833259582520e-01,9.999961853027343750e-01,-9.999852776527404785e-01,-9.999969601631164551e-01,9.999850392341613770e-01,-9.999951720237731934e-01,9.999963045120239258e-01,9.999966621398925781e-01,-9.999938607215881348e-01,-9.999952912330627441e-01,-9.999837279319763184e-01,-9.999842047691345215e-01,-9.999921321868896484e-01,9.999939203262329102e-01,-9.999769926071166992e-01,9.999970793724060059e-01,9.999967217445373535e-01,-9.999825358390808105e-01,-9.999957680702209473e-01,-9.999929666519165039e-01,-9.999659061431884766e-01,-9.999966621398925781e-01,9.999945759773254395e-01,9.999964833259582520e-01,-9.999723434448242188e-01,9.999896287918090820e-01,9.999735951423645020e-01,9.999943971633911133e-01,-9.999544620513916016e-01,-9.999855756759643555e-01,9.999939799308776855e-01,-9.999080896377563477e-01,-9.999967813491821289e-01,-9.999955296516418457e-01,-9.999617338180541992e-01,9.999964237213134766e-01,-9.999958872795104980e-01,-9.999337196350097656e-01,-9.999508857727050781e-01,-9.999967217445373535e-01,-9.999946951866149902e-01,-9.999942779541015625e-01,9.999786615371704102e-01,-9.999958276748657227e-01,-9.999960064888000488e-01,9.999954700469970703e-01,9.999962449073791504e-01,9.999955892562866211e-01,9.999963641166687012e-01,9.999795556068420410e-01,9.999955296516418457e-01,9.999943375587463379e-01,9.999473690986633301e-01,-9.999708533287048340e-01,-9.999860525131225586e-01,-9.999946355819702148e-01,9.999952316284179688e-01,-9.999967217445373535e-01,-9.999952316284179688e-01,-9.999863505363464355e-01,9.999831318855285645e-01,9.999964833259582520e-01,9.999970197677612305e-01,9.999876022338867188e-01,9.999969005584716797e-01,-9.999950528144836426e-01,9.999962449073791504e-01,-9.999908208847045898e-01,9.999523162841796875e-01,9.999809861183166504e-01,9.999520778656005859e-01,9.999951124191284180e-01,-9.999737143516540527e-01,-9.999960660934448242e-01,9.999832510948181152e-01,9.999864697456359863e-01,-9.999673366546630859e-01,-9.999928474426269531e-01,9.999964237213134766e-01,-9.999945759773254395e-01,9.999949336051940918e-01,9.999600648880004883e-01,-9.997982382774353027e-01,-9.999967813491821289e-01,-9.999746084213256836e-01,-9.999297261238098145e-01,9.999835491180419922e-01,-9.999951124191284180e-01,9.999577403068542480e-01,9.999923110008239746e-01,-9.999930262565612793e-01,9.999932646751403809e-01,9.999629259109497070e-01,-9.999969601631164551e-01,9.999962449073791504e-01,-9.999912977218627930e-01,9.999902248382568359e-01,-9.999964833259582520e-01,-9.997159242630004883e-01,-9.998579025268554688e-01,-9.999959468841552734e-01,-9.999897480010986328e-01,9.999485611915588379e-01,9.999952912330627441e-01,9.999818801879882812e-01,-9.999955892562866211e-01,9.999956488609313965e-01,-9.999933242797851562e-01,9.999948740005493164e-01,9.998078942298889160e-01,-9.999970197677612305e-01,9.999913573265075684e-01,-9.999969005584716797e-01,9.999939799308776855e-01,9.999859929084777832e-01,9.999911189079284668e-01,9.999956488609313965e-01,-9.999900460243225098e-01,-9.999936819076538086e-01,9.999917149543762207e-01,9.999745488166809082e-01,9.999848604202270508e-01,-9.999565482139587402e-01,9.999779462814331055e-01
9.999983906745910645e-01,-9.999986290931701660e-01,-9.999945163726806641e-01,9.999976754188537598e-01,9.999988675117492676e-01,-9.999988079071044922e-01,9.999952316284179688e-01,9.999991059303283691e-01,-9.999951720237731934e-01,9.999984502792358398e-01,-9.999988675117492676e-01,-9.999989271163940430e-01,9.999980330467224121e-01,9.999985098838806152e-01,9.999947547912597656e-01,9.999949336051940918e-01,9.999974370002746582e-01,-9.999981522560119629e-01,9.999926090240478516e-01,-9.999991655349731445e-01,-9.999989271163940430e-01,9.999943971633911133e-01,9.999986290931701660e-01,9.999976158142089844e-01,9.999890923500061035e-01,9.999988675117492676e-01,-9.999981522560119629e-01,-9.999988675117492676e-01,9.999910593032836914e-01,-9.999966025352478027e-01,-9.999915361404418945e-01,-9.999980926513671875e-01,9.999852776527404785e-01,9.999953508377075195e-01,-9.999980926513671875e-01,9.999703764915466309e-01,9.999989271163940430e-01,9.999985694885253906e-01,9.999876618385314941e-01,-9.999988079071044922e-01,9.999986886978149414e-01,9.999787211418151855e-01,9.999842643737792969e-01,9.999989271163940430e-01,9.999982118606567383e-01,9.999981522560119629e-01,-9.999931454658508301e-01,9.999985694885253906e-01,9.999986886978149414e-01,-9.999985098838806152e-01,-9.999986886978149414e-01,-9.999985694885253906e-01,-9.999988079071044922e-01,-9.999933242797851562e-01,-9.999985694885253906e-01,-9.999981522560119629e-01,-9.999830722808837891e-01,9.999905824661254883e-01,9.999955296516418457e-01,9.999982714653015137e-01,-9.999984502792358398e-01,9.999989271163940430e-01,9.999984502792358398e-01,9.999955892562866211e-01,-9.999945163726806641e-01,-9.999988675117492676e-01,-9.999991059303283691e-01,-9.999960064888000488e-01,-9.999990463256835938e-01,9.999983310699462891e-01,-9.999987483024597168e-01,9.999970793724060059e-01,-9.999847412109375000e-01,-9.999938011169433594e-01,-9.999846220016479492e-01,-9.999984502792358398e-01,9.999915361404418945e-01,9.999986886978149414e-01,-9.999946355819702148e-01,-9.999955892562866211e-01,9.999895095825195312e-01,9.999976754188537598e-01,-9.999988675117492676e-01,9.999982118606567383e-01,-9.999983310699462891e-01,-9.999871850013732910e-01,9.999350905418395996e-01,9.999989867210388184e-01,9.999918937683105469e-01,9.999774098396301270e-01,-9.999946951866149902e-01,9.999985098838806152e-01,-9.999864101409912109e-01,-9.999974966049194336e-01,9.999976754188537598e-01,-9.999977350234985352e-01,-9.999881386756896973e-01,9.999989867210388184e-01,-9.999987483024597168e-01,9.999971985816955566e-01,-9.999967217445373535e-01,9.999988675117492676e-01,9.999086260795593262e-01,9.999542832374572754e-01,9.999986886978149414e-01,9.999966621398925781e-01,-9.999834895133972168e-01,-9.999983906745910645e-01,-9.999941587448120117e-01,9.999985694885253906e-01,-9.999985694885253906e-01,9.999977946281433105e-01,-9.999983310699462891e-01,-9.999382495880126953e-01,9.999991059303283691e-01,-9.999971985816955566e-01,9.999990463256835938e-01,-9.999980330467224121e-01,-9.999955296516418457e-01,-9.999971985816955566e-01,-9.999985098838806152e-01,9.999967217445373535e-01,9.999979734420776367e-01,-9.999973177909851074e-01,-9.999917745590209961e-01,-9.999951124191284180e-01,9.999861121177673340e-01,-9.999929070472717285e-01
-9.999988079071044922e-01,9.999990463256835938e-01,9.999958872795104980e-01,-9.999982714653015137e-01,-9.999993443489074707e-01,9.999991655349731445e-01,-9.999963641166687012e-01,-9.999993443489074707e-01,9.999963045120239258e-01,-9.999988675117492676e-01,9.999991655349731445e-01,9.999992251396179199e-01,-9.999985098838806152e-01,-9.999989271163940430e-01,-9.999959468841552734e-01,-9.999961853027343750e-01,-9.999980330467224121e-01,9.999985694885253906e-01,-9.999944567680358887e-01,9.999993443489074707e-01,9.999992847442626953e-01,-9.999957680702209473e-01,-9.999990463256835938e-01,-9.999982118606567383e-01,-9.999917745590209961e-01,-9.999993443489074707e-01,9.999986886978149414e-01,9.999992847442626953e-01,-9.999933242797851562e-01,9.999974966049194336e-01,9.999936223030090332e-01,9.999986290931701660e-01,-9.999889135360717773e-01,-9.999964237213134766e-01,9.999985098838806152e-01,-9.999776482582092285e-01,-9.999992847442626953e-01,-9.999989867210388184e-01,-9.999907016754150391e-01,9.999992251396179199e-01,-9.999990463256835938e-01,-9.999839067459106445e-01,-9.999880194664001465e-01,-9.999992251396179199e-01,-9.999986886978149414e-01,-9.999986886978149414e-01,9.999948143959045410e-01,-9.999989867210388184e-01,-9.999991059303283691e-01,9.999989271163940430e-01,9.999991655349731445e-01,9.999990463256835938e-01,9.999991655349731445e-01,9.999949932098388672e-01,9.999989271163940430e-01,9.999986886978149414e-01,9.999871850013732910e-01,-9.999928474426269531e-01,-9.999965429306030273e-01,-9.999986886978149414e-01,9.999989271163940430e-01,-9.999993443489074707e-01,-9.999988675117492676e-01,-9.999966621398925781e-01,9.999959468841552734e-01,9.999992847442626953e-01,9.999993443489074707e-01,9.999969601631164551e-01,9.999993443489074707e-01,-9.999988079071044922e-01,9.999991655349731445e-01,-9.999977946281433105e-01,9.999884963035583496e-01,9.999953508377075195e-01,9.999883770942687988e-01,9.999988079071044922e-01,-9.999935626983642578e-01,-9.999991059303283691e-01,9.999959468841552734e-01,9.999966621398925781e-01,-9.999920129776000977e-01,-9.999983310699462891e-01,9.999991655349731445e-01,-9.999986290931701660e-01,9.999987483024597168e-01,9.999903440475463867e-01,-9.999507665634155273e-01,-9.999993443489074707e-01,-9.999939203262329102e-01,-9.999828934669494629e-01,9.999960660934448242e-01,-9.999988675117492676e-01,9.999897480010986328e-01,9.999980926513671875e-01,-9.999982714653015137e-01,9.999983310699462891e-01,9.999909996986389160e-01,-9.999992847442626953e-01,9.999991655349731445e-01,-9.999979138374328613e-01,9.999975562095642090e-01,-9.999992251396179199e-01,-9.999306201934814453e-01,-9.999653100967407227e-01,-9.999991655349731445e-01,-9.999975562095642090e-01,9.999874830245971680e-01,9.999989271163940430e-01,9.999955892562866211e-01,-9.999989867210388184e-01,9.999989271163940430e-01,-9.999983906745910645e-01,9.999988079071044922e-01,9.999530315399169922e-01,-9.999992847442626953e-01,9.999979138374328613e-01,-9.999994039535522461e-01,9.999985694885253906e-01,9.999965429306030273e-01,9.999979138374328613e-01,9.999989271163940430e-01,-9.999974966049194336e-01,-9.999985098838806152e-01,9.999979734420776367e-01,9.999938011169433594e-01,9.999962449073791504e-01,-9.999894499778747559e-01,9.999946951866149902e-01
-9.999989271163940430e-01,9.999992251396179199e-01,9.999961256980895996e-01,-9.999983310699462891e-01,-9.999992847442626953e-01,9.999993443489074707e-01,-9.999967217445373535e-01,-9.999994039535522461e-01,9.999966621398925781e-01,-9.999989271163940430e-01,9.999992251396179199e-01,9.999994039535522461e-01,-9.999986290931701660e-01,-9.999990463256835938e-01,-9.999963641166687012e-01,-9.999964237213134766e-01,-9.999982118606567383e-01,9.999986886978149414e-01,-9.999949932098388672e-01,9.999994635581970215e-01,9.999993443489074707e-01,-9.999961853027343750e-01,-9.999992251396179199e-01,-9.999984502792358398e-01,-9.999924898147583008e-01,-9.999993443489074707e-01,9.999988079071044922e-01,9.999993443489074707e-01,-9.999938011169433594e-01,9.999976754188537598e-01,9.999941587448120117e-01,9.999987483024597168e-01,-9.999899268150329590e-01,-9.999967813491821289e-01,9.999986886978149414e-01,-9.999796748161315918e-01,-9.999993443489074707e-01,-9.999990463256835938e-01,-9.999914765357971191e-01,9.999992847442626953e-01,-9.999992251396179199e-01,-9.999854564666748047e-01,-9.999891519546508789e-01,-9.999993443489074707e-01,-9.999988079071044922e-01,-9.999986886978149414e-01,9.999952316284179688e-01,-9.999991059303283691e-01,-9.999991655349731445e-01,9.999989867210388184e-01,9.999991655349731445e-01,9.999990463256835938e-01,9.999992251396179199e-01,9.999954104423522949e-01,9.999990463256835938e-01,9.999987483024597168e-01,9.999883174896240234e-01,-9.999935626983642578e-01,-9.999968409538269043e-01,-9.999988079071044922e-01,9.999989867210388184e-01,-9.999993443489074707e-01,-9.999989867210388184e-01,-9.999969601631164551e-01,9.999961853027343750e-01,9.999992847442626953e-01,9.999994039535522461e-01,9.999971985816955566e-01,9.999994039535522461e-01,-9.999989271163940430e-01,9.999992251396179199e-01,-9.999979734420776367e-01,9.999894499778747559e-01,9.999957084655761719e-01,9.999893903732299805e-01,9.999988675117492676e-01,-9.999942779541015625e-01,-9.999992251396179199e-01,9.999962449073791504e-01,9.999969601631164551e-01,-9.999927878379821777e-01,-9.999985098838806152e-01,9.999992251396179199e-01,-9.999987483024597168e-01,9.999988675117492676e-01,9.999911785125732422e-01,-9.999552369117736816e-01,-9.999994039535522461e-01,-9.999944567680358887e-01,-9.999844431877136230e-01,9.999963641166687012e-01,-9.999989867210388184e-01,9.999906420707702637e-01,9.999983906745910645e-01,-9.999984502792358398e-01,9.999983906745910645e-01,9.999918341636657715e-01,-9.999993443489074707e-01,9.999992251396179199e-01,-9.999980330467224121e-01,9.999977946281433105e-01,-9.999992251396179199e-01,-9.999369978904724121e-01,-9.999685287475585938e-01,-9.999991655349731445e-01,-9.999977946281433105e-01,9.999886155128479004e-01,9.999989867210388184e-01,9.999960064888000488e-01,-9.999990463256835938e-01,9.999991059303283691e-01,-9.999984502792358398e-01,9.999988675117492676e-01,9.999573826789855957e-01,-9.999994635581970215e-01,9.999980926513671875e-01,-9.999994635581970215e-01,9.999987483024597168e-01,9.999968409538269043e-01,9.999979734420776367e-01,9.999989867210388184e-01,-9.999977350234985352e-01,-9.999986290931701660e-01,9.999981522560119629e-01,9.999942779541015625e-01,9.999966025352478027e-01,-9.999903440475463867e-01,9.999950528144836426e-01
