4.719392657279968262e-01,-2.323869615793228149e-02,2.013501673936843872e-01,-2.660096287727355957e-01,2.045055627822875977e-01,-2.918724417686462402e-01,1.274458169937133789e-01,3.881767094135284424e-01,3.841064497828483582e-02,-3.097099065780639648e-02,-1.698335111141204834e-01,-2.750364877283573151e-02,-2.493426501750946045e-01,-8.907837420701980591e-02,-9.144245088100433350e-02,5.854673683643341064e-02,6.191885098814964294e-03,-1.715016812086105347e-01,2.078392803668975830e-01,1.611785404384136200e-02,-6.707498431205749512e-02,-1.887844353914260864e-01,-2.422872483730316162e-01,9.926088899374008179e-02,1.784676423994824290e-04,-9.301122277975082397e-03,1.512798964977264404e-01,-3.031589686870574951e-01,-1.301037669181823730e-01,-1.504138261079788208e-01,-1.984982043504714966e-01,1.260842382907867432e-01,-1.936368197202682495e-01,-6.797619163990020752e-02,-1.181376632302999496e-02,8.155022561550140381e-02,-6.801854074001312256e-02,-9.302082657814025879e-02,-1.612159460783004761e-01,-2.622545659542083740e-01,4.486615955829620361e-02,9.747128933668136597e-02,-2.279806584119796753e-01,-1.985458470880985260e-02,-3.085663914680480957e-02,2.927552759647369385e-01,1.477472484111785889e-01,-4.805688187479972839e-02,1.337259113788604736e-01,-7.721432298421859741e-02,-2.292435914278030396e-01,-1.384295523166656494e-01,2.379001379013061523e-01,-3.343730047345161438e-02,-5.129528790712356567e-02,7.776043843477964401e-03,6.243323162198066711e-02,-5.562387872487306595e-03,2.511543035507202148e-01,1.935996860265731812e-01,-1.561828255653381348e-01,1.342590712010860443e-02,-4.995345138013362885e-03,1.976068466901779175e-01,7.065647095441818237e-02,4.212486371397972107e-02,-3.891285061836242676e-01,-5.611283238977193832e-03,8.569807559251785278e-02,2.576772570610046387e-01,-1.082536056637763977e-01,2.364332079887390137e-01,7.605486363172531128e-02,-1.362423598766326904e-01,-1.639290899038314819e-01,-3.318055346608161926e-02,1.921786926686763763e-03,-1.476603597402572632e-01,7.309332140721380711e-04,5.739240348339080811e-02,-6.671436876058578491e-02,-2.346204564673826098e-04,-2.736226841807365417e-02,-6.330385222099721432e-04,-1.964750587940216064e-01,2.634612023830413818e-01,2.268612682819366455e-01,-5.656182183884084225e-04,-1.918347477912902832e-01,2.339714579284191132e-02,-1.573214083909988403e-01,3.000250756740570068e-01,2.225261926651000977e-01,-1.675968915224075317e-01,5.216573923826217651e-02,-3.914337456226348877e-01,-1.869167387485504150e-02,-2.014771052927244455e-05,-4.501746594905853271e-02,1.185364574193954468e-01,-2.527528703212738037e-01,3.164804279804229736e-01,1.315201073884963989e-01,3.776555880904197693e-02,-2.159382700920104980e-01,1.905297487974166870e-01,2.437818050384521484e-01,2.500627934932708740e-01,-4.098396301269531250e-01,1.041538268327713013e-02,-8.836846798658370972e-02,2.404073923826217651e-01,1.922599971294403076e-01,5.931031703948974609e-02,-8.696378022432327271e-02,6.547053903341293335e-02,2.784095108509063721e-01,-1.537984460592269897e-01,-5.136575177311897278e-02,-9.894352406263351440e-02,-2.804104089736938477e-01,-3.401986323297023773e-03,-1.004040613770484924e-02,3.351201713085174561e-01,-4.766647703945636749e-03,1.681578755378723145e-01,4.131684079766273499e-02,-2.976296097040176392e-02
-2.323869615793228149e-02,1.180203910917043686e-02,-9.660972654819488525e-02,8.023270219564437866e-02,4.600840806961059570e-02,8.978246711194515228e-03,-9.541604667901992798e-03,1.688028126955032349e-02,5.282538384199142456e-02,5.713559314608573914e-02,-9.743346832692623138e-03,-4.308499768376350403e-02,7.719969004392623901e-02,7.280511409044265747e-02,8.465608954429626465e-02,9.397568553686141968e-02,-1.638165558688342571e-03,5.729126930236816406e-02,-9.050320088863372803e-02,-5.849560722708702087e-02,-4.756238311529159546e-02,7.905132323503494263e-02,6.931789219379425049e-02,-1.536424551159143448e-02,1.170090958476066589e-02,8.602681756019592285e-02,-8.885291218757629395e-02,-1.158985774964094162e-02,8.664887398481369019e-02,1.025471743196249008e-02,3.104780428111553192e-02,-1.039372831583023071e-01,7.218512892723083496e-02,6.216142326593399048e-02,-2.188997110351920128e-03,-9.522102028131484985e-02,6.273280084133148193e-02,8.228898793458938599e-02,-6.111017242074012756e-02,-4.852283746004104614e-02,8.598523586988449097e-02,1.317413896322250366e-02,9.474906325340270996e-02,2.444290369749069214e-02,-3.074115142226219177e-02,-7.089798152446746826e-02,-9.390467405319213867e-02,-2.624715864658355713e-02,-7.757319137454032898e-03,1.779141090810298920e-02,9.569080546498298645e-03,1.783418469130992889e-02,4.454594105482101440e-02,-4.650909919291734695e-03,3.040283918380737305e-03,-9.990122914314270020e-02,3.744456171989440918e-02,5.099307280033826828e-03,-7.395577430725097656e-02,-8.363123983144760132e-02,-5.850533023476600647e-03,-4.125985142309218645e-04,2.447105245664715767e-03,3.131899610161781311e-02,1.073361467570066452e-02,-2.746533975005149841e-02,4.757602885365486145e-02,9.271787106990814209e-02,-9.219895303249359131e-02,1.018030103296041489e-02,-7.212270051240921021e-02,-1.093242689967155457e-02,-3.329949453473091125e-02,8.700291812419891357e-02,-2.592605352401733398e-02,-8.851612359285354614e-02,-6.247267010621726513e-04,1.024801805615425110e-01,-1.898538693785667419e-02,-8.468031883239746094e-02,9.761983156204223633e-02,1.883336080936715007e-04,-7.834766805171966553e-02,-1.927899138536304235e-04,-7.962415367364883423e-02,-9.295798093080520630e-02,2.117106132209300995e-02,1.703200512565672398e-03,6.804940104484558105e-02,6.426418572664260864e-02,-1.891495287418365479e-02,-5.184926837682723999e-02,-8.464109152555465698e-02,3.249958902597427368e-02,-8.559809625148773193e-02,2.068131789565086365e-02,6.897376477718353271e-02,-4.644967248168541119e-06,-6.991476565599441528e-02,6.391529738903045654e-02,-2.055830508470535278e-02,2.361928857862949371e-02,-1.007621511816978455e-01,-8.020545542240142822e-02,1.096272841095924377e-01,9.340659715235233307e-03,-9.182537347078323364e-02,-9.553839266300201416e-02,6.481574382632970810e-03,-3.414533799514174461e-03,6.676663458347320557e-02,-7.615878432989120483e-02,-9.593380242586135864e-02,-1.682538911700248718e-02,9.815255552530288696e-02,-8.586783707141876221e-02,3.393284231424331665e-02,4.094769060611724854e-02,-8.954378962516784668e-02,5.037588998675346375e-02,7.035171985626220703e-02,7.452162355184555054e-02,7.887231558561325073e-02,-7.000656425952911377e-02,-5.638986453413963318e-02,-6.660387665033340454e-02,-4.740664269775152206e-03,6.519035249948501587e-02
2.013501673936843872e-01,-9.660972654819488525e-02,7.855337262153625488e-01,-6.876751780509948730e-01,-3.939209282398223877e-01,-1.290672421455383301e-01,4.680371657013893127e-02,-1.788748353719711304e-01,-4.273302853107452393e-01,-5.142818689346313477e-01,1.066489294171333313e-01,3.973280191421508789e-01,-5.969403386116027832e-01,-6.484468579292297363e-01,-7.198352217674255371e-01,-7.198131680488586426e-01,1.378193590790033340e-02,-4.586728811264038086e-01,7.404693961143493652e-01,5.574858188629150391e-01,3.934182822704315186e-01,-6.893092989921569824e-01,-6.282242536544799805e-01,1.461132615804672241e-01,-1.065221950411796570e-01,-6.572801470756530762e-01,7.273821830749511719e-01,6.717526167631149292e-02,-7.221136689186096191e-01,-6.928580999374389648e-02,-2.610591948032379150e-01,8.017222285270690918e-01,-5.906218290328979492e-01,-6.115269064903259277e-01,2.288220077753067017e-02,7.472382783889770508e-01,-5.492774844169616699e-01,-7.018946409225463867e-01,4.807508289813995361e-01,4.577210843563079834e-01,-6.786167025566101074e-01,-1.250232160091400146e-01,-7.528809309005737305e-01,-2.253835201263427734e-01,2.451051473617553711e-01,6.014109253883361816e-01,7.731049060821533203e-01,2.323119193315505981e-01,6.359076499938964844e-02,-5.843473598361015320e-02,-6.989430636167526245e-02,-1.086033657193183899e-01,-4.070569574832916260e-01,5.290498957037925720e-02,-2.533575333654880524e-02,7.878825068473815918e-01,-3.696362972259521484e-01,-4.653496295213699341e-02,5.978541374206542969e-01,7.023633718490600586e-01,7.789719849824905396e-02,-1.138299889862537384e-02,-2.146748267114162445e-02,-2.656077742576599121e-01,-8.150985091924667358e-02,2.387325316667556763e-01,-3.479459583759307861e-01,-7.281133532524108887e-01,7.481870651245117188e-01,-7.616091519594192505e-02,6.258822679519653320e-01,1.310211569070816040e-01,3.016286492347717285e-01,-7.326752543449401855e-01,1.883646845817565918e-01,7.111498117446899414e-01,4.942165687680244446e-03,-8.149213790893554688e-01,1.718720197677612305e-01,7.086299061775207520e-01,-7.848479747772216797e-01,-1.740385778248310089e-03,6.701191663742065430e-01,2.606043592095375061e-03,6.287078857421875000e-01,7.453300356864929199e-01,-2.164401561021804810e-01,-1.485964376479387283e-02,-5.644671320915222168e-01,-5.932624936103820801e-01,1.752951145172119141e-01,4.118127524852752686e-01,6.906633973121643066e-01,-2.786327004432678223e-01,7.100923061370849609e-01,-1.602233946323394775e-01,-5.958743691444396973e-01,4.478574555832892656e-05,6.005762219429016113e-01,-5.296344161033630371e-01,2.608315944671630859e-01,-2.131678313016891479e-01,7.901425361633300781e-01,6.845324039459228516e-01,-8.398927450180053711e-01,-1.711971759796142578e-01,7.101994156837463379e-01,7.446229457855224609e-01,-6.323737651109695435e-02,2.916415780782699585e-02,-5.682313442230224609e-01,6.718968749046325684e-01,7.690367102622985840e-01,4.076122492551803589e-02,-7.787756323814392090e-01,7.141215205192565918e-01,-2.878777682781219482e-01,-3.794645965099334717e-01,7.337321639060974121e-01,-4.527983367443084717e-01,-5.838231444358825684e-01,-6.412129998207092285e-01,-6.669699549674987793e-01,5.505586862564086914e-01,5.553681254386901855e-01,5.973089337348937988e-01,3.024653159081935883e-02,-5.922979116439819336e-01
-2.660096287727355957e-01,8.023270219564437866e-02,-6.876751780509948730e-01,7.195597887039184570e-01,1.988574266433715820e-01,2.172840535640716553e-01,-5.880080908536911011e-02,-6.995500531047582626e-03,3.586004078388214111e-01,4.269859492778778076e-01,-1.418924927711486816e-01,-3.134686946868896484e-01,4.391503334045410156e-01,5.925118327140808105e-01,6.186937093734741211e-01,5.025848150253295898e-01,-8.957587182521820068e-03,3.968639075756072998e-01,-7.075254917144775391e-01,-4.652959704399108887e-01,-4.208368659019470215e-01,6.334526538848876953e-01,5.794046521186828613e-01,-1.256073117256164551e-01,8.965644240379333496e-02,4.362704753875732422e-01,-5.645613074302673340e-01,1.683369278907775879e-01,5.406017303466796875e-01,1.960697323083877563e-01,2.234932631254196167e-01,-7.114980816841125488e-01,6.264552474021911621e-01,5.116709470748901367e-01,-5.609312560409307480e-03,-5.597960948944091797e-01,4.307524561882019043e-01,5.723155736923217773e-01,-2.124621123075485229e-01,-4.026471376419067383e-01,5.764484405517578125e-01,1.346458494663238525e-01,6.230101585388183594e-01,1.805649548768997192e-01,-2.756567895412445068e-01,-4.355156123638153076e-01,-7.037438750267028809e-01,-2.056407481431961060e-01,-5.947111174464225769e-02,9.245993942022323608e-02,1.085408702492713928e-01,1.988616883754730225e-01,3.664927482604980469e-01,-7.256386429071426392e-02,1.372538506984710693e-01,-6.185364723205566406e-01,3.207774758338928223e-01,3.676673769950866699e-02,-5.361516475677490234e-01,-6.805887818336486816e-01,-9.306477755308151245e-02,7.536010444164276123e-02,2.322231791913509369e-02,1.593562513589859009e-01,1.005501002073287964e-01,-2.006106972694396973e-01,3.171541094779968262e-01,5.407270789146423340e-01,-6.168385744094848633e-01,-1.304467171430587769e-01,-4.545458853244781494e-01,4.462807904928922653e-03,-3.283271193504333496e-01,6.480690240859985352e-01,-1.500183939933776855e-01,-5.713801980018615723e-01,-2.612920245155692101e-03,6.668129563331604004e-01,-3.034214377403259277e-01,-5.808367729187011719e-01,7.187473773956298828e-01,1.463668886572122574e-03,-4.892006516456604004e-01,2.884426794480532408e-04,-4.714063107967376709e-01,-6.388974785804748535e-01,8.068841998465359211e-05,9.243357926607131958e-03,4.306873679161071777e-01,4.578666090965270996e-01,-1.483751386404037476e-01,-5.062598586082458496e-01,-6.585296988487243652e-01,3.107521533966064453e-01,-6.374916434288024902e-01,2.600483894348144531e-01,4.565541446208953857e-01,-3.364907388458959758e-05,-4.111619889736175537e-01,3.660057187080383301e-01,-9.868243336677551270e-02,-2.342986688017845154e-02,-7.254210710525512695e-01,-5.347099900245666504e-01,7.486410140991210938e-01,2.731944024562835693e-01,-7.565708160400390625e-01,-6.141090989112854004e-01,2.252032458782196045e-01,-2.960523776710033417e-02,5.588593482971191406e-01,-6.790555715560913086e-01,-7.074929475784301758e-01,7.023603469133377075e-02,6.389203667640686035e-01,-6.001714468002319336e-01,5.043482780456542969e-02,3.322189450263977051e-01,-5.920525193214416504e-01,4.531127512454986572e-01,5.166503787040710449e-01,5.825995206832885742e-01,5.708609819412231445e-01,-5.305331349372863770e-01,-4.578756392002105713e-01,-5.735161900520324707e-01,-4.280192032456398010e-02,4.693514704704284668e-01
2.045055627822875977e-01,4.600840806961059570e-02,-3.939209282398223877e-01,1.988574266433715820e-01,4.892072677612304688e-01,-1.848966926336288452e-01,5.482693761587142944e-02,4.849091470241546631e-01,2.357294112443923950e-01,2.793634831905364990e-01,-1.244012564420700073e-01,-2.643393576145172119e-01,3.149882256984710693e-01,2.802517116069793701e-01,3.866342008113861084e-01,6.350933313369750977e-01,-7.467220537364482880e-03,2.240436524152755737e-01,-3.161679506301879883e-01,-2.863014936447143555e-01,-1.473776549100875854e-01,2.699856162071228027e-01,1.976917535066604614e-01,-1.940450258553028107e-02,5.905432999134063721e-02,5.429394245147705078e-01,-4.087443649768829346e-01,-4.152337312698364258e-01,4.960860908031463623e-01,-1.473487019538879395e-01,4.401353746652603149e-02,-4.315686821937561035e-01,1.638790965080261230e-01,3.097881078720092773e-01,-3.127484768629074097e-02,-5.144341588020324707e-01,3.188842236995697021e-01,4.108226597309112549e-01,-6.339088678359985352e-01,-3.979867994785308838e-01,4.852396249771118164e-01,9.887572377920150757e-02,3.949522674083709717e-01,1.291000694036483765e-01,-9.572117775678634644e-02,-2.739767432212829590e-01,-4.110150337219238281e-01,-1.669256687164306641e-01,2.715793810784816742e-02,1.193548180162906647e-02,-1.143283918499946594e-01,-1.116744354367256165e-01,3.362433314323425293e-01,-2.329990640282630920e-02,-1.205826848745346069e-01,-5.946123003959655762e-01,2.447183728218078613e-01,2.713636867702007294e-02,-2.232558131217956543e-01,-2.795099914073944092e-01,-8.357897400856018066e-02,-7.486230880022048950e-02,4.851402714848518372e-03,3.162784874439239502e-01,6.916963309049606323e-02,-1.206279769539833069e-01,1.027336250990629196e-02,5.634125471115112305e-01,-4.453290104866027832e-01,3.684813976287841797e-01,-5.404671430587768555e-01,-3.813689574599266052e-02,-4.398038983345031738e-02,3.718767762184143066e-01,-2.302006483078002930e-01,-5.301023125648498535e-01,-3.286404768005013466e-03,5.092102289199829102e-01,7.534845732152462006e-03,-4.294329285621643066e-01,4.594003558158874512e-01,8.573805098421871662e-04,-5.091955065727233887e-01,-3.822203492745757103e-03,-6.076017022132873535e-01,-3.510366678237915039e-01,3.932349681854248047e-01,1.160956826061010361e-02,2.428136169910430908e-01,3.946348130702972412e-01,-2.104448080062866211e-01,4.415067285299301147e-02,-2.575257420539855957e-01,-1.246015820652246475e-02,-4.112870395183563232e-01,-2.147262096405029297e-01,4.280398488044738770e-01,-3.998754982603713870e-05,-4.636166691780090332e-01,4.929999113082885742e-01,-3.707880675792694092e-01,4.639329314231872559e-01,-4.185969233512878418e-01,-4.507514536380767822e-01,4.504764080047607422e-01,9.918212145566940308e-02,-2.185516208410263062e-01,-4.013428092002868652e-01,-3.375559151172637939e-01,-3.710336750373244286e-03,1.837366074323654175e-01,-1.779156178236007690e-01,-3.747663199901580811e-01,-1.407531946897506714e-01,5.424319505691528320e-01,-4.155059754848480225e-01,4.847114086151123047e-01,1.449571698904037476e-01,-5.607845783233642578e-01,1.432309895753860474e-01,2.178656756877899170e-01,3.530362546443939209e-01,3.915315568447113037e-01,-1.180134937167167664e-01,-3.054456710815429688e-01,-1.780267804861068726e-01,6.232767831534147263e-03,3.687905967235565186e-01
-2.918724417686462402e-01,8.978246711194515228e-03,-1.290672421455383301e-01,2.172840535640716553e-01,-1.848966926336288452e-01,2.651020586490631104e-01,-4.855534061789512634e-02,-2.621552944183349609e-01,-4.546540603041648865e-02,2.540235221385955811e-02,6.395003199577331543e-02,1.291820872575044632e-02,6.800691038370132446e-02,1.073134839534759521e-01,8.717831969261169434e-02,-9.514985233545303345e-02,-1.988848438486456871e-03,4.117164760828018188e-02,-1.420423686504364014e-01,-5.624187737703323364e-02,-1.641464605927467346e-02,1.490185707807540894e-01,1.759976744651794434e-01,-6.066776812076568604e-02,2.356301061809062958e-03,-9.366635233163833618e-02,-8.291949331760406494e-02,2.925387322902679443e-01,6.167961657047271729e-02,1.132401302456855774e-01,1.085470542311668396e-01,-9.581609815359115601e-02,1.456044018268585205e-01,1.130152121186256409e-01,9.340052492916584015e-03,-6.824458483606576920e-03,1.671462506055831909e-02,4.157098382711410522e-02,1.955129057168960571e-01,7.819420844316482544e-02,-5.743367224931716919e-02,-2.892988547682762146e-02,1.059231758117675781e-01,1.661748997867107391e-02,7.023335900157690048e-03,-1.468663662672042847e-01,-1.063154935836791992e-01,2.511144243180751801e-02,-7.854715734720230103e-02,-2.172673866152763367e-02,1.371187120676040649e-01,7.779080420732498169e-02,-9.323423355817794800e-02,2.423501573503017426e-03,7.309365272521972656e-02,-2.508953912183642387e-03,-1.323666237294673920e-02,2.894287928938865662e-03,-1.140501424670219421e-01,-1.374811381101608276e-01,5.369489639997482300e-02,4.230773448944091797e-02,5.498757585883140564e-03,-1.521853506565093994e-01,-4.616336151957511902e-02,-1.806317828595638275e-02,1.718276441097259521e-01,-4.265646263957023621e-02,-3.933855518698692322e-02,-2.387689948081970215e-01,8.025178313255310059e-02,-1.393084526062011719e-01,-8.098270744085311890e-02,9.541518241167068481e-02,1.384914517402648926e-01,3.968932479619979858e-02,1.333782165602315217e-05,8.777940273284912109e-02,-5.723158642649650574e-02,-2.504967711865901947e-02,7.233172655105590820e-02,2.057529927697032690e-04,2.436785399913787842e-02,2.910482289735227823e-04,1.570854187011718750e-01,-1.403329074382781982e-01,-1.650528311729431152e-01,-1.342637347988784313e-03,6.519591063261032104e-02,-1.437559165060520172e-02,8.480579406023025513e-02,-2.015438675880432129e-01,-1.331941187381744385e-01,1.250138133764266968e-01,-3.247056528925895691e-02,2.492155581712722778e-01,-9.633200243115425110e-03,1.003548368316842243e-05,5.009527131915092468e-02,-1.432301402091979980e-01,1.321900188922882080e-01,-2.508811056613922119e-01,-9.160693734884262085e-02,-2.368393586948513985e-03,1.234406903386116028e-01,2.770583704113960266e-02,-1.921691596508026123e-01,-9.158780425786972046e-02,3.083659708499908447e-01,-8.097761310636997223e-03,1.088650375604629517e-01,-2.269872277975082397e-01,-1.174908876419067383e-01,1.006425321102142334e-01,3.639498353004455566e-02,-4.069093614816665649e-02,-2.321688085794448853e-01,9.965575486421585083e-02,2.916733361780643463e-02,9.330350905656814575e-02,1.333131790161132812e-01,3.024853765964508057e-02,1.885122060775756836e-02,-1.683855950832366943e-01,-6.168842688202857971e-02,-1.431843787431716919e-01,-1.996697112917900085e-02,1.428184192627668381e-02
1.274458169937133789e-01,-9.541604667901992798e-03,4.680371657013893127e-02,-5.880080908536911011e-02,5.482693761587142944e-02,-4.855534061789512634e-02,8.393361419439315796e-02,1.182578057050704956e-01,-2.966031432151794434e-02,6.297821644693613052e-03,-7.439104467630386353e-02,-5.536761600524187088e-03,-1.040523201227188110e-01,-2.661404758691787720e-02,-2.925500273704528809e-02,-6.335576064884662628e-03,1.121788867749273777e-03,-6.765635311603546143e-02,3.693654015660285950e-02,-2.367770858108997345e-02,-1.882160827517509460e-02,-5.232212692499160767e-02,-5.466351658105850220e-02,3.000581078231334686e-02,9.468757780268788338e-04,-3.114680573344230652e-02,4.441002756357192993e-02,-6.844145059585571289e-02,-2.427863143384456635e-02,-7.685203850269317627e-02,-5.910690128803253174e-02,4.443891718983650208e-02,-4.037038609385490417e-02,1.431358326226472855e-02,-2.620425773784518242e-03,4.392041638493537903e-02,-2.403537556529045105e-02,-2.385240420699119568e-02,-2.933964133262634277e-02,-1.048129051923751831e-01,2.572670811787247658e-03,3.381647169589996338e-02,-7.205067574977874756e-02,-2.250637160614132881e-03,-2.016332559287548065e-02,8.298175036907196045e-02,3.358749300241470337e-02,-5.652003921568393707e-03,4.840844124555587769e-02,-4.384651780128479004e-02,-5.388326570391654968e-02,-6.302625685930252075e-02,8.275762945413589478e-02,-1.947253709658980370e-03,-1.080903969705104828e-02,4.698281118180602789e-04,2.316673286259174347e-02,-1.927647856064140797e-03,6.538363546133041382e-02,6.406340003013610840e-02,-6.684559583663940430e-02,1.583477854728698730e-02,-1.356321386992931366e-03,7.307810336351394653e-02,1.555915083736181259e-02,1.486411318182945251e-02,-1.401018798351287842e-01,-1.361774187535047531e-02,3.480078279972076416e-02,7.553160935640335083e-02,-4.664062336087226868e-02,5.412707850337028503e-02,2.418405190110206604e-02,-4.736781865358352661e-02,-4.784470424056053162e-02,-2.522701583802700043e-02,9.686877019703388214e-04,-3.747714683413505554e-02,-8.720264770090579987e-03,1.951832510530948639e-02,-5.396199412643909454e-03,-8.032928599277511239e-05,-1.102474331855773926e-02,-9.586639353074133396e-04,-5.406818538904190063e-02,9.591765701770782471e-02,9.959249943494796753e-02,-7.805600180290639400e-04,-6.802525371313095093e-02,1.184771209955215454e-02,-5.406461656093597412e-02,8.778153359889984131e-02,5.912435799837112427e-02,-3.960165381431579590e-02,7.700080517679452896e-03,-1.252644658088684082e-01,-5.654056090861558914e-03,-8.934740435506682843e-06,3.686971031129360199e-03,2.722121961414813995e-02,-1.053073182702064514e-01,9.278289228677749634e-02,4.969903081655502319e-02,1.316708698868751526e-02,-4.159478843212127686e-02,1.047754138708114624e-01,5.984576418995857239e-02,9.205088019371032715e-02,-1.129374355077743530e-01,2.926659537479281425e-03,-4.427693411707878113e-02,3.031683154404163361e-02,7.275588810443878174e-02,7.923587411642074585e-02,-2.889431081712245941e-02,1.660520955920219421e-02,5.897717177867889404e-02,-3.596327826380729675e-02,-2.281999029219150543e-02,-2.658673003315925598e-02,-9.205534309148788452e-02,1.235311105847358704e-02,-7.228165864944458008e-03,1.222680211067199707e-01,-1.856860890984535217e-02,4.384123906493186951e-02,1.505175884813070297e-02,2.612147293984889984e-02
3.881767094135284424e-01,1.688028126955032349e-02,-1.788748353719711304e-01,-6.995500531047582626e-03,4.849091470241546631e-01,-2.621552944183349609e-01,1.182578057050704956e-01,6.475412845611572266e-01,1.303793787956237793e-01,1.706705838441848755e-01,-1.298378854990005493e-01,-2.299702018499374390e-01,1.118938326835632324e-01,1.590610742568969727e-01,2.522693872451782227e-01,5.117974281311035156e-01,-2.253320766612887383e-03,4.510024189949035645e-02,-7.892331480979919434e-02,-2.008459866046905518e-01,-3.059416450560092926e-02,1.139394640922546387e-01,1.692558266222476959e-02,1.069257687777280807e-02,4.153710603713989258e-02,3.947581052780151367e-01,-2.384785860776901245e-01,-5.061581134796142578e-01,3.702397644519805908e-01,-2.213158160448074341e-01,-6.696616113185882568e-02,-2.207763195037841797e-01,-7.846976816654205322e-02,2.507333457469940186e-01,-4.087211936712265015e-02,-3.582276701927185059e-01,2.054284214973449707e-01,2.611393034458160400e-01,-6.310216188430786133e-01,-4.157634973526000977e-01,3.283075988292694092e-01,9.699396789073944092e-02,1.688621342182159424e-01,9.525854885578155518e-02,1.854813657701015472e-02,-1.156652197241783142e-01,-2.176238745450973511e-01,-1.434337496757507324e-01,6.570886075496673584e-02,-1.396127939224243164e-01,-2.234076112508773804e-01,-2.512847781181335449e-01,3.237800300121307373e-01,-3.939535841345787048e-02,-1.881702840328216553e-01,-4.553731083869934082e-01,2.310609966516494751e-01,2.050931192934513092e-02,3.581163287162780762e-02,-8.097941428422927856e-02,-1.147834658622741699e-01,-9.110613167285919189e-02,-2.085844520479440689e-03,2.793097496032714844e-01,4.681644588708877563e-02,-6.259055435657501221e-02,-2.240003794431686401e-01,4.169251620769500732e-01,-2.842917442321777344e-01,4.525101482868194580e-01,-4.854970574378967285e-01,-4.960209876298904419e-02,5.142494291067123413e-02,2.183850556612014771e-01,-1.686051785945892334e-01,-3.738400936126708984e-01,-1.941252034157514572e-03,3.280858993530273438e-01,7.559227943420410156e-02,-2.810231149196624756e-01,2.736284136772155762e-01,6.007438641972839832e-04,-4.260459244251251221e-01,-4.863696638494729996e-03,-5.172910690307617188e-01,-1.423994451761245728e-01,4.696740508079528809e-01,1.020559016615152359e-02,5.009815096855163574e-02,3.350856900215148926e-01,-2.195555269718170166e-01,3.027016222476959229e-01,-2.044868282973766327e-02,-1.467874497175216675e-01,-2.403247952461242676e-01,-3.990613222122192383e-01,3.193503916263580322e-01,-4.118231663596816361e-05,-4.088186025619506836e-01,4.132454395294189453e-01,-4.916187226772308350e-01,5.693534612655639648e-01,-2.157341241836547852e-01,-3.304906487464904785e-01,1.864566951990127563e-01,1.601087749004364014e-01,6.058690324425697327e-02,-1.718566864728927612e-01,-4.981686174869537354e-01,8.608651347458362579e-03,4.408968985080718994e-02,1.690860651433467865e-02,-1.641760468482971191e-01,-5.698035284876823425e-02,3.757914304733276367e-01,-2.533329427242279053e-01,5.648798942565917969e-01,5.662553012371063232e-02,-4.436681568622589111e-01,1.436302531510591507e-02,6.902254652231931686e-03,2.170327305793762207e-01,2.500804960727691650e-01,1.452425271272659302e-01,-2.761597931385040283e-01,-1.017806492745876312e-02,3.948729485273361206e-02,2.546974718570709229e-01
3.841064497828483582e-02,5.282538384199142456e-02,-4.273302853107452393e-01,3.586004078388214111e-01,2.357294112443923950e-01,-4.546540603041648865e-02,-2.966031432151794434e-02,1.303793787956237793e-01,4.301582574844360352e-01,3.260247111320495605e-01,-1.511187255382537842e-01,-2.601023614406585693e-01,2.323707491159439087e-01,4.235041737556457520e-01,4.484015405178070068e-01,4.972315430641174316e-01,-2.976478077471256256e-03,1.645523160696029663e-01,-4.529444277286529541e-01,-3.604253232479095459e-01,-4.602733552455902100e-01,4.178175032138824463e-01,2.648514211177825928e-01,-6.929214298725128174e-02,7.701274752616882324e-02,4.434965252876281738e-01,-4.280517995357513428e-01,-4.050573334097862244e-02,3.206882178783416748e-01,7.717445492744445801e-02,5.218294635415077209e-02,-6.073718667030334473e-01,3.775079250335693359e-01,3.355858325958251953e-01,-7.552159018814563751e-03,-4.803588688373565674e-01,3.054323494434356689e-01,4.049369394779205322e-01,-2.351410835981369019e-01,-4.202114939689636230e-01,5.233176946640014648e-01,1.412564218044281006e-01,3.691253960132598877e-01,1.170353740453720093e-01,-2.649415731430053711e-01,-2.165312767028808594e-01,-4.379731714725494385e-01,-1.577610671520233154e-01,6.606607884168624878e-02,4.163742531090974808e-03,-6.291205435991287231e-02,1.613345146179199219e-01,4.349963366985321045e-01,-8.636306971311569214e-02,1.047921702265739441e-01,-5.049272775650024414e-01,2.610343992710113525e-01,2.356060035526752472e-02,-2.802503705024719238e-01,-4.083998799324035645e-01,-1.782021373510360718e-01,1.042909398674964905e-01,1.537715550512075424e-02,2.686451077461242676e-01,1.343011856079101562e-01,-1.378637999296188354e-01,3.624891862273216248e-02,4.411634206771850586e-01,-4.956002831459045410e-01,3.533153980970382690e-02,-3.868818879127502441e-01,1.804738938808441162e-01,-2.678282856941223145e-01,4.583787918090820312e-01,-2.149663716554641724e-01,-4.668039381504058838e-01,-1.529519446194171906e-03,4.735784828662872314e-01,-1.707152873277664185e-01,-4.816212058067321777e-01,5.571213364601135254e-01,1.008471008390188217e-03,-3.845024108886718750e-01,1.705873524770140648e-03,-4.850807487964630127e-01,-3.765035867691040039e-01,9.929042309522628784e-02,6.884510163217782974e-03,3.537758290767669678e-01,3.685197532176971436e-01,-1.475781798362731934e-01,-2.463462501764297485e-01,-4.218035936355590820e-01,2.007109224796295166e-01,-4.882322251796722412e-01,4.206223413348197937e-03,2.550363540649414062e-01,-3.453039971645921469e-05,-3.766970634460449219e-01,3.471218943595886230e-01,-1.874470263719558716e-01,2.061101794242858887e-01,-5.618948936462402344e-01,-4.098727703094482422e-01,5.401270389556884766e-01,1.658371239900588989e-01,-5.055997371673583984e-01,-3.861693739891052246e-01,-6.408293545246124268e-02,-2.553323842585086823e-02,5.052408576011657715e-01,-3.965726792812347412e-01,-4.661315679550170898e-01,8.826043456792831421e-02,4.085200726985931396e-01,-4.667505919933319092e-01,2.011875808238983154e-01,1.343430131673812866e-01,-4.837333559989929199e-01,3.059156239032745361e-01,1.947890073060989380e-01,4.756719172000885010e-01,4.398927390575408936e-01,-2.328707128763198853e-01,-3.700216412544250488e-01,-3.818978965282440186e-01,8.716930635273456573e-03,3.162122666835784912e-01
-3.097099065780639648e-02,5.713559314608573914e-02,-5.142818689346313477e-01,4.269859492778778076e-01,2.793634831905364990e-01,2.540235221385955811e-02,6.297821644693613052e-03,1.706705838441848755e-01,3.260247111320495605e-01,3.512060642242431641e-01,-1.295707523822784424e-01,-2.693406939506530762e-01,3.190949261188507080e-01,4.372069537639617920e-01,4.882663786411285400e-01,5.376020669937133789e-01,-7.134291809052228928e-03,2.314225882291793823e-01,-5.082333087921142578e-01,-3.901036679744720459e-01,-3.527402877807617188e-01,4.463311731815338135e-01,3.535220324993133545e-01,-7.916697114706039429e-02,7.519091665744781494e-02,4.674316644668579102e-01,-4.906115829944610596e-01,-7.090986520051956177e-02,4.636923968791961670e-01,1.519032567739486694e-02,1.125434860587120056e-01,-6.074292659759521484e-01,3.928165137767791748e-01,4.126086235046386719e-01,-1.359498128294944763e-02,-5.256473422050476074e-01,3.428527712821960449e-01,4.607292413711547852e-01,-3.339633643627166748e-01,-4.050877988338470459e-01,5.093722343444824219e-01,1.169077008962631226e-01,4.657523334026336670e-01,1.409531533718109131e-01,-2.106974720954895020e-01,-3.364505171775817871e-01,-5.155137181282043457e-01,-1.554749608039855957e-01,1.687466725707054138e-02,3.509392961859703064e-03,-9.757422842085361481e-03,7.616697996854782104e-02,3.749963641166687012e-01,-5.115763470530509949e-02,4.225360974669456482e-02,-5.830509066581726074e-01,2.632441222667694092e-01,2.807118743658065796e-02,-3.471725881099700928e-01,-4.433883428573608398e-01,-1.265835762023925781e-01,4.961093515157699585e-02,1.425233948975801468e-02,2.490279823541641235e-01,8.629442751407623291e-02,-1.487307697534561157e-01,1.116028651595115662e-01,5.048319101333618164e-01,-5.227328538894653320e-01,7.886075973510742188e-02,-4.531701803207397461e-01,1.664070226252079010e-02,-2.188894301652908325e-01,4.899905622005462646e-01,-1.787244677543640137e-01,-5.226384997367858887e-01,-2.354679629206657410e-03,5.687451958656311035e-01,-1.321906596422195435e-01,-5.006237030029296875e-01,5.932869315147399902e-01,1.093727420084178448e-03,-4.569084048271179199e-01,-1.047950703650712967e-03,-4.989495873451232910e-01,-4.521459937095642090e-01,1.781582534313201904e-01,8.682005107402801514e-03,3.586082458496093750e-01,3.986631035804748535e-01,-1.481453627347946167e-01,-2.376082539558410645e-01,-4.506202340126037598e-01,1.827304363250732422e-01,-5.091289877891540527e-01,2.406072430312633514e-02,3.531211614608764648e-01,-3.589795596781186759e-05,-4.052027165889739990e-01,3.716038465499877930e-01,-2.295075953006744385e-01,2.109880894422531128e-01,-5.724028944969177246e-01,-4.582677185535430908e-01,6.140458583831787109e-01,1.717062294483184814e-01,-5.136660337448120117e-01,-4.640604555606842041e-01,-3.707257285714149475e-02,-2.123817242681980133e-02,4.283121824264526367e-01,-4.529820084571838379e-01,-5.053911209106445312e-01,5.369240790605545044e-02,5.191401243209838867e-01,-4.972541034221649170e-01,2.215020656585693359e-01,2.030969858169555664e-01,-5.412619113922119141e-01,2.986495494842529297e-01,2.914371490478515625e-01,4.712367653846740723e-01,4.593733549118041992e-01,-2.790715694427490234e-01,-3.936495184898376465e-01,-3.853452801704406738e-01,-3.371651051566004753e-03,3.915133476257324219e-01
-1.698335111141204834e-01,-9.743346832692623138e-03,1.066489294171333313e-01,-1.418924927711486816e-01,-1.244012564420700073e-01,6.395003199577331543e-02,-7.439104467630386353e-02,-1.298378854990005493e-01,-1.511187255382537842e-01,-1.295707523822784424e-01,2.259700596332550049e-01,9.855265170335769653e-02,8.863059431314468384e-02,-1.414306908845901489e-01,-1.285642236471176147e-01,-1.127351000905036926e-01,-2.308550756424665451e-03,-1.302981749176979065e-02,1.762868911027908325e-01,1.502318382263183594e-01,2.799567580223083496e-01,-1.047187149524688721e-01,-4.755202680826187134e-02,-3.345989063382148743e-02,-3.138853982090950012e-02,-5.706476047635078430e-02,4.305096715688705444e-02,-1.821235491661354899e-04,-1.458603609353303909e-02,-2.455039694905281067e-02,7.322812825441360474e-02,1.783801764249801636e-01,-1.927585005760192871e-01,-1.032902970910072327e-01,-3.578250994905829430e-03,5.993046984076499939e-02,-7.189662009477615356e-02,-1.101934388279914856e-01,5.759517196565866470e-03,3.231010735034942627e-01,-2.436051666736602783e-01,-1.358743458986282349e-01,-3.039777651429176331e-02,-3.478278219699859619e-02,2.063015401363372803e-01,-1.282628178596496582e-01,1.599403321743011475e-01,9.737985581159591675e-02,-9.364463388919830322e-02,-3.283809497952461243e-02,8.225812762975692749e-02,-6.470113992691040039e-02,-3.183841407299041748e-01,6.166781857609748840e-02,-1.080930605530738831e-01,1.455174684524536133e-01,-1.451210379600524902e-01,-4.974702838808298111e-03,5.367114022374153137e-02,1.367266774177551270e-01,1.803859472274780273e-01,-9.611069411039352417e-02,-7.842091843485832214e-03,-1.955189108848571777e-01,-1.172487586736679077e-01,3.653968870639801025e-02,1.549200117588043213e-01,-1.140895932912826538e-01,1.232835724949836731e-01,-1.901870593428611755e-02,1.728574335575103760e-01,-2.919820249080657959e-01,1.124959290027618408e-01,-1.199100390076637268e-01,1.982439756393432617e-01,2.126860022544860840e-01,-1.738759572617709637e-03,-8.791825175285339355e-02,2.109452933073043823e-01,1.441113948822021484e-01,-2.433815896511077881e-01,-2.514861407689750195e-04,1.084073111414909363e-01,-1.640220289118587971e-03,2.583407461643218994e-01,7.509884890168905258e-03,-5.189618095755577087e-02,2.752437430899590254e-04,-1.852896064519882202e-03,-1.314308792352676392e-01,1.651603281497955322e-01,9.275124967098236084e-02,1.350943744182586670e-01,-5.943989753723144531e-02,2.135788947343826294e-01,1.057939529418945312e-01,-9.360997378826141357e-02,2.424196645733900368e-05,8.071569353342056274e-02,-1.640080660581588745e-01,1.201387196779251099e-01,-7.945397496223449707e-02,1.857474148273468018e-01,1.149313002824783325e-01,-1.564745754003524780e-01,-3.030258119106292725e-01,2.300775498151779175e-01,1.072128862142562866e-02,1.033327281475067139e-01,8.529024198651313782e-03,-1.738943457603454590e-01,1.518508642911911011e-01,1.291051805019378662e-01,-1.500796973705291748e-01,-1.126812994480133057e-01,1.600593328475952148e-01,-5.278730764985084534e-02,-1.124772708863019943e-03,2.046783417463302612e-01,-1.325794607400894165e-01,2.373872511088848114e-02,-2.347312271595001221e-01,-1.798121333122253418e-01,-1.423669513314962387e-02,1.305349171161651611e-01,1.241518631577491760e-01,-4.299903288483619690e-03,-1.397958546876907349e-01
-2.750364877283573151e-02,-4.308499768376350403e-02,3.973280191421508789e-01,-3.134686946868896484e-01,-2.643393576145172119e-01,1.291820872575044632e-02,-5.536761600524187088e-03,-2.299702018499374390e-01,-2.601023614406585693e-01,-2.693406939506530762e-01,9.855265170335769653e-02,2.397310733795166016e-01,-2.442256063222885132e-01,-3.545758724212646484e-01,-4.057419300079345703e-01,-4.798461794853210449e-01,4.371938761323690414e-03,-1.631635278463363647e-01,3.694937229156494141e-01,3.064995110034942627e-01,2.491343319416046143e-01,-3.573555946350097656e-01,-2.565928697586059570e-01,6.498029083013534546e-02,-6.089175119996070862e-02,-3.961026072502136230e-01,3.923156857490539551e-01,1.142385825514793396e-01,-4.014995098114013672e-01,-2.701094839721918106e-03,-6.647878885269165039e-02,4.829051494598388672e-01,-2.517559826374053955e-01,-3.463302552700042725e-01,1.821126416325569153e-02,4.474100768566131592e-01,-2.774297595024108887e-01,-3.742778897285461426e-01,3.510881364345550537e-01,3.576471805572509766e-01,-4.152609407901763916e-01,-9.666500240564346313e-02,-3.572135865688323975e-01,-1.172271072864532471e-01,1.264375448226928711e-01,2.659407556056976318e-01,4.099800288677215576e-01,1.380500197410583496e-01,-1.386776287108659744e-02,4.975474998354911804e-02,5.412113666534423828e-02,-1.431594509631395340e-02,-3.168649375438690186e-01,5.630173906683921814e-02,1.748345908708870411e-03,5.024948120117187500e-01,-2.367724180221557617e-01,-2.443929389119148254e-02,2.177921682596206665e-01,3.412108719348907471e-01,1.039626523852348328e-01,-1.978890411555767059e-02,-9.943389333784580231e-03,-1.917038112878799438e-01,-6.821329146623611450e-02,1.169214099645614624e-01,-3.966953977942466736e-02,-4.293435513973236084e-01,4.287324547767639160e-01,-1.107674390077590942e-01,4.010136425495147705e-01,1.001064572483301163e-02,1.556245535612106323e-01,-4.065456688404083252e-01,1.256891340017318726e-01,4.188379943370819092e-01,2.013016492128372192e-03,-4.726332724094390869e-01,8.366172760725021362e-02,4.129633307456970215e-01,-4.751377999782562256e-01,-9.331032633781433105e-04,3.984282016754150391e-01,1.237702323123812675e-03,4.350895583629608154e-01,3.633097708225250244e-01,-1.762816458940505981e-01,-8.153864182531833649e-03,-2.586443424224853516e-01,-3.453510999679565430e-01,1.317736059427261353e-01,1.128468066453933716e-01,3.207516670227050781e-01,-1.061575189232826233e-01,4.007630348205566406e-01,3.619804978370666504e-02,-2.930498719215393066e-01,3.153939906042069197e-05,3.683871924877166748e-01,-3.207805156707763672e-01,2.436570376157760620e-01,-2.376588582992553711e-01,4.626581370830535889e-01,3.853724300861358643e-01,-4.626884758472442627e-01,-1.513512432575225830e-01,3.512578904628753662e-01,3.658989667892456055e-01,9.437222778797149658e-02,1.364248618483543396e-02,-3.341917097568511963e-01,3.211382031440734863e-01,4.044423103332519531e-01,-4.077087342739105225e-02,-4.397656321525573730e-01,3.971280455589294434e-01,-2.510263323783874512e-01,-1.605611890554428101e-01,4.618906378746032715e-01,-2.194611430168151855e-01,-2.072161287069320679e-01,-3.714497387409210205e-01,-3.659904301166534424e-01,1.741807311773300171e-01,3.450371623039245605e-01,2.835516333580017090e-01,-7.477445527911186218e-03,-3.014082014560699463e-01
