9.999980926513671875e-01,-9.999983906745910645e-01,-9.999936223030090332e-01,9.999964833259582520e-01,9.999986886978149414e-01,-9.999986290931701660e-01,9.999936819076538086e-01,9.999989271163940430e-01,-9.999892711639404297e-01,9.999984502792358398e-01,-9.999986886978149414e-01,-9.999988079071044922e-01,9.999975562095642090e-01,9.999982118606567383e-01,9.999958276748657227e-01,9.999907612800598145e-01,9.999973773956298828e-01,-9.999972581863403320e-01,9.999909996986389160e-01,-9.999990463256835938e-01,-9.999987483024597168e-01,9.999939203262329102e-01,9.999985098838806152e-01,9.999963045120239258e-01,9.999899268150329590e-01,9.999987483024597168e-01,-9.999979734420776367e-01,-9.999986886978149414e-01,9.999918937683105469e-01,-9.999966621398925781e-01,-9.999888539314270020e-01,-9.999977350234985352e-01,9.999791383743286133e-01,9.999935626983642578e-01,-9.999977350234985352e-01,9.999516606330871582e-01,9.999988675117492676e-01,9.999983906745910645e-01,9.999736547470092773e-01,-9.999988675117492676e-01,9.999984502792358398e-01,9.999922513961791992e-01,9.999778866767883301e-01,9.999989271163940430e-01,9.999979734420776367e-01,9.999976754188537598e-01,-9.999930858612060547e-01,9.999986290931701660e-01,9.999983310699462891e-01,-9.999983906745910645e-01,-9.999987483024597168e-01,-9.999985694885253906e-01,-9.999985694885253906e-01,-9.999925494194030762e-01,-9.999985098838806152e-01,-9.999977350234985352e-01,9.999858140945434570e-01,9.999954104423522949e-01,9.999924898147583008e-01,9.999979734420776367e-01,-9.999980926513671875e-01,9.999988079071044922e-01,9.999981522560119629e-01,9.999954700469970703e-01,-9.999914169311523438e-01,-9.999986886978149414e-01,-9.999989867210388184e-01,-9.999945759773254395e-01,-9.999988675117492676e-01,9.999979138374328613e-01,-9.999988079071044922e-01,9.999928474426269531e-01,-9.999960064888000488e-01,-9.999933838844299316e-01,-9.999858736991882324e-01,-9.999983906745910645e-01,9.999893903732299805e-01,9.999985694885253906e-01,-9.999909996986389160e-01,-9.999945163726806641e-01,9.999930262565612793e-01,9.999974370002746582e-01,-9.999986886978149414e-01,9.999979734420776367e-01,-9.999982118606567383e-01,-9.999771118164062500e-01,-9.999714493751525879e-01,9.999987483024597168e-01,9.999924898147583008e-01,9.999929666519165039e-01,-9.999909400939941406e-01,9.999981522560119629e-01,-9.999859929084777832e-01,-9.999968409538269043e-01,9.999966025352478027e-01,-9.999978542327880859e-01,-9.999849200248718262e-01,9.999988675117492676e-01,-9.999986886978149414e-01,9.999970793724060059e-01,-9.999967813491821289e-01,9.999987483024597168e-01,9.999587535858154297e-01,9.999585151672363281e-01,9.999985694885253906e-01,9.999940395355224609e-01,-9.999785423278808594e-01,-9.999983310699462891e-01,-9.999938011169433594e-01,9.999984502792358398e-01,-9.999983310699462891e-01,9.999969005584716797e-01,-9.999978542327880859e-01,-9.999063014984130859e-01,9.999988675117492676e-01,-9.999960064888000488e-01,9.999989271163940430e-01,-9.999975562095642090e-01,-9.999951720237731934e-01,-9.999948740005493164e-01,-9.999980330467224121e-01,9.999967217445373535e-01,9.999969005584716797e-01,-9.999962449073791504e-01,-9.999908804893493652e-01,-9.999936819076538086e-01,-9.999110102653503418e-01,-9.999864697456359863e-01
-9.999983906745910645e-01,9.999986886978149414e-01,9.999945163726806641e-01,-9.999969601631164551e-01,-9.999988675117492676e-01,9.999988079071044922e-01,-9.999946355819702148e-01,-9.999991655349731445e-01,9.999907612800598145e-01,-9.999986290931701660e-01,9.999988675117492676e-01,9.999989867210388184e-01,-9.999979138374328613e-01,-9.999985694885253906e-01,-9.999963045120239258e-01,-9.999920129776000977e-01,-9.999977946281433105e-01,9.999976754188537598e-01,-9.999922513961791992e-01,9.999992847442626953e-01,9.999989867210388184e-01,-9.999948143959045410e-01,-9.999987483024597168e-01,-9.999967813491821289e-01,-9.999912977218627930e-01,-9.999989867210388184e-01,9.999982714653015137e-01,9.999989271163940430e-01,-9.999929070472717285e-01,9.999970793724060059e-01,9.999904632568359375e-01,9.999980330467224121e-01,-9.999819993972778320e-01,-9.999944567680358887e-01,9.999980926513671875e-01,-9.999583959579467773e-01,-9.999990463256835938e-01,-9.999986290931701660e-01,-9.999772906303405762e-01,9.999989867210388184e-01,-9.999986886978149414e-01,-9.999933242797851562e-01,-9.999809265136718750e-01,-9.999991059303283691e-01,-9.999982714653015137e-01,-9.999980330467224121e-01,9.999941587448120117e-01,-9.999988079071044922e-01,-9.999986290931701660e-01,9.999986290931701660e-01,9.999989271163940430e-01,9.999988079071044922e-01,9.999987483024597168e-01,9.999935626983642578e-01,9.999988079071044922e-01,9.999981522560119629e-01,-9.999877214431762695e-01,-9.999961256980895996e-01,-9.999936223030090332e-01,-9.999983310699462891e-01,9.999984502792358398e-01,-9.999989271163940430e-01,-9.999984502792358398e-01,-9.999960064888000488e-01,9.999926090240478516e-01,9.999989271163940430e-01,9.999991655349731445e-01,9.999954104423522949e-01,9.999992251396179199e-01,-9.999982118606567383e-01,9.999989867210388184e-01,-9.999939203262329102e-01,9.999964833259582520e-01,9.999943375587463379e-01,9.999877214431762695e-01,9.999986886978149414e-01,-9.999909996986389160e-01,-9.999988675117492676e-01,9.999924302101135254e-01,9.999953508377075195e-01,-9.999939799308776855e-01,-9.999978542327880859e-01,9.999989271163940430e-01,-9.999983310699462891e-01,9.999984502792358398e-01,9.999803900718688965e-01,9.999754428863525391e-01,-9.999990463256835938e-01,-9.999935626983642578e-01,-9.999940395355224609e-01,9.999922513961791992e-01,-9.999985694885253906e-01,9.999879002571105957e-01,9.999973773956298828e-01,-9.999969601631164551e-01,9.999981522560119629e-01,9.999870061874389648e-01,-9.999991059303283691e-01,9.999988675117492676e-01,-9.999975562095642090e-01,9.999973177909851074e-01,-9.999990463256835938e-01,-9.999644756317138672e-01,-9.999641776084899902e-01,-9.999988079071044922e-01,-9.999949336051940918e-01,9.999814629554748535e-01,9.999986290931701660e-01,9.999946355819702148e-01,-9.999986290931701660e-01,9.999986290931701660e-01,-9.999973177909851074e-01,9.999982118606567383e-01,9.999190568923950195e-01,-9.999991059303283691e-01,9.999965429306030273e-01,-9.999991059303283691e-01,9.999979138374328613e-01,9.999958276748657227e-01,9.999956488609313965e-01,9.999982714653015137e-01,-9.999971389770507812e-01,-9.999973177909851074e-01,9.999967813491821289e-01,9.999921321868896484e-01,9.999946355819702148e-01,9.999232292175292969e-01,9.999883770942687988e-01
-9.999936223030090332e-01,9.999945163726806641e-01,9.999781250953674316e-01,-9.999880790710449219e-01,-9.999957084655761719e-01,9.999953508377075195e-01,-9.999783635139465332e-01,-9.999963641166687012e-01,9.999630451202392578e-01,-9.999946951866149902e-01,9.999955296516418457e-01,9.999959468841552734e-01,-9.999917745590209961e-01,-9.999939799308776855e-01,-9.999855160713195801e-01,-9.999682903289794922e-01,-9.999911785125732422e-01,9.999907612800598145e-01,-9.999692440032958984e-01,9.999966025352478027e-01,9.999959468841552734e-01,-9.999793171882629395e-01,-9.999949932098388672e-01,-9.999874830245971680e-01,-9.999653100967407227e-01,-9.999958872795104980e-01,9.999932646751403809e-01,9.999955892562866211e-01,-9.999724030494689941e-01,9.999886155128479004e-01,9.999619126319885254e-01,9.999924302101135254e-01,-9.999282956123352051e-01,-9.999778866767883301e-01,9.999924302101135254e-01,-9.998346567153930664e-01,-9.999959468841552734e-01,-9.999944567680358887e-01,-9.999096989631652832e-01,9.999958276748657227e-01,-9.999948740005493164e-01,-9.999733567237854004e-01,-9.999241232872009277e-01,-9.999961256980895996e-01,-9.999931454658508301e-01,-9.999919533729553223e-01,9.999764561653137207e-01,-9.999954104423522949e-01,-9.999947547912597656e-01,9.999945759773254395e-01,9.999956488609313965e-01,9.999951124191284180e-01,9.999952316284179688e-01,9.999743103981018066e-01,9.999950528144836426e-01,9.999926686286926270e-01,-9.999513030052185059e-01,-9.999843835830688477e-01,-9.999744296073913574e-01,-9.999935030937194824e-01,9.999937415122985840e-01,-9.999958276748657227e-01,-9.999938607215881348e-01,-9.999844431877136230e-01,9.999706745147705078e-01,9.999958276748657227e-01,9.999964833259582520e-01,9.999817013740539551e-01,9.999962449073791504e-01,-9.999928474426269531e-01,9.999957680702209473e-01,-9.999759793281555176e-01,9.999862909317016602e-01,9.999773502349853516e-01,9.999515414237976074e-01,9.999946355819702148e-01,-9.999638795852661133e-01,-9.999954700469970703e-01,9.999694228172302246e-01,9.999814033508300781e-01,-9.999762177467346191e-01,-9.999909996986389160e-01,9.999956488609313965e-01,-9.999932050704956055e-01,9.999938011169433594e-01,9.999217987060546875e-01,9.999020099639892578e-01,-9.999959468841552734e-01,-9.999743700027465820e-01,-9.999759197235107422e-01,9.999692440032958984e-01,-9.999940395355224609e-01,9.999519586563110352e-01,9.999893903732299805e-01,-9.999881982803344727e-01,9.999927878379821777e-01,9.999483823776245117e-01,-9.999963045120239258e-01,9.999955892562866211e-01,-9.999904036521911621e-01,9.999892115592956543e-01,-9.999960064888000488e-01,-9.998589754104614258e-01,-9.998580813407897949e-01,-9.999951720237731934e-01,-9.999797940254211426e-01,9.999264478683471680e-01,9.999943971633911133e-01,9.999787211418151855e-01,-9.999946951866149902e-01,9.999946355819702148e-01,-9.999892711639404297e-01,9.999929666519165039e-01,9.996792078018188477e-01,-9.999963045120239258e-01,9.999865293502807617e-01,-9.999962449073791504e-01,9.999918341636657715e-01,9.999833703041076660e-01,9.999825358390808105e-01,9.999932646751403809e-01,-9.999886155128479004e-01,-9.999895095825195312e-01,9.999873042106628418e-01,9.999687075614929199e-01,9.999783635139465332e-01,9.996954202651977539e-01,9.999536871910095215e-01
9.999964833259582520e-01,-9.999969601631164551e-01,-9.999880790710449219e-01,9.999935626983642578e-01,9.999976158142089844e-01,-9.999974370002746582e-01,9.999882578849792480e-01,9.999980926513671875e-01,-9.999800920486450195e-01,9.999970793724060059e-01,-9.999975562095642090e-01,-9.999977350234985352e-01,9.999954700469970703e-01,9.999967217445373535e-01,9.999921321868896484e-01,9.999828338623046875e-01,9.999952316284179688e-01,-9.999950528144836426e-01,9.999833106994628906e-01,-9.999981522560119629e-01,-9.999977350234985352e-01,9.999888539314270020e-01,9.999971985816955566e-01,9.999932050704956055e-01,9.999812245368957520e-01,9.999977350234985352e-01,-9.999963045120239258e-01,-9.999974966049194336e-01,9.999850392341613770e-01,-9.999938607215881348e-01,-9.999793767929077148e-01,-9.999958276748657227e-01,9.999611377716064453e-01,9.999879598617553711e-01,-9.999958276748657227e-01,9.999104738235473633e-01,9.999977946281433105e-01,9.999970197677612305e-01,9.999510645866394043e-01,-9.999977350234985352e-01,9.999971985816955566e-01,9.999856352806091309e-01,9.999588727951049805e-01,9.999979138374328613e-01,9.999962449073791504e-01,9.999957084655761719e-01,-9.999872446060180664e-01,9.999973773956298828e-01,9.999970197677612305e-01,-9.999970197677612305e-01,-9.999975562095642090e-01,-9.999973177909851074e-01,-9.999973177909851074e-01,-9.999861121177673340e-01,-9.999972581863403320e-01,-9.999958276748657227e-01,9.999736547470092773e-01,9.999915361404418945e-01,9.999861121177673340e-01,9.999963045120239258e-01,-9.999966025352478027e-01,9.999976754188537598e-01,9.999966025352478027e-01,9.999914765357971191e-01,-9.999840259552001953e-01,-9.999976754188537598e-01,-9.999980926513671875e-01,-9.999900460243225098e-01,-9.999979734420776367e-01,9.999960064888000488e-01,-9.999976754188537598e-01,9.999870061874389648e-01,-9.999925494194030762e-01,-9.999876618385314941e-01,-9.999737739562988281e-01,-9.999970197677612305e-01,9.999804496765136719e-01,9.999974370002746582e-01,-9.999834299087524414e-01,-9.999899864196777344e-01,9.999871253967285156e-01,9.999951124191284180e-01,-9.999975562095642090e-01,9.999962449073791504e-01,-9.999966621398925781e-01,-9.999576210975646973e-01,-9.999468326568603516e-01,9.999977946281433105e-01,9.999861121177673340e-01,9.999869465827941895e-01,-9.999832510948181152e-01,9.999966025352478027e-01,-9.999740123748779297e-01,-9.999942779541015625e-01,9.999936223030090332e-01,-9.999960064888000488e-01,-9.999719858169555664e-01,9.999979138374328613e-01,-9.999974966049194336e-01,9.999947547912597656e-01,-9.999941587448120117e-01,9.999978542327880859e-01,9.999235868453979492e-01,9.999230504035949707e-01,9.999973773956298828e-01,9.999890327453613281e-01,-9.999601840972900391e-01,-9.999969005584716797e-01,-9.999883770942687988e-01,9.999969601631164551e-01,-9.999970793724060059e-01,9.999942183494567871e-01,-9.999961853027343750e-01,-9.998263120651245117e-01,9.999980330467224121e-01,-9.999926090240478516e-01,9.999979734420776367e-01,-9.999956488609313965e-01,-9.999909996986389160e-01,-9.999905228614807129e-01,-9.999963045120239258e-01,9.999938011169433594e-01,9.999943375587463379e-01,-9.999930858612060547e-01,-9.999830722808837891e-01,-9.999882578849792480e-01,-9.998350143432617188e-01,-9.999749064445495605e-01
9.999986886978149414e-01,-9.999988675117492676e-01,-9.999957084655761719e-01,9.999976158142089844e-01,9.999991059303283691e-01,-9.999990463256835938e-01,9.999957680702209473e-01,9.999992847442626953e-01,-9.999928474426269531e-01,9.999988675117492676e-01,-9.999991655349731445e-01,-9.999991655349731445e-01,9.999982714653015137e-01,9.999988079071044922e-01,9.999971389770507812e-01,9.999938011169433594e-01,9.999981522560119629e-01,-9.999980926513671875e-01,9.999939203262329102e-01,-9.999992847442626953e-01,-9.999991655349731445e-01,9.999959468841552734e-01,9.999990463256835938e-01,9.999974370002746582e-01,9.999932646751403809e-01,9.999992251396179199e-01,-9.999986886978149414e-01,-9.999991059303283691e-01,9.999945759773254395e-01,-9.999976754188537598e-01,-9.999926090240478516e-01,-9.999983906745910645e-01,9.999861121177673340e-01,9.999956488609313965e-01,-9.999984502792358398e-01,9.999678730964660645e-01,9.999991655349731445e-01,9.999988675117492676e-01,9.999825358390808105e-01,-9.999992251396179199e-01,9.999989271163940430e-01,9.999948143959045410e-01,9.999853372573852539e-01,9.999992847442626953e-01,9.999985694885253906e-01,9.999983310699462891e-01,-9.999953508377075195e-01,9.999990463256835938e-01,9.999989271163940430e-01,-9.999989271163940430e-01,-9.999991059303283691e-01,-9.999991059303283691e-01,-9.999991059303283691e-01,-9.999950528144836426e-01,-9.999989867210388184e-01,-9.999984502792358398e-01,9.999905228614807129e-01,9.999968409538269043e-01,9.999949932098388672e-01,9.999987483024597168e-01,-9.999987483024597168e-01,9.999991655349731445e-01,9.999986886978149414e-01,9.999968409538269043e-01,-9.999943375587463379e-01,-9.999991655349731445e-01,-9.999993443489074707e-01,-9.999964237213134766e-01,-9.999992847442626953e-01,9.999985098838806152e-01,-9.999991059303283691e-01,9.999952912330627441e-01,-9.999971985816955566e-01,-9.999955296516418457e-01,-9.999904632568359375e-01,-9.999989271163940430e-01,9.999929070472717285e-01,9.999990463256835938e-01,-9.999939799308776855e-01,-9.999963641166687012e-01,9.999954104423522949e-01,9.999982118606567383e-01,-9.999991059303283691e-01,9.999986290931701660e-01,-9.999987483024597168e-01,-9.999847412109375000e-01,-9.999809265136718750e-01,9.999991655349731445e-01,9.999950528144836426e-01,9.999952316284179688e-01,-9.999940395355224609e-01,9.999987483024597168e-01,-9.999906420707702637e-01,-9.999979138374328613e-01,9.999976754188537598e-01,-9.999985098838806152e-01,-9.999899268150329590e-01,9.999993443489074707e-01,-9.999991059303283691e-01,9.999980330467224121e-01,-9.999978542327880859e-01,9.999992847442626953e-01,9.999725818634033203e-01,9.999724030494689941e-01,9.999989867210388184e-01,9.999960064888000488e-01,-9.999857544898986816e-01,-9.999988079071044922e-01,-9.999958276748657227e-01,9.999989271163940430e-01,-9.999989271163940430e-01,9.999979138374328613e-01,-9.999985694885253906e-01,-9.999377131462097168e-01,9.999992251396179199e-01,-9.999972581863403320e-01,9.999993443489074707e-01,-9.999983310699462891e-01,-9.999966025352478027e-01,-9.999965429306030273e-01,-9.999986886978149414e-01,9.999977350234985352e-01,9.999979138374328613e-01,-9.999974966049194336e-01,-9.999938607215881348e-01,-9.999957680702209473e-01,-9.999408125877380371e-01,-9.999909400939941406e-01
-9.999986290931701660e-01,9.999988079071044922e-01,9.999953508377075195e-01,-9.999974370002746582e-01,-9.999990463256835938e-01,9.999989867210388184e-01,-9.999954700469970703e-01,-9.999992251396179199e-01,9.999923110008239746e-01,-9.999988079071044922e-01,9.999991059303283691e-01,9.999992251396179199e-01,-9.999981522560119629e-01,-9.999987483024597168e-01,-9.999968409538269043e-01,-9.999933242797851562e-01,-9.999981522560119629e-01,9.999980330467224121e-01,-9.999935626983642578e-01,9.999993443489074707e-01,9.999991059303283691e-01,-9.999956488609313965e-01,-9.999989271163940430e-01,-9.999972581863403320e-01,-9.999928474426269531e-01,-9.999991655349731445e-01,9.999985694885253906e-01,9.999991059303283691e-01,-9.999941587448120117e-01,9.999975562095642090e-01,9.999920725822448730e-01,9.999983906745910645e-01,-9.999850988388061523e-01,-9.999953508377075195e-01,9.999983906745910645e-01,-9.999654293060302734e-01,-9.999991059303283691e-01,-9.999988675117492676e-01,-9.999812245368957520e-01,9.999991655349731445e-01,-9.999988675117492676e-01,-9.999944567680358887e-01,-9.999840855598449707e-01,-9.999991655349731445e-01,-9.999984502792358398e-01,-9.999983310699462891e-01,9.999951124191284180e-01,-9.999991059303283691e-01,-9.999988079071044922e-01,9.999988079071044922e-01,9.999990463256835938e-01,9.999989867210388184e-01,9.999989867210388184e-01,9.999945759773254395e-01,9.999988675117492676e-01,9.999983310699462891e-01,-9.999898076057434082e-01,-9.999966621398925781e-01,-9.999946355819702148e-01,-9.999985694885253906e-01,9.999986886978149414e-01,-9.999991059303283691e-01,-9.999986290931701660e-01,-9.999967217445373535e-01,9.999938011169433594e-01,9.999990463256835938e-01,9.999992251396179199e-01,9.999960064888000488e-01,9.999992847442626953e-01,-9.999985098838806152e-01,9.999991655349731445e-01,-9.999949932098388672e-01,9.999970197677612305e-01,9.999952316284179688e-01,9.999898672103881836e-01,9.999988675117492676e-01,-9.999924898147583008e-01,-9.999989867210388184e-01,9.999936223030090332e-01,9.999959468841552734e-01,-9.999949336051940918e-01,-9.999982118606567383e-01,9.999991059303283691e-01,-9.999985694885253906e-01,9.999986290931701660e-01,9.999836683273315430e-01,9.999795556068420410e-01,-9.999991059303283691e-01,-9.999946355819702148e-01,-9.999949336051940918e-01,9.999935626983642578e-01,-9.999987483024597168e-01,9.999899864196777344e-01,9.999977350234985352e-01,-9.999974966049194336e-01,9.999984502792358398e-01,9.999891519546508789e-01,-9.999992847442626953e-01,9.999991059303283691e-01,-9.999978542327880859e-01,9.999977946281433105e-01,-9.999991059303283691e-01,-9.999706149101257324e-01,-9.999704360961914062e-01,-9.999990463256835938e-01,-9.999957084655761719e-01,9.999846816062927246e-01,9.999988079071044922e-01,9.999954700469970703e-01,-9.999988675117492676e-01,9.999988079071044922e-01,-9.999977350234985352e-01,9.999984502792358398e-01,9.999330639839172363e-01,-9.999991655349731445e-01,9.999970793724060059e-01,-9.999991655349731445e-01,9.999982118606567383e-01,9.999963641166687012e-01,9.999963045120239258e-01,9.999985694885253906e-01,-9.999974966049194336e-01,-9.999977350234985352e-01,9.999973177909851074e-01,9.999935030937194824e-01,9.999954104423522949e-01,9.999364018440246582e-01,9.999902844429016113e-01
9.999936819076538086e-01,-9.999946355819702148e-01,-9.999783635139465332e-01,9.999882578849792480e-01,9.999957680702209473e-01,-9.999954700469970703e-01,9.999785423278808594e-01,9.999964833259582520e-01,-9.999634623527526855e-01,9.999947547912597656e-01,-9.999955892562866211e-01,-9.999960064888000488e-01,9.999918937683105469e-01,9.999941587448120117e-01,9.999857544898986816e-01,9.999687075614929199e-01,9.999912381172180176e-01,-9.999909996986389160e-01,9.999696612358093262e-01,-9.999966025352478027e-01,-9.999959468841552734e-01,9.999796152114868164e-01,9.999950528144836426e-01,9.999876022338867188e-01,9.999656677246093750e-01,9.999958872795104980e-01,-9.999933242797851562e-01,-9.999955892562866211e-01,9.999726414680480957e-01,-9.999887943267822266e-01,-9.999622702598571777e-01,-9.999924898147583008e-01,9.999290704727172852e-01,9.999781847000122070e-01,-9.999926090240478516e-01,9.998363256454467773e-01,9.999960064888000488e-01,9.999945759773254395e-01,9.999105334281921387e-01,-9.999959468841552734e-01,9.999949932098388672e-01,9.999737143516540527e-01,9.999248385429382324e-01,9.999961853027343750e-01,9.999932050704956055e-01,9.999920725822448730e-01,-9.999766349792480469e-01,9.999954700469970703e-01,9.999948143959045410e-01,-9.999946355819702148e-01,-9.999957680702209473e-01,-9.999952316284179688e-01,-9.999952912330627441e-01,-9.999746680259704590e-01,-9.999951124191284180e-01,-9.999927282333374023e-01,9.999517798423767090e-01,9.999845027923583984e-01,9.999746680259704590e-01,9.999935626983642578e-01,-9.999939203262329102e-01,9.999959468841552734e-01,9.999939203262329102e-01,9.999846816062927246e-01,-9.999710321426391602e-01,-9.999958276748657227e-01,-9.999966025352478027e-01,-9.999818801879882812e-01,-9.999963641166687012e-01,9.999930262565612793e-01,-9.999958872795104980e-01,9.999762177467346191e-01,-9.999864101409912109e-01,-9.999776482582092285e-01,-9.999520182609558105e-01,-9.999946951866149902e-01,9.999642372131347656e-01,9.999955296516418457e-01,-9.999697208404541016e-01,-9.999816417694091797e-01,9.999763965606689453e-01,9.999911785125732422e-01,-9.999957680702209473e-01,9.999932646751403809e-01,-9.999939203262329102e-01,-9.999225139617919922e-01,-9.999029636383056641e-01,9.999960660934448242e-01,9.999747276306152344e-01,9.999761581420898438e-01,-9.999694824218750000e-01,9.999940991401672363e-01,-9.999524354934692383e-01,-9.999895691871643066e-01,9.999883174896240234e-01,-9.999929666519165039e-01,-9.999488592147827148e-01,9.999963641166687012e-01,-9.999956488609313965e-01,9.999905228614807129e-01,-9.999893903732299805e-01,9.999960660934448242e-01,9.998603463172912598e-01,9.998593926429748535e-01,9.999952912330627441e-01,9.999799728393554688e-01,-9.999272227287292480e-01,-9.999944567680358887e-01,-9.999789595603942871e-01,9.999947547912597656e-01,-9.999947547912597656e-01,9.999893903732299805e-01,-9.999931454658508301e-01,-9.996822476387023926e-01,9.999962449073791504e-01,-9.999866485595703125e-01,9.999963045120239258e-01,-9.999920129776000977e-01,-9.999835491180419922e-01,-9.999827146530151367e-01,-9.999933838844299316e-01,9.999887347221374512e-01,9.999896287918090820e-01,-9.999875426292419434e-01,-9.999691247940063477e-01,-9.999786019325256348e-01,-9.996982812881469727e-01,-9.999541640281677246e-01
9.999989271163940430e-01,-9.999991655349731445e-01,-9.999963641166687012e-01,9.999980926513671875e-01,9.999992847442626953e-01,-9.999992251396179199e-01,9.999964833259582520e-01,9.999994039535522461e-01,-9.999940991401672363e-01,9.999991059303283691e-01,-9.999992251396179199e-01,-9.999993443489074707e-01,9.999985694885253906e-01,9.999991059303283691e-01,9.999976158142089844e-01,9.999948740005493164e-01,9.999985694885253906e-01,-9.999985098838806152e-01,9.999950528144836426e-01,-9.999994635581970215e-01,-9.999992847442626953e-01,9.999965429306030273e-01,9.999992251396179199e-01,9.999979138374328613e-01,9.999945163726806641e-01,9.999992847442626953e-01,-9.999988079071044922e-01,-9.999992251396179199e-01,9.999955296516418457e-01,-9.999981522560119629e-01,-9.999938011169433594e-01,-9.999986886978149414e-01,9.999885559082031250e-01,9.999964237213134766e-01,-9.999987483024597168e-01,9.999735355377197266e-01,9.999993443489074707e-01,9.999991655349731445e-01,9.999854564666748047e-01,-9.999993443489074707e-01,9.999992251396179199e-01,9.999957084655761719e-01,9.999879002571105957e-01,9.999994039535522461e-01,9.999988079071044922e-01,9.999986886978149414e-01,-9.999961853027343750e-01,9.999992847442626953e-01,9.999991059303283691e-01,-9.999991655349731445e-01,-9.999992847442626953e-01,-9.999992847442626953e-01,-9.999992847442626953e-01,-9.999958276748657227e-01,-9.999991655349731445e-01,-9.999987483024597168e-01,9.999921917915344238e-01,9.999973773956298828e-01,9.999958872795104980e-01,9.999989271163940430e-01,-9.999990463256835938e-01,9.999992847442626953e-01,9.999989271163940430e-01,9.999973773956298828e-01,-9.999952316284179688e-01,-9.999992847442626953e-01,-9.999994635581970215e-01,-9.999969601631164551e-01,-9.999994039535522461e-01,9.999988675117492676e-01,-9.999993443489074707e-01,9.999960660934448242e-01,-9.999976754188537598e-01,-9.999962449073791504e-01,-9.999921321868896484e-01,-9.999991655349731445e-01,9.999942183494567871e-01,9.999992847442626953e-01,-9.999950528144836426e-01,-9.999969601631164551e-01,9.999961256980895996e-01,9.999985098838806152e-01,-9.999993443489074707e-01,9.999988675117492676e-01,-9.999990463256835938e-01,-9.999874234199523926e-01,-9.999842047691345215e-01,9.999993443489074707e-01,9.999958872795104980e-01,9.999960660934448242e-01,-9.999949932098388672e-01,9.999991059303283691e-01,-9.999923110008239746e-01,-9.999982714653015137e-01,9.999980926513671875e-01,-9.999988079071044922e-01,-9.999916553497314453e-01,9.999993443489074707e-01,-9.999992251396179199e-01,9.999984502792358398e-01,-9.999982714653015137e-01,9.999993443489074707e-01,9.999773502349853516e-01,9.999772310256958008e-01,9.999991655349731445e-01,9.999967217445373535e-01,-9.999882578849792480e-01,-9.999991655349731445e-01,-9.999964237213134766e-01,9.999991655349731445e-01,-9.999991059303283691e-01,9.999982714653015137e-01,-9.999988079071044922e-01,-9.999485611915588379e-01,9.999994039535522461e-01,-9.999977350234985352e-01,9.999993443489074707e-01,-9.999986290931701660e-01,-9.999971985816955566e-01,-9.999971389770507812e-01,-9.999988675117492676e-01,9.999981522560119629e-01,9.999982118606567383e-01,-9.999979138374328613e-01,-9.999949336051940918e-01,-9.999964833259582520e-01,-9.999511837959289551e-01,-9.999926090240478516e-01
-9.999892711639404297e-01,9.999907612800598145e-01,9.999630451202392578e-01,-9.999800920486450195e-01,-9.999928474426269531e-01,9.999923110008239746e-01,-9.999634623527526855e-01,-9.999940991401672363e-01,9.999376535415649414e-01,-9.999910593032836914e-01,9.999926090240478516e-01,9.999933242797851562e-01,-9.999861717224121094e-01,-9.999899268150329590e-01,-9.999756217002868652e-01,-9.999465942382812500e-01,-9.999852180480957031e-01,9.999845623970031738e-01,-9.999480843544006348e-01,9.999943971633911133e-01,9.999932050704956055e-01,-9.999653100967407227e-01,-9.999914765357971191e-01,-9.999788403511047363e-01,-9.999415278434753418e-01,-9.999930858612060547e-01,9.999886751174926758e-01,9.999925494194030762e-01,-9.999533295631408691e-01,9.999809861183166504e-01,9.999357461929321289e-01,9.999871850013732910e-01,-9.998791813850402832e-01,-9.999628067016601562e-01,9.999873638153076172e-01,-9.997212290763854980e-01,-9.999934434890747070e-01,-9.999907612800598145e-01,-9.998477697372436523e-01,9.999930858612060547e-01,-9.999912977218627930e-01,-9.999551177024841309e-01,-9.998720884323120117e-01,-9.999936223030090332e-01,-9.999884963035583496e-01,-9.999865889549255371e-01,9.999602437019348145e-01,-9.999922513961791992e-01,-9.999911189079284668e-01,9.999908804893493652e-01,9.999927878379821777e-01,9.999918341636657715e-01,9.999918937683105469e-01,9.999567270278930664e-01,9.999917149543762207e-01,9.999876618385314941e-01,-9.999178647994995117e-01,-9.999737143516540527e-01,-9.999566674232482910e-01,-9.999890923500061035e-01,9.999896287918090820e-01,-9.999930262565612793e-01,-9.999896287918090820e-01,-9.999738335609436035e-01,9.999505877494812012e-01,9.999930262565612793e-01,9.999942183494567871e-01,9.999692440032958984e-01,9.999938011169433594e-01,-9.999881386756896973e-01,9.999929666519165039e-01,-9.999594688415527344e-01,9.999768137931823730e-01,9.999619722366333008e-01,9.999183416366577148e-01,9.999909400939941406e-01,-9.999392032623291016e-01,-9.999924898147583008e-01,9.999482631683349609e-01,9.999687671661376953e-01,-9.999598264694213867e-01,-9.999849796295166016e-01,9.999927878379821777e-01,-9.999886155128479004e-01,9.999896883964538574e-01,9.998682141304016113e-01,9.998348355293273926e-01,-9.999934434890747070e-01,-9.999567866325378418e-01,-9.999594092369079590e-01,9.999479651451110840e-01,-9.999899268150329590e-01,9.999190568923950195e-01,9.999821782112121582e-01,-9.999802112579345703e-01,9.999879002571105957e-01,9.999129772186279297e-01,-9.999938607215881348e-01,9.999925494194030762e-01,-9.999839067459106445e-01,9.999818205833435059e-01,-9.999933838844299316e-01,-9.997622370719909668e-01,-9.997606277465820312e-01,-9.999920129776000977e-01,-9.999658465385437012e-01,9.998759031295776367e-01,9.999905824661254883e-01,9.999641180038452148e-01,-9.999909996986389160e-01,9.999911189079284668e-01,-9.999819397926330566e-01,9.999883174896240234e-01,9.994590282440185547e-01,-9.999939203262329102e-01,9.999773502349853516e-01,-9.999938011169433594e-01,9.999864697456359863e-01,9.999719858169555664e-01,9.999706745147705078e-01,9.999887943267822266e-01,-9.999808073043823242e-01,-9.999824166297912598e-01,9.999787807464599609e-01,9.999473094940185547e-01,9.999634623527526855e-01,9.994862079620361328e-01,9.999219775199890137e-01
9.999984502792358398e-01,-9.999986290931701660e-01,-9.999946951866149902e-01,9.999970793724060059e-01,9.999988675117492676e-01,-9.999988079071044922e-01,9.999947547912597656e-01,9.999991059303283691e-01,-9.999910593032836914e-01,9.999986886978149414e-01,-9.999989271163940430e-01,-9.999991059303283691e-01,9.999979734420776367e-01,9.999985098838806152e-01,9.999964237213134766e-01,9.999923110008239746e-01,9.999978542327880859e-01,-9.999976754188537598e-01,9.999925494194030762e-01,-9.999992251396179199e-01,-9.999990463256835938e-01,9.999949932098388672e-01,9.999987483024597168e-01,9.999969005584716797e-01,9.999915957450866699e-01,9.999989867210388184e-01,-9.999983310699462891e-01,-9.999989271163940430e-01,9.999932050704956055e-01,-9.999971985816955566e-01,-9.999907612800598145e-01,-9.999980330467224121e-01,9.999826550483703613e-01,9.999946355819702148e-01,-9.999981522560119629e-01,9.999598860740661621e-01,9.999989867210388184e-01,9.999986290931701660e-01,9.999781250953674316e-01,-9.999990463256835938e-01,9.999987483024597168e-01,9.999935626983642578e-01,9.999816417694091797e-01,9.999991059303283691e-01,9.999982118606567383e-01,9.999980330467224121e-01,-9.999942779541015625e-01,9.999988079071044922e-01,9.999986290931701660e-01,-9.999986886978149414e-01,-9.999988675117492676e-01,-9.999988079071044922e-01,-9.999988079071044922e-01,-9.999936819076538086e-01,-9.999988079071044922e-01,-9.999982118606567383e-01,9.999881982803344727e-01,9.999961256980895996e-01,9.999938607215881348e-01,9.999983310699462891e-01,-9.999985098838806152e-01,9.999989271163940430e-01,9.999985098838806152e-01,9.999961853027343750e-01,-9.999929070472717285e-01,-9.999989271163940430e-01,-9.999991655349731445e-01,-9.999955296516418457e-01,-9.999991655349731445e-01,9.999982714653015137e-01,-9.999989867210388184e-01,9.999940991401672363e-01,-9.999965429306030273e-01,-9.999944567680358887e-01,-9.999881982803344727e-01,-9.999986886978149414e-01,9.999912381172180176e-01,9.999988675117492676e-01,-9.999926090240478516e-01,-9.999955296516418457e-01,9.999941587448120117e-01,9.999977946281433105e-01,-9.999989271163940430e-01,9.999984502792358398e-01,-9.999985098838806152e-01,-9.999809861183166504e-01,-9.999762773513793945e-01,9.999989867210388184e-01,9.999938011169433594e-01,9.999941587448120117e-01,-9.999925494194030762e-01,9.999985098838806152e-01,-9.999883770942687988e-01,-9.999974966049194336e-01,9.999970793724060059e-01,-9.999982118606567383e-01,-9.999874830245971680e-01,9.999990463256835938e-01,-9.999989271163940430e-01,9.999975562095642090e-01,-9.999974370002746582e-01,9.999991059303283691e-01,9.999657869338989258e-01,9.999655485153198242e-01,9.999988079071044922e-01,9.999950528144836426e-01,-9.999821782112121582e-01,-9.999985694885253906e-01,-9.999947547912597656e-01,9.999986290931701660e-01,-9.999986290931701660e-01,9.999973773956298828e-01,-9.999982714653015137e-01,-9.999221563339233398e-01,9.999990463256835938e-01,-9.999966621398925781e-01,9.999991655349731445e-01,-9.999979138374328613e-01,-9.999959468841552734e-01,-9.999957680702209473e-01,-9.999983310699462891e-01,9.999971985816955566e-01,9.999973773956298828e-01,-9.999969005584716797e-01,-9.999924302101135254e-01,-9.999947547912597656e-01,-9.999261498451232910e-01,-9.999887347221374512e-01
-9.999986886978149414e-01,9.999988675117492676e-01,9.999955296516418457e-01,-9.999975562095642090e-01,-9.999991655349731445e-01,9.999991059303283691e-01,-9.999955892562866211e-01,-9.999992251396179199e-01,9.999926090240478516e-01,-9.999989271163940430e-01,9.999991655349731445e-01,9.999992251396179199e-01,-9.999983310699462891e-01,-9.999987483024597168e-01,-9.999970197677612305e-01,-9.999935626983642578e-01,-9.999981522560119629e-01,9.999980926513671875e-01,-9.999937415122985840e-01,9.999994039535522461e-01,9.999992251396179199e-01,-9.999958276748657227e-01,-9.999989867210388184e-01,-9.999974370002746582e-01,-9.999930262565612793e-01,-9.999991655349731445e-01,9.999986290931701660e-01,9.999991655349731445e-01,-9.999943971633911133e-01,9.999976754188537598e-01,9.999922513961791992e-01,9.999983310699462891e-01,-9.999855756759643555e-01,-9.999955296516418457e-01,9.999984502792358398e-01,-9.999663829803466797e-01,-9.999991655349731445e-01,-9.999988675117492676e-01,-9.999817609786987305e-01,9.999991655349731445e-01,-9.999989271163940430e-01,-9.999945759773254395e-01,-9.999846220016479492e-01,-9.999992847442626953e-01,-9.999985694885253906e-01,-9.999984502792358398e-01,9.999952316284179688e-01,-9.999991059303283691e-01,-9.999989271163940430e-01,9.999988675117492676e-01,9.999991655349731445e-01,9.999990463256835938e-01,9.999990463256835938e-01,9.999948143959045410e-01,9.999989867210388184e-01,9.999985098838806152e-01,-9.999901056289672852e-01,-9.999967813491821289e-01,-9.999948740005493164e-01,-9.999986290931701660e-01,9.999987483024597168e-01,-9.999991059303283691e-01,-9.999987483024597168e-01,-9.999967813491821289e-01,9.999939799308776855e-01,9.999992251396179199e-01,9.999993443489074707e-01,9.999962449073791504e-01,9.999993443489074707e-01,-9.999985694885253906e-01,9.999991655349731445e-01,-9.999951124191284180e-01,9.999970793724060059e-01,9.999954104423522949e-01,9.999901652336120605e-01,9.999989271163940430e-01,-9.999926686286926270e-01,-9.999989867210388184e-01,9.999938011169433594e-01,9.999961853027343750e-01,-9.999952316284179688e-01,-9.999982714653015137e-01,9.999991655349731445e-01,-9.999985694885253906e-01,9.999987483024597168e-01,9.999841451644897461e-01,9.999800920486450195e-01,-9.999992251396179199e-01,-9.999948143959045410e-01,-9.999951124191284180e-01,9.999937415122985840e-01,-9.999987483024597168e-01,9.999902248382568359e-01,9.999977946281433105e-01,-9.999975562095642090e-01,9.999985098838806152e-01,9.999895095825195312e-01,-9.999992847442626953e-01,9.999991655349731445e-01,-9.999980330467224121e-01,9.999978542327880859e-01,-9.999992251396179199e-01,-9.999714493751525879e-01,-9.999711513519287109e-01,-9.999991059303283691e-01,-9.999958872795104980e-01,9.999850988388061523e-01,9.999989271163940430e-01,9.999956488609313965e-01,-9.999989271163940430e-01,9.999989271163940430e-01,-9.999978542327880859e-01,9.999985098838806152e-01,9.999347925186157227e-01,-9.999992847442626953e-01,9.999971985816955566e-01,-9.999992251396179199e-01,9.999983310699462891e-01,9.999965429306030273e-01,9.999964237213134766e-01,9.999986290931701660e-01,-9.999976754188537598e-01,-9.999978542327880859e-01,9.999973773956298828e-01,9.999936819076538086e-01,9.999955892562866211e-01,9.999380111694335938e-01,9.999905824661254883e-01
-9.999988079071044922e-01,9.999989867210388184e-01,9.999959468841552734e-01,-9.999977350234985352e-01,-9.999991655349731445e-01,9.999992251396179199e-01,-9.999960064888000488e-01,-9.999993443489074707e-01,9.999933242797851562e-01,-9.999991059303283691e-01,9.999992251396179199e-01,9.999992847442626953e-01,-9.999983906745910645e-01,-9.999989867210388184e-01,-9.999973177909851074e-01,-9.999941587448120117e-01,-9.999983906745910645e-01,9.999982118606567383e-01,-9.999943971633911133e-01,9.999994039535522461e-01,9.999992251396179199e-01,-9.999961853027343750e-01,-9.999991059303283691e-01,-9.999976158142089844e-01,-9.999936819076538086e-01,-9.999992847442626953e-01,9.999987483024597168e-01,9.999992251396179199e-01,-9.999949932098388672e-01,9.999979138374328613e-01,9.999930858612060547e-01,9.999986290931701660e-01,-9.999871253967285156e-01,-9.999960064888000488e-01,9.999986290931701660e-01,-9.999700784683227539e-01,-9.999992251396179199e-01,-9.999990463256835938e-01,-9.999836683273315430e-01,9.999992847442626953e-01,-9.999991059303283691e-01,-9.999951720237731934e-01,-9.999861717224121094e-01,-9.999993443489074707e-01,-9.999987483024597168e-01,-9.999986290931701660e-01,9.999956488609313965e-01,-9.999992251396179199e-01,-9.999991059303283691e-01,9.999990463256835938e-01,9.999992847442626953e-01,9.999991655349731445e-01,9.999991655349731445e-01,9.999952912330627441e-01,9.999991655349731445e-01,9.999986290931701660e-01,-9.999911785125732422e-01,-9.999971389770507812e-01,-9.999954104423522949e-01,-9.999988079071044922e-01,9.999988079071044922e-01,-9.999992847442626953e-01,-9.999988079071044922e-01,-9.999971389770507812e-01,9.999946951866149902e-01,9.999992847442626953e-01,9.999994039535522461e-01,9.999966621398925781e-01,9.999993443489074707e-01,-9.999986886978149414e-01,9.999993443489074707e-01,-9.999956488609313965e-01,9.999973773956298828e-01,9.999958872795104980e-01,9.999911785125732422e-01,9.999990463256835938e-01,-9.999935626983642578e-01,-9.999992251396179199e-01,9.999943971633911133e-01,9.999966025352478027e-01,-9.999957084655761719e-01,-9.999984502792358398e-01,9.999992251396179199e-01,-9.999987483024597168e-01,9.999988675117492676e-01,9.999858140945434570e-01,9.999822378158569336e-01,-9.999993443489074707e-01,-9.999953508377075195e-01,-9.999956488609313965e-01,9.999943971633911133e-01,-9.999989271163940430e-01,9.999912977218627930e-01,9.999980330467224121e-01,-9.999979138374328613e-01,9.999986886978149414e-01,9.999905824661254883e-01,-9.999993443489074707e-01,9.999991655349731445e-01,-9.999982118606567383e-01,9.999980330467224121e-01,-9.999992251396179199e-01,-9.999744296073913574e-01,-9.999743103981018066e-01,-9.999991059303283691e-01,-9.999962449073791504e-01,9.999867081642150879e-01,9.999989867210388184e-01,9.999960660934448242e-01,-9.999991059303283691e-01,9.999991059303283691e-01,-9.999980330467224121e-01,9.999986290931701660e-01,9.999417662620544434e-01,-9.999993443489074707e-01,9.999974370002746582e-01,-9.999992847442626953e-01,9.999985098838806152e-01,9.999969601631164551e-01,9.999967813491821289e-01,9.999987483024597168e-01,-9.999979734420776367e-01,-9.999980926513671875e-01,9.999976158142089844e-01,9.999942779541015625e-01,9.999960064888000488e-01,9.999446868896484375e-01,9.999915957450866699e-01
