3.702192902565002441e-01,-9.701021015644073486e-03,8.945511281490325928e-02,-1.564561426639556885e-01,2.747279107570648193e-01,-2.440036386251449585e-01,8.504822850227355957e-02,3.579174876213073730e-01,5.880786105990409851e-02,2.081946842372417450e-02,-1.938402801752090454e-01,-7.016004621982574463e-02,-1.082078889012336731e-01,-2.573625557124614716e-02,-2.295491285622119904e-02,1.555230021476745605e-01,7.553286850452423096e-03,-5.197658389806747437e-02,1.175728812813758850e-01,-1.532861683517694473e-02,-8.266264945268630981e-02,-1.767883151769638062e-01,-1.308432966470718384e-01,1.059957817196846008e-01,1.279125642031431198e-02,1.017245501279830933e-01,1.721050217747688293e-02,-2.596394717693328857e-01,1.065837423084303737e-04,-6.305037438869476318e-02,-1.390976756811141968e-01,-1.009582635015249252e-02,-9.054784476757049561e-02,1.764022372663021088e-02,-1.256826054304838181e-02,5.995316896587610245e-03,1.421514153480529785e-02,2.025803318247199059e-03,-1.752542257308959961e-01,-2.893911898136138916e-01,1.493675857782363892e-01,9.548439830541610718e-02,-8.741101622581481934e-02,-2.429063664749264717e-03,-3.189268335700035095e-02,1.190021857619285583e-01,3.592282533645629883e-02,-4.834532365202903748e-02,9.433086961507797241e-02,-2.805097401142120361e-02,-1.644557863473892212e-01,-1.891203969717025757e-01,2.434096485376358032e-01,1.351180300116539001e-02,-5.159626156091690063e-02,-1.125139445066452026e-01,9.074989706277847290e-02,6.431731162592768669e-04,1.142373979091644287e-01,1.072432920336723328e-01,-9.067086130380630493e-02,3.645370900630950928e-02,-3.372152801603078842e-03,1.800750344991683960e-01,2.389022894203662872e-02,2.618789905682206154e-03,-2.875607013702392578e-01,1.068903803825378418e-01,5.763210356235504150e-03,2.370087504386901855e-01,-1.521914154291152954e-01,1.752763539552688599e-01,2.480644173920154572e-02,-4.076099768280982971e-02,-1.552920937538146973e-01,-8.453550934791564941e-02,7.962433155626058578e-04,8.693719282746315002e-04,3.656246885657310486e-02,-4.145580157637596130e-02,2.683152258396148682e-02,1.271480687137227505e-05,-1.472769379615783691e-01,-2.226253505796194077e-03,-3.022677600383758545e-01,1.176467761397361755e-01,1.847414076328277588e-01,1.435253536328673363e-03,-1.112606301903724670e-01,1.143969520926475525e-01,-1.689887791872024536e-01,2.647179961204528809e-01,1.557920873165130615e-01,-1.082990393042564392e-01,-5.096477642655372620e-02,-3.612351715564727783e-01,4.614794626832008362e-02,-1.687070107436738908e-05,-1.378196924924850464e-01,1.400189548730850220e-01,-2.634258568286895752e-01,2.677580416202545166e-01,-3.620129078626632690e-03,-6.879969686269760132e-02,-1.032545119524002075e-01,1.828300505876541138e-01,1.518664658069610596e-01,1.135720536112785339e-01,-3.318559229373931885e-01,9.507409296929836273e-03,-2.459626086056232452e-02,1.698959618806838989e-01,4.352986067533493042e-02,-2.466508932411670685e-02,7.294750958681106567e-02,2.751878648996353149e-02,2.732676863670349121e-01,-1.237818300724029541e-01,-1.512600779533386230e-01,-2.928526885807514191e-02,-1.357251703739166260e-01,2.346621640026569366e-02,9.903570264577865601e-02,2.301228046417236328e-01,-1.092765107750892639e-01,1.029451489448547363e-01,1.697552390396595001e-02,2.753178030252456665e-02
-9.701021015644073486e-03,7.428289856761693954e-03,-6.960779428482055664e-02,5.912741273641586304e-02,3.143458068370819092e-02,6.403954233974218369e-03,-2.321558818221092224e-02,1.532061025500297546e-02,4.352587834000587463e-02,4.299121722579002380e-02,8.773547597229480743e-03,-3.210153058171272278e-02,6.617079675197601318e-02,5.363541096448898315e-02,6.721590459346771240e-02,6.848938018083572388e-02,-2.455893205478787422e-03,6.322067230939865112e-02,-6.372123211622238159e-02,-3.692248836159706116e-02,-2.859142981469631195e-02,4.990530386567115784e-02,5.054221302270889282e-02,-2.406359091401100159e-02,7.835529744625091553e-03,5.876757204532623291e-02,-6.325976550579071045e-02,-3.165529668331146240e-02,6.261835992336273193e-02,-1.849588751792907715e-02,2.630071900784969330e-02,-6.990025192499160767e-02,4.884156212210655212e-02,4.466719925403594971e-02,-1.887393533252179623e-03,-7.365733385086059570e-02,4.940204322338104248e-02,6.078398972749710083e-02,-5.504772067070007324e-02,-2.572037093341350555e-02,5.496000871062278748e-02,4.190415609627962112e-03,6.700244545936584473e-02,2.062618732452392578e-02,1.489657070487737656e-02,-6.791208684444427490e-02,-6.680512428283691406e-02,-1.748343557119369507e-02,-1.914318464696407318e-02,2.466308185830712318e-03,1.313318777829408646e-02,-4.870185628533363342e-03,2.377489209175109863e-02,-7.521544466726481915e-04,-1.893751136958599091e-02,-7.026088982820510864e-02,2.219131961464881897e-02,3.331155283376574516e-03,-6.183927878737449646e-02,-5.908858403563499451e-02,1.267900504171848297e-02,-1.150074880570173264e-02,1.515160198323428631e-03,1.862622611224651337e-02,-2.291199751198291779e-03,-2.040510252118110657e-02,5.393553525209426880e-02,6.738686561584472656e-02,-6.827498227357864380e-02,1.556696370244026184e-02,-5.329430848360061646e-02,-3.702479973435401917e-02,-1.771427690982818604e-02,6.428006291389465332e-02,-8.807859383523464203e-03,-6.592547893524169922e-02,-5.070745828561484814e-04,7.163687795400619507e-02,-3.129674121737480164e-02,-5.684137344360351562e-02,6.791980564594268799e-02,8.646019705338403583e-05,-4.977981746196746826e-02,-3.910044324584305286e-05,-4.854018241167068481e-02,-7.034043222665786743e-02,2.853235602378845215e-02,1.102256006561219692e-03,5.441655218601226807e-02,4.385996609926223755e-02,-1.764053449733182788e-04,-2.439929731190204620e-02,-6.165128201246261597e-02,2.627019025385379791e-02,-5.810412019491195679e-02,2.807906270027160645e-02,4.892155900597572327e-02,-1.170112113868526649e-06,-4.371116682887077332e-02,5.130890011787414551e-02,-7.737651001662015915e-03,2.232575230300426483e-02,-6.789400428533554077e-02,-5.916249752044677734e-02,8.150606602430343628e-02,-1.451722159981727600e-02,-6.280423700809478760e-02,-7.394745945930480957e-02,3.591043874621391296e-03,-1.630595419555902481e-03,4.258577525615692139e-02,-5.657645687460899353e-02,-6.693708896636962891e-02,-1.719673909246921539e-02,6.929301470518112183e-02,-6.591277569532394409e-02,2.560965716838836670e-02,3.524371609091758728e-02,-6.259872764348983765e-02,2.911380305886268616e-02,5.953124165534973145e-02,5.366384238004684448e-02,5.274403467774391174e-02,-5.606552585959434509e-02,-2.151167578995227814e-02,-4.058883339166641235e-02,-1.227952074259519577e-03,5.079822987318038940e-02
8.945511281490325928e-02,-6.960779428482055664e-02,7.562099695205688477e-01,-6.721423864364624023e-01,-3.838120400905609131e-01,-1.081037744879722595e-01,1.940488070249557495e-01,-2.353308945894241333e-01,-4.681156575679779053e-01,-5.388701558113098145e-01,-3.911710530519485474e-02,4.194134771823883057e-01,-6.358479857444763184e-01,-6.592739820480346680e-01,-7.479149103164672852e-01,-7.160279154777526855e-01,2.421075105667114258e-02,-6.394455432891845703e-01,6.911849379539489746e-01,4.997952580451965332e-01,3.416223227977752686e-01,-5.953425765037536621e-01,-6.149869561195373535e-01,2.690318226814270020e-01,-1.016513109207153320e-01,-6.020774245262145996e-01,7.101736664772033691e-01,3.154220581054687500e-01,-7.157154083251953125e-01,2.154181152582168579e-01,-2.601008713245391846e-01,7.677137255668640137e-01,-5.125957131385803223e-01,-6.328240036964416504e-01,2.933327481150627136e-02,7.629680037498474121e-01,-5.711686015129089355e-01,-6.948898434638977051e-01,5.721139311790466309e-01,4.121237695217132568e-01,-6.042990684509277344e-01,-7.287123799324035645e-02,-7.036232948303222656e-01,-2.507591843605041504e-01,-2.157085090875625610e-01,7.414965033531188965e-01,7.465680241584777832e-01,1.913003176450729370e-01,1.946388334035873413e-01,1.623098701238632202e-01,-1.109118759632110596e-01,1.786498874425888062e-01,-3.577010035514831543e-01,-3.521194448694586754e-03,2.468146532773971558e-01,7.755861878395080566e-01,-3.430664539337158203e-01,-4.127423837780952454e-02,6.175980567932128906e-01,6.542679071426391602e-01,-9.764073044061660767e-02,6.552824378013610840e-02,-1.736025325953960419e-02,-2.017974406480789185e-01,8.040249347686767578e-02,2.365449815988540649e-01,-4.733802974224090576e-01,-7.086331248283386230e-01,7.408756613731384277e-01,-1.716162860393524170e-01,6.349050402641296387e-01,4.299610853195190430e-01,2.451440244913101196e-01,-7.346931099891662598e-01,3.232395648956298828e-02,6.853002309799194336e-01,5.124942399561405182e-03,-7.952919006347656250e-01,3.409001827239990234e-01,6.811007261276245117e-01,-7.615171670913696289e-01,-1.178170321509242058e-03,6.239898204803466797e-01,2.617874881252646446e-03,5.542982816696166992e-01,7.465731501579284668e-01,-3.729935884475708008e-01,-1.258187647908926010e-02,-5.766666531562805176e-01,-5.805445909500122070e-01,1.906253211200237274e-02,1.831366866827011108e-01,6.362649202346801758e-01,-3.075361847877502441e-01,6.729899048805236816e-01,-2.300283163785934448e-01,-5.129677057266235352e-01,1.742863241815939546e-05,5.377776622772216797e-01,-5.614507794380187988e-01,2.663217484951019287e-01,-2.902294099330902100e-01,7.507087588310241699e-01,6.827350258827209473e-01,-8.311228752136230469e-01,2.145655266940593719e-02,6.349647641181945801e-01,7.403779029846191406e-01,-4.059242457151412964e-02,1.825275830924510956e-02,-5.322605371475219727e-01,6.673536300659179688e-01,7.267382144927978516e-01,6.122210528701543808e-03,-7.571313977241516113e-01,7.076192498207092285e-01,-3.383946716785430908e-01,-3.820974230766296387e-01,7.144125103950500488e-01,-3.729361295700073242e-01,-6.118811964988708496e-01,-6.240750551223754883e-01,-6.291097998619079590e-01,5.228865146636962891e-01,4.282050132751464844e-01,5.152289867401123047e-01,-6.848454009741544724e-03,-5.902480483055114746e-01
-1.564561426639556885e-01,5.912741273641586304e-02,-6.721423864364624023e-01,7.283911705017089844e-01,1.918847709894180298e-01,1.754790246486663818e-01,-1.591477990150451660e-01,4.036178812384605408e-02,4.392268657684326172e-01,4.770205318927764893e-01,-4.601087421178817749e-02,-3.403987884521484375e-01,4.660116136074066162e-01,6.205948591232299805e-01,6.612212657928466797e-01,5.011115074157714844e-01,-1.886872202157974243e-02,5.545915365219116211e-01,-7.011423110961914062e-01,-4.461295008659362793e-01,-4.278988838195800781e-01,5.902353525161743164e-01,5.803004503250122070e-01,-2.168982028961181641e-01,8.978070318698883057e-02,3.785741031169891357e-01,-5.458009243011474609e-01,-5.576853454113006592e-02,5.324730873107910156e-01,-3.625999763607978821e-02,2.232677638530731201e-01,-6.920372843742370605e-01,6.001697778701782227e-01,5.438237786293029785e-01,-1.121325325220823288e-02,-5.854057669639587402e-01,4.500656127929687500e-01,5.866525769233703613e-01,-3.064388930797576904e-01,-3.942695856094360352e-01,5.320986509323120117e-01,1.204478964209556580e-01,5.811921954154968262e-01,2.087892740964889526e-01,6.435440480709075928e-02,-5.746464729309082031e-01,-7.046528458595275879e-01,-1.771058738231658936e-01,-1.418092399835586548e-01,-1.070822551846504211e-01,1.215833052992820740e-01,2.618168480694293976e-03,3.735723197460174561e-01,-1.999235339462757111e-02,-7.837344706058502197e-02,-6.108397841453552246e-01,3.342866003513336182e-01,3.322204574942588806e-02,-5.466827154159545898e-01,-6.833145022392272949e-01,2.072152495384216309e-02,1.882270909845829010e-02,2.078921534121036530e-02,1.232621520757675171e-01,-3.357855603098869324e-02,-2.046726197004318237e-01,3.989045023918151855e-01,5.191413760185241699e-01,-6.257833242416381836e-01,-7.107144594192504883e-02,-4.819605648517608643e-01,-2.248798757791519165e-01,-3.110926747322082520e-01,6.656945943832397461e-01,-5.241443589329719543e-02,-5.643104910850524902e-01,-2.901463769376277924e-03,6.490451693534851074e-01,-4.877274930477142334e-01,-5.735806822776794434e-01,7.265876531600952148e-01,1.021172967739403248e-03,-4.622774124145507812e-01,1.236632815562188625e-03,-4.146898686885833740e-01,-6.475268006324768066e-01,1.429405957460403442e-01,7.658952847123146057e-03,4.417479634284973145e-01,4.628747105598449707e-01,-3.427070751786231995e-02,-3.536578714847564697e-01,-6.443335413932800293e-01,3.417431116104125977e-01,-6.346825957298278809e-01,3.290864527225494385e-01,3.828397691249847412e-01,-1.218548914039274678e-05,-3.488300442695617676e-01,4.156693816184997559e-01,-1.220323443412780762e-01,4.131579026579856873e-02,-7.145341038703918457e-01,-5.416076779365539551e-01,7.587705254554748535e-01,1.526433527469635010e-01,-7.354181408882141113e-01,-6.099820137023925781e-01,2.050572335720062256e-01,-2.426759339869022369e-02,5.597093105316162109e-01,-6.956952810287475586e-01,-6.803129315376281738e-01,1.481533646583557129e-01,6.207051277160644531e-01,-6.268603205680847168e-01,1.012117713689804077e-01,3.381488621234893799e-01,-5.787060260772705078e-01,4.184065759181976318e-01,5.287306308746337891e-01,6.077287793159484863e-01,5.700684189796447754e-01,-5.088340640068054199e-01,-3.703103959560394287e-01,-5.410590171813964844e-01,-7.140400819480419159e-03,4.808572828769683838e-01
2.747279107570648193e-01,3.143458068370819092e-02,-3.838120400905609131e-01,1.918847709894180298e-01,5.662120580673217773e-01,-1.777296215295791626e-01,-5.255287885665893555e-02,5.735480189323425293e-01,2.565318346023559570e-01,3.118838369846343994e-01,-7.508041709661483765e-02,-3.219222724437713623e-01,3.658465743064880371e-01,3.203005194664001465e-01,4.300816655158996582e-01,6.846844553947448730e-01,-9.588620625436306000e-03,3.542702496051788330e-01,-2.674183547496795654e-01,-2.757385373115539551e-01,-1.196976006031036377e-01,1.565315723419189453e-01,2.130704224109649658e-01,-8.986130356788635254e-02,6.687519699335098267e-02,5.679295659065246582e-01,-4.697938859462738037e-01,-5.622827410697937012e-01,5.433880686759948730e-01,-2.900967001914978027e-01,3.368141129612922668e-02,-4.615154862403869629e-01,1.079701408743858337e-01,4.002335071563720703e-01,-3.849933668971061707e-02,-5.389637947082519531e-01,3.802327215671539307e-01,4.400335848331451416e-01,-6.835274100303649902e-01,-4.356988668441772461e-01,4.849410355091094971e-01,6.701626628637313843e-02,3.776937127113342285e-01,1.503123044967651367e-01,2.094977200031280518e-01,-4.332329332828521729e-01,-4.008074104785919189e-01,-1.447797715663909912e-01,-6.399127095937728882e-02,-1.411817073822021484e-01,-8.688478171825408936e-02,-3.912679851055145264e-01,3.413570523262023926e-01,2.067324146628379822e-02,-2.927623093128204346e-01,-6.440107822418212891e-01,2.528257966041564941e-01,2.722160704433917999e-02,-2.708932757377624512e-01,-2.283491492271423340e-01,4.071744158864021301e-02,-8.709585666656494141e-02,2.157095354050397873e-03,2.949028611183166504e-01,-4.628890380263328552e-02,-1.361647099256515503e-01,6.478486210107803345e-02,6.083067655563354492e-01,-4.588365256786346436e-01,4.696114063262939453e-01,-5.793176889419555664e-01,-2.462973147630691528e-01,-3.064453788101673126e-02,4.065916538238525391e-01,-1.218115836381912231e-01,-5.201349854469299316e-01,-3.445841604843735695e-03,5.530496239662170410e-01,-3.320346400141716003e-02,-4.643576741218566895e-01,4.612984359264373779e-01,6.908922805450856686e-04,-5.530018210411071777e-01,-5.811343435198068619e-03,-6.428548693656921387e-01,-3.768220543861389160e-01,4.995362758636474609e-01,1.119016390293836594e-02,2.865074276924133301e-01,4.711576402187347412e-01,-1.401282250881195068e-01,2.615844905376434326e-01,-1.940595060586929321e-01,2.893638797104358673e-02,-4.203855097293853760e-01,-2.459161132574081421e-01,3.972339332103729248e-01,-2.600359948701225221e-05,-5.110588073730468750e-01,5.165885686874389648e-01,-4.533683359622955322e-01,5.501959919929504395e-01,-4.297214746475219727e-01,-5.182237625122070312e-01,4.389634132385253906e-01,6.846996955573558807e-03,-1.334465146064758301e-01,-4.194134771823883057e-01,-3.724236786365509033e-01,5.466403905302286148e-03,1.941600590944290161e-01,-1.795759946107864380e-01,-3.904986083507537842e-01,-1.440270245075225830e-01,5.834942460060119629e-01,-3.938655555248260498e-01,5.521435737609863281e-01,1.374761462211608887e-01,-6.105321645736694336e-01,1.150040477514266968e-01,2.650583684444427490e-01,3.357387483119964600e-01,4.153861105442047119e-01,-7.753328233957290649e-02,-3.308743536472320557e-01,-1.282617896795272827e-01,2.652503363788127899e-02,4.006884396076202393e-01
-2.440036386251449585e-01,6.403954233974218369e-03,-1.081037744879722595e-01,1.754790246486663818e-01,-1.777296215295791626e-01,2.124837487936019897e-01,-2.600822784006595612e-02,-2.258543372154235840e-01,-5.185339599847793579e-02,2.024102210998535156e-02,8.697409182786941528e-02,2.964329160749912262e-02,6.081929430365562439e-02,6.947617977857589722e-02,6.286158412694931030e-02,-1.012422218918800354e-01,-5.391918588429689407e-03,4.316686466336250305e-02,-1.279849559068679810e-01,-4.046905040740966797e-02,1.620949991047382355e-02,1.511239260435104370e-01,1.399582624435424805e-01,-6.554122269153594971e-02,-3.515572752803564072e-03,-1.016518175601959229e-01,-3.801840916275978088e-02,2.011074721813201904e-01,4.042748361825942993e-02,3.695464134216308594e-02,1.012307778000831604e-01,-3.424784913659095764e-02,1.117121055722236633e-01,5.989746749401092529e-02,8.000498637557029724e-03,-9.885024279356002808e-03,6.938963779248297215e-04,2.695559337735176086e-02,1.278377622365951538e-01,1.121934130787849426e-01,-8.496496826410293579e-02,-3.415075689554214478e-02,8.598855137825012207e-02,1.714603044092655182e-02,1.462062541395425797e-02,-1.022929474711418152e-01,-8.308575302362442017e-02,2.152986079454421997e-02,-6.935222446918487549e-02,-1.192422397434711456e-02,1.182810813188552856e-01,9.635163098573684692e-02,-1.123050823807716370e-01,-2.111622598022222519e-03,3.699976950883865356e-02,2.749893069267272949e-02,-2.715975977480411530e-02,1.212361268699169159e-03,-8.978705853223800659e-02,-1.158823743462562561e-01,4.398683458566665649e-02,-1.028473954647779465e-03,4.191956017166376114e-03,-1.232296973466873169e-01,-3.557679429650306702e-02,-8.223436772823333740e-03,1.740386486053466797e-01,-5.430557206273078918e-02,-2.476262114942073822e-02,-1.853459328413009644e-01,6.622747331857681274e-02,-1.336925774812698364e-01,-3.561153262853622437e-02,6.168620288372039795e-02,1.090225428342819214e-01,2.307149395346641541e-02,-1.934669562615454197e-04,4.522823542356491089e-02,-7.302867621183395386e-02,4.279947839677333832e-03,4.263806343078613281e-02,6.367293099174275994e-05,5.456224828958511353e-02,8.946634479798376560e-04,1.779691576957702637e-01,-1.040633246302604675e-01,-1.038705334067344666e-01,-1.216783188283443451e-03,5.402658507227897644e-02,-4.578653723001480103e-02,8.843602985143661499e-02,-1.913444548845291138e-01,-1.276834607124328613e-01,8.687149733304977417e-02,-4.734385292977094650e-03,2.413277179002761841e-01,3.020855598151683807e-03,8.541519491700455546e-06,8.129937201738357544e-02,-9.630993753671646118e-02,1.379978209733963013e-01,-1.979799568653106689e-01,-3.763229772448539734e-02,2.124883793294429779e-02,1.090367212891578674e-01,-1.622283086180686951e-02,-1.594048887491226196e-01,-7.831797003746032715e-02,2.512498497962951660e-01,-6.819182075560092926e-03,4.858636483550071716e-02,-1.871364414691925049e-01,-6.378062069416046143e-02,8.192213624715805054e-02,2.493237843737006187e-03,-4.930830001831054688e-02,-1.903453469276428223e-01,1.011797189712524414e-01,5.373091623187065125e-02,5.579888075590133667e-02,1.084935814142227173e-01,2.505599707365036011e-02,-1.751677505671977997e-02,-1.534101814031600952e-01,1.333784498274326324e-02,-1.134257093071937561e-01,-1.421496551483869553e-02,1.866363175213336945e-02
8.504822850227355957e-02,-2.321558818221092224e-02,1.940488070249557495e-01,-1.591477990150451660e-01,-5.255287885665893555e-02,-2.600822784006595612e-02,1.216646432876586914e-01,1.114189071813598275e-04,-1.300851106643676758e-01,-9.434500336647033691e-02,-9.806756675243377686e-02,8.159095048904418945e-02,-2.355575114488601685e-01,-1.360305100679397583e-01,-1.870095878839492798e-01,-1.982381641864776611e-01,8.470855653285980225e-03,-2.003870010375976562e-01,1.683758497238159180e-01,6.805563718080520630e-02,2.374199964106082916e-02,-1.617366075515747070e-01,-1.364207863807678223e-01,9.776848554611206055e-02,-1.778083667159080505e-02,-1.923201084136962891e-01,1.776754856109619141e-01,8.634958416223526001e-02,-1.820566952228546143e-01,4.338565841317176819e-02,-9.835243970155715942e-02,1.831296235322952271e-01,-1.095032691955566406e-01,-9.649574011564254761e-02,5.639250855892896652e-03,2.332847863435745239e-01,-1.442307084798812866e-01,-1.691415905952453613e-01,1.737776845693588257e-01,-2.567682042717933655e-02,-1.293864548206329346e-01,2.705704607069492340e-02,-2.038370519876480103e-01,-5.544888600707054138e-02,-8.167497813701629639e-02,2.207456231117248535e-01,1.761037558317184448e-01,4.516408219933509827e-02,8.258018642663955688e-02,-1.301278267055749893e-02,-5.150320008397102356e-02,-2.063575945794582367e-02,1.093219872564077377e-02,1.532933395355939865e-02,6.201693043112754822e-02,1.759613305330276489e-01,-3.951634839177131653e-02,-9.867598302662372589e-03,1.849471479654312134e-01,1.744187772274017334e-01,-8.138365298509597778e-02,7.210115343332290649e-02,-3.250500652939081192e-03,-1.776189357042312622e-02,3.845679340884089470e-03,5.846933647990226746e-02,-2.219752520322799683e-01,-1.836368441581726074e-01,2.006435245275497437e-01,-3.299130871891975403e-02,1.222568675875663757e-01,1.483639925718307495e-01,3.633200749754905701e-02,-1.906583011150360107e-01,-1.218536496162414551e-02,1.593364924192428589e-01,2.040021819993853569e-03,-2.003477513790130615e-01,6.182889267802238464e-02,1.505831778049468994e-01,-1.639499813318252563e-01,-2.280037151649594307e-04,1.105345636606216431e-01,-6.278724176809191704e-04,8.402914553880691528e-02,2.299163490533828735e-01,-4.376741498708724976e-02,-3.772776341065764427e-03,-1.908964365720748901e-01,-1.009997352957725525e-01,-4.457690566778182983e-02,8.020310848951339722e-02,1.837120950222015381e-01,-6.920803338289260864e-02,1.407740414142608643e-01,-1.451250910758972168e-01,-1.349633932113647461e-01,-1.807501462280924898e-06,1.163322478532791138e-01,-1.360961943864822388e-01,-3.508442267775535583e-02,-4.712181910872459412e-02,1.827654987573623657e-01,1.606208682060241699e-01,-2.302511781454086304e-01,1.417065858840942383e-01,1.611860394477844238e-01,2.541327774524688721e-01,-3.585534915328025818e-02,4.494982771575450897e-03,-1.097801104187965393e-01,1.400444805622100830e-01,2.019013315439224243e-01,1.087170839309692383e-01,-1.819664686918258667e-01,1.860539168119430542e-01,-4.981508105993270874e-02,-1.263771951198577881e-01,1.457103043794631958e-01,-6.258086115121841431e-02,-1.999335139989852905e-01,-1.258904188871383667e-01,-1.097859293222427368e-01,2.047347873449325562e-01,1.258380059152841568e-02,1.032955124974250793e-01,3.541715210303664207e-03,-1.186271533370018005e-01
3.579174876213073730e-01,1.532061025500297546e-02,-2.353308945894241333e-01,4.036178812384605408e-02,5.735480189323425293e-01,-2.258543372154235840e-01,1.114189071813598275e-04,6.719273328781127930e-01,1.222994923591613770e-01,2.029180973768234253e-01,-7.984600961208343506e-02,-2.777336835861206055e-01,2.546295523643493652e-01,1.883122026920318604e-01,2.959896326065063477e-01,5.868151783943176270e-01,-4.462140146642923355e-03,2.391153424978256226e-01,-8.855720609426498413e-02,-1.783445477485656738e-01,3.000374883413314819e-02,2.556187473237514496e-02,8.450970053672790527e-02,-4.308786615729331970e-02,4.860279336571693420e-02,4.825911819934844971e-01,-3.403347730636596680e-01,-5.973994135856628418e-01,4.689316749572753906e-01,-2.943593263626098633e-01,-2.495823241770267487e-02,-2.831929624080657959e-01,-6.758861988782882690e-02,3.192483484745025635e-01,-4.407947883009910583e-02,-4.054701030254364014e-01,2.968646883964538574e-01,3.235217034816741943e-01,-6.691349744796752930e-01,-4.010931849479675293e-01,3.709726333618164062e-01,4.541473835706710815e-02,2.503777742385864258e-01,1.166532188653945923e-01,2.543465495109558105e-01,-3.024794757366180420e-01,-2.619970738887786865e-01,-1.271852403879165649e-01,-4.913538321852684021e-02,-1.698865145444869995e-01,-1.417731642723083496e-01,-4.804047346115112305e-01,2.717322111129760742e-01,2.462092041969299316e-02,-3.229888081550598145e-01,-5.306409597396850586e-01,2.175665944814682007e-01,2.291872538626194000e-02,-1.110828146338462830e-01,-7.984760403633117676e-02,4.643887653946876526e-02,-1.205447018146514893e-01,-3.975820261985063553e-03,2.551051080226898193e-01,-5.874354392290115356e-02,-9.390591830015182495e-02,-7.113856822252273560e-02,5.102542638778686523e-01,-3.228810727596282959e-01,5.337466001510620117e-01,-5.208074450492858887e-01,-2.319029420614242554e-01,6.919714063405990601e-02,2.732500731945037842e-01,-8.277226984500885010e-02,-4.020431935787200928e-01,-2.889335853978991508e-03,4.249662160873413086e-01,7.586707919836044312e-02,-3.343141674995422363e-01,3.010729253292083740e-01,5.293303402140736580e-04,-4.977862238883972168e-01,-7.305642124265432358e-03,-5.855835676193237305e-01,-2.393847852945327759e-01,5.167618393898010254e-01,1.084378920495510101e-02,1.399926245212554932e-01,4.118636250495910645e-01,-1.597524285316467285e-01,4.368080496788024902e-01,-1.501149870455265045e-02,-9.222453087568283081e-02,-2.851743698120117188e-01,-3.782474398612976074e-01,3.598326444625854492e-01,-2.574406062194611877e-05,-4.762835204601287842e-01,4.475651979446411133e-01,-5.052462220191955566e-01,5.932165980339050293e-01,-2.685414552688598633e-01,-4.235074818134307861e-01,2.381978631019592285e-01,3.479428216814994812e-02,8.656039834022521973e-02,-2.777977287769317627e-01,-4.793956279754638672e-01,1.701490394771099091e-02,3.378880769014358521e-02,-5.816425662487745285e-03,-2.514960765838623047e-01,-1.769804358482360840e-01,4.848872721195220947e-01,-2.496522665023803711e-01,5.879749059677124023e-01,8.241736143827438354e-02,-5.157873630523681641e-01,6.325348746031522751e-03,1.584337502717971802e-01,1.967087686061859131e-01,2.964088916778564453e-01,8.165249973535537720e-02,-2.899917364120483398e-01,1.605206355452537537e-02,3.266971558332443237e-02,3.116506338119506836e-01
5.880786105990409851e-02,4.352587834000587463e-02,-4.681156575679779053e-01,4.392268657684326172e-01,2.565318346023559570e-01,-5.185339599847793579e-02,-1.300851106643676758e-01,1.222994923591613770e-01,5.111274719238281250e-01,3.949321806430816650e-01,-8.911695331335067749e-02,-3.017963171005249023e-01,3.287097811698913574e-01,5.027019977569580078e-01,5.233043432235717773e-01,5.319051742553710938e-01,-9.269138798117637634e-03,3.675196766853332520e-01,-4.828927218914031982e-01,-3.553284704685211182e-01,-4.879459142684936523e-01,3.689253330230712891e-01,3.435541689395904541e-01,-1.277661770582199097e-01,8.267730474472045898e-02,4.329441487789154053e-01,-4.737034142017364502e-01,-1.623122990131378174e-01,3.713535368442535400e-01,-2.830271422863006592e-02,8.521603047847747803e-02,-6.657075881958007812e-01,4.179780185222625732e-01,3.982445001602172852e-01,-1.181430555880069733e-02,-5.317472815513610840e-01,3.586071133613586426e-01,4.645137190818786621e-01,-3.029029369354248047e-01,-4.104024767875671387e-01,5.315941572189331055e-01,1.314405351877212524e-01,3.901294171810150146e-01,1.439366936683654785e-01,-3.242077771574258804e-03,-4.280483424663543701e-01,-5.004270672798156738e-01,-1.352847516536712646e-01,-1.800864003598690033e-02,-1.116697192192077637e-01,-5.983775015920400620e-03,-8.777767419815063477e-03,4.390826225280761719e-01,-1.662172749638557434e-02,-5.922333896160125732e-02,-5.535450577735900879e-01,2.814868092536926270e-01,2.395900525152683258e-02,-3.679870665073394775e-01,-4.618090391159057617e-01,-5.138406902551651001e-02,8.995282649993896484e-02,1.539490092545747757e-02,2.122407853603363037e-01,4.338623490184545517e-03,-1.613732427358627319e-01,1.817257553339004517e-01,4.749799370765686035e-01,-5.396573543548583984e-01,4.573461413383483887e-02,-4.133844077587127686e-01,-3.635167703032493591e-02,-2.962235808372497559e-01,5.376915335655212402e-01,-1.305300593376159668e-01,-4.597634673118591309e-01,-2.167651196941733360e-03,5.283008813858032227e-01,-3.088184297084808350e-01,-5.377591848373413086e-01,6.020299196243286133e-01,8.136847172863781452e-04,-4.190829694271087646e-01,1.257144263945519924e-03,-4.753713607788085938e-01,-4.680082201957702637e-01,1.590255796909332275e-01,6.234120577573776245e-03,3.942406475543975830e-01,4.184916317462921143e-01,-6.020300835371017456e-02,-1.792999356985092163e-01,-4.457012116909027100e-01,2.691550850868225098e-01,-5.375234484672546387e-01,7.862593233585357666e-02,2.053697407245635986e-01,-1.590875945112202317e-05,-3.683245182037353516e-01,3.929442465305328369e-01,-1.941361576318740845e-01,1.928592324256896973e-01,-6.324927806854248047e-01,-4.684496223926544189e-01,6.016529798507690430e-01,7.186491042375564575e-02,-5.487481951713562012e-01,-4.486036598682403564e-01,-5.970217287540435791e-03,-2.273451164364814758e-02,5.561653375625610352e-01,-4.518360793590545654e-01,-5.147532224655151367e-01,1.111139431595802307e-01,4.766860306262969971e-01,-4.946976304054260254e-01,2.341365069150924683e-01,1.374885439872741699e-01,-5.200975537300109863e-01,3.260937631130218506e-01,2.884166836738586426e-01,5.029056072235107422e-01,5.183551311492919922e-01,-2.870031595230102539e-01,-3.514752686023712158e-01,-4.049975872039794922e-01,1.866747252643108368e-02,3.403278291225433350e-01
2.081946842372417450e-02,4.299121722579002380e-02,-5.388701558113098145e-01,4.770205318927764893e-01,3.118838369846343994e-01,2.024102210998535156e-02,-9.434500336647033691e-02,2.029180973768234253e-01,3.949321806430816650e-01,4.184251129627227783e-01,-5.998748540878295898e-02,-3.183696269989013672e-01,3.919158577919006348e-01,5.163711905479431152e-01,5.637471675872802734e-01,5.840429663658142090e-01,-1.321906037628650665e-02,4.062047600746154785e-01,-5.163615942001342773e-01,-3.930136263370513916e-01,-3.726575672626495361e-01,3.894067108631134033e-01,4.097632765769958496e-01,-1.560807228088378906e-01,8.200357109308242798e-02,4.599672555923461914e-01,-5.433132648468017578e-01,-2.258680313825607300e-01,5.114934444427490234e-01,-1.341219544410705566e-01,1.254931092262268066e-01,-6.614298224449157715e-01,3.916057944297790527e-01,4.911093711853027344e-01,-1.949367485940456390e-02,-5.834388732910156250e-01,3.959569334983825684e-01,5.114136338233947754e-01,-4.149487316608428955e-01,-4.203135371208190918e-01,5.041168332099914551e-01,1.006757691502571106e-01,4.654370248317718506e-01,1.703488528728485107e-01,8.924721926450729370e-02,-5.305271744728088379e-01,-5.535262823104858398e-01,-1.311500668525695801e-01,-6.935258954763412476e-02,-1.567845940589904785e-01,3.169756382703781128e-02,-1.372814327478408813e-01,3.897733688354492188e-01,4.848178941756486893e-03,-1.454955190420150757e-01,-6.400046348571777344e-01,2.827029228210449219e-01,2.780696004629135132e-02,-4.058891236782073975e-01,-4.603357315063476562e-01,-8.413419127464294434e-03,3.641121461987495422e-02,1.356667373329401016e-02,2.038722038269042969e-01,-4.660861939191818237e-02,-1.674330979585647583e-01,2.239455431699752808e-01,5.420639514923095703e-01,-5.646386742591857910e-01,1.243730336427688599e-01,-4.930762052536010742e-01,-2.113727778196334839e-01,-2.318862378597259521e-01,5.595348477363586426e-01,-7.826967537403106689e-02,-5.195492506027221680e-01,-2.783801639452576637e-03,6.205811500549316406e-01,-2.576136887073516846e-01,-5.567656159400939941e-01,6.326611638069152832e-01,8.740400080569088459e-04,-4.901508390903472900e-01,-1.723991474136710167e-03,-4.951391816139221191e-01,-5.164269208908081055e-01,2.765192687511444092e-01,7.862889207899570465e-03,4.046017527580261230e-01,4.567511975765228271e-01,-5.433981865644454956e-02,-1.137858331203460693e-01,-4.482398033142089844e-01,2.449328303337097168e-01,-5.432974696159362793e-01,6.637359410524368286e-02,2.977878153324127197e-01,-1.775040982465725392e-05,-4.087541699409484863e-01,4.200112521648406982e-01,-2.706146836280822754e-01,2.498785853385925293e-01,-6.219730973243713379e-01,-5.197965502738952637e-01,6.595976352691650391e-01,6.702123582363128662e-02,-5.153468251228332520e-01,-5.071985125541687012e-01,-1.121298503130674362e-02,-1.666054502129554749e-02,4.767407178878784180e-01,-5.000032782554626465e-01,-5.301666855812072754e-01,9.744462370872497559e-02,5.710215568542480469e-01,-5.188397765159606934e-01,2.836824655532836914e-01,2.003577053546905518e-01,-5.830536484718322754e-01,3.007476925849914551e-01,3.523645102977752686e-01,4.919728040695190430e-01,5.172638297080993652e-01,-2.898560762405395508e-01,-3.881569206714630127e-01,-3.912504911422729492e-01,1.624040305614471436e-02,4.189915060997009277e-01
-1.938402801752090454e-01,8.773547597229480743e-03,-3.911710530519485474e-02,-4.601087421178817749e-02,-7.508041709661483765e-02,8.697409182786941528e-02,-9.806756675243377686e-02,-7.984600961208343506e-02,-8.911695331335067749e-02,-5.998748540878295898e-02,2.680743038654327393e-01,3.594540432095527649e-02,1.955113112926483154e-01,-4.334560409188270569e-02,7.044449448585510254e-03,3.521108254790306091e-02,-7.770363241434097290e-03,5.245824158191680908e-02,5.424193292856216431e-02,6.260200589895248413e-02,2.550279498100280762e-01,5.068998038768768311e-02,2.916262671351432800e-02,-1.018689200282096863e-01,-1.719909161329269409e-02,8.583172410726547241e-02,-7.376269251108169556e-02,-5.278046056628227234e-02,1.112743616104125977e-01,-8.838216960430145264e-02,1.204941794276237488e-01,5.648912489414215088e-02,-1.342592686414718628e-01,-2.868117950856685638e-02,-7.587877102196216583e-03,-1.054032146930694580e-01,2.683974616229534149e-02,5.501268897205591202e-03,-1.235286146402359009e-01,2.921142578125000000e-01,-1.468910574913024902e-01,-1.472356170415878296e-01,1.026093512773513794e-01,8.337880484759807587e-03,1.905491948127746582e-01,-1.728183031082153320e-01,3.955082967877388000e-02,4.099011793732643127e-02,-1.238240674138069153e-01,-1.409988757222890854e-02,9.266291558742523193e-02,-1.822401769459247589e-02,-2.970822155475616455e-01,1.134795788675546646e-02,-1.140701621770858765e-01,1.208176836371421814e-02,-1.156016737222671509e-01,2.382757375016808510e-03,-5.187750235199928284e-02,3.873779252171516418e-02,1.667023897171020508e-01,-1.438563615083694458e-01,-4.634821787476539612e-03,-1.221932023763656616e-01,-5.758768320083618164e-02,2.099589211866259575e-03,2.452789992094039917e-01,2.485692687332630157e-02,-2.647115476429462433e-02,4.328006133437156677e-02,5.199614167213439941e-02,-3.216248154640197754e-01,1.081902235746383667e-01,5.812478251755237579e-03,1.755919605493545532e-01,5.218107253313064575e-02,-2.501344075426459312e-03,4.841600358486175537e-02,1.847953945398330688e-01,3.675691410899162292e-02,-1.171253472566604614e-01,-2.850918644980993122e-05,2.860258705914020538e-02,-1.730474410578608513e-03,1.738366931676864624e-01,-1.120445877313613892e-01,2.572447620332241058e-02,2.803471637889742851e-03,1.260264217853546143e-01,-5.920694023370742798e-02,1.596739292144775391e-01,3.154841065406799316e-02,3.878353396430611610e-03,-3.364506736397743225e-02,1.148028373718261719e-01,1.565428823232650757e-01,4.002605751156806946e-02,1.292474826186662540e-05,-2.114373072981834412e-02,-4.496512189507484436e-02,1.106564924120903015e-01,1.615685224533081055e-02,8.047738671302795410e-02,4.397370852530002594e-03,1.360965054482221603e-02,-3.423705101013183594e-01,1.299720853567123413e-01,-1.391836404800415039e-01,6.432618945837020874e-02,4.721814300864934921e-03,-1.119929775595664978e-01,3.397388756275177002e-02,1.738049462437629700e-02,-1.892130970954895020e-01,-3.553920891135931015e-03,5.106504540890455246e-03,6.250279489904642105e-03,9.839160740375518799e-02,7.548023760318756104e-02,-1.014017313718795776e-01,1.234813407063484192e-01,-1.156696826219558716e-01,-1.189833432435989380e-01,-1.218667179346084595e-01,1.150450035929679871e-01,4.833586513996124268e-02,-1.660694484598934650e-03,-2.212233655154705048e-02
-7.016004621982574463e-02,-3.210153058171272278e-02,4.194134771823883057e-01,-3.403987884521484375e-01,-3.219222724437713623e-01,2.964329160749912262e-02,8.159095048904418945e-02,-2.777336835861206055e-01,-3.017963171005249023e-01,-3.183696269989013672e-01,3.594540432095527649e-02,2.839668393135070801e-01,-3.274267613887786865e-01,-4.018835425376892090e-01,-4.598322808742523193e-01,-5.415838956832885742e-01,9.193136356770992279e-03,-3.279119431972503662e-01,3.632128238677978516e-01,2.956318259239196777e-01,2.316235899925231934e-01,-2.889429628849029541e-01,-2.962695956230163574e-01,1.239744424819946289e-01,-6.595596671104431152e-02,-4.219823181629180908e-01,4.451735615730285645e-01,2.724708914756774902e-01,-4.629762768745422363e-01,1.307769268751144409e-01,-8.025055378675460815e-02,5.229354500770568848e-01,-2.350026369094848633e-01,-4.065485000610351562e-01,2.434353716671466827e-02,5.013940930366516113e-01,-3.321334719657897949e-01,-4.225831925868988037e-01,4.464120566844940186e-01,3.551064431667327881e-01,-4.186813235282897949e-01,-6.939231604337692261e-02,-3.697199821472167969e-01,-1.407362818717956543e-01,-1.370453238487243652e-01,4.412108361721038818e-01,4.391900897026062012e-01,1.171320751309394836e-01,6.852111965417861938e-02,1.693184524774551392e-01,1.730939373373985291e-02,1.923479735851287842e-01,-3.076927661895751953e-01,-3.145715454593300819e-03,1.737576127052307129e-01,5.605276226997375488e-01,-2.462079823017120361e-01,-2.471522614359855652e-02,2.842628955841064453e-01,3.415100872516632080e-01,-1.603498309850692749e-02,8.421620354056358337e-03,-8.140993304550647736e-03,-1.642531901597976685e-01,4.781978577375411987e-02,1.350616216659545898e-01,-1.438597142696380615e-01,-4.814572632312774658e-01,4.625592529773712158e-01,-1.855252832174301147e-01,4.447882473468780518e-01,2.092973440885543823e-01,1.470250487327575684e-01,-4.618104994297027588e-01,3.884284943342208862e-02,4.224959611892700195e-01,2.641384257003664970e-03,-5.295714139938354492e-01,1.543739140033721924e-01,4.620633721351623535e-01,-4.981372058391571045e-01,-7.428697426803410053e-04,4.434646666049957275e-01,2.498254878446459770e-03,4.551265239715576172e-01,4.256265461444854736e-01,-2.736624777317047119e-01,-7.970209233462810516e-03,-3.072340786457061768e-01,-4.044179320335388184e-01,5.459530279040336609e-02,-2.349467389285564423e-02,3.048488199710845947e-01,-1.463887393474578857e-01,4.294401109218597412e-01,1.915309578180313110e-02,-2.643709778785705566e-01,1.618667374714277685e-05,3.905324637889862061e-01,-3.754182457923889160e-01,2.871353328227996826e-01,-2.939524948596954346e-01,5.005354881286621094e-01,4.503673315048217773e-01,-4.995870590209960938e-01,-4.113994538784027100e-02,3.223586082458496094e-01,4.190553128719329834e-01,1.007991954684257507e-01,7.794243283569812775e-03,-3.452139198780059814e-01,3.380155861377716064e-01,4.309157431125640869e-01,-3.295242413878440857e-02,-5.009716153144836426e-01,4.072512686252593994e-01,-3.212099075317382812e-01,-1.604823619127273560e-01,5.096380114555358887e-01,-2.061312198638916016e-01,-2.784694433212280273e-01,-3.747581839561462402e-01,-4.121456146240234375e-01,1.844439506530761719e-01,3.349104523658752441e-01,2.685755193233489990e-01,-2.206155098974704742e-02,-3.313868045806884766e-01
