9.999981522560119629e-01,-9.999985098838806152e-01,-9.999937415122985840e-01,9.999965429306030273e-01,9.999988675117492676e-01,-9.999985694885253906e-01,9.999939203262329102e-01,9.999989867210388184e-01,-9.999900460243225098e-01,9.999984502792358398e-01,-9.999986886978149414e-01,-9.999988675117492676e-01,9.999976754188537598e-01,9.999983310699462891e-01,9.999957084655761719e-01,9.999914169311523438e-01,9.999973773956298828e-01,-9.999973773956298828e-01,9.999913573265075684e-01,-9.999991655349731445e-01,-9.999987483024597168e-01,9.999940395355224609e-01,9.999985098838806152e-01,9.999964833259582520e-01,9.999896287918090820e-01,9.999988675117492676e-01,-9.999980330467224121e-01,-9.999986886978149414e-01,9.999918341636657715e-01,-9.999967217445373535e-01,-9.999892711639404297e-01,-9.999978542327880859e-01,9.999800324440002441e-01,9.999938607215881348e-01,-9.999978542327880859e-01,9.999510049819946289e-01,9.999989271163940430e-01,9.999983906745910645e-01,9.999758601188659668e-01,-9.999988675117492676e-01,9.999985098838806152e-01,9.999924898147583008e-01,9.999783635139465332e-01,9.999988079071044922e-01,9.999981522560119629e-01,9.999977350234985352e-01,-9.999930858612060547e-01,9.999986290931701660e-01,9.999985098838806152e-01,-9.999983906745910645e-01,-9.999988079071044922e-01,-9.999985694885253906e-01,-9.999986290931701660e-01,-9.999927878379821777e-01,-9.999985694885253906e-01,-9.999978542327880859e-01,9.999822974205017090e-01,9.999952912330627441e-01,9.999930262565612793e-01,9.999981522560119629e-01,-9.999982118606567383e-01,9.999987483024597168e-01,9.999983310699462891e-01,9.999954700469970703e-01,-9.999920129776000977e-01,-9.999988675117492676e-01,-9.999990463256835938e-01,-9.999948143959045410e-01,-9.999989271163940430e-01,9.999979734420776367e-01,-9.999987483024597168e-01,9.999937415122985840e-01,-9.999956488609313965e-01,-9.999935030937194824e-01,-9.999859333038330078e-01,-9.999983906745910645e-01,9.999897480010986328e-01,9.999987483024597168e-01,-9.999915957450866699e-01,-9.999948143959045410e-01,9.999928474426269531e-01,9.999974370002746582e-01,-9.999986290931701660e-01,9.999980330467224121e-01,-9.999982118606567383e-01,-9.999785423278808594e-01,-9.999667406082153320e-01,9.999988675117492676e-01,9.999925494194030762e-01,9.999924302101135254e-01,-9.999915361404418945e-01,9.999983310699462891e-01,-9.999858140945434570e-01,-9.999969601631164551e-01,9.999966621398925781e-01,-9.999978542327880859e-01,-9.999856948852539062e-01,9.999989271163940430e-01,-9.999986886978149414e-01,9.999971985816955566e-01,-9.999969005584716797e-01,9.999989271163940430e-01,9.999576807022094727e-01,9.999583363533020020e-01,9.999986290931701660e-01,9.999946355819702148e-01,-9.999790191650390625e-01,-9.999983906745910645e-01,-9.999940991401672363e-01,9.999985098838806152e-01,-9.999985694885253906e-01,9.999970793724060059e-01,-9.999979734420776367e-01,-9.998968839645385742e-01,9.999989271163940430e-01,-9.999962449073791504e-01,9.999989867210388184e-01,-9.999977350234985352e-01,-9.999952912330627441e-01,-9.999952912330627441e-01,-9.999982118606567383e-01,9.999966621398925781e-01,9.999970197677612305e-01,-9.999964237213134766e-01,-9.999908208847045898e-01,-9.999939203262329102e-01,-9.995760917663574219e-01,-9.999873638153076172e-01
-9.999985098838806152e-01,9.999986290931701660e-01,9.999945759773254395e-01,-9.999969601631164551e-01,-9.999989867210388184e-01,9.999988675117492676e-01,-9.999947547912597656e-01,-9.999992847442626953e-01,9.999913573265075684e-01,-9.999986290931701660e-01,9.999989271163940430e-01,9.999990463256835938e-01,-9.999980330467224121e-01,-9.999984502792358398e-01,-9.999962449073791504e-01,-9.999925494194030762e-01,-9.999977350234985352e-01,9.999977350234985352e-01,-9.999926090240478516e-01,9.999992251396179199e-01,9.999989867210388184e-01,-9.999948143959045410e-01,-9.999988079071044922e-01,-9.999970793724060059e-01,-9.999909400939941406e-01,-9.999989867210388184e-01,9.999982714653015137e-01,9.999988675117492676e-01,-9.999928474426269531e-01,9.999971985816955566e-01,9.999906420707702637e-01,9.999980926513671875e-01,-9.999827742576599121e-01,-9.999946355819702148e-01,9.999980926513671875e-01,-9.999575614929199219e-01,-9.999991655349731445e-01,-9.999986290931701660e-01,-9.999790787696838379e-01,9.999989867210388184e-01,-9.999986886978149414e-01,-9.999935030937194824e-01,-9.999811649322509766e-01,-9.999991059303283691e-01,-9.999982714653015137e-01,-9.999980926513671875e-01,9.999940395355224609e-01,-9.999988079071044922e-01,-9.999987483024597168e-01,9.999986290931701660e-01,9.999990463256835938e-01,9.999987483024597168e-01,9.999988079071044922e-01,9.999937415122985840e-01,9.999988079071044922e-01,9.999981522560119629e-01,-9.999847412109375000e-01,-9.999958872795104980e-01,-9.999939799308776855e-01,-9.999983906745910645e-01,9.999985694885253906e-01,-9.999989271163940430e-01,-9.999984502792358398e-01,-9.999960064888000488e-01,9.999931454658508301e-01,9.999989867210388184e-01,9.999992847442626953e-01,9.999954104423522949e-01,9.999991059303283691e-01,-9.999982118606567383e-01,9.999989867210388184e-01,-9.999944567680358887e-01,9.999961853027343750e-01,9.999943375587463379e-01,9.999878406524658203e-01,9.999986290931701660e-01,-9.999911189079284668e-01,-9.999989271163940430e-01,9.999926686286926270e-01,9.999955296516418457e-01,-9.999939203262329102e-01,-9.999977350234985352e-01,9.999989271163940430e-01,-9.999982714653015137e-01,9.999984502792358398e-01,9.999814629554748535e-01,9.999712109565734863e-01,-9.999990463256835938e-01,-9.999935626983642578e-01,-9.999934434890747070e-01,9.999926686286926270e-01,-9.999985098838806152e-01,9.999877214431762695e-01,9.999974370002746582e-01,-9.999971389770507812e-01,9.999980330467224121e-01,9.999876022338867188e-01,-9.999990463256835938e-01,9.999988675117492676e-01,-9.999975562095642090e-01,9.999972581863403320e-01,-9.999990463256835938e-01,-9.999633431434631348e-01,-9.999639391899108887e-01,-9.999988675117492676e-01,-9.999953508377075195e-01,9.999817609786987305e-01,9.999985694885253906e-01,9.999949336051940918e-01,-9.999986290931701660e-01,9.999987483024597168e-01,-9.999973773956298828e-01,9.999981522560119629e-01,9.999107122421264648e-01,-9.999991655349731445e-01,9.999967813491821289e-01,-9.999992251396179199e-01,9.999980926513671875e-01,9.999959468841552734e-01,9.999959468841552734e-01,9.999983310699462891e-01,-9.999970793724060059e-01,-9.999973773956298828e-01,9.999969005584716797e-01,9.999919533729553223e-01,9.999946355819702148e-01,9.996328949928283691e-01,9.999890327453613281e-01
-9.999937415122985840e-01,9.999945759773254395e-01,9.999784231185913086e-01,-9.999883770942687988e-01,-9.999959468841552734e-01,9.999954700469970703e-01,-9.999790191650390625e-01,-9.999965429306030273e-01,9.999656677246093750e-01,-9.999946951866149902e-01,9.999956488609313965e-01,9.999960064888000488e-01,-9.999920129776000977e-01,-9.999940395355224609e-01,-9.999852180480957031e-01,-9.999704360961914062e-01,-9.999911785125732422e-01,9.999911785125732422e-01,-9.999701976776123047e-01,9.999966025352478027e-01,9.999959468841552734e-01,-9.999794363975524902e-01,-9.999949336051940918e-01,-9.999882578849792480e-01,-9.999640583992004395e-01,-9.999959468841552734e-01,9.999932646751403809e-01,9.999956488609313965e-01,-9.999719262123107910e-01,9.999889135360717773e-01,9.999628067016601562e-01,9.999925494194030762e-01,-9.999311566352844238e-01,-9.999786019325256348e-01,9.999925494194030762e-01,-9.998311996459960938e-01,-9.999961256980895996e-01,-9.999945759773254395e-01,-9.999166727066040039e-01,9.999959468841552734e-01,-9.999949336051940918e-01,-9.999740719795227051e-01,-9.999250173568725586e-01,-9.999961256980895996e-01,-9.999933242797851562e-01,-9.999921321868896484e-01,9.999762773513793945e-01,-9.999954700469970703e-01,-9.999948740005493164e-01,9.999945759773254395e-01,9.999958872795104980e-01,9.999950528144836426e-01,9.999952912330627441e-01,9.999747872352600098e-01,9.999951124191284180e-01,9.999927878379821777e-01,-9.999386072158813477e-01,-9.999836087226867676e-01,-9.999760985374450684e-01,-9.999936819076538086e-01,9.999940395355224609e-01,-9.999958872795104980e-01,-9.999939799308776855e-01,-9.999843239784240723e-01,9.999724626541137695e-01,9.999959468841552734e-01,9.999966025352478027e-01,9.999820590019226074e-01,9.999962449073791504e-01,-9.999930858612060547e-01,9.999958276748657227e-01,-9.999781250953674316e-01,9.999850988388061523e-01,9.999776482582092285e-01,9.999515414237976074e-01,9.999945759773254395e-01,-9.999643564224243164e-01,-9.999955296516418457e-01,9.999708533287048340e-01,9.999819397926330566e-01,-9.999753832817077637e-01,-9.999911189079284668e-01,9.999957084655761719e-01,-9.999932646751403809e-01,9.999939203262329102e-01,9.999261498451232910e-01,9.998852610588073730e-01,-9.999960660934448242e-01,-9.999743103981018066e-01,-9.999740123748779297e-01,9.999708533287048340e-01,-9.999940395355224609e-01,9.999513030052185059e-01,9.999897480010986328e-01,-9.999886751174926758e-01,9.999927878379821777e-01,9.999505877494812012e-01,-9.999963045120239258e-01,9.999957084655761719e-01,-9.999904632568359375e-01,9.999892115592956543e-01,-9.999958872795104980e-01,-9.998542070388793945e-01,-9.998562932014465332e-01,-9.999953508377075195e-01,-9.999811649322509766e-01,9.999275207519531250e-01,9.999944567680358887e-01,9.999794363975524902e-01,-9.999946951866149902e-01,9.999948740005493164e-01,-9.999898672103881836e-01,9.999930858612060547e-01,9.996448159217834473e-01,-9.999962449073791504e-01,9.999870657920837402e-01,-9.999964237213134766e-01,9.999921321868896484e-01,9.999835491180419922e-01,9.999837279319763184e-01,9.999935626983642578e-01,-9.999886155128479004e-01,-9.999899864196777344e-01,9.999877810478210449e-01,9.999681711196899414e-01,9.999787807464599609e-01,9.985407590866088867e-01,9.999563694000244141e-01
9.999965429306030273e-01,-9.999969601631164551e-01,-9.999883770942687988e-01,9.999937415122985840e-01,9.999977350234985352e-01,-9.999974370002746582e-01,9.999887943267822266e-01,9.999980926513671875e-01,-9.999814629554748535e-01,9.999970197677612305e-01,-9.999975562095642090e-01,-9.999978542327880859e-01,9.999956488609313965e-01,9.999967217445373535e-01,9.999919533729553223e-01,9.999839663505554199e-01,9.999952316284179688e-01,-9.999951720237731934e-01,9.999838471412658691e-01,-9.999981522560119629e-01,-9.999977350234985352e-01,9.999888539314270020e-01,9.999972581863403320e-01,9.999936223030090332e-01,9.999806284904479980e-01,9.999977946281433105e-01,-9.999963045120239258e-01,-9.999975562095642090e-01,9.999848604202270508e-01,-9.999940395355224609e-01,-9.999799132347106934e-01,-9.999960064888000488e-01,9.999628067016601562e-01,9.999884963035583496e-01,-9.999960064888000488e-01,9.999089837074279785e-01,9.999979734420776367e-01,9.999969601631164551e-01,9.999550580978393555e-01,-9.999977350234985352e-01,9.999971389770507812e-01,9.999859929084777832e-01,9.999595284461975098e-01,9.999978542327880859e-01,9.999963045120239258e-01,9.999958276748657227e-01,-9.999871253967285156e-01,9.999974966049194336e-01,9.999971985816955566e-01,-9.999969601631164551e-01,-9.999977350234985352e-01,-9.999973177909851074e-01,-9.999973177909851074e-01,-9.999864101409912109e-01,-9.999973177909851074e-01,-9.999960660934448242e-01,9.999669194221496582e-01,9.999911785125732422e-01,9.999870061874389648e-01,9.999965429306030273e-01,-9.999966621398925781e-01,9.999976754188537598e-01,9.999967217445373535e-01,9.999914765357971191e-01,-9.999850988388061523e-01,-9.999977350234985352e-01,-9.999980926513671875e-01,-9.999902844429016113e-01,-9.999978542327880859e-01,9.999962449073791504e-01,-9.999976754188537598e-01,9.999881982803344727e-01,-9.999918937683105469e-01,-9.999879002571105957e-01,-9.999738335609436035e-01,-9.999970197677612305e-01,9.999808073043823242e-01,9.999975562095642090e-01,-9.999842643737792969e-01,-9.999902248382568359e-01,9.999866485595703125e-01,9.999952316284179688e-01,-9.999976158142089844e-01,9.999961853027343750e-01,-9.999966025352478027e-01,-9.999601244926452637e-01,-9.999382495880126953e-01,9.999979138374328613e-01,9.999862313270568848e-01,9.999859929084777832e-01,-9.999841451644897461e-01,9.999967813491821289e-01,-9.999737143516540527e-01,-9.999944567680358887e-01,9.999938011169433594e-01,-9.999960660934448242e-01,-9.999734163284301758e-01,9.999980330467224121e-01,-9.999975562095642090e-01,9.999948740005493164e-01,-9.999942779541015625e-01,9.999978542327880859e-01,9.999213218688964844e-01,9.999225139617919922e-01,9.999974370002746582e-01,9.999898672103881836e-01,-9.999608993530273438e-01,-9.999969005584716797e-01,-9.999888539314270020e-01,9.999970793724060059e-01,-9.999971389770507812e-01,9.999945163726806641e-01,-9.999961256980895996e-01,-9.998086094856262207e-01,9.999979138374328613e-01,-9.999929666519165039e-01,9.999979734420776367e-01,-9.999958276748657227e-01,-9.999911189079284668e-01,-9.999911785125732422e-01,-9.999964833259582520e-01,9.999938607215881348e-01,9.999945163726806641e-01,-9.999934434890747070e-01,-9.999827742576599121e-01,-9.999885559082031250e-01,-9.992131590843200684e-01,-9.999765157699584961e-01
9.999988675117492676e-01,-9.999989867210388184e-01,-9.999959468841552734e-01,9.999977350234985352e-01,9.999993443489074707e-01,-9.999991655349731445e-01,9.999960064888000488e-01,9.999995231628417969e-01,-9.999934434890747070e-01,9.999989271163940430e-01,-9.999992847442626953e-01,-9.999993443489074707e-01,9.999985098838806152e-01,9.999988675117492676e-01,9.999970793724060059e-01,9.999943375587463379e-01,9.999983310699462891e-01,-9.999982714653015137e-01,9.999942779541015625e-01,-9.999994635581970215e-01,-9.999993443489074707e-01,9.999960660934448242e-01,9.999990463256835938e-01,9.999977350234985352e-01,9.999930262565612793e-01,9.999993443489074707e-01,-9.999987483024597168e-01,-9.999992847442626953e-01,9.999945759773254395e-01,-9.999979734420776367e-01,-9.999929070472717285e-01,-9.999986290931701660e-01,9.999866485595703125e-01,9.999958872795104980e-01,-9.999986290931701660e-01,9.999672770500183105e-01,9.999994039535522461e-01,9.999989867210388184e-01,9.999839663505554199e-01,-9.999993443489074707e-01,9.999990463256835938e-01,9.999950528144836426e-01,9.999855756759643555e-01,9.999992847442626953e-01,9.999988079071044922e-01,9.999985694885253906e-01,-9.999954104423522949e-01,9.999991655349731445e-01,9.999991059303283691e-01,-9.999989867210388184e-01,-9.999992847442626953e-01,-9.999991059303283691e-01,-9.999991059303283691e-01,-9.999951720237731934e-01,-9.999992251396179199e-01,-9.999986886978149414e-01,9.999881982803344727e-01,9.999968409538269043e-01,9.999954104423522949e-01,9.999988079071044922e-01,-9.999988675117492676e-01,9.999993443489074707e-01,9.999988079071044922e-01,9.999969005584716797e-01,-9.999948143959045410e-01,-9.999993443489074707e-01,-9.999994635581970215e-01,-9.999964833259582520e-01,-9.999992847442626953e-01,9.999987483024597168e-01,-9.999993443489074707e-01,9.999958276748657227e-01,-9.999969601631164551e-01,-9.999957680702209473e-01,-9.999907016754150391e-01,-9.999989867210388184e-01,9.999932050704956055e-01,9.999992847442626953e-01,-9.999944567680358887e-01,-9.999965429306030273e-01,9.999952912330627441e-01,9.999983310699462891e-01,-9.999992847442626953e-01,9.999987483024597168e-01,-9.999988079071044922e-01,-9.999856948852539062e-01,-9.999778270721435547e-01,9.999993443489074707e-01,9.999951124191284180e-01,9.999950528144836426e-01,-9.999943971633911133e-01,9.999989271163940430e-01,-9.999905824661254883e-01,-9.999980926513671875e-01,9.999977946281433105e-01,-9.999985694885253906e-01,-9.999905228614807129e-01,9.999993443489074707e-01,-9.999991655349731445e-01,9.999982118606567383e-01,-9.999978542327880859e-01,9.999992847442626953e-01,9.999718666076660156e-01,9.999722242355346680e-01,9.999992251396179199e-01,9.999964237213134766e-01,-9.999859929084777832e-01,-9.999989867210388184e-01,-9.999959468841552734e-01,9.999990463256835938e-01,-9.999991059303283691e-01,9.999979734420776367e-01,-9.999986290931701660e-01,-9.999310374259948730e-01,9.999993443489074707e-01,-9.999975562095642090e-01,9.999994039535522461e-01,-9.999985098838806152e-01,-9.999968409538269043e-01,-9.999969005584716797e-01,-9.999988079071044922e-01,9.999979138374328613e-01,9.999981522560119629e-01,-9.999976754188537598e-01,-9.999939203262329102e-01,-9.999959468841552734e-01,-9.997165799140930176e-01,-9.999915957450866699e-01
-9.999985694885253906e-01,9.999988675117492676e-01,9.999954700469970703e-01,-9.999974370002746582e-01,-9.999991655349731445e-01,9.999991059303283691e-01,-9.999956488609313965e-01,-9.999992847442626953e-01,9.999928474426269531e-01,-9.999988079071044922e-01,9.999991059303283691e-01,9.999992251396179199e-01,-9.999982714653015137e-01,-9.999987483024597168e-01,-9.999967813491821289e-01,-9.999938011169433594e-01,-9.999980330467224121e-01,9.999981522560119629e-01,-9.999937415122985840e-01,9.999992251396179199e-01,9.999992251396179199e-01,-9.999956488609313965e-01,-9.999988675117492676e-01,-9.999974966049194336e-01,-9.999924302101135254e-01,-9.999992847442626953e-01,9.999985694885253906e-01,9.999990463256835938e-01,-9.999940395355224609e-01,9.999976754188537598e-01,9.999922513961791992e-01,9.999983310699462891e-01,-9.999856352806091309e-01,-9.999955296516418457e-01,9.999983906745910645e-01,-9.999646544456481934e-01,-9.999992251396179199e-01,-9.999988079071044922e-01,-9.999826550483703613e-01,9.999991655349731445e-01,-9.999988675117492676e-01,-9.999945163726806641e-01,-9.999842643737792969e-01,-9.999991655349731445e-01,-9.999985694885253906e-01,-9.999982118606567383e-01,9.999949932098388672e-01,-9.999991059303283691e-01,-9.999989271163940430e-01,9.999988079071044922e-01,9.999991655349731445e-01,9.999989271163940430e-01,9.999990463256835938e-01,9.999947547912597656e-01,9.999988675117492676e-01,9.999984502792358398e-01,-9.999871850013732910e-01,-9.999965429306030273e-01,-9.999949336051940918e-01,-9.999986290931701660e-01,9.999986886978149414e-01,-9.999991059303283691e-01,-9.999987483024597168e-01,-9.999966621398925781e-01,9.999941587448120117e-01,9.999991059303283691e-01,9.999992847442626953e-01,9.999960660934448242e-01,9.999991655349731445e-01,-9.999985098838806152e-01,9.999991655349731445e-01,-9.999953508377075195e-01,9.999967217445373535e-01,9.999952912330627441e-01,9.999898076057434082e-01,9.999988675117492676e-01,-9.999925494194030762e-01,-9.999991059303283691e-01,9.999939203262329102e-01,9.999961256980895996e-01,-9.999948740005493164e-01,-9.999980926513671875e-01,9.999990463256835938e-01,-9.999985098838806152e-01,9.999986290931701660e-01,9.999845027923583984e-01,9.999760985374450684e-01,-9.999991059303283691e-01,-9.999946355819702148e-01,-9.999945759773254395e-01,9.999938011169433594e-01,-9.999986886978149414e-01,9.999897480010986328e-01,9.999977946281433105e-01,-9.999975562095642090e-01,9.999983906745910645e-01,9.999896287918090820e-01,-9.999991655349731445e-01,9.999991059303283691e-01,-9.999979734420776367e-01,9.999976158142089844e-01,-9.999992251396179199e-01,-9.999694824218750000e-01,-9.999700188636779785e-01,-9.999990463256835938e-01,-9.999958872795104980e-01,9.999849200248718262e-01,9.999987483024597168e-01,9.999956488609313965e-01,-9.999988079071044922e-01,9.999988675117492676e-01,-9.999977946281433105e-01,9.999984502792358398e-01,9.999257326126098633e-01,-9.999991655349731445e-01,9.999973177909851074e-01,-9.999992847442626953e-01,9.999983310699462891e-01,9.999964833259582520e-01,9.999964833259582520e-01,9.999986290931701660e-01,-9.999976158142089844e-01,-9.999977350234985352e-01,9.999974370002746582e-01,9.999933242797851562e-01,9.999955892562866211e-01,9.996948242187500000e-01,9.999908208847045898e-01
9.999939203262329102e-01,-9.999947547912597656e-01,-9.999790191650390625e-01,9.999887943267822266e-01,9.999960064888000488e-01,-9.999956488609313965e-01,9.999797344207763672e-01,9.999966621398925781e-01,-9.999666810035705566e-01,9.999948740005493164e-01,-9.999957680702209473e-01,-9.999962449073791504e-01,9.999921917915344238e-01,9.999942183494567871e-01,9.999856948852539062e-01,9.999711513519287109e-01,9.999914169311523438e-01,-9.999913573265075684e-01,9.999710321426391602e-01,-9.999967217445373535e-01,-9.999960660934448242e-01,9.999800920486450195e-01,9.999951124191284180e-01,9.999884963035583496e-01,9.999651908874511719e-01,9.999960660934448242e-01,-9.999935030937194824e-01,-9.999957680702209473e-01,9.999726414680480957e-01,-9.999893307685852051e-01,-9.999638795852661133e-01,-9.999928474426269531e-01,9.999332427978515625e-01,9.999792575836181641e-01,-9.999928474426269531e-01,9.998362064361572266e-01,9.999963045120239258e-01,9.999947547912597656e-01,9.999191164970397949e-01,-9.999960660934448242e-01,9.999950528144836426e-01,9.999747872352600098e-01,9.999272823333740234e-01,9.999962449073791504e-01,9.999935030937194824e-01,9.999923706054687500e-01,-9.999768733978271484e-01,9.999955296516418457e-01,9.999949932098388672e-01,-9.999947547912597656e-01,-9.999959468841552734e-01,-9.999953508377075195e-01,-9.999954104423522949e-01,-9.999756217002868652e-01,-9.999952912330627441e-01,-9.999930858612060547e-01,9.999405145645141602e-01,9.999840855598449707e-01,9.999766349792480469e-01,9.999938607215881348e-01,-9.999940991401672363e-01,9.999960064888000488e-01,9.999941587448120117e-01,9.999848008155822754e-01,-9.999732971191406250e-01,-9.999960660934448242e-01,-9.999967217445373535e-01,-9.999825954437255859e-01,-9.999963641166687012e-01,9.999933242797851562e-01,-9.999959468841552734e-01,9.999787807464599609e-01,-9.999855160713195801e-01,-9.999782443046569824e-01,-9.999529719352722168e-01,-9.999947547912597656e-01,9.999654293060302734e-01,9.999957084655761719e-01,-9.999716877937316895e-01,-9.999824762344360352e-01,9.999762177467346191e-01,9.999914765357971191e-01,-9.999958276748657227e-01,9.999934434890747070e-01,-9.999940991401672363e-01,-9.999282956123352051e-01,-9.998885989189147949e-01,9.999961853027343750e-01,9.999751448631286621e-01,9.999748468399047852e-01,-9.999716877937316895e-01,9.999943375587463379e-01,-9.999526739120483398e-01,-9.999901056289672852e-01,9.999890327453613281e-01,-9.999929666519165039e-01,-9.999521374702453613e-01,9.999964237213134766e-01,-9.999957680702209473e-01,9.999908208847045898e-01,-9.999895691871643066e-01,9.999961256980895996e-01,9.998586177825927734e-01,9.998605847358703613e-01,9.999955296516418457e-01,9.999817013740539551e-01,-9.999297261238098145e-01,-9.999946355819702148e-01,-9.999800324440002441e-01,9.999948740005493164e-01,-9.999950528144836426e-01,9.999901652336120605e-01,-9.999933242797851562e-01,-9.996553063392639160e-01,9.999964833259582520e-01,-9.999874234199523926e-01,9.999964237213134766e-01,-9.999923706054687500e-01,-9.999840855598449707e-01,-9.999842643737792969e-01,-9.999938607215881348e-01,9.999890327453613281e-01,9.999902844429016113e-01,-9.999881386756896973e-01,-9.999691247940063477e-01,-9.999794960021972656e-01,-9.985838532447814941e-01,-9.999576210975646973e-01
9.999989867210388184e-01,-9.999992847442626953e-01,-9.999965429306030273e-01,9.999980926513671875e-01,9.999995231628417969e-01,-9.999992847442626953e-01,9.999966621398925781e-01,9.999995231628417969e-01,-9.999944567680358887e-01,9.999991655349731445e-01,-9.999993443489074707e-01,-9.999994635581970215e-01,9.999987483024597168e-01,9.999991655349731445e-01,9.999975562095642090e-01,9.999952316284179688e-01,9.999986290931701660e-01,-9.999985694885253906e-01,9.999952316284179688e-01,-9.999994635581970215e-01,-9.999994039535522461e-01,9.999966621398925781e-01,9.999993443489074707e-01,9.999981522560119629e-01,9.999942183494567871e-01,9.999994635581970215e-01,-9.999989867210388184e-01,-9.999993443489074707e-01,9.999954700469970703e-01,-9.999982714653015137e-01,-9.999940991401672363e-01,-9.999988079071044922e-01,9.999890327453613281e-01,9.999966025352478027e-01,-9.999988675117492676e-01,9.999728202819824219e-01,9.999994039535522461e-01,9.999992847442626953e-01,9.999867081642150879e-01,-9.999994635581970215e-01,9.999992251396179199e-01,9.999958276748657227e-01,9.999880194664001465e-01,9.999994039535522461e-01,9.999989867210388184e-01,9.999988079071044922e-01,-9.999961256980895996e-01,9.999992847442626953e-01,9.999992251396179199e-01,-9.999992847442626953e-01,-9.999995231628417969e-01,-9.999992251396179199e-01,-9.999993443489074707e-01,-9.999960660934448242e-01,-9.999992251396179199e-01,-9.999988079071044922e-01,9.999901652336120605e-01,9.999973177909851074e-01,9.999960660934448242e-01,9.999989867210388184e-01,-9.999990463256835938e-01,9.999994039535522461e-01,9.999990463256835938e-01,9.999974966049194336e-01,-9.999955296516418457e-01,-9.999994635581970215e-01,-9.999995231628417969e-01,-9.999970793724060059e-01,-9.999994039535522461e-01,9.999989271163940430e-01,-9.999994039535522461e-01,9.999964237213134766e-01,-9.999974966049194336e-01,-9.999964237213134766e-01,-9.999921917915344238e-01,-9.999991655349731445e-01,9.999943375587463379e-01,9.999994039535522461e-01,-9.999953508377075195e-01,-9.999971389770507812e-01,9.999960660934448242e-01,9.999986290931701660e-01,-9.999993443489074707e-01,9.999989867210388184e-01,-9.999990463256835938e-01,-9.999881386756896973e-01,-9.999815821647644043e-01,9.999994039535522461e-01,9.999960064888000488e-01,9.999958872795104980e-01,-9.999953508377075195e-01,9.999991059303283691e-01,-9.999921917915344238e-01,-9.999983310699462891e-01,9.999981522560119629e-01,-9.999988079071044922e-01,-9.999920725822448730e-01,9.999994635581970215e-01,-9.999993443489074707e-01,9.999985098838806152e-01,-9.999983310699462891e-01,9.999994039535522461e-01,9.999765157699584961e-01,9.999769330024719238e-01,9.999993443489074707e-01,9.999969005584716797e-01,-9.999883174896240234e-01,-9.999991655349731445e-01,-9.999967217445373535e-01,9.999991655349731445e-01,-9.999992251396179199e-01,9.999983310699462891e-01,-9.999988675117492676e-01,-9.999427199363708496e-01,9.999994635581970215e-01,-9.999979734420776367e-01,9.999995231628417969e-01,-9.999988079071044922e-01,-9.999973773956298828e-01,-9.999973177909851074e-01,-9.999989867210388184e-01,9.999981522560119629e-01,9.999984502792358398e-01,-9.999979734420776367e-01,-9.999948740005493164e-01,-9.999966025352478027e-01,-9.997645020484924316e-01,-9.999929666519165039e-01
-9.999900460243225098e-01,9.999913573265075684e-01,9.999656677246093750e-01,-9.999814629554748535e-01,-9.999934434890747070e-01,9.999928474426269531e-01,-9.999666810035705566e-01,-9.999944567680358887e-01,9.999453425407409668e-01,-9.999914765357971191e-01,9.999929666519165039e-01,9.999937415122985840e-01,-9.999873042106628418e-01,-9.999905228614807129e-01,-9.999765753746032715e-01,-9.999527335166931152e-01,-9.999859333038330078e-01,9.999858736991882324e-01,-9.999524950981140137e-01,9.999946951866149902e-01,9.999935626983642578e-01,-9.999672770500183105e-01,-9.999919533729553223e-01,-9.999812245368957520e-01,-9.999430775642395020e-01,-9.999935030937194824e-01,9.999892711639404297e-01,9.999930262565612793e-01,-9.999552965164184570e-01,9.999824166297912598e-01,9.999408721923828125e-01,9.999881386756896973e-01,-9.998906850814819336e-01,-9.999659657478332520e-01,9.999882578849792480e-01,-9.997318983078002930e-01,-9.999939203262329102e-01,-9.999913573265075684e-01,-9.998677372932434082e-01,9.999934434890747070e-01,-9.999918937683105469e-01,-9.999586343765258789e-01,-9.998809099197387695e-01,-9.999939203262329102e-01,-9.999893307685852051e-01,-9.999875426292419434e-01,9.999621510505676270e-01,-9.999927282333374023e-01,-9.999918341636657715e-01,9.999913573265075684e-01,9.999932050704956055e-01,9.999922513961791992e-01,9.999924898147583008e-01,9.999598860740661621e-01,9.999921321868896484e-01,9.999884963035583496e-01,-9.999025464057922363e-01,-9.999738931655883789e-01,-9.999617934226989746e-01,-9.999899268150329590e-01,9.999903440475463867e-01,-9.999934434890747070e-01,-9.999903440475463867e-01,-9.999750852584838867e-01,9.999560117721557617e-01,9.999934434890747070e-01,9.999945163726806641e-01,9.999715089797973633e-01,9.999940395355224609e-01,-9.999890327453613281e-01,9.999933242797851562e-01,-9.999650120735168457e-01,9.999762773513793945e-01,9.999644160270690918e-01,9.999230504035949707e-01,9.999914169311523438e-01,-9.999432563781738281e-01,-9.999929666519165039e-01,9.999536275863647461e-01,9.999712109565734863e-01,-9.999608397483825684e-01,-9.999859333038330078e-01,9.999931454658508301e-01,-9.999892711639404297e-01,9.999903440475463867e-01,9.998826980590820312e-01,9.998178482055664062e-01,-9.999938607215881348e-01,-9.999591112136840820e-01,-9.999585747718811035e-01,9.999536275863647461e-01,-9.999905824661254883e-01,9.999226927757263184e-01,9.999836683273315430e-01,-9.999819993972778320e-01,9.999884963035583496e-01,9.999214410781860352e-01,-9.999942779541015625e-01,9.999930858612060547e-01,-9.999848008155822754e-01,9.999828338623046875e-01,-9.999936819076538086e-01,-9.997684359550476074e-01,-9.997718930244445801e-01,-9.999925494194030762e-01,-9.999699592590332031e-01,9.998849034309387207e-01,9.999911189079284668e-01,9.999672174453735352e-01,-9.999915957450866699e-01,9.999917149543762207e-01,-9.999837279319763184e-01,9.999889731407165527e-01,9.994360804557800293e-01,-9.999942779541015625e-01,9.999792575836181641e-01,-9.999941587448120117e-01,9.999874830245971680e-01,9.999738335609436035e-01,9.999741911888122559e-01,9.999897480010986328e-01,-9.999819397926330566e-01,-9.999839663505554199e-01,9.999806284904479980e-01,9.999492764472961426e-01,9.999662637710571289e-01,9.976849555969238281e-01,9.999306797981262207e-01
9.999984502792358398e-01,-9.999986290931701660e-01,-9.999946951866149902e-01,9.999970197677612305e-01,9.999989271163940430e-01,-9.999988079071044922e-01,9.999948740005493164e-01,9.999991655349731445e-01,-9.999914765357971191e-01,9.999985694885253906e-01,-9.999988675117492676e-01,-9.999989867210388184e-01,9.999979734420776367e-01,9.999985098838806152e-01,9.999961853027343750e-01,9.999926686286926270e-01,9.999977350234985352e-01,-9.999977350234985352e-01,9.999926090240478516e-01,-9.999992251396179199e-01,-9.999990463256835938e-01,9.999949336051940918e-01,9.999986886978149414e-01,9.999970197677612305e-01,9.999911189079284668e-01,9.999989867210388184e-01,-9.999983310699462891e-01,-9.999988675117492676e-01,9.999929666519165039e-01,-9.999972581863403320e-01,-9.999908208847045898e-01,-9.999981522560119629e-01,9.999830126762390137e-01,9.999947547912597656e-01,-9.999981522560119629e-01,9.999583959579467773e-01,9.999991059303283691e-01,9.999985694885253906e-01,9.999795556068420410e-01,-9.999989867210388184e-01,9.999986290931701660e-01,9.999935030937194824e-01,9.999815821647644043e-01,9.999991059303283691e-01,9.999983310699462891e-01,9.999979138374328613e-01,-9.999940991401672363e-01,9.999988079071044922e-01,9.999986886978149414e-01,-9.999985694885253906e-01,-9.999989867210388184e-01,-9.999986886978149414e-01,-9.999987483024597168e-01,-9.999938011169433594e-01,-9.999987483024597168e-01,-9.999980926513671875e-01,9.999849200248718262e-01,9.999958872795104980e-01,9.999940395355224609e-01,9.999983906745910645e-01,-9.999983906745910645e-01,9.999989271163940430e-01,9.999983906745910645e-01,9.999960660934448242e-01,-9.999932050704956055e-01,-9.999989867210388184e-01,-9.999991655349731445e-01,-9.999955296516418457e-01,-9.999990463256835938e-01,9.999981522560119629e-01,-9.999989271163940430e-01,9.999945759773254395e-01,-9.999961853027343750e-01,-9.999944567680358887e-01,-9.999880194664001465e-01,-9.999985694885253906e-01,9.999912381172180176e-01,9.999988675117492676e-01,-9.999928474426269531e-01,-9.999954700469970703e-01,9.999939203262329102e-01,9.999977946281433105e-01,-9.999988675117492676e-01,9.999983310699462891e-01,-9.999985098838806152e-01,-9.999818205833435059e-01,-9.999718070030212402e-01,9.999991059303283691e-01,9.999935626983642578e-01,9.999935030937194824e-01,-9.999928474426269531e-01,9.999985098838806152e-01,-9.999879598617553711e-01,-9.999974370002746582e-01,9.999971985816955566e-01,-9.999980926513671875e-01,-9.999878406524658203e-01,9.999990463256835938e-01,-9.999988675117492676e-01,9.999975562095642090e-01,-9.999973177909851074e-01,9.999991059303283691e-01,9.999640583992004395e-01,9.999645948410034180e-01,9.999988079071044922e-01,9.999952912330627441e-01,-9.999821782112121582e-01,-9.999986290931701660e-01,-9.999949336051940918e-01,9.999986886978149414e-01,-9.999986886978149414e-01,9.999974370002746582e-01,-9.999982714653015137e-01,-9.999125003814697266e-01,9.999991655349731445e-01,-9.999967217445373535e-01,9.999991655349731445e-01,-9.999980330467224121e-01,-9.999959468841552734e-01,-9.999959468841552734e-01,-9.999983906745910645e-01,9.999971389770507812e-01,9.999974370002746582e-01,-9.999968409538269043e-01,-9.999921321868896484e-01,-9.999947547912597656e-01,-9.996405839920043945e-01,-9.999892115592956543e-01
-9.999986886978149414e-01,9.999989271163940430e-01,9.999956488609313965e-01,-9.999975562095642090e-01,-9.999992847442626953e-01,9.999991059303283691e-01,-9.999957680702209473e-01,-9.999993443489074707e-01,9.999929666519165039e-01,-9.999988675117492676e-01,9.999991059303283691e-01,9.999993443489074707e-01,-9.999983310699462891e-01,-9.999988079071044922e-01,-9.999969005584716797e-01,-9.999939203262329102e-01,-9.999982714653015137e-01,9.999981522560119629e-01,-9.999939799308776855e-01,9.999993443489074707e-01,9.999992251396179199e-01,-9.999957680702209473e-01,-9.999989271163940430e-01,-9.999976158142089844e-01,-9.999926686286926270e-01,-9.999992251396179199e-01,9.999986886978149414e-01,9.999991655349731445e-01,-9.999942779541015625e-01,9.999977350234985352e-01,9.999924898147583008e-01,9.999984502792358398e-01,-9.999859333038330078e-01,-9.999955892562866211e-01,9.999985098838806152e-01,-9.999653100967407227e-01,-9.999992251396179199e-01,-9.999988675117492676e-01,-9.999830126762390137e-01,9.999991655349731445e-01,-9.999988675117492676e-01,-9.999946951866149902e-01,-9.999846816062927246e-01,-9.999992251396179199e-01,-9.999986886978149414e-01,-9.999984502792358398e-01,9.999951124191284180e-01,-9.999991059303283691e-01,-9.999989271163940430e-01,9.999988675117492676e-01,9.999992847442626953e-01,9.999990463256835938e-01,9.999990463256835938e-01,9.999949336051940918e-01,9.999990463256835938e-01,9.999985098838806152e-01,-9.999875426292419434e-01,-9.999966621398925781e-01,-9.999951124191284180e-01,-9.999987483024597168e-01,9.999988079071044922e-01,-9.999991059303283691e-01,-9.999987483024597168e-01,-9.999967217445373535e-01,9.999943971633911133e-01,9.999991655349731445e-01,9.999994039535522461e-01,9.999962449073791504e-01,9.999991655349731445e-01,-9.999985694885253906e-01,9.999992847442626953e-01,-9.999955296516418457e-01,9.999967813491821289e-01,9.999954700469970703e-01,9.999901056289672852e-01,9.999989271163940430e-01,-9.999927878379821777e-01,-9.999991059303283691e-01,9.999940395355224609e-01,9.999963641166687012e-01,-9.999949336051940918e-01,-9.999982714653015137e-01,9.999991655349731445e-01,-9.999985694885253906e-01,9.999987483024597168e-01,9.999849200248718262e-01,9.999766349792480469e-01,-9.999993443489074707e-01,-9.999947547912597656e-01,-9.999947547912597656e-01,9.999940395355224609e-01,-9.999988675117492676e-01,9.999900460243225098e-01,9.999979138374328613e-01,-9.999976754188537598e-01,9.999985098838806152e-01,9.999899864196777344e-01,-9.999992251396179199e-01,9.999991655349731445e-01,-9.999980330467224121e-01,9.999977350234985352e-01,-9.999992251396179199e-01,-9.999701380729675293e-01,-9.999706745147705078e-01,-9.999991059303283691e-01,-9.999960660934448242e-01,9.999851584434509277e-01,9.999988675117492676e-01,9.999957680702209473e-01,-9.999989867210388184e-01,9.999989867210388184e-01,-9.999978542327880859e-01,9.999984502792358398e-01,9.999271035194396973e-01,-9.999992847442626953e-01,9.999973773956298828e-01,-9.999993443489074707e-01,9.999983310699462891e-01,9.999965429306030273e-01,9.999966025352478027e-01,9.999986886978149414e-01,-9.999977946281433105e-01,-9.999978542327880859e-01,9.999974370002746582e-01,9.999934434890747070e-01,9.999957084655761719e-01,9.997006058692932129e-01,9.999910593032836914e-01
-9.999988675117492676e-01,9.999990463256835938e-01,9.999960064888000488e-01,-9.999978542327880859e-01,-9.999993443489074707e-01,9.999992251396179199e-01,-9.999962449073791504e-01,-9.999994635581970215e-01,9.999937415122985840e-01,-9.999989867210388184e-01,9.999993443489074707e-01,9.999992847442626953e-01,-9.999985694885253906e-01,-9.999989867210388184e-01,-9.999972581863403320e-01,-9.999945759773254395e-01,-9.999983310699462891e-01,9.999983906745910645e-01,-9.999946355819702148e-01,9.999994039535522461e-01,9.999992847442626953e-01,-9.999961853027343750e-01,-9.999991059303283691e-01,-9.999978542327880859e-01,-9.999934434890747070e-01,-9.999993443489074707e-01,9.999987483024597168e-01,9.999992251396179199e-01,-9.999948740005493164e-01,9.999980330467224121e-01,9.999933242797851562e-01,9.999986290931701660e-01,-9.999874234199523926e-01,-9.999960064888000488e-01,9.999986886978149414e-01,-9.999691843986511230e-01,-9.999993443489074707e-01,-9.999990463256835938e-01,-9.999848008155822754e-01,9.999992847442626953e-01,-9.999992251396179199e-01,-9.999952316284179688e-01,-9.999863505363464355e-01,-9.999993443489074707e-01,-9.999988079071044922e-01,-9.999986290931701660e-01,9.999955892562866211e-01,-9.999992251396179199e-01,-9.999992251396179199e-01,9.999990463256835938e-01,9.999993443489074707e-01,9.999991655349731445e-01,9.999991655349731445e-01,9.999954700469970703e-01,9.999992251396179199e-01,9.999986886978149414e-01,-9.999889731407165527e-01,-9.999970197677612305e-01,-9.999955892562866211e-01,-9.999988079071044922e-01,9.999989271163940430e-01,-9.999992251396179199e-01,-9.999988675117492676e-01,-9.999971985816955566e-01,9.999950528144836426e-01,9.999993443489074707e-01,9.999994635581970215e-01,9.999966025352478027e-01,9.999993443489074707e-01,-9.999987483024597168e-01,9.999992847442626953e-01,-9.999960660934448242e-01,9.999972581863403320e-01,9.999959468841552734e-01,9.999912381172180176e-01,9.999990463256835938e-01,-9.999935030937194824e-01,-9.999992847442626953e-01,9.999946951866149902e-01,9.999967217445373535e-01,-9.999955296516418457e-01,-9.999984502792358398e-01,9.999992251396179199e-01,-9.999987483024597168e-01,9.999988675117492676e-01,9.999865293502807617e-01,9.999791383743286133e-01,-9.999993443489074707e-01,-9.999953508377075195e-01,-9.999952316284179688e-01,9.999946951866149902e-01,-9.999989271163940430e-01,9.999911189079284668e-01,9.999982118606567383e-01,-9.999979138374328613e-01,9.999986290931701660e-01,9.999910593032836914e-01,-9.999993443489074707e-01,9.999993443489074707e-01,-9.999982118606567383e-01,9.999980926513671875e-01,-9.999993443489074707e-01,-9.999734759330749512e-01,-9.999738931655883789e-01,-9.999991655349731445e-01,-9.999964833259582520e-01,9.999867677688598633e-01,9.999990463256835938e-01,9.999961853027343750e-01,-9.999991059303283691e-01,9.999992251396179199e-01,-9.999980926513671875e-01,9.999987483024597168e-01,9.999350309371948242e-01,-9.999993443489074707e-01,9.999977350234985352e-01,-9.999994635581970215e-01,9.999986290931701660e-01,9.999970197677612305e-01,9.999970197677612305e-01,9.999988079071044922e-01,-9.999979734420776367e-01,-9.999981522560119629e-01,9.999977350234985352e-01,9.999941587448120117e-01,9.999960660934448242e-01,9.997331500053405762e-01,9.999920725822448730e-01
