3.760124742984771729e-01,-1.579914242029190063e-02,2.117615640163421631e-01,-2.694952189922332764e-01,2.679165601730346680e-01,-3.298408687114715576e-01,4.080223292112350464e-02,3.063404262065887451e-01,-5.483781173825263977e-02,-1.115642637014389038e-01,-1.784266233444213867e-01,-1.166615337133407593e-01,-2.457751929759979248e-01,-1.213316544890403748e-01,-1.067015007138252258e-01,9.680932760238647461e-02,1.291059795767068863e-02,-1.241438016295433044e-01,2.111451178789138794e-01,-4.114275425672531128e-02,-6.584243476390838623e-02,-3.170227110385894775e-01,-2.758935391902923584e-01,2.105625718832015991e-01,6.213297136127948761e-03,9.088622033596038818e-02,9.843638539314270020e-02,-2.899280786514282227e-01,-7.165460288524627686e-02,-8.153830468654632568e-02,-1.617955118417739868e-01,5.207341909408569336e-02,-1.925594955682754517e-01,4.879219084978103638e-02,-1.458023674786090851e-02,7.477062940597534180e-02,-8.561064489185810089e-03,-8.532480150461196899e-02,-1.223398596048355103e-01,-1.614130139350891113e-01,-4.595406819134950638e-03,5.879539623856544495e-02,-2.468931823968887329e-01,-5.334620177745819092e-02,3.020913340151309967e-02,3.031289279460906982e-01,1.516522318124771118e-01,1.320978440344333649e-02,6.172185763716697693e-02,-9.846743941307067871e-02,-2.627458870410919189e-01,-2.557673454284667969e-01,1.157257929444313049e-01,5.012688040733337402e-02,6.862993538379669189e-02,3.842888399958610535e-02,7.729791849851608276e-02,-2.414218615740537643e-03,1.737460494041442871e-01,2.408113181591033936e-01,-3.113459423184394836e-02,1.177654564380645752e-01,-9.757297113537788391e-03,2.449030429124832153e-01,1.209561005234718323e-01,1.703945174813270569e-02,-3.530641496181488037e-01,1.142447069287300110e-02,9.079116582870483398e-02,3.134846389293670654e-01,-7.666386663913726807e-02,2.643082439899444580e-01,-3.356524556875228882e-02,-1.372615098953247070e-01,-8.465003222227096558e-02,1.908246800303459167e-02,1.302725053392350674e-03,-1.063369214534759521e-01,1.855945736169815063e-01,5.272541940212249756e-02,-6.021168455481529236e-02,-4.933034506393596530e-05,-6.128199398517608643e-02,-5.473061930388212204e-03,-1.448573619127273560e-01,1.778552979230880737e-01,1.866241693496704102e-01,9.247731650248169899e-04,-1.590240001678466797e-01,4.719456657767295837e-02,-7.899919897317886353e-02,3.146045804023742676e-01,2.065152823925018311e-01,-1.143065765500068665e-01,3.246247395873069763e-02,-3.357338011264801025e-01,-1.247753575444221497e-01,-5.467178198159672320e-06,-6.043896451592445374e-02,-3.248037770390510559e-02,-2.721178531646728516e-01,2.586580216884613037e-01,7.509472966194152832e-02,-4.738671705126762390e-04,-2.109348475933074951e-01,1.322494596242904663e-01,2.625628411769866943e-01,2.593824565410614014e-01,-3.857614994049072266e-01,8.600668981671333313e-03,-9.355327486991882324e-02,2.605356872081756592e-01,1.308496296405792236e-01,4.440501704812049866e-02,-7.812270522117614746e-02,1.006748974323272705e-01,2.231760472059249878e-01,-2.017515897750854492e-01,-2.877057902514934540e-02,-1.627518683671951294e-01,-2.442798763513565063e-01,-3.122009150683879852e-02,2.216105349361896515e-02,3.299821615219116211e-01,-7.587146759033203125e-02,2.344726771116256714e-01,5.456099659204483032e-02,-4.451396316289901733e-02
-1.579914242029190063e-02,1.075501274317502975e-02,-8.599240332841873169e-02,7.531031966209411621e-02,3.480720147490501404e-02,9.470678865909576416e-03,-1.718145236372947693e-02,2.979377098381519318e-02,6.958988308906555176e-02,5.225676298141479492e-02,-1.330096460878849030e-02,-3.125683590769767761e-02,7.695711404085159302e-02,6.131104379892349243e-02,7.658461481332778931e-02,7.721281796693801880e-02,-2.266988391056656837e-03,7.280837744474411011e-02,-8.286093175411224365e-02,-4.202873632311820984e-02,-4.935305193066596985e-02,6.266669929027557373e-02,5.964965745806694031e-02,-3.295940533280372620e-02,1.317913644015789032e-02,6.994055956602096558e-02,-6.631334871053695679e-02,-3.095196373760700226e-02,7.121320068836212158e-02,-2.639516722410917282e-03,8.512084372341632843e-03,-8.967585861682891846e-02,6.222596764564514160e-02,4.284198582172393799e-02,-1.380985602736473083e-03,-8.660424500703811646e-02,6.337484717369079590e-02,8.005388081073760986e-02,-6.584203988313674927e-02,-5.048279836773872375e-02,8.433723449707031250e-02,1.133320573717355728e-02,8.251310884952545166e-02,2.855451777577400208e-02,-2.584056556224822998e-02,-6.098723784089088440e-02,-8.538911491632461548e-02,-2.691896446049213409e-02,7.113787811249494553e-03,2.882120199501514435e-02,1.151051837950944901e-02,2.522984892129898071e-02,4.852953553199768066e-02,-8.528946898877620697e-03,-1.370421703904867172e-02,-8.781909942626953125e-02,3.616656363010406494e-02,3.552951151505112648e-03,-7.405491918325424194e-02,-6.963312625885009766e-02,-1.002615876495838165e-02,-1.522898953408002853e-02,2.549414290115237236e-03,9.836375713348388672e-03,8.452755399048328400e-03,-3.061979450285434723e-02,5.489177629351615906e-02,8.422863483428955078e-02,-8.201286196708679199e-02,1.666350290179252625e-02,-7.149367034435272217e-02,-1.549595128744840622e-02,-1.919502951204776764e-02,8.007693290710449219e-02,-4.162508621811866760e-02,-8.765807002782821655e-02,-2.835912455338984728e-04,8.164858072996139526e-02,-4.824628308415412903e-02,-7.438873499631881714e-02,8.513436466455459595e-02,5.846533895237371325e-05,-6.525803357362747192e-02,7.820809842087328434e-04,-7.860184460878372192e-02,-7.832937687635421753e-02,2.743449993431568146e-02,8.555193780921399593e-04,6.460203975439071655e-02,5.450573563575744629e-02,-2.239481918513774872e-02,-4.461235925555229187e-02,-8.204834908246994019e-02,4.289862513542175293e-02,-7.609000056982040405e-02,9.910869412124156952e-03,6.501550227403640747e-02,6.376937449203978758e-07,-6.066550686955451965e-02,7.498852908611297607e-02,-9.440973401069641113e-03,2.841289341449737549e-02,-8.744396269321441650e-02,-7.765812426805496216e-02,9.746975451707839966e-02,-2.207049401476979256e-03,-8.760315179824829102e-02,-8.804087340831756592e-02,-2.346076769754290581e-03,-1.503825304098427296e-03,5.883614346385002136e-02,-7.113713771104812622e-02,-8.515261858701705933e-02,-1.092685572803020477e-02,8.579229563474655151e-02,-8.034782856702804565e-02,3.449479490518569946e-02,3.972505778074264526e-02,-8.019020408391952515e-02,5.535082146525382996e-02,7.703512161970138550e-02,6.975260376930236816e-02,6.198431923985481262e-02,-6.784615665674209595e-02,-2.287018485367298126e-02,-4.751575738191604614e-02,-1.035157963633537292e-02,6.627783924341201782e-02
2.117615640163421631e-01,-8.599240332841873169e-02,7.603136301040649414e-01,-6.933897733688354492e-01,-3.026089668273925781e-01,-1.640255153179168701e-01,1.360826194286346436e-01,-2.759932279586791992e-01,-5.538731217384338379e-01,-4.871292710304260254e-01,1.026322841644287109e-01,3.176372647285461426e-01,-6.440837979316711426e-01,-5.930217504501342773e-01,-6.997797489166259766e-01,-6.431809663772583008e-01,1.991976797580718994e-02,-6.163983345031738281e-01,7.258992195129394531e-01,4.377500712871551514e-01,3.805696666240692139e-01,-6.048815250396728516e-01,-5.866810083389282227e-01,3.276985287666320801e-01,-1.260744780302047729e-01,-5.746495127677917480e-01,6.258150339126586914e-01,2.388245463371276855e-01,-6.763262152671813965e-01,3.559209406375885010e-02,-8.488065749406814575e-02,7.395082116127014160e-01,-5.185773372650146484e-01,-4.870910346508026123e-01,1.931080222129821777e-02,7.296271920204162598e-01,-5.873317718505859375e-01,-7.147945761680603027e-01,5.601540207862854004e-01,4.558293223381042480e-01,-6.791778206825256348e-01,-8.934488147497177124e-02,-7.190163135528564453e-01,-2.803483009338378906e-01,1.596312373876571655e-01,6.097509860992431641e-01,7.532451152801513672e-01,2.349251210689544678e-01,-5.711749196052551270e-02,-1.486071497201919556e-01,-8.627854287624359131e-02,-1.494931876659393311e-01,-4.151987433433532715e-01,7.039958983659744263e-02,1.493672430515289307e-01,7.588485479354858398e-01,-3.744178116321563721e-01,-3.560319170355796814e-02,6.447080373764038086e-01,6.356307864189147949e-01,6.883565336465835571e-02,1.401838362216949463e-01,-2.256868034601211548e-02,-4.373675212264060974e-02,-4.246656596660614014e-02,2.871092557907104492e-01,-4.621851444244384766e-01,-7.083395123481750488e-01,7.160061597824096680e-01,-1.501339823007583618e-01,6.382686495780944824e-01,2.285804599523544312e-01,1.792735606431961060e-01,-7.260299324989318848e-01,2.907566726207733154e-01,7.278997898101806641e-01,2.575629390776157379e-03,-7.471285462379455566e-01,4.179139435291290283e-01,6.707831025123596191e-01,-7.367293834686279297e-01,-6.169481202960014343e-04,6.071851849555969238e-01,-5.399365443736314774e-03,6.338598132133483887e-01,7.244241237640380859e-01,-2.724365592002868652e-01,-8.363757282495498657e-03,-5.821068882942199707e-01,-5.366538763046264648e-01,1.819361299276351929e-01,3.421500921249389648e-01,7.011691331863403320e-01,-4.141326844692230225e-01,6.658334732055664062e-01,-1.043850928544998169e-01,-5.759466290473937988e-01,-5.299345957610057667e-06,5.518029332160949707e-01,-6.181380152702331543e-01,1.667651832103729248e-01,-2.520969808101654053e-01,7.400491833686828613e-01,6.863093376159667969e-01,-8.101165890693664551e-01,-1.968848891556262970e-02,7.036831378936767578e-01,7.442654371261596680e-01,-1.825049892067909241e-02,1.153559237718582153e-02,-5.204833149909973145e-01,6.683943867683410645e-01,7.406049966812133789e-01,-5.812279880046844482e-03,-7.566109895706176758e-01,6.944915056228637695e-01,-2.963054180145263672e-01,-4.034446477890014648e-01,7.008917927742004395e-01,-5.165149569511413574e-01,-6.799031496047973633e-01,-6.058419346809387207e-01,-5.526760816574096680e-01,5.872835516929626465e-01,3.079695701599121094e-01,4.511694908142089844e-01,8.018530905246734619e-02,-6.173250079154968262e-01
-2.694952189922332764e-01,7.531031966209411621e-02,-6.933897733688354492e-01,7.604115009307861328e-01,1.293739825487136841e-01,2.372155934572219849e-01,-8.516869693994522095e-02,9.900903701782226562e-02,5.607311129570007324e-01,4.345335364341735840e-01,-2.115883827209472656e-01,-2.247440069913864136e-01,4.731263220310211182e-01,5.876415967941284180e-01,6.477736234664916992e-01,4.504095315933227539e-01,-1.713764108717441559e-02,4.880015552043914795e-01,-7.107625007629394531e-01,-4.381220638751983643e-01,-4.749402403831481934e-01,6.307332515716552734e-01,5.628573894500732422e-01,-2.671648859977722168e-01,1.217354312539100647e-01,3.639632165431976318e-01,-5.220024585723876953e-01,1.173678133636713028e-02,4.925295710563659668e-01,1.077933534979820251e-01,2.369504980742931366e-02,-6.937580704689025879e-01,6.279889941215515137e-01,4.524432122707366943e-01,2.081572543829679489e-03,-5.594370365142822266e-01,4.540415704250335693e-01,6.407486796379089355e-01,-3.033674359321594238e-01,-4.690241515636444092e-01,6.584075093269348145e-01,1.756785362958908081e-01,6.172383427619934082e-01,2.334432005882263184e-01,-3.124705553054809570e-01,-4.875338971614837646e-01,-7.420815825462341309e-01,-1.944771707057952881e-01,1.814984381198883057e-01,1.666939258575439453e-01,1.092520356178283691e-01,3.389516472816467285e-01,4.804534316062927246e-01,-1.264044642448425293e-01,-4.932989366352558136e-03,-6.224302649497985840e-01,4.119206964969635010e-01,2.957909554243087769e-02,-5.642830133438110352e-01,-7.158305048942565918e-01,-1.540307402610778809e-01,-3.087396617047488689e-04,2.777976542711257935e-02,-3.706290945410728455e-02,8.055491000413894653e-02,-2.565904259681701660e-01,3.666112720966339111e-01,5.393713712692260742e-01,-6.253840327262878418e-01,-7.556555420160293579e-02,-5.152617692947387695e-01,-3.513037040829658508e-02,-2.743608653545379639e-01,6.711686849594116211e-01,-3.370189666748046875e-01,-6.285985112190246582e-01,-1.231501344591379166e-03,6.202089190483093262e-01,-5.773996114730834961e-01,-6.041839718818664551e-01,7.174387574195861816e-01,5.446579889394342899e-04,-4.900393486022949219e-01,1.118497271090745926e-02,-5.124090313911437988e-01,-6.404882669448852539e-01,7.003432512283325195e-02,4.239494446665048599e-03,4.625176787376403809e-01,4.619672894477844238e-01,-2.436303943395614624e-01,-4.825766384601593018e-01,-7.273450493812561035e-01,4.886695146560668945e-01,-6.282749176025390625e-01,2.232186794281005859e-01,4.492781758308410645e-01,4.657232693716650829e-06,-3.813253343105316162e-01,4.997300207614898682e-01,-6.476795673370361328e-02,2.892858348786830902e-02,-7.168025374412536621e-01,-5.575821399688720703e-01,7.776125669479370117e-01,2.184440344572067261e-01,-7.867425084114074707e-01,-6.249616146087646484e-01,1.816418021917343140e-01,-2.334214374423027039e-02,5.772854685783386230e-01,-7.182306051254272461e-01,-7.152556777000427246e-01,1.834748238325119019e-01,6.516390442848205566e-01,-6.590366959571838379e-01,6.484579294919967651e-02,3.447003066539764404e-01,-5.810942649841308594e-01,5.787276625633239746e-01,5.579753518104553223e-01,6.423583030700683594e-01,5.481837391853332520e-01,-5.662285685539245605e-01,-3.317961394786834717e-01,-5.322018861770629883e-01,-6.726047396659851074e-02,5.479812622070312500e-01
2.679165601730346680e-01,3.480720147490501404e-02,-3.026089668273925781e-01,1.293739825487136841e-01,5.881491303443908691e-01,-2.722096443176269531e-01,-7.320565730333328247e-02,6.334071755409240723e-01,2.344275414943695068e-01,1.885113269090652466e-01,-1.641514152288436890e-01,-3.933217823505401611e-01,2.620493769645690918e-01,2.332537323236465454e-01,3.662568330764770508e-01,6.608045101165771484e-01,1.351525308564305305e-03,3.386696279048919678e-01,-2.425564676523208618e-01,-2.905386984348297119e-01,-1.873115748167037964e-01,3.037230670452117920e-02,7.182944566011428833e-02,-1.829912513494491577e-02,8.298884332180023193e-02,5.996978282928466797e-01,-3.512119352817535400e-01,-6.108604669570922852e-01,5.238452553749084473e-01,-1.853341460227966309e-01,-8.990670740604400635e-02,-4.513361454010009766e-01,1.260208152234554291e-02,4.002033174037933350e-01,-4.506370425224304199e-02,-5.099195241928100586e-01,4.330257475376129150e-01,4.142884016036987305e-01,-7.047595977783203125e-01,-4.332728683948516846e-01,4.240419566631317139e-01,4.250374436378479004e-02,2.589720785617828369e-01,1.434341520071029663e-01,9.116479009389877319e-02,-1.669964343309402466e-01,-3.385608792304992676e-01,-1.564907580614089966e-01,-6.397949997335672379e-03,-7.427310198545455933e-02,-2.582953572273254395e-01,-3.497913777828216553e-01,3.082764744758605957e-01,5.058429762721061707e-02,-1.282074302434921265e-01,-5.647283792495727539e-01,2.976523339748382568e-01,2.428358048200607300e-02,-2.475051134824752808e-01,-9.897533059120178223e-02,3.629836020991206169e-03,-7.958117872476577759e-02,-1.968484139069914818e-03,2.998521625995635986e-01,1.152503117918968201e-01,-1.726038455963134766e-01,-3.366146236658096313e-02,5.863954424858093262e-01,-4.107407033443450928e-01,5.780931711196899414e-01,-5.779162645339965820e-01,-3.942750021815299988e-02,-6.296344846487045288e-02,3.717821538448333740e-01,-1.833138763904571533e-01,-4.998686313629150391e-01,-1.041425392031669617e-03,4.847168028354644775e-01,5.835287645459175110e-02,-4.153269231319427490e-01,4.311079084873199463e-01,3.952913102693855762e-04,-5.273347496986389160e-01,-6.880442146211862564e-03,-6.369643807411193848e-01,-3.473049700260162354e-01,4.860175549983978271e-01,9.154991246759891510e-03,2.452305257320404053e-01,4.361790716648101807e-01,-1.414880901575088501e-01,2.549077570438385010e-01,-1.974675208330154419e-01,7.158030569553375244e-02,-4.037888944149017334e-01,-3.671502768993377686e-01,2.979985475540161133e-01,-1.211834387504495680e-06,-5.216490626335144043e-01,4.162066578865051270e-01,-4.830147027969360352e-01,5.739303827285766602e-01,-4.255145788192749023e-01,-5.346263051033020020e-01,3.264035582542419434e-01,3.037656657397747040e-02,-1.034591197967529297e-01,-3.037607371807098389e-01,-5.006766915321350098e-01,1.294630672782659531e-02,1.659824550151824951e-01,-1.080830544233322144e-01,-3.684295713901519775e-01,-4.861548170447349548e-02,4.978612661361694336e-01,-3.352142274379730225e-01,5.660215616226196289e-01,8.903536945581436157e-02,-5.706054568290710449e-01,8.827700465917587280e-02,2.592948675155639648e-01,3.036020398139953613e-01,3.414782285690307617e-01,-1.225623581558465958e-02,-2.771261334419250488e-01,4.713348299264907837e-02,9.866227395832538605e-03,3.607401847839355469e-01
-3.298408687114715576e-01,9.470678865909576416e-03,-1.640255153179168701e-01,2.372155934572219849e-01,-2.722096443176269531e-01,3.301560580730438232e-01,-4.678985103964805603e-03,-3.048708438873291016e-01,-2.575008431449532509e-03,7.832786440849304199e-02,1.300137788057327271e-01,1.438842713832855225e-01,1.715833246707916260e-01,7.948419451713562012e-02,6.429933756589889526e-02,-1.615308374166488647e-01,-1.135306432843208313e-02,7.233677804470062256e-02,-1.696746647357940674e-01,4.210149869322776794e-02,7.279475033283233643e-02,2.614721655845642090e-01,2.386919707059860229e-01,-1.653407961130142212e-01,-1.287271641194820404e-02,-1.630886644124984741e-01,-4.410950094461441040e-02,3.094200789928436279e-01,1.821858808398246765e-02,7.201091200113296509e-02,1.455281972885131836e-01,6.354112643748521805e-03,1.891138106584548950e-01,-5.449900776147842407e-02,1.791536621749401093e-02,4.054890945553779602e-03,-3.824119642376899719e-02,3.697981685400009155e-02,1.836554557085037231e-01,1.442821621894836426e-01,-3.667960688471794128e-02,-3.401011601090431213e-02,1.891416609287261963e-01,3.623605147004127502e-02,-5.122449621558189392e-02,-2.304775118827819824e-01,-1.133860796689987183e-01,-1.342122093774378300e-03,-4.859456792473793030e-02,1.010483726859092712e-01,2.532786428928375244e-01,2.388105541467666626e-01,-1.071412190794944763e-01,-4.505787417292594910e-02,-3.917934745550155640e-02,1.379469502717256546e-02,-8.464107662439346313e-02,-2.687631349544972181e-04,-1.326129436492919922e-01,-2.041494995355606079e-01,1.873162947595119476e-02,-8.852207660675048828e-02,9.080721996724605560e-03,-2.297716587781906128e-01,-1.106027588248252869e-01,2.451997715979814529e-03,2.858127653598785400e-01,-6.760353595018386841e-02,-2.686869911849498749e-02,-3.223752677440643311e-01,1.066411435604095459e-01,-2.093215435743331909e-01,3.619975969195365906e-02,7.293457537889480591e-02,7.014660537242889404e-02,1.561218220740556717e-02,-7.839272147975862026e-04,4.884533584117889404e-02,-1.820839494466781616e-01,5.834329873323440552e-03,2.521319314837455750e-02,-2.756706635409500450e-06,9.179494529962539673e-02,4.966842941939830780e-03,1.751713305711746216e-01,-1.107820495963096619e-01,-1.930223107337951660e-01,-1.944552757777273655e-03,8.773683756589889526e-02,-7.834998518228530884e-02,5.250262096524238586e-02,-2.970931231975555420e-01,-1.593854278326034546e-01,8.758939802646636963e-02,1.005793339572846889e-03,3.079766035079956055e-01,1.083170026540756226e-01,2.756188678176840767e-06,1.076030731201171875e-01,-1.409943401813507080e-02,2.621259987354278564e-01,-2.864340245723724365e-01,-1.921527832746505737e-02,5.179350823163986206e-02,1.544993519783020020e-01,-4.939929768443107605e-02,-2.290772944688796997e-01,-1.791949719190597534e-01,3.803144395351409912e-01,-7.493881043046712875e-03,4.588403552770614624e-02,-2.333134114742279053e-01,-7.989053428173065186e-02,-1.245179865509271622e-02,3.627887740731239319e-02,-5.920454114675521851e-02,-2.595183849334716797e-01,1.726434528827667236e-01,6.357676535844802856e-02,1.371915340423583984e-01,1.901473253965377808e-01,1.163123454898595810e-02,-4.125360772013664246e-02,-2.733739018440246582e-01,8.170261979103088379e-02,-2.067648172378540039e-01,-5.245213955640792847e-02,2.114401198923587799e-02
4.080223292112350464e-02,-1.718145236372947693e-02,1.360826194286346436e-01,-8.516869693994522095e-02,-7.320565730333328247e-02,-4.678985103964805603e-03,6.235510483384132385e-02,-6.834790110588073730e-02,-1.056096330285072327e-01,-8.287716656923294067e-02,-5.059548839926719666e-02,6.841044127941131592e-02,-1.772251874208450317e-01,-8.894824236631393433e-02,-1.183497011661529541e-01,-1.688988804817199707e-01,4.246398806571960449e-03,-1.422044783830642700e-01,1.172714903950691223e-01,3.638321906328201294e-02,1.828224398195743561e-02,-9.921783953905105591e-02,-9.364747256040573120e-02,8.428857475519180298e-02,-1.777732372283935547e-02,-1.700058579444885254e-01,1.245862394571304321e-01,1.018325611948966980e-01,-1.568505167961120605e-01,3.130030259490013123e-02,-3.619676455855369568e-02,1.367394775152206421e-01,-4.017842188477516174e-02,-5.314721539616584778e-02,8.382549509406089783e-03,1.842365711927413940e-01,-1.254194080829620361e-01,-1.306390166282653809e-01,1.763689815998077393e-01,2.623866684734821320e-02,-1.150321736931800842e-01,2.873738855123519897e-02,-1.498747318983078003e-01,-5.079369246959686279e-02,-2.760439552366733551e-02,1.454562842845916748e-01,1.150713041424751282e-01,4.712851345539093018e-02,3.604322299361228943e-02,-2.499485760927200317e-02,-1.716234534978866577e-02,5.734368227422237396e-03,-2.027342095971107483e-02,4.591843578964471817e-03,6.846287846565246582e-02,1.574267894029617310e-01,-3.059585392475128174e-02,-6.858213804662227631e-03,1.259643137454986572e-01,7.899967581033706665e-02,-2.550860680639743805e-02,7.767856866121292114e-02,-1.726291840896010399e-03,-1.312413346022367477e-02,9.204242378473281860e-03,5.031522363424301147e-02,-1.323992609977722168e-01,-1.636394262313842773e-01,1.456082612276077271e-01,-7.241126149892807007e-02,1.206319630146026611e-01,1.060166284441947937e-01,-6.717737764120101929e-03,-1.392421722412109375e-01,2.105509862303733826e-02,1.361536830663681030e-01,9.781502885743975639e-04,-1.542317271232604980e-01,1.798406802117824554e-02,1.263484656810760498e-01,-1.142258718609809875e-01,-1.062777373590506613e-04,1.089625433087348938e-01,-7.749056385364383459e-05,1.258936375379562378e-01,1.440011411905288696e-01,-7.054498791694641113e-02,-2.547005657106637955e-03,-1.450049430131912231e-01,-9.040223062038421631e-02,-1.216667611151933670e-02,2.399008162319660187e-02,1.090988889336585999e-01,-4.235633462667465210e-02,1.074221506714820862e-01,-9.304866194725036621e-03,-1.168171986937522888e-01,-2.831415258697234094e-06,1.309859305620193481e-01,-1.371005624532699585e-01,1.978747360408306122e-02,-9.658637642860412598e-02,1.285536587238311768e-01,1.449546813964843750e-01,-1.445226669311523438e-01,1.089965626597404480e-01,9.245935082435607910e-02,1.837552487850189209e-01,2.956552617251873016e-02,-9.510883246548473835e-04,-7.446999847888946533e-02,7.887793332338333130e-02,1.331748217344284058e-01,8.452042192220687866e-02,-1.418561190366744995e-01,1.179175972938537598e-01,-1.040882766246795654e-01,-8.436468243598937988e-02,1.355575621128082275e-01,-5.858411267399787903e-02,-1.512755304574966431e-01,-7.219681143760681152e-02,-6.599444895982742310e-02,1.180337145924568176e-01,1.349063962697982788e-02,4.756211861968040466e-02,1.615150459110736847e-02,-1.001495569944381714e-01
3.063404262065887451e-01,2.979377098381519318e-02,-2.759932279586791992e-01,9.900903701782226562e-02,6.334071755409240723e-01,-3.048708438873291016e-01,-6.834790110588073730e-02,7.056850790977478027e-01,1.964985132217407227e-01,1.682994812726974487e-01,-1.651955991983413696e-01,-4.384670257568359375e-01,2.311545908451080322e-01,2.347207963466644287e-01,3.654268980026245117e-01,6.715966463088989258e-01,3.798369551077485085e-03,3.213818371295928955e-01,-1.985286176204681396e-01,-3.035866022109985352e-01,-1.599498242139816284e-01,-2.625957364216446877e-03,3.771295025944709778e-02,-1.739301485940814018e-03,8.473620563745498657e-02,6.047720313072204590e-01,-3.570620417594909668e-01,-6.604181528091430664e-01,5.437386631965637207e-01,-2.018919140100479126e-01,-1.098351553082466125e-01,-4.290976226329803467e-01,-5.482621490955352783e-02,4.407752454280853271e-01,-5.348716303706169128e-02,-5.028613209724426270e-01,4.465048909187316895e-01,4.025193452835083008e-01,-7.290812134742736816e-01,-4.607105255126953125e-01,3.955528140068054199e-01,3.518804535269737244e-02,2.321684211492538452e-01,1.475470960140228271e-01,1.612767726182937622e-01,-1.601425260305404663e-01,-3.170796632766723633e-01,-1.589713990688323975e-01,-2.480256929993629456e-02,-1.446768939495086670e-01,-3.086479008197784424e-01,-4.400265812873840332e-01,2.997241020202636719e-01,6.495760381221771240e-02,-1.466168910264968872e-01,-5.660435557365417480e-01,3.219758570194244385e-01,2.587886713445186615e-02,-2.013533115386962891e-01,-5.601583421230316162e-02,1.602147333323955536e-02,-8.107567578554153442e-02,-4.776740912348031998e-03,3.058156073093414307e-01,1.074991151690483093e-01,-1.733222901821136475e-01,-9.335211664438247681e-02,5.843362212181091309e-01,-4.039772450923919678e-01,6.359895467758178711e-01,-5.947315096855163574e-01,-7.060324400663375854e-02,-5.106715485453605652e-02,3.612382709980010986e-01,-1.418938040733337402e-01,-4.831227958202362061e-01,-1.019739429466426373e-03,4.901818931102752686e-01,1.081707179546356201e-01,-4.042246043682098389e-01,4.113611876964569092e-01,4.240344860590994358e-04,-5.531252622604370117e-01,-8.868964388966560364e-03,-6.344481706619262695e-01,-3.394238650798797607e-01,5.448996424674987793e-01,1.008882373571395874e-02,2.153923660516738892e-01,4.651338458061218262e-01,-1.344244331121444702e-01,3.550155162811279297e-01,-1.510239243507385254e-01,4.574835300445556641e-02,-3.852265179157257080e-01,-4.285303652286529541e-01,2.819579839706420898e-01,-2.385534571658354253e-06,-5.527364015579223633e-01,3.920395374298095703e-01,-5.636244416236877441e-01,6.285699605941772461e-01,-4.052383899688720703e-01,-5.400689244270324707e-01,2.767106890678405762e-01,4.790932685136795044e-02,-2.992495894432067871e-02,-2.706063389778137207e-01,-5.693650245666503906e-01,1.801876537501811981e-02,1.439029127359390259e-01,-7.088501006364822388e-02,-3.463307321071624756e-01,-3.187813982367515564e-02,4.981383681297302246e-01,-3.073447942733764648e-01,6.233536601066589355e-01,8.033726364374160767e-02,-5.752514600753784180e-01,5.103021115064620972e-02,2.292657047510147095e-01,2.775835692882537842e-01,3.374409079551696777e-01,5.325973033905029297e-02,-3.200584053993225098e-01,9.576612710952758789e-02,2.407171949744224548e-02,3.640457093715667725e-01
-5.483781173825263977e-02,6.958988308906555176e-02,-5.538731217384338379e-01,5.607311129570007324e-01,2.344275414943695068e-01,-2.575008431449532509e-03,-1.056096330285072327e-01,1.964985132217407227e-01,6.257067918777465820e-01,3.806669414043426514e-01,-2.406627535820007324e-01,-2.880992293357849121e-01,3.549438714981079102e-01,5.321452617645263672e-01,5.880050659179687500e-01,5.364077687263488770e-01,-9.528412483632564545e-03,3.654257357120513916e-01,-5.781066417694091797e-01,-4.573378562927246094e-01,-5.784429907798767090e-01,4.414245784282684326e-01,3.671284317970275879e-01,-1.613556891679763794e-01,1.272287666797637939e-01,4.786219596862792969e-01,-5.125445723533630371e-01,-1.422893404960632324e-01,4.175827801227569580e-01,5.926065891981124878e-02,-6.070898473262786865e-02,-7.458494901657104492e-01,4.850122034549713135e-01,4.370118379592895508e-01,-4.706806503236293793e-03,-5.790497064590454102e-01,4.460645318031311035e-01,5.875043272972106934e-01,-3.609465062618255615e-01,-5.039722919464111328e-01,6.746742725372314453e-01,1.901951581239700317e-01,4.594916105270385742e-01,1.846266239881515503e-01,-3.078006803989410400e-01,-3.353377282619476318e-01,-6.269208192825317383e-01,-1.495307534933090210e-01,2.522521913051605225e-01,9.475807100534439087e-02,-5.698515847325325012e-02,2.512153387069702148e-01,5.336629152297973633e-01,-1.101562529802322388e-01,4.764413833618164062e-02,-6.043493747711181641e-01,4.140382111072540283e-01,2.560672722756862640e-02,-4.510123729705810547e-01,-5.534724593162536621e-01,-1.753381192684173584e-01,1.231105476617813110e-01,2.262168563902378082e-02,1.345338076353073120e-01,1.562833487987518311e-01,-2.428744435310363770e-01,2.013313472270965576e-01,5.597221255302429199e-01,-6.151711344718933105e-01,9.247886389493942261e-02,-5.234040617942810059e-01,1.098528057336807251e-01,-3.281590938568115234e-01,6.126759052276611328e-01,-3.679453432559967041e-01,-6.022835969924926758e-01,-7.991286693140864372e-04,5.593779683113098145e-01,-4.241480827331542969e-01,-6.084550619125366211e-01,6.790555715560913086e-01,5.072128842584788799e-04,-5.053460597991943359e-01,8.899803273379802704e-03,-5.744272470474243164e-01,-5.522240400314331055e-01,1.538782119750976562e-01,4.590307828038930893e-03,4.607670307159423828e-01,4.654114246368408203e-01,-2.274454981088638306e-01,-3.298260271549224854e-01,-6.240405440330505371e-01,4.499933719635009766e-01,-5.850206017494201660e-01,5.724881589412689209e-02,2.921344041824340820e-01,5.484686880663502961e-06,-4.269828200340270996e-01,4.604537487030029297e-01,-1.719057261943817139e-01,2.083508223295211792e-01,-6.985129117965698242e-01,-5.583193898200988770e-01,7.002613544464111328e-01,1.464261561632156372e-01,-6.773335933685302734e-01,-4.960709512233734131e-01,-3.308486938476562500e-02,-2.518370188772678375e-02,6.142559051513671875e-01,-5.613957047462463379e-01,-6.329044103622436523e-01,1.953447312116622925e-01,5.611554384231567383e-01,-6.259962916374206543e-01,2.057194262742996216e-01,1.711752712726593018e-01,-5.693451166152954102e-01,4.684579372406005859e-01,3.874038457870483398e-01,6.234347820281982422e-01,5.617021322250366211e-01,-3.884083926677703857e-01,-3.623179793357849121e-01,-4.127710759639739990e-01,-2.399003505706787109e-02,4.872382581233978271e-01
-1.115642637014389038e-01,5.225676298141479492e-02,-4.871292710304260254e-01,4.345335364341735840e-01,1.885113269090652466e-01,7.832786440849304199e-02,-8.287716656923294067e-02,1.682994812726974487e-01,3.806669414043426514e-01,3.171692490577697754e-01,-6.274136900901794434e-02,-2.045001238584518433e-01,4.092229902744293213e-01,3.869122266769409180e-01,4.646873772144317627e-01,4.563237726688385010e-01,-1.186990924179553986e-02,3.541316688060760498e-01,-4.741142392158508301e-01,-3.042340874671936035e-01,-2.916760444641113281e-01,3.627793490886688232e-01,3.491631448268890381e-01,-1.994484513998031616e-01,8.322960883378982544e-02,4.125873446464538574e-01,-4.340275824069976807e-01,-1.600560992956161499e-01,4.490609467029571533e-01,-3.914977982640266418e-02,5.056566372513771057e-02,-5.514555573463439941e-01,3.214785158634185791e-01,3.301177620887756348e-01,-1.168116647750139236e-02,-5.172192454338073730e-01,3.719213306903839111e-01,4.717572033405303955e-01,-3.879774212837219238e-01,-3.046578466892242432e-01,4.585200846195220947e-01,6.313046813011169434e-02,4.467601776123046875e-01,1.693573743104934692e-01,-1.150487586855888367e-01,-3.909109234809875488e-01,-4.909761846065521240e-01,-1.247064620256423950e-01,7.129587978124618530e-02,7.087156921625137329e-02,3.140840306878089905e-02,9.545253962278366089e-02,2.887012064456939697e-01,-4.396024718880653381e-02,-7.954836636781692505e-02,-5.333166718482971191e-01,2.314105629920959473e-01,2.114260010421276093e-02,-4.008735120296478271e-01,-3.953574001789093018e-01,-5.625117942690849304e-02,-4.059385135769844055e-02,1.445385720580816269e-02,6.437686085700988770e-02,3.705152869224548340e-02,-1.799447089433670044e-01,2.785978317260742188e-01,4.883472323417663574e-01,-4.888791739940643311e-01,1.112068891525268555e-01,-4.252571463584899902e-01,-1.378854066133499146e-01,-1.401283591985702515e-01,4.854569137096405029e-01,-1.852054148912429810e-01,-4.878413677215576172e-01,-1.515383133664727211e-03,5.100768208503723145e-01,-2.423378527164459229e-01,-4.586759209632873535e-01,5.106242299079895020e-01,3.908001526724547148e-04,-4.052523374557495117e-01,3.072701394557952881e-03,-4.325493574142456055e-01,-4.743957519531250000e-01,1.795483529567718506e-01,5.026254802942276001e-03,4.017189741134643555e-01,3.401654064655303955e-01,-1.028242930769920349e-01,-2.197767794132232666e-01,-4.611094594001770020e-01,2.770736515522003174e-01,-4.324043393135070801e-01,5.430387705564498901e-02,3.245839476585388184e-01,3.064644488404155709e-06,-3.615894019603729248e-01,3.800808191299438477e-01,-1.210932508111000061e-01,1.922582834959030151e-01,-5.104191899299621582e-01,-4.627433121204376221e-01,5.763511657714843750e-01,-1.499844994395971298e-02,-4.921452999114990234e-01,-4.808880090713500977e-01,5.102969240397214890e-03,-1.030677743256092072e-02,3.751692771911621094e-01,-4.435300827026367188e-01,-4.801246225833892822e-01,4.277471080422401428e-02,4.930254817008972168e-01,-4.693825244903564453e-01,2.008025646209716797e-01,2.186754941940307617e-01,-4.712186455726623535e-01,3.180977404117584229e-01,4.173701107501983643e-01,4.047268629074096680e-01,3.700755238533020020e-01,-3.548634946346282959e-01,-2.181683778762817383e-01,-2.877756953239440918e-01,-4.185656830668449402e-02,3.857242465019226074e-01
-1.784266233444213867e-01,-1.330096460878849030e-02,1.026322841644287109e-01,-2.115883827209472656e-01,-1.641514152288436890e-01,1.300137788057327271e-01,-5.059548839926719666e-02,-1.651955991983413696e-01,-2.406627535820007324e-01,-6.274136900901794434e-02,3.952309489250183105e-01,1.300476342439651489e-01,1.592360883951187134e-01,-1.678977906703948975e-01,-1.871535480022430420e-01,-1.341801881790161133e-01,-6.335404701530933380e-03,-4.383943043649196625e-03,1.650700569152832031e-01,2.627326548099517822e-01,4.197746813297271729e-01,-3.380497172474861145e-02,6.034282501786947250e-03,-1.344012022018432617e-01,-6.254496425390243530e-02,-6.186087429523468018e-02,7.431348413228988647e-02,2.046092227101325989e-02,-3.499078331515192986e-03,-1.031948924064636230e-01,2.019905447959899902e-01,2.942929267883300781e-01,-2.575476765632629395e-01,-2.439542859792709351e-01,-8.503814227879047394e-03,5.034610256552696228e-02,-9.151547402143478394e-02,-1.831717789173126221e-01,2.712096087634563446e-03,4.185929894447326660e-01,-3.361237645149230957e-01,-2.328860312700271606e-01,1.417941786348819733e-02,-1.994752138853073120e-02,2.907693088054656982e-01,-1.693778634071350098e-01,2.455174326896667480e-01,4.593709856271743774e-02,-2.716651856899261475e-01,-2.309611253440380096e-02,1.761677563190460205e-01,-1.143214628100395203e-01,-4.327033758163452148e-01,6.492323428392410278e-02,-2.042316347360610962e-01,1.655962914228439331e-01,-3.092577755451202393e-01,-6.341894157230854034e-03,4.912642762064933777e-02,2.217725068330764771e-01,1.932890266180038452e-01,-2.519062757492065430e-01,-9.696529246866703033e-03,-1.544873416423797607e-01,-1.955682933330535889e-01,8.204676210880279541e-02,2.438838034868240356e-01,-1.336973160505294800e-01,1.475643664598464966e-01,-4.329704120755195618e-02,2.266414016485214233e-01,-4.452398419380187988e-01,2.589237689971923828e-01,-1.630068719387054443e-01,3.057574927806854248e-01,2.262583225965499878e-01,-1.992314588278532028e-03,-1.016872078180313110e-01,2.676123082637786865e-01,2.025537043809890747e-01,-3.216038942337036133e-01,-1.493153977207839489e-04,2.001458853483200073e-01,-5.586771760135889053e-03,2.999349832534790039e-01,7.966283708810806274e-02,-2.759281918406486511e-02,1.044081524014472961e-03,3.740116208791732788e-02,-2.030020803213119507e-01,2.671957314014434814e-01,9.771069139242172241e-02,2.163708060979843140e-01,-2.044232934713363647e-01,2.626859843730926514e-01,1.043272837996482849e-01,5.668067373335361481e-03,3.275144990766420960e-06,8.676486462354660034e-02,-1.154043823480606079e-01,1.911644786596298218e-01,-4.093697294592857361e-02,2.993296086788177490e-01,1.671733707189559937e-01,-2.040646076202392578e-01,-4.462562203407287598e-01,2.859249711036682129e-01,-4.211448132991790771e-02,1.219305619597434998e-01,1.526722591370344162e-02,-2.634719014167785645e-01,1.833424866199493408e-01,2.327531576156616211e-01,-3.082424402236938477e-01,-1.740164309740066528e-01,2.207639962434768677e-01,-1.659733615815639496e-02,8.202526718378067017e-02,2.208685576915740967e-01,-1.932177245616912842e-01,6.298068165779113770e-02,-3.484871387481689453e-01,-3.046375215053558350e-01,-4.392023384571075439e-02,2.614126503467559814e-01,1.198059171438217163e-01,-2.884465083479881287e-02,-1.665244847536087036e-01
-1.166615337133407593e-01,-3.125683590769767761e-02,3.176372647285461426e-01,-2.247440069913864136e-01,-3.933217823505401611e-01,1.438842713832855225e-01,6.841044127941131592e-02,-4.384670257568359375e-01,-2.880992293357849121e-01,-2.045001238584518433e-01,1.300476342439651489e-01,3.369854390621185303e-01,-2.214769273996353149e-01,-3.159717917442321777e-01,-4.000162184238433838e-01,-5.687060356140136719e-01,-3.326789883431047201e-04,-2.437583953142166138e-01,2.733756601810455322e-01,3.234781026840209961e-01,2.646477222442626953e-01,-1.415407806634902954e-01,-1.311964243650436401e-01,5.705035850405693054e-02,-8.563765883445739746e-02,-4.944362938404083252e-01,3.888387382030487061e-01,3.930971026420593262e-01,-4.613289833068847656e-01,8.930390328168869019e-02,7.772786915302276611e-02,5.118553638458251953e-01,-7.972953468561172485e-02,-4.167992174625396729e-01,3.298807516694068909e-02,4.861745834350585938e-01,-3.715041577816009521e-01,-4.060884118080139160e-01,5.488016009330749512e-01,4.055474996566772461e-01,-4.094628095626831055e-01,-6.619748473167419434e-02,-2.539618313312530518e-01,-1.345287412405014038e-01,-3.135237470269203186e-02,2.260221689939498901e-01,3.684555590152740479e-01,1.081185042858123779e-01,-6.802404671907424927e-02,1.190024763345718384e-01,2.039553970098495483e-01,1.894820183515548706e-01,-3.143154084682464600e-01,-3.276254516094923019e-03,6.967772543430328369e-02,5.351209640502929688e-01,-3.041569590568542480e-01,-2.196733653545379639e-02,2.169359624385833740e-01,1.918438374996185303e-01,3.573388233780860901e-02,-1.816402934491634369e-02,-3.818866563960909843e-03,-1.837327182292938232e-01,-8.712197095155715942e-02,1.641753911972045898e-01,6.428535096347332001e-03,-5.100536346435546875e-01,4.274491965770721436e-01,-3.788142800331115723e-01,4.931205809116363525e-01,5.549790710210800171e-02,1.393512189388275146e-01,-4.090813100337982178e-01,1.286940425634384155e-01,4.382616579532623291e-01,8.209549123421311378e-04,-4.823700785636901855e-01,4.095707833766937256e-02,4.302116334438323975e-01,-4.504235088825225830e-01,-4.176947404630482197e-04,4.747504591941833496e-01,2.717300318181514740e-03,5.187522768974304199e-01,3.795451521873474121e-01,-3.358549475669860840e-01,-6.863225251436233521e-03,-2.717536687850952148e-01,-3.989795148372650146e-01,1.070823296904563904e-01,-1.234648600220680237e-01,2.649583816528320312e-01,-1.794709563255310059e-01,3.719510734081268311e-01,1.998048126697540283e-01,-1.936226040124893188e-01,-1.203657461701368447e-06,4.427720308303833008e-01,-3.112939894199371338e-01,3.845635652542114258e-01,-4.215131700038909912e-01,4.572724997997283936e-01,4.816199243068695068e-01,-3.789793550968170166e-01,-5.351523309946060181e-02,2.098890841007232666e-01,2.948431968688964844e-01,3.002242445945739746e-01,-8.813832537271082401e-04,-2.975182533264160156e-01,2.240174114704132080e-01,3.852098584175109863e-01,-9.695633500814437866e-02,-4.545551538467407227e-01,3.594953119754791260e-01,-4.089455306529998779e-01,-8.677347749471664429e-02,5.000519156455993652e-01,-1.618739366531372070e-01,-2.242212891578674316e-01,-3.371979594230651855e-01,-3.557707369327545166e-01,6.982386112213134766e-02,3.336160778999328613e-01,8.151747286319732666e-02,-2.030322700738906860e-02,-3.313535749912261963e-01
