9.999981522560119629e-01,-9.999985694885253906e-01,-9.999942183494567871e-01,9.999974966049194336e-01,9.999988675117492676e-01,-9.999987483024597168e-01,9.999950528144836426e-01,9.999990463256835938e-01,-9.999947547912597656e-01,9.999983906745910645e-01,-9.999986886978149414e-01,-9.999988675117492676e-01,9.999979138374328613e-01,9.999985098838806152e-01,9.999945759773254395e-01,9.999946355819702148e-01,9.999972581863403320e-01,-9.999978542327880859e-01,9.999920725822448730e-01,-9.999991059303283691e-01,-9.999988675117492676e-01,9.999941587448120117e-01,9.999985694885253906e-01,9.999976158142089844e-01,9.999885559082031250e-01,9.999988675117492676e-01,-9.999982714653015137e-01,-9.999988079071044922e-01,9.999907612800598145e-01,-9.999964237213134766e-01,-9.999909996986389160e-01,-9.999980926513671875e-01,9.999845027923583984e-01,9.999951124191284180e-01,-9.999979734420776367e-01,9.999686479568481445e-01,9.999989867210388184e-01,9.999985098838806152e-01,9.999869465827941895e-01,-9.999989271163940430e-01,9.999986886978149414e-01,9.999784827232360840e-01,9.999835491180419922e-01,9.999988675117492676e-01,9.999982118606567383e-01,9.999980330467224121e-01,-9.999928474426269531e-01,9.999986886978149414e-01,9.999986886978149414e-01,-9.999984502792358398e-01,-9.999987483024597168e-01,-9.999983906745910645e-01,-9.999988675117492676e-01,-9.999931454658508301e-01,-9.999985098838806152e-01,-9.999980330467224121e-01,-9.999806284904479980e-01,9.999903440475463867e-01,9.999952912330627441e-01,9.999981522560119629e-01,-9.999983906745910645e-01,9.999988675117492676e-01,9.999983906745910645e-01,9.999954104423522949e-01,-9.999942779541015625e-01,-9.999988675117492676e-01,-9.999991059303283691e-01,-9.999958872795104980e-01,-9.999989271163940430e-01,9.999983310699462891e-01,-9.999987483024597168e-01,9.999967813491821289e-01,-9.999850988388061523e-01,-9.999935030937194824e-01,-9.999839663505554199e-01,-9.999983310699462891e-01,9.999909996986389160e-01,9.999987483024597168e-01,-9.999942779541015625e-01,-9.999953508377075195e-01,9.999891519546508789e-01,9.999975562095642090e-01,-9.999988675117492676e-01,9.999981522560119629e-01,-9.999982714653015137e-01,-9.999864101409912109e-01,9.999222755432128906e-01,9.999989271163940430e-01,9.999915957450866699e-01,9.999784827232360840e-01,-9.999943375587463379e-01,9.999983310699462891e-01,-9.999856948852539062e-01,-9.999973773956298828e-01,9.999976158142089844e-01,-9.999977350234985352e-01,-9.999874830245971680e-01,9.999989867210388184e-01,-9.999988675117492676e-01,9.999970793724060059e-01,-9.999966621398925781e-01,9.999988675117492676e-01,9.999089241027832031e-01,9.999524354934692383e-01,9.999985694885253906e-01,9.999964833259582520e-01,-9.999827146530151367e-01,-9.999983310699462891e-01,-9.999938011169433594e-01,9.999985098838806152e-01,-9.999985098838806152e-01,9.999977350234985352e-01,-9.999981522560119629e-01,-9.999294877052307129e-01,9.999990463256835938e-01,-9.999969601631164551e-01,9.999989867210388184e-01,-9.999979734420776367e-01,-9.999952912330627441e-01,-9.999970197677612305e-01,-9.999985098838806152e-01,9.999966621398925781e-01,9.999977350234985352e-01,-9.999971389770507812e-01,-9.999914169311523438e-01,-9.999949336051940918e-01,9.999847412109375000e-01,-9.999924898147583008e-01
-9.999985694885253906e-01,9.999988675117492676e-01,9.999951720237731934e-01,-9.999979138374328613e-01,-9.999992251396179199e-01,9.999988675117492676e-01,-9.999959468841552734e-01,-9.999992251396179199e-01,9.999956488609313965e-01,-9.999986290931701660e-01,9.999989271163940430e-01,9.999991059303283691e-01,-9.999982714653015137e-01,-9.999986886978149414e-01,-9.999954700469970703e-01,-9.999954700469970703e-01,-9.999977350234985352e-01,9.999982118606567383e-01,-9.999935030937194824e-01,9.999993443489074707e-01,9.999991655349731445e-01,-9.999950528144836426e-01,-9.999988079071044922e-01,-9.999980330467224121e-01,-9.999904632568359375e-01,-9.999992251396179199e-01,9.999985694885253906e-01,9.999990463256835938e-01,-9.999923110008239746e-01,9.999970197677612305e-01,9.999924898147583008e-01,9.999983906745910645e-01,-9.999870657920837402e-01,-9.999959468841552734e-01,9.999983310699462891e-01,-9.999738931655883789e-01,-9.999991655349731445e-01,-9.999987483024597168e-01,-9.999890923500061035e-01,9.999991059303283691e-01,-9.999988675117492676e-01,-9.999820590019226074e-01,-9.999862313270568848e-01,-9.999991059303283691e-01,-9.999985098838806152e-01,-9.999983310699462891e-01,9.999940395355224609e-01,-9.999988675117492676e-01,-9.999989271163940430e-01,9.999986886978149414e-01,9.999989271163940430e-01,9.999987483024597168e-01,9.999990463256835938e-01,9.999941587448120117e-01,9.999987483024597168e-01,9.999983906745910645e-01,9.999839067459106445e-01,-9.999919533729553223e-01,-9.999959468841552734e-01,-9.999985098838806152e-01,9.999986290931701660e-01,-9.999990463256835938e-01,-9.999986290931701660e-01,-9.999961256980895996e-01,9.999952316284179688e-01,9.999991655349731445e-01,9.999992251396179199e-01,9.999965429306030273e-01,9.999990463256835938e-01,-9.999985694885253906e-01,9.999990463256835938e-01,-9.999973177909851074e-01,9.999875426292419434e-01,9.999945759773254395e-01,9.999866485595703125e-01,9.999986290931701660e-01,-9.999925494194030762e-01,-9.999989867210388184e-01,9.999953508377075195e-01,9.999961256980895996e-01,-9.999909996986389160e-01,-9.999980926513671875e-01,9.999990463256835938e-01,-9.999984502792358398e-01,9.999985694885253906e-01,9.999886751174926758e-01,-9.999352097511291504e-01,-9.999991655349731445e-01,-9.999929666519165039e-01,-9.999821186065673828e-01,9.999952316284179688e-01,-9.999986886978149414e-01,9.999881386756896973e-01,9.999977946281433105e-01,-9.999981522560119629e-01,9.999980926513671875e-01,9.999895095825195312e-01,-9.999991655349731445e-01,9.999990463256835938e-01,-9.999976158142089844e-01,9.999971985816955566e-01,-9.999991059303283691e-01,-9.999241232872009277e-01,-9.999603033065795898e-01,-9.999988675117492676e-01,-9.999969601631164551e-01,9.999855160713195801e-01,9.999986886978149414e-01,9.999949336051940918e-01,-9.999987483024597168e-01,9.999987483024597168e-01,-9.999980330467224121e-01,9.999985098838806152e-01,9.999412298202514648e-01,-9.999991059303283691e-01,9.999975562095642090e-01,-9.999991655349731445e-01,9.999982714653015137e-01,9.999960064888000488e-01,9.999974370002746582e-01,9.999987483024597168e-01,-9.999971985816955566e-01,-9.999981522560119629e-01,9.999976158142089844e-01,9.999929070472717285e-01,9.999957680702209473e-01,-9.999873042106628418e-01,9.999937415122985840e-01
-9.999942183494567871e-01,9.999951720237731934e-01,9.999803304672241211e-01,-9.999915957450866699e-01,-9.999960660934448242e-01,9.999957084655761719e-01,-9.999830722808837891e-01,-9.999966025352478027e-01,9.999823570251464844e-01,-9.999946355819702148e-01,9.999957680702209473e-01,9.999960660934448242e-01,-9.999930262565612793e-01,-9.999946355819702148e-01,-9.999814629554748535e-01,-9.999815225601196289e-01,-9.999909996986389160e-01,9.999930262565612793e-01,-9.999732971191406250e-01,9.999967813491821289e-01,9.999963045120239258e-01,-9.999799728393554688e-01,-9.999952316284179688e-01,-9.999919533729553223e-01,-9.999608993530273438e-01,-9.999962449073791504e-01,9.999938607215881348e-01,9.999959468841552734e-01,-9.999684691429138184e-01,9.999880790710449219e-01,9.999695420265197754e-01,9.999936223030090332e-01,-9.999470710754394531e-01,-9.999833703041076660e-01,9.999932050704956055e-01,-9.998930096626281738e-01,-9.999964237213134766e-01,-9.999949336051940918e-01,-9.999554157257080078e-01,9.999960064888000488e-01,-9.999952316284179688e-01,-9.999264478683471680e-01,-9.999439716339111328e-01,-9.999962449073791504e-01,-9.999939799308776855e-01,-9.999933838844299316e-01,9.999755620956420898e-01,-9.999952316284179688e-01,-9.999955296516418457e-01,9.999948143959045410e-01,9.999958276748657227e-01,9.999948740005493164e-01,9.999959468841552734e-01,9.999765753746032715e-01,9.999949336051940918e-01,9.999935030937194824e-01,9.999337792396545410e-01,-9.999671578407287598e-01,-9.999838471412658691e-01,-9.999938607215881348e-01,9.999945759773254395e-01,-9.999962449073791504e-01,-9.999945163726806641e-01,-9.999843835830688477e-01,9.999805092811584473e-01,9.999960660934448242e-01,9.999966621398925781e-01,9.999857544898986816e-01,9.999964237213134766e-01,-9.999943971633911133e-01,9.999958872795104980e-01,-9.999892711639404297e-01,9.999490380287170410e-01,9.999781847000122070e-01,9.999453425407409668e-01,9.999945163726806641e-01,-9.999695420265197754e-01,-9.999957084655761719e-01,9.999805688858032227e-01,9.999842643737792969e-01,-9.999630451202392578e-01,-9.999918341636657715e-01,9.999959468841552734e-01,-9.999937415122985840e-01,9.999942183494567871e-01,9.999536275863647461e-01,-9.997355937957763672e-01,-9.999962449073791504e-01,-9.999712705612182617e-01,-9.999265670776367188e-01,9.999807476997375488e-01,-9.999943971633911133e-01,9.999515414237976074e-01,9.999911189079284668e-01,-9.999921321868896484e-01,9.999923706054687500e-01,9.999573826789855957e-01,-9.999964833259582520e-01,9.999959468841552734e-01,-9.999902248382568359e-01,9.999887347221374512e-01,-9.999961256980895996e-01,-9.996895790100097656e-01,-9.998381137847900391e-01,-9.999954104423522949e-01,-9.999881982803344727e-01,9.999407529830932617e-01,9.999946951866149902e-01,9.999791979789733887e-01,-9.999949336051940918e-01,9.999949932098388672e-01,-9.999920725822448730e-01,9.999939799308776855e-01,9.997598528861999512e-01,-9.999965429306030273e-01,9.999899864196777344e-01,-9.999964237213134766e-01,9.999931454658508301e-01,9.999839663505554199e-01,9.999896287918090820e-01,9.999949336051940918e-01,-9.999887347221374512e-01,-9.999924898147583008e-01,9.999903440475463867e-01,9.999710321426391602e-01,9.999825954437255859e-01,-9.999480247497558594e-01,9.999743700027465820e-01
9.999974966049194336e-01,-9.999979138374328613e-01,-9.999915957450866699e-01,9.999963641166687012e-01,9.999983310699462891e-01,-9.999980330467224121e-01,9.999927878379821777e-01,9.999985694885253906e-01,-9.999924302101135254e-01,9.999976158142089844e-01,-9.999980926513671875e-01,-9.999983310699462891e-01,9.999969601631164551e-01,9.999977350234985352e-01,9.999920725822448730e-01,9.999921321868896484e-01,9.999960660934448242e-01,-9.999969601631164551e-01,9.999884963035583496e-01,-9.999986290931701660e-01,-9.999983906745910645e-01,9.999913573265075684e-01,9.999979734420776367e-01,9.999964833259582520e-01,9.999831914901733398e-01,9.999984502792358398e-01,-9.999973773956298828e-01,-9.999982714653015137e-01,9.999864697456359863e-01,-9.999949336051940918e-01,-9.999868869781494141e-01,-9.999973177909851074e-01,9.999772906303405762e-01,9.999929666519165039e-01,-9.999970197677612305e-01,9.999538660049438477e-01,9.999985694885253906e-01,9.999978542327880859e-01,9.999808669090270996e-01,-9.999983906745910645e-01,9.999980330467224121e-01,9.999683499336242676e-01,9.999758601188659668e-01,9.999984502792358398e-01,9.999973773956298828e-01,9.999971985816955566e-01,-9.999895095825195312e-01,9.999979734420776367e-01,9.999980330467224121e-01,-9.999977350234985352e-01,-9.999980926513671875e-01,-9.999977946281433105e-01,-9.999982118606567383e-01,-9.999898672103881836e-01,-9.999977946281433105e-01,-9.999972581863403320e-01,-9.999715685844421387e-01,9.999858140945434570e-01,9.999930858612060547e-01,9.999973177909851074e-01,-9.999976754188537598e-01,9.999983906745910645e-01,9.999976158142089844e-01,9.999933838844299316e-01,-9.999916553497314453e-01,-9.999983906745910645e-01,-9.999985694885253906e-01,-9.999938607215881348e-01,-9.999983906745910645e-01,9.999976158142089844e-01,-9.999982714653015137e-01,9.999953508377075195e-01,-9.999780654907226562e-01,-9.999905824661254883e-01,-9.999764561653137207e-01,-9.999976754188537598e-01,9.999868273735046387e-01,9.999982118606567383e-01,-9.999916553497314453e-01,-9.999932646751403809e-01,9.999842047691345215e-01,9.999964237213134766e-01,-9.999983310699462891e-01,9.999972581863403320e-01,-9.999975562095642090e-01,-9.999800920486450195e-01,9.998857975006103516e-01,9.999983906745910645e-01,9.999876022338867188e-01,9.999684095382690430e-01,-9.999916553497314453e-01,9.999976158142089844e-01,-9.999790787696838379e-01,-9.999962449073791504e-01,9.999964833259582520e-01,-9.999966621398925781e-01,-9.999816417694091797e-01,9.999985694885253906e-01,-9.999982714653015137e-01,9.999958276748657227e-01,-9.999951720237731934e-01,9.999982118606567383e-01,9.998660683631896973e-01,9.999300837516784668e-01,9.999979734420776367e-01,9.999949336051940918e-01,-9.999744892120361328e-01,-9.999976754188537598e-01,-9.999910593032836914e-01,9.999977946281433105e-01,-9.999978542327880859e-01,9.999966621398925781e-01,-9.999974370002746582e-01,-9.998962879180908203e-01,9.999985098838806152e-01,-9.999957680702209473e-01,9.999985694885253906e-01,-9.999969601631164551e-01,-9.999931454658508301e-01,-9.999955892562866211e-01,-9.999977946281433105e-01,9.999951124191284180e-01,9.999967217445373535e-01,-9.999958872795104980e-01,-9.999874830245971680e-01,-9.999925494194030762e-01,9.999775886535644531e-01,-9.999889135360717773e-01
9.999988675117492676e-01,-9.999992251396179199e-01,-9.999960660934448242e-01,9.999983310699462891e-01,9.999993443489074707e-01,-9.999992251396179199e-01,9.999966025352478027e-01,9.999994039535522461e-01,-9.999964833259582520e-01,9.999989271163940430e-01,-9.999992251396179199e-01,-9.999992847442626953e-01,9.999986290931701660e-01,9.999989867210388184e-01,9.999963045120239258e-01,9.999963045120239258e-01,9.999982118606567383e-01,-9.999986886978149414e-01,9.999947547912597656e-01,-9.999994635581970215e-01,-9.999993443489074707e-01,9.999958872795104980e-01,9.999991059303283691e-01,9.999983906745910645e-01,9.999923110008239746e-01,9.999992847442626953e-01,-9.999988079071044922e-01,-9.999992847442626953e-01,9.999938011169433594e-01,-9.999976754188537598e-01,-9.999939203262329102e-01,-9.999987483024597168e-01,9.999896287918090820e-01,9.999967217445373535e-01,-9.999986290931701660e-01,9.999790787696838379e-01,9.999993443489074707e-01,9.999991655349731445e-01,9.999912381172180176e-01,-9.999993443489074707e-01,9.999991059303283691e-01,9.999856948852539062e-01,9.999890327453613281e-01,9.999994039535522461e-01,9.999988079071044922e-01,9.999986886978149414e-01,-9.999952912330627441e-01,9.999991059303283691e-01,9.999991655349731445e-01,-9.999989867210388184e-01,-9.999991059303283691e-01,-9.999989271163940430e-01,-9.999992251396179199e-01,-9.999953508377075195e-01,-9.999990463256835938e-01,-9.999986886978149414e-01,-9.999870061874389648e-01,9.999936223030090332e-01,9.999967813491821289e-01,9.999988079071044922e-01,-9.999989867210388184e-01,9.999992847442626953e-01,9.999989271163940430e-01,9.999969005584716797e-01,-9.999961256980895996e-01,-9.999993443489074707e-01,-9.999994635581970215e-01,-9.999971389770507812e-01,-9.999993443489074707e-01,9.999989271163940430e-01,-9.999993443489074707e-01,9.999978542327880859e-01,-9.999899864196777344e-01,-9.999956488609313965e-01,-9.999892711639404297e-01,-9.999989867210388184e-01,9.999940395355224609e-01,9.999992847442626953e-01,-9.999961256980895996e-01,-9.999969005584716797e-01,9.999927282333374023e-01,9.999983906745910645e-01,-9.999993443489074707e-01,9.999987483024597168e-01,-9.999988675117492676e-01,-9.999908804893493652e-01,9.999479055404663086e-01,9.999992847442626953e-01,9.999944567680358887e-01,9.999856352806091309e-01,-9.999961853027343750e-01,9.999989271163940430e-01,-9.999904632568359375e-01,-9.999983310699462891e-01,9.999983906745910645e-01,-9.999984502792358398e-01,-9.999916553497314453e-01,9.999994039535522461e-01,-9.999993443489074707e-01,9.999980330467224121e-01,-9.999977350234985352e-01,9.999991655349731445e-01,9.999389648437500000e-01,9.999681115150451660e-01,9.999991655349731445e-01,9.999976754188537598e-01,-9.999884366989135742e-01,-9.999989271163940430e-01,-9.999959468841552734e-01,9.999989867210388184e-01,-9.999990463256835938e-01,9.999985098838806152e-01,-9.999988079071044922e-01,-9.999527931213378906e-01,9.999993443489074707e-01,-9.999980330467224121e-01,9.999993443489074707e-01,-9.999986290931701660e-01,-9.999967813491821289e-01,-9.999979138374328613e-01,-9.999990463256835938e-01,9.999977350234985352e-01,9.999984502792358398e-01,-9.999979734420776367e-01,-9.999942779541015625e-01,-9.999966025352478027e-01,9.999898076057434082e-01,-9.999949336051940918e-01
-9.999987483024597168e-01,9.999988675117492676e-01,9.999957084655761719e-01,-9.999980330467224121e-01,-9.999992251396179199e-01,9.999990463256835938e-01,-9.999963045120239258e-01,-9.999992251396179199e-01,9.999960660934448242e-01,-9.999987483024597168e-01,9.999990463256835938e-01,9.999991059303283691e-01,-9.999983906745910645e-01,-9.999988079071044922e-01,-9.999959468841552734e-01,-9.999959468841552734e-01,-9.999979138374328613e-01,9.999984502792358398e-01,-9.999942183494567871e-01,9.999992847442626953e-01,9.999991655349731445e-01,-9.999955892562866211e-01,-9.999989271163940430e-01,-9.999981522560119629e-01,-9.999915361404418945e-01,-9.999992251396179199e-01,9.999986290931701660e-01,9.999991655349731445e-01,-9.999932050704956055e-01,9.999973773956298828e-01,9.999933838844299316e-01,9.999986290931701660e-01,-9.999885559082031250e-01,-9.999963045120239258e-01,9.999984502792358398e-01,-9.999769330024719238e-01,-9.999992847442626953e-01,-9.999988079071044922e-01,-9.999903440475463867e-01,9.999991655349731445e-01,-9.999989271163940430e-01,-9.999842047691345215e-01,-9.999879002571105957e-01,-9.999991655349731445e-01,-9.999986290931701660e-01,-9.999985694885253906e-01,9.999947547912597656e-01,-9.999989271163940430e-01,-9.999991059303283691e-01,9.999988675117492676e-01,9.999990463256835938e-01,9.999987483024597168e-01,9.999991655349731445e-01,9.999948740005493164e-01,9.999988079071044922e-01,9.999985694885253906e-01,9.999857544898986816e-01,-9.999929666519165039e-01,-9.999964833259582520e-01,-9.999986886978149414e-01,9.999987483024597168e-01,-9.999992251396179199e-01,-9.999987483024597168e-01,-9.999966025352478027e-01,9.999957680702209473e-01,9.999991655349731445e-01,9.999992251396179199e-01,9.999969005584716797e-01,9.999991655349731445e-01,-9.999987483024597168e-01,9.999990463256835938e-01,-9.999976158142089844e-01,9.999889731407165527e-01,9.999952316284179688e-01,9.999881982803344727e-01,9.999988079071044922e-01,-9.999933838844299316e-01,-9.999991059303283691e-01,9.999958276748657227e-01,9.999964833259582520e-01,-9.999920725822448730e-01,-9.999980926513671875e-01,9.999991655349731445e-01,-9.999985694885253906e-01,9.999986886978149414e-01,9.999899864196777344e-01,-9.999430179595947266e-01,-9.999991655349731445e-01,-9.999938011169433594e-01,-9.999841451644897461e-01,9.999957084655761719e-01,-9.999987483024597168e-01,9.999895095825195312e-01,9.999980330467224121e-01,-9.999981522560119629e-01,9.999982118606567383e-01,9.999907016754150391e-01,-9.999992847442626953e-01,9.999991655349731445e-01,-9.999978542327880859e-01,9.999974966049194336e-01,-9.999991059303283691e-01,-9.999332427978515625e-01,-9.999650716781616211e-01,-9.999989271163940430e-01,-9.999973773956298828e-01,9.999871850013732910e-01,9.999987483024597168e-01,9.999955296516418457e-01,-9.999988079071044922e-01,9.999988675117492676e-01,-9.999982714653015137e-01,9.999986290931701660e-01,9.999482631683349609e-01,-9.999992251396179199e-01,9.999977946281433105e-01,-9.999992847442626953e-01,9.999983906745910645e-01,9.999963641166687012e-01,9.999977350234985352e-01,9.999988675117492676e-01,-9.999975562095642090e-01,-9.999982118606567383e-01,9.999978542327880859e-01,9.999936819076538086e-01,9.999961853027343750e-01,-9.999887347221374512e-01,9.999944567680358887e-01
9.999950528144836426e-01,-9.999959468841552734e-01,-9.999830722808837891e-01,9.999927878379821777e-01,9.999966025352478027e-01,-9.999963045120239258e-01,9.999854564666748047e-01,9.999970793724060059e-01,-9.999848008155822754e-01,9.999952912330627441e-01,-9.999962449073791504e-01,-9.999967217445373535e-01,9.999940991401672363e-01,9.999954104423522949e-01,9.999840259552001953e-01,9.999840855598449707e-01,9.999922513961791992e-01,-9.999938607215881348e-01,9.999770522117614746e-01,-9.999973177909851074e-01,-9.999968409538269043e-01,9.999828338623046875e-01,9.999959468841552734e-01,9.999930858612060547e-01,9.999663233757019043e-01,9.999968409538269043e-01,-9.999946355819702148e-01,-9.999965429306030273e-01,9.999728798866271973e-01,-9.999898076057434082e-01,-9.999738931655883789e-01,-9.999945163726806641e-01,9.999545812606811523e-01,9.999857544898986816e-01,-9.999941587448120117e-01,9.999079704284667969e-01,9.999970197677612305e-01,9.999957084655761719e-01,9.999616146087646484e-01,-9.999966025352478027e-01,9.999960064888000488e-01,9.999367594718933105e-01,9.999517202377319336e-01,9.999968409538269043e-01,9.999948143959045410e-01,9.999942779541015625e-01,-9.999790191650390625e-01,9.999958872795104980e-01,9.999961256980895996e-01,-9.999955296516418457e-01,-9.999963641166687012e-01,-9.999956488609313965e-01,-9.999964833259582520e-01,-9.999798536300659180e-01,-9.999956488609313965e-01,-9.999943971633911133e-01,-9.999430775642395020e-01,9.999718666076660156e-01,9.999860525131225586e-01,9.999947547912597656e-01,-9.999953508377075195e-01,9.999967217445373535e-01,9.999952912330627441e-01,9.999865889549255371e-01,-9.999832510948181152e-01,-9.999966621398925781e-01,-9.999971985816955566e-01,-9.999878406524658203e-01,-9.999969005584716797e-01,9.999951124191284180e-01,-9.999964833259582520e-01,9.999907612800598145e-01,-9.999561905860900879e-01,-9.999812245368957520e-01,-9.999529719352722168e-01,-9.999953508377075195e-01,9.999737143516540527e-01,9.999963045120239258e-01,-9.999833106994628906e-01,-9.999864697456359863e-01,9.999682903289794922e-01,9.999930262565612793e-01,-9.999965429306030273e-01,9.999946355819702148e-01,-9.999949932098388672e-01,-9.999601244926452637e-01,9.997724890708923340e-01,9.999967813491821289e-01,9.999752640724182129e-01,9.999368190765380859e-01,-9.999834299087524414e-01,9.999951720237731934e-01,-9.999582171440124512e-01,-9.999923706054687500e-01,9.999931454658508301e-01,-9.999934434890747070e-01,-9.999633431434631348e-01,9.999970793724060059e-01,-9.999964833259582520e-01,9.999915957450866699e-01,-9.999903440475463867e-01,9.999966621398925781e-01,9.997330307960510254e-01,9.998607039451599121e-01,9.999960064888000488e-01,9.999898672103881836e-01,-9.999490976333618164e-01,-9.999954104423522949e-01,-9.999821186065673828e-01,9.999956488609313965e-01,-9.999957680702209473e-01,9.999932050704956055e-01,-9.999948143959045410e-01,-9.997934103012084961e-01,9.999970197677612305e-01,-9.999914765357971191e-01,9.999970197677612305e-01,-9.999940991401672363e-01,-9.999862909317016602e-01,-9.999910593032836914e-01,-9.999957084655761719e-01,9.999903440475463867e-01,9.999936223030090332e-01,-9.999917149543762207e-01,-9.999752044677734375e-01,-9.999849796295166016e-01,9.999552965164184570e-01,-9.999780058860778809e-01
9.999990463256835938e-01,-9.999992251396179199e-01,-9.999966025352478027e-01,9.999985694885253906e-01,9.999994039535522461e-01,-9.999992251396179199e-01,9.999970793724060059e-01,9.999995231628417969e-01,-9.999969005584716797e-01,9.999991059303283691e-01,-9.999992251396179199e-01,-9.999994039535522461e-01,9.999988079071044922e-01,9.999991059303283691e-01,9.999967813491821289e-01,9.999969005584716797e-01,9.999983310699462891e-01,-9.999987483024597168e-01,9.999954700469970703e-01,-9.999995231628417969e-01,-9.999994039535522461e-01,9.999964833259582520e-01,9.999993443489074707e-01,9.999985098838806152e-01,9.999935030937194824e-01,9.999994039535522461e-01,-9.999989867210388184e-01,-9.999993443489074707e-01,9.999947547912597656e-01,-9.999980330467224121e-01,-9.999947547912597656e-01,-9.999989271163940430e-01,9.999910593032836914e-01,9.999971389770507812e-01,-9.999988079071044922e-01,9.999819397926330566e-01,9.999994039535522461e-01,9.999991655349731445e-01,9.999924302101135254e-01,-9.999994635581970215e-01,9.999992251396179199e-01,9.999875426292419434e-01,9.999904632568359375e-01,9.999994039535522461e-01,9.999989867210388184e-01,9.999989271163940430e-01,-9.999958872795104980e-01,9.999993443489074707e-01,9.999992847442626953e-01,-9.999991655349731445e-01,-9.999993443489074707e-01,-9.999991655349731445e-01,-9.999994039535522461e-01,-9.999959468841552734e-01,-9.999991655349731445e-01,-9.999988675117492676e-01,-9.999888539314270020e-01,9.999944567680358887e-01,9.999973177909851074e-01,9.999989867210388184e-01,-9.999991059303283691e-01,9.999994039535522461e-01,9.999991059303283691e-01,9.999973773956298828e-01,-9.999966621398925781e-01,-9.999994635581970215e-01,-9.999995231628417969e-01,-9.999975562095642090e-01,-9.999993443489074707e-01,9.999991059303283691e-01,-9.999994039535522461e-01,9.999981522560119629e-01,-9.999913573265075684e-01,-9.999962449073791504e-01,-9.999907612800598145e-01,-9.999992251396179199e-01,9.999947547912597656e-01,9.999994039535522461e-01,-9.999966621398925781e-01,-9.999973177909851074e-01,9.999937415122985840e-01,9.999986290931701660e-01,-9.999994039535522461e-01,9.999989271163940430e-01,-9.999990463256835938e-01,-9.999921321868896484e-01,9.999550580978393555e-01,9.999993443489074707e-01,9.999951720237731934e-01,9.999876022338867188e-01,-9.999966621398925781e-01,9.999991059303283691e-01,-9.999917745590209961e-01,-9.999985694885253906e-01,9.999986290931701660e-01,-9.999986886978149414e-01,-9.999927878379821777e-01,9.999995231628417969e-01,-9.999994039535522461e-01,9.999983310699462891e-01,-9.999980926513671875e-01,9.999992847442626953e-01,9.999473094940185547e-01,9.999724626541137695e-01,9.999992847442626953e-01,9.999979734420776367e-01,-9.999899864196777344e-01,-9.999991655349731445e-01,-9.999965429306030273e-01,9.999991655349731445e-01,-9.999992251396179199e-01,9.999986290931701660e-01,-9.999989867210388184e-01,-9.999592304229736328e-01,9.999994635581970215e-01,-9.999983906745910645e-01,9.999994039535522461e-01,-9.999988079071044922e-01,-9.999972581863403320e-01,-9.999983310699462891e-01,-9.999991655349731445e-01,9.999980330467224121e-01,9.999986290931701660e-01,-9.999982714653015137e-01,-9.999951124191284180e-01,-9.999970793724060059e-01,9.999911785125732422e-01,-9.999956488609313965e-01
-9.999947547912597656e-01,9.999956488609313965e-01,9.999823570251464844e-01,-9.999924302101135254e-01,-9.999964833259582520e-01,9.999960660934448242e-01,-9.999848008155822754e-01,-9.999969005584716797e-01,9.999842643737792969e-01,-9.999950528144836426e-01,9.999961256980895996e-01,9.999964833259582520e-01,-9.999936223030090332e-01,-9.999952316284179688e-01,-9.999833703041076660e-01,-9.999834299087524414e-01,-9.999918937683105469e-01,9.999936223030090332e-01,-9.999760389328002930e-01,9.999970793724060059e-01,9.999966621398925781e-01,-9.999819993972778320e-01,-9.999957084655761719e-01,-9.999927282333374023e-01,-9.999650120735168457e-01,-9.999966025352478027e-01,9.999944567680358887e-01,9.999964237213134766e-01,-9.999718070030212402e-01,9.999892711639404297e-01,9.999727606773376465e-01,9.999942183494567871e-01,-9.999526739120483398e-01,-9.999850988388061523e-01,9.999938011169433594e-01,-9.999042749404907227e-01,-9.999967813491821289e-01,-9.999954104423522949e-01,-9.999600052833557129e-01,9.999963641166687012e-01,-9.999957680702209473e-01,-9.999341964721679688e-01,-9.999496936798095703e-01,-9.999965429306030273e-01,-9.999945163726806641e-01,-9.999939799308776855e-01,9.999781847000122070e-01,-9.999956488609313965e-01,-9.999958872795104980e-01,9.999953508377075195e-01,9.999961256980895996e-01,9.999953508377075195e-01,9.999962449073791504e-01,9.999788999557495117e-01,9.999954104423522949e-01,9.999941587448120117e-01,9.999407529830932617e-01,-9.999706745147705078e-01,-9.999855160713195801e-01,-9.999945163726806641e-01,9.999950528144836426e-01,-9.999966025352478027e-01,-9.999949932098388672e-01,-9.999859333038330078e-01,9.999824762344360352e-01,9.999964833259582520e-01,9.999970197677612305e-01,9.999872446060180664e-01,9.999967217445373535e-01,-9.999949336051940918e-01,9.999962449073791504e-01,-9.999903440475463867e-01,9.999544024467468262e-01,9.999803900718688965e-01,9.999510049819946289e-01,9.999950528144836426e-01,-9.999726414680480957e-01,-9.999960660934448242e-01,9.999826550483703613e-01,9.999859333038330078e-01,-9.999668598175048828e-01,-9.999926090240478516e-01,9.999963045120239258e-01,-9.999943375587463379e-01,9.999947547912597656e-01,9.999585151672363281e-01,-9.997633695602416992e-01,-9.999965429306030273e-01,-9.999743103981018066e-01,-9.999343752861022949e-01,9.999827146530151367e-01,-9.999948740005493164e-01,9.999564886093139648e-01,9.999920725822448730e-01,-9.999928474426269531e-01,9.999931454658508301e-01,9.999617934226989746e-01,-9.999967813491821289e-01,9.999962449073791504e-01,-9.999911785125732422e-01,9.999898672103881836e-01,-9.999964237213134766e-01,-9.997223615646362305e-01,-9.998551607131958008e-01,-9.999958276748657227e-01,-9.999893903732299805e-01,9.999468922615051270e-01,9.999951720237731934e-01,9.999814033508300781e-01,-9.999954104423522949e-01,9.999954700469970703e-01,-9.999929070472717285e-01,9.999946355819702148e-01,9.997853040695190430e-01,-9.999968409538269043e-01,9.999910593032836914e-01,-9.999968409538269043e-01,9.999938011169433594e-01,9.999855160713195801e-01,9.999906420707702637e-01,9.999954700469970703e-01,-9.999898076057434082e-01,-9.999932646751403809e-01,9.999912977218627930e-01,9.999740123748779297e-01,9.999845027923583984e-01,-9.999533891677856445e-01,9.999770522117614746e-01
9.999983906745910645e-01,-9.999986290931701660e-01,-9.999946355819702148e-01,9.999976158142089844e-01,9.999989271163940430e-01,-9.999987483024597168e-01,9.999952912330627441e-01,9.999991059303283691e-01,-9.999950528144836426e-01,9.999984502792358398e-01,-9.999987483024597168e-01,-9.999989271163940430e-01,9.999980330467224121e-01,9.999985694885253906e-01,9.999949336051940918e-01,9.999948740005493164e-01,9.999974370002746582e-01,-9.999979734420776367e-01,9.999926090240478516e-01,-9.999991655349731445e-01,-9.999989867210388184e-01,9.999944567680358887e-01,9.999986290931701660e-01,9.999977350234985352e-01,9.999892115592956543e-01,9.999989867210388184e-01,-9.999983310699462891e-01,-9.999988675117492676e-01,9.999912977218627930e-01,-9.999966025352478027e-01,-9.999915361404418945e-01,-9.999982118606567383e-01,9.999852776527404785e-01,9.999953508377075195e-01,-9.999980926513671875e-01,9.999702572822570801e-01,9.999990463256835938e-01,9.999985694885253906e-01,9.999876022338867188e-01,-9.999988675117492676e-01,9.999986886978149414e-01,9.999795556068420410e-01,9.999843239784240723e-01,9.999989867210388184e-01,9.999982714653015137e-01,9.999981522560119629e-01,-9.999932050704956055e-01,9.999986290931701660e-01,9.999986886978149414e-01,-9.999985098838806152e-01,-9.999988079071044922e-01,-9.999985694885253906e-01,-9.999989271163940430e-01,-9.999935030937194824e-01,-9.999985694885253906e-01,-9.999981522560119629e-01,-9.999816417694091797e-01,9.999908804893493652e-01,9.999955296516418457e-01,9.999982714653015137e-01,-9.999985694885253906e-01,9.999989271163940430e-01,9.999983310699462891e-01,9.999956488609313965e-01,-9.999945759773254395e-01,-9.999989271163940430e-01,-9.999992251396179199e-01,-9.999959468841552734e-01,-9.999990463256835938e-01,9.999983906745910645e-01,-9.999988079071044922e-01,9.999969601631164551e-01,-9.999858736991882324e-01,-9.999938607215881348e-01,-9.999848008155822754e-01,-9.999984502792358398e-01,9.999914765357971191e-01,9.999988675117492676e-01,-9.999945759773254395e-01,-9.999955892562866211e-01,9.999897480010986328e-01,9.999976158142089844e-01,-9.999989271163940430e-01,9.999982118606567383e-01,-9.999983906745910645e-01,-9.999871253967285156e-01,9.999263286590576172e-01,9.999989867210388184e-01,9.999920725822448730e-01,9.999796152114868164e-01,-9.999946355819702148e-01,9.999985098838806152e-01,-9.999865293502807617e-01,-9.999974966049194336e-01,9.999977350234985352e-01,-9.999978542327880859e-01,-9.999881386756896973e-01,9.999992251396179199e-01,-9.999989271163940430e-01,9.999971985816955566e-01,-9.999968409538269043e-01,9.999988675117492676e-01,9.999135732650756836e-01,9.999549388885498047e-01,9.999986886978149414e-01,9.999966621398925781e-01,-9.999836087226867676e-01,-9.999985098838806152e-01,-9.999942779541015625e-01,9.999984502792358398e-01,-9.999985098838806152e-01,9.999977946281433105e-01,-9.999983310699462891e-01,-9.999331831932067871e-01,9.999989867210388184e-01,-9.999972581863403320e-01,9.999991655349731445e-01,-9.999981522560119629e-01,-9.999955892562866211e-01,-9.999970793724060059e-01,-9.999985694885253906e-01,9.999969005584716797e-01,9.999978542327880859e-01,-9.999973177909851074e-01,-9.999919533729553223e-01,-9.999952316284179688e-01,9.999855756759643555e-01,-9.999928474426269531e-01
-9.999986886978149414e-01,9.999989271163940430e-01,9.999957680702209473e-01,-9.999980926513671875e-01,-9.999992251396179199e-01,9.999990463256835938e-01,-9.999962449073791504e-01,-9.999992251396179199e-01,9.999961256980895996e-01,-9.999987483024597168e-01,9.999990463256835938e-01,9.999991655349731445e-01,-9.999983906745910645e-01,-9.999988079071044922e-01,-9.999960064888000488e-01,-9.999958872795104980e-01,-9.999979138374328613e-01,9.999984502792358398e-01,-9.999942779541015625e-01,9.999993443489074707e-01,9.999991655349731445e-01,-9.999956488609313965e-01,-9.999989271163940430e-01,-9.999981522560119629e-01,-9.999917149543762207e-01,-9.999991655349731445e-01,9.999986886978149414e-01,9.999991059303283691e-01,-9.999932050704956055e-01,9.999973773956298828e-01,9.999933838844299316e-01,9.999985694885253906e-01,-9.999886751174926758e-01,-9.999963045120239258e-01,9.999984502792358398e-01,-9.999772310256958008e-01,-9.999992847442626953e-01,-9.999988675117492676e-01,-9.999904632568359375e-01,9.999991059303283691e-01,-9.999989271163940430e-01,-9.999843239784240723e-01,-9.999880194664001465e-01,-9.999991655349731445e-01,-9.999986290931701660e-01,-9.999985694885253906e-01,9.999948143959045410e-01,-9.999989271163940430e-01,-9.999989867210388184e-01,9.999988079071044922e-01,9.999990463256835938e-01,9.999987483024597168e-01,9.999990463256835938e-01,9.999949336051940918e-01,9.999988079071044922e-01,9.999985098838806152e-01,9.999859333038330078e-01,-9.999929070472717285e-01,-9.999964833259582520e-01,-9.999986290931701660e-01,9.999987483024597168e-01,-9.999991655349731445e-01,-9.999987483024597168e-01,-9.999966621398925781e-01,9.999958276748657227e-01,9.999991655349731445e-01,9.999992251396179199e-01,9.999968409538269043e-01,9.999991655349731445e-01,-9.999988079071044922e-01,9.999990463256835938e-01,-9.999975562095642090e-01,9.999890923500061035e-01,9.999952912330627441e-01,9.999883174896240234e-01,9.999987483024597168e-01,-9.999933242797851562e-01,-9.999991059303283691e-01,9.999958276748657227e-01,9.999964237213134766e-01,-9.999921917915344238e-01,-9.999981522560119629e-01,9.999991655349731445e-01,-9.999985694885253906e-01,9.999986290931701660e-01,9.999901056289672852e-01,-9.999437332153320312e-01,-9.999991655349731445e-01,-9.999938011169433594e-01,-9.999844431877136230e-01,9.999957680702209473e-01,-9.999986886978149414e-01,9.999896287918090820e-01,9.999980926513671875e-01,-9.999982714653015137e-01,9.999982714653015137e-01,9.999908208847045898e-01,-9.999992251396179199e-01,9.999990463256835938e-01,-9.999978542327880859e-01,9.999974370002746582e-01,-9.999991059303283691e-01,-9.999340176582336426e-01,-9.999654889106750488e-01,-9.999989867210388184e-01,-9.999973773956298828e-01,9.999873638153076172e-01,9.999988079071044922e-01,9.999955296516418457e-01,-9.999987483024597168e-01,9.999988675117492676e-01,-9.999982118606567383e-01,9.999986290931701660e-01,9.999489188194274902e-01,-9.999991655349731445e-01,9.999977946281433105e-01,-9.999992847442626953e-01,9.999985098838806152e-01,9.999965429306030273e-01,9.999977946281433105e-01,9.999988079071044922e-01,-9.999974966049194336e-01,-9.999982118606567383e-01,9.999977946281433105e-01,9.999937415122985840e-01,9.999962449073791504e-01,-9.999889135360717773e-01,9.999944567680358887e-01
-9.999988675117492676e-01,9.999991059303283691e-01,9.999960660934448242e-01,-9.999983310699462891e-01,-9.999992847442626953e-01,9.999991059303283691e-01,-9.999967217445373535e-01,-9.999994039535522461e-01,9.999964833259582520e-01,-9.999989271163940430e-01,9.999991655349731445e-01,9.999992251396179199e-01,-9.999985694885253906e-01,-9.999989271163940430e-01,-9.999963641166687012e-01,-9.999963641166687012e-01,-9.999981522560119629e-01,9.999986290931701660e-01,-9.999948143959045410e-01,9.999994039535522461e-01,9.999993443489074707e-01,-9.999961256980895996e-01,-9.999991059303283691e-01,-9.999983310699462891e-01,-9.999924898147583008e-01,-9.999993443489074707e-01,9.999988675117492676e-01,9.999991655349731445e-01,-9.999939203262329102e-01,9.999976754188537598e-01,9.999940395355224609e-01,9.999986886978149414e-01,-9.999898076057434082e-01,-9.999967813491821289e-01,9.999985694885253906e-01,-9.999794363975524902e-01,-9.999993443489074707e-01,-9.999990463256835938e-01,-9.999914169311523438e-01,9.999992847442626953e-01,-9.999991655349731445e-01,-9.999858736991882324e-01,-9.999891519546508789e-01,-9.999993443489074707e-01,-9.999988079071044922e-01,-9.999986886978149414e-01,9.999952912330627441e-01,-9.999991059303283691e-01,-9.999991059303283691e-01,9.999989867210388184e-01,9.999991655349731445e-01,9.999989271163940430e-01,9.999992251396179199e-01,9.999954104423522949e-01,9.999990463256835938e-01,9.999987483024597168e-01,9.999873638153076172e-01,-9.999936819076538086e-01,-9.999968409538269043e-01,-9.999988079071044922e-01,9.999989271163940430e-01,-9.999992251396179199e-01,-9.999988675117492676e-01,-9.999969601631164551e-01,9.999961853027343750e-01,9.999993443489074707e-01,9.999994039535522461e-01,9.999971985816955566e-01,9.999992847442626953e-01,-9.999988675117492676e-01,9.999992251396179199e-01,-9.999978542327880859e-01,9.999901056289672852e-01,9.999957084655761719e-01,9.999895095825195312e-01,9.999989271163940430e-01,-9.999940395355224609e-01,-9.999992251396179199e-01,9.999961853027343750e-01,9.999968409538269043e-01,-9.999929070472717285e-01,-9.999983310699462891e-01,9.999993443489074707e-01,-9.999987483024597168e-01,9.999988675117492676e-01,9.999910593032836914e-01,-9.999489784240722656e-01,-9.999993443489074707e-01,-9.999944567680358887e-01,-9.999858736991882324e-01,9.999961256980895996e-01,-9.999989271163940430e-01,9.999907016754150391e-01,9.999982714653015137e-01,-9.999985098838806152e-01,9.999985098838806152e-01,9.999917149543762207e-01,-9.999993443489074707e-01,9.999992251396179199e-01,-9.999980926513671875e-01,9.999977350234985352e-01,-9.999992251396179199e-01,-9.999401569366455078e-01,-9.999687671661376953e-01,-9.999991655349731445e-01,-9.999976754188537598e-01,9.999886155128479004e-01,9.999989271163940430e-01,9.999960064888000488e-01,-9.999990463256835938e-01,9.999989867210388184e-01,-9.999984502792358398e-01,9.999988675117492676e-01,9.999537467956542969e-01,-9.999992847442626953e-01,9.999980330467224121e-01,-9.999994635581970215e-01,9.999986290931701660e-01,9.999968409538269043e-01,9.999979734420776367e-01,9.999989867210388184e-01,-9.999977946281433105e-01,-9.999984502792358398e-01,9.999981522560119629e-01,9.999943971633911133e-01,9.999966621398925781e-01,-9.999899268150329590e-01,9.999951124191284180e-01
