4.657643139362335205e-01,3.088892437517642975e-03,-2.547002024948596954e-02,-7.891019433736801147e-02,1.826792210340499878e-01,-1.485261172056198120e-01,9.636843949556350708e-02,3.742716312408447266e-01,8.308415859937667847e-02,4.286844283342361450e-02,-8.660136163234710693e-02,-5.467301979660987854e-02,-2.399487793445587158e-02,8.135648816823959351e-02,1.467688381671905518e-01,1.126429587602615356e-01,5.980076733976602554e-03,-4.286365211009979248e-02,1.344680041074752808e-01,-2.617198415100574493e-02,-2.824100852012634277e-02,-2.909882180392742157e-02,-8.659754693508148193e-02,9.764380753040313721e-02,4.865304566919803619e-03,3.343966230750083923e-02,5.759891867637634277e-02,-2.016987949609756470e-01,-6.622975226491689682e-03,-1.623279154300689697e-01,-1.224514394998550415e-01,-1.405781414359807968e-02,-3.790902346372604370e-02,3.631263971328735352e-02,-3.111618012189865112e-02,-4.649123921990394592e-02,-2.672749571502208710e-02,4.726294055581092834e-02,-2.988179028034210205e-01,-2.528955340385437012e-01,1.841029822826385498e-01,7.119416445493698120e-02,-1.162105724215507507e-01,8.397403173148632050e-03,5.506733898073434830e-03,2.441446762531995773e-03,-1.150671243667602539e-01,-9.053351730108261108e-02,5.051997303962707520e-02,1.788453757762908936e-02,-1.533324569463729858e-01,-7.011819630861282349e-02,1.945816874504089355e-01,-2.944496087729930878e-02,-1.203592717647552490e-01,-1.253272294998168945e-01,5.419713631272315979e-02,7.388593629002571106e-03,-4.712338745594024658e-02,-1.732412166893482208e-02,3.761547058820724487e-02,-7.317189872264862061e-02,3.551088040694594383e-03,1.512104868888854980e-01,3.989465907216072083e-02,5.882361903786659241e-03,-1.404567956924438477e-01,1.418531090021133423e-01,-8.592179417610168457e-02,1.882568746805191040e-01,-1.736051440238952637e-01,8.432457596063613892e-02,4.426194727420806885e-02,1.365483701229095459e-01,-8.114826679229736328e-02,-8.068717271089553833e-02,-1.614548964425921440e-03,8.855597674846649170e-02,-7.265088707208633423e-02,-4.580407217144966125e-02,4.014069680124521255e-03,6.721759564243257046e-04,-2.164828181266784668e-01,-5.511640105396509171e-03,-2.324674725532531738e-01,-2.240499109029769897e-02,2.377246618270874023e-01,1.840193581301718950e-04,-5.878938734531402588e-02,7.606543600559234619e-02,-1.213482543826103210e-01,8.025090396404266357e-02,1.340396702289581299e-01,-1.402935385704040527e-01,-6.152619421482086182e-02,-2.881720662117004395e-01,1.525557041168212891e-01,-1.213086434290744364e-04,-1.520257890224456787e-01,2.662748992443084717e-01,-1.263152360916137695e-01,2.942504584789276123e-01,-3.160094469785690308e-02,-3.881178423762321472e-02,-1.543820649385452271e-02,2.320662140846252441e-01,1.349680572748184204e-01,8.240302652120590210e-02,-3.185066878795623779e-01,9.991205297410488129e-03,-3.285719454288482666e-02,1.134441718459129333e-01,3.491831244900822639e-03,-7.786300778388977051e-02,1.395900398492813110e-01,-8.160400390625000000e-02,3.031896054744720459e-01,-8.377294987440109253e-02,-2.827374041080474854e-01,-1.904883980751037598e-02,-6.741014868021011353e-02,1.615967303514480591e-01,1.575433015823364258e-01,1.225374862551689148e-01,6.387358903884887695e-02,-2.123769000172615051e-02,-1.810996793210506439e-02,-3.036285191774368286e-02
3.088892437517642975e-03,1.924267224967479706e-02,-1.224617734551429749e-01,8.789023011922836304e-02,5.999315530061721802e-02,-3.842935664579272270e-03,-1.461406610906124115e-02,2.394748292863368988e-02,2.583981491625308990e-02,4.602824524044990540e-02,1.869959197938442230e-02,-4.955511912703514099e-02,1.035913527011871338e-01,9.298969060182571411e-02,1.157005578279495239e-01,1.176457628607749939e-01,-1.447736867703497410e-03,5.395814031362533569e-02,-7.511179149150848389e-02,-7.553625851869583130e-02,-5.552905052900314331e-02,1.104542762041091919e-01,7.762866467237472534e-02,-7.630884181708097458e-03,1.335306931287050247e-02,1.242094784975051880e-01,-1.283859163522720337e-01,-5.282340198755264282e-02,1.078839972615242004e-01,-1.211372204124927521e-02,2.736050449311733246e-02,-1.218985691666603088e-01,8.857561647891998291e-02,7.417806237936019897e-02,-4.081518854945898056e-03,-1.275294572114944458e-01,3.749463707208633423e-02,7.146626710891723633e-02,-7.038469612598419189e-02,-7.847507297992706299e-02,9.291747212409973145e-02,1.476740092039108276e-02,1.176298409700393677e-01,1.898909918963909149e-02,1.328800525516271591e-02,-9.179530292749404907e-02,-1.234033554792404175e-01,-3.055995330214500427e-02,-1.873367652297019958e-02,1.692491210997104645e-02,1.911085285246372223e-02,-2.320426888763904572e-02,2.731446549296379089e-02,4.178726114332675934e-03,-1.708267070353031158e-02,-1.338101327419281006e-01,2.473804913461208344e-02,9.534423239529132843e-03,-7.381070405244827271e-02,-6.634522974491119385e-02,-3.151137847453355789e-03,1.997075602412223816e-02,4.556007217615842819e-03,1.846841163933277130e-02,-2.411332912743091583e-03,-2.885372936725616455e-02,6.202714890241622925e-02,1.186440214514732361e-01,-1.157002374529838562e-01,3.876167349517345428e-03,-8.735977858304977417e-02,-3.586437180638313293e-02,-3.396815434098243713e-02,1.119168773293495178e-01,-1.661883853375911713e-02,-1.102763563394546509e-01,-2.275078790262341499e-03,1.327529847621917725e-01,-3.793669864535331726e-02,-1.105567961931228638e-01,1.195252016186714172e-01,9.263840038329362869e-04,-8.790411800146102905e-02,1.582472468726336956e-03,-9.434389322996139526e-02,-1.150936782360076904e-01,3.668068721890449524e-02,4.837312269955873489e-03,7.080972194671630859e-02,5.360517650842666626e-02,-1.533297915011644363e-02,-3.130917623639106750e-02,-9.997186064720153809e-02,5.099234730005264282e-02,-1.030586585402488708e-01,2.061481401324272156e-02,7.636605203151702881e-02,-6.801978452131152153e-05,-9.338080883026123047e-02,5.438175424933433533e-02,-2.122583612799644470e-02,2.639311365783214569e-02,-1.280196756124496460e-01,-6.371196359395980835e-02,1.332996338605880737e-01,-6.964820902794599533e-03,-8.511149138212203979e-02,-1.205742955207824707e-01,1.398692838847637177e-03,-7.881921716034412384e-03,8.982522040605545044e-02,-6.470867246389389038e-02,-1.136354580521583557e-01,-6.430271547287702560e-03,1.274606138467788696e-01,-1.122433468699455261e-01,5.848791077733039856e-02,3.360554948449134827e-02,-1.150526553392410278e-01,4.207993298768997192e-02,6.353881955146789551e-02,9.019173681735992432e-02,1.120442524552345276e-01,-6.514959782361984253e-02,-5.773150920867919922e-02,-8.095345646142959595e-02,-1.308738719671964645e-03,7.624135166406631470e-02
-2.547002024948596954e-02,-1.224617734551429749e-01,7.918365597724914551e-01,-6.334424614906311035e-01,-3.604334294795989990e-01,-5.507422238588333130e-02,6.950565427541732788e-02,-1.632473468780517578e-01,-1.518493443727493286e-01,-3.301127254962921143e-01,-1.204514279961585999e-01,3.626253902912139893e-01,-6.206645369529724121e-01,-6.597890257835388184e-01,-7.418382763862609863e-01,-7.336052060127258301e-01,4.520199261605739594e-03,-3.177180588245391846e-01,5.487171411514282227e-01,5.704489350318908691e-01,3.866111040115356445e-01,-7.413197159767150879e-01,-5.847002267837524414e-01,1.003756821155548096e-01,-9.815188497304916382e-02,-7.375684976577758789e-01,7.799409031867980957e-01,2.991098761558532715e-01,-7.128330469131469727e-01,1.094238087534904480e-01,-1.733089238405227661e-01,7.804269790649414062e-01,-5.960605144500732422e-01,-5.815642476081848145e-01,3.450784087181091309e-02,7.936390042304992676e-01,-2.641090154647827148e-01,-4.982746839523315430e-01,4.398166537284851074e-01,5.618905425071716309e-01,-6.012673377990722656e-01,-1.080673709511756897e-01,-7.230584025382995605e-01,-1.351041048765182495e-01,-1.065082401037216187e-01,6.175947189331054688e-01,7.796618938446044922e-01,2.252186685800552368e-01,1.234753355383872986e-01,-1.104018464684486389e-02,-1.511780470609664917e-01,1.771645396947860718e-01,-2.071141749620437622e-01,2.999188005924224854e-02,9.968119859695434570e-02,8.170571327209472656e-01,-2.104007452726364136e-01,-6.835407018661499023e-02,4.595831036567687988e-01,4.708137512207031250e-01,5.331947281956672668e-02,-1.724975109100341797e-01,-3.403053432703018188e-02,-1.416613310575485229e-01,5.872147623449563980e-03,1.977309435606002808e-01,-3.864934742450714111e-01,-7.329199910163879395e-01,7.457461357116699219e-01,1.762813888490200043e-03,6.151212453842163086e-01,2.621542811393737793e-01,2.482496052980422974e-01,-7.433084845542907715e-01,9.212349355220794678e-02,7.051127552986145020e-01,1.394975464791059494e-02,-8.276525139808654785e-01,3.073693811893463135e-01,7.428362369537353516e-01,-7.873312234878540039e-01,-6.936999969184398651e-03,5.869831442832946777e-01,-9.131060913205146790e-03,6.273329257965087891e-01,6.816825866699218750e-01,-2.544373571872711182e-01,-3.249669820070266724e-02,-4.621579647064208984e-01,-4.048754274845123291e-01,9.186581522226333618e-02,2.280054241418838501e-01,6.675105690956115723e-01,-3.753467500209808350e-01,6.978712081909179688e-01,-1.081631332635879517e-01,-5.041847825050354004e-01,4.963116371072828770e-04,6.430158615112304688e-01,-3.937270641326904297e-01,2.135378420352935791e-01,-1.826712936162948608e-01,8.070055842399597168e-01,4.505170285701751709e-01,-8.075208067893981934e-01,-5.545749515295028687e-02,5.891758799552917480e-01,7.555192112922668457e-01,-4.751509055495262146e-02,5.732671916484832764e-02,-6.301069259643554688e-01,5.411217808723449707e-01,7.478908896446228027e-01,-9.670231491327285767e-02,-7.682998180389404297e-01,7.029243707656860352e-01,-4.061634540557861328e-01,-2.564918994903564453e-01,7.430962324142456055e-01,-3.074680566787719727e-01,-4.306196272373199463e-01,-6.434711813926696777e-01,-7.259503006935119629e-01,4.146263599395751953e-01,4.714725911617279053e-01,6.074761748313903809e-01,-1.332367025315761566e-02,-5.457549095153808594e-01
-7.891019433736801147e-02,8.789023011922836304e-02,-6.334424614906311035e-01,6.355561614036560059e-01,1.917062252759933472e-01,1.407102793455123901e-01,-5.517306923866271973e-02,1.047930866479873657e-02,9.258788079023361206e-02,2.434546649456024170e-01,6.327495723962783813e-02,-2.716426551342010498e-01,3.808764517307281494e-01,5.824362039566040039e-01,5.636702775955200195e-01,5.076650381088256836e-01,-7.276805699802935123e-04,2.612627744674682617e-01,-4.900869727134704590e-01,-4.251971840858459473e-01,-4.231415987014770508e-01,6.202141046524047852e-01,4.627925455570220947e-01,-1.111230030655860901e-01,7.837815582752227783e-02,5.266002416610717773e-01,-5.915190577507019043e-01,-9.840034693479537964e-02,4.953330457210540771e-01,3.058226546272635460e-03,1.289243251085281372e-01,-6.698746681213378906e-01,5.555799007415771484e-01,3.936108648777008057e-01,-8.985767140984535217e-03,-6.057787537574768066e-01,2.105674743652343750e-01,3.462162613868713379e-01,-1.650994867086410522e-01,-5.216856598854064941e-01,4.605330526828765869e-01,1.015756949782371521e-01,5.713216066360473633e-01,9.835927188396453857e-02,3.496977686882019043e-02,-3.569358289241790771e-01,-5.962526798248291016e-01,-2.021023929119110107e-01,-1.045054718852043152e-01,7.132977247238159180e-02,1.687633991241455078e-01,-9.668208658695220947e-02,1.835066229104995728e-01,-7.308236509561538696e-02,7.027439028024673462e-02,-6.064371466636657715e-01,1.624885201454162598e-01,4.563426971435546875e-02,-3.214070498943328857e-01,-3.833181858062744141e-01,-1.442697048187255859e-01,2.124344259500503540e-01,3.169697523117065430e-02,1.049196496605873108e-01,2.238035202026367188e-02,-1.471829116344451904e-01,3.165503144264221191e-01,5.253826379776000977e-01,-5.451940894126892090e-01,-8.232742547988891602e-02,-4.256575405597686768e-01,-6.690569221973419189e-02,-2.276792079210281372e-01,5.705530047416687012e-01,-8.269488066434860229e-02,-6.073082685470581055e-01,-6.060140207409858704e-03,6.250405907630920410e-01,-3.965410590171813965e-01,-5.843731164932250977e-01,7.199621796607971191e-01,5.158392712473869324e-03,-3.464435040950775146e-01,9.074210189282894135e-03,-4.982085525989532471e-01,-4.451533854007720947e-01,3.251656517386436462e-02,2.053721062839031219e-02,3.384479284286499023e-01,2.843428552150726318e-01,-4.232905060052871704e-02,-2.784902155399322510e-01,-6.262899041175842285e-01,4.028399884700775146e-01,-5.842439532279968262e-01,1.490806788206100464e-01,3.588402867317199707e-01,-3.584869555197656155e-04,-4.166467487812042236e-01,2.310453355312347412e-01,-1.037773936986923218e-01,-8.376552723348140717e-03,-6.868442296981811523e-01,-3.229205012321472168e-01,6.583889126777648926e-01,1.296207904815673828e-01,-6.306002736091613770e-01,-6.116607189178466797e-01,1.403982788324356079e-01,-4.671383649110794067e-02,6.108416914939880371e-01,-5.379698276519775391e-01,-6.106148958206176758e-01,1.557699590921401978e-01,5.379346013069152832e-01,-5.028021931648254395e-01,1.933791637420654297e-01,1.949452012777328491e-01,-5.617714524269104004e-01,2.756541967391967773e-01,3.204463422298431396e-01,5.124694705009460449e-01,5.391383767127990723e-01,-3.482034802436828613e-01,-3.533716499805450439e-01,-5.118014216423034668e-01,1.345270220190286636e-02,4.586016237735748291e-01
1.826792210340499878e-01,5.999315530061721802e-02,-3.604334294795989990e-01,1.917062252759933472e-01,2.975351512432098389e-01,-9.479365497827529907e-02,-4.130798857659101486e-03,2.662990391254425049e-01,7.778081297874450684e-02,1.427541375160217285e-01,2.410129830241203308e-02,-1.579383015632629395e-01,3.316575288772583008e-01,2.367005795240402222e-01,3.935067951679229736e-01,4.051723778247833252e-01,-5.754845682531595230e-03,1.594450175762176514e-01,-1.510333567857742310e-01,-2.120933532714843750e-01,-8.532469719648361206e-02,2.910400032997131348e-01,1.731081008911132812e-01,4.452137276530265808e-02,3.506563603878021240e-02,3.867018818855285645e-01,-3.661442697048187256e-01,-2.811583280563354492e-01,3.477998673915863037e-01,-1.320706158876419067e-01,4.271259903907775879e-02,-3.124198019504547119e-01,2.077382355928421021e-01,2.140149474143981934e-01,-2.651722542941570282e-02,-3.823603391647338867e-01,9.453187137842178345e-02,2.331438362598419189e-01,-3.972815275192260742e-01,-2.756544351577758789e-01,3.420501351356506348e-01,6.264990568161010742e-02,3.097850382328033447e-01,5.994530022144317627e-02,6.783888489007949829e-02,-2.879857420921325684e-01,-4.186889827251434326e-01,-1.138971373438835144e-01,-3.683879226446151733e-02,9.009134024381637573e-02,-1.202715188264846802e-02,-1.144755855202674866e-01,1.264834105968475342e-01,2.862093038856983185e-02,-1.456661522388458252e-01,-4.536918699741363525e-01,8.089043200016021729e-02,3.188786283135414124e-02,-2.620838284492492676e-01,-1.893336623907089233e-01,4.647667333483695984e-02,-9.618577547371387482e-03,1.166328787803649902e-02,9.922730177640914917e-02,1.736297854222357273e-03,-8.140724152326583862e-02,1.496550291776657104e-01,4.228995144367218018e-01,-3.542252480983734131e-01,1.267631202936172485e-01,-3.399347662925720215e-01,-1.197090744972229004e-01,-4.414472356438636780e-02,3.625078797340393066e-01,-7.918584346771240234e-02,-3.523198068141937256e-01,-8.796227164566516876e-03,4.197578728199005127e-01,-8.899420499801635742e-02,-3.198148906230926514e-01,3.077581822872161865e-01,2.703133737668395042e-03,-3.757041096687316895e-01,2.243293216452002525e-03,-3.618013560771942139e-01,-3.874684274196624756e-01,2.465120553970336914e-01,1.560260728001594543e-02,1.725170612335205078e-01,1.793303489685058594e-01,-1.189609393477439880e-01,-2.285996265709400177e-02,-2.011519521474838257e-01,4.258048534393310547e-02,-2.986358404159545898e-01,-4.805900901556015015e-02,3.247054517269134521e-01,-2.388882130617275834e-04,-3.357051014900207520e-01,2.766079306602478027e-01,-1.037650629878044128e-01,2.234534323215484619e-01,-3.546416163444519043e-01,-2.032925933599472046e-01,3.830280303955078125e-01,3.444056212902069092e-02,-1.414224654436111450e-01,-3.232384324073791504e-01,-1.563844233751296997e-01,-1.517417654395103455e-02,1.560232639312744141e-01,-8.200437575578689575e-02,-3.164507150650024414e-01,-1.173792183399200439e-01,4.760225117206573486e-01,-3.748176693916320801e-01,3.054833710193634033e-01,7.229402661323547363e-02,-4.389812350273132324e-01,9.285675734281539917e-02,1.823858916759490967e-01,2.932031452655792236e-01,3.823782801628112793e-01,-1.479988545179367065e-01,-1.154048666357994080e-01,-1.923600286245346069e-01,-2.162742614746093750e-02,2.075219899415969849e-01
-1.485261172056198120e-01,-3.842935664579272270e-03,-5.507422238588333130e-02,1.407102793455123901e-01,-9.479365497827529907e-02,2.456433176994323730e-01,-1.814100891351699829e-02,-9.007616341114044189e-02,-1.262114048004150391e-01,-2.714775875210762024e-02,5.085354670882225037e-02,-5.624505225569009781e-03,-8.146236091852188110e-02,1.251706779003143311e-01,6.528055295348167419e-03,-5.894877016544342041e-02,-1.046173740178346634e-03,-1.533539313822984695e-02,-4.494952410459518433e-02,-5.224366486072540283e-02,1.244331616908311844e-02,7.874158769845962524e-02,1.279668211936950684e-01,-4.516619443893432617e-02,-3.987710922956466675e-03,-1.201192364096641541e-01,-1.993420347571372986e-02,1.197225004434585571e-01,4.376157745718955994e-02,3.176178038120269775e-02,6.155740097165107727e-02,-2.020703628659248352e-02,9.965452365577220917e-03,9.767490625381469727e-02,3.484857035800814629e-03,-1.484718522988259792e-03,9.985437616705894470e-03,-3.502042591571807861e-02,1.732678711414337158e-01,-9.091624617576599121e-02,-1.462461799383163452e-01,-9.146176278591156006e-03,8.920856565237045288e-02,8.590664714574813843e-03,9.357929974794387817e-02,2.070095576345920563e-02,2.320084348320960999e-02,-8.359329774975776672e-03,-8.156970888376235962e-02,-6.544149667024612427e-02,1.345390230417251587e-01,-1.028753444552421570e-01,-4.798857495188713074e-02,-5.958071351051330566e-02,7.428608834743499756e-02,1.290496718138456345e-02,2.552390284836292267e-02,-1.751813106238842010e-04,8.942129462957382202e-02,-2.148124948143959045e-02,-4.947416484355926514e-02,4.911182075738906860e-02,4.230856429785490036e-03,-1.515303999185562134e-01,-3.029254451394081116e-02,1.505334861576557159e-02,4.769595712423324585e-02,-5.175736173987388611e-02,3.814426064491271973e-02,-8.012735843658447266e-02,6.083175539970397949e-02,-1.288252174854278564e-01,-2.030062116682529449e-02,-2.921156771481037140e-02,7.298293709754943848e-02,-1.064423751085996628e-02,4.408470354974269867e-03,-1.832687295973300934e-02,-4.100788757205009460e-02,7.605512510053813457e-04,6.102855503559112549e-02,4.103229730390012264e-04,6.178537383675575256e-02,-2.202027477324008942e-03,8.154308795928955078e-02,6.978558748960494995e-02,-1.204831674695014954e-01,-1.856385730206966400e-03,-4.818402975797653198e-02,-2.141570113599300385e-02,5.500986054539680481e-02,-6.109238043427467346e-02,-6.422736495733261108e-02,1.180660650134086609e-01,2.967417612671852112e-02,6.726291775703430176e-02,4.202894866466522217e-03,2.815308653225656599e-05,9.364540688693523407e-03,-1.822202205657958984e-01,-4.054631572216749191e-03,-2.165822237730026245e-01,-9.096614085137844086e-03,2.005408145487308502e-02,-4.914906248450279236e-02,1.037843599915504456e-01,-8.548079431056976318e-02,-2.741199173033237457e-02,2.161981910467147827e-01,6.764960708096623421e-04,1.185934692621231079e-01,-1.609993577003479004e-01,-3.678237646818161011e-02,1.271182596683502197e-01,-5.135221406817436218e-02,9.766319394111633301e-02,-6.514803320169448853e-02,5.112656950950622559e-02,5.826472863554954529e-02,2.772052772343158722e-02,1.304343156516551971e-02,-3.118695691227912903e-02,-5.378467589616775513e-02,-1.221686601638793945e-02,-1.282520294189453125e-01,-4.960137605667114258e-02,7.370135281234979630e-03,4.690701141953468323e-02
9.636843949556350708e-02,-1.461406610906124115e-02,6.950565427541732788e-02,-5.517306923866271973e-02,-4.130798857659101486e-03,-1.814100891351699829e-02,7.501086592674255371e-02,7.816345244646072388e-02,-1.834519766271114349e-02,-1.193523500114679337e-02,-5.965523049235343933e-02,2.070401608943939209e-02,-9.667221456766128540e-02,-6.963279843330383301e-02,-5.527703091502189636e-02,-6.801348179578781128e-02,3.929669037461280823e-03,-5.932407453656196594e-02,5.407071113586425781e-02,3.166659548878669739e-02,2.976034767925739288e-02,-8.265076577663421631e-02,-7.578473538160324097e-02,2.334467321634292603e-02,-5.957140121608972549e-03,-8.245590329170227051e-02,1.057874336838722229e-01,6.814382039010524750e-03,-6.627166271209716797e-02,-5.780508369207382202e-02,-5.042915046215057373e-02,7.838929444551467896e-02,-5.217138305306434631e-02,-5.844562128186225891e-02,-4.220881033688783646e-03,9.213858097791671753e-02,-3.052581474184989929e-02,-3.222408518195152283e-02,-3.556507080793380737e-02,-6.384811829775571823e-03,9.631033986806869507e-03,1.376787014305591583e-02,-1.270699948072433472e-01,-1.095157489180564880e-02,-3.392610326409339905e-02,7.568863779306411743e-02,4.948104172945022583e-02,-6.125268526375293732e-03,4.501587152481079102e-02,8.577493950724601746e-03,-4.637910425662994385e-02,1.738317869603633881e-02,3.660916537046432495e-02,-1.437484379857778549e-02,-1.376416720449924469e-02,6.033290922641754150e-02,-6.383354775607585907e-03,-5.359001457691192627e-03,2.005742676556110382e-02,4.259071871638298035e-02,-6.638134829699993134e-03,-1.830318756401538849e-02,-1.541169593110680580e-03,6.184562668204307556e-02,2.496176026761531830e-02,1.887427642941474915e-02,-7.996176183223724365e-02,-4.508252069354057312e-02,6.985028833150863647e-02,5.307830125093460083e-02,-5.400954280048608780e-03,6.876378506422042847e-02,4.850734397768974304e-02,-4.174367710947990417e-02,-1.784134656190872192e-02,2.975467778742313385e-02,1.391874393448233604e-03,-5.813294276595115662e-02,-2.622305974364280701e-02,6.086782366037368774e-02,-5.886955559253692627e-02,-5.033251363784074783e-04,6.478134077042341232e-03,-2.607011469081044197e-03,-1.826263219118118286e-02,9.851489216089248657e-02,6.135530769824981689e-02,-3.664622083306312561e-03,-7.910283654928207397e-02,-7.298054639250040054e-03,-3.258728981018066406e-02,3.464071080088615417e-02,8.053147047758102417e-02,-6.472927331924438477e-02,3.647779673337936401e-02,-9.848336875438690186e-02,-9.468497708439826965e-03,-2.089525139581382973e-07,4.264802858233451843e-02,6.249494478106498718e-02,-2.547992020845413208e-02,7.948999851942062378e-02,7.306251674890518188e-02,2.916140668094158173e-02,-6.196058914065361023e-02,9.911695867776870728e-02,5.503574013710021973e-02,1.087450310587882996e-01,-1.011332944035530090e-01,6.016931030899286270e-03,-9.672100096940994263e-02,3.606282174587249756e-02,8.858640491962432861e-02,2.915984578430652618e-02,-4.220199957489967346e-02,4.397522658109664917e-02,2.300524711608886719e-02,-3.836508840322494507e-02,-5.099370609968900681e-03,-3.175082430243492126e-02,-4.369470477104187012e-02,-4.882226232439279556e-03,-2.926421351730823517e-02,7.154621183872222900e-02,6.558313965797424316e-02,5.177926644682884216e-02,3.458637977018952370e-03,-3.515735268592834473e-02
3.742716312408447266e-01,2.394748292863368988e-02,-1.632473468780517578e-01,1.047930866479873657e-02,2.662990391254425049e-01,-9.007616341114044189e-02,7.816345244646072388e-02,4.879702329635620117e-01,-5.565516650676727295e-03,6.386984139680862427e-02,-2.371724508702754974e-02,-9.898194670677185059e-02,1.323707401752471924e-01,9.720214456319808960e-02,2.618823647499084473e-01,2.489176243543624878e-01,-2.337754005566239357e-03,1.768321730196475983e-02,5.695723742246627808e-02,-8.831988275051116943e-02,1.273606121540069580e-01,9.658731520175933838e-02,1.979432255029678345e-02,7.971441000699996948e-02,8.117166347801685333e-03,1.492520868778228760e-01,-1.102104112505912781e-01,-2.749544978141784668e-01,2.225510776042938232e-01,-2.159758359193801880e-01,-4.470520839095115662e-02,-6.003635004162788391e-02,-3.340763598680496216e-02,1.462947577238082886e-01,-4.287606850266456604e-02,-1.842231303453445435e-01,1.041758060455322266e-02,1.291512250900268555e-01,-4.698042273521423340e-01,-2.503311336040496826e-01,2.171356528997421265e-01,5.470611527562141418e-02,5.349975079298019409e-02,3.490700945258140564e-02,1.319990903139114380e-01,-1.561542302370071411e-01,-2.658664882183074951e-01,-9.360942244529724121e-02,3.141166176646947861e-03,7.803688291460275650e-03,-8.450236916542053223e-02,-1.608764380216598511e-01,1.318435519933700562e-01,-2.255341224372386932e-02,-2.212477773427963257e-01,-2.970090806484222412e-01,7.937356084585189819e-02,2.186989225447177887e-02,-1.059944182634353638e-01,-7.281755656003952026e-02,8.989859372377395630e-02,-1.054444983601570129e-01,3.154959995299577713e-03,5.519133061170578003e-02,1.360710151493549347e-02,-1.978070288896560669e-02,-3.530278801918029785e-02,2.671395838260650635e-01,-1.879006922245025635e-01,2.051098197698593140e-01,-2.876632213592529297e-01,-1.362186372280120850e-01,6.685825437307357788e-02,2.324604839086532593e-01,-4.811216518282890320e-02,-1.678692847490310669e-01,-5.491973832249641418e-03,2.395119220018386841e-01,-2.782419882714748383e-02,-1.308805942535400391e-01,7.946494221687316895e-02,1.461667241528630257e-03,-3.461534678936004639e-01,-4.534370731562376022e-03,-2.685436308383941650e-01,-1.930677890777587891e-01,3.158499896526336670e-01,8.222205564379692078e-03,-2.716789580881595612e-02,1.268314272165298462e-01,-1.520877480506896973e-01,1.174120306968688965e-01,7.277796417474746704e-02,-1.542227119207382202e-01,-1.167823746800422668e-01,-2.352147847414016724e-01,2.808187603950500488e-01,-1.757836434990167618e-04,-2.575348019599914551e-01,2.886177897453308105e-01,-1.591571718454360962e-01,3.218644261360168457e-01,-1.210733354091644287e-01,-1.104580238461494446e-01,1.300493329763412476e-01,1.783827841281890869e-01,1.349945366382598877e-01,-7.615166157484054565e-02,-2.821837961673736572e-01,9.833650663495063782e-03,-7.332797348499298096e-02,9.024068713188171387e-02,-1.111551150679588318e-01,-1.138437390327453613e-01,3.510077893733978271e-01,-1.974506974220275879e-01,3.556332588195800781e-01,1.187081355601549149e-02,-3.723982870578765869e-01,-1.303602661937475204e-02,4.569907113909721375e-02,1.835091412067413330e-01,2.228793799877166748e-01,7.136329263448715210e-02,-1.080803107470273972e-02,-2.605601772665977478e-02,-2.791003696620464325e-02,6.632895022630691528e-02
8.308415859937667847e-02,2.583981491625308990e-02,-1.518493443727493286e-01,9.258788079023361206e-02,7.778081297874450684e-02,-1.262114048004150391e-01,-1.834519766271114349e-02,-5.565516650676727295e-03,1.729133427143096924e-01,1.021233499050140381e-01,-1.749623753130435944e-02,-8.237302303314208984e-02,1.533481180667877197e-01,1.375062316656112671e-01,1.646512001752853394e-01,1.873366981744766235e-01,4.612021613866090775e-03,6.179303675889968872e-02,-1.228456497192382812e-01,-1.035862267017364502e-01,-2.336610108613967896e-01,1.462258100509643555e-01,5.398236587643623352e-02,-2.922002226114273071e-02,3.266551345586776733e-02,2.573678493499755859e-01,-1.651410162448883057e-01,-6.646170467138290405e-02,7.913293689489364624e-02,1.509768888354301453e-02,-2.140229940414428711e-02,-2.500890195369720459e-01,1.919937133789062500e-01,6.200221925973892212e-02,-1.698401174508035183e-03,-1.960516721010208130e-01,5.929248407483100891e-02,1.228621602058410645e-01,-9.878151118755340576e-02,-1.145635694265365601e-01,2.474906593561172485e-01,4.138599708676338196e-02,9.320993721485137939e-02,2.002960070967674255e-02,-9.784899652004241943e-02,-1.219242885708808899e-01,-1.796648204326629639e-01,-5.435074493288993835e-02,3.572297468781471252e-02,2.095024473965167999e-02,-5.650633573532104492e-02,7.715742290019989014e-02,1.136218458414077759e-01,3.650249913334846497e-03,1.143260672688484192e-02,-1.846380829811096191e-01,3.332269936800003052e-02,1.219637878239154816e-02,-1.335481256246566772e-01,-1.032820940017700195e-01,-3.730269894003868103e-02,6.685467064380645752e-02,8.396124467253684998e-03,1.668770760297775269e-01,3.113052621483802795e-02,-5.658371374011039734e-02,3.549681976437568665e-02,1.752506643533706665e-01,-2.110338658094406128e-01,-1.219390239566564560e-02,-1.447600275278091431e-01,1.180317699909210205e-01,-9.518827497959136963e-02,2.128854840993881226e-01,-7.619290798902511597e-02,-1.596012264490127563e-01,-3.932113293558359146e-03,2.178450077772140503e-01,-1.078471839427947998e-01,-2.057765722274780273e-01,2.151258587837219238e-01,1.466991612687706947e-03,-1.069326624274253845e-01,4.807885736227035522e-03,-2.027658075094223022e-01,-1.570456176996231079e-01,5.236791446805000305e-02,6.206324324011802673e-03,1.665460467338562012e-01,1.068081110715866089e-01,-2.245534770190715790e-02,-6.921781599521636963e-02,-1.711742132902145386e-01,7.856643199920654297e-02,-2.201226204633712769e-01,-2.979851560667157173e-04,4.577850177884101868e-02,-1.264311867998912930e-04,-1.321598738431930542e-01,1.873482614755630493e-01,-3.221088647842407227e-02,1.362684518098831177e-01,-2.403675913810729980e-01,-1.089396774768829346e-01,2.463377565145492554e-01,-3.290601447224617004e-02,-1.771341860294342041e-01,-1.635976284742355347e-01,-8.088859170675277710e-02,-1.984352618455886841e-02,1.988129764795303345e-01,-9.065008908510208130e-02,-1.739879846572875977e-01,1.285625249147415161e-02,1.493216454982757568e-01,-2.197929620742797852e-01,7.860334217548370361e-02,1.167981233447790146e-02,-2.159850746393203735e-01,8.443012088537216187e-02,5.708333104848861694e-02,2.003359645605087280e-01,2.111641317605972290e-01,-9.243410825729370117e-02,-4.588075727224349976e-02,-1.712464988231658936e-01,1.234370749443769455e-02,9.139593690633773804e-02
4.286844283342361450e-02,4.602824524044990540e-02,-3.301127254962921143e-01,2.434546649456024170e-01,1.427541375160217285e-01,-2.714775875210762024e-02,-1.193523500114679337e-02,6.386984139680862427e-02,1.021233499050140381e-01,1.458506286144256592e-01,2.186662890017032623e-02,-1.464855670928955078e-01,2.567864656448364258e-01,2.612003386020660400e-01,3.112949430942535400e-01,3.173514008522033691e-01,1.064231269992887974e-03,1.121912896633148193e-01,-2.235383391380310059e-01,-2.228285521268844604e-01,-2.001715153455734253e-01,3.007527291774749756e-01,2.022266387939453125e-01,-4.631979763507843018e-02,4.351669549942016602e-02,3.553151190280914307e-01,-3.328954875469207764e-01,-1.147743687033653259e-01,2.836698293685913086e-01,-4.631226137280464172e-02,4.243745282292366028e-02,-3.669187128543853760e-01,2.607713043689727783e-01,2.082736492156982422e-01,-1.327338907867670059e-02,-3.487645983695983887e-01,1.042535677552223206e-01,2.059554904699325562e-01,-2.029146552085876465e-01,-2.282962799072265625e-01,3.029177784919738770e-01,5.148186162114143372e-02,2.687901556491851807e-01,5.034104362130165100e-02,-4.324683919548988342e-03,-2.548792958259582520e-01,-3.447673320770263672e-01,-9.174928814172744751e-02,-1.644960604608058929e-02,3.772410331293940544e-03,2.185696735978126526e-02,-2.551915124058723450e-02,1.116846427321434021e-01,-1.240050047636032104e-02,-3.655270114541053772e-02,-3.694403767585754395e-01,8.059258013963699341e-02,2.642210386693477631e-02,-1.954172998666763306e-01,-1.835882514715194702e-01,-3.235943242907524109e-02,7.852061837911605835e-02,1.371226273477077484e-02,1.212516576051712036e-01,1.379165798425674438e-02,-8.357657492160797119e-02,1.265265792608261108e-01,3.147118091583251953e-01,-3.312231600284576416e-01,2.346819499507546425e-03,-2.655160129070281982e-01,-4.225951433181762695e-02,-1.043105497956275940e-01,3.391653597354888916e-01,-5.808760598301887512e-02,-3.005281388759613037e-01,-5.873849149793386459e-03,3.939137458801269531e-01,-1.426233649253845215e-01,-3.333248794078826904e-01,3.689878582954406738e-01,2.749548060819506645e-03,-2.326827645301818848e-01,4.367822315543889999e-03,-2.930099070072174072e-01,-2.796789705753326416e-01,1.172481924295425415e-01,1.257641706615686417e-02,1.973922848701477051e-01,1.744534820318222046e-01,-4.467590898275375366e-02,-9.129315614700317383e-02,-2.848831415176391602e-01,1.379507482051849365e-01,-3.221757411956787109e-01,2.145292051136493683e-02,1.772909164428710938e-01,-2.122712467098608613e-04,-2.541321218013763428e-01,2.142382264137268066e-01,-9.180723130702972412e-02,1.292877197265625000e-01,-3.805862665176391602e-01,-1.850781589746475220e-01,4.006052613258361816e-01,2.196676842868328094e-02,-2.681975364685058594e-01,-3.167160153388977051e-01,-2.859293483197689056e-02,-2.556519955396652222e-02,2.736130058765411377e-01,-2.128745913505554199e-01,-3.130372762680053711e-01,5.487309023737907410e-02,3.398188054561614990e-01,-3.274638354778289795e-01,1.597917824983596802e-01,8.892920613288879395e-02,-3.562098443508148193e-01,1.260381191968917847e-01,1.599502563476562500e-01,2.896675765514373779e-01,3.304235041141510010e-01,-1.581807285547256470e-01,-1.652615219354629517e-01,-2.527212202548980713e-01,1.210322417318820953e-02,2.105193436145782471e-01
-8.660136163234710693e-02,1.869959197938442230e-02,-1.204514279961585999e-01,6.327495723962783813e-02,2.410129830241203308e-02,5.085354670882225037e-02,-5.965523049235343933e-02,-2.371724508702754974e-02,-1.749623753130435944e-02,2.186662890017032623e-02,8.896039426326751709e-02,-3.908405080437660217e-02,1.375938951969146729e-01,1.006987690925598145e-01,9.745308756828308105e-02,1.133726984262466431e-01,-5.250467453151941299e-03,5.065476894378662109e-02,-5.775022506713867188e-02,-7.661500573158264160e-02,3.277883678674697876e-02,1.180723533034324646e-01,1.277478784322738647e-01,-2.960504963994026184e-02,6.494490429759025574e-03,1.075015366077423096e-01,-1.590912044048309326e-01,-3.988465294241905212e-02,1.526104211807250977e-01,1.113188453018665314e-02,7.729414105415344238e-02,-9.431672841310501099e-02,2.901872433722019196e-02,1.339094191789627075e-01,-5.994170904159545898e-03,-1.421076208353042603e-01,3.797738999128341675e-02,5.748196318745613098e-02,-3.280879184603691101e-02,-1.447365712374448776e-02,-2.010390721261501312e-02,-2.000709250569343567e-02,1.778095662593841553e-01,2.118179202079772949e-02,9.366562962532043457e-02,-1.550193428993225098e-01,-9.561068564653396606e-02,8.389507420361042023e-03,-6.339760869741439819e-02,-6.213796511292457581e-02,7.138601690530776978e-02,-7.558374851942062378e-02,-5.126765370368957520e-02,1.630120165646076202e-02,-4.431175813078880310e-02,-1.280019432306289673e-01,2.376421913504600525e-02,1.094722189009189606e-02,-2.274373173713684082e-02,-5.367651954293251038e-02,3.326119482517242432e-02,5.543136503547430038e-04,1.389544340781867504e-03,-9.805571287870407104e-02,-4.207371175289154053e-02,-2.258149348199367523e-02,9.045662730932235718e-02,8.476688712835311890e-02,-1.141108199954032898e-01,-3.650656715035438538e-02,-3.345675021409988403e-02,-1.867678314447402954e-01,-3.784138336777687073e-02,7.993428409099578857e-02,4.252757132053375244e-02,-4.266923666000366211e-02,-2.614027820527553558e-03,1.229838654398918152e-01,6.792250275611877441e-02,-9.448771178722381592e-02,7.602299004793167114e-02,9.480306762270629406e-04,-6.524372845888137817e-02,8.790086722001433372e-04,1.169330533593893051e-02,-1.413341462612152100e-01,1.027426798827946186e-03,6.130759138613939285e-03,7.587537169456481934e-02,3.280818834900856018e-02,2.791484445333480835e-02,-7.000058423727750778e-03,-7.947827130556106567e-02,5.326334387063980103e-02,-4.520921781659126282e-02,7.623031735420227051e-02,4.134485870599746704e-02,-2.660003156051971018e-05,-9.738443791866302490e-02,-5.663260444998741150e-02,-2.260399423539638519e-02,-5.713581666350364685e-02,-9.754344820976257324e-02,-5.060763657093048096e-02,9.695271402597427368e-02,-9.105094522237777710e-02,-2.332381531596183777e-02,-1.415990293025970459e-01,1.101626008749008179e-01,-5.805296823382377625e-03,9.167145192623138428e-02,-5.468229949474334717e-02,-1.133108586072921753e-01,-5.087539553642272949e-03,1.092783287167549133e-01,-6.943599134683609009e-02,3.371118009090423584e-02,6.474032253026962280e-02,-3.958847746253013611e-02,2.869473211467266083e-02,7.032955437898635864e-02,2.109404467046260834e-02,6.407020986080169678e-02,-6.466660648584365845e-02,-1.217068731784820557e-01,-6.101218238472938538e-02,-8.769820851739495993e-05,5.693379044532775879e-02
-5.467301979660987854e-02,-4.955511912703514099e-02,3.626253902912139893e-01,-2.716426551342010498e-01,-1.579383015632629395e-01,-5.624505225569009781e-03,2.070401608943939209e-02,-9.898194670677185059e-02,-8.237302303314208984e-02,-1.464855670928955078e-01,-3.908405080437660217e-02,1.618035584688186646e-01,-2.664403617382049561e-01,-3.078158497810363770e-01,-3.499870002269744873e-01,-3.434343338012695312e-01,-2.376832562731578946e-04,-1.184485927224159241e-01,2.231780886650085449e-01,2.405936419963836670e-01,1.820685118436813354e-01,-3.334157466888427734e-01,-2.348643243312835693e-01,4.768765345215797424e-02,-4.363698884844779968e-02,-3.555365204811096191e-01,3.555962443351745605e-01,1.278849095106124878e-01,-3.209585249423980713e-01,5.234465375542640686e-02,-5.159361287951469421e-02,3.816676735877990723e-01,-2.576490342617034912e-01,-2.506408691406250000e-01,1.773957163095474243e-02,3.813340961933135986e-01,-1.087797284126281738e-01,-2.162338793277740479e-01,2.209980785846710205e-01,2.743197679519653320e-01,-2.930658459663391113e-01,-5.359522998332977295e-02,-3.037663102149963379e-01,-5.683757364749908447e-02,-3.908631950616836548e-02,2.763289809226989746e-01,3.748587071895599365e-01,1.025865599513053894e-01,3.956174477934837341e-02,1.393826585263013840e-02,-3.855964168906211853e-02,6.883369386196136475e-02,-1.124237552285194397e-01,2.547198534011840820e-02,4.829946905374526978e-02,4.048382341861724854e-01,-9.739851951599121094e-02,-2.970666624605655670e-02,1.855801790952682495e-01,1.999000459909439087e-01,2.761624753475189209e-02,-7.370559871196746826e-02,-1.482129283249378204e-02,-8.329579234123229980e-02,-6.654582917690277100e-03,8.403395116329193115e-02,-1.367499679327011108e-01,-3.370694816112518311e-01,3.530971407890319824e-01,-3.750955220311880112e-03,2.822436988353729248e-01,9.221583604812622070e-02,1.077936738729476929e-01,-3.650823831558227539e-01,4.584521800279617310e-02,3.164276480674743652e-01,5.805992055684328079e-03,-4.197135865688323975e-01,1.458956450223922729e-01,3.536615073680877686e-01,-3.894078433513641357e-01,-3.054510802030563354e-03,2.596977353096008301e-01,-3.707986325025558472e-03,3.018961250782012939e-01,3.027499616146087646e-01,-1.154458522796630859e-01,-1.354210823774337769e-02,-1.936635375022888184e-01,-1.836311519145965576e-01,4.573015123605728149e-02,9.065029025077819824e-02,2.894627451896667480e-01,-1.452033668756484985e-01,3.287751972675323486e-01,-1.714815571904182434e-02,-2.074200809001922607e-01,2.237151493318378925e-04,2.888529896736145020e-01,-2.027050107717514038e-01,1.068394035100936890e-01,-1.140788123011589050e-01,4.011830687522888184e-01,1.950832903385162354e-01,-4.033917486667633057e-01,-4.690250754356384277e-02,2.639607787132263184e-01,3.404857516288757324e-01,7.641795556992292404e-03,2.416099794209003448e-02,-3.005494475364685059e-01,2.260543107986450195e-01,3.418822884559631348e-01,-5.512492731213569641e-02,-3.705076277256011963e-01,3.317106068134307861e-01,-1.895098835229873657e-01,-1.024012565612792969e-01,3.839679658412933350e-01,-1.315905600786209106e-01,-1.673965603113174438e-01,-3.026828169822692871e-01,-3.443447351455688477e-01,1.552878916263580322e-01,1.974564492702484131e-01,2.690086364746093750e-01,-8.469711989164352417e-03,-2.231835871934890747e-01
