4.779655039310455322e-01,1.956765167415142059e-02,-1.588839590549468994e-01,1.122978776693344116e-01,2.111998051404953003e-01,-2.488720975816249847e-02,4.903780668973922729e-02,3.180221617221832275e-01,6.345574557781219482e-02,3.406326100230216980e-02,-4.058057814836502075e-02,-6.126299500465393066e-02,1.043419167399406433e-01,5.087441205978393555e-01,3.058778047561645508e-01,1.525394916534423828e-01,-5.374137312173843384e-03,6.709808111190795898e-02,1.021608263254165649e-01,-5.429338663816452026e-02,-2.075641751289367676e-01,1.165699660778045654e-01,1.042204126715660095e-01,1.746638305485248566e-02,-7.917465642094612122e-03,1.388700585812330246e-02,-9.649425745010375977e-02,-2.574739754199981689e-01,8.067441731691360474e-02,-2.266668677330017090e-01,-8.935762941837310791e-02,-9.359959512948989868e-02,7.658684998750686646e-02,1.256645172834396362e-01,-2.521851286292076111e-02,-1.620469540357589722e-01,-1.033812016248703003e-02,1.879150792956352234e-02,-2.498804330825805664e-01,-4.078060090541839600e-01,1.434215456247329712e-01,9.026299417018890381e-02,9.175546467304229736e-02,2.971866540610790253e-02,1.812057942152023315e-01,-2.564259171485900879e-01,-2.271563112735748291e-01,-1.184540465474128723e-01,-3.240651637315750122e-02,7.894434779882431030e-02,-2.701753005385398865e-02,-1.523586064577102661e-01,6.229009106755256653e-02,-7.591836154460906982e-02,-4.486278071999549866e-02,-1.864851713180541992e-01,9.188380837440490723e-02,1.973360776901245117e-02,-7.465367764234542847e-02,-6.970856338739395142e-02,8.354764431715011597e-02,-1.091491151601076126e-02,1.966205798089504242e-02,7.571890205144882202e-02,-7.577537745237350464e-02,2.097398042678833008e-02,4.471809044480323792e-02,2.597281336784362793e-01,-1.298976838588714600e-01,1.190761402249336243e-01,-1.517953425645828247e-01,-1.945565789937973022e-01,1.992283202707767487e-02,1.653299182653427124e-01,-5.482378974556922913e-02,-2.273599356412887573e-01,-9.581525810062885284e-03,1.922926306724548340e-01,-2.197348326444625854e-01,-9.322235733270645142e-02,1.425351798534393311e-01,4.330993164330720901e-03,-2.509232461452484131e-01,-1.501898987044114619e-05,-2.090556472539901733e-01,-1.674921512603759766e-01,2.437313944101333618e-01,4.929625429213047028e-03,-2.490877173840999603e-03,1.116169616580009460e-02,-5.059886723756790161e-02,-5.694489553570747375e-02,-1.729160663671791553e-03,-4.409192875027656555e-02,-4.531962051987648010e-02,-8.554072678089141846e-02,3.566794097423553467e-01,-6.274454644881188869e-04,-1.400922536849975586e-01,1.161024197936058044e-01,-4.323188588023185730e-02,5.866943672299385071e-02,-1.118653342127799988e-01,-1.640587858855724335e-02,-2.220439165830612183e-02,2.062425315380096436e-01,3.575473278760910034e-02,-8.160513639450073242e-02,-2.085408866405487061e-01,7.288218941539525986e-03,2.215719372034072876e-01,6.303857080638408661e-03,-9.111315011978149414e-02,-2.832142412662506104e-01,2.190212756395339966e-01,-1.272303611040115356e-01,3.244887292385101318e-01,-1.214967519044876099e-01,-3.805080354213714600e-01,1.491136476397514343e-02,-5.809628218412399292e-02,2.047848105430603027e-01,1.710396707057952881e-01,-3.088185749948024750e-02,-6.209187209606170654e-02,-1.422251760959625244e-01,-2.804503776133060455e-02,7.727630436420440674e-02
1.956765167415142059e-02,2.512981370091438293e-02,-1.304212510585784912e-01,6.039121747016906738e-02,7.443208992481231689e-02,-1.835168525576591492e-02,1.849206164479255676e-02,5.258804559707641602e-02,1.586732082068920135e-02,2.522927150130271912e-02,1.058385148644447327e-02,-4.048639535903930664e-02,1.193307712674140930e-01,4.663824662566184998e-02,1.171754598617553711e-01,1.134628504514694214e-01,-3.011141903698444366e-03,8.981844037771224976e-02,-3.300946205854415894e-02,-6.165545433759689331e-02,-4.064599424600601196e-02,1.349990367889404297e-01,8.080515265464782715e-02,9.620296768844127655e-03,1.379231642931699753e-02,1.471426486968994141e-01,-1.390095949172973633e-01,-6.892511993646621704e-02,9.882716089487075806e-02,-2.776638418436050415e-02,1.166067458689212799e-02,-1.225243806838989258e-01,8.256872743368148804e-02,5.288354307413101196e-02,1.915516448207199574e-03,-1.289674639701843262e-01,9.410373866558074951e-03,3.023483976721763611e-02,-8.247858285903930664e-02,-9.849894046783447266e-02,1.210388839244842529e-01,-2.238854533061385155e-03,1.306441277265548706e-01,1.388649549335241318e-02,-1.482072751969099045e-02,-8.898201584815979004e-02,-1.288774013519287109e-01,-2.146521955728530884e-02,-1.543187629431486130e-02,2.296477369964122772e-02,7.141736801713705063e-03,-1.512210629880428314e-02,4.073648527264595032e-02,1.707657822407782078e-03,-3.274603933095932007e-02,-1.290820986032485962e-01,3.148694336414337158e-02,1.005432475358247757e-02,-6.485944986343383789e-02,-4.185699671506881714e-02,6.398780271410942078e-03,4.218282178044319153e-03,5.317413713783025742e-03,2.247639000415802002e-02,-2.760773338377475739e-02,-2.287799306213855743e-02,5.592353641986846924e-02,1.333928555250167847e-01,-1.236235052347183228e-01,6.423503160476684570e-03,-7.762099802494049072e-02,8.027987554669380188e-03,-2.284543402493000031e-02,1.174595504999160767e-01,-2.422044798731803894e-02,-8.930782228708267212e-02,-5.471282172948122025e-03,1.280867308378219604e-01,-2.930796891450881958e-02,-1.131126135587692261e-01,1.153259053826332092e-01,2.379546407610177994e-03,-1.022343710064888000e-01,7.259501609951257706e-03,-9.346280246973037720e-02,-1.237132623791694641e-01,6.789603084325790405e-02,9.520302526652812958e-03,6.456618010997772217e-02,1.418366376310586929e-02,-2.861251495778560638e-02,-2.764997631311416626e-02,-9.698084741830825806e-02,3.140690177679061890e-02,-9.820370376110076904e-02,-1.847349479794502258e-02,8.263392746448516846e-02,-3.777206002268940210e-04,-8.751671016216278076e-02,3.817786648869514465e-02,-9.374355897307395935e-03,2.645256929099559784e-02,-1.236340999603271484e-01,-1.603464409708976746e-02,1.400913745164871216e-01,-2.646634122356772423e-03,-7.502049952745437622e-02,-1.133638322353363037e-01,-3.684177994728088379e-02,-1.729052141308784485e-02,9.042534977197647095e-02,-1.646708510816097260e-02,-9.867126494646072388e-02,-9.490945376455783844e-03,1.473229676485061646e-01,-1.321555376052856445e-01,8.832687884569168091e-02,1.829954609274864197e-02,-1.214157044887542725e-01,2.917348779737949371e-02,4.866514354944229126e-02,9.920834749937057495e-02,1.216254234313964844e-01,-4.225807636976242065e-02,-1.080566793680191040e-01,-4.178134351968765259e-02,-2.319040941074490547e-03,4.847640544176101685e-02
-1.588839590549468994e-01,-1.304212510585784912e-01,7.750704884529113770e-01,-4.159005880355834961e-01,-3.954249918460845947e-01,1.892048865556716919e-02,-1.839113980531692505e-01,-3.214443027973175049e-01,-6.879440695047378540e-02,-1.646817177534103394e-01,-6.693163514137268066e-02,2.633446455001831055e-01,-6.526889801025390625e-01,-3.544444739818572998e-01,-6.833062171936035156e-01,-6.468842625617980957e-01,1.815805444493889809e-03,-4.764361381530761719e-01,2.058476954698562622e-01,4.110692143440246582e-01,2.196960002183914185e-01,-7.570264935493469238e-01,-5.765381455421447754e-01,5.989970266819000244e-02,-7.843999564647674561e-02,-7.592071890830993652e-01,7.431893348693847656e-01,3.532299399375915527e-01,-6.382823586463928223e-01,2.487110048532485962e-01,-4.315854236483573914e-02,7.101898193359375000e-01,-5.177984833717346191e-01,-4.060036838054656982e-01,3.871104447171092033e-03,7.351353168487548828e-01,-5.533453077077865601e-02,-1.849167644977569580e-01,5.609241724014282227e-01,6.034679412841796875e-01,-6.797645092010498047e-01,1.652699196711182594e-03,-6.953076124191284180e-01,-9.063492715358734131e-02,3.857062757015228271e-02,6.276158690452575684e-01,7.584027647972106934e-01,1.465184688568115234e-01,7.401111721992492676e-02,-4.306753352284431458e-02,-5.771955475211143494e-02,1.124088913202285767e-01,-2.128935754299163818e-01,5.838258937001228333e-02,1.791045367717742920e-01,7.372727990150451660e-01,-2.265350669622421265e-01,-6.822034716606140137e-02,3.282729089260101318e-01,2.730232775211334229e-01,-1.420401688665151596e-02,-6.819614768028259277e-02,-3.713864833116531372e-02,-2.196727395057678223e-01,1.384629011154174805e-01,1.346665173768997192e-01,-3.005987107753753662e-01,-7.265782356262207031e-01,7.035002112388610840e-01,-2.722897194325923920e-02,5.236700773239135742e-01,4.978111013770103455e-02,1.198399066925048828e-01,-7.162411212921142578e-01,1.329863518476486206e-01,5.289545059204101562e-01,3.125729784369468689e-02,-7.877381443977355957e-01,2.355311959981918335e-01,6.834999918937683105e-01,-7.261104583740234375e-01,-1.651228591799736023e-02,5.701791048049926758e-01,-3.653834760189056396e-02,5.786455273628234863e-01,6.431854963302612305e-01,-4.379090666770935059e-01,-5.399142205715179443e-02,-3.451414108276367188e-01,-1.156376674771308899e-01,1.740555614233016968e-01,1.779801547527313232e-01,5.777153968811035156e-01,-1.792602390050888062e-01,6.093448400497436523e-01,1.419862210750579834e-01,-5.048013925552368164e-01,2.503869123756885529e-03,5.486332178115844727e-01,-2.916620075702667236e-01,1.064440608024597168e-01,-2.009584903717041016e-01,7.239010930061340332e-01,1.002473831176757812e-01,-7.779871225357055664e-01,-1.376726925373077393e-01,5.105744004249572754e-01,6.614404320716857910e-01,2.325385659933090210e-01,1.039351001381874084e-01,-5.660426020622253418e-01,2.218841314315795898e-01,6.054077148437500000e-01,-6.898511201143264771e-02,-7.835976481437683105e-01,7.208120822906494141e-01,-5.474494099617004395e-01,-1.717114746570587158e-01,7.462493777275085449e-01,-1.834525018930435181e-01,-3.446218669414520264e-01,-6.426618099212646484e-01,-7.093187570571899414e-01,2.462068349123001099e-01,6.805756688117980957e-01,3.459269404411315918e-01,-1.109215430915355682e-02,-3.288808763027191162e-01
1.122978776693344116e-01,6.039121747016906738e-02,-4.159005880355834961e-01,3.901358246803283691e-01,1.705410331487655640e-01,5.740965157747268677e-02,5.699140205979347229e-02,2.142319232225418091e-01,2.275906130671501160e-02,8.380688726902008057e-02,-4.913228377699851990e-02,-1.491073220968246460e-01,2.921186089515686035e-01,2.688468992710113525e-01,3.651791512966156006e-01,2.976171374320983887e-01,3.620928851887583733e-03,3.112471401691436768e-01,-1.258956342935562134e-01,-1.538122445344924927e-01,-2.864746451377868652e-01,4.560581445693969727e-01,2.978074848651885986e-01,-1.175375580787658691e-01,5.980777367949485779e-02,3.875176608562469482e-01,-3.668911457061767578e-01,-9.969695657491683960e-02,2.576211690902709961e-01,-5.577106773853302002e-02,-5.754088051617145538e-03,-4.565334022045135498e-01,3.599930703639984131e-01,1.457180231809616089e-01,6.545528769493103027e-03,-4.053346812725067139e-01,5.246949195861816406e-02,8.669612556695938110e-02,-1.998898684978485107e-01,-4.810811877250671387e-01,4.052249193191528320e-01,2.729211933910846710e-02,3.502561450004577637e-01,4.310635849833488464e-02,-3.512386605143547058e-02,-2.292966544628143311e-01,-3.761496543884277344e-01,-1.400810927152633667e-01,-4.951678588986396790e-02,8.437377959489822388e-02,3.152950853109359741e-02,-4.396691545844078064e-02,2.023831754922866821e-01,-1.591329574584960938e-01,1.642221771180629730e-02,-4.001715779304504395e-01,1.255036890506744385e-01,2.812550403177738190e-02,-9.970864653587341309e-02,-1.781854033470153809e-01,-6.363482773303985596e-02,7.591789960861206055e-02,2.667960524559020996e-02,1.403365731239318848e-01,-8.820298314094543457e-02,-7.080390304327011108e-02,1.375006884336471558e-01,4.286080598831176758e-01,-3.613305389881134033e-01,-4.369484260678291321e-02,-2.929280698299407959e-01,1.307960301637649536e-01,-1.053417325019836426e-01,3.891063332557678223e-01,-8.589778840541839600e-02,-3.177009522914886475e-01,-6.732894107699394226e-03,4.136084318161010742e-01,-3.188987076282501221e-01,-4.059929251670837402e-01,5.278365612030029297e-01,8.928093127906322479e-03,-2.354663908481597900e-01,2.379855141043663025e-02,-3.977521657943725586e-01,-2.225727885961532593e-01,9.608317911624908447e-02,2.491624839603900909e-02,8.727861940860748291e-02,5.901324376463890076e-02,-5.795309692621231079e-02,-1.725270748138427734e-01,-4.208487570285797119e-01,1.698001474142074585e-01,-3.621383607387542725e-01,-1.154554262757301331e-01,2.391152679920196533e-01,-1.359106623567640781e-03,-2.208117842674255371e-01,2.141112983226776123e-01,-3.195759281516075134e-02,3.423422202467918396e-02,-4.458908736705780029e-01,-4.700303822755813599e-02,4.694187343120574951e-01,2.083937376737594604e-01,-4.105384051799774170e-01,-3.731094598770141602e-01,-4.327046871185302734e-02,-5.192579329013824463e-02,4.804748296737670898e-01,-1.848748922348022461e-01,-3.743363916873931885e-01,3.983674198389053345e-02,4.310368895530700684e-01,-3.628037273883819580e-01,2.411686182022094727e-01,7.250890135765075684e-02,-4.697168469429016113e-01,1.317437291145324707e-01,1.110237911343574524e-01,3.342286944389343262e-01,4.001744389533996582e-01,-1.040552631020545959e-01,-3.498616814613342285e-01,-1.917946934700012207e-01,3.934106207452714443e-04,2.244822531938552856e-01
2.111998051404953003e-01,7.443208992481231689e-02,-3.954249918460845947e-01,1.705410331487655640e-01,3.047448992729187012e-01,-6.290293484926223755e-02,8.091872185468673706e-02,2.570498287677764893e-01,5.181754007935523987e-02,7.710263878107070923e-02,1.683494448661804199e-02,-1.210007220506668091e-01,3.451592624187469482e-01,2.632755935192108154e-01,4.167880117893218994e-01,3.591585457324981689e-01,-1.435437146574258804e-02,2.482488602399826050e-01,-5.071814730763435364e-02,-1.904016733169555664e-01,-1.395698189735412598e-01,3.876034021377563477e-01,2.197469025850296021e-01,7.307220995426177979e-02,2.700594812631607056e-02,3.866434991359710693e-01,-4.104660749435424805e-01,-2.978822588920593262e-01,3.101460337638854980e-01,-1.945071965456008911e-01,7.285983301699161530e-03,-3.208273351192474365e-01,2.225947827100753784e-01,1.701649278402328491e-01,-2.847444731742143631e-03,-3.774652183055877686e-01,1.477705128490924835e-02,8.709160983562469482e-02,-3.370480239391326904e-01,-3.785512149333953857e-01,3.691683411598205566e-01,2.855058759450912476e-02,3.799129426479339600e-01,4.832930862903594971e-02,3.279338032007217407e-02,-3.272390365600585938e-01,-4.310608804225921631e-01,-9.289111196994781494e-02,-4.594751819968223572e-02,1.049442663788795471e-01,1.169328670948743820e-02,-9.959524869918823242e-02,1.139436960220336914e-01,9.562813676893711090e-03,-1.246724128723144531e-01,-4.053105413913726807e-01,1.044779494404792786e-01,3.313444182276725769e-02,-2.327937334775924683e-01,-1.233475878834724426e-01,6.248012557625770569e-02,-6.100554484874010086e-03,1.918318867683410645e-02,8.831870555877685547e-02,-8.986487239599227905e-02,-4.823303967714309692e-02,1.764190644025802612e-01,4.411240816116333008e-01,-3.466936051845550537e-01,8.968274295330047607e-02,-2.578641772270202637e-01,-7.944465428590774536e-02,-2.518903277814388275e-02,3.525065183639526367e-01,-8.268024027347564697e-02,-3.431892096996307373e-01,-1.994307339191436768e-02,3.965725302696228027e-01,-1.251239925622940063e-01,-3.155450224876403809e-01,3.215689361095428467e-01,7.090765982866287231e-03,-3.893732428550720215e-01,1.831530407071113586e-02,-3.195287287235260010e-01,-4.174814522266387939e-01,3.123632371425628662e-01,2.655344083905220032e-02,1.880247443914413452e-01,3.687869384884834290e-02,-1.149183511734008789e-01,-7.504840940237045288e-02,-2.175779789686203003e-01,3.246521577239036560e-02,-2.594560980796813965e-01,-6.286619603633880615e-02,3.806713819503784180e-01,-1.173254102468490601e-03,-2.804002463817596436e-01,1.341460049152374268e-01,-3.885374218225479126e-02,1.105099543929100037e-01,-3.382439017295837402e-01,-4.918459802865982056e-02,3.536545038223266602e-01,5.387141928076744080e-02,-1.537570804357528687e-01,-3.195894360542297363e-01,-2.068919986486434937e-01,-4.061648622155189514e-02,2.409862130880355835e-01,-1.470415014773607254e-02,-2.621531784534454346e-01,-1.525839716196060181e-01,4.829272329807281494e-01,-4.063259661197662354e-01,3.565624952316284180e-01,-4.015867132693529129e-03,-4.417003095149993896e-01,7.120149582624435425e-02,1.309246569871902466e-01,3.264130353927612305e-01,3.693434596061706543e-01,-1.250155866146087646e-01,-2.834913730621337891e-01,-1.425851434469223022e-01,-2.076074667274951935e-02,1.563734263181686401e-01
-2.488720975816249847e-02,-1.835168525576591492e-02,1.892048865556716919e-02,5.740965157747268677e-02,-6.290293484926223755e-02,1.829607039690017700e-01,-4.639735911041498184e-03,3.491630032658576965e-02,-9.862037748098373413e-02,-2.696102112531661987e-02,-3.698986954987049103e-03,1.253107935190200806e-02,-1.095577776432037354e-01,1.425546500831842422e-02,-6.686619669198989868e-02,-8.570094406604766846e-02,-1.761034363880753517e-03,-5.780069902539253235e-02,2.503486583009362221e-03,6.642791442573070526e-03,9.159793704748153687e-02,-3.962548077106475830e-02,2.879486605525016785e-02,-2.836388163268566132e-02,-1.000298373401165009e-02,-1.492006182670593262e-01,7.633236050605773926e-02,6.802216172218322754e-02,3.090946190059185028e-02,-4.204077646136283875e-02,2.619158104062080383e-02,7.709961384534835815e-02,-5.653972923755645752e-02,2.628759294748306274e-02,-9.561052545905113220e-03,6.908831000328063965e-02,2.837100997567176819e-03,-2.086494676768779755e-02,5.414593219757080078e-02,-1.682295836508274078e-02,-1.128323599696159363e-01,-5.260189063847064972e-03,-1.955562643706798553e-02,-1.137906801886856556e-03,7.935906946659088135e-02,6.533535569906234741e-02,7.208903133869171143e-02,-1.034394837915897369e-02,-2.839526347815990448e-02,-4.411903768777847290e-02,8.401086926460266113e-02,-6.713499128818511963e-02,-1.441896148025989532e-02,-9.320631623268127441e-02,1.453750953078269958e-02,3.916322439908981323e-02,2.184858312830328941e-03,-3.160547697916626930e-03,7.509215921163558960e-02,1.368783414363861084e-02,5.071547348052263260e-03,-4.231136757880449295e-03,-9.070863015949726105e-04,-7.770060002803802490e-02,8.153619244694709778e-03,2.657373249530792236e-02,-2.920372970402240753e-02,-6.153688207268714905e-02,8.445165306329727173e-02,-2.523693256080150604e-03,2.131022140383720398e-02,-1.022692546248435974e-01,3.070201165974140167e-02,-7.160032540559768677e-02,3.860804066061973572e-02,3.401669487357139587e-02,8.629811927676200867e-03,-5.204024910926818848e-02,-1.475187670439481735e-02,4.301092773675918579e-02,-1.292617991566658020e-02,-5.583025049418210983e-04,3.978442400693893433e-02,-9.500490501523017883e-03,4.839100688695907593e-02,1.474397629499435425e-01,-2.404412440955638885e-02,-5.419725086539983749e-03,-1.350313127040863037e-01,-1.721431734040379524e-03,2.356777340173721313e-02,6.269068457186222076e-03,2.951516956090927124e-02,2.640271093696355820e-03,6.210057437419891357e-02,-4.632814228534698486e-02,-1.578190736472606659e-02,1.796317956177517772e-04,3.433117642998695374e-02,-3.328617289662361145e-02,-2.540457248687744141e-02,-6.584554165601730347e-02,7.434697449207305908e-02,1.058043166995048523e-02,-7.577552646398544312e-02,1.372126936912536621e-01,1.555465627461671829e-02,4.507762193679809570e-02,1.091579869389533997e-01,1.466931216418743134e-02,-3.894321992993354797e-02,-6.910622119903564453e-02,2.614828199148178101e-02,6.718614697456359863e-02,-4.135408252477645874e-02,1.090748980641365051e-01,-3.189239650964736938e-02,2.599487081170082092e-02,4.594094306230545044e-02,-1.430939696729183197e-02,-7.494820747524499893e-03,-6.361396610736846924e-02,-7.075238227844238281e-02,5.891311168670654297e-02,5.843766033649444580e-03,3.574376180768013000e-02,6.140130106359720230e-03,3.978512808680534363e-02
4.903780668973922729e-02,1.849206164479255676e-02,-1.839113980531692505e-01,5.699140205979347229e-02,8.091872185468673706e-02,-4.639735911041498184e-03,1.063306033611297607e-01,4.163412004709243774e-02,1.639496162533760071e-02,4.538414627313613892e-02,1.235896348953247070e-02,-5.046433582901954651e-02,1.124719306826591492e-01,6.862763315439224243e-02,1.482484191656112671e-01,1.222462505102157593e-01,6.360796745866537094e-03,4.165533930063247681e-02,-4.479145631194114685e-02,-1.065527424216270447e-01,-3.238637372851371765e-02,1.514223515987396240e-01,1.080325692892074585e-01,-2.843485958874225616e-02,8.174082264304161072e-03,1.710084676742553711e-01,-1.483506560325622559e-01,-5.993330851197242737e-02,1.554249227046966553e-01,-1.173527613282203674e-01,5.561917205341160297e-04,-1.475899368524551392e-01,1.103856265544891357e-01,8.572448790073394775e-02,-3.997822292149066925e-03,-1.409257501363754272e-01,1.631497056223452091e-03,3.906363993883132935e-02,-1.769652813673019409e-01,-1.217333525419235229e-01,1.627259999513626099e-01,1.435735914856195450e-02,1.034835726022720337e-01,2.043789811432361603e-02,-1.701572723686695099e-02,-2.028450369834899902e-01,-1.986571550369262695e-01,-2.856463752686977386e-02,1.941014453768730164e-02,-5.361248739063739777e-03,-3.874585963785648346e-03,-6.120634730905294418e-03,9.274389594793319702e-03,1.408074516803026199e-02,-3.931483626365661621e-02,-1.464688479900360107e-01,3.905862569808959961e-02,1.463849935680627823e-02,-8.573073893785476685e-02,-5.084441602230072021e-02,-1.015435252338647842e-02,3.021500632166862488e-02,8.620119653642177582e-03,1.336970776319503784e-01,6.425469648092985153e-03,-2.477803453803062439e-02,4.801189526915550232e-02,1.449584513902664185e-01,-1.311889588832855225e-01,3.303422406315803528e-02,-1.263557523488998413e-01,-5.074538290500640869e-02,8.840001188218593597e-03,1.672438085079193115e-01,-3.124050982296466827e-02,-1.465223282575607300e-01,-9.032165631651878357e-03,2.195795178413391113e-01,-5.228469520807266235e-02,-1.318047940731048584e-01,1.747265160083770752e-01,3.452228847891092300e-03,-1.180540919303894043e-01,3.674638457596302032e-03,-1.369622796773910522e-01,-1.477929055690765381e-01,1.557103097438812256e-01,7.742860820144414902e-03,9.544262290000915527e-02,3.278224542737007141e-02,-5.977966636419296265e-02,-2.691293135285377502e-02,-9.383414685726165771e-02,1.799997990019619465e-03,-1.264728903770446777e-01,-2.204748429358005524e-02,1.326346099376678467e-01,-5.980933201499283314e-04,-1.132494434714317322e-01,9.009622037410736084e-02,-3.602332249283790588e-02,1.077418252825737000e-01,-1.526740193367004395e-01,-2.245637588202953339e-02,2.016919106245040894e-01,6.988177448511123657e-02,-1.310067772865295410e-01,-1.132315769791603088e-01,-1.314606964588165283e-01,-2.081374637782573700e-02,7.880054414272308350e-02,-7.949660718441009521e-02,-7.939042150974273682e-02,4.943356290459632874e-02,1.623143553733825684e-01,-1.695525646209716797e-01,1.166198030114173889e-01,4.306612163782119751e-02,-2.082561999559402466e-01,3.092661499977111816e-02,1.181839853525161743e-01,1.670160293579101562e-01,1.490429639816284180e-01,-6.282134354114532471e-02,-1.262036859989166260e-01,-1.133765578269958496e-01,1.119075808674097061e-02,7.120773196220397949e-02
3.180221617221832275e-01,5.258804559707641602e-02,-3.214443027973175049e-01,2.142319232225418091e-01,2.570498287677764893e-01,3.491630032658576965e-02,4.163412004709243774e-02,4.100009500980377197e-01,9.394611697643995285e-04,4.520948603749275208e-02,1.544586010277271271e-02,-1.150589138269424438e-01,2.618011236190795898e-01,3.997324407100677490e-01,3.895382285118103027e-01,2.918739616870880127e-01,-1.639553532004356384e-02,1.825150847434997559e-01,5.300554446876049042e-03,-1.317196339368820190e-01,-8.071909099817276001e-02,3.353441059589385986e-01,2.296524345874786377e-01,1.296879723668098450e-03,1.425418816506862640e-02,2.108292728662490845e-01,-3.046047687530517578e-01,-2.593485414981842041e-01,3.054470717906951904e-01,-2.043269574642181396e-01,-2.150403149425983429e-02,-2.224262356758117676e-01,1.229369714856147766e-01,2.044105380773544312e-01,-2.163222432136535645e-02,-3.336738944053649902e-01,9.950278326869010925e-03,6.604199111461639404e-02,-3.246030211448669434e-01,-4.449437856674194336e-01,2.496619671583175659e-01,3.683707863092422485e-02,3.102049231529235840e-01,4.640510678291320801e-02,1.946285963058471680e-01,-2.947576344013214111e-01,-3.693719208240509033e-01,-1.057159826159477234e-01,-7.303588092327117920e-02,3.681219369173049927e-02,6.506162881851196289e-02,-1.694256216287612915e-01,1.089164018630981445e-01,-1.128125637769699097e-01,-1.273716390132904053e-01,-3.701803386211395264e-01,1.353510767221450806e-01,3.484084829688072205e-02,-9.857837855815887451e-02,-1.100550815463066101e-01,7.779449969530105591e-02,-1.657714322209358215e-02,1.897606626152992249e-02,-5.855692550539970398e-02,-1.041072085499763489e-01,-1.422341540455818176e-02,1.156003475189208984e-01,3.641984760761260986e-01,-2.870353162288665771e-01,4.461251944303512573e-02,-2.428085356950759888e-01,-2.170519679784774780e-01,-1.609236560761928558e-02,3.049833774566650391e-01,-4.120150953531265259e-02,-2.412495017051696777e-01,-1.242690533399581909e-02,3.234345316886901855e-01,-1.769859939813613892e-01,-2.743390202522277832e-01,2.711669504642486572e-01,6.925751455128192902e-03,-3.576675057411193848e-01,1.239652186632156372e-02,-2.672450542449951172e-01,-2.964666485786437988e-01,2.489509284496307373e-01,2.167368866503238678e-02,5.392039567232131958e-02,3.629955276846885681e-02,-7.725422829389572144e-02,-5.729109048843383789e-02,-1.359964460134506226e-01,-1.969238929450511932e-02,-1.746436208486557007e-01,-1.033564433455467224e-01,3.714724779129028320e-01,-9.775281650945544243e-04,-2.519762516021728516e-01,1.191259920597076416e-01,-6.020450592041015625e-02,5.030314996838569641e-02,-2.667717635631561279e-01,-4.016355797648429871e-02,2.133717089891433716e-01,1.440184712409973145e-01,-3.746566921472549438e-02,-2.734521627426147461e-01,-1.019442677497863770e-01,-1.535882707685232162e-02,2.554559409618377686e-01,-2.652700990438461304e-03,-2.443143725395202637e-01,-1.781320124864578247e-01,4.333028495311737061e-01,-2.930397689342498779e-01,3.654544651508331299e-01,-2.072450332343578339e-02,-4.298640787601470947e-01,4.714639484882354736e-02,3.715363517403602600e-02,2.626499533653259277e-01,2.782344818115234375e-01,-8.712147362530231476e-03,-2.512666881084442139e-01,-1.145321130752563477e-01,-2.542176283895969391e-02,1.564966291189193726e-01
6.345574557781219482e-02,1.586732082068920135e-02,-6.879440695047378540e-02,2.275906130671501160e-02,5.181754007935523987e-02,-9.862037748098373413e-02,1.639496162533760071e-02,9.394611697643995285e-04,7.983551919460296631e-02,3.174549713730812073e-02,-1.400776579976081848e-02,-2.959996275603771210e-02,9.993561357259750366e-02,7.161499559879302979e-02,9.932979196310043335e-02,8.392200618982315063e-02,5.642820615321397781e-03,6.663878262042999268e-02,-8.300007320940494537e-03,-2.072339132428169250e-02,-1.391702592372894287e-01,7.881858199834823608e-02,3.067781403660774231e-02,-1.885930635035037994e-02,1.448042131960391998e-02,1.337499320507049561e-01,-7.974722981452941895e-02,-4.705815017223358154e-02,-6.222082301974296570e-03,1.490462850779294968e-02,-3.377233445644378662e-02,-1.252727657556533813e-01,1.016229242086410522e-01,9.096116758882999420e-03,5.679396446794271469e-03,-9.545481950044631958e-02,5.287907086312770844e-03,2.099222876131534576e-02,-5.727866664528846741e-02,-8.036267757415771484e-02,1.277126669883728027e-01,1.739576272666454315e-02,3.540748357772827148e-02,6.189043633639812469e-03,-6.055317819118499756e-02,-8.952747285366058350e-02,-9.244430810213088989e-02,-2.274695597589015961e-02,1.581676863133907318e-02,3.774842619895935059e-02,-6.325637549161911011e-02,3.627985343337059021e-02,3.906657174229621887e-02,2.264319360256195068e-02,1.326676364988088608e-02,-7.079425454139709473e-02,1.648018881678581238e-02,5.285150837153196335e-03,-4.783577844500541687e-02,-3.829220309853553772e-02,-2.029053121805191040e-02,2.580289542675018311e-02,6.315080448985099792e-03,1.026756316423416138e-01,-1.806282438337802887e-02,-2.418094128370285034e-02,2.739070355892181396e-02,1.013021469116210938e-01,-9.791864454746246338e-02,-2.533242804929614067e-03,-5.678569152951240540e-02,8.581500500440597534e-02,-3.665028139948844910e-02,1.029049232602119446e-01,-4.126173257827758789e-02,-7.004779577255249023e-02,-5.554377101361751556e-03,9.957507252693176270e-02,-6.357760727405548096e-02,-7.718735933303833008e-02,9.880108386278152466e-02,1.910960301756858826e-03,-4.087872430682182312e-02,7.791006937623023987e-03,-9.315248578786849976e-02,-1.015668809413909912e-01,2.524279616773128510e-02,4.973713774234056473e-03,8.744700998067855835e-02,1.101818587630987167e-02,-1.838734000921249390e-02,-3.860628232359886169e-02,-8.001971244812011719e-02,3.272755071520805359e-02,-8.754817396402359009e-02,4.471611697226762772e-03,4.708389565348625183e-02,-3.342356940265744925e-04,-5.239373072981834412e-02,6.385610252618789673e-02,9.563191793859004974e-03,5.181099101901054382e-02,-1.129272207617759705e-01,-1.179035566747188568e-02,9.943340718746185303e-02,-2.362036332488059998e-02,-8.717192709445953369e-02,-6.551370769739151001e-02,-8.666796237230300903e-02,-1.569539308547973633e-02,1.295272707939147949e-01,-5.318273324519395828e-03,-6.973650306463241577e-02,-3.690321370959281921e-02,6.438583880662918091e-02,-1.074279993772506714e-01,5.460417270660400391e-02,-1.051402091979980469e-02,-1.194661334156990051e-01,3.112022578716278076e-02,6.198968738317489624e-03,9.665646404027938843e-02,1.035633012652397156e-01,-5.839193612337112427e-02,-4.973157122731208801e-02,-7.801418751478195190e-02,-6.960371392779052258e-04,5.871071014553308487e-03
3.406326100230216980e-02,2.522927150130271912e-02,-1.646817177534103394e-01,8.380688726902008057e-02,7.710263878107070923e-02,-2.696102112531661987e-02,4.538414627313613892e-02,4.520948603749275208e-02,3.174549713730812073e-02,3.967314958572387695e-02,2.846855437383055687e-03,-5.375159904360771179e-02,1.387732177972793579e-01,7.255236804485321045e-02,1.465345919132232666e-01,1.312813311815261841e-01,2.746431156992912292e-03,9.737013280391693115e-02,-4.510532692074775696e-02,-7.749905437231063843e-02,-8.190678060054779053e-02,1.650608777999877930e-01,1.062351614236831665e-01,-2.439527213573455811e-02,1.833282224833965302e-02,1.867196261882781982e-01,-1.580263525247573853e-01,-6.004064157605171204e-02,1.129817366600036621e-01,-3.963826969265937805e-02,-1.709368778392672539e-03,-1.719047278165817261e-01,1.263308078050613403e-01,6.604500859975814819e-02,1.966788433492183685e-03,-1.596267968416213989e-01,1.183916721493005753e-02,3.808127343654632568e-02,-1.137666106224060059e-01,-1.329905092716217041e-01,1.653930693864822388e-01,6.430120673030614853e-03,1.289877742528915405e-01,1.714898459613323212e-02,-3.337026014924049377e-02,-1.388521492481231689e-01,-1.685742735862731934e-01,-3.274357691407203674e-02,-2.478771377354860306e-03,1.852683350443840027e-02,-1.020479109138250351e-02,-8.825624245218932629e-04,4.818392544984817505e-02,-5.340611096471548080e-03,-2.041751705110073090e-02,-1.523011177778244019e-01,4.089815169572830200e-02,1.260752603411674500e-02,-6.824630498886108398e-02,-5.869786441326141357e-02,-1.401919033378362656e-02,2.509541995823383331e-02,8.447444066405296326e-03,8.431914448738098145e-02,-2.271360158920288086e-02,-3.132345154881477356e-02,5.739781633019447327e-02,1.592762619256973267e-01,-1.500311046838760376e-01,1.686874777078628540e-03,-1.098581403493881226e-01,2.592106163501739502e-02,-2.922380529344081879e-02,1.608671098947525024e-01,-3.579581156373023987e-02,-1.186320111155509949e-01,-6.654128897935152054e-03,1.824878603219985962e-01,-6.706593185663223267e-02,-1.470985412597656250e-01,1.774050891399383545e-01,3.376548411324620247e-03,-1.016937643289566040e-01,8.487054146826267242e-03,-1.342250555753707886e-01,-1.376201957464218140e-01,7.917825877666473389e-02,1.018241979181766510e-02,8.518600463867187500e-02,2.458860911428928375e-02,-3.702715039253234863e-02,-4.528918862342834473e-02,-1.320482790470123291e-01,4.199125245213508606e-02,-1.364024579524993896e-01,-2.192587219178676605e-02,9.621294587850570679e-02,-5.411658785305917263e-04,-1.031850650906562805e-01,7.593201100826263428e-02,-1.549796387553215027e-02,5.534254387021064758e-02,-1.696780771017074585e-01,-2.064508572220802307e-02,1.928510963916778564e-01,2.683489210903644562e-02,-1.360059380531311035e-01,-1.347915828227996826e-01,-6.803216040134429932e-02,-2.321095764636993408e-02,1.407907456159591675e-01,-5.218407884240150452e-02,-1.208820566534996033e-01,1.787286996841430664e-02,1.638680398464202881e-01,-1.653793007135391235e-01,9.991752356290817261e-02,3.186782822012901306e-02,-1.784197241067886353e-01,4.277685657143592834e-02,6.907720863819122314e-02,1.419165581464767456e-01,1.582041084766387939e-01,-6.117553263902664185e-02,-1.345777958631515503e-01,-8.733315765857696533e-02,3.646957920864224434e-03,6.238520517945289612e-02
-4.058057814836502075e-02,1.058385148644447327e-02,-6.693163514137268066e-02,-4.913228377699851990e-02,1.683494448661804199e-02,-3.698986954987049103e-03,1.235896348953247070e-02,1.544586010277271271e-02,-1.400776579976081848e-02,2.846855437383055687e-03,7.126019895076751709e-02,-1.549271494150161743e-02,8.260551840066909790e-02,-2.478261478245258331e-02,3.874478489160537720e-02,6.460861116647720337e-02,-3.668551798909902573e-03,-1.983578316867351532e-03,-1.000593323260545731e-02,-5.747813358902931213e-02,1.360765844583511353e-01,5.337642133235931396e-02,6.831035017967224121e-02,1.822600513696670532e-02,-4.155620001256465912e-03,8.220829814672470093e-02,-8.451957255601882935e-02,-4.304563626646995544e-02,1.272166073322296143e-01,-3.214845061302185059e-02,2.885593473911285400e-02,-1.666380837559700012e-02,-4.106346145272254944e-02,9.000951051712036133e-02,-8.870767429471015930e-03,-7.047609984874725342e-02,-5.930810235440731049e-03,1.858224533498287201e-02,-7.695691287517547607e-02,4.679141193628311157e-02,6.534126587212085724e-04,-3.286340087652206421e-02,8.777189254760742188e-02,8.242280222475528717e-03,4.177853092551231384e-02,-9.750494360923767090e-02,-7.803714275360107422e-02,3.662431240081787109e-02,-1.541316043585538864e-02,-7.486090809106826782e-02,3.353318199515342712e-02,-3.253911063075065613e-02,-3.762403503060340881e-02,3.676274418830871582e-02,-8.460000157356262207e-02,-6.840471178293228149e-02,2.476125955581665039e-02,1.092047337442636490e-02,-2.037810534238815308e-02,2.192601794376969337e-03,4.344306513667106628e-02,-2.186338417232036591e-02,-3.337932284921407700e-03,-7.139429450035095215e-02,-6.263926625251770020e-03,-8.431755006313323975e-03,2.391886338591575623e-02,1.788951084017753601e-02,-7.512243837118148804e-02,-1.883088378235697746e-03,-1.930082403123378754e-02,-1.187098622322082520e-01,4.314477555453777313e-03,5.886523053050041199e-02,1.975972205400466919e-02,4.197638481855392456e-02,-5.051083397120237350e-03,7.783417403697967529e-02,1.115619242191314697e-01,-4.519018530845642090e-02,-6.096780765801668167e-03,1.207808498293161392e-03,-6.005573645234107971e-02,-8.916887600207701325e-05,4.281029477715492249e-02,-9.721823036670684814e-02,5.949205532670021057e-02,6.820769049227237701e-03,4.709071293473243713e-02,1.242026593536138535e-02,-1.309540122747421265e-02,4.119319468736648560e-02,1.546652987599372864e-02,-2.808715961873531342e-02,-1.515782810747623444e-02,5.292748101055622101e-03,1.209936849772930145e-02,-9.298469376517459750e-05,-7.504786550998687744e-02,-3.406142443418502808e-02,-2.865715511143207550e-02,2.208824269473552704e-02,-3.548562899231910706e-02,-9.390080347657203674e-03,6.016751378774642944e-02,-7.547236979007720947e-02,5.298664793372154236e-02,-5.341444909572601318e-02,1.327163726091384888e-02,-6.727474275976419449e-03,-4.032209515571594238e-02,2.125791274011135101e-02,-3.115363605320453644e-02,4.234717413783073425e-02,7.697768509387969971e-02,-5.820266529917716980e-02,4.616288095712661743e-02,4.719364270567893982e-02,-1.296685170382261276e-02,-8.948943577706813812e-03,5.415833368897438049e-02,2.558059059083461761e-02,3.077532909810543060e-02,2.785526914522051811e-03,-8.950418978929519653e-02,3.234103089198470116e-03,6.789949722588062286e-03,-5.159775726497173309e-03
-6.126299500465393066e-02,-4.048639535903930664e-02,2.633446455001831055e-01,-1.491073220968246460e-01,-1.210007220506668091e-01,1.253107935190200806e-02,-5.046433582901954651e-02,-1.150589138269424438e-01,-2.959996275603771210e-02,-5.375159904360771179e-02,-1.549271494150161743e-02,8.978577703237533569e-02,-2.234673202037811279e-01,-1.373352557420730591e-01,-2.383723109960556030e-01,-2.119548022747039795e-01,-1.365954754874110222e-03,-1.585114896297454834e-01,6.479711830615997314e-02,1.197720840573310852e-01,9.190891683101654053e-02,-2.713875472545623779e-01,-1.886299401521682739e-01,4.383483901619911194e-02,-2.803922072052955627e-02,-2.760356366634368896e-01,2.538740634918212891e-01,1.006255075335502625e-01,-2.054295390844345093e-01,6.055725738406181335e-02,-1.314564258791506290e-03,2.596509754657745361e-01,-1.748157292604446411e-01,-1.285001933574676514e-01,1.678087399341166019e-03,2.645355463027954102e-01,-1.937487348914146423e-02,-6.040588021278381348e-02,1.796856671571731567e-01,2.247273325920104980e-01,-2.367808818817138672e-01,-2.406067214906215668e-03,-2.268473953008651733e-01,-2.865073829889297485e-02,6.426551844924688339e-03,2.136245220899581909e-01,2.670131325721740723e-01,5.085264146327972412e-02,2.365520410239696503e-02,-8.316375315189361572e-03,-8.702014572918415070e-03,3.072063811123371124e-02,-7.889981567859649658e-02,3.566218912601470947e-02,4.790147766470909119e-02,2.563052177429199219e-01,-7.871123403310775757e-02,-2.264815196394920349e-02,8.462829887866973877e-02,9.292674064636230469e-02,6.026039831340312958e-03,-2.899905107915401459e-02,-1.273341570049524307e-02,-6.684532761573791504e-02,4.817756637930870056e-02,4.527965188026428223e-02,-8.962465077638626099e-02,-2.498483955860137939e-01,2.433267980813980103e-01,1.043004635721445084e-02,1.737702339887619019e-01,4.328156355768442154e-04,5.000888183712959290e-02,-2.548532485961914062e-01,4.346862435340881348e-02,1.585565209388732910e-01,9.181596338748931885e-03,-2.826397716999053955e-01,9.834907203912734985e-02,2.424792349338531494e-01,-2.733555436134338379e-01,-5.590098910033702850e-03,1.708240211009979248e-01,-1.322980318218469620e-02,1.960822045803070068e-01,2.117409706115722656e-01,-1.098933964967727661e-01,-1.747980900108814240e-02,-1.069768145680427551e-01,-3.922356665134429932e-02,4.943063110113143921e-02,6.482347100973129272e-02,2.003644555807113647e-01,-6.098793074488639832e-02,2.044348716735839844e-01,4.609791934490203857e-02,-1.523184776306152344e-01,8.254768908955156803e-04,1.741225570440292358e-01,-1.046373918652534485e-01,3.136737644672393799e-02,-6.123028323054313660e-02,2.652465999126434326e-01,3.257660195231437683e-02,-2.889318466186523438e-01,-4.781338572502136230e-02,1.826791465282440186e-01,2.255776673555374146e-01,6.211548298597335815e-02,3.324294090270996094e-02,-2.283867597579956055e-01,7.118098437786102295e-02,2.089482098817825317e-01,-2.345748618245124817e-02,-2.773185372352600098e-01,2.501751482486724854e-01,-1.706455349922180176e-01,-5.629514530301094055e-02,2.770620286464691162e-01,-6.418696790933609009e-02,-9.543056041002273560e-02,-2.106628715991973877e-01,-2.421056777238845825e-01,7.074404507875442505e-02,2.327030748128890991e-01,1.195916086435317993e-01,-3.587356535717844963e-03,-1.032765284180641174e-01
