5.548792481422424316e-01,-8.713129791431128979e-04,-1.010053455829620361e-01,9.376753866672515869e-02,1.845162212848663330e-01,-3.605508431792259216e-02,-2.170592918992042542e-02,4.128666222095489502e-01,6.155978143215179443e-02,2.202204242348670959e-02,-4.834010079503059387e-02,-4.306659102439880371e-02,1.308546662330627441e-01,6.121982932090759277e-01,2.886379063129425049e-01,9.967661648988723755e-02,-7.279855199158191681e-03,4.616064578294754028e-02,1.654367148876190186e-01,-2.015730133280158043e-03,-3.110976815223693848e-01,4.667770117521286011e-02,1.642923653125762939e-01,-1.194794028997421265e-01,-1.681764982640743256e-02,-1.585826575756072998e-01,-7.061577588319778442e-02,-2.361992597579956055e-01,-3.978864103555679321e-02,-3.198117315769195557e-01,-1.350217759609222412e-01,-7.226540148258209229e-02,3.109153360128402710e-02,8.055806905031204224e-02,-3.133054822683334351e-02,-1.641261279582977295e-01,-6.938776932656764984e-03,3.208216978237032890e-03,-2.100979834794998169e-01,-4.126913547515869141e-01,6.711875647306442261e-02,1.237799003720283508e-01,3.884573653340339661e-02,3.058438748121261597e-02,3.929395675659179688e-01,-3.311440348625183105e-01,-1.773229539394378662e-01,-1.011502817273139954e-01,-2.621820569038391113e-02,2.301022037863731384e-02,7.859670370817184448e-02,-6.804653257131576538e-02,4.982751980423927307e-02,-1.719565242528915405e-01,-1.753175863996148109e-03,-1.707437783479690552e-01,8.328809589147567749e-02,2.353342808783054352e-02,-1.003520414233207703e-01,-4.710580036044120789e-02,5.525958538055419922e-02,5.464609339833259583e-02,2.593256346881389618e-02,-3.008631989359855652e-02,-8.663485944271087646e-02,4.586140438914299011e-02,5.951855331659317017e-02,1.913765966892242432e-01,-1.058667823672294617e-01,5.917223542928695679e-02,-1.368813216686248779e-01,-3.942828774452209473e-01,2.031837590038776398e-03,7.063870877027511597e-02,-6.854498386383056641e-02,-1.189014464616775513e-01,-1.153567060828208923e-02,1.441569626331329346e-01,-2.707692384719848633e-01,-1.757163256406784058e-01,5.605171620845794678e-02,5.696285981684923172e-03,-2.150503098964691162e-01,1.476205419749021530e-03,-1.546476632356643677e-01,-4.087534919381141663e-02,2.093149274587631226e-01,-2.394125796854496002e-03,1.482066698372364044e-02,-3.719497006386518478e-03,-9.085861034691333771e-03,-8.939503133296966553e-02,2.149000205099582672e-02,-8.467353135347366333e-02,5.843773856759071350e-02,-5.773428827524185181e-02,3.033369481563568115e-01,-7.715428946539759636e-04,-1.284440904855728149e-01,2.252476066350936890e-01,-1.202336978167295456e-02,6.159793213009834290e-02,-4.451698437333106995e-02,-7.741521578282117844e-03,-1.089022234082221985e-01,1.375286579132080078e-01,1.230667978525161743e-01,-2.952040545642375946e-02,-3.932996466755867004e-02,1.974451169371604919e-02,3.264806568622589111e-01,4.386934265494346619e-02,-2.803049609065055847e-02,-3.673571348190307617e-01,1.723054498434066772e-01,-7.338047772645950317e-02,3.449863791465759277e-01,-1.573213785886764526e-01,-3.918434381484985352e-01,1.617579720914363861e-03,-9.098652005195617676e-02,1.911218464374542236e-01,1.186692565679550171e-01,2.926532179117202759e-03,3.438513353466987610e-02,-1.733756959438323975e-01,-2.559134736657142639e-02,1.340126544237136841e-01
-8.713129791431128979e-04,2.183393202722072601e-02,-1.175095587968826294e-01,3.603334352374076843e-02,5.618067458271980286e-02,-3.828832507133483887e-02,-1.940403319895267487e-02,2.103557623922824860e-02,8.726760279387235641e-04,1.096766162663698196e-02,4.247974604368209839e-02,-2.130897715687751770e-02,8.184439688920974731e-02,1.331021729856729507e-02,9.044779092073440552e-02,7.293169945478439331e-02,-9.189497213810682297e-04,1.060534566640853882e-01,-1.182581763714551926e-02,-4.419172182679176331e-02,4.105944558978080750e-02,1.022454053163528442e-01,5.880178511142730713e-02,3.967291116714477539e-02,6.955183576792478561e-03,1.290491819381713867e-01,-1.140080094337463379e-01,-9.142271429300308228e-02,9.007323533296585083e-02,-1.934888400137424469e-02,5.106758326292037964e-03,-9.119238704442977905e-02,6.822387129068374634e-02,4.708012938499450684e-02,5.324881523847579956e-03,-9.206087142229080200e-02,-7.752189412713050842e-04,1.755025610327720642e-02,-5.542648956179618835e-02,-7.485014200210571289e-02,9.747848659753799438e-02,-1.563742943108081818e-02,1.250586956739425659e-01,1.112024299800395966e-02,2.581292763352394104e-03,-7.206554710865020752e-02,-1.019904837012290955e-01,-1.464310288429260254e-02,-3.060021623969078064e-02,1.761757209897041321e-02,1.904058037325739861e-03,-1.462391577661037445e-03,1.079469453543424606e-02,3.025300614535808563e-02,1.249470864422619343e-03,-8.849599212408065796e-02,1.293122768402099609e-02,9.859426878392696381e-03,-1.036637574434280396e-01,-3.577997907996177673e-02,1.558156963437795639e-02,-3.070162842050194740e-03,4.823453258723020554e-03,2.695334702730178833e-02,-2.504782052710652351e-03,-1.884366571903228760e-02,5.774980410933494568e-02,1.210194826126098633e-01,-1.113286912441253662e-01,3.234891593456268311e-02,-5.999596416950225830e-02,-1.679271087050437927e-02,-1.425550319254398346e-02,8.246060460805892944e-02,-3.839314356446266174e-02,-9.477227181196212769e-02,-6.277326960116624832e-03,9.957277029752731323e-02,9.765432216227054596e-03,-7.353914529085159302e-02,8.006872981786727905e-02,2.659047022461891174e-03,-8.836635947227478027e-02,5.207190755754709244e-03,-7.422653585672378540e-02,-1.210589557886123657e-01,7.695347070693969727e-02,9.177216328680515289e-03,5.960934236645698547e-02,-2.388253575190901756e-03,-2.482616342604160309e-02,-2.245678193867206573e-02,-8.306349813938140869e-02,2.658050134778022766e-02,-5.870421975851058960e-02,4.949173424392938614e-03,8.468336611986160278e-02,-4.913039738312363625e-04,-6.878817826509475708e-02,3.614275902509689331e-02,1.180811505764722824e-02,3.293436020612716675e-02,-7.844794541597366333e-02,-7.907127961516380310e-03,1.083178073167800903e-01,-1.267924997955560684e-02,-3.295379132032394409e-02,-7.800536602735519409e-02,-2.264983765780925751e-02,-1.565599068999290466e-02,3.664788603782653809e-02,-2.984751714393496513e-03,-7.375158369541168213e-02,-2.133346907794475555e-02,1.243358775973320007e-01,-1.078706309199333191e-01,6.823621690273284912e-02,4.099071398377418518e-02,-8.660260587930679321e-02,1.485454197973012924e-02,8.760866522789001465e-02,8.682613819837570190e-02,8.697875589132308960e-02,-6.554745882749557495e-02,-8.502379804849624634e-02,-5.725368112325668335e-02,-1.588419312611222267e-03,5.354611575603485107e-02
-1.010053455829620361e-01,-1.175095587968826294e-01,8.082384467124938965e-01,-3.585026562213897705e-01,-3.167945742607116699e-01,2.038104981184005737e-01,6.495373696088790894e-02,-1.979490220546722412e-01,7.851222762838006020e-04,-1.100696697831153870e-01,-2.875009775161743164e-01,1.880375295877456665e-01,-5.219555497169494629e-01,-2.691854536533355713e-01,-6.394479274749755859e-01,-4.921540915966033936e-01,-2.458169870078563690e-02,-6.745634675025939941e-01,7.758326083421707153e-02,3.437852859497070312e-01,-1.958196014165878296e-01,-7.290351390838623047e-01,-5.862563252449035645e-01,-1.626072824001312256e-02,-5.422613024711608887e-02,-7.466839551925659180e-01,7.463523745536804199e-01,5.017747282981872559e-01,-6.604871153831481934e-01,2.608716487884521484e-01,-3.124209586530923843e-03,7.036827206611633301e-01,-5.440140366554260254e-01,-4.200405180454254150e-01,-1.638990454375743866e-02,6.899014115333557129e-01,-1.367801014566794038e-04,-1.268280297517776489e-01,4.743987619876861572e-01,6.341881155967712402e-01,-6.719019412994384766e-01,6.693077832460403442e-02,-7.512831091880798340e-01,-9.054193645715713501e-02,-1.514703482389450073e-01,6.751582622528076172e-01,7.164937853813171387e-01,1.375532299280166626e-01,1.774956434965133667e-01,1.064825616776943207e-02,-5.572813749313354492e-02,3.783793654292821884e-03,-6.575226038694381714e-02,-1.014705523848533630e-01,-8.236767351627349854e-02,6.697158813476562500e-01,-1.330160498619079590e-01,-7.879640161991119385e-02,6.565492153167724609e-01,2.997766435146331787e-01,-5.870467051863670349e-03,-9.913821518421173096e-02,-4.823688045144081116e-02,-3.165845274925231934e-01,3.672329708933830261e-02,1.255632489919662476e-01,-3.617279231548309326e-01,-7.760759592056274414e-01,7.505692243576049805e-01,-1.519981622695922852e-01,5.310033559799194336e-01,2.717202901840209961e-01,1.140496879816055298e-01,-6.625932455062866211e-01,2.736246287822723389e-01,6.127131581306457520e-01,4.111063107848167419e-02,-7.842959165573120117e-01,7.471564412117004395e-02,6.423628926277160645e-01,-6.889982223510742188e-01,-2.457378618419170380e-02,5.709356665611267090e-01,-3.023236244916915894e-02,6.231648325920104980e-01,6.919500231742858887e-01,-5.439428091049194336e-01,-5.788229405879974365e-02,-4.142100811004638672e-01,-2.405272237956523895e-02,1.601490825414657593e-01,2.215027511119842529e-01,6.233996152877807617e-01,-1.739152371883392334e-01,4.554072320461273193e-01,1.530627626925706863e-02,-5.856682062149047852e-01,4.221099428832530975e-03,5.295227169990539551e-01,-4.191315174102783203e-01,-3.839782625436782837e-02,-3.281144201755523682e-01,6.432116627693176270e-01,5.852620303630828857e-02,-7.592703104019165039e-01,-1.005271300673484802e-01,3.701268732547760010e-01,5.688144564628601074e-01,1.178432479500770569e-01,1.173719689249992371e-01,-4.687996506690979004e-01,2.058369964361190796e-01,5.511534810066223145e-01,-1.506182551383972168e-02,-7.700796723365783691e-01,7.014836668968200684e-01,-5.320260524749755859e-01,-3.740429580211639404e-01,7.293851971626281738e-01,-1.378934234380722046e-01,-6.780883073806762695e-01,-6.874148845672607422e-01,-6.639391183853149414e-01,4.128205776214599609e-01,6.661480069160461426e-01,5.854916572570800781e-01,-2.300578542053699493e-02,-4.589315950870513916e-01
9.376753866672515869e-02,3.603334352374076843e-02,-3.585026562213897705e-01,3.152580559253692627e-01,9.332061558961868286e-02,-7.346535101532936096e-03,-5.628681927919387817e-02,1.587524712085723877e-01,-2.189872227609157562e-02,4.541204124689102173e-02,3.818614780902862549e-02,-8.896091580390930176e-02,2.000439912080764771e-01,1.733165830373764038e-01,2.573168575763702393e-01,1.641132980585098267e-01,1.641052588820457458e-02,3.519566655158996582e-01,-4.708870127797126770e-02,-7.916589081287384033e-02,-7.007155567407608032e-02,3.266448676586151123e-01,2.649639546871185303e-01,-1.339385211467742920e-01,4.536050185561180115e-02,2.944019734859466553e-01,-2.841932177543640137e-01,-1.488658338785171509e-01,2.336207628250122070e-01,-8.066149801015853882e-02,-2.519405260682106018e-02,-3.701896071434020996e-01,3.295082151889801025e-01,1.136857494711875916e-01,1.375893317162990570e-02,-3.086681067943572998e-01,2.311252988874912262e-02,4.923955351114273071e-02,-1.409256160259246826e-01,-4.190847575664520264e-01,2.891918122768402100e-01,8.164178580045700073e-04,3.151925504207611084e-01,3.657638654112815857e-02,1.005694717168807983e-01,-2.633962333202362061e-01,-2.560101151466369629e-01,-1.137326508760452271e-01,-8.446626365184783936e-02,3.125625103712081909e-02,3.521534055471420288e-02,1.837745495140552521e-02,1.261197924613952637e-01,-1.002134904265403748e-01,1.444159597158432007e-01,-2.870994508266448975e-01,5.212488025426864624e-02,2.732211537659168243e-02,-2.291746735572814941e-01,-1.645822077989578247e-01,-7.788147777318954468e-02,1.015763580799102783e-01,2.812447957694530487e-02,1.535226106643676758e-01,-3.072950243949890137e-02,-5.861073359847068787e-02,1.279658824205398560e-01,3.725125789642333984e-01,-3.148584961891174316e-01,-1.726633869111537933e-02,-2.638596594333648682e-01,-2.906985208392143250e-02,-8.275341987609863281e-02,2.624798417091369629e-01,-1.333869397640228271e-01,-2.958133220672607422e-01,-4.609777592122554779e-03,3.353926241397857666e-01,-2.221829444169998169e-01,-3.500653803348541260e-01,4.514166116714477539e-01,1.094551570713520050e-02,-1.479835063219070435e-01,1.926204748451709747e-02,-3.559227287769317627e-01,-1.783128231763839722e-01,1.024946942925453186e-01,2.065101638436317444e-02,7.970680296421051025e-02,1.184088829904794693e-02,-3.533456102013587952e-02,-1.587691009044647217e-01,-3.752283453941345215e-01,1.134014725685119629e-01,-2.276722639799118042e-01,-5.251144990324974060e-02,2.189994007349014282e-01,-1.912400010041892529e-03,-1.642744988203048706e-01,2.602580487728118896e-01,4.212060570716857910e-02,8.267939835786819458e-02,-3.102359473705291748e-01,-2.363625541329383850e-02,3.922571539878845215e-01,1.785850971937179565e-01,-3.169322311878204346e-01,-2.633327245712280273e-01,6.077802181243896484e-02,-4.315504804253578186e-02,3.666715025901794434e-01,-1.452816724777221680e-01,-2.765084803104400635e-01,2.886263467371463776e-02,3.451254963874816895e-01,-2.688288986682891846e-01,1.814456135034561157e-01,1.710840761661529541e-01,-3.884338736534118652e-01,9.251854568719863892e-02,2.519498765468597412e-01,2.732713222503662109e-01,2.937346398830413818e-01,-1.432884186506271362e-01,-2.594158351421356201e-01,-2.672503590583801270e-01,1.370158046483993530e-02,2.688867747783660889e-01
1.845162212848663330e-01,5.618067458271980286e-02,-3.167945742607116699e-01,9.332061558961868286e-02,2.497687339782714844e-01,-1.064225807785987854e-01,-3.668560087680816650e-02,2.007239311933517456e-01,1.249892544001340866e-02,3.156508132815361023e-02,8.538483828306198120e-02,-5.856483057141304016e-02,2.309453040361404419e-01,2.190874665975570679e-01,3.294423222541809082e-01,2.208716422319412231e-01,-1.319279987365007401e-02,2.602726817131042480e-01,2.886458113789558411e-02,-1.164650842547416687e-01,3.146740049123764038e-02,2.579907774925231934e-01,1.548224389553070068e-01,1.266553848981857300e-01,-5.640757153742015362e-04,2.478682696819305420e-01,-3.042176961898803711e-01,-3.461937606334686279e-01,2.262044250965118408e-01,-1.972520202398300171e-01,-3.236028552055358887e-02,-1.953047364950180054e-01,1.477050036191940308e-01,1.233664080500602722e-01,3.950108308345079422e-03,-2.520540356636047363e-01,-1.152071636170148849e-02,4.421031475067138672e-02,-2.498764544725418091e-01,-3.015049695968627930e-01,2.698409557342529297e-01,9.837645106017589569e-03,3.213580548763275146e-01,3.930428996682167053e-02,1.362774521112442017e-01,-2.743382751941680908e-01,-3.406676650047302246e-01,-6.982580572366714478e-02,-7.781866192817687988e-02,8.212798833847045898e-02,2.561464160680770874e-02,-3.929222747683525085e-02,2.264623716473579407e-02,4.189085215330123901e-02,-2.775551937520503998e-02,-2.671388387680053711e-01,5.584116652607917786e-02,3.225224092602729797e-02,-3.164795935153961182e-01,-8.935926109552383423e-02,8.838781714439392090e-02,-1.577950082719326019e-02,1.844498142600059509e-02,6.037648767232894897e-02,-2.145879529416561127e-02,-2.239887230098247528e-02,1.795820891857147217e-01,3.622056245803833008e-01,-2.790009975433349609e-01,1.487180590629577637e-01,-1.893810182809829712e-01,-1.988014429807662964e-01,2.632610965520143509e-03,2.083237916231155396e-01,-1.179530993103981018e-01,-3.179692625999450684e-01,-2.326214499771595001e-02,2.788971066474914551e-01,-4.721535742282867432e-02,-2.043010741472244263e-01,1.795953959226608276e-01,7.073006127029657364e-03,-3.374556899070739746e-01,1.202135346829891205e-02,-2.274724096059799194e-01,-3.490914702415466309e-01,3.170102834701538086e-01,2.137952111661434174e-02,1.587306410074234009e-01,-1.441988907754421234e-02,-9.102938324213027954e-02,-6.570842862129211426e-02,-1.456698924303054810e-01,-1.679887878708541393e-03,-1.030789017677307129e-01,1.424300111830234528e-02,3.654427230358123779e-01,-1.345921540632843971e-03,-2.022037655115127563e-01,1.552928388118743896e-01,2.242364734411239624e-02,1.157560497522354126e-01,-1.684601157903671265e-01,-2.336795069277286530e-02,2.035024613142013550e-01,9.328030981123447418e-03,4.074320662766695023e-03,-1.895152181386947632e-01,-1.323350965976715088e-01,-2.645671926438808441e-02,1.028897091746330261e-01,4.187635704874992371e-02,-1.550364643335342407e-01,-2.345427721738815308e-01,3.873939812183380127e-01,-3.088155090808868408e-01,2.974068224430084229e-01,1.896129921078681946e-02,-3.304029405117034912e-01,2.219936437904834747e-02,1.880756318569183350e-01,2.700600326061248779e-01,2.319141924381256104e-01,-1.698199212551116943e-01,-1.593236923217773438e-01,-1.739737540483474731e-01,-2.175286225974559784e-02,1.766318529844284058e-01
-3.605508431792259216e-02,-3.828832507133483887e-02,2.038104981184005737e-01,-7.346535101532936096e-03,-1.064225807785987854e-01,2.860782742500305176e-01,2.644209377467632294e-02,2.829832024872303009e-02,-1.060981526970863342e-01,-5.021683126688003540e-02,-8.349031209945678711e-02,4.868531599640846252e-02,-2.094200998544692993e-01,-6.881227344274520874e-02,-2.072454839944839478e-01,-1.665972769260406494e-01,-1.490033417940139771e-02,-2.141789644956588745e-01,1.986890332773327827e-03,6.737677007913589478e-02,2.423596568405628204e-02,-1.860020756721496582e-01,-9.087550640106201172e-02,-2.060362324118614197e-02,-1.961162686347961426e-02,-3.333496153354644775e-01,2.309367060661315918e-01,1.562950611114501953e-01,-9.200162440538406372e-02,-2.128945849835872650e-02,5.341211333870887756e-02,2.473517507314682007e-01,-1.699524372816085815e-01,-7.391785830259323120e-02,-1.418766751885414124e-02,2.137499749660491943e-01,1.055449992418289185e-02,-4.118255153298377991e-02,1.378876715898513794e-01,1.274141669273376465e-01,-2.712633013725280762e-01,1.041890401393175125e-02,-1.672571897506713867e-01,-1.777989976108074188e-02,3.936255723237991333e-02,2.482904195785522461e-01,2.326800972223281860e-01,1.235963869839906693e-02,6.011844146996736526e-03,-1.993296109139919281e-02,1.103635653853416443e-01,-8.643509447574615479e-02,-7.148978183977305889e-04,-1.456553488969802856e-01,-3.035847842693328857e-02,1.529962420463562012e-01,-2.719363570213317871e-02,-2.137398719787597656e-02,2.169891893863677979e-01,7.778832316398620605e-02,2.010125853121280670e-02,-3.365439549088478088e-02,-1.183267403393983841e-02,-1.679139286279678345e-01,1.222102157771587372e-02,5.475532636046409607e-02,-9.942802041769027710e-02,-2.363011687994003296e-01,2.601736783981323242e-01,-3.824184089899063110e-02,1.309309452772140503e-01,-3.229722753167152405e-02,6.219022348523139954e-02,-2.223110496997833252e-01,1.044247001409530640e-01,1.563695222139358521e-01,2.070033550262451172e-02,-2.450060397386550903e-01,-6.457772571593523026e-03,1.572844088077545166e-01,-1.590190678834915161e-01,-6.515549030154943466e-03,1.443204283714294434e-01,-1.672534830868244171e-02,1.750070750713348389e-01,3.088074028491973877e-01,-1.341000646352767944e-01,-1.704343967139720917e-02,-2.387017756700515747e-01,-2.958222059532999992e-03,4.829329252243041992e-02,5.811591818928718567e-02,1.739149838685989380e-01,-4.519964754581451416e-02,1.434576809406280518e-01,-7.688544690608978271e-02,-1.338645964860916138e-01,1.211260096170008183e-03,1.342724710702896118e-01,-1.347826123237609863e-01,-4.189911857247352600e-02,-1.532865911722183228e-01,2.185133248567581177e-01,1.795944012701511383e-02,-2.459108680486679077e-01,1.376699507236480713e-01,7.456804811954498291e-02,1.419398486614227295e-01,1.504464894533157349e-01,4.334836080670356750e-02,-1.652000248432159424e-01,-2.147527225315570831e-02,1.394542902708053589e-01,5.718898773193359375e-02,-1.881591230630874634e-01,2.580966353416442871e-01,-1.319732517004013062e-01,-6.518749147653579712e-02,2.237877994775772095e-01,-4.109674692153930664e-02,-1.769354790449142456e-01,-2.270539551973342896e-01,-2.017736434936523438e-01,1.676066815853118896e-01,1.539451628923416138e-01,1.982394605875015259e-01,9.609950939193367958e-04,-4.117229953408241272e-02
-2.170592918992042542e-02,-1.940403319895267487e-02,6.495373696088790894e-02,-5.628681927919387817e-02,-3.668560087680816650e-02,2.644209377467632294e-02,7.716232538223266602e-02,-6.419653445482254028e-02,-2.315916819497942924e-03,4.483520053327083588e-03,-2.488554455339908600e-02,1.804177276790142059e-02,-1.052825823426246643e-01,-3.001957200467586517e-02,-7.370431721210479736e-02,-5.743606388568878174e-02,5.472491029649972916e-03,-1.155311614274978638e-01,-3.442474408075213432e-03,-7.390086539089679718e-04,-4.637372680008411407e-03,-7.114847749471664429e-02,-5.010642483830451965e-02,-1.134527660906314850e-02,-1.411883067339658737e-02,-8.315478265285491943e-02,7.981862127780914307e-02,8.561316132545471191e-02,-3.465898334980010986e-02,-3.431270271539688110e-02,1.112433150410652161e-02,7.219793647527694702e-02,-5.322568491101264954e-02,-3.244326263666152954e-02,-5.051756743341684341e-03,8.934625983238220215e-02,-7.358346134424209595e-03,-1.206206530332565308e-02,-3.739683656021952629e-03,7.234171777963638306e-02,-4.534792527556419373e-02,2.051505632698535919e-02,-1.079947501420974731e-01,-5.967751145362854004e-03,-3.762312605977058411e-02,5.145334172993898392e-03,4.344008862972259521e-02,1.557190157473087311e-02,5.187305808067321777e-02,-1.959398575127124786e-02,-1.106403674930334091e-02,7.111805956810712814e-03,-4.945104941725730896e-02,2.455923147499561310e-02,-1.170467771589756012e-02,7.602024823427200317e-02,-1.744722574949264526e-02,-7.846596650779247284e-03,4.840162023901939392e-02,3.239474073052406311e-02,-2.107511460781097412e-02,9.083421900868415833e-03,-3.140264190733432770e-03,6.089911237359046936e-02,2.069214172661304474e-02,1.820479147136211395e-02,-4.371015727519989014e-02,-8.932109922170639038e-02,9.363242238759994507e-02,1.546648889780044556e-02,3.361392021179199219e-02,-1.868408918380737305e-02,4.187784716486930847e-02,-4.554695636034011841e-02,2.698783949017524719e-02,2.999941818416118622e-02,3.263977123424410820e-05,-2.662873268127441406e-02,1.205320935696363449e-02,7.653788477182388306e-02,-5.173980444669723511e-02,-1.879978808574378490e-03,3.664883598685264587e-02,-8.590685203671455383e-03,3.489461913704872131e-02,6.120115146040916443e-02,1.814675331115722656e-02,-9.088379330933094025e-03,-1.046877168118953705e-02,7.618907373398542404e-03,-6.429115775972604752e-03,2.363750524818897247e-02,7.739740610122680664e-02,-3.780110552906990051e-02,4.091213271021842957e-02,5.817217752337455750e-03,-3.237108513712882996e-02,2.425550337648019195e-04,4.743320867419242859e-02,-1.447075139731168747e-02,-2.391287684440612793e-02,3.742451220750808716e-02,6.032120063900947571e-02,5.290524568408727646e-03,-5.083094537258148193e-02,3.120498359203338623e-02,1.175008341670036316e-02,7.701099663972854614e-02,-7.270685583353042603e-02,7.579535245895385742e-03,-7.937124371528625488e-02,-3.801694512367248535e-02,9.351751208305358887e-02,5.192284286022186279e-02,-1.006273627281188965e-01,5.979999154806137085e-02,-4.459209740161895752e-02,-2.343375608325004578e-02,3.887203708291053772e-02,-1.592715829610824585e-02,-2.698009833693504333e-03,-3.261429071426391602e-02,-6.411421298980712891e-02,3.344482183456420898e-02,6.457690894603729248e-02,9.313674643635749817e-03,6.582984235137701035e-03,-3.669486194849014282e-02
4.128666222095489502e-01,2.103557623922824860e-02,-1.979490220546722412e-01,1.587524712085723877e-01,2.007239311933517456e-01,2.829832024872303009e-02,-6.419653445482254028e-02,4.665472209453582764e-01,-1.719336584210395813e-02,5.508449394255876541e-03,2.583610638976097107e-02,-6.225261837244033813e-02,1.916246116161346436e-01,4.737476110458374023e-01,3.142126500606536865e-01,1.535861641168594360e-01,-1.818845048546791077e-02,1.440248638391494751e-01,1.063302606344223022e-01,-3.199982643127441406e-02,-8.348912745714187622e-02,1.772995144128799438e-01,2.039598077535629272e-01,-7.159923017024993896e-02,-9.656676091253757477e-03,-3.942402824759483337e-02,-1.701888144016265869e-01,-2.701900303363800049e-01,1.452092379331588745e-01,-2.735671103000640869e-01,-9.035100787878036499e-02,-9.616010636091232300e-02,3.845183178782463074e-02,1.306572407484054565e-01,-2.658114396035671234e-02,-2.360938191413879395e-01,-4.079363774508237839e-03,2.608567848801612854e-02,-2.495454549789428711e-01,-4.096771478652954102e-01,1.033271923661231995e-01,5.729989334940910339e-02,1.875492036342620850e-01,3.860615193843841553e-02,4.023876488208770752e-01,-2.860217094421386719e-01,-2.560157179832458496e-01,-9.040848910808563232e-02,-8.304259181022644043e-02,-1.436860620742663741e-04,1.331722438335418701e-01,-9.072261303663253784e-02,6.152443215250968933e-02,-1.914196461439132690e-01,-4.148691892623901367e-02,-2.540188431739807129e-01,1.031321436166763306e-01,3.479284048080444336e-02,-1.272535026073455811e-01,-6.908448040485382080e-02,8.134575188159942627e-02,1.433921046555042267e-02,2.156682498753070831e-02,-1.452610194683074951e-01,-5.957970023155212402e-02,2.384629100561141968e-02,1.019314303994178772e-01,2.434759885072708130e-01,-1.910491138696670532e-01,3.271622955799102783e-02,-1.814359873533248901e-01,-3.969010710716247559e-01,-4.575508646667003632e-03,1.389564126729965210e-01,-6.227365136146545410e-02,-1.497677266597747803e-01,-1.057690568268299103e-02,1.844698339700698853e-01,-1.979239583015441895e-01,-2.438061833381652832e-01,1.225798651576042175e-01,6.902897264808416367e-03,-2.682330310344696045e-01,8.123592473566532135e-03,-1.638093888759613037e-01,-1.313180774450302124e-01,2.093189060688018799e-01,1.126647833734750748e-02,1.139192259870469570e-03,-2.212574239820241928e-03,-3.034810908138751984e-02,-6.698922067880630493e-02,-4.238969087600708008e-02,-8.373621851205825806e-02,2.148231025785207748e-03,-6.097073480486869812e-02,3.224352300167083740e-01,-9.632084984332323074e-04,-1.764456927776336670e-01,1.982768476009368896e-01,-9.249598719179630280e-03,3.590201959013938904e-02,-9.725746512413024902e-02,-1.803574524819850922e-02,2.174204029142856598e-02,1.189828887581825256e-01,1.146198809146881104e-01,-1.403001248836517334e-01,5.036495998501777649e-02,1.163157541304826736e-02,2.374409288167953491e-01,6.459983438253402710e-02,-1.182808279991149902e-01,-2.945274412631988525e-01,3.173634409904479980e-01,-1.627366840839385986e-01,3.327917456626892090e-01,-5.824338644742965698e-02,-3.648948669433593750e-01,4.796308930963277817e-03,-3.265330800786614418e-03,1.988413631916046143e-01,1.370039135217666626e-01,1.480285916477441788e-02,-7.850531488656997681e-02,-1.338690668344497681e-01,-2.365455031394958496e-02,1.866056919097900391e-01
6.155978143215179443e-02,8.726760279387235641e-04,7.851222762838006020e-04,-2.189872227609157562e-02,1.249892544001340866e-02,-1.060981526970863342e-01,-2.315916819497942924e-03,-1.719336584210395813e-02,6.523472815752029419e-02,1.709336601197719574e-02,-9.708271361887454987e-03,-5.404788535088300705e-03,4.091075807809829712e-02,6.959934532642364502e-02,4.073470458388328552e-02,1.973199285566806793e-02,8.239977993071079254e-03,1.700407639145851135e-02,2.441821433603763580e-02,1.106976624578237534e-02,-1.054517477750778198e-01,-4.573298152536153793e-03,-5.725876544602215290e-04,-2.977529354393482208e-02,4.942018538713455200e-03,3.559787571430206299e-02,-1.329337246716022491e-02,-1.270947139710187912e-02,-6.441846489906311035e-02,1.422598958015441895e-02,-4.049293324351310730e-02,-5.623558536171913147e-02,4.090267047286033630e-02,-9.567786008119583130e-03,2.847567433491349220e-03,-2.846770547330379486e-02,-2.897646045312285423e-03,1.645743381232023239e-03,-9.845042601227760315e-03,-3.142829984426498413e-02,5.183541029691696167e-02,2.188014239072799683e-02,-2.954266034066677094e-02,-4.743821336887776852e-04,-1.352781243622303009e-02,-7.072254270315170288e-02,-1.748025044798851013e-02,-4.917120095342397690e-03,2.144502662122249603e-02,1.224465202540159225e-02,-5.794934183359146118e-02,4.132502526044845581e-02,4.055044613778591156e-03,3.539066389203071594e-02,2.846634760499000549e-02,-2.299322513863444328e-03,-2.122327685356140137e-03,7.329745567403733730e-04,-2.709659375250339508e-02,-1.132080145180225372e-02,-2.437512762844562531e-02,2.780830673873424530e-02,4.142930731177330017e-03,7.088612020015716553e-02,-1.571690291166305542e-02,-7.396126165986061096e-03,2.880375832319259644e-03,3.101747483015060425e-02,-3.206024318933486938e-02,-1.107735792174935341e-03,-1.360407937318086624e-02,2.475825138390064240e-02,-2.274620160460472107e-02,3.101802803575992584e-02,-2.750744670629501343e-02,-8.471731096506118774e-03,-4.465963691473007202e-03,3.320748731493949890e-02,-3.415983542799949646e-02,-1.563211902976036072e-02,9.926617145538330078e-03,1.070536323823034763e-03,1.981126843020319939e-03,3.627930767834186554e-03,-3.426854312419891357e-02,-3.606589883565902710e-02,4.122016485780477524e-03,-8.669272647239267826e-04,6.444305181503295898e-02,3.347813326399773359e-04,1.298210467211902142e-03,-2.237482741475105286e-02,-2.013351395726203918e-02,1.173134241253137589e-02,-1.433187630027532578e-02,2.425584197044372559e-02,8.979086764156818390e-03,-2.004500856855884194e-04,-1.256593689322471619e-02,4.511524736881256104e-02,1.606143079698085785e-02,4.371570795774459839e-02,-3.956351056694984436e-02,-9.630232234485447407e-04,5.856608040630817413e-03,-4.225587472319602966e-02,-1.334506273269653320e-02,6.340745370835065842e-03,-5.712684616446495056e-02,-6.811327766627073288e-03,9.045460075139999390e-02,1.023933757096529007e-02,-7.173453457653522491e-03,-4.490158706903457642e-02,-1.846197620034217834e-02,-2.911886200308799744e-02,2.328144013881683350e-02,-2.240460366010665894e-02,-6.109521910548210144e-02,1.071395352482795715e-02,-8.963172324001789093e-03,4.467870667576789856e-02,3.611676767468452454e-02,-3.601147606968879700e-02,1.039594318717718124e-02,-6.097067520022392273e-02,-1.392115838825702667e-03,-1.796508580446243286e-02
2.202204242348670959e-02,1.096766162663698196e-02,-1.100696697831153870e-01,4.541204124689102173e-02,3.156508132815361023e-02,-5.021683126688003540e-02,4.483520053327083588e-03,5.508449394255876541e-03,1.709336601197719574e-02,2.232752926647663116e-02,2.630784362554550171e-02,-2.547304891049861908e-02,6.173415482044219971e-02,5.101925507187843323e-02,8.344855159521102905e-02,5.725500732660293579e-02,8.614491671323776245e-03,8.605787158012390137e-02,-9.038961492478847504e-03,-3.956060111522674561e-02,-1.422841008752584457e-02,9.256943315267562866e-02,7.419737428426742554e-02,-2.445216290652751923e-02,8.944978006184101105e-03,1.139918491244316101e-01,-9.525115042924880981e-02,-4.363299906253814697e-02,6.812965869903564453e-02,-2.980653569102287292e-02,-1.059417147189378738e-02,-1.165768057107925415e-01,8.895588666200637817e-02,4.441223293542861938e-02,3.102229908108711243e-03,-9.174348413944244385e-02,-1.206442466354928911e-04,1.572786644101142883e-02,-6.159434095025062561e-02,-9.722065180540084839e-02,1.037852838635444641e-01,1.998558640480041504e-03,8.002884685993194580e-02,1.080989465117454529e-02,5.840870086103677750e-03,-1.209667921066284180e-01,-9.600310027599334717e-02,-2.023240365087985992e-02,-7.512532174587249756e-03,-2.567246556282043457e-03,-1.476127933710813522e-02,1.754797622561454773e-02,8.402852341532707214e-03,2.064455486834049225e-02,2.889593131840229034e-02,-7.857681810855865479e-02,1.314490195363759995e-02,8.972430601716041565e-03,-8.505993336439132690e-02,-4.234177991747856140e-02,-2.278476394712924957e-02,3.091754391789436340e-02,7.797634694725275040e-03,8.455634117126464844e-02,-6.228404119610786438e-03,-1.822290383279323578e-02,3.869014233350753784e-02,1.093961149454116821e-01,-1.019236221909523010e-01,1.341893151402473450e-02,-7.493603229522705078e-02,-2.138993889093399048e-02,-1.891213841736316681e-02,9.445878118276596069e-02,-4.184876382350921631e-02,-8.473239094018936157e-02,-5.713454913347959518e-03,1.266549974679946899e-01,-3.120286948978900909e-02,-8.866081386804580688e-02,1.149284392595291138e-01,3.490108530968427658e-03,-5.755306780338287354e-02,4.185924772173166275e-03,-9.931503981351852417e-02,-9.069283306598663330e-02,6.525705009698867798e-02,5.754889920353889465e-03,6.847593933343887329e-02,5.968554876744747162e-03,-1.968570239841938019e-02,-3.878599777817726135e-02,-9.393919259309768677e-02,2.652788907289505005e-02,-6.588193029165267944e-02,4.272854886949062347e-03,7.000191509723663330e-02,-6.206025136634707451e-04,-6.160972639918327332e-02,7.512230426073074341e-02,7.530723698437213898e-03,6.286396086215972900e-02,-9.797587990760803223e-02,-7.159008644521236420e-03,1.215169802308082581e-01,1.762966811656951904e-02,-7.604887336492538452e-02,-6.443459540605545044e-02,-3.662445768713951111e-02,-1.748927682638168335e-02,9.660650789737701416e-02,-4.315694421529769897e-02,-6.496423482894897461e-02,1.365423575043678284e-02,8.891570568084716797e-02,-9.648422896862030029e-02,6.184142082929611206e-02,4.782898724079132080e-02,-1.260052025318145752e-01,2.373836562037467957e-02,9.633332490921020508e-02,1.026419028639793396e-01,9.345564246177673340e-02,-6.023074686527252197e-02,-8.289822190999984741e-02,-1.029520779848098755e-01,5.761191248893737793e-03,5.516719445586204529e-02
-4.834010079503059387e-02,4.247974604368209839e-02,-2.875009775161743164e-01,3.818614780902862549e-02,8.538483828306198120e-02,-8.349031209945678711e-02,-2.488554455339908600e-02,2.583610638976097107e-02,-9.708271361887454987e-03,2.630784362554550171e-02,1.583045721054077148e-01,-5.758454278111457825e-02,1.810176968574523926e-01,1.896320842206478119e-02,1.949580609798431396e-01,1.722674518823623657e-01,4.152222070842981339e-03,2.007469683885574341e-01,-3.292794525623321533e-02,-1.368039548397064209e-01,2.116215080022811890e-01,2.563727200031280518e-01,1.883953958749771118e-01,5.682471767067909241e-02,8.946114219725131989e-03,3.206689059734344482e-01,-2.807530760765075684e-01,-1.586693078279495239e-01,2.847923338413238525e-01,-5.224453285336494446e-02,2.735793776810169220e-02,-2.130282670259475708e-01,1.008130759000778198e-01,1.829698532819747925e-01,-2.599254366941750050e-04,-2.360751181840896606e-01,-9.282981976866722107e-03,4.507891833782196045e-02,-1.618828624486923218e-01,-1.221221536397933960e-01,1.971803903579711914e-01,-6.114596128463745117e-02,2.878436148166656494e-01,2.738803997635841370e-02,3.824658691883087158e-02,-2.390870153903961182e-01,-2.635885179042816162e-01,1.579967327415943146e-03,-6.325495243072509766e-02,-6.067318841814994812e-02,2.914707548916339874e-02,-1.671621948480606079e-02,-2.806653082370758057e-02,8.827933669090270996e-02,-4.301560670137405396e-02,-2.174347341060638428e-01,5.235920473933219910e-02,2.938752062618732452e-02,-2.036211937665939331e-01,-7.339680939912796021e-02,4.134390503168106079e-02,-6.586477160453796387e-03,7.785366848111152649e-03,2.781486511230468750e-02,6.083151092752814293e-04,-4.178650304675102234e-02,1.155852004885673523e-01,2.363778948783874512e-01,-2.825458049774169922e-01,4.628207162022590637e-02,-1.389296799898147583e-01,-1.278155148029327393e-01,-3.209230676293373108e-02,2.352469265460968018e-01,-5.770384520292282104e-02,-1.333548426628112793e-01,-1.620210893452167511e-02,2.853455841541290283e-01,1.061533465981483459e-01,-1.854659616947174072e-01,1.727611273527145386e-01,7.542590610682964325e-03,-2.049273550510406494e-01,7.272287737578153610e-03,-1.244996488094329834e-01,-2.981363832950592041e-01,1.936410218477249146e-01,2.245316468179225922e-02,1.615019291639328003e-01,1.165571250021457672e-02,-5.350714549422264099e-02,-2.147693000733852386e-02,-1.616182625293731689e-01,3.491374850273132324e-02,-1.318945288658142090e-01,1.359767373651266098e-02,1.606340408325195312e-01,-1.182022155262529850e-03,-1.961348056793212891e-01,6.293392926454544067e-02,-5.915824323892593384e-03,1.063710823655128479e-01,-1.996069550514221191e-01,-1.951039768755435944e-02,2.803508639335632324e-01,-5.941389873623847961e-02,-3.180785104632377625e-02,-1.879037171602249146e-01,-2.767485752701759338e-02,-4.022764414548873901e-02,7.507485151290893555e-02,-3.080973029136657715e-02,-1.719271242618560791e-01,5.233373120427131653e-02,2.790827155113220215e-01,-2.462520301342010498e-01,1.564325392246246338e-01,1.456376761198043823e-01,-2.031703591346740723e-01,2.543376199901103973e-02,2.509171664714813232e-01,2.156085520982742310e-01,1.916722357273101807e-01,-1.118025034666061401e-01,-2.687841057777404785e-01,-1.521054953336715698e-01,9.943065233528614044e-03,9.542374312877655029e-02
-4.306659102439880371e-02,-2.130897715687751770e-02,1.880375295877456665e-01,-8.896091580390930176e-02,-5.856483057141304016e-02,4.868531599640846252e-02,1.804177276790142059e-02,-6.225261837244033813e-02,-5.404788535088300705e-03,-2.547304891049861908e-02,-5.758454278111457825e-02,4.602982103824615479e-02,-1.193234995007514954e-01,-9.261897206306457520e-02,-1.491707563400268555e-01,-1.036824062466621399e-01,-8.417649194598197937e-03,-1.509801596403121948e-01,1.079320814460515976e-02,6.397677212953567505e-02,-2.218270115554332733e-02,-1.672817468643188477e-01,-1.403112113475799561e-01,3.661147505044937134e-02,-1.380686275660991669e-02,-1.736527085304260254e-01,1.671203970909118652e-01,9.208611398935317993e-02,-1.431885659694671631e-01,5.275970324873924255e-02,1.311811525374650955e-02,1.761185526847839355e-01,-1.213632524013519287e-01,-9.403168410062789917e-02,-7.526964182034134865e-04,1.679857373237609863e-01,-5.746938986703753471e-04,-2.819025889039039612e-02,1.055770292878150940e-01,1.679004132747650146e-01,-1.470747441053390503e-01,9.009943343698978424e-03,-1.619833707809448242e-01,-1.972223818302154541e-02,-5.827951058745384216e-02,1.836944967508316040e-01,1.649075895547866821e-01,3.111170977354049683e-02,3.558031842112541199e-02,1.883052289485931396e-02,-9.477939456701278687e-03,-4.586317110806703568e-03,-2.071333862841129303e-02,-1.990712946280837059e-03,-2.542265132069587708e-02,1.510191261768341064e-01,-3.540077805519104004e-02,-1.850428991019725800e-02,1.274022459983825684e-01,6.851107627153396606e-02,1.293049287050962448e-02,-3.474733605980873108e-02,-1.158702839165925980e-02,-6.118890643119812012e-02,1.345525030046701431e-02,2.727415412664413452e-02,-6.865942478179931641e-02,-1.789142638444900513e-01,1.783383339643478394e-01,-9.304110892117023468e-03,1.231273636221885681e-01,7.278294116258621216e-02,3.422085940837860107e-02,-1.550175845623016357e-01,5.788249894976615906e-02,1.169961243867874146e-01,7.849151268601417542e-03,-1.968244165182113647e-01,3.845000267028808594e-02,1.634893715381622314e-01,-1.766679584980010986e-01,-5.868309177458286285e-03,1.086210682988166809e-01,-7.521027233451604843e-03,1.425864994525909424e-01,1.488908827304840088e-01,-9.773418307304382324e-02,-1.197461597621440887e-02,-8.687750250101089478e-02,-8.969021029770374298e-03,2.674018964171409607e-02,5.421259254217147827e-02,1.444891095161437988e-01,-3.375251218676567078e-02,9.846268594264984131e-02,5.257347598671913147e-03,-1.186708509922027588e-01,9.579322068020701408e-04,1.168182119727134705e-01,-1.082100719213485718e-01,-8.124483749270439148e-03,-7.387655228376388550e-02,1.546168476343154907e-01,1.291713118553161621e-02,-1.883666217327117920e-01,-2.808286435902118683e-02,8.787313848733901978e-02,1.251671463251113892e-01,6.546850781887769699e-03,2.447359822690486908e-02,-1.499833315610885620e-01,4.740228131413459778e-02,1.252974271774291992e-01,-1.029166765511035919e-02,-1.781262606382369995e-01,1.561330556869506836e-01,-1.157419905066490173e-01,-8.361980319023132324e-02,1.964827328920364380e-01,-3.378770127892494202e-02,-1.443112939596176147e-01,-1.574573963880538940e-01,-1.457521468400955200e-01,7.421275228261947632e-02,1.541884690523147583e-01,1.423013210296630859e-01,-7.097147405147552490e-03,-9.871264547109603882e-02
