9.999983310699462891e-01,-9.999986290931701660e-01,-9.999940991401672363e-01,9.999977350234985352e-01,9.999989271163940430e-01,-9.999988079071044922e-01,9.999955892562866211e-01,9.999991059303283691e-01,-9.999963641166687012e-01,9.999983310699462891e-01,-9.999986886978149414e-01,-9.999988675117492676e-01,9.999980330467224121e-01,9.999984502792358398e-01,9.999936223030090332e-01,9.999955296516418457e-01,9.999973177909851074e-01,-9.999981522560119629e-01,9.999927878379821777e-01,-9.999989867210388184e-01,-9.999989867210388184e-01,9.999936819076538086e-01,9.999985694885253906e-01,9.999979138374328613e-01,9.999884366989135742e-01,9.999988675117492676e-01,-9.999980926513671875e-01,-9.999988675117492676e-01,9.999901652336120605e-01,-9.999961853027343750e-01,-9.999917745590209961e-01,-9.999982118606567383e-01,9.999867677688598633e-01,9.999957680702209473e-01,-9.999979734420776367e-01,9.999654889106750488e-01,9.999989271163940430e-01,9.999985694885253906e-01,9.999895691871643066e-01,-9.999988079071044922e-01,9.999985694885253906e-01,-9.999319314956665039e-01,9.999827146530151367e-01,9.999989271163940430e-01,9.999982714653015137e-01,9.999982714653015137e-01,-9.999932646751403809e-01,9.999985694885253906e-01,9.999987483024597168e-01,-9.999985098838806152e-01,-9.999986886978149414e-01,-9.999984502792358398e-01,-9.999988675117492676e-01,-9.999930858612060547e-01,-9.999984502792358398e-01,-9.999981522560119629e-01,-9.999919533729553223e-01,9.999859333038330078e-01,9.999960064888000488e-01,9.999983310699462891e-01,-9.999984502792358398e-01,9.999988675117492676e-01,9.999983906745910645e-01,9.999954104423522949e-01,-9.999946355819702148e-01,-9.999988079071044922e-01,-9.999991059303283691e-01,-9.999960064888000488e-01,-9.999990463256835938e-01,9.999984502792358398e-01,-9.999986886978149414e-01,9.999973773956298828e-01,9.998856186866760254e-01,-9.999937415122985840e-01,-9.999818801879882812e-01,-9.999983310699462891e-01,9.999919533729553223e-01,9.999987483024597168e-01,-9.999946951866149902e-01,-9.999957680702209473e-01,9.999854564666748047e-01,9.999976754188537598e-01,-9.999988079071044922e-01,9.999981522560119629e-01,-9.999982714653015137e-01,-9.999882578849792480e-01,9.999703764915466309e-01,9.999989271163940430e-01,9.999898672103881836e-01,9.990026354789733887e-01,-9.999954104423522949e-01,9.999982714653015137e-01,-9.999848604202270508e-01,-9.999974370002746582e-01,9.999979138374328613e-01,-9.999977350234985352e-01,-9.999889135360717773e-01,9.999990463256835938e-01,-9.999988079071044922e-01,9.999967813491821289e-01,-9.999966621398925781e-01,9.999988675117492676e-01,9.989719986915588379e-01,9.999365806579589844e-01,9.999986290931701660e-01,9.999969601631164551e-01,-9.999818801879882812e-01,-9.999983906745910645e-01,-9.999937415122985840e-01,9.999983906745910645e-01,-9.999985098838806152e-01,9.999979138374328613e-01,-9.999983310699462891e-01,-9.999415278434753418e-01,9.999990463256835938e-01,-9.999973773956298828e-01,9.999989271163940430e-01,-9.999980926513671875e-01,-9.999952316284179688e-01,-9.999973773956298828e-01,-9.999986290931701660e-01,9.999966025352478027e-01,9.999980926513671875e-01,-9.999973773956298828e-01,-9.999906420707702637e-01,-9.999951124191284180e-01,9.999882578849792480e-01,-9.999939799308776855e-01
-9.999986290931701660e-01,9.999988675117492676e-01,9.999951124191284180e-01,-9.999981522560119629e-01,-9.999992251396179199e-01,9.999990463256835938e-01,-9.999962449073791504e-01,-9.999992251396179199e-01,9.999969601631164551e-01,-9.999985694885253906e-01,9.999989867210388184e-01,9.999991059303283691e-01,-9.999983310699462891e-01,-9.999988079071044922e-01,-9.999947547912597656e-01,-9.999963045120239258e-01,-9.999978542327880859e-01,9.999985694885253906e-01,-9.999939799308776855e-01,9.999992847442626953e-01,9.999991655349731445e-01,-9.999946951866149902e-01,-9.999989271163940430e-01,-9.999983310699462891e-01,-9.999905228614807129e-01,-9.999991655349731445e-01,9.999985098838806152e-01,9.999991059303283691e-01,-9.999918341636657715e-01,9.999969005584716797e-01,9.999932050704956055e-01,9.999986290931701660e-01,-9.999890923500061035e-01,-9.999964833259582520e-01,9.999983906745910645e-01,-9.999715089797973633e-01,-9.999992251396179199e-01,-9.999988079071044922e-01,-9.999913573265075684e-01,9.999991059303283691e-01,-9.999988675117492676e-01,9.999434947967529297e-01,-9.999857544898986816e-01,-9.999991655349731445e-01,-9.999985694885253906e-01,-9.999985694885253906e-01,9.999945163726806641e-01,-9.999988675117492676e-01,-9.999990463256835938e-01,9.999987483024597168e-01,9.999990463256835938e-01,9.999986886978149414e-01,9.999991059303283691e-01,9.999943375587463379e-01,9.999987483024597168e-01,9.999984502792358398e-01,9.999933242797851562e-01,-9.999883174896240234e-01,-9.999967813491821289e-01,-9.999986290931701660e-01,9.999986886978149414e-01,-9.999990463256835938e-01,-9.999987483024597168e-01,-9.999961256980895996e-01,9.999955892562866211e-01,9.999992251396179199e-01,9.999993443489074707e-01,9.999967813491821289e-01,9.999992847442626953e-01,-9.999986886978149414e-01,9.999989271163940430e-01,-9.999978542327880859e-01,-9.999052286148071289e-01,9.999948143959045410e-01,9.999849200248718262e-01,9.999986886978149414e-01,-9.999933242797851562e-01,-9.999989271163940430e-01,9.999956488609313965e-01,9.999964237213134766e-01,-9.999880194664001465e-01,-9.999980330467224121e-01,9.999991059303283691e-01,-9.999985098838806152e-01,9.999986886978149414e-01,9.999903440475463867e-01,-9.999754428863525391e-01,-9.999992847442626953e-01,-9.999915957450866699e-01,-9.991724491119384766e-01,9.999961853027343750e-01,-9.999986290931701660e-01,9.999875426292419434e-01,9.999979138374328613e-01,-9.999983906745910645e-01,9.999981522560119629e-01,9.999909400939941406e-01,-9.999992847442626953e-01,9.999991655349731445e-01,-9.999973177909851074e-01,9.999972581863403320e-01,-9.999991059303283691e-01,-9.991470575332641602e-01,-9.999474287033081055e-01,-9.999989271163940430e-01,-9.999975562095642090e-01,9.999850392341613770e-01,9.999986886978149414e-01,9.999948143959045410e-01,-9.999987483024597168e-01,9.999988675117492676e-01,-9.999983906745910645e-01,9.999986886978149414e-01,9.999514818191528320e-01,-9.999993443489074707e-01,9.999979138374328613e-01,-9.999991655349731445e-01,9.999985098838806152e-01,9.999960064888000488e-01,9.999978542327880859e-01,9.999988675117492676e-01,-9.999972581863403320e-01,-9.999985098838806152e-01,9.999978542327880859e-01,9.999923706054687500e-01,9.999959468841552734e-01,-9.999902844429016113e-01,9.999950528144836426e-01
-9.999940991401672363e-01,9.999951124191284180e-01,9.999787807464599609e-01,-9.999919533729553223e-01,-9.999960064888000488e-01,9.999955892562866211e-01,-9.999838471412658691e-01,-9.999963641166687012e-01,9.999870657920837402e-01,-9.999939799308776855e-01,9.999955296516418457e-01,9.999960064888000488e-01,-9.999929070472717285e-01,-9.999945163726806641e-01,-9.999772310256958008e-01,-9.999840855598449707e-01,-9.999905228614807129e-01,9.999933838844299316e-01,-9.999738931655883789e-01,9.999965429306030273e-01,9.999961853027343750e-01,-9.999768733978271484e-01,-9.999949932098388672e-01,-9.999926686286926270e-01,-9.999585747718811035e-01,-9.999961853027343750e-01,9.999935030937194824e-01,9.999958872795104980e-01,-9.999644160270690918e-01,9.999866485595703125e-01,9.999703764915466309e-01,9.999937415122985840e-01,-9.999523162841796875e-01,-9.999844431877136230e-01,9.999926686286926270e-01,-9.998753666877746582e-01,-9.999962449073791504e-01,-9.999947547912597656e-01,-9.999622702598571777e-01,9.999959468841552734e-01,-9.999951124191284180e-01,9.997545480728149414e-01,-9.999377131462097168e-01,-9.999960660934448242e-01,-9.999939203262329102e-01,-9.999936223030090332e-01,9.999756813049316406e-01,-9.999949336051940918e-01,-9.999955296516418457e-01,9.999945163726806641e-01,9.999955892562866211e-01,9.999943971633911133e-01,9.999958872795104980e-01,9.999752640724182129e-01,9.999944567680358887e-01,9.999933838844299316e-01,9.999709725379943848e-01,-9.999492168426513672e-01,-9.999861717224121094e-01,-9.999937415122985840e-01,9.999943375587463379e-01,-9.999960064888000488e-01,-9.999943971633911133e-01,-9.999834299087524414e-01,9.999808073043823242e-01,9.999958276748657227e-01,9.999965429306030273e-01,9.999857544898986816e-01,9.999962449073791504e-01,-9.999944567680358887e-01,9.999955892562866211e-01,-9.999908208847045898e-01,-9.995880126953125000e-01,9.999771118164062500e-01,9.999344348907470703e-01,9.999940395355224609e-01,-9.999709725379943848e-01,-9.999954104423522949e-01,9.999809265136718750e-01,9.999848008155822754e-01,-9.999478459358215332e-01,-9.999915957450866699e-01,9.999957680702209473e-01,-9.999933242797851562e-01,9.999939203262329102e-01,9.999576210975646973e-01,-9.998928308486938477e-01,-9.999961256980895996e-01,-9.999635219573974609e-01,-9.964118599891662598e-01,9.999835491180419922e-01,-9.999940395355224609e-01,9.999452233314514160e-01,9.999911189079284668e-01,-9.999926090240478516e-01,9.999920725822448730e-01,9.999601840972900391e-01,-9.999963641166687012e-01,9.999957084655761719e-01,-9.999884963035583496e-01,9.999881386756896973e-01,-9.999959468841552734e-01,-9.963018298149108887e-01,-9.997714757919311523e-01,-9.999952316284179688e-01,-9.999892115592956543e-01,9.999347925186157227e-01,9.999942779541015625e-01,9.999774098396301270e-01,-9.999946951866149902e-01,9.999947547912597656e-01,-9.999926686286926270e-01,9.999939799308776855e-01,9.997892379760742188e-01,-9.999964237213134766e-01,9.999907612800598145e-01,-9.999962449073791504e-01,9.999933242797851562e-01,9.999828934669494629e-01,9.999907612800598145e-01,9.999952316284179688e-01,-9.999879002571105957e-01,-9.999931454658508301e-01,9.999907612800598145e-01,9.999663233757019043e-01,9.999825954437255859e-01,-9.999576807022094727e-01,9.999784827232360840e-01
9.999977350234985352e-01,-9.999981522560119629e-01,-9.999919533729553223e-01,9.999969005584716797e-01,9.999985098838806152e-01,-9.999983310699462891e-01,9.999939799308776855e-01,9.999986886978149414e-01,-9.999951720237731934e-01,9.999976754188537598e-01,-9.999982118606567383e-01,-9.999985694885253906e-01,9.999973177909851074e-01,9.999979734420776367e-01,9.999914169311523438e-01,9.999940395355224609e-01,9.999963641166687012e-01,-9.999975562095642090e-01,9.999901652336120605e-01,-9.999986290931701660e-01,-9.999985694885253906e-01,9.999912381172180176e-01,9.999980926513671875e-01,9.999971389770507812e-01,9.999843835830688477e-01,9.999984502792358398e-01,-9.999975562095642090e-01,-9.999984502792358398e-01,9.999865889549255371e-01,-9.999949932098388672e-01,-9.999887347221374512e-01,-9.999976158142089844e-01,9.999820590019226074e-01,9.999940991401672363e-01,-9.999971985816955566e-01,9.999529123306274414e-01,9.999985098838806152e-01,9.999980330467224121e-01,9.999857544898986816e-01,-9.999984502792358398e-01,9.999981522560119629e-01,-9.999071955680847168e-01,9.999765753746032715e-01,9.999985098838806152e-01,9.999976158142089844e-01,9.999976158142089844e-01,-9.999908208847045898e-01,9.999980330467224121e-01,9.999982714653015137e-01,-9.999979138374328613e-01,-9.999983310699462891e-01,-9.999978542327880859e-01,-9.999983310699462891e-01,-9.999907016754150391e-01,-9.999979138374328613e-01,-9.999974370002746582e-01,-9.999890923500061035e-01,9.999808669090270996e-01,9.999947547912597656e-01,9.999976754188537598e-01,-9.999978542327880859e-01,9.999985694885253906e-01,9.999979138374328613e-01,9.999937415122985840e-01,-9.999927878379821777e-01,-9.999983906745910645e-01,-9.999986886978149414e-01,-9.999946355819702148e-01,-9.999985694885253906e-01,9.999978542327880859e-01,-9.999982118606567383e-01,9.999964833259582520e-01,9.998443722724914551e-01,-9.999914169311523438e-01,-9.999752640724182129e-01,-9.999977350234985352e-01,9.999890327453613281e-01,9.999981522560119629e-01,-9.999927878379821777e-01,-9.999942779541015625e-01,9.999803304672241211e-01,9.999968409538269043e-01,-9.999983906745910645e-01,9.999973773956298828e-01,-9.999976754188537598e-01,-9.999840259552001953e-01,9.999595284461975098e-01,9.999985098838806152e-01,9.999861717224121094e-01,9.986411929130554199e-01,-9.999937415122985840e-01,9.999977350234985352e-01,-9.999793767929077148e-01,-9.999966025352478027e-01,9.999971389770507812e-01,-9.999969601631164551e-01,-9.999849796295166016e-01,9.999986886978149414e-01,-9.999983310699462891e-01,9.999956488609313965e-01,-9.999955296516418457e-01,9.999984502792358398e-01,9.985994696617126465e-01,9.999136328697204590e-01,9.999981522560119629e-01,9.999959468841552734e-01,-9.999753236770629883e-01,-9.999978542327880859e-01,-9.999914765357971191e-01,9.999979734420776367e-01,-9.999979734420776367e-01,9.999971985816955566e-01,-9.999976754188537598e-01,-9.999203681945800781e-01,9.999986290931701660e-01,-9.999964833259582520e-01,9.999985694885253906e-01,-9.999974966049194336e-01,-9.999935030937194824e-01,-9.999964237213134766e-01,-9.999981522560119629e-01,9.999954104423522949e-01,9.999974370002746582e-01,-9.999964833259582520e-01,-9.999873638153076172e-01,-9.999934434890747070e-01,9.999840259552001953e-01,-9.999918937683105469e-01
9.999989271163940430e-01,-9.999992251396179199e-01,-9.999960064888000488e-01,9.999985098838806152e-01,9.999994039535522461e-01,-9.999992251396179199e-01,9.999970197677612305e-01,9.999994635581970215e-01,-9.999976158142089844e-01,9.999989271163940430e-01,-9.999992251396179199e-01,-9.999994039535522461e-01,9.999986886978149414e-01,9.999991059303283691e-01,9.999958276748657227e-01,9.999970197677612305e-01,9.999982118606567383e-01,-9.999988079071044922e-01,9.999952316284179688e-01,-9.999994635581970215e-01,-9.999994039535522461e-01,9.999957680702209473e-01,9.999992251396179199e-01,9.999986290931701660e-01,9.999923110008239746e-01,9.999994039535522461e-01,-9.999988079071044922e-01,-9.999992847442626953e-01,9.999933838844299316e-01,-9.999974966049194336e-01,-9.999945163726806641e-01,-9.999988079071044922e-01,9.999911785125732422e-01,9.999971389770507812e-01,-9.999986886978149414e-01,9.999770522117614746e-01,9.999993443489074707e-01,9.999991059303283691e-01,9.999929666519165039e-01,-9.999993443489074707e-01,9.999991655349731445e-01,-9.999542832374572754e-01,9.999884366989135742e-01,9.999992847442626953e-01,9.999989271163940430e-01,9.999988675117492676e-01,-9.999954700469970703e-01,9.999991059303283691e-01,9.999992847442626953e-01,-9.999989867210388184e-01,-9.999992251396179199e-01,-9.999989867210388184e-01,-9.999993443489074707e-01,-9.999954104423522949e-01,-9.999989867210388184e-01,-9.999988079071044922e-01,-9.999946355819702148e-01,9.999906420707702637e-01,9.999974370002746582e-01,9.999988675117492676e-01,-9.999989271163940430e-01,9.999993443489074707e-01,9.999989867210388184e-01,9.999969601631164551e-01,-9.999964833259582520e-01,-9.999992847442626953e-01,-9.999994039535522461e-01,-9.999973773956298828e-01,-9.999994039535522461e-01,9.999989867210388184e-01,-9.999992251396179199e-01,9.999983906745910645e-01,9.999234080314636230e-01,-9.999958872795104980e-01,-9.999879002571105957e-01,-9.999989867210388184e-01,9.999946951866149902e-01,9.999991655349731445e-01,-9.999964237213134766e-01,-9.999971985816955566e-01,9.999902844429016113e-01,9.999985098838806152e-01,-9.999993443489074707e-01,9.999988079071044922e-01,-9.999988675117492676e-01,-9.999922513961791992e-01,9.999800920486450195e-01,9.999994039535522461e-01,9.999932050704956055e-01,9.993305206298828125e-01,-9.999969005584716797e-01,9.999989867210388184e-01,-9.999898076057434082e-01,-9.999983310699462891e-01,9.999986886978149414e-01,-9.999985098838806152e-01,-9.999926090240478516e-01,9.999994635581970215e-01,-9.999993443489074707e-01,9.999979138374328613e-01,-9.999978542327880859e-01,9.999993443489074707e-01,9.993100762367248535e-01,9.999574422836303711e-01,9.999992847442626953e-01,9.999980330467224121e-01,-9.999879002571105957e-01,-9.999989271163940430e-01,-9.999958276748657227e-01,9.999990463256835938e-01,-9.999991655349731445e-01,9.999986886978149414e-01,-9.999989271163940430e-01,-9.999608397483825684e-01,9.999994635581970215e-01,-9.999983310699462891e-01,9.999993443489074707e-01,-9.999988079071044922e-01,-9.999967813491821289e-01,-9.999982714653015137e-01,-9.999992847442626953e-01,9.999977946281433105e-01,9.999986886978149414e-01,-9.999982714653015137e-01,-9.999938011169433594e-01,-9.999968409538269043e-01,9.999921321868896484e-01,-9.999959468841552734e-01
-9.999988079071044922e-01,9.999990463256835938e-01,9.999955892562866211e-01,-9.999983310699462891e-01,-9.999992251396179199e-01,9.999991655349731445e-01,-9.999967217445373535e-01,-9.999992251396179199e-01,9.999973773956298828e-01,-9.999988079071044922e-01,9.999990463256835938e-01,9.999993443489074707e-01,-9.999985098838806152e-01,-9.999989271163940430e-01,-9.999954104423522949e-01,-9.999967217445373535e-01,-9.999980330467224121e-01,9.999986290931701660e-01,-9.999946355819702148e-01,9.999993443489074707e-01,9.999992847442626953e-01,-9.999952912330627441e-01,-9.999990463256835938e-01,-9.999985098838806152e-01,-9.999915361404418945e-01,-9.999991655349731445e-01,9.999986886978149414e-01,9.999992251396179199e-01,-9.999927282333374023e-01,9.999972581863403320e-01,9.999939203262329102e-01,9.999986886978149414e-01,-9.999902844429016113e-01,-9.999968409538269043e-01,9.999985098838806152e-01,-9.999746084213256836e-01,-9.999992847442626953e-01,-9.999989271163940430e-01,-9.999923110008239746e-01,9.999992251396179199e-01,-9.999990463256835938e-01,9.999497532844543457e-01,-9.999873042106628418e-01,-9.999992251396179199e-01,-9.999987483024597168e-01,-9.999987483024597168e-01,9.999950528144836426e-01,-9.999989867210388184e-01,-9.999991059303283691e-01,9.999989271163940430e-01,9.999991655349731445e-01,9.999989271163940430e-01,9.999992251396179199e-01,9.999949336051940918e-01,9.999988675117492676e-01,9.999986290931701660e-01,9.999940991401672363e-01,-9.999896287918090820e-01,-9.999971389770507812e-01,-9.999988079071044922e-01,9.999987483024597168e-01,-9.999992847442626953e-01,-9.999988675117492676e-01,-9.999966621398925781e-01,9.999960064888000488e-01,9.999991655349731445e-01,9.999993443489074707e-01,9.999970197677612305e-01,9.999992847442626953e-01,-9.999988079071044922e-01,9.999991655349731445e-01,-9.999980926513671875e-01,-9.999156594276428223e-01,9.999954104423522949e-01,9.999865889549255371e-01,9.999988079071044922e-01,-9.999941587448120117e-01,-9.999989867210388184e-01,9.999960064888000488e-01,9.999968409538269043e-01,-9.999892711639404297e-01,-9.999982714653015137e-01,9.999991655349731445e-01,-9.999986290931701660e-01,9.999987483024597168e-01,9.999914169311523438e-01,-9.999781250953674316e-01,-9.999993443489074707e-01,-9.999924302101135254e-01,-9.992635846138000488e-01,9.999966025352478027e-01,-9.999988079071044922e-01,9.999887943267822266e-01,9.999981522560119629e-01,-9.999984502792358398e-01,9.999982714653015137e-01,9.999918937683105469e-01,-9.999992847442626953e-01,9.999991655349731445e-01,-9.999976158142089844e-01,9.999975562095642090e-01,-9.999992847442626953e-01,-9.992409348487854004e-01,-9.999532103538513184e-01,-9.999990463256835938e-01,-9.999977350234985352e-01,9.999865889549255371e-01,9.999988079071044922e-01,9.999953508377075195e-01,-9.999989271163940430e-01,9.999989867210388184e-01,-9.999985098838806152e-01,9.999987483024597168e-01,9.999567866325378418e-01,-9.999994039535522461e-01,9.999982118606567383e-01,-9.999992847442626953e-01,9.999985694885253906e-01,9.999963641166687012e-01,9.999980926513671875e-01,9.999991655349731445e-01,-9.999974966049194336e-01,-9.999986290931701660e-01,9.999980926513671875e-01,9.999930858612060547e-01,9.999964237213134766e-01,-9.999913573265075684e-01,9.999955892562866211e-01
9.999955892562866211e-01,-9.999962449073791504e-01,-9.999838471412658691e-01,9.999939799308776855e-01,9.999970197677612305e-01,-9.999967217445373535e-01,9.999878406524658203e-01,9.999973177909851074e-01,-9.999902248382568359e-01,9.999954700469970703e-01,-9.999966025352478027e-01,-9.999971389770507812e-01,9.999946355819702148e-01,9.999959468841552734e-01,9.999827742576599121e-01,9.999879598617553711e-01,9.999927878379821777e-01,-9.999950528144836426e-01,9.999802112579345703e-01,-9.999974966049194336e-01,-9.999971985816955566e-01,9.999825358390808105e-01,9.999961256980895996e-01,9.999945163726806641e-01,9.999685883522033691e-01,9.999970793724060059e-01,-9.999951720237731934e-01,-9.999969005584716797e-01,9.999731183052062988e-01,-9.999899268150329590e-01,-9.999774694442749023e-01,-9.999952912330627441e-01,9.999637603759765625e-01,9.999882578849792480e-01,-9.999945759773254395e-01,9.999053478240966797e-01,9.999973177909851074e-01,9.999961256980895996e-01,9.999713897705078125e-01,-9.999968409538269043e-01,9.999963045120239258e-01,-9.998135566711425781e-01,9.999528527259826660e-01,9.999969601631164551e-01,9.999954700469970703e-01,9.999951720237731934e-01,-9.999815821647644043e-01,9.999961256980895996e-01,9.999966621398925781e-01,-9.999959468841552734e-01,-9.999966621398925781e-01,-9.999958276748657227e-01,-9.999968409538269043e-01,-9.999813437461853027e-01,-9.999958872795104980e-01,-9.999950528144836426e-01,-9.999781250953674316e-01,9.999615550041198730e-01,9.999895691871643066e-01,9.999954104423522949e-01,-9.999957680702209473e-01,9.999970793724060059e-01,9.999957680702209473e-01,9.999876022338867188e-01,-9.999855756759643555e-01,-9.999969005584716797e-01,-9.999974370002746582e-01,-9.999892115592956543e-01,-9.999972581863403320e-01,9.999958276748657227e-01,-9.999966621398925781e-01,9.999930858612060547e-01,9.996870160102844238e-01,-9.999827742576599121e-01,-9.999502897262573242e-01,-9.999957084655761719e-01,9.999780058860778809e-01,9.999964833259582520e-01,-9.999855160713195801e-01,-9.999885559082031250e-01,9.999604225158691406e-01,9.999936819076538086e-01,-9.999968409538269043e-01,9.999949932098388672e-01,-9.999954700469970703e-01,-9.999678134918212891e-01,9.999186396598815918e-01,9.999971389770507812e-01,9.999723434448242188e-01,9.972707033157348633e-01,-9.999876618385314941e-01,9.999955296516418457e-01,-9.999584555625915527e-01,-9.999932646751403809e-01,9.999944567680358887e-01,-9.999940395355224609e-01,-9.999698400497436523e-01,9.999973177909851074e-01,-9.999967813491821289e-01,9.999912977218627930e-01,-9.999910593032836914e-01,9.999969601631164551e-01,9.971868991851806641e-01,9.998264312744140625e-01,9.999964237213134766e-01,9.999918341636657715e-01,-9.999504685401916504e-01,-9.999957680702209473e-01,-9.999828934669494629e-01,9.999960064888000488e-01,-9.999960660934448242e-01,9.999945163726806641e-01,-9.999954700469970703e-01,-9.998398423194885254e-01,9.999972581863403320e-01,-9.999930858612060547e-01,9.999971389770507812e-01,-9.999949336051940918e-01,-9.999870061874389648e-01,-9.999930858612060547e-01,-9.999964237213134766e-01,9.999908804893493652e-01,9.999948740005493164e-01,-9.999930858612060547e-01,-9.999744892120361328e-01,-9.999869465827941895e-01,9.999678730964660645e-01,-9.999837279319763184e-01
9.999991059303283691e-01,-9.999992251396179199e-01,-9.999963641166687012e-01,9.999986886978149414e-01,9.999994635581970215e-01,-9.999992251396179199e-01,9.999973177909851074e-01,9.999994039535522461e-01,-9.999978542327880859e-01,9.999990463256835938e-01,-9.999992251396179199e-01,-9.999994039535522461e-01,9.999988079071044922e-01,9.999991655349731445e-01,9.999963641166687012e-01,9.999973773956298828e-01,9.999984502792358398e-01,-9.999989271163940430e-01,9.999957084655761719e-01,-9.999994039535522461e-01,-9.999994039535522461e-01,9.999961853027343750e-01,9.999992251396179199e-01,9.999987483024597168e-01,9.999932646751403809e-01,9.999993443489074707e-01,-9.999988675117492676e-01,-9.999993443489074707e-01,9.999942183494567871e-01,-9.999977350234985352e-01,-9.999951124191284180e-01,-9.999989867210388184e-01,9.999923110008239746e-01,9.999974370002746582e-01,-9.999988079071044922e-01,9.999797344207763672e-01,9.999993443489074707e-01,9.999991059303283691e-01,9.999938607215881348e-01,-9.999992847442626953e-01,9.999992251396179199e-01,-9.999597668647766113e-01,9.999898076057434082e-01,9.999994039535522461e-01,9.999989271163940430e-01,9.999989271163940430e-01,-9.999959468841552734e-01,9.999992251396179199e-01,9.999992847442626953e-01,-9.999991655349731445e-01,-9.999992251396179199e-01,-9.999991059303283691e-01,-9.999993443489074707e-01,-9.999959468841552734e-01,-9.999991059303283691e-01,-9.999989271163940430e-01,-9.999952912330627441e-01,9.999917149543762207e-01,9.999976754188537598e-01,9.999989867210388184e-01,-9.999990463256835938e-01,9.999993443489074707e-01,9.999991059303283691e-01,9.999973177909851074e-01,-9.999967217445373535e-01,-9.999993443489074707e-01,-9.999994635581970215e-01,-9.999976158142089844e-01,-9.999994039535522461e-01,9.999991059303283691e-01,-9.999992251396179199e-01,9.999985098838806152e-01,9.999325871467590332e-01,-9.999961853027343750e-01,-9.999892711639404297e-01,-9.999989867210388184e-01,9.999952316284179688e-01,9.999992251396179199e-01,-9.999968409538269043e-01,-9.999974966049194336e-01,9.999914169311523438e-01,9.999986290931701660e-01,-9.999993443489074707e-01,9.999988079071044922e-01,-9.999990463256835938e-01,-9.999930858612060547e-01,9.999824762344360352e-01,9.999994039535522461e-01,9.999939799308776855e-01,9.994115829467773438e-01,-9.999971985816955566e-01,9.999991059303283691e-01,-9.999910593032836914e-01,-9.999985098838806152e-01,9.999988675117492676e-01,-9.999986290931701660e-01,-9.999935030937194824e-01,9.999994635581970215e-01,-9.999993443489074707e-01,9.999979734420776367e-01,-9.999980330467224121e-01,9.999993443489074707e-01,9.993935227394104004e-01,9.999626278877258301e-01,9.999992251396179199e-01,9.999982118606567383e-01,-9.999892711639404297e-01,-9.999989867210388184e-01,-9.999961256980895996e-01,9.999991655349731445e-01,-9.999991655349731445e-01,9.999988079071044922e-01,-9.999990463256835938e-01,-9.999655485153198242e-01,9.999994635581970215e-01,-9.999984502792358398e-01,9.999993443489074707e-01,-9.999988675117492676e-01,-9.999971389770507812e-01,-9.999984502792358398e-01,-9.999992251396179199e-01,9.999979734420776367e-01,9.999988675117492676e-01,-9.999984502792358398e-01,-9.999945163726806641e-01,-9.999971389770507812e-01,9.999929666519165039e-01,-9.999963641166687012e-01
-9.999963641166687012e-01,9.999969601631164551e-01,9.999870657920837402e-01,-9.999951720237731934e-01,-9.999976158142089844e-01,9.999973773956298828e-01,-9.999902248382568359e-01,-9.999978542327880859e-01,9.999921321868896484e-01,-9.999962449073791504e-01,9.999973177909851074e-01,9.999976158142089844e-01,-9.999957084655761719e-01,-9.999966025352478027e-01,-9.999861121177673340e-01,-9.999903440475463867e-01,-9.999942183494567871e-01,9.999959468841552734e-01,-9.999842047691345215e-01,9.999979734420776367e-01,9.999977350234985352e-01,-9.999859929084777832e-01,-9.999970197677612305e-01,-9.999955892562866211e-01,-9.999748468399047852e-01,-9.999976754188537598e-01,9.999960660934448242e-01,9.999974966049194336e-01,-9.999783635139465332e-01,9.999918937683105469e-01,9.999819397926330566e-01,9.999962449073791504e-01,-9.999709129333496094e-01,-9.999905824661254883e-01,9.999956488609313965e-01,-9.999240636825561523e-01,-9.999977350234985352e-01,-9.999967813491821289e-01,-9.999770522117614746e-01,9.999974966049194336e-01,-9.999970197677612305e-01,9.998503923416137695e-01,-9.999620914459228516e-01,-9.999975562095642090e-01,-9.999962449073791504e-01,-9.999960064888000488e-01,9.999851584434509277e-01,-9.999969005584716797e-01,-9.999973177909851074e-01,9.999966621398925781e-01,9.999973177909851074e-01,9.999965429306030273e-01,9.999974370002746582e-01,9.999849796295166016e-01,9.999965429306030273e-01,9.999960064888000488e-01,9.999823570251464844e-01,-9.999691843986511230e-01,-9.999915957450866699e-01,-9.999962449073791504e-01,9.999965429306030273e-01,-9.999975562095642090e-01,-9.999964833259582520e-01,-9.999899864196777344e-01,9.999883174896240234e-01,9.999974370002746582e-01,9.999979734420776367e-01,9.999912977218627930e-01,9.999977946281433105e-01,-9.999965429306030273e-01,9.999973177909851074e-01,-9.999944567680358887e-01,-9.997487664222717285e-01,9.999861717224121094e-01,9.999600648880004883e-01,9.999963641166687012e-01,-9.999823570251464844e-01,-9.999971985816955566e-01,9.999883770942687988e-01,9.999908208847045898e-01,-9.999682307243347168e-01,-9.999949336051940918e-01,9.999973773956298828e-01,-9.999959468841552734e-01,9.999962449073791504e-01,9.999741911888122559e-01,-9.999347329139709473e-01,-9.999977350234985352e-01,-9.999777674674987793e-01,-9.978088736534118652e-01,9.999899864196777344e-01,-9.999963641166687012e-01,9.999666213989257812e-01,9.999945759773254395e-01,-9.999955296516418457e-01,9.999951720237731934e-01,9.999758005142211914e-01,-9.999977946281433105e-01,9.999973773956298828e-01,-9.999930858612060547e-01,9.999927878379821777e-01,-9.999975562095642090e-01,-9.977416992187500000e-01,-9.998606443405151367e-01,-9.999971389770507812e-01,-9.999933838844299316e-01,9.999602437019348145e-01,9.999964833259582520e-01,9.999862313270568848e-01,-9.999968409538269043e-01,9.999967813491821289e-01,-9.999955296516418457e-01,9.999963641166687012e-01,9.998714923858642578e-01,-9.999979138374328613e-01,9.999943375587463379e-01,-9.999977350234985352e-01,9.999958872795104980e-01,9.999895691871643066e-01,9.999943375587463379e-01,9.999970197677612305e-01,-9.999927282333374023e-01,-9.999958872795104980e-01,9.999943971633911133e-01,9.999795556068420410e-01,9.999894499778747559e-01,-9.999742507934570312e-01,9.999869465827941895e-01
9.999983310699462891e-01,-9.999985694885253906e-01,-9.999939799308776855e-01,9.999976754188537598e-01,9.999989271163940430e-01,-9.999988079071044922e-01,9.999954700469970703e-01,9.999990463256835938e-01,-9.999962449073791504e-01,9.999982714653015137e-01,-9.999987483024597168e-01,-9.999989271163940430e-01,9.999979138374328613e-01,9.999985098838806152e-01,9.999935626983642578e-01,9.999955296516418457e-01,9.999972581863403320e-01,-9.999982118606567383e-01,9.999926090240478516e-01,-9.999991059303283691e-01,-9.999989867210388184e-01,9.999935030937194824e-01,9.999985694885253906e-01,9.999978542327880859e-01,9.999882578849792480e-01,9.999989271163940430e-01,-9.999980330467224121e-01,-9.999988079071044922e-01,9.999899268150329590e-01,-9.999961853027343750e-01,-9.999915361404418945e-01,-9.999982118606567383e-01,9.999865293502807617e-01,9.999956488609313965e-01,-9.999979138374328613e-01,9.999646544456481934e-01,9.999989867210388184e-01,9.999985098838806152e-01,9.999893307685852051e-01,-9.999988079071044922e-01,9.999986290931701660e-01,-9.999302625656127930e-01,9.999823570251464844e-01,9.999988675117492676e-01,9.999982714653015137e-01,9.999981522560119629e-01,-9.999932050704956055e-01,9.999985098838806152e-01,9.999988079071044922e-01,-9.999984502792358398e-01,-9.999986886978149414e-01,-9.999983906745910645e-01,-9.999988079071044922e-01,-9.999929666519165039e-01,-9.999983906745910645e-01,-9.999980926513671875e-01,-9.999917745590209961e-01,9.999856352806091309e-01,9.999960660934448242e-01,9.999983310699462891e-01,-9.999983906745910645e-01,9.999988675117492676e-01,9.999983906745910645e-01,9.999952912330627441e-01,-9.999945163726806641e-01,-9.999988675117492676e-01,-9.999991655349731445e-01,-9.999959468841552734e-01,-9.999989271163940430e-01,9.999983310699462891e-01,-9.999986886978149414e-01,9.999973773956298828e-01,9.998829960823059082e-01,-9.999936223030090332e-01,-9.999814629554748535e-01,-9.999983310699462891e-01,9.999918341636657715e-01,9.999986290931701660e-01,-9.999945759773254395e-01,-9.999957680702209473e-01,9.999852180480957031e-01,9.999976158142089844e-01,-9.999988079071044922e-01,9.999980926513671875e-01,-9.999982714653015137e-01,-9.999880790710449219e-01,9.999696612358093262e-01,9.999989867210388184e-01,9.999895691871643066e-01,9.989786148071289062e-01,-9.999953508377075195e-01,9.999983310699462891e-01,-9.999845027923583984e-01,-9.999974370002746582e-01,9.999978542327880859e-01,-9.999977350234985352e-01,-9.999887943267822266e-01,9.999989867210388184e-01,-9.999987483024597168e-01,9.999966621398925781e-01,-9.999966025352478027e-01,9.999988079071044922e-01,9.989472031593322754e-01,9.999350905418395996e-01,9.999986886978149414e-01,9.999969005584716797e-01,-9.999815225601196289e-01,-9.999983906745910645e-01,-9.999935626983642578e-01,9.999984502792358398e-01,-9.999985098838806152e-01,9.999979138374328613e-01,-9.999982714653015137e-01,-9.999401569366455078e-01,9.999989867210388184e-01,-9.999973177909851074e-01,9.999989271163940430e-01,-9.999981522560119629e-01,-9.999951124191284180e-01,-9.999973177909851074e-01,-9.999986290931701660e-01,9.999964833259582520e-01,9.999980330467224121e-01,-9.999973177909851074e-01,-9.999905228614807129e-01,-9.999951124191284180e-01,9.999880790710449219e-01,-9.999939203262329102e-01
-9.999986886978149414e-01,9.999989867210388184e-01,9.999955296516418457e-01,-9.999982118606567383e-01,-9.999992251396179199e-01,9.999990463256835938e-01,-9.999966025352478027e-01,-9.999992251396179199e-01,9.999973177909851074e-01,-9.999987483024597168e-01,9.999990463256835938e-01,9.999992251396179199e-01,-9.999984502792358398e-01,-9.999988675117492676e-01,-9.999952316284179688e-01,-9.999966025352478027e-01,-9.999979138374328613e-01,9.999985098838806152e-01,-9.999945759773254395e-01,9.999992847442626953e-01,9.999992847442626953e-01,-9.999951720237731934e-01,-9.999988675117492676e-01,-9.999983310699462891e-01,-9.999914169311523438e-01,-9.999991655349731445e-01,9.999985694885253906e-01,9.999991059303283691e-01,-9.999926090240478516e-01,9.999971389770507812e-01,9.999938011169433594e-01,9.999986290931701660e-01,-9.999901652336120605e-01,-9.999967813491821289e-01,9.999983906745910645e-01,-9.999743700027465820e-01,-9.999992251396179199e-01,-9.999988675117492676e-01,-9.999921321868896484e-01,9.999991059303283691e-01,-9.999989271163940430e-01,9.999493360519409180e-01,-9.999871253967285156e-01,-9.999991655349731445e-01,-9.999986290931701660e-01,-9.999986290931701660e-01,9.999949336051940918e-01,-9.999988675117492676e-01,-9.999989867210388184e-01,9.999988079071044922e-01,9.999990463256835938e-01,9.999988079071044922e-01,9.999991655349731445e-01,9.999948740005493164e-01,9.999987483024597168e-01,9.999986290931701660e-01,9.999940395355224609e-01,-9.999895095825195312e-01,-9.999970793724060059e-01,-9.999986886978149414e-01,9.999986886978149414e-01,-9.999991655349731445e-01,-9.999988079071044922e-01,-9.999965429306030273e-01,9.999958872795104980e-01,9.999991059303283691e-01,9.999992251396179199e-01,9.999969601631164551e-01,9.999992847442626953e-01,-9.999987483024597168e-01,9.999990463256835938e-01,-9.999980926513671875e-01,-9.999150633811950684e-01,9.999952912330627441e-01,9.999864101409912109e-01,9.999987483024597168e-01,-9.999940395355224609e-01,-9.999989867210388184e-01,9.999958872795104980e-01,9.999968409538269043e-01,-9.999892115592956543e-01,-9.999982714653015137e-01,9.999990463256835938e-01,-9.999985098838806152e-01,9.999986290931701660e-01,9.999912381172180176e-01,-9.999779462814331055e-01,-9.999992251396179199e-01,-9.999924302101135254e-01,-9.992592334747314453e-01,9.999964833259582520e-01,-9.999986886978149414e-01,9.999886751174926758e-01,9.999980330467224121e-01,-9.999984502792358398e-01,9.999982714653015137e-01,9.999917745590209961e-01,-9.999992251396179199e-01,9.999990463256835938e-01,-9.999974966049194336e-01,9.999974370002746582e-01,-9.999992251396179199e-01,-9.992365241050720215e-01,-9.999528527259826660e-01,-9.999989271163940430e-01,-9.999976754188537598e-01,9.999865293502807617e-01,9.999987483024597168e-01,9.999952912330627441e-01,-9.999988079071044922e-01,9.999988675117492676e-01,-9.999984502792358398e-01,9.999986886978149414e-01,9.999565482139587402e-01,-9.999992251396179199e-01,9.999980926513671875e-01,-9.999991655349731445e-01,9.999985694885253906e-01,9.999963045120239258e-01,9.999980926513671875e-01,9.999990463256835938e-01,-9.999973773956298828e-01,-9.999985694885253906e-01,9.999980926513671875e-01,9.999930858612060547e-01,9.999963641166687012e-01,-9.999912381172180176e-01,9.999955296516418457e-01
-9.999988675117492676e-01,9.999991059303283691e-01,9.999960064888000488e-01,-9.999985694885253906e-01,-9.999994039535522461e-01,9.999993443489074707e-01,-9.999971389770507812e-01,-9.999994039535522461e-01,9.999976158142089844e-01,-9.999989271163940430e-01,9.999992251396179199e-01,9.999994039535522461e-01,-9.999986886978149414e-01,-9.999990463256835938e-01,-9.999958276748657227e-01,-9.999970197677612305e-01,-9.999982118606567383e-01,9.999988079071044922e-01,-9.999952316284179688e-01,9.999994039535522461e-01,9.999994039535522461e-01,-9.999957680702209473e-01,-9.999991059303283691e-01,-9.999986290931701660e-01,-9.999923706054687500e-01,-9.999993443489074707e-01,9.999988079071044922e-01,9.999992847442626953e-01,-9.999933838844299316e-01,9.999974966049194336e-01,9.999945163726806641e-01,9.999988079071044922e-01,-9.999912977218627930e-01,-9.999971389770507812e-01,9.999987483024597168e-01,-9.999769926071166992e-01,-9.999993443489074707e-01,-9.999991059303283691e-01,-9.999930262565612793e-01,9.999993443489074707e-01,-9.999992251396179199e-01,9.999545216560363770e-01,-9.999884963035583496e-01,-9.999992847442626953e-01,-9.999988675117492676e-01,-9.999988675117492676e-01,9.999954700469970703e-01,-9.999992251396179199e-01,-9.999992847442626953e-01,9.999990463256835938e-01,9.999992251396179199e-01,9.999989867210388184e-01,9.999992847442626953e-01,9.999954104423522949e-01,9.999989867210388184e-01,9.999987483024597168e-01,9.999946355819702148e-01,-9.999906420707702637e-01,-9.999974370002746582e-01,-9.999988675117492676e-01,9.999989271163940430e-01,-9.999993443489074707e-01,-9.999989867210388184e-01,-9.999969601631164551e-01,9.999964237213134766e-01,9.999993443489074707e-01,9.999994635581970215e-01,9.999973773956298828e-01,9.999994039535522461e-01,-9.999989271163940430e-01,9.999992251396179199e-01,-9.999982714653015137e-01,-9.999235868453979492e-01,9.999958276748657227e-01,9.999878406524658203e-01,9.999989867210388184e-01,-9.999946355819702148e-01,-9.999992251396179199e-01,9.999964833259582520e-01,9.999971985816955566e-01,-9.999903440475463867e-01,-9.999985098838806152e-01,9.999993443489074707e-01,-9.999987483024597168e-01,9.999989271163940430e-01,9.999922513961791992e-01,-9.999801516532897949e-01,-9.999994039535522461e-01,-9.999932646751403809e-01,-9.993326067924499512e-01,9.999969005584716797e-01,-9.999988675117492676e-01,9.999899268150329590e-01,9.999983310699462891e-01,-9.999986886978149414e-01,9.999985098838806152e-01,9.999927282333374023e-01,-9.999994635581970215e-01,9.999993443489074707e-01,-9.999978542327880859e-01,9.999978542327880859e-01,-9.999993443489074707e-01,-9.993121027946472168e-01,-9.999575614929199219e-01,-9.999991655349731445e-01,-9.999980330467224121e-01,9.999878406524658203e-01,9.999989271163940430e-01,9.999958872795104980e-01,-9.999990463256835938e-01,9.999991655349731445e-01,-9.999986886978149414e-01,9.999989271163940430e-01,9.999608993530273438e-01,-9.999994635581970215e-01,9.999983906745910645e-01,-9.999993443489074707e-01,9.999988079071044922e-01,9.999968409538269043e-01,9.999982714653015137e-01,9.999991655349731445e-01,-9.999977946281433105e-01,-9.999988079071044922e-01,9.999982714653015137e-01,9.999938607215881348e-01,9.999968409538269043e-01,-9.999921917915344238e-01,9.999959468841552734e-01
