5.508438348770141602e-01,-6.947619374841451645e-03,-5.731191486120223999e-02,5.588891729712486267e-02,1.750824749469757080e-01,-2.940789610147476196e-02,-1.126078888773918152e-02,3.751252591609954834e-01,6.787712126970291138e-02,2.002415992319583893e-02,-5.705839022994041443e-02,-3.454571962356567383e-02,8.351548016071319580e-02,5.984460115432739258e-01,2.619749307632446289e-01,8.015608042478561401e-02,-5.420875735580921173e-03,-1.319473492912948132e-03,1.686161458492279053e-01,-7.108723279088735580e-03,-3.118500411510467529e-01,1.671802997589111328e-02,1.263743042945861816e-01,-9.654472023248672485e-02,-1.925100013613700867e-02,-1.761483699083328247e-01,-4.269862547516822815e-02,-2.030262351036071777e-01,-6.180118396878242493e-02,-3.066229820251464844e-01,-1.345080584287643433e-01,-4.197895154356956482e-02,-6.419309414923191071e-03,7.812422513961791992e-02,-3.357473760843276978e-02,-1.217301413416862488e-01,-1.199730485677719116e-02,-4.017836879938840866e-03,-1.863954365253448486e-01,-3.888232409954071045e-01,3.604461252689361572e-02,1.221196576952934265e-01,1.131954719312489033e-03,2.555560134351253510e-02,3.625684082508087158e-01,-2.965534031391143799e-01,-1.365327090024948120e-01,-9.379097074270248413e-02,-1.423868630081415176e-02,1.010727975517511368e-02,6.701129674911499023e-02,-8.887740224599838257e-02,4.277516156435012817e-02,-1.523478776216506958e-01,-1.928819529712200165e-02,-1.415789723396301270e-01,7.739851623773574829e-02,1.818745397031307220e-02,-7.200084626674652100e-02,-2.978512272238731384e-02,7.069715857505798340e-02,4.549005255103111267e-02,2.302839048206806183e-02,-2.908408828079700470e-02,-8.837047219276428223e-02,5.288979411125183105e-02,3.319774568080902100e-02,1.441073864698410034e-01,-6.209666654467582703e-02,5.894647911190986633e-02,-9.512547403573989868e-02,-3.779107928276062012e-01,9.250435046851634979e-03,5.305390432476997375e-02,-4.828515648841857910e-02,-7.598724961280822754e-02,-1.002287119626998901e-02,1.116829365491867065e-01,-2.340710759162902832e-01,-1.351982951164245605e-01,1.441188622266054153e-02,4.507764242589473724e-03,-2.024095505475997925e-01,-2.626731293275952339e-03,-1.288874447345733643e-01,-2.927133068442344666e-02,2.062633335590362549e-01,-5.717660300433635712e-03,1.395214721560478210e-02,-1.790355192497372627e-03,-5.810101516544818878e-03,-7.058527320623397827e-02,7.707411050796508789e-02,-9.809558838605880737e-02,7.628365606069564819e-02,-6.724618375301361084e-02,2.762067615985870361e-01,-5.220832535997033119e-04,-1.134065017104148865e-01,1.835533678531646729e-01,-2.585992403328418732e-02,5.339890718460083008e-02,-1.363248564302921295e-02,-3.776997560635209084e-03,-1.552325785160064697e-01,1.373384743928909302e-01,1.567449271678924561e-01,3.623761003836989403e-04,-5.674321576952934265e-02,2.343192510306835175e-02,2.917108535766601562e-01,5.328151956200599670e-02,3.423394868150353432e-03,-3.564679920673370361e-01,1.257472634315490723e-01,-3.830445557832717896e-02,3.387961983680725098e-01,-1.841164976358413696e-01,-3.485093116760253906e-01,-4.284132737666368484e-03,-1.091874912381172180e-01,1.530593484640121460e-01,9.453903883695602417e-02,3.340391814708709717e-02,4.290331527590751648e-02,-1.585130840539932251e-01,-2.679075859487056732e-02,8.852038532495498657e-02
-6.947619374841451645e-03,2.373818680644035339e-02,-1.280439645051956177e-01,4.081314429640769958e-02,6.231052801012992859e-02,-4.316946491599082947e-02,-2.391830086708068848e-02,2.170726098120212555e-02,7.050000131130218506e-04,1.177718676626682281e-02,4.619352146983146667e-02,-2.460412122309207916e-02,9.132793545722961426e-02,1.574188470840454102e-02,9.627898037433624268e-02,8.570931106805801392e-02,-9.120502509176731110e-04,1.153172776103019714e-01,-1.612150669097900391e-02,-4.968528822064399719e-02,4.048251733183860779e-02,1.117137819528579712e-01,6.591569632291793823e-02,4.122547805309295654e-02,6.959791295230388641e-03,1.402994841337203979e-01,-1.203076988458633423e-01,-9.938404709100723267e-02,9.541397541761398315e-02,-1.560809463262557983e-02,6.856147665530443192e-03,-1.008303463459014893e-01,7.451631873846054077e-02,5.167804285883903503e-02,5.699220579117536545e-03,-1.016747951507568359e-01,1.908716512843966484e-03,2.068484947085380554e-02,-6.705648452043533325e-02,-7.692687958478927612e-02,1.093853935599327087e-01,-1.626411080360412598e-02,1.343609988689422607e-01,1.215139031410217285e-02,-3.152039367705583572e-03,-8.113640546798706055e-02,-1.140638738870620728e-01,-1.834069192409515381e-02,-3.296864405274391174e-02,2.272775582969188690e-02,8.010625024326145649e-04,5.003531929105520248e-03,4.159044940024614334e-03,2.404684573411941528e-02,1.938833505846560001e-03,-9.471515566110610962e-02,1.778279989957809448e-02,1.119740400463342667e-02,-1.119717955589294434e-01,-4.198141396045684814e-02,2.491314336657524109e-02,-5.629036109894514084e-03,5.243951920419931412e-03,3.964284434914588928e-02,7.129643112421035767e-03,-2.150800824165344238e-02,6.457395851612091064e-02,1.309651881456375122e-01,-1.209136396646499634e-01,4.229224100708961487e-02,-6.446590274572372437e-02,-1.186525728553533554e-02,-1.649608276784420013e-02,9.038934111595153809e-02,-4.201026633381843567e-02,-1.024050042033195496e-01,-6.789454724639654160e-03,1.118007674813270569e-01,8.085676468908786774e-03,-8.262344449758529663e-02,9.281086921691894531e-02,2.762298798188567162e-03,-9.220472723245620728e-02,5.688966717571020126e-03,-7.953522354364395142e-02,-1.296100765466690063e-01,8.258624374866485596e-02,9.949868544936180115e-03,6.668115407228469849e-02,-1.511068316176533699e-03,-2.713485807180404663e-02,-2.653898298740386963e-02,-9.561978280544281006e-02,3.294720128178596497e-02,-6.538552790880203247e-02,1.090284436941146851e-02,9.119079262018203735e-02,-4.853570426348596811e-04,-7.249599695205688477e-02,4.387402907013893127e-02,1.278696116060018539e-02,3.701821342110633850e-02,-8.749881386756896973e-02,-8.961508050560951233e-03,1.211075857281684875e-01,-1.573243737220764160e-02,-4.263404384255409241e-02,-9.355840086936950684e-02,-2.499618008732795715e-02,-1.685842499136924744e-02,4.571758955717086792e-02,-2.133236499503254890e-03,-8.757518976926803589e-02,-3.384090214967727661e-02,1.335184574127197266e-01,-1.179054677486419678e-01,6.647921353578567505e-02,5.017479509115219116e-02,-9.753325581550598145e-02,1.597012579441070557e-02,9.718279540538787842e-02,9.601867944002151489e-02,9.537618607282638550e-02,-7.816269993782043457e-02,-9.051564335823059082e-02,-6.029862910509109497e-02,-1.693649333901703358e-03,6.061998754739761353e-02
-5.731191486120223999e-02,-1.280439645051956177e-01,8.197148442268371582e-01,-3.526505827903747559e-01,-3.587899506092071533e-01,2.240523546934127808e-01,8.623043447732925415e-02,-1.834733039140701294e-01,-3.161075059324502945e-03,-1.100165694952011108e-01,-3.019215464591979980e-01,1.983948945999145508e-01,-5.588139295578002930e-01,-2.670029401779174805e-01,-6.539112329483032227e-01,-5.590419173240661621e-01,-2.173811942338943481e-02,-6.858091354370117188e-01,9.942514449357986450e-02,3.738118410110473633e-01,-1.779883652925491333e-01,-7.468247413635253906e-01,-5.890541076660156250e-01,-5.611770600080490112e-02,-5.164078623056411743e-02,-7.716913819313049316e-01,7.537203431129455566e-01,5.310384035110473633e-01,-6.560945510864257812e-01,2.196153849363327026e-01,-1.598422415554523468e-02,7.194387912750244141e-01,-5.540723800659179688e-01,-4.327657222747802734e-01,-1.883831806480884552e-02,7.070465683937072754e-01,-1.345961820334196091e-02,-1.402253657579421997e-01,5.216746926307678223e-01,6.205502748489379883e-01,-6.986744403839111328e-01,6.879022717475891113e-02,-7.643901109695434570e-01,-9.190593659877777100e-02,-9.003922343254089355e-02,6.838358044624328613e-01,7.445488572120666504e-01,1.508237272500991821e-01,1.841888874769210815e-01,-2.605161443352699280e-02,-4.241375252604484558e-02,-3.139615058898925781e-02,-2.010009996592998505e-02,-8.087615668773651123e-02,-6.894398480653762817e-02,6.781666874885559082e-01,-1.544306725263595581e-01,-8.243380486965179443e-02,6.799802184104919434e-01,3.191632330417633057e-01,-7.906224578619003296e-02,-7.242311537265777588e-02,-4.773175343871116638e-02,-3.734816014766693115e-01,-2.403797581791877747e-02,1.347656548023223877e-01,-3.901933133602142334e-01,-7.856795191764831543e-01,7.604901790618896484e-01,-2.182505577802658081e-01,5.206080675125122070e-01,2.204722315073013306e-01,1.202769353985786438e-01,-6.798044443130493164e-01,2.774573862552642822e-01,6.247088909149169922e-01,4.314890503883361816e-02,-7.989614009857177734e-01,5.477086454629898071e-02,6.603243947029113770e-01,-7.037493586540222168e-01,-2.363821119070053101e-02,5.887457728385925293e-01,-3.134423866868019104e-02,6.225682497024536133e-01,7.222067713737487793e-01,-5.634559988975524902e-01,-5.914305150508880615e-02,-4.644898474216461182e-01,-2.744344435632228851e-02,1.705723553895950317e-01,2.306831330060958862e-01,6.417756080627441406e-01,-2.071596831083297729e-01,4.800640642642974854e-01,-7.734682876616716385e-03,-5.998421311378479004e-01,3.881390905007719994e-03,5.452001094818115234e-01,-4.303661584854125977e-01,-3.781168907880783081e-02,-3.405617773532867432e-01,6.610380411148071289e-01,6.262063235044479370e-02,-7.734218835830688477e-01,-7.115393131971359253e-02,3.939750790596008301e-01,6.401257514953613281e-01,1.431939899921417236e-01,1.192464455962181091e-01,-4.862171113491058350e-01,1.810112744569778442e-01,6.048748493194580078e-01,6.262094527482986450e-02,-7.764937281608581543e-01,7.215029597282409668e-01,-5.124411582946777344e-01,-3.983002305030822754e-01,7.421395778656005859e-01,-1.387362331151962280e-01,-6.912859678268432617e-01,-7.057064771652221680e-01,-6.814645528793334961e-01,4.704578518867492676e-01,6.736215353012084961e-01,5.788537263870239258e-01,-1.644541881978511810e-02,-4.636228680610656738e-01
5.588891729712486267e-02,4.081314429640769958e-02,-3.526505827903747559e-01,2.945975363254547119e-01,1.092727705836296082e-01,-1.197015494108200073e-02,-6.638838350772857666e-02,1.324146091938018799e-01,-2.141840010881423950e-02,4.154922440648078918e-02,4.330229386687278748e-02,-8.809284865856170654e-02,1.900639683008193970e-01,1.551187783479690552e-01,2.492297440767288208e-01,1.836453378200531006e-01,1.359200570732355118e-02,3.429981470108032227e-01,-5.825358256697654724e-02,-9.083893150091171265e-02,-6.575376540422439575e-02,3.267388343811035156e-01,2.441136986017227173e-01,-9.203861653804779053e-02,4.139811918139457703e-02,3.046115040779113770e-01,-2.763477563858032227e-01,-1.609334498643875122e-01,2.201355099678039551e-01,-5.591800063848495483e-02,-1.614410988986492157e-02,-3.604789376258850098e-01,3.127951622009277344e-01,1.132207140326499939e-01,1.541707757860422134e-02,-2.956288754940032959e-01,2.780101448297500610e-02,5.181264504790306091e-02,-1.443836539983749390e-01,-3.839502036571502686e-01,2.995079457759857178e-01,-3.226882778108119965e-03,3.170703649520874023e-01,3.488092496991157532e-02,5.721172690391540527e-02,-2.429273724555969238e-01,-2.641329765319824219e-01,-1.154200658202171326e-01,-8.590233325958251953e-02,5.026017129421234131e-02,2.900823391973972321e-02,2.631817758083343506e-02,9.579148143529891968e-02,-9.956898540258407593e-02,1.329627931118011475e-01,-2.712533771991729736e-01,5.936211720108985901e-02,2.710383199155330658e-02,-2.390660792589187622e-01,-1.649568676948547363e-01,-3.292713314294815063e-02,7.801198959350585938e-02,2.609297819435596466e-02,1.744144856929779053e-01,2.707517007365822792e-03,-5.938259884715080261e-02,1.370047926902770996e-01,3.646199107170104980e-01,-3.083728253841400146e-01,2.216773293912410736e-02,-2.384857088327407837e-01,6.903874222189188004e-03,-8.084315806627273560e-02,2.591526806354522705e-01,-1.277596056461334229e-01,-2.899196445941925049e-01,-6.161579862236976624e-03,3.300207853317260742e-01,-1.929644644260406494e-01,-3.332215845584869385e-01,4.342950880527496338e-01,9.825839661061763763e-03,-1.578090488910675049e-01,1.815236359834671021e-02,-3.341043889522552490e-01,-2.010178118944168091e-01,1.152594536542892456e-01,2.062179148197174072e-02,9.878624975681304932e-02,1.084021385759115219e-02,-3.853824734687805176e-02,-1.540113687515258789e-01,-3.664101362228393555e-01,1.264273375272750854e-01,-2.264480143785476685e-01,-3.386737778782844543e-02,2.189201265573501587e-01,-1.643445342779159546e-03,-1.597365885972976685e-01,2.417657524347305298e-01,4.084185138344764709e-02,7.931633293628692627e-02,-3.000635206699371338e-01,-2.333706431090831757e-02,3.818479180335998535e-01,1.536637097597122192e-01,-3.054798245429992676e-01,-2.823848426342010498e-01,3.958368301391601562e-02,-4.277156665921211243e-02,3.447315990924835205e-01,-1.285096108913421631e-01,-2.880907356739044189e-01,-1.317534781992435455e-02,3.357059955596923828e-01,-2.713241577148437500e-01,1.558029800653457642e-01,1.699804961681365967e-01,-3.719812631607055664e-01,8.767089992761611938e-02,2.497146278619766235e-01,2.720397114753723145e-01,2.858507335186004639e-01,-1.643051058053970337e-01,-2.500926852226257324e-01,-2.452528178691864014e-01,9.248369373381137848e-03,2.534404098987579346e-01
1.750824749469757080e-01,6.231052801012992859e-02,-3.587899506092071533e-01,1.092727705836296082e-01,2.688690125942230225e-01,-1.274106055498123169e-01,-4.825570806860923767e-02,1.998997032642364502e-01,1.531431172043085098e-02,3.739220276474952698e-02,9.963532537221908569e-02,-7.157722115516662598e-02,2.617255449295043945e-01,2.336463779211044312e-01,3.576582968235015869e-01,2.632093727588653564e-01,-1.075208932161331177e-02,2.947069704532623291e-01,1.677815988659858704e-02,-1.418194919824600220e-01,3.213502466678619385e-02,2.965032458305358887e-01,1.846618801355361938e-01,1.289868056774139404e-01,1.398222171701490879e-03,2.996751070022583008e-01,-3.369506001472473145e-01,-3.704964518547058105e-01,2.544445991516113281e-01,-1.900543719530105591e-01,-2.937719970941543579e-02,-2.390566021203994751e-01,1.743479818105697632e-01,1.489476859569549561e-01,4.358846694231033325e-03,-2.900376915931701660e-01,-5.285270512104034424e-03,5.456650629639625549e-02,-2.891820073127746582e-01,-3.251945078372955322e-01,3.133257329463958740e-01,6.002253852784633636e-03,3.579164743423461914e-01,4.336614161729812622e-02,1.199759244918823242e-01,-3.143537640571594238e-01,-3.801236748695373535e-01,-8.289238065481185913e-02,-8.564284443855285645e-02,9.015834331512451172e-02,2.005992084741592407e-02,-2.676802873611450195e-02,7.896602153778076172e-03,3.131398931145668030e-02,-2.561571076512336731e-02,-2.978922128677368164e-01,7.105887681245803833e-02,3.666142001748085022e-02,-3.484973311424255371e-01,-1.115296259522438049e-01,1.138482987880706787e-01,-1.919313520193099976e-02,2.054762095212936401e-02,1.063473448157310486e-01,1.565285492688417435e-03,-3.240993991494178772e-02,1.992502510547637939e-01,4.017383754253387451e-01,-3.181892633438110352e-01,1.754072755575180054e-01,-2.083000540733337402e-01,-1.893172860145568848e-01,-7.496399339288473129e-03,2.460974901914596558e-01,-1.317126154899597168e-01,-3.431790173053741455e-01,-2.488248609006404877e-02,3.304134905338287354e-01,-4.923209920525550842e-02,-2.395431846380233765e-01,2.300976663827896118e-01,7.900173775851726532e-03,-3.540167212486267090e-01,1.322618965059518814e-02,-2.581819295883178711e-01,-3.855003714561462402e-01,3.428774178028106689e-01,2.435433678328990936e-02,1.868522912263870239e-01,-9.884232655167579651e-03,-1.004364266991615295e-01,-7.971689850091934204e-02,-1.885916292667388916e-01,1.871185936033725739e-02,-1.308898627758026123e-01,2.736932039260864258e-02,3.900472521781921387e-01,-1.408191514201462269e-03,-2.231555432081222534e-01,1.801002025604248047e-01,2.277354337275028229e-02,1.342272162437438965e-01,-2.076603770256042480e-01,-2.680231817066669464e-02,2.531990706920623779e-01,6.213040091097354889e-03,-2.878891490399837494e-02,-2.397954463958740234e-01,-1.429086476564407349e-01,-3.250953555107116699e-02,1.408878713846206665e-01,3.850823640823364258e-02,-2.027554214000701904e-01,-2.620965838432312012e-01,4.232873320579528809e-01,-3.467052280902862549e-01,3.073404729366302490e-01,4.998787865042686462e-02,-3.754480481147766113e-01,2.855465188622474670e-02,2.324325740337371826e-01,3.050387501716613770e-01,2.716071903705596924e-01,-2.071394622325897217e-01,-1.940210014581680298e-01,-1.981891095638275146e-01,-2.047717012465000153e-02,1.987401694059371948e-01
-2.940789610147476196e-02,-4.316946491599082947e-02,2.240523546934127808e-01,-1.197015494108200073e-02,-1.274106055498123169e-01,2.933628857135772705e-01,3.627862781286239624e-02,2.539374679327011108e-02,-1.061309874057769775e-01,-5.079073458909988403e-02,-8.882471174001693726e-02,5.218765884637832642e-02,-2.325165718793869019e-01,-6.736576557159423828e-02,-2.219393849372863770e-01,-1.937038451433181763e-01,-1.277338899672031403e-02,-2.315751463174819946e-01,8.225543424487113953e-03,8.114938437938690186e-02,2.848069369792938232e-02,-2.009571194648742676e-01,-9.659560024738311768e-02,-3.773197159171104431e-02,-1.904699951410293579e-02,-3.519805967807769775e-01,2.424951642751693726e-01,1.864833235740661621e-01,-9.694542735815048218e-02,-2.508147433400154114e-02,4.972105100750923157e-02,2.590994238853454590e-01,-1.815784871578216553e-01,-8.041546493768692017e-02,-1.603264734148979187e-02,2.282846122980117798e-01,5.791007541120052338e-03,-4.648885503411293030e-02,1.614667177200317383e-01,1.325987577438354492e-01,-2.906922399997711182e-01,1.183761470019817352e-02,-1.903835684061050415e-01,-1.951108127832412720e-02,5.837511643767356873e-02,2.553270757198333740e-01,2.574854493141174316e-01,2.035853266716003418e-02,1.189357880502939224e-02,-3.930456563830375671e-02,1.108850762248039246e-01,-9.848941862583160400e-02,8.915687911212444305e-03,-1.348657160997390747e-01,-2.585204504430294037e-02,1.660497933626174927e-01,-3.337638452649116516e-02,-2.323506213724613190e-02,2.368385791778564453e-01,8.630000054836273193e-02,-4.880609456449747086e-03,-2.469738200306892395e-02,-1.229628734290599823e-02,-1.868806481361389160e-01,-5.397496744990348816e-03,5.860218405723571777e-02,-1.161964312195777893e-01,-2.573557794094085693e-01,2.723790109157562256e-01,-6.441660970449447632e-02,1.354236155748367310e-01,-4.871997237205505371e-02,6.112751737236976624e-02,-2.308559119701385498e-01,1.125849857926368713e-01,1.808940768241882324e-01,2.140668779611587524e-02,-2.573820948600769043e-01,-8.245881646871566772e-03,1.698662489652633667e-01,-1.740743517875671387e-01,-6.354540120810270309e-03,1.559832990169525146e-01,-1.751582324504852295e-02,1.851255148649215698e-01,3.253772556781768799e-01,-1.505525410175323486e-01,-1.828347146511077881e-02,-2.524341642856597900e-01,-2.866137307137250900e-03,5.592608079314231873e-02,6.335997581481933594e-02,1.878316551446914673e-01,-5.469055846333503723e-02,1.554241031408309937e-01,-8.212038129568099976e-02,-1.537590622901916504e-01,1.147813280113041401e-03,1.425567120313644409e-01,-1.473934501409530640e-01,-4.505496844649314880e-02,-1.572842001914978027e-01,2.266302406787872314e-01,2.024366520345211029e-02,-2.614503204822540283e-01,1.427632272243499756e-01,8.691000193357467651e-02,1.692104637622833252e-01,1.579828113317489624e-01,4.415226727724075317e-02,-1.695932447910308838e-01,-3.233605623245239258e-02,1.614178121089935303e-01,9.161983430385589600e-02,-2.087044715881347656e-01,2.765272557735443115e-01,-1.377921849489212036e-01,-7.691952586174011230e-02,2.382015585899353027e-01,-4.125191643834114075e-02,-1.901804953813552856e-01,-2.389538884162902832e-01,-2.182134538888931274e-01,1.946815252304077148e-01,1.586786955595016479e-01,1.981439292430877686e-01,3.450193442404270172e-03,-5.697933211922645569e-02
-1.126078888773918152e-02,-2.391830086708068848e-02,8.623043447732925415e-02,-6.638838350772857666e-02,-4.825570806860923767e-02,3.627862781286239624e-02,8.986669033765792847e-02,-6.255085766315460205e-02,-3.016078146174550056e-03,3.686766838654875755e-03,-3.149618580937385559e-02,2.285643666982650757e-02,-1.179985105991363525e-01,-3.197485581040382385e-02,-8.451279252767562866e-02,-7.653195410966873169e-02,5.940335337072610855e-03,-1.396664232015609741e-01,2.925824839621782303e-03,5.942917428910732269e-03,-7.097773719578981400e-03,-9.135672450065612793e-02,-5.939356982707977295e-02,-2.172179892659187317e-02,-1.490167435258626938e-02,-1.098944172263145447e-01,9.635649621486663818e-02,1.051264405250549316e-01,-4.622922465205192566e-02,-4.065641015768051147e-02,9.199908003211021423e-03,9.006371349096298218e-02,-6.560525298118591309e-02,-3.832808509469032288e-02,-6.972676608711481094e-03,1.050044298171997070e-01,-1.111360732465982437e-02,-1.627128385007381439e-02,6.572536192834377289e-03,7.855199277400970459e-02,-7.166980206966400146e-02,2.330595627427101135e-02,-1.326949149370193481e-01,-7.830145768821239471e-03,-2.709651924669742584e-02,1.347912102937698364e-02,6.369441002607345581e-02,2.265367656946182251e-02,5.933339893817901611e-02,-3.080594353377819061e-02,-7.645984180271625519e-03,2.689304528757929802e-03,-4.442752152681350708e-02,3.038097359240055084e-02,-1.679089851677417755e-02,8.726979047060012817e-02,-2.354966290295124054e-02,-9.846831671893596649e-03,6.855919957160949707e-02,4.363064095377922058e-02,-3.454203531146049500e-02,1.475992146879434586e-02,-4.003182519227266312e-03,4.143503308296203613e-02,1.065775658935308456e-02,2.298208698630332947e-02,-5.757319554686546326e-02,-1.148317009210586548e-01,1.159027814865112305e-01,-2.129015920218080282e-04,4.081024602055549622e-02,-2.918981015682220459e-02,4.692742228507995605e-02,-5.923841521143913269e-02,3.578805923461914062e-02,4.879161342978477478e-02,1.432474819011986256e-03,-4.785500094294548035e-02,1.408802438527345657e-02,8.853859454393386841e-02,-7.489261031150817871e-02,-2.175002824515104294e-03,4.926276579499244690e-02,-9.612033143639564514e-03,4.701850563287734985e-02,8.466283231973648071e-02,6.234839092940092087e-03,-1.109194848686456680e-02,-1.983308792114257812e-02,8.609625510871410370e-03,-3.241010243073105812e-03,3.152540326118469238e-02,1.016199067234992981e-01,-4.882940277457237244e-02,5.204214155673980713e-02,-5.968800280243158340e-03,-4.764420911669731140e-02,2.832077443599700928e-04,5.193806812167167664e-02,-2.339047007262706757e-02,-2.893651090562343597e-02,3.481985628604888916e-02,7.563446462154388428e-02,6.572481710463762283e-03,-7.326548546552658081e-02,3.955890983343124390e-02,2.492218464612960815e-02,1.007995381951332092e-01,-6.816975027322769165e-02,1.061028800904750824e-02,-9.025439620018005371e-02,-4.063852503895759583e-02,1.175666302442550659e-01,7.655939459800720215e-02,-1.227062419056892395e-01,8.135483413934707642e-02,-4.368585348129272461e-02,-3.567096963524818420e-02,5.462587252259254456e-02,-1.859506964683532715e-02,-2.017248794436454773e-02,-4.838098958134651184e-02,-7.925070077180862427e-02,5.589454621076583862e-02,7.605046033859252930e-02,1.496023777872323990e-02,7.330792024731636047e-03,-4.816243797540664673e-02
3.751252591609954834e-01,2.170726098120212555e-02,-1.834733039140701294e-01,1.324146091938018799e-01,1.998997032642364502e-01,2.539374679327011108e-02,-6.255085766315460205e-02,4.279156029224395752e-01,-1.843404583632946014e-02,3.222565166652202606e-03,3.192834928631782532e-02,-5.930788069963455200e-02,1.668072789907455444e-01,4.381017982959747314e-01,2.935472428798675537e-01,1.572522819042205811e-01,-1.756566017866134644e-02,1.261176615953445435e-01,9.479802101850509644e-02,-4.568008705973625183e-02,-5.257445201277732849e-02,1.710341125726699829e-01,1.802566200494766235e-01,-3.622712567448616028e-02,-1.221009436994791031e-02,-2.078831568360328674e-02,-1.632755845785140991e-01,-2.605581879615783691e-01,1.532688438892364502e-01,-2.514618933200836182e-01,-7.824474573135375977e-02,-8.099187165498733521e-02,1.517268270254135132e-02,1.343401223421096802e-01,-2.656614594161510468e-02,-2.136050015687942505e-01,-4.349745810031890869e-03,2.638073079288005829e-02,-2.480022311210632324e-01,-3.732552826404571533e-01,1.021211966872215271e-01,4.824885353446006775e-02,1.823483109474182129e-01,3.614432737231254578e-02,3.605533838272094727e-01,-2.599025964736938477e-01,-2.416579425334930420e-01,-8.545304089784622192e-02,-7.981342822313308716e-02,-1.052247942425310612e-03,1.218991354107856750e-01,-9.953507035970687866e-02,4.083271324634552002e-02,-1.733690202236175537e-01,-5.725215747952461243e-02,-2.377737164497375488e-01,1.028882935643196106e-01,3.262935578823089600e-02,-1.266362071037292480e-01,-6.406363099813461304e-02,1.103931888937950134e-01,-4.170931410044431686e-03,1.887967064976692200e-02,-1.255811899900436401e-01,-4.137063026428222656e-02,2.289345674216747284e-02,9.553898125886917114e-02,2.238739281892776489e-01,-1.761193722486495972e-01,5.276145040988922119e-02,-1.551188677549362183e-01,-3.727214932441711426e-01,-5.668571102432906628e-04,1.360446363687515259e-01,-5.218196660280227661e-02,-1.328111439943313599e-01,-1.089815609157085419e-02,1.783702075481414795e-01,-1.577293723821640015e-01,-2.150151431560516357e-01,1.074926331639289856e-01,6.007080897688865662e-03,-2.661937475204467773e-01,5.839869845658540726e-03,-1.475775837898254395e-01,-1.468173712491989136e-01,2.190493941307067871e-01,1.123122964054346085e-02,9.308046661317348480e-03,-1.252923160791397095e-03,-3.425654396414756775e-02,-5.282743647694587708e-02,-2.426644600927829742e-02,-8.359580487012863159e-02,4.568709526211023331e-03,-4.970337823033332825e-02,3.098604679107666016e-01,-7.801090250723063946e-04,-1.664920598268508911e-01,1.653121560811996460e-01,-1.696293428540229797e-02,3.551330417394638062e-02,-8.541356772184371948e-02,-1.669360324740409851e-02,1.493089273571968079e-02,1.019584164023399353e-01,1.282770782709121704e-01,-1.438576132059097290e-01,2.970513515174388885e-02,1.108885090798139572e-02,1.966592222452163696e-01,7.477901130914688110e-02,-1.167318746447563171e-01,-2.989483177661895752e-01,3.005100488662719727e-01,-1.578211933374404907e-01,3.122926354408264160e-01,-5.585923790931701660e-02,-3.332882523536682129e-01,-5.758690531365573406e-04,1.046035159379243851e-02,1.813814640045166016e-01,1.269568353891372681e-01,1.508422195911407471e-02,-8.186176419258117676e-02,-1.166616231203079224e-01,-2.410641871392726898e-02,1.620317399501800537e-01
6.787712126970291138e-02,7.050000131130218506e-04,-3.161075059324502945e-03,-2.141840010881423950e-02,1.531431172043085098e-02,-1.061309874057769775e-01,-3.016078146174550056e-03,-1.843404583632946014e-02,6.771197170019149780e-02,1.836219802498817444e-02,-9.978017769753932953e-03,-6.225185468792915344e-03,4.247025772929191589e-02,7.550846785306930542e-02,4.626097157597541809e-02,2.268163673579692841e-02,8.796070702373981476e-03,1.798678189516067505e-02,2.570513635873794556e-02,6.633225828409194946e-03,-1.133652925491333008e-01,-1.150916330516338348e-03,2.087971661239862442e-03,-3.054819069802761078e-02,5.643757060170173645e-03,3.826749324798583984e-02,-1.627127453684806824e-02,-1.536554656922817230e-02,-6.622514128684997559e-02,1.220100931823253632e-02,-4.303434491157531738e-02,-6.253869831562042236e-02,4.439213871955871582e-02,-5.052179098129272461e-03,2.825764473527669907e-03,-3.168523684144020081e-02,-3.063258482143282890e-03,1.649893820285797119e-03,-1.080814097076654434e-02,-4.075622558593750000e-02,5.352360755205154419e-02,2.231364324688911438e-02,-2.645838446915149689e-02,-2.465811267029494047e-04,-1.623425632715225220e-02,-7.563833147287368774e-02,-2.156054601073265076e-02,-6.852426566183567047e-03,2.129588834941387177e-02,1.105292979627847672e-02,-5.799817666411399841e-02,4.084013402462005615e-02,6.145914550870656967e-03,3.394420444965362549e-02,2.848173119127750397e-02,-6.707000080496072769e-03,-1.113608945161104202e-03,8.181186276488006115e-04,-2.826080657541751862e-02,-1.241445727646350861e-02,-2.299758605659008026e-02,3.008259646594524384e-02,4.556852392852306366e-03,7.396087795495986938e-02,-1.765997707843780518e-02,-7.354436907917261124e-03,3.047714475542306900e-03,3.390761464834213257e-02,-3.338744863867759705e-02,-9.950939565896987915e-04,-1.363488845527172089e-02,2.675535716116428375e-02,-2.320365421473979950e-02,3.513117879629135132e-02,-2.833749540150165558e-02,-9.821924380958080292e-03,-4.341334570199251175e-03,3.655413538217544556e-02,-3.365991637110710144e-02,-2.115847729146480560e-02,1.344405021518468857e-02,1.181385363452136517e-03,-4.274236853234469891e-04,3.406808478757739067e-03,-3.916038200259208679e-02,-3.788687288761138916e-02,7.473544217646121979e-03,-1.069314661435782909e-03,6.868071109056472778e-02,1.214816584251821041e-03,9.967035148292779922e-04,-2.419956587255001068e-02,-1.801337487995624542e-02,1.219600718468427658e-02,-1.751420646905899048e-02,1.883226074278354645e-02,1.171508617699146271e-02,-2.014939673244953156e-04,-1.744111627340316772e-02,4.878582805395126343e-02,1.517318934202194214e-02,4.490225762128829956e-02,-4.208290949463844299e-02,-1.108174794353544712e-03,6.337387952953577042e-03,-3.731932491064071655e-02,-1.524958666414022446e-02,4.861168563365936279e-03,-5.735451728105545044e-02,-7.056008558720350266e-03,9.847106784582138062e-02,9.180421009659767151e-03,-9.111436083912849426e-03,-4.462397098541259766e-02,-1.692607998847961426e-02,-2.989299595355987549e-02,3.191098570823669434e-02,-2.301668934524059296e-02,-6.665355712175369263e-02,1.225125230848789215e-02,-7.647058926522731781e-03,4.685926809906959534e-02,4.181180894374847412e-02,-3.653058782219886780e-02,4.513305146247148514e-03,-6.787618994712829590e-02,-1.437112689018249512e-03,-1.730558089911937714e-02
2.002415992319583893e-02,1.177718676626682281e-02,-1.100165694952011108e-01,4.154922440648078918e-02,3.739220276474952698e-02,-5.079073458909988403e-02,3.686766838654875755e-03,3.222565166652202606e-03,1.836219802498817444e-02,2.233182825148105621e-02,2.675125189125537872e-02,-2.587208710610866547e-02,6.378281861543655396e-02,5.274465680122375488e-02,8.599478006362915039e-02,6.380026042461395264e-02,8.173508569598197937e-03,8.327527344226837158e-02,-1.004831399768590927e-02,-4.395077377557754517e-02,-2.010072022676467896e-02,9.295051544904708862e-02,7.218419760465621948e-02,-1.838167011737823486e-02,8.322244510054588318e-03,1.142466813325881958e-01,-9.404628723859786987e-02,-4.727126657962799072e-02,6.339317560195922852e-02,-2.679754793643951416e-02,-9.923167526721954346e-03,-1.173959448933601379e-01,8.780897408723831177e-02,4.593489319086074829e-02,3.142948960885405540e-03,-9.171708673238754272e-02,8.532388019375503063e-04,1.655751280486583710e-02,-6.594960391521453857e-02,-9.592121839523315430e-02,1.049659699201583862e-01,2.693853806704282761e-03,7.959488034248352051e-02,1.067308429628610611e-02,-2.066381275653839111e-03,-1.217709183692932129e-01,-9.980069100856781006e-02,-2.141429111361503601e-02,-7.185621652752161026e-03,1.292415428906679153e-03,-1.566684991121292114e-02,2.078807353973388672e-02,2.982213627547025681e-03,1.912930235266685486e-02,2.552332542836666107e-02,-7.827819138765335083e-02,1.514228433370590210e-02,9.050689637660980225e-03,-8.702920377254486084e-02,-4.271328076720237732e-02,-1.319528836756944656e-02,2.802390791475772858e-02,7.644798606634140015e-03,8.937226235866546631e-02,6.639321509283035994e-05,-1.813677325844764709e-02,4.068724811077117920e-02,1.081153154373168945e-01,-9.969945996999740601e-02,2.165935933589935303e-02,-7.099855691194534302e-02,-1.533146481961011887e-02,-1.829827018082141876e-02,9.527333080768585205e-02,-4.085374251008033752e-02,-8.439342677593231201e-02,-5.839772522449493408e-03,1.262074112892150879e-01,-2.702776901423931122e-02,-8.961605280637741089e-02,1.120230332016944885e-01,3.287268336862325668e-03,-6.028658151626586914e-02,3.976571839302778244e-03,-9.701768308877944946e-02,-9.377055615186691284e-02,6.892499327659606934e-02,5.432796198874711990e-03,7.537885755300521851e-02,6.503915879875421524e-03,-2.082010731101036072e-02,-3.883787244558334351e-02,-9.046275168657302856e-02,2.911518327891826630e-02,-6.715652346611022949e-02,3.874172456562519073e-03,7.175847887992858887e-02,-5.580684519372880459e-04,-6.441072374582290649e-02,7.502458989620208740e-02,6.302367430180311203e-03,6.406904757022857666e-02,-9.720765799283981323e-02,-7.429659366607666016e-03,1.186717301607131958e-01,1.608350872993469238e-02,-7.532636076211929321e-02,-6.951528042554855347e-02,-4.093027487397193909e-02,-1.709348522126674652e-02,9.826345741748809814e-02,-3.975391760468482971e-02,-6.748963892459869385e-02,5.026565864682197571e-03,8.694308251142501831e-02,-9.673316776752471924e-02,6.204967945814132690e-02,4.692034423351287842e-02,-1.272717416286468506e-01,2.340804785490036011e-02,9.422355145215988159e-02,1.039993911981582642e-01,9.477951377630233765e-02,-6.459852308034896851e-02,-8.219797909259796143e-02,-1.019747331738471985e-01,4.587097093462944031e-03,5.324177443981170654e-02
-5.705839022994041443e-02,4.619352146983146667e-02,-3.019215464591979980e-01,4.330229386687278748e-02,9.963532537221908569e-02,-8.882471174001693726e-02,-3.149618580937385559e-02,3.192834928631782532e-02,-9.978017769753932953e-03,2.675125189125537872e-02,1.650012284517288208e-01,-6.247654557228088379e-02,2.048463523387908936e-01,2.422505617141723633e-02,2.057405561208724976e-01,1.973013132810592651e-01,3.195883939042687416e-03,2.127628773450851440e-01,-3.910687565803527832e-02,-1.458573937416076660e-01,2.061151713132858276e-01,2.682562470436096191e-01,1.995442360639572144e-01,6.127601116895675659e-02,8.575477637350559235e-03,3.335539400577545166e-01,-2.881212830543518066e-01,-1.739967167377471924e-01,2.901958525180816650e-01,-4.357584565877914429e-02,3.262111172080039978e-02,-2.268542349338531494e-01,1.097463518381118774e-01,1.887153685092926025e-01,1.430904812877997756e-04,-2.524525523185729980e-01,-4.294274374842643738e-03,5.067374184727668762e-02,-1.846129447221755981e-01,-1.240911483764648438e-01,2.116136848926544189e-01,-6.044797226786613464e-02,3.004504442214965820e-01,2.892544120550155640e-02,2.842195145785808563e-02,-2.541830539703369141e-01,-2.818672358989715576e-01,-2.933054696768522263e-03,-6.723950058221817017e-02,-4.977615177631378174e-02,2.741507440805435181e-02,-3.133214544504880905e-03,-4.005575180053710938e-02,7.739450037479400635e-02,-4.616283997893333435e-02,-2.279222756624221802e-01,5.968566983938217163e-02,3.144818171858787537e-02,-2.166930735111236572e-01,-8.224126696586608887e-02,6.041389703750610352e-02,-1.172814611345529556e-02,8.223111741244792938e-03,4.395974799990653992e-02,1.733591780066490173e-02,-4.558169096708297729e-02,1.275612115859985352e-01,2.498250156641006470e-01,-2.935026288032531738e-01,6.477403640747070312e-02,-1.446154713630676270e-01,-1.206568256020545959e-01,-3.487716987729072571e-02,2.444936484098434448e-01,-6.151875481009483337e-02,-1.451051682233810425e-01,-1.673129759728908539e-02,2.993299961090087891e-01,1.049604862928390503e-01,-2.017675787210464478e-01,1.866285502910614014e-01,7.494588848203420639e-03,-2.113715857267379761e-01,8.295204490423202515e-03,-1.283046752214431763e-01,-3.087804615497589111e-01,2.007422447204589844e-01,2.322602830827236176e-02,1.758439391851425171e-01,1.293659396469593048e-02,-5.687200278043746948e-02,-2.713595703244209290e-02,-1.781806200742721558e-01,4.553763195872306824e-02,-1.426927894353866577e-01,1.823991350829601288e-02,1.706647574901580811e-01,-1.125968177802860737e-03,-2.053106576204299927e-01,7.453975081443786621e-02,-5.464831832796335220e-03,1.128808557987213135e-01,-2.119966596364974976e-01,-2.171662636101245880e-02,2.959954738616943359e-01,-6.602521985769271851e-02,-4.654281958937644958e-02,-2.156190276145935059e-01,-2.961644530296325684e-02,-4.098781570792198181e-02,9.132861346006393433e-02,-2.430110238492488861e-02,-1.932490468025207520e-01,2.924255654215812683e-02,2.911580502986907959e-01,-2.599698305130004883e-01,1.549958735704421997e-01,1.591586768627166748e-01,-2.195476442575454712e-01,2.663049101829528809e-02,2.578449249267578125e-01,2.288248389959335327e-01,2.041827589273452759e-01,-1.325733363628387451e-01,-2.745654284954071045e-01,-1.538568735122680664e-01,8.323612622916698456e-03,1.056866124272346497e-01
-3.454571962356567383e-02,-2.460412122309207916e-02,1.983948945999145508e-01,-8.809284865856170654e-02,-7.157722115516662598e-02,5.218765884637832642e-02,2.285643666982650757e-02,-5.930788069963455200e-02,-6.225185468792915344e-03,-2.587208710610866547e-02,-6.247654557228088379e-02,4.900239035487174988e-02,-1.282369196414947510e-01,-9.443348646163940430e-02,-1.578911095857620239e-01,-1.214432194828987122e-01,-7.719741202890872955e-03,-1.575096398591995239e-01,1.572246290743350983e-02,7.411471009254455566e-02,-1.927035301923751831e-02,-1.778700649738311768e-01,-1.425852179527282715e-01,2.364314161241054535e-02,-1.338667981326580048e-02,-1.874553710222244263e-01,1.743036210536956787e-01,1.045142859220504761e-01,-1.459712535142898560e-01,4.645004495978355408e-02,9.927527979016304016e-03,1.857385039329528809e-01,-1.252126544713973999e-01,-9.989296644926071167e-02,-1.423056237399578094e-03,1.756995618343353271e-01,-3.141060704365372658e-03,-3.153808042407035828e-02,1.176902279257774353e-01,1.694186627864837646e-01,-1.597578227519989014e-01,9.746627882122993469e-03,-1.730579137802124023e-01,-2.049159258604049683e-02,-4.408944025635719299e-02,1.896989345550537109e-01,1.788636744022369385e-01,3.493043407797813416e-02,3.849617019295692444e-02,1.054304931312799454e-02,-7.486470974981784821e-03,-9.880495257675647736e-03,-1.109397690743207932e-02,5.587420891970396042e-04,-2.177038975059986115e-02,1.569725126028060913e-01,-4.061465337872505188e-02,-1.955143548548221588e-02,1.398628205060958862e-01,7.386973500251770020e-02,-5.689576268196105957e-03,-2.858819998800754547e-02,-1.171680167317390442e-02,-7.506941258907318115e-02,6.945000495761632919e-04,2.940109930932521820e-02,-7.720229774713516235e-02,-1.881356835365295410e-01,1.856113672256469727e-01,-2.666767500340938568e-02,1.219846308231353760e-01,6.258109956979751587e-02,3.548931702971458435e-02,-1.635263413190841675e-01,5.962780117988586426e-02,1.246264055371284485e-01,8.626870810985565186e-03,-2.066645324230194092e-01,3.190780431032180786e-02,1.710226386785507202e-01,-1.829535216093063354e-01,-5.755383521318435669e-03,1.192272379994392395e-01,-7.708569057285785675e-03,1.452405452728271484e-01,1.646606624126434326e-01,-1.090687885880470276e-01,-1.247222721576690674e-02,-1.014329642057418823e-01,-9.543313644826412201e-03,3.014284931123256683e-02,5.692460760474205017e-02,1.505481153726577759e-01,-4.158135876059532166e-02,1.062727943062782288e-01,2.286259317770600319e-03,-1.278653293848037720e-01,8.979599806480109692e-04,1.245202720165252686e-01,-1.107727512717247009e-01,-7.568443659693002701e-03,-7.804085314273834229e-02,1.613967567682266235e-01,1.402569469064474106e-02,-1.962962448596954346e-01,-2.321051806211471558e-02,9.272838383913040161e-02,1.437094807624816895e-01,1.439449843019247055e-02,2.542623318731784821e-02,-1.558983623981475830e-01,4.249992966651916504e-02,1.392447501420974731e-01,7.711567450314760208e-03,-1.860398650169372559e-01,1.667622029781341553e-01,-1.164202690124511719e-01,-8.895094692707061768e-02,2.055669426918029785e-01,-3.462313488125801086e-02,-1.507020741701126099e-01,-1.670315563678741455e-01,-1.545925289392471313e-01,8.831887692213058472e-02,1.604806184768676758e-01,1.441805958747863770e-01,-5.291952751576900482e-03,-1.010831519961357117e-01
