9.999980926513671875e-01,-9.999979734420776367e-01,-9.999848008155822754e-01,9.999980926513671875e-01,9.999987483024597168e-01,-9.999984502792358398e-01,9.999904036521911621e-01,9.999988675117492676e-01,-9.999966621398925781e-01,9.999963045120239258e-01,-9.999963641166687012e-01,-9.999987483024597168e-01,9.999980330467224121e-01,9.999975562095642090e-01,9.999473094940185547e-01,9.999977350234985352e-01,9.999977350234985352e-01,-9.999982714653015137e-01,9.999742507934570312e-01,-9.999989271163940430e-01,-9.999988675117492676e-01,9.999845623970031738e-01,9.999974966049194336e-01,9.999983906745910645e-01,9.999874830245971680e-01,9.999989271163940430e-01,-9.999982714653015137e-01,-9.999988079071044922e-01,9.999706149101257324e-01,-9.999958872795104980e-01,-9.999965429306030273e-01,-9.999985694885253906e-01,9.999957084655761719e-01,9.999976754188537598e-01,-9.999966025352478027e-01,-9.999930262565612793e-01,9.999988675117492676e-01,9.999985694885253906e-01,9.999928474426269531e-01,-9.999987483024597168e-01,9.999983310699462891e-01,-9.999971985816955566e-01,9.999310970306396484e-01,9.999984502792358398e-01,9.999965429306030273e-01,9.999975562095642090e-01,9.999948740005493164e-01,9.999973773956298828e-01,9.999986886978149414e-01,-9.999983906745910645e-01,-9.999985694885253906e-01,-9.999970197677612305e-01,-9.999984502792358398e-01,-9.999898672103881836e-01,-9.999954700469970703e-01,-9.999975562095642090e-01,-9.999976754188537598e-01,9.999780058860778809e-01,9.999974966049194336e-01,9.999977350234985352e-01,-9.999951720237731934e-01,9.999988079071044922e-01,9.999980926513671875e-01,9.999949932098388672e-01,-9.999952912330627441e-01,-9.999987483024597168e-01,-9.999988675117492676e-01,-9.999929070472717285e-01,-9.999981522560119629e-01,9.999988079071044922e-01,-9.999984502792358398e-01,9.999975562095642090e-01,9.999964833259582520e-01,-9.999873042106628418e-01,9.998225569725036621e-01,-9.999978542327880859e-01,9.999872446060180664e-01,9.999982714653015137e-01,-9.999889135360717773e-01,-9.999972581863403320e-01,-9.998930096626281738e-01,9.999973177909851074e-01,-9.999986886978149414e-01,9.999766349792480469e-01,-9.999982118606567383e-01,-9.999818205833435059e-01,9.999929666519165039e-01,9.999986290931701660e-01,-9.999773502349853516e-01,9.999977350234985352e-01,-9.999981522560119629e-01,9.999981522560119629e-01,-9.999708533287048340e-01,-9.999981522560119629e-01,9.999984502792358398e-01,-9.999973773956298828e-01,-9.999764561653137207e-01,9.999988079071044922e-01,-9.999987483024597168e-01,9.999900460243225098e-01,-9.999973177909851074e-01,9.999985694885253906e-01,-9.999846816062927246e-01,-9.999787211418151855e-01,9.999983906745910645e-01,9.999956488609313965e-01,9.999827146530151367e-01,-9.999973177909851074e-01,-9.999943375587463379e-01,9.999983310699462891e-01,-9.999974370002746582e-01,9.999985098838806152e-01,-9.999977350234985352e-01,-9.999902248382568359e-01,9.999988675117492676e-01,-9.999983310699462891e-01,9.999983310699462891e-01,-9.999986886978149414e-01,-9.999904632568359375e-01,-9.999978542327880859e-01,-9.999987483024597168e-01,9.999955892562866211e-01,9.999985694885253906e-01,-9.999972581863403320e-01,9.999727606773376465e-01,-9.999948740005493164e-01,9.994631409645080566e-01,-9.999977350234985352e-01
-9.999979734420776367e-01,9.999980926513671875e-01,9.999849200248718262e-01,-9.999980926513671875e-01,-9.999987483024597168e-01,9.999983906745910645e-01,-9.999904036521911621e-01,-9.999989271163940430e-01,9.999966025352478027e-01,-9.999963641166687012e-01,9.999964833259582520e-01,9.999987483024597168e-01,-9.999980330467224121e-01,-9.999976754188537598e-01,-9.999476671218872070e-01,-9.999977350234985352e-01,-9.999977350234985352e-01,9.999982714653015137e-01,-9.999744296073913574e-01,9.999989271163940430e-01,9.999988675117492676e-01,-9.999846816062927246e-01,-9.999974966049194336e-01,-9.999983906745910645e-01,-9.999876022338867188e-01,-9.999990463256835938e-01,9.999982714653015137e-01,9.999988675117492676e-01,-9.999707341194152832e-01,9.999959468841552734e-01,9.999966025352478027e-01,9.999985694885253906e-01,-9.999956488609313965e-01,-9.999977350234985352e-01,9.999965429306030273e-01,9.999930858612060547e-01,-9.999988675117492676e-01,-9.999986290931701660e-01,-9.999928474426269531e-01,9.999987483024597168e-01,-9.999983310699462891e-01,9.999971985816955566e-01,-9.999315738677978516e-01,-9.999985098838806152e-01,-9.999964833259582520e-01,-9.999974966049194336e-01,-9.999948143959045410e-01,-9.999973773956298828e-01,-9.999986290931701660e-01,9.999985098838806152e-01,9.999985694885253906e-01,9.999971389770507812e-01,9.999983906745910645e-01,9.999899268150329590e-01,9.999955296516418457e-01,9.999976158142089844e-01,9.999976754188537598e-01,-9.999781847000122070e-01,-9.999974966049194336e-01,-9.999977350234985352e-01,9.999951720237731934e-01,-9.999988675117492676e-01,-9.999980926513671875e-01,-9.999950528144836426e-01,9.999954104423522949e-01,9.999987483024597168e-01,9.999988079071044922e-01,9.999930858612060547e-01,9.999981522560119629e-01,-9.999988079071044922e-01,9.999985694885253906e-01,-9.999975562095642090e-01,-9.999964833259582520e-01,9.999874830245971680e-01,-9.998238086700439453e-01,9.999979138374328613e-01,-9.999873638153076172e-01,-9.999982118606567383e-01,9.999890923500061035e-01,9.999972581863403320e-01,9.998937845230102539e-01,-9.999973177909851074e-01,9.999986886978149414e-01,-9.999768137931823730e-01,9.999982118606567383e-01,9.999819397926330566e-01,-9.999930262565612793e-01,-9.999986886978149414e-01,9.999774694442749023e-01,-9.999977946281433105e-01,9.999981522560119629e-01,-9.999982118606567383e-01,9.999710917472839355e-01,9.999981522560119629e-01,-9.999983906745910645e-01,9.999974966049194336e-01,9.999767541885375977e-01,-9.999988675117492676e-01,9.999988079071044922e-01,-9.999901652336120605e-01,9.999972581863403320e-01,-9.999985694885253906e-01,9.999848008155822754e-01,9.999788999557495117e-01,-9.999983906745910645e-01,-9.999956488609313965e-01,-9.999828338623046875e-01,9.999973177909851074e-01,9.999943971633911133e-01,-9.999983310699462891e-01,9.999973773956298828e-01,-9.999985098838806152e-01,9.999977946281433105e-01,9.999902248382568359e-01,-9.999989271163940430e-01,9.999983310699462891e-01,-9.999983906745910645e-01,9.999987483024597168e-01,9.999905228614807129e-01,9.999979138374328613e-01,9.999986886978149414e-01,-9.999955892562866211e-01,-9.999985694885253906e-01,9.999971985816955566e-01,-9.999730587005615234e-01,9.999948740005493164e-01,-9.994669556617736816e-01,9.999977350234985352e-01
-9.999848008155822754e-01,9.999849200248718262e-01,9.998781085014343262e-01,-9.999849796295166016e-01,-9.999905228614807129e-01,9.999879002571105957e-01,-9.999224543571472168e-01,-9.999915361404418945e-01,9.999737143516540527e-01,-9.999709725379943848e-01,9.999714493751525879e-01,9.999905824661254883e-01,-9.999843835830688477e-01,-9.999809265136718750e-01,-9.995790123939514160e-01,-9.999822974205017090e-01,-9.999815225601196289e-01,9.999863505363464355e-01,-9.997939467430114746e-01,9.999919533729553223e-01,9.999909400939941406e-01,-9.998763203620910645e-01,-9.999807476997375488e-01,-9.999874234199523926e-01,-9.999000430107116699e-01,-9.999917745590209961e-01,9.999872446060180664e-01,9.999908804893493652e-01,-9.997648596763610840e-01,9.999676942825317383e-01,9.999728202819824219e-01,9.999886751174926758e-01,-9.999650120735168457e-01,-9.999822378158569336e-01,9.999733567237854004e-01,9.999443292617797852e-01,-9.999913573265075684e-01,-9.999889731407165527e-01,-9.999424815177917480e-01,9.999902248382568359e-01,-9.999870657920837402e-01,9.999778270721435547e-01,-9.994494915008544922e-01,-9.999883174896240234e-01,-9.999729394912719727e-01,-9.999805688858032227e-01,-9.999589323997497559e-01,-9.999799728393554688e-01,-9.999896883964538574e-01,9.999880790710449219e-01,9.999892115592956543e-01,9.999764561653137207e-01,9.999877214431762695e-01,9.999182820320129395e-01,9.999639987945556641e-01,9.999814629554748535e-01,9.999821782112121582e-01,-9.998245835304260254e-01,-9.999808073043823242e-01,-9.999822378158569336e-01,9.999617934226989746e-01,-9.999908804893493652e-01,-9.999858736991882324e-01,-9.999599456787109375e-01,9.999629855155944824e-01,9.999899268150329590e-01,9.999911189079284668e-01,9.999440312385559082e-01,9.999856352806091309e-01,-9.999905228614807129e-01,9.999885559082031250e-01,-9.999810457229614258e-01,-9.999722838401794434e-01,9.998990893363952637e-01,-9.985833764076232910e-01,9.999836683273315430e-01,-9.998980760574340820e-01,-9.999866485595703125e-01,9.999118447303771973e-01,9.999781847000122070e-01,9.991461634635925293e-01,-9.999800920486450195e-01,9.999898672103881836e-01,-9.998135566711425781e-01,9.999865889549255371e-01,9.998544454574584961e-01,-9.999434947967529297e-01,-9.999892711639404297e-01,9.998185038566589355e-01,-9.999822378158569336e-01,9.999861717224121094e-01,-9.999864101409912109e-01,9.997667670249938965e-01,9.999854564666748047e-01,-9.999879002571105957e-01,9.999801516532897949e-01,9.998124241828918457e-01,-9.999908804893493652e-01,9.999898672103881836e-01,-9.999199509620666504e-01,9.999789595603942871e-01,-9.999887943267822266e-01,9.998774528503417969e-01,9.998297095298767090e-01,-9.999874234199523926e-01,-9.999650120735168457e-01,-9.998617172241210938e-01,9.999788999557495117e-01,9.999545812606811523e-01,-9.999874830245971680e-01,9.999795556068420410e-01,-9.999882578849792480e-01,9.999831318855285645e-01,9.999217987060546875e-01,-9.999917745590209961e-01,9.999869465827941895e-01,-9.999874830245971680e-01,9.999897480010986328e-01,9.999237656593322754e-01,9.999834895133972168e-01,9.999903440475463867e-01,-9.999650120735168457e-01,-9.999889135360717773e-01,9.999785423278808594e-01,-9.997828006744384766e-01,9.999585747718811035e-01,-9.957236051559448242e-01,9.999821782112121582e-01
9.999980926513671875e-01,-9.999980926513671875e-01,-9.999849796295166016e-01,9.999982118606567383e-01,9.999988079071044922e-01,-9.999985098838806152e-01,9.999905228614807129e-01,9.999989867210388184e-01,-9.999967813491821289e-01,9.999964833259582520e-01,-9.999965429306030273e-01,-9.999988079071044922e-01,9.999980330467224121e-01,9.999976754188537598e-01,9.999480247497558594e-01,9.999979138374328613e-01,9.999977350234985352e-01,-9.999983906745910645e-01,9.999747276306152344e-01,-9.999990463256835938e-01,-9.999989271163940430e-01,9.999848604202270508e-01,9.999975562095642090e-01,9.999984502792358398e-01,9.999876618385314941e-01,9.999991059303283691e-01,-9.999983906745910645e-01,-9.999989271163940430e-01,9.999709725379943848e-01,-9.999960660934448242e-01,-9.999966025352478027e-01,-9.999986290931701660e-01,9.999958276748657227e-01,9.999977946281433105e-01,-9.999967813491821289e-01,-9.999932050704956055e-01,9.999989867210388184e-01,9.999986290931701660e-01,9.999930262565612793e-01,-9.999988675117492676e-01,9.999984502792358398e-01,-9.999973177909851074e-01,9.999319314956665039e-01,9.999986290931701660e-01,9.999966025352478027e-01,9.999976158142089844e-01,9.999949932098388672e-01,9.999974966049194336e-01,9.999986886978149414e-01,-9.999985098838806152e-01,-9.999987483024597168e-01,-9.999971389770507812e-01,-9.999984502792358398e-01,-9.999900460243225098e-01,-9.999955892562866211e-01,-9.999976754188537598e-01,-9.999977946281433105e-01,9.999783635139465332e-01,9.999976158142089844e-01,9.999978542327880859e-01,-9.999952912330627441e-01,9.999989271163940430e-01,9.999983310699462891e-01,9.999951124191284180e-01,-9.999954700469970703e-01,-9.999988079071044922e-01,-9.999989271163940430e-01,-9.999930858612060547e-01,-9.999982118606567383e-01,9.999988675117492676e-01,-9.999986290931701660e-01,9.999976158142089844e-01,9.999966025352478027e-01,-9.999876618385314941e-01,9.998247027397155762e-01,-9.999980330467224121e-01,9.999875426292419434e-01,9.999983906745910645e-01,-9.999892115592956543e-01,-9.999972581863403320e-01,-9.998943805694580078e-01,9.999974966049194336e-01,-9.999988079071044922e-01,9.999769926071166992e-01,-9.999983310699462891e-01,-9.999821782112121582e-01,9.999931454658508301e-01,9.999987483024597168e-01,-9.999777078628540039e-01,9.999979138374328613e-01,-9.999982714653015137e-01,9.999982714653015137e-01,-9.999712109565734863e-01,-9.999982714653015137e-01,9.999984502792358398e-01,-9.999975562095642090e-01,-9.999768137931823730e-01,9.999989271163940430e-01,-9.999988675117492676e-01,9.999902844429016113e-01,-9.999973773956298828e-01,9.999985694885253906e-01,-9.999849796295166016e-01,-9.999789595603942871e-01,9.999985098838806152e-01,9.999957084655761719e-01,9.999830126762390137e-01,-9.999974966049194336e-01,-9.999944567680358887e-01,9.999985098838806152e-01,-9.999974370002746582e-01,9.999986290931701660e-01,-9.999978542327880859e-01,-9.999904036521911621e-01,9.999989867210388184e-01,-9.999983906745910645e-01,9.999984502792358398e-01,-9.999987483024597168e-01,-9.999907016754150391e-01,-9.999979734420776367e-01,-9.999988675117492676e-01,9.999957680702209473e-01,9.999986886978149414e-01,-9.999973177909851074e-01,9.999731779098510742e-01,-9.999949336051940918e-01,9.994694590568542480e-01,-9.999977946281433105e-01
9.999987483024597168e-01,-9.999987483024597168e-01,-9.999905228614807129e-01,9.999988079071044922e-01,9.999992847442626953e-01,-9.999991059303283691e-01,9.999939203262329102e-01,9.999993443489074707e-01,-9.999979138374328613e-01,9.999977350234985352e-01,-9.999977946281433105e-01,-9.999992251396179199e-01,9.999987483024597168e-01,9.999985098838806152e-01,9.999670982360839844e-01,9.999985694885253906e-01,9.999986290931701660e-01,-9.999989867210388184e-01,9.999839663505554199e-01,-9.999993443489074707e-01,-9.999993443489074707e-01,9.999903440475463867e-01,9.999983906745910645e-01,9.999990463256835938e-01,9.999920725822448730e-01,9.999994039535522461e-01,-9.999990463256835938e-01,-9.999992847442626953e-01,9.999816417694091797e-01,-9.999973773956298828e-01,-9.999977946281433105e-01,-9.999991655349731445e-01,9.999971985816955566e-01,9.999985694885253906e-01,-9.999978542327880859e-01,-9.999956488609313965e-01,9.999992847442626953e-01,9.999990463256835938e-01,9.999955296516418457e-01,-9.999991655349731445e-01,9.999989867210388184e-01,-9.999981522560119629e-01,9.999569654464721680e-01,9.999990463256835938e-01,9.999978542327880859e-01,9.999983906745910645e-01,9.999967217445373535e-01,9.999983906745910645e-01,9.999992251396179199e-01,-9.999991059303283691e-01,-9.999991655349731445e-01,-9.999981522560119629e-01,-9.999991059303283691e-01,-9.999937415122985840e-01,-9.999970793724060059e-01,-9.999984502792358398e-01,-9.999985098838806152e-01,9.999862909317016602e-01,9.999983906745910645e-01,9.999985694885253906e-01,-9.999969601631164551e-01,9.999992847442626953e-01,9.999988675117492676e-01,9.999969005584716797e-01,-9.999969601631164551e-01,-9.999992251396179199e-01,-9.999993443489074707e-01,-9.999956488609313965e-01,-9.999988675117492676e-01,9.999994039535522461e-01,-9.999990463256835938e-01,9.999983906745910645e-01,9.999977946281433105e-01,-9.999920129776000977e-01,9.998891949653625488e-01,-9.999986886978149414e-01,9.999920725822448730e-01,9.999989271163940430e-01,-9.999931454658508301e-01,-9.999982714653015137e-01,-9.999331831932067871e-01,9.999984502792358398e-01,-9.999992251396179199e-01,9.999854564666748047e-01,-9.999988675117492676e-01,-9.999887347221374512e-01,9.999955892562866211e-01,9.999992251396179199e-01,-9.999858140945434570e-01,9.999985694885253906e-01,-9.999988675117492676e-01,9.999988675117492676e-01,-9.999818205833435059e-01,-9.999988675117492676e-01,9.999989867210388184e-01,-9.999984502792358398e-01,-9.999853372573852539e-01,9.999992847442626953e-01,-9.999993443489074707e-01,9.999938607215881348e-01,-9.999983310699462891e-01,9.999991655349731445e-01,-9.999905228614807129e-01,-9.999867081642150879e-01,9.999990463256835938e-01,9.999971985816955566e-01,9.999892711639404297e-01,-9.999983310699462891e-01,-9.999964237213134766e-01,9.999990463256835938e-01,-9.999982714653015137e-01,9.999991059303283691e-01,-9.999985694885253906e-01,-9.999939203262329102e-01,9.999992847442626953e-01,-9.999989867210388184e-01,9.999991655349731445e-01,-9.999993443489074707e-01,-9.999940395355224609e-01,-9.999986886978149414e-01,-9.999992847442626953e-01,9.999971389770507812e-01,9.999991655349731445e-01,-9.999982714653015137e-01,9.999830722808837891e-01,-9.999968409538269043e-01,9.996646046638488770e-01,-9.999985694885253906e-01
-9.999984502792358398e-01,9.999983906745910645e-01,9.999879002571105957e-01,-9.999985098838806152e-01,-9.999991059303283691e-01,9.999986886978149414e-01,-9.999923110008239746e-01,-9.999991655349731445e-01,9.999973773956298828e-01,-9.999970793724060059e-01,9.999971389770507812e-01,9.999989867210388184e-01,-9.999984502792358398e-01,-9.999980926513671875e-01,-9.999581575393676758e-01,-9.999982118606567383e-01,-9.999982118606567383e-01,9.999986290931701660e-01,-9.999795556068420410e-01,9.999992251396179199e-01,9.999991059303283691e-01,-9.999877214431762695e-01,-9.999979138374328613e-01,-9.999987483024597168e-01,-9.999899864196777344e-01,-9.999992251396179199e-01,9.999986886978149414e-01,9.999991059303283691e-01,-9.999766945838928223e-01,9.999966621398925781e-01,9.999972581863403320e-01,9.999988675117492676e-01,-9.999964833259582520e-01,-9.999980926513671875e-01,9.999973177909851074e-01,9.999944567680358887e-01,-9.999991059303283691e-01,-9.999988675117492676e-01,-9.999942779541015625e-01,9.999989867210388184e-01,-9.999986886978149414e-01,9.999976754188537598e-01,-9.999452829360961914e-01,-9.999988079071044922e-01,-9.999972581863403320e-01,-9.999980330467224121e-01,-9.999959468841552734e-01,-9.999978542327880859e-01,-9.999989271163940430e-01,9.999987483024597168e-01,9.999988675117492676e-01,9.999976158142089844e-01,9.999987483024597168e-01,9.999919533729553223e-01,9.999962449073791504e-01,9.999981522560119629e-01,9.999982118606567383e-01,-9.999824762344360352e-01,-9.999979734420776367e-01,-9.999982118606567383e-01,9.999961256980895996e-01,-9.999991059303283691e-01,-9.999984502792358398e-01,-9.999959468841552734e-01,9.999962449073791504e-01,9.999989271163940430e-01,9.999991655349731445e-01,9.999944567680358887e-01,9.999985694885253906e-01,-9.999991059303283691e-01,9.999988675117492676e-01,-9.999980926513671875e-01,-9.999971985816955566e-01,9.999899864196777344e-01,-9.998590350151062012e-01,9.999983310699462891e-01,-9.999898672103881836e-01,-9.999985694885253906e-01,9.999911785125732422e-01,9.999977946281433105e-01,9.999150037765502930e-01,-9.999979734420776367e-01,9.999990463256835938e-01,-9.999814033508300781e-01,9.999986290931701660e-01,9.999856352806091309e-01,-9.999943971633911133e-01,-9.999988675117492676e-01,9.999819397926330566e-01,-9.999983310699462891e-01,9.999986290931701660e-01,-9.999985694885253906e-01,9.999768733978271484e-01,9.999985098838806152e-01,-9.999987483024597168e-01,9.999979734420776367e-01,9.999813437461853027e-01,-9.999991059303283691e-01,9.999990463256835938e-01,-9.999920725822448730e-01,9.999978542327880859e-01,-9.999988675117492676e-01,9.999879002571105957e-01,9.999831318855285645e-01,-9.999987483024597168e-01,-9.999964833259582520e-01,-9.999862909317016602e-01,9.999978542327880859e-01,9.999954700469970703e-01,-9.999986886978149414e-01,9.999979138374328613e-01,-9.999988079071044922e-01,9.999982714653015137e-01,9.999922513961791992e-01,-9.999992251396179199e-01,9.999986886978149414e-01,-9.999987483024597168e-01,9.999990463256835938e-01,9.999924302101135254e-01,9.999983310699462891e-01,9.999991059303283691e-01,-9.999964833259582520e-01,-9.999988079071044922e-01,9.999977946281433105e-01,-9.999784231185913086e-01,9.999958872795104980e-01,-9.995734691619873047e-01,9.999982118606567383e-01
9.999904036521911621e-01,-9.999904036521911621e-01,-9.999224543571472168e-01,9.999905228614807129e-01,9.999939203262329102e-01,-9.999923110008239746e-01,9.999506473541259766e-01,9.999945759773254395e-01,-9.999833106994628906e-01,9.999815821647644043e-01,-9.999819397926330566e-01,-9.999939799308776855e-01,9.999901056289672852e-01,9.999879002571105957e-01,9.997318983078002930e-01,9.999887347221374512e-01,9.999882578849792480e-01,-9.999913573265075684e-01,9.998688101768493652e-01,-9.999948740005493164e-01,-9.999942779541015625e-01,9.999212622642517090e-01,9.999877214431762695e-01,9.999920725822448730e-01,9.999364018440246582e-01,9.999948143959045410e-01,-9.999919533729553223e-01,-9.999941587448120117e-01,9.998502731323242188e-01,-9.999794960021972656e-01,-9.999827146530151367e-01,-9.999927282333374023e-01,9.999777674674987793e-01,9.999887943267822266e-01,-9.999830126762390137e-01,-9.999645352363586426e-01,9.999945163726806641e-01,9.999930858612060547e-01,9.999634623527526855e-01,-9.999938607215881348e-01,9.999917745590209961e-01,-9.999858140945434570e-01,9.996493458747863770e-01,9.999926686286926270e-01,9.999828338623046875e-01,9.999876022338867188e-01,9.999738931655883789e-01,9.999872446060180664e-01,9.999934434890747070e-01,-9.999924898147583008e-01,-9.999931454658508301e-01,-9.999850988388061523e-01,-9.999921917915344238e-01,-9.999480247497558594e-01,-9.999771118164062500e-01,-9.999881386756896973e-01,-9.999886751174926758e-01,9.998882412910461426e-01,9.999877810478210449e-01,9.999887347221374512e-01,-9.999756813049316406e-01,9.999942183494567871e-01,9.999909400939941406e-01,9.999746084213256836e-01,-9.999764561653137207e-01,-9.999935626983642578e-01,-9.999943971633911133e-01,-9.999643564224243164e-01,-9.999908804893493652e-01,9.999940395355224609e-01,-9.999927282333374023e-01,9.999880194664001465e-01,9.999823570251464844e-01,-9.999357461929321289e-01,9.990972876548767090e-01,-9.999896287918090820e-01,9.999351501464843750e-01,9.999914169311523438e-01,-9.999437928199768066e-01,-9.999862313270568848e-01,-9.994561076164245605e-01,9.999873042106628418e-01,-9.999935626983642578e-01,9.998813271522521973e-01,-9.999914765357971191e-01,-9.999073147773742676e-01,9.999641180038452148e-01,9.999932050704956055e-01,-9.998844861984252930e-01,9.999887347221374512e-01,-9.999911785125732422e-01,9.999914169311523438e-01,-9.998515248298645020e-01,-9.999907612800598145e-01,9.999922513961791992e-01,-9.999874234199523926e-01,-9.998805522918701172e-01,9.999941587448120117e-01,-9.999936223030090332e-01,9.999491572380065918e-01,-9.999865889549255371e-01,9.999928474426269531e-01,-9.999219775199890137e-01,-9.998915791511535645e-01,9.999920129776000977e-01,9.999777674674987793e-01,9.999119043350219727e-01,-9.999866485595703125e-01,-9.999712705612182617e-01,9.999920725822448730e-01,-9.999870061874389648e-01,9.999926090240478516e-01,-9.999892711639404297e-01,-9.999501109123229980e-01,9.999947547912597656e-01,-9.999918341636657715e-01,9.999920725822448730e-01,-9.999935030937194824e-01,-9.999514818191528320e-01,-9.999895691871643066e-01,-9.999938607215881348e-01,9.999777674674987793e-01,9.999929070472717285e-01,-9.999863505363464355e-01,9.998617172241210938e-01,-9.999737143516540527e-01,9.972721934318542480e-01,-9.999886751174926758e-01
9.999988675117492676e-01,-9.999989271163940430e-01,-9.999915361404418945e-01,9.999989867210388184e-01,9.999993443489074707e-01,-9.999991655349731445e-01,9.999945759773254395e-01,9.999994039535522461e-01,-9.999981522560119629e-01,9.999979734420776367e-01,-9.999980926513671875e-01,-9.999992847442626953e-01,9.999988675117492676e-01,9.999986290931701660e-01,9.999706149101257324e-01,9.999987483024597168e-01,9.999987483024597168e-01,-9.999992251396179199e-01,9.999856352806091309e-01,-9.999994635581970215e-01,-9.999994635581970215e-01,9.999914169311523438e-01,9.999986290931701660e-01,9.999991655349731445e-01,9.999930262565612793e-01,9.999994635581970215e-01,-9.999991655349731445e-01,-9.999994039535522461e-01,9.999835491180419922e-01,-9.999976754188537598e-01,-9.999980926513671875e-01,-9.999992251396179199e-01,9.999974966049194336e-01,9.999987483024597168e-01,-9.999980926513671875e-01,-9.999961853027343750e-01,9.999994039535522461e-01,9.999991655349731445e-01,9.999960660934448242e-01,-9.999993443489074707e-01,9.999991059303283691e-01,-9.999984502792358398e-01,9.999614953994750977e-01,9.999993443489074707e-01,9.999980926513671875e-01,9.999986290931701660e-01,9.999970793724060059e-01,9.999985694885253906e-01,9.999992847442626953e-01,-9.999992251396179199e-01,-9.999992847442626953e-01,-9.999983310699462891e-01,-9.999991655349731445e-01,-9.999943971633911133e-01,-9.999973773956298828e-01,-9.999986886978149414e-01,-9.999986886978149414e-01,9.999876618385314941e-01,9.999986290931701660e-01,9.999987483024597168e-01,-9.999973177909851074e-01,9.999994039535522461e-01,9.999990463256835938e-01,9.999972581863403320e-01,-9.999973773956298828e-01,-9.999993443489074707e-01,-9.999994039535522461e-01,-9.999960660934448242e-01,-9.999990463256835938e-01,9.999994635581970215e-01,-9.999991655349731445e-01,9.999985694885253906e-01,9.999980330467224121e-01,-9.999929666519165039e-01,9.999008178710937500e-01,-9.999988675117492676e-01,9.999929070472717285e-01,9.999991059303283691e-01,-9.999938607215881348e-01,-9.999984502792358398e-01,-9.999401569366455078e-01,9.999985694885253906e-01,-9.999994039535522461e-01,9.999870061874389648e-01,-9.999989867210388184e-01,-9.999899268150329590e-01,9.999960064888000488e-01,9.999992847442626953e-01,-9.999873042106628418e-01,9.999988079071044922e-01,-9.999991059303283691e-01,9.999991059303283691e-01,-9.999837875366210938e-01,-9.999989867210388184e-01,9.999991655349731445e-01,-9.999985694885253906e-01,-9.999868869781494141e-01,9.999994635581970215e-01,-9.999994039535522461e-01,9.999943971633911133e-01,-9.999985098838806152e-01,9.999992251396179199e-01,-9.999915361404418945e-01,-9.999881982803344727e-01,9.999991655349731445e-01,9.999974966049194336e-01,9.999904036521911621e-01,-9.999985098838806152e-01,-9.999969005584716797e-01,9.999991655349731445e-01,-9.999984502792358398e-01,9.999992847442626953e-01,-9.999987483024597168e-01,-9.999945163726806641e-01,9.999994039535522461e-01,-9.999991059303283691e-01,9.999991655349731445e-01,-9.999994039535522461e-01,-9.999947547912597656e-01,-9.999988079071044922e-01,-9.999994635581970215e-01,9.999974966049194336e-01,9.999992847442626953e-01,-9.999984502792358398e-01,9.999848604202270508e-01,-9.999970793724060059e-01,9.996999502182006836e-01,-9.999988079071044922e-01
-9.999966621398925781e-01,9.999966025352478027e-01,9.999737143516540527e-01,-9.999967813491821289e-01,-9.999979138374328613e-01,9.999973773956298828e-01,-9.999833106994628906e-01,-9.999981522560119629e-01,9.999943375587463379e-01,-9.999938011169433594e-01,9.999938607215881348e-01,9.999978542327880859e-01,-9.999966025352478027e-01,-9.999958872795104980e-01,-9.999089837074279785e-01,-9.999960660934448242e-01,-9.999960660934448242e-01,9.999970793724060059e-01,-9.999555349349975586e-01,9.999981522560119629e-01,9.999979734420776367e-01,-9.999734163284301758e-01,-9.999957680702209473e-01,-9.999972581863403320e-01,-9.999784231185913086e-01,-9.999982118606567383e-01,9.999971985816955566e-01,9.999980926513671875e-01,-9.999490380287170410e-01,9.999930262565612793e-01,9.999940991401672363e-01,9.999974966049194336e-01,-9.999925494194030762e-01,-9.999962449073791504e-01,9.999942183494567871e-01,9.999880790710449219e-01,-9.999980926513671875e-01,-9.999975562095642090e-01,-9.999876618385314941e-01,9.999977946281433105e-01,-9.999971389770507812e-01,9.999951720237731934e-01,-9.998810291290283203e-01,-9.999974966049194336e-01,-9.999940395355224609e-01,-9.999957680702209473e-01,-9.999911189079284668e-01,-9.999955892562866211e-01,-9.999976754188537598e-01,9.999973773956298828e-01,9.999975562095642090e-01,9.999948740005493164e-01,9.999973177909851074e-01,9.999824166297912598e-01,9.999922513961791992e-01,9.999960064888000488e-01,9.999961256980895996e-01,-9.999620318412780762e-01,-9.999957680702209473e-01,-9.999960660934448242e-01,9.999917149543762207e-01,-9.999980926513671875e-01,-9.999969005584716797e-01,-9.999914169311523438e-01,9.999919533729553223e-01,9.999977946281433105e-01,9.999981522560119629e-01,9.999879002571105957e-01,9.999968409538269043e-01,-9.999979138374328613e-01,9.999974370002746582e-01,-9.999959468841552734e-01,-9.999940991401672363e-01,9.999782443046569824e-01,-9.996934533119201660e-01,9.999964237213134766e-01,-9.999780058860778809e-01,-9.999970197677612305e-01,9.999809861183166504e-01,9.999952912330627441e-01,9.998154044151306152e-01,-9.999956488609313965e-01,9.999977946281433105e-01,-9.999597072601318359e-01,9.999970793724060059e-01,9.999687075614929199e-01,-9.999878406524658203e-01,-9.999976158142089844e-01,9.999607801437377930e-01,-9.999961853027343750e-01,9.999969005584716797e-01,-9.999969005584716797e-01,9.999495744705200195e-01,9.999967813491821289e-01,-9.999973177909851074e-01,9.999957084655761719e-01,9.999594092369079590e-01,-9.999979734420776367e-01,9.999977946281433105e-01,-9.999827146530151367e-01,9.999954104423522949e-01,-9.999975562095642090e-01,9.999735355377197266e-01,9.999631643295288086e-01,-9.999971985816955566e-01,-9.999924302101135254e-01,-9.999701380729675293e-01,9.999954104423522949e-01,9.999902844429016113e-01,-9.999972581863403320e-01,9.999955296516418457e-01,-9.999974966049194336e-01,9.999963045120239258e-01,9.999831318855285645e-01,-9.999980926513671875e-01,9.999971389770507812e-01,-9.999973177909851074e-01,9.999977350234985352e-01,9.999836087226867676e-01,9.999963641166687012e-01,9.999977946281433105e-01,-9.999924302101135254e-01,-9.999975562095642090e-01,9.999953508377075195e-01,-9.999530315399169922e-01,9.999910593032836914e-01,-9.990726709365844727e-01,9.999960660934448242e-01
9.999963045120239258e-01,-9.999963641166687012e-01,-9.999709725379943848e-01,9.999964833259582520e-01,9.999977350234985352e-01,-9.999970793724060059e-01,9.999815821647644043e-01,9.999979734420776367e-01,-9.999938011169433594e-01,9.999931454658508301e-01,-9.999932646751403809e-01,-9.999977350234985352e-01,9.999963045120239258e-01,9.999955296516418457e-01,9.998995065689086914e-01,9.999958872795104980e-01,9.999957084655761719e-01,-9.999967813491821289e-01,9.999508261680603027e-01,-9.999980330467224121e-01,-9.999978542327880859e-01,9.999706149101257324e-01,9.999954104423522949e-01,9.999970197677612305e-01,9.999761581420898438e-01,9.999979734420776367e-01,-9.999969005584716797e-01,-9.999978542327880859e-01,9.999437928199768066e-01,-9.999923110008239746e-01,-9.999935030937194824e-01,-9.999973177909851074e-01,9.999917149543762207e-01,9.999958276748657227e-01,-9.999937415122985840e-01,-9.999867081642150879e-01,9.999979138374328613e-01,9.999973177909851074e-01,9.999862909317016602e-01,-9.999976158142089844e-01,9.999968409538269043e-01,-9.999946951866149902e-01,9.998685717582702637e-01,9.999972581863403320e-01,9.999935626983642578e-01,9.999954104423522949e-01,9.999902248382568359e-01,9.999952316284179688e-01,9.999975562095642090e-01,-9.999970793724060059e-01,-9.999973773956298828e-01,-9.999944567680358887e-01,-9.999970197677612305e-01,-9.999805688858032227e-01,-9.999914169311523438e-01,-9.999955892562866211e-01,-9.999957680702209473e-01,9.999580383300781250e-01,9.999954104423522949e-01,9.999958276748657227e-01,-9.999908804893493652e-01,9.999977946281433105e-01,9.999966621398925781e-01,9.999905228614807129e-01,-9.999911189079284668e-01,-9.999975562095642090e-01,-9.999978542327880859e-01,-9.999866485595703125e-01,-9.999964833259582520e-01,9.999977350234985352e-01,-9.999972581863403320e-01,9.999954700469970703e-01,9.999934434890747070e-01,-9.999759793281555176e-01,9.996613860130310059e-01,-9.999961256980895996e-01,9.999758005142211914e-01,9.999967217445373535e-01,-9.999790191650390625e-01,-9.999948143959045410e-01,-9.997960329055786133e-01,9.999952316284179688e-01,-9.999976158142089844e-01,9.999554753303527832e-01,-9.999967217445373535e-01,-9.999652504920959473e-01,9.999865293502807617e-01,9.999974370002746582e-01,-9.999566078186035156e-01,9.999958276748657227e-01,-9.999966621398925781e-01,9.999967217445373535e-01,-9.999442696571350098e-01,-9.999964833259582520e-01,9.999970793724060059e-01,-9.999952912330627441e-01,-9.999552369117736816e-01,9.999978542327880859e-01,-9.999975562095642090e-01,9.999809861183166504e-01,-9.999949932098388672e-01,9.999973773956298828e-01,-9.999707937240600586e-01,-9.999594092369079590e-01,9.999969601631164551e-01,9.999917149543762207e-01,9.999669790267944336e-01,-9.999950528144836426e-01,-9.999892711639404297e-01,9.999969601631164551e-01,-9.999951124191284180e-01,9.999971985816955566e-01,-9.999958872795104980e-01,-9.999813437461853027e-01,9.999979734420776367e-01,-9.999969601631164551e-01,9.999970197677612305e-01,-9.999975562095642090e-01,-9.999818801879882812e-01,-9.999960064888000488e-01,-9.999977350234985352e-01,9.999917149543762207e-01,9.999973773956298828e-01,-9.999948740005493164e-01,9.999480843544006348e-01,-9.999901056289672852e-01,9.989754557609558105e-01,-9.999957680702209473e-01
-9.999963641166687012e-01,9.999964833259582520e-01,9.999714493751525879e-01,-9.999965429306030273e-01,-9.999977946281433105e-01,9.999971389770507812e-01,-9.999819397926330566e-01,-9.999980926513671875e-01,9.999938607215881348e-01,-9.999932646751403809e-01,9.999933838844299316e-01,9.999978542327880859e-01,-9.999963641166687012e-01,-9.999956488609313965e-01,-9.999012947082519531e-01,-9.999959468841552734e-01,-9.999957680702209473e-01,9.999968409538269043e-01,-9.999517202377319336e-01,9.999980926513671875e-01,9.999979734420776367e-01,-9.999711513519287109e-01,-9.999954700469970703e-01,-9.999970793724060059e-01,-9.999766349792480469e-01,-9.999981522560119629e-01,9.999970197677612305e-01,9.999979138374328613e-01,-9.999448060989379883e-01,9.999924302101135254e-01,9.999937415122985840e-01,9.999973773956298828e-01,-9.999918937683105469e-01,-9.999958872795104980e-01,9.999938607215881348e-01,9.999869465827941895e-01,-9.999979734420776367e-01,-9.999973773956298828e-01,-9.999866485595703125e-01,9.999976754188537598e-01,-9.999969005584716797e-01,9.999947547912597656e-01,-9.998708963394165039e-01,-9.999973177909851074e-01,-9.999937415122985840e-01,-9.999954700469970703e-01,-9.999904036521911621e-01,-9.999953508377075195e-01,-9.999976158142089844e-01,9.999971389770507812e-01,9.999974966049194336e-01,9.999945163726806641e-01,9.999970793724060059e-01,9.999809265136718750e-01,9.999915957450866699e-01,9.999957084655761719e-01,9.999958276748657227e-01,-9.999587535858154297e-01,-9.999955892562866211e-01,-9.999958872795104980e-01,9.999911189079284668e-01,-9.999979138374328613e-01,-9.999966025352478027e-01,-9.999907016754150391e-01,9.999914169311523438e-01,9.999976754188537598e-01,9.999979734420776367e-01,9.999870061874389648e-01,9.999965429306030273e-01,-9.999977946281433105e-01,9.999973773956298828e-01,-9.999955892562866211e-01,-9.999935626983642578e-01,9.999763965606689453e-01,-9.996674060821533203e-01,9.999962449073791504e-01,-9.999762177467346191e-01,-9.999967813491821289e-01,9.999793767929077148e-01,9.999949336051940918e-01,9.997997283935546875e-01,-9.999953508377075195e-01,9.999977350234985352e-01,-9.999562501907348633e-01,9.999967813491821289e-01,9.999659657478332520e-01,-9.999867677688598633e-01,-9.999974966049194336e-01,9.999574422836303711e-01,-9.999959468841552734e-01,9.999967217445373535e-01,-9.999967813491821289e-01,9.999453425407409668e-01,9.999966621398925781e-01,-9.999971985816955566e-01,9.999954104423522949e-01,9.999559521675109863e-01,-9.999978542327880859e-01,9.999976158142089844e-01,-9.999814033508300781e-01,9.999951124191284180e-01,-9.999974370002746582e-01,9.999713897705078125e-01,9.999601244926452637e-01,-9.999970793724060059e-01,-9.999918937683105469e-01,-9.999676346778869629e-01,9.999951124191284180e-01,9.999894499778747559e-01,-9.999970197677612305e-01,9.999952316284179688e-01,-9.999972581863403320e-01,9.999960064888000488e-01,9.999817609786987305e-01,-9.999980330467224121e-01,9.999969601631164551e-01,-9.999970793724060059e-01,9.999976158142089844e-01,9.999822378158569336e-01,9.999961853027343750e-01,9.999977946281433105e-01,-9.999918341636657715e-01,-9.999973177909851074e-01,9.999949932098388672e-01,-9.999490976333618164e-01,9.999903440475463867e-01,-9.989938139915466309e-01,9.999958872795104980e-01
-9.999987483024597168e-01,9.999987483024597168e-01,9.999905824661254883e-01,-9.999988079071044922e-01,-9.999992251396179199e-01,9.999989867210388184e-01,-9.999939799308776855e-01,-9.999992847442626953e-01,9.999978542327880859e-01,-9.999977350234985352e-01,9.999978542327880859e-01,9.999992251396179199e-01,-9.999987483024597168e-01,-9.999985098838806152e-01,-9.999673366546630859e-01,-9.999985694885253906e-01,-9.999986290931701660e-01,9.999989271163940430e-01,-9.999842047691345215e-01,9.999993443489074707e-01,9.999993443489074707e-01,-9.999904632568359375e-01,-9.999983906745910645e-01,-9.999990463256835938e-01,-9.999921321868896484e-01,-9.999994039535522461e-01,9.999990463256835938e-01,9.999993443489074707e-01,-9.999818205833435059e-01,9.999973773956298828e-01,9.999977946281433105e-01,9.999990463256835938e-01,-9.999972581863403320e-01,-9.999986290931701660e-01,9.999979138374328613e-01,9.999956488609313965e-01,-9.999992847442626953e-01,-9.999991059303283691e-01,-9.999955296516418457e-01,9.999991655349731445e-01,-9.999989867210388184e-01,9.999981522560119629e-01,-9.999572634696960449e-01,-9.999990463256835938e-01,-9.999978542327880859e-01,-9.999983906745910645e-01,-9.999966621398925781e-01,-9.999983310699462891e-01,-9.999991655349731445e-01,9.999991059303283691e-01,9.999991059303283691e-01,9.999981522560119629e-01,9.999991059303283691e-01,9.999936819076538086e-01,9.999971985816955566e-01,9.999985694885253906e-01,9.999985098838806152e-01,-9.999863505363464355e-01,-9.999983906745910645e-01,-9.999986290931701660e-01,9.999969005584716797e-01,-9.999993443489074707e-01,-9.999988079071044922e-01,-9.999968409538269043e-01,9.999970793724060059e-01,9.999992251396179199e-01,9.999993443489074707e-01,9.999955892562866211e-01,9.999988675117492676e-01,-9.999992847442626953e-01,9.999991655349731445e-01,-9.999984502792358398e-01,-9.999977946281433105e-01,9.999921917915344238e-01,-9.998900890350341797e-01,9.999986886978149414e-01,-9.999921321868896484e-01,-9.999988675117492676e-01,9.999930858612060547e-01,9.999982714653015137e-01,9.999337792396545410e-01,-9.999983310699462891e-01,9.999992251396179199e-01,-9.999855756759643555e-01,9.999988675117492676e-01,9.999887347221374512e-01,-9.999956488609313965e-01,-9.999991059303283691e-01,9.999858736991882324e-01,-9.999985694885253906e-01,9.999988675117492676e-01,-9.999988675117492676e-01,9.999819993972778320e-01,9.999988675117492676e-01,-9.999989867210388184e-01,9.999983310699462891e-01,9.999855160713195801e-01,-9.999992251396179199e-01,9.999992251396179199e-01,-9.999938011169433594e-01,9.999983310699462891e-01,-9.999991655349731445e-01,9.999905228614807129e-01,9.999867081642150879e-01,-9.999989271163940430e-01,-9.999971985816955566e-01,-9.999893307685852051e-01,9.999983310699462891e-01,9.999964237213134766e-01,-9.999990463256835938e-01,9.999983310699462891e-01,-9.999991059303283691e-01,9.999985694885253906e-01,9.999939799308776855e-01,-9.999992847442626953e-01,9.999989867210388184e-01,-9.999990463256835938e-01,9.999992251396179199e-01,9.999940991401672363e-01,9.999986290931701660e-01,9.999992847442626953e-01,-9.999971985816955566e-01,-9.999991655349731445e-01,9.999982118606567383e-01,-9.999831318855285645e-01,9.999967217445373535e-01,-9.996677041053771973e-01,9.999985694885253906e-01
