9.999981522560119629e-01,-9.999983310699462891e-01,-9.999860525131225586e-01,9.999980926513671875e-01,9.999988675117492676e-01,-9.999985694885253906e-01,9.999949336051940918e-01,9.999989867210388184e-01,-9.999970793724060059e-01,9.999971389770507812e-01,-9.999980330467224121e-01,-9.999988675117492676e-01,9.999980330467224121e-01,9.999980330467224121e-01,9.999679327011108398e-01,9.999974370002746582e-01,9.999975562095642090e-01,-9.999985098838806152e-01,9.999903440475463867e-01,-9.999989271163940430e-01,-9.999988675117492676e-01,9.999852180480957031e-01,9.999980330467224121e-01,9.999983310699462891e-01,9.999895095825195312e-01,9.999989867210388184e-01,-9.999984502792358398e-01,-9.999989271163940430e-01,9.999771714210510254e-01,-9.999960660934448242e-01,-9.999946355819702148e-01,-9.999985098838806152e-01,9.999935030937194824e-01,9.999974370002746582e-01,-9.999965429306030273e-01,-9.999873042106628418e-01,9.999989867210388184e-01,9.999986886978149414e-01,9.999926686286926270e-01,-9.999989271163940430e-01,9.999984502792358398e-01,-9.999969601631164551e-01,9.999516606330871582e-01,9.999986886978149414e-01,9.999976754188537598e-01,9.999979734420776367e-01,9.999833106994628906e-01,9.999979734420776367e-01,9.999987483024597168e-01,-9.999985098838806152e-01,-9.999985694885253906e-01,-9.999974966049194336e-01,-9.999986290931701660e-01,-9.999907016754150391e-01,-9.999964833259582520e-01,-9.999979734420776367e-01,-9.999973773956298828e-01,9.999151825904846191e-01,9.999977946281433105e-01,9.999980926513671875e-01,-9.999973177909851074e-01,9.999988675117492676e-01,9.999982118606567383e-01,9.999947547912597656e-01,-9.999955296516418457e-01,-9.999987483024597168e-01,-9.999989271163940430e-01,-9.999942779541015625e-01,-9.999986290931701660e-01,9.999986886978149414e-01,-9.999986290931701660e-01,9.999979734420776367e-01,9.999964833259582520e-01,-9.999907016754150391e-01,-9.998220205307006836e-01,-9.999981522560119629e-01,9.999918937683105469e-01,9.999986290931701660e-01,-9.999915957450866699e-01,-9.999967217445373535e-01,-9.999618530273437500e-01,9.999974370002746582e-01,-9.999987483024597168e-01,9.999948143959045410e-01,-9.999982714653015137e-01,-9.999839663505554199e-01,9.999909400939941406e-01,9.999988079071044922e-01,-9.997296333312988281e-01,9.999967813491821289e-01,-9.999980330467224121e-01,9.999983906745910645e-01,-9.999746680259704590e-01,-9.999980330467224121e-01,9.999983906745910645e-01,-9.999978542327880859e-01,-9.999908208847045898e-01,9.999988079071044922e-01,-9.999987483024597168e-01,9.999887943267822266e-01,-9.999971389770507812e-01,9.999985694885253906e-01,-9.999777078628540039e-01,-9.999744892120361328e-01,9.999985098838806152e-01,9.999968409538269043e-01,9.999338388442993164e-01,-9.999976754188537598e-01,-9.999942779541015625e-01,9.999985694885253906e-01,-9.999978542327880859e-01,9.999985098838806152e-01,-9.999979138374328613e-01,-9.999873638153076172e-01,9.999989867210388184e-01,-9.999983310699462891e-01,9.999987483024597168e-01,-9.999985694885253906e-01,-9.999938607215881348e-01,-9.999980926513671875e-01,-9.999988079071044922e-01,9.999955892562866211e-01,9.999985694885253906e-01,-9.999974370002746582e-01,5.271983742713928223e-01,-9.999954700469970703e-01,9.999846220016479492e-01,-9.999975562095642090e-01
-9.999983310699462891e-01,9.999986290931701660e-01,9.999880790710449219e-01,-9.999983906745910645e-01,-9.999990463256835938e-01,9.999987483024597168e-01,-9.999956488609313965e-01,-9.999991655349731445e-01,9.999974370002746582e-01,-9.999974966049194336e-01,9.999983310699462891e-01,9.999989271163940430e-01,-9.999983310699462891e-01,-9.999983310699462891e-01,-9.999726414680480957e-01,-9.999977946281433105e-01,-9.999978542327880859e-01,9.999986886978149414e-01,-9.999917149543762207e-01,9.999991059303283691e-01,9.999991059303283691e-01,-9.999873042106628418e-01,-9.999983906745910645e-01,-9.999985694885253906e-01,-9.999909400939941406e-01,-9.999990463256835938e-01,9.999986886978149414e-01,9.999991059303283691e-01,-9.999803900718688965e-01,9.999966025352478027e-01,9.999954104423522949e-01,9.999986290931701660e-01,-9.999945163726806641e-01,-9.999977350234985352e-01,9.999969601631164551e-01,9.999891519546508789e-01,-9.999991655349731445e-01,-9.999988079071044922e-01,-9.999936223030090332e-01,9.999990463256835938e-01,-9.999985694885253906e-01,9.999973773956298828e-01,-9.999586939811706543e-01,-9.999988675117492676e-01,-9.999979734420776367e-01,-9.999982714653015137e-01,-9.999857544898986816e-01,-9.999983310699462891e-01,-9.999989271163940430e-01,9.999987483024597168e-01,9.999988079071044922e-01,9.999978542327880859e-01,9.999988079071044922e-01,9.999920725822448730e-01,9.999969601631164551e-01,9.999982714653015137e-01,9.999977350234985352e-01,-9.999275803565979004e-01,-9.999980926513671875e-01,-9.999983906745910645e-01,9.999976754188537598e-01,-9.999991059303283691e-01,-9.999984502792358398e-01,-9.999955892562866211e-01,9.999961853027343750e-01,9.999989271163940430e-01,9.999991655349731445e-01,9.999951124191284180e-01,9.999987483024597168e-01,-9.999988079071044922e-01,9.999988675117492676e-01,-9.999982714653015137e-01,-9.999970197677612305e-01,9.999918937683105469e-01,9.998478889465332031e-01,9.999983906745910645e-01,-9.999931454658508301e-01,-9.999988079071044922e-01,9.999927878379821777e-01,9.999971985816955566e-01,9.999672770500183105e-01,-9.999977350234985352e-01,9.999989271163940430e-01,-9.999955892562866211e-01,9.999985098838806152e-01,9.999862909317016602e-01,-9.999922513961791992e-01,-9.999989271163940430e-01,9.997689723968505859e-01,-9.999972581863403320e-01,9.999983310699462891e-01,-9.999985694885253906e-01,9.999783039093017578e-01,9.999982118606567383e-01,-9.999986886978149414e-01,9.999981522560119629e-01,9.999921917915344238e-01,-9.999989867210388184e-01,9.999989271163940430e-01,-9.999904036521911621e-01,9.999975562095642090e-01,-9.999986886978149414e-01,9.999808669090270996e-01,9.999781250953674316e-01,-9.999986886978149414e-01,-9.999972581863403320e-01,-9.999434351921081543e-01,9.999980330467224121e-01,9.999949932098388672e-01,-9.999986290931701660e-01,9.999981522560119629e-01,-9.999986886978149414e-01,9.999983310699462891e-01,9.999892115592956543e-01,-9.999990463256835938e-01,9.999985694885253906e-01,-9.999989271163940430e-01,9.999988079071044922e-01,9.999946951866149902e-01,9.999983906745910645e-01,9.999989867210388184e-01,-9.999961853027343750e-01,-9.999987483024597168e-01,9.999977946281433105e-01,-5.273017287254333496e-01,9.999960064888000488e-01,-9.999867677688598633e-01,9.999978542327880859e-01
-9.999860525131225586e-01,9.999880790710449219e-01,9.998943805694580078e-01,-9.999864697456359863e-01,-9.999913573265075684e-01,9.999897480010986328e-01,-9.999606013298034668e-01,-9.999921917915344238e-01,9.999783039093017578e-01,-9.999784827232360840e-01,9.999851584434509277e-01,9.999913573265075684e-01,-9.999854564666748047e-01,-9.999851584434509277e-01,-9.997559785842895508e-01,-9.999812245368957520e-01,-9.999822974205017090e-01,9.999892711639404297e-01,-9.999262094497680664e-01,9.999925494194030762e-01,9.999916553497314453e-01,-9.998873472213745117e-01,-9.999859929084777832e-01,-9.999883174896240234e-01,-9.999194145202636719e-01,-9.999922513961791992e-01,9.999884366989135742e-01,9.999914765357971191e-01,-9.998258352279663086e-01,9.999703168869018555e-01,9.999592304229736328e-01,9.999887943267822266e-01,-9.999511241912841797e-01,-9.999808669090270996e-01,9.999741911888122559e-01,9.999034404754638672e-01,-9.999921321868896484e-01,-9.999894499778747559e-01,-9.999440312385559082e-01,9.999912977218627930e-01,-9.999883174896240234e-01,9.999771714210510254e-01,-9.996330738067626953e-01,-9.999900460243225098e-01,-9.999822974205017090e-01,-9.999848008155822754e-01,-9.998726248741149902e-01,-9.999854564666748047e-01,-9.999905824661254883e-01,9.999890327453613281e-01,9.999899864196777344e-01,9.999813437461853027e-01,9.999897480010986328e-01,9.999292492866516113e-01,9.999735355377197266e-01,9.999848008155822754e-01,9.999802112579345703e-01,-9.993552565574645996e-01,-9.999833703041076660e-01,-9.999866485595703125e-01,9.999799728393554688e-01,-9.999917149543762207e-01,-9.999865293502807617e-01,-9.999607205390930176e-01,9.999663829803466797e-01,9.999908208847045898e-01,9.999922513961791992e-01,9.999565482139587402e-01,9.999896287918090820e-01,-9.999907016754150391e-01,9.999898672103881836e-01,-9.999847412109375000e-01,-9.999737143516540527e-01,9.999289512634277344e-01,9.986470341682434082e-01,9.999861121177673340e-01,-9.999387860298156738e-01,-9.999895691871643066e-01,9.999358057975769043e-01,9.999762177467346191e-01,9.997097849845886230e-01,-9.999807476997375488e-01,9.999907612800598145e-01,-9.999605417251586914e-01,9.999868869781494141e-01,9.998778700828552246e-01,-9.999308586120605469e-01,-9.999910593032836914e-01,9.979465603828430176e-01,-9.999759793281555176e-01,9.999852776527404785e-01,-9.999872446060180664e-01,9.998063445091247559e-01,9.999851584434509277e-01,-9.999886155128479004e-01,9.999837279319763184e-01,9.999301433563232422e-01,-9.999916553497314453e-01,9.999905228614807129e-01,-9.999144077301025391e-01,9.999786615371704102e-01,-9.999898076057434082e-01,9.998300671577453613e-01,9.998056292533874512e-01,-9.999886155128479004e-01,-9.999763965606689453e-01,-9.994968771934509277e-01,9.999825954437255859e-01,9.999564886093139648e-01,-9.999887943267822266e-01,9.999839663505554199e-01,-9.999889731407165527e-01,9.999853968620300293e-01,9.999038577079772949e-01,-9.999923110008239746e-01,9.999872446060180664e-01,-9.999903440475463867e-01,9.999900460243225098e-01,9.999525547027587891e-01,9.999857544898986816e-01,9.999909996986389160e-01,-9.999664425849914551e-01,-9.999894499778747559e-01,9.999805688858032227e-01,-5.225411653518676758e-01,9.999649524688720703e-01,-9.998828172683715820e-01,9.999811649322509766e-01
9.999980926513671875e-01,-9.999983906745910645e-01,-9.999864697456359863e-01,9.999982118606567383e-01,9.999988675117492676e-01,-9.999986886978149414e-01,9.999949932098388672e-01,9.999989867210388184e-01,-9.999971985816955566e-01,9.999971985816955566e-01,-9.999980926513671875e-01,-9.999988079071044922e-01,9.999980926513671875e-01,9.999980926513671875e-01,9.999687075614929199e-01,9.999974966049194336e-01,9.999976158142089844e-01,-9.999985098838806152e-01,9.999904632568359375e-01,-9.999989867210388184e-01,-9.999989271163940430e-01,9.999855756759643555e-01,9.999980926513671875e-01,9.999985098838806152e-01,9.999896883964538574e-01,9.999990463256835938e-01,-9.999985098838806152e-01,-9.999988675117492676e-01,9.999775886535644531e-01,-9.999961256980895996e-01,-9.999948143959045410e-01,-9.999984502792358398e-01,9.999937415122985840e-01,9.999974966049194336e-01,-9.999966621398925781e-01,-9.999876022338867188e-01,9.999989867210388184e-01,9.999986290931701660e-01,9.999927282333374023e-01,-9.999988079071044922e-01,9.999983906745910645e-01,-9.999970197677612305e-01,9.999528527259826660e-01,9.999986886978149414e-01,9.999976754188537598e-01,9.999980330467224121e-01,9.999836087226867676e-01,9.999979734420776367e-01,9.999987483024597168e-01,-9.999985694885253906e-01,-9.999986290931701660e-01,-9.999975562095642090e-01,-9.999986886978149414e-01,-9.999908804893493652e-01,-9.999965429306030273e-01,-9.999980330467224121e-01,-9.999973773956298828e-01,9.999172091484069824e-01,9.999977946281433105e-01,9.999982714653015137e-01,-9.999973773956298828e-01,9.999988675117492676e-01,9.999982714653015137e-01,9.999948740005493164e-01,-9.999956488609313965e-01,-9.999988079071044922e-01,-9.999989867210388184e-01,-9.999943375587463379e-01,-9.999986290931701660e-01,9.999986290931701660e-01,-9.999986886978149414e-01,9.999980330467224121e-01,9.999966025352478027e-01,-9.999908208847045898e-01,-9.998260140419006348e-01,-9.999982118606567383e-01,9.999920129776000977e-01,9.999985694885253906e-01,-9.999917745590209961e-01,-9.999968409538269043e-01,-9.999626278877258301e-01,9.999974370002746582e-01,-9.999988675117492676e-01,9.999948740005493164e-01,-9.999982118606567383e-01,-9.999843239784240723e-01,9.999910593032836914e-01,9.999987483024597168e-01,-9.997357130050659180e-01,9.999968409538269043e-01,-9.999979734420776367e-01,9.999983310699462891e-01,-9.999751448631286621e-01,-9.999979734420776367e-01,9.999985098838806152e-01,-9.999978542327880859e-01,-9.999910593032836914e-01,9.999988079071044922e-01,-9.999987483024597168e-01,9.999890327453613281e-01,-9.999971985816955566e-01,9.999986290931701660e-01,-9.999781250953674316e-01,-9.999750852584838867e-01,9.999984502792358398e-01,9.999968409538269043e-01,9.999353289604187012e-01,-9.999977350234985352e-01,-9.999943375587463379e-01,9.999985098838806152e-01,-9.999979138374328613e-01,9.999984502792358398e-01,-9.999980926513671875e-01,-9.999876618385314941e-01,9.999990463256835938e-01,-9.999983310699462891e-01,9.999986886978149414e-01,-9.999985694885253906e-01,-9.999939203262329102e-01,-9.999981522560119629e-01,-9.999988079071044922e-01,9.999956488609313965e-01,9.999986290931701660e-01,-9.999974370002746582e-01,5.272145271301269531e-01,-9.999954700469970703e-01,9.999849796295166016e-01,-9.999975562095642090e-01
9.999988675117492676e-01,-9.999990463256835938e-01,-9.999913573265075684e-01,9.999988675117492676e-01,9.999993443489074707e-01,-9.999992847442626953e-01,9.999968409538269043e-01,9.999994039535522461e-01,-9.999983310699462891e-01,9.999982118606567383e-01,-9.999988675117492676e-01,-9.999993443489074707e-01,9.999988675117492676e-01,9.999988675117492676e-01,9.999801516532897949e-01,9.999984502792358398e-01,9.999985098838806152e-01,-9.999991655349731445e-01,9.999940395355224609e-01,-9.999994039535522461e-01,-9.999994039535522461e-01,9.999908208847045898e-01,9.999988675117492676e-01,9.999991059303283691e-01,9.999935030937194824e-01,9.999994635581970215e-01,-9.999991059303283691e-01,-9.999994039535522461e-01,9.999858140945434570e-01,-9.999975562095642090e-01,-9.999967217445373535e-01,-9.999991059303283691e-01,9.999959468841552734e-01,9.999985098838806152e-01,-9.999978542327880859e-01,-9.999921321868896484e-01,9.999994039535522461e-01,9.999991655349731445e-01,9.999954104423522949e-01,-9.999994039535522461e-01,9.999991059303283691e-01,-9.999982118606567383e-01,9.999700188636779785e-01,9.999993443489074707e-01,9.999985098838806152e-01,9.999988079071044922e-01,9.999896287918090820e-01,9.999988079071044922e-01,9.999992847442626953e-01,-9.999991655349731445e-01,-9.999992251396179199e-01,-9.999984502792358398e-01,-9.999992251396179199e-01,-9.999942183494567871e-01,-9.999978542327880859e-01,-9.999988079071044922e-01,-9.999983906745910645e-01,9.999473690986633301e-01,9.999986290931701660e-01,9.999988675117492676e-01,-9.999983310699462891e-01,9.999994039535522461e-01,9.999989271163940430e-01,9.999967217445373535e-01,-9.999973177909851074e-01,-9.999993443489074707e-01,-9.999994635581970215e-01,-9.999964833259582520e-01,-9.999991655349731445e-01,9.999991655349731445e-01,-9.999992847442626953e-01,9.999987483024597168e-01,9.999979138374328613e-01,-9.999942183494567871e-01,-9.998892545700073242e-01,-9.999988675117492676e-01,9.999949932098388672e-01,9.999991655349731445e-01,-9.999948143959045410e-01,-9.999980330467224121e-01,-9.999763369560241699e-01,9.999983906745910645e-01,-9.999993443489074707e-01,9.999968409538269043e-01,-9.999989271163940430e-01,-9.999901056289672852e-01,9.999944567680358887e-01,9.999992847442626953e-01,-9.998318552970886230e-01,9.999980330467224121e-01,-9.999988079071044922e-01,9.999989867210388184e-01,-9.999842047691345215e-01,-9.999988675117492676e-01,9.999991059303283691e-01,-9.999987483024597168e-01,-9.999943971633911133e-01,9.999993443489074707e-01,-9.999992847442626953e-01,9.999930262565612793e-01,-9.999982118606567383e-01,9.999991059303283691e-01,-9.999861121177673340e-01,-9.999841451644897461e-01,9.999992251396179199e-01,9.999980330467224121e-01,9.999589920043945312e-01,-9.999986290931701660e-01,-9.999964237213134766e-01,9.999991059303283691e-01,-9.999987483024597168e-01,9.999992251396179199e-01,-9.999988675117492676e-01,-9.999921321868896484e-01,9.999994635581970215e-01,-9.999989271163940430e-01,9.999992251396179199e-01,-9.999992251396179199e-01,-9.999960660934448242e-01,-9.999988079071044922e-01,-9.999992847442626953e-01,9.999973177909851074e-01,9.999992847442626953e-01,-9.999983906745910645e-01,5.274672508239746094e-01,-9.999971985816955566e-01,9.999904632568359375e-01,-9.999984502792358398e-01
-9.999985694885253906e-01,9.999987483024597168e-01,9.999897480010986328e-01,-9.999986886978149414e-01,-9.999992847442626953e-01,9.999989867210388184e-01,-9.999961256980895996e-01,-9.999992847442626953e-01,9.999979138374328613e-01,-9.999977946281433105e-01,9.999985098838806152e-01,9.999991655349731445e-01,-9.999986290931701660e-01,-9.999985098838806152e-01,-9.999762773513793945e-01,-9.999980330467224121e-01,-9.999981522560119629e-01,9.999989271163940430e-01,-9.999928474426269531e-01,9.999992251396179199e-01,9.999992251396179199e-01,-9.999889731407165527e-01,-9.999985098838806152e-01,-9.999988079071044922e-01,-9.999922513961791992e-01,-9.999992847442626953e-01,9.999988675117492676e-01,9.999992251396179199e-01,-9.999830722808837891e-01,9.999970793724060059e-01,9.999960064888000488e-01,9.999988079071044922e-01,-9.999952316284179688e-01,-9.999980926513671875e-01,9.999974370002746582e-01,9.999907016754150391e-01,-9.999993443489074707e-01,-9.999990463256835938e-01,-9.999945759773254395e-01,9.999991655349731445e-01,-9.999988675117492676e-01,9.999977350234985352e-01,-9.999642372131347656e-01,-9.999990463256835938e-01,-9.999982714653015137e-01,-9.999985694885253906e-01,-9.999875426292419434e-01,-9.999985694885253906e-01,-9.999991059303283691e-01,9.999988675117492676e-01,9.999990463256835938e-01,9.999981522560119629e-01,9.999991655349731445e-01,9.999931454658508301e-01,9.999974370002746582e-01,9.999985098838806152e-01,9.999979138374328613e-01,-9.999372959136962891e-01,-9.999983906745910645e-01,-9.999986290931701660e-01,9.999979138374328613e-01,-9.999991059303283691e-01,-9.999986886978149414e-01,-9.999961256980895996e-01,9.999966621398925781e-01,9.999991655349731445e-01,9.999993443489074707e-01,9.999957680702209473e-01,9.999989867210388184e-01,-9.999990463256835938e-01,9.999991655349731445e-01,-9.999985098838806152e-01,-9.999973773956298828e-01,9.999930858612060547e-01,9.998682141304016113e-01,9.999986290931701660e-01,-9.999939799308776855e-01,-9.999989867210388184e-01,9.999937415122985840e-01,9.999976754188537598e-01,9.999716877937316895e-01,-9.999980926513671875e-01,9.999992251396179199e-01,-9.999961256980895996e-01,9.999986290931701660e-01,9.999881982803344727e-01,-9.999932646751403809e-01,-9.999991655349731445e-01,9.997997879981994629e-01,-9.999976158142089844e-01,9.999985694885253906e-01,-9.999987483024597168e-01,9.999812245368957520e-01,9.999985694885253906e-01,-9.999988079071044922e-01,9.999983906745910645e-01,9.999933242797851562e-01,-9.999991059303283691e-01,9.999991059303283691e-01,-9.999916553497314453e-01,9.999979138374328613e-01,-9.999990463256835938e-01,9.999834895133972168e-01,9.999811053276062012e-01,-9.999988675117492676e-01,-9.999976754188537598e-01,-9.999510645866394043e-01,9.999982714653015137e-01,9.999957084655761719e-01,-9.999988675117492676e-01,9.999985098838806152e-01,-9.999989271163940430e-01,9.999985694885253906e-01,9.999906420707702637e-01,-9.999992847442626953e-01,9.999986886978149414e-01,-9.999991059303283691e-01,9.999991059303283691e-01,9.999954104423522949e-01,9.999985694885253906e-01,9.999991655349731445e-01,-9.999966621398925781e-01,-9.999990463256835938e-01,9.999980926513671875e-01,-5.273827910423278809e-01,9.999965429306030273e-01,-9.999886155128479004e-01,9.999981522560119629e-01
9.999949336051940918e-01,-9.999956488609313965e-01,-9.999606013298034668e-01,9.999949932098388672e-01,9.999968409538269043e-01,-9.999961256980895996e-01,9.999853968620300293e-01,9.999971389770507812e-01,-9.999919533729553223e-01,9.999920129776000977e-01,-9.999945163726806641e-01,-9.999967217445373535e-01,9.999946355819702148e-01,9.999945163726806641e-01,9.999089241027832031e-01,9.999931454658508301e-01,9.999933838844299316e-01,-9.999959468841552734e-01,9.999725818634033203e-01,-9.999972581863403320e-01,-9.999970197677612305e-01,9.999579191207885742e-01,9.999947547912597656e-01,9.999957084655761719e-01,9.999700784683227539e-01,9.999971389770507812e-01,-9.999957680702209473e-01,-9.999968409538269043e-01,9.999350309371948242e-01,-9.999889135360717773e-01,-9.999849796295166016e-01,-9.999958872795104980e-01,9.999818205833435059e-01,9.999928474426269531e-01,-9.999904632568359375e-01,-9.999640583992004395e-01,9.999970793724060059e-01,9.999961256980895996e-01,9.999791979789733887e-01,-9.999967813491821289e-01,9.999957084655761719e-01,-9.999915361404418945e-01,9.998630285263061523e-01,9.999963641166687012e-01,9.999934434890747070e-01,9.999943971633911133e-01,9.999525547027587891e-01,9.999946355819702148e-01,9.999965429306030273e-01,-9.999958872795104980e-01,-9.999963641166687012e-01,-9.999931454658508301e-01,-9.999962449073791504e-01,-9.999737739562988281e-01,-9.999902844429016113e-01,-9.999943971633911133e-01,-9.999927282333374023e-01,9.997593760490417480e-01,9.999939203262329102e-01,9.999949932098388672e-01,-9.999925494194030762e-01,9.999968409538269043e-01,9.999950528144836426e-01,9.999854564666748047e-01,-9.999874830245971680e-01,-9.999966025352478027e-01,-9.999971985816955566e-01,-9.999838471412658691e-01,-9.999961853027343750e-01,9.999966025352478027e-01,-9.999963045120239258e-01,9.999943971633911133e-01,9.999903440475463867e-01,-9.999735951423645020e-01,-9.994944930076599121e-01,-9.999948740005493164e-01,9.999771714210510254e-01,9.999961853027343750e-01,-9.999761581420898438e-01,-9.999911785125732422e-01,-9.998916387557983398e-01,9.999928474426269531e-01,-9.999966025352478027e-01,9.999853968620300293e-01,-9.999951720237731934e-01,-9.999544620513916016e-01,9.999742507934570312e-01,9.999967217445373535e-01,-9.992325305938720703e-01,9.999911189079284668e-01,-9.999945759773254395e-01,9.999954104423522949e-01,-9.999277591705322266e-01,-9.999945759773254395e-01,9.999958276748657227e-01,-9.999940395355224609e-01,-9.999740719795227051e-01,9.999968409538269043e-01,-9.999965429306030273e-01,9.999682307243347168e-01,-9.999921321868896484e-01,9.999963045120239258e-01,-9.999365210533142090e-01,-9.999274611473083496e-01,9.999958872795104980e-01,9.999912977218627930e-01,9.998121857643127441e-01,-9.999936223030090332e-01,-9.999839067459106445e-01,9.999958872795104980e-01,-9.999940991401672363e-01,9.999959468841552734e-01,-9.999946355819702148e-01,-9.999641776084899902e-01,9.999971985816955566e-01,-9.999953508377075195e-01,9.999963641166687012e-01,-9.999962449073791504e-01,-9.999824762344360352e-01,-9.999947547912597656e-01,-9.999967217445373535e-01,9.999876022338867188e-01,9.999961256980895996e-01,-9.999928474426269531e-01,5.258930921554565430e-01,-9.999870061874389648e-01,9.999563097953796387e-01,-9.999930858612060547e-01
9.999989867210388184e-01,-9.999991655349731445e-01,-9.999921917915344238e-01,9.999989867210388184e-01,9.999994039535522461e-01,-9.999992847442626953e-01,9.999971389770507812e-01,9.999995231628417969e-01,-9.999983906745910645e-01,9.999983906745910645e-01,-9.999988675117492676e-01,-9.999994039535522461e-01,9.999989867210388184e-01,9.999989271163940430e-01,9.999819397926330566e-01,9.999985694885253906e-01,9.999986886978149414e-01,-9.999992251396179199e-01,9.999946355819702148e-01,-9.999994635581970215e-01,-9.999994635581970215e-01,9.999915957450866699e-01,9.999989271163940430e-01,9.999991655349731445e-01,9.999940991401672363e-01,9.999994635581970215e-01,-9.999991655349731445e-01,-9.999994635581970215e-01,9.999870657920837402e-01,-9.999977350234985352e-01,-9.999969601631164551e-01,-9.999992251396179199e-01,9.999963045120239258e-01,9.999985694885253906e-01,-9.999980330467224121e-01,-9.999929666519165039e-01,9.999995231628417969e-01,9.999992251396179199e-01,9.999958276748657227e-01,-9.999994635581970215e-01,9.999991655349731445e-01,-9.999982714653015137e-01,9.999727606773376465e-01,9.999992847442626953e-01,9.999987483024597168e-01,9.999989271163940430e-01,9.999905824661254883e-01,9.999989271163940430e-01,9.999994039535522461e-01,-9.999992251396179199e-01,-9.999992847442626953e-01,-9.999986886978149414e-01,-9.999993443489074707e-01,-9.999947547912597656e-01,-9.999981522560119629e-01,-9.999988675117492676e-01,-9.999985098838806152e-01,9.999521374702453613e-01,9.999987483024597168e-01,9.999990463256835938e-01,-9.999985098838806152e-01,9.999994635581970215e-01,9.999989867210388184e-01,9.999971389770507812e-01,-9.999974966049194336e-01,-9.999994039535522461e-01,-9.999995231628417969e-01,-9.999967217445373535e-01,-9.999992847442626953e-01,9.999993443489074707e-01,-9.999993443489074707e-01,9.999989271163940430e-01,9.999980330467224121e-01,-9.999948143959045410e-01,-9.998992681503295898e-01,-9.999989867210388184e-01,9.999954700469970703e-01,9.999992847442626953e-01,-9.999953508377075195e-01,-9.999982118606567383e-01,-9.999783635139465332e-01,9.999985694885253906e-01,-9.999994039535522461e-01,9.999970197677612305e-01,-9.999990463256835938e-01,-9.999909996986389160e-01,9.999948740005493164e-01,9.999993443489074707e-01,-9.998471140861511230e-01,9.999982118606567383e-01,-9.999988675117492676e-01,9.999992251396179199e-01,-9.999857544898986816e-01,-9.999988675117492676e-01,9.999991655349731445e-01,-9.999988675117492676e-01,-9.999948740005493164e-01,9.999994039535522461e-01,-9.999993443489074707e-01,9.999937415122985840e-01,-9.999985098838806152e-01,9.999992847442626953e-01,-9.999873638153076172e-01,-9.999855756759643555e-01,9.999992847442626953e-01,9.999982118606567383e-01,9.999626278877258301e-01,-9.999986886978149414e-01,-9.999967217445373535e-01,9.999992847442626953e-01,-9.999988079071044922e-01,9.999992847442626953e-01,-9.999989867210388184e-01,-9.999928474426269531e-01,9.999995231628417969e-01,-9.999992251396179199e-01,9.999993443489074707e-01,-9.999992847442626953e-01,-9.999964237213134766e-01,-9.999989271163940430e-01,-9.999993443489074707e-01,9.999975562095642090e-01,9.999993443489074707e-01,-9.999985098838806152e-01,5.275074243545532227e-01,-9.999974370002746582e-01,9.999912977218627930e-01,-9.999986886978149414e-01
-9.999970793724060059e-01,9.999974370002746582e-01,9.999783039093017578e-01,-9.999971985816955566e-01,-9.999983310699462891e-01,9.999979138374328613e-01,-9.999919533729553223e-01,-9.999983906745910645e-01,9.999955296516418457e-01,-9.999955892562866211e-01,9.999969005584716797e-01,9.999982118606567383e-01,-9.999969601631164551e-01,-9.999969601631164551e-01,-9.999498128890991211e-01,-9.999960660934448242e-01,-9.999963045120239258e-01,9.999977946281433105e-01,-9.999848008155822754e-01,9.999983310699462891e-01,9.999982714653015137e-01,-9.999768137931823730e-01,-9.999970793724060059e-01,-9.999974966049194336e-01,-9.999834895133972168e-01,-9.999983906745910645e-01,9.999975562095642090e-01,9.999983310699462891e-01,-9.999641180038452148e-01,9.999938607215881348e-01,9.999916553497314453e-01,9.999976754188537598e-01,-9.999898672103881836e-01,-9.999960064888000488e-01,9.999946951866149902e-01,9.999801516532897949e-01,-9.999983310699462891e-01,-9.999977946281433105e-01,-9.999884963035583496e-01,9.999981522560119629e-01,-9.999976158142089844e-01,9.999953508377075195e-01,-9.999243617057800293e-01,-9.999979734420776367e-01,-9.999963045120239258e-01,-9.999969005584716797e-01,-9.999737143516540527e-01,-9.999969601631164551e-01,-9.999980330467224121e-01,9.999977350234985352e-01,9.999979138374328613e-01,9.999961256980895996e-01,9.999979138374328613e-01,9.999854564666748047e-01,9.999946355819702148e-01,9.999968409538269043e-01,9.999959468841552734e-01,-9.998672008514404297e-01,-9.999965429306030273e-01,-9.999971985816955566e-01,9.999958872795104980e-01,-9.999982714653015137e-01,-9.999971985816955566e-01,-9.999919533729553223e-01,9.999930858612060547e-01,9.999980926513671875e-01,9.999984502792358398e-01,9.999910593032836914e-01,9.999978542327880859e-01,-9.999980926513671875e-01,9.999980330467224121e-01,-9.999967813491821289e-01,-9.999945759773254395e-01,9.999853968620300293e-01,9.997209906578063965e-01,9.999970793724060059e-01,-9.999874234199523926e-01,-9.999977946281433105e-01,9.999868869781494141e-01,9.999951124191284180e-01,9.999402165412902832e-01,-9.999960064888000488e-01,9.999981522560119629e-01,-9.999919533729553223e-01,9.999972581863403320e-01,9.999749064445495605e-01,-9.999858140945434570e-01,-9.999981522560119629e-01,9.995763301849365234e-01,-9.999950528144836426e-01,9.999968409538269043e-01,-9.999974370002746582e-01,9.999601840972900391e-01,9.999970197677612305e-01,-9.999976158142089844e-01,9.999966025352478027e-01,9.999857544898986816e-01,-9.999981522560119629e-01,9.999980330467224121e-01,-9.999824762344360352e-01,9.999956488609313965e-01,-9.999978542327880859e-01,9.999649524688720703e-01,9.999599456787109375e-01,-9.999976754188537598e-01,-9.999951720237731934e-01,-9.998962879180908203e-01,9.999963641166687012e-01,9.999910593032836914e-01,-9.999976754188537598e-01,9.999967217445373535e-01,-9.999977350234985352e-01,9.999969601631164551e-01,9.999802112579345703e-01,-9.999985098838806152e-01,9.999973773956298828e-01,-9.999979734420776367e-01,9.999978542327880859e-01,9.999902248382568359e-01,9.999970197677612305e-01,9.999980926513671875e-01,-9.999932050704956055e-01,-9.999977946281433105e-01,9.999960064888000488e-01,-5.267953276634216309e-01,9.999929070472717285e-01,-9.999759197235107422e-01,9.999961853027343750e-01
9.999971389770507812e-01,-9.999974966049194336e-01,-9.999784827232360840e-01,9.999971985816955566e-01,9.999982118606567383e-01,-9.999977946281433105e-01,9.999920129776000977e-01,9.999983906745910645e-01,-9.999955892562866211e-01,9.999955892562866211e-01,-9.999969601631164551e-01,-9.999982118606567383e-01,9.999970197677612305e-01,9.999970197677612305e-01,9.999504089355468750e-01,9.999961256980895996e-01,9.999963641166687012e-01,-9.999977350234985352e-01,9.999849200248718262e-01,-9.999983906745910645e-01,-9.999983906745910645e-01,9.999770522117614746e-01,9.999971389770507812e-01,9.999976158142089844e-01,9.999837279319763184e-01,9.999983310699462891e-01,-9.999975562095642090e-01,-9.999983310699462891e-01,9.999645948410034180e-01,-9.999938607215881348e-01,-9.999917745590209961e-01,-9.999976158142089844e-01,9.999900460243225098e-01,9.999960660934448242e-01,-9.999946951866149902e-01,-9.999804496765136719e-01,9.999983906745910645e-01,9.999978542327880859e-01,9.999886751174926758e-01,-9.999982118606567383e-01,9.999976158142089844e-01,-9.999953508377075195e-01,9.999253749847412109e-01,9.999979734420776367e-01,9.999963641166687012e-01,9.999969005584716797e-01,9.999741911888122559e-01,9.999969005584716797e-01,9.999980926513671875e-01,-9.999976754188537598e-01,-9.999979138374328613e-01,-9.999961853027343750e-01,-9.999979138374328613e-01,-9.999856352806091309e-01,-9.999946355819702148e-01,-9.999968409538269043e-01,-9.999959468841552734e-01,9.998690485954284668e-01,9.999964833259582520e-01,9.999971389770507812e-01,-9.999959468841552734e-01,9.999982714653015137e-01,9.999971389770507812e-01,9.999918937683105469e-01,-9.999932050704956055e-01,-9.999980926513671875e-01,-9.999983906745910645e-01,-9.999911785125732422e-01,-9.999977946281433105e-01,9.999979734420776367e-01,-9.999979734420776367e-01,9.999968409538269043e-01,9.999946355819702148e-01,-9.999855756759643555e-01,-9.997249245643615723e-01,-9.999971389770507812e-01,9.999874830245971680e-01,9.999977946281433105e-01,-9.999870657920837402e-01,-9.999951124191284180e-01,-9.999409317970275879e-01,9.999960660934448242e-01,-9.999982118606567383e-01,9.999920129776000977e-01,-9.999973177909851074e-01,-9.999752044677734375e-01,9.999858736991882324e-01,9.999981522560119629e-01,-9.995822310447692871e-01,9.999951124191284180e-01,-9.999969601631164551e-01,9.999974370002746582e-01,-9.999605417251586914e-01,-9.999968409538269043e-01,9.999976754188537598e-01,-9.999966621398925781e-01,-9.999858140945434570e-01,9.999982118606567383e-01,-9.999979138374328613e-01,9.999826550483703613e-01,-9.999955892562866211e-01,9.999978542327880859e-01,-9.999654293060302734e-01,-9.999604225158691406e-01,9.999976754188537598e-01,9.999951720237731934e-01,9.998977184295654297e-01,-9.999964237213134766e-01,-9.999911189079284668e-01,9.999976754188537598e-01,-9.999967217445373535e-01,9.999976754188537598e-01,-9.999970197677612305e-01,-9.999805092811584473e-01,9.999983906745910645e-01,-9.999973177909851074e-01,9.999979138374328613e-01,-9.999978542327880859e-01,-9.999904036521911621e-01,-9.999970793724060059e-01,-9.999980330467224121e-01,9.999932050704956055e-01,9.999977946281433105e-01,-9.999960064888000488e-01,5.268108844757080078e-01,-9.999928474426269531e-01,9.999761581420898438e-01,-9.999961256980895996e-01
-9.999980330467224121e-01,9.999983310699462891e-01,9.999851584434509277e-01,-9.999980926513671875e-01,-9.999988675117492676e-01,9.999985098838806152e-01,-9.999945163726806641e-01,-9.999988675117492676e-01,9.999969005584716797e-01,-9.999969601631164551e-01,9.999978542327880859e-01,9.999987483024597168e-01,-9.999979138374328613e-01,-9.999978542327880859e-01,-9.999656677246093750e-01,-9.999972581863403320e-01,-9.999974966049194336e-01,9.999984502792358398e-01,-9.999896287918090820e-01,9.999989271163940430e-01,9.999988079071044922e-01,-9.999841451644897461e-01,-9.999979734420776367e-01,-9.999983310699462891e-01,-9.999887347221374512e-01,-9.999988675117492676e-01,9.999983310699462891e-01,9.999988675117492676e-01,-9.999755024909973145e-01,9.999958276748657227e-01,9.999942779541015625e-01,9.999983310699462891e-01,-9.999931454658508301e-01,-9.999972581863403320e-01,9.999963045120239258e-01,9.999865293502807617e-01,-9.999988675117492676e-01,-9.999985694885253906e-01,-9.999921321868896484e-01,9.999987483024597168e-01,-9.999983310699462891e-01,9.999967217445373535e-01,-9.999482631683349609e-01,-9.999985694885253906e-01,-9.999975562095642090e-01,-9.999978542327880859e-01,-9.999821186065673828e-01,-9.999978542327880859e-01,-9.999986290931701660e-01,9.999984502792358398e-01,9.999985694885253906e-01,9.999974370002746582e-01,9.999986290931701660e-01,9.999899864196777344e-01,9.999962449073791504e-01,9.999978542327880859e-01,9.999970793724060059e-01,-9.999090433120727539e-01,-9.999975562095642090e-01,-9.999980926513671875e-01,9.999971389770507812e-01,-9.999988079071044922e-01,-9.999980926513671875e-01,-9.999944567680358887e-01,9.999952912330627441e-01,9.999986886978149414e-01,9.999989271163940430e-01,9.999938607215881348e-01,9.999985098838806152e-01,-9.999986886978149414e-01,9.999986290931701660e-01,-9.999977946281433105e-01,-9.999962449073791504e-01,9.999899864196777344e-01,9.998092055320739746e-01,9.999981522560119629e-01,-9.999912977218627930e-01,-9.999985098838806152e-01,9.999909996986389160e-01,9.999966025352478027e-01,9.999589920043945312e-01,-9.999972581863403320e-01,9.999987483024597168e-01,-9.999944567680358887e-01,9.999981522560119629e-01,9.999828338623046875e-01,-9.999902844429016113e-01,-9.999986886978149414e-01,9.997100234031677246e-01,-9.999965429306030273e-01,9.999978542327880859e-01,-9.999981522560119629e-01,9.999727606773376465e-01,9.999979138374328613e-01,-9.999983906745910645e-01,9.999976754188537598e-01,9.999902248382568359e-01,-9.999987483024597168e-01,9.999986290931701660e-01,-9.999880790710449219e-01,9.999969601631164551e-01,-9.999985694885253906e-01,9.999760985374450684e-01,9.999726414680480957e-01,-9.999984502792358398e-01,-9.999966621398925781e-01,-9.999290704727172852e-01,9.999974966049194336e-01,9.999939203262329102e-01,-9.999983906745910645e-01,9.999977350234985352e-01,-9.999983906745910645e-01,9.999979138374328613e-01,9.999864697456359863e-01,-9.999989867210388184e-01,9.999982118606567383e-01,-9.999986290931701660e-01,9.999985098838806152e-01,9.999933242797851562e-01,9.999980330467224121e-01,9.999986886978149414e-01,-9.999952912330627441e-01,-9.999985098838806152e-01,9.999973177909851074e-01,-5.271468162536621094e-01,9.999950528144836426e-01,-9.999834895133972168e-01,9.999973177909851074e-01
-9.999988675117492676e-01,9.999989271163940430e-01,9.999913573265075684e-01,-9.999988079071044922e-01,-9.999993443489074707e-01,9.999991655349731445e-01,-9.999967217445373535e-01,-9.999994039535522461e-01,9.999982118606567383e-01,-9.999982118606567383e-01,9.999987483024597168e-01,9.999993443489074707e-01,-9.999988675117492676e-01,-9.999987483024597168e-01,-9.999799728393554688e-01,-9.999984502792358398e-01,-9.999985098838806152e-01,9.999991655349731445e-01,-9.999939203262329102e-01,9.999993443489074707e-01,9.999993443489074707e-01,-9.999907016754150391e-01,-9.999987483024597168e-01,-9.999991059303283691e-01,-9.999933838844299316e-01,-9.999994039535522461e-01,9.999991059303283691e-01,9.999993443489074707e-01,-9.999856948852539062e-01,9.999974966049194336e-01,9.999967217445373535e-01,9.999991059303283691e-01,-9.999959468841552734e-01,-9.999983310699462891e-01,9.999978542327880859e-01,9.999920725822448730e-01,-9.999994635581970215e-01,-9.999992847442626953e-01,-9.999953508377075195e-01,9.999993443489074707e-01,-9.999991059303283691e-01,9.999980926513671875e-01,-9.999698400497436523e-01,-9.999992251396179199e-01,-9.999986290931701660e-01,-9.999988079071044922e-01,-9.999895691871643066e-01,-9.999988079071044922e-01,-9.999993443489074707e-01,9.999990463256835938e-01,9.999992251396179199e-01,9.999984502792358398e-01,9.999992847442626953e-01,9.999942183494567871e-01,9.999977946281433105e-01,9.999987483024597168e-01,9.999983310699462891e-01,-9.999470114707946777e-01,-9.999986290931701660e-01,-9.999988675117492676e-01,9.999983310699462891e-01,-9.999993443489074707e-01,-9.999988675117492676e-01,-9.999967217445373535e-01,9.999971985816955566e-01,9.999993443489074707e-01,9.999994635581970215e-01,9.999963641166687012e-01,9.999991655349731445e-01,-9.999992847442626953e-01,9.999992251396179199e-01,-9.999987483024597168e-01,-9.999977946281433105e-01,9.999941587448120117e-01,9.998887181282043457e-01,9.999988675117492676e-01,-9.999948740005493164e-01,-9.999991655349731445e-01,9.999948143959045410e-01,9.999980330467224121e-01,9.999760985374450684e-01,-9.999983906745910645e-01,9.999993443489074707e-01,-9.999967217445373535e-01,9.999989271163940430e-01,9.999900460243225098e-01,-9.999943375587463379e-01,-9.999992847442626953e-01,9.998309016227722168e-01,-9.999979734420776367e-01,9.999986886978149414e-01,-9.999989867210388184e-01,9.999840855598449707e-01,9.999987483024597168e-01,-9.999991059303283691e-01,9.999986290931701660e-01,9.999943375587463379e-01,-9.999993443489074707e-01,9.999992847442626953e-01,-9.999929666519165039e-01,9.999982118606567383e-01,-9.999991059303283691e-01,9.999859333038330078e-01,9.999840259552001953e-01,-9.999991059303283691e-01,-9.999980330467224121e-01,-9.999586939811706543e-01,9.999985694885253906e-01,9.999963641166687012e-01,-9.999991059303283691e-01,9.999986886978149414e-01,-9.999991059303283691e-01,9.999988079071044922e-01,9.999920129776000977e-01,-9.999994039535522461e-01,9.999988675117492676e-01,-9.999992251396179199e-01,9.999991059303283691e-01,9.999960660934448242e-01,9.999988675117492676e-01,9.999992847442626953e-01,-9.999971985816955566e-01,-9.999992847442626953e-01,9.999983906745910645e-01,-5.274646878242492676e-01,9.999970793724060059e-01,-9.999904036521911621e-01,9.999985098838806152e-01
