4.412363171577453613e-01,8.785672485828399658e-03,1.221381649374961853e-01,-1.778483837842941284e-01,3.341963589191436768e-01,-4.078840017318725586e-01,1.024097427725791931e-01,4.470439851284027100e-01,7.238948717713356018e-03,-1.167123764753341675e-02,-2.821203768253326416e-01,-2.272096872329711914e-01,-1.585218906402587891e-01,-4.383080452680587769e-02,-4.479447007179260254e-02,1.945537626743316650e-01,6.086175329983234406e-03,-6.213815882802009583e-02,1.001102253794670105e-01,-8.280495554208755493e-02,-1.435540765523910522e-01,-2.565772533416748047e-01,-2.045937627553939819e-01,1.471351236104965210e-01,2.187397330999374390e-02,2.144931405782699585e-01,-2.523710019886493683e-03,-4.075602889060974121e-01,5.615007877349853516e-02,-7.945857197046279907e-02,-1.848155558109283447e-01,-3.115287423133850098e-02,-1.750210076570510864e-01,6.747753173112869263e-02,-1.496213115751743317e-02,-3.507592901587486267e-02,9.946624189615249634e-02,3.965695202350616455e-02,-2.730338573455810547e-01,-2.494596093893051147e-01,1.458758711814880371e-01,1.234972476959228516e-01,-1.477199643850326538e-01,-5.765029229223728180e-03,-1.820087549276649952e-03,2.407980859279632568e-01,-3.331047669053077698e-02,2.098048664629459381e-02,1.760485023260116577e-01,-3.608442470431327820e-02,-2.252585291862487793e-01,-2.852368950843811035e-01,1.281068921089172363e-01,8.025525137782096863e-03,-2.436821348965167999e-02,-8.338735252618789673e-02,1.331322938203811646e-01,2.495842287316918373e-03,1.026457846164703369e-01,2.405330389738082886e-01,-1.309840232133865356e-01,1.998927742242813110e-01,-6.422140169888734818e-03,2.550692856311798096e-01,1.167146340012550354e-01,-2.487255260348320007e-02,-3.427858352661132812e-01,1.124235317111015320e-01,-2.405665814876556396e-02,3.568061590194702148e-01,-2.422692924737930298e-01,2.443095147609710693e-01,-2.096115425229072571e-02,-6.644903123378753662e-02,-2.319542765617370605e-01,-1.575699895620346069e-01,6.485063931904733181e-04,-2.307420969009399414e-02,8.913428336381912231e-02,2.312360145151615143e-02,4.686081409454345703e-02,-2.966439933516085148e-05,-1.402943730354309082e-01,-3.063647542148828506e-03,-2.741304039955139160e-01,1.273354440927505493e-01,3.401126861572265625e-01,2.459648763760924339e-03,-1.203837171196937561e-01,1.282599270343780518e-01,-1.413760930299758911e-01,3.486014008522033691e-01,1.191939488053321838e-01,-2.337760776281356812e-01,-4.019285365939140320e-02,-3.209245800971984863e-01,-9.910800494253635406e-03,-6.454069989558774978e-06,-1.077369749546051025e-01,1.301877796649932861e-01,-3.378308117389678955e-01,4.004011154174804688e-01,-2.264877781271934509e-03,-1.379924416542053223e-01,-9.944347292184829712e-02,4.253451153635978699e-02,2.267960011959075928e-01,1.516127735376358032e-01,-4.567204117774963379e-01,1.893626153469085693e-02,-1.381280720233917236e-01,2.206130325794219971e-01,6.735868752002716064e-02,-1.296599656343460083e-01,6.318010389804840088e-02,-5.818746611475944519e-02,3.300638496875762939e-01,-1.876202672719955444e-01,-1.213699802756309509e-01,-1.542088389396667480e-01,-1.320815235376358032e-01,-9.061067365109920502e-03,8.888981305062770844e-03,3.348131477832794189e-01,-4.855627194046974182e-02,2.012398242950439453e-01,1.698103267699480057e-03,1.266764700412750244e-01
8.785672485828399658e-03,1.495742704719305038e-02,-1.068988069891929626e-01,8.217946439981460571e-02,7.113952934741973877e-02,1.044701552018523216e-03,-1.570920273661613464e-02,5.258437246084213257e-02,8.814020454883575439e-02,8.815442025661468506e-02,-2.204238995909690857e-02,-5.950952321290969849e-02,9.296636283397674561e-02,8.932311832904815674e-02,1.018336936831474304e-01,1.183056831359863281e-01,-1.731402822770178318e-03,8.973240107297897339e-02,-1.040829494595527649e-01,-8.137864619493484497e-02,-6.748373061418533325e-02,7.420898228883743286e-02,7.509218156337738037e-02,-3.744220361113548279e-02,2.265659533441066742e-02,1.043935194611549377e-01,-1.019120737910270691e-01,-5.922020971775054932e-02,1.030283048748970032e-01,-1.589495502412319183e-02,1.468984875828027725e-02,-1.192181706428527832e-01,6.483131647109985352e-02,9.101887792348861694e-02,-3.106397576630115509e-03,-1.195970997214317322e-01,9.299489110708236694e-02,1.056947857141494751e-01,-9.434647858142852783e-02,-8.875607699155807495e-02,9.980596601963043213e-02,7.212983909994363785e-03,1.002136617898941040e-01,6.144668534398078918e-02,-1.854767836630344391e-02,-9.885656088590621948e-02,-1.014805510640144348e-01,-2.765236049890518188e-02,2.923889551311731339e-03,-9.364515542984008789e-03,5.372366402298212051e-03,7.955837063491344452e-03,8.165471255779266357e-02,-1.550799887627363205e-02,-2.508677169680595398e-02,-1.149383783340454102e-01,6.430158764123916626e-02,3.955937456339597702e-03,-9.806811809539794922e-02,-7.384483516216278076e-02,-4.549873061478137970e-03,-2.069390565156936646e-02,3.164873924106359482e-03,3.618482127785682678e-02,1.089990884065628052e-02,-3.964994102716445923e-02,5.025732517242431641e-02,1.153838858008384705e-01,-1.108556985855102539e-01,3.933605179190635681e-02,-1.003749668598175049e-01,-3.358971327543258667e-02,-5.130002647638320923e-02,1.000312194228172302e-01,-4.350994899868965149e-02,-1.086281612515449524e-01,-3.511927789077162743e-04,1.117802783846855164e-01,-3.409232571721076965e-02,-9.964926540851593018e-02,1.062154546380043030e-01,6.061408930690959096e-05,-9.840939193964004517e-02,5.957272951491177082e-04,-1.074894815683364868e-01,-9.908683598041534424e-02,5.220016837120056152e-02,1.172933611087501049e-03,9.672228991985321045e-02,8.696696162223815918e-02,-2.319490537047386169e-02,-2.589827217161655426e-02,-9.482987970113754272e-02,3.443157672882080078e-02,-1.013719066977500916e-01,7.647114805877208710e-03,7.241351157426834106e-02,-1.014573626889614388e-06,-9.084145724773406982e-02,9.805001318454742432e-02,-5.028458312153816223e-02,6.668607145547866821e-02,-1.093659102916717529e-01,-1.021554544568061829e-01,1.172962784767150879e-01,-4.086972214281558990e-03,-9.585747122764587402e-02,-1.088988780975341797e-01,-1.117660570889711380e-02,-1.815205672755837440e-03,8.369194716215133667e-02,-8.876100927591323853e-02,-1.041401550173759460e-01,-4.395364783704280853e-03,1.089082658290863037e-01,-1.023996546864509583e-01,6.099865585565567017e-02,6.946460902690887451e-02,-1.099959388375282288e-01,7.032088190317153931e-02,9.991133958101272583e-02,9.297316521406173706e-02,8.920765668153762817e-02,-6.002996116876602173e-02,-6.913854926824569702e-02,-6.592700630426406860e-02,-8.610602468252182007e-03,8.821487426757812500e-02
1.221381649374961853e-01,-1.068988069891929626e-01,8.282132744789123535e-01,-7.387160062789916992e-01,-4.335487782955169678e-01,-1.993261277675628662e-01,1.422410458326339722e-01,-2.456312328577041626e-01,-6.520738005638122559e-01,-6.753488183021545410e-01,1.477529555559158325e-01,4.147508740425109863e-01,-6.839453577995300293e-01,-7.286705374717712402e-01,-7.917854785919189453e-01,-7.360246181488037109e-01,1.453738287091255188e-02,-6.880003809928894043e-01,7.996469140052795410e-01,6.409772038459777832e-01,4.844778478145599365e-01,-6.922609210014343262e-01,-6.882622241973876953e-01,3.339826762676239014e-01,-1.869068890810012817e-01,-6.345116496086120605e-01,7.530375719070434570e-01,2.583405971527099609e-01,-7.302324771881103516e-01,5.783909931778907776e-02,-1.548134386539459229e-01,8.176496624946594238e-01,-5.770853161811828613e-01,-7.126005291938781738e-01,1.985479891300201416e-02,7.957640290260314941e-01,-6.720385551452636719e-01,-7.775811553001403809e-01,5.374776124954223633e-01,6.187093257904052734e-01,-6.923360228538513184e-01,-5.137934535741806030e-02,-7.894394397735595703e-01,-5.113231539726257324e-01,1.472775638103485107e-01,7.964314818382263184e-01,7.748973369598388672e-01,2.251398563385009766e-01,3.144872142001986504e-03,1.348436921834945679e-01,-1.032472401857376099e-01,-1.555932313203811646e-01,-6.091215610504150391e-01,1.408700048923492432e-01,1.588892489671707153e-01,7.907636165618896484e-01,-5.373279452323913574e-01,-3.320452198386192322e-02,7.569832801818847656e-01,6.760606765747070312e-01,-4.666089545935392380e-03,2.083347439765930176e-01,-2.886156179010868073e-02,-1.558682024478912354e-01,-4.305500537157058716e-02,3.223367631435394287e-01,-4.332084357738494873e-01,-7.637400031089782715e-01,7.915917634963989258e-01,-1.526833027601242065e-01,6.607142686843872070e-01,3.106067478656768799e-01,4.538578689098358154e-01,-7.835748791694641113e-01,2.560067176818847656e-01,7.259321808815002441e-01,2.718026982620358467e-03,-8.239961862564086914e-01,3.550201654434204102e-01,7.636969685554504395e-01,-7.824465036392211914e-01,-5.448869196698069572e-04,7.091144919395446777e-01,-6.341478321701288223e-03,6.719359159469604492e-01,7.961516976356506348e-01,-2.687937319278717041e-01,-8.243139833211898804e-03,-7.332418560981750488e-01,-6.592743992805480957e-01,1.716516464948654175e-01,3.080034255981445312e-01,7.547928094863891602e-01,-3.985807597637176514e-01,7.516721487045288086e-01,-1.888305395841598511e-01,-5.636878013610839844e-01,4.725225153379142284e-06,6.485379338264465332e-01,-6.670190095901489258e-01,3.306464850902557373e-01,-3.237945139408111572e-01,8.052309155464172363e-01,7.117238640785217285e-01,-8.496394753456115723e-01,-9.313514828681945801e-02,7.488461732864379883e-01,8.052102923393249512e-01,-1.083026006817817688e-01,2.244800515472888947e-02,-6.869938969612121582e-01,7.632312178611755371e-01,8.048739433288574219e-01,-1.331531852483749390e-01,-7.931514382362365723e-01,7.415657043457031250e-01,-3.123016059398651123e-01,-6.484971046447753906e-01,7.682223320007324219e-01,-6.461160182952880859e-01,-7.678448557853698730e-01,-7.186191082000732422e-01,-7.065585851669311523e-01,5.714369416236877441e-01,5.968348383903503418e-01,6.225687861442565918e-01,5.584358423948287964e-02,-6.511988043785095215e-01
-1.778483837842941284e-01,8.217946439981460571e-02,-7.387160062789916992e-01,7.586545348167419434e-01,2.707407176494598389e-01,2.433702945709228516e-01,-1.155152246356010437e-01,6.989394128322601318e-02,6.088699698448181152e-01,5.241314172744750977e-01,-2.429059296846389771e-01,-2.658495903015136719e-01,4.964113235473632812e-01,6.542131900787353516e-01,7.003699541091918945e-01,5.484065413475036621e-01,-1.034075766801834106e-02,5.456863641738891602e-01,-7.450827360153198242e-01,-5.841835737228393555e-01,-5.208002924919128418e-01,6.410691142082214355e-01,6.083145141601562500e-01,-2.363154292106628418e-01,1.703220307826995850e-01,4.317760169506072998e-01,-6.203817725181579590e-01,-3.124960325658321381e-02,5.451886653900146484e-01,7.114426791667938232e-02,8.594197779893875122e-02,-7.461593747138977051e-01,6.551949977874755859e-01,6.411461830139160156e-01,-2.269743010401725769e-03,-6.180926561355590820e-01,5.079843997955322266e-01,6.811896562576293945e-01,-2.900370955467224121e-01,-5.553599596023559570e-01,6.408578753471374512e-01,1.454438418149948120e-01,6.677382588386535645e-01,3.892712891101837158e-01,-2.809683978557586670e-01,-6.762571930885314941e-01,-7.139247059822082520e-01,-1.766168624162673950e-01,1.171976625919342041e-01,-8.707095682621002197e-02,9.791263192892074585e-02,3.195281028747558594e-01,6.208337545394897461e-01,-1.721238046884536743e-01,2.193500474095344543e-02,-6.386641860008239746e-01,5.381003618240356445e-01,2.675328776240348816e-02,-6.683174371719360352e-01,-7.379475235939025879e-01,-3.738692030310630798e-02,-1.092633754014968872e-01,3.108416311442852020e-02,7.796714454889297485e-02,1.004602089524269104e-01,-2.752432823181152344e-01,3.091183900833129883e-01,5.875461697578430176e-01,-6.742933392524719238e-01,-4.912862554192543030e-02,-5.116884708404541016e-01,-9.867886453866958618e-02,-5.104655623435974121e-01,6.926602125167846680e-01,-3.049470186233520508e-01,-5.810322761535644531e-01,-1.361849950626492500e-03,7.021940350532531738e-01,-4.614228010177612305e-01,-6.802937984466552734e-01,7.275645136833190918e-01,4.727027844637632370e-04,-5.818495154380798340e-01,1.129428297281265259e-02,-5.401732921600341797e-01,-7.027670741081237793e-01,5.915177240967750549e-02,4.188916645944118500e-03,6.073263287544250488e-01,5.545153617858886719e-01,-2.146400213241577148e-01,-4.246112406253814697e-01,-7.369266748428344727e-01,4.717788696289062500e-01,-6.953568458557128906e-01,2.512865960597991943e-01,4.022639393806457520e-01,-2.625447905302280560e-06,-4.655314087867736816e-01,5.246295332908630371e-01,-2.125655114650726318e-01,1.156810745596885681e-01,-7.530787587165832520e-01,-5.642209053039550781e-01,7.946388125419616699e-01,2.948485612869262695e-01,-8.007309436798095703e-01,-6.766554713249206543e-01,2.473714351654052734e-01,-3.189641609787940979e-02,6.893531084060668945e-01,-7.585405111312866211e-01,-7.675304412841796875e-01,3.105255961418151855e-01,6.730976700782775879e-01,-6.538959741592407227e-01,7.792428135871887207e-02,5.503723025321960449e-01,-6.433667540550231934e-01,6.588797569274902344e-01,6.326231360435485840e-01,7.250289320945739746e-01,6.581577062606811523e-01,-5.442672967910766602e-01,-5.593723058700561523e-01,-6.397371888160705566e-01,-2.976936474442481995e-02,5.218414068222045898e-01
3.341963589191436768e-01,7.113952934741973877e-02,-4.335487782955169678e-01,2.707407176494598389e-01,6.446572542190551758e-01,-2.671883106231689453e-01,1.083510089665651321e-02,6.704942584037780762e-01,3.509234189987182617e-01,4.250327348709106445e-01,-2.789935171604156494e-01,-5.361660718917846680e-01,3.572827279567718506e-01,4.087991416454315186e-01,4.803648889064788818e-01,7.407064437866210938e-01,-3.564479993656277657e-03,4.038587808609008789e-01,-4.107890427112579346e-01,-4.611062705516815186e-01,-3.326658904552459717e-01,1.888991147279739380e-01,2.298983484506607056e-01,-1.037382557988166809e-01,1.267812401056289673e-01,6.797654032707214355e-01,-5.252082943916320801e-01,-6.416038274765014648e-01,6.331586837768554688e-01,-1.651801764965057373e-01,-6.156453862786293030e-02,-5.647875666618347168e-01,9.192606806755065918e-02,5.420532226562500000e-01,-3.757146373391151428e-02,-6.169665455818176270e-01,5.610350370407104492e-01,5.490682125091552734e-01,-7.416576147079467773e-01,-6.173461675643920898e-01,5.466651916503906250e-01,7.096222043037414551e-02,3.922414183616638184e-01,3.388348817825317383e-01,4.240237548947334290e-02,-3.443369269371032715e-01,-5.314068794250488281e-01,-1.260515749454498291e-01,7.803413271903991699e-02,-1.786122620105743408e-01,-1.635214239358901978e-01,-3.182148933410644531e-01,4.349456131458282471e-01,-4.649867117404937744e-02,-2.312958389520645142e-01,-6.590441465377807617e-01,4.294248521327972412e-01,2.479012310504913330e-02,-3.713277280330657959e-01,-1.359194815158843994e-01,-7.985428720712661743e-02,4.979246295988559723e-03,6.068744231015443802e-03,3.244809210300445557e-01,7.772689312696456909e-02,-2.189076691865921021e-01,-1.300130598247051239e-02,6.650041937828063965e-01,-5.509302616119384766e-01,5.336904525756835938e-01,-7.099205851554870605e-01,-1.246148422360420227e-01,-2.073626369237899780e-01,4.563163816928863525e-01,-2.715215682983398438e-01,-6.452148556709289551e-01,-1.601339317858219147e-03,5.711578726768493652e-01,-3.354616835713386536e-02,-4.667400419712066650e-01,5.443816781044006348e-01,3.195937606506049633e-04,-6.210294961929321289e-01,-3.090551821514964104e-03,-7.179110050201416016e-01,-4.156801104545593262e-01,5.862038135528564453e-01,9.390091523528099060e-03,3.599602580070495605e-01,5.620960593223571777e-01,-1.900848150253295898e-01,2.552362978458404541e-01,-3.227944970130920410e-01,-5.940938368439674377e-02,-4.980100989341735840e-01,-2.355302870273590088e-01,3.873520195484161377e-01,-8.731173693377058953e-06,-5.738737583160400391e-01,5.697020292282104492e-01,-5.903245806694030762e-01,6.733917593955993652e-01,-5.203154087066650391e-01,-6.370792388916015625e-01,4.583843946456909180e-01,-1.177896279841661453e-02,-2.015228867530822754e-01,-4.261327385902404785e-01,-4.389687180519104004e-01,1.431530807167291641e-02,2.448650747537612915e-01,-2.511644363403320312e-01,-4.483078122138977051e-01,-1.291045993566513062e-01,6.220064759254455566e-01,-5.178201198577880859e-01,6.109940409660339355e-01,2.532064318656921387e-01,-6.487464308738708496e-01,1.893769949674606323e-01,4.087727367877960205e-01,3.851719200611114502e-01,4.118965566158294678e-01,-4.216266330331563950e-03,-4.262235760688781738e-01,-1.324282139539718628e-01,-3.648009896278381348e-02,5.498953461647033691e-01
-4.078840017318725586e-01,1.044701552018523216e-03,-1.993261277675628662e-01,2.433702945709228516e-01,-2.671883106231689453e-01,4.125929772853851318e-01,-9.705211967229843140e-02,-3.908473253250122070e-01,3.494246676564216614e-02,7.329996675252914429e-02,2.311371415853500366e-01,1.924646198749542236e-01,2.142168581485748291e-01,9.757638722658157349e-02,1.163295805454254150e-01,-1.210757791996002197e-01,-7.268366403877735138e-03,1.234309822320938110e-01,-1.818435788154602051e-01,1.365256588906049728e-02,9.439568966627120972e-02,2.935543656349182129e-01,2.570012807846069336e-01,-1.652190387248992920e-01,-5.742229055613279343e-03,-1.527154892683029175e-01,-5.976909026503562927e-02,3.600329756736755371e-01,1.915396563708782196e-02,5.350008234381675720e-02,1.930576562881469727e-01,-4.212110862135887146e-02,2.398124039173126221e-01,7.489822339266538620e-03,1.361729018390178680e-02,-3.421094268560409546e-02,-3.608845174312591553e-02,3.795192018151283264e-02,2.090097963809967041e-01,1.652237176895141602e-01,-7.234651595354080200e-02,-9.713728725910186768e-02,2.128167301416397095e-01,5.084008350968360901e-02,-2.589197084307670593e-02,-2.931563854217529297e-01,-4.832568392157554626e-02,-4.671696573495864868e-02,-1.642865985631942749e-01,4.739941656589508057e-02,2.293812930583953857e-01,2.809675335884094238e-01,-5.445890128612518311e-02,-1.791238039731979370e-02,1.089746970683336258e-02,7.203220593510195613e-05,-8.367800712585449219e-02,2.284802612848579884e-04,-1.794985830783843994e-01,-2.924588024616241455e-01,1.215935423970222473e-01,-2.111348807811737061e-01,9.186663664877414703e-03,-2.103200405836105347e-01,-9.596027433872222900e-02,-3.313378198072314262e-03,3.606063425540924072e-01,-3.143699467182159424e-02,-4.319193214178085327e-02,-3.187380135059356689e-01,1.572170257568359375e-01,-2.449977695941925049e-01,-1.110425591468811035e-02,1.279661506414413452e-01,1.696102023124694824e-01,6.412086635828018188e-02,-7.226383895613253117e-04,9.891964495182037354e-02,-1.293137073516845703e-01,-8.223593980073928833e-02,3.829206898808479309e-02,6.469218351412564516e-05,6.666345149278640747e-02,3.226531669497489929e-03,1.851540952920913696e-01,-1.847259104251861572e-01,-2.895777821540832520e-01,-1.783194136805832386e-03,1.744565665721893311e-01,-6.486169993877410889e-02,9.914949536323547363e-02,-3.674016296863555908e-01,-1.865420788526535034e-01,2.484893053770065308e-01,-4.293426126241683960e-02,3.103380203247070312e-01,8.822187781333923340e-02,4.618540970113826916e-06,4.974181577563285828e-02,-5.376022309064865112e-02,2.877719402313232422e-01,-3.510102033615112305e-01,-6.925408542156219482e-02,6.384910643100738525e-02,1.840373575687408447e-01,-5.790632567368447781e-04,-3.015881180763244629e-01,-2.175186276435852051e-01,4.402805268764495850e-01,-1.916505768895149231e-02,1.748879700899124146e-01,-2.900339066982269287e-01,-1.414963603019714355e-01,1.350674182176589966e-01,2.325415425002574921e-02,-1.948261074721813202e-02,-2.955878973007202148e-01,2.412866204977035522e-01,2.927093021571636200e-02,2.044009268283843994e-01,2.080434113740921021e-01,8.362424373626708984e-02,5.453431233763694763e-02,-3.705494999885559082e-01,3.053572960197925568e-03,-2.440157681703567505e-01,-1.258876360952854156e-02,-5.188762396574020386e-02
1.024097427725791931e-01,-1.570920273661613464e-02,1.422410458326339722e-01,-1.155152246356010437e-01,1.083510089665651321e-02,-9.705211967229843140e-02,7.116939127445220947e-02,6.378766894340515137e-02,-9.748039394617080688e-02,-9.324744343757629395e-02,-8.831362426280975342e-02,-1.481220475398004055e-03,-1.731224060058593750e-01,-9.630505740642547607e-02,-1.067791655659675598e-01,-8.046609163284301758e-02,4.531336482614278793e-03,-1.455700844526290894e-01,1.264014393091201782e-01,2.682362310588359833e-02,6.870354525744915009e-03,-1.449282467365264893e-01,-1.335903108119964600e-01,8.983567357063293457e-02,-1.144055835902690887e-02,-6.325163692235946655e-02,8.923034369945526123e-02,-2.718463353812694550e-02,-8.934658020734786987e-02,4.196944646537303925e-03,-7.447451353073120117e-02,9.648350626230239868e-02,-1.038551256060600281e-01,-4.185333475470542908e-02,-2.497845562174916267e-04,1.255084127187728882e-01,-7.393344491720199585e-02,-9.180188924074172974e-02,4.533769935369491577e-02,-1.629902282729744911e-03,-5.912071838974952698e-02,5.346322432160377502e-02,-1.558694392442703247e-01,-6.803196668624877930e-02,-4.880396649241447449e-03,1.710183024406433105e-01,8.333300054073333740e-02,5.427933111786842346e-02,8.584582060575485229e-02,-2.061321586370468140e-02,-7.574950903654098511e-02,-8.894353359937667847e-02,-2.520762383937835693e-02,1.650424115359783173e-02,3.982064872980117798e-02,8.914200216531753540e-02,-7.475560065358877182e-03,-3.369212616235017776e-03,1.387604176998138428e-01,1.320863366127014160e-01,-4.978836327791213989e-02,1.135541945695877075e-01,-3.729474497959017754e-03,3.100928291678428650e-02,2.538640238344669342e-02,3.104367665946483612e-02,-1.816356331110000610e-01,-9.510388225317001343e-02,1.066257506608963013e-01,4.605359584093093872e-02,3.068367764353752136e-02,1.186893880367279053e-01,1.828196272253990173e-02,-1.203381791710853577e-01,-1.721144281327724457e-02,7.107637077569961548e-02,7.874058792367577553e-04,-1.123315617442131042e-01,5.165476351976394653e-02,1.018112674355506897e-01,-8.204530179500579834e-02,-5.545626481762155890e-05,5.206395685672760010e-02,-1.565800281241536140e-03,3.536429628729820251e-02,1.325270235538482666e-01,3.204574063420295715e-02,-8.510145707987248898e-04,-1.388064026832580566e-01,-4.034671559929847717e-02,-3.026453405618667603e-02,1.188797280192375183e-01,1.280782371759414673e-01,-7.396942377090454102e-02,9.081323444843292236e-02,-9.564632177352905273e-02,-1.031907200813293457e-01,-1.504332090007665101e-06,6.526245921850204468e-02,-8.888115733861923218e-02,-6.331709027290344238e-02,3.799800574779510498e-02,1.012675166130065918e-01,6.582590192556381226e-02,-1.356723308563232422e-01,6.280551105737686157e-02,1.483766287565231323e-01,1.774716228246688843e-01,-9.539019316434860229e-02,5.488646682351827621e-03,-1.108666211366653442e-01,1.261055320501327515e-01,1.232547983527183533e-01,3.734678030014038086e-02,-9.210680425167083740e-02,8.380877226591110229e-02,8.671107701957225800e-03,-1.326663941144943237e-01,7.533773034811019897e-02,-1.051470413804054260e-01,-1.530764997005462646e-01,-8.263543993234634399e-02,-7.483486086130142212e-02,1.693874001502990723e-01,1.717587001621723175e-02,1.018578261137008667e-01,1.530299428850412369e-02,-4.978038743138313293e-02
4.470439851284027100e-01,5.258437246084213257e-02,-2.456312328577041626e-01,6.989394128322601318e-02,6.704942584037780762e-01,-3.908473253250122070e-01,6.378766894340515137e-02,7.813759446144104004e-01,1.787943840026855469e-01,3.128504753112792969e-01,-2.523436844348907471e-01,-5.800294280052185059e-01,2.294012010097503662e-01,2.643631398677825928e-01,3.247964978218078613e-01,6.514977812767028809e-01,1.767218636814504862e-04,2.737862467765808105e-01,-2.106185704469680786e-01,-3.521643280982971191e-01,-1.901280581951141357e-01,1.167817972600460052e-02,6.310129165649414062e-02,-4.889700189232826233e-02,9.642712026834487915e-02,6.284896731376647949e-01,-4.018170833587646484e-01,-7.384909987449645996e-01,5.605395436286926270e-01,-2.129764705896377563e-01,-1.148663535714149475e-01,-3.810486495494842529e-01,-1.447503119707107544e-01,4.331696331501007080e-01,-4.783859848976135254e-02,-4.876604080200195312e-01,4.914976954460144043e-01,4.043912291526794434e-01,-7.544568777084350586e-01,-5.366781353950500488e-01,4.052211642265319824e-01,2.750297822058200836e-02,2.207091003656387329e-01,2.809518575668334961e-01,1.855302006006240845e-01,-1.702701151371002197e-01,-3.790050745010375977e-01,-8.546294271945953369e-02,5.565334483981132507e-02,-2.361675798892974854e-01,-2.445280849933624268e-01,-5.276619195938110352e-01,2.873708009719848633e-01,-1.233571965713053942e-04,-2.982790172100067139e-01,-5.421733856201171875e-01,3.478837013244628906e-01,2.181906625628471375e-02,-1.842456907033920288e-01,1.007492095232009888e-01,-7.809937000274658203e-02,4.902423173189163208e-02,-4.545190371572971344e-03,3.362241983413696289e-01,4.344723746180534363e-02,-1.711023300886154175e-01,-1.498098969459533691e-01,5.586891770362854004e-01,-4.065346121788024902e-01,6.637175679206848145e-01,-6.546292901039123535e-01,-1.381176263093948364e-01,-7.089318335056304932e-02,3.027586340904235840e-01,-1.837223023176193237e-01,-5.393942594528198242e-01,-1.455426332540810108e-03,4.273234903812408447e-01,1.245673969388008118e-01,-3.077951669692993164e-01,3.799324929714202881e-01,2.411205787211656570e-04,-5.343292951583862305e-01,-8.364611305296421051e-03,-6.320017576217651367e-01,-2.482234835624694824e-01,6.883141398429870605e-01,1.028252299875020981e-02,1.956814378499984741e-01,4.907851815223693848e-01,-1.475464254617691040e-01,4.918058514595031738e-01,-1.118962615728378296e-01,-2.382976263761520386e-01,-3.336903750896453857e-01,-3.811514377593994141e-01,3.141651153564453125e-01,-8.908853487810119987e-06,-5.238721370697021484e-01,4.730086028575897217e-01,-6.636289358139038086e-01,7.515612840652465820e-01,-3.413308262825012207e-01,-5.547038912773132324e-01,2.400926649570465088e-01,-9.795635938644409180e-02,7.154341042041778564e-02,-2.502194643020629883e-01,-6.151930689811706543e-01,3.083912283182144165e-02,3.839755058288574219e-02,-3.352021425962448120e-02,-2.556765973567962646e-01,-2.312363088130950928e-01,4.950739145278930664e-01,-3.709155619144439697e-01,6.974062919616699219e-01,1.261463314294815063e-01,-5.325852036476135254e-01,-1.310092955827713013e-02,2.503630816936492920e-01,1.889005452394485474e-01,2.491578012704849243e-01,2.090756148099899292e-01,-3.405230641365051270e-01,7.153367251157760620e-02,-2.593447640538215637e-02,4.812311232089996338e-01
7.238948717713356018e-03,8.814020454883575439e-02,-6.520738005638122559e-01,6.088699698448181152e-01,3.509234189987182617e-01,3.494246676564216614e-02,-9.748039394617080688e-02,1.787943840026855469e-01,6.592820882797241211e-01,5.197227001190185547e-01,-2.738155424594879150e-01,-3.350277245044708252e-01,4.379936158657073975e-01,6.137267351150512695e-01,6.486427783966064453e-01,6.242100596427917480e-01,-8.089500479400157928e-03,4.711503088474273682e-01,-6.742438673973083496e-01,-5.880424380302429199e-01,-5.896210670471191406e-01,5.115103721618652344e-01,4.789810776710510254e-01,-1.771041601896286011e-01,1.708239167928695679e-01,5.453002452850341797e-01,-6.251034140586853027e-01,-1.879285275936126709e-01,5.178978443145751953e-01,2.037712745368480682e-02,2.572824805974960327e-02,-7.820159196853637695e-01,5.367960333824157715e-01,6.111341118812561035e-01,-6.627594586461782455e-03,-6.544860005378723145e-01,5.277523398399353027e-01,6.615143418312072754e-01,-3.711633086204528809e-01,-5.876986384391784668e-01,6.774571537971496582e-01,1.669264435768127441e-01,5.824726223945617676e-01,3.478438258171081543e-01,-2.949533164501190186e-01,-5.797173976898193359e-01,-6.611413359642028809e-01,-1.280265003442764282e-01,1.995551884174346924e-01,-8.859888464212417603e-02,6.158465519547462463e-03,2.353340089321136475e-01,6.334034204483032227e-01,-1.669709235429763794e-01,2.194053307175636292e-02,-6.398917436599731445e-01,5.280372500419616699e-01,2.421856485307216644e-02,-6.006385087966918945e-01,-5.991672277450561523e-01,-9.513622522354125977e-02,4.746519960463047028e-03,2.772232145071029663e-02,2.065809965133666992e-01,1.390016824007034302e-01,-2.670393288135528564e-01,2.063369601964950562e-01,6.159669160842895508e-01,-6.858130693435668945e-01,8.253768831491470337e-02,-5.503703355789184570e-01,-7.296154741197824478e-03,-5.150156617164611816e-01,6.411129236221313477e-01,-3.680725097656250000e-01,-6.049374938011169434e-01,-1.273589441552758217e-03,6.585929989814758301e-01,-3.539247810840606689e-01,-6.647701263427734375e-01,7.016592025756835938e-01,4.221394483465701342e-04,-5.917611718177795410e-01,1.044382993131875992e-02,-6.114792227745056152e-01,-6.297346353530883789e-01,1.671403646469116211e-01,4.852151032537221909e-03,6.017433404922485352e-01,5.584314465522766113e-01,-2.143470942974090576e-01,-2.976530790328979492e-01,-6.640214323997497559e-01,3.768393993377685547e-01,-6.624506115913391113e-01,1.339903771877288818e-01,3.211013972759246826e-01,-4.325745067035313696e-06,-4.959639906883239746e-01,5.390048027038574219e-01,-2.831474840641021729e-01,2.795459628105163574e-01,-7.277097105979919434e-01,-5.861555933952331543e-01,7.544719576835632324e-01,1.679813414812088013e-01,-7.162073850631713867e-01,-6.142366528511047363e-01,6.701672822237014771e-02,-2.724485285580158234e-02,6.740510463714599609e-01,-6.382073163986206055e-01,-6.995596885681152344e-01,2.088393419981002808e-01,6.261780858039855957e-01,-6.632913947105407715e-01,2.121311277151107788e-01,3.995405137538909912e-01,-6.349350810050964355e-01,5.580947399139404297e-01,5.420356392860412598e-01,6.892278790473937988e-01,6.362943649291992188e-01,-3.961763083934783936e-01,-5.363291501998901367e-01,-5.443820953369140625e-01,-2.538329549133777618e-02,5.314400196075439453e-01
-1.167123764753341675e-02,8.815442025661468506e-02,-6.753488183021545410e-01,5.241314172744750977e-01,4.250327348709106445e-01,7.329996675252914429e-02,-9.324744343757629395e-02,3.128504753112792969e-01,5.197227001190185547e-01,5.870142579078674316e-01,-8.198159188032150269e-02,-3.865234553813934326e-01,6.068357825279235840e-01,5.723772048950195312e-01,6.542816758155822754e-01,7.301495671272277832e-01,-1.166959572583436966e-02,5.508684515953063965e-01,-6.580796241760253906e-01,-5.337679386138916016e-01,-3.695199489593505859e-01,5.010036230087280273e-01,5.066553354263305664e-01,-2.778018414974212646e-01,1.454551964998245239e-01,6.563965082168579102e-01,-6.739801168441772461e-01,-3.558573424816131592e-01,6.878098845481872559e-01,-1.287452727556228638e-01,1.333187669515609741e-01,-7.349644303321838379e-01,3.720689713954925537e-01,6.057122349739074707e-01,-2.337667159736156464e-02,-7.589986920356750488e-01,5.976912379264831543e-01,6.619090437889099121e-01,-6.002326607704162598e-01,-5.332230925559997559e-01,5.798996090888977051e-01,6.146397907286882401e-03,6.447623372077941895e-01,4.118172526359558105e-01,-6.710816919803619385e-02,-6.690181493759155273e-01,-6.304154396057128906e-01,-1.583253145217895508e-01,-8.416599594056606293e-03,-1.199634894728660583e-01,5.212292075157165527e-02,9.388502803631126881e-04,4.793508052825927734e-01,-8.345584571361541748e-02,-1.992543935775756836e-01,-7.355329394340515137e-01,3.957524299621582031e-01,2.589754015207290649e-02,-6.112833619117736816e-01,-4.538097381591796875e-01,-4.157754126936197281e-03,-1.526180058717727661e-01,1.938696205615997314e-02,2.045448124408721924e-01,1.791873387992382050e-02,-2.539356350898742676e-01,3.530623018741607666e-01,7.202456593513488770e-01,-6.954040527343750000e-01,2.488160282373428345e-01,-6.263931393623352051e-01,-3.149049282073974609e-01,-3.094253540039062500e-01,6.432009935379028320e-01,-1.863166838884353638e-01,-6.680929660797119141e-01,-2.436902374029159546e-03,7.234552502632141113e-01,-1.740942150354385376e-01,-6.338109374046325684e-01,6.613294482231140137e-01,4.130519810132682323e-04,-6.217903494834899902e-01,1.889230450615286827e-03,-6.393623948097229004e-01,-6.468021869659423828e-01,3.354812562465667725e-01,8.037031628191471100e-03,6.361656188964843750e-01,5.591452121734619141e-01,-1.100699678063392639e-01,-1.432306766510009766e-01,-5.769927501678466797e-01,2.361045926809310913e-01,-6.160094738006591797e-01,7.217525690793991089e-02,4.640803039073944092e-01,-5.709698598366230726e-06,-5.896345376968383789e-01,5.838798880577087402e-01,-3.389746546745300293e-01,4.174739718437194824e-01,-6.707975864410400391e-01,-6.490738987922668457e-01,7.358672618865966797e-01,-6.825061887502670288e-02,-5.768888592720031738e-01,-6.945565342903137207e-01,-2.844102680683135986e-02,-1.075076498091220856e-02,5.262000560760498047e-01,-5.838471651077270508e-01,-6.396226882934570312e-01,1.419387105852365494e-02,6.846574544906616211e-01,-6.327527761459350586e-01,3.821306228637695312e-01,4.749065041542053223e-01,-6.852515935897827148e-01,4.420578181743621826e-01,6.473836302757263184e-01,5.507538318634033203e-01,5.529240369796752930e-01,-3.877015709877014160e-01,-4.761003553867340088e-01,-4.322863817214965820e-01,-5.213321745395660400e-02,5.646046400070190430e-01
-2.821203768253326416e-01,-2.204238995909690857e-02,1.477529555559158325e-01,-2.429059296846389771e-01,-2.789935171604156494e-01,2.311371415853500366e-01,-8.831362426280975342e-02,-2.523436844348907471e-01,-2.738155424594879150e-01,-8.198159188032150269e-02,5.487099289894104004e-01,2.025665193796157837e-01,1.629977524280548096e-01,-2.121651619672775269e-01,-2.141897529363632202e-01,-2.223185896873474121e-01,-6.509518716484308243e-03,-1.255958434194326401e-02,2.180961817502975464e-01,3.465327024459838867e-01,4.908207952976226807e-01,-1.347907353192567825e-02,-1.403702422976493835e-02,-1.534512937068939209e-01,-9.675611555576324463e-02,-1.679944843053817749e-01,1.767427325248718262e-01,1.255840510129928589e-01,-9.687022864818572998e-02,-1.095894202589988708e-01,2.334739863872528076e-01,3.452182710170745850e-01,-2.616321444511413574e-01,-3.361632227897644043e-01,-4.247285425662994385e-03,1.151502206921577454e-01,-1.619514375925064087e-01,-2.746699154376983643e-01,7.042025774717330933e-02,4.725202918052673340e-01,-4.179885983467102051e-01,-3.310477733612060547e-01,-3.596382588148117065e-02,-5.260317027568817139e-02,3.224199712276458740e-01,-4.395091533660888672e-02,3.322932422161102295e-01,-6.097535137087106705e-03,-4.095861613750457764e-01,4.701323807239532471e-02,1.987787932157516479e-01,-7.276470214128494263e-02,-4.834486246109008789e-01,1.187797784805297852e-01,-2.124014049768447876e-01,2.196603268384933472e-01,-4.310438334941864014e-01,-8.996866643428802490e-03,1.201003268361091614e-01,2.216943651437759399e-01,2.175261974334716797e-01,-3.003278374671936035e-01,-1.305445842444896698e-02,-2.118001431226730347e-01,-2.345606982707977295e-01,1.159976422786712646e-01,3.629813790321350098e-01,-1.848033964633941650e-01,2.233686745166778564e-01,-9.262578934431076050e-02,3.183962106704711914e-01,-4.692240953445434570e-01,3.778559267520904541e-01,-1.753755211830139160e-01,4.427018463611602783e-01,2.687019705772399902e-01,-1.691879821009933949e-03,-1.898838281631469727e-01,2.643455862998962402e-01,2.373629659414291382e-01,-3.636730611324310303e-01,-1.475948665756732225e-04,2.920667231082916260e-01,-8.292078040540218353e-03,3.809233903884887695e-01,1.244305074214935303e-01,-1.173152178525924683e-01,2.133220114046707749e-04,-3.704276308417320251e-02,-2.996737062931060791e-01,3.144131898880004883e-01,1.131472457200288773e-02,2.375010550022125244e-01,-1.129296347498893738e-01,3.218730986118316650e-01,1.219242885708808899e-01,1.770184375345706940e-02,6.360467068589059636e-06,1.334092915058135986e-01,-2.046220004558563232e-01,3.232247233390808105e-01,-1.994380801916122437e-01,3.354468643665313721e-01,2.455565184354782104e-01,-2.474035173654556274e-01,-4.675268232822418213e-01,2.703669071197509766e-01,1.002208609133958817e-02,1.551070064306259155e-01,1.023454219102859497e-02,-2.433072030544281006e-01,1.842259764671325684e-01,2.849930226802825928e-01,-2.849880158901214600e-01,-2.580932378768920898e-01,2.957366108894348145e-01,-7.526286691427230835e-02,3.399127721786499023e-02,2.921172082424163818e-01,-2.081640213727951050e-01,-7.235183846205472946e-03,-3.847591876983642578e-01,-3.083200156688690186e-01,-1.005623415112495422e-01,3.342989981174468994e-01,1.693841665983200073e-01,-2.307426556944847107e-02,-2.443898171186447144e-01
-2.272096872329711914e-01,-5.950952321290969849e-02,4.147508740425109863e-01,-2.658495903015136719e-01,-5.361660718917846680e-01,1.924646198749542236e-01,-1.481220475398004055e-03,-5.800294280052185059e-01,-3.350277245044708252e-01,-3.865234553813934326e-01,2.025665193796157837e-01,4.900754690170288086e-01,-3.249123394489288330e-01,-4.132151901721954346e-01,-4.752402603626251221e-01,-7.193635106086730957e-01,2.615403383970260620e-03,-3.278159797191619873e-01,3.813191056251525879e-01,4.497074484825134277e-01,3.098703920841217041e-01,-2.116182297468185425e-01,-2.222426235675811768e-01,1.086221039295196533e-01,-1.186313480138778687e-01,-6.410043835639953613e-01,5.386797785758972168e-01,5.557840466499328613e-01,-6.144070625305175781e-01,1.287017464637756348e-01,4.702690243721008301e-02,5.863704681396484375e-01,-5.669632554054260254e-02,-5.431564450263977051e-01,3.511293977499008179e-02,6.147319674491882324e-01,-5.111020803451538086e-01,-5.156218409538269043e-01,6.960980892181396484e-01,5.635540485382080078e-01,-4.896723330020904541e-01,-4.514957591891288757e-02,-3.709379732608795166e-01,-3.031946122646331787e-01,-5.996908247470855713e-02,3.760741651058197021e-01,4.951696693897247314e-01,7.929932326078414917e-02,-7.884254306554794312e-02,2.343364953994750977e-01,1.486827135086059570e-01,2.865428924560546875e-01,-3.883031904697418213e-01,5.077346414327621460e-02,2.013297677040100098e-01,6.429938077926635742e-01,-4.029597043991088867e-01,-2.246169745922088623e-02,3.198789358139038086e-01,1.364405155181884766e-01,6.210124492645263672e-02,-2.857551909983158112e-02,-5.886779632419347763e-03,-2.424163818359375000e-01,-3.400363028049468994e-02,1.967629343271255493e-01,7.520538289099931717e-03,-6.270954608917236328e-01,5.437256693840026855e-01,-4.499153494834899902e-01,6.498224735260009766e-01,1.785694956779479980e-01,2.164411693811416626e-01,-4.481629729270935059e-01,1.614135205745697021e-01,5.730431675910949707e-01,1.552580390125513077e-03,-5.751890540122985840e-01,6.674215197563171387e-03,4.572542905807495117e-01,-5.149505734443664551e-01,-3.203017404302954674e-04,5.897771716117858887e-01,2.756012836471199989e-03,6.417261958122253418e-01,4.205789268016815186e-01,-5.032299757003784180e-01,-8.403074927628040314e-03,-3.619032800197601318e-01,-5.260358452796936035e-01,1.250525861978530884e-01,-2.378436774015426636e-01,2.989718616008758545e-01,2.395006828010082245e-03,4.365866482257843018e-01,1.737952679395675659e-01,-2.841479182243347168e-01,6.034096259099896997e-06,5.388223528861999512e-01,-4.716725647449493408e-01,5.435901284217834473e-01,-6.182198524475097656e-01,5.076650977134704590e-01,5.951755642890930176e-01,-4.522010982036590576e-01,3.998532891273498535e-02,1.937427967786788940e-01,4.072687923908233643e-01,3.456893563270568848e-01,-9.777901694178581238e-03,-2.868652343750000000e-01,2.672103345394134521e-01,4.268235862255096436e-01,4.788526147603988647e-02,-5.825394988059997559e-01,4.796120822429656982e-01,-5.512995719909667969e-01,-2.277588695287704468e-01,5.986890196800231934e-01,-1.788718998432159424e-01,-3.656755387783050537e-01,-3.553718924522399902e-01,-3.891153037548065186e-01,4.613512195646762848e-03,4.480942487716674805e-01,1.537814736366271973e-01,1.667417772114276886e-02,-4.934558272361755371e-01
