9.999983310699462891e-01,-9.999987483024597168e-01,-9.999940991401672363e-01,9.999977946281433105e-01,9.999989867210388184e-01,-9.999988675117492676e-01,9.999956488609313965e-01,9.999989867210388184e-01,-9.999970197677612305e-01,9.999982714653015137e-01,-9.999988079071044922e-01,-9.999988675117492676e-01,9.999980330467224121e-01,9.999985098838806152e-01,9.999930858612060547e-01,9.999959468841552734e-01,9.999974370002746582e-01,-9.999983906745910645e-01,9.999930262565612793e-01,-9.999991059303283691e-01,-9.999990463256835938e-01,9.999932050704956055e-01,9.999985694885253906e-01,9.999981522560119629e-01,9.999886751174926758e-01,9.999989271163940430e-01,-9.999982714653015137e-01,-9.999989271163940430e-01,9.999899268150329590e-01,-9.999960660934448242e-01,-9.999920129776000977e-01,-9.999983906745910645e-01,9.999875426292419434e-01,9.999959468841552734e-01,-9.999978542327880859e-01,9.999548196792602539e-01,9.999991655349731445e-01,9.999985694885253906e-01,9.999905824661254883e-01,-9.999988079071044922e-01,9.999986290931701660e-01,-9.999790787696838379e-01,9.999818205833435059e-01,9.999989271163940430e-01,9.999984502792358398e-01,9.999982118606567383e-01,-9.999935626983642578e-01,9.999985098838806152e-01,9.999987483024597168e-01,-9.999985098838806152e-01,-9.999987483024597168e-01,-9.999983906745910645e-01,-9.999988079071044922e-01,-9.999930858612060547e-01,-9.999983906745910645e-01,-9.999981522560119629e-01,-9.999935626983642578e-01,9.999814629554748535e-01,9.999966621398925781e-01,9.999982714653015137e-01,-9.999984502792358398e-01,9.999989271163940430e-01,9.999983906745910645e-01,9.999954700469970703e-01,-9.999951720237731934e-01,-9.999988079071044922e-01,-9.999991059303283691e-01,-9.999959468841552734e-01,-9.999990463256835938e-01,9.999985098838806152e-01,-9.999987483024597168e-01,9.999976754188537598e-01,9.999770522117614746e-01,-9.999936223030090332e-01,-9.999803304672241211e-01,-9.999983310699462891e-01,9.999922513961791992e-01,9.999986290931701660e-01,-9.999945759773254395e-01,-9.999958872795104980e-01,9.999827146530151367e-01,9.999977350234985352e-01,-9.999989271163940430e-01,9.999980926513671875e-01,-9.999982714653015137e-01,-9.999887943267822266e-01,9.999771714210510254e-01,9.999989867210388184e-01,9.999888539314270020e-01,6.136766076087951660e-01,-9.999958872795104980e-01,9.999982714653015137e-01,-9.999843239784240723e-01,-9.999976158142089844e-01,9.999980330467224121e-01,-9.999977350234985352e-01,-9.999895095825195312e-01,9.999991655349731445e-01,-9.999988079071044922e-01,9.999966621398925781e-01,-9.999967813491821289e-01,9.999988675117492676e-01,-9.997746944427490234e-01,9.999070763587951660e-01,9.999986290931701660e-01,9.999970793724060059e-01,-9.999813437461853027e-01,-9.999983906745910645e-01,-9.999936819076538086e-01,9.999985694885253906e-01,-9.999985694885253906e-01,9.999980330467224121e-01,-9.999983310699462891e-01,-9.999491572380065918e-01,9.999990463256835938e-01,-9.999974966049194336e-01,9.999990463256835938e-01,-9.999982714653015137e-01,-9.999952316284179688e-01,-9.999976158142089844e-01,-9.999988079071044922e-01,9.999964833259582520e-01,9.999982714653015137e-01,-9.999975562095642090e-01,-9.999905228614807129e-01,-9.999953508377075195e-01,9.999896287918090820e-01,-9.999946951866149902e-01
-9.999987483024597168e-01,9.999988675117492676e-01,9.999950528144836426e-01,-9.999981522560119629e-01,-9.999991655349731445e-01,9.999991655349731445e-01,-9.999963641166687012e-01,-9.999992251396179199e-01,9.999974370002746582e-01,-9.999985694885253906e-01,9.999990463256835938e-01,9.999991655349731445e-01,-9.999983906745910645e-01,-9.999986886978149414e-01,-9.999942779541015625e-01,-9.999966621398925781e-01,-9.999977946281433105e-01,9.999985694885253906e-01,-9.999942779541015625e-01,9.999992847442626953e-01,9.999991655349731445e-01,-9.999942779541015625e-01,-9.999988079071044922e-01,-9.999985098838806152e-01,-9.999907016754150391e-01,-9.999991655349731445e-01,9.999984502792358398e-01,9.999992251396179199e-01,-9.999917149543762207e-01,9.999967813491821289e-01,9.999935030937194824e-01,9.999986886978149414e-01,-9.999898076057434082e-01,-9.999966025352478027e-01,9.999982714653015137e-01,-9.999628067016601562e-01,-9.999992251396179199e-01,-9.999988079071044922e-01,-9.999922513961791992e-01,9.999989867210388184e-01,-9.999988675117492676e-01,9.999827742576599121e-01,-9.999849796295166016e-01,-9.999991655349731445e-01,-9.999986290931701660e-01,-9.999985694885253906e-01,9.999946951866149902e-01,-9.999988079071044922e-01,-9.999989867210388184e-01,9.999987483024597168e-01,9.999990463256835938e-01,9.999986886978149414e-01,9.999991059303283691e-01,9.999942779541015625e-01,9.999986290931701660e-01,9.999985098838806152e-01,9.999946355819702148e-01,-9.999846816062927246e-01,-9.999972581863403320e-01,-9.999985694885253906e-01,9.999986290931701660e-01,-9.999991655349731445e-01,-9.999986886978149414e-01,-9.999963045120239258e-01,9.999959468841552734e-01,9.999989867210388184e-01,9.999992847442626953e-01,9.999966025352478027e-01,9.999991655349731445e-01,-9.999987483024597168e-01,9.999990463256835938e-01,-9.999981522560119629e-01,-9.999810457229614258e-01,9.999947547912597656e-01,9.999837279319763184e-01,9.999986290931701660e-01,-9.999936223030090332e-01,-9.999988675117492676e-01,9.999955296516418457e-01,9.999965429306030273e-01,-9.999857544898986816e-01,-9.999982118606567383e-01,9.999992251396179199e-01,-9.999983906745910645e-01,9.999985694885253906e-01,9.999907016754150391e-01,-9.999812245368957520e-01,-9.999991655349731445e-01,-9.999908208847045898e-01,-6.138143539428710938e-01,9.999965429306030273e-01,-9.999985694885253906e-01,9.999871253967285156e-01,9.999979734420776367e-01,-9.999982714653015137e-01,9.999982118606567383e-01,9.999914169311523438e-01,-9.999992251396179199e-01,9.999990463256835938e-01,-9.999971389770507812e-01,9.999973177909851074e-01,-9.999991059303283691e-01,9.998144507408142090e-01,-9.999234676361083984e-01,-9.999988675117492676e-01,-9.999976158142089844e-01,9.999846220016479492e-01,9.999986886978149414e-01,9.999948143959045410e-01,-9.999988675117492676e-01,9.999988675117492676e-01,-9.999983906745910645e-01,9.999986290931701660e-01,9.999580979347229004e-01,-9.999992251396179199e-01,9.999978542327880859e-01,-9.999992251396179199e-01,9.999985098838806152e-01,9.999959468841552734e-01,9.999980926513671875e-01,9.999989867210388184e-01,-9.999971389770507812e-01,-9.999985098838806152e-01,9.999979734420776367e-01,9.999921321868896484e-01,9.999960660934448242e-01,-9.999915361404418945e-01,9.999956488609313965e-01
-9.999940991401672363e-01,9.999950528144836426e-01,9.999779462814331055e-01,-9.999921917915344238e-01,-9.999959468841552734e-01,9.999955892562866211e-01,-9.999839663505554199e-01,-9.999964237213134766e-01,9.999887943267822266e-01,-9.999936223030090332e-01,9.999955892562866211e-01,9.999960660934448242e-01,-9.999929070472717285e-01,-9.999945163726806641e-01,-9.999744892120361328e-01,-9.999852776527404785e-01,-9.999904632568359375e-01,9.999938011169433594e-01,-9.999743700027465820e-01,9.999966025352478027e-01,9.999962449073791504e-01,-9.999749064445495605e-01,-9.999948740005493164e-01,-9.999929666519165039e-01,-9.999582171440124512e-01,-9.999961853027343750e-01,9.999935626983642578e-01,9.999960064888000488e-01,-9.999626874923706055e-01,9.999856948852539062e-01,9.999704360961914062e-01,9.999938011169433594e-01,-9.999540448188781738e-01,-9.999850988388061523e-01,9.999924302101135254e-01,-9.998337030410766602e-01,-9.999963045120239258e-01,-9.999948143959045410e-01,-9.999652504920959473e-01,9.999958872795104980e-01,-9.999951124191284180e-01,9.999226927757263184e-01,-9.999327659606933594e-01,-9.999960064888000488e-01,-9.999940395355224609e-01,-9.999936819076538086e-01,9.999760389328002930e-01,-9.999946355819702148e-01,-9.999955892562866211e-01,9.999945759773254395e-01,9.999955296516418457e-01,9.999940991401672363e-01,9.999958872795104980e-01,9.999744892120361328e-01,9.999940395355224609e-01,9.999933242797851562e-01,9.999759197235107422e-01,-9.999312758445739746e-01,-9.999874234199523926e-01,-9.999938607215881348e-01,9.999943375587463379e-01,-9.999961256980895996e-01,-9.999943375587463379e-01,-9.999831914901733398e-01,9.999821186065673828e-01,9.999957680702209473e-01,9.999966025352478027e-01,9.999853968620300293e-01,9.999961853027343750e-01,-9.999945759773254395e-01,9.999955296516418457e-01,-9.999913573265075684e-01,-9.999149441719055176e-01,9.999764561653137207e-01,9.999274611473083496e-01,9.999939799308776855e-01,-9.999715089797973633e-01,-9.999952316284179688e-01,9.999800324440002441e-01,9.999849796295166016e-01,-9.999362230300903320e-01,-9.999915957450866699e-01,9.999958276748657227e-01,-9.999929666519165039e-01,9.999938011169433594e-01,9.999587535858154297e-01,-9.999158382415771484e-01,-9.999960660934448242e-01,-9.999588727951049805e-01,-6.115861535072326660e-01,9.999848008155822754e-01,-9.999940395355224609e-01,9.999422430992126465e-01,9.999912381172180176e-01,-9.999928474426269531e-01,9.999920725822448730e-01,9.999616742134094238e-01,-9.999963045120239258e-01,9.999956488609313965e-01,-9.999874234199523926e-01,9.999879598617553711e-01,-9.999958872795104980e-01,9.991701841354370117e-01,-9.996578693389892578e-01,-9.999951124191284180e-01,-9.999894499778747559e-01,9.999311566352844238e-01,9.999941587448120117e-01,9.999768137931823730e-01,-9.999945759773254395e-01,9.999946355819702148e-01,-9.999928474426269531e-01,9.999939799308776855e-01,9.998127818107604980e-01,-9.999963641166687012e-01,9.999910593032836914e-01,-9.999961853027343750e-01,9.999933242797851562e-01,9.999821186065673828e-01,9.999911785125732422e-01,9.999954104423522949e-01,-9.999873042106628418e-01,-9.999934434890747070e-01,9.999909996986389160e-01,9.999652504920959473e-01,9.999827742576599121e-01,-9.999620318412780762e-01,9.999804496765136719e-01
9.999977946281433105e-01,-9.999981522560119629e-01,-9.999921917915344238e-01,9.999971985816955566e-01,9.999985098838806152e-01,-9.999983310699462891e-01,9.999943971633911133e-01,9.999985694885253906e-01,-9.999960064888000488e-01,9.999976754188537598e-01,-9.999983906745910645e-01,-9.999985098838806152e-01,9.999974370002746582e-01,9.999979138374328613e-01,9.999909400939941406e-01,9.999948143959045410e-01,9.999966025352478027e-01,-9.999977946281433105e-01,9.999909996986389160e-01,-9.999988079071044922e-01,-9.999986886978149414e-01,9.999911785125732422e-01,9.999981522560119629e-01,9.999974966049194336e-01,9.999854564666748047e-01,9.999985694885253906e-01,-9.999976158142089844e-01,-9.999985694885253906e-01,9.999869465827941895e-01,-9.999949336051940918e-01,-9.999896883964538574e-01,-9.999977946281433105e-01,9.999839663505554199e-01,9.999946355819702148e-01,-9.999971985816955566e-01,9.999418854713439941e-01,9.999986290931701660e-01,9.999981522560119629e-01,9.999877810478210449e-01,-9.999983906745910645e-01,9.999981522560119629e-01,-9.999729394912719727e-01,9.999765157699584961e-01,9.999985098838806152e-01,9.999978542327880859e-01,9.999976754188537598e-01,-9.999916553497314453e-01,9.999979734420776367e-01,9.999983906745910645e-01,-9.999979734420776367e-01,-9.999983310699462891e-01,-9.999978542327880859e-01,-9.999983310699462891e-01,-9.999909400939941406e-01,-9.999978542327880859e-01,-9.999976158142089844e-01,-9.999915361404418945e-01,9.999760389328002930e-01,9.999955296516418457e-01,9.999977350234985352e-01,-9.999978542327880859e-01,9.999985694885253906e-01,9.999979734420776367e-01,9.999940991401672363e-01,-9.999936819076538086e-01,-9.999983310699462891e-01,-9.999987483024597168e-01,-9.999948143959045410e-01,-9.999985694885253906e-01,9.999980926513671875e-01,-9.999983310699462891e-01,9.999969005584716797e-01,9.999703764915466309e-01,-9.999917149543762207e-01,-9.999746084213256836e-01,-9.999977946281433105e-01,9.999899864196777344e-01,9.999981522560119629e-01,-9.999929666519165039e-01,-9.999946355819702148e-01,9.999777078628540039e-01,9.999970197677612305e-01,-9.999985098838806152e-01,9.999974370002746582e-01,-9.999977350234985352e-01,-9.999855160713195801e-01,9.999705553054809570e-01,9.999986290931701660e-01,9.999855756759643555e-01,6.134528517723083496e-01,-9.999946355819702148e-01,9.999978542327880859e-01,-9.999797940254211426e-01,-9.999969005584716797e-01,9.999973773956298828e-01,-9.999970197677612305e-01,-9.999866485595703125e-01,9.999986290931701660e-01,-9.999983906745910645e-01,9.999955296516418457e-01,-9.999957084655761719e-01,9.999984502792358398e-01,-9.997101426124572754e-01,9.998803734779357910e-01,9.999981522560119629e-01,9.999961853027343750e-01,-9.999758005142211914e-01,-9.999979138374328613e-01,-9.999918341636657715e-01,9.999980926513671875e-01,-9.999980926513671875e-01,9.999973773956298828e-01,-9.999977946281433105e-01,-9.999345541000366211e-01,9.999986290931701660e-01,-9.999966621398925781e-01,9.999985694885253906e-01,-9.999975562095642090e-01,-9.999937415122985840e-01,-9.999967217445373535e-01,-9.999982714653015137e-01,9.999954700469970703e-01,9.999975562095642090e-01,-9.999967813491821289e-01,-9.999877214431762695e-01,-9.999938607215881348e-01,9.999866485595703125e-01,-9.999930858612060547e-01
9.999989867210388184e-01,-9.999991655349731445e-01,-9.999959468841552734e-01,9.999985098838806152e-01,9.999992847442626953e-01,-9.999993443489074707e-01,9.999971389770507812e-01,9.999994039535522461e-01,-9.999979734420776367e-01,9.999988079071044922e-01,-9.999993443489074707e-01,-9.999992847442626953e-01,9.999986886978149414e-01,9.999990463256835938e-01,9.999953508377075195e-01,9.999973177909851074e-01,9.999982118606567383e-01,-9.999989271163940430e-01,9.999952912330627441e-01,-9.999994039535522461e-01,-9.999994039535522461e-01,9.999954700469970703e-01,9.999991059303283691e-01,9.999988079071044922e-01,9.999924302101135254e-01,9.999993443489074707e-01,-9.999987483024597168e-01,-9.999994039535522461e-01,9.999932646751403809e-01,-9.999973773956298828e-01,-9.999946951866149902e-01,-9.999989271163940430e-01,9.999916553497314453e-01,9.999972581863403320e-01,-9.999986290931701660e-01,9.999698996543884277e-01,9.999993443489074707e-01,9.999991059303283691e-01,9.999937415122985840e-01,-9.999992847442626953e-01,9.999991655349731445e-01,-9.999859929084777832e-01,9.999879598617553711e-01,9.999992847442626953e-01,9.999988675117492676e-01,9.999988079071044922e-01,-9.999956488609313965e-01,9.999990463256835938e-01,9.999993443489074707e-01,-9.999990463256835938e-01,-9.999991059303283691e-01,-9.999988675117492676e-01,-9.999991655349731445e-01,-9.999952912330627441e-01,-9.999989271163940430e-01,-9.999987483024597168e-01,-9.999957084655761719e-01,9.999875426292419434e-01,9.999977350234985352e-01,9.999988675117492676e-01,-9.999989271163940430e-01,9.999993443489074707e-01,9.999989867210388184e-01,9.999970197677612305e-01,-9.999967217445373535e-01,-9.999991655349731445e-01,-9.999994039535522461e-01,-9.999973177909851074e-01,-9.999993443489074707e-01,9.999990463256835938e-01,-9.999992251396179199e-01,9.999985098838806152e-01,9.999846220016479492e-01,-9.999957084655761719e-01,-9.999868869781494141e-01,-9.999988079071044922e-01,9.999948143959045410e-01,9.999991059303283691e-01,-9.999963641166687012e-01,-9.999972581863403320e-01,9.999884963035583496e-01,9.999985694885253906e-01,-9.999993443489074707e-01,9.999988079071044922e-01,-9.999988675117492676e-01,-9.999925494194030762e-01,9.999847412109375000e-01,9.999993443489074707e-01,9.999925494194030762e-01,6.139363646507263184e-01,-9.999972581863403320e-01,9.999989271163940430e-01,-9.999896287918090820e-01,-9.999983906745910645e-01,9.999986290931701660e-01,-9.999984502792358398e-01,-9.999930858612060547e-01,9.999993443489074707e-01,-9.999992251396179199e-01,9.999976754188537598e-01,-9.999977946281433105e-01,9.999993443489074707e-01,-9.998496174812316895e-01,9.999380111694335938e-01,9.999991655349731445e-01,9.999980926513671875e-01,-9.999874234199523926e-01,-9.999989271163940430e-01,-9.999957680702209473e-01,9.999991655349731445e-01,-9.999991655349731445e-01,9.999986290931701660e-01,-9.999988675117492676e-01,-9.999660849571228027e-01,9.999994039535522461e-01,-9.999983906745910645e-01,9.999993443489074707e-01,-9.999987483024597168e-01,-9.999968409538269043e-01,-9.999983906745910645e-01,-9.999991655349731445e-01,9.999976754188537598e-01,9.999988675117492676e-01,-9.999983310699462891e-01,-9.999936223030090332e-01,-9.999969005584716797e-01,9.999931454658508301e-01,-9.999964237213134766e-01
-9.999988675117492676e-01,9.999991655349731445e-01,9.999955892562866211e-01,-9.999983310699462891e-01,-9.999993443489074707e-01,9.999991655349731445e-01,-9.999967217445373535e-01,-9.999993443489074707e-01,9.999978542327880859e-01,-9.999986886978149414e-01,9.999992251396179199e-01,9.999993443489074707e-01,-9.999985694885253906e-01,-9.999989271163940430e-01,-9.999948740005493164e-01,-9.999970793724060059e-01,-9.999980330467224121e-01,9.999988079071044922e-01,-9.999948740005493164e-01,9.999993443489074707e-01,9.999993443489074707e-01,-9.999949336051940918e-01,-9.999989867210388184e-01,-9.999986290931701660e-01,-9.999916553497314453e-01,-9.999992847442626953e-01,9.999986886978149414e-01,9.999993443489074707e-01,-9.999925494194030762e-01,9.999971985816955566e-01,9.999941587448120117e-01,9.999988079071044922e-01,-9.999907612800598145e-01,-9.999969601631164551e-01,9.999983906745910645e-01,-9.999666213989257812e-01,-9.999992847442626953e-01,-9.999989271163940430e-01,-9.999930262565612793e-01,9.999991059303283691e-01,-9.999990463256835938e-01,9.999846220016479492e-01,-9.999865293502807617e-01,-9.999992251396179199e-01,-9.999987483024597168e-01,-9.999986886978149414e-01,9.999952316284179688e-01,-9.999989271163940430e-01,-9.999992251396179199e-01,9.999988675117492676e-01,9.999991655349731445e-01,9.999988079071044922e-01,9.999992251396179199e-01,9.999948143959045410e-01,9.999988675117492676e-01,9.999986886978149414e-01,9.999952316284179688e-01,-9.999862313270568848e-01,-9.999974966049194336e-01,-9.999988079071044922e-01,9.999988675117492676e-01,-9.999992847442626953e-01,-9.999988675117492676e-01,-9.999966621398925781e-01,9.999963641166687012e-01,9.999991655349731445e-01,9.999993443489074707e-01,9.999970197677612305e-01,9.999993443489074707e-01,-9.999988675117492676e-01,9.999992251396179199e-01,-9.999983310699462891e-01,-9.999830126762390137e-01,9.999953508377075195e-01,9.999854564666748047e-01,9.999987483024597168e-01,-9.999942779541015625e-01,-9.999991059303283691e-01,9.999960064888000488e-01,9.999969601631164551e-01,-9.999871850013732910e-01,-9.999982714653015137e-01,9.999992847442626953e-01,-9.999985694885253906e-01,9.999988079071044922e-01,9.999917745590209961e-01,-9.999831914901733398e-01,-9.999992251396179199e-01,-9.999918341636657715e-01,-6.138793230056762695e-01,9.999969601631164551e-01,-9.999988079071044922e-01,9.999884963035583496e-01,9.999983310699462891e-01,-9.999985098838806152e-01,9.999983906745910645e-01,9.999923110008239746e-01,-9.999994039535522461e-01,9.999991655349731445e-01,-9.999974370002746582e-01,9.999976158142089844e-01,-9.999991655349731445e-01,9.998332262039184570e-01,-9.999312758445739746e-01,-9.999990463256835938e-01,-9.999978542327880859e-01,9.999861717224121094e-01,9.999988079071044922e-01,9.999953508377075195e-01,-9.999989867210388184e-01,9.999989867210388184e-01,-9.999985694885253906e-01,9.999987483024597168e-01,9.999623894691467285e-01,-9.999992847442626953e-01,9.999982118606567383e-01,-9.999992847442626953e-01,9.999986290931701660e-01,9.999964833259582520e-01,9.999982118606567383e-01,9.999992251396179199e-01,-9.999974370002746582e-01,-9.999987483024597168e-01,9.999982714653015137e-01,9.999930262565612793e-01,9.999966025352478027e-01,-9.999923706054687500e-01,9.999960064888000488e-01
9.999956488609313965e-01,-9.999963641166687012e-01,-9.999839663505554199e-01,9.999943971633911133e-01,9.999971389770507812e-01,-9.999967217445373535e-01,9.999884366989135742e-01,9.999973773956298828e-01,-9.999918937683105469e-01,9.999954700469970703e-01,-9.999967813491821289e-01,-9.999971389770507812e-01,9.999949336051940918e-01,9.999960064888000488e-01,9.999814629554748535e-01,9.999893307685852051e-01,9.999930262565612793e-01,-9.999954700469970703e-01,9.999813437461853027e-01,-9.999975562095642090e-01,-9.999972581863403320e-01,9.999818205833435059e-01,9.999963045120239258e-01,9.999948740005493164e-01,9.999697804450988770e-01,9.999972581863403320e-01,-9.999953508377075195e-01,-9.999970793724060059e-01,9.999729394912719727e-01,-9.999896883964538574e-01,-9.999785423278808594e-01,-9.999955892562866211e-01,9.999665617942810059e-01,9.999892711639404297e-01,-9.999945163726806641e-01,9.998790621757507324e-01,9.999973177909851074e-01,9.999963045120239258e-01,9.999747872352600098e-01,-9.999969601631164551e-01,9.999964237213134766e-01,-9.999438524246215820e-01,9.999511837959289551e-01,9.999971389770507812e-01,9.999956488609313965e-01,9.999954104423522949e-01,-9.999825954437255859e-01,9.999960660934448242e-01,9.999967217445373535e-01,-9.999961256980895996e-01,-9.999967217445373535e-01,-9.999957084655761719e-01,-9.999969601631164551e-01,-9.999814033508300781e-01,-9.999957084655761719e-01,-9.999951720237731934e-01,-9.999824762344360352e-01,9.999499917030334473e-01,9.999909400939941406e-01,9.999954700469970703e-01,-9.999958872795104980e-01,9.999971389770507812e-01,9.999959468841552734e-01,9.999878406524658203e-01,-9.999871253967285156e-01,-9.999969005584716797e-01,-9.999974966049194336e-01,-9.999894499778747559e-01,-9.999973177909851074e-01,9.999961256980895996e-01,-9.999967813491821289e-01,9.999937415122985840e-01,9.999382495880126953e-01,-9.999828934669494629e-01,-9.999472498893737793e-01,-9.999956488609313965e-01,9.999793171882629395e-01,9.999964833259582520e-01,-9.999855160713195801e-01,-9.999892115592956543e-01,9.999536871910095215e-01,9.999939799308776855e-01,-9.999969601631164551e-01,9.999949932098388672e-01,-9.999955296516418457e-01,-9.999698996543884277e-01,9.999388456344604492e-01,9.999971985816955566e-01,9.999702572822570801e-01,6.123660802841186523e-01,-9.999889135360717773e-01,9.999957084655761719e-01,-9.999580383300781250e-01,-9.999936819076538086e-01,9.999947547912597656e-01,-9.999942183494567871e-01,-9.999721646308898926e-01,9.999973773956298828e-01,-9.999967813491821289e-01,9.999908804893493652e-01,-9.999912977218627930e-01,9.999970197677612305e-01,-9.993961453437805176e-01,9.997512102127075195e-01,9.999964833259582520e-01,9.999923706054687500e-01,-9.999498724937438965e-01,-9.999958276748657227e-01,-9.999831318855285645e-01,9.999961256980895996e-01,-9.999960064888000488e-01,9.999948143959045410e-01,-9.999956488609313965e-01,-9.998638033866882324e-01,9.999973773956298828e-01,-9.999935626983642578e-01,9.999973177909851074e-01,-9.999951720237731934e-01,-9.999871253967285156e-01,-9.999936223030090332e-01,-9.999966621398925781e-01,9.999907612800598145e-01,9.999952316284179688e-01,-9.999935030937194824e-01,-9.999747276306152344e-01,-9.999875426292419434e-01,9.999724030494689941e-01,-9.999858140945434570e-01
9.999989867210388184e-01,-9.999992251396179199e-01,-9.999964237213134766e-01,9.999985694885253906e-01,9.999994039535522461e-01,-9.999993443489074707e-01,9.999973773956298828e-01,9.999994039535522461e-01,-9.999981522560119629e-01,9.999989867210388184e-01,-9.999992847442626953e-01,-9.999994039535522461e-01,9.999988675117492676e-01,9.999991655349731445e-01,9.999958276748657227e-01,9.999975562095642090e-01,9.999984502792358398e-01,-9.999989867210388184e-01,9.999958276748657227e-01,-9.999994039535522461e-01,-9.999994039535522461e-01,9.999958872795104980e-01,9.999992251396179199e-01,9.999988675117492676e-01,9.999932050704956055e-01,9.999993443489074707e-01,-9.999989271163940430e-01,-9.999994039535522461e-01,9.999939203262329102e-01,-9.999976158142089844e-01,-9.999952316284179688e-01,-9.999990463256835938e-01,9.999926090240478516e-01,9.999975562095642090e-01,-9.999986886978149414e-01,9.999732971191406250e-01,9.999994635581970215e-01,9.999992251396179199e-01,9.999944567680358887e-01,-9.999992847442626953e-01,9.999991655349731445e-01,-9.999876022338867188e-01,9.999892115592956543e-01,9.999992847442626953e-01,9.999990463256835938e-01,9.999989271163940430e-01,-9.999960660934448242e-01,9.999991655349731445e-01,9.999992847442626953e-01,-9.999991655349731445e-01,-9.999992251396179199e-01,-9.999989867210388184e-01,-9.999992847442626953e-01,-9.999957680702209473e-01,-9.999989867210388184e-01,-9.999989271163940430e-01,-9.999959468841552734e-01,9.999889135360717773e-01,9.999979734420776367e-01,9.999989271163940430e-01,-9.999990463256835938e-01,9.999993443489074707e-01,9.999991059303283691e-01,9.999973177909851074e-01,-9.999970793724060059e-01,-9.999992847442626953e-01,-9.999994039535522461e-01,-9.999975562095642090e-01,-9.999994039535522461e-01,9.999990463256835938e-01,-9.999993443489074707e-01,9.999985694885253906e-01,9.999863505363464355e-01,-9.999961853027343750e-01,-9.999882578849792480e-01,-9.999991059303283691e-01,9.999954104423522949e-01,9.999992251396179199e-01,-9.999966621398925781e-01,-9.999974966049194336e-01,9.999896883964538574e-01,9.999986886978149414e-01,-9.999993443489074707e-01,9.999988675117492676e-01,-9.999990463256835938e-01,-9.999933838844299316e-01,9.999864697456359863e-01,9.999994039535522461e-01,9.999933838844299316e-01,6.139956712722778320e-01,-9.999974370002746582e-01,9.999991059303283691e-01,-9.999907612800598145e-01,-9.999985694885253906e-01,9.999987483024597168e-01,-9.999986290931701660e-01,-9.999937415122985840e-01,9.999994635581970215e-01,-9.999992251396179199e-01,9.999979734420776367e-01,-9.999979138374328613e-01,9.999993443489074707e-01,-9.998666644096374512e-01,9.999449253082275391e-01,9.999992251396179199e-01,9.999982118606567383e-01,-9.999888539314270020e-01,-9.999991059303283691e-01,-9.999961256980895996e-01,9.999991655349731445e-01,-9.999991655349731445e-01,9.999988675117492676e-01,-9.999990463256835938e-01,-9.999698400497436523e-01,9.999994635581970215e-01,-9.999984502792358398e-01,9.999994039535522461e-01,-9.999989271163940430e-01,-9.999970793724060059e-01,-9.999984502792358398e-01,-9.999992847442626953e-01,9.999978542327880859e-01,9.999989271163940430e-01,-9.999985098838806152e-01,-9.999943375587463379e-01,-9.999972581863403320e-01,9.999939203262329102e-01,-9.999967217445373535e-01
-9.999970197677612305e-01,9.999974370002746582e-01,9.999887943267822266e-01,-9.999960064888000488e-01,-9.999979734420776367e-01,9.999978542327880859e-01,-9.999918937683105469e-01,-9.999981522560119629e-01,9.999942779541015625e-01,-9.999967217445373535e-01,9.999977946281433105e-01,9.999979734420776367e-01,-9.999963641166687012e-01,-9.999972581863403320e-01,-9.999870061874389648e-01,-9.999925494194030762e-01,-9.999951124191284180e-01,9.999968409538269043e-01,-9.999870657920837402e-01,9.999983906745910645e-01,9.999981522560119629e-01,-9.999872446060180664e-01,-9.999974370002746582e-01,-9.999964833259582520e-01,-9.999787807464599609e-01,-9.999980330467224121e-01,9.999967217445373535e-01,9.999980330467224121e-01,-9.999811053276062012e-01,9.999928474426269531e-01,9.999850392341613770e-01,9.999969005584716797e-01,-9.999766349792480469e-01,-9.999924302101135254e-01,9.999961256980895996e-01,-9.999154806137084961e-01,-9.999980926513671875e-01,-9.999973177909851074e-01,-9.999824166297912598e-01,9.999978542327880859e-01,-9.999975562095642090e-01,9.999607801437377930e-01,-9.999659061431884766e-01,-9.999979138374328613e-01,-9.999969601631164551e-01,-9.999966621398925781e-01,9.999879002571105957e-01,-9.999973177909851074e-01,-9.999977350234985352e-01,9.999971985816955566e-01,9.999977350234985352e-01,9.999969601631164551e-01,9.999978542327880859e-01,9.999870061874389648e-01,9.999970197677612305e-01,9.999966621398925781e-01,9.999878406524658203e-01,-9.999650716781616211e-01,-9.999936223030090332e-01,-9.999969005584716797e-01,9.999970793724060059e-01,-9.999980330467224121e-01,-9.999971389770507812e-01,-9.999915361404418945e-01,9.999909400939941406e-01,9.999977946281433105e-01,9.999982118606567383e-01,9.999925494194030762e-01,9.999980330467224121e-01,-9.999971985816955566e-01,9.999976754188537598e-01,-9.999956488609313965e-01,-9.999567270278930664e-01,9.999880790710449219e-01,9.999631047248840332e-01,9.999969005584716797e-01,-9.999855160713195801e-01,-9.999975562095642090e-01,9.999899864196777344e-01,9.999924302101135254e-01,-9.999675750732421875e-01,-9.999957680702209473e-01,9.999978542327880859e-01,-9.999963641166687012e-01,9.999967813491821289e-01,9.999790787696838379e-01,-9.999572038650512695e-01,-9.999979734420776367e-01,-9.999791979789733887e-01,-6.129949688911437988e-01,9.999923706054687500e-01,-9.999970197677612305e-01,9.999707937240600586e-01,9.999955892562866211e-01,-9.999963045120239258e-01,9.999959468841552734e-01,9.999805092811584473e-01,-9.999982118606567383e-01,9.999977350234985352e-01,-9.999936223030090332e-01,9.999939799308776855e-01,-9.999979138374328613e-01,9.995779991149902344e-01,-9.998260736465454102e-01,-9.999974966049194336e-01,-9.999947547912597656e-01,9.999650120735168457e-01,9.999970793724060059e-01,9.999881982803344727e-01,-9.999972581863403320e-01,9.999972581863403320e-01,-9.999963045120239258e-01,9.999969005584716797e-01,9.999048113822937012e-01,-9.999981522560119629e-01,9.999954700469970703e-01,-9.999981522560119629e-01,9.999966621398925781e-01,9.999909996986389160e-01,9.999955892562866211e-01,9.999976754188537598e-01,-9.999935626983642578e-01,-9.999966025352478027e-01,9.999955296516418457e-01,9.999824166297912598e-01,9.999912977218627930e-01,-9.999807476997375488e-01,9.999900460243225098e-01
9.999982714653015137e-01,-9.999985694885253906e-01,-9.999936223030090332e-01,9.999976754188537598e-01,9.999988079071044922e-01,-9.999986886978149414e-01,9.999954700469970703e-01,9.999989867210388184e-01,-9.999967217445373535e-01,9.999981522560119629e-01,-9.999987483024597168e-01,-9.999988079071044922e-01,9.999979138374328613e-01,9.999983906745910645e-01,9.999925494194030762e-01,9.999957084655761719e-01,9.999971985816955566e-01,-9.999981522560119629e-01,9.999924898147583008e-01,-9.999990463256835938e-01,-9.999988675117492676e-01,9.999927878379821777e-01,9.999985098838806152e-01,9.999979734420776367e-01,9.999879598617553711e-01,9.999988675117492676e-01,-9.999981522560119629e-01,-9.999988675117492676e-01,9.999892711639404297e-01,-9.999958872795104980e-01,-9.999914765357971191e-01,-9.999982118606567383e-01,9.999867677688598633e-01,9.999957084655761719e-01,-9.999977350234985352e-01,9.999520778656005859e-01,9.999989271163940430e-01,9.999985098838806152e-01,9.999899864196777344e-01,-9.999988079071044922e-01,9.999985694885253906e-01,-9.999778270721435547e-01,9.999806284904479980e-01,9.999987483024597168e-01,9.999982118606567383e-01,9.999980926513671875e-01,-9.999932050704956055e-01,9.999984502792358398e-01,9.999986886978149414e-01,-9.999983906745910645e-01,-9.999986886978149414e-01,-9.999981522560119629e-01,-9.999988079071044922e-01,-9.999925494194030762e-01,-9.999982714653015137e-01,-9.999980330467224121e-01,-9.999930858612060547e-01,9.999802112579345703e-01,9.999964237213134766e-01,9.999982714653015137e-01,-9.999983310699462891e-01,9.999988675117492676e-01,9.999983310699462891e-01,9.999952316284179688e-01,-9.999947547912597656e-01,-9.999987483024597168e-01,-9.999989867210388184e-01,-9.999957680702209473e-01,-9.999988675117492676e-01,9.999983906745910645e-01,-9.999986886978149414e-01,9.999975562095642090e-01,9.999755024909973145e-01,-9.999932050704956055e-01,-9.999790191650390625e-01,-9.999982118606567383e-01,9.999917745590209961e-01,9.999985694885253906e-01,-9.999941587448120117e-01,-9.999957084655761719e-01,9.999815821647644043e-01,9.999976158142089844e-01,-9.999987483024597168e-01,9.999979734420776367e-01,-9.999982118606567383e-01,-9.999881386756896973e-01,9.999757409095764160e-01,9.999989271163940430e-01,9.999880790710449219e-01,6.136277914047241211e-01,-9.999955892562866211e-01,9.999982714653015137e-01,-9.999833703041076660e-01,-9.999974370002746582e-01,9.999978542327880859e-01,-9.999976158142089844e-01,-9.999888539314270020e-01,9.999989271163940430e-01,-9.999987483024597168e-01,9.999963045120239258e-01,-9.999964833259582520e-01,9.999987483024597168e-01,-9.997606277465820312e-01,9.999012947082519531e-01,9.999985694885253906e-01,9.999969005584716797e-01,-9.999801516532897949e-01,-9.999982714653015137e-01,-9.999933242797851562e-01,9.999983906745910645e-01,-9.999983906745910645e-01,9.999978542327880859e-01,-9.999982118606567383e-01,-9.999459981918334961e-01,9.999989271163940430e-01,-9.999973773956298828e-01,9.999989271163940430e-01,-9.999980330467224121e-01,-9.999948740005493164e-01,-9.999973773956298828e-01,-9.999986290931701660e-01,9.999963045120239258e-01,9.999981522560119629e-01,-9.999973177909851074e-01,-9.999899268150329590e-01,-9.999949932098388672e-01,9.999889731407165527e-01,-9.999943375587463379e-01
-9.999988079071044922e-01,9.999990463256835938e-01,9.999955892562866211e-01,-9.999983906745910645e-01,-9.999993443489074707e-01,9.999992251396179199e-01,-9.999967813491821289e-01,-9.999992847442626953e-01,9.999977946281433105e-01,-9.999987483024597168e-01,9.999992251396179199e-01,9.999993443489074707e-01,-9.999985098838806152e-01,-9.999988675117492676e-01,-9.999948740005493164e-01,-9.999969601631164551e-01,-9.999981522560119629e-01,9.999987483024597168e-01,-9.999948740005493164e-01,9.999994039535522461e-01,9.999993443489074707e-01,-9.999949336051940918e-01,-9.999989867210388184e-01,-9.999986290931701660e-01,-9.999915361404418945e-01,-9.999992847442626953e-01,9.999986886978149414e-01,9.999992847442626953e-01,-9.999925494194030762e-01,9.999971389770507812e-01,9.999940395355224609e-01,9.999988079071044922e-01,-9.999907016754150391e-01,-9.999969005584716797e-01,9.999984502792358398e-01,-9.999661445617675781e-01,-9.999992847442626953e-01,-9.999989867210388184e-01,-9.999929070472717285e-01,9.999992251396179199e-01,-9.999991655349731445e-01,9.999843835830688477e-01,-9.999862909317016602e-01,-9.999992251396179199e-01,-9.999988079071044922e-01,-9.999987483024597168e-01,9.999951720237731934e-01,-9.999988675117492676e-01,-9.999992251396179199e-01,9.999989271163940430e-01,9.999991059303283691e-01,9.999988675117492676e-01,9.999992847442626953e-01,9.999948143959045410e-01,9.999987483024597168e-01,9.999987483024597168e-01,9.999951720237731934e-01,-9.999859929084777832e-01,-9.999974966049194336e-01,-9.999988079071044922e-01,9.999988079071044922e-01,-9.999992251396179199e-01,-9.999989271163940430e-01,-9.999966025352478027e-01,9.999964237213134766e-01,9.999991655349731445e-01,9.999994039535522461e-01,9.999970793724060059e-01,9.999993443489074707e-01,-9.999988675117492676e-01,9.999991059303283691e-01,-9.999983906745910645e-01,-9.999827742576599121e-01,9.999952912330627441e-01,9.999852180480957031e-01,9.999988079071044922e-01,-9.999942779541015625e-01,-9.999991059303283691e-01,9.999960064888000488e-01,9.999970197677612305e-01,-9.999870061874389648e-01,-9.999983906745910645e-01,9.999992847442626953e-01,-9.999986290931701660e-01,9.999988079071044922e-01,9.999915957450866699e-01,-9.999828934669494629e-01,-9.999993443489074707e-01,-9.999917149543762207e-01,-6.138709187507629395e-01,9.999969601631164551e-01,-9.999988675117492676e-01,9.999883174896240234e-01,9.999982714653015137e-01,-9.999985098838806152e-01,9.999983310699462891e-01,9.999921917915344238e-01,-9.999994039535522461e-01,9.999991655349731445e-01,-9.999973773956298828e-01,9.999975562095642090e-01,-9.999992847442626953e-01,9.998307824134826660e-01,-9.999302625656127930e-01,-9.999990463256835938e-01,-9.999977946281433105e-01,9.999859929084777832e-01,9.999988675117492676e-01,9.999952912330627441e-01,-9.999989867210388184e-01,9.999989867210388184e-01,-9.999985098838806152e-01,9.999987483024597168e-01,9.999618530273437500e-01,-9.999994039535522461e-01,9.999981522560119629e-01,-9.999993443489074707e-01,9.999986886978149414e-01,9.999964237213134766e-01,9.999982714653015137e-01,9.999992251396179199e-01,-9.999974370002746582e-01,-9.999986886978149414e-01,9.999982118606567383e-01,9.999929666519165039e-01,9.999965429306030273e-01,-9.999922513961791992e-01,9.999959468841552734e-01
-9.999988675117492676e-01,9.999991655349731445e-01,9.999960660934448242e-01,-9.999985098838806152e-01,-9.999992847442626953e-01,9.999993443489074707e-01,-9.999971389770507812e-01,-9.999994039535522461e-01,9.999979734420776367e-01,-9.999988079071044922e-01,9.999993443489074707e-01,9.999992847442626953e-01,-9.999986886978149414e-01,-9.999989867210388184e-01,-9.999953508377075195e-01,-9.999972581863403320e-01,-9.999982118606567383e-01,9.999989271163940430e-01,-9.999952912330627441e-01,9.999994635581970215e-01,9.999993443489074707e-01,-9.999954104423522949e-01,-9.999991059303283691e-01,-9.999987483024597168e-01,-9.999924302101135254e-01,-9.999992847442626953e-01,9.999988079071044922e-01,9.999992847442626953e-01,-9.999932646751403809e-01,9.999973773956298828e-01,9.999946951866149902e-01,9.999989271163940430e-01,-9.999917149543762207e-01,-9.999973177909851074e-01,9.999986290931701660e-01,-9.999697804450988770e-01,-9.999994635581970215e-01,-9.999991059303283691e-01,-9.999936819076538086e-01,9.999992847442626953e-01,-9.999991655349731445e-01,9.999859929084777832e-01,-9.999879002571105957e-01,-9.999992847442626953e-01,-9.999989271163940430e-01,-9.999988079071044922e-01,9.999957084655761719e-01,-9.999990463256835938e-01,-9.999993443489074707e-01,9.999990463256835938e-01,9.999992251396179199e-01,9.999989271163940430e-01,9.999991655349731445e-01,9.999953508377075195e-01,9.999989271163940430e-01,9.999987483024597168e-01,9.999957084655761719e-01,-9.999875426292419434e-01,-9.999976754188537598e-01,-9.999989271163940430e-01,9.999988675117492676e-01,-9.999993443489074707e-01,-9.999989867210388184e-01,-9.999969601631164551e-01,9.999967217445373535e-01,9.999991655349731445e-01,9.999994635581970215e-01,9.999973177909851074e-01,9.999993443489074707e-01,-9.999990463256835938e-01,9.999992251396179199e-01,-9.999985098838806152e-01,-9.999845623970031738e-01,9.999957084655761719e-01,9.999868273735046387e-01,9.999988675117492676e-01,-9.999948143959045410e-01,-9.999992251396179199e-01,9.999963045120239258e-01,9.999971389770507812e-01,-9.999884366989135742e-01,-9.999985694885253906e-01,9.999993443489074707e-01,-9.999986886978149414e-01,9.999988675117492676e-01,9.999924898147583008e-01,-9.999847412109375000e-01,-9.999994039535522461e-01,-9.999925494194030762e-01,-6.139346361160278320e-01,9.999971985816955566e-01,-9.999989271163940430e-01,9.999895691871643066e-01,9.999983906745910645e-01,-9.999985694885253906e-01,9.999985098838806152e-01,9.999930262565612793e-01,-9.999993443489074707e-01,9.999992251396179199e-01,-9.999976754188537598e-01,9.999977946281433105e-01,-9.999993443489074707e-01,9.998490810394287109e-01,-9.999377727508544922e-01,-9.999991655349731445e-01,-9.999980330467224121e-01,9.999874234199523926e-01,9.999989271163940430e-01,9.999957680702209473e-01,-9.999990463256835938e-01,9.999990463256835938e-01,-9.999986886978149414e-01,9.999989271163940430e-01,9.999660253524780273e-01,-9.999994039535522461e-01,9.999982714653015137e-01,-9.999993443489074707e-01,9.999988675117492676e-01,9.999967813491821289e-01,9.999983310699462891e-01,9.999992847442626953e-01,-9.999977350234985352e-01,-9.999987483024597168e-01,9.999984502792358398e-01,9.999936223030090332e-01,9.999969005584716797e-01,-9.999930858612060547e-01,9.999964237213134766e-01
