9.991519451141357422e-01,-2.860532701015472412e-01,-9.450176358222961426e-01,-1.351529210805892944e-01,-9.791092276573181152e-01,9.627721905708312988e-01,9.404968023300170898e-01,-9.546359777450561523e-01,-8.814136981964111328e-01,9.085299372673034668e-01,-8.933352231979370117e-01,9.491297602653503418e-01,9.970259666442871094e-01,-4.004354774951934814e-02,-8.587148189544677734e-01,-9.816458821296691895e-01,7.707233428955078125e-01,9.849889874458312988e-01,-8.871437907218933105e-01,-8.021090626716613770e-01,-9.366065859794616699e-01,-9.053885936737060547e-01,9.270656108856201172e-01,7.946373224258422852e-01,9.189937114715576172e-01,-3.848888874053955078e-01,9.314637780189514160e-01,9.347764849662780762e-01,-5.399645566940307617e-01,7.807490825653076172e-01,8.541062474250793457e-01,-9.828128218650817871e-01,9.659162163734436035e-01,-5.690722465515136719e-01,-9.536328911781311035e-01,-9.733123779296875000e-01,-6.165284514427185059e-01,9.725046157836914062e-01,-7.338593602180480957e-01,-9.643846154212951660e-01,-9.775916934013366699e-01,-1.211116835474967957e-01,9.182193279266357422e-01,9.150199890136718750e-01,6.343218684196472168e-02,-9.262877106666564941e-01,-9.584140181541442871e-01,8.683136105537414551e-01,8.212077617645263672e-01,-4.990601837635040283e-01,8.296699523925781250e-01,9.741943478584289551e-01,-2.206433266401290894e-01,-9.268634319305419922e-01,9.277799129486083984e-01,9.107829928398132324e-01,9.229719638824462891e-01,9.113736748695373535e-01,8.667585253715515137e-01,1.039526909589767456e-01,7.342206835746765137e-01,-8.468032479286193848e-01,9.120122194290161133e-01,3.183166384696960449e-01,-6.894249916076660156e-01,-9.645916223526000977e-01,9.417654275894165039e-01,-6.825174093246459961e-01,-9.392336606979370117e-01,9.790274500846862793e-01,-9.690772294998168945e-01,9.321531057357788086e-01,-9.612340927124023438e-01,-9.945858120918273926e-01,-9.424529671669006348e-01,7.182995080947875977e-01,-9.244344830513000488e-01,9.316025376319885254e-01,8.616570234298706055e-01,-7.015801668167114258e-01,-1.701980233192443848e-01,8.414246439933776855e-01,-9.831158518791198730e-01,-3.832458853721618652e-01,-4.670154675841331482e-02,9.792410135269165039e-01,-2.068740427494049072e-01,9.751855134963989258e-01,-9.960673451423645020e-01,-9.536542296409606934e-01,9.811298847198486328e-01,-9.591415524482727051e-01,-9.847596883773803711e-01,9.740433096885681152e-01,-9.429535865783691406e-01,-9.246310591697692871e-01,-9.858663082122802734e-01,-9.175915122032165527e-01,9.226714372634887695e-01,9.850499629974365234e-01,-9.286414384841918945e-01,8.949139714241027832e-01,9.507216215133666992e-01,8.957882523536682129e-01,9.628127813339233398e-01,9.796769618988037109e-01,-9.625614881515502930e-01,-9.734860658645629883e-01,-7.516859769821166992e-01,-9.697595238685607910e-01,9.169035553932189941e-01,-9.741373062133789062e-01,9.405494928359985352e-01,9.396404623985290527e-01,-9.312337040901184082e-01,9.489002227783203125e-01,9.347758889198303223e-01,-9.635567069053649902e-01,8.324914574623107910e-01,9.166542887687683105e-01,-9.516665935516357422e-01,8.670520186424255371e-01,9.907059073448181152e-01,-7.387188673019409180e-01,8.762700557708740234e-01,9.885092973709106445e-01,-9.617474675178527832e-01,-3.914984166622161865e-01
-2.860532701015472412e-01,9.968799948692321777e-01,7.566197775304317474e-03,-8.817493915557861328e-01,3.442902863025665283e-01,-4.417594969272613525e-01,-3.620034828782081604e-02,1.580693423748016357e-01,1.582467555999755859e-01,6.022661924362182617e-02,5.858485698699951172e-01,-5.068326592445373535e-01,-2.819181680679321289e-01,1.909544169902801514e-01,5.550036430358886719e-01,1.567460000514984131e-01,2.771523892879486084e-01,-3.710452020168304443e-01,-4.218710586428642273e-02,5.530673265457153320e-01,4.724006652832031250e-01,-9.539533406496047974e-02,-5.421621799468994141e-01,-1.354819089174270630e-01,-1.926304958760738373e-02,9.346525669097900391e-01,2.269460260868072510e-02,2.376217767596244812e-02,5.941604729741811752e-03,2.234062403440475464e-01,1.784631013870239258e-01,3.075564205646514893e-01,-6.717672944068908691e-02,8.210009336471557617e-01,5.569582805037498474e-02,1.958291977643966675e-01,-5.268113613128662109e-01,-1.210128664970397949e-01,-2.909024059772491455e-01,1.672013700008392334e-01,3.989377021789550781e-01,6.311879754066467285e-01,-5.489395260810852051e-01,4.349526390433311462e-02,8.552955389022827148e-01,-3.002386726438999176e-02,7.229942828416824341e-02,1.746683120727539062e-01,-6.421961784362792969e-01,-5.658349990844726562e-01,6.387554109096527100e-02,-9.408793598413467407e-02,-7.692469358444213867e-01,3.981481865048408508e-02,-7.055546343326568604e-02,8.032850921154022217e-02,-1.745743863284587860e-02,9.857104718685150146e-02,-3.758746981620788574e-01,4.471991062164306641e-01,3.416503369808197021e-01,-2.030215263366699219e-01,7.646421343088150024e-02,7.571025490760803223e-01,8.269449472427368164e-01,8.219268918037414551e-02,-4.819237887859344482e-01,-4.008155465126037598e-01,1.083396375179290771e-02,-1.756429970264434814e-01,8.277908712625503540e-02,-2.007617950439453125e-01,5.928062275052070618e-02,2.355848699808120728e-01,3.119597770273685455e-02,-7.042790651321411133e-01,-3.680056706070899963e-02,2.442103996872901917e-02,-1.300940066576004028e-01,8.391767740249633789e-01,-8.331859111785888672e-01,2.400697618722915649e-01,1.976704001426696777e-01,9.433323144912719727e-01,8.850944638252258301e-01,-1.200078502297401428e-01,8.065295815467834473e-01,-3.918649256229400635e-01,3.071413636207580566e-01,3.475440293550491333e-02,-2.354729324579238892e-01,4.684013500809669495e-02,1.683052182197570801e-01,-4.276815652847290039e-01,4.160765558481216431e-02,5.779520273208618164e-01,1.851271986961364746e-01,-7.240494340658187866e-02,-5.666782259941101074e-01,-2.557865679264068604e-01,3.981762379407882690e-02,9.674184769392013550e-02,-5.767706781625747681e-02,1.183739006519317627e-01,-1.059437990188598633e-01,-1.390286833047866821e-01,1.179925724864006042e-01,1.938379257917404175e-01,-3.854357898235321045e-01,9.995581954717636108e-02,-5.790574550628662109e-01,2.113622725009918213e-01,-4.465710818767547607e-01,4.232035280438140035e-05,-1.908265054225921631e-02,-4.093551635742187500e-02,-4.752214252948760986e-01,2.088782638311386108e-01,-4.355762004852294922e-01,8.780375868082046509e-02,4.283031076192855835e-02,1.768224835395812988e-01,-3.348569869995117188e-01,-3.430211544036865234e-01,1.320390999317169189e-01,-3.296093940734863281e-01,8.788392692804336548e-02,-6.135197877883911133e-01
-9.450176358222961426e-01,7.566197775304317474e-03,9.983566999435424805e-01,3.982688486576080322e-01,9.240729212760925293e-01,-8.587613105773925781e-01,-9.901242852210998535e-01,9.751688241958618164e-01,9.003801345825195312e-01,-9.775406718254089355e-01,7.607814073562622070e-01,-8.462471961975097656e-01,-9.479192495346069336e-01,5.692487210035324097e-02,7.359929084777832031e-01,9.836973547935485840e-01,-9.230958223342895508e-01,-9.254704713821411133e-01,9.551772475242614746e-01,7.195934057235717773e-01,8.221506476402282715e-01,9.836909770965576172e-01,-8.175336718559265137e-01,-8.140063881874084473e-01,-9.731096029281616211e-01,9.595125168561935425e-02,-9.947312474250793457e-01,-9.759464859962463379e-01,4.514819383621215820e-01,-8.534988164901733398e-01,-9.622660875320434570e-01,9.211282730102539062e-01,-9.934985041618347168e-01,3.147705793380737305e-01,9.937045574188232422e-01,9.757048487663269043e-01,8.036069869995117188e-01,-9.895473122596740723e-01,8.480469584465026855e-01,9.652747511863708496e-01,9.034979343414306641e-01,-5.526682827621698380e-03,-8.164186477661132812e-01,-9.863308668136596680e-01,-2.924670875072479248e-01,9.934936761856079102e-01,9.930813312530517578e-01,-9.729110002517700195e-01,-6.940668821334838867e-01,7.039124965667724609e-01,-8.338508605957031250e-01,-9.885706901550292969e-01,4.792304039001464844e-01,9.706125259399414062e-01,-9.496322274208068848e-01,-9.900214672088623047e-01,-9.675390720367431641e-01,-9.820374846458435059e-01,-7.676025629043579102e-01,-2.328571230173110962e-01,-8.970989584922790527e-01,9.646064043045043945e-01,-9.684404730796813965e-01,-5.764558911323547363e-01,4.874898493289947510e-01,9.922998547554016113e-01,-8.528670668601989746e-01,8.613728284835815430e-01,9.922974109649658203e-01,-9.808434247970581055e-01,9.904482960700988770e-01,-9.030836820602416992e-01,9.893585443496704102e-01,9.630465507507324219e-01,9.909864664077758789e-01,-5.809334516525268555e-01,9.938610196113586426e-01,-9.934764504432678223e-01,-9.025953412055969238e-01,4.898069500923156738e-01,4.062645733356475830e-01,-9.605912566184997559e-01,9.737679958343505859e-01,1.067034751176834106e-01,-2.152533233165740967e-01,-9.776213169097900391e-01,-7.863963395357131958e-02,-8.843950033187866211e-01,9.444953799247741699e-01,9.879548549652099609e-01,-9.665162563323974609e-01,9.860955476760864258e-01,9.593412280082702637e-01,-8.925566077232360840e-01,9.943897128105163574e-01,7.867070436477661133e-01,9.789316654205322266e-01,9.877495765686035156e-01,-8.091937899589538574e-01,-9.646430015563964844e-01,9.803706407546997070e-01,-9.858713150024414062e-01,-9.940168261528015137e-01,-9.846058487892150879e-01,-9.912477731704711914e-01,-9.786869883537292480e-01,9.838799238204956055e-01,9.758533835411071777e-01,9.033954739570617676e-01,9.903994202613830566e-01,-7.566484808921813965e-01,9.514936208724975586e-01,-8.654698133468627930e-01,-9.879829883575439453e-01,9.938396811485290527e-01,-9.954088330268859863e-01,-8.560573458671569824e-01,9.582112431526184082e-01,-7.897182106971740723e-01,-9.842194914817810059e-01,9.875600934028625488e-01,-9.718236923217773438e-01,-9.385566115379333496e-01,8.845818042755126953e-01,-9.327301383018493652e-01,-9.370086193084716797e-01,9.915852546691894531e-01,6.440309882164001465e-01
-1.351529210805892944e-01,-8.817493915557861328e-01,3.982688486576080322e-01,9.949340224266052246e-01,5.627448111772537231e-02,4.992377758026123047e-02,-3.620964586734771729e-01,2.452062517404556274e-01,1.859807074069976807e-01,-4.470792114734649658e-01,-2.101714164018630981e-01,1.213330477476119995e-01,-1.377147585153579712e-01,-1.780829131603240967e-01,-1.897334009408950806e-01,2.601704299449920654e-01,-6.289513707160949707e-01,-4.067864641547203064e-02,4.327333271503448486e-01,-2.535361945629119873e-01,-8.261349052190780640e-02,4.907422065734863281e-01,1.798882335424423218e-01,-1.723964661359786987e-01,-3.840712904930114746e-01,-8.266395330429077148e-01,-4.270713031291961670e-01,-4.438154995441436768e-01,2.640223503112792969e-01,-5.709233283996582031e-01,-5.455867648124694824e-01,8.707319200038909912e-02,-3.485803306102752686e-01,-6.077161431312561035e-01,3.505516350269317627e-01,2.105908095836639404e-01,8.094070553779602051e-01,-2.948215305805206299e-01,6.438649296760559082e-01,2.410172522068023682e-01,-5.237116478383541107e-03,-6.291118860244750977e-01,1.854433566331863403e-01,-4.369732737541198730e-01,-9.353817701339721680e-01,4.313088059425354004e-01,3.410111963748931885e-01,-5.541265010833740234e-01,3.170928359031677246e-01,7.897824048995971680e-01,-4.355041980743408203e-01,-3.284811973571777344e-01,9.039841890335083008e-01,3.703232407569885254e-01,-3.064150214195251465e-01,-4.734875559806823730e-01,-3.880375623703002930e-01,-4.934208393096923828e-01,5.297842901200056076e-03,-4.968656003475189209e-01,-6.868184208869934082e-01,5.835967063903808594e-01,-4.854506850242614746e-01,-9.387184977531433105e-01,-5.719549655914306641e-01,3.297229707241058350e-01,9.292279928922653198e-02,7.164357900619506836e-01,3.947636783123016357e-01,-2.369943261146545410e-01,3.345110118389129639e-01,-2.112540602684020996e-01,3.576272130012512207e-01,1.841172873973846436e-01,3.750108778476715088e-01,4.153485596179962158e-01,4.375335872173309326e-01,-4.276343286037445068e-01,-2.028671056032180786e-01,-5.644630789756774902e-01,9.544118046760559082e-01,-6.106334328651428223e-01,2.241807132959365845e-01,-8.287111520767211914e-01,-8.849592208862304688e-01,-3.022989332675933838e-01,-7.400185465812683105e-01,-1.714117079973220825e-02,1.138764619827270508e-01,3.726515471935272217e-01,-1.773073524236679077e-01,3.708838522434234619e-01,2.542087137699127197e-01,3.057677671313285828e-02,3.630254864692687988e-01,-1.998846232891082764e-01,2.317697554826736450e-01,4.733940660953521729e-01,1.824046969413757324e-01,-1.607191711664199829e-01,3.607476055622100830e-01,-4.853629767894744873e-01,-3.526070117950439453e-01,-5.059914588928222656e-01,-3.086396753787994385e-01,-2.793529629707336426e-01,2.884796261787414551e-01,2.185804396867752075e-01,7.271814942359924316e-01,3.147508800029754639e-01,1.952040493488311768e-01,1.832296252250671387e-01,7.366490364074707031e-02,-3.989006876945495605e-01,4.147446751594543457e-01,-3.633902072906494141e-01,1.055934652686119080e-01,2.017930001020431519e-01,1.220604181289672852e-01,-4.944784939289093018e-01,3.626772761344909668e-01,-5.519504547119140625e-01,-8.337027579545974731e-02,6.767352223396301270e-01,-5.119829773902893066e-01,-9.293681383132934570e-02,3.267678320407867432e-01,8.120899796485900879e-01
-9.791092276573181152e-01,3.442902863025665283e-01,9.240729212760925293e-01,5.627448111772537231e-02,9.979938864707946777e-01,-9.547758102416992188e-01,-9.281132221221923828e-01,9.581423997879028320e-01,9.202445745468139648e-01,-8.822510838508605957e-01,9.035430550575256348e-01,-9.573614001274108887e-01,-9.798854589462280273e-01,8.344116061925888062e-02,8.608373403549194336e-01,9.666941761970520020e-01,-7.446463108062744141e-01,-9.864104986190795898e-01,8.712767362594604492e-01,8.758838772773742676e-01,9.272558093070983887e-01,8.800421357154846191e-01,-9.602882266044616699e-01,-7.993744015693664551e-01,-8.956899046897888184e-01,4.415018856525421143e-01,-9.087108373641967773e-01,-8.904632925987243652e-01,4.306461811065673828e-01,-7.197192907333374023e-01,-8.305455446243286133e-01,9.751672148704528809e-01,-9.385864734649658203e-01,5.611759424209594727e-01,9.408276081085205078e-01,9.753223657608032227e-01,5.539109110832214355e-01,-9.591744542121887207e-01,6.787601113319396973e-01,9.554630517959594727e-01,9.915204048156738281e-01,2.472578287124633789e-01,-9.549117684364318848e-01,-9.013738632202148438e-01,1.921174302697181702e-02,9.075823426246643066e-01,9.442220926284790039e-01,-8.406799435615539551e-01,-8.621873855590820312e-01,4.884298443794250488e-01,-7.365185022354125977e-01,-9.458510279655456543e-01,1.525832563638687134e-01,9.221685528755187988e-01,-9.101551175117492676e-01,-8.914440274238586426e-01,-9.117949604988098145e-01,-8.818197250366210938e-01,-8.683601021766662598e-01,-7.158173620700836182e-02,-7.036105394363403320e-01,8.227714300155639648e-01,-8.597226142883300781e-01,-2.591900825500488281e-01,7.455905675888061523e-01,9.456462860107421875e-01,-9.608654975891113281e-01,6.673896908760070801e-01,9.153627157211303711e-01,-9.704030156135559082e-01,9.444997906684875488e-01,-9.022611379623413086e-01,9.382799267768859863e-01,9.752492308616638184e-01,9.208377003669738770e-01,-7.923379540443420410e-01,9.059759974479675293e-01,-9.131535887718200684e-01,-9.042338132858276367e-01,7.349199652671813965e-01,7.201156765222549438e-02,-8.105098009109497070e-01,9.620963335037231445e-01,4.352502226829528809e-01,6.723269820213317871e-02,-9.502568244934082031e-01,2.191561311483383179e-01,-9.663887619972229004e-01,9.841856360435485840e-01,9.295966625213623047e-01,-9.806433916091918945e-01,9.238348603248596191e-01,9.551306366920471191e-01,-9.853572845458984375e-01,9.290773868560791016e-01,9.373644590377807617e-01,9.734089970588684082e-01,8.833232522010803223e-01,-9.482762813568115234e-01,-9.787452220916748047e-01,9.238349795341491699e-01,-8.810566067695617676e-01,-9.406166672706604004e-01,-8.770657181739807129e-01,-9.454895257949829102e-01,-9.533268213272094727e-01,9.577284455299377441e-01,9.697634577751159668e-01,7.028288841247558594e-01,9.514400959014892578e-01,-9.117485284805297852e-01,9.775959253311157227e-01,-9.727271795272827148e-01,-9.267094731330871582e-01,9.197736382484436035e-01,-9.322047829627990723e-01,-9.663180708885192871e-01,9.528033733367919922e-01,-9.044333696365356445e-01,-8.815366625785827637e-01,9.370999336242675781e-01,-8.385425806045532227e-01,-9.839298725128173828e-01,6.909759044647216797e-01,-8.112928867340087891e-01,-9.802221655845642090e-01,9.426238536834716797e-01,3.822134137153625488e-01
9.627721905708312988e-01,-4.417594969272613525e-01,-8.587613105773925781e-01,4.992377758026123047e-02,-9.547758102416992188e-01,9.947077035903930664e-01,8.679296970367431641e-01,-8.991708159446716309e-01,-8.418344259262084961e-01,8.278937339782714844e-01,-9.233368039131164551e-01,9.692258238792419434e-01,9.578626751899719238e-01,-1.047387123107910156e-01,-8.840722441673278809e-01,-9.194973111152648926e-01,6.536561846733093262e-01,9.658396840095520020e-01,-8.029987812042236328e-01,-8.409401178359985352e-01,-9.398649334907531738e-01,-8.029792904853820801e-01,9.476318955421447754e-01,7.660272121429443359e-01,8.459240198135375977e-01,-5.278321504592895508e-01,8.334715962409973145e-01,8.460800051689147949e-01,-4.833095073699951172e-01,6.774309277534484863e-01,7.460891604423522949e-01,-9.627260565757751465e-01,8.869605064392089844e-01,-6.842796802520751953e-01,-8.712964653968811035e-01,-9.165155887603759766e-01,-4.685071408748626709e-01,9.069124460220336914e-01,-6.166008710861206055e-01,-9.155988097190856934e-01,-9.657360315322875977e-01,-2.249084562063217163e-01,9.459565281867980957e-01,8.280541896820068359e-01,-1.107865497469902039e-01,-8.314675092697143555e-01,-8.817695379257202148e-01,7.566002607345581055e-01,8.737342357635498047e-01,-3.408772349357604980e-01,7.638951539993286133e-01,9.002172946929931641e-01,-5.626719072461128235e-02,-8.518539667129516602e-01,8.829349279403686523e-01,8.077670335769653320e-01,8.396359682083129883e-01,8.058736324310302734e-01,8.349784612655639648e-01,1.119133271276950836e-02,6.013829708099365234e-01,-7.360630035400390625e-01,8.240557312965393066e-01,1.464921981096267700e-01,-7.897641062736511230e-01,-8.857654333114624023e-01,9.523321390151977539e-01,-5.274351835250854492e-01,-8.476967811584472656e-01,9.232801198959350586e-01,-9.003884792327880859e-01,8.775247335433959961e-01,-8.802358508110046387e-01,-9.522476792335510254e-01,-8.513074517250061035e-01,7.766299843788146973e-01,-8.314631581306457520e-01,8.490349054336547852e-01,8.124223947525024414e-01,-7.974526286125183105e-01,2.383588114753365517e-03,7.142304182052612305e-01,-9.363834857940673828e-01,-5.305393934249877930e-01,-2.258121669292449951e-01,9.091859459877014160e-01,-3.200066983699798584e-01,9.598772525787353516e-01,-9.657426476478576660e-01,-8.779101371765136719e-01,9.302400946617126465e-01,-8.821870684623718262e-01,-9.291589856147766113e-01,9.705163836479187012e-01,-8.655731678009033203e-01,-9.486684203147888184e-01,-9.292640089988708496e-01,-8.115894198417663574e-01,9.437476396560668945e-01,9.399123191833496094e-01,-8.644681572914123535e-01,7.928022146224975586e-01,8.705167174339294434e-01,7.913206219673156738e-01,8.915660381317138672e-01,9.278135299682617188e-01,-9.000990390777587891e-01,-9.227930903434753418e-01,-6.143556833267211914e-01,-9.005758762359619141e-01,9.384099245071411133e-01,-9.365077614784240723e-01,9.443067312240600586e-01,8.522911667823791504e-01,-8.394172787666320801e-01,8.699954748153686523e-01,9.499230980873107910e-01,-9.247497320175170898e-01,8.379395604133605957e-01,8.185417652130126953e-01,-8.733052611351013184e-01,7.596745491027832031e-01,9.641923904418945312e-01,-6.162105798721313477e-01,7.734780907630920410e-01,9.661417603492736816e-01,-8.846422433853149414e-01,-2.324196845293045044e-01
9.404968023300170898e-01,-3.620034828782081604e-02,-9.901242852210998535e-01,-3.620964586734771729e-01,-9.281132221221923828e-01,8.679296970367431641e-01,9.985444545745849609e-01,-9.789642691612243652e-01,-9.000167846679687500e-01,9.769777655601501465e-01,-7.625923752784729004e-01,8.629752397537231445e-01,9.419426321983337402e-01,-1.025964766740798950e-01,-7.187635302543640137e-01,-9.754816293716430664e-01,9.222208261489868164e-01,9.314774274826049805e-01,-9.342380762100219727e-01,-7.472317814826965332e-01,-8.059004545211791992e-01,-9.819864034652709961e-01,8.291922211647033691e-01,8.564003109931945801e-01,9.617770910263061523e-01,-1.135083064436912537e-01,9.825389981269836426e-01,9.553851485252380371e-01,-4.032764732837677002e-01,8.293274044990539551e-01,9.508616924285888672e-01,-9.184570908546447754e-01,9.839491248130798340e-01,-3.319534659385681152e-01,-9.850943088531494141e-01,-9.745800495147705078e-01,-7.967218160629272461e-01,9.835760593414306641e-01,-8.561995029449462891e-01,-9.803059101104736328e-01,-9.076474905014038086e-01,-4.693556204438209534e-02,8.376047611236572266e-01,9.916030168533325195e-01,2.463324517011642456e-01,-9.878638982772827148e-01,-9.894223213195800781e-01,9.708995223045349121e-01,7.338388562202453613e-01,-6.681719422340393066e-01,8.042162060737609863e-01,9.793161749839782715e-01,-4.784183502197265625e-01,-9.597020149230957031e-01,9.673429131507873535e-01,9.811462759971618652e-01,9.697706699371337891e-01,9.630701541900634766e-01,7.244958877563476562e-01,1.688186526298522949e-01,8.860207200050354004e-01,-9.590683579444885254e-01,9.610322117805480957e-01,5.417590141296386719e-01,-5.079054832458496094e-01,-9.824187159538269043e-01,8.744856119155883789e-01,-8.370602130889892578e-01,-9.830450415611267090e-01,9.811622500419616699e-01,-9.875285625457763672e-01,8.761163949966430664e-01,-9.753280878067016602e-01,-9.593366384506225586e-01,-9.800604581832885742e-01,6.040414571762084961e-01,-9.876657724380493164e-01,9.877033233642578125e-01,9.148643612861633301e-01,-5.109947919845581055e-01,-3.589833974838256836e-01,9.437502622604370117e-01,-9.733365178108215332e-01,-1.396211385726928711e-01,1.669364422559738159e-01,9.589116573333740234e-01,1.138160526752471924e-01,8.674653768539428711e-01,-9.444294571876525879e-01,-9.861025810241699219e-01,9.595081806182861328e-01,-9.742818474769592285e-01,-9.467111229896545410e-01,9.020747542381286621e-01,-9.945047497749328613e-01,-7.821227908134460449e-01,-9.730495214462280273e-01,-9.733787775039672852e-01,8.278408646583557129e-01,9.617202877998352051e-01,-9.839327931404113770e-01,9.794821739196777344e-01,9.886060953140258789e-01,9.778569936752319336e-01,9.896682500839233398e-01,9.739003777503967285e-01,-9.853365421295166016e-01,-9.739353656768798828e-01,-8.857007622718811035e-01,-9.858503937721252441e-01,7.463256716728210449e-01,-9.475108981132507324e-01,8.806527256965637207e-01,9.766280055046081543e-01,-9.893218874931335449e-01,9.922381639480590820e-01,8.816033601760864258e-01,-9.626978039741516113e-01,8.057929873466491699e-01,9.717444181442260742e-01,-9.867877960205078125e-01,9.691426753997802734e-01,9.392277002334594727e-01,-8.882266283035278320e-01,9.251949191093444824e-01,9.430064558982849121e-01,-9.850254654884338379e-01,-6.280104517936706543e-01
-9.546359777450561523e-01,1.580693423748016357e-01,9.751688241958618164e-01,2.452062517404556274e-01,9.581423997879028320e-01,-8.991708159446716309e-01,-9.789642691612243652e-01,9.991139769554138184e-01,9.131170511245727539e-01,-9.597002267837524414e-01,8.496768474578857422e-01,-9.137119650840759277e-01,-9.570157527923583984e-01,9.699299186468124390e-02,8.130976557731628418e-01,9.838569760322570801e-01,-8.756036758422851562e-01,-9.644350409507751465e-01,9.353516697883605957e-01,8.396124243736267090e-01,8.762502074241638184e-01,9.505666494369506836e-01,-8.931288719177246094e-01,-8.624556660652160645e-01,-9.677248001098632812e-01,2.310838848352432251e-01,-9.650923609733581543e-01,-9.432765841484069824e-01,3.818828761577606201e-01,-7.825137972831726074e-01,-9.263972043991088867e-01,9.430910944938659668e-01,-9.735308885574340820e-01,4.186790585517883301e-01,9.751749038696289062e-01,9.900331497192382812e-01,6.977083683013916016e-01,-9.880465269088745117e-01,7.640268206596374512e-01,9.632757902145385742e-01,9.453800320625305176e-01,1.254539042711257935e-01,-9.004241824150085449e-01,-9.635223150253295898e-01,-1.115596592426300049e-01,9.659418463706970215e-01,9.835692048072814941e-01,-9.312832951545715332e-01,-8.101825714111328125e-01,6.009373068809509277e-01,-7.512506246566772461e-01,-9.688706994056701660e-01,3.544638752937316895e-01,9.663753509521484375e-01,-9.482954144477844238e-01,-9.600846171379089355e-01,-9.549094438552856445e-01,-9.359546303749084473e-01,-7.779446244239807129e-01,-1.386159211397171021e-01,-8.434652090072631836e-01,9.199042916297912598e-01,-9.254391789436340332e-01,-4.514155685901641846e-01,6.249988675117492676e-01,9.779303669929504395e-01,-9.251492619514465332e-01,7.971947789192199707e-01,9.635511040687561035e-01,-9.901216626167297363e-01,9.730590581893920898e-01,-9.214310646057128906e-01,9.756184816360473633e-01,9.679049253463745117e-01,9.681844115257263184e-01,-7.217735052108764648e-01,9.695466756820678711e-01,-9.727306365966796875e-01,-9.443342685699462891e-01,6.197479367256164551e-01,2.511117160320281982e-01,-9.000899195671081543e-01,9.812335371971130371e-01,2.352536916732788086e-01,-7.483932375907897949e-02,-9.566321372985839844e-01,2.043489832431077957e-03,-9.118668437004089355e-01,9.636198878288269043e-01,9.733416438102722168e-01,-9.843119978904724121e-01,9.670732617378234863e-01,9.507871866226196289e-01,-9.446758627891540527e-01,9.837685823440551758e-01,8.552224040031433105e-01,9.802782535552978516e-01,9.409062862396240234e-01,-8.922848701477050781e-01,-9.818261265754699707e-01,9.762067794799804688e-01,-9.593337774276733398e-01,-9.827141761779785156e-01,-9.474579691886901855e-01,-9.822187423706054688e-01,-9.658597707748413086e-01,9.933915734291076660e-01,9.940047860145568848e-01,8.289649486541748047e-01,9.857537150382995605e-01,-8.166534900665283203e-01,9.599211812019348145e-01,-9.280651211738586426e-01,-9.629725217819213867e-01,9.743301272392272949e-01,-9.799741506576538086e-01,-9.283244609832763672e-01,9.859873056411743164e-01,-8.867279887199401855e-01,-9.478844404220581055e-01,9.767563343048095703e-01,-9.326679706573486328e-01,-9.677460193634033203e-01,8.227567076683044434e-01,-8.723778128623962402e-01,-9.682255983352661133e-01,9.813761115074157715e-01,5.871107578277587891e-01
-8.814136981964111328e-01,1.582467555999755859e-01,9.003801345825195312e-01,1.859807074069976807e-01,9.202445745468139648e-01,-8.418344259262084961e-01,-9.000167846679687500e-01,9.131170511245727539e-01,9.952757954597473145e-01,-8.589614629745483398e-01,7.574450373649597168e-01,-8.269953131675720215e-01,-8.851572275161743164e-01,2.062603980302810669e-01,7.457616925239562988e-01,9.094883203506469727e-01,-7.940181493759155273e-01,-8.868060708045959473e-01,8.977349400520324707e-01,8.143989443778991699e-01,7.985752820968627930e-01,8.587375879287719727e-01,-8.656789064407348633e-01,-7.102093696594238281e-01,-8.730083107948303223e-01,2.698781788349151611e-01,-8.890744447708129883e-01,-8.421986699104309082e-01,2.467963397502899170e-01,-7.178384661674499512e-01,-8.588809370994567871e-01,8.902718424797058105e-01,-8.899086117744445801e-01,3.311069011688232422e-01,9.200493097305297852e-01,9.230981469154357910e-01,5.984399318695068359e-01,-9.133117198944091797e-01,6.682016253471374512e-01,8.986679315567016602e-01,9.126881957054138184e-01,2.500081956386566162e-01,-8.560599684715270996e-01,-8.834546208381652832e-01,-1.293948739767074585e-01,8.913062810897827148e-01,9.022613763809204102e-01,-8.367962837219238281e-01,-7.140746116638183594e-01,6.539677381515502930e-01,-6.925895214080810547e-01,-8.868182301521301270e-01,2.444867044687271118e-01,8.916105628013610840e-01,-8.749384880065917969e-01,-8.806444406509399414e-01,-8.746227025985717773e-01,-8.788954615592956543e-01,-8.202235102653503418e-01,-1.965340375900268555e-01,-7.600781917572021484e-01,8.412055373191833496e-01,-8.059005141258239746e-01,-4.028886854648590088e-01,5.885096788406372070e-01,9.060043692588806152e-01,-8.282285332679748535e-01,7.661579847335815430e-01,8.869076371192932129e-01,-9.097213149070739746e-01,8.939670324325561523e-01,-8.100621104240417480e-01,8.959207534790039062e-01,8.977193832397460938e-01,8.879604935646057129e-01,-6.743642687797546387e-01,8.893715143203735352e-01,-8.982301354408264160e-01,-9.279747009277343750e-01,5.580888986587524414e-01,1.629126816987991333e-01,-8.381465673446655273e-01,8.805714845657348633e-01,2.714715600013732910e-01,-1.303304582834243774e-01,-8.939573764801025391e-01,6.557580828666687012e-02,-8.653521537780761719e-01,8.886330127716064453e-01,8.719897270202636719e-01,-9.191820621490478516e-01,8.785099387168884277e-01,8.732012510299682617e-01,-8.756882548332214355e-01,9.005659818649291992e-01,8.174512386322021484e-01,9.170818924903869629e-01,8.635848164558410645e-01,-8.133135437965393066e-01,-9.066966772079467773e-01,9.201237559318542480e-01,-8.785644173622131348e-01,-9.124713540077209473e-01,-8.810304999351501465e-01,-9.000604748725891113e-01,-9.029482603073120117e-01,9.099211692810058594e-01,9.158668518066406250e-01,7.257281541824340820e-01,8.971062302589416504e-01,-7.442722916603088379e-01,9.402797222137451172e-01,-8.925257325172424316e-01,-9.285421967506408691e-01,9.047030210494995117e-01,-9.075214862823486328e-01,-8.735505342483520508e-01,8.790426850318908691e-01,-8.763976693153381348e-01,-8.587105274200439453e-01,8.871230483055114746e-01,-8.389166593551635742e-01,-8.888279199600219727e-01,6.920366883277893066e-01,-7.515529990196228027e-01,-8.779392838478088379e-01,8.938368558883666992e-01,5.173270106315612793e-01
9.085299372673034668e-01,6.022661924362182617e-02,-9.775406718254089355e-01,-4.470792114734649658e-01,-8.822510838508605957e-01,8.278937339782714844e-01,9.769777655601501465e-01,-9.597002267837524414e-01,-8.589614629745483398e-01,9.975316524505615234e-01,-7.351741194725036621e-01,8.160496354103088379e-01,9.067756533622741699e-01,-2.699439879506826401e-03,-7.067974209785461426e-01,-9.541298747062683105e-01,9.394425153732299805e-01,8.881126046180725098e-01,-9.497032761573791504e-01,-6.841160058975219727e-01,-7.951700091361999512e-01,-9.733182787895202637e-01,7.710949778556823730e-01,8.215048313140869141e-01,9.787297248840332031e-01,-2.309465035796165466e-02,9.658557772636413574e-01,9.680685400962829590e-01,-4.423358440399169922e-01,8.389559388160705566e-01,9.723238945007324219e-01,-8.848544955253601074e-01,9.659048914909362793e-01,-2.918008565902709961e-01,-9.591453671455383301e-01,-9.406980276107788086e-01,-8.368853926658630371e-01,9.682124257087707520e-01,-8.444005250930786133e-01,-9.357695579528808594e-01,-8.572077751159667969e-01,9.578156471252441406e-02,7.749065160751342773e-01,9.782082438468933105e-01,3.139194548130035400e-01,-9.696004986763000488e-01,-9.651368856430053711e-01,9.721106886863708496e-01,6.656597852706909180e-01,-6.916658878326416016e-01,8.347308635711669922e-01,9.602231979370117188e-01,-5.240464210510253906e-01,-9.582008123397827148e-01,9.431919455528259277e-01,9.723784923553466797e-01,9.406145811080932617e-01,9.553821086883544922e-01,6.919153332710266113e-01,2.837328910827636719e-01,9.032649993896484375e-01,-9.661275148391723633e-01,9.737554192543029785e-01,6.313967108726501465e-01,-4.490251541137695312e-01,-9.604630470275878906e-01,8.235055208206176758e-01,-8.599706292152404785e-01,-9.585278034210205078e-01,9.521012902259826660e-01,-9.689585566520690918e-01,8.819464445114135742e-01,-9.656217694282531738e-01,-9.286030530929565430e-01,-9.565721750259399414e-01,5.245832204818725586e-01,-9.743732213973999023e-01,9.845467805862426758e-01,8.771960735321044922e-01,-4.461954832077026367e-01,-4.532198011875152588e-01,9.476515054702758789e-01,-9.531733989715576172e-01,-3.137456253170967102e-02,2.390487790107727051e-01,9.443084001541137695e-01,1.562625914812088013e-01,8.429619073867797852e-01,-9.077498912811279297e-01,-9.763169288635253906e-01,9.277092218399047852e-01,-9.763305187225341797e-01,-9.348829388618469238e-01,8.588472604751586914e-01,-9.736518859863281250e-01,-7.380799055099487305e-01,-9.437089562416076660e-01,-9.603077769279479980e-01,7.667803168296813965e-01,9.261636734008789062e-01,-9.678538441658020020e-01,9.737239480018615723e-01,9.652701020240783691e-01,9.700620770454406738e-01,9.631703495979309082e-01,9.550303816795349121e-01,-9.705528616905212402e-01,-9.500192403793334961e-01,-9.257931709289550781e-01,-9.702289104461669922e-01,7.051350474357604980e-01,-9.274600744247436523e-01,8.351914286613464355e-01,9.617503881454467773e-01,-9.743164777755737305e-01,9.706551432609558105e-01,8.202606439590454102e-01,-9.548735618591308594e-01,7.597421407699584961e-01,9.779183864593505859e-01,-9.676161408424377441e-01,9.786154031753540039e-01,9.025794267654418945e-01,-9.213061332702636719e-01,9.233806133270263672e-01,9.081887602806091309e-01,-9.601820111274719238e-01,-6.837618350982666016e-01
-8.933352231979370117e-01,5.858485698699951172e-01,7.607814073562622070e-01,-2.101714164018630981e-01,9.035430550575256348e-01,-9.233368039131164551e-01,-7.625923752784729004e-01,8.496768474578857422e-01,7.574450373649597168e-01,-7.351741194725036621e-01,9.978834390640258789e-01,-9.545539021492004395e-01,-8.892980217933654785e-01,4.515449702739715576e-02,9.515923261642456055e-01,8.483707904815673828e-01,-5.411337614059448242e-01,-9.272472858428955078e-01,7.351104021072387695e-01,8.860051035881042480e-01,9.710038304328918457e-01,6.868732571601867676e-01,-9.461543560028076172e-01,-6.873641610145568848e-01,-7.952179908752441406e-01,6.343435645103454590e-01,-7.336645722389221191e-01,-7.609650492668151855e-01,4.400016069412231445e-01,-5.142395496368408203e-01,-6.509617567062377930e-01,8.903202414512634277e-01,-7.930232882499694824e-01,7.664211988449096680e-01,7.755514979362487793e-01,8.541095256805419922e-01,2.910278439521789551e-01,-8.348905444145202637e-01,4.267989099025726318e-01,8.047056794166564941e-01,9.203343391418457031e-01,2.582740485668182373e-01,-9.445631504058837891e-01,-7.169423699378967285e-01,3.001272082328796387e-01,7.250711917877197266e-01,7.931739091873168945e-01,-6.321949362754821777e-01,-9.217246174812316895e-01,1.771685928106307983e-01,-6.197679638862609863e-01,-8.080559968948364258e-01,-1.114880889654159546e-01,7.907714247703552246e-01,-7.530023455619812012e-01,-7.047967910766601562e-01,-7.391322255134582520e-01,-6.846935749053955078e-01,-8.261872529983520508e-01,6.099244114011526108e-03,-4.899992644786834717e-01,6.151751875877380371e-01,-7.143121361732482910e-01,-1.962291263043880463e-02,8.902633786201477051e-01,7.991930246353149414e-01,-9.469099640846252441e-01,4.274541437625885010e-01,7.404068708419799805e-01,-8.525937795639038086e-01,7.993330955505371094e-01,-8.678767085075378418e-01,8.031355142593383789e-01,8.742095828056335449e-01,7.580977678298950195e-01,-8.797278404235839844e-01,7.297295331954956055e-01,-7.493695616722106934e-01,-7.555589675903320312e-01,8.993495702743530273e-01,-1.445824652910232544e-01,-5.822781324386596680e-01,8.656161427497863770e-01,5.999761819839477539e-01,3.550333082675933838e-01,-8.202613592147827148e-01,4.545919001102447510e-01,-9.359830021858215332e-01,9.040927886962890625e-01,7.761332392692565918e-01,-8.807614445686340332e-01,8.015214800834655762e-01,8.507036566734313965e-01,-9.462898969650268555e-01,7.725028395652770996e-01,9.692572951316833496e-01,8.517967462539672852e-01,6.924431920051574707e-01,-9.603013396263122559e-01,-8.853883743286132812e-01,7.668070197105407715e-01,-6.950839757919311523e-01,-7.826899886131286621e-01,-6.714255809783935547e-01,-8.054453730583190918e-01,-8.257303833961486816e-01,8.321332335472106934e-01,8.664991259574890137e-01,4.847970902919769287e-01,8.215482831001281738e-01,-9.555537700653076172e-01,8.571203947067260742e-01,-9.323635697364807129e-01,-7.484149336814880371e-01,7.409176230430603027e-01,-7.707528471946716309e-01,-9.231021404266357422e-01,8.887456059455871582e-01,-8.653677701950073242e-01,-7.119244337081909180e-01,7.791423201560974121e-01,-6.440871357917785645e-01,-9.184584617614746094e-01,4.860945343971252441e-01,-6.255735158920288086e-01,-9.188066720962524414e-01,8.000133037567138672e-01,1.608645170927047729e-01
9.491297602653503418e-01,-5.068326592445373535e-01,-8.462471961975097656e-01,1.213330477476119995e-01,-9.573614001274108887e-01,9.692258238792419434e-01,8.629752397537231445e-01,-9.137119650840759277e-01,-8.269953131675720215e-01,8.160496354103088379e-01,-9.545539021492004395e-01,9.989608526229858398e-01,9.479022026062011719e-01,-1.381291300058364868e-01,-9.097691178321838379e-01,-9.129847884178161621e-01,6.400926113128662109e-01,9.786332845687866211e-01,-7.810369133949279785e-01,-9.025372266769409180e-01,-9.450049996376037598e-01,-7.866351604461669922e-01,9.743382334709167480e-01,8.227363824844360352e-01,8.376510739326477051e-01,-5.648213624954223633e-01,8.213270902633666992e-01,8.144755959510803223e-01,-3.938785791397094727e-01,6.179405450820922852e-01,7.283969521522521973e-01,-9.537279009819030762e-01,8.731364011764526367e-01,-7.243081331253051758e-01,-8.584967851638793945e-01,-9.230934977531433105e-01,-4.247586131095886230e-01,8.993051052093505859e-01,-5.649882555007934570e-01,-9.056698083877563477e-01,-9.698889255523681641e-01,-3.035579025745391846e-01,9.823178648948669434e-01,8.171786665916442871e-01,-2.272655218839645386e-01,-8.181717991828918457e-01,-8.743070363998413086e-01,7.421712875366210938e-01,9.424200057983398438e-01,-2.747957706451416016e-01,6.758280992507934570e-01,8.821545839309692383e-01,-2.811139822006225586e-02,-8.381338119506835938e-01,8.672139644622802734e-01,7.958796620368957520e-01,8.256528377532958984e-01,7.723225355148315430e-01,8.012988567352294922e-01,-5.814552307128906250e-02,5.802490711212158203e-01,-7.099226713180541992e-01,7.906376123428344727e-01,8.947750180959701538e-02,-8.501492142677307129e-01,-8.775165081024169922e-01,9.837917089462280273e-01,-5.042046904563903809e-01,-8.370877504348754883e-01,9.234082698822021484e-01,-8.806592822074890137e-01,8.750265836715698242e-01,-8.662468194961547852e-01,-9.393913149833679199e-01,-8.449259400367736816e-01,8.544663786888122559e-01,-8.200535178184509277e-01,8.305503726005554199e-01,8.441507220268249512e-01,-8.602842092514038086e-01,8.335288614034652710e-02,6.830391883850097656e-01,-9.346979856491088867e-01,-5.794268846511840820e-01,-2.997996211051940918e-01,8.803041577339172363e-01,-3.167703449726104736e-01,9.460923671722412109e-01,-9.595386981964111328e-01,-8.655134439468383789e-01,9.334999918937683105e-01,-8.640995025634765625e-01,-9.011732339859008789e-01,9.838210344314575195e-01,-8.632885813713073730e-01,-9.584929943084716797e-01,-9.198455810546875000e-01,-7.887816429138183594e-01,9.816817641258239746e-01,9.440039396286010742e-01,-8.486976027488708496e-01,7.828367352485656738e-01,8.638785481452941895e-01,7.711521983146667480e-01,8.895713686943054199e-01,9.004103541374206543e-01,-9.010310769081115723e-01,-9.271706938743591309e-01,-5.754685401916503906e-01,-8.941162228584289551e-01,9.390777349472045898e-01,-9.148572087287902832e-01,9.667565822601318359e-01,8.281012773513793945e-01,-8.300530314445495605e-01,8.624829649925231934e-01,9.818930625915527344e-01,-9.357690811157226562e-01,8.962659835815429688e-01,7.898376584053039551e-01,-8.647068142890930176e-01,7.450076937675476074e-01,9.677110314369201660e-01,-5.965524911880493164e-01,7.406829595565795898e-01,9.679745435714721680e-01,-8.809274435043334961e-01,-2.280907034873962402e-01
