9.999980926513671875e-01,-9.999982714653015137e-01,-9.999850988388061523e-01,9.999981522560119629e-01,9.999988675117492676e-01,-9.999986290931701660e-01,9.999939799308776855e-01,9.999989867210388184e-01,-9.999969005584716797e-01,9.999969005584716797e-01,-9.999974966049194336e-01,-9.999988675117492676e-01,9.999980330467224121e-01,9.999978542327880859e-01,9.999587535858154297e-01,9.999976754188537598e-01,9.999977350234985352e-01,-9.999985098838806152e-01,9.999859929084777832e-01,-9.999990463256835938e-01,-9.999988675117492676e-01,9.999843835830688477e-01,9.999979138374328613e-01,9.999984502792358398e-01,9.999892711639404297e-01,9.999990463256835938e-01,-9.999984502792358398e-01,-9.999988675117492676e-01,9.999735355377197266e-01,-9.999964237213134766e-01,-9.999955296516418457e-01,-9.999986290931701660e-01,9.999946951866149902e-01,9.999976754188537598e-01,-9.999964833259582520e-01,-9.999907016754150391e-01,9.999989271163940430e-01,9.999986886978149414e-01,9.999927282333374023e-01,-9.999988079071044922e-01,9.999983906745910645e-01,-9.999970793724060059e-01,9.999333620071411133e-01,9.999986886978149414e-01,9.999971389770507812e-01,9.999978542327880859e-01,9.999927282333374023e-01,9.999978542327880859e-01,9.999988079071044922e-01,-9.999985098838806152e-01,-9.999986290931701660e-01,-9.999972581863403320e-01,-9.999986290931701660e-01,-9.999902844429016113e-01,-9.999960660934448242e-01,-9.999979138374328613e-01,-9.999976158142089844e-01,9.999623894691467285e-01,9.999977946281433105e-01,9.999981522560119629e-01,-9.999966025352478027e-01,9.999989271163940430e-01,9.999982118606567383e-01,9.999949336051940918e-01,-9.999956488609313965e-01,-9.999987483024597168e-01,-9.999989271163940430e-01,-9.999936223030090332e-01,-9.999985098838806152e-01,9.999988675117492676e-01,-9.999986290931701660e-01,9.999978542327880859e-01,9.999967217445373535e-01,-9.999890923500061035e-01,4.307841956615447998e-01,-9.999981522560119629e-01,9.999906420707702637e-01,9.999985694885253906e-01,-9.999901056289672852e-01,-9.999970197677612305e-01,-9.999573826789855957e-01,9.999975562095642090e-01,-9.999987483024597168e-01,9.999918341636657715e-01,-9.999982714653015137e-01,-9.999822378158569336e-01,9.999918341636657715e-01,9.999987483024597168e-01,-9.999502301216125488e-01,9.999974370002746582e-01,-9.999981522560119629e-01,9.999982714653015137e-01,-9.999728798866271973e-01,-9.999980926513671875e-01,9.999985694885253906e-01,-9.999977350234985352e-01,-9.999883770942687988e-01,9.999989271163940430e-01,-9.999988079071044922e-01,9.999879002571105957e-01,-9.999973177909851074e-01,9.999986290931701660e-01,-9.999809861183166504e-01,-9.999777078628540039e-01,9.999984502792358398e-01,9.999965429306030273e-01,9.999714493751525879e-01,-9.999974966049194336e-01,-9.999944567680358887e-01,9.999985098838806152e-01,-9.999977350234985352e-01,9.999985694885253906e-01,-9.999979734420776367e-01,-9.999890327453613281e-01,9.999991059303283691e-01,-9.999984502792358398e-01,9.999985694885253906e-01,-9.999987483024597168e-01,-9.999929070472717285e-01,-9.999980330467224121e-01,-9.999988079071044922e-01,9.999955296516418457e-01,9.999986290931701660e-01,-9.999973177909851074e-01,9.999574422836303711e-01,-9.999951124191284180e-01,9.999741911888122559e-01,-9.999977350234985352e-01
-9.999982714653015137e-01,9.999984502792358398e-01,9.999864101409912109e-01,-9.999982714653015137e-01,-9.999989271163940430e-01,9.999986886978149414e-01,-9.999945163726806641e-01,-9.999991059303283691e-01,9.999970793724060059e-01,-9.999970793724060059e-01,9.999977350234985352e-01,9.999989867210388184e-01,-9.999982118606567383e-01,-9.999980926513671875e-01,-9.999623894691467285e-01,-9.999979138374328613e-01,-9.999978542327880859e-01,9.999986290931701660e-01,-9.999872446060180664e-01,9.999991655349731445e-01,9.999989867210388184e-01,-9.999858140945434570e-01,-9.999979734420776367e-01,-9.999985694885253906e-01,-9.999902248382568359e-01,-9.999991059303283691e-01,9.999986886978149414e-01,9.999989271163940430e-01,-9.999758601188659668e-01,9.999966025352478027e-01,9.999960064888000488e-01,9.999987483024597168e-01,-9.999951720237731934e-01,-9.999978542327880859e-01,9.999969005584716797e-01,9.999915957450866699e-01,-9.999989867210388184e-01,-9.999987483024597168e-01,-9.999933838844299316e-01,9.999989271163940430e-01,-9.999985098838806152e-01,9.999973177909851074e-01,-9.999393224716186523e-01,-9.999987483024597168e-01,-9.999973773956298828e-01,-9.999979734420776367e-01,-9.999933242797851562e-01,-9.999980330467224121e-01,-9.999988675117492676e-01,9.999986290931701660e-01,9.999987483024597168e-01,9.999974966049194336e-01,9.999986886978149414e-01,9.999911785125732422e-01,9.999963045120239258e-01,9.999980330467224121e-01,9.999977946281433105e-01,-9.999657869338989258e-01,-9.999979734420776367e-01,-9.999982118606567383e-01,9.999969005584716797e-01,-9.999989867210388184e-01,-9.999983310699462891e-01,-9.999953508377075195e-01,9.999960064888000488e-01,9.999988079071044922e-01,9.999990463256835938e-01,9.999942183494567871e-01,9.999985098838806152e-01,-9.999988675117492676e-01,9.999987483024597168e-01,-9.999980330467224121e-01,-9.999970197677612305e-01,9.999900460243225098e-01,-4.308373630046844482e-01,9.999983310699462891e-01,-9.999915361404418945e-01,-9.999986290931701660e-01,9.999908804893493652e-01,9.999972581863403320e-01,9.999612569808959961e-01,-9.999977350234985352e-01,9.999987483024597168e-01,-9.999925494194030762e-01,9.999985098838806152e-01,9.999838471412658691e-01,-9.999925494194030762e-01,-9.999988675117492676e-01,9.999547600746154785e-01,-9.999975562095642090e-01,9.999983310699462891e-01,-9.999984502792358398e-01,9.999753832817077637e-01,9.999982714653015137e-01,-9.999986886978149414e-01,9.999979138374328613e-01,9.999894499778747559e-01,-9.999989867210388184e-01,9.999988079071044922e-01,-9.999889731407165527e-01,9.999974966049194336e-01,-9.999987483024597168e-01,9.999827146530151367e-01,9.999796748161315918e-01,-9.999985694885253906e-01,-9.999967217445373535e-01,-9.999740123748779297e-01,9.999977350234985352e-01,9.999949336051940918e-01,-9.999986886978149414e-01,9.999979138374328613e-01,-9.999986290931701660e-01,9.999980330467224121e-01,9.999900460243225098e-01,-9.999992251396179199e-01,9.999985098838806152e-01,-9.999986886978149414e-01,9.999988675117492676e-01,9.999935030937194824e-01,9.999982118606567383e-01,9.999989271163940430e-01,-9.999959468841552734e-01,-9.999987483024597168e-01,9.999975562095642090e-01,-9.999612569808959961e-01,9.999955296516418457e-01,-9.999765753746032715e-01,9.999978542327880859e-01
-9.999850988388061523e-01,9.999864101409912109e-01,9.998785853385925293e-01,-9.999849796295166016e-01,-9.999906420707702637e-01,9.999885559082031250e-01,-9.999514222145080566e-01,-9.999916553497314453e-01,9.999752044677734375e-01,-9.999747276306152344e-01,9.999800324440002441e-01,9.999907016754150391e-01,-9.999844431877136230e-01,-9.999825358390808105e-01,-9.996673464775085449e-01,-9.999812841415405273e-01,-9.999814033508300781e-01,9.999879598617553711e-01,-9.998869299888610840e-01,9.999920129776000977e-01,9.999910593032836914e-01,-9.998740553855895996e-01,-9.999833703041076660e-01,-9.999876022338867188e-01,-9.999133348464965820e-01,-9.999917745590209961e-01,9.999876022338867188e-01,9.999908208847045898e-01,-9.997857213020324707e-01,9.999704957008361816e-01,9.999641180038452148e-01,9.999882578849792480e-01,-9.999564886093139648e-01,-9.999811053276062012e-01,9.999718666076660156e-01,9.999251365661621094e-01,-9.999914169311523438e-01,-9.999887943267822266e-01,-9.999402761459350586e-01,9.999905228614807129e-01,-9.999872446060180664e-01,9.999768733978271484e-01,-9.994624853134155273e-01,-9.999887943267822266e-01,-9.999772310256958008e-01,-9.999823570251464844e-01,-9.999405741691589355e-01,-9.999830126762390137e-01,-9.999898672103881836e-01,9.999882578849792480e-01,9.999892711639404297e-01,9.999783039093017578e-01,9.999882578849792480e-01,9.999213814735412598e-01,9.999677538871765137e-01,9.999829530715942383e-01,9.999808073043823242e-01,-9.996967315673828125e-01,-9.999824762344360352e-01,-9.999845027923583984e-01,9.999719858169555664e-01,-9.999909996986389160e-01,-9.999856352806091309e-01,-9.999583363533020020e-01,9.999641180038452148e-01,9.999900460243225098e-01,9.999914169311523438e-01,9.999477863311767578e-01,9.999875426292419434e-01,-9.999904036521911621e-01,9.999889135360717773e-01,-9.999830126762390137e-01,-9.999730587005615234e-01,9.999122619628906250e-01,-4.266696870326995850e-01,9.999847412109375000e-01,-9.999246001243591309e-01,-9.999880194664001465e-01,9.999191164970397949e-01,9.999762177467346191e-01,9.996564984321594238e-01,-9.999794960021972656e-01,9.999898076057434082e-01,-9.999336600303649902e-01,9.999863505363464355e-01,9.998566508293151855e-01,-9.999339580535888672e-01,-9.999899864196777344e-01,9.995989203453063965e-01,-9.999788999557495117e-01,9.999853968620300293e-01,-9.999864101409912109e-01,9.997811913490295410e-01,9.999848008155822754e-01,-9.999879598617553711e-01,9.999815821647644043e-01,9.999062418937683105e-01,-9.999909996986389160e-01,9.999898672103881836e-01,-9.999012947082519531e-01,9.999781847000122070e-01,-9.999889731407165527e-01,9.998459815979003906e-01,9.998195767402648926e-01,-9.999877214431762695e-01,-9.999714493751525879e-01,-9.997692704200744629e-01,9.999800324440002441e-01,9.999552369117736816e-01,-9.999879598617553711e-01,9.999815225601196289e-01,-9.999881982803344727e-01,9.999837279319763184e-01,9.999114871025085449e-01,-9.999918937683105469e-01,9.999869465827941895e-01,-9.999887943267822266e-01,9.999896883964538574e-01,9.999425411224365234e-01,9.999843239784240723e-01,9.999904632568359375e-01,-9.999639391899108887e-01,-9.999888539314270020e-01,9.999784827232360840e-01,-9.996564984321594238e-01,9.999603033065795898e-01,-9.997915029525756836e-01,9.999814629554748535e-01
9.999981522560119629e-01,-9.999982714653015137e-01,-9.999849796295166016e-01,9.999981522560119629e-01,9.999987483024597168e-01,-9.999985098838806152e-01,9.999940395355224609e-01,9.999989271163940430e-01,-9.999968409538269043e-01,9.999968409538269043e-01,-9.999974966049194336e-01,-9.999988079071044922e-01,9.999980330467224121e-01,9.999977350234985352e-01,9.999589920043945312e-01,9.999976754188537598e-01,9.999976158142089844e-01,-9.999983906745910645e-01,9.999861121177673340e-01,-9.999990463256835938e-01,-9.999988675117492676e-01,9.999844431877136230e-01,9.999978542327880859e-01,9.999983310699462891e-01,9.999893307685852051e-01,9.999989867210388184e-01,-9.999983310699462891e-01,-9.999988675117492676e-01,9.999735951423645020e-01,-9.999961853027343750e-01,-9.999955296516418457e-01,-9.999985098838806152e-01,9.999946355819702148e-01,9.999975562095642090e-01,-9.999964833259582520e-01,-9.999907612800598145e-01,9.999988675117492676e-01,9.999985098838806152e-01,9.999926686286926270e-01,-9.999987483024597168e-01,9.999983310699462891e-01,-9.999970793724060059e-01,9.999338388442993164e-01,9.999985098838806152e-01,9.999971389770507812e-01,9.999977350234985352e-01,9.999926686286926270e-01,9.999977946281433105e-01,9.999986886978149414e-01,-9.999985098838806152e-01,-9.999986886978149414e-01,-9.999971985816955566e-01,-9.999985098838806152e-01,-9.999902844429016113e-01,-9.999960064888000488e-01,-9.999978542327880859e-01,-9.999976158142089844e-01,9.999626278877258301e-01,9.999976754188537598e-01,9.999980330467224121e-01,-9.999966025352478027e-01,9.999988675117492676e-01,9.999980926513671875e-01,9.999948740005493164e-01,-9.999955892562866211e-01,-9.999986886978149414e-01,-9.999988675117492676e-01,-9.999936223030090332e-01,-9.999983310699462891e-01,9.999988079071044922e-01,-9.999985098838806152e-01,9.999977946281433105e-01,9.999966621398925781e-01,-9.999891519546508789e-01,4.307893216609954834e-01,-9.999979734420776367e-01,9.999907016754150391e-01,9.999983906745910645e-01,-9.999900460243225098e-01,-9.999970197677612305e-01,-9.999576807022094727e-01,9.999974370002746582e-01,-9.999986886978149414e-01,9.999918341636657715e-01,-9.999982714653015137e-01,-9.999823570251464844e-01,9.999918937683105469e-01,9.999986886978149414e-01,-9.999505877494812012e-01,9.999972581863403320e-01,-9.999981522560119629e-01,9.999983310699462891e-01,-9.999730587005615234e-01,-9.999979734420776367e-01,9.999985098838806152e-01,-9.999976754188537598e-01,-9.999884963035583496e-01,9.999988675117492676e-01,-9.999987483024597168e-01,9.999879002571105957e-01,-9.999972581863403320e-01,9.999985694885253906e-01,-9.999811053276062012e-01,-9.999778270721435547e-01,9.999984502792358398e-01,9.999964237213134766e-01,9.999715685844421387e-01,-9.999974370002746582e-01,-9.999944567680358887e-01,9.999983906745910645e-01,-9.999976158142089844e-01,9.999985098838806152e-01,-9.999979138374328613e-01,-9.999890327453613281e-01,9.999989867210388184e-01,-9.999983310699462891e-01,9.999985098838806152e-01,-9.999986290931701660e-01,-9.999928474426269531e-01,-9.999980330467224121e-01,-9.999988079071044922e-01,9.999955296516418457e-01,9.999985098838806152e-01,-9.999972581863403320e-01,9.999577403068542480e-01,-9.999950528144836426e-01,9.999743700027465820e-01,-9.999976158142089844e-01
9.999988675117492676e-01,-9.999989271163940430e-01,-9.999906420707702637e-01,9.999987483024597168e-01,9.999992251396179199e-01,-9.999991655349731445e-01,9.999961256980895996e-01,9.999994039535522461e-01,-9.999980330467224121e-01,9.999980330467224121e-01,-9.999983310699462891e-01,-9.999992847442626953e-01,9.999986886978149414e-01,9.999986290931701660e-01,9.999743103981018066e-01,9.999985098838806152e-01,9.999984502792358398e-01,-9.999989867210388184e-01,9.999912381172180176e-01,-9.999994039535522461e-01,-9.999992251396179199e-01,9.999902248382568359e-01,9.999986886978149414e-01,9.999991059303283691e-01,9.999932050704956055e-01,9.999994039535522461e-01,-9.999991059303283691e-01,-9.999993443489074707e-01,9.999834895133972168e-01,-9.999976158142089844e-01,-9.999971389770507812e-01,-9.999991655349731445e-01,9.999966025352478027e-01,9.999985098838806152e-01,-9.999977946281433105e-01,-9.999941587448120117e-01,9.999992847442626953e-01,9.999991655349731445e-01,9.999954104423522949e-01,-9.999992251396179199e-01,9.999990463256835938e-01,-9.999982118606567383e-01,9.999585151672363281e-01,9.999990463256835938e-01,9.999982118606567383e-01,9.999986290931701660e-01,9.999954104423522949e-01,9.999985694885253906e-01,9.999991655349731445e-01,-9.999991059303283691e-01,-9.999991059303283691e-01,-9.999982118606567383e-01,-9.999990463256835938e-01,-9.999938607215881348e-01,-9.999974966049194336e-01,-9.999986886978149414e-01,-9.999985098838806152e-01,9.999765753746032715e-01,9.999985694885253906e-01,9.999988079071044922e-01,-9.999977946281433105e-01,9.999993443489074707e-01,9.999988079071044922e-01,9.999968409538269043e-01,-9.999971985816955566e-01,-9.999991655349731445e-01,-9.999993443489074707e-01,-9.999960064888000488e-01,-9.999989867210388184e-01,9.999992847442626953e-01,-9.999991655349731445e-01,9.999985694885253906e-01,9.999979138374328613e-01,-9.999931454658508301e-01,4.310067296028137207e-01,-9.999987483024597168e-01,9.999942183494567871e-01,9.999991059303283691e-01,-9.999937415122985840e-01,-9.999981522560119629e-01,-9.999735355377197266e-01,9.999985098838806152e-01,-9.999991655349731445e-01,9.999948740005493164e-01,-9.999989271163940430e-01,-9.999889731407165527e-01,9.999948143959045410e-01,9.999992847442626953e-01,-9.999690055847167969e-01,9.999983310699462891e-01,-9.999988675117492676e-01,9.999988675117492676e-01,-9.999830722808837891e-01,-9.999988079071044922e-01,9.999991059303283691e-01,-9.999985694885253906e-01,-9.999927878379821777e-01,9.999994039535522461e-01,-9.999992251396179199e-01,9.999923110008239746e-01,-9.999982714653015137e-01,9.999991059303283691e-01,-9.999881386756896973e-01,-9.999861121177673340e-01,9.999991059303283691e-01,9.999976754188537598e-01,9.999822378158569336e-01,-9.999984502792358398e-01,-9.999964833259582520e-01,9.999991059303283691e-01,-9.999985694885253906e-01,9.999991059303283691e-01,-9.999986290931701660e-01,-9.999932050704956055e-01,9.999994635581970215e-01,-9.999989867210388184e-01,9.999991655349731445e-01,-9.999992251396179199e-01,-9.999955296516418457e-01,-9.999986886978149414e-01,-9.999992251396179199e-01,9.999971985816955566e-01,9.999991655349731445e-01,-9.999982118606567383e-01,9.999734759330749512e-01,-9.999969005584716797e-01,9.999839663505554199e-01,-9.999985694885253906e-01
-9.999986290931701660e-01,9.999986886978149414e-01,9.999885559082031250e-01,-9.999985098838806152e-01,-9.999991655349731445e-01,9.999989271163940430e-01,-9.999954104423522949e-01,-9.999993443489074707e-01,9.999975562095642090e-01,-9.999975562095642090e-01,9.999980926513671875e-01,9.999991655349731445e-01,-9.999985098838806152e-01,-9.999983310699462891e-01,-9.999684691429138184e-01,-9.999982118606567383e-01,-9.999982118606567383e-01,9.999988675117492676e-01,-9.999893903732299805e-01,9.999992847442626953e-01,9.999991059303283691e-01,-9.999881386756896973e-01,-9.999983906745910645e-01,-9.999988675117492676e-01,-9.999918341636657715e-01,-9.999992251396179199e-01,9.999988079071044922e-01,9.999991655349731445e-01,-9.999797344207763672e-01,9.999971985816955566e-01,9.999965429306030273e-01,9.999988675117492676e-01,-9.999958872795104980e-01,-9.999980926513671875e-01,9.999973177909851074e-01,9.999929070472717285e-01,-9.999992251396179199e-01,-9.999989271163940430e-01,-9.999943375587463379e-01,9.999991655349731445e-01,-9.999986886978149414e-01,9.999977946281433105e-01,-9.999491572380065918e-01,-9.999989271163940430e-01,-9.999977946281433105e-01,-9.999982118606567383e-01,-9.999943971633911133e-01,-9.999982714653015137e-01,-9.999991059303283691e-01,9.999988675117492676e-01,9.999989271163940430e-01,9.999979138374328613e-01,9.999988079071044922e-01,9.999926090240478516e-01,9.999969005584716797e-01,9.999983310699462891e-01,9.999981522560119629e-01,-9.999713301658630371e-01,-9.999982118606567383e-01,-9.999985098838806152e-01,9.999973773956298828e-01,-9.999991655349731445e-01,-9.999986290931701660e-01,-9.999961256980895996e-01,9.999965429306030273e-01,9.999991059303283691e-01,9.999992251396179199e-01,9.999949932098388672e-01,9.999987483024597168e-01,-9.999991059303283691e-01,9.999988675117492676e-01,-9.999983906745910645e-01,-9.999974370002746582e-01,9.999916553497314453e-01,-4.309237599372863770e-01,9.999985098838806152e-01,-9.999927878379821777e-01,-9.999988675117492676e-01,9.999923706054687500e-01,9.999977350234985352e-01,9.999675154685974121e-01,-9.999980330467224121e-01,9.999991059303283691e-01,-9.999937415122985840e-01,9.999986886978149414e-01,9.999864697456359863e-01,-9.999937415122985840e-01,-9.999989867210388184e-01,9.999620318412780762e-01,-9.999979734420776367e-01,9.999986886978149414e-01,-9.999986886978149414e-01,9.999792575836181641e-01,9.999985098838806152e-01,-9.999989271163940430e-01,9.999983310699462891e-01,9.999911785125732422e-01,-9.999991655349731445e-01,9.999990463256835938e-01,-9.999907016754150391e-01,9.999979734420776367e-01,-9.999989271163940430e-01,9.999855756759643555e-01,9.999829530715942383e-01,-9.999988079071044922e-01,-9.999972581863403320e-01,-9.999781847000122070e-01,9.999979734420776367e-01,9.999957084655761719e-01,-9.999988675117492676e-01,9.999982118606567383e-01,-9.999988675117492676e-01,9.999984502792358398e-01,9.999917149543762207e-01,-9.999993443489074707e-01,9.999987483024597168e-01,-9.999989271163940430e-01,9.999990463256835938e-01,9.999945759773254395e-01,9.999985098838806152e-01,9.999991655349731445e-01,-9.999964237213134766e-01,-9.999989271163940430e-01,9.999978542327880859e-01,-9.999675154685974121e-01,9.999960660934448242e-01,-9.999803900718688965e-01,9.999982118606567383e-01
9.999939799308776855e-01,-9.999945163726806641e-01,-9.999514222145080566e-01,9.999940395355224609e-01,9.999961256980895996e-01,-9.999954104423522949e-01,9.999806284904479980e-01,9.999966025352478027e-01,-9.999901056289672852e-01,9.999898672103881836e-01,-9.999920129776000977e-01,-9.999963045120239258e-01,9.999938011169433594e-01,9.999929666519165039e-01,9.998670220375061035e-01,9.999926090240478516e-01,9.999924898147583008e-01,-9.999951720237731934e-01,9.999548196792602539e-01,-9.999967813491821289e-01,-9.999963641166687012e-01,9.999495744705200195e-01,9.999933838844299316e-01,9.999950528144836426e-01,9.999653697013854980e-01,9.999966621398925781e-01,-9.999950528144836426e-01,-9.999963045120239258e-01,9.999143481254577637e-01,-9.999881386756896973e-01,-9.999856948852539062e-01,-9.999952912330627441e-01,9.999825954437255859e-01,9.999923110008239746e-01,-9.999887347221374512e-01,-9.999701380729675293e-01,9.999965429306030273e-01,9.999955296516418457e-01,9.999762773513793945e-01,-9.999961853027343750e-01,9.999948143959045410e-01,-9.999907016754150391e-01,9.997851252555847168e-01,9.999955296516418457e-01,9.999908804893493652e-01,9.999929666519165039e-01,9.999762773513793945e-01,9.999930858612060547e-01,9.999958872795104980e-01,-9.999952912330627441e-01,-9.999956488609313965e-01,-9.999912977218627930e-01,-9.999952912330627441e-01,-9.999685287475585938e-01,-9.999871253967285156e-01,-9.999931454658508301e-01,-9.999923110008239746e-01,9.998786449432373047e-01,9.999930262565612793e-01,9.999937415122985840e-01,-9.999889135360717773e-01,9.999963641166687012e-01,9.999942779541015625e-01,9.999834299087524414e-01,-9.999856948852539062e-01,-9.999959468841552734e-01,-9.999964833259582520e-01,-9.999791979789733887e-01,-9.999949932098388672e-01,9.999961853027343750e-01,-9.999955892562866211e-01,9.999932050704956055e-01,9.999892115592956543e-01,-9.999648928642272949e-01,4.294813573360443115e-01,-9.999938607215881348e-01,9.999699592590332031e-01,9.999952316284179688e-01,-9.999676942825317383e-01,-9.999905228614807129e-01,-9.998627901077270508e-01,9.999917745590209961e-01,-9.999958872795104980e-01,9.999735355377197266e-01,-9.999945163726806641e-01,-9.999427199363708496e-01,9.999736547470092773e-01,9.999959468841552734e-01,-9.998396635055541992e-01,9.999915361404418945e-01,-9.999942779541015625e-01,9.999945759773254395e-01,-9.999125003814697266e-01,-9.999938607215881348e-01,9.999951720237731934e-01,-9.999926090240478516e-01,-9.999625086784362793e-01,9.999963045120239258e-01,-9.999959468841552734e-01,9.999605417251586914e-01,-9.999912381172180176e-01,9.999955892562866211e-01,-9.999384880065917969e-01,-9.999278187751770020e-01,9.999950528144836426e-01,9.999886155128479004e-01,9.999077320098876953e-01,-9.999920129776000977e-01,-9.999821782112121582e-01,9.999952316284179688e-01,-9.999925494194030762e-01,9.999952316284179688e-01,-9.999935030937194824e-01,-9.999646544456481934e-01,9.999967813491821289e-01,-9.999947547912597656e-01,9.999955296516418457e-01,-9.999958872795104980e-01,-9.999770522117614746e-01,-9.999936223030090332e-01,-9.999961256980895996e-01,9.999856352806091309e-01,9.999955296516418457e-01,-9.999913573265075684e-01,9.998627305030822754e-01,-9.999841451644897461e-01,9.999166131019592285e-01,-9.999925494194030762e-01
9.999989867210388184e-01,-9.999991059303283691e-01,-9.999916553497314453e-01,9.999989271163940430e-01,9.999994039535522461e-01,-9.999993443489074707e-01,9.999966025352478027e-01,9.999995231628417969e-01,-9.999982714653015137e-01,9.999982118606567383e-01,-9.999985694885253906e-01,-9.999994635581970215e-01,9.999989271163940430e-01,9.999988079071044922e-01,9.999768733978271484e-01,9.999987483024597168e-01,9.999987483024597168e-01,-9.999992251396179199e-01,9.999921321868896484e-01,-9.999994635581970215e-01,-9.999994635581970215e-01,9.999912977218627930e-01,9.999988079071044922e-01,9.999991655349731445e-01,9.999939799308776855e-01,9.999995231628417969e-01,-9.999991655349731445e-01,-9.999994039535522461e-01,9.999852180480957031e-01,-9.999979138374328613e-01,-9.999975562095642090e-01,-9.999993443489074707e-01,9.999969005584716797e-01,9.999986886978149414e-01,-9.999981522560119629e-01,-9.999948740005493164e-01,9.999993443489074707e-01,9.999992847442626953e-01,9.999958872795104980e-01,-9.999993443489074707e-01,9.999991655349731445e-01,-9.999983906745910645e-01,9.999625682830810547e-01,9.999992847442626953e-01,9.999983906745910645e-01,9.999987483024597168e-01,9.999959468841552734e-01,9.999988079071044922e-01,9.999993443489074707e-01,-9.999992251396179199e-01,-9.999992847442626953e-01,-9.999985694885253906e-01,-9.999992251396179199e-01,-9.999946355819702148e-01,-9.999978542327880859e-01,-9.999988079071044922e-01,-9.999987483024597168e-01,9.999789595603942871e-01,9.999987483024597168e-01,9.999989271163940430e-01,-9.999981522560119629e-01,9.999994635581970215e-01,9.999989867210388184e-01,9.999971389770507812e-01,-9.999974966049194336e-01,-9.999993443489074707e-01,-9.999995231628417969e-01,-9.999963045120239258e-01,-9.999991655349731445e-01,9.999994635581970215e-01,-9.999992847442626953e-01,9.999988079071044922e-01,9.999980926513671875e-01,-9.999939203262329102e-01,4.310425221920013428e-01,-9.999989271163940430e-01,9.999947547912597656e-01,9.999992847442626953e-01,-9.999944567680358887e-01,-9.999983310699462891e-01,-9.999761581420898438e-01,9.999986290931701660e-01,-9.999993443489074707e-01,9.999954700469970703e-01,-9.999991059303283691e-01,-9.999901056289672852e-01,9.999954104423522949e-01,9.999993443489074707e-01,-9.999721646308898926e-01,9.999985098838806152e-01,-9.999990463256835938e-01,9.999991059303283691e-01,-9.999848008155822754e-01,-9.999989867210388184e-01,9.999992847442626953e-01,-9.999987483024597168e-01,-9.999935626983642578e-01,9.999994635581970215e-01,-9.999994039535522461e-01,9.999931454658508301e-01,-9.999985694885253906e-01,9.999992847442626953e-01,-9.999893903732299805e-01,-9.999875426292419434e-01,9.999991655349731445e-01,9.999980926513671875e-01,9.999840259552001953e-01,-9.999985694885253906e-01,-9.999968409538269043e-01,9.999992251396179199e-01,-9.999986886978149414e-01,9.999992847442626953e-01,-9.999988675117492676e-01,-9.999938607215881348e-01,9.999995827674865723e-01,-9.999991059303283691e-01,9.999992847442626953e-01,-9.999994039535522461e-01,-9.999959468841552734e-01,-9.999988675117492676e-01,-9.999993443489074707e-01,9.999974370002746582e-01,9.999992847442626953e-01,-9.999985098838806152e-01,9.999762177467346191e-01,-9.999972581863403320e-01,9.999856352806091309e-01,-9.999987483024597168e-01
-9.999969005584716797e-01,9.999970793724060059e-01,9.999752044677734375e-01,-9.999968409538269043e-01,-9.999980330467224121e-01,9.999975562095642090e-01,-9.999901056289672852e-01,-9.999982714653015137e-01,9.999948740005493164e-01,-9.999947547912597656e-01,9.999958276748657227e-01,9.999980926513671875e-01,-9.999967813491821289e-01,-9.999963641166687012e-01,-9.999318718910217285e-01,-9.999960660934448242e-01,-9.999960064888000488e-01,9.999974370002746582e-01,-9.999769330024719238e-01,9.999982714653015137e-01,9.999981522560119629e-01,-9.999742507934570312e-01,-9.999964237213134766e-01,-9.999974370002746582e-01,-9.999822378158569336e-01,-9.999982714653015137e-01,9.999973177909851074e-01,9.999979734420776367e-01,-9.999560117721557617e-01,9.999938607215881348e-01,9.999926686286926270e-01,9.999975562095642090e-01,-9.999910593032836914e-01,-9.999960660934448242e-01,9.999942183494567871e-01,9.999846816062927246e-01,-9.999981522560119629e-01,-9.999976754188537598e-01,-9.999877810478210449e-01,9.999979138374328613e-01,-9.999972581863403320e-01,9.999951720237731934e-01,-9.998898506164550781e-01,-9.999976158142089844e-01,-9.999952912330627441e-01,-9.999963641166687012e-01,-9.999878406524658203e-01,-9.999963641166687012e-01,-9.999978542327880859e-01,9.999974966049194336e-01,9.999977350234985352e-01,9.999954700469970703e-01,9.999975562095642090e-01,9.999838471412658691e-01,9.999935030937194824e-01,9.999964237213134766e-01,9.999960064888000488e-01,-9.999378323554992676e-01,-9.999962449073791504e-01,-9.999966621398925781e-01,9.999942779541015625e-01,-9.999980330467224121e-01,-9.999970197677612305e-01,-9.999914765357971191e-01,9.999926686286926270e-01,9.999978542327880859e-01,9.999982118606567383e-01,9.999893307685852051e-01,9.999973177909851074e-01,-9.999978542327880859e-01,9.999976158142089844e-01,-9.999964833259582520e-01,-9.999943971633911133e-01,9.999819397926330566e-01,-4.304023087024688721e-01,9.999967813491821289e-01,-9.999845027923583984e-01,-9.999974370002746582e-01,9.999834895133972168e-01,9.999951124191284180e-01,9.999296069145202637e-01,-9.999957680702209473e-01,9.999978542327880859e-01,-9.999864101409912109e-01,9.999970793724060059e-01,9.999706149101257324e-01,-9.999864101409912109e-01,-9.999978542327880859e-01,9.999178051948547363e-01,-9.999955892562866211e-01,9.999969601631164551e-01,-9.999970793724060059e-01,9.999551177024841309e-01,9.999968409538269043e-01,-9.999974966049194336e-01,9.999961853027343750e-01,9.999808669090270996e-01,-9.999981522560119629e-01,9.999978542327880859e-01,-9.999797940254211426e-01,9.999955296516418457e-01,-9.999976158142089844e-01,9.999685287475585938e-01,9.999630451202392578e-01,-9.999974370002746582e-01,-9.999940991401672363e-01,-9.999526739120483398e-01,9.999958276748657227e-01,9.999908208847045898e-01,-9.999974370002746582e-01,9.999961256980895996e-01,-9.999975562095642090e-01,9.999965429306030273e-01,9.999819397926330566e-01,-9.999982714653015137e-01,9.999971985816955566e-01,-9.999976158142089844e-01,9.999978542327880859e-01,9.999881982803344727e-01,9.999966621398925781e-01,9.999979138374328613e-01,-9.999925494194030762e-01,-9.999976754188537598e-01,9.999955296516418457e-01,-9.999296665191650391e-01,9.999918341636657715e-01,-9.999573230743408203e-01,9.999961256980895996e-01
9.999969005584716797e-01,-9.999970793724060059e-01,-9.999747276306152344e-01,9.999968409538269043e-01,9.999980330467224121e-01,-9.999975562095642090e-01,9.999898672103881836e-01,9.999982118606567383e-01,-9.999947547912597656e-01,9.999946355819702148e-01,-9.999958276748657227e-01,-9.999980330467224121e-01,9.999967217445373535e-01,9.999963045120239258e-01,9.999303221702575684e-01,9.999960064888000488e-01,9.999959468841552734e-01,-9.999974370002746582e-01,9.999763965606689453e-01,-9.999982118606567383e-01,-9.999980926513671875e-01,9.999737143516540527e-01,9.999963641166687012e-01,9.999973773956298828e-01,9.999818801879882812e-01,9.999983310699462891e-01,-9.999973773956298828e-01,-9.999980330467224121e-01,9.999551177024841309e-01,-9.999938607215881348e-01,-9.999924898147583008e-01,-9.999974966049194336e-01,9.999908804893493652e-01,9.999960064888000488e-01,-9.999940991401672363e-01,-9.999843835830688477e-01,9.999982118606567383e-01,9.999976158142089844e-01,9.999875426292419434e-01,-9.999979734420776367e-01,9.999971985816955566e-01,-9.999951720237731934e-01,9.998874664306640625e-01,9.999976158142089844e-01,9.999951720237731934e-01,9.999962449073791504e-01,9.999875426292419434e-01,9.999963045120239258e-01,9.999977946281433105e-01,-9.999974966049194336e-01,-9.999976754188537598e-01,-9.999954700469970703e-01,-9.999974966049194336e-01,-9.999835491180419922e-01,-9.999932646751403809e-01,-9.999963641166687012e-01,-9.999960064888000488e-01,9.999365210533142090e-01,9.999963045120239258e-01,9.999966621398925781e-01,-9.999942183494567871e-01,9.999980926513671875e-01,9.999969601631164551e-01,9.999913573265075684e-01,-9.999924898147583008e-01,-9.999979138374328613e-01,-9.999981522560119629e-01,-9.999890923500061035e-01,-9.999972581863403320e-01,9.999980330467224121e-01,-9.999976754188537598e-01,9.999963641166687012e-01,9.999943375587463379e-01,-9.999816417694091797e-01,4.303805530071258545e-01,-9.999967217445373535e-01,9.999841451644897461e-01,9.999974370002746582e-01,-9.999831318855285645e-01,-9.999950528144836426e-01,-9.999281167984008789e-01,9.999957084655761719e-01,-9.999977946281433105e-01,9.999861121177673340e-01,-9.999970793724060059e-01,-9.999699592590332031e-01,9.999861717224121094e-01,9.999977946281433105e-01,-9.999160766601562500e-01,9.999955296516418457e-01,-9.999969005584716797e-01,9.999970197677612305e-01,-9.999542236328125000e-01,-9.999967813491821289e-01,9.999974966049194336e-01,-9.999960660934448242e-01,-9.999804496765136719e-01,9.999980926513671875e-01,-9.999979138374328613e-01,9.999793767929077148e-01,-9.999954104423522949e-01,9.999976158142089844e-01,-9.999677538871765137e-01,-9.999622106552124023e-01,9.999973773956298828e-01,9.999940395355224609e-01,9.999517202377319336e-01,-9.999957680702209473e-01,-9.999906420707702637e-01,9.999974370002746582e-01,-9.999960660934448242e-01,9.999974966049194336e-01,-9.999965429306030273e-01,-9.999815225601196289e-01,9.999982714653015137e-01,-9.999971985816955566e-01,9.999976158142089844e-01,-9.999977946281433105e-01,-9.999880194664001465e-01,-9.999966621398925781e-01,-9.999979138374328613e-01,9.999924898147583008e-01,9.999976158142089844e-01,-9.999954104423522949e-01,9.999281764030456543e-01,-9.999916553497314453e-01,9.999564290046691895e-01,-9.999960660934448242e-01
-9.999974966049194336e-01,9.999977350234985352e-01,9.999800324440002441e-01,-9.999974966049194336e-01,-9.999983310699462891e-01,9.999980926513671875e-01,-9.999920129776000977e-01,-9.999985694885253906e-01,9.999958276748657227e-01,-9.999958276748657227e-01,9.999965429306030273e-01,9.999984502792358398e-01,-9.999973773956298828e-01,-9.999969601631164551e-01,-9.999450445175170898e-01,-9.999968409538269043e-01,-9.999967813491821289e-01,9.999978542327880859e-01,-9.999814033508300781e-01,9.999985694885253906e-01,9.999983906745910645e-01,-9.999792575836181641e-01,-9.999971985816955566e-01,-9.999979138374328613e-01,-9.999856352806091309e-01,-9.999986290931701660e-01,9.999979138374328613e-01,9.999983906745910645e-01,-9.999646544456481934e-01,9.999950528144836426e-01,9.999940991401672363e-01,9.999980330467224121e-01,-9.999928474426269531e-01,-9.999968409538269043e-01,9.999953508377075195e-01,9.999876022338867188e-01,-9.999985098838806152e-01,-9.999980330467224121e-01,-9.999901652336120605e-01,9.999983310699462891e-01,-9.999977946281433105e-01,9.999961256980895996e-01,-9.999112486839294434e-01,-9.999981522560119629e-01,-9.999961853027343750e-01,-9.999970793724060059e-01,-9.999902248382568359e-01,-9.999970793724060059e-01,-9.999982118606567383e-01,9.999979138374328613e-01,9.999980926513671875e-01,9.999963641166687012e-01,9.999980330467224121e-01,9.999869465827941895e-01,9.999947547912597656e-01,9.999970793724060059e-01,9.999967813491821289e-01,-9.999498724937438965e-01,-9.999970197677612305e-01,-9.999973773956298828e-01,9.999954700469970703e-01,-9.999985098838806152e-01,-9.999974966049194336e-01,-9.999931454658508301e-01,9.999939799308776855e-01,9.999982118606567383e-01,9.999984502792358398e-01,9.999914169311523438e-01,9.999978542327880859e-01,-9.999982714653015137e-01,9.999981522560119629e-01,-9.999970793724060059e-01,-9.999955892562866211e-01,9.999855756759643555e-01,-4.305905997753143311e-01,9.999974370002746582e-01,-9.999874830245971680e-01,-9.999979734420776367e-01,9.999866485595703125e-01,9.999960064888000488e-01,9.999433755874633789e-01,-9.999965429306030273e-01,9.999982118606567383e-01,-9.999889731407165527e-01,9.999976754188537598e-01,9.999763965606689453e-01,-9.999891519546508789e-01,-9.999982118606567383e-01,9.999338388442993164e-01,-9.999964833259582520e-01,9.999975562095642090e-01,-9.999976754188537598e-01,9.999638199806213379e-01,9.999974370002746582e-01,-9.999979734420776367e-01,9.999969005584716797e-01,9.999845623970031738e-01,-9.999985098838806152e-01,9.999982118606567383e-01,-9.999837875366210938e-01,9.999962449073791504e-01,-9.999980330467224121e-01,9.999746084213256836e-01,9.999702572822570801e-01,-9.999979138374328613e-01,-9.999952912330627441e-01,-9.999618530273437500e-01,9.999966621398925781e-01,9.999925494194030762e-01,-9.999979734420776367e-01,9.999969005584716797e-01,-9.999980330467224121e-01,9.999971985816955566e-01,9.999854564666748047e-01,-9.999986290931701660e-01,9.999977350234985352e-01,-9.999981522560119629e-01,9.999982714653015137e-01,9.999905228614807129e-01,9.999973177909851074e-01,9.999983310699462891e-01,-9.999940395355224609e-01,-9.999980330467224121e-01,9.999963045120239258e-01,-9.999433159828186035e-01,9.999933838844299316e-01,-9.999656081199645996e-01,9.999969005584716797e-01
-9.999988675117492676e-01,9.999989867210388184e-01,9.999907016754150391e-01,-9.999988079071044922e-01,-9.999992847442626953e-01,9.999991655349731445e-01,-9.999963045120239258e-01,-9.999994635581970215e-01,9.999980926513671875e-01,-9.999980330467224121e-01,9.999984502792358398e-01,9.999994039535522461e-01,-9.999988675117492676e-01,-9.999986886978149414e-01,-9.999744892120361328e-01,-9.999986290931701660e-01,-9.999985694885253906e-01,9.999991059303283691e-01,-9.999914169311523438e-01,9.999994039535522461e-01,9.999994039535522461e-01,-9.999904036521911621e-01,-9.999986886978149414e-01,-9.999991059303283691e-01,-9.999933242797851562e-01,-9.999994635581970215e-01,9.999991059303283691e-01,9.999993443489074707e-01,-9.999836087226867676e-01,9.999976754188537598e-01,9.999972581863403320e-01,9.999992251396179199e-01,-9.999966025352478027e-01,-9.999985098838806152e-01,9.999977946281433105e-01,9.999942779541015625e-01,-9.999994039535522461e-01,-9.999991655349731445e-01,-9.999954700469970703e-01,9.999992847442626953e-01,-9.999990463256835938e-01,9.999982714653015137e-01,-9.999586939811706543e-01,-9.999992847442626953e-01,-9.999982118606567383e-01,-9.999986290931701660e-01,-9.999955296516418457e-01,-9.999985694885253906e-01,-9.999992847442626953e-01,9.999991655349731445e-01,9.999992251396179199e-01,9.999983310699462891e-01,9.999991655349731445e-01,9.999939799308776855e-01,9.999975562095642090e-01,9.999986886978149414e-01,9.999985694885253906e-01,-9.999767541885375977e-01,-9.999985694885253906e-01,-9.999988079071044922e-01,9.999978542327880859e-01,-9.999993443489074707e-01,-9.999988675117492676e-01,-9.999968409538269043e-01,9.999973177909851074e-01,9.999992847442626953e-01,9.999993443489074707e-01,9.999960660934448242e-01,9.999991059303283691e-01,-9.999994039535522461e-01,9.999991655349731445e-01,-9.999986886978149414e-01,-9.999979734420776367e-01,9.999932646751403809e-01,-4.310080409049987793e-01,9.999988079071044922e-01,-9.999942183494567871e-01,-9.999992251396179199e-01,9.999939799308776855e-01,9.999981522560119629e-01,9.999736547470092773e-01,-9.999985098838806152e-01,9.999992847442626953e-01,-9.999949336051940918e-01,9.999989867210388184e-01,9.999890327453613281e-01,-9.999949336051940918e-01,-9.999992847442626953e-01,9.999692440032958984e-01,-9.999983310699462891e-01,9.999989271163940430e-01,-9.999989271163940430e-01,9.999831914901733398e-01,9.999988675117492676e-01,-9.999992251396179199e-01,9.999986290931701660e-01,9.999929070472717285e-01,-9.999994039535522461e-01,9.999993443489074707e-01,-9.999924302101135254e-01,9.999982714653015137e-01,-9.999991655349731445e-01,9.999882578849792480e-01,9.999861717224121094e-01,-9.999992251396179199e-01,-9.999977946281433105e-01,-9.999823570251464844e-01,9.999984502792358398e-01,9.999965429306030273e-01,-9.999992251396179199e-01,9.999985694885253906e-01,-9.999992251396179199e-01,9.999987483024597168e-01,9.999932050704956055e-01,-9.999995231628417969e-01,9.999990463256835938e-01,-9.999991655349731445e-01,9.999992251396179199e-01,9.999956488609313965e-01,9.999988079071044922e-01,9.999992847442626953e-01,-9.999971985816955566e-01,-9.999991655349731445e-01,9.999983310699462891e-01,-9.999737739562988281e-01,9.999969005584716797e-01,-9.999840259552001953e-01,9.999985694885253906e-01
