5.245856642723083496e-01,2.369854412972927094e-02,-2.132507562637329102e-01,9.259857237339019775e-02,4.252980351448059082e-01,-3.929299414157867432e-01,1.489134132862091064e-01,4.942509531974792480e-01,2.856367528438568115e-01,2.200693190097808838e-01,-2.482956200838088989e-01,-2.268366515636444092e-01,7.250098139047622681e-02,2.617468535900115967e-01,2.861583232879638672e-01,4.360200166702270508e-01,3.240274090785533190e-04,1.532293707132339478e-01,-1.779245436191558838e-01,-2.294145822525024414e-01,-2.522033751010894775e-01,1.517020761966705322e-01,6.237632408738136292e-02,6.484018266201019287e-02,5.121782422065734863e-02,3.191636800765991211e-01,-1.841239631175994873e-01,-4.232686758041381836e-01,2.528934180736541748e-01,-2.241671532392501831e-01,-2.238628268241882324e-01,-3.128656446933746338e-01,1.444642394781112671e-01,2.050301134586334229e-01,-2.631390094757080078e-02,-3.171721398830413818e-01,1.609119772911071777e-01,2.814111709594726562e-01,-4.401434957981109619e-01,-5.154937505722045898e-01,4.379932582378387451e-01,1.553275138139724731e-01,1.403326839208602905e-01,7.816544175148010254e-02,-8.282511681318283081e-02,-1.611423306167125702e-02,-2.873896062374114990e-01,-1.813707202672958374e-01,1.326824426651000977e-01,-8.173391222953796387e-03,-2.286548912525177002e-01,-1.357945203781127930e-01,4.599540233612060547e-01,-7.919433712959289551e-02,-1.154492571949958801e-01,-4.168959856033325195e-01,2.396448850631713867e-01,1.859744638204574585e-02,-9.316387772560119629e-02,-1.776057034730911255e-01,-1.587228178977966309e-01,2.136182226240634918e-02,6.520284805446863174e-03,3.148370385169982910e-01,1.851296722888946533e-01,-7.007424533367156982e-02,-2.432355135679244995e-01,3.762955665588378906e-01,-3.072520196437835693e-01,2.689287960529327393e-01,-4.181447923183441162e-01,2.427204400300979614e-01,-5.451544374227523804e-02,2.681230008602142334e-01,-3.243992328643798828e-01,-4.105834960937500000e-01,-5.979086854495108128e-04,2.938951253890991211e-01,-2.314281016588211060e-01,-3.223971128463745117e-01,3.745455741882324219e-01,7.123388350009918213e-04,-3.424077332019805908e-01,-1.135269529186189175e-03,-5.443270802497863770e-01,-1.288044005632400513e-01,3.539452850818634033e-01,6.318815052509307861e-03,7.322803139686584473e-02,2.817311584949493408e-01,-2.828563749790191650e-01,9.170413017272949219e-02,-1.152627766132354736e-01,-5.224919319152832031e-02,-3.368677794933319092e-01,-3.608852326869964600e-01,2.788669466972351074e-01,-5.154520113137550652e-05,-3.303190469741821289e-01,4.208504259586334229e-01,-3.712310194969177246e-01,4.311543405055999756e-01,-3.009805977344512939e-01,-2.966412901878356934e-01,2.655390202999114990e-01,2.900473475456237793e-01,-1.515636295080184937e-01,-1.579840183258056641e-01,-4.573838710784912109e-01,-6.719721714034676552e-04,1.757528483867645264e-01,-5.850099027156829834e-02,-2.099218517541885376e-01,7.982096821069717407e-02,3.424617052078247070e-01,-3.167802095413208008e-01,4.469619989395141602e-01,-2.603023685514926910e-02,-4.558160305023193359e-01,1.127151697874069214e-01,5.631587654352188110e-02,3.625308573246002197e-01,3.286175727844238281e-01,1.008276119828224182e-01,-1.844086349010467529e-01,-1.562646031379699707e-01,2.196619100868701935e-02,2.546992301940917969e-01
2.369854412972927094e-02,9.674683213233947754e-03,-8.139292895793914795e-02,6.041966378688812256e-02,5.262264609336853027e-02,-4.156226664781570435e-02,3.596321679651737213e-03,3.571365028619766235e-02,5.271406471729278564e-02,4.983530938625335693e-02,-1.044401619583368301e-02,-4.019313678145408630e-02,7.454259693622589111e-02,5.907472968101501465e-02,7.673547416925430298e-02,9.099397808313369751e-02,-8.018432999961078167e-04,6.118489056825637817e-02,-7.014684379100799561e-02,-5.221986770629882812e-02,-3.550848364830017090e-02,5.922105163335800171e-02,5.511072650551795959e-02,-9.238660335540771484e-03,1.083057746291160583e-02,8.322288095951080322e-02,-8.257987350225448608e-02,-4.847662523388862610e-02,7.926784455776214600e-02,-2.397591434419155121e-02,-7.853749208152294159e-03,-9.372673928737640381e-02,6.092523783445358276e-02,5.275144055485725403e-02,-3.836727002635598183e-03,-8.904508501291275024e-02,4.655008390545845032e-02,7.804622501134872437e-02,-7.404728233814239502e-02,-4.380295053124427795e-02,7.831526547670364380e-02,1.218219939619302750e-02,8.006357401609420776e-02,1.830342970788478851e-02,-3.463348839432001114e-03,-6.880541890859603882e-02,-8.141472935676574707e-02,-2.188593521714210510e-02,8.100028149783611298e-03,1.787770166993141174e-02,-8.787875995039939880e-03,-2.803603187203407288e-03,4.661409929394721985e-02,2.179714152589440346e-03,-1.992369443178176880e-02,-9.396707266569137573e-02,3.165028616786003113e-02,5.060626193881034851e-03,-7.023059576749801636e-02,-6.677428632974624634e-02,1.512797898612916470e-03,5.537780933082103729e-03,1.850226777605712414e-03,3.018246032297611237e-02,2.230902574956417084e-02,-2.458760701119899750e-02,2.472472004592418671e-02,8.476619422435760498e-02,-8.079960942268371582e-02,1.744389720261096954e-02,-6.919633597135543823e-02,2.224650525022298098e-04,-2.108846604824066162e-02,7.791068404912948608e-02,-3.568669408559799194e-02,-7.932568341493606567e-02,-6.827324978075921535e-04,9.219279885292053223e-02,-3.519068285822868347e-02,-7.934249192476272583e-02,8.267065137624740601e-02,1.937642955454066396e-04,-7.061608135700225830e-02,-2.700653385545592755e-05,-7.681096345186233521e-02,-8.060921728610992432e-02,3.850054740905761719e-02,1.741399988532066345e-03,6.186637282371520996e-02,5.768214911222457886e-02,-2.490471117198467255e-02,-2.385933138430118561e-02,-6.969347596168518066e-02,2.184612676501274109e-02,-7.358755916357040405e-02,-2.196669811382889748e-03,5.667889490723609924e-02,-6.441799996537156403e-06,-6.603863835334777832e-02,6.549812853336334229e-02,-2.609419636428356171e-02,4.280830174684524536e-02,-8.852490782737731934e-02,-7.316719740629196167e-02,9.810357540845870972e-02,1.960388617590069771e-03,-6.990466266870498657e-02,-8.469907194375991821e-02,-3.239574283361434937e-02,-2.422430319711565971e-03,5.233899876475334167e-02,-5.375346168875694275e-02,-8.075550943613052368e-02,8.022578549571335316e-04,9.024812281131744385e-02,-8.038008213043212891e-02,5.193517357110977173e-02,2.526759915053844452e-02,-8.452872186899185181e-02,3.680774569511413574e-02,6.646498292684555054e-02,6.952428817749023438e-02,7.587829977273941040e-02,-5.050732567906379700e-02,-3.804451227188110352e-02,-5.377028509974479675e-02,1.679402921581640840e-04,5.903696268796920776e-02
-2.132507562637329102e-01,-8.139292895793914795e-02,7.254594564437866211e-01,-6.000894308090209961e-01,-4.465833902359008789e-01,3.142308592796325684e-01,-7.053094357252120972e-02,-3.241485357284545898e-01,-4.466881453990936279e-01,-4.693371057510375977e-01,1.307245492935180664e-01,3.839117884635925293e-01,-5.998440980911254883e-01,-5.805008411407470703e-01,-6.925674676895141602e-01,-7.272328734397888184e-01,6.499440409243106842e-03,-5.313637852668762207e-01,6.462171673774719238e-01,5.163920521736145020e-01,3.322409093379974365e-01,-5.810938477516174316e-01,-5.449190139770507812e-01,9.477964043617248535e-02,-1.026024818420410156e-01,-6.482120156288146973e-01,7.017000913619995117e-01,3.754270672798156738e-01,-6.971271038055419922e-01,2.211142778396606445e-01,9.062850475311279297e-02,7.823248505592346191e-01,-5.552967786788940430e-01,-5.626015067100524902e-01,3.642296791076660156e-02,7.316405177116394043e-01,-4.203752577304840088e-01,-6.900135278701782227e-01,5.854586958885192871e-01,4.504899382591247559e-01,-6.515752077102661133e-01,-1.255759298801422119e-01,-6.827477812767028809e-01,-1.762910187244415283e-01,1.885588280856609344e-02,5.995901226997375488e-01,7.313573360443115234e-01,2.073714584112167358e-01,-7.191926240921020508e-02,-8.571384847164154053e-02,8.367893844842910767e-02,6.306634098291397095e-02,-4.512845873832702637e-01,-2.002567285671830177e-03,1.647067666053771973e-01,7.853211164474487305e-01,-3.293671011924743652e-01,-4.775698855519294739e-02,6.036323308944702148e-01,6.244724392890930176e-01,1.303184777498245239e-02,-7.839415967464447021e-02,-1.817664876580238342e-02,-2.551153898239135742e-01,-1.960437148809432983e-01,2.215913534164428711e-01,-1.713589280843734741e-01,-6.985764503479003906e-01,6.984306573867797852e-01,-1.116623505949974060e-01,6.222774386405944824e-01,1.614559628069400787e-02,2.126000374555587769e-01,-7.018986940383911133e-01,2.941828072071075439e-01,6.791394948959350586e-01,5.266348831355571747e-03,-7.843655943870544434e-01,3.715230226516723633e-01,6.987913250923156738e-01,-7.383692860603332520e-01,-1.869653933681547642e-03,6.250395774841308594e-01,7.176787476055324078e-04,6.379838585853576660e-01,6.893267631530761719e-01,-3.477324843406677246e-01,-1.511286944150924683e-02,-5.195943117141723633e-01,-5.464053153991699219e-01,2.366379201412200928e-01,2.161558568477630615e-01,6.234286427497863770e-01,-2.102540284395217896e-01,6.599079966545104980e-01,2.872026711702346802e-02,-5.116187334060668945e-01,6.194801244419068098e-05,5.738246440887451172e-01,-5.567709207534790039e-01,2.966720759868621826e-01,-3.472005724906921387e-01,7.580495476722717285e-01,6.526089906692504883e-01,-8.146539330482482910e-01,-1.375756710767745972e-01,6.240887045860290527e-01,7.022081017494201660e-01,2.545281052589416504e-01,2.172155305743217468e-02,-4.979570209980010986e-01,5.600968003273010254e-01,7.092511057853698730e-01,-1.320534795522689819e-01,-7.611646056175231934e-01,6.998796463012695312e-01,-4.268087148666381836e-01,-2.503430843353271484e-01,7.319099903106689453e-01,-3.607603311538696289e-01,-5.867912173271179199e-01,-6.347516775131225586e-01,-6.706298589706420898e-01,4.202144443988800049e-01,4.148024022579193115e-01,5.178729295730590820e-01,-1.029695477336645126e-02,-5.639077425003051758e-01
9.259857237339019775e-02,6.041966378688812256e-02,-6.000894308090209961e-01,6.482769250869750977e-01,2.389128357172012329e-01,-1.436108946800231934e-01,3.366589546203613281e-02,1.086370944976806641e-01,3.575936853885650635e-01,3.779471218585968018e-01,-1.676350980997085571e-01,-2.998607158660888672e-01,4.095903337001800537e-01,5.403003096580505371e-01,5.726433992385864258e-01,4.871942400932312012e-01,-1.856773742474615574e-03,4.403469264507293701e-01,-6.055905818939208984e-01,-4.234184920787811279e-01,-3.866685330867767334e-01,5.105736851692199707e-01,4.956408143043518066e-01,-8.356247842311859131e-02,8.496052771806716919e-02,3.975024223327636719e-01,-5.229730606079101562e-01,-1.047158464789390564e-01,4.857136309146881104e-01,-3.998909890651702881e-02,-7.689165323972702026e-02,-6.746827960014343262e-01,5.829585194587707520e-01,4.650965332984924316e-01,-1.549115963280200958e-02,-5.219172835350036621e-01,3.149594962596893311e-01,5.380939841270446777e-01,-2.877622842788696289e-01,-4.132275283336639404e-01,5.150331258773803711e-01,1.314166188240051270e-01,5.302144289016723633e-01,1.342537999153137207e-01,-7.051904499530792236e-02,-4.095321893692016602e-01,-6.438618302345275879e-01,-1.801411956548690796e-01,4.124966636300086975e-02,9.854149073362350464e-02,-2.478405274450778961e-02,3.358913213014602661e-02,4.148380160331726074e-01,-1.544361095875501633e-02,3.200439969077706337e-03,-5.959886312484741211e-01,2.862574756145477295e-01,3.586637228727340698e-02,-5.233848094940185547e-01,-5.952422022819519043e-01,-3.804378956556320190e-02,1.449256837368011475e-01,2.015845663845539093e-02,1.485456526279449463e-01,1.822433471679687500e-01,-1.784789711236953735e-01,1.550241410732269287e-01,4.804938435554504395e-01,-5.365153551101684570e-01,-1.032558381557464600e-01,-4.331198036670684814e-01,1.132256165146827698e-01,-2.519368827342987061e-01,5.984171032905578613e-01,-2.235425561666488647e-01,-5.238487124443054199e-01,-2.142380690202116966e-03,5.978258848190307617e-01,-4.545719325542449951e-01,-5.686703920364379883e-01,6.715975999832153320e-01,1.520500867627561092e-03,-4.043388068675994873e-01,2.037003869190812111e-03,-4.703840017318725586e-01,-5.491262078285217285e-01,8.833371847867965698e-02,8.443757891654968262e-03,3.692861795425415039e-01,4.084687530994415283e-01,-1.829508394002914429e-01,-3.310756683349609375e-01,-5.887755751609802246e-01,2.624545693397521973e-01,-5.790607333183288574e-01,7.943560183048248291e-02,3.498336374759674072e-01,-4.401754995342344046e-05,-3.519097566604614258e-01,3.688186407089233398e-01,-1.317653208971023560e-01,6.688804179430007935e-02,-6.794466972351074219e-01,-4.866825938224792480e-01,6.973969936370849609e-01,2.601515948772430420e-01,-6.901556253433227539e-01,-5.473392605781555176e-01,-2.699989825487136841e-02,-2.201140858232975006e-02,5.225780010223388672e-01,-5.930571556091308594e-01,-6.328676342964172363e-01,2.326179742813110352e-01,5.895528197288513184e-01,-5.538377165794372559e-01,1.670466512441635132e-01,2.053108811378479004e-01,-5.728429555892944336e-01,3.743536770343780518e-01,4.819950163364410400e-01,5.517576932907104492e-01,5.744819641113281250e-01,-4.037166237831115723e-01,-3.447125852108001709e-01,-4.703591465950012207e-01,-9.635606547817587852e-04,4.421083331108093262e-01
4.252980351448059082e-01,5.262264609336853027e-02,-4.465833902359008789e-01,2.389128357172012329e-01,5.390374660491943359e-01,-4.298509359359741211e-01,1.187378764152526855e-01,5.368072986602783203e-01,3.244807124137878418e-01,3.147951662540435791e-01,-1.671455353498458862e-01,-2.965677380561828613e-01,3.723067343235015869e-01,3.345482349395751953e-01,4.601394832134246826e-01,6.637892127037048340e-01,-4.887571092694997787e-03,3.495941460132598877e-01,-3.466863632202148438e-01,-3.201622962951660156e-01,-1.697899848222732544e-01,2.954187393188476562e-01,2.343578785657882690e-01,1.439878251403570175e-02,6.808360666036605835e-02,5.632795691490173340e-01,-4.386335611343383789e-01,-5.369958281517028809e-01,5.310578942298889160e-01,-2.932067215442657471e-01,-1.582913398742675781e-01,-5.048961043357849121e-01,2.521892488002777100e-01,3.270088434219360352e-01,-3.893682360649108887e-02,-5.578805208206176758e-01,2.890838980674743652e-01,4.848064780235290527e-01,-6.730664968490600586e-01,-4.489957094192504883e-01,5.679444670677185059e-01,1.236216798424720764e-01,4.166578054428100586e-01,1.249140575528144836e-01,-1.131762098520994186e-02,-3.172725141048431396e-01,-4.880321919918060303e-01,-1.953191608190536499e-01,1.016017869114875793e-01,6.016051396727561951e-02,-1.834219843149185181e-01,-1.643401682376861572e-01,4.096540808677673340e-01,-2.968922257423400879e-02,-2.241673767566680908e-01,-6.446714997291564941e-01,2.632900178432464600e-01,3.315418958663940430e-02,-3.136632442474365234e-01,-3.358554244041442871e-01,-5.662292987108230591e-02,-3.068456612527370453e-02,7.769736927002668381e-03,3.151908814907073975e-01,1.818306148052215576e-01,-1.364152580499649048e-01,-4.120251163840293884e-02,6.025829315185546875e-01,-4.970703125000000000e-01,3.305554687976837158e-01,-5.695481896400451660e-01,5.840709805488586426e-02,-5.056696385145187378e-02,4.506534636020660400e-01,-3.290385901927947998e-01,-5.711655616760253906e-01,-3.970068879425525665e-03,5.653972625732421875e-01,-2.090660482645034790e-01,-4.916407763957977295e-01,5.149277448654174805e-01,1.167786773294210434e-03,-5.384177565574645996e-01,-2.517291577532887459e-03,-6.529479026794433594e-01,-4.092203080654144287e-01,4.544670283794403076e-01,1.265122089534997940e-02,2.713247239589691162e-01,4.085970520973205566e-01,-2.869311571121215820e-01,4.630534350872039795e-02,-2.906373441219329834e-01,-1.495610084384679794e-02,-4.676284193992614746e-01,-2.683046162128448486e-01,4.554957151412963867e-01,-5.840182711835950613e-05,-5.018965601921081543e-01,5.542522668838500977e-01,-3.798838853836059570e-01,5.136190056800842285e-01,-4.872391521930694580e-01,-4.854495227336883545e-01,5.227990150451660156e-01,1.388095915317535400e-01,-2.671037614345550537e-01,-4.484919905662536621e-01,-4.791561067104339600e-01,-4.208495840430259705e-03,2.010697722434997559e-01,-1.698217839002609253e-01,-4.257326722145080566e-01,-3.031228668987751007e-02,6.073424816131591797e-01,-4.991061091423034668e-01,5.503271222114562988e-01,9.862870723009109497e-02,-6.243064403533935547e-01,1.626095920801162720e-01,3.121926188468933105e-01,4.546518027782440186e-01,4.686308801174163818e-01,-1.111458763480186462e-01,-2.448933422565460205e-01,-2.580013275146484375e-01,9.383234195411205292e-03,3.943182229995727539e-01
-3.929299414157867432e-01,-4.156226664781570435e-02,3.142308592796325684e-01,-1.436108946800231934e-01,-4.298509359359741211e-01,4.281859099864959717e-01,-8.521705120801925659e-02,-4.118900895118713379e-01,-3.441538214683532715e-01,-2.580921053886413574e-01,1.595390439033508301e-01,2.354246824979782104e-01,-2.687292397022247314e-01,-2.561328113079071045e-01,-3.400771319866180420e-01,-5.383822917938232422e-01,2.604941138997673988e-03,-2.680543661117553711e-01,2.726681530475616455e-01,2.424036413431167603e-01,2.213750630617141724e-01,-2.123412191867828369e-01,-1.309057176113128662e-01,-1.699328422546386719e-02,-5.849211663007736206e-02,-4.853525161743164062e-01,3.212143778800964355e-01,4.448282718658447266e-01,-3.488489091396331787e-01,2.125865966081619263e-01,1.590519398450851440e-01,4.189743995666503906e-01,-2.163512408733367920e-01,-1.984897702932357788e-01,2.614160440862178802e-02,4.461713135242462158e-01,-2.265202850103378296e-01,-3.766150176525115967e-01,5.143231153488159180e-01,3.689761757850646973e-01,-5.030413269996643066e-01,-1.100975573062896729e-01,-2.900699973106384277e-01,-8.757148683071136475e-02,7.150340080261230469e-02,1.884095370769500732e-01,3.553925752639770508e-01,1.582784950733184814e-01,-1.246573626995086670e-01,-7.314297556877136230e-02,1.737777292728424072e-01,6.420458108186721802e-02,-3.770018517971038818e-01,3.662822768092155457e-02,1.436345875263214111e-01,4.858852624893188477e-01,-2.126363813877105713e-01,-2.373702451586723328e-02,2.434536516666412354e-01,2.493580132722854614e-01,8.765202760696411133e-02,-1.652689301408827305e-03,-6.505478639155626297e-03,-3.113932013511657715e-01,-1.825541704893112183e-01,1.098240613937377930e-01,7.388750463724136353e-02,-4.680686593055725098e-01,4.049403071403503418e-01,-2.677305638790130615e-01,4.412859082221984863e-01,-1.811603754758834839e-01,7.229138910770416260e-02,-3.480628430843353271e-01,3.268007636070251465e-01,4.600843787193298340e-01,2.958610188215970993e-03,-4.089119732379913330e-01,1.874324977397918701e-01,4.002183675765991211e-01,-4.121220409870147705e-01,-8.504500729031860828e-04,3.965723216533660889e-01,4.000423650722950697e-04,5.560767650604248047e-01,2.842199802398681641e-01,-3.390700221061706543e-01,-9.318100288510322571e-03,-2.474751621484756470e-01,-3.201197385787963867e-01,2.329960316419601440e-01,-1.947050355374813080e-02,2.392896264791488647e-01,-2.618876053020358086e-03,3.955507576465606689e-01,2.362364381551742554e-01,-3.077293336391448975e-01,4.626367444870993495e-05,3.879086077213287354e-01,-4.743717312812805176e-01,2.852339744567871094e-01,-4.379402399063110352e-01,3.982877731323242188e-01,3.779724836349487305e-01,-4.168966710567474365e-01,-7.568322867155075073e-02,2.270298600196838379e-01,3.399367928504943848e-01,4.278225302696228027e-01,6.831337232142686844e-03,-2.015800476074218750e-01,9.472384303808212280e-02,3.190333545207977295e-01,2.706182003021240234e-02,-4.313033819198608398e-01,4.001326262950897217e-01,-4.477747082710266113e-01,-3.632396087050437927e-02,4.865068793296813965e-01,-1.372130811214447021e-01,-2.042739093303680420e-01,-3.859309852123260498e-01,-3.726394176483154297e-01,6.685359776020050049e-02,1.609093844890594482e-01,2.102649807929992676e-01,-1.268055383116006851e-02,-2.966169714927673340e-01
1.489134132862091064e-01,3.596321679651737213e-03,-7.053094357252120972e-02,3.366589546203613281e-02,1.187378764152526855e-01,-8.521705120801925659e-02,1.011305451393127441e-01,1.582243889570236206e-01,4.638898372650146484e-02,7.873724400997161865e-02,-1.056169271469116211e-01,-6.064997985959053040e-02,-2.082307264208793640e-02,6.117461994290351868e-02,6.998149305582046509e-02,1.026810184121131897e-01,-8.009957964532077312e-04,1.573091745376586914e-02,-7.818178087472915649e-02,-8.727531135082244873e-02,-7.346909493207931519e-02,4.249077290296554565e-02,2.080678753554821014e-02,2.214347198605537415e-02,1.565631292760372162e-02,6.670650094747543335e-02,-3.606059402227401733e-02,-1.065671592950820923e-01,8.490596711635589600e-02,-1.054621189832687378e-01,-7.142158597707748413e-02,-7.478985935449600220e-02,5.154189467430114746e-02,8.469110727310180664e-02,-6.621185224503278732e-03,-6.624031066894531250e-02,4.022283479571342468e-02,8.354894816875457764e-02,-1.182880774140357971e-01,-1.731777489185333252e-01,1.254821717739105225e-01,4.974728822708129883e-02,1.972509920597076416e-02,2.484716847538948059e-02,-5.120354518294334412e-02,5.256866104900836945e-03,-8.789443224668502808e-02,-4.347659274935722351e-02,5.866571888327598572e-02,-2.778134681284427643e-02,-5.921119824051856995e-02,-5.771148204803466797e-02,1.442917287349700928e-01,-2.120284736156463623e-02,-3.108633682131767273e-02,-1.145531386137008667e-01,7.343739271163940430e-02,4.825786221772432327e-03,-2.468405850231647491e-02,-3.225395083427429199e-02,-7.750437408685684204e-02,1.656815037131309509e-02,1.542921992950141430e-03,1.233947724103927612e-01,5.033997818827629089e-02,-1.598822139203548431e-02,-1.120536476373672485e-01,9.490848332643508911e-02,-7.730781286954879761e-02,9.071234613656997681e-02,-1.425313204526901245e-01,6.850984692573547363e-02,-9.168027900159358978e-03,6.667766720056533813e-02,-1.005368307232856750e-01,-1.345801502466201782e-01,2.281336783198639750e-04,9.047029167413711548e-02,-7.637090981006622314e-02,-8.477502316236495972e-02,1.217171102762222290e-01,1.696620893198996782e-04,-1.084601506590843201e-01,-1.203658757731318474e-03,-1.575777083635330200e-01,-6.949424743652343750e-03,1.514250338077545166e-01,1.188583439216017723e-03,3.678690874949097633e-03,8.611883968114852905e-02,-9.294988214969635010e-02,3.896663710474967957e-02,-3.051689080893993378e-02,-1.803568564355373383e-02,-1.062122136354446411e-01,-1.257891207933425903e-01,7.854550331830978394e-02,-1.980769957299344242e-05,-7.860384136438369751e-02,1.285905689001083374e-01,-1.494597643613815308e-01,1.491984874010086060e-01,-7.013564556837081909e-02,-8.238000422716140747e-02,9.818968921899795532e-02,1.352966278791427612e-01,-4.538029804825782776e-02,-1.398498751223087311e-02,-1.522019207477569580e-01,-3.775203658733516932e-04,1.243847981095314026e-02,-5.798696354031562805e-02,-3.213534131646156311e-02,8.787033706903457642e-02,8.894646912813186646e-02,-9.881889075040817261e-02,1.113003715872764587e-01,1.026326674036681652e-03,-1.425873190164566040e-01,2.705962024629116058e-02,-4.955476615577936172e-03,1.201760917901992798e-01,7.702680677175521851e-02,7.206118851900100708e-02,-6.059606373310089111e-02,-5.095758289098739624e-02,1.045076642185449600e-02,1.087557673454284668e-01
4.942509531974792480e-01,3.571365028619766235e-02,-3.241485357284545898e-01,1.086370944976806641e-01,5.368072986602783203e-01,-4.118900895118713379e-01,1.582243889570236206e-01,6.580446958541870117e-01,2.361714690923690796e-01,2.477170079946517944e-01,-1.512629091739654541e-01,-2.823294103145599365e-01,2.458657771348953247e-01,2.707773745059967041e-01,3.803315758705139160e-01,5.902993083000183105e-01,-3.306714817881584167e-03,2.241703122854232788e-01,-1.955290287733078003e-01,-2.660916149616241455e-01,-5.034963041543960571e-02,2.319942861795425415e-01,1.343559324741363525e-01,2.051716111600399017e-02,5.600417032837867737e-02,4.705010354518890381e-01,-3.275282979011535645e-01,-5.714797377586364746e-01,4.878306388854980469e-01,-3.307430446147918701e-01,-1.909741759300231934e-01,-3.568436801433563232e-01,6.585984677076339722e-02,3.176058232784271240e-01,-4.821678996086120605e-02,-4.705798029899597168e-01,2.344440370798110962e-01,3.918525874614715576e-01,-6.844264864921569824e-01,-4.651067256927490234e-01,4.632143080234527588e-01,1.131060346961021423e-01,2.807694375514984131e-01,1.137275397777557373e-01,6.431341916322708130e-02,-2.374815195798873901e-01,-3.700835108757019043e-01,-1.853515356779098511e-01,1.008933931589126587e-01,-7.253973186016082764e-02,-2.337590157985687256e-01,-2.682108879089355469e-01,3.779239952564239502e-01,-6.605343520641326904e-02,-2.814402878284454346e-01,-5.637648701667785645e-01,2.646938562393188477e-01,3.015739470720291138e-02,-1.249823570251464844e-01,-2.116336673498153687e-01,-7.735156267881393433e-02,-7.402952015399932861e-02,3.002616576850414276e-03,2.734060287475585938e-01,1.451515108346939087e-01,-9.737623482942581177e-02,-1.751025021076202393e-01,5.235756635665893555e-01,-4.116201102733612061e-01,3.975418210029602051e-01,-5.490608811378479004e-01,-2.228614687919616699e-02,1.557681523263454437e-02,3.619957268238067627e-01,-2.619670629501342773e-01,-4.725786149501800537e-01,-3.293221117928624153e-03,4.701154232025146484e-01,-1.304919570684432983e-01,-3.942011594772338867e-01,3.971772789955139160e-01,1.031288178637623787e-03,-5.094585418701171875e-01,-4.065021872520446777e-03,-5.901640653610229492e-01,-2.865893840789794922e-01,5.174098014831542969e-01,1.245724596083164215e-02,1.418092250823974609e-01,3.797773420810699463e-01,-2.850536406040191650e-01,2.172859758138656616e-01,-1.233043000102043152e-01,-1.145978569984436035e-01,-3.564026057720184326e-01,-3.830503523349761963e-01,4.141266644001007080e-01,-6.008601121720857918e-05,-4.901747405529022217e-01,5.059527158737182617e-01,-4.910946488380432129e-01,5.881084203720092773e-01,-3.477328419685363770e-01,-4.187492728233337402e-01,3.472140133380889893e-01,1.776675134897232056e-01,-5.693148076534271240e-02,-3.136273622512817383e-01,-5.460011959075927734e-01,5.281881894916296005e-03,9.383045881986618042e-02,-4.537561535835266113e-02,-2.928633987903594971e-01,1.040619681589305401e-03,5.110995769500732422e-01,-3.917506337165832520e-01,6.005576252937316895e-01,6.552223861217498779e-02,-5.529890060424804688e-01,7.366520911455154419e-02,1.785395890474319458e-01,3.613288700580596924e-01,3.519922494888305664e-01,7.653556764125823975e-02,-2.563399076461791992e-01,-1.592594385147094727e-01,2.676981501281261444e-02,3.296328186988830566e-01
2.856367528438568115e-01,5.271406471729278564e-02,-4.466881453990936279e-01,3.575936853885650635e-01,3.244807124137878418e-01,-3.441538214683532715e-01,4.638898372650146484e-02,2.361714690923690796e-01,4.653922915458679199e-01,3.419280946254730225e-01,-1.708464622497558594e-01,-2.824281156063079834e-01,3.287503421306610107e-01,4.268631339073181152e-01,4.773711264133453369e-01,5.565775632858276367e-01,-1.033612294122576714e-03,3.134197890758514404e-01,-4.488102495670318604e-01,-3.585267663002014160e-01,-4.233489334583282471e-01,3.821671009063720703e-01,2.776369154453277588e-01,-4.562927410006523132e-02,8.114767819643020630e-02,4.976772665977478027e-01,-4.541159272193908691e-01,-2.847412228584289551e-01,3.767258524894714355e-01,-1.257446408271789551e-01,-1.564603894948959351e-01,-6.324784755706787109e-01,4.208933115005493164e-01,3.218122422695159912e-01,-1.789388060569763184e-02,-5.323864817619323730e-01,2.765046656131744385e-01,4.729102849960327148e-01,-3.828727006912231445e-01,-4.227450788021087646e-01,5.655025243759155273e-01,1.335278451442718506e-01,3.872314393520355225e-01,1.054708808660507202e-01,-1.237937957048416138e-01,-2.877613604068756104e-01,-4.830725491046905518e-01,-1.655621528625488281e-01,1.285990029573440552e-01,6.189913675189018250e-02,-1.360753625631332397e-01,4.394155740737915039e-02,4.644384384155273438e-01,-4.574757441878318787e-02,-4.087728634476661682e-02,-5.596333742141723633e-01,2.574793398380279541e-01,2.865313924849033356e-02,-3.786051869392395020e-01,-4.110372960567474365e-01,-1.101629436016082764e-01,1.221715286374092102e-01,1.442260667681694031e-02,2.828158140182495117e-01,2.106327861547470093e-01,-1.495556235313415527e-01,-7.136693224310874939e-03,4.850918948650360107e-01,-5.119010806083679199e-01,7.587436586618423462e-02,-4.378434121608734131e-01,2.381783127784729004e-01,-2.128117233514785767e-01,4.975142180919647217e-01,-3.152195513248443604e-01,-5.092310309410095215e-01,-2.499800641089677811e-03,5.118985772132873535e-01,-3.261198401451110840e-01,-5.321627259254455566e-01,5.789606571197509766e-01,1.210512593388557434e-03,-3.916325867176055908e-01,2.339570550248026848e-03,-5.498771071434020996e-01,-4.042665362358093262e-01,2.103767395019531250e-01,8.511393330991268158e-03,3.777858614921569824e-01,3.790659904479980469e-01,-1.979964226484298706e-01,-1.662950962781906128e-01,-4.363011419773101807e-01,1.702482849359512329e-01,-5.186215043067932129e-01,-9.654498845338821411e-02,2.651824355125427246e-01,-4.588203955790959299e-05,-3.938366472721099854e-01,4.427418410778045654e-01,-2.133584767580032349e-01,3.035915493965148926e-01,-5.903480052947998047e-01,-4.466729462146759033e-01,6.003795266151428223e-01,1.282030791044235229e-01,-4.975214302539825439e-01,-4.449004828929901123e-01,-2.663601338863372803e-01,-2.061828970909118652e-02,4.635021388530731201e-01,-3.494691252708435059e-01,-4.815006554126739502e-01,1.451249867677688599e-01,4.735130667686462402e-01,-5.172843933105468750e-01,3.253564536571502686e-01,8.931580185890197754e-02,-5.447111129760742188e-01,2.780130207538604736e-01,2.928399741649627686e-01,5.170432329177856445e-01,4.950910806655883789e-01,-2.089117616415023804e-01,-2.723635733127593994e-01,-3.806782066822052002e-01,2.351555787026882172e-02,3.651104867458343506e-01
2.200693190097808838e-01,4.983530938625335693e-02,-4.693371057510375977e-01,3.779471218585968018e-01,3.147951662540435791e-01,-2.580921053886413574e-01,7.873724400997161865e-02,2.477170079946517944e-01,3.419280946254730225e-01,3.261472880840301514e-01,-1.479971706867218018e-01,-2.608102560043334961e-01,3.409799039363861084e-01,3.942016065120697021e-01,4.636581242084503174e-01,5.225137472152709961e-01,-3.271472407504916191e-03,3.152067959308624268e-01,-4.452433586120605469e-01,-3.520891964435577393e-01,-3.063535094261169434e-01,3.667513430118560791e-01,3.155717551708221436e-01,-4.484613984823226929e-02,7.229553163051605225e-02,4.506879448890686035e-01,-4.521841406822204590e-01,-2.658239603042602539e-01,4.411996603012084961e-01,-1.619712710380554199e-01,-1.090410351753234863e-01,-5.729801058769226074e-01,3.907924294471740723e-01,3.585117757320404053e-01,-2.104877680540084839e-02,-5.032499432563781738e-01,2.674604058265686035e-01,4.646275937557220459e-01,-4.029268920421600342e-01,-3.810007572174072266e-01,4.971825182437896729e-01,1.109606102108955383e-01,4.114448130130767822e-01,1.115752533078193665e-01,-7.288885861635208130e-02,-3.375934362411499023e-01,-4.943688809871673584e-01,-1.472546458244323730e-01,9.188208729028701782e-02,4.552657902240753174e-02,-9.306856989860534668e-02,-2.435846067965030670e-02,3.858881890773773193e-01,-1.915722340345382690e-02,-8.070825785398483276e-02,-5.607269406318664551e-01,2.366675734519958496e-01,2.937345206737518311e-02,-3.790747225284576416e-01,-3.972288072109222412e-01,-7.178065925836563110e-02,8.220376074314117432e-02,1.257863640785217285e-02,2.381083965301513672e-01,1.621824800968170166e-01,-1.412591934204101562e-01,2.786997333168983459e-02,4.765102565288543701e-01,-4.788947701454162598e-01,8.922635763883590698e-02,-4.426650404930114746e-01,1.009543314576148987e-01,-1.607500612735748291e-01,4.739219546318054199e-01,-2.537926137447357178e-01,-4.947225153446197510e-01,-2.690934576094150543e-03,5.342218875885009766e-01,-2.833265960216522217e-01,-4.915975630283355713e-01,5.515367388725280762e-01,1.180247520096600056e-03,-4.121975600719451904e-01,1.579451927682384849e-04,-4.985027909278869629e-01,-4.159196615219116211e-01,2.504509687423706055e-01,8.843936026096343994e-03,3.301243484020233154e-01,3.641745448112487793e-01,-1.874210834503173828e-01,-1.371844261884689331e-01,-4.105316102504730225e-01,1.389863640069961548e-01,-4.796825349330902100e-01,-7.725492864847183228e-02,3.083031475543975830e-01,-4.612007251125760376e-05,-3.758824169635772705e-01,4.080877900123596191e-01,-2.316162437200546265e-01,2.795625329017639160e-01,-5.425163507461547852e-01,-4.342525899410247803e-01,5.931618809700012207e-01,1.474381536245346069e-01,-4.561427235603332520e-01,-4.403985738754272461e-01,-2.292643040418624878e-01,-1.608772203326225281e-02,3.613041043281555176e-01,-3.721538186073303223e-01,-4.612660109996795654e-01,1.405766904354095459e-01,5.070760250091552734e-01,-4.932480156421661377e-01,3.022232055664062500e-01,1.286305338144302368e-01,-5.355774164199829102e-01,2.468603104352951050e-01,3.249366283416748047e-01,4.709588587284088135e-01,4.641588628292083740e-01,-2.121284902095794678e-01,-2.722340822219848633e-01,-3.498394489288330078e-01,1.462586037814617157e-02,3.793342113494873047e-01
-2.482956200838088989e-01,-1.044401619583368301e-02,1.307245492935180664e-01,-1.676350980997085571e-01,-1.671455353498458862e-01,1.595390439033508301e-01,-1.056169271469116211e-01,-1.512629091739654541e-01,-1.708464622497558594e-01,-1.479971706867218018e-01,2.436165362596511841e-01,1.133748218417167664e-01,4.782588407397270203e-02,-1.684205085039138794e-01,-1.427448391914367676e-01,-1.370340585708618164e-01,-1.575502683408558369e-03,-9.358513355255126953e-02,2.053291350603103638e-01,1.483215540647506714e-01,2.795850038528442383e-01,-1.026609241962432861e-01,-6.407804787158966064e-02,-4.904359206557273865e-02,-3.372817486524581909e-02,-7.852574437856674194e-02,4.066886752843856812e-02,8.827578276395797729e-02,-5.024925991892814636e-02,5.866522714495658875e-02,1.468434929847717285e-01,1.912409663200378418e-01,-2.281274646520614624e-01,-1.026176512241363525e-01,-9.860206628218293190e-04,8.615258336067199707e-02,-7.429544627666473389e-02,-1.457718759775161743e-01,6.934367120265960693e-02,3.359926342964172363e-01,-2.731518149375915527e-01,-1.235396340489387512e-01,-4.013390839099884033e-02,-3.606102615594863892e-02,1.658109575510025024e-01,-9.388705343008041382e-02,1.984178721904754639e-01,1.106050461530685425e-01,-1.002311930060386658e-01,-5.516458675265312195e-02,9.505699574947357178e-02,-1.547416113317012787e-02,-3.251614868640899658e-01,5.563309788703918457e-02,-6.119837984442710876e-02,1.667857468128204346e-01,-1.486613750457763672e-01,-7.051102351397275925e-03,1.113121211528778076e-01,1.529352813959121704e-01,1.493503004312515259e-01,-9.203729778528213501e-02,-8.103803731501102448e-03,-2.144876420497894287e-01,-1.448961347341537476e-01,4.161106795072555542e-02,1.488059014081954956e-01,-1.356472820043563843e-01,1.348777711391448975e-01,-3.408924862742424011e-02,1.965814083814620972e-01,-3.145696520805358887e-01,9.517484158277511597e-02,-1.493405252695083618e-01,2.361005395650863647e-01,2.434986829757690430e-01,-1.505280029959976673e-03,-1.098789423704147339e-01,2.738570570945739746e-01,1.771060079336166382e-01,-2.785250842571258545e-01,-3.238871577195823193e-04,1.119297593832015991e-01,-1.392779638990759850e-03,2.901534140110015869e-01,2.467290312051773071e-02,-9.300720691680908203e-02,3.131520497845485806e-05,-1.778733357787132263e-02,-1.358309835195541382e-01,1.801430433988571167e-01,8.973173797130584717e-02,1.474107652902603149e-01,-4.938543587923049927e-02,2.483180165290832520e-01,1.416353285312652588e-01,-1.162327006459236145e-01,2.873559606086928397e-05,8.025322854518890381e-02,-2.128338813781738281e-01,1.333374828100204468e-01,-1.075227931141853333e-01,2.026751041412353516e-01,1.337271779775619507e-01,-1.976052671670913696e-01,-3.018330335617065430e-01,2.601711750030517578e-01,4.571225866675376892e-02,1.664593815803527832e-01,6.422613747417926788e-03,-1.588662415742874146e-01,1.608524173498153687e-01,1.390861719846725464e-01,-1.584298908710479736e-01,-1.420824676752090454e-01,1.861007064580917358e-01,-9.487397223711013794e-02,1.736566796898841858e-02,2.403402328491210938e-01,-1.325320005416870117e-01,-2.336836606264114380e-02,-2.605989277362823486e-01,-1.988451629877090454e-01,-1.863325387239456177e-02,8.233602344989776611e-02,1.431466042995452881e-01,-3.264788771048188210e-03,-1.741880774497985840e-01
-2.268366515636444092e-01,-4.019313678145408630e-02,3.839117884635925293e-01,-2.998607158660888672e-01,-2.965677380561828613e-01,2.354246824979782104e-01,-6.064997985959053040e-02,-2.823294103145599365e-01,-2.824281156063079834e-01,-2.608102560043334961e-01,1.133748218417167664e-01,2.399023026227951050e-01,-2.808709740638732910e-01,-3.461601734161376953e-01,-4.059594273567199707e-01,-4.748140275478363037e-01,1.625344506464898586e-03,-2.555047869682312012e-01,3.359290659427642822e-01,2.881738841533660889e-01,2.178394794464111328e-01,-3.160963356494903564e-01,-2.528504133224487305e-01,3.865478187799453735e-02,-6.024428829550743103e-02,-3.865189552307128906e-01,3.777219951152801514e-01,2.668200731277465820e-01,-3.980215489864349365e-01,1.387363374233245850e-01,1.124659478664398193e-01,4.762782156467437744e-01,-2.743438482284545898e-01,-3.160865604877471924e-01,2.452053502202033997e-02,4.447995126247406006e-01,-2.255120724439620972e-01,-3.925783932209014893e-01,4.006393253803253174e-01,3.523869514465332031e-01,-4.185912609100341797e-01,-9.577091038227081299e-02,-3.357837796211242676e-01,-9.795815497636795044e-02,1.351826637983322144e-02,2.835855782032012939e-01,4.163319766521453857e-01,1.385807245969772339e-01,-6.680545955896377563e-02,3.605555742979049683e-03,1.116373091936111450e-01,6.521708518266677856e-02,-3.346692919731140137e-01,3.570507466793060303e-02,1.022878959774971008e-01,5.016942620277404785e-01,-2.204559892416000366e-01,-2.658606320619583130e-02,2.677198648452758789e-01,3.287381827831268311e-01,5.475023016333580017e-02,-4.770124703645706177e-02,-9.769433178007602692e-03,-1.740829497575759888e-01,-1.357052326202392578e-01,1.153212487697601318e-01,6.989967543631792068e-03,-4.213483035564422607e-01,4.108094274997711182e-01,-1.027923449873924255e-01,3.958514034748077393e-01,-5.122223123908042908e-02,1.195660531520843506e-01,-4.121797084808349609e-01,1.944791525602340698e-01,4.111780226230621338e-01,2.327927853912115097e-03,-4.618063271045684814e-01,2.276920229196548462e-01,4.232347607612609863e-01,-4.619358181953430176e-01,-1.062513911165297031e-03,3.663081824779510498e-01,1.378623128402978182e-04,4.445601403713226318e-01,3.547131419181823730e-01,-2.263833880424499512e-01,-8.436912670731544495e-03,-2.466012686491012573e-01,-3.213126361370086670e-01,1.683066785335540771e-01,6.104779988527297974e-02,3.078955709934234619e-01,-8.507530391216278076e-02,3.924898207187652588e-01,1.072213053703308105e-01,-2.714520096778869629e-01,4.047085167258046567e-05,3.523028790950775146e-01,-3.552260696887969971e-01,2.388495355844497681e-01,-2.744054794311523438e-01,4.583324491977691650e-01,3.762935101985931396e-01,-4.667516648769378662e-01,-1.381119936704635620e-01,3.306777477264404297e-01,3.698186874389648438e-01,2.245884090662002563e-01,1.001661084592342377e-02,-3.008433878421783447e-01,2.705675959587097168e-01,3.920224606990814209e-01,-1.110247224569320679e-01,-4.494816660881042480e-01,4.079006910324096680e-01,-3.117319345474243164e-01,-1.043498367071151733e-01,4.699464738368988037e-01,-1.926321983337402344e-01,-2.583096623420715332e-01,-3.890247046947479248e-01,-3.895998895168304443e-01,1.399478465318679810e-01,2.550491392612457275e-01,2.754911780357360840e-01,-1.818468607962131500e-02,-3.035587966442108154e-01
