9.999982118606567383e-01,-9.999984502792358398e-01,-9.999942183494567871e-01,9.999970197677612305e-01,9.999988675117492676e-01,-9.999988079071044922e-01,9.999944567680358887e-01,9.999991655349731445e-01,-9.999913573265075684e-01,9.999984502792358398e-01,-9.999986290931701660e-01,-9.999988675117492676e-01,9.999977946281433105e-01,9.999983310699462891e-01,9.999952912330627441e-01,9.999928474426269531e-01,9.999973773956298828e-01,-9.999974966049194336e-01,9.999916553497314453e-01,-9.999991059303283691e-01,-9.999989271163940430e-01,9.999945759773254395e-01,9.999985694885253906e-01,9.999969601631164551e-01,9.999888539314270020e-01,9.999988675117492676e-01,-9.999979734420776367e-01,-9.999987483024597168e-01,9.999913573265075684e-01,-9.999966621398925781e-01,-9.999901056289672852e-01,-9.999979138374328613e-01,9.999820590019226074e-01,9.999943971633911133e-01,-9.999979734420776367e-01,9.999582767486572266e-01,9.999988675117492676e-01,9.999984502792358398e-01,9.999823570251464844e-01,-9.999988675117492676e-01,9.999985694885253906e-01,9.999904036521911621e-01,9.999822974205017090e-01,9.999988675117492676e-01,9.999980926513671875e-01,9.999977946281433105e-01,-9.999932050704956055e-01,9.999986290931701660e-01,9.999986886978149414e-01,-9.999985098838806152e-01,-9.999987483024597168e-01,-9.999986290931701660e-01,-9.999986886978149414e-01,-9.999930262565612793e-01,-9.999985694885253906e-01,-9.999979734420776367e-01,9.999089241027832031e-01,9.999937415122985840e-01,9.999935030937194824e-01,9.999981522560119629e-01,-9.999982714653015137e-01,9.999988675117492676e-01,9.999982714653015137e-01,9.999953508377075195e-01,-9.999932646751403809e-01,-9.999987483024597168e-01,-9.999990463256835938e-01,-9.999953508377075195e-01,-9.999989271163940430e-01,9.999981522560119629e-01,-9.999988675117492676e-01,9.999952912330627441e-01,-9.999935626983642578e-01,-9.999934434890747070e-01,-9.999856352806091309e-01,-9.999983906745910645e-01,9.999901652336120605e-01,9.999986886978149414e-01,-9.999933242797851562e-01,-9.999950528144836426e-01,9.999914169311523438e-01,9.999974966049194336e-01,-9.999987483024597168e-01,9.999980926513671875e-01,-9.999982714653015137e-01,-9.999828934669494629e-01,-9.998580813407897949e-01,9.999988079071044922e-01,9.999924898147583008e-01,9.999903440475463867e-01,-9.999930858612060547e-01,9.999982714653015137e-01,-9.999862313270568848e-01,-9.999971389770507812e-01,9.999971389770507812e-01,-9.999977946281433105e-01,-9.999854564666748047e-01,9.999989867210388184e-01,-9.999986886978149414e-01,9.999972581863403320e-01,-9.999966621398925781e-01,9.999988675117492676e-01,9.999487996101379395e-01,9.999569654464721680e-01,9.999986290931701660e-01,9.999952912330627441e-01,-9.999809861183166504e-01,-9.999983906745910645e-01,-9.999942779541015625e-01,9.999985694885253906e-01,-9.999985098838806152e-01,9.999973177909851074e-01,-9.999981522560119629e-01,-9.998450875282287598e-01,9.999989867210388184e-01,-9.999966621398925781e-01,9.999989867210388184e-01,-9.999977350234985352e-01,-9.999952316284179688e-01,-9.999960064888000488e-01,-9.999983906745910645e-01,9.999966621398925781e-01,9.999974370002746582e-01,-9.999967217445373535e-01,-9.999912977218627930e-01,-9.999943971633911133e-01,9.999638795852661133e-01,-9.999899864196777344e-01
-9.999984502792358398e-01,9.999986290931701660e-01,9.999949932098388672e-01,-9.999973773956298828e-01,-9.999989867210388184e-01,9.999988675117492676e-01,-9.999952912330627441e-01,-9.999991655349731445e-01,9.999926090240478516e-01,-9.999985694885253906e-01,9.999988675117492676e-01,9.999991059303283691e-01,-9.999980926513671875e-01,-9.999985694885253906e-01,-9.999959468841552734e-01,-9.999939799308776855e-01,-9.999977350234985352e-01,9.999978542327880859e-01,-9.999927878379821777e-01,9.999992251396179199e-01,9.999991059303283691e-01,-9.999952912330627441e-01,-9.999987483024597168e-01,-9.999974370002746582e-01,-9.999905228614807129e-01,-9.999989271163940430e-01,9.999983906745910645e-01,9.999989271163940430e-01,-9.999926686286926270e-01,9.999970197677612305e-01,9.999915361404418945e-01,9.999982714653015137e-01,-9.999846220016479492e-01,-9.999952316284179688e-01,9.999982118606567383e-01,-9.999644160270690918e-01,-9.999989867210388184e-01,-9.999985694885253906e-01,-9.999849200248718262e-01,9.999989867210388184e-01,-9.999987483024597168e-01,-9.999918341636657715e-01,-9.999849200248718262e-01,-9.999991059303283691e-01,-9.999982714653015137e-01,-9.999982118606567383e-01,9.999942183494567871e-01,-9.999988079071044922e-01,-9.999988079071044922e-01,9.999986886978149414e-01,9.999988675117492676e-01,9.999987483024597168e-01,9.999988675117492676e-01,9.999940395355224609e-01,9.999987483024597168e-01,9.999981522560119629e-01,-9.999223947525024414e-01,-9.999945759773254395e-01,-9.999943375587463379e-01,-9.999983906745910645e-01,9.999984502792358398e-01,-9.999990463256835938e-01,-9.999984502792358398e-01,-9.999958872795104980e-01,9.999942779541015625e-01,9.999989271163940430e-01,9.999992251396179199e-01,9.999961256980895996e-01,9.999991655349731445e-01,-9.999984502792358398e-01,9.999989271163940430e-01,-9.999958872795104980e-01,9.999945163726806641e-01,9.999943375587463379e-01,9.999876618385314941e-01,9.999986290931701660e-01,-9.999915957450866699e-01,-9.999988079071044922e-01,9.999942779541015625e-01,9.999957084655761719e-01,-9.999926686286926270e-01,-9.999977946281433105e-01,9.999989271163940430e-01,-9.999983906745910645e-01,9.999985098838806152e-01,9.999854564666748047e-01,9.998790025711059570e-01,-9.999991059303283691e-01,-9.999936223030090332e-01,-9.999917745590209961e-01,9.999940395355224609e-01,-9.999985098838806152e-01,9.999881982803344727e-01,9.999974966049194336e-01,-9.999974966049194336e-01,9.999980926513671875e-01,9.999874830245971680e-01,-9.999991655349731445e-01,9.999989271163940430e-01,-9.999976158142089844e-01,9.999971985816955566e-01,-9.999991059303283691e-01,-9.999563097953796387e-01,-9.999632835388183594e-01,-9.999988079071044922e-01,-9.999960064888000488e-01,9.999837875366210938e-01,9.999986290931701660e-01,9.999950528144836426e-01,-9.999986886978149414e-01,9.999987483024597168e-01,-9.999976158142089844e-01,9.999984502792358398e-01,9.998679757118225098e-01,-9.999991655349731445e-01,9.999970793724060059e-01,-9.999990463256835938e-01,9.999979138374328613e-01,9.999959468841552734e-01,9.999966025352478027e-01,9.999985098838806152e-01,-9.999971389770507812e-01,-9.999977946281433105e-01,9.999971389770507812e-01,9.999924302101135254e-01,9.999951720237731934e-01,-9.999693036079406738e-01,9.999914169311523438e-01
-9.999942183494567871e-01,9.999949932098388672e-01,9.999810457229614258e-01,-9.999902248382568359e-01,-9.999960660934448242e-01,9.999958872795104980e-01,-9.999817609786987305e-01,-9.999966621398925781e-01,9.999718666076660156e-01,-9.999948740005493164e-01,9.999958276748657227e-01,9.999961256980895996e-01,-9.999927282333374023e-01,-9.999945759773254395e-01,-9.999847412109375000e-01,-9.999768137931823730e-01,-9.999913573265075684e-01,9.999921321868896484e-01,-9.999725222587585449e-01,9.999968409538269043e-01,9.999961853027343750e-01,-9.999820590019226074e-01,-9.999952912330627441e-01,-9.999901056289672852e-01,-9.999632835388183594e-01,-9.999961853027343750e-01,9.999936819076538086e-01,9.999960064888000488e-01,-9.999716877937316895e-01,9.999890923500061035e-01,9.999672770500183105e-01,9.999933242797851562e-01,-9.999409914016723633e-01,-9.999814629554748535e-01,9.999932050704956055e-01,-9.998630285263061523e-01,-9.999963045120239258e-01,-9.999948740005493164e-01,-9.999417066574096680e-01,9.999960660934448242e-01,-9.999953508377075195e-01,-9.999684691429138184e-01,-9.999417066574096680e-01,-9.999963641166687012e-01,-9.999938607215881348e-01,-9.999927878379821777e-01,9.999777078628540039e-01,-9.999955296516418457e-01,-9.999953508377075195e-01,9.999949336051940918e-01,9.999959468841552734e-01,9.999952912330627441e-01,9.999957084655761719e-01,9.999769330024719238e-01,9.999952316284179688e-01,9.999934434890747070e-01,-9.997007846832275391e-01,-9.999790191650390625e-01,-9.999786019325256348e-01,-9.999939799308776855e-01,9.999943971633911133e-01,-9.999960660934448242e-01,-9.999943971633911133e-01,-9.999848008155822754e-01,9.999778866767883301e-01,9.999959468841552734e-01,9.999967217445373535e-01,9.999847412109375000e-01,9.999964833259582520e-01,-9.999939799308776855e-01,9.999960064888000488e-01,-9.999847412109375000e-01,9.999788999557495117e-01,9.999785423278808594e-01,9.999523162841796875e-01,9.999947547912597656e-01,-9.999675750732421875e-01,-9.999956488609313965e-01,9.999780654907226562e-01,9.999835491180419922e-01,-9.999718666076660156e-01,-9.999917745590209961e-01,9.999960064888000488e-01,-9.999938011169433594e-01,9.999942779541015625e-01,9.999437928199768066e-01,9.995336532592773438e-01,-9.999961853027343750e-01,-9.999753236770629883e-01,-9.999680519104003906e-01,9.999772310256958008e-01,-9.999943375587463379e-01,9.999543428421020508e-01,9.999907612800598145e-01,-9.999907612800598145e-01,9.999927878379821777e-01,9.999518394470214844e-01,-9.999965429306030273e-01,9.999958276748657227e-01,-9.999911189079284668e-01,9.999892711639404297e-01,-9.999961256980895996e-01,-9.998319149017333984e-01,-9.998584985733032227e-01,-9.999955296516418457e-01,-9.999846816062927246e-01,9.999374747276306152e-01,9.999948143959045410e-01,9.999809265136718750e-01,-9.999951124191284180e-01,9.999951720237731934e-01,-9.999911785125732422e-01,9.999940395355224609e-01,9.994908571243286133e-01,-9.999966025352478027e-01,9.999887943267822266e-01,-9.999964833259582520e-01,9.999926090240478516e-01,9.999845027923583984e-01,9.999871850013732910e-01,9.999943971633911133e-01,-9.999892115592956543e-01,-9.999915361404418945e-01,9.999893307685852051e-01,9.999713301658630371e-01,9.999815821647644043e-01,-9.998812675476074219e-01,9.999670386314392090e-01
9.999970197677612305e-01,-9.999973773956298828e-01,-9.999902248382568359e-01,9.999950528144836426e-01,9.999980926513671875e-01,-9.999979138374328613e-01,9.999907016754150391e-01,9.999983310699462891e-01,-9.999855160713195801e-01,9.999973773956298828e-01,-9.999977946281433105e-01,-9.999980926513671875e-01,9.999963045120239258e-01,9.999971985816955566e-01,9.999921321868896484e-01,9.999880790710449219e-01,9.999955892562866211e-01,-9.999959468841552734e-01,9.999859929084777832e-01,-9.999983906745910645e-01,-9.999980926513671875e-01,9.999908208847045898e-01,9.999975562095642090e-01,9.999949932098388672e-01,9.999812245368957520e-01,9.999980330467224121e-01,-9.999966621398925781e-01,-9.999979138374328613e-01,9.999855756759643555e-01,-9.999944567680358887e-01,-9.999833106994628906e-01,-9.999965429306030273e-01,9.999699592590332031e-01,9.999905228614807129e-01,-9.999964833259582520e-01,9.999300241470336914e-01,9.999981522560119629e-01,9.999973177909851074e-01,9.999703764915466309e-01,-9.999980926513671875e-01,9.999975562095642090e-01,9.999839663505554199e-01,9.999703168869018555e-01,9.999981522560119629e-01,9.999968409538269043e-01,9.999963045120239258e-01,-9.999885559082031250e-01,9.999976754188537598e-01,9.999975562095642090e-01,-9.999973773956298828e-01,-9.999978542327880859e-01,-9.999975562095642090e-01,-9.999977946281433105e-01,-9.999881982803344727e-01,-9.999975562095642090e-01,-9.999966025352478027e-01,9.998472929000854492e-01,9.999893307685852051e-01,9.999889731407165527e-01,9.999967813491821289e-01,-9.999971389770507812e-01,9.999980926513671875e-01,9.999971389770507812e-01,9.999923110008239746e-01,-9.999886155128479004e-01,-9.999979734420776367e-01,-9.999983310699462891e-01,-9.999923110008239746e-01,-9.999982118606567383e-01,9.999969005584716797e-01,-9.999979138374328613e-01,9.999920725822448730e-01,-9.999892115592956543e-01,-9.999890327453613281e-01,-9.999757409095764160e-01,-9.999971985816955566e-01,9.999834895133972168e-01,9.999977946281433105e-01,-9.999887943267822266e-01,-9.999915957450866699e-01,9.999855160713195801e-01,9.999958276748657227e-01,-9.999979138374328613e-01,9.999967813491821289e-01,-9.999969601631164551e-01,-9.999714493751525879e-01,-9.997620582580566406e-01,9.999980330467224121e-01,9.999873638153076172e-01,9.999837875366210938e-01,-9.999883770942687988e-01,9.999971389770507812e-01,-9.999767541885375977e-01,-9.999952316284179688e-01,9.999952912330627441e-01,-9.999963641166687012e-01,-9.999754428863525391e-01,9.999982714653015137e-01,-9.999978542327880859e-01,9.999954700469970703e-01,-9.999945163726806641e-01,9.999980926513671875e-01,9.999141693115234375e-01,9.999277591705322266e-01,9.999976754188537598e-01,9.999922513961791992e-01,-9.999681711196899414e-01,-9.999973177909851074e-01,-9.999902844429016113e-01,9.999974370002746582e-01,-9.999974966049194336e-01,9.999955296516418457e-01,-9.999968409538269043e-01,-9.997401833534240723e-01,9.999983906745910645e-01,-9.999943375587463379e-01,9.999982118606567383e-01,-9.999961853027343750e-01,-9.999920725822448730e-01,-9.999934434890747070e-01,-9.999971985816955566e-01,9.999945163726806641e-01,9.999957084655761719e-01,-9.999945759773254395e-01,-9.999852776527404785e-01,-9.999905824661254883e-01,9.999394416809082031e-01,-9.999831914901733398e-01
9.999988675117492676e-01,-9.999989867210388184e-01,-9.999960660934448242e-01,9.999980926513671875e-01,9.999993443489074707e-01,-9.999992847442626953e-01,9.999963045120239258e-01,9.999994635581970215e-01,-9.999942183494567871e-01,9.999989271163940430e-01,-9.999991655349731445e-01,-9.999993443489074707e-01,9.999985098838806152e-01,9.999989271163940430e-01,9.999967813491821289e-01,9.999952316284179688e-01,9.999982118606567383e-01,-9.999984502792358398e-01,9.999944567680358887e-01,-9.999994635581970215e-01,-9.999993443489074707e-01,9.999963045120239258e-01,9.999991059303283691e-01,9.999980926513671875e-01,9.999924898147583008e-01,9.999992847442626953e-01,-9.999986886978149414e-01,-9.999993443489074707e-01,9.999942779541015625e-01,-9.999977946281433105e-01,-9.999933838844299316e-01,-9.999986886978149414e-01,9.999880194664001465e-01,9.999962449073791504e-01,-9.999986886978149414e-01,9.999720454216003418e-01,9.999992847442626953e-01,9.999989271163940430e-01,9.999881982803344727e-01,-9.999993443489074707e-01,9.999991059303283691e-01,9.999936223030090332e-01,9.999881982803344727e-01,9.999994039535522461e-01,9.999987483024597168e-01,9.999986290931701660e-01,-9.999955296516418457e-01,9.999991059303283691e-01,9.999991059303283691e-01,-9.999989867210388184e-01,-9.999992847442626953e-01,-9.999991059303283691e-01,-9.999991655349731445e-01,-9.999953508377075195e-01,-9.999992251396179199e-01,-9.999986290931701660e-01,9.999387264251708984e-01,9.999957680702209473e-01,9.999957084655761719e-01,9.999988079071044922e-01,-9.999989271163940430e-01,9.999993443489074707e-01,9.999988675117492676e-01,9.999968409538269043e-01,-9.999955296516418457e-01,-9.999992251396179199e-01,-9.999993443489074707e-01,-9.999969005584716797e-01,-9.999994039535522461e-01,9.999987483024597168e-01,-9.999993443489074707e-01,9.999968409538269043e-01,-9.999957680702209473e-01,-9.999956488609313965e-01,-9.999904036521911621e-01,-9.999989271163940430e-01,9.999933838844299316e-01,9.999992847442626953e-01,-9.999955296516418457e-01,-9.999966621398925781e-01,9.999943375587463379e-01,9.999983310699462891e-01,-9.999992847442626953e-01,9.999986886978149414e-01,-9.999988675117492676e-01,-9.999885559082031250e-01,-9.999045729637145996e-01,9.999992847442626953e-01,9.999949932098388672e-01,9.999935626983642578e-01,-9.999953508377075195e-01,9.999989271163940430e-01,-9.999908208847045898e-01,-9.999980926513671875e-01,9.999982118606567383e-01,-9.999985694885253906e-01,-9.999902248382568359e-01,9.999994039535522461e-01,-9.999992251396179199e-01,9.999982714653015137e-01,-9.999978542327880859e-01,9.999993443489074707e-01,9.999656081199645996e-01,9.999711513519287109e-01,9.999991059303283691e-01,9.999968409538269043e-01,-9.999873042106628418e-01,-9.999989867210388184e-01,-9.999960064888000488e-01,9.999990463256835938e-01,-9.999990463256835938e-01,9.999981522560119629e-01,-9.999988079071044922e-01,-9.998958110809326172e-01,9.999994039535522461e-01,-9.999977350234985352e-01,9.999993443489074707e-01,-9.999984502792358398e-01,-9.999967813491821289e-01,-9.999974370002746582e-01,-9.999989271163940430e-01,9.999977350234985352e-01,9.999983310699462891e-01,-9.999977946281433105e-01,-9.999941587448120117e-01,-9.999963045120239258e-01,9.999757409095764160e-01,-9.999932646751403809e-01
-9.999988079071044922e-01,9.999988675117492676e-01,9.999958872795104980e-01,-9.999979138374328613e-01,-9.999992847442626953e-01,9.999992251396179199e-01,-9.999960660934448242e-01,-9.999994039535522461e-01,9.999938011169433594e-01,-9.999988675117492676e-01,9.999991059303283691e-01,9.999993443489074707e-01,-9.999985098838806152e-01,-9.999988675117492676e-01,-9.999965429306030273e-01,-9.999948740005493164e-01,-9.999980926513671875e-01,9.999982118606567383e-01,-9.999940395355224609e-01,9.999994039535522461e-01,9.999993443489074707e-01,-9.999960064888000488e-01,-9.999990463256835938e-01,-9.999979138374328613e-01,-9.999919533729553223e-01,-9.999992251396179199e-01,9.999986290931701660e-01,9.999992847442626953e-01,-9.999938607215881348e-01,9.999976158142089844e-01,9.999929070472717285e-01,9.999985694885253906e-01,-9.999870061874389648e-01,-9.999959468841552734e-01,9.999985694885253906e-01,-9.999698400497436523e-01,-9.999992251396179199e-01,-9.999989271163940430e-01,-9.999873042106628418e-01,9.999992847442626953e-01,-9.999989867210388184e-01,-9.999931454658508301e-01,-9.999872446060180664e-01,-9.999993443489074707e-01,-9.999986290931701660e-01,-9.999985098838806152e-01,9.999950528144836426e-01,-9.999990463256835938e-01,-9.999990463256835938e-01,9.999989271163940430e-01,9.999992847442626953e-01,9.999990463256835938e-01,9.999991059303283691e-01,9.999949932098388672e-01,9.999989867210388184e-01,9.999986290931701660e-01,-9.999340176582336426e-01,-9.999954700469970703e-01,-9.999953508377075195e-01,-9.999986290931701660e-01,9.999988079071044922e-01,-9.999992847442626953e-01,-9.999987483024597168e-01,-9.999967217445373535e-01,9.999951720237731934e-01,9.999991655349731445e-01,9.999993443489074707e-01,9.999966621398925781e-01,9.999992847442626953e-01,-9.999986290931701660e-01,9.999992847442626953e-01,-9.999966025352478027e-01,9.999954104423522949e-01,9.999953508377075195e-01,9.999895691871643066e-01,9.999988675117492676e-01,-9.999929666519165039e-01,-9.999992251396179199e-01,9.999951720237731934e-01,9.999964237213134766e-01,-9.999938607215881348e-01,-9.999981522560119629e-01,9.999992847442626953e-01,-9.999986886978149414e-01,9.999988079071044922e-01,9.999876618385314941e-01,9.998970627784729004e-01,-9.999992251396179199e-01,-9.999945759773254395e-01,-9.999929666519165039e-01,9.999949932098388672e-01,-9.999988079071044922e-01,9.999900460243225098e-01,9.999980330467224121e-01,-9.999979734420776367e-01,9.999985098838806152e-01,9.999895095825195312e-01,-9.999994039535522461e-01,9.999992251396179199e-01,-9.999980330467224121e-01,9.999976754188537598e-01,-9.999992251396179199e-01,-9.999629259109497070e-01,-9.999687671661376953e-01,-9.999991655349731445e-01,-9.999966025352478027e-01,9.999863505363464355e-01,9.999989271163940430e-01,9.999958872795104980e-01,-9.999989271163940430e-01,9.999989867210388184e-01,-9.999980330467224121e-01,9.999987483024597168e-01,9.998875260353088379e-01,-9.999994039535522461e-01,9.999975562095642090e-01,-9.999993443489074707e-01,9.999983310699462891e-01,9.999965429306030273e-01,9.999971985816955566e-01,9.999988079071044922e-01,-9.999976754188537598e-01,-9.999982118606567383e-01,9.999976158142089844e-01,9.999936819076538086e-01,9.999959468841552734e-01,-9.999738335609436035e-01,9.999927282333374023e-01
9.999944567680358887e-01,-9.999952912330627441e-01,-9.999817609786987305e-01,9.999907016754150391e-01,9.999963045120239258e-01,-9.999960660934448242e-01,9.999824762344360352e-01,9.999968409538269043e-01,-9.999728798866271973e-01,9.999949932098388672e-01,-9.999959468841552734e-01,-9.999963641166687012e-01,9.999932050704956055e-01,9.999947547912597656e-01,9.999852180480957031e-01,9.999777674674987793e-01,9.999917745590209961e-01,-9.999924302101135254e-01,9.999735951423645020e-01,-9.999969601631164551e-01,-9.999964237213134766e-01,9.999828338623046875e-01,9.999955296516418457e-01,9.999905824661254883e-01,9.999647736549377441e-01,9.999962449073791504e-01,-9.999939203262329102e-01,-9.999961853027343750e-01,9.999728798866271973e-01,-9.999894499778747559e-01,-9.999687075614929199e-01,-9.999936223030090332e-01,9.999433159828186035e-01,9.999822378158569336e-01,-9.999935626983642578e-01,9.998685121536254883e-01,9.999965429306030273e-01,9.999950528144836426e-01,9.999441504478454590e-01,-9.999963641166687012e-01,9.999955892562866211e-01,9.999698400497436523e-01,9.999440908432006836e-01,9.999964833259582520e-01,9.999939799308776855e-01,9.999932646751403809e-01,-9.999786019325256348e-01,9.999957680702209473e-01,9.999956488609313965e-01,-9.999952316284179688e-01,-9.999960660934448242e-01,-9.999955296516418457e-01,-9.999958872795104980e-01,-9.999778866767883301e-01,-9.999954700469970703e-01,-9.999936819076538086e-01,9.997126460075378418e-01,9.999799728393554688e-01,9.999793171882629395e-01,9.999942183494567871e-01,-9.999946355819702148e-01,9.999963641166687012e-01,9.999946355819702148e-01,9.999855160713195801e-01,-9.999787211418151855e-01,-9.999962449073791504e-01,-9.999968409538269043e-01,-9.999854564666748047e-01,-9.999966025352478027e-01,9.999942183494567871e-01,-9.999962449073791504e-01,9.999853372573852539e-01,-9.999797344207763672e-01,-9.999793767929077148e-01,-9.999542832374572754e-01,-9.999949932098388672e-01,9.999690055847167969e-01,9.999958872795104980e-01,-9.999788999557495117e-01,-9.999843239784240723e-01,9.999729394912719727e-01,9.999921917915344238e-01,-9.999960660934448242e-01,9.999940395355224609e-01,-9.999945163726806641e-01,-9.999461174011230469e-01,-9.995522499084472656e-01,9.999964833259582520e-01,9.999763965606689453e-01,9.999694228172302246e-01,-9.999781250953674316e-01,9.999946355819702148e-01,-9.999562501907348633e-01,-9.999911785125732422e-01,9.999911785125732422e-01,-9.999932050704956055e-01,-9.999536275863647461e-01,9.999967813491821289e-01,-9.999960064888000488e-01,9.999915361404418945e-01,-9.999897480010986328e-01,9.999963641166687012e-01,9.998385310173034668e-01,9.998641014099121094e-01,9.999957084655761719e-01,9.999853968620300293e-01,-9.999400377273559570e-01,-9.999950528144836426e-01,-9.999817013740539551e-01,9.999952912330627441e-01,-9.999953508377075195e-01,9.999915361404418945e-01,-9.999942779541015625e-01,-9.995111227035522461e-01,9.999968409538269043e-01,-9.999893903732299805e-01,9.999967217445373535e-01,-9.999929070472717285e-01,-9.999849796295166016e-01,-9.999876618385314941e-01,-9.999946951866149902e-01,9.999896883964538574e-01,9.999918937683105469e-01,-9.999898672103881836e-01,-9.999724626541137695e-01,-9.999822974205017090e-01,9.998859763145446777e-01,-9.999684095382690430e-01
9.999991655349731445e-01,-9.999991655349731445e-01,-9.999966621398925781e-01,9.999983310699462891e-01,9.999994635581970215e-01,-9.999994039535522461e-01,9.999968409538269043e-01,9.999995231628417969e-01,-9.999950528144836426e-01,9.999991655349731445e-01,-9.999992251396179199e-01,-9.999994039535522461e-01,9.999988079071044922e-01,9.999991059303283691e-01,9.999973177909851074e-01,9.999959468841552734e-01,9.999985098838806152e-01,-9.999986290931701660e-01,9.999952912330627441e-01,-9.999995231628417969e-01,-9.999994635581970215e-01,9.999967813491821289e-01,9.999992251396179199e-01,9.999982714653015137e-01,9.999936819076538086e-01,9.999992847442626953e-01,-9.999988675117492676e-01,-9.999994039535522461e-01,9.999951124191284180e-01,-9.999980926513671875e-01,-9.999943375587463379e-01,-9.999988079071044922e-01,9.999898672103881836e-01,9.999967813491821289e-01,-9.999988675117492676e-01,9.999764561653137207e-01,9.999994039535522461e-01,9.999991655349731445e-01,9.999899864196777344e-01,-9.999993443489074707e-01,9.999993443489074707e-01,9.999945759773254395e-01,9.999900460243225098e-01,9.999994635581970215e-01,9.999989271163940430e-01,9.999987483024597168e-01,-9.999960064888000488e-01,9.999993443489074707e-01,9.999992251396179199e-01,-9.999991655349731445e-01,-9.999993443489074707e-01,-9.999993443489074707e-01,-9.999994039535522461e-01,-9.999960064888000488e-01,-9.999992251396179199e-01,-9.999988675117492676e-01,9.999484419822692871e-01,9.999963641166687012e-01,9.999962449073791504e-01,9.999989271163940430e-01,-9.999991059303283691e-01,9.999994635581970215e-01,9.999991059303283691e-01,9.999973773956298828e-01,-9.999961256980895996e-01,-9.999993443489074707e-01,-9.999994635581970215e-01,-9.999973177909851074e-01,-9.999994039535522461e-01,9.999989271163940430e-01,-9.999994039535522461e-01,9.999973177909851074e-01,-9.999964237213134766e-01,-9.999961256980895996e-01,-9.999918341636657715e-01,-9.999991655349731445e-01,9.999944567680358887e-01,9.999992847442626953e-01,-9.999960660934448242e-01,-9.999971985816955566e-01,9.999952316284179688e-01,9.999985694885253906e-01,-9.999994039535522461e-01,9.999989271163940430e-01,-9.999991655349731445e-01,-9.999903440475463867e-01,-9.999195933341979980e-01,9.999993443489074707e-01,9.999957084655761719e-01,9.999945759773254395e-01,-9.999960064888000488e-01,9.999991059303283691e-01,-9.999922513961791992e-01,-9.999983906745910645e-01,9.999983906745910645e-01,-9.999987483024597168e-01,-9.999917745590209961e-01,9.999995231628417969e-01,-9.999993443489074707e-01,9.999984502792358398e-01,-9.999980926513671875e-01,9.999994039535522461e-01,9.999712109565734863e-01,9.999757409095764160e-01,9.999992847442626953e-01,9.999973177909851074e-01,-9.999892711639404297e-01,-9.999991655349731445e-01,-9.999966621398925781e-01,9.999991655349731445e-01,-9.999992251396179199e-01,9.999984502792358398e-01,-9.999989867210388184e-01,-9.999123215675354004e-01,9.999994635581970215e-01,-9.999980330467224121e-01,9.999995231628417969e-01,-9.999986886978149414e-01,-9.999973177909851074e-01,-9.999977946281433105e-01,-9.999990463256835938e-01,9.999980926513671875e-01,9.999986290931701660e-01,-9.999981522560119629e-01,-9.999950528144836426e-01,-9.999967813491821289e-01,9.999796152114868164e-01,-9.999943971633911133e-01
-9.999913573265075684e-01,9.999926090240478516e-01,9.999718666076660156e-01,-9.999855160713195801e-01,-9.999942183494567871e-01,9.999938011169433594e-01,-9.999728798866271973e-01,-9.999950528144836426e-01,9.999581575393676758e-01,-9.999923110008239746e-01,9.999936819076538086e-01,9.999943971633911133e-01,-9.999893903732299805e-01,-9.999918937683105469e-01,-9.999771118164062500e-01,-9.999655485153198242e-01,-9.999872446060180664e-01,9.999882578849792480e-01,-9.999591112136840820e-01,9.999953508377075195e-01,9.999945759773254395e-01,-9.999734163284301758e-01,-9.999929666519165039e-01,-9.999854564666748047e-01,-9.999456405639648438e-01,-9.999942779541015625e-01,9.999907016754150391e-01,9.999940395355224609e-01,-9.999578595161437988e-01,9.999837875366210938e-01,9.999514222145080566e-01,9.999901056289672852e-01,-9.999124407768249512e-01,-9.999725818634033203e-01,9.999899268150329590e-01,-9.997971057891845703e-01,-9.999946951866149902e-01,-9.999924302101135254e-01,-9.999138116836547852e-01,9.999942779541015625e-01,-9.999930858612060547e-01,-9.999530911445617676e-01,-9.999135136604309082e-01,-9.999946951866149902e-01,-9.999907612800598145e-01,-9.999894499778747559e-01,9.999668598175048828e-01,-9.999932646751403809e-01,-9.999932050704956055e-01,9.999924898147583008e-01,9.999939799308776855e-01,9.999930262565612793e-01,9.999936819076538086e-01,9.999657869338989258e-01,9.999929070472717285e-01,9.999902844429016113e-01,-9.995566010475158691e-01,-9.999689459800720215e-01,-9.999681115150451660e-01,-9.999909996986389160e-01,9.999917745590209961e-01,-9.999943971633911133e-01,-9.999917149543762207e-01,-9.999775886535644531e-01,9.999670982360839844e-01,9.999941587448120117e-01,9.999951124191284180e-01,9.999773502349853516e-01,9.999948740005493164e-01,-9.999911189079284668e-01,9.999940991401672363e-01,-9.999772310256958008e-01,9.999685883522033691e-01,9.999681711196899414e-01,9.999293088912963867e-01,9.999921321868896484e-01,-9.999519586563110352e-01,-9.999936223030090332e-01,9.999672770500183105e-01,9.999756217002868652e-01,-9.999580979347229004e-01,-9.999878406524658203e-01,9.999939799308776855e-01,-9.999907612800598145e-01,9.999915361404418945e-01,9.999167919158935547e-01,9.993088841438293457e-01,-9.999944567680358887e-01,-9.999633431434631348e-01,-9.999527335166931152e-01,9.999661445617675781e-01,-9.999917149543762207e-01,9.999322891235351562e-01,9.999864101409912109e-01,-9.999863505363464355e-01,9.999892711639404297e-01,9.999284148216247559e-01,-9.999949932098388672e-01,9.999938607215881348e-01,-9.999868273735046387e-01,9.999839663505554199e-01,-9.999943971633911133e-01,-9.997507333755493164e-01,-9.997902512550354004e-01,-9.999933242797851562e-01,-9.999774098396301270e-01,9.999071955680847168e-01,9.999922513961791992e-01,9.999716281890869141e-01,-9.999925494194030762e-01,9.999927282333374023e-01,-9.999868869781494141e-01,9.999911189079284668e-01,9.992455840110778809e-01,-9.999950528144836426e-01,9.999834895133972168e-01,-9.999948740005493164e-01,9.999889135360717773e-01,9.999769330024719238e-01,9.999809861183166504e-01,9.999916553497314453e-01,-9.999839067459106445e-01,-9.999874830245971680e-01,9.999842047691345215e-01,9.999572634696960449e-01,9.999726414680480957e-01,-9.998241662979125977e-01,9.999510049819946289e-01
9.999984502792358398e-01,-9.999985694885253906e-01,-9.999948740005493164e-01,9.999973773956298828e-01,9.999989271163940430e-01,-9.999988675117492676e-01,9.999949932098388672e-01,9.999991655349731445e-01,-9.999923110008239746e-01,9.999986290931701660e-01,-9.999988079071044922e-01,-9.999990463256835938e-01,9.999980330467224121e-01,9.999985098838806152e-01,9.999958276748657227e-01,9.999936819076538086e-01,9.999976158142089844e-01,-9.999978542327880859e-01,9.999926090240478516e-01,-9.999991655349731445e-01,-9.999990463256835938e-01,9.999951124191284180e-01,9.999987483024597168e-01,9.999973177909851074e-01,9.999900460243225098e-01,9.999989271163940430e-01,-9.999982714653015137e-01,-9.999989271163940430e-01,9.999923706054687500e-01,-9.999969601631164551e-01,-9.999911785125732422e-01,-9.999981522560119629e-01,9.999840259552001953e-01,9.999949336051940918e-01,-9.999982714653015137e-01,9.999629855155944824e-01,9.999989867210388184e-01,9.999986290931701660e-01,9.999843835830688477e-01,-9.999989271163940430e-01,9.999987483024597168e-01,9.999914765357971191e-01,9.999844431877136230e-01,9.999990463256835938e-01,9.999982118606567383e-01,9.999980330467224121e-01,-9.999939799308776855e-01,9.999988079071044922e-01,9.999987483024597168e-01,-9.999986290931701660e-01,-9.999988675117492676e-01,-9.999986886978149414e-01,-9.999988079071044922e-01,-9.999937415122985840e-01,-9.999986886978149414e-01,-9.999982118606567383e-01,9.999194145202636719e-01,9.999943971633911133e-01,9.999941587448120117e-01,9.999983310699462891e-01,-9.999985098838806152e-01,9.999989271163940430e-01,9.999983906745910645e-01,9.999958872795104980e-01,-9.999939799308776855e-01,-9.999988675117492676e-01,-9.999991655349731445e-01,-9.999959468841552734e-01,-9.999991059303283691e-01,9.999982714653015137e-01,-9.999989271163940430e-01,9.999958276748657227e-01,-9.999943375587463379e-01,-9.999941587448120117e-01,-9.999873042106628418e-01,-9.999985694885253906e-01,9.999912381172180176e-01,9.999988079071044922e-01,-9.999939799308776855e-01,-9.999955892562866211e-01,9.999924302101135254e-01,9.999976754188537598e-01,-9.999989867210388184e-01,9.999982118606567383e-01,-9.999983310699462891e-01,-9.999848008155822754e-01,-9.998744130134582520e-01,9.999989271163940430e-01,9.999932646751403809e-01,9.999914169311523438e-01,-9.999938607215881348e-01,9.999983906745910645e-01,-9.999878406524658203e-01,-9.999974370002746582e-01,9.999974966049194336e-01,-9.999980330467224121e-01,-9.999870061874389648e-01,9.999991059303283691e-01,-9.999988079071044922e-01,9.999975562095642090e-01,-9.999970793724060059e-01,9.999989867210388184e-01,9.999546408653259277e-01,9.999618530273437500e-01,9.999986886978149414e-01,9.999957680702209473e-01,-9.999831914901733398e-01,-9.999985694885253906e-01,-9.999949336051940918e-01,9.999986290931701660e-01,-9.999986886978149414e-01,9.999975562095642090e-01,-9.999983906745910645e-01,-9.998629689216613770e-01,9.999991655349731445e-01,-9.999969601631164551e-01,9.999991059303283691e-01,-9.999979734420776367e-01,-9.999957680702209473e-01,-9.999964833259582520e-01,-9.999984502792358398e-01,9.999970793724060059e-01,9.999977350234985352e-01,-9.999970197677612305e-01,-9.999921917915344238e-01,-9.999950528144836426e-01,9.999681115150451660e-01,-9.999911189079284668e-01
-9.999986290931701660e-01,9.999988675117492676e-01,9.999958276748657227e-01,-9.999977946281433105e-01,-9.999991655349731445e-01,9.999991059303283691e-01,-9.999959468841552734e-01,-9.999992251396179199e-01,9.999936819076538086e-01,-9.999988079071044922e-01,9.999991655349731445e-01,9.999991059303283691e-01,-9.999983906745910645e-01,-9.999987483024597168e-01,-9.999966025352478027e-01,-9.999948143959045410e-01,-9.999979734420776367e-01,9.999981522560119629e-01,-9.999939203262329102e-01,9.999992847442626953e-01,9.999991655349731445e-01,-9.999960660934448242e-01,-9.999989271163940430e-01,-9.999978542327880859e-01,-9.999918937683105469e-01,-9.999991059303283691e-01,9.999984502792358398e-01,9.999991655349731445e-01,-9.999938607215881348e-01,9.999976158142089844e-01,9.999929070472717285e-01,9.999984502792358398e-01,-9.999870657920837402e-01,-9.999958276748657227e-01,9.999985098838806152e-01,-9.999701380729675293e-01,-9.999991655349731445e-01,-9.999988079071044922e-01,-9.999873638153076172e-01,9.999992251396179199e-01,-9.999989271163940430e-01,-9.999931454658508301e-01,-9.999873042106628418e-01,-9.999992251396179199e-01,-9.999985694885253906e-01,-9.999984502792358398e-01,9.999950528144836426e-01,-9.999990463256835938e-01,-9.999990463256835938e-01,9.999988079071044922e-01,9.999990463256835938e-01,9.999988675117492676e-01,9.999991059303283691e-01,9.999949336051940918e-01,9.999989271163940430e-01,9.999984502792358398e-01,-9.999348521232604980e-01,-9.999954700469970703e-01,-9.999952912330627441e-01,-9.999986886978149414e-01,9.999986886978149414e-01,-9.999992251396179199e-01,-9.999986886978149414e-01,-9.999965429306030273e-01,9.999951720237731934e-01,9.999991059303283691e-01,9.999992251396179199e-01,9.999966025352478027e-01,9.999992847442626953e-01,-9.999985694885253906e-01,9.999991655349731445e-01,-9.999965429306030273e-01,9.999954104423522949e-01,9.999952316284179688e-01,9.999896883964538574e-01,9.999987483024597168e-01,-9.999928474426269531e-01,-9.999989867210388184e-01,9.999950528144836426e-01,9.999963641166687012e-01,-9.999938607215881348e-01,-9.999980926513671875e-01,9.999991655349731445e-01,-9.999985694885253906e-01,9.999986886978149414e-01,9.999877214431762695e-01,9.998983144760131836e-01,-9.999991655349731445e-01,-9.999945163726806641e-01,-9.999929666519165039e-01,9.999949932098388672e-01,-9.999986886978149414e-01,9.999901056289672852e-01,9.999979138374328613e-01,-9.999979138374328613e-01,9.999983906745910645e-01,9.999894499778747559e-01,-9.999992847442626953e-01,9.999990463256835938e-01,-9.999980330467224121e-01,9.999975562095642090e-01,-9.999992251396179199e-01,-9.999634027481079102e-01,-9.999691247940063477e-01,-9.999989867210388184e-01,-9.999965429306030273e-01,9.999864101409912109e-01,9.999988079071044922e-01,9.999958276748657227e-01,-9.999989271163940430e-01,9.999989271163940430e-01,-9.999980926513671875e-01,9.999986290931701660e-01,9.998891353607177734e-01,-9.999992251396179199e-01,9.999974966049194336e-01,-9.999991655349731445e-01,9.999983906745910645e-01,9.999964833259582520e-01,9.999970793724060059e-01,9.999987483024597168e-01,-9.999976158142089844e-01,-9.999981522560119629e-01,9.999974966049194336e-01,9.999936819076538086e-01,9.999959468841552734e-01,-9.999741315841674805e-01,9.999928474426269531e-01
-9.999988675117492676e-01,9.999991059303283691e-01,9.999961256980895996e-01,-9.999980926513671875e-01,-9.999993443489074707e-01,9.999993443489074707e-01,-9.999963641166687012e-01,-9.999994039535522461e-01,9.999943971633911133e-01,-9.999990463256835938e-01,9.999991059303283691e-01,9.999992847442626953e-01,-9.999985694885253906e-01,-9.999989271163940430e-01,-9.999969601631164551e-01,-9.999954700469970703e-01,-9.999983310699462891e-01,9.999983310699462891e-01,-9.999946355819702148e-01,9.999994039535522461e-01,9.999993443489074707e-01,-9.999964833259582520e-01,-9.999991059303283691e-01,-9.999981522560119629e-01,-9.999928474426269531e-01,-9.999992251396179199e-01,9.999986886978149414e-01,9.999992251396179199e-01,-9.999944567680358887e-01,9.999978542327880859e-01,9.999936819076538086e-01,9.999986886978149414e-01,-9.999884963035583496e-01,-9.999963641166687012e-01,9.999986290931701660e-01,-9.999731779098510742e-01,-9.999993443489074707e-01,-9.999990463256835938e-01,-9.999886751174926758e-01,9.999992847442626953e-01,-9.999991059303283691e-01,-9.999938607215881348e-01,-9.999886155128479004e-01,-9.999994039535522461e-01,-9.999986886978149414e-01,-9.999985694885253906e-01,9.999955892562866211e-01,-9.999991655349731445e-01,-9.999991655349731445e-01,9.999990463256835938e-01,9.999992251396179199e-01,9.999992251396179199e-01,9.999992251396179199e-01,9.999955296516418457e-01,9.999991059303283691e-01,9.999986886978149414e-01,-9.999416470527648926e-01,-9.999959468841552734e-01,-9.999958276748657227e-01,-9.999988079071044922e-01,9.999989271163940430e-01,-9.999992847442626953e-01,-9.999989271163940430e-01,-9.999969005584716797e-01,9.999956488609313965e-01,9.999992847442626953e-01,9.999994039535522461e-01,9.999970793724060059e-01,9.999993443489074707e-01,-9.999988079071044922e-01,9.999993443489074707e-01,-9.999969601631164551e-01,9.999958872795104980e-01,9.999958276748657227e-01,9.999907612800598145e-01,9.999989867210388184e-01,-9.999936819076538086e-01,-9.999992251396179199e-01,9.999957084655761719e-01,9.999968409538269043e-01,-9.999945759773254395e-01,-9.999983906745910645e-01,9.999992251396179199e-01,-9.999987483024597168e-01,9.999988675117492676e-01,9.999889731407165527e-01,9.999088048934936523e-01,-9.999993443489074707e-01,-9.999951720237731934e-01,-9.999938011169433594e-01,9.999955296516418457e-01,-9.999988675117492676e-01,9.999911785125732422e-01,9.999981522560119629e-01,-9.999981522560119629e-01,9.999985694885253906e-01,9.999905824661254883e-01,-9.999994635581970215e-01,9.999991655349731445e-01,-9.999982714653015137e-01,9.999978542327880859e-01,-9.999992847442626953e-01,-9.999671578407287598e-01,-9.999724030494689941e-01,-9.999991655349731445e-01,-9.999969601631164551e-01,9.999877810478210449e-01,9.999989867210388184e-01,9.999961853027343750e-01,-9.999990463256835938e-01,9.999991059303283691e-01,-9.999982714653015137e-01,9.999988079071044922e-01,9.999004602432250977e-01,-9.999993443489074707e-01,9.999977946281433105e-01,-9.999994635581970215e-01,9.999985098838806152e-01,9.999969005584716797e-01,9.999975562095642090e-01,9.999989271163940430e-01,-9.999978542327880859e-01,-9.999983310699462891e-01,9.999978542327880859e-01,9.999943375587463379e-01,9.999963641166687012e-01,-9.999768733978271484e-01,9.999935626983642578e-01
