4.698339998722076416e-01,-1.595617458224296570e-02,5.728649348020553589e-02,-1.204031258821487427e-01,1.264292150735855103e-01,-1.490174978971481323e-01,1.501215845346450806e-01,3.668473660945892334e-01,5.931909009814262390e-02,5.173717066645622253e-02,-1.402220129966735840e-01,-1.982653886079788208e-02,-1.674821078777313232e-01,2.204053848981857300e-02,4.122123867273330688e-02,2.799495868384838104e-02,-1.772463903762400150e-03,-1.017353087663650513e-01,1.201490759849548340e-01,1.110221818089485168e-02,-6.883056461811065674e-02,-8.892247825860977173e-02,-1.236897706985473633e-01,6.887982040643692017e-02,2.476254478096961975e-03,-3.198406845331192017e-02,1.466095149517059326e-01,-1.581554710865020752e-01,-3.861163556575775146e-02,-1.487666815519332886e-01,-1.184545531868934631e-01,9.663834422826766968e-02,-8.295784145593643188e-02,3.056691773235797882e-02,-1.448052097111940384e-02,6.255244463682174683e-02,-4.395501315593719482e-02,-8.519215509295463562e-03,-1.715611070394515991e-01,-3.248336017131805420e-01,1.101792231202125549e-01,8.211225271224975586e-02,-2.027124762535095215e-01,1.104001607745885849e-02,-6.968696415424346924e-02,1.715216189622879028e-01,-2.251553162932395935e-02,-8.615363389253616333e-02,8.304794877767562866e-02,-6.818974018096923828e-02,-1.617727577686309814e-01,-9.134857356548309326e-02,2.477334588766098022e-01,-6.466515362262725830e-02,-8.332277089357376099e-02,-4.955067858099937439e-02,4.123688116669654846e-02,-6.351493066176772118e-04,1.058440729975700378e-01,2.477142587304115295e-02,-8.096675574779510498e-02,-6.071823462843894958e-02,9.125530777964740992e-05,2.307043075561523438e-01,7.709918078035116196e-03,2.939137630164623260e-02,-3.084131181240081787e-01,5.650984495878219604e-02,-4.896946623921394348e-02,1.429700255393981934e-01,-1.478787213563919067e-01,8.434847742319107056e-02,6.764034181833267212e-02,2.200022339820861816e-02,-1.130465045571327209e-01,-9.134525805711746216e-02,1.357101486064493656e-03,-8.048620074987411499e-03,-1.001001223921775818e-01,4.615472629666328430e-02,1.277142018079757690e-02,-1.258222619071602821e-04,-1.217274293303489685e-01,-3.662524279206991196e-03,-1.857217699289321899e-01,1.212086454033851624e-01,2.759853899478912354e-01,-1.658884459175169468e-03,-1.446546167135238647e-01,3.268920630216598511e-02,-1.510367840528488159e-01,1.461423039436340332e-01,2.172329574823379517e-01,-2.127083241939544678e-01,-1.817611977458000183e-02,-2.603426277637481689e-01,1.170995682477951050e-01,-5.889953172300010920e-05,-2.779671177268028259e-02,1.934147179126739502e-01,-1.643306910991668701e-01,2.897261977195739746e-01,8.633476495742797852e-02,3.539090743288397789e-03,-8.821857720613479614e-02,2.627990543842315674e-01,1.663583815097808838e-01,2.008020281791687012e-01,-2.812060117721557617e-01,1.285445038229227066e-02,-1.113604232668876648e-01,9.354633837938308716e-02,1.183831170201301575e-01,-7.113740779459476471e-03,3.418577462434768677e-02,-3.712375462055206299e-02,2.187066525220870972e-01,-6.368464976549148560e-02,-1.845846921205520630e-01,-4.704095050692558289e-02,-1.553423851728439331e-01,6.536182016134262085e-02,4.895755276083946228e-02,2.331347167491912842e-01,3.208243846893310547e-02,2.745731547474861145e-02,-9.850285016000270844e-03,9.855646640062332153e-03
-1.595617458224296570e-02,1.363903284072875977e-02,-9.869365394115447998e-02,7.422427088022232056e-02,6.267607212066650391e-02,8.497670292854309082e-03,-1.590835675597190857e-02,2.928766421973705292e-02,2.919410914182662964e-02,4.766216501593589783e-02,2.946508815512061119e-03,-4.283936694264411926e-02,8.622747659683227539e-02,5.219708755612373352e-02,9.542214125394821167e-02,1.078941076993942261e-01,7.794980047037824988e-05,4.180645197629928589e-02,-7.641457021236419678e-02,-5.234250798821449280e-02,-3.273067623376846313e-02,8.268342912197113037e-02,5.579336732625961304e-02,-1.179091981612145901e-03,1.066775433719158173e-02,1.030227094888687134e-01,-1.086822077631950378e-01,-4.411059617996215820e-02,8.760404586791992188e-02,-1.884020050056278706e-03,2.148782461881637573e-02,-1.096730083227157593e-01,6.580633670091629028e-02,5.667137354612350464e-02,-4.451003856956958771e-03,-1.063183024525642395e-01,4.528620094060897827e-02,7.817168533802032471e-02,-7.890011370182037354e-02,-3.891158849000930786e-02,9.029255062341690063e-02,1.296370010823011398e-02,9.304852783679962158e-02,1.833607256412506104e-02,-2.438145456835627556e-04,-6.954057514667510986e-02,-9.837812185287475586e-02,-2.789050899446010590e-02,-7.568814791738986969e-03,1.765671372413635254e-02,1.337975729256868362e-03,-1.594323106110095978e-02,1.778899319469928741e-02,-6.579546723514795303e-03,-7.789007853716611862e-03,-1.145049780607223511e-01,3.533424437046051025e-02,7.077731192111968994e-03,-5.409669131040573120e-02,-5.485188215970993042e-02,6.727102678269147873e-03,6.943200249224901199e-03,2.835084917023777962e-03,1.983124017715454102e-02,9.739109314978122711e-03,-2.666663378477096558e-02,4.540459066629409790e-02,9.797586500644683838e-02,-9.114215523004531860e-02,2.665075846016407013e-02,-7.505282759666442871e-02,-1.524974213680252433e-04,-2.729414030909538269e-02,9.587280452251434326e-02,-1.198943518102169037e-02,-8.427567780017852783e-02,-1.548813190311193466e-03,1.149477884173393250e-01,-1.677897013723850250e-02,-9.670657664537429810e-02,1.007410585880279541e-01,4.738465067930519581e-04,-8.327446877956390381e-02,4.756870912387967110e-04,-8.543996512889862061e-02,-9.343076497316360474e-02,2.527905255556106567e-02,3.045385936275124550e-03,7.134898751974105835e-02,7.662476599216461182e-02,-1.915778405964374542e-02,-2.639321982860565186e-02,-7.785903662443161011e-02,4.380979761481285095e-02,-8.746904134750366211e-02,3.607560414820909500e-03,5.976228043437004089e-02,-2.926274464698508382e-05,-8.243669569492340088e-02,6.183164939284324646e-02,-2.964533865451812744e-02,3.284860029816627502e-02,-1.159222051501274109e-01,-7.739066332578659058e-02,1.140686869621276855e-01,1.561872661113739014e-03,-8.135954290628433228e-02,-1.008213981986045837e-01,-1.976315490901470184e-02,-5.882515572011470795e-03,7.459583133459091187e-02,-5.821460112929344177e-02,-1.008477210998535156e-01,-1.786523498594760895e-02,1.080166772007942200e-01,-9.064425528049468994e-02,5.171259492635726929e-02,3.229677677154541016e-02,-9.483842551708221436e-02,4.209175333380699158e-02,5.908757075667381287e-02,7.810539752244949341e-02,9.347540885210037231e-02,-6.596226245164871216e-02,-6.911226361989974976e-02,-5.068098753690719604e-02,4.152718465775251389e-03,4.241149500012397766e-02
5.728649348020553589e-02,-9.869365394115447998e-02,7.614746093750000000e-01,-6.263401508331298828e-01,-4.637512862682342529e-01,-1.253173649311065674e-01,5.282173678278923035e-02,-2.856206595897674561e-01,-2.076515853404998779e-01,-4.093540608882904053e-01,3.662350028753280640e-02,3.537723124027252197e-01,-5.891516208648681641e-01,-4.871213734149932861e-01,-7.199169397354125977e-01,-7.374205589294433594e-01,-4.732248198706656694e-04,-2.896304726600646973e-01,6.309279799461364746e-01,4.498055875301361084e-01,3.146546483039855957e-01,-6.438654065132141113e-01,-4.925773441791534424e-01,1.508331950753927231e-02,-8.940906822681427002e-02,-6.822037696838378906e-01,7.326908111572265625e-01,2.714863717555999756e-01,-6.789209842681884766e-01,3.504376858472824097e-02,-1.474259048700332642e-01,7.833122014999389648e-01,-5.435513854026794434e-01,-5.471782684326171875e-01,3.805597871541976929e-02,7.393401265144348145e-01,-3.540133237838745117e-01,-6.321543455123901367e-01,5.610604882240295410e-01,4.121016263961791992e-01,-6.685141921043395996e-01,-1.252696365118026733e-01,-6.384909152984619141e-01,-1.560925841331481934e-01,2.668775990605354309e-02,5.124748349189758301e-01,7.641226053237915039e-01,2.397392690181732178e-01,4.163463413715362549e-02,-1.878415606915950775e-02,1.091178599745035172e-02,1.566312313079833984e-01,-2.071610540151596069e-01,8.549122512340545654e-02,4.203772544860839844e-02,8.049196600914001465e-01,-3.174214661121368408e-01,-5.895940214395523071e-02,3.921985328197479248e-01,4.539372622966766357e-01,-1.308559998869895935e-02,-7.861699908971786499e-02,-2.365438826382160187e-02,-2.114501297473907471e-01,-7.335198670625686646e-02,2.059226781129837036e-01,-2.520137727260589600e-01,-6.907448768615722656e-01,7.003477811813354492e-01,-1.632183343172073364e-01,6.271631121635437012e-01,1.929051056504249573e-02,2.355500012636184692e-01,-7.447833418846130371e-01,8.549948036670684814e-02,6.540777087211608887e-01,1.059319637715816498e-02,-8.273507356643676758e-01,2.165832072496414185e-01,7.283249497413635254e-01,-7.845104932785034180e-01,-3.939485643059015274e-03,6.532930135726928711e-01,-2.611141651868820190e-03,6.276398897171020508e-01,6.634807586669921875e-01,-2.721606791019439697e-01,-2.274629659950733185e-02,-4.997281432151794434e-01,-6.315000057220458984e-01,1.754780411720275879e-01,2.066040486097335815e-01,5.913026928901672363e-01,-3.040881752967834473e-01,6.970377564430236816e-01,7.073570974171161652e-03,-4.870838522911071777e-01,2.540804562158882618e-04,6.008519530296325684e-01,-5.160619616508483887e-01,3.083112239837646484e-01,-2.789659202098846436e-01,8.171601891517639160e-01,6.221935749053955078e-01,-8.194540739059448242e-01,-1.892118304967880249e-01,6.291426420211791992e-01,6.825245022773742676e-01,1.604764461517333984e-01,4.569977521896362305e-02,-5.734970569610595703e-01,5.593528151512145996e-01,7.399832606315612793e-01,2.581158094108104706e-02,-7.672644853591918945e-01,7.076330780982971191e-01,-3.797897100448608398e-01,-2.873733043670654297e-01,7.402113676071166992e-01,-3.455134928226470947e-01,-4.232887625694274902e-01,-6.531297564506530762e-01,-7.139425277709960938e-01,4.463659822940826416e-01,5.840184092521667480e-01,4.422985315322875977e-01,-4.392101243138313293e-02,-3.796494901180267334e-01
-1.204031258821487427e-01,7.422427088022232056e-02,-6.263401508331298828e-01,6.551702618598937988e-01,2.749909460544586182e-01,1.854734420776367188e-01,-5.189929157495498657e-02,1.200292408466339111e-01,1.473255306482315063e-01,3.093138635158538818e-01,-7.588751614093780518e-02,-2.770976424217224121e-01,3.902002871036529541e-01,4.755707383155822754e-01,5.847152471542358398e-01,5.186173915863037109e-01,4.824164789170026779e-03,2.774983644485473633e-01,-5.706656575202941895e-01,-3.524083495140075684e-01,-3.620033860206604004e-01,5.507780313491821289e-01,4.331242442131042480e-01,7.710137288086116314e-04,7.148402184247970581e-02,4.438147246837615967e-01,-5.473563671112060547e-01,-3.974793106317520142e-02,4.598683416843414307e-01,1.118555516004562378e-01,1.006371453404426575e-01,-6.749152541160583496e-01,5.360127687454223633e-01,3.940541744232177734e-01,-1.863550767302513123e-02,-5.614557266235351562e-01,2.681407630443572998e-01,4.731173813343048096e-01,-2.924060821533203125e-01,-4.056406021118164062e-01,5.152574777603149414e-01,1.206258833408355713e-01,4.930731952190399170e-01,1.153198629617691040e-01,-6.202121451497077942e-02,-2.907174229621887207e-01,-6.388819217681884766e-01,-2.103189975023269653e-01,-5.461478605866432190e-02,7.993409037590026855e-02,7.491624914109706879e-03,-8.527617901563644409e-02,2.046813368797302246e-01,-8.813365548849105835e-02,8.754294365644454956e-02,-6.143024563789367676e-01,2.716747522354125977e-01,4.320455715060234070e-02,-3.286541700363159180e-01,-3.971690237522125244e-01,-4.376801103353500366e-02,1.300814896821975708e-01,2.351410686969757080e-02,1.024973019957542419e-01,7.761835306882858276e-02,-1.615267693996429443e-01,2.304912358522415161e-01,4.847171902656555176e-01,-5.120826959609985352e-01,8.336784318089485168e-03,-4.427740275859832764e-01,1.325108706951141357e-01,-2.586717903614044189e-01,6.230017542839050293e-01,-7.088184356689453125e-02,-5.137090682983398438e-01,-5.051236599683761597e-03,6.341897845268249512e-01,-3.380888998508453369e-01,-5.796991586685180664e-01,7.027755379676818848e-01,3.085343632847070694e-03,-4.457048475742340088e-01,3.591845277696847916e-03,-4.626003503799438477e-01,-4.882589280605316162e-01,4.085971787571907043e-02,1.457890588790178299e-02,3.358030021190643311e-01,4.678254425525665283e-01,-1.170444115996360779e-01,-2.814231514930725098e-01,-5.678350329399108887e-01,3.442549109458923340e-01,-5.913794636726379395e-01,5.549946054816246033e-02,3.314937353134155273e-01,-1.826918305596336722e-04,-3.877494037151336670e-01,3.441782593727111816e-01,-1.691042035818099976e-01,2.510086819529533386e-02,-7.228249907493591309e-01,-4.570886492729187012e-01,6.739597320556640625e-01,2.697428762912750244e-01,-6.712620854377746582e-01,-5.352683663368225098e-01,-1.295079104602336884e-02,-3.811885416507720947e-02,5.802526473999023438e-01,-5.453878641128540039e-01,-6.378358006477355957e-01,5.997382476925849915e-02,5.788021683692932129e-01,-5.391446948051452637e-01,1.627437323331832886e-01,2.202042043209075928e-01,-5.707102417945861816e-01,3.245888948440551758e-01,3.389829099178314209e-01,5.475969314575195312e-01,5.800294280052185059e-01,-3.839805722236633301e-01,-4.465934634208679199e-01,-3.789532482624053955e-01,2.606282569468021393e-02,3.027026653289794922e-01
1.264292150735855103e-01,6.267607212066650391e-02,-4.637512862682342529e-01,2.749909460544586182e-01,4.483076333999633789e-01,-2.918360568583011627e-02,-2.787976153194904327e-02,3.935715258121490479e-01,1.135016754269599915e-01,2.428275495767593384e-01,-3.926778212189674377e-03,-2.274547070264816284e-01,3.964236974716186523e-01,2.184254974126815796e-01,5.159136056900024414e-01,6.106362342834472656e-01,-2.311792923137545586e-03,1.769125312566757202e-01,-2.728576660156250000e-01,-2.474844753742218018e-01,-3.927788510918617249e-02,3.716533482074737549e-01,2.045696675777435303e-01,3.415827453136444092e-02,4.853864386677742004e-02,5.413379073143005371e-01,-5.257267355918884277e-01,-3.963065743446350098e-01,4.946939051151275635e-01,-1.438158303499221802e-01,7.615961879491806030e-02,-4.601259827613830566e-01,1.988717764616012573e-01,3.144046366214752197e-01,-3.736955299973487854e-02,-5.355293750762939453e-01,2.097909003496170044e-01,3.935546875000000000e-01,-5.915389060974121094e-01,-3.032724559307098389e-01,4.896091520786285400e-01,8.580920845270156860e-02,4.274606108665466309e-01,1.035418957471847534e-01,6.723939627408981323e-02,-3.434819579124450684e-01,-5.074662566184997559e-01,-1.788056939840316772e-01,-2.758318372070789337e-02,7.152064889669418335e-02,-5.344857275485992432e-02,-2.062473744153976440e-01,1.433135718107223511e-01,-4.800402373075485229e-02,-1.567048430442810059e-01,-6.476762294769287109e-01,1.962642967700958252e-01,3.747389465570449829e-02,-2.195605635643005371e-01,-2.543580234050750732e-01,5.109214037656784058e-02,-5.151105672121047974e-02,1.170604862272739410e-02,1.546163707971572876e-01,3.254374116659164429e-02,-1.180078834295272827e-01,1.311680525541305542e-01,5.723901391029357910e-01,-4.703948497772216797e-01,2.867512702941894531e-01,-4.691924750804901123e-01,-7.887230068445205688e-02,-3.790961951017379761e-02,4.780431985855102539e-01,-8.529701083898544312e-02,-4.708875417709350586e-01,-8.691739290952682495e-03,5.985937714576721191e-01,-3.640707954764366150e-02,-4.556390047073364258e-01,4.641847610473632812e-01,2.326983259990811348e-03,-5.220480561256408691e-01,-9.177927277050912380e-04,-5.400886535644531250e-01,-4.715173542499542236e-01,2.965900897979736328e-01,1.677845790982246399e-02,2.927986681461334229e-01,4.081299901008605957e-01,-1.855715662240982056e-01,6.205389741808176041e-03,-2.294761091470718384e-01,8.124282956123352051e-02,-4.064002037048339844e-01,-1.163761615753173828e-01,4.222907721996307373e-01,-1.732384407659992576e-04,-4.846299588680267334e-01,3.968389630317687988e-01,-2.470191270112991333e-01,3.385982215404510498e-01,-5.140265822410583496e-01,-4.012625217437744141e-01,5.044050812721252441e-01,6.935726851224899292e-02,-2.301826477050781250e-01,-4.571121633052825928e-01,-2.575264275074005127e-01,-1.802117004990577698e-02,2.411960363388061523e-01,-1.666666269302368164e-01,-4.506162106990814209e-01,-1.686758697032928467e-01,6.307615637779235840e-01,-4.458634555339813232e-01,4.452112317085266113e-01,1.410488635301589966e-01,-5.723046660423278809e-01,1.592624634504318237e-01,2.663025856018066406e-01,3.713267445564270020e-01,4.821822345256805420e-01,-2.296108007431030273e-01,-3.469651341438293457e-01,-1.878898292779922485e-01,6.957563571631908417e-03,2.019882351160049438e-01
-1.490174978971481323e-01,8.497670292854309082e-03,-1.253173649311065674e-01,1.854734420776367188e-01,-2.918360568583011627e-02,1.954488307237625122e-01,-3.022864460945129395e-02,-4.737656936049461365e-02,-7.585649192333221436e-02,1.225066557526588440e-02,4.310549423098564148e-02,-4.543654993176460266e-02,4.038354754447937012e-02,1.493556797504425049e-01,1.057165786623954773e-01,4.025989398360252380e-02,1.426152186468243599e-03,2.900962717831134796e-02,-9.139005094766616821e-02,-8.805718272924423218e-02,3.478708211332559586e-03,1.478788107633590698e-01,1.437034010887145996e-01,-2.988658659160137177e-02,6.455516908317804337e-03,-2.585681527853012085e-02,-1.165348142385482788e-01,8.643274754285812378e-02,1.092653200030326843e-01,4.560801759362220764e-02,4.752673953771591187e-02,-1.161415725946426392e-01,6.040953099727630615e-02,1.359426081180572510e-01,-4.275323823094367981e-03,-9.522561728954315186e-02,3.530813008546829224e-02,5.150254443287849426e-02,3.180307894945144653e-02,-6.218807771801948547e-02,-3.255300968885421753e-02,-2.990721492096781731e-03,1.196792423725128174e-01,2.125797234475612640e-02,9.698674827814102173e-02,-9.372882544994354248e-02,-9.692213684320449829e-02,-1.724241860210895538e-02,-7.137808203697204590e-02,-5.558742210268974304e-02,6.341678649187088013e-02,-7.392712682485580444e-02,-3.002595528960227966e-02,-2.985791862010955811e-02,2.902955189347267151e-02,-9.657721966505050659e-02,5.494081228971481323e-02,7.953903637826442719e-03,-1.608857139945030212e-02,-6.566870212554931641e-02,1.207365654408931732e-02,3.781518340110778809e-02,4.653101786971092224e-03,-1.443982720375061035e-01,-1.364869065582752228e-02,-1.606276258826255798e-02,9.741006791591644287e-02,3.022068925201892853e-02,-3.945788741111755371e-02,-6.173873320221900940e-02,-1.752308011054992676e-02,-1.100293099880218506e-01,-4.910092055797576904e-02,9.443913400173187256e-02,8.288355916738510132e-02,-3.503341227769851685e-02,6.070020608603954315e-04,9.979213774204254150e-02,-4.594548791646957397e-02,-8.959473669528961182e-02,1.148092672228813171e-01,6.496479036286473274e-04,-2.779115363955497742e-02,-5.222298204898834229e-05,3.242738917469978333e-02,-7.225976139307022095e-02,-7.524789869785308838e-02,1.661267830058932304e-03,1.717249862849712372e-02,5.499320477247238159e-02,3.350639343261718750e-02,-6.291711330413818359e-02,-1.202272847294807434e-01,1.209179610013961792e-01,-4.720471799373626709e-02,6.660455465316772461e-02,2.776179090142250061e-02,-9.988456440623849630e-06,-4.803065210580825806e-02,-7.522039860486984253e-02,-2.067355252802371979e-02,-1.359264105558395386e-01,-1.249709501862525940e-01,-4.973110556602478027e-02,7.873708009719848633e-02,7.480912655591964722e-02,-1.281702518463134766e-01,-1.003316789865493774e-01,1.446969956159591675e-01,-5.210402421653270721e-03,1.470414996147155762e-01,-1.652340292930603027e-01,-1.278869509696960449e-01,9.321165829896926880e-02,7.721653580665588379e-02,-3.069376572966575623e-02,-3.393945842981338501e-02,6.367564201354980469e-02,-3.975540027022361755e-02,5.889384075999259949e-02,6.943427026271820068e-02,5.676526576280593872e-02,5.775569379329681396e-02,-7.552345097064971924e-02,-1.403885483741760254e-01,-5.915116146206855774e-02,1.204148400574922562e-02,4.632709175348281860e-02
1.501215845346450806e-01,-1.590835675597190857e-02,5.282173678278923035e-02,-5.189929157495498657e-02,-2.787976153194904327e-02,-3.022864460945129395e-02,1.261181980371475220e-01,8.516422659158706665e-02,-2.785120159387588501e-02,5.866189021617174149e-03,-9.791612625122070312e-02,3.452648967504501343e-02,-1.286360174417495728e-01,-4.720006138086318970e-02,-7.095853239297866821e-02,-1.071336865425109863e-01,-1.387400203384459019e-03,-5.732035264372825623e-02,2.815285883843898773e-02,2.393021993339061737e-02,-3.878623247146606445e-02,-1.118743196129798889e-01,-4.393651708960533142e-02,3.726299479603767395e-02,-5.239931400865316391e-03,-1.129614412784576416e-01,1.495140492916107178e-01,4.038856923580169678e-02,-4.980494454503059387e-02,-6.746128946542739868e-02,-3.754026442766189575e-02,1.142045184969902039e-01,-9.939762763679027557e-03,-9.049030952155590057e-03,1.861400902271270752e-03,1.360537856817245483e-01,-4.674982652068138123e-02,-4.714183881878852844e-02,2.188155055046081543e-02,-8.504723757505416870e-02,-2.475010976195335388e-02,2.589405886828899384e-02,-1.455474644899368286e-01,-6.235690321773290634e-03,-8.490539342164993286e-02,1.098696216940879822e-01,3.338704258203506470e-02,-1.477243728004395962e-03,5.210196226835250854e-02,-4.140420630574226379e-02,-4.082112014293670654e-02,-9.575257077813148499e-03,6.985326111316680908e-02,9.985484182834625244e-03,-2.669994253665208817e-03,7.516449689865112305e-02,-2.159350924193859100e-02,-5.277556367218494415e-03,3.317367658019065857e-02,3.951941058039665222e-02,-4.777454957365989685e-02,-5.875326227396726608e-03,-2.008998766541481018e-03,1.236658170819282532e-01,-1.301949564367532730e-02,2.614165283739566803e-02,-1.558398753404617310e-01,-6.923960149288177490e-02,5.326444283127784729e-02,5.123000591993331909e-04,-2.193256653845310211e-02,2.993284165859222412e-02,4.192763566970825195e-02,-5.698075890541076660e-02,-3.723274171352386475e-02,1.018062327057123184e-02,1.974168233573436737e-03,-6.604316830635070801e-02,-5.713316053152084351e-02,9.315750002861022949e-02,-3.312326595187187195e-02,-4.267027252353727818e-04,4.895925521850585938e-03,-2.371321897953748703e-03,1.595287770032882690e-02,1.112262904644012451e-01,1.305629163980484009e-01,-3.573167603462934494e-03,-1.288612633943557739e-01,-4.011747613549232483e-02,-5.025685206055641174e-02,4.531889408826828003e-02,1.031465455889701843e-01,-1.188671216368675232e-01,2.349866181612014771e-02,-8.349186927080154419e-02,8.597186766564846039e-03,-1.000046813715016469e-05,9.296685457229614258e-02,3.728991746902465820e-02,-3.756307065486907959e-02,7.141784578561782837e-02,1.123521029949188232e-01,5.399756878614425659e-02,-5.214651674032211304e-02,1.665922403335571289e-01,5.263335257768630981e-02,1.655456721782684326e-01,-9.247616678476333618e-02,7.116456516087055206e-03,-1.308166086673736572e-01,-9.286067215725779533e-04,1.220725998282432556e-01,6.144034117460250854e-02,-5.827030912041664124e-02,1.534891221672296524e-02,-2.272857166826725006e-02,-1.676437258720397949e-02,-1.582008041441440582e-02,-4.035980254411697388e-02,-8.413892239332199097e-02,-1.337762363255023956e-02,-3.775548934936523438e-02,1.320798546075820923e-01,7.808510214090347290e-02,2.185290120542049408e-02,-5.499117542058229446e-03,1.747412234544754028e-02
3.668473660945892334e-01,2.928766421973705292e-02,-2.856206595897674561e-01,1.200292408466339111e-01,3.935715258121490479e-01,-4.737656936049461365e-02,8.516422659158706665e-02,5.872746109962463379e-01,3.845436498522758484e-02,1.835961490869522095e-01,-5.265176668763160706e-02,-1.795836985111236572e-01,1.606112420558929443e-01,1.694514453411102295e-01,3.931823372840881348e-01,4.414283335208892822e-01,-3.668392309918999672e-03,2.846496924757957458e-02,-8.127985149621963501e-02,-1.688479781150817871e-01,5.435397475957870483e-02,2.258234918117523193e-01,8.025013655424118042e-02,3.752700239419937134e-02,3.152849897742271423e-02,3.261135518550872803e-01,-2.768523991107940674e-01,-3.901093602180480957e-01,3.904632329940795898e-01,-2.351840287446975708e-01,-8.441755548119544983e-03,-2.165698558092117310e-01,4.422112368047237396e-03,3.089300096035003662e-01,-4.424445331096649170e-02,-3.406444191932678223e-01,1.143981516361236572e-01,2.704780101776123047e-01,-5.737484693527221680e-01,-4.178666770458221436e-01,3.564374148845672607e-01,9.519483894109725952e-02,1.733639687299728394e-01,8.729065209627151489e-02,1.076400354504585266e-01,-1.915174424648284912e-01,-3.666749000549316406e-01,-1.748223006725311279e-01,1.010663434863090515e-02,-7.969034463167190552e-02,-1.204720661044120789e-01,-2.811064720153808594e-01,2.145998924970626831e-01,-9.755746275186538696e-02,-2.187198400497436523e-01,-4.965338706970214844e-01,1.802481859922409058e-01,2.902033552527427673e-02,-3.104960359632968903e-02,-1.546334326267242432e-01,6.780901923775672913e-03,-1.043281406164169312e-01,6.441046949476003647e-03,1.745817363262176514e-01,7.302814628928899765e-03,-5.582592636346817017e-02,-1.170124113559722900e-01,4.282628297805786133e-01,-3.547599911689758301e-01,3.068050742149353027e-01,-4.428820610046386719e-01,-1.469073295593261719e-01,5.628756061196327209e-02,3.478648364543914795e-01,-7.132606953382492065e-02,-3.600362837314605713e-01,-5.360783077776432037e-03,4.217780232429504395e-01,-4.900075867772102356e-02,-2.748185694217681885e-01,3.047050535678863525e-01,1.669599907472729683e-03,-4.576743543148040771e-01,-4.317702725529670715e-03,-4.591510891914367676e-01,-2.625342011451721191e-01,4.159593880176544189e-01,1.182484440505504608e-02,7.891478389501571655e-02,3.207459151744842529e-01,-2.237580716609954834e-01,1.647975146770477295e-01,2.245010435581207275e-02,-1.146552190184593201e-01,-2.588127851486206055e-01,-2.606869935989379883e-01,3.947440981864929199e-01,-1.626942830625921488e-04,-3.812202215194702148e-01,3.736208975315093994e-01,-3.245536386966705322e-01,4.436980187892913818e-01,-2.724179923534393311e-01,-2.850734591484069824e-01,2.652122080326080322e-01,2.282835692167282104e-01,2.497421205043792725e-02,-1.967790871858596802e-01,-3.409946858882904053e-01,1.194618060253560543e-03,4.992109537124633789e-02,-5.073794722557067871e-02,-2.327695786952972412e-01,-9.316185116767883301e-02,4.801801145076751709e-01,-3.072392344474792480e-01,4.795335233211517334e-01,9.160194545984268188e-02,-5.148637294769287109e-01,5.588613823056221008e-02,8.867530524730682373e-02,2.708855569362640381e-01,3.271167576313018799e-01,3.303098306059837341e-02,-2.624993026256561279e-01,-8.654408901929855347e-02,2.709434134885668755e-03,1.512706577777862549e-01
5.931909009814262390e-02,2.919410914182662964e-02,-2.076515853404998779e-01,1.473255306482315063e-01,1.135016754269599915e-01,-7.585649192333221436e-02,-2.785120159387588501e-02,3.845436498522758484e-02,2.094601988792419434e-01,1.517327278852462769e-01,-5.716366693377494812e-02,-1.034682765603065491e-01,1.679776310920715332e-01,1.423569768667221069e-01,2.048184126615524292e-01,2.391416728496551514e-01,1.796017982997000217e-03,6.410174816846847534e-02,-2.172121703624725342e-01,-1.106312721967697144e-01,-2.729940414428710938e-01,1.733831316232681274e-01,9.146855771541595459e-02,-1.292627770453691483e-02,3.535720705986022949e-02,2.734012305736541748e-01,-1.951781809329986572e-01,-5.840503424406051636e-02,1.126014590263366699e-01,4.625549167394638062e-02,-8.350126445293426514e-03,-3.129019737243652344e-01,2.378766089677810669e-01,9.163416177034378052e-02,-2.963500097393989563e-03,-2.308755666017532349e-01,1.081710830330848694e-01,1.914508491754531860e-01,-1.226236745715141296e-01,-1.360533237457275391e-01,2.940894663333892822e-01,5.734427273273468018e-02,1.222347468137741089e-01,3.434983640909194946e-02,-1.458921581506729126e-01,-7.580832391977310181e-02,-2.240512222051620483e-01,-7.446836680173873901e-02,5.097563564777374268e-02,1.457491796463727951e-02,-6.423139572143554688e-02,8.648069202899932861e-02,1.475052237510681152e-01,-4.236626625061035156e-02,5.076611042022705078e-02,-2.266746014356613159e-01,8.470592647790908813e-02,1.443634741008281708e-02,-1.153969839215278625e-01,-1.320743113756179810e-01,-4.954542219638824463e-02,6.551229953765869141e-02,8.215812966227531433e-03,1.877625137567520142e-01,6.269596517086029053e-02,-6.848146021366119385e-02,2.489300211891531944e-03,1.967481225728988647e-01,-2.603128552436828613e-01,3.616088535636663437e-03,-1.808116286993026733e-01,1.810937672853469849e-01,-1.360251307487487793e-01,2.521355450153350830e-01,-9.796239435672760010e-02,-1.994433999061584473e-01,-2.899104030802845955e-03,2.537057995796203613e-01,-1.210004687309265137e-01,-2.554872632026672363e-01,2.872965037822723389e-01,1.070027239620685577e-03,-1.674183309078216553e-01,3.622982883825898170e-03,-2.338344752788543701e-01,-1.589112728834152222e-01,5.876457318663597107e-02,5.324131343513727188e-03,2.043549716472625732e-01,1.918612569570541382e-01,-4.922949150204658508e-02,-1.065856963396072388e-01,-2.075636833906173706e-01,9.355363249778747559e-02,-2.722136974334716797e-01,-1.277615781873464584e-02,7.030159980058670044e-02,-7.696621469222009182e-05,-1.583855748176574707e-01,2.244547158479690552e-01,-6.840307265520095825e-02,1.426737010478973389e-01,-3.031586408615112305e-01,-1.842437833547592163e-01,3.062686026096343994e-01,2.770599164068698883e-02,-2.600735425949096680e-01,-1.857727169990539551e-01,-9.740059822797775269e-02,-2.007345668971538544e-02,2.522021532058715820e-01,-1.610900461673736572e-01,-2.303030788898468018e-01,-5.632051266729831696e-03,1.801964044570922852e-01,-2.724881470203399658e-01,8.083660155534744263e-02,4.953228309750556946e-02,-2.454020828008651733e-01,1.240429431200027466e-01,6.272156536579132080e-02,2.527772784233093262e-01,2.409318983554840088e-01,-1.203180178999900818e-01,-1.306278556585311890e-01,-1.783554553985595703e-01,2.237896621227264404e-02,1.011479794979095459e-01
5.173717066645622253e-02,4.766216501593589783e-02,-4.093540608882904053e-01,3.093138635158538818e-01,2.428275495767593384e-01,1.225066557526588440e-02,5.866189021617174149e-03,1.835961490869522095e-01,1.517327278852462769e-01,2.335999906063079834e-01,-6.249864399433135986e-02,-1.811862736940383911e-01,2.881739437580108643e-01,2.427497953176498413e-01,3.898636698722839355e-01,4.169790446758270264e-01,1.040942079271189868e-04,1.267200708389282227e-01,-3.426390290260314941e-01,-2.255406975746154785e-01,-2.324494719505310059e-01,3.119393289089202881e-01,2.289416342973709106e-01,-1.073430175893008709e-03,4.930410161614418030e-02,3.937712311744689941e-01,-3.782280683517456055e-01,-1.403288245201110840e-01,3.532242476940155029e-01,-3.129002079367637634e-02,4.914331808686256409e-02,-4.505487084388732910e-01,3.094283342361450195e-01,2.753913402557373047e-01,-1.859466172754764557e-02,-3.986496925354003906e-01,1.774382144212722778e-01,3.300212025642395020e-01,-3.215714693069458008e-01,-2.601469457149505615e-01,4.055517315864562988e-01,8.178128302097320557e-02,2.898718416690826416e-01,7.926285266876220703e-02,-7.705685496330261230e-02,-2.321201115846633911e-01,-4.314229786396026611e-01,-1.306028366088867188e-01,1.573490723967552185e-02,-9.269342757761478424e-03,-4.350287094712257385e-02,-5.167233943939208984e-02,1.627754122018814087e-01,-4.993162676692008972e-02,-1.457221899181604385e-02,-4.660265445709228516e-01,1.624781936407089233e-01,2.953857928514480591e-02,-1.932062059640884399e-01,-2.286120951175689697e-01,-2.225326560437679291e-02,4.712131246924400330e-02,1.212761178612709045e-02,1.967296153306961060e-01,4.687521979212760925e-02,-1.048734858632087708e-01,5.726312473416328430e-02,3.767712712287902832e-01,-4.027372598648071289e-01,8.244979381561279297e-02,-3.597141206264495850e-01,4.788059741258621216e-02,-1.290159076452255249e-01,4.219987392425537109e-01,-8.062401413917541504e-02,-3.621141016483306885e-01,-5.203444510698318481e-03,4.856568872928619385e-01,-1.423730850219726562e-01,-4.019362330436706543e-01,4.692142009735107422e-01,1.970954239368438721e-03,-3.625245690345764160e-01,1.516515854746103287e-03,-3.719770312309265137e-01,-3.278703093528747559e-01,1.902996748685836792e-01,1.097747497260570526e-02,2.488860636949539185e-01,3.350999653339385986e-01,-1.128561124205589294e-01,-1.004804819822311401e-01,-2.924571633338928223e-01,1.166383549571037292e-01,-4.069282412528991699e-01,-3.939594700932502747e-02,2.453939765691757202e-01,-1.423896173946559429e-04,-3.051376342773437500e-01,3.199453353881835938e-01,-1.792227774858474731e-01,2.090965658426284790e-01,-4.728347063064575195e-01,-3.208415508270263672e-01,4.971488118171691895e-01,1.388299912214279175e-01,-3.578168749809265137e-01,-3.355835080146789551e-01,-1.399276554584503174e-01,-2.398814260959625244e-02,3.020130693912506104e-01,-2.927727699279785156e-01,-3.886574208736419678e-01,6.577270687557756901e-04,4.284084737300872803e-01,-4.202247858047485352e-01,2.026672363281250000e-01,1.383396089076995850e-01,-4.535389542579650879e-01,1.769357621669769287e-01,1.782552003860473633e-01,3.732017874717712402e-01,4.035513103008270264e-01,-1.891963332891464233e-01,-2.825584411621093750e-01,-2.431029826402664185e-01,2.506387606263160706e-02,2.036799788475036621e-01
-1.402220129966735840e-01,2.946508815512061119e-03,3.662350028753280640e-02,-7.588751614093780518e-02,-3.926778212189674377e-03,4.310549423098564148e-02,-9.791612625122070312e-02,-5.265176668763160706e-02,-5.716366693377494812e-02,-6.249864399433135986e-02,1.531432271003723145e-01,6.090405397117137909e-03,8.482209593057632446e-02,-2.950172685086727142e-02,-1.596464961767196655e-02,4.193790256977081299e-02,-1.251398352906107903e-03,-1.369844563305377960e-02,9.556616097688674927e-02,1.073846966028213501e-02,1.970998644828796387e-01,2.950827404856681824e-02,-3.310112282633781433e-03,-5.409093946218490601e-02,-9.568259119987487793e-03,3.896786272525787354e-02,-9.165889769792556763e-02,-7.643677294254302979e-02,5.141094699501991272e-02,-1.246309932321310043e-02,4.977041855454444885e-02,2.444473840296268463e-02,-1.422429978847503662e-01,1.380635704845190048e-02,-7.029967848211526871e-03,-6.340014189481735229e-02,4.385803360491991043e-03,-2.398732863366603851e-02,-3.605333343148231506e-02,1.624385416507720947e-01,-1.066947877407073975e-01,-6.302116066217422485e-02,9.504895657300949097e-02,-3.978651948273181915e-03,1.775196194648742676e-01,-1.443309187889099121e-01,7.168590277433395386e-02,4.815541580319404602e-02,-6.440412998199462891e-02,-4.099776595830917358e-02,6.485974788665771484e-02,-4.773787409067153931e-02,-1.465788036584854126e-01,1.102077029645442963e-02,-7.302826642990112305e-02,-7.144960109144449234e-03,-2.015205658972263336e-02,1.006575301289558411e-03,4.515155777335166931e-02,3.701173886656761169e-02,8.733866363763809204e-02,-4.596858844161033630e-02,-3.629002487286925316e-03,-1.879413276910781860e-01,-2.559500373899936676e-02,4.931392613798379898e-03,1.212038397789001465e-01,6.951707415282726288e-03,2.017838694155216217e-02,3.163286298513412476e-02,7.561247050762176514e-02,-2.021341472864151001e-01,3.966927155852317810e-02,-5.122775211930274963e-02,9.774407744407653809e-02,8.156429976224899292e-02,-1.936181681230664253e-03,-1.044884510338306427e-02,1.835826337337493896e-01,3.660613438114523888e-03,-1.108886227011680603e-01,4.042216096422635019e-05,3.581842035055160522e-02,2.858810876205097884e-05,8.149412274360656738e-02,-5.257063731551170349e-02,-7.352501153945922852e-02,2.549865748733282089e-03,6.500158458948135376e-02,-2.211186289787292480e-02,7.434540987014770508e-02,5.790927633643150330e-02,2.685458213090896606e-02,3.523919731378555298e-02,1.057555228471755981e-01,5.781174078583717346e-02,-3.627928346395492554e-02,3.398611806915141642e-05,-6.561522185802459717e-02,-1.185503676533699036e-01,1.655513793230056763e-02,-4.573044553399085999e-02,3.436516970396041870e-02,1.134160440415143967e-02,-7.227559387683868408e-02,-2.233594059944152832e-01,1.388223022222518921e-01,-8.606319874525070190e-02,1.012186035513877869e-01,2.010876778513193130e-03,-1.362811401486396790e-02,9.299026429653167725e-02,-3.664464456960558891e-03,-5.692293122410774231e-02,-6.274413317441940308e-03,8.655881881713867188e-02,4.680899530649185181e-02,2.847576746717095375e-03,1.028369590640068054e-01,-3.637711331248283386e-02,4.022910818457603455e-02,-9.941946715116500854e-02,-6.868716329336166382e-02,-4.936145618557929993e-02,-4.965817183256149292e-02,6.041285768151283264e-02,7.792304735630750656e-03,-5.821049585938453674e-02
-1.982653886079788208e-02,-4.283936694264411926e-02,3.537723124027252197e-01,-2.770976424217224121e-01,-2.274547070264816284e-01,-4.543654993176460266e-02,3.452648967504501343e-02,-1.795836985111236572e-01,-1.034682765603065491e-01,-1.811862736940383911e-01,6.090405397117137909e-03,1.707415878772735596e-01,-2.610531449317932129e-01,-2.397990524768829346e-01,-3.680185973644256592e-01,-3.923873305320739746e-01,-6.667487323284149170e-04,-1.126595661044120789e-01,2.588496506214141846e-01,1.987388432025909424e-01,1.326834708452224731e-01,-3.115199208259582520e-01,-2.027267366647720337e-01,1.349848695099353790e-02,-4.038178175687789917e-02,-3.418050706386566162e-01,3.648489117622375488e-01,1.540070921182632446e-01,-3.251856565475463867e-01,1.755450852215290070e-02,-4.822615534067153931e-02,3.932428359985351562e-01,-2.151698768138885498e-01,-2.543983459472656250e-01,2.111074328422546387e-02,3.847580850124359131e-01,-1.561602056026458740e-01,-2.840032279491424561e-01,3.040177524089813232e-01,2.312830984592437744e-01,-3.262536823749542236e-01,-6.110289692878723145e-02,-2.885915637016296387e-01,-7.179123908281326294e-02,-1.869851909577846527e-02,2.303933203220367432e-01,3.721328377723693848e-01,1.197634413838386536e-01,2.188259549438953400e-02,1.311047654598951340e-02,2.637363225221633911e-02,9.057758003473281860e-02,-1.181566864252090454e-01,6.173694878816604614e-02,3.674480319023132324e-02,4.325359761714935303e-01,-1.568025946617126465e-01,-2.730953507125377655e-02,1.399345844984054565e-01,2.015878856182098389e-01,-2.162675606086850166e-03,-2.336503379046916962e-02,-1.085479650646448135e-02,-7.914761453866958618e-02,-3.657708689570426941e-02,8.912798017263412476e-02,-8.907678723335266113e-02,-3.465175926685333252e-01,3.468706309795379639e-01,-9.151089191436767578e-02,2.997465729713439941e-01,1.545803993940353394e-02,1.024502590298652649e-01,-3.731949627399444580e-01,3.625640273094177246e-02,3.050494194030761719e-01,4.687129054218530655e-03,-4.257841408252716064e-01,9.694846719503402710e-02,3.597750067710876465e-01,-3.909885585308074951e-01,-1.843556645326316357e-03,3.146508932113647461e-01,-1.179337268695235252e-03,3.224612474441528320e-01,3.065985739231109619e-01,-1.201381385326385498e-01,-1.055719424039125443e-02,-2.207915484905242920e-01,-2.949478328227996826e-01,8.531257510185241699e-02,6.902699172496795654e-02,2.458308488130569458e-01,-1.271691471338272095e-01,3.239514827728271484e-01,2.940206788480281830e-02,-2.211849689483642578e-01,1.171158146462403238e-04,3.043538630008697510e-01,-2.416287660598754883e-01,1.598607152700424194e-01,-1.525658667087554932e-01,4.207727611064910889e-01,2.821213901042938232e-01,-3.948590457439422607e-01,-8.547312766313552856e-02,2.707778811454772949e-01,3.260374665260314941e-01,8.440192043781280518e-02,1.881268061697483063e-02,-2.887719571590423584e-01,2.266089469194412231e-01,3.598674833774566650e-01,1.749570667743682861e-02,-3.916040658950805664e-01,3.312833905220031738e-01,-2.175860106945037842e-01,-1.181163340806961060e-01,3.825305700302124023e-01,-1.515121161937713623e-01,-1.704372912645339966e-01,-3.052671253681182861e-01,-3.429905474185943604e-01,1.777489632368087769e-01,2.835342884063720703e-01,1.901082247495651245e-01,-2.107668668031692505e-02,-1.555977016687393188e-01
