3.964511454105377197e-01,-3.417558036744594574e-03,1.233708709478378296e-01,-1.863038092851638794e-01,2.697535455226898193e-01,-2.747234702110290527e-01,2.269173040986061096e-02,4.181403219699859619e-01,2.293187193572521210e-02,-4.600547254085540771e-02,-1.894622445106506348e-01,-5.510662868618965149e-02,-1.282369941473007202e-01,-7.311549782752990723e-02,-9.034701436758041382e-02,1.223453059792518616e-01,3.525943960994482040e-03,-3.594553098082542419e-02,1.268800646066665649e-01,3.543147817254066467e-02,-1.653406582772731781e-02,-2.068416476249694824e-01,-1.796325296163558960e-01,9.357782453298568726e-02,4.606784321367740631e-03,1.099773123860359192e-01,8.589018136262893677e-02,-3.438160121440887451e-01,-1.895152032375335693e-02,-8.582197874784469604e-02,-2.084400653839111328e-01,6.746640801429748535e-02,-1.078311055898666382e-01,-3.180700168013572693e-02,-8.630787022411823273e-03,4.036007076501846313e-02,1.889421790838241577e-02,-2.044398337602615356e-02,-2.108016610145568848e-01,-2.366738021373748779e-01,1.432529091835021973e-01,7.556577026844024658e-02,-1.368494331836700439e-01,-1.709752343595027924e-02,-2.048077806830406189e-02,2.279724031686782837e-01,5.372398719191551208e-02,-4.711906611919403076e-02,1.128466501832008362e-01,2.154391631484031677e-02,-1.523122936487197876e-01,-1.662642955780029297e-01,1.830840110778808594e-01,-6.572712957859039307e-02,-1.462860312312841415e-02,-4.676362499594688416e-02,8.854633569717407227e-02,3.930258026230148971e-05,1.072936505079269409e-01,1.813349574804306030e-01,-7.748217880725860596e-02,9.757342748343944550e-03,-5.694098304957151413e-03,1.774858683347702026e-01,1.044379323720932007e-01,1.088958512991666794e-02,-3.322728574275970459e-01,9.203472733497619629e-02,5.551650188863277435e-03,2.816639840602874756e-01,-1.662339568138122559e-01,2.129444479942321777e-01,6.111186370253562927e-02,-1.049840599298477173e-01,-2.298417985439300537e-01,-1.378647536039352417e-01,7.319964352063834667e-04,-7.212027907371520996e-02,-1.367592532187700272e-02,5.555255338549613953e-02,-3.698323154821991920e-03,-1.396536245010793209e-04,-6.713643670082092285e-02,2.558832056820392609e-04,-2.657154798507690430e-01,2.095226794481277466e-01,2.429037541151046753e-01,1.799649675376713276e-03,-1.571252644062042236e-01,6.762998551130294800e-02,-1.569567620754241943e-01,2.952655851840972900e-01,1.165079772472381592e-01,-1.413330733776092529e-01,-1.109544746577739716e-02,-3.306474685668945312e-01,5.721078440546989441e-02,-1.846724080678541213e-05,-5.402545258402824402e-02,1.378962844610214233e-01,-2.258557677268981934e-01,2.914052009582519531e-01,7.519234716892242432e-02,-4.676119983196258545e-02,-1.316464841365814209e-01,9.865360707044601440e-02,2.011914402246475220e-01,1.203598603606224060e-01,-3.883435428142547607e-01,1.535745430737733841e-02,-1.557152867317199707e-01,2.289910167455673218e-01,4.990856721997261047e-02,-1.303068846464157104e-01,2.651835978031158447e-02,2.716962248086929321e-03,2.179764062166213989e-01,-8.688180893659591675e-02,-1.182871013879776001e-01,-1.176723614335060120e-01,-1.874743252992630005e-01,1.930966228246688843e-02,-2.028865180909633636e-02,2.658883929252624512e-01,3.532728180289268494e-02,1.954081058502197266e-01,1.449357625097036362e-02,1.198637038469314575e-01
-3.417558036744594574e-03,7.924406789243221283e-03,-7.660660892724990845e-02,5.648715421557426453e-02,4.382581636309623718e-02,1.993331592530012131e-03,-6.585897644981741905e-04,1.651697978377342224e-02,5.660149082541465759e-02,5.377269536256790161e-02,-7.949127815663814545e-03,-4.125695675611495972e-02,5.725568905472755432e-02,5.584382265806198120e-02,7.256189733743667603e-02,8.097885549068450928e-02,-1.112897065468132496e-03,5.951628461480140686e-02,-7.101657986640930176e-02,-5.464558303356170654e-02,-4.929785057902336121e-02,5.544217675924301147e-02,4.804876446723937988e-02,-1.382140163332223892e-02,1.094825752079486847e-02,6.896071881055831909e-02,-7.159157097339630127e-02,-1.946718990802764893e-02,6.659773737192153931e-02,-3.913170192390680313e-03,-2.994643058627843857e-03,-8.742987364530563354e-02,4.969709739089012146e-02,5.354340374469757080e-02,-2.091482514515519142e-03,-8.005089312791824341e-02,5.305704474449157715e-02,7.010887563228607178e-02,-5.488489195704460144e-02,-4.796644672751426697e-02,6.876120716333389282e-02,1.205310039222240448e-02,6.770560145378112793e-02,2.232596091926097870e-02,-1.274978183209896088e-02,-6.656681001186370850e-02,-7.357890158891677856e-02,-1.662848331034183502e-02,1.066881883889436722e-02,-6.180263590067625046e-03,-1.943761133588850498e-03,-4.540887195616960526e-03,4.488296806812286377e-02,-2.351249335333704948e-03,-5.916343536227941513e-03,-8.302506059408187866e-02,3.370530158281326294e-02,3.338952781632542610e-03,-5.142889916896820068e-02,-5.894605442881584167e-02,-8.393365889787673950e-03,8.007952943444252014e-03,1.642715535126626492e-03,1.425599865615367889e-02,1.113698631525039673e-02,-2.339158579707145691e-02,2.043330296874046326e-02,7.454427331686019897e-02,-7.458285242319107056e-02,3.975659143179655075e-03,-6.154577434062957764e-02,-7.721507921814918518e-03,-3.062009252607822418e-02,7.337883114814758301e-02,-1.498023234307765961e-02,-6.791500002145767212e-02,-3.280143428128212690e-04,8.012447506189346313e-02,-1.003838796168565750e-02,-7.392219454050064087e-02,7.677102088928222656e-02,9.422121365787461400e-05,-6.769856810569763184e-02,-1.646274031372740865e-04,-6.799816340208053589e-02,-7.163066416978836060e-02,2.516713924705982208e-02,9.628903353586792946e-04,5.875227972865104675e-02,6.024456024169921875e-02,-1.572823338210582733e-02,-2.502999082207679749e-02,-5.945368483662605286e-02,2.478101104497909546e-02,-7.041890174150466919e-02,5.163935013115406036e-03,3.460315242409706116e-02,-1.339756522611423861e-06,-6.249153986573219299e-02,6.517571955919265747e-02,-3.206657245755195618e-02,3.265225514769554138e-02,-8.108071237802505493e-02,-6.930787861347198486e-02,8.756767958402633667e-02,7.336209528148174286e-03,-6.761554628610610962e-02,-7.359481602907180786e-02,-1.752540585584938526e-03,-2.461082069203257561e-03,5.755099281668663025e-02,-5.898594483733177185e-02,-7.116499543190002441e-02,3.267100080847740173e-02,7.470542192459106445e-02,-7.138001173734664917e-02,4.087497293949127197e-02,1.952593959867954254e-02,-7.299351692199707031e-02,4.488355666399002075e-02,6.078227981925010681e-02,6.367088109254837036e-02,6.535522639751434326e-02,-3.397696465253829956e-02,-4.847898706793785095e-02,-5.427784100174903870e-02,-3.199450671672821045e-03,4.401764273643493652e-02
1.233708709478378296e-01,-7.660660892724990845e-02,7.832629084587097168e-01,-6.508545875549316406e-01,-4.075395762920379639e-01,-1.188305392861366272e-01,-1.234851684421300888e-02,-1.349449157714843750e-01,-5.381269454956054688e-01,-5.805357098579406738e-01,6.979993730783462524e-02,4.565528333187103271e-01,-5.639876723289489746e-01,-6.351581215858459473e-01,-7.551208734512329102e-01,-7.320339083671569824e-01,1.142725348472595215e-02,-6.193895339965820312e-01,7.241905331611633301e-01,6.184572577476501465e-01,4.645216763019561768e-01,-6.436699032783508301e-01,-5.700507760047912598e-01,1.676782965660095215e-01,-1.184599995613098145e-01,-6.244530081748962402e-01,7.243574261665344238e-01,1.108134463429450989e-01,-6.972907185554504395e-01,1.364256534725427628e-02,1.550605054944753647e-02,8.222360014915466309e-01,-5.069287419319152832e-01,-6.441711187362670898e-01,2.525786682963371277e-02,7.602905035018920898e-01,-5.631617307662963867e-01,-7.228141427040100098e-01,4.983969628810882568e-01,4.939200282096862793e-01,-6.419582366943359375e-01,-1.178292110562324524e-01,-7.075532078742980957e-01,-2.538452446460723877e-01,8.363999426364898682e-02,7.035235166549682617e-01,7.651030421257019043e-01,1.736315488815307617e-01,-8.880923688411712646e-02,1.722818762063980103e-01,1.413981057703495026e-02,8.087573200464248657e-02,-4.436418414115905762e-01,2.166526764631271362e-02,6.864959001541137695e-02,7.934316992759704590e-01,-4.029215276241302490e-01,-3.822108358144760132e-02,5.205137133598327637e-01,6.467859148979187012e-01,7.645488530397415161e-02,-8.509749174118041992e-02,-1.783801242709159851e-02,-7.690992206335067749e-02,-8.274342119693756104e-02,2.519297301769256592e-01,-2.051729559898376465e-01,-7.028064131736755371e-01,7.417463064193725586e-01,2.887045405805110931e-02,6.202057600021362305e-01,1.527149975299835205e-01,3.399767577648162842e-01,-7.626817226409912109e-01,5.713388696312904358e-02,6.473390460014343262e-01,3.310664556920528412e-03,-8.046281933784484863e-01,1.150206252932548523e-01,7.468980550765991211e-01,-7.646523714065551758e-01,-1.103847520425915718e-03,6.919501423835754395e-01,2.535231644287705421e-03,6.106789708137512207e-01,7.479779124259948730e-01,-2.363029718399047852e-01,-1.023866888135671616e-02,-5.906081199645996094e-01,-6.447311639785766602e-01,1.489760130643844604e-01,2.596289515495300293e-01,6.249306201934814453e-01,-2.775337100028991699e-01,7.071601748466491699e-01,-1.077898889780044556e-01,-3.609235584735870361e-01,1.304535453527932987e-05,6.306726336479187012e-01,-6.194794774055480957e-01,3.809421956539154053e-01,-2.734450995922088623e-01,7.928702235221862793e-01,7.008328437805175781e-01,-8.346316814422607422e-01,-1.495344191789627075e-01,6.581374406814575195e-01,7.357161641120910645e-01,-6.565922498703002930e-02,2.632824890315532684e-02,-6.037715077400207520e-01,6.673792004585266113e-01,7.354559898376464844e-01,-4.534757733345031738e-01,-7.528075575828552246e-01,7.152597904205322266e-01,-3.762607276439666748e-01,-2.510309219360351562e-01,7.170328497886657715e-01,-5.077367424964904785e-01,-6.527965664863586426e-01,-6.495499014854431152e-01,-6.757200360298156738e-01,3.636427223682403564e-01,5.946168899536132812e-01,6.097387671470642090e-01,2.642869204282760620e-02,-4.592210948467254639e-01
-1.863038092851638794e-01,5.648715421557426453e-02,-6.508545875549316406e-01,6.946330666542053223e-01,1.797487884759902954e-01,1.902198344469070435e-01,2.253624238073825836e-02,-7.818746566772460938e-02,4.599029719829559326e-01,4.677620530128479004e-01,-1.641095727682113647e-01,-3.386203944683074951e-01,3.135260641574859619e-01,5.560141205787658691e-01,6.250438094139099121e-01,4.652677476406097412e-01,-5.561143159866333008e-03,4.920982122421264648e-01,-6.959243416786193848e-01,-5.160499811172485352e-01,-5.129438638687133789e-01,5.965732932090759277e-01,4.920842945575714111e-01,-9.179478138685226440e-02,9.746166318655014038e-02,3.439533412456512451e-01,-5.058848857879638672e-01,1.751934587955474854e-01,4.495858252048492432e-01,1.652278304100036621e-01,-3.473509568721055984e-04,-6.996970176696777344e-01,5.839734077453613281e-01,5.277162194252014160e-01,-4.888645373284816742e-03,-5.166574120521545410e-01,3.841245770454406738e-01,5.627400279045104980e-01,-1.675020903348922729e-01,-4.560028910636901855e-01,5.352013707160949707e-01,1.667910367250442505e-01,5.442186594009399414e-01,1.897215098142623901e-01,-2.089814394712448120e-01,-4.928273558616638184e-01,-6.752991080284118652e-01,-1.563477814197540283e-01,9.736352413892745972e-02,-1.066228225827217102e-01,2.255456493003293872e-04,1.161627918481826782e-01,4.493350386619567871e-01,-3.109397180378437042e-02,1.005430221557617188e-01,-5.782235860824584961e-01,3.848297894001007080e-01,2.746773697435855865e-02,-4.283787608146667480e-01,-6.845759749412536621e-01,-1.283262372016906738e-01,1.377029418945312500e-01,2.027248591184616089e-02,1.851011067628860474e-02,1.072221323847770691e-01,-1.997543573379516602e-01,1.148045063018798828e-01,4.531674683094024658e-01,-5.713853240013122559e-01,-2.660731673240661621e-01,-4.129815101623535156e-01,7.640076428651809692e-02,-3.960451185703277588e-01,6.488911509513854980e-01,-8.614119142293930054e-02,-4.757381677627563477e-01,-8.681067847646772861e-04,6.145759224891662598e-01,-2.989960014820098877e-01,-5.968626141548156738e-01,7.036764025688171387e-01,8.890226017683744431e-04,-4.795343577861785889e-01,1.920317998155951500e-03,-4.372247457504272461e-01,-6.153224110603332520e-01,-3.486018255352973938e-02,4.478236660361289978e-03,4.048551917076110840e-01,4.791722297668457031e-01,-1.569367647171020508e-01,-4.128134250640869141e-01,-6.083713769912719727e-01,3.228251934051513672e-01,-6.353992223739624023e-01,2.222049087285995483e-01,2.094419449567794800e-01,-6.051197942724684253e-06,-3.848481178283691406e-01,4.171055257320404053e-01,-1.996633857488632202e-01,-2.610112167894840240e-02,-7.234265804290771484e-01,-5.018240213394165039e-01,7.225559353828430176e-01,3.537519276142120361e-01,-7.426208853721618652e-01,-5.498791933059692383e-01,2.441028952598571777e-01,-3.153984993696212769e-02,6.161739826202392578e-01,-6.687753796577453613e-01,-6.597126126289367676e-01,5.338573455810546875e-01,5.752477049827575684e-01,-5.685246586799621582e-01,7.716725021600723267e-02,1.997112035751342773e-01,-5.333282351493835449e-01,5.333706140518188477e-01,5.252434611320495605e-01,6.049548983573913574e-01,5.910156369209289551e-01,-3.554363548755645752e-01,-5.146290063858032227e-01,-5.787218213081359863e-01,-2.760119177401065826e-02,3.055431246757507324e-01
2.697535455226898193e-01,4.382581636309623718e-02,-4.075395762920379639e-01,1.797487884759902954e-01,5.681759119033813477e-01,-1.866903454065322876e-01,2.384606376290321350e-02,5.548877716064453125e-01,2.889358699321746826e-01,2.989236116409301758e-01,-1.283021122217178345e-01,-3.370667397975921631e-01,3.410153388977050781e-01,2.850486636161804199e-01,4.075318574905395508e-01,6.837804913520812988e-01,-6.142344791442155838e-03,3.637329041957855225e-01,-3.082448542118072510e-01,-3.124773204326629639e-01,-1.696093380451202393e-01,1.879487037658691406e-01,1.804295033216476440e-01,-5.325656756758689880e-02,7.084289193153381348e-02,5.885449051856994629e-01,-4.427909255027770996e-01,-5.030621886253356934e-01,5.484701991081237793e-01,-1.824199259281158447e-01,-1.853347718715667725e-01,-4.748508036136627197e-01,1.092966869473457336e-01,3.731254935264587402e-01,-3.284446150064468384e-02,-5.380966663360595703e-01,3.938403427600860596e-01,4.608222246170043945e-01,-6.817720532417297363e-01,-4.550761580467224121e-01,5.123266577720642090e-01,7.920455932617187500e-02,3.585116863250732422e-01,1.488013118505477905e-01,4.450886324048042297e-02,-3.401857316493988037e-01,-4.366686642169952393e-01,-1.355135738849639893e-01,1.113876029849052429e-01,-1.067098304629325867e-01,-1.348562389612197876e-01,-3.198898434638977051e-01,3.431852161884307861e-01,-5.722138658165931702e-02,-1.650476455688476562e-01,-6.327125430107116699e-01,2.798764109611511230e-01,2.576122060418128967e-02,-2.153411060571670532e-01,-1.749279648065567017e-01,-5.381545051932334900e-02,-4.928412847220897675e-03,1.703205518424510956e-03,1.921186000108718872e-01,9.839870780706405640e-02,-1.427606344223022461e-01,-1.018940433859825134e-01,6.117367148399353027e-01,-4.824247062206268311e-01,3.634008467197418213e-01,-5.985631942749023438e-01,-7.705219089984893799e-02,-5.486594140529632568e-02,4.026743471622467041e-01,-1.758072972297668457e-01,-5.523509979248046875e-01,-2.509462879970669746e-03,5.249221920967102051e-01,4.347277805209159851e-02,-4.434686899185180664e-01,4.599866569042205811e-01,5.540135898627340794e-04,-5.544660091400146484e-01,-3.972765989601612091e-03,-6.530886292457580566e-01,-3.296200335025787354e-01,4.766680300235748291e-01,1.013959757983684540e-02,2.600500583648681641e-01,4.847061932086944580e-01,-1.983177363872528076e-01,2.155275642871856689e-01,-2.213345617055892944e-01,-2.401156909763813019e-02,-4.257826507091522217e-01,-2.825178205966949463e-01,3.339064717292785645e-01,-2.581492481112945825e-05,-5.138153433799743652e-01,5.610744357109069824e-01,-4.815495014190673828e-01,5.558542013168334961e-01,-4.281762838363647461e-01,-5.332674384117126465e-01,4.432486295700073242e-01,3.892835229635238647e-02,-1.435472220182418823e-01,-4.268958866596221924e-01,-3.879073560237884521e-01,5.488047376275062561e-03,1.472745388746261597e-01,-1.580500304698944092e-01,-4.074598848819732666e-01,6.191233545541763306e-02,5.697503685951232910e-01,-4.515742361545562744e-01,5.447255373001098633e-01,9.960234165191650391e-02,-6.054200530052185059e-01,1.270314604043960571e-01,2.697633802890777588e-01,3.607071340084075928e-01,3.610849976539611816e-01,3.514043986797332764e-02,-3.092479705810546875e-01,-1.490853130817413330e-01,-3.968972247093915939e-03,4.111776947975158691e-01
-2.747234702110290527e-01,1.993331592530012131e-03,-1.188305392861366272e-01,1.902198344469070435e-01,-1.866903454065322876e-01,2.400435954332351685e-01,1.241165120154619217e-02,-2.826915085315704346e-01,-3.791084885597229004e-02,5.042342841625213623e-02,8.318216353654861450e-02,3.015514649450778961e-02,5.967457219958305359e-02,8.025769889354705811e-02,8.946835994720458984e-02,-9.923177957534790039e-02,-2.502110088244080544e-03,2.874475717544555664e-02,-1.322455108165740967e-01,-6.674519926309585571e-02,-1.319520920515060425e-02,1.673247069120407104e-01,1.581927388906478882e-01,-5.423131585121154785e-02,1.740329753374680877e-04,-1.132081076502799988e-01,-6.640823930501937866e-02,2.733686864376068115e-01,3.236831724643707275e-02,6.090556457638740540e-02,1.398291587829589844e-01,-6.416536122560501099e-02,1.231421455740928650e-01,7.963092625141143799e-02,7.215237244963645935e-03,-1.370006985962390900e-02,-1.177557930350303650e-02,3.080518543720245361e-02,1.724325269460678101e-01,9.706352651119232178e-02,-8.609367907047271729e-02,-2.458225749433040619e-02,1.104787215590476990e-01,2.193400636315345764e-02,-8.294945582747459412e-03,-1.574941873550415039e-01,-8.081925660371780396e-02,2.314782142639160156e-02,-7.259645313024520874e-02,-2.566124871373176575e-02,1.099983677268028259e-01,1.045225709676742554e-01,-8.383870124816894531e-02,4.024641215801239014e-02,2.986493892967700958e-02,8.247148245573043823e-03,-2.958151698112487793e-02,7.397051667794585228e-04,-8.772015571594238281e-02,-1.630415767431259155e-01,3.557519614696502686e-02,1.065810024738311768e-02,5.489725619554519653e-03,-1.240296661853790283e-01,-6.852798908948898315e-02,-1.102287508547306061e-02,1.946044266223907471e-01,-6.074037775397300720e-02,-1.177069544792175293e-02,-2.232239246368408203e-01,9.096165746450424194e-02,-1.343884617090225220e-01,-5.936194956302642822e-02,8.742076903581619263e-02,1.462186872959136963e-01,6.404754519462585449e-02,-5.983540904708206654e-05,7.407724857330322266e-02,-3.860174492001533508e-02,-4.401517286896705627e-02,4.986052587628364563e-02,1.251193170901387930e-04,2.673203684389591217e-02,-2.330047282157465816e-04,1.685049831867218018e-01,-1.503301858901977539e-01,-1.606881916522979736e-01,-1.716917031444609165e-03,8.212032914161682129e-02,-2.944698370993137360e-02,7.840892672538757324e-02,-2.236777096986770630e-01,-1.102909892797470093e-01,1.139241158962249756e-01,-2.034385502338409424e-02,2.311858981847763062e-01,-1.387514267116785049e-02,8.983439329313114285e-06,4.520302265882492065e-02,-9.934683889150619507e-02,1.287759989500045776e-01,-2.297274023294448853e-01,-7.318317890167236328e-02,2.226047776639461517e-02,1.205813959240913391e-01,3.329936787486076355e-02,-1.901680529117584229e-01,-7.666629552841186523e-02,2.972080409526824951e-01,-1.099581178277730942e-02,1.214727014303207397e-01,-2.192230969667434692e-01,-6.311316043138504028e-02,1.515943109989166260e-01,1.589711755514144897e-02,-2.314389869570732117e-02,-1.824385523796081543e-01,7.792090624570846558e-02,4.991547763347625732e-02,1.112534254789352417e-01,1.399030387401580811e-01,2.333416230976581573e-02,4.092239588499069214e-02,-1.802851259708404541e-01,-6.508836150169372559e-02,-1.592473536729812622e-01,-1.334433816373348236e-02,-4.879507794976234436e-02
2.269173040986061096e-02,-6.585897644981741905e-04,-1.234851684421300888e-02,2.253624238073825836e-02,2.384606376290321350e-02,1.241165120154619217e-02,3.242845088243484497e-02,4.046893119812011719e-02,-3.162818774580955505e-02,1.129408553242683411e-02,-4.261628910899162292e-02,-3.781549399718642235e-03,-2.054876089096069336e-02,7.982195238582789898e-04,-8.835725020617246628e-04,-5.639887880533933640e-03,-2.369806898059323430e-04,4.344970919191837311e-03,-2.330912835896015167e-02,-1.998880319297313690e-02,-4.421152698341757059e-04,-5.993831902742385864e-03,1.142117381095886230e-02,9.013414382934570312e-03,1.408909214660525322e-03,-1.338522601872682571e-02,3.690752200782299042e-03,-9.138654917478561401e-03,1.607145369052886963e-02,-1.659195311367511749e-02,-1.290467008948326111e-02,6.414004601538181305e-03,2.198151126503944397e-02,2.770482562482357025e-02,2.146123442798852921e-04,1.596948131918907166e-02,3.788701025769114494e-03,8.948844857513904572e-03,-3.982533235102891922e-03,-5.158857628703117371e-02,1.454794220626354218e-02,1.609319634735584259e-02,3.045197576284408569e-03,4.931163508445024490e-03,-1.378793828189373016e-02,1.574440114200115204e-02,-2.096151933073997498e-02,-4.613238852471113205e-03,1.133912801742553711e-02,5.155333317816257477e-03,4.087922628968954086e-03,-2.676938846707344055e-02,3.123732469975948334e-02,-2.431235043331980705e-03,2.519318135455250740e-03,-1.622243225574493408e-02,1.744090579450130463e-02,3.112084814347326756e-04,-1.011034008115530014e-02,-1.214479561895132065e-03,-1.728357747197151184e-02,5.892136134207248688e-03,2.584668109193444252e-04,1.536311395466327667e-02,8.457816205918788910e-03,-7.204289431683719158e-04,-3.712441772222518921e-02,9.106476791203022003e-03,-1.740493753459304571e-04,1.232426986098289490e-02,-3.083479590713977814e-02,1.240050978958606720e-02,3.921037539839744568e-03,-6.891584489494562149e-03,-2.776511758565902710e-02,-3.572626411914825439e-02,3.115499857813119888e-04,6.282646674662828445e-03,-2.627797797322273254e-02,3.617986803874373436e-03,2.313938364386558533e-02,-4.536148480838164687e-06,-1.220534369349479675e-02,-3.484170592855662107e-04,-3.003729879856109619e-02,1.821059733629226685e-02,3.418567404150962830e-02,-1.512565650045871735e-04,-2.741595730185508728e-02,1.339051779359579086e-02,-2.954632788896560669e-02,8.292715065181255341e-03,-1.167563628405332565e-02,-1.912016072310507298e-03,-1.698629744350910187e-02,-2.754008583724498749e-02,2.308850921690464020e-02,-3.902197022398468107e-06,6.510540843009948730e-03,1.336577627807855606e-02,-3.386702015995979309e-02,7.361035328358411789e-03,1.926608267240226269e-03,-8.902466855943202972e-03,1.466861646622419357e-02,5.728588253259658813e-02,-1.109396014362573624e-02,1.148475147783756256e-02,-1.000475976616144180e-02,1.616986701264977455e-03,-2.514488436281681061e-02,-1.980729587376117706e-02,-3.930350765585899353e-03,2.403810061514377594e-02,2.217931859195232391e-02,-8.328657597303390503e-03,-3.480753162875771523e-03,6.382612045854330063e-03,-2.664108574390411377e-02,2.432338660582900047e-03,-3.558296710252761841e-03,1.792584173381328583e-02,6.139575969427824020e-03,2.170609310269355774e-02,-1.189397275447845459e-02,6.324872374534606934e-03,-2.960949437692761421e-03,4.024259373545646667e-02
4.181403219699859619e-01,1.651697978377342224e-02,-1.349449157714843750e-01,-7.818746566772460938e-02,5.548877716064453125e-01,-2.826915085315704346e-01,4.046893119812011719e-02,7.135016322135925293e-01,7.908518612384796143e-02,1.066311076283454895e-01,-1.262276917695999146e-01,-2.503648698329925537e-01,1.506336480379104614e-01,8.779953420162200928e-02,1.625325530767440796e-01,4.986740052700042725e-01,-1.865108846686780453e-03,1.542327553033828735e-01,-1.545012462884187698e-02,-1.283195465803146362e-01,5.612603202462196350e-02,-5.307319760322570801e-02,-3.196641802787780762e-02,-5.980595480650663376e-03,3.800741955637931824e-02,4.395088851451873779e-01,-2.193316221237182617e-01,-6.169658899307250977e-01,3.987748324871063232e-01,-2.426092475652694702e-01,-2.602811455726623535e-01,-1.757578849792480469e-01,-1.584264487028121948e-01,2.284496128559112549e-01,-3.753344714641571045e-02,-3.077358305454254150e-01,2.577007412910461426e-01,2.492870092391967773e-01,-6.490185856819152832e-01,-3.730108141899108887e-01,3.261589109897613525e-01,3.740891814231872559e-02,1.079271137714385986e-01,8.304493874311447144e-02,1.587218046188354492e-01,-1.018711254000663757e-01,-1.894532889127731323e-01,-9.510914236307144165e-02,1.021121218800544739e-01,-1.433973461389541626e-01,-1.903686374425888062e-01,-4.548443853855133057e-01,2.232495099306106567e-01,-7.857502996921539307e-02,-2.168566286563873291e-01,-4.173460900783538818e-01,2.069529891014099121e-01,1.797676272690296173e-02,1.711486093699932098e-02,1.070740595459938049e-01,-2.977370098233222961e-02,-5.338364094495773315e-02,-7.766288239508867264e-03,1.809832751750946045e-01,7.324216514825820923e-02,-6.682751327753067017e-02,-2.879174947738647461e-01,4.390175938606262207e-01,-2.636951208114624023e-01,5.171770453453063965e-01,-5.000365972518920898e-01,-8.503752201795578003e-02,1.088830530643463135e-01,1.532342880964279175e-01,-1.483018100261688232e-01,-3.877657949924468994e-01,-1.770982402376830578e-03,2.861532270908355713e-01,1.318367421627044678e-01,-2.003999501466751099e-01,2.036254107952117920e-01,2.544898597989231348e-04,-4.005956947803497314e-01,-4.987430758774280548e-03,-5.248333811759948730e-01,-5.262415483593940735e-02,5.557188391685485840e-01,9.362570941448211670e-03,2.406384795904159546e-02,3.499109745025634766e-01,-1.839561909437179565e-01,4.899232685565948486e-01,3.923188522458076477e-02,-1.861801594495773315e-01,-1.892840862274169922e-01,-4.578813910484313965e-01,2.677569091320037842e-01,-3.101498441537842155e-05,-3.819615244865417480e-01,4.170721769332885742e-01,-5.250615477561950684e-01,6.255137324333190918e-01,-1.407152414321899414e-01,-3.605497479438781738e-01,1.216375902295112610e-01,8.513643988408148289e-04,2.000986039638519287e-01,-1.767183840274810791e-01,-5.703922510147094727e-01,2.387049794197082520e-02,-1.265922188758850098e-01,1.197424829006195068e-01,-1.631086915731430054e-01,-9.679387509822845459e-02,3.698123991489410400e-01,-2.294976860284805298e-01,5.563211441040039062e-01,3.026766516268253326e-02,-4.369993209838867188e-01,-9.992565959692001343e-02,1.703703217208385468e-02,1.415321230888366699e-01,1.239104643464088440e-01,2.773318588733673096e-01,-1.660543233156204224e-01,1.130398437380790710e-01,1.951560936868190765e-02,3.415865302085876465e-01
2.293187193572521210e-02,5.660149082541465759e-02,-5.381269454956054688e-01,4.599029719829559326e-01,2.889358699321746826e-01,-3.791084885597229004e-02,-3.162818774580955505e-02,7.908518612384796143e-02,5.544007420539855957e-01,4.190540611743927002e-01,-1.513863801956176758e-01,-3.433551192283630371e-01,2.964466810226440430e-01,4.798470437526702881e-01,5.471934080123901367e-01,5.743416547775268555e-01,-4.289288073778152466e-03,4.055505096912384033e-01,-5.642089843750000000e-01,-4.466082155704498291e-01,-5.361540913581848145e-01,4.446194767951965332e-01,3.261673152446746826e-01,-7.439096271991729736e-02,9.550953656435012817e-02,4.873015880584716797e-01,-4.918314814567565918e-01,-5.393882468342781067e-02,3.925028443336486816e-01,9.019543975591659546e-02,-1.006801947951316833e-01,-7.049599885940551758e-01,4.449630379676818848e-01,4.226228296756744385e-01,-9.198782034218311310e-03,-5.562589168548583984e-01,3.838835060596466064e-01,5.219070911407470703e-01,-2.887813150882720947e-01,-4.547045826911926270e-01,5.879845023155212402e-01,1.562126427888870239e-01,4.323449730873107910e-01,1.560833901166915894e-01,-1.974494010210037231e-01,-3.998118638992309570e-01,-5.613980889320373535e-01,-1.401566863059997559e-01,1.683626323938369751e-01,-9.856625646352767944e-02,-8.246742933988571167e-02,7.708633691072463989e-02,4.780332744121551514e-01,-6.335699558258056641e-02,7.600343227386474609e-02,-5.786224603652954102e-01,3.467998802661895752e-01,2.426295913755893707e-02,-3.433805704116821289e-01,-5.027712583541870117e-01,-1.486737430095672607e-01,1.502748280763626099e-01,1.519716903567314148e-02,1.381557285785675049e-01,1.580714285373687744e-01,-1.836478263139724731e-01,4.448536783456802368e-03,4.993005990982055664e-01,-5.805932879447937012e-01,-7.596896588802337646e-02,-4.374634623527526855e-01,1.569312959909439087e-01,-3.581644892692565918e-01,5.776836872100830078e-01,-1.848777979612350464e-01,-4.896750152111053467e-01,-1.271078246645629406e-03,5.524131059646606445e-01,-1.893564909696578979e-01,-5.831413865089416504e-01,6.394026279449462891e-01,7.442487985827028751e-04,-4.727396667003631592e-01,2.470088889822363853e-03,-5.321148633956909180e-01,-4.993776977062225342e-01,8.133322745561599731e-02,5.729145836085081100e-03,4.223186969757080078e-01,4.737761616706848145e-01,-1.567421853542327881e-01,-2.388396561145782471e-01,-4.984347224235534668e-01,2.504878342151641846e-01,-5.881389379501342773e-01,5.767858773469924927e-02,1.479463577270507812e-01,-7.808521331753581762e-06,-4.358880221843719482e-01,4.710501134395599365e-01,-2.541351914405822754e-01,1.862753927707672119e-01,-6.702010631561279297e-01,-5.076197981834411621e-01,6.501916050910949707e-01,1.739891022443771362e-01,-5.935988426208496094e-01,-4.948397874832153320e-01,7.248502690345048904e-03,-2.663614787161350250e-02,5.712938904762268066e-01,-4.697670936584472656e-01,-5.764417648315429688e-01,3.747089505195617676e-01,4.969209432601928711e-01,-5.525349378585815430e-01,2.349357753992080688e-01,1.029149293899536133e-01,-5.332407951354980469e-01,4.122022390365600586e-01,3.748880922794342041e-01,5.631721615791320801e-01,5.353732109069824219e-01,-2.145564407110214233e-01,-4.338701367378234863e-01,-4.535810947418212891e-01,-3.985537216067314148e-03,3.108420372009277344e-01
-4.600547254085540771e-02,5.377269536256790161e-02,-5.805357098579406738e-01,4.677620530128479004e-01,2.989236116409301758e-01,5.042342841625213623e-02,1.129408553242683411e-02,1.066311076283454895e-01,4.190540611743927002e-01,4.229127168655395508e-01,-9.084230661392211914e-02,-3.235324919223785400e-01,3.739524781703948975e-01,4.562317430973052979e-01,5.549406409263610840e-01,5.852146744728088379e-01,-7.805231027305126190e-03,4.138922989368438721e-01,-5.700927376747131348e-01,-4.511065185070037842e-01,-4.021467268466949463e-01,4.435966610908508301e-01,3.820025324821472168e-01,-1.103173121809959412e-01,8.751285076141357422e-02,4.874175190925598145e-01,-5.411195755004882812e-01,-8.435406535863876343e-02,5.030634999275207520e-01,-1.040997263044118881e-02,-4.385530576109886169e-02,-6.766671538352966309e-01,3.987297117710113525e-01,4.691125750541687012e-01,-1.422514766454696655e-02,-5.856778025627136230e-01,3.943673372268676758e-01,5.351997613906860352e-01,-3.644959628582000732e-01,-4.047130346298217773e-01,5.176766514778137207e-01,1.056275889277458191e-01,4.890139102935791016e-01,1.713319420814514160e-01,-1.086466535925865173e-01,-4.964823722839355469e-01,-5.768499970436096191e-01,-1.167592704296112061e-01,1.085130050778388977e-01,-1.140212491154670715e-01,-1.980789937078952789e-02,-2.980201691389083862e-02,3.803392052650451660e-01,-3.135253116488456726e-02,-1.265889033675193787e-02,-6.281220912933349609e-01,2.956591844558715820e-01,2.551384456455707550e-02,-3.685481548309326172e-01,-4.663653075695037842e-01,-9.448193013668060303e-02,9.700666368007659912e-02,1.321160607039928436e-02,1.024626493453979492e-01,9.099962562322616577e-02,-1.776164025068283081e-01,9.123898297548294067e-02,5.320023298263549805e-01,-5.700826048851013184e-01,-2.219884656369686127e-02,-4.698591828346252441e-01,-3.775802254676818848e-02,-2.713201045989990234e-01,5.692586898803710938e-01,-1.050548478960990906e-01,-5.065012574195861816e-01,-1.880055409856140614e-03,6.109974980354309082e-01,-1.103061139583587646e-01,-5.738309025764465332e-01,6.213430166244506836e-01,7.452887366525828838e-04,-5.024455785751342773e-01,-7.085841498337686062e-04,-5.001835823059082031e-01,-5.278959274291992188e-01,1.694447547197341919e-01,6.594867445528507233e-03,4.321401417255401611e-01,4.710433781147003174e-01,-1.238147020339965820e-01,-1.999811828136444092e-01,-4.712815284729003906e-01,2.186429500579833984e-01,-5.530773997306823730e-01,5.618962645530700684e-02,2.203977853059768677e-01,-1.092183083528652787e-05,-4.489741623401641846e-01,4.663289189338684082e-01,-2.806335985660552979e-01,2.131200879812240601e-01,-6.300603747367858887e-01,-5.235421061515808105e-01,6.844153404235839844e-01,1.197112873196601868e-01,-5.478573441505432129e-01,-5.343446731567382812e-01,3.491538390517234802e-02,-2.068343944847583771e-02,4.724901318550109863e-01,-4.988636970520019531e-01,-5.502766370773315430e-01,3.495541512966156006e-01,5.528092384338378906e-01,-5.451273322105407715e-01,2.584987282752990723e-01,1.533987671136856079e-01,-5.542886853218078613e-01,3.653810322284698486e-01,4.284788370132446289e-01,5.069457888603210449e-01,4.979534745216369629e-01,-2.275672703981399536e-01,-4.262636303901672363e-01,-4.349821209907531738e-01,-1.393661554902791977e-02,3.514424562454223633e-01
-1.894622445106506348e-01,-7.949127815663814545e-03,6.979993730783462524e-02,-1.641095727682113647e-01,-1.283021122217178345e-01,8.318216353654861450e-02,-4.261628910899162292e-02,-1.262276917695999146e-01,-1.513863801956176758e-01,-9.084230661392211914e-02,3.053626716136932373e-01,9.255469590425491333e-02,1.596716940402984619e-01,-1.008298769593238831e-01,-7.199551165103912354e-02,-5.520894750952720642e-02,-3.742203349247574806e-03,-7.292883843183517456e-02,1.870466917753219604e-01,1.241120100021362305e-01,2.841179370880126953e-01,-4.241154715418815613e-02,-1.136623416095972061e-02,-8.867217600345611572e-02,-3.039771877229213715e-02,-1.204906031489372253e-02,-2.316559292376041412e-02,-1.404047943651676178e-02,3.892660140991210938e-02,-1.051090657711029053e-01,1.628153920173645020e-01,1.349416971206665039e-01,-2.391966581344604492e-01,-1.012409850955009460e-01,-8.625145070254802704e-03,-2.684664167463779449e-02,-4.855240881443023682e-02,-9.535922110080718994e-02,-5.838219448924064636e-02,3.485926389694213867e-01,-2.650265693664550781e-01,-1.700781285762786865e-01,1.156802941113710403e-02,-1.685120537877082825e-02,2.271413356065750122e-01,-1.582784652709960938e-01,1.617379039525985718e-01,8.117706328630447388e-02,-1.548739969730377197e-01,-4.488424956798553467e-02,9.615542739629745483e-02,-7.054769992828369141e-02,-3.508796989917755127e-01,7.658234238624572754e-02,-1.631954461336135864e-01,8.947605639696121216e-02,-2.055718600749969482e-01,-2.861978253349661827e-03,4.972449317574501038e-02,1.504870653152465820e-01,1.699485033750534058e-01,-1.206798553466796875e-01,-6.184068508446216583e-03,-1.376946568489074707e-01,-1.553826034069061279e-01,3.710686787962913513e-02,2.780531942844390869e-01,-6.361819058656692505e-02,9.178045392036437988e-02,4.802177473902702332e-02,1.467236876487731934e-01,-3.946677148342132568e-01,1.610948294401168823e-01,-7.543592900037765503e-02,2.762362062931060791e-01,1.980004161596298218e-01,-2.151634078472852707e-03,-2.707209810614585876e-02,2.743412256240844727e-01,8.894596993923187256e-02,-2.451834827661514282e-01,-7.745269249426200986e-05,7.004659622907638550e-02,-4.407437983900308609e-03,2.614631950855255127e-01,-4.260110110044479370e-02,4.066513385623693466e-03,1.207721768878400326e-03,7.759919017553329468e-02,-1.226238161325454712e-01,2.035560309886932373e-01,7.401876151561737061e-02,1.644858568906784058e-01,-7.373905926942825317e-02,2.185098677873611450e-01,9.028614312410354614e-02,-2.191565930843353271e-02,1.274696569453226402e-05,6.986348889768123627e-03,-1.380776315927505493e-01,1.230144500732421875e-01,2.178512513637542725e-03,1.725838482379913330e-01,8.989451825618743896e-02,-1.201514452695846558e-01,-3.658965229988098145e-01,2.390609681606292725e-01,-2.076176181435585022e-02,6.976450979709625244e-02,6.107941269874572754e-03,-1.328997015953063965e-01,1.090424507856369019e-01,1.661412715911865234e-01,-1.803629100322723389e-01,-1.000717058777809143e-01,1.325301676988601685e-01,3.678327426314353943e-02,2.585483156144618988e-02,1.647842973470687866e-01,-1.480939239263534546e-01,3.899510577321052551e-02,-2.399973422288894653e-01,-1.572759449481964111e-01,-6.672375649213790894e-02,1.175902783870697021e-01,6.914561241865158081e-02,2.120230579748749733e-03,-1.428021341562271118e-01
-5.510662868618965149e-02,-4.125695675611495972e-02,4.565528333187103271e-01,-3.386203944683074951e-01,-3.370667397975921631e-01,3.015514649450778961e-02,-3.781549399718642235e-03,-2.503648698329925537e-01,-3.433551192283630371e-01,-3.235324919223785400e-01,9.255469590425491333e-02,3.130492866039276123e-01,-2.850721180438995361e-01,-3.782687187194824219e-01,-4.635971188545227051e-01,-5.680120587348937988e-01,4.414803348481655121e-03,-3.295140862464904785e-01,4.122476875782012939e-01,3.586978614330291748e-01,2.881154119968414307e-01,-3.346795141696929932e-01,-2.662716805934906006e-01,7.906317710876464844e-02,-7.448969781398773193e-02,-4.562937617301940918e-01,4.446013867855072021e-01,1.864867955446243286e-01,-4.703616499900817871e-01,2.032002247869968414e-02,1.088455095887184143e-01,5.574693083763122559e-01,-2.388005852699279785e-01,-4.130144715309143066e-01,2.099312469363212585e-02,5.119734406471252441e-01,-3.438830971717834473e-01,-4.559719860553741455e-01,4.342786669731140137e-01,3.961828649044036865e-01,-4.629379510879516602e-01,-8.972004801034927368e-02,-3.712359070777893066e-01,-1.450757235288619995e-01,2.860488556325435638e-02,3.888439536094665527e-01,4.805658459663391113e-01,1.142610013484954834e-01,-1.018236503005027771e-01,1.619791090488433838e-01,8.804681152105331421e-02,1.227118372917175293e-01,-3.393523097038269043e-01,5.079324543476104736e-02,5.212122574448585510e-02,5.729275345802307129e-01,-2.933095097541809082e-01,-2.397454343736171722e-02,2.286552190780639648e-01,3.375224471092224121e-01,7.705754786729812622e-02,-6.280898302793502808e-02,-7.830026559531688690e-03,-8.633671700954437256e-02,-8.517231792211532593e-02,1.468134671449661255e-01,2.981845661997795105e-02,-4.923101365566253662e-01,4.910573363304138184e-01,-7.939989119768142700e-02,4.634389877319335938e-01,3.744167461991310120e-02,1.908172816038131714e-01,-4.823393225669860840e-01,7.847795635461807251e-02,4.401630163192749023e-01,1.712856465019285679e-03,-5.326197743415832520e-01,5.885412171483039856e-02,4.833659827709197998e-01,-5.193591117858886719e-01,-6.516308640129864216e-04,4.744892418384552002e-01,1.211466966196894646e-03,4.940423667430877686e-01,4.193549752235412598e-01,-2.216003090143203735e-01,-7.160651963204145432e-03,-3.049354255199432373e-01,-4.420562684535980225e-01,1.282202154397964478e-01,1.651706546545028687e-02,3.302900493144989014e-01,-1.179659441113471985e-01,4.552592933177947998e-01,5.590027198195457458e-02,-1.964679509401321411e-01,1.369191068079089746e-05,4.300570487976074219e-01,-4.315142035484313965e-01,3.400420248508453369e-01,-2.974345684051513672e-01,5.260726213455200195e-01,4.751534461975097656e-01,-5.209218263626098633e-01,-1.148687899112701416e-01,3.469670712947845459e-01,4.311333894729614258e-01,1.055696308612823486e-01,1.021804288029670715e-02,-3.474619686603546143e-01,3.366989791393280029e-01,4.642229676246643066e-01,-2.649972438812255859e-01,-5.025733709335327148e-01,4.543694555759429932e-01,-3.238632678985595703e-01,-1.190025731921195984e-01,5.151566863059997559e-01,-2.549326419830322266e-01,-3.080786764621734619e-01,-4.139710962772369385e-01,-4.024546444416046143e-01,9.115760028362274170e-02,3.845124542713165283e-01,3.006496429443359375e-01,-3.278474789112806320e-03,-3.078308403491973877e-01
