9.999980926513671875e-01,-9.999981522560119629e-01,-9.999850392341613770e-01,9.999980926513671875e-01,9.999988675117492676e-01,-9.999984502792358398e-01,9.999875426292419434e-01,9.999989271163940430e-01,-9.999966025352478027e-01,9.999961853027343750e-01,-9.999958872795104980e-01,-9.999988079071044922e-01,9.999979138374328613e-01,9.999974370002746582e-01,9.999442696571350098e-01,9.999977350234985352e-01,9.999977350234985352e-01,-9.999982714653015137e-01,9.999665617942810059e-01,-9.999990463256835938e-01,-9.999988079071044922e-01,9.999848008155822754e-01,9.999973773956298828e-01,9.999983906745910645e-01,9.999862909317016602e-01,9.999989271163940430e-01,-9.999983310699462891e-01,-9.999989271163940430e-01,9.999723434448242188e-01,-9.999957084655761719e-01,-9.999969601631164551e-01,-9.999984502792358398e-01,9.999958276748657227e-01,9.999977946281433105e-01,-9.999967217445373535e-01,-9.999935030937194824e-01,9.999989271163940430e-01,9.999986886978149414e-01,9.999929070472717285e-01,-9.999987483024597168e-01,9.999983310699462891e-01,-9.999971389770507812e-01,9.999338984489440918e-01,9.999985098838806152e-01,9.999963641166687012e-01,9.999974966049194336e-01,9.999951124191284180e-01,9.999973773956298828e-01,9.999987483024597168e-01,-9.999984502792358398e-01,-9.999986290931701660e-01,-9.999969601631164551e-01,-9.999985098838806152e-01,-9.999896287918090820e-01,-9.999954700469970703e-01,-9.999976158142089844e-01,-9.999977946281433105e-01,9.999791979789733887e-01,9.999974966049194336e-01,9.999976754188537598e-01,-9.999948740005493164e-01,9.999988675117492676e-01,9.999982118606567383e-01,9.999950528144836426e-01,-9.999952316284179688e-01,-9.999986290931701660e-01,-9.999989271163940430e-01,-9.999929070472717285e-01,-9.999980926513671875e-01,9.999987483024597168e-01,-9.999986290931701660e-01,9.999974966049194336e-01,9.999964237213134766e-01,-9.999871850013732910e-01,9.998600482940673828e-01,-9.999977946281433105e-01,9.999857544898986816e-01,9.999983310699462891e-01,-9.999892115592956543e-01,-9.999973177909851074e-01,-9.995251893997192383e-01,9.999974966049194336e-01,-9.999986886978149414e-01,9.999569654464721680e-01,-9.999983310699462891e-01,-9.999820590019226074e-01,9.999932646751403809e-01,9.999986290931701660e-01,-9.999804496765136719e-01,9.999978542327880859e-01,-9.999982714653015137e-01,9.999981522560119629e-01,-9.999704360961914062e-01,-9.999982118606567383e-01,9.999985694885253906e-01,-9.999974370002746582e-01,-9.999639391899108887e-01,9.999988079071044922e-01,-9.999986886978149414e-01,9.999907612800598145e-01,-9.999973773956298828e-01,9.999986290931701660e-01,-9.999859333038330078e-01,-9.999784231185913086e-01,9.999983906745910645e-01,9.999953508377075195e-01,9.999843239784240723e-01,-9.999973773956298828e-01,-9.999942779541015625e-01,9.999983906745910645e-01,-9.999972581863403320e-01,9.999985694885253906e-01,-9.999979138374328613e-01,-9.999908804893493652e-01,9.999988675117492676e-01,-9.999983310699462891e-01,9.999983906745910645e-01,-9.999985694885253906e-01,-9.999892115592956543e-01,-9.999979138374328613e-01,-9.999988079071044922e-01,9.999957084655761719e-01,9.999985694885253906e-01,-9.999973177909851074e-01,9.999752044677734375e-01,-9.999947547912597656e-01,-9.998856186866760254e-01,-9.999977350234985352e-01
-9.999981522560119629e-01,9.999979734420776367e-01,9.999848008155822754e-01,-9.999980926513671875e-01,-9.999988079071044922e-01,9.999985098838806152e-01,-9.999873638153076172e-01,-9.999989867210388184e-01,9.999965429306030273e-01,-9.999961256980895996e-01,9.999957680702209473e-01,9.999987483024597168e-01,-9.999979734420776367e-01,-9.999974370002746582e-01,-9.999431967735290527e-01,-9.999977350234985352e-01,-9.999976158142089844e-01,9.999982118606567383e-01,-9.999659061431884766e-01,9.999990463256835938e-01,9.999988079071044922e-01,-9.999844431877136230e-01,-9.999973773956298828e-01,-9.999983906745910645e-01,-9.999861121177673340e-01,-9.999989271163940430e-01,9.999983310699462891e-01,9.999988675117492676e-01,-9.999717473983764648e-01,9.999956488609313965e-01,9.999969005584716797e-01,9.999985098838806152e-01,-9.999958276748657227e-01,-9.999977946281433105e-01,9.999966621398925781e-01,9.999935030937194824e-01,-9.999988675117492676e-01,-9.999986290931701660e-01,-9.999927878379821777e-01,9.999987483024597168e-01,-9.999983310699462891e-01,9.999971389770507812e-01,-9.999325871467590332e-01,-9.999984502792358398e-01,-9.999963641166687012e-01,-9.999974966049194336e-01,-9.999949932098388672e-01,-9.999973177909851074e-01,-9.999986290931701660e-01,9.999984502792358398e-01,9.999985098838806152e-01,9.999969005584716797e-01,9.999983906745910645e-01,9.999894499778747559e-01,9.999954700469970703e-01,9.999976158142089844e-01,9.999977350234985352e-01,-9.999788403511047363e-01,-9.999974370002746582e-01,-9.999976754188537598e-01,9.999947547912597656e-01,-9.999988675117492676e-01,-9.999981522560119629e-01,-9.999949932098388672e-01,9.999951720237731934e-01,9.999986886978149414e-01,9.999988675117492676e-01,9.999927282333374023e-01,9.999981522560119629e-01,-9.999987483024597168e-01,9.999985098838806152e-01,-9.999974966049194336e-01,-9.999963045120239258e-01,9.999868273735046387e-01,-9.998571276664733887e-01,9.999977946281433105e-01,-9.999855756759643555e-01,-9.999982714653015137e-01,9.999889731407165527e-01,9.999972581863403320e-01,9.995153546333312988e-01,-9.999975562095642090e-01,9.999986886978149414e-01,-9.999560713768005371e-01,9.999982714653015137e-01,9.999817013740539551e-01,-9.999930262565612793e-01,-9.999985694885253906e-01,9.999800920486450195e-01,-9.999977946281433105e-01,9.999982118606567383e-01,-9.999982118606567383e-01,9.999697804450988770e-01,9.999982714653015137e-01,-9.999984502792358398e-01,9.999973773956298828e-01,9.999631643295288086e-01,-9.999988079071044922e-01,9.999986886978149414e-01,-9.999906420707702637e-01,9.999973177909851074e-01,-9.999985694885253906e-01,9.999856352806091309e-01,9.999780058860778809e-01,-9.999983310699462891e-01,-9.999951720237731934e-01,-9.999839067459106445e-01,9.999971985816955566e-01,9.999942779541015625e-01,-9.999983310699462891e-01,9.999973177909851074e-01,-9.999984502792358398e-01,9.999978542327880859e-01,9.999907612800598145e-01,-9.999989271163940430e-01,9.999983310699462891e-01,-9.999983310699462891e-01,9.999986290931701660e-01,9.999890327453613281e-01,9.999978542327880859e-01,9.999988079071044922e-01,-9.999956488609313965e-01,-9.999985694885253906e-01,9.999972581863403320e-01,-9.999746084213256836e-01,9.999946355819702148e-01,9.998833537101745605e-01,9.999976754188537598e-01
-9.999850392341613770e-01,9.999848008155822754e-01,9.998817443847656250e-01,-9.999853968620300293e-01,-9.999907612800598145e-01,9.999880194664001465e-01,-9.999022483825683594e-01,-9.999916553497314453e-01,9.999737739562988281e-01,-9.999704957008361816e-01,9.999678134918212891e-01,9.999907016754150391e-01,-9.999846816062927246e-01,-9.999806284904479980e-01,-9.995608329772949219e-01,-9.999826550483703613e-01,-9.999818205833435059e-01,9.999857544898986816e-01,-9.997365474700927734e-01,9.999920725822448730e-01,9.999909400939941406e-01,-9.998800158500671387e-01,-9.999800324440002441e-01,-9.999875426292419434e-01,-9.998921155929565430e-01,-9.999918937683105469e-01,9.999872446060180664e-01,9.999909996986389160e-01,-9.997816681861877441e-01,9.999661445617675781e-01,9.999755620956420898e-01,9.999888539314270020e-01,-9.999675750732421875e-01,-9.999827742576599121e-01,9.999745488166809082e-01,9.999495148658752441e-01,-9.999914765357971191e-01,-9.999892115592956543e-01,-9.999442696571350098e-01,9.999903440475463867e-01,-9.999871253967285156e-01,9.999784231185913086e-01,-9.994795322418212891e-01,-9.999884366989135742e-01,-9.999724030494689941e-01,-9.999803304672241211e-01,-9.999614357948303223e-01,-9.999790191650390625e-01,-9.999898672103881836e-01,9.999882578849792480e-01,9.999893307685852051e-01,9.999763965606689453e-01,9.999879002571105957e-01,9.999181628227233887e-01,9.999644756317138672e-01,9.999812245368957520e-01,9.999828934669494629e-01,-9.998359084129333496e-01,-9.999804496765136719e-01,-9.999817013740539551e-01,9.999595284461975098e-01,-9.999909996986389160e-01,-9.999860525131225586e-01,-9.999610781669616699e-01,9.999622702598571777e-01,9.999899864196777344e-01,9.999912381172180176e-01,9.999440312385559082e-01,9.999852776527404785e-01,-9.999906420707702637e-01,9.999887347221374512e-01,-9.999808073043823242e-01,-9.999720454216003418e-01,9.998980760574340820e-01,-9.988973140716552734e-01,9.999835491180419922e-01,-9.998877644538879395e-01,-9.999862909317016602e-01,9.999141097068786621e-01,9.999791383743286133e-01,9.962701797485351562e-01,-9.999808073043823242e-01,9.999898672103881836e-01,-9.996612071990966797e-01,9.999868869781494141e-01,9.998586773872375488e-01,-9.999461174011230469e-01,-9.999892711639404297e-01,9.998459815979003906e-01,-9.999831914901733398e-01,9.999866485595703125e-01,-9.999865889549255371e-01,9.997665286064147949e-01,9.999859929084777832e-01,-9.999881386756896973e-01,9.999801516532897949e-01,9.997164011001586914e-01,-9.999909400939941406e-01,9.999899268150329590e-01,-9.999276995658874512e-01,9.999795556068420410e-01,-9.999889731407165527e-01,9.998887777328491211e-01,9.998298287391662598e-01,-9.999874234199523926e-01,-9.999625682830810547e-01,-9.998761415481567383e-01,9.999788999557495117e-01,9.999549388885498047e-01,-9.999875426292419434e-01,9.999793767929077148e-01,-9.999883770942687988e-01,9.999834299087524414e-01,9.999278783798217773e-01,-9.999919533729553223e-01,9.999871253967285156e-01,-9.999873638153076172e-01,9.999896883964538574e-01,9.999150633811950684e-01,9.999833703041076660e-01,9.999904632568359375e-01,-9.999658465385437012e-01,-9.999889135360717773e-01,9.999791979789733887e-01,-9.998038411140441895e-01,9.999591112136840820e-01,9.990993738174438477e-01,9.999825358390808105e-01
9.999980926513671875e-01,-9.999980926513671875e-01,-9.999853968620300293e-01,9.999982714653015137e-01,9.999988675117492676e-01,-9.999985694885253906e-01,9.999878406524658203e-01,9.999989867210388184e-01,-9.999966621398925781e-01,9.999962449073791504e-01,-9.999960064888000488e-01,-9.999988079071044922e-01,9.999980926513671875e-01,9.999975562095642090e-01,9.999453425407409668e-01,9.999978542327880859e-01,9.999977350234985352e-01,-9.999982714653015137e-01,9.999672174453735352e-01,-9.999990463256835938e-01,-9.999988675117492676e-01,9.999852180480957031e-01,9.999974966049194336e-01,9.999985098838806152e-01,9.999865889549255371e-01,9.999990463256835938e-01,-9.999983906745910645e-01,-9.999989271163940430e-01,9.999728798866271973e-01,-9.999957680702209473e-01,-9.999970197677612305e-01,-9.999985694885253906e-01,9.999959468841552734e-01,9.999978542327880859e-01,-9.999967813491821289e-01,-9.999937415122985840e-01,9.999989867210388184e-01,9.999986886978149414e-01,9.999930858612060547e-01,-9.999987483024597168e-01,9.999983906745910645e-01,-9.999972581863403320e-01,9.999352097511291504e-01,9.999985694885253906e-01,9.999965429306030273e-01,9.999976158142089844e-01,9.999952912330627441e-01,9.999974370002746582e-01,9.999988079071044922e-01,-9.999985098838806152e-01,-9.999986290931701660e-01,-9.999970793724060059e-01,-9.999985694885253906e-01,-9.999898672103881836e-01,-9.999956488609313965e-01,-9.999976754188537598e-01,-9.999978542327880859e-01,9.999796748161315918e-01,9.999975562095642090e-01,9.999977350234985352e-01,-9.999948740005493164e-01,9.999989271163940430e-01,9.999983310699462891e-01,9.999951720237731934e-01,-9.999953508377075195e-01,-9.999987483024597168e-01,-9.999989271163940430e-01,-9.999931454658508301e-01,-9.999981522560119629e-01,9.999988079071044922e-01,-9.999985694885253906e-01,9.999976158142089844e-01,9.999964833259582520e-01,-9.999874234199523926e-01,9.998627305030822754e-01,-9.999979138374328613e-01,9.999861717224121094e-01,9.999983310699462891e-01,-9.999893903732299805e-01,-9.999974370002746582e-01,-9.995343685150146484e-01,9.999976158142089844e-01,-9.999987483024597168e-01,9.999577999114990234e-01,-9.999983310699462891e-01,-9.999824762344360352e-01,9.999932646751403809e-01,9.999987483024597168e-01,-9.999808669090270996e-01,9.999979138374328613e-01,-9.999983906745910645e-01,9.999983310699462891e-01,-9.999709725379943848e-01,-9.999983310699462891e-01,9.999985098838806152e-01,-9.999975562095642090e-01,-9.999647140502929688e-01,9.999989271163940430e-01,-9.999986886978149414e-01,9.999909996986389160e-01,-9.999974370002746582e-01,9.999986886978149414e-01,-9.999862909317016602e-01,-9.999788403511047363e-01,9.999985098838806152e-01,9.999953508377075195e-01,9.999846220016479492e-01,-9.999973773956298828e-01,-9.999943971633911133e-01,9.999985098838806152e-01,-9.999974966049194336e-01,9.999986290931701660e-01,-9.999979734420776367e-01,-9.999911189079284668e-01,9.999989867210388184e-01,-9.999983906745910645e-01,9.999983906745910645e-01,-9.999986290931701660e-01,-9.999895095825195312e-01,-9.999979734420776367e-01,-9.999989271163940430e-01,9.999958872795104980e-01,9.999986290931701660e-01,-9.999974370002746582e-01,9.999756217002868652e-01,-9.999948143959045410e-01,-9.998878836631774902e-01,-9.999977946281433105e-01
9.999988675117492676e-01,-9.999988079071044922e-01,-9.999907612800598145e-01,9.999988675117492676e-01,9.999994039535522461e-01,-9.999992251396179199e-01,9.999922513961791992e-01,9.999995231628417969e-01,-9.999979138374328613e-01,9.999976754188537598e-01,-9.999973773956298828e-01,-9.999992847442626953e-01,9.999988079071044922e-01,9.999984502792358398e-01,9.999650716781616211e-01,9.999986886978149414e-01,9.999986290931701660e-01,-9.999989867210388184e-01,9.999791383743286133e-01,-9.999994635581970215e-01,-9.999994039535522461e-01,9.999905228614807129e-01,9.999985098838806152e-01,9.999991655349731445e-01,9.999915361404418945e-01,9.999994039535522461e-01,-9.999990463256835938e-01,-9.999994039535522461e-01,9.999827146530151367e-01,-9.999973773956298828e-01,-9.999980330467224121e-01,-9.999992847442626953e-01,9.999973773956298828e-01,9.999986886978149414e-01,-9.999979138374328613e-01,-9.999960660934448242e-01,9.999994039535522461e-01,9.999992847442626953e-01,9.999955892562866211e-01,-9.999993443489074707e-01,9.999990463256835938e-01,-9.999981522560119629e-01,9.999585747718811035e-01,9.999992251396179199e-01,9.999977946281433105e-01,9.999985098838806152e-01,9.999969601631164551e-01,9.999983906745910645e-01,9.999993443489074707e-01,-9.999991059303283691e-01,-9.999991655349731445e-01,-9.999980926513671875e-01,-9.999991655349731445e-01,-9.999936223030090332e-01,-9.999971389770507812e-01,-9.999985694885253906e-01,-9.999986886978149414e-01,9.999870657920837402e-01,9.999985098838806152e-01,9.999986290931701660e-01,-9.999967217445373535e-01,9.999994039535522461e-01,9.999988675117492676e-01,9.999969601631164551e-01,-9.999971389770507812e-01,-9.999992251396179199e-01,-9.999994039535522461e-01,-9.999956488609313965e-01,-9.999988675117492676e-01,9.999992847442626953e-01,-9.999992251396179199e-01,9.999985098838806152e-01,9.999977350234985352e-01,-9.999919533729553223e-01,9.999121427536010742e-01,-9.999986886978149414e-01,9.999911785125732422e-01,9.999989271163940430e-01,-9.999932646751403809e-01,-9.999983310699462891e-01,-9.997020959854125977e-01,9.999985098838806152e-01,-9.999993443489074707e-01,9.999730587005615234e-01,-9.999989271163940430e-01,-9.999887347221374512e-01,9.999957680702209473e-01,9.999991655349731445e-01,-9.999878406524658203e-01,9.999987483024597168e-01,-9.999989867210388184e-01,9.999989271163940430e-01,-9.999815821647644043e-01,-9.999989867210388184e-01,9.999991059303283691e-01,-9.999985098838806152e-01,-9.999774694442749023e-01,9.999994039535522461e-01,-9.999993443489074707e-01,9.999943375587463379e-01,-9.999984502792358398e-01,9.999992847442626953e-01,-9.999912381172180176e-01,-9.999864697456359863e-01,9.999991059303283691e-01,9.999970793724060059e-01,9.999901652336120605e-01,-9.999985098838806152e-01,-9.999963641166687012e-01,9.999991059303283691e-01,-9.999984502792358398e-01,9.999992251396179199e-01,-9.999987483024597168e-01,-9.999943375587463379e-01,9.999994039535522461e-01,-9.999990463256835938e-01,9.999990463256835938e-01,-9.999992251396179199e-01,-9.999933242797851562e-01,-9.999987483024597168e-01,-9.999993443489074707e-01,9.999973773956298828e-01,9.999991655349731445e-01,-9.999983906745910645e-01,9.999845027923583984e-01,-9.999967217445373535e-01,-9.999282956123352051e-01,-9.999986886978149414e-01
-9.999984502792358398e-01,9.999985098838806152e-01,9.999880194664001465e-01,-9.999985694885253906e-01,-9.999992251396179199e-01,9.999988079071044922e-01,-9.999900460243225098e-01,-9.999992847442626953e-01,9.999972581863403320e-01,-9.999969005584716797e-01,9.999966621398925781e-01,9.999991059303283691e-01,-9.999985098838806152e-01,-9.999980926513671875e-01,-9.999550580978393555e-01,-9.999982714653015137e-01,-9.999982118606567383e-01,9.999986290931701660e-01,-9.999731779098510742e-01,9.999993443489074707e-01,9.999991059303283691e-01,-9.999878406524658203e-01,-9.999979138374328613e-01,-9.999988079071044922e-01,-9.999890327453613281e-01,-9.999992847442626953e-01,9.999986886978149414e-01,9.999992251396179199e-01,-9.999777078628540039e-01,9.999964833259582520e-01,9.999975562095642090e-01,9.999988675117492676e-01,-9.999966621398925781e-01,-9.999982118606567383e-01,9.999973773956298828e-01,9.999948740005493164e-01,-9.999992847442626953e-01,-9.999989271163940430e-01,-9.999942779541015625e-01,9.999991655349731445e-01,-9.999987483024597168e-01,9.999976754188537598e-01,-9.999468326568603516e-01,-9.999988675117492676e-01,-9.999971389770507812e-01,-9.999980330467224121e-01,-9.999961256980895996e-01,-9.999978542327880859e-01,-9.999989867210388184e-01,9.999987483024597168e-01,9.999988675117492676e-01,9.999975562095642090e-01,9.999988079071044922e-01,9.999917149543762207e-01,9.999963045120239258e-01,9.999980330467224121e-01,9.999983310699462891e-01,-9.999833106994628906e-01,-9.999979734420776367e-01,-9.999980926513671875e-01,9.999958872795104980e-01,-9.999991059303283691e-01,-9.999985694885253906e-01,-9.999959468841552734e-01,9.999961853027343750e-01,9.999989867210388184e-01,9.999992251396179199e-01,9.999943375587463379e-01,9.999985694885253906e-01,-9.999991059303283691e-01,9.999988675117492676e-01,-9.999980330467224121e-01,-9.999970793724060059e-01,9.999896883964538574e-01,-9.998872280120849609e-01,9.999982714653015137e-01,-9.999886155128479004e-01,-9.999986290931701660e-01,9.999912977218627930e-01,9.999979138374328613e-01,9.996173381805419922e-01,-9.999979734420776367e-01,9.999989271163940430e-01,-9.999654293060302734e-01,9.999987483024597168e-01,9.999855756759643555e-01,-9.999945759773254395e-01,-9.999989271163940430e-01,9.999842643737792969e-01,-9.999982714653015137e-01,9.999986290931701660e-01,-9.999986290931701660e-01,9.999761581420898438e-01,9.999985098838806152e-01,-9.999988079071044922e-01,9.999979734420776367e-01,9.999710321426391602e-01,-9.999991059303283691e-01,9.999989271163940430e-01,-9.999926090240478516e-01,9.999979138374328613e-01,-9.999989271163940430e-01,9.999886155128479004e-01,9.999825954437255859e-01,-9.999987483024597168e-01,-9.999961256980895996e-01,-9.999873638153076172e-01,9.999979138374328613e-01,9.999954104423522949e-01,-9.999987483024597168e-01,9.999978542327880859e-01,-9.999988675117492676e-01,9.999983906745910645e-01,9.999927282333374023e-01,-9.999992251396179199e-01,9.999987483024597168e-01,-9.999987483024597168e-01,9.999989271163940430e-01,9.999913573265075684e-01,9.999983906745910645e-01,9.999991655349731445e-01,-9.999965429306030273e-01,-9.999988675117492676e-01,9.999979138374328613e-01,-9.999800324440002441e-01,9.999957680702209473e-01,9.999079108238220215e-01,9.999982714653015137e-01
9.999875426292419434e-01,-9.999873638153076172e-01,-9.999022483825683594e-01,9.999878406524658203e-01,9.999922513961791992e-01,-9.999900460243225098e-01,9.999191164970397949e-01,9.999930858612060547e-01,-9.999782443046569824e-01,9.999753832817077637e-01,-9.999734759330749512e-01,-9.999921917915344238e-01,9.999873638153076172e-01,9.999839663505554199e-01,9.996368288993835449e-01,9.999855160713195801e-01,9.999849200248718262e-01,-9.999881386756896973e-01,9.997822046279907227e-01,-9.999934434890747070e-01,-9.999924302101135254e-01,9.999006986618041992e-01,9.999834299087524414e-01,9.999896883964538574e-01,9.999107122421264648e-01,9.999932646751403809e-01,-9.999893903732299805e-01,-9.999924898147583008e-01,9.998194575309753418e-01,-9.999720454216003418e-01,-9.999797344207763672e-01,-9.999907016754150391e-01,9.999731183052062988e-01,9.999856948852539062e-01,-9.999788999557495117e-01,-9.999582171440124512e-01,9.999929070472717285e-01,9.999910593032836914e-01,9.999537467956542969e-01,-9.999919533729553223e-01,9.999892711639404297e-01,-9.999820590019226074e-01,9.995695352554321289e-01,9.999904632568359375e-01,9.999771118164062500e-01,9.999836683273315430e-01,9.999679923057556152e-01,9.999825954437255859e-01,9.999915361404418945e-01,-9.999901652336120605e-01,-9.999911189079284668e-01,-9.999803900718688965e-01,-9.999898672103881836e-01,-9.999322891235351562e-01,-9.999706745147705078e-01,-9.999845623970031738e-01,-9.999857544898986816e-01,9.998642206192016602e-01,9.999837279319763184e-01,9.999848008155822754e-01,-9.999664425849914551e-01,9.999924302101135254e-01,9.999884366989135742e-01,9.999677538871765137e-01,-9.999687671661376953e-01,-9.999916553497314453e-01,-9.999926686286926270e-01,-9.999536871910095215e-01,-9.999877214431762695e-01,9.999921321868896484e-01,-9.999905824661254883e-01,9.999839663505554199e-01,9.999768137931823730e-01,-9.999155998229980469e-01,9.990879893302917480e-01,-9.999862313270568848e-01,9.999070763587951660e-01,9.999885559082031250e-01,-9.999288916587829590e-01,-9.999826550483703613e-01,-9.969139695167541504e-01,9.999840855598449707e-01,-9.999915957450866699e-01,9.997197985649108887e-01,-9.999891519546508789e-01,-9.998829960823059082e-01,9.999553561210632324e-01,9.999911785125732422e-01,-9.998724460601806641e-01,9.999860525131225586e-01,-9.999888539314270020e-01,9.999888539314270020e-01,-9.998069405555725098e-01,-9.999883174896240234e-01,9.999900460243225098e-01,-9.999834895133972168e-01,-9.997655749320983887e-01,9.999924898147583008e-01,-9.999915361404418945e-01,9.999400377273559570e-01,-9.999830126762390137e-01,9.999908208847045898e-01,-9.999079108238220215e-01,-9.998592138290405273e-01,9.999896287918090820e-01,9.999690651893615723e-01,9.998975992202758789e-01,-9.999825358390808105e-01,-9.999626278877258301e-01,9.999896287918090820e-01,-9.999828934669494629e-01,9.999903440475463867e-01,-9.999861717224121094e-01,-9.999403357505798340e-01,9.999932050704956055e-01,-9.999893903732299805e-01,9.999894499778747559e-01,-9.999913573265075684e-01,-9.999296069145202637e-01,-9.999861717224121094e-01,-9.999920725822448730e-01,9.999718070030212402e-01,9.999907612800598145e-01,-9.999827146530151367e-01,9.998378157615661621e-01,-9.999660849571228027e-01,-9.992552399635314941e-01,-9.999853968620300293e-01
9.999989271163940430e-01,-9.999989867210388184e-01,-9.999916553497314453e-01,9.999989867210388184e-01,9.999995231628417969e-01,-9.999992847442626953e-01,9.999930858612060547e-01,9.999995231628417969e-01,-9.999982118606567383e-01,9.999979138374328613e-01,-9.999976754188537598e-01,-9.999993443489074707e-01,9.999989867210388184e-01,9.999986290931701660e-01,9.999689459800720215e-01,9.999988079071044922e-01,9.999987483024597168e-01,-9.999991059303283691e-01,9.999814033508300781e-01,-9.999995231628417969e-01,-9.999994039535522461e-01,9.999915361404418945e-01,9.999986290931701660e-01,9.999992847442626953e-01,9.999923110008239746e-01,9.999995231628417969e-01,-9.999991059303283691e-01,-9.999994039535522461e-01,9.999845027923583984e-01,-9.999976158142089844e-01,-9.999983310699462891e-01,-9.999992251396179199e-01,9.999976754188537598e-01,9.999988079071044922e-01,-9.999981522560119629e-01,-9.999964833259582520e-01,9.999994635581970215e-01,9.999993443489074707e-01,9.999960064888000488e-01,-9.999994039535522461e-01,9.999992251396179199e-01,-9.999983310699462891e-01,9.999630451202392578e-01,9.999992847442626953e-01,9.999980330467224121e-01,9.999986886978149414e-01,9.999973177909851074e-01,9.999985694885253906e-01,9.999994039535522461e-01,-9.999992251396179199e-01,-9.999992847442626953e-01,-9.999982714653015137e-01,-9.999991655349731445e-01,-9.999942779541015625e-01,-9.999974966049194336e-01,-9.999987483024597168e-01,-9.999987483024597168e-01,9.999884366989135742e-01,9.999985694885253906e-01,9.999987483024597168e-01,-9.999970793724060059e-01,9.999994635581970215e-01,9.999990463256835938e-01,9.999971985816955566e-01,-9.999974370002746582e-01,-9.999993443489074707e-01,-9.999994635581970215e-01,-9.999960660934448242e-01,-9.999989867210388184e-01,9.999993443489074707e-01,-9.999992251396179199e-01,9.999986886978149414e-01,9.999979734420776367e-01,-9.999927282333374023e-01,9.999215602874755859e-01,-9.999988079071044922e-01,9.999921321868896484e-01,9.999991655349731445e-01,-9.999939799308776855e-01,-9.999985694885253906e-01,-9.997339248657226562e-01,9.999986290931701660e-01,-9.999992847442626953e-01,9.999760389328002930e-01,-9.999992251396179199e-01,-9.999900460243225098e-01,9.999962449073791504e-01,9.999992847442626953e-01,-9.999890327453613281e-01,9.999988675117492676e-01,-9.999992251396179199e-01,9.999991059303283691e-01,-9.999834895133972168e-01,-9.999990463256835938e-01,9.999992847442626953e-01,-9.999985694885253906e-01,-9.999798536300659180e-01,9.999994635581970215e-01,-9.999992847442626953e-01,9.999948740005493164e-01,-9.999986290931701660e-01,9.999993443489074707e-01,-9.999921321868896484e-01,-9.999879002571105957e-01,9.999992251396179199e-01,9.999973773956298828e-01,9.999912381172180176e-01,-9.999985694885253906e-01,-9.999967217445373535e-01,9.999992251396179199e-01,-9.999986290931701660e-01,9.999992251396179199e-01,-9.999988675117492676e-01,-9.999949336051940918e-01,9.999994635581970215e-01,-9.999991059303283691e-01,9.999992251396179199e-01,-9.999992251396179199e-01,-9.999940395355224609e-01,-9.999988675117492676e-01,-9.999994039535522461e-01,9.999976754188537598e-01,9.999993443489074707e-01,-9.999985694885253906e-01,9.999860525131225586e-01,-9.999970793724060059e-01,-9.999359250068664551e-01,-9.999988079071044922e-01
-9.999966025352478027e-01,9.999965429306030273e-01,9.999737739562988281e-01,-9.999966621398925781e-01,-9.999979138374328613e-01,9.999972581863403320e-01,-9.999782443046569824e-01,-9.999982118606567383e-01,9.999941587448120117e-01,-9.999934434890747070e-01,9.999928474426269531e-01,9.999978542327880859e-01,-9.999965429306030273e-01,-9.999956488609313965e-01,-9.999023675918579102e-01,-9.999960660934448242e-01,-9.999959468841552734e-01,9.999968409538269043e-01,-9.999414086341857910e-01,9.999982118606567383e-01,9.999979734420776367e-01,-9.999733567237854004e-01,-9.999954700469970703e-01,-9.999971985816955566e-01,-9.999760389328002930e-01,-9.999981522560119629e-01,9.999971389770507812e-01,9.999979734420776367e-01,-9.999514818191528320e-01,9.999924898147583008e-01,9.999945759773254395e-01,9.999974966049194336e-01,-9.999927878379821777e-01,-9.999961256980895996e-01,9.999943375587463379e-01,9.999887943267822266e-01,-9.999980926513671875e-01,-9.999975562095642090e-01,-9.999875426292419434e-01,9.999977946281433105e-01,-9.999970793724060059e-01,9.999951124191284180e-01,-9.998842477798461914e-01,-9.999973773956298828e-01,-9.999938011169433594e-01,-9.999956488609313965e-01,-9.999914169311523438e-01,-9.999953508377075195e-01,-9.999976754188537598e-01,9.999972581863403320e-01,9.999976158142089844e-01,9.999946951866149902e-01,9.999972581863403320e-01,9.999817609786987305e-01,9.999921321868896484e-01,9.999958276748657227e-01,9.999961256980895996e-01,-9.999635219573974609e-01,-9.999955892562866211e-01,-9.999958872795104980e-01,9.999909400939941406e-01,-9.999979734420776367e-01,-9.999967813491821289e-01,-9.999912977218627930e-01,9.999916553497314453e-01,9.999976754188537598e-01,9.999980330467224121e-01,9.999875426292419434e-01,9.999967813491821289e-01,-9.999977946281433105e-01,9.999974966049194336e-01,-9.999957084655761719e-01,-9.999938011169433594e-01,9.999773502349853516e-01,-9.997547864913940430e-01,9.999961853027343750e-01,-9.999750852584838867e-01,-9.999969601631164551e-01,9.999810457229614258e-01,9.999953508377075195e-01,9.991687536239624023e-01,-9.999957084655761719e-01,9.999977350234985352e-01,-9.999246001243591309e-01,9.999970197677612305e-01,9.999686479568481445e-01,-9.999880194664001465e-01,-9.999975562095642090e-01,9.999657273292541504e-01,-9.999961853027343750e-01,9.999969601631164551e-01,-9.999969601631164551e-01,9.999480843544006348e-01,9.999968409538269043e-01,-9.999973177909851074e-01,9.999955892562866211e-01,9.999369382858276367e-01,-9.999979734420776367e-01,9.999977350234985352e-01,-9.999839067459106445e-01,9.999954700469970703e-01,-9.999974966049194336e-01,9.999753236770629883e-01,9.999621510505676270e-01,-9.999971389770507812e-01,-9.999916553497314453e-01,-9.999725222587585449e-01,9.999952912330627441e-01,9.999899864196777344e-01,-9.999971985816955566e-01,9.999953508377075195e-01,-9.999974370002746582e-01,9.999963641166687012e-01,9.999840259552001953e-01,-9.999980330467224121e-01,9.999970793724060059e-01,-9.999971389770507812e-01,9.999975562095642090e-01,9.999811649322509766e-01,9.999962449073791504e-01,9.999978542327880859e-01,-9.999924898147583008e-01,-9.999974370002746582e-01,9.999953508377075195e-01,-9.999563694000244141e-01,9.999908804893493652e-01,9.997998476028442383e-01,9.999960660934448242e-01
9.999961853027343750e-01,-9.999961256980895996e-01,-9.999704957008361816e-01,9.999962449073791504e-01,9.999976754188537598e-01,-9.999969005584716797e-01,9.999753832817077637e-01,9.999979138374328613e-01,-9.999934434890747070e-01,9.999925494194030762e-01,-9.999919533729553223e-01,-9.999976158142089844e-01,9.999961256980895996e-01,9.999951124191284180e-01,9.998897910118103027e-01,9.999957084655761719e-01,9.999954700469970703e-01,-9.999963641166687012e-01,9.999338388442993164e-01,-9.999979734420776367e-01,-9.999976754188537598e-01,9.999698996543884277e-01,9.999950528144836426e-01,9.999968409538269043e-01,9.999729394912719727e-01,9.999979138374328613e-01,-9.999967813491821289e-01,-9.999976754188537598e-01,9.999451637268066406e-01,-9.999915361404418945e-01,-9.999939203262329102e-01,-9.999971389770507812e-01,9.999918341636657715e-01,9.999957084655761719e-01,-9.999936223030090332e-01,-9.999873638153076172e-01,9.999978542327880859e-01,9.999972581863403320e-01,9.999858736991882324e-01,-9.999974966049194336e-01,9.999966025352478027e-01,-9.999945163726806641e-01,9.998692274093627930e-01,9.999970793724060059e-01,9.999929666519165039e-01,9.999950528144836426e-01,9.999903440475463867e-01,9.999946951866149902e-01,9.999974966049194336e-01,-9.999969601631164551e-01,-9.999972581863403320e-01,-9.999940395355224609e-01,-9.999969005584716797e-01,-9.999794960021972656e-01,-9.999910593032836914e-01,-9.999953508377075195e-01,-9.999957084655761719e-01,9.999588131904602051e-01,9.999951124191284180e-01,9.999954104423522949e-01,-9.999897480010986328e-01,9.999977350234985352e-01,9.999964237213134766e-01,9.999901652336120605e-01,-9.999905824661254883e-01,-9.999974370002746582e-01,-9.999977946281433105e-01,-9.999859333038330078e-01,-9.999962449073791504e-01,9.999975562095642090e-01,-9.999971985816955566e-01,9.999951720237731934e-01,9.999929666519165039e-01,-9.999744892120361328e-01,9.997228384017944336e-01,-9.999957680702209473e-01,9.999718070030212402e-01,9.999964833259582520e-01,-9.999785423278808594e-01,-9.999947547912597656e-01,-9.990608096122741699e-01,9.999951720237731934e-01,-9.999974370002746582e-01,9.999148845672607422e-01,-9.999966621398925781e-01,-9.999644756317138672e-01,9.999864697456359863e-01,9.999972581863403320e-01,-9.999613761901855469e-01,9.999957680702209473e-01,-9.999965429306030273e-01,9.999966025352478027e-01,-9.999413490295410156e-01,-9.999964833259582520e-01,9.999969601631164551e-01,-9.999949932098388672e-01,-9.999287128448486328e-01,9.999976754188537598e-01,-9.999974370002746582e-01,9.999818801879882812e-01,-9.999948740005493164e-01,9.999972581863403320e-01,-9.999721050262451172e-01,-9.999572634696960449e-01,9.999969005584716797e-01,9.999905824661254883e-01,9.999689459800720215e-01,-9.999947547912597656e-01,-9.999886751174926758e-01,9.999969005584716797e-01,-9.999948143959045410e-01,9.999970793724060059e-01,-9.999958872795104980e-01,-9.999818801879882812e-01,9.999979138374328613e-01,-9.999967217445373535e-01,9.999967813491821289e-01,-9.999973773956298828e-01,-9.999787807464599609e-01,-9.999958872795104980e-01,-9.999976158142089844e-01,9.999914169311523438e-01,9.999971985816955566e-01,-9.999948143959045410e-01,9.999507069587707520e-01,-9.999896883964538574e-01,-9.997738003730773926e-01,-9.999955892562866211e-01
-9.999958872795104980e-01,9.999957680702209473e-01,9.999678134918212891e-01,-9.999960064888000488e-01,-9.999973773956298828e-01,9.999966621398925781e-01,-9.999734759330749512e-01,-9.999976754188537598e-01,9.999928474426269531e-01,-9.999919533729553223e-01,9.999911785125732422e-01,9.999973773956298828e-01,-9.999957680702209473e-01,-9.999946355819702148e-01,-9.998804926872253418e-01,-9.999952912330627441e-01,-9.999950528144836426e-01,9.999960660934448242e-01,-9.999282360076904297e-01,9.999977350234985352e-01,9.999974370002746582e-01,-9.999672770500183105e-01,-9.999945759773254395e-01,-9.999965429306030273e-01,-9.999705553054809570e-01,-9.999976754188537598e-01,9.999963641166687012e-01,9.999974966049194336e-01,-9.999405741691589355e-01,9.999907612800598145e-01,9.999933242797851562e-01,9.999969005584716797e-01,-9.999911189079284668e-01,-9.999952912330627441e-01,9.999929666519165039e-01,9.999861717224121094e-01,-9.999976158142089844e-01,-9.999970197677612305e-01,-9.999847412109375000e-01,9.999973177909851074e-01,-9.999964237213134766e-01,9.999939799308776855e-01,-9.998583197593688965e-01,-9.999967813491821289e-01,-9.999923706054687500e-01,-9.999946355819702148e-01,-9.999895095825195312e-01,-9.999942183494567871e-01,-9.999971985816955566e-01,9.999966621398925781e-01,9.999969601631164551e-01,9.999935030937194824e-01,9.999965429306030273e-01,9.999777674674987793e-01,9.999903440475463867e-01,9.999948740005493164e-01,9.999953508377075195e-01,-9.999552965164184570e-01,-9.999945759773254395e-01,-9.999949336051940918e-01,9.999889135360717773e-01,-9.999974966049194336e-01,-9.999960064888000488e-01,-9.999893307685852051e-01,9.999897480010986328e-01,9.999971389770507812e-01,9.999974966049194336e-01,9.999848008155822754e-01,9.999958872795104980e-01,-9.999972581863403320e-01,9.999968409538269043e-01,-9.999946951866149902e-01,-9.999922513961791992e-01,9.999722838401794434e-01,-9.996997714042663574e-01,9.999954700469970703e-01,-9.999694824218750000e-01,-9.999961853027343750e-01,9.999766945838928223e-01,9.999942183494567871e-01,9.989824891090393066e-01,-9.999946951866149902e-01,9.999971985816955566e-01,-9.999077320098876953e-01,9.999963641166687012e-01,9.999614357948303223e-01,-9.999853372573852539e-01,-9.999969601631164551e-01,9.999579787254333496e-01,-9.999954104423522949e-01,9.999961853027343750e-01,-9.999963045120239258e-01,9.999364614486694336e-01,9.999961256980895996e-01,-9.999967217445373535e-01,9.999945759773254395e-01,9.999226927757263184e-01,-9.999974370002746582e-01,9.999971389770507812e-01,-9.999802708625793457e-01,9.999944567680358887e-01,-9.999968409538269043e-01,9.999697804450988770e-01,9.999536275863647461e-01,-9.999964237213134766e-01,-9.999898076057434082e-01,-9.999662041664123535e-01,9.999943375587463379e-01,9.999877214431762695e-01,-9.999965429306030273e-01,9.999943375587463379e-01,-9.999967813491821289e-01,9.999954700469970703e-01,9.999803900718688965e-01,-9.999976754188537598e-01,9.999963641166687012e-01,-9.999963641166687012e-01,9.999970793724060059e-01,9.999769330024719238e-01,9.999954700469970703e-01,9.999973177909851074e-01,-9.999907016754150391e-01,-9.999968409538269043e-01,9.999943375587463379e-01,-9.999464750289916992e-01,9.999887347221374512e-01,9.997548460960388184e-01,9.999951720237731934e-01
-9.999988079071044922e-01,9.999987483024597168e-01,9.999907016754150391e-01,-9.999988079071044922e-01,-9.999992847442626953e-01,9.999991059303283691e-01,-9.999921917915344238e-01,-9.999993443489074707e-01,9.999978542327880859e-01,-9.999976158142089844e-01,9.999973773956298828e-01,9.999992251396179199e-01,-9.999986886978149414e-01,-9.999983310699462891e-01,-9.999653100967407227e-01,-9.999985098838806152e-01,-9.999985098838806152e-01,9.999988675117492676e-01,-9.999791979789733887e-01,9.999994039535522461e-01,9.999992251396179199e-01,-9.999905228614807129e-01,-9.999983310699462891e-01,-9.999989271163940430e-01,-9.999914765357971191e-01,-9.999992847442626953e-01,9.999989271163940430e-01,9.999993443489074707e-01,-9.999827146530151367e-01,9.999971985816955566e-01,9.999979138374328613e-01,9.999990463256835938e-01,-9.999973177909851074e-01,-9.999986290931701660e-01,9.999979138374328613e-01,9.999959468841552734e-01,-9.999993443489074707e-01,-9.999991655349731445e-01,-9.999954700469970703e-01,9.999992847442626953e-01,-9.999989271163940430e-01,9.999980926513671875e-01,-9.999588727951049805e-01,-9.999990463256835938e-01,-9.999977350234985352e-01,-9.999983310699462891e-01,-9.999968409538269043e-01,-9.999983310699462891e-01,-9.999992251396179199e-01,9.999991059303283691e-01,9.999991059303283691e-01,9.999979734420776367e-01,9.999989867210388184e-01,9.999935626983642578e-01,9.999971389770507812e-01,9.999985098838806152e-01,9.999986290931701660e-01,-9.999870657920837402e-01,-9.999983310699462891e-01,-9.999985098838806152e-01,9.999967813491821289e-01,-9.999992847442626953e-01,-9.999988079071044922e-01,-9.999967813491821289e-01,9.999969601631164551e-01,9.999991655349731445e-01,9.999992251396179199e-01,9.999955892562866211e-01,9.999988079071044922e-01,-9.999992251396179199e-01,9.999991655349731445e-01,-9.999983906745910645e-01,-9.999976158142089844e-01,9.999919533729553223e-01,-9.999128580093383789e-01,9.999986290931701660e-01,-9.999911189079284668e-01,-9.999988675117492676e-01,9.999932050704956055e-01,9.999983310699462891e-01,9.997045397758483887e-01,-9.999984502792358398e-01,9.999991655349731445e-01,-9.999731779098510742e-01,9.999988675117492676e-01,9.999888539314270020e-01,-9.999957084655761719e-01,-9.999991059303283691e-01,9.999878406524658203e-01,-9.999985694885253906e-01,9.999989271163940430e-01,-9.999988675117492676e-01,9.999815821647644043e-01,9.999988675117492676e-01,-9.999991059303283691e-01,9.999983906745910645e-01,9.999775886535644531e-01,-9.999992251396179199e-01,9.999991655349731445e-01,-9.999942183494567871e-01,9.999982714653015137e-01,-9.999990463256835938e-01,9.999911785125732422e-01,9.999864697456359863e-01,-9.999990463256835938e-01,-9.999970197677612305e-01,-9.999901652336120605e-01,9.999983310699462891e-01,9.999963045120239258e-01,-9.999990463256835938e-01,9.999983310699462891e-01,-9.999991059303283691e-01,9.999986886978149414e-01,9.999943375587463379e-01,-9.999992847442626953e-01,9.999989271163940430e-01,-9.999989271163940430e-01,9.999991059303283691e-01,9.999933242797851562e-01,9.999986886978149414e-01,9.999992847442626953e-01,-9.999972581863403320e-01,-9.999991655349731445e-01,9.999982118606567383e-01,-9.999845623970031738e-01,9.999966025352478027e-01,9.999287724494934082e-01,9.999985694885253906e-01
