8.651929497718811035e-01,8.807641267776489258e-02,-2.367001920938491821e-01,-8.352392166852951050e-02,3.977758586406707764e-01,2.098705470561981201e-01,-2.343087792396545410e-01,6.273319125175476074e-01,2.754215002059936523e-01,-2.127074748277664185e-01,-1.357737034559249878e-01,2.571260742843151093e-02,5.023872256278991699e-01,6.940779685974121094e-01,6.157542467117309570e-01,1.800049096345901489e-01,-1.578112095594406128e-01,4.994099214673042297e-02,6.377576589584350586e-01,3.642891645431518555e-01,-6.149595975875854492e-01,-3.325121998786926270e-01,2.858007252216339111e-01,-1.400987803936004639e-01,-1.732723414897918701e-01,-7.363511919975280762e-01,1.360071152448654175e-01,-2.548760473728179932e-01,-5.129119157791137695e-01,-5.589193701744079590e-01,-5.461760163307189941e-01,-6.140281260013580322e-02,2.698730230331420898e-01,-3.124040365219116211e-01,-1.365538127720355988e-02,-2.365292012691497803e-01,4.530804231762886047e-02,1.271978579461574554e-02,-2.012499719858169556e-01,-2.652191519737243652e-01,-1.364352256059646606e-01,2.402108162641525269e-01,-1.235889568924903870e-01,2.500712126493453979e-02,4.307781457901000977e-01,-1.817272454500198364e-01,-3.574102744460105896e-02,-1.150367930531501770e-01,-8.560264855623245239e-02,2.153375893831253052e-01,3.598056435585021973e-01,4.671548902988433838e-01,1.178858354687690735e-01,-2.318817824125289917e-01,7.757069170475006104e-02,-1.505036503076553345e-01,-7.891837507486343384e-02,4.365783184766769409e-02,-1.572434306144714355e-01,1.404871493577957153e-01,-9.418425709009170532e-02,2.572122514247894287e-01,4.557729884982109070e-02,-4.722970128059387207e-01,2.160517126321792603e-02,1.601907610893249512e-01,1.806787848472595215e-01,2.078047245740890503e-01,7.487930357456207275e-02,7.881590723991394043e-02,-1.831601560115814209e-01,-6.924783587455749512e-01,1.102380231022834778e-01,-1.651431918144226074e-01,-1.251174211502075195e-01,-2.056418061256408691e-01,1.943174935877323151e-02,-2.947016358375549316e-01,-3.991615474224090576e-01,-5.626038312911987305e-01,-6.047231554985046387e-01,-4.821849521249532700e-03,2.375902049243450165e-02,1.256726216524839401e-02,3.576258895918726921e-04,4.587606191635131836e-01,-2.735983729362487793e-01,-7.276460528373718262e-02,3.053290024399757385e-02,-4.630202800035476685e-02,5.330168828368186951e-02,-1.633250266313552856e-01,1.067610085010528564e-01,8.010535687208175659e-02,3.832734823226928711e-01,-6.837785243988037109e-01,4.399338066577911377e-01,-4.613130004145205021e-04,-3.445811867713928223e-01,6.104162931442260742e-01,2.427665144205093384e-01,7.532317657023668289e-03,-3.153612837195396423e-02,-1.310583204030990601e-01,-1.368108391761779785e-01,4.297832250595092773e-01,7.636418193578720093e-02,3.569695353507995605e-01,1.563986986875534058e-01,1.314420998096466064e-01,3.289140760898590088e-01,1.883980929851531982e-01,6.916335225105285645e-02,-4.683420658111572266e-01,-9.925960749387741089e-02,-4.707817137241363525e-01,1.221032962203025818e-01,-1.882133483886718750e-01,-4.555253386497497559e-01,-1.581181585788726807e-01,-3.404132723808288574e-01,3.339546620845794678e-01,6.787284743040800095e-03,-2.265664339065551758e-01,5.529354214668273926e-01,-1.488251686096191406e-01,-6.422171834856271744e-03,4.507504403591156006e-01
8.807641267776489258e-02,3.229556232690811157e-02,-9.840057045221328735e-02,-2.932266145944595337e-02,6.787963956594467163e-02,-7.060252130031585693e-02,1.421322301030158997e-02,9.438730031251907349e-02,1.581591367721557617e-02,-9.265613742172718048e-03,-5.021020025014877319e-02,-3.670805320143699646e-02,1.188841164112091064e-01,4.900339245796203613e-02,9.292285144329071045e-02,5.396605655550956726e-02,1.485637668520212173e-02,-5.237001180648803711e-02,6.213107705116271973e-02,1.458459161221981049e-02,-6.373248249292373657e-02,-1.757234707474708557e-02,8.384421467781066895e-02,-8.009607344865798950e-02,1.411520969122648239e-02,-5.523232370615005493e-02,-4.073482472449541092e-03,-4.232442378997802734e-02,-3.265071660280227661e-02,-7.651944458484649658e-02,-7.071516662836074829e-02,1.679424010217189789e-02,4.732651636004447937e-02,-9.266198612749576569e-03,-9.493127465248107910e-03,-7.364699989557266235e-02,-4.694220796227455139e-02,2.385039441287517548e-02,3.906312584877014160e-02,-7.243376970291137695e-02,3.744963929057121277e-02,4.313726723194122314e-02,-9.704912081360816956e-03,1.530430931597948074e-02,8.822534233331680298e-02,-9.931612014770507812e-02,-8.720720559358596802e-02,3.511040657758712769e-02,2.514938823878765106e-02,-1.214242167770862579e-02,1.075994968414306641e-02,9.504081308841705322e-02,-1.307115145027637482e-02,6.536653637886047363e-02,-1.200315821915864944e-02,-5.316827446222305298e-03,6.132209300994873047e-02,2.433973923325538635e-02,5.855529010295867920e-02,-1.179043785668909550e-03,5.396160855889320374e-02,3.618689021095633507e-03,1.566733606159687042e-02,-1.525743212550878525e-02,-1.815852522850036621e-02,-4.548512399196624756e-03,8.141058683395385742e-02,7.592801004648208618e-02,-5.769090726971626282e-02,9.790331125259399414e-02,-9.252779185771942139e-02,-1.165861040353775024e-01,-3.461333736777305603e-02,-4.289492219686508179e-02,3.114353399723768234e-03,-7.288940250873565674e-02,-1.193732302635908127e-02,9.634936228394508362e-03,-9.908507019281387329e-02,-5.043454095721244812e-02,-6.692668795585632324e-02,6.248543504625558853e-03,-4.704762250185012817e-02,3.264193609356880188e-02,6.312635540962219238e-02,-1.787566207349300385e-02,2.897186949849128723e-02,2.537520974874496460e-02,9.489558637142181396e-02,-3.483384475111961365e-02,2.057060785591602325e-02,-8.324133604764938354e-02,-4.410830512642860413e-02,1.583554968237876892e-02,-7.776862941682338715e-03,-5.499487370252609253e-02,8.384022116661071777e-02,-1.849790103733539581e-03,1.868905499577522278e-02,5.639883130788803101e-02,1.732563786208629608e-02,2.297086268663406372e-02,-1.913774944841861725e-02,-7.158123422414064407e-03,5.536708608269691467e-02,-3.711633756756782532e-02,-6.243868730962276459e-03,5.261889845132827759e-02,-7.598920166492462158e-02,-3.098994493484497070e-02,5.364879965782165527e-02,5.261662229895591736e-02,2.522984985262155533e-03,-4.120976477861404419e-02,5.928239226341247559e-02,-9.137807041406631470e-02,-3.956439346075057983e-02,2.886222302913665771e-02,-1.169636249542236328e-01,8.250485174357891083e-03,-1.295540779829025269e-01,3.252897784113883972e-02,-7.355988025665283203e-03,-9.113726764917373657e-02,8.711826801300048828e-02,-5.830154940485954285e-02,-5.243276245892047882e-03,4.968031123280525208e-02
-2.367001920938491821e-01,-9.840057045221328735e-02,8.019099235534667969e-01,-2.875250279903411865e-01,-2.464840710163116455e-01,5.046607181429862976e-02,-5.271331071853637695e-01,-1.667817980051040649e-01,2.296849042177200317e-01,-1.063471212983131409e-01,5.812560319900512695e-01,2.208765596151351929e-01,-6.363895535469055176e-01,1.524575948715209961e-01,-3.057440519332885742e-01,-3.755182921886444092e-01,-1.705251932144165039e-01,1.614556610584259033e-01,1.039342507719993591e-01,3.469894230365753174e-01,1.521102339029312134e-01,-3.848734796047210693e-01,-6.355368494987487793e-01,4.755840003490447998e-01,-3.557684421539306641e-01,-1.035909503698348999e-01,3.366771042346954346e-01,4.343076646327972412e-01,-4.070457220077514648e-01,6.191633939743041992e-01,3.458354771137237549e-01,-8.141031116247177124e-02,-8.261978626251220703e-02,-1.393626034259796143e-01,1.811342127621173859e-02,4.116706252098083496e-01,3.601470887660980225e-01,-1.547004580497741699e-01,-4.859183132648468018e-01,7.777584791183471680e-01,-1.006314530968666077e-02,-2.772884666919708252e-01,-3.674244284629821777e-01,-1.583189964294433594e-01,-2.201652824878692627e-01,4.502680897712707520e-01,7.687442302703857422e-01,-1.278040856122970581e-01,-1.552823483943939209e-01,8.538584411144256592e-02,-3.478342890739440918e-01,-4.000764191150665283e-01,-2.616024017333984375e-02,-4.029665887355804443e-01,2.635298669338226318e-01,3.422204256057739258e-01,-5.470883846282958984e-01,-1.227515190839767456e-01,-5.295046567916870117e-01,7.566909492015838623e-02,-1.693084537982940674e-01,3.803631663322448730e-02,-1.276945024728775024e-01,-1.376963555812835693e-01,4.543811678886413574e-01,6.173951178789138794e-02,-7.073515653610229492e-01,-5.858263373374938965e-01,1.599085181951522827e-01,-4.531070888042449951e-01,7.163233757019042969e-01,5.616239309310913086e-01,9.410955943167209625e-03,5.772635936737060547e-01,-1.656606048345565796e-01,6.611682176589965820e-01,1.012060046195983887e-01,-1.426432430744171143e-01,5.800933241844177246e-01,2.631194293498992920e-01,-2.132659852504730225e-01,-4.197217896580696106e-02,6.359674334526062012e-01,-2.641787230968475342e-01,-1.966648548841476440e-01,-1.803952455520629883e-02,-4.014200866222381592e-01,-3.073672652244567871e-01,-5.482789874076843262e-01,3.232124745845794678e-01,6.416974589228630066e-03,6.144334673881530762e-01,3.091099858283996582e-01,-3.329516053199768066e-01,2.311314791440963745e-01,2.120031714439392090e-01,-5.212584733963012695e-01,1.484808884561061859e-02,-5.162774920463562012e-01,-4.315912127494812012e-01,2.717337943613529205e-02,7.710855454206466675e-02,-6.744921207427978516e-02,9.840793907642364502e-02,-6.984805464744567871e-01,1.894006431102752686e-01,4.610339403152465820e-01,1.712010800838470459e-01,4.518395066261291504e-01,3.156792521476745605e-01,-2.461135089397430420e-01,4.510711878538131714e-02,-1.876246035099029541e-01,-5.647943355143070221e-03,-7.150552272796630859e-01,2.880639433860778809e-01,9.950479865074157715e-02,-2.982353270053863525e-01,3.370422720909118652e-01,-1.778772026300430298e-01,6.454879045486450195e-01,3.762097358703613281e-01,-1.362559497356414795e-01,4.190776944160461426e-01,-7.235217094421386719e-02,3.832549154758453369e-01,3.472013771533966064e-02,-4.887160360813140869e-01
-8.352392166852951050e-02,-2.932266145944595337e-02,-2.875250279903411865e-01,6.319743990898132324e-01,-8.325675129890441895e-02,2.155360728502273560e-01,4.294546544551849365e-01,-3.210235834121704102e-01,-1.054322496056556702e-01,1.632902324199676514e-01,-4.808994531631469727e-01,-6.290895398706197739e-03,3.685897290706634521e-01,-1.805882751941680908e-01,-1.268568187952041626e-01,1.150445342063903809e-01,5.071675404906272888e-02,2.630239427089691162e-01,-3.152092993259429932e-01,-3.702304065227508545e-01,-3.067519366741180420e-01,3.318218886852264404e-01,5.229675769805908203e-01,-1.717585474252700806e-01,3.723262846469879150e-01,2.617571353912353516e-01,-3.487399816513061523e-01,-4.059906899929046631e-01,4.264179468154907227e-01,-3.316995799541473389e-01,-2.258518338203430176e-01,-1.983395069837570190e-01,5.608404055237770081e-02,2.092649973928928375e-02,6.832918524742126465e-02,-1.279662102460861206e-01,-7.535318285226821899e-02,-1.010468695312738419e-02,5.053588747978210449e-01,-6.135612726211547852e-01,-3.926724195480346680e-01,1.146871745586395264e-01,5.644614696502685547e-01,8.050382882356643677e-02,-2.664923369884490967e-01,-8.280821144580841064e-03,-3.621474206447601318e-01,-8.619268238544464111e-02,-9.871304035186767578e-02,1.885956078767776489e-01,2.588911950588226318e-01,5.391054600477218628e-02,1.930793374776840210e-01,2.968581020832061768e-01,-9.273556619882583618e-02,-3.897039592266082764e-01,2.055386155843734741e-01,-2.450207993388175964e-02,2.394758462905883789e-01,-6.082323938608169556e-02,-1.598341315984725952e-01,7.828503102064132690e-02,7.008779793977737427e-02,1.771880984306335449e-01,-6.284486055374145508e-01,-4.407436028122901917e-02,5.130565762519836426e-01,4.261063337326049805e-01,3.103641271591186523e-01,5.864040460437536240e-03,-4.057962596416473389e-01,-3.634361550211906433e-02,1.689965575933456421e-01,-5.800720453262329102e-01,1.359861344099044800e-01,-5.472033619880676270e-01,-2.781569585204124451e-02,-1.317052245140075684e-01,-3.518695533275604248e-01,-2.825498282909393311e-01,4.978966414928436279e-01,7.817760109901428223e-03,-3.809814155101776123e-01,1.263054758310317993e-01,-1.542700082063674927e-01,3.046581745147705078e-01,1.006193608045578003e-01,1.826056092977523804e-01,7.369201630353927612e-02,-1.815690249204635620e-01,2.691188640892505646e-02,-3.635269999504089355e-01,-3.209134936332702637e-01,5.770502090454101562e-01,-1.585980057716369629e-01,-8.809915930032730103e-02,1.501969099044799805e-01,-4.173222463577985764e-03,5.756897926330566406e-01,3.032012879848480225e-01,8.903255802579224110e-04,-4.311266243457794189e-01,4.288908094167709351e-02,-9.337370097637176514e-02,5.418229103088378906e-01,-2.033477649092674255e-02,-6.844605803489685059e-01,-3.902169764041900635e-01,-2.564208954572677612e-02,-1.760627329349517822e-01,3.004039227962493896e-01,-5.001831650733947754e-01,1.078871488571166992e-01,2.333398461341857910e-01,4.329809546470642090e-01,1.005658954381942749e-01,1.194421127438545227e-01,3.741593658924102783e-02,1.682095378637313843e-01,2.067415267229080200e-01,-2.970353662967681885e-01,-6.468717455863952637e-01,3.890521824359893799e-01,-2.520888745784759521e-01,-3.280096650123596191e-01,-7.989197969436645508e-02,1.676530693657696247e-03,4.571132957935333252e-01
3.977758586406707764e-01,6.787963956594467163e-02,-2.464840710163116455e-01,-8.325675129890441895e-02,7.568198442459106445e-01,9.797593206167221069e-02,1.230305582284927368e-01,-1.630474068224430084e-02,1.457567811012268066e-01,-2.453367970883846283e-02,-1.107637211680412292e-01,1.180236488580703735e-01,7.720574736595153809e-02,2.342785894870758057e-01,3.449912667274475098e-01,1.858109086751937866e-01,-1.301142871379852295e-01,2.247030735015869141e-01,2.473990321159362793e-01,-1.303443014621734619e-01,-1.347761452198028564e-01,4.227856546640396118e-02,-4.387422651052474976e-02,3.029838204383850098e-01,-2.072280645370483398e-01,-1.177022382616996765e-01,-2.992207705974578857e-01,-3.521800637245178223e-01,-2.738728374242782593e-02,-4.430905580520629883e-01,-4.327313303947448730e-01,1.710779815912246704e-01,-2.054024040699005127e-01,-2.234016209840774536e-01,8.797380328178405762e-02,2.164199054241180420e-01,-9.965851157903671265e-02,-2.433573640882968903e-02,-1.559784561395645142e-01,-1.931818127632141113e-01,2.772706449031829834e-01,1.635430753231048584e-01,1.590458899736404419e-01,3.121551498770713806e-02,-9.537957608699798584e-03,1.512322723865509033e-01,-2.332520037889480591e-01,-2.253773212432861328e-01,3.064955398440361023e-02,3.947382867336273193e-01,2.260203063488006592e-01,-9.984819218516349792e-03,4.522245004773139954e-02,9.596398472785949707e-02,-2.033771723508834839e-01,-2.837527692317962646e-01,-1.202537640929222107e-01,-3.363662585616111755e-02,-3.672787845134735107e-01,2.017517983913421631e-01,-1.404735893011093140e-01,-4.907314199954271317e-03,-8.959418046288192272e-04,-1.581248044967651367e-01,-3.761768341064453125e-02,1.325446963310241699e-01,2.488481253385543823e-01,4.624495804309844971e-01,1.277188807725906372e-01,4.054269790649414062e-01,5.890390835702419281e-03,-2.150139808654785156e-01,4.058151543140411377e-01,-2.059884369373321533e-01,-9.328536689281463623e-02,-3.561963140964508057e-01,-1.285153627395629883e-02,1.009139884263277054e-02,6.463246792554855347e-02,-5.705710500478744507e-02,-3.745650351047515869e-01,-2.385207638144493103e-02,-4.376112222671508789e-01,-6.214009225368499756e-02,-2.257667630910873413e-01,-1.760464608669281006e-01,2.031070441007614136e-01,-2.989517711102962494e-02,5.394084379076957703e-03,-2.229247242212295532e-01,-4.433390498161315918e-01,4.038664698600769043e-02,4.121906757354736328e-01,9.101616591215133667e-02,1.775085777044296265e-01,-7.950425148010253906e-02,5.324230790138244629e-01,2.761539770290255547e-03,-1.593548655509948730e-01,2.695722877979278564e-01,9.731771796941757202e-02,-6.616660952568054199e-02,2.539806962013244629e-01,-6.410329043865203857e-02,-1.535886079072952271e-01,1.044940054416656494e-01,1.692149192094802856e-01,2.391734123229980469e-01,-4.500593990087509155e-02,6.273352354764938354e-02,-3.915876746177673340e-01,3.098623752593994141e-01,3.854791820049285889e-01,-5.649003386497497559e-01,2.740604579448699951e-01,-3.969346582889556885e-01,4.148997068405151367e-01,-3.774317800998687744e-01,-6.001946981996297836e-03,-1.811866760253906250e-01,7.165751606225967407e-02,2.437139861285686493e-02,8.104726672172546387e-02,-2.349480688571929932e-01,1.787443459033966064e-01,2.862528711557388306e-02,-2.050546109676361084e-01,1.708151549100875854e-01
2.098705470561981201e-01,-7.060252130031585693e-02,5.046607181429862976e-02,2.155360728502273560e-01,9.797593206167221069e-02,7.452597022056579590e-01,-9.042829275131225586e-02,-7.397655397653579712e-02,-4.632491990923881531e-02,-5.173412337899208069e-02,-1.116639841347932816e-02,1.885873675346374512e-01,-8.990624547004699707e-02,1.970205605030059814e-01,1.496385876089334488e-02,-1.011870801448822021e-01,-1.494798958301544189e-01,3.035725653171539307e-01,4.524479433894157410e-02,-6.299859285354614258e-02,-1.830459982156753540e-01,2.012128010392189026e-02,1.748367026448249817e-02,2.776192724704742432e-01,-1.378850787878036499e-01,-2.405083775520324707e-01,-9.325503557920455933e-02,-1.594185084104537964e-01,3.808374330401420593e-02,-2.907578945159912109e-01,-1.014102548360824585e-01,-1.153801158070564270e-01,-1.027729660272598267e-01,-6.006973609328269958e-02,4.461097717285156250e-02,2.216103225946426392e-01,1.880197525024414062e-01,-1.010284796357154846e-01,-1.671630591154098511e-01,-6.033461168408393860e-02,-3.794019520282745361e-01,2.536931307986378670e-03,1.802233457565307617e-01,-2.078099548816680908e-02,-1.633955985307693481e-01,3.034443259239196777e-01,2.082319557666778564e-01,-3.211385607719421387e-01,-2.560800015926361084e-01,2.684166133403778076e-01,4.229227006435394287e-01,-1.915071606636047363e-01,1.509910374879837036e-01,-3.821902871131896973e-01,5.125225870870053768e-04,-2.416895627975463867e-01,-2.985188961029052734e-01,-8.522102981805801392e-02,-3.360993564128875732e-01,1.347721815109252930e-01,-3.011586666107177734e-01,1.096330136060714722e-01,-2.413455583155155182e-02,-2.038067132234573364e-01,-4.726263880729675293e-02,1.462055146694183350e-01,-4.007040709257125854e-02,6.839472800493240356e-02,4.108322262763977051e-01,-1.993699669837951660e-01,1.630461812019348145e-01,-1.519356667995452881e-01,3.714136481285095215e-01,-1.701346784830093384e-01,-5.101183801889419556e-02,-4.641534760594367981e-02,5.280173197388648987e-02,-1.471585184335708618e-01,1.298017501831054688e-01,-1.907859444618225098e-01,-3.454280644655227661e-02,-2.962398529052734375e-02,2.194309839978814125e-03,-1.420442461967468262e-01,-3.501945436000823975e-01,4.324109256267547607e-01,-1.455275416374206543e-01,-1.074499413371086121e-01,-3.768666088581085205e-01,2.231075800955295563e-02,-1.603637337684631348e-01,1.270813792943954468e-01,2.587631940841674805e-01,1.816647350788116455e-01,3.444574475288391113e-01,-2.828087210655212402e-01,7.800082862377166748e-02,6.607203744351863861e-03,-2.307713627815246582e-01,1.793713569641113281e-01,6.132781505584716797e-02,-2.034202665090560913e-01,1.973459571599960327e-01,-6.854317337274551392e-02,-2.076377421617507935e-01,5.820595026016235352e-01,-9.814673662185668945e-02,-1.069517955183982849e-01,3.840994536876678467e-01,1.751744598150253296e-01,-1.993600651621818542e-02,-2.632119059562683105e-01,1.348392218351364136e-01,-1.175284609198570251e-01,-5.400394275784492493e-02,8.399999141693115234e-02,3.411035835742950439e-01,-2.205949723720550537e-01,1.913170665502548218e-01,-1.342663019895553589e-01,2.697813212871551514e-01,-9.980169683694839478e-02,1.601465493440628052e-01,1.470342725515365601e-01,-7.576965540647506714e-02,1.253049969673156738e-01,-1.052757259458303452e-02,2.497202306985855103e-01
-2.343087792396545410e-01,1.421322301030158997e-02,-5.271331071853637695e-01,4.294546544551849365e-01,1.230305582284927368e-01,-9.042829275131225586e-02,8.247650265693664551e-01,-2.544499337673187256e-01,-3.876127898693084717e-01,2.556794285774230957e-01,-5.516282320022583008e-01,-2.188434898853302002e-01,2.240946292877197266e-01,-5.952767729759216309e-01,-2.245687879621982574e-02,2.097404748201370239e-01,2.876008152961730957e-01,-1.901615113019943237e-01,-4.763599932193756104e-01,-5.145863890647888184e-01,1.897160857915878296e-01,4.628781080245971680e-01,2.876655757427215576e-01,-3.460101783275604248e-01,4.197777211666107178e-01,4.827167689800262451e-01,-3.381209075450897217e-01,-1.835133284330368042e-01,6.414367556571960449e-01,-3.096713721752166748e-01,-2.903231978416442871e-02,1.171268969774246216e-01,3.330221772193908691e-02,1.760265678167343140e-01,4.705538507550954819e-03,-1.524250209331512451e-01,-4.172443151473999023e-01,1.449091732501983643e-01,4.949460327625274658e-01,-6.306148767471313477e-01,1.112586036324501038e-01,2.340545505285263062e-01,3.078533113002777100e-01,1.319663524627685547e-01,-1.994904316961765289e-02,-3.292361497879028320e-01,-7.215410470962524414e-01,1.138823181390762329e-01,3.278497755527496338e-01,-1.109902784228324890e-01,-2.134807221591472626e-02,6.017597764730453491e-02,-1.842582412064075470e-02,5.788579583168029785e-01,-1.911800950765609741e-01,-1.826580762863159180e-01,5.005378723144531250e-01,7.304418832063674927e-02,5.140833854675292969e-01,-1.706109195947647095e-01,1.650131642818450928e-01,-1.393829584121704102e-01,1.062724739313125610e-01,5.679192543029785156e-01,-3.783418834209442139e-01,-1.446383893489837646e-01,5.889652371406555176e-01,3.944697082042694092e-01,3.073691949248313904e-02,4.491443634033203125e-01,-5.974164605140686035e-01,1.049091108143329620e-02,-3.559196833521127701e-03,-4.103823006153106689e-01,2.053661495447158813e-01,-5.862966179847717285e-01,-1.089698523283004761e-01,3.619841337203979492e-01,-3.800509274005889893e-01,1.513434946537017822e-01,5.757400393486022949e-01,3.983262181282043457e-02,-6.342025399208068848e-01,2.364038228988647461e-01,1.232516840100288391e-01,-3.054220080375671387e-01,5.321800112724304199e-01,2.977517843246459961e-01,5.266564488410949707e-01,-2.981574535369873047e-01,-1.420968323945999146e-01,-4.910775423049926758e-01,-2.862591147422790527e-01,2.319104373455047607e-01,-5.637866854667663574e-01,1.973109245300292969e-01,3.303198516368865967e-01,-1.477073505520820618e-02,7.085759043693542480e-01,1.437402516603469849e-01,-1.587986499071121216e-01,4.297367855906486511e-02,7.812375575304031372e-02,-1.638870500028133392e-02,7.587018013000488281e-01,-2.540377676486968994e-01,-5.864033102989196777e-01,-3.287732601165771484e-01,-6.361874341964721680e-01,-3.557677865028381348e-01,-3.986841440200805664e-02,-2.464099526405334473e-01,2.604598104953765869e-01,2.917883098125457764e-01,6.894513368606567383e-01,6.645070761442184448e-02,-1.822300553321838379e-01,3.036786913871765137e-01,-1.027623862028121948e-01,3.009986579418182373e-01,-3.574905991554260254e-01,-5.091995596885681152e-01,9.409697353839874268e-02,-2.719460427761077881e-01,-1.241017580032348633e-01,-2.839452028274536133e-01,-7.834470272064208984e-02,1.377405375242233276e-01
6.273319125175476074e-01,9.438730031251907349e-02,-1.667817980051040649e-01,-3.210235834121704102e-01,-1.630474068224430084e-02,-7.397655397653579712e-02,-2.544499337673187256e-01,9.335733056068420410e-01,3.928053379058837891e-02,-2.596683800220489502e-01,-3.263379214331507683e-03,-2.613086998462677002e-01,3.926993012428283691e-01,4.191716313362121582e-01,5.873186588287353516e-01,7.617687433958053589e-02,9.878396242856979370e-02,-5.298298001289367676e-01,5.822389721870422363e-01,6.329835057258605957e-01,-2.677447199821472168e-01,-4.855447709560394287e-01,1.396253108978271484e-01,-5.563092827796936035e-01,-1.081938147544860840e-01,-7.550801038742065430e-01,5.876114964485168457e-01,2.778287529945373535e-01,-5.764943957328796387e-01,-1.986828446388244629e-01,-1.618460416793823242e-01,2.559141069650650024e-02,5.506095290184020996e-01,-1.124900579452514648e-01,-1.825277656316757202e-01,-4.966067969799041748e-01,-7.963453233242034912e-02,1.762840002775192261e-01,-2.503594458103179932e-01,-5.573112517595291138e-02,3.929176181554794312e-02,2.228240668773651123e-01,-5.993179082870483398e-01,1.065465901046991348e-02,8.079007863998413086e-01,-5.956690907478332520e-01,-4.871506709605455399e-03,2.600881755352020264e-01,2.283345162868499756e-01,-3.737150728702545166e-01,-3.396017849445343018e-02,6.465095877647399902e-01,-1.148761212825775146e-01,-2.704047262668609619e-01,3.110408186912536621e-01,3.583187758922576904e-01,1.700508594512939453e-01,1.832384318113327026e-01,2.744370102882385254e-01,-8.658941090106964111e-02,2.737226188182830811e-01,1.998770385980606079e-01,6.921441853046417236e-02,-2.518481910228729248e-01,3.790128827095031738e-01,9.866981767117977142e-03,-6.104103103280067444e-02,-2.764115929603576660e-01,-3.106051683425903320e-01,3.518303111195564270e-02,-3.052870035171508789e-01,-6.444582939147949219e-01,-4.450008571147918701e-01,2.336495965719223022e-01,-6.304895132780075073e-02,1.585235893726348877e-01,-1.106757204979658127e-02,5.502990912646055222e-03,-5.409843325614929199e-01,-3.361628055572509766e-01,-4.839616119861602783e-01,4.145743325352668762e-02,3.654530346393585205e-01,1.306379139423370361e-01,4.732913076877593994e-01,2.654487788677215576e-01,-3.145617842674255371e-01,-4.756640270352363586e-02,3.485179841518402100e-01,1.464251726865768433e-01,4.019225239753723145e-01,-2.732423543930053711e-01,-1.560952961444854736e-01,-3.765415251255035400e-01,7.183008641004562378e-02,-5.723606348037719727e-01,1.237091645598411560e-01,-1.051065046340227127e-02,-3.201574683189392090e-01,3.793358802795410156e-01,1.306739449501037598e-01,5.092912316322326660e-01,-3.194127380847930908e-01,-2.631380781531333923e-02,2.324035391211509705e-02,3.217893242835998535e-01,1.473759412765502930e-01,4.189888834953308105e-01,-1.740650385618209839e-01,3.842514380812644958e-02,4.960348010063171387e-01,2.925447225570678711e-01,-2.611797451972961426e-01,-9.042616933584213257e-02,-2.933493554592132568e-01,-2.991136610507965088e-01,-4.783313870429992676e-01,3.363400697708129883e-01,-8.047053217887878418e-01,-1.264169439673423767e-02,-5.038354992866516113e-01,6.384811997413635254e-01,-4.509880542755126953e-01,-1.110991369932889938e-02,7.861791253089904785e-01,-3.881955146789550781e-01,1.474914252758026123e-01,9.580615162849426270e-02
2.754215002059936523e-01,1.581591367721557617e-02,2.296849042177200317e-01,-1.054322496056556702e-01,1.457567811012268066e-01,-4.632491990923881531e-02,-3.876127898693084717e-01,3.928053379058837891e-02,4.557805061340332031e-01,-9.390935301780700684e-02,1.628108918666839600e-01,2.128610163927078247e-01,7.624125480651855469e-02,5.571078658103942871e-01,4.568316787481307983e-02,3.365017939358949661e-03,-2.597706019878387451e-01,4.139692187309265137e-01,3.180203735828399658e-01,2.605063915252685547e-01,-4.604668021202087402e-01,-1.799545735120773315e-01,-8.075201913015916944e-05,3.353946208953857422e-01,-1.766947209835052490e-01,-2.526952922344207764e-01,-5.789536051452159882e-03,-2.137396037578582764e-01,-4.262587130069732666e-01,3.411190584301948547e-02,-3.424809873104095459e-01,-1.348736882209777832e-01,-3.994951397180557251e-02,-3.283476531505584717e-01,1.056135073304176331e-01,1.215712577104568481e-01,2.355690747499465942e-01,-1.253704875707626343e-01,-1.754263639450073242e-01,1.664333939552307129e-01,-3.542658686637878418e-02,-5.926730856299400330e-02,6.450431048870086670e-02,-4.880088940262794495e-02,-1.993975937366485596e-01,3.812500238418579102e-01,3.190552294254302979e-01,-1.604593992233276367e-01,-2.163725346326828003e-01,3.882263302803039551e-01,9.116306900978088379e-02,5.406695231795310974e-02,1.521352529525756836e-01,-1.990610361099243164e-01,3.371130302548408508e-02,-1.320247501134872437e-01,-3.253288567066192627e-01,-8.892339468002319336e-02,-4.839783310890197754e-01,1.613280326128005981e-01,-3.676040768623352051e-01,1.873403936624526978e-01,-4.358751699328422546e-02,-4.353349804878234863e-01,-8.958908170461654663e-02,1.203585043549537659e-01,-1.304516196250915527e-01,8.942251652479171753e-02,1.386077553033828735e-01,-2.514977455139160156e-01,3.106464743614196777e-01,2.095138095319271088e-02,2.057677805423736572e-01,5.738562438637018204e-03,-1.500069200992584229e-01,2.916970476508140564e-02,6.121689453721046448e-02,-4.458777606487274170e-01,1.257002502679824829e-01,-3.019580543041229248e-01,-3.834956884384155273e-01,-3.674389794468879700e-02,1.844411790370941162e-01,-1.093297600746154785e-01,-2.732009291648864746e-01,2.982425689697265625e-01,-3.186012208461761475e-01,-1.345355957746505737e-01,-3.531775772571563721e-01,2.267134375870227814e-02,-2.452372945845127106e-02,2.495128661394119263e-01,1.945936083793640137e-01,1.105463206768035889e-01,3.654385507106781006e-01,-1.486790329217910767e-01,-8.286103606224060059e-03,1.017502136528491974e-02,-3.229702413082122803e-01,1.860403269529342651e-01,1.915326416492462158e-01,-2.900631725788116455e-01,-7.036988623440265656e-03,-6.281737238168716431e-02,-4.890755712985992432e-01,1.105194445699453354e-03,2.677724361419677734e-01,2.033787518739700317e-01,5.278699398040771484e-01,1.864588260650634766e-01,3.610027022659778595e-03,1.182430088520050049e-01,6.141531746834516525e-03,-3.895539343357086182e-01,-3.658573031425476074e-01,-2.912490367889404297e-01,4.039641618728637695e-01,-4.084298908710479736e-01,2.229984402656555176e-01,-1.608282774686813354e-01,1.248143687844276428e-01,1.296363174915313721e-01,1.368532478809356689e-01,-2.932816743850708008e-02,2.123079821467399597e-02,1.431468725204467773e-01,-1.873584091663360596e-02,1.715092658996582031e-01
-2.127074748277664185e-01,-9.265613742172718048e-03,-1.063471212983131409e-01,1.632902324199676514e-01,-2.453367970883846283e-02,-5.173412337899208069e-02,2.556794285774230957e-01,-2.596683800220489502e-01,-9.390935301780700684e-02,1.077853813767433167e-01,-1.384800970554351807e-01,-2.278171293437480927e-02,1.410453673452138901e-02,-2.546180784702301025e-01,-1.237419471144676208e-01,3.619598597288131714e-02,5.854969471693038940e-02,3.829393163323402405e-02,-2.295885235071182251e-01,-2.373853772878646851e-01,9.446948021650314331e-02,2.034312635660171509e-01,8.936077356338500977e-02,-2.149030938744544983e-02,1.426707506179809570e-01,3.083356320858001709e-01,-1.785918772220611572e-01,-1.003113016486167908e-01,2.929551303386688232e-01,-1.920919120311737061e-02,4.109933599829673767e-02,6.758500356227159500e-03,-6.433483958244323730e-02,7.612448185682296753e-02,2.624280750751495361e-02,5.470915697515010834e-03,-8.158450573682785034e-02,7.400170899927616119e-03,2.074842005968093872e-01,-1.710728257894515991e-01,-4.420496989041566849e-04,1.079978980123996735e-02,2.246750146150588989e-01,3.140870854258537292e-02,-1.677969694137573242e-01,5.389465484768152237e-03,-1.938768625259399414e-01,1.334794331341981888e-02,3.198971599340438843e-02,1.021648664027452469e-02,-1.162969134747982025e-02,-7.368824630975723267e-02,1.408329792320728302e-02,2.178431898355484009e-01,-8.983307331800460815e-02,-9.771103411912918091e-02,1.188741251826286316e-01,-6.313106976449489594e-03,1.380272060632705688e-01,-4.035082459449768066e-02,5.646004807204008102e-03,-6.273800134658813477e-02,1.735713519155979156e-02,1.972213238477706909e-01,-2.046933025121688843e-01,-4.730483889579772949e-02,1.707917451858520508e-01,1.483212262392044067e-01,3.351999819278717041e-02,8.583416044712066650e-02,-1.234738305211067200e-01,1.328422725200653076e-01,4.104958847165107727e-02,-1.585344970226287842e-01,6.490760296583175659e-02,-1.864210665225982666e-01,-2.516969293355941772e-02,7.051979005336761475e-02,-1.940044015645980835e-02,8.999073505401611328e-02,2.775931358337402344e-01,5.556697491556406021e-03,-2.240388244390487671e-01,4.832224920392036438e-02,-2.118490636348724365e-02,-1.190643087029457092e-01,1.716094017028808594e-01,8.941327780485153198e-02,8.800613135099411011e-02,-8.654034137725830078e-02,-5.190006643533706665e-02,-9.828776121139526367e-02,-1.016610339283943176e-01,1.442741453647613525e-01,-1.644777506589889526e-01,1.544718593358993530e-01,3.482875972986221313e-02,-2.280920045450329781e-03,2.909188568592071533e-01,-5.101502686738967896e-02,-5.980152264237403870e-02,-1.015463322401046753e-01,4.688122496008872986e-02,2.900612307712435722e-03,2.462189644575119019e-01,-1.680137068033218384e-01,-2.113260626792907715e-01,-1.562075316905975342e-01,-1.457749158143997192e-01,-1.044940873980522156e-01,-5.937680602073669434e-02,-1.313057094812393188e-01,7.252915948629379272e-02,1.296698004007339478e-01,2.487656176090240479e-01,7.068857550621032715e-02,1.361586619168519974e-02,4.567977786064147949e-02,1.414798498153686523e-01,9.133506566286087036e-02,-3.628210350871086121e-02,-2.885769903659820557e-01,1.016946732997894287e-01,-7.489506900310516357e-02,-2.136828452348709106e-01,-2.196274138987064362e-02,-2.577742934226989746e-02,2.648045122623443604e-02
-1.357737034559249878e-01,-5.021020025014877319e-02,5.812560319900512695e-01,-4.808994531631469727e-01,-1.107637211680412292e-01,-1.116639841347932816e-02,-5.516282320022583008e-01,-3.263379214331507683e-03,1.628108918666839600e-01,-1.384800970554351807e-01,6.276057362556457520e-01,1.633314043283462524e-01,-6.100201010704040527e-01,1.862369775772094727e-01,-1.371612399816513062e-01,-2.538287043571472168e-01,-1.602801382541656494e-01,2.951621823012828827e-02,1.866396963596343994e-01,3.140705823898315430e-01,3.027234673500061035e-01,-2.901919782161712646e-01,-6.341955661773681641e-01,4.619124829769134521e-01,-4.069679379463195801e-01,-1.372924149036407471e-01,2.829110920429229736e-01,3.854813277721405029e-01,-3.746898770332336426e-01,5.219047665596008301e-01,3.312011361122131348e-01,8.199058473110198975e-02,-1.988296359777450562e-01,-4.526437446475028992e-02,-1.187380123883485794e-02,3.317239880561828613e-01,2.689909040927886963e-01,-1.059595048427581787e-01,-5.467346310615539551e-01,7.966337203979492188e-01,1.674266457557678223e-01,-2.553373575210571289e-01,-4.071410596370697021e-01,-1.265932768583297729e-01,-8.218456059694290161e-02,3.737713098526000977e-01,6.488969922065734863e-01,-6.613113731145858765e-02,-9.811341017484664917e-02,-2.072004228830337524e-02,-2.254514992237091064e-01,-3.270232975482940674e-01,-9.832831472158432007e-02,-4.453392624855041504e-01,1.095362454652786255e-01,3.080413937568664551e-01,-4.415389597415924072e-01,-7.194404304027557373e-02,-4.857871532440185547e-01,1.016096994280815125e-01,-6.600973755121231079e-02,-4.453764110803604126e-02,-1.190581321716308594e-01,-2.314474433660507202e-01,5.446090698242187500e-01,8.158694207668304443e-02,-6.881520748138427734e-01,-5.316191315650939941e-01,-7.450538128614425659e-02,-3.079826235771179199e-01,6.991667151451110840e-01,3.244991898536682129e-01,4.194217734038829803e-03,6.050381660461425781e-01,-1.578869968652725220e-01,6.774789690971374512e-01,7.537444680929183960e-02,-3.788923472166061401e-02,6.259477138519287109e-01,3.088574111461639404e-01,-3.535000681877136230e-01,-3.359890356659889221e-02,5.244718790054321289e-01,-2.370438724756240845e-01,-8.975594490766525269e-02,-1.509310901165008545e-01,-2.455289065837860107e-01,-2.629268765449523926e-01,-4.219475984573364258e-01,2.629309594631195068e-01,-5.591629445552825928e-02,6.015149354934692383e-01,4.097768962383270264e-01,-4.593903720378875732e-01,2.906730771064758301e-01,1.991760432720184326e-01,-3.753271400928497314e-01,1.212682854384183884e-02,-6.238832473754882812e-01,-4.427379071712493896e-01,2.660751575604081154e-03,1.860048472881317139e-01,9.765394963324069977e-03,9.288255870342254639e-02,-7.559374570846557617e-01,9.359865635633468628e-02,6.794276833534240723e-01,2.484789341688156128e-01,3.791434466838836670e-01,2.813636064529418945e-01,-3.728331029415130615e-01,2.941242456436157227e-01,-1.278938353061676025e-01,-1.626515239477157593e-01,-6.171026229858398438e-01,1.087321490049362183e-01,1.069780290126800537e-01,-2.151057869195938110e-01,2.403009980916976929e-01,-2.497175335884094238e-01,6.296730637550354004e-01,4.868036508560180664e-01,-2.344160825014114380e-01,4.086498618125915527e-01,1.022708974778652191e-02,2.830631136894226074e-01,2.022550441324710846e-02,-4.812124371528625488e-01
2.571260742843151093e-02,-3.670805320143699646e-02,2.208765596151351929e-01,-6.290895398706197739e-03,1.180236488580703735e-01,1.885873675346374512e-01,-2.188434898853302002e-01,-2.613086998462677002e-01,2.128610163927078247e-01,-2.278171293437480927e-02,1.633314043283462524e-01,2.386024147272109985e-01,-1.877708733081817627e-01,2.313263118267059326e-01,-1.227680668234825134e-01,-5.915980413556098938e-02,-2.172676622867584229e-01,4.463821649551391602e-01,5.890420079231262207e-02,-2.620770595967769623e-02,-1.298172920942306519e-01,2.542430348694324493e-02,-1.334424316883087158e-01,4.900912344455718994e-01,-1.628109514713287354e-01,1.917662657797336578e-02,-1.609384566545486450e-01,-1.992895305156707764e-01,-7.377550750970840454e-02,3.404564037919044495e-02,-1.074657365679740906e-01,-6.703139841556549072e-02,-2.549425661563873291e-01,-1.438402235507965088e-01,1.022460833191871643e-01,2.830555140972137451e-01,2.134328037500381470e-01,-1.417880058288574219e-01,-1.628973931074142456e-01,1.814204603433609009e-01,-6.728690862655639648e-02,-1.154118999838829041e-01,2.295598536729812622e-01,-4.473078995943069458e-02,-3.777922987937927246e-01,5.071815848350524902e-01,2.850197851657867432e-01,-2.328151762485504150e-01,-2.289383262395858765e-01,3.535440862178802490e-01,1.844226568937301636e-01,-2.236271053552627563e-01,1.219981983304023743e-01,-2.098475396633148193e-01,-6.981180608272552490e-02,-2.001779824495315552e-01,-3.278857469558715820e-01,-1.144680231809616089e-01,-4.903882443904876709e-01,1.578149497509002686e-01,-3.285059928894042969e-01,5.047097429633140564e-02,-6.072146072983741760e-02,-2.555673122406005859e-01,-8.516762405633926392e-02,1.125416532158851624e-01,-1.521354317665100098e-01,8.591104298830032349e-02,1.986509859561920166e-01,-2.198056578636169434e-01,3.881912231445312500e-01,1.682242304086685181e-01,3.324443995952606201e-01,-3.125464543700218201e-02,-9.488657861948013306e-02,4.860742762684822083e-02,5.335655063390731812e-02,-2.563371658325195312e-01,3.704650998115539551e-01,-5.980115011334419250e-02,-1.360813081264495850e-01,-4.026221483945846558e-02,1.409515086561441422e-02,-1.533958464860916138e-01,-3.586985468864440918e-01,1.565508097410202026e-01,-1.197368800640106201e-01,-1.137912049889564514e-01,-4.333740770816802979e-01,1.548548694700002670e-02,-1.800318956375122070e-01,3.225291669368743896e-01,2.951425313949584961e-01,1.250600963830947876e-01,3.057541549205780029e-01,2.468862198293209076e-02,-3.290951997041702271e-02,1.069593988358974457e-02,-2.344064414501190186e-01,-1.561786048114299774e-02,7.096528261899948120e-02,-3.184155821800231934e-01,1.464492082595825195e-01,-3.275915607810020447e-02,-4.223397374153137207e-01,7.793221622705459595e-02,1.952369809150695801e-01,1.669013127684593201e-02,4.749482870101928711e-01,1.668640524148941040e-01,-2.422939389944076538e-01,1.328839571215212345e-03,1.010960713028907776e-01,-2.551282346248626709e-01,-1.525466144084930420e-01,-4.903600364923477173e-02,4.833703339099884033e-01,-3.924047350883483887e-01,4.515665173530578613e-01,-1.639530211687088013e-01,3.959049582481384277e-01,-8.422730118036270142e-02,1.792301833629608154e-01,9.290651232004165649e-02,-2.409958243370056152e-01,2.374219000339508057e-01,-5.241774022579193115e-02,6.725955009460449219e-02
