8.458166122436523438e-01,1.182603389024734497e-01,-3.398953676223754883e-01,-2.970057912170886993e-02,4.294049143791198730e-01,1.207565143704414368e-01,-3.000575490295886993e-02,6.377602219581604004e-01,1.668692678213119507e-01,-1.152315959334373474e-01,-2.724492549896240234e-01,-5.871298909187316895e-02,6.604537367820739746e-01,5.670176148414611816e-01,6.228669285774230957e-01,2.074846625328063965e-01,-7.962023466825485229e-02,-4.000537097454071045e-02,5.361436009407043457e-01,2.946615815162658691e-01,-5.917268991470336914e-01,-2.707459628582000732e-01,4.569170475006103516e-01,-3.076747357845306396e-01,-8.844233304262161255e-02,-6.892881393432617188e-01,1.240378394722938538e-01,-2.911160588264465332e-01,-3.780642449855804443e-01,-6.228433847427368164e-01,-5.512118339538574219e-01,-3.691451996564865112e-02,2.981186509132385254e-01,-2.986577749252319336e-01,-3.568045422434806824e-02,-3.088825643062591553e-01,-5.195831507444381714e-02,6.482499837875366211e-02,-1.653574407100677490e-01,-4.388049840927124023e-01,-9.132200479507446289e-02,3.039777278900146484e-01,-1.017870530486106873e-01,5.778580904006958008e-02,4.969041049480438232e-01,-3.305408656597137451e-01,-2.422974258661270142e-01,-3.404846787452697754e-02,2.996356459334492683e-03,1.420084983110427856e-01,3.510226011276245117e-01,5.669131278991699219e-01,1.114938855171203613e-01,-1.420804560184478760e-01,5.737796798348426819e-02,-1.515387296676635742e-01,8.431837707757949829e-02,7.934311777353286743e-02,1.935138832777738571e-03,9.627581387758255005e-02,-8.910289406776428223e-02,2.406995743513107300e-01,6.897783279418945312e-02,-3.783954381942749023e-01,-6.775927543640136719e-02,1.158610954880714417e-01,3.028409779071807861e-01,2.855429947376251221e-01,6.633898615837097168e-02,1.722574383020401001e-01,-3.911265730857849121e-01,-7.435958981513977051e-01,4.958210512995719910e-02,-2.746830582618713379e-01,-9.263385087251663208e-02,-3.704411387443542480e-01,-7.752133999019861221e-03,-2.081770747900009155e-01,-5.726512074470520020e-01,-5.687506198883056641e-01,-4.890652000904083252e-01,8.874334394931793213e-03,-8.535470068454742432e-02,7.873918861150741577e-02,4.352298006415367126e-02,3.949883580207824707e-01,-1.785644143819808960e-01,-1.435330836102366447e-03,1.806286722421646118e-01,-1.006070598959922791e-01,6.164324283599853516e-02,-3.050827383995056152e-01,2.852445840835571289e-02,5.021133646368980408e-02,2.482515722513198853e-01,-6.403905153274536133e-01,4.818342030048370361e-01,-4.781679250299930573e-03,-2.881837487220764160e-01,6.500231623649597168e-01,1.892934590578079224e-01,6.464427709579467773e-02,-4.769250005483627319e-02,-9.271951764822006226e-02,3.431874141097068787e-02,3.882596790790557861e-01,-2.636285498738288879e-02,2.835111320018768311e-01,7.554913754574954510e-04,4.028035327792167664e-02,3.722574412822723389e-01,1.771239042282104492e-01,1.017066240310668945e-01,-4.006527960300445557e-01,2.010165713727474213e-02,-5.043784379959106445e-01,6.947938352823257446e-02,-6.889118254184722900e-02,-5.377650260925292969e-01,-5.716823786497116089e-02,-5.527393221855163574e-01,2.961944937705993652e-01,-7.330538239330053329e-03,-2.738692462444305420e-01,5.683687925338745117e-01,-2.677168250083923340e-01,-1.626038178801536560e-02,5.292979478836059570e-01
1.182603389024734497e-01,3.672657534480094910e-02,-5.528770387172698975e-02,-5.865158885717391968e-02,9.057485312223434448e-02,-6.836868822574615479e-02,-2.328311651945114136e-02,1.022226884961128235e-01,4.755739495158195496e-02,-1.703459955751895905e-02,-1.088465563952922821e-02,-1.504566613584756851e-02,1.068922653794288635e-01,1.049637421965599060e-01,9.918799996376037598e-02,3.957905620336532593e-02,-1.093479059636592865e-02,-2.564112283289432526e-02,9.614448249340057373e-02,4.834929853677749634e-02,-8.408706635236740112e-02,-5.518897622823715210e-02,6.546525657176971436e-02,-3.719222918152809143e-02,-2.226338535547256470e-02,-9.781717509031295776e-02,1.205307710915803909e-02,-4.490989819169044495e-02,-7.970122992992401123e-02,-6.970663368701934814e-02,-8.551888912916183472e-02,1.202043797820806503e-02,3.343687579035758972e-02,-3.827071562409400940e-02,-6.791754160076379776e-03,-4.498811438679695129e-02,-2.106236480176448822e-02,1.170684397220611572e-02,-1.019672024995088577e-02,-3.166278079152107239e-02,4.219292104244232178e-02,3.451628610491752625e-02,-3.066372126340866089e-02,7.477704901248216629e-03,8.512158691883087158e-02,-6.228713691234588623e-02,-4.450906440615653992e-02,1.683136820793151855e-02,4.027470946311950684e-03,1.771315932273864746e-02,1.215974614024162292e-02,9.081268310546875000e-02,-6.242115981876850128e-03,3.246323764324188232e-02,-4.473641980439424515e-03,-2.059465914499014616e-04,1.993888989090919495e-02,1.605257205665111542e-02,-7.799602579325437546e-03,1.848833821713924408e-02,2.649145200848579407e-02,1.788305118680000305e-02,8.078034035861492157e-03,-5.872485041618347168e-02,2.981457160785794258e-03,1.017384603619575500e-02,4.435294494032859802e-02,6.821817159652709961e-02,-4.423995688557624817e-02,8.073873817920684814e-02,-4.791285097599029541e-02,-1.148260235786437988e-01,-1.560129225254058838e-02,-1.940319873392581940e-02,-1.512451842427253723e-02,-5.685394629836082458e-02,-4.524810239672660828e-03,-1.583297364413738251e-02,-6.597752869129180908e-02,-6.865310668945312500e-02,-1.238020583987236023e-01,2.166006714105606079e-03,-1.579582877457141876e-02,1.239924505352973938e-02,3.864837065339088440e-02,-9.486611234024167061e-04,-6.506175734102725983e-03,2.184500684961676598e-03,5.309475585818290710e-02,-2.321006730198860168e-02,1.016496960073709488e-02,-4.019666835665702820e-02,-2.195921028032898903e-03,-6.993118207901716232e-03,3.263719752430915833e-02,-5.876492336392402649e-02,7.558526843786239624e-02,-6.405021413229405880e-04,-5.272281542420387268e-02,5.821995809674263000e-02,2.773011289536952972e-02,1.615642197430133820e-02,-1.968260854482650757e-02,-5.377201829105615616e-03,-1.797146536409854889e-02,-1.374875754117965698e-02,4.732656851410865784e-02,7.540172338485717773e-02,-2.331164851784706116e-02,-2.706765662878751755e-03,3.417996689677238464e-02,6.563451886177062988e-02,1.425052410922944546e-03,-8.279663324356079102e-02,4.084411077201366425e-03,-1.070458516478538513e-01,-2.026073634624481201e-03,-1.738646626472473145e-02,-1.034432426095008850e-01,-1.231444999575614929e-02,-1.072987020015716553e-01,8.131370693445205688e-02,-5.312349181622266769e-03,-8.421266824007034302e-02,9.780270606279373169e-02,-3.729313239455223083e-02,-6.579536478966474533e-03,4.524029418826103210e-02
-3.398953676223754883e-01,-5.528770387172698975e-02,7.974887490272521973e-01,-3.363457024097442627e-01,-2.902078032493591309e-01,-1.455568522214889526e-01,-5.809475183486938477e-01,-1.948949182406067848e-03,2.749192416667938232e-01,-1.168999299407005310e-01,4.913961589336395264e-01,2.623347640037536621e-01,-5.232362151145935059e-01,2.896260917186737061e-01,-4.180836677551269531e-01,-2.627997398376464844e-01,-1.862424165010452271e-01,7.329250127077102661e-02,1.110766902565956116e-01,3.556110560894012451e-01,-4.565340466797351837e-03,-3.089587390422821045e-01,-5.293521881103515625e-01,4.536566734313964844e-01,-3.212938010692596436e-01,-6.412753462791442871e-02,3.209516406059265137e-01,4.559319317340850830e-01,-4.682530462741851807e-01,6.650763750076293945e-01,1.550977230072021484e-01,1.675657927989959717e-01,-3.091880381107330322e-01,-1.564595401287078857e-01,5.159515142440795898e-02,4.994980990886688232e-01,3.769913911819458008e-01,-2.088834792375564575e-01,-4.126538038253784180e-01,7.527297139167785645e-01,6.867083162069320679e-02,-1.844779103994369507e-01,-3.129594624042510986e-01,-1.269070953130722046e-01,-2.691093683242797852e-01,5.033901929855346680e-01,7.592784166336059570e-01,-8.690588176250457764e-02,-5.787317641079425812e-03,1.923836469650268555e-01,-1.717680841684341431e-01,-1.385670900344848633e-01,-1.070781424641609192e-01,-4.234318733215332031e-01,1.786510497331619263e-01,2.474820762872695923e-01,-5.318187475204467773e-01,-1.135700494050979614e-01,-5.487526655197143555e-01,1.412273496389389038e-01,-1.604913324117660522e-01,6.127066910266876221e-02,-1.081023439764976501e-01,-2.261749804019927979e-01,4.190989136695861816e-01,7.980456203222274780e-02,-7.139857411384582520e-01,-5.517792701721191406e-01,-1.284869611263275146e-01,-5.011427998542785645e-01,6.913028359413146973e-01,4.223069250583648682e-01,1.145507618784904480e-01,4.410360753536224365e-01,-1.933411508798599243e-01,6.086965799331665039e-01,9.488039463758468628e-02,-2.977396547794342041e-01,4.826258420944213867e-01,3.986475467681884766e-01,-2.344150096178054810e-01,-4.295006766915321350e-02,5.937963724136352539e-01,-1.933500915765762329e-01,-8.271504193544387817e-02,1.670450270175933838e-01,-3.521599471569061279e-01,-2.426244467496871948e-01,-5.233851671218872070e-01,2.418516427278518677e-01,-6.129949912428855896e-02,5.977318882942199707e-01,2.619139552116394043e-01,-2.645068466663360596e-01,3.120519220829010010e-01,1.225764006376266479e-01,-3.076944351196289062e-01,1.356260571628808975e-02,-4.256267249584197998e-01,-4.434867203235626221e-01,2.449255436658859253e-02,-1.504159998148679733e-02,2.016091719269752502e-02,1.785158738493919373e-02,-7.222381830215454102e-01,4.635853320360183716e-02,4.706475734710693359e-01,1.838249117136001587e-01,5.593794584274291992e-01,2.879212200641632080e-01,-3.068811595439910889e-01,9.759214520454406738e-02,-1.722950637340545654e-01,-1.162057295441627502e-01,-6.886398196220397949e-01,1.468196660280227661e-01,-8.298864588141441345e-03,-2.146815806627273560e-01,2.679929733276367188e-01,-1.818008422851562500e-01,5.339668989181518555e-01,2.274691164493560791e-01,-2.630829811096191406e-01,3.134674429893493652e-01,-1.299327798187732697e-02,3.202476203441619873e-01,-3.818012773990631104e-02,-3.449299335479736328e-01
-2.970057912170886993e-02,-5.865158885717391968e-02,-3.363457024097442627e-01,6.521241068840026855e-01,-6.641250848770141602e-02,3.121549487113952637e-01,4.403851926326751709e-01,-3.875651955604553223e-01,-1.806901395320892334e-01,1.416521817445755005e-01,-4.978427588939666748e-01,-7.904607802629470825e-02,2.909869849681854248e-01,-3.533652126789093018e-01,-2.461238019168376923e-02,6.175217032432556152e-02,1.009353175759315491e-01,3.065484762191772461e-01,-3.521283566951751709e-01,-3.666281998157501221e-01,-1.741499751806259155e-01,3.294403553009033203e-01,4.262765049934387207e-01,-2.077462524175643921e-01,3.813120722770690918e-01,2.581594884395599365e-01,-3.190580606460571289e-01,-3.714708685874938965e-01,4.769638180732727051e-01,-3.394278883934020996e-01,-5.911178514361381531e-02,-3.402432799339294434e-01,2.807874679565429688e-01,3.810347616672515869e-02,3.713588044047355652e-02,-2.479278147220611572e-01,-1.146460622549057007e-01,6.994231045246124268e-02,4.998741745948791504e-01,-6.188780069351196289e-01,-3.863559365272521973e-01,5.484917387366294861e-02,5.120945572853088379e-01,6.280484795570373535e-02,-1.997708529233932495e-01,-8.453530818223953247e-02,-3.333188891410827637e-01,-7.861527800559997559e-02,-1.385997831821441650e-01,5.600772425532341003e-02,1.452436447143554688e-01,-8.990453183650970459e-02,2.481000870466232300e-01,2.484305500984191895e-01,-3.367118164896965027e-02,-3.042548596858978271e-01,2.085977047681808472e-01,-1.633789390325546265e-02,3.191846013069152832e-01,-1.140784099698066711e-01,-1.815748810768127441e-01,3.211496025323867798e-02,6.132518872618675232e-02,2.666527926921844482e-01,-5.960236787796020508e-01,-8.064468204975128174e-02,5.034323334693908691e-01,3.491263985633850098e-01,4.696381688117980957e-01,1.911661028861999512e-02,-4.014022052288055420e-01,9.947156906127929688e-02,3.860438987612724304e-02,-5.020517110824584961e-01,1.459410339593887329e-01,-4.526661932468414307e-01,-2.895040251314640045e-02,-8.516213856637477875e-03,-3.261915147304534912e-01,-3.322188258171081543e-01,5.446356534957885742e-01,1.437145285308361053e-02,-3.163334131240844727e-01,1.025364771485328674e-01,-2.308094054460525513e-01,1.555565148591995239e-01,8.476106822490692139e-02,1.578361243009567261e-01,8.194460719823837280e-02,-1.276106834411621094e-01,9.005970507860183716e-02,-3.927606344223022461e-01,-3.103186786174774170e-01,5.352013111114501953e-01,-2.663136422634124756e-01,-4.516872018575668335e-02,-5.839174613356590271e-02,-5.194640252739191055e-03,5.549746751785278320e-01,3.165998756885528564e-01,-3.736193291842937469e-03,-3.171352148056030273e-01,-1.723765395581722260e-02,-2.672456763684749603e-02,6.151190400123596191e-01,9.103033691644668579e-02,-7.114555239677429199e-01,-3.879514336585998535e-01,-1.678080409765243530e-01,-1.845571547746658325e-01,3.623855113983154297e-01,-4.407747387886047363e-01,1.099579036235809326e-01,3.479354083538055420e-01,4.370215237140655518e-01,1.842326670885086060e-01,1.759326756000518799e-01,6.407458335161209106e-02,2.036847025156021118e-01,2.099440991878509521e-01,-2.135146707296371460e-01,-5.778950452804565430e-01,4.119614660739898682e-01,-1.117162182927131653e-01,-3.273863196372985840e-01,-9.437464922666549683e-02,3.036963380873203278e-02,3.453620374202728271e-01
4.294049143791198730e-01,9.057485312223434448e-02,-2.902078032493591309e-01,-6.641250848770141602e-02,7.334345579147338867e-01,2.245346270501613617e-02,1.439589560031890869e-01,5.635907500982284546e-02,1.321109980344772339e-01,-2.844242844730615616e-03,-2.023617029190063477e-01,7.066262513399124146e-02,1.904962062835693359e-01,2.280377745628356934e-01,3.762342333793640137e-01,1.949305683374404907e-01,-9.627100825309753418e-02,1.870273053646087646e-01,2.307808995246887207e-01,-1.104274392127990723e-01,-2.006469219923019409e-01,7.148052006959915161e-02,3.212381526827812195e-02,2.334235906600952148e-01,-1.341284513473510742e-01,-1.326265037059783936e-01,-2.946440279483795166e-01,-4.169064462184906006e-01,-1.896724849939346313e-02,-4.514429867267608643e-01,-4.439066648483276367e-01,1.964454948902130127e-01,-9.336427599191665649e-02,-2.299969941377639771e-01,7.407443970441818237e-02,1.109223440289497375e-01,-1.180838942527770996e-01,-7.245081360451877117e-04,-1.249719709157943726e-01,-2.850609719753265381e-01,2.534207403659820557e-01,1.914280802011489868e-01,1.860428005456924438e-01,4.184087365865707397e-02,1.515359804034233093e-02,6.565444916486740112e-02,-3.515193760395050049e-01,-1.433189958333969116e-01,3.801964223384857178e-02,3.652378320693969727e-01,2.276848405599594116e-01,5.548604205250740051e-02,3.600842878222465515e-02,1.321390867233276367e-01,-1.903411895036697388e-01,-2.849221229553222656e-01,-5.627828836441040039e-02,-1.054236944764852524e-02,-3.003561198711395264e-01,1.992437690496444702e-01,-1.279392242431640625e-01,2.483534161001443863e-03,1.187440380454063416e-02,-1.601215451955795288e-01,-1.260326355695724487e-01,1.128235533833503723e-01,3.126245439052581787e-01,5.170422792434692383e-01,7.592014223337173462e-02,3.930803239345550537e-01,-8.225420862436294556e-02,-2.746762633323669434e-01,3.614490628242492676e-01,-2.787724733352661133e-01,-1.189399883151054382e-01,-4.815762937068939209e-01,-2.847056277096271515e-02,-2.435817383229732513e-03,-2.518928796052932739e-02,-9.443190693855285645e-02,-3.435986936092376709e-01,-1.500058267265558243e-02,-5.010967254638671875e-01,-1.567242667078971863e-02,-2.354430705308914185e-01,-1.646338701248168945e-01,2.565465569496154785e-01,2.249485114589333534e-03,5.860402807593345642e-02,-2.255649864673614502e-01,-3.349243402481079102e-01,-2.611782960593700409e-02,3.737005293369293213e-01,1.019370108842849731e-01,1.590366363525390625e-01,-1.488466113805770874e-01,5.804851055145263672e-01,4.938027705065906048e-04,-1.480490416288375854e-01,2.696545422077178955e-01,8.244230598211288452e-02,-4.298174008727073669e-02,2.520549297332763672e-01,-5.786618217825889587e-02,-8.961629122495651245e-02,7.135736942291259766e-02,1.245339214801788330e-01,1.996860206127166748e-01,-8.469357341527938843e-02,2.419154532253742218e-02,-3.002519905567169189e-01,3.392576873302459717e-01,3.493376672267913818e-01,-5.129223465919494629e-01,3.347919583320617676e-01,-3.936613798141479492e-01,4.124032557010650635e-01,-3.731132745742797852e-01,-6.625364720821380615e-02,-1.154231205582618713e-01,-3.416216000914573669e-02,1.511389855295419693e-02,4.339457303285598755e-02,-2.550211548805236816e-01,1.972200274467468262e-01,-6.337477266788482666e-02,-2.016831636428833008e-01,2.511470913887023926e-01
1.207565143704414368e-01,-6.836868822574615479e-02,-1.455568522214889526e-01,3.121549487113952637e-01,2.245346270501613617e-02,6.685999035835266113e-01,1.441109627485275269e-01,-5.003251135349273682e-02,-2.074252068996429443e-01,1.928292773663997650e-02,-2.164360433816909790e-01,3.638499230146408081e-02,2.663486823439598083e-02,-5.751580744981765747e-02,3.623615577816963196e-02,-3.813843429088592529e-02,3.354524960741400719e-03,1.222333461046218872e-01,-1.064619868993759155e-01,-1.748429834842681885e-01,-9.062364697456359863e-02,1.416591405868530273e-01,1.423550546169281006e-01,1.866406761109828949e-02,3.224726021289825439e-02,-1.208815127611160278e-01,-9.982135891914367676e-02,-1.389147937297821045e-01,2.239127755165100098e-01,-3.254842758178710938e-01,7.644525729119777679e-03,-7.803056389093399048e-02,3.814935684204101562e-02,4.996708407998085022e-02,1.182358432561159134e-02,3.154431656002998352e-02,3.391006961464881897e-02,-1.695454679429531097e-02,-6.958677433431148529e-03,-2.829140424728393555e-01,-3.546768128871917725e-01,7.590211182832717896e-02,2.027070075273513794e-01,2.093239687383174896e-02,-5.940547585487365723e-02,4.191672801971435547e-02,-4.309267178177833557e-02,-1.688352525234222412e-01,-9.258561581373214722e-02,8.186404407024383545e-02,3.488653600215911865e-01,-1.263656616210937500e-01,1.027965396642684937e-01,-2.228803485631942749e-01,-4.291437799111008644e-04,-2.037937492132186890e-01,-6.137583777308464050e-02,-2.349275164306163788e-02,-4.271388985216617584e-03,2.235872484743595123e-02,-1.764508783817291260e-01,4.791034013032913208e-02,1.637553609907627106e-02,1.700800471007823944e-02,-1.251418143510818481e-01,5.969058349728584290e-02,1.401242166757583618e-01,9.078301489353179932e-02,3.460688889026641846e-01,-7.842867821455001831e-02,-1.086593940854072571e-01,-1.840589195489883423e-01,2.296266406774520874e-01,-2.776717245578765869e-01,1.738409698009490967e-02,-1.750251501798629761e-01,8.017886430025100708e-03,1.328772399574518204e-02,-9.483733028173446655e-02,-1.110789477825164795e-01,2.140108048915863037e-01,-3.868013853207230568e-03,-1.351824849843978882e-01,-2.413290739059448242e-02,-2.127010375261306763e-01,3.073119521141052246e-01,3.947322815656661987e-02,7.913843728601932526e-03,-1.396476924419403076e-01,-2.742972224950790405e-02,-7.939210534095764160e-02,-9.798213839530944824e-02,5.172356218099594116e-02,2.039557695388793945e-01,1.020380035042762756e-01,-2.388005703687667847e-01,1.189117133617401123e-01,-9.007778717204928398e-04,1.287044398486614227e-02,1.767012774944305420e-01,-4.604845307767391205e-03,-7.366700470447540283e-02,1.734832227230072021e-01,-3.862407431006431580e-02,1.194133386015892029e-01,5.015259385108947754e-01,-3.162321746349334717e-01,-1.771946996450424194e-01,8.191671222448348999e-02,2.151317521929740906e-02,8.670040220022201538e-02,-2.819834053516387939e-01,1.344138830900192261e-01,8.045502752065658569e-02,1.749105304479598999e-01,1.460452675819396973e-01,1.613987833261489868e-01,2.580448426306247711e-02,5.717911943793296814e-02,6.594002246856689453e-03,9.214299917221069336e-02,-2.240242660045623779e-01,8.843144029378890991e-02,1.212288588285446167e-01,-4.753320291638374329e-02,-4.259002581238746643e-02,-7.853611372411251068e-03,2.816041409969329834e-01
-3.000575490295886993e-02,-2.328311651945114136e-02,-5.809475183486938477e-01,4.403851926326751709e-01,1.439589560031890869e-01,1.441109627485275269e-01,7.883337140083312988e-01,-2.826944589614868164e-01,-3.832108676433563232e-01,1.965500712394714355e-01,-4.345396161079406738e-01,-2.714416980743408203e-01,1.422727108001708984e-01,-6.186722517013549805e-01,1.725200712680816650e-01,1.226635500788688660e-01,2.854977250099182129e-01,-1.585305929183959961e-01,-3.605035543441772461e-01,-4.298840165138244629e-01,2.723930776119232178e-01,3.179338276386260986e-01,1.803556829690933228e-01,-3.814964294433593750e-01,3.627890944480895996e-01,3.243538737297058105e-01,-2.592464685440063477e-01,-1.842474192380905151e-01,6.093804240226745605e-01,-3.978472054004669189e-01,1.200691610574722290e-01,-1.684444993734359741e-01,3.378247320652008057e-01,1.723301112651824951e-01,-4.253763705492019653e-02,-3.237541615962982178e-01,-4.169549942016601562e-01,2.021446973085403442e-01,4.120715558528900146e-01,-6.035404205322265625e-01,-4.760115873068571091e-03,1.582923531532287598e-01,1.809604465961456299e-01,9.837727248668670654e-02,1.177228465676307678e-01,-4.483731687068939209e-01,-6.812016963958740234e-01,9.023212641477584839e-02,1.557618528604507446e-01,-2.403611987829208374e-01,-1.935810297727584839e-01,-1.364985257387161255e-01,5.484126135706901550e-02,5.834114551544189453e-01,-6.441528350114822388e-02,-4.697760939598083496e-02,4.694175422191619873e-01,8.085892349481582642e-02,5.576401352882385254e-01,-2.503748238086700439e-01,1.927967220544815063e-01,-1.139716058969497681e-01,9.522932767868041992e-02,5.912227630615234375e-01,-2.941847443580627441e-01,-1.436170637607574463e-01,5.968384742736816406e-01,3.424353599548339844e-01,2.771641314029693604e-01,4.946716129779815674e-01,-6.002565026283264160e-01,2.655645646154880524e-02,-1.541468799114227295e-01,-2.295139282941818237e-01,2.253118008375167847e-01,-5.168756246566772461e-01,-9.897100180387496948e-02,4.854661524295806885e-01,-3.514953851699829102e-01,-6.707391142845153809e-02,5.113856196403503418e-01,4.400179162621498108e-02,-5.389249920845031738e-01,1.729334145784378052e-01,6.393170356750488281e-02,-4.186694622039794922e-01,4.236027002334594727e-01,2.191293984651565552e-01,5.449040532112121582e-01,-1.972118616104125977e-01,2.871837699785828590e-03,-5.126026272773742676e-01,-2.928094863891601562e-01,1.613590419292449951e-01,-5.835833549499511719e-01,1.820342093706130981e-01,1.552278101444244385e-01,-1.395811606198549271e-02,6.185119152069091797e-01,2.090154439210891724e-01,-1.037332266569137573e-01,1.902422606945037842e-01,-5.173102766275405884e-02,3.193925693631172180e-02,7.780610918998718262e-01,-7.512620836496353149e-02,-5.770811438560485840e-01,-2.667835950851440430e-01,-7.378038763999938965e-01,-3.088553249835968018e-01,1.187663748860359192e-01,-2.861680090427398682e-01,1.836121529340744019e-01,3.603410124778747559e-01,6.064276099205017090e-01,1.590177267789840698e-01,-1.500266492366790771e-01,2.318178564310073853e-01,-1.480013579130172729e-01,2.633481919765472412e-01,-2.980458736419677734e-01,-2.667987048625946045e-01,1.890000551939010620e-01,-1.929583251476287842e-01,-7.666219025850296021e-02,-2.620984315872192383e-01,3.342546522617340088e-02,7.790765725076198578e-03
6.377602219581604004e-01,1.022226884961128235e-01,-1.948949182406067848e-03,-3.875651955604553223e-01,5.635907500982284546e-02,-5.003251135349273682e-02,-2.826944589614868164e-01,9.186004400253295898e-01,1.476908922195434570e-01,-2.167945206165313721e-01,1.561086177825927734e-01,-1.265335083007812500e-01,3.742123842239379883e-01,5.914568305015563965e-01,4.936582148075103760e-01,4.174397885799407959e-02,-2.316317334771156311e-02,-4.848802685737609863e-01,6.717677116394042969e-01,6.768332123756408691e-01,-3.289933204650878906e-01,-5.988561511039733887e-01,1.520503759384155273e-01,-4.472108483314514160e-01,-2.653225362300872803e-01,-8.327711224555969238e-01,6.141918897628784180e-01,2.885313332080841064e-01,-6.567255258560180664e-01,-1.870419532060623169e-01,-2.626899480819702148e-01,6.111311912536621094e-02,2.890705764293670654e-01,-2.222176492214202881e-01,-1.445498913526535034e-01,-2.676636278629302979e-01,2.351954579353332520e-02,6.898313760757446289e-02,-4.633579850196838379e-01,4.006214812397956848e-02,5.428207665681838989e-02,2.318043857812881470e-01,-6.417433023452758789e-01,-1.776289194822311401e-03,7.489166855812072754e-01,-4.551160633563995361e-01,8.933918178081512451e-02,1.526488214731216431e-01,1.904768496751785278e-01,-2.070550471544265747e-01,2.019014023244380951e-02,6.726346611976623535e-01,-1.052662655711174011e-01,-3.445831239223480225e-01,2.920586466789245605e-01,3.340503275394439697e-01,4.552239179611206055e-02,1.372550725936889648e-01,7.796400785446166992e-02,-1.500829122960567474e-02,1.500028818845748901e-01,2.695659697055816650e-01,4.278850555419921875e-02,-3.832855522632598877e-01,4.504190385341644287e-01,8.502270281314849854e-02,-1.647551208734512329e-01,-2.911720871925354004e-01,-2.534843683242797852e-01,-4.953182302415370941e-03,-2.202291786670684814e-01,-6.786920428276062012e-01,-2.826468944549560547e-01,2.767373919486999512e-01,-9.703443199396133423e-02,1.685298532247543335e-01,1.844206824898719788e-02,-1.048354133963584900e-01,-4.902472496032714844e-01,-3.260937631130218506e-01,-6.010496020317077637e-01,2.033427916467189789e-02,4.186408221721649170e-01,5.685633420944213867e-02,4.310595095157623291e-01,3.519038856029510498e-01,-4.210825264453887939e-01,-1.105505526065826416e-01,2.334749549627304077e-01,1.382430940866470337e-01,2.371606081724166870e-01,-1.251074522733688354e-01,-3.516334295272827148e-02,-4.584532082080841064e-01,2.262238264083862305e-01,-5.243258476257324219e-01,1.985702216625213623e-01,-5.183084402233362198e-03,-5.260765552520751953e-01,3.741548061370849609e-01,1.496782451868057251e-01,4.556097090244293213e-01,-2.732599675655364990e-01,-3.575647249817848206e-02,-1.801603436470031738e-01,3.752730786800384521e-01,2.845621705055236816e-01,4.770713150501251221e-01,6.619322579354047775e-03,1.333844363689422607e-01,3.637327253818511963e-01,2.499620020389556885e-01,-2.111602127552032471e-01,-2.812802493572235107e-01,-4.490898847579956055e-01,-3.952513039112091064e-01,-4.151763617992401123e-01,2.293067723512649536e-01,-7.630900740623474121e-01,-8.930576592683792114e-02,-4.958152472972869873e-01,7.330672144889831543e-01,-4.171158373355865479e-01,-4.400657489895820618e-02,7.890044450759887695e-01,-2.690595984458923340e-01,1.214328557252883911e-01,1.207946091890335083e-01
1.668692678213119507e-01,4.755739495158195496e-02,2.749192416667938232e-01,-1.806901395320892334e-01,1.321109980344772339e-01,-2.074252068996429443e-01,-3.832108676433563232e-01,1.476908922195434570e-01,3.590048253536224365e-01,-8.835849910974502563e-02,9.104450792074203491e-02,1.710917502641677856e-01,9.892396628856658936e-02,4.970090091228485107e-01,2.562332898378372192e-03,1.147321145981550217e-02,-1.940412372350692749e-01,2.629545927047729492e-01,2.573572099208831787e-01,2.595433592796325684e-01,-4.203227162361145020e-01,-1.663474142551422119e-01,-1.075453590601682663e-02,2.697859406471252441e-01,-1.600834727287292480e-01,-2.113983780145645142e-01,4.886838793754577637e-02,-8.357717841863632202e-02,-4.368599653244018555e-01,1.177088245749473572e-01,-3.203752040863037109e-01,5.237756669521331787e-02,-1.017308980226516724e-01,-2.937915623188018799e-01,7.665664702653884888e-02,1.655044257640838623e-01,1.930831670761108398e-01,-1.043371185660362244e-01,-1.654118895530700684e-01,1.945082098245620728e-01,7.245378941297531128e-02,-1.277776062488555908e-02,-3.681368660181760788e-03,-3.899301961064338684e-02,-1.387390047311782837e-01,3.221000134944915771e-01,2.888810932636260986e-01,-9.098397195339202881e-02,-7.785613089799880981e-02,3.353574573993682861e-01,1.006550639867782593e-01,1.734342277050018311e-01,6.080895289778709412e-02,-2.131554186344146729e-01,2.099549025297164917e-02,-8.384948968887329102e-02,-2.736802101135253906e-01,-6.246234849095344543e-02,-4.388074576854705811e-01,1.801336407661437988e-01,-2.666067183017730713e-01,1.293221265077590942e-01,-3.679276630282402039e-02,-3.775223195552825928e-01,-1.959947682917118073e-02,9.160461276769638062e-02,-1.823258697986602783e-01,2.745223790407180786e-02,-3.970095515251159668e-02,-2.118869423866271973e-01,2.829637527465820312e-01,1.313944440335035324e-02,1.669131964445114136e-01,-1.491242274641990662e-02,-1.650574207305908203e-01,5.180801451206207275e-02,4.827160760760307312e-02,-3.992631435394287109e-01,7.957597821950912476e-02,-1.046760603785514832e-01,-3.824163675308227539e-01,-2.908756956458091736e-02,1.904332190752029419e-01,-6.977492570877075195e-02,-1.655176579952239990e-01,2.684220969676971436e-01,-2.444507628679275513e-01,-1.041972935199737549e-01,-2.865155339241027832e-01,1.283793617039918900e-02,-4.562449455261230469e-02,2.266154289245605469e-01,1.946519315242767334e-01,4.586754739284515381e-02,3.117845654487609863e-01,-1.612757295370101929e-01,4.104547575116157532e-02,7.687729783356189728e-03,-3.066907227039337158e-01,8.036492019891738892e-02,1.277449429035186768e-01,-2.197726070880889893e-01,1.764998957514762878e-02,-4.620617255568504333e-02,-4.690847694873809814e-01,-2.274264581501483917e-02,2.835122942924499512e-01,2.000735849142074585e-01,4.523645341396331787e-01,1.516202390193939209e-01,-6.229433417320251465e-02,2.096346616744995117e-01,3.186450572684407234e-03,-3.438735008239746094e-01,-3.248977661132812500e-01,-2.767906486988067627e-01,2.662012577056884766e-01,-2.834729850292205811e-01,1.143723651766777039e-01,-1.267710775136947632e-01,5.270332843065261841e-02,9.945461899042129517e-02,-7.871061563491821289e-03,-4.267267510294914246e-02,1.001132875680923462e-01,9.706208854913711548e-02,-7.353715598583221436e-02,1.375191658735275269e-01
-1.152315959334373474e-01,-1.703459955751895905e-02,-1.168999299407005310e-01,1.416521817445755005e-01,-2.844242844730615616e-03,1.928292773663997650e-02,1.965500712394714355e-01,-2.167945206165313721e-01,-8.835849910974502563e-02,6.664114445447921753e-02,-1.008834764361381531e-01,-3.788968548178672791e-02,-1.708354242146015167e-02,-2.328362464904785156e-01,-4.071851819753646851e-02,1.624935492873191833e-02,5.683337524533271790e-02,4.390005022287368774e-02,-1.634707152843475342e-01,-1.785821318626403809e-01,1.083322912454605103e-01,1.457256227731704712e-01,2.930592373013496399e-02,-2.153509855270385742e-02,1.119774132966995239e-01,2.166923433542251587e-01,-1.365762352943420410e-01,-8.402084559202194214e-02,2.349273115396499634e-01,-4.475565254688262939e-02,6.994294375181198120e-02,-4.983305186033248901e-02,3.418785706162452698e-02,6.902492046356201172e-02,9.353086352348327637e-03,-4.170618206262588501e-02,-7.786587625741958618e-02,2.922003902494907379e-02,1.627014577388763428e-01,-1.380785107612609863e-01,-1.848954893648624420e-02,-7.571987342089414597e-03,1.562208235263824463e-01,1.906052976846694946e-02,-9.819979220628738403e-02,-2.781613357365131378e-02,-1.490205228328704834e-01,4.860993940383195877e-03,-4.545420873910188675e-03,-2.838816307485103607e-02,-4.559488594532012939e-02,-1.123492047190666199e-01,2.727182954549789429e-02,1.742722690105438232e-01,-5.046499893069267273e-02,-5.250221490859985352e-02,9.002730250358581543e-02,-1.653933548368513584e-03,1.251691430807113647e-01,-4.938025027513504028e-02,1.978323049843311310e-02,-5.741998180747032166e-02,1.291969884186983109e-02,1.751657277345657349e-01,-1.444832831621170044e-01,-4.226386174559593201e-02,1.466419100761413574e-01,1.095953285694122314e-01,8.028505742549896240e-02,8.956762403249740601e-02,-9.566069394350051880e-02,1.183019280433654785e-01,-4.610519390553236008e-03,-8.847995847463607788e-02,5.847313627600669861e-02,-1.268111318349838257e-01,-2.058100327849388123e-02,1.002265065908432007e-01,-3.717600775416940451e-04,2.722311392426490784e-02,2.093193531036376953e-01,6.331210490316152573e-03,-1.662111133337020874e-01,2.825304493308067322e-02,-3.582119941711425781e-02,-1.386675536632537842e-01,1.286039203405380249e-01,5.897026509046554565e-02,7.770429551601409912e-02,-5.119155719876289368e-02,-1.335186883807182312e-02,-8.961787819862365723e-02,-7.355091720819473267e-02,1.086327210068702698e-01,-1.483867913484573364e-01,1.105370298027992249e-01,-1.404814515262842178e-02,-2.000676933676004410e-03,2.169441133737564087e-01,-1.996131055057048798e-02,-3.938877210021018982e-02,-4.236472398042678833e-02,1.557539310306310654e-02,1.233495865017175674e-02,2.169682234525680542e-01,-8.460929244756698608e-02,-1.746499687433242798e-01,-1.166999340057373047e-01,-1.605481654405593872e-01,-7.967004179954528809e-02,-1.202126592397689819e-02,-9.774581342935562134e-02,5.059234425425529480e-02,1.270492672920227051e-01,2.004332840442657471e-01,8.441460877656936646e-02,2.767584472894668579e-02,2.069832943379878998e-02,1.033496707677841187e-01,6.633848696947097778e-02,3.856397699564695358e-03,-1.827066242694854736e-01,9.877868741750717163e-02,-3.501078486442565918e-02,-1.574249565601348877e-01,-1.583099365234375000e-02,-2.570875687524676323e-03,-1.396104879677295685e-02
-2.724492549896240234e-01,-1.088465563952922821e-02,4.913961589336395264e-01,-4.978427588939666748e-01,-2.023617029190063477e-01,-2.164360433816909790e-01,-4.345396161079406738e-01,1.561086177825927734e-01,9.104450792074203491e-02,-1.008834764361381531e-01,5.313853025436401367e-01,9.761418402194976807e-02,-5.004506707191467285e-01,1.614549607038497925e-01,-2.076992541551589966e-01,-1.542673856019973755e-01,-7.242726534605026245e-02,-2.558741867542266846e-01,1.399908512830734253e-01,2.703499495983123779e-01,3.154532313346862793e-01,-2.414010018110275269e-01,-5.174441337585449219e-01,2.702921926975250244e-01,-3.016681075096130371e-01,-5.891166254878044128e-02,3.043597042560577393e-01,4.803750813007354736e-01,-3.369146883487701416e-01,5.432636737823486328e-01,2.672369778156280518e-01,2.623579204082489014e-01,-3.127530813217163086e-01,5.575885251164436340e-02,-2.917667850852012634e-02,3.067356050014495850e-01,1.689508408308029175e-01,-9.845611453056335449e-02,-4.093031287193298340e-01,7.450080513954162598e-01,2.384251058101654053e-01,-1.456861346960067749e-01,-4.612877368927001953e-01,-8.039197325706481934e-02,1.101289130747318268e-02,2.089134454727172852e-01,4.823167324066162109e-01,5.654086917638778687e-02,9.196857362985610962e-02,-9.943557530641555786e-02,-2.119876444339752197e-01,-1.015446782112121582e-01,-2.250452488660812378e-01,-2.719913125038146973e-01,6.306501477956771851e-02,3.222638666629791260e-01,-2.475866079330444336e-01,-1.836957782506942749e-02,-2.911503911018371582e-01,5.536263436079025269e-02,1.562887877225875854e-01,-6.278554350137710571e-02,-7.573950290679931641e-02,-1.330706477165222168e-01,5.717754364013671875e-01,4.266205430030822754e-02,-6.044589281082153320e-01,-5.076879262924194336e-01,-3.650704920291900635e-01,-1.883697509765625000e-01,5.200014710426330566e-01,1.597907245159149170e-01,-4.746070504188537598e-02,5.464708805084228516e-01,-9.731299430131912231e-02,5.972399115562438965e-01,4.123003408312797546e-02,1.517105195671319962e-02,4.658427238464355469e-01,4.626090526580810547e-01,-2.851978540420532227e-01,-1.656354404985904694e-02,4.313437342643737793e-01,-1.222175806760787964e-01,1.838580220937728882e-01,-1.419158279895782471e-01,-1.080797985196113586e-01,-1.552504748106002808e-01,-1.962804347276687622e-01,1.848804950714111328e-01,-4.659368097782135010e-02,4.533527493476867676e-01,2.280406355857849121e-01,-4.758103787899017334e-01,1.911203712224960327e-01,1.863865554332733154e-01,-1.620851904153823853e-01,6.639587692916393280e-03,-4.164270460605621338e-01,-4.947998225688934326e-01,-4.622739925980567932e-02,2.443549036979675293e-01,8.824253454804420471e-03,4.628654569387435913e-02,-6.088971495628356934e-01,-1.049253940582275391e-01,6.078692078590393066e-01,2.187197059392929077e-01,2.440625131130218506e-01,1.733105629682540894e-01,-3.708084523677825928e-01,2.409560829401016235e-01,-1.651394516229629517e-01,-1.176625490188598633e-01,-5.039958357810974121e-01,6.450200080871582031e-02,-2.144027501344680786e-01,-4.881782806478440762e-04,1.217472832649946213e-02,-1.619763523340225220e-01,4.096354842185974121e-01,4.132736325263977051e-01,-3.482802510261535645e-01,2.343084961175918579e-01,1.018608883023262024e-01,1.706931740045547485e-01,8.439357392489910126e-03,-4.430620670318603516e-01
-5.871298909187316895e-02,-1.504566613584756851e-02,2.623347640037536621e-01,-7.904607802629470825e-02,7.066262513399124146e-02,3.638499230146408081e-02,-2.714416980743408203e-01,-1.265335083007812500e-01,1.710917502641677856e-01,-3.788968548178672791e-02,9.761418402194976807e-02,2.028239071369171143e-01,-1.667726933956146240e-01,2.153099179267883301e-01,-1.509732753038406372e-01,-4.463868960738182068e-02,-1.638364344835281372e-01,3.142729997634887695e-01,3.724510595202445984e-02,1.049145497381687164e-02,-1.360455006361007690e-01,3.197970986366271973e-02,-1.549376249313354492e-01,4.354827702045440674e-01,-1.392108500003814697e-01,3.566323593258857727e-02,-9.802199155092239380e-02,-9.106720983982086182e-02,-1.341513544321060181e-01,1.402497738599777222e-01,-9.509891271591186523e-02,9.710203856229782104e-02,-2.611027061939239502e-01,-1.172654777765274048e-01,8.554910123348236084e-02,2.918083667755126953e-01,1.928254663944244385e-01,-1.281791031360626221e-01,-1.446553766727447510e-01,2.192699909210205078e-01,8.023837581276893616e-03,-7.759865373373031616e-02,1.666486263275146484e-01,-4.006620869040489197e-02,-3.328206539154052734e-01,4.524745643138885498e-01,2.793311774730682373e-01,-1.531902849674224854e-01,-1.075253263115882874e-01,3.066781759262084961e-01,1.851011812686920166e-01,-1.136046200990676880e-01,3.677737712860107422e-02,-2.372901439666748047e-01,-6.484919041395187378e-02,-1.524522900581359863e-01,-2.927619516849517822e-01,-9.026294201612472534e-02,-4.420342445373535156e-01,1.744284182786941528e-01,-2.398894131183624268e-01,1.233313232660293579e-02,-5.445633828639984131e-02,-2.293019592761993408e-01,-2.472493983805179596e-02,8.798746764659881592e-02,-2.030825465917587280e-01,1.232220698148012161e-02,1.819990947842597961e-02,-2.261473238468170166e-01,3.823194503784179688e-01,1.512670367956161499e-01,2.884388864040374756e-01,-4.555222764611244202e-02,-1.238563507795333862e-01,8.906628191471099854e-02,4.271086677908897400e-02,-2.505536377429962158e-01,3.236882984638214111e-01,1.097655892372131348e-01,-1.387281417846679688e-01,-3.328901529312133789e-02,4.021338745951652527e-02,-1.105659082531929016e-01,-2.628123462200164795e-01,1.545133292675018311e-01,-5.907688662409782410e-02,-8.899091929197311401e-02,-3.896442055702209473e-01,1.676016114652156830e-02,-1.576474905014038086e-01,3.047503232955932617e-01,2.719721198081970215e-01,8.853032439947128296e-02,2.801868617534637451e-01,-2.516691014170646667e-02,1.370593532919883728e-02,8.528343401849269867e-03,-2.124041616916656494e-01,-1.116819828748703003e-01,3.520616516470909119e-02,-2.538130581378936768e-01,1.719528138637542725e-01,-2.916661836206912994e-02,-4.217620491981506348e-01,3.748402372002601624e-02,2.133889198303222656e-01,3.754108399152755737e-02,4.324402809143066406e-01,1.397453248500823975e-01,-2.644313275814056396e-01,1.036496311426162720e-01,7.584673166275024414e-02,-2.160767763853073120e-01,-1.329860687255859375e-01,-4.036035016179084778e-02,3.576799631118774414e-01,-2.836787700653076172e-01,3.490410149097442627e-01,-1.326349079608917236e-01,3.589878678321838379e-01,-1.102946177124977112e-01,2.668099105358123779e-02,9.362491965293884277e-02,-1.506131291389465332e-01,1.829932630062103271e-01,-9.598580747842788696e-02,5.680707842111587524e-02
