5.088625550270080566e-01,1.910766772925853729e-02,-1.721865087747573853e-01,5.250162631273269653e-02,2.096788883209228516e-01,-7.654435932636260986e-02,1.081135123968124390e-01,3.684773147106170654e-01,7.655044645071029663e-02,5.046266317367553711e-02,-5.362255498766899109e-02,-6.114949658513069153e-02,9.041116386651992798e-02,3.879160284996032715e-01,2.752442657947540283e-01,1.494901180267333984e-01,-2.252044621855020523e-03,-8.397722267545759678e-04,8.146031200885772705e-02,-7.977402955293655396e-02,-1.595722138881683350e-01,1.006127223372459412e-01,8.431778848171234131e-02,3.803964704275131226e-02,-5.894316360354423523e-03,3.880963847041130066e-02,-4.247543215751647949e-02,-2.865050435066223145e-01,1.015395820140838623e-01,-2.506397664546966553e-01,-1.276835352182388306e-01,-8.291128277778625488e-02,8.309884369373321533e-02,9.274432063102722168e-02,-2.703274972736835480e-02,-1.303160339593887329e-01,-9.619578719139099121e-03,4.323451593518257141e-02,-3.111611604690551758e-01,-3.928094506263732910e-01,1.941137015819549561e-01,9.118686616420745850e-02,4.673359170556068420e-02,2.897406928241252899e-02,8.713514357805252075e-02,-1.657250076532363892e-01,-2.419974207878112793e-01,-1.295239329338073730e-01,1.833367347717285156e-02,7.357794791460037231e-02,-2.138162963092327118e-02,-7.212863862514495850e-02,9.812266379594802856e-02,-1.036916002631187439e-01,-5.301909893751144409e-02,-1.722523123025894165e-01,7.853372395038604736e-02,1.804544962942600250e-02,-7.466083019971847534e-02,-6.912425905466079712e-02,2.871367149055004120e-02,1.402758248150348663e-02,1.697511412203311920e-02,9.491280466318130493e-02,-2.190419100224971771e-02,1.158021390438079834e-02,-3.607171773910522461e-02,2.294102460145950317e-01,-1.317586302757263184e-01,1.432512253522872925e-01,-2.038469314575195312e-01,-1.310096681118011475e-01,4.478424414992332458e-02,1.657795906066894531e-01,-1.099577993154525757e-01,-2.424547970294952393e-01,-7.151003926992416382e-03,1.678165197372436523e-01,-2.289112806320190430e-01,-9.578320384025573730e-02,1.351422071456909180e-01,2.620824612677097321e-03,-2.626667320728302002e-01,-2.919116523116827011e-03,-2.809686064720153809e-01,-8.045997470617294312e-02,3.024579584598541260e-01,2.577219391241669655e-03,-9.136743843555450439e-03,3.875932842493057251e-02,-8.905137330293655396e-02,-2.757415734231472015e-02,1.196251716464757919e-02,-8.160523325204849243e-02,-6.927488744258880615e-02,-1.669066101312637329e-01,3.384250104427337646e-01,-4.249197663739323616e-04,-1.522508561611175537e-01,2.505595982074737549e-01,-7.849191874265670776e-02,1.881648600101470947e-01,-8.965637534856796265e-02,-3.352497518062591553e-02,9.930094704031944275e-03,2.216638475656509399e-01,3.306199610233306885e-02,-5.222357437014579773e-02,-2.557895183563232422e-01,1.085909828543663025e-02,9.435469657182693481e-02,1.045716810040175915e-03,-5.528103932738304138e-02,-2.475422471761703491e-01,1.862254440784454346e-01,-1.664258688688278198e-01,3.594610393047332764e-01,-7.418390363454818726e-02,-3.622482120990753174e-01,6.293127778917551041e-03,-4.924052208662033081e-02,2.041716724634170532e-01,1.634197235107421875e-01,1.754141040146350861e-02,1.146519463509321213e-02,-1.990152001380920410e-01,-1.811272278428077698e-02,1.433432400226593018e-01
1.910766772925853729e-02,2.282609790563583374e-02,-1.323792934417724609e-01,8.998281508684158325e-02,6.133802235126495361e-02,-4.883882123976945877e-03,1.088111568242311478e-02,3.967097401618957520e-02,1.139352656900882721e-02,3.477881848812103271e-02,1.995142735540866852e-02,-4.760846868157386780e-02,1.021248996257781982e-01,8.630578219890594482e-02,1.180946901440620422e-01,1.121117472648620605e-01,-1.596636255271732807e-03,8.692771196365356445e-02,-5.496611446142196655e-02,-8.023025095462799072e-02,-3.825750201940536499e-02,1.299211233854293823e-01,8.667834103107452393e-02,8.008027449250221252e-03,1.535373460501432419e-02,1.444215625524520874e-01,-1.339489817619323730e-01,-6.640215218067169189e-02,1.035533174872398376e-01,-2.809944748878479004e-02,1.582413725554943085e-02,-1.288594752550125122e-01,1.019573584198951721e-01,7.594723254442214966e-02,-1.177340745925903320e-03,-1.348838955163955688e-01,2.001288346946239471e-02,4.597141966223716736e-02,-6.892512738704681396e-02,-9.697447717189788818e-02,1.120871677994728088e-01,1.428913557901978493e-03,1.310762912034988403e-01,1.656431145966053009e-02,9.792797267436981201e-03,-9.625908732414245605e-02,-1.286596208810806274e-01,-3.295292332768440247e-02,-1.520176324993371964e-02,1.603717729449272156e-02,2.662503533065319061e-02,-2.596664987504482269e-02,4.163664579391479492e-02,-6.502318195998668671e-03,1.214719610288739204e-03,-1.333342492580413818e-01,3.026098944246768951e-02,1.042838767170906067e-02,-9.413199126720428467e-02,-6.730037927627563477e-02,-1.174837816506624222e-03,1.629254780709743500e-02,5.844172090291976929e-03,1.762316375970840454e-02,4.641214036382734776e-04,-2.632974274456501007e-02,3.974254801869392395e-02,1.314574629068374634e-01,-1.283793151378631592e-01,2.602602541446685791e-02,-8.971890807151794434e-02,-5.948606412857770920e-03,-3.173801675438880920e-02,1.230759099125862122e-01,-3.792820498347282410e-02,-1.169201284646987915e-01,-3.474327735602855682e-03,1.423702687025070190e-01,-4.185816273093223572e-02,-1.110999435186386108e-01,1.284607201814651489e-01,1.916135079227387905e-03,-9.708335995674133301e-02,3.341257572174072266e-03,-9.245434403419494629e-02,-1.134795174002647400e-01,8.038618415594100952e-02,6.755540613085031509e-03,5.787718668580055237e-02,3.029761277139186859e-02,-2.220556512475013733e-02,-2.986875921487808228e-02,-1.157197132706642151e-01,6.707313656806945801e-02,-1.137287542223930359e-01,-1.263765897601842880e-02,8.413807302713394165e-02,-2.229416131740435958e-04,-7.771357148885726929e-02,5.146076902747154236e-02,-3.112268447875976562e-02,3.302070498466491699e-02,-1.316095441579818726e-01,-2.784156240522861481e-02,1.421068161725997925e-01,5.262116435915231705e-03,-9.211289882659912109e-02,-1.238076835870742798e-01,-1.731077581644058228e-02,-1.328045129776000977e-02,9.949379414319992065e-02,-6.373563408851623535e-02,-1.121635213494300842e-01,-2.952295122668147087e-03,1.432830244302749634e-01,-1.131651625037193298e-01,8.139827102422714233e-02,3.096160478889942169e-02,-1.289760619401931763e-01,3.853789344429969788e-02,4.756805673241615295e-02,1.028117761015892029e-01,1.247346401214599609e-01,-5.294963344931602478e-02,-9.959139674901962280e-02,-6.238268315792083740e-02,1.256737159565091133e-03,8.727855980396270752e-02
-1.721865087747573853e-01,-1.323792934417724609e-01,8.122239112854003906e-01,-5.937752127647399902e-01,-3.604891598224639893e-01,-3.164833039045333862e-02,-1.503287106752395630e-01,-2.944903969764709473e-01,-5.500178411602973938e-02,-2.403116673231124878e-01,-1.170652285218238831e-01,3.209466636180877686e-01,-6.088837981224060059e-01,-5.834908485412597656e-01,-7.187770605087280273e-01,-6.807035803794860840e-01,2.968274056911468506e-03,-4.826475977897644043e-01,3.749817311763763428e-01,5.548494458198547363e-01,2.302037328481674194e-01,-7.766987681388854980e-01,-6.322255730628967285e-01,3.019845858216285706e-02,-9.738355129957199097e-02,-7.826251983642578125e-01,7.529048323631286621e-01,4.066698551177978516e-01,-6.868460178375244141e-01,2.770462334156036377e-01,-4.831671714782714844e-02,7.608335018157958984e-01,-6.440893411636352539e-01,-5.373901128768920898e-01,1.686168834567070007e-02,7.797995805740356445e-01,-1.285715550184249878e-01,-3.058579266071319580e-01,4.991649389266967773e-01,6.291466355323791504e-01,-6.894220113754272461e-01,-2.263843081891536713e-02,-7.371416091918945312e-01,-1.131776049733161926e-01,-7.724258303642272949e-02,6.496163010597229004e-01,7.850993275642395020e-01,2.277037054300308228e-01,6.736489385366439819e-02,-1.720387302339076996e-02,-2.051404863595962524e-01,1.564566791057586670e-01,-2.635462582111358643e-01,1.286092847585678101e-01,-1.515235658735036850e-02,7.822552919387817383e-01,-2.258584946393966675e-01,-7.261411100625991821e-02,5.606538057327270508e-01,4.404252767562866211e-01,4.841399192810058594e-02,-1.601863950490951538e-01,-4.188999906182289124e-02,-1.601422578096389771e-01,-1.302738767117261887e-02,1.658382862806320190e-01,-2.041387110948562622e-01,-7.539165616035461426e-01,7.580940127372741699e-01,-1.493386626243591309e-01,6.371337175369262695e-01,1.159324496984481812e-01,1.821712255477905273e-01,-7.596948742866516113e-01,2.553267776966094971e-01,7.149233222007751465e-01,2.156457118690013885e-02,-8.431708812713623047e-01,3.397891521453857422e-01,7.224372029304504395e-01,-7.921561598777770996e-01,-1.329477690160274506e-02,6.102859377861022949e-01,-1.775248162448406219e-02,6.303631663322448730e-01,6.027846932411193848e-01,-5.656821727752685547e-01,-4.113077372312545776e-02,-3.439567983150482178e-01,-2.229186892509460449e-01,1.496516764163970947e-01,1.969814449548721313e-01,6.813141107559204102e-01,-4.019244015216827393e-01,7.082887291908264160e-01,1.329658329486846924e-01,-5.438063740730285645e-01,1.559325493872165680e-03,5.132421851158142090e-01,-4.354017376899719238e-01,2.526230216026306152e-01,-2.828913331031799316e-01,7.718630433082580566e-01,1.886208653450012207e-01,-8.124097585678100586e-01,-1.429521739482879639e-01,5.957596302032470703e-01,7.375527024269104004e-01,1.146454215049743652e-01,8.362805843353271484e-02,-5.931490063667297363e-01,5.079936385154724121e-01,6.790137887001037598e-01,-8.220711350440979004e-02,-7.955965995788574219e-01,6.969119310379028320e-01,-5.606309175491333008e-01,-2.505548000335693359e-01,7.883579730987548828e-01,-2.516275346279144287e-01,-3.176068663597106934e-01,-6.828160285949707031e-01,-7.435656785964965820e-01,3.011084198951721191e-01,6.496893763542175293e-01,5.114296078681945801e-01,-3.281084075570106506e-02,-6.386134624481201172e-01
5.250162631273269653e-02,8.998281508684158325e-02,-5.937752127647399902e-01,5.872884392738342285e-01,1.876920014619827271e-01,9.641697257757186890e-02,3.597966581583023071e-02,1.521603465080261230e-01,2.145288139581680298e-02,1.589630991220474243e-01,2.218073233962059021e-02,-2.311710566282272339e-01,3.150050044059753418e-01,4.693675935268402100e-01,4.893820583820343018e-01,4.361919164657592773e-01,2.426136983558535576e-03,4.298933446407318115e-01,-3.057042360305786133e-01,-3.410288095474243164e-01,-3.200539648532867432e-01,6.155825853347778320e-01,4.240626990795135498e-01,-5.803620070219039917e-02,8.575886487960815430e-02,5.810673236846923828e-01,-5.258187055587768555e-01,-1.489294320344924927e-01,3.969015479087829590e-01,-5.276349559426307678e-02,5.246380344033241272e-02,-6.373134851455688477e-01,5.476626157760620117e-01,3.245210051536560059e-01,3.959697671234607697e-03,-5.759122371673583984e-01,1.163092404603958130e-01,1.944916397333145142e-01,-1.821852326393127441e-01,-5.521704554557800293e-01,5.278726220130920410e-01,2.429847046732902527e-02,5.465338230133056641e-01,7.153236120939254761e-02,2.873804420232772827e-03,-3.238742947578430176e-01,-5.266506075859069824e-01,-2.131040692329406738e-01,-7.234137505292892456e-02,8.351423591375350952e-02,1.544400900602340698e-01,-9.391076117753982544e-02,2.456730306148529053e-01,-1.613488495349884033e-01,1.508942693471908569e-01,-5.559062957763671875e-01,1.637391448020935059e-01,4.154856875538825989e-02,-3.452434539794921875e-01,-3.561391234397888184e-01,-9.604184329509735107e-02,1.388208270072937012e-01,3.420873731374740601e-02,1.361747384071350098e-01,3.186017647385597229e-02,-1.203171163797378540e-01,1.493886113166809082e-01,5.650206208229064941e-01,-5.574893355369567871e-01,5.014009773731231689e-02,-4.195713698863983154e-01,1.291867792606353760e-01,-1.918206214904785156e-01,5.623285174369812012e-01,-1.774946600198745728e-01,-5.536791086196899414e-01,-6.947630550712347031e-03,6.168601512908935547e-01,-3.856213092803955078e-01,-5.310360789299011230e-01,6.968003511428833008e-01,9.402882307767868042e-03,-3.464649915695190430e-01,1.598647423088550568e-02,-4.873248338699340820e-01,-3.451384902000427246e-01,2.478918284177780151e-01,2.552646771073341370e-02,1.750972270965576172e-01,1.494419872760772705e-01,-6.163098290562629700e-02,-2.313240170478820801e-01,-6.337051391601562500e-01,4.137271940708160400e-01,-5.702908039093017578e-01,-9.031862020492553711e-02,3.351031243801116943e-01,-1.054777763783931732e-03,-2.803135216236114502e-01,2.746193706989288330e-01,-1.401099860668182373e-01,6.431090831756591797e-02,-6.385743618011474609e-01,-1.220434978604316711e-01,6.504698991775512695e-01,2.068043500185012817e-01,-5.866340398788452148e-01,-5.749456882476806641e-01,6.877141539007425308e-03,-6.286726146936416626e-02,6.163900494575500488e-01,-4.455711245536804199e-01,-5.649668574333190918e-01,1.035647690296173096e-01,5.717470645904541016e-01,-4.329579472541809082e-01,2.831744551658630371e-01,1.513295471668243408e-01,-6.062401533126831055e-01,2.198368757963180542e-01,1.816914528608322144e-01,5.018205642700195312e-01,5.554913878440856934e-01,-2.248266339302062988e-01,-4.626316130161285400e-01,-3.290446400642395020e-01,1.581102050840854645e-02,4.550230205059051514e-01
2.096788883209228516e-01,6.133802235126495361e-02,-3.604891598224639893e-01,1.876920014619827271e-01,2.570638954639434814e-01,-5.725895613431930542e-02,8.059027045965194702e-02,2.308497726917266846e-01,3.898131847381591797e-02,9.723380953073501587e-02,3.608481585979461670e-02,-1.260057538747787476e-01,2.948690950870513916e-01,2.720759809017181396e-01,3.774482607841491699e-01,3.270934522151947021e-01,-7.661045994609594345e-03,1.903271377086639404e-01,-9.543130546808242798e-02,-2.223068773746490479e-01,-7.716453820466995239e-02,3.212741017341613770e-01,2.022041529417037964e-01,6.343752890825271606e-02,2.771755121648311615e-02,3.531168699264526367e-01,-3.483566045761108398e-01,-2.885315120220184326e-01,3.038634359836578369e-01,-1.976123899221420288e-01,2.401160076260566711e-03,-2.913584113121032715e-01,2.418579161167144775e-01,1.987998932600021362e-01,-1.344165951013565063e-02,-3.482190072536468506e-01,3.437240049242973328e-02,1.268126964569091797e-01,-3.203936219215393066e-01,-3.170743584632873535e-01,3.244510889053344727e-01,3.367971256375312805e-02,3.210072517395019531e-01,4.983881488442420959e-02,7.293207198381423950e-02,-3.059504032135009766e-01,-3.994335830211639404e-01,-1.070492416620254517e-01,-2.205146662890911102e-02,7.750366628170013428e-02,4.402033612132072449e-02,-9.212567657232284546e-02,1.113701537251472473e-01,-4.423577804118394852e-03,-5.510233342647552490e-02,-3.791678845882415771e-01,8.264258503913879395e-02,3.136591240763664246e-02,-2.874798178672790527e-01,-1.637060642242431641e-01,3.307026997208595276e-02,2.249867096543312073e-02,1.678255759179592133e-02,7.534555345773696899e-02,-1.011625397950410843e-03,-5.670710653066635132e-02,9.823759645223617554e-02,3.869374096393585205e-01,-3.204816579818725586e-01,1.433014422655105591e-01,-2.846556305885314941e-01,-1.017296314239501953e-01,-2.731639891862869263e-02,3.306514322757720947e-01,-1.235866621136665344e-01,-3.633244633674621582e-01,-1.294498052448034286e-02,3.867354691028594971e-01,-1.277170777320861816e-01,-2.778942584991455078e-01,3.045587241649627686e-01,4.872880410403013229e-03,-3.442116975784301758e-01,6.545551586896181107e-03,-3.023699223995208740e-01,-3.414141833782196045e-01,3.296687304973602295e-01,1.737414486706256866e-02,1.564894318580627441e-01,8.074709028005599976e-02,-1.096741631627082825e-01,-4.841680824756622314e-02,-2.241874635219573975e-01,8.522427827119827271e-02,-2.714618146419525146e-01,-6.755300611257553101e-02,3.461670279502868652e-01,-6.495204870589077473e-04,-2.436542809009552002e-01,2.007582038640975952e-01,-9.695199877023696899e-02,1.742586940526962280e-01,-3.115997016429901123e-01,-7.832884043455123901e-02,3.355373442173004150e-01,6.033862754702568054e-02,-1.647742986679077148e-01,-2.974077761173248291e-01,-1.678535938262939453e-01,-2.567233890295028687e-02,1.768925935029983521e-01,-1.058486700057983398e-01,-2.529940307140350342e-01,-1.200304925441741943e-01,4.278375804424285889e-01,-3.459664583206176758e-01,3.236519694328308105e-01,4.717982932925224304e-02,-4.128868877887725830e-01,7.706782966852188110e-02,1.297833919525146484e-01,2.965680360794067383e-01,3.433248102664947510e-01,-1.276040226221084595e-01,-2.102699130773544312e-01,-1.821915507316589355e-01,-7.331373170018196106e-03,2.466972619295120239e-01
-7.654435932636260986e-02,-4.883882123976945877e-03,-3.164833039045333862e-02,9.641697257757186890e-02,-5.725895613431930542e-02,1.895421892404556274e-01,-2.342099323868751526e-02,1.556476764380931854e-02,-1.039654165506362915e-01,-2.284174039959907532e-02,1.289551705121994019e-02,-6.282790564000606537e-03,-7.984472811222076416e-02,3.251222893595695496e-02,-3.009707666933536530e-02,-4.103911295533180237e-02,-1.976838568225502968e-03,2.343526575714349747e-03,-2.547282911837100983e-02,-1.872723177075386047e-02,6.963342428207397461e-02,3.446155786514282227e-02,7.514475286006927490e-02,-2.225530520081520081e-02,-5.636060959659516811e-04,-7.275208085775375366e-02,9.505040012300014496e-03,8.246812224388122559e-02,5.173861980438232422e-02,4.410515539348125458e-03,5.607557296752929688e-02,8.421483449637889862e-03,-1.768132485449314117e-02,6.315177679061889648e-02,-4.199190065264701843e-03,7.402932271361351013e-03,1.247078645974397659e-02,-1.495385915040969849e-02,7.682141661643981934e-02,-4.777150228619575500e-02,-7.810162752866744995e-02,-1.639388129115104675e-02,5.188810080289840698e-02,3.427651245146989822e-03,6.238886341452598572e-02,4.647022485733032227e-02,3.287051990628242493e-02,-1.440380606800317764e-02,-5.183643102645874023e-02,-4.474714770913124084e-02,9.332054108381271362e-02,-8.330036699771881104e-02,-6.751546170562505722e-03,-8.203748613595962524e-02,1.857390999794006348e-02,-7.734409067779779434e-03,2.124471403658390045e-02,1.645225856918841600e-04,6.927320361137390137e-02,-1.302829477936029434e-02,-7.908190018497407436e-04,-5.062751937657594681e-03,8.159715216606855392e-04,-9.057439863681793213e-02,-4.249026998877525330e-03,1.278276555240154266e-02,5.507057532668113708e-03,-1.217716839164495468e-02,1.640371046960353851e-02,-2.508147619664669037e-02,1.162218488752841949e-02,-6.902606040239334106e-02,-3.011627122759819031e-03,-1.921067200601100922e-02,4.785957932472229004e-02,1.335002109408378601e-02,6.158729083836078644e-03,-3.504716325551271439e-03,-1.204685866832733154e-02,-4.913182347081601620e-04,3.690361604094505310e-02,5.056199734099209309e-04,1.833364367485046387e-02,-4.220813978463411331e-03,3.433226794004440308e-02,9.163964539766311646e-02,-4.424544423818588257e-02,-6.379866390489041805e-04,-1.042533218860626221e-01,5.377795896492898464e-04,2.904061973094940186e-02,-1.995093375444412231e-02,-3.967363387346267700e-02,5.558234825730323792e-02,1.132687833160161972e-02,-3.366223350167274475e-02,-4.547710530459880829e-03,3.697606371133588254e-05,3.631046973168849945e-03,-7.274924963712692261e-02,-2.747146040201187134e-02,-1.089649125933647156e-01,2.617473714053630829e-03,7.228191941976547241e-03,-1.460241433233022690e-02,1.202008947730064392e-01,-3.733427077531814575e-02,-1.758230291306972504e-02,1.327713280916213989e-01,2.984214341267943382e-03,4.618987813591957092e-02,-9.516359120607376099e-02,-3.941158205270767212e-02,9.784337878227233887e-02,8.835286833345890045e-03,8.139370381832122803e-02,-3.507981449365615845e-02,3.959715738892555237e-02,1.630728133022785187e-02,6.861362606287002563e-03,6.434225477278232574e-03,-2.175526320934295654e-02,-2.274212986230850220e-02,2.994713187217712402e-02,-7.405111193656921387e-02,3.288351744413375854e-02,3.090627491474151611e-03,3.423577547073364258e-02
1.081135123968124390e-01,1.088111568242311478e-02,-1.503287106752395630e-01,3.597966581583023071e-02,8.059027045965194702e-02,-2.342099323868751526e-02,1.251192241907119751e-01,8.701211214065551758e-02,1.797702908515930176e-02,5.229061841964721680e-02,-2.335029654204845428e-03,-4.203195497393608093e-02,9.330187737941741943e-02,7.925123721361160278e-02,1.274053752422332764e-01,9.509667754173278809e-02,3.035839647054672241e-03,-1.833342202007770538e-02,-4.641433805227279663e-02,-1.040530055761337280e-01,-1.167058758437633514e-02,9.725673496723175049e-02,8.177422732114791870e-02,-2.167570218443870544e-02,5.320293828845024109e-03,1.123896464705467224e-01,-9.777311980724334717e-02,-1.035002619028091431e-01,1.465320587158203125e-01,-1.661520749330520630e-01,-4.251177608966827393e-02,-9.736961871385574341e-02,9.312929213047027588e-02,6.253164261579513550e-02,-9.011225774884223938e-03,-9.769923239946365356e-02,1.994851510971784592e-03,5.300459638237953186e-02,-1.914221942424774170e-01,-1.076151430606842041e-01,1.432381570339202881e-01,2.660676278173923492e-02,5.370361730456352234e-02,1.955199055373668671e-02,3.215865930542349815e-03,-1.627485454082489014e-01,-1.736771762371063232e-01,-3.224047273397445679e-02,4.313324764370918274e-02,-1.163343898952007294e-02,1.341994386166334152e-02,1.388910505920648575e-02,2.350984886288642883e-02,-1.525106094777584076e-02,-3.291064873337745667e-02,-1.207637712359428406e-01,2.549358643591403961e-02,1.256725843995809555e-02,-1.073833629488945007e-01,-3.950138017535209656e-02,-2.131537348031997681e-02,4.818154498934745789e-02,7.326234132051467896e-03,1.042171046137809753e-01,1.817780733108520508e-02,-1.869479380548000336e-02,-4.530192352831363678e-03,1.090600714087486267e-01,-9.362448006868362427e-02,5.667805299162864685e-02,-1.381763666868209839e-01,-8.402612805366516113e-02,2.929269336163997650e-02,1.247454285621643066e-01,-6.347965449094772339e-02,-1.515315622091293335e-01,-6.386199034750461578e-03,1.700882315635681152e-01,-7.226790487766265869e-02,-1.123844608664512634e-01,1.293711364269256592e-01,1.733572687953710556e-03,-1.170697510242462158e-01,-1.141029933933168650e-04,-1.487864404916763306e-01,-6.900213658809661865e-02,1.944254934787750244e-01,3.399058477953076363e-03,7.285080105066299438e-02,4.438348114490509033e-02,-6.315843760967254639e-02,-9.388425387442111969e-04,-4.613539204001426697e-02,-2.470593340694904327e-02,-9.951686114072799683e-02,-4.768133908510208130e-02,1.236830428242683411e-01,-3.139159234706312418e-04,-8.579980581998825073e-02,1.624136567115783691e-01,-5.925275757908821106e-02,1.672856211662292480e-01,-9.520962834358215332e-02,-3.349995985627174377e-02,1.537722796201705933e-01,6.130968406796455383e-02,-7.394946366548538208e-02,-7.673057168722152710e-02,-1.242589727044105530e-01,-7.991319522261619568e-03,-7.880255579948425293e-03,-7.961488515138626099e-02,-3.134858980774879456e-02,2.112107537686824799e-02,1.256432980298995972e-01,-1.561253517866134644e-01,1.408548802137374878e-01,4.248693212866783142e-02,-1.793761998414993286e-01,1.767807453870773315e-02,7.580354064702987671e-02,1.329924166202545166e-01,1.101805046200752258e-01,-2.789541147649288177e-02,-4.857555031776428223e-02,-1.380145549774169922e-01,1.684345118701457977e-02,1.313003450632095337e-01
3.684773147106170654e-01,3.967097401618957520e-02,-2.944903969764709473e-01,1.521603465080261230e-01,2.308497726917266846e-01,1.556476764380931854e-02,8.701211214065551758e-02,4.158145189285278320e-01,-6.588229443877935410e-03,5.931201949715614319e-02,3.088099695742130280e-02,-1.102145686745643616e-01,2.015681117773056030e-01,3.670357763767242432e-01,3.521496355533599854e-01,2.586620748043060303e-01,-7.765474729239940643e-03,7.667858898639678955e-02,-1.314252498559653759e-03,-1.667277216911315918e-01,1.334458962082862854e-02,2.509720325469970703e-01,1.990394890308380127e-01,2.107293903827667236e-02,5.955501459538936615e-03,1.722647547721862793e-01,-2.144893258810043335e-01,-2.843816280364990234e-01,3.011680543422698975e-01,-2.521686553955078125e-01,-4.242592677474021912e-02,-1.643403023481369019e-01,1.089353039860725403e-01,2.264250516891479492e-01,-3.462023288011550903e-02,-2.760089337825775146e-01,1.103317365050315857e-02,9.262777864933013916e-02,-3.722835481166839600e-01,-3.904986381530761719e-01,2.147317826747894287e-01,4.814784601330757141e-02,2.252582758665084839e-01,4.711676388978958130e-02,1.980712860822677612e-01,-2.799969017505645752e-01,-3.570789694786071777e-01,-1.146602258086204529e-01,-3.191249445080757141e-02,-1.208396628499031067e-03,7.071109116077423096e-02,-1.541464924812316895e-01,8.729296177625656128e-02,-1.068457737565040588e-01,-1.063698530197143555e-01,-3.271987736225128174e-01,1.153851896524429321e-01,3.289831057190895081e-02,-1.288751959800720215e-01,-1.226191446185112000e-01,5.955042317509651184e-02,-2.260464010760188103e-03,1.582396589219570160e-02,-3.450383245944976807e-02,-1.882366463541984558e-02,-1.501173060387372971e-02,2.097132988274097443e-02,3.070612847805023193e-01,-2.504548430442810059e-01,1.203632652759552002e-01,-2.736774682998657227e-01,-2.571372687816619873e-01,1.855579018592834473e-02,2.771400809288024902e-01,-7.789203524589538574e-02,-2.721963524818420410e-01,-9.205374866724014282e-03,3.086663484573364258e-01,-1.530165225267410278e-01,-2.098996937274932861e-01,2.215906977653503418e-01,4.512726329267024994e-03,-3.438831567764282227e-01,7.190830365289002657e-05,-2.688426077365875244e-01,-2.203837186098098755e-01,3.242970108985900879e-01,1.277775131165981293e-02,2.446019649505615234e-02,7.302857190370559692e-02,-9.776703268289566040e-02,-7.529085036367177963e-03,-8.762206137180328369e-02,-3.219812363386154175e-02,-1.610648781061172485e-01,-1.432410329580307007e-01,3.687281608581542969e-01,-5.574984243139624596e-04,-2.422861456871032715e-01,2.019448280334472656e-01,-1.267493814229965210e-01,1.631454825401306152e-01,-2.076040953397750854e-01,-6.145077571272850037e-02,1.711634397506713867e-01,1.778513193130493164e-01,-9.090824984014034271e-03,-2.081595361232757568e-01,-1.486954838037490845e-01,-7.138786022551357746e-04,1.250432878732681274e-01,-5.215520039200782776e-02,-1.879829913377761841e-01,-1.548427194356918335e-01,3.678080141544342041e-01,-2.445129454135894775e-01,3.758931159973144531e-01,2.484515868127346039e-02,-4.142886102199554443e-01,3.085754998028278351e-02,4.762762784957885742e-02,2.430802285671234131e-01,2.411114424467086792e-01,5.316412076354026794e-03,-1.614450067281723022e-01,-1.687033325433731079e-01,-1.390442997217178345e-02,2.137118726968765259e-01
7.655044645071029663e-02,1.139352656900882721e-02,-5.500178411602973938e-02,2.145288139581680298e-02,3.898131847381591797e-02,-1.039654165506362915e-01,1.797702908515930176e-02,-6.588229443877935410e-03,9.265623986721038818e-02,3.798805549740791321e-02,-2.193058654665946960e-02,-2.445956878364086151e-02,7.081580907106399536e-02,7.697839289903640747e-02,7.627987861633300781e-02,6.474273651838302612e-02,4.368266556411981583e-03,4.444656893610954285e-02,-1.812180131673812866e-02,-2.086702547967433929e-02,-1.529699712991714478e-01,5.496979504823684692e-02,1.107771135866641998e-02,-1.004971098154783249e-02,1.365508884191513062e-02,1.121988147497177124e-01,-4.797578603029251099e-02,-5.267285183072090149e-02,-1.554813329130411148e-02,6.955025717616081238e-03,-5.235869064927101135e-02,-1.103201210498809814e-01,1.024032160639762878e-01,-9.098190814256668091e-03,5.734219681471586227e-03,-7.030968368053436279e-02,9.339464828372001648e-03,2.756741829216480255e-02,-4.230092093348503113e-02,-6.939139962196350098e-02,1.272719800472259521e-01,2.203150279819965363e-02,1.512039545923471451e-02,4.670359659940004349e-03,-7.433309406042098999e-02,-5.270951986312866211e-02,-7.410177588462829590e-02,-2.940350212156772614e-02,3.044033609330654144e-02,4.034960269927978516e-02,-4.998214542865753174e-02,5.912856757640838623e-02,5.021696165204048157e-02,4.763291683048009872e-03,3.913336247205734253e-02,-4.883264377713203430e-02,7.762004621326923370e-03,3.092346247285604477e-03,-6.348171085119247437e-02,-4.141544550657272339e-02,-3.442414477467536926e-02,4.187049344182014465e-02,5.926447920501232147e-03,1.036964282393455505e-01,3.248618450015783310e-03,-2.152086794376373291e-02,-1.657650427659973502e-04,7.742474228143692017e-02,-8.114599436521530151e-02,9.271795861423015594e-03,-5.596512183547019958e-02,9.747838973999023438e-02,-3.403398767113685608e-02,8.525318652391433716e-02,-6.382870674133300781e-02,-8.222264051437377930e-02,-3.400739049538969994e-03,7.819738984107971191e-02,-8.166407048702239990e-02,-6.874597072601318359e-02,9.095026552677154541e-02,9.881856385618448257e-04,-3.168261423707008362e-02,4.421968013048171997e-03,-9.980718046426773071e-02,-5.894918367266654968e-02,4.556217789649963379e-02,1.829899381846189499e-03,7.848461717367172241e-02,1.839292235672473907e-02,-1.549689937382936478e-02,-3.720333799719810486e-02,-6.866198778152465820e-02,3.575434163212776184e-02,-8.383865654468536377e-02,-4.780560731887817383e-03,3.071241825819015503e-02,-1.656280364841222763e-04,-2.843690291047096252e-02,1.013042703270912170e-01,3.575817449018359184e-03,7.596320658922195435e-02,-9.091243892908096313e-02,-1.775057427585124969e-02,8.357465267181396484e-02,-2.425234019756317139e-02,-7.974179089069366455e-02,-5.069774761795997620e-02,-8.158154785633087158e-02,-1.019971072673797607e-02,9.749733656644821167e-02,-2.078482508659362793e-02,-4.900525510311126709e-02,-4.338481277227401733e-02,3.298709541559219360e-02,-9.654420614242553711e-02,5.272093787789344788e-02,-1.415344513952732086e-02,-1.003031432628631592e-01,3.149094432592391968e-02,-1.113384123891592026e-02,8.538862317800521851e-02,8.448532223701477051e-02,-4.523613303899765015e-02,-4.405340645462274551e-03,-9.959939867258071899e-02,4.019377753138542175e-03,3.966597467660903931e-02
5.046266317367553711e-02,3.477881848812103271e-02,-2.403116673231124878e-01,1.589630991220474243e-01,9.723380953073501587e-02,-2.284174039959907532e-02,5.229061841964721680e-02,5.931201949715614319e-02,3.798805549740791321e-02,7.323373854160308838e-02,1.957242190837860107e-02,-8.600835502147674561e-02,1.729568243026733398e-01,1.599784195423126221e-01,2.070018500089645386e-01,1.887225955724716187e-01,1.274622976779937744e-03,1.279067993164062500e-01,-1.069845780730247498e-01,-1.454145908355712891e-01,-1.002657711505889893e-01,2.273839861154556274e-01,1.559777855873107910e-01,-1.626506820321083069e-02,2.865899726748466492e-02,2.597398757934570312e-01,-2.210824787616729736e-01,-1.060867011547088623e-01,1.815282106399536133e-01,-7.072322070598602295e-02,-2.734984271228313446e-03,-2.443873882293701172e-01,2.020620703697204590e-01,1.236053332686424255e-01,-1.445887028239667416e-03,-2.322658598423004150e-01,3.461051359772682190e-02,8.516575396060943604e-02,-1.406635493040084839e-01,-1.799601018428802490e-01,2.248825430870056152e-01,1.244093198329210281e-02,1.979663074016571045e-01,2.915101312100887299e-02,-9.430741891264915466e-03,-1.865174770355224609e-01,-2.395700663328170776e-01,-6.258316338062286377e-02,-1.191641902551054955e-03,1.577834226191043854e-02,3.451663255691528320e-02,-1.205285917967557907e-02,7.846368104219436646e-02,-2.664738707244396210e-02,1.792487502098083496e-02,-2.265046536922454834e-01,5.435580760240554810e-02,1.844435930252075195e-02,-1.623803526163101196e-01,-1.194809898734092712e-01,-2.948049828410148621e-02,5.687083303928375244e-02,1.197780296206474304e-02,8.342918753623962402e-02,9.695229120552539825e-03,-4.906453564763069153e-02,5.025350674986839294e-02,2.211308628320693970e-01,-2.239349335432052612e-01,3.812477365136146545e-02,-1.764412522315979004e-01,5.394260399043560028e-03,-5.219257995486259460e-02,2.296135127544403076e-01,-8.323139697313308716e-02,-2.193173617124557495e-01,-6.394904106855392456e-03,2.684451341629028320e-01,-1.101423874497413635e-01,-2.120350152254104614e-01,2.571660280227661133e-01,3.515983931720256805e-03,-1.549473255872726440e-01,5.881104618310928345e-03,-1.932438760995864868e-01,-1.700339615345001221e-01,1.561347991228103638e-01,1.044765394181013107e-02,1.146244257688522339e-01,6.193241104483604431e-02,-4.446092993021011353e-02,-5.980110913515090942e-02,-2.067546397447586060e-01,1.092452704906463623e-01,-2.159286290407180786e-01,-2.905720099806785583e-02,1.388188898563385010e-01,-4.399454919621348381e-04,-1.290492415428161621e-01,1.431772857904434204e-01,-6.096634268760681152e-02,1.006225869059562683e-01,-2.415269911289215088e-01,-5.243471637368202209e-02,2.739129662513732910e-01,2.796375565230846405e-02,-1.942282766103744507e-01,-2.125933468341827393e-01,-5.562629178166389465e-02,-2.461985498666763306e-02,1.801432520151138306e-01,-1.399368047714233398e-01,-1.849388331174850464e-01,2.350133284926414490e-02,2.321849912405014038e-01,-2.159589976072311401e-01,1.451138257980346680e-01,6.297019869089126587e-02,-2.500132620334625244e-01,7.256071269512176514e-02,8.490089327096939087e-02,2.004401683807373047e-01,2.222688943147659302e-01,-9.099936485290527344e-02,-1.641322374343872070e-01,-1.572864800691604614e-01,1.156058162450790405e-02,1.737692356109619141e-01
-5.362255498766899109e-02,1.995142735540866852e-02,-1.170652285218238831e-01,2.218073233962059021e-02,3.608481585979461670e-02,1.289551705121994019e-02,-2.335029654204845428e-03,3.088099695742130280e-02,-2.193058654665946960e-02,1.957242190837860107e-02,8.678897470235824585e-02,-4.069795086979866028e-02,1.458827406167984009e-01,2.501000277698040009e-02,8.807850629091262817e-02,1.162710934877395630e-01,-5.118092056363821030e-03,4.950086027383804321e-02,-4.544063284993171692e-02,-8.986731618642807007e-02,1.213161721825599670e-01,1.148861944675445557e-01,1.149595305323600769e-01,4.569168202579021454e-03,6.997914053499698639e-03,1.428715586662292480e-01,-1.544954031705856323e-01,-6.515143066644668579e-02,1.755494475364685059e-01,-3.214182332158088684e-02,4.884490743279457092e-02,-8.039429783821105957e-02,1.859829388558864594e-02,1.292310804128646851e-01,-9.471226483583450317e-03,-1.424995362758636475e-01,1.233278401196002960e-02,4.724948480725288391e-02,-9.067855775356292725e-02,6.876665633171796799e-03,2.822329290211200714e-02,-3.271403163671493530e-02,1.562011241912841797e-01,1.720925793051719666e-02,7.485973834991455078e-02,-1.497173607349395752e-01,-1.204456910490989685e-01,2.257100120186805725e-02,-3.199496492743492126e-02,-7.797829806804656982e-02,5.650247260928153992e-02,-6.295561045408248901e-02,-1.329990942031145096e-02,2.095331437885761261e-02,-7.336903363466262817e-02,-1.380424797534942627e-01,3.342634066939353943e-02,1.470080763101577759e-02,-6.379658728837966919e-02,-3.788019344210624695e-02,3.950364887714385986e-02,-1.217127963900566101e-02,-5.856583593413233757e-04,-8.526606857776641846e-02,-1.699992641806602478e-02,-2.319669164717197418e-02,4.250710085034370422e-02,8.042716979980468750e-02,-1.281448900699615479e-01,1.196050667203962803e-03,-6.174679473042488098e-02,-1.387553662061691284e-01,-1.999051496386528015e-02,1.067053973674774170e-01,7.051856722682714462e-03,-2.695748955011367798e-02,-4.856613464653491974e-03,1.402799040079116821e-01,9.316909313201904297e-02,-1.030324473977088928e-01,6.420689821243286133e-02,1.804602099582552910e-03,-9.522399306297302246e-02,1.528342836536467075e-03,6.780372001230716705e-03,-1.446933895349502563e-01,7.392548769712448120e-02,9.389482438564300537e-03,6.420934200286865234e-02,2.941234037280082703e-02,-9.459848515689373016e-03,2.833904325962066650e-02,-5.900674313306808472e-02,2.058284729719161987e-02,-7.157643884420394897e-02,9.090037085115909576e-03,3.503450751304626465e-02,-1.430958800483494997e-04,-1.007106676697731018e-01,-1.520617399364709854e-02,-5.049173533916473389e-02,2.252736687660217285e-02,-9.752786904573440552e-02,-2.647781930863857269e-02,1.274117529392242432e-01,-8.728820830583572388e-02,-1.520546968095004559e-03,-1.234687119722366333e-01,4.918614402413368225e-02,-1.090062223374843597e-02,2.323887869715690613e-02,-2.193457633256912231e-02,-9.411048889160156250e-02,4.001462459564208984e-02,1.469371020793914795e-01,-9.698460996150970459e-02,7.092232257127761841e-02,7.352138310670852661e-02,-5.953754857182502747e-02,1.494097337126731873e-02,6.657972186803817749e-02,4.656127467751502991e-02,8.471086621284484863e-02,-2.104846388101577759e-02,-1.444272398948669434e-01,-2.215866558253765106e-02,6.766584701836109161e-03,5.256363004446029663e-02
-6.114949658513069153e-02,-4.760846868157386780e-02,3.209466636180877686e-01,-2.311710566282272339e-01,-1.260057538747787476e-01,-6.282790564000606537e-03,-4.203195497393608093e-02,-1.102145686745643616e-01,-2.445956878364086151e-02,-8.600835502147674561e-02,-4.069795086979866028e-02,1.191575452685356140e-01,-2.249850481748580933e-01,-2.320540696382522583e-01,-2.795169353485107422e-01,-2.550947666168212891e-01,3.913928230758756399e-04,-1.823056638240814209e-01,1.358473151922225952e-01,1.905009299516677856e-01,9.544813632965087891e-02,-3.147797882556915283e-01,-2.255889773368835449e-01,2.104121632874011993e-02,-3.702740743756294250e-02,-3.293250203132629395e-01,2.982457578182220459e-01,1.353591829538345337e-01,-2.597772479057312012e-01,7.868820428848266602e-02,-1.411693915724754333e-02,3.143427371978759766e-01,-2.466447800397872925e-01,-1.915692090988159180e-01,5.690183024853467941e-03,3.207310140132904053e-01,-4.786270484328269958e-02,-1.108917146921157837e-01,1.768196225166320801e-01,2.527814209461212158e-01,-2.688442766666412354e-01,-8.306645788252353668e-03,-2.890307605266571045e-01,-4.023057222366333008e-02,-3.134608268737792969e-02,2.410988360643386841e-01,3.152073323726654053e-01,8.399941027164459229e-02,2.638990990817546844e-02,-4.061896353960037231e-03,-6.793906539678573608e-02,5.396446958184242249e-02,-1.012771576642990112e-01,5.352155491709709167e-02,-1.335241924971342087e-02,3.140616416931152344e-01,-8.505566418170928955e-02,-2.641007676720619202e-02,1.903520077466964722e-01,1.637021005153656006e-01,2.209704928100109100e-02,-5.930560454726219177e-02,-1.528398040682077408e-02,-5.059885606169700623e-02,-5.031239707022905350e-03,6.131294742226600647e-02,-7.119913399219512939e-02,-2.952494323253631592e-01,3.036760091781616211e-01,-4.096971824765205383e-02,2.295621633529663086e-01,2.671768702566623688e-02,7.553943991661071777e-02,-3.059964776039123535e-01,9.078901261091232300e-02,2.720315754413604736e-01,7.291575893759727478e-03,-3.524324595928192139e-01,1.331837475299835205e-01,2.827044427394866943e-01,-3.355568647384643555e-01,-4.890245385468006134e-03,2.139896899461746216e-01,-7.409759797155857086e-03,2.358928322792053223e-01,2.304011285305023193e-01,-1.851260811090469360e-01,-1.502663083374500275e-02,-1.237914413213729858e-01,-8.105563372373580933e-02,4.866359382867813110e-02,7.616811245679855347e-02,2.752047777175903320e-01,-1.500503271818161011e-01,2.776891291141510010e-01,4.447907581925392151e-02,-1.886032819747924805e-01,5.608871579170227051e-04,1.820541322231292725e-01,-1.562383472919464111e-01,8.736010640859603882e-02,-9.410107135772705078e-02,3.215444982051849365e-01,6.820117682218551636e-02,-3.467374145984649658e-01,-4.827762767672538757e-02,2.365900576114654541e-01,2.953869700431823730e-01,3.099593520164489746e-02,3.022809326648712158e-02,-2.553803324699401855e-01,1.796361058950424194e-01,2.680296301841735840e-01,-2.899427153170108795e-02,-3.262029588222503662e-01,2.652831375598907471e-01,-1.948379725217819214e-01,-8.942852169275283813e-02,3.267570137977600098e-01,-9.480544924736022949e-02,-1.053005456924438477e-01,-2.537344992160797119e-01,-2.886057794094085693e-01,1.036624386906623840e-01,2.438377141952514648e-01,1.831938624382019043e-01,-1.054806075990200043e-02,-2.247138321399688721e-01
