4.310425817966461182e-01,-1.071690302342176437e-02,1.056394428014755249e-01,-1.701676249504089355e-01,2.552571296691894531e-01,-2.400991022586822510e-01,1.013389080762863159e-01,3.723141551017761230e-01,5.111533775925636292e-02,-5.268816370517015457e-03,-1.753332316875457764e-01,-4.832947626709938049e-02,-1.840168535709381104e-01,-4.966981336474418640e-02,-4.967125132679939270e-02,7.624900341033935547e-02,2.599549479782581329e-03,-4.166440665721893311e-02,1.176589801907539368e-01,3.035615570843219757e-02,-1.578972116112709045e-02,-1.222343817353248596e-01,-1.823526769876480103e-01,1.136310845613479614e-01,1.791181974112987518e-03,1.116061396896839142e-02,1.705209016799926758e-01,-2.950302362442016602e-01,-7.040341943502426147e-02,-1.536505818367004395e-01,-1.892805248498916626e-01,9.744902700185775757e-02,-1.027325317263603210e-01,-7.397848367691040039e-02,-1.099025644361972809e-02,5.870247259736061096e-02,-2.701660431921482086e-02,-3.052185475826263428e-02,-2.193424552679061890e-01,-2.770136892795562744e-01,1.515111029148101807e-01,9.605912864208221436e-02,-1.699521541595458984e-01,-2.999965101480484009e-03,-5.498190596699714661e-02,2.594888210296630859e-01,4.234693199396133423e-02,-9.196542948484420776e-02,7.724349200725555420e-02,9.593844413757324219e-03,-1.734702140092849731e-01,-1.101021692156791687e-01,2.502814531326293945e-01,-9.115685522556304932e-02,-4.720130935311317444e-02,-1.833469979465007782e-02,9.313967078924179077e-02,-1.848145155236124992e-03,1.397128552198410034e-01,9.427422285079956055e-02,-9.717368334531784058e-02,-4.855378717184066772e-02,-1.476664445362985134e-03,2.009048461914062500e-01,1.093593165278434753e-01,2.598289214074611664e-02,-2.660577893257141113e-01,7.232212275266647339e-02,3.385663032531738281e-02,2.464405745267868042e-01,-1.453966796398162842e-01,2.441913187503814697e-01,6.972815096378326416e-02,-6.706463545560836792e-02,-2.068049907684326172e-01,-1.095671430230140686e-01,1.429181080311536789e-03,-8.712977916002273560e-02,-8.108864724636077881e-02,1.035682763904333115e-02,-1.137410639785230160e-03,-1.784257619874551892e-04,-4.707874730229377747e-02,-3.273642505519092083e-04,-2.752220332622528076e-01,1.749369353055953979e-01,2.068805694580078125e-01,7.980404006957542151e-06,-1.703324168920516968e-01,2.902583405375480652e-02,-1.717499792575836182e-01,1.754494607448577881e-01,1.635621935129165649e-01,-1.558460742235183716e-01,-2.773332595825195312e-02,-3.299556970596313477e-01,9.037581086158752441e-02,-2.795731961668934673e-05,-5.019793286919593811e-02,2.283865064382553101e-01,-1.849441230297088623e-01,2.538431584835052490e-01,8.292154222726821899e-02,1.698135398328304291e-03,-1.312761157751083374e-01,2.109934240579605103e-01,1.529144346714019775e-01,1.521049886941909790e-01,-3.558845221996307373e-01,1.182935759425163269e-02,-1.181335821747779846e-01,1.997384279966354370e-01,9.808550775051116943e-02,-5.443074181675910950e-02,6.926215719431638718e-03,1.136691495776176453e-02,2.570124268531799316e-01,-1.189710795879364014e-01,-1.165923848748207092e-01,-6.555197387933731079e-02,-1.741344183683395386e-01,6.873454153537750244e-02,1.402016170322895050e-02,2.417866736650466919e-01,5.528276413679122925e-02,9.701536595821380615e-02,9.569162502884864807e-03,2.703269571065902710e-02
-1.071690302342176437e-02,1.360779814422130585e-02,-1.010143160820007324e-01,6.968232989311218262e-02,5.549884587526321411e-02,-6.064494140446186066e-03,-1.221180777065455914e-03,3.026683256030082703e-02,5.117288604378700256e-02,5.090114474296569824e-02,-9.296819567680358887e-03,-4.525936767458915710e-02,8.306025713682174683e-02,5.911100655794143677e-02,9.700618684291839600e-02,1.079202219843864441e-01,-5.852216781931929290e-05,5.851539224386215210e-02,-8.452475070953369141e-02,-6.439094990491867065e-02,-6.000025942921638489e-02,7.554073631763458252e-02,6.030239164829254150e-02,-1.854694448411464691e-02,1.287570316344499588e-02,9.698931872844696045e-02,-9.982056915760040283e-02,-4.139307513833045959e-02,9.040213376283645630e-02,1.014875015243887901e-03,1.243499852716922760e-02,-1.153899505734443665e-01,7.733896374702453613e-02,6.540685147047042847e-02,-3.755240235477685928e-03,-1.041295900940895081e-01,5.577416718006134033e-02,8.828050643205642700e-02,-6.858786940574645996e-02,-5.346161499619483948e-02,9.069260209798812866e-02,1.853136718273162842e-02,9.559622406959533691e-02,2.084951475262641907e-02,-2.049447409808635712e-02,-8.316592127084732056e-02,-9.697213023900985718e-02,-2.617647498846054077e-02,5.373819265514612198e-03,1.675380952656269073e-02,-1.470595365390181541e-03,9.459559805691242218e-03,2.838098630309104919e-02,1.302594901062548161e-03,-8.370522409677505493e-03,-1.126843616366386414e-01,2.377804741263389587e-02,6.150687579065561295e-03,-7.121793925762176514e-02,-8.021790534257888794e-02,-1.207695715129375458e-02,1.175861246883869171e-02,2.478193724527955055e-03,3.661141544580459595e-02,2.181520685553550720e-02,-2.913096547126770020e-02,2.567124553024768829e-02,9.995472431182861328e-02,-9.726078808307647705e-02,2.401064895093441010e-02,-8.027880638837814331e-02,-9.580818004906177521e-03,-2.540816552937030792e-02,9.244554489850997925e-02,-2.299989201128482819e-02,-9.242774546146392822e-02,-8.226812933571636677e-04,1.133745163679122925e-01,-3.317217901349067688e-02,-9.326449781656265259e-02,1.006890758872032166e-01,2.639630984049290419e-04,-8.752021193504333496e-02,-4.753170651383697987e-04,-8.389627933502197266e-02,-9.964399039745330811e-02,3.631818667054176331e-02,2.043057931587100029e-03,7.769070565700531006e-02,6.588964909315109253e-02,-2.794241905212402344e-02,-3.444277122616767883e-02,-7.786916196346282959e-02,2.904823981225490570e-02,-8.623652160167694092e-02,1.602812856435775757e-02,6.567601114511489868e-02,-1.076398530130973086e-05,-8.750701695680618286e-02,6.225417181849479675e-02,-2.039584890007972717e-02,5.240475758910179138e-02,-1.089209616184234619e-01,-8.385726064443588257e-02,1.162480041384696960e-01,1.813226565718650818e-02,-8.214838802814483643e-02,-9.384746849536895752e-02,-2.337702736258506775e-02,-4.215360153466463089e-03,6.803837418556213379e-02,-6.999157369136810303e-02,-9.724195301532745361e-02,1.185304252430796623e-03,1.047316119074821472e-01,-9.568934887647628784e-02,5.051114782691001892e-02,4.826506972312927246e-02,-1.016475558280944824e-01,4.537033289670944214e-02,8.007419109344482422e-02,8.171477168798446655e-02,8.577121794223785400e-02,-6.359627842903137207e-02,-4.991035163402557373e-02,-8.141665160655975342e-02,-2.218148438259959221e-03,6.109252944588661194e-02
1.056394428014755249e-01,-1.010143160820007324e-01,7.604100108146667480e-01,-5.972447991371154785e-01,-4.023264646530151367e-01,-2.885535545647144318e-02,-1.387567073106765747e-02,-2.290290296077728271e-01,-3.564124703407287598e-01,-4.065965414047241211e-01,9.139032661914825439e-02,3.682039976119995117e-01,-5.860421061515808105e-01,-5.154995918273925781e-01,-7.336992621421813965e-01,-7.333739399909973145e-01,-1.228937180712819099e-04,-4.436682164669036865e-01,6.614042520523071289e-01,5.394297838211059570e-01,4.525201022624969482e-01,-6.224548220634460449e-01,-5.202380418777465820e-01,1.568688601255416870e-01,-1.028803586959838867e-01,-6.467013359069824219e-01,7.226215600967407227e-01,2.604787945747375488e-01,-6.866087317466735840e-01,-1.444602292031049728e-02,-9.333740174770355225e-02,8.065890073776245117e-01,-5.940266251564025879e-01,-5.899568200111389160e-01,3.088542632758617401e-02,7.329556941986083984e-01,-4.354613721370697021e-01,-6.774901151657104492e-01,4.591794312000274658e-01,4.538751244544982910e-01,-6.364998221397399902e-01,-1.535891741514205933e-01,-7.046909928321838379e-01,-1.722143739461898804e-01,1.401095986366271973e-01,6.251326799392700195e-01,7.438205480575561523e-01,2.118591517210006714e-01,-2.881568297743797302e-02,-6.631132960319519043e-02,5.772517062723636627e-03,-3.896630182862281799e-02,-2.392563819885253906e-01,5.360274575650691986e-03,5.009074509143829346e-02,7.954227924346923828e-01,-2.194634079933166504e-01,-5.003857612609863281e-02,5.419201850891113281e-01,6.458773612976074219e-01,1.056017950177192688e-01,-1.083649992942810059e-01,-2.065006829798221588e-02,-2.581495344638824463e-01,-1.633124500513076782e-01,2.261741608381271362e-01,-1.707438677549362183e-01,-7.032617926597595215e-01,7.173181176185607910e-01,-1.442564278841018677e-01,6.133483648300170898e-01,1.102015227079391479e-01,2.135830372571945190e-01,-7.124260663986206055e-01,1.408555358648300171e-01,6.767753362655639648e-01,5.641476251184940338e-03,-8.107569813728332520e-01,3.018167614936828613e-01,7.018807530403137207e-01,-7.553453445434570312e-01,-2.173183718696236610e-03,6.551255583763122559e-01,4.445791710168123245e-03,5.875391960144042969e-01,7.283550500869750977e-01,-2.764059305191040039e-01,-1.541432272642850876e-02,-5.655602216720581055e-01,-5.310469865798950195e-01,2.200610786676406860e-01,2.760080993175506592e-01,6.085008382797241211e-01,-2.406740337610244751e-01,6.582190990447998047e-01,-1.326914280652999878e-01,-5.180802345275878906e-01,8.675516437506303191e-05,6.400241255760192871e-01,-4.500408768653869629e-01,2.003945112228393555e-01,-3.529155552387237549e-01,7.831428647041320801e-01,6.482247114181518555e-01,-8.147839903831481934e-01,-2.404683083295822144e-01,6.221960783004760742e-01,6.837307214736938477e-01,1.309169828891754150e-01,3.238337486982345581e-02,-5.391629338264465332e-01,6.013294458389282227e-01,7.315376996994018555e-01,-1.062885522842407227e-01,-7.564496994018554688e-01,7.087152600288391113e-01,-3.458239138126373291e-01,-4.061639010906219482e-01,7.407590150833129883e-01,-3.748117983341217041e-01,-6.202570199966430664e-01,-6.345676779747009277e-01,-6.574383974075317383e-01,4.802241623401641846e-01,4.480762481689453125e-01,6.439837217330932617e-01,1.148393563926219940e-02,-5.021771192550659180e-01
-1.701676249504089355e-01,6.968232989311218262e-02,-5.972447991371154785e-01,6.326367855072021484e-01,1.581495106220245361e-01,1.382927000522613525e-01,-1.405413169413805008e-02,-5.773558281362056732e-03,2.631744146347045898e-01,3.039927184581756592e-01,-1.195459663867950439e-01,-2.649823129177093506e-01,3.523938953876495361e-01,5.107503533363342285e-01,5.757384300231933594e-01,4.480519890785217285e-01,2.892182441428303719e-03,3.462211191654205322e-01,-5.843182206153869629e-01,-4.199692904949188232e-01,-4.691505134105682373e-01,5.141414999961853027e-01,4.652567803859710693e-01,-1.228535100817680359e-01,7.819451391696929932e-02,3.468039333820343018e-01,-5.129747986793518066e-01,3.213709965348243713e-02,4.339999556541442871e-01,1.579641997814178467e-01,7.162182033061981201e-02,-6.590802073478698730e-01,5.830448865890502930e-01,4.642393290996551514e-01,-7.824183441698551178e-03,-4.871668815612792969e-01,3.026434779167175293e-01,4.800179004669189453e-01,-1.091929674148559570e-01,-4.018183052539825439e-01,4.491995275020599365e-01,1.399559825658798218e-01,5.209989547729492188e-01,1.226621493697166443e-01,-1.509888917207717896e-01,-4.096262454986572266e-01,-6.152200698852539062e-01,-1.677758693695068359e-01,-3.059053793549537659e-03,7.304746657609939575e-02,4.824109375476837158e-02,1.041950955986976624e-01,2.286610603332519531e-01,-1.610901951789855957e-02,1.004120931029319763e-01,-5.622979402542114258e-01,1.857965737581253052e-01,3.426009044051170349e-02,-4.403314888477325439e-01,-5.737290978431701660e-01,-1.075412929058074951e-01,1.614048033952713013e-01,2.114729024469852448e-02,1.214135363698005676e-01,1.445821672677993774e-01,-1.658139377832412720e-01,1.582676023244857788e-01,4.353460371494293213e-01,-5.189699530601501465e-01,-9.500434994697570801e-02,-3.747125864028930664e-01,1.735551841557025909e-02,-2.483069747686386108e-01,5.731815695762634277e-01,-9.006465971469879150e-02,-4.848456084728240967e-01,-1.951671089045703411e-03,5.894026160240173340e-01,-3.885414898395538330e-01,-5.197359323501586914e-01,6.595473885536193848e-01,1.637132605537772179e-03,-3.894511163234710693e-01,-1.078004483133554459e-03,-3.719329237937927246e-01,-5.441185235977172852e-01,8.310250937938690186e-03,7.262006402015686035e-03,3.827790319919586182e-01,3.588042557239532471e-01,-1.414220035076141357e-01,-3.715761899948120117e-01,-5.608976483345031738e-01,2.946065664291381836e-01,-5.399053692817687988e-01,2.004031687974929810e-01,3.233433961868286133e-01,-5.243495979811996222e-05,-3.706174492835998535e-01,2.177925854921340942e-01,-5.332692712545394897e-02,3.101118840277194977e-02,-6.658090353012084961e-01,-4.385647773742675781e-01,6.572920680046081543e-01,3.200472593307495117e-01,-6.716936826705932617e-01,-4.903078675270080566e-01,1.051905825734138489e-01,-2.874718606472015381e-02,5.443873405456542969e-01,-6.052801609039306641e-01,-6.069787144660949707e-01,2.201085239648818970e-01,5.331684350967407227e-01,-5.133569836616516113e-01,5.681205540895462036e-02,3.004962503910064697e-01,-5.387426018714904785e-01,3.591873943805694580e-01,4.682292342185974121e-01,5.209280252456665039e-01,5.214177370071411133e-01,-4.273861050605773926e-01,-3.473987281322479248e-01,-5.331360101699829102e-01,-1.790430583059787750e-02,3.666027188301086426e-01
2.552571296691894531e-01,5.549884587526321411e-02,-4.023264646530151367e-01,1.581495106220245361e-01,5.049155950546264648e-01,-2.088448107242584229e-01,8.334961533546447754e-02,4.976994991302490234e-01,2.151631712913513184e-01,2.241763770580291748e-01,-1.383401304483413696e-01,-2.482723146677017212e-01,3.020439147949218750e-01,1.752873808145523071e-01,4.130140244960784912e-01,6.082319021224975586e-01,-1.704992173472419381e-04,2.500886619091033936e-01,-2.811916172504425049e-01,-2.614268958568572998e-01,-1.686471700668334961e-01,2.489041090011596680e-01,1.387379020452499390e-01,-4.250905942171812057e-03,5.717366561293601990e-02,5.076195597648620605e-01,-3.630111515522003174e-01,-4.836696982383728027e-01,4.592969715595245361e-01,-1.696004867553710938e-01,-6.516699492931365967e-02,-4.362963736057281494e-01,2.163398563861846924e-01,2.655807733535766602e-01,-3.425103425979614258e-02,-4.716622233390808105e-01,2.490106970071792603e-01,4.076188206672668457e-01,-6.100540757179260254e-01,-4.044044613838195801e-01,5.248519778251647949e-01,1.337697654962539673e-01,3.485914170742034912e-01,1.013059690594673157e-01,-7.382930815219879150e-02,-2.606859505176544189e-01,-4.270641505718231201e-01,-1.807355284690856934e-01,6.972407549619674683e-02,5.994237586855888367e-02,-1.376445442438125610e-01,-1.056588739156723022e-01,2.499374896287918091e-01,-4.605627804994583130e-02,-1.484794914722442627e-01,-5.797436237335205078e-01,1.727086156606674194e-01,3.004090860486030579e-02,-2.155194580554962158e-01,-2.805334627628326416e-01,-8.914788067340850830e-02,-3.379259258508682251e-02,7.164536509662866592e-03,3.072074055671691895e-01,1.496051847934722900e-01,-1.167370155453681946e-01,-6.231666728854179382e-02,5.633015632629394531e-01,-4.291151463985443115e-01,3.689450919628143311e-01,-5.281269550323486328e-01,2.558658830821514130e-02,-8.557404391467571259e-03,3.779055178165435791e-01,-2.249504476785659790e-01,-5.139074921607971191e-01,-3.804422914981842041e-03,5.077023506164550781e-01,-1.336018443107604980e-01,-4.292146563529968262e-01,4.387761056423187256e-01,1.114358310587704182e-03,-5.023606419563293457e-01,-4.100760444998741150e-03,-6.072347164154052734e-01,-3.689113557338714600e-01,4.005459547042846680e-01,1.168420445173978806e-02,2.309804707765579224e-01,3.452781140804290771e-01,-2.638443112373352051e-01,4.920102283358573914e-02,-1.909118145704269409e-01,-4.415159672498703003e-02,-3.997448086738586426e-01,-1.868679225444793701e-01,4.239347279071807861e-01,-7.382348849205300212e-05,-4.895198643207550049e-01,4.927852153778076172e-01,-2.780316472053527832e-01,5.074435472488403320e-01,-4.202235639095306396e-01,-4.144444465637207031e-01,4.454011619091033936e-01,1.926497071981430054e-01,-1.797803491353988647e-01,-3.601943552494049072e-01,-4.231489300727844238e-01,-6.223830394446849823e-03,1.349195390939712524e-01,-1.263714134693145752e-01,-3.765358030796051025e-01,-9.422754496335983276e-02,5.556573271751403809e-01,-4.389836490154266357e-01,4.933476448059082031e-01,1.636633574962615967e-01,-5.800454020500183105e-01,1.241271495819091797e-01,2.723046243190765381e-01,3.914858400821685791e-01,3.870044648647308350e-01,-9.797834604978561401e-02,-1.979257464408874512e-01,-2.769417762756347656e-01,-5.208063405007123947e-03,3.110827803611755371e-01
-2.400991022586822510e-01,-6.064494140446186066e-03,-2.885535545647144318e-02,1.382927000522613525e-01,-2.088448107242584229e-01,2.301878482103347778e-01,-3.937945887446403503e-02,-2.272287309169769287e-01,-1.013090908527374268e-01,-2.359573356807231903e-02,8.314794301986694336e-02,3.804070875048637390e-02,1.135922502726316452e-03,8.276066929101943970e-02,9.405774995684623718e-03,-1.384518891572952271e-01,-6.785838049836456776e-04,-2.923279069364070892e-02,-3.407850861549377441e-02,-1.831555925309658051e-02,2.331529930233955383e-02,6.531589478254318237e-02,1.232601627707481384e-01,-5.432937294244766235e-02,-7.687033154070377350e-03,-1.509362459182739258e-01,-3.451370447874069214e-02,2.529081404209136963e-01,5.254549439996480942e-03,1.021644771099090576e-01,9.266211837530136108e-02,1.402712659910321236e-03,3.403795510530471802e-02,8.439354598522186279e-02,7.291076704859733582e-03,4.734626412391662598e-02,-2.469382807612419128e-02,-3.748177364468574524e-02,2.174169272184371948e-01,9.884827584028244019e-02,-1.742709577083587646e-01,-4.593902826309204102e-02,3.777847811579704285e-02,-9.829874616116285324e-04,6.624945253133773804e-02,-9.391083568334579468e-02,-7.099603302776813507e-03,5.139562860131263733e-02,-7.361688464879989624e-02,-6.708871573209762573e-02,1.030104160308837891e-01,1.368234399706125259e-02,-1.247494071722030640e-01,3.067787736654281616e-02,5.355095490813255310e-02,5.676185339689254761e-02,-3.479047492146492004e-02,-1.229449873790144920e-03,-1.399930007755756378e-02,-4.238665103912353516e-02,5.203684046864509583e-02,4.116318374872207642e-02,1.800036407075822353e-03,-1.809177249670028687e-01,-8.102481067180633545e-02,8.679775521159172058e-03,1.115717366337776184e-01,-1.186403036117553711e-01,4.133202880620956421e-02,-2.051148414611816406e-01,1.272313296794891357e-01,-1.744816452264785767e-01,-4.075127094984054565e-02,1.132488902658224106e-02,1.687449216842651367e-01,1.145527213811874390e-01,7.429292891174554825e-04,-1.470263814553618431e-03,5.007565021514892578e-03,4.526404291391372681e-02,-1.005334500223398209e-02,6.051530726836062968e-05,8.129195868968963623e-02,-2.180464653065428138e-04,2.261762171983718872e-01,-3.730496764183044434e-02,-1.556962579488754272e-01,-2.224924042820930481e-03,-5.519658792763948441e-03,-4.993873089551925659e-02,1.085563227534294128e-01,-9.749279916286468506e-02,-5.955851823091506958e-02,9.497423470020294189e-02,6.210843101143836975e-02,1.745957136154174805e-01,-7.483983784914016724e-02,2.042841697402764112e-05,9.648979455232620239e-02,-2.180220633745193481e-01,8.606112003326416016e-02,-2.384972572326660156e-01,-1.738567370921373367e-03,5.375460162758827209e-02,7.537998317275196314e-05,-3.138597588986158371e-03,-8.317750692367553711e-02,-5.787001573480665684e-04,2.805598080158233643e-01,-3.107921453192830086e-03,7.536256313323974609e-02,-1.554224044084548950e-01,-1.886986009776592255e-02,1.232222765684127808e-01,-5.068854242563247681e-02,5.189832299947738647e-02,-2.132434248924255371e-01,5.314842239022254944e-02,1.029045730829238892e-01,3.461811691522598267e-02,4.250223189592361450e-02,-6.117009371519088745e-02,-3.660025075078010559e-02,-8.772189170122146606e-02,-6.288313120603561401e-02,-2.622367814183235168e-02,-5.679770256392657757e-04,-3.227141499519348145e-02
1.013389080762863159e-01,-1.221180777065455914e-03,-1.387567073106765747e-02,-1.405413169413805008e-02,8.334961533546447754e-02,-3.937945887446403503e-02,7.931604236364364624e-02,1.210342645645141602e-01,-1.503837201744318008e-02,2.542051300406455994e-02,-7.874085754156112671e-02,-1.773365586996078491e-02,-4.737207293510437012e-02,-3.260937705636024475e-02,5.131037323735654354e-04,3.006868809461593628e-02,-1.424602669430896640e-04,-7.879814133048057556e-03,-2.508465945720672607e-02,-2.428600005805492401e-02,-1.600893330760300159e-03,-1.917394064366817474e-02,-2.647333964705467224e-02,2.790782041847705841e-02,4.336078185588121414e-03,1.410126313567161560e-02,3.113821707665920258e-02,-7.514873147010803223e-02,3.170509263873100281e-02,-8.015701919794082642e-02,-4.344083741307258606e-02,9.697647765278816223e-03,1.065505016595125198e-02,2.236098609864711761e-02,-3.267334774136543274e-03,1.411455217748880386e-02,5.359864328056573868e-03,2.567886374890804291e-02,-8.128241449594497681e-02,-9.442421048879623413e-02,6.709937751293182373e-02,3.240196779370307922e-02,-2.716272696852684021e-02,7.099496200680732727e-03,-4.424464702606201172e-02,4.576247557997703552e-02,-2.757949195802211761e-02,-2.309315279126167297e-02,3.803362697362899780e-02,-4.925993271172046661e-03,-3.503476455807685852e-02,-4.305303469300270081e-02,7.610105723142623901e-02,-1.484319940209388733e-02,-1.634921319782733917e-02,-3.361574932932853699e-02,2.934657409787178040e-02,1.103441929444670677e-03,-7.066705729812383652e-04,1.278441492468118668e-02,-4.505291208624839783e-02,-7.251553703099489212e-03,-3.025902260560542345e-04,9.655532985925674438e-02,3.236806020140647888e-02,-7.162160472944378853e-04,-9.385667741298675537e-02,3.987814858555793762e-02,-7.007173728197813034e-03,8.113955706357955933e-02,-8.554279059171676636e-02,5.757113546133041382e-02,2.292480506002902985e-02,-8.649996016174554825e-04,-6.482917815446853638e-02,-7.059001922607421875e-02,4.105806874576956034e-04,2.085451781749725342e-02,-3.419237211346626282e-02,-1.592829078435897827e-02,3.848552331328392029e-02,-1.254630933544831350e-05,-4.967962577939033508e-02,-1.160086714662611485e-03,-9.924302995204925537e-02,3.184566274285316467e-02,1.093310639262199402e-01,2.263962669530883431e-04,-3.815483674407005310e-02,3.250071033835411072e-02,-6.642629206180572510e-02,4.808700457215309143e-02,2.262781932950019836e-02,-4.564911872148513794e-02,-4.416676610708236694e-02,-9.258620440959930420e-02,4.870299249887466431e-02,-1.670465280767530203e-05,-2.517526783049106598e-02,9.062949568033218384e-02,-8.112517744302749634e-02,1.034567728638648987e-01,5.836263764649629593e-03,-2.475163899362087250e-02,3.027589619159698486e-02,1.076119616627693176e-01,1.129405573010444641e-02,3.252739831805229187e-02,-1.197260245680809021e-01,2.294142730534076691e-03,-6.524021923542022705e-02,1.876488240668550134e-04,1.483289804309606552e-02,2.991552650928497314e-02,3.686597943305969238e-02,-3.695873543620109558e-02,5.592686682939529419e-02,2.054456621408462524e-03,-7.386652380228042603e-02,-1.064777188003063202e-02,-2.101583220064640045e-02,5.178479850292205811e-02,1.446637697517871857e-02,7.221543788909912109e-02,2.320556901395320892e-03,-2.538638655096292496e-04,3.512077033519744873e-03,5.936385691165924072e-02
3.723141551017761230e-01,3.026683256030082703e-02,-2.290290296077728271e-01,-5.773558281362056732e-03,4.976994991302490234e-01,-2.272287309169769287e-01,1.210342645645141602e-01,6.346806287765502930e-01,1.050728037953376770e-01,1.364586204290390015e-01,-1.192430108785629272e-01,-2.145156413316726685e-01,1.474306285381317139e-01,7.359482347965240479e-02,2.737788259983062744e-01,4.906817972660064697e-01,5.833283648826181889e-04,1.190001443028450012e-01,-9.012707322835922241e-02,-1.638435125350952148e-01,1.732040010392665863e-02,1.375144869089126587e-01,5.181958433240652084e-03,1.829029060900211334e-02,3.821271285414695740e-02,3.785303831100463867e-01,-1.931351125240325928e-01,-5.364418029785156250e-01,3.847357034683227539e-01,-2.429892718791961670e-01,-1.288774758577346802e-01,-2.261179983615875244e-01,-1.083191949874162674e-02,2.113203108310699463e-01,-4.338523745536804199e-02,-3.386497497558593750e-01,1.667297482490539551e-01,2.836804389953613281e-01,-6.461658477783203125e-01,-3.879642486572265625e-01,3.925483524799346924e-01,1.107380241155624390e-01,1.657982319593429565e-01,7.924386113882064819e-02,2.931083552539348602e-02,-1.361009478569030762e-01,-2.696487605571746826e-01,-1.609478145837783813e-01,6.787596642971038818e-02,-6.197705492377281189e-02,-1.970917731523513794e-01,-2.207947820425033569e-01,2.291420251131057739e-01,-9.233637899160385132e-02,-2.160611748695373535e-01,-4.469983875751495361e-01,1.797151565551757812e-01,2.441169321537017822e-02,-4.992216359823942184e-03,-1.212939620018005371e-01,-7.768618315458297729e-02,-9.739258140325546265e-02,9.621345670893788338e-04,2.521677613258361816e-01,1.150698587298393250e-01,-6.471497565507888794e-02,-1.963825821876525879e-01,4.484075009822845459e-01,-2.958369255065917969e-01,4.347572922706604004e-01,-4.831621348857879639e-01,-3.190133720636367798e-02,7.952279597520828247e-02,2.476072907447814941e-01,-1.704490929841995239e-01,-3.797007501125335693e-01,-2.827858785167336464e-03,3.527541458606719971e-01,-5.048943683505058289e-02,-2.956144809722900391e-01,2.694618403911590576e-01,8.087083115242421627e-04,-4.254292249679565430e-01,-4.690777044743299484e-03,-5.291600823402404785e-01,-1.968885213136672974e-01,4.581414759159088135e-01,1.084583252668380737e-02,5.666701123118400574e-02,2.863052189350128174e-01,-2.532006800174713135e-01,2.394595891237258911e-01,1.072605140507221222e-02,-1.681236177682876587e-01,-2.501530647277832031e-01,-3.218547701835632324e-01,3.626351952552795410e-01,-6.990564725128933787e-05,-4.176150560379028320e-01,4.595489203929901123e-01,-3.719998598098754883e-01,5.575003027915954590e-01,-2.244522571563720703e-01,-3.149029910564422607e-01,2.204010784626007080e-01,2.002849429845809937e-01,7.220529764890670776e-02,-1.981385946273803711e-01,-5.052890777587890625e-01,7.211352232843637466e-03,-2.631984278559684753e-02,4.384389519691467285e-02,-2.060590386390686035e-01,-9.067159891128540039e-02,4.252035617828369141e-01,-2.902116775512695312e-01,5.425448417663574219e-01,9.455543756484985352e-02,-4.650007486343383789e-01,8.771815337240695953e-03,1.048685610294342041e-01,2.625025212764739990e-01,2.314360439777374268e-01,1.130391359329223633e-01,-1.658750921487808228e-01,-1.151256039738655090e-01,1.393879950046539307e-02,2.310900092124938965e-01
5.111533775925636292e-02,5.117288604378700256e-02,-3.564124703407287598e-01,2.631744146347045898e-01,2.151631712913513184e-01,-1.013090908527374268e-01,-1.503837201744318008e-02,1.050728037953376770e-01,3.289985656738281250e-01,2.189701050519943237e-01,-1.143117547035217285e-01,-1.980584263801574707e-01,2.352875620126724243e-01,2.680581808090209961e-01,3.753694295883178711e-01,4.154264926910400391e-01,3.339536488056182861e-03,2.043277919292449951e-01,-3.572518229484558105e-01,-2.661222517490386963e-01,-3.958781659603118896e-01,3.022365868091583252e-01,1.784222126007080078e-01,-6.495074927806854248e-02,6.136523559689521790e-02,3.849090337753295898e-01,-3.384186029434204102e-01,-1.462693065404891968e-01,2.378928363323211670e-01,4.322562739253044128e-02,-3.073202818632125854e-02,-4.962091743946075439e-01,3.613967895507812500e-01,2.227518558502197266e-01,-6.755139213055372238e-03,-3.877665400505065918e-01,2.158409506082534790e-01,3.394982516765594482e-01,-1.911592930555343628e-01,-3.052973449230194092e-01,4.423051476478576660e-01,1.187421381473541260e-01,2.946476042270660400e-01,7.249256968498229980e-02,-1.823819279670715332e-01,-2.084686607122421265e-01,-3.626713454723358154e-01,-1.300850361585617065e-01,7.970150560140609741e-02,7.304122298955917358e-02,-6.043937057256698608e-02,1.250169277191162109e-01,2.528220713138580322e-01,-4.932482168078422546e-02,5.129193514585494995e-02,-4.050893783569335938e-01,1.320717483758926392e-01,2.155880630016326904e-02,-2.631711959838867188e-01,-3.234080672264099121e-01,-1.294762194156646729e-01,1.069175153970718384e-01,1.261366903781890869e-02,2.352552264928817749e-01,1.684479862451553345e-01,-1.173925027251243591e-01,5.738955456763505936e-03,3.642675876617431641e-01,-3.947290182113647461e-01,6.716416031122207642e-02,-3.111164271831512451e-01,1.840458512306213379e-01,-1.698966920375823975e-01,3.736470341682434082e-01,-1.872748285531997681e-01,-3.862743675708770752e-01,-1.981681678444147110e-03,3.927190005779266357e-01,-2.317911535501480103e-01,-3.950347304344177246e-01,4.487140774726867676e-01,1.013285014778375626e-03,-2.877185046672821045e-01,9.497536229901015759e-04,-3.958934843540191650e-01,-3.258341252803802490e-01,9.282802045345306396e-02,6.128068082034587860e-03,3.218280375003814697e-01,2.677686512470245361e-01,-1.397726684808731079e-01,-1.822640746831893921e-01,-3.377136588096618652e-01,1.571294963359832764e-01,-3.987876176834106445e-01,2.426142804324626923e-02,1.937132477760314941e-01,-4.466807513381354511e-05,-3.243984282016754150e-01,2.901509106159210205e-01,-7.351113855838775635e-02,2.201514095067977905e-01,-4.667416214942932129e-01,-3.231540620326995850e-01,4.613936543464660645e-01,1.350692212581634521e-01,-4.003456532955169678e-01,-3.227617740631103516e-01,-1.395847946405410767e-01,-2.209425903856754303e-02,3.746073544025421143e-01,-2.825847268104553223e-01,-3.849717676639556885e-01,7.194795459508895874e-02,3.330852687358856201e-01,-3.974687755107879639e-01,1.741486340761184692e-01,1.444332897663116455e-01,-4.123461544513702393e-01,2.164315134286880493e-01,2.385564297437667847e-01,3.985336720943450928e-01,3.553529977798461914e-01,-2.097281366586685181e-01,-1.844582259654998779e-01,-3.566659688949584961e-01,4.104751162230968475e-03,2.404038161039352417e-01
-5.268816370517015457e-03,5.090114474296569824e-02,-4.065965414047241211e-01,3.039927184581756592e-01,2.241763770580291748e-01,-2.359573356807231903e-02,2.542051300406455994e-02,1.364586204290390015e-01,2.189701050519943237e-01,2.224884331226348877e-01,-9.240382909774780273e-02,-1.938731968402862549e-01,2.749713063240051270e-01,2.573525011539459229e-01,3.941501677036285400e-01,4.199075400829315186e-01,8.303917129524052143e-04,2.182660996913909912e-01,-3.731727600097656250e-01,-2.837586998939514160e-01,-2.928975820541381836e-01,3.111706674098968506e-01,2.386655658483505249e-01,-6.946586817502975464e-02,5.676702409982681274e-02,3.659079968929290771e-01,-3.738563358783721924e-01,-1.454512625932693481e-01,3.469362854957580566e-01,-4.284718539565801620e-03,1.634629443287849426e-02,-4.747766852378845215e-01,3.448950052261352539e-01,2.917831242084503174e-01,-1.294111460447311401e-02,-3.962844014167785645e-01,2.223525792360305786e-01,3.613286614418029785e-01,-2.486727833747863770e-01,-2.842659056186676025e-01,3.932762145996093750e-01,9.954565763473510742e-02,3.498420119285583496e-01,8.558894693851470947e-02,-1.234456449747085571e-01,-2.919446229934692383e-01,-4.056361019611358643e-01,-1.178886368870735168e-01,4.634020477533340454e-02,4.378778487443923950e-02,-2.463882230222225189e-02,4.320912063121795654e-02,1.826698333024978638e-01,-1.727299764752388000e-02,-2.110093832015991211e-03,-4.513643980026245117e-01,1.240961626172065735e-01,2.454319223761558533e-02,-2.807387709617614746e-01,-3.325757384300231934e-01,-9.204041212797164917e-02,7.318029552698135376e-02,1.120279170572757721e-02,1.937862336635589600e-01,1.165487691760063171e-01,-1.172646507620811462e-01,3.839703276753425598e-02,3.874448537826538086e-01,-3.921527564525604248e-01,8.508966863155364990e-02,-3.454268276691436768e-01,3.120763041079044342e-02,-1.247617006301879883e-01,3.821437060832977295e-01,-1.239022538065910339e-01,-3.941354751586914062e-01,-2.431654604151844978e-03,4.532534182071685791e-01,-1.895934790372848511e-01,-3.884416818618774414e-01,4.509448111057281494e-01,1.077623222954571247e-03,-3.431736528873443604e-01,-1.646188087761402130e-03,-3.679898083209991455e-01,-3.698216974735260010e-01,1.532968729734420776e-01,7.255543489009141922e-03,2.942397892475128174e-01,2.783697843551635742e-01,-1.374124437570571899e-01,-1.491396725177764893e-01,-3.247071206569671631e-01,1.261515915393829346e-01,-3.829135596752166748e-01,3.822574764490127563e-02,2.533681392669677734e-01,-4.903057561023160815e-05,-3.381319046020507812e-01,2.697378098964691162e-01,-1.131385341286659241e-01,2.186638563871383667e-01,-4.528949260711669922e-01,-3.397944569587707520e-01,4.887430965900421143e-01,1.614298820495605469e-01,-3.735714852809906006e-01,-3.462523818016052246e-01,-1.126058772206306458e-01,-1.822667010128498077e-02,2.969033122062683105e-01,-3.219273984432220459e-01,-3.919851481914520264e-01,7.937877625226974487e-02,4.079976677894592285e-01,-4.025762975215911865e-01,1.788712888956069946e-01,1.939099729061126709e-01,-4.361452162265777588e-01,2.006046324968338013e-01,2.935085296630859375e-01,3.726194500923156738e-01,3.546822071075439453e-01,-2.191928625106811523e-01,-2.162161171436309814e-01,-3.487994968891143799e-01,-2.337825484573841095e-03,2.723838984966278076e-01
-1.753332316875457764e-01,-9.296819567680358887e-03,9.139032661914825439e-02,-1.195459663867950439e-01,-1.383401304483413696e-01,8.314794301986694336e-02,-7.874085754156112671e-02,-1.192430108785629272e-01,-1.143117547035217285e-01,-9.240382909774780273e-02,2.096208035945892334e-01,7.735671103000640869e-02,8.206056058406829834e-02,-8.445765078067779541e-02,-9.222918003797531128e-02,-8.347142487764358521e-02,-3.130404511466622353e-03,-6.070424616336822510e-02,1.613276600837707520e-01,9.856043010950088501e-02,2.236855030059814453e-01,-5.537241697311401367e-02,-1.201867405325174332e-02,-4.451484978199005127e-02,-2.478609420359134674e-02,-4.384715110063552856e-02,-1.413157954812049866e-02,5.739042535424232483e-02,2.467854879796504974e-03,1.924630999565124512e-02,1.083834543824195862e-01,1.235099136829376221e-01,-1.924180537462234497e-01,-5.423844233155250549e-02,-4.579100757837295532e-03,1.833384111523628235e-02,-4.948680847883224487e-02,-9.643064439296722412e-02,2.091792784631252289e-02,2.768224477767944336e-01,-2.335703372955322266e-01,-1.128688454627990723e-01,3.557970747351646423e-03,-2.057364210486412048e-02,1.754506528377532959e-01,-1.201921403408050537e-01,1.436332613229751587e-01,9.298203140497207642e-02,-7.968538999557495117e-02,-6.902969628572463989e-02,6.732560694217681885e-02,-3.881242126226425171e-02,-2.572608888149261475e-01,5.990312248468399048e-02,-8.650682866573333740e-02,9.680292010307312012e-02,-9.962230920791625977e-02,-4.215034656226634979e-03,8.597790449857711792e-02,1.079511493444442749e-01,1.331286877393722534e-01,-6.703075021505355835e-02,-6.680984981358051300e-03,-2.072072625160217285e-01,-1.373504102230072021e-01,2.953225746750831604e-02,1.380912810564041138e-01,-9.570134431123733521e-02,8.464015275239944458e-02,-4.853361472487449646e-02,1.542377620935440063e-01,-2.912271022796630859e-01,6.727042794227600098e-02,-9.492822736501693726e-02,1.972793191671371460e-01,2.002411037683486938e-01,-1.577981165610253811e-03,-6.510623544454574585e-02,2.318718582391738892e-01,1.162487193942070007e-01,-2.137795537710189819e-01,-1.994888880290091038e-04,6.747359782457351685e-02,-9.975633583962917328e-04,2.470625042915344238e-01,-3.285388927906751633e-03,-6.467986106872558594e-02,8.038564119488000870e-04,-4.994625123799778521e-05,-9.107419848442077637e-02,1.489167213439941406e-01,7.966024428606033325e-02,1.051438599824905396e-01,-3.409742191433906555e-02,2.016345262527465820e-01,1.038366481661796570e-01,-9.312164038419723511e-02,2.947771827166434377e-05,5.356249585747718811e-02,-1.816107183694839478e-01,7.067119330167770386e-02,-8.968398720026016235e-02,1.399639099836349487e-01,8.689446747303009033e-02,-1.450607925653457642e-01,-2.818487286567687988e-01,2.067837119102478027e-01,1.867243088781833649e-03,1.444485783576965332e-01,5.411020945757627487e-03,-9.105652570724487305e-02,1.140660718083381653e-01,1.003835350275039673e-01,-1.026010215282440186e-01,-8.956364542245864868e-02,1.384919732809066772e-01,-3.726679831743240356e-02,-7.010321598500013351e-03,1.943572759628295898e-01,-8.965475112199783325e-02,-5.863266531378030777e-03,-2.151403725147247314e-01,-1.364114284515380859e-01,-1.818716898560523987e-02,2.129058912396430969e-02,1.135653778910636902e-01,2.437683753669261932e-03,-1.346770972013473511e-01
-4.832947626709938049e-02,-4.525936767458915710e-02,3.682039976119995117e-01,-2.649823129177093506e-01,-2.482723146677017212e-01,3.804070875048637390e-02,-1.773365586996078491e-02,-2.145156413316726685e-01,-1.980584263801574707e-01,-1.938731968402862549e-01,7.735671103000640869e-02,2.047571986913681030e-01,-2.406611591577529907e-01,-2.627459764480590820e-01,-3.834163844585418701e-01,-4.288272261619567871e-01,-1.873492496088147163e-03,-1.922315061092376709e-01,3.054013550281524658e-01,2.571796774864196777e-01,2.343288064002990723e-01,-2.986378967761993408e-01,-2.067008763551712036e-01,6.354888528585433960e-02,-5.241293460130691528e-02,-3.444420993328094482e-01,3.395451903343200684e-01,1.903284937143325806e-01,-3.474898338317871094e-01,1.106288284063339233e-02,1.382991299033164978e-02,4.343442320823669434e-01,-2.639841437339782715e-01,-2.857932746410369873e-01,1.953777298331260681e-02,3.917727470397949219e-01,-2.066843807697296143e-01,-3.370454907417297363e-01,3.039169311523437500e-01,3.099703192710876465e-01,-3.712998926639556885e-01,-9.874852001667022705e-02,-3.108746111392974854e-01,-8.404503017663955688e-02,6.486119329929351807e-02,2.646816074848175049e-01,3.808570802211761475e-01,1.282415837049484253e-01,-3.184181451797485352e-02,1.352668390609323978e-03,6.032314524054527283e-02,7.658873684704303741e-03,-1.851723343133926392e-01,4.492524638772010803e-02,3.511006012558937073e-02,4.515210092067718506e-01,-1.450536251068115234e-01,-2.493934705853462219e-02,1.997783333063125610e-01,3.042700290679931641e-01,8.145988732576370239e-02,-4.551006481051445007e-02,-9.914793074131011963e-03,-1.553560793399810791e-01,-1.122086271643638611e-01,1.041872426867485046e-01,-3.298406954854726791e-03,-3.852351605892181396e-01,3.738512396812438965e-01,-1.173736974596977234e-01,3.508738577365875244e-01,1.271453103981912136e-03,9.856486320495605469e-02,-3.711059391498565674e-01,1.013727411627769470e-01,3.671384751796722412e-01,2.282125642523169518e-03,-4.312738478183746338e-01,1.739794611930847168e-01,3.746793270111083984e-01,-4.203464686870574951e-01,-1.080155139788985252e-03,3.394297361373901367e-01,1.715828781016170979e-03,3.763502538204193115e-01,3.428459465503692627e-01,-1.638201028108596802e-01,-7.762872148305177689e-03,-2.379186153411865234e-01,-2.745473682880401611e-01,1.411397010087966919e-01,8.475884050130844116e-02,2.629127800464630127e-01,-8.668403327465057373e-02,3.449454605579376221e-01,1.428450271487236023e-02,-2.541483044624328613e-01,4.813312625628896058e-05,3.482439517974853516e-01,-2.721853256225585938e-01,1.529745161533355713e-01,-2.450109720230102539e-01,4.225803613662719727e-01,3.270283341407775879e-01,-4.167593121528625488e-01,-1.693592369556427002e-01,2.904790341854095459e-01,3.188423812389373779e-01,1.422901451587677002e-01,1.316328998655080795e-02,-2.757395803928375244e-01,2.586615979671478271e-01,3.690412938594818115e-01,-6.422694772481918335e-02,-4.038600623607635498e-01,3.660843968391418457e-01,-2.359282076358795166e-01,-1.720042228698730469e-01,4.299620389938354492e-01,-1.711685210466384888e-01,-2.492987960577011108e-01,-3.452622890472412109e-01,-3.280554413795471191e-01,1.618558317422866821e-01,2.275300174951553345e-01,3.045500218868255615e-01,-3.840993391349911690e-03,-2.424973547458648682e-01
