7.497718334197998047e-01,1.158652901649475098e-01,-4.607140719890594482e-01,9.824094921350479126e-02,4.498745501041412354e-01,-8.522339165210723877e-02,1.362413167953491211e-01,5.459189414978027344e-01,6.592728197574615479e-02,2.706890180706977844e-02,-1.638044789433479309e-02,-1.462386101484298706e-01,6.468353271484375000e-01,3.395402729511260986e-01,5.750901699066162109e-01,1.807410567998886108e-01,5.870619323104619980e-03,3.382021486759185791e-01,2.601303756237030029e-01,8.193288743495941162e-02,-1.477609276771545410e-01,7.351405918598175049e-02,3.206877708435058594e-01,-3.603933155536651611e-01,3.249743580818176270e-02,-2.402793467044830322e-01,-1.866026073694229126e-01,-4.524828195571899414e-01,-1.318619698286056519e-01,-6.284246444702148438e-01,-3.173407316207885742e-01,-3.712422549724578857e-01,3.672854006290435791e-01,-3.074025176465511322e-02,-4.334949702024459839e-02,-4.886484146118164062e-01,-9.101276844739913940e-02,9.928907454013824463e-02,-3.181433975696563721e-01,-7.095289230346679688e-01,3.215582966804504395e-01,1.545503735542297363e-01,-2.443428337574005127e-02,7.093187421560287476e-02,6.466704607009887695e-01,-5.693055987358093262e-01,-4.684994816780090332e-01,-4.768441617488861084e-02,-7.069668918848037720e-02,-1.341749913990497589e-02,2.429849058389663696e-01,2.347903102636337280e-01,3.364707529544830322e-01,-3.605370223522186279e-02,8.987841196358203888e-03,-2.599525749683380127e-01,1.149124577641487122e-01,7.115558534860610962e-02,1.781998127698898315e-01,-1.021145209670066833e-01,-1.260062120854854584e-02,1.406492441892623901e-01,7.265336066484451294e-02,-1.552439779043197632e-01,-7.474181801080703735e-02,9.330807370133697987e-04,4.333674311637878418e-01,4.669827222824096680e-01,-3.564859926700592041e-01,2.575182020664215088e-01,-5.879521965980529785e-01,-5.323962569236755371e-01,-1.411601155996322632e-01,1.455018222332000732e-01,-1.478076279163360596e-01,-4.432549476623535156e-01,-3.512870147824287415e-02,2.475127875804901123e-01,-4.122768342494964600e-01,-6.110118627548217773e-01,-1.670287251472473145e-01,2.156276628375053406e-02,-2.898387312889099121e-01,5.706327036023139954e-02,-3.123943507671356201e-01,-6.912293285131454468e-02,-3.430654853582382202e-02,2.987461350858211517e-02,3.100122213363647461e-01,-6.567654013633728027e-02,-3.281645104289054871e-02,-4.146825969219207764e-01,-6.618589907884597778e-02,3.924103453755378723e-02,-1.175017654895782471e-01,-2.747166156768798828e-01,3.488735258579254150e-01,-6.134454160928726196e-03,-4.677813649177551270e-01,6.041725873947143555e-01,1.087455600500106812e-01,1.495998501777648926e-01,-1.351322531700134277e-01,3.227156586945056915e-03,3.885650932788848877e-01,2.015301138162612915e-01,-5.652302131056785583e-02,6.363198626786470413e-03,-2.792698144912719727e-01,-5.259644612669944763e-02,5.203114748001098633e-01,1.007539927959442139e-01,-2.494102157652378082e-02,-5.550065040588378906e-01,3.585170507431030273e-01,-4.373987019062042236e-01,3.448129594326019287e-01,-2.443717271089553833e-01,-6.738503575325012207e-01,4.102815315127372742e-02,-3.642464280128479004e-01,5.555746555328369141e-01,3.282680511474609375e-01,-1.897332966327667236e-01,3.700390458106994629e-01,-8.205389231443405151e-02,1.473652385175228119e-02,4.342093169689178467e-01
1.158652901649475098e-01,4.369460791349411011e-02,-1.406263560056686401e-01,-2.574488334357738495e-02,1.323880851268768311e-01,-8.725693821907043457e-02,1.366318482905626297e-02,1.682054065167903900e-02,2.775352448225021362e-02,1.109362393617630005e-02,2.957922779023647308e-02,-3.016404993832111359e-02,1.056234464049339294e-01,-1.076737046241760254e-02,1.198256611824035645e-01,5.125092715024948120e-02,3.369699465110898018e-03,1.184493452310562134e-01,2.840114571154117584e-02,-2.762320823967456818e-02,5.091572552919387817e-02,5.683903396129608154e-02,2.073325961828231812e-02,2.808946184813976288e-02,1.880818419158458710e-02,6.964630633592605591e-02,-1.161661073565483093e-01,-1.518035382032394409e-01,2.825701981782913208e-02,-1.137406677007675171e-01,-6.420335173606872559e-02,-9.878521412611007690e-02,6.571589410305023193e-02,2.885229885578155518e-02,9.172348654828965664e-04,-9.020406007766723633e-02,-3.418494760990142822e-02,2.581209875643253326e-02,3.940782509744167328e-03,-1.296827942132949829e-01,1.362975090742111206e-01,-7.764802314341068268e-03,8.538562059402465820e-02,1.373992208391427994e-02,6.418742984533309937e-02,-6.508039683103561401e-02,-1.199751570820808411e-01,7.172166369855403900e-04,-3.773349896073341370e-02,-3.776686498895287514e-03,2.574122697114944458e-02,9.100073017179965973e-03,6.808503717184066772e-02,8.592463284730911255e-02,-3.358908742666244507e-02,-6.702832877635955811e-02,2.347710356116294861e-02,1.151422969996929169e-02,-6.473917048424482346e-03,-1.476761605590581894e-02,4.073970392346382141e-02,-1.524432003498077393e-02,1.155102066695690155e-02,-6.593936122953891754e-03,-3.656126558780670166e-02,-1.568721048533916473e-02,1.087689325213432312e-01,1.600652933120727539e-01,-1.236357539892196655e-01,1.134660542011260986e-01,-7.445733994245529175e-02,-4.388817772269248962e-02,-4.030430316925048828e-02,5.639022216200828552e-02,-3.366407752037048340e-02,-1.162635609507560730e-01,-1.312475465238094330e-02,8.068697899580001831e-02,2.589610964059829712e-02,-1.234352514147758484e-01,-5.194749683141708374e-02,4.307166207581758499e-03,-1.121283695101737976e-01,1.043814327567815781e-02,-8.858012408018112183e-02,-1.259740442037582397e-01,3.786963224411010742e-02,1.556148100644350052e-02,9.997932612895965576e-02,-2.885706536471843719e-02,-2.734274230897426605e-02,-7.255053520202636719e-02,1.525921281427145004e-02,1.686861366033554077e-02,-6.036111712455749512e-02,-1.314729079604148865e-02,6.795740127563476562e-02,-1.163763343356549740e-03,-1.008973419666290283e-01,6.112208217382431030e-02,1.940536312758922577e-02,-7.939891889691352844e-03,-2.337324805557727814e-02,6.423095241189002991e-03,1.063593700528144836e-01,-3.852743655443191528e-02,2.574329264461994171e-02,-9.685033001005649567e-03,-9.669214487075805664e-02,-2.860768511891365051e-02,3.571629524230957031e-02,5.235949903726577759e-02,-1.597521454095840454e-02,-1.351812481880187988e-01,1.381603628396987915e-01,-1.338846683502197266e-01,1.202350035309791565e-01,-5.833513662219047546e-02,-9.224756062030792236e-02,1.030601188540458679e-02,-6.853255443274974823e-03,1.140169575810432434e-01,1.091844886541366577e-01,-8.108099550008773804e-02,-1.055959798395633698e-02,-1.384816550853429362e-05,-1.318540074862539768e-03,5.487171187996864319e-02
-4.607140719890594482e-01,-1.406263560056686401e-01,8.175107240676879883e-01,-6.166025251150131226e-02,-4.228728115558624268e-01,7.134666293859481812e-02,-2.187704592943191528e-01,1.392204873263835907e-02,3.423777222633361816e-02,-9.635237604379653931e-02,-2.563831806182861328e-01,2.155108153820037842e-01,-3.057272732257843018e-01,3.483811020851135254e-01,-5.297433137893676758e-01,-1.928281188011169434e-01,-9.241679310798645020e-02,-6.086984276771545410e-01,-1.511703152209520340e-02,2.836207449436187744e-01,-5.331952571868896484e-01,-4.590129256248474121e-01,-7.742504030466079712e-02,-1.380569767206907272e-02,-1.414003372192382812e-01,-4.488121867179870605e-01,6.294924020767211914e-01,6.511532068252563477e-01,-4.803733825683593750e-01,6.541511416435241699e-01,1.497912704944610596e-01,6.786634325981140137e-01,-4.616909623146057129e-01,-3.759018480777740479e-01,1.086382847279310226e-02,5.565482974052429199e-01,1.858167201280593872e-01,-1.519210934638977051e-01,6.792820245027542114e-02,6.911562681198120117e-01,-6.734938621520996094e-01,8.927311748266220093e-02,-3.825356662273406982e-01,-7.981640845537185669e-02,-3.331555426120758057e-01,4.507656395435333252e-01,5.960654616355895996e-01,2.272570133209228516e-02,2.043260484933853149e-01,2.389569729566574097e-01,-1.756580173969268799e-01,2.004017382860183716e-01,-4.047556519508361816e-01,-3.259731829166412354e-01,1.094005331397056580e-01,3.548149466514587402e-01,-1.394169032573699951e-01,-6.857232004404067993e-02,-3.292590081691741943e-01,2.291566282510757446e-01,-2.284869402647018433e-01,6.205253675580024719e-02,-7.453617453575134277e-02,-2.353902757167816162e-01,2.312165498733520508e-02,1.077219694852828979e-01,-5.791012048721313477e-01,-7.460615634918212891e-01,6.573029756546020508e-01,-4.791432917118072510e-01,5.044882297515869141e-01,2.424022704362869263e-01,2.515887916088104248e-01,-5.046595335006713867e-01,1.741797477006912231e-01,5.105443596839904785e-01,7.147683948278427124e-02,-6.615541577339172363e-01,-1.473709642887115479e-01,6.070284843444824219e-01,-2.128829360008239746e-01,-3.422707691788673401e-02,5.324069261550903320e-01,-4.722204059362411499e-02,5.538582205772399902e-01,5.898234248161315918e-01,-2.592469751834869385e-01,-9.602072834968566895e-02,-5.720861554145812988e-01,9.157864749431610107e-02,1.492335647344589233e-01,4.738719463348388672e-01,1.256990879774093628e-01,-1.797485500574111938e-01,4.516436159610748291e-01,8.678142726421356201e-02,-2.974650263786315918e-01,9.089983068406581879e-03,4.962994456291198730e-01,-2.614156305789947510e-01,-6.685598194599151611e-02,-1.488742083311080933e-01,1.185953766107559204e-01,-5.002694949507713318e-02,-7.679458856582641602e-01,3.074616380035877228e-02,1.826820522546768188e-01,1.652222424745559692e-01,5.911764502525329590e-01,1.917134970426559448e-01,-2.771195769309997559e-01,5.021496117115020752e-02,1.391299962997436523e-01,4.756727516651153564e-01,-7.375113368034362793e-01,6.255603432655334473e-01,-4.281108677387237549e-01,1.309603303670883179e-01,4.974943995475769043e-01,-9.394964575767517090e-02,-2.805105149745941162e-01,-6.173443198204040527e-01,-6.419382691383361816e-01,3.084484338760375977e-01,2.049436122179031372e-01,-1.132177095860242844e-02,-9.786106646060943604e-02,-3.515195846557617188e-01
9.824094921350479126e-02,-2.574488334357738495e-02,-6.166025251150131226e-02,2.085408270359039307e-01,-2.257777377963066101e-02,1.278701424598693848e-01,6.900461018085479736e-02,5.775547400116920471e-02,-3.897028043866157532e-02,1.459978055208921432e-02,-9.960325807332992554e-02,-2.732987329363822937e-02,5.262924358248710632e-02,-3.220066800713539124e-02,-4.803313873708248138e-03,-2.694896236062049866e-02,1.806386373937129974e-02,1.082570329308509827e-01,-2.746880427002906799e-02,4.343407228589057922e-02,-9.033828228712081909e-02,9.980068542063236237e-03,4.640334099531173706e-02,-1.756444722414016724e-01,4.162846878170967102e-02,-7.352641969919204712e-02,3.712745383381843567e-02,4.640581831336021423e-02,-3.587956307455897331e-03,-9.110023081302642822e-02,-9.205643087625503540e-03,-1.319567710161209106e-01,1.881078481674194336e-01,-8.880148082971572876e-02,3.457608865574002266e-03,-6.744728237390518188e-02,1.148552726954221725e-02,1.452790480107069016e-02,-3.540937602519989014e-02,-2.162158191204071045e-01,2.591028995811939240e-02,3.965492546558380127e-02,-5.922204256057739258e-02,7.033683359622955322e-03,7.407326996326446533e-02,-5.723828822374343872e-02,1.956620439887046814e-02,-5.040448904037475586e-02,2.169237658381462097e-02,1.080306805670261383e-02,3.180240467190742493e-02,5.982130393385887146e-02,1.448222249746322632e-01,-1.155809760093688965e-01,1.090029403567314148e-01,-3.489737212657928467e-02,-1.852510310709476471e-02,-6.038703490048646927e-03,1.044604256749153137e-01,-6.687861680984497070e-02,-1.604198813438415527e-01,1.118421554565429688e-01,1.801097206771373749e-02,6.862229853868484497e-02,-2.723751217126846313e-02,-1.034315768629312515e-02,3.441745787858963013e-02,3.434322029352188110e-02,5.103386566042900085e-02,-9.499599784612655640e-02,-1.497389227151870728e-01,2.965723164379596710e-02,-2.593664266169071198e-02,-4.113792907446622849e-03,-2.350201457738876343e-02,-9.094959497451782227e-02,1.314350590109825134e-02,1.127510517835617065e-02,-2.025846987962722778e-01,-1.632763594388961792e-01,2.175239473581314087e-01,3.549320390447974205e-03,8.154251426458358765e-02,1.080008968710899353e-02,-1.662247329950332642e-01,1.461586952209472656e-01,-1.352822184562683105e-01,-7.104648742824792862e-03,-3.166578337550163269e-02,1.004284247756004333e-02,1.313445530831813812e-02,-1.323098540306091309e-01,-1.160387322306632996e-01,3.828997910022735596e-02,-9.205538779497146606e-02,-1.062234416604042053e-01,-4.617171362042427063e-02,-1.427743816748261452e-03,3.806207794696092606e-03,1.954064816236495972e-01,2.716109529137611389e-02,2.727360092103481293e-02,-5.198501050472259521e-02,3.033465007320046425e-03,1.780925244092941284e-01,2.357234805822372437e-01,-2.716560065746307373e-01,-2.616874128580093384e-02,1.762474654242396355e-03,-6.175994407385587692e-03,2.007535994052886963e-01,-1.233562305569648743e-01,-8.653969853185117245e-04,4.961317405104637146e-02,2.137074014171957970e-03,-4.337521735578775406e-03,1.506413146853446960e-02,1.212704461067914963e-02,-9.822452813386917114e-02,4.748861864209175110e-02,-3.044073819182813168e-04,4.171916842460632324e-02,6.732010841369628906e-02,3.858328610658645630e-02,8.090930432081222534e-02,-3.070024587213993073e-02,1.912897825241088867e-02,1.359814703464508057e-01
4.498745501041412354e-01,1.323880851268768311e-01,-4.228728115558624268e-01,-2.257777377963066101e-02,6.221284866333007812e-01,-2.064230293035507202e-01,9.446855634450912476e-02,1.336273998022079468e-01,6.890550255775451660e-02,3.262872248888015747e-02,-6.796522065997123718e-03,-6.688685715198516846e-02,3.677211701869964600e-01,4.716654121875762939e-02,4.410047531127929688e-01,1.857626140117645264e-01,-2.098981104791164398e-02,3.768461048603057861e-01,1.198143959045410156e-01,-7.332942634820938110e-02,4.973983019590377808e-02,1.765421777963638306e-01,3.941493853926658630e-02,1.693016439676284790e-01,2.642002701759338379e-02,8.500467240810394287e-02,-3.784573078155517578e-01,-5.581029653549194336e-01,1.013401821255683899e-01,-4.602442383766174316e-01,-2.563840746879577637e-01,-1.884696483612060547e-01,2.042734622955322266e-01,-3.566396236419677734e-02,1.785115525126457214e-02,-2.261386513710021973e-01,-1.147493720054626465e-01,7.273502647876739502e-02,-1.256307661533355713e-01,-4.799445271492004395e-01,3.846251070499420166e-01,5.027125775814056396e-02,3.159894645214080811e-01,5.316469818353652954e-02,2.174234539270401001e-01,-1.631763279438018799e-01,-4.949129819869995117e-01,-3.110081516206264496e-02,-9.781619906425476074e-02,1.091775968670845032e-01,1.366141140460968018e-01,2.139513008296489716e-02,2.317668348550796509e-01,2.787333726882934570e-01,-1.125199273228645325e-01,-2.667766809463500977e-01,5.683040991425514221e-02,3.229222446680068970e-02,-1.540024727582931519e-01,2.631107578054070473e-03,7.635236531496047974e-02,-2.680001221597194672e-02,3.591227531433105469e-02,-8.934067934751510620e-02,-2.139268815517425537e-01,-1.068038400262594223e-02,4.025865495204925537e-01,5.151090621948242188e-01,-2.490542232990264893e-01,3.945898711681365967e-01,-2.665753662586212158e-01,-2.050209194421768188e-01,5.033478606492280960e-03,7.274962216615676880e-02,-1.226757839322090149e-01,-5.476139187812805176e-01,-4.614636301994323730e-02,1.603714972734451294e-01,1.095672510564327240e-02,-3.920097351074218750e-01,-1.937743425369262695e-01,8.533864282071590424e-03,-4.899737238883972168e-01,3.370090946555137634e-02,-3.728056550025939941e-01,-3.827316164970397949e-01,2.074075341224670410e-01,3.629345446825027466e-02,2.518180906772613525e-01,-1.185991317033767700e-01,-1.684682071208953857e-01,-2.078891694545745850e-01,2.249631285667419434e-01,-5.146361887454986572e-02,-1.410831958055496216e-01,-1.328465044498443604e-01,4.125590622425079346e-01,-3.167595714330673218e-03,-3.328650593757629395e-01,2.660552561283111572e-01,6.243123486638069153e-02,-3.727786615490913391e-02,2.730755833908915520e-03,2.318751066923141479e-03,2.339311540126800537e-01,2.494307048618793488e-02,9.491446614265441895e-02,-6.483728066086769104e-03,-2.789191305637359619e-01,-5.958748608827590942e-02,-1.519713550806045532e-02,2.648537755012512207e-01,5.490446463227272034e-02,-5.014072060585021973e-01,5.077273249626159668e-01,-4.317214787006378174e-01,5.349652767181396484e-01,-2.887205183506011963e-01,-2.884498834609985352e-01,2.059051208198070526e-02,-6.398581713438034058e-02,2.977153360843658447e-01,3.032619059085845947e-01,-2.502154111862182617e-01,7.148028165102005005e-02,-5.046164989471435547e-02,-6.270983070135116577e-02,2.637775540351867676e-01
-8.522339165210723877e-02,-8.725693821907043457e-02,7.134666293859481812e-02,1.278701424598693848e-01,-2.064230293035507202e-01,4.536059796810150146e-01,1.042990013957023621e-01,7.982586324214935303e-02,-1.470529288053512573e-01,-4.547958727926015854e-03,-1.588271930813789368e-02,1.976959407329559326e-02,-1.894537806510925293e-01,3.783291950821876526e-02,-1.008128523826599121e-01,-8.972667902708053589e-02,1.741689257323741913e-02,-2.225390672683715820e-01,-2.397903800010681152e-02,-3.553630784153938293e-02,3.303944831714034081e-03,-3.588937222957611084e-02,3.903151303529739380e-02,-1.033498942852020264e-01,-5.168445035815238953e-02,-2.200992256402969360e-01,1.594467759132385254e-01,1.706469655036926270e-01,1.138937100768089294e-01,-5.860553681850433350e-02,1.572762578725814819e-01,8.172633498907089233e-02,-5.417190864682197571e-02,6.618375331163406372e-02,-2.594476751983165741e-02,8.092612773180007935e-02,3.825024887919425964e-02,-3.722410649061203003e-02,-1.795157343149185181e-01,4.471024125814437866e-02,-2.565078735351562500e-01,7.218188792467117310e-02,-1.343719214200973511e-01,-1.925216405652463436e-03,4.556278511881828308e-02,-1.164572834968566895e-01,7.645191997289657593e-02,-3.070667013525962830e-02,3.963869810104370117e-02,-4.729267582297325134e-02,7.749225199222564697e-02,-1.591524481773376465e-01,-1.137736663222312927e-01,-2.005734294652938843e-01,6.204292178153991699e-02,6.730896979570388794e-02,-2.070456370711326599e-02,1.960861962288618088e-03,1.156458705663681030e-01,-2.106864377856254578e-02,-1.350125018507242203e-02,4.033646732568740845e-02,-9.653149172663688660e-04,7.279349863529205322e-02,1.357038915157318115e-01,5.341120436787605286e-02,-8.258545398712158203e-02,-1.946049481630325317e-01,1.813516020774841309e-01,-1.134251952171325684e-01,-3.534423187375068665e-02,-1.947179585695266724e-01,1.176541224122047424e-01,-5.489104241132736206e-02,3.692771121859550476e-02,8.253786712884902954e-02,7.856097072362899780e-03,6.648767739534378052e-02,-1.180705204606056213e-01,1.761601716279983521e-01,1.912328302860260010e-01,-1.144857378676533699e-04,5.011375993490219116e-02,-2.234059385955333710e-02,9.769915789365768433e-02,2.024063766002655029e-01,9.084483981132507324e-02,-2.020666375756263733e-02,-1.120201125741004944e-01,5.726766213774681091e-02,6.111423484981060028e-03,5.503903701901435852e-02,-7.445973902940750122e-02,3.947801887989044189e-02,1.225880458950996399e-01,-4.438024386763572693e-02,7.448612898588180542e-02,-1.248076005140319467e-04,6.358201801776885986e-02,-7.383380830287933350e-02,-4.174248874187469482e-02,1.711421012878417969e-01,9.512573480606079102e-02,-1.164452172815799713e-02,-5.981346592307090759e-02,2.567861080169677734e-01,-1.290710270404815674e-01,9.730824967846274376e-04,1.961313374340534210e-02,4.185029864311218262e-02,4.580043256282806396e-03,-2.430972754955291748e-01,4.233277589082717896e-02,1.928290575742721558e-01,-9.917517006397247314e-02,2.230205386877059937e-01,-1.958257853984832764e-01,1.096920818090438843e-01,-4.887718334794044495e-02,-2.426476404070854187e-02,7.489337772130966187e-02,-5.618137493729591370e-02,-1.532581597566604614e-01,1.349992156028747559e-01,7.122696936130523682e-02,-3.532984852790832520e-02,3.090149722993373871e-02,3.131161257624626160e-02
1.362413167953491211e-01,1.366318482905626297e-02,-2.187704592943191528e-01,6.900461018085479736e-02,9.446855634450912476e-02,1.042990013957023621e-01,1.882405281066894531e-01,3.344796225428581238e-02,-3.485674038529396057e-02,4.111656174063682556e-02,6.392223387956619263e-02,-6.124090403318405151e-02,3.495151875540614128e-03,-7.151409238576889038e-02,1.607811897993087769e-01,1.902747526764869690e-02,4.685159772634506226e-02,7.880083471536636353e-02,1.750184036791324615e-02,-7.381244003772735596e-02,1.372425109148025513e-01,8.189030736684799194e-02,-3.836585953831672668e-02,-2.960653416812419891e-02,1.648046262562274933e-02,5.949382111430168152e-02,-1.054785624146461487e-01,-1.236291825771331787e-01,1.472976505756378174e-01,-2.420249283313751221e-01,-9.044523350894451141e-03,-2.088321149349212646e-01,1.843184679746627808e-01,7.888045907020568848e-02,-9.965465404093265533e-03,-1.194792687892913818e-01,-5.896402895450592041e-02,3.346267715096473694e-02,-1.381035596132278442e-01,-2.287282943725585938e-01,1.365559697151184082e-01,5.774281919002532959e-02,-6.080584600567817688e-02,2.058930322527885437e-02,1.355175524950027466e-01,-2.679640054702758789e-01,-1.762196421623229980e-01,-1.914543844759464264e-02,6.515604909509420395e-03,-4.270594939589500427e-02,-4.609631001949310303e-02,-1.432470530271530151e-01,6.850218027830123901e-02,1.432902216911315918e-01,2.968516387045383453e-02,-2.723379619419574738e-02,1.286796480417251587e-02,2.189240045845508575e-02,9.136381000280380249e-02,-9.516265243291854858e-02,7.398993521928787231e-02,1.806489191949367523e-02,2.856494113802909851e-02,2.092218250036239624e-01,9.598765522241592407e-02,-1.151182595640420914e-02,1.620551049709320068e-01,1.797769516706466675e-01,-1.103848442435264587e-01,1.606946289539337158e-01,-2.131143808364868164e-01,-1.284948289394378662e-01,-2.852597273886203766e-02,1.850346475839614868e-01,-6.500782817602157593e-02,-1.982214748859405518e-01,-2.826842106878757477e-02,2.914015054702758789e-01,-6.530159711837768555e-02,-8.127189427614212036e-02,1.006561592221260071e-01,1.132454257458448410e-02,-1.873215585947036743e-01,8.521388284862041473e-03,-1.476510018110275269e-01,-1.962835341691970825e-01,1.411168277263641357e-01,1.356801483780145645e-02,2.364555001258850098e-01,-1.014573778957128525e-02,-5.781719461083412170e-02,-1.351317316293716431e-01,-1.035060584545135498e-01,1.010906919836997986e-01,-1.176038980484008789e-01,-2.442267909646034241e-02,1.908494830131530762e-01,-3.397098043933510780e-03,-9.141023457050323486e-02,5.669400840997695923e-02,2.528604492545127869e-02,2.375272959470748901e-01,-2.361547760665416718e-02,6.809392012655735016e-03,2.619200050830841064e-01,7.159553468227386475e-02,-1.228688061237335205e-01,-2.076781541109085083e-02,-3.420116305351257324e-01,-4.238293319940567017e-02,7.430034130811691284e-02,-1.386914253234863281e-01,2.539724227972328663e-04,-1.053648740053176880e-01,1.573305577039718628e-01,-1.169358044862747192e-01,-1.821436919271945953e-02,-6.297642737627029419e-02,-2.741499245166778564e-01,2.318217977881431580e-02,7.448682934045791626e-02,2.646652162075042725e-01,1.252660304307937622e-01,-9.391961991786956787e-02,7.274585962295532227e-02,-3.551799431443214417e-02,3.610553592443466187e-02,6.233467161655426025e-02
5.459189414978027344e-01,1.682054065167903900e-02,1.392204873263835907e-02,5.775547400116920471e-02,1.336273998022079468e-01,7.982586324214935303e-02,3.344796225428581238e-02,7.477384805679321289e-01,5.140217021107673645e-02,-3.898640349507331848e-02,-1.182382628321647644e-01,-4.254585504531860352e-02,5.137534737586975098e-01,6.683026552200317383e-01,3.167598545551300049e-01,6.829169392585754395e-02,-4.029029980301856995e-02,-1.285044848918914795e-01,3.132011294364929199e-01,2.768511176109313965e-01,-4.683602750301361084e-01,-2.028390020132064819e-01,3.718860447406768799e-01,-5.310295224189758301e-01,-8.148064464330673218e-02,-6.488303542137145996e-01,2.547970414161682129e-01,-2.838729508221149445e-02,-4.313119649887084961e-01,-3.114858567714691162e-01,-2.363787144422531128e-01,3.138296306133270264e-02,4.922181367874145508e-02,-1.870308220386505127e-01,-7.044427841901779175e-02,-2.287717163562774658e-01,2.001656219363212585e-02,1.433356013149023056e-02,-4.279436469078063965e-01,-3.262087404727935791e-01,-1.394020467996597290e-01,2.471240460872650146e-01,-3.763501942157745361e-01,3.264224529266357422e-02,6.278276443481445312e-01,-4.810355305671691895e-01,-1.661281138658523560e-01,-2.459300309419631958e-02,6.152866780757904053e-02,4.218318685889244080e-02,2.125747501850128174e-01,3.679196238517761230e-01,5.183839797973632812e-02,-3.688564002513885498e-01,6.841415911912918091e-02,-3.975212201476097107e-02,7.513499259948730469e-02,5.708157271146774292e-02,1.266101449728012085e-01,1.442029606550931931e-02,-1.139482781291007996e-01,2.044845819473266602e-01,3.653529286384582520e-02,-3.684877455234527588e-01,3.780704364180564880e-02,8.731879293918609619e-02,8.693494647741317749e-02,-3.403430059552192688e-02,-9.563464671373367310e-03,-7.296463102102279663e-02,-3.903100490570068359e-01,-6.124813556671142578e-01,-1.938679954037070274e-03,-1.040631458163261414e-01,-3.937923163175582886e-02,-6.033724918961524963e-02,2.772620413452386856e-03,-7.616030424833297729e-02,-6.076959967613220215e-01,-2.646205723285675049e-01,-3.176423609256744385e-01,6.187136750668287277e-03,3.294901549816131592e-02,3.184301778674125671e-02,1.091208532452583313e-01,3.585101664066314697e-01,-1.755989491939544678e-01,-2.723522298038005829e-02,-1.978342770598828793e-04,1.963295787572860718e-02,8.230083435773849487e-02,-1.482850164175033569e-01,-3.752525895833969116e-02,-7.741290330886840820e-02,2.225518673658370972e-01,-2.447975724935531616e-01,2.139443755149841309e-01,-1.699883956462144852e-03,-2.381664812564849854e-01,5.159954428672790527e-01,6.317324936389923096e-02,1.838097870349884033e-01,-6.898286938667297363e-02,-3.340781852602958679e-02,-7.061971724033355713e-02,2.466061860322952271e-01,1.074592694640159607e-01,1.068754419684410095e-01,6.250976026058197021e-02,7.456746697425842285e-02,4.559568464756011963e-01,9.785398840904235840e-02,3.839987516403198242e-02,-3.008103370666503906e-01,-1.094179600477218628e-01,-5.310736969113349915e-02,-6.139934062957763672e-03,-1.268611550331115723e-01,-5.185857415199279785e-01,-3.546486794948577881e-02,-6.287251114845275879e-01,2.739655971527099609e-01,-1.088462248444557190e-01,5.320593342185020447e-02,5.849121212959289551e-01,-1.001847609877586365e-01,-1.120475213974714279e-02,2.654905617237091064e-01
6.592728197574615479e-02,2.775352448225021362e-02,3.423777222633361816e-02,-3.897028043866157532e-02,6.890550255775451660e-02,-1.470529288053512573e-01,-3.485674038529396057e-02,5.140217021107673645e-02,6.907974928617477417e-02,-5.725920666009187698e-03,-2.907577157020568848e-02,1.186260487884283066e-03,1.052219793200492859e-01,9.459995478391647339e-02,4.397196695208549500e-02,2.543573454022407532e-02,-1.390510983765125275e-02,2.731036953628063202e-02,4.429113864898681641e-02,6.439840048551559448e-02,-1.121126115322113037e-01,-4.561809822916984558e-02,1.254284102469682693e-02,-2.092972584068775177e-02,2.300473861396312714e-03,-3.396058827638626099e-02,1.437661610543727875e-02,-1.826147176325321198e-02,-1.333353519439697266e-01,2.437403984367847443e-02,-7.736138254404067993e-02,7.098274771124124527e-03,2.184034511446952820e-02,-8.178392052650451660e-02,5.117024760693311691e-03,-1.523355673998594284e-02,-2.367975888773798943e-03,5.177420098334550858e-03,2.621686272323131561e-02,-1.304521691054105759e-02,3.779669478535652161e-02,1.687447354197502136e-02,-4.019563272595405579e-02,-1.399613334797322750e-03,2.655057422816753387e-02,8.727197535336017609e-03,-1.354462350718677044e-03,6.017801817506551743e-03,1.203447673469781876e-02,5.104299634695053101e-02,-4.093202948570251465e-02,1.054470390081405640e-01,2.695752307772636414e-02,3.271412849426269531e-02,5.870107095688581467e-03,1.972613390535116196e-03,-2.842030953615903854e-03,-4.110460577066987753e-04,-6.342802196741104126e-02,1.816772483289241791e-02,-2.536983042955398560e-02,2.079384773969650269e-02,1.778184901922941208e-03,-5.345376580953598022e-02,-4.049136117100715637e-02,-3.362954361364245415e-03,1.222515571862459183e-02,2.804023399949073792e-02,-1.396449189633131027e-02,2.153867855668067932e-02,-7.349622901529073715e-03,2.656233496963977814e-02,-2.776077203452587128e-02,-1.998966932296752930e-02,-1.324938330799341202e-02,-2.807873301208019257e-02,1.164790475741028786e-03,-6.988852471113204956e-02,-5.337387323379516602e-02,-4.639250040054321289e-02,-1.183676049113273621e-01,-1.214594347402453423e-03,1.961270533502101898e-02,8.786417543888092041e-03,9.752538753673434258e-04,5.094059277325868607e-03,-6.720411032438278198e-02,-3.133119782432913780e-03,1.836020126938819885e-02,-1.655877381563186646e-02,1.368743460625410080e-02,-1.568916998803615570e-02,1.545165199786424637e-02,-1.675455085933208466e-02,-4.867432653554715216e-05,-4.937232937663793564e-03,-8.471521548926830292e-03,2.885467838495969772e-04,-1.537130773067474365e-02,6.749325990676879883e-02,2.518103457987308502e-02,-3.100456483662128448e-02,-4.023497551679611206e-02,-2.435205969959497452e-03,-3.809158131480216980e-02,-5.462436750531196594e-02,5.048742517828941345e-02,2.880212664604187012e-02,1.445272099226713181e-02,3.349904669448733330e-03,3.805309161543846130e-02,8.314050734043121338e-02,-1.152331824414432049e-03,-7.981882989406585693e-02,-3.917088359594345093e-02,-5.268912017345428467e-02,2.790576592087745667e-02,-5.387048423290252686e-02,-2.674363926053047180e-02,2.438498893752694130e-03,-1.253701001405715942e-01,2.505455911159515381e-02,6.679294165223836899e-03,-4.037659242749214172e-02,7.476665079593658447e-02,-7.870024070143699646e-03,-1.882554218173027039e-02,-6.315660197287797928e-03
2.706890180706977844e-02,1.109362393617630005e-02,-9.635237604379653931e-02,1.459978055208921432e-02,3.262872248888015747e-02,-4.547958727926015854e-03,4.111656174063682556e-02,-3.898640349507331848e-02,-5.725920666009187698e-03,1.626460067927837372e-02,3.234878927469253540e-02,-2.440402284264564514e-02,8.093981305137276649e-04,-8.057136088609695435e-02,4.362409561872482300e-02,1.151609327644109726e-02,1.714904606342315674e-02,6.984408944845199585e-02,-1.376009453088045120e-02,-3.944451734423637390e-02,8.490514755249023438e-02,5.273066461086273193e-02,-2.215293049812316895e-02,1.512326020747423172e-02,2.053636312484741211e-02,8.833526819944381714e-02,-7.248015701770782471e-02,-5.847316235303878784e-02,7.291378080844879150e-02,-6.353153288364410400e-02,-2.073094015941023827e-03,-9.622710943222045898e-02,6.974075734615325928e-02,4.288657382130622864e-02,2.248234115540981293e-03,-5.051189661026000977e-02,-2.269473858177661896e-02,1.626485399901866913e-02,3.470767522230744362e-03,-7.553937286138534546e-02,8.561123907566070557e-02,-1.122482586652040482e-02,2.885062992572784424e-02,6.478307768702507019e-03,1.159544289112091064e-02,-5.052564293146133423e-02,-5.251704528927803040e-02,-3.149403957650065422e-03,-1.396618504077196121e-02,-2.687801420688629150e-02,-1.636553741991519928e-02,-4.640313982963562012e-02,4.444782808423042297e-02,6.559819728136062622e-02,-2.059495018329471350e-04,-2.409481815993785858e-02,6.495454814285039902e-03,4.579358734190464020e-03,3.767450153827667236e-02,-3.601089864969253540e-02,2.652029320597648621e-02,-7.562047801911830902e-03,8.411569520831108093e-03,7.658244669437408447e-02,1.258286088705062866e-02,-1.678646542131900787e-02,5.949650704860687256e-02,8.775123208761215210e-02,-6.787001341581344604e-02,5.729922652244567871e-02,-5.236515402793884277e-02,8.416729047894477844e-03,-3.123609162867069244e-02,7.574138045310974121e-02,-2.176557481288909912e-02,-6.217322498559951782e-02,-8.710593916475772858e-03,9.936890006065368652e-02,2.723027393221855164e-02,-5.188658088445663452e-02,5.425029993057250977e-02,4.073601681739091873e-03,-5.747503042221069336e-02,4.144727718085050583e-03,-7.133396714925765991e-02,-9.436091780662536621e-02,3.494139015674591064e-02,1.014291029423475266e-02,8.329599350690841675e-02,-8.643659763038158417e-03,-1.922426186501979828e-02,-5.362244322896003723e-02,-3.492454439401626587e-02,3.512059524655342102e-02,-7.000139355659484863e-02,2.998315263539552689e-03,2.742956019937992096e-02,-1.136144273914396763e-03,-3.207883983850479126e-02,7.077471818774938583e-03,8.087368682026863098e-03,3.850307315587997437e-02,-1.757349818944931030e-02,7.237744983285665512e-03,1.172118559479713440e-01,-7.748322095721960068e-03,-4.862020537257194519e-02,-2.050500735640525818e-02,-1.050546765327453613e-01,-2.566158026456832886e-02,2.194863371551036835e-02,-3.369316831231117249e-02,-1.572423242032527924e-02,-3.184022381901741028e-02,8.020853251218795776e-02,-6.497155129909515381e-02,2.088243700563907623e-02,-1.222570426762104034e-02,-5.522072315216064453e-02,1.567571237683296204e-02,6.216180324554443359e-02,7.719074189662933350e-02,7.588416337966918945e-02,-4.040326178073883057e-02,-3.263099864125251770e-02,6.627079565078020096e-04,1.494862232357263565e-02,1.900828443467617035e-02
-1.638044789433479309e-02,2.957922779023647308e-02,-2.563831806182861328e-01,-9.960325807332992554e-02,-6.796522065997123718e-03,-1.588271930813789368e-02,6.392223387956619263e-02,-1.182382628321647644e-01,-2.907577157020568848e-02,3.234878927469253540e-02,2.295301109552383423e-01,-6.780485063791275024e-02,-7.020133733749389648e-02,-2.288762032985687256e-01,1.129431650042533875e-01,4.005905613303184509e-02,5.177465826272964478e-02,7.493953406810760498e-02,-2.550659328699111938e-02,-1.662269681692123413e-01,4.007761478424072266e-01,1.713952273130416870e-01,-5.588020756840705872e-02,8.448809385299682617e-02,2.658337168395519257e-02,3.041296601295471191e-01,-2.171744108200073242e-01,-1.596922874450683594e-01,2.691716551780700684e-01,-1.255366802215576172e-01,4.430143907666206360e-02,-2.157177776098251343e-01,2.409755811095237732e-02,2.862107157707214355e-01,-1.553320884704589844e-02,-1.368061900138854980e-01,-6.866841763257980347e-02,3.889593482017517090e-02,2.743121702224016190e-03,-4.555921629071235657e-02,1.973457634449005127e-01,-8.197852224111557007e-02,9.517133980989456177e-02,1.446869131177663803e-02,4.425892233848571777e-02,-1.831952482461929321e-01,-1.562061309814453125e-01,3.732010722160339355e-02,-6.577794253826141357e-02,-1.813920289278030396e-01,-2.297846786677837372e-02,-2.124145925045013428e-01,-6.712111644446849823e-03,1.847476959228515625e-01,-8.698225021362304688e-02,-3.660549223423004150e-02,6.019998714327812195e-02,2.871762216091156006e-02,1.570836007595062256e-01,-8.267770707607269287e-02,2.345609664916992188e-01,-1.087378412485122681e-01,1.188398245722055435e-02,1.619738489389419556e-01,1.274218559265136719e-01,-4.178745672106742859e-02,1.222008466720581055e-01,1.805929988622665405e-01,-2.864527702331542969e-01,1.777350902557373047e-01,-6.269696354866027832e-02,-8.071613311767578125e-02,-9.912327677011489868e-02,2.787744104862213135e-01,-2.891707606613636017e-02,-1.193686621263623238e-03,-3.430851176381111145e-02,3.550468981266021729e-01,2.301691770553588867e-01,-2.668506279587745667e-02,5.118712037801742554e-02,1.251273881644010544e-02,-1.902188509702682495e-01,1.554176094941794872e-03,-2.239061705768108368e-02,-3.466670811176300049e-01,1.954205930233001709e-01,3.931723162531852722e-02,2.761579453945159912e-01,-3.860284574329853058e-03,-3.583576530218124390e-02,-5.590374767780303955e-02,-7.112675160169601440e-02,8.852783590555191040e-02,-1.204781457781791687e-01,1.023313328623771667e-01,6.826207041740417480e-02,-2.695954637601971626e-03,-1.085923835635185242e-01,-1.370267271995544434e-01,-1.287752762436866760e-02,1.346053779125213623e-01,-1.575607992708683014e-02,2.111368067562580109e-02,2.554843127727508545e-01,-2.016223818063735962e-01,6.305096298456192017e-02,-6.930646300315856934e-02,-2.987791001796722412e-01,-7.199341803789138794e-02,-1.727148331701755524e-02,-6.417486071586608887e-02,-8.465278148651123047e-02,-8.352001011371612549e-02,2.219891697168350220e-01,-1.521353125572204590e-01,-3.240357339382171631e-02,3.391167894005775452e-02,-1.247908771038055420e-01,3.632697276771068573e-03,2.169369757175445557e-01,2.191884964704513550e-01,1.551743894815444946e-01,-8.621221780776977539e-02,-1.885168254375457764e-01,4.448178038001060486e-02,6.470217555761337280e-02,-4.325152561068534851e-02
-1.462386101484298706e-01,-3.016404993832111359e-02,2.155108153820037842e-01,-2.732987329363822937e-02,-6.688685715198516846e-02,1.976959407329559326e-02,-6.124090403318405151e-02,-4.254585504531860352e-02,1.186260487884283066e-03,-2.440402284264564514e-02,-6.780485063791275024e-02,6.671156734228134155e-02,-1.037429198622703552e-01,6.629208475351333618e-02,-1.419106721878051758e-01,-4.108725115656852722e-02,-3.150912001729011536e-02,-1.410320401191711426e-01,-1.820515282452106476e-02,3.910153359174728394e-02,-1.245019137859344482e-01,-9.171109646558761597e-02,-3.727271780371665955e-02,8.067008852958679199e-02,-3.808652982115745544e-02,-9.383951872587203979e-02,1.222874075174331665e-01,1.279110163450241089e-01,-8.330989629030227661e-02,1.718954890966415405e-01,4.542542621493339539e-02,2.159461379051208496e-01,-1.415909975767135620e-01,-8.836947381496429443e-02,1.052895281463861465e-02,1.676518172025680542e-01,4.375537112355232239e-02,-4.196030274033546448e-02,3.309970349073410034e-02,2.115959674119949341e-01,-1.725208610296249390e-01,8.685706183314323425e-03,-1.664480380713939667e-02,-1.900732144713401794e-02,-1.437239497900009155e-01,1.869473308324813843e-01,1.320988237857818604e-01,2.621410880237817764e-03,3.507164865732192993e-02,8.116569370031356812e-02,-1.746854186058044434e-02,1.903140544891357422e-02,-1.083666458725929260e-01,-5.427730828523635864e-02,4.109539149794727564e-04,6.714370846748352051e-02,-3.870930150151252747e-02,-2.173855341970920563e-02,-1.324472576379776001e-01,7.720672339200973511e-02,-4.165861010551452637e-02,-1.123040169477462769e-02,-2.278845384716987610e-02,-7.148248702287673950e-02,-3.205280005931854248e-02,3.010004758834838867e-02,-1.330957859754562378e-01,-1.815157383680343628e-01,1.826881021261215210e-01,-9.162043780088424683e-02,1.683581024408340454e-01,8.585636317729949951e-02,9.493144601583480835e-02,-1.553458422422409058e-01,4.605989903211593628e-02,9.709247201681137085e-02,1.571198739111423492e-02,-1.999073922634124756e-01,2.233345992863178253e-02,1.857375204563140869e-01,-6.191145256161689758e-02,-1.047622784972190857e-02,8.779194951057434082e-02,-1.545291580259799957e-02,1.190801337361335754e-01,1.301588863134384155e-01,-1.197477430105209351e-02,-2.151303552091121674e-02,-1.740342080593109131e-01,1.191629655659198761e-02,1.207629591226577759e-02,1.425418108701705933e-01,8.731365203857421875e-02,-6.122677028179168701e-02,1.180597543716430664e-01,2.090782672166824341e-02,-4.346807301044464111e-02,2.667830325663089752e-03,1.226132884621620178e-01,-1.072080284357070923e-01,-2.566416934132575989e-02,-8.086902648210525513e-02,6.228047236800193787e-02,-1.315179374068975449e-02,-2.522686123847961426e-01,5.540899466723203659e-03,7.204864919185638428e-02,3.760502487421035767e-02,1.802850365638732910e-01,4.781597852706909180e-02,-1.566750258207321167e-01,4.126854240894317627e-02,5.209138244390487671e-02,1.153654381632804871e-01,-1.545544713735580444e-01,1.574459075927734375e-01,-4.584939405322074890e-02,1.865313015878200531e-02,1.960195600986480713e-01,-2.923811413347721100e-02,-3.045147471129894257e-02,-2.098107039928436279e-01,-1.554272770881652832e-01,6.746529787778854370e-02,8.668370544910430908e-03,-6.535333814099431038e-04,-3.867439925670623779e-02,-8.182605355978012085e-02
