9.999983310699462891e-01,-9.999985098838806152e-01,-9.999943375587463379e-01,9.999972581863403320e-01,9.999988079071044922e-01,-9.999988079071044922e-01,9.999946355819702148e-01,9.999990463256835938e-01,-9.999937415122985840e-01,9.999983906745910645e-01,-9.999986886978149414e-01,-9.999988675117492676e-01,9.999977350234985352e-01,9.999983906745910645e-01,9.999950528144836426e-01,9.999936223030090332e-01,9.999973773956298828e-01,-9.999975562095642090e-01,9.999918341636657715e-01,-9.999991059303283691e-01,-9.999989271163940430e-01,9.999941587448120117e-01,9.999985694885253906e-01,9.999972581863403320e-01,9.999887943267822266e-01,9.999988675117492676e-01,-9.999980926513671875e-01,-9.999986886978149414e-01,9.999914169311523438e-01,-9.999966025352478027e-01,-9.999904632568359375e-01,-9.999980330467224121e-01,9.999828934669494629e-01,9.999948143959045410e-01,-9.999979734420776367e-01,9.999629259109497070e-01,9.999989867210388184e-01,9.999984502792358398e-01,9.999842643737792969e-01,-9.999988079071044922e-01,9.999985694885253906e-01,9.999877214431762695e-01,9.999833703041076660e-01,9.999988675117492676e-01,9.999982714653015137e-01,9.999979138374328613e-01,-9.999930858612060547e-01,9.999986886978149414e-01,9.999986290931701660e-01,-9.999983906745910645e-01,-9.999986886978149414e-01,-9.999985098838806152e-01,-9.999987483024597168e-01,-9.999930262565612793e-01,-9.999985098838806152e-01,-9.999981522560119629e-01,-9.999547600746154785e-01,9.999927282333374023e-01,9.999944567680358887e-01,9.999981522560119629e-01,-9.999983310699462891e-01,9.999988079071044922e-01,9.999984502792358398e-01,9.999953508377075195e-01,-9.999938011169433594e-01,-9.999988675117492676e-01,-9.999990463256835938e-01,-9.999954700469970703e-01,-9.999989271163940430e-01,9.999982118606567383e-01,-9.999986886978149414e-01,9.999961853027343750e-01,-9.999909400939941406e-01,-9.999936223030090332e-01,-9.999849796295166016e-01,-9.999983906745910645e-01,9.999904632568359375e-01,9.999986886978149414e-01,-9.999938607215881348e-01,-9.999952316284179688e-01,9.999904036521911621e-01,9.999976158142089844e-01,-9.999987483024597168e-01,9.999980926513671875e-01,-9.999982714653015137e-01,-9.999841451644897461e-01,-7.646861076354980469e-01,9.999988079071044922e-01,9.999919533729553223e-01,9.999877214431762695e-01,-9.999935030937194824e-01,9.999983310699462891e-01,-9.999859333038330078e-01,-9.999973177909851074e-01,9.999973177909851074e-01,-9.999977946281433105e-01,-9.999865889549255371e-01,9.999990463256835938e-01,-9.999987483024597168e-01,9.999972581863403320e-01,-9.999967813491821289e-01,9.999988675117492676e-01,9.999377727508544922e-01,9.999552965164184570e-01,9.999986886978149414e-01,9.999958276748657227e-01,-9.999810457229614258e-01,-9.999983310699462891e-01,-9.999939799308776855e-01,9.999985694885253906e-01,-9.999985098838806152e-01,9.999973773956298828e-01,-9.999982714653015137e-01,-9.998989105224609375e-01,9.999990463256835938e-01,-9.999968409538269043e-01,9.999989271163940430e-01,-9.999979138374328613e-01,-9.999952912330627441e-01,-9.999966025352478027e-01,-9.999983906745910645e-01,9.999966621398925781e-01,9.999975562095642090e-01,-9.999968409538269043e-01,-9.999910593032836914e-01,-9.999945163726806641e-01,9.999716877937316895e-01,-9.999910593032836914e-01
-9.999985098838806152e-01,9.999986886978149414e-01,9.999952316284179688e-01,-9.999976158142089844e-01,-9.999990463256835938e-01,9.999989271163940430e-01,-9.999954700469970703e-01,-9.999992251396179199e-01,9.999946355819702148e-01,-9.999986886978149414e-01,9.999988675117492676e-01,9.999991059303283691e-01,-9.999981522560119629e-01,-9.999985694885253906e-01,-9.999958276748657227e-01,-9.999946355819702148e-01,-9.999977350234985352e-01,9.999979138374328613e-01,-9.999930858612060547e-01,9.999992251396179199e-01,9.999991059303283691e-01,-9.999951124191284180e-01,-9.999987483024597168e-01,-9.999976754188537598e-01,-9.999904632568359375e-01,-9.999989867210388184e-01,9.999983310699462891e-01,9.999988675117492676e-01,-9.999927282333374023e-01,9.999971389770507812e-01,9.999920129776000977e-01,9.999983310699462891e-01,-9.999855160713195801e-01,-9.999955296516418457e-01,9.999982714653015137e-01,-9.999688267707824707e-01,-9.999991655349731445e-01,-9.999986886978149414e-01,-9.999866485595703125e-01,9.999990463256835938e-01,-9.999988079071044922e-01,-9.999896287918090820e-01,-9.999858736991882324e-01,-9.999991059303283691e-01,-9.999984502792358398e-01,-9.999982118606567383e-01,9.999940991401672363e-01,-9.999988079071044922e-01,-9.999988675117492676e-01,9.999986886978149414e-01,9.999988079071044922e-01,9.999987483024597168e-01,9.999988675117492676e-01,9.999941587448120117e-01,9.999987483024597168e-01,9.999983310699462891e-01,9.999619126319885254e-01,-9.999938607215881348e-01,-9.999952912330627441e-01,-9.999984502792358398e-01,9.999985098838806152e-01,-9.999989867210388184e-01,-9.999985694885253906e-01,-9.999959468841552734e-01,9.999946355819702148e-01,9.999991655349731445e-01,9.999992251396179199e-01,9.999961256980895996e-01,9.999991655349731445e-01,-9.999985098838806152e-01,9.999988675117492676e-01,-9.999967217445373535e-01,9.999923706054687500e-01,9.999945163726806641e-01,9.999872446060180664e-01,9.999986290931701660e-01,-9.999918937683105469e-01,-9.999989867210388184e-01,9.999947547912597656e-01,9.999959468841552734e-01,-9.999918937683105469e-01,-9.999979734420776367e-01,9.999989271163940430e-01,-9.999983906745910645e-01,9.999985098838806152e-01,9.999865889549255371e-01,7.648447155952453613e-01,-9.999991059303283691e-01,-9.999932050704956055e-01,-9.999895691871643066e-01,9.999943971633911133e-01,-9.999985694885253906e-01,9.999880790710449219e-01,9.999976754188537598e-01,-9.999977350234985352e-01,9.999981522560119629e-01,9.999887347221374512e-01,-9.999991655349731445e-01,9.999988675117492676e-01,-9.999976754188537598e-01,9.999971985816955566e-01,-9.999989867210388184e-01,-9.999476075172424316e-01,-9.999623298645019531e-01,-9.999988675117492676e-01,-9.999963045120239258e-01,9.999840259552001953e-01,9.999985694885253906e-01,9.999949336051940918e-01,-9.999987483024597168e-01,9.999987483024597168e-01,-9.999977946281433105e-01,9.999984502792358398e-01,9.999148845672607422e-01,-9.999992847442626953e-01,9.999972581863403320e-01,-9.999991655349731445e-01,9.999981522560119629e-01,9.999959468841552734e-01,9.999970793724060059e-01,9.999985694885253906e-01,-9.999971389770507812e-01,-9.999978542327880859e-01,9.999973177909851074e-01,9.999924302101135254e-01,9.999953508377075195e-01,-9.999761581420898438e-01,9.999924898147583008e-01
-9.999943375587463379e-01,9.999952316284179688e-01,9.999812841415405273e-01,-9.999908208847045898e-01,-9.999961256980895996e-01,9.999958276748657227e-01,-9.999823570251464844e-01,-9.999967217445373535e-01,9.999793767929077148e-01,-9.999948740005493164e-01,9.999958276748657227e-01,9.999962449073791504e-01,-9.999928474426269531e-01,-9.999946951866149902e-01,-9.999838471412658691e-01,-9.999790191650390625e-01,-9.999914765357971191e-01,9.999922513961791992e-01,-9.999734163284301758e-01,9.999968409538269043e-01,9.999963641166687012e-01,-9.999808669090270996e-01,-9.999953508377075195e-01,-9.999911785125732422e-01,-9.999627470970153809e-01,-9.999962449073791504e-01,9.999938607215881348e-01,9.999958872795104980e-01,-9.999716281890869141e-01,9.999889731407165527e-01,9.999688863754272461e-01,9.999935626983642578e-01,-9.999436736106872559e-01,-9.999825954437255859e-01,9.999934434890747070e-01,-9.998780488967895508e-01,-9.999964833259582520e-01,-9.999949932098388672e-01,-9.999478459358215332e-01,9.999961256980895996e-01,-9.999954104423522949e-01,-9.999593496322631836e-01,-9.999451041221618652e-01,-9.999963641166687012e-01,-9.999939799308776855e-01,-9.999932050704956055e-01,9.999773502349853516e-01,-9.999955296516418457e-01,-9.999955296516418457e-01,9.999948740005493164e-01,9.999959468841552734e-01,9.999952316284179688e-01,9.999958276748657227e-01,9.999771714210510254e-01,9.999952912330627441e-01,9.999935626983642578e-01,9.998513460159301758e-01,-9.999760985374450684e-01,-9.999817609786987305e-01,-9.999940991401672363e-01,9.999945759773254395e-01,-9.999962449073791504e-01,-9.999945759773254395e-01,-9.999849200248718262e-01,9.999792575836181641e-01,9.999961853027343750e-01,9.999968409538269043e-01,9.999852776527404785e-01,9.999964833259582520e-01,-9.999942779541015625e-01,9.999958276748657227e-01,-9.999873638153076172e-01,9.999701976776123047e-01,9.999786615371704102e-01,9.999500513076782227e-01,9.999947547912597656e-01,-9.999685883522033691e-01,-9.999958276748657227e-01,9.999794363975524902e-01,9.999841451644897461e-01,-9.999685883522033691e-01,-9.999920725822448730e-01,9.999959468841552734e-01,-9.999939203262329102e-01,9.999943971633911133e-01,9.999478459358215332e-01,7.623925805091857910e-01,-9.999963641166687012e-01,-9.999734163284301758e-01,-9.999594688415527344e-01,9.999785423278808594e-01,-9.999945163726806641e-01,9.999536871910095215e-01,9.999909996986389160e-01,-9.999914169311523438e-01,9.999926686286926270e-01,9.999562501907348633e-01,-9.999966621398925781e-01,9.999959468841552734e-01,-9.999911189079284668e-01,9.999892711639404297e-01,-9.999962449073791504e-01,-9.997953772544860840e-01,-9.998528361320495605e-01,-9.999955892562866211e-01,-9.999862313270568848e-01,9.999375343322753906e-01,9.999948143959045410e-01,9.999802112579345703e-01,-9.999951720237731934e-01,9.999952316284179688e-01,-9.999917149543762207e-01,9.999942183494567871e-01,9.996677041053771973e-01,-9.999967217445373535e-01,9.999895095825195312e-01,-9.999965429306030273e-01,9.999930858612060547e-01,9.999844431877136230e-01,9.999887943267822266e-01,9.999948143959045410e-01,-9.999892115592956543e-01,-9.999920725822448730e-01,9.999898672103881836e-01,9.999704957008361816e-01,9.999819993972778320e-01,-9.999067783355712891e-01,9.999705553054809570e-01
9.999972581863403320e-01,-9.999976158142089844e-01,-9.999908208847045898e-01,9.999954104423522949e-01,9.999980926513671875e-01,-9.999979734420776367e-01,9.999912977218627930e-01,9.999983906745910645e-01,-9.999898076057434082e-01,9.999974966049194336e-01,-9.999979734420776367e-01,-9.999981522560119629e-01,9.999964833259582520e-01,9.999973177909851074e-01,9.999920725822448730e-01,9.999896883964538574e-01,9.999957680702209473e-01,-9.999960660934448242e-01,9.999868869781494141e-01,-9.999984502792358398e-01,-9.999982118606567383e-01,9.999905228614807129e-01,9.999976754188537598e-01,9.999956488609313965e-01,9.999816417694091797e-01,9.999981522560119629e-01,-9.999969005584716797e-01,-9.999980330467224121e-01,9.999859929084777832e-01,-9.999946355819702148e-01,-9.999846220016479492e-01,-9.999968409538269043e-01,9.999722838401794434e-01,9.999914765357971191e-01,-9.999967813491821289e-01,9.999397993087768555e-01,9.999982714653015137e-01,9.999974966049194336e-01,9.999742507934570312e-01,-9.999982118606567383e-01,9.999976754188537598e-01,9.999799728393554688e-01,9.999729394912719727e-01,9.999983310699462891e-01,9.999970793724060059e-01,9.999966025352478027e-01,-9.999887943267822266e-01,9.999977946281433105e-01,9.999978542327880859e-01,-9.999974966049194336e-01,-9.999978542327880859e-01,-9.999976158142089844e-01,-9.999979138374328613e-01,-9.999887347221374512e-01,-9.999976754188537598e-01,-9.999967813491821289e-01,-9.999265074729919434e-01,9.999882578849792480e-01,9.999909996986389160e-01,9.999970197677612305e-01,-9.999973177909851074e-01,9.999981522560119629e-01,9.999972581863403320e-01,9.999925494194030762e-01,-9.999898672103881836e-01,-9.999981522560119629e-01,-9.999983906745910645e-01,-9.999926686286926270e-01,-9.999982714653015137e-01,9.999971985816955566e-01,-9.999979734420776367e-01,9.999938607215881348e-01,-9.999852776527404785e-01,-9.999895691871643066e-01,-9.999754428863525391e-01,-9.999973773956298828e-01,9.999845027923583984e-01,9.999979138374328613e-01,-9.999898672103881836e-01,-9.999921321868896484e-01,9.999845027923583984e-01,9.999961256980895996e-01,-9.999980330467224121e-01,9.999969601631164551e-01,-9.999972581863403320e-01,-9.999743103981018066e-01,-7.640589475631713867e-01,9.999982118606567383e-01,9.999869465827941895e-01,9.999800324440002441e-01,-9.999893903732299805e-01,9.999973177909851074e-01,-9.999771714210510254e-01,-9.999956488609313965e-01,9.999957680702209473e-01,-9.999963641166687012e-01,-9.999784231185913086e-01,9.999983906745910645e-01,-9.999979734420776367e-01,9.999956488609313965e-01,-9.999946951866149902e-01,9.999981522560119629e-01,9.998988509178161621e-01,9.999272823333740234e-01,9.999978542327880859e-01,9.999930858612060547e-01,-9.999691843986511230e-01,-9.999974370002746582e-01,-9.999902248382568359e-01,9.999975562095642090e-01,-9.999976158142089844e-01,9.999959468841552734e-01,-9.999971389770507812e-01,-9.998359680175781250e-01,9.999984502792358398e-01,-9.999948740005493164e-01,9.999982714653015137e-01,-9.999966025352478027e-01,-9.999923110008239746e-01,-9.999943971633911133e-01,-9.999973773956298828e-01,9.999946951866149902e-01,9.999960064888000488e-01,-9.999950528144836426e-01,-9.999854564666748047e-01,-9.999911189079284668e-01,9.999540448188781738e-01,-9.999854564666748047e-01
9.999988079071044922e-01,-9.999990463256835938e-01,-9.999961256980895996e-01,9.999980926513671875e-01,9.999992251396179199e-01,-9.999992847442626953e-01,9.999964237213134766e-01,9.999993443489074707e-01,-9.999957680702209473e-01,9.999989867210388184e-01,-9.999992251396179199e-01,-9.999992847442626953e-01,9.999985694885253906e-01,9.999989271163940430e-01,9.999966621398925781e-01,9.999957084655761719e-01,9.999982118606567383e-01,-9.999983906745910645e-01,9.999945759773254395e-01,-9.999994635581970215e-01,-9.999994039535522461e-01,9.999961256980895996e-01,9.999991059303283691e-01,9.999981522560119629e-01,9.999924302101135254e-01,9.999992847442626953e-01,-9.999988079071044922e-01,-9.999992251396179199e-01,9.999942183494567871e-01,-9.999977946281433105e-01,-9.999936223030090332e-01,-9.999987483024597168e-01,9.999885559082031250e-01,9.999963641166687012e-01,-9.999986886978149414e-01,9.999752044677734375e-01,9.999994039535522461e-01,9.999990463256835938e-01,9.999893307685852051e-01,-9.999992251396179199e-01,9.999992251396179199e-01,9.999917149543762207e-01,9.999887943267822266e-01,9.999992847442626953e-01,9.999988079071044922e-01,9.999985694885253906e-01,-9.999953508377075195e-01,9.999992251396179199e-01,9.999991059303283691e-01,-9.999989867210388184e-01,-9.999991059303283691e-01,-9.999990463256835938e-01,-9.999992251396179199e-01,-9.999954104423522949e-01,-9.999990463256835938e-01,-9.999987483024597168e-01,-9.999696612358093262e-01,9.999951124191284180e-01,9.999961853027343750e-01,9.999987483024597168e-01,-9.999988675117492676e-01,9.999992847442626953e-01,9.999989271163940430e-01,9.999968409538269043e-01,-9.999958276748657227e-01,-9.999993443489074707e-01,-9.999994635581970215e-01,-9.999970197677612305e-01,-9.999994039535522461e-01,9.999988079071044922e-01,-9.999992251396179199e-01,9.999974370002746582e-01,-9.999939203262329102e-01,-9.999957084655761719e-01,-9.999898672103881836e-01,-9.999989271163940430e-01,9.999935626983642578e-01,9.999992847442626953e-01,-9.999958872795104980e-01,-9.999967813491821289e-01,9.999935030937194824e-01,9.999984502792358398e-01,-9.999992251396179199e-01,9.999988079071044922e-01,-9.999988675117492676e-01,-9.999893903732299805e-01,-7.650160789489746094e-01,9.999992251396179199e-01,9.999946355819702148e-01,9.999917745590209961e-01,-9.999955892562866211e-01,9.999988675117492676e-01,-9.999905824661254883e-01,-9.999981522560119629e-01,9.999982118606567383e-01,-9.999985098838806152e-01,-9.999910593032836914e-01,9.999994039535522461e-01,-9.999992251396179199e-01,9.999981522560119629e-01,-9.999978542327880859e-01,9.999992847442626953e-01,9.999581575393676758e-01,9.999699592590332031e-01,9.999991059303283691e-01,9.999971389770507812e-01,-9.999872446060180664e-01,-9.999989271163940430e-01,-9.999960064888000488e-01,9.999990463256835938e-01,-9.999991655349731445e-01,9.999982714653015137e-01,-9.999988675117492676e-01,-9.999321699142456055e-01,9.999994039535522461e-01,-9.999979734420776367e-01,9.999993443489074707e-01,-9.999986290931701660e-01,-9.999967813491821289e-01,-9.999977350234985352e-01,-9.999989271163940430e-01,9.999977350234985352e-01,9.999983310699462891e-01,-9.999980330467224121e-01,-9.999939799308776855e-01,-9.999962449073791504e-01,9.999810457229614258e-01,-9.999939799308776855e-01
-9.999988079071044922e-01,9.999989271163940430e-01,9.999958276748657227e-01,-9.999979734420776367e-01,-9.999992847442626953e-01,9.999991059303283691e-01,-9.999960064888000488e-01,-9.999992847442626953e-01,9.999954104423522949e-01,-9.999989271163940430e-01,9.999990463256835938e-01,9.999992251396179199e-01,-9.999983906745910645e-01,-9.999987483024597168e-01,-9.999963641166687012e-01,-9.999953508377075195e-01,-9.999982118606567383e-01,9.999981522560119629e-01,-9.999940395355224609e-01,9.999994039535522461e-01,9.999992251396179199e-01,-9.999958276748657227e-01,-9.999988675117492676e-01,-9.999980926513671875e-01,-9.999917745590209961e-01,-9.999991059303283691e-01,9.999986290931701660e-01,9.999990463256835938e-01,-9.999937415122985840e-01,9.999976158142089844e-01,9.999930858612060547e-01,9.999985694885253906e-01,-9.999874830245971680e-01,-9.999960660934448242e-01,9.999985694885253906e-01,-9.999731183052062988e-01,-9.999992847442626953e-01,-9.999988675117492676e-01,-9.999884366989135742e-01,9.999991655349731445e-01,-9.999989867210388184e-01,-9.999909996986389160e-01,-9.999878406524658203e-01,-9.999992251396179199e-01,-9.999986290931701660e-01,-9.999985694885253906e-01,9.999949932098388672e-01,-9.999990463256835938e-01,-9.999991655349731445e-01,9.999988675117492676e-01,9.999990463256835938e-01,9.999989867210388184e-01,9.999991059303283691e-01,9.999949336051940918e-01,9.999989271163940430e-01,9.999985694885253906e-01,9.999670386314392090e-01,-9.999946951866149902e-01,-9.999960064888000488e-01,-9.999986886978149414e-01,9.999988079071044922e-01,-9.999991059303283691e-01,-9.999988079071044922e-01,-9.999966025352478027e-01,9.999954700469970703e-01,9.999991655349731445e-01,9.999994039535522461e-01,9.999966621398925781e-01,9.999992847442626953e-01,-9.999986886978149414e-01,9.999991655349731445e-01,-9.999971389770507812e-01,9.999933838844299316e-01,9.999952912330627441e-01,9.999890327453613281e-01,9.999988079071044922e-01,-9.999929070472717285e-01,-9.999991059303283691e-01,9.999954700469970703e-01,9.999964237213134766e-01,-9.999930262565612793e-01,-9.999983310699462891e-01,9.999991655349731445e-01,-9.999986886978149414e-01,9.999987483024597168e-01,9.999884366989135742e-01,7.649589776992797852e-01,-9.999992251396179199e-01,-9.999940991401672363e-01,-9.999910593032836914e-01,9.999952316284179688e-01,-9.999987483024597168e-01,9.999897480010986328e-01,9.999979734420776367e-01,-9.999979734420776367e-01,9.999983906745910645e-01,9.999903440475463867e-01,-9.999994039535522461e-01,9.999991655349731445e-01,-9.999979734420776367e-01,9.999976158142089844e-01,-9.999992251396179199e-01,-9.999546408653259277e-01,-9.999673962593078613e-01,-9.999991655349731445e-01,-9.999969005584716797e-01,9.999861717224121094e-01,9.999988675117492676e-01,9.999957084655761719e-01,-9.999989271163940430e-01,9.999989271163940430e-01,-9.999980330467224121e-01,9.999987483024597168e-01,9.999263882637023926e-01,-9.999992847442626953e-01,9.999977350234985352e-01,-9.999992847442626953e-01,9.999985098838806152e-01,9.999964833259582520e-01,9.999974370002746582e-01,9.999988079071044922e-01,-9.999975562095642090e-01,-9.999982118606567383e-01,9.999976754188537598e-01,9.999934434890747070e-01,9.999959468841552734e-01,-9.999793767929077148e-01,9.999933838844299316e-01
9.999946355819702148e-01,-9.999954700469970703e-01,-9.999823570251464844e-01,9.999912977218627930e-01,9.999964237213134766e-01,-9.999960064888000488e-01,9.999833106994628906e-01,9.999969005584716797e-01,-9.999805688858032227e-01,9.999951124191284180e-01,-9.999960660934448242e-01,-9.999964833259582520e-01,9.999933242797851562e-01,9.999949932098388672e-01,9.999846816062927246e-01,9.999800920486450195e-01,9.999919533729553223e-01,-9.999927878379821777e-01,9.999749064445495605e-01,-9.999970197677612305e-01,-9.999966621398925781e-01,9.999819397926330566e-01,9.999955892562866211e-01,9.999915957450866699e-01,9.999648928642272949e-01,9.999965429306030273e-01,-9.999942183494567871e-01,-9.999961256980895996e-01,9.999731779098510742e-01,-9.999895691871643066e-01,-9.999706149101257324e-01,-9.999939799308776855e-01,9.999469518661499023e-01,9.999835491180419922e-01,-9.999938011169433594e-01,9.998847246170043945e-01,9.999967813491821289e-01,9.999952316284179688e-01,9.999506473541259766e-01,-9.999963045120239258e-01,9.999956488609313965e-01,9.999616742134094238e-01,9.999481439590454102e-01,9.999965429306030273e-01,9.999943375587463379e-01,9.999935626983642578e-01,-9.999786019325256348e-01,9.999958276748657227e-01,9.999958276748657227e-01,-9.999951720237731934e-01,-9.999960064888000488e-01,-9.999955892562866211e-01,-9.999959468841552734e-01,-9.999784231185913086e-01,-9.999955296516418457e-01,-9.999939203262329102e-01,-9.998596906661987305e-01,9.999774098396301270e-01,9.999827742576599121e-01,9.999943971633911133e-01,-9.999948143959045410e-01,9.999964833259582520e-01,9.999948740005493164e-01,9.999857544898986816e-01,-9.999805092811584473e-01,-9.999963045120239258e-01,-9.999970197677612305e-01,-9.999861121177673340e-01,-9.999967813491821289e-01,9.999945759773254395e-01,-9.999961853027343750e-01,9.999880194664001465e-01,-9.999718666076660156e-01,-9.999798536300659180e-01,-9.999528527259826660e-01,-9.999950528144836426e-01,9.999703168869018555e-01,9.999960660934448242e-01,-9.999805688858032227e-01,-9.999850392341613770e-01,9.999702572822570801e-01,9.999925494194030762e-01,-9.999961853027343750e-01,9.999942183494567871e-01,-9.999946355819702148e-01,-9.999507665634155273e-01,-7.625757455825805664e-01,9.999965429306030273e-01,9.999749660491943359e-01,9.999617934226989746e-01,-9.999797344207763672e-01,9.999948143959045410e-01,-9.999563097953796387e-01,-9.999915957450866699e-01,9.999919533729553223e-01,-9.999932050704956055e-01,-9.999586939811706543e-01,9.999967813491821289e-01,-9.999960064888000488e-01,9.999915957450866699e-01,-9.999898672103881836e-01,9.999964237213134766e-01,9.998067617416381836e-01,9.998611211776733398e-01,9.999958872795104980e-01,9.999870061874389648e-01,-9.999410510063171387e-01,-9.999951720237731934e-01,-9.999813437461853027e-01,9.999954104423522949e-01,-9.999955892562866211e-01,9.999922513961791992e-01,-9.999945163726806641e-01,-9.996862411499023438e-01,9.999969005584716797e-01,-9.999901652336120605e-01,9.999967217445373535e-01,-9.999933838844299316e-01,-9.999852776527404785e-01,-9.999893307685852051e-01,-9.999951124191284180e-01,9.999898076057434082e-01,9.999924898147583008e-01,-9.999904036521911621e-01,-9.999721646308898926e-01,-9.999830126762390137e-01,9.999119639396667480e-01,-9.999722242355346680e-01
9.999990463256835938e-01,-9.999992251396179199e-01,-9.999967217445373535e-01,9.999983906745910645e-01,9.999993443489074707e-01,-9.999992847442626953e-01,9.999969005584716797e-01,9.999994039535522461e-01,-9.999962449073791504e-01,9.999991655349731445e-01,-9.999992251396179199e-01,-9.999992847442626953e-01,9.999986886978149414e-01,9.999991059303283691e-01,9.999971389770507812e-01,9.999961853027343750e-01,9.999985098838806152e-01,-9.999985694885253906e-01,9.999952316284179688e-01,-9.999994039535522461e-01,-9.999994039535522461e-01,9.999966025352478027e-01,9.999991059303283691e-01,9.999984502792358398e-01,9.999935626983642578e-01,9.999992847442626953e-01,-9.999989271163940430e-01,-9.999991655349731445e-01,9.999950528144836426e-01,-9.999979138374328613e-01,-9.999945759773254395e-01,-9.999988675117492676e-01,9.999901652336120605e-01,9.999969601631164551e-01,-9.999988675117492676e-01,9.999788403511047363e-01,9.999994039535522461e-01,9.999990463256835938e-01,9.999909400939941406e-01,-9.999992847442626953e-01,9.999991655349731445e-01,9.999929666519165039e-01,9.999904632568359375e-01,9.999993443489074707e-01,9.999989271163940430e-01,9.999987483024597168e-01,-9.999960064888000488e-01,9.999992251396179199e-01,9.999992847442626953e-01,-9.999991655349731445e-01,-9.999992251396179199e-01,-9.999991059303283691e-01,-9.999992251396179199e-01,-9.999959468841552734e-01,-9.999992251396179199e-01,-9.999988675117492676e-01,-9.999741911888122559e-01,9.999958276748657227e-01,9.999967813491821289e-01,9.999989867210388184e-01,-9.999991059303283691e-01,9.999992847442626953e-01,9.999991059303283691e-01,9.999972581863403320e-01,-9.999963641166687012e-01,-9.999993443489074707e-01,-9.999994635581970215e-01,-9.999973177909851074e-01,-9.999993443489074707e-01,9.999990463256835938e-01,-9.999992847442626953e-01,9.999977946281433105e-01,-9.999947547912597656e-01,-9.999962449073791504e-01,-9.999913573265075684e-01,-9.999991059303283691e-01,9.999944567680358887e-01,9.999992847442626953e-01,-9.999963641166687012e-01,-9.999971985816955566e-01,9.999944567680358887e-01,9.999986886978149414e-01,-9.999993443489074707e-01,9.999989271163940430e-01,-9.999990463256835938e-01,-9.999908804893493652e-01,-7.651171684265136719e-01,9.999993443489074707e-01,9.999953508377075195e-01,9.999929666519165039e-01,-9.999961256980895996e-01,9.999989867210388184e-01,-9.999918937683105469e-01,-9.999983906745910645e-01,9.999983906745910645e-01,-9.999987483024597168e-01,-9.999923110008239746e-01,9.999994635581970215e-01,-9.999992251396179199e-01,9.999983906745910645e-01,-9.999980926513671875e-01,9.999994039535522461e-01,9.999643564224243164e-01,9.999744892120361328e-01,9.999992847442626953e-01,9.999974370002746582e-01,-9.999891519546508789e-01,-9.999991655349731445e-01,-9.999965429306030273e-01,9.999991655349731445e-01,-9.999992251396179199e-01,9.999984502792358398e-01,-9.999989867210388184e-01,-9.999422430992126465e-01,9.999994635581970215e-01,-9.999981522560119629e-01,9.999994039535522461e-01,-9.999988079071044922e-01,-9.999972581863403320e-01,-9.999980330467224121e-01,-9.999990463256835938e-01,9.999979734420776367e-01,9.999986290931701660e-01,-9.999982118606567383e-01,-9.999948143959045410e-01,-9.999967217445373535e-01,9.999837875366210938e-01,-9.999948740005493164e-01
-9.999937415122985840e-01,9.999946355819702148e-01,9.999793767929077148e-01,-9.999898076057434082e-01,-9.999957680702209473e-01,9.999954104423522949e-01,-9.999805688858032227e-01,-9.999962449073791504e-01,9.999772310256958008e-01,-9.999943375587463379e-01,9.999954104423522949e-01,9.999958872795104980e-01,-9.999921321868896484e-01,-9.999940991401672363e-01,-9.999821782112121582e-01,-9.999768137931823730e-01,-9.999905824661254883e-01,9.999915957450866699e-01,-9.999706149101257324e-01,9.999965429306030273e-01,9.999960660934448242e-01,-9.999788999557495117e-01,-9.999948143959045410e-01,-9.999902248382568359e-01,-9.999589920043945312e-01,-9.999958872795104980e-01,9.999931454658508301e-01,9.999955296516418457e-01,-9.999687671661376953e-01,9.999877214431762695e-01,9.999656081199645996e-01,9.999929070472717285e-01,-9.999380111694335938e-01,-9.999808073043823242e-01,9.999926686286926270e-01,-9.998656511306762695e-01,-9.999961256980895996e-01,-9.999944567680358887e-01,-9.999424219131469727e-01,9.999957680702209473e-01,-9.999948143959045410e-01,-9.999551773071289062e-01,-9.999395012855529785e-01,-9.999958872795104980e-01,-9.999933838844299316e-01,-9.999923706054687500e-01,9.999750256538391113e-01,-9.999950528144836426e-01,-9.999951124191284180e-01,9.999943375587463379e-01,9.999954104423522949e-01,9.999947547912597656e-01,9.999954104423522949e-01,9.999748468399047852e-01,9.999947547912597656e-01,9.999929070472717285e-01,9.998362660408020020e-01,-9.999736547470092773e-01,-9.999797344207763672e-01,-9.999935030937194824e-01,9.999939799308776855e-01,-9.999958276748657227e-01,-9.999940395355224609e-01,-9.999833106994628906e-01,9.999771714210510254e-01,9.999958276748657227e-01,9.999964237213134766e-01,9.999836683273315430e-01,9.999961853027343750e-01,-9.999935626983642578e-01,9.999955296516418457e-01,-9.999860525131225586e-01,9.999669790267944336e-01,9.999765157699584961e-01,9.999449849128723145e-01,9.999942183494567871e-01,-9.999651908874511719e-01,-9.999953508377075195e-01,9.999773502349853516e-01,9.999824166297912598e-01,-9.999653100967407227e-01,-9.999911785125732422e-01,9.999955892562866211e-01,-9.999932646751403809e-01,9.999937415122985840e-01,9.999425411224365234e-01,7.620590329170227051e-01,-9.999958872795104980e-01,-9.999706745147705078e-01,-9.999553561210632324e-01,9.999763965606689453e-01,-9.999938607215881348e-01,9.999489784240722656e-01,9.999899864196777344e-01,-9.999905228614807129e-01,9.999920725822448730e-01,9.999517798423767090e-01,-9.999962449073791504e-01,9.999954700469970703e-01,-9.999901056289672852e-01,9.999881982803344727e-01,-9.999958276748657227e-01,-9.997745752334594727e-01,-9.998379349708557129e-01,-9.999951124191284180e-01,-9.999847412109375000e-01,9.999311566352844238e-01,9.999943375587463379e-01,9.999782443046569824e-01,-9.999945759773254395e-01,9.999946951866149902e-01,-9.999908804893493652e-01,9.999935030937194824e-01,9.996339678764343262e-01,-9.999963045120239258e-01,9.999884366989135742e-01,-9.999961853027343750e-01,9.999922513961791992e-01,9.999828338623046875e-01,9.999875426292419434e-01,9.999942779541015625e-01,-9.999881386756896973e-01,-9.999911785125732422e-01,9.999887347221374512e-01,9.999674558639526367e-01,9.999800920486450195e-01,-9.998973011970520020e-01,9.999674558639526367e-01
9.999983906745910645e-01,-9.999986886978149414e-01,-9.999948740005493164e-01,9.999974966049194336e-01,9.999989867210388184e-01,-9.999989271163940430e-01,9.999951124191284180e-01,9.999991655349731445e-01,-9.999943375587463379e-01,9.999986290931701660e-01,-9.999988675117492676e-01,-9.999989867210388184e-01,9.999980330467224121e-01,9.999985098838806152e-01,9.999955296516418457e-01,9.999942779541015625e-01,9.999976158142089844e-01,-9.999978542327880859e-01,9.999926686286926270e-01,-9.999991655349731445e-01,-9.999991655349731445e-01,9.999948143959045410e-01,9.999986886978149414e-01,9.999974966049194336e-01,9.999898672103881836e-01,9.999989867210388184e-01,-9.999982714653015137e-01,-9.999989271163940430e-01,9.999921917915344238e-01,-9.999970197677612305e-01,-9.999914169311523438e-01,-9.999982714653015137e-01,9.999845623970031738e-01,9.999952912330627441e-01,-9.999982714653015137e-01,9.999665021896362305e-01,9.999991059303283691e-01,9.999986290931701660e-01,9.999857544898986816e-01,-9.999989867210388184e-01,9.999986886978149414e-01,9.999887943267822266e-01,9.999850392341613770e-01,9.999990463256835938e-01,9.999983906745910645e-01,9.999982118606567383e-01,-9.999937415122985840e-01,9.999987483024597168e-01,9.999987483024597168e-01,-9.999986290931701660e-01,-9.999988079071044922e-01,-9.999986886978149414e-01,-9.999988675117492676e-01,-9.999938011169433594e-01,-9.999987483024597168e-01,-9.999983310699462891e-01,-9.999590516090393066e-01,9.999933838844299316e-01,9.999950528144836426e-01,9.999984502792358398e-01,-9.999985098838806152e-01,9.999989271163940430e-01,9.999985694885253906e-01,9.999958276748657227e-01,-9.999942779541015625e-01,-9.999990463256835938e-01,-9.999991655349731445e-01,-9.999959468841552734e-01,-9.999991059303283691e-01,9.999983906745910645e-01,-9.999988079071044922e-01,9.999964833259582520e-01,-9.999917745590209961e-01,-9.999942183494567871e-01,-9.999862909317016602e-01,-9.999985098838806152e-01,9.999912977218627930e-01,9.999988675117492676e-01,-9.999943375587463379e-01,-9.999956488609313965e-01,9.999912977218627930e-01,9.999978542327880859e-01,-9.999989271163940430e-01,9.999982714653015137e-01,-9.999983906745910645e-01,-9.999856352806091309e-01,-7.647809386253356934e-01,9.999990463256835938e-01,9.999927878379821777e-01,9.999888539314270020e-01,-9.999941587448120117e-01,9.999984502792358398e-01,-9.999873042106628418e-01,-9.999975562095642090e-01,9.999975562095642090e-01,-9.999979734420776367e-01,-9.999879598617553711e-01,9.999992251396179199e-01,-9.999988079071044922e-01,9.999975562095642090e-01,-9.999970197677612305e-01,9.999989867210388184e-01,9.999436140060424805e-01,9.999595284461975098e-01,9.999988079071044922e-01,9.999961853027343750e-01,-9.999828338623046875e-01,-9.999985098838806152e-01,-9.999945759773254395e-01,9.999986290931701660e-01,-9.999986886978149414e-01,9.999976158142089844e-01,-9.999984502792358398e-01,-9.999085664749145508e-01,9.999992251396179199e-01,-9.999971389770507812e-01,9.999991059303283691e-01,-9.999981522560119629e-01,-9.999957680702209473e-01,-9.999968409538269043e-01,-9.999985694885253906e-01,9.999970793724060059e-01,9.999977946281433105e-01,-9.999971985816955566e-01,-9.999918937683105469e-01,-9.999950528144836426e-01,9.999744892120361328e-01,-9.999918937683105469e-01
-9.999986886978149414e-01,9.999988675117492676e-01,9.999958276748657227e-01,-9.999979734420776367e-01,-9.999992251396179199e-01,9.999990463256835938e-01,-9.999960660934448242e-01,-9.999992251396179199e-01,9.999954104423522949e-01,-9.999988675117492676e-01,9.999991655349731445e-01,9.999991059303283691e-01,-9.999982714653015137e-01,-9.999987483024597168e-01,-9.999964237213134766e-01,-9.999953508377075195e-01,-9.999979734420776367e-01,9.999982118606567383e-01,-9.999940991401672363e-01,9.999993443489074707e-01,9.999992251396179199e-01,-9.999958276748657227e-01,-9.999989271163940430e-01,-9.999980330467224121e-01,-9.999918937683105469e-01,-9.999992251396179199e-01,9.999985694885253906e-01,9.999991059303283691e-01,-9.999937415122985840e-01,9.999974966049194336e-01,9.999930858612060547e-01,9.999985098838806152e-01,-9.999876618385314941e-01,-9.999961256980895996e-01,9.999985098838806152e-01,-9.999734163284301758e-01,-9.999992847442626953e-01,-9.999988079071044922e-01,-9.999885559082031250e-01,9.999992251396179199e-01,-9.999989271163940430e-01,-9.999911189079284668e-01,-9.999879598617553711e-01,-9.999991655349731445e-01,-9.999986886978149414e-01,-9.999985098838806152e-01,9.999949932098388672e-01,-9.999990463256835938e-01,-9.999990463256835938e-01,9.999988675117492676e-01,9.999990463256835938e-01,9.999988675117492676e-01,9.999991655349731445e-01,9.999949932098388672e-01,9.999989271163940430e-01,9.999985098838806152e-01,9.999674558639526367e-01,-9.999946951866149902e-01,-9.999960064888000488e-01,-9.999986290931701660e-01,9.999987483024597168e-01,-9.999991655349731445e-01,-9.999988079071044922e-01,-9.999965429306030273e-01,9.999954700469970703e-01,9.999991655349731445e-01,9.999993443489074707e-01,9.999967217445373535e-01,9.999991655349731445e-01,-9.999986290931701660e-01,9.999990463256835938e-01,-9.999971985816955566e-01,9.999933838844299316e-01,9.999953508377075195e-01,9.999890923500061035e-01,9.999987483024597168e-01,-9.999930262565612793e-01,-9.999989867210388184e-01,9.999954700469970703e-01,9.999964833259582520e-01,-9.999930262565612793e-01,-9.999982118606567383e-01,9.999990463256835938e-01,-9.999986290931701660e-01,9.999987483024597168e-01,9.999885559082031250e-01,7.649695277214050293e-01,-9.999991655349731445e-01,-9.999942183494567871e-01,-9.999911189079284668e-01,9.999952912330627441e-01,-9.999986886978149414e-01,9.999898672103881836e-01,9.999979138374328613e-01,-9.999979734420776367e-01,9.999983906745910645e-01,9.999903440475463867e-01,-9.999992847442626953e-01,9.999990463256835938e-01,-9.999979138374328613e-01,9.999975562095642090e-01,-9.999992251396179199e-01,-9.999552965164184570e-01,-9.999678134918212891e-01,-9.999990463256835938e-01,-9.999968409538269043e-01,9.999864101409912109e-01,9.999988079071044922e-01,9.999956488609313965e-01,-9.999989271163940430e-01,9.999988675117492676e-01,-9.999980926513671875e-01,9.999986886978149414e-01,9.999274015426635742e-01,-9.999992847442626953e-01,9.999976754188537598e-01,-9.999992251396179199e-01,9.999984502792358398e-01,9.999964237213134766e-01,9.999974966049194336e-01,9.999988079071044922e-01,-9.999975562095642090e-01,-9.999981522560119629e-01,9.999977350234985352e-01,9.999935626983642578e-01,9.999960064888000488e-01,-9.999796748161315918e-01,9.999935030937194824e-01
-9.999988675117492676e-01,9.999991059303283691e-01,9.999962449073791504e-01,-9.999981522560119629e-01,-9.999992847442626953e-01,9.999992251396179199e-01,-9.999964833259582520e-01,-9.999992847442626953e-01,9.999958872795104980e-01,-9.999989867210388184e-01,9.999991059303283691e-01,9.999992847442626953e-01,-9.999985098838806152e-01,-9.999989271163940430e-01,-9.999967813491821289e-01,-9.999958276748657227e-01,-9.999982714653015137e-01,9.999983906745910645e-01,-9.999947547912597656e-01,9.999994039535522461e-01,9.999994039535522461e-01,-9.999961853027343750e-01,-9.999989867210388184e-01,-9.999982118606567383e-01,-9.999926686286926270e-01,-9.999992847442626953e-01,9.999987483024597168e-01,9.999991655349731445e-01,-9.999943971633911133e-01,9.999977946281433105e-01,9.999937415122985840e-01,9.999986886978149414e-01,-9.999888539314270020e-01,-9.999965429306030273e-01,9.999986886978149414e-01,-9.999759793281555176e-01,-9.999993443489074707e-01,-9.999989271163940430e-01,-9.999896883964538574e-01,9.999992847442626953e-01,-9.999991059303283691e-01,-9.999920129776000977e-01,-9.999892115592956543e-01,-9.999992251396179199e-01,-9.999988079071044922e-01,-9.999986290931701660e-01,9.999954700469970703e-01,-9.999991655349731445e-01,-9.999991655349731445e-01,9.999990463256835938e-01,9.999991655349731445e-01,9.999991059303283691e-01,9.999991059303283691e-01,9.999954700469970703e-01,9.999991059303283691e-01,9.999988079071044922e-01,9.999706745147705078e-01,-9.999952912330627441e-01,-9.999963045120239258e-01,-9.999987483024597168e-01,9.999989271163940430e-01,-9.999992251396179199e-01,-9.999989271163940430e-01,-9.999969005584716797e-01,9.999958872795104980e-01,9.999992847442626953e-01,9.999994039535522461e-01,9.999970197677612305e-01,9.999993443489074707e-01,-9.999988675117492676e-01,9.999991655349731445e-01,-9.999974370002746582e-01,9.999940991401672363e-01,9.999957680702209473e-01,9.999901652336120605e-01,9.999989271163940430e-01,-9.999936819076538086e-01,-9.999992251396179199e-01,9.999959468841552734e-01,9.999969005584716797e-01,-9.999936223030090332e-01,-9.999985098838806152e-01,9.999991655349731445e-01,-9.999987483024597168e-01,9.999988675117492676e-01,9.999897480010986328e-01,7.650388479232788086e-01,-9.999992251396179199e-01,-9.999947547912597656e-01,-9.999920129776000977e-01,9.999957680702209473e-01,-9.999989271163940430e-01,9.999908208847045898e-01,9.999982118606567383e-01,-9.999982118606567383e-01,9.999985694885253906e-01,9.999912977218627930e-01,-9.999993443489074707e-01,9.999992251396179199e-01,-9.999982118606567383e-01,9.999978542327880859e-01,-9.999992251396179199e-01,-9.999595880508422852e-01,-9.999709129333496094e-01,-9.999991655349731445e-01,-9.999971389770507812e-01,9.999877214431762695e-01,9.999989271163940430e-01,9.999960660934448242e-01,-9.999990463256835938e-01,9.999991059303283691e-01,-9.999983310699462891e-01,9.999988079071044922e-01,9.999343752861022949e-01,-9.999994635581970215e-01,9.999979734420776367e-01,-9.999992847442626953e-01,9.999986886978149414e-01,9.999969005584716797e-01,9.999977946281433105e-01,9.999989271163940430e-01,-9.999978542327880859e-01,-9.999983906745910645e-01,9.999980330467224121e-01,9.999941587448120117e-01,9.999963045120239258e-01,-9.999816417694091797e-01,9.999940991401672363e-01
