5.225882530212402344e-01,-7.223278749734163284e-03,-3.381948918104171753e-02,-6.691924482583999634e-02,1.417538076639175415e-01,-2.000204771757125854e-01,1.671743541955947876e-01,4.103752076625823975e-01,1.086994707584381104e-01,7.324951142072677612e-02,-1.704825311899185181e-01,-3.704020753502845764e-02,-9.006664156913757324e-02,6.474660336971282959e-02,7.245719432830810547e-02,5.470160394906997681e-02,-4.095925949513912201e-03,-3.474258631467819214e-02,6.402497738599777222e-02,2.353891904931515455e-04,-1.039308384060859680e-01,-7.676997035741806030e-02,-3.041799180209636688e-02,7.957296073436737061e-02,6.467690691351890564e-03,-1.365249231457710266e-02,1.534659564495086670e-01,-1.646135747432708740e-01,2.610729821026325226e-02,-1.827680915594100952e-01,-1.348810642957687378e-01,6.325411796569824219e-02,-3.138121450319886208e-03,4.114505648612976074e-02,-1.966183260083198547e-02,2.039533294737339020e-02,-2.085912227630615234e-02,5.625910311937332153e-02,-2.635996043682098389e-01,-3.031454682350158691e-01,1.723046004772186279e-01,7.407183945178985596e-02,-1.528320163488388062e-01,1.560128666460514069e-02,-1.032321155071258545e-01,1.019994392991065979e-01,-1.153260841965675354e-01,-9.660744667053222656e-02,9.373816102743148804e-02,-7.185534387826919556e-02,-1.459481269121170044e-01,-8.046225458383560181e-02,2.491180598735809326e-01,-8.586431294679641724e-02,-9.624877572059631348e-02,-8.029405772686004639e-02,7.369451224803924561e-02,5.488954950124025345e-03,2.940714731812477112e-02,-1.244152057915925980e-02,-4.321030154824256897e-02,-5.167414620518684387e-02,8.642197353765368462e-04,2.386459559202194214e-01,-8.034597150981426239e-03,1.595978066325187683e-02,-2.908105254173278809e-01,9.280547499656677246e-02,-1.007354930043220520e-01,1.116721183061599731e-01,-2.040783911943435669e-01,9.827669709920883179e-02,4.214470461010932922e-02,9.608548879623413086e-02,-1.508696824312210083e-01,-1.037861779332160950e-01,9.466073242947459221e-05,5.336954072117805481e-02,-1.664001196622848511e-01,-2.027759095653891563e-03,7.124354690313339233e-02,8.686375804245471954e-05,-1.820975095033645630e-01,-3.805197775363922119e-03,-2.280246913433074951e-01,8.209699392318725586e-02,3.228603601455688477e-01,-4.502855008468031883e-04,-1.540250927209854126e-01,5.899542197585105896e-02,-1.566896587610244751e-01,1.144075319170951843e-01,1.505982279777526855e-01,-2.404848039150238037e-01,-6.961400061845779419e-02,-3.133569061756134033e-01,1.309478133916854858e-01,-8.553507359465584159e-05,-1.775639876723289490e-02,3.100037276744842529e-01,-1.805702894926071167e-01,3.096870481967926025e-01,3.074706159532070160e-02,-3.390188515186309814e-02,1.285926904529333115e-02,2.856905162334442139e-01,9.625023603439331055e-02,1.441738009452819824e-01,-3.426562547683715820e-01,1.398066990077495575e-02,-1.097355112433433533e-01,5.566179007291793823e-02,7.099312543869018555e-02,-1.806657761335372925e-02,9.921563416719436646e-02,-1.289536207914352417e-01,2.192639559507369995e-01,-1.968193799257278442e-02,-2.583319842815399170e-01,-3.971620276570320129e-02,-1.254994720220565796e-01,1.214595958590507507e-01,9.997729212045669556e-02,2.418503314256668091e-01,9.289359301328659058e-02,-2.546905167400836945e-02,-1.365146599709987640e-02,7.609163224697113037e-02
-7.223278749734163284e-03,1.487246993929147720e-02,-1.058390885591506958e-01,7.502480596303939819e-02,5.853009968996047974e-02,-9.454316459596157074e-03,9.998988360166549683e-03,1.525370590388774872e-02,4.060117527842521667e-02,5.192831158638000488e-02,1.245195604860782623e-02,-4.618164896965026855e-02,8.874133974313735962e-02,7.910518348217010498e-02,1.018909811973571777e-01,1.085970923304557800e-01,-7.130578160285949707e-04,6.723666936159133911e-02,-7.593251764774322510e-02,-7.792331278324127197e-02,-4.423492401838302612e-02,9.365421533584594727e-02,7.394731044769287109e-02,-3.178832307457923889e-02,1.220250315964221954e-02,1.112700179219245911e-01,-1.158829033374786377e-01,-5.105223879218101501e-02,9.470329433679580688e-02,-3.582575544714927673e-02,2.855905331671237946e-02,-1.162800118327140808e-01,7.131160050630569458e-02,7.012024521827697754e-02,-4.733359441161155701e-03,-1.157556697726249695e-01,4.135189950466156006e-02,7.997480779886245728e-02,-6.599448621273040771e-02,-6.571966409683227539e-02,9.078764170408248901e-02,1.256246212869882584e-02,1.071151271462440491e-01,2.094602212309837341e-02,5.755911581218242645e-03,-9.087696671485900879e-02,-1.037892997264862061e-01,-2.773518487811088562e-02,-1.001590490341186523e-02,5.841815844178199768e-03,2.587026357650756836e-02,-2.768575958907604218e-02,1.896771788597106934e-02,6.963900290429592133e-03,-1.343264803290367126e-02,-1.225387230515480042e-01,3.044432960450649261e-02,7.846744731068611145e-03,-5.724007263779640198e-02,-6.235971674323081970e-02,-1.371681038290262222e-02,1.750686205923557281e-02,3.732432611286640167e-03,2.991699427366256714e-02,1.341688795946538448e-03,-2.586610242724418640e-02,5.829136818647384644e-02,1.041791588068008423e-01,-1.011544242501258850e-01,3.361764922738075256e-02,-7.878232002258300781e-02,-3.744880110025405884e-02,-2.730718441307544708e-02,9.952301532030105591e-02,-3.131194785237312317e-02,-9.891465306282043457e-02,-1.896873349323868752e-03,1.216934397816658020e-01,-7.064119912683963776e-03,-1.026595830917358398e-01,1.059156730771064758e-01,6.627923576161265373e-04,-8.502209186553955078e-02,4.655566008295863867e-04,-9.172944724559783936e-02,-1.015309616923332214e-01,5.193679779767990112e-02,3.623955417424440384e-03,8.421380072832107544e-02,6.429044157266616821e-02,-2.180064283311367035e-02,-3.105359524488449097e-02,-9.026791900396347046e-02,5.606101453304290771e-02,-9.358497709035873413e-02,-1.348922494798898697e-03,7.687336951494216919e-02,-4.005774098914116621e-05,-8.920530229806900024e-02,5.407123640179634094e-02,-3.781868144869804382e-02,4.646739736199378967e-02,-1.189986839890480042e-01,-7.131082564592361450e-02,1.182667911052703857e-01,-1.400365307927131653e-02,-8.156783133745193481e-02,-1.085877865552902222e-01,-1.209998689591884613e-02,-7.068399339914321899e-03,8.763244748115539551e-02,-6.846927106380462646e-02,-1.014432683587074280e-01,1.298349350690841675e-02,1.132796481251716614e-01,-9.242859482765197754e-02,6.455261260271072388e-02,2.668166719377040863e-02,-1.033364385366439819e-01,4.533044248819351196e-02,6.708519160747528076e-02,8.702319115400314331e-02,1.016696542501449585e-01,-7.070901989936828613e-02,-7.585146278142929077e-02,-7.294944673776626587e-02,3.220097161829471588e-03,5.958966910839080811e-02
-3.381948918104171753e-02,-1.058390885591506958e-01,8.070150017738342285e-01,-6.457780599594116211e-01,-3.868275880813598633e-01,3.074738569557666779e-02,-1.711550951004028320e-01,-1.333649903535842896e-01,-3.277865350246429443e-01,-4.510596692562103271e-01,-7.345974445343017578e-03,3.694215416908264160e-01,-5.912147760391235352e-01,-6.634307503700256348e-01,-7.321813106536865234e-01,-7.147680521011352539e-01,5.460103042423725128e-03,-5.060996413230895996e-01,6.564278602600097656e-01,6.486870050430297852e-01,4.411163926124572754e-01,-6.796696186065673828e-01,-6.641604304313659668e-01,2.519004642963409424e-01,-1.028237491846084595e-01,-7.031255364418029785e-01,7.269026041030883789e-01,2.755407094955444336e-01,-7.182061076164245605e-01,3.091831505298614502e-01,-2.146508246660232544e-01,8.018895387649536133e-01,-6.143386363983154297e-01,-6.361641883850097656e-01,3.577918931841850281e-02,7.583393454551696777e-01,-3.232379555702209473e-01,-6.506848335266113281e-01,4.367065131664276123e-01,5.881409645080566406e-01,-6.559274196624755859e-01,-1.204064190387725830e-01,-7.130213379859924316e-01,-1.747974604368209839e-01,3.673960641026496887e-02,6.558144092559814453e-01,7.889977097511291504e-01,2.357396185398101807e-01,4.926428571343421936e-02,1.004413887858390808e-01,-1.936164945363998413e-01,2.410518676042556763e-01,-2.064991444349288940e-01,-2.568349801003932953e-02,5.040427669882774353e-02,8.127614855766296387e-01,-2.740889787673950195e-01,-6.467430293560028076e-02,4.455466270446777344e-01,5.261675119400024414e-01,1.535800546407699585e-01,-1.951887160539627075e-01,-3.086703829467296600e-02,-3.415328860282897949e-01,1.328124757856130600e-02,1.999609917402267456e-01,-3.218160569667816162e-01,-6.977839469909667969e-01,7.475194334983825684e-01,-1.602160185575485229e-01,6.439042091369628906e-01,2.924790084362030029e-01,2.527755200862884521e-01,-7.646859884262084961e-01,2.560822963714599609e-01,7.258211970329284668e-01,1.267651841044425964e-02,-8.500561714172363281e-01,1.848016828298568726e-01,7.531639933586120605e-01,-8.200329542160034180e-01,-5.413822829723358154e-03,6.493919491767883301e-01,-2.030137227848172188e-03,6.546779274940490723e-01,7.007419466972351074e-01,-4.738714098930358887e-01,-2.612141892313957214e-02,-5.736877322196960449e-01,-5.272287726402282715e-01,1.834181994199752808e-01,2.635739445686340332e-01,6.750976443290710449e-01,-3.751916289329528809e-01,7.374764680862426758e-01,4.326734319329261780e-02,-5.915428996086120605e-01,3.369154874235391617e-04,5.960623621940612793e-01,-4.627794921398162842e-01,3.655006885528564453e-01,-3.601328134536743164e-01,8.216519355773925781e-01,5.688493251800537109e-01,-8.384220004081726074e-01,-1.008313968777656555e-01,6.610714197158813477e-01,7.114029526710510254e-01,1.088451221585273743e-01,5.470182001590728760e-02,-6.494867801666259766e-01,6.456924080848693848e-01,7.370791435241699219e-01,-2.485610246658325195e-01,-7.644551992416381836e-01,7.292434573173522949e-01,-4.185536205768585205e-01,-2.728565931320190430e-01,7.826864719390869141e-01,-3.756512105464935303e-01,-5.004107952117919922e-01,-7.109531760215759277e-01,-7.513530254364013672e-01,4.632588326930999756e-01,5.984308719635009766e-01,6.453308463096618652e-01,-4.283931851387023926e-02,-5.488293170928955078e-01
-6.691924482583999634e-02,7.502480596303939819e-02,-6.457780599594116211e-01,6.385670900344848633e-01,1.966680884361267090e-01,8.244314789772033691e-02,1.144975945353507996e-01,-4.831572622060775757e-02,2.192106395959854126e-01,3.240231275558471680e-01,-3.384087607264518738e-02,-2.634331285953521729e-01,3.598819971084594727e-01,5.831394195556640625e-01,5.687832832336425781e-01,4.748714864253997803e-01,1.027844264172017574e-03,4.161318540573120117e-01,-5.629992485046386719e-01,-4.742901623249053955e-01,-4.603562355041503906e-01,5.315842628479003906e-01,5.372945666313171387e-01,-1.665616184473037720e-01,7.648501545190811157e-02,4.566136300563812256e-01,-5.398146510124206543e-01,-2.476814389228820801e-02,4.811127483844757080e-01,-1.008083447813987732e-01,1.840685606002807617e-01,-6.667500734329223633e-01,5.784764885902404785e-01,4.547290503978729248e-01,-1.027027890086174011e-02,-5.515339374542236328e-01,2.318273335695266724e-01,4.459513723850250244e-01,-1.392868906259536743e-01,-5.134222507476806641e-01,4.485078454017639160e-01,1.091162115335464478e-01,5.541949272155761719e-01,1.243798285722732544e-01,-7.151513546705245972e-02,-4.237509667873382568e-01,-6.166300773620605469e-01,-1.952102631330490112e-01,-6.552495062351226807e-02,-4.714526236057281494e-03,1.704274713993072510e-01,-1.648664176464080811e-01,1.586230546236038208e-01,3.928384184837341309e-02,1.092111542820930481e-01,-5.961113572120666504e-01,1.943402588367462158e-01,4.290132969617843628e-02,-3.655309975147247314e-01,-4.352786839008331299e-01,-1.668624430894851685e-01,2.217189967632293701e-01,2.742541953921318054e-02,2.344626039266586304e-01,1.840799348428845406e-03,-1.469815522432327271e-01,2.705066502094268799e-01,4.638360142707824707e-01,-5.211735367774963379e-01,2.504916046746075153e-04,-4.136370122432708740e-01,-1.067137420177459717e-01,-2.473569959402084351e-01,5.973066091537475586e-01,-1.733941435813903809e-01,-5.608711838722229004e-01,-5.640747025609016418e-03,6.423966884613037109e-01,-2.861255109310150146e-01,-5.659597516059875488e-01,7.104229927062988281e-01,3.944471012800931931e-03,-4.056527018547058105e-01,1.992206787690520287e-03,-4.437106847763061523e-01,-5.272961854934692383e-01,1.986442059278488159e-01,1.500733196735382080e-02,4.123183190822601318e-01,3.546490371227264404e-01,-1.113940253853797913e-01,-3.130200803279876709e-01,-5.904536843299865723e-01,3.785620927810668945e-01,-5.901203155517578125e-01,6.471100449562072754e-02,4.144815206527709961e-01,-2.222088514827191830e-04,-3.641981780529022217e-01,2.276563793420791626e-01,-1.743623316287994385e-01,7.323590666055679321e-02,-6.927570700645446777e-01,-3.896703124046325684e-01,6.667993068695068359e-01,2.010782361030578613e-01,-6.763768792152404785e-01,-5.371296405792236328e-01,3.279343992471694946e-02,-4.252941161394119263e-02,6.174264550209045410e-01,-5.934200882911682129e-01,-5.993786454200744629e-01,2.488758265972137451e-01,5.405185222625732422e-01,-5.271928310394287109e-01,1.595406681299209595e-01,2.049091160297393799e-01,-5.903117060661315918e-01,3.324066400527954102e-01,3.962143659591674805e-01,5.492947101593017578e-01,5.787721276283264160e-01,-3.942597806453704834e-01,-4.339055716991424561e-01,-5.277098417282104492e-01,2.502777799963951111e-02,4.086833894252777100e-01
1.417538076639175415e-01,5.853009968996047974e-02,-3.868275880813598633e-01,1.966680884361267090e-01,3.701152503490447998e-01,-1.280417293310165405e-01,6.851519644260406494e-02,2.984625399112701416e-01,1.385322064161300659e-01,1.990993469953536987e-01,4.019167646765708923e-02,-1.946652531623840332e-01,3.655734062194824219e-01,2.518610060214996338e-01,4.341969490051269531e-01,4.978214204311370850e-01,-6.497409194707870483e-03,2.523706555366516113e-01,-1.968951523303985596e-01,-2.802199721336364746e-01,-4.370449855923652649e-02,3.374604284763336182e-01,2.215247601270675659e-01,-8.459807187318801880e-02,4.179068654775619507e-02,4.686396420001983643e-01,-4.446741640567779541e-01,-3.788064122200012207e-01,4.139042794704437256e-01,-2.544070780277252197e-01,6.387387216091156006e-02,-3.796987533569335938e-01,1.674733459949493408e-01,2.615295052528381348e-01,-3.559948503971099854e-02,-4.702915549278259277e-01,1.503491848707199097e-01,3.282766342163085938e-01,-4.784607291221618652e-01,-3.030132055282592773e-01,4.159131944179534912e-01,5.911738425493240356e-02,3.931150734424591064e-01,8.695881068706512451e-02,9.002167731523513794e-02,-3.524245619773864746e-01,-4.321636855602264404e-01,-1.348637491464614868e-01,-2.564159408211708069e-02,4.945451021194458008e-02,4.937231540679931641e-02,-1.856395155191421509e-01,1.209750324487686157e-01,5.194978322833776474e-03,-1.819092929363250732e-01,-5.464165210723876953e-01,1.389214843511581421e-01,3.379485383629798889e-02,-2.003197371959686279e-01,-2.182593643665313721e-01,-1.122613064944744110e-02,-2.643294632434844971e-02,1.181226316839456558e-02,1.258625388145446777e-01,1.180398860014975071e-03,-9.141977876424789429e-02,1.854567378759384155e-01,4.952840805053710938e-01,-4.102126955986022949e-01,2.807900905609130859e-01,-3.953328728675842285e-01,-1.911731064319610596e-01,-2.319774590432643890e-02,3.923499286174774170e-01,-1.575374752283096313e-01,-4.198190569877624512e-01,-9.266731329262256622e-03,4.878962039947509766e-01,2.550068311393260956e-02,-3.850428462028503418e-01,3.564862608909606934e-01,2.507307566702365875e-03,-4.391584098339080811e-01,-2.608313225209712982e-04,-4.674219191074371338e-01,-4.027848541736602783e-01,3.373836874961853027e-01,1.651428267359733582e-02,2.753885984420776367e-01,2.726350724697113037e-01,-1.659539788961410522e-01,-9.132359176874160767e-03,-2.376838922500610352e-01,1.055995374917984009e-01,-3.352454900741577148e-01,-1.417541056871414185e-01,3.983768820762634277e-01,-1.821150799514725804e-04,-4.220264256000518799e-01,3.306500017642974854e-01,-2.236539274454116821e-01,3.424032926559448242e-01,-4.160051345825195312e-01,-2.946421504020690918e-01,4.214777052402496338e-01,-4.952321574091911316e-02,-1.615595668554306030e-01,-4.036010801792144775e-01,-2.001880109310150146e-01,-1.759259775280952454e-02,2.114360183477401733e-01,-1.329800933599472046e-01,-3.584799468517303467e-01,-5.571897327899932861e-02,5.443682670593261719e-01,-3.671181201934814453e-01,4.276053309440612793e-01,7.759480178356170654e-02,-4.793795943260192871e-01,1.251165419816970825e-01,2.357805222272872925e-01,3.264288604259490967e-01,4.178420603275299072e-01,-2.033226639032363892e-01,-2.660785615444183350e-01,-2.107271552085876465e-01,-6.774956360459327698e-03,2.188642621040344238e-01
-2.000204771757125854e-01,-9.454316459596157074e-03,3.074738569557666779e-02,8.244314789772033691e-02,-1.280417293310165405e-01,2.582200765609741211e-01,-6.082208827137947083e-02,-1.553030014038085938e-01,-1.638104021549224854e-01,-7.904152572154998779e-02,7.007579505443572998e-02,2.716615796089172363e-02,-1.035331562161445618e-01,4.744829609990119934e-02,-3.730554133653640747e-02,-1.242400929331779480e-01,2.977486699819564819e-03,-4.751094803214073181e-02,2.399757690727710724e-02,2.641500672325491905e-03,7.326841354370117188e-02,2.343985997140407562e-02,4.639174044132232666e-02,-5.897419992834329605e-03,-1.447237841784954071e-02,-1.863393485546112061e-01,2.260766737163066864e-02,1.640677452087402344e-01,-3.919926285743713379e-02,8.629690855741500854e-02,5.930932983756065369e-02,4.995953291654586792e-02,-4.602619633078575134e-02,3.411582857370376587e-02,5.994553677737712860e-03,7.090787589550018311e-02,-2.728439122438430786e-02,-9.334073960781097412e-02,2.094038873910903931e-01,3.021227195858955383e-02,-2.244023084640502930e-01,-2.400956489145755768e-02,1.672362536191940308e-02,-7.861776277422904968e-03,1.232588589191436768e-01,2.695752121508121490e-02,8.744636923074722290e-02,2.474526874721050262e-02,-9.263698756694793701e-02,-3.054032102227210999e-02,8.593315631151199341e-02,-6.561742722988128662e-02,-1.084129959344863892e-01,-7.131247781217098236e-03,7.741830497980117798e-02,9.525215625762939453e-02,-1.571250334382057190e-02,-4.888305440545082092e-03,6.580734252929687500e-02,1.545379683375358582e-02,1.797802001237869263e-02,2.393512986600399017e-02,8.058617240749299526e-04,-2.028349488973617554e-01,-1.223846711218357086e-02,2.558437176048755646e-02,7.398160547018051147e-02,-1.249472796916961670e-01,1.279314309358596802e-01,-9.745262563228607178e-02,1.442700624465942383e-01,-1.191918998956680298e-01,-5.196192767471075058e-03,-8.460972458124160767e-02,1.380055993795394897e-01,8.951380103826522827e-02,3.855160670354962349e-03,-9.429221600294113159e-02,6.013101432472467422e-03,7.299728691577911377e-02,-5.596700310707092285e-02,-1.295540278078988194e-04,1.289301663637161255e-01,-1.536215422675013542e-03,1.939000934362411499e-01,4.941952228546142578e-02,-1.883018463850021362e-01,-3.801092272624373436e-03,-6.021486967802047729e-02,-7.240922003984451294e-02,8.278305083513259888e-02,-4.801212996244430542e-02,-2.002131659537553787e-03,9.924419969320297241e-02,1.139589846134185791e-01,1.228571459650993347e-01,-5.166073516011238098e-02,6.087724614189937711e-05,6.095745414495468140e-02,-2.590661346912384033e-01,6.935631483793258667e-02,-2.612470090389251709e-01,5.951325595378875732e-02,7.369872927665710449e-02,-1.305287033319473267e-01,6.569706648588180542e-02,-2.039201185107231140e-02,3.469429537653923035e-02,2.303744107484817505e-01,3.581623779609799385e-03,5.609803274273872375e-02,-7.146988064050674438e-02,1.356546487659215927e-02,7.957068830728530884e-02,-1.129023656249046326e-01,1.516088396310806274e-01,-1.437794268131256104e-01,1.775784604251384735e-02,1.444337964057922363e-01,2.550252247601747513e-03,9.312735870480537415e-03,-9.126187115907669067e-02,-1.090783104300498962e-01,-2.844805642962455750e-02,-5.724488571286201477e-02,2.640337683260440826e-02,2.539942972362041473e-03,-4.837641492486000061e-02
1.671743541955947876e-01,9.998988360166549683e-03,-1.711550951004028320e-01,1.144975945353507996e-01,6.851519644260406494e-02,-6.082208827137947083e-02,1.485509574413299561e-01,1.299121975898742676e-01,6.968354433774948120e-02,1.129638403654098511e-01,-1.154870018362998962e-01,-4.951396584510803223e-02,4.797898232936859131e-02,9.678123146295547485e-02,1.088425740599632263e-01,8.868544548749923706e-02,-2.264953218400478363e-03,7.251246273517608643e-02,-1.438353061676025391e-01,-1.004948616027832031e-01,-1.471816748380661011e-01,4.029142484068870544e-02,1.223386973142623901e-01,9.545722045004367828e-03,1.902158558368682861e-02,8.451706171035766602e-02,-3.811915591359138489e-02,-1.946913823485374451e-02,1.459262371063232422e-01,-1.178502663969993591e-01,8.729428052902221680e-03,-1.012317314743995667e-01,1.608878821134567261e-01,1.143084987998008728e-01,-6.049016490578651428e-03,-7.066106796264648438e-02,3.801693022251129150e-02,1.250224709510803223e-01,-1.302451640367507935e-01,-1.865021586418151855e-01,1.598019748926162720e-01,4.786557331681251526e-02,4.581083729863166809e-02,3.150971233844757080e-02,-1.166899427771568298e-01,-6.569591164588928223e-02,-1.883244514465332031e-01,-5.581444501876831055e-02,4.998723417520523071e-02,-4.590888321399688721e-02,-1.412524376064538956e-02,-5.054770410060882568e-02,1.143727824091911316e-01,1.195481885224580765e-02,-1.379700377583503723e-02,-1.489029228687286377e-01,4.869768768548965454e-02,1.033509336411952972e-02,-1.096627712249755859e-01,-8.984467387199401855e-02,-5.267627164721488953e-02,4.024093970656394958e-02,4.309533629566431046e-03,2.017417401075363159e-01,-2.410814911127090454e-02,-2.731436304748058319e-02,-8.422134071588516235e-02,1.129416897892951965e-01,-1.422163248062133789e-01,1.356662716716527939e-02,-1.847305446863174438e-01,5.519262980669736862e-03,-2.544181421399116516e-02,1.559835076332092285e-01,-9.878985583782196045e-02,-1.541294604539871216e-01,-1.267732004635035992e-03,1.800956577062606812e-01,-1.289265155792236328e-01,-1.074207574129104614e-01,1.961023658514022827e-01,6.858205306343734264e-04,-1.660314351320266724e-01,-1.585252815857529640e-03,-1.620977818965911865e-01,-7.728340476751327515e-02,2.282362580299377441e-01,2.521299058571457863e-03,1.920952927321195602e-03,9.730678796768188477e-02,-9.274825453758239746e-02,-1.450495887547731400e-02,-6.967074424028396606e-02,-5.751354992389678955e-02,-1.708036810159683228e-01,-1.021973788738250732e-01,1.289393752813339233e-01,-8.457087096758186817e-05,-3.434588015079498291e-02,1.907884627580642700e-01,-1.097792834043502808e-01,1.544936597347259521e-01,-1.246879398822784424e-01,-9.488776326179504395e-02,2.074192762374877930e-01,1.863267570734024048e-01,-1.386845111846923828e-01,-3.725436329841613770e-02,-1.508422046899795532e-01,-4.268765915185213089e-03,2.423472516238689423e-02,-1.406678557395935059e-01,-7.602097839117050171e-02,8.124862611293792725e-02,1.640093475580215454e-01,-2.013554871082305908e-01,6.170568242669105530e-02,6.650318205356597900e-02,-2.357630729675292969e-01,4.724132269620895386e-02,5.046195164322853088e-02,1.589515209197998047e-01,1.643239706754684448e-01,2.833198383450508118e-02,-2.664916217327117920e-02,-1.231712698936462402e-01,4.929565824568271637e-03,1.526897400617599487e-01
4.103752076625823975e-01,1.525370590388774872e-02,-1.333649903535842896e-01,-4.831572622060775757e-02,2.984625399112701416e-01,-1.553030014038085938e-01,1.299121975898742676e-01,5.663722753524780273e-01,2.239333838224411011e-02,8.584438264369964600e-02,-2.952171117067337036e-02,-1.060764342546463013e-01,1.084216758608818054e-01,6.523353606462478638e-02,2.208373695611953735e-01,2.704529464244842529e-01,-8.447573520243167877e-03,2.431831136345863342e-02,6.321026384830474854e-02,-8.524996787309646606e-02,1.510084271430969238e-01,8.578946441411972046e-02,2.513417974114418030e-02,-2.874961122870445251e-03,1.013240218162536621e-02,1.757964491844177246e-01,-8.894738554954528809e-02,-3.722040653228759766e-01,2.606950998306274414e-01,-3.072334229946136475e-01,-6.898400932550430298e-02,-1.952268928289413452e-02,-1.052230820059776306e-01,1.544070541858673096e-01,-4.610630497336387634e-02,-1.900176405906677246e-01,3.314953297376632690e-02,1.613710969686508179e-01,-5.325453877449035645e-01,-2.666616737842559814e-01,2.358323186635971069e-01,4.527057334780693054e-02,5.098539590835571289e-02,4.746185988187789917e-02,1.274370998144149780e-01,-1.262605339288711548e-01,-2.270146161317825317e-01,-1.010737344622612000e-01,3.240172937512397766e-02,-8.492438495159149170e-02,-6.953953951597213745e-02,-2.135371416807174683e-01,1.583211570978164673e-01,-9.245822578668594360e-02,-2.739914357662200928e-01,-3.049861192703247070e-01,1.177759021520614624e-01,2.093153819441795349e-02,1.968731731176376343e-02,-4.803479090332984924e-02,3.291722759604454041e-02,-1.387321203947067261e-01,4.123280523344874382e-04,8.621755242347717285e-02,-2.011989615857601166e-02,-1.151059381663799286e-02,-1.186863929033279419e-01,2.860103845596313477e-01,-2.174108028411865234e-01,2.815825045108795166e-01,-3.279932439327239990e-01,-1.892802715301513672e-01,1.071119308471679688e-01,1.919919252395629883e-01,-1.075262501835823059e-01,-1.939455717802047729e-01,-5.312856286764144897e-03,2.278431951999664307e-01,2.359974198043346405e-02,-1.206495091319084167e-01,9.278243035078048706e-02,1.016679452732205391e-03,-3.462842702865600586e-01,-4.267144482582807541e-03,-3.274338841438293457e-01,-1.063624322414398193e-01,4.096653461456298828e-01,9.237010963261127472e-03,-4.099639132618904114e-02,1.569367796182632446e-01,-1.856989264488220215e-01,2.025274038314819336e-01,1.081402450799942017e-01,-1.986310929059982300e-01,-9.918173402547836304e-02,-3.272128701210021973e-01,2.841353714466094971e-01,-1.315940171480178833e-04,-2.471840381622314453e-01,3.500642776489257812e-01,-2.773883044719696045e-01,4.325075447559356689e-01,-7.491375505924224854e-02,-1.410389542579650879e-01,1.137230694293975830e-01,1.066847071051597595e-01,1.861252337694168091e-01,-7.262510061264038086e-02,-3.362648189067840576e-01,1.234420295804738998e-02,-1.211467087268829346e-01,9.254039824008941650e-02,-6.123149767518043518e-02,-7.860766351222991943e-02,3.409865200519561768e-01,-1.815814077854156494e-01,4.220455884933471680e-01,3.262081369757652283e-02,-3.496986627578735352e-01,-4.293741658329963684e-02,-1.923722447827458382e-03,1.420162469148635864e-01,1.727486252784729004e-01,1.464353948831558228e-01,-6.500717997550964355e-02,-2.321440028026700020e-03,-1.675881072878837585e-02,1.075323373079299927e-01
1.086994707584381104e-01,4.060117527842521667e-02,-3.277865350246429443e-01,2.192106395959854126e-01,1.385322064161300659e-01,-1.638104021549224854e-01,6.968354433774948120e-02,2.239333838224411011e-02,2.917563617229461670e-01,2.156549990177154541e-01,-5.631707981228828430e-02,-1.433665305376052856e-01,2.441558390855789185e-01,2.710379958152770996e-01,2.876175045967102051e-01,3.156624734401702881e-01,-8.749700500629842281e-04,1.969085633754730225e-01,-2.925685048103332520e-01,-2.281099259853363037e-01,-3.519460260868072510e-01,2.467140704393386841e-01,2.159374356269836426e-01,-1.062167286872863770e-01,5.110400170087814331e-02,3.778843283653259277e-01,-2.776413857936859131e-01,-1.018963679671287537e-01,2.255386412143707275e-01,-7.871152460575103760e-02,2.610154077410697937e-02,-4.076972901821136475e-01,3.301079273223876953e-01,1.915034651756286621e-01,-4.520187620073556900e-03,-3.321920037269592285e-01,1.327386498451232910e-01,2.713010907173156738e-01,-1.577848196029663086e-01,-2.543671429157257080e-01,3.826375007629394531e-01,6.531739979982376099e-02,2.355231791734695435e-01,5.952642485499382019e-02,-1.663894951343536377e-01,-2.241859585046768188e-01,-3.379202783107757568e-01,-9.905751049518585205e-02,5.124088004231452942e-02,-3.233204036951065063e-02,3.217707155272364616e-03,3.054750338196754456e-02,1.655180305242538452e-01,4.047746479045599699e-04,3.004127368330955505e-02,-3.405263423919677734e-01,9.856904298067092896e-02,2.245785482227802277e-02,-1.889525204896926880e-01,-2.078260481357574463e-01,-1.115007251501083374e-01,1.189998090267181396e-01,1.280437968671321869e-02,2.817604541778564453e-01,1.940759457647800446e-02,-8.893781155347824097e-02,4.805673286318778992e-02,2.897889018058776855e-01,-3.664413988590240479e-01,2.375525794923305511e-02,-2.716916799545288086e-01,6.964943557977676392e-02,-1.518887579441070557e-01,3.539798259735107422e-01,-1.847585737705230713e-01,-3.117302656173706055e-01,-5.212322808802127838e-03,3.852731585502624512e-01,-1.386077851057052612e-01,-3.477772474288940430e-01,4.081791937351226807e-01,1.983989495784044266e-03,-2.435141950845718384e-01,3.577227471396327019e-03,-3.314563333988189697e-01,-2.630688548088073730e-01,2.034364938735961914e-01,9.138047695159912109e-03,2.789720892906188965e-01,2.166519612073898315e-01,-7.673679292201995850e-02,-1.342560052871704102e-01,-3.019210696220397949e-01,1.271447837352752686e-01,-3.764957487583160400e-01,-3.857003152370452881e-02,1.698015481233596802e-01,-1.425895025022327900e-04,-2.092960774898529053e-01,2.885083556175231934e-01,-1.256590187549591064e-01,2.270689457654953003e-01,-4.027565121650695801e-01,-2.321803867816925049e-01,4.345404505729675293e-01,5.119628738611936569e-03,-3.370364606380462646e-01,-2.827102839946746826e-01,-1.246963441371917725e-01,-2.723634056746959686e-02,3.245689570903778076e-01,-2.526613473892211914e-01,-3.024815917015075684e-01,9.016276895999908447e-02,2.871480584144592285e-01,-3.777467608451843262e-01,1.497550308704376221e-01,7.709449529647827148e-02,-3.737513720989227295e-01,1.652052700519561768e-01,1.436169296503067017e-01,3.442364037036895752e-01,3.484299480915069580e-01,-1.615784913301467896e-01,-1.769607812166213989e-01,-3.037336170673370361e-01,2.629066444933414459e-02,2.187669724225997925e-01
7.324951142072677612e-02,5.192831158638000488e-02,-4.510596692562103271e-01,3.240231275558471680e-01,1.990993469953536987e-01,-7.904152572154998779e-02,1.129638403654098511e-01,8.584438264369964600e-02,2.156549990177154541e-01,2.500205636024475098e-01,-3.647096082568168640e-02,-1.846201270818710327e-01,3.137292861938476562e-01,3.417697250843048096e-01,3.917587101459503174e-01,4.008869230747222900e-01,-2.918589161708950996e-03,2.549490630626678467e-01,-3.598581552505493164e-01,-3.185107111930847168e-01,-2.917740046977996826e-01,3.343329131603240967e-01,3.284918963909149170e-01,-1.215288117527961731e-01,5.574579164385795593e-02,4.226215779781341553e-01,-3.919470310211181641e-01,-1.390517503023147583e-01,3.870239853858947754e-01,-1.627874523401260376e-01,8.836862444877624512e-02,-4.686919152736663818e-01,3.596471548080444336e-01,3.106174468994140625e-01,-1.595171913504600525e-02,-4.247697293758392334e-01,1.636245548725128174e-01,3.419785499572753906e-01,-2.551804184913635254e-01,-3.274443149566650391e-01,3.994226455688476562e-01,7.075494527816772461e-02,3.610212206840515137e-01,8.683235198259353638e-02,-8.342487365007400513e-02,-3.403550088405609131e-01,-4.541780650615692139e-01,-1.216105446219444275e-01,9.956762194633483887e-03,-5.377293005585670471e-02,6.549473851919174194e-02,-8.789452910423278809e-02,1.435830891132354736e-01,1.616510748863220215e-02,-2.139044553041458130e-02,-4.781678617000579834e-01,1.342300027608871460e-01,3.210521489381790161e-02,-2.400642484426498413e-01,-2.653283774852752686e-01,-9.546209871768951416e-02,1.087731271982192993e-01,1.530606020241975784e-02,2.488030791282653809e-01,-6.952361669391393661e-03,-1.045970544219017029e-01,1.159040108323097229e-01,3.850019574165344238e-01,-4.316276907920837402e-01,7.234046608209609985e-02,-3.619648218154907227e-01,-9.245341271162033081e-02,-1.352440565824508667e-01,4.355892837047576904e-01,-1.668249070644378662e-01,-4.032755494117736816e-01,-6.574807222932577133e-03,5.142812132835388184e-01,-1.240049526095390320e-01,-4.208696782588958740e-01,4.974279403686523438e-01,2.657865174114704132e-03,-3.524971604347229004e-01,1.529599889181554317e-03,-3.845604062080383301e-01,-3.664644360542297363e-01,2.873473465442657471e-01,1.290209032595157623e-02,2.962244749069213867e-01,2.745419442653656006e-01,-1.096716746687889099e-01,-1.315665692090988159e-01,-3.569221794605255127e-01,1.556959897279739380e-01,-4.319372773170471191e-01,-4.673976451158523560e-02,2.919006645679473877e-01,-1.811462861951440573e-04,-2.940524518489837646e-01,2.968989312648773193e-01,-1.923003941774368286e-01,2.397024482488632202e-01,-4.849003851413726807e-01,-2.939995527267456055e-01,5.321298837661743164e-01,6.442393362522125244e-02,-3.865554034709930420e-01,-3.772429227828979492e-01,-1.096673160791397095e-01,-2.859594300389289856e-02,3.460669219493865967e-01,-3.393696546554565430e-01,-3.891651928424835205e-01,1.286221295595169067e-01,4.399839639663696289e-01,-4.411025643348693848e-01,2.138521224260330200e-01,1.362674087285995483e-01,-4.790775775909423828e-01,1.909841448068618774e-01,2.353744953870773315e-01,3.964053988456726074e-01,4.324598014354705811e-01,-2.105900496244430542e-01,-2.754915654659271240e-01,-3.440769314765930176e-01,2.414781227707862854e-02,2.927822172641754150e-01
-1.704825311899185181e-01,1.245195604860782623e-02,-7.345974445343017578e-03,-3.384087607264518738e-02,4.019167646765708923e-02,7.007579505443572998e-02,-1.154870018362998962e-01,-2.952171117067337036e-02,-5.631707981228828430e-02,-3.647096082568168640e-02,1.780831366777420044e-01,-3.088607825338840485e-02,1.205345019698143005e-01,1.737596467137336731e-02,5.891285464167594910e-02,1.147600710391998291e-01,-1.347268349491059780e-03,8.880986715666949749e-04,5.309981107711791992e-02,-4.375507682561874390e-02,1.856348514556884766e-01,1.186680123209953308e-01,1.116274483501911163e-02,-8.441919833421707153e-02,-2.708967775106430054e-03,1.062586605548858643e-01,-1.732402592897415161e-01,-1.190318092703819275e-01,8.350715786218643188e-02,-9.224751032888889313e-03,5.111487954854965210e-02,-6.011713296175003052e-02,-1.219893470406532288e-01,5.521873757243156433e-02,-1.314884424209594727e-02,-1.421640366315841675e-01,2.912802994251251221e-02,1.342160906642675400e-02,-6.529966741800308228e-02,1.003429964184761047e-01,-4.606480896472930908e-02,-4.578487575054168701e-02,1.446200609207153320e-01,8.602191694080829620e-03,2.064875662326812744e-01,-1.483744978904724121e-01,1.707583107054233551e-02,2.789531275629997253e-02,-7.682722061872482300e-02,-2.748754993081092834e-02,7.526681572198867798e-02,-4.839990660548210144e-02,-1.163213774561882019e-01,-1.477733906358480453e-02,-8.614367991685867310e-02,-8.658462017774581909e-02,1.315344031900167465e-02,5.977583117783069611e-03,5.669808015227317810e-02,9.821116924285888672e-03,6.623350083827972412e-02,-5.286099389195442200e-02,-6.928688962943851948e-04,-2.027015984058380127e-01,8.393555879592895508e-03,-9.132953360676765442e-03,1.675259917974472046e-01,7.369520515203475952e-02,-4.379582032561302185e-02,7.815043628215789795e-02,3.027713485062122345e-02,-2.071477174758911133e-01,1.803730428218841553e-02,3.322357079014182091e-03,8.474846184253692627e-02,1.081662345677614212e-02,-2.965221880003809929e-03,4.912231490015983582e-02,2.002794146537780762e-01,-6.250132620334625244e-02,-5.238896980881690979e-02,5.127446493133902550e-04,-1.053804904222488403e-02,9.297024807892739773e-04,2.588906511664390564e-02,-9.104802459478378296e-02,-7.395897805690765381e-02,5.263951141387224197e-03,1.172576323151588440e-01,2.228020876646041870e-02,6.123933941125869751e-02,3.116808086633682251e-02,-3.595706447958946228e-02,1.050941795110702515e-01,4.713969305157661438e-02,6.377873569726943970e-02,8.520057424902915955e-03,1.138037714554229751e-05,-1.496702879667282104e-01,-9.781510382890701294e-02,-1.752542890608310699e-02,-2.513345330953598022e-02,-4.312855750322341919e-02,-2.912878990173339844e-02,-1.842873729765415192e-02,-2.373702079057693481e-01,9.586342424154281616e-02,-1.497509777545928955e-01,1.279173642396926880e-01,-3.983682487159967422e-03,6.208939477801322937e-02,4.832432419061660767e-02,-7.380101829767227173e-02,-4.477406665682792664e-02,5.699618533253669739e-02,5.847709998488426208e-02,1.037103235721588135e-01,-2.181253861635923386e-03,5.922370031476020813e-02,-5.178905557841062546e-03,5.593036487698554993e-02,-3.563204407691955566e-02,-1.364806946367025375e-02,-1.049379408359527588e-01,-1.371389478445053101e-01,3.467448428273200989e-02,7.690312340855598450e-03,-5.124750733375549316e-02
-3.704020753502845764e-02,-4.618164896965026855e-02,3.694215416908264160e-01,-2.634331285953521729e-01,-1.946652531623840332e-01,2.716615796089172363e-02,-4.951396584510803223e-02,-1.060764342546463013e-01,-1.433665305376052856e-01,-1.846201270818710327e-01,-3.088607825338840485e-02,1.708824634552001953e-01,-2.734451591968536377e-01,-3.087061941623687744e-01,-3.636693060398101807e-01,-3.731197416782379150e-01,2.464974997565150261e-03,-2.052074372768402100e-01,2.532578706741333008e-01,2.722926735877990723e-01,1.617445647716522217e-01,-3.250824809074401855e-01,-2.683283388614654541e-01,1.224513277411460876e-01,-4.308126121759414673e-02,-3.595288097858428955e-01,3.686892986297607422e-01,1.693688333034515381e-01,-3.414410948753356934e-01,1.391405463218688965e-01,-7.657653838396072388e-02,3.926955163478851318e-01,-2.327099144458770752e-01,-2.778290212154388428e-01,2.100768126547336578e-02,3.994107246398925781e-01,-1.385805904865264893e-01,-2.798207998275756836e-01,2.485018223524093628e-01,2.783789932727813721e-01,-3.073890805244445801e-01,-4.983369261026382446e-02,-3.372968435287475586e-01,-7.592253386974334717e-02,-3.238041326403617859e-02,3.102895319461822510e-01,3.734100461006164551e-01,1.073606610298156738e-01,2.932326868176460266e-02,4.984874650835990906e-02,-7.109030336141586304e-02,1.183426007628440857e-01,-9.421315789222717285e-02,1.184542849659919739e-02,5.326064303517341614e-02,4.298966228961944580e-01,-1.283162236213684082e-01,-2.907376922667026520e-02,1.560062319040298462e-01,2.181409299373626709e-01,5.680922046303749084e-02,-5.985654518008232117e-02,-1.301492378115653992e-02,-1.113553345203399658e-01,-1.334773609414696693e-03,8.364454656839370728e-02,-1.425295025110244751e-01,-3.481135070323944092e-01,3.630075156688690186e-01,-1.023775041103363037e-01,2.930609881877899170e-01,1.501972377300262451e-01,9.755837172269821167e-02,-3.654627203941345215e-01,1.054903045296669006e-01,3.336244225502014160e-01,5.908568389713764191e-03,-4.310003817081451416e-01,5.361756309866905212e-02,3.624494075775146484e-01,-3.880516886711120605e-01,-2.407390391454100609e-03,3.003538548946380615e-01,-1.025255885906517506e-03,3.210405409336090088e-01,3.258646726608276367e-01,-2.032408714294433594e-01,-1.218232512474060059e-02,-2.608329057693481445e-01,-2.324502021074295044e-01,8.045993000268936157e-02,8.937219530344009399e-02,2.854761183261871338e-01,-1.598326563835144043e-01,3.268557190895080566e-01,3.931377083063125610e-02,-2.628062665462493896e-01,1.465539971832185984e-04,3.051332831382751465e-01,-2.097029536962509155e-01,1.725312024354934692e-01,-1.865321993827819824e-01,4.088288843631744385e-01,2.480006814002990723e-01,-4.011332988739013672e-01,-7.854023948311805725e-03,2.660795152187347412e-01,3.503419458866119385e-01,5.308385193347930908e-02,2.183017693459987640e-02,-3.102098107337951660e-01,2.489798367023468018e-01,3.453062176704406738e-01,-8.314165472984313965e-02,-3.881953656673431396e-01,3.266175091266632080e-01,-2.375743687152862549e-01,-1.047776862978935242e-01,3.874354660511016846e-01,-1.522115021944046021e-01,-2.018186599016189575e-01,-3.148056566715240479e-01,-3.481743037700653076e-01,1.913617849349975586e-01,2.763234078884124756e-01,2.634980678558349609e-01,-1.723274774849414825e-02,-2.142661660909652710e-01
