9.150515198707580566e-01,-6.553454697132110596e-02,-3.274632096290588379e-01,-8.530229330062866211e-02,9.690792113542556763e-02,3.786023855209350586e-01,-4.122937917709350586e-01,4.442140460014343262e-01,4.477119445800781250e-01,-3.229672014713287354e-01,2.693298757076263428e-01,2.643218636512756348e-01,5.727183818817138672e-02,7.527999281883239746e-01,2.288658916950225830e-01,-5.673225596547126770e-02,-3.708713054656982422e-01,2.264087945222854614e-01,6.875504851341247559e-01,4.708286225795745850e-01,-4.748231470584869385e-01,-5.075811147689819336e-01,2.080156505107879639e-01,1.921545118093490601e-01,-4.089547991752624512e-01,-8.426409959793090820e-01,2.451685220003128052e-01,-3.685544431209564209e-01,-5.751091837882995605e-01,-6.037598252296447754e-01,-2.677702009677886963e-01,-3.426264524459838867e-01,1.293652802705764771e-01,-4.277212321758270264e-01,2.547766640782356262e-02,-4.064601063728332520e-01,3.240518569946289062e-01,-1.289745867252349854e-01,-3.948666155338287354e-01,1.284923553466796875e-01,-2.967362701892852783e-01,-9.312354959547519684e-03,-1.764747351408004761e-01,-9.668704122304916382e-02,1.879623383283615112e-01,4.337987676262855530e-02,3.979201316833496094e-01,-3.415836393833160400e-01,-4.009291827678680420e-01,2.603294253349304199e-01,3.167593479156494141e-01,-2.694380469620227814e-02,2.756194174289703369e-01,-3.950254321098327637e-01,1.859968006610870361e-01,-7.009692490100860596e-03,-4.227106273174285889e-01,-9.433137625455856323e-02,-3.992725014686584473e-01,8.595115691423416138e-02,-1.961343586444854736e-01,4.747548699378967285e-01,-2.204878255724906921e-02,-5.532334446907043457e-01,9.013306349515914917e-02,3.981136977672576904e-01,9.334904141724109650e-03,1.934561729431152344e-01,2.245607525110244751e-01,1.989476568996906281e-02,2.084151655435562134e-01,-7.484700083732604980e-01,2.111649215221405029e-01,1.869127452373504639e-01,-1.384228765964508057e-01,9.432526677846908569e-02,1.103048995137214661e-01,-2.978105843067169189e-01,-1.236816346645355225e-01,-6.228059530258178711e-01,-6.863722801208496094e-01,-4.345700144767761230e-02,1.373429000377655029e-01,-2.790309786796569824e-01,-1.841880977153778076e-01,3.870239555835723877e-01,-4.369106888771057129e-01,-3.823564648628234863e-01,-2.530139386653900146e-01,2.073732465505599976e-01,2.057663202285766602e-01,1.261036396026611328e-01,3.599825128912925720e-02,6.259940564632415771e-02,6.007794737815856934e-01,-7.815759181976318359e-01,1.936099082231521606e-01,1.208650227636098862e-02,-5.237075686454772949e-01,5.911341309547424316e-01,4.777813553810119629e-01,-1.034660730510950089e-02,-3.866540640592575073e-02,-1.336940526962280273e-01,-4.340865015983581543e-01,2.354291081428527832e-01,2.694399356842041016e-01,4.768834114074707031e-01,3.907136619091033936e-01,4.129216372966766357e-01,3.489097952842712402e-01,2.451903186738491058e-03,7.778387516736984253e-02,-4.591950774192810059e-01,-3.914835155010223389e-01,-3.503834009170532227e-01,3.174981176853179932e-01,-4.066342413425445557e-01,-2.183909863233566284e-01,-4.354298710823059082e-01,-2.455928549170494080e-02,4.188170731067657471e-01,1.978532075881958008e-01,-5.388112738728523254e-02,4.721083343029022217e-01,2.621293812990188599e-02,3.362944722175598145e-01,2.967913746833801270e-01
-6.553454697132110596e-02,7.441649585962295532e-02,-6.432832777500152588e-02,-4.861873388290405273e-02,1.063731312751770020e-01,-1.327542215585708618e-01,-1.813503168523311615e-02,1.172630414366722107e-01,-1.521133780479431152e-01,1.338170468807220459e-02,-2.063387036323547363e-01,-1.540545374155044556e-01,2.051824629306793213e-01,-1.891065090894699097e-01,1.808699816465377808e-01,1.234535574913024902e-01,1.511414051055908203e-01,-2.061136662960052490e-01,-1.385283470153808594e-01,-9.291742742061614990e-02,-4.415770526975393295e-03,1.426370888948440552e-01,-6.798863410949707031e-03,-2.323713749647140503e-01,1.485481709241867065e-01,6.409114599227905273e-02,-8.573128283023834229e-02,1.221267953515052795e-01,-1.758553646504878998e-02,3.404416888952255249e-02,-7.750436663627624512e-02,1.765746325254440308e-01,1.218939051032066345e-01,1.280314922332763672e-01,-1.960345916450023651e-02,-1.683152467012405396e-02,-1.726896762847900391e-01,9.061317145824432373e-02,2.023103386163711548e-01,-1.880688220262527466e-01,7.778769731521606445e-02,1.391754597425460815e-01,-5.844395607709884644e-03,5.341705679893493652e-02,1.601631194353103638e-01,-2.000632733106613159e-01,-2.458907514810562134e-01,1.536324769258499146e-01,1.959722191095352173e-01,-1.129204779863357544e-01,3.324417164549231529e-03,2.093823105096817017e-01,-1.219912767410278320e-01,1.193938851356506348e-01,-3.239953890442848206e-02,-7.388112135231494904e-03,2.190533131361007690e-01,8.939921110868453979e-02,2.471677213907241821e-01,1.182460691779851913e-02,1.640025675296783447e-01,-1.207781359553337097e-01,4.166492074728012085e-02,1.385371834039688110e-01,2.969141490757465363e-02,-1.289440989494323730e-01,1.024519652128219604e-01,-6.457402557134628296e-02,-1.432047337293624878e-01,1.033319905400276184e-01,-2.401361167430877686e-01,-2.650055848062038422e-02,-1.531336605548858643e-01,-1.701920479536056519e-01,-1.530657708644866943e-02,-1.046870723366737366e-01,-5.579598248004913330e-02,7.442019134759902954e-02,-1.850244104862213135e-01,1.883441656827926636e-01,4.140554368495941162e-02,2.590299956500530243e-02,-1.778749190270900726e-02,1.557359695434570312e-01,1.995414346456527710e-01,-4.414077475666999817e-02,1.412894725799560547e-01,1.521113365888595581e-01,2.554927766323089600e-01,-1.158546134829521179e-01,-3.764293715357780457e-02,-2.109330743551254272e-01,-3.997475653886795044e-02,6.570237223058938980e-03,-1.341572850942611694e-01,1.046990081667900085e-01,1.161408871412277222e-01,-8.112194016575813293e-03,1.420057117938995361e-01,-1.577114909887313843e-01,-8.707182854413986206e-02,7.991787791252136230e-02,-3.192229941487312317e-02,6.214418914169073105e-03,2.340658158063888550e-01,5.483224615454673767e-02,-1.394857168197631836e-01,-8.983654528856277466e-02,-2.471681237220764160e-01,-1.689559072256088257e-01,3.608036041259765625e-02,1.682737469673156738e-01,-1.395301148295402527e-02,4.033742472529411316e-02,2.235135436058044434e-01,-1.090752482414245605e-01,-2.322231829166412354e-01,2.066964805126190186e-01,-1.900446563959121704e-01,1.362356990575790405e-01,-2.415342777967453003e-01,-9.399009495973587036e-02,-1.422568261623382568e-01,-1.253159493207931519e-01,7.786205410957336426e-02,-1.344434469938278198e-01,-1.500646173954010010e-01,2.194762229919433594e-02
-3.274632096290588379e-01,-6.432832777500152588e-02,6.601885557174682617e-01,-2.316523045301437378e-01,-2.651393711566925049e-01,-2.717524170875549316e-01,-5.100844800472259521e-02,-1.001694947481155396e-01,-4.382101073861122131e-02,2.675068192183971405e-02,2.021972239017486572e-01,-9.173449873924255371e-02,-4.100076556205749512e-01,-1.752891838550567627e-01,-2.311958074569702148e-01,-3.139596581459045410e-01,1.201447769999504089e-01,-2.031186670064926147e-01,-5.764969810843467712e-02,2.128279060125350952e-01,4.263449013233184814e-01,-2.604459822177886963e-01,-5.158447027206420898e-01,-9.492125827819108963e-04,-2.103108540177345276e-02,1.534357517957687378e-01,4.092953205108642578e-01,4.278047382831573486e-01,-5.500267446041107178e-02,5.304343104362487793e-01,5.459347367286682129e-01,-6.638601422309875488e-03,1.015891656279563904e-01,1.383873671293258667e-01,-1.043704971671104431e-01,8.471045643091201782e-02,3.431915119290351868e-02,-3.350087441504001617e-03,-1.620688289403915405e-01,3.992298543453216553e-01,2.395637631416320801e-01,-1.090945303440093994e-01,-4.328860640525817871e-01,-7.657360285520553589e-02,8.185186982154846191e-02,-1.527592092752456665e-01,2.251955121755599976e-01,1.224277690052986145e-01,7.620280981063842773e-02,-3.228198885917663574e-01,-6.157887578010559082e-01,-1.578058451414108276e-01,-1.583293378353118896e-01,-1.127656623721122742e-01,2.399382144212722778e-01,4.665752649307250977e-01,-6.933083385229110718e-02,1.612248085439205170e-02,5.429957434535026550e-02,-1.164750307798385620e-01,2.585952579975128174e-01,-1.292558759450912476e-01,-3.522679209709167480e-02,3.796632289886474609e-01,3.559071421623229980e-01,-7.479691505432128906e-02,-4.230896830558776855e-01,-4.662321209907531738e-01,-1.419421136379241943e-01,-1.468705236911773682e-01,2.171423733234405518e-01,5.080038905143737793e-01,-2.481257319450378418e-01,3.928040862083435059e-01,-6.751883192919194698e-04,4.741443097591400146e-01,8.333601057529449463e-03,2.944761812686920166e-01,2.636198699474334717e-01,2.564375698566436768e-01,7.599876821041107178e-02,1.873422227799892426e-02,4.139668047428131104e-01,-5.635044351220130920e-02,1.601377278566360474e-01,-3.615933954715728760e-01,-7.223099470138549805e-02,-1.301597952842712402e-01,5.055060144513845444e-03,2.265030890703201294e-01,1.884315013885498047e-01,2.214504182338714600e-01,1.072418596595525742e-02,-4.461594521999359131e-01,-3.578340709209442139e-01,1.853478699922561646e-01,-3.893578350543975830e-01,-1.485546818003058434e-04,-1.263345479965209961e-01,-3.873676061630249023e-01,-1.181866154074668884e-01,3.688409030437469482e-01,-1.018113270401954651e-01,1.962712109088897705e-01,-1.323074102401733398e-01,-2.537320600822567940e-03,1.942633390426635742e-01,-3.382708877325057983e-02,-1.639373004436492920e-01,5.449327453970909119e-02,-1.114303916692733765e-01,-6.238120794296264648e-02,-2.941485345363616943e-01,2.830246686935424805e-01,-3.097348213195800781e-01,4.257214069366455078e-01,-2.146250158548355103e-01,6.835459172725677490e-02,-6.734000891447067261e-02,8.776929229497909546e-02,2.132031917572021484e-01,3.002867698669433594e-01,-2.054076641798019409e-01,2.755742669105529785e-01,5.874830484390258789e-02,-7.067541033029556274e-02,5.702094361186027527e-02,-5.461962819099426270e-01
-8.530229330062866211e-02,-4.861873388290405273e-02,-2.316523045301437378e-01,7.757922410964965820e-01,-2.476358972489833832e-02,3.911746144294738770e-01,5.151132345199584961e-01,-4.941934347152709961e-01,5.487921088933944702e-02,2.642357647418975830e-01,-3.282596170902252197e-01,2.451541870832443237e-01,3.723387718200683594e-01,-9.072706848382949829e-02,-2.293631434440612793e-01,2.229503095149993896e-01,-1.735667139291763306e-01,4.977488219738006592e-01,-2.790074944496154785e-01,-5.084971189498901367e-01,-5.682640075683593750e-01,4.282229542732238770e-01,6.748037934303283691e-01,1.293644756078720093e-01,2.613253295421600342e-01,2.748089432716369629e-01,-6.287022233009338379e-01,-5.465057492256164551e-01,3.724896907806396484e-01,-3.314754366874694824e-01,-4.114962220191955566e-01,-2.372738271951675415e-01,-2.075632810592651367e-01,-2.656181156635284424e-01,2.320040017366409302e-01,1.232608631253242493e-01,8.622865378856658936e-02,-1.179845929145812988e-01,3.575552999973297119e-01,-4.915299713611602783e-01,-5.813133716583251953e-01,4.589996766299009323e-03,8.081585764884948730e-01,6.257079541683197021e-02,-6.016120910644531250e-01,4.837239086627960205e-01,-1.625463962554931641e-01,-2.376716881990432739e-01,-1.451756805181503296e-01,6.031114459037780762e-01,5.290478467941284180e-01,-6.108511984348297119e-02,4.211742877960205078e-01,4.658777415752410889e-01,-1.134335696697235107e-01,-6.742011904716491699e-01,5.091424286365509033e-02,-1.597732305526733398e-01,-1.041444838047027588e-01,4.302940890192985535e-02,-4.920999407768249512e-01,2.468244731426239014e-01,1.918729022145271301e-02,-2.195132225751876831e-01,-8.009418845176696777e-01,2.018006332218647003e-02,5.533511042594909668e-01,5.733105540275573730e-01,5.960477590560913086e-01,-1.365688294172286987e-01,-1.792618185281753540e-01,1.352785825729370117e-01,4.070924818515777588e-01,-5.576371550559997559e-01,1.254378855228424072e-01,-6.976576447486877441e-01,2.205662056803703308e-02,-5.280112624168395996e-01,-1.962351202964782715e-01,-2.877943217754364014e-01,5.265319943428039551e-01,-4.714094474911689758e-02,-5.237491130828857422e-01,7.278431951999664307e-02,-4.778366982936859131e-01,5.038855671882629395e-01,-9.464824572205543518e-03,2.149470299482345581e-01,-2.762881219387054443e-01,-2.230664938688278198e-01,-1.986222118139266968e-01,-2.043244093656539917e-01,-2.946164906024932861e-01,7.864654064178466797e-01,2.276155054569244385e-01,2.579746395349502563e-02,2.293097674846649170e-01,6.629244890064001083e-03,5.659459233283996582e-01,4.255459308624267578e-01,3.554996475577354431e-02,-7.707063555717468262e-01,2.001175889745354652e-03,-2.592774927616119385e-01,2.996298968791961670e-01,-1.663768887519836426e-01,-6.104564666748046875e-01,-2.259303033351898193e-01,3.587960600852966309e-01,-1.246657073497772217e-01,1.968286484479904175e-01,-4.619497954845428467e-01,3.396144807338714600e-01,1.306756138801574707e-01,3.538276553153991699e-01,2.589265257120132446e-02,3.178523778915405273e-01,-2.206855118274688721e-01,5.523061752319335938e-01,1.009317710995674133e-01,-2.607484348118305206e-03,-7.411715388298034668e-01,5.292377471923828125e-01,-3.152870237827301025e-01,-6.120430231094360352e-01,4.342873692512512207e-01,-3.306946530938148499e-02,6.499724388122558594e-01
9.690792113542556763e-02,1.063731312751770020e-01,-2.651393711566925049e-01,-2.476358972489833832e-02,7.451341152191162109e-01,-3.315168619155883789e-02,1.966492682695388794e-01,-7.669968158006668091e-02,-7.084476202726364136e-02,2.526092156767845154e-02,-1.412387788295745850e-01,-2.847160398960113525e-02,6.466107070446014404e-02,-7.347204536199569702e-02,3.227731585502624512e-01,2.248569428920745850e-01,9.567149728536605835e-02,-1.053584832698106766e-02,3.413486108183860779e-02,-2.704892754554748535e-01,6.585867702960968018e-02,6.326688826084136963e-02,-1.242619529366493225e-01,7.180185616016387939e-02,-1.137792915105819702e-01,5.341326072812080383e-02,-2.602604925632476807e-01,-7.035608589649200439e-02,1.207852140069007874e-01,-3.523446619510650635e-01,-4.313897490501403809e-01,2.299882471561431885e-01,-1.826921850442886353e-01,6.929181516170501709e-03,3.206285834312438965e-02,3.267686963081359863e-01,-2.798015475273132324e-01,5.373851954936981201e-02,1.317253056913614273e-02,-1.893546134233474731e-01,3.060474991798400879e-01,2.827097773551940918e-01,4.986714571714401245e-02,8.413067460060119629e-02,1.151542142033576965e-01,-3.559996560215950012e-02,-3.749125599861145020e-01,-1.110492348670959473e-01,2.437535524368286133e-01,1.333214640617370605e-01,9.162443876266479492e-02,2.263247966766357422e-02,-1.435047388076782227e-01,2.765823900699615479e-01,-2.882897555828094482e-01,-1.589979380369186401e-01,8.999916911125183105e-02,3.571696206927299500e-02,-7.981455326080322266e-02,8.496878296136856079e-02,8.408673852682113647e-02,-1.594112217426300049e-01,3.592000529170036316e-02,1.243491843342781067e-01,1.160518899559974670e-01,-1.723235286772251129e-02,3.808081746101379395e-01,3.135116994380950928e-01,-4.466675966978073120e-02,6.958831548690795898e-01,-1.743752807378768921e-01,-1.847523748874664307e-01,1.806701272726058960e-01,-1.800451427698135376e-01,-2.805532654747366905e-03,-3.140480220317840576e-01,-6.723850220441818237e-02,2.644762396812438965e-01,-1.243924628943204880e-02,2.250336110591888428e-01,-1.593369692564010620e-01,7.670915219932794571e-04,-4.683703184127807617e-01,3.609500452876091003e-02,5.462625250220298767e-02,-3.998658955097198486e-01,4.035906791687011719e-01,8.927118778228759766e-02,2.485247552394866943e-01,-3.871752023696899414e-01,-5.281052589416503906e-01,-1.667766720056533813e-01,4.118518233299255371e-01,2.672338299453258514e-02,-7.849495112895965576e-02,2.288201749324798584e-01,5.267714262008666992e-01,-4.644085187464952469e-03,8.075000345706939697e-02,1.856677606701850891e-02,2.281923964619636536e-02,7.336989790201187134e-02,3.039157986640930176e-01,-8.335772901773452759e-03,8.829743415117263794e-02,2.119209431111812592e-02,-1.259120181202888489e-02,7.567764073610305786e-02,-3.639791011810302734e-01,-9.027506411075592041e-02,-4.184005558490753174e-01,3.123177587985992432e-01,4.307575523853302002e-01,-4.669985175132751465e-01,4.151811003684997559e-01,-3.058290779590606689e-01,4.178018122911453247e-02,-1.992001384496688843e-02,-1.303139925003051758e-01,-4.328444972634315491e-02,-4.501446709036827087e-02,-8.097387105226516724e-02,-4.764581099152565002e-02,-2.850673794746398926e-01,2.613395750522613525e-01,-1.053250581026077271e-01,-2.855143845081329346e-01,-2.075761556625366211e-02
3.786023855209350586e-01,-1.327542215585708618e-01,-2.717524170875549316e-01,3.911746144294738770e-01,-3.315168619155883789e-02,8.499729633331298828e-01,1.742948442697525024e-01,-1.568418592214584351e-01,1.791113168001174927e-01,-4.882778972387313843e-02,1.593689918518066406e-01,3.740907311439514160e-01,-8.656131476163864136e-02,3.713837265968322754e-01,-2.006115168333053589e-01,-1.484616249799728394e-01,-3.516142368316650391e-01,4.537554085254669189e-01,2.217814624309539795e-01,-2.508329227566719055e-02,-3.092295527458190918e-01,-7.604501396417617798e-02,3.861563205718994141e-01,3.713277876377105713e-01,-2.412472814321517944e-01,-3.316957354545593262e-01,-1.073833778500556946e-01,-4.538981020450592041e-01,2.225239723920822144e-01,-6.014737486839294434e-01,-1.674411445856094360e-01,-3.770489692687988281e-01,-2.131537050008773804e-01,-2.986840307712554932e-01,8.550545573234558105e-02,7.939796894788742065e-02,3.209814429283142090e-01,-1.662955880165100098e-01,-2.194435894489288330e-01,-2.142911776900291443e-02,-4.929622411727905273e-01,-1.453833878040313721e-01,2.930752038955688477e-01,-5.400775000452995300e-02,-3.121918439865112305e-01,4.545896947383880615e-01,3.305545449256896973e-01,-4.876819849014282227e-01,-4.548909068107604980e-01,4.229632616043090820e-01,5.415495038032531738e-01,-3.250940442085266113e-01,4.229355454444885254e-01,-2.084652334451675415e-01,-2.279828675091266632e-02,-3.234797120094299316e-01,-3.970553576946258545e-01,-2.053049206733703613e-01,-4.448634386062622070e-01,6.264107674360275269e-02,-4.684354662895202637e-01,3.995346128940582275e-01,-4.098555073142051697e-02,-4.268770813941955566e-01,-2.877182364463806152e-01,3.516287505626678467e-01,1.189284324645996094e-01,4.075195789337158203e-01,5.482581853866577148e-01,-8.690406382083892822e-02,2.112770229578018188e-01,-3.555914461612701416e-01,4.757440388202667236e-01,-4.023010283708572388e-02,7.105313986539840698e-02,-1.932632774114608765e-01,1.190511211752891541e-01,-2.777692973613739014e-01,1.098197549581527710e-01,-5.425727963447570801e-01,-4.279726743698120117e-02,-6.359168142080307007e-02,-2.002296447753906250e-01,-3.007608652114868164e-01,-5.303535461425781250e-01,4.665253460407257080e-01,-2.605879008769989014e-01,-2.351469546556472778e-01,-4.932073354721069336e-01,6.460320204496383667e-02,-7.178016006946563721e-02,1.496351659297943115e-01,1.098936647176742554e-01,3.037427663803100586e-01,4.956139028072357178e-01,-4.670811891555786133e-01,9.461930394172668457e-02,1.520681101828813553e-02,-1.616656035184860229e-01,5.646095871925354004e-01,2.360654175281524658e-01,-3.601334989070892334e-01,1.621084958314895630e-01,-1.673086732625961304e-01,-2.281462997198104858e-01,3.003885447978973389e-01,-4.892092570662498474e-02,7.233604043722152710e-02,5.155664086341857910e-01,3.209865689277648926e-01,9.485938400030136108e-02,-5.242094993591308594e-01,2.564365565776824951e-01,-1.343443989753723145e-01,-1.476988643407821655e-01,2.568531036376953125e-02,4.793800413608551025e-01,-3.762104809284210205e-01,2.927236557006835938e-01,-3.028793334960937500e-01,2.960870265960693359e-01,-8.793634176254272461e-02,4.197721183300018311e-01,1.189332157373428345e-01,-1.368615627288818359e-01,2.717912197113037109e-01,2.862585783004760742e-01,3.789725899696350098e-01
-4.122937917709350586e-01,-1.813503168523311615e-02,-5.100844800472259521e-02,5.151132345199584961e-01,1.966492682695388794e-01,1.742948442697525024e-01,7.780170440673828125e-01,-5.986444950103759766e-01,-1.345955133438110352e-01,3.177434206008911133e-01,-2.456295937299728394e-01,1.160932108759880066e-01,3.456623107194900513e-02,-3.766385614871978760e-01,-2.182309180498123169e-01,1.407584100961685181e-01,1.198118552565574646e-02,2.699304223060607910e-01,-4.207032620906829834e-01,-5.747323632240295410e-01,-7.827232591807842255e-03,4.564276039600372314e-01,1.843983083963394165e-01,1.440702229738235474e-01,1.843837201595306396e-01,5.709207653999328613e-01,-5.051819086074829102e-01,-2.144961804151535034e-01,6.174274682998657227e-01,-1.112781614065170288e-01,-2.248949706554412842e-01,4.815350472927093506e-02,-3.541553020477294922e-01,-5.114814266562461853e-02,1.410778909921646118e-01,4.525513947010040283e-01,-1.148628145456314087e-01,-3.675525262951850891e-02,2.317337095737457275e-01,-3.547300696372985840e-01,-8.364617824554443359e-02,6.169759482145309448e-02,5.465097427368164062e-01,8.619683980941772461e-02,-4.827853143215179443e-01,3.660878241062164307e-01,-3.240058720111846924e-01,-1.535060554742813110e-01,1.272582858800888062e-01,3.336915969848632812e-01,2.029215693473815918e-01,-1.696078926324844360e-01,1.585519909858703613e-01,4.411254227161407471e-01,-2.578984498977661133e-01,-4.335996210575103760e-01,1.236803606152534485e-01,-1.017158553004264832e-01,-4.081049188971519470e-02,1.388051453977823257e-02,-3.126052618026733398e-01,-5.422817170619964600e-02,1.082967128604650497e-02,1.547207385301589966e-01,-4.533104896545410156e-01,-6.107218191027641296e-02,3.773172795772552490e-01,3.500983417034149170e-01,3.507671654224395752e-01,9.967517852783203125e-02,-1.428224295377731323e-01,3.880899250507354736e-01,3.363709151744842529e-01,-3.503980338573455811e-01,1.328446120023727417e-01,-5.396009683609008789e-01,-2.528707496821880341e-02,-6.904413551092147827e-02,3.981677442789077759e-02,1.426006555557250977e-01,5.792773365974426270e-01,-2.588258683681488037e-02,-5.690051317214965820e-01,6.523426622152328491e-02,-3.297996520996093750e-01,-5.171475932002067566e-02,2.795496881008148193e-01,2.088557481765747070e-01,-7.057753950357437134e-02,-3.132999241352081299e-01,-4.642275869846343994e-01,-9.405838698148727417e-02,1.202927753329277039e-01,3.684972524642944336e-01,-1.491899937391281128e-01,4.241718351840972900e-01,2.087897062301635742e-01,1.345829456113278866e-03,5.160924196243286133e-01,1.114697009325027466e-01,-1.497129350900650024e-01,-3.935711979866027832e-01,2.121201902627944946e-01,-9.849984943866729736e-02,3.087565004825592041e-01,-1.632834821939468384e-01,-4.182102680206298828e-01,-2.790126204490661621e-01,-2.945222146809101105e-02,-1.579192131757736206e-01,-3.362227976322174072e-01,-2.849594056606292725e-01,4.681054353713989258e-01,9.351105242967605591e-02,4.148452877998352051e-01,1.394476145505905151e-01,1.836974620819091797e-01,-6.010837107896804810e-02,4.886367619037628174e-01,1.359335780143737793e-01,1.722964942455291748e-01,-6.084946990013122559e-01,2.505445182323455811e-01,-7.987165451049804688e-02,-5.018999576568603516e-01,2.441655993461608887e-01,-1.874908357858657837e-01,1.739371716976165771e-01
4.442140460014343262e-01,1.172630414366722107e-01,-1.001694947481155396e-01,-4.941934347152709961e-01,-7.669968158006668091e-02,-1.568418592214584351e-01,-5.986444950103759766e-01,9.537123441696166992e-01,-1.964469999074935913e-01,-3.688570857048034668e-01,-1.693040281534194946e-01,-4.784674644470214844e-01,3.179548382759094238e-01,7.526378333568572998e-02,6.255508065223693848e-01,9.806919842958450317e-02,3.329405188560485840e-01,-6.440328359603881836e-01,1.715939790010452271e-01,5.451542139053344727e-01,-8.093518018722534180e-02,-1.672348678112030029e-01,-1.989864110946655273e-01,-6.081960201263427734e-01,1.227617561817169189e-01,-6.014525890350341797e-01,4.491273164749145508e-01,4.401777982711791992e-01,-6.865792870521545410e-01,2.413908578455448151e-02,-6.821850780397653580e-03,2.991553843021392822e-01,6.936244368553161621e-01,2.195077389478683472e-01,-2.055123299360275269e-01,-5.453891754150390625e-01,-2.472751289606094360e-01,2.821311950683593750e-01,5.208293721079826355e-02,-1.342554837465286255e-01,1.301282048225402832e-01,3.588778078556060791e-01,-5.967410802841186523e-01,3.079101070761680603e-02,8.181270360946655273e-01,-7.309532761573791504e-01,-9.579194337129592896e-02,4.400831162929534912e-01,3.073372244834899902e-01,-5.446980595588684082e-01,-7.603764533996582031e-02,6.123298406600952148e-01,-3.408907949924468994e-01,-4.292635321617126465e-01,3.750435709953308105e-01,4.260060489177703857e-01,2.470193356275558472e-01,3.185711503028869629e-01,4.524671733379364014e-01,-8.219996467232704163e-03,4.644153118133544922e-01,-4.218315333127975464e-02,1.109279096126556396e-01,8.268177509307861328e-02,4.825541079044342041e-01,-1.701335459947586060e-01,-2.178053110837936401e-01,-5.714728832244873047e-01,-4.665166437625885010e-01,-1.534365564584732056e-01,-3.543950915336608887e-01,-5.407697558403015137e-01,-6.032558083534240723e-01,5.468002334237098694e-02,-2.143489420413970947e-01,3.051247596740722656e-01,-8.303449302911758423e-02,1.297604143619537354e-01,-5.488510131835937500e-01,7.043495029211044312e-02,-4.564708471298217773e-01,8.875052630901336670e-02,6.154466867446899414e-01,3.019845783710479736e-01,5.939596295356750488e-01,1.892330348491668701e-01,-1.663262546062469482e-01,5.793667212128639221e-02,5.128611326217651367e-01,1.574506312608718872e-01,4.238089621067047119e-01,-3.249453604221343994e-01,-9.317006170749664307e-02,-3.886439800262451172e-01,-1.097403839230537415e-01,-4.130572676658630371e-01,4.658054187893867493e-02,-2.276139147579669952e-02,-2.931485474109649658e-01,-1.434878855943679810e-01,1.345574128208681941e-04,5.923065543174743652e-01,-3.668924272060394287e-01,3.822276368737220764e-02,1.432431042194366455e-01,5.341856479644775391e-01,7.909683138132095337e-02,5.002094432711601257e-02,-3.375484943389892578e-01,-1.158805042505264282e-01,4.979442059993743896e-01,5.344309210777282715e-01,-4.425398409366607666e-01,4.243241623044013977e-02,-1.348446458578109741e-01,-3.435932099819183350e-01,-5.642050504684448242e-01,4.577733278274536133e-01,-8.532247543334960938e-01,1.481782048940658569e-01,-6.159008741378784180e-01,4.418158531188964844e-01,-5.918823480606079102e-01,6.243038177490234375e-02,7.325896024703979492e-01,-6.280940175056457520e-01,-7.884553819894790649e-02,-1.912711933255195618e-02
4.477119445800781250e-01,-1.521133780479431152e-01,-4.382101073861122131e-02,5.487921088933944702e-02,-7.084476202726364136e-02,1.791113168001174927e-01,-1.345955133438110352e-01,-1.964469999074935913e-01,7.056875824928283691e-01,-8.848604559898376465e-02,5.842739343643188477e-01,5.302489399909973145e-01,-3.747649788856506348e-01,7.712135910987854004e-01,-3.422172367572784424e-01,-2.218690067529678345e-01,-5.648801326751708984e-01,6.489426493644714355e-01,6.243895888328552246e-01,3.309740424156188965e-01,-2.792016565799713135e-01,-5.114547610282897949e-01,1.598062664270401001e-01,6.860660314559936523e-01,-5.367633700370788574e-01,-3.606096804141998291e-01,1.699382066726684570e-01,-5.363896489143371582e-01,-2.528175115585327148e-01,-2.351907789707183838e-01,-6.804966926574707031e-02,-5.871814489364624023e-01,-3.126564919948577881e-01,-6.025142073631286621e-01,1.490481346845626831e-01,-7.778909057378768921e-02,5.423882603645324707e-01,-3.168761730194091797e-01,-5.789926648139953613e-01,5.017113089561462402e-01,-1.742080450057983398e-01,-3.587130904197692871e-01,4.241352528333663940e-02,-1.649178415536880493e-01,-4.272233247756958008e-01,5.544838905334472656e-01,6.430326104164123535e-01,-4.889339208602905273e-01,-5.863649845123291016e-01,5.092815756797790527e-01,2.351278252899646759e-02,-4.885215163230895996e-01,4.057489633560180664e-01,-2.175256609916687012e-01,8.523553609848022461e-02,-4.890097677707672119e-02,-6.640773415565490723e-01,-2.840133607387542725e-01,-7.716993689537048340e-01,2.139381878077983856e-02,-5.335413813591003418e-01,4.814163744449615479e-01,-1.220765784382820129e-01,-6.030425429344177246e-01,-1.203679516911506653e-01,4.580871760845184326e-01,-1.114108860492706299e-01,4.038572013378143311e-01,3.944752514362335205e-01,-9.047758579254150391e-02,6.552989482879638672e-01,-1.273425817489624023e-01,5.066073536872863770e-01,4.308516979217529297e-01,-4.336738213896751404e-02,1.584656983613967896e-01,1.706755906343460083e-01,-3.807482123374938965e-01,3.806723356246948242e-01,-6.424396634101867676e-01,-3.969046473503112793e-01,-9.210730344057083130e-02,-6.423959881067276001e-02,-4.788329899311065674e-01,-5.487564206123352051e-01,1.159508749842643738e-01,-4.272388815879821777e-01,-4.804399013519287109e-01,-6.527473330497741699e-01,2.538693547248840332e-01,9.386437386274337769e-02,5.410932302474975586e-01,1.794639416038990021e-02,1.204209327697753906e-01,5.825269222259521484e-01,-3.970180451869964600e-01,-1.182785183191299438e-01,2.683147415518760681e-02,-4.545559287071228027e-01,5.819863677024841309e-01,4.711931943893432617e-01,-2.841696441173553467e-01,8.086888492107391357e-02,-7.028616219758987427e-02,-7.463859915733337402e-01,-4.074333906173706055e-01,4.450432062149047852e-01,5.330263376235961914e-01,6.915076375007629395e-01,5.228143930435180664e-01,-4.182856529951095581e-02,-2.698405683040618896e-01,1.361451745033264160e-01,-4.463264644145965576e-01,-6.020964980125427246e-01,-1.032839044928550720e-01,7.235811352729797363e-01,-7.137672901153564453e-01,4.457836449146270752e-01,-5.035438537597656250e-01,5.006608963012695312e-01,3.306981325149536133e-01,4.796031415462493896e-01,7.482302933931350708e-02,-2.251453697681427002e-02,3.881275653839111328e-01,4.468522965908050537e-01,1.027595028281211853e-01
-3.229672014713287354e-01,1.338170468807220459e-02,2.675068192183971405e-02,2.642357647418975830e-01,2.526092156767845154e-02,-4.882778972387313843e-02,3.177434206008911133e-01,-3.688570857048034668e-01,-8.848604559898376465e-02,1.911075562238693237e-01,-2.083932906389236450e-01,1.262243092060089111e-02,1.220548525452613831e-01,-2.882972955703735352e-01,-1.332300454378128052e-01,9.046001732349395752e-02,4.289677739143371582e-02,1.193477734923362732e-01,-3.028149306774139404e-01,-3.454507291316986084e-01,-5.437306314706802368e-02,2.843778729438781738e-01,1.554703712463378906e-01,4.662051331251859665e-03,1.997352838516235352e-01,4.076409339904785156e-01,-3.090566992759704590e-01,-8.583313971757888794e-02,3.016263246536254883e-01,6.225850060582160950e-02,-7.081254571676254272e-02,2.603315375745296478e-02,-1.248905360698699951e-01,2.259136177599430084e-02,7.240160554647445679e-02,1.557100117206573486e-01,-7.232075929641723633e-02,-9.681971743702888489e-03,2.571357488632202148e-01,-2.213409245014190674e-01,-7.740458101034164429e-02,2.204137295484542847e-02,3.703568279743194580e-01,4.992932081222534180e-02,-2.889833748340606689e-01,1.558682322502136230e-01,-2.151965498924255371e-01,1.598585210740566254e-02,8.290272951126098633e-02,1.504386812448501587e-01,5.261366069316864014e-02,-1.652645319700241089e-02,4.908892884850502014e-02,3.395644128322601318e-01,-1.048289611935615540e-01,-2.280667126178741455e-01,1.547603607177734375e-01,-2.697364985942840576e-02,8.466216176748275757e-02,-1.589125487953424454e-03,-9.844693541526794434e-02,-6.536882370710372925e-02,1.336588524281978607e-02,1.260296404361724854e-01,-3.134421408176422119e-01,-1.006304100155830383e-01,2.134383767843246460e-01,1.692208051681518555e-01,1.279570013284683228e-01,1.203799899667501450e-02,-1.345496475696563721e-01,3.188844621181488037e-01,9.077066928148269653e-02,-2.682521343231201172e-01,6.398519873619079590e-02,-3.101876080036163330e-01,-2.707757614552974701e-02,-7.467626035213470459e-02,-1.593874208629131317e-02,1.285891383886337280e-01,3.922436535358428955e-01,-4.179249983280897141e-03,-2.800284028053283691e-01,9.653126448392868042e-02,-9.693717956542968750e-02,-4.176208749413490295e-03,1.527065336704254150e-01,1.750795990228652954e-01,-2.565710339695215225e-03,-1.541496962308883667e-01,-1.485867947340011597e-01,-1.135683879256248474e-01,-1.053249016404151917e-01,2.718859910964965820e-01,-1.232065409421920776e-01,2.914216220378875732e-01,5.982528999447822571e-02,-1.173426397144794464e-03,3.954917490482330322e-01,-4.954279959201812744e-02,-1.104739382863044739e-01,-2.819333374500274658e-01,3.364281728863716125e-02,-3.493324667215347290e-02,2.615458667278289795e-01,-1.747992932796478271e-01,-3.179878294467926025e-01,-1.780008226633071899e-01,-3.887325897812843323e-02,-1.623728573322296143e-01,-8.584038168191909790e-02,-1.432236582040786743e-01,1.325161159038543701e-01,1.497340500354766846e-01,2.942866981029510498e-01,8.644469827413558960e-02,2.058406919240951538e-02,1.554928813129663467e-02,2.966161370277404785e-01,1.520661711692810059e-01,1.225180178880691528e-02,-4.252010881900787354e-01,1.317505538463592529e-01,-1.466048508882522583e-01,-3.751356303691864014e-01,1.382309347391128540e-01,-1.205936372280120850e-01,1.104204580187797546e-01
2.693298757076263428e-01,-2.063387036323547363e-01,2.021972239017486572e-01,-3.282596170902252197e-01,-1.412387788295745850e-01,1.593689918518066406e-01,-2.456295937299728394e-01,-1.693040281534194946e-01,5.842739343643188477e-01,-2.083932906389236450e-01,9.030725359916687012e-01,5.093232393264770508e-01,-8.390843272209167480e-01,6.920997500419616699e-01,-4.297518134117126465e-01,-5.579574108123779297e-01,-5.506192445755004883e-01,4.276880621910095215e-01,6.975238919258117676e-01,5.021110773086547852e-01,3.328122496604919434e-01,-7.090031504631042480e-01,-3.129309713840484619e-01,7.523451447486877441e-01,-7.878863215446472168e-01,-3.299779295921325684e-01,5.216171741485595703e-01,-1.980854868888854980e-01,-9.185087680816650391e-02,-1.953338272869586945e-02,3.961766660213470459e-01,-4.699780344963073730e-01,-4.277452230453491211e-01,-3.628267347812652588e-01,-3.372256085276603699e-02,5.610487237572669983e-02,5.998731851577758789e-01,-3.207792639732360840e-01,-8.725989460945129395e-01,8.844450712203979492e-01,1.611868590116500854e-01,-5.597342848777770996e-01,-3.508679866790771484e-01,-2.410326451063156128e-01,-2.225165069103240967e-01,4.374684691429138184e-01,8.057729005813598633e-01,-5.066266059875488281e-01,-6.200699210166931152e-01,1.358071565628051758e-01,-2.628803551197052002e-01,-7.260397672653198242e-01,2.039635926485061646e-01,-5.531282424926757812e-01,2.176990173757076263e-02,3.352396488189697266e-01,-7.964691519737243652e-01,-2.808543145656585693e-01,-7.780476212501525879e-01,-1.970717683434486389e-02,-2.963443696498870850e-01,2.896920442581176758e-01,-1.926196664571762085e-01,-4.189366400241851807e-01,3.468563854694366455e-01,5.576366186141967773e-01,-5.689030289649963379e-01,6.547620147466659546e-02,1.256838738918304443e-01,-1.104451529681682587e-02,8.967790603637695312e-01,-8.330585807561874390e-02,4.105805754661560059e-01,8.383492231369018555e-01,-2.578584477305412292e-02,6.211618781089782715e-01,2.063058018684387207e-01,7.216139882802963257e-02,7.668607234954833984e-01,-4.147504866123199463e-01,-5.472137928009033203e-01,-8.639995753765106201e-02,1.710813641548156738e-01,-7.184180617332458496e-01,-4.096779525279998779e-01,-2.893859744071960449e-01,-3.970747292041778564e-01,-7.382766008377075195e-01,-6.407790184020996094e-01,4.818322062492370605e-01,1.172313392162322998e-01,8.448758721351623535e-01,3.896594941616058350e-01,-4.049931168556213379e-01,4.287453293800354004e-01,-2.855928838253021240e-01,-3.938837647438049316e-01,3.116829507052898407e-02,-7.873739004135131836e-01,2.504378259181976318e-01,3.904148638248443604e-01,1.318372786045074463e-01,2.662073671817779541e-01,1.420634835958480835e-01,-9.329013228416442871e-01,-2.365135848522186279e-01,8.497328758239746094e-01,6.043455600738525391e-01,5.249875783920288086e-01,7.344855070114135742e-01,-4.032339751720428467e-01,-2.238523662090301514e-01,6.030135773471556604e-05,-4.213431179523468018e-01,-7.833907008171081543e-01,1.860295087099075317e-01,6.281970739364624023e-01,-6.185133457183837891e-01,3.210430443286895752e-01,-6.892114877700805664e-01,7.825143337249755859e-01,6.846895217895507812e-01,2.484126687049865723e-01,4.873629808425903320e-01,1.076550558209419250e-01,2.519569694995880127e-01,5.874418616294860840e-01,-4.302693009376525879e-01
2.643218636512756348e-01,-1.540545374155044556e-01,-9.173449873924255371e-02,2.451541870832443237e-01,-2.847160398960113525e-02,3.740907311439514160e-01,1.160932108759880066e-01,-4.784674644470214844e-01,5.302489399909973145e-01,1.262243092060089111e-02,5.093232393264770508e-01,5.370612740516662598e-01,-4.140847325325012207e-01,6.102395653724670410e-01,-4.450306296348571777e-01,-1.901207715272903442e-01,-5.185812711715698242e-01,7.738368511199951172e-01,4.318589866161346436e-01,4.285882413387298584e-02,-1.997672468423843384e-01,-3.021257817745208740e-01,2.570879161357879639e-01,7.936342954635620117e-01,-4.620813131332397461e-01,-1.276890486478805542e-01,-5.405008420348167419e-02,-6.188741326332092285e-01,1.239587441086769104e-01,-3.312318325042724609e-01,-6.509228050708770752e-02,-5.209715366363525391e-01,-5.092065334320068359e-01,-4.758484065532684326e-01,1.470469683408737183e-01,1.129490435123443604e-01,4.704237878322601318e-01,-3.037782311439514160e-01,-4.887123703956604004e-01,3.950536251068115234e-01,-2.464082092046737671e-01,-3.557543158531188965e-01,3.157191276550292969e-01,-1.178035140037536621e-01,-6.212455034255981445e-01,7.300134301185607910e-01,5.504503846168518066e-01,-5.409223437309265137e-01,-5.891187191009521484e-01,5.916233062744140625e-01,2.097246795892715454e-01,-6.010906100273132324e-01,4.133003652095794678e-01,-9.229733049869537354e-02,-8.642119914293289185e-02,-2.449740469455718994e-01,-6.141461133956909180e-01,-2.963510453701019287e-01,-8.217530846595764160e-01,3.329065814614295959e-02,-5.879905223846435547e-01,3.671452701091766357e-01,-1.151133179664611816e-01,-5.428969264030456543e-01,-2.941004335880279541e-01,4.105880558490753174e-01,5.207487381994724274e-03,5.641927123069763184e-01,4.862837791442871094e-01,-2.007929794490337372e-02,6.335971355438232422e-01,-4.912930354475975037e-02,6.516770720481872559e-01,2.779901325702667236e-01,5.010336637496948242e-02,-2.283921837806701660e-02,1.513199359178543091e-01,-3.268910944461822510e-01,5.096222162246704102e-01,-5.827196240425109863e-01,-1.617563366889953613e-01,-9.268996864557266235e-02,-3.199380040168762207e-01,-4.523633420467376709e-01,-6.705772280693054199e-01,1.175348758697509766e-01,-2.576298117637634277e-01,-3.710258603096008301e-01,-7.455087900161743164e-01,1.421264410018920898e-01,-9.076371788978576660e-02,5.167677402496337891e-01,1.112953871488571167e-01,2.624087333679199219e-01,5.457117557525634766e-01,-2.479377239942550659e-01,-5.681375414133071899e-02,2.571930550038814545e-02,-2.803277373313903809e-01,5.700291395187377930e-01,3.274551331996917725e-01,-4.814860224723815918e-01,2.058633565902709961e-01,-8.422441780567169189e-02,-6.490784883499145508e-01,-3.459687829017639160e-01,3.144880831241607666e-01,3.500731587409973145e-01,7.291778326034545898e-01,4.400354623794555664e-01,-2.075951695442199707e-01,-4.322233796119689941e-01,2.642595469951629639e-01,-3.540937006473541260e-01,-3.901156187057495117e-01,5.212147906422615051e-02,8.460084795951843262e-01,-7.222393155097961426e-01,6.863474845886230469e-01,-4.467925429344177246e-01,6.539030075073242188e-01,6.617749482393264771e-02,5.860259532928466797e-01,7.779489457607269287e-02,-3.023790717124938965e-01,4.863500297069549561e-01,3.589761555194854736e-01,1.528646647930145264e-01
